,R513A_UNIT,R513A_UNIT,R513A_UNIT,R513A_UNIT,R513A_UNIT,R513A_UNIT,R513A_UNIT,R513A_UNIT,R513A_UNIT,R513A_UNIT,R513A_UNIT,R513A_UNIT,R513A_UNIT,R513A_UNIT,R513A_UNIT,R513A_UNIT,R513A_UNIT,R513A_UNIT,R513A_UNIT,R513A_UNIT,R513A_UNIT,R513A_UNIT,R513A_UNIT,R513A_UNIT,R513A_UNIT,R513A_UNIT,R513A_UNIT,R513A_UNIT,R513A_UNIT,R513A_UNIT,R513A_UNIT,R513A_UNIT,R513A_UNIT,R513A_UNIT,R513A_UNIT,R513A_UNIT,R513A_UNIT,R513A_UNIT,R513A_UNIT,R513A_UNIT,R513A_UNIT,R513A_UNIT,R513A_UNIT,R513A_UNIT,R513A_UNIT,R513A_UNIT,R513A_UNIT,R513A_UNIT,R513A_UNIT,R513A_UNIT,R513A_UNIT,R513A_UNIT,R513A_UNIT,R513A_UNIT,R513A_UNIT,R513A_UNIT,R513A_UNIT,R513A_UNIT,R513A_UNIT,R513A_UNIT,R513A_UNIT,R513A_UNIT,R513A_UNIT,R513A_UNIT,R513A_UNIT,R513A_UNIT,R513A_UNIT,R513A_UNIT,R513A_UNIT,R513A_UNIT,R513A_UNIT,R513A_UNIT,R513A_UNIT,R513A_UNIT,R513A_UNIT,R513A_UNIT,R513A_UNIT,R513A_UNIT,R513A_UNIT,R513A_UNIT,R513A_UNIT,R513A_UNIT,R513A_UNIT,R513A_UNIT,R513A_UNIT,R513A_UNIT,R513A_UNIT,R513A_UNIT,R513A_UNIT,R513A_UNIT,R513A_UNIT,R513A_UNIT,R513A_UNIT,R513A_UNIT,R513A_UNIT,R513A_UNIT,R513A_UNIT,R513A_UNIT,R513A_UNIT,R513A_UNIT,R513A_UNIT,R513A_UNIT,R513A_UNIT,R513A_UNIT,R513A_UNIT,R513A_UNIT,R513A_UNIT,R513A_UNIT,R513A_UNIT,R513A_UNIT,R513A_UNIT,R513A_UNIT,R513A_UNIT,R513A_UNIT,R513A_UNIT,R513A_UNIT,R513A_UNIT,R513A_UNIT,R513A_UNIT,R513A_UNIT,R513A_UNIT,R513A_UNIT,R513A_UNIT,R513A_UNIT,R513A_UNIT,LOGGER,LOGGER,LOGGER,LOGGER,LOGGER,LOGGER,LOGGER,LOGGER,LOGGER,LOGGER,LOGGER,LOGGER,LOGGER,LOGGER,LOGGER,LOGGER,LOGGER,LOGGER,LOGGER,LOGGER,LOGGER,LOGGER,LOGGER,LOGGER,LOGGER,LOGGER,LOGGER,LOGGER,LOGGER,LOGGER,LOGGER,LOGGER,LOGGER,LOGGER,LOGGER,LOGGER,LOGGER,LOGGER,LOGGER,LOGGER,LOGGER,LOGGER,LOGGER,LOGGER,LOGGER,LOGGER,LOGGER,LOGGER,LOGGER,LOGGER,LOGGER,LOGGER,LOGGER,LOGGER,LOGGER,LOGGER,LOGGER,LOGGER,LOGGER,LOGGER,LOGGER,LOGGER,LOGGER,LOGGER,LOGGER,LOGGER,LOGGER,LOGGER,LOGGER,LOGGER,LOGGER,LOGGER,LOGGER,LOGGER,LOGGER,LOGGER,LOGGER,LOGGER,LOGGER,LOGGER,LOGGER,LOGGER,LOGGER,LOGGER,LOGGER,LOGGER,LOGGER,LOGGER,LOGGER,LOGGER,LOGGER,LOGGER,LOGGER,LOGGER,LOGGER,LOGGER,LOGGER,LOGGER,LOGGER,LOGGER,LOGGER,LOGGER,LOGGER,LOGGER,LOGGER,LOGGER,LOGGER,LOGGER,LOGGER,LOGGER,LOGGER,LOGGER,LOGGER,LOGGER,LOGGER,LOGGER,LOGGER,LOGGER,LOGGER,LOGGER,LOGGER,LOGGER,LOGGER,LOGGER,LOGGER,LOGGER,LOGGER,LOGGER,LOGGER,LOGGER,LOGGER,LOGGER,LOGGER,LOGGER,LOGGER,LOGGER,LOGGER,LOGGER,LOGGER,LOGGER,LOGGER,LOGGER,LOGGER,LOGGER,LOGGER,LOGGER,TEST_STATION,TEST_STATION,TEST_STATION,TEST_STATION,TEST_STATION,TEST_STATION,TEST_STATION,TEST_STATION,TEST_STATION,TEST_STATION,TEST_STATION,TEST_STATION,TEST_STATION,TEST_STATION,TEST_STATION,TEST_STATION,TEST_STATION,TEST_STATION,TEST_STATION,TEST_STATION,TEST_STATION,TEST_STATION,TEST_STATION,TEST_STATION,TEST_STATION,TEST_STATION,TEST_STATION,TEST_STATION,TEST_STATION,TEST_STATION,TEST_STATION,TEST_STATION,TEST_STATION,TEST_STATION,TEST_STATION,TEST_STATION,TEST_STATION,TEST_STATION,TEST_STATION,TEST_STATION,TEST_STATION,TEST_STATION,TEST_STATION,TEST_STATION,TEST_STATION,TEST_STATION,TEST_STATION,TEST_STATION,TEST_STATION,TEST_STATION,TEST_STATION,TEST_STATION,TEST_STATION,TEST_STATION,TEST_STATION,TEST_STATION,TEST_STATION,TEST_STATION,TEST_STATION,TEST_STATION,TEST_STATION,TEST_STATION,TEST_STATION,TEST_STATION,TEST_STATION,TEST_STATION,TEST_STATION,CHAMBER,CHAMBER,CHAMBER,CHAMBER,CHAMBER,CHAMBER,CHAMBER,CHAMBER,CHAMBER,CHAMBER,CHAMBER,CHAMBER,CHAMBER,CHAMBER,CHAMBER,CHAMBER,CHAMBER,CHAMBER,CHAMBER,CHAMBER,CHAMBER,CHAMBER,CHAMBER,CHAMBER,CHAMBER,CHAMBER,CHAMBER,CHAMBER,CHAMBER,CHAMBER,CHAMBER,CHAMBER,CHAMBER,CHAMBER,CHAMBER,CHAMBER,CHAMBER,CHAMBER,CHAMBER,CHAMBER,CHAMBER
TIME,Cycle_Status,Unit_SN,Heat_Call,Defrost,Alarm_Register_1,Alarm_Register_2,Alarm_Register_3,AMB_Fahr_W,Cond_LWT_Fahr_W,Cond_EWT_Fahr_W,Cond_Flow_F,Evap1_Fahr_W,Evap2_Fahr_W,Cold_Sensor_Fahr_W,Warm_Sensor_Fahr_W,SLT_Fahr_W,SH_F,DLP_W,SLP_W,Flow_Percent_Set_W,VFP_Head_ft_F,Circ_Pump_Output,Evap_Flow_Output,LLSV_Output,Comp_Output,HGBV_Output,AOTS,Remote_Enable,Comp_Feedback,MMP_Aux,Voltage_Monitor,O.P.S.S.,F.C._Aux,Evap_Flow,Pan_Sensor,Damper_Switch,TT_High,TT_ODR,Cond_Heat_Output,Defrost_Heat_Output,Pan_Heat_Output,PD_ctl,SP_HC_Cut_In,EWT_Block,MP_HC_Cut_In,MP_HC_Cut_Out,BMS_Heat_Call,MCP6_HC_Rgstr,Master_Comm_Status,Member_Unit_Status,MCPLA_HeatCall,mqtt_member_status,Cond_Flow_Verif,Flow_Valve_Verif,PID_Start,Pump_OFF_Delay,HGBV_Max,Post_HGBV_Fan,Defrost_Enable,VFP_Setpoint_W,Hardware_IO_Map_W,K2_EEV_POS,Tank_Storage_Temp,Demand_Diff,Cold_Sensor_Cut_In_F,Hot_Sensor_Cut_In_F,Cond_LWT_Input_F,Startup_GPM_F,CFlow_Low_Limit_F,Start_Valve_Pos_F,Min_Valve_Pos_F,Defrost_Cut_In_F,Defrost_Cut_Out_F,HGBV_PSIG_Cut_In_F,HGBV_PSIG_Cut_Out_F,Freeze_Po_1_Cut_In,Freeze_Po_1_Cut_Out,Freeze_Pro_2_Cut_In,Freeze_Pro_2_Cut_Out,WS_FrzPro2_Cut_In,WS_FrzPro2_Cut_Out,Purge_Cut_Out_Fahr_F,Kp_Input,Ki_Input,Kd_Input,PID_Start_Diff_F,Pump_Delay_Time,Max_Pump_Duration,CFlow_VerifFail_Time,Manual_EvapFlow_TIME,EFlow_VerifFail_Time,Defr_Cut_In_Delay_W,Def_Enable_Time_W,Def_Max_Dur_Time_W,Post_Def_Fan_Time_W,HGBV_Duration_W,PostHGBVFan_Time_W,Max_Purge_Time,SinglePass_Config,Glycol_Source_Config,CWP_Config,K2_Config,Standby_Valve_Pos,HGBV_Defrost_Enable,HGBV_Disable,Unit_Model,Pump_Down_PSIG_F,Amb_Range_LOW,InitSV_Max_F,SrcTemp_SwitchTemp_F,EWT_Cut_Out_F,Demand_Mode,Unit_number,StaticIP_Status,ODR_LWT_Min_F,ODR_LWT_Max_F,ODR_Amb_Min_F,ODR_Amb_Max_F,HPB_WWSD_F,Password_Lock,Dev_psswrd_Lock,Service_Lock,Manual_Ctl_Status_W,Ducted_Config,Fans_Adj_Input_F,EWT_float,LWT_float,dT_float,GPM_float,Capacity,KW_float,KWX3412_float,COP,VFD_Hz_W,CompVFD_ErrorCode,CompVFD_Status,GPMXdT,VFD_Hz_Setpoint_W,FlowValve_FB%,FlowValve_SetPont,GPM_ps_1X10_float,GPM_ps_2X100_float,GPM_ps_1_float,GPM_ps_2_float,Amb_unit,VFP_ctl_Word_1_W,VFP_Ctl_Mode_W,VFP_Operation_Mode_W,VFP_Ctl_Setpoint_W,Fans_Spd_Disp_F,VFP_Status_Word_1_W,VFP_ProcFB_Status_W,VFP_CtlMode_Status_W,VFP_OpMode_Status_W,VFP_Alarm_Code_W,VFP_Warning_Code_W,VFP_Head_W,VFP_Flow_W,VFP_Performance_W,VFP_Speed_W,VFP_Freq_W,VFP_Dig_Inputs_W,VFP_Dig_Outputs_W,VFP_Pwr_Lo_W,VFP_RemoteFlow_W,VFP_InletPress_W,VFP_RemotePress1_W,VFP_FeedTankLvl_W,VFP_PwrEleTemp_W,VFP_MotorTemp_W,VFP_RemoteTemp1_W,VFP_EleTemp_W,VFP_LiquidTemp_W,CMRC_Alarm_1,CMRC_Alarm_2,CMRC_Alarm_3,CMRC_Alarm_4,CMRC_Alarm_5,CMRC_Alarm_6,CMRC_Alarm_7,CMRC_Alarm_8,CMRC_Alarm_9,CMRC_Alarm_10,K2_SuperHeat,K2_SLP,K2_SatT,K2_SLT,K2_NA1,K2_EEV_POS,K2_DLT,K2_Relay,K2_Alarm,K2_System,K2_Firm,VFP_head_F_feet,GPM_vfp,VFP_SetPoint_F,EWT_Raw,LWT_Raw,LLT_Raw,DLT_Raw,GPM_prosense_1X10,GPM_prosense_2X100,Temp_prosense_1,Temp_prosense_2,LLP,Water_Pressure_Out,LLT_Raw_C270,DLT_Raw_C270,SourceWater_EWT_C270,SourceWater_LWT_C270,Tekmar_Loop_LWT_C270,Compressor_head_Temp,LWT_SM_3_Raw,Compressor_head_X10,Compressor_head_F,EWT_Float,LWT_Float,LLT_Float,DLT_Float,LLP_SM_I_Float,LWT_SM_I_Float,LWT_SM_2_Float,LWT_SM_3_Float,AIR_TEMP_F_FL_ub,RH_FL,RH_FL_UB,EWT_Thermowell_ANSI,LWT_Thermowell_ANSI,LLT,DLT,EWT_SM_Internal,LWT_SM_Internal,LWT_SM_2,LWT_SM_3,DLP_Word,Ambient_air_temp,RH,DefrostCutOut,DefrostDelayTimer,DefrostMaxDurTimer,DefrostEnableTimer,DefrostEnableTC,LWTSet,Voltage_monitor,AlarmReg_1,AlarmReg_2,AlarmReg_3,PhAVolt_C90,PhAAmps_C90,PhBVolt_C90,PhBAmp_C90,PhCVolt_C90,PhCAmp_C90,TruPwr3Ph_C90,ReacPwr3Ph_C90,AprntPwr3Ph_C90,NetEnergy_C90,UnsignedEnergy_C90,PositiveEng_C90,NegativeEng_C90,NetReactiveEng_C90,NetApparentEng_C90,PowFac3ph_C90,PSIG_Table_START,SSLT_Table_START,Fist_Match_LLP_W,x2_LLP_First_Match_D,SLLT_Lookup_I,SLLT_F,SubCooling_F,CondFlowLoss_Fault,HotTankT_lo,HotTankT_hi,Cooler_EWT_lo,Cooler_EWT_hi,Cooler_LWT_lo,Cooler_LWT_hi,CoolFlowRt_lo,CoolFlowRt_hi,HW_Pump_set,HTank_cutIn,HTank_cutOut,ChillerFanPercent,ColdTankT_lo,ColdTankT_hi,EvapHeadrRetT_lo,EvapHeadrRetT_hi,EvapHeadrSupT_lo,EvapHeadrSupT_hi,Evap_Pump_set,CTank_cutIn,CTank_cutOut,HeatingEnable,Cond_hd_Sply,condReturnT_hi,EvapHeadrFlowIn_l,EvapHeadrFlowIn_h,CoolerFanFreq,condPumpFreq,evapPumpFreq_l,evapPumpFreq_h,AMTemp_low,AMTemp_high,Cooling_Cap,AMB_RH,HTank_cutIn_F,SupplyHeaderInletR,SupplyHeaderInletS,ReturnHeaderOutletR,ReturnHeaderOutletS,BoilerControlVR,BoilerControlVS,HotTankR,HotTankS,FluidCoolerInletR,FluidCoolerInletS,FluidCoolerOutletR,FluidCoolerOutletS,EvapInletR,EvapInletS,EvapOutletR,EvapOutletS,ColdTankR,ColdTankS,AuxTempRaw,HeatedTank_Float,SourceTank_Float,AuxTmpFlot,AuxTmpScld,TempC1,TempC1_ub,TempF,RH1,ABS_H1,DPC1,DPF1,MR1,Amb_temp_set_epic_F,RH_set_epic_F,Hum_manual_override,TempF1,RH1,ABS_H1,DPF1,TempF2,RH2,ABS_H2,DPF2,TempF3,RH3,DPC3,DPF3,TempF4,RH4,ABS_H4,DPF4,FloorTC,K2_SUP1_In,K2_SLP1_In,K2_ET1_In,K2_SAT1_In,K2_RT1_In,K2_ValvePos1_In,K2_AUX1a_In,K2_RLY1,K2_Alarm1,K2_System1,K2_Firmware1,K2_AUX1b_In,K2_SLP2_In,K2_ET2_In,TempC1,TempF,RH1,ABS_H1,DPC1,DPF1,MR1
2026-09-04T20:00:00,ERR,ERR,ERR,ERR,ERR,ERR,ERR,ERR,ERR,ERR,ERR,ERR,ERR,ERR,ERR,ERR,ERR,ERR,ERR,ERR,ERR,ERR,ERR,ERR,ERR,ERR,ERR,ERR,ERR,ERR,ERR,ERR,ERR,ERR,ERR,ERR,ERR,ERR,ERR,ERR,ERR,ERR,ERR,ERR,ERR,ERR,ERR,ERR,ERR,ERR,ERR,ERR,ERR,ERR,ERR,ERR,ERR,ERR,ERR,ERR,ERR,ERR,ERR,ERR,ERR,ERR,ERR,ERR,ERR,ERR,ERR,ERR,ERR,ERR,ERR,ERR,ERR,ERR,ERR,ERR,ERR,ERR,ERR,ERR,ERR,ERR,ERR,ERR,ERR,ERR,ERR,ERR,ERR,ERR,ERR,ERR,ERR,ERR,ERR,ERR,ERR,ERR,ERR,ERR,ERR,ERR,ERR,ERR,ERR,ERR,ERR,ERR,ERR,ERR,ERR,ERR,ERR,ERR,ERR,ERR,ERR,ERR,ERR,ERR,ERR,2.718430741444032e+23,-0.0,-134479040.0,0.0,0.0,1.3936040501711995e+18,7.805,0.0,0,0,4,0,7116,0.0,100,0.0,0.0,0.0,0.0,0.0,0,0,0,0,0.0,0,0,0,0,0,0,0,0,0,0,0,0,0,0,0,0,0,0,0,0,0,0,0,0,0,0,0,0,0,0,0,0,0,31,40,40,71,65476,0,300,0,0,8,21553,0.0,-107605600.0,0.0,0.0,0.0,0.0,0.0,0.0,0.0,0.0,0.0,0.0,0.0,0.0,0.0,0.0,0.0,0.0,0.0,0.0,0.0,0.0,0.0,0.0,-2.004,0.0,0.0,0.0,0.0,0.0,6125.0,8608218112.0,6922.0,2.718430741444032e+23,-0.0,-0.0,2.718430741444032e+23,0.0,0.0,0.0,0.0,69,-0.0,-152018018631680.0,0.0,0.0,0.0,0.0,0.0,0.0,0.0,0,0,0,0.0,0.0,0.0,0.0,0.0,0.0,0.0,0.0,0.0,0.0,0.0,0.0,0.0,0.0,0.0,0.0,0,-107875648.0,69,0.0,138,0.0,-109447200.0,0,13107,17040,39322,17049,26215,17043,0,0,0,70,68,100,2.7302359370752657e+23,71.2,2.7302370179391762e+23,74.3,-0.0,74.0,1,49,50,180,26215,0,0,0,0.0,0.0,0.0,0.0,-0.0,67.0,0.0,162057.094,0.0,751,0,740,0,0,0,721,0,768,0,736,0,743,0,742,0,712,0,7520,0.032,108447924224.0,0.0,0.0,784,16797,-0.0,162057.094,-114818.039,-0.0,0.133,6.909358625270745e+28,30.0,65.0,35,0.0,0.0,0.0,0.0,0.0,0.0,0.0,0.0,0.0,0.0,0.0,0.0,0.0,0.0,0.0,0.0,69.2,0,150,71,55,65476,0,300,0,1,8,20529,65476,0,0,40632,65.0,0.0,0.0,0.0,0.0,0.0
2026-09-04T20:00:01,ERR,ERR,ERR,ERR,ERR,ERR,ERR,ERR,ERR,ERR,ERR,ERR,ERR,ERR,ERR,ERR,ERR,ERR,ERR,ERR,ERR,ERR,ERR,ERR,ERR,ERR,ERR,ERR,ERR,ERR,ERR,ERR,ERR,ERR,ERR,ERR,ERR,ERR,ERR,ERR,ERR,ERR,ERR,ERR,ERR,ERR,ERR,ERR,ERR,ERR,ERR,ERR,ERR,ERR,ERR,ERR,ERR,ERR,ERR,ERR,ERR,ERR,ERR,ERR,ERR,ERR,ERR,ERR,ERR,ERR,ERR,ERR,ERR,ERR,ERR,ERR,ERR,ERR,ERR,ERR,ERR,ERR,ERR,ERR,ERR,ERR,ERR,ERR,ERR,ERR,ERR,ERR,ERR,ERR,ERR,ERR,ERR,ERR,ERR,ERR,ERR,ERR,ERR,ERR,ERR,ERR,ERR,ERR,ERR,ERR,ERR,ERR,ERR,ERR,ERR,ERR,ERR,ERR,ERR,ERR,ERR,ERR,ERR,ERR,ERR,2.718430741444032e+23,-0.0,-134479040.0,0.0,0.0,1.3936040501711995e+18,7.805,0.0,0,0,4,0,7116,0.0,100,0.0,0.0,0.0,0.0,0.0,0,0,0,0,0.0,0,0,0,0,0,0,0,0,0,0,0,0,0,0,0,0,0,0,0,0,0,0,0,0,0,0,0,0,0,0,0,0,0,31,40,40,71,65476,0,300,0,0,8,21553,0.0,-107605600.0,0.0,0.0,0.0,0.0,0.0,0.0,0.0,0.0,0.0,0.0,0.0,0.0,0.0,0.0,0.0,0.0,0.0,0.0,0.0,0.0,0.0,0.0,-2.004,0.0,0.0,0.0,0.0,0.0,6125.0,8608218112.0,6922.0,2.718430741444032e+23,-0.0,-0.0,2.718430741444032e+23,0.0,0.0,0.0,0.0,69,-0.0,-152018018631680.0,0.0,0.0,0.0,0.0,0.0,0.0,0.0,0,0,0,0.0,0.0,0.0,0.0,0.0,0.0,0.0,0.0,0.0,0.0,0.0,0.0,0.0,0.0,0.0,0.0,0,-107875648.0,69,0.0,138,0.0,-109447200.0,0,13107,17040,39322,17049,26215,17043,0,0,0,70,68,100,2.7302359370752657e+23,71.2,2.7302370179391762e+23,74.3,-0.0,74.0,1,49,50,180,26215,0,0,0,0.0,0.0,0.0,0.0,-0.0,67.0,0.0,162057.094,0.0,751,0,740,0,0,0,721,0,768,0,736,0,743,0,742,0,712,0,7520,0.032,108447924224.0,0.0,0.0,784,16797,-0.0,162057.094,-114818.039,-0.0,0.133,6.909358625270745e+28,30.0,65.0,35,0.0,0.0,0.0,0.0,0.0,0.0,0.0,0.0,0.0,0.0,0.0,0.0,0.0,0.0,0.0,0.0,69.2,0,150,71,55,65476,0,300,0,1,8,20529,65476,0,0,40632,65.0,0.0,0.0,0.0,0.0,0.0
2026-09-04T20:00:02,ERR,ERR,ERR,ERR,ERR,ERR,ERR,ERR,ERR,ERR,ERR,ERR,ERR,ERR,ERR,ERR,ERR,ERR,ERR,ERR,ERR,ERR,ERR,ERR,ERR,ERR,ERR,ERR,ERR,ERR,ERR,ERR,ERR,ERR,ERR,ERR,ERR,ERR,ERR,ERR,ERR,ERR,ERR,ERR,ERR,ERR,ERR,ERR,ERR,ERR,ERR,ERR,ERR,ERR,ERR,ERR,ERR,ERR,ERR,ERR,ERR,ERR,ERR,ERR,ERR,ERR,ERR,ERR,ERR,ERR,ERR,ERR,ERR,ERR,ERR,ERR,ERR,ERR,ERR,ERR,ERR,ERR,ERR,ERR,ERR,ERR,ERR,ERR,ERR,ERR,ERR,ERR,ERR,ERR,ERR,ERR,ERR,ERR,ERR,ERR,ERR,ERR,ERR,ERR,ERR,ERR,ERR,ERR,ERR,ERR,ERR,ERR,ERR,ERR,ERR,ERR,ERR,ERR,ERR,ERR,ERR,ERR,ERR,ERR,ERR,2.718430741444032e+23,-0.0,-134479040.0,0.0,0.0,1.3936040501711995e+18,7.805,0.0,0,0,4,0,7116,0.0,100,0.0,0.0,0.0,0.0,0.0,0,0,0,0,0.0,0,0,0,0,0,0,0,0,0,0,0,0,0,0,0,0,0,0,0,0,0,0,0,0,0,0,0,0,0,0,0,0,0,31,40,40,71,65476,0,300,0,0,8,21553,0.0,-107605600.0,0.0,0.0,0.0,0.0,0.0,0.0,0.0,0.0,0.0,0.0,0.0,0.0,0.0,0.0,0.0,0.0,0.0,0.0,0.0,0.0,0.0,0.0,-2.004,0.0,0.0,0.0,0.0,0.0,6125.0,8608218112.0,6922.0,2.718430741444032e+23,-0.0,-0.0,2.718430741444032e+23,0.0,0.0,0.0,0.0,69,-0.0,-152018018631680.0,0.0,0.0,0.0,0.0,0.0,0.0,0.0,0,0,0,0.0,0.0,0.0,0.0,0.0,0.0,0.0,0.0,0.0,0.0,0.0,0.0,0.0,0.0,0.0,0.0,0,-107875648.0,69,0.0,138,0.0,-109447200.0,0,13107,17040,39322,17049,26215,17043,0,0,0,70,68,100,2.7302359370752657e+23,71.2,2.7302370179391762e+23,74.3,-0.0,74.0,1,49,50,180,26215,0,0,0,0.0,0.0,0.0,0.0,-0.0,67.0,0.0,162057.094,0.0,751,0,740,0,0,0,721,0,768,0,736,0,743,0,742,0,712,0,7520,0.032,108447924224.0,0.0,0.0,784,16797,-0.0,162057.094,-114818.039,-0.0,0.133,6.909358625270745e+28,30.0,65.0,35,0.0,0.0,0.0,0.0,0.0,0.0,0.0,0.0,0.0,0.0,0.0,0.0,0.0,0.0,0.0,0.0,69.2,0,150,71,55,65476,0,300,0,1,8,20529,65476,0,0,40632,65.0,0.0,0.0,0.0,0.0,0.0
2026-09-04T20:00:03,ERR,ERR,ERR,ERR,ERR,ERR,ERR,ERR,ERR,ERR,ERR,ERR,ERR,ERR,ERR,ERR,ERR,ERR,ERR,ERR,ERR,ERR,ERR,ERR,ERR,ERR,ERR,ERR,ERR,ERR,ERR,ERR,ERR,ERR,ERR,ERR,ERR,ERR,ERR,ERR,ERR,ERR,ERR,ERR,ERR,ERR,ERR,ERR,ERR,ERR,ERR,ERR,ERR,ERR,ERR,ERR,ERR,ERR,ERR,ERR,ERR,ERR,ERR,ERR,ERR,ERR,ERR,ERR,ERR,ERR,ERR,ERR,ERR,ERR,ERR,ERR,ERR,ERR,ERR,ERR,ERR,ERR,ERR,ERR,ERR,ERR,ERR,ERR,ERR,ERR,ERR,ERR,ERR,ERR,ERR,ERR,ERR,ERR,ERR,ERR,ERR,ERR,ERR,ERR,ERR,ERR,ERR,ERR,ERR,ERR,ERR,ERR,ERR,ERR,ERR,ERR,ERR,ERR,ERR,ERR,ERR,ERR,ERR,ERR,ERR,2.718430741444032e+23,-0.0,-134479040.0,0.0,0.0,1.3936040501711995e+18,7.805,0.0,0,0,4,0,7116,0.0,100,0.0,0.0,0.0,0.0,0.0,0,0,0,0,0.0,0,0,0,0,0,0,0,0,0,0,0,0,0,0,0,0,0,0,0,0,0,0,0,0,0,0,0,0,0,0,0,0,0,31,40,40,71,65476,0,300,0,0,8,21553,0.0,-107605600.0,0.0,0.0,0.0,0.0,0.0,0.0,0.0,0.0,0.0,0.0,0.0,0.0,0.0,0.0,0.0,0.0,0.0,0.0,0.0,0.0,0.0,0.0,-2.004,0.0,0.0,0.0,0.0,0.0,6125.0,8608218112.0,6922.0,2.718430741444032e+23,-0.0,-0.0,2.718430741444032e+23,0.0,0.0,0.0,0.0,69,-0.0,-152018018631680.0,0.0,0.0,0.0,0.0,0.0,0.0,0.0,0,0,0,0.0,0.0,0.0,0.0,0.0,0.0,0.0,0.0,0.0,0.0,0.0,0.0,0.0,0.0,0.0,0.0,0,-107875648.0,69,0.0,138,0.0,-109447200.0,0,13107,17040,39322,17049,26215,17043,0,0,0,70,68,100,2.7302359370752657e+23,71.2,2.7302370179391762e+23,74.3,-0.0,74.0,1,49,50,180,26215,0,0,0,0.0,0.0,0.0,0.0,-0.0,67.0,0.0,162057.094,0.0,751,0,740,0,0,0,721,0,768,0,736,0,743,0,742,0,712,0,7520,0.032,108447924224.0,0.0,0.0,784,16797,-0.0,162057.094,-114818.039,-0.0,0.133,6.909358625270745e+28,30.0,65.0,35,0.0,0.0,0.0,0.0,0.0,0.0,0.0,0.0,0.0,0.0,0.0,0.0,0.0,0.0,0.0,0.0,69.2,0,150,71,55,65476,0,300,0,1,8,20529,65476,0,0,40632,65.0,0.0,0.0,0.0,0.0,0.0
2026-09-04T20:00:04,ERR,ERR,ERR,ERR,ERR,ERR,ERR,ERR,ERR,ERR,ERR,ERR,ERR,ERR,ERR,ERR,ERR,ERR,ERR,ERR,ERR,ERR,ERR,ERR,ERR,ERR,ERR,ERR,ERR,ERR,ERR,ERR,ERR,ERR,ERR,ERR,ERR,ERR,ERR,ERR,ERR,ERR,ERR,ERR,ERR,ERR,ERR,ERR,ERR,ERR,ERR,ERR,ERR,ERR,ERR,ERR,ERR,ERR,ERR,ERR,ERR,ERR,ERR,ERR,ERR,ERR,ERR,ERR,ERR,ERR,ERR,ERR,ERR,ERR,ERR,ERR,ERR,ERR,ERR,ERR,ERR,ERR,ERR,ERR,ERR,ERR,ERR,ERR,ERR,ERR,ERR,ERR,ERR,ERR,ERR,ERR,ERR,ERR,ERR,ERR,ERR,ERR,ERR,ERR,ERR,ERR,ERR,ERR,ERR,ERR,ERR,ERR,ERR,ERR,ERR,ERR,ERR,ERR,ERR,ERR,ERR,ERR,ERR,ERR,ERR,2.718430741444032e+23,-0.0,-134479040.0,0.0,0.0,1.3936040501711995e+18,7.805,0.0,0,0,4,0,7116,0.0,100,0.0,0.0,0.0,0.0,0.0,0,0,0,0,0.0,0,0,0,0,0,0,0,0,0,0,0,0,0,0,0,0,0,0,0,0,0,0,0,0,0,0,0,0,0,0,0,0,0,31,40,40,71,65476,0,300,0,0,8,21553,0.0,-107605600.0,0.0,0.0,0.0,0.0,0.0,0.0,0.0,0.0,0.0,0.0,0.0,0.0,0.0,0.0,0.0,0.0,0.0,0.0,0.0,0.0,0.0,0.0,-2.004,0.0,0.0,0.0,0.0,0.0,6125.0,8608218112.0,6922.0,2.718430741444032e+23,-0.0,-0.0,2.718430741444032e+23,0.0,0.0,0.0,0.0,69,-0.0,-152018018631680.0,0.0,0.0,0.0,0.0,0.0,0.0,0.0,0,0,0,0.0,0.0,0.0,0.0,0.0,0.0,0.0,0.0,0.0,0.0,0.0,0.0,0.0,0.0,0.0,0.0,0,-107875648.0,69,0.0,138,0.0,-109447200.0,0,13107,17040,39322,17049,26215,17043,0,0,0,70,68,100,2.7302359370752657e+23,71.2,2.7302370179391762e+23,74.3,-0.0,74.0,1,49,50,180,26215,0,0,0,0.0,0.0,0.0,0.0,-0.0,67.0,0.0,162057.094,0.0,751,0,740,0,0,0,721,0,768,0,736,0,743,0,742,0,712,0,7520,0.032,108447924224.0,0.0,0.0,784,16797,-0.0,162057.094,-114818.039,-0.0,0.133,6.909358625270745e+28,30.0,65.0,35,0.0,0.0,0.0,0.0,0.0,0.0,0.0,0.0,0.0,0.0,0.0,0.0,0.0,0.0,0.0,0.0,69.2,0,150,71,55,65476,0,300,0,1,8,20529,65476,0,0,40632,65.0,0.0,0.0,0.0,0.0,0.0
2026-09-04T20:00:05,ERR,ERR,ERR,ERR,ERR,ERR,ERR,ERR,ERR,ERR,ERR,ERR,ERR,ERR,ERR,ERR,ERR,ERR,ERR,ERR,ERR,ERR,ERR,ERR,ERR,ERR,ERR,ERR,ERR,ERR,ERR,ERR,ERR,ERR,ERR,ERR,ERR,ERR,ERR,ERR,ERR,ERR,ERR,ERR,ERR,ERR,ERR,ERR,ERR,ERR,ERR,ERR,ERR,ERR,ERR,ERR,ERR,ERR,ERR,ERR,ERR,ERR,ERR,ERR,ERR,ERR,ERR,ERR,ERR,ERR,ERR,ERR,ERR,ERR,ERR,ERR,ERR,ERR,ERR,ERR,ERR,ERR,ERR,ERR,ERR,ERR,ERR,ERR,ERR,ERR,ERR,ERR,ERR,ERR,ERR,ERR,ERR,ERR,ERR,ERR,ERR,ERR,ERR,ERR,ERR,ERR,ERR,ERR,ERR,ERR,ERR,ERR,ERR,ERR,ERR,ERR,ERR,ERR,ERR,ERR,ERR,ERR,ERR,ERR,ERR,2.718430741444032e+23,-0.0,-134479040.0,0.0,0.0,1.3936040501711995e+18,7.805,0.0,0,0,4,0,7116,0.0,100,0.0,0.0,0.0,0.0,0.0,0,0,0,0,0.0,0,0,0,0,0,0,0,0,0,0,0,0,0,0,0,0,0,0,0,0,0,0,0,0,0,0,0,0,0,0,0,0,0,31,40,40,71,65476,0,300,0,0,8,21553,0.0,-107605600.0,0.0,0.0,0.0,0.0,0.0,0.0,0.0,0.0,0.0,0.0,0.0,0.0,0.0,0.0,0.0,0.0,0.0,0.0,0.0,0.0,0.0,0.0,-2.004,0.0,0.0,0.0,0.0,0.0,6125.0,8608218112.0,6922.0,2.718430741444032e+23,-0.0,-0.0,2.718430741444032e+23,0.0,0.0,0.0,0.0,69,-0.0,-152018018631680.0,0.0,0.0,0.0,0.0,0.0,0.0,0.0,0,0,0,0.0,0.0,0.0,0.0,0.0,0.0,0.0,0.0,0.0,0.0,0.0,0.0,0.0,0.0,0.0,0.0,0,-107875648.0,69,0.0,138,0.0,-109447200.0,0,13107,17040,39322,17049,13107,17043,0,0,0,70,68,100,2.7302359370752657e+23,71.2,2.7302370179391762e+23,74.3,-0.0,74.0,1,49,50,180,13107,0,0,0,0.0,0.0,0.0,0.0,-0.0,67.0,0.0,162057.094,0.0,751,0,740,0,0,0,721,0,768,0,737,0,743,0,742,0,712,0,7520,0.032,108447924224.0,0.0,0.0,784,16797,-0.0,162057.094,-114818.039,-0.0,0.133,6.909358625270745e+28,30.0,65.0,35,0.0,0.0,0.0,0.0,0.0,0.0,0.0,0.0,0.0,0.0,0.0,0.0,0.0,0.0,0.0,0.0,69.2,0,150,71,55,65476,0,300,0,1,8,20529,65476,0,0,40632,65.0,0.0,0.0,0.0,0.0,0.0
2026-09-04T20:00:06,ERR,ERR,ERR,ERR,ERR,ERR,ERR,ERR,ERR,ERR,ERR,ERR,ERR,ERR,ERR,ERR,ERR,ERR,ERR,ERR,ERR,ERR,ERR,ERR,ERR,ERR,ERR,ERR,ERR,ERR,ERR,ERR,ERR,ERR,ERR,ERR,ERR,ERR,ERR,ERR,ERR,ERR,ERR,ERR,ERR,ERR,ERR,ERR,ERR,ERR,ERR,ERR,ERR,ERR,ERR,ERR,ERR,ERR,ERR,ERR,ERR,ERR,ERR,ERR,ERR,ERR,ERR,ERR,ERR,ERR,ERR,ERR,ERR,ERR,ERR,ERR,ERR,ERR,ERR,ERR,ERR,ERR,ERR,ERR,ERR,ERR,ERR,ERR,ERR,ERR,ERR,ERR,ERR,ERR,ERR,ERR,ERR,ERR,ERR,ERR,ERR,ERR,ERR,ERR,ERR,ERR,ERR,ERR,ERR,ERR,ERR,ERR,ERR,ERR,ERR,ERR,ERR,ERR,ERR,ERR,ERR,ERR,ERR,ERR,ERR,2.718430741444032e+23,-0.0,-134479040.0,0.0,0.0,1.3936040501711995e+18,7.805,0.0,0,0,4,0,7116,0.0,100,0.0,0.0,0.0,0.0,0.0,0,0,0,0,0.0,0,0,0,0,0,0,0,0,0,0,0,0,0,0,0,0,0,0,0,0,0,0,0,0,0,0,0,0,0,0,0,0,0,31,40,40,71,65476,0,300,0,0,8,21553,0.0,-107605600.0,0.0,0.0,0.0,0.0,0.0,0.0,0.0,0.0,0.0,0.0,0.0,0.0,0.0,0.0,0.0,0.0,0.0,0.0,0.0,0.0,0.0,0.0,-2.004,0.0,0.0,0.0,0.0,0.0,6125.0,8608218112.0,6922.0,2.718430741444032e+23,-0.0,-0.0,2.718430741444032e+23,0.0,0.0,0.0,0.0,69,-0.0,-152018018631680.0,0.0,0.0,0.0,0.0,0.0,0.0,0.0,0,0,0,0.0,0.0,0.0,0.0,0.0,0.0,0.0,0.0,0.0,0.0,0.0,0.0,0.0,0.0,0.0,0.0,0,-107875648.0,69,0.0,138,0.0,-109447200.0,0,13107,17040,39322,17049,13107,17043,0,0,0,70,68,100,2.7302359370752657e+23,71.2,2.7302370179391762e+23,74.3,-0.0,74.0,1,49,50,180,13107,0,0,0,0.0,0.0,0.0,0.0,-0.0,67.0,0.0,162057.094,0.0,751,0,740,0,0,0,721,0,768,0,737,0,743,0,742,0,712,0,7520,0.032,108447924224.0,0.0,0.0,784,16797,-0.0,162057.094,-114818.039,-0.0,0.133,6.909358625270745e+28,30.0,65.0,35,0.0,0.0,0.0,0.0,0.0,0.0,0.0,0.0,0.0,0.0,0.0,0.0,0.0,0.0,0.0,0.0,69.2,0,150,71,55,65476,0,300,0,1,8,20529,65476,0,0,40632,65.0,0.0,0.0,0.0,0.0,0.0
2026-09-04T20:00:07,ERR,ERR,ERR,ERR,ERR,ERR,ERR,ERR,ERR,ERR,ERR,ERR,ERR,ERR,ERR,ERR,ERR,ERR,ERR,ERR,ERR,ERR,ERR,ERR,ERR,ERR,ERR,ERR,ERR,ERR,ERR,ERR,ERR,ERR,ERR,ERR,ERR,ERR,ERR,ERR,ERR,ERR,ERR,ERR,ERR,ERR,ERR,ERR,ERR,ERR,ERR,ERR,ERR,ERR,ERR,ERR,ERR,ERR,ERR,ERR,ERR,ERR,ERR,ERR,ERR,ERR,ERR,ERR,ERR,ERR,ERR,ERR,ERR,ERR,ERR,ERR,ERR,ERR,ERR,ERR,ERR,ERR,ERR,ERR,ERR,ERR,ERR,ERR,ERR,ERR,ERR,ERR,ERR,ERR,ERR,ERR,ERR,ERR,ERR,ERR,ERR,ERR,ERR,ERR,ERR,ERR,ERR,ERR,ERR,ERR,ERR,ERR,ERR,ERR,ERR,ERR,ERR,ERR,ERR,ERR,ERR,ERR,ERR,ERR,ERR,2.718430741444032e+23,-0.0,-134479040.0,0.0,0.0,1.3936040501711995e+18,7.805,0.0,0,0,4,0,7116,0.0,100,0.0,0.0,0.0,0.0,0.0,0,0,0,0,0.0,0,0,0,0,0,0,0,0,0,0,0,0,0,0,0,0,0,0,0,0,0,0,0,0,0,0,0,0,0,0,0,0,0,31,40,40,71,65476,0,300,0,0,8,21553,0.0,-107605600.0,0.0,0.0,0.0,0.0,0.0,0.0,0.0,0.0,0.0,0.0,0.0,0.0,0.0,0.0,0.0,0.0,0.0,0.0,0.0,0.0,0.0,0.0,-2.004,0.0,0.0,0.0,0.0,0.0,6125.0,8608218112.0,6922.0,2.718430741444032e+23,-0.0,-0.0,2.718430741444032e+23,0.0,0.0,0.0,0.0,69,-0.0,-152018018631680.0,0.0,0.0,0.0,0.0,0.0,0.0,0.0,0,0,0,0.0,0.0,0.0,0.0,0.0,0.0,0.0,0.0,0.0,0.0,0.0,0.0,0.0,0.0,0.0,0.0,0,-107875648.0,69,0.0,138,0.0,-109447200.0,0,13107,17040,39322,17049,13107,17043,0,0,0,70,68,100,2.7302359370752657e+23,71.2,2.7302370179391762e+23,74.3,-0.0,74.0,1,49,50,180,13107,0,0,0,0.0,0.0,0.0,0.0,-0.0,67.0,0.0,162057.094,0.0,751,0,740,0,0,0,721,0,768,0,737,0,743,0,742,0,712,0,7520,0.032,108447924224.0,0.0,0.0,784,16797,-0.0,162057.094,-114818.039,-0.0,0.133,6.909358625270745e+28,30.0,65.0,35,0.0,0.0,0.0,0.0,0.0,0.0,0.0,0.0,0.0,0.0,0.0,0.0,0.0,0.0,0.0,0.0,69.2,0,150,71,55,65476,0,300,0,1,8,20529,65476,0,0,40632,65.0,0.0,0.0,0.0,0.0,0.0
2026-09-04T20:00:08,ERR,ERR,ERR,ERR,ERR,ERR,ERR,ERR,ERR,ERR,ERR,ERR,ERR,ERR,ERR,ERR,ERR,ERR,ERR,ERR,ERR,ERR,ERR,ERR,ERR,ERR,ERR,ERR,ERR,ERR,ERR,ERR,ERR,ERR,ERR,ERR,ERR,ERR,ERR,ERR,ERR,ERR,ERR,ERR,ERR,ERR,ERR,ERR,ERR,ERR,ERR,ERR,ERR,ERR,ERR,ERR,ERR,ERR,ERR,ERR,ERR,ERR,ERR,ERR,ERR,ERR,ERR,ERR,ERR,ERR,ERR,ERR,ERR,ERR,ERR,ERR,ERR,ERR,ERR,ERR,ERR,ERR,ERR,ERR,ERR,ERR,ERR,ERR,ERR,ERR,ERR,ERR,ERR,ERR,ERR,ERR,ERR,ERR,ERR,ERR,ERR,ERR,ERR,ERR,ERR,ERR,ERR,ERR,ERR,ERR,ERR,ERR,ERR,ERR,ERR,ERR,ERR,ERR,ERR,ERR,ERR,ERR,ERR,ERR,ERR,2.718430741444032e+23,-0.0,-134479040.0,0.0,0.0,1.3936040501711995e+18,7.805,0.0,0,0,4,0,7116,0.0,100,0.0,0.0,0.0,0.0,0.0,0,0,0,0,0.0,0,0,0,0,0,0,0,0,0,0,0,0,0,0,0,0,0,0,0,0,0,0,0,0,0,0,0,0,0,0,0,0,0,31,40,40,71,65476,0,300,0,0,8,21553,0.0,-107605600.0,0.0,0.0,0.0,0.0,0.0,0.0,0.0,0.0,0.0,0.0,0.0,0.0,0.0,0.0,0.0,0.0,0.0,0.0,0.0,0.0,0.0,0.0,-2.004,0.0,0.0,0.0,0.0,0.0,6163.0,0.0,6914.0,2.718430741444032e+23,-0.0,-0.0,2.718430741444032e+23,0.0,0.0,0.0,0.0,69,-0.0,-152018035408896.0,0.0,0.0,0.0,0.0,0.0,0.0,0.0,0,0,0,0.0,0.0,0.0,0.0,0.0,0.0,0.0,0.0,0.0,0.0,0.0,0.0,0.0,0.0,0.0,0.0,0,-107875648.0,69,0.0,138,0.0,-109447200.0,0,13107,17040,39322,17049,13107,17043,0,0,0,70,68,100,2.7302359370752657e+23,71.2,2.7302370179391762e+23,74.3,-0.0,74.0,1,49,50,180,13107,0,0,0,0.0,0.0,0.0,0.0,-0.0,67.0,0.0,162057.094,0.0,751,0,740,0,0,0,721,0,768,0,737,0,743,0,742,0,712,0,7520,0.032,108447924224.0,0.0,0.0,784,16797,-0.0,162057.094,-114818.039,-0.0,0.133,6.909358625270745e+28,30.0,65.0,35,0.0,0.0,0.0,0.0,0.0,0.0,0.0,0.0,0.0,0.0,0.0,0.0,0.0,0.0,0.0,0.0,69.2,0,150,71,55,65476,0,300,0,1,8,20529,65476,0,0,40632,65.0,0.0,0.0,0.0,0.0,0.0
2026-09-04T20:00:09,ERR,ERR,ERR,ERR,ERR,ERR,ERR,ERR,ERR,ERR,ERR,ERR,ERR,ERR,ERR,ERR,ERR,ERR,ERR,ERR,ERR,ERR,ERR,ERR,ERR,ERR,ERR,ERR,ERR,ERR,ERR,ERR,ERR,ERR,ERR,ERR,ERR,ERR,ERR,ERR,ERR,ERR,ERR,ERR,ERR,ERR,ERR,ERR,ERR,ERR,ERR,ERR,ERR,ERR,ERR,ERR,ERR,ERR,ERR,ERR,ERR,ERR,ERR,ERR,ERR,ERR,ERR,ERR,ERR,ERR,ERR,ERR,ERR,ERR,ERR,ERR,ERR,ERR,ERR,ERR,ERR,ERR,ERR,ERR,ERR,ERR,ERR,ERR,ERR,ERR,ERR,ERR,ERR,ERR,ERR,ERR,ERR,ERR,ERR,ERR,ERR,ERR,ERR,ERR,ERR,ERR,ERR,ERR,ERR,ERR,ERR,ERR,ERR,ERR,ERR,ERR,ERR,ERR,ERR,ERR,ERR,ERR,ERR,ERR,ERR,2.718430741444032e+23,-0.0,-134479040.0,0.0,0.0,1.3936040501711995e+18,7.805,0.0,0,0,4,0,7116,0.0,100,0.0,0.0,0.0,0.0,0.0,0,0,0,0,0.0,0,0,0,0,0,0,0,0,0,0,0,0,0,0,0,0,0,0,0,0,0,0,0,0,0,0,0,0,0,0,0,0,0,31,40,40,71,65476,0,300,0,0,8,21553,0.0,-107605600.0,0.0,0.0,0.0,0.0,0.0,0.0,0.0,0.0,0.0,0.0,0.0,0.0,0.0,0.0,0.0,0.0,0.0,0.0,0.0,0.0,0.0,0.0,-2.004,0.0,0.0,0.0,0.0,0.0,6163.0,0.0,6914.0,2.718430741444032e+23,-0.0,-0.0,2.718430741444032e+23,0.0,0.0,0.0,0.0,69,-0.0,-152018035408896.0,0.0,0.0,0.0,0.0,0.0,0.0,0.0,0,0,0,0.0,0.0,0.0,0.0,0.0,0.0,0.0,0.0,0.0,0.0,0.0,0.0,0.0,0.0,0.0,0.0,0,-107875648.0,69,0.0,138,0.0,-109447200.0,0,13107,17040,39322,17049,13107,17043,0,0,0,70,68,100,2.7302359370752657e+23,71.2,2.7302370179391762e+23,74.3,-0.0,74.0,1,49,50,180,13107,0,0,0,0.0,0.0,0.0,0.0,-0.0,67.0,0.0,162057.094,0.0,751,0,740,0,0,0,721,0,768,0,737,0,743,0,742,0,712,0,7520,0.032,108447924224.0,0.0,0.0,784,16797,-0.0,162057.094,-114818.039,-0.0,0.133,6.909358625270745e+28,30.0,65.0,35,0.0,0.0,0.0,0.0,0.0,0.0,0.0,0.0,0.0,0.0,0.0,0.0,0.0,0.0,0.0,0.0,69.2,0,150,71,55,65476,0,300,0,1,8,20529,65476,0,0,40632,65.0,0.0,0.0,0.0,0.0,0.0
2026-09-04T20:00:10,ERR,ERR,ERR,ERR,ERR,ERR,ERR,ERR,ERR,ERR,ERR,ERR,ERR,ERR,ERR,ERR,ERR,ERR,ERR,ERR,ERR,ERR,ERR,ERR,ERR,ERR,ERR,ERR,ERR,ERR,ERR,ERR,ERR,ERR,ERR,ERR,ERR,ERR,ERR,ERR,ERR,ERR,ERR,ERR,ERR,ERR,ERR,ERR,ERR,ERR,ERR,ERR,ERR,ERR,ERR,ERR,ERR,ERR,ERR,ERR,ERR,ERR,ERR,ERR,ERR,ERR,ERR,ERR,ERR,ERR,ERR,ERR,ERR,ERR,ERR,ERR,ERR,ERR,ERR,ERR,ERR,ERR,ERR,ERR,ERR,ERR,ERR,ERR,ERR,ERR,ERR,ERR,ERR,ERR,ERR,ERR,ERR,ERR,ERR,ERR,ERR,ERR,ERR,ERR,ERR,ERR,ERR,ERR,ERR,ERR,ERR,ERR,ERR,ERR,ERR,ERR,ERR,ERR,ERR,ERR,ERR,ERR,ERR,ERR,ERR,2.718430741444032e+23,-0.0,-134479040.0,0.0,0.0,1.3936040501711995e+18,7.805,0.0,0,0,4,0,7116,0.0,100,0.0,0.0,0.0,0.0,0.0,0,0,0,0,0.0,0,0,0,0,0,0,0,0,0,0,0,0,0,0,0,0,0,0,0,0,0,0,0,0,0,0,0,0,0,0,0,0,0,31,40,40,71,65476,0,300,0,0,8,21553,0.0,-107605600.0,0.0,0.0,0.0,0.0,0.0,0.0,0.0,0.0,0.0,0.0,0.0,0.0,0.0,0.0,0.0,0.0,0.0,0.0,0.0,0.0,0.0,0.0,-2.004,0.0,0.0,0.0,0.0,0.0,6163.0,0.0,6914.0,2.718430741444032e+23,-0.0,-0.0,2.718430741444032e+23,0.0,0.0,0.0,0.0,69,-0.0,-152018035408896.0,0.0,0.0,0.0,0.0,0.0,0.0,0.0,0,0,0,0.0,0.0,0.0,0.0,0.0,0.0,0.0,0.0,0.0,0.0,0.0,0.0,0.0,0.0,0.0,0.0,0,-107875648.0,69,0.0,138,0.0,-109447200.0,0,13107,17040,39322,17049,13107,17043,0,0,0,70,68,100,2.7302359370752657e+23,71.2,2.7302370179391762e+23,74.3,-0.0,74.0,1,49,50,180,13107,0,0,0,0.0,0.0,0.0,0.0,-0.0,67.0,0.0,162057.094,0.0,751,0,740,0,0,0,721,0,768,0,737,0,743,0,742,0,712,0,7520,0.032,108447924224.0,0.0,0.0,784,16797,-0.0,162057.094,-114818.039,-0.0,0.133,6.909358625270745e+28,30.0,65.0,35,0.0,0.0,0.0,0.0,0.0,0.0,0.0,0.0,0.0,0.0,0.0,0.0,0.0,0.0,0.0,0.0,69.6,0,150,71,55,65476,0,300,0,1,8,20529,65476,0,0,40632,65.0,0.0,0.0,0.0,0.0,0.0
2026-09-04T20:00:11,ERR,ERR,ERR,ERR,ERR,ERR,ERR,ERR,ERR,ERR,ERR,ERR,ERR,ERR,ERR,ERR,ERR,ERR,ERR,ERR,ERR,ERR,ERR,ERR,ERR,ERR,ERR,ERR,ERR,ERR,ERR,ERR,ERR,ERR,ERR,ERR,ERR,ERR,ERR,ERR,ERR,ERR,ERR,ERR,ERR,ERR,ERR,ERR,ERR,ERR,ERR,ERR,ERR,ERR,ERR,ERR,ERR,ERR,ERR,ERR,ERR,ERR,ERR,ERR,ERR,ERR,ERR,ERR,ERR,ERR,ERR,ERR,ERR,ERR,ERR,ERR,ERR,ERR,ERR,ERR,ERR,ERR,ERR,ERR,ERR,ERR,ERR,ERR,ERR,ERR,ERR,ERR,ERR,ERR,ERR,ERR,ERR,ERR,ERR,ERR,ERR,ERR,ERR,ERR,ERR,ERR,ERR,ERR,ERR,ERR,ERR,ERR,ERR,ERR,ERR,ERR,ERR,ERR,ERR,ERR,ERR,ERR,ERR,ERR,ERR,2.718430741444032e+23,-0.0,-134479040.0,0.0,0.0,1.3936040501711995e+18,7.805,0.0,0,0,4,0,7116,0.0,100,0.0,0.0,0.0,0.0,0.0,0,0,0,0,0.0,0,0,0,0,0,0,0,0,0,0,0,0,0,0,0,0,0,0,0,0,0,0,0,0,0,0,0,0,0,0,0,0,0,31,40,40,71,65476,0,300,0,0,8,21553,0.0,-107605600.0,0.0,0.0,0.0,0.0,0.0,0.0,0.0,0.0,0.0,0.0,0.0,0.0,0.0,0.0,0.0,0.0,0.0,0.0,0.0,0.0,0.0,0.0,-2.004,0.0,0.0,0.0,0.0,0.0,6163.0,0.0,6914.0,2.718430741444032e+23,-0.0,-0.0,2.718430741444032e+23,0.0,0.0,0.0,0.0,69,-0.0,-152018035408896.0,0.0,0.0,0.0,0.0,0.0,0.0,0.0,0,0,0,0.0,0.0,0.0,0.0,0.0,0.0,0.0,0.0,0.0,0.0,0.0,0.0,0.0,0.0,0.0,0.0,0,-107875648.0,69,0.0,138,0.0,-109447200.0,0,13107,17040,39322,17049,26215,17043,0,0,0,70,68,100,2.7302359370752657e+23,71.2,2.7302370179391762e+23,74.3,-0.0,74.0,1,49,50,180,26215,0,0,0,0.0,0.0,0.0,0.0,-0.0,67.0,0.0,162057.094,0.0,752,0,740,0,0,0,721,0,768,0,737,0,743,0,742,0,712,0,7520,0.032,107911053312.0,0.0,0.0,784,16797,-0.0,162057.094,-114818.039,-0.0,0.133,6.909358625270745e+28,30.0,65.0,35,0.0,0.0,0.0,0.0,0.0,0.0,0.0,0.0,0.0,0.0,0.0,0.0,0.0,0.0,0.0,0.0,69.6,0,150,71,55,65476,0,300,0,1,8,20529,65476,0,0,40632,65.0,0.0,0.0,0.0,0.0,0.0
2026-09-04T20:00:12,ERR,ERR,ERR,ERR,ERR,ERR,ERR,ERR,ERR,ERR,ERR,ERR,ERR,ERR,ERR,ERR,ERR,ERR,ERR,ERR,ERR,ERR,ERR,ERR,ERR,ERR,ERR,ERR,ERR,ERR,ERR,ERR,ERR,ERR,ERR,ERR,ERR,ERR,ERR,ERR,ERR,ERR,ERR,ERR,ERR,ERR,ERR,ERR,ERR,ERR,ERR,ERR,ERR,ERR,ERR,ERR,ERR,ERR,ERR,ERR,ERR,ERR,ERR,ERR,ERR,ERR,ERR,ERR,ERR,ERR,ERR,ERR,ERR,ERR,ERR,ERR,ERR,ERR,ERR,ERR,ERR,ERR,ERR,ERR,ERR,ERR,ERR,ERR,ERR,ERR,ERR,ERR,ERR,ERR,ERR,ERR,ERR,ERR,ERR,ERR,ERR,ERR,ERR,ERR,ERR,ERR,ERR,ERR,ERR,ERR,ERR,ERR,ERR,ERR,ERR,ERR,ERR,ERR,ERR,ERR,ERR,ERR,ERR,ERR,ERR,2.718430741444032e+23,-0.0,-134479040.0,0.0,0.0,1.3936040501711995e+18,7.805,0.0,0,0,4,0,7116,0.0,100,0.0,0.0,0.0,0.0,0.0,0,0,0,0,0.0,0,0,0,0,0,0,0,0,0,0,0,0,0,0,0,0,0,0,0,0,0,0,0,0,0,0,0,0,0,0,0,0,0,31,40,40,71,65476,0,300,0,0,8,21553,0.0,-107605600.0,0.0,0.0,0.0,0.0,0.0,0.0,0.0,0.0,0.0,0.0,0.0,0.0,0.0,0.0,0.0,0.0,0.0,0.0,0.0,0.0,0.0,0.0,-2.004,0.0,0.0,0.0,0.0,0.0,6163.0,0.0,6914.0,2.718430741444032e+23,-0.0,-0.0,2.718430741444032e+23,0.0,0.0,0.0,0.0,69,-0.0,-152018035408896.0,0.0,0.0,0.0,0.0,0.0,0.0,0.0,0,0,0,0.0,0.0,0.0,0.0,0.0,0.0,0.0,0.0,0.0,0.0,0.0,0.0,0.0,0.0,0.0,0.0,0,-107875648.0,69,0.0,138,0.0,-109447200.0,0,13107,17040,39322,17049,26215,17043,0,0,0,70,68,100,2.7302359370752657e+23,71.2,2.7302370179391762e+23,74.3,-0.0,74.0,1,49,50,180,26215,0,0,0,0.0,0.0,0.0,0.0,-0.0,67.0,0.0,162057.094,0.0,752,0,740,0,0,0,721,0,768,0,737,0,743,0,742,0,712,0,7520,0.032,107911053312.0,0.0,0.0,784,16797,-0.0,162057.094,-114818.039,-0.0,0.133,6.909358625270745e+28,30.0,65.0,35,0.0,0.0,0.0,0.0,0.0,0.0,0.0,0.0,0.0,0.0,0.0,0.0,0.0,0.0,0.0,0.0,69.2,0,150,71,55,65476,0,300,0,1,8,20529,65476,0,0,40632,65.0,0.0,0.0,0.0,0.0,0.0
2026-09-04T20:00:13,ERR,ERR,ERR,ERR,ERR,ERR,ERR,ERR,ERR,ERR,ERR,ERR,ERR,ERR,ERR,ERR,ERR,ERR,ERR,ERR,ERR,ERR,ERR,ERR,ERR,ERR,ERR,ERR,ERR,ERR,ERR,ERR,ERR,ERR,ERR,ERR,ERR,ERR,ERR,ERR,ERR,ERR,ERR,ERR,ERR,ERR,ERR,ERR,ERR,ERR,ERR,ERR,ERR,ERR,ERR,ERR,ERR,ERR,ERR,ERR,ERR,ERR,ERR,ERR,ERR,ERR,ERR,ERR,ERR,ERR,ERR,ERR,ERR,ERR,ERR,ERR,ERR,ERR,ERR,ERR,ERR,ERR,ERR,ERR,ERR,ERR,ERR,ERR,ERR,ERR,ERR,ERR,ERR,ERR,ERR,ERR,ERR,ERR,ERR,ERR,ERR,ERR,ERR,ERR,ERR,ERR,ERR,ERR,ERR,ERR,ERR,ERR,ERR,ERR,ERR,ERR,ERR,ERR,ERR,ERR,ERR,ERR,ERR,ERR,ERR,2.718430741444032e+23,-0.0,-134479040.0,0.0,0.0,1.3936040501711995e+18,7.805,0.0,0,0,4,0,7116,0.0,100,0.0,0.0,0.0,0.0,0.0,0,0,0,0,0.0,0,0,0,0,0,0,0,0,0,0,0,0,0,0,0,0,0,0,0,0,0,0,0,0,0,0,0,0,0,0,0,0,0,31,40,40,71,65476,0,300,0,0,8,21553,0.0,-107605600.0,0.0,0.0,0.0,0.0,0.0,0.0,0.0,0.0,0.0,0.0,0.0,0.0,0.0,0.0,0.0,0.0,0.0,0.0,0.0,0.0,0.0,0.0,-2.004,0.0,0.0,0.0,0.0,0.0,6163.0,0.0,6914.0,2.718430741444032e+23,-0.0,-0.0,2.718430741444032e+23,0.0,0.0,0.0,0.0,69,-0.0,-152018035408896.0,0.0,0.0,0.0,0.0,0.0,0.0,0.0,0,0,0,0.0,0.0,0.0,0.0,0.0,0.0,0.0,0.0,0.0,0.0,0.0,0.0,0.0,0.0,0.0,0.0,0,-107875648.0,69,0.0,138,0.0,-109447200.0,0,13107,17040,39322,17049,26215,17043,0,0,0,70,68,100,2.7302359370752657e+23,71.2,2.7302370179391762e+23,74.3,-0.0,74.0,1,49,50,180,26215,0,0,0,0.0,0.0,0.0,0.0,-0.0,67.0,0.0,162057.094,0.0,752,0,740,0,0,0,721,0,768,0,737,0,743,0,742,0,712,0,7520,0.032,107911053312.0,0.0,0.0,784,16797,-0.0,162057.094,-114818.039,-0.0,0.133,6.909358625270745e+28,30.0,65.0,35,0.0,0.0,0.0,0.0,0.0,0.0,0.0,0.0,0.0,0.0,0.0,0.0,0.0,0.0,0.0,0.0,69.2,0,150,71,55,65476,0,300,0,1,8,20529,65476,0,0,40632,65.0,0.0,0.0,0.0,0.0,0.0
2026-09-04T20:00:14,ERR,ERR,ERR,ERR,ERR,ERR,ERR,ERR,ERR,ERR,ERR,ERR,ERR,ERR,ERR,ERR,ERR,ERR,ERR,ERR,ERR,ERR,ERR,ERR,ERR,ERR,ERR,ERR,ERR,ERR,ERR,ERR,ERR,ERR,ERR,ERR,ERR,ERR,ERR,ERR,ERR,ERR,ERR,ERR,ERR,ERR,ERR,ERR,ERR,ERR,ERR,ERR,ERR,ERR,ERR,ERR,ERR,ERR,ERR,ERR,ERR,ERR,ERR,ERR,ERR,ERR,ERR,ERR,ERR,ERR,ERR,ERR,ERR,ERR,ERR,ERR,ERR,ERR,ERR,ERR,ERR,ERR,ERR,ERR,ERR,ERR,ERR,ERR,ERR,ERR,ERR,ERR,ERR,ERR,ERR,ERR,ERR,ERR,ERR,ERR,ERR,ERR,ERR,ERR,ERR,ERR,ERR,ERR,ERR,ERR,ERR,ERR,ERR,ERR,ERR,ERR,ERR,ERR,ERR,ERR,ERR,ERR,ERR,ERR,ERR,2.718430741444032e+23,-0.0,-134479040.0,0.0,0.0,1.3936040501711995e+18,7.805,0.0,0,0,4,0,7116,0.0,100,0.0,0.0,0.0,0.0,0.0,0,0,0,0,0.0,0,0,0,0,0,0,0,0,0,0,0,0,0,0,0,0,0,0,0,0,0,0,0,0,0,0,0,0,0,0,0,0,0,31,40,40,71,65476,0,300,0,0,8,21553,0.0,-107605600.0,0.0,0.0,0.0,0.0,0.0,0.0,0.0,0.0,0.0,0.0,0.0,0.0,0.0,0.0,0.0,0.0,0.0,0.0,0.0,0.0,0.0,0.0,-2.004,0.0,0.0,0.0,0.0,0.0,6163.0,0.0,6914.0,2.718430741444032e+23,-0.0,-0.0,2.718430741444032e+23,0.0,0.0,0.0,0.0,69,-0.0,-152018035408896.0,0.0,0.0,0.0,0.0,0.0,0.0,0.0,0,0,0,0.0,0.0,0.0,0.0,0.0,0.0,0.0,0.0,0.0,0.0,0.0,0.0,0.0,0.0,0.0,0.0,0,-107875648.0,69,0.0,138,0.0,-109447200.0,0,13107,17040,39322,17049,26215,17043,0,0,0,70,68,100,2.7302359370752657e+23,71.2,2.7302370179391762e+23,74.3,-0.0,74.0,1,49,50,180,26215,0,0,0,0.0,0.0,0.0,0.0,-0.0,67.0,0.0,162057.094,0.0,752,0,740,0,0,0,721,0,768,0,737,0,743,0,742,0,712,0,7520,0.032,107911053312.0,0.0,0.0,784,16797,-0.0,162057.094,-114818.039,-0.0,0.133,6.909358625270745e+28,30.0,65.0,35,0.0,0.0,0.0,0.0,0.0,0.0,0.0,0.0,0.0,0.0,0.0,0.0,0.0,0.0,0.0,0.0,69.2,0,150,71,55,65476,0,300,0,1,8,20529,65476,0,0,40632,65.0,0.0,0.0,0.0,0.0,0.0
2026-09-04T20:00:15,ERR,ERR,ERR,ERR,ERR,ERR,ERR,ERR,ERR,ERR,ERR,ERR,ERR,ERR,ERR,ERR,ERR,ERR,ERR,ERR,ERR,ERR,ERR,ERR,ERR,ERR,ERR,ERR,ERR,ERR,ERR,ERR,ERR,ERR,ERR,ERR,ERR,ERR,ERR,ERR,ERR,ERR,ERR,ERR,ERR,ERR,ERR,ERR,ERR,ERR,ERR,ERR,ERR,ERR,ERR,ERR,ERR,ERR,ERR,ERR,ERR,ERR,ERR,ERR,ERR,ERR,ERR,ERR,ERR,ERR,ERR,ERR,ERR,ERR,ERR,ERR,ERR,ERR,ERR,ERR,ERR,ERR,ERR,ERR,ERR,ERR,ERR,ERR,ERR,ERR,ERR,ERR,ERR,ERR,ERR,ERR,ERR,ERR,ERR,ERR,ERR,ERR,ERR,ERR,ERR,ERR,ERR,ERR,ERR,ERR,ERR,ERR,ERR,ERR,ERR,ERR,ERR,ERR,ERR,ERR,ERR,ERR,ERR,ERR,ERR,2.718430741444032e+23,-0.0,-134479040.0,0.0,0.0,1.3936040501711995e+18,7.805,0.0,0,0,4,0,7116,0.0,100,0.0,0.0,0.0,0.0,0.0,0,0,0,0,0.0,0,0,0,0,0,0,0,0,0,0,0,0,0,0,0,0,0,0,0,0,0,0,0,0,0,0,0,0,0,0,0,0,0,31,40,40,71,65476,0,300,0,0,8,21553,0.0,-107605600.0,0.0,0.0,0.0,0.0,0.0,0.0,0.0,0.0,0.0,0.0,0.0,0.0,0.0,0.0,0.0,0.0,0.0,0.0,0.0,0.0,0.0,0.0,-2.004,0.0,0.0,0.0,0.0,0.0,6164.0,-2.004,6936.0,2.718430741444032e+23,-0.0,-0.0,2.718430741444032e+23,0.0,0.0,0.0,0.0,69,-71.63,-3.2220197382483155e+26,0.0,0.0,0.0,0.0,0.0,0.0,0.0,0,0,0,0.0,0.0,0.0,0.0,0.0,0.0,0.0,0.0,0.0,0.0,0.0,0.0,0.0,0.0,0.0,0.0,0,-107875648.0,69,0.0,138,0.0,-109447200.0,0,13107,17040,39322,17049,26215,17043,0,0,0,70,68,100,2.7302359370752657e+23,71.2,2.7302370179391762e+23,74.3,-0.0,74.0,1,49,50,180,26215,0,0,0,0.0,0.0,0.0,0.0,-0.0,67.0,0.0,162057.094,0.0,752,0,740,0,0,0,721,0,768,0,737,0,743,0,742,0,712,0,7520,0.032,107911053312.0,0.0,0.0,784,16797,-0.0,162057.094,-114818.039,-0.0,0.133,6.909358625270745e+28,30.0,65.0,35,0.0,0.0,0.0,0.0,0.0,0.0,0.0,0.0,0.0,0.0,0.0,0.0,0.0,0.0,0.0,0.0,69.2,0,150,71,55,65476,0,300,0,1,8,20529,65476,0,0,40632,65.0,0.0,0.0,0.0,0.0,0.0
2026-09-04T20:00:16,ERR,ERR,ERR,ERR,ERR,ERR,ERR,ERR,ERR,ERR,ERR,ERR,ERR,ERR,ERR,ERR,ERR,ERR,ERR,ERR,ERR,ERR,ERR,ERR,ERR,ERR,ERR,ERR,ERR,ERR,ERR,ERR,ERR,ERR,ERR,ERR,ERR,ERR,ERR,ERR,ERR,ERR,ERR,ERR,ERR,ERR,ERR,ERR,ERR,ERR,ERR,ERR,ERR,ERR,ERR,ERR,ERR,ERR,ERR,ERR,ERR,ERR,ERR,ERR,ERR,ERR,ERR,ERR,ERR,ERR,ERR,ERR,ERR,ERR,ERR,ERR,ERR,ERR,ERR,ERR,ERR,ERR,ERR,ERR,ERR,ERR,ERR,ERR,ERR,ERR,ERR,ERR,ERR,ERR,ERR,ERR,ERR,ERR,ERR,ERR,ERR,ERR,ERR,ERR,ERR,ERR,ERR,ERR,ERR,ERR,ERR,ERR,ERR,ERR,ERR,ERR,ERR,ERR,ERR,ERR,ERR,ERR,ERR,ERR,ERR,2.718430741444032e+23,-0.0,-134479040.0,0.0,0.0,1.3936040501711995e+18,7.805,0.0,0,0,4,0,7116,0.0,100,0.0,0.0,0.0,0.0,0.0,0,0,0,0,0.0,0,0,0,0,0,0,0,0,0,0,0,0,0,0,0,0,0,0,0,0,0,0,0,0,0,0,0,0,0,0,0,0,0,31,40,40,71,65476,0,300,0,0,8,21553,0.0,-107605600.0,0.0,0.0,0.0,0.0,0.0,0.0,0.0,0.0,0.0,0.0,0.0,0.0,0.0,0.0,0.0,0.0,0.0,0.0,0.0,0.0,0.0,0.0,-2.004,0.0,0.0,0.0,0.0,0.0,6164.0,-2.004,6936.0,2.718430741444032e+23,-0.0,-0.0,2.718430741444032e+23,0.0,0.0,0.0,0.0,69,-71.63,-3.2220197382483155e+26,0.0,0.0,0.0,0.0,0.0,0.0,0.0,0,0,0,0.0,0.0,0.0,0.0,0.0,0.0,0.0,0.0,0.0,0.0,0.0,0.0,0.0,0.0,0.0,0.0,0,-107875648.0,69,0.0,138,0.0,-109447200.0,0,13107,17040,39322,17049,13107,17043,0,0,0,70,68,100,2.7302359370752657e+23,71.2,2.7302370179391762e+23,74.3,-0.0,74.0,1,49,50,180,26215,0,0,0,0.0,0.0,0.0,0.0,-0.0,67.0,0.0,162057.094,0.0,752,0,740,0,0,0,721,0,768,0,737,0,743,0,742,0,712,0,7520,0.032,107911053312.0,0.0,0.0,784,16797,-0.0,162057.094,-114818.039,-0.0,0.133,6.909358625270745e+28,30.0,65.0,35,0.0,0.0,0.0,0.0,0.0,0.0,0.0,0.0,0.0,0.0,0.0,0.0,0.0,0.0,0.0,0.0,69.2,0,150,71,55,65476,0,300,0,1,8,20529,65476,0,0,40632,65.0,0.0,0.0,0.0,0.0,0.0
2026-09-04T20:00:17,ERR,ERR,ERR,ERR,ERR,ERR,ERR,ERR,ERR,ERR,ERR,ERR,ERR,ERR,ERR,ERR,ERR,ERR,ERR,ERR,ERR,ERR,ERR,ERR,ERR,ERR,ERR,ERR,ERR,ERR,ERR,ERR,ERR,ERR,ERR,ERR,ERR,ERR,ERR,ERR,ERR,ERR,ERR,ERR,ERR,ERR,ERR,ERR,ERR,ERR,ERR,ERR,ERR,ERR,ERR,ERR,ERR,ERR,ERR,ERR,ERR,ERR,ERR,ERR,ERR,ERR,ERR,ERR,ERR,ERR,ERR,ERR,ERR,ERR,ERR,ERR,ERR,ERR,ERR,ERR,ERR,ERR,ERR,ERR,ERR,ERR,ERR,ERR,ERR,ERR,ERR,ERR,ERR,ERR,ERR,ERR,ERR,ERR,ERR,ERR,ERR,ERR,ERR,ERR,ERR,ERR,ERR,ERR,ERR,ERR,ERR,ERR,ERR,ERR,ERR,ERR,ERR,ERR,ERR,ERR,ERR,ERR,ERR,ERR,ERR,2.718430741444032e+23,-0.0,-134479040.0,0.0,0.0,1.3936040501711995e+18,7.805,0.0,0,0,4,0,7116,0.0,100,0.0,0.0,0.0,0.0,0.0,0,0,0,0,0.0,0,0,0,0,0,0,0,0,0,0,0,0,0,0,0,0,0,0,0,0,0,0,0,0,0,0,0,0,0,0,0,0,0,31,40,40,71,65476,0,300,0,0,8,21553,0.0,-107605600.0,0.0,0.0,0.0,0.0,0.0,0.0,0.0,0.0,0.0,0.0,0.0,0.0,0.0,0.0,0.0,0.0,0.0,0.0,0.0,0.0,0.0,0.0,-2.004,0.0,0.0,0.0,0.0,0.0,6164.0,-2.004,6936.0,2.718430741444032e+23,-0.0,-0.0,2.718430741444032e+23,0.0,0.0,0.0,0.0,69,-71.63,-3.2220197382483155e+26,0.0,0.0,0.0,0.0,0.0,0.0,0.0,0,0,0,0.0,0.0,0.0,0.0,0.0,0.0,0.0,0.0,0.0,0.0,0.0,0.0,0.0,0.0,0.0,0.0,0,-107875648.0,69,0.0,138,0.0,-109447200.0,0,13107,17040,39322,17049,13107,17043,0,0,0,70,68,100,2.7302359370752657e+23,71.2,2.7302370179391762e+23,74.3,-0.0,74.0,1,49,50,180,26215,0,0,0,0.0,0.0,0.0,0.0,-0.0,67.0,0.0,162057.094,0.0,752,0,740,0,0,0,721,0,768,0,737,0,743,0,742,0,712,0,7520,0.032,107911053312.0,0.0,0.0,784,16797,-0.0,162057.094,-114818.039,-0.0,0.133,6.909358625270745e+28,30.0,65.0,35,0.0,0.0,0.0,0.0,0.0,0.0,0.0,0.0,0.0,0.0,0.0,0.0,0.0,0.0,0.0,0.0,69.2,0,150,71,55,65476,0,300,0,1,8,20529,65476,0,0,40632,65.0,0.0,0.0,0.0,0.0,0.0
2026-09-04T20:00:18,ERR,ERR,ERR,ERR,ERR,ERR,ERR,ERR,ERR,ERR,ERR,ERR,ERR,ERR,ERR,ERR,ERR,ERR,ERR,ERR,ERR,ERR,ERR,ERR,ERR,ERR,ERR,ERR,ERR,ERR,ERR,ERR,ERR,ERR,ERR,ERR,ERR,ERR,ERR,ERR,ERR,ERR,ERR,ERR,ERR,ERR,ERR,ERR,ERR,ERR,ERR,ERR,ERR,ERR,ERR,ERR,ERR,ERR,ERR,ERR,ERR,ERR,ERR,ERR,ERR,ERR,ERR,ERR,ERR,ERR,ERR,ERR,ERR,ERR,ERR,ERR,ERR,ERR,ERR,ERR,ERR,ERR,ERR,ERR,ERR,ERR,ERR,ERR,ERR,ERR,ERR,ERR,ERR,ERR,ERR,ERR,ERR,ERR,ERR,ERR,ERR,ERR,ERR,ERR,ERR,ERR,ERR,ERR,ERR,ERR,ERR,ERR,ERR,ERR,ERR,ERR,ERR,ERR,ERR,ERR,ERR,ERR,ERR,ERR,ERR,2.718430741444032e+23,-0.0,-134479040.0,0.0,0.0,1.3936040501711995e+18,7.805,0.0,0,0,4,0,7116,0.0,100,0.0,0.0,0.0,0.0,0.0,0,0,0,0,0.0,0,0,0,0,0,0,0,0,0,0,0,0,0,0,0,0,0,0,0,0,0,0,0,0,0,0,0,0,0,0,0,0,0,31,40,40,71,65476,0,300,0,0,8,21553,0.0,-107605600.0,0.0,0.0,0.0,0.0,0.0,0.0,0.0,0.0,0.0,0.0,0.0,0.0,0.0,0.0,0.0,0.0,0.0,0.0,0.0,0.0,0.0,0.0,-2.004,0.0,0.0,0.0,0.0,0.0,6164.0,-2.004,6936.0,2.718430741444032e+23,-0.0,-0.0,2.718430741444032e+23,0.0,0.0,0.0,0.0,69,-71.63,-3.2220197382483155e+26,0.0,0.0,0.0,0.0,0.0,0.0,0.0,0,0,0,0.0,0.0,0.0,0.0,0.0,0.0,0.0,0.0,0.0,0.0,0.0,0.0,0.0,0.0,0.0,0.0,0,-107875648.0,69,0.0,138,0.0,-109447200.0,0,13107,17040,39322,17049,13107,17043,0,0,0,70,68,100,2.7302359370752657e+23,71.2,2.7302370179391762e+23,74.3,-0.0,74.0,1,49,50,180,26215,0,0,0,0.0,0.0,0.0,0.0,-0.0,67.0,0.0,162057.094,0.0,752,0,740,0,0,0,721,0,768,0,737,0,743,0,742,0,712,0,7520,0.032,107911053312.0,0.0,0.0,784,16797,-0.0,162057.094,-114818.039,-0.0,0.133,6.909358625270745e+28,30.0,65.0,35,0.0,0.0,0.0,0.0,0.0,0.0,0.0,0.0,0.0,0.0,0.0,0.0,0.0,0.0,0.0,0.0,69.2,0,150,71,55,65476,0,300,0,1,8,20529,65476,0,0,40632,65.0,0.0,0.0,0.0,0.0,0.0
2026-09-04T20:00:19,ERR,ERR,ERR,ERR,ERR,ERR,ERR,ERR,ERR,ERR,ERR,ERR,ERR,ERR,ERR,ERR,ERR,ERR,ERR,ERR,ERR,ERR,ERR,ERR,ERR,ERR,ERR,ERR,ERR,ERR,ERR,ERR,ERR,ERR,ERR,ERR,ERR,ERR,ERR,ERR,ERR,ERR,ERR,ERR,ERR,ERR,ERR,ERR,ERR,ERR,ERR,ERR,ERR,ERR,ERR,ERR,ERR,ERR,ERR,ERR,ERR,ERR,ERR,ERR,ERR,ERR,ERR,ERR,ERR,ERR,ERR,ERR,ERR,ERR,ERR,ERR,ERR,ERR,ERR,ERR,ERR,ERR,ERR,ERR,ERR,ERR,ERR,ERR,ERR,ERR,ERR,ERR,ERR,ERR,ERR,ERR,ERR,ERR,ERR,ERR,ERR,ERR,ERR,ERR,ERR,ERR,ERR,ERR,ERR,ERR,ERR,ERR,ERR,ERR,ERR,ERR,ERR,ERR,ERR,ERR,ERR,ERR,ERR,ERR,ERR,2.718430741444032e+23,-0.0,-134479040.0,0.0,0.0,1.3936040501711995e+18,7.805,0.0,0,0,4,0,7116,0.0,100,0.0,0.0,0.0,0.0,0.0,0,0,0,0,0.0,0,0,0,0,0,0,0,0,0,0,0,0,0,0,0,0,0,0,0,0,0,0,0,0,0,0,0,0,0,0,0,0,0,31,40,40,71,65476,0,300,0,0,8,21553,0.0,-107605600.0,0.0,0.0,0.0,0.0,0.0,0.0,0.0,0.0,0.0,0.0,0.0,0.0,0.0,0.0,0.0,0.0,0.0,0.0,0.0,0.0,0.0,0.0,-2.004,0.0,0.0,0.0,0.0,0.0,6164.0,-2.004,6936.0,2.718430741444032e+23,-0.0,-0.0,2.718430741444032e+23,0.0,0.0,0.0,0.0,69,-71.63,-3.2220197382483155e+26,0.0,0.0,0.0,0.0,0.0,0.0,0.0,0,0,0,0.0,0.0,0.0,0.0,0.0,0.0,0.0,0.0,0.0,0.0,0.0,0.0,0.0,0.0,0.0,0.0,0,-107875648.0,69,0.0,138,0.0,-109447200.0,0,13107,17040,39322,17049,13107,17043,0,0,0,70,68,100,2.7302359370752657e+23,71.2,2.7302370179391762e+23,74.3,-0.0,74.0,1,49,50,180,26215,0,0,0,0.0,0.0,0.0,0.0,-0.0,67.0,0.0,162057.094,0.0,752,0,740,0,0,0,721,0,768,0,737,0,743,0,742,0,712,0,7520,0.032,107911053312.0,0.0,0.0,784,16797,-0.0,162057.094,-114818.039,-0.0,0.133,6.909358625270745e+28,30.0,65.0,35,0.0,0.0,0.0,0.0,0.0,0.0,0.0,0.0,0.0,0.0,0.0,0.0,0.0,0.0,0.0,0.0,69.2,0,150,71,55,65476,0,300,0,1,8,20529,65476,0,0,40632,65.0,0.0,0.0,0.0,0.0,0.0
2026-09-04T20:00:20,ERR,ERR,ERR,ERR,ERR,ERR,ERR,ERR,ERR,ERR,ERR,ERR,ERR,ERR,ERR,ERR,ERR,ERR,ERR,ERR,ERR,ERR,ERR,ERR,ERR,ERR,ERR,ERR,ERR,ERR,ERR,ERR,ERR,ERR,ERR,ERR,ERR,ERR,ERR,ERR,ERR,ERR,ERR,ERR,ERR,ERR,ERR,ERR,ERR,ERR,ERR,ERR,ERR,ERR,ERR,ERR,ERR,ERR,ERR,ERR,ERR,ERR,ERR,ERR,ERR,ERR,ERR,ERR,ERR,ERR,ERR,ERR,ERR,ERR,ERR,ERR,ERR,ERR,ERR,ERR,ERR,ERR,ERR,ERR,ERR,ERR,ERR,ERR,ERR,ERR,ERR,ERR,ERR,ERR,ERR,ERR,ERR,ERR,ERR,ERR,ERR,ERR,ERR,ERR,ERR,ERR,ERR,ERR,ERR,ERR,ERR,ERR,ERR,ERR,ERR,ERR,ERR,ERR,ERR,ERR,ERR,ERR,ERR,ERR,ERR,2.718430741444032e+23,-0.0,-134479040.0,0.0,0.0,1.3936040501711995e+18,7.805,0.0,0,0,4,0,7116,0.0,100,0.0,0.0,0.0,0.0,0.0,0,0,0,0,0.0,0,0,0,0,0,0,0,0,0,0,0,0,0,0,0,0,0,0,0,0,0,0,0,0,0,0,0,0,0,0,0,0,0,31,40,40,71,65476,0,300,0,0,8,21553,0.0,-107605600.0,0.0,0.0,0.0,0.0,0.0,0.0,0.0,0.0,0.0,0.0,0.0,0.0,0.0,0.0,0.0,0.0,0.0,0.0,0.0,0.0,0.0,0.0,-2.004,0.0,0.0,0.0,0.0,0.0,6164.0,-2.004,6936.0,2.718430741444032e+23,-0.0,-0.0,2.718430741444032e+23,0.0,0.0,0.0,0.0,69,-71.63,-3.2220197382483155e+26,0.0,0.0,0.0,0.0,0.0,0.0,0.0,0,0,0,0.0,0.0,0.0,0.0,0.0,0.0,0.0,0.0,0.0,0.0,0.0,0.0,0.0,0.0,0.0,0.0,0,-107875648.0,69,0.0,138,0.0,-109447200.0,0,13107,17040,39322,17049,13107,17043,0,0,0,70,68,100,2.7302359370752657e+23,71.2,2.7302370179391762e+23,74.3,-0.0,74.0,1,49,50,180,26215,0,0,0,0.0,0.0,0.0,0.0,-0.0,67.0,0.0,162057.094,0.0,752,0,740,0,0,0,721,0,768,0,737,0,743,0,742,0,712,0,7520,0.032,107911053312.0,0.0,0.0,784,16797,-0.0,162057.094,-114818.039,-0.0,0.133,6.909358625270745e+28,30.0,65.0,35,0.0,0.0,0.0,0.0,0.0,0.0,0.0,0.0,0.0,0.0,0.0,0.0,0.0,0.0,0.0,0.0,69.6,0,150,71,55,65476,0,300,0,1,8,20529,65476,0,0,40632,65.0,0.0,0.0,0.0,0.0,0.0
2026-09-04T20:00:21,ERR,ERR,ERR,ERR,ERR,ERR,ERR,ERR,ERR,ERR,ERR,ERR,ERR,ERR,ERR,ERR,ERR,ERR,ERR,ERR,ERR,ERR,ERR,ERR,ERR,ERR,ERR,ERR,ERR,ERR,ERR,ERR,ERR,ERR,ERR,ERR,ERR,ERR,ERR,ERR,ERR,ERR,ERR,ERR,ERR,ERR,ERR,ERR,ERR,ERR,ERR,ERR,ERR,ERR,ERR,ERR,ERR,ERR,ERR,ERR,ERR,ERR,ERR,ERR,ERR,ERR,ERR,ERR,ERR,ERR,ERR,ERR,ERR,ERR,ERR,ERR,ERR,ERR,ERR,ERR,ERR,ERR,ERR,ERR,ERR,ERR,ERR,ERR,ERR,ERR,ERR,ERR,ERR,ERR,ERR,ERR,ERR,ERR,ERR,ERR,ERR,ERR,ERR,ERR,ERR,ERR,ERR,ERR,ERR,ERR,ERR,ERR,ERR,ERR,ERR,ERR,ERR,ERR,ERR,ERR,ERR,ERR,ERR,ERR,ERR,2.718430741444032e+23,-0.0,-134479040.0,0.0,0.0,1.3936040501711995e+18,7.805,0.0,0,0,4,0,7116,0.0,100,0.0,0.0,0.0,0.0,0.0,0,0,0,0,0.0,0,0,0,0,0,0,0,0,0,0,0,0,0,0,0,0,0,0,0,0,0,0,0,0,0,0,0,0,0,0,0,0,0,31,40,40,71,65476,0,300,0,0,8,21553,0.0,-107605600.0,0.0,0.0,0.0,0.0,0.0,0.0,0.0,0.0,0.0,0.0,0.0,0.0,0.0,0.0,0.0,0.0,0.0,0.0,0.0,0.0,0.0,0.0,-2.004,0.0,0.0,0.0,0.0,0.0,6164.0,-2.004,6936.0,2.718430741444032e+23,-0.0,-0.0,2.718430741444032e+23,0.0,0.0,0.0,0.0,69,-71.63,-3.2220197382483155e+26,0.0,0.0,0.0,0.0,0.0,0.0,0.0,0,0,0,0.0,0.0,0.0,0.0,0.0,0.0,0.0,0.0,0.0,0.0,0.0,0.0,0.0,0.0,0.0,0.0,0,-107875648.0,69,0.0,138,0.0,-109447200.0,0,13107,17040,39322,17049,13107,17043,0,0,0,70,68,100,2.7302359370752657e+23,71.2,2.7302370179391762e+23,74.3,-0.0,74.0,1,49,50,180,13107,0,0,0,0.0,0.0,0.0,0.0,-0.0,67.0,0.0,162057.094,0.0,752,0,740,0,0,0,721,0,768,0,736,0,743,0,742,0,712,0,7520,0.032,108447924224.0,0.0,0.0,784,16797,-0.0,162057.094,-114818.039,-0.0,0.133,6.909358625270745e+28,30.0,65.0,35,0.0,0.0,0.0,0.0,0.0,0.0,0.0,0.0,0.0,0.0,0.0,0.0,0.0,0.0,0.0,0.0,69.6,0,150,71,55,65476,0,300,0,1,8,20529,65476,0,0,40632,65.0,0.0,0.0,0.0,0.0,0.0
2026-09-04T20:00:22,ERR,ERR,ERR,ERR,ERR,ERR,ERR,ERR,ERR,ERR,ERR,ERR,ERR,ERR,ERR,ERR,ERR,ERR,ERR,ERR,ERR,ERR,ERR,ERR,ERR,ERR,ERR,ERR,ERR,ERR,ERR,ERR,ERR,ERR,ERR,ERR,ERR,ERR,ERR,ERR,ERR,ERR,ERR,ERR,ERR,ERR,ERR,ERR,ERR,ERR,ERR,ERR,ERR,ERR,ERR,ERR,ERR,ERR,ERR,ERR,ERR,ERR,ERR,ERR,ERR,ERR,ERR,ERR,ERR,ERR,ERR,ERR,ERR,ERR,ERR,ERR,ERR,ERR,ERR,ERR,ERR,ERR,ERR,ERR,ERR,ERR,ERR,ERR,ERR,ERR,ERR,ERR,ERR,ERR,ERR,ERR,ERR,ERR,ERR,ERR,ERR,ERR,ERR,ERR,ERR,ERR,ERR,ERR,ERR,ERR,ERR,ERR,ERR,ERR,ERR,ERR,ERR,ERR,ERR,ERR,ERR,ERR,ERR,ERR,ERR,2.718430741444032e+23,-0.0,-134479040.0,0.0,0.0,1.3936040501711995e+18,7.805,0.0,0,0,4,0,7116,0.0,100,0.0,0.0,0.0,0.0,0.0,0,0,0,0,0.0,0,0,0,0,0,0,0,0,0,0,0,0,0,0,0,0,0,0,0,0,0,0,0,0,0,0,0,0,0,0,0,0,0,31,40,40,71,65476,0,300,0,0,8,21553,0.0,-107605600.0,0.0,0.0,0.0,0.0,0.0,0.0,0.0,0.0,0.0,0.0,0.0,0.0,0.0,0.0,0.0,0.0,0.0,0.0,0.0,0.0,0.0,0.0,-2.004,0.0,0.0,0.0,0.0,0.0,6164.0,-2.004,6936.0,2.718430741444032e+23,-0.0,-0.0,2.718430741444032e+23,0.0,0.0,0.0,0.0,69,-71.63,-3.2220197382483155e+26,0.0,0.0,0.0,0.0,0.0,0.0,0.0,0,0,0,0.0,0.0,0.0,0.0,0.0,0.0,0.0,0.0,0.0,0.0,0.0,0.0,0.0,0.0,0.0,0.0,0,-107875648.0,69,0.0,138,0.0,-109447200.0,0,13107,17040,39322,17049,13107,17043,0,0,0,70,68,100,2.7302359370752657e+23,71.2,2.7302370179391762e+23,74.3,-0.0,74.0,1,49,50,180,13107,0,0,0,0.0,0.0,0.0,0.0,-0.0,67.0,0.0,162057.094,0.0,752,0,740,0,0,0,721,0,768,0,736,0,743,0,742,0,712,0,7520,0.032,108447924224.0,0.0,0.0,784,16797,-0.0,162057.094,-114818.039,-0.0,0.133,6.909358625270745e+28,30.0,65.0,35,0.0,0.0,0.0,0.0,0.0,0.0,0.0,0.0,0.0,0.0,0.0,0.0,0.0,0.0,0.0,0.0,69.2,0,150,71,55,65476,0,300,0,1,8,20529,65476,0,0,40632,65.0,0.0,0.0,0.0,0.0,0.0
2026-09-04T20:00:23,ERR,ERR,ERR,ERR,ERR,ERR,ERR,ERR,ERR,ERR,ERR,ERR,ERR,ERR,ERR,ERR,ERR,ERR,ERR,ERR,ERR,ERR,ERR,ERR,ERR,ERR,ERR,ERR,ERR,ERR,ERR,ERR,ERR,ERR,ERR,ERR,ERR,ERR,ERR,ERR,ERR,ERR,ERR,ERR,ERR,ERR,ERR,ERR,ERR,ERR,ERR,ERR,ERR,ERR,ERR,ERR,ERR,ERR,ERR,ERR,ERR,ERR,ERR,ERR,ERR,ERR,ERR,ERR,ERR,ERR,ERR,ERR,ERR,ERR,ERR,ERR,ERR,ERR,ERR,ERR,ERR,ERR,ERR,ERR,ERR,ERR,ERR,ERR,ERR,ERR,ERR,ERR,ERR,ERR,ERR,ERR,ERR,ERR,ERR,ERR,ERR,ERR,ERR,ERR,ERR,ERR,ERR,ERR,ERR,ERR,ERR,ERR,ERR,ERR,ERR,ERR,ERR,ERR,ERR,ERR,ERR,ERR,ERR,ERR,ERR,2.718430741444032e+23,-0.0,-134479040.0,0.0,0.0,1.3936040501711995e+18,7.805,0.0,0,0,4,0,7116,0.0,100,0.0,0.0,0.0,0.0,0.0,0,0,0,0,0.0,0,0,0,0,0,0,0,0,0,0,0,0,0,0,0,0,0,0,0,0,0,0,0,0,0,0,0,0,0,0,0,0,0,31,40,40,71,65476,0,300,0,0,8,21553,0.0,-107605600.0,0.0,0.0,0.0,0.0,0.0,0.0,0.0,0.0,0.0,0.0,0.0,0.0,0.0,0.0,0.0,0.0,0.0,0.0,0.0,0.0,0.0,0.0,-2.004,0.0,0.0,0.0,0.0,0.0,6200.0,-0.0,6935.0,2.718430741444032e+23,-0.0,-0.0,2.718430741444032e+23,0.0,0.0,0.0,0.0,69,-2.7184314620199723e+23,-4.9504197001927324e+32,0.0,0.0,0.0,0.0,0.0,0.0,0.0,0,0,0,0.0,0.0,0.0,0.0,0.0,0.0,0.0,0.0,0.0,0.0,0.0,0.0,0.0,0.0,0.0,0.0,0,-107875648.0,69,0.0,138,0.0,-109447200.0,0,13107,17040,39322,17049,13107,17043,0,0,0,70,68,100,2.7302359370752657e+23,71.2,2.7302370179391762e+23,74.3,-0.0,74.0,1,49,50,180,13107,0,0,0,0.0,0.0,0.0,0.0,-0.0,67.0,0.0,162057.094,0.0,752,0,740,0,0,0,721,0,768,0,736,0,743,0,742,0,712,0,7520,0.032,108447924224.0,0.0,0.0,784,16797,-0.0,162057.094,-114818.039,-0.0,0.133,6.909358625270745e+28,30.0,65.0,35,0.0,0.0,0.0,0.0,0.0,0.0,0.0,0.0,0.0,0.0,0.0,0.0,0.0,0.0,0.0,0.0,69.2,0,150,71,55,65476,0,300,0,1,8,20529,65476,0,0,40632,65.0,0.0,0.0,0.0,0.0,0.0
2026-09-04T20:00:24,ERR,ERR,ERR,ERR,ERR,ERR,ERR,ERR,ERR,ERR,ERR,ERR,ERR,ERR,ERR,ERR,ERR,ERR,ERR,ERR,ERR,ERR,ERR,ERR,ERR,ERR,ERR,ERR,ERR,ERR,ERR,ERR,ERR,ERR,ERR,ERR,ERR,ERR,ERR,ERR,ERR,ERR,ERR,ERR,ERR,ERR,ERR,ERR,ERR,ERR,ERR,ERR,ERR,ERR,ERR,ERR,ERR,ERR,ERR,ERR,ERR,ERR,ERR,ERR,ERR,ERR,ERR,ERR,ERR,ERR,ERR,ERR,ERR,ERR,ERR,ERR,ERR,ERR,ERR,ERR,ERR,ERR,ERR,ERR,ERR,ERR,ERR,ERR,ERR,ERR,ERR,ERR,ERR,ERR,ERR,ERR,ERR,ERR,ERR,ERR,ERR,ERR,ERR,ERR,ERR,ERR,ERR,ERR,ERR,ERR,ERR,ERR,ERR,ERR,ERR,ERR,ERR,ERR,ERR,ERR,ERR,ERR,ERR,ERR,ERR,2.718430741444032e+23,-0.0,-134479040.0,0.0,0.0,1.3936040501711995e+18,7.805,0.0,0,0,4,0,7116,0.0,100,0.0,0.0,0.0,0.0,0.0,0,0,0,0,0.0,0,0,0,0,0,0,0,0,0,0,0,0,0,0,0,0,0,0,0,0,0,0,0,0,0,0,0,0,0,0,0,0,0,31,40,40,71,65476,0,300,0,0,8,21553,0.0,-107605600.0,0.0,0.0,0.0,0.0,0.0,0.0,0.0,0.0,0.0,0.0,0.0,0.0,0.0,0.0,0.0,0.0,0.0,0.0,0.0,0.0,0.0,0.0,-2.004,0.0,0.0,0.0,0.0,0.0,6200.0,-0.0,6935.0,2.718430741444032e+23,-0.0,-0.0,2.718430741444032e+23,0.0,0.0,0.0,0.0,69,-2.7184314620199723e+23,-4.9504197001927324e+32,0.0,0.0,0.0,0.0,0.0,0.0,0.0,0,0,0,0.0,0.0,0.0,0.0,0.0,0.0,0.0,0.0,0.0,0.0,0.0,0.0,0.0,0.0,0.0,0.0,0,-107875648.0,69,0.0,138,0.0,-109447200.0,0,13107,17040,39322,17049,13107,17043,0,0,0,70,68,100,2.7302359370752657e+23,71.2,2.7302370179391762e+23,74.3,-0.0,74.0,1,49,50,180,13107,0,0,0,0.0,0.0,0.0,0.0,-0.0,67.0,0.0,162057.094,0.0,752,0,740,0,0,0,721,0,768,0,736,0,743,0,742,0,712,0,7520,0.032,108447924224.0,0.0,0.0,784,16797,-0.0,162057.094,-114818.039,-0.0,0.133,6.909358625270745e+28,30.0,65.0,35,0.0,0.0,0.0,0.0,0.0,0.0,0.0,0.0,0.0,0.0,0.0,0.0,0.0,0.0,0.0,0.0,69.2,0,150,71,55,65476,0,300,0,1,8,20529,65476,0,0,40632,65.0,0.0,0.0,0.0,0.0,0.0
2026-09-04T20:00:25,ERR,ERR,ERR,ERR,ERR,ERR,ERR,ERR,ERR,ERR,ERR,ERR,ERR,ERR,ERR,ERR,ERR,ERR,ERR,ERR,ERR,ERR,ERR,ERR,ERR,ERR,ERR,ERR,ERR,ERR,ERR,ERR,ERR,ERR,ERR,ERR,ERR,ERR,ERR,ERR,ERR,ERR,ERR,ERR,ERR,ERR,ERR,ERR,ERR,ERR,ERR,ERR,ERR,ERR,ERR,ERR,ERR,ERR,ERR,ERR,ERR,ERR,ERR,ERR,ERR,ERR,ERR,ERR,ERR,ERR,ERR,ERR,ERR,ERR,ERR,ERR,ERR,ERR,ERR,ERR,ERR,ERR,ERR,ERR,ERR,ERR,ERR,ERR,ERR,ERR,ERR,ERR,ERR,ERR,ERR,ERR,ERR,ERR,ERR,ERR,ERR,ERR,ERR,ERR,ERR,ERR,ERR,ERR,ERR,ERR,ERR,ERR,ERR,ERR,ERR,ERR,ERR,ERR,ERR,ERR,ERR,ERR,ERR,ERR,ERR,2.718430741444032e+23,-0.0,-134479040.0,0.0,0.0,1.3936040501711995e+18,7.805,0.0,0,0,4,0,7116,0.0,100,0.0,0.0,0.0,0.0,0.0,0,0,0,0,0.0,0,0,0,0,0,0,0,0,0,0,0,0,0,0,0,0,0,0,0,0,0,0,0,0,0,0,0,0,0,0,0,0,0,31,40,40,71,65476,0,300,0,0,8,21553,0.0,-107605600.0,0.0,0.0,0.0,0.0,0.0,0.0,0.0,0.0,0.0,0.0,0.0,0.0,0.0,0.0,0.0,0.0,0.0,0.0,0.0,0.0,0.0,0.0,-2.004,0.0,0.0,0.0,0.0,0.0,6200.0,-0.0,6935.0,2.718430741444032e+23,-0.0,-0.0,2.718430741444032e+23,0.0,0.0,0.0,0.0,69,-2.7184314620199723e+23,-4.9504197001927324e+32,0.0,0.0,0.0,0.0,0.0,0.0,0.0,0,0,0,0.0,0.0,0.0,0.0,0.0,0.0,0.0,0.0,0.0,0.0,0.0,0.0,0.0,0.0,0.0,0.0,0,-107875648.0,69,0.0,138,0.0,-109447200.0,0,13107,17040,39322,17049,13107,17043,0,0,0,70,68,100,2.7302359370752657e+23,71.2,2.7302370179391762e+23,74.3,-0.0,74.0,1,49,50,180,13107,0,0,0,0.0,0.0,0.0,0.0,-0.0,67.0,0.0,162057.094,0.0,752,0,740,0,0,0,721,0,768,0,736,0,743,0,742,0,712,0,7520,0.032,108447924224.0,0.0,0.0,784,16797,-0.0,162057.094,-114818.039,-0.0,0.133,6.909358625270745e+28,30.0,65.0,35,0.0,0.0,0.0,0.0,0.0,0.0,0.0,0.0,0.0,0.0,0.0,0.0,0.0,0.0,0.0,0.0,69.2,0,150,71,55,65476,0,300,0,1,8,20529,65476,0,0,40632,65.0,0.0,0.0,0.0,0.0,0.0
2026-09-04T20:00:26,ERR,ERR,ERR,ERR,ERR,ERR,ERR,ERR,ERR,ERR,ERR,ERR,ERR,ERR,ERR,ERR,ERR,ERR,ERR,ERR,ERR,ERR,ERR,ERR,ERR,ERR,ERR,ERR,ERR,ERR,ERR,ERR,ERR,ERR,ERR,ERR,ERR,ERR,ERR,ERR,ERR,ERR,ERR,ERR,ERR,ERR,ERR,ERR,ERR,ERR,ERR,ERR,ERR,ERR,ERR,ERR,ERR,ERR,ERR,ERR,ERR,ERR,ERR,ERR,ERR,ERR,ERR,ERR,ERR,ERR,ERR,ERR,ERR,ERR,ERR,ERR,ERR,ERR,ERR,ERR,ERR,ERR,ERR,ERR,ERR,ERR,ERR,ERR,ERR,ERR,ERR,ERR,ERR,ERR,ERR,ERR,ERR,ERR,ERR,ERR,ERR,ERR,ERR,ERR,ERR,ERR,ERR,ERR,ERR,ERR,ERR,ERR,ERR,ERR,ERR,ERR,ERR,ERR,ERR,ERR,ERR,ERR,ERR,ERR,ERR,2.718430741444032e+23,-0.0,-134479040.0,0.0,0.0,1.3936040501711995e+18,7.805,0.0,0,0,4,0,7116,0.0,100,0.0,0.0,0.0,0.0,0.0,0,0,0,0,0.0,0,0,0,0,0,0,0,0,0,0,0,0,0,0,0,0,0,0,0,0,0,0,0,0,0,0,0,0,0,0,0,0,0,31,40,40,71,65476,0,300,0,0,8,21553,0.0,-107605600.0,0.0,0.0,0.0,0.0,0.0,0.0,0.0,0.0,0.0,0.0,0.0,0.0,0.0,0.0,0.0,0.0,0.0,0.0,0.0,0.0,0.0,0.0,-2.004,0.0,0.0,0.0,0.0,0.0,6200.0,-0.0,6935.0,2.718430741444032e+23,-0.0,-0.0,2.718430741444032e+23,0.0,0.0,0.0,0.0,69,-2.7184314620199723e+23,-4.9504197001927324e+32,0.0,0.0,0.0,0.0,0.0,0.0,0.0,0,0,0,0.0,0.0,0.0,0.0,0.0,0.0,0.0,0.0,0.0,0.0,0.0,0.0,0.0,0.0,0.0,0.0,0,-107875648.0,69,0.0,138,0.0,-109447200.0,0,13107,17040,39322,17049,13107,17043,0,0,0,70,68,100,2.7302359370752657e+23,71.2,2.7302370179391762e+23,74.3,-0.0,74.0,1,49,50,180,13107,0,0,0,0.0,0.0,0.0,0.0,-0.0,67.0,0.0,162057.094,0.0,752,0,740,0,0,0,721,0,768,0,736,0,743,0,742,0,712,0,7520,0.032,108447924224.0,0.0,0.0,784,16797,-0.0,162057.094,-114818.039,-0.0,0.133,6.909358625270745e+28,30.0,65.0,35,0.0,0.0,0.0,0.0,0.0,0.0,0.0,0.0,0.0,0.0,0.0,0.0,0.0,0.0,0.0,0.0,69.2,0,150,71,55,65476,0,300,0,1,8,20529,65476,0,0,40632,65.0,0.0,0.0,0.0,0.0,0.0
2026-09-04T20:00:27,ERR,ERR,ERR,ERR,ERR,ERR,ERR,ERR,ERR,ERR,ERR,ERR,ERR,ERR,ERR,ERR,ERR,ERR,ERR,ERR,ERR,ERR,ERR,ERR,ERR,ERR,ERR,ERR,ERR,ERR,ERR,ERR,ERR,ERR,ERR,ERR,ERR,ERR,ERR,ERR,ERR,ERR,ERR,ERR,ERR,ERR,ERR,ERR,ERR,ERR,ERR,ERR,ERR,ERR,ERR,ERR,ERR,ERR,ERR,ERR,ERR,ERR,ERR,ERR,ERR,ERR,ERR,ERR,ERR,ERR,ERR,ERR,ERR,ERR,ERR,ERR,ERR,ERR,ERR,ERR,ERR,ERR,ERR,ERR,ERR,ERR,ERR,ERR,ERR,ERR,ERR,ERR,ERR,ERR,ERR,ERR,ERR,ERR,ERR,ERR,ERR,ERR,ERR,ERR,ERR,ERR,ERR,ERR,ERR,ERR,ERR,ERR,ERR,ERR,ERR,ERR,ERR,ERR,ERR,ERR,ERR,ERR,ERR,ERR,ERR,2.718430741444032e+23,-0.0,-134479040.0,0.0,0.0,1.3936040501711995e+18,7.805,0.0,0,0,4,0,7116,0.0,100,0.0,0.0,0.0,0.0,0.0,0,0,0,0,0.0,0,0,0,0,0,0,0,0,0,0,0,0,0,0,0,0,0,0,0,0,0,0,0,0,0,0,0,0,0,0,0,0,0,31,40,40,71,65476,0,300,0,0,8,21553,0.0,-107605600.0,0.0,0.0,0.0,0.0,0.0,0.0,0.0,0.0,0.0,0.0,0.0,0.0,0.0,0.0,0.0,0.0,0.0,0.0,0.0,0.0,0.0,0.0,-2.004,0.0,0.0,0.0,0.0,0.0,6200.0,-0.0,6935.0,2.718430741444032e+23,-0.0,-0.0,2.718430741444032e+23,0.0,0.0,0.0,0.0,69,-2.7184314620199723e+23,-4.9504197001927324e+32,0.0,0.0,0.0,0.0,0.0,0.0,0.0,0,0,0,0.0,0.0,0.0,0.0,0.0,0.0,0.0,0.0,0.0,0.0,0.0,0.0,0.0,0.0,0.0,0.0,0,-107875648.0,69,0.0,138,0.0,-109447200.0,0,13107,17040,39322,17049,13107,17043,0,0,0,70,68,100,2.7302359370752657e+23,71.2,2.7302370179391762e+23,74.2,2.7302370179391762e+23,74.0,1,49,50,180,26215,0,0,0,0.0,0.0,0.0,0.0,-0.0,67.0,0.0,162057.094,0.0,751,0,740,0,0,0,721,0,768,0,736,0,743,0,742,0,712,0,7520,0.032,107911053312.0,0.0,0.0,784,16797,-0.0,162057.094,-114818.039,-0.0,0.133,6.909358625270745e+28,30.0,65.0,35,0.0,0.0,0.0,0.0,0.0,0.0,0.0,0.0,0.0,0.0,0.0,0.0,0.0,0.0,0.0,0.0,69.2,0,150,71,55,65476,0,300,0,1,8,20529,65476,0,0,40632,65.0,0.0,0.0,0.0,0.0,0.0
2026-09-04T20:00:28,ERR,ERR,ERR,ERR,ERR,ERR,ERR,ERR,ERR,ERR,ERR,ERR,ERR,ERR,ERR,ERR,ERR,ERR,ERR,ERR,ERR,ERR,ERR,ERR,ERR,ERR,ERR,ERR,ERR,ERR,ERR,ERR,ERR,ERR,ERR,ERR,ERR,ERR,ERR,ERR,ERR,ERR,ERR,ERR,ERR,ERR,ERR,ERR,ERR,ERR,ERR,ERR,ERR,ERR,ERR,ERR,ERR,ERR,ERR,ERR,ERR,ERR,ERR,ERR,ERR,ERR,ERR,ERR,ERR,ERR,ERR,ERR,ERR,ERR,ERR,ERR,ERR,ERR,ERR,ERR,ERR,ERR,ERR,ERR,ERR,ERR,ERR,ERR,ERR,ERR,ERR,ERR,ERR,ERR,ERR,ERR,ERR,ERR,ERR,ERR,ERR,ERR,ERR,ERR,ERR,ERR,ERR,ERR,ERR,ERR,ERR,ERR,ERR,ERR,ERR,ERR,ERR,ERR,ERR,ERR,ERR,ERR,ERR,ERR,ERR,2.718430741444032e+23,-0.0,-134479040.0,0.0,0.0,1.3936040501711995e+18,7.805,0.0,0,0,4,0,7116,0.0,100,0.0,0.0,0.0,0.0,0.0,0,0,0,0,0.0,0,0,0,0,0,0,0,0,0,0,0,0,0,0,0,0,0,0,0,0,0,0,0,0,0,0,0,0,0,0,0,0,0,31,40,40,71,65476,0,300,0,0,8,21553,0.0,-107605600.0,0.0,0.0,0.0,0.0,0.0,0.0,0.0,0.0,0.0,0.0,0.0,0.0,0.0,0.0,0.0,0.0,0.0,0.0,0.0,0.0,0.0,0.0,-2.004,0.0,0.0,0.0,0.0,0.0,6200.0,-0.0,6935.0,2.718430741444032e+23,-0.0,-0.0,2.718430741444032e+23,0.0,0.0,0.0,0.0,69,-2.7184314620199723e+23,-4.9504197001927324e+32,0.0,0.0,0.0,0.0,0.0,0.0,0.0,0,0,0,0.0,0.0,0.0,0.0,0.0,0.0,0.0,0.0,0.0,0.0,0.0,0.0,0.0,0.0,0.0,0.0,0,-107875648.0,69,0.0,138,0.0,-109447200.0,0,13107,17040,39322,17049,13107,17043,0,0,0,70,68,100,2.7302359370752657e+23,71.2,2.7302370179391762e+23,74.2,2.7302370179391762e+23,74.0,1,49,50,180,26215,0,0,0,0.0,0.0,0.0,0.0,-0.0,67.0,0.0,162057.094,0.0,751,0,740,0,0,0,721,0,768,0,736,0,743,0,742,0,712,0,7520,0.032,107911053312.0,0.0,0.0,784,16797,-0.0,162057.094,-114818.039,-0.0,0.133,6.909358625270745e+28,30.0,65.0,35,0.0,0.0,0.0,0.0,0.0,0.0,0.0,0.0,0.0,0.0,0.0,0.0,0.0,0.0,0.0,0.0,69.2,0,150,71,55,65476,0,300,0,1,8,20529,65476,0,0,40632,65.0,0.0,0.0,0.0,0.0,0.0
2026-09-04T20:00:29,ERR,ERR,ERR,ERR,ERR,ERR,ERR,ERR,ERR,ERR,ERR,ERR,ERR,ERR,ERR,ERR,ERR,ERR,ERR,ERR,ERR,ERR,ERR,ERR,ERR,ERR,ERR,ERR,ERR,ERR,ERR,ERR,ERR,ERR,ERR,ERR,ERR,ERR,ERR,ERR,ERR,ERR,ERR,ERR,ERR,ERR,ERR,ERR,ERR,ERR,ERR,ERR,ERR,ERR,ERR,ERR,ERR,ERR,ERR,ERR,ERR,ERR,ERR,ERR,ERR,ERR,ERR,ERR,ERR,ERR,ERR,ERR,ERR,ERR,ERR,ERR,ERR,ERR,ERR,ERR,ERR,ERR,ERR,ERR,ERR,ERR,ERR,ERR,ERR,ERR,ERR,ERR,ERR,ERR,ERR,ERR,ERR,ERR,ERR,ERR,ERR,ERR,ERR,ERR,ERR,ERR,ERR,ERR,ERR,ERR,ERR,ERR,ERR,ERR,ERR,ERR,ERR,ERR,ERR,ERR,ERR,ERR,ERR,ERR,ERR,2.718430741444032e+23,-0.0,-134479040.0,0.0,0.0,1.3936040501711995e+18,7.805,0.0,0,0,4,0,7116,0.0,100,0.0,0.0,0.0,0.0,0.0,0,0,0,0,0.0,0,0,0,0,0,0,0,0,0,0,0,0,0,0,0,0,0,0,0,0,0,0,0,0,0,0,0,0,0,0,0,0,0,31,40,40,71,65476,0,300,0,0,8,21553,0.0,-107605600.0,0.0,0.0,0.0,0.0,0.0,0.0,0.0,0.0,0.0,0.0,0.0,0.0,0.0,0.0,0.0,0.0,0.0,0.0,0.0,0.0,0.0,0.0,-2.004,0.0,0.0,0.0,0.0,0.0,6200.0,-0.0,6935.0,2.718430741444032e+23,-0.0,-0.0,2.718430741444032e+23,0.0,0.0,0.0,0.0,69,-2.7184314620199723e+23,-4.9504197001927324e+32,0.0,0.0,0.0,0.0,0.0,0.0,0.0,0,0,0,0.0,0.0,0.0,0.0,0.0,0.0,0.0,0.0,0.0,0.0,0.0,0.0,0.0,0.0,0.0,0.0,0,-107875648.0,69,0.0,138,0.0,-109447200.0,0,13107,17040,39322,17049,13107,17043,0,0,0,70,68,100,2.7302359370752657e+23,71.2,2.7302370179391762e+23,74.2,2.7302370179391762e+23,74.0,1,49,50,180,26215,0,0,0,0.0,0.0,0.0,0.0,-0.0,67.0,0.0,162057.094,0.0,751,0,740,0,0,0,721,0,768,0,736,0,743,0,742,0,712,0,7520,0.032,107911053312.0,0.0,0.0,784,16797,-0.0,162057.094,-114818.039,-0.0,0.133,6.909358625270745e+28,30.0,65.0,35,0.0,0.0,0.0,0.0,0.0,0.0,0.0,0.0,0.0,0.0,0.0,0.0,0.0,0.0,0.0,0.0,69.2,0,150,71,55,65476,0,300,0,1,8,20529,65476,0,0,40632,65.0,0.0,0.0,0.0,0.0,0.0
2026-09-04T20:00:30,ERR,ERR,ERR,ERR,ERR,ERR,ERR,ERR,ERR,ERR,ERR,ERR,ERR,ERR,ERR,ERR,ERR,ERR,ERR,ERR,ERR,ERR,ERR,ERR,ERR,ERR,ERR,ERR,ERR,ERR,ERR,ERR,ERR,ERR,ERR,ERR,ERR,ERR,ERR,ERR,ERR,ERR,ERR,ERR,ERR,ERR,ERR,ERR,ERR,ERR,ERR,ERR,ERR,ERR,ERR,ERR,ERR,ERR,ERR,ERR,ERR,ERR,ERR,ERR,ERR,ERR,ERR,ERR,ERR,ERR,ERR,ERR,ERR,ERR,ERR,ERR,ERR,ERR,ERR,ERR,ERR,ERR,ERR,ERR,ERR,ERR,ERR,ERR,ERR,ERR,ERR,ERR,ERR,ERR,ERR,ERR,ERR,ERR,ERR,ERR,ERR,ERR,ERR,ERR,ERR,ERR,ERR,ERR,ERR,ERR,ERR,ERR,ERR,ERR,ERR,ERR,ERR,ERR,ERR,ERR,ERR,ERR,ERR,ERR,ERR,2.718430741444032e+23,-0.0,-134479040.0,0.0,0.0,1.3936040501711995e+18,7.805,0.0,0,0,4,0,7116,0.0,100,0.0,0.0,0.0,0.0,0.0,0,0,0,0,0.0,0,0,0,0,0,0,0,0,0,0,0,0,0,0,0,0,0,0,0,0,0,0,0,0,0,0,0,0,0,0,0,0,0,31,40,40,71,65476,0,300,0,0,8,21553,0.0,-107605600.0,0.0,0.0,0.0,0.0,0.0,0.0,0.0,0.0,0.0,0.0,0.0,0.0,0.0,0.0,0.0,0.0,0.0,0.0,0.0,0.0,0.0,0.0,-2.004,0.0,0.0,0.0,0.0,0.0,6194.0,-564148316405760.0,6939.0,2.718430741444032e+23,-0.0,-0.0,2.718430741444032e+23,0.0,0.0,0.0,0.0,69,-71.63,0.0,0.0,0.0,0.0,0.0,0.0,0.0,0.0,0,0,0,0.0,0.0,0.0,0.0,0.0,0.0,0.0,0.0,0.0,0.0,0.0,0.0,0.0,0.0,0.0,0.0,0,-107875648.0,69,0.0,138,0.0,-109447200.0,0,13107,17040,39322,17049,13107,17043,0,0,0,70,68,100,2.7302359370752657e+23,71.2,2.7302370179391762e+23,74.2,2.7302370179391762e+23,74.0,1,49,50,180,26215,0,0,0,0.0,0.0,0.0,0.0,-0.0,67.0,0.0,162057.094,0.0,751,0,740,0,0,0,721,0,768,0,736,0,743,0,742,0,712,0,7520,0.032,107911053312.0,0.0,0.0,784,16797,-0.0,162057.094,-114818.039,-0.0,0.133,6.909358625270745e+28,30.0,65.0,35,0.0,0.0,0.0,0.0,0.0,0.0,0.0,0.0,0.0,0.0,0.0,0.0,0.0,0.0,0.0,0.0,69.2,0,150,71,55,65476,0,300,0,1,8,20529,65476,0,0,40632,65.0,0.0,0.0,0.0,0.0,0.0
2026-09-04T20:00:31,ERR,ERR,ERR,ERR,ERR,ERR,ERR,ERR,ERR,ERR,ERR,ERR,ERR,ERR,ERR,ERR,ERR,ERR,ERR,ERR,ERR,ERR,ERR,ERR,ERR,ERR,ERR,ERR,ERR,ERR,ERR,ERR,ERR,ERR,ERR,ERR,ERR,ERR,ERR,ERR,ERR,ERR,ERR,ERR,ERR,ERR,ERR,ERR,ERR,ERR,ERR,ERR,ERR,ERR,ERR,ERR,ERR,ERR,ERR,ERR,ERR,ERR,ERR,ERR,ERR,ERR,ERR,ERR,ERR,ERR,ERR,ERR,ERR,ERR,ERR,ERR,ERR,ERR,ERR,ERR,ERR,ERR,ERR,ERR,ERR,ERR,ERR,ERR,ERR,ERR,ERR,ERR,ERR,ERR,ERR,ERR,ERR,ERR,ERR,ERR,ERR,ERR,ERR,ERR,ERR,ERR,ERR,ERR,ERR,ERR,ERR,ERR,ERR,ERR,ERR,ERR,ERR,ERR,ERR,ERR,ERR,ERR,ERR,ERR,ERR,2.718430741444032e+23,-0.0,-134479040.0,0.0,0.0,1.3936040501711995e+18,7.805,0.0,0,0,4,0,7116,0.0,100,0.0,0.0,0.0,0.0,0.0,0,0,0,0,0.0,0,0,0,0,0,0,0,0,0,0,0,0,0,0,0,0,0,0,0,0,0,0,0,0,0,0,0,0,0,0,0,0,0,31,40,40,71,65476,0,300,0,0,8,21553,0.0,-107605600.0,0.0,0.0,0.0,0.0,0.0,0.0,0.0,0.0,0.0,0.0,0.0,0.0,0.0,0.0,0.0,0.0,0.0,0.0,0.0,0.0,0.0,0.0,-2.004,0.0,0.0,0.0,0.0,0.0,6194.0,-564148316405760.0,6939.0,2.718430741444032e+23,-0.0,-0.0,2.718430741444032e+23,0.0,0.0,0.0,0.0,69,-71.63,0.0,0.0,0.0,0.0,0.0,0.0,0.0,0.0,0,0,0,0.0,0.0,0.0,0.0,0.0,0.0,0.0,0.0,0.0,0.0,0.0,0.0,0.0,0.0,0.0,0.0,0,-107875648.0,69,0.0,138,0.0,-109447200.0,0,13107,17040,39322,17049,13107,17043,0,0,0,70,68,100,2.7302359370752657e+23,71.2,2.7302370179391762e+23,74.2,2.7302370179391762e+23,74.0,1,49,50,180,26215,0,0,0,0.0,0.0,0.0,0.0,-0.0,67.0,0.0,162057.094,0.0,751,0,740,0,0,0,721,0,768,0,736,0,743,0,742,0,712,0,7520,0.032,107911053312.0,0.0,0.0,784,16797,-0.0,162057.094,-114818.039,-0.0,0.133,6.909358625270745e+28,30.0,65.0,35,0.0,0.0,0.0,0.0,0.0,0.0,0.0,0.0,0.0,0.0,0.0,0.0,0.0,0.0,0.0,0.0,69.2,0,150,71,55,65476,0,300,0,1,8,20529,65476,0,0,40632,65.0,0.0,0.0,0.0,0.0,0.0
2026-09-04T20:00:32,ERR,ERR,ERR,ERR,ERR,ERR,ERR,ERR,ERR,ERR,ERR,ERR,ERR,ERR,ERR,ERR,ERR,ERR,ERR,ERR,ERR,ERR,ERR,ERR,ERR,ERR,ERR,ERR,ERR,ERR,ERR,ERR,ERR,ERR,ERR,ERR,ERR,ERR,ERR,ERR,ERR,ERR,ERR,ERR,ERR,ERR,ERR,ERR,ERR,ERR,ERR,ERR,ERR,ERR,ERR,ERR,ERR,ERR,ERR,ERR,ERR,ERR,ERR,ERR,ERR,ERR,ERR,ERR,ERR,ERR,ERR,ERR,ERR,ERR,ERR,ERR,ERR,ERR,ERR,ERR,ERR,ERR,ERR,ERR,ERR,ERR,ERR,ERR,ERR,ERR,ERR,ERR,ERR,ERR,ERR,ERR,ERR,ERR,ERR,ERR,ERR,ERR,ERR,ERR,ERR,ERR,ERR,ERR,ERR,ERR,ERR,ERR,ERR,ERR,ERR,ERR,ERR,ERR,ERR,ERR,ERR,ERR,ERR,ERR,ERR,2.718430741444032e+23,-0.0,-134479040.0,0.0,0.0,1.3936040501711995e+18,7.805,0.0,0,0,4,0,7116,0.0,100,0.0,0.0,0.0,0.0,0.0,0,0,0,0,0.0,0,0,0,0,0,0,0,0,0,0,0,0,0,0,0,0,0,0,0,0,0,0,0,0,0,0,0,0,0,0,0,0,0,31,40,40,71,65476,0,300,0,0,8,21553,0.0,-107605600.0,0.0,0.0,0.0,0.0,0.0,0.0,0.0,0.0,0.0,0.0,0.0,0.0,0.0,0.0,0.0,0.0,0.0,0.0,0.0,0.0,0.0,0.0,-2.004,0.0,0.0,0.0,0.0,0.0,6194.0,-564148316405760.0,6939.0,2.718430741444032e+23,-0.0,-0.0,2.718430741444032e+23,0.0,0.0,0.0,0.0,69,-71.63,0.0,0.0,0.0,0.0,0.0,0.0,0.0,0.0,0,0,0,0.0,0.0,0.0,0.0,0.0,0.0,0.0,0.0,0.0,0.0,0.0,0.0,0.0,0.0,0.0,0.0,0,-107875648.0,69,0.0,138,0.0,-109447200.0,0,13107,17040,39322,17049,13107,17043,0,0,0,70,68,100,2.7302359370752657e+23,71.1,2.7302370179391762e+23,74.3,-0.0,74.0,1,49,50,180,13107,0,0,0,0.0,0.0,0.0,0.0,-0.0,67.0,0.0,162057.094,0.0,751,0,740,0,0,0,721,0,768,0,737,0,743,0,742,0,712,0,7520,0.032,108447924224.0,0.0,0.0,784,16797,-0.0,162057.094,-114818.039,-0.0,0.133,6.909358625270745e+28,30.0,65.0,35,0.0,0.0,0.0,0.0,0.0,0.0,0.0,0.0,0.0,0.0,0.0,0.0,0.0,0.0,0.0,0.0,69.2,0,150,71,55,65476,0,300,0,1,8,20529,65476,0,0,40632,65.0,0.0,0.0,0.0,0.0,0.0
2026-09-04T20:00:33,ERR,ERR,ERR,ERR,ERR,ERR,ERR,ERR,ERR,ERR,ERR,ERR,ERR,ERR,ERR,ERR,ERR,ERR,ERR,ERR,ERR,ERR,ERR,ERR,ERR,ERR,ERR,ERR,ERR,ERR,ERR,ERR,ERR,ERR,ERR,ERR,ERR,ERR,ERR,ERR,ERR,ERR,ERR,ERR,ERR,ERR,ERR,ERR,ERR,ERR,ERR,ERR,ERR,ERR,ERR,ERR,ERR,ERR,ERR,ERR,ERR,ERR,ERR,ERR,ERR,ERR,ERR,ERR,ERR,ERR,ERR,ERR,ERR,ERR,ERR,ERR,ERR,ERR,ERR,ERR,ERR,ERR,ERR,ERR,ERR,ERR,ERR,ERR,ERR,ERR,ERR,ERR,ERR,ERR,ERR,ERR,ERR,ERR,ERR,ERR,ERR,ERR,ERR,ERR,ERR,ERR,ERR,ERR,ERR,ERR,ERR,ERR,ERR,ERR,ERR,ERR,ERR,ERR,ERR,ERR,ERR,ERR,ERR,ERR,ERR,2.718430741444032e+23,-0.0,-134479040.0,0.0,0.0,1.3936040501711995e+18,7.805,0.0,0,0,4,0,7116,0.0,100,0.0,0.0,0.0,0.0,0.0,0,0,0,0,0.0,0,0,0,0,0,0,0,0,0,0,0,0,0,0,0,0,0,0,0,0,0,0,0,0,0,0,0,0,0,0,0,0,0,31,40,40,71,65476,0,300,0,0,8,21553,0.0,-107605600.0,0.0,0.0,0.0,0.0,0.0,0.0,0.0,0.0,0.0,0.0,0.0,0.0,0.0,0.0,0.0,0.0,0.0,0.0,0.0,0.0,0.0,0.0,-2.004,0.0,0.0,0.0,0.0,0.0,6194.0,-564148316405760.0,6939.0,2.718430741444032e+23,-0.0,-0.0,2.718430741444032e+23,0.0,0.0,0.0,0.0,69,-71.63,0.0,0.0,0.0,0.0,0.0,0.0,0.0,0.0,0,0,0,0.0,0.0,0.0,0.0,0.0,0.0,0.0,0.0,0.0,0.0,0.0,0.0,0.0,0.0,0.0,0.0,0,-107875648.0,69,0.0,138,0.0,-109447200.0,0,13107,17040,39322,17049,13107,17043,0,0,0,70,68,100,2.7302359370752657e+23,71.1,2.7302370179391762e+23,74.3,-0.0,74.0,1,49,50,180,13107,0,0,0,0.0,0.0,0.0,0.0,-0.0,67.0,0.0,162057.094,0.0,751,0,740,0,0,0,721,0,768,0,737,0,743,0,742,0,712,0,7520,0.032,108447924224.0,0.0,0.0,784,16797,-0.0,162057.094,-114818.039,-0.0,0.133,6.909358625270745e+28,30.0,65.0,35,0.0,0.0,0.0,0.0,0.0,0.0,0.0,0.0,0.0,0.0,0.0,0.0,0.0,0.0,0.0,0.0,69.2,0,150,71,55,65476,0,300,0,1,8,20529,65476,0,0,40632,65.0,0.0,0.0,0.0,0.0,0.0
2026-09-04T20:00:34,ERR,ERR,ERR,ERR,ERR,ERR,ERR,ERR,ERR,ERR,ERR,ERR,ERR,ERR,ERR,ERR,ERR,ERR,ERR,ERR,ERR,ERR,ERR,ERR,ERR,ERR,ERR,ERR,ERR,ERR,ERR,ERR,ERR,ERR,ERR,ERR,ERR,ERR,ERR,ERR,ERR,ERR,ERR,ERR,ERR,ERR,ERR,ERR,ERR,ERR,ERR,ERR,ERR,ERR,ERR,ERR,ERR,ERR,ERR,ERR,ERR,ERR,ERR,ERR,ERR,ERR,ERR,ERR,ERR,ERR,ERR,ERR,ERR,ERR,ERR,ERR,ERR,ERR,ERR,ERR,ERR,ERR,ERR,ERR,ERR,ERR,ERR,ERR,ERR,ERR,ERR,ERR,ERR,ERR,ERR,ERR,ERR,ERR,ERR,ERR,ERR,ERR,ERR,ERR,ERR,ERR,ERR,ERR,ERR,ERR,ERR,ERR,ERR,ERR,ERR,ERR,ERR,ERR,ERR,ERR,ERR,ERR,ERR,ERR,ERR,2.718430741444032e+23,-0.0,-134479040.0,0.0,0.0,1.3936040501711995e+18,7.805,0.0,0,0,4,0,7116,0.0,100,0.0,0.0,0.0,0.0,0.0,0,0,0,0,0.0,0,0,0,0,0,0,0,0,0,0,0,0,0,0,0,0,0,0,0,0,0,0,0,0,0,0,0,0,0,0,0,0,0,31,40,40,71,65476,0,300,0,0,8,21553,0.0,-107605600.0,0.0,0.0,0.0,0.0,0.0,0.0,0.0,0.0,0.0,0.0,0.0,0.0,0.0,0.0,0.0,0.0,0.0,0.0,0.0,0.0,0.0,0.0,-2.004,0.0,0.0,0.0,0.0,0.0,6194.0,-564148316405760.0,6939.0,2.718430741444032e+23,-0.0,-0.0,2.718430741444032e+23,0.0,0.0,0.0,0.0,69,-71.63,0.0,0.0,0.0,0.0,0.0,0.0,0.0,0.0,0,0,0,0.0,0.0,0.0,0.0,0.0,0.0,0.0,0.0,0.0,0.0,0.0,0.0,0.0,0.0,0.0,0.0,0,-107875648.0,69,0.0,138,0.0,-109447200.0,0,13107,17040,39322,17049,13107,17043,0,0,0,70,68,100,2.7302359370752657e+23,71.1,2.7302370179391762e+23,74.3,-0.0,74.0,1,49,50,180,13107,0,0,0,0.0,0.0,0.0,0.0,-0.0,67.0,0.0,162057.094,0.0,751,0,740,0,0,0,721,0,768,0,737,0,743,0,742,0,712,0,7520,0.032,108447924224.0,0.0,0.0,784,16797,-0.0,162057.094,-114818.039,-0.0,0.133,6.909358625270745e+28,30.0,65.0,35,0.0,0.0,0.0,0.0,0.0,0.0,0.0,0.0,0.0,0.0,0.0,0.0,0.0,0.0,0.0,0.0,69.2,0,150,71,55,65476,0,300,0,1,8,20529,65476,0,0,40632,65.0,0.0,0.0,0.0,0.0,0.0
2026-09-04T20:00:35,ERR,ERR,ERR,ERR,ERR,ERR,ERR,ERR,ERR,ERR,ERR,ERR,ERR,ERR,ERR,ERR,ERR,ERR,ERR,ERR,ERR,ERR,ERR,ERR,ERR,ERR,ERR,ERR,ERR,ERR,ERR,ERR,ERR,ERR,ERR,ERR,ERR,ERR,ERR,ERR,ERR,ERR,ERR,ERR,ERR,ERR,ERR,ERR,ERR,ERR,ERR,ERR,ERR,ERR,ERR,ERR,ERR,ERR,ERR,ERR,ERR,ERR,ERR,ERR,ERR,ERR,ERR,ERR,ERR,ERR,ERR,ERR,ERR,ERR,ERR,ERR,ERR,ERR,ERR,ERR,ERR,ERR,ERR,ERR,ERR,ERR,ERR,ERR,ERR,ERR,ERR,ERR,ERR,ERR,ERR,ERR,ERR,ERR,ERR,ERR,ERR,ERR,ERR,ERR,ERR,ERR,ERR,ERR,ERR,ERR,ERR,ERR,ERR,ERR,ERR,ERR,ERR,ERR,ERR,ERR,ERR,ERR,ERR,ERR,ERR,2.718430741444032e+23,-0.0,-134479040.0,0.0,0.0,1.3936040501711995e+18,7.805,0.0,0,0,4,0,7116,0.0,100,0.0,0.0,0.0,0.0,0.0,0,0,0,0,0.0,0,0,0,0,0,0,0,0,0,0,0,0,0,0,0,0,0,0,0,0,0,0,0,0,0,0,0,0,0,0,0,0,0,31,40,40,71,65476,0,300,0,0,8,21553,0.0,-107605600.0,0.0,0.0,0.0,0.0,0.0,0.0,0.0,0.0,0.0,0.0,0.0,0.0,0.0,0.0,0.0,0.0,0.0,0.0,0.0,0.0,0.0,0.0,-2.004,0.0,0.0,0.0,0.0,0.0,6194.0,-564148316405760.0,6939.0,2.718430741444032e+23,-0.0,-0.0,2.718430741444032e+23,0.0,0.0,0.0,0.0,69,-71.63,0.0,0.0,0.0,0.0,0.0,0.0,0.0,0.0,0,0,0,0.0,0.0,0.0,0.0,0.0,0.0,0.0,0.0,0.0,0.0,0.0,0.0,0.0,0.0,0.0,0.0,0,-107875648.0,69,0.0,138,0.0,-109447200.0,0,13107,17040,39322,17049,13107,17043,0,0,0,70,68,100,2.7302359370752657e+23,71.1,2.7302370179391762e+23,74.3,-0.0,74.0,1,49,50,180,13107,0,0,0,0.0,0.0,0.0,0.0,-0.0,67.0,0.0,162057.094,0.0,751,0,740,0,0,0,721,0,768,0,737,0,743,0,742,0,712,0,7520,0.032,108447924224.0,0.0,0.0,784,16797,-0.0,162057.094,-114818.039,-0.0,0.133,6.909358625270745e+28,30.0,65.0,35,0.0,0.0,0.0,0.0,0.0,0.0,0.0,0.0,0.0,0.0,0.0,0.0,0.0,0.0,0.0,0.0,69.2,0,150,71,55,65476,0,300,0,1,8,20529,65476,0,0,40632,65.0,0.0,0.0,0.0,0.0,0.0
2026-09-04T20:00:36,ERR,ERR,ERR,ERR,ERR,ERR,ERR,ERR,ERR,ERR,ERR,ERR,ERR,ERR,ERR,ERR,ERR,ERR,ERR,ERR,ERR,ERR,ERR,ERR,ERR,ERR,ERR,ERR,ERR,ERR,ERR,ERR,ERR,ERR,ERR,ERR,ERR,ERR,ERR,ERR,ERR,ERR,ERR,ERR,ERR,ERR,ERR,ERR,ERR,ERR,ERR,ERR,ERR,ERR,ERR,ERR,ERR,ERR,ERR,ERR,ERR,ERR,ERR,ERR,ERR,ERR,ERR,ERR,ERR,ERR,ERR,ERR,ERR,ERR,ERR,ERR,ERR,ERR,ERR,ERR,ERR,ERR,ERR,ERR,ERR,ERR,ERR,ERR,ERR,ERR,ERR,ERR,ERR,ERR,ERR,ERR,ERR,ERR,ERR,ERR,ERR,ERR,ERR,ERR,ERR,ERR,ERR,ERR,ERR,ERR,ERR,ERR,ERR,ERR,ERR,ERR,ERR,ERR,ERR,ERR,ERR,ERR,ERR,ERR,ERR,2.718430741444032e+23,-0.0,-134479040.0,0.0,0.0,1.3936040501711995e+18,7.805,0.0,0,0,4,0,7116,0.0,100,0.0,0.0,0.0,0.0,0.0,0,0,0,0,0.0,0,0,0,0,0,0,0,0,0,0,0,0,0,0,0,0,0,0,0,0,0,0,0,0,0,0,0,0,0,0,0,0,0,31,40,40,71,65476,0,300,0,0,8,21553,0.0,-107605600.0,0.0,0.0,0.0,0.0,0.0,0.0,0.0,0.0,0.0,0.0,0.0,0.0,0.0,0.0,0.0,0.0,0.0,0.0,0.0,0.0,0.0,0.0,-2.004,0.0,0.0,0.0,0.0,0.0,6194.0,-564148316405760.0,6939.0,2.718430741444032e+23,-0.0,-0.0,2.718430741444032e+23,0.0,0.0,0.0,0.0,69,-71.63,0.0,0.0,0.0,0.0,0.0,0.0,0.0,0.0,0,0,0,0.0,0.0,0.0,0.0,0.0,0.0,0.0,0.0,0.0,0.0,0.0,0.0,0.0,0.0,0.0,0.0,0,-107875648.0,69,0.0,138,0.0,-109447200.0,0,13107,17040,39322,17049,13107,17043,0,0,0,70,68,100,2.7302359370752657e+23,71.1,2.7302370179391762e+23,74.3,-0.0,74.0,1,49,50,180,13107,0,0,0,0.0,0.0,0.0,0.0,-0.0,67.0,0.0,162057.094,0.0,751,0,740,0,0,0,721,0,768,0,737,0,743,0,742,0,712,0,7520,0.032,108447924224.0,0.0,0.0,784,16797,-0.0,162057.094,-114818.039,-0.0,0.133,6.909358625270745e+28,30.0,65.0,35,0.0,0.0,0.0,0.0,0.0,0.0,0.0,0.0,0.0,0.0,0.0,0.0,0.0,0.0,0.0,0.0,69.2,0,150,71,55,65476,0,300,0,1,8,20529,65476,0,0,40632,65.0,0.0,0.0,0.0,0.0,0.0
2026-09-04T20:00:37,ERR,ERR,ERR,ERR,ERR,ERR,ERR,ERR,ERR,ERR,ERR,ERR,ERR,ERR,ERR,ERR,ERR,ERR,ERR,ERR,ERR,ERR,ERR,ERR,ERR,ERR,ERR,ERR,ERR,ERR,ERR,ERR,ERR,ERR,ERR,ERR,ERR,ERR,ERR,ERR,ERR,ERR,ERR,ERR,ERR,ERR,ERR,ERR,ERR,ERR,ERR,ERR,ERR,ERR,ERR,ERR,ERR,ERR,ERR,ERR,ERR,ERR,ERR,ERR,ERR,ERR,ERR,ERR,ERR,ERR,ERR,ERR,ERR,ERR,ERR,ERR,ERR,ERR,ERR,ERR,ERR,ERR,ERR,ERR,ERR,ERR,ERR,ERR,ERR,ERR,ERR,ERR,ERR,ERR,ERR,ERR,ERR,ERR,ERR,ERR,ERR,ERR,ERR,ERR,ERR,ERR,ERR,ERR,ERR,ERR,ERR,ERR,ERR,ERR,ERR,ERR,ERR,ERR,ERR,ERR,ERR,ERR,ERR,ERR,ERR,2.718430741444032e+23,-0.0,-134479040.0,0.0,0.0,1.3936040501711995e+18,7.805,0.0,0,0,4,0,7116,0.0,100,0.0,0.0,0.0,0.0,0.0,0,0,0,0,0.0,0,0,0,0,0,0,0,0,0,0,0,0,0,0,0,0,0,0,0,0,0,0,0,0,0,0,0,0,0,0,0,0,0,31,40,40,71,65476,0,300,0,0,8,21553,0.0,-107605600.0,0.0,0.0,0.0,0.0,0.0,0.0,0.0,0.0,0.0,0.0,0.0,0.0,0.0,0.0,0.0,0.0,0.0,0.0,0.0,0.0,0.0,0.0,-2.004,0.0,0.0,0.0,0.0,0.0,6194.0,-564148316405760.0,6939.0,2.718430741444032e+23,-0.0,-0.0,2.718430741444032e+23,0.0,0.0,0.0,0.0,69,-71.63,0.0,0.0,0.0,0.0,0.0,0.0,0.0,0.0,0,0,0,0.0,0.0,0.0,0.0,0.0,0.0,0.0,0.0,0.0,0.0,0.0,0.0,0.0,0.0,0.0,0.0,0,-107875648.0,69,0.0,138,0.0,-109447200.0,0,13107,17040,39322,17049,13107,17043,0,0,0,70,68,100,2.7302359370752657e+23,71.1,2.7302370179391762e+23,74.3,-0.0,74.0,1,49,50,180,13107,0,0,0,0.0,0.0,0.0,0.0,-0.0,67.0,0.0,162057.094,0.0,751,0,740,0,0,0,721,0,768,0,737,0,743,0,742,0,712,0,7520,0.032,108447924224.0,0.0,0.0,784,16797,-0.0,162057.094,-114818.039,-0.0,0.133,6.909358625270745e+28,30.0,65.0,35,0.0,0.0,0.0,0.0,0.0,0.0,0.0,0.0,0.0,0.0,0.0,0.0,0.0,0.0,0.0,0.0,69.2,0,150,71,55,65476,0,300,0,1,8,20529,65476,0,0,40632,65.0,0.0,0.0,0.0,0.0,0.0
2026-09-04T20:00:38,ERR,ERR,ERR,ERR,ERR,ERR,ERR,ERR,ERR,ERR,ERR,ERR,ERR,ERR,ERR,ERR,ERR,ERR,ERR,ERR,ERR,ERR,ERR,ERR,ERR,ERR,ERR,ERR,ERR,ERR,ERR,ERR,ERR,ERR,ERR,ERR,ERR,ERR,ERR,ERR,ERR,ERR,ERR,ERR,ERR,ERR,ERR,ERR,ERR,ERR,ERR,ERR,ERR,ERR,ERR,ERR,ERR,ERR,ERR,ERR,ERR,ERR,ERR,ERR,ERR,ERR,ERR,ERR,ERR,ERR,ERR,ERR,ERR,ERR,ERR,ERR,ERR,ERR,ERR,ERR,ERR,ERR,ERR,ERR,ERR,ERR,ERR,ERR,ERR,ERR,ERR,ERR,ERR,ERR,ERR,ERR,ERR,ERR,ERR,ERR,ERR,ERR,ERR,ERR,ERR,ERR,ERR,ERR,ERR,ERR,ERR,ERR,ERR,ERR,ERR,ERR,ERR,ERR,ERR,ERR,ERR,ERR,ERR,ERR,ERR,2.718430741444032e+23,-0.0,-134479040.0,0.0,0.0,1.3936040501711995e+18,7.805,0.0,0,0,4,0,7116,0.0,100,0.0,0.0,0.0,0.0,0.0,0,0,0,0,0.0,0,0,0,0,0,0,0,0,0,0,0,0,0,0,0,0,0,0,0,0,0,0,0,0,0,0,0,0,0,0,0,0,0,31,40,40,71,65476,0,300,0,0,8,21553,0.0,-107605600.0,0.0,0.0,0.0,0.0,0.0,0.0,0.0,0.0,0.0,0.0,0.0,0.0,0.0,0.0,0.0,0.0,0.0,0.0,0.0,0.0,0.0,0.0,-2.004,0.0,0.0,0.0,0.0,0.0,6193.0,0.0,6917.0,2.718430741444032e+23,-0.0,-0.0,2.718430741444032e+23,0.0,0.0,0.0,0.0,69,-0.0,-4.95041931333647e+32,0.0,0.0,0.0,0.0,0.0,0.0,0.0,0,0,0,0.0,0.0,0.0,0.0,0.0,0.0,0.0,0.0,0.0,0.0,0.0,0.0,0.0,0.0,0.0,0.0,0,-107875648.0,69,0.0,138,0.0,-109447200.0,0,13107,17040,39322,17049,26215,17043,0,0,0,70,68,100,2.7302359370752657e+23,71.2,2.7302370179391762e+23,74.3,-0.0,74.0,1,49,50,180,26215,0,0,0,0.0,0.0,0.0,0.0,-0.0,67.0,0.0,162057.094,0.0,751,0,740,0,0,0,721,0,768,0,737,0,743,0,742,0,712,0,7520,0.032,108447924224.0,0.0,0.0,784,16797,-0.0,162057.094,-114818.039,-0.0,0.133,6.909358625270745e+28,30.0,65.0,35,0.0,0.0,0.0,0.0,0.0,0.0,0.0,0.0,0.0,0.0,0.0,0.0,0.0,0.0,0.0,0.0,69.2,0,150,71,55,65476,0,300,0,1,8,20529,65476,0,0,40632,65.0,0.0,0.0,0.0,0.0,0.0
2026-09-04T20:00:39,ERR,ERR,ERR,ERR,ERR,ERR,ERR,ERR,ERR,ERR,ERR,ERR,ERR,ERR,ERR,ERR,ERR,ERR,ERR,ERR,ERR,ERR,ERR,ERR,ERR,ERR,ERR,ERR,ERR,ERR,ERR,ERR,ERR,ERR,ERR,ERR,ERR,ERR,ERR,ERR,ERR,ERR,ERR,ERR,ERR,ERR,ERR,ERR,ERR,ERR,ERR,ERR,ERR,ERR,ERR,ERR,ERR,ERR,ERR,ERR,ERR,ERR,ERR,ERR,ERR,ERR,ERR,ERR,ERR,ERR,ERR,ERR,ERR,ERR,ERR,ERR,ERR,ERR,ERR,ERR,ERR,ERR,ERR,ERR,ERR,ERR,ERR,ERR,ERR,ERR,ERR,ERR,ERR,ERR,ERR,ERR,ERR,ERR,ERR,ERR,ERR,ERR,ERR,ERR,ERR,ERR,ERR,ERR,ERR,ERR,ERR,ERR,ERR,ERR,ERR,ERR,ERR,ERR,ERR,ERR,ERR,ERR,ERR,ERR,ERR,2.718430741444032e+23,-0.0,-134479040.0,0.0,0.0,1.3936040501711995e+18,7.805,0.0,0,0,4,0,7116,0.0,100,0.0,0.0,0.0,0.0,0.0,0,0,0,0,0.0,0,0,0,0,0,0,0,0,0,0,0,0,0,0,0,0,0,0,0,0,0,0,0,0,0,0,0,0,0,0,0,0,0,31,40,40,71,65476,0,300,0,0,8,21553,0.0,-107605600.0,0.0,0.0,0.0,0.0,0.0,0.0,0.0,0.0,0.0,0.0,0.0,0.0,0.0,0.0,0.0,0.0,0.0,0.0,0.0,0.0,0.0,0.0,-2.004,0.0,0.0,0.0,0.0,0.0,6193.0,0.0,6917.0,2.718430741444032e+23,-0.0,-0.0,2.718430741444032e+23,0.0,0.0,0.0,0.0,69,-0.0,-4.95041931333647e+32,0.0,0.0,0.0,0.0,0.0,0.0,0.0,0,0,0,0.0,0.0,0.0,0.0,0.0,0.0,0.0,0.0,0.0,0.0,0.0,0.0,0.0,0.0,0.0,0.0,0,-107875648.0,69,0.0,138,0.0,-109447200.0,0,13107,17040,39322,17049,26215,17043,0,0,0,70,68,100,2.7302359370752657e+23,71.2,2.7302370179391762e+23,74.3,-0.0,74.0,1,49,50,180,26215,0,0,0,0.0,0.0,0.0,0.0,-0.0,67.0,0.0,162057.094,0.0,751,0,740,0,0,0,721,0,768,0,737,0,743,0,742,0,712,0,7520,0.032,108447924224.0,0.0,0.0,784,16797,-0.0,162057.094,-114818.039,-0.0,0.133,6.909358625270745e+28,30.0,65.0,35,0.0,0.0,0.0,0.0,0.0,0.0,0.0,0.0,0.0,0.0,0.0,0.0,0.0,0.0,0.0,0.0,69.2,0,150,71,55,65476,0,300,0,1,8,20529,65476,0,0,40632,65.0,0.0,0.0,0.0,0.0,0.0
2026-09-04T20:00:40,ERR,ERR,ERR,ERR,ERR,ERR,ERR,ERR,ERR,ERR,ERR,ERR,ERR,ERR,ERR,ERR,ERR,ERR,ERR,ERR,ERR,ERR,ERR,ERR,ERR,ERR,ERR,ERR,ERR,ERR,ERR,ERR,ERR,ERR,ERR,ERR,ERR,ERR,ERR,ERR,ERR,ERR,ERR,ERR,ERR,ERR,ERR,ERR,ERR,ERR,ERR,ERR,ERR,ERR,ERR,ERR,ERR,ERR,ERR,ERR,ERR,ERR,ERR,ERR,ERR,ERR,ERR,ERR,ERR,ERR,ERR,ERR,ERR,ERR,ERR,ERR,ERR,ERR,ERR,ERR,ERR,ERR,ERR,ERR,ERR,ERR,ERR,ERR,ERR,ERR,ERR,ERR,ERR,ERR,ERR,ERR,ERR,ERR,ERR,ERR,ERR,ERR,ERR,ERR,ERR,ERR,ERR,ERR,ERR,ERR,ERR,ERR,ERR,ERR,ERR,ERR,ERR,ERR,ERR,ERR,ERR,ERR,ERR,ERR,ERR,2.718430741444032e+23,-0.0,-134479040.0,0.0,0.0,1.3936040501711995e+18,7.805,0.0,0,0,4,0,7116,0.0,100,0.0,0.0,0.0,0.0,0.0,0,0,0,0,0.0,0,0,0,0,0,0,0,0,0,0,0,0,0,0,0,0,0,0,0,0,0,0,0,0,0,0,0,0,0,0,0,0,0,31,40,40,71,65476,0,300,0,0,8,21553,0.0,-107605600.0,0.0,0.0,0.0,0.0,0.0,0.0,0.0,0.0,0.0,0.0,0.0,0.0,0.0,0.0,0.0,0.0,0.0,0.0,0.0,0.0,0.0,0.0,-2.004,0.0,0.0,0.0,0.0,0.0,6193.0,0.0,6917.0,2.718430741444032e+23,-0.0,-0.0,2.718430741444032e+23,0.0,0.0,0.0,0.0,69,-0.0,-4.95041931333647e+32,0.0,0.0,0.0,0.0,0.0,0.0,0.0,0,0,0,0.0,0.0,0.0,0.0,0.0,0.0,0.0,0.0,0.0,0.0,0.0,0.0,0.0,0.0,0.0,0.0,0,-107875648.0,69,0.0,138,0.0,-109447200.0,0,13107,17040,39322,17049,26215,17043,0,0,0,70,68,100,2.7302359370752657e+23,71.2,2.7302370179391762e+23,74.3,-0.0,74.0,1,49,50,180,26215,0,0,0,0.0,0.0,0.0,0.0,-0.0,67.0,0.0,162057.094,0.0,751,0,740,0,0,0,721,0,768,0,737,0,743,0,742,0,712,0,7520,0.032,108447924224.0,0.0,0.0,784,16797,-0.0,162057.094,-114818.039,-0.0,0.133,6.909358625270745e+28,30.0,65.0,35,0.0,0.0,0.0,0.0,0.0,0.0,0.0,0.0,0.0,0.0,0.0,0.0,0.0,0.0,0.0,0.0,69.2,0,150,71,55,65476,0,300,0,1,8,20529,65476,0,0,40632,65.0,0.0,0.0,0.0,0.0,0.0
2026-09-04T20:00:41,ERR,ERR,ERR,ERR,ERR,ERR,ERR,ERR,ERR,ERR,ERR,ERR,ERR,ERR,ERR,ERR,ERR,ERR,ERR,ERR,ERR,ERR,ERR,ERR,ERR,ERR,ERR,ERR,ERR,ERR,ERR,ERR,ERR,ERR,ERR,ERR,ERR,ERR,ERR,ERR,ERR,ERR,ERR,ERR,ERR,ERR,ERR,ERR,ERR,ERR,ERR,ERR,ERR,ERR,ERR,ERR,ERR,ERR,ERR,ERR,ERR,ERR,ERR,ERR,ERR,ERR,ERR,ERR,ERR,ERR,ERR,ERR,ERR,ERR,ERR,ERR,ERR,ERR,ERR,ERR,ERR,ERR,ERR,ERR,ERR,ERR,ERR,ERR,ERR,ERR,ERR,ERR,ERR,ERR,ERR,ERR,ERR,ERR,ERR,ERR,ERR,ERR,ERR,ERR,ERR,ERR,ERR,ERR,ERR,ERR,ERR,ERR,ERR,ERR,ERR,ERR,ERR,ERR,ERR,ERR,ERR,ERR,ERR,ERR,ERR,2.718430741444032e+23,-0.0,-134479040.0,0.0,0.0,1.3936040501711995e+18,7.805,0.0,0,0,4,0,7116,0.0,100,0.0,0.0,0.0,0.0,0.0,0,0,0,0,0.0,0,0,0,0,0,0,0,0,0,0,0,0,0,0,0,0,0,0,0,0,0,0,0,0,0,0,0,0,0,0,0,0,0,31,40,40,71,65476,0,300,0,0,8,21553,0.0,-107605600.0,0.0,0.0,0.0,0.0,0.0,0.0,0.0,0.0,0.0,0.0,0.0,0.0,0.0,0.0,0.0,0.0,0.0,0.0,0.0,0.0,0.0,0.0,-2.004,0.0,0.0,0.0,0.0,0.0,6193.0,0.0,6917.0,2.718430741444032e+23,-0.0,-0.0,2.718430741444032e+23,0.0,0.0,0.0,0.0,69,-0.0,-4.95041931333647e+32,0.0,0.0,0.0,0.0,0.0,0.0,0.0,0,0,0,0.0,0.0,0.0,0.0,0.0,0.0,0.0,0.0,0.0,0.0,0.0,0.0,0.0,0.0,0.0,0.0,0,-107875648.0,69,0.0,138,0.0,-109447200.0,0,13107,17040,39322,17049,26215,17043,0,0,0,70,68,100,2.7302359370752657e+23,71.2,2.7302370179391762e+23,74.3,-0.0,74.0,1,49,50,180,26215,0,0,0,0.0,0.0,0.0,0.0,-0.0,67.0,0.0,162057.094,0.0,751,0,740,0,0,0,721,0,768,0,737,0,743,0,742,0,712,0,7520,0.032,108447924224.0,0.0,0.0,784,16797,-0.0,162057.094,-114818.039,-0.0,0.133,6.909358625270745e+28,30.0,65.0,35,0.0,0.0,0.0,0.0,0.0,0.0,0.0,0.0,0.0,0.0,0.0,0.0,0.0,0.0,0.0,0.0,69.2,0,150,71,55,65476,0,300,0,1,8,20529,65476,0,0,40632,65.0,0.0,0.0,0.0,0.0,0.0
2026-09-04T20:00:42,ERR,ERR,ERR,ERR,ERR,ERR,ERR,ERR,ERR,ERR,ERR,ERR,ERR,ERR,ERR,ERR,ERR,ERR,ERR,ERR,ERR,ERR,ERR,ERR,ERR,ERR,ERR,ERR,ERR,ERR,ERR,ERR,ERR,ERR,ERR,ERR,ERR,ERR,ERR,ERR,ERR,ERR,ERR,ERR,ERR,ERR,ERR,ERR,ERR,ERR,ERR,ERR,ERR,ERR,ERR,ERR,ERR,ERR,ERR,ERR,ERR,ERR,ERR,ERR,ERR,ERR,ERR,ERR,ERR,ERR,ERR,ERR,ERR,ERR,ERR,ERR,ERR,ERR,ERR,ERR,ERR,ERR,ERR,ERR,ERR,ERR,ERR,ERR,ERR,ERR,ERR,ERR,ERR,ERR,ERR,ERR,ERR,ERR,ERR,ERR,ERR,ERR,ERR,ERR,ERR,ERR,ERR,ERR,ERR,ERR,ERR,ERR,ERR,ERR,ERR,ERR,ERR,ERR,ERR,ERR,ERR,ERR,ERR,ERR,ERR,2.718430741444032e+23,-0.0,-134479040.0,0.0,0.0,1.3936040501711995e+18,7.805,0.0,0,0,4,0,7116,0.0,100,0.0,0.0,0.0,0.0,0.0,0,0,0,0,0.0,0,0,0,0,0,0,0,0,0,0,0,0,0,0,0,0,0,0,0,0,0,0,0,0,0,0,0,0,0,0,0,0,0,31,40,40,71,65476,0,300,0,0,8,21553,0.0,-107605600.0,0.0,0.0,0.0,0.0,0.0,0.0,0.0,0.0,0.0,0.0,0.0,0.0,0.0,0.0,0.0,0.0,0.0,0.0,0.0,0.0,0.0,0.0,-2.004,0.0,0.0,0.0,0.0,0.0,6193.0,0.0,6917.0,2.718430741444032e+23,-0.0,-0.0,2.718430741444032e+23,0.0,0.0,0.0,0.0,69,-0.0,-4.95041931333647e+32,0.0,0.0,0.0,0.0,0.0,0.0,0.0,0,0,0,0.0,0.0,0.0,0.0,0.0,0.0,0.0,0.0,0.0,0.0,0.0,0.0,0.0,0.0,0.0,0.0,0,-107875648.0,69,0.0,138,0.0,-109447200.0,0,13107,17040,39322,17049,26215,17043,0,0,0,70,68,100,2.7302359370752657e+23,71.2,2.7302370179391762e+23,74.3,-0.0,74.0,1,49,50,180,26215,0,0,0,0.0,0.0,0.0,0.0,-0.0,67.0,0.0,162057.094,0.0,751,0,740,0,0,0,721,0,768,0,737,0,743,0,742,0,712,0,7520,0.032,108447924224.0,0.0,0.0,784,16797,-0.0,162057.094,-114818.039,-0.0,0.133,6.909358625270745e+28,30.0,65.0,35,0.0,0.0,0.0,0.0,0.0,0.0,0.0,0.0,0.0,0.0,0.0,0.0,0.0,0.0,0.0,0.0,69.2,0,150,71,55,65476,0,300,0,1,8,20529,65476,0,0,40632,65.0,0.0,0.0,0.0,0.0,0.0
2026-09-04T20:00:43,ERR,ERR,ERR,ERR,ERR,ERR,ERR,ERR,ERR,ERR,ERR,ERR,ERR,ERR,ERR,ERR,ERR,ERR,ERR,ERR,ERR,ERR,ERR,ERR,ERR,ERR,ERR,ERR,ERR,ERR,ERR,ERR,ERR,ERR,ERR,ERR,ERR,ERR,ERR,ERR,ERR,ERR,ERR,ERR,ERR,ERR,ERR,ERR,ERR,ERR,ERR,ERR,ERR,ERR,ERR,ERR,ERR,ERR,ERR,ERR,ERR,ERR,ERR,ERR,ERR,ERR,ERR,ERR,ERR,ERR,ERR,ERR,ERR,ERR,ERR,ERR,ERR,ERR,ERR,ERR,ERR,ERR,ERR,ERR,ERR,ERR,ERR,ERR,ERR,ERR,ERR,ERR,ERR,ERR,ERR,ERR,ERR,ERR,ERR,ERR,ERR,ERR,ERR,ERR,ERR,ERR,ERR,ERR,ERR,ERR,ERR,ERR,ERR,ERR,ERR,ERR,ERR,ERR,ERR,ERR,ERR,ERR,ERR,ERR,ERR,2.718430741444032e+23,-0.0,-134479040.0,0.0,0.0,1.3936040501711995e+18,7.805,0.0,0,0,4,0,7116,0.0,100,0.0,0.0,0.0,0.0,0.0,0,0,0,0,0.0,0,0,0,0,0,0,0,0,0,0,0,0,0,0,0,0,0,0,0,0,0,0,0,0,0,0,0,0,0,0,0,0,0,31,40,40,71,65476,0,300,0,0,8,21553,0.0,-107605600.0,0.0,0.0,0.0,0.0,0.0,0.0,0.0,0.0,0.0,0.0,0.0,0.0,0.0,0.0,0.0,0.0,0.0,0.0,0.0,0.0,0.0,0.0,-2.004,0.0,0.0,0.0,0.0,0.0,6193.0,0.0,6917.0,2.718430741444032e+23,-0.0,-0.0,2.718430741444032e+23,0.0,0.0,0.0,0.0,69,-0.0,-4.95041931333647e+32,0.0,0.0,0.0,0.0,0.0,0.0,0.0,0,0,0,0.0,0.0,0.0,0.0,0.0,0.0,0.0,0.0,0.0,0.0,0.0,0.0,0.0,0.0,0.0,0.0,0,-107875648.0,69,0.0,138,0.0,-109447200.0,0,13107,17040,39322,17049,26215,17043,0,0,0,70,68,100,2.7302359370752657e+23,71.2,2.7302370179391762e+23,74.3,2.7302370179391762e+23,74.0,1,49,50,180,13107,0,0,0,0.0,0.0,0.0,0.0,-0.0,67.0,0.0,162057.094,0.0,751,0,740,0,0,0,721,0,768,0,736,0,743,0,742,0,712,0,7520,0.032,107911053312.0,0.0,0.0,784,16797,-0.0,162057.094,-114818.039,-0.0,0.133,6.909358625270745e+28,30.0,65.0,35,0.0,0.0,0.0,0.0,0.0,0.0,0.0,0.0,0.0,0.0,0.0,0.0,0.0,0.0,0.0,0.0,69.2,0,150,71,55,65476,0,300,0,1,8,20529,65476,0,0,40632,65.0,0.0,0.0,0.0,0.0,0.0
2026-09-04T20:00:44,ERR,ERR,ERR,ERR,ERR,ERR,ERR,ERR,ERR,ERR,ERR,ERR,ERR,ERR,ERR,ERR,ERR,ERR,ERR,ERR,ERR,ERR,ERR,ERR,ERR,ERR,ERR,ERR,ERR,ERR,ERR,ERR,ERR,ERR,ERR,ERR,ERR,ERR,ERR,ERR,ERR,ERR,ERR,ERR,ERR,ERR,ERR,ERR,ERR,ERR,ERR,ERR,ERR,ERR,ERR,ERR,ERR,ERR,ERR,ERR,ERR,ERR,ERR,ERR,ERR,ERR,ERR,ERR,ERR,ERR,ERR,ERR,ERR,ERR,ERR,ERR,ERR,ERR,ERR,ERR,ERR,ERR,ERR,ERR,ERR,ERR,ERR,ERR,ERR,ERR,ERR,ERR,ERR,ERR,ERR,ERR,ERR,ERR,ERR,ERR,ERR,ERR,ERR,ERR,ERR,ERR,ERR,ERR,ERR,ERR,ERR,ERR,ERR,ERR,ERR,ERR,ERR,ERR,ERR,ERR,ERR,ERR,ERR,ERR,ERR,2.718430741444032e+23,-0.0,-134479040.0,0.0,0.0,1.3936040501711995e+18,7.805,0.0,0,0,4,0,7116,0.0,100,0.0,0.0,0.0,0.0,0.0,0,0,0,0,0.0,0,0,0,0,0,0,0,0,0,0,0,0,0,0,0,0,0,0,0,0,0,0,0,0,0,0,0,0,0,0,0,0,0,31,40,40,71,65476,0,300,0,0,8,21553,0.0,-107605600.0,0.0,0.0,0.0,0.0,0.0,0.0,0.0,0.0,0.0,0.0,0.0,0.0,0.0,0.0,0.0,0.0,0.0,0.0,0.0,0.0,0.0,0.0,-2.004,0.0,0.0,0.0,0.0,0.0,6193.0,0.0,6917.0,2.718430741444032e+23,-0.0,-0.0,2.718430741444032e+23,0.0,0.0,0.0,0.0,69,-0.0,-4.95041931333647e+32,0.0,0.0,0.0,0.0,0.0,0.0,0.0,0,0,0,0.0,0.0,0.0,0.0,0.0,0.0,0.0,0.0,0.0,0.0,0.0,0.0,0.0,0.0,0.0,0.0,0,-107875648.0,69,0.0,138,0.0,-109447200.0,0,13107,17040,39322,17049,26215,17043,0,0,0,70,68,100,2.7302359370752657e+23,71.2,2.7302370179391762e+23,74.3,2.7302370179391762e+23,74.0,1,49,50,180,13107,0,0,0,0.0,0.0,0.0,0.0,-0.0,67.0,0.0,162057.094,0.0,751,0,740,0,0,0,721,0,768,0,736,0,743,0,742,0,712,0,7520,0.032,107911053312.0,0.0,0.0,784,16797,-0.0,162057.094,-114818.039,-0.0,0.133,6.909358625270745e+28,30.0,65.0,35,0.0,0.0,0.0,0.0,0.0,0.0,0.0,0.0,0.0,0.0,0.0,0.0,0.0,0.0,0.0,0.0,69.2,0,150,71,55,65476,0,300,0,1,8,20529,65476,0,0,40632,65.0,0.0,0.0,0.0,0.0,0.0
2026-09-04T20:00:45,ERR,ERR,ERR,ERR,ERR,ERR,ERR,ERR,ERR,ERR,ERR,ERR,ERR,ERR,ERR,ERR,ERR,ERR,ERR,ERR,ERR,ERR,ERR,ERR,ERR,ERR,ERR,ERR,ERR,ERR,ERR,ERR,ERR,ERR,ERR,ERR,ERR,ERR,ERR,ERR,ERR,ERR,ERR,ERR,ERR,ERR,ERR,ERR,ERR,ERR,ERR,ERR,ERR,ERR,ERR,ERR,ERR,ERR,ERR,ERR,ERR,ERR,ERR,ERR,ERR,ERR,ERR,ERR,ERR,ERR,ERR,ERR,ERR,ERR,ERR,ERR,ERR,ERR,ERR,ERR,ERR,ERR,ERR,ERR,ERR,ERR,ERR,ERR,ERR,ERR,ERR,ERR,ERR,ERR,ERR,ERR,ERR,ERR,ERR,ERR,ERR,ERR,ERR,ERR,ERR,ERR,ERR,ERR,ERR,ERR,ERR,ERR,ERR,ERR,ERR,ERR,ERR,ERR,ERR,ERR,ERR,ERR,ERR,ERR,ERR,2.718430741444032e+23,-0.0,-134479040.0,0.0,0.0,1.3936040501711995e+18,7.805,0.0,0,0,4,0,7116,0.0,100,0.0,0.0,0.0,0.0,0.0,0,0,0,0,0.0,0,0,0,0,0,0,0,0,0,0,0,0,0,0,0,0,0,0,0,0,0,0,0,0,0,0,0,0,0,0,0,0,0,31,40,40,71,65476,0,300,0,0,8,21553,0.0,-107605600.0,0.0,0.0,0.0,0.0,0.0,0.0,0.0,0.0,0.0,0.0,0.0,0.0,0.0,0.0,0.0,0.0,0.0,0.0,0.0,0.0,0.0,0.0,-2.004,0.0,0.0,0.0,0.0,0.0,6166.0,0.0,6918.0,2.718430741444032e+23,-0.0,-0.0,2.718430741444032e+23,0.0,0.0,0.0,0.0,69,-152018589057024.0,0.0,0.0,0.0,0.0,0.0,0.0,0.0,0.0,0,0,0,0.0,0.0,0.0,0.0,0.0,0.0,0.0,0.0,0.0,0.0,0.0,0.0,0.0,0.0,0.0,0.0,0,-107875648.0,69,0.0,138,0.0,-109447200.0,0,13107,17040,39322,17049,26215,17043,0,0,0,70,68,100,2.7302359370752657e+23,71.2,2.7302370179391762e+23,74.3,2.7302370179391762e+23,74.0,1,49,50,180,13107,0,0,0,0.0,0.0,0.0,0.0,-0.0,67.0,0.0,162057.094,0.0,751,0,740,0,0,0,721,0,768,0,736,0,743,0,742,0,712,0,7520,0.032,107911053312.0,0.0,0.0,784,16797,-0.0,162057.094,-114818.039,-0.0,0.133,6.909358625270745e+28,30.0,65.0,35,0.0,0.0,0.0,0.0,0.0,0.0,0.0,0.0,0.0,0.0,0.0,0.0,0.0,0.0,0.0,0.0,69.2,0,150,71,55,65476,0,300,0,1,8,20529,65476,0,0,40632,65.0,0.0,0.0,0.0,0.0,0.0
2026-09-04T20:00:46,ERR,ERR,ERR,ERR,ERR,ERR,ERR,ERR,ERR,ERR,ERR,ERR,ERR,ERR,ERR,ERR,ERR,ERR,ERR,ERR,ERR,ERR,ERR,ERR,ERR,ERR,ERR,ERR,ERR,ERR,ERR,ERR,ERR,ERR,ERR,ERR,ERR,ERR,ERR,ERR,ERR,ERR,ERR,ERR,ERR,ERR,ERR,ERR,ERR,ERR,ERR,ERR,ERR,ERR,ERR,ERR,ERR,ERR,ERR,ERR,ERR,ERR,ERR,ERR,ERR,ERR,ERR,ERR,ERR,ERR,ERR,ERR,ERR,ERR,ERR,ERR,ERR,ERR,ERR,ERR,ERR,ERR,ERR,ERR,ERR,ERR,ERR,ERR,ERR,ERR,ERR,ERR,ERR,ERR,ERR,ERR,ERR,ERR,ERR,ERR,ERR,ERR,ERR,ERR,ERR,ERR,ERR,ERR,ERR,ERR,ERR,ERR,ERR,ERR,ERR,ERR,ERR,ERR,ERR,ERR,ERR,ERR,ERR,ERR,ERR,2.718430741444032e+23,-0.0,-134479040.0,0.0,0.0,1.3936040501711995e+18,7.805,0.0,0,0,4,0,7116,0.0,100,0.0,0.0,0.0,0.0,0.0,0,0,0,0,0.0,0,0,0,0,0,0,0,0,0,0,0,0,0,0,0,0,0,0,0,0,0,0,0,0,0,0,0,0,0,0,0,0,0,31,40,40,71,65476,0,300,0,0,8,21553,0.0,-107605600.0,0.0,0.0,0.0,0.0,0.0,0.0,0.0,0.0,0.0,0.0,0.0,0.0,0.0,0.0,0.0,0.0,0.0,0.0,0.0,0.0,0.0,0.0,-2.004,0.0,0.0,0.0,0.0,0.0,6166.0,0.0,6918.0,2.718430741444032e+23,-0.0,-0.0,2.718430741444032e+23,0.0,0.0,0.0,0.0,69,-152018589057024.0,0.0,0.0,0.0,0.0,0.0,0.0,0.0,0.0,0,0,0,0.0,0.0,0.0,0.0,0.0,0.0,0.0,0.0,0.0,0.0,0.0,0.0,0.0,0.0,0.0,0.0,0,-107875648.0,69,0.0,138,0.0,-109447200.0,0,13107,17040,39322,17049,26215,17043,0,0,0,70,68,100,2.7302359370752657e+23,71.2,2.7302370179391762e+23,74.3,2.7302370179391762e+23,74.0,1,49,50,180,13107,0,0,0,0.0,0.0,0.0,0.0,-0.0,67.0,0.0,162057.094,0.0,751,0,740,0,0,0,721,0,768,0,736,0,743,0,742,0,712,0,7520,0.032,107911053312.0,0.0,0.0,784,16797,-0.0,162057.094,-114818.039,-0.0,0.133,6.909358625270745e+28,30.0,65.0,35,0.0,0.0,0.0,0.0,0.0,0.0,0.0,0.0,0.0,0.0,0.0,0.0,0.0,0.0,0.0,0.0,69.2,0,150,71,55,65476,0,300,0,1,8,20529,65476,0,0,40632,65.0,0.0,0.0,0.0,0.0,0.0
2026-09-04T20:00:47,ERR,ERR,ERR,ERR,ERR,ERR,ERR,ERR,ERR,ERR,ERR,ERR,ERR,ERR,ERR,ERR,ERR,ERR,ERR,ERR,ERR,ERR,ERR,ERR,ERR,ERR,ERR,ERR,ERR,ERR,ERR,ERR,ERR,ERR,ERR,ERR,ERR,ERR,ERR,ERR,ERR,ERR,ERR,ERR,ERR,ERR,ERR,ERR,ERR,ERR,ERR,ERR,ERR,ERR,ERR,ERR,ERR,ERR,ERR,ERR,ERR,ERR,ERR,ERR,ERR,ERR,ERR,ERR,ERR,ERR,ERR,ERR,ERR,ERR,ERR,ERR,ERR,ERR,ERR,ERR,ERR,ERR,ERR,ERR,ERR,ERR,ERR,ERR,ERR,ERR,ERR,ERR,ERR,ERR,ERR,ERR,ERR,ERR,ERR,ERR,ERR,ERR,ERR,ERR,ERR,ERR,ERR,ERR,ERR,ERR,ERR,ERR,ERR,ERR,ERR,ERR,ERR,ERR,ERR,ERR,ERR,ERR,ERR,ERR,ERR,2.718430741444032e+23,-0.0,-134479040.0,0.0,0.0,1.3936040501711995e+18,7.805,0.0,0,0,4,0,7116,0.0,100,0.0,0.0,0.0,0.0,0.0,0,0,0,0,0.0,0,0,0,0,0,0,0,0,0,0,0,0,0,0,0,0,0,0,0,0,0,0,0,0,0,0,0,0,0,0,0,0,0,31,40,40,71,65476,0,300,0,0,8,21553,0.0,-107605600.0,0.0,0.0,0.0,0.0,0.0,0.0,0.0,0.0,0.0,0.0,0.0,0.0,0.0,0.0,0.0,0.0,0.0,0.0,0.0,0.0,0.0,0.0,-2.004,0.0,0.0,0.0,0.0,0.0,6166.0,0.0,6918.0,2.718430741444032e+23,-0.0,-0.0,2.718430741444032e+23,0.0,0.0,0.0,0.0,69,-152018589057024.0,0.0,0.0,0.0,0.0,0.0,0.0,0.0,0.0,0,0,0,0.0,0.0,0.0,0.0,0.0,0.0,0.0,0.0,0.0,0.0,0.0,0.0,0.0,0.0,0.0,0.0,0,-107875648.0,69,0.0,138,0.0,-109447200.0,0,13107,17040,39322,17049,26215,17043,0,0,0,70,68,100,2.7302359370752657e+23,71.2,2.7302370179391762e+23,74.3,2.7302370179391762e+23,74.0,1,49,50,180,13107,0,0,0,0.0,0.0,0.0,0.0,-0.0,67.0,0.0,162057.094,0.0,751,0,740,0,0,0,721,0,768,0,736,0,743,0,742,0,712,0,7520,0.032,107911053312.0,0.0,0.0,784,16797,-0.0,162057.094,-114818.039,-0.0,0.133,6.909358625270745e+28,30.0,65.0,35,0.0,0.0,0.0,0.0,0.0,0.0,0.0,0.0,0.0,0.0,0.0,0.0,0.0,0.0,0.0,0.0,69.2,0,150,71,55,65476,0,300,0,1,8,20529,65476,0,0,40632,65.0,0.0,0.0,0.0,0.0,0.0
2026-09-04T20:00:48,ERR,ERR,ERR,ERR,ERR,ERR,ERR,ERR,ERR,ERR,ERR,ERR,ERR,ERR,ERR,ERR,ERR,ERR,ERR,ERR,ERR,ERR,ERR,ERR,ERR,ERR,ERR,ERR,ERR,ERR,ERR,ERR,ERR,ERR,ERR,ERR,ERR,ERR,ERR,ERR,ERR,ERR,ERR,ERR,ERR,ERR,ERR,ERR,ERR,ERR,ERR,ERR,ERR,ERR,ERR,ERR,ERR,ERR,ERR,ERR,ERR,ERR,ERR,ERR,ERR,ERR,ERR,ERR,ERR,ERR,ERR,ERR,ERR,ERR,ERR,ERR,ERR,ERR,ERR,ERR,ERR,ERR,ERR,ERR,ERR,ERR,ERR,ERR,ERR,ERR,ERR,ERR,ERR,ERR,ERR,ERR,ERR,ERR,ERR,ERR,ERR,ERR,ERR,ERR,ERR,ERR,ERR,ERR,ERR,ERR,ERR,ERR,ERR,ERR,ERR,ERR,ERR,ERR,ERR,ERR,ERR,ERR,ERR,ERR,ERR,2.718430741444032e+23,-0.0,-134479040.0,0.0,0.0,1.3936040501711995e+18,7.805,0.0,0,0,4,0,7116,0.0,100,0.0,0.0,0.0,0.0,0.0,0,0,0,0,0.0,0,0,0,0,0,0,0,0,0,0,0,0,0,0,0,0,0,0,0,0,0,0,0,0,0,0,0,0,0,0,0,0,0,31,40,40,71,65476,0,300,0,0,8,21553,0.0,-107605600.0,0.0,0.0,0.0,0.0,0.0,0.0,0.0,0.0,0.0,0.0,0.0,0.0,0.0,0.0,0.0,0.0,0.0,0.0,0.0,0.0,0.0,0.0,-2.004,0.0,0.0,0.0,0.0,0.0,6166.0,0.0,6918.0,2.718430741444032e+23,-0.0,-0.0,2.718430741444032e+23,0.0,0.0,0.0,0.0,69,-152018589057024.0,0.0,0.0,0.0,0.0,0.0,0.0,0.0,0.0,0,0,0,0.0,0.0,0.0,0.0,0.0,0.0,0.0,0.0,0.0,0.0,0.0,0.0,0.0,0.0,0.0,0.0,0,-107875648.0,69,0.0,138,0.0,-109447200.0,0,13107,17040,39322,17049,26215,17043,0,0,0,70,68,100,2.7302359370752657e+23,71.2,2.7302370179391762e+23,74.3,2.7302370179391762e+23,74.0,1,49,50,180,13107,0,0,0,0.0,0.0,0.0,0.0,-0.0,67.0,0.0,162057.094,0.0,751,0,740,0,0,0,721,0,768,0,736,0,743,0,742,0,712,0,7520,0.032,107911053312.0,0.0,0.0,784,16797,-0.0,162057.094,-114818.039,-0.0,0.133,6.909358625270745e+28,30.0,65.0,35,0.0,0.0,0.0,0.0,0.0,0.0,0.0,0.0,0.0,0.0,0.0,0.0,0.0,0.0,0.0,0.0,68.8,0,150,71,55,65476,0,300,0,1,8,20529,65476,0,0,40632,65.0,0.0,0.0,0.0,0.0,0.0
2026-09-04T20:00:49,ERR,ERR,ERR,ERR,ERR,ERR,ERR,ERR,ERR,ERR,ERR,ERR,ERR,ERR,ERR,ERR,ERR,ERR,ERR,ERR,ERR,ERR,ERR,ERR,ERR,ERR,ERR,ERR,ERR,ERR,ERR,ERR,ERR,ERR,ERR,ERR,ERR,ERR,ERR,ERR,ERR,ERR,ERR,ERR,ERR,ERR,ERR,ERR,ERR,ERR,ERR,ERR,ERR,ERR,ERR,ERR,ERR,ERR,ERR,ERR,ERR,ERR,ERR,ERR,ERR,ERR,ERR,ERR,ERR,ERR,ERR,ERR,ERR,ERR,ERR,ERR,ERR,ERR,ERR,ERR,ERR,ERR,ERR,ERR,ERR,ERR,ERR,ERR,ERR,ERR,ERR,ERR,ERR,ERR,ERR,ERR,ERR,ERR,ERR,ERR,ERR,ERR,ERR,ERR,ERR,ERR,ERR,ERR,ERR,ERR,ERR,ERR,ERR,ERR,ERR,ERR,ERR,ERR,ERR,ERR,ERR,ERR,ERR,ERR,ERR,2.718430741444032e+23,-0.0,-134479040.0,0.0,0.0,1.3936040501711995e+18,7.805,0.0,0,0,4,0,7116,0.0,100,0.0,0.0,0.0,0.0,0.0,0,0,0,0,0.0,0,0,0,0,0,0,0,0,0,0,0,0,0,0,0,0,0,0,0,0,0,0,0,0,0,0,0,0,0,0,0,0,0,31,40,40,71,65476,0,300,0,0,8,21553,0.0,-107605600.0,0.0,0.0,0.0,0.0,0.0,0.0,0.0,0.0,0.0,0.0,0.0,0.0,0.0,0.0,0.0,0.0,0.0,0.0,0.0,0.0,0.0,0.0,-2.004,0.0,0.0,0.0,0.0,0.0,6166.0,0.0,6918.0,2.718430741444032e+23,-0.0,-0.0,2.718430741444032e+23,0.0,0.0,0.0,0.0,69,-152018589057024.0,0.0,0.0,0.0,0.0,0.0,0.0,0.0,0.0,0,0,0,0.0,0.0,0.0,0.0,0.0,0.0,0.0,0.0,0.0,0.0,0.0,0.0,0.0,0.0,0.0,0.0,0,-107875648.0,69,0.0,138,0.0,-109447200.0,0,13107,17040,39322,17049,13107,17043,0,0,0,70,68,100,2.7302359370752657e+23,71.2,2.7302370179391762e+23,74.3,-0.0,74.0,1,49,50,180,13107,0,0,0,0.0,0.0,0.0,0.0,-0.0,67.0,0.0,162057.094,0.0,751,0,740,0,0,0,721,0,768,0,736,0,742,0,742,0,712,0,7520,0.032,108984795136.0,0.0,0.0,784,16797,-0.0,162057.094,-114818.039,-0.0,0.133,6.909358625270745e+28,30.0,65.0,35,0.0,0.0,0.0,0.0,0.0,0.0,0.0,0.0,0.0,0.0,0.0,0.0,0.0,0.0,0.0,0.0,68.8,0,150,71,55,65476,0,300,0,1,8,20529,65476,0,0,40632,65.0,0.0,0.0,0.0,0.0,0.0
2026-09-04T20:00:50,ERR,ERR,ERR,ERR,ERR,ERR,ERR,ERR,ERR,ERR,ERR,ERR,ERR,ERR,ERR,ERR,ERR,ERR,ERR,ERR,ERR,ERR,ERR,ERR,ERR,ERR,ERR,ERR,ERR,ERR,ERR,ERR,ERR,ERR,ERR,ERR,ERR,ERR,ERR,ERR,ERR,ERR,ERR,ERR,ERR,ERR,ERR,ERR,ERR,ERR,ERR,ERR,ERR,ERR,ERR,ERR,ERR,ERR,ERR,ERR,ERR,ERR,ERR,ERR,ERR,ERR,ERR,ERR,ERR,ERR,ERR,ERR,ERR,ERR,ERR,ERR,ERR,ERR,ERR,ERR,ERR,ERR,ERR,ERR,ERR,ERR,ERR,ERR,ERR,ERR,ERR,ERR,ERR,ERR,ERR,ERR,ERR,ERR,ERR,ERR,ERR,ERR,ERR,ERR,ERR,ERR,ERR,ERR,ERR,ERR,ERR,ERR,ERR,ERR,ERR,ERR,ERR,ERR,ERR,ERR,ERR,ERR,ERR,ERR,ERR,2.718430741444032e+23,-0.0,-134479040.0,0.0,0.0,1.3936040501711995e+18,7.805,0.0,0,0,4,0,7116,0.0,100,0.0,0.0,0.0,0.0,0.0,0,0,0,0,0.0,0,0,0,0,0,0,0,0,0,0,0,0,0,0,0,0,0,0,0,0,0,0,0,0,0,0,0,0,0,0,0,0,0,31,40,40,71,65476,0,300,0,0,8,21553,0.0,-107605600.0,0.0,0.0,0.0,0.0,0.0,0.0,0.0,0.0,0.0,0.0,0.0,0.0,0.0,0.0,0.0,0.0,0.0,0.0,0.0,0.0,0.0,0.0,-2.004,0.0,0.0,0.0,0.0,0.0,6166.0,0.0,6918.0,2.718430741444032e+23,-0.0,-0.0,2.718430741444032e+23,0.0,0.0,0.0,0.0,69,-152018589057024.0,0.0,0.0,0.0,0.0,0.0,0.0,0.0,0.0,0,0,0,0.0,0.0,0.0,0.0,0.0,0.0,0.0,0.0,0.0,0.0,0.0,0.0,0.0,0.0,0.0,0.0,0,-107875648.0,69,0.0,138,0.0,-109447200.0,0,13107,17040,39322,17049,13107,17043,0,0,0,70,68,100,2.7302359370752657e+23,71.2,2.7302370179391762e+23,74.3,-0.0,74.0,1,49,50,180,13107,0,0,0,0.0,0.0,0.0,0.0,-0.0,67.0,0.0,162057.094,0.0,751,0,740,0,0,0,721,0,768,0,736,0,742,0,742,0,712,0,7520,0.032,108984795136.0,0.0,0.0,784,16797,-0.0,162057.094,-114818.039,-0.0,0.133,6.909358625270745e+28,30.0,65.0,35,0.0,0.0,0.0,0.0,0.0,0.0,0.0,0.0,0.0,0.0,0.0,0.0,0.0,0.0,0.0,0.0,69.2,0,150,71,55,65476,0,300,0,1,8,20529,65476,0,0,40632,65.0,0.0,0.0,0.0,0.0,0.0
2026-09-04T20:00:51,ERR,ERR,ERR,ERR,ERR,ERR,ERR,ERR,ERR,ERR,ERR,ERR,ERR,ERR,ERR,ERR,ERR,ERR,ERR,ERR,ERR,ERR,ERR,ERR,ERR,ERR,ERR,ERR,ERR,ERR,ERR,ERR,ERR,ERR,ERR,ERR,ERR,ERR,ERR,ERR,ERR,ERR,ERR,ERR,ERR,ERR,ERR,ERR,ERR,ERR,ERR,ERR,ERR,ERR,ERR,ERR,ERR,ERR,ERR,ERR,ERR,ERR,ERR,ERR,ERR,ERR,ERR,ERR,ERR,ERR,ERR,ERR,ERR,ERR,ERR,ERR,ERR,ERR,ERR,ERR,ERR,ERR,ERR,ERR,ERR,ERR,ERR,ERR,ERR,ERR,ERR,ERR,ERR,ERR,ERR,ERR,ERR,ERR,ERR,ERR,ERR,ERR,ERR,ERR,ERR,ERR,ERR,ERR,ERR,ERR,ERR,ERR,ERR,ERR,ERR,ERR,ERR,ERR,ERR,ERR,ERR,ERR,ERR,ERR,ERR,2.718430741444032e+23,-0.0,-134479040.0,0.0,0.0,1.3936040501711995e+18,7.805,0.0,0,0,4,0,7116,0.0,100,0.0,0.0,0.0,0.0,0.0,0,0,0,0,0.0,0,0,0,0,0,0,0,0,0,0,0,0,0,0,0,0,0,0,0,0,0,0,0,0,0,0,0,0,0,0,0,0,0,31,40,40,71,65476,0,300,0,0,8,21553,0.0,-107605600.0,0.0,0.0,0.0,0.0,0.0,0.0,0.0,0.0,0.0,0.0,0.0,0.0,0.0,0.0,0.0,0.0,0.0,0.0,0.0,0.0,0.0,0.0,-2.004,0.0,0.0,0.0,0.0,0.0,6166.0,0.0,6918.0,2.718430741444032e+23,-0.0,-0.0,2.718430741444032e+23,0.0,0.0,0.0,0.0,69,-152018589057024.0,0.0,0.0,0.0,0.0,0.0,0.0,0.0,0.0,0,0,0,0.0,0.0,0.0,0.0,0.0,0.0,0.0,0.0,0.0,0.0,0.0,0.0,0.0,0.0,0.0,0.0,0,-107875648.0,69,0.0,138,0.0,-109447200.0,0,13107,17040,39322,17049,13107,17043,0,0,0,70,68,100,2.7302359370752657e+23,71.2,2.7302370179391762e+23,74.3,-0.0,74.0,1,49,50,180,13107,0,0,0,0.0,0.0,0.0,0.0,-0.0,67.0,0.0,162057.094,0.0,751,0,740,0,0,0,721,0,768,0,736,0,742,0,742,0,712,0,7520,0.032,108984795136.0,0.0,0.0,784,16797,-0.0,162057.094,-114818.039,-0.0,0.133,6.909358625270745e+28,30.0,65.0,35,0.0,0.0,0.0,0.0,0.0,0.0,0.0,0.0,0.0,0.0,0.0,0.0,0.0,0.0,0.0,0.0,69.2,0,150,71,55,65476,0,300,0,1,8,20529,65476,0,0,40632,65.0,0.0,0.0,0.0,0.0,0.0
2026-09-04T20:00:52,ERR,ERR,ERR,ERR,ERR,ERR,ERR,ERR,ERR,ERR,ERR,ERR,ERR,ERR,ERR,ERR,ERR,ERR,ERR,ERR,ERR,ERR,ERR,ERR,ERR,ERR,ERR,ERR,ERR,ERR,ERR,ERR,ERR,ERR,ERR,ERR,ERR,ERR,ERR,ERR,ERR,ERR,ERR,ERR,ERR,ERR,ERR,ERR,ERR,ERR,ERR,ERR,ERR,ERR,ERR,ERR,ERR,ERR,ERR,ERR,ERR,ERR,ERR,ERR,ERR,ERR,ERR,ERR,ERR,ERR,ERR,ERR,ERR,ERR,ERR,ERR,ERR,ERR,ERR,ERR,ERR,ERR,ERR,ERR,ERR,ERR,ERR,ERR,ERR,ERR,ERR,ERR,ERR,ERR,ERR,ERR,ERR,ERR,ERR,ERR,ERR,ERR,ERR,ERR,ERR,ERR,ERR,ERR,ERR,ERR,ERR,ERR,ERR,ERR,ERR,ERR,ERR,ERR,ERR,ERR,ERR,ERR,ERR,ERR,ERR,2.718430741444032e+23,-0.0,-134479040.0,0.0,0.0,1.3936040501711995e+18,7.805,0.0,0,0,4,0,7116,0.0,100,0.0,0.0,0.0,0.0,0.0,0,0,0,0,0.0,0,0,0,0,0,0,0,0,0,0,0,0,0,0,0,0,0,0,0,0,0,0,0,0,0,0,0,0,0,0,0,0,0,31,40,40,71,65476,0,300,0,0,8,21553,0.0,-107605600.0,0.0,0.0,0.0,0.0,0.0,0.0,0.0,0.0,0.0,0.0,0.0,0.0,0.0,0.0,0.0,0.0,0.0,0.0,0.0,0.0,0.0,0.0,-2.004,0.0,0.0,0.0,0.0,0.0,6167.0,-0.0,6932.0,2.718430741444032e+23,-0.0,-0.0,2.718430741444032e+23,0.0,0.0,0.0,0.0,69,-2.7184314620199723e+23,-107615152.0,0.0,0.0,0.0,0.0,0.0,0.0,0.0,0,0,0,0.0,0.0,0.0,0.0,0.0,0.0,0.0,0.0,0.0,0.0,0.0,0.0,0.0,0.0,0.0,0.0,0,-107875648.0,69,0.0,138,0.0,-109447200.0,0,13107,17040,39322,17049,13107,17043,0,0,0,70,68,100,2.7302359370752657e+23,71.2,2.7302370179391762e+23,74.3,-0.0,74.0,1,49,50,180,13107,0,0,0,0.0,0.0,0.0,0.0,-0.0,67.0,0.0,162057.094,0.0,751,0,740,0,0,0,721,0,768,0,736,0,742,0,742,0,712,0,7520,0.032,108984795136.0,0.0,0.0,784,16797,-0.0,162057.094,-114818.039,-0.0,0.133,6.909358625270745e+28,30.0,65.0,35,0.0,0.0,0.0,0.0,0.0,0.0,0.0,0.0,0.0,0.0,0.0,0.0,0.0,0.0,0.0,0.0,69.2,0,150,71,55,65476,0,300,0,1,8,20529,65476,0,0,40632,65.0,0.0,0.0,0.0,0.0,0.0
2026-09-04T20:00:53,ERR,ERR,ERR,ERR,ERR,ERR,ERR,ERR,ERR,ERR,ERR,ERR,ERR,ERR,ERR,ERR,ERR,ERR,ERR,ERR,ERR,ERR,ERR,ERR,ERR,ERR,ERR,ERR,ERR,ERR,ERR,ERR,ERR,ERR,ERR,ERR,ERR,ERR,ERR,ERR,ERR,ERR,ERR,ERR,ERR,ERR,ERR,ERR,ERR,ERR,ERR,ERR,ERR,ERR,ERR,ERR,ERR,ERR,ERR,ERR,ERR,ERR,ERR,ERR,ERR,ERR,ERR,ERR,ERR,ERR,ERR,ERR,ERR,ERR,ERR,ERR,ERR,ERR,ERR,ERR,ERR,ERR,ERR,ERR,ERR,ERR,ERR,ERR,ERR,ERR,ERR,ERR,ERR,ERR,ERR,ERR,ERR,ERR,ERR,ERR,ERR,ERR,ERR,ERR,ERR,ERR,ERR,ERR,ERR,ERR,ERR,ERR,ERR,ERR,ERR,ERR,ERR,ERR,ERR,ERR,ERR,ERR,ERR,ERR,ERR,2.718430741444032e+23,-0.0,-134479040.0,0.0,0.0,1.3936040501711995e+18,7.805,0.0,0,0,4,0,7116,0.0,100,0.0,0.0,0.0,0.0,0.0,0,0,0,0,0.0,0,0,0,0,0,0,0,0,0,0,0,0,0,0,0,0,0,0,0,0,0,0,0,0,0,0,0,0,0,0,0,0,0,31,40,40,71,65476,0,300,0,0,8,21553,0.0,-107605600.0,0.0,0.0,0.0,0.0,0.0,0.0,0.0,0.0,0.0,0.0,0.0,0.0,0.0,0.0,0.0,0.0,0.0,0.0,0.0,0.0,0.0,0.0,-2.004,0.0,0.0,0.0,0.0,0.0,6167.0,-0.0,6932.0,2.718430741444032e+23,-0.0,-0.0,2.718430741444032e+23,0.0,0.0,0.0,0.0,69,-2.7184314620199723e+23,-107615152.0,0.0,0.0,0.0,0.0,0.0,0.0,0.0,0,0,0,0.0,0.0,0.0,0.0,0.0,0.0,0.0,0.0,0.0,0.0,0.0,0.0,0.0,0.0,0.0,0.0,0,-107875648.0,69,0.0,138,0.0,-109447200.0,0,13107,17040,39322,17049,13107,17043,0,0,0,70,68,100,2.7302359370752657e+23,71.2,2.7302370179391762e+23,74.3,-0.0,74.0,1,49,50,180,13107,0,0,0,0.0,0.0,0.0,0.0,-0.0,67.0,0.0,162057.094,0.0,751,0,740,0,0,0,721,0,768,0,736,0,742,0,742,0,712,0,7520,0.032,108984795136.0,0.0,0.0,784,16797,-0.0,162057.094,-114818.039,-0.0,0.133,6.909358625270745e+28,30.0,65.0,35,0.0,0.0,0.0,0.0,0.0,0.0,0.0,0.0,0.0,0.0,0.0,0.0,0.0,0.0,0.0,0.0,68.8,0,150,71,55,65476,0,300,0,1,8,20529,65476,0,0,40632,65.0,0.0,0.0,0.0,0.0,0.0
2026-09-04T20:00:54,ERR,ERR,ERR,ERR,ERR,ERR,ERR,ERR,ERR,ERR,ERR,ERR,ERR,ERR,ERR,ERR,ERR,ERR,ERR,ERR,ERR,ERR,ERR,ERR,ERR,ERR,ERR,ERR,ERR,ERR,ERR,ERR,ERR,ERR,ERR,ERR,ERR,ERR,ERR,ERR,ERR,ERR,ERR,ERR,ERR,ERR,ERR,ERR,ERR,ERR,ERR,ERR,ERR,ERR,ERR,ERR,ERR,ERR,ERR,ERR,ERR,ERR,ERR,ERR,ERR,ERR,ERR,ERR,ERR,ERR,ERR,ERR,ERR,ERR,ERR,ERR,ERR,ERR,ERR,ERR,ERR,ERR,ERR,ERR,ERR,ERR,ERR,ERR,ERR,ERR,ERR,ERR,ERR,ERR,ERR,ERR,ERR,ERR,ERR,ERR,ERR,ERR,ERR,ERR,ERR,ERR,ERR,ERR,ERR,ERR,ERR,ERR,ERR,ERR,ERR,ERR,ERR,ERR,ERR,ERR,ERR,ERR,ERR,ERR,ERR,2.718430741444032e+23,-0.0,-134479040.0,0.0,0.0,1.3936040501711995e+18,7.805,0.0,0,0,4,0,7116,0.0,100,0.0,0.0,0.0,0.0,0.0,0,0,0,0,0.0,0,0,0,0,0,0,0,0,0,0,0,0,0,0,0,0,0,0,0,0,0,0,0,0,0,0,0,0,0,0,0,0,0,31,40,40,71,65476,0,300,0,0,8,21553,0.0,-107605600.0,0.0,0.0,0.0,0.0,0.0,0.0,0.0,0.0,0.0,0.0,0.0,0.0,0.0,0.0,0.0,0.0,0.0,0.0,0.0,0.0,0.0,0.0,-2.004,0.0,0.0,0.0,0.0,0.0,6167.0,-0.0,6932.0,2.718430741444032e+23,-0.0,-0.0,2.718430741444032e+23,0.0,0.0,0.0,0.0,69,-2.7184314620199723e+23,-107615152.0,0.0,0.0,0.0,0.0,0.0,0.0,0.0,0,0,0,0.0,0.0,0.0,0.0,0.0,0.0,0.0,0.0,0.0,0.0,0.0,0.0,0.0,0.0,0.0,0.0,0,-107875648.0,69,0.0,138,0.0,-109447200.0,0,13107,17040,39322,17049,26215,17043,0,0,0,70,68,100,2.7302359370752657e+23,71.2,2.7302370179391762e+23,74.3,-0.0,74.0,1,49,50,180,13107,0,0,0,0.0,0.0,0.0,0.0,-0.0,67.0,0.0,162057.094,0.0,751,0,740,0,0,0,721,0,768,0,737,0,743,0,742,0,712,0,7520,0.032,107911053312.0,0.0,0.0,784,16797,-0.0,162057.094,-114818.039,-0.0,0.133,6.909358625270745e+28,30.0,65.0,35,0.0,0.0,0.0,0.0,0.0,0.0,0.0,0.0,0.0,0.0,0.0,0.0,0.0,0.0,0.0,0.0,68.8,0,150,71,55,65476,0,300,0,1,8,20529,65476,0,0,40632,65.0,0.0,0.0,0.0,0.0,0.0
2026-09-04T20:00:55,ERR,ERR,ERR,ERR,ERR,ERR,ERR,ERR,ERR,ERR,ERR,ERR,ERR,ERR,ERR,ERR,ERR,ERR,ERR,ERR,ERR,ERR,ERR,ERR,ERR,ERR,ERR,ERR,ERR,ERR,ERR,ERR,ERR,ERR,ERR,ERR,ERR,ERR,ERR,ERR,ERR,ERR,ERR,ERR,ERR,ERR,ERR,ERR,ERR,ERR,ERR,ERR,ERR,ERR,ERR,ERR,ERR,ERR,ERR,ERR,ERR,ERR,ERR,ERR,ERR,ERR,ERR,ERR,ERR,ERR,ERR,ERR,ERR,ERR,ERR,ERR,ERR,ERR,ERR,ERR,ERR,ERR,ERR,ERR,ERR,ERR,ERR,ERR,ERR,ERR,ERR,ERR,ERR,ERR,ERR,ERR,ERR,ERR,ERR,ERR,ERR,ERR,ERR,ERR,ERR,ERR,ERR,ERR,ERR,ERR,ERR,ERR,ERR,ERR,ERR,ERR,ERR,ERR,ERR,ERR,ERR,ERR,ERR,ERR,ERR,2.718430741444032e+23,-0.0,-134479040.0,0.0,0.0,1.3936040501711995e+18,7.805,0.0,0,0,4,0,7116,0.0,100,0.0,0.0,0.0,0.0,0.0,0,0,0,0,0.0,0,0,0,0,0,0,0,0,0,0,0,0,0,0,0,0,0,0,0,0,0,0,0,0,0,0,0,0,0,0,0,0,0,31,40,40,71,65476,0,300,0,0,8,21553,0.0,-107605600.0,0.0,0.0,0.0,0.0,0.0,0.0,0.0,0.0,0.0,0.0,0.0,0.0,0.0,0.0,0.0,0.0,0.0,0.0,0.0,0.0,0.0,0.0,-2.004,0.0,0.0,0.0,0.0,0.0,6167.0,-0.0,6932.0,2.718430741444032e+23,-0.0,-0.0,2.718430741444032e+23,0.0,0.0,0.0,0.0,69,-2.7184314620199723e+23,-107615152.0,0.0,0.0,0.0,0.0,0.0,0.0,0.0,0,0,0,0.0,0.0,0.0,0.0,0.0,0.0,0.0,0.0,0.0,0.0,0.0,0.0,0.0,0.0,0.0,0.0,0,-107875648.0,69,0.0,138,0.0,-109447200.0,0,13107,17040,39322,17049,26215,17043,0,0,0,70,68,100,2.7302359370752657e+23,71.2,2.7302370179391762e+23,74.3,-0.0,74.0,1,49,50,180,13107,0,0,0,0.0,0.0,0.0,0.0,-0.0,67.0,0.0,162057.094,0.0,751,0,740,0,0,0,721,0,768,0,737,0,743,0,742,0,712,0,7520,0.032,107911053312.0,0.0,0.0,784,16797,-0.0,162057.094,-114818.039,-0.0,0.133,6.909358625270745e+28,30.0,65.0,35,0.0,0.0,0.0,0.0,0.0,0.0,0.0,0.0,0.0,0.0,0.0,0.0,0.0,0.0,0.0,0.0,69.2,0,150,71,55,65476,0,300,0,1,8,20529,65476,0,0,40632,65.0,0.0,0.0,0.0,0.0,0.0
2026-09-04T20:00:56,ERR,ERR,ERR,ERR,ERR,ERR,ERR,ERR,ERR,ERR,ERR,ERR,ERR,ERR,ERR,ERR,ERR,ERR,ERR,ERR,ERR,ERR,ERR,ERR,ERR,ERR,ERR,ERR,ERR,ERR,ERR,ERR,ERR,ERR,ERR,ERR,ERR,ERR,ERR,ERR,ERR,ERR,ERR,ERR,ERR,ERR,ERR,ERR,ERR,ERR,ERR,ERR,ERR,ERR,ERR,ERR,ERR,ERR,ERR,ERR,ERR,ERR,ERR,ERR,ERR,ERR,ERR,ERR,ERR,ERR,ERR,ERR,ERR,ERR,ERR,ERR,ERR,ERR,ERR,ERR,ERR,ERR,ERR,ERR,ERR,ERR,ERR,ERR,ERR,ERR,ERR,ERR,ERR,ERR,ERR,ERR,ERR,ERR,ERR,ERR,ERR,ERR,ERR,ERR,ERR,ERR,ERR,ERR,ERR,ERR,ERR,ERR,ERR,ERR,ERR,ERR,ERR,ERR,ERR,ERR,ERR,ERR,ERR,ERR,ERR,2.718430741444032e+23,-0.0,-134479040.0,0.0,0.0,1.3936040501711995e+18,7.805,0.0,0,0,4,0,7116,0.0,100,0.0,0.0,0.0,0.0,0.0,0,0,0,0,0.0,0,0,0,0,0,0,0,0,0,0,0,0,0,0,0,0,0,0,0,0,0,0,0,0,0,0,0,0,0,0,0,0,0,31,40,40,71,65476,0,300,0,0,8,21553,0.0,-107605600.0,0.0,0.0,0.0,0.0,0.0,0.0,0.0,0.0,0.0,0.0,0.0,0.0,0.0,0.0,0.0,0.0,0.0,0.0,0.0,0.0,0.0,0.0,-2.004,0.0,0.0,0.0,0.0,0.0,6167.0,-0.0,6932.0,2.718430741444032e+23,-0.0,-0.0,2.718430741444032e+23,0.0,0.0,0.0,0.0,69,-2.7184314620199723e+23,-107615152.0,0.0,0.0,0.0,0.0,0.0,0.0,0.0,0,0,0,0.0,0.0,0.0,0.0,0.0,0.0,0.0,0.0,0.0,0.0,0.0,0.0,0.0,0.0,0.0,0.0,0,-107875648.0,69,0.0,138,0.0,-109447200.0,0,13107,17040,39322,17049,26215,17043,0,0,0,70,68,100,2.7302359370752657e+23,71.2,2.7302370179391762e+23,74.3,-0.0,74.0,1,49,50,180,13107,0,0,0,0.0,0.0,0.0,0.0,-0.0,67.0,0.0,162057.094,0.0,751,0,740,0,0,0,721,0,768,0,737,0,743,0,742,0,712,0,7520,0.032,107911053312.0,0.0,0.0,784,16797,-0.0,162057.094,-114818.039,-0.0,0.133,6.909358625270745e+28,30.0,65.0,35,0.0,0.0,0.0,0.0,0.0,0.0,0.0,0.0,0.0,0.0,0.0,0.0,0.0,0.0,0.0,0.0,69.2,0,150,71,55,65476,0,300,0,1,8,20529,65476,0,0,40632,65.0,0.0,0.0,0.0,0.0,0.0
2026-09-04T20:00:57,ERR,ERR,ERR,ERR,ERR,ERR,ERR,ERR,ERR,ERR,ERR,ERR,ERR,ERR,ERR,ERR,ERR,ERR,ERR,ERR,ERR,ERR,ERR,ERR,ERR,ERR,ERR,ERR,ERR,ERR,ERR,ERR,ERR,ERR,ERR,ERR,ERR,ERR,ERR,ERR,ERR,ERR,ERR,ERR,ERR,ERR,ERR,ERR,ERR,ERR,ERR,ERR,ERR,ERR,ERR,ERR,ERR,ERR,ERR,ERR,ERR,ERR,ERR,ERR,ERR,ERR,ERR,ERR,ERR,ERR,ERR,ERR,ERR,ERR,ERR,ERR,ERR,ERR,ERR,ERR,ERR,ERR,ERR,ERR,ERR,ERR,ERR,ERR,ERR,ERR,ERR,ERR,ERR,ERR,ERR,ERR,ERR,ERR,ERR,ERR,ERR,ERR,ERR,ERR,ERR,ERR,ERR,ERR,ERR,ERR,ERR,ERR,ERR,ERR,ERR,ERR,ERR,ERR,ERR,ERR,ERR,ERR,ERR,ERR,ERR,2.718430741444032e+23,-0.0,-134479040.0,0.0,0.0,1.3936040501711995e+18,7.805,0.0,0,0,4,0,7116,0.0,100,0.0,0.0,0.0,0.0,0.0,0,0,0,0,0.0,0,0,0,0,0,0,0,0,0,0,0,0,0,0,0,0,0,0,0,0,0,0,0,0,0,0,0,0,0,0,0,0,0,31,40,40,71,65476,0,300,0,0,8,21553,0.0,-107605600.0,0.0,0.0,0.0,0.0,0.0,0.0,0.0,0.0,0.0,0.0,0.0,0.0,0.0,0.0,0.0,0.0,0.0,0.0,0.0,0.0,0.0,0.0,-2.004,0.0,0.0,0.0,0.0,0.0,6167.0,-0.0,6932.0,2.718430741444032e+23,-0.0,-0.0,2.718430741444032e+23,0.0,0.0,0.0,0.0,69,-2.7184314620199723e+23,-107615152.0,0.0,0.0,0.0,0.0,0.0,0.0,0.0,0,0,0,0.0,0.0,0.0,0.0,0.0,0.0,0.0,0.0,0.0,0.0,0.0,0.0,0.0,0.0,0.0,0.0,0,-107875648.0,69,0.0,138,0.0,-109447200.0,0,13107,17040,39322,17049,26215,17043,0,0,0,70,68,100,2.7302359370752657e+23,71.2,2.7302370179391762e+23,74.3,-0.0,74.0,1,49,50,180,13107,0,0,0,0.0,0.0,0.0,0.0,-0.0,67.0,0.0,162057.094,0.0,751,0,740,0,0,0,721,0,768,0,737,0,743,0,742,0,712,0,7520,0.032,107911053312.0,0.0,0.0,784,16797,-0.0,162057.094,-114818.039,-0.0,0.133,6.909358625270745e+28,30.0,65.0,35,0.0,0.0,0.0,0.0,0.0,0.0,0.0,0.0,0.0,0.0,0.0,0.0,0.0,0.0,0.0,0.0,69.2,0,150,71,55,65476,0,300,0,1,8,20529,65476,0,0,40632,65.0,0.0,0.0,0.0,0.0,0.0
2026-09-04T20:00:58,ERR,ERR,ERR,ERR,ERR,ERR,ERR,ERR,ERR,ERR,ERR,ERR,ERR,ERR,ERR,ERR,ERR,ERR,ERR,ERR,ERR,ERR,ERR,ERR,ERR,ERR,ERR,ERR,ERR,ERR,ERR,ERR,ERR,ERR,ERR,ERR,ERR,ERR,ERR,ERR,ERR,ERR,ERR,ERR,ERR,ERR,ERR,ERR,ERR,ERR,ERR,ERR,ERR,ERR,ERR,ERR,ERR,ERR,ERR,ERR,ERR,ERR,ERR,ERR,ERR,ERR,ERR,ERR,ERR,ERR,ERR,ERR,ERR,ERR,ERR,ERR,ERR,ERR,ERR,ERR,ERR,ERR,ERR,ERR,ERR,ERR,ERR,ERR,ERR,ERR,ERR,ERR,ERR,ERR,ERR,ERR,ERR,ERR,ERR,ERR,ERR,ERR,ERR,ERR,ERR,ERR,ERR,ERR,ERR,ERR,ERR,ERR,ERR,ERR,ERR,ERR,ERR,ERR,ERR,ERR,ERR,ERR,ERR,ERR,ERR,2.718430741444032e+23,-0.0,-134479040.0,0.0,0.0,1.3936040501711995e+18,7.805,0.0,0,0,4,0,7116,0.0,100,0.0,0.0,0.0,0.0,0.0,0,0,0,0,0.0,0,0,0,0,0,0,0,0,0,0,0,0,0,0,0,0,0,0,0,0,0,0,0,0,0,0,0,0,0,0,0,0,0,31,40,40,71,65476,0,300,0,0,8,21553,0.0,-107605600.0,0.0,0.0,0.0,0.0,0.0,0.0,0.0,0.0,0.0,0.0,0.0,0.0,0.0,0.0,0.0,0.0,0.0,0.0,0.0,0.0,0.0,0.0,-2.004,0.0,0.0,0.0,0.0,0.0,6167.0,-0.0,6932.0,2.718430741444032e+23,-0.0,-0.0,2.718430741444032e+23,0.0,0.0,0.0,0.0,69,-2.7184314620199723e+23,-107615152.0,0.0,0.0,0.0,0.0,0.0,0.0,0.0,0,0,0,0.0,0.0,0.0,0.0,0.0,0.0,0.0,0.0,0.0,0.0,0.0,0.0,0.0,0.0,0.0,0.0,0,-107875648.0,69,0.0,138,0.0,-109447200.0,0,13107,17040,39322,17049,26215,17043,0,0,0,70,68,100,2.7302359370752657e+23,71.2,2.7302370179391762e+23,74.3,-0.0,74.0,1,49,50,180,13107,0,0,0,0.0,0.0,0.0,0.0,-0.0,67.0,0.0,162057.094,0.0,751,0,740,0,0,0,721,0,768,0,737,0,743,0,742,0,712,0,7520,0.032,107911053312.0,0.0,0.0,784,16797,-0.0,162057.094,-114818.039,-0.0,0.133,6.909358625270745e+28,30.0,65.0,35,0.0,0.0,0.0,0.0,0.0,0.0,0.0,0.0,0.0,0.0,0.0,0.0,0.0,0.0,0.0,0.0,69.2,0,150,71,55,65476,0,300,0,1,8,20529,65476,0,0,40632,65.0,0.0,0.0,0.0,0.0,0.0
2026-09-04T20:00:59,ERR,ERR,ERR,ERR,ERR,ERR,ERR,ERR,ERR,ERR,ERR,ERR,ERR,ERR,ERR,ERR,ERR,ERR,ERR,ERR,ERR,ERR,ERR,ERR,ERR,ERR,ERR,ERR,ERR,ERR,ERR,ERR,ERR,ERR,ERR,ERR,ERR,ERR,ERR,ERR,ERR,ERR,ERR,ERR,ERR,ERR,ERR,ERR,ERR,ERR,ERR,ERR,ERR,ERR,ERR,ERR,ERR,ERR,ERR,ERR,ERR,ERR,ERR,ERR,ERR,ERR,ERR,ERR,ERR,ERR,ERR,ERR,ERR,ERR,ERR,ERR,ERR,ERR,ERR,ERR,ERR,ERR,ERR,ERR,ERR,ERR,ERR,ERR,ERR,ERR,ERR,ERR,ERR,ERR,ERR,ERR,ERR,ERR,ERR,ERR,ERR,ERR,ERR,ERR,ERR,ERR,ERR,ERR,ERR,ERR,ERR,ERR,ERR,ERR,ERR,ERR,ERR,ERR,ERR,ERR,ERR,ERR,ERR,ERR,ERR,2.718430741444032e+23,-0.0,-134479040.0,0.0,0.0,1.3936040501711995e+18,7.805,0.0,0,0,4,0,7116,0.0,100,0.0,0.0,0.0,0.0,0.0,0,0,0,0,0.0,0,0,0,0,0,0,0,0,0,0,0,0,0,0,0,0,0,0,0,0,0,0,0,0,0,0,0,0,0,0,0,0,0,31,40,40,71,65476,0,300,0,0,8,21553,0.0,-107605600.0,0.0,0.0,0.0,0.0,0.0,0.0,0.0,0.0,0.0,0.0,0.0,0.0,0.0,0.0,0.0,0.0,0.0,0.0,0.0,0.0,0.0,0.0,-2.004,0.0,0.0,0.0,0.0,0.0,6191.0,8608220160.0,6922.0,2.718430741444032e+23,-0.0,-0.0,2.718430741444032e+23,0.0,0.0,0.0,0.0,69,-0.059,5.848074301777582e+35,0.0,0.0,0.0,0.0,0.0,0.0,0.0,0,0,0,0.0,0.0,0.0,0.0,0.0,0.0,0.0,0.0,0.0,0.0,0.0,0.0,0.0,0.0,0.0,0.0,0,-107875648.0,69,0.0,138,0.0,-109447200.0,0,13107,17040,39322,17049,13107,17043,0,0,0,70,68,100,2.7302359370752657e+23,71.2,2.7302370179391762e+23,74.3,-0.0,74.0,1,49,50,180,26215,0,0,0,0.0,0.0,0.0,0.0,-0.0,67.0,0.0,162057.094,0.0,752,0,740,0,0,0,721,0,768,0,737,0,742,0,742,0,712,0,7520,0.032,108447924224.0,0.0,0.0,784,16797,-0.0,162057.094,-114818.039,-0.0,0.133,6.909358625270745e+28,30.0,65.0,35,0.0,0.0,0.0,0.0,0.0,0.0,0.0,0.0,0.0,0.0,0.0,0.0,0.0,0.0,0.0,0.0,69.2,0,150,71,55,65476,0,300,0,1,8,20529,65476,0,0,40632,65.0,0.0,0.0,0.0,0.0,0.0
2026-09-04T20:01:00,ERR,ERR,ERR,ERR,ERR,ERR,ERR,ERR,ERR,ERR,ERR,ERR,ERR,ERR,ERR,ERR,ERR,ERR,ERR,ERR,ERR,ERR,ERR,ERR,ERR,ERR,ERR,ERR,ERR,ERR,ERR,ERR,ERR,ERR,ERR,ERR,ERR,ERR,ERR,ERR,ERR,ERR,ERR,ERR,ERR,ERR,ERR,ERR,ERR,ERR,ERR,ERR,ERR,ERR,ERR,ERR,ERR,ERR,ERR,ERR,ERR,ERR,ERR,ERR,ERR,ERR,ERR,ERR,ERR,ERR,ERR,ERR,ERR,ERR,ERR,ERR,ERR,ERR,ERR,ERR,ERR,ERR,ERR,ERR,ERR,ERR,ERR,ERR,ERR,ERR,ERR,ERR,ERR,ERR,ERR,ERR,ERR,ERR,ERR,ERR,ERR,ERR,ERR,ERR,ERR,ERR,ERR,ERR,ERR,ERR,ERR,ERR,ERR,ERR,ERR,ERR,ERR,ERR,ERR,ERR,ERR,ERR,ERR,ERR,ERR,2.718430741444032e+23,-0.0,-134479040.0,0.0,0.0,1.3936040501711995e+18,7.805,0.0,0,0,4,0,7116,0.0,100,0.0,0.0,0.0,0.0,0.0,0,0,0,0,0.0,0,0,0,0,0,0,0,0,0,0,0,0,0,0,0,0,0,0,0,0,0,0,0,0,0,0,0,0,0,0,0,0,0,31,40,40,71,65476,0,300,0,0,8,21553,0.0,-107605600.0,0.0,0.0,0.0,0.0,0.0,0.0,0.0,0.0,0.0,0.0,0.0,0.0,0.0,0.0,0.0,0.0,0.0,0.0,0.0,0.0,0.0,0.0,-2.004,0.0,0.0,0.0,0.0,0.0,6191.0,8608220160.0,6922.0,2.718430741444032e+23,-0.0,-0.0,2.718430741444032e+23,0.0,0.0,0.0,0.0,69,-0.059,5.848074301777582e+35,0.0,0.0,0.0,0.0,0.0,0.0,0.0,0,0,0,0.0,0.0,0.0,0.0,0.0,0.0,0.0,0.0,0.0,0.0,0.0,0.0,0.0,0.0,0.0,0.0,0,-107875648.0,69,0.0,138,0.0,-109447200.0,0,13107,17040,39322,17049,13107,17043,0,0,0,70,68,100,2.7302359370752657e+23,71.2,2.7302370179391762e+23,74.3,-0.0,74.0,1,49,50,180,26215,0,0,0,0.0,0.0,0.0,0.0,-0.0,67.0,0.0,162057.094,0.0,752,0,740,0,0,0,721,0,768,0,737,0,742,0,742,0,712,0,7520,0.032,108447924224.0,0.0,0.0,784,16797,-0.0,162057.094,-114818.039,-0.0,0.133,6.909358625270745e+28,30.0,65.0,35,0.0,0.0,0.0,0.0,0.0,0.0,0.0,0.0,0.0,0.0,0.0,0.0,0.0,0.0,0.0,0.0,69.2,0,150,71,55,65476,0,300,0,1,8,20529,65476,0,0,40632,65.0,0.0,0.0,0.0,0.0,0.0
2026-09-04T20:01:01,ERR,ERR,ERR,ERR,ERR,ERR,ERR,ERR,ERR,ERR,ERR,ERR,ERR,ERR,ERR,ERR,ERR,ERR,ERR,ERR,ERR,ERR,ERR,ERR,ERR,ERR,ERR,ERR,ERR,ERR,ERR,ERR,ERR,ERR,ERR,ERR,ERR,ERR,ERR,ERR,ERR,ERR,ERR,ERR,ERR,ERR,ERR,ERR,ERR,ERR,ERR,ERR,ERR,ERR,ERR,ERR,ERR,ERR,ERR,ERR,ERR,ERR,ERR,ERR,ERR,ERR,ERR,ERR,ERR,ERR,ERR,ERR,ERR,ERR,ERR,ERR,ERR,ERR,ERR,ERR,ERR,ERR,ERR,ERR,ERR,ERR,ERR,ERR,ERR,ERR,ERR,ERR,ERR,ERR,ERR,ERR,ERR,ERR,ERR,ERR,ERR,ERR,ERR,ERR,ERR,ERR,ERR,ERR,ERR,ERR,ERR,ERR,ERR,ERR,ERR,ERR,ERR,ERR,ERR,ERR,ERR,ERR,ERR,ERR,ERR,2.718430741444032e+23,-0.0,-134479040.0,0.0,0.0,1.3936040501711995e+18,7.805,0.0,0,0,4,0,7116,0.0,100,0.0,0.0,0.0,0.0,0.0,0,0,0,0,0.0,0,0,0,0,0,0,0,0,0,0,0,0,0,0,0,0,0,0,0,0,0,0,0,0,0,0,0,0,0,0,0,0,0,31,40,40,71,65476,0,300,0,0,8,21553,0.0,-107605600.0,0.0,0.0,0.0,0.0,0.0,0.0,0.0,0.0,0.0,0.0,0.0,0.0,0.0,0.0,0.0,0.0,0.0,0.0,0.0,0.0,0.0,0.0,-2.004,0.0,0.0,0.0,0.0,0.0,6191.0,8608220160.0,6922.0,2.718430741444032e+23,-0.0,-0.0,2.718430741444032e+23,0.0,0.0,0.0,0.0,69,-0.059,5.848074301777582e+35,0.0,0.0,0.0,0.0,0.0,0.0,0.0,0,0,0,0.0,0.0,0.0,0.0,0.0,0.0,0.0,0.0,0.0,0.0,0.0,0.0,0.0,0.0,0.0,0.0,0,-107875648.0,69,0.0,138,0.0,-109447200.0,0,13107,17040,39322,17049,13107,17043,0,0,0,70,68,100,2.7302359370752657e+23,71.2,2.7302370179391762e+23,74.3,-0.0,74.0,1,49,50,180,26215,0,0,0,0.0,0.0,0.0,0.0,-0.0,67.0,0.0,162057.094,0.0,752,0,740,0,0,0,721,0,768,0,737,0,742,0,742,0,712,0,7520,0.032,108447924224.0,0.0,0.0,784,16797,-0.0,162057.094,-114818.039,-0.0,0.133,6.909358625270745e+28,30.0,65.0,35,0.0,0.0,0.0,0.0,0.0,0.0,0.0,0.0,0.0,0.0,0.0,0.0,0.0,0.0,0.0,0.0,69.2,0,150,71,55,65476,0,300,0,1,8,20529,65476,0,0,40632,65.0,0.0,0.0,0.0,0.0,0.0
2026-09-04T20:01:02,ERR,ERR,ERR,ERR,ERR,ERR,ERR,ERR,ERR,ERR,ERR,ERR,ERR,ERR,ERR,ERR,ERR,ERR,ERR,ERR,ERR,ERR,ERR,ERR,ERR,ERR,ERR,ERR,ERR,ERR,ERR,ERR,ERR,ERR,ERR,ERR,ERR,ERR,ERR,ERR,ERR,ERR,ERR,ERR,ERR,ERR,ERR,ERR,ERR,ERR,ERR,ERR,ERR,ERR,ERR,ERR,ERR,ERR,ERR,ERR,ERR,ERR,ERR,ERR,ERR,ERR,ERR,ERR,ERR,ERR,ERR,ERR,ERR,ERR,ERR,ERR,ERR,ERR,ERR,ERR,ERR,ERR,ERR,ERR,ERR,ERR,ERR,ERR,ERR,ERR,ERR,ERR,ERR,ERR,ERR,ERR,ERR,ERR,ERR,ERR,ERR,ERR,ERR,ERR,ERR,ERR,ERR,ERR,ERR,ERR,ERR,ERR,ERR,ERR,ERR,ERR,ERR,ERR,ERR,ERR,ERR,ERR,ERR,ERR,ERR,2.718430741444032e+23,-0.0,-134479040.0,0.0,0.0,1.3936040501711995e+18,7.805,0.0,0,0,4,0,7116,0.0,100,0.0,0.0,0.0,0.0,0.0,0,0,0,0,0.0,0,0,0,0,0,0,0,0,0,0,0,0,0,0,0,0,0,0,0,0,0,0,0,0,0,0,0,0,0,0,0,0,0,31,40,40,71,65476,0,300,0,0,8,21553,0.0,-107605600.0,0.0,0.0,0.0,0.0,0.0,0.0,0.0,0.0,0.0,0.0,0.0,0.0,0.0,0.0,0.0,0.0,0.0,0.0,0.0,0.0,0.0,0.0,-2.004,0.0,0.0,0.0,0.0,0.0,6191.0,8608220160.0,6922.0,2.718430741444032e+23,-0.0,-0.0,2.718430741444032e+23,0.0,0.0,0.0,0.0,69,-0.059,5.848074301777582e+35,0.0,0.0,0.0,0.0,0.0,0.0,0.0,0,0,0,0.0,0.0,0.0,0.0,0.0,0.0,0.0,0.0,0.0,0.0,0.0,0.0,0.0,0.0,0.0,0.0,0,-107875648.0,69,0.0,138,0.0,-109447200.0,0,13107,17040,39322,17049,13107,17043,0,0,0,70,68,100,2.7302359370752657e+23,71.2,2.7302370179391762e+23,74.3,-0.0,74.0,1,49,50,180,26215,0,0,0,0.0,0.0,0.0,0.0,-0.0,67.0,0.0,162057.094,0.0,752,0,740,0,0,0,721,0,768,0,737,0,742,0,742,0,712,0,7520,0.032,108447924224.0,0.0,0.0,784,16797,-0.0,162057.094,-114818.039,-0.0,0.133,6.909358625270745e+28,30.0,65.0,35,0.0,0.0,0.0,0.0,0.0,0.0,0.0,0.0,0.0,0.0,0.0,0.0,0.0,0.0,0.0,0.0,69.2,0,150,71,55,65476,0,300,0,1,8,20529,65476,0,0,40632,65.0,0.0,0.0,0.0,0.0,0.0
2026-09-04T20:01:03,ERR,ERR,ERR,ERR,ERR,ERR,ERR,ERR,ERR,ERR,ERR,ERR,ERR,ERR,ERR,ERR,ERR,ERR,ERR,ERR,ERR,ERR,ERR,ERR,ERR,ERR,ERR,ERR,ERR,ERR,ERR,ERR,ERR,ERR,ERR,ERR,ERR,ERR,ERR,ERR,ERR,ERR,ERR,ERR,ERR,ERR,ERR,ERR,ERR,ERR,ERR,ERR,ERR,ERR,ERR,ERR,ERR,ERR,ERR,ERR,ERR,ERR,ERR,ERR,ERR,ERR,ERR,ERR,ERR,ERR,ERR,ERR,ERR,ERR,ERR,ERR,ERR,ERR,ERR,ERR,ERR,ERR,ERR,ERR,ERR,ERR,ERR,ERR,ERR,ERR,ERR,ERR,ERR,ERR,ERR,ERR,ERR,ERR,ERR,ERR,ERR,ERR,ERR,ERR,ERR,ERR,ERR,ERR,ERR,ERR,ERR,ERR,ERR,ERR,ERR,ERR,ERR,ERR,ERR,ERR,ERR,ERR,ERR,ERR,ERR,2.718430741444032e+23,-0.0,-134479040.0,0.0,0.0,1.3936040501711995e+18,7.805,0.0,0,0,4,0,7116,0.0,100,0.0,0.0,0.0,0.0,0.0,0,0,0,0,0.0,0,0,0,0,0,0,0,0,0,0,0,0,0,0,0,0,0,0,0,0,0,0,0,0,0,0,0,0,0,0,0,0,0,31,40,40,71,65476,0,300,0,0,8,21553,0.0,-107605600.0,0.0,0.0,0.0,0.0,0.0,0.0,0.0,0.0,0.0,0.0,0.0,0.0,0.0,0.0,0.0,0.0,0.0,0.0,0.0,0.0,0.0,0.0,-2.004,0.0,0.0,0.0,0.0,0.0,6191.0,8608220160.0,6922.0,2.718430741444032e+23,-0.0,-0.0,2.718430741444032e+23,0.0,0.0,0.0,0.0,69,-0.059,5.848074301777582e+35,0.0,0.0,0.0,0.0,0.0,0.0,0.0,0,0,0,0.0,0.0,0.0,0.0,0.0,0.0,0.0,0.0,0.0,0.0,0.0,0.0,0.0,0.0,0.0,0.0,0,-107875648.0,69,0.0,138,0.0,-109447200.0,0,13107,17040,39322,17049,13107,17043,0,0,0,70,68,100,2.7302359370752657e+23,71.2,2.7302370179391762e+23,74.3,-0.0,74.0,1,49,50,180,26215,0,0,0,0.0,0.0,0.0,0.0,-0.0,67.0,0.0,162057.094,0.0,752,0,740,0,0,0,721,0,768,0,737,0,742,0,742,0,712,0,7520,0.032,108447924224.0,0.0,0.0,784,16797,-0.0,162057.094,-114818.039,-0.0,0.133,6.909358625270745e+28,30.0,65.0,35,0.0,0.0,0.0,0.0,0.0,0.0,0.0,0.0,0.0,0.0,0.0,0.0,0.0,0.0,0.0,0.0,69.2,0,150,71,55,65476,0,300,0,1,8,20529,65476,0,0,40632,65.0,0.0,0.0,0.0,0.0,0.0
2026-09-04T20:01:04,ERR,ERR,ERR,ERR,ERR,ERR,ERR,ERR,ERR,ERR,ERR,ERR,ERR,ERR,ERR,ERR,ERR,ERR,ERR,ERR,ERR,ERR,ERR,ERR,ERR,ERR,ERR,ERR,ERR,ERR,ERR,ERR,ERR,ERR,ERR,ERR,ERR,ERR,ERR,ERR,ERR,ERR,ERR,ERR,ERR,ERR,ERR,ERR,ERR,ERR,ERR,ERR,ERR,ERR,ERR,ERR,ERR,ERR,ERR,ERR,ERR,ERR,ERR,ERR,ERR,ERR,ERR,ERR,ERR,ERR,ERR,ERR,ERR,ERR,ERR,ERR,ERR,ERR,ERR,ERR,ERR,ERR,ERR,ERR,ERR,ERR,ERR,ERR,ERR,ERR,ERR,ERR,ERR,ERR,ERR,ERR,ERR,ERR,ERR,ERR,ERR,ERR,ERR,ERR,ERR,ERR,ERR,ERR,ERR,ERR,ERR,ERR,ERR,ERR,ERR,ERR,ERR,ERR,ERR,ERR,ERR,ERR,ERR,ERR,ERR,2.718430741444032e+23,-0.0,-134479040.0,0.0,0.0,1.3936040501711995e+18,7.805,0.0,0,0,4,0,7116,0.0,100,0.0,0.0,0.0,0.0,0.0,0,0,0,0,0.0,0,0,0,0,0,0,0,0,0,0,0,0,0,0,0,0,0,0,0,0,0,0,0,0,0,0,0,0,0,0,0,0,0,31,40,40,71,65476,0,300,0,0,8,21553,0.0,-107605600.0,0.0,0.0,0.0,0.0,0.0,0.0,0.0,0.0,0.0,0.0,0.0,0.0,0.0,0.0,0.0,0.0,0.0,0.0,0.0,0.0,0.0,0.0,-2.004,0.0,0.0,0.0,0.0,0.0,6191.0,8608220160.0,6922.0,2.718430741444032e+23,-0.0,-0.0,2.718430741444032e+23,0.0,0.0,0.0,0.0,69,-0.059,5.848074301777582e+35,0.0,0.0,0.0,0.0,0.0,0.0,0.0,0,0,0,0.0,0.0,0.0,0.0,0.0,0.0,0.0,0.0,0.0,0.0,0.0,0.0,0.0,0.0,0.0,0.0,0,-107875648.0,69,0.0,138,0.0,-109447200.0,0,13107,17040,39322,17049,26215,17043,0,0,0,70,68,100,2.7302359370752657e+23,71.2,2.7302370179391762e+23,74.3,-0.0,74.0,1,49,50,180,13107,0,0,0,0.0,0.0,0.0,0.0,-0.0,67.0,0.0,162057.094,0.0,751,0,740,0,0,0,721,0,768,0,736,0,743,0,742,0,712,0,7520,0.032,108447924224.0,0.0,0.0,784,16797,-0.0,162057.094,-114818.039,-0.0,0.133,6.909358625270745e+28,30.0,65.0,35,0.0,0.0,0.0,0.0,0.0,0.0,0.0,0.0,0.0,0.0,0.0,0.0,0.0,0.0,0.0,0.0,69.2,0,150,71,55,65476,0,300,0,1,8,20529,65476,0,0,40632,65.0,0.0,0.0,0.0,0.0,0.0
2026-09-04T20:01:05,ERR,ERR,ERR,ERR,ERR,ERR,ERR,ERR,ERR,ERR,ERR,ERR,ERR,ERR,ERR,ERR,ERR,ERR,ERR,ERR,ERR,ERR,ERR,ERR,ERR,ERR,ERR,ERR,ERR,ERR,ERR,ERR,ERR,ERR,ERR,ERR,ERR,ERR,ERR,ERR,ERR,ERR,ERR,ERR,ERR,ERR,ERR,ERR,ERR,ERR,ERR,ERR,ERR,ERR,ERR,ERR,ERR,ERR,ERR,ERR,ERR,ERR,ERR,ERR,ERR,ERR,ERR,ERR,ERR,ERR,ERR,ERR,ERR,ERR,ERR,ERR,ERR,ERR,ERR,ERR,ERR,ERR,ERR,ERR,ERR,ERR,ERR,ERR,ERR,ERR,ERR,ERR,ERR,ERR,ERR,ERR,ERR,ERR,ERR,ERR,ERR,ERR,ERR,ERR,ERR,ERR,ERR,ERR,ERR,ERR,ERR,ERR,ERR,ERR,ERR,ERR,ERR,ERR,ERR,ERR,ERR,ERR,ERR,ERR,ERR,2.718430741444032e+23,-0.0,-134479040.0,0.0,0.0,1.3936040501711995e+18,7.805,0.0,0,0,4,0,7116,0.0,100,0.0,0.0,0.0,0.0,0.0,0,0,0,0,0.0,0,0,0,0,0,0,0,0,0,0,0,0,0,0,0,0,0,0,0,0,0,0,0,0,0,0,0,0,0,0,0,0,0,31,40,40,71,65476,0,300,0,0,8,21553,0.0,-107605600.0,0.0,0.0,0.0,0.0,0.0,0.0,0.0,0.0,0.0,0.0,0.0,0.0,0.0,0.0,0.0,0.0,0.0,0.0,0.0,0.0,0.0,0.0,-2.004,0.0,0.0,0.0,0.0,0.0,6191.0,8608220160.0,6922.0,2.718430741444032e+23,-0.0,-0.0,2.718430741444032e+23,0.0,0.0,0.0,0.0,69,-0.059,5.848074301777582e+35,0.0,0.0,0.0,0.0,0.0,0.0,0.0,0,0,0,0.0,0.0,0.0,0.0,0.0,0.0,0.0,0.0,0.0,0.0,0.0,0.0,0.0,0.0,0.0,0.0,0,-107875648.0,69,0.0,138,0.0,-109447200.0,0,13107,17040,39322,17049,26215,17043,0,0,0,70,68,100,2.7302359370752657e+23,71.2,2.7302370179391762e+23,74.3,-0.0,74.0,1,49,50,180,13107,0,0,0,0.0,0.0,0.0,0.0,-0.0,67.0,0.0,162057.094,0.0,751,0,740,0,0,0,721,0,768,0,736,0,743,0,742,0,712,0,7520,0.032,108447924224.0,0.0,0.0,784,16797,-0.0,162057.094,-114818.039,-0.0,0.133,6.909358625270745e+28,30.0,65.0,35,0.0,0.0,0.0,0.0,0.0,0.0,0.0,0.0,0.0,0.0,0.0,0.0,0.0,0.0,0.0,0.0,69.2,0,150,71,55,65476,0,300,0,1,8,20529,65476,0,0,40632,65.0,0.0,0.0,0.0,0.0,0.0
2026-09-04T20:01:06,ERR,ERR,ERR,ERR,ERR,ERR,ERR,ERR,ERR,ERR,ERR,ERR,ERR,ERR,ERR,ERR,ERR,ERR,ERR,ERR,ERR,ERR,ERR,ERR,ERR,ERR,ERR,ERR,ERR,ERR,ERR,ERR,ERR,ERR,ERR,ERR,ERR,ERR,ERR,ERR,ERR,ERR,ERR,ERR,ERR,ERR,ERR,ERR,ERR,ERR,ERR,ERR,ERR,ERR,ERR,ERR,ERR,ERR,ERR,ERR,ERR,ERR,ERR,ERR,ERR,ERR,ERR,ERR,ERR,ERR,ERR,ERR,ERR,ERR,ERR,ERR,ERR,ERR,ERR,ERR,ERR,ERR,ERR,ERR,ERR,ERR,ERR,ERR,ERR,ERR,ERR,ERR,ERR,ERR,ERR,ERR,ERR,ERR,ERR,ERR,ERR,ERR,ERR,ERR,ERR,ERR,ERR,ERR,ERR,ERR,ERR,ERR,ERR,ERR,ERR,ERR,ERR,ERR,ERR,ERR,ERR,ERR,ERR,ERR,ERR,2.718430741444032e+23,-0.0,-134479040.0,0.0,0.0,1.3936040501711995e+18,7.805,0.0,0,0,4,0,7116,0.0,100,0.0,0.0,0.0,0.0,0.0,0,0,0,0,0.0,0,0,0,0,0,0,0,0,0,0,0,0,0,0,0,0,0,0,0,0,0,0,0,0,0,0,0,0,0,0,0,0,0,31,40,40,71,65476,0,300,0,0,8,21553,0.0,-107605600.0,0.0,0.0,0.0,0.0,0.0,0.0,0.0,0.0,0.0,0.0,0.0,0.0,0.0,0.0,0.0,0.0,0.0,0.0,0.0,0.0,0.0,0.0,-2.004,0.0,0.0,0.0,0.0,0.0,6191.0,8608220160.0,6922.0,2.718430741444032e+23,-0.0,-0.0,2.718430741444032e+23,0.0,0.0,0.0,0.0,69,-0.059,5.848074301777582e+35,0.0,0.0,0.0,0.0,0.0,0.0,0.0,0,0,0,0.0,0.0,0.0,0.0,0.0,0.0,0.0,0.0,0.0,0.0,0.0,0.0,0.0,0.0,0.0,0.0,0,-107875648.0,69,0.0,138,0.0,-109447200.0,0,13107,17040,39322,17049,26215,17043,0,0,0,70,68,100,2.7302359370752657e+23,71.2,2.7302370179391762e+23,74.3,-0.0,74.0,1,49,50,180,13107,0,0,0,0.0,0.0,0.0,0.0,-0.0,67.0,0.0,162057.094,0.0,751,0,740,0,0,0,721,0,768,0,736,0,743,0,742,0,712,0,7520,0.032,108447924224.0,0.0,0.0,784,16797,-0.0,162057.094,-114818.039,-0.0,0.133,6.909358625270745e+28,30.0,65.0,35,0.0,0.0,0.0,0.0,0.0,0.0,0.0,0.0,0.0,0.0,0.0,0.0,0.0,0.0,0.0,0.0,69.2,0,150,71,55,65476,0,300,0,1,8,20529,65476,0,0,40632,65.0,0.0,0.0,0.0,0.0,0.0
2026-09-04T20:01:07,ERR,ERR,ERR,ERR,ERR,ERR,ERR,ERR,ERR,ERR,ERR,ERR,ERR,ERR,ERR,ERR,ERR,ERR,ERR,ERR,ERR,ERR,ERR,ERR,ERR,ERR,ERR,ERR,ERR,ERR,ERR,ERR,ERR,ERR,ERR,ERR,ERR,ERR,ERR,ERR,ERR,ERR,ERR,ERR,ERR,ERR,ERR,ERR,ERR,ERR,ERR,ERR,ERR,ERR,ERR,ERR,ERR,ERR,ERR,ERR,ERR,ERR,ERR,ERR,ERR,ERR,ERR,ERR,ERR,ERR,ERR,ERR,ERR,ERR,ERR,ERR,ERR,ERR,ERR,ERR,ERR,ERR,ERR,ERR,ERR,ERR,ERR,ERR,ERR,ERR,ERR,ERR,ERR,ERR,ERR,ERR,ERR,ERR,ERR,ERR,ERR,ERR,ERR,ERR,ERR,ERR,ERR,ERR,ERR,ERR,ERR,ERR,ERR,ERR,ERR,ERR,ERR,ERR,ERR,ERR,ERR,ERR,ERR,ERR,ERR,2.718430741444032e+23,-0.0,-134479040.0,0.0,0.0,1.3936040501711995e+18,7.805,0.0,0,0,4,0,7116,0.0,100,0.0,0.0,0.0,0.0,0.0,0,0,0,0,0.0,0,0,0,0,0,0,0,0,0,0,0,0,0,0,0,0,0,0,0,0,0,0,0,0,0,0,0,0,0,0,0,0,0,31,40,40,71,65476,0,300,0,0,8,21553,0.0,-107605600.0,0.0,0.0,0.0,0.0,0.0,0.0,0.0,0.0,0.0,0.0,0.0,0.0,0.0,0.0,0.0,0.0,0.0,0.0,0.0,0.0,0.0,0.0,-2.004,0.0,0.0,0.0,0.0,0.0,6191.0,0.0,6942.0,2.718430741444032e+23,-0.0,-0.0,2.718430741444032e+23,0.0,0.0,0.0,0.0,69,-89221.172,-4.95041931333647e+32,0.0,0.0,0.0,0.0,0.0,0.0,0.0,0,0,0,0.0,0.0,0.0,0.0,0.0,0.0,0.0,0.0,0.0,0.0,0.0,0.0,0.0,0.0,0.0,0.0,0,-107875648.0,69,0.0,138,0.0,-109447200.0,0,13107,17040,39322,17049,26215,17043,0,0,0,70,68,100,2.7302359370752657e+23,71.2,2.7302370179391762e+23,74.3,-0.0,74.0,1,49,50,180,13107,0,0,0,0.0,0.0,0.0,0.0,-0.0,67.0,0.0,162057.094,0.0,751,0,740,0,0,0,721,0,768,0,736,0,743,0,742,0,712,0,7520,0.032,108447924224.0,0.0,0.0,784,16797,-0.0,162057.094,-114818.039,-0.0,0.133,6.909358625270745e+28,30.0,65.0,35,0.0,0.0,0.0,0.0,0.0,0.0,0.0,0.0,0.0,0.0,0.0,0.0,0.0,0.0,0.0,0.0,69.2,0,150,71,55,65476,0,300,0,1,8,20529,65476,0,0,40632,65.0,0.0,0.0,0.0,0.0,0.0
2026-09-04T20:01:08,ERR,ERR,ERR,ERR,ERR,ERR,ERR,ERR,ERR,ERR,ERR,ERR,ERR,ERR,ERR,ERR,ERR,ERR,ERR,ERR,ERR,ERR,ERR,ERR,ERR,ERR,ERR,ERR,ERR,ERR,ERR,ERR,ERR,ERR,ERR,ERR,ERR,ERR,ERR,ERR,ERR,ERR,ERR,ERR,ERR,ERR,ERR,ERR,ERR,ERR,ERR,ERR,ERR,ERR,ERR,ERR,ERR,ERR,ERR,ERR,ERR,ERR,ERR,ERR,ERR,ERR,ERR,ERR,ERR,ERR,ERR,ERR,ERR,ERR,ERR,ERR,ERR,ERR,ERR,ERR,ERR,ERR,ERR,ERR,ERR,ERR,ERR,ERR,ERR,ERR,ERR,ERR,ERR,ERR,ERR,ERR,ERR,ERR,ERR,ERR,ERR,ERR,ERR,ERR,ERR,ERR,ERR,ERR,ERR,ERR,ERR,ERR,ERR,ERR,ERR,ERR,ERR,ERR,ERR,ERR,ERR,ERR,ERR,ERR,ERR,2.718430741444032e+23,-0.0,-134479040.0,0.0,0.0,1.3936040501711995e+18,7.805,0.0,0,0,4,0,7116,0.0,100,0.0,0.0,0.0,0.0,0.0,0,0,0,0,0.0,0,0,0,0,0,0,0,0,0,0,0,0,0,0,0,0,0,0,0,0,0,0,0,0,0,0,0,0,0,0,0,0,0,31,40,40,71,65476,0,300,0,0,8,21553,0.0,-107605600.0,0.0,0.0,0.0,0.0,0.0,0.0,0.0,0.0,0.0,0.0,0.0,0.0,0.0,0.0,0.0,0.0,0.0,0.0,0.0,0.0,0.0,0.0,-2.004,0.0,0.0,0.0,0.0,0.0,6191.0,0.0,6942.0,2.718430741444032e+23,-0.0,-0.0,2.718430741444032e+23,0.0,0.0,0.0,0.0,69,-89221.172,-4.95041931333647e+32,0.0,0.0,0.0,0.0,0.0,0.0,0.0,0,0,0,0.0,0.0,0.0,0.0,0.0,0.0,0.0,0.0,0.0,0.0,0.0,0.0,0.0,0.0,0.0,0.0,0,-107875648.0,69,0.0,138,0.0,-109447200.0,0,13107,17040,39322,17049,26215,17043,0,0,0,70,68,100,2.7302359370752657e+23,71.2,2.7302370179391762e+23,74.3,-0.0,74.0,1,49,50,180,13107,0,0,0,0.0,0.0,0.0,0.0,-0.0,67.0,0.0,162057.094,0.0,751,0,740,0,0,0,721,0,768,0,736,0,743,0,742,0,712,0,7520,0.032,108447924224.0,0.0,0.0,784,16797,-0.0,162057.094,-114818.039,-0.0,0.133,6.909358625270745e+28,30.0,65.0,35,0.0,0.0,0.0,0.0,0.0,0.0,0.0,0.0,0.0,0.0,0.0,0.0,0.0,0.0,0.0,0.0,69.2,0,150,71,55,65476,0,300,0,1,8,20529,65476,0,0,40632,65.0,0.0,0.0,0.0,0.0,0.0
2026-09-04T20:01:09,ERR,ERR,ERR,ERR,ERR,ERR,ERR,ERR,ERR,ERR,ERR,ERR,ERR,ERR,ERR,ERR,ERR,ERR,ERR,ERR,ERR,ERR,ERR,ERR,ERR,ERR,ERR,ERR,ERR,ERR,ERR,ERR,ERR,ERR,ERR,ERR,ERR,ERR,ERR,ERR,ERR,ERR,ERR,ERR,ERR,ERR,ERR,ERR,ERR,ERR,ERR,ERR,ERR,ERR,ERR,ERR,ERR,ERR,ERR,ERR,ERR,ERR,ERR,ERR,ERR,ERR,ERR,ERR,ERR,ERR,ERR,ERR,ERR,ERR,ERR,ERR,ERR,ERR,ERR,ERR,ERR,ERR,ERR,ERR,ERR,ERR,ERR,ERR,ERR,ERR,ERR,ERR,ERR,ERR,ERR,ERR,ERR,ERR,ERR,ERR,ERR,ERR,ERR,ERR,ERR,ERR,ERR,ERR,ERR,ERR,ERR,ERR,ERR,ERR,ERR,ERR,ERR,ERR,ERR,ERR,ERR,ERR,ERR,ERR,ERR,2.718430741444032e+23,-0.0,-134479040.0,0.0,0.0,1.3936040501711995e+18,7.805,0.0,0,0,4,0,7116,0.0,100,0.0,0.0,0.0,0.0,0.0,0,0,0,0,0.0,0,0,0,0,0,0,0,0,0,0,0,0,0,0,0,0,0,0,0,0,0,0,0,0,0,0,0,0,0,0,0,0,0,31,40,40,71,65476,0,300,0,0,8,21553,0.0,-107605600.0,0.0,0.0,0.0,0.0,0.0,0.0,0.0,0.0,0.0,0.0,0.0,0.0,0.0,0.0,0.0,0.0,0.0,0.0,0.0,0.0,0.0,0.0,-2.004,0.0,0.0,0.0,0.0,0.0,6191.0,0.0,6942.0,2.718430741444032e+23,-0.0,-0.0,2.718430741444032e+23,0.0,0.0,0.0,0.0,69,-89221.172,-4.95041931333647e+32,0.0,0.0,0.0,0.0,0.0,0.0,0.0,0,0,0,0.0,0.0,0.0,0.0,0.0,0.0,0.0,0.0,0.0,0.0,0.0,0.0,0.0,0.0,0.0,0.0,0,-107875648.0,69,0.0,138,0.0,-109447200.0,0,13107,17040,39322,17049,26215,17043,0,0,0,70,68,100,2.7302359370752657e+23,71.2,2.7302370179391762e+23,74.3,-0.0,74.0,1,49,50,180,13107,0,0,0,0.0,0.0,0.0,0.0,-0.0,67.0,0.0,162057.094,0.0,751,0,740,0,0,0,721,0,768,0,736,0,743,0,742,0,712,0,7520,0.032,108447924224.0,0.0,0.0,784,16797,-0.0,162057.094,-114818.039,-0.0,0.133,6.909358625270745e+28,30.0,65.0,35,0.0,0.0,0.0,0.0,0.0,0.0,0.0,0.0,0.0,0.0,0.0,0.0,0.0,0.0,0.0,0.0,69.2,0,150,71,55,65476,0,300,0,1,8,20529,65476,0,0,40632,65.0,0.0,0.0,0.0,0.0,0.0
2026-09-04T20:01:10,ERR,ERR,ERR,ERR,ERR,ERR,ERR,ERR,ERR,ERR,ERR,ERR,ERR,ERR,ERR,ERR,ERR,ERR,ERR,ERR,ERR,ERR,ERR,ERR,ERR,ERR,ERR,ERR,ERR,ERR,ERR,ERR,ERR,ERR,ERR,ERR,ERR,ERR,ERR,ERR,ERR,ERR,ERR,ERR,ERR,ERR,ERR,ERR,ERR,ERR,ERR,ERR,ERR,ERR,ERR,ERR,ERR,ERR,ERR,ERR,ERR,ERR,ERR,ERR,ERR,ERR,ERR,ERR,ERR,ERR,ERR,ERR,ERR,ERR,ERR,ERR,ERR,ERR,ERR,ERR,ERR,ERR,ERR,ERR,ERR,ERR,ERR,ERR,ERR,ERR,ERR,ERR,ERR,ERR,ERR,ERR,ERR,ERR,ERR,ERR,ERR,ERR,ERR,ERR,ERR,ERR,ERR,ERR,ERR,ERR,ERR,ERR,ERR,ERR,ERR,ERR,ERR,ERR,ERR,ERR,ERR,ERR,ERR,ERR,ERR,2.718430741444032e+23,-0.0,-134479040.0,0.0,0.0,1.3936040501711995e+18,7.805,0.0,0,0,4,0,7116,0.0,100,0.0,0.0,0.0,0.0,0.0,0,0,0,0,0.0,0,0,0,0,0,0,0,0,0,0,0,0,0,0,0,0,0,0,0,0,0,0,0,0,0,0,0,0,0,0,0,0,0,31,40,40,71,65476,0,300,0,0,8,21553,0.0,-107605600.0,0.0,0.0,0.0,0.0,0.0,0.0,0.0,0.0,0.0,0.0,0.0,0.0,0.0,0.0,0.0,0.0,0.0,0.0,0.0,0.0,0.0,0.0,-2.004,0.0,0.0,0.0,0.0,0.0,6191.0,0.0,6942.0,2.718430741444032e+23,-0.0,-0.0,2.718430741444032e+23,0.0,0.0,0.0,0.0,69,-89221.172,-4.95041931333647e+32,0.0,0.0,0.0,0.0,0.0,0.0,0.0,0,0,0,0.0,0.0,0.0,0.0,0.0,0.0,0.0,0.0,0.0,0.0,0.0,0.0,0.0,0.0,0.0,0.0,0,-107875648.0,69,0.0,138,0.0,-109447200.0,0,13107,17040,39322,17049,26215,17043,0,0,0,70,68,100,2.7302359370752657e+23,71.2,2.7302370179391762e+23,74.3,-0.0,74.0,1,49,50,180,13107,0,0,0,0.0,0.0,0.0,0.0,-0.0,67.0,0.0,162057.094,0.0,752,0,740,0,0,0,721,0,768,0,736,0,743,0,742,0,712,0,7520,0.032,108447924224.0,0.0,0.0,784,16797,-0.0,162057.094,-114818.039,-0.0,0.133,6.909358625270745e+28,30.0,65.0,35,0.0,0.0,0.0,0.0,0.0,0.0,0.0,0.0,0.0,0.0,0.0,0.0,0.0,0.0,0.0,0.0,69.2,0,150,71,55,65476,0,300,0,1,8,20529,65476,0,0,40632,65.0,0.0,0.0,0.0,0.0,0.0
2026-09-04T20:01:11,ERR,ERR,ERR,ERR,ERR,ERR,ERR,ERR,ERR,ERR,ERR,ERR,ERR,ERR,ERR,ERR,ERR,ERR,ERR,ERR,ERR,ERR,ERR,ERR,ERR,ERR,ERR,ERR,ERR,ERR,ERR,ERR,ERR,ERR,ERR,ERR,ERR,ERR,ERR,ERR,ERR,ERR,ERR,ERR,ERR,ERR,ERR,ERR,ERR,ERR,ERR,ERR,ERR,ERR,ERR,ERR,ERR,ERR,ERR,ERR,ERR,ERR,ERR,ERR,ERR,ERR,ERR,ERR,ERR,ERR,ERR,ERR,ERR,ERR,ERR,ERR,ERR,ERR,ERR,ERR,ERR,ERR,ERR,ERR,ERR,ERR,ERR,ERR,ERR,ERR,ERR,ERR,ERR,ERR,ERR,ERR,ERR,ERR,ERR,ERR,ERR,ERR,ERR,ERR,ERR,ERR,ERR,ERR,ERR,ERR,ERR,ERR,ERR,ERR,ERR,ERR,ERR,ERR,ERR,ERR,ERR,ERR,ERR,ERR,ERR,2.718430741444032e+23,-0.0,-134479040.0,0.0,0.0,1.3936040501711995e+18,7.805,0.0,0,0,4,0,7116,0.0,100,0.0,0.0,0.0,0.0,0.0,0,0,0,0,0.0,0,0,0,0,0,0,0,0,0,0,0,0,0,0,0,0,0,0,0,0,0,0,0,0,0,0,0,0,0,0,0,0,0,31,40,40,71,65476,0,300,0,0,8,21553,0.0,-107605600.0,0.0,0.0,0.0,0.0,0.0,0.0,0.0,0.0,0.0,0.0,0.0,0.0,0.0,0.0,0.0,0.0,0.0,0.0,0.0,0.0,0.0,0.0,-2.004,0.0,0.0,0.0,0.0,0.0,6191.0,0.0,6942.0,2.718430741444032e+23,-0.0,-0.0,2.718430741444032e+23,0.0,0.0,0.0,0.0,69,-89221.172,-4.95041931333647e+32,0.0,0.0,0.0,0.0,0.0,0.0,0.0,0,0,0,0.0,0.0,0.0,0.0,0.0,0.0,0.0,0.0,0.0,0.0,0.0,0.0,0.0,0.0,0.0,0.0,0,-107875648.0,69,0.0,138,0.0,-109447200.0,0,13107,17040,39322,17049,26215,17043,0,0,0,70,68,100,2.7302359370752657e+23,71.2,2.7302370179391762e+23,74.3,-0.0,74.0,1,49,50,180,13107,0,0,0,0.0,0.0,0.0,0.0,-0.0,67.0,0.0,162057.094,0.0,752,0,740,0,0,0,721,0,768,0,736,0,743,0,742,0,712,0,7520,0.032,108447924224.0,0.0,0.0,784,16797,-0.0,162057.094,-114818.039,-0.0,0.133,6.909358625270745e+28,30.0,65.0,35,0.0,0.0,0.0,0.0,0.0,0.0,0.0,0.0,0.0,0.0,0.0,0.0,0.0,0.0,0.0,0.0,69.2,0,150,71,55,65476,0,300,0,1,8,20529,65476,0,0,40632,65.0,0.0,0.0,0.0,0.0,0.0
2026-09-04T20:01:12,ERR,ERR,ERR,ERR,ERR,ERR,ERR,ERR,ERR,ERR,ERR,ERR,ERR,ERR,ERR,ERR,ERR,ERR,ERR,ERR,ERR,ERR,ERR,ERR,ERR,ERR,ERR,ERR,ERR,ERR,ERR,ERR,ERR,ERR,ERR,ERR,ERR,ERR,ERR,ERR,ERR,ERR,ERR,ERR,ERR,ERR,ERR,ERR,ERR,ERR,ERR,ERR,ERR,ERR,ERR,ERR,ERR,ERR,ERR,ERR,ERR,ERR,ERR,ERR,ERR,ERR,ERR,ERR,ERR,ERR,ERR,ERR,ERR,ERR,ERR,ERR,ERR,ERR,ERR,ERR,ERR,ERR,ERR,ERR,ERR,ERR,ERR,ERR,ERR,ERR,ERR,ERR,ERR,ERR,ERR,ERR,ERR,ERR,ERR,ERR,ERR,ERR,ERR,ERR,ERR,ERR,ERR,ERR,ERR,ERR,ERR,ERR,ERR,ERR,ERR,ERR,ERR,ERR,ERR,ERR,ERR,ERR,ERR,ERR,ERR,2.718430741444032e+23,-0.0,-134479040.0,0.0,0.0,1.3936040501711995e+18,7.805,0.0,0,0,4,0,7116,0.0,100,0.0,0.0,0.0,0.0,0.0,0,0,0,0,0.0,0,0,0,0,0,0,0,0,0,0,0,0,0,0,0,0,0,0,0,0,0,0,0,0,0,0,0,0,0,0,0,0,0,31,40,40,71,65476,0,300,0,0,8,21553,0.0,-107605600.0,0.0,0.0,0.0,0.0,0.0,0.0,0.0,0.0,0.0,0.0,0.0,0.0,0.0,0.0,0.0,0.0,0.0,0.0,0.0,0.0,0.0,0.0,-2.004,0.0,0.0,0.0,0.0,0.0,6191.0,0.0,6942.0,2.718430741444032e+23,-0.0,-0.0,2.718430741444032e+23,0.0,0.0,0.0,0.0,69,-89221.172,-4.95041931333647e+32,0.0,0.0,0.0,0.0,0.0,0.0,0.0,0,0,0,0.0,0.0,0.0,0.0,0.0,0.0,0.0,0.0,0.0,0.0,0.0,0.0,0.0,0.0,0.0,0.0,0,-107875648.0,69,0.0,138,0.0,-109447200.0,0,13107,17040,39322,17049,26215,17043,0,0,0,70,68,100,2.7302359370752657e+23,71.2,2.7302370179391762e+23,74.3,-0.0,74.0,1,49,50,180,13107,0,0,0,0.0,0.0,0.0,0.0,-0.0,67.0,0.0,162057.094,0.0,752,0,740,0,0,0,721,0,768,0,736,0,743,0,742,0,712,0,7520,0.032,108447924224.0,0.0,0.0,784,16797,-0.0,162057.094,-114818.039,-0.0,0.133,6.909358625270745e+28,30.0,65.0,35,0.0,0.0,0.0,0.0,0.0,0.0,0.0,0.0,0.0,0.0,0.0,0.0,0.0,0.0,0.0,0.0,69.2,0,150,71,55,65476,0,300,0,1,8,20529,65476,0,0,40632,65.0,0.0,0.0,0.0,0.0,0.0
2026-09-04T20:01:13,ERR,ERR,ERR,ERR,ERR,ERR,ERR,ERR,ERR,ERR,ERR,ERR,ERR,ERR,ERR,ERR,ERR,ERR,ERR,ERR,ERR,ERR,ERR,ERR,ERR,ERR,ERR,ERR,ERR,ERR,ERR,ERR,ERR,ERR,ERR,ERR,ERR,ERR,ERR,ERR,ERR,ERR,ERR,ERR,ERR,ERR,ERR,ERR,ERR,ERR,ERR,ERR,ERR,ERR,ERR,ERR,ERR,ERR,ERR,ERR,ERR,ERR,ERR,ERR,ERR,ERR,ERR,ERR,ERR,ERR,ERR,ERR,ERR,ERR,ERR,ERR,ERR,ERR,ERR,ERR,ERR,ERR,ERR,ERR,ERR,ERR,ERR,ERR,ERR,ERR,ERR,ERR,ERR,ERR,ERR,ERR,ERR,ERR,ERR,ERR,ERR,ERR,ERR,ERR,ERR,ERR,ERR,ERR,ERR,ERR,ERR,ERR,ERR,ERR,ERR,ERR,ERR,ERR,ERR,ERR,ERR,ERR,ERR,ERR,ERR,2.718430741444032e+23,-0.0,-134479040.0,0.0,0.0,1.3936040501711995e+18,7.805,0.0,0,0,4,0,7116,0.0,100,0.0,0.0,0.0,0.0,0.0,0,0,0,0,0.0,0,0,0,0,0,0,0,0,0,0,0,0,0,0,0,0,0,0,0,0,0,0,0,0,0,0,0,0,0,0,0,0,0,31,40,40,71,65476,0,300,0,0,8,21553,0.0,-107605600.0,0.0,0.0,0.0,0.0,0.0,0.0,0.0,0.0,0.0,0.0,0.0,0.0,0.0,0.0,0.0,0.0,0.0,0.0,0.0,0.0,0.0,0.0,-2.004,0.0,0.0,0.0,0.0,0.0,6191.0,0.0,6942.0,2.718430741444032e+23,-0.0,-0.0,2.718430741444032e+23,0.0,0.0,0.0,0.0,69,-89221.172,-4.95041931333647e+32,0.0,0.0,0.0,0.0,0.0,0.0,0.0,0,0,0,0.0,0.0,0.0,0.0,0.0,0.0,0.0,0.0,0.0,0.0,0.0,0.0,0.0,0.0,0.0,0.0,0,-107875648.0,69,0.0,138,0.0,-109447200.0,0,13107,17040,39322,17049,26215,17043,0,0,0,70,68,100,2.7302359370752657e+23,71.2,2.7302370179391762e+23,74.3,-0.0,74.0,1,49,50,180,13107,0,0,0,0.0,0.0,0.0,0.0,-0.0,67.0,0.0,162057.094,0.0,752,0,740,0,0,0,721,0,768,0,736,0,743,0,742,0,712,0,7520,0.032,108447924224.0,0.0,0.0,784,16797,-0.0,162057.094,-114818.039,-0.0,0.133,6.909358625270745e+28,30.0,65.0,35,0.0,0.0,0.0,0.0,0.0,0.0,0.0,0.0,0.0,0.0,0.0,0.0,0.0,0.0,0.0,0.0,69.2,0,150,71,55,65476,0,300,0,1,8,20529,65476,0,0,40632,65.0,0.0,0.0,0.0,0.0,0.0
2026-09-04T20:01:14,ERR,ERR,ERR,ERR,ERR,ERR,ERR,ERR,ERR,ERR,ERR,ERR,ERR,ERR,ERR,ERR,ERR,ERR,ERR,ERR,ERR,ERR,ERR,ERR,ERR,ERR,ERR,ERR,ERR,ERR,ERR,ERR,ERR,ERR,ERR,ERR,ERR,ERR,ERR,ERR,ERR,ERR,ERR,ERR,ERR,ERR,ERR,ERR,ERR,ERR,ERR,ERR,ERR,ERR,ERR,ERR,ERR,ERR,ERR,ERR,ERR,ERR,ERR,ERR,ERR,ERR,ERR,ERR,ERR,ERR,ERR,ERR,ERR,ERR,ERR,ERR,ERR,ERR,ERR,ERR,ERR,ERR,ERR,ERR,ERR,ERR,ERR,ERR,ERR,ERR,ERR,ERR,ERR,ERR,ERR,ERR,ERR,ERR,ERR,ERR,ERR,ERR,ERR,ERR,ERR,ERR,ERR,ERR,ERR,ERR,ERR,ERR,ERR,ERR,ERR,ERR,ERR,ERR,ERR,ERR,ERR,ERR,ERR,ERR,ERR,2.718430741444032e+23,-0.0,-134479040.0,0.0,0.0,1.3936040501711995e+18,7.805,0.0,0,0,4,0,7116,0.0,100,0.0,0.0,0.0,0.0,0.0,0,0,0,0,0.0,0,0,0,0,0,0,0,0,0,0,0,0,0,0,0,0,0,0,0,0,0,0,0,0,0,0,0,0,0,0,0,0,0,31,40,40,71,65476,0,300,0,0,8,21553,0.0,-107605600.0,0.0,0.0,0.0,0.0,0.0,0.0,0.0,0.0,0.0,0.0,0.0,0.0,0.0,0.0,0.0,0.0,0.0,0.0,0.0,0.0,0.0,0.0,-2.004,0.0,0.0,0.0,0.0,0.0,6164.0,-0.0,6933.0,2.718430741444032e+23,-0.0,-0.0,2.718430741444032e+23,0.0,0.0,0.0,0.0,69,-107615408.0,-0.0,0.0,0.0,0.0,0.0,0.0,0.0,0.0,0,0,0,0.0,0.0,0.0,0.0,0.0,0.0,0.0,0.0,0.0,0.0,0.0,0.0,0.0,0.0,0.0,0.0,0,-107875648.0,69,0.0,138,0.0,-109447200.0,0,13107,17040,39322,17049,26215,17043,0,0,0,70,68,100,2.7302359370752657e+23,71.2,2.7302370179391762e+23,74.3,-0.0,74.0,1,49,50,180,13107,0,0,0,0.0,0.0,0.0,0.0,-0.0,67.0,0.0,162057.094,0.0,752,0,740,0,0,0,721,0,768,0,736,0,743,0,742,0,712,0,7520,0.032,108447924224.0,0.0,0.0,784,16797,-0.0,162057.094,-114818.039,-0.0,0.133,6.909358625270745e+28,30.0,65.0,35,0.0,0.0,0.0,0.0,0.0,0.0,0.0,0.0,0.0,0.0,0.0,0.0,0.0,0.0,0.0,0.0,69.2,0,150,71,55,65476,0,300,0,1,8,20529,65476,0,0,40632,65.0,0.0,0.0,0.0,0.0,0.0
2026-09-04T20:01:15,ERR,ERR,ERR,ERR,ERR,ERR,ERR,ERR,ERR,ERR,ERR,ERR,ERR,ERR,ERR,ERR,ERR,ERR,ERR,ERR,ERR,ERR,ERR,ERR,ERR,ERR,ERR,ERR,ERR,ERR,ERR,ERR,ERR,ERR,ERR,ERR,ERR,ERR,ERR,ERR,ERR,ERR,ERR,ERR,ERR,ERR,ERR,ERR,ERR,ERR,ERR,ERR,ERR,ERR,ERR,ERR,ERR,ERR,ERR,ERR,ERR,ERR,ERR,ERR,ERR,ERR,ERR,ERR,ERR,ERR,ERR,ERR,ERR,ERR,ERR,ERR,ERR,ERR,ERR,ERR,ERR,ERR,ERR,ERR,ERR,ERR,ERR,ERR,ERR,ERR,ERR,ERR,ERR,ERR,ERR,ERR,ERR,ERR,ERR,ERR,ERR,ERR,ERR,ERR,ERR,ERR,ERR,ERR,ERR,ERR,ERR,ERR,ERR,ERR,ERR,ERR,ERR,ERR,ERR,ERR,ERR,ERR,ERR,ERR,ERR,2.718430741444032e+23,-0.0,-134479040.0,0.0,0.0,1.3936040501711995e+18,7.805,0.0,0,0,4,0,7116,0.0,100,0.0,0.0,0.0,0.0,0.0,0,0,0,0,0.0,0,0,0,0,0,0,0,0,0,0,0,0,0,0,0,0,0,0,0,0,0,0,0,0,0,0,0,0,0,0,0,0,0,31,40,40,71,65476,0,300,0,0,8,21553,0.0,-107605600.0,0.0,0.0,0.0,0.0,0.0,0.0,0.0,0.0,0.0,0.0,0.0,0.0,0.0,0.0,0.0,0.0,0.0,0.0,0.0,0.0,0.0,0.0,-2.004,0.0,0.0,0.0,0.0,0.0,6164.0,-0.0,6933.0,2.718430741444032e+23,-0.0,-0.0,2.718430741444032e+23,0.0,0.0,0.0,0.0,69,-107615408.0,-0.0,0.0,0.0,0.0,0.0,0.0,0.0,0.0,0,0,0,0.0,0.0,0.0,0.0,0.0,0.0,0.0,0.0,0.0,0.0,0.0,0.0,0.0,0.0,0.0,0.0,0,-107875648.0,69,0.0,138,0.0,-109447200.0,0,13107,17040,39322,17049,13107,17043,0,0,0,70,68,100,2.7302359370752657e+23,71.2,2.7302370179391762e+23,74.3,-0.0,74.0,1,49,50,180,13107,0,0,0,0.0,0.0,0.0,0.0,-0.0,67.0,0.0,162057.094,0.0,752,0,740,0,0,0,721,0,768,0,737,0,743,0,742,0,712,0,7520,0.032,107911053312.0,0.0,0.0,784,16797,-0.0,162057.094,-114818.039,-0.0,0.133,6.909358625270745e+28,30.0,65.0,35,0.0,0.0,0.0,0.0,0.0,0.0,0.0,0.0,0.0,0.0,0.0,0.0,0.0,0.0,0.0,0.0,69.2,0,150,71,55,65476,0,300,0,1,8,20529,65476,0,0,40632,65.0,0.0,0.0,0.0,0.0,0.0
2026-09-04T20:01:16,ERR,ERR,ERR,ERR,ERR,ERR,ERR,ERR,ERR,ERR,ERR,ERR,ERR,ERR,ERR,ERR,ERR,ERR,ERR,ERR,ERR,ERR,ERR,ERR,ERR,ERR,ERR,ERR,ERR,ERR,ERR,ERR,ERR,ERR,ERR,ERR,ERR,ERR,ERR,ERR,ERR,ERR,ERR,ERR,ERR,ERR,ERR,ERR,ERR,ERR,ERR,ERR,ERR,ERR,ERR,ERR,ERR,ERR,ERR,ERR,ERR,ERR,ERR,ERR,ERR,ERR,ERR,ERR,ERR,ERR,ERR,ERR,ERR,ERR,ERR,ERR,ERR,ERR,ERR,ERR,ERR,ERR,ERR,ERR,ERR,ERR,ERR,ERR,ERR,ERR,ERR,ERR,ERR,ERR,ERR,ERR,ERR,ERR,ERR,ERR,ERR,ERR,ERR,ERR,ERR,ERR,ERR,ERR,ERR,ERR,ERR,ERR,ERR,ERR,ERR,ERR,ERR,ERR,ERR,ERR,ERR,ERR,ERR,ERR,ERR,2.718430741444032e+23,-0.0,-134479040.0,0.0,0.0,1.3936040501711995e+18,7.805,0.0,0,0,4,0,7116,0.0,100,0.0,0.0,0.0,0.0,0.0,0,0,0,0,0.0,0,0,0,0,0,0,0,0,0,0,0,0,0,0,0,0,0,0,0,0,0,0,0,0,0,0,0,0,0,0,0,0,0,31,40,40,71,65476,0,300,0,0,8,21553,0.0,-107605600.0,0.0,0.0,0.0,0.0,0.0,0.0,0.0,0.0,0.0,0.0,0.0,0.0,0.0,0.0,0.0,0.0,0.0,0.0,0.0,0.0,0.0,0.0,-2.004,0.0,0.0,0.0,0.0,0.0,6164.0,-0.0,6933.0,2.718430741444032e+23,-0.0,-0.0,2.718430741444032e+23,0.0,0.0,0.0,0.0,69,-107615408.0,-0.0,0.0,0.0,0.0,0.0,0.0,0.0,0.0,0,0,0,0.0,0.0,0.0,0.0,0.0,0.0,0.0,0.0,0.0,0.0,0.0,0.0,0.0,0.0,0.0,0.0,0,-107875648.0,69,0.0,138,0.0,-109447200.0,0,13107,17040,39322,17049,13107,17043,0,0,0,70,68,100,2.7302359370752657e+23,71.2,2.7302370179391762e+23,74.3,-0.0,74.0,1,49,50,180,13107,0,0,0,0.0,0.0,0.0,0.0,-0.0,67.0,0.0,162057.094,0.0,752,0,740,0,0,0,721,0,768,0,737,0,743,0,742,0,712,0,7520,0.032,107911053312.0,0.0,0.0,784,16797,-0.0,162057.094,-114818.039,-0.0,0.133,6.909358625270745e+28,30.0,65.0,35,0.0,0.0,0.0,0.0,0.0,0.0,0.0,0.0,0.0,0.0,0.0,0.0,0.0,0.0,0.0,0.0,69.2,0,150,71,55,65476,0,300,0,1,8,20529,65476,0,0,40632,65.0,0.0,0.0,0.0,0.0,0.0
2026-09-04T20:01:17,ERR,ERR,ERR,ERR,ERR,ERR,ERR,ERR,ERR,ERR,ERR,ERR,ERR,ERR,ERR,ERR,ERR,ERR,ERR,ERR,ERR,ERR,ERR,ERR,ERR,ERR,ERR,ERR,ERR,ERR,ERR,ERR,ERR,ERR,ERR,ERR,ERR,ERR,ERR,ERR,ERR,ERR,ERR,ERR,ERR,ERR,ERR,ERR,ERR,ERR,ERR,ERR,ERR,ERR,ERR,ERR,ERR,ERR,ERR,ERR,ERR,ERR,ERR,ERR,ERR,ERR,ERR,ERR,ERR,ERR,ERR,ERR,ERR,ERR,ERR,ERR,ERR,ERR,ERR,ERR,ERR,ERR,ERR,ERR,ERR,ERR,ERR,ERR,ERR,ERR,ERR,ERR,ERR,ERR,ERR,ERR,ERR,ERR,ERR,ERR,ERR,ERR,ERR,ERR,ERR,ERR,ERR,ERR,ERR,ERR,ERR,ERR,ERR,ERR,ERR,ERR,ERR,ERR,ERR,ERR,ERR,ERR,ERR,ERR,ERR,2.718430741444032e+23,-0.0,-134479040.0,0.0,0.0,1.3936040501711995e+18,7.805,0.0,0,0,4,0,7116,0.0,100,0.0,0.0,0.0,0.0,0.0,0,0,0,0,0.0,0,0,0,0,0,0,0,0,0,0,0,0,0,0,0,0,0,0,0,0,0,0,0,0,0,0,0,0,0,0,0,0,0,31,40,40,71,65476,0,300,0,0,8,21553,0.0,-107605600.0,0.0,0.0,0.0,0.0,0.0,0.0,0.0,0.0,0.0,0.0,0.0,0.0,0.0,0.0,0.0,0.0,0.0,0.0,0.0,0.0,0.0,0.0,-2.004,0.0,0.0,0.0,0.0,0.0,6164.0,-0.0,6933.0,2.718430741444032e+23,-0.0,-0.0,2.718430741444032e+23,0.0,0.0,0.0,0.0,69,-107615408.0,-0.0,0.0,0.0,0.0,0.0,0.0,0.0,0.0,0,0,0,0.0,0.0,0.0,0.0,0.0,0.0,0.0,0.0,0.0,0.0,0.0,0.0,0.0,0.0,0.0,0.0,0,-107875648.0,69,0.0,138,0.0,-109447200.0,0,13107,17040,39322,17049,13107,17043,0,0,0,70,68,100,2.7302359370752657e+23,71.2,2.7302370179391762e+23,74.3,-0.0,74.0,1,49,50,180,13107,0,0,0,0.0,0.0,0.0,0.0,-0.0,67.0,0.0,162057.094,0.0,752,0,740,0,0,0,721,0,768,0,737,0,743,0,742,0,712,0,7520,0.032,107911053312.0,0.0,0.0,784,16797,-0.0,162057.094,-114818.039,-0.0,0.133,6.909358625270745e+28,30.0,65.0,35,0.0,0.0,0.0,0.0,0.0,0.0,0.0,0.0,0.0,0.0,0.0,0.0,0.0,0.0,0.0,0.0,69.2,0,150,71,55,65476,0,300,0,1,8,20529,65476,0,0,40632,65.0,0.0,0.0,0.0,0.0,0.0
2026-09-04T20:01:18,ERR,ERR,ERR,ERR,ERR,ERR,ERR,ERR,ERR,ERR,ERR,ERR,ERR,ERR,ERR,ERR,ERR,ERR,ERR,ERR,ERR,ERR,ERR,ERR,ERR,ERR,ERR,ERR,ERR,ERR,ERR,ERR,ERR,ERR,ERR,ERR,ERR,ERR,ERR,ERR,ERR,ERR,ERR,ERR,ERR,ERR,ERR,ERR,ERR,ERR,ERR,ERR,ERR,ERR,ERR,ERR,ERR,ERR,ERR,ERR,ERR,ERR,ERR,ERR,ERR,ERR,ERR,ERR,ERR,ERR,ERR,ERR,ERR,ERR,ERR,ERR,ERR,ERR,ERR,ERR,ERR,ERR,ERR,ERR,ERR,ERR,ERR,ERR,ERR,ERR,ERR,ERR,ERR,ERR,ERR,ERR,ERR,ERR,ERR,ERR,ERR,ERR,ERR,ERR,ERR,ERR,ERR,ERR,ERR,ERR,ERR,ERR,ERR,ERR,ERR,ERR,ERR,ERR,ERR,ERR,ERR,ERR,ERR,ERR,ERR,2.718430741444032e+23,-0.0,-134479040.0,0.0,0.0,1.3936040501711995e+18,7.805,0.0,0,0,4,0,7116,0.0,100,0.0,0.0,0.0,0.0,0.0,0,0,0,0,0.0,0,0,0,0,0,0,0,0,0,0,0,0,0,0,0,0,0,0,0,0,0,0,0,0,0,0,0,0,0,0,0,0,0,31,40,40,71,65476,0,300,0,0,8,21553,0.0,-107605600.0,0.0,0.0,0.0,0.0,0.0,0.0,0.0,0.0,0.0,0.0,0.0,0.0,0.0,0.0,0.0,0.0,0.0,0.0,0.0,0.0,0.0,0.0,-2.004,0.0,0.0,0.0,0.0,0.0,6164.0,-0.0,6933.0,2.718430741444032e+23,-0.0,-0.0,2.718430741444032e+23,0.0,0.0,0.0,0.0,69,-107615408.0,-0.0,0.0,0.0,0.0,0.0,0.0,0.0,0.0,0,0,0,0.0,0.0,0.0,0.0,0.0,0.0,0.0,0.0,0.0,0.0,0.0,0.0,0.0,0.0,0.0,0.0,0,-107875648.0,69,0.0,138,0.0,-109447200.0,0,13107,17040,39322,17049,13107,17043,0,0,0,70,68,100,2.7302359370752657e+23,71.2,2.7302370179391762e+23,74.3,-0.0,74.0,1,49,50,180,13107,0,0,0,0.0,0.0,0.0,0.0,-0.0,67.0,0.0,162057.094,0.0,752,0,740,0,0,0,721,0,768,0,737,0,743,0,742,0,712,0,7520,0.032,107911053312.0,0.0,0.0,784,16797,-0.0,162057.094,-114818.039,-0.0,0.133,6.909358625270745e+28,30.0,65.0,35,0.0,0.0,0.0,0.0,0.0,0.0,0.0,0.0,0.0,0.0,0.0,0.0,0.0,0.0,0.0,0.0,69.2,0,150,71,55,65476,0,300,0,1,8,20529,65476,0,0,40632,65.0,0.0,0.0,0.0,0.0,0.0
2026-09-04T20:01:19,ERR,ERR,ERR,ERR,ERR,ERR,ERR,ERR,ERR,ERR,ERR,ERR,ERR,ERR,ERR,ERR,ERR,ERR,ERR,ERR,ERR,ERR,ERR,ERR,ERR,ERR,ERR,ERR,ERR,ERR,ERR,ERR,ERR,ERR,ERR,ERR,ERR,ERR,ERR,ERR,ERR,ERR,ERR,ERR,ERR,ERR,ERR,ERR,ERR,ERR,ERR,ERR,ERR,ERR,ERR,ERR,ERR,ERR,ERR,ERR,ERR,ERR,ERR,ERR,ERR,ERR,ERR,ERR,ERR,ERR,ERR,ERR,ERR,ERR,ERR,ERR,ERR,ERR,ERR,ERR,ERR,ERR,ERR,ERR,ERR,ERR,ERR,ERR,ERR,ERR,ERR,ERR,ERR,ERR,ERR,ERR,ERR,ERR,ERR,ERR,ERR,ERR,ERR,ERR,ERR,ERR,ERR,ERR,ERR,ERR,ERR,ERR,ERR,ERR,ERR,ERR,ERR,ERR,ERR,ERR,ERR,ERR,ERR,ERR,ERR,2.718430741444032e+23,-0.0,-134479040.0,0.0,0.0,1.3936040501711995e+18,7.805,0.0,0,0,4,0,7116,0.0,100,0.0,0.0,0.0,0.0,0.0,0,0,0,0,0.0,0,0,0,0,0,0,0,0,0,0,0,0,0,0,0,0,0,0,0,0,0,0,0,0,0,0,0,0,0,0,0,0,0,31,40,40,71,65476,0,300,0,0,8,21553,0.0,-107605600.0,0.0,0.0,0.0,0.0,0.0,0.0,0.0,0.0,0.0,0.0,0.0,0.0,0.0,0.0,0.0,0.0,0.0,0.0,0.0,0.0,0.0,0.0,-2.004,0.0,0.0,0.0,0.0,0.0,6164.0,-0.0,6933.0,2.718430741444032e+23,-0.0,-0.0,2.718430741444032e+23,0.0,0.0,0.0,0.0,69,-107615408.0,-0.0,0.0,0.0,0.0,0.0,0.0,0.0,0.0,0,0,0,0.0,0.0,0.0,0.0,0.0,0.0,0.0,0.0,0.0,0.0,0.0,0.0,0.0,0.0,0.0,0.0,0,-107875648.0,69,0.0,138,0.0,-109447200.0,0,13107,17040,39322,17049,13107,17043,0,0,0,70,68,100,2.7302359370752657e+23,71.2,2.7302370179391762e+23,74.3,-0.0,74.0,1,49,50,180,13107,0,0,0,0.0,0.0,0.0,0.0,-0.0,67.0,0.0,162057.094,0.0,752,0,740,0,0,0,721,0,768,0,737,0,743,0,742,0,712,0,7520,0.032,107911053312.0,0.0,0.0,784,16797,-0.0,162057.094,-114818.039,-0.0,0.133,6.909358625270745e+28,30.0,65.0,35,0.0,0.0,0.0,0.0,0.0,0.0,0.0,0.0,0.0,0.0,0.0,0.0,0.0,0.0,0.0,0.0,69.2,0,150,71,55,65476,0,300,0,1,8,20529,65476,0,0,40632,65.0,0.0,0.0,0.0,0.0,0.0
2026-09-04T20:01:20,ERR,ERR,ERR,ERR,ERR,ERR,ERR,ERR,ERR,ERR,ERR,ERR,ERR,ERR,ERR,ERR,ERR,ERR,ERR,ERR,ERR,ERR,ERR,ERR,ERR,ERR,ERR,ERR,ERR,ERR,ERR,ERR,ERR,ERR,ERR,ERR,ERR,ERR,ERR,ERR,ERR,ERR,ERR,ERR,ERR,ERR,ERR,ERR,ERR,ERR,ERR,ERR,ERR,ERR,ERR,ERR,ERR,ERR,ERR,ERR,ERR,ERR,ERR,ERR,ERR,ERR,ERR,ERR,ERR,ERR,ERR,ERR,ERR,ERR,ERR,ERR,ERR,ERR,ERR,ERR,ERR,ERR,ERR,ERR,ERR,ERR,ERR,ERR,ERR,ERR,ERR,ERR,ERR,ERR,ERR,ERR,ERR,ERR,ERR,ERR,ERR,ERR,ERR,ERR,ERR,ERR,ERR,ERR,ERR,ERR,ERR,ERR,ERR,ERR,ERR,ERR,ERR,ERR,ERR,ERR,ERR,ERR,ERR,ERR,ERR,2.718430741444032e+23,-0.0,-134479040.0,0.0,0.0,1.3936040501711995e+18,7.805,0.0,0,0,4,0,7116,0.0,100,0.0,0.0,0.0,0.0,0.0,0,0,0,0,0.0,0,0,0,0,0,0,0,0,0,0,0,0,0,0,0,0,0,0,0,0,0,0,0,0,0,0,0,0,0,0,0,0,0,31,40,40,71,65476,0,300,0,0,8,21553,0.0,-107605600.0,0.0,0.0,0.0,0.0,0.0,0.0,0.0,0.0,0.0,0.0,0.0,0.0,0.0,0.0,0.0,0.0,0.0,0.0,0.0,0.0,0.0,0.0,-2.004,0.0,0.0,0.0,0.0,0.0,6164.0,-0.0,6933.0,2.718430741444032e+23,-0.0,-0.0,2.718430741444032e+23,0.0,0.0,0.0,0.0,69,-107615408.0,-0.0,0.0,0.0,0.0,0.0,0.0,0.0,0.0,0,0,0,0.0,0.0,0.0,0.0,0.0,0.0,0.0,0.0,0.0,0.0,0.0,0.0,0.0,0.0,0.0,0.0,0,-107875648.0,69,0.0,138,0.0,-109447200.0,0,13107,17040,39322,17049,13107,17043,0,0,0,70,68,100,2.7302359370752657e+23,71.2,2.7302370179391762e+23,74.2,2.7302370179391762e+23,74.0,1,49,50,180,13107,0,0,0,0.0,0.0,0.0,0.0,-0.0,67.0,0.0,162057.094,0.0,751,0,740,0,0,0,721,0,768,0,736,0,742,0,742,0,712,0,7520,0.032,108447924224.0,0.0,0.0,784,16797,-0.0,162057.094,-114818.039,-0.0,0.133,6.909358625270745e+28,30.0,65.0,35,0.0,0.0,0.0,0.0,0.0,0.0,0.0,0.0,0.0,0.0,0.0,0.0,0.0,0.0,0.0,0.0,69.2,0,150,71,55,65476,0,300,0,1,8,20529,65476,0,0,40632,65.0,0.0,0.0,0.0,0.0,0.0
2026-09-04T20:01:21,ERR,ERR,ERR,ERR,ERR,ERR,ERR,ERR,ERR,ERR,ERR,ERR,ERR,ERR,ERR,ERR,ERR,ERR,ERR,ERR,ERR,ERR,ERR,ERR,ERR,ERR,ERR,ERR,ERR,ERR,ERR,ERR,ERR,ERR,ERR,ERR,ERR,ERR,ERR,ERR,ERR,ERR,ERR,ERR,ERR,ERR,ERR,ERR,ERR,ERR,ERR,ERR,ERR,ERR,ERR,ERR,ERR,ERR,ERR,ERR,ERR,ERR,ERR,ERR,ERR,ERR,ERR,ERR,ERR,ERR,ERR,ERR,ERR,ERR,ERR,ERR,ERR,ERR,ERR,ERR,ERR,ERR,ERR,ERR,ERR,ERR,ERR,ERR,ERR,ERR,ERR,ERR,ERR,ERR,ERR,ERR,ERR,ERR,ERR,ERR,ERR,ERR,ERR,ERR,ERR,ERR,ERR,ERR,ERR,ERR,ERR,ERR,ERR,ERR,ERR,ERR,ERR,ERR,ERR,ERR,ERR,ERR,ERR,ERR,ERR,2.718430741444032e+23,-0.0,-134479040.0,0.0,0.0,1.3936040501711995e+18,7.805,0.0,0,0,4,0,7116,0.0,100,0.0,0.0,0.0,0.0,0.0,0,0,0,0,0.0,0,0,0,0,0,0,0,0,0,0,0,0,0,0,0,0,0,0,0,0,0,0,0,0,0,0,0,0,0,0,0,0,0,31,40,40,71,65476,0,300,0,0,8,21553,0.0,-107605600.0,0.0,0.0,0.0,0.0,0.0,0.0,0.0,0.0,0.0,0.0,0.0,0.0,0.0,0.0,0.0,0.0,0.0,0.0,0.0,0.0,0.0,0.0,-2.004,0.0,0.0,0.0,0.0,0.0,6160.0,564148249296896.0,6923.0,2.718430741444032e+23,-0.0,-0.0,2.718430741444032e+23,0.0,0.0,0.0,0.0,69,-0.0,0.0,0.0,0.0,0.0,0.0,0.0,0.0,0.0,0,0,0,0.0,0.0,0.0,0.0,0.0,0.0,0.0,0.0,0.0,0.0,0.0,0.0,0.0,0.0,0.0,0.0,0,-107875648.0,69,0.0,138,0.0,-109447200.0,0,13107,17040,39322,17049,13107,17043,0,0,0,70,68,100,2.7302359370752657e+23,71.2,2.7302370179391762e+23,74.2,2.7302370179391762e+23,74.0,1,49,50,180,13107,0,0,0,0.0,0.0,0.0,0.0,-0.0,67.0,0.0,162057.094,0.0,751,0,740,0,0,0,721,0,768,0,736,0,742,0,742,0,712,0,7520,0.032,108447924224.0,0.0,0.0,784,16797,-0.0,162057.094,-114818.039,-0.0,0.133,6.909358625270745e+28,30.0,65.0,35,0.0,0.0,0.0,0.0,0.0,0.0,0.0,0.0,0.0,0.0,0.0,0.0,0.0,0.0,0.0,0.0,69.2,0,150,71,55,65476,0,300,0,1,8,20529,65476,0,0,40632,65.0,0.0,0.0,0.0,0.0,0.0
2026-09-04T20:01:22,ERR,ERR,ERR,ERR,ERR,ERR,ERR,ERR,ERR,ERR,ERR,ERR,ERR,ERR,ERR,ERR,ERR,ERR,ERR,ERR,ERR,ERR,ERR,ERR,ERR,ERR,ERR,ERR,ERR,ERR,ERR,ERR,ERR,ERR,ERR,ERR,ERR,ERR,ERR,ERR,ERR,ERR,ERR,ERR,ERR,ERR,ERR,ERR,ERR,ERR,ERR,ERR,ERR,ERR,ERR,ERR,ERR,ERR,ERR,ERR,ERR,ERR,ERR,ERR,ERR,ERR,ERR,ERR,ERR,ERR,ERR,ERR,ERR,ERR,ERR,ERR,ERR,ERR,ERR,ERR,ERR,ERR,ERR,ERR,ERR,ERR,ERR,ERR,ERR,ERR,ERR,ERR,ERR,ERR,ERR,ERR,ERR,ERR,ERR,ERR,ERR,ERR,ERR,ERR,ERR,ERR,ERR,ERR,ERR,ERR,ERR,ERR,ERR,ERR,ERR,ERR,ERR,ERR,ERR,ERR,ERR,ERR,ERR,ERR,ERR,2.718430741444032e+23,-0.0,-134479040.0,0.0,0.0,1.3936040501711995e+18,7.805,0.0,0,0,4,0,7116,0.0,100,0.0,0.0,0.0,0.0,0.0,0,0,0,0,0.0,0,0,0,0,0,0,0,0,0,0,0,0,0,0,0,0,0,0,0,0,0,0,0,0,0,0,0,0,0,0,0,0,0,31,40,40,71,65476,0,300,0,0,8,21553,0.0,-107605600.0,0.0,0.0,0.0,0.0,0.0,0.0,0.0,0.0,0.0,0.0,0.0,0.0,0.0,0.0,0.0,0.0,0.0,0.0,0.0,0.0,0.0,0.0,-2.004,0.0,0.0,0.0,0.0,0.0,6160.0,564148249296896.0,6923.0,2.718430741444032e+23,-0.0,-0.0,2.718430741444032e+23,0.0,0.0,0.0,0.0,69,-0.0,0.0,0.0,0.0,0.0,0.0,0.0,0.0,0.0,0,0,0,0.0,0.0,0.0,0.0,0.0,0.0,0.0,0.0,0.0,0.0,0.0,0.0,0.0,0.0,0.0,0.0,0,-107875648.0,69,0.0,138,0.0,-109447200.0,0,13107,17040,39322,17049,13107,17043,0,0,0,70,68,100,2.7302359370752657e+23,71.2,2.7302370179391762e+23,74.2,2.7302370179391762e+23,74.0,1,49,50,180,13107,0,0,0,0.0,0.0,0.0,0.0,-0.0,67.0,0.0,162057.094,0.0,751,0,740,0,0,0,721,0,768,0,736,0,742,0,742,0,712,0,7520,0.032,108447924224.0,0.0,0.0,784,16797,-0.0,162057.094,-114818.039,-0.0,0.133,6.909358625270745e+28,30.0,65.0,35,0.0,0.0,0.0,0.0,0.0,0.0,0.0,0.0,0.0,0.0,0.0,0.0,0.0,0.0,0.0,0.0,69.2,0,150,71,55,65476,0,300,0,1,8,20529,65476,0,0,40632,65.0,0.0,0.0,0.0,0.0,0.0
2026-09-04T20:01:23,ERR,ERR,ERR,ERR,ERR,ERR,ERR,ERR,ERR,ERR,ERR,ERR,ERR,ERR,ERR,ERR,ERR,ERR,ERR,ERR,ERR,ERR,ERR,ERR,ERR,ERR,ERR,ERR,ERR,ERR,ERR,ERR,ERR,ERR,ERR,ERR,ERR,ERR,ERR,ERR,ERR,ERR,ERR,ERR,ERR,ERR,ERR,ERR,ERR,ERR,ERR,ERR,ERR,ERR,ERR,ERR,ERR,ERR,ERR,ERR,ERR,ERR,ERR,ERR,ERR,ERR,ERR,ERR,ERR,ERR,ERR,ERR,ERR,ERR,ERR,ERR,ERR,ERR,ERR,ERR,ERR,ERR,ERR,ERR,ERR,ERR,ERR,ERR,ERR,ERR,ERR,ERR,ERR,ERR,ERR,ERR,ERR,ERR,ERR,ERR,ERR,ERR,ERR,ERR,ERR,ERR,ERR,ERR,ERR,ERR,ERR,ERR,ERR,ERR,ERR,ERR,ERR,ERR,ERR,ERR,ERR,ERR,ERR,ERR,ERR,2.718430741444032e+23,-0.0,-134479040.0,0.0,0.0,1.3936040501711995e+18,7.805,0.0,0,0,4,0,7116,0.0,100,0.0,0.0,0.0,0.0,0.0,0,0,0,0,0.0,0,0,0,0,0,0,0,0,0,0,0,0,0,0,0,0,0,0,0,0,0,0,0,0,0,0,0,0,0,0,0,0,0,31,40,40,71,65476,0,300,0,0,8,21553,0.0,-107605600.0,0.0,0.0,0.0,0.0,0.0,0.0,0.0,0.0,0.0,0.0,0.0,0.0,0.0,0.0,0.0,0.0,0.0,0.0,0.0,0.0,0.0,0.0,-2.004,0.0,0.0,0.0,0.0,0.0,6160.0,564148249296896.0,6923.0,2.718430741444032e+23,-0.0,-0.0,2.718430741444032e+23,0.0,0.0,0.0,0.0,69,-0.0,0.0,0.0,0.0,0.0,0.0,0.0,0.0,0.0,0,0,0,0.0,0.0,0.0,0.0,0.0,0.0,0.0,0.0,0.0,0.0,0.0,0.0,0.0,0.0,0.0,0.0,0,-107875648.0,69,0.0,138,0.0,-109447200.0,0,13107,17040,39322,17049,13107,17043,0,0,0,70,68,100,2.7302359370752657e+23,71.2,2.7302370179391762e+23,74.2,2.7302370179391762e+23,74.0,1,49,50,180,13107,0,0,0,0.0,0.0,0.0,0.0,-0.0,67.0,0.0,162057.094,0.0,751,0,740,0,0,0,721,0,768,0,736,0,742,0,742,0,712,0,7520,0.032,108447924224.0,0.0,0.0,784,16797,-0.0,162057.094,-114818.039,-0.0,0.133,6.909358625270745e+28,30.0,65.0,35,0.0,0.0,0.0,0.0,0.0,0.0,0.0,0.0,0.0,0.0,0.0,0.0,0.0,0.0,0.0,0.0,69.2,0,150,71,55,65476,0,300,0,1,8,20529,65476,0,0,40632,65.0,0.0,0.0,0.0,0.0,0.0
2026-09-04T20:01:24,ERR,ERR,ERR,ERR,ERR,ERR,ERR,ERR,ERR,ERR,ERR,ERR,ERR,ERR,ERR,ERR,ERR,ERR,ERR,ERR,ERR,ERR,ERR,ERR,ERR,ERR,ERR,ERR,ERR,ERR,ERR,ERR,ERR,ERR,ERR,ERR,ERR,ERR,ERR,ERR,ERR,ERR,ERR,ERR,ERR,ERR,ERR,ERR,ERR,ERR,ERR,ERR,ERR,ERR,ERR,ERR,ERR,ERR,ERR,ERR,ERR,ERR,ERR,ERR,ERR,ERR,ERR,ERR,ERR,ERR,ERR,ERR,ERR,ERR,ERR,ERR,ERR,ERR,ERR,ERR,ERR,ERR,ERR,ERR,ERR,ERR,ERR,ERR,ERR,ERR,ERR,ERR,ERR,ERR,ERR,ERR,ERR,ERR,ERR,ERR,ERR,ERR,ERR,ERR,ERR,ERR,ERR,ERR,ERR,ERR,ERR,ERR,ERR,ERR,ERR,ERR,ERR,ERR,ERR,ERR,ERR,ERR,ERR,ERR,ERR,2.718430741444032e+23,-0.0,-134479040.0,0.0,0.0,1.3936040501711995e+18,7.805,0.0,0,0,4,0,7116,0.0,100,0.0,0.0,0.0,0.0,0.0,0,0,0,0,0.0,0,0,0,0,0,0,0,0,0,0,0,0,0,0,0,0,0,0,0,0,0,0,0,0,0,0,0,0,0,0,0,0,0,31,40,40,71,65476,0,300,0,0,8,21553,0.0,-107605600.0,0.0,0.0,0.0,0.0,0.0,0.0,0.0,0.0,0.0,0.0,0.0,0.0,0.0,0.0,0.0,0.0,0.0,0.0,0.0,0.0,0.0,0.0,-2.004,0.0,0.0,0.0,0.0,0.0,6160.0,564148249296896.0,6923.0,2.718430741444032e+23,-0.0,-0.0,2.718430741444032e+23,0.0,0.0,0.0,0.0,69,-0.0,0.0,0.0,0.0,0.0,0.0,0.0,0.0,0.0,0,0,0,0.0,0.0,0.0,0.0,0.0,0.0,0.0,0.0,0.0,0.0,0.0,0.0,0.0,0.0,0.0,0.0,0,-107875648.0,69,0.0,138,0.0,-109447200.0,0,13107,17040,39322,17049,13107,17043,0,0,0,70,68,100,2.7302359370752657e+23,71.2,2.7302370179391762e+23,74.2,2.7302370179391762e+23,74.0,1,49,50,180,13107,0,0,0,0.0,0.0,0.0,0.0,-0.0,67.0,0.0,162057.094,0.0,751,0,740,0,0,0,721,0,768,0,736,0,742,0,742,0,712,0,7520,0.032,108447924224.0,0.0,0.0,784,16797,-0.0,162057.094,-114818.039,-0.0,0.133,6.909358625270745e+28,30.0,65.0,35,0.0,0.0,0.0,0.0,0.0,0.0,0.0,0.0,0.0,0.0,0.0,0.0,0.0,0.0,0.0,0.0,69.2,0,150,71,55,65476,0,300,0,1,8,20529,65476,0,0,40632,65.0,0.0,0.0,0.0,0.0,0.0
2026-09-04T20:01:25,ERR,ERR,ERR,ERR,ERR,ERR,ERR,ERR,ERR,ERR,ERR,ERR,ERR,ERR,ERR,ERR,ERR,ERR,ERR,ERR,ERR,ERR,ERR,ERR,ERR,ERR,ERR,ERR,ERR,ERR,ERR,ERR,ERR,ERR,ERR,ERR,ERR,ERR,ERR,ERR,ERR,ERR,ERR,ERR,ERR,ERR,ERR,ERR,ERR,ERR,ERR,ERR,ERR,ERR,ERR,ERR,ERR,ERR,ERR,ERR,ERR,ERR,ERR,ERR,ERR,ERR,ERR,ERR,ERR,ERR,ERR,ERR,ERR,ERR,ERR,ERR,ERR,ERR,ERR,ERR,ERR,ERR,ERR,ERR,ERR,ERR,ERR,ERR,ERR,ERR,ERR,ERR,ERR,ERR,ERR,ERR,ERR,ERR,ERR,ERR,ERR,ERR,ERR,ERR,ERR,ERR,ERR,ERR,ERR,ERR,ERR,ERR,ERR,ERR,ERR,ERR,ERR,ERR,ERR,ERR,ERR,ERR,ERR,ERR,ERR,2.718430741444032e+23,-0.0,-134479040.0,0.0,0.0,1.3936040501711995e+18,7.805,0.0,0,0,4,0,7116,0.0,100,0.0,0.0,0.0,0.0,0.0,0,0,0,0,0.0,0,0,0,0,0,0,0,0,0,0,0,0,0,0,0,0,0,0,0,0,0,0,0,0,0,0,0,0,0,0,0,0,0,31,40,40,71,65476,0,300,0,0,8,21553,0.0,-107605600.0,0.0,0.0,0.0,0.0,0.0,0.0,0.0,0.0,0.0,0.0,0.0,0.0,0.0,0.0,0.0,0.0,0.0,0.0,0.0,0.0,0.0,0.0,-2.004,0.0,0.0,0.0,0.0,0.0,6160.0,564148249296896.0,6923.0,2.718430741444032e+23,-0.0,-0.0,2.718430741444032e+23,0.0,0.0,0.0,0.0,69,-0.0,0.0,0.0,0.0,0.0,0.0,0.0,0.0,0.0,0,0,0,0.0,0.0,0.0,0.0,0.0,0.0,0.0,0.0,0.0,0.0,0.0,0.0,0.0,0.0,0.0,0.0,0,-107875648.0,69,0.0,138,0.0,-109447200.0,0,13107,17040,39322,17049,26215,17043,0,0,0,70,68,100,2.7302359370752657e+23,71.2,2.7302370179391762e+23,74.3,-0.0,74.0,1,49,50,180,13107,0,0,0,0.0,0.0,0.0,0.0,-0.0,67.0,0.0,162057.094,0.0,751,0,740,0,0,0,721,0,768,0,736,0,743,0,742,0,712,0,7520,0.032,107911053312.0,0.0,0.0,784,16797,-0.0,162057.094,-114818.039,-0.0,0.133,6.909358625270745e+28,30.0,65.0,35,0.0,0.0,0.0,0.0,0.0,0.0,0.0,0.0,0.0,0.0,0.0,0.0,0.0,0.0,0.0,0.0,69.2,0,150,71,55,65476,0,300,0,1,8,20529,65476,0,0,40632,65.0,0.0,0.0,0.0,0.0,0.0
2026-09-04T20:01:26,ERR,ERR,ERR,ERR,ERR,ERR,ERR,ERR,ERR,ERR,ERR,ERR,ERR,ERR,ERR,ERR,ERR,ERR,ERR,ERR,ERR,ERR,ERR,ERR,ERR,ERR,ERR,ERR,ERR,ERR,ERR,ERR,ERR,ERR,ERR,ERR,ERR,ERR,ERR,ERR,ERR,ERR,ERR,ERR,ERR,ERR,ERR,ERR,ERR,ERR,ERR,ERR,ERR,ERR,ERR,ERR,ERR,ERR,ERR,ERR,ERR,ERR,ERR,ERR,ERR,ERR,ERR,ERR,ERR,ERR,ERR,ERR,ERR,ERR,ERR,ERR,ERR,ERR,ERR,ERR,ERR,ERR,ERR,ERR,ERR,ERR,ERR,ERR,ERR,ERR,ERR,ERR,ERR,ERR,ERR,ERR,ERR,ERR,ERR,ERR,ERR,ERR,ERR,ERR,ERR,ERR,ERR,ERR,ERR,ERR,ERR,ERR,ERR,ERR,ERR,ERR,ERR,ERR,ERR,ERR,ERR,ERR,ERR,ERR,ERR,2.718430741444032e+23,-0.0,-134479040.0,0.0,0.0,1.3936040501711995e+18,7.805,0.0,0,0,4,0,7116,0.0,100,0.0,0.0,0.0,0.0,0.0,0,0,0,0,0.0,0,0,0,0,0,0,0,0,0,0,0,0,0,0,0,0,0,0,0,0,0,0,0,0,0,0,0,0,0,0,0,0,0,31,40,40,71,65476,0,300,0,0,8,21553,0.0,-107605600.0,0.0,0.0,0.0,0.0,0.0,0.0,0.0,0.0,0.0,0.0,0.0,0.0,0.0,0.0,0.0,0.0,0.0,0.0,0.0,0.0,0.0,0.0,-2.004,0.0,0.0,0.0,0.0,0.0,6160.0,564148249296896.0,6923.0,2.718430741444032e+23,-0.0,-0.0,2.718430741444032e+23,0.0,0.0,0.0,0.0,69,-0.0,0.0,0.0,0.0,0.0,0.0,0.0,0.0,0.0,0,0,0,0.0,0.0,0.0,0.0,0.0,0.0,0.0,0.0,0.0,0.0,0.0,0.0,0.0,0.0,0.0,0.0,0,-107875648.0,69,0.0,138,0.0,-109447200.0,0,13107,17040,39322,17049,26215,17043,0,0,0,70,68,100,2.7302359370752657e+23,71.2,2.7302370179391762e+23,74.3,-0.0,74.0,1,49,50,180,13107,0,0,0,0.0,0.0,0.0,0.0,-0.0,67.0,0.0,162057.094,0.0,751,0,740,0,0,0,721,0,768,0,736,0,743,0,742,0,712,0,7520,0.032,107911053312.0,0.0,0.0,784,16797,-0.0,162057.094,-114818.039,-0.0,0.133,6.909358625270745e+28,30.0,65.0,35,0.0,0.0,0.0,0.0,0.0,0.0,0.0,0.0,0.0,0.0,0.0,0.0,0.0,0.0,0.0,0.0,69.2,0,150,71,55,65476,0,300,0,1,8,20529,65476,0,0,40632,65.0,0.0,0.0,0.0,0.0,0.0
2026-09-04T20:01:27,ERR,ERR,ERR,ERR,ERR,ERR,ERR,ERR,ERR,ERR,ERR,ERR,ERR,ERR,ERR,ERR,ERR,ERR,ERR,ERR,ERR,ERR,ERR,ERR,ERR,ERR,ERR,ERR,ERR,ERR,ERR,ERR,ERR,ERR,ERR,ERR,ERR,ERR,ERR,ERR,ERR,ERR,ERR,ERR,ERR,ERR,ERR,ERR,ERR,ERR,ERR,ERR,ERR,ERR,ERR,ERR,ERR,ERR,ERR,ERR,ERR,ERR,ERR,ERR,ERR,ERR,ERR,ERR,ERR,ERR,ERR,ERR,ERR,ERR,ERR,ERR,ERR,ERR,ERR,ERR,ERR,ERR,ERR,ERR,ERR,ERR,ERR,ERR,ERR,ERR,ERR,ERR,ERR,ERR,ERR,ERR,ERR,ERR,ERR,ERR,ERR,ERR,ERR,ERR,ERR,ERR,ERR,ERR,ERR,ERR,ERR,ERR,ERR,ERR,ERR,ERR,ERR,ERR,ERR,ERR,ERR,ERR,ERR,ERR,ERR,2.718430741444032e+23,-0.0,-134479040.0,0.0,0.0,1.3936040501711995e+18,7.805,0.0,0,0,4,0,7116,0.0,100,0.0,0.0,0.0,0.0,0.0,0,0,0,0,0.0,0,0,0,0,0,0,0,0,0,0,0,0,0,0,0,0,0,0,0,0,0,0,0,0,0,0,0,0,0,0,0,0,0,31,40,40,71,65476,0,300,0,0,8,21553,0.0,-107605600.0,0.0,0.0,0.0,0.0,0.0,0.0,0.0,0.0,0.0,0.0,0.0,0.0,0.0,0.0,0.0,0.0,0.0,0.0,0.0,0.0,0.0,0.0,-2.004,0.0,0.0,0.0,0.0,0.0,6160.0,564148249296896.0,6923.0,2.718430741444032e+23,-0.0,-0.0,2.718430741444032e+23,0.0,0.0,0.0,0.0,69,-0.0,0.0,0.0,0.0,0.0,0.0,0.0,0.0,0.0,0,0,0,0.0,0.0,0.0,0.0,0.0,0.0,0.0,0.0,0.0,0.0,0.0,0.0,0.0,0.0,0.0,0.0,0,-107875648.0,69,0.0,138,0.0,-109447200.0,0,13107,17040,39322,17049,26215,17043,0,0,0,70,68,100,2.7302359370752657e+23,71.2,2.7302370179391762e+23,74.3,-0.0,74.0,1,49,50,180,13107,0,0,0,0.0,0.0,0.0,0.0,-0.0,67.0,0.0,162057.094,0.0,751,0,740,0,0,0,721,0,768,0,736,0,743,0,742,0,712,0,7520,0.032,107911053312.0,0.0,0.0,784,16797,-0.0,162057.094,-114818.039,-0.0,0.133,6.909358625270745e+28,30.0,65.0,35,0.0,0.0,0.0,0.0,0.0,0.0,0.0,0.0,0.0,0.0,0.0,0.0,0.0,0.0,0.0,0.0,69.2,0,150,71,55,65476,0,300,0,1,8,20529,65476,0,0,40632,65.0,0.0,0.0,0.0,0.0,0.0
2026-09-04T20:01:28,ERR,ERR,ERR,ERR,ERR,ERR,ERR,ERR,ERR,ERR,ERR,ERR,ERR,ERR,ERR,ERR,ERR,ERR,ERR,ERR,ERR,ERR,ERR,ERR,ERR,ERR,ERR,ERR,ERR,ERR,ERR,ERR,ERR,ERR,ERR,ERR,ERR,ERR,ERR,ERR,ERR,ERR,ERR,ERR,ERR,ERR,ERR,ERR,ERR,ERR,ERR,ERR,ERR,ERR,ERR,ERR,ERR,ERR,ERR,ERR,ERR,ERR,ERR,ERR,ERR,ERR,ERR,ERR,ERR,ERR,ERR,ERR,ERR,ERR,ERR,ERR,ERR,ERR,ERR,ERR,ERR,ERR,ERR,ERR,ERR,ERR,ERR,ERR,ERR,ERR,ERR,ERR,ERR,ERR,ERR,ERR,ERR,ERR,ERR,ERR,ERR,ERR,ERR,ERR,ERR,ERR,ERR,ERR,ERR,ERR,ERR,ERR,ERR,ERR,ERR,ERR,ERR,ERR,ERR,ERR,ERR,ERR,ERR,ERR,ERR,2.718430741444032e+23,-0.0,-134479040.0,0.0,0.0,1.3936040501711995e+18,7.805,0.0,0,0,4,0,7116,0.0,100,0.0,0.0,0.0,0.0,0.0,0,0,0,0,0.0,0,0,0,0,0,0,0,0,0,0,0,0,0,0,0,0,0,0,0,0,0,0,0,0,0,0,0,0,0,0,0,0,0,31,40,40,71,65476,0,300,0,0,8,21553,0.0,-107605600.0,0.0,0.0,0.0,0.0,0.0,0.0,0.0,0.0,0.0,0.0,0.0,0.0,0.0,0.0,0.0,0.0,0.0,0.0,0.0,0.0,0.0,0.0,-2.004,0.0,0.0,0.0,0.0,0.0,6159.0,-0.0,6930.0,2.718430741444032e+23,2.7184312818759872e+23,-0.0,2.718430741444032e+23,0.0,0.0,0.0,0.0,69,-0.0,5.8480739056367695e+35,0.0,0.0,0.0,0.0,0.0,0.0,0.0,0,0,0,0.0,0.0,0.0,0.0,0.0,0.0,0.0,0.0,0.0,0.0,0.0,0.0,0.0,0.0,0.0,0.0,0,-107875648.0,69,0.0,138,0.0,-109447200.0,0,13107,17040,39322,17049,26215,17043,0,0,0,70,68,100,2.7302359370752657e+23,71.2,2.7302370179391762e+23,74.3,-0.0,74.0,1,49,50,180,13107,0,0,0,0.0,0.0,0.0,0.0,-0.0,67.0,0.0,162057.094,0.0,751,0,740,0,0,0,721,0,768,0,736,0,743,0,742,0,712,0,7520,0.032,107911053312.0,0.0,0.0,784,16797,-0.0,162057.094,-114818.039,-0.0,0.133,6.909358625270745e+28,30.0,65.0,35,0.0,0.0,0.0,0.0,0.0,0.0,0.0,0.0,0.0,0.0,0.0,0.0,0.0,0.0,0.0,0.0,69.2,0,150,71,55,65476,0,300,0,1,8,20529,65476,0,0,40632,65.0,0.0,0.0,0.0,0.0,0.0
2026-09-04T20:01:29,ERR,ERR,ERR,ERR,ERR,ERR,ERR,ERR,ERR,ERR,ERR,ERR,ERR,ERR,ERR,ERR,ERR,ERR,ERR,ERR,ERR,ERR,ERR,ERR,ERR,ERR,ERR,ERR,ERR,ERR,ERR,ERR,ERR,ERR,ERR,ERR,ERR,ERR,ERR,ERR,ERR,ERR,ERR,ERR,ERR,ERR,ERR,ERR,ERR,ERR,ERR,ERR,ERR,ERR,ERR,ERR,ERR,ERR,ERR,ERR,ERR,ERR,ERR,ERR,ERR,ERR,ERR,ERR,ERR,ERR,ERR,ERR,ERR,ERR,ERR,ERR,ERR,ERR,ERR,ERR,ERR,ERR,ERR,ERR,ERR,ERR,ERR,ERR,ERR,ERR,ERR,ERR,ERR,ERR,ERR,ERR,ERR,ERR,ERR,ERR,ERR,ERR,ERR,ERR,ERR,ERR,ERR,ERR,ERR,ERR,ERR,ERR,ERR,ERR,ERR,ERR,ERR,ERR,ERR,ERR,ERR,ERR,ERR,ERR,ERR,2.718430741444032e+23,-0.0,-134479040.0,0.0,0.0,1.3936040501711995e+18,7.805,0.0,0,0,4,0,7116,0.0,100,0.0,0.0,0.0,0.0,0.0,0,0,0,0,0.0,0,0,0,0,0,0,0,0,0,0,0,0,0,0,0,0,0,0,0,0,0,0,0,0,0,0,0,0,0,0,0,0,0,31,40,40,71,65476,0,300,0,0,8,21553,0.0,-107605600.0,0.0,0.0,0.0,0.0,0.0,0.0,0.0,0.0,0.0,0.0,0.0,0.0,0.0,0.0,0.0,0.0,0.0,0.0,0.0,0.0,0.0,0.0,-2.004,0.0,0.0,0.0,0.0,0.0,6159.0,-0.0,6930.0,2.718430741444032e+23,2.7184312818759872e+23,-0.0,2.718430741444032e+23,0.0,0.0,0.0,0.0,69,-0.0,5.8480739056367695e+35,0.0,0.0,0.0,0.0,0.0,0.0,0.0,0,0,0,0.0,0.0,0.0,0.0,0.0,0.0,0.0,0.0,0.0,0.0,0.0,0.0,0.0,0.0,0.0,0.0,0,-107875648.0,69,0.0,138,0.0,-109447200.0,0,13107,17040,39322,17049,26215,17043,0,0,0,70,68,100,2.7302359370752657e+23,71.2,2.7302370179391762e+23,74.3,-0.0,74.0,1,49,50,180,13107,0,0,0,0.0,0.0,0.0,0.0,-0.0,67.0,0.0,162057.094,0.0,751,0,740,0,0,0,721,0,768,0,736,0,743,0,742,0,712,0,7520,0.032,107911053312.0,0.0,0.0,784,16797,-0.0,162057.094,-114818.039,-0.0,0.133,6.909358625270745e+28,30.0,65.0,35,0.0,0.0,0.0,0.0,0.0,0.0,0.0,0.0,0.0,0.0,0.0,0.0,0.0,0.0,0.0,0.0,69.2,0,150,71,55,65476,0,300,0,1,8,20529,65476,0,0,40632,65.0,0.0,0.0,0.0,0.0,0.0
2026-09-04T20:01:30,ERR,ERR,ERR,ERR,ERR,ERR,ERR,ERR,ERR,ERR,ERR,ERR,ERR,ERR,ERR,ERR,ERR,ERR,ERR,ERR,ERR,ERR,ERR,ERR,ERR,ERR,ERR,ERR,ERR,ERR,ERR,ERR,ERR,ERR,ERR,ERR,ERR,ERR,ERR,ERR,ERR,ERR,ERR,ERR,ERR,ERR,ERR,ERR,ERR,ERR,ERR,ERR,ERR,ERR,ERR,ERR,ERR,ERR,ERR,ERR,ERR,ERR,ERR,ERR,ERR,ERR,ERR,ERR,ERR,ERR,ERR,ERR,ERR,ERR,ERR,ERR,ERR,ERR,ERR,ERR,ERR,ERR,ERR,ERR,ERR,ERR,ERR,ERR,ERR,ERR,ERR,ERR,ERR,ERR,ERR,ERR,ERR,ERR,ERR,ERR,ERR,ERR,ERR,ERR,ERR,ERR,ERR,ERR,ERR,ERR,ERR,ERR,ERR,ERR,ERR,ERR,ERR,ERR,ERR,ERR,ERR,ERR,ERR,ERR,ERR,2.718430741444032e+23,-0.0,-134479040.0,0.0,0.0,1.3936040501711995e+18,7.805,0.0,0,0,4,0,7116,0.0,100,0.0,0.0,0.0,0.0,0.0,0,0,0,0,0.0,0,0,0,0,0,0,0,0,0,0,0,0,0,0,0,0,0,0,0,0,0,0,0,0,0,0,0,0,0,0,0,0,0,31,40,40,71,65476,0,300,0,0,8,21553,0.0,-107605600.0,0.0,0.0,0.0,0.0,0.0,0.0,0.0,0.0,0.0,0.0,0.0,0.0,0.0,0.0,0.0,0.0,0.0,0.0,0.0,0.0,0.0,0.0,-2.004,0.0,0.0,0.0,0.0,0.0,6159.0,-0.0,6930.0,2.718430741444032e+23,2.7184312818759872e+23,-0.0,2.718430741444032e+23,0.0,0.0,0.0,0.0,69,-0.0,5.8480739056367695e+35,0.0,0.0,0.0,0.0,0.0,0.0,0.0,0,0,0,0.0,0.0,0.0,0.0,0.0,0.0,0.0,0.0,0.0,0.0,0.0,0.0,0.0,0.0,0.0,0.0,0,-107875648.0,69,0.0,138,0.0,-109447200.0,0,13107,17040,39322,17049,26215,17043,0,0,0,70,68,100,2.7302359370752657e+23,71.2,2.7302370179391762e+23,74.2,-0.0,74.0,1,49,50,180,26215,0,0,0,0.0,0.0,0.0,0.0,-0.0,67.0,0.0,162057.094,0.0,752,0,740,0,0,0,721,0,768,0,737,0,743,0,741,0,712,0,7520,0.032,108447924224.0,0.0,0.0,784,16797,-0.0,162057.094,-114818.039,-0.0,0.133,6.909358625270745e+28,30.0,65.0,35,0.0,0.0,0.0,0.0,0.0,0.0,0.0,0.0,0.0,0.0,0.0,0.0,0.0,0.0,0.0,0.0,69.2,0,150,71,55,65476,0,300,0,1,8,20529,65476,0,0,40632,65.0,0.0,0.0,0.0,0.0,0.0
2026-09-04T20:01:31,ERR,ERR,ERR,ERR,ERR,ERR,ERR,ERR,ERR,ERR,ERR,ERR,ERR,ERR,ERR,ERR,ERR,ERR,ERR,ERR,ERR,ERR,ERR,ERR,ERR,ERR,ERR,ERR,ERR,ERR,ERR,ERR,ERR,ERR,ERR,ERR,ERR,ERR,ERR,ERR,ERR,ERR,ERR,ERR,ERR,ERR,ERR,ERR,ERR,ERR,ERR,ERR,ERR,ERR,ERR,ERR,ERR,ERR,ERR,ERR,ERR,ERR,ERR,ERR,ERR,ERR,ERR,ERR,ERR,ERR,ERR,ERR,ERR,ERR,ERR,ERR,ERR,ERR,ERR,ERR,ERR,ERR,ERR,ERR,ERR,ERR,ERR,ERR,ERR,ERR,ERR,ERR,ERR,ERR,ERR,ERR,ERR,ERR,ERR,ERR,ERR,ERR,ERR,ERR,ERR,ERR,ERR,ERR,ERR,ERR,ERR,ERR,ERR,ERR,ERR,ERR,ERR,ERR,ERR,ERR,ERR,ERR,ERR,ERR,ERR,2.718430741444032e+23,-0.0,-134479040.0,0.0,0.0,1.3936040501711995e+18,7.805,0.0,0,0,4,0,7116,0.0,100,0.0,0.0,0.0,0.0,0.0,0,0,0,0,0.0,0,0,0,0,0,0,0,0,0,0,0,0,0,0,0,0,0,0,0,0,0,0,0,0,0,0,0,0,0,0,0,0,0,31,40,40,71,65476,0,300,0,0,8,21553,0.0,-107605600.0,0.0,0.0,0.0,0.0,0.0,0.0,0.0,0.0,0.0,0.0,0.0,0.0,0.0,0.0,0.0,0.0,0.0,0.0,0.0,0.0,0.0,0.0,-2.004,0.0,0.0,0.0,0.0,0.0,6159.0,-0.0,6930.0,2.718430741444032e+23,2.7184312818759872e+23,-0.0,2.718430741444032e+23,0.0,0.0,0.0,0.0,69,-0.0,5.8480739056367695e+35,0.0,0.0,0.0,0.0,0.0,0.0,0.0,0,0,0,0.0,0.0,0.0,0.0,0.0,0.0,0.0,0.0,0.0,0.0,0.0,0.0,0.0,0.0,0.0,0.0,0,-107875648.0,69,0.0,138,0.0,-109447200.0,0,13107,17040,39322,17049,26215,17043,0,0,0,70,68,100,2.7302359370752657e+23,71.2,2.7302370179391762e+23,74.2,-0.0,74.0,1,49,50,180,26215,0,0,0,0.0,0.0,0.0,0.0,-0.0,67.0,0.0,162057.094,0.0,752,0,740,0,0,0,721,0,768,0,737,0,743,0,741,0,712,0,7520,0.032,108447924224.0,0.0,0.0,784,16797,-0.0,162057.094,-114818.039,-0.0,0.133,6.909358625270745e+28,30.0,65.0,35,0.0,0.0,0.0,0.0,0.0,0.0,0.0,0.0,0.0,0.0,0.0,0.0,0.0,0.0,0.0,0.0,69.2,0,150,71,55,65476,0,300,0,1,8,20529,65476,0,0,40632,65.0,0.0,0.0,0.0,0.0,0.0
2026-09-04T20:01:32,ERR,ERR,ERR,ERR,ERR,ERR,ERR,ERR,ERR,ERR,ERR,ERR,ERR,ERR,ERR,ERR,ERR,ERR,ERR,ERR,ERR,ERR,ERR,ERR,ERR,ERR,ERR,ERR,ERR,ERR,ERR,ERR,ERR,ERR,ERR,ERR,ERR,ERR,ERR,ERR,ERR,ERR,ERR,ERR,ERR,ERR,ERR,ERR,ERR,ERR,ERR,ERR,ERR,ERR,ERR,ERR,ERR,ERR,ERR,ERR,ERR,ERR,ERR,ERR,ERR,ERR,ERR,ERR,ERR,ERR,ERR,ERR,ERR,ERR,ERR,ERR,ERR,ERR,ERR,ERR,ERR,ERR,ERR,ERR,ERR,ERR,ERR,ERR,ERR,ERR,ERR,ERR,ERR,ERR,ERR,ERR,ERR,ERR,ERR,ERR,ERR,ERR,ERR,ERR,ERR,ERR,ERR,ERR,ERR,ERR,ERR,ERR,ERR,ERR,ERR,ERR,ERR,ERR,ERR,ERR,ERR,ERR,ERR,ERR,ERR,2.718430741444032e+23,-0.0,-134479040.0,0.0,0.0,1.3936040501711995e+18,7.805,0.0,0,0,4,0,7116,0.0,100,0.0,0.0,0.0,0.0,0.0,0,0,0,0,0.0,0,0,0,0,0,0,0,0,0,0,0,0,0,0,0,0,0,0,0,0,0,0,0,0,0,0,0,0,0,0,0,0,0,31,40,40,71,65476,0,300,0,0,8,21553,0.0,-107605600.0,0.0,0.0,0.0,0.0,0.0,0.0,0.0,0.0,0.0,0.0,0.0,0.0,0.0,0.0,0.0,0.0,0.0,0.0,0.0,0.0,0.0,0.0,-2.004,0.0,0.0,0.0,0.0,0.0,6159.0,-0.0,6930.0,2.718430741444032e+23,2.7184312818759872e+23,-0.0,2.718430741444032e+23,0.0,0.0,0.0,0.0,69,-0.0,5.8480739056367695e+35,0.0,0.0,0.0,0.0,0.0,0.0,0.0,0,0,0,0.0,0.0,0.0,0.0,0.0,0.0,0.0,0.0,0.0,0.0,0.0,0.0,0.0,0.0,0.0,0.0,0,-107875648.0,69,0.0,138,0.0,-109447200.0,0,13107,17040,39322,17049,26215,17043,0,0,0,70,68,100,2.7302359370752657e+23,71.2,2.7302370179391762e+23,74.2,-0.0,74.0,1,49,50,180,26215,0,0,0,0.0,0.0,0.0,0.0,-0.0,67.0,0.0,162057.094,0.0,752,0,740,0,0,0,721,0,768,0,737,0,743,0,741,0,712,0,7520,0.032,108447924224.0,0.0,0.0,784,16797,-0.0,162057.094,-114818.039,-0.0,0.133,6.909358625270745e+28,30.0,65.0,35,0.0,0.0,0.0,0.0,0.0,0.0,0.0,0.0,0.0,0.0,0.0,0.0,0.0,0.0,0.0,0.0,69.2,0,150,71,55,65476,0,300,0,1,8,20529,65476,0,0,40632,65.0,0.0,0.0,0.0,0.0,0.0
2026-09-04T20:01:33,ERR,ERR,ERR,ERR,ERR,ERR,ERR,ERR,ERR,ERR,ERR,ERR,ERR,ERR,ERR,ERR,ERR,ERR,ERR,ERR,ERR,ERR,ERR,ERR,ERR,ERR,ERR,ERR,ERR,ERR,ERR,ERR,ERR,ERR,ERR,ERR,ERR,ERR,ERR,ERR,ERR,ERR,ERR,ERR,ERR,ERR,ERR,ERR,ERR,ERR,ERR,ERR,ERR,ERR,ERR,ERR,ERR,ERR,ERR,ERR,ERR,ERR,ERR,ERR,ERR,ERR,ERR,ERR,ERR,ERR,ERR,ERR,ERR,ERR,ERR,ERR,ERR,ERR,ERR,ERR,ERR,ERR,ERR,ERR,ERR,ERR,ERR,ERR,ERR,ERR,ERR,ERR,ERR,ERR,ERR,ERR,ERR,ERR,ERR,ERR,ERR,ERR,ERR,ERR,ERR,ERR,ERR,ERR,ERR,ERR,ERR,ERR,ERR,ERR,ERR,ERR,ERR,ERR,ERR,ERR,ERR,ERR,ERR,ERR,ERR,2.718430741444032e+23,-0.0,-134479040.0,0.0,0.0,1.3936040501711995e+18,7.805,0.0,0,0,4,0,7116,0.0,100,0.0,0.0,0.0,0.0,0.0,0,0,0,0,0.0,0,0,0,0,0,0,0,0,0,0,0,0,0,0,0,0,0,0,0,0,0,0,0,0,0,0,0,0,0,0,0,0,0,31,40,40,71,65476,0,300,0,0,8,21553,0.0,-107605600.0,0.0,0.0,0.0,0.0,0.0,0.0,0.0,0.0,0.0,0.0,0.0,0.0,0.0,0.0,0.0,0.0,0.0,0.0,0.0,0.0,0.0,0.0,-2.004,0.0,0.0,0.0,0.0,0.0,6159.0,-0.0,6930.0,2.718430741444032e+23,2.7184312818759872e+23,-0.0,2.718430741444032e+23,0.0,0.0,0.0,0.0,69,-0.0,5.8480739056367695e+35,0.0,0.0,0.0,0.0,0.0,0.0,0.0,0,0,0,0.0,0.0,0.0,0.0,0.0,0.0,0.0,0.0,0.0,0.0,0.0,0.0,0.0,0.0,0.0,0.0,0,-107875648.0,69,0.0,138,0.0,-109447200.0,0,13107,17040,39322,17049,26215,17043,0,0,0,70,68,100,2.7302359370752657e+23,71.2,2.7302370179391762e+23,74.2,-0.0,74.0,1,49,50,180,26215,0,0,0,0.0,0.0,0.0,0.0,-0.0,67.0,0.0,162057.094,0.0,752,0,740,0,0,0,721,0,768,0,737,0,743,0,741,0,712,0,7520,0.032,108447924224.0,0.0,0.0,784,16797,-0.0,162057.094,-114818.039,-0.0,0.133,6.909358625270745e+28,30.0,65.0,35,0.0,0.0,0.0,0.0,0.0,0.0,0.0,0.0,0.0,0.0,0.0,0.0,0.0,0.0,0.0,0.0,69.2,0,150,71,55,65476,0,300,0,1,8,20529,65476,0,0,40632,65.0,0.0,0.0,0.0,0.0,0.0
2026-09-04T20:01:34,ERR,ERR,ERR,ERR,ERR,ERR,ERR,ERR,ERR,ERR,ERR,ERR,ERR,ERR,ERR,ERR,ERR,ERR,ERR,ERR,ERR,ERR,ERR,ERR,ERR,ERR,ERR,ERR,ERR,ERR,ERR,ERR,ERR,ERR,ERR,ERR,ERR,ERR,ERR,ERR,ERR,ERR,ERR,ERR,ERR,ERR,ERR,ERR,ERR,ERR,ERR,ERR,ERR,ERR,ERR,ERR,ERR,ERR,ERR,ERR,ERR,ERR,ERR,ERR,ERR,ERR,ERR,ERR,ERR,ERR,ERR,ERR,ERR,ERR,ERR,ERR,ERR,ERR,ERR,ERR,ERR,ERR,ERR,ERR,ERR,ERR,ERR,ERR,ERR,ERR,ERR,ERR,ERR,ERR,ERR,ERR,ERR,ERR,ERR,ERR,ERR,ERR,ERR,ERR,ERR,ERR,ERR,ERR,ERR,ERR,ERR,ERR,ERR,ERR,ERR,ERR,ERR,ERR,ERR,ERR,ERR,ERR,ERR,ERR,ERR,2.718430741444032e+23,-0.0,-134479040.0,0.0,0.0,1.3936040501711995e+18,7.805,0.0,0,0,4,0,7116,0.0,100,0.0,0.0,0.0,0.0,0.0,0,0,0,0,0.0,0,0,0,0,0,0,0,0,0,0,0,0,0,0,0,0,0,0,0,0,0,0,0,0,0,0,0,0,0,0,0,0,0,31,40,40,71,65476,0,300,0,0,8,21553,0.0,-107605600.0,0.0,0.0,0.0,0.0,0.0,0.0,0.0,0.0,0.0,0.0,0.0,0.0,0.0,0.0,0.0,0.0,0.0,0.0,0.0,0.0,0.0,0.0,-2.004,0.0,0.0,0.0,0.0,0.0,6159.0,-0.0,6930.0,2.718430741444032e+23,2.7184312818759872e+23,-0.0,2.718430741444032e+23,0.0,0.0,0.0,0.0,69,-0.0,5.8480739056367695e+35,0.0,0.0,0.0,0.0,0.0,0.0,0.0,0,0,0,0.0,0.0,0.0,0.0,0.0,0.0,0.0,0.0,0.0,0.0,0.0,0.0,0.0,0.0,0.0,0.0,0,-107875648.0,69,0.0,138,0.0,-109447200.0,0,13107,17040,39322,17049,26215,17043,0,0,0,70,68,100,2.7302359370752657e+23,71.2,2.7302370179391762e+23,74.2,-0.0,74.0,1,49,50,180,26215,0,0,0,0.0,0.0,0.0,0.0,-0.0,67.0,0.0,162057.094,0.0,752,0,740,0,0,0,721,0,768,0,737,0,743,0,741,0,712,0,7520,0.032,108447924224.0,0.0,0.0,784,16797,-0.0,162057.094,-114818.039,-0.0,0.133,6.909358625270745e+28,30.0,65.0,35,0.0,0.0,0.0,0.0,0.0,0.0,0.0,0.0,0.0,0.0,0.0,0.0,0.0,0.0,0.0,0.0,69.2,0,150,71,55,65476,0,300,0,1,8,20529,65476,0,0,40632,65.0,0.0,0.0,0.0,0.0,0.0
2026-09-04T20:01:35,ERR,ERR,ERR,ERR,ERR,ERR,ERR,ERR,ERR,ERR,ERR,ERR,ERR,ERR,ERR,ERR,ERR,ERR,ERR,ERR,ERR,ERR,ERR,ERR,ERR,ERR,ERR,ERR,ERR,ERR,ERR,ERR,ERR,ERR,ERR,ERR,ERR,ERR,ERR,ERR,ERR,ERR,ERR,ERR,ERR,ERR,ERR,ERR,ERR,ERR,ERR,ERR,ERR,ERR,ERR,ERR,ERR,ERR,ERR,ERR,ERR,ERR,ERR,ERR,ERR,ERR,ERR,ERR,ERR,ERR,ERR,ERR,ERR,ERR,ERR,ERR,ERR,ERR,ERR,ERR,ERR,ERR,ERR,ERR,ERR,ERR,ERR,ERR,ERR,ERR,ERR,ERR,ERR,ERR,ERR,ERR,ERR,ERR,ERR,ERR,ERR,ERR,ERR,ERR,ERR,ERR,ERR,ERR,ERR,ERR,ERR,ERR,ERR,ERR,ERR,ERR,ERR,ERR,ERR,ERR,ERR,ERR,ERR,ERR,ERR,2.718430741444032e+23,2.7184312818759872e+23,0.0,0.0,0.0,1.3936040501711995e+18,7.805,0.0,0,0,4,0,7116,0.0,100,0.0,0.0,0.0,0.0,0.0,0,0,0,0,0.0,0,0,0,0,0,0,0,0,0,0,0,0,0,0,0,0,0,0,0,0,0,0,0,0,0,0,0,0,0,0,0,0,0,31,40,40,71,65476,0,300,0,0,8,21553,0.0,-107605600.0,0.0,0.0,0.0,0.0,0.0,0.0,0.0,0.0,0.0,0.0,0.0,0.0,0.0,0.0,0.0,0.0,0.0,0.0,0.0,0.0,0.0,0.0,-2.004,0.0,0.0,0.0,0.0,0.0,6197.0,0.0,6915.0,2.718430741444032e+23,-0.0,-0.0,2.718430741444032e+23,0.0,0.0,0.0,0.0,69,-126841176064.0,0.0,0.0,0.0,0.0,0.0,0.0,0.0,0.0,0,0,0,0.0,0.0,0.0,0.0,0.0,0.0,0.0,0.0,0.0,0.0,0.0,0.0,0.0,0.0,0.0,0.0,0,-107875648.0,69,0.0,138,0.0,-109447200.0,0,13107,17040,39322,17049,13107,17043,0,0,0,70,68,100,2.7302359370752657e+23,71.2,2.7302370179391762e+23,74.3,-0.0,74.0,1,49,50,180,26215,0,0,0,0.0,0.0,0.0,0.0,-0.0,67.0,0.0,162057.094,0.0,751,0,740,0,0,0,721,0,768,0,736,0,743,0,741,0,712,0,7520,0.032,108447924224.0,0.0,0.0,784,16797,-0.0,162057.094,-114818.039,-0.0,0.133,6.909358625270745e+28,30.0,65.0,35,0.0,0.0,0.0,0.0,0.0,0.0,0.0,0.0,0.0,0.0,0.0,0.0,0.0,0.0,0.0,0.0,69.2,0,150,71,55,65476,0,300,0,1,8,20529,65476,0,0,40632,65.0,0.0,0.0,0.0,0.0,0.0
2026-09-04T20:01:36,ERR,ERR,ERR,ERR,ERR,ERR,ERR,ERR,ERR,ERR,ERR,ERR,ERR,ERR,ERR,ERR,ERR,ERR,ERR,ERR,ERR,ERR,ERR,ERR,ERR,ERR,ERR,ERR,ERR,ERR,ERR,ERR,ERR,ERR,ERR,ERR,ERR,ERR,ERR,ERR,ERR,ERR,ERR,ERR,ERR,ERR,ERR,ERR,ERR,ERR,ERR,ERR,ERR,ERR,ERR,ERR,ERR,ERR,ERR,ERR,ERR,ERR,ERR,ERR,ERR,ERR,ERR,ERR,ERR,ERR,ERR,ERR,ERR,ERR,ERR,ERR,ERR,ERR,ERR,ERR,ERR,ERR,ERR,ERR,ERR,ERR,ERR,ERR,ERR,ERR,ERR,ERR,ERR,ERR,ERR,ERR,ERR,ERR,ERR,ERR,ERR,ERR,ERR,ERR,ERR,ERR,ERR,ERR,ERR,ERR,ERR,ERR,ERR,ERR,ERR,ERR,ERR,ERR,ERR,ERR,ERR,ERR,ERR,ERR,ERR,2.718430741444032e+23,2.7184312818759872e+23,0.0,0.0,0.0,1.3936040501711995e+18,7.805,0.0,0,0,4,0,7116,0.0,100,0.0,0.0,0.0,0.0,0.0,0,0,0,0,0.0,0,0,0,0,0,0,0,0,0,0,0,0,0,0,0,0,0,0,0,0,0,0,0,0,0,0,0,0,0,0,0,0,0,31,40,40,71,65476,0,300,0,0,8,21553,0.0,-107605600.0,0.0,0.0,0.0,0.0,0.0,0.0,0.0,0.0,0.0,0.0,0.0,0.0,0.0,0.0,0.0,0.0,0.0,0.0,0.0,0.0,0.0,0.0,-2.004,0.0,0.0,0.0,0.0,0.0,6197.0,0.0,6915.0,2.718430741444032e+23,-0.0,-0.0,2.718430741444032e+23,0.0,0.0,0.0,0.0,69,-126841176064.0,0.0,0.0,0.0,0.0,0.0,0.0,0.0,0.0,0,0,0,0.0,0.0,0.0,0.0,0.0,0.0,0.0,0.0,0.0,0.0,0.0,0.0,0.0,0.0,0.0,0.0,0,-107875648.0,69,0.0,138,0.0,-109447200.0,0,13107,17040,39322,17049,13107,17043,0,0,0,70,68,100,2.7302359370752657e+23,71.2,2.7302370179391762e+23,74.3,-0.0,74.0,1,49,50,180,26215,0,0,0,0.0,0.0,0.0,0.0,-0.0,67.0,0.0,162057.094,0.0,751,0,740,0,0,0,721,0,768,0,736,0,743,0,741,0,712,0,7520,0.032,108447924224.0,0.0,0.0,784,16797,-0.0,162057.094,-114818.039,-0.0,0.133,6.909358625270745e+28,30.0,65.0,35,0.0,0.0,0.0,0.0,0.0,0.0,0.0,0.0,0.0,0.0,0.0,0.0,0.0,0.0,0.0,0.0,69.2,0,150,71,55,65476,0,300,0,1,8,20529,65476,0,0,40632,65.0,0.0,0.0,0.0,0.0,0.0
2026-09-04T20:01:37,ERR,ERR,ERR,ERR,ERR,ERR,ERR,ERR,ERR,ERR,ERR,ERR,ERR,ERR,ERR,ERR,ERR,ERR,ERR,ERR,ERR,ERR,ERR,ERR,ERR,ERR,ERR,ERR,ERR,ERR,ERR,ERR,ERR,ERR,ERR,ERR,ERR,ERR,ERR,ERR,ERR,ERR,ERR,ERR,ERR,ERR,ERR,ERR,ERR,ERR,ERR,ERR,ERR,ERR,ERR,ERR,ERR,ERR,ERR,ERR,ERR,ERR,ERR,ERR,ERR,ERR,ERR,ERR,ERR,ERR,ERR,ERR,ERR,ERR,ERR,ERR,ERR,ERR,ERR,ERR,ERR,ERR,ERR,ERR,ERR,ERR,ERR,ERR,ERR,ERR,ERR,ERR,ERR,ERR,ERR,ERR,ERR,ERR,ERR,ERR,ERR,ERR,ERR,ERR,ERR,ERR,ERR,ERR,ERR,ERR,ERR,ERR,ERR,ERR,ERR,ERR,ERR,ERR,ERR,ERR,ERR,ERR,ERR,ERR,ERR,2.718430741444032e+23,2.7184312818759872e+23,0.0,0.0,0.0,1.3936040501711995e+18,7.805,0.0,0,0,4,0,7116,0.0,100,0.0,0.0,0.0,0.0,0.0,0,0,0,0,0.0,0,0,0,0,0,0,0,0,0,0,0,0,0,0,0,0,0,0,0,0,0,0,0,0,0,0,0,0,0,0,0,0,0,31,40,40,71,65476,0,300,0,0,8,21553,0.0,-107605600.0,0.0,0.0,0.0,0.0,0.0,0.0,0.0,0.0,0.0,0.0,0.0,0.0,0.0,0.0,0.0,0.0,0.0,0.0,0.0,0.0,0.0,0.0,-2.004,0.0,0.0,0.0,0.0,0.0,6197.0,0.0,6915.0,2.718430741444032e+23,-0.0,-0.0,2.718430741444032e+23,0.0,0.0,0.0,0.0,69,-126841176064.0,0.0,0.0,0.0,0.0,0.0,0.0,0.0,0.0,0,0,0,0.0,0.0,0.0,0.0,0.0,0.0,0.0,0.0,0.0,0.0,0.0,0.0,0.0,0.0,0.0,0.0,0,-107875648.0,69,0.0,138,0.0,-109447200.0,0,13107,17040,39322,17049,13107,17043,0,0,0,70,68,100,2.7302359370752657e+23,71.2,2.7302370179391762e+23,74.3,-0.0,74.0,1,49,50,180,26215,0,0,0,0.0,0.0,0.0,0.0,-0.0,67.0,0.0,162057.094,0.0,751,0,740,0,0,0,721,0,768,0,736,0,743,0,741,0,712,0,7520,0.032,108447924224.0,0.0,0.0,784,16797,-0.0,162057.094,-114818.039,-0.0,0.133,6.909358625270745e+28,30.0,65.0,35,0.0,0.0,0.0,0.0,0.0,0.0,0.0,0.0,0.0,0.0,0.0,0.0,0.0,0.0,0.0,0.0,69.2,0,150,71,55,65476,0,300,0,1,8,20529,65476,0,0,40632,65.0,0.0,0.0,0.0,0.0,0.0
2026-09-04T20:01:38,ERR,ERR,ERR,ERR,ERR,ERR,ERR,ERR,ERR,ERR,ERR,ERR,ERR,ERR,ERR,ERR,ERR,ERR,ERR,ERR,ERR,ERR,ERR,ERR,ERR,ERR,ERR,ERR,ERR,ERR,ERR,ERR,ERR,ERR,ERR,ERR,ERR,ERR,ERR,ERR,ERR,ERR,ERR,ERR,ERR,ERR,ERR,ERR,ERR,ERR,ERR,ERR,ERR,ERR,ERR,ERR,ERR,ERR,ERR,ERR,ERR,ERR,ERR,ERR,ERR,ERR,ERR,ERR,ERR,ERR,ERR,ERR,ERR,ERR,ERR,ERR,ERR,ERR,ERR,ERR,ERR,ERR,ERR,ERR,ERR,ERR,ERR,ERR,ERR,ERR,ERR,ERR,ERR,ERR,ERR,ERR,ERR,ERR,ERR,ERR,ERR,ERR,ERR,ERR,ERR,ERR,ERR,ERR,ERR,ERR,ERR,ERR,ERR,ERR,ERR,ERR,ERR,ERR,ERR,ERR,ERR,ERR,ERR,ERR,ERR,2.718430741444032e+23,2.7184312818759872e+23,0.0,0.0,0.0,1.3936040501711995e+18,7.805,0.0,0,0,4,0,7116,0.0,100,0.0,0.0,0.0,0.0,0.0,0,0,0,0,0.0,0,0,0,0,0,0,0,0,0,0,0,0,0,0,0,0,0,0,0,0,0,0,0,0,0,0,0,0,0,0,0,0,0,31,40,40,71,65476,0,300,0,0,8,21553,0.0,-107605600.0,0.0,0.0,0.0,0.0,0.0,0.0,0.0,0.0,0.0,0.0,0.0,0.0,0.0,0.0,0.0,0.0,0.0,0.0,0.0,0.0,0.0,0.0,-2.004,0.0,0.0,0.0,0.0,0.0,6197.0,0.0,6915.0,2.718430741444032e+23,-0.0,-0.0,2.718430741444032e+23,0.0,0.0,0.0,0.0,69,-126841176064.0,0.0,0.0,0.0,0.0,0.0,0.0,0.0,0.0,0,0,0,0.0,0.0,0.0,0.0,0.0,0.0,0.0,0.0,0.0,0.0,0.0,0.0,0.0,0.0,0.0,0.0,0,-107875648.0,69,0.0,138,0.0,-109447200.0,0,13107,17040,39322,17049,13107,17043,0,0,0,70,68,100,2.7302359370752657e+23,71.2,2.7302370179391762e+23,74.3,-0.0,74.0,1,49,50,180,26215,0,0,0,0.0,0.0,0.0,0.0,-0.0,67.0,0.0,162057.094,0.0,751,0,740,0,0,0,721,0,768,0,736,0,743,0,741,0,712,0,7520,0.032,108447924224.0,0.0,0.0,784,16797,-0.0,162057.094,-114818.039,-0.0,0.133,6.909358625270745e+28,30.0,65.0,35,0.0,0.0,0.0,0.0,0.0,0.0,0.0,0.0,0.0,0.0,0.0,0.0,0.0,0.0,0.0,0.0,69.2,0,150,71,55,65476,0,300,0,1,8,20529,65476,0,0,40632,65.0,0.0,0.0,0.0,0.0,0.0
2026-09-04T20:01:39,ERR,ERR,ERR,ERR,ERR,ERR,ERR,ERR,ERR,ERR,ERR,ERR,ERR,ERR,ERR,ERR,ERR,ERR,ERR,ERR,ERR,ERR,ERR,ERR,ERR,ERR,ERR,ERR,ERR,ERR,ERR,ERR,ERR,ERR,ERR,ERR,ERR,ERR,ERR,ERR,ERR,ERR,ERR,ERR,ERR,ERR,ERR,ERR,ERR,ERR,ERR,ERR,ERR,ERR,ERR,ERR,ERR,ERR,ERR,ERR,ERR,ERR,ERR,ERR,ERR,ERR,ERR,ERR,ERR,ERR,ERR,ERR,ERR,ERR,ERR,ERR,ERR,ERR,ERR,ERR,ERR,ERR,ERR,ERR,ERR,ERR,ERR,ERR,ERR,ERR,ERR,ERR,ERR,ERR,ERR,ERR,ERR,ERR,ERR,ERR,ERR,ERR,ERR,ERR,ERR,ERR,ERR,ERR,ERR,ERR,ERR,ERR,ERR,ERR,ERR,ERR,ERR,ERR,ERR,ERR,ERR,ERR,ERR,ERR,ERR,2.718430741444032e+23,2.7184312818759872e+23,0.0,0.0,0.0,1.3936040501711995e+18,7.805,0.0,0,0,4,0,7116,0.0,100,0.0,0.0,0.0,0.0,0.0,0,0,0,0,0.0,0,0,0,0,0,0,0,0,0,0,0,0,0,0,0,0,0,0,0,0,0,0,0,0,0,0,0,0,0,0,0,0,0,31,40,40,71,65476,0,300,0,0,8,21553,0.0,-107605600.0,0.0,0.0,0.0,0.0,0.0,0.0,0.0,0.0,0.0,0.0,0.0,0.0,0.0,0.0,0.0,0.0,0.0,0.0,0.0,0.0,0.0,0.0,-2.004,0.0,0.0,0.0,0.0,0.0,6197.0,0.0,6915.0,2.718430741444032e+23,-0.0,-0.0,2.718430741444032e+23,0.0,0.0,0.0,0.0,69,-126841176064.0,0.0,0.0,0.0,0.0,0.0,0.0,0.0,0.0,0,0,0,0.0,0.0,0.0,0.0,0.0,0.0,0.0,0.0,0.0,0.0,0.0,0.0,0.0,0.0,0.0,0.0,0,-107875648.0,69,0.0,138,0.0,-109447200.0,0,13107,17040,39322,17049,13107,17043,0,0,0,70,68,100,2.7302359370752657e+23,71.2,2.7302370179391762e+23,74.3,-0.0,74.0,1,49,50,180,26215,0,0,0,0.0,0.0,0.0,0.0,-0.0,67.0,0.0,162057.094,0.0,751,0,740,0,0,0,721,0,768,0,736,0,743,0,741,0,712,0,7520,0.032,108447924224.0,0.0,0.0,784,16797,-0.0,162057.094,-114818.039,-0.0,0.133,6.909358625270745e+28,30.0,65.0,35,0.0,0.0,0.0,0.0,0.0,0.0,0.0,0.0,0.0,0.0,0.0,0.0,0.0,0.0,0.0,0.0,69.2,0,150,71,55,65476,0,300,0,1,8,20529,65476,0,0,40632,65.0,0.0,0.0,0.0,0.0,0.0
2026-09-04T20:01:40,ERR,ERR,ERR,ERR,ERR,ERR,ERR,ERR,ERR,ERR,ERR,ERR,ERR,ERR,ERR,ERR,ERR,ERR,ERR,ERR,ERR,ERR,ERR,ERR,ERR,ERR,ERR,ERR,ERR,ERR,ERR,ERR,ERR,ERR,ERR,ERR,ERR,ERR,ERR,ERR,ERR,ERR,ERR,ERR,ERR,ERR,ERR,ERR,ERR,ERR,ERR,ERR,ERR,ERR,ERR,ERR,ERR,ERR,ERR,ERR,ERR,ERR,ERR,ERR,ERR,ERR,ERR,ERR,ERR,ERR,ERR,ERR,ERR,ERR,ERR,ERR,ERR,ERR,ERR,ERR,ERR,ERR,ERR,ERR,ERR,ERR,ERR,ERR,ERR,ERR,ERR,ERR,ERR,ERR,ERR,ERR,ERR,ERR,ERR,ERR,ERR,ERR,ERR,ERR,ERR,ERR,ERR,ERR,ERR,ERR,ERR,ERR,ERR,ERR,ERR,ERR,ERR,ERR,ERR,ERR,ERR,ERR,ERR,ERR,ERR,2.718430741444032e+23,2.7184312818759872e+23,0.0,0.0,0.0,1.3936040501711995e+18,7.805,0.0,0,0,4,0,7116,0.0,100,0.0,0.0,0.0,0.0,0.0,0,0,0,0,0.0,0,0,0,0,0,0,0,0,0,0,0,0,0,0,0,0,0,0,0,0,0,0,0,0,0,0,0,0,0,0,0,0,0,31,40,40,71,65476,0,300,0,0,8,21553,0.0,-107605600.0,0.0,0.0,0.0,0.0,0.0,0.0,0.0,0.0,0.0,0.0,0.0,0.0,0.0,0.0,0.0,0.0,0.0,0.0,0.0,0.0,0.0,0.0,-2.004,0.0,0.0,0.0,0.0,0.0,6197.0,0.0,6915.0,2.718430741444032e+23,-0.0,-0.0,2.718430741444032e+23,0.0,0.0,0.0,0.0,69,-126841176064.0,0.0,0.0,0.0,0.0,0.0,0.0,0.0,0.0,0,0,0,0.0,0.0,0.0,0.0,0.0,0.0,0.0,0.0,0.0,0.0,0.0,0.0,0.0,0.0,0.0,0.0,0,-107875648.0,69,0.0,138,0.0,-109447200.0,0,13107,17040,39322,17049,13107,17043,0,0,0,70,68,100,2.7302359370752657e+23,71.2,2.7302370179391762e+23,74.3,-0.0,74.0,1,49,50,180,26215,0,0,0,0.0,0.0,0.0,0.0,-0.0,67.0,0.0,162057.094,0.0,751,0,740,0,0,0,721,0,768,0,736,0,743,0,741,0,712,0,7520,0.032,108447924224.0,0.0,0.0,784,16797,-0.0,162057.094,-114818.039,-0.0,0.133,6.909358625270745e+28,30.0,65.0,35,0.0,0.0,0.0,0.0,0.0,0.0,0.0,0.0,0.0,0.0,0.0,0.0,0.0,0.0,0.0,0.0,69.2,0,150,71,55,65476,0,300,0,1,8,20529,65476,0,0,40632,65.0,0.0,0.0,0.0,0.0,0.0
2026-09-04T20:01:41,ERR,ERR,ERR,ERR,ERR,ERR,ERR,ERR,ERR,ERR,ERR,ERR,ERR,ERR,ERR,ERR,ERR,ERR,ERR,ERR,ERR,ERR,ERR,ERR,ERR,ERR,ERR,ERR,ERR,ERR,ERR,ERR,ERR,ERR,ERR,ERR,ERR,ERR,ERR,ERR,ERR,ERR,ERR,ERR,ERR,ERR,ERR,ERR,ERR,ERR,ERR,ERR,ERR,ERR,ERR,ERR,ERR,ERR,ERR,ERR,ERR,ERR,ERR,ERR,ERR,ERR,ERR,ERR,ERR,ERR,ERR,ERR,ERR,ERR,ERR,ERR,ERR,ERR,ERR,ERR,ERR,ERR,ERR,ERR,ERR,ERR,ERR,ERR,ERR,ERR,ERR,ERR,ERR,ERR,ERR,ERR,ERR,ERR,ERR,ERR,ERR,ERR,ERR,ERR,ERR,ERR,ERR,ERR,ERR,ERR,ERR,ERR,ERR,ERR,ERR,ERR,ERR,ERR,ERR,ERR,ERR,ERR,ERR,ERR,ERR,2.718430741444032e+23,2.7184312818759872e+23,0.0,0.0,0.0,1.3936040501711995e+18,7.805,0.0,0,0,4,0,7116,0.0,100,0.0,0.0,0.0,0.0,0.0,0,0,0,0,0.0,0,0,0,0,0,0,0,0,0,0,0,0,0,0,0,0,0,0,0,0,0,0,0,0,0,0,0,0,0,0,0,0,0,31,40,40,71,65476,0,300,0,0,8,21553,0.0,-107605600.0,0.0,0.0,0.0,0.0,0.0,0.0,0.0,0.0,0.0,0.0,0.0,0.0,0.0,0.0,0.0,0.0,0.0,0.0,0.0,0.0,0.0,0.0,-2.004,0.0,0.0,0.0,0.0,0.0,6197.0,0.0,6915.0,2.718430741444032e+23,-0.0,-0.0,2.718430741444032e+23,0.0,0.0,0.0,0.0,69,-126841176064.0,0.0,0.0,0.0,0.0,0.0,0.0,0.0,0.0,0,0,0,0.0,0.0,0.0,0.0,0.0,0.0,0.0,0.0,0.0,0.0,0.0,0.0,0.0,0.0,0.0,0.0,0,-107875648.0,69,0.0,138,0.0,-109447200.0,0,13107,17040,39322,17049,26215,17043,0,0,0,70,68,100,2.7302359370752657e+23,71.2,2.7302370179391762e+23,74.3,2.7302370179391762e+23,74.0,1,49,50,180,26215,0,0,0,0.0,0.0,0.0,0.0,-0.0,67.0,0.0,162057.094,0.0,752,0,740,0,0,0,721,0,768,0,736,0,742,0,742,0,712,0,7520,0.032,107911053312.0,0.0,0.0,784,16797,-0.0,162057.094,-114818.039,-0.0,0.133,6.909358625270745e+28,30.0,65.0,35,0.0,0.0,0.0,0.0,0.0,0.0,0.0,0.0,0.0,0.0,0.0,0.0,0.0,0.0,0.0,0.0,69.2,0,150,71,55,65476,0,300,0,1,8,20529,65476,0,0,40632,65.0,0.0,0.0,0.0,0.0,0.0
2026-09-04T20:01:42,ERR,ERR,ERR,ERR,ERR,ERR,ERR,ERR,ERR,ERR,ERR,ERR,ERR,ERR,ERR,ERR,ERR,ERR,ERR,ERR,ERR,ERR,ERR,ERR,ERR,ERR,ERR,ERR,ERR,ERR,ERR,ERR,ERR,ERR,ERR,ERR,ERR,ERR,ERR,ERR,ERR,ERR,ERR,ERR,ERR,ERR,ERR,ERR,ERR,ERR,ERR,ERR,ERR,ERR,ERR,ERR,ERR,ERR,ERR,ERR,ERR,ERR,ERR,ERR,ERR,ERR,ERR,ERR,ERR,ERR,ERR,ERR,ERR,ERR,ERR,ERR,ERR,ERR,ERR,ERR,ERR,ERR,ERR,ERR,ERR,ERR,ERR,ERR,ERR,ERR,ERR,ERR,ERR,ERR,ERR,ERR,ERR,ERR,ERR,ERR,ERR,ERR,ERR,ERR,ERR,ERR,ERR,ERR,ERR,ERR,ERR,ERR,ERR,ERR,ERR,ERR,ERR,ERR,ERR,ERR,ERR,ERR,ERR,ERR,ERR,2.718430741444032e+23,2.7184312818759872e+23,0.0,0.0,0.0,1.3936040501711995e+18,7.805,0.0,0,0,4,0,7116,0.0,100,0.0,0.0,0.0,0.0,0.0,0,0,0,0,0.0,0,0,0,0,0,0,0,0,0,0,0,0,0,0,0,0,0,0,0,0,0,0,0,0,0,0,0,0,0,0,0,0,0,31,40,40,71,65476,0,300,0,0,8,21553,0.0,-107605600.0,0.0,0.0,0.0,0.0,0.0,0.0,0.0,0.0,0.0,0.0,0.0,0.0,0.0,0.0,0.0,0.0,0.0,0.0,0.0,0.0,0.0,0.0,-2.004,0.0,0.0,0.0,0.0,0.0,6195.0,8608220160.0,6922.0,2.718430741444032e+23,-0.0,-0.0,2.718430741444032e+23,0.0,0.0,0.0,0.0,69,-89221.172,4.0668714141125295e+29,0.0,0.0,0.0,0.0,0.0,0.0,0.0,0,0,0,0.0,0.0,0.0,0.0,0.0,0.0,0.0,0.0,0.0,0.0,0.0,0.0,0.0,0.0,0.0,0.0,0,-107875648.0,69,0.0,138,0.0,-109447200.0,0,13107,17040,39322,17049,26215,17043,0,0,0,70,68,100,2.7302359370752657e+23,71.2,2.7302370179391762e+23,74.3,2.7302370179391762e+23,74.0,1,49,50,180,26215,0,0,0,0.0,0.0,0.0,0.0,-0.0,67.0,0.0,162057.094,0.0,752,0,740,0,0,0,721,0,768,0,736,0,742,0,742,0,712,0,7520,0.032,107911053312.0,0.0,0.0,784,16797,-0.0,162057.094,-114818.039,-0.0,0.133,6.909358625270745e+28,30.0,65.0,35,0.0,0.0,0.0,0.0,0.0,0.0,0.0,0.0,0.0,0.0,0.0,0.0,0.0,0.0,0.0,0.0,69.2,0,150,71,55,65476,0,300,0,1,8,20529,65476,0,0,40632,65.0,0.0,0.0,0.0,0.0,0.0
2026-09-04T20:01:43,ERR,ERR,ERR,ERR,ERR,ERR,ERR,ERR,ERR,ERR,ERR,ERR,ERR,ERR,ERR,ERR,ERR,ERR,ERR,ERR,ERR,ERR,ERR,ERR,ERR,ERR,ERR,ERR,ERR,ERR,ERR,ERR,ERR,ERR,ERR,ERR,ERR,ERR,ERR,ERR,ERR,ERR,ERR,ERR,ERR,ERR,ERR,ERR,ERR,ERR,ERR,ERR,ERR,ERR,ERR,ERR,ERR,ERR,ERR,ERR,ERR,ERR,ERR,ERR,ERR,ERR,ERR,ERR,ERR,ERR,ERR,ERR,ERR,ERR,ERR,ERR,ERR,ERR,ERR,ERR,ERR,ERR,ERR,ERR,ERR,ERR,ERR,ERR,ERR,ERR,ERR,ERR,ERR,ERR,ERR,ERR,ERR,ERR,ERR,ERR,ERR,ERR,ERR,ERR,ERR,ERR,ERR,ERR,ERR,ERR,ERR,ERR,ERR,ERR,ERR,ERR,ERR,ERR,ERR,ERR,ERR,ERR,ERR,ERR,ERR,2.718430741444032e+23,2.7184312818759872e+23,0.0,0.0,0.0,1.3936040501711995e+18,7.805,0.0,0,0,4,0,7116,0.0,100,0.0,0.0,0.0,0.0,0.0,0,0,0,0,0.0,0,0,0,0,0,0,0,0,0,0,0,0,0,0,0,0,0,0,0,0,0,0,0,0,0,0,0,0,0,0,0,0,0,31,40,40,71,65476,0,300,0,0,8,21553,0.0,-107605600.0,0.0,0.0,0.0,0.0,0.0,0.0,0.0,0.0,0.0,0.0,0.0,0.0,0.0,0.0,0.0,0.0,0.0,0.0,0.0,0.0,0.0,0.0,-2.004,0.0,0.0,0.0,0.0,0.0,6195.0,8608220160.0,6922.0,2.718430741444032e+23,-0.0,-0.0,2.718430741444032e+23,0.0,0.0,0.0,0.0,69,-89221.172,4.0668714141125295e+29,0.0,0.0,0.0,0.0,0.0,0.0,0.0,0,0,0,0.0,0.0,0.0,0.0,0.0,0.0,0.0,0.0,0.0,0.0,0.0,0.0,0.0,0.0,0.0,0.0,0,-107875648.0,69,0.0,138,0.0,-109447200.0,0,13107,17040,39322,17049,26215,17043,0,0,0,70,68,100,2.7302359370752657e+23,71.2,2.7302370179391762e+23,74.3,2.7302370179391762e+23,74.0,1,49,50,180,26215,0,0,0,0.0,0.0,0.0,0.0,-0.0,67.0,0.0,162057.094,0.0,752,0,740,0,0,0,721,0,768,0,736,0,742,0,742,0,712,0,7520,0.032,107911053312.0,0.0,0.0,784,16797,-0.0,162057.094,-114818.039,-0.0,0.133,6.909358625270745e+28,30.0,65.0,35,0.0,0.0,0.0,0.0,0.0,0.0,0.0,0.0,0.0,0.0,0.0,0.0,0.0,0.0,0.0,0.0,69.2,0,150,71,55,65476,0,300,0,1,8,20529,65476,0,0,40632,65.0,0.0,0.0,0.0,0.0,0.0
2026-09-04T20:01:44,ERR,ERR,ERR,ERR,ERR,ERR,ERR,ERR,ERR,ERR,ERR,ERR,ERR,ERR,ERR,ERR,ERR,ERR,ERR,ERR,ERR,ERR,ERR,ERR,ERR,ERR,ERR,ERR,ERR,ERR,ERR,ERR,ERR,ERR,ERR,ERR,ERR,ERR,ERR,ERR,ERR,ERR,ERR,ERR,ERR,ERR,ERR,ERR,ERR,ERR,ERR,ERR,ERR,ERR,ERR,ERR,ERR,ERR,ERR,ERR,ERR,ERR,ERR,ERR,ERR,ERR,ERR,ERR,ERR,ERR,ERR,ERR,ERR,ERR,ERR,ERR,ERR,ERR,ERR,ERR,ERR,ERR,ERR,ERR,ERR,ERR,ERR,ERR,ERR,ERR,ERR,ERR,ERR,ERR,ERR,ERR,ERR,ERR,ERR,ERR,ERR,ERR,ERR,ERR,ERR,ERR,ERR,ERR,ERR,ERR,ERR,ERR,ERR,ERR,ERR,ERR,ERR,ERR,ERR,ERR,ERR,ERR,ERR,ERR,ERR,2.718430741444032e+23,2.7184312818759872e+23,0.0,0.0,0.0,1.3936040501711995e+18,7.805,0.0,0,0,4,0,7116,0.0,100,0.0,0.0,0.0,0.0,0.0,0,0,0,0,0.0,0,0,0,0,0,0,0,0,0,0,0,0,0,0,0,0,0,0,0,0,0,0,0,0,0,0,0,0,0,0,0,0,0,31,40,40,71,65476,0,300,0,0,8,21553,0.0,-107605600.0,0.0,0.0,0.0,0.0,0.0,0.0,0.0,0.0,0.0,0.0,0.0,0.0,0.0,0.0,0.0,0.0,0.0,0.0,0.0,0.0,0.0,0.0,-2.004,0.0,0.0,0.0,0.0,0.0,6195.0,8608220160.0,6922.0,2.718430741444032e+23,-0.0,-0.0,2.718430741444032e+23,0.0,0.0,0.0,0.0,69,-89221.172,4.0668714141125295e+29,0.0,0.0,0.0,0.0,0.0,0.0,0.0,0,0,0,0.0,0.0,0.0,0.0,0.0,0.0,0.0,0.0,0.0,0.0,0.0,0.0,0.0,0.0,0.0,0.0,0,-107875648.0,69,0.0,138,0.0,-109447200.0,0,13107,17040,39322,17049,26215,17043,0,0,0,70,68,100,2.7302359370752657e+23,71.2,2.7302370179391762e+23,74.3,2.7302370179391762e+23,74.0,1,49,50,180,26215,0,0,0,0.0,0.0,0.0,0.0,-0.0,67.0,0.0,162057.094,0.0,752,0,740,0,0,0,721,0,768,0,736,0,742,0,742,0,712,0,7520,0.032,107911053312.0,0.0,0.0,784,16797,-0.0,162057.094,-114818.039,-0.0,0.133,6.909358625270745e+28,30.0,65.0,35,0.0,0.0,0.0,0.0,0.0,0.0,0.0,0.0,0.0,0.0,0.0,0.0,0.0,0.0,0.0,0.0,69.2,0,150,71,55,65476,0,300,0,1,8,20529,65476,0,0,40632,65.0,0.0,0.0,0.0,0.0,0.0
2026-09-04T20:01:45,ERR,ERR,ERR,ERR,ERR,ERR,ERR,ERR,ERR,ERR,ERR,ERR,ERR,ERR,ERR,ERR,ERR,ERR,ERR,ERR,ERR,ERR,ERR,ERR,ERR,ERR,ERR,ERR,ERR,ERR,ERR,ERR,ERR,ERR,ERR,ERR,ERR,ERR,ERR,ERR,ERR,ERR,ERR,ERR,ERR,ERR,ERR,ERR,ERR,ERR,ERR,ERR,ERR,ERR,ERR,ERR,ERR,ERR,ERR,ERR,ERR,ERR,ERR,ERR,ERR,ERR,ERR,ERR,ERR,ERR,ERR,ERR,ERR,ERR,ERR,ERR,ERR,ERR,ERR,ERR,ERR,ERR,ERR,ERR,ERR,ERR,ERR,ERR,ERR,ERR,ERR,ERR,ERR,ERR,ERR,ERR,ERR,ERR,ERR,ERR,ERR,ERR,ERR,ERR,ERR,ERR,ERR,ERR,ERR,ERR,ERR,ERR,ERR,ERR,ERR,ERR,ERR,ERR,ERR,ERR,ERR,ERR,ERR,ERR,ERR,2.718430741444032e+23,2.7184312818759872e+23,0.0,0.0,0.0,1.3936040501711995e+18,7.805,0.0,0,0,4,0,7116,0.0,100,0.0,0.0,0.0,0.0,0.0,0,0,0,0,0.0,0,0,0,0,0,0,0,0,0,0,0,0,0,0,0,0,0,0,0,0,0,0,0,0,0,0,0,0,0,0,0,0,0,31,40,40,71,65476,0,300,0,0,8,21553,0.0,-107605600.0,0.0,0.0,0.0,0.0,0.0,0.0,0.0,0.0,0.0,0.0,0.0,0.0,0.0,0.0,0.0,0.0,0.0,0.0,0.0,0.0,0.0,0.0,-2.004,0.0,0.0,0.0,0.0,0.0,6195.0,8608220160.0,6922.0,2.718430741444032e+23,-0.0,-0.0,2.718430741444032e+23,0.0,0.0,0.0,0.0,69,-89221.172,4.0668714141125295e+29,0.0,0.0,0.0,0.0,0.0,0.0,0.0,0,0,0,0.0,0.0,0.0,0.0,0.0,0.0,0.0,0.0,0.0,0.0,0.0,0.0,0.0,0.0,0.0,0.0,0,-107875648.0,69,0.0,138,0.0,-109447200.0,0,13107,17040,39322,17049,26215,17043,0,0,0,70,68,100,2.7302359370752657e+23,71.2,2.7302370179391762e+23,74.3,2.7302370179391762e+23,74.0,1,49,50,180,26215,0,0,0,0.0,0.0,0.0,0.0,-0.0,67.0,0.0,162057.094,0.0,752,0,740,0,0,0,721,0,768,0,736,0,742,0,742,0,712,0,7520,0.032,107911053312.0,0.0,0.0,784,16797,-0.0,162057.094,-114818.039,-0.0,0.133,6.909358625270745e+28,30.0,65.0,35,0.0,0.0,0.0,0.0,0.0,0.0,0.0,0.0,0.0,0.0,0.0,0.0,0.0,0.0,0.0,0.0,69.2,0,150,71,55,65476,0,300,0,1,8,20529,65476,0,0,40632,65.0,0.0,0.0,0.0,0.0,0.0
2026-09-04T20:01:46,ERR,ERR,ERR,ERR,ERR,ERR,ERR,ERR,ERR,ERR,ERR,ERR,ERR,ERR,ERR,ERR,ERR,ERR,ERR,ERR,ERR,ERR,ERR,ERR,ERR,ERR,ERR,ERR,ERR,ERR,ERR,ERR,ERR,ERR,ERR,ERR,ERR,ERR,ERR,ERR,ERR,ERR,ERR,ERR,ERR,ERR,ERR,ERR,ERR,ERR,ERR,ERR,ERR,ERR,ERR,ERR,ERR,ERR,ERR,ERR,ERR,ERR,ERR,ERR,ERR,ERR,ERR,ERR,ERR,ERR,ERR,ERR,ERR,ERR,ERR,ERR,ERR,ERR,ERR,ERR,ERR,ERR,ERR,ERR,ERR,ERR,ERR,ERR,ERR,ERR,ERR,ERR,ERR,ERR,ERR,ERR,ERR,ERR,ERR,ERR,ERR,ERR,ERR,ERR,ERR,ERR,ERR,ERR,ERR,ERR,ERR,ERR,ERR,ERR,ERR,ERR,ERR,ERR,ERR,ERR,ERR,ERR,ERR,ERR,ERR,2.718430741444032e+23,2.7184312818759872e+23,0.0,0.0,0.0,1.3936040501711995e+18,7.805,0.0,0,0,4,0,7116,0.0,100,0.0,0.0,0.0,0.0,0.0,0,0,0,0,0.0,0,0,0,0,0,0,0,0,0,0,0,0,0,0,0,0,0,0,0,0,0,0,0,0,0,0,0,0,0,0,0,0,0,31,40,40,71,65476,0,300,0,0,8,21553,0.0,-107605600.0,0.0,0.0,0.0,0.0,0.0,0.0,0.0,0.0,0.0,0.0,0.0,0.0,0.0,0.0,0.0,0.0,0.0,0.0,0.0,0.0,0.0,0.0,-2.004,0.0,0.0,0.0,0.0,0.0,6195.0,8608220160.0,6922.0,2.718430741444032e+23,-0.0,-0.0,2.718430741444032e+23,0.0,0.0,0.0,0.0,69,-89221.172,4.0668714141125295e+29,0.0,0.0,0.0,0.0,0.0,0.0,0.0,0,0,0,0.0,0.0,0.0,0.0,0.0,0.0,0.0,0.0,0.0,0.0,0.0,0.0,0.0,0.0,0.0,0.0,0,-107875648.0,69,0.0,138,0.0,-109447200.0,0,13107,17040,39322,17049,26215,17043,0,0,0,70,68,100,2.7302359370752657e+23,71.2,2.7302370179391762e+23,74.3,-0.0,74.0,1,49,50,180,26215,0,0,0,0.0,0.0,0.0,0.0,-0.0,67.0,0.0,162057.094,0.0,751,0,740,0,0,0,721,0,768,0,736,0,743,0,742,0,712,0,7520,0.032,108447924224.0,0.0,0.0,784,16797,-0.0,162057.094,-114818.039,-0.0,0.133,6.909358625270745e+28,30.0,65.0,35,0.0,0.0,0.0,0.0,0.0,0.0,0.0,0.0,0.0,0.0,0.0,0.0,0.0,0.0,0.0,0.0,69.2,0,150,71,55,65476,0,300,0,1,8,20529,65476,0,0,40632,65.0,0.0,0.0,0.0,0.0,0.0
2026-09-04T20:01:47,ERR,ERR,ERR,ERR,ERR,ERR,ERR,ERR,ERR,ERR,ERR,ERR,ERR,ERR,ERR,ERR,ERR,ERR,ERR,ERR,ERR,ERR,ERR,ERR,ERR,ERR,ERR,ERR,ERR,ERR,ERR,ERR,ERR,ERR,ERR,ERR,ERR,ERR,ERR,ERR,ERR,ERR,ERR,ERR,ERR,ERR,ERR,ERR,ERR,ERR,ERR,ERR,ERR,ERR,ERR,ERR,ERR,ERR,ERR,ERR,ERR,ERR,ERR,ERR,ERR,ERR,ERR,ERR,ERR,ERR,ERR,ERR,ERR,ERR,ERR,ERR,ERR,ERR,ERR,ERR,ERR,ERR,ERR,ERR,ERR,ERR,ERR,ERR,ERR,ERR,ERR,ERR,ERR,ERR,ERR,ERR,ERR,ERR,ERR,ERR,ERR,ERR,ERR,ERR,ERR,ERR,ERR,ERR,ERR,ERR,ERR,ERR,ERR,ERR,ERR,ERR,ERR,ERR,ERR,ERR,ERR,ERR,ERR,ERR,ERR,2.718430741444032e+23,2.7184312818759872e+23,0.0,0.0,0.0,1.3936040501711995e+18,7.805,0.0,0,0,4,0,7116,0.0,100,0.0,0.0,0.0,0.0,0.0,0,0,0,0,0.0,0,0,0,0,0,0,0,0,0,0,0,0,0,0,0,0,0,0,0,0,0,0,0,0,0,0,0,0,0,0,0,0,0,31,40,40,71,65476,0,300,0,0,8,21553,0.0,-107605600.0,0.0,0.0,0.0,0.0,0.0,0.0,0.0,0.0,0.0,0.0,0.0,0.0,0.0,0.0,0.0,0.0,0.0,0.0,0.0,0.0,0.0,0.0,-2.004,0.0,0.0,0.0,0.0,0.0,6195.0,8608220160.0,6922.0,2.718430741444032e+23,-0.0,-0.0,2.718430741444032e+23,0.0,0.0,0.0,0.0,69,-89221.172,4.0668714141125295e+29,0.0,0.0,0.0,0.0,0.0,0.0,0.0,0,0,0,0.0,0.0,0.0,0.0,0.0,0.0,0.0,0.0,0.0,0.0,0.0,0.0,0.0,0.0,0.0,0.0,0,-107875648.0,69,0.0,138,0.0,-109447200.0,0,13107,17040,39322,17049,26215,17043,0,0,0,70,68,100,2.7302359370752657e+23,71.2,2.7302370179391762e+23,74.3,-0.0,74.0,1,49,50,180,26215,0,0,0,0.0,0.0,0.0,0.0,-0.0,67.0,0.0,162057.094,0.0,751,0,740,0,0,0,721,0,768,0,736,0,743,0,742,0,712,0,7520,0.032,108447924224.0,0.0,0.0,784,16797,-0.0,162057.094,-114818.039,-0.0,0.133,6.909358625270745e+28,30.0,65.0,35,0.0,0.0,0.0,0.0,0.0,0.0,0.0,0.0,0.0,0.0,0.0,0.0,0.0,0.0,0.0,0.0,69.2,0,150,71,55,65476,0,300,0,1,8,20529,65476,0,0,40632,65.0,0.0,0.0,0.0,0.0,0.0
2026-09-04T20:01:48,ERR,ERR,ERR,ERR,ERR,ERR,ERR,ERR,ERR,ERR,ERR,ERR,ERR,ERR,ERR,ERR,ERR,ERR,ERR,ERR,ERR,ERR,ERR,ERR,ERR,ERR,ERR,ERR,ERR,ERR,ERR,ERR,ERR,ERR,ERR,ERR,ERR,ERR,ERR,ERR,ERR,ERR,ERR,ERR,ERR,ERR,ERR,ERR,ERR,ERR,ERR,ERR,ERR,ERR,ERR,ERR,ERR,ERR,ERR,ERR,ERR,ERR,ERR,ERR,ERR,ERR,ERR,ERR,ERR,ERR,ERR,ERR,ERR,ERR,ERR,ERR,ERR,ERR,ERR,ERR,ERR,ERR,ERR,ERR,ERR,ERR,ERR,ERR,ERR,ERR,ERR,ERR,ERR,ERR,ERR,ERR,ERR,ERR,ERR,ERR,ERR,ERR,ERR,ERR,ERR,ERR,ERR,ERR,ERR,ERR,ERR,ERR,ERR,ERR,ERR,ERR,ERR,ERR,ERR,ERR,ERR,ERR,ERR,ERR,ERR,2.718430741444032e+23,2.7184312818759872e+23,0.0,0.0,0.0,1.3936040501711995e+18,7.805,0.0,0,0,4,0,7116,0.0,100,0.0,0.0,0.0,0.0,0.0,0,0,0,0,0.0,0,0,0,0,0,0,0,0,0,0,0,0,0,0,0,0,0,0,0,0,0,0,0,0,0,0,0,0,0,0,0,0,0,31,40,40,71,65476,0,300,0,0,8,21553,0.0,-107605600.0,0.0,0.0,0.0,0.0,0.0,0.0,0.0,0.0,0.0,0.0,0.0,0.0,0.0,0.0,0.0,0.0,0.0,0.0,0.0,0.0,0.0,0.0,-2.004,0.0,0.0,0.0,0.0,0.0,6195.0,8608220160.0,6922.0,2.718430741444032e+23,-0.0,-0.0,2.718430741444032e+23,0.0,0.0,0.0,0.0,69,-89221.172,4.0668714141125295e+29,0.0,0.0,0.0,0.0,0.0,0.0,0.0,0,0,0,0.0,0.0,0.0,0.0,0.0,0.0,0.0,0.0,0.0,0.0,0.0,0.0,0.0,0.0,0.0,0.0,0,-107875648.0,69,0.0,138,0.0,-109447200.0,0,13107,17040,39322,17049,26215,17043,0,0,0,70,68,100,2.7302359370752657e+23,71.2,2.7302370179391762e+23,74.3,-0.0,74.0,1,49,50,180,26215,0,0,0,0.0,0.0,0.0,0.0,-0.0,67.0,0.0,162057.094,0.0,751,0,740,0,0,0,721,0,768,0,736,0,743,0,742,0,712,0,7520,0.032,108447924224.0,0.0,0.0,784,16797,-0.0,162057.094,-114818.039,-0.0,0.133,6.909358625270745e+28,30.0,65.0,35,0.0,0.0,0.0,0.0,0.0,0.0,0.0,0.0,0.0,0.0,0.0,0.0,0.0,0.0,0.0,0.0,69.2,0,150,71,55,65476,0,300,0,1,8,20529,65476,0,0,40632,65.0,0.0,0.0,0.0,0.0,0.0
2026-09-04T20:01:49,ERR,ERR,ERR,ERR,ERR,ERR,ERR,ERR,ERR,ERR,ERR,ERR,ERR,ERR,ERR,ERR,ERR,ERR,ERR,ERR,ERR,ERR,ERR,ERR,ERR,ERR,ERR,ERR,ERR,ERR,ERR,ERR,ERR,ERR,ERR,ERR,ERR,ERR,ERR,ERR,ERR,ERR,ERR,ERR,ERR,ERR,ERR,ERR,ERR,ERR,ERR,ERR,ERR,ERR,ERR,ERR,ERR,ERR,ERR,ERR,ERR,ERR,ERR,ERR,ERR,ERR,ERR,ERR,ERR,ERR,ERR,ERR,ERR,ERR,ERR,ERR,ERR,ERR,ERR,ERR,ERR,ERR,ERR,ERR,ERR,ERR,ERR,ERR,ERR,ERR,ERR,ERR,ERR,ERR,ERR,ERR,ERR,ERR,ERR,ERR,ERR,ERR,ERR,ERR,ERR,ERR,ERR,ERR,ERR,ERR,ERR,ERR,ERR,ERR,ERR,ERR,ERR,ERR,ERR,ERR,ERR,ERR,ERR,ERR,ERR,2.718430741444032e+23,2.7184312818759872e+23,0.0,0.0,0.0,1.3936040501711995e+18,7.805,0.0,0,0,4,0,7116,0.0,100,0.0,0.0,0.0,0.0,0.0,0,0,0,0,0.0,0,0,0,0,0,0,0,0,0,0,0,0,0,0,0,0,0,0,0,0,0,0,0,0,0,0,0,0,0,0,0,0,0,31,40,40,71,65476,0,300,0,0,8,21553,0.0,-107605600.0,0.0,0.0,0.0,0.0,0.0,0.0,0.0,0.0,0.0,0.0,0.0,0.0,0.0,0.0,0.0,0.0,0.0,0.0,0.0,0.0,0.0,0.0,-2.004,0.0,0.0,0.0,0.0,0.0,6195.0,8608220160.0,6922.0,2.718430741444032e+23,-0.0,-0.0,2.718430741444032e+23,0.0,0.0,0.0,0.0,69,-89221.172,4.0668714141125295e+29,0.0,0.0,0.0,0.0,0.0,0.0,0.0,0,0,0,0.0,0.0,0.0,0.0,0.0,0.0,0.0,0.0,0.0,0.0,0.0,0.0,0.0,0.0,0.0,0.0,0,-107875648.0,69,0.0,138,0.0,-109447200.0,0,13107,17040,39322,17049,26215,17043,0,0,0,70,68,100,2.7302359370752657e+23,71.2,2.7302370179391762e+23,74.3,-0.0,74.0,1,49,50,180,26215,0,0,0,0.0,0.0,0.0,0.0,-0.0,67.0,0.0,162057.094,0.0,751,0,740,0,0,0,721,0,768,0,736,0,743,0,742,0,712,0,7520,0.032,108447924224.0,0.0,0.0,784,16797,-0.0,162057.094,-114818.039,-0.0,0.133,6.909358625270745e+28,30.0,65.0,35,0.0,0.0,0.0,0.0,0.0,0.0,0.0,0.0,0.0,0.0,0.0,0.0,0.0,0.0,0.0,0.0,69.2,0,150,71,55,65476,0,300,0,1,8,20529,65476,0,0,40632,65.0,0.0,0.0,0.0,0.0,0.0
2026-09-04T20:01:50,ERR,ERR,ERR,ERR,ERR,ERR,ERR,ERR,ERR,ERR,ERR,ERR,ERR,ERR,ERR,ERR,ERR,ERR,ERR,ERR,ERR,ERR,ERR,ERR,ERR,ERR,ERR,ERR,ERR,ERR,ERR,ERR,ERR,ERR,ERR,ERR,ERR,ERR,ERR,ERR,ERR,ERR,ERR,ERR,ERR,ERR,ERR,ERR,ERR,ERR,ERR,ERR,ERR,ERR,ERR,ERR,ERR,ERR,ERR,ERR,ERR,ERR,ERR,ERR,ERR,ERR,ERR,ERR,ERR,ERR,ERR,ERR,ERR,ERR,ERR,ERR,ERR,ERR,ERR,ERR,ERR,ERR,ERR,ERR,ERR,ERR,ERR,ERR,ERR,ERR,ERR,ERR,ERR,ERR,ERR,ERR,ERR,ERR,ERR,ERR,ERR,ERR,ERR,ERR,ERR,ERR,ERR,ERR,ERR,ERR,ERR,ERR,ERR,ERR,ERR,ERR,ERR,ERR,ERR,ERR,ERR,ERR,ERR,ERR,ERR,2.718430741444032e+23,-0.0,-134479040.0,0.0,0.0,1.3936040501711995e+18,7.805,0.0,0,0,4,0,7116,0.0,100,0.0,0.0,0.0,0.0,0.0,0,0,0,0,0.0,0,0,0,0,0,0,0,0,0,0,0,0,0,0,0,0,0,0,0,0,0,0,0,0,0,0,0,0,0,0,0,0,0,31,40,40,71,65476,0,300,0,0,8,21553,0.0,-107605600.0,0.0,0.0,0.0,0.0,0.0,0.0,0.0,0.0,0.0,0.0,0.0,0.0,0.0,0.0,0.0,0.0,0.0,0.0,0.0,0.0,0.0,0.0,-2.004,0.0,0.0,0.0,0.0,0.0,6197.0,2.4229985690561995e+24,6925.0,2.718430741444032e+23,-0.0,-0.0,2.718430741444032e+23,0.0,0.0,0.0,0.0,69,-0.059,-0.0,0.0,0.0,0.0,0.0,0.0,0.0,0.0,0,0,0,0.0,0.0,0.0,0.0,0.0,0.0,0.0,0.0,0.0,0.0,0.0,0.0,0.0,0.0,0.0,0.0,0,-107875648.0,69,0.0,138,0.0,-109447200.0,0,13107,17040,39322,17049,26215,17043,0,0,0,70,68,100,2.7302359370752657e+23,71.2,2.7302370179391762e+23,74.3,-0.0,74.0,1,49,50,180,26215,0,0,0,0.0,0.0,0.0,0.0,-0.0,67.0,0.0,162057.094,0.0,751,0,740,0,0,0,721,0,768,0,736,0,743,0,742,0,712,0,7520,0.032,108447924224.0,0.0,0.0,784,16797,-0.0,162057.094,-114818.039,-0.0,0.133,6.909358625270745e+28,30.0,65.0,35,0.0,0.0,0.0,0.0,0.0,0.0,0.0,0.0,0.0,0.0,0.0,0.0,0.0,0.0,0.0,0.0,69.2,0,150,71,55,65476,0,300,0,1,8,20529,65476,0,0,40632,65.0,0.0,0.0,0.0,0.0,0.0
2026-09-04T20:01:51,ERR,ERR,ERR,ERR,ERR,ERR,ERR,ERR,ERR,ERR,ERR,ERR,ERR,ERR,ERR,ERR,ERR,ERR,ERR,ERR,ERR,ERR,ERR,ERR,ERR,ERR,ERR,ERR,ERR,ERR,ERR,ERR,ERR,ERR,ERR,ERR,ERR,ERR,ERR,ERR,ERR,ERR,ERR,ERR,ERR,ERR,ERR,ERR,ERR,ERR,ERR,ERR,ERR,ERR,ERR,ERR,ERR,ERR,ERR,ERR,ERR,ERR,ERR,ERR,ERR,ERR,ERR,ERR,ERR,ERR,ERR,ERR,ERR,ERR,ERR,ERR,ERR,ERR,ERR,ERR,ERR,ERR,ERR,ERR,ERR,ERR,ERR,ERR,ERR,ERR,ERR,ERR,ERR,ERR,ERR,ERR,ERR,ERR,ERR,ERR,ERR,ERR,ERR,ERR,ERR,ERR,ERR,ERR,ERR,ERR,ERR,ERR,ERR,ERR,ERR,ERR,ERR,ERR,ERR,ERR,ERR,ERR,ERR,ERR,ERR,2.718430741444032e+23,-0.0,-134479040.0,0.0,0.0,1.3936040501711995e+18,7.805,0.0,0,0,4,0,7116,0.0,100,0.0,0.0,0.0,0.0,0.0,0,0,0,0,0.0,0,0,0,0,0,0,0,0,0,0,0,0,0,0,0,0,0,0,0,0,0,0,0,0,0,0,0,0,0,0,0,0,0,31,40,40,71,65476,0,300,0,0,8,21553,0.0,-107605600.0,0.0,0.0,0.0,0.0,0.0,0.0,0.0,0.0,0.0,0.0,0.0,0.0,0.0,0.0,0.0,0.0,0.0,0.0,0.0,0.0,0.0,0.0,-2.004,0.0,0.0,0.0,0.0,0.0,6197.0,2.4229985690561995e+24,6925.0,2.718430741444032e+23,-0.0,-0.0,2.718430741444032e+23,0.0,0.0,0.0,0.0,69,-0.059,-0.0,0.0,0.0,0.0,0.0,0.0,0.0,0.0,0,0,0,0.0,0.0,0.0,0.0,0.0,0.0,0.0,0.0,0.0,0.0,0.0,0.0,0.0,0.0,0.0,0.0,0,-107875648.0,69,0.0,138,0.0,-109447200.0,0,13107,17040,39322,17049,26215,17043,0,0,0,70,68,100,2.7302359370752657e+23,71.2,2.7302370179391762e+23,74.3,2.7302370179391762e+23,74.0,1,49,50,180,13107,0,0,0,0.0,0.0,0.0,0.0,-0.0,67.0,0.0,162057.094,0.0,751,0,740,0,0,0,721,0,768,0,737,0,743,0,742,0,712,0,7520,0.032,108447924224.0,0.0,0.0,784,16797,-0.0,162057.094,-114818.039,-0.0,0.133,6.909358625270745e+28,30.0,65.0,35,0.0,0.0,0.0,0.0,0.0,0.0,0.0,0.0,0.0,0.0,0.0,0.0,0.0,0.0,0.0,0.0,69.2,0,150,71,55,65476,0,300,0,1,8,20529,65476,0,0,40632,65.0,0.0,0.0,0.0,0.0,0.0
2026-09-04T20:01:52,ERR,ERR,ERR,ERR,ERR,ERR,ERR,ERR,ERR,ERR,ERR,ERR,ERR,ERR,ERR,ERR,ERR,ERR,ERR,ERR,ERR,ERR,ERR,ERR,ERR,ERR,ERR,ERR,ERR,ERR,ERR,ERR,ERR,ERR,ERR,ERR,ERR,ERR,ERR,ERR,ERR,ERR,ERR,ERR,ERR,ERR,ERR,ERR,ERR,ERR,ERR,ERR,ERR,ERR,ERR,ERR,ERR,ERR,ERR,ERR,ERR,ERR,ERR,ERR,ERR,ERR,ERR,ERR,ERR,ERR,ERR,ERR,ERR,ERR,ERR,ERR,ERR,ERR,ERR,ERR,ERR,ERR,ERR,ERR,ERR,ERR,ERR,ERR,ERR,ERR,ERR,ERR,ERR,ERR,ERR,ERR,ERR,ERR,ERR,ERR,ERR,ERR,ERR,ERR,ERR,ERR,ERR,ERR,ERR,ERR,ERR,ERR,ERR,ERR,ERR,ERR,ERR,ERR,ERR,ERR,ERR,ERR,ERR,ERR,ERR,2.718430741444032e+23,-0.0,-134479040.0,0.0,0.0,1.3936040501711995e+18,7.805,0.0,0,0,4,0,7116,0.0,100,0.0,0.0,0.0,0.0,0.0,0,0,0,0,0.0,0,0,0,0,0,0,0,0,0,0,0,0,0,0,0,0,0,0,0,0,0,0,0,0,0,0,0,0,0,0,0,0,0,31,40,40,71,65476,0,300,0,0,8,21553,0.0,-107605600.0,0.0,0.0,0.0,0.0,0.0,0.0,0.0,0.0,0.0,0.0,0.0,0.0,0.0,0.0,0.0,0.0,0.0,0.0,0.0,0.0,0.0,0.0,-2.004,0.0,0.0,0.0,0.0,0.0,6197.0,2.4229985690561995e+24,6925.0,2.718430741444032e+23,-0.0,-0.0,2.718430741444032e+23,0.0,0.0,0.0,0.0,69,-0.059,-0.0,0.0,0.0,0.0,0.0,0.0,0.0,0.0,0,0,0,0.0,0.0,0.0,0.0,0.0,0.0,0.0,0.0,0.0,0.0,0.0,0.0,0.0,0.0,0.0,0.0,0,-107875648.0,69,0.0,138,0.0,-109447200.0,0,13107,17040,39322,17049,26215,17043,0,0,0,70,68,100,2.7302359370752657e+23,71.2,2.7302370179391762e+23,74.3,2.7302370179391762e+23,74.0,1,49,50,180,13107,0,0,0,0.0,0.0,0.0,0.0,-0.0,67.0,0.0,162057.094,0.0,751,0,740,0,0,0,721,0,768,0,737,0,743,0,742,0,712,0,7520,0.032,108447924224.0,0.0,0.0,784,16797,-0.0,162057.094,-114818.039,-0.0,0.133,6.909358625270745e+28,30.0,65.0,35,0.0,0.0,0.0,0.0,0.0,0.0,0.0,0.0,0.0,0.0,0.0,0.0,0.0,0.0,0.0,0.0,69.2,0,150,71,55,65476,0,300,0,1,8,20529,65476,0,0,40632,65.0,0.0,0.0,0.0,0.0,0.0
2026-09-04T20:01:53,ERR,ERR,ERR,ERR,ERR,ERR,ERR,ERR,ERR,ERR,ERR,ERR,ERR,ERR,ERR,ERR,ERR,ERR,ERR,ERR,ERR,ERR,ERR,ERR,ERR,ERR,ERR,ERR,ERR,ERR,ERR,ERR,ERR,ERR,ERR,ERR,ERR,ERR,ERR,ERR,ERR,ERR,ERR,ERR,ERR,ERR,ERR,ERR,ERR,ERR,ERR,ERR,ERR,ERR,ERR,ERR,ERR,ERR,ERR,ERR,ERR,ERR,ERR,ERR,ERR,ERR,ERR,ERR,ERR,ERR,ERR,ERR,ERR,ERR,ERR,ERR,ERR,ERR,ERR,ERR,ERR,ERR,ERR,ERR,ERR,ERR,ERR,ERR,ERR,ERR,ERR,ERR,ERR,ERR,ERR,ERR,ERR,ERR,ERR,ERR,ERR,ERR,ERR,ERR,ERR,ERR,ERR,ERR,ERR,ERR,ERR,ERR,ERR,ERR,ERR,ERR,ERR,ERR,ERR,ERR,ERR,ERR,ERR,ERR,ERR,2.718430741444032e+23,-0.0,-134479040.0,0.0,0.0,1.3936040501711995e+18,7.805,0.0,0,0,4,0,7116,0.0,100,0.0,0.0,0.0,0.0,0.0,0,0,0,0,0.0,0,0,0,0,0,0,0,0,0,0,0,0,0,0,0,0,0,0,0,0,0,0,0,0,0,0,0,0,0,0,0,0,0,31,40,40,71,65476,0,300,0,0,8,21553,0.0,-107605600.0,0.0,0.0,0.0,0.0,0.0,0.0,0.0,0.0,0.0,0.0,0.0,0.0,0.0,0.0,0.0,0.0,0.0,0.0,0.0,0.0,0.0,0.0,-2.004,0.0,0.0,0.0,0.0,0.0,6197.0,2.4229985690561995e+24,6925.0,2.718430741444032e+23,-0.0,-0.0,2.718430741444032e+23,0.0,0.0,0.0,0.0,69,-0.059,-0.0,0.0,0.0,0.0,0.0,0.0,0.0,0.0,0,0,0,0.0,0.0,0.0,0.0,0.0,0.0,0.0,0.0,0.0,0.0,0.0,0.0,0.0,0.0,0.0,0.0,0,-107875648.0,69,0.0,138,0.0,-109447200.0,0,13107,17040,39322,17049,26215,17043,0,0,0,70,68,100,2.7302359370752657e+23,71.2,2.7302370179391762e+23,74.3,2.7302370179391762e+23,74.0,1,49,50,180,13107,0,0,0,0.0,0.0,0.0,0.0,-0.0,67.0,0.0,162057.094,0.0,751,0,740,0,0,0,721,0,768,0,737,0,743,0,742,0,712,0,7520,0.032,108447924224.0,0.0,0.0,784,16797,-0.0,162057.094,-114818.039,-0.0,0.133,6.909358625270745e+28,30.0,65.0,35,0.0,0.0,0.0,0.0,0.0,0.0,0.0,0.0,0.0,0.0,0.0,0.0,0.0,0.0,0.0,0.0,69.2,0,150,71,55,65476,0,300,0,1,8,20529,65476,0,0,40632,65.0,0.0,0.0,0.0,0.0,0.0
2026-09-04T20:01:54,ERR,ERR,ERR,ERR,ERR,ERR,ERR,ERR,ERR,ERR,ERR,ERR,ERR,ERR,ERR,ERR,ERR,ERR,ERR,ERR,ERR,ERR,ERR,ERR,ERR,ERR,ERR,ERR,ERR,ERR,ERR,ERR,ERR,ERR,ERR,ERR,ERR,ERR,ERR,ERR,ERR,ERR,ERR,ERR,ERR,ERR,ERR,ERR,ERR,ERR,ERR,ERR,ERR,ERR,ERR,ERR,ERR,ERR,ERR,ERR,ERR,ERR,ERR,ERR,ERR,ERR,ERR,ERR,ERR,ERR,ERR,ERR,ERR,ERR,ERR,ERR,ERR,ERR,ERR,ERR,ERR,ERR,ERR,ERR,ERR,ERR,ERR,ERR,ERR,ERR,ERR,ERR,ERR,ERR,ERR,ERR,ERR,ERR,ERR,ERR,ERR,ERR,ERR,ERR,ERR,ERR,ERR,ERR,ERR,ERR,ERR,ERR,ERR,ERR,ERR,ERR,ERR,ERR,ERR,ERR,ERR,ERR,ERR,ERR,ERR,2.718430741444032e+23,-0.0,-134479040.0,0.0,0.0,1.3936040501711995e+18,7.805,0.0,0,0,4,0,7116,0.0,100,0.0,0.0,0.0,0.0,0.0,0,0,0,0,0.0,0,0,0,0,0,0,0,0,0,0,0,0,0,0,0,0,0,0,0,0,0,0,0,0,0,0,0,0,0,0,0,0,0,31,40,40,71,65476,0,300,0,0,8,21553,0.0,-107605600.0,0.0,0.0,0.0,0.0,0.0,0.0,0.0,0.0,0.0,0.0,0.0,0.0,0.0,0.0,0.0,0.0,0.0,0.0,0.0,0.0,0.0,0.0,-2.004,0.0,0.0,0.0,0.0,0.0,6197.0,2.4229985690561995e+24,6925.0,2.718430741444032e+23,-0.0,-0.0,2.718430741444032e+23,0.0,0.0,0.0,0.0,69,-0.059,-0.0,0.0,0.0,0.0,0.0,0.0,0.0,0.0,0,0,0,0.0,0.0,0.0,0.0,0.0,0.0,0.0,0.0,0.0,0.0,0.0,0.0,0.0,0.0,0.0,0.0,0,-107875648.0,69,0.0,138,0.0,-109447200.0,0,13107,17040,39322,17049,26215,17043,0,0,0,70,68,100,2.7302359370752657e+23,71.2,2.7302370179391762e+23,74.3,2.7302370179391762e+23,74.0,1,49,50,180,13107,0,0,0,0.0,0.0,0.0,0.0,-0.0,67.0,0.0,162057.094,0.0,751,0,740,0,0,0,721,0,768,0,737,0,743,0,742,0,712,0,7520,0.032,108447924224.0,0.0,0.0,784,16797,-0.0,162057.094,-114818.039,-0.0,0.133,6.909358625270745e+28,30.0,65.0,35,0.0,0.0,0.0,0.0,0.0,0.0,0.0,0.0,0.0,0.0,0.0,0.0,0.0,0.0,0.0,0.0,69.2,0,150,71,55,65476,0,300,0,1,8,20529,65476,0,0,40632,65.0,0.0,0.0,0.0,0.0,0.0
2026-09-04T20:01:55,ERR,ERR,ERR,ERR,ERR,ERR,ERR,ERR,ERR,ERR,ERR,ERR,ERR,ERR,ERR,ERR,ERR,ERR,ERR,ERR,ERR,ERR,ERR,ERR,ERR,ERR,ERR,ERR,ERR,ERR,ERR,ERR,ERR,ERR,ERR,ERR,ERR,ERR,ERR,ERR,ERR,ERR,ERR,ERR,ERR,ERR,ERR,ERR,ERR,ERR,ERR,ERR,ERR,ERR,ERR,ERR,ERR,ERR,ERR,ERR,ERR,ERR,ERR,ERR,ERR,ERR,ERR,ERR,ERR,ERR,ERR,ERR,ERR,ERR,ERR,ERR,ERR,ERR,ERR,ERR,ERR,ERR,ERR,ERR,ERR,ERR,ERR,ERR,ERR,ERR,ERR,ERR,ERR,ERR,ERR,ERR,ERR,ERR,ERR,ERR,ERR,ERR,ERR,ERR,ERR,ERR,ERR,ERR,ERR,ERR,ERR,ERR,ERR,ERR,ERR,ERR,ERR,ERR,ERR,ERR,ERR,ERR,ERR,ERR,ERR,2.718430741444032e+23,-0.0,-134479040.0,0.0,0.0,1.3936040501711995e+18,7.805,0.0,0,0,4,0,7116,0.0,100,0.0,0.0,0.0,0.0,0.0,0,0,0,0,0.0,0,0,0,0,0,0,0,0,0,0,0,0,0,0,0,0,0,0,0,0,0,0,0,0,0,0,0,0,0,0,0,0,0,31,40,40,71,65476,0,300,0,0,8,21553,0.0,-107605600.0,0.0,0.0,0.0,0.0,0.0,0.0,0.0,0.0,0.0,0.0,0.0,0.0,0.0,0.0,0.0,0.0,0.0,0.0,0.0,0.0,0.0,0.0,-2.004,0.0,0.0,0.0,0.0,0.0,6197.0,2.4229985690561995e+24,6925.0,2.718430741444032e+23,-0.0,-0.0,2.718430741444032e+23,0.0,0.0,0.0,0.0,69,-0.059,-0.0,0.0,0.0,0.0,0.0,0.0,0.0,0.0,0,0,0,0.0,0.0,0.0,0.0,0.0,0.0,0.0,0.0,0.0,0.0,0.0,0.0,0.0,0.0,0.0,0.0,0,-107875648.0,69,0.0,138,0.0,-109447200.0,0,13107,17040,39322,17049,26215,17043,0,0,0,70,68,100,2.7302359370752657e+23,71.2,2.7302370179391762e+23,74.3,2.7302370179391762e+23,74.0,1,49,50,180,13107,0,0,0,0.0,0.0,0.0,0.0,-0.0,67.0,0.0,162057.094,0.0,751,0,740,0,0,0,721,0,768,0,737,0,743,0,742,0,712,0,7520,0.032,108447924224.0,0.0,0.0,784,16797,-0.0,162057.094,-114818.039,-0.0,0.133,6.909358625270745e+28,30.0,65.0,35,0.0,0.0,0.0,0.0,0.0,0.0,0.0,0.0,0.0,0.0,0.0,0.0,0.0,0.0,0.0,0.0,69.2,0,150,71,55,65476,0,300,0,1,8,20529,65476,0,0,40632,65.0,0.0,0.0,0.0,0.0,0.0
2026-09-04T20:01:56,ERR,ERR,ERR,ERR,ERR,ERR,ERR,ERR,ERR,ERR,ERR,ERR,ERR,ERR,ERR,ERR,ERR,ERR,ERR,ERR,ERR,ERR,ERR,ERR,ERR,ERR,ERR,ERR,ERR,ERR,ERR,ERR,ERR,ERR,ERR,ERR,ERR,ERR,ERR,ERR,ERR,ERR,ERR,ERR,ERR,ERR,ERR,ERR,ERR,ERR,ERR,ERR,ERR,ERR,ERR,ERR,ERR,ERR,ERR,ERR,ERR,ERR,ERR,ERR,ERR,ERR,ERR,ERR,ERR,ERR,ERR,ERR,ERR,ERR,ERR,ERR,ERR,ERR,ERR,ERR,ERR,ERR,ERR,ERR,ERR,ERR,ERR,ERR,ERR,ERR,ERR,ERR,ERR,ERR,ERR,ERR,ERR,ERR,ERR,ERR,ERR,ERR,ERR,ERR,ERR,ERR,ERR,ERR,ERR,ERR,ERR,ERR,ERR,ERR,ERR,ERR,ERR,ERR,ERR,ERR,ERR,ERR,ERR,ERR,ERR,2.718430741444032e+23,-0.0,-134479040.0,0.0,0.0,1.3936040501711995e+18,7.805,0.0,0,0,4,0,7116,0.0,100,0.0,0.0,0.0,0.0,0.0,0,0,0,0,0.0,0,0,0,0,0,0,0,0,0,0,0,0,0,0,0,0,0,0,0,0,0,0,0,0,0,0,0,0,0,0,0,0,0,31,40,40,71,65476,0,300,0,0,8,21553,0.0,-107605600.0,0.0,0.0,0.0,0.0,0.0,0.0,0.0,0.0,0.0,0.0,0.0,0.0,0.0,0.0,0.0,0.0,0.0,0.0,0.0,0.0,0.0,0.0,-2.004,0.0,0.0,0.0,0.0,0.0,6197.0,2.4229985690561995e+24,6925.0,2.718430741444032e+23,-0.0,-0.0,2.718430741444032e+23,0.0,0.0,0.0,0.0,69,-0.059,-0.0,0.0,0.0,0.0,0.0,0.0,0.0,0.0,0,0,0,0.0,0.0,0.0,0.0,0.0,0.0,0.0,0.0,0.0,0.0,0.0,0.0,0.0,0.0,0.0,0.0,0,-107875648.0,69,0.0,138,0.0,-109447200.0,0,13107,17040,39322,17049,26215,17043,0,0,0,70,68,100,2.7302359370752657e+23,71.2,2.7302370179391762e+23,74.3,2.7302370179391762e+23,74.0,1,49,50,180,13107,0,0,0,0.0,0.0,0.0,0.0,-0.0,67.0,0.0,162057.094,0.0,751,0,740,0,0,0,721,0,768,0,737,0,743,0,742,0,712,0,7520,0.032,108447924224.0,0.0,0.0,784,16797,-0.0,162057.094,-114818.039,-0.0,0.133,6.909358625270745e+28,30.0,65.0,35,0.0,0.0,0.0,0.0,0.0,0.0,0.0,0.0,0.0,0.0,0.0,0.0,0.0,0.0,0.0,0.0,69.2,0,150,71,55,65476,0,300,0,1,8,20529,65476,0,0,40632,65.0,0.0,0.0,0.0,0.0,0.0
2026-09-04T20:01:57,ERR,ERR,ERR,ERR,ERR,ERR,ERR,ERR,ERR,ERR,ERR,ERR,ERR,ERR,ERR,ERR,ERR,ERR,ERR,ERR,ERR,ERR,ERR,ERR,ERR,ERR,ERR,ERR,ERR,ERR,ERR,ERR,ERR,ERR,ERR,ERR,ERR,ERR,ERR,ERR,ERR,ERR,ERR,ERR,ERR,ERR,ERR,ERR,ERR,ERR,ERR,ERR,ERR,ERR,ERR,ERR,ERR,ERR,ERR,ERR,ERR,ERR,ERR,ERR,ERR,ERR,ERR,ERR,ERR,ERR,ERR,ERR,ERR,ERR,ERR,ERR,ERR,ERR,ERR,ERR,ERR,ERR,ERR,ERR,ERR,ERR,ERR,ERR,ERR,ERR,ERR,ERR,ERR,ERR,ERR,ERR,ERR,ERR,ERR,ERR,ERR,ERR,ERR,ERR,ERR,ERR,ERR,ERR,ERR,ERR,ERR,ERR,ERR,ERR,ERR,ERR,ERR,ERR,ERR,ERR,ERR,ERR,ERR,ERR,ERR,2.718430741444032e+23,-0.0,-134479040.0,0.0,0.0,1.3936040501711995e+18,7.805,0.0,0,0,4,0,7116,0.0,100,0.0,0.0,0.0,0.0,0.0,0,0,0,0,0.0,0,0,0,0,0,0,0,0,0,0,0,0,0,0,0,0,0,0,0,0,0,0,0,0,0,0,0,0,0,0,0,0,0,31,40,40,71,65476,0,300,0,0,8,21553,0.0,-107605600.0,0.0,0.0,0.0,0.0,0.0,0.0,0.0,0.0,0.0,0.0,0.0,0.0,0.0,0.0,0.0,0.0,0.0,0.0,0.0,0.0,0.0,0.0,-2.004,0.0,0.0,0.0,0.0,0.0,6194.0,-564148316405760.0,6939.0,2.718430741444032e+23,-0.0,-0.0,2.718430741444032e+23,0.0,0.0,0.0,0.0,69,-89221.172,0.0,0.0,0.0,0.0,0.0,0.0,0.0,0.0,0,0,0,0.0,0.0,0.0,0.0,0.0,0.0,0.0,0.0,0.0,0.0,0.0,0.0,0.0,0.0,0.0,0.0,0,-107875648.0,69,0.0,138,0.0,-109447200.0,0,13107,17040,39322,17049,26215,17043,0,0,0,70,68,100,2.7302359370752657e+23,71.2,2.7302370179391762e+23,74.3,-0.0,74.0,1,49,50,180,13107,0,0,0,0.0,0.0,0.0,0.0,-0.0,67.0,0.0,162057.094,0.0,751,0,740,0,0,0,721,0,768,0,737,0,743,0,742,0,712,0,7520,0.032,108447924224.0,0.0,0.0,784,16797,-0.0,162057.094,-114818.039,-0.0,0.133,6.909358625270745e+28,30.0,65.0,35,0.0,0.0,0.0,0.0,0.0,0.0,0.0,0.0,0.0,0.0,0.0,0.0,0.0,0.0,0.0,0.0,69.2,0,150,71,55,65476,0,300,0,1,8,20529,65476,0,0,40632,65.0,0.0,0.0,0.0,0.0,0.0
2026-09-04T20:01:58,ERR,ERR,ERR,ERR,ERR,ERR,ERR,ERR,ERR,ERR,ERR,ERR,ERR,ERR,ERR,ERR,ERR,ERR,ERR,ERR,ERR,ERR,ERR,ERR,ERR,ERR,ERR,ERR,ERR,ERR,ERR,ERR,ERR,ERR,ERR,ERR,ERR,ERR,ERR,ERR,ERR,ERR,ERR,ERR,ERR,ERR,ERR,ERR,ERR,ERR,ERR,ERR,ERR,ERR,ERR,ERR,ERR,ERR,ERR,ERR,ERR,ERR,ERR,ERR,ERR,ERR,ERR,ERR,ERR,ERR,ERR,ERR,ERR,ERR,ERR,ERR,ERR,ERR,ERR,ERR,ERR,ERR,ERR,ERR,ERR,ERR,ERR,ERR,ERR,ERR,ERR,ERR,ERR,ERR,ERR,ERR,ERR,ERR,ERR,ERR,ERR,ERR,ERR,ERR,ERR,ERR,ERR,ERR,ERR,ERR,ERR,ERR,ERR,ERR,ERR,ERR,ERR,ERR,ERR,ERR,ERR,ERR,ERR,ERR,ERR,2.718430741444032e+23,-0.0,-134479040.0,0.0,0.0,1.3936040501711995e+18,7.805,0.0,0,0,4,0,7116,0.0,100,0.0,0.0,0.0,0.0,0.0,0,0,0,0,0.0,0,0,0,0,0,0,0,0,0,0,0,0,0,0,0,0,0,0,0,0,0,0,0,0,0,0,0,0,0,0,0,0,0,31,40,40,71,65476,0,300,0,0,8,21553,0.0,-107605600.0,0.0,0.0,0.0,0.0,0.0,0.0,0.0,0.0,0.0,0.0,0.0,0.0,0.0,0.0,0.0,0.0,0.0,0.0,0.0,0.0,0.0,0.0,-2.004,0.0,0.0,0.0,0.0,0.0,6194.0,-564148316405760.0,6939.0,2.718430741444032e+23,-0.0,-0.0,2.718430741444032e+23,0.0,0.0,0.0,0.0,69,-89221.172,0.0,0.0,0.0,0.0,0.0,0.0,0.0,0.0,0,0,0,0.0,0.0,0.0,0.0,0.0,0.0,0.0,0.0,0.0,0.0,0.0,0.0,0.0,0.0,0.0,0.0,0,-107875648.0,69,0.0,138,0.0,-109447200.0,0,13107,17040,39322,17049,26215,17043,0,0,0,70,68,100,2.7302359370752657e+23,71.2,2.7302370179391762e+23,74.3,-0.0,74.0,1,49,50,180,13107,0,0,0,0.0,0.0,0.0,0.0,-0.0,67.0,0.0,162057.094,0.0,751,0,740,0,0,0,721,0,768,0,737,0,743,0,742,0,712,0,7520,0.032,108447924224.0,0.0,0.0,784,16797,-0.0,162057.094,-114818.039,-0.0,0.133,6.909358625270745e+28,30.0,65.0,35,0.0,0.0,0.0,0.0,0.0,0.0,0.0,0.0,0.0,0.0,0.0,0.0,0.0,0.0,0.0,0.0,69.2,0,150,71,55,65476,0,300,0,1,8,20529,65476,0,0,40632,65.0,0.0,0.0,0.0,0.0,0.0
2026-09-04T20:01:59,ERR,ERR,ERR,ERR,ERR,ERR,ERR,ERR,ERR,ERR,ERR,ERR,ERR,ERR,ERR,ERR,ERR,ERR,ERR,ERR,ERR,ERR,ERR,ERR,ERR,ERR,ERR,ERR,ERR,ERR,ERR,ERR,ERR,ERR,ERR,ERR,ERR,ERR,ERR,ERR,ERR,ERR,ERR,ERR,ERR,ERR,ERR,ERR,ERR,ERR,ERR,ERR,ERR,ERR,ERR,ERR,ERR,ERR,ERR,ERR,ERR,ERR,ERR,ERR,ERR,ERR,ERR,ERR,ERR,ERR,ERR,ERR,ERR,ERR,ERR,ERR,ERR,ERR,ERR,ERR,ERR,ERR,ERR,ERR,ERR,ERR,ERR,ERR,ERR,ERR,ERR,ERR,ERR,ERR,ERR,ERR,ERR,ERR,ERR,ERR,ERR,ERR,ERR,ERR,ERR,ERR,ERR,ERR,ERR,ERR,ERR,ERR,ERR,ERR,ERR,ERR,ERR,ERR,ERR,ERR,ERR,ERR,ERR,ERR,ERR,2.718430741444032e+23,-0.0,-134479040.0,0.0,0.0,1.3936040501711995e+18,7.805,0.0,0,0,4,0,7116,0.0,100,0.0,0.0,0.0,0.0,0.0,0,0,0,0,0.0,0,0,0,0,0,0,0,0,0,0,0,0,0,0,0,0,0,0,0,0,0,0,0,0,0,0,0,0,0,0,0,0,0,31,40,40,71,65476,0,300,0,0,8,21553,0.0,-107605600.0,0.0,0.0,0.0,0.0,0.0,0.0,0.0,0.0,0.0,0.0,0.0,0.0,0.0,0.0,0.0,0.0,0.0,0.0,0.0,0.0,0.0,0.0,-2.004,0.0,0.0,0.0,0.0,0.0,6194.0,-564148316405760.0,6939.0,2.718430741444032e+23,-0.0,-0.0,2.718430741444032e+23,0.0,0.0,0.0,0.0,69,-89221.172,0.0,0.0,0.0,0.0,0.0,0.0,0.0,0.0,0,0,0,0.0,0.0,0.0,0.0,0.0,0.0,0.0,0.0,0.0,0.0,0.0,0.0,0.0,0.0,0.0,0.0,0,-107875648.0,69,0.0,138,0.0,-109447200.0,0,13107,17040,39322,17049,26215,17043,0,0,0,70,68,100,2.7302359370752657e+23,71.2,2.7302370179391762e+23,74.3,-0.0,74.0,1,49,50,180,13107,0,0,0,0.0,0.0,0.0,0.0,-0.0,67.0,0.0,162057.094,0.0,751,0,740,0,0,0,721,0,768,0,737,0,743,0,742,0,712,0,7520,0.032,108447924224.0,0.0,0.0,784,16797,-0.0,162057.094,-114818.039,-0.0,0.133,6.909358625270745e+28,30.0,65.0,35,0.0,0.0,0.0,0.0,0.0,0.0,0.0,0.0,0.0,0.0,0.0,0.0,0.0,0.0,0.0,0.0,69.2,0,150,71,55,65476,0,300,0,1,8,20529,65476,0,0,40632,65.0,0.0,0.0,0.0,0.0,0.0
2026-09-04T20:02:00,ERR,ERR,ERR,ERR,ERR,ERR,ERR,ERR,ERR,ERR,ERR,ERR,ERR,ERR,ERR,ERR,ERR,ERR,ERR,ERR,ERR,ERR,ERR,ERR,ERR,ERR,ERR,ERR,ERR,ERR,ERR,ERR,ERR,ERR,ERR,ERR,ERR,ERR,ERR,ERR,ERR,ERR,ERR,ERR,ERR,ERR,ERR,ERR,ERR,ERR,ERR,ERR,ERR,ERR,ERR,ERR,ERR,ERR,ERR,ERR,ERR,ERR,ERR,ERR,ERR,ERR,ERR,ERR,ERR,ERR,ERR,ERR,ERR,ERR,ERR,ERR,ERR,ERR,ERR,ERR,ERR,ERR,ERR,ERR,ERR,ERR,ERR,ERR,ERR,ERR,ERR,ERR,ERR,ERR,ERR,ERR,ERR,ERR,ERR,ERR,ERR,ERR,ERR,ERR,ERR,ERR,ERR,ERR,ERR,ERR,ERR,ERR,ERR,ERR,ERR,ERR,ERR,ERR,ERR,ERR,ERR,ERR,ERR,ERR,ERR,2.718430741444032e+23,-0.0,-134479040.0,0.0,0.0,1.3936040501711995e+18,7.805,0.0,0,0,4,0,7116,0.0,100,0.0,0.0,0.0,0.0,0.0,0,0,0,0,0.0,0,0,0,0,0,0,0,0,0,0,0,0,0,0,0,0,0,0,0,0,0,0,0,0,0,0,0,0,0,0,0,0,0,31,40,40,71,65476,0,300,0,0,8,21553,0.0,-107605600.0,0.0,0.0,0.0,0.0,0.0,0.0,0.0,0.0,0.0,0.0,0.0,0.0,0.0,0.0,0.0,0.0,0.0,0.0,0.0,0.0,0.0,0.0,-2.004,0.0,0.0,0.0,0.0,0.0,6194.0,-564148316405760.0,6939.0,2.718430741444032e+23,-0.0,-0.0,2.718430741444032e+23,0.0,0.0,0.0,0.0,69,-89221.172,0.0,0.0,0.0,0.0,0.0,0.0,0.0,0.0,0,0,0,0.0,0.0,0.0,0.0,0.0,0.0,0.0,0.0,0.0,0.0,0.0,0.0,0.0,0.0,0.0,0.0,0,-107875648.0,69,0.0,138,0.0,-109447200.0,0,13107,17040,39322,17049,26215,17043,0,0,0,70,68,100,2.7302359370752657e+23,71.2,2.7302370179391762e+23,74.3,-0.0,74.0,1,49,50,180,13107,0,0,0,0.0,0.0,0.0,0.0,-0.0,67.0,0.0,162057.094,0.0,751,0,740,0,0,0,721,0,768,0,737,0,743,0,742,0,712,0,7520,0.032,108447924224.0,0.0,0.0,784,16797,-0.0,162057.094,-114818.039,-0.0,0.133,6.909358625270745e+28,30.0,65.0,35,0.0,0.0,0.0,0.0,0.0,0.0,0.0,0.0,0.0,0.0,0.0,0.0,0.0,0.0,0.0,0.0,69.2,0,150,71,55,65476,0,300,0,1,8,20529,65476,0,0,40632,65.0,0.0,0.0,0.0,0.0,0.0
2026-09-04T20:02:01,ERR,ERR,ERR,ERR,ERR,ERR,ERR,ERR,ERR,ERR,ERR,ERR,ERR,ERR,ERR,ERR,ERR,ERR,ERR,ERR,ERR,ERR,ERR,ERR,ERR,ERR,ERR,ERR,ERR,ERR,ERR,ERR,ERR,ERR,ERR,ERR,ERR,ERR,ERR,ERR,ERR,ERR,ERR,ERR,ERR,ERR,ERR,ERR,ERR,ERR,ERR,ERR,ERR,ERR,ERR,ERR,ERR,ERR,ERR,ERR,ERR,ERR,ERR,ERR,ERR,ERR,ERR,ERR,ERR,ERR,ERR,ERR,ERR,ERR,ERR,ERR,ERR,ERR,ERR,ERR,ERR,ERR,ERR,ERR,ERR,ERR,ERR,ERR,ERR,ERR,ERR,ERR,ERR,ERR,ERR,ERR,ERR,ERR,ERR,ERR,ERR,ERR,ERR,ERR,ERR,ERR,ERR,ERR,ERR,ERR,ERR,ERR,ERR,ERR,ERR,ERR,ERR,ERR,ERR,ERR,ERR,ERR,ERR,ERR,ERR,2.718430741444032e+23,-0.0,-134479040.0,0.0,0.0,1.3936040501711995e+18,7.805,0.0,0,0,4,0,7116,0.0,100,0.0,0.0,0.0,0.0,0.0,0,0,0,0,0.0,0,0,0,0,0,0,0,0,0,0,0,0,0,0,0,0,0,0,0,0,0,0,0,0,0,0,0,0,0,0,0,0,0,31,40,40,71,65476,0,300,0,0,8,21553,0.0,-107605600.0,0.0,0.0,0.0,0.0,0.0,0.0,0.0,0.0,0.0,0.0,0.0,0.0,0.0,0.0,0.0,0.0,0.0,0.0,0.0,0.0,0.0,0.0,-2.004,0.0,0.0,0.0,0.0,0.0,6194.0,-564148316405760.0,6939.0,2.718430741444032e+23,-0.0,-0.0,2.718430741444032e+23,0.0,0.0,0.0,0.0,69,-89221.172,0.0,0.0,0.0,0.0,0.0,0.0,0.0,0.0,0,0,0,0.0,0.0,0.0,0.0,0.0,0.0,0.0,0.0,0.0,0.0,0.0,0.0,0.0,0.0,0.0,0.0,0,-107875648.0,69,0.0,138,0.0,-109447200.0,0,13107,17040,39322,17049,26215,17043,0,0,0,70,68,100,2.7302359370752657e+23,71.2,2.7302370179391762e+23,74.3,-0.0,74.0,1,49,50,180,13107,0,0,0,0.0,0.0,0.0,0.0,-0.0,67.0,0.0,162057.094,0.0,751,0,740,0,0,0,721,0,768,0,737,0,743,0,742,0,712,0,7520,0.032,108447924224.0,0.0,0.0,784,16797,-0.0,162057.094,-114818.039,-0.0,0.133,6.909358625270745e+28,30.0,65.0,35,0.0,0.0,0.0,0.0,0.0,0.0,0.0,0.0,0.0,0.0,0.0,0.0,0.0,0.0,0.0,0.0,69.2,0,150,71,55,65476,0,300,0,1,8,20529,65476,0,0,40632,65.0,0.0,0.0,0.0,0.0,0.0
2026-09-04T20:02:02,ERR,ERR,ERR,ERR,ERR,ERR,ERR,ERR,ERR,ERR,ERR,ERR,ERR,ERR,ERR,ERR,ERR,ERR,ERR,ERR,ERR,ERR,ERR,ERR,ERR,ERR,ERR,ERR,ERR,ERR,ERR,ERR,ERR,ERR,ERR,ERR,ERR,ERR,ERR,ERR,ERR,ERR,ERR,ERR,ERR,ERR,ERR,ERR,ERR,ERR,ERR,ERR,ERR,ERR,ERR,ERR,ERR,ERR,ERR,ERR,ERR,ERR,ERR,ERR,ERR,ERR,ERR,ERR,ERR,ERR,ERR,ERR,ERR,ERR,ERR,ERR,ERR,ERR,ERR,ERR,ERR,ERR,ERR,ERR,ERR,ERR,ERR,ERR,ERR,ERR,ERR,ERR,ERR,ERR,ERR,ERR,ERR,ERR,ERR,ERR,ERR,ERR,ERR,ERR,ERR,ERR,ERR,ERR,ERR,ERR,ERR,ERR,ERR,ERR,ERR,ERR,ERR,ERR,ERR,ERR,ERR,ERR,ERR,ERR,ERR,2.718430741444032e+23,-0.0,-134479040.0,0.0,0.0,1.3936040501711995e+18,7.805,0.0,0,0,4,0,7116,0.0,100,0.0,0.0,0.0,0.0,0.0,0,0,0,0,0.0,0,0,0,0,0,0,0,0,0,0,0,0,0,0,0,0,0,0,0,0,0,0,0,0,0,0,0,0,0,0,0,0,0,31,40,40,71,65476,0,300,0,0,8,21553,0.0,-107605600.0,0.0,0.0,0.0,0.0,0.0,0.0,0.0,0.0,0.0,0.0,0.0,0.0,0.0,0.0,0.0,0.0,0.0,0.0,0.0,0.0,0.0,0.0,-2.004,0.0,0.0,0.0,0.0,0.0,6194.0,-564148316405760.0,6939.0,2.718430741444032e+23,-0.0,-0.0,2.718430741444032e+23,0.0,0.0,0.0,0.0,69,-89221.172,0.0,0.0,0.0,0.0,0.0,0.0,0.0,0.0,0,0,0,0.0,0.0,0.0,0.0,0.0,0.0,0.0,0.0,0.0,0.0,0.0,0.0,0.0,0.0,0.0,0.0,0,-107875648.0,69,0.0,138,0.0,-109447200.0,0,13107,17040,39322,17049,26215,17043,0,0,0,70,68,100,2.7302359370752657e+23,71.2,2.7302370179391762e+23,74.3,2.7302370179391762e+23,74.0,1,49,50,180,26215,0,0,0,0.0,0.0,0.0,0.0,-0.0,67.0,0.0,162057.094,0.0,751,0,740,0,0,0,721,0,768,0,737,0,743,0,742,0,712,0,7520,0.032,107911053312.0,0.0,0.0,784,16797,-0.0,162057.094,-114818.039,-0.0,0.133,6.909358625270745e+28,30.0,65.0,35,0.0,0.0,0.0,0.0,0.0,0.0,0.0,0.0,0.0,0.0,0.0,0.0,0.0,0.0,0.0,0.0,69.2,0,150,71,55,65476,0,300,0,1,8,20529,65476,0,0,40632,65.0,0.0,0.0,0.0,0.0,0.0
2026-09-04T20:02:03,ERR,ERR,ERR,ERR,ERR,ERR,ERR,ERR,ERR,ERR,ERR,ERR,ERR,ERR,ERR,ERR,ERR,ERR,ERR,ERR,ERR,ERR,ERR,ERR,ERR,ERR,ERR,ERR,ERR,ERR,ERR,ERR,ERR,ERR,ERR,ERR,ERR,ERR,ERR,ERR,ERR,ERR,ERR,ERR,ERR,ERR,ERR,ERR,ERR,ERR,ERR,ERR,ERR,ERR,ERR,ERR,ERR,ERR,ERR,ERR,ERR,ERR,ERR,ERR,ERR,ERR,ERR,ERR,ERR,ERR,ERR,ERR,ERR,ERR,ERR,ERR,ERR,ERR,ERR,ERR,ERR,ERR,ERR,ERR,ERR,ERR,ERR,ERR,ERR,ERR,ERR,ERR,ERR,ERR,ERR,ERR,ERR,ERR,ERR,ERR,ERR,ERR,ERR,ERR,ERR,ERR,ERR,ERR,ERR,ERR,ERR,ERR,ERR,ERR,ERR,ERR,ERR,ERR,ERR,ERR,ERR,ERR,ERR,ERR,ERR,2.718430741444032e+23,-0.0,-134479040.0,0.0,0.0,1.3936040501711995e+18,7.805,0.0,0,0,4,0,7116,0.0,100,0.0,0.0,0.0,0.0,0.0,0,0,0,0,0.0,0,0,0,0,0,0,0,0,0,0,0,0,0,0,0,0,0,0,0,0,0,0,0,0,0,0,0,0,0,0,0,0,0,31,40,40,71,65476,0,300,0,0,8,21553,0.0,-107605600.0,0.0,0.0,0.0,0.0,0.0,0.0,0.0,0.0,0.0,0.0,0.0,0.0,0.0,0.0,0.0,0.0,0.0,0.0,0.0,0.0,0.0,0.0,-2.004,0.0,0.0,0.0,0.0,0.0,6194.0,-564148316405760.0,6939.0,2.718430741444032e+23,-0.0,-0.0,2.718430741444032e+23,0.0,0.0,0.0,0.0,69,-89221.172,0.0,0.0,0.0,0.0,0.0,0.0,0.0,0.0,0,0,0,0.0,0.0,0.0,0.0,0.0,0.0,0.0,0.0,0.0,0.0,0.0,0.0,0.0,0.0,0.0,0.0,0,-107875648.0,69,0.0,138,0.0,-109447200.0,0,13107,17040,39322,17049,26215,17043,0,0,0,70,68,100,2.7302359370752657e+23,71.2,2.7302370179391762e+23,74.3,2.7302370179391762e+23,74.0,1,49,50,180,26215,0,0,0,0.0,0.0,0.0,0.0,-0.0,67.0,0.0,162057.094,0.0,751,0,740,0,0,0,721,0,768,0,737,0,743,0,742,0,712,0,7520,0.032,107911053312.0,0.0,0.0,784,16797,-0.0,162057.094,-114818.039,-0.0,0.133,6.909358625270745e+28,30.0,65.0,35,0.0,0.0,0.0,0.0,0.0,0.0,0.0,0.0,0.0,0.0,0.0,0.0,0.0,0.0,0.0,0.0,69.2,0,150,71,55,65476,0,300,0,1,8,20529,65476,0,0,40632,65.0,0.0,0.0,0.0,0.0,0.0
2026-09-04T20:02:04,ERR,ERR,ERR,ERR,ERR,ERR,ERR,ERR,ERR,ERR,ERR,ERR,ERR,ERR,ERR,ERR,ERR,ERR,ERR,ERR,ERR,ERR,ERR,ERR,ERR,ERR,ERR,ERR,ERR,ERR,ERR,ERR,ERR,ERR,ERR,ERR,ERR,ERR,ERR,ERR,ERR,ERR,ERR,ERR,ERR,ERR,ERR,ERR,ERR,ERR,ERR,ERR,ERR,ERR,ERR,ERR,ERR,ERR,ERR,ERR,ERR,ERR,ERR,ERR,ERR,ERR,ERR,ERR,ERR,ERR,ERR,ERR,ERR,ERR,ERR,ERR,ERR,ERR,ERR,ERR,ERR,ERR,ERR,ERR,ERR,ERR,ERR,ERR,ERR,ERR,ERR,ERR,ERR,ERR,ERR,ERR,ERR,ERR,ERR,ERR,ERR,ERR,ERR,ERR,ERR,ERR,ERR,ERR,ERR,ERR,ERR,ERR,ERR,ERR,ERR,ERR,ERR,ERR,ERR,ERR,ERR,ERR,ERR,ERR,ERR,2.718430741444032e+23,-0.0,-134479040.0,0.0,0.0,1.3936040501711995e+18,7.805,0.0,0,0,4,0,7116,0.0,100,0.0,0.0,0.0,0.0,0.0,0,0,0,0,0.0,0,0,0,0,0,0,0,0,0,0,0,0,0,0,0,0,0,0,0,0,0,0,0,0,0,0,0,0,0,0,0,0,0,31,40,40,71,65476,0,300,0,0,8,21553,0.0,-107605600.0,0.0,0.0,0.0,0.0,0.0,0.0,0.0,0.0,0.0,0.0,0.0,0.0,0.0,0.0,0.0,0.0,0.0,0.0,0.0,0.0,0.0,0.0,-2.004,0.0,0.0,0.0,0.0,0.0,6194.0,-564148316405760.0,6939.0,2.718430741444032e+23,-0.0,-0.0,2.718430741444032e+23,0.0,0.0,0.0,0.0,69,-89221.172,0.0,0.0,0.0,0.0,0.0,0.0,0.0,0.0,0,0,0,0.0,0.0,0.0,0.0,0.0,0.0,0.0,0.0,0.0,0.0,0.0,0.0,0.0,0.0,0.0,0.0,0,-107875648.0,69,0.0,138,0.0,-109447200.0,0,13107,17040,39322,17049,26215,17043,0,0,0,70,68,100,2.7302359370752657e+23,71.2,2.7302370179391762e+23,74.3,2.7302370179391762e+23,74.0,1,49,50,180,26215,0,0,0,0.0,0.0,0.0,0.0,-0.0,67.0,0.0,162057.094,0.0,751,0,740,0,0,0,721,0,768,0,737,0,743,0,742,0,712,0,7520,0.032,107911053312.0,0.0,0.0,784,16797,-0.0,162057.094,-114818.039,-0.0,0.133,6.909358625270745e+28,30.0,65.0,35,0.0,0.0,0.0,0.0,0.0,0.0,0.0,0.0,0.0,0.0,0.0,0.0,0.0,0.0,0.0,0.0,69.2,0,150,71,55,65476,0,300,0,1,8,20529,65476,0,0,40632,65.0,0.0,0.0,0.0,0.0,0.0
2026-09-04T20:02:05,ERR,ERR,ERR,ERR,ERR,ERR,ERR,ERR,ERR,ERR,ERR,ERR,ERR,ERR,ERR,ERR,ERR,ERR,ERR,ERR,ERR,ERR,ERR,ERR,ERR,ERR,ERR,ERR,ERR,ERR,ERR,ERR,ERR,ERR,ERR,ERR,ERR,ERR,ERR,ERR,ERR,ERR,ERR,ERR,ERR,ERR,ERR,ERR,ERR,ERR,ERR,ERR,ERR,ERR,ERR,ERR,ERR,ERR,ERR,ERR,ERR,ERR,ERR,ERR,ERR,ERR,ERR,ERR,ERR,ERR,ERR,ERR,ERR,ERR,ERR,ERR,ERR,ERR,ERR,ERR,ERR,ERR,ERR,ERR,ERR,ERR,ERR,ERR,ERR,ERR,ERR,ERR,ERR,ERR,ERR,ERR,ERR,ERR,ERR,ERR,ERR,ERR,ERR,ERR,ERR,ERR,ERR,ERR,ERR,ERR,ERR,ERR,ERR,ERR,ERR,ERR,ERR,ERR,ERR,ERR,ERR,ERR,ERR,ERR,ERR,2.718430741444032e+23,-0.0,-134479040.0,0.0,0.0,1.3936040501711995e+18,7.805,0.0,0,0,4,0,7116,0.0,100,0.0,0.0,0.0,0.0,0.0,0,0,0,0,0.0,0,0,0,0,0,0,0,0,0,0,0,0,0,0,0,0,0,0,0,0,0,0,0,0,0,0,0,0,0,0,0,0,0,31,40,40,71,65476,0,300,0,0,8,21553,0.0,-107605600.0,0.0,0.0,0.0,0.0,0.0,0.0,0.0,0.0,0.0,0.0,0.0,0.0,0.0,0.0,0.0,0.0,0.0,0.0,0.0,0.0,0.0,-2.004,-2.004,0.0,0.0,0.0,0.0,0.0,6227.0,3.69720284620144e+19,6924.0,2.718430741444032e+23,2.7184312818759872e+23,-0.0,2.718430741444032e+23,0.0,0.0,0.0,0.0,69,-0.0,-2.3088364955910118e+20,0.0,0.0,0.0,0.0,0.0,0.0,0.0,0,0,0,0.0,0.0,0.0,0.0,0.0,0.0,0.0,0.0,0.0,0.0,0.0,0.0,0.0,0.0,0.0,0.0,0,-107875648.0,69,0.0,138,0.0,-109447200.0,0,13107,17040,39322,17049,26215,17043,0,0,0,70,68,100,2.7302359370752657e+23,71.2,2.7302370179391762e+23,74.3,2.7302370179391762e+23,74.0,1,49,50,180,26215,0,0,0,0.0,0.0,0.0,0.0,-0.0,67.0,0.0,162057.094,0.0,751,0,740,0,0,0,721,0,768,0,737,0,743,0,742,0,712,0,7520,0.032,107911053312.0,0.0,0.0,784,16797,-0.0,162057.094,-114818.039,-0.0,0.133,6.909358625270745e+28,30.0,65.0,35,0.0,0.0,0.0,0.0,0.0,0.0,0.0,0.0,0.0,0.0,0.0,0.0,0.0,0.0,0.0,0.0,69.2,0,150,71,55,65476,0,300,0,1,8,20529,65476,0,0,40632,65.0,0.0,0.0,0.0,0.0,0.0
2026-09-04T20:02:06,ERR,ERR,ERR,ERR,ERR,ERR,ERR,ERR,ERR,ERR,ERR,ERR,ERR,ERR,ERR,ERR,ERR,ERR,ERR,ERR,ERR,ERR,ERR,ERR,ERR,ERR,ERR,ERR,ERR,ERR,ERR,ERR,ERR,ERR,ERR,ERR,ERR,ERR,ERR,ERR,ERR,ERR,ERR,ERR,ERR,ERR,ERR,ERR,ERR,ERR,ERR,ERR,ERR,ERR,ERR,ERR,ERR,ERR,ERR,ERR,ERR,ERR,ERR,ERR,ERR,ERR,ERR,ERR,ERR,ERR,ERR,ERR,ERR,ERR,ERR,ERR,ERR,ERR,ERR,ERR,ERR,ERR,ERR,ERR,ERR,ERR,ERR,ERR,ERR,ERR,ERR,ERR,ERR,ERR,ERR,ERR,ERR,ERR,ERR,ERR,ERR,ERR,ERR,ERR,ERR,ERR,ERR,ERR,ERR,ERR,ERR,ERR,ERR,ERR,ERR,ERR,ERR,ERR,ERR,ERR,ERR,ERR,ERR,ERR,ERR,2.718430741444032e+23,-0.0,-134479040.0,0.0,0.0,1.3936040501711995e+18,7.805,0.0,0,0,4,0,7116,0.0,100,0.0,0.0,0.0,0.0,0.0,0,0,0,0,0.0,0,0,0,0,0,0,0,0,0,0,0,0,0,0,0,0,0,0,0,0,0,0,0,0,0,0,0,0,0,0,0,0,0,31,40,40,71,65476,0,300,0,0,8,21553,0.0,-107605600.0,0.0,0.0,0.0,0.0,0.0,0.0,0.0,0.0,0.0,0.0,0.0,0.0,0.0,0.0,0.0,0.0,0.0,0.0,0.0,0.0,0.0,-2.004,-2.004,0.0,0.0,0.0,0.0,0.0,6227.0,3.69720284620144e+19,6924.0,2.718430741444032e+23,2.7184312818759872e+23,-0.0,2.718430741444032e+23,0.0,0.0,0.0,0.0,69,-0.0,-2.3088364955910118e+20,0.0,0.0,0.0,0.0,0.0,0.0,0.0,0,0,0,0.0,0.0,0.0,0.0,0.0,0.0,0.0,0.0,0.0,0.0,0.0,0.0,0.0,0.0,0.0,0.0,0,-107875648.0,69,0.0,138,0.0,-109447200.0,0,13107,17040,39322,17049,26215,17043,0,0,0,70,68,100,2.7302359370752657e+23,71.2,2.7302370179391762e+23,74.3,2.7302370179391762e+23,74.0,1,49,50,180,26215,0,0,0,0.0,0.0,0.0,0.0,-0.0,67.0,0.0,162057.094,0.0,751,0,740,0,0,0,721,0,768,0,737,0,743,0,742,0,712,0,7520,0.032,107911053312.0,0.0,0.0,784,16797,-0.0,162057.094,-114818.039,-0.0,0.133,6.909358625270745e+28,30.0,65.0,35,0.0,0.0,0.0,0.0,0.0,0.0,0.0,0.0,0.0,0.0,0.0,0.0,0.0,0.0,0.0,0.0,69.2,0,150,71,55,65476,0,300,0,1,8,20529,65476,0,0,40632,65.0,0.0,0.0,0.0,0.0,0.0
2026-09-04T20:02:07,ERR,ERR,ERR,ERR,ERR,ERR,ERR,ERR,ERR,ERR,ERR,ERR,ERR,ERR,ERR,ERR,ERR,ERR,ERR,ERR,ERR,ERR,ERR,ERR,ERR,ERR,ERR,ERR,ERR,ERR,ERR,ERR,ERR,ERR,ERR,ERR,ERR,ERR,ERR,ERR,ERR,ERR,ERR,ERR,ERR,ERR,ERR,ERR,ERR,ERR,ERR,ERR,ERR,ERR,ERR,ERR,ERR,ERR,ERR,ERR,ERR,ERR,ERR,ERR,ERR,ERR,ERR,ERR,ERR,ERR,ERR,ERR,ERR,ERR,ERR,ERR,ERR,ERR,ERR,ERR,ERR,ERR,ERR,ERR,ERR,ERR,ERR,ERR,ERR,ERR,ERR,ERR,ERR,ERR,ERR,ERR,ERR,ERR,ERR,ERR,ERR,ERR,ERR,ERR,ERR,ERR,ERR,ERR,ERR,ERR,ERR,ERR,ERR,ERR,ERR,ERR,ERR,ERR,ERR,ERR,ERR,ERR,ERR,ERR,ERR,2.718430741444032e+23,-0.0,-134479040.0,0.0,0.0,1.3936040501711995e+18,7.805,0.0,0,0,4,0,7116,0.0,100,0.0,0.0,0.0,0.0,0.0,0,0,0,0,0.0,0,0,0,0,0,0,0,0,0,0,0,0,0,0,0,0,0,0,0,0,0,0,0,0,0,0,0,0,0,0,0,0,0,31,40,40,71,65476,0,300,0,0,8,21553,0.0,-107605600.0,0.0,0.0,0.0,0.0,0.0,0.0,0.0,0.0,0.0,0.0,0.0,0.0,0.0,0.0,0.0,0.0,0.0,0.0,0.0,0.0,0.0,-2.004,-2.004,0.0,0.0,0.0,0.0,0.0,6227.0,3.69720284620144e+19,6924.0,2.718430741444032e+23,2.7184312818759872e+23,-0.0,2.718430741444032e+23,0.0,0.0,0.0,0.0,69,-0.0,-2.3088364955910118e+20,0.0,0.0,0.0,0.0,0.0,0.0,0.0,0,0,0,0.0,0.0,0.0,0.0,0.0,0.0,0.0,0.0,0.0,0.0,0.0,0.0,0.0,0.0,0.0,0.0,0,-107875648.0,69,0.0,138,0.0,-109447200.0,0,13107,17040,39322,17049,26215,17043,0,0,0,70,68,100,2.7302359370752657e+23,71.2,2.7302370179391762e+23,74.3,2.7302370179391762e+23,74.0,1,49,50,180,26215,0,0,0,0.0,0.0,0.0,0.0,-0.0,67.0,0.0,162057.094,0.0,751,0,740,0,0,0,721,0,768,0,737,0,743,0,742,0,712,0,7520,0.032,107911053312.0,0.0,0.0,784,16797,-0.0,162057.094,-114818.039,-0.0,0.133,6.909358625270745e+28,30.0,65.0,35,0.0,0.0,0.0,0.0,0.0,0.0,0.0,0.0,0.0,0.0,0.0,0.0,0.0,0.0,0.0,0.0,69.2,0,150,71,55,65476,0,300,0,1,8,20529,65476,0,0,40632,65.0,0.0,0.0,0.0,0.0,0.0
2026-09-04T20:02:08,ERR,ERR,ERR,ERR,ERR,ERR,ERR,ERR,ERR,ERR,ERR,ERR,ERR,ERR,ERR,ERR,ERR,ERR,ERR,ERR,ERR,ERR,ERR,ERR,ERR,ERR,ERR,ERR,ERR,ERR,ERR,ERR,ERR,ERR,ERR,ERR,ERR,ERR,ERR,ERR,ERR,ERR,ERR,ERR,ERR,ERR,ERR,ERR,ERR,ERR,ERR,ERR,ERR,ERR,ERR,ERR,ERR,ERR,ERR,ERR,ERR,ERR,ERR,ERR,ERR,ERR,ERR,ERR,ERR,ERR,ERR,ERR,ERR,ERR,ERR,ERR,ERR,ERR,ERR,ERR,ERR,ERR,ERR,ERR,ERR,ERR,ERR,ERR,ERR,ERR,ERR,ERR,ERR,ERR,ERR,ERR,ERR,ERR,ERR,ERR,ERR,ERR,ERR,ERR,ERR,ERR,ERR,ERR,ERR,ERR,ERR,ERR,ERR,ERR,ERR,ERR,ERR,ERR,ERR,ERR,ERR,ERR,ERR,ERR,ERR,2.718430741444032e+23,-0.0,-134479040.0,0.0,0.0,1.3936040501711995e+18,7.805,0.0,0,0,4,0,7116,0.0,100,0.0,0.0,0.0,0.0,0.0,0,0,0,0,0.0,0,0,0,0,0,0,0,0,0,0,0,0,0,0,0,0,0,0,0,0,0,0,0,0,0,0,0,0,0,0,0,0,0,31,40,40,71,65476,0,300,0,0,8,21553,0.0,-107605600.0,0.0,0.0,0.0,0.0,0.0,0.0,0.0,0.0,0.0,0.0,0.0,0.0,0.0,0.0,0.0,0.0,0.0,0.0,0.0,0.0,0.0,-2.004,-2.004,0.0,0.0,0.0,0.0,0.0,6227.0,3.69720284620144e+19,6924.0,2.718430741444032e+23,2.7184312818759872e+23,-0.0,2.718430741444032e+23,0.0,0.0,0.0,0.0,69,-0.0,-2.3088364955910118e+20,0.0,0.0,0.0,0.0,0.0,0.0,0.0,0,0,0,0.0,0.0,0.0,0.0,0.0,0.0,0.0,0.0,0.0,0.0,0.0,0.0,0.0,0.0,0.0,0.0,0,-107875648.0,69,0.0,138,0.0,-109447200.0,0,13107,17040,39322,17049,26215,17043,0,0,0,70,68,100,2.7302359370752657e+23,71.2,2.7302370179391762e+23,74.3,-0.0,74.0,1,49,50,180,13107,0,0,0,0.0,0.0,0.0,0.0,-0.0,67.0,0.0,162057.094,0.0,751,0,740,0,0,0,721,0,768,0,736,0,743,0,742,0,712,0,7520,0.032,108447924224.0,0.0,0.0,784,16797,-0.0,162057.094,-114818.039,-0.0,0.133,6.909358625270745e+28,30.0,65.0,35,0.0,0.0,0.0,0.0,0.0,0.0,0.0,0.0,0.0,0.0,0.0,0.0,0.0,0.0,0.0,0.0,69.2,0,150,71,55,65476,0,300,0,1,8,20529,65476,0,0,40632,65.0,0.0,0.0,0.0,0.0,0.0
2026-09-04T20:02:09,ERR,ERR,ERR,ERR,ERR,ERR,ERR,ERR,ERR,ERR,ERR,ERR,ERR,ERR,ERR,ERR,ERR,ERR,ERR,ERR,ERR,ERR,ERR,ERR,ERR,ERR,ERR,ERR,ERR,ERR,ERR,ERR,ERR,ERR,ERR,ERR,ERR,ERR,ERR,ERR,ERR,ERR,ERR,ERR,ERR,ERR,ERR,ERR,ERR,ERR,ERR,ERR,ERR,ERR,ERR,ERR,ERR,ERR,ERR,ERR,ERR,ERR,ERR,ERR,ERR,ERR,ERR,ERR,ERR,ERR,ERR,ERR,ERR,ERR,ERR,ERR,ERR,ERR,ERR,ERR,ERR,ERR,ERR,ERR,ERR,ERR,ERR,ERR,ERR,ERR,ERR,ERR,ERR,ERR,ERR,ERR,ERR,ERR,ERR,ERR,ERR,ERR,ERR,ERR,ERR,ERR,ERR,ERR,ERR,ERR,ERR,ERR,ERR,ERR,ERR,ERR,ERR,ERR,ERR,ERR,ERR,ERR,ERR,ERR,ERR,2.718430741444032e+23,-0.0,-134479040.0,0.0,0.0,1.3936040501711995e+18,7.805,0.0,0,0,4,0,7116,0.0,100,0.0,0.0,0.0,0.0,0.0,0,0,0,0,0.0,0,0,0,0,0,0,0,0,0,0,0,0,0,0,0,0,0,0,0,0,0,0,0,0,0,0,0,0,0,0,0,0,0,31,40,40,71,65476,0,300,0,0,8,21553,0.0,-107605600.0,0.0,0.0,0.0,0.0,0.0,0.0,0.0,0.0,0.0,0.0,0.0,0.0,0.0,0.0,0.0,0.0,0.0,0.0,0.0,0.0,0.0,-2.004,-2.004,0.0,0.0,0.0,0.0,0.0,6227.0,3.69720284620144e+19,6924.0,2.718430741444032e+23,2.7184312818759872e+23,-0.0,2.718430741444032e+23,0.0,0.0,0.0,0.0,69,-0.0,-2.3088364955910118e+20,0.0,0.0,0.0,0.0,0.0,0.0,0.0,0,0,0,0.0,0.0,0.0,0.0,0.0,0.0,0.0,0.0,0.0,0.0,0.0,0.0,0.0,0.0,0.0,0.0,0,-107875648.0,69,0.0,138,0.0,-109447200.0,0,13107,17040,39322,17049,26215,17043,0,0,0,70,68,100,2.7302359370752657e+23,71.2,2.7302370179391762e+23,74.3,-0.0,74.0,1,49,50,180,13107,0,0,0,0.0,0.0,0.0,0.0,-0.0,67.0,0.0,162057.094,0.0,751,0,740,0,0,0,721,0,768,0,736,0,743,0,742,0,712,0,7520,0.032,108447924224.0,0.0,0.0,784,16797,-0.0,162057.094,-114818.039,-0.0,0.133,6.909358625270745e+28,30.0,65.0,35,0.0,0.0,0.0,0.0,0.0,0.0,0.0,0.0,0.0,0.0,0.0,0.0,0.0,0.0,0.0,0.0,69.2,0,150,71,55,65476,0,300,0,1,8,20529,65476,0,0,40632,65.0,0.0,0.0,0.0,0.0,0.0
2026-09-04T20:02:10,ERR,ERR,ERR,ERR,ERR,ERR,ERR,ERR,ERR,ERR,ERR,ERR,ERR,ERR,ERR,ERR,ERR,ERR,ERR,ERR,ERR,ERR,ERR,ERR,ERR,ERR,ERR,ERR,ERR,ERR,ERR,ERR,ERR,ERR,ERR,ERR,ERR,ERR,ERR,ERR,ERR,ERR,ERR,ERR,ERR,ERR,ERR,ERR,ERR,ERR,ERR,ERR,ERR,ERR,ERR,ERR,ERR,ERR,ERR,ERR,ERR,ERR,ERR,ERR,ERR,ERR,ERR,ERR,ERR,ERR,ERR,ERR,ERR,ERR,ERR,ERR,ERR,ERR,ERR,ERR,ERR,ERR,ERR,ERR,ERR,ERR,ERR,ERR,ERR,ERR,ERR,ERR,ERR,ERR,ERR,ERR,ERR,ERR,ERR,ERR,ERR,ERR,ERR,ERR,ERR,ERR,ERR,ERR,ERR,ERR,ERR,ERR,ERR,ERR,ERR,ERR,ERR,ERR,ERR,ERR,ERR,ERR,ERR,ERR,ERR,2.718430741444032e+23,-0.0,-134479040.0,0.0,0.0,1.3936040501711995e+18,7.805,0.0,0,0,4,0,7116,0.0,100,0.0,0.0,0.0,0.0,0.0,0,0,0,0,0.0,0,0,0,0,0,0,0,0,0,0,0,0,0,0,0,0,0,0,0,0,0,0,0,0,0,0,0,0,0,0,0,0,0,31,40,40,71,65476,0,300,0,0,8,21553,0.0,-107605600.0,0.0,0.0,0.0,0.0,0.0,0.0,0.0,0.0,0.0,0.0,0.0,0.0,0.0,0.0,0.0,0.0,0.0,0.0,0.0,0.0,0.0,-2.004,-2.004,0.0,0.0,0.0,0.0,0.0,6227.0,3.69720284620144e+19,6924.0,2.718430741444032e+23,2.7184312818759872e+23,-0.0,2.718430741444032e+23,0.0,0.0,0.0,0.0,69,-0.0,-2.3088364955910118e+20,0.0,0.0,0.0,0.0,0.0,0.0,0.0,0,0,0,0.0,0.0,0.0,0.0,0.0,0.0,0.0,0.0,0.0,0.0,0.0,0.0,0.0,0.0,0.0,0.0,0,-107875648.0,69,0.0,138,0.0,-109447200.0,0,13107,17040,39322,17049,26215,17043,0,0,0,70,68,100,2.7302359370752657e+23,71.2,2.7302370179391762e+23,74.3,-0.0,74.0,1,49,50,180,13107,0,0,0,0.0,0.0,0.0,0.0,-0.0,67.0,0.0,162057.094,0.0,751,0,740,0,0,0,721,0,768,0,736,0,743,0,742,0,712,0,7520,0.032,108447924224.0,0.0,0.0,784,16797,-0.0,162057.094,-114818.039,-0.0,0.133,6.909358625270745e+28,30.0,65.0,35,0.0,0.0,0.0,0.0,0.0,0.0,0.0,0.0,0.0,0.0,0.0,0.0,0.0,0.0,0.0,0.0,69.2,0,150,71,55,65476,0,300,0,1,8,20529,65476,0,0,40632,65.0,0.0,0.0,0.0,0.0,0.0
2026-09-04T20:02:11,ERR,ERR,ERR,ERR,ERR,ERR,ERR,ERR,ERR,ERR,ERR,ERR,ERR,ERR,ERR,ERR,ERR,ERR,ERR,ERR,ERR,ERR,ERR,ERR,ERR,ERR,ERR,ERR,ERR,ERR,ERR,ERR,ERR,ERR,ERR,ERR,ERR,ERR,ERR,ERR,ERR,ERR,ERR,ERR,ERR,ERR,ERR,ERR,ERR,ERR,ERR,ERR,ERR,ERR,ERR,ERR,ERR,ERR,ERR,ERR,ERR,ERR,ERR,ERR,ERR,ERR,ERR,ERR,ERR,ERR,ERR,ERR,ERR,ERR,ERR,ERR,ERR,ERR,ERR,ERR,ERR,ERR,ERR,ERR,ERR,ERR,ERR,ERR,ERR,ERR,ERR,ERR,ERR,ERR,ERR,ERR,ERR,ERR,ERR,ERR,ERR,ERR,ERR,ERR,ERR,ERR,ERR,ERR,ERR,ERR,ERR,ERR,ERR,ERR,ERR,ERR,ERR,ERR,ERR,ERR,ERR,ERR,ERR,ERR,ERR,2.718430741444032e+23,-0.0,-134479040.0,0.0,0.0,1.3936040501711995e+18,7.805,0.0,0,0,4,0,7116,0.0,100,0.0,0.0,0.0,0.0,0.0,0,0,0,0,0.0,0,0,0,0,0,0,0,0,0,0,0,0,0,0,0,0,0,0,0,0,0,0,0,0,0,0,0,0,0,0,0,0,0,31,40,40,71,65476,0,300,0,0,8,21553,0.0,-107605600.0,0.0,0.0,0.0,0.0,0.0,0.0,0.0,0.0,0.0,0.0,0.0,0.0,0.0,0.0,0.0,0.0,0.0,0.0,0.0,0.0,0.0,-2.004,-2.004,0.0,0.0,0.0,0.0,0.0,6227.0,3.69720284620144e+19,6924.0,2.718430741444032e+23,2.7184312818759872e+23,-0.0,2.718430741444032e+23,0.0,0.0,0.0,0.0,69,-0.0,-2.3088364955910118e+20,0.0,0.0,0.0,0.0,0.0,0.0,0.0,0,0,0,0.0,0.0,0.0,0.0,0.0,0.0,0.0,0.0,0.0,0.0,0.0,0.0,0.0,0.0,0.0,0.0,0,-107875648.0,69,0.0,138,0.0,-109447200.0,0,13107,17040,39322,17049,26215,17043,0,0,0,70,68,100,2.7302359370752657e+23,71.2,2.7302370179391762e+23,74.3,-0.0,74.0,1,49,50,180,13107,0,0,0,0.0,0.0,0.0,0.0,-0.0,67.0,0.0,162057.094,0.0,751,0,740,0,0,0,721,0,768,0,736,0,743,0,742,0,712,0,7520,0.032,108447924224.0,0.0,0.0,784,16797,-0.0,162057.094,-114818.039,-0.0,0.133,6.909358625270745e+28,30.0,65.0,35,0.0,0.0,0.0,0.0,0.0,0.0,0.0,0.0,0.0,0.0,0.0,0.0,0.0,0.0,0.0,0.0,69.2,0,150,71,55,65476,0,300,0,1,8,20529,65476,0,0,40632,65.0,0.0,0.0,0.0,0.0,0.0
2026-09-04T20:02:12,ERR,ERR,ERR,ERR,ERR,ERR,ERR,ERR,ERR,ERR,ERR,ERR,ERR,ERR,ERR,ERR,ERR,ERR,ERR,ERR,ERR,ERR,ERR,ERR,ERR,ERR,ERR,ERR,ERR,ERR,ERR,ERR,ERR,ERR,ERR,ERR,ERR,ERR,ERR,ERR,ERR,ERR,ERR,ERR,ERR,ERR,ERR,ERR,ERR,ERR,ERR,ERR,ERR,ERR,ERR,ERR,ERR,ERR,ERR,ERR,ERR,ERR,ERR,ERR,ERR,ERR,ERR,ERR,ERR,ERR,ERR,ERR,ERR,ERR,ERR,ERR,ERR,ERR,ERR,ERR,ERR,ERR,ERR,ERR,ERR,ERR,ERR,ERR,ERR,ERR,ERR,ERR,ERR,ERR,ERR,ERR,ERR,ERR,ERR,ERR,ERR,ERR,ERR,ERR,ERR,ERR,ERR,ERR,ERR,ERR,ERR,ERR,ERR,ERR,ERR,ERR,ERR,ERR,ERR,ERR,ERR,ERR,ERR,ERR,ERR,2.718430741444032e+23,2.7184312818759872e+23,0.0,0.0,0.0,1.3936040501711995e+18,7.805,0.0,0,0,4,0,7116,0.0,100,0.0,0.0,0.0,0.0,0.0,0,0,0,0,0.0,0,0,0,0,0,0,0,0,0,0,0,0,0,0,0,0,0,0,0,0,0,0,0,0,0,0,0,0,0,0,0,0,0,31,40,40,71,65476,0,300,0,0,8,21553,0.0,-107605600.0,0.0,0.0,0.0,0.0,0.0,0.0,0.0,0.0,0.0,0.0,0.0,0.0,0.0,0.0,0.0,0.0,0.0,0.0,0.0,0.0,0.0,0.0,-2.004,0.0,0.0,0.0,0.0,0.0,6256.0,564148450623488.0,6923.0,2.718430741444032e+23,-0.0,-0.0,2.718430741444032e+23,0.0,0.0,0.0,0.0,69,-89221.172,0.0,0.0,0.0,0.0,0.0,0.0,0.0,0.0,0,0,0,0.0,0.0,0.0,0.0,0.0,0.0,0.0,0.0,0.0,0.0,0.0,0.0,0.0,0.0,0.0,0.0,0,-107875648.0,69,0.0,138,0.0,-109447200.0,0,13107,17040,39322,17049,26215,17043,0,0,0,70,68,100,2.7302359370752657e+23,71.2,2.7302370179391762e+23,74.3,-0.0,74.0,1,49,50,180,13107,0,0,0,0.0,0.0,0.0,0.0,-0.0,67.0,0.0,162057.094,0.0,751,0,740,0,0,0,721,0,768,0,736,0,743,0,742,0,712,0,7520,0.032,108447924224.0,0.0,0.0,784,16797,-0.0,162057.094,-114818.039,-0.0,0.133,6.909358625270745e+28,30.0,65.0,35,0.0,0.0,0.0,0.0,0.0,0.0,0.0,0.0,0.0,0.0,0.0,0.0,0.0,0.0,0.0,0.0,69.2,0,150,71,55,65476,0,300,0,1,8,20529,65476,0,0,40632,65.0,0.0,0.0,0.0,0.0,0.0
2026-09-04T20:02:13,ERR,ERR,ERR,ERR,ERR,ERR,ERR,ERR,ERR,ERR,ERR,ERR,ERR,ERR,ERR,ERR,ERR,ERR,ERR,ERR,ERR,ERR,ERR,ERR,ERR,ERR,ERR,ERR,ERR,ERR,ERR,ERR,ERR,ERR,ERR,ERR,ERR,ERR,ERR,ERR,ERR,ERR,ERR,ERR,ERR,ERR,ERR,ERR,ERR,ERR,ERR,ERR,ERR,ERR,ERR,ERR,ERR,ERR,ERR,ERR,ERR,ERR,ERR,ERR,ERR,ERR,ERR,ERR,ERR,ERR,ERR,ERR,ERR,ERR,ERR,ERR,ERR,ERR,ERR,ERR,ERR,ERR,ERR,ERR,ERR,ERR,ERR,ERR,ERR,ERR,ERR,ERR,ERR,ERR,ERR,ERR,ERR,ERR,ERR,ERR,ERR,ERR,ERR,ERR,ERR,ERR,ERR,ERR,ERR,ERR,ERR,ERR,ERR,ERR,ERR,ERR,ERR,ERR,ERR,ERR,ERR,ERR,ERR,ERR,ERR,2.718430741444032e+23,2.7184312818759872e+23,0.0,0.0,0.0,1.3936040501711995e+18,7.805,0.0,0,0,4,0,7116,0.0,100,0.0,0.0,0.0,0.0,0.0,0,0,0,0,0.0,0,0,0,0,0,0,0,0,0,0,0,0,0,0,0,0,0,0,0,0,0,0,0,0,0,0,0,0,0,0,0,0,0,31,40,40,71,65476,0,300,0,0,8,21553,0.0,-107605600.0,0.0,0.0,0.0,0.0,0.0,0.0,0.0,0.0,0.0,0.0,0.0,0.0,0.0,0.0,0.0,0.0,0.0,0.0,0.0,0.0,0.0,0.0,-2.004,0.0,0.0,0.0,0.0,0.0,6256.0,564148450623488.0,6923.0,2.718430741444032e+23,-0.0,-0.0,2.718430741444032e+23,0.0,0.0,0.0,0.0,69,-89221.172,0.0,0.0,0.0,0.0,0.0,0.0,0.0,0.0,0,0,0,0.0,0.0,0.0,0.0,0.0,0.0,0.0,0.0,0.0,0.0,0.0,0.0,0.0,0.0,0.0,0.0,0,-107875648.0,69,0.0,138,0.0,-109447200.0,0,13107,17040,39322,17049,13107,17043,0,0,0,70,68,100,2.7302359370752657e+23,71.2,2.7302370179391762e+23,74.3,-0.0,74.0,1,49,50,180,13107,0,0,0,0.0,0.0,0.0,0.0,-0.0,67.0,0.0,162057.094,0.0,751,0,740,0,0,0,721,0,768,0,737,0,743,0,742,0,712,0,7520,0.032,107911053312.0,0.0,0.0,784,16797,-0.0,162057.094,-114818.039,-0.0,0.133,6.909358625270745e+28,30.0,65.0,35,0.0,0.0,0.0,0.0,0.0,0.0,0.0,0.0,0.0,0.0,0.0,0.0,0.0,0.0,0.0,0.0,69.2,0,150,71,55,65476,0,300,0,1,8,20529,65476,0,0,40632,65.0,0.0,0.0,0.0,0.0,0.0
2026-09-04T20:02:14,ERR,ERR,ERR,ERR,ERR,ERR,ERR,ERR,ERR,ERR,ERR,ERR,ERR,ERR,ERR,ERR,ERR,ERR,ERR,ERR,ERR,ERR,ERR,ERR,ERR,ERR,ERR,ERR,ERR,ERR,ERR,ERR,ERR,ERR,ERR,ERR,ERR,ERR,ERR,ERR,ERR,ERR,ERR,ERR,ERR,ERR,ERR,ERR,ERR,ERR,ERR,ERR,ERR,ERR,ERR,ERR,ERR,ERR,ERR,ERR,ERR,ERR,ERR,ERR,ERR,ERR,ERR,ERR,ERR,ERR,ERR,ERR,ERR,ERR,ERR,ERR,ERR,ERR,ERR,ERR,ERR,ERR,ERR,ERR,ERR,ERR,ERR,ERR,ERR,ERR,ERR,ERR,ERR,ERR,ERR,ERR,ERR,ERR,ERR,ERR,ERR,ERR,ERR,ERR,ERR,ERR,ERR,ERR,ERR,ERR,ERR,ERR,ERR,ERR,ERR,ERR,ERR,ERR,ERR,ERR,ERR,ERR,ERR,ERR,ERR,2.718430741444032e+23,2.7184312818759872e+23,0.0,0.0,0.0,1.3936040501711995e+18,7.805,0.0,0,0,4,0,7116,0.0,100,0.0,0.0,0.0,0.0,0.0,0,0,0,0,0.0,0,0,0,0,0,0,0,0,0,0,0,0,0,0,0,0,0,0,0,0,0,0,0,0,0,0,0,0,0,0,0,0,0,31,40,40,71,65476,0,300,0,0,8,21553,0.0,-107605600.0,0.0,0.0,0.0,0.0,0.0,0.0,0.0,0.0,0.0,0.0,0.0,0.0,0.0,0.0,0.0,0.0,0.0,0.0,0.0,0.0,0.0,0.0,-2.004,0.0,0.0,0.0,0.0,0.0,6256.0,564148450623488.0,6923.0,2.718430741444032e+23,-0.0,-0.0,2.718430741444032e+23,0.0,0.0,0.0,0.0,69,-89221.172,0.0,0.0,0.0,0.0,0.0,0.0,0.0,0.0,0,0,0,0.0,0.0,0.0,0.0,0.0,0.0,0.0,0.0,0.0,0.0,0.0,0.0,0.0,0.0,0.0,0.0,0,-107875648.0,69,0.0,138,0.0,-109447200.0,0,13107,17040,39322,17049,13107,17043,0,0,0,70,68,100,2.7302359370752657e+23,71.2,2.7302370179391762e+23,74.3,-0.0,74.0,1,49,50,180,13107,0,0,0,0.0,0.0,0.0,0.0,-0.0,67.0,0.0,162057.094,0.0,751,0,740,0,0,0,721,0,768,0,737,0,743,0,742,0,712,0,7520,0.032,107911053312.0,0.0,0.0,784,16797,-0.0,162057.094,-114818.039,-0.0,0.133,6.909358625270745e+28,30.0,65.0,35,0.0,0.0,0.0,0.0,0.0,0.0,0.0,0.0,0.0,0.0,0.0,0.0,0.0,0.0,0.0,0.0,69.2,0,150,71,55,65476,0,300,0,1,8,20529,65476,0,0,40632,65.0,0.0,0.0,0.0,0.0,0.0
2026-09-04T20:02:15,ERR,ERR,ERR,ERR,ERR,ERR,ERR,ERR,ERR,ERR,ERR,ERR,ERR,ERR,ERR,ERR,ERR,ERR,ERR,ERR,ERR,ERR,ERR,ERR,ERR,ERR,ERR,ERR,ERR,ERR,ERR,ERR,ERR,ERR,ERR,ERR,ERR,ERR,ERR,ERR,ERR,ERR,ERR,ERR,ERR,ERR,ERR,ERR,ERR,ERR,ERR,ERR,ERR,ERR,ERR,ERR,ERR,ERR,ERR,ERR,ERR,ERR,ERR,ERR,ERR,ERR,ERR,ERR,ERR,ERR,ERR,ERR,ERR,ERR,ERR,ERR,ERR,ERR,ERR,ERR,ERR,ERR,ERR,ERR,ERR,ERR,ERR,ERR,ERR,ERR,ERR,ERR,ERR,ERR,ERR,ERR,ERR,ERR,ERR,ERR,ERR,ERR,ERR,ERR,ERR,ERR,ERR,ERR,ERR,ERR,ERR,ERR,ERR,ERR,ERR,ERR,ERR,ERR,ERR,ERR,ERR,ERR,ERR,ERR,ERR,2.718430741444032e+23,2.7184312818759872e+23,0.0,0.0,0.0,1.3936040501711995e+18,7.805,0.0,0,0,4,0,7116,0.0,100,0.0,0.0,0.0,0.0,0.0,0,0,0,0,0.0,0,0,0,0,0,0,0,0,0,0,0,0,0,0,0,0,0,0,0,0,0,0,0,0,0,0,0,0,0,0,0,0,0,31,40,40,71,65476,0,300,0,0,8,21553,0.0,-107605600.0,0.0,0.0,0.0,0.0,0.0,0.0,0.0,0.0,0.0,0.0,0.0,0.0,0.0,0.0,0.0,0.0,0.0,0.0,0.0,0.0,0.0,0.0,-2.004,0.0,0.0,0.0,0.0,0.0,6256.0,564148450623488.0,6923.0,2.718430741444032e+23,-0.0,-0.0,2.718430741444032e+23,0.0,0.0,0.0,0.0,69,-89221.172,0.0,0.0,0.0,0.0,0.0,0.0,0.0,0.0,0,0,0,0.0,0.0,0.0,0.0,0.0,0.0,0.0,0.0,0.0,0.0,0.0,0.0,0.0,0.0,0.0,0.0,0,-107875648.0,69,0.0,138,0.0,-109447200.0,0,13107,17040,39322,17049,13107,17043,0,0,0,70,68,100,2.7302359370752657e+23,71.2,2.7302370179391762e+23,74.3,-0.0,74.0,1,49,50,180,13107,0,0,0,0.0,0.0,0.0,0.0,-0.0,67.0,0.0,162057.094,0.0,751,0,740,0,0,0,721,0,768,0,737,0,743,0,742,0,712,0,7520,0.032,107911053312.0,0.0,0.0,784,16797,-0.0,162057.094,-114818.039,-0.0,0.133,6.909358625270745e+28,30.0,65.0,35,0.0,0.0,0.0,0.0,0.0,0.0,0.0,0.0,0.0,0.0,0.0,0.0,0.0,0.0,0.0,0.0,69.2,0,150,71,55,65476,0,300,0,1,8,20529,65476,0,0,40632,65.0,0.0,0.0,0.0,0.0,0.0
2026-09-04T20:02:16,ERR,ERR,ERR,ERR,ERR,ERR,ERR,ERR,ERR,ERR,ERR,ERR,ERR,ERR,ERR,ERR,ERR,ERR,ERR,ERR,ERR,ERR,ERR,ERR,ERR,ERR,ERR,ERR,ERR,ERR,ERR,ERR,ERR,ERR,ERR,ERR,ERR,ERR,ERR,ERR,ERR,ERR,ERR,ERR,ERR,ERR,ERR,ERR,ERR,ERR,ERR,ERR,ERR,ERR,ERR,ERR,ERR,ERR,ERR,ERR,ERR,ERR,ERR,ERR,ERR,ERR,ERR,ERR,ERR,ERR,ERR,ERR,ERR,ERR,ERR,ERR,ERR,ERR,ERR,ERR,ERR,ERR,ERR,ERR,ERR,ERR,ERR,ERR,ERR,ERR,ERR,ERR,ERR,ERR,ERR,ERR,ERR,ERR,ERR,ERR,ERR,ERR,ERR,ERR,ERR,ERR,ERR,ERR,ERR,ERR,ERR,ERR,ERR,ERR,ERR,ERR,ERR,ERR,ERR,ERR,ERR,ERR,ERR,ERR,ERR,2.718430741444032e+23,2.7184312818759872e+23,0.0,0.0,0.0,1.3936040501711995e+18,7.805,0.0,0,0,4,0,7116,0.0,100,0.0,0.0,0.0,0.0,0.0,0,0,0,0,0.0,0,0,0,0,0,0,0,0,0,0,0,0,0,0,0,0,0,0,0,0,0,0,0,0,0,0,0,0,0,0,0,0,0,31,40,40,71,65476,0,300,0,0,8,21553,0.0,-107605600.0,0.0,0.0,0.0,0.0,0.0,0.0,0.0,0.0,0.0,0.0,0.0,0.0,0.0,0.0,0.0,0.0,0.0,0.0,0.0,0.0,0.0,0.0,-2.004,0.0,0.0,0.0,0.0,0.0,6256.0,564148450623488.0,6923.0,2.718430741444032e+23,-0.0,-0.0,2.718430741444032e+23,0.0,0.0,0.0,0.0,69,-89221.172,0.0,0.0,0.0,0.0,0.0,0.0,0.0,0.0,0,0,0,0.0,0.0,0.0,0.0,0.0,0.0,0.0,0.0,0.0,0.0,0.0,0.0,0.0,0.0,0.0,0.0,0,-107875648.0,69,0.0,138,0.0,-109447200.0,0,13107,17040,39322,17049,13107,17043,0,0,0,70,68,100,2.7302359370752657e+23,71.2,2.7302370179391762e+23,74.3,-0.0,74.0,1,49,50,180,13107,0,0,0,0.0,0.0,0.0,0.0,-0.0,67.0,0.0,162057.094,0.0,751,0,740,0,0,0,721,0,768,0,737,0,743,0,742,0,712,0,7520,0.032,107911053312.0,0.0,0.0,784,16797,-0.0,162057.094,-114818.039,-0.0,0.133,6.909358625270745e+28,30.0,65.0,35,0.0,0.0,0.0,0.0,0.0,0.0,0.0,0.0,0.0,0.0,0.0,0.0,0.0,0.0,0.0,0.0,69.2,0,150,71,55,65476,0,300,0,1,8,20529,65476,0,0,40632,65.0,0.0,0.0,0.0,0.0,0.0
2026-09-04T20:02:17,ERR,ERR,ERR,ERR,ERR,ERR,ERR,ERR,ERR,ERR,ERR,ERR,ERR,ERR,ERR,ERR,ERR,ERR,ERR,ERR,ERR,ERR,ERR,ERR,ERR,ERR,ERR,ERR,ERR,ERR,ERR,ERR,ERR,ERR,ERR,ERR,ERR,ERR,ERR,ERR,ERR,ERR,ERR,ERR,ERR,ERR,ERR,ERR,ERR,ERR,ERR,ERR,ERR,ERR,ERR,ERR,ERR,ERR,ERR,ERR,ERR,ERR,ERR,ERR,ERR,ERR,ERR,ERR,ERR,ERR,ERR,ERR,ERR,ERR,ERR,ERR,ERR,ERR,ERR,ERR,ERR,ERR,ERR,ERR,ERR,ERR,ERR,ERR,ERR,ERR,ERR,ERR,ERR,ERR,ERR,ERR,ERR,ERR,ERR,ERR,ERR,ERR,ERR,ERR,ERR,ERR,ERR,ERR,ERR,ERR,ERR,ERR,ERR,ERR,ERR,ERR,ERR,ERR,ERR,ERR,ERR,ERR,ERR,ERR,ERR,2.718430741444032e+23,2.7184312818759872e+23,0.0,0.0,0.0,1.3936040501711995e+18,7.805,0.0,0,0,4,0,7116,0.0,100,0.0,0.0,0.0,0.0,0.0,0,0,0,0,0.0,0,0,0,0,0,0,0,0,0,0,0,0,0,0,0,0,0,0,0,0,0,0,0,0,0,0,0,0,0,0,0,0,0,31,40,40,71,65476,0,300,0,0,8,21553,0.0,-107605600.0,0.0,0.0,0.0,0.0,0.0,0.0,0.0,0.0,0.0,0.0,0.0,0.0,0.0,0.0,0.0,0.0,0.0,0.0,0.0,0.0,0.0,0.0,-2.004,0.0,0.0,0.0,0.0,0.0,6256.0,564148450623488.0,6923.0,2.718430741444032e+23,-0.0,-0.0,2.718430741444032e+23,0.0,0.0,0.0,0.0,69,-89221.172,0.0,0.0,0.0,0.0,0.0,0.0,0.0,0.0,0,0,0,0.0,0.0,0.0,0.0,0.0,0.0,0.0,0.0,0.0,0.0,0.0,0.0,0.0,0.0,0.0,0.0,0,-107875648.0,69,0.0,138,0.0,-109447200.0,0,13107,17040,39322,17049,13107,17043,0,0,0,70,68,100,2.7302359370752657e+23,71.2,2.7302370179391762e+23,74.3,-0.0,74.0,1,49,50,180,13107,0,0,0,0.0,0.0,0.0,0.0,-0.0,67.0,0.0,162057.094,0.0,751,0,740,0,0,0,721,0,768,0,737,0,743,0,742,0,712,0,7520,0.032,107911053312.0,0.0,0.0,784,16797,-0.0,162057.094,-114818.039,-0.0,0.133,6.909358625270745e+28,30.0,65.0,35,0.0,0.0,0.0,0.0,0.0,0.0,0.0,0.0,0.0,0.0,0.0,0.0,0.0,0.0,0.0,0.0,69.2,0,150,71,55,65476,0,300,0,1,8,20529,65476,0,0,40632,65.0,0.0,0.0,0.0,0.0,0.0
2026-09-04T20:02:18,ERR,ERR,ERR,ERR,ERR,ERR,ERR,ERR,ERR,ERR,ERR,ERR,ERR,ERR,ERR,ERR,ERR,ERR,ERR,ERR,ERR,ERR,ERR,ERR,ERR,ERR,ERR,ERR,ERR,ERR,ERR,ERR,ERR,ERR,ERR,ERR,ERR,ERR,ERR,ERR,ERR,ERR,ERR,ERR,ERR,ERR,ERR,ERR,ERR,ERR,ERR,ERR,ERR,ERR,ERR,ERR,ERR,ERR,ERR,ERR,ERR,ERR,ERR,ERR,ERR,ERR,ERR,ERR,ERR,ERR,ERR,ERR,ERR,ERR,ERR,ERR,ERR,ERR,ERR,ERR,ERR,ERR,ERR,ERR,ERR,ERR,ERR,ERR,ERR,ERR,ERR,ERR,ERR,ERR,ERR,ERR,ERR,ERR,ERR,ERR,ERR,ERR,ERR,ERR,ERR,ERR,ERR,ERR,ERR,ERR,ERR,ERR,ERR,ERR,ERR,ERR,ERR,ERR,ERR,ERR,ERR,ERR,ERR,ERR,ERR,2.718430741444032e+23,2.7184312818759872e+23,0.0,0.0,0.0,1.3936040501711995e+18,7.805,0.0,0,0,4,0,7116,0.0,100,0.0,0.0,0.0,0.0,0.0,0,0,0,0,0.0,0,0,0,0,0,0,0,0,0,0,0,0,0,0,0,0,0,0,0,0,0,0,0,0,0,0,0,0,0,0,0,0,0,31,40,40,71,65476,0,300,0,0,8,21553,0.0,-107605600.0,0.0,0.0,0.0,0.0,0.0,0.0,0.0,0.0,0.0,0.0,0.0,0.0,0.0,0.0,0.0,0.0,0.0,0.0,0.0,0.0,0.0,0.0,-2.004,0.0,0.0,0.0,0.0,0.0,6256.0,564148450623488.0,6923.0,2.718430741444032e+23,-0.0,-0.0,2.718430741444032e+23,0.0,0.0,0.0,0.0,69,-89221.172,0.0,0.0,0.0,0.0,0.0,0.0,0.0,0.0,0,0,0,0.0,0.0,0.0,0.0,0.0,0.0,0.0,0.0,0.0,0.0,0.0,0.0,0.0,0.0,0.0,0.0,0,-107875648.0,69,0.0,138,0.0,-109447200.0,0,13107,17040,39322,17049,13107,17043,0,0,0,70,68,100,2.7302359370752657e+23,71.2,2.7302370179391762e+23,74.3,-0.0,74.0,1,49,50,180,13107,0,0,0,0.0,0.0,0.0,0.0,-0.0,67.0,0.0,162057.094,0.0,751,0,740,0,0,0,721,0,768,0,737,0,743,0,742,0,712,0,7520,0.032,107911053312.0,0.0,0.0,784,16797,-0.0,162057.094,-114818.039,-0.0,0.133,6.909358625270745e+28,30.0,65.0,35,0.0,0.0,0.0,0.0,0.0,0.0,0.0,0.0,0.0,0.0,0.0,0.0,0.0,0.0,0.0,0.0,69.2,0,150,71,55,65476,0,300,0,1,8,20529,65476,0,0,40632,65.0,0.0,0.0,0.0,0.0,0.0
2026-09-04T20:02:19,ERR,ERR,ERR,ERR,ERR,ERR,ERR,ERR,ERR,ERR,ERR,ERR,ERR,ERR,ERR,ERR,ERR,ERR,ERR,ERR,ERR,ERR,ERR,ERR,ERR,ERR,ERR,ERR,ERR,ERR,ERR,ERR,ERR,ERR,ERR,ERR,ERR,ERR,ERR,ERR,ERR,ERR,ERR,ERR,ERR,ERR,ERR,ERR,ERR,ERR,ERR,ERR,ERR,ERR,ERR,ERR,ERR,ERR,ERR,ERR,ERR,ERR,ERR,ERR,ERR,ERR,ERR,ERR,ERR,ERR,ERR,ERR,ERR,ERR,ERR,ERR,ERR,ERR,ERR,ERR,ERR,ERR,ERR,ERR,ERR,ERR,ERR,ERR,ERR,ERR,ERR,ERR,ERR,ERR,ERR,ERR,ERR,ERR,ERR,ERR,ERR,ERR,ERR,ERR,ERR,ERR,ERR,ERR,ERR,ERR,ERR,ERR,ERR,ERR,ERR,ERR,ERR,ERR,ERR,ERR,ERR,ERR,ERR,ERR,ERR,2.718430741444032e+23,2.7184312818759872e+23,0.0,0.0,0.0,1.3936040501711995e+18,7.805,0.0,0,0,4,0,7116,0.0,100,0.0,0.0,0.0,0.0,0.0,0,0,0,0,0.0,0,0,0,0,0,0,0,0,0,0,0,0,0,0,0,0,0,0,0,0,0,0,0,0,0,0,0,0,0,0,0,0,0,31,40,40,71,65476,0,300,0,0,8,21553,0.0,-107605600.0,0.0,0.0,0.0,0.0,0.0,0.0,0.0,0.0,0.0,0.0,0.0,0.0,0.0,0.0,0.0,0.0,0.0,0.0,0.0,0.0,0.0,0.0,-2.004,0.0,0.0,0.0,0.0,0.0,6256.0,564148450623488.0,6923.0,2.718430741444032e+23,-0.0,-0.0,2.718430741444032e+23,0.0,0.0,0.0,0.0,69,-89221.172,0.0,0.0,0.0,0.0,0.0,0.0,0.0,0.0,0,0,0,0.0,0.0,0.0,0.0,0.0,0.0,0.0,0.0,0.0,0.0,0.0,0.0,0.0,0.0,0.0,0.0,0,-107875648.0,69,0.0,138,0.0,-109447200.0,0,13107,17040,39322,17049,13107,17043,0,0,0,70,68,100,2.7302359370752657e+23,71.2,2.7302370179391762e+23,74.3,-0.0,74.0,1,49,50,180,26215,0,0,0,0.0,0.0,0.0,0.0,-0.0,67.0,0.0,162057.094,0.0,751,0,740,0,0,0,721,0,768,0,737,0,742,0,742,0,712,0,7520,0.032,107911053312.0,0.0,0.0,784,16797,-0.0,162057.094,-114818.039,-0.0,0.133,6.909358625270745e+28,30.0,65.0,35,0.0,0.0,0.0,0.0,0.0,0.0,0.0,0.0,0.0,0.0,0.0,0.0,0.0,0.0,0.0,0.0,69.2,0,150,71,55,65476,0,300,0,1,8,20529,65476,0,0,40632,65.0,0.0,0.0,0.0,0.0,0.0
2026-09-04T20:02:20,ERR,ERR,ERR,ERR,ERR,ERR,ERR,ERR,ERR,ERR,ERR,ERR,ERR,ERR,ERR,ERR,ERR,ERR,ERR,ERR,ERR,ERR,ERR,ERR,ERR,ERR,ERR,ERR,ERR,ERR,ERR,ERR,ERR,ERR,ERR,ERR,ERR,ERR,ERR,ERR,ERR,ERR,ERR,ERR,ERR,ERR,ERR,ERR,ERR,ERR,ERR,ERR,ERR,ERR,ERR,ERR,ERR,ERR,ERR,ERR,ERR,ERR,ERR,ERR,ERR,ERR,ERR,ERR,ERR,ERR,ERR,ERR,ERR,ERR,ERR,ERR,ERR,ERR,ERR,ERR,ERR,ERR,ERR,ERR,ERR,ERR,ERR,ERR,ERR,ERR,ERR,ERR,ERR,ERR,ERR,ERR,ERR,ERR,ERR,ERR,ERR,ERR,ERR,ERR,ERR,ERR,ERR,ERR,ERR,ERR,ERR,ERR,ERR,ERR,ERR,ERR,ERR,ERR,ERR,ERR,ERR,ERR,ERR,ERR,ERR,2.718430741444032e+23,-0.0,-134479040.0,0.0,0.0,1.3936040501711995e+18,7.805,0.0,0,0,4,0,7116,0.0,100,0.0,0.0,0.0,0.0,0.0,0,0,0,0,0.0,0,0,0,0,0,0,0,0,0,0,0,0,0,0,0,0,0,0,0,0,0,0,0,0,0,0,0,0,0,0,0,0,0,31,40,40,71,65476,0,300,0,0,8,21553,0.0,-107605600.0,0.0,0.0,0.0,0.0,0.0,0.0,0.0,0.0,0.0,0.0,0.0,0.0,0.0,0.0,0.0,0.0,0.0,0.0,0.0,0.0,0.0,-2.004,-2.004,0.0,0.0,0.0,0.0,0.0,6259.0,-0.0,6929.0,2.718430741444032e+23,-0.0,-0.0,2.718430741444032e+23,0.0,0.0,0.0,0.0,69,-126841176064.0,89220.953,0.0,0.0,0.0,0.0,0.0,0.0,0.0,0,0,0,0.0,0.0,0.0,0.0,0.0,0.0,0.0,0.0,0.0,0.0,0.0,0.0,0.0,0.0,0.0,0.0,0,-107875648.0,69,0.0,138,0.0,-109447200.0,0,13107,17040,39322,17049,13107,17043,0,0,0,70,68,100,2.7302359370752657e+23,71.2,2.7302370179391762e+23,74.3,-0.0,74.0,1,49,50,180,26215,0,0,0,0.0,0.0,0.0,0.0,-0.0,67.0,0.0,162057.094,0.0,751,0,740,0,0,0,721,0,768,0,737,0,742,0,742,0,712,0,7520,0.032,107911053312.0,0.0,0.0,784,16797,-0.0,162057.094,-114818.039,-0.0,0.133,6.909358625270745e+28,30.0,65.0,35,0.0,0.0,0.0,0.0,0.0,0.0,0.0,0.0,0.0,0.0,0.0,0.0,0.0,0.0,0.0,0.0,69.2,0,150,71,55,65476,0,300,0,1,8,20529,65476,0,0,40632,65.0,0.0,0.0,0.0,0.0,0.0
2026-09-04T20:02:21,ERR,ERR,ERR,ERR,ERR,ERR,ERR,ERR,ERR,ERR,ERR,ERR,ERR,ERR,ERR,ERR,ERR,ERR,ERR,ERR,ERR,ERR,ERR,ERR,ERR,ERR,ERR,ERR,ERR,ERR,ERR,ERR,ERR,ERR,ERR,ERR,ERR,ERR,ERR,ERR,ERR,ERR,ERR,ERR,ERR,ERR,ERR,ERR,ERR,ERR,ERR,ERR,ERR,ERR,ERR,ERR,ERR,ERR,ERR,ERR,ERR,ERR,ERR,ERR,ERR,ERR,ERR,ERR,ERR,ERR,ERR,ERR,ERR,ERR,ERR,ERR,ERR,ERR,ERR,ERR,ERR,ERR,ERR,ERR,ERR,ERR,ERR,ERR,ERR,ERR,ERR,ERR,ERR,ERR,ERR,ERR,ERR,ERR,ERR,ERR,ERR,ERR,ERR,ERR,ERR,ERR,ERR,ERR,ERR,ERR,ERR,ERR,ERR,ERR,ERR,ERR,ERR,ERR,ERR,ERR,ERR,ERR,ERR,ERR,ERR,2.718430741444032e+23,-0.0,-134479040.0,0.0,0.0,1.3936040501711995e+18,7.805,0.0,0,0,4,0,7116,0.0,100,0.0,0.0,0.0,0.0,0.0,0,0,0,0,0.0,0,0,0,0,0,0,0,0,0,0,0,0,0,0,0,0,0,0,0,0,0,0,0,0,0,0,0,0,0,0,0,0,0,31,40,40,71,65476,0,300,0,0,8,21553,0.0,-107605600.0,0.0,0.0,0.0,0.0,0.0,0.0,0.0,0.0,0.0,0.0,0.0,0.0,0.0,0.0,0.0,0.0,0.0,0.0,0.0,0.0,0.0,-2.004,-2.004,0.0,0.0,0.0,0.0,0.0,6259.0,-0.0,6929.0,2.718430741444032e+23,-0.0,-0.0,2.718430741444032e+23,0.0,0.0,0.0,0.0,69,-126841176064.0,89220.953,0.0,0.0,0.0,0.0,0.0,0.0,0.0,0,0,0,0.0,0.0,0.0,0.0,0.0,0.0,0.0,0.0,0.0,0.0,0.0,0.0,0.0,0.0,0.0,0.0,0,-107875648.0,69,0.0,138,0.0,-109447200.0,0,13107,17040,39322,17049,13107,17043,0,0,0,70,68,100,2.7302359370752657e+23,71.2,2.7302370179391762e+23,74.3,-0.0,74.0,1,49,50,180,26215,0,0,0,0.0,0.0,0.0,0.0,-0.0,67.0,0.0,162057.094,0.0,751,0,740,0,0,0,721,0,768,0,737,0,742,0,742,0,712,0,7520,0.032,107911053312.0,0.0,0.0,784,16797,-0.0,162057.094,-114818.039,-0.0,0.133,6.909358625270745e+28,30.0,65.0,35,0.0,0.0,0.0,0.0,0.0,0.0,0.0,0.0,0.0,0.0,0.0,0.0,0.0,0.0,0.0,0.0,69.2,0,150,71,55,65476,0,300,0,1,8,20529,65476,0,0,40632,65.0,0.0,0.0,0.0,0.0,0.0
2026-09-04T20:02:22,ERR,ERR,ERR,ERR,ERR,ERR,ERR,ERR,ERR,ERR,ERR,ERR,ERR,ERR,ERR,ERR,ERR,ERR,ERR,ERR,ERR,ERR,ERR,ERR,ERR,ERR,ERR,ERR,ERR,ERR,ERR,ERR,ERR,ERR,ERR,ERR,ERR,ERR,ERR,ERR,ERR,ERR,ERR,ERR,ERR,ERR,ERR,ERR,ERR,ERR,ERR,ERR,ERR,ERR,ERR,ERR,ERR,ERR,ERR,ERR,ERR,ERR,ERR,ERR,ERR,ERR,ERR,ERR,ERR,ERR,ERR,ERR,ERR,ERR,ERR,ERR,ERR,ERR,ERR,ERR,ERR,ERR,ERR,ERR,ERR,ERR,ERR,ERR,ERR,ERR,ERR,ERR,ERR,ERR,ERR,ERR,ERR,ERR,ERR,ERR,ERR,ERR,ERR,ERR,ERR,ERR,ERR,ERR,ERR,ERR,ERR,ERR,ERR,ERR,ERR,ERR,ERR,ERR,ERR,ERR,ERR,ERR,ERR,ERR,ERR,2.718430741444032e+23,-0.0,-134479040.0,0.0,0.0,1.3936040501711995e+18,7.805,0.0,0,0,4,0,7116,0.0,100,0.0,0.0,0.0,0.0,0.0,0,0,0,0,0.0,0,0,0,0,0,0,0,0,0,0,0,0,0,0,0,0,0,0,0,0,0,0,0,0,0,0,0,0,0,0,0,0,0,31,40,40,71,65476,0,300,0,0,8,21553,0.0,-107605600.0,0.0,0.0,0.0,0.0,0.0,0.0,0.0,0.0,0.0,0.0,0.0,0.0,0.0,0.0,0.0,0.0,0.0,0.0,0.0,0.0,0.0,-2.004,-2.004,0.0,0.0,0.0,0.0,0.0,6259.0,-0.0,6929.0,2.718430741444032e+23,-0.0,-0.0,2.718430741444032e+23,0.0,0.0,0.0,0.0,69,-126841176064.0,89220.953,0.0,0.0,0.0,0.0,0.0,0.0,0.0,0,0,0,0.0,0.0,0.0,0.0,0.0,0.0,0.0,0.0,0.0,0.0,0.0,0.0,0.0,0.0,0.0,0.0,0,-107875648.0,69,0.0,138,0.0,-109447200.0,0,13107,17040,39322,17049,13107,17043,0,0,0,70,68,100,2.7302359370752657e+23,71.2,2.7302370179391762e+23,74.3,-0.0,74.0,1,49,50,180,26215,0,0,0,0.0,0.0,0.0,0.0,-0.0,67.0,0.0,162057.094,0.0,751,0,740,0,0,0,721,0,768,0,737,0,742,0,742,0,712,0,7520,0.032,107911053312.0,0.0,0.0,784,16797,-0.0,162057.094,-114818.039,-0.0,0.133,6.909358625270745e+28,30.0,65.0,35,0.0,0.0,0.0,0.0,0.0,0.0,0.0,0.0,0.0,0.0,0.0,0.0,0.0,0.0,0.0,0.0,69.2,0,150,71,55,65476,0,300,0,1,8,20529,65476,0,0,40632,65.0,0.0,0.0,0.0,0.0,0.0
2026-09-04T20:02:23,ERR,ERR,ERR,ERR,ERR,ERR,ERR,ERR,ERR,ERR,ERR,ERR,ERR,ERR,ERR,ERR,ERR,ERR,ERR,ERR,ERR,ERR,ERR,ERR,ERR,ERR,ERR,ERR,ERR,ERR,ERR,ERR,ERR,ERR,ERR,ERR,ERR,ERR,ERR,ERR,ERR,ERR,ERR,ERR,ERR,ERR,ERR,ERR,ERR,ERR,ERR,ERR,ERR,ERR,ERR,ERR,ERR,ERR,ERR,ERR,ERR,ERR,ERR,ERR,ERR,ERR,ERR,ERR,ERR,ERR,ERR,ERR,ERR,ERR,ERR,ERR,ERR,ERR,ERR,ERR,ERR,ERR,ERR,ERR,ERR,ERR,ERR,ERR,ERR,ERR,ERR,ERR,ERR,ERR,ERR,ERR,ERR,ERR,ERR,ERR,ERR,ERR,ERR,ERR,ERR,ERR,ERR,ERR,ERR,ERR,ERR,ERR,ERR,ERR,ERR,ERR,ERR,ERR,ERR,ERR,ERR,ERR,ERR,ERR,ERR,2.718430741444032e+23,-0.0,-134479040.0,0.0,0.0,1.3936040501711995e+18,7.805,0.0,0,0,4,0,7116,0.0,100,0.0,0.0,0.0,0.0,0.0,0,0,0,0,0.0,0,0,0,0,0,0,0,0,0,0,0,0,0,0,0,0,0,0,0,0,0,0,0,0,0,0,0,0,0,0,0,0,0,31,40,40,71,65476,0,300,0,0,8,21553,0.0,-107605600.0,0.0,0.0,0.0,0.0,0.0,0.0,0.0,0.0,0.0,0.0,0.0,0.0,0.0,0.0,0.0,0.0,0.0,0.0,0.0,0.0,0.0,-2.004,-2.004,0.0,0.0,0.0,0.0,0.0,6259.0,-0.0,6929.0,2.718430741444032e+23,-0.0,-0.0,2.718430741444032e+23,0.0,0.0,0.0,0.0,69,-126841176064.0,89220.953,0.0,0.0,0.0,0.0,0.0,0.0,0.0,0,0,0,0.0,0.0,0.0,0.0,0.0,0.0,0.0,0.0,0.0,0.0,0.0,0.0,0.0,0.0,0.0,0.0,0,-107875648.0,69,0.0,138,0.0,-109447200.0,0,13107,17040,39322,17049,13107,17043,0,0,0,70,68,100,2.7302359370752657e+23,71.2,2.7302370179391762e+23,74.3,-0.0,74.0,1,49,50,180,26215,0,0,0,0.0,0.0,0.0,0.0,-0.0,67.0,0.0,162057.094,0.0,751,0,740,0,0,0,721,0,768,0,737,0,742,0,742,0,712,0,7520,0.032,107911053312.0,0.0,0.0,784,16797,-0.0,162057.094,-114818.039,-0.0,0.133,6.909358625270745e+28,30.0,65.0,35,0.0,0.0,0.0,0.0,0.0,0.0,0.0,0.0,0.0,0.0,0.0,0.0,0.0,0.0,0.0,0.0,69.2,0,150,71,55,65476,0,300,0,1,8,20529,65476,0,0,40632,65.0,0.0,0.0,0.0,0.0,0.0
2026-09-04T20:02:24,ERR,ERR,ERR,ERR,ERR,ERR,ERR,ERR,ERR,ERR,ERR,ERR,ERR,ERR,ERR,ERR,ERR,ERR,ERR,ERR,ERR,ERR,ERR,ERR,ERR,ERR,ERR,ERR,ERR,ERR,ERR,ERR,ERR,ERR,ERR,ERR,ERR,ERR,ERR,ERR,ERR,ERR,ERR,ERR,ERR,ERR,ERR,ERR,ERR,ERR,ERR,ERR,ERR,ERR,ERR,ERR,ERR,ERR,ERR,ERR,ERR,ERR,ERR,ERR,ERR,ERR,ERR,ERR,ERR,ERR,ERR,ERR,ERR,ERR,ERR,ERR,ERR,ERR,ERR,ERR,ERR,ERR,ERR,ERR,ERR,ERR,ERR,ERR,ERR,ERR,ERR,ERR,ERR,ERR,ERR,ERR,ERR,ERR,ERR,ERR,ERR,ERR,ERR,ERR,ERR,ERR,ERR,ERR,ERR,ERR,ERR,ERR,ERR,ERR,ERR,ERR,ERR,ERR,ERR,ERR,ERR,ERR,ERR,ERR,ERR,2.718430741444032e+23,-0.0,-134479040.0,0.0,0.0,1.3936040501711995e+18,7.805,0.0,0,0,4,0,7116,0.0,100,0.0,0.0,0.0,0.0,0.0,0,0,0,0,0.0,0,0,0,0,0,0,0,0,0,0,0,0,0,0,0,0,0,0,0,0,0,0,0,0,0,0,0,0,0,0,0,0,0,31,40,40,71,65476,0,300,0,0,8,21553,0.0,-107605600.0,0.0,0.0,0.0,0.0,0.0,0.0,0.0,0.0,0.0,0.0,0.0,0.0,0.0,0.0,0.0,0.0,0.0,0.0,0.0,0.0,0.0,-2.004,-2.004,0.0,0.0,0.0,0.0,0.0,6259.0,-0.0,6929.0,2.718430741444032e+23,-0.0,-0.0,2.718430741444032e+23,0.0,0.0,0.0,0.0,69,-126841176064.0,89220.953,0.0,0.0,0.0,0.0,0.0,0.0,0.0,0,0,0,0.0,0.0,0.0,0.0,0.0,0.0,0.0,0.0,0.0,0.0,0.0,0.0,0.0,0.0,0.0,0.0,0,-107875648.0,69,0.0,138,0.0,-109447200.0,0,13107,17040,39322,17049,13107,17043,0,0,0,70,68,100,2.7302359370752657e+23,71.2,2.7302370179391762e+23,74.3,-0.0,74.0,1,49,50,180,13107,0,0,0,0.0,0.0,0.0,0.0,-0.0,67.0,0.0,162057.094,0.0,752,0,740,0,0,0,721,0,768,0,736,0,743,0,742,0,712,0,7520,0.032,108447924224.0,0.0,0.0,784,16797,-0.0,162057.094,-114818.039,-0.0,0.133,6.909358625270745e+28,30.0,65.0,35,0.0,0.0,0.0,0.0,0.0,0.0,0.0,0.0,0.0,0.0,0.0,0.0,0.0,0.0,0.0,0.0,69.2,0,150,71,55,65476,0,300,0,1,8,20529,65476,0,0,40632,65.0,0.0,0.0,0.0,0.0,0.0
2026-09-04T20:02:25,ERR,ERR,ERR,ERR,ERR,ERR,ERR,ERR,ERR,ERR,ERR,ERR,ERR,ERR,ERR,ERR,ERR,ERR,ERR,ERR,ERR,ERR,ERR,ERR,ERR,ERR,ERR,ERR,ERR,ERR,ERR,ERR,ERR,ERR,ERR,ERR,ERR,ERR,ERR,ERR,ERR,ERR,ERR,ERR,ERR,ERR,ERR,ERR,ERR,ERR,ERR,ERR,ERR,ERR,ERR,ERR,ERR,ERR,ERR,ERR,ERR,ERR,ERR,ERR,ERR,ERR,ERR,ERR,ERR,ERR,ERR,ERR,ERR,ERR,ERR,ERR,ERR,ERR,ERR,ERR,ERR,ERR,ERR,ERR,ERR,ERR,ERR,ERR,ERR,ERR,ERR,ERR,ERR,ERR,ERR,ERR,ERR,ERR,ERR,ERR,ERR,ERR,ERR,ERR,ERR,ERR,ERR,ERR,ERR,ERR,ERR,ERR,ERR,ERR,ERR,ERR,ERR,ERR,ERR,ERR,ERR,ERR,ERR,ERR,ERR,2.718430741444032e+23,-0.0,-134479040.0,0.0,0.0,1.3936040501711995e+18,7.805,0.0,0,0,4,0,7116,0.0,100,0.0,0.0,0.0,0.0,0.0,0,0,0,0,0.0,0,0,0,0,0,0,0,0,0,0,0,0,0,0,0,0,0,0,0,0,0,0,0,0,0,0,0,0,0,0,0,0,0,31,40,40,71,65476,0,300,0,0,8,21553,0.0,-107605600.0,0.0,0.0,0.0,0.0,0.0,0.0,0.0,0.0,0.0,0.0,0.0,0.0,0.0,0.0,0.0,0.0,0.0,0.0,0.0,0.0,0.0,-2.004,-2.004,0.0,0.0,0.0,0.0,0.0,6259.0,-0.0,6929.0,2.718430741444032e+23,-0.0,-0.0,2.718430741444032e+23,0.0,0.0,0.0,0.0,69,-126841176064.0,89220.953,0.0,0.0,0.0,0.0,0.0,0.0,0.0,0,0,0,0.0,0.0,0.0,0.0,0.0,0.0,0.0,0.0,0.0,0.0,0.0,0.0,0.0,0.0,0.0,0.0,0,-107875648.0,69,0.0,138,0.0,-109447200.0,0,13107,17040,39322,17049,13107,17043,0,0,0,70,68,100,2.7302359370752657e+23,71.2,2.7302370179391762e+23,74.3,-0.0,74.0,1,49,50,180,13107,0,0,0,0.0,0.0,0.0,0.0,-0.0,67.0,0.0,162057.094,0.0,752,0,740,0,0,0,721,0,768,0,736,0,743,0,742,0,712,0,7520,0.032,108447924224.0,0.0,0.0,784,16797,-0.0,162057.094,-114818.039,-0.0,0.133,6.909358625270745e+28,30.0,65.0,35,0.0,0.0,0.0,0.0,0.0,0.0,0.0,0.0,0.0,0.0,0.0,0.0,0.0,0.0,0.0,0.0,69.2,0,150,71,55,65476,0,300,0,1,8,20529,65476,0,0,40632,65.0,0.0,0.0,0.0,0.0,0.0
2026-09-04T20:02:26,ERR,ERR,ERR,ERR,ERR,ERR,ERR,ERR,ERR,ERR,ERR,ERR,ERR,ERR,ERR,ERR,ERR,ERR,ERR,ERR,ERR,ERR,ERR,ERR,ERR,ERR,ERR,ERR,ERR,ERR,ERR,ERR,ERR,ERR,ERR,ERR,ERR,ERR,ERR,ERR,ERR,ERR,ERR,ERR,ERR,ERR,ERR,ERR,ERR,ERR,ERR,ERR,ERR,ERR,ERR,ERR,ERR,ERR,ERR,ERR,ERR,ERR,ERR,ERR,ERR,ERR,ERR,ERR,ERR,ERR,ERR,ERR,ERR,ERR,ERR,ERR,ERR,ERR,ERR,ERR,ERR,ERR,ERR,ERR,ERR,ERR,ERR,ERR,ERR,ERR,ERR,ERR,ERR,ERR,ERR,ERR,ERR,ERR,ERR,ERR,ERR,ERR,ERR,ERR,ERR,ERR,ERR,ERR,ERR,ERR,ERR,ERR,ERR,ERR,ERR,ERR,ERR,ERR,ERR,ERR,ERR,ERR,ERR,ERR,ERR,2.718430741444032e+23,-0.0,-134479040.0,0.0,0.0,1.3936040501711995e+18,7.805,0.0,0,0,4,0,7116,0.0,100,0.0,0.0,0.0,0.0,0.0,0,0,0,0,0.0,0,0,0,0,0,0,0,0,0,0,0,0,0,0,0,0,0,0,0,0,0,0,0,0,0,0,0,0,0,0,0,0,0,31,40,40,71,65476,0,300,0,0,8,21553,0.0,-107605600.0,0.0,0.0,0.0,0.0,0.0,0.0,0.0,0.0,0.0,0.0,0.0,0.0,0.0,0.0,0.0,0.0,0.0,0.0,0.0,0.0,0.0,-2.004,-2.004,0.0,0.0,0.0,0.0,0.0,6259.0,-0.0,6929.0,2.718430741444032e+23,-0.0,-0.0,2.718430741444032e+23,0.0,0.0,0.0,0.0,69,-126841176064.0,89220.953,0.0,0.0,0.0,0.0,0.0,0.0,0.0,0,0,0,0.0,0.0,0.0,0.0,0.0,0.0,0.0,0.0,0.0,0.0,0.0,0.0,0.0,0.0,0.0,0.0,0,-107875648.0,69,0.0,138,0.0,-109447200.0,0,13107,17040,39322,17049,13107,17043,0,0,0,70,68,100,2.7302359370752657e+23,71.2,2.7302370179391762e+23,74.3,-0.0,74.0,1,49,50,180,13107,0,0,0,0.0,0.0,0.0,0.0,-0.0,67.0,0.0,162057.094,0.0,752,0,740,0,0,0,721,0,768,0,736,0,743,0,742,0,712,0,7520,0.032,108447924224.0,0.0,0.0,784,16797,-0.0,162057.094,-114818.039,-0.0,0.133,6.909358625270745e+28,30.0,65.0,35,0.0,0.0,0.0,0.0,0.0,0.0,0.0,0.0,0.0,0.0,0.0,0.0,0.0,0.0,0.0,0.0,69.2,0,150,71,55,65476,0,300,0,1,8,20529,65476,0,0,40632,65.0,0.0,0.0,0.0,0.0,0.0
2026-09-04T20:02:27,ERR,ERR,ERR,ERR,ERR,ERR,ERR,ERR,ERR,ERR,ERR,ERR,ERR,ERR,ERR,ERR,ERR,ERR,ERR,ERR,ERR,ERR,ERR,ERR,ERR,ERR,ERR,ERR,ERR,ERR,ERR,ERR,ERR,ERR,ERR,ERR,ERR,ERR,ERR,ERR,ERR,ERR,ERR,ERR,ERR,ERR,ERR,ERR,ERR,ERR,ERR,ERR,ERR,ERR,ERR,ERR,ERR,ERR,ERR,ERR,ERR,ERR,ERR,ERR,ERR,ERR,ERR,ERR,ERR,ERR,ERR,ERR,ERR,ERR,ERR,ERR,ERR,ERR,ERR,ERR,ERR,ERR,ERR,ERR,ERR,ERR,ERR,ERR,ERR,ERR,ERR,ERR,ERR,ERR,ERR,ERR,ERR,ERR,ERR,ERR,ERR,ERR,ERR,ERR,ERR,ERR,ERR,ERR,ERR,ERR,ERR,ERR,ERR,ERR,ERR,ERR,ERR,ERR,ERR,ERR,ERR,ERR,ERR,ERR,ERR,2.718430741444032e+23,-0.0,-134479040.0,0.0,0.0,1.3936040501711995e+18,7.805,0.0,0,0,4,0,7116,0.0,100,0.0,0.0,0.0,0.0,0.0,0,0,0,0,0.0,0,0,0,0,0,0,0,0,0,0,0,0,0,0,0,0,0,0,0,0,0,0,0,0,0,0,0,0,0,0,0,0,0,31,40,40,71,65476,0,300,0,0,8,21553,0.0,-107605600.0,0.0,0.0,0.0,0.0,0.0,0.0,0.0,0.0,0.0,0.0,0.0,0.0,0.0,0.0,0.0,0.0,0.0,0.0,0.0,0.0,0.0,0.0,-2.004,0.0,0.0,0.0,0.0,0.0,6258.0,-0.0,6928.0,2.718430741444032e+23,-0.0,-0.0,2.718430741444032e+23,0.0,0.0,0.0,0.0,69,-107615408.0,0.059,0.0,0.0,0.0,0.0,0.0,0.0,0.0,0,0,0,0.0,0.0,0.0,0.0,0.0,0.0,0.0,0.0,0.0,0.0,0.0,0.0,0.0,0.0,0.0,0.0,0,-107875648.0,69,0.0,138,0.0,-109447200.0,0,13107,17040,39322,17049,13107,17043,0,0,0,70,68,100,2.7302359370752657e+23,71.2,2.7302370179391762e+23,74.3,-0.0,74.0,1,49,50,180,13107,0,0,0,0.0,0.0,0.0,0.0,-0.0,67.0,0.0,162057.094,0.0,752,0,740,0,0,0,721,0,768,0,736,0,743,0,742,0,712,0,7520,0.032,108447924224.0,0.0,0.0,784,16797,-0.0,162057.094,-114818.039,-0.0,0.133,6.909358625270745e+28,30.0,65.0,35,0.0,0.0,0.0,0.0,0.0,0.0,0.0,0.0,0.0,0.0,0.0,0.0,0.0,0.0,0.0,0.0,69.2,0,150,71,55,65476,0,300,0,1,8,20529,65476,0,0,40632,65.0,0.0,0.0,0.0,0.0,0.0
2026-09-04T20:02:28,ERR,ERR,ERR,ERR,ERR,ERR,ERR,ERR,ERR,ERR,ERR,ERR,ERR,ERR,ERR,ERR,ERR,ERR,ERR,ERR,ERR,ERR,ERR,ERR,ERR,ERR,ERR,ERR,ERR,ERR,ERR,ERR,ERR,ERR,ERR,ERR,ERR,ERR,ERR,ERR,ERR,ERR,ERR,ERR,ERR,ERR,ERR,ERR,ERR,ERR,ERR,ERR,ERR,ERR,ERR,ERR,ERR,ERR,ERR,ERR,ERR,ERR,ERR,ERR,ERR,ERR,ERR,ERR,ERR,ERR,ERR,ERR,ERR,ERR,ERR,ERR,ERR,ERR,ERR,ERR,ERR,ERR,ERR,ERR,ERR,ERR,ERR,ERR,ERR,ERR,ERR,ERR,ERR,ERR,ERR,ERR,ERR,ERR,ERR,ERR,ERR,ERR,ERR,ERR,ERR,ERR,ERR,ERR,ERR,ERR,ERR,ERR,ERR,ERR,ERR,ERR,ERR,ERR,ERR,ERR,ERR,ERR,ERR,ERR,ERR,2.718430741444032e+23,-0.0,-134479040.0,0.0,0.0,1.3936040501711995e+18,7.805,0.0,0,0,4,0,7116,0.0,100,0.0,0.0,0.0,0.0,0.0,0,0,0,0,0.0,0,0,0,0,0,0,0,0,0,0,0,0,0,0,0,0,0,0,0,0,0,0,0,0,0,0,0,0,0,0,0,0,0,31,40,40,71,65476,0,300,0,0,8,21553,0.0,-107605600.0,0.0,0.0,0.0,0.0,0.0,0.0,0.0,0.0,0.0,0.0,0.0,0.0,0.0,0.0,0.0,0.0,0.0,0.0,0.0,0.0,0.0,0.0,-2.004,0.0,0.0,0.0,0.0,0.0,6258.0,-0.0,6928.0,2.718430741444032e+23,-0.0,-0.0,2.718430741444032e+23,0.0,0.0,0.0,0.0,69,-107615408.0,0.059,0.0,0.0,0.0,0.0,0.0,0.0,0.0,0,0,0,0.0,0.0,0.0,0.0,0.0,0.0,0.0,0.0,0.0,0.0,0.0,0.0,0.0,0.0,0.0,0.0,0,-107875648.0,69,0.0,138,0.0,-109447200.0,0,13107,17040,39322,17049,13107,17043,0,0,0,70,68,100,2.7302359370752657e+23,71.2,2.7302370179391762e+23,74.3,-0.0,74.0,1,49,50,180,13107,0,0,0,0.0,0.0,0.0,0.0,-0.0,67.0,0.0,162057.094,0.0,752,0,740,0,0,0,721,0,768,0,736,0,743,0,742,0,712,0,7520,0.032,108447924224.0,0.0,0.0,784,16797,-0.0,162057.094,-114818.039,-0.0,0.133,6.909358625270745e+28,30.0,65.0,35,0.0,0.0,0.0,0.0,0.0,0.0,0.0,0.0,0.0,0.0,0.0,0.0,0.0,0.0,0.0,0.0,69.2,0,150,71,55,65476,0,300,0,1,8,20529,65476,0,0,40632,65.0,0.0,0.0,0.0,0.0,0.0
2026-09-04T20:02:29,ERR,ERR,ERR,ERR,ERR,ERR,ERR,ERR,ERR,ERR,ERR,ERR,ERR,ERR,ERR,ERR,ERR,ERR,ERR,ERR,ERR,ERR,ERR,ERR,ERR,ERR,ERR,ERR,ERR,ERR,ERR,ERR,ERR,ERR,ERR,ERR,ERR,ERR,ERR,ERR,ERR,ERR,ERR,ERR,ERR,ERR,ERR,ERR,ERR,ERR,ERR,ERR,ERR,ERR,ERR,ERR,ERR,ERR,ERR,ERR,ERR,ERR,ERR,ERR,ERR,ERR,ERR,ERR,ERR,ERR,ERR,ERR,ERR,ERR,ERR,ERR,ERR,ERR,ERR,ERR,ERR,ERR,ERR,ERR,ERR,ERR,ERR,ERR,ERR,ERR,ERR,ERR,ERR,ERR,ERR,ERR,ERR,ERR,ERR,ERR,ERR,ERR,ERR,ERR,ERR,ERR,ERR,ERR,ERR,ERR,ERR,ERR,ERR,ERR,ERR,ERR,ERR,ERR,ERR,ERR,ERR,ERR,ERR,ERR,ERR,2.718430741444032e+23,-0.0,-134479040.0,0.0,0.0,1.3936040501711995e+18,7.805,0.0,0,0,4,0,7116,0.0,100,0.0,0.0,0.0,0.0,0.0,0,0,0,0,0.0,0,0,0,0,0,0,0,0,0,0,0,0,0,0,0,0,0,0,0,0,0,0,0,0,0,0,0,0,0,0,0,0,0,31,40,40,71,65476,0,300,0,0,8,21553,0.0,-107605600.0,0.0,0.0,0.0,0.0,0.0,0.0,0.0,0.0,0.0,0.0,0.0,0.0,0.0,0.0,0.0,0.0,0.0,0.0,0.0,0.0,0.0,0.0,-2.004,0.0,0.0,0.0,0.0,0.0,6258.0,-0.0,6928.0,2.718430741444032e+23,-0.0,-0.0,2.718430741444032e+23,0.0,0.0,0.0,0.0,69,-107615408.0,0.059,0.0,0.0,0.0,0.0,0.0,0.0,0.0,0,0,0,0.0,0.0,0.0,0.0,0.0,0.0,0.0,0.0,0.0,0.0,0.0,0.0,0.0,0.0,0.0,0.0,0,-107875648.0,69,0.0,138,0.0,-109447200.0,0,13107,17040,39322,17049,13107,17043,0,0,0,70,68,100,2.7302359370752657e+23,71.2,2.7302370179391762e+23,74.3,-0.0,74.0,1,49,50,180,13107,0,0,0,0.0,0.0,0.0,0.0,-0.0,67.0,0.0,162057.094,0.0,752,0,740,0,0,0,721,0,768,0,736,0,743,0,742,0,712,0,7520,0.032,108447924224.0,0.0,0.0,784,16797,-0.0,162057.094,-114818.039,-0.0,0.133,6.909358625270745e+28,30.0,65.0,35,0.0,0.0,0.0,0.0,0.0,0.0,0.0,0.0,0.0,0.0,0.0,0.0,0.0,0.0,0.0,0.0,69.2,0,150,71,55,65476,0,300,0,1,8,20529,65476,0,0,40632,65.0,0.0,0.0,0.0,0.0,0.0
2026-09-04T20:02:30,ERR,ERR,ERR,ERR,ERR,ERR,ERR,ERR,ERR,ERR,ERR,ERR,ERR,ERR,ERR,ERR,ERR,ERR,ERR,ERR,ERR,ERR,ERR,ERR,ERR,ERR,ERR,ERR,ERR,ERR,ERR,ERR,ERR,ERR,ERR,ERR,ERR,ERR,ERR,ERR,ERR,ERR,ERR,ERR,ERR,ERR,ERR,ERR,ERR,ERR,ERR,ERR,ERR,ERR,ERR,ERR,ERR,ERR,ERR,ERR,ERR,ERR,ERR,ERR,ERR,ERR,ERR,ERR,ERR,ERR,ERR,ERR,ERR,ERR,ERR,ERR,ERR,ERR,ERR,ERR,ERR,ERR,ERR,ERR,ERR,ERR,ERR,ERR,ERR,ERR,ERR,ERR,ERR,ERR,ERR,ERR,ERR,ERR,ERR,ERR,ERR,ERR,ERR,ERR,ERR,ERR,ERR,ERR,ERR,ERR,ERR,ERR,ERR,ERR,ERR,ERR,ERR,ERR,ERR,ERR,ERR,ERR,ERR,ERR,ERR,2.718430741444032e+23,-0.0,-134479040.0,0.0,0.0,1.3936040501711995e+18,7.805,0.0,0,0,4,0,7116,0.0,100,0.0,0.0,0.0,0.0,0.0,0,0,0,0,0.0,0,0,0,0,0,0,0,0,0,0,0,0,0,0,0,0,0,0,0,0,0,0,0,0,0,0,0,0,0,0,0,0,0,31,40,40,71,65476,0,300,0,0,8,21553,0.0,-107605600.0,0.0,0.0,0.0,0.0,0.0,0.0,0.0,0.0,0.0,0.0,0.0,0.0,0.0,0.0,0.0,0.0,0.0,0.0,0.0,0.0,0.0,0.0,-2.004,0.0,0.0,0.0,0.0,0.0,6258.0,-0.0,6928.0,2.718430741444032e+23,-0.0,-0.0,2.718430741444032e+23,0.0,0.0,0.0,0.0,69,-107615408.0,0.059,0.0,0.0,0.0,0.0,0.0,0.0,0.0,0,0,0,0.0,0.0,0.0,0.0,0.0,0.0,0.0,0.0,0.0,0.0,0.0,0.0,0.0,0.0,0.0,0.0,0,-107875648.0,69,0.0,138,0.0,-109447200.0,0,13107,17040,39322,17049,26215,17043,0,0,0,70,68,100,2.7302359370752657e+23,71.2,2.7302370179391762e+23,74.3,-0.0,74.0,1,49,50,180,13107,0,0,0,0.0,0.0,0.0,0.0,-0.0,67.0,0.0,162057.094,0.0,751,0,740,0,0,0,721,0,768,0,737,0,743,0,742,0,712,0,7520,0.032,108447924224.0,0.0,0.0,784,16797,-0.0,162057.094,-114818.039,-0.0,0.133,6.909358625270745e+28,30.0,65.0,35,0.0,0.0,0.0,0.0,0.0,0.0,0.0,0.0,0.0,0.0,0.0,0.0,0.0,0.0,0.0,0.0,69.2,0,150,71,55,65476,0,300,0,1,8,20529,65476,0,0,40632,65.0,0.0,0.0,0.0,0.0,0.0
2026-09-04T20:02:31,ERR,ERR,ERR,ERR,ERR,ERR,ERR,ERR,ERR,ERR,ERR,ERR,ERR,ERR,ERR,ERR,ERR,ERR,ERR,ERR,ERR,ERR,ERR,ERR,ERR,ERR,ERR,ERR,ERR,ERR,ERR,ERR,ERR,ERR,ERR,ERR,ERR,ERR,ERR,ERR,ERR,ERR,ERR,ERR,ERR,ERR,ERR,ERR,ERR,ERR,ERR,ERR,ERR,ERR,ERR,ERR,ERR,ERR,ERR,ERR,ERR,ERR,ERR,ERR,ERR,ERR,ERR,ERR,ERR,ERR,ERR,ERR,ERR,ERR,ERR,ERR,ERR,ERR,ERR,ERR,ERR,ERR,ERR,ERR,ERR,ERR,ERR,ERR,ERR,ERR,ERR,ERR,ERR,ERR,ERR,ERR,ERR,ERR,ERR,ERR,ERR,ERR,ERR,ERR,ERR,ERR,ERR,ERR,ERR,ERR,ERR,ERR,ERR,ERR,ERR,ERR,ERR,ERR,ERR,ERR,ERR,ERR,ERR,ERR,ERR,2.718430741444032e+23,-0.0,-134479040.0,0.0,0.0,1.3936040501711995e+18,7.805,0.0,0,0,4,0,7116,0.0,100,0.0,0.0,0.0,0.0,0.0,0,0,0,0,0.0,0,0,0,0,0,0,0,0,0,0,0,0,0,0,0,0,0,0,0,0,0,0,0,0,0,0,0,0,0,0,0,0,0,31,40,40,71,65476,0,300,0,0,8,21553,0.0,-107605600.0,0.0,0.0,0.0,0.0,0.0,0.0,0.0,0.0,0.0,0.0,0.0,0.0,0.0,0.0,0.0,0.0,0.0,0.0,0.0,0.0,0.0,0.0,-2.004,0.0,0.0,0.0,0.0,0.0,6258.0,-0.0,6928.0,2.718430741444032e+23,-0.0,-0.0,2.718430741444032e+23,0.0,0.0,0.0,0.0,69,-107615408.0,0.059,0.0,0.0,0.0,0.0,0.0,0.0,0.0,0,0,0,0.0,0.0,0.0,0.0,0.0,0.0,0.0,0.0,0.0,0.0,0.0,0.0,0.0,0.0,0.0,0.0,0,-107875648.0,69,0.0,138,0.0,-109447200.0,0,13107,17040,39322,17049,26215,17043,0,0,0,70,68,100,2.7302359370752657e+23,71.2,2.7302370179391762e+23,74.3,-0.0,74.0,1,49,50,180,13107,0,0,0,0.0,0.0,0.0,0.0,-0.0,67.0,0.0,162057.094,0.0,751,0,740,0,0,0,721,0,768,0,737,0,743,0,742,0,712,0,7520,0.032,108447924224.0,0.0,0.0,784,16797,-0.0,162057.094,-114818.039,-0.0,0.133,6.909358625270745e+28,30.0,65.0,35,0.0,0.0,0.0,0.0,0.0,0.0,0.0,0.0,0.0,0.0,0.0,0.0,0.0,0.0,0.0,0.0,69.2,0,150,71,55,65476,0,300,0,1,8,20529,65476,0,0,40632,65.0,0.0,0.0,0.0,0.0,0.0
2026-09-04T20:02:32,ERR,ERR,ERR,ERR,ERR,ERR,ERR,ERR,ERR,ERR,ERR,ERR,ERR,ERR,ERR,ERR,ERR,ERR,ERR,ERR,ERR,ERR,ERR,ERR,ERR,ERR,ERR,ERR,ERR,ERR,ERR,ERR,ERR,ERR,ERR,ERR,ERR,ERR,ERR,ERR,ERR,ERR,ERR,ERR,ERR,ERR,ERR,ERR,ERR,ERR,ERR,ERR,ERR,ERR,ERR,ERR,ERR,ERR,ERR,ERR,ERR,ERR,ERR,ERR,ERR,ERR,ERR,ERR,ERR,ERR,ERR,ERR,ERR,ERR,ERR,ERR,ERR,ERR,ERR,ERR,ERR,ERR,ERR,ERR,ERR,ERR,ERR,ERR,ERR,ERR,ERR,ERR,ERR,ERR,ERR,ERR,ERR,ERR,ERR,ERR,ERR,ERR,ERR,ERR,ERR,ERR,ERR,ERR,ERR,ERR,ERR,ERR,ERR,ERR,ERR,ERR,ERR,ERR,ERR,ERR,ERR,ERR,ERR,ERR,ERR,2.718430741444032e+23,-0.0,-134479040.0,0.0,0.0,1.3936040501711995e+18,7.805,0.0,0,0,4,0,7116,0.0,100,0.0,0.0,0.0,0.0,0.0,0,0,0,0,0.0,0,0,0,0,0,0,0,0,0,0,0,0,0,0,0,0,0,0,0,0,0,0,0,0,0,0,0,0,0,0,0,0,0,31,40,40,71,65476,0,300,0,0,8,21553,0.0,-107605600.0,0.0,0.0,0.0,0.0,0.0,0.0,0.0,0.0,0.0,0.0,0.0,0.0,0.0,0.0,0.0,0.0,0.0,0.0,0.0,0.0,0.0,0.0,-2.004,0.0,0.0,0.0,0.0,0.0,6258.0,-0.0,6928.0,2.718430741444032e+23,-0.0,-0.0,2.718430741444032e+23,0.0,0.0,0.0,0.0,69,-107615408.0,0.059,0.0,0.0,0.0,0.0,0.0,0.0,0.0,0,0,0,0.0,0.0,0.0,0.0,0.0,0.0,0.0,0.0,0.0,0.0,0.0,0.0,0.0,0.0,0.0,0.0,0,-107875648.0,69,0.0,138,0.0,-109447200.0,0,13107,17040,39322,17049,26215,17043,0,0,0,70,68,100,2.7302359370752657e+23,71.2,2.7302370179391762e+23,74.3,-0.0,74.0,1,49,50,180,13107,0,0,0,0.0,0.0,0.0,0.0,-0.0,67.0,0.0,162057.094,0.0,751,0,740,0,0,0,721,0,768,0,737,0,743,0,742,0,712,0,7520,0.032,108447924224.0,0.0,0.0,784,16797,-0.0,162057.094,-114818.039,-0.0,0.133,6.909358625270745e+28,30.0,65.0,35,0.0,0.0,0.0,0.0,0.0,0.0,0.0,0.0,0.0,0.0,0.0,0.0,0.0,0.0,0.0,0.0,69.2,0,150,71,55,65476,0,300,0,1,8,20529,65476,0,0,40632,65.0,0.0,0.0,0.0,0.0,0.0
2026-09-04T20:02:33,ERR,ERR,ERR,ERR,ERR,ERR,ERR,ERR,ERR,ERR,ERR,ERR,ERR,ERR,ERR,ERR,ERR,ERR,ERR,ERR,ERR,ERR,ERR,ERR,ERR,ERR,ERR,ERR,ERR,ERR,ERR,ERR,ERR,ERR,ERR,ERR,ERR,ERR,ERR,ERR,ERR,ERR,ERR,ERR,ERR,ERR,ERR,ERR,ERR,ERR,ERR,ERR,ERR,ERR,ERR,ERR,ERR,ERR,ERR,ERR,ERR,ERR,ERR,ERR,ERR,ERR,ERR,ERR,ERR,ERR,ERR,ERR,ERR,ERR,ERR,ERR,ERR,ERR,ERR,ERR,ERR,ERR,ERR,ERR,ERR,ERR,ERR,ERR,ERR,ERR,ERR,ERR,ERR,ERR,ERR,ERR,ERR,ERR,ERR,ERR,ERR,ERR,ERR,ERR,ERR,ERR,ERR,ERR,ERR,ERR,ERR,ERR,ERR,ERR,ERR,ERR,ERR,ERR,ERR,ERR,ERR,ERR,ERR,ERR,ERR,2.718430741444032e+23,-0.0,-134479040.0,0.0,0.0,1.3936040501711995e+18,7.805,0.0,0,0,4,0,7116,0.0,100,0.0,0.0,0.0,0.0,0.0,0,0,0,0,0.0,0,0,0,0,0,0,0,0,0,0,0,0,0,0,0,0,0,0,0,0,0,0,0,0,0,0,0,0,0,0,0,0,0,31,40,40,71,65476,0,300,0,0,8,21553,0.0,-107605600.0,0.0,0.0,0.0,0.0,0.0,0.0,0.0,0.0,0.0,0.0,0.0,0.0,0.0,0.0,0.0,0.0,0.0,0.0,0.0,0.0,0.0,0.0,-2.004,0.0,0.0,0.0,0.0,0.0,6258.0,-0.0,6928.0,2.718430741444032e+23,-0.0,-0.0,2.718430741444032e+23,0.0,0.0,0.0,0.0,69,-107615408.0,0.059,0.0,0.0,0.0,0.0,0.0,0.0,0.0,0,0,0,0.0,0.0,0.0,0.0,0.0,0.0,0.0,0.0,0.0,0.0,0.0,0.0,0.0,0.0,0.0,0.0,0,-107875648.0,69,0.0,138,0.0,-109447200.0,0,13107,17040,39322,17049,26215,17043,0,0,0,70,68,100,2.7302359370752657e+23,71.2,2.7302370179391762e+23,74.3,-0.0,74.0,1,49,50,180,13107,0,0,0,0.0,0.0,0.0,0.0,-0.0,67.0,0.0,162057.094,0.0,751,0,740,0,0,0,721,0,768,0,737,0,743,0,742,0,712,0,7520,0.032,108447924224.0,0.0,0.0,784,16797,-0.0,162057.094,-114818.039,-0.0,0.133,6.909358625270745e+28,30.0,65.0,35,0.0,0.0,0.0,0.0,0.0,0.0,0.0,0.0,0.0,0.0,0.0,0.0,0.0,0.0,0.0,0.0,69.2,0,150,71,55,65476,0,300,0,1,8,20529,65476,0,0,40632,65.0,0.0,0.0,0.0,0.0,0.0
2026-09-04T20:02:34,ERR,ERR,ERR,ERR,ERR,ERR,ERR,ERR,ERR,ERR,ERR,ERR,ERR,ERR,ERR,ERR,ERR,ERR,ERR,ERR,ERR,ERR,ERR,ERR,ERR,ERR,ERR,ERR,ERR,ERR,ERR,ERR,ERR,ERR,ERR,ERR,ERR,ERR,ERR,ERR,ERR,ERR,ERR,ERR,ERR,ERR,ERR,ERR,ERR,ERR,ERR,ERR,ERR,ERR,ERR,ERR,ERR,ERR,ERR,ERR,ERR,ERR,ERR,ERR,ERR,ERR,ERR,ERR,ERR,ERR,ERR,ERR,ERR,ERR,ERR,ERR,ERR,ERR,ERR,ERR,ERR,ERR,ERR,ERR,ERR,ERR,ERR,ERR,ERR,ERR,ERR,ERR,ERR,ERR,ERR,ERR,ERR,ERR,ERR,ERR,ERR,ERR,ERR,ERR,ERR,ERR,ERR,ERR,ERR,ERR,ERR,ERR,ERR,ERR,ERR,ERR,ERR,ERR,ERR,ERR,ERR,ERR,ERR,ERR,ERR,2.718430741444032e+23,2.7184312818759872e+23,0.0,0.0,0.0,1.3936040501711995e+18,7.805,0.0,0,0,4,0,7116,0.0,100,0.0,0.0,0.0,0.0,0.0,0,0,0,0,0.0,0,0,0,0,0,0,0,0,0,0,0,0,0,0,0,0,0,0,0,0,0,0,0,0,0,0,0,0,0,0,0,0,0,31,40,40,71,65476,0,300,0,0,8,21553,0.0,-107605600.0,0.0,0.0,0.0,0.0,0.0,0.0,0.0,0.0,0.0,0.0,0.0,0.0,0.0,0.0,0.0,0.0,0.0,0.0,0.0,0.0,0.0,-2.004,-2.004,0.0,0.0,0.0,0.0,0.0,6258.0,1.5879367200059895e+29,6926.0,2.718430741444032e+23,-0.0,-0.0,2.718430741444032e+23,0.0,0.0,0.0,0.0,69,-71.63,0.0,0.0,0.0,0.0,0.0,0.0,0.0,0.0,0,0,0,0.0,0.0,0.0,0.0,0.0,0.0,0.0,0.0,0.0,0.0,0.0,0.0,0.0,0.0,0.0,0.0,0,-107875648.0,69,0.0,138,0.0,-109447200.0,0,13107,17040,39322,17049,26215,17043,0,0,0,70,68,100,2.7302359370752657e+23,71.2,2.7302370179391762e+23,74.3,-0.0,74.0,1,49,50,180,13107,0,0,0,0.0,0.0,0.0,0.0,-0.0,67.0,0.0,162057.094,0.0,751,0,740,0,0,0,721,0,768,0,737,0,743,0,742,0,712,0,7520,0.032,107911053312.0,0.0,0.0,784,16797,-0.0,162057.094,-114818.039,-0.0,0.133,6.909358625270745e+28,30.0,65.0,35,0.0,0.0,0.0,0.0,0.0,0.0,0.0,0.0,0.0,0.0,0.0,0.0,0.0,0.0,0.0,0.0,69.2,0,150,71,55,65476,0,300,0,1,8,20529,65476,0,0,40632,65.0,0.0,0.0,0.0,0.0,0.0
2026-09-04T20:02:35,ERR,ERR,ERR,ERR,ERR,ERR,ERR,ERR,ERR,ERR,ERR,ERR,ERR,ERR,ERR,ERR,ERR,ERR,ERR,ERR,ERR,ERR,ERR,ERR,ERR,ERR,ERR,ERR,ERR,ERR,ERR,ERR,ERR,ERR,ERR,ERR,ERR,ERR,ERR,ERR,ERR,ERR,ERR,ERR,ERR,ERR,ERR,ERR,ERR,ERR,ERR,ERR,ERR,ERR,ERR,ERR,ERR,ERR,ERR,ERR,ERR,ERR,ERR,ERR,ERR,ERR,ERR,ERR,ERR,ERR,ERR,ERR,ERR,ERR,ERR,ERR,ERR,ERR,ERR,ERR,ERR,ERR,ERR,ERR,ERR,ERR,ERR,ERR,ERR,ERR,ERR,ERR,ERR,ERR,ERR,ERR,ERR,ERR,ERR,ERR,ERR,ERR,ERR,ERR,ERR,ERR,ERR,ERR,ERR,ERR,ERR,ERR,ERR,ERR,ERR,ERR,ERR,ERR,ERR,ERR,ERR,ERR,ERR,ERR,ERR,2.718430741444032e+23,2.7184312818759872e+23,0.0,0.0,0.0,1.3936040501711995e+18,7.805,0.0,0,0,4,0,7116,0.0,100,0.0,0.0,0.0,0.0,0.0,0,0,0,0,0.0,0,0,0,0,0,0,0,0,0,0,0,0,0,0,0,0,0,0,0,0,0,0,0,0,0,0,0,0,0,0,0,0,0,31,40,40,71,65476,0,300,0,0,8,21553,0.0,-107605600.0,0.0,0.0,0.0,0.0,0.0,0.0,0.0,0.0,0.0,0.0,0.0,0.0,0.0,0.0,0.0,0.0,0.0,0.0,0.0,0.0,0.0,-2.004,-2.004,0.0,0.0,0.0,0.0,0.0,6258.0,1.5879367200059895e+29,6926.0,2.718430741444032e+23,-0.0,-0.0,2.718430741444032e+23,0.0,0.0,0.0,0.0,69,-71.63,0.0,0.0,0.0,0.0,0.0,0.0,0.0,0.0,0,0,0,0.0,0.0,0.0,0.0,0.0,0.0,0.0,0.0,0.0,0.0,0.0,0.0,0.0,0.0,0.0,0.0,0,-107875648.0,69,0.0,138,0.0,-109447200.0,0,13107,17040,39322,17049,26215,17043,0,0,0,70,68,100,2.7302359370752657e+23,71.2,2.7302370179391762e+23,74.3,-0.0,74.0,1,49,50,180,13107,0,0,0,0.0,0.0,0.0,0.0,-0.0,67.0,0.0,162057.094,0.0,751,0,740,0,0,0,721,0,768,0,737,0,743,0,742,0,712,0,7520,0.032,107911053312.0,0.0,0.0,784,16797,-0.0,162057.094,-114818.039,-0.0,0.133,6.909358625270745e+28,30.0,65.0,35,0.0,0.0,0.0,0.0,0.0,0.0,0.0,0.0,0.0,0.0,0.0,0.0,0.0,0.0,0.0,0.0,69.2,0,150,71,55,65476,0,300,0,1,8,20529,65476,0,0,40632,65.0,0.0,0.0,0.0,0.0,0.0
2026-09-04T20:02:36,ERR,ERR,ERR,ERR,ERR,ERR,ERR,ERR,ERR,ERR,ERR,ERR,ERR,ERR,ERR,ERR,ERR,ERR,ERR,ERR,ERR,ERR,ERR,ERR,ERR,ERR,ERR,ERR,ERR,ERR,ERR,ERR,ERR,ERR,ERR,ERR,ERR,ERR,ERR,ERR,ERR,ERR,ERR,ERR,ERR,ERR,ERR,ERR,ERR,ERR,ERR,ERR,ERR,ERR,ERR,ERR,ERR,ERR,ERR,ERR,ERR,ERR,ERR,ERR,ERR,ERR,ERR,ERR,ERR,ERR,ERR,ERR,ERR,ERR,ERR,ERR,ERR,ERR,ERR,ERR,ERR,ERR,ERR,ERR,ERR,ERR,ERR,ERR,ERR,ERR,ERR,ERR,ERR,ERR,ERR,ERR,ERR,ERR,ERR,ERR,ERR,ERR,ERR,ERR,ERR,ERR,ERR,ERR,ERR,ERR,ERR,ERR,ERR,ERR,ERR,ERR,ERR,ERR,ERR,ERR,ERR,ERR,ERR,ERR,ERR,2.718430741444032e+23,2.7184312818759872e+23,0.0,0.0,0.0,1.3936040501711995e+18,7.805,0.0,0,0,4,0,7116,0.0,100,0.0,0.0,0.0,0.0,0.0,0,0,0,0,0.0,0,0,0,0,0,0,0,0,0,0,0,0,0,0,0,0,0,0,0,0,0,0,0,0,0,0,0,0,0,0,0,0,0,31,40,40,71,65476,0,300,0,0,8,21553,0.0,-107605600.0,0.0,0.0,0.0,0.0,0.0,0.0,0.0,0.0,0.0,0.0,0.0,0.0,0.0,0.0,0.0,0.0,0.0,0.0,0.0,0.0,0.0,-2.004,-2.004,0.0,0.0,0.0,0.0,0.0,6258.0,1.5879367200059895e+29,6926.0,2.718430741444032e+23,-0.0,-0.0,2.718430741444032e+23,0.0,0.0,0.0,0.0,69,-71.63,0.0,0.0,0.0,0.0,0.0,0.0,0.0,0.0,0,0,0,0.0,0.0,0.0,0.0,0.0,0.0,0.0,0.0,0.0,0.0,0.0,0.0,0.0,0.0,0.0,0.0,0,-107875648.0,69,0.0,138,0.0,-109447200.0,0,13107,17040,39322,17049,26215,17043,0,0,0,70,68,100,2.7302359370752657e+23,71.2,2.7302370179391762e+23,74.3,-0.0,74.0,1,49,50,180,13107,0,0,0,0.0,0.0,0.0,0.0,-0.0,67.0,0.0,162057.094,0.0,751,0,740,0,0,0,721,0,768,0,737,0,743,0,742,0,712,0,7520,0.032,107911053312.0,0.0,0.0,784,16797,-0.0,162057.094,-114818.039,-0.0,0.133,6.909358625270745e+28,30.0,65.0,35,0.0,0.0,0.0,0.0,0.0,0.0,0.0,0.0,0.0,0.0,0.0,0.0,0.0,0.0,0.0,0.0,69.2,0,150,71,55,65476,0,300,0,1,8,20529,65476,0,0,40632,65.0,0.0,0.0,0.0,0.0,0.0
2026-09-04T20:02:37,ERR,ERR,ERR,ERR,ERR,ERR,ERR,ERR,ERR,ERR,ERR,ERR,ERR,ERR,ERR,ERR,ERR,ERR,ERR,ERR,ERR,ERR,ERR,ERR,ERR,ERR,ERR,ERR,ERR,ERR,ERR,ERR,ERR,ERR,ERR,ERR,ERR,ERR,ERR,ERR,ERR,ERR,ERR,ERR,ERR,ERR,ERR,ERR,ERR,ERR,ERR,ERR,ERR,ERR,ERR,ERR,ERR,ERR,ERR,ERR,ERR,ERR,ERR,ERR,ERR,ERR,ERR,ERR,ERR,ERR,ERR,ERR,ERR,ERR,ERR,ERR,ERR,ERR,ERR,ERR,ERR,ERR,ERR,ERR,ERR,ERR,ERR,ERR,ERR,ERR,ERR,ERR,ERR,ERR,ERR,ERR,ERR,ERR,ERR,ERR,ERR,ERR,ERR,ERR,ERR,ERR,ERR,ERR,ERR,ERR,ERR,ERR,ERR,ERR,ERR,ERR,ERR,ERR,ERR,ERR,ERR,ERR,ERR,ERR,ERR,2.718430741444032e+23,2.7184312818759872e+23,0.0,0.0,0.0,1.3936040501711995e+18,7.805,0.0,0,0,4,0,7116,0.0,100,0.0,0.0,0.0,0.0,0.0,0,0,0,0,0.0,0,0,0,0,0,0,0,0,0,0,0,0,0,0,0,0,0,0,0,0,0,0,0,0,0,0,0,0,0,0,0,0,0,31,40,40,71,65476,0,300,0,0,8,21553,0.0,-107605600.0,0.0,0.0,0.0,0.0,0.0,0.0,0.0,0.0,0.0,0.0,0.0,0.0,0.0,0.0,0.0,0.0,0.0,0.0,0.0,0.0,0.0,-2.004,-2.004,0.0,0.0,0.0,0.0,0.0,6258.0,1.5879367200059895e+29,6926.0,2.718430741444032e+23,-0.0,-0.0,2.718430741444032e+23,0.0,0.0,0.0,0.0,69,-71.63,0.0,0.0,0.0,0.0,0.0,0.0,0.0,0.0,0,0,0,0.0,0.0,0.0,0.0,0.0,0.0,0.0,0.0,0.0,0.0,0.0,0.0,0.0,0.0,0.0,0.0,0,-107875648.0,69,0.0,138,0.0,-109447200.0,0,13107,17040,39322,17049,26215,17043,0,0,0,70,68,100,2.7302359370752657e+23,71.2,2.7302370179391762e+23,74.3,-0.0,74.0,1,49,50,180,13107,0,0,0,0.0,0.0,0.0,0.0,-0.0,67.0,0.0,162057.094,0.0,751,0,740,0,0,0,721,0,768,0,737,0,743,0,742,0,712,0,7520,0.032,107911053312.0,0.0,0.0,784,16797,-0.0,162057.094,-114818.039,-0.0,0.133,6.909358625270745e+28,30.0,65.0,35,0.0,0.0,0.0,0.0,0.0,0.0,0.0,0.0,0.0,0.0,0.0,0.0,0.0,0.0,0.0,0.0,69.2,0,150,71,55,65476,0,300,0,1,8,20529,65476,0,0,40632,65.0,0.0,0.0,0.0,0.0,0.0
2026-09-04T20:02:38,ERR,ERR,ERR,ERR,ERR,ERR,ERR,ERR,ERR,ERR,ERR,ERR,ERR,ERR,ERR,ERR,ERR,ERR,ERR,ERR,ERR,ERR,ERR,ERR,ERR,ERR,ERR,ERR,ERR,ERR,ERR,ERR,ERR,ERR,ERR,ERR,ERR,ERR,ERR,ERR,ERR,ERR,ERR,ERR,ERR,ERR,ERR,ERR,ERR,ERR,ERR,ERR,ERR,ERR,ERR,ERR,ERR,ERR,ERR,ERR,ERR,ERR,ERR,ERR,ERR,ERR,ERR,ERR,ERR,ERR,ERR,ERR,ERR,ERR,ERR,ERR,ERR,ERR,ERR,ERR,ERR,ERR,ERR,ERR,ERR,ERR,ERR,ERR,ERR,ERR,ERR,ERR,ERR,ERR,ERR,ERR,ERR,ERR,ERR,ERR,ERR,ERR,ERR,ERR,ERR,ERR,ERR,ERR,ERR,ERR,ERR,ERR,ERR,ERR,ERR,ERR,ERR,ERR,ERR,ERR,ERR,ERR,ERR,ERR,ERR,2.718430741444032e+23,2.7184312818759872e+23,0.0,0.0,0.0,1.3936040501711995e+18,7.805,0.0,0,0,4,0,7116,0.0,100,0.0,0.0,0.0,0.0,0.0,0,0,0,0,0.0,0,0,0,0,0,0,0,0,0,0,0,0,0,0,0,0,0,0,0,0,0,0,0,0,0,0,0,0,0,0,0,0,0,31,40,40,71,65476,0,300,0,0,8,21553,0.0,-107605600.0,0.0,0.0,0.0,0.0,0.0,0.0,0.0,0.0,0.0,0.0,0.0,0.0,0.0,0.0,0.0,0.0,0.0,0.0,0.0,0.0,0.0,-2.004,-2.004,0.0,0.0,0.0,0.0,0.0,6258.0,1.5879367200059895e+29,6926.0,2.718430741444032e+23,-0.0,-0.0,2.718430741444032e+23,0.0,0.0,0.0,0.0,69,-71.63,0.0,0.0,0.0,0.0,0.0,0.0,0.0,0.0,0,0,0,0.0,0.0,0.0,0.0,0.0,0.0,0.0,0.0,0.0,0.0,0.0,0.0,0.0,0.0,0.0,0.0,0,-107875648.0,69,0.0,138,0.0,-109447200.0,0,13107,17040,39322,17049,26215,17043,0,0,0,70,68,100,2.7302359370752657e+23,71.2,2.7302370179391762e+23,74.3,-0.0,74.0,1,49,50,180,13107,0,0,0,0.0,0.0,0.0,0.0,-0.0,67.0,0.0,162057.094,0.0,751,0,740,0,0,0,721,0,768,0,737,0,743,0,742,0,712,0,7520,0.032,107911053312.0,0.0,0.0,784,16797,-0.0,162057.094,-114818.039,-0.0,0.133,6.909358625270745e+28,30.0,65.0,35,0.0,0.0,0.0,0.0,0.0,0.0,0.0,0.0,0.0,0.0,0.0,0.0,0.0,0.0,0.0,0.0,69.2,0,150,71,55,65476,0,300,0,1,8,20529,65476,0,0,40632,65.0,0.0,0.0,0.0,0.0,0.0
2026-09-04T20:02:39,ERR,ERR,ERR,ERR,ERR,ERR,ERR,ERR,ERR,ERR,ERR,ERR,ERR,ERR,ERR,ERR,ERR,ERR,ERR,ERR,ERR,ERR,ERR,ERR,ERR,ERR,ERR,ERR,ERR,ERR,ERR,ERR,ERR,ERR,ERR,ERR,ERR,ERR,ERR,ERR,ERR,ERR,ERR,ERR,ERR,ERR,ERR,ERR,ERR,ERR,ERR,ERR,ERR,ERR,ERR,ERR,ERR,ERR,ERR,ERR,ERR,ERR,ERR,ERR,ERR,ERR,ERR,ERR,ERR,ERR,ERR,ERR,ERR,ERR,ERR,ERR,ERR,ERR,ERR,ERR,ERR,ERR,ERR,ERR,ERR,ERR,ERR,ERR,ERR,ERR,ERR,ERR,ERR,ERR,ERR,ERR,ERR,ERR,ERR,ERR,ERR,ERR,ERR,ERR,ERR,ERR,ERR,ERR,ERR,ERR,ERR,ERR,ERR,ERR,ERR,ERR,ERR,ERR,ERR,ERR,ERR,ERR,ERR,ERR,ERR,2.718430741444032e+23,2.7184312818759872e+23,0.0,0.0,0.0,1.3936040501711995e+18,7.805,0.0,0,0,4,0,7116,0.0,100,0.0,0.0,0.0,0.0,0.0,0,0,0,0,0.0,0,0,0,0,0,0,0,0,0,0,0,0,0,0,0,0,0,0,0,0,0,0,0,0,0,0,0,0,0,0,0,0,0,31,40,40,71,65476,0,300,0,0,8,21553,0.0,-107605600.0,0.0,0.0,0.0,0.0,0.0,0.0,0.0,0.0,0.0,0.0,0.0,0.0,0.0,0.0,0.0,0.0,0.0,0.0,0.0,0.0,0.0,-2.004,-2.004,0.0,0.0,0.0,0.0,0.0,6258.0,1.5879367200059895e+29,6926.0,2.718430741444032e+23,-0.0,-0.0,2.718430741444032e+23,0.0,0.0,0.0,0.0,69,-71.63,0.0,0.0,0.0,0.0,0.0,0.0,0.0,0.0,0,0,0,0.0,0.0,0.0,0.0,0.0,0.0,0.0,0.0,0.0,0.0,0.0,0.0,0.0,0.0,0.0,0.0,0,-107875648.0,69,0.0,138,0.0,-109447200.0,0,13107,17040,39322,17049,26215,17043,0,0,0,70,68,100,2.7302359370752657e+23,71.2,2.7302370179391762e+23,74.3,-0.0,74.0,1,49,50,180,13107,0,0,0,0.0,0.0,0.0,0.0,-0.0,67.0,0.0,162057.094,0.0,751,0,740,0,0,0,721,0,768,0,737,0,743,0,742,0,712,0,7520,0.032,107911053312.0,0.0,0.0,784,16797,-0.0,162057.094,-114818.039,-0.0,0.133,6.909358625270745e+28,30.0,65.0,35,0.0,0.0,0.0,0.0,0.0,0.0,0.0,0.0,0.0,0.0,0.0,0.0,0.0,0.0,0.0,0.0,69.2,0,150,71,55,65476,0,300,0,1,8,20529,65476,0,0,40632,65.0,0.0,0.0,0.0,0.0,0.0
2026-09-04T20:02:40,ERR,ERR,ERR,ERR,ERR,ERR,ERR,ERR,ERR,ERR,ERR,ERR,ERR,ERR,ERR,ERR,ERR,ERR,ERR,ERR,ERR,ERR,ERR,ERR,ERR,ERR,ERR,ERR,ERR,ERR,ERR,ERR,ERR,ERR,ERR,ERR,ERR,ERR,ERR,ERR,ERR,ERR,ERR,ERR,ERR,ERR,ERR,ERR,ERR,ERR,ERR,ERR,ERR,ERR,ERR,ERR,ERR,ERR,ERR,ERR,ERR,ERR,ERR,ERR,ERR,ERR,ERR,ERR,ERR,ERR,ERR,ERR,ERR,ERR,ERR,ERR,ERR,ERR,ERR,ERR,ERR,ERR,ERR,ERR,ERR,ERR,ERR,ERR,ERR,ERR,ERR,ERR,ERR,ERR,ERR,ERR,ERR,ERR,ERR,ERR,ERR,ERR,ERR,ERR,ERR,ERR,ERR,ERR,ERR,ERR,ERR,ERR,ERR,ERR,ERR,ERR,ERR,ERR,ERR,ERR,ERR,ERR,ERR,ERR,ERR,2.718430741444032e+23,2.7184312818759872e+23,0.0,0.0,0.0,1.3936040501711995e+18,7.805,0.0,0,0,4,0,7116,0.0,100,0.0,0.0,0.0,0.0,0.0,0,0,0,0,0.0,0,0,0,0,0,0,0,0,0,0,0,0,0,0,0,0,0,0,0,0,0,0,0,0,0,0,0,0,0,0,0,0,0,31,40,40,71,65476,0,300,0,0,8,21553,0.0,-107605600.0,0.0,0.0,0.0,0.0,0.0,0.0,0.0,0.0,0.0,0.0,0.0,0.0,0.0,0.0,0.0,0.0,0.0,0.0,0.0,0.0,0.0,-2.004,-2.004,0.0,0.0,0.0,0.0,0.0,6258.0,1.5879367200059895e+29,6926.0,2.718430741444032e+23,-0.0,-0.0,2.718430741444032e+23,0.0,0.0,0.0,0.0,69,-71.63,0.0,0.0,0.0,0.0,0.0,0.0,0.0,0.0,0,0,0,0.0,0.0,0.0,0.0,0.0,0.0,0.0,0.0,0.0,0.0,0.0,0.0,0.0,0.0,0.0,0.0,0,-107875648.0,69,0.0,138,0.0,-109447200.0,0,13107,17040,39322,17049,26215,17043,0,0,0,70,68,100,2.7302359370752657e+23,71.2,2.7302370179391762e+23,74.3,-0.0,74.0,1,49,50,180,13107,0,0,0,0.0,0.0,0.0,0.0,-0.0,67.0,0.0,162057.094,0.0,751,0,740,0,0,0,721,0,768,0,736,0,743,0,742,0,712,0,7520,0.032,107911053312.0,0.0,0.0,784,16797,-0.0,162057.094,-114818.039,-0.0,0.133,6.909358625270745e+28,30.0,65.0,35,0.0,0.0,0.0,0.0,0.0,0.0,0.0,0.0,0.0,0.0,0.0,0.0,0.0,0.0,0.0,0.0,69.2,0,150,71,55,65476,0,300,0,1,8,20529,65476,0,0,40632,65.0,0.0,0.0,0.0,0.0,0.0
2026-09-04T20:02:41,ERR,ERR,ERR,ERR,ERR,ERR,ERR,ERR,ERR,ERR,ERR,ERR,ERR,ERR,ERR,ERR,ERR,ERR,ERR,ERR,ERR,ERR,ERR,ERR,ERR,ERR,ERR,ERR,ERR,ERR,ERR,ERR,ERR,ERR,ERR,ERR,ERR,ERR,ERR,ERR,ERR,ERR,ERR,ERR,ERR,ERR,ERR,ERR,ERR,ERR,ERR,ERR,ERR,ERR,ERR,ERR,ERR,ERR,ERR,ERR,ERR,ERR,ERR,ERR,ERR,ERR,ERR,ERR,ERR,ERR,ERR,ERR,ERR,ERR,ERR,ERR,ERR,ERR,ERR,ERR,ERR,ERR,ERR,ERR,ERR,ERR,ERR,ERR,ERR,ERR,ERR,ERR,ERR,ERR,ERR,ERR,ERR,ERR,ERR,ERR,ERR,ERR,ERR,ERR,ERR,ERR,ERR,ERR,ERR,ERR,ERR,ERR,ERR,ERR,ERR,ERR,ERR,ERR,ERR,ERR,ERR,ERR,ERR,ERR,ERR,2.718430741444032e+23,2.7184312818759872e+23,0.0,0.0,0.0,1.3936040501711995e+18,7.805,0.0,0,0,4,0,7116,0.0,100,0.0,0.0,0.0,0.0,0.0,0,0,0,0,0.0,0,0,0,0,0,0,0,0,0,0,0,0,0,0,0,0,0,0,0,0,0,0,0,0,0,0,0,0,0,0,0,0,0,31,40,40,71,65476,0,300,0,0,8,21553,0.0,-107605600.0,0.0,0.0,0.0,0.0,0.0,0.0,0.0,0.0,0.0,0.0,0.0,0.0,0.0,0.0,0.0,0.0,0.0,0.0,0.0,0.0,0.0,0.0,-2.004,0.0,0.0,0.0,0.0,0.0,6259.0,1.5879367200059895e+29,6923.0,2.718430741444032e+23,2.7184312818759872e+23,-0.0,2.718430741444032e+23,0.0,0.0,0.0,0.0,69,-126841176064.0,0.0,0.0,0.0,0.0,0.0,0.0,0.0,0.0,0,0,0,0.0,0.0,0.0,0.0,0.0,0.0,0.0,0.0,0.0,0.0,0.0,0.0,0.0,0.0,0.0,0.0,0,-107875648.0,69,0.0,138,0.0,-109447200.0,0,13107,17040,39322,17049,26215,17043,0,0,0,70,68,100,2.7302359370752657e+23,71.2,2.7302370179391762e+23,74.3,-0.0,74.0,1,49,50,180,13107,0,0,0,0.0,0.0,0.0,0.0,-0.0,67.0,0.0,162057.094,0.0,751,0,740,0,0,0,721,0,768,0,736,0,743,0,742,0,712,0,7520,0.032,107911053312.0,0.0,0.0,784,16797,-0.0,162057.094,-114818.039,-0.0,0.133,6.909358625270745e+28,30.0,65.0,35,0.0,0.0,0.0,0.0,0.0,0.0,0.0,0.0,0.0,0.0,0.0,0.0,0.0,0.0,0.0,0.0,69.2,0,150,71,55,65476,0,300,0,1,8,20529,65476,0,0,40632,65.0,0.0,0.0,0.0,0.0,0.0
2026-09-04T20:02:42,ERR,ERR,ERR,ERR,ERR,ERR,ERR,ERR,ERR,ERR,ERR,ERR,ERR,ERR,ERR,ERR,ERR,ERR,ERR,ERR,ERR,ERR,ERR,ERR,ERR,ERR,ERR,ERR,ERR,ERR,ERR,ERR,ERR,ERR,ERR,ERR,ERR,ERR,ERR,ERR,ERR,ERR,ERR,ERR,ERR,ERR,ERR,ERR,ERR,ERR,ERR,ERR,ERR,ERR,ERR,ERR,ERR,ERR,ERR,ERR,ERR,ERR,ERR,ERR,ERR,ERR,ERR,ERR,ERR,ERR,ERR,ERR,ERR,ERR,ERR,ERR,ERR,ERR,ERR,ERR,ERR,ERR,ERR,ERR,ERR,ERR,ERR,ERR,ERR,ERR,ERR,ERR,ERR,ERR,ERR,ERR,ERR,ERR,ERR,ERR,ERR,ERR,ERR,ERR,ERR,ERR,ERR,ERR,ERR,ERR,ERR,ERR,ERR,ERR,ERR,ERR,ERR,ERR,ERR,ERR,ERR,ERR,ERR,ERR,ERR,2.718430741444032e+23,2.7184312818759872e+23,0.0,0.0,0.0,1.3936040501711995e+18,7.805,0.0,0,0,4,0,7116,0.0,100,0.0,0.0,0.0,0.0,0.0,0,0,0,0,0.0,0,0,0,0,0,0,0,0,0,0,0,0,0,0,0,0,0,0,0,0,0,0,0,0,0,0,0,0,0,0,0,0,0,31,40,40,71,65476,0,300,0,0,8,21553,0.0,-107605600.0,0.0,0.0,0.0,0.0,0.0,0.0,0.0,0.0,0.0,0.0,0.0,0.0,0.0,0.0,0.0,0.0,0.0,0.0,0.0,0.0,0.0,0.0,-2.004,0.0,0.0,0.0,0.0,0.0,6259.0,1.5879367200059895e+29,6923.0,2.718430741444032e+23,2.7184312818759872e+23,-0.0,2.718430741444032e+23,0.0,0.0,0.0,0.0,69,-126841176064.0,0.0,0.0,0.0,0.0,0.0,0.0,0.0,0.0,0,0,0,0.0,0.0,0.0,0.0,0.0,0.0,0.0,0.0,0.0,0.0,0.0,0.0,0.0,0.0,0.0,0.0,0,-107875648.0,69,0.0,138,0.0,-109447200.0,0,13107,17040,39322,17049,26215,17043,0,0,0,70,68,100,2.7302359370752657e+23,71.2,2.7302370179391762e+23,74.3,-0.0,74.0,1,49,50,180,13107,0,0,0,0.0,0.0,0.0,0.0,-0.0,67.0,0.0,162057.094,0.0,751,0,740,0,0,0,721,0,768,0,736,0,743,0,742,0,712,0,7520,0.032,107911053312.0,0.0,0.0,784,16797,-0.0,162057.094,-114818.039,-0.0,0.133,6.909358625270745e+28,30.0,65.0,35,0.0,0.0,0.0,0.0,0.0,0.0,0.0,0.0,0.0,0.0,0.0,0.0,0.0,0.0,0.0,0.0,69.2,0,150,71,55,65476,0,300,0,1,8,20529,65476,0,0,40632,65.0,0.0,0.0,0.0,0.0,0.0
2026-09-04T20:02:43,ERR,ERR,ERR,ERR,ERR,ERR,ERR,ERR,ERR,ERR,ERR,ERR,ERR,ERR,ERR,ERR,ERR,ERR,ERR,ERR,ERR,ERR,ERR,ERR,ERR,ERR,ERR,ERR,ERR,ERR,ERR,ERR,ERR,ERR,ERR,ERR,ERR,ERR,ERR,ERR,ERR,ERR,ERR,ERR,ERR,ERR,ERR,ERR,ERR,ERR,ERR,ERR,ERR,ERR,ERR,ERR,ERR,ERR,ERR,ERR,ERR,ERR,ERR,ERR,ERR,ERR,ERR,ERR,ERR,ERR,ERR,ERR,ERR,ERR,ERR,ERR,ERR,ERR,ERR,ERR,ERR,ERR,ERR,ERR,ERR,ERR,ERR,ERR,ERR,ERR,ERR,ERR,ERR,ERR,ERR,ERR,ERR,ERR,ERR,ERR,ERR,ERR,ERR,ERR,ERR,ERR,ERR,ERR,ERR,ERR,ERR,ERR,ERR,ERR,ERR,ERR,ERR,ERR,ERR,ERR,ERR,ERR,ERR,ERR,ERR,2.718430741444032e+23,2.7184312818759872e+23,0.0,0.0,0.0,1.3936040501711995e+18,7.805,0.0,0,0,4,0,7116,0.0,100,0.0,0.0,0.0,0.0,0.0,0,0,0,0,0.0,0,0,0,0,0,0,0,0,0,0,0,0,0,0,0,0,0,0,0,0,0,0,0,0,0,0,0,0,0,0,0,0,0,31,40,40,71,65476,0,300,0,0,8,21553,0.0,-107605600.0,0.0,0.0,0.0,0.0,0.0,0.0,0.0,0.0,0.0,0.0,0.0,0.0,0.0,0.0,0.0,0.0,0.0,0.0,0.0,0.0,0.0,0.0,-2.004,0.0,0.0,0.0,0.0,0.0,6259.0,1.5879367200059895e+29,6923.0,2.718430741444032e+23,2.7184312818759872e+23,-0.0,2.718430741444032e+23,0.0,0.0,0.0,0.0,69,-126841176064.0,0.0,0.0,0.0,0.0,0.0,0.0,0.0,0.0,0,0,0,0.0,0.0,0.0,0.0,0.0,0.0,0.0,0.0,0.0,0.0,0.0,0.0,0.0,0.0,0.0,0.0,0,-107875648.0,69,0.0,138,0.0,-109447200.0,0,13107,17040,39322,17049,26215,17043,0,0,0,70,68,100,2.7302359370752657e+23,71.2,2.7302370179391762e+23,74.3,-0.0,74.0,1,49,50,180,13107,0,0,0,0.0,0.0,0.0,0.0,-0.0,67.0,0.0,162057.094,0.0,751,0,740,0,0,0,721,0,768,0,736,0,743,0,742,0,712,0,7520,0.032,107911053312.0,0.0,0.0,784,16797,-0.0,162057.094,-114818.039,-0.0,0.133,6.909358625270745e+28,30.0,65.0,35,0.0,0.0,0.0,0.0,0.0,0.0,0.0,0.0,0.0,0.0,0.0,0.0,0.0,0.0,0.0,0.0,69.2,0,150,71,55,65476,0,300,0,1,8,20529,65476,0,0,40632,65.0,0.0,0.0,0.0,0.0,0.0
2026-09-04T20:02:44,ERR,ERR,ERR,ERR,ERR,ERR,ERR,ERR,ERR,ERR,ERR,ERR,ERR,ERR,ERR,ERR,ERR,ERR,ERR,ERR,ERR,ERR,ERR,ERR,ERR,ERR,ERR,ERR,ERR,ERR,ERR,ERR,ERR,ERR,ERR,ERR,ERR,ERR,ERR,ERR,ERR,ERR,ERR,ERR,ERR,ERR,ERR,ERR,ERR,ERR,ERR,ERR,ERR,ERR,ERR,ERR,ERR,ERR,ERR,ERR,ERR,ERR,ERR,ERR,ERR,ERR,ERR,ERR,ERR,ERR,ERR,ERR,ERR,ERR,ERR,ERR,ERR,ERR,ERR,ERR,ERR,ERR,ERR,ERR,ERR,ERR,ERR,ERR,ERR,ERR,ERR,ERR,ERR,ERR,ERR,ERR,ERR,ERR,ERR,ERR,ERR,ERR,ERR,ERR,ERR,ERR,ERR,ERR,ERR,ERR,ERR,ERR,ERR,ERR,ERR,ERR,ERR,ERR,ERR,ERR,ERR,ERR,ERR,ERR,ERR,2.718430741444032e+23,2.7184312818759872e+23,0.0,0.0,0.0,1.3936040501711995e+18,7.805,0.0,0,0,4,0,7116,0.0,100,0.0,0.0,0.0,0.0,0.0,0,0,0,0,0.0,0,0,0,0,0,0,0,0,0,0,0,0,0,0,0,0,0,0,0,0,0,0,0,0,0,0,0,0,0,0,0,0,0,31,40,40,71,65476,0,300,0,0,8,21553,0.0,-107605600.0,0.0,0.0,0.0,0.0,0.0,0.0,0.0,0.0,0.0,0.0,0.0,0.0,0.0,0.0,0.0,0.0,0.0,0.0,0.0,0.0,0.0,0.0,-2.004,0.0,0.0,0.0,0.0,0.0,6259.0,1.5879367200059895e+29,6923.0,2.718430741444032e+23,2.7184312818759872e+23,-0.0,2.718430741444032e+23,0.0,0.0,0.0,0.0,69,-126841176064.0,0.0,0.0,0.0,0.0,0.0,0.0,0.0,0.0,0,0,0,0.0,0.0,0.0,0.0,0.0,0.0,0.0,0.0,0.0,0.0,0.0,0.0,0.0,0.0,0.0,0.0,0,-107875648.0,69,0.0,138,0.0,-109447200.0,0,13107,17040,39322,17049,26215,17043,0,0,0,70,68,100,2.7302359370752657e+23,71.2,2.7302370179391762e+23,74.3,-0.0,74.0,1,49,50,180,13107,0,0,0,0.0,0.0,0.0,0.0,-0.0,67.0,0.0,162057.094,0.0,751,0,740,0,0,0,721,0,768,0,736,0,743,0,742,0,712,0,7520,0.032,107911053312.0,0.0,0.0,784,16797,-0.0,162057.094,-114818.039,-0.0,0.133,6.909358625270745e+28,30.0,65.0,35,0.0,0.0,0.0,0.0,0.0,0.0,0.0,0.0,0.0,0.0,0.0,0.0,0.0,0.0,0.0,0.0,69.2,0,150,71,55,65476,0,300,0,1,8,20529,65476,0,0,40632,65.0,0.0,0.0,0.0,0.0,0.0
2026-09-04T20:02:45,ERR,ERR,ERR,ERR,ERR,ERR,ERR,ERR,ERR,ERR,ERR,ERR,ERR,ERR,ERR,ERR,ERR,ERR,ERR,ERR,ERR,ERR,ERR,ERR,ERR,ERR,ERR,ERR,ERR,ERR,ERR,ERR,ERR,ERR,ERR,ERR,ERR,ERR,ERR,ERR,ERR,ERR,ERR,ERR,ERR,ERR,ERR,ERR,ERR,ERR,ERR,ERR,ERR,ERR,ERR,ERR,ERR,ERR,ERR,ERR,ERR,ERR,ERR,ERR,ERR,ERR,ERR,ERR,ERR,ERR,ERR,ERR,ERR,ERR,ERR,ERR,ERR,ERR,ERR,ERR,ERR,ERR,ERR,ERR,ERR,ERR,ERR,ERR,ERR,ERR,ERR,ERR,ERR,ERR,ERR,ERR,ERR,ERR,ERR,ERR,ERR,ERR,ERR,ERR,ERR,ERR,ERR,ERR,ERR,ERR,ERR,ERR,ERR,ERR,ERR,ERR,ERR,ERR,ERR,ERR,ERR,ERR,ERR,ERR,ERR,2.718430741444032e+23,2.7184312818759872e+23,0.0,0.0,0.0,1.3936040501711995e+18,7.805,0.0,0,0,4,0,7116,0.0,100,0.0,0.0,0.0,0.0,0.0,0,0,0,0,0.0,0,0,0,0,0,0,0,0,0,0,0,0,0,0,0,0,0,0,0,0,0,0,0,0,0,0,0,0,0,0,0,0,0,31,40,40,71,65476,0,300,0,0,8,21553,0.0,-107605600.0,0.0,0.0,0.0,0.0,0.0,0.0,0.0,0.0,0.0,0.0,0.0,0.0,0.0,0.0,0.0,0.0,0.0,0.0,0.0,0.0,0.0,0.0,-2.004,0.0,0.0,0.0,0.0,0.0,6259.0,1.5879367200059895e+29,6923.0,2.718430741444032e+23,2.7184312818759872e+23,-0.0,2.718430741444032e+23,0.0,0.0,0.0,0.0,69,-126841176064.0,0.0,0.0,0.0,0.0,0.0,0.0,0.0,0.0,0,0,0,0.0,0.0,0.0,0.0,0.0,0.0,0.0,0.0,0.0,0.0,0.0,0.0,0.0,0.0,0.0,0.0,0,-107875648.0,69,0.0,138,0.0,-109447200.0,0,13107,17040,39322,17049,26215,17043,0,0,0,70,68,100,2.7302359370752657e+23,71.1,2.7302370179391762e+23,74.3,-0.0,74.0,1,49,50,180,13107,0,0,0,0.0,0.0,0.0,0.0,-0.0,67.0,0.0,162057.094,0.0,752,0,740,0,0,0,721,0,768,0,737,0,743,0,742,0,712,0,7520,0.032,108984795136.0,0.0,0.0,784,16797,-0.0,162057.094,-114818.039,-0.0,0.133,6.909358625270745e+28,30.0,65.0,35,0.0,0.0,0.0,0.0,0.0,0.0,0.0,0.0,0.0,0.0,0.0,0.0,0.0,0.0,0.0,0.0,69.2,0,150,71,55,65476,0,300,0,1,8,20529,65476,0,0,40632,65.0,0.0,0.0,0.0,0.0,0.0
2026-09-04T20:02:46,ERR,ERR,ERR,ERR,ERR,ERR,ERR,ERR,ERR,ERR,ERR,ERR,ERR,ERR,ERR,ERR,ERR,ERR,ERR,ERR,ERR,ERR,ERR,ERR,ERR,ERR,ERR,ERR,ERR,ERR,ERR,ERR,ERR,ERR,ERR,ERR,ERR,ERR,ERR,ERR,ERR,ERR,ERR,ERR,ERR,ERR,ERR,ERR,ERR,ERR,ERR,ERR,ERR,ERR,ERR,ERR,ERR,ERR,ERR,ERR,ERR,ERR,ERR,ERR,ERR,ERR,ERR,ERR,ERR,ERR,ERR,ERR,ERR,ERR,ERR,ERR,ERR,ERR,ERR,ERR,ERR,ERR,ERR,ERR,ERR,ERR,ERR,ERR,ERR,ERR,ERR,ERR,ERR,ERR,ERR,ERR,ERR,ERR,ERR,ERR,ERR,ERR,ERR,ERR,ERR,ERR,ERR,ERR,ERR,ERR,ERR,ERR,ERR,ERR,ERR,ERR,ERR,ERR,ERR,ERR,ERR,ERR,ERR,ERR,ERR,2.718430741444032e+23,2.7184312818759872e+23,0.0,0.0,0.0,1.3936040501711995e+18,7.805,0.0,0,0,4,0,7116,0.0,100,0.0,0.0,0.0,0.0,0.0,0,0,0,0,0.0,0,0,0,0,0,0,0,0,0,0,0,0,0,0,0,0,0,0,0,0,0,0,0,0,0,0,0,0,0,0,0,0,0,31,40,40,71,65476,0,300,0,0,8,21553,0.0,-107605600.0,0.0,0.0,0.0,0.0,0.0,0.0,0.0,0.0,0.0,0.0,0.0,0.0,0.0,0.0,0.0,0.0,0.0,0.0,0.0,0.0,0.0,0.0,-2.004,0.0,0.0,0.0,0.0,0.0,6259.0,1.5879367200059895e+29,6923.0,2.718430741444032e+23,2.7184312818759872e+23,-0.0,2.718430741444032e+23,0.0,0.0,0.0,0.0,69,-126841176064.0,0.0,0.0,0.0,0.0,0.0,0.0,0.0,0.0,0,0,0,0.0,0.0,0.0,0.0,0.0,0.0,0.0,0.0,0.0,0.0,0.0,0.0,0.0,0.0,0.0,0.0,0,-107875648.0,69,0.0,138,0.0,-109447200.0,0,13107,17040,39322,17049,26215,17043,0,0,0,70,68,100,2.7302359370752657e+23,71.1,2.7302370179391762e+23,74.3,-0.0,74.0,1,49,50,180,13107,0,0,0,0.0,0.0,0.0,0.0,-0.0,67.0,0.0,162057.094,0.0,752,0,740,0,0,0,721,0,768,0,737,0,743,0,742,0,712,0,7520,0.032,108984795136.0,0.0,0.0,784,16797,-0.0,162057.094,-114818.039,-0.0,0.133,6.909358625270745e+28,30.0,65.0,35,0.0,0.0,0.0,0.0,0.0,0.0,0.0,0.0,0.0,0.0,0.0,0.0,0.0,0.0,0.0,0.0,69.2,0,150,71,55,65476,0,300,0,1,8,20529,65476,0,0,40632,65.0,0.0,0.0,0.0,0.0,0.0
2026-09-04T20:02:47,ERR,ERR,ERR,ERR,ERR,ERR,ERR,ERR,ERR,ERR,ERR,ERR,ERR,ERR,ERR,ERR,ERR,ERR,ERR,ERR,ERR,ERR,ERR,ERR,ERR,ERR,ERR,ERR,ERR,ERR,ERR,ERR,ERR,ERR,ERR,ERR,ERR,ERR,ERR,ERR,ERR,ERR,ERR,ERR,ERR,ERR,ERR,ERR,ERR,ERR,ERR,ERR,ERR,ERR,ERR,ERR,ERR,ERR,ERR,ERR,ERR,ERR,ERR,ERR,ERR,ERR,ERR,ERR,ERR,ERR,ERR,ERR,ERR,ERR,ERR,ERR,ERR,ERR,ERR,ERR,ERR,ERR,ERR,ERR,ERR,ERR,ERR,ERR,ERR,ERR,ERR,ERR,ERR,ERR,ERR,ERR,ERR,ERR,ERR,ERR,ERR,ERR,ERR,ERR,ERR,ERR,ERR,ERR,ERR,ERR,ERR,ERR,ERR,ERR,ERR,ERR,ERR,ERR,ERR,ERR,ERR,ERR,ERR,ERR,ERR,2.718430741444032e+23,2.7184312818759872e+23,0.0,0.0,0.0,1.3936040501711995e+18,7.805,0.0,0,0,4,0,7116,0.0,100,0.0,0.0,0.0,0.0,0.0,0,0,0,0,0.0,0,0,0,0,0,0,0,0,0,0,0,0,0,0,0,0,0,0,0,0,0,0,0,0,0,0,0,0,0,0,0,0,0,31,40,40,71,65476,0,300,0,0,8,21553,0.0,-107605600.0,0.0,0.0,0.0,0.0,0.0,0.0,0.0,0.0,0.0,0.0,0.0,0.0,0.0,0.0,0.0,0.0,0.0,0.0,0.0,0.0,0.0,0.0,-2.004,0.0,0.0,0.0,0.0,0.0,6259.0,1.5879367200059895e+29,6923.0,2.718430741444032e+23,2.7184312818759872e+23,-0.0,2.718430741444032e+23,0.0,0.0,0.0,0.0,69,-126841176064.0,0.0,0.0,0.0,0.0,0.0,0.0,0.0,0.0,0,0,0,0.0,0.0,0.0,0.0,0.0,0.0,0.0,0.0,0.0,0.0,0.0,0.0,0.0,0.0,0.0,0.0,0,-107875648.0,69,0.0,138,0.0,-109447200.0,0,13107,17040,39322,17049,26215,17043,0,0,0,70,68,100,2.7302359370752657e+23,71.1,2.7302370179391762e+23,74.3,-0.0,74.0,1,49,50,180,13107,0,0,0,0.0,0.0,0.0,0.0,-0.0,67.0,0.0,162057.094,0.0,752,0,740,0,0,0,721,0,768,0,737,0,743,0,742,0,712,0,7520,0.032,108984795136.0,0.0,0.0,784,16797,-0.0,162057.094,-114818.039,-0.0,0.133,6.909358625270745e+28,30.0,65.0,35,0.0,0.0,0.0,0.0,0.0,0.0,0.0,0.0,0.0,0.0,0.0,0.0,0.0,0.0,0.0,0.0,69.2,0,150,71,55,65476,0,300,0,1,8,20529,65476,0,0,40632,65.0,0.0,0.0,0.0,0.0,0.0
2026-09-04T20:02:48,ERR,ERR,ERR,ERR,ERR,ERR,ERR,ERR,ERR,ERR,ERR,ERR,ERR,ERR,ERR,ERR,ERR,ERR,ERR,ERR,ERR,ERR,ERR,ERR,ERR,ERR,ERR,ERR,ERR,ERR,ERR,ERR,ERR,ERR,ERR,ERR,ERR,ERR,ERR,ERR,ERR,ERR,ERR,ERR,ERR,ERR,ERR,ERR,ERR,ERR,ERR,ERR,ERR,ERR,ERR,ERR,ERR,ERR,ERR,ERR,ERR,ERR,ERR,ERR,ERR,ERR,ERR,ERR,ERR,ERR,ERR,ERR,ERR,ERR,ERR,ERR,ERR,ERR,ERR,ERR,ERR,ERR,ERR,ERR,ERR,ERR,ERR,ERR,ERR,ERR,ERR,ERR,ERR,ERR,ERR,ERR,ERR,ERR,ERR,ERR,ERR,ERR,ERR,ERR,ERR,ERR,ERR,ERR,ERR,ERR,ERR,ERR,ERR,ERR,ERR,ERR,ERR,ERR,ERR,ERR,ERR,ERR,ERR,ERR,ERR,2.718430741444032e+23,2.7184312818759872e+23,0.0,0.0,0.0,1.3936040501711995e+18,7.805,0.0,0,0,4,0,7116,0.0,100,0.0,0.0,0.0,0.0,0.0,0,0,0,0,0.0,0,0,0,0,0,0,0,0,0,0,0,0,0,0,0,0,0,0,0,0,0,0,0,0,0,0,0,0,0,0,0,0,0,31,40,40,71,65476,0,300,0,0,8,21553,0.0,-107605600.0,0.0,0.0,0.0,0.0,0.0,0.0,0.0,0.0,0.0,0.0,0.0,0.0,0.0,0.0,0.0,0.0,0.0,0.0,0.0,0.0,0.0,0.0,-2.004,0.0,0.0,0.0,0.0,0.0,6259.0,1.5879367200059895e+29,6923.0,2.718430741444032e+23,2.7184312818759872e+23,-0.0,2.718430741444032e+23,0.0,0.0,0.0,0.0,69,-126841176064.0,0.0,0.0,0.0,0.0,0.0,0.0,0.0,0.0,0,0,0,0.0,0.0,0.0,0.0,0.0,0.0,0.0,0.0,0.0,0.0,0.0,0.0,0.0,0.0,0.0,0.0,0,-107875648.0,69,0.0,138,0.0,-109447200.0,0,13107,17040,39322,17049,26215,17043,0,0,0,70,68,100,2.7302359370752657e+23,71.1,2.7302370179391762e+23,74.3,-0.0,74.0,1,49,50,180,13107,0,0,0,0.0,0.0,0.0,0.0,-0.0,67.0,0.0,162057.094,0.0,752,0,740,0,0,0,721,0,768,0,737,0,743,0,742,0,712,0,7520,0.032,108984795136.0,0.0,0.0,784,16797,-0.0,162057.094,-114818.039,-0.0,0.133,6.909358625270745e+28,30.0,65.0,35,0.0,0.0,0.0,0.0,0.0,0.0,0.0,0.0,0.0,0.0,0.0,0.0,0.0,0.0,0.0,0.0,69.2,0,150,71,55,65476,0,300,0,1,8,20529,65476,0,0,40632,65.0,0.0,0.0,0.0,0.0,0.0
2026-09-04T20:02:49,ERR,ERR,ERR,ERR,ERR,ERR,ERR,ERR,ERR,ERR,ERR,ERR,ERR,ERR,ERR,ERR,ERR,ERR,ERR,ERR,ERR,ERR,ERR,ERR,ERR,ERR,ERR,ERR,ERR,ERR,ERR,ERR,ERR,ERR,ERR,ERR,ERR,ERR,ERR,ERR,ERR,ERR,ERR,ERR,ERR,ERR,ERR,ERR,ERR,ERR,ERR,ERR,ERR,ERR,ERR,ERR,ERR,ERR,ERR,ERR,ERR,ERR,ERR,ERR,ERR,ERR,ERR,ERR,ERR,ERR,ERR,ERR,ERR,ERR,ERR,ERR,ERR,ERR,ERR,ERR,ERR,ERR,ERR,ERR,ERR,ERR,ERR,ERR,ERR,ERR,ERR,ERR,ERR,ERR,ERR,ERR,ERR,ERR,ERR,ERR,ERR,ERR,ERR,ERR,ERR,ERR,ERR,ERR,ERR,ERR,ERR,ERR,ERR,ERR,ERR,ERR,ERR,ERR,ERR,ERR,ERR,ERR,ERR,ERR,ERR,2.718430741444032e+23,-0.0,-134479040.0,0.0,0.0,1.3936040501711995e+18,7.805,0.0,0,0,4,0,7116,0.0,100,0.0,0.0,0.0,0.0,0.0,0,0,0,0,0.0,0,0,0,0,0,0,0,0,0,0,0,0,0,0,0,0,0,0,0,0,0,0,0,0,0,0,0,0,0,0,0,0,0,31,40,40,71,65476,0,300,0,0,8,21553,0.0,-107605600.0,0.0,0.0,0.0,0.0,0.0,0.0,0.0,0.0,0.0,0.0,0.0,0.0,0.0,0.0,0.0,0.0,0.0,0.0,0.0,0.0,0.0,-2.004,-2.004,0.0,0.0,0.0,0.0,0.0,6259.0,0.0,6916.0,2.718430741444032e+23,-0.0,-0.0,2.718430741444032e+23,0.0,0.0,0.0,0.0,69,-89221.172,-71.63,0.0,0.0,0.0,0.0,0.0,0.0,0.0,0,0,0,0.0,0.0,0.0,0.0,0.0,0.0,0.0,0.0,0.0,0.0,0.0,0.0,0.0,0.0,0.0,0.0,0,-107875648.0,69,0.0,138,0.0,-109447200.0,0,13107,17040,39322,17049,26215,17043,0,0,0,70,68,100,2.7302359370752657e+23,71.1,2.7302370179391762e+23,74.3,-0.0,74.0,1,49,50,180,13107,0,0,0,0.0,0.0,0.0,0.0,-0.0,67.0,0.0,162057.094,0.0,752,0,740,0,0,0,721,0,768,0,737,0,743,0,742,0,712,0,7520,0.032,108984795136.0,0.0,0.0,784,16797,-0.0,162057.094,-114818.039,-0.0,0.133,6.909358625270745e+28,30.0,65.0,35,0.0,0.0,0.0,0.0,0.0,0.0,0.0,0.0,0.0,0.0,0.0,0.0,0.0,0.0,0.0,0.0,69.2,0,150,71,55,65476,0,300,0,1,8,20529,65476,0,0,40632,65.0,0.0,0.0,0.0,0.0,0.0
2026-09-04T20:02:50,ERR,ERR,ERR,ERR,ERR,ERR,ERR,ERR,ERR,ERR,ERR,ERR,ERR,ERR,ERR,ERR,ERR,ERR,ERR,ERR,ERR,ERR,ERR,ERR,ERR,ERR,ERR,ERR,ERR,ERR,ERR,ERR,ERR,ERR,ERR,ERR,ERR,ERR,ERR,ERR,ERR,ERR,ERR,ERR,ERR,ERR,ERR,ERR,ERR,ERR,ERR,ERR,ERR,ERR,ERR,ERR,ERR,ERR,ERR,ERR,ERR,ERR,ERR,ERR,ERR,ERR,ERR,ERR,ERR,ERR,ERR,ERR,ERR,ERR,ERR,ERR,ERR,ERR,ERR,ERR,ERR,ERR,ERR,ERR,ERR,ERR,ERR,ERR,ERR,ERR,ERR,ERR,ERR,ERR,ERR,ERR,ERR,ERR,ERR,ERR,ERR,ERR,ERR,ERR,ERR,ERR,ERR,ERR,ERR,ERR,ERR,ERR,ERR,ERR,ERR,ERR,ERR,ERR,ERR,ERR,ERR,ERR,ERR,ERR,ERR,2.718430741444032e+23,-0.0,-134479040.0,0.0,0.0,1.3936040501711995e+18,7.805,0.0,0,0,4,0,7116,0.0,100,0.0,0.0,0.0,0.0,0.0,0,0,0,0,0.0,0,0,0,0,0,0,0,0,0,0,0,0,0,0,0,0,0,0,0,0,0,0,0,0,0,0,0,0,0,0,0,0,0,31,40,40,71,65476,0,300,0,0,8,21553,0.0,-107605600.0,0.0,0.0,0.0,0.0,0.0,0.0,0.0,0.0,0.0,0.0,0.0,0.0,0.0,0.0,0.0,0.0,0.0,0.0,0.0,0.0,0.0,-2.004,-2.004,0.0,0.0,0.0,0.0,0.0,6259.0,0.0,6916.0,2.718430741444032e+23,-0.0,-0.0,2.718430741444032e+23,0.0,0.0,0.0,0.0,69,-89221.172,-71.63,0.0,0.0,0.0,0.0,0.0,0.0,0.0,0,0,0,0.0,0.0,0.0,0.0,0.0,0.0,0.0,0.0,0.0,0.0,0.0,0.0,0.0,0.0,0.0,0.0,0,-107875648.0,69,0.0,138,0.0,-109447200.0,0,13107,17040,39322,17049,26215,17043,0,0,0,70,68,100,2.7302359370752657e+23,71.1,2.7302370179391762e+23,74.3,-0.0,74.0,1,49,50,180,13107,0,0,0,0.0,0.0,0.0,0.0,-0.0,67.0,0.0,162057.094,0.0,752,0,740,0,0,0,721,0,768,0,737,0,743,0,742,0,712,0,7520,0.032,108984795136.0,0.0,0.0,784,16797,-0.0,162057.094,-114818.039,-0.0,0.133,6.909358625270745e+28,30.0,65.0,35,0.0,0.0,0.0,0.0,0.0,0.0,0.0,0.0,0.0,0.0,0.0,0.0,0.0,0.0,0.0,0.0,69.2,0,150,71,55,65476,0,300,0,1,8,20529,65476,0,0,40632,65.0,0.0,0.0,0.0,0.0,0.0
2026-09-04T20:02:51,ERR,ERR,ERR,ERR,ERR,ERR,ERR,ERR,ERR,ERR,ERR,ERR,ERR,ERR,ERR,ERR,ERR,ERR,ERR,ERR,ERR,ERR,ERR,ERR,ERR,ERR,ERR,ERR,ERR,ERR,ERR,ERR,ERR,ERR,ERR,ERR,ERR,ERR,ERR,ERR,ERR,ERR,ERR,ERR,ERR,ERR,ERR,ERR,ERR,ERR,ERR,ERR,ERR,ERR,ERR,ERR,ERR,ERR,ERR,ERR,ERR,ERR,ERR,ERR,ERR,ERR,ERR,ERR,ERR,ERR,ERR,ERR,ERR,ERR,ERR,ERR,ERR,ERR,ERR,ERR,ERR,ERR,ERR,ERR,ERR,ERR,ERR,ERR,ERR,ERR,ERR,ERR,ERR,ERR,ERR,ERR,ERR,ERR,ERR,ERR,ERR,ERR,ERR,ERR,ERR,ERR,ERR,ERR,ERR,ERR,ERR,ERR,ERR,ERR,ERR,ERR,ERR,ERR,ERR,ERR,ERR,ERR,ERR,ERR,ERR,2.718430741444032e+23,-0.0,-134479040.0,0.0,0.0,1.3936040501711995e+18,7.805,0.0,0,0,4,0,7116,0.0,100,0.0,0.0,0.0,0.0,0.0,0,0,0,0,0.0,0,0,0,0,0,0,0,0,0,0,0,0,0,0,0,0,0,0,0,0,0,0,0,0,0,0,0,0,0,0,0,0,0,31,40,40,71,65476,0,300,0,0,8,21553,0.0,-107605600.0,0.0,0.0,0.0,0.0,0.0,0.0,0.0,0.0,0.0,0.0,0.0,0.0,0.0,0.0,0.0,0.0,0.0,0.0,0.0,0.0,0.0,-2.004,-2.004,0.0,0.0,0.0,0.0,0.0,6259.0,0.0,6916.0,2.718430741444032e+23,-0.0,-0.0,2.718430741444032e+23,0.0,0.0,0.0,0.0,69,-89221.172,-71.63,0.0,0.0,0.0,0.0,0.0,0.0,0.0,0,0,0,0.0,0.0,0.0,0.0,0.0,0.0,0.0,0.0,0.0,0.0,0.0,0.0,0.0,0.0,0.0,0.0,0,-107875648.0,69,0.0,138,0.0,-109447200.0,0,13107,17040,39322,17049,13107,17043,0,0,0,70,68,100,2.7302359370752657e+23,71.2,2.7302370179391762e+23,74.3,-0.0,74.0,1,49,50,180,26215,0,0,0,0.0,0.0,0.0,0.0,-0.0,67.0,0.0,162057.094,0.0,751,0,740,0,0,0,721,0,768,0,737,0,742,0,742,0,712,0,7520,0.032,107911053312.0,0.0,0.0,784,16797,-0.0,162057.094,-114818.039,-0.0,0.133,6.909358625270745e+28,30.0,65.0,35,0.0,0.0,0.0,0.0,0.0,0.0,0.0,0.0,0.0,0.0,0.0,0.0,0.0,0.0,0.0,0.0,69.2,0,150,71,55,65476,0,300,0,1,8,20529,65476,0,0,40632,65.0,0.0,0.0,0.0,0.0,0.0
2026-09-04T20:02:52,ERR,ERR,ERR,ERR,ERR,ERR,ERR,ERR,ERR,ERR,ERR,ERR,ERR,ERR,ERR,ERR,ERR,ERR,ERR,ERR,ERR,ERR,ERR,ERR,ERR,ERR,ERR,ERR,ERR,ERR,ERR,ERR,ERR,ERR,ERR,ERR,ERR,ERR,ERR,ERR,ERR,ERR,ERR,ERR,ERR,ERR,ERR,ERR,ERR,ERR,ERR,ERR,ERR,ERR,ERR,ERR,ERR,ERR,ERR,ERR,ERR,ERR,ERR,ERR,ERR,ERR,ERR,ERR,ERR,ERR,ERR,ERR,ERR,ERR,ERR,ERR,ERR,ERR,ERR,ERR,ERR,ERR,ERR,ERR,ERR,ERR,ERR,ERR,ERR,ERR,ERR,ERR,ERR,ERR,ERR,ERR,ERR,ERR,ERR,ERR,ERR,ERR,ERR,ERR,ERR,ERR,ERR,ERR,ERR,ERR,ERR,ERR,ERR,ERR,ERR,ERR,ERR,ERR,ERR,ERR,ERR,ERR,ERR,ERR,ERR,2.718430741444032e+23,-0.0,-134479040.0,0.0,0.0,1.3936040501711995e+18,7.805,0.0,0,0,4,0,7116,0.0,100,0.0,0.0,0.0,0.0,0.0,0,0,0,0,0.0,0,0,0,0,0,0,0,0,0,0,0,0,0,0,0,0,0,0,0,0,0,0,0,0,0,0,0,0,0,0,0,0,0,31,40,40,71,65476,0,300,0,0,8,21553,0.0,-107605600.0,0.0,0.0,0.0,0.0,0.0,0.0,0.0,0.0,0.0,0.0,0.0,0.0,0.0,0.0,0.0,0.0,0.0,0.0,0.0,0.0,0.0,-2.004,-2.004,0.0,0.0,0.0,0.0,0.0,6259.0,0.0,6916.0,2.718430741444032e+23,-0.0,-0.0,2.718430741444032e+23,0.0,0.0,0.0,0.0,69,-89221.172,-71.63,0.0,0.0,0.0,0.0,0.0,0.0,0.0,0,0,0,0.0,0.0,0.0,0.0,0.0,0.0,0.0,0.0,0.0,0.0,0.0,0.0,0.0,0.0,0.0,0.0,0,-107875648.0,69,0.0,138,0.0,-109447200.0,0,13107,17040,39322,17049,13107,17043,0,0,0,70,68,100,2.7302359370752657e+23,71.2,2.7302370179391762e+23,74.3,-0.0,74.0,1,49,50,180,26215,0,0,0,0.0,0.0,0.0,0.0,-0.0,67.0,0.0,162057.094,0.0,751,0,740,0,0,0,721,0,768,0,737,0,742,0,742,0,712,0,7520,0.032,107911053312.0,0.0,0.0,784,16797,-0.0,162057.094,-114818.039,-0.0,0.133,6.909358625270745e+28,30.0,65.0,35,0.0,0.0,0.0,0.0,0.0,0.0,0.0,0.0,0.0,0.0,0.0,0.0,0.0,0.0,0.0,0.0,69.2,0,150,71,55,65476,0,300,0,1,8,20529,65476,0,0,40632,65.0,0.0,0.0,0.0,0.0,0.0
2026-09-04T20:02:53,ERR,ERR,ERR,ERR,ERR,ERR,ERR,ERR,ERR,ERR,ERR,ERR,ERR,ERR,ERR,ERR,ERR,ERR,ERR,ERR,ERR,ERR,ERR,ERR,ERR,ERR,ERR,ERR,ERR,ERR,ERR,ERR,ERR,ERR,ERR,ERR,ERR,ERR,ERR,ERR,ERR,ERR,ERR,ERR,ERR,ERR,ERR,ERR,ERR,ERR,ERR,ERR,ERR,ERR,ERR,ERR,ERR,ERR,ERR,ERR,ERR,ERR,ERR,ERR,ERR,ERR,ERR,ERR,ERR,ERR,ERR,ERR,ERR,ERR,ERR,ERR,ERR,ERR,ERR,ERR,ERR,ERR,ERR,ERR,ERR,ERR,ERR,ERR,ERR,ERR,ERR,ERR,ERR,ERR,ERR,ERR,ERR,ERR,ERR,ERR,ERR,ERR,ERR,ERR,ERR,ERR,ERR,ERR,ERR,ERR,ERR,ERR,ERR,ERR,ERR,ERR,ERR,ERR,ERR,ERR,ERR,ERR,ERR,ERR,ERR,2.718430741444032e+23,-0.0,-134479040.0,0.0,0.0,1.3936040501711995e+18,7.805,0.0,0,0,4,0,7116,0.0,100,0.0,0.0,0.0,0.0,0.0,0,0,0,0,0.0,0,0,0,0,0,0,0,0,0,0,0,0,0,0,0,0,0,0,0,0,0,0,0,0,0,0,0,0,0,0,0,0,0,31,40,40,71,65476,0,300,0,0,8,21553,0.0,-107605600.0,0.0,0.0,0.0,0.0,0.0,0.0,0.0,0.0,0.0,0.0,0.0,0.0,0.0,0.0,0.0,0.0,0.0,0.0,0.0,0.0,0.0,-2.004,-2.004,0.0,0.0,0.0,0.0,0.0,6259.0,0.0,6916.0,2.718430741444032e+23,-0.0,-0.0,2.718430741444032e+23,0.0,0.0,0.0,0.0,69,-89221.172,-71.63,0.0,0.0,0.0,0.0,0.0,0.0,0.0,0,0,0,0.0,0.0,0.0,0.0,0.0,0.0,0.0,0.0,0.0,0.0,0.0,0.0,0.0,0.0,0.0,0.0,0,-107875648.0,69,0.0,138,0.0,-109447200.0,0,13107,17040,39322,17049,13107,17043,0,0,0,70,68,100,2.7302359370752657e+23,71.2,2.7302370179391762e+23,74.3,-0.0,74.0,1,49,50,180,26215,0,0,0,0.0,0.0,0.0,0.0,-0.0,67.0,0.0,162057.094,0.0,751,0,740,0,0,0,721,0,768,0,737,0,742,0,742,0,712,0,7520,0.032,107911053312.0,0.0,0.0,784,16797,-0.0,162057.094,-114818.039,-0.0,0.133,6.909358625270745e+28,30.0,65.0,35,0.0,0.0,0.0,0.0,0.0,0.0,0.0,0.0,0.0,0.0,0.0,0.0,0.0,0.0,0.0,0.0,69.2,0,150,71,55,65476,0,300,0,1,8,20529,65476,0,0,40632,65.0,0.0,0.0,0.0,0.0,0.0
2026-09-04T20:02:54,ERR,ERR,ERR,ERR,ERR,ERR,ERR,ERR,ERR,ERR,ERR,ERR,ERR,ERR,ERR,ERR,ERR,ERR,ERR,ERR,ERR,ERR,ERR,ERR,ERR,ERR,ERR,ERR,ERR,ERR,ERR,ERR,ERR,ERR,ERR,ERR,ERR,ERR,ERR,ERR,ERR,ERR,ERR,ERR,ERR,ERR,ERR,ERR,ERR,ERR,ERR,ERR,ERR,ERR,ERR,ERR,ERR,ERR,ERR,ERR,ERR,ERR,ERR,ERR,ERR,ERR,ERR,ERR,ERR,ERR,ERR,ERR,ERR,ERR,ERR,ERR,ERR,ERR,ERR,ERR,ERR,ERR,ERR,ERR,ERR,ERR,ERR,ERR,ERR,ERR,ERR,ERR,ERR,ERR,ERR,ERR,ERR,ERR,ERR,ERR,ERR,ERR,ERR,ERR,ERR,ERR,ERR,ERR,ERR,ERR,ERR,ERR,ERR,ERR,ERR,ERR,ERR,ERR,ERR,ERR,ERR,ERR,ERR,ERR,ERR,2.718430741444032e+23,-0.0,-134479040.0,0.0,0.0,1.3936040501711995e+18,7.805,0.0,0,0,4,0,7116,0.0,100,0.0,0.0,0.0,0.0,0.0,0,0,0,0,0.0,0,0,0,0,0,0,0,0,0,0,0,0,0,0,0,0,0,0,0,0,0,0,0,0,0,0,0,0,0,0,0,0,0,31,40,40,71,65476,0,300,0,0,8,21553,0.0,-107605600.0,0.0,0.0,0.0,0.0,0.0,0.0,0.0,0.0,0.0,0.0,0.0,0.0,0.0,0.0,0.0,0.0,0.0,0.0,0.0,0.0,0.0,-2.004,-2.004,0.0,0.0,0.0,0.0,0.0,6259.0,0.0,6916.0,2.718430741444032e+23,-0.0,-0.0,2.718430741444032e+23,0.0,0.0,0.0,0.0,69,-89221.172,-71.63,0.0,0.0,0.0,0.0,0.0,0.0,0.0,0,0,0,0.0,0.0,0.0,0.0,0.0,0.0,0.0,0.0,0.0,0.0,0.0,0.0,0.0,0.0,0.0,0.0,0,-107875648.0,69,0.0,138,0.0,-109447200.0,0,13107,17040,39322,17049,13107,17043,0,0,0,70,68,100,2.7302359370752657e+23,71.2,2.7302370179391762e+23,74.3,-0.0,74.0,1,49,50,180,26215,0,0,0,0.0,0.0,0.0,0.0,-0.0,67.0,0.0,162057.094,0.0,751,0,740,0,0,0,721,0,768,0,737,0,742,0,742,0,712,0,7520,0.032,107911053312.0,0.0,0.0,784,16797,-0.0,162057.094,-114818.039,-0.0,0.133,6.909358625270745e+28,30.0,65.0,35,0.0,0.0,0.0,0.0,0.0,0.0,0.0,0.0,0.0,0.0,0.0,0.0,0.0,0.0,0.0,0.0,69.2,0,150,71,55,65476,0,300,0,1,8,20529,65476,0,0,40632,65.0,0.0,0.0,0.0,0.0,0.0
2026-09-04T20:02:55,ERR,ERR,ERR,ERR,ERR,ERR,ERR,ERR,ERR,ERR,ERR,ERR,ERR,ERR,ERR,ERR,ERR,ERR,ERR,ERR,ERR,ERR,ERR,ERR,ERR,ERR,ERR,ERR,ERR,ERR,ERR,ERR,ERR,ERR,ERR,ERR,ERR,ERR,ERR,ERR,ERR,ERR,ERR,ERR,ERR,ERR,ERR,ERR,ERR,ERR,ERR,ERR,ERR,ERR,ERR,ERR,ERR,ERR,ERR,ERR,ERR,ERR,ERR,ERR,ERR,ERR,ERR,ERR,ERR,ERR,ERR,ERR,ERR,ERR,ERR,ERR,ERR,ERR,ERR,ERR,ERR,ERR,ERR,ERR,ERR,ERR,ERR,ERR,ERR,ERR,ERR,ERR,ERR,ERR,ERR,ERR,ERR,ERR,ERR,ERR,ERR,ERR,ERR,ERR,ERR,ERR,ERR,ERR,ERR,ERR,ERR,ERR,ERR,ERR,ERR,ERR,ERR,ERR,ERR,ERR,ERR,ERR,ERR,ERR,ERR,2.718430741444032e+23,2.7184312818759872e+23,0.0,0.0,0.0,1.3936040501711995e+18,7.805,0.0,0,0,4,0,7116,0.0,100,0.0,0.0,0.0,0.0,0.0,0,0,0,0,0.0,0,0,0,0,0,0,0,0,0,0,0,0,0,0,0,0,0,0,0,0,0,0,0,0,0,0,0,0,0,0,0,0,0,31,40,40,71,65476,0,300,0,0,8,21553,0.0,-107605600.0,0.0,0.0,0.0,0.0,0.0,0.0,0.0,0.0,0.0,0.0,0.0,0.0,0.0,0.0,0.0,0.0,0.0,0.0,0.0,0.0,0.0,0.0,-2.004,0.0,0.0,0.0,0.0,0.0,6227.0,-131351.031,6937.0,2.718430741444032e+23,2.7184312818759872e+23,-0.0,2.718430741444032e+23,0.0,0.0,0.0,0.0,69,-0.0,89220.945,0.0,0.0,0.0,0.0,0.0,0.0,0.0,0,0,0,0.0,0.0,0.0,0.0,0.0,0.0,0.0,0.0,0.0,0.0,0.0,0.0,0.0,0.0,0.0,0.0,0,-107875648.0,69,0.0,138,0.0,-109447200.0,0,13107,17040,39322,17049,26215,17043,0,0,0,70,68,100,2.7302359370752657e+23,71.2,2.7302370179391762e+23,74.3,-0.0,74.0,1,49,50,180,13107,0,0,0,0.0,0.0,0.0,0.0,-0.0,67.0,0.0,162057.094,0.0,751,0,740,0,0,0,721,0,768,0,737,0,742,0,742,0,712,0,7520,0.032,108984795136.0,0.0,0.0,784,16797,-0.0,162057.094,-114818.039,-0.0,0.133,6.909358625270745e+28,30.0,65.0,35,0.0,0.0,0.0,0.0,0.0,0.0,0.0,0.0,0.0,0.0,0.0,0.0,0.0,0.0,0.0,0.0,69.2,0,150,71,55,65476,0,300,0,1,8,20529,65476,0,0,40632,65.0,0.0,0.0,0.0,0.0,0.0
2026-09-04T20:02:56,ERR,ERR,ERR,ERR,ERR,ERR,ERR,ERR,ERR,ERR,ERR,ERR,ERR,ERR,ERR,ERR,ERR,ERR,ERR,ERR,ERR,ERR,ERR,ERR,ERR,ERR,ERR,ERR,ERR,ERR,ERR,ERR,ERR,ERR,ERR,ERR,ERR,ERR,ERR,ERR,ERR,ERR,ERR,ERR,ERR,ERR,ERR,ERR,ERR,ERR,ERR,ERR,ERR,ERR,ERR,ERR,ERR,ERR,ERR,ERR,ERR,ERR,ERR,ERR,ERR,ERR,ERR,ERR,ERR,ERR,ERR,ERR,ERR,ERR,ERR,ERR,ERR,ERR,ERR,ERR,ERR,ERR,ERR,ERR,ERR,ERR,ERR,ERR,ERR,ERR,ERR,ERR,ERR,ERR,ERR,ERR,ERR,ERR,ERR,ERR,ERR,ERR,ERR,ERR,ERR,ERR,ERR,ERR,ERR,ERR,ERR,ERR,ERR,ERR,ERR,ERR,ERR,ERR,ERR,ERR,ERR,ERR,ERR,ERR,ERR,2.718430741444032e+23,2.7184312818759872e+23,0.0,0.0,0.0,1.3936040501711995e+18,7.805,0.0,0,0,4,0,7116,0.0,100,0.0,0.0,0.0,0.0,0.0,0,0,0,0,0.0,0,0,0,0,0,0,0,0,0,0,0,0,0,0,0,0,0,0,0,0,0,0,0,0,0,0,0,0,0,0,0,0,0,31,40,40,71,65476,0,300,0,0,8,21553,0.0,-107605600.0,0.0,0.0,0.0,0.0,0.0,0.0,0.0,0.0,0.0,0.0,0.0,0.0,0.0,0.0,0.0,0.0,0.0,0.0,0.0,0.0,0.0,0.0,-2.004,0.0,0.0,0.0,0.0,0.0,6227.0,-131351.031,6937.0,2.718430741444032e+23,2.7184312818759872e+23,-0.0,2.718430741444032e+23,0.0,0.0,0.0,0.0,69,-0.0,89220.945,0.0,0.0,0.0,0.0,0.0,0.0,0.0,0,0,0,0.0,0.0,0.0,0.0,0.0,0.0,0.0,0.0,0.0,0.0,0.0,0.0,0.0,0.0,0.0,0.0,0,-107875648.0,69,0.0,138,0.0,-109447200.0,0,13107,17040,39322,17049,26215,17043,0,0,0,70,68,100,2.7302359370752657e+23,71.2,2.7302370179391762e+23,74.3,-0.0,74.0,1,49,50,180,13107,0,0,0,0.0,0.0,0.0,0.0,-0.0,67.0,0.0,162057.094,0.0,751,0,740,0,0,0,721,0,768,0,737,0,742,0,742,0,712,0,7520,0.032,108984795136.0,0.0,0.0,784,16797,-0.0,162057.094,-114818.039,-0.0,0.133,6.909358625270745e+28,30.0,65.0,35,0.0,0.0,0.0,0.0,0.0,0.0,0.0,0.0,0.0,0.0,0.0,0.0,0.0,0.0,0.0,0.0,69.2,0,150,71,55,65476,0,300,0,1,8,20529,65476,0,0,40632,65.0,0.0,0.0,0.0,0.0,0.0
2026-09-04T20:02:57,ERR,ERR,ERR,ERR,ERR,ERR,ERR,ERR,ERR,ERR,ERR,ERR,ERR,ERR,ERR,ERR,ERR,ERR,ERR,ERR,ERR,ERR,ERR,ERR,ERR,ERR,ERR,ERR,ERR,ERR,ERR,ERR,ERR,ERR,ERR,ERR,ERR,ERR,ERR,ERR,ERR,ERR,ERR,ERR,ERR,ERR,ERR,ERR,ERR,ERR,ERR,ERR,ERR,ERR,ERR,ERR,ERR,ERR,ERR,ERR,ERR,ERR,ERR,ERR,ERR,ERR,ERR,ERR,ERR,ERR,ERR,ERR,ERR,ERR,ERR,ERR,ERR,ERR,ERR,ERR,ERR,ERR,ERR,ERR,ERR,ERR,ERR,ERR,ERR,ERR,ERR,ERR,ERR,ERR,ERR,ERR,ERR,ERR,ERR,ERR,ERR,ERR,ERR,ERR,ERR,ERR,ERR,ERR,ERR,ERR,ERR,ERR,ERR,ERR,ERR,ERR,ERR,ERR,ERR,ERR,ERR,ERR,ERR,ERR,ERR,2.718430741444032e+23,2.7184312818759872e+23,0.0,0.0,0.0,1.3936040501711995e+18,7.805,0.0,0,0,4,0,7116,0.0,100,0.0,0.0,0.0,0.0,0.0,0,0,0,0,0.0,0,0,0,0,0,0,0,0,0,0,0,0,0,0,0,0,0,0,0,0,0,0,0,0,0,0,0,0,0,0,0,0,0,31,40,40,71,65476,0,300,0,0,8,21553,0.0,-107605600.0,0.0,0.0,0.0,0.0,0.0,0.0,0.0,0.0,0.0,0.0,0.0,0.0,0.0,0.0,0.0,0.0,0.0,0.0,0.0,0.0,0.0,0.0,-2.004,0.0,0.0,0.0,0.0,0.0,6227.0,-131351.031,6937.0,2.718430741444032e+23,2.7184312818759872e+23,-0.0,2.718430741444032e+23,0.0,0.0,0.0,0.0,69,-0.0,89220.945,0.0,0.0,0.0,0.0,0.0,0.0,0.0,0,0,0,0.0,0.0,0.0,0.0,0.0,0.0,0.0,0.0,0.0,0.0,0.0,0.0,0.0,0.0,0.0,0.0,0,-107875648.0,69,0.0,138,0.0,-109447200.0,0,13107,17040,39322,17049,26215,17043,0,0,0,70,68,100,2.7302359370752657e+23,71.2,2.7302370179391762e+23,74.3,-0.0,74.0,1,49,50,180,13107,0,0,0,0.0,0.0,0.0,0.0,-0.0,67.0,0.0,162057.094,0.0,751,0,740,0,0,0,721,0,768,0,737,0,742,0,742,0,712,0,7520,0.032,108984795136.0,0.0,0.0,784,16797,-0.0,162057.094,-114818.039,-0.0,0.133,6.909358625270745e+28,30.0,65.0,35,0.0,0.0,0.0,0.0,0.0,0.0,0.0,0.0,0.0,0.0,0.0,0.0,0.0,0.0,0.0,0.0,69.2,0,150,71,55,65476,0,300,0,1,8,20529,65476,0,0,40632,65.0,0.0,0.0,0.0,0.0,0.0
2026-09-04T20:02:58,ERR,ERR,ERR,ERR,ERR,ERR,ERR,ERR,ERR,ERR,ERR,ERR,ERR,ERR,ERR,ERR,ERR,ERR,ERR,ERR,ERR,ERR,ERR,ERR,ERR,ERR,ERR,ERR,ERR,ERR,ERR,ERR,ERR,ERR,ERR,ERR,ERR,ERR,ERR,ERR,ERR,ERR,ERR,ERR,ERR,ERR,ERR,ERR,ERR,ERR,ERR,ERR,ERR,ERR,ERR,ERR,ERR,ERR,ERR,ERR,ERR,ERR,ERR,ERR,ERR,ERR,ERR,ERR,ERR,ERR,ERR,ERR,ERR,ERR,ERR,ERR,ERR,ERR,ERR,ERR,ERR,ERR,ERR,ERR,ERR,ERR,ERR,ERR,ERR,ERR,ERR,ERR,ERR,ERR,ERR,ERR,ERR,ERR,ERR,ERR,ERR,ERR,ERR,ERR,ERR,ERR,ERR,ERR,ERR,ERR,ERR,ERR,ERR,ERR,ERR,ERR,ERR,ERR,ERR,ERR,ERR,ERR,ERR,ERR,ERR,2.718430741444032e+23,2.7184312818759872e+23,0.0,0.0,0.0,1.3936040501711995e+18,7.805,0.0,0,0,4,0,7116,0.0,100,0.0,0.0,0.0,0.0,0.0,0,0,0,0,0.0,0,0,0,0,0,0,0,0,0,0,0,0,0,0,0,0,0,0,0,0,0,0,0,0,0,0,0,0,0,0,0,0,0,31,40,40,71,65476,0,300,0,0,8,21553,0.0,-107605600.0,0.0,0.0,0.0,0.0,0.0,0.0,0.0,0.0,0.0,0.0,0.0,0.0,0.0,0.0,0.0,0.0,0.0,0.0,0.0,0.0,0.0,0.0,-2.004,0.0,0.0,0.0,0.0,0.0,6227.0,-131351.031,6937.0,2.718430741444032e+23,2.7184312818759872e+23,-0.0,2.718430741444032e+23,0.0,0.0,0.0,0.0,69,-0.0,89220.945,0.0,0.0,0.0,0.0,0.0,0.0,0.0,0,0,0,0.0,0.0,0.0,0.0,0.0,0.0,0.0,0.0,0.0,0.0,0.0,0.0,0.0,0.0,0.0,0.0,0,-107875648.0,69,0.0,138,0.0,-109447200.0,0,13107,17040,39322,17049,26215,17043,0,0,0,70,68,100,2.7302359370752657e+23,71.2,2.7302370179391762e+23,74.3,-0.0,74.0,1,49,50,180,13107,0,0,0,0.0,0.0,0.0,0.0,-0.0,67.0,0.0,162057.094,0.0,751,0,740,0,0,0,721,0,768,0,737,0,742,0,742,0,712,0,7520,0.032,108984795136.0,0.0,0.0,784,16797,-0.0,162057.094,-114818.039,-0.0,0.133,6.909358625270745e+28,30.0,65.0,35,0.0,0.0,0.0,0.0,0.0,0.0,0.0,0.0,0.0,0.0,0.0,0.0,0.0,0.0,0.0,0.0,69.2,0,150,71,55,65476,0,300,0,1,8,20529,65476,0,0,40632,65.0,0.0,0.0,0.0,0.0,0.0
2026-09-04T20:02:59,ERR,ERR,ERR,ERR,ERR,ERR,ERR,ERR,ERR,ERR,ERR,ERR,ERR,ERR,ERR,ERR,ERR,ERR,ERR,ERR,ERR,ERR,ERR,ERR,ERR,ERR,ERR,ERR,ERR,ERR,ERR,ERR,ERR,ERR,ERR,ERR,ERR,ERR,ERR,ERR,ERR,ERR,ERR,ERR,ERR,ERR,ERR,ERR,ERR,ERR,ERR,ERR,ERR,ERR,ERR,ERR,ERR,ERR,ERR,ERR,ERR,ERR,ERR,ERR,ERR,ERR,ERR,ERR,ERR,ERR,ERR,ERR,ERR,ERR,ERR,ERR,ERR,ERR,ERR,ERR,ERR,ERR,ERR,ERR,ERR,ERR,ERR,ERR,ERR,ERR,ERR,ERR,ERR,ERR,ERR,ERR,ERR,ERR,ERR,ERR,ERR,ERR,ERR,ERR,ERR,ERR,ERR,ERR,ERR,ERR,ERR,ERR,ERR,ERR,ERR,ERR,ERR,ERR,ERR,ERR,ERR,ERR,ERR,ERR,ERR,2.718430741444032e+23,2.7184312818759872e+23,0.0,0.0,0.0,1.3936040501711995e+18,7.805,0.0,0,0,4,0,7116,0.0,100,0.0,0.0,0.0,0.0,0.0,0,0,0,0,0.0,0,0,0,0,0,0,0,0,0,0,0,0,0,0,0,0,0,0,0,0,0,0,0,0,0,0,0,0,0,0,0,0,0,31,40,40,71,65476,0,300,0,0,8,21553,0.0,-107605600.0,0.0,0.0,0.0,0.0,0.0,0.0,0.0,0.0,0.0,0.0,0.0,0.0,0.0,0.0,0.0,0.0,0.0,0.0,0.0,0.0,0.0,0.0,-2.004,0.0,0.0,0.0,0.0,0.0,6227.0,-131351.031,6937.0,2.718430741444032e+23,2.7184312818759872e+23,-0.0,2.718430741444032e+23,0.0,0.0,0.0,0.0,69,-0.0,89220.945,0.0,0.0,0.0,0.0,0.0,0.0,0.0,0,0,0,0.0,0.0,0.0,0.0,0.0,0.0,0.0,0.0,0.0,0.0,0.0,0.0,0.0,0.0,0.0,0.0,0,-107875648.0,69,0.0,138,0.0,-109447200.0,0,13107,17040,39322,17049,26215,17043,0,0,0,70,68,100,2.7302359370752657e+23,71.2,2.7302370179391762e+23,74.3,-0.0,74.0,1,49,50,180,13107,0,0,0,0.0,0.0,0.0,0.0,-0.0,67.0,0.0,162057.094,0.0,751,0,740,0,0,0,721,0,768,0,737,0,742,0,742,0,712,0,7520,0.032,108984795136.0,0.0,0.0,784,16797,-0.0,162057.094,-114818.039,-0.0,0.133,6.909358625270745e+28,30.0,65.0,35,0.0,0.0,0.0,0.0,0.0,0.0,0.0,0.0,0.0,0.0,0.0,0.0,0.0,0.0,0.0,0.0,69.2,0,150,71,55,65476,0,300,0,1,8,20529,65476,0,0,40632,65.0,0.0,0.0,0.0,0.0,0.0
2026-09-04T20:03:00,ERR,ERR,ERR,ERR,ERR,ERR,ERR,ERR,ERR,ERR,ERR,ERR,ERR,ERR,ERR,ERR,ERR,ERR,ERR,ERR,ERR,ERR,ERR,ERR,ERR,ERR,ERR,ERR,ERR,ERR,ERR,ERR,ERR,ERR,ERR,ERR,ERR,ERR,ERR,ERR,ERR,ERR,ERR,ERR,ERR,ERR,ERR,ERR,ERR,ERR,ERR,ERR,ERR,ERR,ERR,ERR,ERR,ERR,ERR,ERR,ERR,ERR,ERR,ERR,ERR,ERR,ERR,ERR,ERR,ERR,ERR,ERR,ERR,ERR,ERR,ERR,ERR,ERR,ERR,ERR,ERR,ERR,ERR,ERR,ERR,ERR,ERR,ERR,ERR,ERR,ERR,ERR,ERR,ERR,ERR,ERR,ERR,ERR,ERR,ERR,ERR,ERR,ERR,ERR,ERR,ERR,ERR,ERR,ERR,ERR,ERR,ERR,ERR,ERR,ERR,ERR,ERR,ERR,ERR,ERR,ERR,ERR,ERR,ERR,ERR,2.718430741444032e+23,2.7184312818759872e+23,0.0,0.0,0.0,1.3936040501711995e+18,7.805,0.0,0,0,4,0,7116,0.0,100,0.0,0.0,0.0,0.0,0.0,0,0,0,0,0.0,0,0,0,0,0,0,0,0,0,0,0,0,0,0,0,0,0,0,0,0,0,0,0,0,0,0,0,0,0,0,0,0,0,31,40,40,71,65476,0,300,0,0,8,21553,0.0,-107605600.0,0.0,0.0,0.0,0.0,0.0,0.0,0.0,0.0,0.0,0.0,0.0,0.0,0.0,0.0,0.0,0.0,0.0,0.0,0.0,0.0,0.0,0.0,-2.004,0.0,0.0,0.0,0.0,0.0,6227.0,-131351.031,6937.0,2.718430741444032e+23,2.7184312818759872e+23,-0.0,2.718430741444032e+23,0.0,0.0,0.0,0.0,69,-0.0,89220.945,0.0,0.0,0.0,0.0,0.0,0.0,0.0,0,0,0,0.0,0.0,0.0,0.0,0.0,0.0,0.0,0.0,0.0,0.0,0.0,0.0,0.0,0.0,0.0,0.0,0,-107875648.0,69,0.0,138,0.0,-109447200.0,0,13107,17040,39322,17049,13107,17043,0,0,0,70,68,100,2.7302359370752657e+23,71.2,2.7302370179391762e+23,74.3,2.7302370179391762e+23,74.0,1,49,50,180,13107,0,0,0,0.0,0.0,0.0,0.0,-0.0,67.0,0.0,162057.094,0.0,751,0,740,0,0,0,721,0,768,0,737,0,742,0,742,0,712,0,7520,0.032,108447924224.0,0.0,0.0,784,16797,-0.0,162057.094,-114818.039,-0.0,0.133,6.909358625270745e+28,30.0,65.0,35,0.0,0.0,0.0,0.0,0.0,0.0,0.0,0.0,0.0,0.0,0.0,0.0,0.0,0.0,0.0,0.0,69.2,0,150,71,55,65476,0,300,0,1,8,20529,65476,0,0,40632,65.0,0.0,0.0,0.0,0.0,0.0
2026-09-04T20:03:01,ERR,ERR,ERR,ERR,ERR,ERR,ERR,ERR,ERR,ERR,ERR,ERR,ERR,ERR,ERR,ERR,ERR,ERR,ERR,ERR,ERR,ERR,ERR,ERR,ERR,ERR,ERR,ERR,ERR,ERR,ERR,ERR,ERR,ERR,ERR,ERR,ERR,ERR,ERR,ERR,ERR,ERR,ERR,ERR,ERR,ERR,ERR,ERR,ERR,ERR,ERR,ERR,ERR,ERR,ERR,ERR,ERR,ERR,ERR,ERR,ERR,ERR,ERR,ERR,ERR,ERR,ERR,ERR,ERR,ERR,ERR,ERR,ERR,ERR,ERR,ERR,ERR,ERR,ERR,ERR,ERR,ERR,ERR,ERR,ERR,ERR,ERR,ERR,ERR,ERR,ERR,ERR,ERR,ERR,ERR,ERR,ERR,ERR,ERR,ERR,ERR,ERR,ERR,ERR,ERR,ERR,ERR,ERR,ERR,ERR,ERR,ERR,ERR,ERR,ERR,ERR,ERR,ERR,ERR,ERR,ERR,ERR,ERR,ERR,ERR,2.718430741444032e+23,2.7184312818759872e+23,0.0,0.0,0.0,1.3936040501711995e+18,7.805,0.0,0,0,4,0,7116,0.0,100,0.0,0.0,0.0,0.0,0.0,0,0,0,0,0.0,0,0,0,0,0,0,0,0,0,0,0,0,0,0,0,0,0,0,0,0,0,0,0,0,0,0,0,0,0,0,0,0,0,31,40,40,71,65476,0,300,0,0,8,21553,0.0,-107605600.0,0.0,0.0,0.0,0.0,0.0,0.0,0.0,0.0,0.0,0.0,0.0,0.0,0.0,0.0,0.0,0.0,0.0,0.0,0.0,0.0,0.0,0.0,-2.004,0.0,0.0,0.0,0.0,0.0,6227.0,-131351.031,6937.0,2.718430741444032e+23,2.7184312818759872e+23,-0.0,2.718430741444032e+23,0.0,0.0,0.0,0.0,69,-0.0,89220.945,0.0,0.0,0.0,0.0,0.0,0.0,0.0,0,0,0,0.0,0.0,0.0,0.0,0.0,0.0,0.0,0.0,0.0,0.0,0.0,0.0,0.0,0.0,0.0,0.0,0,-107875648.0,69,0.0,138,0.0,-109447200.0,0,13107,17040,39322,17049,13107,17043,0,0,0,70,68,100,2.7302359370752657e+23,71.2,2.7302370179391762e+23,74.3,2.7302370179391762e+23,74.0,1,49,50,180,13107,0,0,0,0.0,0.0,0.0,0.0,-0.0,67.0,0.0,162057.094,0.0,751,0,740,0,0,0,721,0,768,0,737,0,742,0,742,0,712,0,7520,0.032,108447924224.0,0.0,0.0,784,16797,-0.0,162057.094,-114818.039,-0.0,0.133,6.909358625270745e+28,30.0,65.0,35,0.0,0.0,0.0,0.0,0.0,0.0,0.0,0.0,0.0,0.0,0.0,0.0,0.0,0.0,0.0,0.0,69.2,0,150,71,55,65476,0,300,0,1,8,20529,65476,0,0,40632,65.0,0.0,0.0,0.0,0.0,0.0
2026-09-04T20:03:02,ERR,ERR,ERR,ERR,ERR,ERR,ERR,ERR,ERR,ERR,ERR,ERR,ERR,ERR,ERR,ERR,ERR,ERR,ERR,ERR,ERR,ERR,ERR,ERR,ERR,ERR,ERR,ERR,ERR,ERR,ERR,ERR,ERR,ERR,ERR,ERR,ERR,ERR,ERR,ERR,ERR,ERR,ERR,ERR,ERR,ERR,ERR,ERR,ERR,ERR,ERR,ERR,ERR,ERR,ERR,ERR,ERR,ERR,ERR,ERR,ERR,ERR,ERR,ERR,ERR,ERR,ERR,ERR,ERR,ERR,ERR,ERR,ERR,ERR,ERR,ERR,ERR,ERR,ERR,ERR,ERR,ERR,ERR,ERR,ERR,ERR,ERR,ERR,ERR,ERR,ERR,ERR,ERR,ERR,ERR,ERR,ERR,ERR,ERR,ERR,ERR,ERR,ERR,ERR,ERR,ERR,ERR,ERR,ERR,ERR,ERR,ERR,ERR,ERR,ERR,ERR,ERR,ERR,ERR,ERR,ERR,ERR,ERR,ERR,ERR,2.718430741444032e+23,2.7184312818759872e+23,0.0,0.0,0.0,1.3936040501711995e+18,7.805,0.0,0,0,4,0,7116,0.0,100,0.0,0.0,0.0,0.0,0.0,0,0,0,0,0.0,0,0,0,0,0,0,0,0,0,0,0,0,0,0,0,0,0,0,0,0,0,0,0,0,0,0,0,0,0,0,0,0,0,31,40,40,71,65476,0,300,0,0,8,21553,0.0,-107605600.0,0.0,0.0,0.0,0.0,0.0,0.0,0.0,0.0,0.0,0.0,0.0,0.0,0.0,0.0,0.0,0.0,0.0,0.0,0.0,0.0,0.0,0.0,-2.004,0.0,0.0,0.0,0.0,0.0,6227.0,-131351.031,6937.0,2.718430741444032e+23,2.7184312818759872e+23,-0.0,2.718430741444032e+23,0.0,0.0,0.0,0.0,69,-0.0,89220.945,0.0,0.0,0.0,0.0,0.0,0.0,0.0,0,0,0,0.0,0.0,0.0,0.0,0.0,0.0,0.0,0.0,0.0,0.0,0.0,0.0,0.0,0.0,0.0,0.0,0,-107875648.0,69,0.0,138,0.0,-109447200.0,0,13107,17040,39322,17049,13107,17043,0,0,0,70,68,100,2.7302359370752657e+23,71.2,2.7302370179391762e+23,74.3,2.7302370179391762e+23,74.0,1,49,50,180,13107,0,0,0,0.0,0.0,0.0,0.0,-0.0,67.0,0.0,162057.094,0.0,751,0,740,0,0,0,721,0,768,0,737,0,742,0,742,0,712,0,7520,0.032,108447924224.0,0.0,0.0,784,16797,-0.0,162057.094,-114818.039,-0.0,0.133,6.909358625270745e+28,30.0,65.0,35,0.0,0.0,0.0,0.0,0.0,0.0,0.0,0.0,0.0,0.0,0.0,0.0,0.0,0.0,0.0,0.0,69.2,0,150,71,55,65476,0,300,0,1,8,20529,65476,0,0,40632,65.0,0.0,0.0,0.0,0.0,0.0
2026-09-04T20:03:03,ERR,ERR,ERR,ERR,ERR,ERR,ERR,ERR,ERR,ERR,ERR,ERR,ERR,ERR,ERR,ERR,ERR,ERR,ERR,ERR,ERR,ERR,ERR,ERR,ERR,ERR,ERR,ERR,ERR,ERR,ERR,ERR,ERR,ERR,ERR,ERR,ERR,ERR,ERR,ERR,ERR,ERR,ERR,ERR,ERR,ERR,ERR,ERR,ERR,ERR,ERR,ERR,ERR,ERR,ERR,ERR,ERR,ERR,ERR,ERR,ERR,ERR,ERR,ERR,ERR,ERR,ERR,ERR,ERR,ERR,ERR,ERR,ERR,ERR,ERR,ERR,ERR,ERR,ERR,ERR,ERR,ERR,ERR,ERR,ERR,ERR,ERR,ERR,ERR,ERR,ERR,ERR,ERR,ERR,ERR,ERR,ERR,ERR,ERR,ERR,ERR,ERR,ERR,ERR,ERR,ERR,ERR,ERR,ERR,ERR,ERR,ERR,ERR,ERR,ERR,ERR,ERR,ERR,ERR,ERR,ERR,ERR,ERR,ERR,ERR,2.718430741444032e+23,-0.0,-134479040.0,0.0,0.0,1.3936040501711995e+18,7.805,0.0,0,0,4,0,7116,0.0,100,0.0,0.0,0.0,0.0,0.0,0,0,0,0,0.0,0,0,0,0,0,0,0,0,0,0,0,0,0,0,0,0,0,0,0,0,0,0,0,0,0,0,0,0,0,0,0,0,0,31,40,40,71,65476,0,300,0,0,8,21553,0.0,-107605600.0,0.0,0.0,0.0,0.0,0.0,0.0,0.0,0.0,0.0,0.0,0.0,0.0,0.0,0.0,0.0,0.0,0.0,0.0,0.0,0.0,0.0,-2.004,-2.004,0.0,0.0,0.0,0.0,0.0,6224.0,1.5879365311113302e+29,6926.0,2.718430741444032e+23,-0.0,-0.0,2.718430741444032e+23,0.0,0.0,0.0,0.0,69,-0.0,-2.3088364955910118e+20,0.0,0.0,0.0,0.0,0.0,0.0,0.0,0,0,0,0.0,0.0,0.0,0.0,0.0,0.0,0.0,0.0,0.0,0.0,0.0,0.0,0.0,0.0,0.0,0.0,0,-107875648.0,69,0.0,138,0.0,-109447200.0,0,13107,17040,39322,17049,13107,17043,0,0,0,70,68,100,2.7302359370752657e+23,71.2,2.7302370179391762e+23,74.3,2.7302370179391762e+23,74.0,1,49,50,180,13107,0,0,0,0.0,0.0,0.0,0.0,-0.0,67.0,0.0,162057.094,0.0,751,0,740,0,0,0,721,0,768,0,737,0,742,0,742,0,712,0,7520,0.032,108447924224.0,0.0,0.0,784,16797,-0.0,162057.094,-114818.039,-0.0,0.133,6.909358625270745e+28,30.0,65.0,35,0.0,0.0,0.0,0.0,0.0,0.0,0.0,0.0,0.0,0.0,0.0,0.0,0.0,0.0,0.0,0.0,69.2,0,150,71,55,65476,0,300,0,1,8,20529,65476,0,0,40632,65.0,0.0,0.0,0.0,0.0,0.0
2026-09-04T20:03:04,ERR,ERR,ERR,ERR,ERR,ERR,ERR,ERR,ERR,ERR,ERR,ERR,ERR,ERR,ERR,ERR,ERR,ERR,ERR,ERR,ERR,ERR,ERR,ERR,ERR,ERR,ERR,ERR,ERR,ERR,ERR,ERR,ERR,ERR,ERR,ERR,ERR,ERR,ERR,ERR,ERR,ERR,ERR,ERR,ERR,ERR,ERR,ERR,ERR,ERR,ERR,ERR,ERR,ERR,ERR,ERR,ERR,ERR,ERR,ERR,ERR,ERR,ERR,ERR,ERR,ERR,ERR,ERR,ERR,ERR,ERR,ERR,ERR,ERR,ERR,ERR,ERR,ERR,ERR,ERR,ERR,ERR,ERR,ERR,ERR,ERR,ERR,ERR,ERR,ERR,ERR,ERR,ERR,ERR,ERR,ERR,ERR,ERR,ERR,ERR,ERR,ERR,ERR,ERR,ERR,ERR,ERR,ERR,ERR,ERR,ERR,ERR,ERR,ERR,ERR,ERR,ERR,ERR,ERR,ERR,ERR,ERR,ERR,ERR,ERR,2.718430741444032e+23,-0.0,-134479040.0,0.0,0.0,1.3936040501711995e+18,7.805,0.0,0,0,4,0,7116,0.0,100,0.0,0.0,0.0,0.0,0.0,0,0,0,0,0.0,0,0,0,0,0,0,0,0,0,0,0,0,0,0,0,0,0,0,0,0,0,0,0,0,0,0,0,0,0,0,0,0,0,31,40,40,71,65476,0,300,0,0,8,21553,0.0,-107605600.0,0.0,0.0,0.0,0.0,0.0,0.0,0.0,0.0,0.0,0.0,0.0,0.0,0.0,0.0,0.0,0.0,0.0,0.0,0.0,0.0,0.0,-2.004,-2.004,0.0,0.0,0.0,0.0,0.0,6224.0,1.5879365311113302e+29,6926.0,2.718430741444032e+23,-0.0,-0.0,2.718430741444032e+23,0.0,0.0,0.0,0.0,69,-0.0,-2.3088364955910118e+20,0.0,0.0,0.0,0.0,0.0,0.0,0.0,0,0,0,0.0,0.0,0.0,0.0,0.0,0.0,0.0,0.0,0.0,0.0,0.0,0.0,0.0,0.0,0.0,0.0,0,-107875648.0,69,0.0,138,0.0,-109447200.0,0,13107,17040,39322,17049,13107,17043,0,0,0,70,68,100,2.7302359370752657e+23,71.2,2.7302370179391762e+23,74.3,2.7302370179391762e+23,74.0,1,49,50,180,13107,0,0,0,0.0,0.0,0.0,0.0,-0.0,67.0,0.0,162057.094,0.0,751,0,740,0,0,0,721,0,768,0,737,0,742,0,742,0,712,0,7520,0.032,108447924224.0,0.0,0.0,784,16797,-0.0,162057.094,-114818.039,-0.0,0.133,6.909358625270745e+28,30.0,65.0,35,0.0,0.0,0.0,0.0,0.0,0.0,0.0,0.0,0.0,0.0,0.0,0.0,0.0,0.0,0.0,0.0,69.2,0,150,71,55,65476,0,300,0,1,8,20529,65476,0,0,40632,65.0,0.0,0.0,0.0,0.0,0.0
2026-09-04T20:03:05,ERR,ERR,ERR,ERR,ERR,ERR,ERR,ERR,ERR,ERR,ERR,ERR,ERR,ERR,ERR,ERR,ERR,ERR,ERR,ERR,ERR,ERR,ERR,ERR,ERR,ERR,ERR,ERR,ERR,ERR,ERR,ERR,ERR,ERR,ERR,ERR,ERR,ERR,ERR,ERR,ERR,ERR,ERR,ERR,ERR,ERR,ERR,ERR,ERR,ERR,ERR,ERR,ERR,ERR,ERR,ERR,ERR,ERR,ERR,ERR,ERR,ERR,ERR,ERR,ERR,ERR,ERR,ERR,ERR,ERR,ERR,ERR,ERR,ERR,ERR,ERR,ERR,ERR,ERR,ERR,ERR,ERR,ERR,ERR,ERR,ERR,ERR,ERR,ERR,ERR,ERR,ERR,ERR,ERR,ERR,ERR,ERR,ERR,ERR,ERR,ERR,ERR,ERR,ERR,ERR,ERR,ERR,ERR,ERR,ERR,ERR,ERR,ERR,ERR,ERR,ERR,ERR,ERR,ERR,ERR,ERR,ERR,ERR,ERR,ERR,2.718430741444032e+23,-0.0,-134479040.0,0.0,0.0,1.3936040501711995e+18,7.805,0.0,0,0,4,0,7116,0.0,100,0.0,0.0,0.0,0.0,0.0,0,0,0,0,0.0,0,0,0,0,0,0,0,0,0,0,0,0,0,0,0,0,0,0,0,0,0,0,0,0,0,0,0,0,0,0,0,0,0,31,40,40,71,65476,0,300,0,0,8,21553,0.0,-107605600.0,0.0,0.0,0.0,0.0,0.0,0.0,0.0,0.0,0.0,0.0,0.0,0.0,0.0,0.0,0.0,0.0,0.0,0.0,0.0,0.0,0.0,-2.004,-2.004,0.0,0.0,0.0,0.0,0.0,6224.0,1.5879365311113302e+29,6926.0,2.718430741444032e+23,-0.0,-0.0,2.718430741444032e+23,0.0,0.0,0.0,0.0,69,-0.0,-2.3088364955910118e+20,0.0,0.0,0.0,0.0,0.0,0.0,0.0,0,0,0,0.0,0.0,0.0,0.0,0.0,0.0,0.0,0.0,0.0,0.0,0.0,0.0,0.0,0.0,0.0,0.0,0,-107875648.0,69,0.0,138,0.0,-109447200.0,0,13107,17040,39322,17049,13107,17043,0,0,0,70,68,100,2.7302359370752657e+23,71.2,2.7302370179391762e+23,74.3,2.7302370179391762e+23,74.0,1,49,50,180,13107,0,0,0,0.0,0.0,0.0,0.0,-0.0,67.0,0.0,162057.094,0.0,751,0,740,0,0,0,721,0,768,0,737,0,742,0,742,0,712,0,7520,0.032,108447924224.0,0.0,0.0,784,16797,-0.0,162057.094,-114818.039,-0.0,0.133,6.909358625270745e+28,30.0,65.0,35,0.0,0.0,0.0,0.0,0.0,0.0,0.0,0.0,0.0,0.0,0.0,0.0,0.0,0.0,0.0,0.0,69.2,0,150,71,55,65476,0,300,0,1,8,20529,65476,0,0,40632,65.0,0.0,0.0,0.0,0.0,0.0
2026-09-04T20:03:06,ERR,ERR,ERR,ERR,ERR,ERR,ERR,ERR,ERR,ERR,ERR,ERR,ERR,ERR,ERR,ERR,ERR,ERR,ERR,ERR,ERR,ERR,ERR,ERR,ERR,ERR,ERR,ERR,ERR,ERR,ERR,ERR,ERR,ERR,ERR,ERR,ERR,ERR,ERR,ERR,ERR,ERR,ERR,ERR,ERR,ERR,ERR,ERR,ERR,ERR,ERR,ERR,ERR,ERR,ERR,ERR,ERR,ERR,ERR,ERR,ERR,ERR,ERR,ERR,ERR,ERR,ERR,ERR,ERR,ERR,ERR,ERR,ERR,ERR,ERR,ERR,ERR,ERR,ERR,ERR,ERR,ERR,ERR,ERR,ERR,ERR,ERR,ERR,ERR,ERR,ERR,ERR,ERR,ERR,ERR,ERR,ERR,ERR,ERR,ERR,ERR,ERR,ERR,ERR,ERR,ERR,ERR,ERR,ERR,ERR,ERR,ERR,ERR,ERR,ERR,ERR,ERR,ERR,ERR,ERR,ERR,ERR,ERR,ERR,ERR,2.718430741444032e+23,-0.0,-134479040.0,0.0,0.0,1.3936040501711995e+18,7.805,0.0,0,0,4,0,7116,0.0,100,0.0,0.0,0.0,0.0,0.0,0,0,0,0,0.0,0,0,0,0,0,0,0,0,0,0,0,0,0,0,0,0,0,0,0,0,0,0,0,0,0,0,0,0,0,0,0,0,0,31,40,40,71,65476,0,300,0,0,8,21553,0.0,-107605600.0,0.0,0.0,0.0,0.0,0.0,0.0,0.0,0.0,0.0,0.0,0.0,0.0,0.0,0.0,0.0,0.0,0.0,0.0,0.0,0.0,0.0,-2.004,-2.004,0.0,0.0,0.0,0.0,0.0,6224.0,1.5879365311113302e+29,6926.0,2.718430741444032e+23,-0.0,-0.0,2.718430741444032e+23,0.0,0.0,0.0,0.0,69,-0.0,-2.3088364955910118e+20,0.0,0.0,0.0,0.0,0.0,0.0,0.0,0,0,0,0.0,0.0,0.0,0.0,0.0,0.0,0.0,0.0,0.0,0.0,0.0,0.0,0.0,0.0,0.0,0.0,0,-107875648.0,69,0.0,138,0.0,-109447200.0,0,13107,17040,39322,17049,26215,17043,0,0,0,70,68,100,2.7302359370752657e+23,71.2,2.7302370179391762e+23,74.3,-0.0,74.0,1,49,50,180,13107,0,0,0,0.0,0.0,0.0,0.0,-0.0,67.0,0.0,162057.094,0.0,751,0,740,0,0,0,721,0,768,0,737,0,743,0,742,0,712,0,7520,0.032,108447924224.0,0.0,0.0,784,16797,-0.0,162057.094,-114818.039,-0.0,0.133,6.909358625270745e+28,30.0,65.0,35,0.0,0.0,0.0,0.0,0.0,0.0,0.0,0.0,0.0,0.0,0.0,0.0,0.0,0.0,0.0,0.0,69.2,0,150,71,55,65476,0,300,0,1,8,20529,65476,0,0,40632,65.0,0.0,0.0,0.0,0.0,0.0
2026-09-04T20:03:07,ERR,ERR,ERR,ERR,ERR,ERR,ERR,ERR,ERR,ERR,ERR,ERR,ERR,ERR,ERR,ERR,ERR,ERR,ERR,ERR,ERR,ERR,ERR,ERR,ERR,ERR,ERR,ERR,ERR,ERR,ERR,ERR,ERR,ERR,ERR,ERR,ERR,ERR,ERR,ERR,ERR,ERR,ERR,ERR,ERR,ERR,ERR,ERR,ERR,ERR,ERR,ERR,ERR,ERR,ERR,ERR,ERR,ERR,ERR,ERR,ERR,ERR,ERR,ERR,ERR,ERR,ERR,ERR,ERR,ERR,ERR,ERR,ERR,ERR,ERR,ERR,ERR,ERR,ERR,ERR,ERR,ERR,ERR,ERR,ERR,ERR,ERR,ERR,ERR,ERR,ERR,ERR,ERR,ERR,ERR,ERR,ERR,ERR,ERR,ERR,ERR,ERR,ERR,ERR,ERR,ERR,ERR,ERR,ERR,ERR,ERR,ERR,ERR,ERR,ERR,ERR,ERR,ERR,ERR,ERR,ERR,ERR,ERR,ERR,ERR,2.718430741444032e+23,-0.0,-134479040.0,0.0,0.0,1.3936040501711995e+18,7.805,0.0,0,0,4,0,7116,0.0,100,0.0,0.0,0.0,0.0,0.0,0,0,0,0,0.0,0,0,0,0,0,0,0,0,0,0,0,0,0,0,0,0,0,0,0,0,0,0,0,0,0,0,0,0,0,0,0,0,0,31,40,40,71,65476,0,300,0,0,8,21553,0.0,-107605600.0,0.0,0.0,0.0,0.0,0.0,0.0,0.0,0.0,0.0,0.0,0.0,0.0,0.0,0.0,0.0,0.0,0.0,0.0,0.0,0.0,0.0,-2.004,-2.004,0.0,0.0,0.0,0.0,0.0,6224.0,1.5879365311113302e+29,6926.0,2.718430741444032e+23,-0.0,-0.0,2.718430741444032e+23,0.0,0.0,0.0,0.0,69,-0.0,-2.3088364955910118e+20,0.0,0.0,0.0,0.0,0.0,0.0,0.0,0,0,0,0.0,0.0,0.0,0.0,0.0,0.0,0.0,0.0,0.0,0.0,0.0,0.0,0.0,0.0,0.0,0.0,0,-107875648.0,69,0.0,138,0.0,-109447200.0,0,13107,17040,39322,17049,26215,17043,0,0,0,70,68,100,2.7302359370752657e+23,71.2,2.7302370179391762e+23,74.3,-0.0,74.0,1,49,50,180,13107,0,0,0,0.0,0.0,0.0,0.0,-0.0,67.0,0.0,162057.094,0.0,751,0,740,0,0,0,721,0,768,0,737,0,743,0,742,0,712,0,7520,0.032,108447924224.0,0.0,0.0,784,16797,-0.0,162057.094,-114818.039,-0.0,0.133,6.909358625270745e+28,30.0,65.0,35,0.0,0.0,0.0,0.0,0.0,0.0,0.0,0.0,0.0,0.0,0.0,0.0,0.0,0.0,0.0,0.0,69.2,0,150,71,55,65476,0,300,0,1,8,20529,65476,0,0,40632,65.0,0.0,0.0,0.0,0.0,0.0
2026-09-04T20:03:08,ERR,ERR,ERR,ERR,ERR,ERR,ERR,ERR,ERR,ERR,ERR,ERR,ERR,ERR,ERR,ERR,ERR,ERR,ERR,ERR,ERR,ERR,ERR,ERR,ERR,ERR,ERR,ERR,ERR,ERR,ERR,ERR,ERR,ERR,ERR,ERR,ERR,ERR,ERR,ERR,ERR,ERR,ERR,ERR,ERR,ERR,ERR,ERR,ERR,ERR,ERR,ERR,ERR,ERR,ERR,ERR,ERR,ERR,ERR,ERR,ERR,ERR,ERR,ERR,ERR,ERR,ERR,ERR,ERR,ERR,ERR,ERR,ERR,ERR,ERR,ERR,ERR,ERR,ERR,ERR,ERR,ERR,ERR,ERR,ERR,ERR,ERR,ERR,ERR,ERR,ERR,ERR,ERR,ERR,ERR,ERR,ERR,ERR,ERR,ERR,ERR,ERR,ERR,ERR,ERR,ERR,ERR,ERR,ERR,ERR,ERR,ERR,ERR,ERR,ERR,ERR,ERR,ERR,ERR,ERR,ERR,ERR,ERR,ERR,ERR,2.718430741444032e+23,-0.0,-134479040.0,0.0,0.0,1.3936040501711995e+18,7.805,0.0,0,0,4,0,7116,0.0,100,0.0,0.0,0.0,0.0,0.0,0,0,0,0,0.0,0,0,0,0,0,0,0,0,0,0,0,0,0,0,0,0,0,0,0,0,0,0,0,0,0,0,0,0,0,0,0,0,0,31,40,40,71,65476,0,300,0,0,8,21553,0.0,-107605600.0,0.0,0.0,0.0,0.0,0.0,0.0,0.0,0.0,0.0,0.0,0.0,0.0,0.0,0.0,0.0,0.0,0.0,0.0,0.0,0.0,0.0,-2.004,-2.004,0.0,0.0,0.0,0.0,0.0,6224.0,1.5879365311113302e+29,6926.0,2.718430741444032e+23,-0.0,-0.0,2.718430741444032e+23,0.0,0.0,0.0,0.0,69,-0.0,-2.3088364955910118e+20,0.0,0.0,0.0,0.0,0.0,0.0,0.0,0,0,0,0.0,0.0,0.0,0.0,0.0,0.0,0.0,0.0,0.0,0.0,0.0,0.0,0.0,0.0,0.0,0.0,0,-107875648.0,69,0.0,138,0.0,-109447200.0,0,13107,17040,39322,17049,26215,17043,0,0,0,70,68,100,2.7302359370752657e+23,71.2,2.7302370179391762e+23,74.3,-0.0,74.0,1,49,50,180,13107,0,0,0,0.0,0.0,0.0,0.0,-0.0,67.0,0.0,162057.094,0.0,751,0,740,0,0,0,721,0,768,0,737,0,743,0,742,0,712,0,7520,0.032,108447924224.0,0.0,0.0,784,16797,-0.0,162057.094,-114818.039,-0.0,0.133,6.909358625270745e+28,30.0,65.0,35,0.0,0.0,0.0,0.0,0.0,0.0,0.0,0.0,0.0,0.0,0.0,0.0,0.0,0.0,0.0,0.0,69.2,0,150,71,55,65476,0,300,0,1,8,20529,65476,0,0,40632,65.0,0.0,0.0,0.0,0.0,0.0
2026-09-04T20:03:09,ERR,ERR,ERR,ERR,ERR,ERR,ERR,ERR,ERR,ERR,ERR,ERR,ERR,ERR,ERR,ERR,ERR,ERR,ERR,ERR,ERR,ERR,ERR,ERR,ERR,ERR,ERR,ERR,ERR,ERR,ERR,ERR,ERR,ERR,ERR,ERR,ERR,ERR,ERR,ERR,ERR,ERR,ERR,ERR,ERR,ERR,ERR,ERR,ERR,ERR,ERR,ERR,ERR,ERR,ERR,ERR,ERR,ERR,ERR,ERR,ERR,ERR,ERR,ERR,ERR,ERR,ERR,ERR,ERR,ERR,ERR,ERR,ERR,ERR,ERR,ERR,ERR,ERR,ERR,ERR,ERR,ERR,ERR,ERR,ERR,ERR,ERR,ERR,ERR,ERR,ERR,ERR,ERR,ERR,ERR,ERR,ERR,ERR,ERR,ERR,ERR,ERR,ERR,ERR,ERR,ERR,ERR,ERR,ERR,ERR,ERR,ERR,ERR,ERR,ERR,ERR,ERR,ERR,ERR,ERR,ERR,ERR,ERR,ERR,ERR,2.718430741444032e+23,-0.0,-134479040.0,0.0,0.0,1.3936040501711995e+18,7.805,0.0,0,0,4,0,7116,0.0,100,0.0,0.0,0.0,0.0,0.0,0,0,0,0,0.0,0,0,0,0,0,0,0,0,0,0,0,0,0,0,0,0,0,0,0,0,0,0,0,0,0,0,0,0,0,0,0,0,0,31,40,40,71,65476,0,300,0,0,8,21553,0.0,-107605600.0,0.0,0.0,0.0,0.0,0.0,0.0,0.0,0.0,0.0,0.0,0.0,0.0,0.0,0.0,0.0,0.0,0.0,0.0,0.0,0.0,0.0,-2.004,-2.004,0.0,0.0,0.0,0.0,0.0,6224.0,1.5879365311113302e+29,6926.0,2.718430741444032e+23,-0.0,-0.0,2.718430741444032e+23,0.0,0.0,0.0,0.0,69,-0.0,-2.3088364955910118e+20,0.0,0.0,0.0,0.0,0.0,0.0,0.0,0,0,0,0.0,0.0,0.0,0.0,0.0,0.0,0.0,0.0,0.0,0.0,0.0,0.0,0.0,0.0,0.0,0.0,0,-107875648.0,69,0.0,138,0.0,-109447200.0,0,13107,17040,39322,17049,26215,17043,0,0,0,70,68,100,2.7302359370752657e+23,71.2,2.7302370179391762e+23,74.3,-0.0,74.0,1,49,50,180,13107,0,0,0,0.0,0.0,0.0,0.0,-0.0,67.0,0.0,162057.094,0.0,751,0,740,0,0,0,721,0,768,0,737,0,743,0,742,0,712,0,7520,0.032,108447924224.0,0.0,0.0,784,16797,-0.0,162057.094,-114818.039,-0.0,0.133,6.909358625270745e+28,30.0,65.0,35,0.0,0.0,0.0,0.0,0.0,0.0,0.0,0.0,0.0,0.0,0.0,0.0,0.0,0.0,0.0,0.0,69.2,0,150,71,55,65476,0,300,0,1,8,20529,65476,0,0,40632,65.0,0.0,0.0,0.0,0.0,0.0
2026-09-04T20:03:10,ERR,ERR,ERR,ERR,ERR,ERR,ERR,ERR,ERR,ERR,ERR,ERR,ERR,ERR,ERR,ERR,ERR,ERR,ERR,ERR,ERR,ERR,ERR,ERR,ERR,ERR,ERR,ERR,ERR,ERR,ERR,ERR,ERR,ERR,ERR,ERR,ERR,ERR,ERR,ERR,ERR,ERR,ERR,ERR,ERR,ERR,ERR,ERR,ERR,ERR,ERR,ERR,ERR,ERR,ERR,ERR,ERR,ERR,ERR,ERR,ERR,ERR,ERR,ERR,ERR,ERR,ERR,ERR,ERR,ERR,ERR,ERR,ERR,ERR,ERR,ERR,ERR,ERR,ERR,ERR,ERR,ERR,ERR,ERR,ERR,ERR,ERR,ERR,ERR,ERR,ERR,ERR,ERR,ERR,ERR,ERR,ERR,ERR,ERR,ERR,ERR,ERR,ERR,ERR,ERR,ERR,ERR,ERR,ERR,ERR,ERR,ERR,ERR,ERR,ERR,ERR,ERR,ERR,ERR,ERR,ERR,ERR,ERR,ERR,ERR,2.718430741444032e+23,-0.0,-134479040.0,0.0,0.0,1.3936040501711995e+18,7.805,0.0,0,0,4,0,7116,0.0,100,0.0,0.0,0.0,0.0,0.0,0,0,0,0,0.0,0,0,0,0,0,0,0,0,0,0,0,0,0,0,0,0,0,0,0,0,0,0,0,0,0,0,0,0,0,0,0,0,0,31,40,40,71,65476,0,300,0,0,8,21553,0.0,-107605600.0,0.0,0.0,0.0,0.0,0.0,0.0,0.0,0.0,0.0,0.0,0.0,0.0,0.0,0.0,0.0,0.0,0.0,0.0,0.0,0.0,0.0,0.0,-2.004,0.0,0.0,0.0,0.0,0.0,6226.0,0.0,6917.0,2.718430741444032e+23,-0.0,-0.0,2.718430741444032e+23,0.0,0.0,0.0,0.0,69,-0.059,-0.0,0.0,0.0,0.0,0.0,0.0,0.0,0.0,0,0,0,0.0,0.0,0.0,0.0,0.0,0.0,0.0,0.0,0.0,0.0,0.0,0.0,0.0,0.0,0.0,0.0,0,-107875648.0,69,0.0,138,0.0,-109447200.0,0,13107,17040,39322,17049,26215,17043,0,0,0,70,68,100,2.7302359370752657e+23,71.2,2.7302370179391762e+23,74.3,-0.0,74.0,1,49,50,180,13107,0,0,0,0.0,0.0,0.0,0.0,-0.0,67.0,0.0,162057.094,0.0,751,0,740,0,0,0,721,0,768,0,737,0,743,0,742,0,712,0,7520,0.032,108447924224.0,0.0,0.0,784,16797,-0.0,162057.094,-114818.039,-0.0,0.133,6.909358625270745e+28,30.0,65.0,35,0.0,0.0,0.0,0.0,0.0,0.0,0.0,0.0,0.0,0.0,0.0,0.0,0.0,0.0,0.0,0.0,69.2,0,150,71,55,65476,0,300,0,1,8,20529,65476,0,0,40632,65.0,0.0,0.0,0.0,0.0,0.0
2026-09-04T20:03:11,ERR,ERR,ERR,ERR,ERR,ERR,ERR,ERR,ERR,ERR,ERR,ERR,ERR,ERR,ERR,ERR,ERR,ERR,ERR,ERR,ERR,ERR,ERR,ERR,ERR,ERR,ERR,ERR,ERR,ERR,ERR,ERR,ERR,ERR,ERR,ERR,ERR,ERR,ERR,ERR,ERR,ERR,ERR,ERR,ERR,ERR,ERR,ERR,ERR,ERR,ERR,ERR,ERR,ERR,ERR,ERR,ERR,ERR,ERR,ERR,ERR,ERR,ERR,ERR,ERR,ERR,ERR,ERR,ERR,ERR,ERR,ERR,ERR,ERR,ERR,ERR,ERR,ERR,ERR,ERR,ERR,ERR,ERR,ERR,ERR,ERR,ERR,ERR,ERR,ERR,ERR,ERR,ERR,ERR,ERR,ERR,ERR,ERR,ERR,ERR,ERR,ERR,ERR,ERR,ERR,ERR,ERR,ERR,ERR,ERR,ERR,ERR,ERR,ERR,ERR,ERR,ERR,ERR,ERR,ERR,ERR,ERR,ERR,ERR,ERR,2.718430741444032e+23,-0.0,-134479040.0,0.0,0.0,1.3936040501711995e+18,7.805,0.0,0,0,4,0,7116,0.0,100,0.0,0.0,0.0,0.0,0.0,0,0,0,0,0.0,0,0,0,0,0,0,0,0,0,0,0,0,0,0,0,0,0,0,0,0,0,0,0,0,0,0,0,0,0,0,0,0,0,31,40,40,71,65476,0,300,0,0,8,21553,0.0,-107605600.0,0.0,0.0,0.0,0.0,0.0,0.0,0.0,0.0,0.0,0.0,0.0,0.0,0.0,0.0,0.0,0.0,0.0,0.0,0.0,0.0,0.0,0.0,-2.004,0.0,0.0,0.0,0.0,0.0,6226.0,0.0,6917.0,2.718430741444032e+23,-0.0,-0.0,2.718430741444032e+23,0.0,0.0,0.0,0.0,69,-0.059,-0.0,0.0,0.0,0.0,0.0,0.0,0.0,0.0,0,0,0,0.0,0.0,0.0,0.0,0.0,0.0,0.0,0.0,0.0,0.0,0.0,0.0,0.0,0.0,0.0,0.0,0,-107875648.0,69,0.0,138,0.0,-109447200.0,0,13107,17040,39322,17049,13107,17043,0,0,0,70,68,100,2.7302359370752657e+23,71.1,2.7302370179391762e+23,74.3,-0.0,74.0,1,49,50,180,13107,0,0,0,0.0,0.0,0.0,0.0,-0.0,67.0,0.0,162057.094,0.0,751,0,740,0,0,0,721,0,768,0,736,0,743,0,741,0,712,0,7520,0.032,108447924224.0,0.0,0.0,784,16797,-0.0,162057.094,-114818.039,-0.0,0.133,6.909358625270745e+28,30.0,65.0,35,0.0,0.0,0.0,0.0,0.0,0.0,0.0,0.0,0.0,0.0,0.0,0.0,0.0,0.0,0.0,0.0,69.2,0,150,71,55,65476,0,300,0,1,8,20529,65476,0,0,40632,65.0,0.0,0.0,0.0,0.0,0.0
2026-09-04T20:03:12,ERR,ERR,ERR,ERR,ERR,ERR,ERR,ERR,ERR,ERR,ERR,ERR,ERR,ERR,ERR,ERR,ERR,ERR,ERR,ERR,ERR,ERR,ERR,ERR,ERR,ERR,ERR,ERR,ERR,ERR,ERR,ERR,ERR,ERR,ERR,ERR,ERR,ERR,ERR,ERR,ERR,ERR,ERR,ERR,ERR,ERR,ERR,ERR,ERR,ERR,ERR,ERR,ERR,ERR,ERR,ERR,ERR,ERR,ERR,ERR,ERR,ERR,ERR,ERR,ERR,ERR,ERR,ERR,ERR,ERR,ERR,ERR,ERR,ERR,ERR,ERR,ERR,ERR,ERR,ERR,ERR,ERR,ERR,ERR,ERR,ERR,ERR,ERR,ERR,ERR,ERR,ERR,ERR,ERR,ERR,ERR,ERR,ERR,ERR,ERR,ERR,ERR,ERR,ERR,ERR,ERR,ERR,ERR,ERR,ERR,ERR,ERR,ERR,ERR,ERR,ERR,ERR,ERR,ERR,ERR,ERR,ERR,ERR,ERR,ERR,2.718430741444032e+23,-0.0,-134479040.0,0.0,0.0,1.3936040501711995e+18,7.805,0.0,0,0,4,0,7116,0.0,100,0.0,0.0,0.0,0.0,0.0,0,0,0,0,0.0,0,0,0,0,0,0,0,0,0,0,0,0,0,0,0,0,0,0,0,0,0,0,0,0,0,0,0,0,0,0,0,0,0,31,40,40,71,65476,0,300,0,0,8,21553,0.0,-107605600.0,0.0,0.0,0.0,0.0,0.0,0.0,0.0,0.0,0.0,0.0,0.0,0.0,0.0,0.0,0.0,0.0,0.0,0.0,0.0,0.0,0.0,0.0,-2.004,0.0,0.0,0.0,0.0,0.0,6226.0,0.0,6917.0,2.718430741444032e+23,-0.0,-0.0,2.718430741444032e+23,0.0,0.0,0.0,0.0,69,-0.059,-0.0,0.0,0.0,0.0,0.0,0.0,0.0,0.0,0,0,0,0.0,0.0,0.0,0.0,0.0,0.0,0.0,0.0,0.0,0.0,0.0,0.0,0.0,0.0,0.0,0.0,0,-107875648.0,69,0.0,138,0.0,-109447200.0,0,13107,17040,39322,17049,13107,17043,0,0,0,70,68,100,2.7302359370752657e+23,71.1,2.7302370179391762e+23,74.3,-0.0,74.0,1,49,50,180,13107,0,0,0,0.0,0.0,0.0,0.0,-0.0,67.0,0.0,162057.094,0.0,751,0,740,0,0,0,721,0,768,0,736,0,743,0,741,0,712,0,7520,0.032,108447924224.0,0.0,0.0,784,16797,-0.0,162057.094,-114818.039,-0.0,0.133,6.909358625270745e+28,30.0,65.0,35,0.0,0.0,0.0,0.0,0.0,0.0,0.0,0.0,0.0,0.0,0.0,0.0,0.0,0.0,0.0,0.0,69.2,0,150,71,55,65476,0,300,0,1,8,20529,65476,0,0,40632,65.0,0.0,0.0,0.0,0.0,0.0
2026-09-04T20:03:13,ERR,ERR,ERR,ERR,ERR,ERR,ERR,ERR,ERR,ERR,ERR,ERR,ERR,ERR,ERR,ERR,ERR,ERR,ERR,ERR,ERR,ERR,ERR,ERR,ERR,ERR,ERR,ERR,ERR,ERR,ERR,ERR,ERR,ERR,ERR,ERR,ERR,ERR,ERR,ERR,ERR,ERR,ERR,ERR,ERR,ERR,ERR,ERR,ERR,ERR,ERR,ERR,ERR,ERR,ERR,ERR,ERR,ERR,ERR,ERR,ERR,ERR,ERR,ERR,ERR,ERR,ERR,ERR,ERR,ERR,ERR,ERR,ERR,ERR,ERR,ERR,ERR,ERR,ERR,ERR,ERR,ERR,ERR,ERR,ERR,ERR,ERR,ERR,ERR,ERR,ERR,ERR,ERR,ERR,ERR,ERR,ERR,ERR,ERR,ERR,ERR,ERR,ERR,ERR,ERR,ERR,ERR,ERR,ERR,ERR,ERR,ERR,ERR,ERR,ERR,ERR,ERR,ERR,ERR,ERR,ERR,ERR,ERR,ERR,ERR,2.718430741444032e+23,-0.0,-134479040.0,0.0,0.0,1.3936040501711995e+18,7.805,0.0,0,0,4,0,7116,0.0,100,0.0,0.0,0.0,0.0,0.0,0,0,0,0,0.0,0,0,0,0,0,0,0,0,0,0,0,0,0,0,0,0,0,0,0,0,0,0,0,0,0,0,0,0,0,0,0,0,0,31,40,40,71,65476,0,300,0,0,8,21553,0.0,-107605600.0,0.0,0.0,0.0,0.0,0.0,0.0,0.0,0.0,0.0,0.0,0.0,0.0,0.0,0.0,0.0,0.0,0.0,0.0,0.0,0.0,0.0,0.0,-2.004,0.0,0.0,0.0,0.0,0.0,6226.0,0.0,6917.0,2.718430741444032e+23,-0.0,-0.0,2.718430741444032e+23,0.0,0.0,0.0,0.0,69,-0.059,-0.0,0.0,0.0,0.0,0.0,0.0,0.0,0.0,0,0,0,0.0,0.0,0.0,0.0,0.0,0.0,0.0,0.0,0.0,0.0,0.0,0.0,0.0,0.0,0.0,0.0,0,-107875648.0,69,0.0,138,0.0,-109447200.0,0,13107,17040,39322,17049,13107,17043,0,0,0,70,68,100,2.7302359370752657e+23,71.1,2.7302370179391762e+23,74.3,-0.0,74.0,1,49,50,180,13107,0,0,0,0.0,0.0,0.0,0.0,-0.0,67.0,0.0,162057.094,0.0,751,0,740,0,0,0,721,0,768,0,736,0,743,0,741,0,712,0,7520,0.032,108447924224.0,0.0,0.0,784,16797,-0.0,162057.094,-114818.039,-0.0,0.133,6.909358625270745e+28,30.0,65.0,35,0.0,0.0,0.0,0.0,0.0,0.0,0.0,0.0,0.0,0.0,0.0,0.0,0.0,0.0,0.0,0.0,69.2,0,150,71,55,65476,0,300,0,1,8,20529,65476,0,0,40632,65.0,0.0,0.0,0.0,0.0,0.0
2026-09-04T20:03:14,ERR,ERR,ERR,ERR,ERR,ERR,ERR,ERR,ERR,ERR,ERR,ERR,ERR,ERR,ERR,ERR,ERR,ERR,ERR,ERR,ERR,ERR,ERR,ERR,ERR,ERR,ERR,ERR,ERR,ERR,ERR,ERR,ERR,ERR,ERR,ERR,ERR,ERR,ERR,ERR,ERR,ERR,ERR,ERR,ERR,ERR,ERR,ERR,ERR,ERR,ERR,ERR,ERR,ERR,ERR,ERR,ERR,ERR,ERR,ERR,ERR,ERR,ERR,ERR,ERR,ERR,ERR,ERR,ERR,ERR,ERR,ERR,ERR,ERR,ERR,ERR,ERR,ERR,ERR,ERR,ERR,ERR,ERR,ERR,ERR,ERR,ERR,ERR,ERR,ERR,ERR,ERR,ERR,ERR,ERR,ERR,ERR,ERR,ERR,ERR,ERR,ERR,ERR,ERR,ERR,ERR,ERR,ERR,ERR,ERR,ERR,ERR,ERR,ERR,ERR,ERR,ERR,ERR,ERR,ERR,ERR,ERR,ERR,ERR,ERR,2.718430741444032e+23,-0.0,-134479040.0,0.0,0.0,1.3936040501711995e+18,7.805,0.0,0,0,4,0,7116,0.0,100,0.0,0.0,0.0,0.0,0.0,0,0,0,0,0.0,0,0,0,0,0,0,0,0,0,0,0,0,0,0,0,0,0,0,0,0,0,0,0,0,0,0,0,0,0,0,0,0,0,31,40,40,71,65476,0,300,0,0,8,21553,0.0,-107605600.0,0.0,0.0,0.0,0.0,0.0,0.0,0.0,0.0,0.0,0.0,0.0,0.0,0.0,0.0,0.0,0.0,0.0,0.0,0.0,0.0,0.0,0.0,-2.004,0.0,0.0,0.0,0.0,0.0,6226.0,0.0,6917.0,2.718430741444032e+23,-0.0,-0.0,2.718430741444032e+23,0.0,0.0,0.0,0.0,69,-0.059,-0.0,0.0,0.0,0.0,0.0,0.0,0.0,0.0,0,0,0,0.0,0.0,0.0,0.0,0.0,0.0,0.0,0.0,0.0,0.0,0.0,0.0,0.0,0.0,0.0,0.0,0,-107875648.0,69,0.0,138,0.0,-109447200.0,0,13107,17040,39322,17049,13107,17043,0,0,0,70,68,100,2.7302359370752657e+23,71.1,2.7302370179391762e+23,74.3,-0.0,74.0,1,49,50,180,13107,0,0,0,0.0,0.0,0.0,0.0,-0.0,67.0,0.0,162057.094,0.0,751,0,740,0,0,0,721,0,768,0,736,0,743,0,741,0,712,0,7520,0.032,108447924224.0,0.0,0.0,784,16797,-0.0,162057.094,-114818.039,-0.0,0.133,6.909358625270745e+28,30.0,65.0,35,0.0,0.0,0.0,0.0,0.0,0.0,0.0,0.0,0.0,0.0,0.0,0.0,0.0,0.0,0.0,0.0,69.6,0,150,71,55,65476,0,300,0,1,8,20529,65476,0,0,40632,65.0,0.0,0.0,0.0,0.0,0.0
2026-09-04T20:03:15,ERR,ERR,ERR,ERR,ERR,ERR,ERR,ERR,ERR,ERR,ERR,ERR,ERR,ERR,ERR,ERR,ERR,ERR,ERR,ERR,ERR,ERR,ERR,ERR,ERR,ERR,ERR,ERR,ERR,ERR,ERR,ERR,ERR,ERR,ERR,ERR,ERR,ERR,ERR,ERR,ERR,ERR,ERR,ERR,ERR,ERR,ERR,ERR,ERR,ERR,ERR,ERR,ERR,ERR,ERR,ERR,ERR,ERR,ERR,ERR,ERR,ERR,ERR,ERR,ERR,ERR,ERR,ERR,ERR,ERR,ERR,ERR,ERR,ERR,ERR,ERR,ERR,ERR,ERR,ERR,ERR,ERR,ERR,ERR,ERR,ERR,ERR,ERR,ERR,ERR,ERR,ERR,ERR,ERR,ERR,ERR,ERR,ERR,ERR,ERR,ERR,ERR,ERR,ERR,ERR,ERR,ERR,ERR,ERR,ERR,ERR,ERR,ERR,ERR,ERR,ERR,ERR,ERR,ERR,ERR,ERR,ERR,ERR,ERR,ERR,2.718430741444032e+23,-0.0,-134479040.0,0.0,0.0,1.3936040501711995e+18,7.805,0.0,0,0,4,0,7116,0.0,100,0.0,0.0,0.0,0.0,0.0,0,0,0,0,0.0,0,0,0,0,0,0,0,0,0,0,0,0,0,0,0,0,0,0,0,0,0,0,0,0,0,0,0,0,0,0,0,0,0,31,40,40,71,65476,0,300,0,0,8,21553,0.0,-107605600.0,0.0,0.0,0.0,0.0,0.0,0.0,0.0,0.0,0.0,0.0,0.0,0.0,0.0,0.0,0.0,0.0,0.0,0.0,0.0,0.0,0.0,0.0,-2.004,0.0,0.0,0.0,0.0,0.0,6226.0,0.0,6917.0,2.718430741444032e+23,-0.0,-0.0,2.718430741444032e+23,0.0,0.0,0.0,0.0,69,-0.059,-0.0,0.0,0.0,0.0,0.0,0.0,0.0,0.0,0,0,0,0.0,0.0,0.0,0.0,0.0,0.0,0.0,0.0,0.0,0.0,0.0,0.0,0.0,0.0,0.0,0.0,0,-107875648.0,69,0.0,138,0.0,-109447200.0,0,13107,17040,39322,17049,13107,17043,0,0,0,70,68,100,2.7302359370752657e+23,71.1,2.7302370179391762e+23,74.3,-0.0,74.0,1,49,50,180,13107,0,0,0,0.0,0.0,0.0,0.0,-0.0,67.0,0.0,162057.094,0.0,751,0,740,0,0,0,721,0,768,0,736,0,743,0,741,0,712,0,7520,0.032,108447924224.0,0.0,0.0,784,16797,-0.0,162057.094,-114818.039,-0.0,0.133,6.909358625270745e+28,30.0,65.0,35,0.0,0.0,0.0,0.0,0.0,0.0,0.0,0.0,0.0,0.0,0.0,0.0,0.0,0.0,0.0,0.0,69.6,0,150,71,55,65476,0,300,0,1,8,20529,65476,0,0,40632,65.0,0.0,0.0,0.0,0.0,0.0
2026-09-04T20:03:16,ERR,ERR,ERR,ERR,ERR,ERR,ERR,ERR,ERR,ERR,ERR,ERR,ERR,ERR,ERR,ERR,ERR,ERR,ERR,ERR,ERR,ERR,ERR,ERR,ERR,ERR,ERR,ERR,ERR,ERR,ERR,ERR,ERR,ERR,ERR,ERR,ERR,ERR,ERR,ERR,ERR,ERR,ERR,ERR,ERR,ERR,ERR,ERR,ERR,ERR,ERR,ERR,ERR,ERR,ERR,ERR,ERR,ERR,ERR,ERR,ERR,ERR,ERR,ERR,ERR,ERR,ERR,ERR,ERR,ERR,ERR,ERR,ERR,ERR,ERR,ERR,ERR,ERR,ERR,ERR,ERR,ERR,ERR,ERR,ERR,ERR,ERR,ERR,ERR,ERR,ERR,ERR,ERR,ERR,ERR,ERR,ERR,ERR,ERR,ERR,ERR,ERR,ERR,ERR,ERR,ERR,ERR,ERR,ERR,ERR,ERR,ERR,ERR,ERR,ERR,ERR,ERR,ERR,ERR,ERR,ERR,ERR,ERR,ERR,ERR,2.718430741444032e+23,-0.0,-134479040.0,0.0,0.0,1.3936040501711995e+18,7.805,0.0,0,0,4,0,7116,0.0,100,0.0,0.0,0.0,0.0,0.0,0,0,0,0,0.0,0,0,0,0,0,0,0,0,0,0,0,0,0,0,0,0,0,0,0,0,0,0,0,0,0,0,0,0,0,0,0,0,0,31,40,40,71,65476,0,300,0,0,8,21553,0.0,-107605600.0,0.0,0.0,0.0,0.0,0.0,0.0,0.0,0.0,0.0,0.0,0.0,0.0,0.0,0.0,0.0,0.0,0.0,0.0,0.0,0.0,0.0,0.0,-2.004,0.0,0.0,0.0,0.0,0.0,6226.0,0.0,6917.0,2.718430741444032e+23,-0.0,-0.0,2.718430741444032e+23,0.0,0.0,0.0,0.0,69,-0.059,-0.0,0.0,0.0,0.0,0.0,0.0,0.0,0.0,0,0,0,0.0,0.0,0.0,0.0,0.0,0.0,0.0,0.0,0.0,0.0,0.0,0.0,0.0,0.0,0.0,0.0,0,-107875648.0,69,0.0,138,0.0,-109447200.0,0,13107,17040,39322,17049,13107,17043,0,0,0,70,68,100,2.7302359370752657e+23,71.2,2.7302370179391762e+23,74.2,2.7302370179391762e+23,74.0,1,49,50,180,13107,0,0,0,0.0,0.0,0.0,0.0,-0.0,67.0,0.0,162057.094,0.0,751,0,740,0,0,0,721,0,768,0,737,0,743,0,742,0,712,0,7520,0.032,107911053312.0,0.0,0.0,784,16797,-0.0,162057.094,-114818.039,-0.0,0.133,6.909358625270745e+28,30.0,65.0,35,0.0,0.0,0.0,0.0,0.0,0.0,0.0,0.0,0.0,0.0,0.0,0.0,0.0,0.0,0.0,0.0,69.6,0,150,71,55,65476,0,300,0,1,8,20529,65476,0,0,40632,65.0,0.0,0.0,0.0,0.0,0.0
2026-09-04T20:03:17,ERR,ERR,ERR,ERR,ERR,ERR,ERR,ERR,ERR,ERR,ERR,ERR,ERR,ERR,ERR,ERR,ERR,ERR,ERR,ERR,ERR,ERR,ERR,ERR,ERR,ERR,ERR,ERR,ERR,ERR,ERR,ERR,ERR,ERR,ERR,ERR,ERR,ERR,ERR,ERR,ERR,ERR,ERR,ERR,ERR,ERR,ERR,ERR,ERR,ERR,ERR,ERR,ERR,ERR,ERR,ERR,ERR,ERR,ERR,ERR,ERR,ERR,ERR,ERR,ERR,ERR,ERR,ERR,ERR,ERR,ERR,ERR,ERR,ERR,ERR,ERR,ERR,ERR,ERR,ERR,ERR,ERR,ERR,ERR,ERR,ERR,ERR,ERR,ERR,ERR,ERR,ERR,ERR,ERR,ERR,ERR,ERR,ERR,ERR,ERR,ERR,ERR,ERR,ERR,ERR,ERR,ERR,ERR,ERR,ERR,ERR,ERR,ERR,ERR,ERR,ERR,ERR,ERR,ERR,ERR,ERR,ERR,ERR,ERR,ERR,2.718430741444032e+23,2.7184312818759872e+23,0.0,0.0,0.0,1.3936040501711995e+18,7.805,0.0,0,0,4,0,7116,0.0,100,0.0,0.0,0.0,0.0,0.0,0,0,0,0,0.0,0,0,0,0,0,0,0,0,0,0,0,0,0,0,0,0,0,0,0,0,0,0,0,0,0,0,0,0,0,0,0,0,0,31,40,40,71,65476,0,300,0,0,8,21553,0.0,-107605600.0,0.0,0.0,0.0,0.0,0.0,0.0,0.0,0.0,0.0,0.0,0.0,0.0,0.0,0.0,0.0,0.0,0.0,0.0,0.0,0.0,0.0,0.0,-2.004,0.0,0.0,0.0,0.0,0.0,6222.0,0.0,6916.0,2.718430741444032e+23,2.7184312818759872e+23,-0.0,2.718430741444032e+23,0.0,0.0,0.0,0.0,69,-71.63,5.848074697918395e+35,0.0,0.0,0.0,0.0,0.0,0.0,0.0,0,0,0,0.0,0.0,0.0,0.0,0.0,0.0,0.0,0.0,0.0,0.0,0.0,0.0,0.0,0.0,0.0,0.0,0,-107875648.0,69,0.0,138,0.0,-109447200.0,0,13107,17040,39322,17049,13107,17043,0,0,0,70,68,100,2.7302359370752657e+23,71.2,2.7302370179391762e+23,74.2,2.7302370179391762e+23,74.0,1,49,50,180,13107,0,0,0,0.0,0.0,0.0,0.0,-0.0,67.0,0.0,162057.094,0.0,751,0,740,0,0,0,721,0,768,0,737,0,743,0,742,0,712,0,7520,0.032,107911053312.0,0.0,0.0,784,16797,-0.0,162057.094,-114818.039,-0.0,0.133,6.909358625270745e+28,30.0,65.0,35,0.0,0.0,0.0,0.0,0.0,0.0,0.0,0.0,0.0,0.0,0.0,0.0,0.0,0.0,0.0,0.0,69.2,0,150,71,55,65476,0,300,0,1,8,20529,65476,0,0,40632,65.0,0.0,0.0,0.0,0.0,0.0
2026-09-04T20:03:18,ERR,ERR,ERR,ERR,ERR,ERR,ERR,ERR,ERR,ERR,ERR,ERR,ERR,ERR,ERR,ERR,ERR,ERR,ERR,ERR,ERR,ERR,ERR,ERR,ERR,ERR,ERR,ERR,ERR,ERR,ERR,ERR,ERR,ERR,ERR,ERR,ERR,ERR,ERR,ERR,ERR,ERR,ERR,ERR,ERR,ERR,ERR,ERR,ERR,ERR,ERR,ERR,ERR,ERR,ERR,ERR,ERR,ERR,ERR,ERR,ERR,ERR,ERR,ERR,ERR,ERR,ERR,ERR,ERR,ERR,ERR,ERR,ERR,ERR,ERR,ERR,ERR,ERR,ERR,ERR,ERR,ERR,ERR,ERR,ERR,ERR,ERR,ERR,ERR,ERR,ERR,ERR,ERR,ERR,ERR,ERR,ERR,ERR,ERR,ERR,ERR,ERR,ERR,ERR,ERR,ERR,ERR,ERR,ERR,ERR,ERR,ERR,ERR,ERR,ERR,ERR,ERR,ERR,ERR,ERR,ERR,ERR,ERR,ERR,ERR,2.718430741444032e+23,2.7184312818759872e+23,0.0,0.0,0.0,1.3936040501711995e+18,7.805,0.0,0,0,4,0,7116,0.0,100,0.0,0.0,0.0,0.0,0.0,0,0,0,0,0.0,0,0,0,0,0,0,0,0,0,0,0,0,0,0,0,0,0,0,0,0,0,0,0,0,0,0,0,0,0,0,0,0,0,31,40,40,71,65476,0,300,0,0,8,21553,0.0,-107605600.0,0.0,0.0,0.0,0.0,0.0,0.0,0.0,0.0,0.0,0.0,0.0,0.0,0.0,0.0,0.0,0.0,0.0,0.0,0.0,0.0,0.0,0.0,-2.004,0.0,0.0,0.0,0.0,0.0,6222.0,0.0,6916.0,2.718430741444032e+23,2.7184312818759872e+23,-0.0,2.718430741444032e+23,0.0,0.0,0.0,0.0,69,-71.63,5.848074697918395e+35,0.0,0.0,0.0,0.0,0.0,0.0,0.0,0,0,0,0.0,0.0,0.0,0.0,0.0,0.0,0.0,0.0,0.0,0.0,0.0,0.0,0.0,0.0,0.0,0.0,0,-107875648.0,69,0.0,138,0.0,-109447200.0,0,13107,17040,39322,17049,13107,17043,0,0,0,70,68,100,2.7302359370752657e+23,71.2,2.7302370179391762e+23,74.2,2.7302370179391762e+23,74.0,1,49,50,180,13107,0,0,0,0.0,0.0,0.0,0.0,-0.0,67.0,0.0,162057.094,0.0,751,0,740,0,0,0,721,0,768,0,737,0,743,0,742,0,712,0,7520,0.032,107911053312.0,0.0,0.0,784,16797,-0.0,162057.094,-114818.039,-0.0,0.133,6.909358625270745e+28,30.0,65.0,35,0.0,0.0,0.0,0.0,0.0,0.0,0.0,0.0,0.0,0.0,0.0,0.0,0.0,0.0,0.0,0.0,69.2,0,150,71,55,65476,0,300,0,1,8,20529,65476,0,0,40632,65.0,0.0,0.0,0.0,0.0,0.0
2026-09-04T20:03:19,ERR,ERR,ERR,ERR,ERR,ERR,ERR,ERR,ERR,ERR,ERR,ERR,ERR,ERR,ERR,ERR,ERR,ERR,ERR,ERR,ERR,ERR,ERR,ERR,ERR,ERR,ERR,ERR,ERR,ERR,ERR,ERR,ERR,ERR,ERR,ERR,ERR,ERR,ERR,ERR,ERR,ERR,ERR,ERR,ERR,ERR,ERR,ERR,ERR,ERR,ERR,ERR,ERR,ERR,ERR,ERR,ERR,ERR,ERR,ERR,ERR,ERR,ERR,ERR,ERR,ERR,ERR,ERR,ERR,ERR,ERR,ERR,ERR,ERR,ERR,ERR,ERR,ERR,ERR,ERR,ERR,ERR,ERR,ERR,ERR,ERR,ERR,ERR,ERR,ERR,ERR,ERR,ERR,ERR,ERR,ERR,ERR,ERR,ERR,ERR,ERR,ERR,ERR,ERR,ERR,ERR,ERR,ERR,ERR,ERR,ERR,ERR,ERR,ERR,ERR,ERR,ERR,ERR,ERR,ERR,ERR,ERR,ERR,ERR,ERR,2.718430741444032e+23,2.7184312818759872e+23,0.0,0.0,0.0,1.3936040501711995e+18,7.805,0.0,0,0,4,0,7116,0.0,100,0.0,0.0,0.0,0.0,0.0,0,0,0,0,0.0,0,0,0,0,0,0,0,0,0,0,0,0,0,0,0,0,0,0,0,0,0,0,0,0,0,0,0,0,0,0,0,0,0,31,40,40,71,65476,0,300,0,0,8,21553,0.0,-107605600.0,0.0,0.0,0.0,0.0,0.0,0.0,0.0,0.0,0.0,0.0,0.0,0.0,0.0,0.0,0.0,0.0,0.0,0.0,0.0,0.0,0.0,0.0,-2.004,0.0,0.0,0.0,0.0,0.0,6222.0,0.0,6916.0,2.718430741444032e+23,2.7184312818759872e+23,-0.0,2.718430741444032e+23,0.0,0.0,0.0,0.0,69,-71.63,5.848074697918395e+35,0.0,0.0,0.0,0.0,0.0,0.0,0.0,0,0,0,0.0,0.0,0.0,0.0,0.0,0.0,0.0,0.0,0.0,0.0,0.0,0.0,0.0,0.0,0.0,0.0,0,-107875648.0,69,0.0,138,0.0,-109447200.0,0,13107,17040,39322,17049,13107,17043,0,0,0,70,68,100,2.7302359370752657e+23,71.2,2.7302370179391762e+23,74.2,2.7302370179391762e+23,74.0,1,49,50,180,13107,0,0,0,0.0,0.0,0.0,0.0,-0.0,67.0,0.0,162057.094,0.0,751,0,740,0,0,0,721,0,768,0,737,0,743,0,742,0,712,0,7520,0.032,107911053312.0,0.0,0.0,784,16797,-0.0,162057.094,-114818.039,-0.0,0.133,6.909358625270745e+28,30.0,65.0,35,0.0,0.0,0.0,0.0,0.0,0.0,0.0,0.0,0.0,0.0,0.0,0.0,0.0,0.0,0.0,0.0,69.2,0,150,71,55,65476,0,300,0,1,8,20529,65476,0,0,40632,65.0,0.0,0.0,0.0,0.0,0.0
2026-09-04T20:03:20,ERR,ERR,ERR,ERR,ERR,ERR,ERR,ERR,ERR,ERR,ERR,ERR,ERR,ERR,ERR,ERR,ERR,ERR,ERR,ERR,ERR,ERR,ERR,ERR,ERR,ERR,ERR,ERR,ERR,ERR,ERR,ERR,ERR,ERR,ERR,ERR,ERR,ERR,ERR,ERR,ERR,ERR,ERR,ERR,ERR,ERR,ERR,ERR,ERR,ERR,ERR,ERR,ERR,ERR,ERR,ERR,ERR,ERR,ERR,ERR,ERR,ERR,ERR,ERR,ERR,ERR,ERR,ERR,ERR,ERR,ERR,ERR,ERR,ERR,ERR,ERR,ERR,ERR,ERR,ERR,ERR,ERR,ERR,ERR,ERR,ERR,ERR,ERR,ERR,ERR,ERR,ERR,ERR,ERR,ERR,ERR,ERR,ERR,ERR,ERR,ERR,ERR,ERR,ERR,ERR,ERR,ERR,ERR,ERR,ERR,ERR,ERR,ERR,ERR,ERR,ERR,ERR,ERR,ERR,ERR,ERR,ERR,ERR,ERR,ERR,2.718430741444032e+23,2.7184312818759872e+23,0.0,0.0,0.0,1.3936040501711995e+18,7.805,0.0,0,0,4,0,7116,0.0,100,0.0,0.0,0.0,0.0,0.0,0,0,0,0,0.0,0,0,0,0,0,0,0,0,0,0,0,0,0,0,0,0,0,0,0,0,0,0,0,0,0,0,0,0,0,0,0,0,0,31,40,40,71,65476,0,300,0,0,8,21553,0.0,-107605600.0,0.0,0.0,0.0,0.0,0.0,0.0,0.0,0.0,0.0,0.0,0.0,0.0,0.0,0.0,0.0,0.0,0.0,0.0,0.0,0.0,0.0,0.0,-2.004,0.0,0.0,0.0,0.0,0.0,6222.0,0.0,6916.0,2.718430741444032e+23,2.7184312818759872e+23,-0.0,2.718430741444032e+23,0.0,0.0,0.0,0.0,69,-71.63,5.848074697918395e+35,0.0,0.0,0.0,0.0,0.0,0.0,0.0,0,0,0,0.0,0.0,0.0,0.0,0.0,0.0,0.0,0.0,0.0,0.0,0.0,0.0,0.0,0.0,0.0,0.0,0,-107875648.0,69,0.0,138,0.0,-109447200.0,0,13107,17040,39322,17049,13107,17043,0,0,0,70,68,100,2.7302359370752657e+23,71.2,2.7302370179391762e+23,74.2,2.7302370179391762e+23,74.0,1,49,50,180,13107,0,0,0,0.0,0.0,0.0,0.0,-0.0,67.0,0.0,162057.094,0.0,751,0,740,0,0,0,721,0,768,0,737,0,743,0,742,0,712,0,7520,0.032,107911053312.0,0.0,0.0,784,16797,-0.0,162057.094,-114818.039,-0.0,0.133,6.909358625270745e+28,30.0,65.0,35,0.0,0.0,0.0,0.0,0.0,0.0,0.0,0.0,0.0,0.0,0.0,0.0,0.0,0.0,0.0,0.0,69.2,0,150,71,55,65476,0,300,0,1,8,20529,65476,0,0,40632,65.0,0.0,0.0,0.0,0.0,0.0
2026-09-04T20:03:21,ERR,ERR,ERR,ERR,ERR,ERR,ERR,ERR,ERR,ERR,ERR,ERR,ERR,ERR,ERR,ERR,ERR,ERR,ERR,ERR,ERR,ERR,ERR,ERR,ERR,ERR,ERR,ERR,ERR,ERR,ERR,ERR,ERR,ERR,ERR,ERR,ERR,ERR,ERR,ERR,ERR,ERR,ERR,ERR,ERR,ERR,ERR,ERR,ERR,ERR,ERR,ERR,ERR,ERR,ERR,ERR,ERR,ERR,ERR,ERR,ERR,ERR,ERR,ERR,ERR,ERR,ERR,ERR,ERR,ERR,ERR,ERR,ERR,ERR,ERR,ERR,ERR,ERR,ERR,ERR,ERR,ERR,ERR,ERR,ERR,ERR,ERR,ERR,ERR,ERR,ERR,ERR,ERR,ERR,ERR,ERR,ERR,ERR,ERR,ERR,ERR,ERR,ERR,ERR,ERR,ERR,ERR,ERR,ERR,ERR,ERR,ERR,ERR,ERR,ERR,ERR,ERR,ERR,ERR,ERR,ERR,ERR,ERR,ERR,ERR,2.718430741444032e+23,2.7184312818759872e+23,0.0,0.0,0.0,1.3936040501711995e+18,7.805,0.0,0,0,4,0,7116,0.0,100,0.0,0.0,0.0,0.0,0.0,0,0,0,0,0.0,0,0,0,0,0,0,0,0,0,0,0,0,0,0,0,0,0,0,0,0,0,0,0,0,0,0,0,0,0,0,0,0,0,31,40,40,71,65476,0,300,0,0,8,21553,0.0,-107605600.0,0.0,0.0,0.0,0.0,0.0,0.0,0.0,0.0,0.0,0.0,0.0,0.0,0.0,0.0,0.0,0.0,0.0,0.0,0.0,0.0,0.0,0.0,-2.004,0.0,0.0,0.0,0.0,0.0,6222.0,0.0,6916.0,2.718430741444032e+23,2.7184312818759872e+23,-0.0,2.718430741444032e+23,0.0,0.0,0.0,0.0,69,-71.63,5.848074697918395e+35,0.0,0.0,0.0,0.0,0.0,0.0,0.0,0,0,0,0.0,0.0,0.0,0.0,0.0,0.0,0.0,0.0,0.0,0.0,0.0,0.0,0.0,0.0,0.0,0.0,0,-107875648.0,69,0.0,138,0.0,-109447200.0,0,13107,17040,39322,17049,13107,17043,0,0,0,70,68,100,2.7302359370752657e+23,71.2,2.7302370179391762e+23,74.2,2.7302370179391762e+23,74.0,1,49,50,180,13107,0,0,0,0.0,0.0,0.0,0.0,-0.0,67.0,0.0,162057.094,0.0,751,0,740,0,0,0,721,0,768,0,737,0,743,0,742,0,712,0,7520,0.032,107911053312.0,0.0,0.0,784,16797,-0.0,162057.094,-114818.039,-0.0,0.133,6.909358625270745e+28,30.0,65.0,35,0.0,0.0,0.0,0.0,0.0,0.0,0.0,0.0,0.0,0.0,0.0,0.0,0.0,0.0,0.0,0.0,69.2,0,150,71,55,65476,0,300,0,1,8,20529,65476,0,0,40632,65.0,0.0,0.0,0.0,0.0,0.0
2026-09-04T20:03:22,ERR,ERR,ERR,ERR,ERR,ERR,ERR,ERR,ERR,ERR,ERR,ERR,ERR,ERR,ERR,ERR,ERR,ERR,ERR,ERR,ERR,ERR,ERR,ERR,ERR,ERR,ERR,ERR,ERR,ERR,ERR,ERR,ERR,ERR,ERR,ERR,ERR,ERR,ERR,ERR,ERR,ERR,ERR,ERR,ERR,ERR,ERR,ERR,ERR,ERR,ERR,ERR,ERR,ERR,ERR,ERR,ERR,ERR,ERR,ERR,ERR,ERR,ERR,ERR,ERR,ERR,ERR,ERR,ERR,ERR,ERR,ERR,ERR,ERR,ERR,ERR,ERR,ERR,ERR,ERR,ERR,ERR,ERR,ERR,ERR,ERR,ERR,ERR,ERR,ERR,ERR,ERR,ERR,ERR,ERR,ERR,ERR,ERR,ERR,ERR,ERR,ERR,ERR,ERR,ERR,ERR,ERR,ERR,ERR,ERR,ERR,ERR,ERR,ERR,ERR,ERR,ERR,ERR,ERR,ERR,ERR,ERR,ERR,ERR,ERR,2.718430741444032e+23,2.7184312818759872e+23,0.0,0.0,0.0,1.3936040501711995e+18,7.805,0.0,0,0,4,0,7116,0.0,100,0.0,0.0,0.0,0.0,0.0,0,0,0,0,0.0,0,0,0,0,0,0,0,0,0,0,0,0,0,0,0,0,0,0,0,0,0,0,0,0,0,0,0,0,0,0,0,0,0,31,40,40,71,65476,0,300,0,0,8,21553,0.0,-107605600.0,0.0,0.0,0.0,0.0,0.0,0.0,0.0,0.0,0.0,0.0,0.0,0.0,0.0,0.0,0.0,0.0,0.0,0.0,0.0,0.0,0.0,0.0,-2.004,0.0,0.0,0.0,0.0,0.0,6222.0,0.0,6916.0,2.718430741444032e+23,2.7184312818759872e+23,-0.0,2.718430741444032e+23,0.0,0.0,0.0,0.0,69,-71.63,5.848074697918395e+35,0.0,0.0,0.0,0.0,0.0,0.0,0.0,0,0,0,0.0,0.0,0.0,0.0,0.0,0.0,0.0,0.0,0.0,0.0,0.0,0.0,0.0,0.0,0.0,0.0,0,-107875648.0,69,0.0,138,0.0,-109447200.0,0,13107,17040,39322,17049,13107,17043,0,0,0,70,68,100,2.7302359370752657e+23,71.2,2.7302370179391762e+23,74.3,-0.0,74.0,1,49,50,180,13107,0,0,0,0.0,0.0,0.0,0.0,-0.0,67.0,0.0,162057.094,0.0,751,0,740,0,0,0,721,0,768,0,736,0,743,0,742,0,712,0,7520,0.032,108447924224.0,0.0,0.0,784,16797,-0.0,162057.094,-114818.039,-0.0,0.133,6.909358625270745e+28,30.0,65.0,35,0.0,0.0,0.0,0.0,0.0,0.0,0.0,0.0,0.0,0.0,0.0,0.0,0.0,0.0,0.0,0.0,69.2,0,150,71,55,65476,0,300,0,1,8,20529,65476,0,0,40632,65.0,0.0,0.0,0.0,0.0,0.0
2026-09-04T20:03:23,ERR,ERR,ERR,ERR,ERR,ERR,ERR,ERR,ERR,ERR,ERR,ERR,ERR,ERR,ERR,ERR,ERR,ERR,ERR,ERR,ERR,ERR,ERR,ERR,ERR,ERR,ERR,ERR,ERR,ERR,ERR,ERR,ERR,ERR,ERR,ERR,ERR,ERR,ERR,ERR,ERR,ERR,ERR,ERR,ERR,ERR,ERR,ERR,ERR,ERR,ERR,ERR,ERR,ERR,ERR,ERR,ERR,ERR,ERR,ERR,ERR,ERR,ERR,ERR,ERR,ERR,ERR,ERR,ERR,ERR,ERR,ERR,ERR,ERR,ERR,ERR,ERR,ERR,ERR,ERR,ERR,ERR,ERR,ERR,ERR,ERR,ERR,ERR,ERR,ERR,ERR,ERR,ERR,ERR,ERR,ERR,ERR,ERR,ERR,ERR,ERR,ERR,ERR,ERR,ERR,ERR,ERR,ERR,ERR,ERR,ERR,ERR,ERR,ERR,ERR,ERR,ERR,ERR,ERR,ERR,ERR,ERR,ERR,ERR,ERR,2.718430741444032e+23,2.7184312818759872e+23,0.0,0.0,0.0,1.3936040501711995e+18,7.805,0.0,0,0,4,0,7116,0.0,100,0.0,0.0,0.0,0.0,0.0,0,0,0,0,0.0,0,0,0,0,0,0,0,0,0,0,0,0,0,0,0,0,0,0,0,0,0,0,0,0,0,0,0,0,0,0,0,0,0,31,40,40,71,65476,0,300,0,0,8,21553,0.0,-107605600.0,0.0,0.0,0.0,0.0,0.0,0.0,0.0,0.0,0.0,0.0,0.0,0.0,0.0,0.0,0.0,0.0,0.0,0.0,0.0,0.0,0.0,0.0,-2.004,0.0,0.0,0.0,0.0,0.0,6222.0,0.0,6916.0,2.718430741444032e+23,2.7184312818759872e+23,-0.0,2.718430741444032e+23,0.0,0.0,0.0,0.0,69,-71.63,5.848074697918395e+35,0.0,0.0,0.0,0.0,0.0,0.0,0.0,0,0,0,0.0,0.0,0.0,0.0,0.0,0.0,0.0,0.0,0.0,0.0,0.0,0.0,0.0,0.0,0.0,0.0,0,-107875648.0,69,0.0,138,0.0,-109447200.0,0,13107,17040,39322,17049,13107,17043,0,0,0,70,68,100,2.7302359370752657e+23,71.2,2.7302370179391762e+23,74.3,-0.0,74.0,1,49,50,180,13107,0,0,0,0.0,0.0,0.0,0.0,-0.0,67.0,0.0,162057.094,0.0,751,0,740,0,0,0,721,0,768,0,736,0,743,0,742,0,712,0,7520,0.032,108447924224.0,0.0,0.0,784,16797,-0.0,162057.094,-114818.039,-0.0,0.133,6.909358625270745e+28,30.0,65.0,35,0.0,0.0,0.0,0.0,0.0,0.0,0.0,0.0,0.0,0.0,0.0,0.0,0.0,0.0,0.0,0.0,69.2,0,150,71,55,65476,0,300,0,1,8,20529,65476,0,0,40632,65.0,0.0,0.0,0.0,0.0,0.0
2026-09-04T20:03:24,ERR,ERR,ERR,ERR,ERR,ERR,ERR,ERR,ERR,ERR,ERR,ERR,ERR,ERR,ERR,ERR,ERR,ERR,ERR,ERR,ERR,ERR,ERR,ERR,ERR,ERR,ERR,ERR,ERR,ERR,ERR,ERR,ERR,ERR,ERR,ERR,ERR,ERR,ERR,ERR,ERR,ERR,ERR,ERR,ERR,ERR,ERR,ERR,ERR,ERR,ERR,ERR,ERR,ERR,ERR,ERR,ERR,ERR,ERR,ERR,ERR,ERR,ERR,ERR,ERR,ERR,ERR,ERR,ERR,ERR,ERR,ERR,ERR,ERR,ERR,ERR,ERR,ERR,ERR,ERR,ERR,ERR,ERR,ERR,ERR,ERR,ERR,ERR,ERR,ERR,ERR,ERR,ERR,ERR,ERR,ERR,ERR,ERR,ERR,ERR,ERR,ERR,ERR,ERR,ERR,ERR,ERR,ERR,ERR,ERR,ERR,ERR,ERR,ERR,ERR,ERR,ERR,ERR,ERR,ERR,ERR,ERR,ERR,ERR,ERR,2.718430741444032e+23,2.7184312818759872e+23,0.0,0.0,0.0,1.3936040501711995e+18,7.805,0.0,0,0,4,0,7116,0.0,100,0.0,0.0,0.0,0.0,0.0,0,0,0,0,0.0,0,0,0,0,0,0,0,0,0,0,0,0,0,0,0,0,0,0,0,0,0,0,0,0,0,0,0,0,0,0,0,0,0,31,40,40,71,65476,0,300,0,0,8,21553,0.0,-107605600.0,0.0,0.0,0.0,0.0,0.0,0.0,0.0,0.0,0.0,0.0,0.0,0.0,0.0,0.0,0.0,0.0,0.0,0.0,0.0,0.0,0.0,0.0,-2.004,0.0,0.0,0.0,0.0,0.0,6222.0,0.0,6916.0,2.718430741444032e+23,2.7184312818759872e+23,-0.0,2.718430741444032e+23,0.0,0.0,0.0,0.0,69,-71.63,5.848074697918395e+35,0.0,0.0,0.0,0.0,0.0,0.0,0.0,0,0,0,0.0,0.0,0.0,0.0,0.0,0.0,0.0,0.0,0.0,0.0,0.0,0.0,0.0,0.0,0.0,0.0,0,-107875648.0,69,0.0,138,0.0,-109447200.0,0,13107,17040,39322,17049,13107,17043,0,0,0,70,68,100,2.7302359370752657e+23,71.2,2.7302370179391762e+23,74.3,-0.0,74.0,1,49,50,180,13107,0,0,0,0.0,0.0,0.0,0.0,-0.0,67.0,0.0,162057.094,0.0,751,0,740,0,0,0,721,0,768,0,736,0,743,0,742,0,712,0,7520,0.032,108447924224.0,0.0,0.0,784,16797,-0.0,162057.094,-114818.039,-0.0,0.133,6.909358625270745e+28,30.0,65.0,35,0.0,0.0,0.0,0.0,0.0,0.0,0.0,0.0,0.0,0.0,0.0,0.0,0.0,0.0,0.0,0.0,69.2,0,150,71,55,65476,0,300,0,1,8,20529,65476,0,0,40632,65.0,0.0,0.0,0.0,0.0,0.0
2026-09-04T20:03:25,ERR,ERR,ERR,ERR,ERR,ERR,ERR,ERR,ERR,ERR,ERR,ERR,ERR,ERR,ERR,ERR,ERR,ERR,ERR,ERR,ERR,ERR,ERR,ERR,ERR,ERR,ERR,ERR,ERR,ERR,ERR,ERR,ERR,ERR,ERR,ERR,ERR,ERR,ERR,ERR,ERR,ERR,ERR,ERR,ERR,ERR,ERR,ERR,ERR,ERR,ERR,ERR,ERR,ERR,ERR,ERR,ERR,ERR,ERR,ERR,ERR,ERR,ERR,ERR,ERR,ERR,ERR,ERR,ERR,ERR,ERR,ERR,ERR,ERR,ERR,ERR,ERR,ERR,ERR,ERR,ERR,ERR,ERR,ERR,ERR,ERR,ERR,ERR,ERR,ERR,ERR,ERR,ERR,ERR,ERR,ERR,ERR,ERR,ERR,ERR,ERR,ERR,ERR,ERR,ERR,ERR,ERR,ERR,ERR,ERR,ERR,ERR,ERR,ERR,ERR,ERR,ERR,ERR,ERR,ERR,ERR,ERR,ERR,ERR,ERR,2.718430741444032e+23,-0.0,-134479040.0,0.0,0.0,1.3936040501711995e+18,7.805,0.0,0,0,4,0,7116,0.0,100,0.0,0.0,0.0,0.0,0.0,0,0,0,0,0.0,0,0,0,0,0,0,0,0,0,0,0,0,0,0,0,0,0,0,0,0,0,0,0,0,0,0,0,0,0,0,0,0,0,31,40,40,71,65476,0,300,0,0,8,21553,0.0,-107605600.0,0.0,0.0,0.0,0.0,0.0,0.0,0.0,0.0,0.0,0.0,0.0,0.0,0.0,0.0,0.0,0.0,0.0,0.0,0.0,0.0,0.0,0.0,-2.004,0.0,0.0,0.0,0.0,0.0,6229.0,0.0,6918.0,2.718430741444032e+23,2.7184312818759872e+23,-0.0,2.718430741444032e+23,0.0,0.0,0.0,0.0,69,-126841176064.0,-0.0,0.0,0.0,0.0,0.0,0.0,0.0,0.0,0,0,0,0.0,0.0,0.0,0.0,0.0,0.0,0.0,0.0,0.0,0.0,0.0,0.0,0.0,0.0,0.0,0.0,0,-107875648.0,69,0.0,138,0.0,-109447200.0,0,13107,17040,39322,17049,13107,17043,0,0,0,70,68,100,2.7302359370752657e+23,71.2,2.7302370179391762e+23,74.3,-0.0,74.0,1,49,50,180,13107,0,0,0,0.0,0.0,0.0,0.0,-0.0,67.0,0.0,162057.094,0.0,751,0,740,0,0,0,721,0,768,0,736,0,743,0,742,0,712,0,7520,0.032,108447924224.0,0.0,0.0,784,16797,-0.0,162057.094,-114818.039,-0.0,0.133,6.909358625270745e+28,30.0,65.0,35,0.0,0.0,0.0,0.0,0.0,0.0,0.0,0.0,0.0,0.0,0.0,0.0,0.0,0.0,0.0,0.0,69.2,0,150,71,55,65476,0,300,0,1,8,20529,65476,0,0,40632,65.0,0.0,0.0,0.0,0.0,0.0
2026-09-04T20:03:26,ERR,ERR,ERR,ERR,ERR,ERR,ERR,ERR,ERR,ERR,ERR,ERR,ERR,ERR,ERR,ERR,ERR,ERR,ERR,ERR,ERR,ERR,ERR,ERR,ERR,ERR,ERR,ERR,ERR,ERR,ERR,ERR,ERR,ERR,ERR,ERR,ERR,ERR,ERR,ERR,ERR,ERR,ERR,ERR,ERR,ERR,ERR,ERR,ERR,ERR,ERR,ERR,ERR,ERR,ERR,ERR,ERR,ERR,ERR,ERR,ERR,ERR,ERR,ERR,ERR,ERR,ERR,ERR,ERR,ERR,ERR,ERR,ERR,ERR,ERR,ERR,ERR,ERR,ERR,ERR,ERR,ERR,ERR,ERR,ERR,ERR,ERR,ERR,ERR,ERR,ERR,ERR,ERR,ERR,ERR,ERR,ERR,ERR,ERR,ERR,ERR,ERR,ERR,ERR,ERR,ERR,ERR,ERR,ERR,ERR,ERR,ERR,ERR,ERR,ERR,ERR,ERR,ERR,ERR,ERR,ERR,ERR,ERR,ERR,ERR,2.718430741444032e+23,-0.0,-134479040.0,0.0,0.0,1.3936040501711995e+18,7.805,0.0,0,0,4,0,7116,0.0,100,0.0,0.0,0.0,0.0,0.0,0,0,0,0,0.0,0,0,0,0,0,0,0,0,0,0,0,0,0,0,0,0,0,0,0,0,0,0,0,0,0,0,0,0,0,0,0,0,0,31,40,40,71,65476,0,300,0,0,8,21553,0.0,-107605600.0,0.0,0.0,0.0,0.0,0.0,0.0,0.0,0.0,0.0,0.0,0.0,0.0,0.0,0.0,0.0,0.0,0.0,0.0,0.0,0.0,0.0,0.0,-2.004,0.0,0.0,0.0,0.0,0.0,6229.0,0.0,6918.0,2.718430741444032e+23,2.7184312818759872e+23,-0.0,2.718430741444032e+23,0.0,0.0,0.0,0.0,69,-126841176064.0,-0.0,0.0,0.0,0.0,0.0,0.0,0.0,0.0,0,0,0,0.0,0.0,0.0,0.0,0.0,0.0,0.0,0.0,0.0,0.0,0.0,0.0,0.0,0.0,0.0,0.0,0,-107875648.0,69,0.0,138,0.0,-109447200.0,0,13107,17040,39322,17049,13107,17043,0,0,0,70,68,100,2.7302359370752657e+23,71.2,2.7302370179391762e+23,74.3,-0.0,74.0,1,49,50,180,13107,0,0,0,0.0,0.0,0.0,0.0,-0.0,67.0,0.0,162057.094,0.0,751,0,740,0,0,0,721,0,768,0,736,0,743,0,742,0,712,0,7520,0.032,108447924224.0,0.0,0.0,784,16797,-0.0,162057.094,-114818.039,-0.0,0.133,6.909358625270745e+28,30.0,65.0,35,0.0,0.0,0.0,0.0,0.0,0.0,0.0,0.0,0.0,0.0,0.0,0.0,0.0,0.0,0.0,0.0,69.2,0,150,71,55,65476,0,300,0,1,8,20529,65476,0,0,40632,65.0,0.0,0.0,0.0,0.0,0.0
2026-09-04T20:03:27,ERR,ERR,ERR,ERR,ERR,ERR,ERR,ERR,ERR,ERR,ERR,ERR,ERR,ERR,ERR,ERR,ERR,ERR,ERR,ERR,ERR,ERR,ERR,ERR,ERR,ERR,ERR,ERR,ERR,ERR,ERR,ERR,ERR,ERR,ERR,ERR,ERR,ERR,ERR,ERR,ERR,ERR,ERR,ERR,ERR,ERR,ERR,ERR,ERR,ERR,ERR,ERR,ERR,ERR,ERR,ERR,ERR,ERR,ERR,ERR,ERR,ERR,ERR,ERR,ERR,ERR,ERR,ERR,ERR,ERR,ERR,ERR,ERR,ERR,ERR,ERR,ERR,ERR,ERR,ERR,ERR,ERR,ERR,ERR,ERR,ERR,ERR,ERR,ERR,ERR,ERR,ERR,ERR,ERR,ERR,ERR,ERR,ERR,ERR,ERR,ERR,ERR,ERR,ERR,ERR,ERR,ERR,ERR,ERR,ERR,ERR,ERR,ERR,ERR,ERR,ERR,ERR,ERR,ERR,ERR,ERR,ERR,ERR,ERR,ERR,2.718430741444032e+23,-0.0,-134479040.0,0.0,0.0,1.3936040501711995e+18,7.805,0.0,0,0,4,0,7116,0.0,100,0.0,0.0,0.0,0.0,0.0,0,0,0,0,0.0,0,0,0,0,0,0,0,0,0,0,0,0,0,0,0,0,0,0,0,0,0,0,0,0,0,0,0,0,0,0,0,0,0,31,40,40,71,65476,0,300,0,0,8,21553,0.0,-107605600.0,0.0,0.0,0.0,0.0,0.0,0.0,0.0,0.0,0.0,0.0,0.0,0.0,0.0,0.0,0.0,0.0,0.0,0.0,0.0,0.0,0.0,0.0,-2.004,0.0,0.0,0.0,0.0,0.0,6229.0,0.0,6918.0,2.718430741444032e+23,2.7184312818759872e+23,-0.0,2.718430741444032e+23,0.0,0.0,0.0,0.0,69,-126841176064.0,-0.0,0.0,0.0,0.0,0.0,0.0,0.0,0.0,0,0,0,0.0,0.0,0.0,0.0,0.0,0.0,0.0,0.0,0.0,0.0,0.0,0.0,0.0,0.0,0.0,0.0,0,-107875648.0,69,0.0,138,0.0,-109447200.0,0,13107,17040,39322,17049,13107,17043,0,0,0,70,68,100,2.7302359370752657e+23,71.2,2.7302370179391762e+23,74.3,-0.0,74.0,1,49,50,180,13107,0,0,0,0.0,0.0,0.0,0.0,-0.0,67.0,0.0,162057.094,0.0,752,0,740,0,0,0,721,0,768,0,736,0,743,0,742,0,712,0,7520,0.032,108447924224.0,0.0,0.0,784,16797,-0.0,162057.094,-114818.039,-0.0,0.133,6.909358625270745e+28,30.0,65.0,35,0.0,0.0,0.0,0.0,0.0,0.0,0.0,0.0,0.0,0.0,0.0,0.0,0.0,0.0,0.0,0.0,69.2,0,150,71,55,65476,0,300,0,1,8,20529,65476,0,0,40632,65.0,0.0,0.0,0.0,0.0,0.0
2026-09-04T20:03:28,ERR,ERR,ERR,ERR,ERR,ERR,ERR,ERR,ERR,ERR,ERR,ERR,ERR,ERR,ERR,ERR,ERR,ERR,ERR,ERR,ERR,ERR,ERR,ERR,ERR,ERR,ERR,ERR,ERR,ERR,ERR,ERR,ERR,ERR,ERR,ERR,ERR,ERR,ERR,ERR,ERR,ERR,ERR,ERR,ERR,ERR,ERR,ERR,ERR,ERR,ERR,ERR,ERR,ERR,ERR,ERR,ERR,ERR,ERR,ERR,ERR,ERR,ERR,ERR,ERR,ERR,ERR,ERR,ERR,ERR,ERR,ERR,ERR,ERR,ERR,ERR,ERR,ERR,ERR,ERR,ERR,ERR,ERR,ERR,ERR,ERR,ERR,ERR,ERR,ERR,ERR,ERR,ERR,ERR,ERR,ERR,ERR,ERR,ERR,ERR,ERR,ERR,ERR,ERR,ERR,ERR,ERR,ERR,ERR,ERR,ERR,ERR,ERR,ERR,ERR,ERR,ERR,ERR,ERR,ERR,ERR,ERR,ERR,ERR,ERR,2.718430741444032e+23,-0.0,-134479040.0,0.0,0.0,1.3936040501711995e+18,7.805,0.0,0,0,4,0,7116,0.0,100,0.0,0.0,0.0,0.0,0.0,0,0,0,0,0.0,0,0,0,0,0,0,0,0,0,0,0,0,0,0,0,0,0,0,0,0,0,0,0,0,0,0,0,0,0,0,0,0,0,31,40,40,71,65476,0,300,0,0,8,21553,0.0,-107605600.0,0.0,0.0,0.0,0.0,0.0,0.0,0.0,0.0,0.0,0.0,0.0,0.0,0.0,0.0,0.0,0.0,0.0,0.0,0.0,0.0,0.0,0.0,-2.004,0.0,0.0,0.0,0.0,0.0,6229.0,0.0,6918.0,2.718430741444032e+23,2.7184312818759872e+23,-0.0,2.718430741444032e+23,0.0,0.0,0.0,0.0,69,-126841176064.0,-0.0,0.0,0.0,0.0,0.0,0.0,0.0,0.0,0,0,0,0.0,0.0,0.0,0.0,0.0,0.0,0.0,0.0,0.0,0.0,0.0,0.0,0.0,0.0,0.0,0.0,0,-107875648.0,69,0.0,138,0.0,-109447200.0,0,13107,17040,39322,17049,13107,17043,0,0,0,70,68,100,2.7302359370752657e+23,71.2,2.7302370179391762e+23,74.3,-0.0,74.0,1,49,50,180,13107,0,0,0,0.0,0.0,0.0,0.0,-0.0,67.0,0.0,162057.094,0.0,752,0,740,0,0,0,721,0,768,0,736,0,743,0,742,0,712,0,7520,0.032,108447924224.0,0.0,0.0,784,16797,-0.0,162057.094,-114818.039,-0.0,0.133,6.909358625270745e+28,30.0,65.0,35,0.0,0.0,0.0,0.0,0.0,0.0,0.0,0.0,0.0,0.0,0.0,0.0,0.0,0.0,0.0,0.0,69.2,0,150,71,55,65476,0,300,0,1,8,20529,65476,0,0,40632,65.0,0.0,0.0,0.0,0.0,0.0
2026-09-04T20:03:29,ERR,ERR,ERR,ERR,ERR,ERR,ERR,ERR,ERR,ERR,ERR,ERR,ERR,ERR,ERR,ERR,ERR,ERR,ERR,ERR,ERR,ERR,ERR,ERR,ERR,ERR,ERR,ERR,ERR,ERR,ERR,ERR,ERR,ERR,ERR,ERR,ERR,ERR,ERR,ERR,ERR,ERR,ERR,ERR,ERR,ERR,ERR,ERR,ERR,ERR,ERR,ERR,ERR,ERR,ERR,ERR,ERR,ERR,ERR,ERR,ERR,ERR,ERR,ERR,ERR,ERR,ERR,ERR,ERR,ERR,ERR,ERR,ERR,ERR,ERR,ERR,ERR,ERR,ERR,ERR,ERR,ERR,ERR,ERR,ERR,ERR,ERR,ERR,ERR,ERR,ERR,ERR,ERR,ERR,ERR,ERR,ERR,ERR,ERR,ERR,ERR,ERR,ERR,ERR,ERR,ERR,ERR,ERR,ERR,ERR,ERR,ERR,ERR,ERR,ERR,ERR,ERR,ERR,ERR,ERR,ERR,ERR,ERR,ERR,ERR,2.718430741444032e+23,-0.0,-134479040.0,0.0,0.0,1.3936040501711995e+18,7.805,0.0,0,0,4,0,7116,0.0,100,0.0,0.0,0.0,0.0,0.0,0,0,0,0,0.0,0,0,0,0,0,0,0,0,0,0,0,0,0,0,0,0,0,0,0,0,0,0,0,0,0,0,0,0,0,0,0,0,0,31,40,40,71,65476,0,300,0,0,8,21553,0.0,-107605600.0,0.0,0.0,0.0,0.0,0.0,0.0,0.0,0.0,0.0,0.0,0.0,0.0,0.0,0.0,0.0,0.0,0.0,0.0,0.0,0.0,0.0,0.0,-2.004,0.0,0.0,0.0,0.0,0.0,6229.0,0.0,6918.0,2.718430741444032e+23,2.7184312818759872e+23,-0.0,2.718430741444032e+23,0.0,0.0,0.0,0.0,69,-126841176064.0,-0.0,0.0,0.0,0.0,0.0,0.0,0.0,0.0,0,0,0,0.0,0.0,0.0,0.0,0.0,0.0,0.0,0.0,0.0,0.0,0.0,0.0,0.0,0.0,0.0,0.0,0,-107875648.0,69,0.0,138,0.0,-109447200.0,0,13107,17040,39322,17049,13107,17043,0,0,0,70,68,100,2.7302359370752657e+23,71.2,2.7302370179391762e+23,74.3,-0.0,74.0,1,49,50,180,13107,0,0,0,0.0,0.0,0.0,0.0,-0.0,67.0,0.0,162057.094,0.0,752,0,740,0,0,0,721,0,768,0,736,0,743,0,742,0,712,0,7520,0.032,108447924224.0,0.0,0.0,784,16797,-0.0,162057.094,-114818.039,-0.0,0.133,6.909358625270745e+28,30.0,65.0,35,0.0,0.0,0.0,0.0,0.0,0.0,0.0,0.0,0.0,0.0,0.0,0.0,0.0,0.0,0.0,0.0,69.6,0,150,71,55,65476,0,300,0,1,8,20529,65476,0,0,40632,65.0,0.0,0.0,0.0,0.0,0.0
2026-09-04T20:03:30,ERR,ERR,ERR,ERR,ERR,ERR,ERR,ERR,ERR,ERR,ERR,ERR,ERR,ERR,ERR,ERR,ERR,ERR,ERR,ERR,ERR,ERR,ERR,ERR,ERR,ERR,ERR,ERR,ERR,ERR,ERR,ERR,ERR,ERR,ERR,ERR,ERR,ERR,ERR,ERR,ERR,ERR,ERR,ERR,ERR,ERR,ERR,ERR,ERR,ERR,ERR,ERR,ERR,ERR,ERR,ERR,ERR,ERR,ERR,ERR,ERR,ERR,ERR,ERR,ERR,ERR,ERR,ERR,ERR,ERR,ERR,ERR,ERR,ERR,ERR,ERR,ERR,ERR,ERR,ERR,ERR,ERR,ERR,ERR,ERR,ERR,ERR,ERR,ERR,ERR,ERR,ERR,ERR,ERR,ERR,ERR,ERR,ERR,ERR,ERR,ERR,ERR,ERR,ERR,ERR,ERR,ERR,ERR,ERR,ERR,ERR,ERR,ERR,ERR,ERR,ERR,ERR,ERR,ERR,ERR,ERR,ERR,ERR,ERR,ERR,2.718430741444032e+23,-0.0,-134479040.0,0.0,0.0,1.3936040501711995e+18,7.805,0.0,0,0,4,0,7116,0.0,100,0.0,0.0,0.0,0.0,0.0,0,0,0,0,0.0,0,0,0,0,0,0,0,0,0,0,0,0,0,0,0,0,0,0,0,0,0,0,0,0,0,0,0,0,0,0,0,0,0,31,40,40,71,65476,0,300,0,0,8,21553,0.0,-107605600.0,0.0,0.0,0.0,0.0,0.0,0.0,0.0,0.0,0.0,0.0,0.0,0.0,0.0,0.0,0.0,0.0,0.0,0.0,0.0,0.0,0.0,0.0,-2.004,0.0,0.0,0.0,0.0,0.0,6229.0,0.0,6918.0,2.718430741444032e+23,2.7184312818759872e+23,-0.0,2.718430741444032e+23,0.0,0.0,0.0,0.0,69,-126841176064.0,-0.0,0.0,0.0,0.0,0.0,0.0,0.0,0.0,0,0,0,0.0,0.0,0.0,0.0,0.0,0.0,0.0,0.0,0.0,0.0,0.0,0.0,0.0,0.0,0.0,0.0,0,-107875648.0,69,0.0,138,0.0,-109447200.0,0,13107,17040,39322,17049,13107,17043,0,0,0,70,68,100,2.7302359370752657e+23,71.2,2.7302370179391762e+23,74.3,-0.0,74.0,1,49,50,180,13107,0,0,0,0.0,0.0,0.0,0.0,-0.0,67.0,0.0,162057.094,0.0,752,0,740,0,0,0,721,0,768,0,736,0,743,0,742,0,712,0,7520,0.032,108447924224.0,0.0,0.0,784,16797,-0.0,162057.094,-114818.039,-0.0,0.133,6.909358625270745e+28,30.0,65.0,35,0.0,0.0,0.0,0.0,0.0,0.0,0.0,0.0,0.0,0.0,0.0,0.0,0.0,0.0,0.0,0.0,69.6,0,150,71,55,65476,0,300,0,1,8,20529,65476,0,0,40632,65.0,0.0,0.0,0.0,0.0,0.0
2026-09-04T20:03:31,ERR,ERR,ERR,ERR,ERR,ERR,ERR,ERR,ERR,ERR,ERR,ERR,ERR,ERR,ERR,ERR,ERR,ERR,ERR,ERR,ERR,ERR,ERR,ERR,ERR,ERR,ERR,ERR,ERR,ERR,ERR,ERR,ERR,ERR,ERR,ERR,ERR,ERR,ERR,ERR,ERR,ERR,ERR,ERR,ERR,ERR,ERR,ERR,ERR,ERR,ERR,ERR,ERR,ERR,ERR,ERR,ERR,ERR,ERR,ERR,ERR,ERR,ERR,ERR,ERR,ERR,ERR,ERR,ERR,ERR,ERR,ERR,ERR,ERR,ERR,ERR,ERR,ERR,ERR,ERR,ERR,ERR,ERR,ERR,ERR,ERR,ERR,ERR,ERR,ERR,ERR,ERR,ERR,ERR,ERR,ERR,ERR,ERR,ERR,ERR,ERR,ERR,ERR,ERR,ERR,ERR,ERR,ERR,ERR,ERR,ERR,ERR,ERR,ERR,ERR,ERR,ERR,ERR,ERR,ERR,ERR,ERR,ERR,ERR,ERR,2.718430741444032e+23,-0.0,-134479040.0,0.0,0.0,1.3936040501711995e+18,7.805,0.0,0,0,4,0,7116,0.0,100,0.0,0.0,0.0,0.0,0.0,0,0,0,0,0.0,0,0,0,0,0,0,0,0,0,0,0,0,0,0,0,0,0,0,0,0,0,0,0,0,0,0,0,0,0,0,0,0,0,31,40,40,71,65476,0,300,0,0,8,21553,0.0,-107605600.0,0.0,0.0,0.0,0.0,0.0,0.0,0.0,0.0,0.0,0.0,0.0,0.0,0.0,0.0,0.0,0.0,0.0,0.0,0.0,0.0,0.0,0.0,-2.004,0.0,0.0,0.0,0.0,0.0,6229.0,0.0,6918.0,2.718430741444032e+23,2.7184312818759872e+23,-0.0,2.718430741444032e+23,0.0,0.0,0.0,0.0,69,-126841176064.0,-0.0,0.0,0.0,0.0,0.0,0.0,0.0,0.0,0,0,0,0.0,0.0,0.0,0.0,0.0,0.0,0.0,0.0,0.0,0.0,0.0,0.0,0.0,0.0,0.0,0.0,0,-107875648.0,69,0.0,138,0.0,-109447200.0,0,13107,17040,39322,17049,13107,17043,0,0,0,70,68,100,2.7302359370752657e+23,71.2,2.7302370179391762e+23,74.3,-0.0,74.0,1,49,50,180,13107,0,0,0,0.0,0.0,0.0,0.0,-0.0,67.0,0.0,162057.094,0.0,752,0,740,0,0,0,721,0,768,0,736,0,743,0,742,0,712,0,7520,0.032,108447924224.0,0.0,0.0,784,16797,-0.0,162057.094,-114818.039,-0.0,0.133,6.909358625270745e+28,30.0,65.0,35,0.0,0.0,0.0,0.0,0.0,0.0,0.0,0.0,0.0,0.0,0.0,0.0,0.0,0.0,0.0,0.0,69.6,0,150,71,55,65476,0,300,0,1,8,20529,65476,0,0,40632,65.0,0.0,0.0,0.0,0.0,0.0
2026-09-04T20:03:32,ERR,ERR,ERR,ERR,ERR,ERR,ERR,ERR,ERR,ERR,ERR,ERR,ERR,ERR,ERR,ERR,ERR,ERR,ERR,ERR,ERR,ERR,ERR,ERR,ERR,ERR,ERR,ERR,ERR,ERR,ERR,ERR,ERR,ERR,ERR,ERR,ERR,ERR,ERR,ERR,ERR,ERR,ERR,ERR,ERR,ERR,ERR,ERR,ERR,ERR,ERR,ERR,ERR,ERR,ERR,ERR,ERR,ERR,ERR,ERR,ERR,ERR,ERR,ERR,ERR,ERR,ERR,ERR,ERR,ERR,ERR,ERR,ERR,ERR,ERR,ERR,ERR,ERR,ERR,ERR,ERR,ERR,ERR,ERR,ERR,ERR,ERR,ERR,ERR,ERR,ERR,ERR,ERR,ERR,ERR,ERR,ERR,ERR,ERR,ERR,ERR,ERR,ERR,ERR,ERR,ERR,ERR,ERR,ERR,ERR,ERR,ERR,ERR,ERR,ERR,ERR,ERR,ERR,ERR,ERR,ERR,ERR,ERR,ERR,ERR,2.718430741444032e+23,-0.0,-134479040.0,0.0,0.0,1.3936040501711995e+18,7.805,0.0,0,0,4,0,7116,0.0,100,0.0,0.0,0.0,0.0,0.0,0,0,0,0,0.0,0,0,0,0,0,0,0,0,0,0,0,0,0,0,0,0,0,0,0,0,0,0,0,0,0,0,0,0,0,0,0,0,0,31,40,40,71,65476,0,300,0,0,8,21553,0.0,-107605600.0,0.0,0.0,0.0,0.0,0.0,0.0,0.0,0.0,0.0,0.0,0.0,0.0,0.0,0.0,0.0,0.0,0.0,0.0,0.0,0.0,0.0,0.0,-2.004,0.0,0.0,0.0,0.0,0.0,6228.0,0.0,6914.0,2.718430741444032e+23,2.7184312818759872e+23,-0.0,2.718430741444032e+23,0.0,0.0,0.0,0.0,69,-126841176064.0,5.848074697918395e+35,0.0,0.0,0.0,0.0,0.0,0.0,0.0,0,0,0,0.0,0.0,0.0,0.0,0.0,0.0,0.0,0.0,0.0,0.0,0.0,0.0,0.0,0.0,0.0,0.0,0,-107875648.0,69,0.0,138,0.0,-109447200.0,0,13107,17040,39322,17049,13107,17043,0,0,0,70,68,100,2.7302359370752657e+23,71.2,2.7302370179391762e+23,74.3,-0.0,74.0,1,49,50,180,26215,0,0,0,0.0,0.0,0.0,0.0,-0.0,67.0,0.0,162057.094,0.0,751,0,740,0,0,0,721,0,768,0,736,0,743,0,742,0,712,0,7520,0.032,108447924224.0,0.0,0.0,784,16797,-0.0,162057.094,-114818.039,-0.0,0.133,6.909358625270745e+28,30.0,65.0,35,0.0,0.0,0.0,0.0,0.0,0.0,0.0,0.0,0.0,0.0,0.0,0.0,0.0,0.0,0.0,0.0,69.2,0,150,71,55,65476,0,300,0,1,8,20529,65476,0,0,40632,65.0,0.0,0.0,0.0,0.0,0.0
2026-09-04T20:03:33,ERR,ERR,ERR,ERR,ERR,ERR,ERR,ERR,ERR,ERR,ERR,ERR,ERR,ERR,ERR,ERR,ERR,ERR,ERR,ERR,ERR,ERR,ERR,ERR,ERR,ERR,ERR,ERR,ERR,ERR,ERR,ERR,ERR,ERR,ERR,ERR,ERR,ERR,ERR,ERR,ERR,ERR,ERR,ERR,ERR,ERR,ERR,ERR,ERR,ERR,ERR,ERR,ERR,ERR,ERR,ERR,ERR,ERR,ERR,ERR,ERR,ERR,ERR,ERR,ERR,ERR,ERR,ERR,ERR,ERR,ERR,ERR,ERR,ERR,ERR,ERR,ERR,ERR,ERR,ERR,ERR,ERR,ERR,ERR,ERR,ERR,ERR,ERR,ERR,ERR,ERR,ERR,ERR,ERR,ERR,ERR,ERR,ERR,ERR,ERR,ERR,ERR,ERR,ERR,ERR,ERR,ERR,ERR,ERR,ERR,ERR,ERR,ERR,ERR,ERR,ERR,ERR,ERR,ERR,ERR,ERR,ERR,ERR,ERR,ERR,2.718430741444032e+23,-0.0,-134479040.0,0.0,0.0,1.3936040501711995e+18,7.805,0.0,0,0,4,0,7116,0.0,100,0.0,0.0,0.0,0.0,0.0,0,0,0,0,0.0,0,0,0,0,0,0,0,0,0,0,0,0,0,0,0,0,0,0,0,0,0,0,0,0,0,0,0,0,0,0,0,0,0,31,40,40,71,65476,0,300,0,0,8,21553,0.0,-107605600.0,0.0,0.0,0.0,0.0,0.0,0.0,0.0,0.0,0.0,0.0,0.0,0.0,0.0,0.0,0.0,0.0,0.0,0.0,0.0,0.0,0.0,0.0,-2.004,0.0,0.0,0.0,0.0,0.0,6228.0,0.0,6914.0,2.718430741444032e+23,2.7184312818759872e+23,-0.0,2.718430741444032e+23,0.0,0.0,0.0,0.0,69,-126841176064.0,5.848074697918395e+35,0.0,0.0,0.0,0.0,0.0,0.0,0.0,0,0,0,0.0,0.0,0.0,0.0,0.0,0.0,0.0,0.0,0.0,0.0,0.0,0.0,0.0,0.0,0.0,0.0,0,-107875648.0,69,0.0,138,0.0,-109447200.0,0,13107,17040,39322,17049,13107,17043,0,0,0,70,68,100,2.7302359370752657e+23,71.2,2.7302370179391762e+23,74.3,-0.0,74.0,1,49,50,180,26215,0,0,0,0.0,0.0,0.0,0.0,-0.0,67.0,0.0,162057.094,0.0,751,0,740,0,0,0,721,0,768,0,736,0,743,0,742,0,712,0,7520,0.032,108447924224.0,0.0,0.0,784,16797,-0.0,162057.094,-114818.039,-0.0,0.133,6.909358625270745e+28,30.0,65.0,35,0.0,0.0,0.0,0.0,0.0,0.0,0.0,0.0,0.0,0.0,0.0,0.0,0.0,0.0,0.0,0.0,69.2,0,150,71,55,65476,0,300,0,1,8,20529,65476,0,0,40632,65.0,0.0,0.0,0.0,0.0,0.0
2026-09-04T20:03:34,ERR,ERR,ERR,ERR,ERR,ERR,ERR,ERR,ERR,ERR,ERR,ERR,ERR,ERR,ERR,ERR,ERR,ERR,ERR,ERR,ERR,ERR,ERR,ERR,ERR,ERR,ERR,ERR,ERR,ERR,ERR,ERR,ERR,ERR,ERR,ERR,ERR,ERR,ERR,ERR,ERR,ERR,ERR,ERR,ERR,ERR,ERR,ERR,ERR,ERR,ERR,ERR,ERR,ERR,ERR,ERR,ERR,ERR,ERR,ERR,ERR,ERR,ERR,ERR,ERR,ERR,ERR,ERR,ERR,ERR,ERR,ERR,ERR,ERR,ERR,ERR,ERR,ERR,ERR,ERR,ERR,ERR,ERR,ERR,ERR,ERR,ERR,ERR,ERR,ERR,ERR,ERR,ERR,ERR,ERR,ERR,ERR,ERR,ERR,ERR,ERR,ERR,ERR,ERR,ERR,ERR,ERR,ERR,ERR,ERR,ERR,ERR,ERR,ERR,ERR,ERR,ERR,ERR,ERR,ERR,ERR,ERR,ERR,ERR,ERR,2.718430741444032e+23,-0.0,-134479040.0,0.0,0.0,1.3936040501711995e+18,7.805,0.0,0,0,4,0,7116,0.0,100,0.0,0.0,0.0,0.0,0.0,0,0,0,0,0.0,0,0,0,0,0,0,0,0,0,0,0,0,0,0,0,0,0,0,0,0,0,0,0,0,0,0,0,0,0,0,0,0,0,31,40,40,71,65476,0,300,0,0,8,21553,0.0,-107605600.0,0.0,0.0,0.0,0.0,0.0,0.0,0.0,0.0,0.0,0.0,0.0,0.0,0.0,0.0,0.0,0.0,0.0,0.0,0.0,0.0,0.0,0.0,-2.004,0.0,0.0,0.0,0.0,0.0,6228.0,0.0,6914.0,2.718430741444032e+23,2.7184312818759872e+23,-0.0,2.718430741444032e+23,0.0,0.0,0.0,0.0,69,-126841176064.0,5.848074697918395e+35,0.0,0.0,0.0,0.0,0.0,0.0,0.0,0,0,0,0.0,0.0,0.0,0.0,0.0,0.0,0.0,0.0,0.0,0.0,0.0,0.0,0.0,0.0,0.0,0.0,0,-107875648.0,69,0.0,138,0.0,-109447200.0,0,13107,17040,39322,17049,13107,17043,0,0,0,70,68,100,2.7302359370752657e+23,71.2,2.7302370179391762e+23,74.3,-0.0,74.0,1,49,50,180,26215,0,0,0,0.0,0.0,0.0,0.0,-0.0,67.0,0.0,162057.094,0.0,751,0,740,0,0,0,721,0,768,0,736,0,743,0,742,0,712,0,7520,0.032,108447924224.0,0.0,0.0,784,16797,-0.0,162057.094,-114818.039,-0.0,0.133,6.909358625270745e+28,30.0,65.0,35,0.0,0.0,0.0,0.0,0.0,0.0,0.0,0.0,0.0,0.0,0.0,0.0,0.0,0.0,0.0,0.0,69.2,0,150,71,55,65476,0,300,0,1,8,20529,65476,0,0,40632,65.0,0.0,0.0,0.0,0.0,0.0
2026-09-04T20:03:35,ERR,ERR,ERR,ERR,ERR,ERR,ERR,ERR,ERR,ERR,ERR,ERR,ERR,ERR,ERR,ERR,ERR,ERR,ERR,ERR,ERR,ERR,ERR,ERR,ERR,ERR,ERR,ERR,ERR,ERR,ERR,ERR,ERR,ERR,ERR,ERR,ERR,ERR,ERR,ERR,ERR,ERR,ERR,ERR,ERR,ERR,ERR,ERR,ERR,ERR,ERR,ERR,ERR,ERR,ERR,ERR,ERR,ERR,ERR,ERR,ERR,ERR,ERR,ERR,ERR,ERR,ERR,ERR,ERR,ERR,ERR,ERR,ERR,ERR,ERR,ERR,ERR,ERR,ERR,ERR,ERR,ERR,ERR,ERR,ERR,ERR,ERR,ERR,ERR,ERR,ERR,ERR,ERR,ERR,ERR,ERR,ERR,ERR,ERR,ERR,ERR,ERR,ERR,ERR,ERR,ERR,ERR,ERR,ERR,ERR,ERR,ERR,ERR,ERR,ERR,ERR,ERR,ERR,ERR,ERR,ERR,ERR,ERR,ERR,ERR,2.718430741444032e+23,-0.0,-134479040.0,0.0,0.0,1.3936040501711995e+18,7.805,0.0,0,0,4,0,7116,0.0,100,0.0,0.0,0.0,0.0,0.0,0,0,0,0,0.0,0,0,0,0,0,0,0,0,0,0,0,0,0,0,0,0,0,0,0,0,0,0,0,0,0,0,0,0,0,0,0,0,0,31,40,40,71,65476,0,300,0,0,8,21553,0.0,-107605600.0,0.0,0.0,0.0,0.0,0.0,0.0,0.0,0.0,0.0,0.0,0.0,0.0,0.0,0.0,0.0,0.0,0.0,0.0,0.0,0.0,0.0,0.0,-2.004,0.0,0.0,0.0,0.0,0.0,6228.0,0.0,6914.0,2.718430741444032e+23,2.7184312818759872e+23,-0.0,2.718430741444032e+23,0.0,0.0,0.0,0.0,69,-126841176064.0,5.848074697918395e+35,0.0,0.0,0.0,0.0,0.0,0.0,0.0,0,0,0,0.0,0.0,0.0,0.0,0.0,0.0,0.0,0.0,0.0,0.0,0.0,0.0,0.0,0.0,0.0,0.0,0,-107875648.0,69,0.0,138,0.0,-109447200.0,0,13107,17040,39322,17049,13107,17043,0,0,0,70,68,100,2.7302359370752657e+23,71.2,2.7302370179391762e+23,74.3,-0.0,74.0,1,49,50,180,26215,0,0,0,0.0,0.0,0.0,0.0,-0.0,67.0,0.0,162057.094,0.0,751,0,740,0,0,0,721,0,768,0,736,0,743,0,742,0,712,0,7520,0.032,108447924224.0,0.0,0.0,784,16797,-0.0,162057.094,-114818.039,-0.0,0.133,6.909358625270745e+28,30.0,65.0,35,0.0,0.0,0.0,0.0,0.0,0.0,0.0,0.0,0.0,0.0,0.0,0.0,0.0,0.0,0.0,0.0,69.2,0,150,71,55,65476,0,300,0,1,8,20529,65476,0,0,40632,65.0,0.0,0.0,0.0,0.0,0.0
2026-09-04T20:03:36,ERR,ERR,ERR,ERR,ERR,ERR,ERR,ERR,ERR,ERR,ERR,ERR,ERR,ERR,ERR,ERR,ERR,ERR,ERR,ERR,ERR,ERR,ERR,ERR,ERR,ERR,ERR,ERR,ERR,ERR,ERR,ERR,ERR,ERR,ERR,ERR,ERR,ERR,ERR,ERR,ERR,ERR,ERR,ERR,ERR,ERR,ERR,ERR,ERR,ERR,ERR,ERR,ERR,ERR,ERR,ERR,ERR,ERR,ERR,ERR,ERR,ERR,ERR,ERR,ERR,ERR,ERR,ERR,ERR,ERR,ERR,ERR,ERR,ERR,ERR,ERR,ERR,ERR,ERR,ERR,ERR,ERR,ERR,ERR,ERR,ERR,ERR,ERR,ERR,ERR,ERR,ERR,ERR,ERR,ERR,ERR,ERR,ERR,ERR,ERR,ERR,ERR,ERR,ERR,ERR,ERR,ERR,ERR,ERR,ERR,ERR,ERR,ERR,ERR,ERR,ERR,ERR,ERR,ERR,ERR,ERR,ERR,ERR,ERR,ERR,2.718430741444032e+23,-0.0,-134479040.0,0.0,0.0,1.3936040501711995e+18,7.805,0.0,0,0,4,0,7116,0.0,100,0.0,0.0,0.0,0.0,0.0,0,0,0,0,0.0,0,0,0,0,0,0,0,0,0,0,0,0,0,0,0,0,0,0,0,0,0,0,0,0,0,0,0,0,0,0,0,0,0,31,40,40,71,65476,0,300,0,0,8,21553,0.0,-107605600.0,0.0,0.0,0.0,0.0,0.0,0.0,0.0,0.0,0.0,0.0,0.0,0.0,0.0,0.0,0.0,0.0,0.0,0.0,0.0,0.0,0.0,0.0,-2.004,0.0,0.0,0.0,0.0,0.0,6228.0,0.0,6914.0,2.718430741444032e+23,2.7184312818759872e+23,-0.0,2.718430741444032e+23,0.0,0.0,0.0,0.0,69,-126841176064.0,5.848074697918395e+35,0.0,0.0,0.0,0.0,0.0,0.0,0.0,0,0,0,0.0,0.0,0.0,0.0,0.0,0.0,0.0,0.0,0.0,0.0,0.0,0.0,0.0,0.0,0.0,0.0,0,-107875648.0,69,0.0,138,0.0,-109447200.0,0,13107,17040,39322,17049,13107,17043,0,0,0,70,68,100,2.7302359370752657e+23,71.2,2.7302370179391762e+23,74.3,-0.0,74.0,1,49,50,180,26215,0,0,0,0.0,0.0,0.0,0.0,-0.0,67.0,0.0,162057.094,0.0,751,0,740,0,0,0,721,0,768,0,736,0,743,0,742,0,712,0,7520,0.032,108447924224.0,0.0,0.0,784,16797,-0.0,162057.094,-114818.039,-0.0,0.133,6.909358625270745e+28,30.0,65.0,35,0.0,0.0,0.0,0.0,0.0,0.0,0.0,0.0,0.0,0.0,0.0,0.0,0.0,0.0,0.0,0.0,69.2,0,150,71,55,65476,0,300,0,1,8,20529,65476,0,0,40632,65.0,0.0,0.0,0.0,0.0,0.0
2026-09-04T20:03:37,ERR,ERR,ERR,ERR,ERR,ERR,ERR,ERR,ERR,ERR,ERR,ERR,ERR,ERR,ERR,ERR,ERR,ERR,ERR,ERR,ERR,ERR,ERR,ERR,ERR,ERR,ERR,ERR,ERR,ERR,ERR,ERR,ERR,ERR,ERR,ERR,ERR,ERR,ERR,ERR,ERR,ERR,ERR,ERR,ERR,ERR,ERR,ERR,ERR,ERR,ERR,ERR,ERR,ERR,ERR,ERR,ERR,ERR,ERR,ERR,ERR,ERR,ERR,ERR,ERR,ERR,ERR,ERR,ERR,ERR,ERR,ERR,ERR,ERR,ERR,ERR,ERR,ERR,ERR,ERR,ERR,ERR,ERR,ERR,ERR,ERR,ERR,ERR,ERR,ERR,ERR,ERR,ERR,ERR,ERR,ERR,ERR,ERR,ERR,ERR,ERR,ERR,ERR,ERR,ERR,ERR,ERR,ERR,ERR,ERR,ERR,ERR,ERR,ERR,ERR,ERR,ERR,ERR,ERR,ERR,ERR,ERR,ERR,ERR,ERR,2.718430741444032e+23,-0.0,-134479040.0,0.0,0.0,1.3936040501711995e+18,7.805,0.0,0,0,4,0,7116,0.0,100,0.0,0.0,0.0,0.0,0.0,0,0,0,0,0.0,0,0,0,0,0,0,0,0,0,0,0,0,0,0,0,0,0,0,0,0,0,0,0,0,0,0,0,0,0,0,0,0,0,31,40,40,71,65476,0,300,0,0,8,21553,0.0,-107605600.0,0.0,0.0,0.0,0.0,0.0,0.0,0.0,0.0,0.0,0.0,0.0,0.0,0.0,0.0,0.0,0.0,0.0,0.0,0.0,0.0,0.0,0.0,-2.004,0.0,0.0,0.0,0.0,0.0,6228.0,0.0,6914.0,2.718430741444032e+23,2.7184312818759872e+23,-0.0,2.718430741444032e+23,0.0,0.0,0.0,0.0,69,-126841176064.0,5.848074697918395e+35,0.0,0.0,0.0,0.0,0.0,0.0,0.0,0,0,0,0.0,0.0,0.0,0.0,0.0,0.0,0.0,0.0,0.0,0.0,0.0,0.0,0.0,0.0,0.0,0.0,0,-107875648.0,69,0.0,138,0.0,-109447200.0,0,13107,17040,39322,17049,13107,17043,0,0,0,70,68,100,2.7302359370752657e+23,71.2,2.7302370179391762e+23,74.3,-0.0,74.0,1,49,50,180,26215,0,0,0,0.0,0.0,0.0,0.0,-0.0,67.0,0.0,162057.094,0.0,751,0,740,0,0,0,721,0,768,0,736,0,743,0,742,0,712,0,7520,0.032,108447924224.0,0.0,0.0,784,16797,-0.0,162057.094,-114818.039,-0.0,0.133,6.909358625270745e+28,30.0,65.0,35,0.0,0.0,0.0,0.0,0.0,0.0,0.0,0.0,0.0,0.0,0.0,0.0,0.0,0.0,0.0,0.0,69.2,0,150,71,55,65476,0,300,0,1,8,20529,65476,0,0,40632,65.0,0.0,0.0,0.0,0.0,0.0
2026-09-04T20:03:38,ERR,ERR,ERR,ERR,ERR,ERR,ERR,ERR,ERR,ERR,ERR,ERR,ERR,ERR,ERR,ERR,ERR,ERR,ERR,ERR,ERR,ERR,ERR,ERR,ERR,ERR,ERR,ERR,ERR,ERR,ERR,ERR,ERR,ERR,ERR,ERR,ERR,ERR,ERR,ERR,ERR,ERR,ERR,ERR,ERR,ERR,ERR,ERR,ERR,ERR,ERR,ERR,ERR,ERR,ERR,ERR,ERR,ERR,ERR,ERR,ERR,ERR,ERR,ERR,ERR,ERR,ERR,ERR,ERR,ERR,ERR,ERR,ERR,ERR,ERR,ERR,ERR,ERR,ERR,ERR,ERR,ERR,ERR,ERR,ERR,ERR,ERR,ERR,ERR,ERR,ERR,ERR,ERR,ERR,ERR,ERR,ERR,ERR,ERR,ERR,ERR,ERR,ERR,ERR,ERR,ERR,ERR,ERR,ERR,ERR,ERR,ERR,ERR,ERR,ERR,ERR,ERR,ERR,ERR,ERR,ERR,ERR,ERR,ERR,ERR,2.718430741444032e+23,-0.0,-134479040.0,0.0,0.0,1.3936040501711995e+18,7.805,0.0,0,0,4,0,7116,0.0,100,0.0,0.0,0.0,0.0,0.0,0,0,0,0,0.0,0,0,0,0,0,0,0,0,0,0,0,0,0,0,0,0,0,0,0,0,0,0,0,0,0,0,0,0,0,0,0,0,0,31,40,40,71,65476,0,300,0,0,8,21553,0.0,-107605600.0,0.0,0.0,0.0,0.0,0.0,0.0,0.0,0.0,0.0,0.0,0.0,0.0,0.0,0.0,0.0,0.0,0.0,0.0,0.0,0.0,0.0,0.0,-2.004,0.0,0.0,0.0,0.0,0.0,6228.0,0.0,6914.0,2.718430741444032e+23,2.7184312818759872e+23,-0.0,2.718430741444032e+23,0.0,0.0,0.0,0.0,69,-126841176064.0,5.848074697918395e+35,0.0,0.0,0.0,0.0,0.0,0.0,0.0,0,0,0,0.0,0.0,0.0,0.0,0.0,0.0,0.0,0.0,0.0,0.0,0.0,0.0,0.0,0.0,0.0,0.0,0,-107875648.0,69,0.0,138,0.0,-109447200.0,0,13107,17040,39322,17049,13107,17043,0,0,0,70,68,100,2.7302359370752657e+23,71.1,0.0,74.3,-0.0,74.0,1,49,50,180,13107,0,0,0,0.0,0.0,0.0,0.0,-0.0,67.0,0.0,162057.094,0.0,752,0,740,0,0,0,721,0,768,0,736,0,743,0,742,0,712,0,7520,0.032,108447924224.0,0.0,0.0,784,16797,-0.0,162057.094,-114818.039,-0.0,0.133,6.909358625270745e+28,30.0,65.0,35,0.0,0.0,0.0,0.0,0.0,0.0,0.0,0.0,0.0,0.0,0.0,0.0,0.0,0.0,0.0,0.0,69.2,0,150,71,55,65476,0,300,0,1,8,20529,65476,0,0,40632,65.0,0.0,0.0,0.0,0.0,0.0
2026-09-04T20:03:39,ERR,ERR,ERR,ERR,ERR,ERR,ERR,ERR,ERR,ERR,ERR,ERR,ERR,ERR,ERR,ERR,ERR,ERR,ERR,ERR,ERR,ERR,ERR,ERR,ERR,ERR,ERR,ERR,ERR,ERR,ERR,ERR,ERR,ERR,ERR,ERR,ERR,ERR,ERR,ERR,ERR,ERR,ERR,ERR,ERR,ERR,ERR,ERR,ERR,ERR,ERR,ERR,ERR,ERR,ERR,ERR,ERR,ERR,ERR,ERR,ERR,ERR,ERR,ERR,ERR,ERR,ERR,ERR,ERR,ERR,ERR,ERR,ERR,ERR,ERR,ERR,ERR,ERR,ERR,ERR,ERR,ERR,ERR,ERR,ERR,ERR,ERR,ERR,ERR,ERR,ERR,ERR,ERR,ERR,ERR,ERR,ERR,ERR,ERR,ERR,ERR,ERR,ERR,ERR,ERR,ERR,ERR,ERR,ERR,ERR,ERR,ERR,ERR,ERR,ERR,ERR,ERR,ERR,ERR,ERR,ERR,ERR,ERR,ERR,ERR,2.718430741444032e+23,-0.0,-134479040.0,0.0,0.0,1.3936040501711995e+18,7.805,0.0,0,0,4,0,7116,0.0,100,0.0,0.0,0.0,0.0,0.0,0,0,0,0,0.0,0,0,0,0,0,0,0,0,0,0,0,0,0,0,0,0,0,0,0,0,0,0,0,0,0,0,0,0,0,0,0,0,0,31,40,40,71,65476,0,300,0,0,8,21553,0.0,-107605600.0,0.0,0.0,0.0,0.0,0.0,0.0,0.0,0.0,0.0,0.0,0.0,0.0,0.0,0.0,0.0,0.0,0.0,0.0,0.0,0.0,0.0,0.0,-2.004,0.0,0.0,0.0,0.0,0.0,6228.0,0.0,6914.0,2.718430741444032e+23,2.7184312818759872e+23,-0.0,2.718430741444032e+23,0.0,0.0,0.0,0.0,69,-126841176064.0,5.848074697918395e+35,0.0,0.0,0.0,0.0,0.0,0.0,0.0,0,0,0,0.0,0.0,0.0,0.0,0.0,0.0,0.0,0.0,0.0,0.0,0.0,0.0,0.0,0.0,0.0,0.0,0,-107875648.0,69,0.0,138,0.0,-109447200.0,0,13107,17040,39322,17049,13107,17043,0,0,0,70,68,100,2.7302359370752657e+23,71.1,0.0,74.3,-0.0,74.0,1,49,50,180,13107,0,0,0,0.0,0.0,0.0,0.0,-0.0,67.0,0.0,162057.094,0.0,752,0,740,0,0,0,721,0,768,0,736,0,743,0,742,0,712,0,7520,0.032,108447924224.0,0.0,0.0,784,16797,-0.0,162057.094,-114818.039,-0.0,0.133,6.909358625270745e+28,30.0,65.0,35,0.0,0.0,0.0,0.0,0.0,0.0,0.0,0.0,0.0,0.0,0.0,0.0,0.0,0.0,0.0,0.0,69.2,0,150,71,55,65476,0,300,0,1,8,20529,65476,0,0,40632,65.0,0.0,0.0,0.0,0.0,0.0
2026-09-04T20:03:40,ERR,ERR,ERR,ERR,ERR,ERR,ERR,ERR,ERR,ERR,ERR,ERR,ERR,ERR,ERR,ERR,ERR,ERR,ERR,ERR,ERR,ERR,ERR,ERR,ERR,ERR,ERR,ERR,ERR,ERR,ERR,ERR,ERR,ERR,ERR,ERR,ERR,ERR,ERR,ERR,ERR,ERR,ERR,ERR,ERR,ERR,ERR,ERR,ERR,ERR,ERR,ERR,ERR,ERR,ERR,ERR,ERR,ERR,ERR,ERR,ERR,ERR,ERR,ERR,ERR,ERR,ERR,ERR,ERR,ERR,ERR,ERR,ERR,ERR,ERR,ERR,ERR,ERR,ERR,ERR,ERR,ERR,ERR,ERR,ERR,ERR,ERR,ERR,ERR,ERR,ERR,ERR,ERR,ERR,ERR,ERR,ERR,ERR,ERR,ERR,ERR,ERR,ERR,ERR,ERR,ERR,ERR,ERR,ERR,ERR,ERR,ERR,ERR,ERR,ERR,ERR,ERR,ERR,ERR,ERR,ERR,ERR,ERR,ERR,ERR,2.718430741444032e+23,2.7184312818759872e+23,0.0,0.0,0.0,1.3936040501711995e+18,7.805,0.0,0,0,4,0,7116,0.0,100,0.0,0.0,0.0,0.0,0.0,0,0,0,0,0.0,0,0,0,0,0,0,0,0,0,0,0,0,0,0,0,0,0,0,0,0,0,0,0,0,0,0,0,0,0,0,0,0,0,31,40,40,71,65476,0,300,0,0,8,21553,0.0,-107605600.0,0.0,0.0,0.0,0.0,0.0,0.0,0.0,0.0,0.0,0.0,0.0,0.0,0.0,0.0,0.0,0.0,0.0,0.0,0.0,0.0,0.0,0.0,-2.004,0.0,0.0,0.0,0.0,0.0,6226.0,-0.0,6930.0,2.718430741444032e+23,2.7184312818759872e+23,-0.0,2.718430741444032e+23,0.0,0.0,0.0,0.0,69,-126841176064.0,0.0,0.0,0.0,0.0,0.0,0.0,0.0,0.0,0,0,0,0.0,0.0,0.0,0.0,0.0,0.0,0.0,0.0,0.0,0.0,0.0,0.0,0.0,0.0,0.0,0.0,0,-107875648.0,69,0.0,138,0.0,-109447200.0,0,13107,17040,39322,17049,13107,17043,0,0,0,70,68,100,2.7302359370752657e+23,71.1,0.0,74.3,-0.0,74.0,1,49,50,180,13107,0,0,0,0.0,0.0,0.0,0.0,-0.0,67.0,0.0,162057.094,0.0,752,0,740,0,0,0,721,0,768,0,736,0,743,0,742,0,712,0,7520,0.032,108447924224.0,0.0,0.0,784,16797,-0.0,162057.094,-114818.039,-0.0,0.133,6.909358625270745e+28,30.0,65.0,35,0.0,0.0,0.0,0.0,0.0,0.0,0.0,0.0,0.0,0.0,0.0,0.0,0.0,0.0,0.0,0.0,69.2,0,150,71,55,65476,0,300,0,1,8,20529,65476,0,0,40632,65.0,0.0,0.0,0.0,0.0,0.0
2026-09-04T20:03:41,ERR,ERR,ERR,ERR,ERR,ERR,ERR,ERR,ERR,ERR,ERR,ERR,ERR,ERR,ERR,ERR,ERR,ERR,ERR,ERR,ERR,ERR,ERR,ERR,ERR,ERR,ERR,ERR,ERR,ERR,ERR,ERR,ERR,ERR,ERR,ERR,ERR,ERR,ERR,ERR,ERR,ERR,ERR,ERR,ERR,ERR,ERR,ERR,ERR,ERR,ERR,ERR,ERR,ERR,ERR,ERR,ERR,ERR,ERR,ERR,ERR,ERR,ERR,ERR,ERR,ERR,ERR,ERR,ERR,ERR,ERR,ERR,ERR,ERR,ERR,ERR,ERR,ERR,ERR,ERR,ERR,ERR,ERR,ERR,ERR,ERR,ERR,ERR,ERR,ERR,ERR,ERR,ERR,ERR,ERR,ERR,ERR,ERR,ERR,ERR,ERR,ERR,ERR,ERR,ERR,ERR,ERR,ERR,ERR,ERR,ERR,ERR,ERR,ERR,ERR,ERR,ERR,ERR,ERR,ERR,ERR,ERR,ERR,ERR,ERR,2.718430741444032e+23,2.7184312818759872e+23,0.0,0.0,0.0,1.3936040501711995e+18,7.805,0.0,0,0,4,0,7116,0.0,100,0.0,0.0,0.0,0.0,0.0,0,0,0,0,0.0,0,0,0,0,0,0,0,0,0,0,0,0,0,0,0,0,0,0,0,0,0,0,0,0,0,0,0,0,0,0,0,0,0,31,40,40,71,65476,0,300,0,0,8,21553,0.0,-107605600.0,0.0,0.0,0.0,0.0,0.0,0.0,0.0,0.0,0.0,0.0,0.0,0.0,0.0,0.0,0.0,0.0,0.0,0.0,0.0,0.0,0.0,0.0,-2.004,0.0,0.0,0.0,0.0,0.0,6226.0,-0.0,6930.0,2.718430741444032e+23,2.7184312818759872e+23,-0.0,2.718430741444032e+23,0.0,0.0,0.0,0.0,69,-126841176064.0,0.0,0.0,0.0,0.0,0.0,0.0,0.0,0.0,0,0,0,0.0,0.0,0.0,0.0,0.0,0.0,0.0,0.0,0.0,0.0,0.0,0.0,0.0,0.0,0.0,0.0,0,-107875648.0,69,0.0,138,0.0,-109447200.0,0,13107,17040,39322,17049,13107,17043,0,0,0,70,68,100,2.7302359370752657e+23,71.1,0.0,74.3,-0.0,74.0,1,49,50,180,13107,0,0,0,0.0,0.0,0.0,0.0,-0.0,67.0,0.0,162057.094,0.0,752,0,740,0,0,0,721,0,768,0,736,0,743,0,742,0,712,0,7520,0.032,108447924224.0,0.0,0.0,784,16797,-0.0,162057.094,-114818.039,-0.0,0.133,6.909358625270745e+28,30.0,65.0,35,0.0,0.0,0.0,0.0,0.0,0.0,0.0,0.0,0.0,0.0,0.0,0.0,0.0,0.0,0.0,0.0,69.2,0,150,71,55,65476,0,300,0,1,8,20529,65476,0,0,40632,65.0,0.0,0.0,0.0,0.0,0.0
2026-09-04T20:03:42,ERR,ERR,ERR,ERR,ERR,ERR,ERR,ERR,ERR,ERR,ERR,ERR,ERR,ERR,ERR,ERR,ERR,ERR,ERR,ERR,ERR,ERR,ERR,ERR,ERR,ERR,ERR,ERR,ERR,ERR,ERR,ERR,ERR,ERR,ERR,ERR,ERR,ERR,ERR,ERR,ERR,ERR,ERR,ERR,ERR,ERR,ERR,ERR,ERR,ERR,ERR,ERR,ERR,ERR,ERR,ERR,ERR,ERR,ERR,ERR,ERR,ERR,ERR,ERR,ERR,ERR,ERR,ERR,ERR,ERR,ERR,ERR,ERR,ERR,ERR,ERR,ERR,ERR,ERR,ERR,ERR,ERR,ERR,ERR,ERR,ERR,ERR,ERR,ERR,ERR,ERR,ERR,ERR,ERR,ERR,ERR,ERR,ERR,ERR,ERR,ERR,ERR,ERR,ERR,ERR,ERR,ERR,ERR,ERR,ERR,ERR,ERR,ERR,ERR,ERR,ERR,ERR,ERR,ERR,ERR,ERR,ERR,ERR,ERR,ERR,2.718430741444032e+23,2.7184312818759872e+23,0.0,0.0,0.0,1.3936040501711995e+18,7.805,0.0,0,0,4,0,7116,0.0,100,0.0,0.0,0.0,0.0,0.0,0,0,0,0,0.0,0,0,0,0,0,0,0,0,0,0,0,0,0,0,0,0,0,0,0,0,0,0,0,0,0,0,0,0,0,0,0,0,0,31,40,40,71,65476,0,300,0,0,8,21553,0.0,-107605600.0,0.0,0.0,0.0,0.0,0.0,0.0,0.0,0.0,0.0,0.0,0.0,0.0,0.0,0.0,0.0,0.0,0.0,0.0,0.0,0.0,0.0,0.0,-2.004,0.0,0.0,0.0,0.0,0.0,6226.0,-0.0,6930.0,2.718430741444032e+23,2.7184312818759872e+23,-0.0,2.718430741444032e+23,0.0,0.0,0.0,0.0,69,-126841176064.0,0.0,0.0,0.0,0.0,0.0,0.0,0.0,0.0,0,0,0,0.0,0.0,0.0,0.0,0.0,0.0,0.0,0.0,0.0,0.0,0.0,0.0,0.0,0.0,0.0,0.0,0,-107875648.0,69,0.0,138,0.0,-109447200.0,0,13107,17040,39322,17049,13107,17043,0,0,0,70,68,100,2.7302359370752657e+23,71.1,0.0,74.3,-0.0,74.0,1,49,50,180,13107,0,0,0,0.0,0.0,0.0,0.0,-0.0,67.0,0.0,162057.094,0.0,752,0,740,0,0,0,721,0,768,0,736,0,743,0,742,0,712,0,7520,0.032,108447924224.0,0.0,0.0,784,16797,-0.0,162057.094,-114818.039,-0.0,0.133,6.909358625270745e+28,30.0,65.0,35,0.0,0.0,0.0,0.0,0.0,0.0,0.0,0.0,0.0,0.0,0.0,0.0,0.0,0.0,0.0,0.0,69.6,0,150,71,55,65476,0,300,0,1,8,20529,65476,0,0,40632,65.0,0.0,0.0,0.0,0.0,0.0
2026-09-04T20:03:43,ERR,ERR,ERR,ERR,ERR,ERR,ERR,ERR,ERR,ERR,ERR,ERR,ERR,ERR,ERR,ERR,ERR,ERR,ERR,ERR,ERR,ERR,ERR,ERR,ERR,ERR,ERR,ERR,ERR,ERR,ERR,ERR,ERR,ERR,ERR,ERR,ERR,ERR,ERR,ERR,ERR,ERR,ERR,ERR,ERR,ERR,ERR,ERR,ERR,ERR,ERR,ERR,ERR,ERR,ERR,ERR,ERR,ERR,ERR,ERR,ERR,ERR,ERR,ERR,ERR,ERR,ERR,ERR,ERR,ERR,ERR,ERR,ERR,ERR,ERR,ERR,ERR,ERR,ERR,ERR,ERR,ERR,ERR,ERR,ERR,ERR,ERR,ERR,ERR,ERR,ERR,ERR,ERR,ERR,ERR,ERR,ERR,ERR,ERR,ERR,ERR,ERR,ERR,ERR,ERR,ERR,ERR,ERR,ERR,ERR,ERR,ERR,ERR,ERR,ERR,ERR,ERR,ERR,ERR,ERR,ERR,ERR,ERR,ERR,ERR,2.718430741444032e+23,2.7184312818759872e+23,0.0,0.0,0.0,1.3936040501711995e+18,7.805,0.0,0,0,4,0,7116,0.0,100,0.0,0.0,0.0,0.0,0.0,0,0,0,0,0.0,0,0,0,0,0,0,0,0,0,0,0,0,0,0,0,0,0,0,0,0,0,0,0,0,0,0,0,0,0,0,0,0,0,31,40,40,71,65476,0,300,0,0,8,21553,0.0,-107605600.0,0.0,0.0,0.0,0.0,0.0,0.0,0.0,0.0,0.0,0.0,0.0,0.0,0.0,0.0,0.0,0.0,0.0,0.0,0.0,0.0,0.0,0.0,-2.004,0.0,0.0,0.0,0.0,0.0,6226.0,-0.0,6930.0,2.718430741444032e+23,2.7184312818759872e+23,-0.0,2.718430741444032e+23,0.0,0.0,0.0,0.0,69,-126841176064.0,0.0,0.0,0.0,0.0,0.0,0.0,0.0,0.0,0,0,0,0.0,0.0,0.0,0.0,0.0,0.0,0.0,0.0,0.0,0.0,0.0,0.0,0.0,0.0,0.0,0.0,0,-107875648.0,69,0.0,138,0.0,-109447200.0,0,13107,17040,39322,17049,26215,17043,0,0,0,70,68,100,2.7302359370752657e+23,71.2,2.7302370179391762e+23,74.3,-0.0,74.0,1,49,50,180,13107,0,0,0,0.0,0.0,0.0,0.0,-0.0,67.0,0.0,162057.094,0.0,751,0,740,0,0,0,721,0,768,0,736,0,742,0,742,0,712,0,7520,0.032,108447924224.0,0.0,0.0,784,16797,-0.0,162057.094,-114818.039,-0.0,0.133,6.909358625270745e+28,30.0,65.0,35,0.0,0.0,0.0,0.0,0.0,0.0,0.0,0.0,0.0,0.0,0.0,0.0,0.0,0.0,0.0,0.0,69.6,0,150,71,55,65476,0,300,0,1,8,20529,65476,0,0,40632,65.0,0.0,0.0,0.0,0.0,0.0
2026-09-04T20:03:44,ERR,ERR,ERR,ERR,ERR,ERR,ERR,ERR,ERR,ERR,ERR,ERR,ERR,ERR,ERR,ERR,ERR,ERR,ERR,ERR,ERR,ERR,ERR,ERR,ERR,ERR,ERR,ERR,ERR,ERR,ERR,ERR,ERR,ERR,ERR,ERR,ERR,ERR,ERR,ERR,ERR,ERR,ERR,ERR,ERR,ERR,ERR,ERR,ERR,ERR,ERR,ERR,ERR,ERR,ERR,ERR,ERR,ERR,ERR,ERR,ERR,ERR,ERR,ERR,ERR,ERR,ERR,ERR,ERR,ERR,ERR,ERR,ERR,ERR,ERR,ERR,ERR,ERR,ERR,ERR,ERR,ERR,ERR,ERR,ERR,ERR,ERR,ERR,ERR,ERR,ERR,ERR,ERR,ERR,ERR,ERR,ERR,ERR,ERR,ERR,ERR,ERR,ERR,ERR,ERR,ERR,ERR,ERR,ERR,ERR,ERR,ERR,ERR,ERR,ERR,ERR,ERR,ERR,ERR,ERR,ERR,ERR,ERR,ERR,ERR,2.718430741444032e+23,2.7184312818759872e+23,0.0,0.0,0.0,1.3936040501711995e+18,7.805,0.0,0,0,4,0,7116,0.0,100,0.0,0.0,0.0,0.0,0.0,0,0,0,0,0.0,0,0,0,0,0,0,0,0,0,0,0,0,0,0,0,0,0,0,0,0,0,0,0,0,0,0,0,0,0,0,0,0,0,31,40,40,71,65476,0,300,0,0,8,21553,0.0,-107605600.0,0.0,0.0,0.0,0.0,0.0,0.0,0.0,0.0,0.0,0.0,0.0,0.0,0.0,0.0,0.0,0.0,0.0,0.0,0.0,0.0,0.0,0.0,-2.004,0.0,0.0,0.0,0.0,0.0,6226.0,-0.0,6930.0,2.718430741444032e+23,2.7184312818759872e+23,-0.0,2.718430741444032e+23,0.0,0.0,0.0,0.0,69,-126841176064.0,0.0,0.0,0.0,0.0,0.0,0.0,0.0,0.0,0,0,0,0.0,0.0,0.0,0.0,0.0,0.0,0.0,0.0,0.0,0.0,0.0,0.0,0.0,0.0,0.0,0.0,0,-107875648.0,69,0.0,138,0.0,-109447200.0,0,13107,17040,39322,17049,26215,17043,0,0,0,70,68,100,2.7302359370752657e+23,71.2,2.7302370179391762e+23,74.3,-0.0,74.0,1,49,50,180,13107,0,0,0,0.0,0.0,0.0,0.0,-0.0,67.0,0.0,162057.094,0.0,751,0,740,0,0,0,721,0,768,0,736,0,742,0,742,0,712,0,7520,0.032,108447924224.0,0.0,0.0,784,16797,-0.0,162057.094,-114818.039,-0.0,0.133,6.909358625270745e+28,30.0,65.0,35,0.0,0.0,0.0,0.0,0.0,0.0,0.0,0.0,0.0,0.0,0.0,0.0,0.0,0.0,0.0,0.0,69.2,0,150,71,55,65476,0,300,0,1,8,20529,65476,0,0,40632,65.0,0.0,0.0,0.0,0.0,0.0
2026-09-04T20:03:45,ERR,ERR,ERR,ERR,ERR,ERR,ERR,ERR,ERR,ERR,ERR,ERR,ERR,ERR,ERR,ERR,ERR,ERR,ERR,ERR,ERR,ERR,ERR,ERR,ERR,ERR,ERR,ERR,ERR,ERR,ERR,ERR,ERR,ERR,ERR,ERR,ERR,ERR,ERR,ERR,ERR,ERR,ERR,ERR,ERR,ERR,ERR,ERR,ERR,ERR,ERR,ERR,ERR,ERR,ERR,ERR,ERR,ERR,ERR,ERR,ERR,ERR,ERR,ERR,ERR,ERR,ERR,ERR,ERR,ERR,ERR,ERR,ERR,ERR,ERR,ERR,ERR,ERR,ERR,ERR,ERR,ERR,ERR,ERR,ERR,ERR,ERR,ERR,ERR,ERR,ERR,ERR,ERR,ERR,ERR,ERR,ERR,ERR,ERR,ERR,ERR,ERR,ERR,ERR,ERR,ERR,ERR,ERR,ERR,ERR,ERR,ERR,ERR,ERR,ERR,ERR,ERR,ERR,ERR,ERR,ERR,ERR,ERR,ERR,ERR,2.718430741444032e+23,2.7184312818759872e+23,0.0,0.0,0.0,1.3936040501711995e+18,7.805,0.0,0,0,4,0,7116,0.0,100,0.0,0.0,0.0,0.0,0.0,0,0,0,0,0.0,0,0,0,0,0,0,0,0,0,0,0,0,0,0,0,0,0,0,0,0,0,0,0,0,0,0,0,0,0,0,0,0,0,31,40,40,71,65476,0,300,0,0,8,21553,0.0,-107605600.0,0.0,0.0,0.0,0.0,0.0,0.0,0.0,0.0,0.0,0.0,0.0,0.0,0.0,0.0,0.0,0.0,0.0,0.0,0.0,0.0,0.0,0.0,-2.004,0.0,0.0,0.0,0.0,0.0,6226.0,-0.0,6930.0,2.718430741444032e+23,2.7184312818759872e+23,-0.0,2.718430741444032e+23,0.0,0.0,0.0,0.0,69,-126841176064.0,0.0,0.0,0.0,0.0,0.0,0.0,0.0,0.0,0,0,0,0.0,0.0,0.0,0.0,0.0,0.0,0.0,0.0,0.0,0.0,0.0,0.0,0.0,0.0,0.0,0.0,0,-107875648.0,69,0.0,138,0.0,-109447200.0,0,13107,17040,39322,17049,26215,17043,0,0,0,70,68,100,2.7302359370752657e+23,71.2,2.7302370179391762e+23,74.3,-0.0,74.0,1,49,50,180,13107,0,0,0,0.0,0.0,0.0,0.0,-0.0,67.0,0.0,162057.094,0.0,751,0,740,0,0,0,721,0,768,0,736,0,742,0,742,0,712,0,7520,0.032,108447924224.0,0.0,0.0,784,16797,-0.0,162057.094,-114818.039,-0.0,0.133,6.909358625270745e+28,30.0,65.0,35,0.0,0.0,0.0,0.0,0.0,0.0,0.0,0.0,0.0,0.0,0.0,0.0,0.0,0.0,0.0,0.0,69.2,0,150,71,55,65476,0,300,0,1,8,20529,65476,0,0,40632,65.0,0.0,0.0,0.0,0.0,0.0
2026-09-04T20:03:46,ERR,ERR,ERR,ERR,ERR,ERR,ERR,ERR,ERR,ERR,ERR,ERR,ERR,ERR,ERR,ERR,ERR,ERR,ERR,ERR,ERR,ERR,ERR,ERR,ERR,ERR,ERR,ERR,ERR,ERR,ERR,ERR,ERR,ERR,ERR,ERR,ERR,ERR,ERR,ERR,ERR,ERR,ERR,ERR,ERR,ERR,ERR,ERR,ERR,ERR,ERR,ERR,ERR,ERR,ERR,ERR,ERR,ERR,ERR,ERR,ERR,ERR,ERR,ERR,ERR,ERR,ERR,ERR,ERR,ERR,ERR,ERR,ERR,ERR,ERR,ERR,ERR,ERR,ERR,ERR,ERR,ERR,ERR,ERR,ERR,ERR,ERR,ERR,ERR,ERR,ERR,ERR,ERR,ERR,ERR,ERR,ERR,ERR,ERR,ERR,ERR,ERR,ERR,ERR,ERR,ERR,ERR,ERR,ERR,ERR,ERR,ERR,ERR,ERR,ERR,ERR,ERR,ERR,ERR,ERR,ERR,ERR,ERR,ERR,ERR,2.718430741444032e+23,2.7184312818759872e+23,0.0,0.0,0.0,1.3936040501711995e+18,7.805,0.0,0,0,4,0,7116,0.0,100,0.0,0.0,0.0,0.0,0.0,0,0,0,0,0.0,0,0,0,0,0,0,0,0,0,0,0,0,0,0,0,0,0,0,0,0,0,0,0,0,0,0,0,0,0,0,0,0,0,31,40,40,71,65476,0,300,0,0,8,21553,0.0,-107605600.0,0.0,0.0,0.0,0.0,0.0,0.0,0.0,0.0,0.0,0.0,0.0,0.0,0.0,0.0,0.0,0.0,0.0,0.0,0.0,0.0,0.0,0.0,-2.004,0.0,0.0,0.0,0.0,0.0,6226.0,-0.0,6930.0,2.718430741444032e+23,2.7184312818759872e+23,-0.0,2.718430741444032e+23,0.0,0.0,0.0,0.0,69,-126841176064.0,0.0,0.0,0.0,0.0,0.0,0.0,0.0,0.0,0,0,0,0.0,0.0,0.0,0.0,0.0,0.0,0.0,0.0,0.0,0.0,0.0,0.0,0.0,0.0,0.0,0.0,0,-107875648.0,69,0.0,138,0.0,-109447200.0,0,13107,17040,39322,17049,26215,17043,0,0,0,70,68,100,2.7302359370752657e+23,71.2,2.7302370179391762e+23,74.3,-0.0,74.0,1,49,50,180,13107,0,0,0,0.0,0.0,0.0,0.0,-0.0,67.0,0.0,162057.094,0.0,751,0,740,0,0,0,721,0,768,0,736,0,742,0,742,0,712,0,7520,0.032,108447924224.0,0.0,0.0,784,16797,-0.0,162057.094,-114818.039,-0.0,0.133,6.909358625270745e+28,30.0,65.0,35,0.0,0.0,0.0,0.0,0.0,0.0,0.0,0.0,0.0,0.0,0.0,0.0,0.0,0.0,0.0,0.0,69.2,0,150,71,55,65476,0,300,0,1,8,20529,65476,0,0,40632,65.0,0.0,0.0,0.0,0.0,0.0
2026-09-04T20:03:47,ERR,ERR,ERR,ERR,ERR,ERR,ERR,ERR,ERR,ERR,ERR,ERR,ERR,ERR,ERR,ERR,ERR,ERR,ERR,ERR,ERR,ERR,ERR,ERR,ERR,ERR,ERR,ERR,ERR,ERR,ERR,ERR,ERR,ERR,ERR,ERR,ERR,ERR,ERR,ERR,ERR,ERR,ERR,ERR,ERR,ERR,ERR,ERR,ERR,ERR,ERR,ERR,ERR,ERR,ERR,ERR,ERR,ERR,ERR,ERR,ERR,ERR,ERR,ERR,ERR,ERR,ERR,ERR,ERR,ERR,ERR,ERR,ERR,ERR,ERR,ERR,ERR,ERR,ERR,ERR,ERR,ERR,ERR,ERR,ERR,ERR,ERR,ERR,ERR,ERR,ERR,ERR,ERR,ERR,ERR,ERR,ERR,ERR,ERR,ERR,ERR,ERR,ERR,ERR,ERR,ERR,ERR,ERR,ERR,ERR,ERR,ERR,ERR,ERR,ERR,ERR,ERR,ERR,ERR,ERR,ERR,ERR,ERR,ERR,ERR,2.718430741444032e+23,-0.0,-134479040.0,0.0,0.0,1.3936040501711995e+18,7.805,0.0,0,0,4,0,7116,0.0,100,0.0,0.0,0.0,0.0,0.0,0,0,0,0,0.0,0,0,0,0,0,0,0,0,0,0,0,0,0,0,0,0,0,0,0,0,0,0,0,0,0,0,0,0,0,0,0,0,0,31,40,40,71,65476,0,300,0,0,8,21553,0.0,-107605600.0,0.0,0.0,0.0,0.0,0.0,0.0,0.0,0.0,0.0,0.0,0.0,0.0,0.0,0.0,0.0,0.0,0.0,0.0,0.0,0.0,0.0,0.0,-2.004,0.0,0.0,0.0,0.0,0.0,6226.0,-0.0,6933.0,2.718430741444032e+23,-0.0,-0.0,2.718430741444032e+23,0.0,0.0,0.0,0.0,69,-71.63,0.0,0.0,0.0,0.0,0.0,0.0,0.0,0.0,0,0,0,0.0,0.0,0.0,0.0,0.0,0.0,0.0,0.0,0.0,0.0,0.0,0.0,0.0,0.0,0.0,0.0,0,-107875648.0,69,0.0,138,0.0,-109447200.0,0,13107,17040,39322,17049,26215,17043,0,0,0,70,68,100,2.7302359370752657e+23,71.2,2.7302370179391762e+23,74.3,-0.0,74.0,1,49,50,180,13107,0,0,0,0.0,0.0,0.0,0.0,-0.0,67.0,0.0,162057.094,0.0,751,0,740,0,0,0,721,0,768,0,736,0,742,0,742,0,712,0,7520,0.032,108447924224.0,0.0,0.0,784,16797,-0.0,162057.094,-114818.039,-0.0,0.133,6.909358625270745e+28,30.0,65.0,35,0.0,0.0,0.0,0.0,0.0,0.0,0.0,0.0,0.0,0.0,0.0,0.0,0.0,0.0,0.0,0.0,69.6,0,150,71,55,65476,0,300,0,1,8,20529,65476,0,0,40632,65.0,0.0,0.0,0.0,0.0,0.0
2026-09-04T20:03:48,ERR,ERR,ERR,ERR,ERR,ERR,ERR,ERR,ERR,ERR,ERR,ERR,ERR,ERR,ERR,ERR,ERR,ERR,ERR,ERR,ERR,ERR,ERR,ERR,ERR,ERR,ERR,ERR,ERR,ERR,ERR,ERR,ERR,ERR,ERR,ERR,ERR,ERR,ERR,ERR,ERR,ERR,ERR,ERR,ERR,ERR,ERR,ERR,ERR,ERR,ERR,ERR,ERR,ERR,ERR,ERR,ERR,ERR,ERR,ERR,ERR,ERR,ERR,ERR,ERR,ERR,ERR,ERR,ERR,ERR,ERR,ERR,ERR,ERR,ERR,ERR,ERR,ERR,ERR,ERR,ERR,ERR,ERR,ERR,ERR,ERR,ERR,ERR,ERR,ERR,ERR,ERR,ERR,ERR,ERR,ERR,ERR,ERR,ERR,ERR,ERR,ERR,ERR,ERR,ERR,ERR,ERR,ERR,ERR,ERR,ERR,ERR,ERR,ERR,ERR,ERR,ERR,ERR,ERR,ERR,ERR,ERR,ERR,ERR,ERR,2.718430741444032e+23,-0.0,-134479040.0,0.0,0.0,1.3936040501711995e+18,7.805,0.0,0,0,4,0,7116,0.0,100,0.0,0.0,0.0,0.0,0.0,0,0,0,0,0.0,0,0,0,0,0,0,0,0,0,0,0,0,0,0,0,0,0,0,0,0,0,0,0,0,0,0,0,0,0,0,0,0,0,31,40,40,71,65476,0,300,0,0,8,21553,0.0,-107605600.0,0.0,0.0,0.0,0.0,0.0,0.0,0.0,0.0,0.0,0.0,0.0,0.0,0.0,0.0,0.0,0.0,0.0,0.0,0.0,0.0,0.0,0.0,-2.004,0.0,0.0,0.0,0.0,0.0,6226.0,-0.0,6933.0,2.718430741444032e+23,-0.0,-0.0,2.718430741444032e+23,0.0,0.0,0.0,0.0,69,-71.63,0.0,0.0,0.0,0.0,0.0,0.0,0.0,0.0,0,0,0,0.0,0.0,0.0,0.0,0.0,0.0,0.0,0.0,0.0,0.0,0.0,0.0,0.0,0.0,0.0,0.0,0,-107875648.0,69,0.0,138,0.0,-109447200.0,0,13107,17040,39322,17049,26215,17043,0,0,0,70,68,100,2.7302359370752657e+23,71.2,2.7302370179391762e+23,74.3,-0.0,74.0,1,49,50,180,13107,0,0,0,0.0,0.0,0.0,0.0,-0.0,67.0,0.0,162057.094,0.0,751,0,740,0,0,0,721,0,768,0,736,0,742,0,742,0,712,0,7520,0.032,108447924224.0,0.0,0.0,784,16797,-0.0,162057.094,-114818.039,-0.0,0.133,6.909358625270745e+28,30.0,65.0,35,0.0,0.0,0.0,0.0,0.0,0.0,0.0,0.0,0.0,0.0,0.0,0.0,0.0,0.0,0.0,0.0,69.6,0,150,71,55,65476,0,300,0,1,8,20529,65476,0,0,40632,65.0,0.0,0.0,0.0,0.0,0.0
2026-09-04T20:03:49,ERR,ERR,ERR,ERR,ERR,ERR,ERR,ERR,ERR,ERR,ERR,ERR,ERR,ERR,ERR,ERR,ERR,ERR,ERR,ERR,ERR,ERR,ERR,ERR,ERR,ERR,ERR,ERR,ERR,ERR,ERR,ERR,ERR,ERR,ERR,ERR,ERR,ERR,ERR,ERR,ERR,ERR,ERR,ERR,ERR,ERR,ERR,ERR,ERR,ERR,ERR,ERR,ERR,ERR,ERR,ERR,ERR,ERR,ERR,ERR,ERR,ERR,ERR,ERR,ERR,ERR,ERR,ERR,ERR,ERR,ERR,ERR,ERR,ERR,ERR,ERR,ERR,ERR,ERR,ERR,ERR,ERR,ERR,ERR,ERR,ERR,ERR,ERR,ERR,ERR,ERR,ERR,ERR,ERR,ERR,ERR,ERR,ERR,ERR,ERR,ERR,ERR,ERR,ERR,ERR,ERR,ERR,ERR,ERR,ERR,ERR,ERR,ERR,ERR,ERR,ERR,ERR,ERR,ERR,ERR,ERR,ERR,ERR,ERR,ERR,2.718430741444032e+23,-0.0,-134479040.0,0.0,0.0,1.3936040501711995e+18,7.805,0.0,0,0,4,0,7116,0.0,100,0.0,0.0,0.0,0.0,0.0,0,0,0,0,0.0,0,0,0,0,0,0,0,0,0,0,0,0,0,0,0,0,0,0,0,0,0,0,0,0,0,0,0,0,0,0,0,0,0,31,40,40,71,65476,0,300,0,0,8,21553,0.0,-107605600.0,0.0,0.0,0.0,0.0,0.0,0.0,0.0,0.0,0.0,0.0,0.0,0.0,0.0,0.0,0.0,0.0,0.0,0.0,0.0,0.0,0.0,0.0,-2.004,0.0,0.0,0.0,0.0,0.0,6226.0,-0.0,6933.0,2.718430741444032e+23,-0.0,-0.0,2.718430741444032e+23,0.0,0.0,0.0,0.0,69,-71.63,0.0,0.0,0.0,0.0,0.0,0.0,0.0,0.0,0,0,0,0.0,0.0,0.0,0.0,0.0,0.0,0.0,0.0,0.0,0.0,0.0,0.0,0.0,0.0,0.0,0.0,0,-107875648.0,69,0.0,138,0.0,-109447200.0,0,13107,17040,39322,17049,13107,17043,0,0,0,70,68,100,2.7302359370752657e+23,71.2,2.7302370179391762e+23,74.3,2.7302370179391762e+23,74.0,1,49,50,180,13107,0,0,0,0.0,0.0,0.0,0.0,-0.0,67.0,0.0,162057.094,0.0,751,0,740,0,0,0,721,0,768,0,736,0,743,0,741,0,712,0,7520,0.032,108447924224.0,0.0,0.0,784,16797,-0.0,162057.094,-114818.039,-0.0,0.133,6.909358625270745e+28,30.0,65.0,35,0.0,0.0,0.0,0.0,0.0,0.0,0.0,0.0,0.0,0.0,0.0,0.0,0.0,0.0,0.0,0.0,69.6,0,150,71,55,65476,0,300,0,1,8,20529,65476,0,0,40632,65.0,0.0,0.0,0.0,0.0,0.0
2026-09-04T20:03:50,ERR,ERR,ERR,ERR,ERR,ERR,ERR,ERR,ERR,ERR,ERR,ERR,ERR,ERR,ERR,ERR,ERR,ERR,ERR,ERR,ERR,ERR,ERR,ERR,ERR,ERR,ERR,ERR,ERR,ERR,ERR,ERR,ERR,ERR,ERR,ERR,ERR,ERR,ERR,ERR,ERR,ERR,ERR,ERR,ERR,ERR,ERR,ERR,ERR,ERR,ERR,ERR,ERR,ERR,ERR,ERR,ERR,ERR,ERR,ERR,ERR,ERR,ERR,ERR,ERR,ERR,ERR,ERR,ERR,ERR,ERR,ERR,ERR,ERR,ERR,ERR,ERR,ERR,ERR,ERR,ERR,ERR,ERR,ERR,ERR,ERR,ERR,ERR,ERR,ERR,ERR,ERR,ERR,ERR,ERR,ERR,ERR,ERR,ERR,ERR,ERR,ERR,ERR,ERR,ERR,ERR,ERR,ERR,ERR,ERR,ERR,ERR,ERR,ERR,ERR,ERR,ERR,ERR,ERR,ERR,ERR,ERR,ERR,ERR,ERR,2.718430741444032e+23,-0.0,-134479040.0,0.0,0.0,1.3936040501711995e+18,7.805,0.0,0,0,4,0,7116,0.0,100,0.0,0.0,0.0,0.0,0.0,0,0,0,0,0.0,0,0,0,0,0,0,0,0,0,0,0,0,0,0,0,0,0,0,0,0,0,0,0,0,0,0,0,0,0,0,0,0,0,31,40,40,71,65476,0,300,0,0,8,21553,0.0,-107605600.0,0.0,0.0,0.0,0.0,0.0,0.0,0.0,0.0,0.0,0.0,0.0,0.0,0.0,0.0,0.0,0.0,0.0,0.0,0.0,0.0,0.0,0.0,-2.004,0.0,0.0,0.0,0.0,0.0,6226.0,-0.0,6933.0,2.718430741444032e+23,-0.0,-0.0,2.718430741444032e+23,0.0,0.0,0.0,0.0,69,-71.63,0.0,0.0,0.0,0.0,0.0,0.0,0.0,0.0,0,0,0,0.0,0.0,0.0,0.0,0.0,0.0,0.0,0.0,0.0,0.0,0.0,0.0,0.0,0.0,0.0,0.0,0,-107875648.0,69,0.0,138,0.0,-109447200.0,0,13107,17040,39322,17049,13107,17043,0,0,0,70,68,100,2.7302359370752657e+23,71.2,2.7302370179391762e+23,74.3,2.7302370179391762e+23,74.0,1,49,50,180,13107,0,0,0,0.0,0.0,0.0,0.0,-0.0,67.0,0.0,162057.094,0.0,751,0,740,0,0,0,721,0,768,0,736,0,743,0,741,0,712,0,7520,0.032,108447924224.0,0.0,0.0,784,16797,-0.0,162057.094,-114818.039,-0.0,0.133,6.909358625270745e+28,30.0,65.0,35,0.0,0.0,0.0,0.0,0.0,0.0,0.0,0.0,0.0,0.0,0.0,0.0,0.0,0.0,0.0,0.0,69.6,0,150,71,55,65476,0,300,0,1,8,20529,65476,0,0,40632,65.0,0.0,0.0,0.0,0.0,0.0
2026-09-04T20:03:51,ERR,ERR,ERR,ERR,ERR,ERR,ERR,ERR,ERR,ERR,ERR,ERR,ERR,ERR,ERR,ERR,ERR,ERR,ERR,ERR,ERR,ERR,ERR,ERR,ERR,ERR,ERR,ERR,ERR,ERR,ERR,ERR,ERR,ERR,ERR,ERR,ERR,ERR,ERR,ERR,ERR,ERR,ERR,ERR,ERR,ERR,ERR,ERR,ERR,ERR,ERR,ERR,ERR,ERR,ERR,ERR,ERR,ERR,ERR,ERR,ERR,ERR,ERR,ERR,ERR,ERR,ERR,ERR,ERR,ERR,ERR,ERR,ERR,ERR,ERR,ERR,ERR,ERR,ERR,ERR,ERR,ERR,ERR,ERR,ERR,ERR,ERR,ERR,ERR,ERR,ERR,ERR,ERR,ERR,ERR,ERR,ERR,ERR,ERR,ERR,ERR,ERR,ERR,ERR,ERR,ERR,ERR,ERR,ERR,ERR,ERR,ERR,ERR,ERR,ERR,ERR,ERR,ERR,ERR,ERR,ERR,ERR,ERR,ERR,ERR,2.718430741444032e+23,-0.0,-134479040.0,0.0,0.0,1.3936040501711995e+18,7.805,0.0,0,0,4,0,7116,0.0,100,0.0,0.0,0.0,0.0,0.0,0,0,0,0,0.0,0,0,0,0,0,0,0,0,0,0,0,0,0,0,0,0,0,0,0,0,0,0,0,0,0,0,0,0,0,0,0,0,0,31,40,40,71,65476,0,300,0,0,8,21553,0.0,-107605600.0,0.0,0.0,0.0,0.0,0.0,0.0,0.0,0.0,0.0,0.0,0.0,0.0,0.0,0.0,0.0,0.0,0.0,0.0,0.0,0.0,0.0,0.0,-2.004,0.0,0.0,0.0,0.0,0.0,6226.0,-0.0,6933.0,2.718430741444032e+23,-0.0,-0.0,2.718430741444032e+23,0.0,0.0,0.0,0.0,69,-71.63,0.0,0.0,0.0,0.0,0.0,0.0,0.0,0.0,0,0,0,0.0,0.0,0.0,0.0,0.0,0.0,0.0,0.0,0.0,0.0,0.0,0.0,0.0,0.0,0.0,0.0,0,-107875648.0,69,0.0,138,0.0,-109447200.0,0,13107,17040,39322,17049,13107,17043,0,0,0,70,68,100,2.7302359370752657e+23,71.2,2.7302370179391762e+23,74.3,2.7302370179391762e+23,74.0,1,49,50,180,13107,0,0,0,0.0,0.0,0.0,0.0,-0.0,67.0,0.0,162057.094,0.0,751,0,740,0,0,0,721,0,768,0,736,0,743,0,741,0,712,0,7520,0.032,108447924224.0,0.0,0.0,784,16797,-0.0,162057.094,-114818.039,-0.0,0.133,6.909358625270745e+28,30.0,65.0,35,0.0,0.0,0.0,0.0,0.0,0.0,0.0,0.0,0.0,0.0,0.0,0.0,0.0,0.0,0.0,0.0,69.6,0,150,71,55,65476,0,300,0,1,8,20529,65476,0,0,40632,65.0,0.0,0.0,0.0,0.0,0.0
2026-09-04T20:03:52,ERR,ERR,ERR,ERR,ERR,ERR,ERR,ERR,ERR,ERR,ERR,ERR,ERR,ERR,ERR,ERR,ERR,ERR,ERR,ERR,ERR,ERR,ERR,ERR,ERR,ERR,ERR,ERR,ERR,ERR,ERR,ERR,ERR,ERR,ERR,ERR,ERR,ERR,ERR,ERR,ERR,ERR,ERR,ERR,ERR,ERR,ERR,ERR,ERR,ERR,ERR,ERR,ERR,ERR,ERR,ERR,ERR,ERR,ERR,ERR,ERR,ERR,ERR,ERR,ERR,ERR,ERR,ERR,ERR,ERR,ERR,ERR,ERR,ERR,ERR,ERR,ERR,ERR,ERR,ERR,ERR,ERR,ERR,ERR,ERR,ERR,ERR,ERR,ERR,ERR,ERR,ERR,ERR,ERR,ERR,ERR,ERR,ERR,ERR,ERR,ERR,ERR,ERR,ERR,ERR,ERR,ERR,ERR,ERR,ERR,ERR,ERR,ERR,ERR,ERR,ERR,ERR,ERR,ERR,ERR,ERR,ERR,ERR,ERR,ERR,2.718430741444032e+23,-0.0,-134479040.0,0.0,0.0,1.3936040501711995e+18,7.805,0.0,0,0,4,0,7116,0.0,100,0.0,0.0,0.0,0.0,0.0,0,0,0,0,0.0,0,0,0,0,0,0,0,0,0,0,0,0,0,0,0,0,0,0,0,0,0,0,0,0,0,0,0,0,0,0,0,0,0,31,40,40,71,65476,0,300,0,0,8,21553,0.0,-107605600.0,0.0,0.0,0.0,0.0,0.0,0.0,0.0,0.0,0.0,0.0,0.0,0.0,0.0,0.0,0.0,0.0,0.0,0.0,0.0,0.0,0.0,0.0,-2.004,0.0,0.0,0.0,0.0,0.0,6226.0,-0.0,6933.0,2.718430741444032e+23,-0.0,-0.0,2.718430741444032e+23,0.0,0.0,0.0,0.0,69,-71.63,0.0,0.0,0.0,0.0,0.0,0.0,0.0,0.0,0,0,0,0.0,0.0,0.0,0.0,0.0,0.0,0.0,0.0,0.0,0.0,0.0,0.0,0.0,0.0,0.0,0.0,0,-107875648.0,69,0.0,138,0.0,-109447200.0,0,13107,17040,39322,17049,13107,17043,0,0,0,70,68,100,2.7302359370752657e+23,71.2,2.7302370179391762e+23,74.3,2.7302370179391762e+23,74.0,1,49,50,180,13107,0,0,0,0.0,0.0,0.0,0.0,-0.0,67.0,0.0,162057.094,0.0,751,0,740,0,0,0,721,0,768,0,736,0,743,0,741,0,712,0,7520,0.032,108447924224.0,0.0,0.0,784,16797,-0.0,162057.094,-114818.039,-0.0,0.133,6.909358625270745e+28,30.0,65.0,35,0.0,0.0,0.0,0.0,0.0,0.0,0.0,0.0,0.0,0.0,0.0,0.0,0.0,0.0,0.0,0.0,69.2,0,150,71,55,65476,0,300,0,1,8,20529,65476,0,0,40632,65.0,0.0,0.0,0.0,0.0,0.0
2026-09-04T20:03:53,ERR,ERR,ERR,ERR,ERR,ERR,ERR,ERR,ERR,ERR,ERR,ERR,ERR,ERR,ERR,ERR,ERR,ERR,ERR,ERR,ERR,ERR,ERR,ERR,ERR,ERR,ERR,ERR,ERR,ERR,ERR,ERR,ERR,ERR,ERR,ERR,ERR,ERR,ERR,ERR,ERR,ERR,ERR,ERR,ERR,ERR,ERR,ERR,ERR,ERR,ERR,ERR,ERR,ERR,ERR,ERR,ERR,ERR,ERR,ERR,ERR,ERR,ERR,ERR,ERR,ERR,ERR,ERR,ERR,ERR,ERR,ERR,ERR,ERR,ERR,ERR,ERR,ERR,ERR,ERR,ERR,ERR,ERR,ERR,ERR,ERR,ERR,ERR,ERR,ERR,ERR,ERR,ERR,ERR,ERR,ERR,ERR,ERR,ERR,ERR,ERR,ERR,ERR,ERR,ERR,ERR,ERR,ERR,ERR,ERR,ERR,ERR,ERR,ERR,ERR,ERR,ERR,ERR,ERR,ERR,ERR,ERR,ERR,ERR,ERR,2.718430741444032e+23,-0.0,-134479040.0,0.0,0.0,1.3936040501711995e+18,7.805,0.0,0,0,4,0,7116,0.0,100,0.0,0.0,0.0,0.0,0.0,0,0,0,0,0.0,0,0,0,0,0,0,0,0,0,0,0,0,0,0,0,0,0,0,0,0,0,0,0,0,0,0,0,0,0,0,0,0,0,31,40,40,71,65476,0,300,0,0,8,21553,0.0,-107605600.0,0.0,0.0,0.0,0.0,0.0,0.0,0.0,0.0,0.0,0.0,0.0,0.0,0.0,0.0,0.0,0.0,0.0,0.0,0.0,0.0,0.0,0.0,-2.004,0.0,0.0,0.0,0.0,0.0,6226.0,-0.0,6933.0,2.718430741444032e+23,-0.0,-0.0,2.718430741444032e+23,0.0,0.0,0.0,0.0,69,-71.63,0.0,0.0,0.0,0.0,0.0,0.0,0.0,0.0,0,0,0,0.0,0.0,0.0,0.0,0.0,0.0,0.0,0.0,0.0,0.0,0.0,0.0,0.0,0.0,0.0,0.0,0,-107875648.0,69,0.0,138,0.0,-109447200.0,0,13107,17040,39322,17049,13107,17043,0,0,0,70,68,100,2.7302359370752657e+23,71.2,2.7302370179391762e+23,74.3,2.7302370179391762e+23,74.0,1,49,50,180,13107,0,0,0,0.0,0.0,0.0,0.0,-0.0,67.0,0.0,162057.094,0.0,751,0,740,0,0,0,721,0,768,0,736,0,743,0,741,0,712,0,7520,0.032,108447924224.0,0.0,0.0,784,16797,-0.0,162057.094,-114818.039,-0.0,0.133,6.909358625270745e+28,30.0,65.0,35,0.0,0.0,0.0,0.0,0.0,0.0,0.0,0.0,0.0,0.0,0.0,0.0,0.0,0.0,0.0,0.0,69.2,0,150,71,55,65476,0,300,0,1,8,20529,65476,0,0,40632,65.0,0.0,0.0,0.0,0.0,0.0
2026-09-04T20:03:54,ERR,ERR,ERR,ERR,ERR,ERR,ERR,ERR,ERR,ERR,ERR,ERR,ERR,ERR,ERR,ERR,ERR,ERR,ERR,ERR,ERR,ERR,ERR,ERR,ERR,ERR,ERR,ERR,ERR,ERR,ERR,ERR,ERR,ERR,ERR,ERR,ERR,ERR,ERR,ERR,ERR,ERR,ERR,ERR,ERR,ERR,ERR,ERR,ERR,ERR,ERR,ERR,ERR,ERR,ERR,ERR,ERR,ERR,ERR,ERR,ERR,ERR,ERR,ERR,ERR,ERR,ERR,ERR,ERR,ERR,ERR,ERR,ERR,ERR,ERR,ERR,ERR,ERR,ERR,ERR,ERR,ERR,ERR,ERR,ERR,ERR,ERR,ERR,ERR,ERR,ERR,ERR,ERR,ERR,ERR,ERR,ERR,ERR,ERR,ERR,ERR,ERR,ERR,ERR,ERR,ERR,ERR,ERR,ERR,ERR,ERR,ERR,ERR,ERR,ERR,ERR,ERR,ERR,ERR,ERR,ERR,ERR,ERR,ERR,ERR,2.718430741444032e+23,2.7184312818759872e+23,0.0,0.0,0.0,1.3936040501711995e+18,7.805,0.0,0,0,4,0,7116,0.0,100,0.0,0.0,0.0,0.0,0.0,0,0,0,0,0.0,0,0,0,0,0,0,0,0,0,0,0,0,0,0,0,0,0,0,0,0,0,0,0,0,0,0,0,0,0,0,0,0,0,31,40,40,71,65476,0,300,0,0,8,21553,0.0,-107605600.0,0.0,0.0,0.0,0.0,0.0,0.0,0.0,0.0,0.0,0.0,0.0,0.0,0.0,0.0,0.0,0.0,0.0,0.0,0.0,0.0,0.0,-2.004,-2.004,0.0,0.0,0.0,0.0,0.0,6225.0,0.0,6913.0,2.718430741444032e+23,2.7184312818759872e+23,-0.0,2.718430741444032e+23,0.0,0.0,0.0,0.0,69,-107615408.0,1.905694169104384e+17,0.0,0.0,0.0,0.0,0.0,0.0,0.0,0,0,0,0.0,0.0,0.0,0.0,0.0,0.0,0.0,0.0,0.0,0.0,0.0,0.0,0.0,0.0,0.0,0.0,0,-107875648.0,69,0.0,138,0.0,-109447200.0,0,13107,17040,39322,17049,26215,17043,0,0,0,70,68,100,2.7302359370752657e+23,71.2,2.7302370179391762e+23,74.3,-0.0,74.0,1,49,50,180,13107,0,0,0,0.0,0.0,0.0,0.0,-0.0,67.0,0.0,162057.094,0.0,751,0,740,0,0,0,721,0,768,0,736,0,743,0,742,0,712,0,7520,0.032,108984795136.0,0.0,0.0,784,16797,-0.0,162057.094,-114818.039,-0.0,0.133,6.909358625270745e+28,30.0,65.0,35,0.0,0.0,0.0,0.0,0.0,0.0,0.0,0.0,0.0,0.0,0.0,0.0,0.0,0.0,0.0,0.0,69.2,0,150,71,55,65476,0,300,0,1,8,20529,65476,0,0,40632,65.0,0.0,0.0,0.0,0.0,0.0
2026-09-04T20:03:55,ERR,ERR,ERR,ERR,ERR,ERR,ERR,ERR,ERR,ERR,ERR,ERR,ERR,ERR,ERR,ERR,ERR,ERR,ERR,ERR,ERR,ERR,ERR,ERR,ERR,ERR,ERR,ERR,ERR,ERR,ERR,ERR,ERR,ERR,ERR,ERR,ERR,ERR,ERR,ERR,ERR,ERR,ERR,ERR,ERR,ERR,ERR,ERR,ERR,ERR,ERR,ERR,ERR,ERR,ERR,ERR,ERR,ERR,ERR,ERR,ERR,ERR,ERR,ERR,ERR,ERR,ERR,ERR,ERR,ERR,ERR,ERR,ERR,ERR,ERR,ERR,ERR,ERR,ERR,ERR,ERR,ERR,ERR,ERR,ERR,ERR,ERR,ERR,ERR,ERR,ERR,ERR,ERR,ERR,ERR,ERR,ERR,ERR,ERR,ERR,ERR,ERR,ERR,ERR,ERR,ERR,ERR,ERR,ERR,ERR,ERR,ERR,ERR,ERR,ERR,ERR,ERR,ERR,ERR,ERR,ERR,ERR,ERR,ERR,ERR,2.718430741444032e+23,2.7184312818759872e+23,0.0,0.0,0.0,1.3936040501711995e+18,7.805,0.0,0,0,4,0,7116,0.0,100,0.0,0.0,0.0,0.0,0.0,0,0,0,0,0.0,0,0,0,0,0,0,0,0,0,0,0,0,0,0,0,0,0,0,0,0,0,0,0,0,0,0,0,0,0,0,0,0,0,31,40,40,71,65476,0,300,0,0,8,21553,0.0,-107605600.0,0.0,0.0,0.0,0.0,0.0,0.0,0.0,0.0,0.0,0.0,0.0,0.0,0.0,0.0,0.0,0.0,0.0,0.0,0.0,0.0,0.0,-2.004,-2.004,0.0,0.0,0.0,0.0,0.0,6225.0,0.0,6913.0,2.718430741444032e+23,2.7184312818759872e+23,-0.0,2.718430741444032e+23,0.0,0.0,0.0,0.0,69,-107615408.0,1.905694169104384e+17,0.0,0.0,0.0,0.0,0.0,0.0,0.0,0,0,0,0.0,0.0,0.0,0.0,0.0,0.0,0.0,0.0,0.0,0.0,0.0,0.0,0.0,0.0,0.0,0.0,0,-107875648.0,69,0.0,138,0.0,-109447200.0,0,13107,17040,39322,17049,26215,17043,0,0,0,70,68,100,2.7302359370752657e+23,71.2,2.7302370179391762e+23,74.3,-0.0,74.0,1,49,50,180,13107,0,0,0,0.0,0.0,0.0,0.0,-0.0,67.0,0.0,162057.094,0.0,751,0,740,0,0,0,721,0,768,0,736,0,743,0,742,0,712,0,7520,0.032,108984795136.0,0.0,0.0,784,16797,-0.0,162057.094,-114818.039,-0.0,0.133,6.909358625270745e+28,30.0,65.0,35,0.0,0.0,0.0,0.0,0.0,0.0,0.0,0.0,0.0,0.0,0.0,0.0,0.0,0.0,0.0,0.0,69.2,0,150,71,55,65476,0,300,0,1,8,20529,65476,0,0,40632,65.0,0.0,0.0,0.0,0.0,0.0
2026-09-04T20:03:56,ERR,ERR,ERR,ERR,ERR,ERR,ERR,ERR,ERR,ERR,ERR,ERR,ERR,ERR,ERR,ERR,ERR,ERR,ERR,ERR,ERR,ERR,ERR,ERR,ERR,ERR,ERR,ERR,ERR,ERR,ERR,ERR,ERR,ERR,ERR,ERR,ERR,ERR,ERR,ERR,ERR,ERR,ERR,ERR,ERR,ERR,ERR,ERR,ERR,ERR,ERR,ERR,ERR,ERR,ERR,ERR,ERR,ERR,ERR,ERR,ERR,ERR,ERR,ERR,ERR,ERR,ERR,ERR,ERR,ERR,ERR,ERR,ERR,ERR,ERR,ERR,ERR,ERR,ERR,ERR,ERR,ERR,ERR,ERR,ERR,ERR,ERR,ERR,ERR,ERR,ERR,ERR,ERR,ERR,ERR,ERR,ERR,ERR,ERR,ERR,ERR,ERR,ERR,ERR,ERR,ERR,ERR,ERR,ERR,ERR,ERR,ERR,ERR,ERR,ERR,ERR,ERR,ERR,ERR,ERR,ERR,ERR,ERR,ERR,ERR,2.718430741444032e+23,2.7184312818759872e+23,0.0,0.0,0.0,1.3936040501711995e+18,7.805,0.0,0,0,4,0,7116,0.0,100,0.0,0.0,0.0,0.0,0.0,0,0,0,0,0.0,0,0,0,0,0,0,0,0,0,0,0,0,0,0,0,0,0,0,0,0,0,0,0,0,0,0,0,0,0,0,0,0,0,31,40,40,71,65476,0,300,0,0,8,21553,0.0,-107605600.0,0.0,0.0,0.0,0.0,0.0,0.0,0.0,0.0,0.0,0.0,0.0,0.0,0.0,0.0,0.0,0.0,0.0,0.0,0.0,0.0,0.0,-2.004,-2.004,0.0,0.0,0.0,0.0,0.0,6225.0,0.0,6913.0,2.718430741444032e+23,2.7184312818759872e+23,-0.0,2.718430741444032e+23,0.0,0.0,0.0,0.0,69,-107615408.0,1.905694169104384e+17,0.0,0.0,0.0,0.0,0.0,0.0,0.0,0,0,0,0.0,0.0,0.0,0.0,0.0,0.0,0.0,0.0,0.0,0.0,0.0,0.0,0.0,0.0,0.0,0.0,0,-107875648.0,69,0.0,138,0.0,-109447200.0,0,13107,17040,39322,17049,26215,17043,0,0,0,70,68,100,2.7302359370752657e+23,71.2,2.7302370179391762e+23,74.3,-0.0,74.0,1,49,50,180,13107,0,0,0,0.0,0.0,0.0,0.0,-0.0,67.0,0.0,162057.094,0.0,751,0,740,0,0,0,721,0,768,0,736,0,743,0,742,0,712,0,7520,0.032,108984795136.0,0.0,0.0,784,16797,-0.0,162057.094,-114818.039,-0.0,0.133,6.909358625270745e+28,30.0,65.0,35,0.0,0.0,0.0,0.0,0.0,0.0,0.0,0.0,0.0,0.0,0.0,0.0,0.0,0.0,0.0,0.0,69.2,0,150,71,55,65476,0,300,0,1,8,20529,65476,0,0,40632,65.0,0.0,0.0,0.0,0.0,0.0
2026-09-04T20:03:57,ERR,ERR,ERR,ERR,ERR,ERR,ERR,ERR,ERR,ERR,ERR,ERR,ERR,ERR,ERR,ERR,ERR,ERR,ERR,ERR,ERR,ERR,ERR,ERR,ERR,ERR,ERR,ERR,ERR,ERR,ERR,ERR,ERR,ERR,ERR,ERR,ERR,ERR,ERR,ERR,ERR,ERR,ERR,ERR,ERR,ERR,ERR,ERR,ERR,ERR,ERR,ERR,ERR,ERR,ERR,ERR,ERR,ERR,ERR,ERR,ERR,ERR,ERR,ERR,ERR,ERR,ERR,ERR,ERR,ERR,ERR,ERR,ERR,ERR,ERR,ERR,ERR,ERR,ERR,ERR,ERR,ERR,ERR,ERR,ERR,ERR,ERR,ERR,ERR,ERR,ERR,ERR,ERR,ERR,ERR,ERR,ERR,ERR,ERR,ERR,ERR,ERR,ERR,ERR,ERR,ERR,ERR,ERR,ERR,ERR,ERR,ERR,ERR,ERR,ERR,ERR,ERR,ERR,ERR,ERR,ERR,ERR,ERR,ERR,ERR,2.718430741444032e+23,2.7184312818759872e+23,0.0,0.0,0.0,1.3936040501711995e+18,7.805,0.0,0,0,4,0,7116,0.0,100,0.0,0.0,0.0,0.0,0.0,0,0,0,0,0.0,0,0,0,0,0,0,0,0,0,0,0,0,0,0,0,0,0,0,0,0,0,0,0,0,0,0,0,0,0,0,0,0,0,31,40,40,71,65476,0,300,0,0,8,21553,0.0,-107605600.0,0.0,0.0,0.0,0.0,0.0,0.0,0.0,0.0,0.0,0.0,0.0,0.0,0.0,0.0,0.0,0.0,0.0,0.0,0.0,0.0,0.0,-2.004,-2.004,0.0,0.0,0.0,0.0,0.0,6225.0,0.0,6913.0,2.718430741444032e+23,2.7184312818759872e+23,-0.0,2.718430741444032e+23,0.0,0.0,0.0,0.0,69,-107615408.0,1.905694169104384e+17,0.0,0.0,0.0,0.0,0.0,0.0,0.0,0,0,0,0.0,0.0,0.0,0.0,0.0,0.0,0.0,0.0,0.0,0.0,0.0,0.0,0.0,0.0,0.0,0.0,0,-107875648.0,69,0.0,138,0.0,-109447200.0,0,13107,17040,39322,17049,26215,17043,0,0,0,70,68,100,2.7302359370752657e+23,71.2,2.7302370179391762e+23,74.3,-0.0,74.0,1,49,50,180,13107,0,0,0,0.0,0.0,0.0,0.0,-0.0,67.0,0.0,162057.094,0.0,751,0,740,0,0,0,721,0,768,0,736,0,743,0,742,0,712,0,7520,0.032,108984795136.0,0.0,0.0,784,16797,-0.0,162057.094,-114818.039,-0.0,0.133,6.909358625270745e+28,30.0,65.0,35,0.0,0.0,0.0,0.0,0.0,0.0,0.0,0.0,0.0,0.0,0.0,0.0,0.0,0.0,0.0,0.0,69.2,0,150,71,55,65476,0,300,0,1,8,20529,65476,0,0,40632,65.0,0.0,0.0,0.0,0.0,0.0
2026-09-04T20:03:58,ERR,ERR,ERR,ERR,ERR,ERR,ERR,ERR,ERR,ERR,ERR,ERR,ERR,ERR,ERR,ERR,ERR,ERR,ERR,ERR,ERR,ERR,ERR,ERR,ERR,ERR,ERR,ERR,ERR,ERR,ERR,ERR,ERR,ERR,ERR,ERR,ERR,ERR,ERR,ERR,ERR,ERR,ERR,ERR,ERR,ERR,ERR,ERR,ERR,ERR,ERR,ERR,ERR,ERR,ERR,ERR,ERR,ERR,ERR,ERR,ERR,ERR,ERR,ERR,ERR,ERR,ERR,ERR,ERR,ERR,ERR,ERR,ERR,ERR,ERR,ERR,ERR,ERR,ERR,ERR,ERR,ERR,ERR,ERR,ERR,ERR,ERR,ERR,ERR,ERR,ERR,ERR,ERR,ERR,ERR,ERR,ERR,ERR,ERR,ERR,ERR,ERR,ERR,ERR,ERR,ERR,ERR,ERR,ERR,ERR,ERR,ERR,ERR,ERR,ERR,ERR,ERR,ERR,ERR,ERR,ERR,ERR,ERR,ERR,ERR,2.718430741444032e+23,2.7184312818759872e+23,0.0,0.0,0.0,1.3936040501711995e+18,7.805,0.0,0,0,4,0,7116,0.0,100,0.0,0.0,0.0,0.0,0.0,0,0,0,0,0.0,0,0,0,0,0,0,0,0,0,0,0,0,0,0,0,0,0,0,0,0,0,0,0,0,0,0,0,0,0,0,0,0,0,31,40,40,71,65476,0,300,0,0,8,21553,0.0,-107605600.0,0.0,0.0,0.0,0.0,0.0,0.0,0.0,0.0,0.0,0.0,0.0,0.0,0.0,0.0,0.0,0.0,0.0,0.0,0.0,0.0,0.0,-2.004,-2.004,0.0,0.0,0.0,0.0,0.0,6225.0,0.0,6913.0,2.718430741444032e+23,2.7184312818759872e+23,-0.0,2.718430741444032e+23,0.0,0.0,0.0,0.0,69,-107615408.0,1.905694169104384e+17,0.0,0.0,0.0,0.0,0.0,0.0,0.0,0,0,0,0.0,0.0,0.0,0.0,0.0,0.0,0.0,0.0,0.0,0.0,0.0,0.0,0.0,0.0,0.0,0.0,0,-107875648.0,69,0.0,138,0.0,-109447200.0,0,13107,17040,39322,17049,26215,17043,0,0,0,70,68,100,2.7302359370752657e+23,71.2,2.7302370179391762e+23,74.3,-0.0,74.0,1,49,50,180,13107,0,0,0,0.0,0.0,0.0,0.0,-0.0,67.0,0.0,162057.094,0.0,751,0,740,0,0,0,721,0,768,0,736,0,743,0,742,0,712,0,7520,0.032,108984795136.0,0.0,0.0,784,16797,-0.0,162057.094,-114818.039,-0.0,0.133,6.909358625270745e+28,30.0,65.0,35,0.0,0.0,0.0,0.0,0.0,0.0,0.0,0.0,0.0,0.0,0.0,0.0,0.0,0.0,0.0,0.0,69.2,0,150,71,55,65476,0,300,0,1,8,20529,65476,0,0,40632,65.0,0.0,0.0,0.0,0.0,0.0
2026-09-04T20:03:59,ERR,ERR,ERR,ERR,ERR,ERR,ERR,ERR,ERR,ERR,ERR,ERR,ERR,ERR,ERR,ERR,ERR,ERR,ERR,ERR,ERR,ERR,ERR,ERR,ERR,ERR,ERR,ERR,ERR,ERR,ERR,ERR,ERR,ERR,ERR,ERR,ERR,ERR,ERR,ERR,ERR,ERR,ERR,ERR,ERR,ERR,ERR,ERR,ERR,ERR,ERR,ERR,ERR,ERR,ERR,ERR,ERR,ERR,ERR,ERR,ERR,ERR,ERR,ERR,ERR,ERR,ERR,ERR,ERR,ERR,ERR,ERR,ERR,ERR,ERR,ERR,ERR,ERR,ERR,ERR,ERR,ERR,ERR,ERR,ERR,ERR,ERR,ERR,ERR,ERR,ERR,ERR,ERR,ERR,ERR,ERR,ERR,ERR,ERR,ERR,ERR,ERR,ERR,ERR,ERR,ERR,ERR,ERR,ERR,ERR,ERR,ERR,ERR,ERR,ERR,ERR,ERR,ERR,ERR,ERR,ERR,ERR,ERR,ERR,ERR,2.718430741444032e+23,2.7184312818759872e+23,0.0,0.0,0.0,1.3936040501711995e+18,7.805,0.0,0,0,4,0,7116,0.0,100,0.0,0.0,0.0,0.0,0.0,0,0,0,0,0.0,0,0,0,0,0,0,0,0,0,0,0,0,0,0,0,0,0,0,0,0,0,0,0,0,0,0,0,0,0,0,0,0,0,31,40,40,71,65476,0,300,0,0,8,21553,0.0,-107605600.0,0.0,0.0,0.0,0.0,0.0,0.0,0.0,0.0,0.0,0.0,0.0,0.0,0.0,0.0,0.0,0.0,0.0,0.0,0.0,0.0,0.0,-2.004,-2.004,0.0,0.0,0.0,0.0,0.0,6225.0,0.0,6913.0,2.718430741444032e+23,2.7184312818759872e+23,-0.0,2.718430741444032e+23,0.0,0.0,0.0,0.0,69,-107615408.0,1.905694169104384e+17,0.0,0.0,0.0,0.0,0.0,0.0,0.0,0,0,0,0.0,0.0,0.0,0.0,0.0,0.0,0.0,0.0,0.0,0.0,0.0,0.0,0.0,0.0,0.0,0.0,0,-107875648.0,69,0.0,138,0.0,-109447200.0,0,13107,17040,39322,17049,26215,17043,0,0,0,70,68,100,2.7302359370752657e+23,71.2,2.7302370179391762e+23,74.3,-0.0,74.0,1,49,50,180,13107,0,0,0,0.0,0.0,0.0,0.0,-0.0,67.0,0.0,162057.094,0.0,752,0,740,0,0,0,721,0,768,0,737,0,743,0,742,0,712,0,7520,0.032,108447924224.0,0.0,0.0,784,16797,-0.0,162057.094,-114818.039,-0.0,0.133,6.909358625270745e+28,30.0,65.0,35,0.0,0.0,0.0,0.0,0.0,0.0,0.0,0.0,0.0,0.0,0.0,0.0,0.0,0.0,0.0,0.0,69.2,0,150,71,55,65476,0,300,0,1,8,20529,65476,0,0,40632,65.0,0.0,0.0,0.0,0.0,0.0
2026-09-04T20:04:00,ERR,ERR,ERR,ERR,ERR,ERR,ERR,ERR,ERR,ERR,ERR,ERR,ERR,ERR,ERR,ERR,ERR,ERR,ERR,ERR,ERR,ERR,ERR,ERR,ERR,ERR,ERR,ERR,ERR,ERR,ERR,ERR,ERR,ERR,ERR,ERR,ERR,ERR,ERR,ERR,ERR,ERR,ERR,ERR,ERR,ERR,ERR,ERR,ERR,ERR,ERR,ERR,ERR,ERR,ERR,ERR,ERR,ERR,ERR,ERR,ERR,ERR,ERR,ERR,ERR,ERR,ERR,ERR,ERR,ERR,ERR,ERR,ERR,ERR,ERR,ERR,ERR,ERR,ERR,ERR,ERR,ERR,ERR,ERR,ERR,ERR,ERR,ERR,ERR,ERR,ERR,ERR,ERR,ERR,ERR,ERR,ERR,ERR,ERR,ERR,ERR,ERR,ERR,ERR,ERR,ERR,ERR,ERR,ERR,ERR,ERR,ERR,ERR,ERR,ERR,ERR,ERR,ERR,ERR,ERR,ERR,ERR,ERR,ERR,ERR,2.718430741444032e+23,2.7184312818759872e+23,0.0,0.0,0.0,1.3936040501711995e+18,7.805,0.0,0,0,4,0,7116,0.0,100,0.0,0.0,0.0,0.0,0.0,0,0,0,0,0.0,0,0,0,0,0,0,0,0,0,0,0,0,0,0,0,0,0,0,0,0,0,0,0,0,0,0,0,0,0,0,0,0,0,31,40,40,71,65476,0,300,0,0,8,21553,0.0,-107605600.0,0.0,0.0,0.0,0.0,0.0,0.0,0.0,0.0,0.0,0.0,0.0,0.0,0.0,0.0,0.0,0.0,0.0,0.0,0.0,0.0,0.0,-2.004,-2.004,0.0,0.0,0.0,0.0,0.0,6225.0,0.0,6913.0,2.718430741444032e+23,2.7184312818759872e+23,-0.0,2.718430741444032e+23,0.0,0.0,0.0,0.0,69,-107615408.0,1.905694169104384e+17,0.0,0.0,0.0,0.0,0.0,0.0,0.0,0,0,0,0.0,0.0,0.0,0.0,0.0,0.0,0.0,0.0,0.0,0.0,0.0,0.0,0.0,0.0,0.0,0.0,0,-107875648.0,69,0.0,138,0.0,-109447200.0,0,13107,17040,39322,17049,26215,17043,0,0,0,70,68,100,2.7302359370752657e+23,71.2,2.7302370179391762e+23,74.3,-0.0,74.0,1,49,50,180,13107,0,0,0,0.0,0.0,0.0,0.0,-0.0,67.0,0.0,162057.094,0.0,752,0,740,0,0,0,721,0,768,0,737,0,743,0,742,0,712,0,7520,0.032,108447924224.0,0.0,0.0,784,16797,-0.0,162057.094,-114818.039,-0.0,0.133,6.909358625270745e+28,30.0,65.0,35,0.0,0.0,0.0,0.0,0.0,0.0,0.0,0.0,0.0,0.0,0.0,0.0,0.0,0.0,0.0,0.0,69.2,0,150,71,55,65476,0,300,0,1,8,20529,65476,0,0,40632,65.0,0.0,0.0,0.0,0.0,0.0
2026-09-04T20:04:01,ERR,ERR,ERR,ERR,ERR,ERR,ERR,ERR,ERR,ERR,ERR,ERR,ERR,ERR,ERR,ERR,ERR,ERR,ERR,ERR,ERR,ERR,ERR,ERR,ERR,ERR,ERR,ERR,ERR,ERR,ERR,ERR,ERR,ERR,ERR,ERR,ERR,ERR,ERR,ERR,ERR,ERR,ERR,ERR,ERR,ERR,ERR,ERR,ERR,ERR,ERR,ERR,ERR,ERR,ERR,ERR,ERR,ERR,ERR,ERR,ERR,ERR,ERR,ERR,ERR,ERR,ERR,ERR,ERR,ERR,ERR,ERR,ERR,ERR,ERR,ERR,ERR,ERR,ERR,ERR,ERR,ERR,ERR,ERR,ERR,ERR,ERR,ERR,ERR,ERR,ERR,ERR,ERR,ERR,ERR,ERR,ERR,ERR,ERR,ERR,ERR,ERR,ERR,ERR,ERR,ERR,ERR,ERR,ERR,ERR,ERR,ERR,ERR,ERR,ERR,ERR,ERR,ERR,ERR,ERR,ERR,ERR,ERR,ERR,ERR,2.718430741444032e+23,2.7184312818759872e+23,0.0,0.0,0.0,1.3936040501711995e+18,7.805,0.0,0,0,4,0,7116,0.0,100,0.0,0.0,0.0,0.0,0.0,0,0,0,0,0.0,0,0,0,0,0,0,0,0,0,0,0,0,0,0,0,0,0,0,0,0,0,0,0,0,0,0,0,0,0,0,0,0,0,31,40,40,71,65476,0,300,0,0,8,21553,0.0,-107605600.0,0.0,0.0,0.0,0.0,0.0,0.0,0.0,0.0,0.0,0.0,0.0,0.0,0.0,0.0,0.0,0.0,0.0,0.0,0.0,0.0,0.0,-2.004,-2.004,0.0,0.0,0.0,0.0,0.0,6225.0,0.0,6913.0,2.718430741444032e+23,2.7184312818759872e+23,-0.0,2.718430741444032e+23,0.0,0.0,0.0,0.0,69,-107615408.0,1.905694169104384e+17,0.0,0.0,0.0,0.0,0.0,0.0,0.0,0,0,0,0.0,0.0,0.0,0.0,0.0,0.0,0.0,0.0,0.0,0.0,0.0,0.0,0.0,0.0,0.0,0.0,0,-107875648.0,69,0.0,138,0.0,-109447200.0,0,13107,17040,39322,17049,26215,17043,0,0,0,70,68,100,2.7302359370752657e+23,71.2,2.7302370179391762e+23,74.3,-0.0,74.0,1,49,50,180,13107,0,0,0,0.0,0.0,0.0,0.0,-0.0,67.0,0.0,162057.094,0.0,752,0,740,0,0,0,721,0,768,0,737,0,743,0,742,0,712,0,7520,0.032,108447924224.0,0.0,0.0,784,16797,-0.0,162057.094,-114818.039,-0.0,0.133,6.909358625270745e+28,30.0,65.0,35,0.0,0.0,0.0,0.0,0.0,0.0,0.0,0.0,0.0,0.0,0.0,0.0,0.0,0.0,0.0,0.0,69.2,0,150,71,55,65476,0,300,0,1,8,20529,65476,0,0,40632,65.0,0.0,0.0,0.0,0.0,0.0
2026-09-04T20:04:02,ERR,ERR,ERR,ERR,ERR,ERR,ERR,ERR,ERR,ERR,ERR,ERR,ERR,ERR,ERR,ERR,ERR,ERR,ERR,ERR,ERR,ERR,ERR,ERR,ERR,ERR,ERR,ERR,ERR,ERR,ERR,ERR,ERR,ERR,ERR,ERR,ERR,ERR,ERR,ERR,ERR,ERR,ERR,ERR,ERR,ERR,ERR,ERR,ERR,ERR,ERR,ERR,ERR,ERR,ERR,ERR,ERR,ERR,ERR,ERR,ERR,ERR,ERR,ERR,ERR,ERR,ERR,ERR,ERR,ERR,ERR,ERR,ERR,ERR,ERR,ERR,ERR,ERR,ERR,ERR,ERR,ERR,ERR,ERR,ERR,ERR,ERR,ERR,ERR,ERR,ERR,ERR,ERR,ERR,ERR,ERR,ERR,ERR,ERR,ERR,ERR,ERR,ERR,ERR,ERR,ERR,ERR,ERR,ERR,ERR,ERR,ERR,ERR,ERR,ERR,ERR,ERR,ERR,ERR,ERR,ERR,ERR,ERR,ERR,ERR,2.718430741444032e+23,-0.0,-134479040.0,0.0,0.0,1.3936040501711995e+18,7.805,0.0,0,0,4,0,7116,0.0,100,0.0,0.0,0.0,0.0,0.0,0,0,0,0,0.0,0,0,0,0,0,0,0,0,0,0,0,0,0,0,0,0,0,0,0,0,0,0,0,0,0,0,0,0,0,0,0,0,0,31,40,40,71,65476,0,300,0,0,8,21553,0.0,-107605600.0,0.0,0.0,0.0,0.0,0.0,0.0,0.0,0.0,0.0,0.0,0.0,0.0,0.0,0.0,0.0,0.0,0.0,0.0,0.0,0.0,0.0,-2.004,-2.004,0.0,0.0,0.0,0.0,0.0,6192.0,1.0406699612351174e+34,6925.0,2.718430741444032e+23,-0.0,-0.0,2.718430741444032e+23,0.0,0.0,0.0,0.0,69,-89221.172,-0.0,0.0,0.0,0.0,0.0,0.0,0.0,0.0,0,0,0,0.0,0.0,0.0,0.0,0.0,0.0,0.0,0.0,0.0,0.0,0.0,0.0,0.0,0.0,0.0,0.0,0,-107875648.0,69,0.0,138,0.0,-109447200.0,0,13107,17040,39322,17049,26215,17043,0,0,0,70,68,100,2.7302359370752657e+23,71.2,2.7302370179391762e+23,74.3,-0.0,74.0,1,49,50,180,13107,0,0,0,0.0,0.0,0.0,0.0,-0.0,67.0,0.0,162057.094,0.0,752,0,740,0,0,0,721,0,768,0,737,0,743,0,742,0,712,0,7520,0.032,108447924224.0,0.0,0.0,784,16797,-0.0,162057.094,-114818.039,-0.0,0.133,6.909358625270745e+28,30.0,65.0,35,0.0,0.0,0.0,0.0,0.0,0.0,0.0,0.0,0.0,0.0,0.0,0.0,0.0,0.0,0.0,0.0,69.2,0,150,71,55,65476,0,300,0,1,8,20529,65476,0,0,40632,65.0,0.0,0.0,0.0,0.0,0.0
2026-09-04T20:04:03,ERR,ERR,ERR,ERR,ERR,ERR,ERR,ERR,ERR,ERR,ERR,ERR,ERR,ERR,ERR,ERR,ERR,ERR,ERR,ERR,ERR,ERR,ERR,ERR,ERR,ERR,ERR,ERR,ERR,ERR,ERR,ERR,ERR,ERR,ERR,ERR,ERR,ERR,ERR,ERR,ERR,ERR,ERR,ERR,ERR,ERR,ERR,ERR,ERR,ERR,ERR,ERR,ERR,ERR,ERR,ERR,ERR,ERR,ERR,ERR,ERR,ERR,ERR,ERR,ERR,ERR,ERR,ERR,ERR,ERR,ERR,ERR,ERR,ERR,ERR,ERR,ERR,ERR,ERR,ERR,ERR,ERR,ERR,ERR,ERR,ERR,ERR,ERR,ERR,ERR,ERR,ERR,ERR,ERR,ERR,ERR,ERR,ERR,ERR,ERR,ERR,ERR,ERR,ERR,ERR,ERR,ERR,ERR,ERR,ERR,ERR,ERR,ERR,ERR,ERR,ERR,ERR,ERR,ERR,ERR,ERR,ERR,ERR,ERR,ERR,2.718430741444032e+23,-0.0,-134479040.0,0.0,0.0,1.3936040501711995e+18,7.805,0.0,0,0,4,0,7116,0.0,100,0.0,0.0,0.0,0.0,0.0,0,0,0,0,0.0,0,0,0,0,0,0,0,0,0,0,0,0,0,0,0,0,0,0,0,0,0,0,0,0,0,0,0,0,0,0,0,0,0,31,40,40,71,65476,0,300,0,0,8,21553,0.0,-107605600.0,0.0,0.0,0.0,0.0,0.0,0.0,0.0,0.0,0.0,0.0,0.0,0.0,0.0,0.0,0.0,0.0,0.0,0.0,0.0,0.0,0.0,-2.004,-2.004,0.0,0.0,0.0,0.0,0.0,6192.0,1.0406699612351174e+34,6925.0,2.718430741444032e+23,-0.0,-0.0,2.718430741444032e+23,0.0,0.0,0.0,0.0,69,-89221.172,-0.0,0.0,0.0,0.0,0.0,0.0,0.0,0.0,0,0,0,0.0,0.0,0.0,0.0,0.0,0.0,0.0,0.0,0.0,0.0,0.0,0.0,0.0,0.0,0.0,0.0,0,-107875648.0,69,0.0,138,0.0,-109447200.0,0,13107,17040,39322,17049,26215,17043,0,0,0,70,68,100,2.7302359370752657e+23,71.2,2.7302370179391762e+23,74.3,-0.0,74.0,1,49,50,180,13107,0,0,0,0.0,0.0,0.0,0.0,-0.0,67.0,0.0,162057.094,0.0,752,0,740,0,0,0,721,0,768,0,737,0,743,0,742,0,712,0,7520,0.032,108447924224.0,0.0,0.0,784,16797,-0.0,162057.094,-114818.039,-0.0,0.133,6.909358625270745e+28,30.0,65.0,35,0.0,0.0,0.0,0.0,0.0,0.0,0.0,0.0,0.0,0.0,0.0,0.0,0.0,0.0,0.0,0.0,69.2,0,150,71,55,65476,0,300,0,1,8,20529,65476,0,0,40632,65.0,0.0,0.0,0.0,0.0,0.0
2026-09-04T20:04:04,ERR,ERR,ERR,ERR,ERR,ERR,ERR,ERR,ERR,ERR,ERR,ERR,ERR,ERR,ERR,ERR,ERR,ERR,ERR,ERR,ERR,ERR,ERR,ERR,ERR,ERR,ERR,ERR,ERR,ERR,ERR,ERR,ERR,ERR,ERR,ERR,ERR,ERR,ERR,ERR,ERR,ERR,ERR,ERR,ERR,ERR,ERR,ERR,ERR,ERR,ERR,ERR,ERR,ERR,ERR,ERR,ERR,ERR,ERR,ERR,ERR,ERR,ERR,ERR,ERR,ERR,ERR,ERR,ERR,ERR,ERR,ERR,ERR,ERR,ERR,ERR,ERR,ERR,ERR,ERR,ERR,ERR,ERR,ERR,ERR,ERR,ERR,ERR,ERR,ERR,ERR,ERR,ERR,ERR,ERR,ERR,ERR,ERR,ERR,ERR,ERR,ERR,ERR,ERR,ERR,ERR,ERR,ERR,ERR,ERR,ERR,ERR,ERR,ERR,ERR,ERR,ERR,ERR,ERR,ERR,ERR,ERR,ERR,ERR,ERR,2.718430741444032e+23,-0.0,-134479040.0,0.0,0.0,1.3936040501711995e+18,7.805,0.0,0,0,4,0,7116,0.0,100,0.0,0.0,0.0,0.0,0.0,0,0,0,0,0.0,0,0,0,0,0,0,0,0,0,0,0,0,0,0,0,0,0,0,0,0,0,0,0,0,0,0,0,0,0,0,0,0,0,31,40,40,71,65476,0,300,0,0,8,21553,0.0,-107605600.0,0.0,0.0,0.0,0.0,0.0,0.0,0.0,0.0,0.0,0.0,0.0,0.0,0.0,0.0,0.0,0.0,0.0,0.0,0.0,0.0,0.0,-2.004,-2.004,0.0,0.0,0.0,0.0,0.0,6192.0,1.0406699612351174e+34,6925.0,2.718430741444032e+23,-0.0,-0.0,2.718430741444032e+23,0.0,0.0,0.0,0.0,69,-89221.172,-0.0,0.0,0.0,0.0,0.0,0.0,0.0,0.0,0,0,0,0.0,0.0,0.0,0.0,0.0,0.0,0.0,0.0,0.0,0.0,0.0,0.0,0.0,0.0,0.0,0.0,0,-107875648.0,69,0.0,138,0.0,-109447200.0,0,13107,17040,39322,17049,26215,17043,0,0,0,70,68,100,2.7302359370752657e+23,71.2,2.7302370179391762e+23,74.3,-0.0,74.0,1,49,50,180,13107,0,0,0,0.0,0.0,0.0,0.0,-0.0,67.0,0.0,162057.094,0.0,751,0,740,0,0,0,721,0,768,0,736,0,743,0,742,0,712,0,7520,0.032,108447924224.0,0.0,0.0,784,16797,-0.0,162057.094,-114818.039,-0.0,0.133,6.909358625270745e+28,30.0,65.0,35,0.0,0.0,0.0,0.0,0.0,0.0,0.0,0.0,0.0,0.0,0.0,0.0,0.0,0.0,0.0,0.0,69.2,0,150,71,55,65476,0,300,0,1,8,20529,65476,0,0,40632,65.0,0.0,0.0,0.0,0.0,0.0
2026-09-04T20:04:05,ERR,ERR,ERR,ERR,ERR,ERR,ERR,ERR,ERR,ERR,ERR,ERR,ERR,ERR,ERR,ERR,ERR,ERR,ERR,ERR,ERR,ERR,ERR,ERR,ERR,ERR,ERR,ERR,ERR,ERR,ERR,ERR,ERR,ERR,ERR,ERR,ERR,ERR,ERR,ERR,ERR,ERR,ERR,ERR,ERR,ERR,ERR,ERR,ERR,ERR,ERR,ERR,ERR,ERR,ERR,ERR,ERR,ERR,ERR,ERR,ERR,ERR,ERR,ERR,ERR,ERR,ERR,ERR,ERR,ERR,ERR,ERR,ERR,ERR,ERR,ERR,ERR,ERR,ERR,ERR,ERR,ERR,ERR,ERR,ERR,ERR,ERR,ERR,ERR,ERR,ERR,ERR,ERR,ERR,ERR,ERR,ERR,ERR,ERR,ERR,ERR,ERR,ERR,ERR,ERR,ERR,ERR,ERR,ERR,ERR,ERR,ERR,ERR,ERR,ERR,ERR,ERR,ERR,ERR,ERR,ERR,ERR,ERR,ERR,ERR,2.718430741444032e+23,-0.0,-134479040.0,0.0,0.0,1.3936040501711995e+18,7.805,0.0,0,0,4,0,7116,0.0,100,0.0,0.0,0.0,0.0,0.0,0,0,0,0,0.0,0,0,0,0,0,0,0,0,0,0,0,0,0,0,0,0,0,0,0,0,0,0,0,0,0,0,0,0,0,0,0,0,0,31,40,40,71,65476,0,300,0,0,8,21553,0.0,-107605600.0,0.0,0.0,0.0,0.0,0.0,0.0,0.0,0.0,0.0,0.0,0.0,0.0,0.0,0.0,0.0,0.0,0.0,0.0,0.0,0.0,0.0,-2.004,-2.004,0.0,0.0,0.0,0.0,0.0,6192.0,1.0406699612351174e+34,6925.0,2.718430741444032e+23,-0.0,-0.0,2.718430741444032e+23,0.0,0.0,0.0,0.0,69,-89221.172,-0.0,0.0,0.0,0.0,0.0,0.0,0.0,0.0,0,0,0,0.0,0.0,0.0,0.0,0.0,0.0,0.0,0.0,0.0,0.0,0.0,0.0,0.0,0.0,0.0,0.0,0,-107875648.0,69,0.0,138,0.0,-109447200.0,0,13107,17040,39322,17049,26215,17043,0,0,0,70,68,100,2.7302359370752657e+23,71.2,2.7302370179391762e+23,74.3,-0.0,74.0,1,49,50,180,13107,0,0,0,0.0,0.0,0.0,0.0,-0.0,67.0,0.0,162057.094,0.0,751,0,740,0,0,0,721,0,768,0,736,0,743,0,742,0,712,0,7520,0.032,108447924224.0,0.0,0.0,784,16797,-0.0,162057.094,-114818.039,-0.0,0.133,6.909358625270745e+28,30.0,65.0,35,0.0,0.0,0.0,0.0,0.0,0.0,0.0,0.0,0.0,0.0,0.0,0.0,0.0,0.0,0.0,0.0,69.2,0,150,71,55,65476,0,300,0,1,8,20529,65476,0,0,40632,65.0,0.0,0.0,0.0,0.0,0.0
2026-09-04T20:04:06,ERR,ERR,ERR,ERR,ERR,ERR,ERR,ERR,ERR,ERR,ERR,ERR,ERR,ERR,ERR,ERR,ERR,ERR,ERR,ERR,ERR,ERR,ERR,ERR,ERR,ERR,ERR,ERR,ERR,ERR,ERR,ERR,ERR,ERR,ERR,ERR,ERR,ERR,ERR,ERR,ERR,ERR,ERR,ERR,ERR,ERR,ERR,ERR,ERR,ERR,ERR,ERR,ERR,ERR,ERR,ERR,ERR,ERR,ERR,ERR,ERR,ERR,ERR,ERR,ERR,ERR,ERR,ERR,ERR,ERR,ERR,ERR,ERR,ERR,ERR,ERR,ERR,ERR,ERR,ERR,ERR,ERR,ERR,ERR,ERR,ERR,ERR,ERR,ERR,ERR,ERR,ERR,ERR,ERR,ERR,ERR,ERR,ERR,ERR,ERR,ERR,ERR,ERR,ERR,ERR,ERR,ERR,ERR,ERR,ERR,ERR,ERR,ERR,ERR,ERR,ERR,ERR,ERR,ERR,ERR,ERR,ERR,ERR,ERR,ERR,2.718430741444032e+23,-0.0,-134479040.0,0.0,0.0,1.3936040501711995e+18,7.805,0.0,0,0,4,0,7116,0.0,100,0.0,0.0,0.0,0.0,0.0,0,0,0,0,0.0,0,0,0,0,0,0,0,0,0,0,0,0,0,0,0,0,0,0,0,0,0,0,0,0,0,0,0,0,0,0,0,0,0,31,40,40,71,65476,0,300,0,0,8,21553,0.0,-107605600.0,0.0,0.0,0.0,0.0,0.0,0.0,0.0,0.0,0.0,0.0,0.0,0.0,0.0,0.0,0.0,0.0,0.0,0.0,0.0,0.0,0.0,-2.004,-2.004,0.0,0.0,0.0,0.0,0.0,6192.0,1.0406699612351174e+34,6925.0,2.718430741444032e+23,-0.0,-0.0,2.718430741444032e+23,0.0,0.0,0.0,0.0,69,-89221.172,-0.0,0.0,0.0,0.0,0.0,0.0,0.0,0.0,0,0,0,0.0,0.0,0.0,0.0,0.0,0.0,0.0,0.0,0.0,0.0,0.0,0.0,0.0,0.0,0.0,0.0,0,-107875648.0,69,0.0,138,0.0,-109447200.0,0,13107,17040,39322,17049,26215,17043,0,0,0,70,68,100,2.7302359370752657e+23,71.2,2.7302370179391762e+23,74.3,-0.0,74.0,1,49,50,180,13107,0,0,0,0.0,0.0,0.0,0.0,-0.0,67.0,0.0,162057.094,0.0,751,0,740,0,0,0,721,0,768,0,736,0,743,0,742,0,712,0,7520,0.032,108447924224.0,0.0,0.0,784,16797,-0.0,162057.094,-114818.039,-0.0,0.133,6.909358625270745e+28,30.0,65.0,35,0.0,0.0,0.0,0.0,0.0,0.0,0.0,0.0,0.0,0.0,0.0,0.0,0.0,0.0,0.0,0.0,69.6,0,150,71,55,65476,0,300,0,1,8,20529,65476,0,0,40632,65.0,0.0,0.0,0.0,0.0,0.0
2026-09-04T20:04:07,ERR,ERR,ERR,ERR,ERR,ERR,ERR,ERR,ERR,ERR,ERR,ERR,ERR,ERR,ERR,ERR,ERR,ERR,ERR,ERR,ERR,ERR,ERR,ERR,ERR,ERR,ERR,ERR,ERR,ERR,ERR,ERR,ERR,ERR,ERR,ERR,ERR,ERR,ERR,ERR,ERR,ERR,ERR,ERR,ERR,ERR,ERR,ERR,ERR,ERR,ERR,ERR,ERR,ERR,ERR,ERR,ERR,ERR,ERR,ERR,ERR,ERR,ERR,ERR,ERR,ERR,ERR,ERR,ERR,ERR,ERR,ERR,ERR,ERR,ERR,ERR,ERR,ERR,ERR,ERR,ERR,ERR,ERR,ERR,ERR,ERR,ERR,ERR,ERR,ERR,ERR,ERR,ERR,ERR,ERR,ERR,ERR,ERR,ERR,ERR,ERR,ERR,ERR,ERR,ERR,ERR,ERR,ERR,ERR,ERR,ERR,ERR,ERR,ERR,ERR,ERR,ERR,ERR,ERR,ERR,ERR,ERR,ERR,ERR,ERR,2.718430741444032e+23,-0.0,-134479040.0,0.0,0.0,1.3936040501711995e+18,7.805,0.0,0,0,4,0,7116,0.0,100,0.0,0.0,0.0,0.0,0.0,0,0,0,0,0.0,0,0,0,0,0,0,0,0,0,0,0,0,0,0,0,0,0,0,0,0,0,0,0,0,0,0,0,0,0,0,0,0,0,31,40,40,71,65476,0,300,0,0,8,21553,0.0,-107605600.0,0.0,0.0,0.0,0.0,0.0,0.0,0.0,0.0,0.0,0.0,0.0,0.0,0.0,0.0,0.0,0.0,0.0,0.0,0.0,0.0,0.0,-2.004,-2.004,0.0,0.0,0.0,0.0,0.0,6192.0,1.0406699612351174e+34,6925.0,2.718430741444032e+23,-0.0,-0.0,2.718430741444032e+23,0.0,0.0,0.0,0.0,69,-89221.172,-0.0,0.0,0.0,0.0,0.0,0.0,0.0,0.0,0,0,0,0.0,0.0,0.0,0.0,0.0,0.0,0.0,0.0,0.0,0.0,0.0,0.0,0.0,0.0,0.0,0.0,0,-107875648.0,69,0.0,138,0.0,-109447200.0,0,13107,17040,39322,17049,26215,17043,0,0,0,70,68,100,2.7302359370752657e+23,71.2,2.7302370179391762e+23,74.3,-0.0,74.0,1,49,50,180,13107,0,0,0,0.0,0.0,0.0,0.0,-0.0,67.0,0.0,162057.094,0.0,751,0,740,0,0,0,721,0,768,0,736,0,743,0,742,0,712,0,7520,0.032,108447924224.0,0.0,0.0,784,16797,-0.0,162057.094,-114818.039,-0.0,0.133,6.909358625270745e+28,30.0,65.0,35,0.0,0.0,0.0,0.0,0.0,0.0,0.0,0.0,0.0,0.0,0.0,0.0,0.0,0.0,0.0,0.0,69.6,0,150,71,55,65476,0,300,0,1,8,20529,65476,0,0,40632,65.0,0.0,0.0,0.0,0.0,0.0
2026-09-04T20:04:08,ERR,ERR,ERR,ERR,ERR,ERR,ERR,ERR,ERR,ERR,ERR,ERR,ERR,ERR,ERR,ERR,ERR,ERR,ERR,ERR,ERR,ERR,ERR,ERR,ERR,ERR,ERR,ERR,ERR,ERR,ERR,ERR,ERR,ERR,ERR,ERR,ERR,ERR,ERR,ERR,ERR,ERR,ERR,ERR,ERR,ERR,ERR,ERR,ERR,ERR,ERR,ERR,ERR,ERR,ERR,ERR,ERR,ERR,ERR,ERR,ERR,ERR,ERR,ERR,ERR,ERR,ERR,ERR,ERR,ERR,ERR,ERR,ERR,ERR,ERR,ERR,ERR,ERR,ERR,ERR,ERR,ERR,ERR,ERR,ERR,ERR,ERR,ERR,ERR,ERR,ERR,ERR,ERR,ERR,ERR,ERR,ERR,ERR,ERR,ERR,ERR,ERR,ERR,ERR,ERR,ERR,ERR,ERR,ERR,ERR,ERR,ERR,ERR,ERR,ERR,ERR,ERR,ERR,ERR,ERR,ERR,ERR,ERR,ERR,ERR,2.718430741444032e+23,2.7184312818759872e+23,0.0,0.0,0.0,1.3936040501711995e+18,7.805,0.0,0,0,4,0,7116,0.0,100,0.0,0.0,0.0,0.0,0.0,0,0,0,0,0.0,0,0,0,0,0,0,0,0,0,0,0,0,0,0,0,0,0,0,0,0,0,0,0,0,0,0,0,0,0,0,0,0,0,31,40,40,71,65476,0,300,0,0,8,21553,0.0,-107605600.0,0.0,0.0,0.0,0.0,0.0,0.0,0.0,0.0,0.0,0.0,0.0,0.0,0.0,0.0,0.0,0.0,0.0,0.0,0.0,0.0,0.0,-2.004,-2.004,0.0,0.0,0.0,0.0,0.0,6195.0,0.0,6917.0,2.718430741444032e+23,2.7184312818759872e+23,-0.0,2.718430741444032e+23,0.0,0.0,0.0,0.0,69,-89221.172,0.059,0.0,0.0,0.0,0.0,0.0,0.0,0.0,0,0,0,0.0,0.0,0.0,0.0,0.0,0.0,0.0,0.0,0.0,0.0,0.0,0.0,0.0,0.0,0.0,0.0,0,-107875648.0,69,0.0,138,0.0,-109447200.0,0,13107,17040,39322,17049,26215,17043,0,0,0,70,68,100,2.7302359370752657e+23,71.2,2.7302370179391762e+23,74.3,-0.0,74.0,1,49,50,180,13107,0,0,0,0.0,0.0,0.0,0.0,-0.0,67.0,0.0,162057.094,0.0,751,0,740,0,0,0,721,0,768,0,736,0,743,0,742,0,712,0,7520,0.032,108447924224.0,0.0,0.0,784,16797,-0.0,162057.094,-114818.039,-0.0,0.133,6.909358625270745e+28,30.0,65.0,35,0.0,0.0,0.0,0.0,0.0,0.0,0.0,0.0,0.0,0.0,0.0,0.0,0.0,0.0,0.0,0.0,69.6,0,150,71,55,65476,0,300,0,1,8,20529,65476,0,0,40632,65.0,0.0,0.0,0.0,0.0,0.0
2026-09-04T20:04:09,ERR,ERR,ERR,ERR,ERR,ERR,ERR,ERR,ERR,ERR,ERR,ERR,ERR,ERR,ERR,ERR,ERR,ERR,ERR,ERR,ERR,ERR,ERR,ERR,ERR,ERR,ERR,ERR,ERR,ERR,ERR,ERR,ERR,ERR,ERR,ERR,ERR,ERR,ERR,ERR,ERR,ERR,ERR,ERR,ERR,ERR,ERR,ERR,ERR,ERR,ERR,ERR,ERR,ERR,ERR,ERR,ERR,ERR,ERR,ERR,ERR,ERR,ERR,ERR,ERR,ERR,ERR,ERR,ERR,ERR,ERR,ERR,ERR,ERR,ERR,ERR,ERR,ERR,ERR,ERR,ERR,ERR,ERR,ERR,ERR,ERR,ERR,ERR,ERR,ERR,ERR,ERR,ERR,ERR,ERR,ERR,ERR,ERR,ERR,ERR,ERR,ERR,ERR,ERR,ERR,ERR,ERR,ERR,ERR,ERR,ERR,ERR,ERR,ERR,ERR,ERR,ERR,ERR,ERR,ERR,ERR,ERR,ERR,ERR,ERR,2.718430741444032e+23,2.7184312818759872e+23,0.0,0.0,0.0,1.3936040501711995e+18,7.805,0.0,0,0,4,0,7116,0.0,100,0.0,0.0,0.0,0.0,0.0,0,0,0,0,0.0,0,0,0,0,0,0,0,0,0,0,0,0,0,0,0,0,0,0,0,0,0,0,0,0,0,0,0,0,0,0,0,0,0,31,40,40,71,65476,0,300,0,0,8,21553,0.0,-107605600.0,0.0,0.0,0.0,0.0,0.0,0.0,0.0,0.0,0.0,0.0,0.0,0.0,0.0,0.0,0.0,0.0,0.0,0.0,0.0,0.0,0.0,-2.004,-2.004,0.0,0.0,0.0,0.0,0.0,6195.0,0.0,6917.0,2.718430741444032e+23,2.7184312818759872e+23,-0.0,2.718430741444032e+23,0.0,0.0,0.0,0.0,69,-89221.172,0.059,0.0,0.0,0.0,0.0,0.0,0.0,0.0,0,0,0,0.0,0.0,0.0,0.0,0.0,0.0,0.0,0.0,0.0,0.0,0.0,0.0,0.0,0.0,0.0,0.0,0,-107875648.0,69,0.0,138,0.0,-109447200.0,0,13107,17040,39322,17049,13107,17043,0,0,0,70,68,100,2.7302359370752657e+23,71.2,2.7302370179391762e+23,74.3,-0.0,74.0,1,49,50,180,13107,0,0,0,0.0,0.0,0.0,0.0,-0.0,67.0,0.0,162057.094,0.0,751,0,740,0,0,0,721,0,768,0,737,0,743,0,742,0,712,0,7520,0.032,108984795136.0,0.0,0.0,784,16797,-0.0,162057.094,-114818.039,-0.0,0.133,6.909358625270745e+28,30.0,65.0,35,0.0,0.0,0.0,0.0,0.0,0.0,0.0,0.0,0.0,0.0,0.0,0.0,0.0,0.0,0.0,0.0,69.2,0,150,71,55,65476,0,300,0,1,8,20529,65476,0,0,40632,65.0,0.0,0.0,0.0,0.0,0.0
2026-09-04T20:04:10,ERR,ERR,ERR,ERR,ERR,ERR,ERR,ERR,ERR,ERR,ERR,ERR,ERR,ERR,ERR,ERR,ERR,ERR,ERR,ERR,ERR,ERR,ERR,ERR,ERR,ERR,ERR,ERR,ERR,ERR,ERR,ERR,ERR,ERR,ERR,ERR,ERR,ERR,ERR,ERR,ERR,ERR,ERR,ERR,ERR,ERR,ERR,ERR,ERR,ERR,ERR,ERR,ERR,ERR,ERR,ERR,ERR,ERR,ERR,ERR,ERR,ERR,ERR,ERR,ERR,ERR,ERR,ERR,ERR,ERR,ERR,ERR,ERR,ERR,ERR,ERR,ERR,ERR,ERR,ERR,ERR,ERR,ERR,ERR,ERR,ERR,ERR,ERR,ERR,ERR,ERR,ERR,ERR,ERR,ERR,ERR,ERR,ERR,ERR,ERR,ERR,ERR,ERR,ERR,ERR,ERR,ERR,ERR,ERR,ERR,ERR,ERR,ERR,ERR,ERR,ERR,ERR,ERR,ERR,ERR,ERR,ERR,ERR,ERR,ERR,2.718430741444032e+23,2.7184312818759872e+23,0.0,0.0,0.0,1.3936040501711995e+18,7.805,0.0,0,0,4,0,7116,0.0,100,0.0,0.0,0.0,0.0,0.0,0,0,0,0,0.0,0,0,0,0,0,0,0,0,0,0,0,0,0,0,0,0,0,0,0,0,0,0,0,0,0,0,0,0,0,0,0,0,0,31,40,40,71,65476,0,300,0,0,8,21553,0.0,-107605600.0,0.0,0.0,0.0,0.0,0.0,0.0,0.0,0.0,0.0,0.0,0.0,0.0,0.0,0.0,0.0,0.0,0.0,0.0,0.0,0.0,0.0,-2.004,-2.004,0.0,0.0,0.0,0.0,0.0,6195.0,0.0,6917.0,2.718430741444032e+23,2.7184312818759872e+23,-0.0,2.718430741444032e+23,0.0,0.0,0.0,0.0,69,-89221.172,0.059,0.0,0.0,0.0,0.0,0.0,0.0,0.0,0,0,0,0.0,0.0,0.0,0.0,0.0,0.0,0.0,0.0,0.0,0.0,0.0,0.0,0.0,0.0,0.0,0.0,0,-107875648.0,69,0.0,138,0.0,-109447200.0,0,13107,17040,39322,17049,13107,17043,0,0,0,70,68,100,2.7302359370752657e+23,71.2,2.7302370179391762e+23,74.3,-0.0,74.0,1,49,50,180,13107,0,0,0,0.0,0.0,0.0,0.0,-0.0,67.0,0.0,162057.094,0.0,751,0,740,0,0,0,721,0,768,0,737,0,743,0,742,0,712,0,7520,0.032,108984795136.0,0.0,0.0,784,16797,-0.0,162057.094,-114818.039,-0.0,0.133,6.909358625270745e+28,30.0,65.0,35,0.0,0.0,0.0,0.0,0.0,0.0,0.0,0.0,0.0,0.0,0.0,0.0,0.0,0.0,0.0,0.0,69.2,0,150,71,55,65476,0,300,0,1,8,20529,65476,0,0,40632,65.0,0.0,0.0,0.0,0.0,0.0
2026-09-04T20:04:11,ERR,ERR,ERR,ERR,ERR,ERR,ERR,ERR,ERR,ERR,ERR,ERR,ERR,ERR,ERR,ERR,ERR,ERR,ERR,ERR,ERR,ERR,ERR,ERR,ERR,ERR,ERR,ERR,ERR,ERR,ERR,ERR,ERR,ERR,ERR,ERR,ERR,ERR,ERR,ERR,ERR,ERR,ERR,ERR,ERR,ERR,ERR,ERR,ERR,ERR,ERR,ERR,ERR,ERR,ERR,ERR,ERR,ERR,ERR,ERR,ERR,ERR,ERR,ERR,ERR,ERR,ERR,ERR,ERR,ERR,ERR,ERR,ERR,ERR,ERR,ERR,ERR,ERR,ERR,ERR,ERR,ERR,ERR,ERR,ERR,ERR,ERR,ERR,ERR,ERR,ERR,ERR,ERR,ERR,ERR,ERR,ERR,ERR,ERR,ERR,ERR,ERR,ERR,ERR,ERR,ERR,ERR,ERR,ERR,ERR,ERR,ERR,ERR,ERR,ERR,ERR,ERR,ERR,ERR,ERR,ERR,ERR,ERR,ERR,ERR,2.718430741444032e+23,2.7184312818759872e+23,0.0,0.0,0.0,1.3936040501711995e+18,7.805,0.0,0,0,4,0,7116,0.0,100,0.0,0.0,0.0,0.0,0.0,0,0,0,0,0.0,0,0,0,0,0,0,0,0,0,0,0,0,0,0,0,0,0,0,0,0,0,0,0,0,0,0,0,0,0,0,0,0,0,31,40,40,71,65476,0,300,0,0,8,21553,0.0,-107605600.0,0.0,0.0,0.0,0.0,0.0,0.0,0.0,0.0,0.0,0.0,0.0,0.0,0.0,0.0,0.0,0.0,0.0,0.0,0.0,0.0,0.0,-2.004,-2.004,0.0,0.0,0.0,0.0,0.0,6195.0,0.0,6917.0,2.718430741444032e+23,2.7184312818759872e+23,-0.0,2.718430741444032e+23,0.0,0.0,0.0,0.0,69,-89221.172,0.059,0.0,0.0,0.0,0.0,0.0,0.0,0.0,0,0,0,0.0,0.0,0.0,0.0,0.0,0.0,0.0,0.0,0.0,0.0,0.0,0.0,0.0,0.0,0.0,0.0,0,-107875648.0,69,0.0,138,0.0,-109447200.0,0,13107,17040,39322,17049,13107,17043,0,0,0,70,68,100,2.7302359370752657e+23,71.2,2.7302370179391762e+23,74.3,-0.0,74.0,1,49,50,180,13107,0,0,0,0.0,0.0,0.0,0.0,-0.0,67.0,0.0,162057.094,0.0,751,0,740,0,0,0,721,0,768,0,737,0,743,0,742,0,712,0,7520,0.032,108984795136.0,0.0,0.0,784,16797,-0.0,162057.094,-114818.039,-0.0,0.133,6.909358625270745e+28,30.0,65.0,35,0.0,0.0,0.0,0.0,0.0,0.0,0.0,0.0,0.0,0.0,0.0,0.0,0.0,0.0,0.0,0.0,69.2,0,150,71,55,65476,0,300,0,1,8,20529,65476,0,0,40632,65.0,0.0,0.0,0.0,0.0,0.0
2026-09-04T20:04:12,ERR,ERR,ERR,ERR,ERR,ERR,ERR,ERR,ERR,ERR,ERR,ERR,ERR,ERR,ERR,ERR,ERR,ERR,ERR,ERR,ERR,ERR,ERR,ERR,ERR,ERR,ERR,ERR,ERR,ERR,ERR,ERR,ERR,ERR,ERR,ERR,ERR,ERR,ERR,ERR,ERR,ERR,ERR,ERR,ERR,ERR,ERR,ERR,ERR,ERR,ERR,ERR,ERR,ERR,ERR,ERR,ERR,ERR,ERR,ERR,ERR,ERR,ERR,ERR,ERR,ERR,ERR,ERR,ERR,ERR,ERR,ERR,ERR,ERR,ERR,ERR,ERR,ERR,ERR,ERR,ERR,ERR,ERR,ERR,ERR,ERR,ERR,ERR,ERR,ERR,ERR,ERR,ERR,ERR,ERR,ERR,ERR,ERR,ERR,ERR,ERR,ERR,ERR,ERR,ERR,ERR,ERR,ERR,ERR,ERR,ERR,ERR,ERR,ERR,ERR,ERR,ERR,ERR,ERR,ERR,ERR,ERR,ERR,ERR,ERR,2.718430741444032e+23,2.7184312818759872e+23,0.0,0.0,0.0,1.3936040501711995e+18,7.805,0.0,0,0,4,0,7116,0.0,100,0.0,0.0,0.0,0.0,0.0,0,0,0,0,0.0,0,0,0,0,0,0,0,0,0,0,0,0,0,0,0,0,0,0,0,0,0,0,0,0,0,0,0,0,0,0,0,0,0,31,40,40,71,65476,0,300,0,0,8,21553,0.0,-107605600.0,0.0,0.0,0.0,0.0,0.0,0.0,0.0,0.0,0.0,0.0,0.0,0.0,0.0,0.0,0.0,0.0,0.0,0.0,0.0,0.0,0.0,-2.004,-2.004,0.0,0.0,0.0,0.0,0.0,6195.0,0.0,6917.0,2.718430741444032e+23,2.7184312818759872e+23,-0.0,2.718430741444032e+23,0.0,0.0,0.0,0.0,69,-89221.172,0.059,0.0,0.0,0.0,0.0,0.0,0.0,0.0,0,0,0,0.0,0.0,0.0,0.0,0.0,0.0,0.0,0.0,0.0,0.0,0.0,0.0,0.0,0.0,0.0,0.0,0,-107875648.0,69,0.0,138,0.0,-109447200.0,0,13107,17040,39322,17049,13107,17043,0,0,0,70,68,100,2.7302359370752657e+23,71.2,2.7302370179391762e+23,74.3,-0.0,74.0,1,49,50,180,13107,0,0,0,0.0,0.0,0.0,0.0,-0.0,67.0,0.0,162057.094,0.0,751,0,740,0,0,0,721,0,768,0,737,0,743,0,742,0,712,0,7520,0.032,108984795136.0,0.0,0.0,784,16797,-0.0,162057.094,-114818.039,-0.0,0.133,6.909358625270745e+28,30.0,65.0,35,0.0,0.0,0.0,0.0,0.0,0.0,0.0,0.0,0.0,0.0,0.0,0.0,0.0,0.0,0.0,0.0,69.2,0,150,71,55,65476,0,300,0,1,8,20529,65476,0,0,40632,65.0,0.0,0.0,0.0,0.0,0.0
2026-09-04T20:04:13,ERR,ERR,ERR,ERR,ERR,ERR,ERR,ERR,ERR,ERR,ERR,ERR,ERR,ERR,ERR,ERR,ERR,ERR,ERR,ERR,ERR,ERR,ERR,ERR,ERR,ERR,ERR,ERR,ERR,ERR,ERR,ERR,ERR,ERR,ERR,ERR,ERR,ERR,ERR,ERR,ERR,ERR,ERR,ERR,ERR,ERR,ERR,ERR,ERR,ERR,ERR,ERR,ERR,ERR,ERR,ERR,ERR,ERR,ERR,ERR,ERR,ERR,ERR,ERR,ERR,ERR,ERR,ERR,ERR,ERR,ERR,ERR,ERR,ERR,ERR,ERR,ERR,ERR,ERR,ERR,ERR,ERR,ERR,ERR,ERR,ERR,ERR,ERR,ERR,ERR,ERR,ERR,ERR,ERR,ERR,ERR,ERR,ERR,ERR,ERR,ERR,ERR,ERR,ERR,ERR,ERR,ERR,ERR,ERR,ERR,ERR,ERR,ERR,ERR,ERR,ERR,ERR,ERR,ERR,ERR,ERR,ERR,ERR,ERR,ERR,2.718430741444032e+23,2.7184312818759872e+23,0.0,0.0,0.0,1.3936040501711995e+18,7.805,0.0,0,0,4,0,7116,0.0,100,0.0,0.0,0.0,0.0,0.0,0,0,0,0,0.0,0,0,0,0,0,0,0,0,0,0,0,0,0,0,0,0,0,0,0,0,0,0,0,0,0,0,0,0,0,0,0,0,0,31,40,40,71,65476,0,300,0,0,8,21553,0.0,-107605600.0,0.0,0.0,0.0,0.0,0.0,0.0,0.0,0.0,0.0,0.0,0.0,0.0,0.0,0.0,0.0,0.0,0.0,0.0,0.0,0.0,0.0,-2.004,-2.004,0.0,0.0,0.0,0.0,0.0,6195.0,0.0,6917.0,2.718430741444032e+23,2.7184312818759872e+23,-0.0,2.718430741444032e+23,0.0,0.0,0.0,0.0,69,-89221.172,0.059,0.0,0.0,0.0,0.0,0.0,0.0,0.0,0,0,0,0.0,0.0,0.0,0.0,0.0,0.0,0.0,0.0,0.0,0.0,0.0,0.0,0.0,0.0,0.0,0.0,0,-107875648.0,69,0.0,138,0.0,-109447200.0,0,13107,17040,39322,17049,13107,17043,0,0,0,70,68,100,2.7302359370752657e+23,71.2,2.7302370179391762e+23,74.3,-0.0,74.0,1,49,50,180,13107,0,0,0,0.0,0.0,0.0,0.0,-0.0,67.0,0.0,162057.094,0.0,751,0,740,0,0,0,721,0,768,0,737,0,743,0,742,0,712,0,7520,0.032,108984795136.0,0.0,0.0,784,16797,-0.0,162057.094,-114818.039,-0.0,0.133,6.909358625270745e+28,30.0,65.0,35,0.0,0.0,0.0,0.0,0.0,0.0,0.0,0.0,0.0,0.0,0.0,0.0,0.0,0.0,0.0,0.0,69.2,0,150,71,55,65476,0,300,0,1,8,20529,65476,0,0,40632,65.0,0.0,0.0,0.0,0.0,0.0
2026-09-04T20:04:14,ERR,ERR,ERR,ERR,ERR,ERR,ERR,ERR,ERR,ERR,ERR,ERR,ERR,ERR,ERR,ERR,ERR,ERR,ERR,ERR,ERR,ERR,ERR,ERR,ERR,ERR,ERR,ERR,ERR,ERR,ERR,ERR,ERR,ERR,ERR,ERR,ERR,ERR,ERR,ERR,ERR,ERR,ERR,ERR,ERR,ERR,ERR,ERR,ERR,ERR,ERR,ERR,ERR,ERR,ERR,ERR,ERR,ERR,ERR,ERR,ERR,ERR,ERR,ERR,ERR,ERR,ERR,ERR,ERR,ERR,ERR,ERR,ERR,ERR,ERR,ERR,ERR,ERR,ERR,ERR,ERR,ERR,ERR,ERR,ERR,ERR,ERR,ERR,ERR,ERR,ERR,ERR,ERR,ERR,ERR,ERR,ERR,ERR,ERR,ERR,ERR,ERR,ERR,ERR,ERR,ERR,ERR,ERR,ERR,ERR,ERR,ERR,ERR,ERR,ERR,ERR,ERR,ERR,ERR,ERR,ERR,ERR,ERR,ERR,ERR,2.718430741444032e+23,2.7184312818759872e+23,0.0,0.0,0.0,1.3936040501711995e+18,7.805,0.0,0,0,4,0,7116,0.0,100,0.0,0.0,0.0,0.0,0.0,0,0,0,0,0.0,0,0,0,0,0,0,0,0,0,0,0,0,0,0,0,0,0,0,0,0,0,0,0,0,0,0,0,0,0,0,0,0,0,31,40,40,71,65476,0,300,0,0,8,21553,0.0,-107605600.0,0.0,0.0,0.0,0.0,0.0,0.0,0.0,0.0,0.0,0.0,0.0,0.0,0.0,0.0,0.0,0.0,0.0,0.0,0.0,0.0,0.0,-2.004,-2.004,0.0,0.0,0.0,0.0,0.0,6195.0,0.0,6917.0,2.718430741444032e+23,2.7184312818759872e+23,-0.0,2.718430741444032e+23,0.0,0.0,0.0,0.0,69,-89221.172,0.059,0.0,0.0,0.0,0.0,0.0,0.0,0.0,0,0,0,0.0,0.0,0.0,0.0,0.0,0.0,0.0,0.0,0.0,0.0,0.0,0.0,0.0,0.0,0.0,0.0,0,-107875648.0,69,0.0,138,0.0,-109447200.0,0,13107,17040,39322,17049,13107,17043,0,0,0,70,68,100,2.7302359370752657e+23,71.2,2.7302370179391762e+23,74.3,-0.0,74.0,1,49,50,180,13107,0,0,0,0.0,0.0,0.0,0.0,-0.0,67.0,0.0,162057.094,0.0,751,0,740,0,0,0,721,0,768,0,737,0,743,0,742,0,712,0,7520,0.032,108984795136.0,0.0,0.0,784,16797,-0.0,162057.094,-114818.039,-0.0,0.133,6.909358625270745e+28,30.0,65.0,35,0.0,0.0,0.0,0.0,0.0,0.0,0.0,0.0,0.0,0.0,0.0,0.0,0.0,0.0,0.0,0.0,69.2,0,150,71,55,65476,0,300,0,1,8,20529,65476,0,0,40632,65.0,0.0,0.0,0.0,0.0,0.0
2026-09-04T20:04:15,ERR,ERR,ERR,ERR,ERR,ERR,ERR,ERR,ERR,ERR,ERR,ERR,ERR,ERR,ERR,ERR,ERR,ERR,ERR,ERR,ERR,ERR,ERR,ERR,ERR,ERR,ERR,ERR,ERR,ERR,ERR,ERR,ERR,ERR,ERR,ERR,ERR,ERR,ERR,ERR,ERR,ERR,ERR,ERR,ERR,ERR,ERR,ERR,ERR,ERR,ERR,ERR,ERR,ERR,ERR,ERR,ERR,ERR,ERR,ERR,ERR,ERR,ERR,ERR,ERR,ERR,ERR,ERR,ERR,ERR,ERR,ERR,ERR,ERR,ERR,ERR,ERR,ERR,ERR,ERR,ERR,ERR,ERR,ERR,ERR,ERR,ERR,ERR,ERR,ERR,ERR,ERR,ERR,ERR,ERR,ERR,ERR,ERR,ERR,ERR,ERR,ERR,ERR,ERR,ERR,ERR,ERR,ERR,ERR,ERR,ERR,ERR,ERR,ERR,ERR,ERR,ERR,ERR,ERR,ERR,ERR,ERR,ERR,ERR,ERR,2.718430741444032e+23,2.7184312818759872e+23,0.0,0.0,0.0,1.3936040501711995e+18,7.805,0.0,0,0,4,0,7116,0.0,100,0.0,0.0,0.0,0.0,0.0,0,0,0,0,0.0,0,0,0,0,0,0,0,0,0,0,0,0,0,0,0,0,0,0,0,0,0,0,0,0,0,0,0,0,0,0,0,0,0,31,40,40,71,65476,0,300,0,0,8,21553,0.0,-107605600.0,0.0,0.0,0.0,0.0,0.0,0.0,0.0,0.0,0.0,0.0,0.0,0.0,0.0,0.0,0.0,0.0,0.0,0.0,0.0,0.0,0.0,-2.004,-2.004,0.0,0.0,0.0,0.0,0.0,6195.0,0.0,6917.0,2.718430741444032e+23,2.7184312818759872e+23,-0.0,2.718430741444032e+23,0.0,0.0,0.0,0.0,69,-89221.172,0.059,0.0,0.0,0.0,0.0,0.0,0.0,0.0,0,0,0,0.0,0.0,0.0,0.0,0.0,0.0,0.0,0.0,0.0,0.0,0.0,0.0,0.0,0.0,0.0,0.0,0,-107875648.0,69,0.0,138,0.0,-109447200.0,0,13107,17040,39322,17049,13107,17043,0,0,0,70,68,100,2.7302359370752657e+23,71.2,2.7302370179391762e+23,74.3,-0.0,74.0,1,49,50,180,26215,0,0,0,0.0,0.0,0.0,0.0,-0.0,67.0,0.0,162057.094,0.0,751,0,740,0,0,0,721,0,768,0,736,0,742,0,742,0,712,0,7520,0.032,108447924224.0,0.0,0.0,784,16797,-0.0,162057.094,-114818.039,-0.0,0.133,6.909358625270745e+28,30.0,65.0,35,0.0,0.0,0.0,0.0,0.0,0.0,0.0,0.0,0.0,0.0,0.0,0.0,0.0,0.0,0.0,0.0,69.2,0,150,71,55,65476,0,300,0,1,8,20529,65476,0,0,40632,65.0,0.0,0.0,0.0,0.0,0.0
2026-09-04T20:04:16,ERR,ERR,ERR,ERR,ERR,ERR,ERR,ERR,ERR,ERR,ERR,ERR,ERR,ERR,ERR,ERR,ERR,ERR,ERR,ERR,ERR,ERR,ERR,ERR,ERR,ERR,ERR,ERR,ERR,ERR,ERR,ERR,ERR,ERR,ERR,ERR,ERR,ERR,ERR,ERR,ERR,ERR,ERR,ERR,ERR,ERR,ERR,ERR,ERR,ERR,ERR,ERR,ERR,ERR,ERR,ERR,ERR,ERR,ERR,ERR,ERR,ERR,ERR,ERR,ERR,ERR,ERR,ERR,ERR,ERR,ERR,ERR,ERR,ERR,ERR,ERR,ERR,ERR,ERR,ERR,ERR,ERR,ERR,ERR,ERR,ERR,ERR,ERR,ERR,ERR,ERR,ERR,ERR,ERR,ERR,ERR,ERR,ERR,ERR,ERR,ERR,ERR,ERR,ERR,ERR,ERR,ERR,ERR,ERR,ERR,ERR,ERR,ERR,ERR,ERR,ERR,ERR,ERR,ERR,ERR,ERR,ERR,ERR,ERR,ERR,2.718430741444032e+23,2.7184312818759872e+23,0.0,0.0,0.0,1.3936040501711995e+18,7.805,0.0,0,0,4,0,7116,0.0,100,0.0,0.0,0.0,0.0,0.0,0,0,0,0,0.0,0,0,0,0,0,0,0,0,0,0,0,0,0,0,0,0,0,0,0,0,0,0,0,0,0,0,0,0,0,0,0,0,0,31,40,40,71,65476,0,300,0,0,8,21553,0.0,-107605600.0,0.0,0.0,0.0,0.0,0.0,0.0,0.0,0.0,0.0,0.0,0.0,0.0,0.0,0.0,0.0,0.0,0.0,0.0,0.0,0.0,0.0,-2.004,-2.004,0.0,0.0,0.0,0.0,0.0,6198.0,-0.0,6935.0,2.718430741444032e+23,2.7184312818759872e+23,-0.0,2.718430741444032e+23,0.0,0.0,0.0,0.0,69,-152018589057024.0,-4.9504197001927324e+32,0.0,0.0,0.0,0.0,0.0,0.0,0.0,0,0,0,0.0,0.0,0.0,0.0,0.0,0.0,0.0,0.0,0.0,0.0,0.0,0.0,0.0,0.0,0.0,0.0,0,-107875648.0,69,0.0,138,0.0,-109447200.0,0,13107,17040,39322,17049,13107,17043,0,0,0,70,68,100,2.7302359370752657e+23,71.2,2.7302370179391762e+23,74.3,-0.0,74.0,1,49,50,180,26215,0,0,0,0.0,0.0,0.0,0.0,-0.0,67.0,0.0,162057.094,0.0,751,0,740,0,0,0,721,0,768,0,736,0,742,0,742,0,712,0,7520,0.032,108447924224.0,0.0,0.0,784,16797,-0.0,162057.094,-114818.039,-0.0,0.133,6.909358625270745e+28,30.0,65.0,35,0.0,0.0,0.0,0.0,0.0,0.0,0.0,0.0,0.0,0.0,0.0,0.0,0.0,0.0,0.0,0.0,69.2,0,150,71,55,65476,0,300,0,1,8,20529,65476,0,0,40632,65.0,0.0,0.0,0.0,0.0,0.0
2026-09-04T20:04:17,ERR,ERR,ERR,ERR,ERR,ERR,ERR,ERR,ERR,ERR,ERR,ERR,ERR,ERR,ERR,ERR,ERR,ERR,ERR,ERR,ERR,ERR,ERR,ERR,ERR,ERR,ERR,ERR,ERR,ERR,ERR,ERR,ERR,ERR,ERR,ERR,ERR,ERR,ERR,ERR,ERR,ERR,ERR,ERR,ERR,ERR,ERR,ERR,ERR,ERR,ERR,ERR,ERR,ERR,ERR,ERR,ERR,ERR,ERR,ERR,ERR,ERR,ERR,ERR,ERR,ERR,ERR,ERR,ERR,ERR,ERR,ERR,ERR,ERR,ERR,ERR,ERR,ERR,ERR,ERR,ERR,ERR,ERR,ERR,ERR,ERR,ERR,ERR,ERR,ERR,ERR,ERR,ERR,ERR,ERR,ERR,ERR,ERR,ERR,ERR,ERR,ERR,ERR,ERR,ERR,ERR,ERR,ERR,ERR,ERR,ERR,ERR,ERR,ERR,ERR,ERR,ERR,ERR,ERR,ERR,ERR,ERR,ERR,ERR,ERR,2.718430741444032e+23,2.7184312818759872e+23,0.0,0.0,0.0,1.3936040501711995e+18,7.805,0.0,0,0,4,0,7116,0.0,100,0.0,0.0,0.0,0.0,0.0,0,0,0,0,0.0,0,0,0,0,0,0,0,0,0,0,0,0,0,0,0,0,0,0,0,0,0,0,0,0,0,0,0,0,0,0,0,0,0,31,40,40,71,65476,0,300,0,0,8,21553,0.0,-107605600.0,0.0,0.0,0.0,0.0,0.0,0.0,0.0,0.0,0.0,0.0,0.0,0.0,0.0,0.0,0.0,0.0,0.0,0.0,0.0,0.0,0.0,-2.004,-2.004,0.0,0.0,0.0,0.0,0.0,6198.0,-0.0,6935.0,2.718430741444032e+23,2.7184312818759872e+23,-0.0,2.718430741444032e+23,0.0,0.0,0.0,0.0,69,-152018589057024.0,-4.9504197001927324e+32,0.0,0.0,0.0,0.0,0.0,0.0,0.0,0,0,0,0.0,0.0,0.0,0.0,0.0,0.0,0.0,0.0,0.0,0.0,0.0,0.0,0.0,0.0,0.0,0.0,0,-107875648.0,69,0.0,138,0.0,-109447200.0,0,13107,17040,39322,17049,13107,17043,0,0,0,70,68,100,2.7302359370752657e+23,71.2,2.7302370179391762e+23,74.3,-0.0,74.0,1,49,50,180,26215,0,0,0,0.0,0.0,0.0,0.0,-0.0,67.0,0.0,162057.094,0.0,751,0,740,0,0,0,721,0,768,0,736,0,742,0,742,0,712,0,7520,0.032,108447924224.0,0.0,0.0,784,16797,-0.0,162057.094,-114818.039,-0.0,0.133,6.909358625270745e+28,30.0,65.0,35,0.0,0.0,0.0,0.0,0.0,0.0,0.0,0.0,0.0,0.0,0.0,0.0,0.0,0.0,0.0,0.0,69.2,0,150,71,55,65476,0,300,0,1,8,20529,65476,0,0,40632,65.0,0.0,0.0,0.0,0.0,0.0
2026-09-04T20:04:18,ERR,ERR,ERR,ERR,ERR,ERR,ERR,ERR,ERR,ERR,ERR,ERR,ERR,ERR,ERR,ERR,ERR,ERR,ERR,ERR,ERR,ERR,ERR,ERR,ERR,ERR,ERR,ERR,ERR,ERR,ERR,ERR,ERR,ERR,ERR,ERR,ERR,ERR,ERR,ERR,ERR,ERR,ERR,ERR,ERR,ERR,ERR,ERR,ERR,ERR,ERR,ERR,ERR,ERR,ERR,ERR,ERR,ERR,ERR,ERR,ERR,ERR,ERR,ERR,ERR,ERR,ERR,ERR,ERR,ERR,ERR,ERR,ERR,ERR,ERR,ERR,ERR,ERR,ERR,ERR,ERR,ERR,ERR,ERR,ERR,ERR,ERR,ERR,ERR,ERR,ERR,ERR,ERR,ERR,ERR,ERR,ERR,ERR,ERR,ERR,ERR,ERR,ERR,ERR,ERR,ERR,ERR,ERR,ERR,ERR,ERR,ERR,ERR,ERR,ERR,ERR,ERR,ERR,ERR,ERR,ERR,ERR,ERR,ERR,ERR,2.718430741444032e+23,2.7184312818759872e+23,0.0,0.0,0.0,1.3936040501711995e+18,7.805,0.0,0,0,4,0,7116,0.0,100,0.0,0.0,0.0,0.0,0.0,0,0,0,0,0.0,0,0,0,0,0,0,0,0,0,0,0,0,0,0,0,0,0,0,0,0,0,0,0,0,0,0,0,0,0,0,0,0,0,31,40,40,71,65476,0,300,0,0,8,21553,0.0,-107605600.0,0.0,0.0,0.0,0.0,0.0,0.0,0.0,0.0,0.0,0.0,0.0,0.0,0.0,0.0,0.0,0.0,0.0,0.0,0.0,0.0,0.0,-2.004,-2.004,0.0,0.0,0.0,0.0,0.0,6198.0,-0.0,6935.0,2.718430741444032e+23,2.7184312818759872e+23,-0.0,2.718430741444032e+23,0.0,0.0,0.0,0.0,69,-152018589057024.0,-4.9504197001927324e+32,0.0,0.0,0.0,0.0,0.0,0.0,0.0,0,0,0,0.0,0.0,0.0,0.0,0.0,0.0,0.0,0.0,0.0,0.0,0.0,0.0,0.0,0.0,0.0,0.0,0,-107875648.0,69,0.0,138,0.0,-109447200.0,0,13107,17040,39322,17049,13107,17043,0,0,0,70,68,100,2.7302359370752657e+23,71.2,2.7302370179391762e+23,74.3,-0.0,74.0,1,49,50,180,26215,0,0,0,0.0,0.0,0.0,0.0,-0.0,67.0,0.0,162057.094,0.0,751,0,740,0,0,0,721,0,768,0,736,0,742,0,742,0,712,0,7520,0.032,108447924224.0,0.0,0.0,784,16797,-0.0,162057.094,-114818.039,-0.0,0.133,6.909358625270745e+28,30.0,65.0,35,0.0,0.0,0.0,0.0,0.0,0.0,0.0,0.0,0.0,0.0,0.0,0.0,0.0,0.0,0.0,0.0,69.2,0,150,71,55,65476,0,300,0,1,8,20529,65476,0,0,40632,65.0,0.0,0.0,0.0,0.0,0.0
2026-09-04T20:04:19,ERR,ERR,ERR,ERR,ERR,ERR,ERR,ERR,ERR,ERR,ERR,ERR,ERR,ERR,ERR,ERR,ERR,ERR,ERR,ERR,ERR,ERR,ERR,ERR,ERR,ERR,ERR,ERR,ERR,ERR,ERR,ERR,ERR,ERR,ERR,ERR,ERR,ERR,ERR,ERR,ERR,ERR,ERR,ERR,ERR,ERR,ERR,ERR,ERR,ERR,ERR,ERR,ERR,ERR,ERR,ERR,ERR,ERR,ERR,ERR,ERR,ERR,ERR,ERR,ERR,ERR,ERR,ERR,ERR,ERR,ERR,ERR,ERR,ERR,ERR,ERR,ERR,ERR,ERR,ERR,ERR,ERR,ERR,ERR,ERR,ERR,ERR,ERR,ERR,ERR,ERR,ERR,ERR,ERR,ERR,ERR,ERR,ERR,ERR,ERR,ERR,ERR,ERR,ERR,ERR,ERR,ERR,ERR,ERR,ERR,ERR,ERR,ERR,ERR,ERR,ERR,ERR,ERR,ERR,ERR,ERR,ERR,ERR,ERR,ERR,2.718430741444032e+23,2.7184312818759872e+23,0.0,0.0,0.0,1.3936040501711995e+18,7.805,0.0,0,0,4,0,7116,0.0,100,0.0,0.0,0.0,0.0,0.0,0,0,0,0,0.0,0,0,0,0,0,0,0,0,0,0,0,0,0,0,0,0,0,0,0,0,0,0,0,0,0,0,0,0,0,0,0,0,0,31,40,40,71,65476,0,300,0,0,8,21553,0.0,-107605600.0,0.0,0.0,0.0,0.0,0.0,0.0,0.0,0.0,0.0,0.0,0.0,0.0,0.0,0.0,0.0,0.0,0.0,0.0,0.0,0.0,0.0,-2.004,-2.004,0.0,0.0,0.0,0.0,0.0,6198.0,-0.0,6935.0,2.718430741444032e+23,2.7184312818759872e+23,-0.0,2.718430741444032e+23,0.0,0.0,0.0,0.0,69,-152018589057024.0,-4.9504197001927324e+32,0.0,0.0,0.0,0.0,0.0,0.0,0.0,0,0,0,0.0,0.0,0.0,0.0,0.0,0.0,0.0,0.0,0.0,0.0,0.0,0.0,0.0,0.0,0.0,0.0,0,-107875648.0,69,0.0,138,0.0,-109447200.0,0,13107,17040,39322,17049,13107,17043,0,0,0,70,68,100,2.7302359370752657e+23,71.2,2.7302370179391762e+23,74.3,-0.0,74.0,1,49,50,180,13107,0,0,0,0.0,0.0,0.0,0.0,-0.0,67.0,0.0,162057.094,0.0,751,0,740,0,0,0,721,0,768,0,736,0,743,0,742,0,712,0,7520,0.032,108447924224.0,0.0,0.0,784,16797,-0.0,162057.094,-114818.039,-0.0,0.133,6.909358625270745e+28,30.0,65.0,35,0.0,0.0,0.0,0.0,0.0,0.0,0.0,0.0,0.0,0.0,0.0,0.0,0.0,0.0,0.0,0.0,69.2,0,150,71,55,65476,0,300,0,1,8,20529,65476,0,0,40632,65.0,0.0,0.0,0.0,0.0,0.0
2026-09-04T20:04:20,ERR,ERR,ERR,ERR,ERR,ERR,ERR,ERR,ERR,ERR,ERR,ERR,ERR,ERR,ERR,ERR,ERR,ERR,ERR,ERR,ERR,ERR,ERR,ERR,ERR,ERR,ERR,ERR,ERR,ERR,ERR,ERR,ERR,ERR,ERR,ERR,ERR,ERR,ERR,ERR,ERR,ERR,ERR,ERR,ERR,ERR,ERR,ERR,ERR,ERR,ERR,ERR,ERR,ERR,ERR,ERR,ERR,ERR,ERR,ERR,ERR,ERR,ERR,ERR,ERR,ERR,ERR,ERR,ERR,ERR,ERR,ERR,ERR,ERR,ERR,ERR,ERR,ERR,ERR,ERR,ERR,ERR,ERR,ERR,ERR,ERR,ERR,ERR,ERR,ERR,ERR,ERR,ERR,ERR,ERR,ERR,ERR,ERR,ERR,ERR,ERR,ERR,ERR,ERR,ERR,ERR,ERR,ERR,ERR,ERR,ERR,ERR,ERR,ERR,ERR,ERR,ERR,ERR,ERR,ERR,ERR,ERR,ERR,ERR,ERR,2.718430741444032e+23,2.7184312818759872e+23,0.0,0.0,0.0,1.3936040501711995e+18,7.805,0.0,0,0,4,0,7116,0.0,100,0.0,0.0,0.0,0.0,0.0,0,0,0,0,0.0,0,0,0,0,0,0,0,0,0,0,0,0,0,0,0,0,0,0,0,0,0,0,0,0,0,0,0,0,0,0,0,0,0,31,40,40,71,65476,0,300,0,0,8,21553,0.0,-107605600.0,0.0,0.0,0.0,0.0,0.0,0.0,0.0,0.0,0.0,0.0,0.0,0.0,0.0,0.0,0.0,0.0,0.0,0.0,0.0,0.0,0.0,-2.004,-2.004,0.0,0.0,0.0,0.0,0.0,6198.0,-0.0,6935.0,2.718430741444032e+23,2.7184312818759872e+23,-0.0,2.718430741444032e+23,0.0,0.0,0.0,0.0,69,-152018589057024.0,-4.9504197001927324e+32,0.0,0.0,0.0,0.0,0.0,0.0,0.0,0,0,0,0.0,0.0,0.0,0.0,0.0,0.0,0.0,0.0,0.0,0.0,0.0,0.0,0.0,0.0,0.0,0.0,0,-107875648.0,69,0.0,138,0.0,-109447200.0,0,13107,17040,39322,17049,13107,17043,0,0,0,70,68,100,2.7302359370752657e+23,71.2,2.7302370179391762e+23,74.3,-0.0,74.0,1,49,50,180,13107,0,0,0,0.0,0.0,0.0,0.0,-0.0,67.0,0.0,162057.094,0.0,751,0,740,0,0,0,721,0,768,0,736,0,743,0,742,0,712,0,7520,0.032,108447924224.0,0.0,0.0,784,16797,-0.0,162057.094,-114818.039,-0.0,0.133,6.909358625270745e+28,30.0,65.0,35,0.0,0.0,0.0,0.0,0.0,0.0,0.0,0.0,0.0,0.0,0.0,0.0,0.0,0.0,0.0,0.0,69.2,0,150,71,55,65476,0,300,0,1,8,20529,65476,0,0,40632,65.0,0.0,0.0,0.0,0.0,0.0
2026-09-04T20:04:21,ERR,ERR,ERR,ERR,ERR,ERR,ERR,ERR,ERR,ERR,ERR,ERR,ERR,ERR,ERR,ERR,ERR,ERR,ERR,ERR,ERR,ERR,ERR,ERR,ERR,ERR,ERR,ERR,ERR,ERR,ERR,ERR,ERR,ERR,ERR,ERR,ERR,ERR,ERR,ERR,ERR,ERR,ERR,ERR,ERR,ERR,ERR,ERR,ERR,ERR,ERR,ERR,ERR,ERR,ERR,ERR,ERR,ERR,ERR,ERR,ERR,ERR,ERR,ERR,ERR,ERR,ERR,ERR,ERR,ERR,ERR,ERR,ERR,ERR,ERR,ERR,ERR,ERR,ERR,ERR,ERR,ERR,ERR,ERR,ERR,ERR,ERR,ERR,ERR,ERR,ERR,ERR,ERR,ERR,ERR,ERR,ERR,ERR,ERR,ERR,ERR,ERR,ERR,ERR,ERR,ERR,ERR,ERR,ERR,ERR,ERR,ERR,ERR,ERR,ERR,ERR,ERR,ERR,ERR,ERR,ERR,ERR,ERR,ERR,ERR,2.718430741444032e+23,2.7184312818759872e+23,0.0,0.0,0.0,1.3936040501711995e+18,7.805,0.0,0,0,4,0,7116,0.0,100,0.0,0.0,0.0,0.0,0.0,0,0,0,0,0.0,0,0,0,0,0,0,0,0,0,0,0,0,0,0,0,0,0,0,0,0,0,0,0,0,0,0,0,0,0,0,0,0,0,31,40,40,71,65476,0,300,0,0,8,21553,0.0,-107605600.0,0.0,0.0,0.0,0.0,0.0,0.0,0.0,0.0,0.0,0.0,0.0,0.0,0.0,0.0,0.0,0.0,0.0,0.0,0.0,0.0,0.0,-2.004,-2.004,0.0,0.0,0.0,0.0,0.0,6230.0,0.0,6913.0,2.718430741444032e+23,2.7184312818759872e+23,-0.0,2.718430741444032e+23,0.0,0.0,0.0,0.0,69,-152018589057024.0,1.905694169104384e+17,0.0,0.0,0.0,0.0,0.0,0.0,0.0,0,0,0,0.0,0.0,0.0,0.0,0.0,0.0,0.0,0.0,0.0,0.0,0.0,0.0,0.0,0.0,0.0,0.0,0,-107875648.0,69,0.0,138,0.0,-109447200.0,0,13107,17040,39322,17049,13107,17043,0,0,0,70,68,100,2.7302359370752657e+23,71.2,2.7302370179391762e+23,74.3,-0.0,74.0,1,49,50,180,13107,0,0,0,0.0,0.0,0.0,0.0,-0.0,67.0,0.0,162057.094,0.0,751,0,740,0,0,0,721,0,768,0,736,0,743,0,742,0,712,0,7520,0.032,108447924224.0,0.0,0.0,784,16797,-0.0,162057.094,-114818.039,-0.0,0.133,6.909358625270745e+28,30.0,65.0,35,0.0,0.0,0.0,0.0,0.0,0.0,0.0,0.0,0.0,0.0,0.0,0.0,0.0,0.0,0.0,0.0,69.2,0,150,71,55,65476,0,300,0,1,8,20529,65476,0,0,40632,65.0,0.0,0.0,0.0,0.0,0.0
2026-09-04T20:04:22,ERR,ERR,ERR,ERR,ERR,ERR,ERR,ERR,ERR,ERR,ERR,ERR,ERR,ERR,ERR,ERR,ERR,ERR,ERR,ERR,ERR,ERR,ERR,ERR,ERR,ERR,ERR,ERR,ERR,ERR,ERR,ERR,ERR,ERR,ERR,ERR,ERR,ERR,ERR,ERR,ERR,ERR,ERR,ERR,ERR,ERR,ERR,ERR,ERR,ERR,ERR,ERR,ERR,ERR,ERR,ERR,ERR,ERR,ERR,ERR,ERR,ERR,ERR,ERR,ERR,ERR,ERR,ERR,ERR,ERR,ERR,ERR,ERR,ERR,ERR,ERR,ERR,ERR,ERR,ERR,ERR,ERR,ERR,ERR,ERR,ERR,ERR,ERR,ERR,ERR,ERR,ERR,ERR,ERR,ERR,ERR,ERR,ERR,ERR,ERR,ERR,ERR,ERR,ERR,ERR,ERR,ERR,ERR,ERR,ERR,ERR,ERR,ERR,ERR,ERR,ERR,ERR,ERR,ERR,ERR,ERR,ERR,ERR,ERR,ERR,2.718430741444032e+23,2.7184312818759872e+23,0.0,0.0,0.0,1.3936040501711995e+18,7.805,0.0,0,0,4,0,7116,0.0,100,0.0,0.0,0.0,0.0,0.0,0,0,0,0,0.0,0,0,0,0,0,0,0,0,0,0,0,0,0,0,0,0,0,0,0,0,0,0,0,0,0,0,0,0,0,0,0,0,0,31,40,40,71,65476,0,300,0,0,8,21553,0.0,-107605600.0,0.0,0.0,0.0,0.0,0.0,0.0,0.0,0.0,0.0,0.0,0.0,0.0,0.0,0.0,0.0,0.0,0.0,0.0,0.0,0.0,0.0,-2.004,-2.004,0.0,0.0,0.0,0.0,0.0,6230.0,0.0,6913.0,2.718430741444032e+23,2.7184312818759872e+23,-0.0,2.718430741444032e+23,0.0,0.0,0.0,0.0,69,-152018589057024.0,1.905694169104384e+17,0.0,0.0,0.0,0.0,0.0,0.0,0.0,0,0,0,0.0,0.0,0.0,0.0,0.0,0.0,0.0,0.0,0.0,0.0,0.0,0.0,0.0,0.0,0.0,0.0,0,-107875648.0,69,0.0,138,0.0,-109447200.0,0,13107,17040,39322,17049,13107,17043,0,0,0,70,68,100,2.7302359370752657e+23,71.2,2.7302370179391762e+23,74.3,-0.0,74.0,1,49,50,180,13107,0,0,0,0.0,0.0,0.0,0.0,-0.0,67.0,0.0,162057.094,0.0,751,0,740,0,0,0,721,0,768,0,736,0,743,0,742,0,712,0,7520,0.032,108447924224.0,0.0,0.0,784,16797,-0.0,162057.094,-114818.039,-0.0,0.133,6.909358625270745e+28,30.0,65.0,35,0.0,0.0,0.0,0.0,0.0,0.0,0.0,0.0,0.0,0.0,0.0,0.0,0.0,0.0,0.0,0.0,69.2,0,150,71,55,65476,0,300,0,1,8,20529,65476,0,0,40632,65.0,0.0,0.0,0.0,0.0,0.0
2026-09-04T20:04:23,ERR,ERR,ERR,ERR,ERR,ERR,ERR,ERR,ERR,ERR,ERR,ERR,ERR,ERR,ERR,ERR,ERR,ERR,ERR,ERR,ERR,ERR,ERR,ERR,ERR,ERR,ERR,ERR,ERR,ERR,ERR,ERR,ERR,ERR,ERR,ERR,ERR,ERR,ERR,ERR,ERR,ERR,ERR,ERR,ERR,ERR,ERR,ERR,ERR,ERR,ERR,ERR,ERR,ERR,ERR,ERR,ERR,ERR,ERR,ERR,ERR,ERR,ERR,ERR,ERR,ERR,ERR,ERR,ERR,ERR,ERR,ERR,ERR,ERR,ERR,ERR,ERR,ERR,ERR,ERR,ERR,ERR,ERR,ERR,ERR,ERR,ERR,ERR,ERR,ERR,ERR,ERR,ERR,ERR,ERR,ERR,ERR,ERR,ERR,ERR,ERR,ERR,ERR,ERR,ERR,ERR,ERR,ERR,ERR,ERR,ERR,ERR,ERR,ERR,ERR,ERR,ERR,ERR,ERR,ERR,ERR,ERR,ERR,ERR,ERR,2.718430741444032e+23,2.7184312818759872e+23,0.0,0.0,0.0,1.3936040501711995e+18,7.805,0.0,0,0,4,0,7116,0.0,100,0.0,0.0,0.0,0.0,0.0,0,0,0,0,0.0,0,0,0,0,0,0,0,0,0,0,0,0,0,0,0,0,0,0,0,0,0,0,0,0,0,0,0,0,0,0,0,0,0,31,40,40,71,65476,0,300,0,0,8,21553,0.0,-107605600.0,0.0,0.0,0.0,0.0,0.0,0.0,0.0,0.0,0.0,0.0,0.0,0.0,0.0,0.0,0.0,0.0,0.0,0.0,0.0,0.0,0.0,-2.004,-2.004,0.0,0.0,0.0,0.0,0.0,6230.0,0.0,6913.0,2.718430741444032e+23,2.7184312818759872e+23,-0.0,2.718430741444032e+23,0.0,0.0,0.0,0.0,69,-152018589057024.0,1.905694169104384e+17,0.0,0.0,0.0,0.0,0.0,0.0,0.0,0,0,0,0.0,0.0,0.0,0.0,0.0,0.0,0.0,0.0,0.0,0.0,0.0,0.0,0.0,0.0,0.0,0.0,0,-107875648.0,69,0.0,138,0.0,-109447200.0,0,13107,17040,39322,17049,13107,17043,0,0,0,70,68,100,2.7302359370752657e+23,71.2,2.7302370179391762e+23,74.3,-0.0,74.0,1,49,50,180,13107,0,0,0,0.0,0.0,0.0,0.0,-0.0,67.0,0.0,162057.094,0.0,751,0,740,0,0,0,721,0,768,0,736,0,743,0,742,0,712,0,7520,0.032,108447924224.0,0.0,0.0,784,16797,-0.0,162057.094,-114818.039,-0.0,0.133,6.909358625270745e+28,30.0,65.0,35,0.0,0.0,0.0,0.0,0.0,0.0,0.0,0.0,0.0,0.0,0.0,0.0,0.0,0.0,0.0,0.0,69.2,0,150,71,55,65476,0,300,0,1,8,20529,65476,0,0,40632,65.0,0.0,0.0,0.0,0.0,0.0
2026-09-04T20:04:24,ERR,ERR,ERR,ERR,ERR,ERR,ERR,ERR,ERR,ERR,ERR,ERR,ERR,ERR,ERR,ERR,ERR,ERR,ERR,ERR,ERR,ERR,ERR,ERR,ERR,ERR,ERR,ERR,ERR,ERR,ERR,ERR,ERR,ERR,ERR,ERR,ERR,ERR,ERR,ERR,ERR,ERR,ERR,ERR,ERR,ERR,ERR,ERR,ERR,ERR,ERR,ERR,ERR,ERR,ERR,ERR,ERR,ERR,ERR,ERR,ERR,ERR,ERR,ERR,ERR,ERR,ERR,ERR,ERR,ERR,ERR,ERR,ERR,ERR,ERR,ERR,ERR,ERR,ERR,ERR,ERR,ERR,ERR,ERR,ERR,ERR,ERR,ERR,ERR,ERR,ERR,ERR,ERR,ERR,ERR,ERR,ERR,ERR,ERR,ERR,ERR,ERR,ERR,ERR,ERR,ERR,ERR,ERR,ERR,ERR,ERR,ERR,ERR,ERR,ERR,ERR,ERR,ERR,ERR,ERR,ERR,ERR,ERR,ERR,ERR,2.718430741444032e+23,2.7184312818759872e+23,0.0,0.0,0.0,1.3936040501711995e+18,7.805,0.0,0,0,4,0,7116,0.0,100,0.0,0.0,0.0,0.0,0.0,0,0,0,0,0.0,0,0,0,0,0,0,0,0,0,0,0,0,0,0,0,0,0,0,0,0,0,0,0,0,0,0,0,0,0,0,0,0,0,31,40,40,71,65476,0,300,0,0,8,21553,0.0,-107605600.0,0.0,0.0,0.0,0.0,0.0,0.0,0.0,0.0,0.0,0.0,0.0,0.0,0.0,0.0,0.0,0.0,0.0,0.0,0.0,0.0,0.0,-2.004,-2.004,0.0,0.0,0.0,0.0,0.0,6230.0,0.0,6913.0,2.718430741444032e+23,2.7184312818759872e+23,-0.0,2.718430741444032e+23,0.0,0.0,0.0,0.0,69,-152018589057024.0,1.905694169104384e+17,0.0,0.0,0.0,0.0,0.0,0.0,0.0,0,0,0,0.0,0.0,0.0,0.0,0.0,0.0,0.0,0.0,0.0,0.0,0.0,0.0,0.0,0.0,0.0,0.0,0,-107875648.0,69,0.0,138,0.0,-109447200.0,0,13107,17040,39322,17049,13107,17043,0,0,0,70,68,100,2.7302359370752657e+23,71.2,2.7302370179391762e+23,74.3,-0.0,74.0,1,49,50,180,13107,0,0,0,0.0,0.0,0.0,0.0,-0.0,67.0,0.0,162057.094,0.0,751,0,740,0,0,0,721,0,768,0,736,0,743,0,742,0,708,0,7520,0.032,108447924224.0,0.0,0.0,784,16797,-0.0,162057.094,-114818.039,-0.0,0.133,6.909358625270745e+28,30.0,65.0,35,0.0,0.0,0.0,0.0,0.0,0.0,0.0,0.0,0.0,0.0,0.0,0.0,0.0,0.0,0.0,0.0,69.2,0,150,71,55,65476,0,300,0,1,8,20529,65476,0,0,40632,65.0,0.0,0.0,0.0,0.0,0.0
2026-09-04T20:04:25,ERR,ERR,ERR,ERR,ERR,ERR,ERR,ERR,ERR,ERR,ERR,ERR,ERR,ERR,ERR,ERR,ERR,ERR,ERR,ERR,ERR,ERR,ERR,ERR,ERR,ERR,ERR,ERR,ERR,ERR,ERR,ERR,ERR,ERR,ERR,ERR,ERR,ERR,ERR,ERR,ERR,ERR,ERR,ERR,ERR,ERR,ERR,ERR,ERR,ERR,ERR,ERR,ERR,ERR,ERR,ERR,ERR,ERR,ERR,ERR,ERR,ERR,ERR,ERR,ERR,ERR,ERR,ERR,ERR,ERR,ERR,ERR,ERR,ERR,ERR,ERR,ERR,ERR,ERR,ERR,ERR,ERR,ERR,ERR,ERR,ERR,ERR,ERR,ERR,ERR,ERR,ERR,ERR,ERR,ERR,ERR,ERR,ERR,ERR,ERR,ERR,ERR,ERR,ERR,ERR,ERR,ERR,ERR,ERR,ERR,ERR,ERR,ERR,ERR,ERR,ERR,ERR,ERR,ERR,ERR,ERR,ERR,ERR,ERR,ERR,2.718430741444032e+23,2.7184312818759872e+23,0.0,0.0,0.0,1.3936040501711995e+18,7.805,0.0,0,0,4,0,7116,0.0,100,0.0,0.0,0.0,0.0,0.0,0,0,0,0,0.0,0,0,0,0,0,0,0,0,0,0,0,0,0,0,0,0,0,0,0,0,0,0,0,0,0,0,0,0,0,0,0,0,0,31,40,40,71,65476,0,300,0,0,8,21553,0.0,-107605600.0,0.0,0.0,0.0,0.0,0.0,0.0,0.0,0.0,0.0,0.0,0.0,0.0,0.0,0.0,0.0,0.0,0.0,0.0,0.0,0.0,0.0,-2.004,-2.004,0.0,0.0,0.0,0.0,0.0,6230.0,0.0,6913.0,2.718430741444032e+23,2.7184312818759872e+23,-0.0,2.718430741444032e+23,0.0,0.0,0.0,0.0,69,-152018589057024.0,1.905694169104384e+17,0.0,0.0,0.0,0.0,0.0,0.0,0.0,0,0,0,0.0,0.0,0.0,0.0,0.0,0.0,0.0,0.0,0.0,0.0,0.0,0.0,0.0,0.0,0.0,0.0,0,-107875648.0,69,0.0,138,0.0,-109447200.0,0,13107,17040,39322,17049,13107,17043,0,0,0,70,68,100,2.7302359370752657e+23,71.2,2.7302370179391762e+23,74.3,-0.0,74.0,1,49,50,180,13107,0,0,0,0.0,0.0,0.0,0.0,-0.0,67.0,0.0,162057.094,0.0,751,0,740,0,0,0,721,0,768,0,736,0,743,0,742,0,708,0,7520,0.032,108447924224.0,0.0,0.0,784,16797,-0.0,162057.094,-114818.039,-0.0,0.133,6.909358625270745e+28,30.0,65.0,35,0.0,0.0,0.0,0.0,0.0,0.0,0.0,0.0,0.0,0.0,0.0,0.0,0.0,0.0,0.0,0.0,69.2,0,150,71,55,65476,0,300,0,1,8,20529,65476,0,0,40632,65.0,0.0,0.0,0.0,0.0,0.0
2026-09-04T20:04:26,ERR,ERR,ERR,ERR,ERR,ERR,ERR,ERR,ERR,ERR,ERR,ERR,ERR,ERR,ERR,ERR,ERR,ERR,ERR,ERR,ERR,ERR,ERR,ERR,ERR,ERR,ERR,ERR,ERR,ERR,ERR,ERR,ERR,ERR,ERR,ERR,ERR,ERR,ERR,ERR,ERR,ERR,ERR,ERR,ERR,ERR,ERR,ERR,ERR,ERR,ERR,ERR,ERR,ERR,ERR,ERR,ERR,ERR,ERR,ERR,ERR,ERR,ERR,ERR,ERR,ERR,ERR,ERR,ERR,ERR,ERR,ERR,ERR,ERR,ERR,ERR,ERR,ERR,ERR,ERR,ERR,ERR,ERR,ERR,ERR,ERR,ERR,ERR,ERR,ERR,ERR,ERR,ERR,ERR,ERR,ERR,ERR,ERR,ERR,ERR,ERR,ERR,ERR,ERR,ERR,ERR,ERR,ERR,ERR,ERR,ERR,ERR,ERR,ERR,ERR,ERR,ERR,ERR,ERR,ERR,ERR,ERR,ERR,ERR,ERR,2.718430741444032e+23,2.7184312818759872e+23,0.0,0.0,0.0,1.3936040501711995e+18,7.805,0.0,0,0,4,0,7116,0.0,100,0.0,0.0,0.0,0.0,0.0,0,0,0,0,0.0,0,0,0,0,0,0,0,0,0,0,0,0,0,0,0,0,0,0,0,0,0,0,0,0,0,0,0,0,0,0,0,0,0,31,40,40,71,65476,0,300,0,0,8,21553,0.0,-107605600.0,0.0,0.0,0.0,0.0,0.0,0.0,0.0,0.0,0.0,0.0,0.0,0.0,0.0,0.0,0.0,0.0,0.0,0.0,0.0,0.0,0.0,-2.004,-2.004,0.0,0.0,0.0,0.0,0.0,6230.0,0.0,6913.0,2.718430741444032e+23,2.7184312818759872e+23,-0.0,2.718430741444032e+23,0.0,0.0,0.0,0.0,69,-152018589057024.0,1.905694169104384e+17,0.0,0.0,0.0,0.0,0.0,0.0,0.0,0,0,0,0.0,0.0,0.0,0.0,0.0,0.0,0.0,0.0,0.0,0.0,0.0,0.0,0.0,0.0,0.0,0.0,0,-107875648.0,69,0.0,138,0.0,-109447200.0,0,13107,17040,39322,17049,13107,17043,0,0,0,70,68,100,2.7302359370752657e+23,71.2,2.7302370179391762e+23,74.3,-0.0,74.0,1,49,50,180,13107,0,0,0,0.0,0.0,0.0,0.0,-0.0,67.0,0.0,162057.094,0.0,751,0,740,0,0,0,721,0,768,0,736,0,743,0,742,0,708,0,7520,0.032,108447924224.0,0.0,0.0,784,16797,-0.0,162057.094,-114818.039,-0.0,0.133,6.909358625270745e+28,30.0,65.0,35,0.0,0.0,0.0,0.0,0.0,0.0,0.0,0.0,0.0,0.0,0.0,0.0,0.0,0.0,0.0,0.0,69.2,0,150,71,55,65476,0,300,0,1,8,20529,65476,0,0,40632,65.0,0.0,0.0,0.0,0.0,0.0
2026-09-04T20:04:27,ERR,ERR,ERR,ERR,ERR,ERR,ERR,ERR,ERR,ERR,ERR,ERR,ERR,ERR,ERR,ERR,ERR,ERR,ERR,ERR,ERR,ERR,ERR,ERR,ERR,ERR,ERR,ERR,ERR,ERR,ERR,ERR,ERR,ERR,ERR,ERR,ERR,ERR,ERR,ERR,ERR,ERR,ERR,ERR,ERR,ERR,ERR,ERR,ERR,ERR,ERR,ERR,ERR,ERR,ERR,ERR,ERR,ERR,ERR,ERR,ERR,ERR,ERR,ERR,ERR,ERR,ERR,ERR,ERR,ERR,ERR,ERR,ERR,ERR,ERR,ERR,ERR,ERR,ERR,ERR,ERR,ERR,ERR,ERR,ERR,ERR,ERR,ERR,ERR,ERR,ERR,ERR,ERR,ERR,ERR,ERR,ERR,ERR,ERR,ERR,ERR,ERR,ERR,ERR,ERR,ERR,ERR,ERR,ERR,ERR,ERR,ERR,ERR,ERR,ERR,ERR,ERR,ERR,ERR,ERR,ERR,ERR,ERR,ERR,ERR,2.718430741444032e+23,2.7184312818759872e+23,0.0,0.0,0.0,1.3936040501711995e+18,7.805,0.0,0,0,4,0,7116,0.0,100,0.0,0.0,0.0,0.0,0.0,0,0,0,0,0.0,0,0,0,0,0,0,0,0,0,0,0,0,0,0,0,0,0,0,0,0,0,0,0,0,0,0,0,0,0,0,0,0,0,31,40,40,71,65476,0,300,0,0,8,21553,0.0,-107605600.0,0.0,0.0,0.0,0.0,0.0,0.0,0.0,0.0,0.0,0.0,0.0,0.0,0.0,0.0,0.0,0.0,0.0,0.0,0.0,0.0,0.0,-2.004,-2.004,0.0,0.0,0.0,0.0,0.0,6230.0,0.0,6913.0,2.718430741444032e+23,2.7184312818759872e+23,-0.0,2.718430741444032e+23,0.0,0.0,0.0,0.0,69,-152018589057024.0,1.905694169104384e+17,0.0,0.0,0.0,0.0,0.0,0.0,0.0,0,0,0,0.0,0.0,0.0,0.0,0.0,0.0,0.0,0.0,0.0,0.0,0.0,0.0,0.0,0.0,0.0,0.0,0,-107875648.0,69,0.0,138,0.0,-109447200.0,0,13107,17040,39322,17049,13107,17043,0,0,0,70,68,100,2.7302359370752657e+23,71.2,2.7302370179391762e+23,74.3,-0.0,74.0,1,49,50,180,13107,0,0,0,0.0,0.0,0.0,0.0,-0.0,67.0,0.0,162057.094,0.0,751,0,740,0,0,0,721,0,768,0,736,0,743,0,742,0,708,0,7520,0.032,108447924224.0,0.0,0.0,784,16797,-0.0,162057.094,-114818.039,-0.0,0.133,6.909358625270745e+28,30.0,65.0,35,0.0,0.0,0.0,0.0,0.0,0.0,0.0,0.0,0.0,0.0,0.0,0.0,0.0,0.0,0.0,0.0,69.2,0,150,71,55,65476,0,300,0,1,8,20529,65476,0,0,40632,65.0,0.0,0.0,0.0,0.0,0.0
2026-09-04T20:04:28,ERR,ERR,ERR,ERR,ERR,ERR,ERR,ERR,ERR,ERR,ERR,ERR,ERR,ERR,ERR,ERR,ERR,ERR,ERR,ERR,ERR,ERR,ERR,ERR,ERR,ERR,ERR,ERR,ERR,ERR,ERR,ERR,ERR,ERR,ERR,ERR,ERR,ERR,ERR,ERR,ERR,ERR,ERR,ERR,ERR,ERR,ERR,ERR,ERR,ERR,ERR,ERR,ERR,ERR,ERR,ERR,ERR,ERR,ERR,ERR,ERR,ERR,ERR,ERR,ERR,ERR,ERR,ERR,ERR,ERR,ERR,ERR,ERR,ERR,ERR,ERR,ERR,ERR,ERR,ERR,ERR,ERR,ERR,ERR,ERR,ERR,ERR,ERR,ERR,ERR,ERR,ERR,ERR,ERR,ERR,ERR,ERR,ERR,ERR,ERR,ERR,ERR,ERR,ERR,ERR,ERR,ERR,ERR,ERR,ERR,ERR,ERR,ERR,ERR,ERR,ERR,ERR,ERR,ERR,ERR,ERR,ERR,ERR,ERR,ERR,2.718430741444032e+23,2.7184312818759872e+23,0.0,0.0,0.0,1.3936040501711995e+18,7.805,0.0,0,0,4,0,7116,0.0,100,0.0,0.0,0.0,0.0,0.0,0,0,0,0,0.0,0,0,0,0,0,0,0,0,0,0,0,0,0,0,0,0,0,0,0,0,0,0,0,0,0,0,0,0,0,0,0,0,0,31,40,40,71,65476,0,300,0,0,8,21553,0.0,-107605600.0,0.0,0.0,0.0,0.0,0.0,0.0,0.0,0.0,0.0,0.0,0.0,0.0,0.0,0.0,0.0,0.0,0.0,0.0,0.0,0.0,0.0,-2.004,-2.004,0.0,0.0,0.0,0.0,0.0,6230.0,0.0,6913.0,2.718430741444032e+23,2.7184312818759872e+23,-0.0,2.718430741444032e+23,0.0,0.0,0.0,0.0,69,-152018589057024.0,1.905694169104384e+17,0.0,0.0,0.0,0.0,0.0,0.0,0.0,0,0,0,0.0,0.0,0.0,0.0,0.0,0.0,0.0,0.0,0.0,0.0,0.0,0.0,0.0,0.0,0.0,0.0,0,-107875648.0,69,0.0,138,0.0,-109447200.0,0,13107,17040,39322,17049,13107,17043,0,0,0,70,68,100,2.7302359370752657e+23,71.2,2.7302370179391762e+23,74.3,-0.0,74.0,1,49,50,180,13107,0,0,0,0.0,0.0,0.0,0.0,-0.0,67.0,0.0,162057.094,0.0,751,0,740,0,0,0,721,0,768,0,736,0,743,0,742,0,708,0,7520,0.032,108447924224.0,0.0,0.0,784,16797,-0.0,162057.094,-114818.039,-0.0,0.133,6.909358625270745e+28,30.0,65.0,35,0.0,0.0,0.0,0.0,0.0,0.0,0.0,0.0,0.0,0.0,0.0,0.0,0.0,0.0,0.0,0.0,69.2,0,150,71,55,65476,0,300,0,1,8,20529,65476,0,0,40632,65.0,0.0,0.0,0.0,0.0,0.0
2026-09-04T20:04:29,ERR,ERR,ERR,ERR,ERR,ERR,ERR,ERR,ERR,ERR,ERR,ERR,ERR,ERR,ERR,ERR,ERR,ERR,ERR,ERR,ERR,ERR,ERR,ERR,ERR,ERR,ERR,ERR,ERR,ERR,ERR,ERR,ERR,ERR,ERR,ERR,ERR,ERR,ERR,ERR,ERR,ERR,ERR,ERR,ERR,ERR,ERR,ERR,ERR,ERR,ERR,ERR,ERR,ERR,ERR,ERR,ERR,ERR,ERR,ERR,ERR,ERR,ERR,ERR,ERR,ERR,ERR,ERR,ERR,ERR,ERR,ERR,ERR,ERR,ERR,ERR,ERR,ERR,ERR,ERR,ERR,ERR,ERR,ERR,ERR,ERR,ERR,ERR,ERR,ERR,ERR,ERR,ERR,ERR,ERR,ERR,ERR,ERR,ERR,ERR,ERR,ERR,ERR,ERR,ERR,ERR,ERR,ERR,ERR,ERR,ERR,ERR,ERR,ERR,ERR,ERR,ERR,ERR,ERR,ERR,ERR,ERR,ERR,ERR,ERR,2.718430741444032e+23,2.7184312818759872e+23,0.0,0.0,0.0,1.3936040501711995e+18,7.805,0.0,0,0,4,0,7116,0.0,100,0.0,0.0,0.0,0.0,0.0,0,0,0,0,0.0,0,0,0,0,0,0,0,0,0,0,0,0,0,0,0,0,0,0,0,0,0,0,0,0,0,0,0,0,0,0,0,0,0,31,40,40,71,65476,0,300,0,0,8,21553,0.0,-107605600.0,0.0,0.0,0.0,0.0,0.0,0.0,0.0,0.0,0.0,0.0,0.0,0.0,0.0,0.0,0.0,0.0,0.0,0.0,0.0,0.0,0.0,-2.004,-2.004,0.0,0.0,0.0,0.0,0.0,6226.0,0.0,6914.0,2.718430741444032e+23,2.7184312818759872e+23,-0.0,2.718430741444032e+23,0.0,0.0,0.0,0.0,69,-71.63,2.7184260577004195e+23,0.0,0.0,0.0,0.0,0.0,0.0,0.0,0,0,0,0.0,0.0,0.0,0.0,0.0,0.0,0.0,0.0,0.0,0.0,0.0,0.0,0.0,0.0,0.0,0.0,0,-107875648.0,69,0.0,138,0.0,-109447200.0,0,13107,17040,39322,17049,13107,17043,0,0,0,70,68,100,2.7302359370752657e+23,71.2,2.7302370179391762e+23,74.3,-0.0,74.0,1,49,50,180,26215,0,0,0,0.0,0.0,0.0,0.0,-0.0,67.0,0.0,162057.094,0.0,751,0,740,0,0,0,721,0,768,0,736,0,743,0,742,0,712,0,7520,0.032,108984795136.0,0.0,0.0,784,16797,-0.0,162057.094,-114818.039,-0.0,0.133,6.909358625270745e+28,30.0,65.0,35,0.0,0.0,0.0,0.0,0.0,0.0,0.0,0.0,0.0,0.0,0.0,0.0,0.0,0.0,0.0,0.0,69.2,0,150,71,55,65476,0,300,0,1,8,20529,65476,0,0,40632,65.0,0.0,0.0,0.0,0.0,0.0
2026-09-04T20:04:30,ERR,ERR,ERR,ERR,ERR,ERR,ERR,ERR,ERR,ERR,ERR,ERR,ERR,ERR,ERR,ERR,ERR,ERR,ERR,ERR,ERR,ERR,ERR,ERR,ERR,ERR,ERR,ERR,ERR,ERR,ERR,ERR,ERR,ERR,ERR,ERR,ERR,ERR,ERR,ERR,ERR,ERR,ERR,ERR,ERR,ERR,ERR,ERR,ERR,ERR,ERR,ERR,ERR,ERR,ERR,ERR,ERR,ERR,ERR,ERR,ERR,ERR,ERR,ERR,ERR,ERR,ERR,ERR,ERR,ERR,ERR,ERR,ERR,ERR,ERR,ERR,ERR,ERR,ERR,ERR,ERR,ERR,ERR,ERR,ERR,ERR,ERR,ERR,ERR,ERR,ERR,ERR,ERR,ERR,ERR,ERR,ERR,ERR,ERR,ERR,ERR,ERR,ERR,ERR,ERR,ERR,ERR,ERR,ERR,ERR,ERR,ERR,ERR,ERR,ERR,ERR,ERR,ERR,ERR,ERR,ERR,ERR,ERR,ERR,ERR,2.718430741444032e+23,2.7184312818759872e+23,0.0,0.0,0.0,1.3936040501711995e+18,7.805,0.0,0,0,4,0,7116,0.0,100,0.0,0.0,0.0,0.0,0.0,0,0,0,0,0.0,0,0,0,0,0,0,0,0,0,0,0,0,0,0,0,0,0,0,0,0,0,0,0,0,0,0,0,0,0,0,0,0,0,31,40,40,71,65476,0,300,0,0,8,21553,0.0,-107605600.0,0.0,0.0,0.0,0.0,0.0,0.0,0.0,0.0,0.0,0.0,0.0,0.0,0.0,0.0,0.0,0.0,0.0,0.0,0.0,0.0,0.0,-2.004,-2.004,0.0,0.0,0.0,0.0,0.0,6226.0,0.0,6914.0,2.718430741444032e+23,2.7184312818759872e+23,-0.0,2.718430741444032e+23,0.0,0.0,0.0,0.0,69,-71.63,2.7184260577004195e+23,0.0,0.0,0.0,0.0,0.0,0.0,0.0,0,0,0,0.0,0.0,0.0,0.0,0.0,0.0,0.0,0.0,0.0,0.0,0.0,0.0,0.0,0.0,0.0,0.0,0,-107875648.0,69,0.0,138,0.0,-109447200.0,0,13107,17040,39322,17049,13107,17043,0,0,0,70,68,100,2.7302359370752657e+23,71.2,2.7302370179391762e+23,74.3,-0.0,74.0,1,49,50,180,26215,0,0,0,0.0,0.0,0.0,0.0,-0.0,67.0,0.0,162057.094,0.0,751,0,740,0,0,0,721,0,768,0,736,0,743,0,742,0,712,0,7520,0.032,108984795136.0,0.0,0.0,784,16797,-0.0,162057.094,-114818.039,-0.0,0.133,6.909358625270745e+28,30.0,65.0,35,0.0,0.0,0.0,0.0,0.0,0.0,0.0,0.0,0.0,0.0,0.0,0.0,0.0,0.0,0.0,0.0,69.2,0,150,71,55,65476,0,300,0,1,8,20529,65476,0,0,40632,65.0,0.0,0.0,0.0,0.0,0.0
2026-09-04T20:04:31,ERR,ERR,ERR,ERR,ERR,ERR,ERR,ERR,ERR,ERR,ERR,ERR,ERR,ERR,ERR,ERR,ERR,ERR,ERR,ERR,ERR,ERR,ERR,ERR,ERR,ERR,ERR,ERR,ERR,ERR,ERR,ERR,ERR,ERR,ERR,ERR,ERR,ERR,ERR,ERR,ERR,ERR,ERR,ERR,ERR,ERR,ERR,ERR,ERR,ERR,ERR,ERR,ERR,ERR,ERR,ERR,ERR,ERR,ERR,ERR,ERR,ERR,ERR,ERR,ERR,ERR,ERR,ERR,ERR,ERR,ERR,ERR,ERR,ERR,ERR,ERR,ERR,ERR,ERR,ERR,ERR,ERR,ERR,ERR,ERR,ERR,ERR,ERR,ERR,ERR,ERR,ERR,ERR,ERR,ERR,ERR,ERR,ERR,ERR,ERR,ERR,ERR,ERR,ERR,ERR,ERR,ERR,ERR,ERR,ERR,ERR,ERR,ERR,ERR,ERR,ERR,ERR,ERR,ERR,ERR,ERR,ERR,ERR,ERR,ERR,2.718430741444032e+23,2.7184312818759872e+23,0.0,0.0,0.0,1.3936040501711995e+18,7.805,0.0,0,0,4,0,7116,0.0,100,0.0,0.0,0.0,0.0,0.0,0,0,0,0,0.0,0,0,0,0,0,0,0,0,0,0,0,0,0,0,0,0,0,0,0,0,0,0,0,0,0,0,0,0,0,0,0,0,0,31,40,40,71,65476,0,300,0,0,8,21553,0.0,-107605600.0,0.0,0.0,0.0,0.0,0.0,0.0,0.0,0.0,0.0,0.0,0.0,0.0,0.0,0.0,0.0,0.0,0.0,0.0,0.0,0.0,0.0,-2.004,-2.004,0.0,0.0,0.0,0.0,0.0,6226.0,0.0,6914.0,2.718430741444032e+23,2.7184312818759872e+23,-0.0,2.718430741444032e+23,0.0,0.0,0.0,0.0,69,-71.63,2.7184260577004195e+23,0.0,0.0,0.0,0.0,0.0,0.0,0.0,0,0,0,0.0,0.0,0.0,0.0,0.0,0.0,0.0,0.0,0.0,0.0,0.0,0.0,0.0,0.0,0.0,0.0,0,-107875648.0,69,0.0,138,0.0,-109447200.0,0,13107,17040,39322,17049,13107,17043,0,0,0,70,68,100,2.7302359370752657e+23,71.2,2.7302370179391762e+23,74.3,-0.0,74.0,1,49,50,180,26215,0,0,0,0.0,0.0,0.0,0.0,-0.0,67.0,0.0,162057.094,0.0,751,0,740,0,0,0,721,0,768,0,736,0,743,0,742,0,712,0,7520,0.032,108984795136.0,0.0,0.0,784,16797,-0.0,162057.094,-114818.039,-0.0,0.133,6.909358625270745e+28,30.0,65.0,35,0.0,0.0,0.0,0.0,0.0,0.0,0.0,0.0,0.0,0.0,0.0,0.0,0.0,0.0,0.0,0.0,69.2,0,150,71,55,65476,0,300,0,1,8,20529,65476,0,0,40632,65.0,0.0,0.0,0.0,0.0,0.0
2026-09-04T20:04:32,ERR,ERR,ERR,ERR,ERR,ERR,ERR,ERR,ERR,ERR,ERR,ERR,ERR,ERR,ERR,ERR,ERR,ERR,ERR,ERR,ERR,ERR,ERR,ERR,ERR,ERR,ERR,ERR,ERR,ERR,ERR,ERR,ERR,ERR,ERR,ERR,ERR,ERR,ERR,ERR,ERR,ERR,ERR,ERR,ERR,ERR,ERR,ERR,ERR,ERR,ERR,ERR,ERR,ERR,ERR,ERR,ERR,ERR,ERR,ERR,ERR,ERR,ERR,ERR,ERR,ERR,ERR,ERR,ERR,ERR,ERR,ERR,ERR,ERR,ERR,ERR,ERR,ERR,ERR,ERR,ERR,ERR,ERR,ERR,ERR,ERR,ERR,ERR,ERR,ERR,ERR,ERR,ERR,ERR,ERR,ERR,ERR,ERR,ERR,ERR,ERR,ERR,ERR,ERR,ERR,ERR,ERR,ERR,ERR,ERR,ERR,ERR,ERR,ERR,ERR,ERR,ERR,ERR,ERR,ERR,ERR,ERR,ERR,ERR,ERR,2.718430741444032e+23,2.7184312818759872e+23,0.0,0.0,0.0,1.3936040501711995e+18,7.805,0.0,0,0,4,0,7116,0.0,100,0.0,0.0,0.0,0.0,0.0,0,0,0,0,0.0,0,0,0,0,0,0,0,0,0,0,0,0,0,0,0,0,0,0,0,0,0,0,0,0,0,0,0,0,0,0,0,0,0,31,40,40,71,65476,0,300,0,0,8,21553,0.0,-107605600.0,0.0,0.0,0.0,0.0,0.0,0.0,0.0,0.0,0.0,0.0,0.0,0.0,0.0,0.0,0.0,0.0,0.0,0.0,0.0,0.0,0.0,-2.004,-2.004,0.0,0.0,0.0,0.0,0.0,6226.0,0.0,6914.0,2.718430741444032e+23,2.7184312818759872e+23,-0.0,2.718430741444032e+23,0.0,0.0,0.0,0.0,69,-71.63,2.7184260577004195e+23,0.0,0.0,0.0,0.0,0.0,0.0,0.0,0,0,0,0.0,0.0,0.0,0.0,0.0,0.0,0.0,0.0,0.0,0.0,0.0,0.0,0.0,0.0,0.0,0.0,0,-107875648.0,69,0.0,138,0.0,-109447200.0,0,13107,17040,39322,17049,13107,17043,0,0,0,70,68,100,2.7302359370752657e+23,71.2,2.7302370179391762e+23,74.3,-0.0,74.0,1,49,50,180,26215,0,0,0,0.0,0.0,0.0,0.0,-0.0,67.0,0.0,162057.094,0.0,751,0,740,0,0,0,721,0,768,0,736,0,743,0,742,0,712,0,7520,0.032,108984795136.0,0.0,0.0,784,16797,-0.0,162057.094,-114818.039,-0.0,0.133,6.909358625270745e+28,30.0,65.0,35,0.0,0.0,0.0,0.0,0.0,0.0,0.0,0.0,0.0,0.0,0.0,0.0,0.0,0.0,0.0,0.0,69.2,0,150,71,55,65476,0,300,0,1,8,20529,65476,0,0,40632,65.0,0.0,0.0,0.0,0.0,0.0
2026-09-04T20:04:33,ERR,ERR,ERR,ERR,ERR,ERR,ERR,ERR,ERR,ERR,ERR,ERR,ERR,ERR,ERR,ERR,ERR,ERR,ERR,ERR,ERR,ERR,ERR,ERR,ERR,ERR,ERR,ERR,ERR,ERR,ERR,ERR,ERR,ERR,ERR,ERR,ERR,ERR,ERR,ERR,ERR,ERR,ERR,ERR,ERR,ERR,ERR,ERR,ERR,ERR,ERR,ERR,ERR,ERR,ERR,ERR,ERR,ERR,ERR,ERR,ERR,ERR,ERR,ERR,ERR,ERR,ERR,ERR,ERR,ERR,ERR,ERR,ERR,ERR,ERR,ERR,ERR,ERR,ERR,ERR,ERR,ERR,ERR,ERR,ERR,ERR,ERR,ERR,ERR,ERR,ERR,ERR,ERR,ERR,ERR,ERR,ERR,ERR,ERR,ERR,ERR,ERR,ERR,ERR,ERR,ERR,ERR,ERR,ERR,ERR,ERR,ERR,ERR,ERR,ERR,ERR,ERR,ERR,ERR,ERR,ERR,ERR,ERR,ERR,ERR,2.718430741444032e+23,2.7184312818759872e+23,0.0,0.0,0.0,1.3936040501711995e+18,7.805,0.0,0,0,4,0,7116,0.0,100,0.0,0.0,0.0,0.0,0.0,0,0,0,0,0.0,0,0,0,0,0,0,0,0,0,0,0,0,0,0,0,0,0,0,0,0,0,0,0,0,0,0,0,0,0,0,0,0,0,31,40,40,71,65476,0,300,0,0,8,21553,0.0,-107605600.0,0.0,0.0,0.0,0.0,0.0,0.0,0.0,0.0,0.0,0.0,0.0,0.0,0.0,0.0,0.0,0.0,0.0,0.0,0.0,0.0,0.0,-2.004,-2.004,0.0,0.0,0.0,0.0,0.0,6226.0,0.0,6914.0,2.718430741444032e+23,2.7184312818759872e+23,-0.0,2.718430741444032e+23,0.0,0.0,0.0,0.0,69,-71.63,2.7184260577004195e+23,0.0,0.0,0.0,0.0,0.0,0.0,0.0,0,0,0,0.0,0.0,0.0,0.0,0.0,0.0,0.0,0.0,0.0,0.0,0.0,0.0,0.0,0.0,0.0,0.0,0,-107875648.0,69,0.0,138,0.0,-109447200.0,0,13107,17040,39322,17049,13107,17043,0,0,0,70,68,100,2.7302359370752657e+23,71.2,2.7302370179391762e+23,74.3,-0.0,74.0,1,49,50,180,26215,0,0,0,0.0,0.0,0.0,0.0,-0.0,67.0,0.0,162057.094,0.0,751,0,740,0,0,0,721,0,768,0,736,0,743,0,742,0,712,0,7520,0.032,108984795136.0,0.0,0.0,784,16797,-0.0,162057.094,-114818.039,-0.0,0.133,6.909358625270745e+28,30.0,65.0,35,0.0,0.0,0.0,0.0,0.0,0.0,0.0,0.0,0.0,0.0,0.0,0.0,0.0,0.0,0.0,0.0,69.2,0,150,71,55,65476,0,300,0,1,8,20529,65476,0,0,40632,65.0,0.0,0.0,0.0,0.0,0.0
2026-09-04T20:04:34,ERR,ERR,ERR,ERR,ERR,ERR,ERR,ERR,ERR,ERR,ERR,ERR,ERR,ERR,ERR,ERR,ERR,ERR,ERR,ERR,ERR,ERR,ERR,ERR,ERR,ERR,ERR,ERR,ERR,ERR,ERR,ERR,ERR,ERR,ERR,ERR,ERR,ERR,ERR,ERR,ERR,ERR,ERR,ERR,ERR,ERR,ERR,ERR,ERR,ERR,ERR,ERR,ERR,ERR,ERR,ERR,ERR,ERR,ERR,ERR,ERR,ERR,ERR,ERR,ERR,ERR,ERR,ERR,ERR,ERR,ERR,ERR,ERR,ERR,ERR,ERR,ERR,ERR,ERR,ERR,ERR,ERR,ERR,ERR,ERR,ERR,ERR,ERR,ERR,ERR,ERR,ERR,ERR,ERR,ERR,ERR,ERR,ERR,ERR,ERR,ERR,ERR,ERR,ERR,ERR,ERR,ERR,ERR,ERR,ERR,ERR,ERR,ERR,ERR,ERR,ERR,ERR,ERR,ERR,ERR,ERR,ERR,ERR,ERR,ERR,2.718430741444032e+23,2.7184312818759872e+23,0.0,0.0,0.0,1.3936040501711995e+18,7.805,0.0,0,0,4,0,7116,0.0,100,0.0,0.0,0.0,0.0,0.0,0,0,0,0,0.0,0,0,0,0,0,0,0,0,0,0,0,0,0,0,0,0,0,0,0,0,0,0,0,0,0,0,0,0,0,0,0,0,0,31,40,40,71,65476,0,300,0,0,8,21553,0.0,-107605600.0,0.0,0.0,0.0,0.0,0.0,0.0,0.0,0.0,0.0,0.0,0.0,0.0,0.0,0.0,0.0,0.0,0.0,0.0,0.0,0.0,0.0,-2.004,-2.004,0.0,0.0,0.0,0.0,0.0,6226.0,0.0,6914.0,2.718430741444032e+23,2.7184312818759872e+23,-0.0,2.718430741444032e+23,0.0,0.0,0.0,0.0,69,-71.63,2.7184260577004195e+23,0.0,0.0,0.0,0.0,0.0,0.0,0.0,0,0,0,0.0,0.0,0.0,0.0,0.0,0.0,0.0,0.0,0.0,0.0,0.0,0.0,0.0,0.0,0.0,0.0,0,-107875648.0,69,0.0,138,0.0,-109447200.0,0,13107,17040,39322,17049,26215,17043,0,0,0,70,68,100,2.7302359370752657e+23,71.2,2.7302370179391762e+23,74.3,2.7302370179391762e+23,74.0,1,49,50,180,13107,0,0,0,0.0,0.0,0.0,0.0,-0.0,67.0,0.0,162057.094,0.0,752,0,740,0,0,0,721,0,768,0,737,0,743,0,742,0,712,0,7520,0.032,108447924224.0,0.0,0.0,784,16797,-0.0,162057.094,-114818.039,-0.0,0.133,6.909358625270745e+28,30.0,65.0,35,0.0,0.0,0.0,0.0,0.0,0.0,0.0,0.0,0.0,0.0,0.0,0.0,0.0,0.0,0.0,0.0,69.2,0,150,71,55,65476,0,300,0,1,8,20529,65476,0,0,40632,65.0,0.0,0.0,0.0,0.0,0.0
2026-09-04T20:04:35,ERR,ERR,ERR,ERR,ERR,ERR,ERR,ERR,ERR,ERR,ERR,ERR,ERR,ERR,ERR,ERR,ERR,ERR,ERR,ERR,ERR,ERR,ERR,ERR,ERR,ERR,ERR,ERR,ERR,ERR,ERR,ERR,ERR,ERR,ERR,ERR,ERR,ERR,ERR,ERR,ERR,ERR,ERR,ERR,ERR,ERR,ERR,ERR,ERR,ERR,ERR,ERR,ERR,ERR,ERR,ERR,ERR,ERR,ERR,ERR,ERR,ERR,ERR,ERR,ERR,ERR,ERR,ERR,ERR,ERR,ERR,ERR,ERR,ERR,ERR,ERR,ERR,ERR,ERR,ERR,ERR,ERR,ERR,ERR,ERR,ERR,ERR,ERR,ERR,ERR,ERR,ERR,ERR,ERR,ERR,ERR,ERR,ERR,ERR,ERR,ERR,ERR,ERR,ERR,ERR,ERR,ERR,ERR,ERR,ERR,ERR,ERR,ERR,ERR,ERR,ERR,ERR,ERR,ERR,ERR,ERR,ERR,ERR,ERR,ERR,2.718430741444032e+23,2.7184312818759872e+23,0.0,0.0,0.0,1.3936040501711995e+18,7.805,0.0,0,0,4,0,7116,0.0,100,0.0,0.0,0.0,0.0,0.0,0,0,0,0,0.0,0,0,0,0,0,0,0,0,0,0,0,0,0,0,0,0,0,0,0,0,0,0,0,0,0,0,0,0,0,0,0,0,0,31,40,40,71,65476,0,300,0,0,8,21553,0.0,-107605600.0,0.0,0.0,0.0,0.0,0.0,0.0,0.0,0.0,0.0,0.0,0.0,0.0,0.0,0.0,0.0,0.0,0.0,0.0,0.0,0.0,0.0,-2.004,-2.004,0.0,0.0,0.0,0.0,0.0,6226.0,0.0,6914.0,2.718430741444032e+23,2.7184312818759872e+23,-0.0,2.718430741444032e+23,0.0,0.0,0.0,0.0,69,-71.63,2.7184260577004195e+23,0.0,0.0,0.0,0.0,0.0,0.0,0.0,0,0,0,0.0,0.0,0.0,0.0,0.0,0.0,0.0,0.0,0.0,0.0,0.0,0.0,0.0,0.0,0.0,0.0,0,-107875648.0,69,0.0,138,0.0,-109447200.0,0,13107,17040,39322,17049,26215,17043,0,0,0,70,68,100,2.7302359370752657e+23,71.2,2.7302370179391762e+23,74.3,2.7302370179391762e+23,74.0,1,49,50,180,13107,0,0,0,0.0,0.0,0.0,0.0,-0.0,67.0,0.0,162057.094,0.0,752,0,740,0,0,0,721,0,768,0,737,0,743,0,742,0,712,0,7520,0.032,108447924224.0,0.0,0.0,784,16797,-0.0,162057.094,-114818.039,-0.0,0.133,6.909358625270745e+28,30.0,65.0,35,0.0,0.0,0.0,0.0,0.0,0.0,0.0,0.0,0.0,0.0,0.0,0.0,0.0,0.0,0.0,0.0,69.2,0,150,71,55,65476,0,300,0,1,8,20529,65476,0,0,40632,65.0,0.0,0.0,0.0,0.0,0.0
2026-09-04T20:04:36,ERR,ERR,ERR,ERR,ERR,ERR,ERR,ERR,ERR,ERR,ERR,ERR,ERR,ERR,ERR,ERR,ERR,ERR,ERR,ERR,ERR,ERR,ERR,ERR,ERR,ERR,ERR,ERR,ERR,ERR,ERR,ERR,ERR,ERR,ERR,ERR,ERR,ERR,ERR,ERR,ERR,ERR,ERR,ERR,ERR,ERR,ERR,ERR,ERR,ERR,ERR,ERR,ERR,ERR,ERR,ERR,ERR,ERR,ERR,ERR,ERR,ERR,ERR,ERR,ERR,ERR,ERR,ERR,ERR,ERR,ERR,ERR,ERR,ERR,ERR,ERR,ERR,ERR,ERR,ERR,ERR,ERR,ERR,ERR,ERR,ERR,ERR,ERR,ERR,ERR,ERR,ERR,ERR,ERR,ERR,ERR,ERR,ERR,ERR,ERR,ERR,ERR,ERR,ERR,ERR,ERR,ERR,ERR,ERR,ERR,ERR,ERR,ERR,ERR,ERR,ERR,ERR,ERR,ERR,ERR,ERR,ERR,ERR,ERR,ERR,2.718430741444032e+23,2.7184312818759872e+23,0.0,0.0,0.0,1.3936040501711995e+18,7.805,0.0,0,0,4,0,7116,0.0,100,0.0,0.0,0.0,0.0,0.0,0,0,0,0,0.0,0,0,0,0,0,0,0,0,0,0,0,0,0,0,0,0,0,0,0,0,0,0,0,0,0,0,0,0,0,0,0,0,0,31,40,40,71,65476,0,300,0,0,8,21553,0.0,-107605600.0,0.0,0.0,0.0,0.0,0.0,0.0,0.0,0.0,0.0,0.0,0.0,0.0,0.0,0.0,0.0,0.0,0.0,0.0,0.0,0.0,0.0,-2.004,-2.004,0.0,0.0,0.0,0.0,0.0,6224.0,0.0,6912.0,2.718430741444032e+23,2.7184312818759872e+23,-0.0,2.718430741444032e+23,0.0,0.0,0.0,0.0,69,-0.0,126840930304.0,0.0,0.0,0.0,0.0,0.0,0.0,0.0,0,0,0,0.0,0.0,0.0,0.0,0.0,0.0,0.0,0.0,0.0,0.0,0.0,0.0,0.0,0.0,0.0,0.0,0,-107875648.0,69,0.0,138,0.0,-109447200.0,0,13107,17040,39322,17049,26215,17043,0,0,0,70,68,100,2.7302359370752657e+23,71.2,2.7302370179391762e+23,74.3,2.7302370179391762e+23,74.0,1,49,50,180,13107,0,0,0,0.0,0.0,0.0,0.0,-0.0,67.0,0.0,162057.094,0.0,752,0,740,0,0,0,721,0,768,0,737,0,743,0,742,0,712,0,7520,0.032,108447924224.0,0.0,0.0,784,16797,-0.0,162057.094,-114818.039,-0.0,0.133,6.909358625270745e+28,30.0,65.0,35,0.0,0.0,0.0,0.0,0.0,0.0,0.0,0.0,0.0,0.0,0.0,0.0,0.0,0.0,0.0,0.0,69.2,0,150,71,55,65476,0,300,0,1,8,20529,65476,0,0,40632,65.0,0.0,0.0,0.0,0.0,0.0
2026-09-04T20:04:37,ERR,ERR,ERR,ERR,ERR,ERR,ERR,ERR,ERR,ERR,ERR,ERR,ERR,ERR,ERR,ERR,ERR,ERR,ERR,ERR,ERR,ERR,ERR,ERR,ERR,ERR,ERR,ERR,ERR,ERR,ERR,ERR,ERR,ERR,ERR,ERR,ERR,ERR,ERR,ERR,ERR,ERR,ERR,ERR,ERR,ERR,ERR,ERR,ERR,ERR,ERR,ERR,ERR,ERR,ERR,ERR,ERR,ERR,ERR,ERR,ERR,ERR,ERR,ERR,ERR,ERR,ERR,ERR,ERR,ERR,ERR,ERR,ERR,ERR,ERR,ERR,ERR,ERR,ERR,ERR,ERR,ERR,ERR,ERR,ERR,ERR,ERR,ERR,ERR,ERR,ERR,ERR,ERR,ERR,ERR,ERR,ERR,ERR,ERR,ERR,ERR,ERR,ERR,ERR,ERR,ERR,ERR,ERR,ERR,ERR,ERR,ERR,ERR,ERR,ERR,ERR,ERR,ERR,ERR,ERR,ERR,ERR,ERR,ERR,ERR,2.718430741444032e+23,2.7184312818759872e+23,0.0,0.0,0.0,1.3936040501711995e+18,7.805,0.0,0,0,4,0,7116,0.0,100,0.0,0.0,0.0,0.0,0.0,0,0,0,0,0.0,0,0,0,0,0,0,0,0,0,0,0,0,0,0,0,0,0,0,0,0,0,0,0,0,0,0,0,0,0,0,0,0,0,31,40,40,71,65476,0,300,0,0,8,21553,0.0,-107605600.0,0.0,0.0,0.0,0.0,0.0,0.0,0.0,0.0,0.0,0.0,0.0,0.0,0.0,0.0,0.0,0.0,0.0,0.0,0.0,0.0,0.0,-2.004,-2.004,0.0,0.0,0.0,0.0,0.0,6224.0,0.0,6912.0,2.718430741444032e+23,2.7184312818759872e+23,-0.0,2.718430741444032e+23,0.0,0.0,0.0,0.0,69,-0.0,126840930304.0,0.0,0.0,0.0,0.0,0.0,0.0,0.0,0,0,0,0.0,0.0,0.0,0.0,0.0,0.0,0.0,0.0,0.0,0.0,0.0,0.0,0.0,0.0,0.0,0.0,0,-107875648.0,69,0.0,138,0.0,-109447200.0,0,13107,17040,39322,17049,26215,17043,0,0,0,70,68,100,2.7302359370752657e+23,71.2,2.7302370179391762e+23,74.3,2.7302370179391762e+23,74.0,1,49,50,180,13107,0,0,0,0.0,0.0,0.0,0.0,-0.0,67.0,0.0,162057.094,0.0,752,0,740,0,0,0,721,0,768,0,737,0,743,0,742,0,712,0,7520,0.032,108447924224.0,0.0,0.0,784,16797,-0.0,162057.094,-114818.039,-0.0,0.133,6.909358625270745e+28,30.0,65.0,35,0.0,0.0,0.0,0.0,0.0,0.0,0.0,0.0,0.0,0.0,0.0,0.0,0.0,0.0,0.0,0.0,69.2,0,150,71,55,65476,0,300,0,1,8,20529,65476,0,0,40632,65.0,0.0,0.0,0.0,0.0,0.0
2026-09-04T20:04:38,ERR,ERR,ERR,ERR,ERR,ERR,ERR,ERR,ERR,ERR,ERR,ERR,ERR,ERR,ERR,ERR,ERR,ERR,ERR,ERR,ERR,ERR,ERR,ERR,ERR,ERR,ERR,ERR,ERR,ERR,ERR,ERR,ERR,ERR,ERR,ERR,ERR,ERR,ERR,ERR,ERR,ERR,ERR,ERR,ERR,ERR,ERR,ERR,ERR,ERR,ERR,ERR,ERR,ERR,ERR,ERR,ERR,ERR,ERR,ERR,ERR,ERR,ERR,ERR,ERR,ERR,ERR,ERR,ERR,ERR,ERR,ERR,ERR,ERR,ERR,ERR,ERR,ERR,ERR,ERR,ERR,ERR,ERR,ERR,ERR,ERR,ERR,ERR,ERR,ERR,ERR,ERR,ERR,ERR,ERR,ERR,ERR,ERR,ERR,ERR,ERR,ERR,ERR,ERR,ERR,ERR,ERR,ERR,ERR,ERR,ERR,ERR,ERR,ERR,ERR,ERR,ERR,ERR,ERR,ERR,ERR,ERR,ERR,ERR,ERR,2.718430741444032e+23,2.7184312818759872e+23,0.0,0.0,0.0,1.3936040501711995e+18,7.805,0.0,0,0,4,0,7116,0.0,100,0.0,0.0,0.0,0.0,0.0,0,0,0,0,0.0,0,0,0,0,0,0,0,0,0,0,0,0,0,0,0,0,0,0,0,0,0,0,0,0,0,0,0,0,0,0,0,0,0,31,40,40,71,65476,0,300,0,0,8,21553,0.0,-107605600.0,0.0,0.0,0.0,0.0,0.0,0.0,0.0,0.0,0.0,0.0,0.0,0.0,0.0,0.0,0.0,0.0,0.0,0.0,0.0,0.0,0.0,-2.004,-2.004,0.0,0.0,0.0,0.0,0.0,6224.0,0.0,6912.0,2.718430741444032e+23,2.7184312818759872e+23,-0.0,2.718430741444032e+23,0.0,0.0,0.0,0.0,69,-0.0,126840930304.0,0.0,0.0,0.0,0.0,0.0,0.0,0.0,0,0,0,0.0,0.0,0.0,0.0,0.0,0.0,0.0,0.0,0.0,0.0,0.0,0.0,0.0,0.0,0.0,0.0,0,-107875648.0,69,0.0,138,0.0,-109447200.0,0,13107,17040,39322,17049,26215,17043,0,0,0,70,68,100,2.7302359370752657e+23,71.2,2.7302370179391762e+23,74.3,2.7302370179391762e+23,74.0,1,49,50,180,13107,0,0,0,0.0,0.0,0.0,0.0,-0.0,67.0,0.0,162057.094,0.0,752,0,740,0,0,0,721,0,768,0,737,0,743,0,742,0,712,0,7520,0.032,108447924224.0,0.0,0.0,784,16797,-0.0,162057.094,-114818.039,-0.0,0.133,6.909358625270745e+28,30.0,65.0,35,0.0,0.0,0.0,0.0,0.0,0.0,0.0,0.0,0.0,0.0,0.0,0.0,0.0,0.0,0.0,0.0,69.2,0,150,71,55,65476,0,300,0,1,8,20529,65476,0,0,40632,65.0,0.0,0.0,0.0,0.0,0.0
2026-09-04T20:04:39,ERR,ERR,ERR,ERR,ERR,ERR,ERR,ERR,ERR,ERR,ERR,ERR,ERR,ERR,ERR,ERR,ERR,ERR,ERR,ERR,ERR,ERR,ERR,ERR,ERR,ERR,ERR,ERR,ERR,ERR,ERR,ERR,ERR,ERR,ERR,ERR,ERR,ERR,ERR,ERR,ERR,ERR,ERR,ERR,ERR,ERR,ERR,ERR,ERR,ERR,ERR,ERR,ERR,ERR,ERR,ERR,ERR,ERR,ERR,ERR,ERR,ERR,ERR,ERR,ERR,ERR,ERR,ERR,ERR,ERR,ERR,ERR,ERR,ERR,ERR,ERR,ERR,ERR,ERR,ERR,ERR,ERR,ERR,ERR,ERR,ERR,ERR,ERR,ERR,ERR,ERR,ERR,ERR,ERR,ERR,ERR,ERR,ERR,ERR,ERR,ERR,ERR,ERR,ERR,ERR,ERR,ERR,ERR,ERR,ERR,ERR,ERR,ERR,ERR,ERR,ERR,ERR,ERR,ERR,ERR,ERR,ERR,ERR,ERR,ERR,2.718430741444032e+23,2.7184312818759872e+23,0.0,0.0,0.0,1.3936040501711995e+18,7.805,0.0,0,0,4,0,7116,0.0,100,0.0,0.0,0.0,0.0,0.0,0,0,0,0,0.0,0,0,0,0,0,0,0,0,0,0,0,0,0,0,0,0,0,0,0,0,0,0,0,0,0,0,0,0,0,0,0,0,0,31,40,40,71,65476,0,300,0,0,8,21553,0.0,-107605600.0,0.0,0.0,0.0,0.0,0.0,0.0,0.0,0.0,0.0,0.0,0.0,0.0,0.0,0.0,0.0,0.0,0.0,0.0,0.0,0.0,0.0,-2.004,-2.004,0.0,0.0,0.0,0.0,0.0,6224.0,0.0,6912.0,2.718430741444032e+23,2.7184312818759872e+23,-0.0,2.718430741444032e+23,0.0,0.0,0.0,0.0,69,-0.0,126840930304.0,0.0,0.0,0.0,0.0,0.0,0.0,0.0,0,0,0,0.0,0.0,0.0,0.0,0.0,0.0,0.0,0.0,0.0,0.0,0.0,0.0,0.0,0.0,0.0,0.0,0,-107875648.0,69,0.0,138,0.0,-109447200.0,0,13107,17040,39322,17049,13107,17043,0,0,0,70,68,100,2.7302359370752657e+23,71.2,2.7302370179391762e+23,74.3,2.7302370179391762e+23,74.0,1,49,50,180,13107,0,0,0,0.0,0.0,0.0,0.0,-0.0,67.0,0.0,162057.094,0.0,751,0,740,0,0,0,721,0,768,0,736,0,742,0,742,0,712,0,7520,0.032,107911053312.0,0.0,0.0,784,16797,-0.0,162057.094,-114818.039,-0.0,0.133,6.909358625270745e+28,30.0,65.0,35,0.0,0.0,0.0,0.0,0.0,0.0,0.0,0.0,0.0,0.0,0.0,0.0,0.0,0.0,0.0,0.0,69.2,0,150,71,55,65476,0,300,0,1,8,20529,65476,0,0,40632,65.0,0.0,0.0,0.0,0.0,0.0
2026-09-04T20:04:40,ERR,ERR,ERR,ERR,ERR,ERR,ERR,ERR,ERR,ERR,ERR,ERR,ERR,ERR,ERR,ERR,ERR,ERR,ERR,ERR,ERR,ERR,ERR,ERR,ERR,ERR,ERR,ERR,ERR,ERR,ERR,ERR,ERR,ERR,ERR,ERR,ERR,ERR,ERR,ERR,ERR,ERR,ERR,ERR,ERR,ERR,ERR,ERR,ERR,ERR,ERR,ERR,ERR,ERR,ERR,ERR,ERR,ERR,ERR,ERR,ERR,ERR,ERR,ERR,ERR,ERR,ERR,ERR,ERR,ERR,ERR,ERR,ERR,ERR,ERR,ERR,ERR,ERR,ERR,ERR,ERR,ERR,ERR,ERR,ERR,ERR,ERR,ERR,ERR,ERR,ERR,ERR,ERR,ERR,ERR,ERR,ERR,ERR,ERR,ERR,ERR,ERR,ERR,ERR,ERR,ERR,ERR,ERR,ERR,ERR,ERR,ERR,ERR,ERR,ERR,ERR,ERR,ERR,ERR,ERR,ERR,ERR,ERR,ERR,ERR,2.718430741444032e+23,2.7184312818759872e+23,0.0,0.0,0.0,1.3936040501711995e+18,7.805,0.0,0,0,4,0,7116,0.0,100,0.0,0.0,0.0,0.0,0.0,0,0,0,0,0.0,0,0,0,0,0,0,0,0,0,0,0,0,0,0,0,0,0,0,0,0,0,0,0,0,0,0,0,0,0,0,0,0,0,31,40,40,71,65476,0,300,0,0,8,21553,0.0,-107605600.0,0.0,0.0,0.0,0.0,0.0,0.0,0.0,0.0,0.0,0.0,0.0,0.0,0.0,0.0,0.0,0.0,0.0,0.0,0.0,0.0,0.0,-2.004,-2.004,0.0,0.0,0.0,0.0,0.0,6224.0,0.0,6912.0,2.718430741444032e+23,2.7184312818759872e+23,-0.0,2.718430741444032e+23,0.0,0.0,0.0,0.0,69,-0.0,126840930304.0,0.0,0.0,0.0,0.0,0.0,0.0,0.0,0,0,0,0.0,0.0,0.0,0.0,0.0,0.0,0.0,0.0,0.0,0.0,0.0,0.0,0.0,0.0,0.0,0.0,0,-107875648.0,69,0.0,138,0.0,-109447200.0,0,13107,17040,39322,17049,13107,17043,0,0,0,70,68,100,2.7302359370752657e+23,71.2,2.7302370179391762e+23,74.3,2.7302370179391762e+23,74.0,1,49,50,180,13107,0,0,0,0.0,0.0,0.0,0.0,-0.0,67.0,0.0,162057.094,0.0,751,0,740,0,0,0,721,0,768,0,736,0,742,0,742,0,712,0,7520,0.032,107911053312.0,0.0,0.0,784,16797,-0.0,162057.094,-114818.039,-0.0,0.133,6.909358625270745e+28,30.0,65.0,35,0.0,0.0,0.0,0.0,0.0,0.0,0.0,0.0,0.0,0.0,0.0,0.0,0.0,0.0,0.0,0.0,69.2,0,150,71,55,65476,0,300,0,1,8,20529,65476,0,0,40632,65.0,0.0,0.0,0.0,0.0,0.0
2026-09-04T20:04:41,ERR,ERR,ERR,ERR,ERR,ERR,ERR,ERR,ERR,ERR,ERR,ERR,ERR,ERR,ERR,ERR,ERR,ERR,ERR,ERR,ERR,ERR,ERR,ERR,ERR,ERR,ERR,ERR,ERR,ERR,ERR,ERR,ERR,ERR,ERR,ERR,ERR,ERR,ERR,ERR,ERR,ERR,ERR,ERR,ERR,ERR,ERR,ERR,ERR,ERR,ERR,ERR,ERR,ERR,ERR,ERR,ERR,ERR,ERR,ERR,ERR,ERR,ERR,ERR,ERR,ERR,ERR,ERR,ERR,ERR,ERR,ERR,ERR,ERR,ERR,ERR,ERR,ERR,ERR,ERR,ERR,ERR,ERR,ERR,ERR,ERR,ERR,ERR,ERR,ERR,ERR,ERR,ERR,ERR,ERR,ERR,ERR,ERR,ERR,ERR,ERR,ERR,ERR,ERR,ERR,ERR,ERR,ERR,ERR,ERR,ERR,ERR,ERR,ERR,ERR,ERR,ERR,ERR,ERR,ERR,ERR,ERR,ERR,ERR,ERR,2.718430741444032e+23,2.7184312818759872e+23,0.0,0.0,0.0,1.3936040501711995e+18,7.805,0.0,0,0,4,0,7116,0.0,100,0.0,0.0,0.0,0.0,0.0,0,0,0,0,0.0,0,0,0,0,0,0,0,0,0,0,0,0,0,0,0,0,0,0,0,0,0,0,0,0,0,0,0,0,0,0,0,0,0,31,40,40,71,65476,0,300,0,0,8,21553,0.0,-107605600.0,0.0,0.0,0.0,0.0,0.0,0.0,0.0,0.0,0.0,0.0,0.0,0.0,0.0,0.0,0.0,0.0,0.0,0.0,0.0,0.0,0.0,-2.004,-2.004,0.0,0.0,0.0,0.0,0.0,6224.0,0.0,6912.0,2.718430741444032e+23,2.7184312818759872e+23,-0.0,2.718430741444032e+23,0.0,0.0,0.0,0.0,69,-0.0,126840930304.0,0.0,0.0,0.0,0.0,0.0,0.0,0.0,0,0,0,0.0,0.0,0.0,0.0,0.0,0.0,0.0,0.0,0.0,0.0,0.0,0.0,0.0,0.0,0.0,0.0,0,-107875648.0,69,0.0,138,0.0,-109447200.0,0,13107,17040,39322,17049,13107,17043,0,0,0,70,68,100,2.7302359370752657e+23,71.2,2.7302370179391762e+23,74.3,2.7302370179391762e+23,74.0,1,49,50,180,13107,0,0,0,0.0,0.0,0.0,0.0,-0.0,67.0,0.0,162057.094,0.0,751,0,740,0,0,0,721,0,768,0,736,0,742,0,742,0,712,0,7520,0.032,107911053312.0,0.0,0.0,784,16797,-0.0,162057.094,-114818.039,-0.0,0.133,6.909358625270745e+28,30.0,65.0,35,0.0,0.0,0.0,0.0,0.0,0.0,0.0,0.0,0.0,0.0,0.0,0.0,0.0,0.0,0.0,0.0,69.2,0,150,71,55,65476,0,300,0,1,8,20529,65476,0,0,40632,65.0,0.0,0.0,0.0,0.0,0.0
2026-09-04T20:04:42,ERR,ERR,ERR,ERR,ERR,ERR,ERR,ERR,ERR,ERR,ERR,ERR,ERR,ERR,ERR,ERR,ERR,ERR,ERR,ERR,ERR,ERR,ERR,ERR,ERR,ERR,ERR,ERR,ERR,ERR,ERR,ERR,ERR,ERR,ERR,ERR,ERR,ERR,ERR,ERR,ERR,ERR,ERR,ERR,ERR,ERR,ERR,ERR,ERR,ERR,ERR,ERR,ERR,ERR,ERR,ERR,ERR,ERR,ERR,ERR,ERR,ERR,ERR,ERR,ERR,ERR,ERR,ERR,ERR,ERR,ERR,ERR,ERR,ERR,ERR,ERR,ERR,ERR,ERR,ERR,ERR,ERR,ERR,ERR,ERR,ERR,ERR,ERR,ERR,ERR,ERR,ERR,ERR,ERR,ERR,ERR,ERR,ERR,ERR,ERR,ERR,ERR,ERR,ERR,ERR,ERR,ERR,ERR,ERR,ERR,ERR,ERR,ERR,ERR,ERR,ERR,ERR,ERR,ERR,ERR,ERR,ERR,ERR,ERR,ERR,2.718430741444032e+23,2.7184312818759872e+23,0.0,0.0,0.0,1.3936040501711995e+18,7.805,0.0,0,0,4,0,7116,0.0,100,0.0,0.0,0.0,0.0,0.0,0,0,0,0,0.0,0,0,0,0,0,0,0,0,0,0,0,0,0,0,0,0,0,0,0,0,0,0,0,0,0,0,0,0,0,0,0,0,0,31,40,40,71,65476,0,300,0,0,8,21553,0.0,-107605600.0,0.0,0.0,0.0,0.0,0.0,0.0,0.0,0.0,0.0,0.0,0.0,0.0,0.0,0.0,0.0,0.0,0.0,0.0,0.0,0.0,0.0,-2.004,-2.004,0.0,0.0,0.0,0.0,0.0,6224.0,0.0,6912.0,2.718430741444032e+23,2.7184312818759872e+23,-0.0,2.718430741444032e+23,0.0,0.0,0.0,0.0,69,-0.0,126840930304.0,0.0,0.0,0.0,0.0,0.0,0.0,0.0,0,0,0,0.0,0.0,0.0,0.0,0.0,0.0,0.0,0.0,0.0,0.0,0.0,0.0,0.0,0.0,0.0,0.0,0,-107875648.0,69,0.0,138,0.0,-109447200.0,0,13107,17040,39322,17049,13107,17043,0,0,0,70,68,100,2.7302359370752657e+23,71.2,2.7302370179391762e+23,74.3,2.7302370179391762e+23,74.0,1,49,50,180,13107,0,0,0,0.0,0.0,0.0,0.0,-0.0,67.0,0.0,162057.094,0.0,751,0,740,0,0,0,721,0,768,0,736,0,742,0,742,0,712,0,7520,0.032,107911053312.0,0.0,0.0,784,16797,-0.0,162057.094,-114818.039,-0.0,0.133,6.909358625270745e+28,30.0,65.0,35,0.0,0.0,0.0,0.0,0.0,0.0,0.0,0.0,0.0,0.0,0.0,0.0,0.0,0.0,0.0,0.0,69.2,0,150,71,55,65476,0,300,0,1,8,20529,65476,0,0,40632,65.0,0.0,0.0,0.0,0.0,0.0
2026-09-04T20:04:43,ERR,ERR,ERR,ERR,ERR,ERR,ERR,ERR,ERR,ERR,ERR,ERR,ERR,ERR,ERR,ERR,ERR,ERR,ERR,ERR,ERR,ERR,ERR,ERR,ERR,ERR,ERR,ERR,ERR,ERR,ERR,ERR,ERR,ERR,ERR,ERR,ERR,ERR,ERR,ERR,ERR,ERR,ERR,ERR,ERR,ERR,ERR,ERR,ERR,ERR,ERR,ERR,ERR,ERR,ERR,ERR,ERR,ERR,ERR,ERR,ERR,ERR,ERR,ERR,ERR,ERR,ERR,ERR,ERR,ERR,ERR,ERR,ERR,ERR,ERR,ERR,ERR,ERR,ERR,ERR,ERR,ERR,ERR,ERR,ERR,ERR,ERR,ERR,ERR,ERR,ERR,ERR,ERR,ERR,ERR,ERR,ERR,ERR,ERR,ERR,ERR,ERR,ERR,ERR,ERR,ERR,ERR,ERR,ERR,ERR,ERR,ERR,ERR,ERR,ERR,ERR,ERR,ERR,ERR,ERR,ERR,ERR,ERR,ERR,ERR,2.718430741444032e+23,2.7184312818759872e+23,0.0,0.0,0.0,1.3936040501711995e+18,7.805,0.0,0,0,4,0,7116,0.0,100,0.0,0.0,0.0,0.0,0.0,0,0,0,0,0.0,0,0,0,0,0,0,0,0,0,0,0,0,0,0,0,0,0,0,0,0,0,0,0,0,0,0,0,0,0,0,0,0,0,31,40,40,71,65476,0,300,0,0,8,21553,0.0,-107605600.0,0.0,0.0,0.0,0.0,0.0,0.0,0.0,0.0,0.0,0.0,0.0,0.0,0.0,0.0,0.0,0.0,0.0,0.0,0.0,0.0,0.0,0.0,-2.004,0.0,0.0,0.0,0.0,0.0,6196.0,-0.0,6929.0,2.718430741444032e+23,-0.0,-0.0,2.718430741444032e+23,0.0,0.0,0.0,0.0,69,-126841176064.0,-0.0,0.0,0.0,0.0,0.0,0.0,0.0,0.0,0,0,0,0.0,0.0,0.0,0.0,0.0,0.0,0.0,0.0,0.0,0.0,0.0,0.0,0.0,0.0,0.0,0.0,0,-107875648.0,69,0.0,138,0.0,-109447200.0,0,13107,17040,39322,17049,13107,17043,0,0,0,70,68,100,2.7302359370752657e+23,71.2,2.7302370179391762e+23,74.3,2.7302370179391762e+23,74.0,1,49,50,180,13107,0,0,0,0.0,0.0,0.0,0.0,-0.0,67.0,0.0,162057.094,0.0,751,0,740,0,0,0,721,0,768,0,736,0,742,0,742,0,712,0,7520,0.032,107911053312.0,0.0,0.0,784,16797,-0.0,162057.094,-114818.039,-0.0,0.133,6.909358625270745e+28,30.0,65.0,35,0.0,0.0,0.0,0.0,0.0,0.0,0.0,0.0,0.0,0.0,0.0,0.0,0.0,0.0,0.0,0.0,69.2,0,150,71,55,65476,0,300,0,1,8,20529,65476,0,0,40632,65.0,0.0,0.0,0.0,0.0,0.0
2026-09-04T20:04:44,ERR,ERR,ERR,ERR,ERR,ERR,ERR,ERR,ERR,ERR,ERR,ERR,ERR,ERR,ERR,ERR,ERR,ERR,ERR,ERR,ERR,ERR,ERR,ERR,ERR,ERR,ERR,ERR,ERR,ERR,ERR,ERR,ERR,ERR,ERR,ERR,ERR,ERR,ERR,ERR,ERR,ERR,ERR,ERR,ERR,ERR,ERR,ERR,ERR,ERR,ERR,ERR,ERR,ERR,ERR,ERR,ERR,ERR,ERR,ERR,ERR,ERR,ERR,ERR,ERR,ERR,ERR,ERR,ERR,ERR,ERR,ERR,ERR,ERR,ERR,ERR,ERR,ERR,ERR,ERR,ERR,ERR,ERR,ERR,ERR,ERR,ERR,ERR,ERR,ERR,ERR,ERR,ERR,ERR,ERR,ERR,ERR,ERR,ERR,ERR,ERR,ERR,ERR,ERR,ERR,ERR,ERR,ERR,ERR,ERR,ERR,ERR,ERR,ERR,ERR,ERR,ERR,ERR,ERR,ERR,ERR,ERR,ERR,ERR,ERR,2.718430741444032e+23,2.7184312818759872e+23,0.0,0.0,0.0,1.3936040501711995e+18,7.805,0.0,0,0,4,0,7116,0.0,100,0.0,0.0,0.0,0.0,0.0,0,0,0,0,0.0,0,0,0,0,0,0,0,0,0,0,0,0,0,0,0,0,0,0,0,0,0,0,0,0,0,0,0,0,0,0,0,0,0,31,40,40,71,65476,0,300,0,0,8,21553,0.0,-107605600.0,0.0,0.0,0.0,0.0,0.0,0.0,0.0,0.0,0.0,0.0,0.0,0.0,0.0,0.0,0.0,0.0,0.0,0.0,0.0,0.0,0.0,0.0,-2.004,0.0,0.0,0.0,0.0,0.0,6196.0,-0.0,6929.0,2.718430741444032e+23,-0.0,-0.0,2.718430741444032e+23,0.0,0.0,0.0,0.0,69,-126841176064.0,-0.0,0.0,0.0,0.0,0.0,0.0,0.0,0.0,0,0,0,0.0,0.0,0.0,0.0,0.0,0.0,0.0,0.0,0.0,0.0,0.0,0.0,0.0,0.0,0.0,0.0,0,-107875648.0,69,0.0,138,0.0,-109447200.0,0,13107,17040,39322,17049,13107,17043,0,0,0,70,68,100,2.7302359370752657e+23,71.2,2.7302370179391762e+23,74.3,2.7302370179391762e+23,74.0,1,49,50,180,13107,0,0,0,0.0,0.0,0.0,0.0,-0.0,67.0,0.0,162057.094,0.0,751,0,740,0,0,0,721,0,768,0,736,0,742,0,742,0,712,0,7520,0.032,107911053312.0,0.0,0.0,784,16797,-0.0,162057.094,-114818.039,-0.0,0.133,6.909358625270745e+28,30.0,65.0,35,0.0,0.0,0.0,0.0,0.0,0.0,0.0,0.0,0.0,0.0,0.0,0.0,0.0,0.0,0.0,0.0,69.2,0,150,71,55,65476,0,300,0,1,8,20529,65476,0,0,40632,65.0,0.0,0.0,0.0,0.0,0.0
2026-09-04T20:04:45,ERR,ERR,ERR,ERR,ERR,ERR,ERR,ERR,ERR,ERR,ERR,ERR,ERR,ERR,ERR,ERR,ERR,ERR,ERR,ERR,ERR,ERR,ERR,ERR,ERR,ERR,ERR,ERR,ERR,ERR,ERR,ERR,ERR,ERR,ERR,ERR,ERR,ERR,ERR,ERR,ERR,ERR,ERR,ERR,ERR,ERR,ERR,ERR,ERR,ERR,ERR,ERR,ERR,ERR,ERR,ERR,ERR,ERR,ERR,ERR,ERR,ERR,ERR,ERR,ERR,ERR,ERR,ERR,ERR,ERR,ERR,ERR,ERR,ERR,ERR,ERR,ERR,ERR,ERR,ERR,ERR,ERR,ERR,ERR,ERR,ERR,ERR,ERR,ERR,ERR,ERR,ERR,ERR,ERR,ERR,ERR,ERR,ERR,ERR,ERR,ERR,ERR,ERR,ERR,ERR,ERR,ERR,ERR,ERR,ERR,ERR,ERR,ERR,ERR,ERR,ERR,ERR,ERR,ERR,ERR,ERR,ERR,ERR,ERR,ERR,2.718430741444032e+23,2.7184312818759872e+23,0.0,0.0,0.0,1.3936040501711995e+18,7.805,0.0,0,0,4,0,7116,0.0,100,0.0,0.0,0.0,0.0,0.0,0,0,0,0,0.0,0,0,0,0,0,0,0,0,0,0,0,0,0,0,0,0,0,0,0,0,0,0,0,0,0,0,0,0,0,0,0,0,0,31,40,40,71,65476,0,300,0,0,8,21553,0.0,-107605600.0,0.0,0.0,0.0,0.0,0.0,0.0,0.0,0.0,0.0,0.0,0.0,0.0,0.0,0.0,0.0,0.0,0.0,0.0,0.0,0.0,0.0,0.0,-2.004,0.0,0.0,0.0,0.0,0.0,6196.0,-0.0,6929.0,2.718430741444032e+23,-0.0,-0.0,2.718430741444032e+23,0.0,0.0,0.0,0.0,69,-126841176064.0,-0.0,0.0,0.0,0.0,0.0,0.0,0.0,0.0,0,0,0,0.0,0.0,0.0,0.0,0.0,0.0,0.0,0.0,0.0,0.0,0.0,0.0,0.0,0.0,0.0,0.0,0,-107875648.0,69,0.0,138,0.0,-109447200.0,0,13107,17040,39322,17049,26215,17043,0,0,0,70,68,100,2.7302359370752657e+23,71.2,2.7302370179391762e+23,74.3,-0.0,74.0,1,49,50,180,13107,0,0,0,0.0,0.0,0.0,0.0,-0.0,67.0,0.0,162057.094,0.0,751,0,740,0,0,0,721,0,768,0,737,0,743,0,742,0,712,0,7520,0.032,108447924224.0,0.0,0.0,784,16797,-0.0,162057.094,-114818.039,-0.0,0.133,6.909358625270745e+28,30.0,65.0,35,0.0,0.0,0.0,0.0,0.0,0.0,0.0,0.0,0.0,0.0,0.0,0.0,0.0,0.0,0.0,0.0,69.2,0,150,71,55,65476,0,300,0,1,8,20529,65476,0,0,40632,65.0,0.0,0.0,0.0,0.0,0.0
2026-09-04T20:04:46,ERR,ERR,ERR,ERR,ERR,ERR,ERR,ERR,ERR,ERR,ERR,ERR,ERR,ERR,ERR,ERR,ERR,ERR,ERR,ERR,ERR,ERR,ERR,ERR,ERR,ERR,ERR,ERR,ERR,ERR,ERR,ERR,ERR,ERR,ERR,ERR,ERR,ERR,ERR,ERR,ERR,ERR,ERR,ERR,ERR,ERR,ERR,ERR,ERR,ERR,ERR,ERR,ERR,ERR,ERR,ERR,ERR,ERR,ERR,ERR,ERR,ERR,ERR,ERR,ERR,ERR,ERR,ERR,ERR,ERR,ERR,ERR,ERR,ERR,ERR,ERR,ERR,ERR,ERR,ERR,ERR,ERR,ERR,ERR,ERR,ERR,ERR,ERR,ERR,ERR,ERR,ERR,ERR,ERR,ERR,ERR,ERR,ERR,ERR,ERR,ERR,ERR,ERR,ERR,ERR,ERR,ERR,ERR,ERR,ERR,ERR,ERR,ERR,ERR,ERR,ERR,ERR,ERR,ERR,ERR,ERR,ERR,ERR,ERR,ERR,2.718430741444032e+23,2.7184312818759872e+23,0.0,0.0,0.0,1.3936040501711995e+18,7.805,0.0,0,0,4,0,7116,0.0,100,0.0,0.0,0.0,0.0,0.0,0,0,0,0,0.0,0,0,0,0,0,0,0,0,0,0,0,0,0,0,0,0,0,0,0,0,0,0,0,0,0,0,0,0,0,0,0,0,0,31,40,40,71,65476,0,300,0,0,8,21553,0.0,-107605600.0,0.0,0.0,0.0,0.0,0.0,0.0,0.0,0.0,0.0,0.0,0.0,0.0,0.0,0.0,0.0,0.0,0.0,0.0,0.0,0.0,0.0,0.0,-2.004,0.0,0.0,0.0,0.0,0.0,6196.0,-0.0,6929.0,2.718430741444032e+23,-0.0,-0.0,2.718430741444032e+23,0.0,0.0,0.0,0.0,69,-126841176064.0,-0.0,0.0,0.0,0.0,0.0,0.0,0.0,0.0,0,0,0,0.0,0.0,0.0,0.0,0.0,0.0,0.0,0.0,0.0,0.0,0.0,0.0,0.0,0.0,0.0,0.0,0,-107875648.0,69,0.0,138,0.0,-109447200.0,0,13107,17040,39322,17049,26215,17043,0,0,0,70,68,100,2.7302359370752657e+23,71.2,2.7302370179391762e+23,74.3,-0.0,74.0,1,49,50,180,13107,0,0,0,0.0,0.0,0.0,0.0,-0.0,67.0,0.0,162057.094,0.0,751,0,740,0,0,0,721,0,768,0,737,0,743,0,742,0,712,0,7520,0.032,108447924224.0,0.0,0.0,784,16797,-0.0,162057.094,-114818.039,-0.0,0.133,6.909358625270745e+28,30.0,65.0,35,0.0,0.0,0.0,0.0,0.0,0.0,0.0,0.0,0.0,0.0,0.0,0.0,0.0,0.0,0.0,0.0,69.2,0,150,71,55,65476,0,300,0,1,8,20529,65476,0,0,40632,65.0,0.0,0.0,0.0,0.0,0.0
2026-09-04T20:04:47,ERR,ERR,ERR,ERR,ERR,ERR,ERR,ERR,ERR,ERR,ERR,ERR,ERR,ERR,ERR,ERR,ERR,ERR,ERR,ERR,ERR,ERR,ERR,ERR,ERR,ERR,ERR,ERR,ERR,ERR,ERR,ERR,ERR,ERR,ERR,ERR,ERR,ERR,ERR,ERR,ERR,ERR,ERR,ERR,ERR,ERR,ERR,ERR,ERR,ERR,ERR,ERR,ERR,ERR,ERR,ERR,ERR,ERR,ERR,ERR,ERR,ERR,ERR,ERR,ERR,ERR,ERR,ERR,ERR,ERR,ERR,ERR,ERR,ERR,ERR,ERR,ERR,ERR,ERR,ERR,ERR,ERR,ERR,ERR,ERR,ERR,ERR,ERR,ERR,ERR,ERR,ERR,ERR,ERR,ERR,ERR,ERR,ERR,ERR,ERR,ERR,ERR,ERR,ERR,ERR,ERR,ERR,ERR,ERR,ERR,ERR,ERR,ERR,ERR,ERR,ERR,ERR,ERR,ERR,ERR,ERR,ERR,ERR,ERR,ERR,2.718430741444032e+23,2.7184312818759872e+23,0.0,0.0,0.0,1.3936040501711995e+18,7.805,0.0,0,0,4,0,7116,0.0,100,0.0,0.0,0.0,0.0,0.0,0,0,0,0,0.0,0,0,0,0,0,0,0,0,0,0,0,0,0,0,0,0,0,0,0,0,0,0,0,0,0,0,0,0,0,0,0,0,0,31,40,40,71,65476,0,300,0,0,8,21553,0.0,-107605600.0,0.0,0.0,0.0,0.0,0.0,0.0,0.0,0.0,0.0,0.0,0.0,0.0,0.0,0.0,0.0,0.0,0.0,0.0,0.0,0.0,0.0,0.0,-2.004,0.0,0.0,0.0,0.0,0.0,6196.0,-0.0,6929.0,2.718430741444032e+23,-0.0,-0.0,2.718430741444032e+23,0.0,0.0,0.0,0.0,69,-126841176064.0,-0.0,0.0,0.0,0.0,0.0,0.0,0.0,0.0,0,0,0,0.0,0.0,0.0,0.0,0.0,0.0,0.0,0.0,0.0,0.0,0.0,0.0,0.0,0.0,0.0,0.0,0,-107875648.0,69,0.0,138,0.0,-109447200.0,0,13107,17040,39322,17049,26215,17043,0,0,0,70,68,100,2.7302359370752657e+23,71.2,2.7302370179391762e+23,74.3,-0.0,74.0,1,49,50,180,13107,0,0,0,0.0,0.0,0.0,0.0,-0.0,67.0,0.0,162057.094,0.0,751,0,740,0,0,0,721,0,768,0,737,0,743,0,742,0,712,0,7520,0.032,108447924224.0,0.0,0.0,784,16797,-0.0,162057.094,-114818.039,-0.0,0.133,6.909358625270745e+28,30.0,65.0,35,0.0,0.0,0.0,0.0,0.0,0.0,0.0,0.0,0.0,0.0,0.0,0.0,0.0,0.0,0.0,0.0,69.2,0,150,71,55,65476,0,300,0,1,8,20529,65476,0,0,40632,65.0,0.0,0.0,0.0,0.0,0.0
2026-09-04T20:04:48,ERR,ERR,ERR,ERR,ERR,ERR,ERR,ERR,ERR,ERR,ERR,ERR,ERR,ERR,ERR,ERR,ERR,ERR,ERR,ERR,ERR,ERR,ERR,ERR,ERR,ERR,ERR,ERR,ERR,ERR,ERR,ERR,ERR,ERR,ERR,ERR,ERR,ERR,ERR,ERR,ERR,ERR,ERR,ERR,ERR,ERR,ERR,ERR,ERR,ERR,ERR,ERR,ERR,ERR,ERR,ERR,ERR,ERR,ERR,ERR,ERR,ERR,ERR,ERR,ERR,ERR,ERR,ERR,ERR,ERR,ERR,ERR,ERR,ERR,ERR,ERR,ERR,ERR,ERR,ERR,ERR,ERR,ERR,ERR,ERR,ERR,ERR,ERR,ERR,ERR,ERR,ERR,ERR,ERR,ERR,ERR,ERR,ERR,ERR,ERR,ERR,ERR,ERR,ERR,ERR,ERR,ERR,ERR,ERR,ERR,ERR,ERR,ERR,ERR,ERR,ERR,ERR,ERR,ERR,ERR,ERR,ERR,ERR,ERR,ERR,2.718430741444032e+23,2.7184312818759872e+23,0.0,0.0,0.0,1.3936040501711995e+18,7.805,0.0,0,0,4,0,7116,0.0,100,0.0,0.0,0.0,0.0,0.0,0,0,0,0,0.0,0,0,0,0,0,0,0,0,0,0,0,0,0,0,0,0,0,0,0,0,0,0,0,0,0,0,0,0,0,0,0,0,0,31,40,40,71,65476,0,300,0,0,8,21553,0.0,-107605600.0,0.0,0.0,0.0,0.0,0.0,0.0,0.0,0.0,0.0,0.0,0.0,0.0,0.0,0.0,0.0,0.0,0.0,0.0,0.0,0.0,0.0,0.0,-2.004,0.0,0.0,0.0,0.0,0.0,6196.0,-0.0,6929.0,2.718430741444032e+23,-0.0,-0.0,2.718430741444032e+23,0.0,0.0,0.0,0.0,69,-126841176064.0,-0.0,0.0,0.0,0.0,0.0,0.0,0.0,0.0,0,0,0,0.0,0.0,0.0,0.0,0.0,0.0,0.0,0.0,0.0,0.0,0.0,0.0,0.0,0.0,0.0,0.0,0,-107875648.0,69,0.0,138,0.0,-109447200.0,0,13107,17040,39322,17049,26215,17043,0,0,0,70,68,100,2.7302359370752657e+23,71.2,2.7302370179391762e+23,74.3,-0.0,74.0,1,49,50,180,13107,0,0,0,0.0,0.0,0.0,0.0,-0.0,67.0,0.0,162057.094,0.0,751,0,740,0,0,0,721,0,768,0,737,0,743,0,742,0,712,0,7520,0.032,108447924224.0,0.0,0.0,784,16797,-0.0,162057.094,-114818.039,-0.0,0.133,6.909358625270745e+28,30.0,65.0,35,0.0,0.0,0.0,0.0,0.0,0.0,0.0,0.0,0.0,0.0,0.0,0.0,0.0,0.0,0.0,0.0,69.2,0,150,71,55,65476,0,300,0,1,8,20529,65476,0,0,40632,65.0,0.0,0.0,0.0,0.0,0.0
2026-09-04T20:04:49,ERR,ERR,ERR,ERR,ERR,ERR,ERR,ERR,ERR,ERR,ERR,ERR,ERR,ERR,ERR,ERR,ERR,ERR,ERR,ERR,ERR,ERR,ERR,ERR,ERR,ERR,ERR,ERR,ERR,ERR,ERR,ERR,ERR,ERR,ERR,ERR,ERR,ERR,ERR,ERR,ERR,ERR,ERR,ERR,ERR,ERR,ERR,ERR,ERR,ERR,ERR,ERR,ERR,ERR,ERR,ERR,ERR,ERR,ERR,ERR,ERR,ERR,ERR,ERR,ERR,ERR,ERR,ERR,ERR,ERR,ERR,ERR,ERR,ERR,ERR,ERR,ERR,ERR,ERR,ERR,ERR,ERR,ERR,ERR,ERR,ERR,ERR,ERR,ERR,ERR,ERR,ERR,ERR,ERR,ERR,ERR,ERR,ERR,ERR,ERR,ERR,ERR,ERR,ERR,ERR,ERR,ERR,ERR,ERR,ERR,ERR,ERR,ERR,ERR,ERR,ERR,ERR,ERR,ERR,ERR,ERR,ERR,ERR,ERR,ERR,2.718430741444032e+23,2.7184312818759872e+23,0.0,0.0,0.0,1.3936040501711995e+18,7.805,0.0,0,0,4,0,7116,0.0,100,0.0,0.0,0.0,0.0,0.0,0,0,0,0,0.0,0,0,0,0,0,0,0,0,0,0,0,0,0,0,0,0,0,0,0,0,0,0,0,0,0,0,0,0,0,0,0,0,0,31,40,40,71,65476,0,300,0,0,8,21553,0.0,-107605600.0,0.0,0.0,0.0,0.0,0.0,0.0,0.0,0.0,0.0,0.0,0.0,0.0,0.0,0.0,0.0,0.0,0.0,0.0,0.0,0.0,0.0,0.0,-2.004,0.0,0.0,0.0,0.0,0.0,6196.0,-0.0,6929.0,2.718430741444032e+23,-0.0,-0.0,2.718430741444032e+23,0.0,0.0,0.0,0.0,69,-126841176064.0,-0.0,0.0,0.0,0.0,0.0,0.0,0.0,0.0,0,0,0,0.0,0.0,0.0,0.0,0.0,0.0,0.0,0.0,0.0,0.0,0.0,0.0,0.0,0.0,0.0,0.0,0,-107875648.0,69,0.0,138,0.0,-109447200.0,0,13107,17040,39322,17049,26215,17043,0,0,0,70,68,100,2.7302359370752657e+23,71.2,2.7302370179391762e+23,74.3,-0.0,74.0,1,49,50,180,13107,0,0,0,0.0,0.0,0.0,0.0,-0.0,67.0,0.0,162057.094,0.0,751,0,740,0,0,0,721,0,768,0,737,0,743,0,742,0,712,0,7520,0.032,108447924224.0,0.0,0.0,784,16797,-0.0,162057.094,-114818.039,-0.0,0.133,6.909358625270745e+28,30.0,65.0,35,0.0,0.0,0.0,0.0,0.0,0.0,0.0,0.0,0.0,0.0,0.0,0.0,0.0,0.0,0.0,0.0,69.2,0,150,71,55,65476,0,300,0,1,8,20529,65476,0,0,40632,65.0,0.0,0.0,0.0,0.0,0.0
2026-09-04T20:04:50,ERR,ERR,ERR,ERR,ERR,ERR,ERR,ERR,ERR,ERR,ERR,ERR,ERR,ERR,ERR,ERR,ERR,ERR,ERR,ERR,ERR,ERR,ERR,ERR,ERR,ERR,ERR,ERR,ERR,ERR,ERR,ERR,ERR,ERR,ERR,ERR,ERR,ERR,ERR,ERR,ERR,ERR,ERR,ERR,ERR,ERR,ERR,ERR,ERR,ERR,ERR,ERR,ERR,ERR,ERR,ERR,ERR,ERR,ERR,ERR,ERR,ERR,ERR,ERR,ERR,ERR,ERR,ERR,ERR,ERR,ERR,ERR,ERR,ERR,ERR,ERR,ERR,ERR,ERR,ERR,ERR,ERR,ERR,ERR,ERR,ERR,ERR,ERR,ERR,ERR,ERR,ERR,ERR,ERR,ERR,ERR,ERR,ERR,ERR,ERR,ERR,ERR,ERR,ERR,ERR,ERR,ERR,ERR,ERR,ERR,ERR,ERR,ERR,ERR,ERR,ERR,ERR,ERR,ERR,ERR,ERR,ERR,ERR,ERR,ERR,2.718430741444032e+23,2.7184312818759872e+23,0.0,0.0,0.0,1.3936040501711995e+18,7.805,0.0,0,0,4,0,7116,0.0,100,0.0,0.0,0.0,0.0,0.0,0,0,0,0,0.0,0,0,0,0,0,0,0,0,0,0,0,0,0,0,0,0,0,0,0,0,0,0,0,0,0,0,0,0,0,0,0,0,0,31,40,40,71,65476,0,300,0,0,8,21553,0.0,-107605600.0,0.0,0.0,0.0,0.0,0.0,0.0,0.0,0.0,0.0,0.0,0.0,0.0,0.0,0.0,0.0,0.0,0.0,0.0,0.0,0.0,0.0,0.0,-2.004,0.0,0.0,0.0,0.0,0.0,6196.0,-0.0,6929.0,2.718430741444032e+23,-0.0,-0.0,2.718430741444032e+23,0.0,0.0,0.0,0.0,69,-126841176064.0,-0.0,0.0,0.0,0.0,0.0,0.0,0.0,0.0,0,0,0,0.0,0.0,0.0,0.0,0.0,0.0,0.0,0.0,0.0,0.0,0.0,0.0,0.0,0.0,0.0,0.0,0,-107875648.0,69,0.0,138,0.0,-109447200.0,0,13107,17040,39322,17049,26215,17043,0,0,0,70,68,100,2.7302359370752657e+23,71.1,2.7302370179391762e+23,74.3,-0.0,74.0,1,49,50,180,13107,0,0,0,0.0,0.0,0.0,0.0,-0.0,67.0,0.0,162057.094,0.0,752,0,740,0,0,0,721,0,768,0,737,0,742,0,742,0,712,0,7520,0.032,107911053312.0,0.0,0.0,784,16797,-0.0,162057.094,-114818.039,-0.0,0.133,6.909358625270745e+28,30.0,65.0,35,0.0,0.0,0.0,0.0,0.0,0.0,0.0,0.0,0.0,0.0,0.0,0.0,0.0,0.0,0.0,0.0,69.2,0,150,71,55,65476,0,300,0,1,8,20529,65476,0,0,40632,65.0,0.0,0.0,0.0,0.0,0.0
2026-09-04T20:04:51,ERR,ERR,ERR,ERR,ERR,ERR,ERR,ERR,ERR,ERR,ERR,ERR,ERR,ERR,ERR,ERR,ERR,ERR,ERR,ERR,ERR,ERR,ERR,ERR,ERR,ERR,ERR,ERR,ERR,ERR,ERR,ERR,ERR,ERR,ERR,ERR,ERR,ERR,ERR,ERR,ERR,ERR,ERR,ERR,ERR,ERR,ERR,ERR,ERR,ERR,ERR,ERR,ERR,ERR,ERR,ERR,ERR,ERR,ERR,ERR,ERR,ERR,ERR,ERR,ERR,ERR,ERR,ERR,ERR,ERR,ERR,ERR,ERR,ERR,ERR,ERR,ERR,ERR,ERR,ERR,ERR,ERR,ERR,ERR,ERR,ERR,ERR,ERR,ERR,ERR,ERR,ERR,ERR,ERR,ERR,ERR,ERR,ERR,ERR,ERR,ERR,ERR,ERR,ERR,ERR,ERR,ERR,ERR,ERR,ERR,ERR,ERR,ERR,ERR,ERR,ERR,ERR,ERR,ERR,ERR,ERR,ERR,ERR,ERR,ERR,2.718430741444032e+23,-0.0,-134479040.0,0.0,0.0,1.3936040501711995e+18,7.805,0.0,0,0,4,0,7116,0.0,100,0.0,0.0,0.0,0.0,0.0,0,0,0,0,0.0,0,0,0,0,0,0,0,0,0,0,0,0,0,0,0,0,0,0,0,0,0,0,0,0,0,0,0,0,0,0,0,0,0,31,40,40,71,65476,0,300,0,0,8,21553,0.0,-107605600.0,0.0,0.0,0.0,0.0,0.0,0.0,0.0,0.0,0.0,0.0,0.0,0.0,-2.596148429267414e+33,0.0,0.0,0.0,0.0,0.0,0.0,0.0,0.0,0.0,-2.004,0.0,0.0,0.0,0.0,0.0,6190.0,1.587936342216671e+29,6926.0,2.718430741444032e+23,-0.0,-0.0,2.718430741444032e+23,0.0,0.0,0.0,0.0,69,-0.0,-0.0,0.0,0.0,0.0,0.0,0.0,0.0,0.0,0,0,0,0.0,0.0,0.0,0.0,0.0,0.0,0.0,0.0,0.0,0.0,0.0,0.0,0.0,0.0,0.0,0.0,0,-107875648.0,69,0.0,138,0.0,-109447200.0,0,13107,17040,39322,17049,26215,17043,0,0,0,70,68,100,2.7302359370752657e+23,71.1,2.7302370179391762e+23,74.3,-0.0,74.0,1,49,50,180,13107,0,0,0,0.0,0.0,0.0,0.0,-0.0,67.0,0.0,162057.094,0.0,752,0,740,0,0,0,721,0,768,0,737,0,742,0,742,0,712,0,7520,0.032,107911053312.0,0.0,0.0,784,16797,-0.0,162057.094,-114818.039,-0.0,0.133,6.909358625270745e+28,30.0,65.0,35,0.0,0.0,0.0,0.0,0.0,0.0,0.0,0.0,0.0,0.0,0.0,0.0,0.0,0.0,0.0,0.0,69.2,0,150,71,55,65476,0,300,0,1,8,20529,65476,0,0,40632,65.0,0.0,0.0,0.0,0.0,0.0
2026-09-04T20:04:52,ERR,ERR,ERR,ERR,ERR,ERR,ERR,ERR,ERR,ERR,ERR,ERR,ERR,ERR,ERR,ERR,ERR,ERR,ERR,ERR,ERR,ERR,ERR,ERR,ERR,ERR,ERR,ERR,ERR,ERR,ERR,ERR,ERR,ERR,ERR,ERR,ERR,ERR,ERR,ERR,ERR,ERR,ERR,ERR,ERR,ERR,ERR,ERR,ERR,ERR,ERR,ERR,ERR,ERR,ERR,ERR,ERR,ERR,ERR,ERR,ERR,ERR,ERR,ERR,ERR,ERR,ERR,ERR,ERR,ERR,ERR,ERR,ERR,ERR,ERR,ERR,ERR,ERR,ERR,ERR,ERR,ERR,ERR,ERR,ERR,ERR,ERR,ERR,ERR,ERR,ERR,ERR,ERR,ERR,ERR,ERR,ERR,ERR,ERR,ERR,ERR,ERR,ERR,ERR,ERR,ERR,ERR,ERR,ERR,ERR,ERR,ERR,ERR,ERR,ERR,ERR,ERR,ERR,ERR,ERR,ERR,ERR,ERR,ERR,ERR,2.718430741444032e+23,-0.0,-134479040.0,0.0,0.0,1.3936040501711995e+18,7.805,0.0,0,0,4,0,7116,0.0,100,0.0,0.0,0.0,0.0,0.0,0,0,0,0,0.0,0,0,0,0,0,0,0,0,0,0,0,0,0,0,0,0,0,0,0,0,0,0,0,0,0,0,0,0,0,0,0,0,0,31,40,40,71,65476,0,300,0,0,8,21553,0.0,-107605600.0,0.0,0.0,0.0,0.0,0.0,0.0,0.0,0.0,0.0,0.0,0.0,0.0,-2.596148429267414e+33,0.0,0.0,0.0,0.0,0.0,0.0,0.0,0.0,0.0,-2.004,0.0,0.0,0.0,0.0,0.0,6190.0,1.587936342216671e+29,6926.0,2.718430741444032e+23,-0.0,-0.0,2.718430741444032e+23,0.0,0.0,0.0,0.0,69,-0.0,-0.0,0.0,0.0,0.0,0.0,0.0,0.0,0.0,0,0,0,0.0,0.0,0.0,0.0,0.0,0.0,0.0,0.0,0.0,0.0,0.0,0.0,0.0,0.0,0.0,0.0,0,-107875648.0,69,0.0,138,0.0,-109447200.0,0,13107,17040,39322,17049,26215,17043,0,0,0,70,68,100,2.7302359370752657e+23,71.1,2.7302370179391762e+23,74.3,-0.0,74.0,1,49,50,180,13107,0,0,0,0.0,0.0,0.0,0.0,-0.0,67.0,0.0,162057.094,0.0,752,0,740,0,0,0,721,0,768,0,737,0,742,0,742,0,712,0,7520,0.032,107911053312.0,0.0,0.0,784,16797,-0.0,162057.094,-114818.039,-0.0,0.133,6.909358625270745e+28,30.0,65.0,35,0.0,0.0,0.0,0.0,0.0,0.0,0.0,0.0,0.0,0.0,0.0,0.0,0.0,0.0,0.0,0.0,69.2,0,150,71,55,65476,0,300,0,1,8,20529,65476,0,0,40632,65.0,0.0,0.0,0.0,0.0,0.0
2026-09-04T20:04:53,ERR,ERR,ERR,ERR,ERR,ERR,ERR,ERR,ERR,ERR,ERR,ERR,ERR,ERR,ERR,ERR,ERR,ERR,ERR,ERR,ERR,ERR,ERR,ERR,ERR,ERR,ERR,ERR,ERR,ERR,ERR,ERR,ERR,ERR,ERR,ERR,ERR,ERR,ERR,ERR,ERR,ERR,ERR,ERR,ERR,ERR,ERR,ERR,ERR,ERR,ERR,ERR,ERR,ERR,ERR,ERR,ERR,ERR,ERR,ERR,ERR,ERR,ERR,ERR,ERR,ERR,ERR,ERR,ERR,ERR,ERR,ERR,ERR,ERR,ERR,ERR,ERR,ERR,ERR,ERR,ERR,ERR,ERR,ERR,ERR,ERR,ERR,ERR,ERR,ERR,ERR,ERR,ERR,ERR,ERR,ERR,ERR,ERR,ERR,ERR,ERR,ERR,ERR,ERR,ERR,ERR,ERR,ERR,ERR,ERR,ERR,ERR,ERR,ERR,ERR,ERR,ERR,ERR,ERR,ERR,ERR,ERR,ERR,ERR,ERR,2.718430741444032e+23,-0.0,-134479040.0,0.0,0.0,1.3936040501711995e+18,7.805,0.0,0,0,4,0,7116,0.0,100,0.0,0.0,0.0,0.0,0.0,0,0,0,0,0.0,0,0,0,0,0,0,0,0,0,0,0,0,0,0,0,0,0,0,0,0,0,0,0,0,0,0,0,0,0,0,0,0,0,31,40,40,71,65476,0,300,0,0,8,21553,0.0,-107605600.0,0.0,0.0,0.0,0.0,0.0,0.0,0.0,0.0,0.0,0.0,0.0,0.0,-2.596148429267414e+33,0.0,0.0,0.0,0.0,0.0,0.0,0.0,0.0,0.0,-2.004,0.0,0.0,0.0,0.0,0.0,6190.0,1.587936342216671e+29,6926.0,2.718430741444032e+23,-0.0,-0.0,2.718430741444032e+23,0.0,0.0,0.0,0.0,69,-0.0,-0.0,0.0,0.0,0.0,0.0,0.0,0.0,0.0,0,0,0,0.0,0.0,0.0,0.0,0.0,0.0,0.0,0.0,0.0,0.0,0.0,0.0,0.0,0.0,0.0,0.0,0,-107875648.0,69,0.0,138,0.0,-109447200.0,0,13107,17040,39322,17049,26215,17043,0,0,0,70,68,100,2.7302359370752657e+23,71.1,2.7302370179391762e+23,74.3,-0.0,74.0,1,49,50,180,13107,0,0,0,0.0,0.0,0.0,0.0,-0.0,67.0,0.0,162057.094,0.0,752,0,740,0,0,0,721,0,768,0,737,0,742,0,742,0,712,0,7520,0.032,107911053312.0,0.0,0.0,784,16797,-0.0,162057.094,-114818.039,-0.0,0.133,6.909358625270745e+28,30.0,65.0,35,0.0,0.0,0.0,0.0,0.0,0.0,0.0,0.0,0.0,0.0,0.0,0.0,0.0,0.0,0.0,0.0,69.2,0,150,71,55,65476,0,300,0,1,8,20529,65476,0,0,40632,65.0,0.0,0.0,0.0,0.0,0.0
2026-09-04T20:04:54,ERR,ERR,ERR,ERR,ERR,ERR,ERR,ERR,ERR,ERR,ERR,ERR,ERR,ERR,ERR,ERR,ERR,ERR,ERR,ERR,ERR,ERR,ERR,ERR,ERR,ERR,ERR,ERR,ERR,ERR,ERR,ERR,ERR,ERR,ERR,ERR,ERR,ERR,ERR,ERR,ERR,ERR,ERR,ERR,ERR,ERR,ERR,ERR,ERR,ERR,ERR,ERR,ERR,ERR,ERR,ERR,ERR,ERR,ERR,ERR,ERR,ERR,ERR,ERR,ERR,ERR,ERR,ERR,ERR,ERR,ERR,ERR,ERR,ERR,ERR,ERR,ERR,ERR,ERR,ERR,ERR,ERR,ERR,ERR,ERR,ERR,ERR,ERR,ERR,ERR,ERR,ERR,ERR,ERR,ERR,ERR,ERR,ERR,ERR,ERR,ERR,ERR,ERR,ERR,ERR,ERR,ERR,ERR,ERR,ERR,ERR,ERR,ERR,ERR,ERR,ERR,ERR,ERR,ERR,ERR,ERR,ERR,ERR,ERR,ERR,2.718430741444032e+23,-0.0,-134479040.0,0.0,0.0,1.3936040501711995e+18,7.805,0.0,0,0,4,0,7116,0.0,100,0.0,0.0,0.0,0.0,0.0,0,0,0,0,0.0,0,0,0,0,0,0,0,0,0,0,0,0,0,0,0,0,0,0,0,0,0,0,0,0,0,0,0,0,0,0,0,0,0,31,40,40,71,65476,0,300,0,0,8,21553,0.0,-107605600.0,0.0,0.0,0.0,0.0,0.0,0.0,0.0,0.0,0.0,0.0,0.0,0.0,-2.596148429267414e+33,0.0,0.0,0.0,0.0,0.0,0.0,0.0,0.0,0.0,-2.004,0.0,0.0,0.0,0.0,0.0,6190.0,1.587936342216671e+29,6926.0,2.718430741444032e+23,-0.0,-0.0,2.718430741444032e+23,0.0,0.0,0.0,0.0,69,-0.0,-0.0,0.0,0.0,0.0,0.0,0.0,0.0,0.0,0,0,0,0.0,0.0,0.0,0.0,0.0,0.0,0.0,0.0,0.0,0.0,0.0,0.0,0.0,0.0,0.0,0.0,0,-107875648.0,69,0.0,138,0.0,-109447200.0,0,13107,17040,39322,17049,26215,17043,0,0,0,70,68,100,2.7302359370752657e+23,71.1,2.7302370179391762e+23,74.3,-0.0,74.0,1,49,50,180,13107,0,0,0,0.0,0.0,0.0,0.0,-0.0,67.0,0.0,162057.094,0.0,752,0,740,0,0,0,721,0,768,0,737,0,742,0,742,0,712,0,7520,0.032,107911053312.0,0.0,0.0,784,16797,-0.0,162057.094,-114818.039,-0.0,0.133,6.909358625270745e+28,30.0,65.0,35,0.0,0.0,0.0,0.0,0.0,0.0,0.0,0.0,0.0,0.0,0.0,0.0,0.0,0.0,0.0,0.0,69.2,0,150,71,55,65476,0,300,0,1,8,20529,65476,0,0,40632,65.0,0.0,0.0,0.0,0.0,0.0
2026-09-04T20:04:55,ERR,ERR,ERR,ERR,ERR,ERR,ERR,ERR,ERR,ERR,ERR,ERR,ERR,ERR,ERR,ERR,ERR,ERR,ERR,ERR,ERR,ERR,ERR,ERR,ERR,ERR,ERR,ERR,ERR,ERR,ERR,ERR,ERR,ERR,ERR,ERR,ERR,ERR,ERR,ERR,ERR,ERR,ERR,ERR,ERR,ERR,ERR,ERR,ERR,ERR,ERR,ERR,ERR,ERR,ERR,ERR,ERR,ERR,ERR,ERR,ERR,ERR,ERR,ERR,ERR,ERR,ERR,ERR,ERR,ERR,ERR,ERR,ERR,ERR,ERR,ERR,ERR,ERR,ERR,ERR,ERR,ERR,ERR,ERR,ERR,ERR,ERR,ERR,ERR,ERR,ERR,ERR,ERR,ERR,ERR,ERR,ERR,ERR,ERR,ERR,ERR,ERR,ERR,ERR,ERR,ERR,ERR,ERR,ERR,ERR,ERR,ERR,ERR,ERR,ERR,ERR,ERR,ERR,ERR,ERR,ERR,ERR,ERR,ERR,ERR,2.718430741444032e+23,-0.0,-134479040.0,0.0,0.0,1.3936040501711995e+18,7.805,0.0,0,0,4,0,7116,0.0,100,0.0,0.0,0.0,0.0,0.0,0,0,0,0,0.0,0,0,0,0,0,0,0,0,0,0,0,0,0,0,0,0,0,0,0,0,0,0,0,0,0,0,0,0,0,0,0,0,0,31,40,40,71,65476,0,300,0,0,8,21553,0.0,-107605600.0,0.0,0.0,0.0,0.0,0.0,0.0,0.0,0.0,0.0,0.0,0.0,0.0,-2.596148429267414e+33,0.0,0.0,0.0,0.0,0.0,0.0,0.0,0.0,0.0,-2.004,0.0,0.0,0.0,0.0,0.0,6190.0,1.587936342216671e+29,6926.0,2.718430741444032e+23,-0.0,-0.0,2.718430741444032e+23,0.0,0.0,0.0,0.0,69,-0.0,-0.0,0.0,0.0,0.0,0.0,0.0,0.0,0.0,0,0,0,0.0,0.0,0.0,0.0,0.0,0.0,0.0,0.0,0.0,0.0,0.0,0.0,0.0,0.0,0.0,0.0,0,-107875648.0,69,0.0,138,0.0,-109447200.0,0,13107,17040,39322,17049,26215,17043,0,0,0,70,68,100,2.7302359370752657e+23,71.1,2.7302370179391762e+23,74.3,-0.0,74.0,1,49,50,180,13107,0,0,0,0.0,0.0,0.0,0.0,-0.0,67.0,0.0,162057.094,0.0,752,0,740,0,0,0,721,0,768,0,737,0,742,0,742,0,712,0,7520,0.032,107911053312.0,0.0,0.0,784,16797,-0.0,162057.094,-114818.039,-0.0,0.133,6.909358625270745e+28,30.0,65.0,35,0.0,0.0,0.0,0.0,0.0,0.0,0.0,0.0,0.0,0.0,0.0,0.0,0.0,0.0,0.0,0.0,69.2,0,150,71,55,65476,0,300,0,1,8,20529,65476,0,0,40632,65.0,0.0,0.0,0.0,0.0,0.0
2026-09-04T20:04:56,ERR,ERR,ERR,ERR,ERR,ERR,ERR,ERR,ERR,ERR,ERR,ERR,ERR,ERR,ERR,ERR,ERR,ERR,ERR,ERR,ERR,ERR,ERR,ERR,ERR,ERR,ERR,ERR,ERR,ERR,ERR,ERR,ERR,ERR,ERR,ERR,ERR,ERR,ERR,ERR,ERR,ERR,ERR,ERR,ERR,ERR,ERR,ERR,ERR,ERR,ERR,ERR,ERR,ERR,ERR,ERR,ERR,ERR,ERR,ERR,ERR,ERR,ERR,ERR,ERR,ERR,ERR,ERR,ERR,ERR,ERR,ERR,ERR,ERR,ERR,ERR,ERR,ERR,ERR,ERR,ERR,ERR,ERR,ERR,ERR,ERR,ERR,ERR,ERR,ERR,ERR,ERR,ERR,ERR,ERR,ERR,ERR,ERR,ERR,ERR,ERR,ERR,ERR,ERR,ERR,ERR,ERR,ERR,ERR,ERR,ERR,ERR,ERR,ERR,ERR,ERR,ERR,ERR,ERR,ERR,ERR,ERR,ERR,ERR,ERR,2.718430741444032e+23,-0.0,-134479040.0,0.0,0.0,1.3936040501711995e+18,7.805,0.0,0,0,4,0,7116,0.0,100,0.0,0.0,0.0,0.0,0.0,0,0,0,0,0.0,0,0,0,0,0,0,0,0,0,0,0,0,0,0,0,0,0,0,0,0,0,0,0,0,0,0,0,0,0,0,0,0,0,31,40,40,71,65476,0,300,0,0,8,21553,0.0,-107605600.0,0.0,0.0,0.0,0.0,0.0,0.0,0.0,0.0,0.0,0.0,0.0,0.0,-2.596148429267414e+33,0.0,0.0,0.0,0.0,0.0,0.0,0.0,0.0,0.0,-2.004,0.0,0.0,0.0,0.0,0.0,6190.0,1.587936342216671e+29,6926.0,2.718430741444032e+23,-0.0,-0.0,2.718430741444032e+23,0.0,0.0,0.0,0.0,69,-0.0,-0.0,0.0,0.0,0.0,0.0,0.0,0.0,0.0,0,0,0,0.0,0.0,0.0,0.0,0.0,0.0,0.0,0.0,0.0,0.0,0.0,0.0,0.0,0.0,0.0,0.0,0,-107875648.0,69,0.0,138,0.0,-109447200.0,0,13107,17040,39322,17049,13107,17043,0,0,0,70,68,100,2.7302359370752657e+23,71.2,2.7302370179391762e+23,74.3,-0.0,74.0,1,49,50,180,13107,0,0,0,0.0,0.0,0.0,0.0,-0.0,67.0,0.0,162057.094,0.0,751,0,740,0,0,0,721,0,768,0,736,0,743,0,742,0,712,0,7520,0.032,107911053312.0,0.0,0.0,784,16797,-0.0,162057.094,-114818.039,-0.0,0.133,6.909358625270745e+28,30.0,65.0,35,0.0,0.0,0.0,0.0,0.0,0.0,0.0,0.0,0.0,0.0,0.0,0.0,0.0,0.0,0.0,0.0,69.2,0,150,71,55,65476,0,300,0,1,8,20529,65476,0,0,40632,65.0,0.0,0.0,0.0,0.0,0.0
2026-09-04T20:04:57,ERR,ERR,ERR,ERR,ERR,ERR,ERR,ERR,ERR,ERR,ERR,ERR,ERR,ERR,ERR,ERR,ERR,ERR,ERR,ERR,ERR,ERR,ERR,ERR,ERR,ERR,ERR,ERR,ERR,ERR,ERR,ERR,ERR,ERR,ERR,ERR,ERR,ERR,ERR,ERR,ERR,ERR,ERR,ERR,ERR,ERR,ERR,ERR,ERR,ERR,ERR,ERR,ERR,ERR,ERR,ERR,ERR,ERR,ERR,ERR,ERR,ERR,ERR,ERR,ERR,ERR,ERR,ERR,ERR,ERR,ERR,ERR,ERR,ERR,ERR,ERR,ERR,ERR,ERR,ERR,ERR,ERR,ERR,ERR,ERR,ERR,ERR,ERR,ERR,ERR,ERR,ERR,ERR,ERR,ERR,ERR,ERR,ERR,ERR,ERR,ERR,ERR,ERR,ERR,ERR,ERR,ERR,ERR,ERR,ERR,ERR,ERR,ERR,ERR,ERR,ERR,ERR,ERR,ERR,ERR,ERR,ERR,ERR,ERR,ERR,2.718430741444032e+23,-0.0,-134479040.0,0.0,0.0,1.3936040501711995e+18,7.805,0.0,0,0,4,0,7116,0.0,100,0.0,0.0,0.0,0.0,0.0,0,0,0,0,0.0,0,0,0,0,0,0,0,0,0,0,0,0,0,0,0,0,0,0,0,0,0,0,0,0,0,0,0,0,0,0,0,0,0,31,40,40,71,65476,0,300,0,0,8,21553,0.0,-107605600.0,0.0,0.0,0.0,0.0,0.0,0.0,0.0,0.0,0.0,0.0,0.0,0.0,-2.596148429267414e+33,0.0,0.0,0.0,0.0,0.0,0.0,0.0,0.0,0.0,-2.004,0.0,0.0,0.0,0.0,0.0,6190.0,1.587936342216671e+29,6926.0,2.718430741444032e+23,-0.0,-0.0,2.718430741444032e+23,0.0,0.0,0.0,0.0,69,-0.0,-0.0,0.0,0.0,0.0,0.0,0.0,0.0,0.0,0,0,0,0.0,0.0,0.0,0.0,0.0,0.0,0.0,0.0,0.0,0.0,0.0,0.0,0.0,0.0,0.0,0.0,0,-107875648.0,69,0.0,138,0.0,-109447200.0,0,13107,17040,39322,17049,13107,17043,0,0,0,70,68,100,2.7302359370752657e+23,71.2,2.7302370179391762e+23,74.3,-0.0,74.0,1,49,50,180,13107,0,0,0,0.0,0.0,0.0,0.0,-0.0,67.0,0.0,162057.094,0.0,751,0,740,0,0,0,721,0,768,0,736,0,743,0,742,0,712,0,7520,0.032,107911053312.0,0.0,0.0,784,16797,-0.0,162057.094,-114818.039,-0.0,0.133,6.909358625270745e+28,30.0,65.0,35,0.0,0.0,0.0,0.0,0.0,0.0,0.0,0.0,0.0,0.0,0.0,0.0,0.0,0.0,0.0,0.0,69.2,0,150,71,55,65476,0,300,0,1,8,20529,65476,0,0,40632,65.0,0.0,0.0,0.0,0.0,0.0
2026-09-04T20:04:58,ERR,ERR,ERR,ERR,ERR,ERR,ERR,ERR,ERR,ERR,ERR,ERR,ERR,ERR,ERR,ERR,ERR,ERR,ERR,ERR,ERR,ERR,ERR,ERR,ERR,ERR,ERR,ERR,ERR,ERR,ERR,ERR,ERR,ERR,ERR,ERR,ERR,ERR,ERR,ERR,ERR,ERR,ERR,ERR,ERR,ERR,ERR,ERR,ERR,ERR,ERR,ERR,ERR,ERR,ERR,ERR,ERR,ERR,ERR,ERR,ERR,ERR,ERR,ERR,ERR,ERR,ERR,ERR,ERR,ERR,ERR,ERR,ERR,ERR,ERR,ERR,ERR,ERR,ERR,ERR,ERR,ERR,ERR,ERR,ERR,ERR,ERR,ERR,ERR,ERR,ERR,ERR,ERR,ERR,ERR,ERR,ERR,ERR,ERR,ERR,ERR,ERR,ERR,ERR,ERR,ERR,ERR,ERR,ERR,ERR,ERR,ERR,ERR,ERR,ERR,ERR,ERR,ERR,ERR,ERR,ERR,ERR,ERR,ERR,ERR,2.718430741444032e+23,2.7184312818759872e+23,0.0,0.0,0.0,1.3936040501711995e+18,7.805,0.0,0,0,4,0,7116,0.0,100,0.0,0.0,0.0,0.0,0.0,0,0,0,0,0.0,0,0,0,0,0,0,0,0,0,0,0,0,0,0,0,0,0,0,0,0,0,0,0,0,0,0,0,0,0,0,0,0,0,31,40,40,71,65476,0,300,0,0,8,21553,0.0,-107605600.0,0.0,0.0,0.0,0.0,0.0,0.0,0.0,0.0,0.0,0.0,0.0,0.0,0.0,0.0,0.0,0.0,0.0,0.0,0.0,0.0,0.0,-2.004,-2.004,0.0,0.0,0.0,0.0,0.0,6189.0,-0.0,6935.0,2.718430741444032e+23,-0.0,-0.0,2.718430741444032e+23,0.0,0.0,0.0,0.0,69,-0.0,-3.222020107183197e+26,0.0,0.0,0.0,0.0,0.0,0.0,0.0,0,0,0,0.0,0.0,0.0,0.0,0.0,0.0,0.0,0.0,0.0,0.0,0.0,0.0,0.0,0.0,0.0,0.0,0,-107875648.0,69,0.0,138,0.0,-109447200.0,0,13107,17040,39322,17049,13107,17043,0,0,0,70,68,100,2.7302359370752657e+23,71.2,2.7302370179391762e+23,74.3,-0.0,74.0,1,49,50,180,13107,0,0,0,0.0,0.0,0.0,0.0,-0.0,67.0,0.0,162057.094,0.0,751,0,740,0,0,0,721,0,768,0,736,0,743,0,742,0,712,0,7520,0.032,107911053312.0,0.0,0.0,784,16797,-0.0,162057.094,-114818.039,-0.0,0.133,6.909358625270745e+28,30.0,65.0,35,0.0,0.0,0.0,0.0,0.0,0.0,0.0,0.0,0.0,0.0,0.0,0.0,0.0,0.0,0.0,0.0,69.2,0,150,71,55,65476,0,300,0,1,8,20529,65476,0,0,40632,65.0,0.0,0.0,0.0,0.0,0.0
2026-09-04T20:04:59,ERR,ERR,ERR,ERR,ERR,ERR,ERR,ERR,ERR,ERR,ERR,ERR,ERR,ERR,ERR,ERR,ERR,ERR,ERR,ERR,ERR,ERR,ERR,ERR,ERR,ERR,ERR,ERR,ERR,ERR,ERR,ERR,ERR,ERR,ERR,ERR,ERR,ERR,ERR,ERR,ERR,ERR,ERR,ERR,ERR,ERR,ERR,ERR,ERR,ERR,ERR,ERR,ERR,ERR,ERR,ERR,ERR,ERR,ERR,ERR,ERR,ERR,ERR,ERR,ERR,ERR,ERR,ERR,ERR,ERR,ERR,ERR,ERR,ERR,ERR,ERR,ERR,ERR,ERR,ERR,ERR,ERR,ERR,ERR,ERR,ERR,ERR,ERR,ERR,ERR,ERR,ERR,ERR,ERR,ERR,ERR,ERR,ERR,ERR,ERR,ERR,ERR,ERR,ERR,ERR,ERR,ERR,ERR,ERR,ERR,ERR,ERR,ERR,ERR,ERR,ERR,ERR,ERR,ERR,ERR,ERR,ERR,ERR,ERR,ERR,2.718430741444032e+23,2.7184312818759872e+23,0.0,0.0,0.0,1.3936040501711995e+18,7.805,0.0,0,0,4,0,7116,0.0,100,0.0,0.0,0.0,0.0,0.0,0,0,0,0,0.0,0,0,0,0,0,0,0,0,0,0,0,0,0,0,0,0,0,0,0,0,0,0,0,0,0,0,0,0,0,0,0,0,0,31,40,40,71,65476,0,300,0,0,8,21553,0.0,-107605600.0,0.0,0.0,0.0,0.0,0.0,0.0,0.0,0.0,0.0,0.0,0.0,0.0,0.0,0.0,0.0,0.0,0.0,0.0,0.0,0.0,0.0,-2.004,-2.004,0.0,0.0,0.0,0.0,0.0,6189.0,-0.0,6935.0,2.718430741444032e+23,-0.0,-0.0,2.718430741444032e+23,0.0,0.0,0.0,0.0,69,-0.0,-3.222020107183197e+26,0.0,0.0,0.0,0.0,0.0,0.0,0.0,0,0,0,0.0,0.0,0.0,0.0,0.0,0.0,0.0,0.0,0.0,0.0,0.0,0.0,0.0,0.0,0.0,0.0,0,-107875648.0,69,0.0,138,0.0,-109447200.0,0,13107,17040,39322,17049,13107,17043,0,0,0,70,68,100,2.7302359370752657e+23,71.2,2.7302370179391762e+23,74.3,-0.0,74.0,1,49,50,180,13107,0,0,0,0.0,0.0,0.0,0.0,-0.0,67.0,0.0,162057.094,0.0,751,0,740,0,0,0,721,0,768,0,736,0,743,0,742,0,712,0,7520,0.032,107911053312.0,0.0,0.0,784,16797,-0.0,162057.094,-114818.039,-0.0,0.133,6.909358625270745e+28,30.0,65.0,35,0.0,0.0,0.0,0.0,0.0,0.0,0.0,0.0,0.0,0.0,0.0,0.0,0.0,0.0,0.0,0.0,69.2,0,150,71,55,65476,0,300,0,1,8,20529,65476,0,0,40632,65.0,0.0,0.0,0.0,0.0,0.0
2026-09-04T20:05:00,ERR,ERR,ERR,ERR,ERR,ERR,ERR,ERR,ERR,ERR,ERR,ERR,ERR,ERR,ERR,ERR,ERR,ERR,ERR,ERR,ERR,ERR,ERR,ERR,ERR,ERR,ERR,ERR,ERR,ERR,ERR,ERR,ERR,ERR,ERR,ERR,ERR,ERR,ERR,ERR,ERR,ERR,ERR,ERR,ERR,ERR,ERR,ERR,ERR,ERR,ERR,ERR,ERR,ERR,ERR,ERR,ERR,ERR,ERR,ERR,ERR,ERR,ERR,ERR,ERR,ERR,ERR,ERR,ERR,ERR,ERR,ERR,ERR,ERR,ERR,ERR,ERR,ERR,ERR,ERR,ERR,ERR,ERR,ERR,ERR,ERR,ERR,ERR,ERR,ERR,ERR,ERR,ERR,ERR,ERR,ERR,ERR,ERR,ERR,ERR,ERR,ERR,ERR,ERR,ERR,ERR,ERR,ERR,ERR,ERR,ERR,ERR,ERR,ERR,ERR,ERR,ERR,ERR,ERR,ERR,ERR,ERR,ERR,ERR,ERR,2.718430741444032e+23,2.7184312818759872e+23,0.0,0.0,0.0,1.3936040501711995e+18,7.805,0.0,0,0,4,0,7116,0.0,100,0.0,0.0,0.0,0.0,0.0,0,0,0,0,0.0,0,0,0,0,0,0,0,0,0,0,0,0,0,0,0,0,0,0,0,0,0,0,0,0,0,0,0,0,0,0,0,0,0,31,40,40,71,65476,0,300,0,0,8,21553,0.0,-107605600.0,0.0,0.0,0.0,0.0,0.0,0.0,0.0,0.0,0.0,0.0,0.0,0.0,0.0,0.0,0.0,0.0,0.0,0.0,0.0,0.0,0.0,-2.004,-2.004,0.0,0.0,0.0,0.0,0.0,6189.0,-0.0,6935.0,2.718430741444032e+23,-0.0,-0.0,2.718430741444032e+23,0.0,0.0,0.0,0.0,69,-0.0,-3.222020107183197e+26,0.0,0.0,0.0,0.0,0.0,0.0,0.0,0,0,0,0.0,0.0,0.0,0.0,0.0,0.0,0.0,0.0,0.0,0.0,0.0,0.0,0.0,0.0,0.0,0.0,0,-107875648.0,69,0.0,138,0.0,-109447200.0,0,13107,17040,39322,17049,13107,17043,0,0,0,70,68,100,2.7302359370752657e+23,71.2,2.7302370179391762e+23,74.3,-0.0,74.0,1,49,50,180,13107,0,0,0,0.0,0.0,0.0,0.0,-0.0,67.0,0.0,162057.094,0.0,751,0,740,0,0,0,721,0,768,0,736,0,743,0,742,0,712,0,7520,0.032,107911053312.0,0.0,0.0,784,16797,-0.0,162057.094,-114818.039,-0.0,0.133,6.909358625270745e+28,30.0,65.0,35,0.0,0.0,0.0,0.0,0.0,0.0,0.0,0.0,0.0,0.0,0.0,0.0,0.0,0.0,0.0,0.0,69.2,0,150,71,55,65476,0,300,0,1,8,20529,65476,0,0,40632,65.0,0.0,0.0,0.0,0.0,0.0
2026-09-04T20:05:01,ERR,ERR,ERR,ERR,ERR,ERR,ERR,ERR,ERR,ERR,ERR,ERR,ERR,ERR,ERR,ERR,ERR,ERR,ERR,ERR,ERR,ERR,ERR,ERR,ERR,ERR,ERR,ERR,ERR,ERR,ERR,ERR,ERR,ERR,ERR,ERR,ERR,ERR,ERR,ERR,ERR,ERR,ERR,ERR,ERR,ERR,ERR,ERR,ERR,ERR,ERR,ERR,ERR,ERR,ERR,ERR,ERR,ERR,ERR,ERR,ERR,ERR,ERR,ERR,ERR,ERR,ERR,ERR,ERR,ERR,ERR,ERR,ERR,ERR,ERR,ERR,ERR,ERR,ERR,ERR,ERR,ERR,ERR,ERR,ERR,ERR,ERR,ERR,ERR,ERR,ERR,ERR,ERR,ERR,ERR,ERR,ERR,ERR,ERR,ERR,ERR,ERR,ERR,ERR,ERR,ERR,ERR,ERR,ERR,ERR,ERR,ERR,ERR,ERR,ERR,ERR,ERR,ERR,ERR,ERR,ERR,ERR,ERR,ERR,ERR,2.718430741444032e+23,2.7184312818759872e+23,0.0,0.0,0.0,1.3936040501711995e+18,7.805,0.0,0,0,4,0,7116,0.0,100,0.0,0.0,0.0,0.0,0.0,0,0,0,0,0.0,0,0,0,0,0,0,0,0,0,0,0,0,0,0,0,0,0,0,0,0,0,0,0,0,0,0,0,0,0,0,0,0,0,31,40,40,71,65476,0,300,0,0,8,21553,0.0,-107605600.0,0.0,0.0,0.0,0.0,0.0,0.0,0.0,0.0,0.0,0.0,0.0,0.0,0.0,0.0,0.0,0.0,0.0,0.0,0.0,0.0,0.0,-2.004,-2.004,0.0,0.0,0.0,0.0,0.0,6189.0,-0.0,6935.0,2.718430741444032e+23,-0.0,-0.0,2.718430741444032e+23,0.0,0.0,0.0,0.0,69,-0.0,-3.222020107183197e+26,0.0,0.0,0.0,0.0,0.0,0.0,0.0,0,0,0,0.0,0.0,0.0,0.0,0.0,0.0,0.0,0.0,0.0,0.0,0.0,0.0,0.0,0.0,0.0,0.0,0,-107875648.0,69,0.0,138,0.0,-109447200.0,0,13107,17040,39322,17049,13107,17043,0,0,0,70,68,100,2.7302359370752657e+23,71.2,2.7302370179391762e+23,74.3,-0.0,74.0,1,49,50,180,13107,0,0,0,0.0,0.0,0.0,0.0,-0.0,67.0,0.0,162057.094,0.0,751,0,740,0,0,0,721,0,768,0,736,0,743,0,742,0,712,0,7520,0.032,108447924224.0,0.0,0.0,784,16797,-0.0,162057.094,-114818.039,-0.0,0.133,6.909358625270745e+28,30.0,65.0,35,0.0,0.0,0.0,0.0,0.0,0.0,0.0,0.0,0.0,0.0,0.0,0.0,0.0,0.0,0.0,0.0,69.2,0,150,71,55,65476,0,300,0,1,8,20529,65476,0,0,40632,65.0,0.0,0.0,0.0,0.0,0.0
2026-09-04T20:05:02,ERR,ERR,ERR,ERR,ERR,ERR,ERR,ERR,ERR,ERR,ERR,ERR,ERR,ERR,ERR,ERR,ERR,ERR,ERR,ERR,ERR,ERR,ERR,ERR,ERR,ERR,ERR,ERR,ERR,ERR,ERR,ERR,ERR,ERR,ERR,ERR,ERR,ERR,ERR,ERR,ERR,ERR,ERR,ERR,ERR,ERR,ERR,ERR,ERR,ERR,ERR,ERR,ERR,ERR,ERR,ERR,ERR,ERR,ERR,ERR,ERR,ERR,ERR,ERR,ERR,ERR,ERR,ERR,ERR,ERR,ERR,ERR,ERR,ERR,ERR,ERR,ERR,ERR,ERR,ERR,ERR,ERR,ERR,ERR,ERR,ERR,ERR,ERR,ERR,ERR,ERR,ERR,ERR,ERR,ERR,ERR,ERR,ERR,ERR,ERR,ERR,ERR,ERR,ERR,ERR,ERR,ERR,ERR,ERR,ERR,ERR,ERR,ERR,ERR,ERR,ERR,ERR,ERR,ERR,ERR,ERR,ERR,ERR,ERR,ERR,2.718430741444032e+23,2.7184312818759872e+23,0.0,0.0,0.0,1.3936040501711995e+18,7.805,0.0,0,0,4,0,7116,0.0,100,0.0,0.0,0.0,0.0,0.0,0,0,0,0,0.0,0,0,0,0,0,0,0,0,0,0,0,0,0,0,0,0,0,0,0,0,0,0,0,0,0,0,0,0,0,0,0,0,0,31,40,40,71,65476,0,300,0,0,8,21553,0.0,-107605600.0,0.0,0.0,0.0,0.0,0.0,0.0,0.0,0.0,0.0,0.0,0.0,0.0,0.0,0.0,0.0,0.0,0.0,0.0,0.0,0.0,0.0,-2.004,-2.004,0.0,0.0,0.0,0.0,0.0,6189.0,-0.0,6935.0,2.718430741444032e+23,-0.0,-0.0,2.718430741444032e+23,0.0,0.0,0.0,0.0,69,-0.0,-3.222020107183197e+26,0.0,0.0,0.0,0.0,0.0,0.0,0.0,0,0,0,0.0,0.0,0.0,0.0,0.0,0.0,0.0,0.0,0.0,0.0,0.0,0.0,0.0,0.0,0.0,0.0,0,-107875648.0,69,0.0,138,0.0,-109447200.0,0,13107,17040,39322,17049,13107,17043,0,0,0,70,68,100,2.7302359370752657e+23,71.2,2.7302370179391762e+23,74.3,-0.0,74.0,1,49,50,180,13107,0,0,0,0.0,0.0,0.0,0.0,-0.0,67.0,0.0,162057.094,0.0,751,0,740,0,0,0,721,0,768,0,736,0,743,0,742,0,712,0,7520,0.032,108447924224.0,0.0,0.0,784,16797,-0.0,162057.094,-114818.039,-0.0,0.133,6.909358625270745e+28,30.0,65.0,35,0.0,0.0,0.0,0.0,0.0,0.0,0.0,0.0,0.0,0.0,0.0,0.0,0.0,0.0,0.0,0.0,69.2,0,150,71,55,65476,0,300,0,1,8,20529,65476,0,0,40632,65.0,0.0,0.0,0.0,0.0,0.0
2026-09-04T20:05:03,ERR,ERR,ERR,ERR,ERR,ERR,ERR,ERR,ERR,ERR,ERR,ERR,ERR,ERR,ERR,ERR,ERR,ERR,ERR,ERR,ERR,ERR,ERR,ERR,ERR,ERR,ERR,ERR,ERR,ERR,ERR,ERR,ERR,ERR,ERR,ERR,ERR,ERR,ERR,ERR,ERR,ERR,ERR,ERR,ERR,ERR,ERR,ERR,ERR,ERR,ERR,ERR,ERR,ERR,ERR,ERR,ERR,ERR,ERR,ERR,ERR,ERR,ERR,ERR,ERR,ERR,ERR,ERR,ERR,ERR,ERR,ERR,ERR,ERR,ERR,ERR,ERR,ERR,ERR,ERR,ERR,ERR,ERR,ERR,ERR,ERR,ERR,ERR,ERR,ERR,ERR,ERR,ERR,ERR,ERR,ERR,ERR,ERR,ERR,ERR,ERR,ERR,ERR,ERR,ERR,ERR,ERR,ERR,ERR,ERR,ERR,ERR,ERR,ERR,ERR,ERR,ERR,ERR,ERR,ERR,ERR,ERR,ERR,ERR,ERR,2.718430741444032e+23,2.7184312818759872e+23,0.0,0.0,0.0,1.3936040501711995e+18,7.805,0.0,0,0,4,0,7116,0.0,100,0.0,0.0,0.0,0.0,0.0,0,0,0,0,0.0,0,0,0,0,0,0,0,0,0,0,0,0,0,0,0,0,0,0,0,0,0,0,0,0,0,0,0,0,0,0,0,0,0,31,40,40,71,65476,0,300,0,0,8,21553,0.0,-107605600.0,0.0,0.0,0.0,0.0,0.0,0.0,0.0,0.0,0.0,0.0,0.0,0.0,0.0,0.0,0.0,0.0,0.0,0.0,0.0,0.0,0.0,-2.004,-2.004,0.0,0.0,0.0,0.0,0.0,6189.0,-0.0,6935.0,2.718430741444032e+23,-0.0,-0.0,2.718430741444032e+23,0.0,0.0,0.0,0.0,69,-0.0,-3.222020107183197e+26,0.0,0.0,0.0,0.0,0.0,0.0,0.0,0,0,0,0.0,0.0,0.0,0.0,0.0,0.0,0.0,0.0,0.0,0.0,0.0,0.0,0.0,0.0,0.0,0.0,0,-107875648.0,69,0.0,138,0.0,-109447200.0,0,13107,17040,39322,17049,13107,17043,0,0,0,70,68,100,2.7302359370752657e+23,71.2,2.7302370179391762e+23,74.3,-0.0,74.0,1,49,50,180,13107,0,0,0,0.0,0.0,0.0,0.0,-0.0,67.0,0.0,162057.094,0.0,751,0,740,0,0,0,721,0,768,0,736,0,743,0,742,0,712,0,7520,0.032,108447924224.0,0.0,0.0,784,16797,-0.0,162057.094,-114818.039,-0.0,0.133,6.909358625270745e+28,30.0,65.0,35,0.0,0.0,0.0,0.0,0.0,0.0,0.0,0.0,0.0,0.0,0.0,0.0,0.0,0.0,0.0,0.0,69.2,0,150,71,55,65476,0,300,0,1,8,20529,65476,0,0,40632,65.0,0.0,0.0,0.0,0.0,0.0
2026-09-04T20:05:04,ERR,ERR,ERR,ERR,ERR,ERR,ERR,ERR,ERR,ERR,ERR,ERR,ERR,ERR,ERR,ERR,ERR,ERR,ERR,ERR,ERR,ERR,ERR,ERR,ERR,ERR,ERR,ERR,ERR,ERR,ERR,ERR,ERR,ERR,ERR,ERR,ERR,ERR,ERR,ERR,ERR,ERR,ERR,ERR,ERR,ERR,ERR,ERR,ERR,ERR,ERR,ERR,ERR,ERR,ERR,ERR,ERR,ERR,ERR,ERR,ERR,ERR,ERR,ERR,ERR,ERR,ERR,ERR,ERR,ERR,ERR,ERR,ERR,ERR,ERR,ERR,ERR,ERR,ERR,ERR,ERR,ERR,ERR,ERR,ERR,ERR,ERR,ERR,ERR,ERR,ERR,ERR,ERR,ERR,ERR,ERR,ERR,ERR,ERR,ERR,ERR,ERR,ERR,ERR,ERR,ERR,ERR,ERR,ERR,ERR,ERR,ERR,ERR,ERR,ERR,ERR,ERR,ERR,ERR,ERR,ERR,ERR,ERR,ERR,ERR,2.718430741444032e+23,2.7184312818759872e+23,0.0,0.0,0.0,1.3936040501711995e+18,7.805,0.0,0,0,4,0,7116,0.0,100,0.0,0.0,0.0,0.0,0.0,0,0,0,0,0.0,0,0,0,0,0,0,0,0,0,0,0,0,0,0,0,0,0,0,0,0,0,0,0,0,0,0,0,0,0,0,0,0,0,31,40,40,71,65476,0,300,0,0,8,21553,0.0,-107605600.0,0.0,0.0,0.0,0.0,0.0,0.0,0.0,0.0,0.0,0.0,0.0,0.0,0.0,0.0,0.0,0.0,0.0,0.0,0.0,0.0,0.0,-2.004,-2.004,0.0,0.0,0.0,0.0,0.0,6189.0,-0.0,6935.0,2.718430741444032e+23,-0.0,-0.0,2.718430741444032e+23,0.0,0.0,0.0,0.0,69,-0.0,-3.222020107183197e+26,0.0,0.0,0.0,0.0,0.0,0.0,0.0,0,0,0,0.0,0.0,0.0,0.0,0.0,0.0,0.0,0.0,0.0,0.0,0.0,0.0,0.0,0.0,0.0,0.0,0,-107875648.0,69,0.0,138,0.0,-109447200.0,0,13107,17040,39322,17049,13107,17043,0,0,0,70,68,100,2.7302359370752657e+23,71.2,2.7302370179391762e+23,74.3,-0.0,74.0,1,49,50,180,13107,0,0,0,0.0,0.0,0.0,0.0,-0.0,67.0,0.0,162057.094,0.0,751,0,740,0,0,0,721,0,768,0,736,0,743,0,742,0,712,0,7520,0.032,108447924224.0,0.0,0.0,784,16797,-0.0,162057.094,-114818.039,-0.0,0.133,6.909358625270745e+28,30.0,65.0,35,0.0,0.0,0.0,0.0,0.0,0.0,0.0,0.0,0.0,0.0,0.0,0.0,0.0,0.0,0.0,0.0,69.2,0,150,71,55,65476,0,300,0,1,8,20529,65476,0,0,40632,65.0,0.0,0.0,0.0,0.0,0.0
2026-09-04T20:05:05,ERR,ERR,ERR,ERR,ERR,ERR,ERR,ERR,ERR,ERR,ERR,ERR,ERR,ERR,ERR,ERR,ERR,ERR,ERR,ERR,ERR,ERR,ERR,ERR,ERR,ERR,ERR,ERR,ERR,ERR,ERR,ERR,ERR,ERR,ERR,ERR,ERR,ERR,ERR,ERR,ERR,ERR,ERR,ERR,ERR,ERR,ERR,ERR,ERR,ERR,ERR,ERR,ERR,ERR,ERR,ERR,ERR,ERR,ERR,ERR,ERR,ERR,ERR,ERR,ERR,ERR,ERR,ERR,ERR,ERR,ERR,ERR,ERR,ERR,ERR,ERR,ERR,ERR,ERR,ERR,ERR,ERR,ERR,ERR,ERR,ERR,ERR,ERR,ERR,ERR,ERR,ERR,ERR,ERR,ERR,ERR,ERR,ERR,ERR,ERR,ERR,ERR,ERR,ERR,ERR,ERR,ERR,ERR,ERR,ERR,ERR,ERR,ERR,ERR,ERR,ERR,ERR,ERR,ERR,ERR,ERR,ERR,ERR,ERR,ERR,2.718430741444032e+23,2.7184312818759872e+23,0.0,0.0,0.0,1.3936040501711995e+18,7.805,0.0,0,0,4,0,7116,0.0,100,0.0,0.0,0.0,0.0,0.0,0,0,0,0,0.0,0,0,0,0,0,0,0,0,0,0,0,0,0,0,0,0,0,0,0,0,0,0,0,0,0,0,0,0,0,0,0,0,0,31,40,40,71,65476,0,300,0,0,8,21553,0.0,-107605600.0,0.0,0.0,0.0,0.0,0.0,0.0,0.0,0.0,0.0,0.0,0.0,0.0,0.0,0.0,0.0,0.0,0.0,0.0,0.0,0.0,0.0,-2.004,-2.004,0.0,0.0,0.0,0.0,0.0,6223.0,0.0,6916.0,2.718430741444032e+23,2.7184312818759872e+23,-0.0,2.718430741444032e+23,0.0,0.0,0.0,0.0,69,-71.63,-0.0,0.0,0.0,0.0,0.0,0.0,0.0,0.0,0,0,0,0.0,0.0,0.0,0.0,0.0,0.0,0.0,0.0,0.0,0.0,0.0,0.0,0.0,0.0,0.0,0.0,0,-107875648.0,69,0.0,138,0.0,-109447200.0,0,13107,17040,39322,17049,13107,17043,0,0,0,70,68,100,2.7302359370752657e+23,71.2,2.7302370179391762e+23,74.3,-0.0,74.0,1,49,50,180,13107,0,0,0,0.0,0.0,0.0,0.0,-0.0,67.0,0.0,162057.094,0.0,751,0,740,0,0,0,721,0,768,0,736,0,743,0,742,0,712,0,7520,0.032,108447924224.0,0.0,0.0,784,16797,-0.0,162057.094,-114818.039,-0.0,0.133,6.909358625270745e+28,30.0,65.0,35,0.0,0.0,0.0,0.0,0.0,0.0,0.0,0.0,0.0,0.0,0.0,0.0,0.0,0.0,0.0,0.0,69.2,0,150,71,55,65476,0,300,0,1,8,20529,65476,0,0,40632,65.0,0.0,0.0,0.0,0.0,0.0
2026-09-04T20:05:06,ERR,ERR,ERR,ERR,ERR,ERR,ERR,ERR,ERR,ERR,ERR,ERR,ERR,ERR,ERR,ERR,ERR,ERR,ERR,ERR,ERR,ERR,ERR,ERR,ERR,ERR,ERR,ERR,ERR,ERR,ERR,ERR,ERR,ERR,ERR,ERR,ERR,ERR,ERR,ERR,ERR,ERR,ERR,ERR,ERR,ERR,ERR,ERR,ERR,ERR,ERR,ERR,ERR,ERR,ERR,ERR,ERR,ERR,ERR,ERR,ERR,ERR,ERR,ERR,ERR,ERR,ERR,ERR,ERR,ERR,ERR,ERR,ERR,ERR,ERR,ERR,ERR,ERR,ERR,ERR,ERR,ERR,ERR,ERR,ERR,ERR,ERR,ERR,ERR,ERR,ERR,ERR,ERR,ERR,ERR,ERR,ERR,ERR,ERR,ERR,ERR,ERR,ERR,ERR,ERR,ERR,ERR,ERR,ERR,ERR,ERR,ERR,ERR,ERR,ERR,ERR,ERR,ERR,ERR,ERR,ERR,ERR,ERR,ERR,ERR,2.718430741444032e+23,2.7184312818759872e+23,0.0,0.0,0.0,1.3936040501711995e+18,7.805,0.0,0,0,4,0,7116,0.0,100,0.0,0.0,0.0,0.0,0.0,0,0,0,0,0.0,0,0,0,0,0,0,0,0,0,0,0,0,0,0,0,0,0,0,0,0,0,0,0,0,0,0,0,0,0,0,0,0,0,31,40,40,71,65476,0,300,0,0,8,21553,0.0,-107605600.0,0.0,0.0,0.0,0.0,0.0,0.0,0.0,0.0,0.0,0.0,0.0,0.0,0.0,0.0,0.0,0.0,0.0,0.0,0.0,0.0,0.0,-2.004,-2.004,0.0,0.0,0.0,0.0,0.0,6223.0,0.0,6916.0,2.718430741444032e+23,2.7184312818759872e+23,-0.0,2.718430741444032e+23,0.0,0.0,0.0,0.0,69,-71.63,-0.0,0.0,0.0,0.0,0.0,0.0,0.0,0.0,0,0,0,0.0,0.0,0.0,0.0,0.0,0.0,0.0,0.0,0.0,0.0,0.0,0.0,0.0,0.0,0.0,0.0,0,-107875648.0,69,0.0,138,0.0,-109447200.0,0,13107,17040,39322,17049,13107,17043,0,0,0,70,68,100,2.7302359370752657e+23,71.2,2.7302370179391762e+23,74.3,-0.0,74.0,1,49,50,180,13107,0,0,0,0.0,0.0,0.0,0.0,-0.0,67.0,0.0,162057.094,0.0,751,0,740,0,0,0,721,0,768,0,737,0,743,0,742,0,712,0,7520,0.032,107911053312.0,0.0,0.0,784,16797,-0.0,162057.094,-114818.039,-0.0,0.133,6.909358625270745e+28,30.0,65.0,35,0.0,0.0,0.0,0.0,0.0,0.0,0.0,0.0,0.0,0.0,0.0,0.0,0.0,0.0,0.0,0.0,69.2,0,150,71,55,65476,0,300,0,1,8,20529,65476,0,0,40632,65.0,0.0,0.0,0.0,0.0,0.0
2026-09-04T20:05:07,ERR,ERR,ERR,ERR,ERR,ERR,ERR,ERR,ERR,ERR,ERR,ERR,ERR,ERR,ERR,ERR,ERR,ERR,ERR,ERR,ERR,ERR,ERR,ERR,ERR,ERR,ERR,ERR,ERR,ERR,ERR,ERR,ERR,ERR,ERR,ERR,ERR,ERR,ERR,ERR,ERR,ERR,ERR,ERR,ERR,ERR,ERR,ERR,ERR,ERR,ERR,ERR,ERR,ERR,ERR,ERR,ERR,ERR,ERR,ERR,ERR,ERR,ERR,ERR,ERR,ERR,ERR,ERR,ERR,ERR,ERR,ERR,ERR,ERR,ERR,ERR,ERR,ERR,ERR,ERR,ERR,ERR,ERR,ERR,ERR,ERR,ERR,ERR,ERR,ERR,ERR,ERR,ERR,ERR,ERR,ERR,ERR,ERR,ERR,ERR,ERR,ERR,ERR,ERR,ERR,ERR,ERR,ERR,ERR,ERR,ERR,ERR,ERR,ERR,ERR,ERR,ERR,ERR,ERR,ERR,ERR,ERR,ERR,ERR,ERR,2.718430741444032e+23,2.7184312818759872e+23,0.0,0.0,0.0,1.3936040501711995e+18,7.805,0.0,0,0,4,0,7116,0.0,100,0.0,0.0,0.0,0.0,0.0,0,0,0,0,0.0,0,0,0,0,0,0,0,0,0,0,0,0,0,0,0,0,0,0,0,0,0,0,0,0,0,0,0,0,0,0,0,0,0,31,40,40,71,65476,0,300,0,0,8,21553,0.0,-107605600.0,0.0,0.0,0.0,0.0,0.0,0.0,0.0,0.0,0.0,0.0,0.0,0.0,0.0,0.0,0.0,0.0,0.0,0.0,0.0,0.0,0.0,-2.004,-2.004,0.0,0.0,0.0,0.0,0.0,6223.0,0.0,6916.0,2.718430741444032e+23,2.7184312818759872e+23,-0.0,2.718430741444032e+23,0.0,0.0,0.0,0.0,69,-71.63,-0.0,0.0,0.0,0.0,0.0,0.0,0.0,0.0,0,0,0,0.0,0.0,0.0,0.0,0.0,0.0,0.0,0.0,0.0,0.0,0.0,0.0,0.0,0.0,0.0,0.0,0,-107875648.0,69,0.0,138,0.0,-109447200.0,0,13107,17040,39322,17049,13107,17043,0,0,0,70,68,100,2.7302359370752657e+23,71.2,2.7302370179391762e+23,74.3,-0.0,74.0,1,49,50,180,13107,0,0,0,0.0,0.0,0.0,0.0,-0.0,67.0,0.0,162057.094,0.0,751,0,740,0,0,0,721,0,768,0,737,0,743,0,742,0,712,0,7520,0.032,107911053312.0,0.0,0.0,784,16797,-0.0,162057.094,-114818.039,-0.0,0.133,6.909358625270745e+28,30.0,65.0,35,0.0,0.0,0.0,0.0,0.0,0.0,0.0,0.0,0.0,0.0,0.0,0.0,0.0,0.0,0.0,0.0,69.2,0,150,71,55,65476,0,300,0,1,8,20529,65476,0,0,40632,65.0,0.0,0.0,0.0,0.0,0.0
2026-09-04T20:05:08,ERR,ERR,ERR,ERR,ERR,ERR,ERR,ERR,ERR,ERR,ERR,ERR,ERR,ERR,ERR,ERR,ERR,ERR,ERR,ERR,ERR,ERR,ERR,ERR,ERR,ERR,ERR,ERR,ERR,ERR,ERR,ERR,ERR,ERR,ERR,ERR,ERR,ERR,ERR,ERR,ERR,ERR,ERR,ERR,ERR,ERR,ERR,ERR,ERR,ERR,ERR,ERR,ERR,ERR,ERR,ERR,ERR,ERR,ERR,ERR,ERR,ERR,ERR,ERR,ERR,ERR,ERR,ERR,ERR,ERR,ERR,ERR,ERR,ERR,ERR,ERR,ERR,ERR,ERR,ERR,ERR,ERR,ERR,ERR,ERR,ERR,ERR,ERR,ERR,ERR,ERR,ERR,ERR,ERR,ERR,ERR,ERR,ERR,ERR,ERR,ERR,ERR,ERR,ERR,ERR,ERR,ERR,ERR,ERR,ERR,ERR,ERR,ERR,ERR,ERR,ERR,ERR,ERR,ERR,ERR,ERR,ERR,ERR,ERR,ERR,2.718430741444032e+23,2.7184312818759872e+23,0.0,0.0,0.0,1.3936040501711995e+18,7.805,0.0,0,0,4,0,7116,0.0,100,0.0,0.0,0.0,0.0,0.0,0,0,0,0,0.0,0,0,0,0,0,0,0,0,0,0,0,0,0,0,0,0,0,0,0,0,0,0,0,0,0,0,0,0,0,0,0,0,0,31,40,40,71,65476,0,300,0,0,8,21553,0.0,-107605600.0,0.0,0.0,0.0,0.0,0.0,0.0,0.0,0.0,0.0,0.0,0.0,0.0,0.0,0.0,0.0,0.0,0.0,0.0,0.0,0.0,0.0,-2.004,-2.004,0.0,0.0,0.0,0.0,0.0,6223.0,0.0,6916.0,2.718430741444032e+23,2.7184312818759872e+23,-0.0,2.718430741444032e+23,0.0,0.0,0.0,0.0,69,-71.63,-0.0,0.0,0.0,0.0,0.0,0.0,0.0,0.0,0,0,0,0.0,0.0,0.0,0.0,0.0,0.0,0.0,0.0,0.0,0.0,0.0,0.0,0.0,0.0,0.0,0.0,0,-107875648.0,69,0.0,138,0.0,-109447200.0,0,13107,17040,39322,17049,13107,17043,0,0,0,70,68,100,2.7302359370752657e+23,71.2,2.7302370179391762e+23,74.3,-0.0,74.0,1,49,50,180,13107,0,0,0,0.0,0.0,0.0,0.0,-0.0,67.0,0.0,162057.094,0.0,751,0,740,0,0,0,721,0,768,0,737,0,743,0,742,0,712,0,7520,0.032,107911053312.0,0.0,0.0,784,16797,-0.0,162057.094,-114818.039,-0.0,0.133,6.909358625270745e+28,30.0,65.0,35,0.0,0.0,0.0,0.0,0.0,0.0,0.0,0.0,0.0,0.0,0.0,0.0,0.0,0.0,0.0,0.0,69.2,0,150,71,55,65476,0,300,0,1,8,20529,65476,0,0,40632,65.0,0.0,0.0,0.0,0.0,0.0
2026-09-04T20:05:09,ERR,ERR,ERR,ERR,ERR,ERR,ERR,ERR,ERR,ERR,ERR,ERR,ERR,ERR,ERR,ERR,ERR,ERR,ERR,ERR,ERR,ERR,ERR,ERR,ERR,ERR,ERR,ERR,ERR,ERR,ERR,ERR,ERR,ERR,ERR,ERR,ERR,ERR,ERR,ERR,ERR,ERR,ERR,ERR,ERR,ERR,ERR,ERR,ERR,ERR,ERR,ERR,ERR,ERR,ERR,ERR,ERR,ERR,ERR,ERR,ERR,ERR,ERR,ERR,ERR,ERR,ERR,ERR,ERR,ERR,ERR,ERR,ERR,ERR,ERR,ERR,ERR,ERR,ERR,ERR,ERR,ERR,ERR,ERR,ERR,ERR,ERR,ERR,ERR,ERR,ERR,ERR,ERR,ERR,ERR,ERR,ERR,ERR,ERR,ERR,ERR,ERR,ERR,ERR,ERR,ERR,ERR,ERR,ERR,ERR,ERR,ERR,ERR,ERR,ERR,ERR,ERR,ERR,ERR,ERR,ERR,ERR,ERR,ERR,ERR,2.718430741444032e+23,2.7184312818759872e+23,0.0,0.0,0.0,1.3936040501711995e+18,7.805,0.0,0,0,4,0,7116,0.0,100,0.0,0.0,0.0,0.0,0.0,0,0,0,0,0.0,0,0,0,0,0,0,0,0,0,0,0,0,0,0,0,0,0,0,0,0,0,0,0,0,0,0,0,0,0,0,0,0,0,31,40,40,71,65476,0,300,0,0,8,21553,0.0,-107605600.0,0.0,0.0,0.0,0.0,0.0,0.0,0.0,0.0,0.0,0.0,0.0,0.0,0.0,0.0,0.0,0.0,0.0,0.0,0.0,0.0,0.0,-2.004,-2.004,0.0,0.0,0.0,0.0,0.0,6223.0,0.0,6916.0,2.718430741444032e+23,2.7184312818759872e+23,-0.0,2.718430741444032e+23,0.0,0.0,0.0,0.0,69,-71.63,-0.0,0.0,0.0,0.0,0.0,0.0,0.0,0.0,0,0,0,0.0,0.0,0.0,0.0,0.0,0.0,0.0,0.0,0.0,0.0,0.0,0.0,0.0,0.0,0.0,0.0,0,-107875648.0,69,0.0,138,0.0,-109447200.0,0,13107,17040,39322,17049,13107,17043,0,0,0,70,68,100,2.7302359370752657e+23,71.2,2.7302370179391762e+23,74.3,-0.0,74.0,1,49,50,180,13107,0,0,0,0.0,0.0,0.0,0.0,-0.0,67.0,0.0,162057.094,0.0,751,0,740,0,0,0,721,0,768,0,737,0,743,0,742,0,712,0,7520,0.032,107911053312.0,0.0,0.0,784,16797,-0.0,162057.094,-114818.039,-0.0,0.133,6.909358625270745e+28,30.0,65.0,35,0.0,0.0,0.0,0.0,0.0,0.0,0.0,0.0,0.0,0.0,0.0,0.0,0.0,0.0,0.0,0.0,69.2,0,150,71,55,65476,0,300,0,1,8,20529,65476,0,0,40632,65.0,0.0,0.0,0.0,0.0,0.0
2026-09-04T20:05:10,ERR,ERR,ERR,ERR,ERR,ERR,ERR,ERR,ERR,ERR,ERR,ERR,ERR,ERR,ERR,ERR,ERR,ERR,ERR,ERR,ERR,ERR,ERR,ERR,ERR,ERR,ERR,ERR,ERR,ERR,ERR,ERR,ERR,ERR,ERR,ERR,ERR,ERR,ERR,ERR,ERR,ERR,ERR,ERR,ERR,ERR,ERR,ERR,ERR,ERR,ERR,ERR,ERR,ERR,ERR,ERR,ERR,ERR,ERR,ERR,ERR,ERR,ERR,ERR,ERR,ERR,ERR,ERR,ERR,ERR,ERR,ERR,ERR,ERR,ERR,ERR,ERR,ERR,ERR,ERR,ERR,ERR,ERR,ERR,ERR,ERR,ERR,ERR,ERR,ERR,ERR,ERR,ERR,ERR,ERR,ERR,ERR,ERR,ERR,ERR,ERR,ERR,ERR,ERR,ERR,ERR,ERR,ERR,ERR,ERR,ERR,ERR,ERR,ERR,ERR,ERR,ERR,ERR,ERR,ERR,ERR,ERR,ERR,ERR,ERR,2.718430741444032e+23,2.7184312818759872e+23,0.0,0.0,0.0,1.3936040501711995e+18,7.805,0.0,0,0,4,0,7116,0.0,100,0.0,0.0,0.0,0.0,0.0,0,0,0,0,0.0,0,0,0,0,0,0,0,0,0,0,0,0,0,0,0,0,0,0,0,0,0,0,0,0,0,0,0,0,0,0,0,0,0,31,40,40,71,65476,0,300,0,0,8,21553,0.0,-107605600.0,0.0,0.0,0.0,0.0,0.0,0.0,0.0,0.0,0.0,0.0,0.0,0.0,0.0,0.0,0.0,0.0,0.0,0.0,0.0,0.0,0.0,-2.004,-2.004,0.0,0.0,0.0,0.0,0.0,6223.0,0.0,6916.0,2.718430741444032e+23,2.7184312818759872e+23,-0.0,2.718430741444032e+23,0.0,0.0,0.0,0.0,69,-71.63,-0.0,0.0,0.0,0.0,0.0,0.0,0.0,0.0,0,0,0,0.0,0.0,0.0,0.0,0.0,0.0,0.0,0.0,0.0,0.0,0.0,0.0,0.0,0.0,0.0,0.0,0,-107875648.0,69,0.0,138,0.0,-109447200.0,0,13107,17040,39322,17049,13107,17043,0,0,0,70,68,100,2.7302359370752657e+23,71.2,2.7302370179391762e+23,74.3,-0.0,74.0,1,49,50,180,13107,0,0,0,0.0,0.0,0.0,0.0,-0.0,67.0,0.0,162057.094,0.0,751,0,740,0,0,0,721,0,768,0,737,0,743,0,742,0,712,0,7520,0.032,107911053312.0,0.0,0.0,784,16797,-0.0,162057.094,-114818.039,-0.0,0.133,6.909358625270745e+28,30.0,65.0,35,0.0,0.0,0.0,0.0,0.0,0.0,0.0,0.0,0.0,0.0,0.0,0.0,0.0,0.0,0.0,0.0,69.2,0,150,71,55,65476,0,300,0,1,8,20529,65476,0,0,40632,65.0,0.0,0.0,0.0,0.0,0.0
2026-09-04T20:05:11,ERR,ERR,ERR,ERR,ERR,ERR,ERR,ERR,ERR,ERR,ERR,ERR,ERR,ERR,ERR,ERR,ERR,ERR,ERR,ERR,ERR,ERR,ERR,ERR,ERR,ERR,ERR,ERR,ERR,ERR,ERR,ERR,ERR,ERR,ERR,ERR,ERR,ERR,ERR,ERR,ERR,ERR,ERR,ERR,ERR,ERR,ERR,ERR,ERR,ERR,ERR,ERR,ERR,ERR,ERR,ERR,ERR,ERR,ERR,ERR,ERR,ERR,ERR,ERR,ERR,ERR,ERR,ERR,ERR,ERR,ERR,ERR,ERR,ERR,ERR,ERR,ERR,ERR,ERR,ERR,ERR,ERR,ERR,ERR,ERR,ERR,ERR,ERR,ERR,ERR,ERR,ERR,ERR,ERR,ERR,ERR,ERR,ERR,ERR,ERR,ERR,ERR,ERR,ERR,ERR,ERR,ERR,ERR,ERR,ERR,ERR,ERR,ERR,ERR,ERR,ERR,ERR,ERR,ERR,ERR,ERR,ERR,ERR,ERR,ERR,2.718430741444032e+23,2.7184312818759872e+23,0.0,0.0,0.0,1.3936040501711995e+18,7.805,0.0,0,0,4,0,7116,0.0,100,0.0,0.0,0.0,0.0,0.0,0,0,0,0,0.0,0,0,0,0,0,0,0,0,0,0,0,0,0,0,0,0,0,0,0,0,0,0,0,0,0,0,0,0,0,0,0,0,0,31,40,40,71,65476,0,300,0,0,8,21553,0.0,-107605600.0,0.0,0.0,0.0,0.0,0.0,0.0,0.0,0.0,0.0,0.0,0.0,0.0,0.0,0.0,0.0,0.0,0.0,0.0,0.0,0.0,0.0,-2.004,-2.004,0.0,0.0,0.0,0.0,0.0,6223.0,0.0,6916.0,2.718430741444032e+23,2.7184312818759872e+23,-0.0,2.718430741444032e+23,0.0,0.0,0.0,0.0,69,-71.63,-0.0,0.0,0.0,0.0,0.0,0.0,0.0,0.0,0,0,0,0.0,0.0,0.0,0.0,0.0,0.0,0.0,0.0,0.0,0.0,0.0,0.0,0.0,0.0,0.0,0.0,0,-107875648.0,69,0.0,138,0.0,-109447200.0,0,13107,17040,39322,17049,13107,17043,0,0,0,70,68,100,2.7302359370752657e+23,71.2,2.7302370179391762e+23,74.3,-0.0,74.0,1,49,50,180,13107,0,0,0,0.0,0.0,0.0,0.0,-0.0,67.0,0.0,162057.094,0.0,751,0,740,0,0,0,721,0,768,0,736,0,742,0,742,0,712,0,7520,0.032,107911053312.0,0.0,0.0,784,16797,-0.0,162057.094,-114818.039,-0.0,0.133,6.909358625270745e+28,30.0,65.0,35,0.0,0.0,0.0,0.0,0.0,0.0,0.0,0.0,0.0,0.0,0.0,0.0,0.0,0.0,0.0,0.0,69.2,0,150,71,55,65476,0,300,0,1,8,20529,65476,0,0,40632,65.0,0.0,0.0,0.0,0.0,0.0
2026-09-04T20:05:12,ERR,ERR,ERR,ERR,ERR,ERR,ERR,ERR,ERR,ERR,ERR,ERR,ERR,ERR,ERR,ERR,ERR,ERR,ERR,ERR,ERR,ERR,ERR,ERR,ERR,ERR,ERR,ERR,ERR,ERR,ERR,ERR,ERR,ERR,ERR,ERR,ERR,ERR,ERR,ERR,ERR,ERR,ERR,ERR,ERR,ERR,ERR,ERR,ERR,ERR,ERR,ERR,ERR,ERR,ERR,ERR,ERR,ERR,ERR,ERR,ERR,ERR,ERR,ERR,ERR,ERR,ERR,ERR,ERR,ERR,ERR,ERR,ERR,ERR,ERR,ERR,ERR,ERR,ERR,ERR,ERR,ERR,ERR,ERR,ERR,ERR,ERR,ERR,ERR,ERR,ERR,ERR,ERR,ERR,ERR,ERR,ERR,ERR,ERR,ERR,ERR,ERR,ERR,ERR,ERR,ERR,ERR,ERR,ERR,ERR,ERR,ERR,ERR,ERR,ERR,ERR,ERR,ERR,ERR,ERR,ERR,ERR,ERR,ERR,ERR,2.718430741444032e+23,2.7184312818759872e+23,0.0,0.0,0.0,1.3936040501711995e+18,7.805,0.0,0,0,4,0,7116,0.0,100,0.0,0.0,0.0,0.0,0.0,0,0,0,0,0.0,0,0,0,0,0,0,0,0,0,0,0,0,0,0,0,0,0,0,0,0,0,0,0,0,0,0,0,0,0,0,0,0,0,31,40,40,71,65476,0,300,0,0,8,21553,0.0,-107605600.0,0.0,0.0,0.0,0.0,0.0,0.0,0.0,0.0,0.0,0.0,0.0,0.0,0.0,0.0,0.0,0.0,0.0,0.0,0.0,0.0,0.0,-2.004,-2.004,0.0,0.0,0.0,0.0,0.0,6224.0,-0.0,6936.0,2.718430741444032e+23,2.7184312818759872e+23,-0.0,2.718430741444032e+23,0.0,0.0,0.0,0.0,69,-71.63,89220.945,0.0,0.0,0.0,0.0,0.0,0.0,0.0,0,0,0,0.0,0.0,0.0,0.0,0.0,0.0,0.0,0.0,0.0,0.0,0.0,0.0,0.0,0.0,0.0,0.0,0,-107875648.0,69,0.0,138,0.0,-109447200.0,0,13107,17040,39322,17049,13107,17043,0,0,0,70,68,100,2.7302359370752657e+23,71.2,2.7302370179391762e+23,74.3,-0.0,74.0,1,49,50,180,13107,0,0,0,0.0,0.0,0.0,0.0,-0.0,67.0,0.0,162057.094,0.0,751,0,740,0,0,0,721,0,768,0,736,0,742,0,742,0,712,0,7520,0.032,107911053312.0,0.0,0.0,784,16797,-0.0,162057.094,-114818.039,-0.0,0.133,6.909358625270745e+28,30.0,65.0,35,0.0,0.0,0.0,0.0,0.0,0.0,0.0,0.0,0.0,0.0,0.0,0.0,0.0,0.0,0.0,0.0,69.2,0,150,71,55,65476,0,300,0,1,8,20529,65476,0,0,40632,65.0,0.0,0.0,0.0,0.0,0.0
2026-09-04T20:05:13,ERR,ERR,ERR,ERR,ERR,ERR,ERR,ERR,ERR,ERR,ERR,ERR,ERR,ERR,ERR,ERR,ERR,ERR,ERR,ERR,ERR,ERR,ERR,ERR,ERR,ERR,ERR,ERR,ERR,ERR,ERR,ERR,ERR,ERR,ERR,ERR,ERR,ERR,ERR,ERR,ERR,ERR,ERR,ERR,ERR,ERR,ERR,ERR,ERR,ERR,ERR,ERR,ERR,ERR,ERR,ERR,ERR,ERR,ERR,ERR,ERR,ERR,ERR,ERR,ERR,ERR,ERR,ERR,ERR,ERR,ERR,ERR,ERR,ERR,ERR,ERR,ERR,ERR,ERR,ERR,ERR,ERR,ERR,ERR,ERR,ERR,ERR,ERR,ERR,ERR,ERR,ERR,ERR,ERR,ERR,ERR,ERR,ERR,ERR,ERR,ERR,ERR,ERR,ERR,ERR,ERR,ERR,ERR,ERR,ERR,ERR,ERR,ERR,ERR,ERR,ERR,ERR,ERR,ERR,ERR,ERR,ERR,ERR,ERR,ERR,2.718430741444032e+23,2.7184312818759872e+23,0.0,0.0,0.0,1.3936040501711995e+18,7.805,0.0,0,0,4,0,7116,0.0,100,0.0,0.0,0.0,0.0,0.0,0,0,0,0,0.0,0,0,0,0,0,0,0,0,0,0,0,0,0,0,0,0,0,0,0,0,0,0,0,0,0,0,0,0,0,0,0,0,0,31,40,40,71,65476,0,300,0,0,8,21553,0.0,-107605600.0,0.0,0.0,0.0,0.0,0.0,0.0,0.0,0.0,0.0,0.0,0.0,0.0,0.0,0.0,0.0,0.0,0.0,0.0,0.0,0.0,0.0,-2.004,-2.004,0.0,0.0,0.0,0.0,0.0,6224.0,-0.0,6936.0,2.718430741444032e+23,2.7184312818759872e+23,-0.0,2.718430741444032e+23,0.0,0.0,0.0,0.0,69,-71.63,89220.945,0.0,0.0,0.0,0.0,0.0,0.0,0.0,0,0,0,0.0,0.0,0.0,0.0,0.0,0.0,0.0,0.0,0.0,0.0,0.0,0.0,0.0,0.0,0.0,0.0,0,-107875648.0,69,0.0,138,0.0,-109447200.0,0,13107,17040,39322,17049,13107,17043,0,0,0,70,68,100,2.7302359370752657e+23,71.2,2.7302370179391762e+23,74.3,-0.0,74.0,1,49,50,180,13107,0,0,0,0.0,0.0,0.0,0.0,-0.0,67.0,0.0,162057.094,0.0,751,0,740,0,0,0,721,0,768,0,736,0,742,0,742,0,712,0,7520,0.032,107911053312.0,0.0,0.0,784,16797,-0.0,162057.094,-114818.039,-0.0,0.133,6.909358625270745e+28,30.0,65.0,35,0.0,0.0,0.0,0.0,0.0,0.0,0.0,0.0,0.0,0.0,0.0,0.0,0.0,0.0,0.0,0.0,69.2,0,150,71,55,65476,0,300,0,1,8,20529,65476,0,0,40632,65.0,0.0,0.0,0.0,0.0,0.0
2026-09-04T20:05:14,ERR,ERR,ERR,ERR,ERR,ERR,ERR,ERR,ERR,ERR,ERR,ERR,ERR,ERR,ERR,ERR,ERR,ERR,ERR,ERR,ERR,ERR,ERR,ERR,ERR,ERR,ERR,ERR,ERR,ERR,ERR,ERR,ERR,ERR,ERR,ERR,ERR,ERR,ERR,ERR,ERR,ERR,ERR,ERR,ERR,ERR,ERR,ERR,ERR,ERR,ERR,ERR,ERR,ERR,ERR,ERR,ERR,ERR,ERR,ERR,ERR,ERR,ERR,ERR,ERR,ERR,ERR,ERR,ERR,ERR,ERR,ERR,ERR,ERR,ERR,ERR,ERR,ERR,ERR,ERR,ERR,ERR,ERR,ERR,ERR,ERR,ERR,ERR,ERR,ERR,ERR,ERR,ERR,ERR,ERR,ERR,ERR,ERR,ERR,ERR,ERR,ERR,ERR,ERR,ERR,ERR,ERR,ERR,ERR,ERR,ERR,ERR,ERR,ERR,ERR,ERR,ERR,ERR,ERR,ERR,ERR,ERR,ERR,ERR,ERR,2.718430741444032e+23,2.7184312818759872e+23,0.0,0.0,0.0,1.3936040501711995e+18,7.805,0.0,0,0,4,0,7116,0.0,100,0.0,0.0,0.0,0.0,0.0,0,0,0,0,0.0,0,0,0,0,0,0,0,0,0,0,0,0,0,0,0,0,0,0,0,0,0,0,0,0,0,0,0,0,0,0,0,0,0,31,40,40,71,65476,0,300,0,0,8,21553,0.0,-107605600.0,0.0,0.0,0.0,0.0,0.0,0.0,0.0,0.0,0.0,0.0,0.0,0.0,0.0,0.0,0.0,0.0,0.0,0.0,0.0,0.0,0.0,-2.004,-2.004,0.0,0.0,0.0,0.0,0.0,6224.0,-0.0,6936.0,2.718430741444032e+23,2.7184312818759872e+23,-0.0,2.718430741444032e+23,0.0,0.0,0.0,0.0,69,-71.63,89220.945,0.0,0.0,0.0,0.0,0.0,0.0,0.0,0,0,0,0.0,0.0,0.0,0.0,0.0,0.0,0.0,0.0,0.0,0.0,0.0,0.0,0.0,0.0,0.0,0.0,0,-107875648.0,69,0.0,138,0.0,-109447200.0,0,13107,17040,39322,17049,13107,17043,0,0,0,70,68,100,2.7302359370752657e+23,71.2,2.7302370179391762e+23,74.3,-0.0,74.0,1,49,50,180,13107,0,0,0,0.0,0.0,0.0,0.0,-0.0,67.0,0.0,162057.094,0.0,751,0,740,0,0,0,721,0,768,0,736,0,742,0,742,0,712,0,7520,0.032,107911053312.0,0.0,0.0,784,16797,-0.0,162057.094,-114818.039,-0.0,0.133,6.909358625270745e+28,30.0,65.0,35,0.0,0.0,0.0,0.0,0.0,0.0,0.0,0.0,0.0,0.0,0.0,0.0,0.0,0.0,0.0,0.0,69.2,0,150,71,55,65476,0,300,0,1,8,20529,65476,0,0,40632,65.0,0.0,0.0,0.0,0.0,0.0
2026-09-04T20:05:15,ERR,ERR,ERR,ERR,ERR,ERR,ERR,ERR,ERR,ERR,ERR,ERR,ERR,ERR,ERR,ERR,ERR,ERR,ERR,ERR,ERR,ERR,ERR,ERR,ERR,ERR,ERR,ERR,ERR,ERR,ERR,ERR,ERR,ERR,ERR,ERR,ERR,ERR,ERR,ERR,ERR,ERR,ERR,ERR,ERR,ERR,ERR,ERR,ERR,ERR,ERR,ERR,ERR,ERR,ERR,ERR,ERR,ERR,ERR,ERR,ERR,ERR,ERR,ERR,ERR,ERR,ERR,ERR,ERR,ERR,ERR,ERR,ERR,ERR,ERR,ERR,ERR,ERR,ERR,ERR,ERR,ERR,ERR,ERR,ERR,ERR,ERR,ERR,ERR,ERR,ERR,ERR,ERR,ERR,ERR,ERR,ERR,ERR,ERR,ERR,ERR,ERR,ERR,ERR,ERR,ERR,ERR,ERR,ERR,ERR,ERR,ERR,ERR,ERR,ERR,ERR,ERR,ERR,ERR,ERR,ERR,ERR,ERR,ERR,ERR,2.718430741444032e+23,2.7184312818759872e+23,0.0,0.0,0.0,1.3936040501711995e+18,7.805,0.0,0,0,4,0,7116,0.0,100,0.0,0.0,0.0,0.0,0.0,0,0,0,0,0.0,0,0,0,0,0,0,0,0,0,0,0,0,0,0,0,0,0,0,0,0,0,0,0,0,0,0,0,0,0,0,0,0,0,31,40,40,71,65476,0,300,0,0,8,21553,0.0,-107605600.0,0.0,0.0,0.0,0.0,0.0,0.0,0.0,0.0,0.0,0.0,0.0,0.0,0.0,0.0,0.0,0.0,0.0,0.0,0.0,0.0,0.0,-2.004,-2.004,0.0,0.0,0.0,0.0,0.0,6224.0,-0.0,6936.0,2.718430741444032e+23,2.7184312818759872e+23,-0.0,2.718430741444032e+23,0.0,0.0,0.0,0.0,69,-71.63,89220.945,0.0,0.0,0.0,0.0,0.0,0.0,0.0,0,0,0,0.0,0.0,0.0,0.0,0.0,0.0,0.0,0.0,0.0,0.0,0.0,0.0,0.0,0.0,0.0,0.0,0,-107875648.0,69,0.0,138,0.0,-109447200.0,0,13107,17040,39322,17049,13107,17043,0,0,0,70,68,100,2.7302359370752657e+23,71.2,2.7302370179391762e+23,74.3,-0.0,74.0,1,49,50,180,13107,0,0,0,0.0,0.0,0.0,0.0,-0.0,67.0,0.0,162057.094,0.0,751,0,740,0,0,0,721,0,768,0,736,0,742,0,742,0,712,0,7520,0.032,107911053312.0,0.0,0.0,784,16797,-0.0,162057.094,-114818.039,-0.0,0.133,6.909358625270745e+28,30.0,65.0,35,0.0,0.0,0.0,0.0,0.0,0.0,0.0,0.0,0.0,0.0,0.0,0.0,0.0,0.0,0.0,0.0,69.2,0,150,71,55,65476,0,300,0,1,8,20529,65476,0,0,40632,65.0,0.0,0.0,0.0,0.0,0.0
2026-09-04T20:05:16,ERR,ERR,ERR,ERR,ERR,ERR,ERR,ERR,ERR,ERR,ERR,ERR,ERR,ERR,ERR,ERR,ERR,ERR,ERR,ERR,ERR,ERR,ERR,ERR,ERR,ERR,ERR,ERR,ERR,ERR,ERR,ERR,ERR,ERR,ERR,ERR,ERR,ERR,ERR,ERR,ERR,ERR,ERR,ERR,ERR,ERR,ERR,ERR,ERR,ERR,ERR,ERR,ERR,ERR,ERR,ERR,ERR,ERR,ERR,ERR,ERR,ERR,ERR,ERR,ERR,ERR,ERR,ERR,ERR,ERR,ERR,ERR,ERR,ERR,ERR,ERR,ERR,ERR,ERR,ERR,ERR,ERR,ERR,ERR,ERR,ERR,ERR,ERR,ERR,ERR,ERR,ERR,ERR,ERR,ERR,ERR,ERR,ERR,ERR,ERR,ERR,ERR,ERR,ERR,ERR,ERR,ERR,ERR,ERR,ERR,ERR,ERR,ERR,ERR,ERR,ERR,ERR,ERR,ERR,ERR,ERR,ERR,ERR,ERR,ERR,2.718430741444032e+23,2.7184312818759872e+23,0.0,0.0,0.0,1.3936040501711995e+18,7.805,0.0,0,0,4,0,7116,0.0,100,0.0,0.0,0.0,0.0,0.0,0,0,0,0,0.0,0,0,0,0,0,0,0,0,0,0,0,0,0,0,0,0,0,0,0,0,0,0,0,0,0,0,0,0,0,0,0,0,0,31,40,40,71,65476,0,300,0,0,8,21553,0.0,-107605600.0,0.0,0.0,0.0,0.0,0.0,0.0,0.0,0.0,0.0,0.0,0.0,0.0,0.0,0.0,0.0,0.0,0.0,0.0,0.0,0.0,0.0,-2.004,-2.004,0.0,0.0,0.0,0.0,0.0,6224.0,-0.0,6936.0,2.718430741444032e+23,2.7184312818759872e+23,-0.0,2.718430741444032e+23,0.0,0.0,0.0,0.0,69,-71.63,89220.945,0.0,0.0,0.0,0.0,0.0,0.0,0.0,0,0,0,0.0,0.0,0.0,0.0,0.0,0.0,0.0,0.0,0.0,0.0,0.0,0.0,0.0,0.0,0.0,0.0,0,-107875648.0,69,0.0,138,0.0,-109447200.0,0,13107,17040,39322,17049,13107,17043,0,0,0,70,68,100,2.7302359370752657e+23,71.2,2.7302370179391762e+23,74.2,2.7302370179391762e+23,74.0,1,49,50,180,13107,0,0,0,0.0,0.0,0.0,0.0,-0.0,67.0,0.0,162057.094,0.0,751,0,740,0,0,0,721,0,768,0,736,0,743,0,742,0,712,0,7520,0.032,107911053312.0,0.0,0.0,784,16797,-0.0,162057.094,-114818.039,-0.0,0.133,6.909358625270745e+28,30.0,65.0,35,0.0,0.0,0.0,0.0,0.0,0.0,0.0,0.0,0.0,0.0,0.0,0.0,0.0,0.0,0.0,0.0,69.2,0,150,71,55,65476,0,300,0,1,8,20529,65476,0,0,40632,65.0,0.0,0.0,0.0,0.0,0.0
2026-09-04T20:05:17,ERR,ERR,ERR,ERR,ERR,ERR,ERR,ERR,ERR,ERR,ERR,ERR,ERR,ERR,ERR,ERR,ERR,ERR,ERR,ERR,ERR,ERR,ERR,ERR,ERR,ERR,ERR,ERR,ERR,ERR,ERR,ERR,ERR,ERR,ERR,ERR,ERR,ERR,ERR,ERR,ERR,ERR,ERR,ERR,ERR,ERR,ERR,ERR,ERR,ERR,ERR,ERR,ERR,ERR,ERR,ERR,ERR,ERR,ERR,ERR,ERR,ERR,ERR,ERR,ERR,ERR,ERR,ERR,ERR,ERR,ERR,ERR,ERR,ERR,ERR,ERR,ERR,ERR,ERR,ERR,ERR,ERR,ERR,ERR,ERR,ERR,ERR,ERR,ERR,ERR,ERR,ERR,ERR,ERR,ERR,ERR,ERR,ERR,ERR,ERR,ERR,ERR,ERR,ERR,ERR,ERR,ERR,ERR,ERR,ERR,ERR,ERR,ERR,ERR,ERR,ERR,ERR,ERR,ERR,ERR,ERR,ERR,ERR,ERR,ERR,2.718430741444032e+23,2.7184312818759872e+23,0.0,0.0,0.0,1.3936040501711995e+18,7.805,0.0,0,0,4,0,7116,0.0,100,0.0,0.0,0.0,0.0,0.0,0,0,0,0,0.0,0,0,0,0,0,0,0,0,0,0,0,0,0,0,0,0,0,0,0,0,0,0,0,0,0,0,0,0,0,0,0,0,0,31,40,40,71,65476,0,300,0,0,8,21553,0.0,-107605600.0,0.0,0.0,0.0,0.0,0.0,0.0,0.0,0.0,0.0,0.0,0.0,0.0,0.0,0.0,0.0,0.0,0.0,0.0,0.0,0.0,0.0,-2.004,-2.004,0.0,0.0,0.0,0.0,0.0,6224.0,-0.0,6936.0,2.718430741444032e+23,2.7184312818759872e+23,-0.0,2.718430741444032e+23,0.0,0.0,0.0,0.0,69,-71.63,89220.945,0.0,0.0,0.0,0.0,0.0,0.0,0.0,0,0,0,0.0,0.0,0.0,0.0,0.0,0.0,0.0,0.0,0.0,0.0,0.0,0.0,0.0,0.0,0.0,0.0,0,-107875648.0,69,0.0,138,0.0,-109447200.0,0,13107,17040,39322,17049,13107,17043,0,0,0,70,68,100,2.7302359370752657e+23,71.2,2.7302370179391762e+23,74.2,2.7302370179391762e+23,74.0,1,49,50,180,13107,0,0,0,0.0,0.0,0.0,0.0,-0.0,67.0,0.0,162057.094,0.0,751,0,740,0,0,0,721,0,768,0,736,0,743,0,742,0,712,0,7520,0.032,107911053312.0,0.0,0.0,784,16797,-0.0,162057.094,-114818.039,-0.0,0.133,6.909358625270745e+28,30.0,65.0,35,0.0,0.0,0.0,0.0,0.0,0.0,0.0,0.0,0.0,0.0,0.0,0.0,0.0,0.0,0.0,0.0,69.2,0,150,71,55,65476,0,300,0,1,8,20529,65476,0,0,40632,65.0,0.0,0.0,0.0,0.0,0.0
2026-09-04T20:05:18,ERR,ERR,ERR,ERR,ERR,ERR,ERR,ERR,ERR,ERR,ERR,ERR,ERR,ERR,ERR,ERR,ERR,ERR,ERR,ERR,ERR,ERR,ERR,ERR,ERR,ERR,ERR,ERR,ERR,ERR,ERR,ERR,ERR,ERR,ERR,ERR,ERR,ERR,ERR,ERR,ERR,ERR,ERR,ERR,ERR,ERR,ERR,ERR,ERR,ERR,ERR,ERR,ERR,ERR,ERR,ERR,ERR,ERR,ERR,ERR,ERR,ERR,ERR,ERR,ERR,ERR,ERR,ERR,ERR,ERR,ERR,ERR,ERR,ERR,ERR,ERR,ERR,ERR,ERR,ERR,ERR,ERR,ERR,ERR,ERR,ERR,ERR,ERR,ERR,ERR,ERR,ERR,ERR,ERR,ERR,ERR,ERR,ERR,ERR,ERR,ERR,ERR,ERR,ERR,ERR,ERR,ERR,ERR,ERR,ERR,ERR,ERR,ERR,ERR,ERR,ERR,ERR,ERR,ERR,ERR,ERR,ERR,ERR,ERR,ERR,2.718430741444032e+23,2.7184312818759872e+23,0.0,0.0,0.0,1.3936040501711995e+18,7.805,0.0,0,0,4,0,7116,0.0,100,0.0,0.0,0.0,0.0,0.0,0,0,0,0,0.0,0,0,0,0,0,0,0,0,0,0,0,0,0,0,0,0,0,0,0,0,0,0,0,0,0,0,0,0,0,0,0,0,0,31,40,40,71,65476,0,300,0,0,8,21553,0.0,-107605600.0,0.0,0.0,0.0,0.0,0.0,0.0,0.0,0.0,0.0,0.0,0.0,0.0,0.0,0.0,0.0,0.0,0.0,0.0,0.0,0.0,0.0,-2.004,-2.004,0.0,0.0,0.0,0.0,0.0,6224.0,-0.0,6936.0,2.718430741444032e+23,2.7184312818759872e+23,-0.0,2.718430741444032e+23,0.0,0.0,0.0,0.0,69,-71.63,89220.945,0.0,0.0,0.0,0.0,0.0,0.0,0.0,0,0,0,0.0,0.0,0.0,0.0,0.0,0.0,0.0,0.0,0.0,0.0,0.0,0.0,0.0,0.0,0.0,0.0,0,-107875648.0,69,0.0,138,0.0,-109447200.0,0,13107,17040,39322,17049,13107,17043,0,0,0,70,68,100,2.7302359370752657e+23,71.2,2.7302370179391762e+23,74.2,2.7302370179391762e+23,74.0,1,49,50,180,13107,0,0,0,0.0,0.0,0.0,0.0,-0.0,67.0,0.0,162057.094,0.0,751,0,740,0,0,0,721,0,768,0,736,0,743,0,742,0,712,0,7520,0.032,107911053312.0,0.0,0.0,784,16797,-0.0,162057.094,-114818.039,-0.0,0.133,6.909358625270745e+28,30.0,65.0,35,0.0,0.0,0.0,0.0,0.0,0.0,0.0,0.0,0.0,0.0,0.0,0.0,0.0,0.0,0.0,0.0,69.2,0,150,71,55,65476,0,300,0,1,8,20529,65476,0,0,40632,65.0,0.0,0.0,0.0,0.0,0.0
2026-09-04T20:05:19,ERR,ERR,ERR,ERR,ERR,ERR,ERR,ERR,ERR,ERR,ERR,ERR,ERR,ERR,ERR,ERR,ERR,ERR,ERR,ERR,ERR,ERR,ERR,ERR,ERR,ERR,ERR,ERR,ERR,ERR,ERR,ERR,ERR,ERR,ERR,ERR,ERR,ERR,ERR,ERR,ERR,ERR,ERR,ERR,ERR,ERR,ERR,ERR,ERR,ERR,ERR,ERR,ERR,ERR,ERR,ERR,ERR,ERR,ERR,ERR,ERR,ERR,ERR,ERR,ERR,ERR,ERR,ERR,ERR,ERR,ERR,ERR,ERR,ERR,ERR,ERR,ERR,ERR,ERR,ERR,ERR,ERR,ERR,ERR,ERR,ERR,ERR,ERR,ERR,ERR,ERR,ERR,ERR,ERR,ERR,ERR,ERR,ERR,ERR,ERR,ERR,ERR,ERR,ERR,ERR,ERR,ERR,ERR,ERR,ERR,ERR,ERR,ERR,ERR,ERR,ERR,ERR,ERR,ERR,ERR,ERR,ERR,ERR,ERR,ERR,2.718430741444032e+23,2.7184312818759872e+23,0.0,0.0,0.0,1.3936040501711995e+18,7.805,0.0,0,0,4,0,7116,0.0,100,0.0,0.0,0.0,0.0,0.0,0,0,0,0,0.0,0,0,0,0,0,0,0,0,0,0,0,0,0,0,0,0,0,0,0,0,0,0,0,0,0,0,0,0,0,0,0,0,0,31,40,40,71,65476,0,300,0,0,8,21553,0.0,-107605600.0,0.0,0.0,0.0,0.0,0.0,0.0,0.0,0.0,0.0,0.0,0.0,0.0,0.0,0.0,0.0,0.0,0.0,0.0,0.0,0.0,0.0,-2.004,-2.004,0.0,0.0,0.0,0.0,0.0,6224.0,-0.0,6936.0,2.718430741444032e+23,2.7184312818759872e+23,-0.0,2.718430741444032e+23,0.0,0.0,0.0,0.0,69,-71.63,89220.945,0.0,0.0,0.0,0.0,0.0,0.0,0.0,0,0,0,0.0,0.0,0.0,0.0,0.0,0.0,0.0,0.0,0.0,0.0,0.0,0.0,0.0,0.0,0.0,0.0,0,-107875648.0,69,0.0,138,0.0,-109447200.0,0,13107,17040,39322,17049,13107,17043,0,0,0,70,68,100,2.7302359370752657e+23,71.2,2.7302370179391762e+23,74.2,2.7302370179391762e+23,74.0,1,49,50,180,13107,0,0,0,0.0,0.0,0.0,0.0,-0.0,67.0,0.0,162057.094,0.0,751,0,740,0,0,0,721,0,768,0,736,0,743,0,742,0,712,0,7520,0.032,107911053312.0,0.0,0.0,784,16797,-0.0,162057.094,-114818.039,-0.0,0.133,6.909358625270745e+28,30.0,65.0,35,0.0,0.0,0.0,0.0,0.0,0.0,0.0,0.0,0.0,0.0,0.0,0.0,0.0,0.0,0.0,0.0,69.2,0,150,71,55,65476,0,300,0,1,8,20529,65476,0,0,40632,65.0,0.0,0.0,0.0,0.0,0.0
2026-09-04T20:05:20,ERR,ERR,ERR,ERR,ERR,ERR,ERR,ERR,ERR,ERR,ERR,ERR,ERR,ERR,ERR,ERR,ERR,ERR,ERR,ERR,ERR,ERR,ERR,ERR,ERR,ERR,ERR,ERR,ERR,ERR,ERR,ERR,ERR,ERR,ERR,ERR,ERR,ERR,ERR,ERR,ERR,ERR,ERR,ERR,ERR,ERR,ERR,ERR,ERR,ERR,ERR,ERR,ERR,ERR,ERR,ERR,ERR,ERR,ERR,ERR,ERR,ERR,ERR,ERR,ERR,ERR,ERR,ERR,ERR,ERR,ERR,ERR,ERR,ERR,ERR,ERR,ERR,ERR,ERR,ERR,ERR,ERR,ERR,ERR,ERR,ERR,ERR,ERR,ERR,ERR,ERR,ERR,ERR,ERR,ERR,ERR,ERR,ERR,ERR,ERR,ERR,ERR,ERR,ERR,ERR,ERR,ERR,ERR,ERR,ERR,ERR,ERR,ERR,ERR,ERR,ERR,ERR,ERR,ERR,ERR,ERR,ERR,ERR,ERR,ERR,2.718430741444032e+23,2.7184312818759872e+23,0.0,0.0,0.0,1.3936040501711995e+18,7.805,0.0,0,0,4,0,7116,0.0,100,0.0,0.0,0.0,0.0,0.0,0,0,0,0,0.0,0,0,0,0,0,0,0,0,0,0,0,0,0,0,0,0,0,0,0,0,0,0,0,0,0,0,0,0,0,0,0,0,0,31,40,40,71,65476,0,300,0,0,8,21553,0.0,-107605600.0,0.0,0.0,0.0,0.0,0.0,0.0,0.0,0.0,0.0,0.0,0.0,0.0,0.0,0.0,0.0,0.0,0.0,0.0,0.0,0.0,0.0,-2.004,-2.004,0.0,0.0,0.0,0.0,0.0,6252.0,131351.047,6921.0,2.718430741444032e+23,2.7184312818759872e+23,-0.0,2.718430741444032e+23,0.0,0.0,0.0,0.0,69,-0.0,0.0,0.0,0.0,0.0,0.0,0.0,0.0,0.0,0,0,0,0.0,0.0,0.0,0.0,0.0,0.0,0.0,0.0,0.0,0.0,0.0,0.0,0.0,0.0,0.0,0.0,0,-107875648.0,69,0.0,138,0.0,-109447200.0,0,13107,17040,39322,17049,13107,17043,0,0,0,70,68,100,2.7302359370752657e+23,71.2,2.7302370179391762e+23,74.2,2.7302370179391762e+23,74.0,1,49,50,180,13107,0,0,0,0.0,0.0,0.0,0.0,-0.0,67.0,0.0,162057.094,0.0,751,0,740,0,0,0,721,0,768,0,736,0,743,0,742,0,712,0,7520,0.032,107911053312.0,0.0,0.0,784,16797,-0.0,162057.094,-114818.039,-0.0,0.133,6.909358625270745e+28,30.0,65.0,35,0.0,0.0,0.0,0.0,0.0,0.0,0.0,0.0,0.0,0.0,0.0,0.0,0.0,0.0,0.0,0.0,69.2,0,150,71,55,65476,0,300,0,1,8,20529,65476,0,0,40632,65.0,0.0,0.0,0.0,0.0,0.0
2026-09-04T20:05:21,ERR,ERR,ERR,ERR,ERR,ERR,ERR,ERR,ERR,ERR,ERR,ERR,ERR,ERR,ERR,ERR,ERR,ERR,ERR,ERR,ERR,ERR,ERR,ERR,ERR,ERR,ERR,ERR,ERR,ERR,ERR,ERR,ERR,ERR,ERR,ERR,ERR,ERR,ERR,ERR,ERR,ERR,ERR,ERR,ERR,ERR,ERR,ERR,ERR,ERR,ERR,ERR,ERR,ERR,ERR,ERR,ERR,ERR,ERR,ERR,ERR,ERR,ERR,ERR,ERR,ERR,ERR,ERR,ERR,ERR,ERR,ERR,ERR,ERR,ERR,ERR,ERR,ERR,ERR,ERR,ERR,ERR,ERR,ERR,ERR,ERR,ERR,ERR,ERR,ERR,ERR,ERR,ERR,ERR,ERR,ERR,ERR,ERR,ERR,ERR,ERR,ERR,ERR,ERR,ERR,ERR,ERR,ERR,ERR,ERR,ERR,ERR,ERR,ERR,ERR,ERR,ERR,ERR,ERR,ERR,ERR,ERR,ERR,ERR,ERR,2.718430741444032e+23,2.7184312818759872e+23,0.0,0.0,0.0,1.3936040501711995e+18,7.805,0.0,0,0,4,0,7116,0.0,100,0.0,0.0,0.0,0.0,0.0,0,0,0,0,0.0,0,0,0,0,0,0,0,0,0,0,0,0,0,0,0,0,0,0,0,0,0,0,0,0,0,0,0,0,0,0,0,0,0,31,40,40,71,65476,0,300,0,0,8,21553,0.0,-107605600.0,0.0,0.0,0.0,0.0,0.0,0.0,0.0,0.0,0.0,0.0,0.0,0.0,0.0,0.0,0.0,0.0,0.0,0.0,0.0,0.0,0.0,-2.004,-2.004,0.0,0.0,0.0,0.0,0.0,6252.0,131351.047,6921.0,2.718430741444032e+23,2.7184312818759872e+23,-0.0,2.718430741444032e+23,0.0,0.0,0.0,0.0,69,-0.0,0.0,0.0,0.0,0.0,0.0,0.0,0.0,0.0,0,0,0,0.0,0.0,0.0,0.0,0.0,0.0,0.0,0.0,0.0,0.0,0.0,0.0,0.0,0.0,0.0,0.0,0,-107875648.0,69,0.0,138,0.0,-109447200.0,0,13107,17040,39322,17049,13107,17043,0,0,0,70,68,100,2.7302359370752657e+23,71.2,2.7302370179391762e+23,74.2,2.7302370179391762e+23,74.0,1,49,50,180,13107,0,0,0,0.0,0.0,0.0,0.0,-0.0,67.0,0.0,162057.094,0.0,751,0,740,0,0,0,721,0,768,0,737,0,743,0,742,0,712,0,7520,0.032,107911053312.0,0.0,0.0,784,16797,-0.0,162057.094,-114818.039,-0.0,0.133,6.909358625270745e+28,30.0,65.0,35,0.0,0.0,0.0,0.0,0.0,0.0,0.0,0.0,0.0,0.0,0.0,0.0,0.0,0.0,0.0,0.0,69.2,0,150,71,55,65476,0,300,0,1,8,20529,65476,0,0,40632,65.0,0.0,0.0,0.0,0.0,0.0
2026-09-04T20:05:22,ERR,ERR,ERR,ERR,ERR,ERR,ERR,ERR,ERR,ERR,ERR,ERR,ERR,ERR,ERR,ERR,ERR,ERR,ERR,ERR,ERR,ERR,ERR,ERR,ERR,ERR,ERR,ERR,ERR,ERR,ERR,ERR,ERR,ERR,ERR,ERR,ERR,ERR,ERR,ERR,ERR,ERR,ERR,ERR,ERR,ERR,ERR,ERR,ERR,ERR,ERR,ERR,ERR,ERR,ERR,ERR,ERR,ERR,ERR,ERR,ERR,ERR,ERR,ERR,ERR,ERR,ERR,ERR,ERR,ERR,ERR,ERR,ERR,ERR,ERR,ERR,ERR,ERR,ERR,ERR,ERR,ERR,ERR,ERR,ERR,ERR,ERR,ERR,ERR,ERR,ERR,ERR,ERR,ERR,ERR,ERR,ERR,ERR,ERR,ERR,ERR,ERR,ERR,ERR,ERR,ERR,ERR,ERR,ERR,ERR,ERR,ERR,ERR,ERR,ERR,ERR,ERR,ERR,ERR,ERR,ERR,ERR,ERR,ERR,ERR,2.718430741444032e+23,2.7184312818759872e+23,0.0,0.0,0.0,1.3936040501711995e+18,7.805,0.0,0,0,4,0,7116,0.0,100,0.0,0.0,0.0,0.0,0.0,0,0,0,0,0.0,0,0,0,0,0,0,0,0,0,0,0,0,0,0,0,0,0,0,0,0,0,0,0,0,0,0,0,0,0,0,0,0,0,31,40,40,71,65476,0,300,0,0,8,21553,0.0,-107605600.0,0.0,0.0,0.0,0.0,0.0,0.0,0.0,0.0,0.0,0.0,0.0,0.0,0.0,0.0,0.0,0.0,0.0,0.0,0.0,0.0,0.0,-2.004,-2.004,0.0,0.0,0.0,0.0,0.0,6252.0,131351.047,6921.0,2.718430741444032e+23,2.7184312818759872e+23,-0.0,2.718430741444032e+23,0.0,0.0,0.0,0.0,69,-0.0,0.0,0.0,0.0,0.0,0.0,0.0,0.0,0.0,0,0,0,0.0,0.0,0.0,0.0,0.0,0.0,0.0,0.0,0.0,0.0,0.0,0.0,0.0,0.0,0.0,0.0,0,-107875648.0,69,0.0,138,0.0,-109447200.0,0,13107,17040,39322,17049,13107,17043,0,0,0,70,68,100,2.7302359370752657e+23,71.2,2.7302370179391762e+23,74.2,2.7302370179391762e+23,74.0,1,49,50,180,13107,0,0,0,0.0,0.0,0.0,0.0,-0.0,67.0,0.0,162057.094,0.0,751,0,740,0,0,0,721,0,768,0,737,0,743,0,742,0,712,0,7520,0.032,107911053312.0,0.0,0.0,784,16797,-0.0,162057.094,-114818.039,-0.0,0.133,6.909358625270745e+28,30.0,65.0,35,0.0,0.0,0.0,0.0,0.0,0.0,0.0,0.0,0.0,0.0,0.0,0.0,0.0,0.0,0.0,0.0,69.2,0,150,71,55,65476,0,300,0,1,8,20529,65476,0,0,40632,65.0,0.0,0.0,0.0,0.0,0.0
2026-09-04T20:05:23,ERR,ERR,ERR,ERR,ERR,ERR,ERR,ERR,ERR,ERR,ERR,ERR,ERR,ERR,ERR,ERR,ERR,ERR,ERR,ERR,ERR,ERR,ERR,ERR,ERR,ERR,ERR,ERR,ERR,ERR,ERR,ERR,ERR,ERR,ERR,ERR,ERR,ERR,ERR,ERR,ERR,ERR,ERR,ERR,ERR,ERR,ERR,ERR,ERR,ERR,ERR,ERR,ERR,ERR,ERR,ERR,ERR,ERR,ERR,ERR,ERR,ERR,ERR,ERR,ERR,ERR,ERR,ERR,ERR,ERR,ERR,ERR,ERR,ERR,ERR,ERR,ERR,ERR,ERR,ERR,ERR,ERR,ERR,ERR,ERR,ERR,ERR,ERR,ERR,ERR,ERR,ERR,ERR,ERR,ERR,ERR,ERR,ERR,ERR,ERR,ERR,ERR,ERR,ERR,ERR,ERR,ERR,ERR,ERR,ERR,ERR,ERR,ERR,ERR,ERR,ERR,ERR,ERR,ERR,ERR,ERR,ERR,ERR,ERR,ERR,2.718430741444032e+23,2.7184312818759872e+23,0.0,0.0,0.0,1.3936040501711995e+18,7.805,0.0,0,0,4,0,7116,0.0,100,0.0,0.0,0.0,0.0,0.0,0,0,0,0,0.0,0,0,0,0,0,0,0,0,0,0,0,0,0,0,0,0,0,0,0,0,0,0,0,0,0,0,0,0,0,0,0,0,0,31,40,40,71,65476,0,300,0,0,8,21553,0.0,-107605600.0,0.0,0.0,0.0,0.0,0.0,0.0,0.0,0.0,0.0,0.0,0.0,0.0,0.0,0.0,0.0,0.0,0.0,0.0,0.0,0.0,0.0,-2.004,-2.004,0.0,0.0,0.0,0.0,0.0,6252.0,131351.047,6921.0,2.718430741444032e+23,2.7184312818759872e+23,-0.0,2.718430741444032e+23,0.0,0.0,0.0,0.0,69,-0.0,0.0,0.0,0.0,0.0,0.0,0.0,0.0,0.0,0,0,0,0.0,0.0,0.0,0.0,0.0,0.0,0.0,0.0,0.0,0.0,0.0,0.0,0.0,0.0,0.0,0.0,0,-107875648.0,69,0.0,138,0.0,-109447200.0,0,13107,17040,39322,17049,13107,17043,0,0,0,70,68,100,2.7302359370752657e+23,71.2,2.7302370179391762e+23,74.2,2.7302370179391762e+23,74.0,1,49,50,180,13107,0,0,0,0.0,0.0,0.0,0.0,-0.0,67.0,0.0,162057.094,0.0,751,0,740,0,0,0,721,0,768,0,737,0,743,0,742,0,712,0,7520,0.032,107911053312.0,0.0,0.0,784,16797,-0.0,162057.094,-114818.039,-0.0,0.133,6.909358625270745e+28,30.0,65.0,35,0.0,0.0,0.0,0.0,0.0,0.0,0.0,0.0,0.0,0.0,0.0,0.0,0.0,0.0,0.0,0.0,69.2,0,150,71,55,65476,0,300,0,1,8,20529,65476,0,0,40632,65.0,0.0,0.0,0.0,0.0,0.0
2026-09-04T20:05:24,ERR,ERR,ERR,ERR,ERR,ERR,ERR,ERR,ERR,ERR,ERR,ERR,ERR,ERR,ERR,ERR,ERR,ERR,ERR,ERR,ERR,ERR,ERR,ERR,ERR,ERR,ERR,ERR,ERR,ERR,ERR,ERR,ERR,ERR,ERR,ERR,ERR,ERR,ERR,ERR,ERR,ERR,ERR,ERR,ERR,ERR,ERR,ERR,ERR,ERR,ERR,ERR,ERR,ERR,ERR,ERR,ERR,ERR,ERR,ERR,ERR,ERR,ERR,ERR,ERR,ERR,ERR,ERR,ERR,ERR,ERR,ERR,ERR,ERR,ERR,ERR,ERR,ERR,ERR,ERR,ERR,ERR,ERR,ERR,ERR,ERR,ERR,ERR,ERR,ERR,ERR,ERR,ERR,ERR,ERR,ERR,ERR,ERR,ERR,ERR,ERR,ERR,ERR,ERR,ERR,ERR,ERR,ERR,ERR,ERR,ERR,ERR,ERR,ERR,ERR,ERR,ERR,ERR,ERR,ERR,ERR,ERR,ERR,ERR,ERR,2.718430741444032e+23,2.7184312818759872e+23,0.0,0.0,0.0,1.3936040501711995e+18,7.805,0.0,0,0,4,0,7116,0.0,100,0.0,0.0,0.0,0.0,0.0,0,0,0,0,0.0,0,0,0,0,0,0,0,0,0,0,0,0,0,0,0,0,0,0,0,0,0,0,0,0,0,0,0,0,0,0,0,0,0,31,40,40,71,65476,0,300,0,0,8,21553,0.0,-107605600.0,0.0,0.0,0.0,0.0,0.0,0.0,0.0,0.0,0.0,0.0,0.0,0.0,0.0,0.0,0.0,0.0,0.0,0.0,0.0,0.0,0.0,-2.004,-2.004,0.0,0.0,0.0,0.0,0.0,6252.0,131351.047,6921.0,2.718430741444032e+23,2.7184312818759872e+23,-0.0,2.718430741444032e+23,0.0,0.0,0.0,0.0,69,-0.0,0.0,0.0,0.0,0.0,0.0,0.0,0.0,0.0,0,0,0,0.0,0.0,0.0,0.0,0.0,0.0,0.0,0.0,0.0,0.0,0.0,0.0,0.0,0.0,0.0,0.0,0,-107875648.0,69,0.0,138,0.0,-109447200.0,0,13107,17040,39322,17049,13107,17043,0,0,0,70,68,100,2.7302359370752657e+23,71.2,2.7302370179391762e+23,74.2,2.7302370179391762e+23,74.0,1,49,50,180,13107,0,0,0,0.0,0.0,0.0,0.0,-0.0,67.0,0.0,162057.094,0.0,751,0,740,0,0,0,721,0,768,0,737,0,743,0,742,0,712,0,7520,0.032,107911053312.0,0.0,0.0,784,16797,-0.0,162057.094,-114818.039,-0.0,0.133,6.909358625270745e+28,30.0,65.0,35,0.0,0.0,0.0,0.0,0.0,0.0,0.0,0.0,0.0,0.0,0.0,0.0,0.0,0.0,0.0,0.0,69.2,0,150,71,55,65476,0,300,0,1,8,20529,65476,0,0,40632,65.0,0.0,0.0,0.0,0.0,0.0
2026-09-04T20:05:25,ERR,ERR,ERR,ERR,ERR,ERR,ERR,ERR,ERR,ERR,ERR,ERR,ERR,ERR,ERR,ERR,ERR,ERR,ERR,ERR,ERR,ERR,ERR,ERR,ERR,ERR,ERR,ERR,ERR,ERR,ERR,ERR,ERR,ERR,ERR,ERR,ERR,ERR,ERR,ERR,ERR,ERR,ERR,ERR,ERR,ERR,ERR,ERR,ERR,ERR,ERR,ERR,ERR,ERR,ERR,ERR,ERR,ERR,ERR,ERR,ERR,ERR,ERR,ERR,ERR,ERR,ERR,ERR,ERR,ERR,ERR,ERR,ERR,ERR,ERR,ERR,ERR,ERR,ERR,ERR,ERR,ERR,ERR,ERR,ERR,ERR,ERR,ERR,ERR,ERR,ERR,ERR,ERR,ERR,ERR,ERR,ERR,ERR,ERR,ERR,ERR,ERR,ERR,ERR,ERR,ERR,ERR,ERR,ERR,ERR,ERR,ERR,ERR,ERR,ERR,ERR,ERR,ERR,ERR,ERR,ERR,ERR,ERR,ERR,ERR,2.718430741444032e+23,2.7184312818759872e+23,0.0,0.0,0.0,1.3936040501711995e+18,7.805,0.0,0,0,4,0,7116,0.0,100,0.0,0.0,0.0,0.0,0.0,0,0,0,0,0.0,0,0,0,0,0,0,0,0,0,0,0,0,0,0,0,0,0,0,0,0,0,0,0,0,0,0,0,0,0,0,0,0,0,31,40,40,71,65476,0,300,0,0,8,21553,0.0,-107605600.0,0.0,0.0,0.0,0.0,0.0,0.0,0.0,0.0,0.0,0.0,0.0,0.0,0.0,0.0,0.0,0.0,0.0,0.0,0.0,0.0,0.0,-2.004,-2.004,0.0,0.0,0.0,0.0,0.0,6252.0,131351.047,6921.0,2.718430741444032e+23,2.7184312818759872e+23,-0.0,2.718430741444032e+23,0.0,0.0,0.0,0.0,69,-0.0,0.0,0.0,0.0,0.0,0.0,0.0,0.0,0.0,0,0,0,0.0,0.0,0.0,0.0,0.0,0.0,0.0,0.0,0.0,0.0,0.0,0.0,0.0,0.0,0.0,0.0,0,-107875648.0,69,0.0,138,0.0,-109447200.0,0,13107,17040,39322,17049,13107,17043,0,0,0,70,68,100,2.7302359370752657e+23,71.2,2.7302370179391762e+23,74.2,2.7302370179391762e+23,74.0,1,49,50,180,13107,0,0,0,0.0,0.0,0.0,0.0,-0.0,67.0,0.0,162057.094,0.0,751,0,740,0,0,0,721,0,768,0,737,0,743,0,742,0,712,0,7520,0.032,107911053312.0,0.0,0.0,784,16797,-0.0,162057.094,-114818.039,-0.0,0.133,6.909358625270745e+28,30.0,65.0,35,0.0,0.0,0.0,0.0,0.0,0.0,0.0,0.0,0.0,0.0,0.0,0.0,0.0,0.0,0.0,0.0,69.2,0,150,71,55,65476,0,300,0,1,8,20529,65476,0,0,40632,65.0,0.0,0.0,0.0,0.0,0.0
2026-09-04T20:05:26,ERR,ERR,ERR,ERR,ERR,ERR,ERR,ERR,ERR,ERR,ERR,ERR,ERR,ERR,ERR,ERR,ERR,ERR,ERR,ERR,ERR,ERR,ERR,ERR,ERR,ERR,ERR,ERR,ERR,ERR,ERR,ERR,ERR,ERR,ERR,ERR,ERR,ERR,ERR,ERR,ERR,ERR,ERR,ERR,ERR,ERR,ERR,ERR,ERR,ERR,ERR,ERR,ERR,ERR,ERR,ERR,ERR,ERR,ERR,ERR,ERR,ERR,ERR,ERR,ERR,ERR,ERR,ERR,ERR,ERR,ERR,ERR,ERR,ERR,ERR,ERR,ERR,ERR,ERR,ERR,ERR,ERR,ERR,ERR,ERR,ERR,ERR,ERR,ERR,ERR,ERR,ERR,ERR,ERR,ERR,ERR,ERR,ERR,ERR,ERR,ERR,ERR,ERR,ERR,ERR,ERR,ERR,ERR,ERR,ERR,ERR,ERR,ERR,ERR,ERR,ERR,ERR,ERR,ERR,ERR,ERR,ERR,ERR,ERR,ERR,2.718430741444032e+23,2.7184312818759872e+23,0.0,0.0,0.0,1.3936040501711995e+18,7.805,0.0,0,0,4,0,7116,0.0,100,0.0,0.0,0.0,0.0,0.0,0,0,0,0,0.0,0,0,0,0,0,0,0,0,0,0,0,0,0,0,0,0,0,0,0,0,0,0,0,0,0,0,0,0,0,0,0,0,0,31,40,40,71,65476,0,300,0,0,8,21553,0.0,-107605600.0,0.0,0.0,0.0,0.0,0.0,0.0,0.0,0.0,0.0,0.0,0.0,0.0,0.0,0.0,0.0,0.0,0.0,0.0,0.0,0.0,0.0,-2.004,-2.004,0.0,0.0,0.0,0.0,0.0,6256.0,1.5879367200059895e+29,6926.0,2.718430741444032e+23,2.7184312818759872e+23,-0.0,2.718430741444032e+23,0.0,0.0,0.0,0.0,69,-0.0,0.0,0.0,0.0,0.0,0.0,0.0,0.0,0.0,0,0,0,0.0,0.0,0.0,0.0,0.0,0.0,0.0,0.0,0.0,0.0,0.0,0.0,0.0,0.0,0.0,0.0,0,-107875648.0,69,0.0,138,0.0,-109447200.0,0,13107,17040,39322,17049,13107,17043,0,0,0,70,68,100,-0.0,70.7,2.7302370179391762e+23,74.3,-0.0,74.0,1,49,50,180,13107,0,0,0,0.0,0.0,0.0,0.0,-0.0,67.0,0.0,162057.094,0.0,751,0,740,0,0,0,721,0,768,0,736,0,743,0,742,0,712,0,7520,0.032,108447924224.0,0.0,0.0,784,16797,-0.0,162057.094,-114818.039,-0.0,0.133,6.909358625270745e+28,30.0,65.0,35,0.0,0.0,0.0,0.0,0.0,0.0,0.0,0.0,0.0,0.0,0.0,0.0,0.0,0.0,0.0,0.0,69.2,0,150,71,55,65476,0,300,0,1,8,20529,65476,0,0,40632,65.0,0.0,0.0,0.0,0.0,0.0
2026-09-04T20:05:27,ERR,ERR,ERR,ERR,ERR,ERR,ERR,ERR,ERR,ERR,ERR,ERR,ERR,ERR,ERR,ERR,ERR,ERR,ERR,ERR,ERR,ERR,ERR,ERR,ERR,ERR,ERR,ERR,ERR,ERR,ERR,ERR,ERR,ERR,ERR,ERR,ERR,ERR,ERR,ERR,ERR,ERR,ERR,ERR,ERR,ERR,ERR,ERR,ERR,ERR,ERR,ERR,ERR,ERR,ERR,ERR,ERR,ERR,ERR,ERR,ERR,ERR,ERR,ERR,ERR,ERR,ERR,ERR,ERR,ERR,ERR,ERR,ERR,ERR,ERR,ERR,ERR,ERR,ERR,ERR,ERR,ERR,ERR,ERR,ERR,ERR,ERR,ERR,ERR,ERR,ERR,ERR,ERR,ERR,ERR,ERR,ERR,ERR,ERR,ERR,ERR,ERR,ERR,ERR,ERR,ERR,ERR,ERR,ERR,ERR,ERR,ERR,ERR,ERR,ERR,ERR,ERR,ERR,ERR,ERR,ERR,ERR,ERR,ERR,ERR,2.718430741444032e+23,2.7184312818759872e+23,0.0,0.0,0.0,1.3936040501711995e+18,7.805,0.0,0,0,4,0,7116,0.0,100,0.0,0.0,0.0,0.0,0.0,0,0,0,0,0.0,0,0,0,0,0,0,0,0,0,0,0,0,0,0,0,0,0,0,0,0,0,0,0,0,0,0,0,0,0,0,0,0,0,31,40,40,71,65476,0,300,0,0,8,21553,0.0,-107605600.0,0.0,0.0,0.0,0.0,0.0,0.0,0.0,0.0,0.0,0.0,0.0,0.0,0.0,0.0,0.0,0.0,0.0,0.0,0.0,0.0,0.0,-2.004,-2.004,0.0,0.0,0.0,0.0,0.0,6256.0,1.5879367200059895e+29,6926.0,2.718430741444032e+23,2.7184312818759872e+23,-0.0,2.718430741444032e+23,0.0,0.0,0.0,0.0,69,-0.0,0.0,0.0,0.0,0.0,0.0,0.0,0.0,0.0,0,0,0,0.0,0.0,0.0,0.0,0.0,0.0,0.0,0.0,0.0,0.0,0.0,0.0,0.0,0.0,0.0,0.0,0,-107875648.0,69,0.0,138,0.0,-109447200.0,0,13107,17040,39322,17049,13107,17043,0,0,0,70,68,100,-0.0,70.7,2.7302370179391762e+23,74.3,-0.0,74.0,1,49,50,180,13107,0,0,0,0.0,0.0,0.0,0.0,-0.0,67.0,0.0,162057.094,0.0,751,0,740,0,0,0,721,0,768,0,736,0,743,0,742,0,712,0,7520,0.032,108447924224.0,0.0,0.0,784,16797,-0.0,162057.094,-114818.039,-0.0,0.133,6.909358625270745e+28,30.0,65.0,35,0.0,0.0,0.0,0.0,0.0,0.0,0.0,0.0,0.0,0.0,0.0,0.0,0.0,0.0,0.0,0.0,69.2,0,150,71,55,65476,0,300,0,1,8,20529,65476,0,0,40632,65.0,0.0,0.0,0.0,0.0,0.0
2026-09-04T20:05:28,ERR,ERR,ERR,ERR,ERR,ERR,ERR,ERR,ERR,ERR,ERR,ERR,ERR,ERR,ERR,ERR,ERR,ERR,ERR,ERR,ERR,ERR,ERR,ERR,ERR,ERR,ERR,ERR,ERR,ERR,ERR,ERR,ERR,ERR,ERR,ERR,ERR,ERR,ERR,ERR,ERR,ERR,ERR,ERR,ERR,ERR,ERR,ERR,ERR,ERR,ERR,ERR,ERR,ERR,ERR,ERR,ERR,ERR,ERR,ERR,ERR,ERR,ERR,ERR,ERR,ERR,ERR,ERR,ERR,ERR,ERR,ERR,ERR,ERR,ERR,ERR,ERR,ERR,ERR,ERR,ERR,ERR,ERR,ERR,ERR,ERR,ERR,ERR,ERR,ERR,ERR,ERR,ERR,ERR,ERR,ERR,ERR,ERR,ERR,ERR,ERR,ERR,ERR,ERR,ERR,ERR,ERR,ERR,ERR,ERR,ERR,ERR,ERR,ERR,ERR,ERR,ERR,ERR,ERR,ERR,ERR,ERR,ERR,ERR,ERR,2.718430741444032e+23,2.7184312818759872e+23,0.0,0.0,0.0,1.3936040501711995e+18,7.805,0.0,0,0,4,0,7116,0.0,100,0.0,0.0,0.0,0.0,0.0,0,0,0,0,0.0,0,0,0,0,0,0,0,0,0,0,0,0,0,0,0,0,0,0,0,0,0,0,0,0,0,0,0,0,0,0,0,0,0,31,40,40,71,65476,0,300,0,0,8,21553,0.0,-107605600.0,0.0,0.0,0.0,0.0,0.0,0.0,0.0,0.0,0.0,0.0,0.0,0.0,0.0,0.0,0.0,0.0,0.0,0.0,0.0,0.0,0.0,-2.004,-2.004,0.0,0.0,0.0,0.0,0.0,6256.0,1.5879367200059895e+29,6926.0,2.718430741444032e+23,2.7184312818759872e+23,-0.0,2.718430741444032e+23,0.0,0.0,0.0,0.0,69,-0.0,0.0,0.0,0.0,0.0,0.0,0.0,0.0,0.0,0,0,0,0.0,0.0,0.0,0.0,0.0,0.0,0.0,0.0,0.0,0.0,0.0,0.0,0.0,0.0,0.0,0.0,0,-107875648.0,69,0.0,138,0.0,-109447200.0,0,13107,17040,39322,17049,13107,17043,0,0,0,70,68,100,-0.0,70.7,2.7302370179391762e+23,74.3,-0.0,74.0,1,49,50,180,13107,0,0,0,0.0,0.0,0.0,0.0,-0.0,67.0,0.0,162057.094,0.0,751,0,740,0,0,0,721,0,768,0,736,0,743,0,742,0,712,0,7520,0.032,108447924224.0,0.0,0.0,784,16797,-0.0,162057.094,-114818.039,-0.0,0.133,6.909358625270745e+28,30.0,65.0,35,0.0,0.0,0.0,0.0,0.0,0.0,0.0,0.0,0.0,0.0,0.0,0.0,0.0,0.0,0.0,0.0,69.2,0,150,71,55,65476,0,300,0,1,8,20529,65476,0,0,40632,65.0,0.0,0.0,0.0,0.0,0.0
2026-09-04T20:05:29,ERR,ERR,ERR,ERR,ERR,ERR,ERR,ERR,ERR,ERR,ERR,ERR,ERR,ERR,ERR,ERR,ERR,ERR,ERR,ERR,ERR,ERR,ERR,ERR,ERR,ERR,ERR,ERR,ERR,ERR,ERR,ERR,ERR,ERR,ERR,ERR,ERR,ERR,ERR,ERR,ERR,ERR,ERR,ERR,ERR,ERR,ERR,ERR,ERR,ERR,ERR,ERR,ERR,ERR,ERR,ERR,ERR,ERR,ERR,ERR,ERR,ERR,ERR,ERR,ERR,ERR,ERR,ERR,ERR,ERR,ERR,ERR,ERR,ERR,ERR,ERR,ERR,ERR,ERR,ERR,ERR,ERR,ERR,ERR,ERR,ERR,ERR,ERR,ERR,ERR,ERR,ERR,ERR,ERR,ERR,ERR,ERR,ERR,ERR,ERR,ERR,ERR,ERR,ERR,ERR,ERR,ERR,ERR,ERR,ERR,ERR,ERR,ERR,ERR,ERR,ERR,ERR,ERR,ERR,ERR,ERR,ERR,ERR,ERR,ERR,2.718430741444032e+23,2.7184312818759872e+23,0.0,0.0,0.0,1.3936040501711995e+18,7.805,0.0,0,0,4,0,7116,0.0,100,0.0,0.0,0.0,0.0,0.0,0,0,0,0,0.0,0,0,0,0,0,0,0,0,0,0,0,0,0,0,0,0,0,0,0,0,0,0,0,0,0,0,0,0,0,0,0,0,0,31,40,40,71,65476,0,300,0,0,8,21553,0.0,-107605600.0,0.0,0.0,0.0,0.0,0.0,0.0,0.0,0.0,0.0,0.0,0.0,0.0,0.0,0.0,0.0,0.0,0.0,0.0,0.0,0.0,0.0,-2.004,-2.004,0.0,0.0,0.0,0.0,0.0,6256.0,1.5879367200059895e+29,6926.0,2.718430741444032e+23,2.7184312818759872e+23,-0.0,2.718430741444032e+23,0.0,0.0,0.0,0.0,69,-0.0,0.0,0.0,0.0,0.0,0.0,0.0,0.0,0.0,0,0,0,0.0,0.0,0.0,0.0,0.0,0.0,0.0,0.0,0.0,0.0,0.0,0.0,0.0,0.0,0.0,0.0,0,-107875648.0,69,0.0,138,0.0,-109447200.0,0,13107,17040,39322,17049,13107,17043,0,0,0,70,68,100,-0.0,70.7,2.7302370179391762e+23,74.3,-0.0,74.0,1,49,50,180,13107,0,0,0,0.0,0.0,0.0,0.0,-0.0,67.0,0.0,162057.094,0.0,751,0,740,0,0,0,721,0,768,0,736,0,743,0,742,0,712,0,7520,0.032,108447924224.0,0.0,0.0,784,16797,-0.0,162057.094,-114818.039,-0.0,0.133,6.909358625270745e+28,30.0,65.0,35,0.0,0.0,0.0,0.0,0.0,0.0,0.0,0.0,0.0,0.0,0.0,0.0,0.0,0.0,0.0,0.0,69.2,0,150,71,55,65476,0,300,0,1,8,20529,65476,0,0,40632,65.0,0.0,0.0,0.0,0.0,0.0
2026-09-04T20:05:30,ERR,ERR,ERR,ERR,ERR,ERR,ERR,ERR,ERR,ERR,ERR,ERR,ERR,ERR,ERR,ERR,ERR,ERR,ERR,ERR,ERR,ERR,ERR,ERR,ERR,ERR,ERR,ERR,ERR,ERR,ERR,ERR,ERR,ERR,ERR,ERR,ERR,ERR,ERR,ERR,ERR,ERR,ERR,ERR,ERR,ERR,ERR,ERR,ERR,ERR,ERR,ERR,ERR,ERR,ERR,ERR,ERR,ERR,ERR,ERR,ERR,ERR,ERR,ERR,ERR,ERR,ERR,ERR,ERR,ERR,ERR,ERR,ERR,ERR,ERR,ERR,ERR,ERR,ERR,ERR,ERR,ERR,ERR,ERR,ERR,ERR,ERR,ERR,ERR,ERR,ERR,ERR,ERR,ERR,ERR,ERR,ERR,ERR,ERR,ERR,ERR,ERR,ERR,ERR,ERR,ERR,ERR,ERR,ERR,ERR,ERR,ERR,ERR,ERR,ERR,ERR,ERR,ERR,ERR,ERR,ERR,ERR,ERR,ERR,ERR,2.718430741444032e+23,2.7184312818759872e+23,0.0,0.0,0.0,1.3936040501711995e+18,7.805,0.0,0,0,4,0,7116,0.0,100,0.0,0.0,0.0,0.0,0.0,0,0,0,0,0.0,0,0,0,0,0,0,0,0,0,0,0,0,0,0,0,0,0,0,0,0,0,0,0,0,0,0,0,0,0,0,0,0,0,31,40,40,71,65476,0,300,0,0,8,21553,0.0,-107605600.0,0.0,0.0,0.0,0.0,0.0,0.0,0.0,0.0,0.0,0.0,0.0,0.0,0.0,0.0,0.0,0.0,0.0,0.0,0.0,0.0,0.0,-2.004,-2.004,0.0,0.0,0.0,0.0,0.0,6256.0,1.5879367200059895e+29,6926.0,2.718430741444032e+23,2.7184312818759872e+23,-0.0,2.718430741444032e+23,0.0,0.0,0.0,0.0,69,-0.0,0.0,0.0,0.0,0.0,0.0,0.0,0.0,0.0,0,0,0,0.0,0.0,0.0,0.0,0.0,0.0,0.0,0.0,0.0,0.0,0.0,0.0,0.0,0.0,0.0,0.0,0,-107875648.0,69,0.0,138,0.0,-109447200.0,0,13107,17040,39322,17049,13107,17043,0,0,0,70,68,100,-0.0,70.7,2.7302370179391762e+23,74.3,-0.0,74.0,1,49,50,180,13107,0,0,0,0.0,0.0,0.0,0.0,-0.0,67.0,0.0,162057.094,0.0,751,0,740,0,0,0,721,0,768,0,736,0,743,0,742,0,712,0,7520,0.032,108447924224.0,0.0,0.0,784,16797,-0.0,162057.094,-114818.039,-0.0,0.133,6.909358625270745e+28,30.0,65.0,35,0.0,0.0,0.0,0.0,0.0,0.0,0.0,0.0,0.0,0.0,0.0,0.0,0.0,0.0,0.0,0.0,69.2,0,150,71,55,65476,0,300,0,1,8,20529,65476,0,0,40632,65.0,0.0,0.0,0.0,0.0,0.0
2026-09-04T20:05:31,ERR,ERR,ERR,ERR,ERR,ERR,ERR,ERR,ERR,ERR,ERR,ERR,ERR,ERR,ERR,ERR,ERR,ERR,ERR,ERR,ERR,ERR,ERR,ERR,ERR,ERR,ERR,ERR,ERR,ERR,ERR,ERR,ERR,ERR,ERR,ERR,ERR,ERR,ERR,ERR,ERR,ERR,ERR,ERR,ERR,ERR,ERR,ERR,ERR,ERR,ERR,ERR,ERR,ERR,ERR,ERR,ERR,ERR,ERR,ERR,ERR,ERR,ERR,ERR,ERR,ERR,ERR,ERR,ERR,ERR,ERR,ERR,ERR,ERR,ERR,ERR,ERR,ERR,ERR,ERR,ERR,ERR,ERR,ERR,ERR,ERR,ERR,ERR,ERR,ERR,ERR,ERR,ERR,ERR,ERR,ERR,ERR,ERR,ERR,ERR,ERR,ERR,ERR,ERR,ERR,ERR,ERR,ERR,ERR,ERR,ERR,ERR,ERR,ERR,ERR,ERR,ERR,ERR,ERR,ERR,ERR,ERR,ERR,ERR,ERR,2.718430741444032e+23,2.7184312818759872e+23,0.0,0.0,0.0,1.3936040501711995e+18,7.805,0.0,0,0,4,0,7116,0.0,100,0.0,0.0,0.0,0.0,0.0,0,0,0,0,0.0,0,0,0,0,0,0,0,0,0,0,0,0,0,0,0,0,0,0,0,0,0,0,0,0,0,0,0,0,0,0,0,0,0,31,40,40,71,65476,0,300,0,0,8,21553,0.0,-107605600.0,0.0,0.0,0.0,0.0,0.0,0.0,0.0,0.0,0.0,0.0,0.0,0.0,0.0,0.0,0.0,0.0,0.0,0.0,0.0,0.0,0.0,-2.004,-2.004,0.0,0.0,0.0,0.0,0.0,6256.0,1.5879367200059895e+29,6926.0,2.718430741444032e+23,2.7184312818759872e+23,-0.0,2.718430741444032e+23,0.0,0.0,0.0,0.0,69,-0.0,0.0,0.0,0.0,0.0,0.0,0.0,0.0,0.0,0,0,0,0.0,0.0,0.0,0.0,0.0,0.0,0.0,0.0,0.0,0.0,0.0,0.0,0.0,0.0,0.0,0.0,0,-107875648.0,69,0.0,138,0.0,-109447200.0,0,13107,17040,39322,17049,13107,17043,0,0,0,70,68,100,-0.0,70.7,2.7302370179391762e+23,74.3,-0.0,74.0,1,49,50,180,13107,0,0,0,0.0,0.0,0.0,0.0,-0.0,67.0,0.0,162057.094,0.0,751,0,740,0,0,0,721,0,768,0,736,0,743,0,742,0,712,0,7520,0.032,108447924224.0,0.0,0.0,784,16797,-0.0,162057.094,-114818.039,-0.0,0.133,6.909358625270745e+28,30.0,65.0,35,0.0,0.0,0.0,0.0,0.0,0.0,0.0,0.0,0.0,0.0,0.0,0.0,0.0,0.0,0.0,0.0,69.2,0,150,71,55,65476,0,300,0,1,8,20529,65476,0,0,40632,65.0,0.0,0.0,0.0,0.0,0.0
2026-09-04T20:05:32,ERR,ERR,ERR,ERR,ERR,ERR,ERR,ERR,ERR,ERR,ERR,ERR,ERR,ERR,ERR,ERR,ERR,ERR,ERR,ERR,ERR,ERR,ERR,ERR,ERR,ERR,ERR,ERR,ERR,ERR,ERR,ERR,ERR,ERR,ERR,ERR,ERR,ERR,ERR,ERR,ERR,ERR,ERR,ERR,ERR,ERR,ERR,ERR,ERR,ERR,ERR,ERR,ERR,ERR,ERR,ERR,ERR,ERR,ERR,ERR,ERR,ERR,ERR,ERR,ERR,ERR,ERR,ERR,ERR,ERR,ERR,ERR,ERR,ERR,ERR,ERR,ERR,ERR,ERR,ERR,ERR,ERR,ERR,ERR,ERR,ERR,ERR,ERR,ERR,ERR,ERR,ERR,ERR,ERR,ERR,ERR,ERR,ERR,ERR,ERR,ERR,ERR,ERR,ERR,ERR,ERR,ERR,ERR,ERR,ERR,ERR,ERR,ERR,ERR,ERR,ERR,ERR,ERR,ERR,ERR,ERR,ERR,ERR,ERR,ERR,2.718430741444032e+23,2.7184312818759872e+23,0.0,0.0,0.0,1.3936040501711995e+18,7.805,0.0,0,0,4,0,7116,0.0,100,0.0,0.0,0.0,0.0,0.0,0,0,0,0,0.0,0,0,0,0,0,0,0,0,0,0,0,0,0,0,0,0,0,0,0,0,0,0,0,0,0,0,0,0,0,0,0,0,0,31,40,40,71,65476,0,300,0,0,8,21553,0.0,-107605600.0,0.0,0.0,0.0,0.0,0.0,0.0,0.0,0.0,0.0,0.0,0.0,0.0,0.0,0.0,0.0,0.0,0.0,0.0,0.0,0.0,0.0,-2.004,-2.004,0.0,0.0,0.0,0.0,0.0,6256.0,1.5879367200059895e+29,6926.0,2.718430741444032e+23,2.7184312818759872e+23,-0.0,2.718430741444032e+23,0.0,0.0,0.0,0.0,69,-0.0,0.0,0.0,0.0,0.0,0.0,0.0,0.0,0.0,0,0,0,0.0,0.0,0.0,0.0,0.0,0.0,0.0,0.0,0.0,0.0,0.0,0.0,0.0,0.0,0.0,0.0,0,-107875648.0,69,0.0,138,0.0,-109447200.0,0,13107,17040,39322,17049,13107,17043,0,0,0,70,68,100,2.7302359370752657e+23,71.2,2.7302370179391762e+23,74.3,-0.0,74.0,1,49,50,180,13107,0,0,0,0.0,0.0,0.0,0.0,-0.0,67.0,0.0,162057.094,0.0,751,0,740,0,0,0,721,0,768,0,737,0,743,0,742,0,712,0,7520,0.032,108447924224.0,0.0,0.0,784,16797,-0.0,162057.094,-114818.039,-0.0,0.133,6.909358625270745e+28,30.0,65.0,35,0.0,0.0,0.0,0.0,0.0,0.0,0.0,0.0,0.0,0.0,0.0,0.0,0.0,0.0,0.0,0.0,69.2,0,150,71,55,65476,0,300,0,1,8,20529,65476,0,0,40632,65.0,0.0,0.0,0.0,0.0,0.0
2026-09-04T20:05:33,ERR,ERR,ERR,ERR,ERR,ERR,ERR,ERR,ERR,ERR,ERR,ERR,ERR,ERR,ERR,ERR,ERR,ERR,ERR,ERR,ERR,ERR,ERR,ERR,ERR,ERR,ERR,ERR,ERR,ERR,ERR,ERR,ERR,ERR,ERR,ERR,ERR,ERR,ERR,ERR,ERR,ERR,ERR,ERR,ERR,ERR,ERR,ERR,ERR,ERR,ERR,ERR,ERR,ERR,ERR,ERR,ERR,ERR,ERR,ERR,ERR,ERR,ERR,ERR,ERR,ERR,ERR,ERR,ERR,ERR,ERR,ERR,ERR,ERR,ERR,ERR,ERR,ERR,ERR,ERR,ERR,ERR,ERR,ERR,ERR,ERR,ERR,ERR,ERR,ERR,ERR,ERR,ERR,ERR,ERR,ERR,ERR,ERR,ERR,ERR,ERR,ERR,ERR,ERR,ERR,ERR,ERR,ERR,ERR,ERR,ERR,ERR,ERR,ERR,ERR,ERR,ERR,ERR,ERR,ERR,ERR,ERR,ERR,ERR,ERR,2.718430741444032e+23,2.7184312818759872e+23,0.0,0.0,0.0,1.3936040501711995e+18,7.805,0.0,0,0,4,0,7116,0.0,100,0.0,0.0,0.0,0.0,0.0,0,0,0,0,0.0,0,0,0,0,0,0,0,0,0,0,0,0,0,0,0,0,0,0,0,0,0,0,0,0,0,0,0,0,0,0,0,0,0,31,40,40,71,65476,0,300,0,0,8,21553,0.0,-107605600.0,0.0,0.0,0.0,0.0,0.0,0.0,0.0,0.0,0.0,0.0,0.0,0.0,0.0,0.0,0.0,0.0,0.0,0.0,0.0,0.0,0.0,-2.004,-2.004,0.0,0.0,0.0,0.0,0.0,6256.0,1.5879367200059895e+29,6926.0,2.718430741444032e+23,2.7184312818759872e+23,-0.0,2.718430741444032e+23,0.0,0.0,0.0,0.0,69,-0.0,0.0,0.0,0.0,0.0,0.0,0.0,0.0,0.0,0,0,0,0.0,0.0,0.0,0.0,0.0,0.0,0.0,0.0,0.0,0.0,0.0,0.0,0.0,0.0,0.0,0.0,0,-107875648.0,69,0.0,138,0.0,-109447200.0,0,13107,17040,39322,17049,13107,17043,0,0,0,70,68,100,2.7302359370752657e+23,71.2,2.7302370179391762e+23,74.3,-0.0,74.0,1,49,50,180,13107,0,0,0,0.0,0.0,0.0,0.0,-0.0,67.0,0.0,162057.094,0.0,751,0,740,0,0,0,721,0,768,0,737,0,743,0,742,0,712,0,7520,0.032,108447924224.0,0.0,0.0,784,16797,-0.0,162057.094,-114818.039,-0.0,0.133,6.909358625270745e+28,30.0,65.0,35,0.0,0.0,0.0,0.0,0.0,0.0,0.0,0.0,0.0,0.0,0.0,0.0,0.0,0.0,0.0,0.0,69.2,0,150,71,55,65476,0,300,0,1,8,20529,65476,0,0,40632,65.0,0.0,0.0,0.0,0.0,0.0
2026-09-04T20:05:34,ERR,ERR,ERR,ERR,ERR,ERR,ERR,ERR,ERR,ERR,ERR,ERR,ERR,ERR,ERR,ERR,ERR,ERR,ERR,ERR,ERR,ERR,ERR,ERR,ERR,ERR,ERR,ERR,ERR,ERR,ERR,ERR,ERR,ERR,ERR,ERR,ERR,ERR,ERR,ERR,ERR,ERR,ERR,ERR,ERR,ERR,ERR,ERR,ERR,ERR,ERR,ERR,ERR,ERR,ERR,ERR,ERR,ERR,ERR,ERR,ERR,ERR,ERR,ERR,ERR,ERR,ERR,ERR,ERR,ERR,ERR,ERR,ERR,ERR,ERR,ERR,ERR,ERR,ERR,ERR,ERR,ERR,ERR,ERR,ERR,ERR,ERR,ERR,ERR,ERR,ERR,ERR,ERR,ERR,ERR,ERR,ERR,ERR,ERR,ERR,ERR,ERR,ERR,ERR,ERR,ERR,ERR,ERR,ERR,ERR,ERR,ERR,ERR,ERR,ERR,ERR,ERR,ERR,ERR,ERR,ERR,ERR,ERR,ERR,ERR,2.718430741444032e+23,2.7184312818759872e+23,0.0,0.0,0.0,1.3936040501711995e+18,7.805,0.0,0,0,4,0,7116,0.0,100,0.0,0.0,0.0,0.0,0.0,0,0,0,0,0.0,0,0,0,0,0,0,0,0,0,0,0,0,0,0,0,0,0,0,0,0,0,0,0,0,0,0,0,0,0,0,0,0,0,31,40,40,71,65476,0,300,0,0,8,21553,0.0,-107605600.0,0.0,0.0,0.0,0.0,0.0,0.0,0.0,0.0,0.0,0.0,0.0,0.0,0.0,0.0,0.0,0.0,0.0,0.0,0.0,0.0,0.0,-2.004,-2.004,0.0,0.0,0.0,0.0,0.0,6257.0,-0.0,6933.0,2.718430741444032e+23,2.7184312818759872e+23,-0.0,2.718430741444032e+23,0.0,0.0,0.0,0.0,69,-0.0,1.9056945127017677e+17,0.0,0.0,0.0,0.0,0.0,0.0,0.0,0,0,0,0.0,0.0,0.0,0.0,0.0,0.0,0.0,0.0,0.0,0.0,0.0,0.0,0.0,0.0,0.0,0.0,0,-107875648.0,69,0.0,138,0.0,-109447200.0,0,13107,17040,39322,17049,13107,17043,0,0,0,70,68,100,2.7302359370752657e+23,71.2,2.7302370179391762e+23,74.3,-0.0,74.0,1,49,50,180,13107,0,0,0,0.0,0.0,0.0,0.0,-0.0,67.0,0.0,162057.094,0.0,751,0,740,0,0,0,721,0,768,0,737,0,743,0,742,0,712,0,7520,0.032,108447924224.0,0.0,0.0,784,16797,-0.0,162057.094,-114818.039,-0.0,0.133,6.909358625270745e+28,30.0,65.0,35,0.0,0.0,0.0,0.0,0.0,0.0,0.0,0.0,0.0,0.0,0.0,0.0,0.0,0.0,0.0,0.0,69.2,0,150,71,55,65476,0,300,0,1,8,20529,65476,0,0,40632,65.0,0.0,0.0,0.0,0.0,0.0
2026-09-04T20:05:35,ERR,ERR,ERR,ERR,ERR,ERR,ERR,ERR,ERR,ERR,ERR,ERR,ERR,ERR,ERR,ERR,ERR,ERR,ERR,ERR,ERR,ERR,ERR,ERR,ERR,ERR,ERR,ERR,ERR,ERR,ERR,ERR,ERR,ERR,ERR,ERR,ERR,ERR,ERR,ERR,ERR,ERR,ERR,ERR,ERR,ERR,ERR,ERR,ERR,ERR,ERR,ERR,ERR,ERR,ERR,ERR,ERR,ERR,ERR,ERR,ERR,ERR,ERR,ERR,ERR,ERR,ERR,ERR,ERR,ERR,ERR,ERR,ERR,ERR,ERR,ERR,ERR,ERR,ERR,ERR,ERR,ERR,ERR,ERR,ERR,ERR,ERR,ERR,ERR,ERR,ERR,ERR,ERR,ERR,ERR,ERR,ERR,ERR,ERR,ERR,ERR,ERR,ERR,ERR,ERR,ERR,ERR,ERR,ERR,ERR,ERR,ERR,ERR,ERR,ERR,ERR,ERR,ERR,ERR,ERR,ERR,ERR,ERR,ERR,ERR,2.718430741444032e+23,2.7184312818759872e+23,0.0,0.0,0.0,1.3936040501711995e+18,7.805,0.0,0,0,4,0,7116,0.0,100,0.0,0.0,0.0,0.0,0.0,0,0,0,0,0.0,0,0,0,0,0,0,0,0,0,0,0,0,0,0,0,0,0,0,0,0,0,0,0,0,0,0,0,0,0,0,0,0,0,31,40,40,71,65476,0,300,0,0,8,21553,0.0,-107605600.0,0.0,0.0,0.0,0.0,0.0,0.0,0.0,0.0,0.0,0.0,0.0,0.0,0.0,0.0,0.0,0.0,0.0,0.0,0.0,0.0,0.0,-2.004,-2.004,0.0,0.0,0.0,0.0,0.0,6257.0,-0.0,6933.0,2.718430741444032e+23,2.7184312818759872e+23,-0.0,2.718430741444032e+23,0.0,0.0,0.0,0.0,69,-0.0,1.9056945127017677e+17,0.0,0.0,0.0,0.0,0.0,0.0,0.0,0,0,0,0.0,0.0,0.0,0.0,0.0,0.0,0.0,0.0,0.0,0.0,0.0,0.0,0.0,0.0,0.0,0.0,0,-107875648.0,69,0.0,138,0.0,-109447200.0,0,13107,17040,39322,17049,13107,17043,0,0,0,70,68,100,2.7302359370752657e+23,71.2,2.7302370179391762e+23,74.3,-0.0,74.0,1,49,50,180,13107,0,0,0,0.0,0.0,0.0,0.0,-0.0,67.0,0.0,162057.094,0.0,751,0,740,0,0,0,721,0,768,0,737,0,743,0,742,0,712,0,7520,0.032,108447924224.0,0.0,0.0,784,16797,-0.0,162057.094,-114818.039,-0.0,0.133,6.909358625270745e+28,30.0,65.0,35,0.0,0.0,0.0,0.0,0.0,0.0,0.0,0.0,0.0,0.0,0.0,0.0,0.0,0.0,0.0,0.0,69.2,0,150,71,55,65476,0,300,0,1,8,20529,65476,0,0,40632,65.0,0.0,0.0,0.0,0.0,0.0
2026-09-04T20:05:36,ERR,ERR,ERR,ERR,ERR,ERR,ERR,ERR,ERR,ERR,ERR,ERR,ERR,ERR,ERR,ERR,ERR,ERR,ERR,ERR,ERR,ERR,ERR,ERR,ERR,ERR,ERR,ERR,ERR,ERR,ERR,ERR,ERR,ERR,ERR,ERR,ERR,ERR,ERR,ERR,ERR,ERR,ERR,ERR,ERR,ERR,ERR,ERR,ERR,ERR,ERR,ERR,ERR,ERR,ERR,ERR,ERR,ERR,ERR,ERR,ERR,ERR,ERR,ERR,ERR,ERR,ERR,ERR,ERR,ERR,ERR,ERR,ERR,ERR,ERR,ERR,ERR,ERR,ERR,ERR,ERR,ERR,ERR,ERR,ERR,ERR,ERR,ERR,ERR,ERR,ERR,ERR,ERR,ERR,ERR,ERR,ERR,ERR,ERR,ERR,ERR,ERR,ERR,ERR,ERR,ERR,ERR,ERR,ERR,ERR,ERR,ERR,ERR,ERR,ERR,ERR,ERR,ERR,ERR,ERR,ERR,ERR,ERR,ERR,ERR,2.718430741444032e+23,2.7184312818759872e+23,0.0,0.0,0.0,1.3936040501711995e+18,7.805,0.0,0,0,4,0,7116,0.0,100,0.0,0.0,0.0,0.0,0.0,0,0,0,0,0.0,0,0,0,0,0,0,0,0,0,0,0,0,0,0,0,0,0,0,0,0,0,0,0,0,0,0,0,0,0,0,0,0,0,31,40,40,71,65476,0,300,0,0,8,21553,0.0,-107605600.0,0.0,0.0,0.0,0.0,0.0,0.0,0.0,0.0,0.0,0.0,0.0,0.0,0.0,0.0,0.0,0.0,0.0,0.0,0.0,0.0,0.0,-2.004,-2.004,0.0,0.0,0.0,0.0,0.0,6257.0,-0.0,6933.0,2.718430741444032e+23,2.7184312818759872e+23,-0.0,2.718430741444032e+23,0.0,0.0,0.0,0.0,69,-0.0,1.9056945127017677e+17,0.0,0.0,0.0,0.0,0.0,0.0,0.0,0,0,0,0.0,0.0,0.0,0.0,0.0,0.0,0.0,0.0,0.0,0.0,0.0,0.0,0.0,0.0,0.0,0.0,0,-107875648.0,69,0.0,138,0.0,-109447200.0,0,13107,17040,39322,17049,13107,17043,0,0,0,70,68,100,2.7302359370752657e+23,71.2,2.7302370179391762e+23,74.3,-0.0,74.0,1,49,50,180,13107,0,0,0,0.0,0.0,0.0,0.0,-0.0,67.0,0.0,162057.094,0.0,751,0,740,0,0,0,721,0,768,0,737,0,743,0,742,0,712,0,7520,0.032,108447924224.0,0.0,0.0,784,16797,-0.0,162057.094,-114818.039,-0.0,0.133,6.909358625270745e+28,30.0,65.0,35,0.0,0.0,0.0,0.0,0.0,0.0,0.0,0.0,0.0,0.0,0.0,0.0,0.0,0.0,0.0,0.0,69.2,0,150,71,55,65476,0,300,0,1,8,20529,65476,0,0,40632,65.0,0.0,0.0,0.0,0.0,0.0
2026-09-04T20:05:37,ERR,ERR,ERR,ERR,ERR,ERR,ERR,ERR,ERR,ERR,ERR,ERR,ERR,ERR,ERR,ERR,ERR,ERR,ERR,ERR,ERR,ERR,ERR,ERR,ERR,ERR,ERR,ERR,ERR,ERR,ERR,ERR,ERR,ERR,ERR,ERR,ERR,ERR,ERR,ERR,ERR,ERR,ERR,ERR,ERR,ERR,ERR,ERR,ERR,ERR,ERR,ERR,ERR,ERR,ERR,ERR,ERR,ERR,ERR,ERR,ERR,ERR,ERR,ERR,ERR,ERR,ERR,ERR,ERR,ERR,ERR,ERR,ERR,ERR,ERR,ERR,ERR,ERR,ERR,ERR,ERR,ERR,ERR,ERR,ERR,ERR,ERR,ERR,ERR,ERR,ERR,ERR,ERR,ERR,ERR,ERR,ERR,ERR,ERR,ERR,ERR,ERR,ERR,ERR,ERR,ERR,ERR,ERR,ERR,ERR,ERR,ERR,ERR,ERR,ERR,ERR,ERR,ERR,ERR,ERR,ERR,ERR,ERR,ERR,ERR,2.718430741444032e+23,2.7184312818759872e+23,0.0,0.0,0.0,1.3936040501711995e+18,7.805,0.0,0,0,4,0,7116,0.0,100,0.0,0.0,0.0,0.0,0.0,0,0,0,0,0.0,0,0,0,0,0,0,0,0,0,0,0,0,0,0,0,0,0,0,0,0,0,0,0,0,0,0,0,0,0,0,0,0,0,31,40,40,71,65476,0,300,0,0,8,21553,0.0,-107605600.0,0.0,0.0,0.0,0.0,0.0,0.0,0.0,0.0,0.0,0.0,0.0,0.0,0.0,0.0,0.0,0.0,0.0,0.0,0.0,0.0,0.0,-2.004,-2.004,0.0,0.0,0.0,0.0,0.0,6257.0,-0.0,6933.0,2.718430741444032e+23,2.7184312818759872e+23,-0.0,2.718430741444032e+23,0.0,0.0,0.0,0.0,69,-0.0,1.9056945127017677e+17,0.0,0.0,0.0,0.0,0.0,0.0,0.0,0,0,0,0.0,0.0,0.0,0.0,0.0,0.0,0.0,0.0,0.0,0.0,0.0,0.0,0.0,0.0,0.0,0.0,0,-107875648.0,69,0.0,138,0.0,-109447200.0,0,13107,17040,39322,17049,26215,17043,0,0,0,70,68,100,2.7302359370752657e+23,71.2,2.7302370179391762e+23,74.3,-0.0,74.0,1,49,50,180,13107,0,0,0,0.0,0.0,0.0,0.0,-0.0,67.0,0.0,162057.094,0.0,751,0,740,0,0,0,721,0,768,0,736,0,743,0,742,0,712,0,7520,0.032,107911053312.0,0.0,0.0,784,16797,-0.0,162057.094,-114818.039,-0.0,0.133,6.909358625270745e+28,30.0,65.0,35,0.0,0.0,0.0,0.0,0.0,0.0,0.0,0.0,0.0,0.0,0.0,0.0,0.0,0.0,0.0,0.0,69.2,0,150,71,55,65476,0,300,0,1,8,20529,65476,0,0,40632,65.0,0.0,0.0,0.0,0.0,0.0
2026-09-04T20:05:38,ERR,ERR,ERR,ERR,ERR,ERR,ERR,ERR,ERR,ERR,ERR,ERR,ERR,ERR,ERR,ERR,ERR,ERR,ERR,ERR,ERR,ERR,ERR,ERR,ERR,ERR,ERR,ERR,ERR,ERR,ERR,ERR,ERR,ERR,ERR,ERR,ERR,ERR,ERR,ERR,ERR,ERR,ERR,ERR,ERR,ERR,ERR,ERR,ERR,ERR,ERR,ERR,ERR,ERR,ERR,ERR,ERR,ERR,ERR,ERR,ERR,ERR,ERR,ERR,ERR,ERR,ERR,ERR,ERR,ERR,ERR,ERR,ERR,ERR,ERR,ERR,ERR,ERR,ERR,ERR,ERR,ERR,ERR,ERR,ERR,ERR,ERR,ERR,ERR,ERR,ERR,ERR,ERR,ERR,ERR,ERR,ERR,ERR,ERR,ERR,ERR,ERR,ERR,ERR,ERR,ERR,ERR,ERR,ERR,ERR,ERR,ERR,ERR,ERR,ERR,ERR,ERR,ERR,ERR,ERR,ERR,ERR,ERR,ERR,ERR,2.718430741444032e+23,2.7184312818759872e+23,0.0,0.0,0.0,1.3936040501711995e+18,7.805,0.0,0,0,4,0,7116,0.0,100,0.0,0.0,0.0,0.0,0.0,0,0,0,0,0.0,0,0,0,0,0,0,0,0,0,0,0,0,0,0,0,0,0,0,0,0,0,0,0,0,0,0,0,0,0,0,0,0,0,31,40,40,71,65476,0,300,0,0,8,21553,0.0,-107605600.0,0.0,0.0,0.0,0.0,0.0,0.0,0.0,0.0,0.0,0.0,0.0,0.0,0.0,0.0,0.0,0.0,0.0,0.0,0.0,0.0,0.0,-2.004,-2.004,0.0,0.0,0.0,0.0,0.0,6257.0,-0.0,6933.0,2.718430741444032e+23,2.7184312818759872e+23,-0.0,2.718430741444032e+23,0.0,0.0,0.0,0.0,69,-0.0,1.9056945127017677e+17,0.0,0.0,0.0,0.0,0.0,0.0,0.0,0,0,0,0.0,0.0,0.0,0.0,0.0,0.0,0.0,0.0,0.0,0.0,0.0,0.0,0.0,0.0,0.0,0.0,0,-107875648.0,69,0.0,138,0.0,-109447200.0,0,13107,17040,39322,17049,26215,17043,0,0,0,70,68,100,2.7302359370752657e+23,71.2,2.7302370179391762e+23,74.3,-0.0,74.0,1,49,50,180,13107,0,0,0,0.0,0.0,0.0,0.0,-0.0,67.0,0.0,162057.094,0.0,751,0,740,0,0,0,721,0,768,0,736,0,743,0,742,0,712,0,7520,0.032,107911053312.0,0.0,0.0,784,16797,-0.0,162057.094,-114818.039,-0.0,0.133,6.909358625270745e+28,30.0,65.0,35,0.0,0.0,0.0,0.0,0.0,0.0,0.0,0.0,0.0,0.0,0.0,0.0,0.0,0.0,0.0,0.0,69.2,0,150,71,55,65476,0,300,0,1,8,20529,65476,0,0,40632,65.0,0.0,0.0,0.0,0.0,0.0
2026-09-04T20:05:39,ERR,ERR,ERR,ERR,ERR,ERR,ERR,ERR,ERR,ERR,ERR,ERR,ERR,ERR,ERR,ERR,ERR,ERR,ERR,ERR,ERR,ERR,ERR,ERR,ERR,ERR,ERR,ERR,ERR,ERR,ERR,ERR,ERR,ERR,ERR,ERR,ERR,ERR,ERR,ERR,ERR,ERR,ERR,ERR,ERR,ERR,ERR,ERR,ERR,ERR,ERR,ERR,ERR,ERR,ERR,ERR,ERR,ERR,ERR,ERR,ERR,ERR,ERR,ERR,ERR,ERR,ERR,ERR,ERR,ERR,ERR,ERR,ERR,ERR,ERR,ERR,ERR,ERR,ERR,ERR,ERR,ERR,ERR,ERR,ERR,ERR,ERR,ERR,ERR,ERR,ERR,ERR,ERR,ERR,ERR,ERR,ERR,ERR,ERR,ERR,ERR,ERR,ERR,ERR,ERR,ERR,ERR,ERR,ERR,ERR,ERR,ERR,ERR,ERR,ERR,ERR,ERR,ERR,ERR,ERR,ERR,ERR,ERR,ERR,ERR,2.718430741444032e+23,2.7184312818759872e+23,0.0,0.0,0.0,1.3936040501711995e+18,7.805,0.0,0,0,4,0,7116,0.0,100,0.0,0.0,0.0,0.0,0.0,0,0,0,0,0.0,0,0,0,0,0,0,0,0,0,0,0,0,0,0,0,0,0,0,0,0,0,0,0,0,0,0,0,0,0,0,0,0,0,31,40,40,71,65476,0,300,0,0,8,21553,0.0,-107605600.0,0.0,0.0,0.0,0.0,0.0,0.0,0.0,0.0,0.0,0.0,0.0,0.0,0.0,0.0,0.0,0.0,0.0,0.0,0.0,0.0,0.0,-2.004,-2.004,0.0,0.0,0.0,0.0,0.0,6257.0,-0.0,6933.0,2.718430741444032e+23,2.7184312818759872e+23,-0.0,2.718430741444032e+23,0.0,0.0,0.0,0.0,69,-0.0,1.9056945127017677e+17,0.0,0.0,0.0,0.0,0.0,0.0,0.0,0,0,0,0.0,0.0,0.0,0.0,0.0,0.0,0.0,0.0,0.0,0.0,0.0,0.0,0.0,0.0,0.0,0.0,0,-107875648.0,69,0.0,138,0.0,-109447200.0,0,13107,17040,39322,17049,26215,17043,0,0,0,70,68,100,2.7302359370752657e+23,71.2,2.7302370179391762e+23,74.3,-0.0,74.0,1,49,50,180,13107,0,0,0,0.0,0.0,0.0,0.0,-0.0,67.0,0.0,162057.094,0.0,751,0,740,0,0,0,721,0,768,0,736,0,743,0,742,0,712,0,7520,0.032,107911053312.0,0.0,0.0,784,16797,-0.0,162057.094,-114818.039,-0.0,0.133,6.909358625270745e+28,30.0,65.0,35,0.0,0.0,0.0,0.0,0.0,0.0,0.0,0.0,0.0,0.0,0.0,0.0,0.0,0.0,0.0,0.0,69.2,0,150,71,55,65476,0,300,0,1,8,20529,65476,0,0,40632,65.0,0.0,0.0,0.0,0.0,0.0
2026-09-04T20:05:40,ERR,ERR,ERR,ERR,ERR,ERR,ERR,ERR,ERR,ERR,ERR,ERR,ERR,ERR,ERR,ERR,ERR,ERR,ERR,ERR,ERR,ERR,ERR,ERR,ERR,ERR,ERR,ERR,ERR,ERR,ERR,ERR,ERR,ERR,ERR,ERR,ERR,ERR,ERR,ERR,ERR,ERR,ERR,ERR,ERR,ERR,ERR,ERR,ERR,ERR,ERR,ERR,ERR,ERR,ERR,ERR,ERR,ERR,ERR,ERR,ERR,ERR,ERR,ERR,ERR,ERR,ERR,ERR,ERR,ERR,ERR,ERR,ERR,ERR,ERR,ERR,ERR,ERR,ERR,ERR,ERR,ERR,ERR,ERR,ERR,ERR,ERR,ERR,ERR,ERR,ERR,ERR,ERR,ERR,ERR,ERR,ERR,ERR,ERR,ERR,ERR,ERR,ERR,ERR,ERR,ERR,ERR,ERR,ERR,ERR,ERR,ERR,ERR,ERR,ERR,ERR,ERR,ERR,ERR,ERR,ERR,ERR,ERR,ERR,ERR,2.718430741444032e+23,2.7184312818759872e+23,0.0,0.0,0.0,1.3936040501711995e+18,7.805,0.0,0,0,4,0,7116,0.0,100,0.0,0.0,0.0,0.0,0.0,0,0,0,0,0.0,0,0,0,0,0,0,0,0,0,0,0,0,0,0,0,0,0,0,0,0,0,0,0,0,0,0,0,0,0,0,0,0,0,31,40,40,71,65476,0,300,0,0,8,21553,0.0,-107605600.0,0.0,0.0,0.0,0.0,0.0,0.0,0.0,0.0,0.0,0.0,0.0,0.0,0.0,0.0,0.0,0.0,0.0,0.0,0.0,0.0,0.0,-2.004,-2.004,0.0,0.0,0.0,0.0,0.0,6257.0,-0.0,6933.0,2.718430741444032e+23,2.7184312818759872e+23,-0.0,2.718430741444032e+23,0.0,0.0,0.0,0.0,69,-0.0,1.9056945127017677e+17,0.0,0.0,0.0,0.0,0.0,0.0,0.0,0,0,0,0.0,0.0,0.0,0.0,0.0,0.0,0.0,0.0,0.0,0.0,0.0,0.0,0.0,0.0,0.0,0.0,0,-107875648.0,69,0.0,138,0.0,-109447200.0,0,13107,17040,39322,17049,26215,17043,0,0,0,70,68,100,2.7302359370752657e+23,71.2,2.7302370179391762e+23,74.3,-0.0,74.0,1,49,50,180,13107,0,0,0,0.0,0.0,0.0,0.0,-0.0,67.0,0.0,162057.094,0.0,751,0,740,0,0,0,721,0,768,0,736,0,743,0,742,0,712,0,7520,0.032,107911053312.0,0.0,0.0,784,16797,-0.0,162057.094,-114818.039,-0.0,0.133,6.909358625270745e+28,30.0,65.0,35,0.0,0.0,0.0,0.0,0.0,0.0,0.0,0.0,0.0,0.0,0.0,0.0,0.0,0.0,0.0,0.0,69.2,0,150,71,55,65476,0,300,0,1,8,20529,65476,0,0,40632,65.0,0.0,0.0,0.0,0.0,0.0
2026-09-04T20:05:41,ERR,ERR,ERR,ERR,ERR,ERR,ERR,ERR,ERR,ERR,ERR,ERR,ERR,ERR,ERR,ERR,ERR,ERR,ERR,ERR,ERR,ERR,ERR,ERR,ERR,ERR,ERR,ERR,ERR,ERR,ERR,ERR,ERR,ERR,ERR,ERR,ERR,ERR,ERR,ERR,ERR,ERR,ERR,ERR,ERR,ERR,ERR,ERR,ERR,ERR,ERR,ERR,ERR,ERR,ERR,ERR,ERR,ERR,ERR,ERR,ERR,ERR,ERR,ERR,ERR,ERR,ERR,ERR,ERR,ERR,ERR,ERR,ERR,ERR,ERR,ERR,ERR,ERR,ERR,ERR,ERR,ERR,ERR,ERR,ERR,ERR,ERR,ERR,ERR,ERR,ERR,ERR,ERR,ERR,ERR,ERR,ERR,ERR,ERR,ERR,ERR,ERR,ERR,ERR,ERR,ERR,ERR,ERR,ERR,ERR,ERR,ERR,ERR,ERR,ERR,ERR,ERR,ERR,ERR,ERR,ERR,ERR,ERR,ERR,ERR,2.718430741444032e+23,2.7184312818759872e+23,0.0,0.0,0.0,1.3936040501711995e+18,7.805,0.0,0,0,4,0,7116,0.0,100,0.0,0.0,0.0,0.0,0.0,0,0,0,0,0.0,0,0,0,0,0,0,0,0,0,0,0,0,0,0,0,0,0,0,0,0,0,0,0,0,0,0,0,0,0,0,0,0,0,31,40,40,71,65476,0,300,0,0,8,21553,0.0,-107605600.0,0.0,0.0,0.0,0.0,0.0,0.0,0.0,0.0,0.0,0.0,0.0,0.0,0.0,0.0,0.0,0.0,0.0,0.0,0.0,0.0,0.0,-2.004,-2.004,0.0,0.0,0.0,0.0,0.0,6255.0,-0.0,6930.0,2.718430741444032e+23,2.7184312818759872e+23,-0.0,2.718430741444032e+23,0.0,0.0,0.0,0.0,69,-0.0,126840946688.0,0.0,0.0,0.0,0.0,0.0,0.0,0.0,0,0,0,0.0,0.0,0.0,0.0,0.0,0.0,0.0,0.0,0.0,0.0,0.0,0.0,0.0,0.0,0.0,0.0,0,-107875648.0,69,0.0,138,0.0,-109447200.0,0,13107,17040,39322,17049,26215,17043,0,0,0,70,68,100,2.7302359370752657e+23,71.2,2.7302370179391762e+23,74.3,-0.0,74.0,1,49,50,180,13107,0,0,0,0.0,0.0,0.0,0.0,-0.0,67.0,0.0,162057.094,0.0,751,0,740,0,0,0,721,0,768,0,736,0,743,0,742,0,712,0,7520,0.032,107911053312.0,0.0,0.0,784,16797,-0.0,162057.094,-114818.039,-0.0,0.133,6.909358625270745e+28,30.0,65.0,35,0.0,0.0,0.0,0.0,0.0,0.0,0.0,0.0,0.0,0.0,0.0,0.0,0.0,0.0,0.0,0.0,69.2,0,150,71,55,65476,0,300,0,1,8,20529,65476,0,0,40632,65.0,0.0,0.0,0.0,0.0,0.0
2026-09-04T20:05:42,ERR,ERR,ERR,ERR,ERR,ERR,ERR,ERR,ERR,ERR,ERR,ERR,ERR,ERR,ERR,ERR,ERR,ERR,ERR,ERR,ERR,ERR,ERR,ERR,ERR,ERR,ERR,ERR,ERR,ERR,ERR,ERR,ERR,ERR,ERR,ERR,ERR,ERR,ERR,ERR,ERR,ERR,ERR,ERR,ERR,ERR,ERR,ERR,ERR,ERR,ERR,ERR,ERR,ERR,ERR,ERR,ERR,ERR,ERR,ERR,ERR,ERR,ERR,ERR,ERR,ERR,ERR,ERR,ERR,ERR,ERR,ERR,ERR,ERR,ERR,ERR,ERR,ERR,ERR,ERR,ERR,ERR,ERR,ERR,ERR,ERR,ERR,ERR,ERR,ERR,ERR,ERR,ERR,ERR,ERR,ERR,ERR,ERR,ERR,ERR,ERR,ERR,ERR,ERR,ERR,ERR,ERR,ERR,ERR,ERR,ERR,ERR,ERR,ERR,ERR,ERR,ERR,ERR,ERR,ERR,ERR,ERR,ERR,ERR,ERR,2.718430741444032e+23,2.7184312818759872e+23,0.0,0.0,0.0,1.3936040501711995e+18,7.805,0.0,0,0,4,0,7116,0.0,100,0.0,0.0,0.0,0.0,0.0,0,0,0,0,0.0,0,0,0,0,0,0,0,0,0,0,0,0,0,0,0,0,0,0,0,0,0,0,0,0,0,0,0,0,0,0,0,0,0,31,40,40,71,65476,0,300,0,0,8,21553,0.0,-107605600.0,0.0,0.0,0.0,0.0,0.0,0.0,0.0,0.0,0.0,0.0,0.0,0.0,0.0,0.0,0.0,0.0,0.0,0.0,0.0,0.0,0.0,-2.004,-2.004,0.0,0.0,0.0,0.0,0.0,6255.0,-0.0,6930.0,2.718430741444032e+23,2.7184312818759872e+23,-0.0,2.718430741444032e+23,0.0,0.0,0.0,0.0,69,-0.0,126840946688.0,0.0,0.0,0.0,0.0,0.0,0.0,0.0,0,0,0,0.0,0.0,0.0,0.0,0.0,0.0,0.0,0.0,0.0,0.0,0.0,0.0,0.0,0.0,0.0,0.0,0,-107875648.0,69,0.0,138,0.0,-109447200.0,0,13107,17040,39322,17049,26215,17043,0,0,0,70,68,100,2.7302359370752657e+23,71.2,2.7302370179391762e+23,74.3,-0.0,74.0,1,49,50,180,13107,0,0,0,0.0,0.0,0.0,0.0,-0.0,67.0,0.0,162057.094,0.0,751,0,740,0,0,0,721,0,768,0,736,0,743,0,742,0,712,0,7520,0.032,107911053312.0,0.0,0.0,784,16797,-0.0,162057.094,-114818.039,-0.0,0.133,6.909358625270745e+28,30.0,65.0,35,0.0,0.0,0.0,0.0,0.0,0.0,0.0,0.0,0.0,0.0,0.0,0.0,0.0,0.0,0.0,0.0,69.2,0,150,71,55,65476,0,300,0,1,8,20529,65476,0,0,40632,65.0,0.0,0.0,0.0,0.0,0.0
2026-09-04T20:05:43,ERR,ERR,ERR,ERR,ERR,ERR,ERR,ERR,ERR,ERR,ERR,ERR,ERR,ERR,ERR,ERR,ERR,ERR,ERR,ERR,ERR,ERR,ERR,ERR,ERR,ERR,ERR,ERR,ERR,ERR,ERR,ERR,ERR,ERR,ERR,ERR,ERR,ERR,ERR,ERR,ERR,ERR,ERR,ERR,ERR,ERR,ERR,ERR,ERR,ERR,ERR,ERR,ERR,ERR,ERR,ERR,ERR,ERR,ERR,ERR,ERR,ERR,ERR,ERR,ERR,ERR,ERR,ERR,ERR,ERR,ERR,ERR,ERR,ERR,ERR,ERR,ERR,ERR,ERR,ERR,ERR,ERR,ERR,ERR,ERR,ERR,ERR,ERR,ERR,ERR,ERR,ERR,ERR,ERR,ERR,ERR,ERR,ERR,ERR,ERR,ERR,ERR,ERR,ERR,ERR,ERR,ERR,ERR,ERR,ERR,ERR,ERR,ERR,ERR,ERR,ERR,ERR,ERR,ERR,ERR,ERR,ERR,ERR,ERR,ERR,2.718430741444032e+23,2.7184312818759872e+23,0.0,0.0,0.0,1.3936040501711995e+18,7.805,0.0,0,0,4,0,7116,0.0,100,0.0,0.0,0.0,0.0,0.0,0,0,0,0,0.0,0,0,0,0,0,0,0,0,0,0,0,0,0,0,0,0,0,0,0,0,0,0,0,0,0,0,0,0,0,0,0,0,0,31,40,40,71,65476,0,300,0,0,8,21553,0.0,-107605600.0,0.0,0.0,0.0,0.0,0.0,0.0,0.0,0.0,0.0,0.0,0.0,0.0,0.0,0.0,0.0,0.0,0.0,0.0,0.0,0.0,0.0,-2.004,-2.004,0.0,0.0,0.0,0.0,0.0,6255.0,-0.0,6930.0,2.718430741444032e+23,2.7184312818759872e+23,-0.0,2.718430741444032e+23,0.0,0.0,0.0,0.0,69,-0.0,126840946688.0,0.0,0.0,0.0,0.0,0.0,0.0,0.0,0,0,0,0.0,0.0,0.0,0.0,0.0,0.0,0.0,0.0,0.0,0.0,0.0,0.0,0.0,0.0,0.0,0.0,0,-107875648.0,69,0.0,138,0.0,-109447200.0,0,13107,17040,39322,17049,26215,17043,0,0,0,70,68,100,2.7302359370752657e+23,71.2,2.7302370179391762e+23,74.2,2.7302370179391762e+23,74.0,1,49,50,180,13107,0,0,0,0.0,0.0,0.0,0.0,-0.0,67.0,0.0,162057.094,0.0,751,0,740,0,0,0,721,0,768,0,736,0,742,0,742,0,712,0,7520,0.032,108447924224.0,0.0,0.0,784,16797,-0.0,162057.094,-114818.039,-0.0,0.133,6.909358625270745e+28,30.0,65.0,35,0.0,0.0,0.0,0.0,0.0,0.0,0.0,0.0,0.0,0.0,0.0,0.0,0.0,0.0,0.0,0.0,69.2,0,150,71,55,65476,0,300,0,1,8,20529,65476,0,0,40632,65.0,0.0,0.0,0.0,0.0,0.0
2026-09-04T20:05:44,ERR,ERR,ERR,ERR,ERR,ERR,ERR,ERR,ERR,ERR,ERR,ERR,ERR,ERR,ERR,ERR,ERR,ERR,ERR,ERR,ERR,ERR,ERR,ERR,ERR,ERR,ERR,ERR,ERR,ERR,ERR,ERR,ERR,ERR,ERR,ERR,ERR,ERR,ERR,ERR,ERR,ERR,ERR,ERR,ERR,ERR,ERR,ERR,ERR,ERR,ERR,ERR,ERR,ERR,ERR,ERR,ERR,ERR,ERR,ERR,ERR,ERR,ERR,ERR,ERR,ERR,ERR,ERR,ERR,ERR,ERR,ERR,ERR,ERR,ERR,ERR,ERR,ERR,ERR,ERR,ERR,ERR,ERR,ERR,ERR,ERR,ERR,ERR,ERR,ERR,ERR,ERR,ERR,ERR,ERR,ERR,ERR,ERR,ERR,ERR,ERR,ERR,ERR,ERR,ERR,ERR,ERR,ERR,ERR,ERR,ERR,ERR,ERR,ERR,ERR,ERR,ERR,ERR,ERR,ERR,ERR,ERR,ERR,ERR,ERR,2.718430741444032e+23,2.7184312818759872e+23,0.0,0.0,0.0,1.3936040501711995e+18,7.805,0.0,0,0,4,0,7116,0.0,100,0.0,0.0,0.0,0.0,0.0,0,0,0,0,0.0,0,0,0,0,0,0,0,0,0,0,0,0,0,0,0,0,0,0,0,0,0,0,0,0,0,0,0,0,0,0,0,0,0,31,40,40,71,65476,0,300,0,0,8,21553,0.0,-107605600.0,0.0,0.0,0.0,0.0,0.0,0.0,0.0,0.0,0.0,0.0,0.0,0.0,0.0,0.0,0.0,0.0,0.0,0.0,0.0,0.0,0.0,-2.004,-2.004,0.0,0.0,0.0,0.0,0.0,6255.0,-0.0,6930.0,2.718430741444032e+23,2.7184312818759872e+23,-0.0,2.718430741444032e+23,0.0,0.0,0.0,0.0,69,-0.0,126840946688.0,0.0,0.0,0.0,0.0,0.0,0.0,0.0,0,0,0,0.0,0.0,0.0,0.0,0.0,0.0,0.0,0.0,0.0,0.0,0.0,0.0,0.0,0.0,0.0,0.0,0,-107875648.0,69,0.0,138,0.0,-109447200.0,0,13107,17040,39322,17049,26215,17043,0,0,0,70,68,100,2.7302359370752657e+23,71.2,2.7302370179391762e+23,74.2,2.7302370179391762e+23,74.0,1,49,50,180,13107,0,0,0,0.0,0.0,0.0,0.0,-0.0,67.0,0.0,162057.094,0.0,751,0,740,0,0,0,721,0,768,0,736,0,742,0,742,0,712,0,7520,0.032,108447924224.0,0.0,0.0,784,16797,-0.0,162057.094,-114818.039,-0.0,0.133,6.909358625270745e+28,30.0,65.0,35,0.0,0.0,0.0,0.0,0.0,0.0,0.0,0.0,0.0,0.0,0.0,0.0,0.0,0.0,0.0,0.0,69.2,0,150,71,55,65476,0,300,0,1,8,20529,65476,0,0,40632,65.0,0.0,0.0,0.0,0.0,0.0
2026-09-04T20:05:45,ERR,ERR,ERR,ERR,ERR,ERR,ERR,ERR,ERR,ERR,ERR,ERR,ERR,ERR,ERR,ERR,ERR,ERR,ERR,ERR,ERR,ERR,ERR,ERR,ERR,ERR,ERR,ERR,ERR,ERR,ERR,ERR,ERR,ERR,ERR,ERR,ERR,ERR,ERR,ERR,ERR,ERR,ERR,ERR,ERR,ERR,ERR,ERR,ERR,ERR,ERR,ERR,ERR,ERR,ERR,ERR,ERR,ERR,ERR,ERR,ERR,ERR,ERR,ERR,ERR,ERR,ERR,ERR,ERR,ERR,ERR,ERR,ERR,ERR,ERR,ERR,ERR,ERR,ERR,ERR,ERR,ERR,ERR,ERR,ERR,ERR,ERR,ERR,ERR,ERR,ERR,ERR,ERR,ERR,ERR,ERR,ERR,ERR,ERR,ERR,ERR,ERR,ERR,ERR,ERR,ERR,ERR,ERR,ERR,ERR,ERR,ERR,ERR,ERR,ERR,ERR,ERR,ERR,ERR,ERR,ERR,ERR,ERR,ERR,ERR,2.718430741444032e+23,2.7184312818759872e+23,0.0,0.0,0.0,1.3936040501711995e+18,7.805,0.0,0,0,4,0,7116,0.0,100,0.0,0.0,0.0,0.0,0.0,0,0,0,0,0.0,0,0,0,0,0,0,0,0,0,0,0,0,0,0,0,0,0,0,0,0,0,0,0,0,0,0,0,0,0,0,0,0,0,31,40,40,71,65476,0,300,0,0,8,21553,0.0,-107605600.0,0.0,0.0,0.0,0.0,0.0,0.0,0.0,0.0,0.0,0.0,0.0,0.0,0.0,0.0,0.0,0.0,0.0,0.0,0.0,0.0,0.0,-2.004,-2.004,0.0,0.0,0.0,0.0,0.0,6255.0,-0.0,6930.0,2.718430741444032e+23,2.7184312818759872e+23,-0.0,2.718430741444032e+23,0.0,0.0,0.0,0.0,69,-0.0,126840946688.0,0.0,0.0,0.0,0.0,0.0,0.0,0.0,0,0,0,0.0,0.0,0.0,0.0,0.0,0.0,0.0,0.0,0.0,0.0,0.0,0.0,0.0,0.0,0.0,0.0,0,-107875648.0,69,0.0,138,0.0,-109447200.0,0,13107,17040,39322,17049,26215,17043,0,0,0,70,68,100,2.7302359370752657e+23,71.2,2.7302370179391762e+23,74.2,2.7302370179391762e+23,74.0,1,49,50,180,13107,0,0,0,0.0,0.0,0.0,0.0,-0.0,67.0,0.0,162057.094,0.0,751,0,740,0,0,0,721,0,768,0,736,0,742,0,742,0,712,0,7520,0.032,108447924224.0,0.0,0.0,784,16797,-0.0,162057.094,-114818.039,-0.0,0.133,6.909358625270745e+28,30.0,65.0,35,0.0,0.0,0.0,0.0,0.0,0.0,0.0,0.0,0.0,0.0,0.0,0.0,0.0,0.0,0.0,0.0,69.2,0,150,71,55,65476,0,300,0,1,8,20529,65476,0,0,40632,65.0,0.0,0.0,0.0,0.0,0.0
2026-09-04T20:05:46,ERR,ERR,ERR,ERR,ERR,ERR,ERR,ERR,ERR,ERR,ERR,ERR,ERR,ERR,ERR,ERR,ERR,ERR,ERR,ERR,ERR,ERR,ERR,ERR,ERR,ERR,ERR,ERR,ERR,ERR,ERR,ERR,ERR,ERR,ERR,ERR,ERR,ERR,ERR,ERR,ERR,ERR,ERR,ERR,ERR,ERR,ERR,ERR,ERR,ERR,ERR,ERR,ERR,ERR,ERR,ERR,ERR,ERR,ERR,ERR,ERR,ERR,ERR,ERR,ERR,ERR,ERR,ERR,ERR,ERR,ERR,ERR,ERR,ERR,ERR,ERR,ERR,ERR,ERR,ERR,ERR,ERR,ERR,ERR,ERR,ERR,ERR,ERR,ERR,ERR,ERR,ERR,ERR,ERR,ERR,ERR,ERR,ERR,ERR,ERR,ERR,ERR,ERR,ERR,ERR,ERR,ERR,ERR,ERR,ERR,ERR,ERR,ERR,ERR,ERR,ERR,ERR,ERR,ERR,ERR,ERR,ERR,ERR,ERR,ERR,2.718430741444032e+23,2.7184312818759872e+23,0.0,0.0,0.0,1.3936040501711995e+18,7.805,0.0,0,0,4,0,7116,0.0,100,0.0,0.0,0.0,0.0,0.0,0,0,0,0,0.0,0,0,0,0,0,0,0,0,0,0,0,0,0,0,0,0,0,0,0,0,0,0,0,0,0,0,0,0,0,0,0,0,0,31,40,40,71,65476,0,300,0,0,8,21553,0.0,-107605600.0,0.0,0.0,0.0,0.0,0.0,0.0,0.0,0.0,0.0,0.0,0.0,0.0,0.0,0.0,0.0,0.0,0.0,0.0,0.0,0.0,0.0,-2.004,-2.004,0.0,0.0,0.0,0.0,0.0,6255.0,-0.0,6930.0,2.718430741444032e+23,2.7184312818759872e+23,-0.0,2.718430741444032e+23,0.0,0.0,0.0,0.0,69,-0.0,126840946688.0,0.0,0.0,0.0,0.0,0.0,0.0,0.0,0,0,0,0.0,0.0,0.0,0.0,0.0,0.0,0.0,0.0,0.0,0.0,0.0,0.0,0.0,0.0,0.0,0.0,0,-107875648.0,69,0.0,138,0.0,-109447200.0,0,13107,17040,39322,17049,26215,17043,0,0,0,70,68,100,2.7302359370752657e+23,71.2,2.7302370179391762e+23,74.2,2.7302370179391762e+23,74.0,1,49,50,180,13107,0,0,0,0.0,0.0,0.0,0.0,-0.0,67.0,0.0,162057.094,0.0,751,0,740,0,0,0,721,0,768,0,736,0,742,0,742,0,712,0,7520,0.032,108447924224.0,0.0,0.0,784,16797,-0.0,162057.094,-114818.039,-0.0,0.133,6.909358625270745e+28,30.0,65.0,35,0.0,0.0,0.0,0.0,0.0,0.0,0.0,0.0,0.0,0.0,0.0,0.0,0.0,0.0,0.0,0.0,69.2,0,150,71,55,65476,0,300,0,1,8,20529,65476,0,0,40632,65.0,0.0,0.0,0.0,0.0,0.0
2026-09-04T20:05:47,ERR,ERR,ERR,ERR,ERR,ERR,ERR,ERR,ERR,ERR,ERR,ERR,ERR,ERR,ERR,ERR,ERR,ERR,ERR,ERR,ERR,ERR,ERR,ERR,ERR,ERR,ERR,ERR,ERR,ERR,ERR,ERR,ERR,ERR,ERR,ERR,ERR,ERR,ERR,ERR,ERR,ERR,ERR,ERR,ERR,ERR,ERR,ERR,ERR,ERR,ERR,ERR,ERR,ERR,ERR,ERR,ERR,ERR,ERR,ERR,ERR,ERR,ERR,ERR,ERR,ERR,ERR,ERR,ERR,ERR,ERR,ERR,ERR,ERR,ERR,ERR,ERR,ERR,ERR,ERR,ERR,ERR,ERR,ERR,ERR,ERR,ERR,ERR,ERR,ERR,ERR,ERR,ERR,ERR,ERR,ERR,ERR,ERR,ERR,ERR,ERR,ERR,ERR,ERR,ERR,ERR,ERR,ERR,ERR,ERR,ERR,ERR,ERR,ERR,ERR,ERR,ERR,ERR,ERR,ERR,ERR,ERR,ERR,ERR,ERR,2.718430741444032e+23,2.7184312818759872e+23,0.0,0.0,0.0,1.3936040501711995e+18,7.805,0.0,0,0,4,0,7116,0.0,100,0.0,0.0,0.0,0.0,0.0,0,0,0,0,0.0,0,0,0,0,0,0,0,0,0,0,0,0,0,0,0,0,0,0,0,0,0,0,0,0,0,0,0,0,0,0,0,0,0,31,40,40,71,65476,0,300,0,0,8,21553,0.0,-107605600.0,0.0,0.0,0.0,0.0,0.0,0.0,0.0,0.0,0.0,0.0,0.0,0.0,0.0,0.0,0.0,0.0,0.0,0.0,0.0,0.0,0.0,-2.004,-2.004,0.0,0.0,0.0,0.0,0.0,6255.0,-0.0,6930.0,2.718430741444032e+23,2.7184312818759872e+23,-0.0,2.718430741444032e+23,0.0,0.0,0.0,0.0,69,-0.0,126840946688.0,0.0,0.0,0.0,0.0,0.0,0.0,0.0,0,0,0,0.0,0.0,0.0,0.0,0.0,0.0,0.0,0.0,0.0,0.0,0.0,0.0,0.0,0.0,0.0,0.0,0,-107875648.0,69,0.0,138,0.0,-109447200.0,0,13107,17040,39322,17049,26215,17043,0,0,0,70,68,100,2.7302359370752657e+23,71.2,2.7302370179391762e+23,74.2,2.7302370179391762e+23,74.0,1,49,50,180,13107,0,0,0,0.0,0.0,0.0,0.0,-0.0,67.0,0.0,162057.094,0.0,751,0,740,0,0,0,721,0,768,0,736,0,742,0,742,0,712,0,7520,0.032,108447924224.0,0.0,0.0,784,16797,-0.0,162057.094,-114818.039,-0.0,0.133,6.909358625270745e+28,30.0,65.0,35,0.0,0.0,0.0,0.0,0.0,0.0,0.0,0.0,0.0,0.0,0.0,0.0,0.0,0.0,0.0,0.0,69.2,0,150,71,55,65476,0,300,0,1,8,20529,65476,0,0,40632,65.0,0.0,0.0,0.0,0.0,0.0
2026-09-04T20:05:48,ERR,ERR,ERR,ERR,ERR,ERR,ERR,ERR,ERR,ERR,ERR,ERR,ERR,ERR,ERR,ERR,ERR,ERR,ERR,ERR,ERR,ERR,ERR,ERR,ERR,ERR,ERR,ERR,ERR,ERR,ERR,ERR,ERR,ERR,ERR,ERR,ERR,ERR,ERR,ERR,ERR,ERR,ERR,ERR,ERR,ERR,ERR,ERR,ERR,ERR,ERR,ERR,ERR,ERR,ERR,ERR,ERR,ERR,ERR,ERR,ERR,ERR,ERR,ERR,ERR,ERR,ERR,ERR,ERR,ERR,ERR,ERR,ERR,ERR,ERR,ERR,ERR,ERR,ERR,ERR,ERR,ERR,ERR,ERR,ERR,ERR,ERR,ERR,ERR,ERR,ERR,ERR,ERR,ERR,ERR,ERR,ERR,ERR,ERR,ERR,ERR,ERR,ERR,ERR,ERR,ERR,ERR,ERR,ERR,ERR,ERR,ERR,ERR,ERR,ERR,ERR,ERR,ERR,ERR,ERR,ERR,ERR,ERR,ERR,ERR,2.718430741444032e+23,2.7184312818759872e+23,0.0,0.0,0.0,1.3936040501711995e+18,7.805,0.0,0,0,4,0,7116,0.0,100,0.0,0.0,0.0,0.0,0.0,0,0,0,0,0.0,0,0,0,0,0,0,0,0,0,0,0,0,0,0,0,0,0,0,0,0,0,0,0,0,0,0,0,0,0,0,0,0,0,31,40,40,71,65476,0,300,0,0,8,21553,0.0,-107605600.0,0.0,0.0,0.0,0.0,0.0,0.0,0.0,0.0,0.0,0.0,0.0,0.0,0.0,0.0,0.0,0.0,0.0,0.0,0.0,0.0,0.0,-2.004,-2.004,0.0,0.0,0.0,0.0,0.0,6255.0,-0.0,6930.0,2.718430741444032e+23,2.7184312818759872e+23,-0.0,2.718430741444032e+23,0.0,0.0,0.0,0.0,69,-0.0,126840946688.0,0.0,0.0,0.0,0.0,0.0,0.0,0.0,0,0,0,0.0,0.0,0.0,0.0,0.0,0.0,0.0,0.0,0.0,0.0,0.0,0.0,0.0,0.0,0.0,0.0,0,-107875648.0,69,0.0,138,0.0,-109447200.0,0,13107,17040,39322,17049,26215,17043,0,0,0,70,68,100,2.7302359370752657e+23,71.2,2.7302370179391762e+23,74.2,2.7302370179391762e+23,74.0,1,49,50,180,13107,0,0,0,0.0,0.0,0.0,0.0,-0.0,67.0,0.0,162057.094,0.0,751,0,740,0,0,0,721,0,768,0,736,0,743,0,742,0,712,0,7520,0.032,107911053312.0,0.0,0.0,784,16797,-0.0,162057.094,-114818.039,-0.0,0.133,6.909358625270745e+28,30.0,65.0,35,0.0,0.0,0.0,0.0,0.0,0.0,0.0,0.0,0.0,0.0,0.0,0.0,0.0,0.0,0.0,0.0,69.2,0,150,71,55,65476,0,300,0,1,8,20529,65476,0,0,40632,65.0,0.0,0.0,0.0,0.0,0.0
2026-09-04T20:05:49,ERR,ERR,ERR,ERR,ERR,ERR,ERR,ERR,ERR,ERR,ERR,ERR,ERR,ERR,ERR,ERR,ERR,ERR,ERR,ERR,ERR,ERR,ERR,ERR,ERR,ERR,ERR,ERR,ERR,ERR,ERR,ERR,ERR,ERR,ERR,ERR,ERR,ERR,ERR,ERR,ERR,ERR,ERR,ERR,ERR,ERR,ERR,ERR,ERR,ERR,ERR,ERR,ERR,ERR,ERR,ERR,ERR,ERR,ERR,ERR,ERR,ERR,ERR,ERR,ERR,ERR,ERR,ERR,ERR,ERR,ERR,ERR,ERR,ERR,ERR,ERR,ERR,ERR,ERR,ERR,ERR,ERR,ERR,ERR,ERR,ERR,ERR,ERR,ERR,ERR,ERR,ERR,ERR,ERR,ERR,ERR,ERR,ERR,ERR,ERR,ERR,ERR,ERR,ERR,ERR,ERR,ERR,ERR,ERR,ERR,ERR,ERR,ERR,ERR,ERR,ERR,ERR,ERR,ERR,ERR,ERR,ERR,ERR,ERR,ERR,2.718430741444032e+23,2.7184312818759872e+23,0.0,0.0,0.0,1.3936040501711995e+18,7.805,0.0,0,0,4,0,7116,0.0,100,0.0,0.0,0.0,0.0,0.0,0,0,0,0,0.0,0,0,0,0,0,0,0,0,0,0,0,0,0,0,0,0,0,0,0,0,0,0,0,0,0,0,0,0,0,0,0,0,0,31,40,40,71,65476,0,300,0,0,8,21553,0.0,-107605600.0,0.0,0.0,0.0,0.0,0.0,0.0,0.0,0.0,0.0,0.0,0.0,0.0,0.0,0.0,0.0,0.0,0.0,0.0,0.0,0.0,0.0,-2.004,-2.004,0.0,0.0,0.0,0.0,0.0,6254.0,0.0,6918.0,2.718430741444032e+23,2.7184312818759872e+23,-0.0,2.718430741444032e+23,0.0,0.0,0.0,0.0,69,-0.0,-3.22202084505296e+26,0.0,0.0,0.0,0.0,0.0,0.0,0.0,0,0,0,0.0,0.0,0.0,0.0,0.0,0.0,0.0,0.0,0.0,0.0,0.0,0.0,0.0,0.0,0.0,0.0,0,-107875648.0,69,0.0,138,0.0,-109447200.0,0,13107,17040,39322,17049,26215,17043,0,0,0,70,68,100,2.7302359370752657e+23,71.2,2.7302370179391762e+23,74.2,2.7302370179391762e+23,74.0,1,49,50,180,13107,0,0,0,0.0,0.0,0.0,0.0,-0.0,67.0,0.0,162057.094,0.0,751,0,740,0,0,0,721,0,768,0,736,0,743,0,742,0,712,0,7520,0.032,107911053312.0,0.0,0.0,784,16797,-0.0,162057.094,-114818.039,-0.0,0.133,6.909358625270745e+28,30.0,65.0,35,0.0,0.0,0.0,0.0,0.0,0.0,0.0,0.0,0.0,0.0,0.0,0.0,0.0,0.0,0.0,0.0,69.2,0,150,71,55,65476,0,300,0,1,8,20529,65476,0,0,40632,65.0,0.0,0.0,0.0,0.0,0.0
2026-09-04T20:05:50,ERR,ERR,ERR,ERR,ERR,ERR,ERR,ERR,ERR,ERR,ERR,ERR,ERR,ERR,ERR,ERR,ERR,ERR,ERR,ERR,ERR,ERR,ERR,ERR,ERR,ERR,ERR,ERR,ERR,ERR,ERR,ERR,ERR,ERR,ERR,ERR,ERR,ERR,ERR,ERR,ERR,ERR,ERR,ERR,ERR,ERR,ERR,ERR,ERR,ERR,ERR,ERR,ERR,ERR,ERR,ERR,ERR,ERR,ERR,ERR,ERR,ERR,ERR,ERR,ERR,ERR,ERR,ERR,ERR,ERR,ERR,ERR,ERR,ERR,ERR,ERR,ERR,ERR,ERR,ERR,ERR,ERR,ERR,ERR,ERR,ERR,ERR,ERR,ERR,ERR,ERR,ERR,ERR,ERR,ERR,ERR,ERR,ERR,ERR,ERR,ERR,ERR,ERR,ERR,ERR,ERR,ERR,ERR,ERR,ERR,ERR,ERR,ERR,ERR,ERR,ERR,ERR,ERR,ERR,ERR,ERR,ERR,ERR,ERR,ERR,2.718430741444032e+23,2.7184312818759872e+23,0.0,0.0,0.0,1.3936040501711995e+18,7.805,0.0,0,0,4,0,7116,0.0,100,0.0,0.0,0.0,0.0,0.0,0,0,0,0,0.0,0,0,0,0,0,0,0,0,0,0,0,0,0,0,0,0,0,0,0,0,0,0,0,0,0,0,0,0,0,0,0,0,0,31,40,40,71,65476,0,300,0,0,8,21553,0.0,-107605600.0,0.0,0.0,0.0,0.0,0.0,0.0,0.0,0.0,0.0,0.0,0.0,0.0,0.0,0.0,0.0,0.0,0.0,0.0,0.0,0.0,0.0,-2.004,-2.004,0.0,0.0,0.0,0.0,0.0,6254.0,0.0,6918.0,2.718430741444032e+23,2.7184312818759872e+23,-0.0,2.718430741444032e+23,0.0,0.0,0.0,0.0,69,-0.0,-3.22202084505296e+26,0.0,0.0,0.0,0.0,0.0,0.0,0.0,0,0,0,0.0,0.0,0.0,0.0,0.0,0.0,0.0,0.0,0.0,0.0,0.0,0.0,0.0,0.0,0.0,0.0,0,-107875648.0,69,0.0,138,0.0,-109447200.0,0,13107,17040,39322,17049,26215,17043,0,0,0,70,68,100,2.7302359370752657e+23,71.2,2.7302370179391762e+23,74.2,2.7302370179391762e+23,74.0,1,49,50,180,13107,0,0,0,0.0,0.0,0.0,0.0,-0.0,67.0,0.0,162057.094,0.0,751,0,740,0,0,0,721,0,768,0,736,0,743,0,742,0,712,0,7520,0.032,107911053312.0,0.0,0.0,784,16797,-0.0,162057.094,-114818.039,-0.0,0.133,6.909358625270745e+28,30.0,65.0,35,0.0,0.0,0.0,0.0,0.0,0.0,0.0,0.0,0.0,0.0,0.0,0.0,0.0,0.0,0.0,0.0,69.2,0,150,71,55,65476,0,300,0,1,8,20529,65476,0,0,40632,65.0,0.0,0.0,0.0,0.0,0.0
2026-09-04T20:05:51,ERR,ERR,ERR,ERR,ERR,ERR,ERR,ERR,ERR,ERR,ERR,ERR,ERR,ERR,ERR,ERR,ERR,ERR,ERR,ERR,ERR,ERR,ERR,ERR,ERR,ERR,ERR,ERR,ERR,ERR,ERR,ERR,ERR,ERR,ERR,ERR,ERR,ERR,ERR,ERR,ERR,ERR,ERR,ERR,ERR,ERR,ERR,ERR,ERR,ERR,ERR,ERR,ERR,ERR,ERR,ERR,ERR,ERR,ERR,ERR,ERR,ERR,ERR,ERR,ERR,ERR,ERR,ERR,ERR,ERR,ERR,ERR,ERR,ERR,ERR,ERR,ERR,ERR,ERR,ERR,ERR,ERR,ERR,ERR,ERR,ERR,ERR,ERR,ERR,ERR,ERR,ERR,ERR,ERR,ERR,ERR,ERR,ERR,ERR,ERR,ERR,ERR,ERR,ERR,ERR,ERR,ERR,ERR,ERR,ERR,ERR,ERR,ERR,ERR,ERR,ERR,ERR,ERR,ERR,ERR,ERR,ERR,ERR,ERR,ERR,2.718430741444032e+23,2.7184312818759872e+23,0.0,0.0,0.0,1.3936040501711995e+18,7.805,0.0,0,0,4,0,7116,0.0,100,0.0,0.0,0.0,0.0,0.0,0,0,0,0,0.0,0,0,0,0,0,0,0,0,0,0,0,0,0,0,0,0,0,0,0,0,0,0,0,0,0,0,0,0,0,0,0,0,0,31,40,40,71,65476,0,300,0,0,8,21553,0.0,-107605600.0,0.0,0.0,0.0,0.0,0.0,0.0,0.0,0.0,0.0,0.0,0.0,0.0,0.0,0.0,0.0,0.0,0.0,0.0,0.0,0.0,0.0,-2.004,-2.004,0.0,0.0,0.0,0.0,0.0,6254.0,0.0,6918.0,2.718430741444032e+23,2.7184312818759872e+23,-0.0,2.718430741444032e+23,0.0,0.0,0.0,0.0,69,-0.0,-3.22202084505296e+26,0.0,0.0,0.0,0.0,0.0,0.0,0.0,0,0,0,0.0,0.0,0.0,0.0,0.0,0.0,0.0,0.0,0.0,0.0,0.0,0.0,0.0,0.0,0.0,0.0,0,-107875648.0,69,0.0,138,0.0,-109447200.0,0,13107,17040,39322,17049,26215,17043,0,0,0,70,68,100,2.7302359370752657e+23,71.2,2.7302370179391762e+23,74.2,2.7302370179391762e+23,74.0,1,49,50,180,13107,0,0,0,0.0,0.0,0.0,0.0,-0.0,67.0,0.0,162057.094,0.0,751,0,740,0,0,0,721,0,768,0,736,0,743,0,742,0,712,0,7520,0.032,107911053312.0,0.0,0.0,784,16797,-0.0,162057.094,-114818.039,-0.0,0.133,6.909358625270745e+28,30.0,65.0,35,0.0,0.0,0.0,0.0,0.0,0.0,0.0,0.0,0.0,0.0,0.0,0.0,0.0,0.0,0.0,0.0,69.2,0,150,71,55,65476,0,300,0,1,8,20529,65476,0,0,40632,65.0,0.0,0.0,0.0,0.0,0.0
2026-09-04T20:05:52,ERR,ERR,ERR,ERR,ERR,ERR,ERR,ERR,ERR,ERR,ERR,ERR,ERR,ERR,ERR,ERR,ERR,ERR,ERR,ERR,ERR,ERR,ERR,ERR,ERR,ERR,ERR,ERR,ERR,ERR,ERR,ERR,ERR,ERR,ERR,ERR,ERR,ERR,ERR,ERR,ERR,ERR,ERR,ERR,ERR,ERR,ERR,ERR,ERR,ERR,ERR,ERR,ERR,ERR,ERR,ERR,ERR,ERR,ERR,ERR,ERR,ERR,ERR,ERR,ERR,ERR,ERR,ERR,ERR,ERR,ERR,ERR,ERR,ERR,ERR,ERR,ERR,ERR,ERR,ERR,ERR,ERR,ERR,ERR,ERR,ERR,ERR,ERR,ERR,ERR,ERR,ERR,ERR,ERR,ERR,ERR,ERR,ERR,ERR,ERR,ERR,ERR,ERR,ERR,ERR,ERR,ERR,ERR,ERR,ERR,ERR,ERR,ERR,ERR,ERR,ERR,ERR,ERR,ERR,ERR,ERR,ERR,ERR,ERR,ERR,2.718430741444032e+23,2.7184312818759872e+23,0.0,0.0,0.0,1.3936040501711995e+18,7.805,0.0,0,0,4,0,7116,0.0,100,0.0,0.0,0.0,0.0,0.0,0,0,0,0,0.0,0,0,0,0,0,0,0,0,0,0,0,0,0,0,0,0,0,0,0,0,0,0,0,0,0,0,0,0,0,0,0,0,0,31,40,40,71,65476,0,300,0,0,8,21553,0.0,-107605600.0,0.0,0.0,0.0,0.0,0.0,0.0,0.0,0.0,0.0,0.0,0.0,0.0,0.0,0.0,0.0,0.0,0.0,0.0,0.0,0.0,0.0,-2.004,-2.004,0.0,0.0,0.0,0.0,0.0,6254.0,0.0,6918.0,2.718430741444032e+23,2.7184312818759872e+23,-0.0,2.718430741444032e+23,0.0,0.0,0.0,0.0,69,-0.0,-3.22202084505296e+26,0.0,0.0,0.0,0.0,0.0,0.0,0.0,0,0,0,0.0,0.0,0.0,0.0,0.0,0.0,0.0,0.0,0.0,0.0,0.0,0.0,0.0,0.0,0.0,0.0,0,-107875648.0,69,0.0,138,0.0,-109447200.0,0,13107,17040,39322,17049,26215,17043,0,0,0,70,68,100,2.7302359370752657e+23,71.2,2.7302370179391762e+23,74.2,2.7302370179391762e+23,74.0,1,49,50,180,13107,0,0,0,0.0,0.0,0.0,0.0,-0.0,67.0,0.0,162057.094,0.0,751,0,740,0,0,0,721,0,768,0,736,0,743,0,742,0,712,0,7520,0.032,107911053312.0,0.0,0.0,784,16797,-0.0,162057.094,-114818.039,-0.0,0.133,6.909358625270745e+28,30.0,65.0,35,0.0,0.0,0.0,0.0,0.0,0.0,0.0,0.0,0.0,0.0,0.0,0.0,0.0,0.0,0.0,0.0,69.2,0,150,71,55,65476,0,300,0,1,8,20529,65476,0,0,40632,65.0,0.0,0.0,0.0,0.0,0.0
2026-09-04T20:05:53,ERR,ERR,ERR,ERR,ERR,ERR,ERR,ERR,ERR,ERR,ERR,ERR,ERR,ERR,ERR,ERR,ERR,ERR,ERR,ERR,ERR,ERR,ERR,ERR,ERR,ERR,ERR,ERR,ERR,ERR,ERR,ERR,ERR,ERR,ERR,ERR,ERR,ERR,ERR,ERR,ERR,ERR,ERR,ERR,ERR,ERR,ERR,ERR,ERR,ERR,ERR,ERR,ERR,ERR,ERR,ERR,ERR,ERR,ERR,ERR,ERR,ERR,ERR,ERR,ERR,ERR,ERR,ERR,ERR,ERR,ERR,ERR,ERR,ERR,ERR,ERR,ERR,ERR,ERR,ERR,ERR,ERR,ERR,ERR,ERR,ERR,ERR,ERR,ERR,ERR,ERR,ERR,ERR,ERR,ERR,ERR,ERR,ERR,ERR,ERR,ERR,ERR,ERR,ERR,ERR,ERR,ERR,ERR,ERR,ERR,ERR,ERR,ERR,ERR,ERR,ERR,ERR,ERR,ERR,ERR,ERR,ERR,ERR,ERR,ERR,2.718430741444032e+23,2.7184312818759872e+23,0.0,0.0,0.0,1.3936040501711995e+18,7.805,0.0,0,0,4,0,7116,0.0,100,0.0,0.0,0.0,0.0,0.0,0,0,0,0,0.0,0,0,0,0,0,0,0,0,0,0,0,0,0,0,0,0,0,0,0,0,0,0,0,0,0,0,0,0,0,0,0,0,0,31,40,40,71,65476,0,300,0,0,8,21553,0.0,-107605600.0,0.0,0.0,0.0,0.0,0.0,0.0,0.0,0.0,0.0,0.0,0.0,0.0,0.0,0.0,0.0,0.0,0.0,0.0,0.0,0.0,0.0,-2.004,-2.004,0.0,0.0,0.0,0.0,0.0,6254.0,0.0,6918.0,2.718430741444032e+23,2.7184312818759872e+23,-0.0,2.718430741444032e+23,0.0,0.0,0.0,0.0,69,-0.0,-3.22202084505296e+26,0.0,0.0,0.0,0.0,0.0,0.0,0.0,0,0,0,0.0,0.0,0.0,0.0,0.0,0.0,0.0,0.0,0.0,0.0,0.0,0.0,0.0,0.0,0.0,0.0,0,-107875648.0,69,0.0,138,0.0,-109447200.0,0,13107,17040,39322,17049,26215,17043,0,0,0,70,68,100,2.7302359370752657e+23,71.2,2.7302370179391762e+23,74.2,2.7302370179391762e+23,74.0,1,49,50,180,13107,0,0,0,0.0,0.0,0.0,0.0,-0.0,67.0,0.0,162057.094,0.0,751,0,740,0,0,0,721,0,768,0,736,0,743,0,742,0,712,0,7520,0.032,107911053312.0,0.0,0.0,784,16797,-0.0,162057.094,-114818.039,-0.0,0.133,6.909358625270745e+28,30.0,65.0,35,0.0,0.0,0.0,0.0,0.0,0.0,0.0,0.0,0.0,0.0,0.0,0.0,0.0,0.0,0.0,0.0,69.2,0,150,71,55,65476,0,300,0,1,8,20529,65476,0,0,40632,65.0,0.0,0.0,0.0,0.0,0.0
2026-09-04T20:05:54,ERR,ERR,ERR,ERR,ERR,ERR,ERR,ERR,ERR,ERR,ERR,ERR,ERR,ERR,ERR,ERR,ERR,ERR,ERR,ERR,ERR,ERR,ERR,ERR,ERR,ERR,ERR,ERR,ERR,ERR,ERR,ERR,ERR,ERR,ERR,ERR,ERR,ERR,ERR,ERR,ERR,ERR,ERR,ERR,ERR,ERR,ERR,ERR,ERR,ERR,ERR,ERR,ERR,ERR,ERR,ERR,ERR,ERR,ERR,ERR,ERR,ERR,ERR,ERR,ERR,ERR,ERR,ERR,ERR,ERR,ERR,ERR,ERR,ERR,ERR,ERR,ERR,ERR,ERR,ERR,ERR,ERR,ERR,ERR,ERR,ERR,ERR,ERR,ERR,ERR,ERR,ERR,ERR,ERR,ERR,ERR,ERR,ERR,ERR,ERR,ERR,ERR,ERR,ERR,ERR,ERR,ERR,ERR,ERR,ERR,ERR,ERR,ERR,ERR,ERR,ERR,ERR,ERR,ERR,ERR,ERR,ERR,ERR,ERR,ERR,2.718430741444032e+23,2.7184312818759872e+23,0.0,0.0,0.0,1.3936040501711995e+18,7.805,0.0,0,0,4,0,7116,0.0,100,0.0,0.0,0.0,0.0,0.0,0,0,0,0,0.0,0,0,0,0,0,0,0,0,0,0,0,0,0,0,0,0,0,0,0,0,0,0,0,0,0,0,0,0,0,0,0,0,0,31,40,40,71,65476,0,300,0,0,8,21553,0.0,-107605600.0,0.0,0.0,0.0,0.0,0.0,0.0,0.0,0.0,0.0,0.0,0.0,0.0,0.0,0.0,0.0,0.0,0.0,0.0,0.0,0.0,0.0,-2.004,-2.004,0.0,0.0,0.0,0.0,0.0,6254.0,0.0,6918.0,2.718430741444032e+23,2.7184312818759872e+23,-0.0,2.718430741444032e+23,0.0,0.0,0.0,0.0,69,-0.0,-3.22202084505296e+26,0.0,0.0,0.0,0.0,0.0,0.0,0.0,0,0,0,0.0,0.0,0.0,0.0,0.0,0.0,0.0,0.0,0.0,0.0,0.0,0.0,0.0,0.0,0.0,0.0,0,-107875648.0,69,0.0,138,0.0,-109447200.0,0,13107,17040,39322,17049,13107,17043,0,0,0,70,68,100,2.7302359370752657e+23,71.2,2.7302370179391762e+23,74.2,2.7302370179391762e+23,74.0,1,49,50,180,13107,0,0,0,0.0,0.0,0.0,0.0,-0.0,67.0,0.0,162057.094,0.0,751,0,740,0,0,0,721,0,768,0,737,0,743,0,742,0,712,0,7520,0.032,107911053312.0,0.0,0.0,784,16797,-0.0,162057.094,-114818.039,-0.0,0.133,6.909358625270745e+28,30.0,65.0,35,0.0,0.0,0.0,0.0,0.0,0.0,0.0,0.0,0.0,0.0,0.0,0.0,0.0,0.0,0.0,0.0,69.2,0,150,71,55,65476,0,300,0,1,8,20529,65476,0,0,40632,65.0,0.0,0.0,0.0,0.0,0.0
2026-09-04T20:05:55,ERR,ERR,ERR,ERR,ERR,ERR,ERR,ERR,ERR,ERR,ERR,ERR,ERR,ERR,ERR,ERR,ERR,ERR,ERR,ERR,ERR,ERR,ERR,ERR,ERR,ERR,ERR,ERR,ERR,ERR,ERR,ERR,ERR,ERR,ERR,ERR,ERR,ERR,ERR,ERR,ERR,ERR,ERR,ERR,ERR,ERR,ERR,ERR,ERR,ERR,ERR,ERR,ERR,ERR,ERR,ERR,ERR,ERR,ERR,ERR,ERR,ERR,ERR,ERR,ERR,ERR,ERR,ERR,ERR,ERR,ERR,ERR,ERR,ERR,ERR,ERR,ERR,ERR,ERR,ERR,ERR,ERR,ERR,ERR,ERR,ERR,ERR,ERR,ERR,ERR,ERR,ERR,ERR,ERR,ERR,ERR,ERR,ERR,ERR,ERR,ERR,ERR,ERR,ERR,ERR,ERR,ERR,ERR,ERR,ERR,ERR,ERR,ERR,ERR,ERR,ERR,ERR,ERR,ERR,ERR,ERR,ERR,ERR,ERR,ERR,2.718430741444032e+23,2.7184312818759872e+23,0.0,0.0,0.0,1.3936040501711995e+18,7.805,0.0,0,0,4,0,7116,0.0,100,0.0,0.0,0.0,0.0,0.0,0,0,0,0,0.0,0,0,0,0,0,0,0,0,0,0,0,0,0,0,0,0,0,0,0,0,0,0,0,0,0,0,0,0,0,0,0,0,0,31,40,40,71,65476,0,300,0,0,8,21553,0.0,-107605600.0,0.0,0.0,0.0,0.0,0.0,0.0,0.0,0.0,0.0,0.0,0.0,0.0,0.0,0.0,0.0,0.0,0.0,0.0,0.0,0.0,0.0,-2.004,-2.004,0.0,0.0,0.0,0.0,0.0,6251.0,3.697203286006091e+19,6924.0,2.718430741444032e+23,2.7184312818759872e+23,-0.0,2.718430741444032e+23,0.0,0.0,0.0,0.0,69,-0.0,0.0,0.0,0.0,0.0,0.0,0.0,0.0,0.0,0,0,0,0.0,0.0,0.0,0.0,0.0,0.0,0.0,0.0,0.0,0.0,0.0,0.0,0.0,0.0,0.0,0.0,0,-107875648.0,69,0.0,138,0.0,-109447200.0,0,13107,17040,39322,17049,13107,17043,0,0,0,70,68,100,2.7302359370752657e+23,71.2,2.7302370179391762e+23,74.2,2.7302370179391762e+23,74.0,1,49,50,180,13107,0,0,0,0.0,0.0,0.0,0.0,-0.0,67.0,0.0,162057.094,0.0,751,0,740,0,0,0,721,0,768,0,737,0,743,0,742,0,712,0,7520,0.032,107911053312.0,0.0,0.0,784,16797,-0.0,162057.094,-114818.039,-0.0,0.133,6.909358625270745e+28,30.0,65.0,35,0.0,0.0,0.0,0.0,0.0,0.0,0.0,0.0,0.0,0.0,0.0,0.0,0.0,0.0,0.0,0.0,69.2,0,150,71,55,65476,0,300,0,1,8,20529,65476,0,0,40632,65.0,0.0,0.0,0.0,0.0,0.0
2026-09-04T20:05:56,ERR,ERR,ERR,ERR,ERR,ERR,ERR,ERR,ERR,ERR,ERR,ERR,ERR,ERR,ERR,ERR,ERR,ERR,ERR,ERR,ERR,ERR,ERR,ERR,ERR,ERR,ERR,ERR,ERR,ERR,ERR,ERR,ERR,ERR,ERR,ERR,ERR,ERR,ERR,ERR,ERR,ERR,ERR,ERR,ERR,ERR,ERR,ERR,ERR,ERR,ERR,ERR,ERR,ERR,ERR,ERR,ERR,ERR,ERR,ERR,ERR,ERR,ERR,ERR,ERR,ERR,ERR,ERR,ERR,ERR,ERR,ERR,ERR,ERR,ERR,ERR,ERR,ERR,ERR,ERR,ERR,ERR,ERR,ERR,ERR,ERR,ERR,ERR,ERR,ERR,ERR,ERR,ERR,ERR,ERR,ERR,ERR,ERR,ERR,ERR,ERR,ERR,ERR,ERR,ERR,ERR,ERR,ERR,ERR,ERR,ERR,ERR,ERR,ERR,ERR,ERR,ERR,ERR,ERR,ERR,ERR,ERR,ERR,ERR,ERR,2.718430741444032e+23,2.7184312818759872e+23,0.0,0.0,0.0,1.3936040501711995e+18,7.805,0.0,0,0,4,0,7116,0.0,100,0.0,0.0,0.0,0.0,0.0,0,0,0,0,0.0,0,0,0,0,0,0,0,0,0,0,0,0,0,0,0,0,0,0,0,0,0,0,0,0,0,0,0,0,0,0,0,0,0,31,40,40,71,65476,0,300,0,0,8,21553,0.0,-107605600.0,0.0,0.0,0.0,0.0,0.0,0.0,0.0,0.0,0.0,0.0,0.0,0.0,0.0,0.0,0.0,0.0,0.0,0.0,0.0,0.0,0.0,-2.004,-2.004,0.0,0.0,0.0,0.0,0.0,6251.0,3.697203286006091e+19,6924.0,2.718430741444032e+23,2.7184312818759872e+23,-0.0,2.718430741444032e+23,0.0,0.0,0.0,0.0,69,-0.0,0.0,0.0,0.0,0.0,0.0,0.0,0.0,0.0,0,0,0,0.0,0.0,0.0,0.0,0.0,0.0,0.0,0.0,0.0,0.0,0.0,0.0,0.0,0.0,0.0,0.0,0,-107875648.0,69,0.0,138,0.0,-109447200.0,0,13107,17040,39322,17049,13107,17043,0,0,0,70,68,100,2.7302359370752657e+23,71.2,2.7302370179391762e+23,74.2,2.7302370179391762e+23,74.0,1,49,50,180,13107,0,0,0,0.0,0.0,0.0,0.0,-0.0,67.0,0.0,162057.094,0.0,751,0,740,0,0,0,721,0,768,0,737,0,743,0,742,0,712,0,7520,0.032,107911053312.0,0.0,0.0,784,16797,-0.0,162057.094,-114818.039,-0.0,0.133,6.909358625270745e+28,30.0,65.0,35,0.0,0.0,0.0,0.0,0.0,0.0,0.0,0.0,0.0,0.0,0.0,0.0,0.0,0.0,0.0,0.0,69.2,0,150,71,55,65476,0,300,0,1,8,20529,65476,0,0,40632,65.0,0.0,0.0,0.0,0.0,0.0
2026-09-04T20:05:57,ERR,ERR,ERR,ERR,ERR,ERR,ERR,ERR,ERR,ERR,ERR,ERR,ERR,ERR,ERR,ERR,ERR,ERR,ERR,ERR,ERR,ERR,ERR,ERR,ERR,ERR,ERR,ERR,ERR,ERR,ERR,ERR,ERR,ERR,ERR,ERR,ERR,ERR,ERR,ERR,ERR,ERR,ERR,ERR,ERR,ERR,ERR,ERR,ERR,ERR,ERR,ERR,ERR,ERR,ERR,ERR,ERR,ERR,ERR,ERR,ERR,ERR,ERR,ERR,ERR,ERR,ERR,ERR,ERR,ERR,ERR,ERR,ERR,ERR,ERR,ERR,ERR,ERR,ERR,ERR,ERR,ERR,ERR,ERR,ERR,ERR,ERR,ERR,ERR,ERR,ERR,ERR,ERR,ERR,ERR,ERR,ERR,ERR,ERR,ERR,ERR,ERR,ERR,ERR,ERR,ERR,ERR,ERR,ERR,ERR,ERR,ERR,ERR,ERR,ERR,ERR,ERR,ERR,ERR,ERR,ERR,ERR,ERR,ERR,ERR,2.718430741444032e+23,2.7184312818759872e+23,0.0,0.0,0.0,1.3936040501711995e+18,7.805,0.0,0,0,4,0,7116,0.0,100,0.0,0.0,0.0,0.0,0.0,0,0,0,0,0.0,0,0,0,0,0,0,0,0,0,0,0,0,0,0,0,0,0,0,0,0,0,0,0,0,0,0,0,0,0,0,0,0,0,31,40,40,71,65476,0,300,0,0,8,21553,0.0,-107605600.0,0.0,0.0,0.0,0.0,0.0,0.0,0.0,0.0,0.0,0.0,0.0,0.0,0.0,0.0,0.0,0.0,0.0,0.0,0.0,0.0,0.0,-2.004,-2.004,0.0,0.0,0.0,0.0,0.0,6251.0,3.697203286006091e+19,6924.0,2.718430741444032e+23,2.7184312818759872e+23,-0.0,2.718430741444032e+23,0.0,0.0,0.0,0.0,69,-0.0,0.0,0.0,0.0,0.0,0.0,0.0,0.0,0.0,0,0,0,0.0,0.0,0.0,0.0,0.0,0.0,0.0,0.0,0.0,0.0,0.0,0.0,0.0,0.0,0.0,0.0,0,-107875648.0,69,0.0,138,0.0,-109447200.0,0,13107,17040,39322,17049,13107,17043,0,0,0,70,68,100,2.7302359370752657e+23,71.2,2.7302370179391762e+23,74.2,2.7302370179391762e+23,74.0,1,49,50,180,13107,0,0,0,0.0,0.0,0.0,0.0,-0.0,67.0,0.0,162057.094,0.0,751,0,740,0,0,0,721,0,768,0,737,0,743,0,742,0,712,0,7520,0.032,107911053312.0,0.0,0.0,784,16797,-0.0,162057.094,-114818.039,-0.0,0.133,6.909358625270745e+28,30.0,65.0,35,0.0,0.0,0.0,0.0,0.0,0.0,0.0,0.0,0.0,0.0,0.0,0.0,0.0,0.0,0.0,0.0,69.2,0,150,71,55,65476,0,300,0,1,8,20529,65476,0,0,40632,65.0,0.0,0.0,0.0,0.0,0.0
2026-09-04T20:05:58,ERR,ERR,ERR,ERR,ERR,ERR,ERR,ERR,ERR,ERR,ERR,ERR,ERR,ERR,ERR,ERR,ERR,ERR,ERR,ERR,ERR,ERR,ERR,ERR,ERR,ERR,ERR,ERR,ERR,ERR,ERR,ERR,ERR,ERR,ERR,ERR,ERR,ERR,ERR,ERR,ERR,ERR,ERR,ERR,ERR,ERR,ERR,ERR,ERR,ERR,ERR,ERR,ERR,ERR,ERR,ERR,ERR,ERR,ERR,ERR,ERR,ERR,ERR,ERR,ERR,ERR,ERR,ERR,ERR,ERR,ERR,ERR,ERR,ERR,ERR,ERR,ERR,ERR,ERR,ERR,ERR,ERR,ERR,ERR,ERR,ERR,ERR,ERR,ERR,ERR,ERR,ERR,ERR,ERR,ERR,ERR,ERR,ERR,ERR,ERR,ERR,ERR,ERR,ERR,ERR,ERR,ERR,ERR,ERR,ERR,ERR,ERR,ERR,ERR,ERR,ERR,ERR,ERR,ERR,ERR,ERR,ERR,ERR,ERR,ERR,2.718430741444032e+23,2.7184312818759872e+23,0.0,0.0,0.0,1.3936040501711995e+18,7.805,0.0,0,0,4,0,7116,0.0,100,0.0,0.0,0.0,0.0,0.0,0,0,0,0,0.0,0,0,0,0,0,0,0,0,0,0,0,0,0,0,0,0,0,0,0,0,0,0,0,0,0,0,0,0,0,0,0,0,0,31,40,40,71,65476,0,300,0,0,8,21553,0.0,-107605600.0,0.0,0.0,0.0,0.0,0.0,0.0,0.0,0.0,0.0,0.0,0.0,0.0,0.0,0.0,0.0,0.0,0.0,0.0,0.0,0.0,0.0,-2.004,-2.004,0.0,0.0,0.0,0.0,0.0,6251.0,3.697203286006091e+19,6924.0,2.718430741444032e+23,2.7184312818759872e+23,-0.0,2.718430741444032e+23,0.0,0.0,0.0,0.0,69,-0.0,0.0,0.0,0.0,0.0,0.0,0.0,0.0,0.0,0,0,0,0.0,0.0,0.0,0.0,0.0,0.0,0.0,0.0,0.0,0.0,0.0,0.0,0.0,0.0,0.0,0.0,0,-107875648.0,69,0.0,138,0.0,-109447200.0,0,13107,17040,39322,17049,13107,17043,0,0,0,70,68,100,2.7302359370752657e+23,71.2,2.7302370179391762e+23,74.3,-0.0,74.0,1,49,50,180,13107,0,0,0,0.0,0.0,0.0,0.0,-0.0,67.0,0.0,162057.094,0.0,751,0,740,0,0,0,721,0,768,0,736,0,743,0,742,0,712,0,7520,0.032,107911053312.0,0.0,0.0,784,16797,-0.0,162057.094,-114818.039,-0.0,0.133,6.909358625270745e+28,30.0,65.0,35,0.0,0.0,0.0,0.0,0.0,0.0,0.0,0.0,0.0,0.0,0.0,0.0,0.0,0.0,0.0,0.0,69.2,0,150,71,55,65476,0,300,0,1,8,20529,65476,0,0,40632,65.0,0.0,0.0,0.0,0.0,0.0
2026-09-04T20:05:59,ERR,ERR,ERR,ERR,ERR,ERR,ERR,ERR,ERR,ERR,ERR,ERR,ERR,ERR,ERR,ERR,ERR,ERR,ERR,ERR,ERR,ERR,ERR,ERR,ERR,ERR,ERR,ERR,ERR,ERR,ERR,ERR,ERR,ERR,ERR,ERR,ERR,ERR,ERR,ERR,ERR,ERR,ERR,ERR,ERR,ERR,ERR,ERR,ERR,ERR,ERR,ERR,ERR,ERR,ERR,ERR,ERR,ERR,ERR,ERR,ERR,ERR,ERR,ERR,ERR,ERR,ERR,ERR,ERR,ERR,ERR,ERR,ERR,ERR,ERR,ERR,ERR,ERR,ERR,ERR,ERR,ERR,ERR,ERR,ERR,ERR,ERR,ERR,ERR,ERR,ERR,ERR,ERR,ERR,ERR,ERR,ERR,ERR,ERR,ERR,ERR,ERR,ERR,ERR,ERR,ERR,ERR,ERR,ERR,ERR,ERR,ERR,ERR,ERR,ERR,ERR,ERR,ERR,ERR,ERR,ERR,ERR,ERR,ERR,ERR,2.718430741444032e+23,2.7184312818759872e+23,0.0,0.0,0.0,1.3936040501711995e+18,7.805,0.0,0,0,4,0,7116,0.0,100,0.0,0.0,0.0,0.0,0.0,0,0,0,0,0.0,0,0,0,0,0,0,0,0,0,0,0,0,0,0,0,0,0,0,0,0,0,0,0,0,0,0,0,0,0,0,0,0,0,31,40,40,71,65476,0,300,0,0,8,21553,0.0,-107605600.0,0.0,0.0,0.0,0.0,0.0,0.0,0.0,0.0,0.0,0.0,0.0,0.0,0.0,0.0,0.0,0.0,0.0,0.0,0.0,0.0,0.0,-2.004,-2.004,0.0,0.0,0.0,0.0,0.0,6251.0,3.697203286006091e+19,6924.0,2.718430741444032e+23,2.7184312818759872e+23,-0.0,2.718430741444032e+23,0.0,0.0,0.0,0.0,69,-0.0,0.0,0.0,0.0,0.0,0.0,0.0,0.0,0.0,0,0,0,0.0,0.0,0.0,0.0,0.0,0.0,0.0,0.0,0.0,0.0,0.0,0.0,0.0,0.0,0.0,0.0,0,-107875648.0,69,0.0,138,0.0,-109447200.0,0,13107,17040,39322,17049,13107,17043,0,0,0,70,68,100,2.7302359370752657e+23,71.2,2.7302370179391762e+23,74.3,-0.0,74.0,1,49,50,180,13107,0,0,0,0.0,0.0,0.0,0.0,-0.0,67.0,0.0,162057.094,0.0,751,0,740,0,0,0,721,0,768,0,736,0,743,0,742,0,712,0,7520,0.032,107911053312.0,0.0,0.0,784,16797,-0.0,162057.094,-114818.039,-0.0,0.133,6.909358625270745e+28,30.0,65.0,35,0.0,0.0,0.0,0.0,0.0,0.0,0.0,0.0,0.0,0.0,0.0,0.0,0.0,0.0,0.0,0.0,69.2,0,150,71,55,65476,0,300,0,1,8,20529,65476,0,0,40632,65.0,0.0,0.0,0.0,0.0,0.0
2026-09-04T20:06:00,ERR,ERR,ERR,ERR,ERR,ERR,ERR,ERR,ERR,ERR,ERR,ERR,ERR,ERR,ERR,ERR,ERR,ERR,ERR,ERR,ERR,ERR,ERR,ERR,ERR,ERR,ERR,ERR,ERR,ERR,ERR,ERR,ERR,ERR,ERR,ERR,ERR,ERR,ERR,ERR,ERR,ERR,ERR,ERR,ERR,ERR,ERR,ERR,ERR,ERR,ERR,ERR,ERR,ERR,ERR,ERR,ERR,ERR,ERR,ERR,ERR,ERR,ERR,ERR,ERR,ERR,ERR,ERR,ERR,ERR,ERR,ERR,ERR,ERR,ERR,ERR,ERR,ERR,ERR,ERR,ERR,ERR,ERR,ERR,ERR,ERR,ERR,ERR,ERR,ERR,ERR,ERR,ERR,ERR,ERR,ERR,ERR,ERR,ERR,ERR,ERR,ERR,ERR,ERR,ERR,ERR,ERR,ERR,ERR,ERR,ERR,ERR,ERR,ERR,ERR,ERR,ERR,ERR,ERR,ERR,ERR,ERR,ERR,ERR,ERR,2.718430741444032e+23,2.7184312818759872e+23,0.0,0.0,0.0,1.3936040501711995e+18,7.805,0.0,0,0,4,0,7116,0.0,100,0.0,0.0,0.0,0.0,0.0,0,0,0,0,0.0,0,0,0,0,0,0,0,0,0,0,0,0,0,0,0,0,0,0,0,0,0,0,0,0,0,0,0,0,0,0,0,0,0,31,40,40,71,65476,0,300,0,0,8,21553,0.0,-107605600.0,0.0,0.0,0.0,0.0,0.0,0.0,0.0,0.0,0.0,0.0,0.0,0.0,0.0,0.0,0.0,0.0,0.0,0.0,0.0,0.0,0.0,-2.004,-2.004,0.0,0.0,0.0,0.0,0.0,6251.0,3.697203286006091e+19,6924.0,2.718430741444032e+23,2.7184312818759872e+23,-0.0,2.718430741444032e+23,0.0,0.0,0.0,0.0,69,-0.0,0.0,0.0,0.0,0.0,0.0,0.0,0.0,0.0,0,0,0,0.0,0.0,0.0,0.0,0.0,0.0,0.0,0.0,0.0,0.0,0.0,0.0,0.0,0.0,0.0,0.0,0,-107875648.0,69,0.0,138,0.0,-109447200.0,0,13107,17040,39322,17049,13107,17043,0,0,0,70,68,100,2.7302359370752657e+23,71.2,2.7302370179391762e+23,74.3,-0.0,74.0,1,49,50,180,13107,0,0,0,0.0,0.0,0.0,0.0,-0.0,67.0,0.0,162057.094,0.0,751,0,740,0,0,0,721,0,768,0,736,0,743,0,742,0,712,0,7520,0.032,107911053312.0,0.0,0.0,784,16797,-0.0,162057.094,-114818.039,-0.0,0.133,6.909358625270745e+28,30.0,65.0,35,0.0,0.0,0.0,0.0,0.0,0.0,0.0,0.0,0.0,0.0,0.0,0.0,0.0,0.0,0.0,0.0,69.2,0,150,71,55,65476,0,300,0,1,8,20529,65476,0,0,40632,65.0,0.0,0.0,0.0,0.0,0.0
2026-09-04T20:06:01,ERR,ERR,ERR,ERR,ERR,ERR,ERR,ERR,ERR,ERR,ERR,ERR,ERR,ERR,ERR,ERR,ERR,ERR,ERR,ERR,ERR,ERR,ERR,ERR,ERR,ERR,ERR,ERR,ERR,ERR,ERR,ERR,ERR,ERR,ERR,ERR,ERR,ERR,ERR,ERR,ERR,ERR,ERR,ERR,ERR,ERR,ERR,ERR,ERR,ERR,ERR,ERR,ERR,ERR,ERR,ERR,ERR,ERR,ERR,ERR,ERR,ERR,ERR,ERR,ERR,ERR,ERR,ERR,ERR,ERR,ERR,ERR,ERR,ERR,ERR,ERR,ERR,ERR,ERR,ERR,ERR,ERR,ERR,ERR,ERR,ERR,ERR,ERR,ERR,ERR,ERR,ERR,ERR,ERR,ERR,ERR,ERR,ERR,ERR,ERR,ERR,ERR,ERR,ERR,ERR,ERR,ERR,ERR,ERR,ERR,ERR,ERR,ERR,ERR,ERR,ERR,ERR,ERR,ERR,ERR,ERR,ERR,ERR,ERR,ERR,2.718430741444032e+23,2.7184312818759872e+23,0.0,0.0,0.0,1.3936040501711995e+18,7.805,0.0,0,0,4,0,7116,0.0,100,0.0,0.0,0.0,0.0,0.0,0,0,0,0,0.0,0,0,0,0,0,0,0,0,0,0,0,0,0,0,0,0,0,0,0,0,0,0,0,0,0,0,0,0,0,0,0,0,0,31,40,40,71,65476,0,300,0,0,8,21553,0.0,-107605600.0,0.0,0.0,0.0,0.0,0.0,0.0,0.0,0.0,0.0,0.0,0.0,0.0,0.0,0.0,0.0,0.0,0.0,0.0,0.0,0.0,0.0,-2.004,-2.004,0.0,0.0,0.0,0.0,0.0,6251.0,3.697203286006091e+19,6924.0,2.718430741444032e+23,2.7184312818759872e+23,-0.0,2.718430741444032e+23,0.0,0.0,0.0,0.0,69,-0.0,0.0,0.0,0.0,0.0,0.0,0.0,0.0,0.0,0,0,0,0.0,0.0,0.0,0.0,0.0,0.0,0.0,0.0,0.0,0.0,0.0,0.0,0.0,0.0,0.0,0.0,0,-107875648.0,69,0.0,138,0.0,-109447200.0,0,13107,17040,39322,17049,13107,17043,0,0,0,70,68,100,2.7302359370752657e+23,71.2,2.7302370179391762e+23,74.3,-0.0,74.0,1,49,50,180,13107,0,0,0,0.0,0.0,0.0,0.0,-0.0,67.0,0.0,162057.094,0.0,751,0,740,0,0,0,721,0,768,0,736,0,743,0,742,0,712,0,7520,0.032,107911053312.0,0.0,0.0,784,16797,-0.0,162057.094,-114818.039,-0.0,0.133,6.909358625270745e+28,30.0,65.0,35,0.0,0.0,0.0,0.0,0.0,0.0,0.0,0.0,0.0,0.0,0.0,0.0,0.0,0.0,0.0,0.0,69.2,0,150,71,55,65476,0,300,0,1,8,20529,65476,0,0,40632,65.0,0.0,0.0,0.0,0.0,0.0
2026-09-04T20:06:02,ERR,ERR,ERR,ERR,ERR,ERR,ERR,ERR,ERR,ERR,ERR,ERR,ERR,ERR,ERR,ERR,ERR,ERR,ERR,ERR,ERR,ERR,ERR,ERR,ERR,ERR,ERR,ERR,ERR,ERR,ERR,ERR,ERR,ERR,ERR,ERR,ERR,ERR,ERR,ERR,ERR,ERR,ERR,ERR,ERR,ERR,ERR,ERR,ERR,ERR,ERR,ERR,ERR,ERR,ERR,ERR,ERR,ERR,ERR,ERR,ERR,ERR,ERR,ERR,ERR,ERR,ERR,ERR,ERR,ERR,ERR,ERR,ERR,ERR,ERR,ERR,ERR,ERR,ERR,ERR,ERR,ERR,ERR,ERR,ERR,ERR,ERR,ERR,ERR,ERR,ERR,ERR,ERR,ERR,ERR,ERR,ERR,ERR,ERR,ERR,ERR,ERR,ERR,ERR,ERR,ERR,ERR,ERR,ERR,ERR,ERR,ERR,ERR,ERR,ERR,ERR,ERR,ERR,ERR,ERR,ERR,ERR,ERR,ERR,ERR,2.718430741444032e+23,2.7184312818759872e+23,0.0,0.0,0.0,1.3936040501711995e+18,7.805,0.0,0,0,4,0,7116,0.0,100,0.0,0.0,0.0,0.0,0.0,0,0,0,0,0.0,0,0,0,0,0,0,0,0,0,0,0,0,0,0,0,0,0,0,0,0,0,0,0,0,0,0,0,0,0,0,0,0,0,31,40,40,71,65476,0,300,0,0,8,21553,0.0,-107605600.0,0.0,0.0,0.0,0.0,0.0,0.0,0.0,0.0,0.0,0.0,0.0,0.0,0.0,0.0,0.0,0.0,0.0,0.0,0.0,0.0,0.0,-2.004,-2.004,0.0,0.0,0.0,0.0,0.0,6250.0,0.0,6917.0,2.718430741444032e+23,2.7184312818759872e+23,-0.0,2.718430741444032e+23,0.0,0.0,0.0,0.0,69,-0.0,-107615176.0,0.0,0.0,0.0,0.0,0.0,0.0,0.0,0,0,0,0.0,0.0,0.0,0.0,0.0,0.0,0.0,0.0,0.0,0.0,0.0,0.0,0.0,0.0,0.0,0.0,0,-107875648.0,69,0.0,138,0.0,-109447200.0,0,13107,17040,39322,17049,13107,17043,0,0,0,70,68,100,2.7302359370752657e+23,71.2,2.7302370179391762e+23,74.3,-0.0,74.0,1,49,50,180,13107,0,0,0,0.0,0.0,0.0,0.0,-0.0,67.0,0.0,162057.094,0.0,751,0,740,0,0,0,721,0,768,0,736,0,743,0,742,0,712,0,7520,0.032,107911053312.0,0.0,0.0,784,16797,-0.0,162057.094,-114818.039,-0.0,0.133,6.909358625270745e+28,30.0,65.0,35,0.0,0.0,0.0,0.0,0.0,0.0,0.0,0.0,0.0,0.0,0.0,0.0,0.0,0.0,0.0,0.0,69.2,0,150,71,55,65476,0,300,0,1,8,20529,65476,0,0,40632,65.0,0.0,0.0,0.0,0.0,0.0
2026-09-04T20:06:03,ERR,ERR,ERR,ERR,ERR,ERR,ERR,ERR,ERR,ERR,ERR,ERR,ERR,ERR,ERR,ERR,ERR,ERR,ERR,ERR,ERR,ERR,ERR,ERR,ERR,ERR,ERR,ERR,ERR,ERR,ERR,ERR,ERR,ERR,ERR,ERR,ERR,ERR,ERR,ERR,ERR,ERR,ERR,ERR,ERR,ERR,ERR,ERR,ERR,ERR,ERR,ERR,ERR,ERR,ERR,ERR,ERR,ERR,ERR,ERR,ERR,ERR,ERR,ERR,ERR,ERR,ERR,ERR,ERR,ERR,ERR,ERR,ERR,ERR,ERR,ERR,ERR,ERR,ERR,ERR,ERR,ERR,ERR,ERR,ERR,ERR,ERR,ERR,ERR,ERR,ERR,ERR,ERR,ERR,ERR,ERR,ERR,ERR,ERR,ERR,ERR,ERR,ERR,ERR,ERR,ERR,ERR,ERR,ERR,ERR,ERR,ERR,ERR,ERR,ERR,ERR,ERR,ERR,ERR,ERR,ERR,ERR,ERR,ERR,ERR,2.718430741444032e+23,2.7184312818759872e+23,0.0,0.0,0.0,1.3936040501711995e+18,7.805,0.0,0,0,4,0,7116,0.0,100,0.0,0.0,0.0,0.0,0.0,0,0,0,0,0.0,0,0,0,0,0,0,0,0,0,0,0,0,0,0,0,0,0,0,0,0,0,0,0,0,0,0,0,0,0,0,0,0,0,31,40,40,71,65476,0,300,0,0,8,21553,0.0,-107605600.0,0.0,0.0,0.0,0.0,0.0,0.0,0.0,0.0,0.0,0.0,0.0,0.0,0.0,0.0,0.0,0.0,0.0,0.0,0.0,0.0,0.0,-2.004,-2.004,0.0,0.0,0.0,0.0,0.0,6250.0,0.0,6917.0,2.718430741444032e+23,2.7184312818759872e+23,-0.0,2.718430741444032e+23,0.0,0.0,0.0,0.0,69,-0.0,-107615176.0,0.0,0.0,0.0,0.0,0.0,0.0,0.0,0,0,0,0.0,0.0,0.0,0.0,0.0,0.0,0.0,0.0,0.0,0.0,0.0,0.0,0.0,0.0,0.0,0.0,0,-107875648.0,69,0.0,138,0.0,-109447200.0,0,13107,17040,39322,17049,26215,17043,0,0,0,70,68,100,2.7302359370752657e+23,71.2,2.7302370179391762e+23,74.3,-0.0,74.0,1,49,50,180,13107,0,0,0,0.0,0.0,0.0,0.0,-0.0,67.0,0.0,162057.094,0.0,751,0,740,0,0,0,721,0,768,0,737,0,743,0,742,0,712,0,7520,0.032,108447924224.0,0.0,0.0,784,16797,-0.0,162057.094,-114818.039,-0.0,0.133,6.909358625270745e+28,30.0,65.0,35,0.0,0.0,0.0,0.0,0.0,0.0,0.0,0.0,0.0,0.0,0.0,0.0,0.0,0.0,0.0,0.0,69.2,0,150,71,55,65476,0,300,0,1,8,20529,65476,0,0,40632,65.0,0.0,0.0,0.0,0.0,0.0
2026-09-04T20:06:04,ERR,ERR,ERR,ERR,ERR,ERR,ERR,ERR,ERR,ERR,ERR,ERR,ERR,ERR,ERR,ERR,ERR,ERR,ERR,ERR,ERR,ERR,ERR,ERR,ERR,ERR,ERR,ERR,ERR,ERR,ERR,ERR,ERR,ERR,ERR,ERR,ERR,ERR,ERR,ERR,ERR,ERR,ERR,ERR,ERR,ERR,ERR,ERR,ERR,ERR,ERR,ERR,ERR,ERR,ERR,ERR,ERR,ERR,ERR,ERR,ERR,ERR,ERR,ERR,ERR,ERR,ERR,ERR,ERR,ERR,ERR,ERR,ERR,ERR,ERR,ERR,ERR,ERR,ERR,ERR,ERR,ERR,ERR,ERR,ERR,ERR,ERR,ERR,ERR,ERR,ERR,ERR,ERR,ERR,ERR,ERR,ERR,ERR,ERR,ERR,ERR,ERR,ERR,ERR,ERR,ERR,ERR,ERR,ERR,ERR,ERR,ERR,ERR,ERR,ERR,ERR,ERR,ERR,ERR,ERR,ERR,ERR,ERR,ERR,ERR,2.718430741444032e+23,2.7184312818759872e+23,0.0,0.0,0.0,1.3936040501711995e+18,7.805,0.0,0,0,4,0,7116,0.0,100,0.0,0.0,0.0,0.0,0.0,0,0,0,0,0.0,0,0,0,0,0,0,0,0,0,0,0,0,0,0,0,0,0,0,0,0,0,0,0,0,0,0,0,0,0,0,0,0,0,31,40,40,71,65476,0,300,0,0,8,21553,0.0,-107605600.0,0.0,0.0,0.0,0.0,0.0,0.0,0.0,0.0,0.0,0.0,0.0,0.0,0.0,0.0,0.0,0.0,0.0,0.0,0.0,0.0,0.0,-2.004,-2.004,0.0,0.0,0.0,0.0,0.0,6250.0,0.0,6917.0,2.718430741444032e+23,2.7184312818759872e+23,-0.0,2.718430741444032e+23,0.0,0.0,0.0,0.0,69,-0.0,-107615176.0,0.0,0.0,0.0,0.0,0.0,0.0,0.0,0,0,0,0.0,0.0,0.0,0.0,0.0,0.0,0.0,0.0,0.0,0.0,0.0,0.0,0.0,0.0,0.0,0.0,0,-107875648.0,69,0.0,138,0.0,-109447200.0,0,13107,17040,39322,17049,26215,17043,0,0,0,70,68,100,2.7302359370752657e+23,71.2,2.7302370179391762e+23,74.3,-0.0,74.0,1,49,50,180,13107,0,0,0,0.0,0.0,0.0,0.0,-0.0,67.0,0.0,162057.094,0.0,751,0,740,0,0,0,721,0,768,0,737,0,743,0,742,0,712,0,7520,0.032,108447924224.0,0.0,0.0,784,16797,-0.0,162057.094,-114818.039,-0.0,0.133,6.909358625270745e+28,30.0,65.0,35,0.0,0.0,0.0,0.0,0.0,0.0,0.0,0.0,0.0,0.0,0.0,0.0,0.0,0.0,0.0,0.0,69.2,0,150,71,55,65476,0,300,0,1,8,20529,65476,0,0,40632,65.0,0.0,0.0,0.0,0.0,0.0
2026-09-04T20:06:05,ERR,ERR,ERR,ERR,ERR,ERR,ERR,ERR,ERR,ERR,ERR,ERR,ERR,ERR,ERR,ERR,ERR,ERR,ERR,ERR,ERR,ERR,ERR,ERR,ERR,ERR,ERR,ERR,ERR,ERR,ERR,ERR,ERR,ERR,ERR,ERR,ERR,ERR,ERR,ERR,ERR,ERR,ERR,ERR,ERR,ERR,ERR,ERR,ERR,ERR,ERR,ERR,ERR,ERR,ERR,ERR,ERR,ERR,ERR,ERR,ERR,ERR,ERR,ERR,ERR,ERR,ERR,ERR,ERR,ERR,ERR,ERR,ERR,ERR,ERR,ERR,ERR,ERR,ERR,ERR,ERR,ERR,ERR,ERR,ERR,ERR,ERR,ERR,ERR,ERR,ERR,ERR,ERR,ERR,ERR,ERR,ERR,ERR,ERR,ERR,ERR,ERR,ERR,ERR,ERR,ERR,ERR,ERR,ERR,ERR,ERR,ERR,ERR,ERR,ERR,ERR,ERR,ERR,ERR,ERR,ERR,ERR,ERR,ERR,ERR,2.718430741444032e+23,2.7184312818759872e+23,0.0,0.0,0.0,1.3936040501711995e+18,7.805,0.0,0,0,4,0,7116,0.0,100,0.0,0.0,0.0,0.0,0.0,0,0,0,0,0.0,0,0,0,0,0,0,0,0,0,0,0,0,0,0,0,0,0,0,0,0,0,0,0,0,0,0,0,0,0,0,0,0,0,31,40,40,71,65476,0,300,0,0,8,21553,0.0,-107605600.0,0.0,0.0,0.0,0.0,0.0,0.0,0.0,0.0,0.0,0.0,0.0,0.0,0.0,0.0,0.0,0.0,0.0,0.0,0.0,0.0,0.0,-2.004,-2.004,0.0,0.0,0.0,0.0,0.0,6250.0,0.0,6917.0,2.718430741444032e+23,2.7184312818759872e+23,-0.0,2.718430741444032e+23,0.0,0.0,0.0,0.0,69,-0.0,-107615176.0,0.0,0.0,0.0,0.0,0.0,0.0,0.0,0,0,0,0.0,0.0,0.0,0.0,0.0,0.0,0.0,0.0,0.0,0.0,0.0,0.0,0.0,0.0,0.0,0.0,0,-107875648.0,69,0.0,138,0.0,-109447200.0,0,13107,17040,39322,17049,26215,17043,0,0,0,70,68,100,2.7302359370752657e+23,71.2,2.7302370179391762e+23,74.3,-0.0,74.0,1,49,50,180,13107,0,0,0,0.0,0.0,0.0,0.0,-0.0,67.0,0.0,162057.094,0.0,751,0,740,0,0,0,721,0,768,0,737,0,743,0,742,0,712,0,7520,0.032,108447924224.0,0.0,0.0,784,16797,-0.0,162057.094,-114818.039,-0.0,0.133,6.909358625270745e+28,30.0,65.0,35,0.0,0.0,0.0,0.0,0.0,0.0,0.0,0.0,0.0,0.0,0.0,0.0,0.0,0.0,0.0,0.0,69.2,0,150,71,55,65476,0,300,0,1,8,20529,65476,0,0,40632,65.0,0.0,0.0,0.0,0.0,0.0
2026-09-04T20:06:06,ERR,ERR,ERR,ERR,ERR,ERR,ERR,ERR,ERR,ERR,ERR,ERR,ERR,ERR,ERR,ERR,ERR,ERR,ERR,ERR,ERR,ERR,ERR,ERR,ERR,ERR,ERR,ERR,ERR,ERR,ERR,ERR,ERR,ERR,ERR,ERR,ERR,ERR,ERR,ERR,ERR,ERR,ERR,ERR,ERR,ERR,ERR,ERR,ERR,ERR,ERR,ERR,ERR,ERR,ERR,ERR,ERR,ERR,ERR,ERR,ERR,ERR,ERR,ERR,ERR,ERR,ERR,ERR,ERR,ERR,ERR,ERR,ERR,ERR,ERR,ERR,ERR,ERR,ERR,ERR,ERR,ERR,ERR,ERR,ERR,ERR,ERR,ERR,ERR,ERR,ERR,ERR,ERR,ERR,ERR,ERR,ERR,ERR,ERR,ERR,ERR,ERR,ERR,ERR,ERR,ERR,ERR,ERR,ERR,ERR,ERR,ERR,ERR,ERR,ERR,ERR,ERR,ERR,ERR,ERR,ERR,ERR,ERR,ERR,ERR,2.718430741444032e+23,2.7184312818759872e+23,0.0,0.0,0.0,1.3936040501711995e+18,7.805,0.0,0,0,4,0,7116,0.0,100,0.0,0.0,0.0,0.0,0.0,0,0,0,0,0.0,0,0,0,0,0,0,0,0,0,0,0,0,0,0,0,0,0,0,0,0,0,0,0,0,0,0,0,0,0,0,0,0,0,31,40,40,71,65476,0,300,0,0,8,21553,0.0,-107605600.0,0.0,0.0,0.0,0.0,0.0,0.0,0.0,0.0,0.0,0.0,0.0,0.0,0.0,0.0,0.0,0.0,0.0,0.0,0.0,0.0,0.0,-2.004,-2.004,0.0,0.0,0.0,0.0,0.0,6250.0,0.0,6917.0,2.718430741444032e+23,2.7184312818759872e+23,-0.0,2.718430741444032e+23,0.0,0.0,0.0,0.0,69,-0.0,-107615176.0,0.0,0.0,0.0,0.0,0.0,0.0,0.0,0,0,0,0.0,0.0,0.0,0.0,0.0,0.0,0.0,0.0,0.0,0.0,0.0,0.0,0.0,0.0,0.0,0.0,0,-107875648.0,69,0.0,138,0.0,-109447200.0,0,13107,17040,39322,17049,26215,17043,0,0,0,70,68,100,2.7302359370752657e+23,71.2,2.7302370179391762e+23,74.3,-0.0,74.0,1,49,50,180,13107,0,0,0,0.0,0.0,0.0,0.0,-0.0,67.0,0.0,162057.094,0.0,751,0,740,0,0,0,721,0,768,0,737,0,743,0,742,0,712,0,7520,0.032,108447924224.0,0.0,0.0,784,16797,-0.0,162057.094,-114818.039,-0.0,0.133,6.909358625270745e+28,30.0,65.0,35,0.0,0.0,0.0,0.0,0.0,0.0,0.0,0.0,0.0,0.0,0.0,0.0,0.0,0.0,0.0,0.0,69.2,0,150,71,55,65476,0,300,0,1,8,20529,65476,0,0,40632,65.0,0.0,0.0,0.0,0.0,0.0
2026-09-04T20:06:07,ERR,ERR,ERR,ERR,ERR,ERR,ERR,ERR,ERR,ERR,ERR,ERR,ERR,ERR,ERR,ERR,ERR,ERR,ERR,ERR,ERR,ERR,ERR,ERR,ERR,ERR,ERR,ERR,ERR,ERR,ERR,ERR,ERR,ERR,ERR,ERR,ERR,ERR,ERR,ERR,ERR,ERR,ERR,ERR,ERR,ERR,ERR,ERR,ERR,ERR,ERR,ERR,ERR,ERR,ERR,ERR,ERR,ERR,ERR,ERR,ERR,ERR,ERR,ERR,ERR,ERR,ERR,ERR,ERR,ERR,ERR,ERR,ERR,ERR,ERR,ERR,ERR,ERR,ERR,ERR,ERR,ERR,ERR,ERR,ERR,ERR,ERR,ERR,ERR,ERR,ERR,ERR,ERR,ERR,ERR,ERR,ERR,ERR,ERR,ERR,ERR,ERR,ERR,ERR,ERR,ERR,ERR,ERR,ERR,ERR,ERR,ERR,ERR,ERR,ERR,ERR,ERR,ERR,ERR,ERR,ERR,ERR,ERR,ERR,ERR,2.718430741444032e+23,2.7184312818759872e+23,0.0,0.0,0.0,1.3936040501711995e+18,7.805,0.0,0,0,4,0,7116,0.0,100,0.0,0.0,0.0,0.0,0.0,0,0,0,0,0.0,0,0,0,0,0,0,0,0,0,0,0,0,0,0,0,0,0,0,0,0,0,0,0,0,0,0,0,0,0,0,0,0,0,31,40,40,71,65476,0,300,0,0,8,21553,0.0,-107605600.0,0.0,0.0,0.0,0.0,0.0,0.0,0.0,0.0,0.0,0.0,0.0,0.0,0.0,0.0,0.0,0.0,0.0,0.0,0.0,0.0,0.0,-2.004,-2.004,0.0,0.0,0.0,0.0,0.0,6250.0,0.0,6917.0,2.718430741444032e+23,2.7184312818759872e+23,-0.0,2.718430741444032e+23,0.0,0.0,0.0,0.0,69,-0.0,-107615176.0,0.0,0.0,0.0,0.0,0.0,0.0,0.0,0,0,0,0.0,0.0,0.0,0.0,0.0,0.0,0.0,0.0,0.0,0.0,0.0,0.0,0.0,0.0,0.0,0.0,0,-107875648.0,69,0.0,138,0.0,-109447200.0,0,13107,17040,39322,17049,26215,17043,0,0,0,70,68,100,2.7302359370752657e+23,71.2,2.7302370179391762e+23,74.3,-0.0,74.0,1,49,50,180,13107,0,0,0,0.0,0.0,0.0,0.0,-0.0,67.0,0.0,162057.094,0.0,751,0,740,0,0,0,721,0,768,0,737,0,743,0,742,0,712,0,7520,0.032,108447924224.0,0.0,0.0,784,16797,-0.0,162057.094,-114818.039,-0.0,0.133,6.909358625270745e+28,30.0,65.0,35,0.0,0.0,0.0,0.0,0.0,0.0,0.0,0.0,0.0,0.0,0.0,0.0,0.0,0.0,0.0,0.0,69.2,0,150,71,55,65476,0,300,0,1,8,20529,65476,0,0,40632,65.0,0.0,0.0,0.0,0.0,0.0
2026-09-04T20:06:08,ERR,ERR,ERR,ERR,ERR,ERR,ERR,ERR,ERR,ERR,ERR,ERR,ERR,ERR,ERR,ERR,ERR,ERR,ERR,ERR,ERR,ERR,ERR,ERR,ERR,ERR,ERR,ERR,ERR,ERR,ERR,ERR,ERR,ERR,ERR,ERR,ERR,ERR,ERR,ERR,ERR,ERR,ERR,ERR,ERR,ERR,ERR,ERR,ERR,ERR,ERR,ERR,ERR,ERR,ERR,ERR,ERR,ERR,ERR,ERR,ERR,ERR,ERR,ERR,ERR,ERR,ERR,ERR,ERR,ERR,ERR,ERR,ERR,ERR,ERR,ERR,ERR,ERR,ERR,ERR,ERR,ERR,ERR,ERR,ERR,ERR,ERR,ERR,ERR,ERR,ERR,ERR,ERR,ERR,ERR,ERR,ERR,ERR,ERR,ERR,ERR,ERR,ERR,ERR,ERR,ERR,ERR,ERR,ERR,ERR,ERR,ERR,ERR,ERR,ERR,ERR,ERR,ERR,ERR,ERR,ERR,ERR,ERR,ERR,ERR,2.718430741444032e+23,2.7184312818759872e+23,0.0,0.0,0.0,1.3936040501711995e+18,7.805,0.0,0,0,4,0,7116,0.0,100,0.0,0.0,0.0,0.0,0.0,0,0,0,0,0.0,0,0,0,0,0,0,0,0,0,0,0,0,0,0,0,0,0,0,0,0,0,0,0,0,0,0,0,0,0,0,0,0,0,31,40,40,71,65476,0,300,0,0,8,21553,0.0,-107605600.0,0.0,0.0,0.0,0.0,0.0,0.0,0.0,0.0,0.0,0.0,0.0,0.0,0.0,0.0,0.0,0.0,0.0,0.0,0.0,0.0,0.0,-2.004,-2.004,0.0,0.0,0.0,0.0,0.0,6250.0,0.0,6917.0,2.718430741444032e+23,2.7184312818759872e+23,-0.0,2.718430741444032e+23,0.0,0.0,0.0,0.0,69,-0.0,-107615176.0,0.0,0.0,0.0,0.0,0.0,0.0,0.0,0,0,0,0.0,0.0,0.0,0.0,0.0,0.0,0.0,0.0,0.0,0.0,0.0,0.0,0.0,0.0,0.0,0.0,0,-107875648.0,69,0.0,138,0.0,-109447200.0,0,13107,17040,39322,17049,26215,17043,0,0,0,70,68,100,2.7302359370752657e+23,71.2,2.7302370179391762e+23,74.3,-0.0,74.0,1,49,50,180,13107,0,0,0,0.0,0.0,0.0,0.0,-0.0,67.0,0.0,162057.094,0.0,751,0,740,0,0,0,721,0,768,0,737,0,743,0,742,0,712,0,7520,0.032,108447924224.0,0.0,0.0,784,16797,-0.0,162057.094,-114818.039,-0.0,0.133,6.909358625270745e+28,30.0,65.0,35,0.0,0.0,0.0,0.0,0.0,0.0,0.0,0.0,0.0,0.0,0.0,0.0,0.0,0.0,0.0,0.0,69.2,0,150,71,55,65476,0,300,0,1,8,20529,65476,0,0,40632,65.0,0.0,0.0,0.0,0.0,0.0
2026-09-04T20:06:09,ERR,ERR,ERR,ERR,ERR,ERR,ERR,ERR,ERR,ERR,ERR,ERR,ERR,ERR,ERR,ERR,ERR,ERR,ERR,ERR,ERR,ERR,ERR,ERR,ERR,ERR,ERR,ERR,ERR,ERR,ERR,ERR,ERR,ERR,ERR,ERR,ERR,ERR,ERR,ERR,ERR,ERR,ERR,ERR,ERR,ERR,ERR,ERR,ERR,ERR,ERR,ERR,ERR,ERR,ERR,ERR,ERR,ERR,ERR,ERR,ERR,ERR,ERR,ERR,ERR,ERR,ERR,ERR,ERR,ERR,ERR,ERR,ERR,ERR,ERR,ERR,ERR,ERR,ERR,ERR,ERR,ERR,ERR,ERR,ERR,ERR,ERR,ERR,ERR,ERR,ERR,ERR,ERR,ERR,ERR,ERR,ERR,ERR,ERR,ERR,ERR,ERR,ERR,ERR,ERR,ERR,ERR,ERR,ERR,ERR,ERR,ERR,ERR,ERR,ERR,ERR,ERR,ERR,ERR,ERR,ERR,ERR,ERR,ERR,ERR,2.718430741444032e+23,2.7184312818759872e+23,0.0,0.0,0.0,1.3936040501711995e+18,7.805,0.0,0,0,4,0,7116,0.0,100,0.0,0.0,0.0,0.0,0.0,0,0,0,0,0.0,0,0,0,0,0,0,0,0,0,0,0,0,0,0,0,0,0,0,0,0,0,0,0,0,0,0,0,0,0,0,0,0,0,31,40,40,71,65476,0,300,0,0,8,21553,0.0,-107605600.0,0.0,0.0,0.0,0.0,0.0,0.0,0.0,0.0,0.0,0.0,0.0,0.0,0.0,0.0,0.0,0.0,0.0,0.0,0.0,0.0,0.0,-2.004,-2.004,0.0,0.0,0.0,0.0,0.0,6250.0,0.0,6917.0,2.718430741444032e+23,2.7184312818759872e+23,-0.0,2.718430741444032e+23,0.0,0.0,0.0,0.0,69,-0.0,-107615176.0,0.0,0.0,0.0,0.0,0.0,0.0,0.0,0,0,0,0.0,0.0,0.0,0.0,0.0,0.0,0.0,0.0,0.0,0.0,0.0,0.0,0.0,0.0,0.0,0.0,0,-107875648.0,69,0.0,138,0.0,-109447200.0,0,13107,17040,39322,17049,26215,17043,0,0,0,70,68,100,2.7302359370752657e+23,71.2,2.7302370179391762e+23,74.2,2.7302370179391762e+23,74.0,1,49,50,180,13107,0,0,0,0.0,0.0,0.0,0.0,-0.0,67.0,0.0,162057.094,0.0,751,0,740,0,0,0,721,0,768,0,736,0,742,0,742,0,712,0,7520,0.032,108447924224.0,0.0,0.0,784,16797,-0.0,162057.094,-114818.039,-0.0,0.133,6.909358625270745e+28,30.0,65.0,35,0.0,0.0,0.0,0.0,0.0,0.0,0.0,0.0,0.0,0.0,0.0,0.0,0.0,0.0,0.0,0.0,69.2,0,150,71,55,65476,0,300,0,1,8,20529,65476,0,0,40632,65.0,0.0,0.0,0.0,0.0,0.0
2026-09-04T20:06:10,ERR,ERR,ERR,ERR,ERR,ERR,ERR,ERR,ERR,ERR,ERR,ERR,ERR,ERR,ERR,ERR,ERR,ERR,ERR,ERR,ERR,ERR,ERR,ERR,ERR,ERR,ERR,ERR,ERR,ERR,ERR,ERR,ERR,ERR,ERR,ERR,ERR,ERR,ERR,ERR,ERR,ERR,ERR,ERR,ERR,ERR,ERR,ERR,ERR,ERR,ERR,ERR,ERR,ERR,ERR,ERR,ERR,ERR,ERR,ERR,ERR,ERR,ERR,ERR,ERR,ERR,ERR,ERR,ERR,ERR,ERR,ERR,ERR,ERR,ERR,ERR,ERR,ERR,ERR,ERR,ERR,ERR,ERR,ERR,ERR,ERR,ERR,ERR,ERR,ERR,ERR,ERR,ERR,ERR,ERR,ERR,ERR,ERR,ERR,ERR,ERR,ERR,ERR,ERR,ERR,ERR,ERR,ERR,ERR,ERR,ERR,ERR,ERR,ERR,ERR,ERR,ERR,ERR,ERR,ERR,ERR,ERR,ERR,ERR,ERR,2.718430741444032e+23,2.7184312818759872e+23,0.0,0.0,0.0,1.3936040501711995e+18,7.805,0.0,0,0,4,0,7116,0.0,100,0.0,0.0,0.0,0.0,0.0,0,0,0,0,0.0,0,0,0,0,0,0,0,0,0,0,0,0,0,0,0,0,0,0,0,0,0,0,0,0,0,0,0,0,0,0,0,0,0,31,40,40,71,65476,0,300,0,0,8,21553,0.0,-107605600.0,0.0,0.0,0.0,0.0,0.0,0.0,0.0,0.0,0.0,0.0,0.0,0.0,0.0,0.0,0.0,0.0,0.0,0.0,0.0,0.0,0.0,-2.004,-2.004,0.0,0.0,0.0,0.0,0.0,6256.0,0.0,6915.0,2.718430741444032e+23,2.7184312818759872e+23,-0.0,2.718430741444032e+23,0.0,0.0,0.0,0.0,69,-0.0,-0.0,0.0,0.0,0.0,0.0,0.0,0.0,0.0,0,0,0,0.0,0.0,0.0,0.0,0.0,0.0,0.0,0.0,0.0,0.0,0.0,0.0,0.0,0.0,0.0,0.0,0,-107875648.0,69,0.0,138,0.0,-109447200.0,0,13107,17040,39322,17049,26215,17043,0,0,0,70,68,100,2.7302359370752657e+23,71.2,2.7302370179391762e+23,74.2,2.7302370179391762e+23,74.0,1,49,50,180,13107,0,0,0,0.0,0.0,0.0,0.0,-0.0,67.0,0.0,162057.094,0.0,751,0,740,0,0,0,721,0,768,0,736,0,742,0,742,0,712,0,7520,0.032,108447924224.0,0.0,0.0,784,16797,-0.0,162057.094,-114818.039,-0.0,0.133,6.909358625270745e+28,30.0,65.0,35,0.0,0.0,0.0,0.0,0.0,0.0,0.0,0.0,0.0,0.0,0.0,0.0,0.0,0.0,0.0,0.0,69.2,0,150,71,55,65476,0,300,0,1,8,20529,65476,0,0,40632,65.0,0.0,0.0,0.0,0.0,0.0
2026-09-04T20:06:11,ERR,ERR,ERR,ERR,ERR,ERR,ERR,ERR,ERR,ERR,ERR,ERR,ERR,ERR,ERR,ERR,ERR,ERR,ERR,ERR,ERR,ERR,ERR,ERR,ERR,ERR,ERR,ERR,ERR,ERR,ERR,ERR,ERR,ERR,ERR,ERR,ERR,ERR,ERR,ERR,ERR,ERR,ERR,ERR,ERR,ERR,ERR,ERR,ERR,ERR,ERR,ERR,ERR,ERR,ERR,ERR,ERR,ERR,ERR,ERR,ERR,ERR,ERR,ERR,ERR,ERR,ERR,ERR,ERR,ERR,ERR,ERR,ERR,ERR,ERR,ERR,ERR,ERR,ERR,ERR,ERR,ERR,ERR,ERR,ERR,ERR,ERR,ERR,ERR,ERR,ERR,ERR,ERR,ERR,ERR,ERR,ERR,ERR,ERR,ERR,ERR,ERR,ERR,ERR,ERR,ERR,ERR,ERR,ERR,ERR,ERR,ERR,ERR,ERR,ERR,ERR,ERR,ERR,ERR,ERR,ERR,ERR,ERR,ERR,ERR,2.718430741444032e+23,2.7184312818759872e+23,0.0,0.0,0.0,1.3936040501711995e+18,7.805,0.0,0,0,4,0,7116,0.0,100,0.0,0.0,0.0,0.0,0.0,0,0,0,0,0.0,0,0,0,0,0,0,0,0,0,0,0,0,0,0,0,0,0,0,0,0,0,0,0,0,0,0,0,0,0,0,0,0,0,31,40,40,71,65476,0,300,0,0,8,21553,0.0,-107605600.0,0.0,0.0,0.0,0.0,0.0,0.0,0.0,0.0,0.0,0.0,0.0,0.0,0.0,0.0,0.0,0.0,0.0,0.0,0.0,0.0,0.0,-2.004,-2.004,0.0,0.0,0.0,0.0,0.0,6256.0,0.0,6915.0,2.718430741444032e+23,2.7184312818759872e+23,-0.0,2.718430741444032e+23,0.0,0.0,0.0,0.0,69,-0.0,-0.0,0.0,0.0,0.0,0.0,0.0,0.0,0.0,0,0,0,0.0,0.0,0.0,0.0,0.0,0.0,0.0,0.0,0.0,0.0,0.0,0.0,0.0,0.0,0.0,0.0,0,-107875648.0,69,0.0,138,0.0,-109447200.0,0,13107,17040,39322,17049,26215,17043,0,0,0,70,68,100,2.7302359370752657e+23,71.2,2.7302370179391762e+23,74.2,2.7302370179391762e+23,74.0,1,49,50,180,13107,0,0,0,0.0,0.0,0.0,0.0,-0.0,67.0,0.0,162057.094,0.0,751,0,740,0,0,0,721,0,768,0,736,0,742,0,742,0,712,0,7520,0.032,108447924224.0,0.0,0.0,784,16797,-0.0,162057.094,-114818.039,-0.0,0.133,6.909358625270745e+28,30.0,65.0,35,0.0,0.0,0.0,0.0,0.0,0.0,0.0,0.0,0.0,0.0,0.0,0.0,0.0,0.0,0.0,0.0,69.2,0,150,71,55,65476,0,300,0,1,8,20529,65476,0,0,40632,65.0,0.0,0.0,0.0,0.0,0.0
2026-09-04T20:06:12,ERR,ERR,ERR,ERR,ERR,ERR,ERR,ERR,ERR,ERR,ERR,ERR,ERR,ERR,ERR,ERR,ERR,ERR,ERR,ERR,ERR,ERR,ERR,ERR,ERR,ERR,ERR,ERR,ERR,ERR,ERR,ERR,ERR,ERR,ERR,ERR,ERR,ERR,ERR,ERR,ERR,ERR,ERR,ERR,ERR,ERR,ERR,ERR,ERR,ERR,ERR,ERR,ERR,ERR,ERR,ERR,ERR,ERR,ERR,ERR,ERR,ERR,ERR,ERR,ERR,ERR,ERR,ERR,ERR,ERR,ERR,ERR,ERR,ERR,ERR,ERR,ERR,ERR,ERR,ERR,ERR,ERR,ERR,ERR,ERR,ERR,ERR,ERR,ERR,ERR,ERR,ERR,ERR,ERR,ERR,ERR,ERR,ERR,ERR,ERR,ERR,ERR,ERR,ERR,ERR,ERR,ERR,ERR,ERR,ERR,ERR,ERR,ERR,ERR,ERR,ERR,ERR,ERR,ERR,ERR,ERR,ERR,ERR,ERR,ERR,2.718430741444032e+23,2.7184312818759872e+23,0.0,0.0,0.0,1.3936040501711995e+18,7.805,0.0,0,0,4,0,7116,0.0,100,0.0,0.0,0.0,0.0,0.0,0,0,0,0,0.0,0,0,0,0,0,0,0,0,0,0,0,0,0,0,0,0,0,0,0,0,0,0,0,0,0,0,0,0,0,0,0,0,0,31,40,40,71,65476,0,300,0,0,8,21553,0.0,-107605600.0,0.0,0.0,0.0,0.0,0.0,0.0,0.0,0.0,0.0,0.0,0.0,0.0,0.0,0.0,0.0,0.0,0.0,0.0,0.0,0.0,0.0,-2.004,-2.004,0.0,0.0,0.0,0.0,0.0,6256.0,0.0,6915.0,2.718430741444032e+23,2.7184312818759872e+23,-0.0,2.718430741444032e+23,0.0,0.0,0.0,0.0,69,-0.0,-0.0,0.0,0.0,0.0,0.0,0.0,0.0,0.0,0,0,0,0.0,0.0,0.0,0.0,0.0,0.0,0.0,0.0,0.0,0.0,0.0,0.0,0.0,0.0,0.0,0.0,0,-107875648.0,69,0.0,138,0.0,-109447200.0,0,13107,17040,39322,17049,26215,17043,0,0,0,70,68,100,2.7302359370752657e+23,71.2,2.7302370179391762e+23,74.2,2.7302370179391762e+23,74.0,1,49,50,180,13107,0,0,0,0.0,0.0,0.0,0.0,-0.0,67.0,0.0,162057.094,0.0,751,0,740,0,0,0,721,0,768,0,736,0,742,0,742,0,712,0,7520,0.032,108447924224.0,0.0,0.0,784,16797,-0.0,162057.094,-114818.039,-0.0,0.133,6.909358625270745e+28,30.0,65.0,35,0.0,0.0,0.0,0.0,0.0,0.0,0.0,0.0,0.0,0.0,0.0,0.0,0.0,0.0,0.0,0.0,69.2,0,150,71,55,65476,0,300,0,1,8,20529,65476,0,0,40632,65.0,0.0,0.0,0.0,0.0,0.0
2026-09-04T20:06:13,ERR,ERR,ERR,ERR,ERR,ERR,ERR,ERR,ERR,ERR,ERR,ERR,ERR,ERR,ERR,ERR,ERR,ERR,ERR,ERR,ERR,ERR,ERR,ERR,ERR,ERR,ERR,ERR,ERR,ERR,ERR,ERR,ERR,ERR,ERR,ERR,ERR,ERR,ERR,ERR,ERR,ERR,ERR,ERR,ERR,ERR,ERR,ERR,ERR,ERR,ERR,ERR,ERR,ERR,ERR,ERR,ERR,ERR,ERR,ERR,ERR,ERR,ERR,ERR,ERR,ERR,ERR,ERR,ERR,ERR,ERR,ERR,ERR,ERR,ERR,ERR,ERR,ERR,ERR,ERR,ERR,ERR,ERR,ERR,ERR,ERR,ERR,ERR,ERR,ERR,ERR,ERR,ERR,ERR,ERR,ERR,ERR,ERR,ERR,ERR,ERR,ERR,ERR,ERR,ERR,ERR,ERR,ERR,ERR,ERR,ERR,ERR,ERR,ERR,ERR,ERR,ERR,ERR,ERR,ERR,ERR,ERR,ERR,ERR,ERR,2.718430741444032e+23,2.7184312818759872e+23,0.0,0.0,0.0,1.3936040501711995e+18,7.805,0.0,0,0,4,0,7116,0.0,100,0.0,0.0,0.0,0.0,0.0,0,0,0,0,0.0,0,0,0,0,0,0,0,0,0,0,0,0,0,0,0,0,0,0,0,0,0,0,0,0,0,0,0,0,0,0,0,0,0,31,40,40,71,65476,0,300,0,0,8,21553,0.0,-107605600.0,0.0,0.0,0.0,0.0,0.0,0.0,0.0,0.0,0.0,0.0,0.0,0.0,0.0,0.0,0.0,0.0,0.0,0.0,0.0,0.0,0.0,-2.004,-2.004,0.0,0.0,0.0,0.0,0.0,6256.0,0.0,6915.0,2.718430741444032e+23,2.7184312818759872e+23,-0.0,2.718430741444032e+23,0.0,0.0,0.0,0.0,69,-0.0,-0.0,0.0,0.0,0.0,0.0,0.0,0.0,0.0,0,0,0,0.0,0.0,0.0,0.0,0.0,0.0,0.0,0.0,0.0,0.0,0.0,0.0,0.0,0.0,0.0,0.0,0,-107875648.0,69,0.0,138,0.0,-109447200.0,0,13107,17040,39322,17049,13107,17043,0,0,0,70,68,100,2.7302359370752657e+23,71.2,2.7302370179391762e+23,74.3,-0.0,74.0,1,49,50,180,13107,0,0,0,0.0,0.0,0.0,0.0,-0.0,67.0,0.0,162057.094,0.0,751,0,740,0,0,0,721,0,768,0,736,0,743,0,742,0,712,0,7520,0.032,108447924224.0,0.0,0.0,784,16797,-0.0,162057.094,-114818.039,-0.0,0.133,6.909358625270745e+28,30.0,65.0,35,0.0,0.0,0.0,0.0,0.0,0.0,0.0,0.0,0.0,0.0,0.0,0.0,0.0,0.0,0.0,0.0,69.2,0,150,71,55,65476,0,300,0,1,8,20529,65476,0,0,40632,65.0,0.0,0.0,0.0,0.0,0.0
2026-09-04T20:06:14,ERR,ERR,ERR,ERR,ERR,ERR,ERR,ERR,ERR,ERR,ERR,ERR,ERR,ERR,ERR,ERR,ERR,ERR,ERR,ERR,ERR,ERR,ERR,ERR,ERR,ERR,ERR,ERR,ERR,ERR,ERR,ERR,ERR,ERR,ERR,ERR,ERR,ERR,ERR,ERR,ERR,ERR,ERR,ERR,ERR,ERR,ERR,ERR,ERR,ERR,ERR,ERR,ERR,ERR,ERR,ERR,ERR,ERR,ERR,ERR,ERR,ERR,ERR,ERR,ERR,ERR,ERR,ERR,ERR,ERR,ERR,ERR,ERR,ERR,ERR,ERR,ERR,ERR,ERR,ERR,ERR,ERR,ERR,ERR,ERR,ERR,ERR,ERR,ERR,ERR,ERR,ERR,ERR,ERR,ERR,ERR,ERR,ERR,ERR,ERR,ERR,ERR,ERR,ERR,ERR,ERR,ERR,ERR,ERR,ERR,ERR,ERR,ERR,ERR,ERR,ERR,ERR,ERR,ERR,ERR,ERR,ERR,ERR,ERR,ERR,2.718430741444032e+23,2.7184312818759872e+23,0.0,0.0,0.0,1.3936040501711995e+18,7.805,0.0,0,0,4,0,7116,0.0,100,0.0,0.0,0.0,0.0,0.0,0,0,0,0,0.0,0,0,0,0,0,0,0,0,0,0,0,0,0,0,0,0,0,0,0,0,0,0,0,0,0,0,0,0,0,0,0,0,0,31,40,40,71,65476,0,300,0,0,8,21553,0.0,-107605600.0,0.0,0.0,0.0,0.0,0.0,0.0,0.0,0.0,0.0,0.0,0.0,0.0,0.0,0.0,0.0,0.0,0.0,0.0,0.0,0.0,0.0,-2.004,-2.004,0.0,0.0,0.0,0.0,0.0,6256.0,0.0,6915.0,2.718430741444032e+23,2.7184312818759872e+23,-0.0,2.718430741444032e+23,0.0,0.0,0.0,0.0,69,-0.0,-0.0,0.0,0.0,0.0,0.0,0.0,0.0,0.0,0,0,0,0.0,0.0,0.0,0.0,0.0,0.0,0.0,0.0,0.0,0.0,0.0,0.0,0.0,0.0,0.0,0.0,0,-107875648.0,69,0.0,138,0.0,-109447200.0,0,13107,17040,39322,17049,13107,17043,0,0,0,70,68,100,2.7302359370752657e+23,71.2,2.7302370179391762e+23,74.3,-0.0,74.0,1,49,50,180,13107,0,0,0,0.0,0.0,0.0,0.0,-0.0,67.0,0.0,162057.094,0.0,751,0,740,0,0,0,721,0,768,0,736,0,743,0,742,0,712,0,7520,0.032,108447924224.0,0.0,0.0,784,16797,-0.0,162057.094,-114818.039,-0.0,0.133,6.909358625270745e+28,30.0,65.0,35,0.0,0.0,0.0,0.0,0.0,0.0,0.0,0.0,0.0,0.0,0.0,0.0,0.0,0.0,0.0,0.0,69.2,0,150,71,55,65476,0,300,0,1,8,20529,65476,0,0,40632,65.0,0.0,0.0,0.0,0.0,0.0
2026-09-04T20:06:15,ERR,ERR,ERR,ERR,ERR,ERR,ERR,ERR,ERR,ERR,ERR,ERR,ERR,ERR,ERR,ERR,ERR,ERR,ERR,ERR,ERR,ERR,ERR,ERR,ERR,ERR,ERR,ERR,ERR,ERR,ERR,ERR,ERR,ERR,ERR,ERR,ERR,ERR,ERR,ERR,ERR,ERR,ERR,ERR,ERR,ERR,ERR,ERR,ERR,ERR,ERR,ERR,ERR,ERR,ERR,ERR,ERR,ERR,ERR,ERR,ERR,ERR,ERR,ERR,ERR,ERR,ERR,ERR,ERR,ERR,ERR,ERR,ERR,ERR,ERR,ERR,ERR,ERR,ERR,ERR,ERR,ERR,ERR,ERR,ERR,ERR,ERR,ERR,ERR,ERR,ERR,ERR,ERR,ERR,ERR,ERR,ERR,ERR,ERR,ERR,ERR,ERR,ERR,ERR,ERR,ERR,ERR,ERR,ERR,ERR,ERR,ERR,ERR,ERR,ERR,ERR,ERR,ERR,ERR,ERR,ERR,ERR,ERR,ERR,ERR,2.718430741444032e+23,2.7184312818759872e+23,0.0,0.0,0.0,1.3936040501711995e+18,7.805,0.0,0,0,4,0,7116,0.0,100,0.0,0.0,0.0,0.0,0.0,0,0,0,0,0.0,0,0,0,0,0,0,0,0,0,0,0,0,0,0,0,0,0,0,0,0,0,0,0,0,0,0,0,0,0,0,0,0,0,31,40,40,71,65476,0,300,0,0,8,21553,0.0,-107605600.0,0.0,0.0,0.0,0.0,0.0,0.0,0.0,0.0,0.0,0.0,0.0,0.0,0.0,0.0,0.0,0.0,0.0,0.0,0.0,0.0,0.0,-2.004,-2.004,0.0,0.0,0.0,0.0,0.0,6256.0,0.0,6915.0,2.718430741444032e+23,2.7184312818759872e+23,-0.0,2.718430741444032e+23,0.0,0.0,0.0,0.0,69,-0.0,-0.0,0.0,0.0,0.0,0.0,0.0,0.0,0.0,0,0,0,0.0,0.0,0.0,0.0,0.0,0.0,0.0,0.0,0.0,0.0,0.0,0.0,0.0,0.0,0.0,0.0,0,-107875648.0,69,0.0,138,0.0,-109447200.0,0,13107,17040,39322,17049,13107,17043,0,0,0,70,68,100,2.7302359370752657e+23,71.2,2.7302370179391762e+23,74.3,-0.0,74.0,1,49,50,180,13107,0,0,0,0.0,0.0,0.0,0.0,-0.0,67.0,0.0,162057.094,0.0,751,0,740,0,0,0,721,0,768,0,736,0,743,0,742,0,712,0,7520,0.032,108447924224.0,0.0,0.0,784,16797,-0.0,162057.094,-114818.039,-0.0,0.133,6.909358625270745e+28,30.0,65.0,35,0.0,0.0,0.0,0.0,0.0,0.0,0.0,0.0,0.0,0.0,0.0,0.0,0.0,0.0,0.0,0.0,69.2,0,150,71,55,65476,0,300,0,1,8,20529,65476,0,0,40632,65.0,0.0,0.0,0.0,0.0,0.0
2026-09-04T20:06:16,ERR,ERR,ERR,ERR,ERR,ERR,ERR,ERR,ERR,ERR,ERR,ERR,ERR,ERR,ERR,ERR,ERR,ERR,ERR,ERR,ERR,ERR,ERR,ERR,ERR,ERR,ERR,ERR,ERR,ERR,ERR,ERR,ERR,ERR,ERR,ERR,ERR,ERR,ERR,ERR,ERR,ERR,ERR,ERR,ERR,ERR,ERR,ERR,ERR,ERR,ERR,ERR,ERR,ERR,ERR,ERR,ERR,ERR,ERR,ERR,ERR,ERR,ERR,ERR,ERR,ERR,ERR,ERR,ERR,ERR,ERR,ERR,ERR,ERR,ERR,ERR,ERR,ERR,ERR,ERR,ERR,ERR,ERR,ERR,ERR,ERR,ERR,ERR,ERR,ERR,ERR,ERR,ERR,ERR,ERR,ERR,ERR,ERR,ERR,ERR,ERR,ERR,ERR,ERR,ERR,ERR,ERR,ERR,ERR,ERR,ERR,ERR,ERR,ERR,ERR,ERR,ERR,ERR,ERR,ERR,ERR,ERR,ERR,ERR,ERR,2.718430741444032e+23,2.7184312818759872e+23,0.0,0.0,0.0,1.3936040501711995e+18,7.805,0.0,0,0,4,0,7116,0.0,100,0.0,0.0,0.0,0.0,0.0,0,0,0,0,0.0,0,0,0,0,0,0,0,0,0,0,0,0,0,0,0,0,0,0,0,0,0,0,0,0,0,0,0,0,0,0,0,0,0,31,40,40,71,65476,0,300,0,0,8,21553,0.0,-107605600.0,0.0,0.0,0.0,0.0,0.0,0.0,0.0,0.0,0.0,0.0,0.0,0.0,0.0,0.0,0.0,0.0,0.0,0.0,0.0,0.0,0.0,-2.004,-2.004,0.0,0.0,0.0,0.0,0.0,6256.0,0.0,6915.0,2.718430741444032e+23,2.7184312818759872e+23,-0.0,2.718430741444032e+23,0.0,0.0,0.0,0.0,69,-0.0,-0.0,0.0,0.0,0.0,0.0,0.0,0.0,0.0,0,0,0,0.0,0.0,0.0,0.0,0.0,0.0,0.0,0.0,0.0,0.0,0.0,0.0,0.0,0.0,0.0,0.0,0,-107875648.0,69,0.0,138,0.0,-109447200.0,0,13107,17040,39322,17049,13107,17043,0,0,0,70,68,100,2.7302359370752657e+23,71.2,2.7302370179391762e+23,74.3,-0.0,74.0,1,49,50,180,13107,0,0,0,0.0,0.0,0.0,0.0,-0.0,67.0,0.0,162057.094,0.0,751,0,740,0,0,0,721,0,768,0,736,0,743,0,742,0,712,0,7520,0.032,108447924224.0,0.0,0.0,784,16797,-0.0,162057.094,-114818.039,-0.0,0.133,6.909358625270745e+28,30.0,65.0,35,0.0,0.0,0.0,0.0,0.0,0.0,0.0,0.0,0.0,0.0,0.0,0.0,0.0,0.0,0.0,0.0,69.2,0,150,71,55,65476,0,300,0,1,8,20529,65476,0,0,40632,65.0,0.0,0.0,0.0,0.0,0.0
2026-09-04T20:06:17,ERR,ERR,ERR,ERR,ERR,ERR,ERR,ERR,ERR,ERR,ERR,ERR,ERR,ERR,ERR,ERR,ERR,ERR,ERR,ERR,ERR,ERR,ERR,ERR,ERR,ERR,ERR,ERR,ERR,ERR,ERR,ERR,ERR,ERR,ERR,ERR,ERR,ERR,ERR,ERR,ERR,ERR,ERR,ERR,ERR,ERR,ERR,ERR,ERR,ERR,ERR,ERR,ERR,ERR,ERR,ERR,ERR,ERR,ERR,ERR,ERR,ERR,ERR,ERR,ERR,ERR,ERR,ERR,ERR,ERR,ERR,ERR,ERR,ERR,ERR,ERR,ERR,ERR,ERR,ERR,ERR,ERR,ERR,ERR,ERR,ERR,ERR,ERR,ERR,ERR,ERR,ERR,ERR,ERR,ERR,ERR,ERR,ERR,ERR,ERR,ERR,ERR,ERR,ERR,ERR,ERR,ERR,ERR,ERR,ERR,ERR,ERR,ERR,ERR,ERR,ERR,ERR,ERR,ERR,ERR,ERR,ERR,ERR,ERR,ERR,2.718430741444032e+23,2.7184312818759872e+23,0.0,0.0,0.0,1.3936040501711995e+18,7.805,0.0,0,0,4,0,7116,0.0,100,0.0,0.0,0.0,0.0,0.0,0,0,0,0,0.0,0,0,0,0,0,0,0,0,0,0,0,0,0,0,0,0,0,0,0,0,0,0,0,0,0,0,0,0,0,0,0,0,0,31,40,40,71,65476,0,300,0,0,8,21553,0.0,-107605600.0,0.0,0.0,0.0,0.0,0.0,0.0,0.0,0.0,0.0,0.0,0.0,0.0,0.0,0.0,0.0,0.0,0.0,0.0,0.0,0.0,0.0,-2.004,-2.004,0.0,0.0,0.0,0.0,0.0,6227.0,-0.0,6932.0,2.718430741444032e+23,2.7184312818759872e+23,-0.0,2.718430741444032e+23,0.0,0.0,0.0,0.0,69,-0.0,-2.3088364955910118e+20,0.0,0.0,0.0,0.0,0.0,0.0,0.0,0,0,0,0.0,0.0,0.0,0.0,0.0,0.0,0.0,0.0,0.0,0.0,0.0,0.0,0.0,0.0,0.0,0.0,0,-107875648.0,69,0.0,138,0.0,-109447200.0,0,13107,17040,39322,17049,13107,17043,0,0,0,70,68,100,2.7302359370752657e+23,71.2,2.7302370179391762e+23,74.3,-0.0,74.0,1,49,50,180,13107,0,0,0,0.0,0.0,0.0,0.0,-0.0,67.0,0.0,162057.094,0.0,751,0,740,0,0,0,721,0,768,0,736,0,743,0,742,0,712,0,7520,0.032,108447924224.0,0.0,0.0,784,16797,-0.0,162057.094,-114818.039,-0.0,0.133,6.909358625270745e+28,30.0,65.0,35,0.0,0.0,0.0,0.0,0.0,0.0,0.0,0.0,0.0,0.0,0.0,0.0,0.0,0.0,0.0,0.0,69.2,0,150,71,55,65476,0,300,0,1,8,20529,65476,0,0,40632,65.0,0.0,0.0,0.0,0.0,0.0
2026-09-04T20:06:18,ERR,ERR,ERR,ERR,ERR,ERR,ERR,ERR,ERR,ERR,ERR,ERR,ERR,ERR,ERR,ERR,ERR,ERR,ERR,ERR,ERR,ERR,ERR,ERR,ERR,ERR,ERR,ERR,ERR,ERR,ERR,ERR,ERR,ERR,ERR,ERR,ERR,ERR,ERR,ERR,ERR,ERR,ERR,ERR,ERR,ERR,ERR,ERR,ERR,ERR,ERR,ERR,ERR,ERR,ERR,ERR,ERR,ERR,ERR,ERR,ERR,ERR,ERR,ERR,ERR,ERR,ERR,ERR,ERR,ERR,ERR,ERR,ERR,ERR,ERR,ERR,ERR,ERR,ERR,ERR,ERR,ERR,ERR,ERR,ERR,ERR,ERR,ERR,ERR,ERR,ERR,ERR,ERR,ERR,ERR,ERR,ERR,ERR,ERR,ERR,ERR,ERR,ERR,ERR,ERR,ERR,ERR,ERR,ERR,ERR,ERR,ERR,ERR,ERR,ERR,ERR,ERR,ERR,ERR,ERR,ERR,ERR,ERR,ERR,ERR,2.718430741444032e+23,2.7184312818759872e+23,0.0,0.0,0.0,1.3936040501711995e+18,7.805,0.0,0,0,4,0,7116,0.0,100,0.0,0.0,0.0,0.0,0.0,0,0,0,0,0.0,0,0,0,0,0,0,0,0,0,0,0,0,0,0,0,0,0,0,0,0,0,0,0,0,0,0,0,0,0,0,0,0,0,31,40,40,71,65476,0,300,0,0,8,21553,0.0,-107605600.0,0.0,0.0,0.0,0.0,0.0,0.0,0.0,0.0,0.0,0.0,0.0,0.0,0.0,0.0,0.0,0.0,0.0,0.0,0.0,0.0,0.0,-2.004,-2.004,0.0,0.0,0.0,0.0,0.0,6227.0,-0.0,6932.0,2.718430741444032e+23,2.7184312818759872e+23,-0.0,2.718430741444032e+23,0.0,0.0,0.0,0.0,69,-0.0,-2.3088364955910118e+20,0.0,0.0,0.0,0.0,0.0,0.0,0.0,0,0,0,0.0,0.0,0.0,0.0,0.0,0.0,0.0,0.0,0.0,0.0,0.0,0.0,0.0,0.0,0.0,0.0,0,-107875648.0,69,0.0,138,0.0,-109447200.0,0,13107,17040,39322,17049,13107,17043,0,0,0,70,68,100,2.7302359370752657e+23,71.2,2.7302370179391762e+23,74.3,-0.0,74.0,1,49,50,180,13107,0,0,0,0.0,0.0,0.0,0.0,-0.0,67.0,0.0,162057.094,0.0,751,0,740,0,0,0,721,0,768,0,736,0,743,0,742,0,712,0,7520,0.032,108447924224.0,0.0,0.0,784,16797,-0.0,162057.094,-114818.039,-0.0,0.133,6.909358625270745e+28,30.0,65.0,35,0.0,0.0,0.0,0.0,0.0,0.0,0.0,0.0,0.0,0.0,0.0,0.0,0.0,0.0,0.0,0.0,69.2,0,150,71,55,65476,0,300,0,1,8,20529,65476,0,0,40632,65.0,0.0,0.0,0.0,0.0,0.0
2026-09-04T20:06:19,ERR,ERR,ERR,ERR,ERR,ERR,ERR,ERR,ERR,ERR,ERR,ERR,ERR,ERR,ERR,ERR,ERR,ERR,ERR,ERR,ERR,ERR,ERR,ERR,ERR,ERR,ERR,ERR,ERR,ERR,ERR,ERR,ERR,ERR,ERR,ERR,ERR,ERR,ERR,ERR,ERR,ERR,ERR,ERR,ERR,ERR,ERR,ERR,ERR,ERR,ERR,ERR,ERR,ERR,ERR,ERR,ERR,ERR,ERR,ERR,ERR,ERR,ERR,ERR,ERR,ERR,ERR,ERR,ERR,ERR,ERR,ERR,ERR,ERR,ERR,ERR,ERR,ERR,ERR,ERR,ERR,ERR,ERR,ERR,ERR,ERR,ERR,ERR,ERR,ERR,ERR,ERR,ERR,ERR,ERR,ERR,ERR,ERR,ERR,ERR,ERR,ERR,ERR,ERR,ERR,ERR,ERR,ERR,ERR,ERR,ERR,ERR,ERR,ERR,ERR,ERR,ERR,ERR,ERR,ERR,ERR,ERR,ERR,ERR,ERR,2.718430741444032e+23,2.7184312818759872e+23,0.0,0.0,0.0,1.3936040501711995e+18,7.805,0.0,0,0,4,0,7116,0.0,100,0.0,0.0,0.0,0.0,0.0,0,0,0,0,0.0,0,0,0,0,0,0,0,0,0,0,0,0,0,0,0,0,0,0,0,0,0,0,0,0,0,0,0,0,0,0,0,0,0,31,40,40,71,65476,0,300,0,0,8,21553,0.0,-107605600.0,0.0,0.0,0.0,0.0,0.0,0.0,0.0,0.0,0.0,0.0,0.0,0.0,0.0,0.0,0.0,0.0,0.0,0.0,0.0,0.0,0.0,-2.004,-2.004,0.0,0.0,0.0,0.0,0.0,6227.0,-0.0,6932.0,2.718430741444032e+23,2.7184312818759872e+23,-0.0,2.718430741444032e+23,0.0,0.0,0.0,0.0,69,-0.0,-2.3088364955910118e+20,0.0,0.0,0.0,0.0,0.0,0.0,0.0,0,0,0,0.0,0.0,0.0,0.0,0.0,0.0,0.0,0.0,0.0,0.0,0.0,0.0,0.0,0.0,0.0,0.0,0,-107875648.0,69,0.0,138,0.0,-109447200.0,0,13107,17040,39322,17049,13107,17043,0,0,0,70,68,100,2.7302359370752657e+23,71.2,2.7302370179391762e+23,74.2,-0.0,74.0,1,49,50,180,13107,0,0,0,0.0,0.0,0.0,0.0,-0.0,67.0,0.0,162057.094,0.0,751,0,740,0,0,0,721,0,768,0,736,0,743,0,742,0,712,0,7520,0.032,108447924224.0,0.0,0.0,784,16797,-0.0,162057.094,-114818.039,-0.0,0.133,6.909358625270745e+28,30.0,65.0,35,0.0,0.0,0.0,0.0,0.0,0.0,0.0,0.0,0.0,0.0,0.0,0.0,0.0,0.0,0.0,0.0,69.2,0,150,71,55,65476,0,300,0,1,8,20529,65476,0,0,40632,65.0,0.0,0.0,0.0,0.0,0.0
2026-09-04T20:06:20,ERR,ERR,ERR,ERR,ERR,ERR,ERR,ERR,ERR,ERR,ERR,ERR,ERR,ERR,ERR,ERR,ERR,ERR,ERR,ERR,ERR,ERR,ERR,ERR,ERR,ERR,ERR,ERR,ERR,ERR,ERR,ERR,ERR,ERR,ERR,ERR,ERR,ERR,ERR,ERR,ERR,ERR,ERR,ERR,ERR,ERR,ERR,ERR,ERR,ERR,ERR,ERR,ERR,ERR,ERR,ERR,ERR,ERR,ERR,ERR,ERR,ERR,ERR,ERR,ERR,ERR,ERR,ERR,ERR,ERR,ERR,ERR,ERR,ERR,ERR,ERR,ERR,ERR,ERR,ERR,ERR,ERR,ERR,ERR,ERR,ERR,ERR,ERR,ERR,ERR,ERR,ERR,ERR,ERR,ERR,ERR,ERR,ERR,ERR,ERR,ERR,ERR,ERR,ERR,ERR,ERR,ERR,ERR,ERR,ERR,ERR,ERR,ERR,ERR,ERR,ERR,ERR,ERR,ERR,ERR,ERR,ERR,ERR,ERR,ERR,2.718430741444032e+23,2.7184312818759872e+23,0.0,0.0,0.0,1.3936040501711995e+18,7.805,0.0,0,0,4,0,7116,0.0,100,0.0,0.0,0.0,0.0,0.0,0,0,0,0,0.0,0,0,0,0,0,0,0,0,0,0,0,0,0,0,0,0,0,0,0,0,0,0,0,0,0,0,0,0,0,0,0,0,0,31,40,40,71,65476,0,300,0,0,8,21553,0.0,-107605600.0,0.0,0.0,0.0,0.0,0.0,0.0,0.0,0.0,0.0,0.0,0.0,0.0,0.0,0.0,0.0,0.0,0.0,0.0,0.0,0.0,0.0,-2.004,-2.004,0.0,0.0,0.0,0.0,0.0,6227.0,-0.0,6932.0,2.718430741444032e+23,2.7184312818759872e+23,-0.0,2.718430741444032e+23,0.0,0.0,0.0,0.0,69,-0.0,-2.3088364955910118e+20,0.0,0.0,0.0,0.0,0.0,0.0,0.0,0,0,0,0.0,0.0,0.0,0.0,0.0,0.0,0.0,0.0,0.0,0.0,0.0,0.0,0.0,0.0,0.0,0.0,0,-107875648.0,69,0.0,138,0.0,-109447200.0,0,13107,17040,39322,17049,13107,17043,0,0,0,70,68,100,2.7302359370752657e+23,71.2,2.7302370179391762e+23,74.2,-0.0,74.0,1,49,50,180,13107,0,0,0,0.0,0.0,0.0,0.0,-0.0,67.0,0.0,162057.094,0.0,751,0,740,0,0,0,721,0,768,0,736,0,743,0,742,0,712,0,7520,0.032,108447924224.0,0.0,0.0,784,16797,-0.0,162057.094,-114818.039,-0.0,0.133,6.909358625270745e+28,30.0,65.0,35,0.0,0.0,0.0,0.0,0.0,0.0,0.0,0.0,0.0,0.0,0.0,0.0,0.0,0.0,0.0,0.0,69.2,0,150,71,55,65476,0,300,0,1,8,20529,65476,0,0,40632,65.0,0.0,0.0,0.0,0.0,0.0
2026-09-04T20:06:21,ERR,ERR,ERR,ERR,ERR,ERR,ERR,ERR,ERR,ERR,ERR,ERR,ERR,ERR,ERR,ERR,ERR,ERR,ERR,ERR,ERR,ERR,ERR,ERR,ERR,ERR,ERR,ERR,ERR,ERR,ERR,ERR,ERR,ERR,ERR,ERR,ERR,ERR,ERR,ERR,ERR,ERR,ERR,ERR,ERR,ERR,ERR,ERR,ERR,ERR,ERR,ERR,ERR,ERR,ERR,ERR,ERR,ERR,ERR,ERR,ERR,ERR,ERR,ERR,ERR,ERR,ERR,ERR,ERR,ERR,ERR,ERR,ERR,ERR,ERR,ERR,ERR,ERR,ERR,ERR,ERR,ERR,ERR,ERR,ERR,ERR,ERR,ERR,ERR,ERR,ERR,ERR,ERR,ERR,ERR,ERR,ERR,ERR,ERR,ERR,ERR,ERR,ERR,ERR,ERR,ERR,ERR,ERR,ERR,ERR,ERR,ERR,ERR,ERR,ERR,ERR,ERR,ERR,ERR,ERR,ERR,ERR,ERR,ERR,ERR,2.718430741444032e+23,2.7184312818759872e+23,0.0,0.0,0.0,1.3936040501711995e+18,7.805,0.0,0,0,4,0,7116,0.0,100,0.0,0.0,0.0,0.0,0.0,0,0,0,0,0.0,0,0,0,0,0,0,0,0,0,0,0,0,0,0,0,0,0,0,0,0,0,0,0,0,0,0,0,0,0,0,0,0,0,31,40,40,71,65476,0,300,0,0,8,21553,0.0,-107605600.0,0.0,0.0,0.0,0.0,0.0,0.0,0.0,0.0,0.0,0.0,0.0,0.0,0.0,0.0,0.0,0.0,0.0,0.0,0.0,0.0,0.0,-2.004,-2.004,0.0,0.0,0.0,0.0,0.0,6227.0,-0.0,6932.0,2.718430741444032e+23,2.7184312818759872e+23,-0.0,2.718430741444032e+23,0.0,0.0,0.0,0.0,69,-0.0,-2.3088364955910118e+20,0.0,0.0,0.0,0.0,0.0,0.0,0.0,0,0,0,0.0,0.0,0.0,0.0,0.0,0.0,0.0,0.0,0.0,0.0,0.0,0.0,0.0,0.0,0.0,0.0,0,-107875648.0,69,0.0,138,0.0,-109447200.0,0,13107,17040,39322,17049,13107,17043,0,0,0,70,68,100,2.7302359370752657e+23,71.2,2.7302370179391762e+23,74.2,-0.0,74.0,1,49,50,180,13107,0,0,0,0.0,0.0,0.0,0.0,-0.0,67.0,0.0,162057.094,0.0,751,0,740,0,0,0,721,0,768,0,736,0,743,0,742,0,712,0,7520,0.032,108447924224.0,0.0,0.0,784,16797,-0.0,162057.094,-114818.039,-0.0,0.133,6.909358625270745e+28,30.0,65.0,35,0.0,0.0,0.0,0.0,0.0,0.0,0.0,0.0,0.0,0.0,0.0,0.0,0.0,0.0,0.0,0.0,69.2,0,150,71,55,65476,0,300,0,1,8,20529,65476,0,0,40632,65.0,0.0,0.0,0.0,0.0,0.0
2026-09-04T20:06:22,ERR,ERR,ERR,ERR,ERR,ERR,ERR,ERR,ERR,ERR,ERR,ERR,ERR,ERR,ERR,ERR,ERR,ERR,ERR,ERR,ERR,ERR,ERR,ERR,ERR,ERR,ERR,ERR,ERR,ERR,ERR,ERR,ERR,ERR,ERR,ERR,ERR,ERR,ERR,ERR,ERR,ERR,ERR,ERR,ERR,ERR,ERR,ERR,ERR,ERR,ERR,ERR,ERR,ERR,ERR,ERR,ERR,ERR,ERR,ERR,ERR,ERR,ERR,ERR,ERR,ERR,ERR,ERR,ERR,ERR,ERR,ERR,ERR,ERR,ERR,ERR,ERR,ERR,ERR,ERR,ERR,ERR,ERR,ERR,ERR,ERR,ERR,ERR,ERR,ERR,ERR,ERR,ERR,ERR,ERR,ERR,ERR,ERR,ERR,ERR,ERR,ERR,ERR,ERR,ERR,ERR,ERR,ERR,ERR,ERR,ERR,ERR,ERR,ERR,ERR,ERR,ERR,ERR,ERR,ERR,ERR,ERR,ERR,ERR,ERR,2.718430741444032e+23,2.7184312818759872e+23,0.0,0.0,0.0,1.3936040501711995e+18,7.805,0.0,0,0,4,0,7116,0.0,100,0.0,0.0,0.0,0.0,0.0,0,0,0,0,0.0,0,0,0,0,0,0,0,0,0,0,0,0,0,0,0,0,0,0,0,0,0,0,0,0,0,0,0,0,0,0,0,0,0,31,40,40,71,65476,0,300,0,0,8,21553,0.0,-107605600.0,0.0,0.0,0.0,0.0,0.0,0.0,0.0,0.0,0.0,0.0,0.0,0.0,0.0,0.0,0.0,0.0,0.0,0.0,0.0,0.0,0.0,-2.004,-2.004,0.0,0.0,0.0,0.0,0.0,6227.0,-0.0,6932.0,2.718430741444032e+23,2.7184312818759872e+23,-0.0,2.718430741444032e+23,0.0,0.0,0.0,0.0,69,-0.0,-2.3088364955910118e+20,0.0,0.0,0.0,0.0,0.0,0.0,0.0,0,0,0,0.0,0.0,0.0,0.0,0.0,0.0,0.0,0.0,0.0,0.0,0.0,0.0,0.0,0.0,0.0,0.0,0,-107875648.0,69,0.0,138,0.0,-109447200.0,0,13107,17040,39322,17049,13107,17043,0,0,0,70,68,100,2.7302359370752657e+23,71.2,2.7302370179391762e+23,74.2,-0.0,74.0,1,49,50,180,13107,0,0,0,0.0,0.0,0.0,0.0,-0.0,67.0,0.0,162057.094,0.0,751,0,740,0,0,0,721,0,768,0,736,0,743,0,742,0,712,0,7520,0.032,108447924224.0,0.0,0.0,784,16797,-0.0,162057.094,-114818.039,-0.0,0.133,6.909358625270745e+28,30.0,65.0,35,0.0,0.0,0.0,0.0,0.0,0.0,0.0,0.0,0.0,0.0,0.0,0.0,0.0,0.0,0.0,0.0,69.2,0,150,71,55,65476,0,300,0,1,8,20529,65476,0,0,40632,65.0,0.0,0.0,0.0,0.0,0.0
2026-09-04T20:06:23,ERR,ERR,ERR,ERR,ERR,ERR,ERR,ERR,ERR,ERR,ERR,ERR,ERR,ERR,ERR,ERR,ERR,ERR,ERR,ERR,ERR,ERR,ERR,ERR,ERR,ERR,ERR,ERR,ERR,ERR,ERR,ERR,ERR,ERR,ERR,ERR,ERR,ERR,ERR,ERR,ERR,ERR,ERR,ERR,ERR,ERR,ERR,ERR,ERR,ERR,ERR,ERR,ERR,ERR,ERR,ERR,ERR,ERR,ERR,ERR,ERR,ERR,ERR,ERR,ERR,ERR,ERR,ERR,ERR,ERR,ERR,ERR,ERR,ERR,ERR,ERR,ERR,ERR,ERR,ERR,ERR,ERR,ERR,ERR,ERR,ERR,ERR,ERR,ERR,ERR,ERR,ERR,ERR,ERR,ERR,ERR,ERR,ERR,ERR,ERR,ERR,ERR,ERR,ERR,ERR,ERR,ERR,ERR,ERR,ERR,ERR,ERR,ERR,ERR,ERR,ERR,ERR,ERR,ERR,ERR,ERR,ERR,ERR,ERR,ERR,2.718430741444032e+23,2.7184312818759872e+23,0.0,0.0,0.0,1.3936040501711995e+18,7.805,0.0,0,0,4,0,7116,0.0,100,0.0,0.0,0.0,0.0,0.0,0,0,0,0,0.0,0,0,0,0,0,0,0,0,0,0,0,0,0,0,0,0,0,0,0,0,0,0,0,0,0,0,0,0,0,0,0,0,0,31,40,40,71,65476,0,300,0,0,8,21553,0.0,-107605600.0,0.0,0.0,0.0,0.0,0.0,0.0,0.0,0.0,0.0,0.0,0.0,0.0,0.0,0.0,0.0,0.0,0.0,0.0,0.0,0.0,0.0,-2.004,-2.004,0.0,0.0,0.0,0.0,0.0,6227.0,-0.0,6932.0,2.718430741444032e+23,2.7184312818759872e+23,-0.0,2.718430741444032e+23,0.0,0.0,0.0,0.0,69,-0.0,-2.3088364955910118e+20,0.0,0.0,0.0,0.0,0.0,0.0,0.0,0,0,0,0.0,0.0,0.0,0.0,0.0,0.0,0.0,0.0,0.0,0.0,0.0,0.0,0.0,0.0,0.0,0.0,0,-107875648.0,69,0.0,138,0.0,-109447200.0,0,13107,17040,39322,17049,13107,17043,0,0,0,70,68,100,2.7302359370752657e+23,71.2,2.7302370179391762e+23,74.2,-0.0,74.0,1,49,50,180,13107,0,0,0,0.0,0.0,0.0,0.0,-0.0,67.0,0.0,162057.094,0.0,751,0,740,0,0,0,721,0,768,0,736,0,743,0,742,0,712,0,7520,0.032,108447924224.0,0.0,0.0,784,16797,-0.0,162057.094,-114818.039,-0.0,0.133,6.909358625270745e+28,30.0,65.0,35,0.0,0.0,0.0,0.0,0.0,0.0,0.0,0.0,0.0,0.0,0.0,0.0,0.0,0.0,0.0,0.0,69.2,0,150,71,55,65476,0,300,0,1,8,20529,65476,0,0,40632,65.0,0.0,0.0,0.0,0.0,0.0
2026-09-04T20:06:24,ERR,ERR,ERR,ERR,ERR,ERR,ERR,ERR,ERR,ERR,ERR,ERR,ERR,ERR,ERR,ERR,ERR,ERR,ERR,ERR,ERR,ERR,ERR,ERR,ERR,ERR,ERR,ERR,ERR,ERR,ERR,ERR,ERR,ERR,ERR,ERR,ERR,ERR,ERR,ERR,ERR,ERR,ERR,ERR,ERR,ERR,ERR,ERR,ERR,ERR,ERR,ERR,ERR,ERR,ERR,ERR,ERR,ERR,ERR,ERR,ERR,ERR,ERR,ERR,ERR,ERR,ERR,ERR,ERR,ERR,ERR,ERR,ERR,ERR,ERR,ERR,ERR,ERR,ERR,ERR,ERR,ERR,ERR,ERR,ERR,ERR,ERR,ERR,ERR,ERR,ERR,ERR,ERR,ERR,ERR,ERR,ERR,ERR,ERR,ERR,ERR,ERR,ERR,ERR,ERR,ERR,ERR,ERR,ERR,ERR,ERR,ERR,ERR,ERR,ERR,ERR,ERR,ERR,ERR,ERR,ERR,ERR,ERR,ERR,ERR,2.718430741444032e+23,2.7184312818759872e+23,0.0,0.0,0.0,1.3936040501711995e+18,7.805,0.0,0,0,4,0,7116,0.0,100,0.0,0.0,0.0,0.0,0.0,0,0,0,0,0.0,0,0,0,0,0,0,0,0,0,0,0,0,0,0,0,0,0,0,0,0,0,0,0,0,0,0,0,0,0,0,0,0,0,31,40,40,71,65476,0,300,0,0,8,21553,0.0,-107605600.0,0.0,0.0,0.0,0.0,0.0,0.0,0.0,0.0,0.0,0.0,0.0,0.0,0.0,0.0,0.0,0.0,0.0,0.0,0.0,0.0,0.0,-2.004,-2.004,0.0,0.0,0.0,0.0,0.0,6226.0,0.0,6913.0,2.718430741444032e+23,2.7184312818759872e+23,-0.0,2.718430741444032e+23,0.0,0.0,0.0,0.0,69,-89221.172,1.905694169104384e+17,0.0,0.0,0.0,0.0,0.0,0.0,0.0,0,0,0,0.0,0.0,0.0,0.0,0.0,0.0,0.0,0.0,0.0,0.0,0.0,0.0,0.0,0.0,0.0,0.0,0,-107875648.0,69,0.0,138,0.0,-109447200.0,0,13107,17040,39322,17049,13107,17043,0,0,0,70,68,100,2.7302359370752657e+23,71.2,2.7302370179391762e+23,74.2,-0.0,74.0,1,49,50,180,13107,0,0,0,0.0,0.0,0.0,0.0,-0.0,67.0,0.0,162057.094,0.0,751,0,740,0,0,0,721,0,768,0,737,0,743,0,742,0,712,0,7520,0.032,107374182400.0,0.0,0.0,784,16797,-0.0,162057.094,-114818.039,-0.0,0.133,6.909358625270745e+28,30.0,65.0,35,0.0,0.0,0.0,0.0,0.0,0.0,0.0,0.0,0.0,0.0,0.0,0.0,0.0,0.0,0.0,0.0,69.2,0,150,71,55,65476,0,300,0,1,8,20529,65476,0,0,40632,65.0,0.0,0.0,0.0,0.0,0.0
2026-09-04T20:06:25,ERR,ERR,ERR,ERR,ERR,ERR,ERR,ERR,ERR,ERR,ERR,ERR,ERR,ERR,ERR,ERR,ERR,ERR,ERR,ERR,ERR,ERR,ERR,ERR,ERR,ERR,ERR,ERR,ERR,ERR,ERR,ERR,ERR,ERR,ERR,ERR,ERR,ERR,ERR,ERR,ERR,ERR,ERR,ERR,ERR,ERR,ERR,ERR,ERR,ERR,ERR,ERR,ERR,ERR,ERR,ERR,ERR,ERR,ERR,ERR,ERR,ERR,ERR,ERR,ERR,ERR,ERR,ERR,ERR,ERR,ERR,ERR,ERR,ERR,ERR,ERR,ERR,ERR,ERR,ERR,ERR,ERR,ERR,ERR,ERR,ERR,ERR,ERR,ERR,ERR,ERR,ERR,ERR,ERR,ERR,ERR,ERR,ERR,ERR,ERR,ERR,ERR,ERR,ERR,ERR,ERR,ERR,ERR,ERR,ERR,ERR,ERR,ERR,ERR,ERR,ERR,ERR,ERR,ERR,ERR,ERR,ERR,ERR,ERR,ERR,2.718430741444032e+23,2.7184312818759872e+23,0.0,0.0,0.0,1.3936040501711995e+18,7.805,0.0,0,0,4,0,7116,0.0,100,0.0,0.0,0.0,0.0,0.0,0,0,0,0,0.0,0,0,0,0,0,0,0,0,0,0,0,0,0,0,0,0,0,0,0,0,0,0,0,0,0,0,0,0,0,0,0,0,0,31,40,40,71,65476,0,300,0,0,8,21553,0.0,-107605600.0,0.0,0.0,0.0,0.0,0.0,0.0,0.0,0.0,0.0,0.0,0.0,0.0,0.0,0.0,0.0,0.0,0.0,0.0,0.0,0.0,0.0,-2.004,-2.004,0.0,0.0,0.0,0.0,0.0,6226.0,0.0,6913.0,2.718430741444032e+23,2.7184312818759872e+23,-0.0,2.718430741444032e+23,0.0,0.0,0.0,0.0,69,-89221.172,1.905694169104384e+17,0.0,0.0,0.0,0.0,0.0,0.0,0.0,0,0,0,0.0,0.0,0.0,0.0,0.0,0.0,0.0,0.0,0.0,0.0,0.0,0.0,0.0,0.0,0.0,0.0,0,-107875648.0,69,0.0,138,0.0,-109447200.0,0,13107,17040,39322,17049,13107,17043,0,0,0,70,68,100,2.7302359370752657e+23,71.2,2.7302370179391762e+23,74.2,-0.0,74.0,1,49,50,180,13107,0,0,0,0.0,0.0,0.0,0.0,-0.0,67.0,0.0,162057.094,0.0,751,0,740,0,0,0,721,0,768,0,737,0,743,0,742,0,712,0,7520,0.032,107374182400.0,0.0,0.0,784,16797,-0.0,162057.094,-114818.039,-0.0,0.133,6.909358625270745e+28,30.0,65.0,35,0.0,0.0,0.0,0.0,0.0,0.0,0.0,0.0,0.0,0.0,0.0,0.0,0.0,0.0,0.0,0.0,69.2,0,150,71,55,65476,0,300,0,1,8,20529,65476,0,0,40632,65.0,0.0,0.0,0.0,0.0,0.0
2026-09-04T20:06:26,ERR,ERR,ERR,ERR,ERR,ERR,ERR,ERR,ERR,ERR,ERR,ERR,ERR,ERR,ERR,ERR,ERR,ERR,ERR,ERR,ERR,ERR,ERR,ERR,ERR,ERR,ERR,ERR,ERR,ERR,ERR,ERR,ERR,ERR,ERR,ERR,ERR,ERR,ERR,ERR,ERR,ERR,ERR,ERR,ERR,ERR,ERR,ERR,ERR,ERR,ERR,ERR,ERR,ERR,ERR,ERR,ERR,ERR,ERR,ERR,ERR,ERR,ERR,ERR,ERR,ERR,ERR,ERR,ERR,ERR,ERR,ERR,ERR,ERR,ERR,ERR,ERR,ERR,ERR,ERR,ERR,ERR,ERR,ERR,ERR,ERR,ERR,ERR,ERR,ERR,ERR,ERR,ERR,ERR,ERR,ERR,ERR,ERR,ERR,ERR,ERR,ERR,ERR,ERR,ERR,ERR,ERR,ERR,ERR,ERR,ERR,ERR,ERR,ERR,ERR,ERR,ERR,ERR,ERR,ERR,ERR,ERR,ERR,ERR,ERR,2.718430741444032e+23,2.7184312818759872e+23,0.0,0.0,0.0,1.3936040501711995e+18,7.805,0.0,0,0,4,0,7116,0.0,100,0.0,0.0,0.0,0.0,0.0,0,0,0,0,0.0,0,0,0,0,0,0,0,0,0,0,0,0,0,0,0,0,0,0,0,0,0,0,0,0,0,0,0,0,0,0,0,0,0,31,40,40,71,65476,0,300,0,0,8,21553,0.0,-107605600.0,0.0,0.0,0.0,0.0,0.0,0.0,0.0,0.0,0.0,0.0,0.0,0.0,0.0,0.0,0.0,0.0,0.0,0.0,0.0,0.0,0.0,-2.004,-2.004,0.0,0.0,0.0,0.0,0.0,6226.0,0.0,6913.0,2.718430741444032e+23,2.7184312818759872e+23,-0.0,2.718430741444032e+23,0.0,0.0,0.0,0.0,69,-89221.172,1.905694169104384e+17,0.0,0.0,0.0,0.0,0.0,0.0,0.0,0,0,0,0.0,0.0,0.0,0.0,0.0,0.0,0.0,0.0,0.0,0.0,0.0,0.0,0.0,0.0,0.0,0.0,0,-107875648.0,69,0.0,138,0.0,-109447200.0,0,13107,17040,39322,17049,13107,17043,0,0,0,70,68,100,2.7302359370752657e+23,71.2,2.7302370179391762e+23,74.2,-0.0,74.0,1,49,50,180,13107,0,0,0,0.0,0.0,0.0,0.0,-0.0,67.0,0.0,162057.094,0.0,751,0,740,0,0,0,721,0,768,0,737,0,743,0,742,0,712,0,7520,0.032,107374182400.0,0.0,0.0,784,16797,-0.0,162057.094,-114818.039,-0.0,0.133,6.909358625270745e+28,30.0,65.0,35,0.0,0.0,0.0,0.0,0.0,0.0,0.0,0.0,0.0,0.0,0.0,0.0,0.0,0.0,0.0,0.0,69.2,0,150,71,55,65476,0,300,0,1,8,20529,65476,0,0,40632,65.0,0.0,0.0,0.0,0.0,0.0
2026-09-04T20:06:27,ERR,ERR,ERR,ERR,ERR,ERR,ERR,ERR,ERR,ERR,ERR,ERR,ERR,ERR,ERR,ERR,ERR,ERR,ERR,ERR,ERR,ERR,ERR,ERR,ERR,ERR,ERR,ERR,ERR,ERR,ERR,ERR,ERR,ERR,ERR,ERR,ERR,ERR,ERR,ERR,ERR,ERR,ERR,ERR,ERR,ERR,ERR,ERR,ERR,ERR,ERR,ERR,ERR,ERR,ERR,ERR,ERR,ERR,ERR,ERR,ERR,ERR,ERR,ERR,ERR,ERR,ERR,ERR,ERR,ERR,ERR,ERR,ERR,ERR,ERR,ERR,ERR,ERR,ERR,ERR,ERR,ERR,ERR,ERR,ERR,ERR,ERR,ERR,ERR,ERR,ERR,ERR,ERR,ERR,ERR,ERR,ERR,ERR,ERR,ERR,ERR,ERR,ERR,ERR,ERR,ERR,ERR,ERR,ERR,ERR,ERR,ERR,ERR,ERR,ERR,ERR,ERR,ERR,ERR,ERR,ERR,ERR,ERR,ERR,ERR,2.718430741444032e+23,2.7184312818759872e+23,0.0,0.0,0.0,1.3936040501711995e+18,7.805,0.0,0,0,4,0,7116,0.0,100,0.0,0.0,0.0,0.0,0.0,0,0,0,0,0.0,0,0,0,0,0,0,0,0,0,0,0,0,0,0,0,0,0,0,0,0,0,0,0,0,0,0,0,0,0,0,0,0,0,31,40,40,71,65476,0,300,0,0,8,21553,0.0,-107605600.0,0.0,0.0,0.0,0.0,0.0,0.0,0.0,0.0,0.0,0.0,0.0,0.0,0.0,0.0,0.0,0.0,0.0,0.0,0.0,0.0,0.0,-2.004,-2.004,0.0,0.0,0.0,0.0,0.0,6226.0,0.0,6913.0,2.718430741444032e+23,2.7184312818759872e+23,-0.0,2.718430741444032e+23,0.0,0.0,0.0,0.0,69,-89221.172,1.905694169104384e+17,0.0,0.0,0.0,0.0,0.0,0.0,0.0,0,0,0,0.0,0.0,0.0,0.0,0.0,0.0,0.0,0.0,0.0,0.0,0.0,0.0,0.0,0.0,0.0,0.0,0,-107875648.0,69,0.0,138,0.0,-109447200.0,0,13107,17040,39322,17049,13107,17043,0,0,0,70,68,100,2.7302359370752657e+23,71.2,2.7302370179391762e+23,74.2,-0.0,74.0,1,49,50,180,13107,0,0,0,0.0,0.0,0.0,0.0,-0.0,67.0,0.0,162057.094,0.0,751,0,740,0,0,0,721,0,768,0,737,0,743,0,742,0,712,0,7520,0.032,107374182400.0,0.0,0.0,784,16797,-0.0,162057.094,-114818.039,-0.0,0.133,6.909358625270745e+28,30.0,65.0,35,0.0,0.0,0.0,0.0,0.0,0.0,0.0,0.0,0.0,0.0,0.0,0.0,0.0,0.0,0.0,0.0,69.2,0,150,71,55,65476,0,300,0,1,8,20529,65476,0,0,40632,65.0,0.0,0.0,0.0,0.0,0.0
2026-09-04T20:06:28,ERR,ERR,ERR,ERR,ERR,ERR,ERR,ERR,ERR,ERR,ERR,ERR,ERR,ERR,ERR,ERR,ERR,ERR,ERR,ERR,ERR,ERR,ERR,ERR,ERR,ERR,ERR,ERR,ERR,ERR,ERR,ERR,ERR,ERR,ERR,ERR,ERR,ERR,ERR,ERR,ERR,ERR,ERR,ERR,ERR,ERR,ERR,ERR,ERR,ERR,ERR,ERR,ERR,ERR,ERR,ERR,ERR,ERR,ERR,ERR,ERR,ERR,ERR,ERR,ERR,ERR,ERR,ERR,ERR,ERR,ERR,ERR,ERR,ERR,ERR,ERR,ERR,ERR,ERR,ERR,ERR,ERR,ERR,ERR,ERR,ERR,ERR,ERR,ERR,ERR,ERR,ERR,ERR,ERR,ERR,ERR,ERR,ERR,ERR,ERR,ERR,ERR,ERR,ERR,ERR,ERR,ERR,ERR,ERR,ERR,ERR,ERR,ERR,ERR,ERR,ERR,ERR,ERR,ERR,ERR,ERR,ERR,ERR,ERR,ERR,2.718430741444032e+23,2.7184312818759872e+23,0.0,0.0,0.0,1.3936040501711995e+18,7.805,0.0,0,0,4,0,7116,0.0,100,0.0,0.0,0.0,0.0,0.0,0,0,0,0,0.0,0,0,0,0,0,0,0,0,0,0,0,0,0,0,0,0,0,0,0,0,0,0,0,0,0,0,0,0,0,0,0,0,0,31,40,40,71,65476,0,300,0,0,8,21553,0.0,-107605600.0,0.0,0.0,0.0,0.0,0.0,0.0,0.0,0.0,0.0,0.0,0.0,0.0,0.0,0.0,0.0,0.0,0.0,0.0,0.0,0.0,0.0,-2.004,-2.004,0.0,0.0,0.0,0.0,0.0,6226.0,0.0,6913.0,2.718430741444032e+23,2.7184312818759872e+23,-0.0,2.718430741444032e+23,0.0,0.0,0.0,0.0,69,-89221.172,1.905694169104384e+17,0.0,0.0,0.0,0.0,0.0,0.0,0.0,0,0,0,0.0,0.0,0.0,0.0,0.0,0.0,0.0,0.0,0.0,0.0,0.0,0.0,0.0,0.0,0.0,0.0,0,-107875648.0,69,0.0,138,0.0,-109447200.0,0,13107,17040,39322,17049,13107,17043,0,0,0,70,68,100,2.7302359370752657e+23,71.2,2.7302370179391762e+23,74.3,-0.0,74.0,1,49,50,180,13107,0,0,0,0.0,0.0,0.0,0.0,-0.0,67.0,0.0,162057.094,0.0,751,0,740,0,0,0,721,0,768,0,737,0,743,0,742,0,712,0,7520,0.032,107911053312.0,0.0,0.0,784,16797,-0.0,162057.094,-114818.039,-0.0,0.133,6.909358625270745e+28,30.0,65.0,35,0.0,0.0,0.0,0.0,0.0,0.0,0.0,0.0,0.0,0.0,0.0,0.0,0.0,0.0,0.0,0.0,69.2,0,150,71,55,65476,0,300,0,1,8,20529,65476,0,0,40632,65.0,0.0,0.0,0.0,0.0,0.0
2026-09-04T20:06:29,ERR,ERR,ERR,ERR,ERR,ERR,ERR,ERR,ERR,ERR,ERR,ERR,ERR,ERR,ERR,ERR,ERR,ERR,ERR,ERR,ERR,ERR,ERR,ERR,ERR,ERR,ERR,ERR,ERR,ERR,ERR,ERR,ERR,ERR,ERR,ERR,ERR,ERR,ERR,ERR,ERR,ERR,ERR,ERR,ERR,ERR,ERR,ERR,ERR,ERR,ERR,ERR,ERR,ERR,ERR,ERR,ERR,ERR,ERR,ERR,ERR,ERR,ERR,ERR,ERR,ERR,ERR,ERR,ERR,ERR,ERR,ERR,ERR,ERR,ERR,ERR,ERR,ERR,ERR,ERR,ERR,ERR,ERR,ERR,ERR,ERR,ERR,ERR,ERR,ERR,ERR,ERR,ERR,ERR,ERR,ERR,ERR,ERR,ERR,ERR,ERR,ERR,ERR,ERR,ERR,ERR,ERR,ERR,ERR,ERR,ERR,ERR,ERR,ERR,ERR,ERR,ERR,ERR,ERR,ERR,ERR,ERR,ERR,ERR,ERR,2.718430741444032e+23,2.7184312818759872e+23,0.0,0.0,0.0,1.3936040501711995e+18,7.805,0.0,0,0,4,0,7116,0.0,100,0.0,0.0,0.0,0.0,0.0,0,0,0,0,0.0,0,0,0,0,0,0,0,0,0,0,0,0,0,0,0,0,0,0,0,0,0,0,0,0,0,0,0,0,0,0,0,0,0,31,40,40,71,65476,0,300,0,0,8,21553,0.0,-107605600.0,0.0,0.0,0.0,0.0,0.0,0.0,0.0,0.0,0.0,0.0,0.0,0.0,0.0,0.0,0.0,0.0,0.0,0.0,0.0,0.0,0.0,-2.004,-2.004,0.0,0.0,0.0,0.0,0.0,6226.0,0.0,6913.0,2.718430741444032e+23,2.7184312818759872e+23,-0.0,2.718430741444032e+23,0.0,0.0,0.0,0.0,69,-89221.172,1.905694169104384e+17,0.0,0.0,0.0,0.0,0.0,0.0,0.0,0,0,0,0.0,0.0,0.0,0.0,0.0,0.0,0.0,0.0,0.0,0.0,0.0,0.0,0.0,0.0,0.0,0.0,0,-107875648.0,69,0.0,138,0.0,-109447200.0,0,13107,17040,39322,17049,13107,17043,0,0,0,70,68,100,2.7302359370752657e+23,71.2,2.7302370179391762e+23,74.3,-0.0,74.0,1,49,50,180,13107,0,0,0,0.0,0.0,0.0,0.0,-0.0,67.0,0.0,162057.094,0.0,751,0,740,0,0,0,721,0,768,0,737,0,743,0,742,0,712,0,7520,0.032,107911053312.0,0.0,0.0,784,16797,-0.0,162057.094,-114818.039,-0.0,0.133,6.909358625270745e+28,30.0,65.0,35,0.0,0.0,0.0,0.0,0.0,0.0,0.0,0.0,0.0,0.0,0.0,0.0,0.0,0.0,0.0,0.0,69.2,0,150,71,55,65476,0,300,0,1,8,20529,65476,0,0,40632,65.0,0.0,0.0,0.0,0.0,0.0
2026-09-04T20:06:30,ERR,ERR,ERR,ERR,ERR,ERR,ERR,ERR,ERR,ERR,ERR,ERR,ERR,ERR,ERR,ERR,ERR,ERR,ERR,ERR,ERR,ERR,ERR,ERR,ERR,ERR,ERR,ERR,ERR,ERR,ERR,ERR,ERR,ERR,ERR,ERR,ERR,ERR,ERR,ERR,ERR,ERR,ERR,ERR,ERR,ERR,ERR,ERR,ERR,ERR,ERR,ERR,ERR,ERR,ERR,ERR,ERR,ERR,ERR,ERR,ERR,ERR,ERR,ERR,ERR,ERR,ERR,ERR,ERR,ERR,ERR,ERR,ERR,ERR,ERR,ERR,ERR,ERR,ERR,ERR,ERR,ERR,ERR,ERR,ERR,ERR,ERR,ERR,ERR,ERR,ERR,ERR,ERR,ERR,ERR,ERR,ERR,ERR,ERR,ERR,ERR,ERR,ERR,ERR,ERR,ERR,ERR,ERR,ERR,ERR,ERR,ERR,ERR,ERR,ERR,ERR,ERR,ERR,ERR,ERR,ERR,ERR,ERR,ERR,ERR,2.718430741444032e+23,2.7184312818759872e+23,0.0,0.0,0.0,1.3936040501711995e+18,7.805,0.0,0,0,4,0,7116,0.0,100,0.0,0.0,0.0,0.0,0.0,0,0,0,0,0.0,0,0,0,0,0,0,0,0,0,0,0,0,0,0,0,0,0,0,0,0,0,0,0,0,0,0,0,0,0,0,0,0,0,31,40,40,71,65476,0,300,0,0,8,21553,0.0,-107605600.0,0.0,0.0,0.0,0.0,0.0,0.0,0.0,0.0,0.0,0.0,0.0,0.0,0.0,0.0,0.0,0.0,0.0,0.0,0.0,0.0,0.0,-2.004,-2.004,0.0,0.0,0.0,0.0,0.0,6192.0,-2.004,6936.0,2.718430741444032e+23,2.7184312818759872e+23,-0.0,2.718430741444032e+23,0.0,0.0,0.0,0.0,69,-0.0,-3.222020107183197e+26,0.0,0.0,0.0,0.0,0.0,0.0,0.0,0,0,0,0.0,0.0,0.0,0.0,0.0,0.0,0.0,0.0,0.0,0.0,0.0,0.0,0.0,0.0,0.0,0.0,0,-107875648.0,69,0.0,138,0.0,-109447200.0,0,13107,17040,39322,17049,13107,17043,0,0,0,70,68,100,2.7302359370752657e+23,71.2,2.7302370179391762e+23,74.3,-0.0,74.0,1,49,50,180,13107,0,0,0,0.0,0.0,0.0,0.0,-0.0,67.0,0.0,162057.094,0.0,751,0,740,0,0,0,721,0,768,0,737,0,743,0,742,0,712,0,7520,0.032,107911053312.0,0.0,0.0,784,16797,-0.0,162057.094,-114818.039,-0.0,0.133,6.909358625270745e+28,30.0,65.0,35,0.0,0.0,0.0,0.0,0.0,0.0,0.0,0.0,0.0,0.0,0.0,0.0,0.0,0.0,0.0,0.0,69.2,0,150,71,55,65476,0,300,0,1,8,20529,65476,0,0,40632,65.0,0.0,0.0,0.0,0.0,0.0
2026-09-04T20:06:31,ERR,ERR,ERR,ERR,ERR,ERR,ERR,ERR,ERR,ERR,ERR,ERR,ERR,ERR,ERR,ERR,ERR,ERR,ERR,ERR,ERR,ERR,ERR,ERR,ERR,ERR,ERR,ERR,ERR,ERR,ERR,ERR,ERR,ERR,ERR,ERR,ERR,ERR,ERR,ERR,ERR,ERR,ERR,ERR,ERR,ERR,ERR,ERR,ERR,ERR,ERR,ERR,ERR,ERR,ERR,ERR,ERR,ERR,ERR,ERR,ERR,ERR,ERR,ERR,ERR,ERR,ERR,ERR,ERR,ERR,ERR,ERR,ERR,ERR,ERR,ERR,ERR,ERR,ERR,ERR,ERR,ERR,ERR,ERR,ERR,ERR,ERR,ERR,ERR,ERR,ERR,ERR,ERR,ERR,ERR,ERR,ERR,ERR,ERR,ERR,ERR,ERR,ERR,ERR,ERR,ERR,ERR,ERR,ERR,ERR,ERR,ERR,ERR,ERR,ERR,ERR,ERR,ERR,ERR,ERR,ERR,ERR,ERR,ERR,ERR,2.718430741444032e+23,2.7184312818759872e+23,0.0,0.0,0.0,1.3936040501711995e+18,7.805,0.0,0,0,4,0,7116,0.0,100,0.0,0.0,0.0,0.0,0.0,0,0,0,0,0.0,0,0,0,0,0,0,0,0,0,0,0,0,0,0,0,0,0,0,0,0,0,0,0,0,0,0,0,0,0,0,0,0,0,31,40,40,71,65476,0,300,0,0,8,21553,0.0,-107605600.0,0.0,0.0,0.0,0.0,0.0,0.0,0.0,0.0,0.0,0.0,0.0,0.0,0.0,0.0,0.0,0.0,0.0,0.0,0.0,0.0,0.0,-2.004,-2.004,0.0,0.0,0.0,0.0,0.0,6192.0,-2.004,6936.0,2.718430741444032e+23,2.7184312818759872e+23,-0.0,2.718430741444032e+23,0.0,0.0,0.0,0.0,69,-0.0,-3.222020107183197e+26,0.0,0.0,0.0,0.0,0.0,0.0,0.0,0,0,0,0.0,0.0,0.0,0.0,0.0,0.0,0.0,0.0,0.0,0.0,0.0,0.0,0.0,0.0,0.0,0.0,0,-107875648.0,69,0.0,138,0.0,-109447200.0,0,13107,17040,39322,17049,13107,17043,0,0,0,70,68,100,2.7302359370752657e+23,71.2,2.7302370179391762e+23,74.3,-0.0,74.0,1,49,50,180,13107,0,0,0,0.0,0.0,0.0,0.0,-0.0,67.0,0.0,162057.094,0.0,751,0,740,0,0,0,721,0,768,0,737,0,743,0,742,0,712,0,7520,0.032,107911053312.0,0.0,0.0,784,16797,-0.0,162057.094,-114818.039,-0.0,0.133,6.909358625270745e+28,30.0,65.0,35,0.0,0.0,0.0,0.0,0.0,0.0,0.0,0.0,0.0,0.0,0.0,0.0,0.0,0.0,0.0,0.0,69.2,0,150,71,55,65476,0,300,0,1,8,20529,65476,0,0,40632,65.0,0.0,0.0,0.0,0.0,0.0
2026-09-04T20:06:32,ERR,ERR,ERR,ERR,ERR,ERR,ERR,ERR,ERR,ERR,ERR,ERR,ERR,ERR,ERR,ERR,ERR,ERR,ERR,ERR,ERR,ERR,ERR,ERR,ERR,ERR,ERR,ERR,ERR,ERR,ERR,ERR,ERR,ERR,ERR,ERR,ERR,ERR,ERR,ERR,ERR,ERR,ERR,ERR,ERR,ERR,ERR,ERR,ERR,ERR,ERR,ERR,ERR,ERR,ERR,ERR,ERR,ERR,ERR,ERR,ERR,ERR,ERR,ERR,ERR,ERR,ERR,ERR,ERR,ERR,ERR,ERR,ERR,ERR,ERR,ERR,ERR,ERR,ERR,ERR,ERR,ERR,ERR,ERR,ERR,ERR,ERR,ERR,ERR,ERR,ERR,ERR,ERR,ERR,ERR,ERR,ERR,ERR,ERR,ERR,ERR,ERR,ERR,ERR,ERR,ERR,ERR,ERR,ERR,ERR,ERR,ERR,ERR,ERR,ERR,ERR,ERR,ERR,ERR,ERR,ERR,ERR,ERR,ERR,ERR,2.718430741444032e+23,2.7184312818759872e+23,0.0,0.0,0.0,1.3936040501711995e+18,7.805,0.0,0,0,4,0,7116,0.0,100,0.0,0.0,0.0,0.0,0.0,0,0,0,0,0.0,0,0,0,0,0,0,0,0,0,0,0,0,0,0,0,0,0,0,0,0,0,0,0,0,0,0,0,0,0,0,0,0,0,31,40,40,71,65476,0,300,0,0,8,21553,0.0,-107605600.0,0.0,0.0,0.0,0.0,0.0,0.0,0.0,0.0,0.0,0.0,0.0,0.0,0.0,0.0,0.0,0.0,0.0,0.0,0.0,0.0,0.0,-2.004,-2.004,0.0,0.0,0.0,0.0,0.0,6192.0,-2.004,6936.0,2.718430741444032e+23,2.7184312818759872e+23,-0.0,2.718430741444032e+23,0.0,0.0,0.0,0.0,69,-0.0,-3.222020107183197e+26,0.0,0.0,0.0,0.0,0.0,0.0,0.0,0,0,0,0.0,0.0,0.0,0.0,0.0,0.0,0.0,0.0,0.0,0.0,0.0,0.0,0.0,0.0,0.0,0.0,0,-107875648.0,69,0.0,138,0.0,-109447200.0,0,13107,17040,39322,17049,13107,17043,0,0,0,70,68,100,2.7302359370752657e+23,71.2,2.7302370179391762e+23,74.3,-0.0,74.0,1,49,50,180,13107,0,0,0,0.0,0.0,0.0,0.0,-0.0,67.0,0.0,162057.094,0.0,751,0,740,0,0,0,721,0,768,0,737,0,743,0,742,0,712,0,7520,0.032,107911053312.0,0.0,0.0,784,16797,-0.0,162057.094,-114818.039,-0.0,0.133,6.909358625270745e+28,30.0,65.0,35,0.0,0.0,0.0,0.0,0.0,0.0,0.0,0.0,0.0,0.0,0.0,0.0,0.0,0.0,0.0,0.0,69.2,0,150,71,55,65476,0,300,0,1,8,20529,65476,0,0,40632,65.0,0.0,0.0,0.0,0.0,0.0
2026-09-04T20:06:33,ERR,ERR,ERR,ERR,ERR,ERR,ERR,ERR,ERR,ERR,ERR,ERR,ERR,ERR,ERR,ERR,ERR,ERR,ERR,ERR,ERR,ERR,ERR,ERR,ERR,ERR,ERR,ERR,ERR,ERR,ERR,ERR,ERR,ERR,ERR,ERR,ERR,ERR,ERR,ERR,ERR,ERR,ERR,ERR,ERR,ERR,ERR,ERR,ERR,ERR,ERR,ERR,ERR,ERR,ERR,ERR,ERR,ERR,ERR,ERR,ERR,ERR,ERR,ERR,ERR,ERR,ERR,ERR,ERR,ERR,ERR,ERR,ERR,ERR,ERR,ERR,ERR,ERR,ERR,ERR,ERR,ERR,ERR,ERR,ERR,ERR,ERR,ERR,ERR,ERR,ERR,ERR,ERR,ERR,ERR,ERR,ERR,ERR,ERR,ERR,ERR,ERR,ERR,ERR,ERR,ERR,ERR,ERR,ERR,ERR,ERR,ERR,ERR,ERR,ERR,ERR,ERR,ERR,ERR,ERR,ERR,ERR,ERR,ERR,ERR,2.718430741444032e+23,2.7184312818759872e+23,0.0,0.0,0.0,1.3936040501711995e+18,7.805,0.0,0,0,4,0,7116,0.0,100,0.0,0.0,0.0,0.0,0.0,0,0,0,0,0.0,0,0,0,0,0,0,0,0,0,0,0,0,0,0,0,0,0,0,0,0,0,0,0,0,0,0,0,0,0,0,0,0,0,31,40,40,71,65476,0,300,0,0,8,21553,0.0,-107605600.0,0.0,0.0,0.0,0.0,0.0,0.0,0.0,0.0,0.0,0.0,0.0,0.0,0.0,0.0,0.0,0.0,0.0,0.0,0.0,0.0,0.0,-2.004,-2.004,0.0,0.0,0.0,0.0,0.0,6192.0,-2.004,6936.0,2.718430741444032e+23,2.7184312818759872e+23,-0.0,2.718430741444032e+23,0.0,0.0,0.0,0.0,69,-0.0,-3.222020107183197e+26,0.0,0.0,0.0,0.0,0.0,0.0,0.0,0,0,0,0.0,0.0,0.0,0.0,0.0,0.0,0.0,0.0,0.0,0.0,0.0,0.0,0.0,0.0,0.0,0.0,0,-107875648.0,69,0.0,138,0.0,-109447200.0,0,13107,17040,39322,17049,13107,17043,0,0,0,70,68,100,2.7302359370752657e+23,71.2,2.7302370179391762e+23,74.3,-0.0,74.0,1,49,50,180,13107,0,0,0,0.0,0.0,0.0,0.0,-0.0,67.0,0.0,162057.094,0.0,751,0,740,0,0,0,721,0,768,0,736,0,743,0,742,0,712,0,7520,0.032,107911053312.0,0.0,0.0,784,16797,-0.0,162057.094,-114818.039,-0.0,0.133,6.909358625270745e+28,30.0,65.0,35,0.0,0.0,0.0,0.0,0.0,0.0,0.0,0.0,0.0,0.0,0.0,0.0,0.0,0.0,0.0,0.0,69.2,0,150,71,55,65476,0,300,0,1,8,20529,65476,0,0,40632,65.0,0.0,0.0,0.0,0.0,0.0
2026-09-04T20:06:34,ERR,ERR,ERR,ERR,ERR,ERR,ERR,ERR,ERR,ERR,ERR,ERR,ERR,ERR,ERR,ERR,ERR,ERR,ERR,ERR,ERR,ERR,ERR,ERR,ERR,ERR,ERR,ERR,ERR,ERR,ERR,ERR,ERR,ERR,ERR,ERR,ERR,ERR,ERR,ERR,ERR,ERR,ERR,ERR,ERR,ERR,ERR,ERR,ERR,ERR,ERR,ERR,ERR,ERR,ERR,ERR,ERR,ERR,ERR,ERR,ERR,ERR,ERR,ERR,ERR,ERR,ERR,ERR,ERR,ERR,ERR,ERR,ERR,ERR,ERR,ERR,ERR,ERR,ERR,ERR,ERR,ERR,ERR,ERR,ERR,ERR,ERR,ERR,ERR,ERR,ERR,ERR,ERR,ERR,ERR,ERR,ERR,ERR,ERR,ERR,ERR,ERR,ERR,ERR,ERR,ERR,ERR,ERR,ERR,ERR,ERR,ERR,ERR,ERR,ERR,ERR,ERR,ERR,ERR,ERR,ERR,ERR,ERR,ERR,ERR,2.718430741444032e+23,2.7184312818759872e+23,0.0,0.0,0.0,1.3936040501711995e+18,7.805,0.0,0,0,4,0,7116,0.0,100,0.0,0.0,0.0,0.0,0.0,0,0,0,0,0.0,0,0,0,0,0,0,0,0,0,0,0,0,0,0,0,0,0,0,0,0,0,0,0,0,0,0,0,0,0,0,0,0,0,31,40,40,71,65476,0,300,0,0,8,21553,0.0,-107605600.0,0.0,0.0,0.0,0.0,0.0,0.0,0.0,0.0,0.0,0.0,0.0,0.0,0.0,0.0,0.0,0.0,0.0,0.0,0.0,0.0,0.0,-2.004,-2.004,0.0,0.0,0.0,0.0,0.0,6192.0,-2.004,6936.0,2.718430741444032e+23,2.7184312818759872e+23,-0.0,2.718430741444032e+23,0.0,0.0,0.0,0.0,69,-0.0,-3.222020107183197e+26,0.0,0.0,0.0,0.0,0.0,0.0,0.0,0,0,0,0.0,0.0,0.0,0.0,0.0,0.0,0.0,0.0,0.0,0.0,0.0,0.0,0.0,0.0,0.0,0.0,0,-107875648.0,69,0.0,138,0.0,-109447200.0,0,13107,17040,39322,17049,13107,17043,0,0,0,70,68,100,2.7302359370752657e+23,71.2,2.7302370179391762e+23,74.3,-0.0,74.0,1,49,50,180,13107,0,0,0,0.0,0.0,0.0,0.0,-0.0,67.0,0.0,162057.094,0.0,751,0,740,0,0,0,721,0,768,0,736,0,743,0,742,0,712,0,7520,0.032,107911053312.0,0.0,0.0,784,16797,-0.0,162057.094,-114818.039,-0.0,0.133,6.909358625270745e+28,30.0,65.0,35,0.0,0.0,0.0,0.0,0.0,0.0,0.0,0.0,0.0,0.0,0.0,0.0,0.0,0.0,0.0,0.0,69.2,0,150,71,55,65476,0,300,0,1,8,20529,65476,0,0,40632,65.0,0.0,0.0,0.0,0.0,0.0
2026-09-04T20:06:35,ERR,ERR,ERR,ERR,ERR,ERR,ERR,ERR,ERR,ERR,ERR,ERR,ERR,ERR,ERR,ERR,ERR,ERR,ERR,ERR,ERR,ERR,ERR,ERR,ERR,ERR,ERR,ERR,ERR,ERR,ERR,ERR,ERR,ERR,ERR,ERR,ERR,ERR,ERR,ERR,ERR,ERR,ERR,ERR,ERR,ERR,ERR,ERR,ERR,ERR,ERR,ERR,ERR,ERR,ERR,ERR,ERR,ERR,ERR,ERR,ERR,ERR,ERR,ERR,ERR,ERR,ERR,ERR,ERR,ERR,ERR,ERR,ERR,ERR,ERR,ERR,ERR,ERR,ERR,ERR,ERR,ERR,ERR,ERR,ERR,ERR,ERR,ERR,ERR,ERR,ERR,ERR,ERR,ERR,ERR,ERR,ERR,ERR,ERR,ERR,ERR,ERR,ERR,ERR,ERR,ERR,ERR,ERR,ERR,ERR,ERR,ERR,ERR,ERR,ERR,ERR,ERR,ERR,ERR,ERR,ERR,ERR,ERR,ERR,ERR,2.718430741444032e+23,2.7184312818759872e+23,0.0,0.0,0.0,1.3936040501711995e+18,7.805,0.0,0,0,4,0,7116,0.0,100,0.0,0.0,0.0,0.0,0.0,0,0,0,0,0.0,0,0,0,0,0,0,0,0,0,0,0,0,0,0,0,0,0,0,0,0,0,0,0,0,0,0,0,0,0,0,0,0,0,31,40,40,71,65476,0,300,0,0,8,21553,0.0,-107605600.0,0.0,0.0,0.0,0.0,0.0,0.0,0.0,0.0,0.0,0.0,0.0,0.0,0.0,0.0,0.0,0.0,0.0,0.0,0.0,0.0,0.0,-2.004,-2.004,0.0,0.0,0.0,0.0,0.0,6192.0,-2.004,6936.0,2.718430741444032e+23,2.7184312818759872e+23,-0.0,2.718430741444032e+23,0.0,0.0,0.0,0.0,69,-0.0,-3.222020107183197e+26,0.0,0.0,0.0,0.0,0.0,0.0,0.0,0,0,0,0.0,0.0,0.0,0.0,0.0,0.0,0.0,0.0,0.0,0.0,0.0,0.0,0.0,0.0,0.0,0.0,0,-107875648.0,69,0.0,138,0.0,-109447200.0,0,13107,17040,39322,17049,13107,17043,0,0,0,70,68,100,2.7302359370752657e+23,71.2,2.7302370179391762e+23,74.3,-0.0,74.0,1,49,50,180,13107,0,0,0,0.0,0.0,0.0,0.0,-0.0,67.0,0.0,162057.094,0.0,751,0,740,0,0,0,721,0,768,0,736,0,743,0,742,0,712,0,7520,0.032,107911053312.0,0.0,0.0,784,16797,-0.0,162057.094,-114818.039,-0.0,0.133,6.909358625270745e+28,30.0,65.0,35,0.0,0.0,0.0,0.0,0.0,0.0,0.0,0.0,0.0,0.0,0.0,0.0,0.0,0.0,0.0,0.0,69.2,0,150,71,55,65476,0,300,0,1,8,20529,65476,0,0,40632,65.0,0.0,0.0,0.0,0.0,0.0
2026-09-04T20:06:36,ERR,ERR,ERR,ERR,ERR,ERR,ERR,ERR,ERR,ERR,ERR,ERR,ERR,ERR,ERR,ERR,ERR,ERR,ERR,ERR,ERR,ERR,ERR,ERR,ERR,ERR,ERR,ERR,ERR,ERR,ERR,ERR,ERR,ERR,ERR,ERR,ERR,ERR,ERR,ERR,ERR,ERR,ERR,ERR,ERR,ERR,ERR,ERR,ERR,ERR,ERR,ERR,ERR,ERR,ERR,ERR,ERR,ERR,ERR,ERR,ERR,ERR,ERR,ERR,ERR,ERR,ERR,ERR,ERR,ERR,ERR,ERR,ERR,ERR,ERR,ERR,ERR,ERR,ERR,ERR,ERR,ERR,ERR,ERR,ERR,ERR,ERR,ERR,ERR,ERR,ERR,ERR,ERR,ERR,ERR,ERR,ERR,ERR,ERR,ERR,ERR,ERR,ERR,ERR,ERR,ERR,ERR,ERR,ERR,ERR,ERR,ERR,ERR,ERR,ERR,ERR,ERR,ERR,ERR,ERR,ERR,ERR,ERR,ERR,ERR,2.718430741444032e+23,2.7184312818759872e+23,0.0,0.0,0.0,1.3936040501711995e+18,7.805,0.0,0,0,4,0,7116,0.0,100,0.0,0.0,0.0,0.0,0.0,0,0,0,0,0.0,0,0,0,0,0,0,0,0,0,0,0,0,0,0,0,0,0,0,0,0,0,0,0,0,0,0,0,0,0,0,0,0,0,31,40,40,71,65476,0,300,0,0,8,21553,0.0,-107605600.0,0.0,0.0,0.0,0.0,0.0,0.0,0.0,0.0,0.0,0.0,0.0,0.0,0.0,0.0,0.0,0.0,0.0,0.0,0.0,0.0,0.0,-2.004,-2.004,0.0,0.0,0.0,0.0,0.0,6192.0,-2.004,6936.0,2.718430741444032e+23,2.7184312818759872e+23,-0.0,2.718430741444032e+23,0.0,0.0,0.0,0.0,69,-0.0,-3.222020107183197e+26,0.0,0.0,0.0,0.0,0.0,0.0,0.0,0,0,0,0.0,0.0,0.0,0.0,0.0,0.0,0.0,0.0,0.0,0.0,0.0,0.0,0.0,0.0,0.0,0.0,0,-107875648.0,69,0.0,138,0.0,-109447200.0,0,13107,17040,39322,17049,13107,17043,0,0,0,70,68,100,2.7302359370752657e+23,71.2,2.7302370179391762e+23,74.3,-0.0,74.0,1,49,50,180,13107,0,0,0,0.0,0.0,0.0,0.0,-0.0,67.0,0.0,162057.094,0.0,751,0,740,0,0,0,721,0,768,0,736,0,743,0,742,0,712,0,7520,0.032,107911053312.0,0.0,0.0,784,16797,-0.0,162057.094,-114818.039,-0.0,0.133,6.909358625270745e+28,30.0,65.0,35,0.0,0.0,0.0,0.0,0.0,0.0,0.0,0.0,0.0,0.0,0.0,0.0,0.0,0.0,0.0,0.0,69.2,0,150,71,55,65476,0,300,0,1,8,20529,65476,0,0,40632,65.0,0.0,0.0,0.0,0.0,0.0
2026-09-04T20:06:37,ERR,ERR,ERR,ERR,ERR,ERR,ERR,ERR,ERR,ERR,ERR,ERR,ERR,ERR,ERR,ERR,ERR,ERR,ERR,ERR,ERR,ERR,ERR,ERR,ERR,ERR,ERR,ERR,ERR,ERR,ERR,ERR,ERR,ERR,ERR,ERR,ERR,ERR,ERR,ERR,ERR,ERR,ERR,ERR,ERR,ERR,ERR,ERR,ERR,ERR,ERR,ERR,ERR,ERR,ERR,ERR,ERR,ERR,ERR,ERR,ERR,ERR,ERR,ERR,ERR,ERR,ERR,ERR,ERR,ERR,ERR,ERR,ERR,ERR,ERR,ERR,ERR,ERR,ERR,ERR,ERR,ERR,ERR,ERR,ERR,ERR,ERR,ERR,ERR,ERR,ERR,ERR,ERR,ERR,ERR,ERR,ERR,ERR,ERR,ERR,ERR,ERR,ERR,ERR,ERR,ERR,ERR,ERR,ERR,ERR,ERR,ERR,ERR,ERR,ERR,ERR,ERR,ERR,ERR,ERR,ERR,ERR,ERR,ERR,ERR,2.718430741444032e+23,2.7184312818759872e+23,0.0,0.0,0.0,1.3936040501711995e+18,7.805,0.0,0,0,4,0,7116,0.0,100,0.0,0.0,0.0,0.0,0.0,0,0,0,0,0.0,0,0,0,0,0,0,0,0,0,0,0,0,0,0,0,0,0,0,0,0,0,0,0,0,0,0,0,0,0,0,0,0,0,31,40,40,71,65476,0,300,0,0,8,21553,0.0,-107605600.0,0.0,0.0,0.0,0.0,0.0,0.0,0.0,0.0,0.0,0.0,0.0,0.0,0.0,0.0,0.0,0.0,0.0,0.0,0.0,0.0,0.0,-2.004,-2.004,0.0,0.0,0.0,0.0,0.0,6189.0,0.0,6915.0,2.718430741444032e+23,2.7184312818759872e+23,-0.0,2.718430741444032e+23,0.0,0.0,0.0,0.0,69,-0.0,0.0,0.0,0.0,0.0,0.0,0.0,0.0,0.0,0,0,0,0.0,0.0,0.0,0.0,0.0,0.0,0.0,0.0,0.0,0.0,0.0,0.0,0.0,0.0,0.0,0.0,0,-107875648.0,69,0.0,138,0.0,-109447200.0,0,13107,17040,39322,17049,13107,17043,0,0,0,70,68,100,2.7302359370752657e+23,71.2,2.7302370179391762e+23,74.3,-0.0,74.0,1,49,50,180,13107,0,0,0,0.0,0.0,0.0,0.0,-0.0,67.0,0.0,162057.094,0.0,751,0,740,0,0,0,721,0,768,0,736,0,743,0,742,0,712,0,7520,0.032,107911053312.0,0.0,0.0,784,16797,-0.0,162057.094,-114818.039,-0.0,0.133,6.909358625270745e+28,30.0,65.0,35,0.0,0.0,0.0,0.0,0.0,0.0,0.0,0.0,0.0,0.0,0.0,0.0,0.0,0.0,0.0,0.0,69.2,0,150,71,55,65476,0,300,0,1,8,20529,65476,0,0,40632,65.0,0.0,0.0,0.0,0.0,0.0
2026-09-04T20:06:38,ERR,ERR,ERR,ERR,ERR,ERR,ERR,ERR,ERR,ERR,ERR,ERR,ERR,ERR,ERR,ERR,ERR,ERR,ERR,ERR,ERR,ERR,ERR,ERR,ERR,ERR,ERR,ERR,ERR,ERR,ERR,ERR,ERR,ERR,ERR,ERR,ERR,ERR,ERR,ERR,ERR,ERR,ERR,ERR,ERR,ERR,ERR,ERR,ERR,ERR,ERR,ERR,ERR,ERR,ERR,ERR,ERR,ERR,ERR,ERR,ERR,ERR,ERR,ERR,ERR,ERR,ERR,ERR,ERR,ERR,ERR,ERR,ERR,ERR,ERR,ERR,ERR,ERR,ERR,ERR,ERR,ERR,ERR,ERR,ERR,ERR,ERR,ERR,ERR,ERR,ERR,ERR,ERR,ERR,ERR,ERR,ERR,ERR,ERR,ERR,ERR,ERR,ERR,ERR,ERR,ERR,ERR,ERR,ERR,ERR,ERR,ERR,ERR,ERR,ERR,ERR,ERR,ERR,ERR,ERR,ERR,ERR,ERR,ERR,ERR,2.718430741444032e+23,2.7184312818759872e+23,0.0,0.0,0.0,1.3936040501711995e+18,7.805,0.0,0,0,4,0,7116,0.0,100,0.0,0.0,0.0,0.0,0.0,0,0,0,0,0.0,0,0,0,0,0,0,0,0,0,0,0,0,0,0,0,0,0,0,0,0,0,0,0,0,0,0,0,0,0,0,0,0,0,31,40,40,71,65476,0,300,0,0,8,21553,0.0,-107605600.0,0.0,0.0,0.0,0.0,0.0,0.0,0.0,0.0,0.0,0.0,0.0,0.0,0.0,0.0,0.0,0.0,0.0,0.0,0.0,0.0,0.0,-2.004,-2.004,0.0,0.0,0.0,0.0,0.0,6189.0,0.0,6915.0,2.718430741444032e+23,2.7184312818759872e+23,-0.0,2.718430741444032e+23,0.0,0.0,0.0,0.0,69,-0.0,0.0,0.0,0.0,0.0,0.0,0.0,0.0,0.0,0,0,0,0.0,0.0,0.0,0.0,0.0,0.0,0.0,0.0,0.0,0.0,0.0,0.0,0.0,0.0,0.0,0.0,0,-107875648.0,69,0.0,138,0.0,-109447200.0,0,13107,17040,39322,17049,13107,17043,0,0,0,70,68,100,2.7302359370752657e+23,71.2,2.7302370179391762e+23,74.3,-0.0,74.0,1,49,50,180,13107,0,0,0,0.0,0.0,0.0,0.0,-0.0,67.0,0.0,162057.094,0.0,751,0,740,0,0,0,721,0,768,0,736,0,743,0,742,0,712,0,7520,0.032,107911053312.0,0.0,0.0,784,16797,-0.0,162057.094,-114818.039,-0.0,0.133,6.909358625270745e+28,30.0,65.0,35,0.0,0.0,0.0,0.0,0.0,0.0,0.0,0.0,0.0,0.0,0.0,0.0,0.0,0.0,0.0,0.0,69.2,0,150,71,55,65476,0,300,0,1,8,20529,65476,0,0,40632,65.0,0.0,0.0,0.0,0.0,0.0
2026-09-04T20:06:39,ERR,ERR,ERR,ERR,ERR,ERR,ERR,ERR,ERR,ERR,ERR,ERR,ERR,ERR,ERR,ERR,ERR,ERR,ERR,ERR,ERR,ERR,ERR,ERR,ERR,ERR,ERR,ERR,ERR,ERR,ERR,ERR,ERR,ERR,ERR,ERR,ERR,ERR,ERR,ERR,ERR,ERR,ERR,ERR,ERR,ERR,ERR,ERR,ERR,ERR,ERR,ERR,ERR,ERR,ERR,ERR,ERR,ERR,ERR,ERR,ERR,ERR,ERR,ERR,ERR,ERR,ERR,ERR,ERR,ERR,ERR,ERR,ERR,ERR,ERR,ERR,ERR,ERR,ERR,ERR,ERR,ERR,ERR,ERR,ERR,ERR,ERR,ERR,ERR,ERR,ERR,ERR,ERR,ERR,ERR,ERR,ERR,ERR,ERR,ERR,ERR,ERR,ERR,ERR,ERR,ERR,ERR,ERR,ERR,ERR,ERR,ERR,ERR,ERR,ERR,ERR,ERR,ERR,ERR,ERR,ERR,ERR,ERR,ERR,ERR,2.718430741444032e+23,2.7184312818759872e+23,0.0,0.0,0.0,1.3936040501711995e+18,7.805,0.0,0,0,4,0,7116,0.0,100,0.0,0.0,0.0,0.0,0.0,0,0,0,0,0.0,0,0,0,0,0,0,0,0,0,0,0,0,0,0,0,0,0,0,0,0,0,0,0,0,0,0,0,0,0,0,0,0,0,31,40,40,71,65476,0,300,0,0,8,21553,0.0,-107605600.0,0.0,0.0,0.0,0.0,0.0,0.0,0.0,0.0,0.0,0.0,0.0,0.0,0.0,0.0,0.0,0.0,0.0,0.0,0.0,0.0,0.0,-2.004,-2.004,0.0,0.0,0.0,0.0,0.0,6189.0,0.0,6915.0,2.718430741444032e+23,2.7184312818759872e+23,-0.0,2.718430741444032e+23,0.0,0.0,0.0,0.0,69,-0.0,0.0,0.0,0.0,0.0,0.0,0.0,0.0,0.0,0,0,0,0.0,0.0,0.0,0.0,0.0,0.0,0.0,0.0,0.0,0.0,0.0,0.0,0.0,0.0,0.0,0.0,0,-107875648.0,69,0.0,138,0.0,-109447200.0,0,13107,17040,39322,17049,13107,17043,0,0,0,70,68,100,2.7302359370752657e+23,71.2,2.7302370179391762e+23,74.3,-0.0,74.0,1,49,50,180,13107,0,0,0,0.0,0.0,0.0,0.0,-0.0,67.0,0.0,162057.094,0.0,751,0,740,0,0,0,721,0,768,0,737,0,743,0,742,0,712,0,7520,0.032,107911053312.0,0.0,0.0,784,16797,-0.0,162057.094,-114818.039,-0.0,0.133,6.909358625270745e+28,30.0,65.0,35,0.0,0.0,0.0,0.0,0.0,0.0,0.0,0.0,0.0,0.0,0.0,0.0,0.0,0.0,0.0,0.0,69.2,0,150,71,55,65476,0,300,0,1,8,20529,65476,0,0,40632,65.0,0.0,0.0,0.0,0.0,0.0
2026-09-04T20:06:40,ERR,ERR,ERR,ERR,ERR,ERR,ERR,ERR,ERR,ERR,ERR,ERR,ERR,ERR,ERR,ERR,ERR,ERR,ERR,ERR,ERR,ERR,ERR,ERR,ERR,ERR,ERR,ERR,ERR,ERR,ERR,ERR,ERR,ERR,ERR,ERR,ERR,ERR,ERR,ERR,ERR,ERR,ERR,ERR,ERR,ERR,ERR,ERR,ERR,ERR,ERR,ERR,ERR,ERR,ERR,ERR,ERR,ERR,ERR,ERR,ERR,ERR,ERR,ERR,ERR,ERR,ERR,ERR,ERR,ERR,ERR,ERR,ERR,ERR,ERR,ERR,ERR,ERR,ERR,ERR,ERR,ERR,ERR,ERR,ERR,ERR,ERR,ERR,ERR,ERR,ERR,ERR,ERR,ERR,ERR,ERR,ERR,ERR,ERR,ERR,ERR,ERR,ERR,ERR,ERR,ERR,ERR,ERR,ERR,ERR,ERR,ERR,ERR,ERR,ERR,ERR,ERR,ERR,ERR,ERR,ERR,ERR,ERR,ERR,ERR,2.718430741444032e+23,2.7184312818759872e+23,0.0,0.0,0.0,1.3936040501711995e+18,7.805,0.0,0,0,4,0,7116,0.0,100,0.0,0.0,0.0,0.0,0.0,0,0,0,0,0.0,0,0,0,0,0,0,0,0,0,0,0,0,0,0,0,0,0,0,0,0,0,0,0,0,0,0,0,0,0,0,0,0,0,31,40,40,71,65476,0,300,0,0,8,21553,0.0,-107605600.0,0.0,0.0,0.0,0.0,0.0,0.0,0.0,0.0,0.0,0.0,0.0,0.0,0.0,0.0,0.0,0.0,0.0,0.0,0.0,0.0,0.0,-2.004,-2.004,0.0,0.0,0.0,0.0,0.0,6189.0,0.0,6915.0,2.718430741444032e+23,2.7184312818759872e+23,-0.0,2.718430741444032e+23,0.0,0.0,0.0,0.0,69,-0.0,0.0,0.0,0.0,0.0,0.0,0.0,0.0,0.0,0,0,0,0.0,0.0,0.0,0.0,0.0,0.0,0.0,0.0,0.0,0.0,0.0,0.0,0.0,0.0,0.0,0.0,0,-107875648.0,69,0.0,138,0.0,-109447200.0,0,13107,17040,39322,17049,13107,17043,0,0,0,70,68,100,2.7302359370752657e+23,71.2,2.7302370179391762e+23,74.3,-0.0,74.0,1,49,50,180,13107,0,0,0,0.0,0.0,0.0,0.0,-0.0,67.0,0.0,162057.094,0.0,751,0,740,0,0,0,721,0,768,0,737,0,743,0,742,0,712,0,7520,0.032,107911053312.0,0.0,0.0,784,16797,-0.0,162057.094,-114818.039,-0.0,0.133,6.909358625270745e+28,30.0,65.0,35,0.0,0.0,0.0,0.0,0.0,0.0,0.0,0.0,0.0,0.0,0.0,0.0,0.0,0.0,0.0,0.0,69.2,0,150,71,55,65476,0,300,0,1,8,20529,65476,0,0,40632,65.0,0.0,0.0,0.0,0.0,0.0
2026-09-04T20:06:41,ERR,ERR,ERR,ERR,ERR,ERR,ERR,ERR,ERR,ERR,ERR,ERR,ERR,ERR,ERR,ERR,ERR,ERR,ERR,ERR,ERR,ERR,ERR,ERR,ERR,ERR,ERR,ERR,ERR,ERR,ERR,ERR,ERR,ERR,ERR,ERR,ERR,ERR,ERR,ERR,ERR,ERR,ERR,ERR,ERR,ERR,ERR,ERR,ERR,ERR,ERR,ERR,ERR,ERR,ERR,ERR,ERR,ERR,ERR,ERR,ERR,ERR,ERR,ERR,ERR,ERR,ERR,ERR,ERR,ERR,ERR,ERR,ERR,ERR,ERR,ERR,ERR,ERR,ERR,ERR,ERR,ERR,ERR,ERR,ERR,ERR,ERR,ERR,ERR,ERR,ERR,ERR,ERR,ERR,ERR,ERR,ERR,ERR,ERR,ERR,ERR,ERR,ERR,ERR,ERR,ERR,ERR,ERR,ERR,ERR,ERR,ERR,ERR,ERR,ERR,ERR,ERR,ERR,ERR,ERR,ERR,ERR,ERR,ERR,ERR,2.718430741444032e+23,2.7184312818759872e+23,0.0,0.0,0.0,1.3936040501711995e+18,7.805,0.0,0,0,4,0,7116,0.0,100,0.0,0.0,0.0,0.0,0.0,0,0,0,0,0.0,0,0,0,0,0,0,0,0,0,0,0,0,0,0,0,0,0,0,0,0,0,0,0,0,0,0,0,0,0,0,0,0,0,31,40,40,71,65476,0,300,0,0,8,21553,0.0,-107605600.0,0.0,0.0,0.0,0.0,0.0,0.0,0.0,0.0,0.0,0.0,0.0,0.0,0.0,0.0,0.0,0.0,0.0,0.0,0.0,0.0,0.0,-2.004,-2.004,0.0,0.0,0.0,0.0,0.0,6189.0,0.0,6915.0,2.718430741444032e+23,2.7184312818759872e+23,-0.0,2.718430741444032e+23,0.0,0.0,0.0,0.0,69,-0.0,0.0,0.0,0.0,0.0,0.0,0.0,0.0,0.0,0,0,0,0.0,0.0,0.0,0.0,0.0,0.0,0.0,0.0,0.0,0.0,0.0,0.0,0.0,0.0,0.0,0.0,0,-107875648.0,69,0.0,138,0.0,-109447200.0,0,13107,17040,39322,17049,13107,17043,0,0,0,70,68,100,2.7302359370752657e+23,71.2,2.7302370179391762e+23,74.3,-0.0,74.0,1,49,50,180,13107,0,0,0,0.0,0.0,0.0,0.0,-0.0,67.0,0.0,162057.094,0.0,751,0,740,0,0,0,721,0,768,0,737,0,743,0,742,0,712,0,7520,0.032,107911053312.0,0.0,0.0,784,16797,-0.0,162057.094,-114818.039,-0.0,0.133,6.909358625270745e+28,30.0,65.0,35,0.0,0.0,0.0,0.0,0.0,0.0,0.0,0.0,0.0,0.0,0.0,0.0,0.0,0.0,0.0,0.0,69.2,0,150,71,55,65476,0,300,0,1,8,20529,65476,0,0,40632,65.0,0.0,0.0,0.0,0.0,0.0
2026-09-04T20:06:42,ERR,ERR,ERR,ERR,ERR,ERR,ERR,ERR,ERR,ERR,ERR,ERR,ERR,ERR,ERR,ERR,ERR,ERR,ERR,ERR,ERR,ERR,ERR,ERR,ERR,ERR,ERR,ERR,ERR,ERR,ERR,ERR,ERR,ERR,ERR,ERR,ERR,ERR,ERR,ERR,ERR,ERR,ERR,ERR,ERR,ERR,ERR,ERR,ERR,ERR,ERR,ERR,ERR,ERR,ERR,ERR,ERR,ERR,ERR,ERR,ERR,ERR,ERR,ERR,ERR,ERR,ERR,ERR,ERR,ERR,ERR,ERR,ERR,ERR,ERR,ERR,ERR,ERR,ERR,ERR,ERR,ERR,ERR,ERR,ERR,ERR,ERR,ERR,ERR,ERR,ERR,ERR,ERR,ERR,ERR,ERR,ERR,ERR,ERR,ERR,ERR,ERR,ERR,ERR,ERR,ERR,ERR,ERR,ERR,ERR,ERR,ERR,ERR,ERR,ERR,ERR,ERR,ERR,ERR,ERR,ERR,ERR,ERR,ERR,ERR,2.718430741444032e+23,2.7184312818759872e+23,0.0,0.0,0.0,1.3936040501711995e+18,7.805,0.0,0,0,4,0,7116,0.0,100,0.0,0.0,0.0,0.0,0.0,0,0,0,0,0.0,0,0,0,0,0,0,0,0,0,0,0,0,0,0,0,0,0,0,0,0,0,0,0,0,0,0,0,0,0,0,0,0,0,31,40,40,71,65476,0,300,0,0,8,21553,0.0,-107605600.0,0.0,0.0,0.0,0.0,0.0,0.0,0.0,0.0,0.0,0.0,0.0,0.0,0.0,0.0,0.0,0.0,0.0,0.0,0.0,0.0,0.0,-2.004,-2.004,0.0,0.0,0.0,0.0,0.0,6189.0,0.0,6915.0,2.718430741444032e+23,2.7184312818759872e+23,-0.0,2.718430741444032e+23,0.0,0.0,0.0,0.0,69,-0.0,0.0,0.0,0.0,0.0,0.0,0.0,0.0,0.0,0,0,0,0.0,0.0,0.0,0.0,0.0,0.0,0.0,0.0,0.0,0.0,0.0,0.0,0.0,0.0,0.0,0.0,0,-107875648.0,69,0.0,138,0.0,-109447200.0,0,13107,17040,39322,17049,13107,17043,0,0,0,70,68,100,2.7302359370752657e+23,71.2,2.7302370179391762e+23,74.3,-0.0,74.0,1,49,50,180,13107,0,0,0,0.0,0.0,0.0,0.0,-0.0,67.0,0.0,162057.094,0.0,751,0,740,0,0,0,721,0,768,0,737,0,743,0,742,0,712,0,7520,0.032,107911053312.0,0.0,0.0,784,16797,-0.0,162057.094,-114818.039,-0.0,0.133,6.909358625270745e+28,30.0,65.0,35,0.0,0.0,0.0,0.0,0.0,0.0,0.0,0.0,0.0,0.0,0.0,0.0,0.0,0.0,0.0,0.0,69.2,0,150,71,55,65476,0,300,0,1,8,20529,65476,0,0,40632,65.0,0.0,0.0,0.0,0.0,0.0
2026-09-04T20:06:43,ERR,ERR,ERR,ERR,ERR,ERR,ERR,ERR,ERR,ERR,ERR,ERR,ERR,ERR,ERR,ERR,ERR,ERR,ERR,ERR,ERR,ERR,ERR,ERR,ERR,ERR,ERR,ERR,ERR,ERR,ERR,ERR,ERR,ERR,ERR,ERR,ERR,ERR,ERR,ERR,ERR,ERR,ERR,ERR,ERR,ERR,ERR,ERR,ERR,ERR,ERR,ERR,ERR,ERR,ERR,ERR,ERR,ERR,ERR,ERR,ERR,ERR,ERR,ERR,ERR,ERR,ERR,ERR,ERR,ERR,ERR,ERR,ERR,ERR,ERR,ERR,ERR,ERR,ERR,ERR,ERR,ERR,ERR,ERR,ERR,ERR,ERR,ERR,ERR,ERR,ERR,ERR,ERR,ERR,ERR,ERR,ERR,ERR,ERR,ERR,ERR,ERR,ERR,ERR,ERR,ERR,ERR,ERR,ERR,ERR,ERR,ERR,ERR,ERR,ERR,ERR,ERR,ERR,ERR,ERR,ERR,ERR,ERR,ERR,ERR,2.718430741444032e+23,2.7184312818759872e+23,0.0,0.0,0.0,1.3936040501711995e+18,7.805,0.0,0,0,4,0,7116,0.0,100,0.0,0.0,0.0,0.0,0.0,0,0,0,0,0.0,0,0,0,0,0,0,0,0,0,0,0,0,0,0,0,0,0,0,0,0,0,0,0,0,0,0,0,0,0,0,0,0,0,31,40,40,71,65476,0,300,0,0,8,21553,0.0,-107605600.0,0.0,0.0,0.0,0.0,0.0,0.0,0.0,0.0,0.0,0.0,0.0,0.0,0.0,0.0,0.0,0.0,0.0,0.0,0.0,0.0,0.0,-2.004,-2.004,0.0,0.0,0.0,0.0,0.0,6189.0,0.0,6915.0,2.718430741444032e+23,2.7184312818759872e+23,-0.0,2.718430741444032e+23,0.0,0.0,0.0,0.0,69,-0.0,0.0,0.0,0.0,0.0,0.0,0.0,0.0,0.0,0,0,0,0.0,0.0,0.0,0.0,0.0,0.0,0.0,0.0,0.0,0.0,0.0,0.0,0.0,0.0,0.0,0.0,0,-107875648.0,69,0.0,138,0.0,-109447200.0,0,13107,17040,39322,17049,13107,17043,0,0,0,70,68,100,2.7302359370752657e+23,71.2,2.7302370179391762e+23,74.3,-0.0,74.0,1,49,50,180,13107,0,0,0,0.0,0.0,0.0,0.0,-0.0,67.0,0.0,162057.094,0.0,751,0,740,0,0,0,721,0,768,0,737,0,743,0,742,0,712,0,7520,0.032,107911053312.0,0.0,0.0,784,16797,-0.0,162057.094,-114818.039,-0.0,0.133,6.909358625270745e+28,30.0,65.0,35,0.0,0.0,0.0,0.0,0.0,0.0,0.0,0.0,0.0,0.0,0.0,0.0,0.0,0.0,0.0,0.0,69.2,0,150,71,55,65476,0,300,0,1,8,20529,65476,0,0,40632,65.0,0.0,0.0,0.0,0.0,0.0
2026-09-04T20:06:44,ERR,ERR,ERR,ERR,ERR,ERR,ERR,ERR,ERR,ERR,ERR,ERR,ERR,ERR,ERR,ERR,ERR,ERR,ERR,ERR,ERR,ERR,ERR,ERR,ERR,ERR,ERR,ERR,ERR,ERR,ERR,ERR,ERR,ERR,ERR,ERR,ERR,ERR,ERR,ERR,ERR,ERR,ERR,ERR,ERR,ERR,ERR,ERR,ERR,ERR,ERR,ERR,ERR,ERR,ERR,ERR,ERR,ERR,ERR,ERR,ERR,ERR,ERR,ERR,ERR,ERR,ERR,ERR,ERR,ERR,ERR,ERR,ERR,ERR,ERR,ERR,ERR,ERR,ERR,ERR,ERR,ERR,ERR,ERR,ERR,ERR,ERR,ERR,ERR,ERR,ERR,ERR,ERR,ERR,ERR,ERR,ERR,ERR,ERR,ERR,ERR,ERR,ERR,ERR,ERR,ERR,ERR,ERR,ERR,ERR,ERR,ERR,ERR,ERR,ERR,ERR,ERR,ERR,ERR,ERR,ERR,ERR,ERR,ERR,ERR,2.718430741444032e+23,2.7184312818759872e+23,0.0,0.0,0.0,1.3936040501711995e+18,7.805,0.0,0,0,4,0,7116,0.0,100,0.0,0.0,0.0,0.0,0.0,0,0,0,0,0.0,0,0,0,0,0,0,0,0,0,0,0,0,0,0,0,0,0,0,0,0,0,0,0,0,0,0,0,0,0,0,0,0,0,31,40,40,71,65476,0,300,0,0,8,21553,0.0,-107605600.0,0.0,0.0,0.0,0.0,0.0,0.0,0.0,0.0,0.0,0.0,0.0,0.0,0.0,0.0,0.0,0.0,0.0,0.0,0.0,0.0,0.0,-2.004,-2.004,0.0,0.0,0.0,0.0,0.0,6189.0,0.0,6915.0,2.718430741444032e+23,2.7184312818759872e+23,-0.0,2.718430741444032e+23,0.0,0.0,0.0,0.0,69,-0.0,0.0,0.0,0.0,0.0,0.0,0.0,0.0,0.0,0,0,0,0.0,0.0,0.0,0.0,0.0,0.0,0.0,0.0,0.0,0.0,0.0,0.0,0.0,0.0,0.0,0.0,0,-107875648.0,69,0.0,138,0.0,-109447200.0,0,13107,17040,39322,17049,13107,17043,0,0,0,70,68,100,2.7302359370752657e+23,71.2,2.7302370179391762e+23,74.2,2.7302370179391762e+23,74.0,1,49,50,180,13107,0,0,0,0.0,0.0,0.0,0.0,-0.0,67.0,0.0,162057.094,0.0,751,0,740,0,0,0,721,0,768,0,736,0,742,0,742,0,712,0,7520,0.032,107911053312.0,0.0,0.0,784,16797,-0.0,162057.094,-114818.039,-0.0,0.133,6.909358625270745e+28,30.0,65.0,35,0.0,0.0,0.0,0.0,0.0,0.0,0.0,0.0,0.0,0.0,0.0,0.0,0.0,0.0,0.0,0.0,69.2,0,150,71,55,65476,0,300,0,1,8,20529,65476,0,0,40632,65.0,0.0,0.0,0.0,0.0,0.0
2026-09-04T20:06:45,ERR,ERR,ERR,ERR,ERR,ERR,ERR,ERR,ERR,ERR,ERR,ERR,ERR,ERR,ERR,ERR,ERR,ERR,ERR,ERR,ERR,ERR,ERR,ERR,ERR,ERR,ERR,ERR,ERR,ERR,ERR,ERR,ERR,ERR,ERR,ERR,ERR,ERR,ERR,ERR,ERR,ERR,ERR,ERR,ERR,ERR,ERR,ERR,ERR,ERR,ERR,ERR,ERR,ERR,ERR,ERR,ERR,ERR,ERR,ERR,ERR,ERR,ERR,ERR,ERR,ERR,ERR,ERR,ERR,ERR,ERR,ERR,ERR,ERR,ERR,ERR,ERR,ERR,ERR,ERR,ERR,ERR,ERR,ERR,ERR,ERR,ERR,ERR,ERR,ERR,ERR,ERR,ERR,ERR,ERR,ERR,ERR,ERR,ERR,ERR,ERR,ERR,ERR,ERR,ERR,ERR,ERR,ERR,ERR,ERR,ERR,ERR,ERR,ERR,ERR,ERR,ERR,ERR,ERR,ERR,ERR,ERR,ERR,ERR,ERR,2.718430741444032e+23,2.7184312818759872e+23,0.0,0.0,0.0,1.3936040501711995e+18,7.805,0.0,0,0,4,0,7116,0.0,100,0.0,0.0,0.0,0.0,0.0,0,0,0,0,0.0,0,0,0,0,0,0,0,0,0,0,0,0,0,0,0,0,0,0,0,0,0,0,0,0,0,0,0,0,0,0,0,0,0,31,40,40,71,65476,0,300,0,0,8,21553,0.0,-107605600.0,0.0,0.0,0.0,0.0,0.0,0.0,0.0,0.0,0.0,0.0,0.0,0.0,0.0,0.0,0.0,0.0,0.0,0.0,0.0,0.0,0.0,-2.004,-2.004,0.0,0.0,0.0,0.0,0.0,6161.0,-1.5879361533220116e+29,6942.0,2.718430741444032e+23,2.7184312818759872e+23,-0.0,2.718430741444032e+23,0.0,0.0,0.0,0.0,69,-0.0,0.0,0.0,0.0,0.0,0.0,0.0,0.0,0.0,0,0,0,0.0,0.0,0.0,0.0,0.0,0.0,0.0,0.0,0.0,0.0,0.0,0.0,0.0,0.0,0.0,0.0,0,-107875648.0,69,0.0,138,0.0,-109447200.0,0,13107,17040,39322,17049,13107,17043,0,0,0,70,68,100,2.7302359370752657e+23,71.2,2.7302370179391762e+23,74.2,2.7302370179391762e+23,74.0,1,49,50,180,13107,0,0,0,0.0,0.0,0.0,0.0,-0.0,67.0,0.0,162057.094,0.0,751,0,740,0,0,0,721,0,768,0,736,0,742,0,742,0,712,0,7520,0.032,107911053312.0,0.0,0.0,784,16797,-0.0,162057.094,-114818.039,-0.0,0.133,6.909358625270745e+28,30.0,65.0,35,0.0,0.0,0.0,0.0,0.0,0.0,0.0,0.0,0.0,0.0,0.0,0.0,0.0,0.0,0.0,0.0,69.2,0,150,71,55,65476,0,300,0,1,8,20529,65476,0,0,40632,65.0,0.0,0.0,0.0,0.0,0.0
2026-09-04T20:06:46,ERR,ERR,ERR,ERR,ERR,ERR,ERR,ERR,ERR,ERR,ERR,ERR,ERR,ERR,ERR,ERR,ERR,ERR,ERR,ERR,ERR,ERR,ERR,ERR,ERR,ERR,ERR,ERR,ERR,ERR,ERR,ERR,ERR,ERR,ERR,ERR,ERR,ERR,ERR,ERR,ERR,ERR,ERR,ERR,ERR,ERR,ERR,ERR,ERR,ERR,ERR,ERR,ERR,ERR,ERR,ERR,ERR,ERR,ERR,ERR,ERR,ERR,ERR,ERR,ERR,ERR,ERR,ERR,ERR,ERR,ERR,ERR,ERR,ERR,ERR,ERR,ERR,ERR,ERR,ERR,ERR,ERR,ERR,ERR,ERR,ERR,ERR,ERR,ERR,ERR,ERR,ERR,ERR,ERR,ERR,ERR,ERR,ERR,ERR,ERR,ERR,ERR,ERR,ERR,ERR,ERR,ERR,ERR,ERR,ERR,ERR,ERR,ERR,ERR,ERR,ERR,ERR,ERR,ERR,ERR,ERR,ERR,ERR,ERR,ERR,2.718430741444032e+23,2.7184312818759872e+23,0.0,0.0,0.0,1.3936040501711995e+18,7.805,0.0,0,0,4,0,7116,0.0,100,0.0,0.0,0.0,0.0,0.0,0,0,0,0,0.0,0,0,0,0,0,0,0,0,0,0,0,0,0,0,0,0,0,0,0,0,0,0,0,0,0,0,0,0,0,0,0,0,0,31,40,40,71,65476,0,300,0,0,8,21553,0.0,-107605600.0,0.0,0.0,0.0,0.0,0.0,0.0,0.0,0.0,0.0,0.0,0.0,0.0,0.0,0.0,0.0,0.0,0.0,0.0,0.0,0.0,0.0,-2.004,-2.004,0.0,0.0,0.0,0.0,0.0,6161.0,-1.5879361533220116e+29,6942.0,2.718430741444032e+23,2.7184312818759872e+23,-0.0,2.718430741444032e+23,0.0,0.0,0.0,0.0,69,-0.0,0.0,0.0,0.0,0.0,0.0,0.0,0.0,0.0,0,0,0,0.0,0.0,0.0,0.0,0.0,0.0,0.0,0.0,0.0,0.0,0.0,0.0,0.0,0.0,0.0,0.0,0,-107875648.0,69,0.0,138,0.0,-109447200.0,0,13107,17040,39322,17049,13107,17043,0,0,0,70,68,100,2.7302359370752657e+23,71.2,2.7302370179391762e+23,74.2,2.7302370179391762e+23,74.0,1,49,50,180,13107,0,0,0,0.0,0.0,0.0,0.0,-0.0,67.0,0.0,162057.094,0.0,751,0,740,0,0,0,721,0,768,0,736,0,742,0,742,0,712,0,7520,0.032,107911053312.0,0.0,0.0,784,16797,-0.0,162057.094,-114818.039,-0.0,0.133,6.909358625270745e+28,30.0,65.0,35,0.0,0.0,0.0,0.0,0.0,0.0,0.0,0.0,0.0,0.0,0.0,0.0,0.0,0.0,0.0,0.0,69.2,0,150,71,55,65476,0,300,0,1,8,20529,65476,0,0,40632,65.0,0.0,0.0,0.0,0.0,0.0
2026-09-04T20:06:47,ERR,ERR,ERR,ERR,ERR,ERR,ERR,ERR,ERR,ERR,ERR,ERR,ERR,ERR,ERR,ERR,ERR,ERR,ERR,ERR,ERR,ERR,ERR,ERR,ERR,ERR,ERR,ERR,ERR,ERR,ERR,ERR,ERR,ERR,ERR,ERR,ERR,ERR,ERR,ERR,ERR,ERR,ERR,ERR,ERR,ERR,ERR,ERR,ERR,ERR,ERR,ERR,ERR,ERR,ERR,ERR,ERR,ERR,ERR,ERR,ERR,ERR,ERR,ERR,ERR,ERR,ERR,ERR,ERR,ERR,ERR,ERR,ERR,ERR,ERR,ERR,ERR,ERR,ERR,ERR,ERR,ERR,ERR,ERR,ERR,ERR,ERR,ERR,ERR,ERR,ERR,ERR,ERR,ERR,ERR,ERR,ERR,ERR,ERR,ERR,ERR,ERR,ERR,ERR,ERR,ERR,ERR,ERR,ERR,ERR,ERR,ERR,ERR,ERR,ERR,ERR,ERR,ERR,ERR,ERR,ERR,ERR,ERR,ERR,ERR,2.718430741444032e+23,2.7184312818759872e+23,0.0,0.0,0.0,1.3936040501711995e+18,7.805,0.0,0,0,4,0,7116,0.0,100,0.0,0.0,0.0,0.0,0.0,0,0,0,0,0.0,0,0,0,0,0,0,0,0,0,0,0,0,0,0,0,0,0,0,0,0,0,0,0,0,0,0,0,0,0,0,0,0,0,31,40,40,71,65476,0,300,0,0,8,21553,0.0,-107605600.0,0.0,0.0,0.0,0.0,0.0,0.0,0.0,0.0,0.0,0.0,0.0,0.0,0.0,0.0,0.0,0.0,0.0,0.0,0.0,0.0,0.0,-2.004,-2.004,0.0,0.0,0.0,0.0,0.0,6161.0,-1.5879361533220116e+29,6942.0,2.718430741444032e+23,2.7184312818759872e+23,-0.0,2.718430741444032e+23,0.0,0.0,0.0,0.0,69,-0.0,0.0,0.0,0.0,0.0,0.0,0.0,0.0,0.0,0,0,0,0.0,0.0,0.0,0.0,0.0,0.0,0.0,0.0,0.0,0.0,0.0,0.0,0.0,0.0,0.0,0.0,0,-107875648.0,69,0.0,138,0.0,-109447200.0,0,13107,17040,39322,17049,13107,17043,0,0,0,70,68,100,2.7302359370752657e+23,71.2,2.7302370179391762e+23,74.2,2.7302370179391762e+23,74.0,1,49,50,180,13107,0,0,0,0.0,0.0,0.0,0.0,-0.0,67.0,0.0,162057.094,0.0,751,0,740,0,0,0,721,0,768,0,736,0,742,0,742,0,712,0,7520,0.032,107911053312.0,0.0,0.0,784,16797,-0.0,162057.094,-114818.039,-0.0,0.133,6.909358625270745e+28,30.0,65.0,35,0.0,0.0,0.0,0.0,0.0,0.0,0.0,0.0,0.0,0.0,0.0,0.0,0.0,0.0,0.0,0.0,69.2,0,150,71,55,65476,0,300,0,1,8,20529,65476,0,0,40632,65.0,0.0,0.0,0.0,0.0,0.0
2026-09-04T20:06:48,ERR,ERR,ERR,ERR,ERR,ERR,ERR,ERR,ERR,ERR,ERR,ERR,ERR,ERR,ERR,ERR,ERR,ERR,ERR,ERR,ERR,ERR,ERR,ERR,ERR,ERR,ERR,ERR,ERR,ERR,ERR,ERR,ERR,ERR,ERR,ERR,ERR,ERR,ERR,ERR,ERR,ERR,ERR,ERR,ERR,ERR,ERR,ERR,ERR,ERR,ERR,ERR,ERR,ERR,ERR,ERR,ERR,ERR,ERR,ERR,ERR,ERR,ERR,ERR,ERR,ERR,ERR,ERR,ERR,ERR,ERR,ERR,ERR,ERR,ERR,ERR,ERR,ERR,ERR,ERR,ERR,ERR,ERR,ERR,ERR,ERR,ERR,ERR,ERR,ERR,ERR,ERR,ERR,ERR,ERR,ERR,ERR,ERR,ERR,ERR,ERR,ERR,ERR,ERR,ERR,ERR,ERR,ERR,ERR,ERR,ERR,ERR,ERR,ERR,ERR,ERR,ERR,ERR,ERR,ERR,ERR,ERR,ERR,ERR,ERR,2.718430741444032e+23,2.7184312818759872e+23,0.0,0.0,0.0,1.3936040501711995e+18,7.805,0.0,0,0,4,0,7116,0.0,100,0.0,0.0,0.0,0.0,0.0,0,0,0,0,0.0,0,0,0,0,0,0,0,0,0,0,0,0,0,0,0,0,0,0,0,0,0,0,0,0,0,0,0,0,0,0,0,0,0,31,40,40,71,65476,0,300,0,0,8,21553,0.0,-107605600.0,0.0,0.0,0.0,0.0,0.0,0.0,0.0,0.0,0.0,0.0,0.0,0.0,0.0,0.0,0.0,0.0,0.0,0.0,0.0,0.0,0.0,-2.004,-2.004,0.0,0.0,0.0,0.0,0.0,6161.0,-1.5879361533220116e+29,6942.0,2.718430741444032e+23,2.7184312818759872e+23,-0.0,2.718430741444032e+23,0.0,0.0,0.0,0.0,69,-0.0,0.0,0.0,0.0,0.0,0.0,0.0,0.0,0.0,0,0,0,0.0,0.0,0.0,0.0,0.0,0.0,0.0,0.0,0.0,0.0,0.0,0.0,0.0,0.0,0.0,0.0,0,-107875648.0,69,0.0,138,0.0,-109447200.0,0,13107,17040,39322,17049,13107,17043,0,0,0,70,68,100,2.7302359370752657e+23,71.2,2.7302370179391762e+23,74.2,2.7302370179391762e+23,74.0,1,49,50,180,13107,0,0,0,0.0,0.0,0.0,0.0,-0.0,67.0,0.0,162057.094,0.0,751,0,740,0,0,0,721,0,768,0,736,0,742,0,742,0,712,0,7520,0.032,107911053312.0,0.0,0.0,784,16797,-0.0,162057.094,-114818.039,-0.0,0.133,6.909358625270745e+28,30.0,65.0,35,0.0,0.0,0.0,0.0,0.0,0.0,0.0,0.0,0.0,0.0,0.0,0.0,0.0,0.0,0.0,0.0,69.2,0,150,71,55,65476,0,300,0,1,8,20529,65476,0,0,40632,65.0,0.0,0.0,0.0,0.0,0.0
2026-09-04T20:06:49,ERR,ERR,ERR,ERR,ERR,ERR,ERR,ERR,ERR,ERR,ERR,ERR,ERR,ERR,ERR,ERR,ERR,ERR,ERR,ERR,ERR,ERR,ERR,ERR,ERR,ERR,ERR,ERR,ERR,ERR,ERR,ERR,ERR,ERR,ERR,ERR,ERR,ERR,ERR,ERR,ERR,ERR,ERR,ERR,ERR,ERR,ERR,ERR,ERR,ERR,ERR,ERR,ERR,ERR,ERR,ERR,ERR,ERR,ERR,ERR,ERR,ERR,ERR,ERR,ERR,ERR,ERR,ERR,ERR,ERR,ERR,ERR,ERR,ERR,ERR,ERR,ERR,ERR,ERR,ERR,ERR,ERR,ERR,ERR,ERR,ERR,ERR,ERR,ERR,ERR,ERR,ERR,ERR,ERR,ERR,ERR,ERR,ERR,ERR,ERR,ERR,ERR,ERR,ERR,ERR,ERR,ERR,ERR,ERR,ERR,ERR,ERR,ERR,ERR,ERR,ERR,ERR,ERR,ERR,ERR,ERR,ERR,ERR,ERR,ERR,2.718430741444032e+23,2.7184312818759872e+23,0.0,0.0,0.0,1.3936040501711995e+18,7.805,0.0,0,0,4,0,7116,0.0,100,0.0,0.0,0.0,0.0,0.0,0,0,0,0,0.0,0,0,0,0,0,0,0,0,0,0,0,0,0,0,0,0,0,0,0,0,0,0,0,0,0,0,0,0,0,0,0,0,0,31,40,40,71,65476,0,300,0,0,8,21553,0.0,-107605600.0,0.0,0.0,0.0,0.0,0.0,0.0,0.0,0.0,0.0,0.0,0.0,0.0,0.0,0.0,0.0,0.0,0.0,0.0,0.0,0.0,0.0,-2.004,-2.004,0.0,0.0,0.0,0.0,0.0,6161.0,-1.5879361533220116e+29,6942.0,2.718430741444032e+23,2.7184312818759872e+23,-0.0,2.718430741444032e+23,0.0,0.0,0.0,0.0,69,-0.0,0.0,0.0,0.0,0.0,0.0,0.0,0.0,0.0,0,0,0,0.0,0.0,0.0,0.0,0.0,0.0,0.0,0.0,0.0,0.0,0.0,0.0,0.0,0.0,0.0,0.0,0,-107875648.0,69,0.0,138,0.0,-109447200.0,0,13107,17040,39322,17049,13107,17043,0,0,0,70,68,100,2.7302359370752657e+23,71.2,2.7302370179391762e+23,74.3,-0.0,74.0,1,49,50,180,13107,0,0,0,0.0,0.0,0.0,0.0,-0.0,67.0,0.0,162057.094,0.0,751,0,740,0,0,0,721,0,768,0,736,0,743,0,741,0,712,0,7520,0.032,107374182400.0,0.0,0.0,784,16797,-0.0,162057.094,-114818.039,-0.0,0.133,6.909358625270745e+28,30.0,65.0,35,0.0,0.0,0.0,0.0,0.0,0.0,0.0,0.0,0.0,0.0,0.0,0.0,0.0,0.0,0.0,0.0,69.2,0,150,71,55,65476,0,300,0,1,8,20529,65476,0,0,40632,65.0,0.0,0.0,0.0,0.0,0.0
2026-09-04T20:06:50,ERR,ERR,ERR,ERR,ERR,ERR,ERR,ERR,ERR,ERR,ERR,ERR,ERR,ERR,ERR,ERR,ERR,ERR,ERR,ERR,ERR,ERR,ERR,ERR,ERR,ERR,ERR,ERR,ERR,ERR,ERR,ERR,ERR,ERR,ERR,ERR,ERR,ERR,ERR,ERR,ERR,ERR,ERR,ERR,ERR,ERR,ERR,ERR,ERR,ERR,ERR,ERR,ERR,ERR,ERR,ERR,ERR,ERR,ERR,ERR,ERR,ERR,ERR,ERR,ERR,ERR,ERR,ERR,ERR,ERR,ERR,ERR,ERR,ERR,ERR,ERR,ERR,ERR,ERR,ERR,ERR,ERR,ERR,ERR,ERR,ERR,ERR,ERR,ERR,ERR,ERR,ERR,ERR,ERR,ERR,ERR,ERR,ERR,ERR,ERR,ERR,ERR,ERR,ERR,ERR,ERR,ERR,ERR,ERR,ERR,ERR,ERR,ERR,ERR,ERR,ERR,ERR,ERR,ERR,ERR,ERR,ERR,ERR,ERR,ERR,2.718430741444032e+23,2.7184312818759872e+23,0.0,0.0,0.0,1.3936040501711995e+18,7.805,0.0,0,0,4,0,7116,0.0,100,0.0,0.0,0.0,0.0,0.0,0,0,0,0,0.0,0,0,0,0,0,0,0,0,0,0,0,0,0,0,0,0,0,0,0,0,0,0,0,0,0,0,0,0,0,0,0,0,0,31,40,40,71,65476,0,300,0,0,8,21553,0.0,-107605600.0,0.0,0.0,0.0,0.0,0.0,0.0,0.0,0.0,0.0,0.0,0.0,0.0,0.0,0.0,0.0,0.0,0.0,0.0,0.0,0.0,0.0,-2.004,-2.004,0.0,0.0,0.0,0.0,0.0,6161.0,-1.5879361533220116e+29,6942.0,2.718430741444032e+23,2.7184312818759872e+23,-0.0,2.718430741444032e+23,0.0,0.0,0.0,0.0,69,-0.0,0.0,0.0,0.0,0.0,0.0,0.0,0.0,0.0,0,0,0,0.0,0.0,0.0,0.0,0.0,0.0,0.0,0.0,0.0,0.0,0.0,0.0,0.0,0.0,0.0,0.0,0,-107875648.0,69,0.0,138,0.0,-109447200.0,0,13107,17040,39322,17049,13107,17043,0,0,0,70,68,100,2.7302359370752657e+23,71.2,2.7302370179391762e+23,74.3,-0.0,74.0,1,49,50,180,13107,0,0,0,0.0,0.0,0.0,0.0,-0.0,67.0,0.0,162057.094,0.0,751,0,740,0,0,0,721,0,768,0,736,0,743,0,741,0,712,0,7520,0.032,107374182400.0,0.0,0.0,784,16797,-0.0,162057.094,-114818.039,-0.0,0.133,6.909358625270745e+28,30.0,65.0,35,0.0,0.0,0.0,0.0,0.0,0.0,0.0,0.0,0.0,0.0,0.0,0.0,0.0,0.0,0.0,0.0,69.2,0,150,71,55,65476,0,300,0,1,8,20529,65476,0,0,40632,65.0,0.0,0.0,0.0,0.0,0.0
2026-09-04T20:06:51,ERR,ERR,ERR,ERR,ERR,ERR,ERR,ERR,ERR,ERR,ERR,ERR,ERR,ERR,ERR,ERR,ERR,ERR,ERR,ERR,ERR,ERR,ERR,ERR,ERR,ERR,ERR,ERR,ERR,ERR,ERR,ERR,ERR,ERR,ERR,ERR,ERR,ERR,ERR,ERR,ERR,ERR,ERR,ERR,ERR,ERR,ERR,ERR,ERR,ERR,ERR,ERR,ERR,ERR,ERR,ERR,ERR,ERR,ERR,ERR,ERR,ERR,ERR,ERR,ERR,ERR,ERR,ERR,ERR,ERR,ERR,ERR,ERR,ERR,ERR,ERR,ERR,ERR,ERR,ERR,ERR,ERR,ERR,ERR,ERR,ERR,ERR,ERR,ERR,ERR,ERR,ERR,ERR,ERR,ERR,ERR,ERR,ERR,ERR,ERR,ERR,ERR,ERR,ERR,ERR,ERR,ERR,ERR,ERR,ERR,ERR,ERR,ERR,ERR,ERR,ERR,ERR,ERR,ERR,ERR,ERR,ERR,ERR,ERR,ERR,2.718430741444032e+23,2.7184312818759872e+23,0.0,0.0,0.0,1.3936040501711995e+18,7.805,0.0,0,0,4,0,7116,0.0,100,0.0,0.0,0.0,0.0,0.0,0,0,0,0,0.0,0,0,0,0,0,0,0,0,0,0,0,0,0,0,0,0,0,0,0,0,0,0,0,0,0,0,0,0,0,0,0,0,0,31,40,40,71,65476,0,300,0,0,8,21553,0.0,-107605600.0,0.0,0.0,0.0,0.0,0.0,0.0,0.0,0.0,0.0,0.0,0.0,0.0,0.0,0.0,0.0,0.0,0.0,0.0,0.0,0.0,0.0,-2.004,-2.004,0.0,0.0,0.0,0.0,0.0,6161.0,-1.5879361533220116e+29,6942.0,2.718430741444032e+23,2.7184312818759872e+23,-0.0,2.718430741444032e+23,0.0,0.0,0.0,0.0,69,-0.0,0.0,0.0,0.0,0.0,0.0,0.0,0.0,0.0,0,0,0,0.0,0.0,0.0,0.0,0.0,0.0,0.0,0.0,0.0,0.0,0.0,0.0,0.0,0.0,0.0,0.0,0,-107875648.0,69,0.0,138,0.0,-109447200.0,0,13107,17040,39322,17049,13107,17043,0,0,0,70,68,100,2.7302359370752657e+23,71.2,2.7302370179391762e+23,74.3,-0.0,74.0,1,49,50,180,13107,0,0,0,0.0,0.0,0.0,0.0,-0.0,67.0,0.0,162057.094,0.0,751,0,740,0,0,0,721,0,768,0,736,0,743,0,741,0,712,0,7520,0.032,107374182400.0,0.0,0.0,784,16797,-0.0,162057.094,-114818.039,-0.0,0.133,6.909358625270745e+28,30.0,65.0,35,0.0,0.0,0.0,0.0,0.0,0.0,0.0,0.0,0.0,0.0,0.0,0.0,0.0,0.0,0.0,0.0,69.2,0,150,71,55,65476,0,300,0,1,8,20529,65476,0,0,40632,65.0,0.0,0.0,0.0,0.0,0.0
2026-09-04T20:06:52,ERR,ERR,ERR,ERR,ERR,ERR,ERR,ERR,ERR,ERR,ERR,ERR,ERR,ERR,ERR,ERR,ERR,ERR,ERR,ERR,ERR,ERR,ERR,ERR,ERR,ERR,ERR,ERR,ERR,ERR,ERR,ERR,ERR,ERR,ERR,ERR,ERR,ERR,ERR,ERR,ERR,ERR,ERR,ERR,ERR,ERR,ERR,ERR,ERR,ERR,ERR,ERR,ERR,ERR,ERR,ERR,ERR,ERR,ERR,ERR,ERR,ERR,ERR,ERR,ERR,ERR,ERR,ERR,ERR,ERR,ERR,ERR,ERR,ERR,ERR,ERR,ERR,ERR,ERR,ERR,ERR,ERR,ERR,ERR,ERR,ERR,ERR,ERR,ERR,ERR,ERR,ERR,ERR,ERR,ERR,ERR,ERR,ERR,ERR,ERR,ERR,ERR,ERR,ERR,ERR,ERR,ERR,ERR,ERR,ERR,ERR,ERR,ERR,ERR,ERR,ERR,ERR,ERR,ERR,ERR,ERR,ERR,ERR,ERR,ERR,2.718430741444032e+23,2.7184312818759872e+23,0.0,0.0,0.0,1.3936040501711995e+18,7.805,0.0,0,0,4,0,7116,0.0,100,0.0,0.0,0.0,0.0,0.0,0,0,0,0,0.0,0,0,0,0,0,0,0,0,0,0,0,0,0,0,0,0,0,0,0,0,0,0,0,0,0,0,0,0,0,0,0,0,0,31,40,40,71,65476,0,300,0,0,8,21553,0.0,-107605600.0,0.0,0.0,0.0,0.0,0.0,0.0,0.0,0.0,0.0,0.0,0.0,0.0,0.0,0.0,0.0,0.0,0.0,0.0,0.0,0.0,0.0,-2.004,-2.004,0.0,0.0,0.0,0.0,0.0,6187.0,-0.0,6932.0,2.718430741444032e+23,2.7184312818759872e+23,-0.0,2.718430741444032e+23,0.0,0.0,0.0,0.0,69,-0.0,-152018068963328.0,0.0,0.0,0.0,0.0,0.0,0.0,0.0,0,0,0,0.0,0.0,0.0,0.0,0.0,0.0,0.0,0.0,0.0,0.0,0.0,0.0,0.0,0.0,0.0,0.0,0,-107875648.0,69,0.0,138,0.0,-109447200.0,0,13107,17040,39322,17049,13107,17043,0,0,0,70,68,100,2.7302359370752657e+23,71.2,2.7302370179391762e+23,74.3,-0.0,74.0,1,49,50,180,13107,0,0,0,0.0,0.0,0.0,0.0,-0.0,67.0,0.0,162057.094,0.0,751,0,740,0,0,0,721,0,768,0,736,0,743,0,741,0,712,0,7520,0.032,107374182400.0,0.0,0.0,784,16797,-0.0,162057.094,-114818.039,-0.0,0.133,6.909358625270745e+28,30.0,65.0,35,0.0,0.0,0.0,0.0,0.0,0.0,0.0,0.0,0.0,0.0,0.0,0.0,0.0,0.0,0.0,0.0,69.2,0,150,71,55,65476,0,300,0,1,8,20529,65476,0,0,40632,65.0,0.0,0.0,0.0,0.0,0.0
2026-09-04T20:06:53,ERR,ERR,ERR,ERR,ERR,ERR,ERR,ERR,ERR,ERR,ERR,ERR,ERR,ERR,ERR,ERR,ERR,ERR,ERR,ERR,ERR,ERR,ERR,ERR,ERR,ERR,ERR,ERR,ERR,ERR,ERR,ERR,ERR,ERR,ERR,ERR,ERR,ERR,ERR,ERR,ERR,ERR,ERR,ERR,ERR,ERR,ERR,ERR,ERR,ERR,ERR,ERR,ERR,ERR,ERR,ERR,ERR,ERR,ERR,ERR,ERR,ERR,ERR,ERR,ERR,ERR,ERR,ERR,ERR,ERR,ERR,ERR,ERR,ERR,ERR,ERR,ERR,ERR,ERR,ERR,ERR,ERR,ERR,ERR,ERR,ERR,ERR,ERR,ERR,ERR,ERR,ERR,ERR,ERR,ERR,ERR,ERR,ERR,ERR,ERR,ERR,ERR,ERR,ERR,ERR,ERR,ERR,ERR,ERR,ERR,ERR,ERR,ERR,ERR,ERR,ERR,ERR,ERR,ERR,ERR,ERR,ERR,ERR,ERR,ERR,2.718430741444032e+23,2.7184312818759872e+23,0.0,0.0,0.0,1.3936040501711995e+18,7.805,0.0,0,0,4,0,7116,0.0,100,0.0,0.0,0.0,0.0,0.0,0,0,0,0,0.0,0,0,0,0,0,0,0,0,0,0,0,0,0,0,0,0,0,0,0,0,0,0,0,0,0,0,0,0,0,0,0,0,0,31,40,40,71,65476,0,300,0,0,8,21553,0.0,-107605600.0,0.0,0.0,0.0,0.0,0.0,0.0,0.0,0.0,0.0,0.0,0.0,0.0,0.0,0.0,0.0,0.0,0.0,0.0,0.0,0.0,0.0,-2.004,-2.004,0.0,0.0,0.0,0.0,0.0,6187.0,-0.0,6932.0,2.718430741444032e+23,2.7184312818759872e+23,-0.0,2.718430741444032e+23,0.0,0.0,0.0,0.0,69,-0.0,-152018068963328.0,0.0,0.0,0.0,0.0,0.0,0.0,0.0,0,0,0,0.0,0.0,0.0,0.0,0.0,0.0,0.0,0.0,0.0,0.0,0.0,0.0,0.0,0.0,0.0,0.0,0,-107875648.0,69,0.0,138,0.0,-109447200.0,0,13107,17040,39322,17049,13107,17043,0,0,0,70,68,100,2.7302359370752657e+23,71.2,2.7302370179391762e+23,74.3,-0.0,74.0,1,49,50,180,13107,0,0,0,0.0,0.0,0.0,0.0,-0.0,67.0,0.0,162057.094,0.0,751,0,740,0,0,0,721,0,768,0,736,0,743,0,741,0,712,0,7520,0.032,107374182400.0,0.0,0.0,784,16797,-0.0,162057.094,-114818.039,-0.0,0.133,6.909358625270745e+28,30.0,65.0,35,0.0,0.0,0.0,0.0,0.0,0.0,0.0,0.0,0.0,0.0,0.0,0.0,0.0,0.0,0.0,0.0,69.2,0,150,71,55,65476,0,300,0,1,8,20529,65476,0,0,40632,65.0,0.0,0.0,0.0,0.0,0.0
2026-09-04T20:06:54,ERR,ERR,ERR,ERR,ERR,ERR,ERR,ERR,ERR,ERR,ERR,ERR,ERR,ERR,ERR,ERR,ERR,ERR,ERR,ERR,ERR,ERR,ERR,ERR,ERR,ERR,ERR,ERR,ERR,ERR,ERR,ERR,ERR,ERR,ERR,ERR,ERR,ERR,ERR,ERR,ERR,ERR,ERR,ERR,ERR,ERR,ERR,ERR,ERR,ERR,ERR,ERR,ERR,ERR,ERR,ERR,ERR,ERR,ERR,ERR,ERR,ERR,ERR,ERR,ERR,ERR,ERR,ERR,ERR,ERR,ERR,ERR,ERR,ERR,ERR,ERR,ERR,ERR,ERR,ERR,ERR,ERR,ERR,ERR,ERR,ERR,ERR,ERR,ERR,ERR,ERR,ERR,ERR,ERR,ERR,ERR,ERR,ERR,ERR,ERR,ERR,ERR,ERR,ERR,ERR,ERR,ERR,ERR,ERR,ERR,ERR,ERR,ERR,ERR,ERR,ERR,ERR,ERR,ERR,ERR,ERR,ERR,ERR,ERR,ERR,2.718430741444032e+23,2.7184312818759872e+23,0.0,0.0,0.0,1.3936040501711995e+18,7.805,0.0,0,0,4,0,7116,0.0,100,0.0,0.0,0.0,0.0,0.0,0,0,0,0,0.0,0,0,0,0,0,0,0,0,0,0,0,0,0,0,0,0,0,0,0,0,0,0,0,0,0,0,0,0,0,0,0,0,0,31,40,40,71,65476,0,300,0,0,8,21553,0.0,-107605600.0,0.0,0.0,0.0,0.0,0.0,0.0,0.0,0.0,0.0,0.0,0.0,0.0,0.0,0.0,0.0,0.0,0.0,0.0,0.0,0.0,0.0,-2.004,-2.004,0.0,0.0,0.0,0.0,0.0,6187.0,-0.0,6932.0,2.718430741444032e+23,2.7184312818759872e+23,-0.0,2.718430741444032e+23,0.0,0.0,0.0,0.0,69,-0.0,-152018068963328.0,0.0,0.0,0.0,0.0,0.0,0.0,0.0,0,0,0,0.0,0.0,0.0,0.0,0.0,0.0,0.0,0.0,0.0,0.0,0.0,0.0,0.0,0.0,0.0,0.0,0,-107875648.0,69,0.0,138,0.0,-109447200.0,0,13107,17040,39322,17049,13107,17043,0,0,0,70,68,100,2.7302359370752657e+23,71.2,2.7302370179391762e+23,74.3,-0.0,74.0,1,49,50,180,13107,0,0,0,0.0,0.0,0.0,0.0,-0.0,67.0,0.0,162057.094,0.0,751,0,740,0,0,0,721,0,768,0,736,0,743,0,741,0,712,0,7520,0.032,107374182400.0,0.0,0.0,784,16797,-0.0,162057.094,-114818.039,-0.0,0.133,6.909358625270745e+28,30.0,65.0,35,0.0,0.0,0.0,0.0,0.0,0.0,0.0,0.0,0.0,0.0,0.0,0.0,0.0,0.0,0.0,0.0,69.2,0,150,71,55,65476,0,300,0,1,8,20529,65476,0,0,40632,65.0,0.0,0.0,0.0,0.0,0.0
2026-09-04T20:06:55,ERR,ERR,ERR,ERR,ERR,ERR,ERR,ERR,ERR,ERR,ERR,ERR,ERR,ERR,ERR,ERR,ERR,ERR,ERR,ERR,ERR,ERR,ERR,ERR,ERR,ERR,ERR,ERR,ERR,ERR,ERR,ERR,ERR,ERR,ERR,ERR,ERR,ERR,ERR,ERR,ERR,ERR,ERR,ERR,ERR,ERR,ERR,ERR,ERR,ERR,ERR,ERR,ERR,ERR,ERR,ERR,ERR,ERR,ERR,ERR,ERR,ERR,ERR,ERR,ERR,ERR,ERR,ERR,ERR,ERR,ERR,ERR,ERR,ERR,ERR,ERR,ERR,ERR,ERR,ERR,ERR,ERR,ERR,ERR,ERR,ERR,ERR,ERR,ERR,ERR,ERR,ERR,ERR,ERR,ERR,ERR,ERR,ERR,ERR,ERR,ERR,ERR,ERR,ERR,ERR,ERR,ERR,ERR,ERR,ERR,ERR,ERR,ERR,ERR,ERR,ERR,ERR,ERR,ERR,ERR,ERR,ERR,ERR,ERR,ERR,2.718430741444032e+23,2.7184312818759872e+23,0.0,0.0,0.0,1.3936040501711995e+18,7.805,0.0,0,0,4,0,7116,0.0,100,0.0,0.0,0.0,0.0,0.0,0,0,0,0,0.0,0,0,0,0,0,0,0,0,0,0,0,0,0,0,0,0,0,0,0,0,0,0,0,0,0,0,0,0,0,0,0,0,0,31,40,40,71,65476,0,300,0,0,8,21553,0.0,-107605600.0,0.0,0.0,0.0,0.0,0.0,0.0,0.0,0.0,0.0,0.0,0.0,0.0,0.0,0.0,0.0,0.0,0.0,0.0,0.0,0.0,0.0,-2.004,-2.004,0.0,0.0,0.0,0.0,0.0,6187.0,-0.0,6932.0,2.718430741444032e+23,2.7184312818759872e+23,-0.0,2.718430741444032e+23,0.0,0.0,0.0,0.0,69,-0.0,-152018068963328.0,0.0,0.0,0.0,0.0,0.0,0.0,0.0,0,0,0,0.0,0.0,0.0,0.0,0.0,0.0,0.0,0.0,0.0,0.0,0.0,0.0,0.0,0.0,0.0,0.0,0,-107875648.0,69,0.0,138,0.0,-109447200.0,0,13107,17040,39322,17049,13107,17043,0,0,0,70,68,100,2.7302359370752657e+23,71.2,2.7302370179391762e+23,74.2,2.7302370179391762e+23,74.0,1,49,50,180,13107,0,0,0,0.0,0.0,0.0,0.0,-0.0,67.0,0.0,162057.094,0.0,751,0,740,0,0,0,721,0,768,0,736,0,742,0,742,0,712,0,7520,0.032,107911053312.0,0.0,0.0,784,16797,-0.0,162057.094,-114818.039,-0.0,0.133,6.909358625270745e+28,30.0,65.0,35,0.0,0.0,0.0,0.0,0.0,0.0,0.0,0.0,0.0,0.0,0.0,0.0,0.0,0.0,0.0,0.0,69.2,0,150,71,55,65476,0,300,0,1,8,20529,65476,0,0,40632,65.0,0.0,0.0,0.0,0.0,0.0
2026-09-04T20:06:56,ERR,ERR,ERR,ERR,ERR,ERR,ERR,ERR,ERR,ERR,ERR,ERR,ERR,ERR,ERR,ERR,ERR,ERR,ERR,ERR,ERR,ERR,ERR,ERR,ERR,ERR,ERR,ERR,ERR,ERR,ERR,ERR,ERR,ERR,ERR,ERR,ERR,ERR,ERR,ERR,ERR,ERR,ERR,ERR,ERR,ERR,ERR,ERR,ERR,ERR,ERR,ERR,ERR,ERR,ERR,ERR,ERR,ERR,ERR,ERR,ERR,ERR,ERR,ERR,ERR,ERR,ERR,ERR,ERR,ERR,ERR,ERR,ERR,ERR,ERR,ERR,ERR,ERR,ERR,ERR,ERR,ERR,ERR,ERR,ERR,ERR,ERR,ERR,ERR,ERR,ERR,ERR,ERR,ERR,ERR,ERR,ERR,ERR,ERR,ERR,ERR,ERR,ERR,ERR,ERR,ERR,ERR,ERR,ERR,ERR,ERR,ERR,ERR,ERR,ERR,ERR,ERR,ERR,ERR,ERR,ERR,ERR,ERR,ERR,ERR,2.718430741444032e+23,2.7184312818759872e+23,0.0,0.0,0.0,1.3936040501711995e+18,7.805,0.0,0,0,4,0,7116,0.0,100,0.0,0.0,0.0,0.0,0.0,0,0,0,0,0.0,0,0,0,0,0,0,0,0,0,0,0,0,0,0,0,0,0,0,0,0,0,0,0,0,0,0,0,0,0,0,0,0,0,31,40,40,71,65476,0,300,0,0,8,21553,0.0,-107605600.0,0.0,0.0,0.0,0.0,0.0,0.0,0.0,0.0,0.0,0.0,0.0,0.0,0.0,0.0,0.0,0.0,0.0,0.0,0.0,0.0,0.0,-2.004,-2.004,0.0,0.0,0.0,0.0,0.0,6187.0,-0.0,6932.0,2.718430741444032e+23,2.7184312818759872e+23,-0.0,2.718430741444032e+23,0.0,0.0,0.0,0.0,69,-0.0,-152018068963328.0,0.0,0.0,0.0,0.0,0.0,0.0,0.0,0,0,0,0.0,0.0,0.0,0.0,0.0,0.0,0.0,0.0,0.0,0.0,0.0,0.0,0.0,0.0,0.0,0.0,0,-107875648.0,69,0.0,138,0.0,-109447200.0,0,13107,17040,39322,17049,13107,17043,0,0,0,70,68,100,2.7302359370752657e+23,71.2,2.7302370179391762e+23,74.2,2.7302370179391762e+23,74.0,1,49,50,180,13107,0,0,0,0.0,0.0,0.0,0.0,-0.0,67.0,0.0,162057.094,0.0,751,0,740,0,0,0,721,0,768,0,736,0,742,0,742,0,712,0,7520,0.032,107911053312.0,0.0,0.0,784,16797,-0.0,162057.094,-114818.039,-0.0,0.133,6.909358625270745e+28,30.0,65.0,35,0.0,0.0,0.0,0.0,0.0,0.0,0.0,0.0,0.0,0.0,0.0,0.0,0.0,0.0,0.0,0.0,69.2,0,150,71,55,65476,0,300,0,1,8,20529,65476,0,0,40632,65.0,0.0,0.0,0.0,0.0,0.0
2026-09-04T20:06:57,ERR,ERR,ERR,ERR,ERR,ERR,ERR,ERR,ERR,ERR,ERR,ERR,ERR,ERR,ERR,ERR,ERR,ERR,ERR,ERR,ERR,ERR,ERR,ERR,ERR,ERR,ERR,ERR,ERR,ERR,ERR,ERR,ERR,ERR,ERR,ERR,ERR,ERR,ERR,ERR,ERR,ERR,ERR,ERR,ERR,ERR,ERR,ERR,ERR,ERR,ERR,ERR,ERR,ERR,ERR,ERR,ERR,ERR,ERR,ERR,ERR,ERR,ERR,ERR,ERR,ERR,ERR,ERR,ERR,ERR,ERR,ERR,ERR,ERR,ERR,ERR,ERR,ERR,ERR,ERR,ERR,ERR,ERR,ERR,ERR,ERR,ERR,ERR,ERR,ERR,ERR,ERR,ERR,ERR,ERR,ERR,ERR,ERR,ERR,ERR,ERR,ERR,ERR,ERR,ERR,ERR,ERR,ERR,ERR,ERR,ERR,ERR,ERR,ERR,ERR,ERR,ERR,ERR,ERR,ERR,ERR,ERR,ERR,ERR,ERR,2.718430741444032e+23,2.7184312818759872e+23,0.0,0.0,0.0,1.3936040501711995e+18,7.805,0.0,0,0,4,0,7116,0.0,100,0.0,0.0,0.0,0.0,0.0,0,0,0,0,0.0,0,0,0,0,0,0,0,0,0,0,0,0,0,0,0,0,0,0,0,0,0,0,0,0,0,0,0,0,0,0,0,0,0,31,40,40,71,65476,0,300,0,0,8,21553,0.0,-107605600.0,0.0,0.0,0.0,0.0,0.0,0.0,0.0,0.0,0.0,0.0,0.0,0.0,0.0,0.0,0.0,0.0,0.0,0.0,0.0,0.0,0.0,-2.004,-2.004,0.0,0.0,0.0,0.0,0.0,6187.0,-0.0,6932.0,2.718430741444032e+23,2.7184312818759872e+23,-0.0,2.718430741444032e+23,0.0,0.0,0.0,0.0,69,-0.0,-152018068963328.0,0.0,0.0,0.0,0.0,0.0,0.0,0.0,0,0,0,0.0,0.0,0.0,0.0,0.0,0.0,0.0,0.0,0.0,0.0,0.0,0.0,0.0,0.0,0.0,0.0,0,-107875648.0,69,0.0,138,0.0,-109447200.0,0,13107,17040,39322,17049,13107,17043,0,0,0,70,68,100,2.7302359370752657e+23,71.2,2.7302370179391762e+23,74.2,2.7302370179391762e+23,74.0,1,49,50,180,13107,0,0,0,0.0,0.0,0.0,0.0,-0.0,67.0,0.0,162057.094,0.0,751,0,740,0,0,0,721,0,768,0,736,0,742,0,742,0,712,0,7520,0.032,107911053312.0,0.0,0.0,784,16797,-0.0,162057.094,-114818.039,-0.0,0.133,6.909358625270745e+28,30.0,65.0,35,0.0,0.0,0.0,0.0,0.0,0.0,0.0,0.0,0.0,0.0,0.0,0.0,0.0,0.0,0.0,0.0,69.2,0,150,71,55,65476,0,300,0,1,8,20529,65476,0,0,40632,65.0,0.0,0.0,0.0,0.0,0.0
2026-09-04T20:06:58,ERR,ERR,ERR,ERR,ERR,ERR,ERR,ERR,ERR,ERR,ERR,ERR,ERR,ERR,ERR,ERR,ERR,ERR,ERR,ERR,ERR,ERR,ERR,ERR,ERR,ERR,ERR,ERR,ERR,ERR,ERR,ERR,ERR,ERR,ERR,ERR,ERR,ERR,ERR,ERR,ERR,ERR,ERR,ERR,ERR,ERR,ERR,ERR,ERR,ERR,ERR,ERR,ERR,ERR,ERR,ERR,ERR,ERR,ERR,ERR,ERR,ERR,ERR,ERR,ERR,ERR,ERR,ERR,ERR,ERR,ERR,ERR,ERR,ERR,ERR,ERR,ERR,ERR,ERR,ERR,ERR,ERR,ERR,ERR,ERR,ERR,ERR,ERR,ERR,ERR,ERR,ERR,ERR,ERR,ERR,ERR,ERR,ERR,ERR,ERR,ERR,ERR,ERR,ERR,ERR,ERR,ERR,ERR,ERR,ERR,ERR,ERR,ERR,ERR,ERR,ERR,ERR,ERR,ERR,ERR,ERR,ERR,ERR,ERR,ERR,2.718430741444032e+23,2.7184312818759872e+23,0.0,0.0,0.0,1.3936040501711995e+18,7.805,0.0,0,0,4,0,7116,0.0,100,0.0,0.0,0.0,0.0,0.0,0,0,0,0,0.0,0,0,0,0,0,0,0,0,0,0,0,0,0,0,0,0,0,0,0,0,0,0,0,0,0,0,0,0,0,0,0,0,0,31,40,40,71,65476,0,300,0,0,8,21553,0.0,-107605600.0,0.0,0.0,0.0,0.0,0.0,0.0,0.0,0.0,0.0,0.0,0.0,0.0,0.0,0.0,0.0,0.0,0.0,0.0,0.0,0.0,0.0,-2.004,-2.004,0.0,0.0,0.0,0.0,0.0,6187.0,-0.0,6932.0,2.718430741444032e+23,2.7184312818759872e+23,-0.0,2.718430741444032e+23,0.0,0.0,0.0,0.0,69,-0.0,-152018068963328.0,0.0,0.0,0.0,0.0,0.0,0.0,0.0,0,0,0,0.0,0.0,0.0,0.0,0.0,0.0,0.0,0.0,0.0,0.0,0.0,0.0,0.0,0.0,0.0,0.0,0,-107875648.0,69,0.0,138,0.0,-109447200.0,0,13107,17040,39322,17049,13107,17043,0,0,0,70,68,100,2.7302359370752657e+23,71.2,2.7302370179391762e+23,74.2,2.7302370179391762e+23,74.0,1,49,50,180,13107,0,0,0,0.0,0.0,0.0,0.0,-0.0,67.0,0.0,162057.094,0.0,751,0,740,0,0,0,721,0,768,0,736,0,742,0,742,0,712,0,7520,0.032,107911053312.0,0.0,0.0,784,16797,-0.0,162057.094,-114818.039,-0.0,0.133,6.909358625270745e+28,30.0,65.0,35,0.0,0.0,0.0,0.0,0.0,0.0,0.0,0.0,0.0,0.0,0.0,0.0,0.0,0.0,0.0,0.0,69.2,0,150,71,55,65476,0,300,0,1,8,20529,65476,0,0,40632,65.0,0.0,0.0,0.0,0.0,0.0
2026-09-04T20:06:59,ERR,ERR,ERR,ERR,ERR,ERR,ERR,ERR,ERR,ERR,ERR,ERR,ERR,ERR,ERR,ERR,ERR,ERR,ERR,ERR,ERR,ERR,ERR,ERR,ERR,ERR,ERR,ERR,ERR,ERR,ERR,ERR,ERR,ERR,ERR,ERR,ERR,ERR,ERR,ERR,ERR,ERR,ERR,ERR,ERR,ERR,ERR,ERR,ERR,ERR,ERR,ERR,ERR,ERR,ERR,ERR,ERR,ERR,ERR,ERR,ERR,ERR,ERR,ERR,ERR,ERR,ERR,ERR,ERR,ERR,ERR,ERR,ERR,ERR,ERR,ERR,ERR,ERR,ERR,ERR,ERR,ERR,ERR,ERR,ERR,ERR,ERR,ERR,ERR,ERR,ERR,ERR,ERR,ERR,ERR,ERR,ERR,ERR,ERR,ERR,ERR,ERR,ERR,ERR,ERR,ERR,ERR,ERR,ERR,ERR,ERR,ERR,ERR,ERR,ERR,ERR,ERR,ERR,ERR,ERR,ERR,ERR,ERR,ERR,ERR,2.718430741444032e+23,2.7184312818759872e+23,0.0,0.0,0.0,1.3936040501711995e+18,7.805,0.0,0,0,4,0,7116,0.0,100,0.0,0.0,0.0,0.0,0.0,0,0,0,0,0.0,0,0,0,0,0,0,0,0,0,0,0,0,0,0,0,0,0,0,0,0,0,0,0,0,0,0,0,0,0,0,0,0,0,31,40,40,71,65476,0,300,0,0,8,21553,0.0,-107605600.0,0.0,0.0,0.0,0.0,0.0,0.0,0.0,0.0,0.0,0.0,0.0,0.0,0.0,0.0,0.0,0.0,0.0,0.0,0.0,0.0,0.0,-2.004,-2.004,0.0,0.0,0.0,0.0,0.0,6221.0,0.0,6916.0,2.718430741444032e+23,2.7184312818759872e+23,-0.0,2.718430741444032e+23,0.0,0.0,0.0,0.0,69,-0.0,5.848074697918395e+35,0.0,0.0,0.0,0.0,0.0,0.0,0.0,0,0,0,0.0,0.0,0.0,0.0,0.0,0.0,0.0,0.0,0.0,0.0,0.0,0.0,0.0,0.0,0.0,0.0,0,-107875648.0,69,0.0,138,0.0,-109447200.0,0,13107,17040,39322,17049,13107,17043,0,0,0,70,68,100,2.7302359370752657e+23,71.2,2.7302370179391762e+23,74.2,2.7302370179391762e+23,74.0,1,49,50,180,13107,0,0,0,0.0,0.0,0.0,0.0,-0.0,67.0,0.0,162057.094,0.0,751,0,740,0,0,0,721,0,768,0,736,0,742,0,742,0,712,0,7520,0.032,107911053312.0,0.0,0.0,784,16797,-0.0,162057.094,-114818.039,-0.0,0.133,6.909358625270745e+28,30.0,65.0,35,0.0,0.0,0.0,0.0,0.0,0.0,0.0,0.0,0.0,0.0,0.0,0.0,0.0,0.0,0.0,0.0,69.2,0,150,71,55,65476,0,300,0,1,8,20529,65476,0,0,40632,65.0,0.0,0.0,0.0,0.0,0.0
2026-09-04T20:07:00,ERR,ERR,ERR,ERR,ERR,ERR,ERR,ERR,ERR,ERR,ERR,ERR,ERR,ERR,ERR,ERR,ERR,ERR,ERR,ERR,ERR,ERR,ERR,ERR,ERR,ERR,ERR,ERR,ERR,ERR,ERR,ERR,ERR,ERR,ERR,ERR,ERR,ERR,ERR,ERR,ERR,ERR,ERR,ERR,ERR,ERR,ERR,ERR,ERR,ERR,ERR,ERR,ERR,ERR,ERR,ERR,ERR,ERR,ERR,ERR,ERR,ERR,ERR,ERR,ERR,ERR,ERR,ERR,ERR,ERR,ERR,ERR,ERR,ERR,ERR,ERR,ERR,ERR,ERR,ERR,ERR,ERR,ERR,ERR,ERR,ERR,ERR,ERR,ERR,ERR,ERR,ERR,ERR,ERR,ERR,ERR,ERR,ERR,ERR,ERR,ERR,ERR,ERR,ERR,ERR,ERR,ERR,ERR,ERR,ERR,ERR,ERR,ERR,ERR,ERR,ERR,ERR,ERR,ERR,ERR,ERR,ERR,ERR,ERR,ERR,2.718430741444032e+23,2.7184312818759872e+23,0.0,0.0,0.0,1.3936040501711995e+18,7.805,0.0,0,0,4,0,7116,0.0,100,0.0,0.0,0.0,0.0,0.0,0,0,0,0,0.0,0,0,0,0,0,0,0,0,0,0,0,0,0,0,0,0,0,0,0,0,0,0,0,0,0,0,0,0,0,0,0,0,0,31,40,40,71,65476,0,300,0,0,8,21553,0.0,-107605600.0,0.0,0.0,0.0,0.0,0.0,0.0,0.0,0.0,0.0,0.0,0.0,0.0,0.0,0.0,0.0,0.0,0.0,0.0,0.0,0.0,0.0,-2.004,-2.004,0.0,0.0,0.0,0.0,0.0,6221.0,0.0,6916.0,2.718430741444032e+23,2.7184312818759872e+23,-0.0,2.718430741444032e+23,0.0,0.0,0.0,0.0,69,-0.0,5.848074697918395e+35,0.0,0.0,0.0,0.0,0.0,0.0,0.0,0,0,0,0.0,0.0,0.0,0.0,0.0,0.0,0.0,0.0,0.0,0.0,0.0,0.0,0.0,0.0,0.0,0.0,0,-107875648.0,69,0.0,138,0.0,-109447200.0,0,13107,17040,39322,17049,13107,17043,0,0,0,70,68,100,2.7302359370752657e+23,71.2,2.7302370179391762e+23,74.2,2.7302370179391762e+23,74.0,1,49,50,180,13107,0,0,0,0.0,0.0,0.0,0.0,-0.0,67.0,0.0,162057.094,0.0,751,0,740,0,0,0,721,0,768,0,737,0,742,0,742,0,712,0,7520,0.032,108447924224.0,0.0,0.0,784,16797,-0.0,162057.094,-114818.039,-0.0,0.133,6.909358625270745e+28,30.0,65.0,35,0.0,0.0,0.0,0.0,0.0,0.0,0.0,0.0,0.0,0.0,0.0,0.0,0.0,0.0,0.0,0.0,69.2,0,150,71,55,65476,0,300,0,1,8,20529,65476,0,0,40632,65.0,0.0,0.0,0.0,0.0,0.0
2026-09-04T20:07:01,ERR,ERR,ERR,ERR,ERR,ERR,ERR,ERR,ERR,ERR,ERR,ERR,ERR,ERR,ERR,ERR,ERR,ERR,ERR,ERR,ERR,ERR,ERR,ERR,ERR,ERR,ERR,ERR,ERR,ERR,ERR,ERR,ERR,ERR,ERR,ERR,ERR,ERR,ERR,ERR,ERR,ERR,ERR,ERR,ERR,ERR,ERR,ERR,ERR,ERR,ERR,ERR,ERR,ERR,ERR,ERR,ERR,ERR,ERR,ERR,ERR,ERR,ERR,ERR,ERR,ERR,ERR,ERR,ERR,ERR,ERR,ERR,ERR,ERR,ERR,ERR,ERR,ERR,ERR,ERR,ERR,ERR,ERR,ERR,ERR,ERR,ERR,ERR,ERR,ERR,ERR,ERR,ERR,ERR,ERR,ERR,ERR,ERR,ERR,ERR,ERR,ERR,ERR,ERR,ERR,ERR,ERR,ERR,ERR,ERR,ERR,ERR,ERR,ERR,ERR,ERR,ERR,ERR,ERR,ERR,ERR,ERR,ERR,ERR,ERR,2.718430741444032e+23,2.7184312818759872e+23,0.0,0.0,0.0,1.3936040501711995e+18,7.805,0.0,0,0,4,0,7116,0.0,100,0.0,0.0,0.0,0.0,0.0,0,0,0,0,0.0,0,0,0,0,0,0,0,0,0,0,0,0,0,0,0,0,0,0,0,0,0,0,0,0,0,0,0,0,0,0,0,0,0,31,40,40,71,65476,0,300,0,0,8,21553,0.0,-107605600.0,0.0,0.0,0.0,0.0,0.0,0.0,0.0,0.0,0.0,0.0,0.0,0.0,0.0,0.0,0.0,0.0,0.0,0.0,0.0,0.0,0.0,-2.004,-2.004,0.0,0.0,0.0,0.0,0.0,6221.0,0.0,6916.0,2.718430741444032e+23,2.7184312818759872e+23,-0.0,2.718430741444032e+23,0.0,0.0,0.0,0.0,69,-0.0,5.848074697918395e+35,0.0,0.0,0.0,0.0,0.0,0.0,0.0,0,0,0,0.0,0.0,0.0,0.0,0.0,0.0,0.0,0.0,0.0,0.0,0.0,0.0,0.0,0.0,0.0,0.0,0,-107875648.0,69,0.0,138,0.0,-109447200.0,0,13107,17040,39322,17049,13107,17043,0,0,0,70,68,100,2.7302359370752657e+23,71.2,2.7302370179391762e+23,74.2,2.7302370179391762e+23,74.0,1,49,50,180,13107,0,0,0,0.0,0.0,0.0,0.0,-0.0,67.0,0.0,162057.094,0.0,751,0,740,0,0,0,721,0,768,0,737,0,742,0,742,0,712,0,7520,0.032,108447924224.0,0.0,0.0,784,16797,-0.0,162057.094,-114818.039,-0.0,0.133,6.909358625270745e+28,30.0,65.0,35,0.0,0.0,0.0,0.0,0.0,0.0,0.0,0.0,0.0,0.0,0.0,0.0,0.0,0.0,0.0,0.0,69.2,0,150,71,55,65476,0,300,0,1,8,20529,65476,0,0,40632,65.0,0.0,0.0,0.0,0.0,0.0
2026-09-04T20:07:02,ERR,ERR,ERR,ERR,ERR,ERR,ERR,ERR,ERR,ERR,ERR,ERR,ERR,ERR,ERR,ERR,ERR,ERR,ERR,ERR,ERR,ERR,ERR,ERR,ERR,ERR,ERR,ERR,ERR,ERR,ERR,ERR,ERR,ERR,ERR,ERR,ERR,ERR,ERR,ERR,ERR,ERR,ERR,ERR,ERR,ERR,ERR,ERR,ERR,ERR,ERR,ERR,ERR,ERR,ERR,ERR,ERR,ERR,ERR,ERR,ERR,ERR,ERR,ERR,ERR,ERR,ERR,ERR,ERR,ERR,ERR,ERR,ERR,ERR,ERR,ERR,ERR,ERR,ERR,ERR,ERR,ERR,ERR,ERR,ERR,ERR,ERR,ERR,ERR,ERR,ERR,ERR,ERR,ERR,ERR,ERR,ERR,ERR,ERR,ERR,ERR,ERR,ERR,ERR,ERR,ERR,ERR,ERR,ERR,ERR,ERR,ERR,ERR,ERR,ERR,ERR,ERR,ERR,ERR,ERR,ERR,ERR,ERR,ERR,ERR,2.718430741444032e+23,2.7184312818759872e+23,0.0,0.0,0.0,1.3936040501711995e+18,7.805,0.0,0,0,4,0,7116,0.0,100,0.0,0.0,0.0,0.0,0.0,0,0,0,0,0.0,0,0,0,0,0,0,0,0,0,0,0,0,0,0,0,0,0,0,0,0,0,0,0,0,0,0,0,0,0,0,0,0,0,31,40,40,71,65476,0,300,0,0,8,21553,0.0,-107605600.0,0.0,0.0,0.0,0.0,0.0,0.0,0.0,0.0,0.0,0.0,0.0,0.0,0.0,0.0,0.0,0.0,0.0,0.0,0.0,0.0,0.0,-2.004,-2.004,0.0,0.0,0.0,0.0,0.0,6221.0,0.0,6916.0,2.718430741444032e+23,2.7184312818759872e+23,-0.0,2.718430741444032e+23,0.0,0.0,0.0,0.0,69,-0.0,5.848074697918395e+35,0.0,0.0,0.0,0.0,0.0,0.0,0.0,0,0,0,0.0,0.0,0.0,0.0,0.0,0.0,0.0,0.0,0.0,0.0,0.0,0.0,0.0,0.0,0.0,0.0,0,-107875648.0,69,0.0,138,0.0,-109447200.0,0,13107,17040,39322,17049,13107,17043,0,0,0,70,68,100,2.7302359370752657e+23,71.2,2.7302370179391762e+23,74.2,2.7302370179391762e+23,74.0,1,49,50,180,13107,0,0,0,0.0,0.0,0.0,0.0,-0.0,67.0,0.0,162057.094,0.0,751,0,740,0,0,0,721,0,768,0,737,0,742,0,742,0,712,0,7520,0.032,108447924224.0,0.0,0.0,784,16797,-0.0,162057.094,-114818.039,-0.0,0.133,6.909358625270745e+28,30.0,65.0,35,0.0,0.0,0.0,0.0,0.0,0.0,0.0,0.0,0.0,0.0,0.0,0.0,0.0,0.0,0.0,0.0,69.2,0,150,71,55,65476,0,300,0,1,8,20529,65476,0,0,40632,65.0,0.0,0.0,0.0,0.0,0.0
2026-09-04T20:07:03,ERR,ERR,ERR,ERR,ERR,ERR,ERR,ERR,ERR,ERR,ERR,ERR,ERR,ERR,ERR,ERR,ERR,ERR,ERR,ERR,ERR,ERR,ERR,ERR,ERR,ERR,ERR,ERR,ERR,ERR,ERR,ERR,ERR,ERR,ERR,ERR,ERR,ERR,ERR,ERR,ERR,ERR,ERR,ERR,ERR,ERR,ERR,ERR,ERR,ERR,ERR,ERR,ERR,ERR,ERR,ERR,ERR,ERR,ERR,ERR,ERR,ERR,ERR,ERR,ERR,ERR,ERR,ERR,ERR,ERR,ERR,ERR,ERR,ERR,ERR,ERR,ERR,ERR,ERR,ERR,ERR,ERR,ERR,ERR,ERR,ERR,ERR,ERR,ERR,ERR,ERR,ERR,ERR,ERR,ERR,ERR,ERR,ERR,ERR,ERR,ERR,ERR,ERR,ERR,ERR,ERR,ERR,ERR,ERR,ERR,ERR,ERR,ERR,ERR,ERR,ERR,ERR,ERR,ERR,ERR,ERR,ERR,ERR,ERR,ERR,2.718430741444032e+23,2.7184312818759872e+23,0.0,0.0,0.0,1.3936040501711995e+18,7.805,0.0,0,0,4,0,7116,0.0,100,0.0,0.0,0.0,0.0,0.0,0,0,0,0,0.0,0,0,0,0,0,0,0,0,0,0,0,0,0,0,0,0,0,0,0,0,0,0,0,0,0,0,0,0,0,0,0,0,0,31,40,40,71,65476,0,300,0,0,8,21553,0.0,-107605600.0,0.0,0.0,0.0,0.0,0.0,0.0,0.0,0.0,0.0,0.0,0.0,0.0,0.0,0.0,0.0,0.0,0.0,0.0,0.0,0.0,0.0,-2.004,-2.004,0.0,0.0,0.0,0.0,0.0,6221.0,0.0,6916.0,2.718430741444032e+23,2.7184312818759872e+23,-0.0,2.718430741444032e+23,0.0,0.0,0.0,0.0,69,-0.0,5.848074697918395e+35,0.0,0.0,0.0,0.0,0.0,0.0,0.0,0,0,0,0.0,0.0,0.0,0.0,0.0,0.0,0.0,0.0,0.0,0.0,0.0,0.0,0.0,0.0,0.0,0.0,0,-107875648.0,69,0.0,138,0.0,-109447200.0,0,13107,17040,39322,17049,13107,17043,0,0,0,70,68,100,2.7302359370752657e+23,71.2,2.7302370179391762e+23,74.2,2.7302370179391762e+23,74.0,1,49,50,180,13107,0,0,0,0.0,0.0,0.0,0.0,-0.0,67.0,0.0,162057.094,0.0,751,0,740,0,0,0,721,0,768,0,737,0,742,0,742,0,712,0,7520,0.032,108447924224.0,0.0,0.0,784,16797,-0.0,162057.094,-114818.039,-0.0,0.133,6.909358625270745e+28,30.0,65.0,35,0.0,0.0,0.0,0.0,0.0,0.0,0.0,0.0,0.0,0.0,0.0,0.0,0.0,0.0,0.0,0.0,69.2,0,150,71,55,65476,0,300,0,1,8,20529,65476,0,0,40632,65.0,0.0,0.0,0.0,0.0,0.0
2026-09-04T20:07:04,ERR,ERR,ERR,ERR,ERR,ERR,ERR,ERR,ERR,ERR,ERR,ERR,ERR,ERR,ERR,ERR,ERR,ERR,ERR,ERR,ERR,ERR,ERR,ERR,ERR,ERR,ERR,ERR,ERR,ERR,ERR,ERR,ERR,ERR,ERR,ERR,ERR,ERR,ERR,ERR,ERR,ERR,ERR,ERR,ERR,ERR,ERR,ERR,ERR,ERR,ERR,ERR,ERR,ERR,ERR,ERR,ERR,ERR,ERR,ERR,ERR,ERR,ERR,ERR,ERR,ERR,ERR,ERR,ERR,ERR,ERR,ERR,ERR,ERR,ERR,ERR,ERR,ERR,ERR,ERR,ERR,ERR,ERR,ERR,ERR,ERR,ERR,ERR,ERR,ERR,ERR,ERR,ERR,ERR,ERR,ERR,ERR,ERR,ERR,ERR,ERR,ERR,ERR,ERR,ERR,ERR,ERR,ERR,ERR,ERR,ERR,ERR,ERR,ERR,ERR,ERR,ERR,ERR,ERR,ERR,ERR,ERR,ERR,ERR,ERR,2.718430741444032e+23,2.7184312818759872e+23,0.0,0.0,0.0,1.3936040501711995e+18,7.805,0.0,0,0,4,0,7116,0.0,100,0.0,0.0,0.0,0.0,0.0,0,0,0,0,0.0,0,0,0,0,0,0,0,0,0,0,0,0,0,0,0,0,0,0,0,0,0,0,0,0,0,0,0,0,0,0,0,0,0,31,40,40,71,65476,0,300,0,0,8,21553,0.0,-107605600.0,0.0,0.0,0.0,0.0,0.0,0.0,0.0,0.0,0.0,0.0,0.0,0.0,0.0,0.0,0.0,0.0,0.0,0.0,0.0,0.0,0.0,-2.004,-2.004,0.0,0.0,0.0,0.0,0.0,6221.0,0.0,6916.0,2.718430741444032e+23,2.7184312818759872e+23,-0.0,2.718430741444032e+23,0.0,0.0,0.0,0.0,69,-0.0,5.848074697918395e+35,0.0,0.0,0.0,0.0,0.0,0.0,0.0,0,0,0,0.0,0.0,0.0,0.0,0.0,0.0,0.0,0.0,0.0,0.0,0.0,0.0,0.0,0.0,0.0,0.0,0,-107875648.0,69,0.0,138,0.0,-109447200.0,0,13107,17040,39322,17049,13107,17043,0,0,0,70,68,100,2.7302359370752657e+23,71.2,2.7302370179391762e+23,74.2,2.7302370179391762e+23,74.0,1,49,50,180,13107,0,0,0,0.0,0.0,0.0,0.0,-0.0,67.0,0.0,162057.094,0.0,751,0,740,0,0,0,721,0,768,0,737,0,742,0,742,0,712,0,7520,0.032,108447924224.0,0.0,0.0,784,16797,-0.0,162057.094,-114818.039,-0.0,0.133,6.909358625270745e+28,30.0,65.0,35,0.0,0.0,0.0,0.0,0.0,0.0,0.0,0.0,0.0,0.0,0.0,0.0,0.0,0.0,0.0,0.0,69.2,0,150,71,55,65476,0,300,0,1,8,20529,65476,0,0,40632,65.0,0.0,0.0,0.0,0.0,0.0
2026-09-04T20:07:05,ERR,ERR,ERR,ERR,ERR,ERR,ERR,ERR,ERR,ERR,ERR,ERR,ERR,ERR,ERR,ERR,ERR,ERR,ERR,ERR,ERR,ERR,ERR,ERR,ERR,ERR,ERR,ERR,ERR,ERR,ERR,ERR,ERR,ERR,ERR,ERR,ERR,ERR,ERR,ERR,ERR,ERR,ERR,ERR,ERR,ERR,ERR,ERR,ERR,ERR,ERR,ERR,ERR,ERR,ERR,ERR,ERR,ERR,ERR,ERR,ERR,ERR,ERR,ERR,ERR,ERR,ERR,ERR,ERR,ERR,ERR,ERR,ERR,ERR,ERR,ERR,ERR,ERR,ERR,ERR,ERR,ERR,ERR,ERR,ERR,ERR,ERR,ERR,ERR,ERR,ERR,ERR,ERR,ERR,ERR,ERR,ERR,ERR,ERR,ERR,ERR,ERR,ERR,ERR,ERR,ERR,ERR,ERR,ERR,ERR,ERR,ERR,ERR,ERR,ERR,ERR,ERR,ERR,ERR,ERR,ERR,ERR,ERR,ERR,ERR,2.718430741444032e+23,2.7184312818759872e+23,0.0,0.0,0.0,1.3936040501711995e+18,7.805,0.0,0,0,4,0,7116,0.0,100,0.0,0.0,0.0,0.0,0.0,0,0,0,0,0.0,0,0,0,0,0,0,0,0,0,0,0,0,0,0,0,0,0,0,0,0,0,0,0,0,0,0,0,0,0,0,0,0,0,31,40,40,71,65476,0,300,0,0,8,21553,0.0,-107605600.0,0.0,0.0,0.0,0.0,0.0,0.0,0.0,0.0,0.0,0.0,0.0,0.0,0.0,0.0,0.0,0.0,0.0,0.0,0.0,0.0,0.0,-2.004,-2.004,0.0,0.0,0.0,0.0,0.0,6221.0,0.0,6916.0,2.718430741444032e+23,2.7184312818759872e+23,-0.0,2.718430741444032e+23,0.0,0.0,0.0,0.0,69,-0.0,5.848074697918395e+35,0.0,0.0,0.0,0.0,0.0,0.0,0.0,0,0,0,0.0,0.0,0.0,0.0,0.0,0.0,0.0,0.0,0.0,0.0,0.0,0.0,0.0,0.0,0.0,0.0,0,-107875648.0,69,0.0,138,0.0,-109447200.0,0,13107,17040,39322,17049,26215,17043,0,0,0,70,68,100,2.7302359370752657e+23,71.2,2.7302370179391762e+23,74.3,-0.0,74.0,1,49,50,180,13107,0,0,0,0.0,0.0,0.0,0.0,-0.0,67.0,0.0,162057.094,0.0,751,0,740,0,0,0,721,0,768,0,736,0,742,0,742,0,712,0,7520,0.032,107911053312.0,0.0,0.0,784,16797,-0.0,162057.094,-114818.039,-0.0,0.133,6.909358625270745e+28,30.0,65.0,35,0.0,0.0,0.0,0.0,0.0,0.0,0.0,0.0,0.0,0.0,0.0,0.0,0.0,0.0,0.0,0.0,69.2,0,150,71,55,65476,0,300,0,1,8,20529,65476,0,0,40632,65.0,0.0,0.0,0.0,0.0,0.0
2026-09-04T20:07:06,ERR,ERR,ERR,ERR,ERR,ERR,ERR,ERR,ERR,ERR,ERR,ERR,ERR,ERR,ERR,ERR,ERR,ERR,ERR,ERR,ERR,ERR,ERR,ERR,ERR,ERR,ERR,ERR,ERR,ERR,ERR,ERR,ERR,ERR,ERR,ERR,ERR,ERR,ERR,ERR,ERR,ERR,ERR,ERR,ERR,ERR,ERR,ERR,ERR,ERR,ERR,ERR,ERR,ERR,ERR,ERR,ERR,ERR,ERR,ERR,ERR,ERR,ERR,ERR,ERR,ERR,ERR,ERR,ERR,ERR,ERR,ERR,ERR,ERR,ERR,ERR,ERR,ERR,ERR,ERR,ERR,ERR,ERR,ERR,ERR,ERR,ERR,ERR,ERR,ERR,ERR,ERR,ERR,ERR,ERR,ERR,ERR,ERR,ERR,ERR,ERR,ERR,ERR,ERR,ERR,ERR,ERR,ERR,ERR,ERR,ERR,ERR,ERR,ERR,ERR,ERR,ERR,ERR,ERR,ERR,ERR,ERR,ERR,ERR,ERR,2.718430741444032e+23,2.7184312818759872e+23,0.0,0.0,0.0,1.3936040501711995e+18,7.805,0.0,0,0,4,0,7116,0.0,100,0.0,0.0,0.0,0.0,0.0,0,0,0,0,0.0,0,0,0,0,0,0,0,0,0,0,0,0,0,0,0,0,0,0,0,0,0,0,0,0,0,0,0,0,0,0,0,0,0,31,40,40,71,65476,0,300,0,0,8,21553,0.0,-107605600.0,0.0,0.0,0.0,0.0,0.0,0.0,0.0,0.0,0.0,0.0,0.0,0.0,0.0,0.0,0.0,0.0,0.0,0.0,0.0,0.0,0.0,-2.004,-2.004,0.0,0.0,0.0,0.0,0.0,6188.0,-8608220160.0,6938.0,2.718430741444032e+23,2.7184312818759872e+23,-0.0,2.718430741444032e+23,0.0,0.0,0.0,0.0,69,-0.0,0.0,0.0,0.0,0.0,0.0,0.0,0.0,0.0,0,0,0,0.0,0.0,0.0,0.0,0.0,0.0,0.0,0.0,0.0,0.0,0.0,0.0,0.0,0.0,0.0,0.0,0,-107875648.0,69,0.0,138,0.0,-109447200.0,0,13107,17040,39322,17049,26215,17043,0,0,0,70,68,100,2.7302359370752657e+23,71.2,2.7302370179391762e+23,74.3,-0.0,74.0,1,49,50,180,13107,0,0,0,0.0,0.0,0.0,0.0,-0.0,67.0,0.0,162057.094,0.0,751,0,740,0,0,0,721,0,768,0,736,0,742,0,742,0,712,0,7520,0.032,107911053312.0,0.0,0.0,784,16797,-0.0,162057.094,-114818.039,-0.0,0.133,6.909358625270745e+28,30.0,65.0,35,0.0,0.0,0.0,0.0,0.0,0.0,0.0,0.0,0.0,0.0,0.0,0.0,0.0,0.0,0.0,0.0,69.2,0,150,71,55,65476,0,300,0,1,8,20529,65476,0,0,40632,65.0,0.0,0.0,0.0,0.0,0.0
2026-09-04T20:07:07,ERR,ERR,ERR,ERR,ERR,ERR,ERR,ERR,ERR,ERR,ERR,ERR,ERR,ERR,ERR,ERR,ERR,ERR,ERR,ERR,ERR,ERR,ERR,ERR,ERR,ERR,ERR,ERR,ERR,ERR,ERR,ERR,ERR,ERR,ERR,ERR,ERR,ERR,ERR,ERR,ERR,ERR,ERR,ERR,ERR,ERR,ERR,ERR,ERR,ERR,ERR,ERR,ERR,ERR,ERR,ERR,ERR,ERR,ERR,ERR,ERR,ERR,ERR,ERR,ERR,ERR,ERR,ERR,ERR,ERR,ERR,ERR,ERR,ERR,ERR,ERR,ERR,ERR,ERR,ERR,ERR,ERR,ERR,ERR,ERR,ERR,ERR,ERR,ERR,ERR,ERR,ERR,ERR,ERR,ERR,ERR,ERR,ERR,ERR,ERR,ERR,ERR,ERR,ERR,ERR,ERR,ERR,ERR,ERR,ERR,ERR,ERR,ERR,ERR,ERR,ERR,ERR,ERR,ERR,ERR,ERR,ERR,ERR,ERR,ERR,2.718430741444032e+23,2.7184312818759872e+23,0.0,0.0,0.0,1.3936040501711995e+18,7.805,0.0,0,0,4,0,7116,0.0,100,0.0,0.0,0.0,0.0,0.0,0,0,0,0,0.0,0,0,0,0,0,0,0,0,0,0,0,0,0,0,0,0,0,0,0,0,0,0,0,0,0,0,0,0,0,0,0,0,0,31,40,40,71,65476,0,300,0,0,8,21553,0.0,-107605600.0,0.0,0.0,0.0,0.0,0.0,0.0,0.0,0.0,0.0,0.0,0.0,0.0,0.0,0.0,0.0,0.0,0.0,0.0,0.0,0.0,0.0,-2.004,-2.004,0.0,0.0,0.0,0.0,0.0,6188.0,-8608220160.0,6938.0,2.718430741444032e+23,2.7184312818759872e+23,-0.0,2.718430741444032e+23,0.0,0.0,0.0,0.0,69,-0.0,0.0,0.0,0.0,0.0,0.0,0.0,0.0,0.0,0,0,0,0.0,0.0,0.0,0.0,0.0,0.0,0.0,0.0,0.0,0.0,0.0,0.0,0.0,0.0,0.0,0.0,0,-107875648.0,69,0.0,138,0.0,-109447200.0,0,13107,17040,39322,17049,26215,17043,0,0,0,70,68,100,2.7302359370752657e+23,71.2,2.7302370179391762e+23,74.3,-0.0,74.0,1,49,50,180,13107,0,0,0,0.0,0.0,0.0,0.0,-0.0,67.0,0.0,162057.094,0.0,751,0,740,0,0,0,721,0,768,0,736,0,742,0,742,0,712,0,7520,0.032,107911053312.0,0.0,0.0,784,16797,-0.0,162057.094,-114818.039,-0.0,0.133,6.909358625270745e+28,30.0,65.0,35,0.0,0.0,0.0,0.0,0.0,0.0,0.0,0.0,0.0,0.0,0.0,0.0,0.0,0.0,0.0,0.0,69.2,0,150,71,55,65476,0,300,0,1,8,20529,65476,0,0,40632,65.0,0.0,0.0,0.0,0.0,0.0
2026-09-04T20:07:08,ERR,ERR,ERR,ERR,ERR,ERR,ERR,ERR,ERR,ERR,ERR,ERR,ERR,ERR,ERR,ERR,ERR,ERR,ERR,ERR,ERR,ERR,ERR,ERR,ERR,ERR,ERR,ERR,ERR,ERR,ERR,ERR,ERR,ERR,ERR,ERR,ERR,ERR,ERR,ERR,ERR,ERR,ERR,ERR,ERR,ERR,ERR,ERR,ERR,ERR,ERR,ERR,ERR,ERR,ERR,ERR,ERR,ERR,ERR,ERR,ERR,ERR,ERR,ERR,ERR,ERR,ERR,ERR,ERR,ERR,ERR,ERR,ERR,ERR,ERR,ERR,ERR,ERR,ERR,ERR,ERR,ERR,ERR,ERR,ERR,ERR,ERR,ERR,ERR,ERR,ERR,ERR,ERR,ERR,ERR,ERR,ERR,ERR,ERR,ERR,ERR,ERR,ERR,ERR,ERR,ERR,ERR,ERR,ERR,ERR,ERR,ERR,ERR,ERR,ERR,ERR,ERR,ERR,ERR,ERR,ERR,ERR,ERR,ERR,ERR,2.718430741444032e+23,2.7184312818759872e+23,0.0,0.0,0.0,1.3936040501711995e+18,7.805,0.0,0,0,4,0,7116,0.0,100,0.0,0.0,0.0,0.0,0.0,0,0,0,0,0.0,0,0,0,0,0,0,0,0,0,0,0,0,0,0,0,0,0,0,0,0,0,0,0,0,0,0,0,0,0,0,0,0,0,31,40,40,71,65476,0,300,0,0,8,21553,0.0,-107605600.0,0.0,0.0,0.0,0.0,0.0,0.0,0.0,0.0,0.0,0.0,0.0,0.0,0.0,0.0,0.0,0.0,0.0,0.0,0.0,0.0,0.0,-2.004,-2.004,0.0,0.0,0.0,0.0,0.0,6188.0,-8608220160.0,6938.0,2.718430741444032e+23,2.7184312818759872e+23,-0.0,2.718430741444032e+23,0.0,0.0,0.0,0.0,69,-0.0,0.0,0.0,0.0,0.0,0.0,0.0,0.0,0.0,0,0,0,0.0,0.0,0.0,0.0,0.0,0.0,0.0,0.0,0.0,0.0,0.0,0.0,0.0,0.0,0.0,0.0,0,-107875648.0,69,0.0,138,0.0,-109447200.0,0,13107,17040,39322,17049,26215,17043,0,0,0,70,68,100,2.7302359370752657e+23,71.2,2.7302370179391762e+23,74.3,-0.0,74.0,1,49,50,180,13107,0,0,0,0.0,0.0,0.0,0.0,-0.0,67.0,0.0,162057.094,0.0,751,0,740,0,0,0,721,0,768,0,736,0,742,0,742,0,712,0,7520,0.032,107911053312.0,0.0,0.0,784,16797,-0.0,162057.094,-114818.039,-0.0,0.133,6.909358625270745e+28,30.0,65.0,35,0.0,0.0,0.0,0.0,0.0,0.0,0.0,0.0,0.0,0.0,0.0,0.0,0.0,0.0,0.0,0.0,69.2,0,150,71,55,65476,0,300,0,1,8,20529,65476,0,0,40632,65.0,0.0,0.0,0.0,0.0,0.0
2026-09-04T20:07:09,ERR,ERR,ERR,ERR,ERR,ERR,ERR,ERR,ERR,ERR,ERR,ERR,ERR,ERR,ERR,ERR,ERR,ERR,ERR,ERR,ERR,ERR,ERR,ERR,ERR,ERR,ERR,ERR,ERR,ERR,ERR,ERR,ERR,ERR,ERR,ERR,ERR,ERR,ERR,ERR,ERR,ERR,ERR,ERR,ERR,ERR,ERR,ERR,ERR,ERR,ERR,ERR,ERR,ERR,ERR,ERR,ERR,ERR,ERR,ERR,ERR,ERR,ERR,ERR,ERR,ERR,ERR,ERR,ERR,ERR,ERR,ERR,ERR,ERR,ERR,ERR,ERR,ERR,ERR,ERR,ERR,ERR,ERR,ERR,ERR,ERR,ERR,ERR,ERR,ERR,ERR,ERR,ERR,ERR,ERR,ERR,ERR,ERR,ERR,ERR,ERR,ERR,ERR,ERR,ERR,ERR,ERR,ERR,ERR,ERR,ERR,ERR,ERR,ERR,ERR,ERR,ERR,ERR,ERR,ERR,ERR,ERR,ERR,ERR,ERR,2.718430741444032e+23,2.7184312818759872e+23,0.0,0.0,0.0,1.3936040501711995e+18,7.805,0.0,0,0,4,0,7116,0.0,100,0.0,0.0,0.0,0.0,0.0,0,0,0,0,0.0,0,0,0,0,0,0,0,0,0,0,0,0,0,0,0,0,0,0,0,0,0,0,0,0,0,0,0,0,0,0,0,0,0,31,40,40,71,65476,0,300,0,0,8,21553,0.0,-107605600.0,0.0,0.0,0.0,0.0,0.0,0.0,0.0,0.0,0.0,0.0,0.0,0.0,0.0,0.0,0.0,0.0,0.0,0.0,0.0,0.0,0.0,-2.004,-2.004,0.0,0.0,0.0,0.0,0.0,6188.0,-8608220160.0,6938.0,2.718430741444032e+23,2.7184312818759872e+23,-0.0,2.718430741444032e+23,0.0,0.0,0.0,0.0,69,-0.0,0.0,0.0,0.0,0.0,0.0,0.0,0.0,0.0,0,0,0,0.0,0.0,0.0,0.0,0.0,0.0,0.0,0.0,0.0,0.0,0.0,0.0,0.0,0.0,0.0,0.0,0,-107875648.0,69,0.0,138,0.0,-109447200.0,0,13107,17040,39322,17049,26215,17043,0,0,0,70,68,100,2.7302359370752657e+23,71.2,2.7302370179391762e+23,74.3,-0.0,74.0,1,49,50,180,13107,0,0,0,0.0,0.0,0.0,0.0,-0.0,67.0,0.0,162057.094,0.0,751,0,740,0,0,0,721,0,768,0,736,0,742,0,742,0,712,0,7520,0.032,107911053312.0,0.0,0.0,784,16797,-0.0,162057.094,-114818.039,-0.0,0.133,6.909358625270745e+28,30.0,65.0,35,0.0,0.0,0.0,0.0,0.0,0.0,0.0,0.0,0.0,0.0,0.0,0.0,0.0,0.0,0.0,0.0,69.2,0,150,71,55,65476,0,300,0,1,8,20529,65476,0,0,40632,65.0,0.0,0.0,0.0,0.0,0.0
2026-09-04T20:07:10,ERR,ERR,ERR,ERR,ERR,ERR,ERR,ERR,ERR,ERR,ERR,ERR,ERR,ERR,ERR,ERR,ERR,ERR,ERR,ERR,ERR,ERR,ERR,ERR,ERR,ERR,ERR,ERR,ERR,ERR,ERR,ERR,ERR,ERR,ERR,ERR,ERR,ERR,ERR,ERR,ERR,ERR,ERR,ERR,ERR,ERR,ERR,ERR,ERR,ERR,ERR,ERR,ERR,ERR,ERR,ERR,ERR,ERR,ERR,ERR,ERR,ERR,ERR,ERR,ERR,ERR,ERR,ERR,ERR,ERR,ERR,ERR,ERR,ERR,ERR,ERR,ERR,ERR,ERR,ERR,ERR,ERR,ERR,ERR,ERR,ERR,ERR,ERR,ERR,ERR,ERR,ERR,ERR,ERR,ERR,ERR,ERR,ERR,ERR,ERR,ERR,ERR,ERR,ERR,ERR,ERR,ERR,ERR,ERR,ERR,ERR,ERR,ERR,ERR,ERR,ERR,ERR,ERR,ERR,ERR,ERR,ERR,ERR,ERR,ERR,2.718430741444032e+23,2.7184312818759872e+23,0.0,0.0,0.0,1.3936040501711995e+18,7.805,0.0,0,0,4,0,7116,0.0,100,0.0,0.0,0.0,0.0,0.0,0,0,0,0,0.0,0,0,0,0,0,0,0,0,0,0,0,0,0,0,0,0,0,0,0,0,0,0,0,0,0,0,0,0,0,0,0,0,0,31,40,40,71,65476,0,300,0,0,8,21553,0.0,-107605600.0,0.0,0.0,0.0,0.0,0.0,0.0,0.0,0.0,0.0,0.0,0.0,0.0,0.0,0.0,0.0,0.0,0.0,0.0,0.0,0.0,0.0,-2.004,-2.004,0.0,0.0,0.0,0.0,0.0,6188.0,-8608220160.0,6938.0,2.718430741444032e+23,2.7184312818759872e+23,-0.0,2.718430741444032e+23,0.0,0.0,0.0,0.0,69,-0.0,0.0,0.0,0.0,0.0,0.0,0.0,0.0,0.0,0,0,0,0.0,0.0,0.0,0.0,0.0,0.0,0.0,0.0,0.0,0.0,0.0,0.0,0.0,0.0,0.0,0.0,0,-107875648.0,69,0.0,138,0.0,-109447200.0,0,13107,17040,39322,17049,26215,17043,0,0,0,70,68,100,2.7302359370752657e+23,71.2,2.7302370179391762e+23,74.2,-0.0,74.0,1,49,50,180,13107,0,0,0,0.0,0.0,0.0,0.0,-0.0,67.0,0.0,162057.094,0.0,751,0,740,0,0,0,721,0,768,0,736,0,742,0,742,0,712,0,7520,0.032,107911053312.0,0.0,0.0,784,16797,-0.0,162057.094,-114818.039,-0.0,0.133,6.909358625270745e+28,30.0,65.0,35,0.0,0.0,0.0,0.0,0.0,0.0,0.0,0.0,0.0,0.0,0.0,0.0,0.0,0.0,0.0,0.0,69.2,0,150,71,55,65476,0,300,0,1,8,20529,65476,0,0,40632,65.0,0.0,0.0,0.0,0.0,0.0
2026-09-04T20:07:11,ERR,ERR,ERR,ERR,ERR,ERR,ERR,ERR,ERR,ERR,ERR,ERR,ERR,ERR,ERR,ERR,ERR,ERR,ERR,ERR,ERR,ERR,ERR,ERR,ERR,ERR,ERR,ERR,ERR,ERR,ERR,ERR,ERR,ERR,ERR,ERR,ERR,ERR,ERR,ERR,ERR,ERR,ERR,ERR,ERR,ERR,ERR,ERR,ERR,ERR,ERR,ERR,ERR,ERR,ERR,ERR,ERR,ERR,ERR,ERR,ERR,ERR,ERR,ERR,ERR,ERR,ERR,ERR,ERR,ERR,ERR,ERR,ERR,ERR,ERR,ERR,ERR,ERR,ERR,ERR,ERR,ERR,ERR,ERR,ERR,ERR,ERR,ERR,ERR,ERR,ERR,ERR,ERR,ERR,ERR,ERR,ERR,ERR,ERR,ERR,ERR,ERR,ERR,ERR,ERR,ERR,ERR,ERR,ERR,ERR,ERR,ERR,ERR,ERR,ERR,ERR,ERR,ERR,ERR,ERR,ERR,ERR,ERR,ERR,ERR,2.718430741444032e+23,2.7184312818759872e+23,0.0,0.0,0.0,1.3936040501711995e+18,7.805,0.0,0,0,4,0,7116,0.0,100,0.0,0.0,0.0,0.0,0.0,0,0,0,0,0.0,0,0,0,0,0,0,0,0,0,0,0,0,0,0,0,0,0,0,0,0,0,0,0,0,0,0,0,0,0,0,0,0,0,31,40,40,71,65476,0,300,0,0,8,21553,0.0,-107605600.0,0.0,0.0,0.0,0.0,0.0,0.0,0.0,0.0,0.0,0.0,0.0,0.0,0.0,0.0,0.0,0.0,0.0,0.0,0.0,0.0,0.0,-2.004,-2.004,0.0,0.0,0.0,0.0,0.0,6188.0,-8608220160.0,6938.0,2.718430741444032e+23,2.7184312818759872e+23,-0.0,2.718430741444032e+23,0.0,0.0,0.0,0.0,69,-0.0,0.0,0.0,0.0,0.0,0.0,0.0,0.0,0.0,0,0,0,0.0,0.0,0.0,0.0,0.0,0.0,0.0,0.0,0.0,0.0,0.0,0.0,0.0,0.0,0.0,0.0,0,-107875648.0,69,0.0,138,0.0,-109447200.0,0,13107,17040,39322,17049,26215,17043,0,0,0,70,68,100,2.7302359370752657e+23,71.2,2.7302370179391762e+23,74.2,-0.0,74.0,1,49,50,180,13107,0,0,0,0.0,0.0,0.0,0.0,-0.0,67.0,0.0,162057.094,0.0,751,0,740,0,0,0,721,0,768,0,736,0,742,0,742,0,712,0,7520,0.032,107911053312.0,0.0,0.0,784,16797,-0.0,162057.094,-114818.039,-0.0,0.133,6.909358625270745e+28,30.0,65.0,35,0.0,0.0,0.0,0.0,0.0,0.0,0.0,0.0,0.0,0.0,0.0,0.0,0.0,0.0,0.0,0.0,69.2,0,150,71,55,65476,0,300,0,1,8,20529,65476,0,0,40632,65.0,0.0,0.0,0.0,0.0,0.0
2026-09-04T20:07:12,ERR,ERR,ERR,ERR,ERR,ERR,ERR,ERR,ERR,ERR,ERR,ERR,ERR,ERR,ERR,ERR,ERR,ERR,ERR,ERR,ERR,ERR,ERR,ERR,ERR,ERR,ERR,ERR,ERR,ERR,ERR,ERR,ERR,ERR,ERR,ERR,ERR,ERR,ERR,ERR,ERR,ERR,ERR,ERR,ERR,ERR,ERR,ERR,ERR,ERR,ERR,ERR,ERR,ERR,ERR,ERR,ERR,ERR,ERR,ERR,ERR,ERR,ERR,ERR,ERR,ERR,ERR,ERR,ERR,ERR,ERR,ERR,ERR,ERR,ERR,ERR,ERR,ERR,ERR,ERR,ERR,ERR,ERR,ERR,ERR,ERR,ERR,ERR,ERR,ERR,ERR,ERR,ERR,ERR,ERR,ERR,ERR,ERR,ERR,ERR,ERR,ERR,ERR,ERR,ERR,ERR,ERR,ERR,ERR,ERR,ERR,ERR,ERR,ERR,ERR,ERR,ERR,ERR,ERR,ERR,ERR,ERR,ERR,ERR,ERR,2.718430741444032e+23,2.7184312818759872e+23,0.0,0.0,0.0,1.3936040501711995e+18,7.805,0.0,0,0,4,0,7116,0.0,100,0.0,0.0,0.0,0.0,0.0,0,0,0,0,0.0,0,0,0,0,0,0,0,0,0,0,0,0,0,0,0,0,0,0,0,0,0,0,0,0,0,0,0,0,0,0,0,0,0,31,40,40,71,65476,0,300,0,0,8,21553,0.0,-107605600.0,0.0,0.0,0.0,0.0,0.0,0.0,0.0,0.0,0.0,0.0,0.0,0.0,0.0,0.0,0.0,0.0,0.0,0.0,0.0,0.0,0.0,-2.004,-2.004,0.0,0.0,0.0,0.0,0.0,6188.0,-8608220160.0,6938.0,2.718430741444032e+23,2.7184312818759872e+23,-0.0,2.718430741444032e+23,0.0,0.0,0.0,0.0,69,-0.0,0.0,0.0,0.0,0.0,0.0,0.0,0.0,0.0,0,0,0,0.0,0.0,0.0,0.0,0.0,0.0,0.0,0.0,0.0,0.0,0.0,0.0,0.0,0.0,0.0,0.0,0,-107875648.0,69,0.0,138,0.0,-109447200.0,0,13107,17040,39322,17049,26215,17043,0,0,0,70,68,100,2.7302359370752657e+23,71.2,2.7302370179391762e+23,74.2,-0.0,74.0,1,49,50,180,13107,0,0,0,0.0,0.0,0.0,0.0,-0.0,67.0,0.0,162057.094,0.0,751,0,740,0,0,0,721,0,768,0,736,0,742,0,742,0,712,0,7520,0.032,107911053312.0,0.0,0.0,784,16797,-0.0,162057.094,-114818.039,-0.0,0.133,6.909358625270745e+28,30.0,65.0,35,0.0,0.0,0.0,0.0,0.0,0.0,0.0,0.0,0.0,0.0,0.0,0.0,0.0,0.0,0.0,0.0,69.2,0,150,71,55,65476,0,300,0,1,8,20529,65476,0,0,40632,65.0,0.0,0.0,0.0,0.0,0.0
2026-09-04T20:07:13,ERR,ERR,ERR,ERR,ERR,ERR,ERR,ERR,ERR,ERR,ERR,ERR,ERR,ERR,ERR,ERR,ERR,ERR,ERR,ERR,ERR,ERR,ERR,ERR,ERR,ERR,ERR,ERR,ERR,ERR,ERR,ERR,ERR,ERR,ERR,ERR,ERR,ERR,ERR,ERR,ERR,ERR,ERR,ERR,ERR,ERR,ERR,ERR,ERR,ERR,ERR,ERR,ERR,ERR,ERR,ERR,ERR,ERR,ERR,ERR,ERR,ERR,ERR,ERR,ERR,ERR,ERR,ERR,ERR,ERR,ERR,ERR,ERR,ERR,ERR,ERR,ERR,ERR,ERR,ERR,ERR,ERR,ERR,ERR,ERR,ERR,ERR,ERR,ERR,ERR,ERR,ERR,ERR,ERR,ERR,ERR,ERR,ERR,ERR,ERR,ERR,ERR,ERR,ERR,ERR,ERR,ERR,ERR,ERR,ERR,ERR,ERR,ERR,ERR,ERR,ERR,ERR,ERR,ERR,ERR,ERR,ERR,ERR,ERR,ERR,2.718430741444032e+23,2.7184312818759872e+23,0.0,0.0,0.0,1.3936040501711995e+18,7.805,0.0,0,0,4,0,7116,0.0,100,0.0,0.0,0.0,0.0,0.0,0,0,0,0,0.0,0,0,0,0,0,0,0,0,0,0,0,0,0,0,0,0,0,0,0,0,0,0,0,0,0,0,0,0,0,0,0,0,0,31,40,40,71,65476,0,300,0,0,8,21553,0.0,-107605600.0,0.0,0.0,0.0,0.0,0.0,0.0,0.0,0.0,0.0,0.0,0.0,0.0,0.0,0.0,0.0,0.0,0.0,0.0,0.0,0.0,0.0,-2.004,-2.004,0.0,0.0,0.0,0.0,0.0,6188.0,1.0406699612351174e+34,6927.0,2.718430741444032e+23,2.7184312818759872e+23,-0.0,2.718430741444032e+23,0.0,0.0,0.0,0.0,69,-0.0,-0.0,0.0,0.0,0.0,0.0,0.0,0.0,0.0,0,0,0,0.0,0.0,0.0,0.0,0.0,0.0,0.0,0.0,0.0,0.0,0.0,0.0,0.0,0.0,0.0,0.0,0,-107875648.0,69,0.0,138,0.0,-109447200.0,0,13107,17040,39322,17049,26215,17043,0,0,0,70,68,100,2.7302359370752657e+23,71.2,2.7302370179391762e+23,74.2,-0.0,74.0,1,49,50,180,13107,0,0,0,0.0,0.0,0.0,0.0,-0.0,67.0,0.0,162057.094,0.0,751,0,740,0,0,0,721,0,768,0,736,0,742,0,742,0,712,0,7520,0.032,107911053312.0,0.0,0.0,784,16797,-0.0,162057.094,-114818.039,-0.0,0.133,6.909358625270745e+28,30.0,65.0,35,0.0,0.0,0.0,0.0,0.0,0.0,0.0,0.0,0.0,0.0,0.0,0.0,0.0,0.0,0.0,0.0,69.2,0,150,71,55,65476,0,300,0,1,8,20529,65476,0,0,40632,65.0,0.0,0.0,0.0,0.0,0.0
2026-09-04T20:07:14,ERR,ERR,ERR,ERR,ERR,ERR,ERR,ERR,ERR,ERR,ERR,ERR,ERR,ERR,ERR,ERR,ERR,ERR,ERR,ERR,ERR,ERR,ERR,ERR,ERR,ERR,ERR,ERR,ERR,ERR,ERR,ERR,ERR,ERR,ERR,ERR,ERR,ERR,ERR,ERR,ERR,ERR,ERR,ERR,ERR,ERR,ERR,ERR,ERR,ERR,ERR,ERR,ERR,ERR,ERR,ERR,ERR,ERR,ERR,ERR,ERR,ERR,ERR,ERR,ERR,ERR,ERR,ERR,ERR,ERR,ERR,ERR,ERR,ERR,ERR,ERR,ERR,ERR,ERR,ERR,ERR,ERR,ERR,ERR,ERR,ERR,ERR,ERR,ERR,ERR,ERR,ERR,ERR,ERR,ERR,ERR,ERR,ERR,ERR,ERR,ERR,ERR,ERR,ERR,ERR,ERR,ERR,ERR,ERR,ERR,ERR,ERR,ERR,ERR,ERR,ERR,ERR,ERR,ERR,ERR,ERR,ERR,ERR,ERR,ERR,2.718430741444032e+23,2.7184312818759872e+23,0.0,0.0,0.0,1.3936040501711995e+18,7.805,0.0,0,0,4,0,7116,0.0,100,0.0,0.0,0.0,0.0,0.0,0,0,0,0,0.0,0,0,0,0,0,0,0,0,0,0,0,0,0,0,0,0,0,0,0,0,0,0,0,0,0,0,0,0,0,0,0,0,0,31,40,40,71,65476,0,300,0,0,8,21553,0.0,-107605600.0,0.0,0.0,0.0,0.0,0.0,0.0,0.0,0.0,0.0,0.0,0.0,0.0,0.0,0.0,0.0,0.0,0.0,0.0,0.0,0.0,0.0,-2.004,-2.004,0.0,0.0,0.0,0.0,0.0,6188.0,1.0406699612351174e+34,6927.0,2.718430741444032e+23,2.7184312818759872e+23,-0.0,2.718430741444032e+23,0.0,0.0,0.0,0.0,69,-0.0,-0.0,0.0,0.0,0.0,0.0,0.0,0.0,0.0,0,0,0,0.0,0.0,0.0,0.0,0.0,0.0,0.0,0.0,0.0,0.0,0.0,0.0,0.0,0.0,0.0,0.0,0,-107875648.0,69,0.0,138,0.0,-109447200.0,0,13107,17040,39322,17049,26215,17043,0,0,0,70,68,100,2.7302359370752657e+23,71.2,2.7302370179391762e+23,74.2,-0.0,74.0,1,49,50,180,13107,0,0,0,0.0,0.0,0.0,0.0,-0.0,67.0,0.0,162057.094,0.0,751,0,740,0,0,0,721,0,768,0,736,0,742,0,742,0,712,0,7520,0.032,107911053312.0,0.0,0.0,784,16797,-0.0,162057.094,-114818.039,-0.0,0.133,6.909358625270745e+28,30.0,65.0,35,0.0,0.0,0.0,0.0,0.0,0.0,0.0,0.0,0.0,0.0,0.0,0.0,0.0,0.0,0.0,0.0,69.2,0,150,71,55,65476,0,300,0,1,8,20529,65476,0,0,40632,65.0,0.0,0.0,0.0,0.0,0.0
2026-09-04T20:07:15,ERR,ERR,ERR,ERR,ERR,ERR,ERR,ERR,ERR,ERR,ERR,ERR,ERR,ERR,ERR,ERR,ERR,ERR,ERR,ERR,ERR,ERR,ERR,ERR,ERR,ERR,ERR,ERR,ERR,ERR,ERR,ERR,ERR,ERR,ERR,ERR,ERR,ERR,ERR,ERR,ERR,ERR,ERR,ERR,ERR,ERR,ERR,ERR,ERR,ERR,ERR,ERR,ERR,ERR,ERR,ERR,ERR,ERR,ERR,ERR,ERR,ERR,ERR,ERR,ERR,ERR,ERR,ERR,ERR,ERR,ERR,ERR,ERR,ERR,ERR,ERR,ERR,ERR,ERR,ERR,ERR,ERR,ERR,ERR,ERR,ERR,ERR,ERR,ERR,ERR,ERR,ERR,ERR,ERR,ERR,ERR,ERR,ERR,ERR,ERR,ERR,ERR,ERR,ERR,ERR,ERR,ERR,ERR,ERR,ERR,ERR,ERR,ERR,ERR,ERR,ERR,ERR,ERR,ERR,ERR,ERR,ERR,ERR,ERR,ERR,2.718430741444032e+23,2.7184312818759872e+23,0.0,0.0,0.0,1.3936040501711995e+18,7.805,0.0,0,0,4,0,7116,0.0,100,0.0,0.0,0.0,0.0,0.0,0,0,0,0,0.0,0,0,0,0,0,0,0,0,0,0,0,0,0,0,0,0,0,0,0,0,0,0,0,0,0,0,0,0,0,0,0,0,0,31,40,40,71,65476,0,300,0,0,8,21553,0.0,-107605600.0,0.0,0.0,0.0,0.0,0.0,0.0,0.0,0.0,0.0,0.0,0.0,0.0,0.0,0.0,0.0,0.0,0.0,0.0,0.0,0.0,0.0,-2.004,-2.004,0.0,0.0,0.0,0.0,0.0,6188.0,1.0406699612351174e+34,6927.0,2.718430741444032e+23,2.7184312818759872e+23,-0.0,2.718430741444032e+23,0.0,0.0,0.0,0.0,69,-0.0,-0.0,0.0,0.0,0.0,0.0,0.0,0.0,0.0,0,0,0,0.0,0.0,0.0,0.0,0.0,0.0,0.0,0.0,0.0,0.0,0.0,0.0,0.0,0.0,0.0,0.0,0,-107875648.0,69,0.0,138,0.0,-109447200.0,0,13107,17040,39322,17049,13107,17043,0,0,0,70,68,100,2.7302359370752657e+23,71.2,2.7302370179391762e+23,74.3,-0.0,74.0,1,49,50,180,13107,0,0,0,0.0,0.0,0.0,0.0,-0.0,67.0,0.0,162057.094,0.0,751,0,740,0,0,0,721,0,768,0,736,0,743,0,742,0,712,0,7520,0.032,108447924224.0,0.0,0.0,784,16797,-0.0,162057.094,-114818.039,-0.0,0.133,6.909358625270745e+28,30.0,65.0,35,0.0,0.0,0.0,0.0,0.0,0.0,0.0,0.0,0.0,0.0,0.0,0.0,0.0,0.0,0.0,0.0,69.2,0,150,71,55,65476,0,300,0,1,8,20529,65476,0,0,40632,65.0,0.0,0.0,0.0,0.0,0.0
2026-09-04T20:07:16,ERR,ERR,ERR,ERR,ERR,ERR,ERR,ERR,ERR,ERR,ERR,ERR,ERR,ERR,ERR,ERR,ERR,ERR,ERR,ERR,ERR,ERR,ERR,ERR,ERR,ERR,ERR,ERR,ERR,ERR,ERR,ERR,ERR,ERR,ERR,ERR,ERR,ERR,ERR,ERR,ERR,ERR,ERR,ERR,ERR,ERR,ERR,ERR,ERR,ERR,ERR,ERR,ERR,ERR,ERR,ERR,ERR,ERR,ERR,ERR,ERR,ERR,ERR,ERR,ERR,ERR,ERR,ERR,ERR,ERR,ERR,ERR,ERR,ERR,ERR,ERR,ERR,ERR,ERR,ERR,ERR,ERR,ERR,ERR,ERR,ERR,ERR,ERR,ERR,ERR,ERR,ERR,ERR,ERR,ERR,ERR,ERR,ERR,ERR,ERR,ERR,ERR,ERR,ERR,ERR,ERR,ERR,ERR,ERR,ERR,ERR,ERR,ERR,ERR,ERR,ERR,ERR,ERR,ERR,ERR,ERR,ERR,ERR,ERR,ERR,2.718430741444032e+23,2.7184312818759872e+23,0.0,0.0,0.0,1.3936040501711995e+18,7.805,0.0,0,0,4,0,7116,0.0,100,0.0,0.0,0.0,0.0,0.0,0,0,0,0,0.0,0,0,0,0,0,0,0,0,0,0,0,0,0,0,0,0,0,0,0,0,0,0,0,0,0,0,0,0,0,0,0,0,0,31,40,40,71,65476,0,300,0,0,8,21553,0.0,-107605600.0,0.0,0.0,0.0,0.0,0.0,0.0,0.0,0.0,0.0,0.0,0.0,0.0,0.0,0.0,0.0,0.0,0.0,0.0,0.0,0.0,0.0,-2.004,-2.004,0.0,0.0,0.0,0.0,0.0,6188.0,1.0406699612351174e+34,6927.0,2.718430741444032e+23,2.7184312818759872e+23,-0.0,2.718430741444032e+23,0.0,0.0,0.0,0.0,69,-0.0,-0.0,0.0,0.0,0.0,0.0,0.0,0.0,0.0,0,0,0,0.0,0.0,0.0,0.0,0.0,0.0,0.0,0.0,0.0,0.0,0.0,0.0,0.0,0.0,0.0,0.0,0,-107875648.0,69,0.0,138,0.0,-109447200.0,0,13107,17040,39322,17049,13107,17043,0,0,0,70,68,100,2.7302359370752657e+23,71.2,2.7302370179391762e+23,74.3,-0.0,74.0,1,49,50,180,13107,0,0,0,0.0,0.0,0.0,0.0,-0.0,67.0,0.0,162057.094,0.0,751,0,740,0,0,0,721,0,768,0,736,0,743,0,742,0,712,0,7520,0.032,108447924224.0,0.0,0.0,784,16797,-0.0,162057.094,-114818.039,-0.0,0.133,6.909358625270745e+28,30.0,65.0,35,0.0,0.0,0.0,0.0,0.0,0.0,0.0,0.0,0.0,0.0,0.0,0.0,0.0,0.0,0.0,0.0,69.2,0,150,71,55,65476,0,300,0,1,8,20529,65476,0,0,40632,65.0,0.0,0.0,0.0,0.0,0.0
2026-09-04T20:07:17,ERR,ERR,ERR,ERR,ERR,ERR,ERR,ERR,ERR,ERR,ERR,ERR,ERR,ERR,ERR,ERR,ERR,ERR,ERR,ERR,ERR,ERR,ERR,ERR,ERR,ERR,ERR,ERR,ERR,ERR,ERR,ERR,ERR,ERR,ERR,ERR,ERR,ERR,ERR,ERR,ERR,ERR,ERR,ERR,ERR,ERR,ERR,ERR,ERR,ERR,ERR,ERR,ERR,ERR,ERR,ERR,ERR,ERR,ERR,ERR,ERR,ERR,ERR,ERR,ERR,ERR,ERR,ERR,ERR,ERR,ERR,ERR,ERR,ERR,ERR,ERR,ERR,ERR,ERR,ERR,ERR,ERR,ERR,ERR,ERR,ERR,ERR,ERR,ERR,ERR,ERR,ERR,ERR,ERR,ERR,ERR,ERR,ERR,ERR,ERR,ERR,ERR,ERR,ERR,ERR,ERR,ERR,ERR,ERR,ERR,ERR,ERR,ERR,ERR,ERR,ERR,ERR,ERR,ERR,ERR,ERR,ERR,ERR,ERR,ERR,2.718430741444032e+23,2.7184312818759872e+23,0.0,0.0,0.0,1.3936040501711995e+18,7.805,0.0,0,0,4,0,7116,0.0,100,0.0,0.0,0.0,0.0,0.0,0,0,0,0,0.0,0,0,0,0,0,0,0,0,0,0,0,0,0,0,0,0,0,0,0,0,0,0,0,0,0,0,0,0,0,0,0,0,0,31,40,40,71,65476,0,300,0,0,8,21553,0.0,-107605600.0,0.0,0.0,0.0,0.0,0.0,0.0,0.0,0.0,0.0,0.0,0.0,0.0,0.0,0.0,0.0,0.0,0.0,0.0,0.0,0.0,0.0,-2.004,-2.004,0.0,0.0,0.0,0.0,0.0,6188.0,1.0406699612351174e+34,6927.0,2.718430741444032e+23,2.7184312818759872e+23,-0.0,2.718430741444032e+23,0.0,0.0,0.0,0.0,69,-0.0,-0.0,0.0,0.0,0.0,0.0,0.0,0.0,0.0,0,0,0,0.0,0.0,0.0,0.0,0.0,0.0,0.0,0.0,0.0,0.0,0.0,0.0,0.0,0.0,0.0,0.0,0,-107875648.0,69,0.0,138,0.0,-109447200.0,0,13107,17040,39322,17049,13107,17043,0,0,0,70,68,100,2.7302359370752657e+23,71.2,2.7302370179391762e+23,74.3,-0.0,74.0,1,49,50,180,13107,0,0,0,0.0,0.0,0.0,0.0,-0.0,67.0,0.0,162057.094,0.0,751,0,740,0,0,0,721,0,768,0,736,0,743,0,742,0,712,0,7520,0.032,108447924224.0,0.0,0.0,784,16797,-0.0,162057.094,-114818.039,-0.0,0.133,6.909358625270745e+28,30.0,65.0,35,0.0,0.0,0.0,0.0,0.0,0.0,0.0,0.0,0.0,0.0,0.0,0.0,0.0,0.0,0.0,0.0,69.2,0,150,71,55,65476,0,300,0,1,8,20529,65476,0,0,40632,65.0,0.0,0.0,0.0,0.0,0.0
2026-09-04T20:07:18,ERR,ERR,ERR,ERR,ERR,ERR,ERR,ERR,ERR,ERR,ERR,ERR,ERR,ERR,ERR,ERR,ERR,ERR,ERR,ERR,ERR,ERR,ERR,ERR,ERR,ERR,ERR,ERR,ERR,ERR,ERR,ERR,ERR,ERR,ERR,ERR,ERR,ERR,ERR,ERR,ERR,ERR,ERR,ERR,ERR,ERR,ERR,ERR,ERR,ERR,ERR,ERR,ERR,ERR,ERR,ERR,ERR,ERR,ERR,ERR,ERR,ERR,ERR,ERR,ERR,ERR,ERR,ERR,ERR,ERR,ERR,ERR,ERR,ERR,ERR,ERR,ERR,ERR,ERR,ERR,ERR,ERR,ERR,ERR,ERR,ERR,ERR,ERR,ERR,ERR,ERR,ERR,ERR,ERR,ERR,ERR,ERR,ERR,ERR,ERR,ERR,ERR,ERR,ERR,ERR,ERR,ERR,ERR,ERR,ERR,ERR,ERR,ERR,ERR,ERR,ERR,ERR,ERR,ERR,ERR,ERR,ERR,ERR,ERR,ERR,2.718430741444032e+23,2.7184312818759872e+23,0.0,0.0,0.0,1.3936040501711995e+18,7.805,0.0,0,0,4,0,7116,0.0,100,0.0,0.0,0.0,0.0,0.0,0,0,0,0,0.0,0,0,0,0,0,0,0,0,0,0,0,0,0,0,0,0,0,0,0,0,0,0,0,0,0,0,0,0,0,0,0,0,0,31,40,40,71,65476,0,300,0,0,8,21553,0.0,-107605600.0,0.0,0.0,0.0,0.0,0.0,0.0,0.0,0.0,0.0,0.0,0.0,0.0,0.0,0.0,0.0,0.0,0.0,0.0,0.0,0.0,0.0,-2.004,-2.004,0.0,0.0,0.0,0.0,0.0,6188.0,1.0406699612351174e+34,6927.0,2.718430741444032e+23,2.7184312818759872e+23,-0.0,2.718430741444032e+23,0.0,0.0,0.0,0.0,69,-0.0,-0.0,0.0,0.0,0.0,0.0,0.0,0.0,0.0,0,0,0,0.0,0.0,0.0,0.0,0.0,0.0,0.0,0.0,0.0,0.0,0.0,0.0,0.0,0.0,0.0,0.0,0,-107875648.0,69,0.0,138,0.0,-109447200.0,0,13107,17040,39322,17049,13107,17043,0,0,0,70,68,100,2.7302359370752657e+23,71.2,2.7302370179391762e+23,74.3,-0.0,74.0,1,49,50,180,13107,0,0,0,0.0,0.0,0.0,0.0,-0.0,67.0,0.0,162057.094,0.0,751,0,740,0,0,0,721,0,768,0,736,0,743,0,742,0,712,0,7520,0.032,108447924224.0,0.0,0.0,784,16797,-0.0,162057.094,-114818.039,-0.0,0.133,6.909358625270745e+28,30.0,65.0,35,0.0,0.0,0.0,0.0,0.0,0.0,0.0,0.0,0.0,0.0,0.0,0.0,0.0,0.0,0.0,0.0,69.2,0,150,71,55,65476,0,300,0,1,8,20529,65476,0,0,40632,65.0,0.0,0.0,0.0,0.0,0.0
2026-09-04T20:07:19,ERR,ERR,ERR,ERR,ERR,ERR,ERR,ERR,ERR,ERR,ERR,ERR,ERR,ERR,ERR,ERR,ERR,ERR,ERR,ERR,ERR,ERR,ERR,ERR,ERR,ERR,ERR,ERR,ERR,ERR,ERR,ERR,ERR,ERR,ERR,ERR,ERR,ERR,ERR,ERR,ERR,ERR,ERR,ERR,ERR,ERR,ERR,ERR,ERR,ERR,ERR,ERR,ERR,ERR,ERR,ERR,ERR,ERR,ERR,ERR,ERR,ERR,ERR,ERR,ERR,ERR,ERR,ERR,ERR,ERR,ERR,ERR,ERR,ERR,ERR,ERR,ERR,ERR,ERR,ERR,ERR,ERR,ERR,ERR,ERR,ERR,ERR,ERR,ERR,ERR,ERR,ERR,ERR,ERR,ERR,ERR,ERR,ERR,ERR,ERR,ERR,ERR,ERR,ERR,ERR,ERR,ERR,ERR,ERR,ERR,ERR,ERR,ERR,ERR,ERR,ERR,ERR,ERR,ERR,ERR,ERR,ERR,ERR,ERR,ERR,2.718430741444032e+23,2.7184312818759872e+23,0.0,0.0,0.0,1.3936040501711995e+18,7.805,0.0,0,0,4,0,7116,0.0,100,0.0,0.0,0.0,0.0,0.0,0,0,0,0,0.0,0,0,0,0,0,0,0,0,0,0,0,0,0,0,0,0,0,0,0,0,0,0,0,0,0,0,0,0,0,0,0,0,0,31,40,40,71,65476,0,300,0,0,8,21553,0.0,-107605600.0,0.0,0.0,0.0,0.0,0.0,0.0,0.0,0.0,0.0,0.0,0.0,0.0,0.0,0.0,0.0,0.0,0.0,0.0,0.0,0.0,0.0,-2.004,-2.004,0.0,0.0,0.0,0.0,0.0,6188.0,1.0406699612351174e+34,6927.0,2.718430741444032e+23,2.7184312818759872e+23,-0.0,2.718430741444032e+23,0.0,0.0,0.0,0.0,69,-0.0,-0.0,0.0,0.0,0.0,0.0,0.0,0.0,0.0,0,0,0,0.0,0.0,0.0,0.0,0.0,0.0,0.0,0.0,0.0,0.0,0.0,0.0,0.0,0.0,0.0,0.0,0,-107875648.0,69,0.0,138,0.0,-109447200.0,0,13107,17040,39322,17049,13107,17043,0,0,0,70,68,100,2.7302359370752657e+23,71.2,2.7302370179391762e+23,74.3,-0.0,74.0,1,49,50,180,13107,0,0,0,0.0,0.0,0.0,0.0,-0.0,67.0,0.0,162057.094,0.0,751,0,740,0,0,0,721,0,768,0,736,0,743,0,742,0,712,0,7520,0.032,108447924224.0,0.0,0.0,784,16797,-0.0,162057.094,-114818.039,-0.0,0.133,6.909358625270745e+28,30.0,65.0,35,0.0,0.0,0.0,0.0,0.0,0.0,0.0,0.0,0.0,0.0,0.0,0.0,0.0,0.0,0.0,0.0,69.2,0,150,71,55,65476,0,300,0,1,8,20529,65476,0,0,40632,65.0,0.0,0.0,0.0,0.0,0.0
2026-09-04T20:07:20,ERR,ERR,ERR,ERR,ERR,ERR,ERR,ERR,ERR,ERR,ERR,ERR,ERR,ERR,ERR,ERR,ERR,ERR,ERR,ERR,ERR,ERR,ERR,ERR,ERR,ERR,ERR,ERR,ERR,ERR,ERR,ERR,ERR,ERR,ERR,ERR,ERR,ERR,ERR,ERR,ERR,ERR,ERR,ERR,ERR,ERR,ERR,ERR,ERR,ERR,ERR,ERR,ERR,ERR,ERR,ERR,ERR,ERR,ERR,ERR,ERR,ERR,ERR,ERR,ERR,ERR,ERR,ERR,ERR,ERR,ERR,ERR,ERR,ERR,ERR,ERR,ERR,ERR,ERR,ERR,ERR,ERR,ERR,ERR,ERR,ERR,ERR,ERR,ERR,ERR,ERR,ERR,ERR,ERR,ERR,ERR,ERR,ERR,ERR,ERR,ERR,ERR,ERR,ERR,ERR,ERR,ERR,ERR,ERR,ERR,ERR,ERR,ERR,ERR,ERR,ERR,ERR,ERR,ERR,ERR,ERR,ERR,ERR,ERR,ERR,2.718430741444032e+23,2.7184312818759872e+23,0.0,0.0,0.0,1.3936040501711995e+18,7.805,0.0,0,0,4,0,7116,0.0,100,0.0,0.0,0.0,0.0,0.0,0,0,0,0,0.0,0,0,0,0,0,0,0,0,0,0,0,0,0,0,0,0,0,0,0,0,0,0,0,0,0,0,0,0,0,0,0,0,0,31,40,40,71,65476,0,300,0,0,8,21553,0.0,-107605600.0,0.0,0.0,0.0,0.0,0.0,0.0,0.0,0.0,0.0,0.0,0.0,0.0,0.0,0.0,0.0,0.0,0.0,0.0,0.0,0.0,0.0,-2.004,-2.004,0.0,0.0,0.0,0.0,0.0,6187.0,-0.0,6933.0,2.718430741444032e+23,2.7184312818759872e+23,-0.0,2.718430741444032e+23,0.0,0.0,0.0,0.0,69,-0.0,-3.222020107183197e+26,0.0,0.0,0.0,0.0,0.0,0.0,0.0,0,0,0,0.0,0.0,0.0,0.0,0.0,0.0,0.0,0.0,0.0,0.0,0.0,0.0,0.0,0.0,0.0,0.0,0,-107875648.0,69,0.0,138,0.0,-109447200.0,0,13107,17040,39322,17049,26215,17043,0,0,0,70,68,100,2.7302359370752657e+23,71.2,2.7302370179391762e+23,74.2,2.7302370179391762e+23,74.0,1,49,50,180,13107,0,0,0,0.0,0.0,0.0,0.0,-0.0,67.0,0.0,162057.094,0.0,751,0,740,0,0,0,721,0,768,0,736,0,743,0,742,0,712,0,7520,0.032,108447924224.0,0.0,0.0,784,16797,-0.0,162057.094,-114818.039,-0.0,0.133,6.909358625270745e+28,30.0,65.0,35,0.0,0.0,0.0,0.0,0.0,0.0,0.0,0.0,0.0,0.0,0.0,0.0,0.0,0.0,0.0,0.0,69.2,0,150,71,55,65476,0,300,0,1,8,20529,65476,0,0,40632,65.0,0.0,0.0,0.0,0.0,0.0
2026-09-04T20:07:21,ERR,ERR,ERR,ERR,ERR,ERR,ERR,ERR,ERR,ERR,ERR,ERR,ERR,ERR,ERR,ERR,ERR,ERR,ERR,ERR,ERR,ERR,ERR,ERR,ERR,ERR,ERR,ERR,ERR,ERR,ERR,ERR,ERR,ERR,ERR,ERR,ERR,ERR,ERR,ERR,ERR,ERR,ERR,ERR,ERR,ERR,ERR,ERR,ERR,ERR,ERR,ERR,ERR,ERR,ERR,ERR,ERR,ERR,ERR,ERR,ERR,ERR,ERR,ERR,ERR,ERR,ERR,ERR,ERR,ERR,ERR,ERR,ERR,ERR,ERR,ERR,ERR,ERR,ERR,ERR,ERR,ERR,ERR,ERR,ERR,ERR,ERR,ERR,ERR,ERR,ERR,ERR,ERR,ERR,ERR,ERR,ERR,ERR,ERR,ERR,ERR,ERR,ERR,ERR,ERR,ERR,ERR,ERR,ERR,ERR,ERR,ERR,ERR,ERR,ERR,ERR,ERR,ERR,ERR,ERR,ERR,ERR,ERR,ERR,ERR,2.718430741444032e+23,2.7184312818759872e+23,0.0,0.0,0.0,1.3936040501711995e+18,7.805,0.0,0,0,4,0,7116,0.0,100,0.0,0.0,0.0,0.0,0.0,0,0,0,0,0.0,0,0,0,0,0,0,0,0,0,0,0,0,0,0,0,0,0,0,0,0,0,0,0,0,0,0,0,0,0,0,0,0,0,31,40,40,71,65476,0,300,0,0,8,21553,0.0,-107605600.0,0.0,0.0,0.0,0.0,0.0,0.0,0.0,0.0,0.0,0.0,0.0,0.0,0.0,0.0,0.0,0.0,0.0,0.0,0.0,0.0,0.0,-2.004,-2.004,0.0,0.0,0.0,0.0,0.0,6187.0,-0.0,6933.0,2.718430741444032e+23,2.7184312818759872e+23,-0.0,2.718430741444032e+23,0.0,0.0,0.0,0.0,69,-0.0,-3.222020107183197e+26,0.0,0.0,0.0,0.0,0.0,0.0,0.0,0,0,0,0.0,0.0,0.0,0.0,0.0,0.0,0.0,0.0,0.0,0.0,0.0,0.0,0.0,0.0,0.0,0.0,0,-107875648.0,69,0.0,138,0.0,-109447200.0,0,13107,17040,39322,17049,26215,17043,0,0,0,70,68,100,2.7302359370752657e+23,71.2,2.7302370179391762e+23,74.2,2.7302370179391762e+23,74.0,1,49,50,180,13107,0,0,0,0.0,0.0,0.0,0.0,-0.0,67.0,0.0,162057.094,0.0,751,0,740,0,0,0,721,0,768,0,736,0,743,0,742,0,712,0,7520,0.032,108447924224.0,0.0,0.0,784,16797,-0.0,162057.094,-114818.039,-0.0,0.133,6.909358625270745e+28,30.0,65.0,35,0.0,0.0,0.0,0.0,0.0,0.0,0.0,0.0,0.0,0.0,0.0,0.0,0.0,0.0,0.0,0.0,69.2,0,150,71,55,65476,0,300,0,1,8,20529,65476,0,0,40632,65.0,0.0,0.0,0.0,0.0,0.0
2026-09-04T20:07:22,ERR,ERR,ERR,ERR,ERR,ERR,ERR,ERR,ERR,ERR,ERR,ERR,ERR,ERR,ERR,ERR,ERR,ERR,ERR,ERR,ERR,ERR,ERR,ERR,ERR,ERR,ERR,ERR,ERR,ERR,ERR,ERR,ERR,ERR,ERR,ERR,ERR,ERR,ERR,ERR,ERR,ERR,ERR,ERR,ERR,ERR,ERR,ERR,ERR,ERR,ERR,ERR,ERR,ERR,ERR,ERR,ERR,ERR,ERR,ERR,ERR,ERR,ERR,ERR,ERR,ERR,ERR,ERR,ERR,ERR,ERR,ERR,ERR,ERR,ERR,ERR,ERR,ERR,ERR,ERR,ERR,ERR,ERR,ERR,ERR,ERR,ERR,ERR,ERR,ERR,ERR,ERR,ERR,ERR,ERR,ERR,ERR,ERR,ERR,ERR,ERR,ERR,ERR,ERR,ERR,ERR,ERR,ERR,ERR,ERR,ERR,ERR,ERR,ERR,ERR,ERR,ERR,ERR,ERR,ERR,ERR,ERR,ERR,ERR,ERR,2.718430741444032e+23,2.7184312818759872e+23,0.0,0.0,0.0,1.3936040501711995e+18,7.805,0.0,0,0,4,0,7116,0.0,100,0.0,0.0,0.0,0.0,0.0,0,0,0,0,0.0,0,0,0,0,0,0,0,0,0,0,0,0,0,0,0,0,0,0,0,0,0,0,0,0,0,0,0,0,0,0,0,0,0,31,40,40,71,65476,0,300,0,0,8,21553,0.0,-107605600.0,0.0,0.0,0.0,0.0,0.0,0.0,0.0,0.0,0.0,0.0,0.0,0.0,0.0,0.0,0.0,0.0,0.0,0.0,0.0,0.0,0.0,-2.004,-2.004,0.0,0.0,0.0,0.0,0.0,6187.0,-0.0,6933.0,2.718430741444032e+23,2.7184312818759872e+23,-0.0,2.718430741444032e+23,0.0,0.0,0.0,0.0,69,-0.0,-3.222020107183197e+26,0.0,0.0,0.0,0.0,0.0,0.0,0.0,0,0,0,0.0,0.0,0.0,0.0,0.0,0.0,0.0,0.0,0.0,0.0,0.0,0.0,0.0,0.0,0.0,0.0,0,-107875648.0,69,0.0,138,0.0,-109447200.0,0,13107,17040,39322,17049,26215,17043,0,0,0,70,68,100,2.7302359370752657e+23,71.2,2.7302370179391762e+23,74.2,2.7302370179391762e+23,74.0,1,49,50,180,13107,0,0,0,0.0,0.0,0.0,0.0,-0.0,67.0,0.0,162057.094,0.0,751,0,740,0,0,0,721,0,768,0,736,0,743,0,742,0,712,0,7520,0.032,108447924224.0,0.0,0.0,784,16797,-0.0,162057.094,-114818.039,-0.0,0.133,6.909358625270745e+28,30.0,65.0,35,0.0,0.0,0.0,0.0,0.0,0.0,0.0,0.0,0.0,0.0,0.0,0.0,0.0,0.0,0.0,0.0,69.2,0,150,71,55,65476,0,300,0,1,8,20529,65476,0,0,40632,65.0,0.0,0.0,0.0,0.0,0.0
2026-09-04T20:07:23,ERR,ERR,ERR,ERR,ERR,ERR,ERR,ERR,ERR,ERR,ERR,ERR,ERR,ERR,ERR,ERR,ERR,ERR,ERR,ERR,ERR,ERR,ERR,ERR,ERR,ERR,ERR,ERR,ERR,ERR,ERR,ERR,ERR,ERR,ERR,ERR,ERR,ERR,ERR,ERR,ERR,ERR,ERR,ERR,ERR,ERR,ERR,ERR,ERR,ERR,ERR,ERR,ERR,ERR,ERR,ERR,ERR,ERR,ERR,ERR,ERR,ERR,ERR,ERR,ERR,ERR,ERR,ERR,ERR,ERR,ERR,ERR,ERR,ERR,ERR,ERR,ERR,ERR,ERR,ERR,ERR,ERR,ERR,ERR,ERR,ERR,ERR,ERR,ERR,ERR,ERR,ERR,ERR,ERR,ERR,ERR,ERR,ERR,ERR,ERR,ERR,ERR,ERR,ERR,ERR,ERR,ERR,ERR,ERR,ERR,ERR,ERR,ERR,ERR,ERR,ERR,ERR,ERR,ERR,ERR,ERR,ERR,ERR,ERR,ERR,2.718430741444032e+23,2.7184312818759872e+23,0.0,0.0,0.0,1.3936040501711995e+18,7.805,0.0,0,0,4,0,7116,0.0,100,0.0,0.0,0.0,0.0,0.0,0,0,0,0,0.0,0,0,0,0,0,0,0,0,0,0,0,0,0,0,0,0,0,0,0,0,0,0,0,0,0,0,0,0,0,0,0,0,0,31,40,40,71,65476,0,300,0,0,8,21553,0.0,-107605600.0,0.0,0.0,0.0,0.0,0.0,0.0,0.0,0.0,0.0,0.0,0.0,0.0,0.0,0.0,0.0,0.0,0.0,0.0,0.0,0.0,0.0,-2.004,-2.004,0.0,0.0,0.0,0.0,0.0,6187.0,-0.0,6933.0,2.718430741444032e+23,2.7184312818759872e+23,-0.0,2.718430741444032e+23,0.0,0.0,0.0,0.0,69,-0.0,-3.222020107183197e+26,0.0,0.0,0.0,0.0,0.0,0.0,0.0,0,0,0,0.0,0.0,0.0,0.0,0.0,0.0,0.0,0.0,0.0,0.0,0.0,0.0,0.0,0.0,0.0,0.0,0,-107875648.0,69,0.0,138,0.0,-109447200.0,0,13107,17040,39322,17049,26215,17043,0,0,0,70,68,100,2.7302359370752657e+23,71.2,2.7302370179391762e+23,74.2,2.7302370179391762e+23,74.0,1,49,50,180,13107,0,0,0,0.0,0.0,0.0,0.0,-0.0,67.0,0.0,162057.094,0.0,751,0,740,0,0,0,721,0,768,0,736,0,743,0,742,0,712,0,7520,0.032,108447924224.0,0.0,0.0,784,16797,-0.0,162057.094,-114818.039,-0.0,0.133,6.909358625270745e+28,30.0,65.0,35,0.0,0.0,0.0,0.0,0.0,0.0,0.0,0.0,0.0,0.0,0.0,0.0,0.0,0.0,0.0,0.0,69.2,0,150,71,55,65476,0,300,0,1,8,20529,65476,0,0,40632,65.0,0.0,0.0,0.0,0.0,0.0
2026-09-04T20:07:24,ERR,ERR,ERR,ERR,ERR,ERR,ERR,ERR,ERR,ERR,ERR,ERR,ERR,ERR,ERR,ERR,ERR,ERR,ERR,ERR,ERR,ERR,ERR,ERR,ERR,ERR,ERR,ERR,ERR,ERR,ERR,ERR,ERR,ERR,ERR,ERR,ERR,ERR,ERR,ERR,ERR,ERR,ERR,ERR,ERR,ERR,ERR,ERR,ERR,ERR,ERR,ERR,ERR,ERR,ERR,ERR,ERR,ERR,ERR,ERR,ERR,ERR,ERR,ERR,ERR,ERR,ERR,ERR,ERR,ERR,ERR,ERR,ERR,ERR,ERR,ERR,ERR,ERR,ERR,ERR,ERR,ERR,ERR,ERR,ERR,ERR,ERR,ERR,ERR,ERR,ERR,ERR,ERR,ERR,ERR,ERR,ERR,ERR,ERR,ERR,ERR,ERR,ERR,ERR,ERR,ERR,ERR,ERR,ERR,ERR,ERR,ERR,ERR,ERR,ERR,ERR,ERR,ERR,ERR,ERR,ERR,ERR,ERR,ERR,ERR,2.718430741444032e+23,2.7184312818759872e+23,0.0,0.0,0.0,1.3936040501711995e+18,7.805,0.0,0,0,4,0,7116,0.0,100,0.0,0.0,0.0,0.0,0.0,0,0,0,0,0.0,0,0,0,0,0,0,0,0,0,0,0,0,0,0,0,0,0,0,0,0,0,0,0,0,0,0,0,0,0,0,0,0,0,31,40,40,71,65476,0,300,0,0,8,21553,0.0,-107605600.0,0.0,0.0,0.0,0.0,0.0,0.0,0.0,0.0,0.0,0.0,0.0,0.0,0.0,0.0,0.0,0.0,0.0,0.0,0.0,0.0,0.0,-2.004,-2.004,0.0,0.0,0.0,0.0,0.0,6187.0,-0.0,6933.0,2.718430741444032e+23,2.7184312818759872e+23,-0.0,2.718430741444032e+23,0.0,0.0,0.0,0.0,69,-0.0,-3.222020107183197e+26,0.0,0.0,0.0,0.0,0.0,0.0,0.0,0,0,0,0.0,0.0,0.0,0.0,0.0,0.0,0.0,0.0,0.0,0.0,0.0,0.0,0.0,0.0,0.0,0.0,0,-107875648.0,69,0.0,138,0.0,-109447200.0,0,13107,17040,39322,17049,26215,17043,0,0,0,70,68,100,2.7302359370752657e+23,71.2,2.7302370179391762e+23,74.2,2.7302370179391762e+23,74.0,1,49,50,180,13107,0,0,0,0.0,0.0,0.0,0.0,-0.0,67.0,0.0,162057.094,0.0,751,0,740,0,0,0,721,0,768,0,736,0,743,0,742,0,712,0,7520,0.032,108447924224.0,0.0,0.0,784,16797,-0.0,162057.094,-114818.039,-0.0,0.133,6.909358625270745e+28,30.0,65.0,35,0.0,0.0,0.0,0.0,0.0,0.0,0.0,0.0,0.0,0.0,0.0,0.0,0.0,0.0,0.0,0.0,69.2,0,150,71,55,65476,0,300,0,1,8,20529,65476,0,0,40632,65.0,0.0,0.0,0.0,0.0,0.0
2026-09-04T20:07:25,ERR,ERR,ERR,ERR,ERR,ERR,ERR,ERR,ERR,ERR,ERR,ERR,ERR,ERR,ERR,ERR,ERR,ERR,ERR,ERR,ERR,ERR,ERR,ERR,ERR,ERR,ERR,ERR,ERR,ERR,ERR,ERR,ERR,ERR,ERR,ERR,ERR,ERR,ERR,ERR,ERR,ERR,ERR,ERR,ERR,ERR,ERR,ERR,ERR,ERR,ERR,ERR,ERR,ERR,ERR,ERR,ERR,ERR,ERR,ERR,ERR,ERR,ERR,ERR,ERR,ERR,ERR,ERR,ERR,ERR,ERR,ERR,ERR,ERR,ERR,ERR,ERR,ERR,ERR,ERR,ERR,ERR,ERR,ERR,ERR,ERR,ERR,ERR,ERR,ERR,ERR,ERR,ERR,ERR,ERR,ERR,ERR,ERR,ERR,ERR,ERR,ERR,ERR,ERR,ERR,ERR,ERR,ERR,ERR,ERR,ERR,ERR,ERR,ERR,ERR,ERR,ERR,ERR,ERR,ERR,ERR,ERR,ERR,ERR,ERR,2.718430741444032e+23,2.7184312818759872e+23,0.0,0.0,0.0,1.3936040501711995e+18,7.805,0.0,0,0,4,0,7116,0.0,100,0.0,0.0,0.0,0.0,0.0,0,0,0,0,0.0,0,0,0,0,0,0,0,0,0,0,0,0,0,0,0,0,0,0,0,0,0,0,0,0,0,0,0,0,0,0,0,0,0,31,40,40,71,65476,0,300,0,0,8,21553,0.0,-107605600.0,0.0,0.0,0.0,0.0,0.0,0.0,0.0,0.0,0.0,0.0,0.0,0.0,0.0,0.0,0.0,0.0,0.0,0.0,0.0,0.0,0.0,-2.004,-2.004,0.0,0.0,0.0,0.0,0.0,6187.0,-0.0,6933.0,2.718430741444032e+23,2.7184312818759872e+23,-0.0,2.718430741444032e+23,0.0,0.0,0.0,0.0,69,-0.0,-3.222020107183197e+26,0.0,0.0,0.0,0.0,0.0,0.0,0.0,0,0,0,0.0,0.0,0.0,0.0,0.0,0.0,0.0,0.0,0.0,0.0,0.0,0.0,0.0,0.0,0.0,0.0,0,-107875648.0,69,0.0,138,0.0,-109447200.0,0,13107,17040,39322,17049,13107,17043,0,0,0,70,68,100,2.7302359370752657e+23,71.2,2.7302370179391762e+23,74.2,-0.0,74.0,1,49,50,180,13107,0,0,0,0.0,0.0,0.0,0.0,-0.0,67.0,0.0,162057.094,0.0,752,0,740,0,0,0,721,0,768,0,736,0,743,0,742,0,712,0,7520,0.032,107911053312.0,0.0,0.0,784,16797,-0.0,162057.094,-114818.039,-0.0,0.133,6.909358625270745e+28,30.0,65.0,35,0.0,0.0,0.0,0.0,0.0,0.0,0.0,0.0,0.0,0.0,0.0,0.0,0.0,0.0,0.0,0.0,69.2,0,150,71,55,65476,0,300,0,1,8,20529,65476,0,0,40632,65.0,0.0,0.0,0.0,0.0,0.0
2026-09-04T20:07:26,ERR,ERR,ERR,ERR,ERR,ERR,ERR,ERR,ERR,ERR,ERR,ERR,ERR,ERR,ERR,ERR,ERR,ERR,ERR,ERR,ERR,ERR,ERR,ERR,ERR,ERR,ERR,ERR,ERR,ERR,ERR,ERR,ERR,ERR,ERR,ERR,ERR,ERR,ERR,ERR,ERR,ERR,ERR,ERR,ERR,ERR,ERR,ERR,ERR,ERR,ERR,ERR,ERR,ERR,ERR,ERR,ERR,ERR,ERR,ERR,ERR,ERR,ERR,ERR,ERR,ERR,ERR,ERR,ERR,ERR,ERR,ERR,ERR,ERR,ERR,ERR,ERR,ERR,ERR,ERR,ERR,ERR,ERR,ERR,ERR,ERR,ERR,ERR,ERR,ERR,ERR,ERR,ERR,ERR,ERR,ERR,ERR,ERR,ERR,ERR,ERR,ERR,ERR,ERR,ERR,ERR,ERR,ERR,ERR,ERR,ERR,ERR,ERR,ERR,ERR,ERR,ERR,ERR,ERR,ERR,ERR,ERR,ERR,ERR,ERR,2.718430741444032e+23,2.7184312818759872e+23,0.0,0.0,0.0,1.3936040501711995e+18,7.805,0.0,0,0,4,0,7116,0.0,100,0.0,0.0,0.0,0.0,0.0,0,0,0,0,0.0,0,0,0,0,0,0,0,0,0,0,0,0,0,0,0,0,0,0,0,0,0,0,0,0,0,0,0,0,0,0,0,0,0,31,40,40,71,65476,0,300,0,0,8,21553,0.0,-107605600.0,0.0,0.0,0.0,0.0,0.0,0.0,0.0,0.0,0.0,0.0,0.0,0.0,0.0,0.0,0.0,0.0,0.0,0.0,0.0,0.0,0.0,-2.004,-2.004,0.0,0.0,0.0,0.0,0.0,6187.0,-0.0,6933.0,2.718430741444032e+23,2.7184312818759872e+23,-0.0,2.718430741444032e+23,0.0,0.0,0.0,0.0,69,-0.0,-3.222020107183197e+26,0.0,0.0,0.0,0.0,0.0,0.0,0.0,0,0,0,0.0,0.0,0.0,0.0,0.0,0.0,0.0,0.0,0.0,0.0,0.0,0.0,0.0,0.0,0.0,0.0,0,-107875648.0,69,0.0,138,0.0,-109447200.0,0,13107,17040,39322,17049,13107,17043,0,0,0,70,68,100,2.7302359370752657e+23,71.2,2.7302370179391762e+23,74.2,-0.0,74.0,1,49,50,180,13107,0,0,0,0.0,0.0,0.0,0.0,-0.0,67.0,0.0,162057.094,0.0,752,0,740,0,0,0,721,0,768,0,736,0,743,0,742,0,712,0,7520,0.032,107911053312.0,0.0,0.0,784,16797,-0.0,162057.094,-114818.039,-0.0,0.133,6.909358625270745e+28,30.0,65.0,35,0.0,0.0,0.0,0.0,0.0,0.0,0.0,0.0,0.0,0.0,0.0,0.0,0.0,0.0,0.0,0.0,69.2,0,150,71,55,65476,0,300,0,1,8,20529,65476,0,0,40632,65.0,0.0,0.0,0.0,0.0,0.0
2026-09-04T20:07:27,ERR,ERR,ERR,ERR,ERR,ERR,ERR,ERR,ERR,ERR,ERR,ERR,ERR,ERR,ERR,ERR,ERR,ERR,ERR,ERR,ERR,ERR,ERR,ERR,ERR,ERR,ERR,ERR,ERR,ERR,ERR,ERR,ERR,ERR,ERR,ERR,ERR,ERR,ERR,ERR,ERR,ERR,ERR,ERR,ERR,ERR,ERR,ERR,ERR,ERR,ERR,ERR,ERR,ERR,ERR,ERR,ERR,ERR,ERR,ERR,ERR,ERR,ERR,ERR,ERR,ERR,ERR,ERR,ERR,ERR,ERR,ERR,ERR,ERR,ERR,ERR,ERR,ERR,ERR,ERR,ERR,ERR,ERR,ERR,ERR,ERR,ERR,ERR,ERR,ERR,ERR,ERR,ERR,ERR,ERR,ERR,ERR,ERR,ERR,ERR,ERR,ERR,ERR,ERR,ERR,ERR,ERR,ERR,ERR,ERR,ERR,ERR,ERR,ERR,ERR,ERR,ERR,ERR,ERR,ERR,ERR,ERR,ERR,ERR,ERR,2.718430741444032e+23,2.7184312818759872e+23,0.0,0.0,0.0,1.3936040501711995e+18,7.805,0.0,0,0,4,0,7116,0.0,100,0.0,0.0,0.0,0.0,0.0,0,0,0,0,0.0,0,0,0,0,0,0,0,0,0,0,0,0,0,0,0,0,0,0,0,0,0,0,0,0,0,0,0,0,0,0,0,0,0,31,40,40,71,65476,0,300,0,0,8,21553,0.0,-107605600.0,0.0,0.0,0.0,0.0,0.0,0.0,0.0,0.0,0.0,0.0,0.0,0.0,0.0,0.0,0.0,0.0,0.0,0.0,0.0,0.0,0.0,-2.004,-2.004,0.0,0.0,0.0,0.0,0.0,6192.0,-1.0406699612351174e+34,6943.0,2.718430741444032e+23,2.7184312818759872e+23,-0.0,2.718430741444032e+23,0.0,0.0,0.0,0.0,69,-0.0,89220.938,0.0,0.0,0.0,0.0,0.0,0.0,0.0,0,0,0,0.0,0.0,0.0,0.0,0.0,0.0,0.0,0.0,0.0,0.0,0.0,0.0,0.0,0.0,0.0,0.0,0,-107875648.0,69,0.0,138,0.0,-109447200.0,0,13107,17040,39322,17049,13107,17043,0,0,0,70,68,100,2.7302359370752657e+23,71.2,2.7302370179391762e+23,74.2,-0.0,74.0,1,49,50,180,13107,0,0,0,0.0,0.0,0.0,0.0,-0.0,67.0,0.0,162057.094,0.0,752,0,740,0,0,0,721,0,768,0,736,0,743,0,742,0,712,0,7520,0.032,107911053312.0,0.0,0.0,784,16797,-0.0,162057.094,-114818.039,-0.0,0.133,6.909358625270745e+28,30.0,65.0,35,0.0,0.0,0.0,0.0,0.0,0.0,0.0,0.0,0.0,0.0,0.0,0.0,0.0,0.0,0.0,0.0,69.2,0,150,71,55,65476,0,300,0,1,8,20529,65476,0,0,40632,65.0,0.0,0.0,0.0,0.0,0.0
2026-09-04T20:07:28,ERR,ERR,ERR,ERR,ERR,ERR,ERR,ERR,ERR,ERR,ERR,ERR,ERR,ERR,ERR,ERR,ERR,ERR,ERR,ERR,ERR,ERR,ERR,ERR,ERR,ERR,ERR,ERR,ERR,ERR,ERR,ERR,ERR,ERR,ERR,ERR,ERR,ERR,ERR,ERR,ERR,ERR,ERR,ERR,ERR,ERR,ERR,ERR,ERR,ERR,ERR,ERR,ERR,ERR,ERR,ERR,ERR,ERR,ERR,ERR,ERR,ERR,ERR,ERR,ERR,ERR,ERR,ERR,ERR,ERR,ERR,ERR,ERR,ERR,ERR,ERR,ERR,ERR,ERR,ERR,ERR,ERR,ERR,ERR,ERR,ERR,ERR,ERR,ERR,ERR,ERR,ERR,ERR,ERR,ERR,ERR,ERR,ERR,ERR,ERR,ERR,ERR,ERR,ERR,ERR,ERR,ERR,ERR,ERR,ERR,ERR,ERR,ERR,ERR,ERR,ERR,ERR,ERR,ERR,ERR,ERR,ERR,ERR,ERR,ERR,2.718430741444032e+23,2.7184312818759872e+23,0.0,0.0,0.0,1.3936040501711995e+18,7.805,0.0,0,0,4,0,7116,0.0,100,0.0,0.0,0.0,0.0,0.0,0,0,0,0,0.0,0,0,0,0,0,0,0,0,0,0,0,0,0,0,0,0,0,0,0,0,0,0,0,0,0,0,0,0,0,0,0,0,0,31,40,40,71,65476,0,300,0,0,8,21553,0.0,-107605600.0,0.0,0.0,0.0,0.0,0.0,0.0,0.0,0.0,0.0,0.0,0.0,0.0,0.0,0.0,0.0,0.0,0.0,0.0,0.0,0.0,0.0,-2.004,-2.004,0.0,0.0,0.0,0.0,0.0,6192.0,-1.0406699612351174e+34,6943.0,2.718430741444032e+23,2.7184312818759872e+23,-0.0,2.718430741444032e+23,0.0,0.0,0.0,0.0,69,-0.0,89220.938,0.0,0.0,0.0,0.0,0.0,0.0,0.0,0,0,0,0.0,0.0,0.0,0.0,0.0,0.0,0.0,0.0,0.0,0.0,0.0,0.0,0.0,0.0,0.0,0.0,0,-107875648.0,69,0.0,138,0.0,-109447200.0,0,13107,17040,39322,17049,13107,17043,0,0,0,70,68,100,2.7302359370752657e+23,71.2,2.7302370179391762e+23,74.2,-0.0,74.0,1,49,50,180,13107,0,0,0,0.0,0.0,0.0,0.0,-0.0,67.0,0.0,162057.094,0.0,752,0,740,0,0,0,721,0,768,0,736,0,743,0,742,0,712,0,7520,0.032,107911053312.0,0.0,0.0,784,16797,-0.0,162057.094,-114818.039,-0.0,0.133,6.909358625270745e+28,30.0,65.0,35,0.0,0.0,0.0,0.0,0.0,0.0,0.0,0.0,0.0,0.0,0.0,0.0,0.0,0.0,0.0,0.0,69.2,0,150,71,55,65476,0,300,0,1,8,20529,65476,0,0,40632,65.0,0.0,0.0,0.0,0.0,0.0
2026-09-04T20:07:29,ERR,ERR,ERR,ERR,ERR,ERR,ERR,ERR,ERR,ERR,ERR,ERR,ERR,ERR,ERR,ERR,ERR,ERR,ERR,ERR,ERR,ERR,ERR,ERR,ERR,ERR,ERR,ERR,ERR,ERR,ERR,ERR,ERR,ERR,ERR,ERR,ERR,ERR,ERR,ERR,ERR,ERR,ERR,ERR,ERR,ERR,ERR,ERR,ERR,ERR,ERR,ERR,ERR,ERR,ERR,ERR,ERR,ERR,ERR,ERR,ERR,ERR,ERR,ERR,ERR,ERR,ERR,ERR,ERR,ERR,ERR,ERR,ERR,ERR,ERR,ERR,ERR,ERR,ERR,ERR,ERR,ERR,ERR,ERR,ERR,ERR,ERR,ERR,ERR,ERR,ERR,ERR,ERR,ERR,ERR,ERR,ERR,ERR,ERR,ERR,ERR,ERR,ERR,ERR,ERR,ERR,ERR,ERR,ERR,ERR,ERR,ERR,ERR,ERR,ERR,ERR,ERR,ERR,ERR,ERR,ERR,ERR,ERR,ERR,ERR,2.718430741444032e+23,2.7184312818759872e+23,0.0,0.0,0.0,1.3936040501711995e+18,7.805,0.0,0,0,4,0,7116,0.0,100,0.0,0.0,0.0,0.0,0.0,0,0,0,0,0.0,0,0,0,0,0,0,0,0,0,0,0,0,0,0,0,0,0,0,0,0,0,0,0,0,0,0,0,0,0,0,0,0,0,31,40,40,71,65476,0,300,0,0,8,21553,0.0,-107605600.0,0.0,0.0,0.0,0.0,0.0,0.0,0.0,0.0,0.0,0.0,0.0,0.0,0.0,0.0,0.0,0.0,0.0,0.0,0.0,0.0,0.0,-2.004,-2.004,0.0,0.0,0.0,0.0,0.0,6192.0,-1.0406699612351174e+34,6943.0,2.718430741444032e+23,2.7184312818759872e+23,-0.0,2.718430741444032e+23,0.0,0.0,0.0,0.0,69,-0.0,89220.938,0.0,0.0,0.0,0.0,0.0,0.0,0.0,0,0,0,0.0,0.0,0.0,0.0,0.0,0.0,0.0,0.0,0.0,0.0,0.0,0.0,0.0,0.0,0.0,0.0,0,-107875648.0,69,0.0,138,0.0,-109447200.0,0,13107,17040,39322,17049,13107,17043,0,0,0,70,68,100,2.7302359370752657e+23,71.2,2.7302370179391762e+23,74.2,-0.0,74.0,1,49,50,180,13107,0,0,0,0.0,0.0,0.0,0.0,-0.0,67.0,0.0,162057.094,0.0,752,0,740,0,0,0,721,0,768,0,736,0,743,0,742,0,712,0,7520,0.032,107911053312.0,0.0,0.0,784,16797,-0.0,162057.094,-114818.039,-0.0,0.133,6.909358625270745e+28,30.0,65.0,35,0.0,0.0,0.0,0.0,0.0,0.0,0.0,0.0,0.0,0.0,0.0,0.0,0.0,0.0,0.0,0.0,69.2,0,150,71,55,65476,0,300,0,1,8,20529,65476,0,0,40632,65.0,0.0,0.0,0.0,0.0,0.0
2026-09-04T20:07:30,ERR,ERR,ERR,ERR,ERR,ERR,ERR,ERR,ERR,ERR,ERR,ERR,ERR,ERR,ERR,ERR,ERR,ERR,ERR,ERR,ERR,ERR,ERR,ERR,ERR,ERR,ERR,ERR,ERR,ERR,ERR,ERR,ERR,ERR,ERR,ERR,ERR,ERR,ERR,ERR,ERR,ERR,ERR,ERR,ERR,ERR,ERR,ERR,ERR,ERR,ERR,ERR,ERR,ERR,ERR,ERR,ERR,ERR,ERR,ERR,ERR,ERR,ERR,ERR,ERR,ERR,ERR,ERR,ERR,ERR,ERR,ERR,ERR,ERR,ERR,ERR,ERR,ERR,ERR,ERR,ERR,ERR,ERR,ERR,ERR,ERR,ERR,ERR,ERR,ERR,ERR,ERR,ERR,ERR,ERR,ERR,ERR,ERR,ERR,ERR,ERR,ERR,ERR,ERR,ERR,ERR,ERR,ERR,ERR,ERR,ERR,ERR,ERR,ERR,ERR,ERR,ERR,ERR,ERR,ERR,ERR,ERR,ERR,ERR,ERR,2.718430741444032e+23,2.7184312818759872e+23,0.0,0.0,0.0,1.3936040501711995e+18,7.805,0.0,0,0,4,0,7116,0.0,100,0.0,0.0,0.0,0.0,0.0,0,0,0,0,0.0,0,0,0,0,0,0,0,0,0,0,0,0,0,0,0,0,0,0,0,0,0,0,0,0,0,0,0,0,0,0,0,0,0,31,40,40,71,65476,0,300,0,0,8,21553,0.0,-107605600.0,0.0,0.0,0.0,0.0,0.0,0.0,0.0,0.0,0.0,0.0,0.0,0.0,0.0,0.0,0.0,0.0,0.0,0.0,0.0,0.0,0.0,-2.004,-2.004,0.0,0.0,0.0,0.0,0.0,6192.0,-1.0406699612351174e+34,6943.0,2.718430741444032e+23,2.7184312818759872e+23,-0.0,2.718430741444032e+23,0.0,0.0,0.0,0.0,69,-0.0,89220.938,0.0,0.0,0.0,0.0,0.0,0.0,0.0,0,0,0,0.0,0.0,0.0,0.0,0.0,0.0,0.0,0.0,0.0,0.0,0.0,0.0,0.0,0.0,0.0,0.0,0,-107875648.0,69,0.0,138,0.0,-109447200.0,0,13107,17040,39322,17049,13107,17043,0,0,0,70,68,100,2.7302359370752657e+23,71.2,2.7302370179391762e+23,74.2,-0.0,74.0,1,49,50,180,13107,0,0,0,0.0,0.0,0.0,0.0,-0.0,67.0,0.0,162057.094,0.0,752,0,740,0,0,0,721,0,768,0,736,0,743,0,742,0,712,0,7520,0.032,107911053312.0,0.0,0.0,784,16797,-0.0,162057.094,-114818.039,-0.0,0.133,6.909358625270745e+28,30.0,65.0,35,0.0,0.0,0.0,0.0,0.0,0.0,0.0,0.0,0.0,0.0,0.0,0.0,0.0,0.0,0.0,0.0,69.2,0,150,71,55,65476,0,300,0,1,8,20529,65476,0,0,40632,65.0,0.0,0.0,0.0,0.0,0.0
2026-09-04T20:07:31,ERR,ERR,ERR,ERR,ERR,ERR,ERR,ERR,ERR,ERR,ERR,ERR,ERR,ERR,ERR,ERR,ERR,ERR,ERR,ERR,ERR,ERR,ERR,ERR,ERR,ERR,ERR,ERR,ERR,ERR,ERR,ERR,ERR,ERR,ERR,ERR,ERR,ERR,ERR,ERR,ERR,ERR,ERR,ERR,ERR,ERR,ERR,ERR,ERR,ERR,ERR,ERR,ERR,ERR,ERR,ERR,ERR,ERR,ERR,ERR,ERR,ERR,ERR,ERR,ERR,ERR,ERR,ERR,ERR,ERR,ERR,ERR,ERR,ERR,ERR,ERR,ERR,ERR,ERR,ERR,ERR,ERR,ERR,ERR,ERR,ERR,ERR,ERR,ERR,ERR,ERR,ERR,ERR,ERR,ERR,ERR,ERR,ERR,ERR,ERR,ERR,ERR,ERR,ERR,ERR,ERR,ERR,ERR,ERR,ERR,ERR,ERR,ERR,ERR,ERR,ERR,ERR,ERR,ERR,ERR,ERR,ERR,ERR,ERR,ERR,2.718430741444032e+23,2.7184312818759872e+23,0.0,0.0,0.0,1.3936040501711995e+18,7.805,0.0,0,0,4,0,7116,0.0,100,0.0,0.0,0.0,0.0,0.0,0,0,0,0,0.0,0,0,0,0,0,0,0,0,0,0,0,0,0,0,0,0,0,0,0,0,0,0,0,0,0,0,0,0,0,0,0,0,0,31,40,40,71,65476,0,300,0,0,8,21553,0.0,-107605600.0,0.0,0.0,0.0,0.0,0.0,0.0,0.0,0.0,0.0,0.0,0.0,0.0,0.0,0.0,0.0,0.0,0.0,0.0,0.0,0.0,0.0,-2.004,-2.004,0.0,0.0,0.0,0.0,0.0,6192.0,-1.0406699612351174e+34,6943.0,2.718430741444032e+23,2.7184312818759872e+23,-0.0,2.718430741444032e+23,0.0,0.0,0.0,0.0,69,-0.0,89220.938,0.0,0.0,0.0,0.0,0.0,0.0,0.0,0,0,0,0.0,0.0,0.0,0.0,0.0,0.0,0.0,0.0,0.0,0.0,0.0,0.0,0.0,0.0,0.0,0.0,0,-107875648.0,69,0.0,138,0.0,-109447200.0,0,13107,17040,39322,17049,13107,17043,0,0,0,70,68,100,2.7302359370752657e+23,71.2,2.7302370179391762e+23,74.3,-0.0,74.0,1,49,50,180,13107,0,0,0,0.0,0.0,0.0,0.0,-0.0,67.0,0.0,162057.094,0.0,751,0,740,0,0,0,721,0,768,0,736,0,743,0,742,0,712,0,7520,0.032,108447924224.0,0.0,0.0,784,16797,-0.0,162057.094,-114818.039,-0.0,0.133,6.909358625270745e+28,30.0,65.0,35,0.0,0.0,0.0,0.0,0.0,0.0,0.0,0.0,0.0,0.0,0.0,0.0,0.0,0.0,0.0,0.0,69.2,0,150,71,55,65476,0,300,0,1,8,20529,65476,0,0,40632,65.0,0.0,0.0,0.0,0.0,0.0
2026-09-04T20:07:32,ERR,ERR,ERR,ERR,ERR,ERR,ERR,ERR,ERR,ERR,ERR,ERR,ERR,ERR,ERR,ERR,ERR,ERR,ERR,ERR,ERR,ERR,ERR,ERR,ERR,ERR,ERR,ERR,ERR,ERR,ERR,ERR,ERR,ERR,ERR,ERR,ERR,ERR,ERR,ERR,ERR,ERR,ERR,ERR,ERR,ERR,ERR,ERR,ERR,ERR,ERR,ERR,ERR,ERR,ERR,ERR,ERR,ERR,ERR,ERR,ERR,ERR,ERR,ERR,ERR,ERR,ERR,ERR,ERR,ERR,ERR,ERR,ERR,ERR,ERR,ERR,ERR,ERR,ERR,ERR,ERR,ERR,ERR,ERR,ERR,ERR,ERR,ERR,ERR,ERR,ERR,ERR,ERR,ERR,ERR,ERR,ERR,ERR,ERR,ERR,ERR,ERR,ERR,ERR,ERR,ERR,ERR,ERR,ERR,ERR,ERR,ERR,ERR,ERR,ERR,ERR,ERR,ERR,ERR,ERR,ERR,ERR,ERR,ERR,ERR,2.718430741444032e+23,2.7184312818759872e+23,0.0,0.0,0.0,1.3936040501711995e+18,7.805,0.0,0,0,4,0,7116,0.0,100,0.0,0.0,0.0,0.0,0.0,0,0,0,0,0.0,0,0,0,0,0,0,0,0,0,0,0,0,0,0,0,0,0,0,0,0,0,0,0,0,0,0,0,0,0,0,0,0,0,31,40,40,71,65476,0,300,0,0,8,21553,0.0,-107605600.0,0.0,0.0,0.0,0.0,0.0,0.0,0.0,0.0,0.0,0.0,0.0,0.0,0.0,0.0,0.0,0.0,0.0,0.0,0.0,0.0,0.0,-2.004,-2.004,0.0,0.0,0.0,0.0,0.0,6192.0,-1.0406699612351174e+34,6943.0,2.718430741444032e+23,2.7184312818759872e+23,-0.0,2.718430741444032e+23,0.0,0.0,0.0,0.0,69,-0.0,89220.938,0.0,0.0,0.0,0.0,0.0,0.0,0.0,0,0,0,0.0,0.0,0.0,0.0,0.0,0.0,0.0,0.0,0.0,0.0,0.0,0.0,0.0,0.0,0.0,0.0,0,-107875648.0,69,0.0,138,0.0,-109447200.0,0,13107,17040,39322,17049,13107,17043,0,0,0,70,68,100,2.7302359370752657e+23,71.2,2.7302370179391762e+23,74.3,-0.0,74.0,1,49,50,180,13107,0,0,0,0.0,0.0,0.0,0.0,-0.0,67.0,0.0,162057.094,0.0,751,0,740,0,0,0,721,0,768,0,736,0,743,0,742,0,712,0,7520,0.032,108447924224.0,0.0,0.0,784,16797,-0.0,162057.094,-114818.039,-0.0,0.133,6.909358625270745e+28,30.0,65.0,35,0.0,0.0,0.0,0.0,0.0,0.0,0.0,0.0,0.0,0.0,0.0,0.0,0.0,0.0,0.0,0.0,69.2,0,150,71,55,65476,0,300,0,1,8,20529,65476,0,0,40632,65.0,0.0,0.0,0.0,0.0,0.0
2026-09-04T20:07:33,ERR,ERR,ERR,ERR,ERR,ERR,ERR,ERR,ERR,ERR,ERR,ERR,ERR,ERR,ERR,ERR,ERR,ERR,ERR,ERR,ERR,ERR,ERR,ERR,ERR,ERR,ERR,ERR,ERR,ERR,ERR,ERR,ERR,ERR,ERR,ERR,ERR,ERR,ERR,ERR,ERR,ERR,ERR,ERR,ERR,ERR,ERR,ERR,ERR,ERR,ERR,ERR,ERR,ERR,ERR,ERR,ERR,ERR,ERR,ERR,ERR,ERR,ERR,ERR,ERR,ERR,ERR,ERR,ERR,ERR,ERR,ERR,ERR,ERR,ERR,ERR,ERR,ERR,ERR,ERR,ERR,ERR,ERR,ERR,ERR,ERR,ERR,ERR,ERR,ERR,ERR,ERR,ERR,ERR,ERR,ERR,ERR,ERR,ERR,ERR,ERR,ERR,ERR,ERR,ERR,ERR,ERR,ERR,ERR,ERR,ERR,ERR,ERR,ERR,ERR,ERR,ERR,ERR,ERR,ERR,ERR,ERR,ERR,ERR,ERR,2.718430741444032e+23,2.7184312818759872e+23,0.0,0.0,0.0,1.3936040501711995e+18,7.805,0.0,0,0,4,0,7116,0.0,100,0.0,0.0,0.0,0.0,0.0,0,0,0,0,0.0,0,0,0,0,0,0,0,0,0,0,0,0,0,0,0,0,0,0,0,0,0,0,0,0,0,0,0,0,0,0,0,0,0,31,40,40,71,65476,0,300,0,0,8,21553,0.0,-107605600.0,0.0,0.0,0.0,0.0,0.0,0.0,0.0,0.0,0.0,0.0,0.0,0.0,0.0,0.0,0.0,0.0,0.0,0.0,0.0,0.0,0.0,-2.004,-2.004,0.0,0.0,0.0,0.0,0.0,6192.0,-1.0406699612351174e+34,6943.0,2.718430741444032e+23,2.7184312818759872e+23,-0.0,2.718430741444032e+23,0.0,0.0,0.0,0.0,69,-0.0,89220.938,0.0,0.0,0.0,0.0,0.0,0.0,0.0,0,0,0,0.0,0.0,0.0,0.0,0.0,0.0,0.0,0.0,0.0,0.0,0.0,0.0,0.0,0.0,0.0,0.0,0,-107875648.0,69,0.0,138,0.0,-109447200.0,0,13107,17040,39322,17049,13107,17043,0,0,0,70,68,100,2.7302359370752657e+23,71.2,2.7302370179391762e+23,74.3,-0.0,74.0,1,49,50,180,13107,0,0,0,0.0,0.0,0.0,0.0,-0.0,67.0,0.0,162057.094,0.0,751,0,740,0,0,0,721,0,768,0,736,0,743,0,742,0,712,0,7520,0.032,108447924224.0,0.0,0.0,784,16797,-0.0,162057.094,-114818.039,-0.0,0.133,6.909358625270745e+28,30.0,65.0,35,0.0,0.0,0.0,0.0,0.0,0.0,0.0,0.0,0.0,0.0,0.0,0.0,0.0,0.0,0.0,0.0,69.2,0,150,71,55,65476,0,300,0,1,8,20529,65476,0,0,40632,65.0,0.0,0.0,0.0,0.0,0.0
2026-09-04T20:07:34,ERR,ERR,ERR,ERR,ERR,ERR,ERR,ERR,ERR,ERR,ERR,ERR,ERR,ERR,ERR,ERR,ERR,ERR,ERR,ERR,ERR,ERR,ERR,ERR,ERR,ERR,ERR,ERR,ERR,ERR,ERR,ERR,ERR,ERR,ERR,ERR,ERR,ERR,ERR,ERR,ERR,ERR,ERR,ERR,ERR,ERR,ERR,ERR,ERR,ERR,ERR,ERR,ERR,ERR,ERR,ERR,ERR,ERR,ERR,ERR,ERR,ERR,ERR,ERR,ERR,ERR,ERR,ERR,ERR,ERR,ERR,ERR,ERR,ERR,ERR,ERR,ERR,ERR,ERR,ERR,ERR,ERR,ERR,ERR,ERR,ERR,ERR,ERR,ERR,ERR,ERR,ERR,ERR,ERR,ERR,ERR,ERR,ERR,ERR,ERR,ERR,ERR,ERR,ERR,ERR,ERR,ERR,ERR,ERR,ERR,ERR,ERR,ERR,ERR,ERR,ERR,ERR,ERR,ERR,ERR,ERR,ERR,ERR,ERR,ERR,2.718430741444032e+23,2.7184312818759872e+23,0.0,0.0,0.0,1.3936040501711995e+18,7.805,0.0,0,0,4,0,7116,0.0,100,0.0,0.0,0.0,0.0,0.0,0,0,0,0,0.0,0,0,0,0,0,0,0,0,0,0,0,0,0,0,0,0,0,0,0,0,0,0,0,0,0,0,0,0,0,0,0,0,0,31,40,40,71,65476,0,300,0,0,8,21553,0.0,-107605600.0,0.0,0.0,0.0,0.0,0.0,0.0,0.0,0.0,0.0,0.0,0.0,0.0,0.0,0.0,0.0,0.0,0.0,0.0,0.0,0.0,0.0,-2.004,-2.004,0.0,0.0,0.0,0.0,0.0,6192.0,-1.0406699612351174e+34,6943.0,2.718430741444032e+23,2.7184312818759872e+23,-0.0,2.718430741444032e+23,0.0,0.0,0.0,0.0,69,-0.0,89220.938,0.0,0.0,0.0,0.0,0.0,0.0,0.0,0,0,0,0.0,0.0,0.0,0.0,0.0,0.0,0.0,0.0,0.0,0.0,0.0,0.0,0.0,0.0,0.0,0.0,0,-107875648.0,69,0.0,138,0.0,-109447200.0,0,13107,17040,39322,17049,13107,17043,0,0,0,70,68,100,2.7302359370752657e+23,71.2,2.7302370179391762e+23,74.3,-0.0,74.0,1,49,50,180,13107,0,0,0,0.0,0.0,0.0,0.0,-0.0,67.0,0.0,162057.094,0.0,751,0,740,0,0,0,721,0,768,0,736,0,743,0,742,0,712,0,7520,0.032,108447924224.0,0.0,0.0,784,16797,-0.0,162057.094,-114818.039,-0.0,0.133,6.909358625270745e+28,30.0,65.0,35,0.0,0.0,0.0,0.0,0.0,0.0,0.0,0.0,0.0,0.0,0.0,0.0,0.0,0.0,0.0,0.0,69.2,0,150,71,55,65476,0,300,0,1,8,20529,65476,0,0,40632,65.0,0.0,0.0,0.0,0.0,0.0
2026-09-04T20:07:35,ERR,ERR,ERR,ERR,ERR,ERR,ERR,ERR,ERR,ERR,ERR,ERR,ERR,ERR,ERR,ERR,ERR,ERR,ERR,ERR,ERR,ERR,ERR,ERR,ERR,ERR,ERR,ERR,ERR,ERR,ERR,ERR,ERR,ERR,ERR,ERR,ERR,ERR,ERR,ERR,ERR,ERR,ERR,ERR,ERR,ERR,ERR,ERR,ERR,ERR,ERR,ERR,ERR,ERR,ERR,ERR,ERR,ERR,ERR,ERR,ERR,ERR,ERR,ERR,ERR,ERR,ERR,ERR,ERR,ERR,ERR,ERR,ERR,ERR,ERR,ERR,ERR,ERR,ERR,ERR,ERR,ERR,ERR,ERR,ERR,ERR,ERR,ERR,ERR,ERR,ERR,ERR,ERR,ERR,ERR,ERR,ERR,ERR,ERR,ERR,ERR,ERR,ERR,ERR,ERR,ERR,ERR,ERR,ERR,ERR,ERR,ERR,ERR,ERR,ERR,ERR,ERR,ERR,ERR,ERR,ERR,ERR,ERR,ERR,ERR,2.718430741444032e+23,2.7184312818759872e+23,0.0,0.0,0.0,1.3936040501711995e+18,7.805,0.0,0,0,4,0,7116,0.0,100,0.0,0.0,0.0,0.0,0.0,0,0,0,0,0.0,0,0,0,0,0,0,0,0,0,0,0,0,0,0,0,0,0,0,0,0,0,0,0,0,0,0,0,0,0,0,0,0,0,31,40,40,71,65476,0,300,0,0,8,21553,0.0,-107605600.0,0.0,0.0,0.0,0.0,0.0,0.0,0.0,0.0,0.0,0.0,0.0,0.0,0.0,0.0,0.0,0.0,0.0,0.0,0.0,0.0,0.0,-2.004,-2.004,0.0,0.0,0.0,0.0,0.0,6217.0,-8608221184.0,6938.0,2.718430741444032e+23,2.7184312818759872e+23,-0.0,2.718430741444032e+23,0.0,0.0,0.0,0.0,69,-0.0,1.905694340903076e+17,0.0,0.0,0.0,0.0,0.0,0.0,0.0,0,0,0,0.0,0.0,0.0,0.0,0.0,0.0,0.0,0.0,0.0,0.0,0.0,0.0,0.0,0.0,0.0,0.0,0,-107875648.0,69,0.0,138,0.0,-109447200.0,0,13107,17040,39322,17049,13107,17043,0,0,0,70,68,100,2.7302359370752657e+23,71.2,2.7302370179391762e+23,74.3,-0.0,74.0,1,49,50,180,13107,0,0,0,0.0,0.0,0.0,0.0,-0.0,67.0,0.0,162057.094,0.0,751,0,740,0,0,0,721,0,768,0,736,0,743,0,742,0,712,0,7520,0.032,108447924224.0,0.0,0.0,784,16797,-0.0,162057.094,-114818.039,-0.0,0.133,6.909358625270745e+28,30.0,65.0,35,0.0,0.0,0.0,0.0,0.0,0.0,0.0,0.0,0.0,0.0,0.0,0.0,0.0,0.0,0.0,0.0,69.2,0,150,71,55,65476,0,300,0,1,8,20529,65476,0,0,40632,65.0,0.0,0.0,0.0,0.0,0.0
2026-09-04T20:07:36,ERR,ERR,ERR,ERR,ERR,ERR,ERR,ERR,ERR,ERR,ERR,ERR,ERR,ERR,ERR,ERR,ERR,ERR,ERR,ERR,ERR,ERR,ERR,ERR,ERR,ERR,ERR,ERR,ERR,ERR,ERR,ERR,ERR,ERR,ERR,ERR,ERR,ERR,ERR,ERR,ERR,ERR,ERR,ERR,ERR,ERR,ERR,ERR,ERR,ERR,ERR,ERR,ERR,ERR,ERR,ERR,ERR,ERR,ERR,ERR,ERR,ERR,ERR,ERR,ERR,ERR,ERR,ERR,ERR,ERR,ERR,ERR,ERR,ERR,ERR,ERR,ERR,ERR,ERR,ERR,ERR,ERR,ERR,ERR,ERR,ERR,ERR,ERR,ERR,ERR,ERR,ERR,ERR,ERR,ERR,ERR,ERR,ERR,ERR,ERR,ERR,ERR,ERR,ERR,ERR,ERR,ERR,ERR,ERR,ERR,ERR,ERR,ERR,ERR,ERR,ERR,ERR,ERR,ERR,ERR,ERR,ERR,ERR,ERR,ERR,2.718430741444032e+23,2.7184312818759872e+23,0.0,0.0,0.0,1.3936040501711995e+18,7.805,0.0,0,0,4,0,7116,0.0,100,0.0,0.0,0.0,0.0,0.0,0,0,0,0,0.0,0,0,0,0,0,0,0,0,0,0,0,0,0,0,0,0,0,0,0,0,0,0,0,0,0,0,0,0,0,0,0,0,0,31,40,40,71,65476,0,300,0,0,8,21553,0.0,-107605600.0,0.0,0.0,0.0,0.0,0.0,0.0,0.0,0.0,0.0,0.0,0.0,0.0,0.0,0.0,0.0,0.0,0.0,0.0,0.0,0.0,0.0,-2.004,-2.004,0.0,0.0,0.0,0.0,0.0,6217.0,-8608221184.0,6938.0,2.718430741444032e+23,2.7184312818759872e+23,-0.0,2.718430741444032e+23,0.0,0.0,0.0,0.0,69,-0.0,1.905694340903076e+17,0.0,0.0,0.0,0.0,0.0,0.0,0.0,0,0,0,0.0,0.0,0.0,0.0,0.0,0.0,0.0,0.0,0.0,0.0,0.0,0.0,0.0,0.0,0.0,0.0,0,-107875648.0,69,0.0,138,0.0,-109447200.0,0,13107,17040,39322,17049,13107,17043,0,0,0,70,68,100,2.7302359370752657e+23,71.2,2.7302370179391762e+23,74.3,2.7302370179391762e+23,74.0,1,49,50,180,13107,0,0,0,0.0,0.0,0.0,0.0,-0.0,67.0,0.0,162057.094,0.0,751,0,740,0,0,0,721,0,768,0,736,0,743,0,742,0,712,0,7520,0.032,108447924224.0,0.0,0.0,784,16797,-0.0,162057.094,-114818.039,-0.0,0.133,6.909358625270745e+28,30.0,65.0,35,0.0,0.0,0.0,0.0,0.0,0.0,0.0,0.0,0.0,0.0,0.0,0.0,0.0,0.0,0.0,0.0,69.2,0,150,71,55,65476,0,300,0,1,8,20529,65476,0,0,40632,65.0,0.0,0.0,0.0,0.0,0.0
2026-09-04T20:07:37,ERR,ERR,ERR,ERR,ERR,ERR,ERR,ERR,ERR,ERR,ERR,ERR,ERR,ERR,ERR,ERR,ERR,ERR,ERR,ERR,ERR,ERR,ERR,ERR,ERR,ERR,ERR,ERR,ERR,ERR,ERR,ERR,ERR,ERR,ERR,ERR,ERR,ERR,ERR,ERR,ERR,ERR,ERR,ERR,ERR,ERR,ERR,ERR,ERR,ERR,ERR,ERR,ERR,ERR,ERR,ERR,ERR,ERR,ERR,ERR,ERR,ERR,ERR,ERR,ERR,ERR,ERR,ERR,ERR,ERR,ERR,ERR,ERR,ERR,ERR,ERR,ERR,ERR,ERR,ERR,ERR,ERR,ERR,ERR,ERR,ERR,ERR,ERR,ERR,ERR,ERR,ERR,ERR,ERR,ERR,ERR,ERR,ERR,ERR,ERR,ERR,ERR,ERR,ERR,ERR,ERR,ERR,ERR,ERR,ERR,ERR,ERR,ERR,ERR,ERR,ERR,ERR,ERR,ERR,ERR,ERR,ERR,ERR,ERR,ERR,2.718430741444032e+23,2.7184312818759872e+23,0.0,0.0,0.0,1.3936040501711995e+18,7.805,0.0,0,0,4,0,7116,0.0,100,0.0,0.0,0.0,0.0,0.0,0,0,0,0,0.0,0,0,0,0,0,0,0,0,0,0,0,0,0,0,0,0,0,0,0,0,0,0,0,0,0,0,0,0,0,0,0,0,0,31,40,40,71,65476,0,300,0,0,8,21553,0.0,-107605600.0,0.0,0.0,0.0,0.0,0.0,0.0,0.0,0.0,0.0,0.0,0.0,0.0,0.0,0.0,0.0,0.0,0.0,0.0,0.0,0.0,0.0,-2.004,-2.004,0.0,0.0,0.0,0.0,0.0,6217.0,-8608221184.0,6938.0,2.718430741444032e+23,2.7184312818759872e+23,-0.0,2.718430741444032e+23,0.0,0.0,0.0,0.0,69,-0.0,1.905694340903076e+17,0.0,0.0,0.0,0.0,0.0,0.0,0.0,0,0,0,0.0,0.0,0.0,0.0,0.0,0.0,0.0,0.0,0.0,0.0,0.0,0.0,0.0,0.0,0.0,0.0,0,-107875648.0,69,0.0,138,0.0,-109447200.0,0,13107,17040,39322,17049,13107,17043,0,0,0,70,68,100,2.7302359370752657e+23,71.2,2.7302370179391762e+23,74.3,2.7302370179391762e+23,74.0,1,49,50,180,13107,0,0,0,0.0,0.0,0.0,0.0,-0.0,67.0,0.0,162057.094,0.0,751,0,740,0,0,0,721,0,768,0,736,0,743,0,742,0,712,0,7520,0.032,108447924224.0,0.0,0.0,784,16797,-0.0,162057.094,-114818.039,-0.0,0.133,6.909358625270745e+28,30.0,65.0,35,0.0,0.0,0.0,0.0,0.0,0.0,0.0,0.0,0.0,0.0,0.0,0.0,0.0,0.0,0.0,0.0,69.2,0,150,71,55,65476,0,300,0,1,8,20529,65476,0,0,40632,65.0,0.0,0.0,0.0,0.0,0.0
2026-09-04T20:07:38,ERR,ERR,ERR,ERR,ERR,ERR,ERR,ERR,ERR,ERR,ERR,ERR,ERR,ERR,ERR,ERR,ERR,ERR,ERR,ERR,ERR,ERR,ERR,ERR,ERR,ERR,ERR,ERR,ERR,ERR,ERR,ERR,ERR,ERR,ERR,ERR,ERR,ERR,ERR,ERR,ERR,ERR,ERR,ERR,ERR,ERR,ERR,ERR,ERR,ERR,ERR,ERR,ERR,ERR,ERR,ERR,ERR,ERR,ERR,ERR,ERR,ERR,ERR,ERR,ERR,ERR,ERR,ERR,ERR,ERR,ERR,ERR,ERR,ERR,ERR,ERR,ERR,ERR,ERR,ERR,ERR,ERR,ERR,ERR,ERR,ERR,ERR,ERR,ERR,ERR,ERR,ERR,ERR,ERR,ERR,ERR,ERR,ERR,ERR,ERR,ERR,ERR,ERR,ERR,ERR,ERR,ERR,ERR,ERR,ERR,ERR,ERR,ERR,ERR,ERR,ERR,ERR,ERR,ERR,ERR,ERR,ERR,ERR,ERR,ERR,2.718430741444032e+23,2.7184312818759872e+23,0.0,0.0,0.0,1.3936040501711995e+18,7.805,0.0,0,0,4,0,7116,0.0,100,0.0,0.0,0.0,0.0,0.0,0,0,0,0,0.0,0,0,0,0,0,0,0,0,0,0,0,0,0,0,0,0,0,0,0,0,0,0,0,0,0,0,0,0,0,0,0,0,0,31,40,40,71,65476,0,300,0,0,8,21553,0.0,-107605600.0,0.0,0.0,0.0,0.0,0.0,0.0,0.0,0.0,0.0,0.0,0.0,0.0,0.0,0.0,0.0,0.0,0.0,0.0,0.0,0.0,0.0,-2.004,-2.004,0.0,0.0,0.0,0.0,0.0,6217.0,-8608221184.0,6938.0,2.718430741444032e+23,2.7184312818759872e+23,-0.0,2.718430741444032e+23,0.0,0.0,0.0,0.0,69,-0.0,1.905694340903076e+17,0.0,0.0,0.0,0.0,0.0,0.0,0.0,0,0,0,0.0,0.0,0.0,0.0,0.0,0.0,0.0,0.0,0.0,0.0,0.0,0.0,0.0,0.0,0.0,0.0,0,-107875648.0,69,0.0,138,0.0,-109447200.0,0,13107,17040,39322,17049,13107,17043,0,0,0,70,68,100,2.7302359370752657e+23,71.2,2.7302370179391762e+23,74.3,2.7302370179391762e+23,74.0,1,49,50,180,13107,0,0,0,0.0,0.0,0.0,0.0,-0.0,67.0,0.0,162057.094,0.0,751,0,740,0,0,0,721,0,768,0,736,0,743,0,742,0,712,0,7520,0.032,108447924224.0,0.0,0.0,784,16797,-0.0,162057.094,-114818.039,-0.0,0.133,6.909358625270745e+28,30.0,65.0,35,0.0,0.0,0.0,0.0,0.0,0.0,0.0,0.0,0.0,0.0,0.0,0.0,0.0,0.0,0.0,0.0,69.2,0,150,71,55,65476,0,300,0,1,8,20529,65476,0,0,40632,65.0,0.0,0.0,0.0,0.0,0.0
2026-09-04T20:07:39,ERR,ERR,ERR,ERR,ERR,ERR,ERR,ERR,ERR,ERR,ERR,ERR,ERR,ERR,ERR,ERR,ERR,ERR,ERR,ERR,ERR,ERR,ERR,ERR,ERR,ERR,ERR,ERR,ERR,ERR,ERR,ERR,ERR,ERR,ERR,ERR,ERR,ERR,ERR,ERR,ERR,ERR,ERR,ERR,ERR,ERR,ERR,ERR,ERR,ERR,ERR,ERR,ERR,ERR,ERR,ERR,ERR,ERR,ERR,ERR,ERR,ERR,ERR,ERR,ERR,ERR,ERR,ERR,ERR,ERR,ERR,ERR,ERR,ERR,ERR,ERR,ERR,ERR,ERR,ERR,ERR,ERR,ERR,ERR,ERR,ERR,ERR,ERR,ERR,ERR,ERR,ERR,ERR,ERR,ERR,ERR,ERR,ERR,ERR,ERR,ERR,ERR,ERR,ERR,ERR,ERR,ERR,ERR,ERR,ERR,ERR,ERR,ERR,ERR,ERR,ERR,ERR,ERR,ERR,ERR,ERR,ERR,ERR,ERR,ERR,2.718430741444032e+23,2.7184312818759872e+23,0.0,0.0,0.0,1.3936040501711995e+18,7.805,0.0,0,0,4,0,7116,0.0,100,0.0,0.0,0.0,0.0,0.0,0,0,0,0,0.0,0,0,0,0,0,0,0,0,0,0,0,0,0,0,0,0,0,0,0,0,0,0,0,0,0,0,0,0,0,0,0,0,0,31,40,40,71,65476,0,300,0,0,8,21553,0.0,-107605600.0,0.0,0.0,0.0,0.0,0.0,0.0,0.0,0.0,0.0,0.0,0.0,0.0,0.0,0.0,0.0,0.0,0.0,0.0,0.0,0.0,0.0,-2.004,-2.004,0.0,0.0,0.0,0.0,0.0,6217.0,-8608221184.0,6938.0,2.718430741444032e+23,2.7184312818759872e+23,-0.0,2.718430741444032e+23,0.0,0.0,0.0,0.0,69,-0.0,1.905694340903076e+17,0.0,0.0,0.0,0.0,0.0,0.0,0.0,0,0,0,0.0,0.0,0.0,0.0,0.0,0.0,0.0,0.0,0.0,0.0,0.0,0.0,0.0,0.0,0.0,0.0,0,-107875648.0,69,0.0,138,0.0,-109447200.0,0,13107,17040,39322,17049,13107,17043,0,0,0,70,68,100,2.7302359370752657e+23,71.2,2.7302370179391762e+23,74.3,2.7302370179391762e+23,74.0,1,49,50,180,13107,0,0,0,0.0,0.0,0.0,0.0,-0.0,67.0,0.0,162057.094,0.0,751,0,740,0,0,0,721,0,768,0,736,0,743,0,742,0,712,0,7520,0.032,108447924224.0,0.0,0.0,784,16797,-0.0,162057.094,-114818.039,-0.0,0.133,6.909358625270745e+28,30.0,65.0,35,0.0,0.0,0.0,0.0,0.0,0.0,0.0,0.0,0.0,0.0,0.0,0.0,0.0,0.0,0.0,0.0,69.2,0,150,71,55,65476,0,300,0,1,8,20529,65476,0,0,40632,65.0,0.0,0.0,0.0,0.0,0.0
2026-09-04T20:07:40,ERR,ERR,ERR,ERR,ERR,ERR,ERR,ERR,ERR,ERR,ERR,ERR,ERR,ERR,ERR,ERR,ERR,ERR,ERR,ERR,ERR,ERR,ERR,ERR,ERR,ERR,ERR,ERR,ERR,ERR,ERR,ERR,ERR,ERR,ERR,ERR,ERR,ERR,ERR,ERR,ERR,ERR,ERR,ERR,ERR,ERR,ERR,ERR,ERR,ERR,ERR,ERR,ERR,ERR,ERR,ERR,ERR,ERR,ERR,ERR,ERR,ERR,ERR,ERR,ERR,ERR,ERR,ERR,ERR,ERR,ERR,ERR,ERR,ERR,ERR,ERR,ERR,ERR,ERR,ERR,ERR,ERR,ERR,ERR,ERR,ERR,ERR,ERR,ERR,ERR,ERR,ERR,ERR,ERR,ERR,ERR,ERR,ERR,ERR,ERR,ERR,ERR,ERR,ERR,ERR,ERR,ERR,ERR,ERR,ERR,ERR,ERR,ERR,ERR,ERR,ERR,ERR,ERR,ERR,ERR,ERR,ERR,ERR,ERR,ERR,2.718430741444032e+23,2.7184312818759872e+23,0.0,0.0,0.0,1.3936040501711995e+18,7.805,0.0,0,0,4,0,7116,0.0,100,0.0,0.0,0.0,0.0,0.0,0,0,0,0,0.0,0,0,0,0,0,0,0,0,0,0,0,0,0,0,0,0,0,0,0,0,0,0,0,0,0,0,0,0,0,0,0,0,0,31,40,40,71,65476,0,300,0,0,8,21553,0.0,-107605600.0,0.0,0.0,0.0,0.0,0.0,0.0,0.0,0.0,0.0,0.0,0.0,0.0,0.0,0.0,0.0,0.0,0.0,0.0,0.0,0.0,0.0,-2.004,-2.004,0.0,0.0,0.0,0.0,0.0,6217.0,-8608221184.0,6938.0,2.718430741444032e+23,2.7184312818759872e+23,-0.0,2.718430741444032e+23,0.0,0.0,0.0,0.0,69,-0.0,1.905694340903076e+17,0.0,0.0,0.0,0.0,0.0,0.0,0.0,0,0,0,0.0,0.0,0.0,0.0,0.0,0.0,0.0,0.0,0.0,0.0,0.0,0.0,0.0,0.0,0.0,0.0,0,-107875648.0,69,0.0,138,0.0,-109447200.0,0,13107,17040,39322,17049,13107,17043,0,0,0,70,68,100,2.7302359370752657e+23,71.2,2.7302370179391762e+23,74.3,2.7302370179391762e+23,74.0,1,49,50,180,13107,0,0,0,0.0,0.0,0.0,0.0,-0.0,67.0,0.0,162057.094,0.0,751,0,740,0,0,0,721,0,768,0,736,0,743,0,742,0,712,0,7520,0.032,108447924224.0,0.0,0.0,784,16797,-0.0,162057.094,-114818.039,-0.0,0.133,6.909358625270745e+28,30.0,65.0,35,0.0,0.0,0.0,0.0,0.0,0.0,0.0,0.0,0.0,0.0,0.0,0.0,0.0,0.0,0.0,0.0,69.2,0,150,71,55,65476,0,300,0,1,8,20529,65476,0,0,40632,65.0,0.0,0.0,0.0,0.0,0.0
2026-09-04T20:07:41,ERR,ERR,ERR,ERR,ERR,ERR,ERR,ERR,ERR,ERR,ERR,ERR,ERR,ERR,ERR,ERR,ERR,ERR,ERR,ERR,ERR,ERR,ERR,ERR,ERR,ERR,ERR,ERR,ERR,ERR,ERR,ERR,ERR,ERR,ERR,ERR,ERR,ERR,ERR,ERR,ERR,ERR,ERR,ERR,ERR,ERR,ERR,ERR,ERR,ERR,ERR,ERR,ERR,ERR,ERR,ERR,ERR,ERR,ERR,ERR,ERR,ERR,ERR,ERR,ERR,ERR,ERR,ERR,ERR,ERR,ERR,ERR,ERR,ERR,ERR,ERR,ERR,ERR,ERR,ERR,ERR,ERR,ERR,ERR,ERR,ERR,ERR,ERR,ERR,ERR,ERR,ERR,ERR,ERR,ERR,ERR,ERR,ERR,ERR,ERR,ERR,ERR,ERR,ERR,ERR,ERR,ERR,ERR,ERR,ERR,ERR,ERR,ERR,ERR,ERR,ERR,ERR,ERR,ERR,ERR,ERR,ERR,ERR,ERR,ERR,2.718430741444032e+23,2.7184312818759872e+23,0.0,0.0,0.0,1.3936040501711995e+18,7.805,0.0,0,0,4,0,7116,0.0,100,0.0,0.0,0.0,0.0,0.0,0,0,0,0,0.0,0,0,0,0,0,0,0,0,0,0,0,0,0,0,0,0,0,0,0,0,0,0,0,0,0,0,0,0,0,0,0,0,0,31,40,40,71,65476,0,300,0,0,8,21553,0.0,-107605600.0,0.0,0.0,0.0,0.0,0.0,0.0,0.0,0.0,0.0,0.0,0.0,0.0,0.0,0.0,0.0,0.0,0.0,0.0,0.0,0.0,0.0,-2.004,-2.004,0.0,0.0,0.0,0.0,0.0,6217.0,-8608221184.0,6938.0,2.718430741444032e+23,2.7184312818759872e+23,-0.0,2.718430741444032e+23,0.0,0.0,0.0,0.0,69,-0.0,1.905694340903076e+17,0.0,0.0,0.0,0.0,0.0,0.0,0.0,0,0,0,0.0,0.0,0.0,0.0,0.0,0.0,0.0,0.0,0.0,0.0,0.0,0.0,0.0,0.0,0.0,0.0,0,-107875648.0,69,0.0,138,0.0,-109447200.0,0,13107,17040,39322,17049,13107,17043,0,0,0,70,68,100,2.7302359370752657e+23,71.2,2.7302370179391762e+23,74.3,2.7302370179391762e+23,74.0,1,49,50,180,13107,0,0,0,0.0,0.0,0.0,0.0,-0.0,67.0,0.0,162057.094,0.0,751,0,740,0,0,0,721,0,768,0,736,0,743,0,742,0,712,0,7520,0.032,108447924224.0,0.0,0.0,784,16797,-0.0,162057.094,-114818.039,-0.0,0.133,6.909358625270745e+28,30.0,65.0,35,0.0,0.0,0.0,0.0,0.0,0.0,0.0,0.0,0.0,0.0,0.0,0.0,0.0,0.0,0.0,0.0,69.2,0,150,71,55,65476,0,300,0,1,8,20529,65476,0,0,40632,65.0,0.0,0.0,0.0,0.0,0.0
2026-09-04T20:07:42,ERR,ERR,ERR,ERR,ERR,ERR,ERR,ERR,ERR,ERR,ERR,ERR,ERR,ERR,ERR,ERR,ERR,ERR,ERR,ERR,ERR,ERR,ERR,ERR,ERR,ERR,ERR,ERR,ERR,ERR,ERR,ERR,ERR,ERR,ERR,ERR,ERR,ERR,ERR,ERR,ERR,ERR,ERR,ERR,ERR,ERR,ERR,ERR,ERR,ERR,ERR,ERR,ERR,ERR,ERR,ERR,ERR,ERR,ERR,ERR,ERR,ERR,ERR,ERR,ERR,ERR,ERR,ERR,ERR,ERR,ERR,ERR,ERR,ERR,ERR,ERR,ERR,ERR,ERR,ERR,ERR,ERR,ERR,ERR,ERR,ERR,ERR,ERR,ERR,ERR,ERR,ERR,ERR,ERR,ERR,ERR,ERR,ERR,ERR,ERR,ERR,ERR,ERR,ERR,ERR,ERR,ERR,ERR,ERR,ERR,ERR,ERR,ERR,ERR,ERR,ERR,ERR,ERR,ERR,ERR,ERR,ERR,ERR,ERR,ERR,2.718430741444032e+23,2.7184312818759872e+23,0.0,0.0,0.0,1.3936040501711995e+18,7.805,0.0,0,0,4,0,7116,0.0,100,0.0,0.0,0.0,0.0,0.0,0,0,0,0,0.0,0,0,0,0,0,0,0,0,0,0,0,0,0,0,0,0,0,0,0,0,0,0,0,0,0,0,0,0,0,0,0,0,0,31,40,40,71,65476,0,300,0,0,8,21553,0.0,-107605600.0,0.0,0.0,0.0,0.0,0.0,0.0,0.0,0.0,0.0,0.0,0.0,0.0,0.0,0.0,0.0,0.0,0.0,0.0,0.0,0.0,0.0,-2.004,-2.004,0.0,0.0,0.0,0.0,0.0,6219.0,-2.004,6938.0,2.718430741444032e+23,2.7184312818759872e+23,-0.0,2.718430741444032e+23,0.0,0.0,0.0,0.0,69,-0.0,1.905694340903076e+17,0.0,0.0,0.0,0.0,0.0,0.0,0.0,0,0,0,0.0,0.0,0.0,0.0,0.0,0.0,0.0,0.0,0.0,0.0,0.0,0.0,0.0,0.0,0.0,0.0,0,-107875648.0,69,0.0,138,0.0,-109447200.0,0,13107,17040,39322,17049,13107,17043,0,0,0,70,68,100,2.7302359370752657e+23,71.2,2.7302370179391762e+23,74.3,-0.0,74.0,1,49,50,180,13107,0,0,0,0.0,0.0,0.0,0.0,-0.0,67.0,0.0,162057.094,0.0,751,0,740,0,0,0,721,0,768,0,736,0,743,0,742,0,712,0,7520,0.032,108447924224.0,0.0,0.0,784,16797,-0.0,162057.094,-114818.039,-0.0,0.133,6.909358625270745e+28,30.0,65.0,35,0.0,0.0,0.0,0.0,0.0,0.0,0.0,0.0,0.0,0.0,0.0,0.0,0.0,0.0,0.0,0.0,69.2,0,150,71,55,65476,0,300,0,1,8,20529,65476,0,0,40632,65.0,0.0,0.0,0.0,0.0,0.0
2026-09-04T20:07:43,ERR,ERR,ERR,ERR,ERR,ERR,ERR,ERR,ERR,ERR,ERR,ERR,ERR,ERR,ERR,ERR,ERR,ERR,ERR,ERR,ERR,ERR,ERR,ERR,ERR,ERR,ERR,ERR,ERR,ERR,ERR,ERR,ERR,ERR,ERR,ERR,ERR,ERR,ERR,ERR,ERR,ERR,ERR,ERR,ERR,ERR,ERR,ERR,ERR,ERR,ERR,ERR,ERR,ERR,ERR,ERR,ERR,ERR,ERR,ERR,ERR,ERR,ERR,ERR,ERR,ERR,ERR,ERR,ERR,ERR,ERR,ERR,ERR,ERR,ERR,ERR,ERR,ERR,ERR,ERR,ERR,ERR,ERR,ERR,ERR,ERR,ERR,ERR,ERR,ERR,ERR,ERR,ERR,ERR,ERR,ERR,ERR,ERR,ERR,ERR,ERR,ERR,ERR,ERR,ERR,ERR,ERR,ERR,ERR,ERR,ERR,ERR,ERR,ERR,ERR,ERR,ERR,ERR,ERR,ERR,ERR,ERR,ERR,ERR,ERR,2.718430741444032e+23,2.7184312818759872e+23,0.0,0.0,0.0,1.3936040501711995e+18,7.805,0.0,0,0,4,0,7116,0.0,100,0.0,0.0,0.0,0.0,0.0,0,0,0,0,0.0,0,0,0,0,0,0,0,0,0,0,0,0,0,0,0,0,0,0,0,0,0,0,0,0,0,0,0,0,0,0,0,0,0,31,40,40,71,65476,0,300,0,0,8,21553,0.0,-107605600.0,0.0,0.0,0.0,0.0,0.0,0.0,0.0,0.0,0.0,0.0,0.0,0.0,0.0,0.0,0.0,0.0,0.0,0.0,0.0,0.0,0.0,-2.004,-2.004,0.0,0.0,0.0,0.0,0.0,6219.0,-2.004,6938.0,2.718430741444032e+23,2.7184312818759872e+23,-0.0,2.718430741444032e+23,0.0,0.0,0.0,0.0,69,-0.0,1.905694340903076e+17,0.0,0.0,0.0,0.0,0.0,0.0,0.0,0,0,0,0.0,0.0,0.0,0.0,0.0,0.0,0.0,0.0,0.0,0.0,0.0,0.0,0.0,0.0,0.0,0.0,0,-107875648.0,69,0.0,138,0.0,-109447200.0,0,13107,17040,39322,17049,13107,17043,0,0,0,70,68,100,2.7302359370752657e+23,71.2,2.7302370179391762e+23,74.3,-0.0,74.0,1,49,50,180,13107,0,0,0,0.0,0.0,0.0,0.0,-0.0,67.0,0.0,162057.094,0.0,751,0,740,0,0,0,721,0,768,0,736,0,743,0,742,0,712,0,7520,0.032,108447924224.0,0.0,0.0,784,16797,-0.0,162057.094,-114818.039,-0.0,0.133,6.909358625270745e+28,30.0,65.0,35,0.0,0.0,0.0,0.0,0.0,0.0,0.0,0.0,0.0,0.0,0.0,0.0,0.0,0.0,0.0,0.0,69.2,0,150,71,55,65476,0,300,0,1,8,20529,65476,0,0,40632,65.0,0.0,0.0,0.0,0.0,0.0
2026-09-04T20:07:44,ERR,ERR,ERR,ERR,ERR,ERR,ERR,ERR,ERR,ERR,ERR,ERR,ERR,ERR,ERR,ERR,ERR,ERR,ERR,ERR,ERR,ERR,ERR,ERR,ERR,ERR,ERR,ERR,ERR,ERR,ERR,ERR,ERR,ERR,ERR,ERR,ERR,ERR,ERR,ERR,ERR,ERR,ERR,ERR,ERR,ERR,ERR,ERR,ERR,ERR,ERR,ERR,ERR,ERR,ERR,ERR,ERR,ERR,ERR,ERR,ERR,ERR,ERR,ERR,ERR,ERR,ERR,ERR,ERR,ERR,ERR,ERR,ERR,ERR,ERR,ERR,ERR,ERR,ERR,ERR,ERR,ERR,ERR,ERR,ERR,ERR,ERR,ERR,ERR,ERR,ERR,ERR,ERR,ERR,ERR,ERR,ERR,ERR,ERR,ERR,ERR,ERR,ERR,ERR,ERR,ERR,ERR,ERR,ERR,ERR,ERR,ERR,ERR,ERR,ERR,ERR,ERR,ERR,ERR,ERR,ERR,ERR,ERR,ERR,ERR,2.718430741444032e+23,2.7184312818759872e+23,0.0,0.0,0.0,1.3936040501711995e+18,7.805,0.0,0,0,4,0,7116,0.0,100,0.0,0.0,0.0,0.0,0.0,0,0,0,0,0.0,0,0,0,0,0,0,0,0,0,0,0,0,0,0,0,0,0,0,0,0,0,0,0,0,0,0,0,0,0,0,0,0,0,31,40,40,71,65476,0,300,0,0,8,21553,0.0,-107605600.0,0.0,0.0,0.0,0.0,0.0,0.0,0.0,0.0,0.0,0.0,0.0,0.0,0.0,0.0,0.0,0.0,0.0,0.0,0.0,0.0,0.0,-2.004,-2.004,0.0,0.0,0.0,0.0,0.0,6219.0,-2.004,6938.0,2.718430741444032e+23,2.7184312818759872e+23,-0.0,2.718430741444032e+23,0.0,0.0,0.0,0.0,69,-0.0,1.905694340903076e+17,0.0,0.0,0.0,0.0,0.0,0.0,0.0,0,0,0,0.0,0.0,0.0,0.0,0.0,0.0,0.0,0.0,0.0,0.0,0.0,0.0,0.0,0.0,0.0,0.0,0,-107875648.0,69,0.0,138,0.0,-109447200.0,0,13107,17040,39322,17049,13107,17043,0,0,0,70,68,100,2.7302359370752657e+23,71.2,2.7302370179391762e+23,74.3,-0.0,74.0,1,49,50,180,13107,0,0,0,0.0,0.0,0.0,0.0,-0.0,67.0,0.0,162057.094,0.0,751,0,740,0,0,0,721,0,768,0,736,0,743,0,742,0,712,0,7520,0.032,108447924224.0,0.0,0.0,784,16797,-0.0,162057.094,-114818.039,-0.0,0.133,6.909358625270745e+28,30.0,65.0,35,0.0,0.0,0.0,0.0,0.0,0.0,0.0,0.0,0.0,0.0,0.0,0.0,0.0,0.0,0.0,0.0,69.2,0,150,71,55,65476,0,300,0,1,8,20529,65476,0,0,40632,65.0,0.0,0.0,0.0,0.0,0.0
2026-09-04T20:07:45,ERR,ERR,ERR,ERR,ERR,ERR,ERR,ERR,ERR,ERR,ERR,ERR,ERR,ERR,ERR,ERR,ERR,ERR,ERR,ERR,ERR,ERR,ERR,ERR,ERR,ERR,ERR,ERR,ERR,ERR,ERR,ERR,ERR,ERR,ERR,ERR,ERR,ERR,ERR,ERR,ERR,ERR,ERR,ERR,ERR,ERR,ERR,ERR,ERR,ERR,ERR,ERR,ERR,ERR,ERR,ERR,ERR,ERR,ERR,ERR,ERR,ERR,ERR,ERR,ERR,ERR,ERR,ERR,ERR,ERR,ERR,ERR,ERR,ERR,ERR,ERR,ERR,ERR,ERR,ERR,ERR,ERR,ERR,ERR,ERR,ERR,ERR,ERR,ERR,ERR,ERR,ERR,ERR,ERR,ERR,ERR,ERR,ERR,ERR,ERR,ERR,ERR,ERR,ERR,ERR,ERR,ERR,ERR,ERR,ERR,ERR,ERR,ERR,ERR,ERR,ERR,ERR,ERR,ERR,ERR,ERR,ERR,ERR,ERR,ERR,2.718430741444032e+23,2.7184312818759872e+23,0.0,0.0,0.0,1.3936040501711995e+18,7.805,0.0,0,0,4,0,7116,0.0,100,0.0,0.0,0.0,0.0,0.0,0,0,0,0,0.0,0,0,0,0,0,0,0,0,0,0,0,0,0,0,0,0,0,0,0,0,0,0,0,0,0,0,0,0,0,0,0,0,0,31,40,40,71,65476,0,300,0,0,8,21553,0.0,-107605600.0,0.0,0.0,0.0,0.0,0.0,0.0,0.0,0.0,0.0,0.0,0.0,0.0,0.0,0.0,0.0,0.0,0.0,0.0,0.0,0.0,0.0,-2.004,-2.004,0.0,0.0,0.0,0.0,0.0,6219.0,-2.004,6938.0,2.718430741444032e+23,2.7184312818759872e+23,-0.0,2.718430741444032e+23,0.0,0.0,0.0,0.0,69,-0.0,1.905694340903076e+17,0.0,0.0,0.0,0.0,0.0,0.0,0.0,0,0,0,0.0,0.0,0.0,0.0,0.0,0.0,0.0,0.0,0.0,0.0,0.0,0.0,0.0,0.0,0.0,0.0,0,-107875648.0,69,0.0,138,0.0,-109447200.0,0,13107,17040,39322,17049,13107,17043,0,0,0,70,68,100,2.7302359370752657e+23,71.2,2.7302370179391762e+23,74.3,-0.0,74.0,1,49,50,180,13107,0,0,0,0.0,0.0,0.0,0.0,-0.0,67.0,0.0,162057.094,0.0,751,0,740,0,0,0,721,0,768,0,736,0,743,0,742,0,712,0,7520,0.032,108447924224.0,0.0,0.0,784,16797,-0.0,162057.094,-114818.039,-0.0,0.133,6.909358625270745e+28,30.0,65.0,35,0.0,0.0,0.0,0.0,0.0,0.0,0.0,0.0,0.0,0.0,0.0,0.0,0.0,0.0,0.0,0.0,69.2,0,150,71,55,65476,0,300,0,1,8,20529,65476,0,0,40632,65.0,0.0,0.0,0.0,0.0,0.0
2026-09-04T20:07:46,ERR,ERR,ERR,ERR,ERR,ERR,ERR,ERR,ERR,ERR,ERR,ERR,ERR,ERR,ERR,ERR,ERR,ERR,ERR,ERR,ERR,ERR,ERR,ERR,ERR,ERR,ERR,ERR,ERR,ERR,ERR,ERR,ERR,ERR,ERR,ERR,ERR,ERR,ERR,ERR,ERR,ERR,ERR,ERR,ERR,ERR,ERR,ERR,ERR,ERR,ERR,ERR,ERR,ERR,ERR,ERR,ERR,ERR,ERR,ERR,ERR,ERR,ERR,ERR,ERR,ERR,ERR,ERR,ERR,ERR,ERR,ERR,ERR,ERR,ERR,ERR,ERR,ERR,ERR,ERR,ERR,ERR,ERR,ERR,ERR,ERR,ERR,ERR,ERR,ERR,ERR,ERR,ERR,ERR,ERR,ERR,ERR,ERR,ERR,ERR,ERR,ERR,ERR,ERR,ERR,ERR,ERR,ERR,ERR,ERR,ERR,ERR,ERR,ERR,ERR,ERR,ERR,ERR,ERR,ERR,ERR,ERR,ERR,ERR,ERR,2.718430741444032e+23,2.7184312818759872e+23,0.0,0.0,0.0,1.3936040501711995e+18,7.805,0.0,0,0,4,0,7116,0.0,100,0.0,0.0,0.0,0.0,0.0,0,0,0,0,0.0,0,0,0,0,0,0,0,0,0,0,0,0,0,0,0,0,0,0,0,0,0,0,0,0,0,0,0,0,0,0,0,0,0,31,40,40,71,65476,0,300,0,0,8,21553,0.0,-107605600.0,0.0,0.0,0.0,0.0,0.0,0.0,0.0,0.0,0.0,0.0,0.0,0.0,0.0,0.0,0.0,0.0,0.0,0.0,0.0,0.0,0.0,-2.004,-2.004,0.0,0.0,0.0,0.0,0.0,6219.0,-2.004,6938.0,2.718430741444032e+23,2.7184312818759872e+23,-0.0,2.718430741444032e+23,0.0,0.0,0.0,0.0,69,-0.0,1.905694340903076e+17,0.0,0.0,0.0,0.0,0.0,0.0,0.0,0,0,0,0.0,0.0,0.0,0.0,0.0,0.0,0.0,0.0,0.0,0.0,0.0,0.0,0.0,0.0,0.0,0.0,0,-107875648.0,69,0.0,138,0.0,-109447200.0,0,13107,17040,39322,17049,13107,17043,0,0,0,70,68,100,2.7302359370752657e+23,71.2,2.7302370179391762e+23,74.3,-0.0,74.0,1,49,50,180,13107,0,0,0,0.0,0.0,0.0,0.0,-0.0,67.0,0.0,162057.094,0.0,751,0,740,0,0,0,721,0,768,0,736,0,743,0,742,0,712,0,7520,0.032,108447924224.0,0.0,0.0,784,16797,-0.0,162057.094,-114818.039,-0.0,0.133,6.909358625270745e+28,30.0,65.0,35,0.0,0.0,0.0,0.0,0.0,0.0,0.0,0.0,0.0,0.0,0.0,0.0,0.0,0.0,0.0,0.0,69.6,0,150,71,55,65476,0,300,0,1,8,20529,65476,0,0,40632,65.0,0.0,0.0,0.0,0.0,0.0
2026-09-04T20:07:47,ERR,ERR,ERR,ERR,ERR,ERR,ERR,ERR,ERR,ERR,ERR,ERR,ERR,ERR,ERR,ERR,ERR,ERR,ERR,ERR,ERR,ERR,ERR,ERR,ERR,ERR,ERR,ERR,ERR,ERR,ERR,ERR,ERR,ERR,ERR,ERR,ERR,ERR,ERR,ERR,ERR,ERR,ERR,ERR,ERR,ERR,ERR,ERR,ERR,ERR,ERR,ERR,ERR,ERR,ERR,ERR,ERR,ERR,ERR,ERR,ERR,ERR,ERR,ERR,ERR,ERR,ERR,ERR,ERR,ERR,ERR,ERR,ERR,ERR,ERR,ERR,ERR,ERR,ERR,ERR,ERR,ERR,ERR,ERR,ERR,ERR,ERR,ERR,ERR,ERR,ERR,ERR,ERR,ERR,ERR,ERR,ERR,ERR,ERR,ERR,ERR,ERR,ERR,ERR,ERR,ERR,ERR,ERR,ERR,ERR,ERR,ERR,ERR,ERR,ERR,ERR,ERR,ERR,ERR,ERR,ERR,ERR,ERR,ERR,ERR,2.718430741444032e+23,2.7184312818759872e+23,0.0,0.0,0.0,1.3936040501711995e+18,7.805,0.0,0,0,4,0,7116,0.0,100,0.0,0.0,0.0,0.0,0.0,0,0,0,0,0.0,0,0,0,0,0,0,0,0,0,0,0,0,0,0,0,0,0,0,0,0,0,0,0,0,0,0,0,0,0,0,0,0,0,31,40,40,71,65476,0,300,0,0,8,21553,0.0,-107605600.0,0.0,0.0,0.0,0.0,0.0,0.0,0.0,0.0,0.0,0.0,0.0,0.0,0.0,0.0,0.0,0.0,0.0,0.0,0.0,0.0,0.0,-2.004,-2.004,0.0,0.0,0.0,0.0,0.0,6219.0,-2.004,6938.0,2.718430741444032e+23,2.7184312818759872e+23,-0.0,2.718430741444032e+23,0.0,0.0,0.0,0.0,69,-0.0,1.905694340903076e+17,0.0,0.0,0.0,0.0,0.0,0.0,0.0,0,0,0,0.0,0.0,0.0,0.0,0.0,0.0,0.0,0.0,0.0,0.0,0.0,0.0,0.0,0.0,0.0,0.0,0,-107875648.0,69,0.0,138,0.0,-109447200.0,0,13107,17040,39322,17049,13107,17043,0,0,0,70,68,100,2.7302359370752657e+23,71.2,2.7302370179391762e+23,74.3,-0.0,74.0,1,49,50,180,13107,0,0,0,0.0,0.0,0.0,0.0,-0.0,67.0,0.0,162057.094,0.0,751,0,740,0,0,0,721,0,768,0,737,0,743,0,742,0,712,0,7520,0.032,107911053312.0,0.0,0.0,784,16797,-0.0,162057.094,-114818.039,-0.0,0.133,6.909358625270745e+28,30.0,65.0,35,0.0,0.0,0.0,0.0,0.0,0.0,0.0,0.0,0.0,0.0,0.0,0.0,0.0,0.0,0.0,0.0,69.6,0,150,71,55,65476,0,300,0,1,8,20529,65476,0,0,40632,65.0,0.0,0.0,0.0,0.0,0.0
2026-09-04T20:07:48,ERR,ERR,ERR,ERR,ERR,ERR,ERR,ERR,ERR,ERR,ERR,ERR,ERR,ERR,ERR,ERR,ERR,ERR,ERR,ERR,ERR,ERR,ERR,ERR,ERR,ERR,ERR,ERR,ERR,ERR,ERR,ERR,ERR,ERR,ERR,ERR,ERR,ERR,ERR,ERR,ERR,ERR,ERR,ERR,ERR,ERR,ERR,ERR,ERR,ERR,ERR,ERR,ERR,ERR,ERR,ERR,ERR,ERR,ERR,ERR,ERR,ERR,ERR,ERR,ERR,ERR,ERR,ERR,ERR,ERR,ERR,ERR,ERR,ERR,ERR,ERR,ERR,ERR,ERR,ERR,ERR,ERR,ERR,ERR,ERR,ERR,ERR,ERR,ERR,ERR,ERR,ERR,ERR,ERR,ERR,ERR,ERR,ERR,ERR,ERR,ERR,ERR,ERR,ERR,ERR,ERR,ERR,ERR,ERR,ERR,ERR,ERR,ERR,ERR,ERR,ERR,ERR,ERR,ERR,ERR,ERR,ERR,ERR,ERR,ERR,2.718430741444032e+23,2.7184312818759872e+23,0.0,0.0,0.0,1.3936040501711995e+18,7.805,0.0,0,0,4,0,7116,0.0,100,0.0,0.0,0.0,0.0,0.0,0,0,0,0,0.0,0,0,0,0,0,0,0,0,0,0,0,0,0,0,0,0,0,0,0,0,0,0,0,0,0,0,0,0,0,0,0,0,0,31,40,40,71,65476,0,300,0,0,8,21553,0.0,-107605600.0,0.0,0.0,0.0,0.0,0.0,0.0,0.0,0.0,0.0,0.0,0.0,0.0,0.0,0.0,0.0,0.0,0.0,0.0,0.0,0.0,0.0,-2.004,-2.004,0.0,0.0,0.0,0.0,0.0,6219.0,-2.004,6938.0,2.718430741444032e+23,2.7184312818759872e+23,-0.0,2.718430741444032e+23,0.0,0.0,0.0,0.0,69,-0.0,1.905694340903076e+17,0.0,0.0,0.0,0.0,0.0,0.0,0.0,0,0,0,0.0,0.0,0.0,0.0,0.0,0.0,0.0,0.0,0.0,0.0,0.0,0.0,0.0,0.0,0.0,0.0,0,-107875648.0,69,0.0,138,0.0,-109447200.0,0,13107,17040,39322,17049,13107,17043,0,0,0,70,68,100,2.7302359370752657e+23,71.2,2.7302370179391762e+23,74.3,-0.0,74.0,1,49,50,180,13107,0,0,0,0.0,0.0,0.0,0.0,-0.0,67.0,0.0,162057.094,0.0,751,0,740,0,0,0,721,0,768,0,737,0,743,0,742,0,712,0,7520,0.032,107911053312.0,0.0,0.0,784,16797,-0.0,162057.094,-114818.039,-0.0,0.133,6.909358625270745e+28,30.0,65.0,35,0.0,0.0,0.0,0.0,0.0,0.0,0.0,0.0,0.0,0.0,0.0,0.0,0.0,0.0,0.0,0.0,69.2,0,150,71,55,65476,0,300,0,1,8,20529,65476,0,0,40632,65.0,0.0,0.0,0.0,0.0,0.0
2026-09-04T20:07:49,ERR,ERR,ERR,ERR,ERR,ERR,ERR,ERR,ERR,ERR,ERR,ERR,ERR,ERR,ERR,ERR,ERR,ERR,ERR,ERR,ERR,ERR,ERR,ERR,ERR,ERR,ERR,ERR,ERR,ERR,ERR,ERR,ERR,ERR,ERR,ERR,ERR,ERR,ERR,ERR,ERR,ERR,ERR,ERR,ERR,ERR,ERR,ERR,ERR,ERR,ERR,ERR,ERR,ERR,ERR,ERR,ERR,ERR,ERR,ERR,ERR,ERR,ERR,ERR,ERR,ERR,ERR,ERR,ERR,ERR,ERR,ERR,ERR,ERR,ERR,ERR,ERR,ERR,ERR,ERR,ERR,ERR,ERR,ERR,ERR,ERR,ERR,ERR,ERR,ERR,ERR,ERR,ERR,ERR,ERR,ERR,ERR,ERR,ERR,ERR,ERR,ERR,ERR,ERR,ERR,ERR,ERR,ERR,ERR,ERR,ERR,ERR,ERR,ERR,ERR,ERR,ERR,ERR,ERR,ERR,ERR,ERR,ERR,ERR,ERR,2.718430741444032e+23,2.7184312818759872e+23,0.0,0.0,0.0,1.3936040501711995e+18,7.805,0.0,0,0,4,0,7116,0.0,100,0.0,0.0,0.0,0.0,0.0,0,0,0,0,0.0,0,0,0,0,0,0,0,0,0,0,0,0,0,0,0,0,0,0,0,0,0,0,0,0,0,0,0,0,0,0,0,0,0,31,40,40,71,65476,0,300,0,0,8,21553,0.0,-107605600.0,0.0,0.0,0.0,0.0,0.0,0.0,0.0,0.0,0.0,0.0,0.0,0.0,0.0,0.0,0.0,0.0,0.0,0.0,0.0,0.0,0.0,-2.004,-2.004,0.0,0.0,0.0,0.0,0.0,6223.0,-0.0,6933.0,2.718430741444032e+23,2.7184312818759872e+23,-0.0,2.718430741444032e+23,0.0,0.0,0.0,0.0,69,-0.0,0.0,0.0,0.0,0.0,0.0,0.0,0.0,0.0,0,0,0,0.0,0.0,0.0,0.0,0.0,0.0,0.0,0.0,0.0,0.0,0.0,0.0,0.0,0.0,0.0,0.0,0,-107875648.0,69,0.0,138,0.0,-109447200.0,0,13107,17040,39322,17049,13107,17043,0,0,0,70,68,100,2.7302359370752657e+23,71.2,2.7302370179391762e+23,74.3,-0.0,74.0,1,49,50,180,13107,0,0,0,0.0,0.0,0.0,0.0,-0.0,67.0,0.0,162057.094,0.0,751,0,740,0,0,0,721,0,768,0,737,0,743,0,742,0,712,0,7520,0.032,107911053312.0,0.0,0.0,784,16797,-0.0,162057.094,-114818.039,-0.0,0.133,6.909358625270745e+28,30.0,65.0,35,0.0,0.0,0.0,0.0,0.0,0.0,0.0,0.0,0.0,0.0,0.0,0.0,0.0,0.0,0.0,0.0,69.2,0,150,71,55,65476,0,300,0,1,8,20529,65476,0,0,40632,65.0,0.0,0.0,0.0,0.0,0.0
2026-09-04T20:07:50,ERR,ERR,ERR,ERR,ERR,ERR,ERR,ERR,ERR,ERR,ERR,ERR,ERR,ERR,ERR,ERR,ERR,ERR,ERR,ERR,ERR,ERR,ERR,ERR,ERR,ERR,ERR,ERR,ERR,ERR,ERR,ERR,ERR,ERR,ERR,ERR,ERR,ERR,ERR,ERR,ERR,ERR,ERR,ERR,ERR,ERR,ERR,ERR,ERR,ERR,ERR,ERR,ERR,ERR,ERR,ERR,ERR,ERR,ERR,ERR,ERR,ERR,ERR,ERR,ERR,ERR,ERR,ERR,ERR,ERR,ERR,ERR,ERR,ERR,ERR,ERR,ERR,ERR,ERR,ERR,ERR,ERR,ERR,ERR,ERR,ERR,ERR,ERR,ERR,ERR,ERR,ERR,ERR,ERR,ERR,ERR,ERR,ERR,ERR,ERR,ERR,ERR,ERR,ERR,ERR,ERR,ERR,ERR,ERR,ERR,ERR,ERR,ERR,ERR,ERR,ERR,ERR,ERR,ERR,ERR,ERR,ERR,ERR,ERR,ERR,2.718430741444032e+23,2.7184312818759872e+23,0.0,0.0,0.0,1.3936040501711995e+18,7.805,0.0,0,0,4,0,7116,0.0,100,0.0,0.0,0.0,0.0,0.0,0,0,0,0,0.0,0,0,0,0,0,0,0,0,0,0,0,0,0,0,0,0,0,0,0,0,0,0,0,0,0,0,0,0,0,0,0,0,0,31,40,40,71,65476,0,300,0,0,8,21553,0.0,-107605600.0,0.0,0.0,0.0,0.0,0.0,0.0,0.0,0.0,0.0,0.0,0.0,0.0,0.0,0.0,0.0,0.0,0.0,0.0,0.0,0.0,0.0,-2.004,-2.004,0.0,0.0,0.0,0.0,0.0,6223.0,-0.0,6933.0,2.718430741444032e+23,2.7184312818759872e+23,-0.0,2.718430741444032e+23,0.0,0.0,0.0,0.0,69,-0.0,0.0,0.0,0.0,0.0,0.0,0.0,0.0,0.0,0,0,0,0.0,0.0,0.0,0.0,0.0,0.0,0.0,0.0,0.0,0.0,0.0,0.0,0.0,0.0,0.0,0.0,0,-107875648.0,69,0.0,138,0.0,-109447200.0,0,13107,17040,39322,17049,13107,17043,0,0,0,70,68,100,2.7302359370752657e+23,71.2,2.7302370179391762e+23,74.3,-0.0,74.0,1,49,50,180,13107,0,0,0,0.0,0.0,0.0,0.0,-0.0,67.0,0.0,162057.094,0.0,751,0,740,0,0,0,721,0,768,0,737,0,743,0,742,0,712,0,7520,0.032,107911053312.0,0.0,0.0,784,16797,-0.0,162057.094,-114818.039,-0.0,0.133,6.909358625270745e+28,30.0,65.0,35,0.0,0.0,0.0,0.0,0.0,0.0,0.0,0.0,0.0,0.0,0.0,0.0,0.0,0.0,0.0,0.0,69.2,0,150,71,55,65476,0,300,0,1,8,20529,65476,0,0,40632,65.0,0.0,0.0,0.0,0.0,0.0
2026-09-04T20:07:51,ERR,ERR,ERR,ERR,ERR,ERR,ERR,ERR,ERR,ERR,ERR,ERR,ERR,ERR,ERR,ERR,ERR,ERR,ERR,ERR,ERR,ERR,ERR,ERR,ERR,ERR,ERR,ERR,ERR,ERR,ERR,ERR,ERR,ERR,ERR,ERR,ERR,ERR,ERR,ERR,ERR,ERR,ERR,ERR,ERR,ERR,ERR,ERR,ERR,ERR,ERR,ERR,ERR,ERR,ERR,ERR,ERR,ERR,ERR,ERR,ERR,ERR,ERR,ERR,ERR,ERR,ERR,ERR,ERR,ERR,ERR,ERR,ERR,ERR,ERR,ERR,ERR,ERR,ERR,ERR,ERR,ERR,ERR,ERR,ERR,ERR,ERR,ERR,ERR,ERR,ERR,ERR,ERR,ERR,ERR,ERR,ERR,ERR,ERR,ERR,ERR,ERR,ERR,ERR,ERR,ERR,ERR,ERR,ERR,ERR,ERR,ERR,ERR,ERR,ERR,ERR,ERR,ERR,ERR,ERR,ERR,ERR,ERR,ERR,ERR,2.718430741444032e+23,2.7184312818759872e+23,0.0,0.0,0.0,1.3936040501711995e+18,7.805,0.0,0,0,4,0,7116,0.0,100,0.0,0.0,0.0,0.0,0.0,0,0,0,0,0.0,0,0,0,0,0,0,0,0,0,0,0,0,0,0,0,0,0,0,0,0,0,0,0,0,0,0,0,0,0,0,0,0,0,31,40,40,71,65476,0,300,0,0,8,21553,0.0,-107605600.0,0.0,0.0,0.0,0.0,0.0,0.0,0.0,0.0,0.0,0.0,0.0,0.0,0.0,0.0,0.0,0.0,0.0,0.0,0.0,0.0,0.0,-2.004,-2.004,0.0,0.0,0.0,0.0,0.0,6223.0,-0.0,6933.0,2.718430741444032e+23,2.7184312818759872e+23,-0.0,2.718430741444032e+23,0.0,0.0,0.0,0.0,69,-0.0,0.0,0.0,0.0,0.0,0.0,0.0,0.0,0.0,0,0,0,0.0,0.0,0.0,0.0,0.0,0.0,0.0,0.0,0.0,0.0,0.0,0.0,0.0,0.0,0.0,0.0,0,-107875648.0,69,0.0,138,0.0,-109447200.0,0,13107,17040,39322,17049,13107,17043,0,0,0,70,68,100,2.7302359370752657e+23,71.2,2.7302370179391762e+23,74.2,2.7302370179391762e+23,74.0,1,49,50,180,13107,0,0,0,0.0,0.0,0.0,0.0,-0.0,67.0,0.0,162057.094,0.0,751,0,740,0,0,0,721,0,768,0,737,0,743,0,742,0,712,0,7520,0.032,108447924224.0,0.0,0.0,784,16797,-0.0,162057.094,-114818.039,-0.0,0.133,6.909358625270745e+28,30.0,65.0,35,0.0,0.0,0.0,0.0,0.0,0.0,0.0,0.0,0.0,0.0,0.0,0.0,0.0,0.0,0.0,0.0,69.2,0,150,71,55,65476,0,300,0,1,8,20529,65476,0,0,40632,65.0,0.0,0.0,0.0,0.0,0.0
2026-09-04T20:07:52,ERR,ERR,ERR,ERR,ERR,ERR,ERR,ERR,ERR,ERR,ERR,ERR,ERR,ERR,ERR,ERR,ERR,ERR,ERR,ERR,ERR,ERR,ERR,ERR,ERR,ERR,ERR,ERR,ERR,ERR,ERR,ERR,ERR,ERR,ERR,ERR,ERR,ERR,ERR,ERR,ERR,ERR,ERR,ERR,ERR,ERR,ERR,ERR,ERR,ERR,ERR,ERR,ERR,ERR,ERR,ERR,ERR,ERR,ERR,ERR,ERR,ERR,ERR,ERR,ERR,ERR,ERR,ERR,ERR,ERR,ERR,ERR,ERR,ERR,ERR,ERR,ERR,ERR,ERR,ERR,ERR,ERR,ERR,ERR,ERR,ERR,ERR,ERR,ERR,ERR,ERR,ERR,ERR,ERR,ERR,ERR,ERR,ERR,ERR,ERR,ERR,ERR,ERR,ERR,ERR,ERR,ERR,ERR,ERR,ERR,ERR,ERR,ERR,ERR,ERR,ERR,ERR,ERR,ERR,ERR,ERR,ERR,ERR,ERR,ERR,2.718430741444032e+23,2.7184312818759872e+23,0.0,0.0,0.0,1.3936040501711995e+18,7.805,0.0,0,0,4,0,7116,0.0,100,0.0,0.0,0.0,0.0,0.0,0,0,0,0,0.0,0,0,0,0,0,0,0,0,0,0,0,0,0,0,0,0,0,0,0,0,0,0,0,0,0,0,0,0,0,0,0,0,0,31,40,40,71,65476,0,300,0,0,8,21553,0.0,-107605600.0,0.0,0.0,0.0,0.0,0.0,0.0,0.0,0.0,0.0,0.0,0.0,0.0,0.0,0.0,0.0,0.0,0.0,0.0,0.0,0.0,0.0,-2.004,-2.004,0.0,0.0,0.0,0.0,0.0,6223.0,-0.0,6933.0,2.718430741444032e+23,2.7184312818759872e+23,-0.0,2.718430741444032e+23,0.0,0.0,0.0,0.0,69,-0.0,0.0,0.0,0.0,0.0,0.0,0.0,0.0,0.0,0,0,0,0.0,0.0,0.0,0.0,0.0,0.0,0.0,0.0,0.0,0.0,0.0,0.0,0.0,0.0,0.0,0.0,0,-107875648.0,69,0.0,138,0.0,-109447200.0,0,13107,17040,39322,17049,13107,17043,0,0,0,70,68,100,2.7302359370752657e+23,71.2,2.7302370179391762e+23,74.2,2.7302370179391762e+23,74.0,1,49,50,180,13107,0,0,0,0.0,0.0,0.0,0.0,-0.0,67.0,0.0,162057.094,0.0,751,0,740,0,0,0,721,0,768,0,737,0,743,0,742,0,712,0,7520,0.032,108447924224.0,0.0,0.0,784,16797,-0.0,162057.094,-114818.039,-0.0,0.133,6.909358625270745e+28,30.0,65.0,35,0.0,0.0,0.0,0.0,0.0,0.0,0.0,0.0,0.0,0.0,0.0,0.0,0.0,0.0,0.0,0.0,69.2,0,150,71,55,65476,0,300,0,1,8,20529,65476,0,0,40632,65.0,0.0,0.0,0.0,0.0,0.0
2026-09-04T20:07:53,ERR,ERR,ERR,ERR,ERR,ERR,ERR,ERR,ERR,ERR,ERR,ERR,ERR,ERR,ERR,ERR,ERR,ERR,ERR,ERR,ERR,ERR,ERR,ERR,ERR,ERR,ERR,ERR,ERR,ERR,ERR,ERR,ERR,ERR,ERR,ERR,ERR,ERR,ERR,ERR,ERR,ERR,ERR,ERR,ERR,ERR,ERR,ERR,ERR,ERR,ERR,ERR,ERR,ERR,ERR,ERR,ERR,ERR,ERR,ERR,ERR,ERR,ERR,ERR,ERR,ERR,ERR,ERR,ERR,ERR,ERR,ERR,ERR,ERR,ERR,ERR,ERR,ERR,ERR,ERR,ERR,ERR,ERR,ERR,ERR,ERR,ERR,ERR,ERR,ERR,ERR,ERR,ERR,ERR,ERR,ERR,ERR,ERR,ERR,ERR,ERR,ERR,ERR,ERR,ERR,ERR,ERR,ERR,ERR,ERR,ERR,ERR,ERR,ERR,ERR,ERR,ERR,ERR,ERR,ERR,ERR,ERR,ERR,ERR,ERR,2.718430741444032e+23,2.7184312818759872e+23,0.0,0.0,0.0,1.3936040501711995e+18,7.805,0.0,0,0,4,0,7116,0.0,100,0.0,0.0,0.0,0.0,0.0,0,0,0,0,0.0,0,0,0,0,0,0,0,0,0,0,0,0,0,0,0,0,0,0,0,0,0,0,0,0,0,0,0,0,0,0,0,0,0,31,40,40,71,65476,0,300,0,0,8,21553,0.0,-107605600.0,0.0,0.0,0.0,0.0,0.0,0.0,0.0,0.0,0.0,0.0,0.0,0.0,0.0,0.0,0.0,0.0,0.0,0.0,0.0,0.0,0.0,-2.004,-2.004,0.0,0.0,0.0,0.0,0.0,6223.0,-0.0,6933.0,2.718430741444032e+23,2.7184312818759872e+23,-0.0,2.718430741444032e+23,0.0,0.0,0.0,0.0,69,-0.0,0.0,0.0,0.0,0.0,0.0,0.0,0.0,0.0,0,0,0,0.0,0.0,0.0,0.0,0.0,0.0,0.0,0.0,0.0,0.0,0.0,0.0,0.0,0.0,0.0,0.0,0,-107875648.0,69,0.0,138,0.0,-109447200.0,0,13107,17040,39322,17049,13107,17043,0,0,0,70,68,100,2.7302359370752657e+23,71.2,2.7302370179391762e+23,74.2,2.7302370179391762e+23,74.0,1,49,50,180,13107,0,0,0,0.0,0.0,0.0,0.0,-0.0,67.0,0.0,162057.094,0.0,751,0,740,0,0,0,721,0,768,0,737,0,743,0,742,0,712,0,7520,0.032,108447924224.0,0.0,0.0,784,16797,-0.0,162057.094,-114818.039,-0.0,0.133,6.909358625270745e+28,30.0,65.0,35,0.0,0.0,0.0,0.0,0.0,0.0,0.0,0.0,0.0,0.0,0.0,0.0,0.0,0.0,0.0,0.0,69.2,0,150,71,55,65476,0,300,0,1,8,20529,65476,0,0,40632,65.0,0.0,0.0,0.0,0.0,0.0
2026-09-04T20:07:54,ERR,ERR,ERR,ERR,ERR,ERR,ERR,ERR,ERR,ERR,ERR,ERR,ERR,ERR,ERR,ERR,ERR,ERR,ERR,ERR,ERR,ERR,ERR,ERR,ERR,ERR,ERR,ERR,ERR,ERR,ERR,ERR,ERR,ERR,ERR,ERR,ERR,ERR,ERR,ERR,ERR,ERR,ERR,ERR,ERR,ERR,ERR,ERR,ERR,ERR,ERR,ERR,ERR,ERR,ERR,ERR,ERR,ERR,ERR,ERR,ERR,ERR,ERR,ERR,ERR,ERR,ERR,ERR,ERR,ERR,ERR,ERR,ERR,ERR,ERR,ERR,ERR,ERR,ERR,ERR,ERR,ERR,ERR,ERR,ERR,ERR,ERR,ERR,ERR,ERR,ERR,ERR,ERR,ERR,ERR,ERR,ERR,ERR,ERR,ERR,ERR,ERR,ERR,ERR,ERR,ERR,ERR,ERR,ERR,ERR,ERR,ERR,ERR,ERR,ERR,ERR,ERR,ERR,ERR,ERR,ERR,ERR,ERR,ERR,ERR,2.718430741444032e+23,2.7184312818759872e+23,0.0,0.0,0.0,1.3936040501711995e+18,7.805,0.0,0,0,4,0,7116,0.0,100,0.0,0.0,0.0,0.0,0.0,0,0,0,0,0.0,0,0,0,0,0,0,0,0,0,0,0,0,0,0,0,0,0,0,0,0,0,0,0,0,0,0,0,0,0,0,0,0,0,31,40,40,71,65476,0,300,0,0,8,21553,0.0,-107605600.0,0.0,0.0,0.0,0.0,0.0,0.0,0.0,0.0,0.0,0.0,0.0,0.0,0.0,0.0,0.0,0.0,0.0,0.0,0.0,0.0,0.0,-2.004,-2.004,0.0,0.0,0.0,0.0,0.0,6223.0,-0.0,6933.0,2.718430741444032e+23,2.7184312818759872e+23,-0.0,2.718430741444032e+23,0.0,0.0,0.0,0.0,69,-0.0,0.0,0.0,0.0,0.0,0.0,0.0,0.0,0.0,0,0,0,0.0,0.0,0.0,0.0,0.0,0.0,0.0,0.0,0.0,0.0,0.0,0.0,0.0,0.0,0.0,0.0,0,-107875648.0,69,0.0,138,0.0,-109447200.0,0,13107,17040,39322,17049,13107,17043,0,0,0,70,68,100,2.7302359370752657e+23,71.2,2.7302370179391762e+23,74.2,2.7302370179391762e+23,74.0,1,49,50,180,13107,0,0,0,0.0,0.0,0.0,0.0,-0.0,67.0,0.0,162057.094,0.0,751,0,740,0,0,0,721,0,768,0,737,0,743,0,742,0,712,0,7520,0.032,108447924224.0,0.0,0.0,784,16797,-0.0,162057.094,-114818.039,-0.0,0.133,6.909358625270745e+28,30.0,65.0,35,0.0,0.0,0.0,0.0,0.0,0.0,0.0,0.0,0.0,0.0,0.0,0.0,0.0,0.0,0.0,0.0,69.2,0,150,71,55,65476,0,300,0,1,8,20529,65476,0,0,40632,65.0,0.0,0.0,0.0,0.0,0.0
2026-09-04T20:07:55,ERR,ERR,ERR,ERR,ERR,ERR,ERR,ERR,ERR,ERR,ERR,ERR,ERR,ERR,ERR,ERR,ERR,ERR,ERR,ERR,ERR,ERR,ERR,ERR,ERR,ERR,ERR,ERR,ERR,ERR,ERR,ERR,ERR,ERR,ERR,ERR,ERR,ERR,ERR,ERR,ERR,ERR,ERR,ERR,ERR,ERR,ERR,ERR,ERR,ERR,ERR,ERR,ERR,ERR,ERR,ERR,ERR,ERR,ERR,ERR,ERR,ERR,ERR,ERR,ERR,ERR,ERR,ERR,ERR,ERR,ERR,ERR,ERR,ERR,ERR,ERR,ERR,ERR,ERR,ERR,ERR,ERR,ERR,ERR,ERR,ERR,ERR,ERR,ERR,ERR,ERR,ERR,ERR,ERR,ERR,ERR,ERR,ERR,ERR,ERR,ERR,ERR,ERR,ERR,ERR,ERR,ERR,ERR,ERR,ERR,ERR,ERR,ERR,ERR,ERR,ERR,ERR,ERR,ERR,ERR,ERR,ERR,ERR,ERR,ERR,2.718430741444032e+23,2.7184312818759872e+23,0.0,0.0,0.0,1.3936040501711995e+18,7.805,0.0,0,0,4,0,7116,0.0,100,0.0,0.0,0.0,0.0,0.0,0,0,0,0,0.0,0,0,0,0,0,0,0,0,0,0,0,0,0,0,0,0,0,0,0,0,0,0,0,0,0,0,0,0,0,0,0,0,0,31,40,40,71,65476,0,300,0,0,8,21553,0.0,-107605600.0,0.0,0.0,0.0,0.0,0.0,0.0,0.0,0.0,0.0,0.0,0.0,0.0,0.0,0.0,0.0,0.0,0.0,0.0,0.0,0.0,0.0,-2.004,-2.004,0.0,0.0,0.0,0.0,0.0,6223.0,-0.0,6933.0,2.718430741444032e+23,2.7184312818759872e+23,-0.0,2.718430741444032e+23,0.0,0.0,0.0,0.0,69,-0.0,0.0,0.0,0.0,0.0,0.0,0.0,0.0,0.0,0,0,0,0.0,0.0,0.0,0.0,0.0,0.0,0.0,0.0,0.0,0.0,0.0,0.0,0.0,0.0,0.0,0.0,0,-107875648.0,69,0.0,138,0.0,-109447200.0,0,13107,17040,39322,17049,13107,17043,0,0,0,70,68,100,2.7302359370752657e+23,71.2,2.7302370179391762e+23,74.2,2.7302370179391762e+23,74.0,1,49,50,180,13107,0,0,0,0.0,0.0,0.0,0.0,-0.0,67.0,0.0,162057.094,0.0,751,0,740,0,0,0,721,0,768,0,737,0,743,0,742,0,712,0,7520,0.032,108447924224.0,0.0,0.0,784,16797,-0.0,162057.094,-114818.039,-0.0,0.133,6.909358625270745e+28,30.0,65.0,35,0.0,0.0,0.0,0.0,0.0,0.0,0.0,0.0,0.0,0.0,0.0,0.0,0.0,0.0,0.0,0.0,69.2,0,150,71,55,65476,0,300,0,1,8,20529,65476,0,0,40632,65.0,0.0,0.0,0.0,0.0,0.0
2026-09-04T20:07:56,ERR,ERR,ERR,ERR,ERR,ERR,ERR,ERR,ERR,ERR,ERR,ERR,ERR,ERR,ERR,ERR,ERR,ERR,ERR,ERR,ERR,ERR,ERR,ERR,ERR,ERR,ERR,ERR,ERR,ERR,ERR,ERR,ERR,ERR,ERR,ERR,ERR,ERR,ERR,ERR,ERR,ERR,ERR,ERR,ERR,ERR,ERR,ERR,ERR,ERR,ERR,ERR,ERR,ERR,ERR,ERR,ERR,ERR,ERR,ERR,ERR,ERR,ERR,ERR,ERR,ERR,ERR,ERR,ERR,ERR,ERR,ERR,ERR,ERR,ERR,ERR,ERR,ERR,ERR,ERR,ERR,ERR,ERR,ERR,ERR,ERR,ERR,ERR,ERR,ERR,ERR,ERR,ERR,ERR,ERR,ERR,ERR,ERR,ERR,ERR,ERR,ERR,ERR,ERR,ERR,ERR,ERR,ERR,ERR,ERR,ERR,ERR,ERR,ERR,ERR,ERR,ERR,ERR,ERR,ERR,ERR,ERR,ERR,ERR,ERR,2.718430741444032e+23,2.7184312818759872e+23,0.0,0.0,0.0,1.3936040501711995e+18,7.805,0.0,0,0,4,0,7116,0.0,100,0.0,0.0,0.0,0.0,0.0,0,0,0,0,0.0,0,0,0,0,0,0,0,0,0,0,0,0,0,0,0,0,0,0,0,0,0,0,0,0,0,0,0,0,0,0,0,0,0,31,40,40,71,65476,0,300,0,0,8,21553,0.0,-107605600.0,0.0,0.0,0.0,0.0,0.0,0.0,0.0,0.0,0.0,0.0,0.0,0.0,0.0,0.0,0.0,0.0,0.0,0.0,0.0,0.0,0.0,-2.004,-2.004,0.0,0.0,0.0,0.0,0.0,6220.0,0.0,6921.0,2.718430741444032e+23,2.7184312818759872e+23,-0.0,2.718430741444032e+23,0.0,0.0,0.0,0.0,69,-0.0,-0.0,0.0,0.0,0.0,0.0,0.0,0.0,0.0,0,0,0,0.0,0.0,0.0,0.0,0.0,0.0,0.0,0.0,0.0,0.0,0.0,0.0,0.0,0.0,0.0,0.0,0,-107875648.0,69,0.0,138,0.0,-109447200.0,0,13107,17040,39322,17049,13107,17043,0,0,0,70,68,100,2.7302359370752657e+23,71.2,2.7302370179391762e+23,74.2,2.7302370179391762e+23,74.0,1,49,50,180,13107,0,0,0,0.0,0.0,0.0,0.0,-0.0,67.0,0.0,162057.094,0.0,751,0,740,0,0,0,721,0,768,0,737,0,743,0,742,0,712,0,7520,0.032,108447924224.0,0.0,0.0,784,16797,-0.0,162057.094,-114818.039,-0.0,0.133,6.909358625270745e+28,30.0,65.0,35,0.0,0.0,0.0,0.0,0.0,0.0,0.0,0.0,0.0,0.0,0.0,0.0,0.0,0.0,0.0,0.0,69.2,0,150,71,55,65476,0,300,0,1,8,20529,65476,0,0,40632,65.0,0.0,0.0,0.0,0.0,0.0
2026-09-04T20:07:57,ERR,ERR,ERR,ERR,ERR,ERR,ERR,ERR,ERR,ERR,ERR,ERR,ERR,ERR,ERR,ERR,ERR,ERR,ERR,ERR,ERR,ERR,ERR,ERR,ERR,ERR,ERR,ERR,ERR,ERR,ERR,ERR,ERR,ERR,ERR,ERR,ERR,ERR,ERR,ERR,ERR,ERR,ERR,ERR,ERR,ERR,ERR,ERR,ERR,ERR,ERR,ERR,ERR,ERR,ERR,ERR,ERR,ERR,ERR,ERR,ERR,ERR,ERR,ERR,ERR,ERR,ERR,ERR,ERR,ERR,ERR,ERR,ERR,ERR,ERR,ERR,ERR,ERR,ERR,ERR,ERR,ERR,ERR,ERR,ERR,ERR,ERR,ERR,ERR,ERR,ERR,ERR,ERR,ERR,ERR,ERR,ERR,ERR,ERR,ERR,ERR,ERR,ERR,ERR,ERR,ERR,ERR,ERR,ERR,ERR,ERR,ERR,ERR,ERR,ERR,ERR,ERR,ERR,ERR,ERR,ERR,ERR,ERR,ERR,ERR,2.718430741444032e+23,2.7184312818759872e+23,0.0,0.0,0.0,1.3936040501711995e+18,7.805,0.0,0,0,4,0,7116,0.0,100,0.0,0.0,0.0,0.0,0.0,0,0,0,0,0.0,0,0,0,0,0,0,0,0,0,0,0,0,0,0,0,0,0,0,0,0,0,0,0,0,0,0,0,0,0,0,0,0,0,31,40,40,71,65476,0,300,0,0,8,21553,0.0,-107605600.0,0.0,0.0,0.0,0.0,0.0,0.0,0.0,0.0,0.0,0.0,0.0,0.0,0.0,0.0,0.0,0.0,0.0,0.0,0.0,0.0,0.0,-2.004,-2.004,0.0,0.0,0.0,0.0,0.0,6220.0,0.0,6921.0,2.718430741444032e+23,2.7184312818759872e+23,-0.0,2.718430741444032e+23,0.0,0.0,0.0,0.0,69,-0.0,-0.0,0.0,0.0,0.0,0.0,0.0,0.0,0.0,0,0,0,0.0,0.0,0.0,0.0,0.0,0.0,0.0,0.0,0.0,0.0,0.0,0.0,0.0,0.0,0.0,0.0,0,-107875648.0,69,0.0,138,0.0,-109447200.0,0,13107,17040,39322,17049,13107,17043,0,0,0,70,68,100,2.7302359370752657e+23,71.2,2.7302370179391762e+23,74.3,-0.0,74.0,1,49,50,180,13107,0,0,0,0.0,0.0,0.0,0.0,-0.0,67.0,0.0,162057.094,0.0,751,0,740,0,0,0,721,0,768,0,736,0,743,0,742,0,712,0,7520,0.032,107911053312.0,0.0,0.0,784,16797,-0.0,162057.094,-114818.039,-0.0,0.133,6.909358625270745e+28,30.0,65.0,35,0.0,0.0,0.0,0.0,0.0,0.0,0.0,0.0,0.0,0.0,0.0,0.0,0.0,0.0,0.0,0.0,69.2,0,150,71,55,65476,0,300,0,1,8,20529,65476,0,0,40632,65.0,0.0,0.0,0.0,0.0,0.0
2026-09-04T20:07:58,ERR,ERR,ERR,ERR,ERR,ERR,ERR,ERR,ERR,ERR,ERR,ERR,ERR,ERR,ERR,ERR,ERR,ERR,ERR,ERR,ERR,ERR,ERR,ERR,ERR,ERR,ERR,ERR,ERR,ERR,ERR,ERR,ERR,ERR,ERR,ERR,ERR,ERR,ERR,ERR,ERR,ERR,ERR,ERR,ERR,ERR,ERR,ERR,ERR,ERR,ERR,ERR,ERR,ERR,ERR,ERR,ERR,ERR,ERR,ERR,ERR,ERR,ERR,ERR,ERR,ERR,ERR,ERR,ERR,ERR,ERR,ERR,ERR,ERR,ERR,ERR,ERR,ERR,ERR,ERR,ERR,ERR,ERR,ERR,ERR,ERR,ERR,ERR,ERR,ERR,ERR,ERR,ERR,ERR,ERR,ERR,ERR,ERR,ERR,ERR,ERR,ERR,ERR,ERR,ERR,ERR,ERR,ERR,ERR,ERR,ERR,ERR,ERR,ERR,ERR,ERR,ERR,ERR,ERR,ERR,ERR,ERR,ERR,ERR,ERR,2.718430741444032e+23,2.7184312818759872e+23,0.0,0.0,0.0,1.3936040501711995e+18,7.805,0.0,0,0,4,0,7116,0.0,100,0.0,0.0,0.0,0.0,0.0,0,0,0,0,0.0,0,0,0,0,0,0,0,0,0,0,0,0,0,0,0,0,0,0,0,0,0,0,0,0,0,0,0,0,0,0,0,0,0,31,40,40,71,65476,0,300,0,0,8,21553,0.0,-107605600.0,0.0,0.0,0.0,0.0,0.0,0.0,0.0,0.0,0.0,0.0,0.0,0.0,0.0,0.0,0.0,0.0,0.0,0.0,0.0,0.0,0.0,-2.004,-2.004,0.0,0.0,0.0,0.0,0.0,6220.0,0.0,6921.0,2.718430741444032e+23,2.7184312818759872e+23,-0.0,2.718430741444032e+23,0.0,0.0,0.0,0.0,69,-0.0,-0.0,0.0,0.0,0.0,0.0,0.0,0.0,0.0,0,0,0,0.0,0.0,0.0,0.0,0.0,0.0,0.0,0.0,0.0,0.0,0.0,0.0,0.0,0.0,0.0,0.0,0,-107875648.0,69,0.0,138,0.0,-109447200.0,0,13107,17040,39322,17049,13107,17043,0,0,0,70,68,100,2.7302359370752657e+23,71.2,2.7302370179391762e+23,74.3,-0.0,74.0,1,49,50,180,13107,0,0,0,0.0,0.0,0.0,0.0,-0.0,67.0,0.0,162057.094,0.0,751,0,740,0,0,0,721,0,768,0,736,0,743,0,742,0,712,0,7520,0.032,107911053312.0,0.0,0.0,784,16797,-0.0,162057.094,-114818.039,-0.0,0.133,6.909358625270745e+28,30.0,65.0,35,0.0,0.0,0.0,0.0,0.0,0.0,0.0,0.0,0.0,0.0,0.0,0.0,0.0,0.0,0.0,0.0,69.2,0,150,71,55,65476,0,300,0,1,8,20529,65476,0,0,40632,65.0,0.0,0.0,0.0,0.0,0.0
2026-09-04T20:07:59,ERR,ERR,ERR,ERR,ERR,ERR,ERR,ERR,ERR,ERR,ERR,ERR,ERR,ERR,ERR,ERR,ERR,ERR,ERR,ERR,ERR,ERR,ERR,ERR,ERR,ERR,ERR,ERR,ERR,ERR,ERR,ERR,ERR,ERR,ERR,ERR,ERR,ERR,ERR,ERR,ERR,ERR,ERR,ERR,ERR,ERR,ERR,ERR,ERR,ERR,ERR,ERR,ERR,ERR,ERR,ERR,ERR,ERR,ERR,ERR,ERR,ERR,ERR,ERR,ERR,ERR,ERR,ERR,ERR,ERR,ERR,ERR,ERR,ERR,ERR,ERR,ERR,ERR,ERR,ERR,ERR,ERR,ERR,ERR,ERR,ERR,ERR,ERR,ERR,ERR,ERR,ERR,ERR,ERR,ERR,ERR,ERR,ERR,ERR,ERR,ERR,ERR,ERR,ERR,ERR,ERR,ERR,ERR,ERR,ERR,ERR,ERR,ERR,ERR,ERR,ERR,ERR,ERR,ERR,ERR,ERR,ERR,ERR,ERR,ERR,2.718430741444032e+23,2.7184312818759872e+23,0.0,0.0,0.0,1.3936040501711995e+18,7.805,0.0,0,0,4,0,7116,0.0,100,0.0,0.0,0.0,0.0,0.0,0,0,0,0,0.0,0,0,0,0,0,0,0,0,0,0,0,0,0,0,0,0,0,0,0,0,0,0,0,0,0,0,0,0,0,0,0,0,0,31,40,40,71,65476,0,300,0,0,8,21553,0.0,-107605600.0,0.0,0.0,0.0,0.0,0.0,0.0,0.0,0.0,0.0,0.0,0.0,0.0,0.0,0.0,0.0,0.0,0.0,0.0,0.0,0.0,0.0,-2.004,-2.004,0.0,0.0,0.0,0.0,0.0,6220.0,0.0,6921.0,2.718430741444032e+23,2.7184312818759872e+23,-0.0,2.718430741444032e+23,0.0,0.0,0.0,0.0,69,-0.0,-0.0,0.0,0.0,0.0,0.0,0.0,0.0,0.0,0,0,0,0.0,0.0,0.0,0.0,0.0,0.0,0.0,0.0,0.0,0.0,0.0,0.0,0.0,0.0,0.0,0.0,0,-107875648.0,69,0.0,138,0.0,-109447200.0,0,13107,17040,39322,17049,13107,17043,0,0,0,70,68,100,2.7302359370752657e+23,71.2,2.7302370179391762e+23,74.3,-0.0,74.0,1,49,50,180,13107,0,0,0,0.0,0.0,0.0,0.0,-0.0,67.0,0.0,162057.094,0.0,751,0,740,0,0,0,721,0,768,0,736,0,743,0,742,0,712,0,7520,0.032,107911053312.0,0.0,0.0,784,16797,-0.0,162057.094,-114818.039,-0.0,0.133,6.909358625270745e+28,30.0,65.0,35,0.0,0.0,0.0,0.0,0.0,0.0,0.0,0.0,0.0,0.0,0.0,0.0,0.0,0.0,0.0,0.0,69.2,0,150,71,55,65476,0,300,0,1,8,20529,65476,0,0,40632,65.0,0.0,0.0,0.0,0.0,0.0
2026-09-04T20:08:00,ERR,ERR,ERR,ERR,ERR,ERR,ERR,ERR,ERR,ERR,ERR,ERR,ERR,ERR,ERR,ERR,ERR,ERR,ERR,ERR,ERR,ERR,ERR,ERR,ERR,ERR,ERR,ERR,ERR,ERR,ERR,ERR,ERR,ERR,ERR,ERR,ERR,ERR,ERR,ERR,ERR,ERR,ERR,ERR,ERR,ERR,ERR,ERR,ERR,ERR,ERR,ERR,ERR,ERR,ERR,ERR,ERR,ERR,ERR,ERR,ERR,ERR,ERR,ERR,ERR,ERR,ERR,ERR,ERR,ERR,ERR,ERR,ERR,ERR,ERR,ERR,ERR,ERR,ERR,ERR,ERR,ERR,ERR,ERR,ERR,ERR,ERR,ERR,ERR,ERR,ERR,ERR,ERR,ERR,ERR,ERR,ERR,ERR,ERR,ERR,ERR,ERR,ERR,ERR,ERR,ERR,ERR,ERR,ERR,ERR,ERR,ERR,ERR,ERR,ERR,ERR,ERR,ERR,ERR,ERR,ERR,ERR,ERR,ERR,ERR,2.718430741444032e+23,2.7184312818759872e+23,0.0,0.0,0.0,1.3936040501711995e+18,7.805,0.0,0,0,4,0,7116,0.0,100,0.0,0.0,0.0,0.0,0.0,0,0,0,0,0.0,0,0,0,0,0,0,0,0,0,0,0,0,0,0,0,0,0,0,0,0,0,0,0,0,0,0,0,0,0,0,0,0,0,31,40,40,71,65476,0,300,0,0,8,21553,0.0,-107605600.0,0.0,0.0,0.0,0.0,0.0,0.0,0.0,0.0,0.0,0.0,0.0,0.0,0.0,0.0,0.0,0.0,0.0,0.0,0.0,0.0,0.0,-2.004,-2.004,0.0,0.0,0.0,0.0,0.0,6220.0,0.0,6921.0,2.718430741444032e+23,2.7184312818759872e+23,-0.0,2.718430741444032e+23,0.0,0.0,0.0,0.0,69,-0.0,-0.0,0.0,0.0,0.0,0.0,0.0,0.0,0.0,0,0,0,0.0,0.0,0.0,0.0,0.0,0.0,0.0,0.0,0.0,0.0,0.0,0.0,0.0,0.0,0.0,0.0,0,-107875648.0,69,0.0,138,0.0,-109447200.0,0,13107,17040,39322,17049,13107,17043,0,0,0,70,68,100,2.7302359370752657e+23,71.2,2.7302370179391762e+23,74.3,-0.0,74.0,1,49,50,180,13107,0,0,0,0.0,0.0,0.0,0.0,-0.0,67.0,0.0,162057.094,0.0,751,0,740,0,0,0,721,0,768,0,736,0,743,0,742,0,712,0,7520,0.032,107911053312.0,0.0,0.0,784,16797,-0.0,162057.094,-114818.039,-0.0,0.133,6.909358625270745e+28,30.0,65.0,35,0.0,0.0,0.0,0.0,0.0,0.0,0.0,0.0,0.0,0.0,0.0,0.0,0.0,0.0,0.0,0.0,69.2,0,150,71,55,65476,0,300,0,1,8,20529,65476,0,0,40632,65.0,0.0,0.0,0.0,0.0,0.0
2026-09-04T20:08:01,ERR,ERR,ERR,ERR,ERR,ERR,ERR,ERR,ERR,ERR,ERR,ERR,ERR,ERR,ERR,ERR,ERR,ERR,ERR,ERR,ERR,ERR,ERR,ERR,ERR,ERR,ERR,ERR,ERR,ERR,ERR,ERR,ERR,ERR,ERR,ERR,ERR,ERR,ERR,ERR,ERR,ERR,ERR,ERR,ERR,ERR,ERR,ERR,ERR,ERR,ERR,ERR,ERR,ERR,ERR,ERR,ERR,ERR,ERR,ERR,ERR,ERR,ERR,ERR,ERR,ERR,ERR,ERR,ERR,ERR,ERR,ERR,ERR,ERR,ERR,ERR,ERR,ERR,ERR,ERR,ERR,ERR,ERR,ERR,ERR,ERR,ERR,ERR,ERR,ERR,ERR,ERR,ERR,ERR,ERR,ERR,ERR,ERR,ERR,ERR,ERR,ERR,ERR,ERR,ERR,ERR,ERR,ERR,ERR,ERR,ERR,ERR,ERR,ERR,ERR,ERR,ERR,ERR,ERR,ERR,ERR,ERR,ERR,ERR,ERR,2.718430741444032e+23,2.7184312818759872e+23,0.0,0.0,0.0,1.3936040501711995e+18,7.805,0.0,0,0,4,0,7116,0.0,100,0.0,0.0,0.0,0.0,0.0,0,0,0,0,0.0,0,0,0,0,0,0,0,0,0,0,0,0,0,0,0,0,0,0,0,0,0,0,0,0,0,0,0,0,0,0,0,0,0,31,40,40,71,65476,0,300,0,0,8,21553,0.0,-107605600.0,0.0,0.0,0.0,0.0,0.0,0.0,0.0,0.0,0.0,0.0,0.0,0.0,0.0,0.0,0.0,0.0,0.0,0.0,0.0,0.0,0.0,-2.004,-2.004,0.0,0.0,0.0,0.0,0.0,6220.0,0.0,6921.0,2.718430741444032e+23,2.7184312818759872e+23,-0.0,2.718430741444032e+23,0.0,0.0,0.0,0.0,69,-0.0,-0.0,0.0,0.0,0.0,0.0,0.0,0.0,0.0,0,0,0,0.0,0.0,0.0,0.0,0.0,0.0,0.0,0.0,0.0,0.0,0.0,0.0,0.0,0.0,0.0,0.0,0,-107875648.0,69,0.0,138,0.0,-109447200.0,0,13107,17040,39322,17049,13107,17043,0,0,0,70,68,100,2.7302359370752657e+23,71.2,2.7302370179391762e+23,74.3,-0.0,74.0,1,49,50,180,13107,0,0,0,0.0,0.0,0.0,0.0,-0.0,67.0,0.0,162057.094,0.0,751,0,740,0,0,0,721,0,768,0,736,0,743,0,742,0,712,0,7520,0.032,107911053312.0,0.0,0.0,784,16797,-0.0,162057.094,-114818.039,-0.0,0.133,6.909358625270745e+28,30.0,65.0,35,0.0,0.0,0.0,0.0,0.0,0.0,0.0,0.0,0.0,0.0,0.0,0.0,0.0,0.0,0.0,0.0,69.2,0,150,71,55,65476,0,300,0,1,8,20529,65476,0,0,40632,65.0,0.0,0.0,0.0,0.0,0.0
2026-09-04T20:08:02,ERR,ERR,ERR,ERR,ERR,ERR,ERR,ERR,ERR,ERR,ERR,ERR,ERR,ERR,ERR,ERR,ERR,ERR,ERR,ERR,ERR,ERR,ERR,ERR,ERR,ERR,ERR,ERR,ERR,ERR,ERR,ERR,ERR,ERR,ERR,ERR,ERR,ERR,ERR,ERR,ERR,ERR,ERR,ERR,ERR,ERR,ERR,ERR,ERR,ERR,ERR,ERR,ERR,ERR,ERR,ERR,ERR,ERR,ERR,ERR,ERR,ERR,ERR,ERR,ERR,ERR,ERR,ERR,ERR,ERR,ERR,ERR,ERR,ERR,ERR,ERR,ERR,ERR,ERR,ERR,ERR,ERR,ERR,ERR,ERR,ERR,ERR,ERR,ERR,ERR,ERR,ERR,ERR,ERR,ERR,ERR,ERR,ERR,ERR,ERR,ERR,ERR,ERR,ERR,ERR,ERR,ERR,ERR,ERR,ERR,ERR,ERR,ERR,ERR,ERR,ERR,ERR,ERR,ERR,ERR,ERR,ERR,ERR,ERR,ERR,2.718430741444032e+23,2.7184312818759872e+23,0.0,0.0,0.0,1.3936040501711995e+18,7.805,0.0,0,0,4,0,7116,0.0,100,0.0,0.0,0.0,0.0,0.0,0,0,0,0,0.0,0,0,0,0,0,0,0,0,0,0,0,0,0,0,0,0,0,0,0,0,0,0,0,0,0,0,0,0,0,0,0,0,0,31,40,40,71,65476,0,300,0,0,8,21553,0.0,-107605600.0,0.0,0.0,0.0,0.0,0.0,0.0,0.0,0.0,0.0,0.0,0.0,0.0,0.0,0.0,0.0,0.0,0.0,0.0,0.0,0.0,0.0,-2.004,-2.004,0.0,0.0,0.0,0.0,0.0,6220.0,0.0,6921.0,2.718430741444032e+23,2.7184312818759872e+23,-0.0,2.718430741444032e+23,0.0,0.0,0.0,0.0,69,-0.0,-0.0,0.0,0.0,0.0,0.0,0.0,0.0,0.0,0,0,0,0.0,0.0,0.0,0.0,0.0,0.0,0.0,0.0,0.0,0.0,0.0,0.0,0.0,0.0,0.0,0.0,0,-107875648.0,69,0.0,138,0.0,-109447200.0,0,13107,17040,39322,17049,13107,17043,0,0,0,70,68,100,2.7302359370752657e+23,71.2,2.7302370179391762e+23,74.3,-0.0,74.0,1,49,50,180,13107,0,0,0,0.0,0.0,0.0,0.0,-0.0,67.0,0.0,162057.094,0.0,751,0,740,0,0,0,721,0,768,0,736,0,742,0,742,0,712,0,7520,0.032,107911053312.0,0.0,0.0,784,16797,-0.0,162057.094,-114818.039,-0.0,0.133,6.909358625270745e+28,30.0,65.0,35,0.0,0.0,0.0,0.0,0.0,0.0,0.0,0.0,0.0,0.0,0.0,0.0,0.0,0.0,0.0,0.0,69.2,0,150,71,55,65476,0,300,0,1,8,20529,65476,0,0,40632,65.0,0.0,0.0,0.0,0.0,0.0
2026-09-04T20:08:03,ERR,ERR,ERR,ERR,ERR,ERR,ERR,ERR,ERR,ERR,ERR,ERR,ERR,ERR,ERR,ERR,ERR,ERR,ERR,ERR,ERR,ERR,ERR,ERR,ERR,ERR,ERR,ERR,ERR,ERR,ERR,ERR,ERR,ERR,ERR,ERR,ERR,ERR,ERR,ERR,ERR,ERR,ERR,ERR,ERR,ERR,ERR,ERR,ERR,ERR,ERR,ERR,ERR,ERR,ERR,ERR,ERR,ERR,ERR,ERR,ERR,ERR,ERR,ERR,ERR,ERR,ERR,ERR,ERR,ERR,ERR,ERR,ERR,ERR,ERR,ERR,ERR,ERR,ERR,ERR,ERR,ERR,ERR,ERR,ERR,ERR,ERR,ERR,ERR,ERR,ERR,ERR,ERR,ERR,ERR,ERR,ERR,ERR,ERR,ERR,ERR,ERR,ERR,ERR,ERR,ERR,ERR,ERR,ERR,ERR,ERR,ERR,ERR,ERR,ERR,ERR,ERR,ERR,ERR,ERR,ERR,ERR,ERR,ERR,ERR,2.718430741444032e+23,2.7184312818759872e+23,0.0,0.0,0.0,1.3936040501711995e+18,7.805,0.0,0,0,4,0,7116,0.0,100,0.0,0.0,0.0,0.0,0.0,0,0,0,0,0.0,0,0,0,0,0,0,0,0,0,0,0,0,0,0,0,0,0,0,0,0,0,0,0,0,0,0,0,0,0,0,0,0,0,31,40,40,71,65476,0,300,0,0,8,21553,0.0,-107605600.0,0.0,0.0,0.0,0.0,0.0,0.0,0.0,0.0,0.0,0.0,0.0,0.0,0.0,0.0,0.0,0.0,0.0,0.0,0.0,0.0,0.0,-2.004,-2.004,0.0,0.0,0.0,0.0,0.0,6215.0,-0.0,6929.0,2.718430741444032e+23,2.7184312818759872e+23,-0.0,2.718430741444032e+23,0.0,0.0,0.0,0.0,69,-0.0,0.0,0.0,0.0,0.0,0.0,0.0,0.0,0.0,0,0,0,0.0,0.0,0.0,0.0,0.0,0.0,0.0,0.0,0.0,0.0,0.0,0.0,0.0,0.0,0.0,0.0,0,-107875648.0,69,0.0,138,0.0,-109447200.0,0,13107,17040,39322,17049,13107,17043,0,0,0,70,68,100,2.7302359370752657e+23,71.2,2.7302370179391762e+23,74.3,-0.0,74.0,1,49,50,180,13107,0,0,0,0.0,0.0,0.0,0.0,-0.0,67.0,0.0,162057.094,0.0,751,0,740,0,0,0,721,0,768,0,736,0,742,0,742,0,712,0,7520,0.032,107911053312.0,0.0,0.0,784,16797,-0.0,162057.094,-114818.039,-0.0,0.133,6.909358625270745e+28,30.0,65.0,35,0.0,0.0,0.0,0.0,0.0,0.0,0.0,0.0,0.0,0.0,0.0,0.0,0.0,0.0,0.0,0.0,69.2,0,150,71,55,65476,0,300,0,1,8,20529,65476,0,0,40632,65.0,0.0,0.0,0.0,0.0,0.0
2026-09-04T20:08:04,ERR,ERR,ERR,ERR,ERR,ERR,ERR,ERR,ERR,ERR,ERR,ERR,ERR,ERR,ERR,ERR,ERR,ERR,ERR,ERR,ERR,ERR,ERR,ERR,ERR,ERR,ERR,ERR,ERR,ERR,ERR,ERR,ERR,ERR,ERR,ERR,ERR,ERR,ERR,ERR,ERR,ERR,ERR,ERR,ERR,ERR,ERR,ERR,ERR,ERR,ERR,ERR,ERR,ERR,ERR,ERR,ERR,ERR,ERR,ERR,ERR,ERR,ERR,ERR,ERR,ERR,ERR,ERR,ERR,ERR,ERR,ERR,ERR,ERR,ERR,ERR,ERR,ERR,ERR,ERR,ERR,ERR,ERR,ERR,ERR,ERR,ERR,ERR,ERR,ERR,ERR,ERR,ERR,ERR,ERR,ERR,ERR,ERR,ERR,ERR,ERR,ERR,ERR,ERR,ERR,ERR,ERR,ERR,ERR,ERR,ERR,ERR,ERR,ERR,ERR,ERR,ERR,ERR,ERR,ERR,ERR,ERR,ERR,ERR,ERR,2.718430741444032e+23,2.7184312818759872e+23,0.0,0.0,0.0,1.3936040501711995e+18,7.805,0.0,0,0,4,0,7116,0.0,100,0.0,0.0,0.0,0.0,0.0,0,0,0,0,0.0,0,0,0,0,0,0,0,0,0,0,0,0,0,0,0,0,0,0,0,0,0,0,0,0,0,0,0,0,0,0,0,0,0,31,40,40,71,65476,0,300,0,0,8,21553,0.0,-107605600.0,0.0,0.0,0.0,0.0,0.0,0.0,0.0,0.0,0.0,0.0,0.0,0.0,0.0,0.0,0.0,0.0,0.0,0.0,0.0,0.0,0.0,-2.004,-2.004,0.0,0.0,0.0,0.0,0.0,6215.0,-0.0,6929.0,2.718430741444032e+23,2.7184312818759872e+23,-0.0,2.718430741444032e+23,0.0,0.0,0.0,0.0,69,-0.0,0.0,0.0,0.0,0.0,0.0,0.0,0.0,0.0,0,0,0,0.0,0.0,0.0,0.0,0.0,0.0,0.0,0.0,0.0,0.0,0.0,0.0,0.0,0.0,0.0,0.0,0,-107875648.0,69,0.0,138,0.0,-109447200.0,0,13107,17040,39322,17049,13107,17043,0,0,0,70,68,100,2.7302359370752657e+23,71.2,2.7302370179391762e+23,74.3,-0.0,74.0,1,49,50,180,13107,0,0,0,0.0,0.0,0.0,0.0,-0.0,67.0,0.0,162057.094,0.0,751,0,740,0,0,0,721,0,768,0,736,0,742,0,742,0,712,0,7520,0.032,107911053312.0,0.0,0.0,784,16797,-0.0,162057.094,-114818.039,-0.0,0.133,6.909358625270745e+28,30.0,65.0,35,0.0,0.0,0.0,0.0,0.0,0.0,0.0,0.0,0.0,0.0,0.0,0.0,0.0,0.0,0.0,0.0,69.2,0,150,71,55,65476,0,300,0,1,8,20529,65476,0,0,40632,65.0,0.0,0.0,0.0,0.0,0.0
2026-09-04T20:08:05,ERR,ERR,ERR,ERR,ERR,ERR,ERR,ERR,ERR,ERR,ERR,ERR,ERR,ERR,ERR,ERR,ERR,ERR,ERR,ERR,ERR,ERR,ERR,ERR,ERR,ERR,ERR,ERR,ERR,ERR,ERR,ERR,ERR,ERR,ERR,ERR,ERR,ERR,ERR,ERR,ERR,ERR,ERR,ERR,ERR,ERR,ERR,ERR,ERR,ERR,ERR,ERR,ERR,ERR,ERR,ERR,ERR,ERR,ERR,ERR,ERR,ERR,ERR,ERR,ERR,ERR,ERR,ERR,ERR,ERR,ERR,ERR,ERR,ERR,ERR,ERR,ERR,ERR,ERR,ERR,ERR,ERR,ERR,ERR,ERR,ERR,ERR,ERR,ERR,ERR,ERR,ERR,ERR,ERR,ERR,ERR,ERR,ERR,ERR,ERR,ERR,ERR,ERR,ERR,ERR,ERR,ERR,ERR,ERR,ERR,ERR,ERR,ERR,ERR,ERR,ERR,ERR,ERR,ERR,ERR,ERR,ERR,ERR,ERR,ERR,2.718430741444032e+23,2.7184312818759872e+23,0.0,0.0,0.0,1.3936040501711995e+18,7.805,0.0,0,0,4,0,7116,0.0,100,0.0,0.0,0.0,0.0,0.0,0,0,0,0,0.0,0,0,0,0,0,0,0,0,0,0,0,0,0,0,0,0,0,0,0,0,0,0,0,0,0,0,0,0,0,0,0,0,0,31,40,40,71,65476,0,300,0,0,8,21553,0.0,-107605600.0,0.0,0.0,0.0,0.0,0.0,0.0,0.0,0.0,0.0,0.0,0.0,0.0,0.0,0.0,0.0,0.0,0.0,0.0,0.0,0.0,0.0,-2.004,-2.004,0.0,0.0,0.0,0.0,0.0,6215.0,-0.0,6929.0,2.718430741444032e+23,2.7184312818759872e+23,-0.0,2.718430741444032e+23,0.0,0.0,0.0,0.0,69,-0.0,0.0,0.0,0.0,0.0,0.0,0.0,0.0,0.0,0,0,0,0.0,0.0,0.0,0.0,0.0,0.0,0.0,0.0,0.0,0.0,0.0,0.0,0.0,0.0,0.0,0.0,0,-107875648.0,69,0.0,138,0.0,-109447200.0,0,13107,17040,39322,17049,13107,17043,0,0,0,70,68,100,2.7302359370752657e+23,71.2,2.7302370179391762e+23,74.3,-0.0,74.0,1,49,50,180,13107,0,0,0,0.0,0.0,0.0,0.0,-0.0,67.0,0.0,162057.094,0.0,751,0,740,0,0,0,721,0,768,0,736,0,742,0,742,0,712,0,7520,0.032,107911053312.0,0.0,0.0,784,16797,-0.0,162057.094,-114818.039,-0.0,0.133,6.909358625270745e+28,30.0,65.0,35,0.0,0.0,0.0,0.0,0.0,0.0,0.0,0.0,0.0,0.0,0.0,0.0,0.0,0.0,0.0,0.0,69.2,0,150,71,55,65476,0,300,0,1,8,20529,65476,0,0,40632,65.0,0.0,0.0,0.0,0.0,0.0
2026-09-04T20:08:06,ERR,ERR,ERR,ERR,ERR,ERR,ERR,ERR,ERR,ERR,ERR,ERR,ERR,ERR,ERR,ERR,ERR,ERR,ERR,ERR,ERR,ERR,ERR,ERR,ERR,ERR,ERR,ERR,ERR,ERR,ERR,ERR,ERR,ERR,ERR,ERR,ERR,ERR,ERR,ERR,ERR,ERR,ERR,ERR,ERR,ERR,ERR,ERR,ERR,ERR,ERR,ERR,ERR,ERR,ERR,ERR,ERR,ERR,ERR,ERR,ERR,ERR,ERR,ERR,ERR,ERR,ERR,ERR,ERR,ERR,ERR,ERR,ERR,ERR,ERR,ERR,ERR,ERR,ERR,ERR,ERR,ERR,ERR,ERR,ERR,ERR,ERR,ERR,ERR,ERR,ERR,ERR,ERR,ERR,ERR,ERR,ERR,ERR,ERR,ERR,ERR,ERR,ERR,ERR,ERR,ERR,ERR,ERR,ERR,ERR,ERR,ERR,ERR,ERR,ERR,ERR,ERR,ERR,ERR,ERR,ERR,ERR,ERR,ERR,ERR,2.718430741444032e+23,2.7184312818759872e+23,0.0,0.0,0.0,1.3936040501711995e+18,7.805,0.0,0,0,4,0,7116,0.0,100,0.0,0.0,0.0,0.0,0.0,0,0,0,0,0.0,0,0,0,0,0,0,0,0,0,0,0,0,0,0,0,0,0,0,0,0,0,0,0,0,0,0,0,0,0,0,0,0,0,31,40,40,71,65476,0,300,0,0,8,21553,0.0,-107605600.0,0.0,0.0,0.0,0.0,0.0,0.0,0.0,0.0,0.0,0.0,0.0,0.0,0.0,0.0,0.0,0.0,0.0,0.0,0.0,0.0,0.0,-2.004,-2.004,0.0,0.0,0.0,0.0,0.0,6215.0,-0.0,6929.0,2.718430741444032e+23,2.7184312818759872e+23,-0.0,2.718430741444032e+23,0.0,0.0,0.0,0.0,69,-0.0,0.0,0.0,0.0,0.0,0.0,0.0,0.0,0.0,0,0,0,0.0,0.0,0.0,0.0,0.0,0.0,0.0,0.0,0.0,0.0,0.0,0.0,0.0,0.0,0.0,0.0,0,-107875648.0,69,0.0,138,0.0,-109447200.0,0,13107,17040,39322,17049,13107,17043,0,0,0,70,68,100,2.7302359370752657e+23,71.2,2.7302370179391762e+23,74.3,-0.0,74.0,1,49,50,180,13107,0,0,0,0.0,0.0,0.0,0.0,-0.0,67.0,0.0,162057.094,0.0,751,0,740,0,0,0,721,0,767,0,736,0,743,0,742,0,712,0,7520,0.032,107911053312.0,0.0,0.0,784,16797,-0.0,162057.094,-114818.039,-0.0,0.133,6.909358625270745e+28,30.0,65.0,35,0.0,0.0,0.0,0.0,0.0,0.0,0.0,0.0,0.0,0.0,0.0,0.0,0.0,0.0,0.0,0.0,69.2,0,150,71,55,65476,0,300,0,1,8,20529,65476,0,0,40632,65.0,0.0,0.0,0.0,0.0,0.0
2026-09-04T20:08:07,ERR,ERR,ERR,ERR,ERR,ERR,ERR,ERR,ERR,ERR,ERR,ERR,ERR,ERR,ERR,ERR,ERR,ERR,ERR,ERR,ERR,ERR,ERR,ERR,ERR,ERR,ERR,ERR,ERR,ERR,ERR,ERR,ERR,ERR,ERR,ERR,ERR,ERR,ERR,ERR,ERR,ERR,ERR,ERR,ERR,ERR,ERR,ERR,ERR,ERR,ERR,ERR,ERR,ERR,ERR,ERR,ERR,ERR,ERR,ERR,ERR,ERR,ERR,ERR,ERR,ERR,ERR,ERR,ERR,ERR,ERR,ERR,ERR,ERR,ERR,ERR,ERR,ERR,ERR,ERR,ERR,ERR,ERR,ERR,ERR,ERR,ERR,ERR,ERR,ERR,ERR,ERR,ERR,ERR,ERR,ERR,ERR,ERR,ERR,ERR,ERR,ERR,ERR,ERR,ERR,ERR,ERR,ERR,ERR,ERR,ERR,ERR,ERR,ERR,ERR,ERR,ERR,ERR,ERR,ERR,ERR,ERR,ERR,ERR,ERR,2.718430741444032e+23,2.7184312818759872e+23,0.0,0.0,0.0,1.3936040501711995e+18,7.805,0.0,0,0,4,0,7116,0.0,100,0.0,0.0,0.0,0.0,0.0,0,0,0,0,0.0,0,0,0,0,0,0,0,0,0,0,0,0,0,0,0,0,0,0,0,0,0,0,0,0,0,0,0,0,0,0,0,0,0,31,40,40,71,65476,0,300,0,0,8,21553,0.0,-107605600.0,0.0,0.0,0.0,0.0,0.0,0.0,0.0,0.0,0.0,0.0,0.0,0.0,0.0,0.0,0.0,0.0,0.0,0.0,0.0,0.0,0.0,-2.004,-2.004,0.0,0.0,0.0,0.0,0.0,6215.0,-0.0,6929.0,2.718430741444032e+23,2.7184312818759872e+23,-0.0,2.718430741444032e+23,0.0,0.0,0.0,0.0,69,-0.0,0.0,0.0,0.0,0.0,0.0,0.0,0.0,0.0,0,0,0,0.0,0.0,0.0,0.0,0.0,0.0,0.0,0.0,0.0,0.0,0.0,0.0,0.0,0.0,0.0,0.0,0,-107875648.0,69,0.0,138,0.0,-109447200.0,0,13107,17040,39322,17049,13107,17043,0,0,0,70,68,100,2.7302359370752657e+23,71.2,2.7302370179391762e+23,74.3,-0.0,74.0,1,49,50,180,13107,0,0,0,0.0,0.0,0.0,0.0,-0.0,67.0,0.0,162057.094,0.0,751,0,740,0,0,0,721,0,767,0,736,0,743,0,742,0,712,0,7520,0.032,107911053312.0,0.0,0.0,784,16797,-0.0,162057.094,-114818.039,-0.0,0.133,6.909358625270745e+28,30.0,65.0,35,0.0,0.0,0.0,0.0,0.0,0.0,0.0,0.0,0.0,0.0,0.0,0.0,0.0,0.0,0.0,0.0,69.2,0,150,71,55,65476,0,300,0,1,8,20529,65476,0,0,40632,65.0,0.0,0.0,0.0,0.0,0.0
2026-09-04T20:08:08,ERR,ERR,ERR,ERR,ERR,ERR,ERR,ERR,ERR,ERR,ERR,ERR,ERR,ERR,ERR,ERR,ERR,ERR,ERR,ERR,ERR,ERR,ERR,ERR,ERR,ERR,ERR,ERR,ERR,ERR,ERR,ERR,ERR,ERR,ERR,ERR,ERR,ERR,ERR,ERR,ERR,ERR,ERR,ERR,ERR,ERR,ERR,ERR,ERR,ERR,ERR,ERR,ERR,ERR,ERR,ERR,ERR,ERR,ERR,ERR,ERR,ERR,ERR,ERR,ERR,ERR,ERR,ERR,ERR,ERR,ERR,ERR,ERR,ERR,ERR,ERR,ERR,ERR,ERR,ERR,ERR,ERR,ERR,ERR,ERR,ERR,ERR,ERR,ERR,ERR,ERR,ERR,ERR,ERR,ERR,ERR,ERR,ERR,ERR,ERR,ERR,ERR,ERR,ERR,ERR,ERR,ERR,ERR,ERR,ERR,ERR,ERR,ERR,ERR,ERR,ERR,ERR,ERR,ERR,ERR,ERR,ERR,ERR,ERR,ERR,2.718430741444032e+23,2.7184312818759872e+23,0.0,0.0,0.0,1.3936040501711995e+18,7.805,0.0,0,0,4,0,7116,0.0,100,0.0,0.0,0.0,0.0,0.0,0,0,0,0,0.0,0,0,0,0,0,0,0,0,0,0,0,0,0,0,0,0,0,0,0,0,0,0,0,0,0,0,0,0,0,0,0,0,0,31,40,40,71,65476,0,300,0,0,8,21553,0.0,-107605600.0,0.0,0.0,0.0,0.0,0.0,0.0,0.0,0.0,0.0,0.0,0.0,0.0,0.0,0.0,0.0,0.0,0.0,0.0,0.0,0.0,0.0,-2.004,-2.004,0.0,0.0,0.0,0.0,0.0,6215.0,-0.0,6929.0,2.718430741444032e+23,2.7184312818759872e+23,-0.0,2.718430741444032e+23,0.0,0.0,0.0,0.0,69,-0.0,0.0,0.0,0.0,0.0,0.0,0.0,0.0,0.0,0,0,0,0.0,0.0,0.0,0.0,0.0,0.0,0.0,0.0,0.0,0.0,0.0,0.0,0.0,0.0,0.0,0.0,0,-107875648.0,69,0.0,138,0.0,-109447200.0,0,13107,17040,39322,17049,13107,17043,0,0,0,70,68,100,2.7302359370752657e+23,71.2,2.7302370179391762e+23,74.3,-0.0,74.0,1,49,50,180,13107,0,0,0,0.0,0.0,0.0,0.0,-0.0,67.0,0.0,162057.094,0.0,751,0,740,0,0,0,721,0,767,0,736,0,743,0,742,0,712,0,7520,0.032,107911053312.0,0.0,0.0,784,16797,-0.0,162057.094,-114818.039,-0.0,0.133,6.909358625270745e+28,30.0,65.0,35,0.0,0.0,0.0,0.0,0.0,0.0,0.0,0.0,0.0,0.0,0.0,0.0,0.0,0.0,0.0,0.0,69.2,0,150,71,55,65476,0,300,0,1,8,20529,65476,0,0,40632,65.0,0.0,0.0,0.0,0.0,0.0
2026-09-04T20:08:09,ERR,ERR,ERR,ERR,ERR,ERR,ERR,ERR,ERR,ERR,ERR,ERR,ERR,ERR,ERR,ERR,ERR,ERR,ERR,ERR,ERR,ERR,ERR,ERR,ERR,ERR,ERR,ERR,ERR,ERR,ERR,ERR,ERR,ERR,ERR,ERR,ERR,ERR,ERR,ERR,ERR,ERR,ERR,ERR,ERR,ERR,ERR,ERR,ERR,ERR,ERR,ERR,ERR,ERR,ERR,ERR,ERR,ERR,ERR,ERR,ERR,ERR,ERR,ERR,ERR,ERR,ERR,ERR,ERR,ERR,ERR,ERR,ERR,ERR,ERR,ERR,ERR,ERR,ERR,ERR,ERR,ERR,ERR,ERR,ERR,ERR,ERR,ERR,ERR,ERR,ERR,ERR,ERR,ERR,ERR,ERR,ERR,ERR,ERR,ERR,ERR,ERR,ERR,ERR,ERR,ERR,ERR,ERR,ERR,ERR,ERR,ERR,ERR,ERR,ERR,ERR,ERR,ERR,ERR,ERR,ERR,ERR,ERR,ERR,ERR,2.718430741444032e+23,2.7184312818759872e+23,0.0,0.0,0.0,1.3936040501711995e+18,7.805,0.0,0,0,4,0,7116,0.0,100,0.0,0.0,0.0,0.0,0.0,0,0,0,0,0.0,0,0,0,0,0,0,0,0,0,0,0,0,0,0,0,0,0,0,0,0,0,0,0,0,0,0,0,0,0,0,0,0,0,31,40,40,71,65476,0,300,0,0,8,21553,0.0,-107605600.0,0.0,0.0,0.0,0.0,0.0,0.0,0.0,0.0,0.0,0.0,0.0,0.0,0.0,0.0,0.0,0.0,0.0,0.0,0.0,0.0,0.0,-2.004,-2.004,0.0,0.0,0.0,0.0,0.0,6215.0,-0.0,6929.0,2.718430741444032e+23,2.7184312818759872e+23,-0.0,2.718430741444032e+23,0.0,0.0,0.0,0.0,69,-0.0,0.0,0.0,0.0,0.0,0.0,0.0,0.0,0.0,0,0,0,0.0,0.0,0.0,0.0,0.0,0.0,0.0,0.0,0.0,0.0,0.0,0.0,0.0,0.0,0.0,0.0,0,-107875648.0,69,0.0,138,0.0,-109447200.0,0,13107,17040,39322,17049,13107,17043,0,0,0,70,68,100,2.7302359370752657e+23,71.2,2.7302370179391762e+23,74.3,-0.0,74.0,1,49,50,180,13107,0,0,0,0.0,0.0,0.0,0.0,-0.0,67.0,0.0,162057.094,0.0,751,0,740,0,0,0,721,0,767,0,736,0,743,0,742,0,712,0,7520,0.032,107911053312.0,0.0,0.0,784,16797,-0.0,162057.094,-114818.039,-0.0,0.133,6.909358625270745e+28,30.0,65.0,35,0.0,0.0,0.0,0.0,0.0,0.0,0.0,0.0,0.0,0.0,0.0,0.0,0.0,0.0,0.0,0.0,69.2,0,150,71,55,65476,0,300,0,1,8,20529,65476,0,0,40632,65.0,0.0,0.0,0.0,0.0,0.0
2026-09-04T20:08:10,ERR,ERR,ERR,ERR,ERR,ERR,ERR,ERR,ERR,ERR,ERR,ERR,ERR,ERR,ERR,ERR,ERR,ERR,ERR,ERR,ERR,ERR,ERR,ERR,ERR,ERR,ERR,ERR,ERR,ERR,ERR,ERR,ERR,ERR,ERR,ERR,ERR,ERR,ERR,ERR,ERR,ERR,ERR,ERR,ERR,ERR,ERR,ERR,ERR,ERR,ERR,ERR,ERR,ERR,ERR,ERR,ERR,ERR,ERR,ERR,ERR,ERR,ERR,ERR,ERR,ERR,ERR,ERR,ERR,ERR,ERR,ERR,ERR,ERR,ERR,ERR,ERR,ERR,ERR,ERR,ERR,ERR,ERR,ERR,ERR,ERR,ERR,ERR,ERR,ERR,ERR,ERR,ERR,ERR,ERR,ERR,ERR,ERR,ERR,ERR,ERR,ERR,ERR,ERR,ERR,ERR,ERR,ERR,ERR,ERR,ERR,ERR,ERR,ERR,ERR,ERR,ERR,ERR,ERR,ERR,ERR,ERR,ERR,ERR,ERR,2.718430741444032e+23,2.7184312818759872e+23,0.0,0.0,0.0,1.3936040501711995e+18,7.805,0.0,0,0,4,0,7116,0.0,100,0.0,0.0,0.0,0.0,0.0,0,0,0,0,0.0,0,0,0,0,0,0,0,0,0,0,0,0,0,0,0,0,0,0,0,0,0,0,0,0,0,0,0,0,0,0,0,0,0,31,40,40,71,65476,0,300,0,0,8,21553,0.0,-107605600.0,0.0,0.0,0.0,0.0,0.0,0.0,0.0,0.0,0.0,0.0,0.0,0.0,0.0,0.0,0.0,0.0,0.0,0.0,0.0,0.0,0.0,-2.004,-2.004,0.0,0.0,0.0,0.0,0.0,6218.0,1.0406700850291214e+34,6927.0,2.718430741444032e+23,2.7184312818759872e+23,-0.0,2.718430741444032e+23,0.0,0.0,0.0,0.0,69,-0.0,-4.950420087048995e+32,0.0,0.0,0.0,0.0,0.0,0.0,0.0,0,0,0,0.0,0.0,0.0,0.0,0.0,0.0,0.0,0.0,0.0,0.0,0.0,0.0,0.0,0.0,0.0,0.0,0,-107875648.0,69,0.0,138,0.0,-109447200.0,0,13107,17040,39322,17049,13107,17043,0,0,0,70,68,100,2.7302359370752657e+23,71.2,2.7302370179391762e+23,74.3,-0.0,74.0,1,49,50,180,13107,0,0,0,0.0,0.0,0.0,0.0,-0.0,67.0,0.0,162057.094,0.0,751,0,740,0,0,0,721,0,767,0,736,0,743,0,742,0,712,0,7520,0.032,107911053312.0,0.0,0.0,784,16797,-0.0,162057.094,-114818.039,-0.0,0.133,6.909358625270745e+28,30.0,65.0,35,0.0,0.0,0.0,0.0,0.0,0.0,0.0,0.0,0.0,0.0,0.0,0.0,0.0,0.0,0.0,0.0,69.2,0,150,71,55,65476,0,300,0,1,8,20529,65476,0,0,40632,65.0,0.0,0.0,0.0,0.0,0.0
2026-09-04T20:08:11,ERR,ERR,ERR,ERR,ERR,ERR,ERR,ERR,ERR,ERR,ERR,ERR,ERR,ERR,ERR,ERR,ERR,ERR,ERR,ERR,ERR,ERR,ERR,ERR,ERR,ERR,ERR,ERR,ERR,ERR,ERR,ERR,ERR,ERR,ERR,ERR,ERR,ERR,ERR,ERR,ERR,ERR,ERR,ERR,ERR,ERR,ERR,ERR,ERR,ERR,ERR,ERR,ERR,ERR,ERR,ERR,ERR,ERR,ERR,ERR,ERR,ERR,ERR,ERR,ERR,ERR,ERR,ERR,ERR,ERR,ERR,ERR,ERR,ERR,ERR,ERR,ERR,ERR,ERR,ERR,ERR,ERR,ERR,ERR,ERR,ERR,ERR,ERR,ERR,ERR,ERR,ERR,ERR,ERR,ERR,ERR,ERR,ERR,ERR,ERR,ERR,ERR,ERR,ERR,ERR,ERR,ERR,ERR,ERR,ERR,ERR,ERR,ERR,ERR,ERR,ERR,ERR,ERR,ERR,ERR,ERR,ERR,ERR,ERR,ERR,2.718430741444032e+23,2.7184312818759872e+23,0.0,0.0,0.0,1.3936040501711995e+18,7.805,0.0,0,0,4,0,7116,0.0,100,0.0,0.0,0.0,0.0,0.0,0,0,0,0,0.0,0,0,0,0,0,0,0,0,0,0,0,0,0,0,0,0,0,0,0,0,0,0,0,0,0,0,0,0,0,0,0,0,0,31,40,40,71,65476,0,300,0,0,8,21553,0.0,-107605600.0,0.0,0.0,0.0,0.0,0.0,0.0,0.0,0.0,0.0,0.0,0.0,0.0,0.0,0.0,0.0,0.0,0.0,0.0,0.0,0.0,0.0,-2.004,-2.004,0.0,0.0,0.0,0.0,0.0,6218.0,1.0406700850291214e+34,6927.0,2.718430741444032e+23,2.7184312818759872e+23,-0.0,2.718430741444032e+23,0.0,0.0,0.0,0.0,69,-0.0,-4.950420087048995e+32,0.0,0.0,0.0,0.0,0.0,0.0,0.0,0,0,0,0.0,0.0,0.0,0.0,0.0,0.0,0.0,0.0,0.0,0.0,0.0,0.0,0.0,0.0,0.0,0.0,0,-107875648.0,69,0.0,138,0.0,-109447200.0,0,13107,17040,39322,17049,13107,17043,0,0,0,70,68,100,2.7302359370752657e+23,71.2,2.7302370179391762e+23,74.3,-0.0,74.0,1,49,50,180,13107,0,0,0,0.0,0.0,0.0,0.0,-0.0,67.0,0.0,162057.094,0.0,751,0,740,0,0,0,721,0,767,0,736,0,743,0,742,0,712,0,7520,0.032,107911053312.0,0.0,0.0,784,16797,-0.0,162057.094,-114818.039,-0.0,0.133,6.909358625270745e+28,30.0,65.0,35,0.0,0.0,0.0,0.0,0.0,0.0,0.0,0.0,0.0,0.0,0.0,0.0,0.0,0.0,0.0,0.0,69.2,0,150,71,55,65476,0,300,0,1,8,20529,65476,0,0,40632,65.0,0.0,0.0,0.0,0.0,0.0
2026-09-04T20:08:12,ERR,ERR,ERR,ERR,ERR,ERR,ERR,ERR,ERR,ERR,ERR,ERR,ERR,ERR,ERR,ERR,ERR,ERR,ERR,ERR,ERR,ERR,ERR,ERR,ERR,ERR,ERR,ERR,ERR,ERR,ERR,ERR,ERR,ERR,ERR,ERR,ERR,ERR,ERR,ERR,ERR,ERR,ERR,ERR,ERR,ERR,ERR,ERR,ERR,ERR,ERR,ERR,ERR,ERR,ERR,ERR,ERR,ERR,ERR,ERR,ERR,ERR,ERR,ERR,ERR,ERR,ERR,ERR,ERR,ERR,ERR,ERR,ERR,ERR,ERR,ERR,ERR,ERR,ERR,ERR,ERR,ERR,ERR,ERR,ERR,ERR,ERR,ERR,ERR,ERR,ERR,ERR,ERR,ERR,ERR,ERR,ERR,ERR,ERR,ERR,ERR,ERR,ERR,ERR,ERR,ERR,ERR,ERR,ERR,ERR,ERR,ERR,ERR,ERR,ERR,ERR,ERR,ERR,ERR,ERR,ERR,ERR,ERR,ERR,ERR,2.718430741444032e+23,2.7184312818759872e+23,0.0,0.0,0.0,1.3936040501711995e+18,7.805,0.0,0,0,4,0,7116,0.0,100,0.0,0.0,0.0,0.0,0.0,0,0,0,0,0.0,0,0,0,0,0,0,0,0,0,0,0,0,0,0,0,0,0,0,0,0,0,0,0,0,0,0,0,0,0,0,0,0,0,31,40,40,71,65476,0,300,0,0,8,21553,0.0,-107605600.0,0.0,0.0,0.0,0.0,0.0,0.0,0.0,0.0,0.0,0.0,0.0,0.0,0.0,0.0,0.0,0.0,0.0,0.0,0.0,0.0,0.0,-2.004,-2.004,0.0,0.0,0.0,0.0,0.0,6218.0,1.0406700850291214e+34,6927.0,2.718430741444032e+23,2.7184312818759872e+23,-0.0,2.718430741444032e+23,0.0,0.0,0.0,0.0,69,-0.0,-4.950420087048995e+32,0.0,0.0,0.0,0.0,0.0,0.0,0.0,0,0,0,0.0,0.0,0.0,0.0,0.0,0.0,0.0,0.0,0.0,0.0,0.0,0.0,0.0,0.0,0.0,0.0,0,-107875648.0,69,0.0,138,0.0,-109447200.0,0,13107,17040,39322,17049,13107,17043,0,0,0,70,68,100,2.7302359370752657e+23,71.2,2.7302370179391762e+23,74.3,-0.0,74.0,1,49,50,180,13107,0,0,0,0.0,0.0,0.0,0.0,-0.0,67.0,0.0,162057.094,0.0,751,0,740,0,0,0,721,0,768,0,736,0,743,0,742,0,712,0,7520,0.032,108447924224.0,0.0,0.0,784,16797,-0.0,162057.094,-114818.039,-0.0,0.133,6.909358625270745e+28,30.0,65.0,35,0.0,0.0,0.0,0.0,0.0,0.0,0.0,0.0,0.0,0.0,0.0,0.0,0.0,0.0,0.0,0.0,69.2,0,150,71,55,65476,0,300,0,1,8,20529,65476,0,0,40632,65.0,0.0,0.0,0.0,0.0,0.0
2026-09-04T20:08:13,ERR,ERR,ERR,ERR,ERR,ERR,ERR,ERR,ERR,ERR,ERR,ERR,ERR,ERR,ERR,ERR,ERR,ERR,ERR,ERR,ERR,ERR,ERR,ERR,ERR,ERR,ERR,ERR,ERR,ERR,ERR,ERR,ERR,ERR,ERR,ERR,ERR,ERR,ERR,ERR,ERR,ERR,ERR,ERR,ERR,ERR,ERR,ERR,ERR,ERR,ERR,ERR,ERR,ERR,ERR,ERR,ERR,ERR,ERR,ERR,ERR,ERR,ERR,ERR,ERR,ERR,ERR,ERR,ERR,ERR,ERR,ERR,ERR,ERR,ERR,ERR,ERR,ERR,ERR,ERR,ERR,ERR,ERR,ERR,ERR,ERR,ERR,ERR,ERR,ERR,ERR,ERR,ERR,ERR,ERR,ERR,ERR,ERR,ERR,ERR,ERR,ERR,ERR,ERR,ERR,ERR,ERR,ERR,ERR,ERR,ERR,ERR,ERR,ERR,ERR,ERR,ERR,ERR,ERR,ERR,ERR,ERR,ERR,ERR,ERR,2.718430741444032e+23,2.7184312818759872e+23,0.0,0.0,0.0,1.3936040501711995e+18,7.805,0.0,0,0,4,0,7116,0.0,100,0.0,0.0,0.0,0.0,0.0,0,0,0,0,0.0,0,0,0,0,0,0,0,0,0,0,0,0,0,0,0,0,0,0,0,0,0,0,0,0,0,0,0,0,0,0,0,0,0,31,40,40,71,65476,0,300,0,0,8,21553,0.0,-107605600.0,0.0,0.0,0.0,0.0,0.0,0.0,0.0,0.0,0.0,0.0,0.0,0.0,0.0,0.0,0.0,0.0,0.0,0.0,0.0,0.0,0.0,-2.004,-2.004,0.0,0.0,0.0,0.0,0.0,6218.0,1.0406700850291214e+34,6927.0,2.718430741444032e+23,2.7184312818759872e+23,-0.0,2.718430741444032e+23,0.0,0.0,0.0,0.0,69,-0.0,-4.950420087048995e+32,0.0,0.0,0.0,0.0,0.0,0.0,0.0,0,0,0,0.0,0.0,0.0,0.0,0.0,0.0,0.0,0.0,0.0,0.0,0.0,0.0,0.0,0.0,0.0,0.0,0,-107875648.0,69,0.0,138,0.0,-109447200.0,0,13107,17040,39322,17049,13107,17043,0,0,0,70,68,100,2.7302359370752657e+23,71.2,2.7302370179391762e+23,74.3,-0.0,74.0,1,49,50,180,13107,0,0,0,0.0,0.0,0.0,0.0,-0.0,67.0,0.0,162057.094,0.0,751,0,740,0,0,0,721,0,768,0,736,0,743,0,742,0,712,0,7520,0.032,108447924224.0,0.0,0.0,784,16797,-0.0,162057.094,-114818.039,-0.0,0.133,6.909358625270745e+28,30.0,65.0,35,0.0,0.0,0.0,0.0,0.0,0.0,0.0,0.0,0.0,0.0,0.0,0.0,0.0,0.0,0.0,0.0,69.2,0,150,71,55,65476,0,300,0,1,8,20529,65476,0,0,40632,65.0,0.0,0.0,0.0,0.0,0.0
2026-09-04T20:08:14,ERR,ERR,ERR,ERR,ERR,ERR,ERR,ERR,ERR,ERR,ERR,ERR,ERR,ERR,ERR,ERR,ERR,ERR,ERR,ERR,ERR,ERR,ERR,ERR,ERR,ERR,ERR,ERR,ERR,ERR,ERR,ERR,ERR,ERR,ERR,ERR,ERR,ERR,ERR,ERR,ERR,ERR,ERR,ERR,ERR,ERR,ERR,ERR,ERR,ERR,ERR,ERR,ERR,ERR,ERR,ERR,ERR,ERR,ERR,ERR,ERR,ERR,ERR,ERR,ERR,ERR,ERR,ERR,ERR,ERR,ERR,ERR,ERR,ERR,ERR,ERR,ERR,ERR,ERR,ERR,ERR,ERR,ERR,ERR,ERR,ERR,ERR,ERR,ERR,ERR,ERR,ERR,ERR,ERR,ERR,ERR,ERR,ERR,ERR,ERR,ERR,ERR,ERR,ERR,ERR,ERR,ERR,ERR,ERR,ERR,ERR,ERR,ERR,ERR,ERR,ERR,ERR,ERR,ERR,ERR,ERR,ERR,ERR,ERR,ERR,2.718430741444032e+23,2.7184312818759872e+23,0.0,0.0,0.0,1.3936040501711995e+18,7.805,0.0,0,0,4,0,7116,0.0,100,0.0,0.0,0.0,0.0,0.0,0,0,0,0,0.0,0,0,0,0,0,0,0,0,0,0,0,0,0,0,0,0,0,0,0,0,0,0,0,0,0,0,0,0,0,0,0,0,0,31,40,40,71,65476,0,300,0,0,8,21553,0.0,-107605600.0,0.0,0.0,0.0,0.0,0.0,0.0,0.0,0.0,0.0,0.0,0.0,0.0,0.0,0.0,0.0,0.0,0.0,0.0,0.0,0.0,0.0,-2.004,-2.004,0.0,0.0,0.0,0.0,0.0,6218.0,1.0406700850291214e+34,6927.0,2.718430741444032e+23,2.7184312818759872e+23,-0.0,2.718430741444032e+23,0.0,0.0,0.0,0.0,69,-0.0,-4.950420087048995e+32,0.0,0.0,0.0,0.0,0.0,0.0,0.0,0,0,0,0.0,0.0,0.0,0.0,0.0,0.0,0.0,0.0,0.0,0.0,0.0,0.0,0.0,0.0,0.0,0.0,0,-107875648.0,69,0.0,138,0.0,-109447200.0,0,13107,17040,39322,17049,13107,17043,0,0,0,70,68,100,2.7302359370752657e+23,71.2,2.7302370179391762e+23,74.3,-0.0,74.0,1,49,50,180,13107,0,0,0,0.0,0.0,0.0,0.0,-0.0,67.0,0.0,162057.094,0.0,751,0,740,0,0,0,721,0,768,0,736,0,743,0,742,0,712,0,7520,0.032,108447924224.0,0.0,0.0,784,16797,-0.0,162057.094,-114818.039,-0.0,0.133,6.909358625270745e+28,30.0,65.0,35,0.0,0.0,0.0,0.0,0.0,0.0,0.0,0.0,0.0,0.0,0.0,0.0,0.0,0.0,0.0,0.0,69.2,0,150,71,55,65476,0,300,0,1,8,20529,65476,0,0,40632,65.0,0.0,0.0,0.0,0.0,0.0
2026-09-04T20:08:15,ERR,ERR,ERR,ERR,ERR,ERR,ERR,ERR,ERR,ERR,ERR,ERR,ERR,ERR,ERR,ERR,ERR,ERR,ERR,ERR,ERR,ERR,ERR,ERR,ERR,ERR,ERR,ERR,ERR,ERR,ERR,ERR,ERR,ERR,ERR,ERR,ERR,ERR,ERR,ERR,ERR,ERR,ERR,ERR,ERR,ERR,ERR,ERR,ERR,ERR,ERR,ERR,ERR,ERR,ERR,ERR,ERR,ERR,ERR,ERR,ERR,ERR,ERR,ERR,ERR,ERR,ERR,ERR,ERR,ERR,ERR,ERR,ERR,ERR,ERR,ERR,ERR,ERR,ERR,ERR,ERR,ERR,ERR,ERR,ERR,ERR,ERR,ERR,ERR,ERR,ERR,ERR,ERR,ERR,ERR,ERR,ERR,ERR,ERR,ERR,ERR,ERR,ERR,ERR,ERR,ERR,ERR,ERR,ERR,ERR,ERR,ERR,ERR,ERR,ERR,ERR,ERR,ERR,ERR,ERR,ERR,ERR,ERR,ERR,ERR,2.718430741444032e+23,2.7184312818759872e+23,0.0,0.0,0.0,1.3936040501711995e+18,7.805,0.0,0,0,4,0,7116,0.0,100,0.0,0.0,0.0,0.0,0.0,0,0,0,0,0.0,0,0,0,0,0,0,0,0,0,0,0,0,0,0,0,0,0,0,0,0,0,0,0,0,0,0,0,0,0,0,0,0,0,31,40,40,71,65476,0,300,0,0,8,21553,0.0,-107605600.0,0.0,0.0,0.0,0.0,0.0,0.0,0.0,0.0,0.0,0.0,0.0,0.0,0.0,0.0,0.0,0.0,0.0,0.0,0.0,0.0,0.0,-2.004,-2.004,0.0,0.0,0.0,0.0,0.0,6218.0,1.0406700850291214e+34,6927.0,2.718430741444032e+23,2.7184312818759872e+23,-0.0,2.718430741444032e+23,0.0,0.0,0.0,0.0,69,-0.0,-4.950420087048995e+32,0.0,0.0,0.0,0.0,0.0,0.0,0.0,0,0,0,0.0,0.0,0.0,0.0,0.0,0.0,0.0,0.0,0.0,0.0,0.0,0.0,0.0,0.0,0.0,0.0,0,-107875648.0,69,0.0,138,0.0,-109447200.0,0,13107,17040,39322,17049,13107,17043,0,0,0,70,68,100,2.7302359370752657e+23,71.2,2.7302370179391762e+23,74.3,-0.0,74.0,1,49,50,180,13107,0,0,0,0.0,0.0,0.0,0.0,-0.0,67.0,0.0,162057.094,0.0,751,0,740,0,0,0,721,0,768,0,736,0,743,0,742,0,712,0,7520,0.032,108447924224.0,0.0,0.0,784,16797,-0.0,162057.094,-114818.039,-0.0,0.133,6.909358625270745e+28,30.0,65.0,35,0.0,0.0,0.0,0.0,0.0,0.0,0.0,0.0,0.0,0.0,0.0,0.0,0.0,0.0,0.0,0.0,69.2,0,150,71,55,65476,0,300,0,1,8,20529,65476,0,0,40632,65.0,0.0,0.0,0.0,0.0,0.0
2026-09-04T20:08:16,ERR,ERR,ERR,ERR,ERR,ERR,ERR,ERR,ERR,ERR,ERR,ERR,ERR,ERR,ERR,ERR,ERR,ERR,ERR,ERR,ERR,ERR,ERR,ERR,ERR,ERR,ERR,ERR,ERR,ERR,ERR,ERR,ERR,ERR,ERR,ERR,ERR,ERR,ERR,ERR,ERR,ERR,ERR,ERR,ERR,ERR,ERR,ERR,ERR,ERR,ERR,ERR,ERR,ERR,ERR,ERR,ERR,ERR,ERR,ERR,ERR,ERR,ERR,ERR,ERR,ERR,ERR,ERR,ERR,ERR,ERR,ERR,ERR,ERR,ERR,ERR,ERR,ERR,ERR,ERR,ERR,ERR,ERR,ERR,ERR,ERR,ERR,ERR,ERR,ERR,ERR,ERR,ERR,ERR,ERR,ERR,ERR,ERR,ERR,ERR,ERR,ERR,ERR,ERR,ERR,ERR,ERR,ERR,ERR,ERR,ERR,ERR,ERR,ERR,ERR,ERR,ERR,ERR,ERR,ERR,ERR,ERR,ERR,ERR,ERR,2.718430741444032e+23,2.7184312818759872e+23,0.0,0.0,0.0,1.3936040501711995e+18,7.805,0.0,0,0,4,0,7116,0.0,100,0.0,0.0,0.0,0.0,0.0,0,0,0,0,0.0,0,0,0,0,0,0,0,0,0,0,0,0,0,0,0,0,0,0,0,0,0,0,0,0,0,0,0,0,0,0,0,0,0,31,40,40,71,65476,0,300,0,0,8,21553,0.0,-107605600.0,0.0,0.0,0.0,0.0,0.0,0.0,0.0,0.0,0.0,0.0,0.0,0.0,0.0,0.0,0.0,0.0,0.0,0.0,0.0,0.0,0.0,-2.004,-2.004,0.0,0.0,0.0,0.0,0.0,6218.0,1.0406700850291214e+34,6927.0,2.718430741444032e+23,2.7184312818759872e+23,-0.0,2.718430741444032e+23,0.0,0.0,0.0,0.0,69,-0.0,-4.950420087048995e+32,0.0,0.0,0.0,0.0,0.0,0.0,0.0,0,0,0,0.0,0.0,0.0,0.0,0.0,0.0,0.0,0.0,0.0,0.0,0.0,0.0,0.0,0.0,0.0,0.0,0,-107875648.0,69,0.0,138,0.0,-109447200.0,0,13107,17040,39322,17049,13107,17043,0,0,0,70,68,100,2.7302359370752657e+23,71.2,2.7302370179391762e+23,74.3,-0.0,74.0,1,49,50,180,13107,0,0,0,0.0,0.0,0.0,0.0,-0.0,67.0,0.0,162057.094,0.0,751,0,740,0,0,0,721,0,768,0,736,0,743,0,742,0,712,0,7520,0.032,108447924224.0,0.0,0.0,784,16797,-0.0,162057.094,-114818.039,-0.0,0.133,6.909358625270745e+28,30.0,65.0,35,0.0,0.0,0.0,0.0,0.0,0.0,0.0,0.0,0.0,0.0,0.0,0.0,0.0,0.0,0.0,0.0,69.2,0,150,71,55,65476,0,300,0,1,8,20529,65476,0,0,40632,65.0,0.0,0.0,0.0,0.0,0.0
2026-09-04T20:08:17,ERR,ERR,ERR,ERR,ERR,ERR,ERR,ERR,ERR,ERR,ERR,ERR,ERR,ERR,ERR,ERR,ERR,ERR,ERR,ERR,ERR,ERR,ERR,ERR,ERR,ERR,ERR,ERR,ERR,ERR,ERR,ERR,ERR,ERR,ERR,ERR,ERR,ERR,ERR,ERR,ERR,ERR,ERR,ERR,ERR,ERR,ERR,ERR,ERR,ERR,ERR,ERR,ERR,ERR,ERR,ERR,ERR,ERR,ERR,ERR,ERR,ERR,ERR,ERR,ERR,ERR,ERR,ERR,ERR,ERR,ERR,ERR,ERR,ERR,ERR,ERR,ERR,ERR,ERR,ERR,ERR,ERR,ERR,ERR,ERR,ERR,ERR,ERR,ERR,ERR,ERR,ERR,ERR,ERR,ERR,ERR,ERR,ERR,ERR,ERR,ERR,ERR,ERR,ERR,ERR,ERR,ERR,ERR,ERR,ERR,ERR,ERR,ERR,ERR,ERR,ERR,ERR,ERR,ERR,ERR,ERR,ERR,ERR,ERR,ERR,2.718430741444032e+23,2.7184312818759872e+23,0.0,0.0,0.0,1.3936040501711995e+18,7.805,0.0,0,0,4,0,7116,0.0,100,0.0,0.0,0.0,0.0,0.0,0,0,0,0,0.0,0,0,0,0,0,0,0,0,0,0,0,0,0,0,0,0,0,0,0,0,0,0,0,0,0,0,0,0,0,0,0,0,0,31,40,40,71,65476,0,300,0,0,8,21553,0.0,-107605600.0,0.0,0.0,0.0,0.0,0.0,0.0,0.0,0.0,0.0,0.0,0.0,0.0,0.0,0.0,0.0,0.0,0.0,0.0,0.0,0.0,0.0,-2.004,-2.004,0.0,0.0,0.0,0.0,0.0,6218.0,1.0406700850291214e+34,6927.0,2.718430741444032e+23,2.7184312818759872e+23,-0.0,2.718430741444032e+23,0.0,0.0,0.0,0.0,69,-0.0,-4.950420087048995e+32,0.0,0.0,0.0,0.0,0.0,0.0,0.0,0,0,0,0.0,0.0,0.0,0.0,0.0,0.0,0.0,0.0,0.0,0.0,0.0,0.0,0.0,0.0,0.0,0.0,0,-107875648.0,69,0.0,138,0.0,-109447200.0,0,13107,17040,39322,17049,13107,17043,0,0,0,70,68,100,2.7302359370752657e+23,71.2,2.7302370179391762e+23,74.3,-0.0,74.0,1,49,50,180,13107,0,0,0,0.0,0.0,0.0,0.0,-0.0,67.0,0.0,162057.094,0.0,751,0,740,0,0,0,721,0,768,0,736,0,742,0,742,0,712,0,7520,0.032,108447924224.0,0.0,0.0,784,16797,-0.0,162057.094,-114818.039,-0.0,0.133,6.909358625270745e+28,30.0,65.0,35,0.0,0.0,0.0,0.0,0.0,0.0,0.0,0.0,0.0,0.0,0.0,0.0,0.0,0.0,0.0,0.0,69.2,0,150,71,55,65476,0,300,0,1,8,20529,65476,0,0,40632,65.0,0.0,0.0,0.0,0.0,0.0
2026-09-04T20:08:18,ERR,ERR,ERR,ERR,ERR,ERR,ERR,ERR,ERR,ERR,ERR,ERR,ERR,ERR,ERR,ERR,ERR,ERR,ERR,ERR,ERR,ERR,ERR,ERR,ERR,ERR,ERR,ERR,ERR,ERR,ERR,ERR,ERR,ERR,ERR,ERR,ERR,ERR,ERR,ERR,ERR,ERR,ERR,ERR,ERR,ERR,ERR,ERR,ERR,ERR,ERR,ERR,ERR,ERR,ERR,ERR,ERR,ERR,ERR,ERR,ERR,ERR,ERR,ERR,ERR,ERR,ERR,ERR,ERR,ERR,ERR,ERR,ERR,ERR,ERR,ERR,ERR,ERR,ERR,ERR,ERR,ERR,ERR,ERR,ERR,ERR,ERR,ERR,ERR,ERR,ERR,ERR,ERR,ERR,ERR,ERR,ERR,ERR,ERR,ERR,ERR,ERR,ERR,ERR,ERR,ERR,ERR,ERR,ERR,ERR,ERR,ERR,ERR,ERR,ERR,ERR,ERR,ERR,ERR,ERR,ERR,ERR,ERR,ERR,ERR,2.718430741444032e+23,2.7184312818759872e+23,0.0,0.0,0.0,1.3936040501711995e+18,7.805,0.0,0,0,4,0,7116,0.0,100,0.0,0.0,0.0,0.0,0.0,0,0,0,0,0.0,0,0,0,0,0,0,0,0,0,0,0,0,0,0,0,0,0,0,0,0,0,0,0,0,0,0,0,0,0,0,0,0,0,31,40,40,71,65476,0,300,0,0,8,21553,0.0,-107605600.0,0.0,0.0,0.0,0.0,0.0,0.0,0.0,0.0,0.0,0.0,0.0,0.0,0.0,0.0,0.0,0.0,0.0,0.0,0.0,0.0,0.0,-2.004,-2.004,0.0,0.0,0.0,0.0,0.0,6216.0,0.0,6915.0,2.718430741444032e+23,2.7184312818759872e+23,-0.0,2.718430741444032e+23,0.0,0.0,0.0,0.0,69,-0.0,4.066871791901848e+29,0.0,0.0,0.0,0.0,0.0,0.0,0.0,0,0,0,0.0,0.0,0.0,0.0,0.0,0.0,0.0,0.0,0.0,0.0,0.0,0.0,0.0,0.0,0.0,0.0,0,-107875648.0,69,0.0,138,0.0,-109447200.0,0,13107,17040,39322,17049,13107,17043,0,0,0,70,68,100,2.7302359370752657e+23,71.2,2.7302370179391762e+23,74.3,-0.0,74.0,1,49,50,180,13107,0,0,0,0.0,0.0,0.0,0.0,-0.0,67.0,0.0,162057.094,0.0,751,0,740,0,0,0,721,0,768,0,736,0,742,0,742,0,712,0,7520,0.032,108447924224.0,0.0,0.0,784,16797,-0.0,162057.094,-114818.039,-0.0,0.133,6.909358625270745e+28,30.0,65.0,35,0.0,0.0,0.0,0.0,0.0,0.0,0.0,0.0,0.0,0.0,0.0,0.0,0.0,0.0,0.0,0.0,69.2,0,150,71,55,65476,0,300,0,1,8,20529,65476,0,0,40632,65.0,0.0,0.0,0.0,0.0,0.0
2026-09-04T20:08:19,ERR,ERR,ERR,ERR,ERR,ERR,ERR,ERR,ERR,ERR,ERR,ERR,ERR,ERR,ERR,ERR,ERR,ERR,ERR,ERR,ERR,ERR,ERR,ERR,ERR,ERR,ERR,ERR,ERR,ERR,ERR,ERR,ERR,ERR,ERR,ERR,ERR,ERR,ERR,ERR,ERR,ERR,ERR,ERR,ERR,ERR,ERR,ERR,ERR,ERR,ERR,ERR,ERR,ERR,ERR,ERR,ERR,ERR,ERR,ERR,ERR,ERR,ERR,ERR,ERR,ERR,ERR,ERR,ERR,ERR,ERR,ERR,ERR,ERR,ERR,ERR,ERR,ERR,ERR,ERR,ERR,ERR,ERR,ERR,ERR,ERR,ERR,ERR,ERR,ERR,ERR,ERR,ERR,ERR,ERR,ERR,ERR,ERR,ERR,ERR,ERR,ERR,ERR,ERR,ERR,ERR,ERR,ERR,ERR,ERR,ERR,ERR,ERR,ERR,ERR,ERR,ERR,ERR,ERR,ERR,ERR,ERR,ERR,ERR,ERR,2.718430741444032e+23,2.7184312818759872e+23,0.0,0.0,0.0,1.3936040501711995e+18,7.805,0.0,0,0,4,0,7116,0.0,100,0.0,0.0,0.0,0.0,0.0,0,0,0,0,0.0,0,0,0,0,0,0,0,0,0,0,0,0,0,0,0,0,0,0,0,0,0,0,0,0,0,0,0,0,0,0,0,0,0,31,40,40,71,65476,0,300,0,0,8,21553,0.0,-107605600.0,0.0,0.0,0.0,0.0,0.0,0.0,0.0,0.0,0.0,0.0,0.0,0.0,0.0,0.0,0.0,0.0,0.0,0.0,0.0,0.0,0.0,-2.004,-2.004,0.0,0.0,0.0,0.0,0.0,6216.0,0.0,6915.0,2.718430741444032e+23,2.7184312818759872e+23,-0.0,2.718430741444032e+23,0.0,0.0,0.0,0.0,69,-0.0,4.066871791901848e+29,0.0,0.0,0.0,0.0,0.0,0.0,0.0,0,0,0,0.0,0.0,0.0,0.0,0.0,0.0,0.0,0.0,0.0,0.0,0.0,0.0,0.0,0.0,0.0,0.0,0,-107875648.0,69,0.0,138,0.0,-109447200.0,0,13107,17040,39322,17049,13107,17043,0,0,0,70,68,100,2.7302359370752657e+23,71.2,2.7302370179391762e+23,74.3,-0.0,74.0,1,49,50,180,13107,0,0,0,0.0,0.0,0.0,0.0,-0.0,67.0,0.0,162057.094,0.0,751,0,740,0,0,0,721,0,768,0,736,0,742,0,742,0,712,0,7520,0.032,108447924224.0,0.0,0.0,784,16797,-0.0,162057.094,-114818.039,-0.0,0.133,6.909358625270745e+28,30.0,65.0,35,0.0,0.0,0.0,0.0,0.0,0.0,0.0,0.0,0.0,0.0,0.0,0.0,0.0,0.0,0.0,0.0,69.2,0,150,71,55,65476,0,300,0,1,8,20529,65476,0,0,40632,65.0,0.0,0.0,0.0,0.0,0.0
2026-09-04T20:08:20,ERR,ERR,ERR,ERR,ERR,ERR,ERR,ERR,ERR,ERR,ERR,ERR,ERR,ERR,ERR,ERR,ERR,ERR,ERR,ERR,ERR,ERR,ERR,ERR,ERR,ERR,ERR,ERR,ERR,ERR,ERR,ERR,ERR,ERR,ERR,ERR,ERR,ERR,ERR,ERR,ERR,ERR,ERR,ERR,ERR,ERR,ERR,ERR,ERR,ERR,ERR,ERR,ERR,ERR,ERR,ERR,ERR,ERR,ERR,ERR,ERR,ERR,ERR,ERR,ERR,ERR,ERR,ERR,ERR,ERR,ERR,ERR,ERR,ERR,ERR,ERR,ERR,ERR,ERR,ERR,ERR,ERR,ERR,ERR,ERR,ERR,ERR,ERR,ERR,ERR,ERR,ERR,ERR,ERR,ERR,ERR,ERR,ERR,ERR,ERR,ERR,ERR,ERR,ERR,ERR,ERR,ERR,ERR,ERR,ERR,ERR,ERR,ERR,ERR,ERR,ERR,ERR,ERR,ERR,ERR,ERR,ERR,ERR,ERR,ERR,2.718430741444032e+23,2.7184312818759872e+23,0.0,0.0,0.0,1.3936040501711995e+18,7.805,0.0,0,0,4,0,7116,0.0,100,0.0,0.0,0.0,0.0,0.0,0,0,0,0,0.0,0,0,0,0,0,0,0,0,0,0,0,0,0,0,0,0,0,0,0,0,0,0,0,0,0,0,0,0,0,0,0,0,0,31,40,40,71,65476,0,300,0,0,8,21553,0.0,-107605600.0,0.0,0.0,0.0,0.0,0.0,0.0,0.0,0.0,0.0,0.0,0.0,0.0,0.0,0.0,0.0,0.0,0.0,0.0,0.0,0.0,0.0,-2.004,-2.004,0.0,0.0,0.0,0.0,0.0,6216.0,0.0,6915.0,2.718430741444032e+23,2.7184312818759872e+23,-0.0,2.718430741444032e+23,0.0,0.0,0.0,0.0,69,-0.0,4.066871791901848e+29,0.0,0.0,0.0,0.0,0.0,0.0,0.0,0,0,0,0.0,0.0,0.0,0.0,0.0,0.0,0.0,0.0,0.0,0.0,0.0,0.0,0.0,0.0,0.0,0.0,0,-107875648.0,69,0.0,138,0.0,-109447200.0,0,13107,17040,39322,17049,13107,17043,0,0,0,70,68,100,2.7302359370752657e+23,71.2,2.7302370179391762e+23,74.3,-0.0,74.0,1,49,50,180,13107,0,0,0,0.0,0.0,0.0,0.0,-0.0,67.0,0.0,162057.094,0.0,751,0,740,0,0,0,721,0,768,0,736,0,742,0,742,0,712,0,7520,0.032,108447924224.0,0.0,0.0,784,16797,-0.0,162057.094,-114818.039,-0.0,0.133,6.909358625270745e+28,30.0,65.0,35,0.0,0.0,0.0,0.0,0.0,0.0,0.0,0.0,0.0,0.0,0.0,0.0,0.0,0.0,0.0,0.0,69.2,0,150,71,55,65476,0,300,0,1,8,20529,65476,0,0,40632,65.0,0.0,0.0,0.0,0.0,0.0
2026-09-04T20:08:21,ERR,ERR,ERR,ERR,ERR,ERR,ERR,ERR,ERR,ERR,ERR,ERR,ERR,ERR,ERR,ERR,ERR,ERR,ERR,ERR,ERR,ERR,ERR,ERR,ERR,ERR,ERR,ERR,ERR,ERR,ERR,ERR,ERR,ERR,ERR,ERR,ERR,ERR,ERR,ERR,ERR,ERR,ERR,ERR,ERR,ERR,ERR,ERR,ERR,ERR,ERR,ERR,ERR,ERR,ERR,ERR,ERR,ERR,ERR,ERR,ERR,ERR,ERR,ERR,ERR,ERR,ERR,ERR,ERR,ERR,ERR,ERR,ERR,ERR,ERR,ERR,ERR,ERR,ERR,ERR,ERR,ERR,ERR,ERR,ERR,ERR,ERR,ERR,ERR,ERR,ERR,ERR,ERR,ERR,ERR,ERR,ERR,ERR,ERR,ERR,ERR,ERR,ERR,ERR,ERR,ERR,ERR,ERR,ERR,ERR,ERR,ERR,ERR,ERR,ERR,ERR,ERR,ERR,ERR,ERR,ERR,ERR,ERR,ERR,ERR,2.718430741444032e+23,2.7184312818759872e+23,0.0,0.0,0.0,1.3936040501711995e+18,7.805,0.0,0,0,4,0,7116,0.0,100,0.0,0.0,0.0,0.0,0.0,0,0,0,0,0.0,0,0,0,0,0,0,0,0,0,0,0,0,0,0,0,0,0,0,0,0,0,0,0,0,0,0,0,0,0,0,0,0,0,31,40,40,71,65476,0,300,0,0,8,21553,0.0,-107605600.0,0.0,0.0,0.0,0.0,0.0,0.0,0.0,0.0,0.0,0.0,0.0,0.0,0.0,0.0,0.0,0.0,0.0,0.0,0.0,0.0,0.0,-2.004,-2.004,0.0,0.0,0.0,0.0,0.0,6216.0,0.0,6915.0,2.718430741444032e+23,2.7184312818759872e+23,-0.0,2.718430741444032e+23,0.0,0.0,0.0,0.0,69,-0.0,4.066871791901848e+29,0.0,0.0,0.0,0.0,0.0,0.0,0.0,0,0,0,0.0,0.0,0.0,0.0,0.0,0.0,0.0,0.0,0.0,0.0,0.0,0.0,0.0,0.0,0.0,0.0,0,-107875648.0,69,0.0,138,0.0,-109447200.0,0,13107,17040,39322,17049,13107,17043,0,0,0,70,68,100,2.7302359370752657e+23,71.2,2.7302370179391762e+23,74.3,-0.0,74.0,1,49,50,180,13107,0,0,0,0.0,0.0,0.0,0.0,-0.0,67.0,0.0,162057.094,0.0,751,0,740,0,0,0,721,0,768,0,736,0,742,0,742,0,712,0,7520,0.032,108447924224.0,0.0,0.0,784,16797,-0.0,162057.094,-114818.039,-0.0,0.133,6.909358625270745e+28,30.0,65.0,35,0.0,0.0,0.0,0.0,0.0,0.0,0.0,0.0,0.0,0.0,0.0,0.0,0.0,0.0,0.0,0.0,69.2,0,150,71,55,65476,0,300,0,1,8,20529,65476,0,0,40632,65.0,0.0,0.0,0.0,0.0,0.0
2026-09-04T20:08:22,ERR,ERR,ERR,ERR,ERR,ERR,ERR,ERR,ERR,ERR,ERR,ERR,ERR,ERR,ERR,ERR,ERR,ERR,ERR,ERR,ERR,ERR,ERR,ERR,ERR,ERR,ERR,ERR,ERR,ERR,ERR,ERR,ERR,ERR,ERR,ERR,ERR,ERR,ERR,ERR,ERR,ERR,ERR,ERR,ERR,ERR,ERR,ERR,ERR,ERR,ERR,ERR,ERR,ERR,ERR,ERR,ERR,ERR,ERR,ERR,ERR,ERR,ERR,ERR,ERR,ERR,ERR,ERR,ERR,ERR,ERR,ERR,ERR,ERR,ERR,ERR,ERR,ERR,ERR,ERR,ERR,ERR,ERR,ERR,ERR,ERR,ERR,ERR,ERR,ERR,ERR,ERR,ERR,ERR,ERR,ERR,ERR,ERR,ERR,ERR,ERR,ERR,ERR,ERR,ERR,ERR,ERR,ERR,ERR,ERR,ERR,ERR,ERR,ERR,ERR,ERR,ERR,ERR,ERR,ERR,ERR,ERR,ERR,ERR,ERR,2.718430741444032e+23,2.7184312818759872e+23,0.0,0.0,0.0,1.3936040501711995e+18,7.805,0.0,0,0,4,0,7116,0.0,100,0.0,0.0,0.0,0.0,0.0,0,0,0,0,0.0,0,0,0,0,0,0,0,0,0,0,0,0,0,0,0,0,0,0,0,0,0,0,0,0,0,0,0,0,0,0,0,0,0,31,40,40,71,65476,0,300,0,0,8,21553,0.0,-107605600.0,0.0,0.0,0.0,0.0,0.0,0.0,0.0,0.0,0.0,0.0,0.0,0.0,0.0,0.0,0.0,0.0,0.0,0.0,0.0,0.0,0.0,-2.004,-2.004,0.0,0.0,0.0,0.0,0.0,6216.0,0.0,6915.0,2.718430741444032e+23,2.7184312818759872e+23,-0.0,2.718430741444032e+23,0.0,0.0,0.0,0.0,69,-0.0,4.066871791901848e+29,0.0,0.0,0.0,0.0,0.0,0.0,0.0,0,0,0,0.0,0.0,0.0,0.0,0.0,0.0,0.0,0.0,0.0,0.0,0.0,0.0,0.0,0.0,0.0,0.0,0,-107875648.0,69,0.0,138,0.0,-109447200.0,0,13107,17040,39322,17049,13107,17043,0,0,0,70,68,100,2.7302359370752657e+23,71.2,2.7302370179391762e+23,74.3,-0.0,74.0,1,49,50,180,13107,0,0,0,0.0,0.0,0.0,0.0,-0.0,67.0,0.0,162057.094,0.0,751,0,740,0,0,0,721,0,768,0,736,0,743,0,742,0,712,0,7520,0.032,108447924224.0,0.0,0.0,784,16797,-0.0,162057.094,-114818.039,-0.0,0.133,6.909358625270745e+28,30.0,65.0,35,0.0,0.0,0.0,0.0,0.0,0.0,0.0,0.0,0.0,0.0,0.0,0.0,0.0,0.0,0.0,0.0,69.6,0,150,71,55,65476,0,300,0,1,8,20529,65476,0,0,40632,65.0,0.0,0.0,0.0,0.0,0.0
2026-09-04T20:08:23,ERR,ERR,ERR,ERR,ERR,ERR,ERR,ERR,ERR,ERR,ERR,ERR,ERR,ERR,ERR,ERR,ERR,ERR,ERR,ERR,ERR,ERR,ERR,ERR,ERR,ERR,ERR,ERR,ERR,ERR,ERR,ERR,ERR,ERR,ERR,ERR,ERR,ERR,ERR,ERR,ERR,ERR,ERR,ERR,ERR,ERR,ERR,ERR,ERR,ERR,ERR,ERR,ERR,ERR,ERR,ERR,ERR,ERR,ERR,ERR,ERR,ERR,ERR,ERR,ERR,ERR,ERR,ERR,ERR,ERR,ERR,ERR,ERR,ERR,ERR,ERR,ERR,ERR,ERR,ERR,ERR,ERR,ERR,ERR,ERR,ERR,ERR,ERR,ERR,ERR,ERR,ERR,ERR,ERR,ERR,ERR,ERR,ERR,ERR,ERR,ERR,ERR,ERR,ERR,ERR,ERR,ERR,ERR,ERR,ERR,ERR,ERR,ERR,ERR,ERR,ERR,ERR,ERR,ERR,ERR,ERR,ERR,ERR,ERR,ERR,2.718430741444032e+23,2.7184312818759872e+23,0.0,0.0,0.0,1.3936040501711995e+18,7.805,0.0,0,0,4,0,7116,0.0,100,0.0,0.0,0.0,0.0,0.0,0,0,0,0,0.0,0,0,0,0,0,0,0,0,0,0,0,0,0,0,0,0,0,0,0,0,0,0,0,0,0,0,0,0,0,0,0,0,0,31,40,40,71,65476,0,300,0,0,8,21553,0.0,-107605600.0,0.0,0.0,0.0,0.0,0.0,0.0,0.0,0.0,0.0,0.0,0.0,0.0,0.0,0.0,0.0,0.0,0.0,0.0,0.0,0.0,0.0,-2.004,-2.004,0.0,0.0,0.0,0.0,0.0,6216.0,0.0,6915.0,2.718430741444032e+23,2.7184312818759872e+23,-0.0,2.718430741444032e+23,0.0,0.0,0.0,0.0,69,-0.0,4.066871791901848e+29,0.0,0.0,0.0,0.0,0.0,0.0,0.0,0,0,0,0.0,0.0,0.0,0.0,0.0,0.0,0.0,0.0,0.0,0.0,0.0,0.0,0.0,0.0,0.0,0.0,0,-107875648.0,69,0.0,138,0.0,-109447200.0,0,13107,17040,39322,17049,13107,17043,0,0,0,70,68,100,2.7302359370752657e+23,71.2,2.7302370179391762e+23,74.3,-0.0,74.0,1,49,50,180,13107,0,0,0,0.0,0.0,0.0,0.0,-0.0,67.0,0.0,162057.094,0.0,751,0,740,0,0,0,721,0,768,0,736,0,743,0,742,0,712,0,7520,0.032,108447924224.0,0.0,0.0,784,16797,-0.0,162057.094,-114818.039,-0.0,0.133,6.909358625270745e+28,30.0,65.0,35,0.0,0.0,0.0,0.0,0.0,0.0,0.0,0.0,0.0,0.0,0.0,0.0,0.0,0.0,0.0,0.0,69.6,0,150,71,55,65476,0,300,0,1,8,20529,65476,0,0,40632,65.0,0.0,0.0,0.0,0.0,0.0
2026-09-04T20:08:24,ERR,ERR,ERR,ERR,ERR,ERR,ERR,ERR,ERR,ERR,ERR,ERR,ERR,ERR,ERR,ERR,ERR,ERR,ERR,ERR,ERR,ERR,ERR,ERR,ERR,ERR,ERR,ERR,ERR,ERR,ERR,ERR,ERR,ERR,ERR,ERR,ERR,ERR,ERR,ERR,ERR,ERR,ERR,ERR,ERR,ERR,ERR,ERR,ERR,ERR,ERR,ERR,ERR,ERR,ERR,ERR,ERR,ERR,ERR,ERR,ERR,ERR,ERR,ERR,ERR,ERR,ERR,ERR,ERR,ERR,ERR,ERR,ERR,ERR,ERR,ERR,ERR,ERR,ERR,ERR,ERR,ERR,ERR,ERR,ERR,ERR,ERR,ERR,ERR,ERR,ERR,ERR,ERR,ERR,ERR,ERR,ERR,ERR,ERR,ERR,ERR,ERR,ERR,ERR,ERR,ERR,ERR,ERR,ERR,ERR,ERR,ERR,ERR,ERR,ERR,ERR,ERR,ERR,ERR,ERR,ERR,ERR,ERR,ERR,ERR,2.718430741444032e+23,2.7184312818759872e+23,0.0,0.0,0.0,1.3936040501711995e+18,7.805,0.0,0,0,4,0,7116,0.0,100,0.0,0.0,0.0,0.0,0.0,0,0,0,0,0.0,0,0,0,0,0,0,0,0,0,0,0,0,0,0,0,0,0,0,0,0,0,0,0,0,0,0,0,0,0,0,0,0,0,31,40,40,71,65476,0,300,0,0,8,21553,0.0,-107605600.0,0.0,0.0,0.0,0.0,0.0,0.0,0.0,0.0,0.0,0.0,0.0,0.0,0.0,0.0,0.0,0.0,0.0,0.0,0.0,0.0,0.0,-2.004,-2.004,0.0,0.0,0.0,0.0,0.0,6184.0,-0.0,6935.0,2.718430741444032e+23,2.7184312818759872e+23,-0.0,2.718430741444032e+23,0.0,0.0,0.0,0.0,69,-0.0,-4.9504197001927324e+32,0.0,0.0,0.0,0.0,0.0,0.0,0.0,0,0,0,0.0,0.0,0.0,0.0,0.0,0.0,0.0,0.0,0.0,0.0,0.0,0.0,0.0,0.0,0.0,0.0,0,-107875648.0,69,0.0,138,0.0,-109447200.0,0,13107,17040,39322,17049,13107,17043,0,0,0,70,68,100,2.7302359370752657e+23,71.2,2.7302370179391762e+23,74.3,-0.0,74.0,1,49,50,180,13107,0,0,0,0.0,0.0,0.0,0.0,-0.0,67.0,0.0,162057.094,0.0,751,0,740,0,0,0,721,0,768,0,736,0,743,0,742,0,712,0,7520,0.032,108447924224.0,0.0,0.0,784,16797,-0.0,162057.094,-114818.039,-0.0,0.133,6.909358625270745e+28,30.0,65.0,35,0.0,0.0,0.0,0.0,0.0,0.0,0.0,0.0,0.0,0.0,0.0,0.0,0.0,0.0,0.0,0.0,69.2,0,150,71,55,65476,0,300,0,1,8,20529,65476,0,0,40632,65.0,0.0,0.0,0.0,0.0,0.0
2026-09-04T20:08:25,ERR,ERR,ERR,ERR,ERR,ERR,ERR,ERR,ERR,ERR,ERR,ERR,ERR,ERR,ERR,ERR,ERR,ERR,ERR,ERR,ERR,ERR,ERR,ERR,ERR,ERR,ERR,ERR,ERR,ERR,ERR,ERR,ERR,ERR,ERR,ERR,ERR,ERR,ERR,ERR,ERR,ERR,ERR,ERR,ERR,ERR,ERR,ERR,ERR,ERR,ERR,ERR,ERR,ERR,ERR,ERR,ERR,ERR,ERR,ERR,ERR,ERR,ERR,ERR,ERR,ERR,ERR,ERR,ERR,ERR,ERR,ERR,ERR,ERR,ERR,ERR,ERR,ERR,ERR,ERR,ERR,ERR,ERR,ERR,ERR,ERR,ERR,ERR,ERR,ERR,ERR,ERR,ERR,ERR,ERR,ERR,ERR,ERR,ERR,ERR,ERR,ERR,ERR,ERR,ERR,ERR,ERR,ERR,ERR,ERR,ERR,ERR,ERR,ERR,ERR,ERR,ERR,ERR,ERR,ERR,ERR,ERR,ERR,ERR,ERR,2.718430741444032e+23,2.7184312818759872e+23,0.0,0.0,0.0,1.3936040501711995e+18,7.805,0.0,0,0,4,0,7116,0.0,100,0.0,0.0,0.0,0.0,0.0,0,0,0,0,0.0,0,0,0,0,0,0,0,0,0,0,0,0,0,0,0,0,0,0,0,0,0,0,0,0,0,0,0,0,0,0,0,0,0,31,40,40,71,65476,0,300,0,0,8,21553,0.0,-107605600.0,0.0,0.0,0.0,0.0,0.0,0.0,0.0,0.0,0.0,0.0,0.0,0.0,0.0,0.0,0.0,0.0,0.0,0.0,0.0,0.0,0.0,-2.004,-2.004,0.0,0.0,0.0,0.0,0.0,6184.0,-0.0,6935.0,2.718430741444032e+23,2.7184312818759872e+23,-0.0,2.718430741444032e+23,0.0,0.0,0.0,0.0,69,-0.0,-4.9504197001927324e+32,0.0,0.0,0.0,0.0,0.0,0.0,0.0,0,0,0,0.0,0.0,0.0,0.0,0.0,0.0,0.0,0.0,0.0,0.0,0.0,0.0,0.0,0.0,0.0,0.0,0,-107875648.0,69,0.0,138,0.0,-109447200.0,0,13107,17040,39322,17049,13107,17043,0,0,0,70,68,100,2.7302359370752657e+23,71.2,2.7302370179391762e+23,74.3,-0.0,74.0,1,49,50,180,13107,0,0,0,0.0,0.0,0.0,0.0,-0.0,67.0,0.0,162057.094,0.0,751,0,740,0,0,0,721,0,768,0,736,0,743,0,742,0,712,0,7520,0.032,108447924224.0,0.0,0.0,784,16797,-0.0,162057.094,-114818.039,-0.0,0.133,6.909358625270745e+28,30.0,65.0,35,0.0,0.0,0.0,0.0,0.0,0.0,0.0,0.0,0.0,0.0,0.0,0.0,0.0,0.0,0.0,0.0,69.2,0,150,71,55,65476,0,300,0,1,8,20529,65476,0,0,40632,65.0,0.0,0.0,0.0,0.0,0.0
2026-09-04T20:08:26,ERR,ERR,ERR,ERR,ERR,ERR,ERR,ERR,ERR,ERR,ERR,ERR,ERR,ERR,ERR,ERR,ERR,ERR,ERR,ERR,ERR,ERR,ERR,ERR,ERR,ERR,ERR,ERR,ERR,ERR,ERR,ERR,ERR,ERR,ERR,ERR,ERR,ERR,ERR,ERR,ERR,ERR,ERR,ERR,ERR,ERR,ERR,ERR,ERR,ERR,ERR,ERR,ERR,ERR,ERR,ERR,ERR,ERR,ERR,ERR,ERR,ERR,ERR,ERR,ERR,ERR,ERR,ERR,ERR,ERR,ERR,ERR,ERR,ERR,ERR,ERR,ERR,ERR,ERR,ERR,ERR,ERR,ERR,ERR,ERR,ERR,ERR,ERR,ERR,ERR,ERR,ERR,ERR,ERR,ERR,ERR,ERR,ERR,ERR,ERR,ERR,ERR,ERR,ERR,ERR,ERR,ERR,ERR,ERR,ERR,ERR,ERR,ERR,ERR,ERR,ERR,ERR,ERR,ERR,ERR,ERR,ERR,ERR,ERR,ERR,2.718430741444032e+23,2.7184312818759872e+23,0.0,0.0,0.0,1.3936040501711995e+18,7.805,0.0,0,0,4,0,7116,0.0,100,0.0,0.0,0.0,0.0,0.0,0,0,0,0,0.0,0,0,0,0,0,0,0,0,0,0,0,0,0,0,0,0,0,0,0,0,0,0,0,0,0,0,0,0,0,0,0,0,0,31,40,40,71,65476,0,300,0,0,8,21553,0.0,-107605600.0,0.0,0.0,0.0,0.0,0.0,0.0,0.0,0.0,0.0,0.0,0.0,0.0,0.0,0.0,0.0,0.0,0.0,0.0,0.0,0.0,0.0,-2.004,-2.004,0.0,0.0,0.0,0.0,0.0,6184.0,-0.0,6935.0,2.718430741444032e+23,2.7184312818759872e+23,-0.0,2.718430741444032e+23,0.0,0.0,0.0,0.0,69,-0.0,-4.9504197001927324e+32,0.0,0.0,0.0,0.0,0.0,0.0,0.0,0,0,0,0.0,0.0,0.0,0.0,0.0,0.0,0.0,0.0,0.0,0.0,0.0,0.0,0.0,0.0,0.0,0.0,0,-107875648.0,69,0.0,138,0.0,-109447200.0,0,13107,17040,39322,17049,13107,17043,0,0,0,70,68,100,2.7302359370752657e+23,71.2,2.7302370179391762e+23,74.3,-0.0,74.0,1,49,50,180,13107,0,0,0,0.0,0.0,0.0,0.0,-0.0,67.0,0.0,162057.094,0.0,751,0,740,0,0,0,721,0,768,0,736,0,743,0,742,0,712,0,7520,0.032,108447924224.0,0.0,0.0,784,16797,-0.0,162057.094,-114818.039,-0.0,0.133,6.909358625270745e+28,30.0,65.0,35,0.0,0.0,0.0,0.0,0.0,0.0,0.0,0.0,0.0,0.0,0.0,0.0,0.0,0.0,0.0,0.0,69.2,0,150,71,55,65476,0,300,0,1,8,20529,65476,0,0,40632,65.0,0.0,0.0,0.0,0.0,0.0
2026-09-04T20:08:27,ERR,ERR,ERR,ERR,ERR,ERR,ERR,ERR,ERR,ERR,ERR,ERR,ERR,ERR,ERR,ERR,ERR,ERR,ERR,ERR,ERR,ERR,ERR,ERR,ERR,ERR,ERR,ERR,ERR,ERR,ERR,ERR,ERR,ERR,ERR,ERR,ERR,ERR,ERR,ERR,ERR,ERR,ERR,ERR,ERR,ERR,ERR,ERR,ERR,ERR,ERR,ERR,ERR,ERR,ERR,ERR,ERR,ERR,ERR,ERR,ERR,ERR,ERR,ERR,ERR,ERR,ERR,ERR,ERR,ERR,ERR,ERR,ERR,ERR,ERR,ERR,ERR,ERR,ERR,ERR,ERR,ERR,ERR,ERR,ERR,ERR,ERR,ERR,ERR,ERR,ERR,ERR,ERR,ERR,ERR,ERR,ERR,ERR,ERR,ERR,ERR,ERR,ERR,ERR,ERR,ERR,ERR,ERR,ERR,ERR,ERR,ERR,ERR,ERR,ERR,ERR,ERR,ERR,ERR,ERR,ERR,ERR,ERR,ERR,ERR,2.718430741444032e+23,2.7184312818759872e+23,0.0,0.0,0.0,1.3936040501711995e+18,7.805,0.0,0,0,4,0,7116,0.0,100,0.0,0.0,0.0,0.0,0.0,0,0,0,0,0.0,0,0,0,0,0,0,0,0,0,0,0,0,0,0,0,0,0,0,0,0,0,0,0,0,0,0,0,0,0,0,0,0,0,31,40,40,71,65476,0,300,0,0,8,21553,0.0,-107605600.0,0.0,0.0,0.0,0.0,0.0,0.0,0.0,0.0,0.0,0.0,0.0,0.0,0.0,0.0,0.0,0.0,0.0,0.0,0.0,0.0,0.0,-2.004,-2.004,0.0,0.0,0.0,0.0,0.0,6184.0,-0.0,6935.0,2.718430741444032e+23,2.7184312818759872e+23,-0.0,2.718430741444032e+23,0.0,0.0,0.0,0.0,69,-0.0,-4.9504197001927324e+32,0.0,0.0,0.0,0.0,0.0,0.0,0.0,0,0,0,0.0,0.0,0.0,0.0,0.0,0.0,0.0,0.0,0.0,0.0,0.0,0.0,0.0,0.0,0.0,0.0,0,-107875648.0,69,0.0,138,0.0,-109447200.0,0,13107,17040,39322,17049,26215,17043,0,0,0,70,68,100,2.7302359370752657e+23,71.2,2.7302370179391762e+23,74.3,-0.0,74.0,1,49,50,180,13107,0,0,0,0.0,0.0,0.0,0.0,-0.0,67.0,0.0,162057.094,0.0,751,0,740,0,0,0,721,0,768,0,736,0,742,0,742,0,712,0,7520,0.032,108447924224.0,0.0,0.0,784,16797,-0.0,162057.094,-114818.039,-0.0,0.133,6.909358625270745e+28,30.0,65.0,35,0.0,0.0,0.0,0.0,0.0,0.0,0.0,0.0,0.0,0.0,0.0,0.0,0.0,0.0,0.0,0.0,69.2,0,150,71,55,65476,0,300,0,1,8,20529,65476,0,0,40632,65.0,0.0,0.0,0.0,0.0,0.0
2026-09-04T20:08:28,ERR,ERR,ERR,ERR,ERR,ERR,ERR,ERR,ERR,ERR,ERR,ERR,ERR,ERR,ERR,ERR,ERR,ERR,ERR,ERR,ERR,ERR,ERR,ERR,ERR,ERR,ERR,ERR,ERR,ERR,ERR,ERR,ERR,ERR,ERR,ERR,ERR,ERR,ERR,ERR,ERR,ERR,ERR,ERR,ERR,ERR,ERR,ERR,ERR,ERR,ERR,ERR,ERR,ERR,ERR,ERR,ERR,ERR,ERR,ERR,ERR,ERR,ERR,ERR,ERR,ERR,ERR,ERR,ERR,ERR,ERR,ERR,ERR,ERR,ERR,ERR,ERR,ERR,ERR,ERR,ERR,ERR,ERR,ERR,ERR,ERR,ERR,ERR,ERR,ERR,ERR,ERR,ERR,ERR,ERR,ERR,ERR,ERR,ERR,ERR,ERR,ERR,ERR,ERR,ERR,ERR,ERR,ERR,ERR,ERR,ERR,ERR,ERR,ERR,ERR,ERR,ERR,ERR,ERR,ERR,ERR,ERR,ERR,ERR,ERR,2.718430741444032e+23,2.7184312818759872e+23,0.0,0.0,0.0,1.3936040501711995e+18,7.805,0.0,0,0,4,0,7116,0.0,100,0.0,0.0,0.0,0.0,0.0,0,0,0,0,0.0,0,0,0,0,0,0,0,0,0,0,0,0,0,0,0,0,0,0,0,0,0,0,0,0,0,0,0,0,0,0,0,0,0,31,40,40,71,65476,0,300,0,0,8,21553,0.0,-107605600.0,0.0,0.0,0.0,0.0,0.0,0.0,0.0,0.0,0.0,0.0,0.0,0.0,0.0,0.0,0.0,0.0,0.0,0.0,0.0,0.0,0.0,-2.004,-2.004,0.0,0.0,0.0,0.0,0.0,6184.0,-0.0,6935.0,2.718430741444032e+23,2.7184312818759872e+23,-0.0,2.718430741444032e+23,0.0,0.0,0.0,0.0,69,-0.0,-4.9504197001927324e+32,0.0,0.0,0.0,0.0,0.0,0.0,0.0,0,0,0,0.0,0.0,0.0,0.0,0.0,0.0,0.0,0.0,0.0,0.0,0.0,0.0,0.0,0.0,0.0,0.0,0,-107875648.0,69,0.0,138,0.0,-109447200.0,0,13107,17040,39322,17049,26215,17043,0,0,0,70,68,100,2.7302359370752657e+23,71.2,2.7302370179391762e+23,74.3,-0.0,74.0,1,49,50,180,13107,0,0,0,0.0,0.0,0.0,0.0,-0.0,67.0,0.0,162057.094,0.0,751,0,740,0,0,0,721,0,768,0,736,0,742,0,742,0,712,0,7520,0.032,108447924224.0,0.0,0.0,784,16797,-0.0,162057.094,-114818.039,-0.0,0.133,6.909358625270745e+28,30.0,65.0,35,0.0,0.0,0.0,0.0,0.0,0.0,0.0,0.0,0.0,0.0,0.0,0.0,0.0,0.0,0.0,0.0,69.2,0,150,71,55,65476,0,300,0,1,8,20529,65476,0,0,40632,65.0,0.0,0.0,0.0,0.0,0.0
2026-09-04T20:08:29,ERR,ERR,ERR,ERR,ERR,ERR,ERR,ERR,ERR,ERR,ERR,ERR,ERR,ERR,ERR,ERR,ERR,ERR,ERR,ERR,ERR,ERR,ERR,ERR,ERR,ERR,ERR,ERR,ERR,ERR,ERR,ERR,ERR,ERR,ERR,ERR,ERR,ERR,ERR,ERR,ERR,ERR,ERR,ERR,ERR,ERR,ERR,ERR,ERR,ERR,ERR,ERR,ERR,ERR,ERR,ERR,ERR,ERR,ERR,ERR,ERR,ERR,ERR,ERR,ERR,ERR,ERR,ERR,ERR,ERR,ERR,ERR,ERR,ERR,ERR,ERR,ERR,ERR,ERR,ERR,ERR,ERR,ERR,ERR,ERR,ERR,ERR,ERR,ERR,ERR,ERR,ERR,ERR,ERR,ERR,ERR,ERR,ERR,ERR,ERR,ERR,ERR,ERR,ERR,ERR,ERR,ERR,ERR,ERR,ERR,ERR,ERR,ERR,ERR,ERR,ERR,ERR,ERR,ERR,ERR,ERR,ERR,ERR,ERR,ERR,2.718430741444032e+23,2.7184312818759872e+23,0.0,0.0,0.0,1.3936040501711995e+18,7.805,0.0,0,0,4,0,7116,0.0,100,0.0,0.0,0.0,0.0,0.0,0,0,0,0,0.0,0,0,0,0,0,0,0,0,0,0,0,0,0,0,0,0,0,0,0,0,0,0,0,0,0,0,0,0,0,0,0,0,0,31,40,40,71,65476,0,300,0,0,8,21553,0.0,-107605600.0,0.0,0.0,0.0,0.0,0.0,0.0,0.0,0.0,0.0,0.0,0.0,0.0,0.0,0.0,0.0,0.0,0.0,0.0,0.0,0.0,0.0,-2.004,-2.004,0.0,0.0,0.0,0.0,0.0,6184.0,-0.0,6935.0,2.718430741444032e+23,2.7184312818759872e+23,-0.0,2.718430741444032e+23,0.0,0.0,0.0,0.0,69,-0.0,-4.9504197001927324e+32,0.0,0.0,0.0,0.0,0.0,0.0,0.0,0,0,0,0.0,0.0,0.0,0.0,0.0,0.0,0.0,0.0,0.0,0.0,0.0,0.0,0.0,0.0,0.0,0.0,0,-107875648.0,69,0.0,138,0.0,-109447200.0,0,13107,17040,39322,17049,26215,17043,0,0,0,70,68,100,2.7302359370752657e+23,71.2,2.7302370179391762e+23,74.3,-0.0,74.0,1,49,50,180,13107,0,0,0,0.0,0.0,0.0,0.0,-0.0,67.0,0.0,162057.094,0.0,751,0,740,0,0,0,721,0,768,0,736,0,742,0,742,0,712,0,7520,0.032,108447924224.0,0.0,0.0,784,16797,-0.0,162057.094,-114818.039,-0.0,0.133,6.909358625270745e+28,30.0,65.0,35,0.0,0.0,0.0,0.0,0.0,0.0,0.0,0.0,0.0,0.0,0.0,0.0,0.0,0.0,0.0,0.0,69.6,0,150,71,55,65476,0,300,0,1,8,20529,65476,0,0,40632,65.0,0.0,0.0,0.0,0.0,0.0
2026-09-04T20:08:30,ERR,ERR,ERR,ERR,ERR,ERR,ERR,ERR,ERR,ERR,ERR,ERR,ERR,ERR,ERR,ERR,ERR,ERR,ERR,ERR,ERR,ERR,ERR,ERR,ERR,ERR,ERR,ERR,ERR,ERR,ERR,ERR,ERR,ERR,ERR,ERR,ERR,ERR,ERR,ERR,ERR,ERR,ERR,ERR,ERR,ERR,ERR,ERR,ERR,ERR,ERR,ERR,ERR,ERR,ERR,ERR,ERR,ERR,ERR,ERR,ERR,ERR,ERR,ERR,ERR,ERR,ERR,ERR,ERR,ERR,ERR,ERR,ERR,ERR,ERR,ERR,ERR,ERR,ERR,ERR,ERR,ERR,ERR,ERR,ERR,ERR,ERR,ERR,ERR,ERR,ERR,ERR,ERR,ERR,ERR,ERR,ERR,ERR,ERR,ERR,ERR,ERR,ERR,ERR,ERR,ERR,ERR,ERR,ERR,ERR,ERR,ERR,ERR,ERR,ERR,ERR,ERR,ERR,ERR,ERR,ERR,ERR,ERR,ERR,ERR,2.718430741444032e+23,2.7184312818759872e+23,0.0,0.0,0.0,1.3936040501711995e+18,7.805,0.0,0,0,4,0,7116,0.0,100,0.0,0.0,0.0,0.0,0.0,0,0,0,0,0.0,0,0,0,0,0,0,0,0,0,0,0,0,0,0,0,0,0,0,0,0,0,0,0,0,0,0,0,0,0,0,0,0,0,31,40,40,71,65476,0,300,0,0,8,21553,0.0,-107605600.0,0.0,0.0,0.0,0.0,0.0,0.0,0.0,0.0,0.0,0.0,0.0,0.0,0.0,0.0,0.0,0.0,0.0,0.0,0.0,0.0,0.0,-2.004,-2.004,0.0,0.0,0.0,0.0,0.0,6184.0,-0.0,6935.0,2.718430741444032e+23,2.7184312818759872e+23,-0.0,2.718430741444032e+23,0.0,0.0,0.0,0.0,69,-0.0,-4.9504197001927324e+32,0.0,0.0,0.0,0.0,0.0,0.0,0.0,0,0,0,0.0,0.0,0.0,0.0,0.0,0.0,0.0,0.0,0.0,0.0,0.0,0.0,0.0,0.0,0.0,0.0,0,-107875648.0,69,0.0,138,0.0,-109447200.0,0,13107,17040,39322,17049,26215,17043,0,0,0,70,68,100,2.7302359370752657e+23,71.2,2.7302370179391762e+23,74.3,-0.0,74.0,1,49,50,180,13107,0,0,0,0.0,0.0,0.0,0.0,-0.0,67.0,0.0,162057.094,0.0,751,0,740,0,0,0,721,0,768,0,736,0,742,0,742,0,712,0,7520,0.032,108447924224.0,0.0,0.0,784,16797,-0.0,162057.094,-114818.039,-0.0,0.133,6.909358625270745e+28,30.0,65.0,35,0.0,0.0,0.0,0.0,0.0,0.0,0.0,0.0,0.0,0.0,0.0,0.0,0.0,0.0,0.0,0.0,69.6,0,150,71,55,65476,0,300,0,1,8,20529,65476,0,0,40632,65.0,0.0,0.0,0.0,0.0,0.0
2026-09-04T20:08:31,ERR,ERR,ERR,ERR,ERR,ERR,ERR,ERR,ERR,ERR,ERR,ERR,ERR,ERR,ERR,ERR,ERR,ERR,ERR,ERR,ERR,ERR,ERR,ERR,ERR,ERR,ERR,ERR,ERR,ERR,ERR,ERR,ERR,ERR,ERR,ERR,ERR,ERR,ERR,ERR,ERR,ERR,ERR,ERR,ERR,ERR,ERR,ERR,ERR,ERR,ERR,ERR,ERR,ERR,ERR,ERR,ERR,ERR,ERR,ERR,ERR,ERR,ERR,ERR,ERR,ERR,ERR,ERR,ERR,ERR,ERR,ERR,ERR,ERR,ERR,ERR,ERR,ERR,ERR,ERR,ERR,ERR,ERR,ERR,ERR,ERR,ERR,ERR,ERR,ERR,ERR,ERR,ERR,ERR,ERR,ERR,ERR,ERR,ERR,ERR,ERR,ERR,ERR,ERR,ERR,ERR,ERR,ERR,ERR,ERR,ERR,ERR,ERR,ERR,ERR,ERR,ERR,ERR,ERR,ERR,ERR,ERR,ERR,ERR,ERR,2.718430741444032e+23,2.7184312818759872e+23,0.0,0.0,0.0,1.3936040501711995e+18,7.805,0.0,0,0,4,0,7116,0.0,100,0.0,0.0,0.0,0.0,0.0,0,0,0,0,0.0,0,0,0,0,0,0,0,0,0,0,0,0,0,0,0,0,0,0,0,0,0,0,0,0,0,0,0,0,0,0,0,0,0,31,40,40,71,65476,0,300,0,0,8,21553,0.0,-107605600.0,0.0,0.0,0.0,0.0,0.0,0.0,0.0,0.0,0.0,0.0,0.0,0.0,0.0,0.0,0.0,0.0,0.0,0.0,0.0,0.0,0.0,-2.004,-2.004,0.0,0.0,0.0,0.0,0.0,6183.0,0.0,6912.0,2.718430741444032e+23,2.7184312818759872e+23,-0.0,2.718430741444032e+23,0.0,0.0,0.0,0.0,69,-0.0,0.0,0.0,0.0,0.0,0.0,0.0,0.0,0.0,0,0,0,0.0,0.0,0.0,0.0,0.0,0.0,0.0,0.0,0.0,0.0,0.0,0.0,0.0,0.0,0.0,0.0,0,-107875648.0,69,0.0,138,0.0,-109447200.0,0,13107,17040,39322,17049,26215,17043,0,0,0,70,68,100,2.7302359370752657e+23,71.2,2.7302370179391762e+23,74.3,-0.0,74.0,1,49,50,180,13107,0,0,0,0.0,0.0,0.0,0.0,-0.0,67.0,0.0,162057.094,0.0,751,0,740,0,0,0,721,0,768,0,736,0,742,0,742,0,712,0,7520,0.032,108447924224.0,0.0,0.0,784,16797,-0.0,162057.094,-114818.039,-0.0,0.133,6.909358625270745e+28,30.0,65.0,35,0.0,0.0,0.0,0.0,0.0,0.0,0.0,0.0,0.0,0.0,0.0,0.0,0.0,0.0,0.0,0.0,69.6,0,150,71,55,65476,0,300,0,1,8,20529,65476,0,0,40632,65.0,0.0,0.0,0.0,0.0,0.0
2026-09-04T20:08:32,ERR,ERR,ERR,ERR,ERR,ERR,ERR,ERR,ERR,ERR,ERR,ERR,ERR,ERR,ERR,ERR,ERR,ERR,ERR,ERR,ERR,ERR,ERR,ERR,ERR,ERR,ERR,ERR,ERR,ERR,ERR,ERR,ERR,ERR,ERR,ERR,ERR,ERR,ERR,ERR,ERR,ERR,ERR,ERR,ERR,ERR,ERR,ERR,ERR,ERR,ERR,ERR,ERR,ERR,ERR,ERR,ERR,ERR,ERR,ERR,ERR,ERR,ERR,ERR,ERR,ERR,ERR,ERR,ERR,ERR,ERR,ERR,ERR,ERR,ERR,ERR,ERR,ERR,ERR,ERR,ERR,ERR,ERR,ERR,ERR,ERR,ERR,ERR,ERR,ERR,ERR,ERR,ERR,ERR,ERR,ERR,ERR,ERR,ERR,ERR,ERR,ERR,ERR,ERR,ERR,ERR,ERR,ERR,ERR,ERR,ERR,ERR,ERR,ERR,ERR,ERR,ERR,ERR,ERR,ERR,ERR,ERR,ERR,ERR,ERR,2.718430741444032e+23,2.7184312818759872e+23,0.0,0.0,0.0,1.3936040501711995e+18,7.805,0.0,0,0,4,0,7116,0.0,100,0.0,0.0,0.0,0.0,0.0,0,0,0,0,0.0,0,0,0,0,0,0,0,0,0,0,0,0,0,0,0,0,0,0,0,0,0,0,0,0,0,0,0,0,0,0,0,0,0,31,40,40,71,65476,0,300,0,0,8,21553,0.0,-107605600.0,0.0,0.0,0.0,0.0,0.0,0.0,0.0,0.0,0.0,0.0,0.0,0.0,0.0,0.0,0.0,0.0,0.0,0.0,0.0,0.0,0.0,-2.004,-2.004,0.0,0.0,0.0,0.0,0.0,6183.0,0.0,6912.0,2.718430741444032e+23,2.7184312818759872e+23,-0.0,2.718430741444032e+23,0.0,0.0,0.0,0.0,69,-0.0,0.0,0.0,0.0,0.0,0.0,0.0,0.0,0.0,0,0,0,0.0,0.0,0.0,0.0,0.0,0.0,0.0,0.0,0.0,0.0,0.0,0.0,0.0,0.0,0.0,0.0,0,-107875648.0,69,0.0,138,0.0,-109447200.0,0,13107,17040,39322,17049,26215,17043,0,0,0,70,68,100,2.7302359370752657e+23,71.2,2.7302370179391762e+23,74.3,-0.0,74.0,1,49,50,180,13107,0,0,0,0.0,0.0,0.0,0.0,-0.0,67.0,0.0,162057.094,0.0,751,0,740,0,0,0,721,0,768,0,736,0,742,0,742,0,712,0,7520,0.032,108447924224.0,0.0,0.0,784,16797,-0.0,162057.094,-114818.039,-0.0,0.133,6.909358625270745e+28,30.0,65.0,35,0.0,0.0,0.0,0.0,0.0,0.0,0.0,0.0,0.0,0.0,0.0,0.0,0.0,0.0,0.0,0.0,69.2,0,150,71,55,65476,0,300,0,1,8,20529,65476,0,0,40632,65.0,0.0,0.0,0.0,0.0,0.0
2026-09-04T20:08:33,ERR,ERR,ERR,ERR,ERR,ERR,ERR,ERR,ERR,ERR,ERR,ERR,ERR,ERR,ERR,ERR,ERR,ERR,ERR,ERR,ERR,ERR,ERR,ERR,ERR,ERR,ERR,ERR,ERR,ERR,ERR,ERR,ERR,ERR,ERR,ERR,ERR,ERR,ERR,ERR,ERR,ERR,ERR,ERR,ERR,ERR,ERR,ERR,ERR,ERR,ERR,ERR,ERR,ERR,ERR,ERR,ERR,ERR,ERR,ERR,ERR,ERR,ERR,ERR,ERR,ERR,ERR,ERR,ERR,ERR,ERR,ERR,ERR,ERR,ERR,ERR,ERR,ERR,ERR,ERR,ERR,ERR,ERR,ERR,ERR,ERR,ERR,ERR,ERR,ERR,ERR,ERR,ERR,ERR,ERR,ERR,ERR,ERR,ERR,ERR,ERR,ERR,ERR,ERR,ERR,ERR,ERR,ERR,ERR,ERR,ERR,ERR,ERR,ERR,ERR,ERR,ERR,ERR,ERR,ERR,ERR,ERR,ERR,ERR,ERR,2.718430741444032e+23,2.7184312818759872e+23,0.0,0.0,0.0,1.3936040501711995e+18,7.805,0.0,0,0,4,0,7116,0.0,100,0.0,0.0,0.0,0.0,0.0,0,0,0,0,0.0,0,0,0,0,0,0,0,0,0,0,0,0,0,0,0,0,0,0,0,0,0,0,0,0,0,0,0,0,0,0,0,0,0,31,40,40,71,65476,0,300,0,0,8,21553,0.0,-107605600.0,0.0,0.0,0.0,0.0,0.0,0.0,0.0,0.0,0.0,0.0,0.0,0.0,0.0,0.0,0.0,0.0,0.0,0.0,0.0,0.0,0.0,-2.004,-2.004,0.0,0.0,0.0,0.0,0.0,6183.0,0.0,6912.0,2.718430741444032e+23,2.7184312818759872e+23,-0.0,2.718430741444032e+23,0.0,0.0,0.0,0.0,69,-0.0,0.0,0.0,0.0,0.0,0.0,0.0,0.0,0.0,0,0,0,0.0,0.0,0.0,0.0,0.0,0.0,0.0,0.0,0.0,0.0,0.0,0.0,0.0,0.0,0.0,0.0,0,-107875648.0,69,0.0,138,0.0,-109447200.0,0,13107,17040,39322,17049,13107,17043,0,0,0,70,68,100,2.7302359370752657e+23,71.1,0.0,74.3,-0.0,74.0,1,49,50,180,13107,0,0,0,0.0,0.0,0.0,0.0,-0.0,67.0,0.0,162057.094,0.0,751,0,740,0,0,0,721,0,768,0,737,0,743,0,742,0,712,0,7520,0.032,108447924224.0,0.0,0.0,784,16797,-0.0,162057.094,-114818.039,-0.0,0.133,6.909358625270745e+28,30.0,65.0,35,0.0,0.0,0.0,0.0,0.0,0.0,0.0,0.0,0.0,0.0,0.0,0.0,0.0,0.0,0.0,0.0,69.2,0,150,71,55,65476,0,300,0,1,8,20529,65476,0,0,40632,65.0,0.0,0.0,0.0,0.0,0.0
2026-09-04T20:08:34,ERR,ERR,ERR,ERR,ERR,ERR,ERR,ERR,ERR,ERR,ERR,ERR,ERR,ERR,ERR,ERR,ERR,ERR,ERR,ERR,ERR,ERR,ERR,ERR,ERR,ERR,ERR,ERR,ERR,ERR,ERR,ERR,ERR,ERR,ERR,ERR,ERR,ERR,ERR,ERR,ERR,ERR,ERR,ERR,ERR,ERR,ERR,ERR,ERR,ERR,ERR,ERR,ERR,ERR,ERR,ERR,ERR,ERR,ERR,ERR,ERR,ERR,ERR,ERR,ERR,ERR,ERR,ERR,ERR,ERR,ERR,ERR,ERR,ERR,ERR,ERR,ERR,ERR,ERR,ERR,ERR,ERR,ERR,ERR,ERR,ERR,ERR,ERR,ERR,ERR,ERR,ERR,ERR,ERR,ERR,ERR,ERR,ERR,ERR,ERR,ERR,ERR,ERR,ERR,ERR,ERR,ERR,ERR,ERR,ERR,ERR,ERR,ERR,ERR,ERR,ERR,ERR,ERR,ERR,ERR,ERR,ERR,ERR,ERR,ERR,2.718430741444032e+23,2.7184312818759872e+23,0.0,0.0,0.0,1.3936040501711995e+18,7.805,0.0,0,0,4,0,7116,0.0,100,0.0,0.0,0.0,0.0,0.0,0,0,0,0,0.0,0,0,0,0,0,0,0,0,0,0,0,0,0,0,0,0,0,0,0,0,0,0,0,0,0,0,0,0,0,0,0,0,0,31,40,40,71,65476,0,300,0,0,8,21553,0.0,-107605600.0,0.0,0.0,0.0,0.0,0.0,0.0,0.0,0.0,0.0,0.0,0.0,0.0,0.0,0.0,0.0,0.0,0.0,0.0,0.0,0.0,0.0,-2.004,-2.004,0.0,0.0,0.0,0.0,0.0,6183.0,0.0,6912.0,2.718430741444032e+23,2.7184312818759872e+23,-0.0,2.718430741444032e+23,0.0,0.0,0.0,0.0,69,-0.0,0.0,0.0,0.0,0.0,0.0,0.0,0.0,0.0,0,0,0,0.0,0.0,0.0,0.0,0.0,0.0,0.0,0.0,0.0,0.0,0.0,0.0,0.0,0.0,0.0,0.0,0,-107875648.0,69,0.0,138,0.0,-109447200.0,0,13107,17040,39322,17049,13107,17043,0,0,0,70,68,100,2.7302359370752657e+23,71.1,0.0,74.3,-0.0,74.0,1,49,50,180,13107,0,0,0,0.0,0.0,0.0,0.0,-0.0,67.0,0.0,162057.094,0.0,751,0,740,0,0,0,721,0,768,0,737,0,743,0,742,0,712,0,7520,0.032,108447924224.0,0.0,0.0,784,16797,-0.0,162057.094,-114818.039,-0.0,0.133,6.909358625270745e+28,30.0,65.0,35,0.0,0.0,0.0,0.0,0.0,0.0,0.0,0.0,0.0,0.0,0.0,0.0,0.0,0.0,0.0,0.0,69.2,0,150,71,55,65476,0,300,0,1,8,20529,65476,0,0,40632,65.0,0.0,0.0,0.0,0.0,0.0
2026-09-04T20:08:35,ERR,ERR,ERR,ERR,ERR,ERR,ERR,ERR,ERR,ERR,ERR,ERR,ERR,ERR,ERR,ERR,ERR,ERR,ERR,ERR,ERR,ERR,ERR,ERR,ERR,ERR,ERR,ERR,ERR,ERR,ERR,ERR,ERR,ERR,ERR,ERR,ERR,ERR,ERR,ERR,ERR,ERR,ERR,ERR,ERR,ERR,ERR,ERR,ERR,ERR,ERR,ERR,ERR,ERR,ERR,ERR,ERR,ERR,ERR,ERR,ERR,ERR,ERR,ERR,ERR,ERR,ERR,ERR,ERR,ERR,ERR,ERR,ERR,ERR,ERR,ERR,ERR,ERR,ERR,ERR,ERR,ERR,ERR,ERR,ERR,ERR,ERR,ERR,ERR,ERR,ERR,ERR,ERR,ERR,ERR,ERR,ERR,ERR,ERR,ERR,ERR,ERR,ERR,ERR,ERR,ERR,ERR,ERR,ERR,ERR,ERR,ERR,ERR,ERR,ERR,ERR,ERR,ERR,ERR,ERR,ERR,ERR,ERR,ERR,ERR,2.718430741444032e+23,2.7184312818759872e+23,0.0,0.0,0.0,1.3936040501711995e+18,7.805,0.0,0,0,4,0,7116,0.0,100,0.0,0.0,0.0,0.0,0.0,0,0,0,0,0.0,0,0,0,0,0,0,0,0,0,0,0,0,0,0,0,0,0,0,0,0,0,0,0,0,0,0,0,0,0,0,0,0,0,31,40,40,71,65476,0,300,0,0,8,21553,0.0,-107605600.0,0.0,0.0,0.0,0.0,0.0,0.0,0.0,0.0,0.0,0.0,0.0,0.0,0.0,0.0,0.0,0.0,0.0,0.0,0.0,0.0,0.0,-2.004,-2.004,0.0,0.0,0.0,0.0,0.0,6183.0,0.0,6912.0,2.718430741444032e+23,2.7184312818759872e+23,-0.0,2.718430741444032e+23,0.0,0.0,0.0,0.0,69,-0.0,0.0,0.0,0.0,0.0,0.0,0.0,0.0,0.0,0,0,0,0.0,0.0,0.0,0.0,0.0,0.0,0.0,0.0,0.0,0.0,0.0,0.0,0.0,0.0,0.0,0.0,0,-107875648.0,69,0.0,138,0.0,-109447200.0,0,13107,17040,39322,17049,13107,17043,0,0,0,70,68,100,2.7302359370752657e+23,71.1,0.0,74.3,-0.0,74.0,1,49,50,180,13107,0,0,0,0.0,0.0,0.0,0.0,-0.0,67.0,0.0,162057.094,0.0,751,0,740,0,0,0,721,0,768,0,737,0,743,0,742,0,712,0,7520,0.032,108447924224.0,0.0,0.0,784,16797,-0.0,162057.094,-114818.039,-0.0,0.133,6.909358625270745e+28,30.0,65.0,35,0.0,0.0,0.0,0.0,0.0,0.0,0.0,0.0,0.0,0.0,0.0,0.0,0.0,0.0,0.0,0.0,69.2,0,150,71,55,65476,0,300,0,1,8,20529,65476,0,0,40632,65.0,0.0,0.0,0.0,0.0,0.0
2026-09-04T20:08:36,ERR,ERR,ERR,ERR,ERR,ERR,ERR,ERR,ERR,ERR,ERR,ERR,ERR,ERR,ERR,ERR,ERR,ERR,ERR,ERR,ERR,ERR,ERR,ERR,ERR,ERR,ERR,ERR,ERR,ERR,ERR,ERR,ERR,ERR,ERR,ERR,ERR,ERR,ERR,ERR,ERR,ERR,ERR,ERR,ERR,ERR,ERR,ERR,ERR,ERR,ERR,ERR,ERR,ERR,ERR,ERR,ERR,ERR,ERR,ERR,ERR,ERR,ERR,ERR,ERR,ERR,ERR,ERR,ERR,ERR,ERR,ERR,ERR,ERR,ERR,ERR,ERR,ERR,ERR,ERR,ERR,ERR,ERR,ERR,ERR,ERR,ERR,ERR,ERR,ERR,ERR,ERR,ERR,ERR,ERR,ERR,ERR,ERR,ERR,ERR,ERR,ERR,ERR,ERR,ERR,ERR,ERR,ERR,ERR,ERR,ERR,ERR,ERR,ERR,ERR,ERR,ERR,ERR,ERR,ERR,ERR,ERR,ERR,ERR,ERR,2.718430741444032e+23,2.7184312818759872e+23,0.0,0.0,0.0,1.3936040501711995e+18,7.805,0.0,0,0,4,0,7116,0.0,100,0.0,0.0,0.0,0.0,0.0,0,0,0,0,0.0,0,0,0,0,0,0,0,0,0,0,0,0,0,0,0,0,0,0,0,0,0,0,0,0,0,0,0,0,0,0,0,0,0,31,40,40,71,65476,0,300,0,0,8,21553,0.0,-107605600.0,0.0,0.0,0.0,0.0,0.0,0.0,0.0,0.0,0.0,0.0,0.0,0.0,0.0,0.0,0.0,0.0,0.0,0.0,0.0,0.0,0.0,-2.004,-2.004,0.0,0.0,0.0,0.0,0.0,6183.0,0.0,6912.0,2.718430741444032e+23,2.7184312818759872e+23,-0.0,2.718430741444032e+23,0.0,0.0,0.0,0.0,69,-0.0,0.0,0.0,0.0,0.0,0.0,0.0,0.0,0.0,0,0,0,0.0,0.0,0.0,0.0,0.0,0.0,0.0,0.0,0.0,0.0,0.0,0.0,0.0,0.0,0.0,0.0,0,-107875648.0,69,0.0,138,0.0,-109447200.0,0,13107,17040,39322,17049,13107,17043,0,0,0,70,68,100,2.7302359370752657e+23,71.1,0.0,74.3,-0.0,74.0,1,49,50,180,13107,0,0,0,0.0,0.0,0.0,0.0,-0.0,67.0,0.0,162057.094,0.0,751,0,740,0,0,0,721,0,768,0,737,0,743,0,742,0,712,0,7520,0.032,108447924224.0,0.0,0.0,784,16797,-0.0,162057.094,-114818.039,-0.0,0.133,6.909358625270745e+28,30.0,65.0,35,0.0,0.0,0.0,0.0,0.0,0.0,0.0,0.0,0.0,0.0,0.0,0.0,0.0,0.0,0.0,0.0,69.2,0,150,71,55,65476,0,300,0,1,8,20529,65476,0,0,40632,65.0,0.0,0.0,0.0,0.0,0.0
2026-09-04T20:08:37,ERR,ERR,ERR,ERR,ERR,ERR,ERR,ERR,ERR,ERR,ERR,ERR,ERR,ERR,ERR,ERR,ERR,ERR,ERR,ERR,ERR,ERR,ERR,ERR,ERR,ERR,ERR,ERR,ERR,ERR,ERR,ERR,ERR,ERR,ERR,ERR,ERR,ERR,ERR,ERR,ERR,ERR,ERR,ERR,ERR,ERR,ERR,ERR,ERR,ERR,ERR,ERR,ERR,ERR,ERR,ERR,ERR,ERR,ERR,ERR,ERR,ERR,ERR,ERR,ERR,ERR,ERR,ERR,ERR,ERR,ERR,ERR,ERR,ERR,ERR,ERR,ERR,ERR,ERR,ERR,ERR,ERR,ERR,ERR,ERR,ERR,ERR,ERR,ERR,ERR,ERR,ERR,ERR,ERR,ERR,ERR,ERR,ERR,ERR,ERR,ERR,ERR,ERR,ERR,ERR,ERR,ERR,ERR,ERR,ERR,ERR,ERR,ERR,ERR,ERR,ERR,ERR,ERR,ERR,ERR,ERR,ERR,ERR,ERR,ERR,2.718430741444032e+23,2.7184312818759872e+23,0.0,0.0,0.0,1.3936040501711995e+18,7.805,0.0,0,0,4,0,7116,0.0,100,0.0,0.0,0.0,0.0,0.0,0,0,0,0,0.0,0,0,0,0,0,0,0,0,0,0,0,0,0,0,0,0,0,0,0,0,0,0,0,0,0,0,0,0,0,0,0,0,0,31,40,40,71,65476,0,300,0,0,8,21553,0.0,-107605600.0,0.0,0.0,0.0,0.0,0.0,0.0,0.0,0.0,0.0,0.0,0.0,0.0,0.0,0.0,0.0,0.0,0.0,0.0,0.0,0.0,0.0,-2.004,-2.004,0.0,0.0,0.0,0.0,0.0,6183.0,0.0,6912.0,2.718430741444032e+23,2.7184312818759872e+23,-0.0,2.718430741444032e+23,0.0,0.0,0.0,0.0,69,-0.0,0.0,0.0,0.0,0.0,0.0,0.0,0.0,0.0,0,0,0,0.0,0.0,0.0,0.0,0.0,0.0,0.0,0.0,0.0,0.0,0.0,0.0,0.0,0.0,0.0,0.0,0,-107875648.0,69,0.0,138,0.0,-109447200.0,0,13107,17040,39322,17049,13107,17043,0,0,0,70,68,100,2.7302359370752657e+23,71.1,0.0,74.3,-0.0,74.0,1,49,50,180,13107,0,0,0,0.0,0.0,0.0,0.0,-0.0,67.0,0.0,162057.094,0.0,751,0,740,0,0,0,721,0,768,0,737,0,743,0,742,0,712,0,7520,0.032,108447924224.0,0.0,0.0,784,16797,-0.0,162057.094,-114818.039,-0.0,0.133,6.909358625270745e+28,30.0,65.0,35,0.0,0.0,0.0,0.0,0.0,0.0,0.0,0.0,0.0,0.0,0.0,0.0,0.0,0.0,0.0,0.0,69.2,0,150,71,55,65476,0,300,0,1,8,20529,65476,0,0,40632,65.0,0.0,0.0,0.0,0.0,0.0
2026-09-04T20:08:38,ERR,ERR,ERR,ERR,ERR,ERR,ERR,ERR,ERR,ERR,ERR,ERR,ERR,ERR,ERR,ERR,ERR,ERR,ERR,ERR,ERR,ERR,ERR,ERR,ERR,ERR,ERR,ERR,ERR,ERR,ERR,ERR,ERR,ERR,ERR,ERR,ERR,ERR,ERR,ERR,ERR,ERR,ERR,ERR,ERR,ERR,ERR,ERR,ERR,ERR,ERR,ERR,ERR,ERR,ERR,ERR,ERR,ERR,ERR,ERR,ERR,ERR,ERR,ERR,ERR,ERR,ERR,ERR,ERR,ERR,ERR,ERR,ERR,ERR,ERR,ERR,ERR,ERR,ERR,ERR,ERR,ERR,ERR,ERR,ERR,ERR,ERR,ERR,ERR,ERR,ERR,ERR,ERR,ERR,ERR,ERR,ERR,ERR,ERR,ERR,ERR,ERR,ERR,ERR,ERR,ERR,ERR,ERR,ERR,ERR,ERR,ERR,ERR,ERR,ERR,ERR,ERR,ERR,ERR,ERR,ERR,ERR,ERR,ERR,ERR,2.718430741444032e+23,2.7184312818759872e+23,0.0,0.0,0.0,1.3936040501711995e+18,7.805,0.0,0,0,4,0,7116,0.0,100,0.0,0.0,0.0,0.0,0.0,0,0,0,0,0.0,0,0,0,0,0,0,0,0,0,0,0,0,0,0,0,0,0,0,0,0,0,0,0,0,0,0,0,0,0,0,0,0,0,31,40,40,71,65476,0,300,0,0,8,21553,0.0,-107605600.0,0.0,0.0,0.0,0.0,0.0,0.0,0.0,0.0,0.0,0.0,0.0,0.0,0.0,0.0,0.0,0.0,0.0,0.0,0.0,0.0,0.0,-2.004,-2.004,0.0,0.0,0.0,0.0,0.0,6183.0,0.0,6912.0,2.718430741444032e+23,2.7184312818759872e+23,-0.0,2.718430741444032e+23,0.0,0.0,0.0,0.0,69,-0.0,0.0,0.0,0.0,0.0,0.0,0.0,0.0,0.0,0,0,0,0.0,0.0,0.0,0.0,0.0,0.0,0.0,0.0,0.0,0.0,0.0,0.0,0.0,0.0,0.0,0.0,0,-107875648.0,69,0.0,138,0.0,-109447200.0,0,13107,17040,39322,17049,13107,17043,0,0,0,70,68,100,2.7302359370752657e+23,71.2,2.7302370179391762e+23,74.2,2.7302370179391762e+23,74.0,1,49,50,180,13107,0,0,0,0.0,0.0,0.0,0.0,-0.0,67.0,0.0,162057.094,0.0,751,0,740,0,0,0,721,0,768,0,736,0,743,0,742,0,712,0,7520,0.032,107911053312.0,0.0,0.0,784,16797,-0.0,162057.094,-114818.039,-0.0,0.133,6.909358625270745e+28,30.0,65.0,35,0.0,0.0,0.0,0.0,0.0,0.0,0.0,0.0,0.0,0.0,0.0,0.0,0.0,0.0,0.0,0.0,69.2,0,150,71,55,65476,0,300,0,1,8,20529,65476,0,0,40632,65.0,0.0,0.0,0.0,0.0,0.0
2026-09-04T20:08:39,ERR,ERR,ERR,ERR,ERR,ERR,ERR,ERR,ERR,ERR,ERR,ERR,ERR,ERR,ERR,ERR,ERR,ERR,ERR,ERR,ERR,ERR,ERR,ERR,ERR,ERR,ERR,ERR,ERR,ERR,ERR,ERR,ERR,ERR,ERR,ERR,ERR,ERR,ERR,ERR,ERR,ERR,ERR,ERR,ERR,ERR,ERR,ERR,ERR,ERR,ERR,ERR,ERR,ERR,ERR,ERR,ERR,ERR,ERR,ERR,ERR,ERR,ERR,ERR,ERR,ERR,ERR,ERR,ERR,ERR,ERR,ERR,ERR,ERR,ERR,ERR,ERR,ERR,ERR,ERR,ERR,ERR,ERR,ERR,ERR,ERR,ERR,ERR,ERR,ERR,ERR,ERR,ERR,ERR,ERR,ERR,ERR,ERR,ERR,ERR,ERR,ERR,ERR,ERR,ERR,ERR,ERR,ERR,ERR,ERR,ERR,ERR,ERR,ERR,ERR,ERR,ERR,ERR,ERR,ERR,ERR,ERR,ERR,ERR,ERR,2.718430741444032e+23,2.7184312818759872e+23,0.0,0.0,0.0,1.3936040501711995e+18,7.805,0.0,0,0,4,0,7116,0.0,100,0.0,0.0,0.0,0.0,0.0,0,0,0,0,0.0,0,0,0,0,0,0,0,0,0,0,0,0,0,0,0,0,0,0,0,0,0,0,0,0,0,0,0,0,0,0,0,0,0,31,40,40,71,65476,0,300,0,0,8,21553,0.0,-107605600.0,0.0,0.0,0.0,0.0,0.0,0.0,0.0,0.0,0.0,0.0,0.0,0.0,0.0,0.0,0.0,0.0,0.0,0.0,0.0,0.0,0.0,-2.004,-2.004,0.0,0.0,0.0,0.0,0.0,6149.0,-0.0,6935.0,2.718430741444032e+23,2.7184312818759872e+23,-0.0,2.718430741444032e+23,0.0,0.0,0.0,0.0,69,-0.0,-0.0,0.0,0.0,0.0,0.0,0.0,0.0,0.0,0,0,0,0.0,0.0,0.0,0.0,0.0,0.0,0.0,0.0,0.0,0.0,0.0,0.0,0.0,0.0,0.0,0.0,0,-107875648.0,69,0.0,138,0.0,-109447200.0,0,13107,17040,39322,17049,13107,17043,0,0,0,70,68,100,2.7302359370752657e+23,71.2,2.7302370179391762e+23,74.2,2.7302370179391762e+23,74.0,1,49,50,180,13107,0,0,0,0.0,0.0,0.0,0.0,-0.0,67.0,0.0,162057.094,0.0,751,0,740,0,0,0,721,0,768,0,736,0,743,0,742,0,712,0,7520,0.032,107911053312.0,0.0,0.0,784,16797,-0.0,162057.094,-114818.039,-0.0,0.133,6.909358625270745e+28,30.0,65.0,35,0.0,0.0,0.0,0.0,0.0,0.0,0.0,0.0,0.0,0.0,0.0,0.0,0.0,0.0,0.0,0.0,69.2,0,150,71,55,65476,0,300,0,1,8,20529,65476,0,0,40632,65.0,0.0,0.0,0.0,0.0,0.0
2026-09-04T20:08:40,ERR,ERR,ERR,ERR,ERR,ERR,ERR,ERR,ERR,ERR,ERR,ERR,ERR,ERR,ERR,ERR,ERR,ERR,ERR,ERR,ERR,ERR,ERR,ERR,ERR,ERR,ERR,ERR,ERR,ERR,ERR,ERR,ERR,ERR,ERR,ERR,ERR,ERR,ERR,ERR,ERR,ERR,ERR,ERR,ERR,ERR,ERR,ERR,ERR,ERR,ERR,ERR,ERR,ERR,ERR,ERR,ERR,ERR,ERR,ERR,ERR,ERR,ERR,ERR,ERR,ERR,ERR,ERR,ERR,ERR,ERR,ERR,ERR,ERR,ERR,ERR,ERR,ERR,ERR,ERR,ERR,ERR,ERR,ERR,ERR,ERR,ERR,ERR,ERR,ERR,ERR,ERR,ERR,ERR,ERR,ERR,ERR,ERR,ERR,ERR,ERR,ERR,ERR,ERR,ERR,ERR,ERR,ERR,ERR,ERR,ERR,ERR,ERR,ERR,ERR,ERR,ERR,ERR,ERR,ERR,ERR,ERR,ERR,ERR,ERR,2.718430741444032e+23,2.7184312818759872e+23,0.0,0.0,0.0,1.3936040501711995e+18,7.805,0.0,0,0,4,0,7116,0.0,100,0.0,0.0,0.0,0.0,0.0,0,0,0,0,0.0,0,0,0,0,0,0,0,0,0,0,0,0,0,0,0,0,0,0,0,0,0,0,0,0,0,0,0,0,0,0,0,0,0,31,40,40,71,65476,0,300,0,0,8,21553,0.0,-107605600.0,0.0,0.0,0.0,0.0,0.0,0.0,0.0,0.0,0.0,0.0,0.0,0.0,0.0,0.0,0.0,0.0,0.0,0.0,0.0,0.0,0.0,-2.004,-2.004,0.0,0.0,0.0,0.0,0.0,6149.0,-0.0,6935.0,2.718430741444032e+23,2.7184312818759872e+23,-0.0,2.718430741444032e+23,0.0,0.0,0.0,0.0,69,-0.0,-0.0,0.0,0.0,0.0,0.0,0.0,0.0,0.0,0,0,0,0.0,0.0,0.0,0.0,0.0,0.0,0.0,0.0,0.0,0.0,0.0,0.0,0.0,0.0,0.0,0.0,0,-107875648.0,69,0.0,138,0.0,-109447200.0,0,13107,17040,39322,17049,13107,17043,0,0,0,70,68,100,2.7302359370752657e+23,71.2,2.7302370179391762e+23,74.2,2.7302370179391762e+23,74.0,1,49,50,180,13107,0,0,0,0.0,0.0,0.0,0.0,-0.0,67.0,0.0,162057.094,0.0,751,0,740,0,0,0,721,0,768,0,736,0,743,0,742,0,712,0,7520,0.032,107911053312.0,0.0,0.0,784,16797,-0.0,162057.094,-114818.039,-0.0,0.133,6.909358625270745e+28,30.0,65.0,35,0.0,0.0,0.0,0.0,0.0,0.0,0.0,0.0,0.0,0.0,0.0,0.0,0.0,0.0,0.0,0.0,69.6,0,150,71,55,65476,0,300,0,1,8,20529,65476,0,0,40632,65.0,0.0,0.0,0.0,0.0,0.0
2026-09-04T20:08:41,ERR,ERR,ERR,ERR,ERR,ERR,ERR,ERR,ERR,ERR,ERR,ERR,ERR,ERR,ERR,ERR,ERR,ERR,ERR,ERR,ERR,ERR,ERR,ERR,ERR,ERR,ERR,ERR,ERR,ERR,ERR,ERR,ERR,ERR,ERR,ERR,ERR,ERR,ERR,ERR,ERR,ERR,ERR,ERR,ERR,ERR,ERR,ERR,ERR,ERR,ERR,ERR,ERR,ERR,ERR,ERR,ERR,ERR,ERR,ERR,ERR,ERR,ERR,ERR,ERR,ERR,ERR,ERR,ERR,ERR,ERR,ERR,ERR,ERR,ERR,ERR,ERR,ERR,ERR,ERR,ERR,ERR,ERR,ERR,ERR,ERR,ERR,ERR,ERR,ERR,ERR,ERR,ERR,ERR,ERR,ERR,ERR,ERR,ERR,ERR,ERR,ERR,ERR,ERR,ERR,ERR,ERR,ERR,ERR,ERR,ERR,ERR,ERR,ERR,ERR,ERR,ERR,ERR,ERR,ERR,ERR,ERR,ERR,ERR,ERR,2.718430741444032e+23,2.7184312818759872e+23,0.0,0.0,0.0,1.3936040501711995e+18,7.805,0.0,0,0,4,0,7116,0.0,100,0.0,0.0,0.0,0.0,0.0,0,0,0,0,0.0,0,0,0,0,0,0,0,0,0,0,0,0,0,0,0,0,0,0,0,0,0,0,0,0,0,0,0,0,0,0,0,0,0,31,40,40,71,65476,0,300,0,0,8,21553,0.0,-107605600.0,0.0,0.0,0.0,0.0,0.0,0.0,0.0,0.0,0.0,0.0,0.0,0.0,0.0,0.0,0.0,0.0,0.0,0.0,0.0,0.0,0.0,-2.004,-2.004,0.0,0.0,0.0,0.0,0.0,6149.0,-0.0,6935.0,2.718430741444032e+23,2.7184312818759872e+23,-0.0,2.718430741444032e+23,0.0,0.0,0.0,0.0,69,-0.0,-0.0,0.0,0.0,0.0,0.0,0.0,0.0,0.0,0,0,0,0.0,0.0,0.0,0.0,0.0,0.0,0.0,0.0,0.0,0.0,0.0,0.0,0.0,0.0,0.0,0.0,0,-107875648.0,69,0.0,138,0.0,-109447200.0,0,13107,17040,39322,17049,13107,17043,0,0,0,70,68,100,2.7302359370752657e+23,71.2,2.7302370179391762e+23,74.2,2.7302370179391762e+23,74.0,1,49,50,180,13107,0,0,0,0.0,0.0,0.0,0.0,-0.0,67.0,0.0,162057.094,0.0,751,0,740,0,0,0,721,0,768,0,736,0,743,0,742,0,712,0,7520,0.032,107911053312.0,0.0,0.0,784,16797,-0.0,162057.094,-114818.039,-0.0,0.133,6.909358625270745e+28,30.0,65.0,35,0.0,0.0,0.0,0.0,0.0,0.0,0.0,0.0,0.0,0.0,0.0,0.0,0.0,0.0,0.0,0.0,69.6,0,150,71,55,65476,0,300,0,1,8,20529,65476,0,0,40632,65.0,0.0,0.0,0.0,0.0,0.0
2026-09-04T20:08:42,ERR,ERR,ERR,ERR,ERR,ERR,ERR,ERR,ERR,ERR,ERR,ERR,ERR,ERR,ERR,ERR,ERR,ERR,ERR,ERR,ERR,ERR,ERR,ERR,ERR,ERR,ERR,ERR,ERR,ERR,ERR,ERR,ERR,ERR,ERR,ERR,ERR,ERR,ERR,ERR,ERR,ERR,ERR,ERR,ERR,ERR,ERR,ERR,ERR,ERR,ERR,ERR,ERR,ERR,ERR,ERR,ERR,ERR,ERR,ERR,ERR,ERR,ERR,ERR,ERR,ERR,ERR,ERR,ERR,ERR,ERR,ERR,ERR,ERR,ERR,ERR,ERR,ERR,ERR,ERR,ERR,ERR,ERR,ERR,ERR,ERR,ERR,ERR,ERR,ERR,ERR,ERR,ERR,ERR,ERR,ERR,ERR,ERR,ERR,ERR,ERR,ERR,ERR,ERR,ERR,ERR,ERR,ERR,ERR,ERR,ERR,ERR,ERR,ERR,ERR,ERR,ERR,ERR,ERR,ERR,ERR,ERR,ERR,ERR,ERR,2.718430741444032e+23,2.7184312818759872e+23,0.0,0.0,0.0,1.3936040501711995e+18,7.805,0.0,0,0,4,0,7116,0.0,100,0.0,0.0,0.0,0.0,0.0,0,0,0,0,0.0,0,0,0,0,0,0,0,0,0,0,0,0,0,0,0,0,0,0,0,0,0,0,0,0,0,0,0,0,0,0,0,0,0,31,40,40,71,65476,0,300,0,0,8,21553,0.0,-107605600.0,0.0,0.0,0.0,0.0,0.0,0.0,0.0,0.0,0.0,0.0,0.0,0.0,0.0,0.0,0.0,0.0,0.0,0.0,0.0,0.0,0.0,-2.004,-2.004,0.0,0.0,0.0,0.0,0.0,6149.0,-0.0,6935.0,2.718430741444032e+23,2.7184312818759872e+23,-0.0,2.718430741444032e+23,0.0,0.0,0.0,0.0,69,-0.0,-0.0,0.0,0.0,0.0,0.0,0.0,0.0,0.0,0,0,0,0.0,0.0,0.0,0.0,0.0,0.0,0.0,0.0,0.0,0.0,0.0,0.0,0.0,0.0,0.0,0.0,0,-107875648.0,69,0.0,138,0.0,-109447200.0,0,13107,17040,39322,17049,13107,17043,0,0,0,70,68,100,2.7302359370752657e+23,71.2,2.7302370179391762e+23,74.2,2.7302370179391762e+23,74.0,1,49,50,180,13107,0,0,0,0.0,0.0,0.0,0.0,-0.0,67.0,0.0,162057.094,0.0,751,0,740,0,0,0,721,0,768,0,736,0,743,0,742,0,712,0,7520,0.032,107911053312.0,0.0,0.0,784,16797,-0.0,162057.094,-114818.039,-0.0,0.133,6.909358625270745e+28,30.0,65.0,35,0.0,0.0,0.0,0.0,0.0,0.0,0.0,0.0,0.0,0.0,0.0,0.0,0.0,0.0,0.0,0.0,69.2,0,150,71,55,65476,0,300,0,1,8,20529,65476,0,0,40632,65.0,0.0,0.0,0.0,0.0,0.0
2026-09-04T20:08:43,ERR,ERR,ERR,ERR,ERR,ERR,ERR,ERR,ERR,ERR,ERR,ERR,ERR,ERR,ERR,ERR,ERR,ERR,ERR,ERR,ERR,ERR,ERR,ERR,ERR,ERR,ERR,ERR,ERR,ERR,ERR,ERR,ERR,ERR,ERR,ERR,ERR,ERR,ERR,ERR,ERR,ERR,ERR,ERR,ERR,ERR,ERR,ERR,ERR,ERR,ERR,ERR,ERR,ERR,ERR,ERR,ERR,ERR,ERR,ERR,ERR,ERR,ERR,ERR,ERR,ERR,ERR,ERR,ERR,ERR,ERR,ERR,ERR,ERR,ERR,ERR,ERR,ERR,ERR,ERR,ERR,ERR,ERR,ERR,ERR,ERR,ERR,ERR,ERR,ERR,ERR,ERR,ERR,ERR,ERR,ERR,ERR,ERR,ERR,ERR,ERR,ERR,ERR,ERR,ERR,ERR,ERR,ERR,ERR,ERR,ERR,ERR,ERR,ERR,ERR,ERR,ERR,ERR,ERR,ERR,ERR,ERR,ERR,ERR,ERR,2.718430741444032e+23,2.7184312818759872e+23,0.0,0.0,0.0,1.3936040501711995e+18,7.805,0.0,0,0,4,0,7116,0.0,100,0.0,0.0,0.0,0.0,0.0,0,0,0,0,0.0,0,0,0,0,0,0,0,0,0,0,0,0,0,0,0,0,0,0,0,0,0,0,0,0,0,0,0,0,0,0,0,0,0,31,40,40,71,65476,0,300,0,0,8,21553,0.0,-107605600.0,0.0,0.0,0.0,0.0,0.0,0.0,0.0,0.0,0.0,0.0,0.0,0.0,0.0,0.0,0.0,0.0,0.0,0.0,0.0,0.0,0.0,-2.004,-2.004,0.0,0.0,0.0,0.0,0.0,6149.0,-0.0,6935.0,2.718430741444032e+23,2.7184312818759872e+23,-0.0,2.718430741444032e+23,0.0,0.0,0.0,0.0,69,-0.0,-0.0,0.0,0.0,0.0,0.0,0.0,0.0,0.0,0,0,0,0.0,0.0,0.0,0.0,0.0,0.0,0.0,0.0,0.0,0.0,0.0,0.0,0.0,0.0,0.0,0.0,0,-107875648.0,69,0.0,138,0.0,-109447200.0,0,13107,17040,39322,17049,13107,17043,0,0,0,70,68,100,2.7302359370752657e+23,71.2,2.7302370179391762e+23,74.2,2.7302370179391762e+23,74.0,1,49,50,180,13107,0,0,0,0.0,0.0,0.0,0.0,-0.0,67.0,0.0,162057.094,0.0,751,0,740,0,0,0,721,0,768,0,737,0,743,0,742,0,712,0,7520,0.032,108447924224.0,0.0,0.0,784,16797,-0.0,162057.094,-114818.039,-0.0,0.133,6.909358625270745e+28,30.0,65.0,35,0.0,0.0,0.0,0.0,0.0,0.0,0.0,0.0,0.0,0.0,0.0,0.0,0.0,0.0,0.0,0.0,69.2,0,150,71,55,65476,0,300,0,1,8,20529,65476,0,0,40632,65.0,0.0,0.0,0.0,0.0,0.0
2026-09-04T20:08:44,ERR,ERR,ERR,ERR,ERR,ERR,ERR,ERR,ERR,ERR,ERR,ERR,ERR,ERR,ERR,ERR,ERR,ERR,ERR,ERR,ERR,ERR,ERR,ERR,ERR,ERR,ERR,ERR,ERR,ERR,ERR,ERR,ERR,ERR,ERR,ERR,ERR,ERR,ERR,ERR,ERR,ERR,ERR,ERR,ERR,ERR,ERR,ERR,ERR,ERR,ERR,ERR,ERR,ERR,ERR,ERR,ERR,ERR,ERR,ERR,ERR,ERR,ERR,ERR,ERR,ERR,ERR,ERR,ERR,ERR,ERR,ERR,ERR,ERR,ERR,ERR,ERR,ERR,ERR,ERR,ERR,ERR,ERR,ERR,ERR,ERR,ERR,ERR,ERR,ERR,ERR,ERR,ERR,ERR,ERR,ERR,ERR,ERR,ERR,ERR,ERR,ERR,ERR,ERR,ERR,ERR,ERR,ERR,ERR,ERR,ERR,ERR,ERR,ERR,ERR,ERR,ERR,ERR,ERR,ERR,ERR,ERR,ERR,ERR,ERR,2.718430741444032e+23,2.7184312818759872e+23,0.0,0.0,0.0,1.3936040501711995e+18,7.805,0.0,0,0,4,0,7116,0.0,100,0.0,0.0,0.0,0.0,0.0,0,0,0,0,0.0,0,0,0,0,0,0,0,0,0,0,0,0,0,0,0,0,0,0,0,0,0,0,0,0,0,0,0,0,0,0,0,0,0,31,40,40,71,65476,0,300,0,0,8,21553,0.0,-107605600.0,0.0,0.0,0.0,0.0,0.0,0.0,0.0,0.0,0.0,0.0,0.0,0.0,0.0,0.0,0.0,0.0,0.0,0.0,0.0,0.0,0.0,-2.004,-2.004,0.0,0.0,0.0,0.0,0.0,6149.0,-0.0,6935.0,2.718430741444032e+23,2.7184312818759872e+23,-0.0,2.718430741444032e+23,0.0,0.0,0.0,0.0,69,-0.0,-0.0,0.0,0.0,0.0,0.0,0.0,0.0,0.0,0,0,0,0.0,0.0,0.0,0.0,0.0,0.0,0.0,0.0,0.0,0.0,0.0,0.0,0.0,0.0,0.0,0.0,0,-107875648.0,69,0.0,138,0.0,-109447200.0,0,13107,17040,39322,17049,13107,17043,0,0,0,70,68,100,2.7302359370752657e+23,71.2,2.7302370179391762e+23,74.2,2.7302370179391762e+23,74.0,1,49,50,180,13107,0,0,0,0.0,0.0,0.0,0.0,-0.0,67.0,0.0,162057.094,0.0,751,0,740,0,0,0,721,0,768,0,737,0,743,0,742,0,712,0,7520,0.032,108447924224.0,0.0,0.0,784,16797,-0.0,162057.094,-114818.039,-0.0,0.133,6.909358625270745e+28,30.0,65.0,35,0.0,0.0,0.0,0.0,0.0,0.0,0.0,0.0,0.0,0.0,0.0,0.0,0.0,0.0,0.0,0.0,69.2,0,150,71,55,65476,0,300,0,1,8,20529,65476,0,0,40632,65.0,0.0,0.0,0.0,0.0,0.0
2026-09-04T20:08:45,ERR,ERR,ERR,ERR,ERR,ERR,ERR,ERR,ERR,ERR,ERR,ERR,ERR,ERR,ERR,ERR,ERR,ERR,ERR,ERR,ERR,ERR,ERR,ERR,ERR,ERR,ERR,ERR,ERR,ERR,ERR,ERR,ERR,ERR,ERR,ERR,ERR,ERR,ERR,ERR,ERR,ERR,ERR,ERR,ERR,ERR,ERR,ERR,ERR,ERR,ERR,ERR,ERR,ERR,ERR,ERR,ERR,ERR,ERR,ERR,ERR,ERR,ERR,ERR,ERR,ERR,ERR,ERR,ERR,ERR,ERR,ERR,ERR,ERR,ERR,ERR,ERR,ERR,ERR,ERR,ERR,ERR,ERR,ERR,ERR,ERR,ERR,ERR,ERR,ERR,ERR,ERR,ERR,ERR,ERR,ERR,ERR,ERR,ERR,ERR,ERR,ERR,ERR,ERR,ERR,ERR,ERR,ERR,ERR,ERR,ERR,ERR,ERR,ERR,ERR,ERR,ERR,ERR,ERR,ERR,ERR,ERR,ERR,ERR,ERR,2.718430741444032e+23,2.7184312818759872e+23,0.0,0.0,0.0,1.3936040501711995e+18,7.805,0.0,0,0,4,0,7116,0.0,100,0.0,0.0,0.0,0.0,0.0,0,0,0,0,0.0,0,0,0,0,0,0,0,0,0,0,0,0,0,0,0,0,0,0,0,0,0,0,0,0,0,0,0,0,0,0,0,0,0,31,40,40,71,65476,0,300,0,0,8,21553,0.0,-107605600.0,0.0,0.0,0.0,0.0,0.0,0.0,0.0,0.0,0.0,0.0,0.0,0.0,0.0,0.0,0.0,0.0,0.0,0.0,0.0,0.0,0.0,-2.004,-2.004,0.0,0.0,0.0,0.0,0.0,6149.0,-0.0,6935.0,2.718430741444032e+23,2.7184312818759872e+23,-0.0,2.718430741444032e+23,0.0,0.0,0.0,0.0,69,-0.0,-0.0,0.0,0.0,0.0,0.0,0.0,0.0,0.0,0,0,0,0.0,0.0,0.0,0.0,0.0,0.0,0.0,0.0,0.0,0.0,0.0,0.0,0.0,0.0,0.0,0.0,0,-107875648.0,69,0.0,138,0.0,-109447200.0,0,13107,17040,39322,17049,13107,17043,0,0,0,70,68,100,2.7302359370752657e+23,71.2,2.7302370179391762e+23,74.2,2.7302370179391762e+23,74.0,1,49,50,180,13107,0,0,0,0.0,0.0,0.0,0.0,-0.0,67.0,0.0,162057.094,0.0,751,0,740,0,0,0,721,0,768,0,737,0,743,0,742,0,712,0,7520,0.032,108447924224.0,0.0,0.0,784,16797,-0.0,162057.094,-114818.039,-0.0,0.133,6.909358625270745e+28,30.0,65.0,35,0.0,0.0,0.0,0.0,0.0,0.0,0.0,0.0,0.0,0.0,0.0,0.0,0.0,0.0,0.0,0.0,69.2,0,150,71,55,65476,0,300,0,1,8,20529,65476,0,0,40632,65.0,0.0,0.0,0.0,0.0,0.0
2026-09-04T20:08:46,ERR,ERR,ERR,ERR,ERR,ERR,ERR,ERR,ERR,ERR,ERR,ERR,ERR,ERR,ERR,ERR,ERR,ERR,ERR,ERR,ERR,ERR,ERR,ERR,ERR,ERR,ERR,ERR,ERR,ERR,ERR,ERR,ERR,ERR,ERR,ERR,ERR,ERR,ERR,ERR,ERR,ERR,ERR,ERR,ERR,ERR,ERR,ERR,ERR,ERR,ERR,ERR,ERR,ERR,ERR,ERR,ERR,ERR,ERR,ERR,ERR,ERR,ERR,ERR,ERR,ERR,ERR,ERR,ERR,ERR,ERR,ERR,ERR,ERR,ERR,ERR,ERR,ERR,ERR,ERR,ERR,ERR,ERR,ERR,ERR,ERR,ERR,ERR,ERR,ERR,ERR,ERR,ERR,ERR,ERR,ERR,ERR,ERR,ERR,ERR,ERR,ERR,ERR,ERR,ERR,ERR,ERR,ERR,ERR,ERR,ERR,ERR,ERR,ERR,ERR,ERR,ERR,ERR,ERR,ERR,ERR,ERR,ERR,ERR,ERR,2.718430741444032e+23,2.7184312818759872e+23,0.0,0.0,0.0,1.3936040501711995e+18,7.805,0.0,0,0,4,0,7116,0.0,100,0.0,0.0,0.0,0.0,0.0,0,0,0,0,0.0,0,0,0,0,0,0,0,0,0,0,0,0,0,0,0,0,0,0,0,0,0,0,0,0,0,0,0,0,0,0,0,0,0,31,40,40,71,65476,0,300,0,0,8,21553,0.0,-107605600.0,0.0,0.0,0.0,0.0,0.0,0.0,0.0,0.0,0.0,0.0,0.0,0.0,0.0,0.0,0.0,0.0,0.0,0.0,0.0,0.0,0.0,-2.004,-2.004,0.0,0.0,0.0,0.0,0.0,6185.0,0.0,6918.0,2.718430741444032e+23,2.7184312818759872e+23,-0.0,2.718430741444032e+23,0.0,0.0,0.0,0.0,69,-0.0,1.905693997305692e+17,0.0,0.0,0.0,0.0,0.0,0.0,0.0,0,0,0,0.0,0.0,0.0,0.0,0.0,0.0,0.0,0.0,0.0,0.0,0.0,0.0,0.0,0.0,0.0,0.0,0,-107875648.0,69,0.0,138,0.0,-109447200.0,0,13107,17040,39322,17049,13107,17043,0,0,0,70,68,100,2.7302359370752657e+23,71.2,2.7302370179391762e+23,74.2,2.7302370179391762e+23,74.0,1,49,50,180,13107,0,0,0,0.0,0.0,0.0,0.0,-0.0,67.0,0.0,162057.094,0.0,751,0,740,0,0,0,721,0,768,0,737,0,743,0,742,0,712,0,7520,0.032,108447924224.0,0.0,0.0,784,16797,-0.0,162057.094,-114818.039,-0.0,0.133,6.909358625270745e+28,30.0,65.0,35,0.0,0.0,0.0,0.0,0.0,0.0,0.0,0.0,0.0,0.0,0.0,0.0,0.0,0.0,0.0,0.0,69.2,0,150,71,55,65476,0,300,0,1,8,20529,65476,0,0,40632,65.0,0.0,0.0,0.0,0.0,0.0
2026-09-04T20:08:47,ERR,ERR,ERR,ERR,ERR,ERR,ERR,ERR,ERR,ERR,ERR,ERR,ERR,ERR,ERR,ERR,ERR,ERR,ERR,ERR,ERR,ERR,ERR,ERR,ERR,ERR,ERR,ERR,ERR,ERR,ERR,ERR,ERR,ERR,ERR,ERR,ERR,ERR,ERR,ERR,ERR,ERR,ERR,ERR,ERR,ERR,ERR,ERR,ERR,ERR,ERR,ERR,ERR,ERR,ERR,ERR,ERR,ERR,ERR,ERR,ERR,ERR,ERR,ERR,ERR,ERR,ERR,ERR,ERR,ERR,ERR,ERR,ERR,ERR,ERR,ERR,ERR,ERR,ERR,ERR,ERR,ERR,ERR,ERR,ERR,ERR,ERR,ERR,ERR,ERR,ERR,ERR,ERR,ERR,ERR,ERR,ERR,ERR,ERR,ERR,ERR,ERR,ERR,ERR,ERR,ERR,ERR,ERR,ERR,ERR,ERR,ERR,ERR,ERR,ERR,ERR,ERR,ERR,ERR,ERR,ERR,ERR,ERR,ERR,ERR,2.718430741444032e+23,2.7184312818759872e+23,0.0,0.0,0.0,1.3936040501711995e+18,7.805,0.0,0,0,4,0,7116,0.0,100,0.0,0.0,0.0,0.0,0.0,0,0,0,0,0.0,0,0,0,0,0,0,0,0,0,0,0,0,0,0,0,0,0,0,0,0,0,0,0,0,0,0,0,0,0,0,0,0,0,31,40,40,71,65476,0,300,0,0,8,21553,0.0,-107605600.0,0.0,0.0,0.0,0.0,0.0,0.0,0.0,0.0,0.0,0.0,0.0,0.0,0.0,0.0,0.0,0.0,0.0,0.0,0.0,0.0,0.0,-2.004,-2.004,0.0,0.0,0.0,0.0,0.0,6185.0,0.0,6918.0,2.718430741444032e+23,2.7184312818759872e+23,-0.0,2.718430741444032e+23,0.0,0.0,0.0,0.0,69,-0.0,1.905693997305692e+17,0.0,0.0,0.0,0.0,0.0,0.0,0.0,0,0,0,0.0,0.0,0.0,0.0,0.0,0.0,0.0,0.0,0.0,0.0,0.0,0.0,0.0,0.0,0.0,0.0,0,-107875648.0,69,0.0,138,0.0,-109447200.0,0,13107,17040,39322,17049,13107,17043,0,0,0,70,68,100,2.7302359370752657e+23,71.2,2.7302370179391762e+23,74.2,2.7302370179391762e+23,74.0,1,49,50,180,13107,0,0,0,0.0,0.0,0.0,0.0,-0.0,67.0,0.0,162057.094,0.0,751,0,740,0,0,0,721,0,768,0,737,0,743,0,742,0,712,0,7520,0.032,108447924224.0,0.0,0.0,784,16797,-0.0,162057.094,-114818.039,-0.0,0.133,6.909358625270745e+28,30.0,65.0,35,0.0,0.0,0.0,0.0,0.0,0.0,0.0,0.0,0.0,0.0,0.0,0.0,0.0,0.0,0.0,0.0,69.2,0,150,71,55,65476,0,300,0,1,8,20529,65476,0,0,40632,65.0,0.0,0.0,0.0,0.0,0.0
2026-09-04T20:08:48,ERR,ERR,ERR,ERR,ERR,ERR,ERR,ERR,ERR,ERR,ERR,ERR,ERR,ERR,ERR,ERR,ERR,ERR,ERR,ERR,ERR,ERR,ERR,ERR,ERR,ERR,ERR,ERR,ERR,ERR,ERR,ERR,ERR,ERR,ERR,ERR,ERR,ERR,ERR,ERR,ERR,ERR,ERR,ERR,ERR,ERR,ERR,ERR,ERR,ERR,ERR,ERR,ERR,ERR,ERR,ERR,ERR,ERR,ERR,ERR,ERR,ERR,ERR,ERR,ERR,ERR,ERR,ERR,ERR,ERR,ERR,ERR,ERR,ERR,ERR,ERR,ERR,ERR,ERR,ERR,ERR,ERR,ERR,ERR,ERR,ERR,ERR,ERR,ERR,ERR,ERR,ERR,ERR,ERR,ERR,ERR,ERR,ERR,ERR,ERR,ERR,ERR,ERR,ERR,ERR,ERR,ERR,ERR,ERR,ERR,ERR,ERR,ERR,ERR,ERR,ERR,ERR,ERR,ERR,ERR,ERR,ERR,ERR,ERR,ERR,2.718430741444032e+23,2.7184312818759872e+23,0.0,0.0,0.0,1.3936040501711995e+18,7.805,0.0,0,0,4,0,7116,0.0,100,0.0,0.0,0.0,0.0,0.0,0,0,0,0,0.0,0,0,0,0,0,0,0,0,0,0,0,0,0,0,0,0,0,0,0,0,0,0,0,0,0,0,0,0,0,0,0,0,0,31,40,40,71,65476,0,300,0,0,8,21553,0.0,-107605600.0,0.0,0.0,0.0,0.0,0.0,0.0,0.0,0.0,0.0,0.0,0.0,0.0,0.0,0.0,0.0,0.0,0.0,0.0,0.0,0.0,0.0,-2.004,-2.004,0.0,0.0,0.0,0.0,0.0,6185.0,0.0,6918.0,2.718430741444032e+23,2.7184312818759872e+23,-0.0,2.718430741444032e+23,0.0,0.0,0.0,0.0,69,-0.0,1.905693997305692e+17,0.0,0.0,0.0,0.0,0.0,0.0,0.0,0,0,0,0.0,0.0,0.0,0.0,0.0,0.0,0.0,0.0,0.0,0.0,0.0,0.0,0.0,0.0,0.0,0.0,0,-107875648.0,69,0.0,138,0.0,-109447200.0,0,13107,17040,39322,17049,13107,17043,0,0,0,70,68,100,2.7302359370752657e+23,71.2,2.7302370179391762e+23,74.2,2.7302370179391762e+23,74.0,1,49,50,180,13107,0,0,0,0.0,0.0,0.0,0.0,-0.0,67.0,0.0,162057.094,0.0,751,0,740,0,0,0,721,0,768,0,737,0,743,0,742,0,712,0,7520,0.032,107911053312.0,0.0,0.0,784,16797,-0.0,162057.094,-114818.039,-0.0,0.133,6.909358625270745e+28,30.0,65.0,35,0.0,0.0,0.0,0.0,0.0,0.0,0.0,0.0,0.0,0.0,0.0,0.0,0.0,0.0,0.0,0.0,69.2,0,150,71,55,65476,0,300,0,1,8,20529,65476,0,0,40632,65.0,0.0,0.0,0.0,0.0,0.0
2026-09-04T20:08:49,ERR,ERR,ERR,ERR,ERR,ERR,ERR,ERR,ERR,ERR,ERR,ERR,ERR,ERR,ERR,ERR,ERR,ERR,ERR,ERR,ERR,ERR,ERR,ERR,ERR,ERR,ERR,ERR,ERR,ERR,ERR,ERR,ERR,ERR,ERR,ERR,ERR,ERR,ERR,ERR,ERR,ERR,ERR,ERR,ERR,ERR,ERR,ERR,ERR,ERR,ERR,ERR,ERR,ERR,ERR,ERR,ERR,ERR,ERR,ERR,ERR,ERR,ERR,ERR,ERR,ERR,ERR,ERR,ERR,ERR,ERR,ERR,ERR,ERR,ERR,ERR,ERR,ERR,ERR,ERR,ERR,ERR,ERR,ERR,ERR,ERR,ERR,ERR,ERR,ERR,ERR,ERR,ERR,ERR,ERR,ERR,ERR,ERR,ERR,ERR,ERR,ERR,ERR,ERR,ERR,ERR,ERR,ERR,ERR,ERR,ERR,ERR,ERR,ERR,ERR,ERR,ERR,ERR,ERR,ERR,ERR,ERR,ERR,ERR,ERR,2.718430741444032e+23,2.7184312818759872e+23,0.0,0.0,0.0,1.3936040501711995e+18,7.805,0.0,0,0,4,0,7116,0.0,100,0.0,0.0,0.0,0.0,0.0,0,0,0,0,0.0,0,0,0,0,0,0,0,0,0,0,0,0,0,0,0,0,0,0,0,0,0,0,0,0,0,0,0,0,0,0,0,0,0,31,40,40,71,65476,0,300,0,0,8,21553,0.0,-107605600.0,0.0,0.0,0.0,0.0,0.0,0.0,0.0,0.0,0.0,0.0,0.0,0.0,0.0,0.0,0.0,0.0,0.0,0.0,0.0,0.0,0.0,-2.004,-2.004,0.0,0.0,0.0,0.0,0.0,6185.0,0.0,6918.0,2.718430741444032e+23,2.7184312818759872e+23,-0.0,2.718430741444032e+23,0.0,0.0,0.0,0.0,69,-0.0,1.905693997305692e+17,0.0,0.0,0.0,0.0,0.0,0.0,0.0,0,0,0,0.0,0.0,0.0,0.0,0.0,0.0,0.0,0.0,0.0,0.0,0.0,0.0,0.0,0.0,0.0,0.0,0,-107875648.0,69,0.0,138,0.0,-109447200.0,0,13107,17040,39322,17049,13107,17043,0,0,0,70,68,100,2.7302359370752657e+23,71.2,2.7302370179391762e+23,74.2,2.7302370179391762e+23,74.0,1,49,50,180,13107,0,0,0,0.0,0.0,0.0,0.0,-0.0,67.0,0.0,162057.094,0.0,751,0,740,0,0,0,721,0,768,0,737,0,743,0,742,0,712,0,7520,0.032,107911053312.0,0.0,0.0,784,16797,-0.0,162057.094,-114818.039,-0.0,0.133,6.909358625270745e+28,30.0,65.0,35,0.0,0.0,0.0,0.0,0.0,0.0,0.0,0.0,0.0,0.0,0.0,0.0,0.0,0.0,0.0,0.0,69.2,0,150,71,55,65476,0,300,0,1,8,20529,65476,0,0,40632,65.0,0.0,0.0,0.0,0.0,0.0
2026-09-04T20:08:50,ERR,ERR,ERR,ERR,ERR,ERR,ERR,ERR,ERR,ERR,ERR,ERR,ERR,ERR,ERR,ERR,ERR,ERR,ERR,ERR,ERR,ERR,ERR,ERR,ERR,ERR,ERR,ERR,ERR,ERR,ERR,ERR,ERR,ERR,ERR,ERR,ERR,ERR,ERR,ERR,ERR,ERR,ERR,ERR,ERR,ERR,ERR,ERR,ERR,ERR,ERR,ERR,ERR,ERR,ERR,ERR,ERR,ERR,ERR,ERR,ERR,ERR,ERR,ERR,ERR,ERR,ERR,ERR,ERR,ERR,ERR,ERR,ERR,ERR,ERR,ERR,ERR,ERR,ERR,ERR,ERR,ERR,ERR,ERR,ERR,ERR,ERR,ERR,ERR,ERR,ERR,ERR,ERR,ERR,ERR,ERR,ERR,ERR,ERR,ERR,ERR,ERR,ERR,ERR,ERR,ERR,ERR,ERR,ERR,ERR,ERR,ERR,ERR,ERR,ERR,ERR,ERR,ERR,ERR,ERR,ERR,ERR,ERR,ERR,ERR,2.718430741444032e+23,2.7184312818759872e+23,0.0,0.0,0.0,1.3936040501711995e+18,7.805,0.0,0,0,4,0,7116,0.0,100,0.0,0.0,0.0,0.0,0.0,0,0,0,0,0.0,0,0,0,0,0,0,0,0,0,0,0,0,0,0,0,0,0,0,0,0,0,0,0,0,0,0,0,0,0,0,0,0,0,31,40,40,71,65476,0,300,0,0,8,21553,0.0,-107605600.0,0.0,0.0,0.0,0.0,0.0,0.0,0.0,0.0,0.0,0.0,0.0,0.0,0.0,0.0,0.0,0.0,0.0,0.0,0.0,0.0,0.0,-2.004,-2.004,0.0,0.0,0.0,0.0,0.0,6185.0,0.0,6918.0,2.718430741444032e+23,2.7184312818759872e+23,-0.0,2.718430741444032e+23,0.0,0.0,0.0,0.0,69,-0.0,1.905693997305692e+17,0.0,0.0,0.0,0.0,0.0,0.0,0.0,0,0,0,0.0,0.0,0.0,0.0,0.0,0.0,0.0,0.0,0.0,0.0,0.0,0.0,0.0,0.0,0.0,0.0,0,-107875648.0,69,0.0,138,0.0,-109447200.0,0,13107,17040,39322,17049,13107,17043,0,0,0,70,68,100,2.7302359370752657e+23,71.2,2.7302370179391762e+23,74.2,2.7302370179391762e+23,74.0,1,49,50,180,13107,0,0,0,0.0,0.0,0.0,0.0,-0.0,67.0,0.0,162057.094,0.0,751,0,740,0,0,0,721,0,768,0,737,0,743,0,742,0,712,0,7520,0.032,107911053312.0,0.0,0.0,784,16797,-0.0,162057.094,-114818.039,-0.0,0.133,6.909358625270745e+28,30.0,65.0,35,0.0,0.0,0.0,0.0,0.0,0.0,0.0,0.0,0.0,0.0,0.0,0.0,0.0,0.0,0.0,0.0,69.2,0,150,71,55,65476,0,300,0,1,8,20529,65476,0,0,40632,65.0,0.0,0.0,0.0,0.0,0.0
2026-09-04T20:08:51,ERR,ERR,ERR,ERR,ERR,ERR,ERR,ERR,ERR,ERR,ERR,ERR,ERR,ERR,ERR,ERR,ERR,ERR,ERR,ERR,ERR,ERR,ERR,ERR,ERR,ERR,ERR,ERR,ERR,ERR,ERR,ERR,ERR,ERR,ERR,ERR,ERR,ERR,ERR,ERR,ERR,ERR,ERR,ERR,ERR,ERR,ERR,ERR,ERR,ERR,ERR,ERR,ERR,ERR,ERR,ERR,ERR,ERR,ERR,ERR,ERR,ERR,ERR,ERR,ERR,ERR,ERR,ERR,ERR,ERR,ERR,ERR,ERR,ERR,ERR,ERR,ERR,ERR,ERR,ERR,ERR,ERR,ERR,ERR,ERR,ERR,ERR,ERR,ERR,ERR,ERR,ERR,ERR,ERR,ERR,ERR,ERR,ERR,ERR,ERR,ERR,ERR,ERR,ERR,ERR,ERR,ERR,ERR,ERR,ERR,ERR,ERR,ERR,ERR,ERR,ERR,ERR,ERR,ERR,ERR,ERR,ERR,ERR,ERR,ERR,2.718430741444032e+23,2.7184312818759872e+23,0.0,0.0,0.0,1.3936040501711995e+18,7.805,0.0,0,0,4,0,7116,0.0,100,0.0,0.0,0.0,0.0,0.0,0,0,0,0,0.0,0,0,0,0,0,0,0,0,0,0,0,0,0,0,0,0,0,0,0,0,0,0,0,0,0,0,0,0,0,0,0,0,0,31,40,40,71,65476,0,300,0,0,8,21553,0.0,-107605600.0,0.0,0.0,0.0,0.0,0.0,0.0,0.0,0.0,0.0,0.0,0.0,0.0,0.0,0.0,0.0,0.0,0.0,0.0,0.0,0.0,0.0,-2.004,-2.004,0.0,0.0,0.0,0.0,0.0,6185.0,0.0,6918.0,2.718430741444032e+23,2.7184312818759872e+23,-0.0,2.718430741444032e+23,0.0,0.0,0.0,0.0,69,-0.0,1.905693997305692e+17,0.0,0.0,0.0,0.0,0.0,0.0,0.0,0,0,0,0.0,0.0,0.0,0.0,0.0,0.0,0.0,0.0,0.0,0.0,0.0,0.0,0.0,0.0,0.0,0.0,0,-107875648.0,69,0.0,138,0.0,-109447200.0,0,13107,17040,39322,17049,13107,17043,0,0,0,70,68,100,2.7302359370752657e+23,71.2,2.7302370179391762e+23,74.2,2.7302370179391762e+23,74.0,1,49,50,180,13107,0,0,0,0.0,0.0,0.0,0.0,-0.0,67.0,0.0,162057.094,0.0,751,0,740,0,0,0,721,0,768,0,737,0,743,0,742,0,712,0,7520,0.032,107911053312.0,0.0,0.0,784,16797,-0.0,162057.094,-114818.039,-0.0,0.133,6.909358625270745e+28,30.0,65.0,35,0.0,0.0,0.0,0.0,0.0,0.0,0.0,0.0,0.0,0.0,0.0,0.0,0.0,0.0,0.0,0.0,69.2,0,150,71,55,65476,0,300,0,1,8,20529,65476,0,0,40632,65.0,0.0,0.0,0.0,0.0,0.0
2026-09-04T20:08:52,ERR,ERR,ERR,ERR,ERR,ERR,ERR,ERR,ERR,ERR,ERR,ERR,ERR,ERR,ERR,ERR,ERR,ERR,ERR,ERR,ERR,ERR,ERR,ERR,ERR,ERR,ERR,ERR,ERR,ERR,ERR,ERR,ERR,ERR,ERR,ERR,ERR,ERR,ERR,ERR,ERR,ERR,ERR,ERR,ERR,ERR,ERR,ERR,ERR,ERR,ERR,ERR,ERR,ERR,ERR,ERR,ERR,ERR,ERR,ERR,ERR,ERR,ERR,ERR,ERR,ERR,ERR,ERR,ERR,ERR,ERR,ERR,ERR,ERR,ERR,ERR,ERR,ERR,ERR,ERR,ERR,ERR,ERR,ERR,ERR,ERR,ERR,ERR,ERR,ERR,ERR,ERR,ERR,ERR,ERR,ERR,ERR,ERR,ERR,ERR,ERR,ERR,ERR,ERR,ERR,ERR,ERR,ERR,ERR,ERR,ERR,ERR,ERR,ERR,ERR,ERR,ERR,ERR,ERR,ERR,ERR,ERR,ERR,ERR,ERR,2.718430741444032e+23,2.7184312818759872e+23,0.0,0.0,0.0,1.3936040501711995e+18,7.805,0.0,0,0,4,0,7116,0.0,100,0.0,0.0,0.0,0.0,0.0,0,0,0,0,0.0,0,0,0,0,0,0,0,0,0,0,0,0,0,0,0,0,0,0,0,0,0,0,0,0,0,0,0,0,0,0,0,0,0,31,40,40,71,65476,0,300,0,0,8,21553,0.0,-107605600.0,0.0,0.0,0.0,0.0,0.0,0.0,0.0,0.0,0.0,0.0,0.0,0.0,0.0,0.0,0.0,0.0,0.0,0.0,0.0,0.0,0.0,-2.004,-2.004,0.0,0.0,0.0,0.0,0.0,6185.0,0.0,6918.0,2.718430741444032e+23,2.7184312818759872e+23,-0.0,2.718430741444032e+23,0.0,0.0,0.0,0.0,69,-0.0,1.905693997305692e+17,0.0,0.0,0.0,0.0,0.0,0.0,0.0,0,0,0,0.0,0.0,0.0,0.0,0.0,0.0,0.0,0.0,0.0,0.0,0.0,0.0,0.0,0.0,0.0,0.0,0,-107875648.0,69,0.0,138,0.0,-109447200.0,0,13107,17040,39322,17049,13107,17043,0,0,0,70,68,100,2.7302359370752657e+23,71.2,2.7302370179391762e+23,74.2,2.7302370179391762e+23,74.0,1,49,50,180,13107,0,0,0,0.0,0.0,0.0,0.0,-0.0,67.0,0.0,162057.094,0.0,751,0,740,0,0,0,721,0,768,0,737,0,743,0,742,0,712,0,7520,0.032,107911053312.0,0.0,0.0,784,16797,-0.0,162057.094,-114818.039,-0.0,0.133,6.909358625270745e+28,30.0,65.0,35,0.0,0.0,0.0,0.0,0.0,0.0,0.0,0.0,0.0,0.0,0.0,0.0,0.0,0.0,0.0,0.0,69.2,0,150,71,55,65476,0,300,0,1,8,20529,65476,0,0,40632,65.0,0.0,0.0,0.0,0.0,0.0
2026-09-04T20:08:53,ERR,ERR,ERR,ERR,ERR,ERR,ERR,ERR,ERR,ERR,ERR,ERR,ERR,ERR,ERR,ERR,ERR,ERR,ERR,ERR,ERR,ERR,ERR,ERR,ERR,ERR,ERR,ERR,ERR,ERR,ERR,ERR,ERR,ERR,ERR,ERR,ERR,ERR,ERR,ERR,ERR,ERR,ERR,ERR,ERR,ERR,ERR,ERR,ERR,ERR,ERR,ERR,ERR,ERR,ERR,ERR,ERR,ERR,ERR,ERR,ERR,ERR,ERR,ERR,ERR,ERR,ERR,ERR,ERR,ERR,ERR,ERR,ERR,ERR,ERR,ERR,ERR,ERR,ERR,ERR,ERR,ERR,ERR,ERR,ERR,ERR,ERR,ERR,ERR,ERR,ERR,ERR,ERR,ERR,ERR,ERR,ERR,ERR,ERR,ERR,ERR,ERR,ERR,ERR,ERR,ERR,ERR,ERR,ERR,ERR,ERR,ERR,ERR,ERR,ERR,ERR,ERR,ERR,ERR,ERR,ERR,ERR,ERR,ERR,ERR,2.718430741444032e+23,2.7184312818759872e+23,0.0,0.0,0.0,1.3936040501711995e+18,7.805,0.0,0,0,4,0,7116,0.0,100,0.0,0.0,0.0,0.0,0.0,0,0,0,0,0.0,0,0,0,0,0,0,0,0,0,0,0,0,0,0,0,0,0,0,0,0,0,0,0,0,0,0,0,0,0,0,0,0,0,31,40,40,71,65476,0,300,0,0,8,21553,0.0,-107605600.0,0.0,0.0,0.0,0.0,0.0,0.0,0.0,0.0,0.0,0.0,0.0,0.0,0.0,0.0,0.0,0.0,0.0,0.0,0.0,0.0,0.0,-2.004,-2.004,0.0,0.0,0.0,0.0,0.0,6191.0,-131351.016,6937.0,2.718430741444032e+23,2.7184312818759872e+23,-0.0,2.718430741444032e+23,0.0,0.0,0.0,0.0,69,-0.0,0.0,0.0,0.0,0.0,0.0,0.0,0.0,0.0,0,0,0,0.0,0.0,0.0,0.0,0.0,0.0,0.0,0.0,0.0,0.0,0.0,0.0,0.0,0.0,0.0,0.0,0,-107875648.0,69,0.0,138,0.0,-109447200.0,0,13107,17040,39322,17049,13107,17043,0,0,0,70,68,100,2.7302359370752657e+23,71.2,2.7302370179391762e+23,74.2,2.7302370179391762e+23,74.0,1,49,50,180,13107,0,0,0,0.0,0.0,0.0,0.0,-0.0,67.0,0.0,162057.094,0.0,751,0,740,0,0,0,721,0,768,0,737,0,743,0,742,0,712,0,7520,0.032,107911053312.0,0.0,0.0,784,16797,-0.0,162057.094,-114818.039,-0.0,0.133,6.909358625270745e+28,30.0,65.0,35,0.0,0.0,0.0,0.0,0.0,0.0,0.0,0.0,0.0,0.0,0.0,0.0,0.0,0.0,0.0,0.0,69.2,0,150,71,55,65476,0,300,0,1,8,20529,65476,0,0,40632,65.0,0.0,0.0,0.0,0.0,0.0
2026-09-04T20:08:54,ERR,ERR,ERR,ERR,ERR,ERR,ERR,ERR,ERR,ERR,ERR,ERR,ERR,ERR,ERR,ERR,ERR,ERR,ERR,ERR,ERR,ERR,ERR,ERR,ERR,ERR,ERR,ERR,ERR,ERR,ERR,ERR,ERR,ERR,ERR,ERR,ERR,ERR,ERR,ERR,ERR,ERR,ERR,ERR,ERR,ERR,ERR,ERR,ERR,ERR,ERR,ERR,ERR,ERR,ERR,ERR,ERR,ERR,ERR,ERR,ERR,ERR,ERR,ERR,ERR,ERR,ERR,ERR,ERR,ERR,ERR,ERR,ERR,ERR,ERR,ERR,ERR,ERR,ERR,ERR,ERR,ERR,ERR,ERR,ERR,ERR,ERR,ERR,ERR,ERR,ERR,ERR,ERR,ERR,ERR,ERR,ERR,ERR,ERR,ERR,ERR,ERR,ERR,ERR,ERR,ERR,ERR,ERR,ERR,ERR,ERR,ERR,ERR,ERR,ERR,ERR,ERR,ERR,ERR,ERR,ERR,ERR,ERR,ERR,ERR,2.718430741444032e+23,2.7184312818759872e+23,0.0,0.0,0.0,1.3936040501711995e+18,7.805,0.0,0,0,4,0,7116,0.0,100,0.0,0.0,0.0,0.0,0.0,0,0,0,0,0.0,0,0,0,0,0,0,0,0,0,0,0,0,0,0,0,0,0,0,0,0,0,0,0,0,0,0,0,0,0,0,0,0,0,31,40,40,71,65476,0,300,0,0,8,21553,0.0,-107605600.0,0.0,0.0,0.0,0.0,0.0,0.0,0.0,0.0,0.0,0.0,0.0,0.0,0.0,0.0,0.0,0.0,0.0,0.0,0.0,0.0,0.0,-2.004,-2.004,0.0,0.0,0.0,0.0,0.0,6191.0,-131351.016,6937.0,2.718430741444032e+23,2.7184312818759872e+23,-0.0,2.718430741444032e+23,0.0,0.0,0.0,0.0,69,-0.0,0.0,0.0,0.0,0.0,0.0,0.0,0.0,0.0,0,0,0,0.0,0.0,0.0,0.0,0.0,0.0,0.0,0.0,0.0,0.0,0.0,0.0,0.0,0.0,0.0,0.0,0,-107875648.0,69,0.0,138,0.0,-109447200.0,0,13107,17040,39322,17049,26215,17043,0,0,0,70,68,100,2.7302359370752657e+23,71.2,2.7302370179391762e+23,74.3,-0.0,74.0,1,49,50,180,13107,0,0,0,0.0,0.0,0.0,0.0,-0.0,67.0,0.0,162057.094,0.0,751,0,740,0,0,0,721,0,768,0,737,0,742,0,742,0,712,0,7520,0.032,108447924224.0,0.0,0.0,784,16797,-0.0,162057.094,-114818.039,-0.0,0.133,6.909358625270745e+28,30.0,65.0,35,0.0,0.0,0.0,0.0,0.0,0.0,0.0,0.0,0.0,0.0,0.0,0.0,0.0,0.0,0.0,0.0,69.2,0,150,71,55,65476,0,300,0,1,8,20529,65476,0,0,40632,65.0,0.0,0.0,0.0,0.0,0.0
2026-09-04T20:08:55,ERR,ERR,ERR,ERR,ERR,ERR,ERR,ERR,ERR,ERR,ERR,ERR,ERR,ERR,ERR,ERR,ERR,ERR,ERR,ERR,ERR,ERR,ERR,ERR,ERR,ERR,ERR,ERR,ERR,ERR,ERR,ERR,ERR,ERR,ERR,ERR,ERR,ERR,ERR,ERR,ERR,ERR,ERR,ERR,ERR,ERR,ERR,ERR,ERR,ERR,ERR,ERR,ERR,ERR,ERR,ERR,ERR,ERR,ERR,ERR,ERR,ERR,ERR,ERR,ERR,ERR,ERR,ERR,ERR,ERR,ERR,ERR,ERR,ERR,ERR,ERR,ERR,ERR,ERR,ERR,ERR,ERR,ERR,ERR,ERR,ERR,ERR,ERR,ERR,ERR,ERR,ERR,ERR,ERR,ERR,ERR,ERR,ERR,ERR,ERR,ERR,ERR,ERR,ERR,ERR,ERR,ERR,ERR,ERR,ERR,ERR,ERR,ERR,ERR,ERR,ERR,ERR,ERR,ERR,ERR,ERR,ERR,ERR,ERR,ERR,2.718430741444032e+23,2.7184312818759872e+23,0.0,0.0,0.0,1.3936040501711995e+18,7.805,0.0,0,0,4,0,7116,0.0,100,0.0,0.0,0.0,0.0,0.0,0,0,0,0,0.0,0,0,0,0,0,0,0,0,0,0,0,0,0,0,0,0,0,0,0,0,0,0,0,0,0,0,0,0,0,0,0,0,0,31,40,40,71,65476,0,300,0,0,8,21553,0.0,-107605600.0,0.0,0.0,0.0,0.0,0.0,0.0,0.0,0.0,0.0,0.0,0.0,0.0,0.0,0.0,0.0,0.0,0.0,0.0,0.0,0.0,0.0,-2.004,-2.004,0.0,0.0,0.0,0.0,0.0,6191.0,-131351.016,6937.0,2.718430741444032e+23,2.7184312818759872e+23,-0.0,2.718430741444032e+23,0.0,0.0,0.0,0.0,69,-0.0,0.0,0.0,0.0,0.0,0.0,0.0,0.0,0.0,0,0,0,0.0,0.0,0.0,0.0,0.0,0.0,0.0,0.0,0.0,0.0,0.0,0.0,0.0,0.0,0.0,0.0,0,-107875648.0,69,0.0,138,0.0,-109447200.0,0,13107,17040,39322,17049,26215,17043,0,0,0,70,68,100,2.7302359370752657e+23,71.2,2.7302370179391762e+23,74.3,-0.0,74.0,1,49,50,180,13107,0,0,0,0.0,0.0,0.0,0.0,-0.0,67.0,0.0,162057.094,0.0,751,0,740,0,0,0,721,0,768,0,737,0,742,0,742,0,712,0,7520,0.032,108447924224.0,0.0,0.0,784,16797,-0.0,162057.094,-114818.039,-0.0,0.133,6.909358625270745e+28,30.0,65.0,35,0.0,0.0,0.0,0.0,0.0,0.0,0.0,0.0,0.0,0.0,0.0,0.0,0.0,0.0,0.0,0.0,69.2,0,150,71,55,65476,0,300,0,1,8,20529,65476,0,0,40632,65.0,0.0,0.0,0.0,0.0,0.0
2026-09-04T20:08:56,ERR,ERR,ERR,ERR,ERR,ERR,ERR,ERR,ERR,ERR,ERR,ERR,ERR,ERR,ERR,ERR,ERR,ERR,ERR,ERR,ERR,ERR,ERR,ERR,ERR,ERR,ERR,ERR,ERR,ERR,ERR,ERR,ERR,ERR,ERR,ERR,ERR,ERR,ERR,ERR,ERR,ERR,ERR,ERR,ERR,ERR,ERR,ERR,ERR,ERR,ERR,ERR,ERR,ERR,ERR,ERR,ERR,ERR,ERR,ERR,ERR,ERR,ERR,ERR,ERR,ERR,ERR,ERR,ERR,ERR,ERR,ERR,ERR,ERR,ERR,ERR,ERR,ERR,ERR,ERR,ERR,ERR,ERR,ERR,ERR,ERR,ERR,ERR,ERR,ERR,ERR,ERR,ERR,ERR,ERR,ERR,ERR,ERR,ERR,ERR,ERR,ERR,ERR,ERR,ERR,ERR,ERR,ERR,ERR,ERR,ERR,ERR,ERR,ERR,ERR,ERR,ERR,ERR,ERR,ERR,ERR,ERR,ERR,ERR,ERR,2.718430741444032e+23,2.7184312818759872e+23,0.0,0.0,0.0,1.3936040501711995e+18,7.805,0.0,0,0,4,0,7116,0.0,100,0.0,0.0,0.0,0.0,0.0,0,0,0,0,0.0,0,0,0,0,0,0,0,0,0,0,0,0,0,0,0,0,0,0,0,0,0,0,0,0,0,0,0,0,0,0,0,0,0,31,40,40,71,65476,0,300,0,0,8,21553,0.0,-107605600.0,0.0,0.0,0.0,0.0,0.0,0.0,0.0,0.0,0.0,0.0,0.0,0.0,0.0,0.0,0.0,0.0,0.0,0.0,0.0,0.0,0.0,-2.004,-2.004,0.0,0.0,0.0,0.0,0.0,6191.0,-131351.016,6937.0,2.718430741444032e+23,2.7184312818759872e+23,-0.0,2.718430741444032e+23,0.0,0.0,0.0,0.0,69,-0.0,0.0,0.0,0.0,0.0,0.0,0.0,0.0,0.0,0,0,0,0.0,0.0,0.0,0.0,0.0,0.0,0.0,0.0,0.0,0.0,0.0,0.0,0.0,0.0,0.0,0.0,0,-107875648.0,69,0.0,138,0.0,-109447200.0,0,13107,17040,39322,17049,26215,17043,0,0,0,70,68,100,2.7302359370752657e+23,71.2,2.7302370179391762e+23,74.3,-0.0,74.0,1,49,50,180,13107,0,0,0,0.0,0.0,0.0,0.0,-0.0,67.0,0.0,162057.094,0.0,751,0,740,0,0,0,721,0,768,0,737,0,742,0,742,0,712,0,7520,0.032,108447924224.0,0.0,0.0,784,16797,-0.0,162057.094,-114818.039,-0.0,0.133,6.909358625270745e+28,30.0,65.0,35,0.0,0.0,0.0,0.0,0.0,0.0,0.0,0.0,0.0,0.0,0.0,0.0,0.0,0.0,0.0,0.0,69.2,0,150,71,55,65476,0,300,0,1,8,20529,65476,0,0,40632,65.0,0.0,0.0,0.0,0.0,0.0
2026-09-04T20:08:57,ERR,ERR,ERR,ERR,ERR,ERR,ERR,ERR,ERR,ERR,ERR,ERR,ERR,ERR,ERR,ERR,ERR,ERR,ERR,ERR,ERR,ERR,ERR,ERR,ERR,ERR,ERR,ERR,ERR,ERR,ERR,ERR,ERR,ERR,ERR,ERR,ERR,ERR,ERR,ERR,ERR,ERR,ERR,ERR,ERR,ERR,ERR,ERR,ERR,ERR,ERR,ERR,ERR,ERR,ERR,ERR,ERR,ERR,ERR,ERR,ERR,ERR,ERR,ERR,ERR,ERR,ERR,ERR,ERR,ERR,ERR,ERR,ERR,ERR,ERR,ERR,ERR,ERR,ERR,ERR,ERR,ERR,ERR,ERR,ERR,ERR,ERR,ERR,ERR,ERR,ERR,ERR,ERR,ERR,ERR,ERR,ERR,ERR,ERR,ERR,ERR,ERR,ERR,ERR,ERR,ERR,ERR,ERR,ERR,ERR,ERR,ERR,ERR,ERR,ERR,ERR,ERR,ERR,ERR,ERR,ERR,ERR,ERR,ERR,ERR,2.718430741444032e+23,2.7184312818759872e+23,0.0,0.0,0.0,1.3936040501711995e+18,7.805,0.0,0,0,4,0,7116,0.0,100,0.0,0.0,0.0,0.0,0.0,0,0,0,0,0.0,0,0,0,0,0,0,0,0,0,0,0,0,0,0,0,0,0,0,0,0,0,0,0,0,0,0,0,0,0,0,0,0,0,31,40,40,71,65476,0,300,0,0,8,21553,0.0,-107605600.0,0.0,0.0,0.0,0.0,0.0,0.0,0.0,0.0,0.0,0.0,0.0,0.0,0.0,0.0,0.0,0.0,0.0,0.0,0.0,0.0,0.0,-2.004,-2.004,0.0,0.0,0.0,0.0,0.0,6191.0,-131351.016,6937.0,2.718430741444032e+23,2.7184312818759872e+23,-0.0,2.718430741444032e+23,0.0,0.0,0.0,0.0,69,-0.0,0.0,0.0,0.0,0.0,0.0,0.0,0.0,0.0,0,0,0,0.0,0.0,0.0,0.0,0.0,0.0,0.0,0.0,0.0,0.0,0.0,0.0,0.0,0.0,0.0,0.0,0,-107875648.0,69,0.0,138,0.0,-109447200.0,0,13107,17040,39322,17049,26215,17043,0,0,0,70,68,100,2.7302359370752657e+23,71.2,2.7302370179391762e+23,74.3,-0.0,74.0,1,49,50,180,13107,0,0,0,0.0,0.0,0.0,0.0,-0.0,67.0,0.0,162057.094,0.0,751,0,740,0,0,0,721,0,768,0,737,0,742,0,742,0,712,0,7520,0.032,108447924224.0,0.0,0.0,784,16797,-0.0,162057.094,-114818.039,-0.0,0.133,6.909358625270745e+28,30.0,65.0,35,0.0,0.0,0.0,0.0,0.0,0.0,0.0,0.0,0.0,0.0,0.0,0.0,0.0,0.0,0.0,0.0,69.2,0,150,71,55,65476,0,300,0,1,8,20529,65476,0,0,40632,65.0,0.0,0.0,0.0,0.0,0.0
2026-09-04T20:08:58,ERR,ERR,ERR,ERR,ERR,ERR,ERR,ERR,ERR,ERR,ERR,ERR,ERR,ERR,ERR,ERR,ERR,ERR,ERR,ERR,ERR,ERR,ERR,ERR,ERR,ERR,ERR,ERR,ERR,ERR,ERR,ERR,ERR,ERR,ERR,ERR,ERR,ERR,ERR,ERR,ERR,ERR,ERR,ERR,ERR,ERR,ERR,ERR,ERR,ERR,ERR,ERR,ERR,ERR,ERR,ERR,ERR,ERR,ERR,ERR,ERR,ERR,ERR,ERR,ERR,ERR,ERR,ERR,ERR,ERR,ERR,ERR,ERR,ERR,ERR,ERR,ERR,ERR,ERR,ERR,ERR,ERR,ERR,ERR,ERR,ERR,ERR,ERR,ERR,ERR,ERR,ERR,ERR,ERR,ERR,ERR,ERR,ERR,ERR,ERR,ERR,ERR,ERR,ERR,ERR,ERR,ERR,ERR,ERR,ERR,ERR,ERR,ERR,ERR,ERR,ERR,ERR,ERR,ERR,ERR,ERR,ERR,ERR,ERR,ERR,2.718430741444032e+23,2.7184312818759872e+23,0.0,0.0,0.0,1.3936040501711995e+18,7.805,0.0,0,0,4,0,7116,0.0,100,0.0,0.0,0.0,0.0,0.0,0,0,0,0,0.0,0,0,0,0,0,0,0,0,0,0,0,0,0,0,0,0,0,0,0,0,0,0,0,0,0,0,0,0,0,0,0,0,0,31,40,40,71,65476,0,300,0,0,8,21553,0.0,-107605600.0,0.0,0.0,0.0,0.0,0.0,0.0,0.0,0.0,0.0,0.0,0.0,0.0,0.0,0.0,0.0,0.0,0.0,0.0,0.0,0.0,0.0,-2.004,-2.004,0.0,0.0,0.0,0.0,0.0,6191.0,-131351.016,6937.0,2.718430741444032e+23,2.7184312818759872e+23,-0.0,2.718430741444032e+23,0.0,0.0,0.0,0.0,69,-0.0,0.0,0.0,0.0,0.0,0.0,0.0,0.0,0.0,0,0,0,0.0,0.0,0.0,0.0,0.0,0.0,0.0,0.0,0.0,0.0,0.0,0.0,0.0,0.0,0.0,0.0,0,-107875648.0,69,0.0,138,0.0,-109447200.0,0,13107,17040,39322,17049,26215,17043,0,0,0,70,68,100,2.7302359370752657e+23,71.2,2.7302370179391762e+23,74.3,-0.0,74.0,1,49,50,180,13107,0,0,0,0.0,0.0,0.0,0.0,-0.0,67.0,0.0,162057.094,0.0,751,0,740,0,0,0,721,0,768,0,737,0,742,0,742,0,712,0,7520,0.032,108447924224.0,0.0,0.0,784,16797,-0.0,162057.094,-114818.039,-0.0,0.133,6.909358625270745e+28,30.0,65.0,35,0.0,0.0,0.0,0.0,0.0,0.0,0.0,0.0,0.0,0.0,0.0,0.0,0.0,0.0,0.0,0.0,69.2,0,150,71,55,65476,0,300,0,1,8,20529,65476,0,0,40632,65.0,0.0,0.0,0.0,0.0,0.0
2026-09-04T20:08:59,ERR,ERR,ERR,ERR,ERR,ERR,ERR,ERR,ERR,ERR,ERR,ERR,ERR,ERR,ERR,ERR,ERR,ERR,ERR,ERR,ERR,ERR,ERR,ERR,ERR,ERR,ERR,ERR,ERR,ERR,ERR,ERR,ERR,ERR,ERR,ERR,ERR,ERR,ERR,ERR,ERR,ERR,ERR,ERR,ERR,ERR,ERR,ERR,ERR,ERR,ERR,ERR,ERR,ERR,ERR,ERR,ERR,ERR,ERR,ERR,ERR,ERR,ERR,ERR,ERR,ERR,ERR,ERR,ERR,ERR,ERR,ERR,ERR,ERR,ERR,ERR,ERR,ERR,ERR,ERR,ERR,ERR,ERR,ERR,ERR,ERR,ERR,ERR,ERR,ERR,ERR,ERR,ERR,ERR,ERR,ERR,ERR,ERR,ERR,ERR,ERR,ERR,ERR,ERR,ERR,ERR,ERR,ERR,ERR,ERR,ERR,ERR,ERR,ERR,ERR,ERR,ERR,ERR,ERR,ERR,ERR,ERR,ERR,ERR,ERR,2.718430741444032e+23,2.7184312818759872e+23,0.0,0.0,0.0,1.3936040501711995e+18,7.805,0.0,0,0,4,0,7116,0.0,100,0.0,0.0,0.0,0.0,0.0,0,0,0,0,0.0,0,0,0,0,0,0,0,0,0,0,0,0,0,0,0,0,0,0,0,0,0,0,0,0,0,0,0,0,0,0,0,0,0,31,40,40,71,65476,0,300,0,0,8,21553,0.0,-107605600.0,0.0,0.0,0.0,0.0,0.0,0.0,0.0,0.0,0.0,0.0,0.0,0.0,0.0,0.0,0.0,0.0,0.0,0.0,0.0,0.0,0.0,-2.004,-2.004,0.0,0.0,0.0,0.0,0.0,6191.0,-131351.016,6937.0,2.718430741444032e+23,2.7184312818759872e+23,-0.0,2.718430741444032e+23,0.0,0.0,0.0,0.0,69,-0.0,0.0,0.0,0.0,0.0,0.0,0.0,0.0,0.0,0,0,0,0.0,0.0,0.0,0.0,0.0,0.0,0.0,0.0,0.0,0.0,0.0,0.0,0.0,0.0,0.0,0.0,0,-107875648.0,69,0.0,138,0.0,-109447200.0,0,13107,17040,39322,17049,13107,17043,0,0,0,70,68,100,2.7302359370752657e+23,71.1,0.0,74.3,-0.0,74.0,1,49,50,180,13107,0,0,0,0.0,0.0,0.0,0.0,-0.0,67.0,0.0,162057.094,0.0,751,0,740,0,0,0,721,0,768,0,736,0,742,0,742,0,712,0,7520,0.032,108447924224.0,0.0,0.0,784,16797,-0.0,162057.094,-114818.039,-0.0,0.133,6.909358625270745e+28,30.0,65.0,35,0.0,0.0,0.0,0.0,0.0,0.0,0.0,0.0,0.0,0.0,0.0,0.0,0.0,0.0,0.0,0.0,69.2,0,150,71,55,65476,0,300,0,1,8,20529,65476,0,0,40632,65.0,0.0,0.0,0.0,0.0,0.0
2026-09-04T20:09:00,ERR,ERR,ERR,ERR,ERR,ERR,ERR,ERR,ERR,ERR,ERR,ERR,ERR,ERR,ERR,ERR,ERR,ERR,ERR,ERR,ERR,ERR,ERR,ERR,ERR,ERR,ERR,ERR,ERR,ERR,ERR,ERR,ERR,ERR,ERR,ERR,ERR,ERR,ERR,ERR,ERR,ERR,ERR,ERR,ERR,ERR,ERR,ERR,ERR,ERR,ERR,ERR,ERR,ERR,ERR,ERR,ERR,ERR,ERR,ERR,ERR,ERR,ERR,ERR,ERR,ERR,ERR,ERR,ERR,ERR,ERR,ERR,ERR,ERR,ERR,ERR,ERR,ERR,ERR,ERR,ERR,ERR,ERR,ERR,ERR,ERR,ERR,ERR,ERR,ERR,ERR,ERR,ERR,ERR,ERR,ERR,ERR,ERR,ERR,ERR,ERR,ERR,ERR,ERR,ERR,ERR,ERR,ERR,ERR,ERR,ERR,ERR,ERR,ERR,ERR,ERR,ERR,ERR,ERR,ERR,ERR,ERR,ERR,ERR,ERR,2.718430741444032e+23,2.7184312818759872e+23,0.0,0.0,0.0,1.3936040501711995e+18,7.805,0.0,0,0,4,0,7116,0.0,100,0.0,0.0,0.0,0.0,0.0,0,0,0,0,0.0,0,0,0,0,0,0,0,0,0,0,0,0,0,0,0,0,0,0,0,0,0,0,0,0,0,0,0,0,0,0,0,0,0,31,40,40,71,65476,0,300,0,0,8,21553,0.0,-107605600.0,0.0,0.0,0.0,0.0,0.0,0.0,0.0,0.0,0.0,0.0,0.0,0.0,0.0,0.0,0.0,0.0,0.0,0.0,0.0,0.0,0.0,-2.004,-2.004,0.0,0.0,0.0,0.0,0.0,6190.0,-0.0,6929.0,2.718430741444032e+23,2.7184312818759872e+23,-0.0,2.718430741444032e+23,0.0,0.0,0.0,0.0,69,-0.0,-71.63,0.0,0.0,0.0,0.0,0.0,0.0,0.0,0,0,0,0.0,0.0,0.0,0.0,0.0,0.0,0.0,0.0,0.0,0.0,0.0,0.0,0.0,0.0,0.0,0.0,0,-107875648.0,69,0.0,138,0.0,-109447200.0,0,13107,17040,39322,17049,13107,17043,0,0,0,70,68,100,2.7302359370752657e+23,71.1,0.0,74.3,-0.0,74.0,1,49,50,180,13107,0,0,0,0.0,0.0,0.0,0.0,-0.0,67.0,0.0,162057.094,0.0,751,0,740,0,0,0,721,0,768,0,736,0,742,0,742,0,712,0,7520,0.032,108447924224.0,0.0,0.0,784,16797,-0.0,162057.094,-114818.039,-0.0,0.133,6.909358625270745e+28,30.0,65.0,35,0.0,0.0,0.0,0.0,0.0,0.0,0.0,0.0,0.0,0.0,0.0,0.0,0.0,0.0,0.0,0.0,69.2,0,150,71,55,65476,0,300,0,1,8,20529,65476,0,0,40632,65.0,0.0,0.0,0.0,0.0,0.0
2026-09-04T20:09:01,ERR,ERR,ERR,ERR,ERR,ERR,ERR,ERR,ERR,ERR,ERR,ERR,ERR,ERR,ERR,ERR,ERR,ERR,ERR,ERR,ERR,ERR,ERR,ERR,ERR,ERR,ERR,ERR,ERR,ERR,ERR,ERR,ERR,ERR,ERR,ERR,ERR,ERR,ERR,ERR,ERR,ERR,ERR,ERR,ERR,ERR,ERR,ERR,ERR,ERR,ERR,ERR,ERR,ERR,ERR,ERR,ERR,ERR,ERR,ERR,ERR,ERR,ERR,ERR,ERR,ERR,ERR,ERR,ERR,ERR,ERR,ERR,ERR,ERR,ERR,ERR,ERR,ERR,ERR,ERR,ERR,ERR,ERR,ERR,ERR,ERR,ERR,ERR,ERR,ERR,ERR,ERR,ERR,ERR,ERR,ERR,ERR,ERR,ERR,ERR,ERR,ERR,ERR,ERR,ERR,ERR,ERR,ERR,ERR,ERR,ERR,ERR,ERR,ERR,ERR,ERR,ERR,ERR,ERR,ERR,ERR,ERR,ERR,ERR,ERR,2.718430741444032e+23,2.7184312818759872e+23,0.0,0.0,0.0,1.3936040501711995e+18,7.805,0.0,0,0,4,0,7116,0.0,100,0.0,0.0,0.0,0.0,0.0,0,0,0,0,0.0,0,0,0,0,0,0,0,0,0,0,0,0,0,0,0,0,0,0,0,0,0,0,0,0,0,0,0,0,0,0,0,0,0,31,40,40,71,65476,0,300,0,0,8,21553,0.0,-107605600.0,0.0,0.0,0.0,0.0,0.0,0.0,0.0,0.0,0.0,0.0,0.0,0.0,0.0,0.0,0.0,0.0,0.0,0.0,0.0,0.0,0.0,-2.004,-2.004,0.0,0.0,0.0,0.0,0.0,6190.0,-0.0,6929.0,2.718430741444032e+23,2.7184312818759872e+23,-0.0,2.718430741444032e+23,0.0,0.0,0.0,0.0,69,-0.0,-71.63,0.0,0.0,0.0,0.0,0.0,0.0,0.0,0,0,0,0.0,0.0,0.0,0.0,0.0,0.0,0.0,0.0,0.0,0.0,0.0,0.0,0.0,0.0,0.0,0.0,0,-107875648.0,69,0.0,138,0.0,-109447200.0,0,13107,17040,39322,17049,13107,17043,0,0,0,70,68,100,2.7302359370752657e+23,71.1,0.0,74.3,-0.0,74.0,1,49,50,180,13107,0,0,0,0.0,0.0,0.0,0.0,-0.0,67.0,0.0,162057.094,0.0,751,0,740,0,0,0,721,0,768,0,736,0,742,0,742,0,712,0,7520,0.032,108447924224.0,0.0,0.0,784,16797,-0.0,162057.094,-114818.039,-0.0,0.133,6.909358625270745e+28,30.0,65.0,35,0.0,0.0,0.0,0.0,0.0,0.0,0.0,0.0,0.0,0.0,0.0,0.0,0.0,0.0,0.0,0.0,69.2,0,150,71,55,65476,0,300,0,1,8,20529,65476,0,0,40632,65.0,0.0,0.0,0.0,0.0,0.0
2026-09-04T20:09:02,ERR,ERR,ERR,ERR,ERR,ERR,ERR,ERR,ERR,ERR,ERR,ERR,ERR,ERR,ERR,ERR,ERR,ERR,ERR,ERR,ERR,ERR,ERR,ERR,ERR,ERR,ERR,ERR,ERR,ERR,ERR,ERR,ERR,ERR,ERR,ERR,ERR,ERR,ERR,ERR,ERR,ERR,ERR,ERR,ERR,ERR,ERR,ERR,ERR,ERR,ERR,ERR,ERR,ERR,ERR,ERR,ERR,ERR,ERR,ERR,ERR,ERR,ERR,ERR,ERR,ERR,ERR,ERR,ERR,ERR,ERR,ERR,ERR,ERR,ERR,ERR,ERR,ERR,ERR,ERR,ERR,ERR,ERR,ERR,ERR,ERR,ERR,ERR,ERR,ERR,ERR,ERR,ERR,ERR,ERR,ERR,ERR,ERR,ERR,ERR,ERR,ERR,ERR,ERR,ERR,ERR,ERR,ERR,ERR,ERR,ERR,ERR,ERR,ERR,ERR,ERR,ERR,ERR,ERR,ERR,ERR,ERR,ERR,ERR,ERR,2.718430741444032e+23,2.7184312818759872e+23,0.0,0.0,0.0,1.3936040501711995e+18,7.805,0.0,0,0,4,0,7116,0.0,100,0.0,0.0,0.0,0.0,0.0,0,0,0,0,0.0,0,0,0,0,0,0,0,0,0,0,0,0,0,0,0,0,0,0,0,0,0,0,0,0,0,0,0,0,0,0,0,0,0,31,40,40,71,65476,0,300,0,0,8,21553,0.0,-107605600.0,0.0,0.0,0.0,0.0,0.0,0.0,0.0,0.0,0.0,0.0,0.0,0.0,0.0,0.0,0.0,0.0,0.0,0.0,0.0,0.0,0.0,-2.004,-2.004,0.0,0.0,0.0,0.0,0.0,6190.0,-0.0,6929.0,2.718430741444032e+23,2.7184312818759872e+23,-0.0,2.718430741444032e+23,0.0,0.0,0.0,0.0,69,-0.0,-71.63,0.0,0.0,0.0,0.0,0.0,0.0,0.0,0,0,0,0.0,0.0,0.0,0.0,0.0,0.0,0.0,0.0,0.0,0.0,0.0,0.0,0.0,0.0,0.0,0.0,0,-107875648.0,69,0.0,138,0.0,-109447200.0,0,13107,17040,39322,17049,13107,17043,0,0,0,70,68,100,2.7302359370752657e+23,71.1,0.0,74.3,-0.0,74.0,1,49,50,180,13107,0,0,0,0.0,0.0,0.0,0.0,-0.0,67.0,0.0,162057.094,0.0,751,0,740,0,0,0,721,0,768,0,736,0,742,0,742,0,712,0,7520,0.032,108447924224.0,0.0,0.0,784,16797,-0.0,162057.094,-114818.039,-0.0,0.133,6.909358625270745e+28,30.0,65.0,35,0.0,0.0,0.0,0.0,0.0,0.0,0.0,0.0,0.0,0.0,0.0,0.0,0.0,0.0,0.0,0.0,69.2,0,150,71,55,65476,0,300,0,1,8,20529,65476,0,0,40632,65.0,0.0,0.0,0.0,0.0,0.0
2026-09-04T20:09:03,ERR,ERR,ERR,ERR,ERR,ERR,ERR,ERR,ERR,ERR,ERR,ERR,ERR,ERR,ERR,ERR,ERR,ERR,ERR,ERR,ERR,ERR,ERR,ERR,ERR,ERR,ERR,ERR,ERR,ERR,ERR,ERR,ERR,ERR,ERR,ERR,ERR,ERR,ERR,ERR,ERR,ERR,ERR,ERR,ERR,ERR,ERR,ERR,ERR,ERR,ERR,ERR,ERR,ERR,ERR,ERR,ERR,ERR,ERR,ERR,ERR,ERR,ERR,ERR,ERR,ERR,ERR,ERR,ERR,ERR,ERR,ERR,ERR,ERR,ERR,ERR,ERR,ERR,ERR,ERR,ERR,ERR,ERR,ERR,ERR,ERR,ERR,ERR,ERR,ERR,ERR,ERR,ERR,ERR,ERR,ERR,ERR,ERR,ERR,ERR,ERR,ERR,ERR,ERR,ERR,ERR,ERR,ERR,ERR,ERR,ERR,ERR,ERR,ERR,ERR,ERR,ERR,ERR,ERR,ERR,ERR,ERR,ERR,ERR,ERR,2.718430741444032e+23,2.7184312818759872e+23,0.0,0.0,0.0,1.3936040501711995e+18,7.805,0.0,0,0,4,0,7116,0.0,100,0.0,0.0,0.0,0.0,0.0,0,0,0,0,0.0,0,0,0,0,0,0,0,0,0,0,0,0,0,0,0,0,0,0,0,0,0,0,0,0,0,0,0,0,0,0,0,0,0,31,40,40,71,65476,0,300,0,0,8,21553,0.0,-107605600.0,0.0,0.0,0.0,0.0,0.0,0.0,0.0,0.0,0.0,0.0,0.0,0.0,0.0,0.0,0.0,0.0,0.0,0.0,0.0,0.0,0.0,-2.004,-2.004,0.0,0.0,0.0,0.0,0.0,6190.0,-0.0,6929.0,2.718430741444032e+23,2.7184312818759872e+23,-0.0,2.718430741444032e+23,0.0,0.0,0.0,0.0,69,-0.0,-71.63,0.0,0.0,0.0,0.0,0.0,0.0,0.0,0,0,0,0.0,0.0,0.0,0.0,0.0,0.0,0.0,0.0,0.0,0.0,0.0,0.0,0.0,0.0,0.0,0.0,0,-107875648.0,69,0.0,138,0.0,-109447200.0,0,13107,17040,39322,17049,13107,17043,0,0,0,70,68,100,2.7302359370752657e+23,71.1,0.0,74.3,-0.0,74.0,1,49,50,180,13107,0,0,0,0.0,0.0,0.0,0.0,-0.0,67.0,0.0,162057.094,0.0,751,0,740,0,0,0,721,0,768,0,736,0,742,0,742,0,712,0,7520,0.032,108447924224.0,0.0,0.0,784,16797,-0.0,162057.094,-114818.039,-0.0,0.133,6.909358625270745e+28,30.0,65.0,35,0.0,0.0,0.0,0.0,0.0,0.0,0.0,0.0,0.0,0.0,0.0,0.0,0.0,0.0,0.0,0.0,69.2,0,150,71,55,65476,0,300,0,1,8,20529,65476,0,0,40632,65.0,0.0,0.0,0.0,0.0,0.0
2026-09-04T20:09:04,ERR,ERR,ERR,ERR,ERR,ERR,ERR,ERR,ERR,ERR,ERR,ERR,ERR,ERR,ERR,ERR,ERR,ERR,ERR,ERR,ERR,ERR,ERR,ERR,ERR,ERR,ERR,ERR,ERR,ERR,ERR,ERR,ERR,ERR,ERR,ERR,ERR,ERR,ERR,ERR,ERR,ERR,ERR,ERR,ERR,ERR,ERR,ERR,ERR,ERR,ERR,ERR,ERR,ERR,ERR,ERR,ERR,ERR,ERR,ERR,ERR,ERR,ERR,ERR,ERR,ERR,ERR,ERR,ERR,ERR,ERR,ERR,ERR,ERR,ERR,ERR,ERR,ERR,ERR,ERR,ERR,ERR,ERR,ERR,ERR,ERR,ERR,ERR,ERR,ERR,ERR,ERR,ERR,ERR,ERR,ERR,ERR,ERR,ERR,ERR,ERR,ERR,ERR,ERR,ERR,ERR,ERR,ERR,ERR,ERR,ERR,ERR,ERR,ERR,ERR,ERR,ERR,ERR,ERR,ERR,ERR,ERR,ERR,ERR,ERR,2.718430741444032e+23,2.7184312818759872e+23,0.0,0.0,0.0,1.3936040501711995e+18,7.805,0.0,0,0,4,0,7116,0.0,100,0.0,0.0,0.0,0.0,0.0,0,0,0,0,0.0,0,0,0,0,0,0,0,0,0,0,0,0,0,0,0,0,0,0,0,0,0,0,0,0,0,0,0,0,0,0,0,0,0,31,40,40,71,65476,0,300,0,0,8,21553,0.0,-107605600.0,0.0,0.0,0.0,0.0,0.0,0.0,0.0,0.0,0.0,0.0,0.0,0.0,0.0,0.0,0.0,0.0,0.0,0.0,0.0,0.0,0.0,-2.004,-2.004,0.0,0.0,0.0,0.0,0.0,6190.0,-0.0,6929.0,2.718430741444032e+23,2.7184312818759872e+23,-0.0,2.718430741444032e+23,0.0,0.0,0.0,0.0,69,-0.0,-71.63,0.0,0.0,0.0,0.0,0.0,0.0,0.0,0,0,0,0.0,0.0,0.0,0.0,0.0,0.0,0.0,0.0,0.0,0.0,0.0,0.0,0.0,0.0,0.0,0.0,0,-107875648.0,69,0.0,138,0.0,-109447200.0,0,13107,17040,39322,17049,13107,17043,0,0,0,70,68,100,2.7302359370752657e+23,71.2,2.7302370179391762e+23,74.2,2.7302370179391762e+23,74.0,1,49,50,180,13107,0,0,0,0.0,0.0,0.0,0.0,-0.0,67.0,0.0,162057.094,0.0,751,0,740,0,0,0,721,0,768,0,736,0,743,0,742,0,712,0,7520,0.032,108447924224.0,0.0,0.0,784,16797,-0.0,162057.094,-114818.039,-0.0,0.133,6.909358625270745e+28,30.0,65.0,35,0.0,0.0,0.0,0.0,0.0,0.0,0.0,0.0,0.0,0.0,0.0,0.0,0.0,0.0,0.0,0.0,69.2,0,150,71,55,65476,0,300,0,1,8,20529,65476,0,0,40632,65.0,0.0,0.0,0.0,0.0,0.0
2026-09-04T20:09:05,ERR,ERR,ERR,ERR,ERR,ERR,ERR,ERR,ERR,ERR,ERR,ERR,ERR,ERR,ERR,ERR,ERR,ERR,ERR,ERR,ERR,ERR,ERR,ERR,ERR,ERR,ERR,ERR,ERR,ERR,ERR,ERR,ERR,ERR,ERR,ERR,ERR,ERR,ERR,ERR,ERR,ERR,ERR,ERR,ERR,ERR,ERR,ERR,ERR,ERR,ERR,ERR,ERR,ERR,ERR,ERR,ERR,ERR,ERR,ERR,ERR,ERR,ERR,ERR,ERR,ERR,ERR,ERR,ERR,ERR,ERR,ERR,ERR,ERR,ERR,ERR,ERR,ERR,ERR,ERR,ERR,ERR,ERR,ERR,ERR,ERR,ERR,ERR,ERR,ERR,ERR,ERR,ERR,ERR,ERR,ERR,ERR,ERR,ERR,ERR,ERR,ERR,ERR,ERR,ERR,ERR,ERR,ERR,ERR,ERR,ERR,ERR,ERR,ERR,ERR,ERR,ERR,ERR,ERR,ERR,ERR,ERR,ERR,ERR,ERR,2.718430741444032e+23,2.7184312818759872e+23,0.0,0.0,0.0,1.3936040501711995e+18,7.805,0.0,0,0,4,0,7116,0.0,100,0.0,0.0,0.0,0.0,0.0,0,0,0,0,0.0,0,0,0,0,0,0,0,0,0,0,0,0,0,0,0,0,0,0,0,0,0,0,0,0,0,0,0,0,0,0,0,0,0,31,40,40,71,65476,0,300,0,0,8,21553,0.0,-107605600.0,0.0,0.0,0.0,0.0,0.0,0.0,0.0,0.0,0.0,0.0,0.0,0.0,0.0,0.0,0.0,0.0,0.0,0.0,0.0,0.0,0.0,-2.004,-2.004,0.0,0.0,0.0,0.0,0.0,6190.0,-0.0,6929.0,2.718430741444032e+23,2.7184312818759872e+23,-0.0,2.718430741444032e+23,0.0,0.0,0.0,0.0,69,-0.0,-71.63,0.0,0.0,0.0,0.0,0.0,0.0,0.0,0,0,0,0.0,0.0,0.0,0.0,0.0,0.0,0.0,0.0,0.0,0.0,0.0,0.0,0.0,0.0,0.0,0.0,0,-107875648.0,69,0.0,138,0.0,-109447200.0,0,13107,17040,39322,17049,13107,17043,0,0,0,70,68,100,2.7302359370752657e+23,71.2,2.7302370179391762e+23,74.2,2.7302370179391762e+23,74.0,1,49,50,180,13107,0,0,0,0.0,0.0,0.0,0.0,-0.0,67.0,0.0,162057.094,0.0,751,0,740,0,0,0,721,0,768,0,736,0,743,0,742,0,712,0,7520,0.032,108447924224.0,0.0,0.0,784,16797,-0.0,162057.094,-114818.039,-0.0,0.133,6.909358625270745e+28,30.0,65.0,35,0.0,0.0,0.0,0.0,0.0,0.0,0.0,0.0,0.0,0.0,0.0,0.0,0.0,0.0,0.0,0.0,69.2,0,150,71,55,65476,0,300,0,1,8,20529,65476,0,0,40632,65.0,0.0,0.0,0.0,0.0,0.0
2026-09-04T20:09:06,ERR,ERR,ERR,ERR,ERR,ERR,ERR,ERR,ERR,ERR,ERR,ERR,ERR,ERR,ERR,ERR,ERR,ERR,ERR,ERR,ERR,ERR,ERR,ERR,ERR,ERR,ERR,ERR,ERR,ERR,ERR,ERR,ERR,ERR,ERR,ERR,ERR,ERR,ERR,ERR,ERR,ERR,ERR,ERR,ERR,ERR,ERR,ERR,ERR,ERR,ERR,ERR,ERR,ERR,ERR,ERR,ERR,ERR,ERR,ERR,ERR,ERR,ERR,ERR,ERR,ERR,ERR,ERR,ERR,ERR,ERR,ERR,ERR,ERR,ERR,ERR,ERR,ERR,ERR,ERR,ERR,ERR,ERR,ERR,ERR,ERR,ERR,ERR,ERR,ERR,ERR,ERR,ERR,ERR,ERR,ERR,ERR,ERR,ERR,ERR,ERR,ERR,ERR,ERR,ERR,ERR,ERR,ERR,ERR,ERR,ERR,ERR,ERR,ERR,ERR,ERR,ERR,ERR,ERR,ERR,ERR,ERR,ERR,ERR,ERR,2.718430741444032e+23,2.7184312818759872e+23,0.0,0.0,0.0,1.3936040501711995e+18,7.805,0.0,0,0,4,0,7116,0.0,100,0.0,0.0,0.0,0.0,0.0,0,0,0,0,0.0,0,0,0,0,0,0,0,0,0,0,0,0,0,0,0,0,0,0,0,0,0,0,0,0,0,0,0,0,0,0,0,0,0,31,40,40,71,65476,0,300,0,0,8,21553,0.0,-107605600.0,0.0,0.0,0.0,0.0,0.0,0.0,0.0,0.0,0.0,0.0,0.0,0.0,0.0,0.0,0.0,0.0,0.0,0.0,0.0,0.0,0.0,-2.004,-2.004,0.0,0.0,0.0,0.0,0.0,6190.0,-0.0,6929.0,2.718430741444032e+23,2.7184312818759872e+23,-0.0,2.718430741444032e+23,0.0,0.0,0.0,0.0,69,-0.0,-71.63,0.0,0.0,0.0,0.0,0.0,0.0,0.0,0,0,0,0.0,0.0,0.0,0.0,0.0,0.0,0.0,0.0,0.0,0.0,0.0,0.0,0.0,0.0,0.0,0.0,0,-107875648.0,69,0.0,138,0.0,-109447200.0,0,13107,17040,39322,17049,13107,17043,0,0,0,70,68,100,2.7302359370752657e+23,71.2,2.7302370179391762e+23,74.2,2.7302370179391762e+23,74.0,1,49,50,180,13107,0,0,0,0.0,0.0,0.0,0.0,-0.0,67.0,0.0,162057.094,0.0,751,0,740,0,0,0,721,0,768,0,736,0,743,0,742,0,712,0,7520,0.032,108447924224.0,0.0,0.0,784,16797,-0.0,162057.094,-114818.039,-0.0,0.133,6.909358625270745e+28,30.0,65.0,35,0.0,0.0,0.0,0.0,0.0,0.0,0.0,0.0,0.0,0.0,0.0,0.0,0.0,0.0,0.0,0.0,69.2,0,150,71,55,65476,0,300,0,1,8,20529,65476,0,0,40632,65.0,0.0,0.0,0.0,0.0,0.0
2026-09-04T20:09:07,ERR,ERR,ERR,ERR,ERR,ERR,ERR,ERR,ERR,ERR,ERR,ERR,ERR,ERR,ERR,ERR,ERR,ERR,ERR,ERR,ERR,ERR,ERR,ERR,ERR,ERR,ERR,ERR,ERR,ERR,ERR,ERR,ERR,ERR,ERR,ERR,ERR,ERR,ERR,ERR,ERR,ERR,ERR,ERR,ERR,ERR,ERR,ERR,ERR,ERR,ERR,ERR,ERR,ERR,ERR,ERR,ERR,ERR,ERR,ERR,ERR,ERR,ERR,ERR,ERR,ERR,ERR,ERR,ERR,ERR,ERR,ERR,ERR,ERR,ERR,ERR,ERR,ERR,ERR,ERR,ERR,ERR,ERR,ERR,ERR,ERR,ERR,ERR,ERR,ERR,ERR,ERR,ERR,ERR,ERR,ERR,ERR,ERR,ERR,ERR,ERR,ERR,ERR,ERR,ERR,ERR,ERR,ERR,ERR,ERR,ERR,ERR,ERR,ERR,ERR,ERR,ERR,ERR,ERR,ERR,ERR,ERR,ERR,ERR,ERR,2.718430741444032e+23,2.7184312818759872e+23,0.0,0.0,0.0,1.3936040501711995e+18,7.805,0.0,0,0,4,0,7116,0.0,100,0.0,0.0,0.0,0.0,0.0,0,0,0,0,0.0,0,0,0,0,0,0,0,0,0,0,0,0,0,0,0,0,0,0,0,0,0,0,0,0,0,0,0,0,0,0,0,0,0,31,40,40,71,65476,0,300,0,0,8,21553,0.0,-107605600.0,0.0,0.0,0.0,0.0,0.0,0.0,0.0,0.0,0.0,0.0,0.0,0.0,0.0,0.0,0.0,0.0,0.0,0.0,0.0,0.0,0.0,-2.004,-2.004,0.0,0.0,0.0,0.0,0.0,6190.0,-0.0,6929.0,2.718430741444032e+23,2.7184312818759872e+23,-0.0,2.718430741444032e+23,0.0,0.0,0.0,0.0,69,-0.0,-71.63,0.0,0.0,0.0,0.0,0.0,0.0,0.0,0,0,0,0.0,0.0,0.0,0.0,0.0,0.0,0.0,0.0,0.0,0.0,0.0,0.0,0.0,0.0,0.0,0.0,0,-107875648.0,69,0.0,138,0.0,-109447200.0,0,13107,17040,39322,17049,13107,17043,0,0,0,70,68,100,2.7302359370752657e+23,71.2,2.7302370179391762e+23,74.2,2.7302370179391762e+23,74.0,1,49,50,180,13107,0,0,0,0.0,0.0,0.0,0.0,-0.0,67.0,0.0,162057.094,0.0,751,0,740,0,0,0,721,0,768,0,736,0,743,0,742,0,712,0,7520,0.032,108447924224.0,0.0,0.0,784,16797,-0.0,162057.094,-114818.039,-0.0,0.133,6.909358625270745e+28,30.0,65.0,35,0.0,0.0,0.0,0.0,0.0,0.0,0.0,0.0,0.0,0.0,0.0,0.0,0.0,0.0,0.0,0.0,69.2,0,150,71,55,65476,0,300,0,1,8,20529,65476,0,0,40632,65.0,0.0,0.0,0.0,0.0,0.0
2026-09-04T20:09:08,ERR,ERR,ERR,ERR,ERR,ERR,ERR,ERR,ERR,ERR,ERR,ERR,ERR,ERR,ERR,ERR,ERR,ERR,ERR,ERR,ERR,ERR,ERR,ERR,ERR,ERR,ERR,ERR,ERR,ERR,ERR,ERR,ERR,ERR,ERR,ERR,ERR,ERR,ERR,ERR,ERR,ERR,ERR,ERR,ERR,ERR,ERR,ERR,ERR,ERR,ERR,ERR,ERR,ERR,ERR,ERR,ERR,ERR,ERR,ERR,ERR,ERR,ERR,ERR,ERR,ERR,ERR,ERR,ERR,ERR,ERR,ERR,ERR,ERR,ERR,ERR,ERR,ERR,ERR,ERR,ERR,ERR,ERR,ERR,ERR,ERR,ERR,ERR,ERR,ERR,ERR,ERR,ERR,ERR,ERR,ERR,ERR,ERR,ERR,ERR,ERR,ERR,ERR,ERR,ERR,ERR,ERR,ERR,ERR,ERR,ERR,ERR,ERR,ERR,ERR,ERR,ERR,ERR,ERR,ERR,ERR,ERR,ERR,ERR,ERR,2.718430741444032e+23,2.7184312818759872e+23,0.0,0.0,0.0,1.3936040501711995e+18,7.805,0.0,0,0,4,0,7116,0.0,100,0.0,0.0,0.0,0.0,0.0,0,0,0,0,0.0,0,0,0,0,0,0,0,0,0,0,0,0,0,0,0,0,0,0,0,0,0,0,0,0,0,0,0,0,0,0,0,0,0,31,40,40,71,65476,0,300,0,0,8,21553,0.0,-107605600.0,0.0,0.0,0.0,0.0,0.0,0.0,0.0,0.0,0.0,0.0,0.0,0.0,0.0,0.0,0.0,0.0,0.0,0.0,0.0,0.0,0.0,-2.004,-2.004,0.0,0.0,0.0,0.0,0.0,6190.0,564148316405760.0,6923.0,2.718430741444032e+23,2.7184312818759872e+23,-0.0,2.718430741444032e+23,0.0,0.0,0.0,0.0,69,-0.0,5.848074301777582e+35,0.0,0.0,0.0,0.0,0.0,0.0,0.0,0,0,0,0.0,0.0,0.0,0.0,0.0,0.0,0.0,0.0,0.0,0.0,0.0,0.0,0.0,0.0,0.0,0.0,0,-107875648.0,69,0.0,138,0.0,-109447200.0,0,13107,17040,39322,17049,13107,17043,0,0,0,70,68,100,2.7302359370752657e+23,71.2,2.7302370179391762e+23,74.2,2.7302370179391762e+23,74.0,1,49,50,180,13107,0,0,0,0.0,0.0,0.0,0.0,-0.0,67.0,0.0,162057.094,0.0,751,0,740,0,0,0,721,0,768,0,736,0,743,0,742,0,712,0,7520,0.032,108447924224.0,0.0,0.0,784,16797,-0.0,162057.094,-114818.039,-0.0,0.133,6.909358625270745e+28,30.0,65.0,35,0.0,0.0,0.0,0.0,0.0,0.0,0.0,0.0,0.0,0.0,0.0,0.0,0.0,0.0,0.0,0.0,69.2,0,150,71,55,65476,0,300,0,1,8,20529,65476,0,0,40632,65.0,0.0,0.0,0.0,0.0,0.0
2026-09-04T20:09:09,ERR,ERR,ERR,ERR,ERR,ERR,ERR,ERR,ERR,ERR,ERR,ERR,ERR,ERR,ERR,ERR,ERR,ERR,ERR,ERR,ERR,ERR,ERR,ERR,ERR,ERR,ERR,ERR,ERR,ERR,ERR,ERR,ERR,ERR,ERR,ERR,ERR,ERR,ERR,ERR,ERR,ERR,ERR,ERR,ERR,ERR,ERR,ERR,ERR,ERR,ERR,ERR,ERR,ERR,ERR,ERR,ERR,ERR,ERR,ERR,ERR,ERR,ERR,ERR,ERR,ERR,ERR,ERR,ERR,ERR,ERR,ERR,ERR,ERR,ERR,ERR,ERR,ERR,ERR,ERR,ERR,ERR,ERR,ERR,ERR,ERR,ERR,ERR,ERR,ERR,ERR,ERR,ERR,ERR,ERR,ERR,ERR,ERR,ERR,ERR,ERR,ERR,ERR,ERR,ERR,ERR,ERR,ERR,ERR,ERR,ERR,ERR,ERR,ERR,ERR,ERR,ERR,ERR,ERR,ERR,ERR,ERR,ERR,ERR,ERR,2.718430741444032e+23,2.7184312818759872e+23,0.0,0.0,0.0,1.3936040501711995e+18,7.805,0.0,0,0,4,0,7116,0.0,100,0.0,0.0,0.0,0.0,0.0,0,0,0,0,0.0,0,0,0,0,0,0,0,0,0,0,0,0,0,0,0,0,0,0,0,0,0,0,0,0,0,0,0,0,0,0,0,0,0,31,40,40,71,65476,0,300,0,0,8,21553,0.0,-107605600.0,0.0,0.0,0.0,0.0,0.0,0.0,0.0,0.0,0.0,0.0,0.0,0.0,0.0,0.0,0.0,0.0,0.0,0.0,0.0,0.0,0.0,-2.004,-2.004,0.0,0.0,0.0,0.0,0.0,6190.0,564148316405760.0,6923.0,2.718430741444032e+23,2.7184312818759872e+23,-0.0,2.718430741444032e+23,0.0,0.0,0.0,0.0,69,-0.0,5.848074301777582e+35,0.0,0.0,0.0,0.0,0.0,0.0,0.0,0,0,0,0.0,0.0,0.0,0.0,0.0,0.0,0.0,0.0,0.0,0.0,0.0,0.0,0.0,0.0,0.0,0.0,0,-107875648.0,69,0.0,138,0.0,-109447200.0,0,13107,17040,39322,17049,13107,17043,0,0,0,70,68,100,2.7302359370752657e+23,71.2,2.7302370179391762e+23,74.2,2.7302370179391762e+23,74.0,1,49,50,180,13107,0,0,0,0.0,0.0,0.0,0.0,-0.0,67.0,0.0,162057.094,0.0,751,0,740,0,0,0,721,0,768,0,736,0,743,0,742,0,712,0,7520,0.032,108447924224.0,0.0,0.0,784,16797,-0.0,162057.094,-114818.039,-0.0,0.133,6.909358625270745e+28,30.0,65.0,35,0.0,0.0,0.0,0.0,0.0,0.0,0.0,0.0,0.0,0.0,0.0,0.0,0.0,0.0,0.0,0.0,69.2,0,150,71,55,65476,0,300,0,1,8,20529,65476,0,0,40632,65.0,0.0,0.0,0.0,0.0,0.0
2026-09-04T20:09:10,ERR,ERR,ERR,ERR,ERR,ERR,ERR,ERR,ERR,ERR,ERR,ERR,ERR,ERR,ERR,ERR,ERR,ERR,ERR,ERR,ERR,ERR,ERR,ERR,ERR,ERR,ERR,ERR,ERR,ERR,ERR,ERR,ERR,ERR,ERR,ERR,ERR,ERR,ERR,ERR,ERR,ERR,ERR,ERR,ERR,ERR,ERR,ERR,ERR,ERR,ERR,ERR,ERR,ERR,ERR,ERR,ERR,ERR,ERR,ERR,ERR,ERR,ERR,ERR,ERR,ERR,ERR,ERR,ERR,ERR,ERR,ERR,ERR,ERR,ERR,ERR,ERR,ERR,ERR,ERR,ERR,ERR,ERR,ERR,ERR,ERR,ERR,ERR,ERR,ERR,ERR,ERR,ERR,ERR,ERR,ERR,ERR,ERR,ERR,ERR,ERR,ERR,ERR,ERR,ERR,ERR,ERR,ERR,ERR,ERR,ERR,ERR,ERR,ERR,ERR,ERR,ERR,ERR,ERR,ERR,ERR,ERR,ERR,ERR,ERR,2.718430741444032e+23,2.7184312818759872e+23,0.0,0.0,0.0,1.3936040501711995e+18,7.805,0.0,0,0,4,0,7116,0.0,100,0.0,0.0,0.0,0.0,0.0,0,0,0,0,0.0,0,0,0,0,0,0,0,0,0,0,0,0,0,0,0,0,0,0,0,0,0,0,0,0,0,0,0,0,0,0,0,0,0,31,40,40,71,65476,0,300,0,0,8,21553,0.0,-107605600.0,0.0,0.0,0.0,0.0,0.0,0.0,0.0,0.0,0.0,0.0,0.0,0.0,0.0,0.0,0.0,0.0,0.0,0.0,0.0,0.0,0.0,-2.004,-2.004,0.0,0.0,0.0,0.0,0.0,6190.0,564148316405760.0,6923.0,2.718430741444032e+23,2.7184312818759872e+23,-0.0,2.718430741444032e+23,0.0,0.0,0.0,0.0,69,-0.0,5.848074301777582e+35,0.0,0.0,0.0,0.0,0.0,0.0,0.0,0,0,0,0.0,0.0,0.0,0.0,0.0,0.0,0.0,0.0,0.0,0.0,0.0,0.0,0.0,0.0,0.0,0.0,0,-107875648.0,69,0.0,138,0.0,-109447200.0,0,13107,17040,39322,17049,13107,17043,0,0,0,70,68,100,2.7302359370752657e+23,71.2,2.7302370179391762e+23,74.2,2.7302370179391762e+23,74.0,1,49,50,180,13107,0,0,0,0.0,0.0,0.0,0.0,-0.0,67.0,0.0,162057.094,0.0,751,0,740,0,0,0,721,0,768,0,736,0,743,0,742,0,712,0,7520,0.032,108447924224.0,0.0,0.0,784,16797,-0.0,162057.094,-114818.039,-0.0,0.133,6.909358625270745e+28,30.0,65.0,35,0.0,0.0,0.0,0.0,0.0,0.0,0.0,0.0,0.0,0.0,0.0,0.0,0.0,0.0,0.0,0.0,69.2,0,150,71,55,65476,0,300,0,1,8,20529,65476,0,0,40632,65.0,0.0,0.0,0.0,0.0,0.0
2026-09-04T20:09:11,ERR,ERR,ERR,ERR,ERR,ERR,ERR,ERR,ERR,ERR,ERR,ERR,ERR,ERR,ERR,ERR,ERR,ERR,ERR,ERR,ERR,ERR,ERR,ERR,ERR,ERR,ERR,ERR,ERR,ERR,ERR,ERR,ERR,ERR,ERR,ERR,ERR,ERR,ERR,ERR,ERR,ERR,ERR,ERR,ERR,ERR,ERR,ERR,ERR,ERR,ERR,ERR,ERR,ERR,ERR,ERR,ERR,ERR,ERR,ERR,ERR,ERR,ERR,ERR,ERR,ERR,ERR,ERR,ERR,ERR,ERR,ERR,ERR,ERR,ERR,ERR,ERR,ERR,ERR,ERR,ERR,ERR,ERR,ERR,ERR,ERR,ERR,ERR,ERR,ERR,ERR,ERR,ERR,ERR,ERR,ERR,ERR,ERR,ERR,ERR,ERR,ERR,ERR,ERR,ERR,ERR,ERR,ERR,ERR,ERR,ERR,ERR,ERR,ERR,ERR,ERR,ERR,ERR,ERR,ERR,ERR,ERR,ERR,ERR,ERR,2.718430741444032e+23,2.7184312818759872e+23,0.0,0.0,0.0,1.3936040501711995e+18,7.805,0.0,0,0,4,0,7116,0.0,100,0.0,0.0,0.0,0.0,0.0,0,0,0,0,0.0,0,0,0,0,0,0,0,0,0,0,0,0,0,0,0,0,0,0,0,0,0,0,0,0,0,0,0,0,0,0,0,0,0,31,40,40,71,65476,0,300,0,0,8,21553,0.0,-107605600.0,0.0,0.0,0.0,0.0,0.0,0.0,0.0,0.0,0.0,0.0,0.0,0.0,0.0,0.0,0.0,0.0,0.0,0.0,0.0,0.0,0.0,-2.004,-2.004,0.0,0.0,0.0,0.0,0.0,6190.0,564148316405760.0,6923.0,2.718430741444032e+23,2.7184312818759872e+23,-0.0,2.718430741444032e+23,0.0,0.0,0.0,0.0,69,-0.0,5.848074301777582e+35,0.0,0.0,0.0,0.0,0.0,0.0,0.0,0,0,0,0.0,0.0,0.0,0.0,0.0,0.0,0.0,0.0,0.0,0.0,0.0,0.0,0.0,0.0,0.0,0.0,0,-107875648.0,69,0.0,138,0.0,-109447200.0,0,13107,17040,39322,17049,13107,17043,0,0,0,70,68,100,2.7302359370752657e+23,71.2,2.7302370179391762e+23,74.2,2.7302370179391762e+23,74.0,1,49,50,180,13107,0,0,0,0.0,0.0,0.0,0.0,-0.0,67.0,0.0,162057.094,0.0,751,0,740,0,0,0,721,0,768,0,736,0,743,0,742,0,712,0,7520,0.032,108447924224.0,0.0,0.0,784,16797,-0.0,162057.094,-114818.039,-0.0,0.133,6.909358625270745e+28,30.0,65.0,35,0.0,0.0,0.0,0.0,0.0,0.0,0.0,0.0,0.0,0.0,0.0,0.0,0.0,0.0,0.0,0.0,69.2,0,150,71,55,65476,0,300,0,1,8,20529,65476,0,0,40632,65.0,0.0,0.0,0.0,0.0,0.0
2026-09-04T20:09:12,ERR,ERR,ERR,ERR,ERR,ERR,ERR,ERR,ERR,ERR,ERR,ERR,ERR,ERR,ERR,ERR,ERR,ERR,ERR,ERR,ERR,ERR,ERR,ERR,ERR,ERR,ERR,ERR,ERR,ERR,ERR,ERR,ERR,ERR,ERR,ERR,ERR,ERR,ERR,ERR,ERR,ERR,ERR,ERR,ERR,ERR,ERR,ERR,ERR,ERR,ERR,ERR,ERR,ERR,ERR,ERR,ERR,ERR,ERR,ERR,ERR,ERR,ERR,ERR,ERR,ERR,ERR,ERR,ERR,ERR,ERR,ERR,ERR,ERR,ERR,ERR,ERR,ERR,ERR,ERR,ERR,ERR,ERR,ERR,ERR,ERR,ERR,ERR,ERR,ERR,ERR,ERR,ERR,ERR,ERR,ERR,ERR,ERR,ERR,ERR,ERR,ERR,ERR,ERR,ERR,ERR,ERR,ERR,ERR,ERR,ERR,ERR,ERR,ERR,ERR,ERR,ERR,ERR,ERR,ERR,ERR,ERR,ERR,ERR,ERR,2.718430741444032e+23,2.7184312818759872e+23,0.0,0.0,0.0,1.3936040501711995e+18,7.805,0.0,0,0,4,0,7116,0.0,100,0.0,0.0,0.0,0.0,0.0,0,0,0,0,0.0,0,0,0,0,0,0,0,0,0,0,0,0,0,0,0,0,0,0,0,0,0,0,0,0,0,0,0,0,0,0,0,0,0,31,40,40,71,65476,0,300,0,0,8,21553,0.0,-107605600.0,0.0,0.0,0.0,0.0,0.0,0.0,0.0,0.0,0.0,0.0,0.0,0.0,0.0,0.0,0.0,0.0,0.0,0.0,0.0,0.0,0.0,-2.004,-2.004,0.0,0.0,0.0,0.0,0.0,6190.0,564148316405760.0,6923.0,2.718430741444032e+23,2.7184312818759872e+23,-0.0,2.718430741444032e+23,0.0,0.0,0.0,0.0,69,-0.0,5.848074301777582e+35,0.0,0.0,0.0,0.0,0.0,0.0,0.0,0,0,0,0.0,0.0,0.0,0.0,0.0,0.0,0.0,0.0,0.0,0.0,0.0,0.0,0.0,0.0,0.0,0.0,0,-107875648.0,69,0.0,138,0.0,-109447200.0,0,13107,17040,39322,17049,13107,17043,0,0,0,70,68,100,2.7302359370752657e+23,71.2,2.7302370179391762e+23,74.2,2.7302370179391762e+23,74.0,1,49,50,180,13107,0,0,0,0.0,0.0,0.0,0.0,-0.0,67.0,0.0,162057.094,0.0,751,0,740,0,0,0,721,0,768,0,736,0,743,0,742,0,712,0,7520,0.032,108447924224.0,0.0,0.0,784,16797,-0.0,162057.094,-114818.039,-0.0,0.133,6.909358625270745e+28,30.0,65.0,35,0.0,0.0,0.0,0.0,0.0,0.0,0.0,0.0,0.0,0.0,0.0,0.0,0.0,0.0,0.0,0.0,69.6,0,150,71,55,65476,0,300,0,1,8,20529,65476,0,0,40632,65.0,0.0,0.0,0.0,0.0,0.0
2026-09-04T20:09:13,ERR,ERR,ERR,ERR,ERR,ERR,ERR,ERR,ERR,ERR,ERR,ERR,ERR,ERR,ERR,ERR,ERR,ERR,ERR,ERR,ERR,ERR,ERR,ERR,ERR,ERR,ERR,ERR,ERR,ERR,ERR,ERR,ERR,ERR,ERR,ERR,ERR,ERR,ERR,ERR,ERR,ERR,ERR,ERR,ERR,ERR,ERR,ERR,ERR,ERR,ERR,ERR,ERR,ERR,ERR,ERR,ERR,ERR,ERR,ERR,ERR,ERR,ERR,ERR,ERR,ERR,ERR,ERR,ERR,ERR,ERR,ERR,ERR,ERR,ERR,ERR,ERR,ERR,ERR,ERR,ERR,ERR,ERR,ERR,ERR,ERR,ERR,ERR,ERR,ERR,ERR,ERR,ERR,ERR,ERR,ERR,ERR,ERR,ERR,ERR,ERR,ERR,ERR,ERR,ERR,ERR,ERR,ERR,ERR,ERR,ERR,ERR,ERR,ERR,ERR,ERR,ERR,ERR,ERR,ERR,ERR,ERR,ERR,ERR,ERR,2.718430741444032e+23,2.7184312818759872e+23,0.0,0.0,0.0,1.3936040501711995e+18,7.805,0.0,0,0,4,0,7116,0.0,100,0.0,0.0,0.0,0.0,0.0,0,0,0,0,0.0,0,0,0,0,0,0,0,0,0,0,0,0,0,0,0,0,0,0,0,0,0,0,0,0,0,0,0,0,0,0,0,0,0,31,40,40,71,65476,0,300,0,0,8,21553,0.0,-107605600.0,0.0,0.0,0.0,0.0,0.0,0.0,0.0,0.0,0.0,0.0,0.0,0.0,0.0,0.0,0.0,0.0,0.0,0.0,0.0,0.0,0.0,-2.004,-2.004,0.0,0.0,0.0,0.0,0.0,6190.0,564148316405760.0,6923.0,2.718430741444032e+23,2.7184312818759872e+23,-0.0,2.718430741444032e+23,0.0,0.0,0.0,0.0,69,-0.0,5.848074301777582e+35,0.0,0.0,0.0,0.0,0.0,0.0,0.0,0,0,0,0.0,0.0,0.0,0.0,0.0,0.0,0.0,0.0,0.0,0.0,0.0,0.0,0.0,0.0,0.0,0.0,0,-107875648.0,69,0.0,138,0.0,-109447200.0,0,13107,17040,39322,17049,13107,17043,0,0,0,70,68,100,2.7302359370752657e+23,71.2,2.7302370179391762e+23,74.2,2.7302370179391762e+23,74.0,1,49,50,180,13107,0,0,0,0.0,0.0,0.0,0.0,-0.0,67.0,0.0,162057.094,0.0,751,0,740,0,0,0,721,0,768,0,736,0,743,0,742,0,712,0,7520,0.032,108447924224.0,0.0,0.0,784,16797,-0.0,162057.094,-114818.039,-0.0,0.133,6.909358625270745e+28,30.0,65.0,35,0.0,0.0,0.0,0.0,0.0,0.0,0.0,0.0,0.0,0.0,0.0,0.0,0.0,0.0,0.0,0.0,69.6,0,150,71,55,65476,0,300,0,1,8,20529,65476,0,0,40632,65.0,0.0,0.0,0.0,0.0,0.0
2026-09-04T20:09:14,ERR,ERR,ERR,ERR,ERR,ERR,ERR,ERR,ERR,ERR,ERR,ERR,ERR,ERR,ERR,ERR,ERR,ERR,ERR,ERR,ERR,ERR,ERR,ERR,ERR,ERR,ERR,ERR,ERR,ERR,ERR,ERR,ERR,ERR,ERR,ERR,ERR,ERR,ERR,ERR,ERR,ERR,ERR,ERR,ERR,ERR,ERR,ERR,ERR,ERR,ERR,ERR,ERR,ERR,ERR,ERR,ERR,ERR,ERR,ERR,ERR,ERR,ERR,ERR,ERR,ERR,ERR,ERR,ERR,ERR,ERR,ERR,ERR,ERR,ERR,ERR,ERR,ERR,ERR,ERR,ERR,ERR,ERR,ERR,ERR,ERR,ERR,ERR,ERR,ERR,ERR,ERR,ERR,ERR,ERR,ERR,ERR,ERR,ERR,ERR,ERR,ERR,ERR,ERR,ERR,ERR,ERR,ERR,ERR,ERR,ERR,ERR,ERR,ERR,ERR,ERR,ERR,ERR,ERR,ERR,ERR,ERR,ERR,ERR,ERR,2.718430741444032e+23,2.7184312818759872e+23,0.0,0.0,0.0,1.3936040501711995e+18,7.805,0.0,0,0,4,0,7116,0.0,100,0.0,0.0,0.0,0.0,0.0,0,0,0,0,0.0,0,0,0,0,0,0,0,0,0,0,0,0,0,0,0,0,0,0,0,0,0,0,0,0,0,0,0,0,0,0,0,0,0,31,40,40,71,65476,0,300,0,0,8,21553,0.0,-107605600.0,0.0,0.0,0.0,0.0,0.0,0.0,0.0,0.0,0.0,0.0,0.0,0.0,0.0,0.0,0.0,0.0,0.0,0.0,0.0,0.0,0.0,-2.004,-2.004,0.0,0.0,0.0,0.0,0.0,6190.0,564148316405760.0,6923.0,2.718430741444032e+23,2.7184312818759872e+23,-0.0,2.718430741444032e+23,0.0,0.0,0.0,0.0,69,-0.0,5.848074301777582e+35,0.0,0.0,0.0,0.0,0.0,0.0,0.0,0,0,0,0.0,0.0,0.0,0.0,0.0,0.0,0.0,0.0,0.0,0.0,0.0,0.0,0.0,0.0,0.0,0.0,0,-107875648.0,69,0.0,138,0.0,-109447200.0,0,13107,17040,39322,17049,13107,17043,0,0,0,70,68,100,2.7302359370752657e+23,71.2,2.7302370179391762e+23,74.2,2.7302370179391762e+23,74.0,1,49,50,180,13107,0,0,0,0.0,0.0,0.0,0.0,-0.0,67.0,0.0,162057.094,0.0,751,0,740,0,0,0,721,0,768,0,736,0,743,0,742,0,712,0,7520,0.032,108447924224.0,0.0,0.0,784,16797,-0.0,162057.094,-114818.039,-0.0,0.133,6.909358625270745e+28,30.0,65.0,35,0.0,0.0,0.0,0.0,0.0,0.0,0.0,0.0,0.0,0.0,0.0,0.0,0.0,0.0,0.0,0.0,69.6,0,150,71,55,65476,0,300,0,1,8,20529,65476,0,0,40632,65.0,0.0,0.0,0.0,0.0,0.0
2026-09-04T20:09:15,ERR,ERR,ERR,ERR,ERR,ERR,ERR,ERR,ERR,ERR,ERR,ERR,ERR,ERR,ERR,ERR,ERR,ERR,ERR,ERR,ERR,ERR,ERR,ERR,ERR,ERR,ERR,ERR,ERR,ERR,ERR,ERR,ERR,ERR,ERR,ERR,ERR,ERR,ERR,ERR,ERR,ERR,ERR,ERR,ERR,ERR,ERR,ERR,ERR,ERR,ERR,ERR,ERR,ERR,ERR,ERR,ERR,ERR,ERR,ERR,ERR,ERR,ERR,ERR,ERR,ERR,ERR,ERR,ERR,ERR,ERR,ERR,ERR,ERR,ERR,ERR,ERR,ERR,ERR,ERR,ERR,ERR,ERR,ERR,ERR,ERR,ERR,ERR,ERR,ERR,ERR,ERR,ERR,ERR,ERR,ERR,ERR,ERR,ERR,ERR,ERR,ERR,ERR,ERR,ERR,ERR,ERR,ERR,ERR,ERR,ERR,ERR,ERR,ERR,ERR,ERR,ERR,ERR,ERR,ERR,ERR,ERR,ERR,ERR,ERR,2.718430741444032e+23,-0.0,-134479040.0,0.0,0.0,1.3936040501711995e+18,7.805,0.0,0,0,4,0,7116,0.0,100,0.0,0.0,0.0,0.0,0.0,0,0,0,0,0.0,0,0,0,0,0,0,0,0,0,0,0,0,0,0,0,0,0,0,0,0,0,0,0,0,0,0,0,0,0,0,0,0,0,31,40,40,71,65476,0,300,0,0,8,21553,0.0,-107605600.0,0.0,0.0,0.0,0.0,0.0,0.0,0.0,0.0,0.0,0.0,0.0,0.0,0.0,0.0,0.0,0.0,0.0,0.0,0.0,0.0,0.0,-2.004,-2.004,0.0,0.0,0.0,0.0,0.0,6183.0,1.587936342216671e+29,6926.0,2.718430741444032e+23,2.7184312818759872e+23,-0.0,2.718430741444032e+23,0.0,0.0,0.0,0.0,69,-0.0,-0.0,0.0,0.0,0.0,0.0,0.0,0.0,0.0,0,0,0,0.0,0.0,0.0,0.0,0.0,0.0,0.0,0.0,0.0,0.0,0.0,0.0,0.0,0.0,0.0,0.0,0,-107875648.0,69,0.0,138,0.0,-109447200.0,0,13107,17040,39322,17049,13107,17043,0,0,0,70,68,100,2.7302359370752657e+23,71.1,2.7302370179391762e+23,74.3,-0.0,74.0,1,49,50,180,13107,52429,0,0,0.0,0.0,0.0,0.0,-0.0,67.0,0.0,162057.094,0.0,751,0,740,0,0,0,721,0,768,0,737,0,742,0,742,0,712,0,7520,0.032,107911053312.0,0.0,0.0,784,16797,-0.0,162057.094,-114818.039,-0.0,0.133,6.909358625270745e+28,30.0,65.0,35,0.0,0.0,0.0,0.0,0.0,0.0,0.0,0.0,0.0,0.0,0.0,0.0,0.0,0.0,0.0,0.0,69.6,0,150,71,55,65476,0,300,0,1,8,20529,65476,0,0,40632,65.0,0.0,0.0,0.0,0.0,0.0
2026-09-04T20:09:16,ERR,ERR,ERR,ERR,ERR,ERR,ERR,ERR,ERR,ERR,ERR,ERR,ERR,ERR,ERR,ERR,ERR,ERR,ERR,ERR,ERR,ERR,ERR,ERR,ERR,ERR,ERR,ERR,ERR,ERR,ERR,ERR,ERR,ERR,ERR,ERR,ERR,ERR,ERR,ERR,ERR,ERR,ERR,ERR,ERR,ERR,ERR,ERR,ERR,ERR,ERR,ERR,ERR,ERR,ERR,ERR,ERR,ERR,ERR,ERR,ERR,ERR,ERR,ERR,ERR,ERR,ERR,ERR,ERR,ERR,ERR,ERR,ERR,ERR,ERR,ERR,ERR,ERR,ERR,ERR,ERR,ERR,ERR,ERR,ERR,ERR,ERR,ERR,ERR,ERR,ERR,ERR,ERR,ERR,ERR,ERR,ERR,ERR,ERR,ERR,ERR,ERR,ERR,ERR,ERR,ERR,ERR,ERR,ERR,ERR,ERR,ERR,ERR,ERR,ERR,ERR,ERR,ERR,ERR,ERR,ERR,ERR,ERR,ERR,ERR,2.718430741444032e+23,-0.0,-134479040.0,0.0,0.0,1.3936040501711995e+18,7.805,0.0,0,0,4,0,7116,0.0,100,0.0,0.0,0.0,0.0,0.0,0,0,0,0,0.0,0,0,0,0,0,0,0,0,0,0,0,0,0,0,0,0,0,0,0,0,0,0,0,0,0,0,0,0,0,0,0,0,0,31,40,40,71,65476,0,300,0,0,8,21553,0.0,-107605600.0,0.0,0.0,0.0,0.0,0.0,0.0,0.0,0.0,0.0,0.0,0.0,0.0,0.0,0.0,0.0,0.0,0.0,0.0,0.0,0.0,0.0,-2.004,-2.004,0.0,0.0,0.0,0.0,0.0,6183.0,1.587936342216671e+29,6926.0,2.718430741444032e+23,2.7184312818759872e+23,-0.0,2.718430741444032e+23,0.0,0.0,0.0,0.0,69,-0.0,-0.0,0.0,0.0,0.0,0.0,0.0,0.0,0.0,0,0,0,0.0,0.0,0.0,0.0,0.0,0.0,0.0,0.0,0.0,0.0,0.0,0.0,0.0,0.0,0.0,0.0,0,-107875648.0,69,0.0,138,0.0,-109447200.0,0,13107,17040,39322,17049,13107,17043,0,0,0,70,68,100,2.7302359370752657e+23,71.1,2.7302370179391762e+23,74.3,-0.0,74.0,1,49,50,180,13107,52429,0,0,0.0,0.0,0.0,0.0,-0.0,67.0,0.0,162057.094,0.0,751,0,740,0,0,0,721,0,768,0,737,0,742,0,742,0,712,0,7520,0.032,107911053312.0,0.0,0.0,784,16797,-0.0,162057.094,-114818.039,-0.0,0.133,6.909358625270745e+28,30.0,65.0,35,0.0,0.0,0.0,0.0,0.0,0.0,0.0,0.0,0.0,0.0,0.0,0.0,0.0,0.0,0.0,0.0,69.6,0,150,71,55,65476,0,300,0,1,8,20529,65476,0,0,40632,65.0,0.0,0.0,0.0,0.0,0.0
2026-09-04T20:09:17,ERR,ERR,ERR,ERR,ERR,ERR,ERR,ERR,ERR,ERR,ERR,ERR,ERR,ERR,ERR,ERR,ERR,ERR,ERR,ERR,ERR,ERR,ERR,ERR,ERR,ERR,ERR,ERR,ERR,ERR,ERR,ERR,ERR,ERR,ERR,ERR,ERR,ERR,ERR,ERR,ERR,ERR,ERR,ERR,ERR,ERR,ERR,ERR,ERR,ERR,ERR,ERR,ERR,ERR,ERR,ERR,ERR,ERR,ERR,ERR,ERR,ERR,ERR,ERR,ERR,ERR,ERR,ERR,ERR,ERR,ERR,ERR,ERR,ERR,ERR,ERR,ERR,ERR,ERR,ERR,ERR,ERR,ERR,ERR,ERR,ERR,ERR,ERR,ERR,ERR,ERR,ERR,ERR,ERR,ERR,ERR,ERR,ERR,ERR,ERR,ERR,ERR,ERR,ERR,ERR,ERR,ERR,ERR,ERR,ERR,ERR,ERR,ERR,ERR,ERR,ERR,ERR,ERR,ERR,ERR,ERR,ERR,ERR,ERR,ERR,2.718430741444032e+23,-0.0,-134479040.0,0.0,0.0,1.3936040501711995e+18,7.805,0.0,0,0,4,0,7116,0.0,100,0.0,0.0,0.0,0.0,0.0,0,0,0,0,0.0,0,0,0,0,0,0,0,0,0,0,0,0,0,0,0,0,0,0,0,0,0,0,0,0,0,0,0,0,0,0,0,0,0,31,40,40,71,65476,0,300,0,0,8,21553,0.0,-107605600.0,0.0,0.0,0.0,0.0,0.0,0.0,0.0,0.0,0.0,0.0,0.0,0.0,0.0,0.0,0.0,0.0,0.0,0.0,0.0,0.0,0.0,-2.004,-2.004,0.0,0.0,0.0,0.0,0.0,6183.0,1.587936342216671e+29,6926.0,2.718430741444032e+23,2.7184312818759872e+23,-0.0,2.718430741444032e+23,0.0,0.0,0.0,0.0,69,-0.0,-0.0,0.0,0.0,0.0,0.0,0.0,0.0,0.0,0,0,0,0.0,0.0,0.0,0.0,0.0,0.0,0.0,0.0,0.0,0.0,0.0,0.0,0.0,0.0,0.0,0.0,0,-107875648.0,69,0.0,138,0.0,-109447200.0,0,13107,17040,39322,17049,13107,17043,0,0,0,70,68,100,2.7302359370752657e+23,71.1,2.7302370179391762e+23,74.3,-0.0,74.0,1,49,50,180,13107,52429,0,0,0.0,0.0,0.0,0.0,-0.0,67.0,0.0,162057.094,0.0,751,0,740,0,0,0,721,0,768,0,737,0,742,0,742,0,712,0,7520,0.032,107911053312.0,0.0,0.0,784,16797,-0.0,162057.094,-114818.039,-0.0,0.133,6.909358625270745e+28,30.0,65.0,35,0.0,0.0,0.0,0.0,0.0,0.0,0.0,0.0,0.0,0.0,0.0,0.0,0.0,0.0,0.0,0.0,69.6,0,150,71,55,65476,0,300,0,1,8,20529,65476,0,0,40632,65.0,0.0,0.0,0.0,0.0,0.0
2026-09-04T20:09:18,ERR,ERR,ERR,ERR,ERR,ERR,ERR,ERR,ERR,ERR,ERR,ERR,ERR,ERR,ERR,ERR,ERR,ERR,ERR,ERR,ERR,ERR,ERR,ERR,ERR,ERR,ERR,ERR,ERR,ERR,ERR,ERR,ERR,ERR,ERR,ERR,ERR,ERR,ERR,ERR,ERR,ERR,ERR,ERR,ERR,ERR,ERR,ERR,ERR,ERR,ERR,ERR,ERR,ERR,ERR,ERR,ERR,ERR,ERR,ERR,ERR,ERR,ERR,ERR,ERR,ERR,ERR,ERR,ERR,ERR,ERR,ERR,ERR,ERR,ERR,ERR,ERR,ERR,ERR,ERR,ERR,ERR,ERR,ERR,ERR,ERR,ERR,ERR,ERR,ERR,ERR,ERR,ERR,ERR,ERR,ERR,ERR,ERR,ERR,ERR,ERR,ERR,ERR,ERR,ERR,ERR,ERR,ERR,ERR,ERR,ERR,ERR,ERR,ERR,ERR,ERR,ERR,ERR,ERR,ERR,ERR,ERR,ERR,ERR,ERR,2.718430741444032e+23,-0.0,-134479040.0,0.0,0.0,1.3936040501711995e+18,7.805,0.0,0,0,4,0,7116,0.0,100,0.0,0.0,0.0,0.0,0.0,0,0,0,0,0.0,0,0,0,0,0,0,0,0,0,0,0,0,0,0,0,0,0,0,0,0,0,0,0,0,0,0,0,0,0,0,0,0,0,31,40,40,71,65476,0,300,0,0,8,21553,0.0,-107605600.0,0.0,0.0,0.0,0.0,0.0,0.0,0.0,0.0,0.0,0.0,0.0,0.0,0.0,0.0,0.0,0.0,0.0,0.0,0.0,0.0,0.0,-2.004,-2.004,0.0,0.0,0.0,0.0,0.0,6183.0,1.587936342216671e+29,6926.0,2.718430741444032e+23,2.7184312818759872e+23,-0.0,2.718430741444032e+23,0.0,0.0,0.0,0.0,69,-0.0,-0.0,0.0,0.0,0.0,0.0,0.0,0.0,0.0,0,0,0,0.0,0.0,0.0,0.0,0.0,0.0,0.0,0.0,0.0,0.0,0.0,0.0,0.0,0.0,0.0,0.0,0,-107875648.0,69,0.0,138,0.0,-109447200.0,0,13107,17040,39322,17049,13107,17043,0,0,0,70,68,100,2.7302359370752657e+23,71.1,2.7302370179391762e+23,74.3,-0.0,74.0,1,49,50,180,13107,52429,0,0,0.0,0.0,0.0,0.0,-0.0,67.0,0.0,162057.094,0.0,751,0,740,0,0,0,721,0,768,0,737,0,742,0,742,0,712,0,7520,0.032,107911053312.0,0.0,0.0,784,16797,-0.0,162057.094,-114818.039,-0.0,0.133,6.909358625270745e+28,30.0,65.0,35,0.0,0.0,0.0,0.0,0.0,0.0,0.0,0.0,0.0,0.0,0.0,0.0,0.0,0.0,0.0,0.0,69.6,0,150,71,55,65476,0,300,0,1,8,20529,65476,0,0,40632,65.0,0.0,0.0,0.0,0.0,0.0
2026-09-04T20:09:19,ERR,ERR,ERR,ERR,ERR,ERR,ERR,ERR,ERR,ERR,ERR,ERR,ERR,ERR,ERR,ERR,ERR,ERR,ERR,ERR,ERR,ERR,ERR,ERR,ERR,ERR,ERR,ERR,ERR,ERR,ERR,ERR,ERR,ERR,ERR,ERR,ERR,ERR,ERR,ERR,ERR,ERR,ERR,ERR,ERR,ERR,ERR,ERR,ERR,ERR,ERR,ERR,ERR,ERR,ERR,ERR,ERR,ERR,ERR,ERR,ERR,ERR,ERR,ERR,ERR,ERR,ERR,ERR,ERR,ERR,ERR,ERR,ERR,ERR,ERR,ERR,ERR,ERR,ERR,ERR,ERR,ERR,ERR,ERR,ERR,ERR,ERR,ERR,ERR,ERR,ERR,ERR,ERR,ERR,ERR,ERR,ERR,ERR,ERR,ERR,ERR,ERR,ERR,ERR,ERR,ERR,ERR,ERR,ERR,ERR,ERR,ERR,ERR,ERR,ERR,ERR,ERR,ERR,ERR,ERR,ERR,ERR,ERR,ERR,ERR,2.718430741444032e+23,-0.0,-134479040.0,0.0,0.0,1.3936040501711995e+18,7.805,0.0,0,0,4,0,7116,0.0,100,0.0,0.0,0.0,0.0,0.0,0,0,0,0,0.0,0,0,0,0,0,0,0,0,0,0,0,0,0,0,0,0,0,0,0,0,0,0,0,0,0,0,0,0,0,0,0,0,0,31,40,40,71,65476,0,300,0,0,8,21553,0.0,-107605600.0,0.0,0.0,0.0,0.0,0.0,0.0,0.0,0.0,0.0,0.0,0.0,0.0,0.0,0.0,0.0,0.0,0.0,0.0,0.0,0.0,0.0,-2.004,-2.004,0.0,0.0,0.0,0.0,0.0,6183.0,1.587936342216671e+29,6926.0,2.718430741444032e+23,2.7184312818759872e+23,-0.0,2.718430741444032e+23,0.0,0.0,0.0,0.0,69,-0.0,-0.0,0.0,0.0,0.0,0.0,0.0,0.0,0.0,0,0,0,0.0,0.0,0.0,0.0,0.0,0.0,0.0,0.0,0.0,0.0,0.0,0.0,0.0,0.0,0.0,0.0,0,-107875648.0,69,0.0,138,0.0,-109447200.0,0,13107,17040,39322,17049,13107,17043,0,0,0,70,68,100,2.7302359370752657e+23,71.1,2.7302370179391762e+23,74.3,-0.0,74.0,1,49,50,180,13107,52429,0,0,0.0,0.0,0.0,0.0,-0.0,67.0,0.0,162057.094,0.0,751,0,740,0,0,0,721,0,768,0,737,0,742,0,742,0,712,0,7520,0.032,107911053312.0,0.0,0.0,784,16797,-0.0,162057.094,-114818.039,-0.0,0.133,6.909358625270745e+28,30.0,65.0,35,0.0,0.0,0.0,0.0,0.0,0.0,0.0,0.0,0.0,0.0,0.0,0.0,0.0,0.0,0.0,0.0,69.2,0,150,71,55,65476,0,300,0,1,8,20529,65476,0,0,40632,65.0,0.0,0.0,0.0,0.0,0.0
2026-09-04T20:09:20,ERR,ERR,ERR,ERR,ERR,ERR,ERR,ERR,ERR,ERR,ERR,ERR,ERR,ERR,ERR,ERR,ERR,ERR,ERR,ERR,ERR,ERR,ERR,ERR,ERR,ERR,ERR,ERR,ERR,ERR,ERR,ERR,ERR,ERR,ERR,ERR,ERR,ERR,ERR,ERR,ERR,ERR,ERR,ERR,ERR,ERR,ERR,ERR,ERR,ERR,ERR,ERR,ERR,ERR,ERR,ERR,ERR,ERR,ERR,ERR,ERR,ERR,ERR,ERR,ERR,ERR,ERR,ERR,ERR,ERR,ERR,ERR,ERR,ERR,ERR,ERR,ERR,ERR,ERR,ERR,ERR,ERR,ERR,ERR,ERR,ERR,ERR,ERR,ERR,ERR,ERR,ERR,ERR,ERR,ERR,ERR,ERR,ERR,ERR,ERR,ERR,ERR,ERR,ERR,ERR,ERR,ERR,ERR,ERR,ERR,ERR,ERR,ERR,ERR,ERR,ERR,ERR,ERR,ERR,ERR,ERR,ERR,ERR,ERR,ERR,2.718430741444032e+23,-0.0,-134479040.0,0.0,0.0,1.3936040501711995e+18,7.805,0.0,0,0,4,0,7116,0.0,100,0.0,0.0,0.0,0.0,0.0,0,0,0,0,0.0,0,0,0,0,0,0,0,0,0,0,0,0,0,0,0,0,0,0,0,0,0,0,0,0,0,0,0,0,0,0,0,0,0,31,40,40,71,65476,0,300,0,0,8,21553,0.0,-107605600.0,0.0,0.0,0.0,0.0,0.0,0.0,0.0,0.0,0.0,0.0,0.0,0.0,0.0,0.0,0.0,0.0,0.0,0.0,0.0,0.0,0.0,-2.004,-2.004,0.0,0.0,0.0,0.0,0.0,6183.0,1.587936342216671e+29,6926.0,2.718430741444032e+23,2.7184312818759872e+23,-0.0,2.718430741444032e+23,0.0,0.0,0.0,0.0,69,-0.0,-0.0,0.0,0.0,0.0,0.0,0.0,0.0,0.0,0,0,0,0.0,0.0,0.0,0.0,0.0,0.0,0.0,0.0,0.0,0.0,0.0,0.0,0.0,0.0,0.0,0.0,0,-107875648.0,69,0.0,138,0.0,-109447200.0,0,13107,17040,39322,17049,13107,17043,0,0,0,70,68,100,2.7302359370752657e+23,71.1,2.7302370179391762e+23,74.3,-0.0,74.0,1,49,50,180,13107,52429,0,0,0.0,0.0,0.0,0.0,-0.0,67.0,0.0,162057.094,0.0,751,0,740,0,0,0,721,0,768,0,737,0,742,0,742,0,712,0,7520,0.032,107911053312.0,0.0,0.0,784,16797,-0.0,162057.094,-114818.039,-0.0,0.133,6.909358625270745e+28,30.0,65.0,35,0.0,0.0,0.0,0.0,0.0,0.0,0.0,0.0,0.0,0.0,0.0,0.0,0.0,0.0,0.0,0.0,69.2,0,150,71,55,65476,0,300,0,1,8,20529,65476,0,0,40632,65.0,0.0,0.0,0.0,0.0,0.0
2026-09-04T20:09:21,ERR,ERR,ERR,ERR,ERR,ERR,ERR,ERR,ERR,ERR,ERR,ERR,ERR,ERR,ERR,ERR,ERR,ERR,ERR,ERR,ERR,ERR,ERR,ERR,ERR,ERR,ERR,ERR,ERR,ERR,ERR,ERR,ERR,ERR,ERR,ERR,ERR,ERR,ERR,ERR,ERR,ERR,ERR,ERR,ERR,ERR,ERR,ERR,ERR,ERR,ERR,ERR,ERR,ERR,ERR,ERR,ERR,ERR,ERR,ERR,ERR,ERR,ERR,ERR,ERR,ERR,ERR,ERR,ERR,ERR,ERR,ERR,ERR,ERR,ERR,ERR,ERR,ERR,ERR,ERR,ERR,ERR,ERR,ERR,ERR,ERR,ERR,ERR,ERR,ERR,ERR,ERR,ERR,ERR,ERR,ERR,ERR,ERR,ERR,ERR,ERR,ERR,ERR,ERR,ERR,ERR,ERR,ERR,ERR,ERR,ERR,ERR,ERR,ERR,ERR,ERR,ERR,ERR,ERR,ERR,ERR,ERR,ERR,ERR,ERR,2.718430741444032e+23,-0.0,-134479040.0,0.0,0.0,1.3936040501711995e+18,7.805,0.0,0,0,4,0,7116,0.0,100,0.0,0.0,0.0,0.0,0.0,0,0,0,0,0.0,0,0,0,0,0,0,0,0,0,0,0,0,0,0,0,0,0,0,0,0,0,0,0,0,0,0,0,0,0,0,0,0,0,31,40,40,71,65476,0,300,0,0,8,21553,0.0,-107605600.0,0.0,0.0,0.0,0.0,0.0,0.0,0.0,0.0,0.0,0.0,0.0,0.0,0.0,0.0,0.0,0.0,0.0,0.0,0.0,0.0,0.0,-2.004,-2.004,0.0,0.0,0.0,0.0,0.0,6183.0,1.587936342216671e+29,6926.0,2.718430741444032e+23,2.7184312818759872e+23,-0.0,2.718430741444032e+23,0.0,0.0,0.0,0.0,69,-0.0,-0.0,0.0,0.0,0.0,0.0,0.0,0.0,0.0,0,0,0,0.0,0.0,0.0,0.0,0.0,0.0,0.0,0.0,0.0,0.0,0.0,0.0,0.0,0.0,0.0,0.0,0,-107875648.0,69,0.0,138,0.0,-109447200.0,0,13107,17040,39322,17049,13107,17043,0,0,0,70,68,100,2.7302359370752657e+23,71.2,2.7302370179391762e+23,74.2,2.7302370179391762e+23,74.0,1,49,50,180,13107,52429,0,0,0.0,0.0,0.0,0.0,-0.0,67.0,0.0,162057.094,0.0,751,0,740,0,0,0,721,0,768,0,737,0,742,0,742,0,712,0,7520,0.032,108447924224.0,0.0,0.0,784,16797,-0.0,162057.094,-114818.039,-0.0,0.133,6.909358625270745e+28,30.0,65.0,35,0.0,0.0,0.0,0.0,0.0,0.0,0.0,0.0,0.0,0.0,0.0,0.0,0.0,0.0,0.0,0.0,69.2,0,150,71,55,65476,0,300,0,1,8,20529,65476,0,0,40632,65.0,0.0,0.0,0.0,0.0,0.0
2026-09-04T20:09:22,ERR,ERR,ERR,ERR,ERR,ERR,ERR,ERR,ERR,ERR,ERR,ERR,ERR,ERR,ERR,ERR,ERR,ERR,ERR,ERR,ERR,ERR,ERR,ERR,ERR,ERR,ERR,ERR,ERR,ERR,ERR,ERR,ERR,ERR,ERR,ERR,ERR,ERR,ERR,ERR,ERR,ERR,ERR,ERR,ERR,ERR,ERR,ERR,ERR,ERR,ERR,ERR,ERR,ERR,ERR,ERR,ERR,ERR,ERR,ERR,ERR,ERR,ERR,ERR,ERR,ERR,ERR,ERR,ERR,ERR,ERR,ERR,ERR,ERR,ERR,ERR,ERR,ERR,ERR,ERR,ERR,ERR,ERR,ERR,ERR,ERR,ERR,ERR,ERR,ERR,ERR,ERR,ERR,ERR,ERR,ERR,ERR,ERR,ERR,ERR,ERR,ERR,ERR,ERR,ERR,ERR,ERR,ERR,ERR,ERR,ERR,ERR,ERR,ERR,ERR,ERR,ERR,ERR,ERR,ERR,ERR,ERR,ERR,ERR,ERR,2.718430741444032e+23,-0.0,-134479040.0,0.0,0.0,1.3936040501711995e+18,7.805,0.0,0,0,4,0,7116,0.0,100,0.0,0.0,0.0,0.0,0.0,0,0,0,0,0.0,0,0,0,0,0,0,0,0,0,0,0,0,0,0,0,0,0,0,0,0,0,0,0,0,0,0,0,0,0,0,0,0,0,31,40,40,71,65476,0,300,0,0,8,21553,0.0,-107605600.0,0.0,0.0,0.0,0.0,0.0,0.0,0.0,0.0,0.0,0.0,0.0,0.0,0.0,0.0,0.0,0.0,0.0,0.0,0.0,0.0,0.0,-2.004,-2.004,0.0,0.0,0.0,0.0,0.0,6183.0,1.587936342216671e+29,6926.0,2.718430741444032e+23,2.7184312818759872e+23,-0.0,2.718430741444032e+23,0.0,0.0,0.0,0.0,69,-0.0,-0.0,0.0,0.0,0.0,0.0,0.0,0.0,0.0,0,0,0,0.0,0.0,0.0,0.0,0.0,0.0,0.0,0.0,0.0,0.0,0.0,0.0,0.0,0.0,0.0,0.0,0,-107875648.0,69,0.0,138,0.0,-109447200.0,0,13107,17040,39322,17049,13107,17043,0,0,0,70,68,100,2.7302359370752657e+23,71.2,2.7302370179391762e+23,74.2,2.7302370179391762e+23,74.0,1,49,50,180,13107,52429,0,0,0.0,0.0,0.0,0.0,-0.0,67.0,0.0,162057.094,0.0,751,0,740,0,0,0,721,0,768,0,737,0,742,0,742,0,712,0,7520,0.032,108447924224.0,0.0,0.0,784,16797,-0.0,162057.094,-114818.039,-0.0,0.133,6.909358625270745e+28,30.0,65.0,35,0.0,0.0,0.0,0.0,0.0,0.0,0.0,0.0,0.0,0.0,0.0,0.0,0.0,0.0,0.0,0.0,69.2,0,150,71,55,65476,0,300,0,1,8,20529,65476,0,0,40632,65.0,0.0,0.0,0.0,0.0,0.0
2026-09-04T20:09:23,ERR,ERR,ERR,ERR,ERR,ERR,ERR,ERR,ERR,ERR,ERR,ERR,ERR,ERR,ERR,ERR,ERR,ERR,ERR,ERR,ERR,ERR,ERR,ERR,ERR,ERR,ERR,ERR,ERR,ERR,ERR,ERR,ERR,ERR,ERR,ERR,ERR,ERR,ERR,ERR,ERR,ERR,ERR,ERR,ERR,ERR,ERR,ERR,ERR,ERR,ERR,ERR,ERR,ERR,ERR,ERR,ERR,ERR,ERR,ERR,ERR,ERR,ERR,ERR,ERR,ERR,ERR,ERR,ERR,ERR,ERR,ERR,ERR,ERR,ERR,ERR,ERR,ERR,ERR,ERR,ERR,ERR,ERR,ERR,ERR,ERR,ERR,ERR,ERR,ERR,ERR,ERR,ERR,ERR,ERR,ERR,ERR,ERR,ERR,ERR,ERR,ERR,ERR,ERR,ERR,ERR,ERR,ERR,ERR,ERR,ERR,ERR,ERR,ERR,ERR,ERR,ERR,ERR,ERR,ERR,ERR,ERR,ERR,ERR,ERR,2.718430741444032e+23,2.7184312818759872e+23,0.0,0.0,0.0,1.3936040501711995e+18,7.805,0.0,0,0,4,0,7116,0.0,100,0.0,0.0,0.0,0.0,0.0,0,0,0,0,0.0,0,0,0,0,0,0,0,0,0,0,0,0,0,0,0,0,0,0,0,0,0,0,0,0,0,0,0,0,0,0,0,0,0,31,40,40,71,65476,0,300,0,0,8,21553,0.0,-107605600.0,0.0,0.0,0.0,0.0,0.0,0.0,0.0,0.0,0.0,0.0,0.0,0.0,0.0,0.0,0.0,0.0,0.0,0.0,0.0,0.0,0.0,-2.004,-2.004,0.0,0.0,0.0,0.0,0.0,6184.0,0.0,6914.0,2.718430741444032e+23,2.7184312818759872e+23,-0.0,2.718430741444032e+23,0.0,0.0,0.0,0.0,69,-0.0,0.0,0.0,0.0,0.0,0.0,0.0,0.0,0.0,0,0,0,0.0,0.0,0.0,0.0,0.0,0.0,0.0,0.0,0.0,0.0,0.0,0.0,0.0,0.0,0.0,0.0,0,-107875648.0,69,0.0,138,0.0,-109447200.0,0,13107,17040,39322,17049,13107,17043,0,0,0,70,68,100,2.7302359370752657e+23,71.2,2.7302370179391762e+23,74.2,2.7302370179391762e+23,74.0,1,49,50,180,13107,52429,0,0,0.0,0.0,0.0,0.0,-0.0,67.0,0.0,162057.094,0.0,751,0,740,0,0,0,721,0,768,0,737,0,742,0,742,0,712,0,7520,0.032,108447924224.0,0.0,0.0,784,16797,-0.0,162057.094,-114818.039,-0.0,0.133,6.909358625270745e+28,30.0,65.0,35,0.0,0.0,0.0,0.0,0.0,0.0,0.0,0.0,0.0,0.0,0.0,0.0,0.0,0.0,0.0,0.0,69.2,0,150,71,55,65476,0,300,0,1,8,20529,65476,0,0,40632,65.0,0.0,0.0,0.0,0.0,0.0
2026-09-04T20:09:24,ERR,ERR,ERR,ERR,ERR,ERR,ERR,ERR,ERR,ERR,ERR,ERR,ERR,ERR,ERR,ERR,ERR,ERR,ERR,ERR,ERR,ERR,ERR,ERR,ERR,ERR,ERR,ERR,ERR,ERR,ERR,ERR,ERR,ERR,ERR,ERR,ERR,ERR,ERR,ERR,ERR,ERR,ERR,ERR,ERR,ERR,ERR,ERR,ERR,ERR,ERR,ERR,ERR,ERR,ERR,ERR,ERR,ERR,ERR,ERR,ERR,ERR,ERR,ERR,ERR,ERR,ERR,ERR,ERR,ERR,ERR,ERR,ERR,ERR,ERR,ERR,ERR,ERR,ERR,ERR,ERR,ERR,ERR,ERR,ERR,ERR,ERR,ERR,ERR,ERR,ERR,ERR,ERR,ERR,ERR,ERR,ERR,ERR,ERR,ERR,ERR,ERR,ERR,ERR,ERR,ERR,ERR,ERR,ERR,ERR,ERR,ERR,ERR,ERR,ERR,ERR,ERR,ERR,ERR,ERR,ERR,ERR,ERR,ERR,ERR,2.718430741444032e+23,2.7184312818759872e+23,0.0,0.0,0.0,1.3936040501711995e+18,7.805,0.0,0,0,4,0,7116,0.0,100,0.0,0.0,0.0,0.0,0.0,0,0,0,0,0.0,0,0,0,0,0,0,0,0,0,0,0,0,0,0,0,0,0,0,0,0,0,0,0,0,0,0,0,0,0,0,0,0,0,31,40,40,71,65476,0,300,0,0,8,21553,0.0,-107605600.0,0.0,0.0,0.0,0.0,0.0,0.0,0.0,0.0,0.0,0.0,0.0,0.0,0.0,0.0,0.0,0.0,0.0,0.0,0.0,0.0,0.0,-2.004,-2.004,0.0,0.0,0.0,0.0,0.0,6184.0,0.0,6914.0,2.718430741444032e+23,2.7184312818759872e+23,-0.0,2.718430741444032e+23,0.0,0.0,0.0,0.0,69,-0.0,0.0,0.0,0.0,0.0,0.0,0.0,0.0,0.0,0,0,0,0.0,0.0,0.0,0.0,0.0,0.0,0.0,0.0,0.0,0.0,0.0,0.0,0.0,0.0,0.0,0.0,0,-107875648.0,69,0.0,138,0.0,-109447200.0,0,13107,17040,39322,17049,13107,17043,0,0,0,70,68,100,2.7302359370752657e+23,71.2,2.7302370179391762e+23,74.2,2.7302370179391762e+23,74.0,1,49,50,180,13107,52429,0,0,0.0,0.0,0.0,0.0,-0.0,67.0,0.0,162057.094,0.0,751,0,740,0,0,0,721,0,768,0,737,0,742,0,742,0,712,0,7520,0.032,108447924224.0,0.0,0.0,784,16797,-0.0,162057.094,-114818.039,-0.0,0.133,6.909358625270745e+28,30.0,65.0,35,0.0,0.0,0.0,0.0,0.0,0.0,0.0,0.0,0.0,0.0,0.0,0.0,0.0,0.0,0.0,0.0,69.2,0,150,71,55,65476,0,300,0,1,8,20529,65476,0,0,40632,65.0,0.0,0.0,0.0,0.0,0.0
2026-09-04T20:09:25,ERR,ERR,ERR,ERR,ERR,ERR,ERR,ERR,ERR,ERR,ERR,ERR,ERR,ERR,ERR,ERR,ERR,ERR,ERR,ERR,ERR,ERR,ERR,ERR,ERR,ERR,ERR,ERR,ERR,ERR,ERR,ERR,ERR,ERR,ERR,ERR,ERR,ERR,ERR,ERR,ERR,ERR,ERR,ERR,ERR,ERR,ERR,ERR,ERR,ERR,ERR,ERR,ERR,ERR,ERR,ERR,ERR,ERR,ERR,ERR,ERR,ERR,ERR,ERR,ERR,ERR,ERR,ERR,ERR,ERR,ERR,ERR,ERR,ERR,ERR,ERR,ERR,ERR,ERR,ERR,ERR,ERR,ERR,ERR,ERR,ERR,ERR,ERR,ERR,ERR,ERR,ERR,ERR,ERR,ERR,ERR,ERR,ERR,ERR,ERR,ERR,ERR,ERR,ERR,ERR,ERR,ERR,ERR,ERR,ERR,ERR,ERR,ERR,ERR,ERR,ERR,ERR,ERR,ERR,ERR,ERR,ERR,ERR,ERR,ERR,2.718430741444032e+23,2.7184312818759872e+23,0.0,0.0,0.0,1.3936040501711995e+18,7.805,0.0,0,0,4,0,7116,0.0,100,0.0,0.0,0.0,0.0,0.0,0,0,0,0,0.0,0,0,0,0,0,0,0,0,0,0,0,0,0,0,0,0,0,0,0,0,0,0,0,0,0,0,0,0,0,0,0,0,0,31,40,40,71,65476,0,300,0,0,8,21553,0.0,-107605600.0,0.0,0.0,0.0,0.0,0.0,0.0,0.0,0.0,0.0,0.0,0.0,0.0,0.0,0.0,0.0,0.0,0.0,0.0,0.0,0.0,0.0,-2.004,-2.004,0.0,0.0,0.0,0.0,0.0,6184.0,0.0,6914.0,2.718430741444032e+23,2.7184312818759872e+23,-0.0,2.718430741444032e+23,0.0,0.0,0.0,0.0,69,-0.0,0.0,0.0,0.0,0.0,0.0,0.0,0.0,0.0,0,0,0,0.0,0.0,0.0,0.0,0.0,0.0,0.0,0.0,0.0,0.0,0.0,0.0,0.0,0.0,0.0,0.0,0,-107875648.0,69,0.0,138,0.0,-109447200.0,0,13107,17040,39322,17049,13107,17043,0,0,0,70,68,100,2.7302359370752657e+23,71.2,2.7302370179391762e+23,74.2,2.7302370179391762e+23,74.0,1,49,50,180,13107,52429,0,0,0.0,0.0,0.0,0.0,-0.0,67.0,0.0,162057.094,0.0,751,0,740,0,0,0,721,0,768,0,737,0,742,0,742,0,712,0,7520,0.032,108447924224.0,0.0,0.0,784,16797,-0.0,162057.094,-114818.039,-0.0,0.133,6.909358625270745e+28,30.0,65.0,35,0.0,0.0,0.0,0.0,0.0,0.0,0.0,0.0,0.0,0.0,0.0,0.0,0.0,0.0,0.0,0.0,69.2,0,150,71,55,65476,0,300,0,1,8,20529,65476,0,0,40632,65.0,0.0,0.0,0.0,0.0,0.0
2026-09-04T20:09:26,ERR,ERR,ERR,ERR,ERR,ERR,ERR,ERR,ERR,ERR,ERR,ERR,ERR,ERR,ERR,ERR,ERR,ERR,ERR,ERR,ERR,ERR,ERR,ERR,ERR,ERR,ERR,ERR,ERR,ERR,ERR,ERR,ERR,ERR,ERR,ERR,ERR,ERR,ERR,ERR,ERR,ERR,ERR,ERR,ERR,ERR,ERR,ERR,ERR,ERR,ERR,ERR,ERR,ERR,ERR,ERR,ERR,ERR,ERR,ERR,ERR,ERR,ERR,ERR,ERR,ERR,ERR,ERR,ERR,ERR,ERR,ERR,ERR,ERR,ERR,ERR,ERR,ERR,ERR,ERR,ERR,ERR,ERR,ERR,ERR,ERR,ERR,ERR,ERR,ERR,ERR,ERR,ERR,ERR,ERR,ERR,ERR,ERR,ERR,ERR,ERR,ERR,ERR,ERR,ERR,ERR,ERR,ERR,ERR,ERR,ERR,ERR,ERR,ERR,ERR,ERR,ERR,ERR,ERR,ERR,ERR,ERR,ERR,ERR,ERR,2.718430741444032e+23,2.7184312818759872e+23,0.0,0.0,0.0,1.3936040501711995e+18,7.805,0.0,0,0,4,0,7116,0.0,100,0.0,0.0,0.0,0.0,0.0,0,0,0,0,0.0,0,0,0,0,0,0,0,0,0,0,0,0,0,0,0,0,0,0,0,0,0,0,0,0,0,0,0,0,0,0,0,0,0,31,40,40,71,65476,0,300,0,0,8,21553,0.0,-107605600.0,0.0,0.0,0.0,0.0,0.0,0.0,0.0,0.0,0.0,0.0,0.0,0.0,0.0,0.0,0.0,0.0,0.0,0.0,0.0,0.0,0.0,-2.004,-2.004,0.0,0.0,0.0,0.0,0.0,6184.0,0.0,6914.0,2.718430741444032e+23,2.7184312818759872e+23,-0.0,2.718430741444032e+23,0.0,0.0,0.0,0.0,69,-0.0,0.0,0.0,0.0,0.0,0.0,0.0,0.0,0.0,0,0,0,0.0,0.0,0.0,0.0,0.0,0.0,0.0,0.0,0.0,0.0,0.0,0.0,0.0,0.0,0.0,0.0,0,-107875648.0,69,0.0,138,0.0,-109447200.0,0,13107,17040,39322,17049,13107,17043,0,0,0,70,68,100,2.7302359370752657e+23,71.2,2.7302370179391762e+23,74.3,-0.0,74.0,1,49,50,180,13107,0,0,0,0.0,0.0,0.0,0.0,-0.0,67.0,0.0,162057.094,0.0,751,0,740,0,0,0,721,0,768,0,736,0,743,0,742,0,712,0,7520,0.032,107911053312.0,0.0,0.0,784,16797,-0.0,162057.094,-114818.039,-0.0,0.133,6.909358625270745e+28,30.0,65.0,35,0.0,0.0,0.0,0.0,0.0,0.0,0.0,0.0,0.0,0.0,0.0,0.0,0.0,0.0,0.0,0.0,69.2,0,150,71,55,65476,0,300,0,1,8,20529,65476,0,0,40632,65.0,0.0,0.0,0.0,0.0,0.0
2026-09-04T20:09:27,ERR,ERR,ERR,ERR,ERR,ERR,ERR,ERR,ERR,ERR,ERR,ERR,ERR,ERR,ERR,ERR,ERR,ERR,ERR,ERR,ERR,ERR,ERR,ERR,ERR,ERR,ERR,ERR,ERR,ERR,ERR,ERR,ERR,ERR,ERR,ERR,ERR,ERR,ERR,ERR,ERR,ERR,ERR,ERR,ERR,ERR,ERR,ERR,ERR,ERR,ERR,ERR,ERR,ERR,ERR,ERR,ERR,ERR,ERR,ERR,ERR,ERR,ERR,ERR,ERR,ERR,ERR,ERR,ERR,ERR,ERR,ERR,ERR,ERR,ERR,ERR,ERR,ERR,ERR,ERR,ERR,ERR,ERR,ERR,ERR,ERR,ERR,ERR,ERR,ERR,ERR,ERR,ERR,ERR,ERR,ERR,ERR,ERR,ERR,ERR,ERR,ERR,ERR,ERR,ERR,ERR,ERR,ERR,ERR,ERR,ERR,ERR,ERR,ERR,ERR,ERR,ERR,ERR,ERR,ERR,ERR,ERR,ERR,ERR,ERR,2.718430741444032e+23,2.7184312818759872e+23,0.0,0.0,0.0,1.3936040501711995e+18,7.805,0.0,0,0,4,0,7116,0.0,100,0.0,0.0,0.0,0.0,0.0,0,0,0,0,0.0,0,0,0,0,0,0,0,0,0,0,0,0,0,0,0,0,0,0,0,0,0,0,0,0,0,0,0,0,0,0,0,0,0,31,40,40,71,65476,0,300,0,0,8,21553,0.0,-107605600.0,0.0,0.0,0.0,0.0,0.0,0.0,0.0,0.0,0.0,0.0,0.0,0.0,0.0,0.0,0.0,0.0,0.0,0.0,0.0,0.0,0.0,-2.004,-2.004,0.0,0.0,0.0,0.0,0.0,6184.0,0.0,6914.0,2.718430741444032e+23,2.7184312818759872e+23,-0.0,2.718430741444032e+23,0.0,0.0,0.0,0.0,69,-0.0,0.0,0.0,0.0,0.0,0.0,0.0,0.0,0.0,0,0,0,0.0,0.0,0.0,0.0,0.0,0.0,0.0,0.0,0.0,0.0,0.0,0.0,0.0,0.0,0.0,0.0,0,-107875648.0,69,0.0,138,0.0,-109447200.0,0,13107,17040,39322,17049,13107,17043,0,0,0,70,68,100,2.7302359370752657e+23,71.2,2.7302370179391762e+23,74.3,-0.0,74.0,1,49,50,180,13107,0,0,0,0.0,0.0,0.0,0.0,-0.0,67.0,0.0,162057.094,0.0,751,0,740,0,0,0,721,0,768,0,736,0,743,0,742,0,712,0,7520,0.032,107911053312.0,0.0,0.0,784,16797,-0.0,162057.094,-114818.039,-0.0,0.133,6.909358625270745e+28,30.0,65.0,35,0.0,0.0,0.0,0.0,0.0,0.0,0.0,0.0,0.0,0.0,0.0,0.0,0.0,0.0,0.0,0.0,69.2,0,150,71,55,65476,0,300,0,1,8,20529,65476,0,0,40632,65.0,0.0,0.0,0.0,0.0,0.0
2026-09-04T20:09:28,ERR,ERR,ERR,ERR,ERR,ERR,ERR,ERR,ERR,ERR,ERR,ERR,ERR,ERR,ERR,ERR,ERR,ERR,ERR,ERR,ERR,ERR,ERR,ERR,ERR,ERR,ERR,ERR,ERR,ERR,ERR,ERR,ERR,ERR,ERR,ERR,ERR,ERR,ERR,ERR,ERR,ERR,ERR,ERR,ERR,ERR,ERR,ERR,ERR,ERR,ERR,ERR,ERR,ERR,ERR,ERR,ERR,ERR,ERR,ERR,ERR,ERR,ERR,ERR,ERR,ERR,ERR,ERR,ERR,ERR,ERR,ERR,ERR,ERR,ERR,ERR,ERR,ERR,ERR,ERR,ERR,ERR,ERR,ERR,ERR,ERR,ERR,ERR,ERR,ERR,ERR,ERR,ERR,ERR,ERR,ERR,ERR,ERR,ERR,ERR,ERR,ERR,ERR,ERR,ERR,ERR,ERR,ERR,ERR,ERR,ERR,ERR,ERR,ERR,ERR,ERR,ERR,ERR,ERR,ERR,ERR,ERR,ERR,ERR,ERR,2.718430741444032e+23,2.7184312818759872e+23,0.0,0.0,0.0,1.3936040501711995e+18,7.805,0.0,0,0,4,0,7116,0.0,100,0.0,0.0,0.0,0.0,0.0,0,0,0,0,0.0,0,0,0,0,0,0,0,0,0,0,0,0,0,0,0,0,0,0,0,0,0,0,0,0,0,0,0,0,0,0,0,0,0,31,40,40,71,65476,0,300,0,0,8,21553,0.0,-107605600.0,0.0,0.0,0.0,0.0,0.0,0.0,0.0,0.0,0.0,0.0,0.0,0.0,0.0,0.0,0.0,0.0,0.0,0.0,0.0,0.0,0.0,-2.004,-2.004,0.0,0.0,0.0,0.0,0.0,6184.0,0.0,6914.0,2.718430741444032e+23,2.7184312818759872e+23,-0.0,2.718430741444032e+23,0.0,0.0,0.0,0.0,69,-0.0,0.0,0.0,0.0,0.0,0.0,0.0,0.0,0.0,0,0,0,0.0,0.0,0.0,0.0,0.0,0.0,0.0,0.0,0.0,0.0,0.0,0.0,0.0,0.0,0.0,0.0,0,-107875648.0,69,0.0,138,0.0,-109447200.0,0,13107,17040,39322,17049,13107,17043,0,0,0,70,68,100,2.7302359370752657e+23,71.2,2.7302370179391762e+23,74.3,-0.0,74.0,1,49,50,180,13107,0,0,0,0.0,0.0,0.0,0.0,-0.0,67.0,0.0,162057.094,0.0,751,0,740,0,0,0,721,0,768,0,736,0,743,0,742,0,712,0,7520,0.032,107911053312.0,0.0,0.0,784,16797,-0.0,162057.094,-114818.039,-0.0,0.133,6.909358625270745e+28,30.0,65.0,35,0.0,0.0,0.0,0.0,0.0,0.0,0.0,0.0,0.0,0.0,0.0,0.0,0.0,0.0,0.0,0.0,69.2,0,150,71,55,65476,0,300,0,1,8,20529,65476,0,0,40632,65.0,0.0,0.0,0.0,0.0,0.0
2026-09-04T20:09:29,ERR,ERR,ERR,ERR,ERR,ERR,ERR,ERR,ERR,ERR,ERR,ERR,ERR,ERR,ERR,ERR,ERR,ERR,ERR,ERR,ERR,ERR,ERR,ERR,ERR,ERR,ERR,ERR,ERR,ERR,ERR,ERR,ERR,ERR,ERR,ERR,ERR,ERR,ERR,ERR,ERR,ERR,ERR,ERR,ERR,ERR,ERR,ERR,ERR,ERR,ERR,ERR,ERR,ERR,ERR,ERR,ERR,ERR,ERR,ERR,ERR,ERR,ERR,ERR,ERR,ERR,ERR,ERR,ERR,ERR,ERR,ERR,ERR,ERR,ERR,ERR,ERR,ERR,ERR,ERR,ERR,ERR,ERR,ERR,ERR,ERR,ERR,ERR,ERR,ERR,ERR,ERR,ERR,ERR,ERR,ERR,ERR,ERR,ERR,ERR,ERR,ERR,ERR,ERR,ERR,ERR,ERR,ERR,ERR,ERR,ERR,ERR,ERR,ERR,ERR,ERR,ERR,ERR,ERR,ERR,ERR,ERR,ERR,ERR,ERR,2.718430741444032e+23,2.7184312818759872e+23,0.0,0.0,0.0,1.3936040501711995e+18,7.805,0.0,0,0,4,0,7116,0.0,100,0.0,0.0,0.0,0.0,0.0,0,0,0,0,0.0,0,0,0,0,0,0,0,0,0,0,0,0,0,0,0,0,0,0,0,0,0,0,0,0,0,0,0,0,0,0,0,0,0,31,40,40,71,65476,0,300,0,0,8,21553,0.0,-107605600.0,0.0,0.0,0.0,0.0,0.0,0.0,0.0,0.0,0.0,0.0,0.0,0.0,0.0,0.0,0.0,0.0,0.0,0.0,0.0,0.0,0.0,-2.004,-2.004,0.0,0.0,0.0,0.0,0.0,6184.0,0.0,6914.0,2.718430741444032e+23,2.7184312818759872e+23,-0.0,2.718430741444032e+23,0.0,0.0,0.0,0.0,69,-0.0,0.0,0.0,0.0,0.0,0.0,0.0,0.0,0.0,0,0,0,0.0,0.0,0.0,0.0,0.0,0.0,0.0,0.0,0.0,0.0,0.0,0.0,0.0,0.0,0.0,0.0,0,-107875648.0,69,0.0,138,0.0,-109447200.0,0,13107,17040,39322,17049,13107,17043,0,0,0,70,68,100,2.7302359370752657e+23,71.2,2.7302370179391762e+23,74.3,-0.0,74.0,1,49,50,180,13107,0,0,0,0.0,0.0,0.0,0.0,-0.0,67.0,0.0,162057.094,0.0,751,0,740,0,0,0,721,0,768,0,736,0,743,0,742,0,712,0,7520,0.032,107911053312.0,0.0,0.0,784,16797,-0.0,162057.094,-114818.039,-0.0,0.133,6.909358625270745e+28,30.0,65.0,35,0.0,0.0,0.0,0.0,0.0,0.0,0.0,0.0,0.0,0.0,0.0,0.0,0.0,0.0,0.0,0.0,69.2,0,150,71,55,65476,0,300,0,1,8,20529,65476,0,0,40632,65.0,0.0,0.0,0.0,0.0,0.0
2026-09-04T20:09:30,ERR,ERR,ERR,ERR,ERR,ERR,ERR,ERR,ERR,ERR,ERR,ERR,ERR,ERR,ERR,ERR,ERR,ERR,ERR,ERR,ERR,ERR,ERR,ERR,ERR,ERR,ERR,ERR,ERR,ERR,ERR,ERR,ERR,ERR,ERR,ERR,ERR,ERR,ERR,ERR,ERR,ERR,ERR,ERR,ERR,ERR,ERR,ERR,ERR,ERR,ERR,ERR,ERR,ERR,ERR,ERR,ERR,ERR,ERR,ERR,ERR,ERR,ERR,ERR,ERR,ERR,ERR,ERR,ERR,ERR,ERR,ERR,ERR,ERR,ERR,ERR,ERR,ERR,ERR,ERR,ERR,ERR,ERR,ERR,ERR,ERR,ERR,ERR,ERR,ERR,ERR,ERR,ERR,ERR,ERR,ERR,ERR,ERR,ERR,ERR,ERR,ERR,ERR,ERR,ERR,ERR,ERR,ERR,ERR,ERR,ERR,ERR,ERR,ERR,ERR,ERR,ERR,ERR,ERR,ERR,ERR,ERR,ERR,ERR,ERR,2.718430741444032e+23,2.7184312818759872e+23,0.0,0.0,0.0,1.3936040501711995e+18,7.805,0.0,0,0,4,0,7116,0.0,100,0.0,0.0,0.0,0.0,0.0,0,0,0,0,0.0,0,0,0,0,0,0,0,0,0,0,0,0,0,0,0,0,0,0,0,0,0,0,0,0,0,0,0,0,0,0,0,0,0,31,40,40,71,65476,0,300,0,0,8,21553,0.0,-107605600.0,0.0,0.0,0.0,0.0,0.0,0.0,0.0,0.0,0.0,0.0,0.0,0.0,0.0,0.0,0.0,0.0,0.0,0.0,0.0,0.0,0.0,-2.004,-2.004,0.0,0.0,0.0,0.0,0.0,6152.0,1.5879361533220116e+29,6926.0,2.718430741444032e+23,2.7184312818759872e+23,-0.0,2.718430741444032e+23,0.0,0.0,0.0,0.0,69,-0.0,4.066871036323211e+29,0.0,0.0,0.0,0.0,0.0,0.0,0.0,0,0,0,0.0,0.0,0.0,0.0,0.0,0.0,0.0,0.0,0.0,0.0,0.0,0.0,0.0,0.0,0.0,0.0,0,-107875648.0,69,0.0,138,0.0,-109447200.0,0,13107,17040,39322,17049,13107,17043,0,0,0,70,68,100,2.7302359370752657e+23,71.2,2.7302370179391762e+23,74.3,-0.0,74.0,1,49,50,180,13107,0,0,0,0.0,0.0,0.0,0.0,-0.0,67.0,0.0,162057.094,0.0,751,0,740,0,0,0,721,0,768,0,736,0,743,0,742,0,712,0,7520,0.032,107911053312.0,0.0,0.0,784,16797,-0.0,162057.094,-114818.039,-0.0,0.133,6.909358625270745e+28,30.0,65.0,35,0.0,0.0,0.0,0.0,0.0,0.0,0.0,0.0,0.0,0.0,0.0,0.0,0.0,0.0,0.0,0.0,69.2,0,150,71,55,65476,0,300,0,1,8,20529,65476,0,0,40632,65.0,0.0,0.0,0.0,0.0,0.0
2026-09-04T20:09:31,ERR,ERR,ERR,ERR,ERR,ERR,ERR,ERR,ERR,ERR,ERR,ERR,ERR,ERR,ERR,ERR,ERR,ERR,ERR,ERR,ERR,ERR,ERR,ERR,ERR,ERR,ERR,ERR,ERR,ERR,ERR,ERR,ERR,ERR,ERR,ERR,ERR,ERR,ERR,ERR,ERR,ERR,ERR,ERR,ERR,ERR,ERR,ERR,ERR,ERR,ERR,ERR,ERR,ERR,ERR,ERR,ERR,ERR,ERR,ERR,ERR,ERR,ERR,ERR,ERR,ERR,ERR,ERR,ERR,ERR,ERR,ERR,ERR,ERR,ERR,ERR,ERR,ERR,ERR,ERR,ERR,ERR,ERR,ERR,ERR,ERR,ERR,ERR,ERR,ERR,ERR,ERR,ERR,ERR,ERR,ERR,ERR,ERR,ERR,ERR,ERR,ERR,ERR,ERR,ERR,ERR,ERR,ERR,ERR,ERR,ERR,ERR,ERR,ERR,ERR,ERR,ERR,ERR,ERR,ERR,ERR,ERR,ERR,ERR,ERR,2.718430741444032e+23,2.7184312818759872e+23,0.0,0.0,0.0,1.3936040501711995e+18,7.805,0.0,0,0,4,0,7116,0.0,100,0.0,0.0,0.0,0.0,0.0,0,0,0,0,0.0,0,0,0,0,0,0,0,0,0,0,0,0,0,0,0,0,0,0,0,0,0,0,0,0,0,0,0,0,0,0,0,0,0,31,40,40,71,65476,0,300,0,0,8,21553,0.0,-107605600.0,0.0,0.0,0.0,0.0,0.0,0.0,0.0,0.0,0.0,0.0,0.0,0.0,0.0,0.0,0.0,0.0,0.0,0.0,0.0,0.0,0.0,-2.004,-2.004,0.0,0.0,0.0,0.0,0.0,6152.0,1.5879361533220116e+29,6926.0,2.718430741444032e+23,2.7184312818759872e+23,-0.0,2.718430741444032e+23,0.0,0.0,0.0,0.0,69,-0.0,4.066871036323211e+29,0.0,0.0,0.0,0.0,0.0,0.0,0.0,0,0,0,0.0,0.0,0.0,0.0,0.0,0.0,0.0,0.0,0.0,0.0,0.0,0.0,0.0,0.0,0.0,0.0,0,-107875648.0,69,0.0,138,0.0,-109447200.0,0,13107,17040,39322,17049,13107,17043,0,0,0,70,68,100,2.7302359370752657e+23,71.2,2.7302370179391762e+23,74.3,-0.0,74.0,1,49,50,180,13107,0,0,0,0.0,0.0,0.0,0.0,-0.0,67.0,0.0,162057.094,0.0,751,0,740,0,0,0,721,0,768,0,736,0,743,0,742,0,712,0,7520,0.032,107911053312.0,0.0,0.0,784,16797,-0.0,162057.094,-114818.039,-0.0,0.133,6.909358625270745e+28,30.0,65.0,35,0.0,0.0,0.0,0.0,0.0,0.0,0.0,0.0,0.0,0.0,0.0,0.0,0.0,0.0,0.0,0.0,69.2,0,150,71,55,65476,0,300,0,1,8,20529,65476,0,0,40632,65.0,0.0,0.0,0.0,0.0,0.0
2026-09-04T20:09:32,ERR,ERR,ERR,ERR,ERR,ERR,ERR,ERR,ERR,ERR,ERR,ERR,ERR,ERR,ERR,ERR,ERR,ERR,ERR,ERR,ERR,ERR,ERR,ERR,ERR,ERR,ERR,ERR,ERR,ERR,ERR,ERR,ERR,ERR,ERR,ERR,ERR,ERR,ERR,ERR,ERR,ERR,ERR,ERR,ERR,ERR,ERR,ERR,ERR,ERR,ERR,ERR,ERR,ERR,ERR,ERR,ERR,ERR,ERR,ERR,ERR,ERR,ERR,ERR,ERR,ERR,ERR,ERR,ERR,ERR,ERR,ERR,ERR,ERR,ERR,ERR,ERR,ERR,ERR,ERR,ERR,ERR,ERR,ERR,ERR,ERR,ERR,ERR,ERR,ERR,ERR,ERR,ERR,ERR,ERR,ERR,ERR,ERR,ERR,ERR,ERR,ERR,ERR,ERR,ERR,ERR,ERR,ERR,ERR,ERR,ERR,ERR,ERR,ERR,ERR,ERR,ERR,ERR,ERR,ERR,ERR,ERR,ERR,ERR,ERR,2.718430741444032e+23,2.7184312818759872e+23,0.0,0.0,0.0,1.3936040501711995e+18,7.805,0.0,0,0,4,0,7116,0.0,100,0.0,0.0,0.0,0.0,0.0,0,0,0,0,0.0,0,0,0,0,0,0,0,0,0,0,0,0,0,0,0,0,0,0,0,0,0,0,0,0,0,0,0,0,0,0,0,0,0,31,40,40,71,65476,0,300,0,0,8,21553,0.0,-107605600.0,0.0,0.0,0.0,0.0,0.0,0.0,0.0,0.0,0.0,0.0,0.0,0.0,0.0,0.0,0.0,0.0,0.0,0.0,0.0,0.0,0.0,-2.004,-2.004,0.0,0.0,0.0,0.0,0.0,6152.0,1.5879361533220116e+29,6926.0,2.718430741444032e+23,2.7184312818759872e+23,-0.0,2.718430741444032e+23,0.0,0.0,0.0,0.0,69,-0.0,4.066871036323211e+29,0.0,0.0,0.0,0.0,0.0,0.0,0.0,0,0,0,0.0,0.0,0.0,0.0,0.0,0.0,0.0,0.0,0.0,0.0,0.0,0.0,0.0,0.0,0.0,0.0,0,-107875648.0,69,0.0,138,0.0,-109447200.0,0,13107,17040,39322,17049,13107,17043,0,0,0,70,68,100,2.7302359370752657e+23,71.2,2.7302370179391762e+23,74.2,2.7302370179391762e+23,74.0,1,49,50,180,13107,0,0,0,0.0,0.0,0.0,0.0,-0.0,67.0,0.0,162057.094,0.0,751,0,740,0,0,0,721,0,768,0,737,0,742,0,742,0,712,0,7520,0.032,108447924224.0,0.0,0.0,784,16797,-0.0,162057.094,-114818.039,-0.0,0.133,6.909358625270745e+28,30.0,65.0,35,0.0,0.0,0.0,0.0,0.0,0.0,0.0,0.0,0.0,0.0,0.0,0.0,0.0,0.0,0.0,0.0,69.6,0,150,71,55,65476,0,300,0,1,8,20529,65476,0,0,40632,65.0,0.0,0.0,0.0,0.0,0.0
2026-09-04T20:09:33,ERR,ERR,ERR,ERR,ERR,ERR,ERR,ERR,ERR,ERR,ERR,ERR,ERR,ERR,ERR,ERR,ERR,ERR,ERR,ERR,ERR,ERR,ERR,ERR,ERR,ERR,ERR,ERR,ERR,ERR,ERR,ERR,ERR,ERR,ERR,ERR,ERR,ERR,ERR,ERR,ERR,ERR,ERR,ERR,ERR,ERR,ERR,ERR,ERR,ERR,ERR,ERR,ERR,ERR,ERR,ERR,ERR,ERR,ERR,ERR,ERR,ERR,ERR,ERR,ERR,ERR,ERR,ERR,ERR,ERR,ERR,ERR,ERR,ERR,ERR,ERR,ERR,ERR,ERR,ERR,ERR,ERR,ERR,ERR,ERR,ERR,ERR,ERR,ERR,ERR,ERR,ERR,ERR,ERR,ERR,ERR,ERR,ERR,ERR,ERR,ERR,ERR,ERR,ERR,ERR,ERR,ERR,ERR,ERR,ERR,ERR,ERR,ERR,ERR,ERR,ERR,ERR,ERR,ERR,ERR,ERR,ERR,ERR,ERR,ERR,2.718430741444032e+23,2.7184312818759872e+23,0.0,0.0,0.0,1.3936040501711995e+18,7.805,0.0,0,0,4,0,7116,0.0,100,0.0,0.0,0.0,0.0,0.0,0,0,0,0,0.0,0,0,0,0,0,0,0,0,0,0,0,0,0,0,0,0,0,0,0,0,0,0,0,0,0,0,0,0,0,0,0,0,0,31,40,40,71,65476,0,300,0,0,8,21553,0.0,-107605600.0,0.0,0.0,0.0,0.0,0.0,0.0,0.0,0.0,0.0,0.0,0.0,0.0,0.0,0.0,0.0,0.0,0.0,0.0,0.0,0.0,0.0,-2.004,-2.004,0.0,0.0,0.0,0.0,0.0,6152.0,1.5879361533220116e+29,6926.0,2.718430741444032e+23,2.7184312818759872e+23,-0.0,2.718430741444032e+23,0.0,0.0,0.0,0.0,69,-0.0,4.066871036323211e+29,0.0,0.0,0.0,0.0,0.0,0.0,0.0,0,0,0,0.0,0.0,0.0,0.0,0.0,0.0,0.0,0.0,0.0,0.0,0.0,0.0,0.0,0.0,0.0,0.0,0,-107875648.0,69,0.0,138,0.0,-109447200.0,0,13107,17040,39322,17049,13107,17043,0,0,0,70,68,100,2.7302359370752657e+23,71.2,2.7302370179391762e+23,74.2,2.7302370179391762e+23,74.0,1,49,50,180,13107,0,0,0,0.0,0.0,0.0,0.0,-0.0,67.0,0.0,162057.094,0.0,751,0,740,0,0,0,721,0,768,0,737,0,742,0,742,0,712,0,7520,0.032,108447924224.0,0.0,0.0,784,16797,-0.0,162057.094,-114818.039,-0.0,0.133,6.909358625270745e+28,30.0,65.0,35,0.0,0.0,0.0,0.0,0.0,0.0,0.0,0.0,0.0,0.0,0.0,0.0,0.0,0.0,0.0,0.0,69.6,0,150,71,55,65476,0,300,0,1,8,20529,65476,0,0,40632,65.0,0.0,0.0,0.0,0.0,0.0
2026-09-04T20:09:34,ERR,ERR,ERR,ERR,ERR,ERR,ERR,ERR,ERR,ERR,ERR,ERR,ERR,ERR,ERR,ERR,ERR,ERR,ERR,ERR,ERR,ERR,ERR,ERR,ERR,ERR,ERR,ERR,ERR,ERR,ERR,ERR,ERR,ERR,ERR,ERR,ERR,ERR,ERR,ERR,ERR,ERR,ERR,ERR,ERR,ERR,ERR,ERR,ERR,ERR,ERR,ERR,ERR,ERR,ERR,ERR,ERR,ERR,ERR,ERR,ERR,ERR,ERR,ERR,ERR,ERR,ERR,ERR,ERR,ERR,ERR,ERR,ERR,ERR,ERR,ERR,ERR,ERR,ERR,ERR,ERR,ERR,ERR,ERR,ERR,ERR,ERR,ERR,ERR,ERR,ERR,ERR,ERR,ERR,ERR,ERR,ERR,ERR,ERR,ERR,ERR,ERR,ERR,ERR,ERR,ERR,ERR,ERR,ERR,ERR,ERR,ERR,ERR,ERR,ERR,ERR,ERR,ERR,ERR,ERR,ERR,ERR,ERR,ERR,ERR,2.718430741444032e+23,2.7184312818759872e+23,0.0,0.0,0.0,1.3936040501711995e+18,7.805,0.0,0,0,4,0,7116,0.0,100,0.0,0.0,0.0,0.0,0.0,0,0,0,0,0.0,0,0,0,0,0,0,0,0,0,0,0,0,0,0,0,0,0,0,0,0,0,0,0,0,0,0,0,0,0,0,0,0,0,31,40,40,71,65476,0,300,0,0,8,21553,0.0,-107605600.0,0.0,0.0,0.0,0.0,0.0,0.0,0.0,0.0,0.0,0.0,0.0,0.0,0.0,0.0,0.0,0.0,0.0,0.0,0.0,0.0,0.0,-2.004,-2.004,0.0,0.0,0.0,0.0,0.0,6152.0,1.5879361533220116e+29,6926.0,2.718430741444032e+23,2.7184312818759872e+23,-0.0,2.718430741444032e+23,0.0,0.0,0.0,0.0,69,-0.0,4.066871036323211e+29,0.0,0.0,0.0,0.0,0.0,0.0,0.0,0,0,0,0.0,0.0,0.0,0.0,0.0,0.0,0.0,0.0,0.0,0.0,0.0,0.0,0.0,0.0,0.0,0.0,0,-107875648.0,69,0.0,138,0.0,-109447200.0,0,13107,17040,39322,17049,13107,17043,0,0,0,70,68,100,2.7302359370752657e+23,71.2,2.7302370179391762e+23,74.2,2.7302370179391762e+23,74.0,1,49,50,180,13107,0,0,0,0.0,0.0,0.0,0.0,-0.0,67.0,0.0,162057.094,0.0,751,0,740,0,0,0,721,0,768,0,737,0,742,0,742,0,712,0,7520,0.032,108447924224.0,0.0,0.0,784,16797,-0.0,162057.094,-114818.039,-0.0,0.133,6.909358625270745e+28,30.0,65.0,35,0.0,0.0,0.0,0.0,0.0,0.0,0.0,0.0,0.0,0.0,0.0,0.0,0.0,0.0,0.0,0.0,69.6,0,150,71,55,65476,0,300,0,1,8,20529,65476,0,0,40632,65.0,0.0,0.0,0.0,0.0,0.0
2026-09-04T20:09:35,ERR,ERR,ERR,ERR,ERR,ERR,ERR,ERR,ERR,ERR,ERR,ERR,ERR,ERR,ERR,ERR,ERR,ERR,ERR,ERR,ERR,ERR,ERR,ERR,ERR,ERR,ERR,ERR,ERR,ERR,ERR,ERR,ERR,ERR,ERR,ERR,ERR,ERR,ERR,ERR,ERR,ERR,ERR,ERR,ERR,ERR,ERR,ERR,ERR,ERR,ERR,ERR,ERR,ERR,ERR,ERR,ERR,ERR,ERR,ERR,ERR,ERR,ERR,ERR,ERR,ERR,ERR,ERR,ERR,ERR,ERR,ERR,ERR,ERR,ERR,ERR,ERR,ERR,ERR,ERR,ERR,ERR,ERR,ERR,ERR,ERR,ERR,ERR,ERR,ERR,ERR,ERR,ERR,ERR,ERR,ERR,ERR,ERR,ERR,ERR,ERR,ERR,ERR,ERR,ERR,ERR,ERR,ERR,ERR,ERR,ERR,ERR,ERR,ERR,ERR,ERR,ERR,ERR,ERR,ERR,ERR,ERR,ERR,ERR,ERR,2.718430741444032e+23,2.7184312818759872e+23,0.0,0.0,0.0,1.3936040501711995e+18,7.805,0.0,0,0,4,0,7116,0.0,100,0.0,0.0,0.0,0.0,0.0,0,0,0,0,0.0,0,0,0,0,0,0,0,0,0,0,0,0,0,0,0,0,0,0,0,0,0,0,0,0,0,0,0,0,0,0,0,0,0,31,40,40,71,65476,0,300,0,0,8,21553,0.0,-107605600.0,0.0,0.0,0.0,0.0,0.0,0.0,0.0,0.0,0.0,0.0,0.0,0.0,0.0,0.0,0.0,0.0,0.0,0.0,0.0,0.0,0.0,-2.004,-2.004,0.0,0.0,0.0,0.0,0.0,6152.0,1.5879361533220116e+29,6926.0,2.718430741444032e+23,2.7184312818759872e+23,-0.0,2.718430741444032e+23,0.0,0.0,0.0,0.0,69,-0.0,4.066871036323211e+29,0.0,0.0,0.0,0.0,0.0,0.0,0.0,0,0,0,0.0,0.0,0.0,0.0,0.0,0.0,0.0,0.0,0.0,0.0,0.0,0.0,0.0,0.0,0.0,0.0,0,-107875648.0,69,0.0,138,0.0,-109447200.0,0,13107,17040,39322,17049,13107,17043,0,0,0,70,68,100,2.7302359370752657e+23,71.2,2.7302370179391762e+23,74.2,2.7302370179391762e+23,74.0,1,49,50,180,13107,0,0,0,0.0,0.0,0.0,0.0,-0.0,67.0,0.0,162057.094,0.0,751,0,740,0,0,0,721,0,768,0,737,0,742,0,742,0,712,0,7520,0.032,108447924224.0,0.0,0.0,784,16797,-0.0,162057.094,-114818.039,-0.0,0.133,6.909358625270745e+28,30.0,65.0,35,0.0,0.0,0.0,0.0,0.0,0.0,0.0,0.0,0.0,0.0,0.0,0.0,0.0,0.0,0.0,0.0,69.2,0,150,71,55,65476,0,300,0,1,8,20529,65476,0,0,40632,65.0,0.0,0.0,0.0,0.0,0.0
2026-09-04T20:09:36,ERR,ERR,ERR,ERR,ERR,ERR,ERR,ERR,ERR,ERR,ERR,ERR,ERR,ERR,ERR,ERR,ERR,ERR,ERR,ERR,ERR,ERR,ERR,ERR,ERR,ERR,ERR,ERR,ERR,ERR,ERR,ERR,ERR,ERR,ERR,ERR,ERR,ERR,ERR,ERR,ERR,ERR,ERR,ERR,ERR,ERR,ERR,ERR,ERR,ERR,ERR,ERR,ERR,ERR,ERR,ERR,ERR,ERR,ERR,ERR,ERR,ERR,ERR,ERR,ERR,ERR,ERR,ERR,ERR,ERR,ERR,ERR,ERR,ERR,ERR,ERR,ERR,ERR,ERR,ERR,ERR,ERR,ERR,ERR,ERR,ERR,ERR,ERR,ERR,ERR,ERR,ERR,ERR,ERR,ERR,ERR,ERR,ERR,ERR,ERR,ERR,ERR,ERR,ERR,ERR,ERR,ERR,ERR,ERR,ERR,ERR,ERR,ERR,ERR,ERR,ERR,ERR,ERR,ERR,ERR,ERR,ERR,ERR,ERR,ERR,2.718430741444032e+23,2.7184312818759872e+23,0.0,0.0,0.0,1.3936040501711995e+18,7.805,0.0,0,0,4,0,7116,0.0,100,0.0,0.0,0.0,0.0,0.0,0,0,0,0,0.0,0,0,0,0,0,0,0,0,0,0,0,0,0,0,0,0,0,0,0,0,0,0,0,0,0,0,0,0,0,0,0,0,0,31,40,40,71,65476,0,300,0,0,8,21553,0.0,-107605600.0,0.0,0.0,0.0,0.0,0.0,0.0,0.0,0.0,0.0,0.0,0.0,0.0,0.0,0.0,0.0,0.0,0.0,0.0,0.0,0.0,0.0,-2.004,-2.004,0.0,0.0,0.0,0.0,0.0,6152.0,1.5879361533220116e+29,6926.0,2.718430741444032e+23,2.7184312818759872e+23,-0.0,2.718430741444032e+23,0.0,0.0,0.0,0.0,69,-0.0,4.066871036323211e+29,0.0,0.0,0.0,0.0,0.0,0.0,0.0,0,0,0,0.0,0.0,0.0,0.0,0.0,0.0,0.0,0.0,0.0,0.0,0.0,0.0,0.0,0.0,0.0,0.0,0,-107875648.0,69,0.0,138,0.0,-109447200.0,0,13107,17040,39322,17049,13107,17043,0,0,0,70,68,100,2.7302359370752657e+23,71.2,2.7302370179391762e+23,74.2,2.7302370179391762e+23,74.0,1,49,50,180,13107,0,0,0,0.0,0.0,0.0,0.0,-0.0,67.0,0.0,162057.094,0.0,751,0,740,0,0,0,721,0,768,0,737,0,742,0,742,0,712,0,7520,0.032,108447924224.0,0.0,0.0,784,16797,-0.0,162057.094,-114818.039,-0.0,0.133,6.909358625270745e+28,30.0,65.0,35,0.0,0.0,0.0,0.0,0.0,0.0,0.0,0.0,0.0,0.0,0.0,0.0,0.0,0.0,0.0,0.0,69.2,0,150,71,55,65476,0,300,0,1,8,20529,65476,0,0,40632,65.0,0.0,0.0,0.0,0.0,0.0
2026-09-04T20:09:37,ERR,ERR,ERR,ERR,ERR,ERR,ERR,ERR,ERR,ERR,ERR,ERR,ERR,ERR,ERR,ERR,ERR,ERR,ERR,ERR,ERR,ERR,ERR,ERR,ERR,ERR,ERR,ERR,ERR,ERR,ERR,ERR,ERR,ERR,ERR,ERR,ERR,ERR,ERR,ERR,ERR,ERR,ERR,ERR,ERR,ERR,ERR,ERR,ERR,ERR,ERR,ERR,ERR,ERR,ERR,ERR,ERR,ERR,ERR,ERR,ERR,ERR,ERR,ERR,ERR,ERR,ERR,ERR,ERR,ERR,ERR,ERR,ERR,ERR,ERR,ERR,ERR,ERR,ERR,ERR,ERR,ERR,ERR,ERR,ERR,ERR,ERR,ERR,ERR,ERR,ERR,ERR,ERR,ERR,ERR,ERR,ERR,ERR,ERR,ERR,ERR,ERR,ERR,ERR,ERR,ERR,ERR,ERR,ERR,ERR,ERR,ERR,ERR,ERR,ERR,ERR,ERR,ERR,ERR,ERR,ERR,ERR,ERR,ERR,ERR,2.718430741444032e+23,2.7184312818759872e+23,0.0,0.0,0.0,1.3936040501711995e+18,7.805,0.0,0,0,4,0,7116,0.0,100,0.0,0.0,0.0,0.0,0.0,0,0,0,0,0.0,0,0,0,0,0,0,0,0,0,0,0,0,0,0,0,0,0,0,0,0,0,0,0,0,0,0,0,0,0,0,0,0,0,31,40,40,71,65476,0,300,0,0,8,21553,0.0,-107605600.0,0.0,0.0,0.0,0.0,0.0,0.0,0.0,0.0,0.0,0.0,0.0,0.0,0.0,0.0,0.0,0.0,0.0,0.0,0.0,0.0,0.0,-2.004,-2.004,0.0,0.0,0.0,0.0,0.0,6152.0,1.5879361533220116e+29,6926.0,2.718430741444032e+23,2.7184312818759872e+23,-0.0,2.718430741444032e+23,0.0,0.0,0.0,0.0,69,-0.0,4.066871036323211e+29,0.0,0.0,0.0,0.0,0.0,0.0,0.0,0,0,0,0.0,0.0,0.0,0.0,0.0,0.0,0.0,0.0,0.0,0.0,0.0,0.0,0.0,0.0,0.0,0.0,0,-107875648.0,69,0.0,138,0.0,-109447200.0,0,13107,17040,39322,17049,26215,17043,0,0,0,70,68,100,2.7302359370752657e+23,71.1,2.7302370179391762e+23,74.3,-0.0,74.0,1,49,50,180,13107,0,0,0,0.0,0.0,0.0,0.0,-0.0,67.0,0.0,162057.094,0.0,751,0,740,0,0,0,721,0,768,0,737,0,743,0,742,0,712,0,7520,0.032,108984795136.0,0.0,0.0,784,16797,-0.0,162057.094,-114818.039,-0.0,0.133,6.909358625270745e+28,30.0,65.0,35,0.0,0.0,0.0,0.0,0.0,0.0,0.0,0.0,0.0,0.0,0.0,0.0,0.0,0.0,0.0,0.0,69.2,0,150,71,55,65476,0,300,0,1,8,20529,65476,0,0,40632,65.0,0.0,0.0,0.0,0.0,0.0
2026-09-04T20:09:38,ERR,ERR,ERR,ERR,ERR,ERR,ERR,ERR,ERR,ERR,ERR,ERR,ERR,ERR,ERR,ERR,ERR,ERR,ERR,ERR,ERR,ERR,ERR,ERR,ERR,ERR,ERR,ERR,ERR,ERR,ERR,ERR,ERR,ERR,ERR,ERR,ERR,ERR,ERR,ERR,ERR,ERR,ERR,ERR,ERR,ERR,ERR,ERR,ERR,ERR,ERR,ERR,ERR,ERR,ERR,ERR,ERR,ERR,ERR,ERR,ERR,ERR,ERR,ERR,ERR,ERR,ERR,ERR,ERR,ERR,ERR,ERR,ERR,ERR,ERR,ERR,ERR,ERR,ERR,ERR,ERR,ERR,ERR,ERR,ERR,ERR,ERR,ERR,ERR,ERR,ERR,ERR,ERR,ERR,ERR,ERR,ERR,ERR,ERR,ERR,ERR,ERR,ERR,ERR,ERR,ERR,ERR,ERR,ERR,ERR,ERR,ERR,ERR,ERR,ERR,ERR,ERR,ERR,ERR,ERR,ERR,ERR,ERR,ERR,ERR,2.718430741444032e+23,2.7184312818759872e+23,0.0,0.0,0.0,1.3936040501711995e+18,7.805,0.0,0,0,4,0,7116,0.0,100,0.0,0.0,0.0,0.0,0.0,0,0,0,0,0.0,0,0,0,0,0,0,0,0,0,0,0,0,0,0,0,0,0,0,0,0,0,0,0,0,0,0,0,0,0,0,0,0,0,31,40,40,71,65476,0,300,0,0,8,21553,0.0,-107605600.0,0.0,0.0,0.0,0.0,0.0,0.0,0.0,0.0,0.0,0.0,0.0,0.0,0.0,0.0,0.0,0.0,0.0,0.0,0.0,0.0,0.0,-2.004,-2.004,0.0,0.0,0.0,0.0,0.0,6184.0,8608220160.0,6922.0,2.718430741444032e+23,2.7184312818759872e+23,-0.0,2.718430741444032e+23,0.0,0.0,0.0,0.0,69,-0.0,-0.0,0.0,0.0,0.0,0.0,0.0,0.0,0.0,0,0,0,0.0,0.0,0.0,0.0,0.0,0.0,0.0,0.0,0.0,0.0,0.0,0.0,0.0,0.0,0.0,0.0,0,-107875648.0,69,0.0,138,0.0,-109447200.0,0,13107,17040,39322,17049,26215,17043,0,0,0,70,68,100,2.7302359370752657e+23,71.1,2.7302370179391762e+23,74.3,-0.0,74.0,1,49,50,180,13107,0,0,0,0.0,0.0,0.0,0.0,-0.0,67.0,0.0,162057.094,0.0,751,0,740,0,0,0,721,0,768,0,737,0,743,0,742,0,712,0,7520,0.032,108984795136.0,0.0,0.0,784,16797,-0.0,162057.094,-114818.039,-0.0,0.133,6.909358625270745e+28,30.0,65.0,35,0.0,0.0,0.0,0.0,0.0,0.0,0.0,0.0,0.0,0.0,0.0,0.0,0.0,0.0,0.0,0.0,69.2,0,150,71,55,65476,0,300,0,1,8,20529,65476,0,0,40632,65.0,0.0,0.0,0.0,0.0,0.0
2026-09-04T20:09:39,ERR,ERR,ERR,ERR,ERR,ERR,ERR,ERR,ERR,ERR,ERR,ERR,ERR,ERR,ERR,ERR,ERR,ERR,ERR,ERR,ERR,ERR,ERR,ERR,ERR,ERR,ERR,ERR,ERR,ERR,ERR,ERR,ERR,ERR,ERR,ERR,ERR,ERR,ERR,ERR,ERR,ERR,ERR,ERR,ERR,ERR,ERR,ERR,ERR,ERR,ERR,ERR,ERR,ERR,ERR,ERR,ERR,ERR,ERR,ERR,ERR,ERR,ERR,ERR,ERR,ERR,ERR,ERR,ERR,ERR,ERR,ERR,ERR,ERR,ERR,ERR,ERR,ERR,ERR,ERR,ERR,ERR,ERR,ERR,ERR,ERR,ERR,ERR,ERR,ERR,ERR,ERR,ERR,ERR,ERR,ERR,ERR,ERR,ERR,ERR,ERR,ERR,ERR,ERR,ERR,ERR,ERR,ERR,ERR,ERR,ERR,ERR,ERR,ERR,ERR,ERR,ERR,ERR,ERR,ERR,ERR,ERR,ERR,ERR,ERR,2.718430741444032e+23,2.7184312818759872e+23,0.0,0.0,0.0,1.3936040501711995e+18,7.805,0.0,0,0,4,0,7116,0.0,100,0.0,0.0,0.0,0.0,0.0,0,0,0,0,0.0,0,0,0,0,0,0,0,0,0,0,0,0,0,0,0,0,0,0,0,0,0,0,0,0,0,0,0,0,0,0,0,0,0,31,40,40,71,65476,0,300,0,0,8,21553,0.0,-107605600.0,0.0,0.0,0.0,0.0,0.0,0.0,0.0,0.0,0.0,0.0,0.0,0.0,0.0,0.0,0.0,0.0,0.0,0.0,0.0,0.0,0.0,-2.004,-2.004,0.0,0.0,0.0,0.0,0.0,6184.0,8608220160.0,6922.0,2.718430741444032e+23,2.7184312818759872e+23,-0.0,2.718430741444032e+23,0.0,0.0,0.0,0.0,69,-0.0,-0.0,0.0,0.0,0.0,0.0,0.0,0.0,0.0,0,0,0,0.0,0.0,0.0,0.0,0.0,0.0,0.0,0.0,0.0,0.0,0.0,0.0,0.0,0.0,0.0,0.0,0,-107875648.0,69,0.0,138,0.0,-109447200.0,0,13107,17040,39322,17049,26215,17043,0,0,0,70,68,100,2.7302359370752657e+23,71.1,2.7302370179391762e+23,74.3,-0.0,74.0,1,49,50,180,13107,0,0,0,0.0,0.0,0.0,0.0,-0.0,67.0,0.0,162057.094,0.0,751,0,740,0,0,0,721,0,768,0,737,0,743,0,742,0,712,0,7520,0.032,108984795136.0,0.0,0.0,784,16797,-0.0,162057.094,-114818.039,-0.0,0.133,6.909358625270745e+28,30.0,65.0,35,0.0,0.0,0.0,0.0,0.0,0.0,0.0,0.0,0.0,0.0,0.0,0.0,0.0,0.0,0.0,0.0,69.2,0,150,71,55,65476,0,300,0,1,8,20529,65476,0,0,40632,65.0,0.0,0.0,0.0,0.0,0.0
2026-09-04T20:09:40,ERR,ERR,ERR,ERR,ERR,ERR,ERR,ERR,ERR,ERR,ERR,ERR,ERR,ERR,ERR,ERR,ERR,ERR,ERR,ERR,ERR,ERR,ERR,ERR,ERR,ERR,ERR,ERR,ERR,ERR,ERR,ERR,ERR,ERR,ERR,ERR,ERR,ERR,ERR,ERR,ERR,ERR,ERR,ERR,ERR,ERR,ERR,ERR,ERR,ERR,ERR,ERR,ERR,ERR,ERR,ERR,ERR,ERR,ERR,ERR,ERR,ERR,ERR,ERR,ERR,ERR,ERR,ERR,ERR,ERR,ERR,ERR,ERR,ERR,ERR,ERR,ERR,ERR,ERR,ERR,ERR,ERR,ERR,ERR,ERR,ERR,ERR,ERR,ERR,ERR,ERR,ERR,ERR,ERR,ERR,ERR,ERR,ERR,ERR,ERR,ERR,ERR,ERR,ERR,ERR,ERR,ERR,ERR,ERR,ERR,ERR,ERR,ERR,ERR,ERR,ERR,ERR,ERR,ERR,ERR,ERR,ERR,ERR,ERR,ERR,2.718430741444032e+23,2.7184312818759872e+23,0.0,0.0,0.0,1.3936040501711995e+18,7.805,0.0,0,0,4,0,7116,0.0,100,0.0,0.0,0.0,0.0,0.0,0,0,0,0,0.0,0,0,0,0,0,0,0,0,0,0,0,0,0,0,0,0,0,0,0,0,0,0,0,0,0,0,0,0,0,0,0,0,0,31,40,40,71,65476,0,300,0,0,8,21553,0.0,-107605600.0,0.0,0.0,0.0,0.0,0.0,0.0,0.0,0.0,0.0,0.0,0.0,0.0,0.0,0.0,0.0,0.0,0.0,0.0,0.0,0.0,0.0,-2.004,-2.004,0.0,0.0,0.0,0.0,0.0,6184.0,8608220160.0,6922.0,2.718430741444032e+23,2.7184312818759872e+23,-0.0,2.718430741444032e+23,0.0,0.0,0.0,0.0,69,-0.0,-0.0,0.0,0.0,0.0,0.0,0.0,0.0,0.0,0,0,0,0.0,0.0,0.0,0.0,0.0,0.0,0.0,0.0,0.0,0.0,0.0,0.0,0.0,0.0,0.0,0.0,0,-107875648.0,69,0.0,138,0.0,-109447200.0,0,13107,17040,39322,17049,26215,17043,0,0,0,70,68,100,2.7302359370752657e+23,71.1,2.7302370179391762e+23,74.3,-0.0,74.0,1,49,50,180,13107,0,0,0,0.0,0.0,0.0,0.0,-0.0,67.0,0.0,162057.094,0.0,751,0,740,0,0,0,721,0,768,0,737,0,743,0,742,0,712,0,7520,0.032,108984795136.0,0.0,0.0,784,16797,-0.0,162057.094,-114818.039,-0.0,0.133,6.909358625270745e+28,30.0,65.0,35,0.0,0.0,0.0,0.0,0.0,0.0,0.0,0.0,0.0,0.0,0.0,0.0,0.0,0.0,0.0,0.0,69.6,0,150,71,55,65476,0,300,0,1,8,20529,65476,0,0,40632,65.0,0.0,0.0,0.0,0.0,0.0
2026-09-04T20:09:41,ERR,ERR,ERR,ERR,ERR,ERR,ERR,ERR,ERR,ERR,ERR,ERR,ERR,ERR,ERR,ERR,ERR,ERR,ERR,ERR,ERR,ERR,ERR,ERR,ERR,ERR,ERR,ERR,ERR,ERR,ERR,ERR,ERR,ERR,ERR,ERR,ERR,ERR,ERR,ERR,ERR,ERR,ERR,ERR,ERR,ERR,ERR,ERR,ERR,ERR,ERR,ERR,ERR,ERR,ERR,ERR,ERR,ERR,ERR,ERR,ERR,ERR,ERR,ERR,ERR,ERR,ERR,ERR,ERR,ERR,ERR,ERR,ERR,ERR,ERR,ERR,ERR,ERR,ERR,ERR,ERR,ERR,ERR,ERR,ERR,ERR,ERR,ERR,ERR,ERR,ERR,ERR,ERR,ERR,ERR,ERR,ERR,ERR,ERR,ERR,ERR,ERR,ERR,ERR,ERR,ERR,ERR,ERR,ERR,ERR,ERR,ERR,ERR,ERR,ERR,ERR,ERR,ERR,ERR,ERR,ERR,ERR,ERR,ERR,ERR,2.718430741444032e+23,2.7184312818759872e+23,0.0,0.0,0.0,1.3936040501711995e+18,7.805,0.0,0,0,4,0,7116,0.0,100,0.0,0.0,0.0,0.0,0.0,0,0,0,0,0.0,0,0,0,0,0,0,0,0,0,0,0,0,0,0,0,0,0,0,0,0,0,0,0,0,0,0,0,0,0,0,0,0,0,31,40,40,71,65476,0,300,0,0,8,21553,0.0,-107605600.0,0.0,0.0,0.0,0.0,0.0,0.0,0.0,0.0,0.0,0.0,0.0,0.0,0.0,0.0,0.0,0.0,0.0,0.0,0.0,0.0,0.0,-2.004,-2.004,0.0,0.0,0.0,0.0,0.0,6184.0,8608220160.0,6922.0,2.718430741444032e+23,2.7184312818759872e+23,-0.0,2.718430741444032e+23,0.0,0.0,0.0,0.0,69,-0.0,-0.0,0.0,0.0,0.0,0.0,0.0,0.0,0.0,0,0,0,0.0,0.0,0.0,0.0,0.0,0.0,0.0,0.0,0.0,0.0,0.0,0.0,0.0,0.0,0.0,0.0,0,-107875648.0,69,0.0,138,0.0,-109447200.0,0,13107,17040,39322,17049,26215,17043,0,0,0,70,68,100,2.7302359370752657e+23,71.1,2.7302370179391762e+23,74.3,-0.0,74.0,1,49,50,180,13107,0,0,0,0.0,0.0,0.0,0.0,-0.0,67.0,0.0,162057.094,0.0,751,0,740,0,0,0,721,0,768,0,737,0,743,0,742,0,712,0,7520,0.032,108984795136.0,0.0,0.0,784,16797,-0.0,162057.094,-114818.039,-0.0,0.133,6.909358625270745e+28,30.0,65.0,35,0.0,0.0,0.0,0.0,0.0,0.0,0.0,0.0,0.0,0.0,0.0,0.0,0.0,0.0,0.0,0.0,69.6,0,150,71,55,65476,0,300,0,1,8,20529,65476,0,0,40632,65.0,0.0,0.0,0.0,0.0,0.0
2026-09-04T20:09:42,ERR,ERR,ERR,ERR,ERR,ERR,ERR,ERR,ERR,ERR,ERR,ERR,ERR,ERR,ERR,ERR,ERR,ERR,ERR,ERR,ERR,ERR,ERR,ERR,ERR,ERR,ERR,ERR,ERR,ERR,ERR,ERR,ERR,ERR,ERR,ERR,ERR,ERR,ERR,ERR,ERR,ERR,ERR,ERR,ERR,ERR,ERR,ERR,ERR,ERR,ERR,ERR,ERR,ERR,ERR,ERR,ERR,ERR,ERR,ERR,ERR,ERR,ERR,ERR,ERR,ERR,ERR,ERR,ERR,ERR,ERR,ERR,ERR,ERR,ERR,ERR,ERR,ERR,ERR,ERR,ERR,ERR,ERR,ERR,ERR,ERR,ERR,ERR,ERR,ERR,ERR,ERR,ERR,ERR,ERR,ERR,ERR,ERR,ERR,ERR,ERR,ERR,ERR,ERR,ERR,ERR,ERR,ERR,ERR,ERR,ERR,ERR,ERR,ERR,ERR,ERR,ERR,ERR,ERR,ERR,ERR,ERR,ERR,ERR,ERR,2.718430741444032e+23,2.7184312818759872e+23,0.0,0.0,0.0,1.3936040501711995e+18,7.805,0.0,0,0,4,0,7116,0.0,100,0.0,0.0,0.0,0.0,0.0,0,0,0,0,0.0,0,0,0,0,0,0,0,0,0,0,0,0,0,0,0,0,0,0,0,0,0,0,0,0,0,0,0,0,0,0,0,0,0,31,40,40,71,65476,0,300,0,0,8,21553,0.0,-107605600.0,0.0,0.0,0.0,0.0,0.0,0.0,0.0,0.0,0.0,0.0,0.0,0.0,0.0,0.0,0.0,0.0,0.0,0.0,0.0,0.0,0.0,-2.004,-2.004,0.0,0.0,0.0,0.0,0.0,6184.0,8608220160.0,6922.0,2.718430741444032e+23,2.7184312818759872e+23,-0.0,2.718430741444032e+23,0.0,0.0,0.0,0.0,69,-0.0,-0.0,0.0,0.0,0.0,0.0,0.0,0.0,0.0,0,0,0,0.0,0.0,0.0,0.0,0.0,0.0,0.0,0.0,0.0,0.0,0.0,0.0,0.0,0.0,0.0,0.0,0,-107875648.0,69,0.0,138,0.0,-109447200.0,0,13107,17040,26215,17049,13107,17043,0,0,0,70,68,100,2.7302359370752657e+23,71.2,2.7302370179391762e+23,74.2,-0.0,74.0,1,49,50,180,13107,0,0,0,0.0,0.0,0.0,0.0,-0.0,67.0,0.0,162057.094,0.0,751,0,739,0,0,0,721,0,768,0,736,0,742,0,741,0,712,0,7520,0.032,108447924224.0,0.0,0.0,784,16797,-0.0,162057.094,-114818.039,-0.0,0.133,6.909358625270745e+28,30.0,65.0,35,0.0,0.0,0.0,0.0,0.0,0.0,0.0,0.0,0.0,0.0,0.0,0.0,0.0,0.0,0.0,0.0,69.2,0,150,71,55,65476,0,300,0,1,8,20529,65476,0,0,40632,65.0,0.0,0.0,0.0,0.0,0.0
2026-09-04T20:09:43,ERR,ERR,ERR,ERR,ERR,ERR,ERR,ERR,ERR,ERR,ERR,ERR,ERR,ERR,ERR,ERR,ERR,ERR,ERR,ERR,ERR,ERR,ERR,ERR,ERR,ERR,ERR,ERR,ERR,ERR,ERR,ERR,ERR,ERR,ERR,ERR,ERR,ERR,ERR,ERR,ERR,ERR,ERR,ERR,ERR,ERR,ERR,ERR,ERR,ERR,ERR,ERR,ERR,ERR,ERR,ERR,ERR,ERR,ERR,ERR,ERR,ERR,ERR,ERR,ERR,ERR,ERR,ERR,ERR,ERR,ERR,ERR,ERR,ERR,ERR,ERR,ERR,ERR,ERR,ERR,ERR,ERR,ERR,ERR,ERR,ERR,ERR,ERR,ERR,ERR,ERR,ERR,ERR,ERR,ERR,ERR,ERR,ERR,ERR,ERR,ERR,ERR,ERR,ERR,ERR,ERR,ERR,ERR,ERR,ERR,ERR,ERR,ERR,ERR,ERR,ERR,ERR,ERR,ERR,ERR,ERR,ERR,ERR,ERR,ERR,2.718430741444032e+23,2.7184312818759872e+23,0.0,0.0,0.0,1.3936040501711995e+18,7.805,0.0,0,0,4,0,7116,0.0,100,0.0,0.0,0.0,0.0,0.0,0,0,0,0,0.0,0,0,0,0,0,0,0,0,0,0,0,0,0,0,0,0,0,0,0,0,0,0,0,0,0,0,0,0,0,0,0,0,0,31,40,40,71,65476,0,300,0,0,8,21553,0.0,-107605600.0,0.0,0.0,0.0,0.0,0.0,0.0,0.0,0.0,0.0,0.0,0.0,0.0,0.0,0.0,0.0,0.0,0.0,0.0,0.0,0.0,0.0,-2.004,-2.004,0.0,0.0,0.0,0.0,0.0,6184.0,8608220160.0,6922.0,2.718430741444032e+23,2.7184312818759872e+23,-0.0,2.718430741444032e+23,0.0,0.0,0.0,0.0,69,-0.0,-0.0,0.0,0.0,0.0,0.0,0.0,0.0,0.0,0,0,0,0.0,0.0,0.0,0.0,0.0,0.0,0.0,0.0,0.0,0.0,0.0,0.0,0.0,0.0,0.0,0.0,0,-107875648.0,69,0.0,138,0.0,-109447200.0,0,13107,17040,26215,17049,13107,17043,0,0,0,70,68,100,2.7302359370752657e+23,71.2,2.7302370179391762e+23,74.2,-0.0,74.0,1,49,50,180,13107,0,0,0,0.0,0.0,0.0,0.0,-0.0,67.0,0.0,162057.094,0.0,751,0,739,0,0,0,721,0,768,0,736,0,742,0,741,0,712,0,7520,0.032,108447924224.0,0.0,0.0,784,16797,-0.0,162057.094,-114818.039,-0.0,0.133,6.909358625270745e+28,30.0,65.0,35,0.0,0.0,0.0,0.0,0.0,0.0,0.0,0.0,0.0,0.0,0.0,0.0,0.0,0.0,0.0,0.0,69.2,0,150,71,55,65476,0,300,0,1,8,20529,65476,0,0,40632,65.0,0.0,0.0,0.0,0.0,0.0
2026-09-04T20:09:44,ERR,ERR,ERR,ERR,ERR,ERR,ERR,ERR,ERR,ERR,ERR,ERR,ERR,ERR,ERR,ERR,ERR,ERR,ERR,ERR,ERR,ERR,ERR,ERR,ERR,ERR,ERR,ERR,ERR,ERR,ERR,ERR,ERR,ERR,ERR,ERR,ERR,ERR,ERR,ERR,ERR,ERR,ERR,ERR,ERR,ERR,ERR,ERR,ERR,ERR,ERR,ERR,ERR,ERR,ERR,ERR,ERR,ERR,ERR,ERR,ERR,ERR,ERR,ERR,ERR,ERR,ERR,ERR,ERR,ERR,ERR,ERR,ERR,ERR,ERR,ERR,ERR,ERR,ERR,ERR,ERR,ERR,ERR,ERR,ERR,ERR,ERR,ERR,ERR,ERR,ERR,ERR,ERR,ERR,ERR,ERR,ERR,ERR,ERR,ERR,ERR,ERR,ERR,ERR,ERR,ERR,ERR,ERR,ERR,ERR,ERR,ERR,ERR,ERR,ERR,ERR,ERR,ERR,ERR,ERR,ERR,ERR,ERR,ERR,ERR,2.718430741444032e+23,2.7184312818759872e+23,0.0,0.0,0.0,1.3936040501711995e+18,7.805,0.0,0,0,4,0,7116,0.0,100,0.0,0.0,0.0,0.0,0.0,0,0,0,0,0.0,0,0,0,0,0,0,0,0,0,0,0,0,0,0,0,0,0,0,0,0,0,0,0,0,0,0,0,0,0,0,0,0,0,31,40,40,71,65476,0,300,0,0,8,21553,0.0,-107605600.0,0.0,0.0,0.0,0.0,0.0,0.0,0.0,0.0,0.0,0.0,0.0,0.0,0.0,0.0,0.0,0.0,0.0,0.0,0.0,0.0,0.0,-2.004,-2.004,0.0,0.0,0.0,0.0,0.0,6184.0,8608220160.0,6922.0,2.718430741444032e+23,2.7184312818759872e+23,-0.0,2.718430741444032e+23,0.0,0.0,0.0,0.0,69,-0.0,-0.0,0.0,0.0,0.0,0.0,0.0,0.0,0.0,0,0,0,0.0,0.0,0.0,0.0,0.0,0.0,0.0,0.0,0.0,0.0,0.0,0.0,0.0,0.0,0.0,0.0,0,-107875648.0,69,0.0,138,0.0,-109447200.0,0,13107,17040,26215,17049,13107,17043,0,0,0,70,68,100,2.7302359370752657e+23,71.2,2.7302370179391762e+23,74.2,-0.0,74.0,1,49,50,180,13107,0,0,0,0.0,0.0,0.0,0.0,-0.0,67.0,0.0,162057.094,0.0,751,0,739,0,0,0,721,0,768,0,736,0,742,0,741,0,712,0,7520,0.032,108447924224.0,0.0,0.0,784,16797,-0.0,162057.094,-114818.039,-0.0,0.133,6.909358625270745e+28,30.0,65.0,35,0.0,0.0,0.0,0.0,0.0,0.0,0.0,0.0,0.0,0.0,0.0,0.0,0.0,0.0,0.0,0.0,69.2,0,150,71,55,65476,0,300,0,1,8,20529,65476,0,0,40632,65.0,0.0,0.0,0.0,0.0,0.0
2026-09-04T20:09:45,ERR,ERR,ERR,ERR,ERR,ERR,ERR,ERR,ERR,ERR,ERR,ERR,ERR,ERR,ERR,ERR,ERR,ERR,ERR,ERR,ERR,ERR,ERR,ERR,ERR,ERR,ERR,ERR,ERR,ERR,ERR,ERR,ERR,ERR,ERR,ERR,ERR,ERR,ERR,ERR,ERR,ERR,ERR,ERR,ERR,ERR,ERR,ERR,ERR,ERR,ERR,ERR,ERR,ERR,ERR,ERR,ERR,ERR,ERR,ERR,ERR,ERR,ERR,ERR,ERR,ERR,ERR,ERR,ERR,ERR,ERR,ERR,ERR,ERR,ERR,ERR,ERR,ERR,ERR,ERR,ERR,ERR,ERR,ERR,ERR,ERR,ERR,ERR,ERR,ERR,ERR,ERR,ERR,ERR,ERR,ERR,ERR,ERR,ERR,ERR,ERR,ERR,ERR,ERR,ERR,ERR,ERR,ERR,ERR,ERR,ERR,ERR,ERR,ERR,ERR,ERR,ERR,ERR,ERR,ERR,ERR,ERR,ERR,ERR,ERR,2.718430741444032e+23,2.7184312818759872e+23,0.0,0.0,0.0,1.3936040501711995e+18,7.805,0.0,0,0,4,0,7116,0.0,100,0.0,0.0,0.0,0.0,0.0,0,0,0,0,0.0,0,0,0,0,0,0,0,0,0,0,0,0,0,0,0,0,0,0,0,0,0,0,0,0,0,0,0,0,0,0,0,0,0,31,40,40,71,65476,0,300,0,0,8,21553,0.0,-107605600.0,0.0,0.0,0.0,0.0,0.0,0.0,0.0,0.0,0.0,0.0,0.0,0.0,0.0,0.0,0.0,0.0,0.0,0.0,0.0,0.0,0.0,-2.004,-2.004,0.0,0.0,0.0,0.0,0.0,6181.0,-1.0406699612351174e+34,6943.0,2.718430741444032e+23,2.7184312818759872e+23,-0.0,2.718430741444032e+23,0.0,0.0,0.0,0.0,69,-0.0,89220.938,0.0,0.0,0.0,0.0,0.0,0.0,0.0,0,0,0,0.0,0.0,0.0,0.0,0.0,0.0,0.0,0.0,0.0,0.0,0.0,0.0,0.0,0.0,0.0,0.0,0,-107875648.0,69,0.0,138,0.0,-109447200.0,0,13107,17040,26215,17049,13107,17043,0,0,0,70,68,100,2.7302359370752657e+23,71.2,2.7302370179391762e+23,74.2,-0.0,74.0,1,49,50,180,13107,0,0,0,0.0,0.0,0.0,0.0,-0.0,67.0,0.0,162057.094,0.0,751,0,739,0,0,0,721,0,768,0,736,0,742,0,741,0,712,0,7520,0.032,108447924224.0,0.0,0.0,784,16797,-0.0,162057.094,-114818.039,-0.0,0.133,6.909358625270745e+28,30.0,65.0,35,0.0,0.0,0.0,0.0,0.0,0.0,0.0,0.0,0.0,0.0,0.0,0.0,0.0,0.0,0.0,0.0,69.2,0,150,71,55,65476,0,300,0,1,8,20529,65476,0,0,40632,65.0,0.0,0.0,0.0,0.0,0.0
2026-09-04T20:09:46,ERR,ERR,ERR,ERR,ERR,ERR,ERR,ERR,ERR,ERR,ERR,ERR,ERR,ERR,ERR,ERR,ERR,ERR,ERR,ERR,ERR,ERR,ERR,ERR,ERR,ERR,ERR,ERR,ERR,ERR,ERR,ERR,ERR,ERR,ERR,ERR,ERR,ERR,ERR,ERR,ERR,ERR,ERR,ERR,ERR,ERR,ERR,ERR,ERR,ERR,ERR,ERR,ERR,ERR,ERR,ERR,ERR,ERR,ERR,ERR,ERR,ERR,ERR,ERR,ERR,ERR,ERR,ERR,ERR,ERR,ERR,ERR,ERR,ERR,ERR,ERR,ERR,ERR,ERR,ERR,ERR,ERR,ERR,ERR,ERR,ERR,ERR,ERR,ERR,ERR,ERR,ERR,ERR,ERR,ERR,ERR,ERR,ERR,ERR,ERR,ERR,ERR,ERR,ERR,ERR,ERR,ERR,ERR,ERR,ERR,ERR,ERR,ERR,ERR,ERR,ERR,ERR,ERR,ERR,ERR,ERR,ERR,ERR,ERR,ERR,2.718430741444032e+23,2.7184312818759872e+23,0.0,0.0,0.0,1.3936040501711995e+18,7.805,0.0,0,0,4,0,7116,0.0,100,0.0,0.0,0.0,0.0,0.0,0,0,0,0,0.0,0,0,0,0,0,0,0,0,0,0,0,0,0,0,0,0,0,0,0,0,0,0,0,0,0,0,0,0,0,0,0,0,0,31,40,40,71,65476,0,300,0,0,8,21553,0.0,-107605600.0,0.0,0.0,0.0,0.0,0.0,0.0,0.0,0.0,0.0,0.0,0.0,0.0,0.0,0.0,0.0,0.0,0.0,0.0,0.0,0.0,0.0,-2.004,-2.004,0.0,0.0,0.0,0.0,0.0,6181.0,-1.0406699612351174e+34,6943.0,2.718430741444032e+23,2.7184312818759872e+23,-0.0,2.718430741444032e+23,0.0,0.0,0.0,0.0,69,-0.0,89220.938,0.0,0.0,0.0,0.0,0.0,0.0,0.0,0,0,0,0.0,0.0,0.0,0.0,0.0,0.0,0.0,0.0,0.0,0.0,0.0,0.0,0.0,0.0,0.0,0.0,0,-107875648.0,69,0.0,138,0.0,-109447200.0,0,13107,17040,26215,17049,13107,17043,0,0,0,70,68,100,2.7302359370752657e+23,71.2,2.7302370179391762e+23,74.2,-0.0,74.0,1,49,50,180,13107,0,0,0,0.0,0.0,0.0,0.0,-0.0,67.0,0.0,162057.094,0.0,751,0,739,0,0,0,721,0,768,0,736,0,742,0,741,0,712,0,7520,0.032,108447924224.0,0.0,0.0,784,16797,-0.0,162057.094,-114818.039,-0.0,0.133,6.909358625270745e+28,30.0,65.0,35,0.0,0.0,0.0,0.0,0.0,0.0,0.0,0.0,0.0,0.0,0.0,0.0,0.0,0.0,0.0,0.0,69.2,0,150,71,55,65476,0,300,0,1,8,20529,65476,0,0,40632,65.0,0.0,0.0,0.0,0.0,0.0
2026-09-04T20:09:47,ERR,ERR,ERR,ERR,ERR,ERR,ERR,ERR,ERR,ERR,ERR,ERR,ERR,ERR,ERR,ERR,ERR,ERR,ERR,ERR,ERR,ERR,ERR,ERR,ERR,ERR,ERR,ERR,ERR,ERR,ERR,ERR,ERR,ERR,ERR,ERR,ERR,ERR,ERR,ERR,ERR,ERR,ERR,ERR,ERR,ERR,ERR,ERR,ERR,ERR,ERR,ERR,ERR,ERR,ERR,ERR,ERR,ERR,ERR,ERR,ERR,ERR,ERR,ERR,ERR,ERR,ERR,ERR,ERR,ERR,ERR,ERR,ERR,ERR,ERR,ERR,ERR,ERR,ERR,ERR,ERR,ERR,ERR,ERR,ERR,ERR,ERR,ERR,ERR,ERR,ERR,ERR,ERR,ERR,ERR,ERR,ERR,ERR,ERR,ERR,ERR,ERR,ERR,ERR,ERR,ERR,ERR,ERR,ERR,ERR,ERR,ERR,ERR,ERR,ERR,ERR,ERR,ERR,ERR,ERR,ERR,ERR,ERR,ERR,ERR,2.718430741444032e+23,2.7184312818759872e+23,0.0,0.0,0.0,1.3936040501711995e+18,7.805,0.0,0,0,4,0,7116,0.0,100,0.0,0.0,0.0,0.0,0.0,0,0,0,0,0.0,0,0,0,0,0,0,0,0,0,0,0,0,0,0,0,0,0,0,0,0,0,0,0,0,0,0,0,0,0,0,0,0,0,31,40,40,71,65476,0,300,0,0,8,21553,0.0,-107605600.0,0.0,0.0,0.0,0.0,0.0,0.0,0.0,0.0,0.0,0.0,0.0,0.0,0.0,0.0,0.0,0.0,0.0,0.0,0.0,0.0,0.0,-2.004,-2.004,0.0,0.0,0.0,0.0,0.0,6181.0,-1.0406699612351174e+34,6943.0,2.718430741444032e+23,2.7184312818759872e+23,-0.0,2.718430741444032e+23,0.0,0.0,0.0,0.0,69,-0.0,89220.938,0.0,0.0,0.0,0.0,0.0,0.0,0.0,0,0,0,0.0,0.0,0.0,0.0,0.0,0.0,0.0,0.0,0.0,0.0,0.0,0.0,0.0,0.0,0.0,0.0,0,-107875648.0,69,0.0,138,0.0,-109447200.0,0,13107,17040,39322,17049,13107,17043,0,0,0,70,68,100,2.7302359370752657e+23,71.2,2.7302370179391762e+23,74.3,-0.0,74.0,1,49,50,180,13107,0,0,0,0.0,0.0,0.0,0.0,-0.0,67.0,0.0,162057.094,0.0,751,0,740,0,0,0,721,0,767,0,736,0,742,0,742,0,712,0,7520,0.032,108447924224.0,0.0,0.0,784,16797,-0.0,162057.094,-114818.039,-0.0,0.133,6.909358625270745e+28,30.0,65.0,35,0.0,0.0,0.0,0.0,0.0,0.0,0.0,0.0,0.0,0.0,0.0,0.0,0.0,0.0,0.0,0.0,69.2,0,150,71,55,65476,0,300,0,1,8,20529,65476,0,0,40632,65.0,0.0,0.0,0.0,0.0,0.0
2026-09-04T20:09:48,ERR,ERR,ERR,ERR,ERR,ERR,ERR,ERR,ERR,ERR,ERR,ERR,ERR,ERR,ERR,ERR,ERR,ERR,ERR,ERR,ERR,ERR,ERR,ERR,ERR,ERR,ERR,ERR,ERR,ERR,ERR,ERR,ERR,ERR,ERR,ERR,ERR,ERR,ERR,ERR,ERR,ERR,ERR,ERR,ERR,ERR,ERR,ERR,ERR,ERR,ERR,ERR,ERR,ERR,ERR,ERR,ERR,ERR,ERR,ERR,ERR,ERR,ERR,ERR,ERR,ERR,ERR,ERR,ERR,ERR,ERR,ERR,ERR,ERR,ERR,ERR,ERR,ERR,ERR,ERR,ERR,ERR,ERR,ERR,ERR,ERR,ERR,ERR,ERR,ERR,ERR,ERR,ERR,ERR,ERR,ERR,ERR,ERR,ERR,ERR,ERR,ERR,ERR,ERR,ERR,ERR,ERR,ERR,ERR,ERR,ERR,ERR,ERR,ERR,ERR,ERR,ERR,ERR,ERR,ERR,ERR,ERR,ERR,ERR,ERR,2.718430741444032e+23,2.7184312818759872e+23,0.0,0.0,0.0,1.3936040501711995e+18,7.805,0.0,0,0,4,0,7116,0.0,100,0.0,0.0,0.0,0.0,0.0,0,0,0,0,0.0,0,0,0,0,0,0,0,0,0,0,0,0,0,0,0,0,0,0,0,0,0,0,0,0,0,0,0,0,0,0,0,0,0,31,40,40,71,65476,0,300,0,0,8,21553,0.0,-107605600.0,0.0,0.0,0.0,0.0,0.0,0.0,0.0,0.0,0.0,0.0,0.0,0.0,0.0,0.0,0.0,0.0,0.0,0.0,0.0,0.0,0.0,-2.004,-2.004,0.0,0.0,0.0,0.0,0.0,6181.0,-1.0406699612351174e+34,6943.0,2.718430741444032e+23,2.7184312818759872e+23,-0.0,2.718430741444032e+23,0.0,0.0,0.0,0.0,69,-0.0,89220.938,0.0,0.0,0.0,0.0,0.0,0.0,0.0,0,0,0,0.0,0.0,0.0,0.0,0.0,0.0,0.0,0.0,0.0,0.0,0.0,0.0,0.0,0.0,0.0,0.0,0,-107875648.0,69,0.0,138,0.0,-109447200.0,0,13107,17040,39322,17049,13107,17043,0,0,0,70,68,100,2.7302359370752657e+23,71.2,2.7302370179391762e+23,74.3,-0.0,74.0,1,49,50,180,13107,0,0,0,0.0,0.0,0.0,0.0,-0.0,67.0,0.0,162057.094,0.0,751,0,740,0,0,0,721,0,767,0,736,0,742,0,742,0,712,0,7520,0.032,108447924224.0,0.0,0.0,784,16797,-0.0,162057.094,-114818.039,-0.0,0.133,6.909358625270745e+28,30.0,65.0,35,0.0,0.0,0.0,0.0,0.0,0.0,0.0,0.0,0.0,0.0,0.0,0.0,0.0,0.0,0.0,0.0,69.2,0,150,71,55,65476,0,300,0,1,8,20529,65476,0,0,40632,65.0,0.0,0.0,0.0,0.0,0.0
2026-09-04T20:09:49,ERR,ERR,ERR,ERR,ERR,ERR,ERR,ERR,ERR,ERR,ERR,ERR,ERR,ERR,ERR,ERR,ERR,ERR,ERR,ERR,ERR,ERR,ERR,ERR,ERR,ERR,ERR,ERR,ERR,ERR,ERR,ERR,ERR,ERR,ERR,ERR,ERR,ERR,ERR,ERR,ERR,ERR,ERR,ERR,ERR,ERR,ERR,ERR,ERR,ERR,ERR,ERR,ERR,ERR,ERR,ERR,ERR,ERR,ERR,ERR,ERR,ERR,ERR,ERR,ERR,ERR,ERR,ERR,ERR,ERR,ERR,ERR,ERR,ERR,ERR,ERR,ERR,ERR,ERR,ERR,ERR,ERR,ERR,ERR,ERR,ERR,ERR,ERR,ERR,ERR,ERR,ERR,ERR,ERR,ERR,ERR,ERR,ERR,ERR,ERR,ERR,ERR,ERR,ERR,ERR,ERR,ERR,ERR,ERR,ERR,ERR,ERR,ERR,ERR,ERR,ERR,ERR,ERR,ERR,ERR,ERR,ERR,ERR,ERR,ERR,2.718430741444032e+23,2.7184312818759872e+23,0.0,0.0,0.0,1.3936040501711995e+18,7.805,0.0,0,0,4,0,7116,0.0,100,0.0,0.0,0.0,0.0,0.0,0,0,0,0,0.0,0,0,0,0,0,0,0,0,0,0,0,0,0,0,0,0,0,0,0,0,0,0,0,0,0,0,0,0,0,0,0,0,0,31,40,40,71,65476,0,300,0,0,8,21553,0.0,-107605600.0,0.0,0.0,0.0,0.0,0.0,0.0,0.0,0.0,0.0,0.0,0.0,0.0,0.0,0.0,0.0,0.0,0.0,0.0,0.0,0.0,0.0,-2.004,-2.004,0.0,0.0,0.0,0.0,0.0,6181.0,-1.0406699612351174e+34,6943.0,2.718430741444032e+23,2.7184312818759872e+23,-0.0,2.718430741444032e+23,0.0,0.0,0.0,0.0,69,-0.0,89220.938,0.0,0.0,0.0,0.0,0.0,0.0,0.0,0,0,0,0.0,0.0,0.0,0.0,0.0,0.0,0.0,0.0,0.0,0.0,0.0,0.0,0.0,0.0,0.0,0.0,0,-107875648.0,69,0.0,138,0.0,-109447200.0,0,13107,17040,39322,17049,13107,17043,0,0,0,70,68,100,2.7302359370752657e+23,71.2,2.7302370179391762e+23,74.3,-0.0,74.0,1,49,50,180,13107,0,0,0,0.0,0.0,0.0,0.0,-0.0,67.0,0.0,162057.094,0.0,751,0,740,0,0,0,721,0,767,0,736,0,742,0,742,0,712,0,7520,0.032,108447924224.0,0.0,0.0,784,16797,-0.0,162057.094,-114818.039,-0.0,0.133,6.909358625270745e+28,30.0,65.0,35,0.0,0.0,0.0,0.0,0.0,0.0,0.0,0.0,0.0,0.0,0.0,0.0,0.0,0.0,0.0,0.0,69.2,0,150,71,55,65476,0,300,0,1,8,20529,65476,0,0,40632,65.0,0.0,0.0,0.0,0.0,0.0
2026-09-04T20:09:50,ERR,ERR,ERR,ERR,ERR,ERR,ERR,ERR,ERR,ERR,ERR,ERR,ERR,ERR,ERR,ERR,ERR,ERR,ERR,ERR,ERR,ERR,ERR,ERR,ERR,ERR,ERR,ERR,ERR,ERR,ERR,ERR,ERR,ERR,ERR,ERR,ERR,ERR,ERR,ERR,ERR,ERR,ERR,ERR,ERR,ERR,ERR,ERR,ERR,ERR,ERR,ERR,ERR,ERR,ERR,ERR,ERR,ERR,ERR,ERR,ERR,ERR,ERR,ERR,ERR,ERR,ERR,ERR,ERR,ERR,ERR,ERR,ERR,ERR,ERR,ERR,ERR,ERR,ERR,ERR,ERR,ERR,ERR,ERR,ERR,ERR,ERR,ERR,ERR,ERR,ERR,ERR,ERR,ERR,ERR,ERR,ERR,ERR,ERR,ERR,ERR,ERR,ERR,ERR,ERR,ERR,ERR,ERR,ERR,ERR,ERR,ERR,ERR,ERR,ERR,ERR,ERR,ERR,ERR,ERR,ERR,ERR,ERR,ERR,ERR,2.718430741444032e+23,2.7184312818759872e+23,0.0,0.0,0.0,1.3936040501711995e+18,7.805,0.0,0,0,4,0,7116,0.0,100,0.0,0.0,0.0,0.0,0.0,0,0,0,0,0.0,0,0,0,0,0,0,0,0,0,0,0,0,0,0,0,0,0,0,0,0,0,0,0,0,0,0,0,0,0,0,0,0,0,31,40,40,71,65476,0,300,0,0,8,21553,0.0,-107605600.0,0.0,0.0,0.0,0.0,0.0,0.0,0.0,0.0,0.0,0.0,0.0,0.0,0.0,0.0,0.0,0.0,0.0,0.0,0.0,0.0,0.0,-2.004,-2.004,0.0,0.0,0.0,0.0,0.0,6181.0,-1.0406699612351174e+34,6943.0,2.718430741444032e+23,2.7184312818759872e+23,-0.0,2.718430741444032e+23,0.0,0.0,0.0,0.0,69,-0.0,89220.938,0.0,0.0,0.0,0.0,0.0,0.0,0.0,0,0,0,0.0,0.0,0.0,0.0,0.0,0.0,0.0,0.0,0.0,0.0,0.0,0.0,0.0,0.0,0.0,0.0,0,-107875648.0,69,0.0,138,0.0,-109447200.0,0,13107,17040,39322,17049,13107,17043,0,0,0,70,68,100,2.7302359370752657e+23,71.2,2.7302370179391762e+23,74.3,-0.0,74.0,1,49,50,180,13107,0,0,0,0.0,0.0,0.0,0.0,-0.0,67.0,0.0,162057.094,0.0,751,0,740,0,0,0,721,0,767,0,736,0,742,0,742,0,712,0,7520,0.032,108447924224.0,0.0,0.0,784,16797,-0.0,162057.094,-114818.039,-0.0,0.133,6.909358625270745e+28,30.0,65.0,35,0.0,0.0,0.0,0.0,0.0,0.0,0.0,0.0,0.0,0.0,0.0,0.0,0.0,0.0,0.0,0.0,69.2,0,150,71,55,65476,0,300,0,1,8,20529,65476,0,0,40632,65.0,0.0,0.0,0.0,0.0,0.0
2026-09-04T20:09:51,ERR,ERR,ERR,ERR,ERR,ERR,ERR,ERR,ERR,ERR,ERR,ERR,ERR,ERR,ERR,ERR,ERR,ERR,ERR,ERR,ERR,ERR,ERR,ERR,ERR,ERR,ERR,ERR,ERR,ERR,ERR,ERR,ERR,ERR,ERR,ERR,ERR,ERR,ERR,ERR,ERR,ERR,ERR,ERR,ERR,ERR,ERR,ERR,ERR,ERR,ERR,ERR,ERR,ERR,ERR,ERR,ERR,ERR,ERR,ERR,ERR,ERR,ERR,ERR,ERR,ERR,ERR,ERR,ERR,ERR,ERR,ERR,ERR,ERR,ERR,ERR,ERR,ERR,ERR,ERR,ERR,ERR,ERR,ERR,ERR,ERR,ERR,ERR,ERR,ERR,ERR,ERR,ERR,ERR,ERR,ERR,ERR,ERR,ERR,ERR,ERR,ERR,ERR,ERR,ERR,ERR,ERR,ERR,ERR,ERR,ERR,ERR,ERR,ERR,ERR,ERR,ERR,ERR,ERR,ERR,ERR,ERR,ERR,ERR,ERR,2.718430741444032e+23,2.7184312818759872e+23,0.0,0.0,0.0,1.3936040501711995e+18,7.805,0.0,0,0,4,0,7116,0.0,100,0.0,0.0,0.0,0.0,0.0,0,0,0,0,0.0,0,0,0,0,0,0,0,0,0,0,0,0,0,0,0,0,0,0,0,0,0,0,0,0,0,0,0,0,0,0,0,0,0,31,40,40,71,65476,0,300,0,0,8,21553,0.0,-107605600.0,0.0,0.0,0.0,0.0,0.0,0.0,0.0,0.0,0.0,0.0,0.0,0.0,0.0,0.0,0.0,0.0,0.0,0.0,0.0,0.0,0.0,-2.004,-2.004,0.0,0.0,0.0,0.0,0.0,6181.0,-1.0406699612351174e+34,6943.0,2.718430741444032e+23,2.7184312818759872e+23,-0.0,2.718430741444032e+23,0.0,0.0,0.0,0.0,69,-0.0,89220.938,0.0,0.0,0.0,0.0,0.0,0.0,0.0,0,0,0,0.0,0.0,0.0,0.0,0.0,0.0,0.0,0.0,0.0,0.0,0.0,0.0,0.0,0.0,0.0,0.0,0,-107875648.0,69,0.0,138,0.0,-109447200.0,0,13107,17040,39322,17049,13107,17043,0,0,0,70,68,100,2.7302359370752657e+23,71.2,2.7302370179391762e+23,74.3,-0.0,74.0,1,49,50,180,13107,0,0,0,0.0,0.0,0.0,0.0,-0.0,67.0,0.0,162057.094,0.0,751,0,740,0,0,0,721,0,767,0,736,0,742,0,742,0,712,0,7520,0.032,108447924224.0,0.0,0.0,784,16797,-0.0,162057.094,-114818.039,-0.0,0.133,6.909358625270745e+28,30.0,65.0,35,0.0,0.0,0.0,0.0,0.0,0.0,0.0,0.0,0.0,0.0,0.0,0.0,0.0,0.0,0.0,0.0,69.2,0,150,71,55,65476,0,300,0,1,8,20529,65476,0,0,40632,65.0,0.0,0.0,0.0,0.0,0.0
2026-09-04T20:09:52,ERR,ERR,ERR,ERR,ERR,ERR,ERR,ERR,ERR,ERR,ERR,ERR,ERR,ERR,ERR,ERR,ERR,ERR,ERR,ERR,ERR,ERR,ERR,ERR,ERR,ERR,ERR,ERR,ERR,ERR,ERR,ERR,ERR,ERR,ERR,ERR,ERR,ERR,ERR,ERR,ERR,ERR,ERR,ERR,ERR,ERR,ERR,ERR,ERR,ERR,ERR,ERR,ERR,ERR,ERR,ERR,ERR,ERR,ERR,ERR,ERR,ERR,ERR,ERR,ERR,ERR,ERR,ERR,ERR,ERR,ERR,ERR,ERR,ERR,ERR,ERR,ERR,ERR,ERR,ERR,ERR,ERR,ERR,ERR,ERR,ERR,ERR,ERR,ERR,ERR,ERR,ERR,ERR,ERR,ERR,ERR,ERR,ERR,ERR,ERR,ERR,ERR,ERR,ERR,ERR,ERR,ERR,ERR,ERR,ERR,ERR,ERR,ERR,ERR,ERR,ERR,ERR,ERR,ERR,ERR,ERR,ERR,ERR,ERR,ERR,2.718430741444032e+23,2.7184312818759872e+23,0.0,0.0,0.0,1.3936040501711995e+18,7.805,0.0,0,0,4,0,7116,0.0,100,0.0,0.0,0.0,0.0,0.0,0,0,0,0,0.0,0,0,0,0,0,0,0,0,0,0,0,0,0,0,0,0,0,0,0,0,0,0,0,0,0,0,0,0,0,0,0,0,0,31,40,40,71,65476,0,300,0,0,8,21553,0.0,-107605600.0,0.0,0.0,0.0,0.0,0.0,0.0,0.0,0.0,0.0,0.0,0.0,0.0,0.0,0.0,0.0,0.0,0.0,0.0,0.0,0.0,0.0,-2.004,-2.004,0.0,0.0,0.0,0.0,0.0,6220.0,0.0,6916.0,2.718430741444032e+23,2.7184312818759872e+23,-0.0,2.718430741444032e+23,0.0,0.0,0.0,0.0,69,-0.0,5.848074697918395e+35,0.0,0.0,0.0,0.0,0.0,0.0,0.0,0,0,0,0.0,0.0,0.0,0.0,0.0,0.0,0.0,0.0,0.0,0.0,0.0,0.0,0.0,0.0,0.0,0.0,0,-107875648.0,69,0.0,138,0.0,-109447200.0,0,13107,17040,39322,17049,13107,17043,0,0,0,70,68,100,2.7302359370752657e+23,71.2,2.7302370179391762e+23,74.3,-0.0,74.0,1,49,50,180,13107,0,0,0,0.0,0.0,0.0,0.0,-0.0,67.0,0.0,162057.094,0.0,751,0,740,0,0,0,721,0,767,0,736,0,742,0,742,0,712,0,7520,0.032,108447924224.0,0.0,0.0,784,16797,-0.0,162057.094,-114818.039,-0.0,0.133,6.909358625270745e+28,30.0,65.0,35,0.0,0.0,0.0,0.0,0.0,0.0,0.0,0.0,0.0,0.0,0.0,0.0,0.0,0.0,0.0,0.0,69.2,0,150,71,55,65476,0,300,0,1,8,20529,65476,0,0,40632,65.0,0.0,0.0,0.0,0.0,0.0
2026-09-04T20:09:53,ERR,ERR,ERR,ERR,ERR,ERR,ERR,ERR,ERR,ERR,ERR,ERR,ERR,ERR,ERR,ERR,ERR,ERR,ERR,ERR,ERR,ERR,ERR,ERR,ERR,ERR,ERR,ERR,ERR,ERR,ERR,ERR,ERR,ERR,ERR,ERR,ERR,ERR,ERR,ERR,ERR,ERR,ERR,ERR,ERR,ERR,ERR,ERR,ERR,ERR,ERR,ERR,ERR,ERR,ERR,ERR,ERR,ERR,ERR,ERR,ERR,ERR,ERR,ERR,ERR,ERR,ERR,ERR,ERR,ERR,ERR,ERR,ERR,ERR,ERR,ERR,ERR,ERR,ERR,ERR,ERR,ERR,ERR,ERR,ERR,ERR,ERR,ERR,ERR,ERR,ERR,ERR,ERR,ERR,ERR,ERR,ERR,ERR,ERR,ERR,ERR,ERR,ERR,ERR,ERR,ERR,ERR,ERR,ERR,ERR,ERR,ERR,ERR,ERR,ERR,ERR,ERR,ERR,ERR,ERR,ERR,ERR,ERR,ERR,ERR,2.718430741444032e+23,2.7184312818759872e+23,0.0,0.0,0.0,1.3936040501711995e+18,7.805,0.0,0,0,4,0,7116,0.0,100,0.0,0.0,0.0,0.0,0.0,0,0,0,0,0.0,0,0,0,0,0,0,0,0,0,0,0,0,0,0,0,0,0,0,0,0,0,0,0,0,0,0,0,0,0,0,0,0,0,31,40,40,71,65476,0,300,0,0,8,21553,0.0,-107605600.0,0.0,0.0,0.0,0.0,0.0,0.0,0.0,0.0,0.0,0.0,0.0,0.0,0.0,0.0,0.0,0.0,0.0,0.0,0.0,0.0,0.0,-2.004,-2.004,0.0,0.0,0.0,0.0,0.0,6220.0,0.0,6916.0,2.718430741444032e+23,2.7184312818759872e+23,-0.0,2.718430741444032e+23,0.0,0.0,0.0,0.0,69,-0.0,5.848074697918395e+35,0.0,0.0,0.0,0.0,0.0,0.0,0.0,0,0,0,0.0,0.0,0.0,0.0,0.0,0.0,0.0,0.0,0.0,0.0,0.0,0.0,0.0,0.0,0.0,0.0,0,-107875648.0,69,0.0,138,0.0,-109447200.0,0,13107,17040,39322,17049,13107,17043,0,0,0,70,68,100,2.7302359370752657e+23,71.2,2.7302370179391762e+23,74.2,2.7302370179391762e+23,74.0,1,49,50,180,13107,0,0,0,0.0,0.0,0.0,0.0,-0.0,67.0,0.0,162057.094,0.0,751,0,740,0,0,0,721,0,768,0,736,0,742,0,742,0,712,0,7520,0.032,108447924224.0,0.0,0.0,784,16797,-0.0,162057.094,-114818.039,-0.0,0.133,6.909358625270745e+28,30.0,65.0,35,0.0,0.0,0.0,0.0,0.0,0.0,0.0,0.0,0.0,0.0,0.0,0.0,0.0,0.0,0.0,0.0,69.2,0,150,71,55,65476,0,300,0,1,8,20529,65476,0,0,40632,65.0,0.0,0.0,0.0,0.0,0.0
2026-09-04T20:09:54,ERR,ERR,ERR,ERR,ERR,ERR,ERR,ERR,ERR,ERR,ERR,ERR,ERR,ERR,ERR,ERR,ERR,ERR,ERR,ERR,ERR,ERR,ERR,ERR,ERR,ERR,ERR,ERR,ERR,ERR,ERR,ERR,ERR,ERR,ERR,ERR,ERR,ERR,ERR,ERR,ERR,ERR,ERR,ERR,ERR,ERR,ERR,ERR,ERR,ERR,ERR,ERR,ERR,ERR,ERR,ERR,ERR,ERR,ERR,ERR,ERR,ERR,ERR,ERR,ERR,ERR,ERR,ERR,ERR,ERR,ERR,ERR,ERR,ERR,ERR,ERR,ERR,ERR,ERR,ERR,ERR,ERR,ERR,ERR,ERR,ERR,ERR,ERR,ERR,ERR,ERR,ERR,ERR,ERR,ERR,ERR,ERR,ERR,ERR,ERR,ERR,ERR,ERR,ERR,ERR,ERR,ERR,ERR,ERR,ERR,ERR,ERR,ERR,ERR,ERR,ERR,ERR,ERR,ERR,ERR,ERR,ERR,ERR,ERR,ERR,2.718430741444032e+23,2.7184312818759872e+23,0.0,0.0,0.0,1.3936040501711995e+18,7.805,0.0,0,0,4,0,7116,0.0,100,0.0,0.0,0.0,0.0,0.0,0,0,0,0,0.0,0,0,0,0,0,0,0,0,0,0,0,0,0,0,0,0,0,0,0,0,0,0,0,0,0,0,0,0,0,0,0,0,0,31,40,40,71,65476,0,300,0,0,8,21553,0.0,-107605600.0,0.0,0.0,0.0,0.0,0.0,0.0,0.0,0.0,0.0,0.0,0.0,0.0,0.0,0.0,0.0,0.0,0.0,0.0,0.0,0.0,0.0,-2.004,-2.004,0.0,0.0,0.0,0.0,0.0,6220.0,0.0,6916.0,2.718430741444032e+23,2.7184312818759872e+23,-0.0,2.718430741444032e+23,0.0,0.0,0.0,0.0,69,-0.0,5.848074697918395e+35,0.0,0.0,0.0,0.0,0.0,0.0,0.0,0,0,0,0.0,0.0,0.0,0.0,0.0,0.0,0.0,0.0,0.0,0.0,0.0,0.0,0.0,0.0,0.0,0.0,0,-107875648.0,69,0.0,138,0.0,-109447200.0,0,13107,17040,39322,17049,13107,17043,0,0,0,70,68,100,2.7302359370752657e+23,71.2,2.7302370179391762e+23,74.2,2.7302370179391762e+23,74.0,1,49,50,180,13107,0,0,0,0.0,0.0,0.0,0.0,-0.0,67.0,0.0,162057.094,0.0,751,0,740,0,0,0,721,0,768,0,736,0,742,0,742,0,712,0,7520,0.032,108447924224.0,0.0,0.0,784,16797,-0.0,162057.094,-114818.039,-0.0,0.133,6.909358625270745e+28,30.0,65.0,35,0.0,0.0,0.0,0.0,0.0,0.0,0.0,0.0,0.0,0.0,0.0,0.0,0.0,0.0,0.0,0.0,69.2,0,150,71,55,65476,0,300,0,1,8,20529,65476,0,0,40632,65.0,0.0,0.0,0.0,0.0,0.0
2026-09-04T20:09:55,ERR,ERR,ERR,ERR,ERR,ERR,ERR,ERR,ERR,ERR,ERR,ERR,ERR,ERR,ERR,ERR,ERR,ERR,ERR,ERR,ERR,ERR,ERR,ERR,ERR,ERR,ERR,ERR,ERR,ERR,ERR,ERR,ERR,ERR,ERR,ERR,ERR,ERR,ERR,ERR,ERR,ERR,ERR,ERR,ERR,ERR,ERR,ERR,ERR,ERR,ERR,ERR,ERR,ERR,ERR,ERR,ERR,ERR,ERR,ERR,ERR,ERR,ERR,ERR,ERR,ERR,ERR,ERR,ERR,ERR,ERR,ERR,ERR,ERR,ERR,ERR,ERR,ERR,ERR,ERR,ERR,ERR,ERR,ERR,ERR,ERR,ERR,ERR,ERR,ERR,ERR,ERR,ERR,ERR,ERR,ERR,ERR,ERR,ERR,ERR,ERR,ERR,ERR,ERR,ERR,ERR,ERR,ERR,ERR,ERR,ERR,ERR,ERR,ERR,ERR,ERR,ERR,ERR,ERR,ERR,ERR,ERR,ERR,ERR,ERR,2.718430741444032e+23,2.7184312818759872e+23,0.0,0.0,0.0,1.3936040501711995e+18,7.805,0.0,0,0,4,0,7116,0.0,100,0.0,0.0,0.0,0.0,0.0,0,0,0,0,0.0,0,0,0,0,0,0,0,0,0,0,0,0,0,0,0,0,0,0,0,0,0,0,0,0,0,0,0,0,0,0,0,0,0,31,40,40,71,65476,0,300,0,0,8,21553,0.0,-107605600.0,0.0,0.0,0.0,0.0,0.0,0.0,0.0,0.0,0.0,0.0,0.0,0.0,0.0,0.0,0.0,0.0,0.0,0.0,0.0,0.0,0.0,-2.004,-2.004,0.0,0.0,0.0,0.0,0.0,6220.0,0.0,6916.0,2.718430741444032e+23,2.7184312818759872e+23,-0.0,2.718430741444032e+23,0.0,0.0,0.0,0.0,69,-0.0,5.848074697918395e+35,0.0,0.0,0.0,0.0,0.0,0.0,0.0,0,0,0,0.0,0.0,0.0,0.0,0.0,0.0,0.0,0.0,0.0,0.0,0.0,0.0,0.0,0.0,0.0,0.0,0,-107875648.0,69,0.0,138,0.0,-109447200.0,0,13107,17040,39322,17049,13107,17043,0,0,0,70,68,100,2.7302359370752657e+23,71.2,2.7302370179391762e+23,74.2,2.7302370179391762e+23,74.0,1,49,50,180,13107,0,0,0,0.0,0.0,0.0,0.0,-0.0,67.0,0.0,162057.094,0.0,751,0,740,0,0,0,721,0,768,0,736,0,742,0,742,0,712,0,7520,0.032,108447924224.0,0.0,0.0,784,16797,-0.0,162057.094,-114818.039,-0.0,0.133,6.909358625270745e+28,30.0,65.0,35,0.0,0.0,0.0,0.0,0.0,0.0,0.0,0.0,0.0,0.0,0.0,0.0,0.0,0.0,0.0,0.0,69.2,0,150,71,55,65476,0,300,0,1,8,20529,65476,0,0,40632,65.0,0.0,0.0,0.0,0.0,0.0
2026-09-04T20:09:56,ERR,ERR,ERR,ERR,ERR,ERR,ERR,ERR,ERR,ERR,ERR,ERR,ERR,ERR,ERR,ERR,ERR,ERR,ERR,ERR,ERR,ERR,ERR,ERR,ERR,ERR,ERR,ERR,ERR,ERR,ERR,ERR,ERR,ERR,ERR,ERR,ERR,ERR,ERR,ERR,ERR,ERR,ERR,ERR,ERR,ERR,ERR,ERR,ERR,ERR,ERR,ERR,ERR,ERR,ERR,ERR,ERR,ERR,ERR,ERR,ERR,ERR,ERR,ERR,ERR,ERR,ERR,ERR,ERR,ERR,ERR,ERR,ERR,ERR,ERR,ERR,ERR,ERR,ERR,ERR,ERR,ERR,ERR,ERR,ERR,ERR,ERR,ERR,ERR,ERR,ERR,ERR,ERR,ERR,ERR,ERR,ERR,ERR,ERR,ERR,ERR,ERR,ERR,ERR,ERR,ERR,ERR,ERR,ERR,ERR,ERR,ERR,ERR,ERR,ERR,ERR,ERR,ERR,ERR,ERR,ERR,ERR,ERR,ERR,ERR,2.718430741444032e+23,2.7184312818759872e+23,0.0,0.0,0.0,1.3936040501711995e+18,7.805,0.0,0,0,4,0,7116,0.0,100,0.0,0.0,0.0,0.0,0.0,0,0,0,0,0.0,0,0,0,0,0,0,0,0,0,0,0,0,0,0,0,0,0,0,0,0,0,0,0,0,0,0,0,0,0,0,0,0,0,31,40,40,71,65476,0,300,0,0,8,21553,0.0,-107605600.0,0.0,0.0,0.0,0.0,0.0,0.0,0.0,0.0,0.0,0.0,0.0,0.0,0.0,0.0,0.0,0.0,0.0,0.0,0.0,0.0,0.0,-2.004,-2.004,0.0,0.0,0.0,0.0,0.0,6220.0,0.0,6916.0,2.718430741444032e+23,2.7184312818759872e+23,-0.0,2.718430741444032e+23,0.0,0.0,0.0,0.0,69,-0.0,5.848074697918395e+35,0.0,0.0,0.0,0.0,0.0,0.0,0.0,0,0,0,0.0,0.0,0.0,0.0,0.0,0.0,0.0,0.0,0.0,0.0,0.0,0.0,0.0,0.0,0.0,0.0,0,-107875648.0,69,0.0,138,0.0,-109447200.0,0,13107,17040,39322,17049,13107,17043,0,0,0,70,68,100,2.7302359370752657e+23,71.2,2.7302370179391762e+23,74.2,2.7302370179391762e+23,74.0,1,49,50,180,13107,0,0,0,0.0,0.0,0.0,0.0,-0.0,67.0,0.0,162057.094,0.0,751,0,740,0,0,0,721,0,768,0,736,0,742,0,742,0,712,0,7520,0.032,108447924224.0,0.0,0.0,784,16797,-0.0,162057.094,-114818.039,-0.0,0.133,6.909358625270745e+28,30.0,65.0,35,0.0,0.0,0.0,0.0,0.0,0.0,0.0,0.0,0.0,0.0,0.0,0.0,0.0,0.0,0.0,0.0,69.2,0,150,71,55,65476,0,300,0,1,8,20529,65476,0,0,40632,65.0,0.0,0.0,0.0,0.0,0.0
2026-09-04T20:09:57,ERR,ERR,ERR,ERR,ERR,ERR,ERR,ERR,ERR,ERR,ERR,ERR,ERR,ERR,ERR,ERR,ERR,ERR,ERR,ERR,ERR,ERR,ERR,ERR,ERR,ERR,ERR,ERR,ERR,ERR,ERR,ERR,ERR,ERR,ERR,ERR,ERR,ERR,ERR,ERR,ERR,ERR,ERR,ERR,ERR,ERR,ERR,ERR,ERR,ERR,ERR,ERR,ERR,ERR,ERR,ERR,ERR,ERR,ERR,ERR,ERR,ERR,ERR,ERR,ERR,ERR,ERR,ERR,ERR,ERR,ERR,ERR,ERR,ERR,ERR,ERR,ERR,ERR,ERR,ERR,ERR,ERR,ERR,ERR,ERR,ERR,ERR,ERR,ERR,ERR,ERR,ERR,ERR,ERR,ERR,ERR,ERR,ERR,ERR,ERR,ERR,ERR,ERR,ERR,ERR,ERR,ERR,ERR,ERR,ERR,ERR,ERR,ERR,ERR,ERR,ERR,ERR,ERR,ERR,ERR,ERR,ERR,ERR,ERR,ERR,2.718430741444032e+23,2.7184312818759872e+23,0.0,0.0,0.0,1.3936040501711995e+18,7.805,0.0,0,0,4,0,7116,0.0,100,0.0,0.0,0.0,0.0,0.0,0,0,0,0,0.0,0,0,0,0,0,0,0,0,0,0,0,0,0,0,0,0,0,0,0,0,0,0,0,0,0,0,0,0,0,0,0,0,0,31,40,40,71,65476,0,300,0,0,8,21553,0.0,-107605600.0,0.0,0.0,0.0,0.0,0.0,0.0,0.0,0.0,0.0,0.0,0.0,0.0,0.0,0.0,0.0,0.0,0.0,0.0,0.0,0.0,0.0,-2.004,-2.004,0.0,0.0,0.0,0.0,0.0,6220.0,0.0,6916.0,2.718430741444032e+23,2.7184312818759872e+23,-0.0,2.718430741444032e+23,0.0,0.0,0.0,0.0,69,-0.0,5.848074697918395e+35,0.0,0.0,0.0,0.0,0.0,0.0,0.0,0,0,0,0.0,0.0,0.0,0.0,0.0,0.0,0.0,0.0,0.0,0.0,0.0,0.0,0.0,0.0,0.0,0.0,0,-107875648.0,69,0.0,138,0.0,-109447200.0,0,13107,17040,39322,17049,13107,17043,0,0,0,70,68,100,2.7302359370752657e+23,71.2,2.7302370179391762e+23,74.2,2.7302370179391762e+23,74.0,1,49,50,180,13107,0,0,0,0.0,0.0,0.0,0.0,-0.0,67.0,0.0,162057.094,0.0,751,0,740,0,0,0,721,0,768,0,736,0,742,0,742,0,712,0,7520,0.032,108447924224.0,0.0,0.0,784,16797,-0.0,162057.094,-114818.039,-0.0,0.133,6.909358625270745e+28,30.0,65.0,35,0.0,0.0,0.0,0.0,0.0,0.0,0.0,0.0,0.0,0.0,0.0,0.0,0.0,0.0,0.0,0.0,69.2,0,150,71,55,65476,0,300,0,1,8,20529,65476,0,0,40632,65.0,0.0,0.0,0.0,0.0,0.0
2026-09-04T20:09:58,ERR,ERR,ERR,ERR,ERR,ERR,ERR,ERR,ERR,ERR,ERR,ERR,ERR,ERR,ERR,ERR,ERR,ERR,ERR,ERR,ERR,ERR,ERR,ERR,ERR,ERR,ERR,ERR,ERR,ERR,ERR,ERR,ERR,ERR,ERR,ERR,ERR,ERR,ERR,ERR,ERR,ERR,ERR,ERR,ERR,ERR,ERR,ERR,ERR,ERR,ERR,ERR,ERR,ERR,ERR,ERR,ERR,ERR,ERR,ERR,ERR,ERR,ERR,ERR,ERR,ERR,ERR,ERR,ERR,ERR,ERR,ERR,ERR,ERR,ERR,ERR,ERR,ERR,ERR,ERR,ERR,ERR,ERR,ERR,ERR,ERR,ERR,ERR,ERR,ERR,ERR,ERR,ERR,ERR,ERR,ERR,ERR,ERR,ERR,ERR,ERR,ERR,ERR,ERR,ERR,ERR,ERR,ERR,ERR,ERR,ERR,ERR,ERR,ERR,ERR,ERR,ERR,ERR,ERR,ERR,ERR,ERR,ERR,ERR,ERR,2.718430741444032e+23,2.7184312818759872e+23,0.0,0.0,0.0,1.3936040501711995e+18,7.805,0.0,0,0,4,0,7116,0.0,100,0.0,0.0,0.0,0.0,0.0,0,0,0,0,0.0,0,0,0,0,0,0,0,0,0,0,0,0,0,0,0,0,0,0,0,0,0,0,0,0,0,0,0,0,0,0,0,0,0,31,40,40,71,65476,0,300,0,0,8,21553,0.0,-107605600.0,0.0,0.0,0.0,0.0,0.0,0.0,0.0,0.0,0.0,0.0,0.0,0.0,0.0,0.0,0.0,0.0,0.0,0.0,0.0,0.0,0.0,-2.004,-2.004,0.0,0.0,0.0,0.0,0.0,6220.0,0.0,6916.0,2.718430741444032e+23,2.7184312818759872e+23,-0.0,2.718430741444032e+23,0.0,0.0,0.0,0.0,69,-0.0,5.848074697918395e+35,0.0,0.0,0.0,0.0,0.0,0.0,0.0,0,0,0,0.0,0.0,0.0,0.0,0.0,0.0,0.0,0.0,0.0,0.0,0.0,0.0,0.0,0.0,0.0,0.0,0,-107875648.0,69,0.0,138,0.0,-109447200.0,0,13107,17040,26215,17049,13107,17043,0,0,0,70,68,100,2.7302359370752657e+23,71.2,2.7302370179391762e+23,74.3,2.7302370179391762e+23,74.0,1,49,50,180,13107,0,0,0,0.0,0.0,0.0,0.0,-0.0,67.0,0.0,162057.094,0.0,751,0,740,0,0,0,721,0,767,0,736,0,742,0,742,0,712,0,7520,0.032,108447924224.0,0.0,0.0,784,16797,-0.0,162057.094,-114818.039,-0.0,0.133,6.909358625270745e+28,30.0,65.0,35,0.0,0.0,0.0,0.0,0.0,0.0,0.0,0.0,0.0,0.0,0.0,0.0,0.0,0.0,0.0,0.0,69.2,0,150,71,55,65476,0,300,0,1,8,20529,65476,0,0,40632,65.0,0.0,0.0,0.0,0.0,0.0
2026-09-04T20:09:59,ERR,ERR,ERR,ERR,ERR,ERR,ERR,ERR,ERR,ERR,ERR,ERR,ERR,ERR,ERR,ERR,ERR,ERR,ERR,ERR,ERR,ERR,ERR,ERR,ERR,ERR,ERR,ERR,ERR,ERR,ERR,ERR,ERR,ERR,ERR,ERR,ERR,ERR,ERR,ERR,ERR,ERR,ERR,ERR,ERR,ERR,ERR,ERR,ERR,ERR,ERR,ERR,ERR,ERR,ERR,ERR,ERR,ERR,ERR,ERR,ERR,ERR,ERR,ERR,ERR,ERR,ERR,ERR,ERR,ERR,ERR,ERR,ERR,ERR,ERR,ERR,ERR,ERR,ERR,ERR,ERR,ERR,ERR,ERR,ERR,ERR,ERR,ERR,ERR,ERR,ERR,ERR,ERR,ERR,ERR,ERR,ERR,ERR,ERR,ERR,ERR,ERR,ERR,ERR,ERR,ERR,ERR,ERR,ERR,ERR,ERR,ERR,ERR,ERR,ERR,ERR,ERR,ERR,ERR,ERR,ERR,ERR,ERR,ERR,ERR,2.718430741444032e+23,2.7184312818759872e+23,0.0,0.0,0.0,1.3936040501711995e+18,7.805,0.0,0,0,4,0,7116,0.0,100,0.0,0.0,0.0,0.0,0.0,0,0,0,0,0.0,0,0,0,0,0,0,0,0,0,0,0,0,0,0,0,0,0,0,0,0,0,0,0,0,0,0,0,0,0,0,0,0,0,31,40,40,71,65476,0,300,0,0,8,21553,0.0,-107605600.0,0.0,0.0,0.0,0.0,0.0,0.0,0.0,0.0,0.0,0.0,0.0,0.0,0.0,0.0,0.0,0.0,0.0,0.0,0.0,0.0,0.0,-2.004,-2.004,0.0,0.0,0.0,0.0,0.0,6214.0,0.0,6916.0,2.718430741444032e+23,2.7184312818759872e+23,-0.0,2.718430741444032e+23,0.0,0.0,0.0,0.0,69,-0.0,-0.0,0.0,0.0,0.0,0.0,0.0,0.0,0.0,0,0,0,0.0,0.0,0.0,0.0,0.0,0.0,0.0,0.0,0.0,0.0,0.0,0.0,0.0,0.0,0.0,0.0,0,-107875648.0,69,0.0,138,0.0,-109447200.0,0,13107,17040,26215,17049,13107,17043,0,0,0,70,68,100,2.7302359370752657e+23,71.2,2.7302370179391762e+23,74.3,2.7302370179391762e+23,74.0,1,49,50,180,13107,0,0,0,0.0,0.0,0.0,0.0,-0.0,67.0,0.0,162057.094,0.0,751,0,740,0,0,0,721,0,767,0,736,0,742,0,742,0,712,0,7520,0.032,108447924224.0,0.0,0.0,784,16797,-0.0,162057.094,-114818.039,-0.0,0.133,6.909358625270745e+28,30.0,65.0,35,0.0,0.0,0.0,0.0,0.0,0.0,0.0,0.0,0.0,0.0,0.0,0.0,0.0,0.0,0.0,0.0,69.2,0,150,71,55,65476,0,300,0,1,8,20529,65476,0,0,40632,65.0,0.0,0.0,0.0,0.0,0.0
2026-09-04T20:10:00,ERR,ERR,ERR,ERR,ERR,ERR,ERR,ERR,ERR,ERR,ERR,ERR,ERR,ERR,ERR,ERR,ERR,ERR,ERR,ERR,ERR,ERR,ERR,ERR,ERR,ERR,ERR,ERR,ERR,ERR,ERR,ERR,ERR,ERR,ERR,ERR,ERR,ERR,ERR,ERR,ERR,ERR,ERR,ERR,ERR,ERR,ERR,ERR,ERR,ERR,ERR,ERR,ERR,ERR,ERR,ERR,ERR,ERR,ERR,ERR,ERR,ERR,ERR,ERR,ERR,ERR,ERR,ERR,ERR,ERR,ERR,ERR,ERR,ERR,ERR,ERR,ERR,ERR,ERR,ERR,ERR,ERR,ERR,ERR,ERR,ERR,ERR,ERR,ERR,ERR,ERR,ERR,ERR,ERR,ERR,ERR,ERR,ERR,ERR,ERR,ERR,ERR,ERR,ERR,ERR,ERR,ERR,ERR,ERR,ERR,ERR,ERR,ERR,ERR,ERR,ERR,ERR,ERR,ERR,ERR,ERR,ERR,ERR,ERR,ERR,2.718430741444032e+23,2.7184312818759872e+23,0.0,0.0,0.0,1.3936040501711995e+18,7.805,0.0,0,0,4,0,7116,0.0,100,0.0,0.0,0.0,0.0,0.0,0,0,0,0,0.0,0,0,0,0,0,0,0,0,0,0,0,0,0,0,0,0,0,0,0,0,0,0,0,0,0,0,0,0,0,0,0,0,0,31,40,40,71,65476,0,300,0,0,8,21553,0.0,-107605600.0,0.0,0.0,0.0,0.0,0.0,0.0,0.0,0.0,0.0,0.0,0.0,0.0,0.0,0.0,0.0,0.0,0.0,0.0,0.0,0.0,0.0,-2.004,-2.004,0.0,0.0,0.0,0.0,0.0,6214.0,0.0,6916.0,2.718430741444032e+23,2.7184312818759872e+23,-0.0,2.718430741444032e+23,0.0,0.0,0.0,0.0,69,-0.0,-0.0,0.0,0.0,0.0,0.0,0.0,0.0,0.0,0,0,0,0.0,0.0,0.0,0.0,0.0,0.0,0.0,0.0,0.0,0.0,0.0,0.0,0.0,0.0,0.0,0.0,0,-107875648.0,69,0.0,138,0.0,-109447200.0,0,13107,17040,26215,17049,13107,17043,0,0,0,70,68,100,2.7302359370752657e+23,71.2,2.7302370179391762e+23,74.3,2.7302370179391762e+23,74.0,1,49,50,180,13107,0,0,0,0.0,0.0,0.0,0.0,-0.0,67.0,0.0,162057.094,0.0,751,0,740,0,0,0,721,0,767,0,736,0,742,0,742,0,712,0,7520,0.032,108447924224.0,0.0,0.0,784,16797,-0.0,162057.094,-114818.039,-0.0,0.133,6.909358625270745e+28,30.0,65.0,35,0.0,0.0,0.0,0.0,0.0,0.0,0.0,0.0,0.0,0.0,0.0,0.0,0.0,0.0,0.0,0.0,69.2,0,150,71,55,65476,0,300,0,1,8,20529,65476,0,0,40632,65.0,0.0,0.0,0.0,0.0,0.0
2026-09-04T20:10:01,ERR,ERR,ERR,ERR,ERR,ERR,ERR,ERR,ERR,ERR,ERR,ERR,ERR,ERR,ERR,ERR,ERR,ERR,ERR,ERR,ERR,ERR,ERR,ERR,ERR,ERR,ERR,ERR,ERR,ERR,ERR,ERR,ERR,ERR,ERR,ERR,ERR,ERR,ERR,ERR,ERR,ERR,ERR,ERR,ERR,ERR,ERR,ERR,ERR,ERR,ERR,ERR,ERR,ERR,ERR,ERR,ERR,ERR,ERR,ERR,ERR,ERR,ERR,ERR,ERR,ERR,ERR,ERR,ERR,ERR,ERR,ERR,ERR,ERR,ERR,ERR,ERR,ERR,ERR,ERR,ERR,ERR,ERR,ERR,ERR,ERR,ERR,ERR,ERR,ERR,ERR,ERR,ERR,ERR,ERR,ERR,ERR,ERR,ERR,ERR,ERR,ERR,ERR,ERR,ERR,ERR,ERR,ERR,ERR,ERR,ERR,ERR,ERR,ERR,ERR,ERR,ERR,ERR,ERR,ERR,ERR,ERR,ERR,ERR,ERR,2.718430741444032e+23,2.7184312818759872e+23,0.0,0.0,0.0,1.3936040501711995e+18,7.805,0.0,0,0,4,0,7116,0.0,100,0.0,0.0,0.0,0.0,0.0,0,0,0,0,0.0,0,0,0,0,0,0,0,0,0,0,0,0,0,0,0,0,0,0,0,0,0,0,0,0,0,0,0,0,0,0,0,0,0,31,40,40,71,65476,0,300,0,0,8,21553,0.0,-107605600.0,0.0,0.0,0.0,0.0,0.0,0.0,0.0,0.0,0.0,0.0,0.0,0.0,0.0,0.0,0.0,0.0,0.0,0.0,0.0,0.0,0.0,-2.004,-2.004,0.0,0.0,0.0,0.0,0.0,6214.0,0.0,6916.0,2.718430741444032e+23,2.7184312818759872e+23,-0.0,2.718430741444032e+23,0.0,0.0,0.0,0.0,69,-0.0,-0.0,0.0,0.0,0.0,0.0,0.0,0.0,0.0,0,0,0,0.0,0.0,0.0,0.0,0.0,0.0,0.0,0.0,0.0,0.0,0.0,0.0,0.0,0.0,0.0,0.0,0,-107875648.0,69,0.0,138,0.0,-109447200.0,0,13107,17040,26215,17049,13107,17043,0,0,0,70,68,100,2.7302359370752657e+23,71.2,2.7302370179391762e+23,74.3,2.7302370179391762e+23,74.0,1,49,50,180,13107,0,0,0,0.0,0.0,0.0,0.0,-0.0,67.0,0.0,162057.094,0.0,751,0,740,0,0,0,721,0,767,0,736,0,742,0,742,0,712,0,7520,0.032,108447924224.0,0.0,0.0,784,16797,-0.0,162057.094,-114818.039,-0.0,0.133,6.909358625270745e+28,30.0,65.0,35,0.0,0.0,0.0,0.0,0.0,0.0,0.0,0.0,0.0,0.0,0.0,0.0,0.0,0.0,0.0,0.0,69.2,0,150,71,55,65476,0,300,0,1,8,20529,65476,0,0,40632,65.0,0.0,0.0,0.0,0.0,0.0
2026-09-04T20:10:02,ERR,ERR,ERR,ERR,ERR,ERR,ERR,ERR,ERR,ERR,ERR,ERR,ERR,ERR,ERR,ERR,ERR,ERR,ERR,ERR,ERR,ERR,ERR,ERR,ERR,ERR,ERR,ERR,ERR,ERR,ERR,ERR,ERR,ERR,ERR,ERR,ERR,ERR,ERR,ERR,ERR,ERR,ERR,ERR,ERR,ERR,ERR,ERR,ERR,ERR,ERR,ERR,ERR,ERR,ERR,ERR,ERR,ERR,ERR,ERR,ERR,ERR,ERR,ERR,ERR,ERR,ERR,ERR,ERR,ERR,ERR,ERR,ERR,ERR,ERR,ERR,ERR,ERR,ERR,ERR,ERR,ERR,ERR,ERR,ERR,ERR,ERR,ERR,ERR,ERR,ERR,ERR,ERR,ERR,ERR,ERR,ERR,ERR,ERR,ERR,ERR,ERR,ERR,ERR,ERR,ERR,ERR,ERR,ERR,ERR,ERR,ERR,ERR,ERR,ERR,ERR,ERR,ERR,ERR,ERR,ERR,ERR,ERR,ERR,ERR,2.718430741444032e+23,2.7184312818759872e+23,0.0,0.0,0.0,1.3936040501711995e+18,7.805,0.0,0,0,4,0,7116,0.0,100,0.0,0.0,0.0,0.0,0.0,0,0,0,0,0.0,0,0,0,0,0,0,0,0,0,0,0,0,0,0,0,0,0,0,0,0,0,0,0,0,0,0,0,0,0,0,0,0,0,31,40,40,71,65476,0,300,0,0,8,21553,0.0,-107605600.0,0.0,0.0,0.0,0.0,0.0,0.0,0.0,0.0,0.0,0.0,0.0,0.0,0.0,0.0,0.0,0.0,0.0,0.0,0.0,0.0,0.0,-2.004,-2.004,0.0,0.0,0.0,0.0,0.0,6214.0,0.0,6916.0,2.718430741444032e+23,2.7184312818759872e+23,-0.0,2.718430741444032e+23,0.0,0.0,0.0,0.0,69,-0.0,-0.0,0.0,0.0,0.0,0.0,0.0,0.0,0.0,0,0,0,0.0,0.0,0.0,0.0,0.0,0.0,0.0,0.0,0.0,0.0,0.0,0.0,0.0,0.0,0.0,0.0,0,-107875648.0,69,0.0,138,0.0,-109447200.0,0,13107,17040,26215,17049,13107,17043,0,0,0,70,68,100,2.7302359370752657e+23,71.2,2.7302370179391762e+23,74.3,2.7302370179391762e+23,74.0,1,49,50,180,13107,0,0,0,0.0,0.0,0.0,0.0,-0.0,67.0,0.0,162057.094,0.0,751,0,740,0,0,0,721,0,767,0,736,0,742,0,742,0,712,0,7520,0.032,108447924224.0,0.0,0.0,784,16797,-0.0,162057.094,-114818.039,-0.0,0.133,6.909358625270745e+28,30.0,65.0,35,0.0,0.0,0.0,0.0,0.0,0.0,0.0,0.0,0.0,0.0,0.0,0.0,0.0,0.0,0.0,0.0,69.2,0,150,71,55,65476,0,300,0,1,8,20529,65476,0,0,40632,65.0,0.0,0.0,0.0,0.0,0.0
2026-09-04T20:10:03,ERR,ERR,ERR,ERR,ERR,ERR,ERR,ERR,ERR,ERR,ERR,ERR,ERR,ERR,ERR,ERR,ERR,ERR,ERR,ERR,ERR,ERR,ERR,ERR,ERR,ERR,ERR,ERR,ERR,ERR,ERR,ERR,ERR,ERR,ERR,ERR,ERR,ERR,ERR,ERR,ERR,ERR,ERR,ERR,ERR,ERR,ERR,ERR,ERR,ERR,ERR,ERR,ERR,ERR,ERR,ERR,ERR,ERR,ERR,ERR,ERR,ERR,ERR,ERR,ERR,ERR,ERR,ERR,ERR,ERR,ERR,ERR,ERR,ERR,ERR,ERR,ERR,ERR,ERR,ERR,ERR,ERR,ERR,ERR,ERR,ERR,ERR,ERR,ERR,ERR,ERR,ERR,ERR,ERR,ERR,ERR,ERR,ERR,ERR,ERR,ERR,ERR,ERR,ERR,ERR,ERR,ERR,ERR,ERR,ERR,ERR,ERR,ERR,ERR,ERR,ERR,ERR,ERR,ERR,ERR,ERR,ERR,ERR,ERR,ERR,2.718430741444032e+23,2.7184312818759872e+23,0.0,0.0,0.0,1.3936040501711995e+18,7.805,0.0,0,0,4,0,7116,0.0,100,0.0,0.0,0.0,0.0,0.0,0,0,0,0,0.0,0,0,0,0,0,0,0,0,0,0,0,0,0,0,0,0,0,0,0,0,0,0,0,0,0,0,0,0,0,0,0,0,0,31,40,40,71,65476,0,300,0,0,8,21553,0.0,-107605600.0,0.0,0.0,0.0,0.0,0.0,0.0,0.0,0.0,0.0,0.0,0.0,0.0,0.0,0.0,0.0,0.0,0.0,0.0,0.0,0.0,0.0,-2.004,-2.004,0.0,0.0,0.0,0.0,0.0,6214.0,0.0,6916.0,2.718430741444032e+23,2.7184312818759872e+23,-0.0,2.718430741444032e+23,0.0,0.0,0.0,0.0,69,-0.0,-0.0,0.0,0.0,0.0,0.0,0.0,0.0,0.0,0,0,0,0.0,0.0,0.0,0.0,0.0,0.0,0.0,0.0,0.0,0.0,0.0,0.0,0.0,0.0,0.0,0.0,0,-107875648.0,69,0.0,138,0.0,-109447200.0,0,13107,17040,26215,17049,13107,17043,0,0,0,70,68,100,2.7302359370752657e+23,71.2,2.7302370179391762e+23,74.3,2.7302370179391762e+23,74.0,1,49,50,180,13107,0,0,0,0.0,0.0,0.0,0.0,-0.0,67.0,0.0,162057.094,0.0,751,0,740,0,0,0,721,0,767,0,736,0,742,0,742,0,712,0,7520,0.032,108447924224.0,0.0,0.0,784,16797,-0.0,162057.094,-114818.039,-0.0,0.133,6.909358625270745e+28,30.0,65.0,35,0.0,0.0,0.0,0.0,0.0,0.0,0.0,0.0,0.0,0.0,0.0,0.0,0.0,0.0,0.0,0.0,69.2,0,150,71,55,65476,0,300,0,1,8,20529,65476,0,0,40632,65.0,0.0,0.0,0.0,0.0,0.0
2026-09-04T20:10:04,ERR,ERR,ERR,ERR,ERR,ERR,ERR,ERR,ERR,ERR,ERR,ERR,ERR,ERR,ERR,ERR,ERR,ERR,ERR,ERR,ERR,ERR,ERR,ERR,ERR,ERR,ERR,ERR,ERR,ERR,ERR,ERR,ERR,ERR,ERR,ERR,ERR,ERR,ERR,ERR,ERR,ERR,ERR,ERR,ERR,ERR,ERR,ERR,ERR,ERR,ERR,ERR,ERR,ERR,ERR,ERR,ERR,ERR,ERR,ERR,ERR,ERR,ERR,ERR,ERR,ERR,ERR,ERR,ERR,ERR,ERR,ERR,ERR,ERR,ERR,ERR,ERR,ERR,ERR,ERR,ERR,ERR,ERR,ERR,ERR,ERR,ERR,ERR,ERR,ERR,ERR,ERR,ERR,ERR,ERR,ERR,ERR,ERR,ERR,ERR,ERR,ERR,ERR,ERR,ERR,ERR,ERR,ERR,ERR,ERR,ERR,ERR,ERR,ERR,ERR,ERR,ERR,ERR,ERR,ERR,ERR,ERR,ERR,ERR,ERR,2.718430741444032e+23,2.7184312818759872e+23,0.0,0.0,0.0,1.3936040501711995e+18,7.805,0.0,0,0,4,0,7116,0.0,100,0.0,0.0,0.0,0.0,0.0,0,0,0,0,0.0,0,0,0,0,0,0,0,0,0,0,0,0,0,0,0,0,0,0,0,0,0,0,0,0,0,0,0,0,0,0,0,0,0,31,40,40,71,65476,0,300,0,0,8,21553,0.0,-107605600.0,0.0,0.0,0.0,0.0,0.0,0.0,0.0,0.0,0.0,0.0,0.0,0.0,0.0,0.0,0.0,0.0,0.0,0.0,0.0,0.0,0.0,-2.004,-2.004,0.0,0.0,0.0,0.0,0.0,6214.0,0.0,6916.0,2.718430741444032e+23,2.7184312818759872e+23,-0.0,2.718430741444032e+23,0.0,0.0,0.0,0.0,69,-0.0,-0.0,0.0,0.0,0.0,0.0,0.0,0.0,0.0,0,0,0,0.0,0.0,0.0,0.0,0.0,0.0,0.0,0.0,0.0,0.0,0.0,0.0,0.0,0.0,0.0,0.0,0,-107875648.0,69,0.0,138,0.0,-109447200.0,0,13107,17040,39322,17049,26215,17043,0,0,0,70,68,100,2.7302359370752657e+23,71.2,2.7302370179391762e+23,74.3,-0.0,74.0,1,49,50,180,13107,0,0,0,0.0,0.0,0.0,0.0,-0.0,67.0,0.0,162057.094,0.0,751,0,740,0,0,0,721,0,768,0,736,0,742,0,742,0,712,0,7520,0.032,108447924224.0,0.0,0.0,784,16797,-0.0,162057.094,-114818.039,-0.0,0.133,6.909358625270745e+28,30.0,65.0,35,0.0,0.0,0.0,0.0,0.0,0.0,0.0,0.0,0.0,0.0,0.0,0.0,0.0,0.0,0.0,0.0,69.2,0,150,71,55,65476,0,300,0,1,8,20529,65476,0,0,40632,65.0,0.0,0.0,0.0,0.0,0.0
2026-09-04T20:10:05,ERR,ERR,ERR,ERR,ERR,ERR,ERR,ERR,ERR,ERR,ERR,ERR,ERR,ERR,ERR,ERR,ERR,ERR,ERR,ERR,ERR,ERR,ERR,ERR,ERR,ERR,ERR,ERR,ERR,ERR,ERR,ERR,ERR,ERR,ERR,ERR,ERR,ERR,ERR,ERR,ERR,ERR,ERR,ERR,ERR,ERR,ERR,ERR,ERR,ERR,ERR,ERR,ERR,ERR,ERR,ERR,ERR,ERR,ERR,ERR,ERR,ERR,ERR,ERR,ERR,ERR,ERR,ERR,ERR,ERR,ERR,ERR,ERR,ERR,ERR,ERR,ERR,ERR,ERR,ERR,ERR,ERR,ERR,ERR,ERR,ERR,ERR,ERR,ERR,ERR,ERR,ERR,ERR,ERR,ERR,ERR,ERR,ERR,ERR,ERR,ERR,ERR,ERR,ERR,ERR,ERR,ERR,ERR,ERR,ERR,ERR,ERR,ERR,ERR,ERR,ERR,ERR,ERR,ERR,ERR,ERR,ERR,ERR,ERR,ERR,2.718430741444032e+23,2.7184312818759872e+23,0.0,0.0,0.0,1.3936040501711995e+18,7.805,0.0,0,0,4,0,7116,0.0,100,0.0,0.0,0.0,0.0,0.0,0,0,0,0,0.0,0,0,0,0,0,0,0,0,0,0,0,0,0,0,0,0,0,0,0,0,0,0,0,0,0,0,0,0,0,0,0,0,0,31,40,40,71,65476,0,300,0,0,8,21553,0.0,-107605600.0,0.0,0.0,0.0,0.0,0.0,0.0,0.0,0.0,0.0,0.0,0.0,0.0,0.0,0.0,0.0,0.0,0.0,0.0,0.0,0.0,0.0,-2.004,-2.004,0.0,0.0,0.0,0.0,0.0,6214.0,0.0,6916.0,2.718430741444032e+23,2.7184312818759872e+23,-0.0,2.718430741444032e+23,0.0,0.0,0.0,0.0,69,-0.0,-0.0,0.0,0.0,0.0,0.0,0.0,0.0,0.0,0,0,0,0.0,0.0,0.0,0.0,0.0,0.0,0.0,0.0,0.0,0.0,0.0,0.0,0.0,0.0,0.0,0.0,0,-107875648.0,69,0.0,138,0.0,-109447200.0,0,13107,17040,39322,17049,26215,17043,0,0,0,70,68,100,2.7302359370752657e+23,71.2,2.7302370179391762e+23,74.3,-0.0,74.0,1,49,50,180,13107,0,0,0,0.0,0.0,0.0,0.0,-0.0,67.0,0.0,162057.094,0.0,751,0,740,0,0,0,721,0,768,0,736,0,742,0,742,0,712,0,7520,0.032,108447924224.0,0.0,0.0,784,16797,-0.0,162057.094,-114818.039,-0.0,0.133,6.909358625270745e+28,30.0,65.0,35,0.0,0.0,0.0,0.0,0.0,0.0,0.0,0.0,0.0,0.0,0.0,0.0,0.0,0.0,0.0,0.0,69.2,0,150,71,55,65476,0,300,0,1,8,20529,65476,0,0,40632,65.0,0.0,0.0,0.0,0.0,0.0
2026-09-04T20:10:06,ERR,ERR,ERR,ERR,ERR,ERR,ERR,ERR,ERR,ERR,ERR,ERR,ERR,ERR,ERR,ERR,ERR,ERR,ERR,ERR,ERR,ERR,ERR,ERR,ERR,ERR,ERR,ERR,ERR,ERR,ERR,ERR,ERR,ERR,ERR,ERR,ERR,ERR,ERR,ERR,ERR,ERR,ERR,ERR,ERR,ERR,ERR,ERR,ERR,ERR,ERR,ERR,ERR,ERR,ERR,ERR,ERR,ERR,ERR,ERR,ERR,ERR,ERR,ERR,ERR,ERR,ERR,ERR,ERR,ERR,ERR,ERR,ERR,ERR,ERR,ERR,ERR,ERR,ERR,ERR,ERR,ERR,ERR,ERR,ERR,ERR,ERR,ERR,ERR,ERR,ERR,ERR,ERR,ERR,ERR,ERR,ERR,ERR,ERR,ERR,ERR,ERR,ERR,ERR,ERR,ERR,ERR,ERR,ERR,ERR,ERR,ERR,ERR,ERR,ERR,ERR,ERR,ERR,ERR,ERR,ERR,ERR,ERR,ERR,ERR,2.718430741444032e+23,2.7184312818759872e+23,0.0,0.0,0.0,1.3936040501711995e+18,7.805,0.0,0,0,4,0,7116,0.0,100,0.0,0.0,0.0,0.0,0.0,0,0,0,0,0.0,0,0,0,0,0,0,0,0,0,0,0,0,0,0,0,0,0,0,0,0,0,0,0,0,0,0,0,0,0,0,0,0,0,31,40,40,71,65476,0,300,0,0,8,21553,0.0,-107605600.0,0.0,0.0,0.0,0.0,0.0,0.0,0.0,0.0,0.0,0.0,0.0,0.0,0.0,0.0,0.0,0.0,0.0,0.0,0.0,0.0,0.0,-2.004,-2.004,0.0,0.0,0.0,0.0,0.0,6214.0,0.0,6916.0,2.718430741444032e+23,2.7184312818759872e+23,-0.0,2.718430741444032e+23,0.0,0.0,0.0,0.0,69,-0.0,-0.0,0.0,0.0,0.0,0.0,0.0,0.0,0.0,0,0,0,0.0,0.0,0.0,0.0,0.0,0.0,0.0,0.0,0.0,0.0,0.0,0.0,0.0,0.0,0.0,0.0,0,-107875648.0,69,0.0,138,0.0,-109447200.0,0,13107,17040,39322,17049,26215,17043,0,0,0,70,68,100,2.7302359370752657e+23,71.2,2.7302370179391762e+23,74.3,-0.0,74.0,1,49,50,180,13107,0,0,0,0.0,0.0,0.0,0.0,-0.0,67.0,0.0,162057.094,0.0,751,0,740,0,0,0,721,0,768,0,736,0,742,0,742,0,712,0,7520,0.032,108447924224.0,0.0,0.0,784,16797,-0.0,162057.094,-114818.039,-0.0,0.133,6.909358625270745e+28,30.0,65.0,35,0.0,0.0,0.0,0.0,0.0,0.0,0.0,0.0,0.0,0.0,0.0,0.0,0.0,0.0,0.0,0.0,69.2,0,150,71,55,65476,0,300,0,1,8,20529,65476,0,0,40632,65.0,0.0,0.0,0.0,0.0,0.0
2026-09-04T20:10:07,ERR,ERR,ERR,ERR,ERR,ERR,ERR,ERR,ERR,ERR,ERR,ERR,ERR,ERR,ERR,ERR,ERR,ERR,ERR,ERR,ERR,ERR,ERR,ERR,ERR,ERR,ERR,ERR,ERR,ERR,ERR,ERR,ERR,ERR,ERR,ERR,ERR,ERR,ERR,ERR,ERR,ERR,ERR,ERR,ERR,ERR,ERR,ERR,ERR,ERR,ERR,ERR,ERR,ERR,ERR,ERR,ERR,ERR,ERR,ERR,ERR,ERR,ERR,ERR,ERR,ERR,ERR,ERR,ERR,ERR,ERR,ERR,ERR,ERR,ERR,ERR,ERR,ERR,ERR,ERR,ERR,ERR,ERR,ERR,ERR,ERR,ERR,ERR,ERR,ERR,ERR,ERR,ERR,ERR,ERR,ERR,ERR,ERR,ERR,ERR,ERR,ERR,ERR,ERR,ERR,ERR,ERR,ERR,ERR,ERR,ERR,ERR,ERR,ERR,ERR,ERR,ERR,ERR,ERR,ERR,ERR,ERR,ERR,ERR,ERR,2.718430741444032e+23,2.7184312818759872e+23,0.0,0.0,0.0,1.3936040501711995e+18,7.805,0.0,0,0,4,0,7116,0.0,100,0.0,0.0,0.0,0.0,0.0,0,0,0,0,0.0,0,0,0,0,0,0,0,0,0,0,0,0,0,0,0,0,0,0,0,0,0,0,0,0,0,0,0,0,0,0,0,0,0,31,40,40,71,65476,0,300,0,0,8,21553,0.0,-107605600.0,0.0,0.0,0.0,0.0,0.0,0.0,0.0,0.0,0.0,0.0,0.0,0.0,0.0,0.0,0.0,0.0,0.0,0.0,0.0,0.0,0.0,-2.004,-2.004,0.0,0.0,0.0,0.0,0.0,6213.0,2.004,6920.0,2.718430741444032e+23,2.7184312818759872e+23,-0.0,2.718430741444032e+23,0.0,0.0,0.0,0.0,69,-0.0,-0.0,0.0,0.0,0.0,0.0,0.0,0.0,0.0,0,0,0,0.0,0.0,0.0,0.0,0.0,0.0,0.0,0.0,0.0,0.0,0.0,0.0,0.0,0.0,0.0,0.0,0,-107875648.0,69,0.0,138,0.0,-109447200.0,0,13107,17040,39322,17049,26215,17043,0,0,0,70,68,100,2.7302359370752657e+23,71.2,2.7302370179391762e+23,74.3,-0.0,74.0,1,49,50,180,13107,0,0,0,0.0,0.0,0.0,0.0,-0.0,67.0,0.0,162057.094,0.0,751,0,740,0,0,0,721,0,768,0,736,0,742,0,742,0,712,0,7520,0.032,108447924224.0,0.0,0.0,784,16797,-0.0,162057.094,-114818.039,-0.0,0.133,6.909358625270745e+28,30.0,65.0,35,0.0,0.0,0.0,0.0,0.0,0.0,0.0,0.0,0.0,0.0,0.0,0.0,0.0,0.0,0.0,0.0,69.2,0,150,71,55,65476,0,300,0,1,8,20529,65476,0,0,40632,65.0,0.0,0.0,0.0,0.0,0.0
2026-09-04T20:10:08,ERR,ERR,ERR,ERR,ERR,ERR,ERR,ERR,ERR,ERR,ERR,ERR,ERR,ERR,ERR,ERR,ERR,ERR,ERR,ERR,ERR,ERR,ERR,ERR,ERR,ERR,ERR,ERR,ERR,ERR,ERR,ERR,ERR,ERR,ERR,ERR,ERR,ERR,ERR,ERR,ERR,ERR,ERR,ERR,ERR,ERR,ERR,ERR,ERR,ERR,ERR,ERR,ERR,ERR,ERR,ERR,ERR,ERR,ERR,ERR,ERR,ERR,ERR,ERR,ERR,ERR,ERR,ERR,ERR,ERR,ERR,ERR,ERR,ERR,ERR,ERR,ERR,ERR,ERR,ERR,ERR,ERR,ERR,ERR,ERR,ERR,ERR,ERR,ERR,ERR,ERR,ERR,ERR,ERR,ERR,ERR,ERR,ERR,ERR,ERR,ERR,ERR,ERR,ERR,ERR,ERR,ERR,ERR,ERR,ERR,ERR,ERR,ERR,ERR,ERR,ERR,ERR,ERR,ERR,ERR,ERR,ERR,ERR,ERR,ERR,2.718430741444032e+23,2.7184312818759872e+23,0.0,0.0,0.0,1.3936040501711995e+18,7.805,0.0,0,0,4,0,7116,0.0,100,0.0,0.0,0.0,0.0,0.0,0,0,0,0,0.0,0,0,0,0,0,0,0,0,0,0,0,0,0,0,0,0,0,0,0,0,0,0,0,0,0,0,0,0,0,0,0,0,0,31,40,40,71,65476,0,300,0,0,8,21553,0.0,-107605600.0,0.0,0.0,0.0,0.0,0.0,0.0,0.0,0.0,0.0,0.0,0.0,0.0,0.0,0.0,0.0,0.0,0.0,0.0,0.0,0.0,0.0,-2.004,-2.004,0.0,0.0,0.0,0.0,0.0,6213.0,2.004,6920.0,2.718430741444032e+23,2.7184312818759872e+23,-0.0,2.718430741444032e+23,0.0,0.0,0.0,0.0,69,-0.0,-0.0,0.0,0.0,0.0,0.0,0.0,0.0,0.0,0,0,0,0.0,0.0,0.0,0.0,0.0,0.0,0.0,0.0,0.0,0.0,0.0,0.0,0.0,0.0,0.0,0.0,0,-107875648.0,69,0.0,138,0.0,-109447200.0,0,13107,17040,39322,17049,26215,17043,0,0,0,70,68,100,2.7302359370752657e+23,71.2,2.7302370179391762e+23,74.3,-0.0,74.0,1,49,50,180,13107,0,0,0,0.0,0.0,0.0,0.0,-0.0,67.0,0.0,162057.094,0.0,751,0,740,0,0,0,721,0,768,0,736,0,742,0,742,0,712,0,7520,0.032,108447924224.0,0.0,0.0,784,16797,-0.0,162057.094,-114818.039,-0.0,0.133,6.909358625270745e+28,30.0,65.0,35,0.0,0.0,0.0,0.0,0.0,0.0,0.0,0.0,0.0,0.0,0.0,0.0,0.0,0.0,0.0,0.0,69.2,0,150,71,55,65476,0,300,0,1,8,20529,65476,0,0,40632,65.0,0.0,0.0,0.0,0.0,0.0
2026-09-04T20:10:09,ERR,ERR,ERR,ERR,ERR,ERR,ERR,ERR,ERR,ERR,ERR,ERR,ERR,ERR,ERR,ERR,ERR,ERR,ERR,ERR,ERR,ERR,ERR,ERR,ERR,ERR,ERR,ERR,ERR,ERR,ERR,ERR,ERR,ERR,ERR,ERR,ERR,ERR,ERR,ERR,ERR,ERR,ERR,ERR,ERR,ERR,ERR,ERR,ERR,ERR,ERR,ERR,ERR,ERR,ERR,ERR,ERR,ERR,ERR,ERR,ERR,ERR,ERR,ERR,ERR,ERR,ERR,ERR,ERR,ERR,ERR,ERR,ERR,ERR,ERR,ERR,ERR,ERR,ERR,ERR,ERR,ERR,ERR,ERR,ERR,ERR,ERR,ERR,ERR,ERR,ERR,ERR,ERR,ERR,ERR,ERR,ERR,ERR,ERR,ERR,ERR,ERR,ERR,ERR,ERR,ERR,ERR,ERR,ERR,ERR,ERR,ERR,ERR,ERR,ERR,ERR,ERR,ERR,ERR,ERR,ERR,ERR,ERR,ERR,ERR,2.718430741444032e+23,2.7184312818759872e+23,0.0,0.0,0.0,1.3936040501711995e+18,7.805,0.0,0,0,4,0,7116,0.0,100,0.0,0.0,0.0,0.0,0.0,0,0,0,0,0.0,0,0,0,0,0,0,0,0,0,0,0,0,0,0,0,0,0,0,0,0,0,0,0,0,0,0,0,0,0,0,0,0,0,31,40,40,71,65476,0,300,0,0,8,21553,0.0,-107605600.0,0.0,0.0,0.0,0.0,0.0,0.0,0.0,0.0,0.0,0.0,0.0,0.0,0.0,0.0,0.0,0.0,0.0,0.0,0.0,0.0,0.0,-2.004,-2.004,0.0,0.0,0.0,0.0,0.0,6213.0,2.004,6920.0,2.718430741444032e+23,2.7184312818759872e+23,-0.0,2.718430741444032e+23,0.0,0.0,0.0,0.0,69,-0.0,-0.0,0.0,0.0,0.0,0.0,0.0,0.0,0.0,0,0,0,0.0,0.0,0.0,0.0,0.0,0.0,0.0,0.0,0.0,0.0,0.0,0.0,0.0,0.0,0.0,0.0,0,-107875648.0,69,0.0,138,0.0,-109447200.0,0,13107,17040,39322,17049,13107,17043,0,0,0,70,68,100,2.7302359370752657e+23,71.2,2.7302370179391762e+23,74.2,2.7302370179391762e+23,74.0,1,49,50,180,13107,52429,0,0,0.0,0.0,0.0,0.0,-0.0,67.0,0.0,162057.094,0.0,751,0,740,0,0,0,721,0,768,0,736,0,743,0,742,0,712,0,7520,0.032,108984795136.0,0.0,0.0,784,16797,-0.0,162057.094,-114818.039,-0.0,0.133,6.909358625270745e+28,30.0,65.0,35,0.0,0.0,0.0,0.0,0.0,0.0,0.0,0.0,0.0,0.0,0.0,0.0,0.0,0.0,0.0,0.0,69.2,0,150,71,55,65476,0,300,0,1,8,20529,65476,0,0,40632,65.0,0.0,0.0,0.0,0.0,0.0
2026-09-04T20:10:10,ERR,ERR,ERR,ERR,ERR,ERR,ERR,ERR,ERR,ERR,ERR,ERR,ERR,ERR,ERR,ERR,ERR,ERR,ERR,ERR,ERR,ERR,ERR,ERR,ERR,ERR,ERR,ERR,ERR,ERR,ERR,ERR,ERR,ERR,ERR,ERR,ERR,ERR,ERR,ERR,ERR,ERR,ERR,ERR,ERR,ERR,ERR,ERR,ERR,ERR,ERR,ERR,ERR,ERR,ERR,ERR,ERR,ERR,ERR,ERR,ERR,ERR,ERR,ERR,ERR,ERR,ERR,ERR,ERR,ERR,ERR,ERR,ERR,ERR,ERR,ERR,ERR,ERR,ERR,ERR,ERR,ERR,ERR,ERR,ERR,ERR,ERR,ERR,ERR,ERR,ERR,ERR,ERR,ERR,ERR,ERR,ERR,ERR,ERR,ERR,ERR,ERR,ERR,ERR,ERR,ERR,ERR,ERR,ERR,ERR,ERR,ERR,ERR,ERR,ERR,ERR,ERR,ERR,ERR,ERR,ERR,ERR,ERR,ERR,ERR,2.718430741444032e+23,2.7184312818759872e+23,0.0,0.0,0.0,1.3936040501711995e+18,7.805,0.0,0,0,4,0,7116,0.0,100,0.0,0.0,0.0,0.0,0.0,0,0,0,0,0.0,0,0,0,0,0,0,0,0,0,0,0,0,0,0,0,0,0,0,0,0,0,0,0,0,0,0,0,0,0,0,0,0,0,31,40,40,71,65476,0,300,0,0,8,21553,0.0,-107605600.0,0.0,0.0,0.0,0.0,0.0,0.0,0.0,0.0,0.0,0.0,0.0,0.0,0.0,0.0,0.0,0.0,0.0,0.0,0.0,0.0,0.0,-2.004,-2.004,0.0,0.0,0.0,0.0,0.0,6213.0,2.004,6920.0,2.718430741444032e+23,2.7184312818759872e+23,-0.0,2.718430741444032e+23,0.0,0.0,0.0,0.0,69,-0.0,-0.0,0.0,0.0,0.0,0.0,0.0,0.0,0.0,0,0,0,0.0,0.0,0.0,0.0,0.0,0.0,0.0,0.0,0.0,0.0,0.0,0.0,0.0,0.0,0.0,0.0,0,-107875648.0,69,0.0,138,0.0,-109447200.0,0,13107,17040,39322,17049,13107,17043,0,0,0,70,68,100,2.7302359370752657e+23,71.2,2.7302370179391762e+23,74.2,2.7302370179391762e+23,74.0,1,49,50,180,13107,52429,0,0,0.0,0.0,0.0,0.0,-0.0,67.0,0.0,162057.094,0.0,751,0,740,0,0,0,721,0,768,0,736,0,743,0,742,0,712,0,7520,0.032,108984795136.0,0.0,0.0,784,16797,-0.0,162057.094,-114818.039,-0.0,0.133,6.909358625270745e+28,30.0,65.0,35,0.0,0.0,0.0,0.0,0.0,0.0,0.0,0.0,0.0,0.0,0.0,0.0,0.0,0.0,0.0,0.0,69.2,0,150,71,55,65476,0,300,0,1,8,20529,65476,0,0,40632,65.0,0.0,0.0,0.0,0.0,0.0
2026-09-04T20:10:11,ERR,ERR,ERR,ERR,ERR,ERR,ERR,ERR,ERR,ERR,ERR,ERR,ERR,ERR,ERR,ERR,ERR,ERR,ERR,ERR,ERR,ERR,ERR,ERR,ERR,ERR,ERR,ERR,ERR,ERR,ERR,ERR,ERR,ERR,ERR,ERR,ERR,ERR,ERR,ERR,ERR,ERR,ERR,ERR,ERR,ERR,ERR,ERR,ERR,ERR,ERR,ERR,ERR,ERR,ERR,ERR,ERR,ERR,ERR,ERR,ERR,ERR,ERR,ERR,ERR,ERR,ERR,ERR,ERR,ERR,ERR,ERR,ERR,ERR,ERR,ERR,ERR,ERR,ERR,ERR,ERR,ERR,ERR,ERR,ERR,ERR,ERR,ERR,ERR,ERR,ERR,ERR,ERR,ERR,ERR,ERR,ERR,ERR,ERR,ERR,ERR,ERR,ERR,ERR,ERR,ERR,ERR,ERR,ERR,ERR,ERR,ERR,ERR,ERR,ERR,ERR,ERR,ERR,ERR,ERR,ERR,ERR,ERR,ERR,ERR,2.718430741444032e+23,2.7184312818759872e+23,0.0,0.0,0.0,1.3936040501711995e+18,7.805,0.0,0,0,4,0,7116,0.0,100,0.0,0.0,0.0,0.0,0.0,0,0,0,0,0.0,0,0,0,0,0,0,0,0,0,0,0,0,0,0,0,0,0,0,0,0,0,0,0,0,0,0,0,0,0,0,0,0,0,31,40,40,71,65476,0,300,0,0,8,21553,0.0,-107605600.0,0.0,0.0,0.0,0.0,0.0,0.0,0.0,0.0,0.0,0.0,0.0,0.0,0.0,0.0,0.0,0.0,0.0,0.0,0.0,0.0,0.0,-2.004,-2.004,0.0,0.0,0.0,0.0,0.0,6213.0,2.004,6920.0,2.718430741444032e+23,2.7184312818759872e+23,-0.0,2.718430741444032e+23,0.0,0.0,0.0,0.0,69,-0.0,-0.0,0.0,0.0,0.0,0.0,0.0,0.0,0.0,0,0,0,0.0,0.0,0.0,0.0,0.0,0.0,0.0,0.0,0.0,0.0,0.0,0.0,0.0,0.0,0.0,0.0,0,-107875648.0,69,0.0,138,0.0,-109447200.0,0,13107,17040,39322,17049,13107,17043,0,0,0,70,68,100,2.7302359370752657e+23,71.2,2.7302370179391762e+23,74.2,2.7302370179391762e+23,74.0,1,49,50,180,13107,52429,0,0,0.0,0.0,0.0,0.0,-0.0,67.0,0.0,162057.094,0.0,751,0,740,0,0,0,721,0,768,0,736,0,743,0,742,0,712,0,7520,0.032,108984795136.0,0.0,0.0,784,16797,-0.0,162057.094,-114818.039,-0.0,0.133,6.909358625270745e+28,30.0,65.0,35,0.0,0.0,0.0,0.0,0.0,0.0,0.0,0.0,0.0,0.0,0.0,0.0,0.0,0.0,0.0,0.0,69.2,0,150,71,55,65476,0,300,0,1,8,20529,65476,0,0,40632,65.0,0.0,0.0,0.0,0.0,0.0
2026-09-04T20:10:12,ERR,ERR,ERR,ERR,ERR,ERR,ERR,ERR,ERR,ERR,ERR,ERR,ERR,ERR,ERR,ERR,ERR,ERR,ERR,ERR,ERR,ERR,ERR,ERR,ERR,ERR,ERR,ERR,ERR,ERR,ERR,ERR,ERR,ERR,ERR,ERR,ERR,ERR,ERR,ERR,ERR,ERR,ERR,ERR,ERR,ERR,ERR,ERR,ERR,ERR,ERR,ERR,ERR,ERR,ERR,ERR,ERR,ERR,ERR,ERR,ERR,ERR,ERR,ERR,ERR,ERR,ERR,ERR,ERR,ERR,ERR,ERR,ERR,ERR,ERR,ERR,ERR,ERR,ERR,ERR,ERR,ERR,ERR,ERR,ERR,ERR,ERR,ERR,ERR,ERR,ERR,ERR,ERR,ERR,ERR,ERR,ERR,ERR,ERR,ERR,ERR,ERR,ERR,ERR,ERR,ERR,ERR,ERR,ERR,ERR,ERR,ERR,ERR,ERR,ERR,ERR,ERR,ERR,ERR,ERR,ERR,ERR,ERR,ERR,ERR,2.718430741444032e+23,2.7184312818759872e+23,0.0,0.0,0.0,1.3936040501711995e+18,7.805,0.0,0,0,4,0,7116,0.0,100,0.0,0.0,0.0,0.0,0.0,0,0,0,0,0.0,0,0,0,0,0,0,0,0,0,0,0,0,0,0,0,0,0,0,0,0,0,0,0,0,0,0,0,0,0,0,0,0,0,31,40,40,71,65476,0,300,0,0,8,21553,0.0,-107605600.0,0.0,0.0,0.0,0.0,0.0,0.0,0.0,0.0,0.0,0.0,0.0,0.0,0.0,0.0,0.0,0.0,0.0,0.0,0.0,0.0,0.0,-2.004,-2.004,0.0,0.0,0.0,0.0,0.0,6213.0,2.004,6920.0,2.718430741444032e+23,2.7184312818759872e+23,-0.0,2.718430741444032e+23,0.0,0.0,0.0,0.0,69,-0.0,-0.0,0.0,0.0,0.0,0.0,0.0,0.0,0.0,0,0,0,0.0,0.0,0.0,0.0,0.0,0.0,0.0,0.0,0.0,0.0,0.0,0.0,0.0,0.0,0.0,0.0,0,-107875648.0,69,0.0,138,0.0,-109447200.0,0,13107,17040,39322,17049,13107,17043,0,0,0,70,68,100,2.7302359370752657e+23,71.2,2.7302370179391762e+23,74.2,2.7302370179391762e+23,74.0,1,49,50,180,13107,52429,0,0,0.0,0.0,0.0,0.0,-0.0,67.0,0.0,162057.094,0.0,751,0,740,0,0,0,721,0,768,0,736,0,743,0,742,0,712,0,7520,0.032,108984795136.0,0.0,0.0,784,16797,-0.0,162057.094,-114818.039,-0.0,0.133,6.909358625270745e+28,30.0,65.0,35,0.0,0.0,0.0,0.0,0.0,0.0,0.0,0.0,0.0,0.0,0.0,0.0,0.0,0.0,0.0,0.0,69.2,0,150,71,55,65476,0,300,0,1,8,20529,65476,0,0,40632,65.0,0.0,0.0,0.0,0.0,0.0
2026-09-04T20:10:13,ERR,ERR,ERR,ERR,ERR,ERR,ERR,ERR,ERR,ERR,ERR,ERR,ERR,ERR,ERR,ERR,ERR,ERR,ERR,ERR,ERR,ERR,ERR,ERR,ERR,ERR,ERR,ERR,ERR,ERR,ERR,ERR,ERR,ERR,ERR,ERR,ERR,ERR,ERR,ERR,ERR,ERR,ERR,ERR,ERR,ERR,ERR,ERR,ERR,ERR,ERR,ERR,ERR,ERR,ERR,ERR,ERR,ERR,ERR,ERR,ERR,ERR,ERR,ERR,ERR,ERR,ERR,ERR,ERR,ERR,ERR,ERR,ERR,ERR,ERR,ERR,ERR,ERR,ERR,ERR,ERR,ERR,ERR,ERR,ERR,ERR,ERR,ERR,ERR,ERR,ERR,ERR,ERR,ERR,ERR,ERR,ERR,ERR,ERR,ERR,ERR,ERR,ERR,ERR,ERR,ERR,ERR,ERR,ERR,ERR,ERR,ERR,ERR,ERR,ERR,ERR,ERR,ERR,ERR,ERR,ERR,ERR,ERR,ERR,ERR,2.718430741444032e+23,2.7184312818759872e+23,0.0,0.0,0.0,1.3936040501711995e+18,7.805,0.0,0,0,4,0,7116,0.0,100,0.0,0.0,0.0,0.0,0.0,0,0,0,0,0.0,0,0,0,0,0,0,0,0,0,0,0,0,0,0,0,0,0,0,0,0,0,0,0,0,0,0,0,0,0,0,0,0,0,31,40,40,71,65476,0,300,0,0,8,21553,0.0,-107605600.0,0.0,0.0,0.0,0.0,0.0,0.0,0.0,0.0,0.0,0.0,0.0,0.0,0.0,0.0,0.0,0.0,0.0,0.0,0.0,0.0,0.0,-2.004,-2.004,0.0,0.0,0.0,0.0,0.0,6213.0,2.004,6920.0,2.718430741444032e+23,2.7184312818759872e+23,-0.0,2.718430741444032e+23,0.0,0.0,0.0,0.0,69,-0.0,-0.0,0.0,0.0,0.0,0.0,0.0,0.0,0.0,0,0,0,0.0,0.0,0.0,0.0,0.0,0.0,0.0,0.0,0.0,0.0,0.0,0.0,0.0,0.0,0.0,0.0,0,-107875648.0,69,0.0,138,0.0,-109447200.0,0,13107,17040,39322,17049,13107,17043,0,0,0,70,68,100,2.7302359370752657e+23,71.2,2.7302370179391762e+23,74.2,2.7302370179391762e+23,74.0,1,49,50,180,13107,52429,0,0,0.0,0.0,0.0,0.0,-0.0,67.0,0.0,162057.094,0.0,751,0,740,0,0,0,721,0,768,0,736,0,743,0,742,0,712,0,7520,0.032,108984795136.0,0.0,0.0,784,16797,-0.0,162057.094,-114818.039,-0.0,0.133,6.909358625270745e+28,30.0,65.0,35,0.0,0.0,0.0,0.0,0.0,0.0,0.0,0.0,0.0,0.0,0.0,0.0,0.0,0.0,0.0,0.0,69.2,0,150,71,55,65476,0,300,0,1,8,20529,65476,0,0,40632,65.0,0.0,0.0,0.0,0.0,0.0
2026-09-04T20:10:14,ERR,ERR,ERR,ERR,ERR,ERR,ERR,ERR,ERR,ERR,ERR,ERR,ERR,ERR,ERR,ERR,ERR,ERR,ERR,ERR,ERR,ERR,ERR,ERR,ERR,ERR,ERR,ERR,ERR,ERR,ERR,ERR,ERR,ERR,ERR,ERR,ERR,ERR,ERR,ERR,ERR,ERR,ERR,ERR,ERR,ERR,ERR,ERR,ERR,ERR,ERR,ERR,ERR,ERR,ERR,ERR,ERR,ERR,ERR,ERR,ERR,ERR,ERR,ERR,ERR,ERR,ERR,ERR,ERR,ERR,ERR,ERR,ERR,ERR,ERR,ERR,ERR,ERR,ERR,ERR,ERR,ERR,ERR,ERR,ERR,ERR,ERR,ERR,ERR,ERR,ERR,ERR,ERR,ERR,ERR,ERR,ERR,ERR,ERR,ERR,ERR,ERR,ERR,ERR,ERR,ERR,ERR,ERR,ERR,ERR,ERR,ERR,ERR,ERR,ERR,ERR,ERR,ERR,ERR,ERR,ERR,ERR,ERR,ERR,ERR,2.718430741444032e+23,2.7184312818759872e+23,0.0,0.0,0.0,1.3936040501711995e+18,7.805,0.0,0,0,4,0,7116,0.0,100,0.0,0.0,0.0,0.0,0.0,0,0,0,0,0.0,0,0,0,0,0,0,0,0,0,0,0,0,0,0,0,0,0,0,0,0,0,0,0,0,0,0,0,0,0,0,0,0,0,31,40,40,71,65476,0,300,0,0,8,21553,0.0,-107605600.0,0.0,0.0,0.0,0.0,0.0,0.0,0.0,0.0,0.0,0.0,0.0,0.0,0.0,0.0,0.0,0.0,0.0,0.0,0.0,0.0,0.0,-2.004,-2.004,0.0,0.0,0.0,0.0,0.0,6219.0,8608221184.0,6922.0,2.718430741444032e+23,2.7184312818759872e+23,-0.0,2.718430741444032e+23,0.0,0.0,0.0,0.0,69,-0.0,-0.0,0.0,0.0,0.0,0.0,0.0,0.0,0.0,0,0,0,0.0,0.0,0.0,0.0,0.0,0.0,0.0,0.0,0.0,0.0,0.0,0.0,0.0,0.0,0.0,0.0,0,-107875648.0,69,0.0,138,0.0,-109447200.0,0,13107,17040,39322,17049,13107,17043,0,0,0,70,68,100,2.7302359370752657e+23,71.2,2.7302370179391762e+23,74.2,-0.0,74.0,1,49,50,180,13107,0,0,0,0.0,0.0,0.0,0.0,-0.0,67.0,0.0,162057.094,0.0,751,0,739,0,0,0,721,0,767,0,736,0,742,0,741,0,712,0,7520,0.032,107911053312.0,0.0,0.0,784,16797,-0.0,162057.094,-114818.039,-0.0,0.133,6.909358625270745e+28,30.0,65.0,35,0.0,0.0,0.0,0.0,0.0,0.0,0.0,0.0,0.0,0.0,0.0,0.0,0.0,0.0,0.0,0.0,69.2,0,150,71,55,65476,0,300,0,1,8,20529,65476,0,0,40632,65.0,0.0,0.0,0.0,0.0,0.0
2026-09-04T20:10:15,ERR,ERR,ERR,ERR,ERR,ERR,ERR,ERR,ERR,ERR,ERR,ERR,ERR,ERR,ERR,ERR,ERR,ERR,ERR,ERR,ERR,ERR,ERR,ERR,ERR,ERR,ERR,ERR,ERR,ERR,ERR,ERR,ERR,ERR,ERR,ERR,ERR,ERR,ERR,ERR,ERR,ERR,ERR,ERR,ERR,ERR,ERR,ERR,ERR,ERR,ERR,ERR,ERR,ERR,ERR,ERR,ERR,ERR,ERR,ERR,ERR,ERR,ERR,ERR,ERR,ERR,ERR,ERR,ERR,ERR,ERR,ERR,ERR,ERR,ERR,ERR,ERR,ERR,ERR,ERR,ERR,ERR,ERR,ERR,ERR,ERR,ERR,ERR,ERR,ERR,ERR,ERR,ERR,ERR,ERR,ERR,ERR,ERR,ERR,ERR,ERR,ERR,ERR,ERR,ERR,ERR,ERR,ERR,ERR,ERR,ERR,ERR,ERR,ERR,ERR,ERR,ERR,ERR,ERR,ERR,ERR,ERR,ERR,ERR,ERR,2.718430741444032e+23,2.7184312818759872e+23,0.0,0.0,0.0,1.3936040501711995e+18,7.805,0.0,0,0,4,0,7116,0.0,100,0.0,0.0,0.0,0.0,0.0,0,0,0,0,0.0,0,0,0,0,0,0,0,0,0,0,0,0,0,0,0,0,0,0,0,0,0,0,0,0,0,0,0,0,0,0,0,0,0,31,40,40,71,65476,0,300,0,0,8,21553,0.0,-107605600.0,0.0,0.0,0.0,0.0,0.0,0.0,0.0,0.0,0.0,0.0,0.0,0.0,0.0,0.0,0.0,0.0,0.0,0.0,0.0,0.0,0.0,-2.004,-2.004,0.0,0.0,0.0,0.0,0.0,6219.0,8608221184.0,6922.0,2.718430741444032e+23,2.7184312818759872e+23,-0.0,2.718430741444032e+23,0.0,0.0,0.0,0.0,69,-0.0,-0.0,0.0,0.0,0.0,0.0,0.0,0.0,0.0,0,0,0,0.0,0.0,0.0,0.0,0.0,0.0,0.0,0.0,0.0,0.0,0.0,0.0,0.0,0.0,0.0,0.0,0,-107875648.0,69,0.0,138,0.0,-109447200.0,0,13107,17040,39322,17049,13107,17043,0,0,0,70,68,100,2.7302359370752657e+23,71.2,2.7302370179391762e+23,74.2,-0.0,74.0,1,49,50,180,13107,0,0,0,0.0,0.0,0.0,0.0,-0.0,67.0,0.0,162057.094,0.0,751,0,739,0,0,0,721,0,767,0,736,0,742,0,741,0,712,0,7520,0.032,107911053312.0,0.0,0.0,784,16797,-0.0,162057.094,-114818.039,-0.0,0.133,6.909358625270745e+28,30.0,65.0,35,0.0,0.0,0.0,0.0,0.0,0.0,0.0,0.0,0.0,0.0,0.0,0.0,0.0,0.0,0.0,0.0,69.2,0,150,71,55,65476,0,300,0,1,8,20529,65476,0,0,40632,65.0,0.0,0.0,0.0,0.0,0.0
2026-09-04T20:10:16,ERR,ERR,ERR,ERR,ERR,ERR,ERR,ERR,ERR,ERR,ERR,ERR,ERR,ERR,ERR,ERR,ERR,ERR,ERR,ERR,ERR,ERR,ERR,ERR,ERR,ERR,ERR,ERR,ERR,ERR,ERR,ERR,ERR,ERR,ERR,ERR,ERR,ERR,ERR,ERR,ERR,ERR,ERR,ERR,ERR,ERR,ERR,ERR,ERR,ERR,ERR,ERR,ERR,ERR,ERR,ERR,ERR,ERR,ERR,ERR,ERR,ERR,ERR,ERR,ERR,ERR,ERR,ERR,ERR,ERR,ERR,ERR,ERR,ERR,ERR,ERR,ERR,ERR,ERR,ERR,ERR,ERR,ERR,ERR,ERR,ERR,ERR,ERR,ERR,ERR,ERR,ERR,ERR,ERR,ERR,ERR,ERR,ERR,ERR,ERR,ERR,ERR,ERR,ERR,ERR,ERR,ERR,ERR,ERR,ERR,ERR,ERR,ERR,ERR,ERR,ERR,ERR,ERR,ERR,ERR,ERR,ERR,ERR,ERR,ERR,2.718430741444032e+23,2.7184312818759872e+23,0.0,0.0,0.0,1.3936040501711995e+18,7.805,0.0,0,0,4,0,7116,0.0,100,0.0,0.0,0.0,0.0,0.0,0,0,0,0,0.0,0,0,0,0,0,0,0,0,0,0,0,0,0,0,0,0,0,0,0,0,0,0,0,0,0,0,0,0,0,0,0,0,0,31,40,40,71,65476,0,300,0,0,8,21553,0.0,-107605600.0,0.0,0.0,0.0,0.0,0.0,0.0,0.0,0.0,0.0,0.0,0.0,0.0,0.0,0.0,0.0,0.0,0.0,0.0,0.0,0.0,0.0,-2.004,-2.004,0.0,0.0,0.0,0.0,0.0,6219.0,8608221184.0,6922.0,2.718430741444032e+23,2.7184312818759872e+23,-0.0,2.718430741444032e+23,0.0,0.0,0.0,0.0,69,-0.0,-0.0,0.0,0.0,0.0,0.0,0.0,0.0,0.0,0,0,0,0.0,0.0,0.0,0.0,0.0,0.0,0.0,0.0,0.0,0.0,0.0,0.0,0.0,0.0,0.0,0.0,0,-107875648.0,69,0.0,138,0.0,-109447200.0,0,13107,17040,39322,17049,13107,17043,0,0,0,70,68,100,2.7302359370752657e+23,71.2,2.7302370179391762e+23,74.2,-0.0,74.0,1,49,50,180,13107,0,0,0,0.0,0.0,0.0,0.0,-0.0,67.0,0.0,162057.094,0.0,751,0,739,0,0,0,721,0,767,0,736,0,742,0,741,0,712,0,7520,0.032,107911053312.0,0.0,0.0,784,16797,-0.0,162057.094,-114818.039,-0.0,0.133,6.909358625270745e+28,30.0,65.0,35,0.0,0.0,0.0,0.0,0.0,0.0,0.0,0.0,0.0,0.0,0.0,0.0,0.0,0.0,0.0,0.0,69.2,0,150,71,55,65476,0,300,0,1,8,20529,65476,0,0,40632,65.0,0.0,0.0,0.0,0.0,0.0
2026-09-04T20:10:17,ERR,ERR,ERR,ERR,ERR,ERR,ERR,ERR,ERR,ERR,ERR,ERR,ERR,ERR,ERR,ERR,ERR,ERR,ERR,ERR,ERR,ERR,ERR,ERR,ERR,ERR,ERR,ERR,ERR,ERR,ERR,ERR,ERR,ERR,ERR,ERR,ERR,ERR,ERR,ERR,ERR,ERR,ERR,ERR,ERR,ERR,ERR,ERR,ERR,ERR,ERR,ERR,ERR,ERR,ERR,ERR,ERR,ERR,ERR,ERR,ERR,ERR,ERR,ERR,ERR,ERR,ERR,ERR,ERR,ERR,ERR,ERR,ERR,ERR,ERR,ERR,ERR,ERR,ERR,ERR,ERR,ERR,ERR,ERR,ERR,ERR,ERR,ERR,ERR,ERR,ERR,ERR,ERR,ERR,ERR,ERR,ERR,ERR,ERR,ERR,ERR,ERR,ERR,ERR,ERR,ERR,ERR,ERR,ERR,ERR,ERR,ERR,ERR,ERR,ERR,ERR,ERR,ERR,ERR,ERR,ERR,ERR,ERR,ERR,ERR,2.718430741444032e+23,2.7184312818759872e+23,0.0,0.0,0.0,1.3936040501711995e+18,7.805,0.0,0,0,4,0,7116,0.0,100,0.0,0.0,0.0,0.0,0.0,0,0,0,0,0.0,0,0,0,0,0,0,0,0,0,0,0,0,0,0,0,0,0,0,0,0,0,0,0,0,0,0,0,0,0,0,0,0,0,31,40,40,71,65476,0,300,0,0,8,21553,0.0,-107605600.0,0.0,0.0,0.0,0.0,0.0,0.0,0.0,0.0,0.0,0.0,0.0,0.0,0.0,0.0,0.0,0.0,0.0,0.0,0.0,0.0,0.0,-2.004,-2.004,0.0,0.0,0.0,0.0,0.0,6219.0,8608221184.0,6922.0,2.718430741444032e+23,2.7184312818759872e+23,-0.0,2.718430741444032e+23,0.0,0.0,0.0,0.0,69,-0.0,-0.0,0.0,0.0,0.0,0.0,0.0,0.0,0.0,0,0,0,0.0,0.0,0.0,0.0,0.0,0.0,0.0,0.0,0.0,0.0,0.0,0.0,0.0,0.0,0.0,0.0,0,-107875648.0,69,0.0,138,0.0,-109447200.0,0,13107,17040,39322,17049,13107,17043,0,0,0,70,68,100,2.7302359370752657e+23,71.2,2.7302370179391762e+23,74.2,-0.0,74.0,1,49,50,180,13107,0,0,0,0.0,0.0,0.0,0.0,-0.0,67.0,0.0,162057.094,0.0,751,0,739,0,0,0,721,0,767,0,736,0,742,0,741,0,712,0,7520,0.032,107911053312.0,0.0,0.0,784,16797,-0.0,162057.094,-114818.039,-0.0,0.133,6.909358625270745e+28,30.0,65.0,35,0.0,0.0,0.0,0.0,0.0,0.0,0.0,0.0,0.0,0.0,0.0,0.0,0.0,0.0,0.0,0.0,69.2,0,150,71,55,65476,0,300,0,1,8,20529,65476,0,0,40632,65.0,0.0,0.0,0.0,0.0,0.0
2026-09-04T20:10:18,ERR,ERR,ERR,ERR,ERR,ERR,ERR,ERR,ERR,ERR,ERR,ERR,ERR,ERR,ERR,ERR,ERR,ERR,ERR,ERR,ERR,ERR,ERR,ERR,ERR,ERR,ERR,ERR,ERR,ERR,ERR,ERR,ERR,ERR,ERR,ERR,ERR,ERR,ERR,ERR,ERR,ERR,ERR,ERR,ERR,ERR,ERR,ERR,ERR,ERR,ERR,ERR,ERR,ERR,ERR,ERR,ERR,ERR,ERR,ERR,ERR,ERR,ERR,ERR,ERR,ERR,ERR,ERR,ERR,ERR,ERR,ERR,ERR,ERR,ERR,ERR,ERR,ERR,ERR,ERR,ERR,ERR,ERR,ERR,ERR,ERR,ERR,ERR,ERR,ERR,ERR,ERR,ERR,ERR,ERR,ERR,ERR,ERR,ERR,ERR,ERR,ERR,ERR,ERR,ERR,ERR,ERR,ERR,ERR,ERR,ERR,ERR,ERR,ERR,ERR,ERR,ERR,ERR,ERR,ERR,ERR,ERR,ERR,ERR,ERR,2.718430741444032e+23,2.7184312818759872e+23,0.0,0.0,0.0,1.3936040501711995e+18,7.805,0.0,0,0,4,0,7116,0.0,100,0.0,0.0,0.0,0.0,0.0,0,0,0,0,0.0,0,0,0,0,0,0,0,0,0,0,0,0,0,0,0,0,0,0,0,0,0,0,0,0,0,0,0,0,0,0,0,0,0,31,40,40,71,65476,0,300,0,0,8,21553,0.0,-107605600.0,0.0,0.0,0.0,0.0,0.0,0.0,0.0,0.0,0.0,0.0,0.0,0.0,0.0,0.0,0.0,0.0,0.0,0.0,0.0,0.0,0.0,-2.004,-2.004,0.0,0.0,0.0,0.0,0.0,6219.0,8608221184.0,6922.0,2.718430741444032e+23,2.7184312818759872e+23,-0.0,2.718430741444032e+23,0.0,0.0,0.0,0.0,69,-0.0,-0.0,0.0,0.0,0.0,0.0,0.0,0.0,0.0,0,0,0,0.0,0.0,0.0,0.0,0.0,0.0,0.0,0.0,0.0,0.0,0.0,0.0,0.0,0.0,0.0,0.0,0,-107875648.0,69,0.0,138,0.0,-109447200.0,0,13107,17040,39322,17049,13107,17043,0,0,0,70,68,100,2.7302359370752657e+23,71.2,2.7302370179391762e+23,74.2,-0.0,74.0,1,49,50,180,13107,0,0,0,0.0,0.0,0.0,0.0,-0.0,67.0,0.0,162057.094,0.0,751,0,739,0,0,0,721,0,767,0,736,0,742,0,741,0,712,0,7520,0.032,107911053312.0,0.0,0.0,784,16797,-0.0,162057.094,-114818.039,-0.0,0.133,6.909358625270745e+28,30.0,65.0,35,0.0,0.0,0.0,0.0,0.0,0.0,0.0,0.0,0.0,0.0,0.0,0.0,0.0,0.0,0.0,0.0,69.2,0,150,71,55,65476,0,300,0,1,8,20529,65476,0,0,40632,65.0,0.0,0.0,0.0,0.0,0.0
2026-09-04T20:10:19,ERR,ERR,ERR,ERR,ERR,ERR,ERR,ERR,ERR,ERR,ERR,ERR,ERR,ERR,ERR,ERR,ERR,ERR,ERR,ERR,ERR,ERR,ERR,ERR,ERR,ERR,ERR,ERR,ERR,ERR,ERR,ERR,ERR,ERR,ERR,ERR,ERR,ERR,ERR,ERR,ERR,ERR,ERR,ERR,ERR,ERR,ERR,ERR,ERR,ERR,ERR,ERR,ERR,ERR,ERR,ERR,ERR,ERR,ERR,ERR,ERR,ERR,ERR,ERR,ERR,ERR,ERR,ERR,ERR,ERR,ERR,ERR,ERR,ERR,ERR,ERR,ERR,ERR,ERR,ERR,ERR,ERR,ERR,ERR,ERR,ERR,ERR,ERR,ERR,ERR,ERR,ERR,ERR,ERR,ERR,ERR,ERR,ERR,ERR,ERR,ERR,ERR,ERR,ERR,ERR,ERR,ERR,ERR,ERR,ERR,ERR,ERR,ERR,ERR,ERR,ERR,ERR,ERR,ERR,ERR,ERR,ERR,ERR,ERR,ERR,2.718430741444032e+23,2.7184312818759872e+23,0.0,0.0,0.0,1.3936040501711995e+18,7.805,0.0,0,0,4,0,7116,0.0,100,0.0,0.0,0.0,0.0,0.0,0,0,0,0,0.0,0,0,0,0,0,0,0,0,0,0,0,0,0,0,0,0,0,0,0,0,0,0,0,0,0,0,0,0,0,0,0,0,0,31,40,40,71,65476,0,300,0,0,8,21553,0.0,-107605600.0,0.0,0.0,0.0,0.0,0.0,0.0,0.0,0.0,0.0,0.0,0.0,0.0,0.0,0.0,0.0,0.0,0.0,0.0,0.0,0.0,0.0,-2.004,-2.004,0.0,0.0,0.0,0.0,0.0,6219.0,8608221184.0,6922.0,2.718430741444032e+23,2.7184312818759872e+23,-0.0,2.718430741444032e+23,0.0,0.0,0.0,0.0,69,-0.0,-0.0,0.0,0.0,0.0,0.0,0.0,0.0,0.0,0,0,0,0.0,0.0,0.0,0.0,0.0,0.0,0.0,0.0,0.0,0.0,0.0,0.0,0.0,0.0,0.0,0.0,0,-107875648.0,69,0.0,138,0.0,-109447200.0,0,13107,17040,39322,17049,13107,17043,0,0,0,70,68,100,2.7302359370752657e+23,71.2,2.7302370179391762e+23,74.2,-0.0,74.0,1,49,50,180,13107,0,0,0,0.0,0.0,0.0,0.0,-0.0,67.0,0.0,162057.094,0.0,751,0,739,0,0,0,721,0,767,0,736,0,742,0,741,0,712,0,7520,0.032,107911053312.0,0.0,0.0,784,16797,-0.0,162057.094,-114818.039,-0.0,0.133,6.909358625270745e+28,30.0,65.0,35,0.0,0.0,0.0,0.0,0.0,0.0,0.0,0.0,0.0,0.0,0.0,0.0,0.0,0.0,0.0,0.0,69.2,0,150,71,55,65476,0,300,0,1,8,20529,65476,0,0,40632,65.0,0.0,0.0,0.0,0.0,0.0
2026-09-04T20:10:20,ERR,ERR,ERR,ERR,ERR,ERR,ERR,ERR,ERR,ERR,ERR,ERR,ERR,ERR,ERR,ERR,ERR,ERR,ERR,ERR,ERR,ERR,ERR,ERR,ERR,ERR,ERR,ERR,ERR,ERR,ERR,ERR,ERR,ERR,ERR,ERR,ERR,ERR,ERR,ERR,ERR,ERR,ERR,ERR,ERR,ERR,ERR,ERR,ERR,ERR,ERR,ERR,ERR,ERR,ERR,ERR,ERR,ERR,ERR,ERR,ERR,ERR,ERR,ERR,ERR,ERR,ERR,ERR,ERR,ERR,ERR,ERR,ERR,ERR,ERR,ERR,ERR,ERR,ERR,ERR,ERR,ERR,ERR,ERR,ERR,ERR,ERR,ERR,ERR,ERR,ERR,ERR,ERR,ERR,ERR,ERR,ERR,ERR,ERR,ERR,ERR,ERR,ERR,ERR,ERR,ERR,ERR,ERR,ERR,ERR,ERR,ERR,ERR,ERR,ERR,ERR,ERR,ERR,ERR,ERR,ERR,ERR,ERR,ERR,ERR,2.718430741444032e+23,2.7184312818759872e+23,0.0,0.0,0.0,1.3936040501711995e+18,7.805,0.0,0,0,4,0,7116,0.0,100,0.0,0.0,0.0,0.0,0.0,0,0,0,0,0.0,0,0,0,0,0,0,0,0,0,0,0,0,0,0,0,0,0,0,0,0,0,0,0,0,0,0,0,0,0,0,0,0,0,31,40,40,71,65476,0,300,0,0,8,21553,0.0,-107605600.0,0.0,0.0,0.0,0.0,0.0,0.0,0.0,0.0,0.0,0.0,0.0,0.0,0.0,0.0,0.0,0.0,0.0,0.0,0.0,0.0,0.0,-2.004,-2.004,0.0,0.0,0.0,0.0,0.0,6219.0,8608221184.0,6922.0,2.718430741444032e+23,2.7184312818759872e+23,-0.0,2.718430741444032e+23,0.0,0.0,0.0,0.0,69,-0.0,-0.0,0.0,0.0,0.0,0.0,0.0,0.0,0.0,0,0,0,0.0,0.0,0.0,0.0,0.0,0.0,0.0,0.0,0.0,0.0,0.0,0.0,0.0,0.0,0.0,0.0,0,-107875648.0,69,0.0,138,0.0,-109447200.0,0,13107,17040,39322,17049,13107,17043,0,0,0,70,68,100,2.7302359370752657e+23,71.1,2.7302370179391762e+23,74.3,2.7302370179391762e+23,74.0,1,49,50,180,13107,0,0,0,0.0,0.0,0.0,0.0,-0.0,67.0,0.0,162057.094,0.0,751,0,739,0,0,0,721,0,768,0,737,0,742,0,742,0,712,0,7520,0.032,108447924224.0,0.0,0.0,784,16797,-0.0,162057.094,-114818.039,-0.0,0.133,6.909358625270745e+28,30.0,65.0,35,0.0,0.0,0.0,0.0,0.0,0.0,0.0,0.0,0.0,0.0,0.0,0.0,0.0,0.0,0.0,0.0,69.2,0,150,71,55,65476,0,300,0,1,8,20529,65476,0,0,40632,65.0,0.0,0.0,0.0,0.0,0.0
2026-09-04T20:10:21,ERR,ERR,ERR,ERR,ERR,ERR,ERR,ERR,ERR,ERR,ERR,ERR,ERR,ERR,ERR,ERR,ERR,ERR,ERR,ERR,ERR,ERR,ERR,ERR,ERR,ERR,ERR,ERR,ERR,ERR,ERR,ERR,ERR,ERR,ERR,ERR,ERR,ERR,ERR,ERR,ERR,ERR,ERR,ERR,ERR,ERR,ERR,ERR,ERR,ERR,ERR,ERR,ERR,ERR,ERR,ERR,ERR,ERR,ERR,ERR,ERR,ERR,ERR,ERR,ERR,ERR,ERR,ERR,ERR,ERR,ERR,ERR,ERR,ERR,ERR,ERR,ERR,ERR,ERR,ERR,ERR,ERR,ERR,ERR,ERR,ERR,ERR,ERR,ERR,ERR,ERR,ERR,ERR,ERR,ERR,ERR,ERR,ERR,ERR,ERR,ERR,ERR,ERR,ERR,ERR,ERR,ERR,ERR,ERR,ERR,ERR,ERR,ERR,ERR,ERR,ERR,ERR,ERR,ERR,ERR,ERR,ERR,ERR,ERR,ERR,2.718430741444032e+23,2.7184312818759872e+23,0.0,0.0,0.0,1.3936040501711995e+18,7.805,0.0,0,0,4,0,7116,0.0,100,0.0,0.0,0.0,0.0,0.0,0,0,0,0,0.0,0,0,0,0,0,0,0,0,0,0,0,0,0,0,0,0,0,0,0,0,0,0,0,0,0,0,0,0,0,0,0,0,0,31,40,40,71,65476,0,300,0,0,8,21553,0.0,-107605600.0,0.0,0.0,0.0,0.0,0.0,0.0,0.0,0.0,0.0,0.0,0.0,0.0,0.0,0.0,0.0,0.0,0.0,0.0,0.0,0.0,0.0,-2.004,-2.004,0.0,0.0,0.0,0.0,0.0,6219.0,8608221184.0,6922.0,2.718430741444032e+23,2.7184312818759872e+23,-0.0,2.718430741444032e+23,0.0,0.0,0.0,0.0,69,-0.0,-0.0,0.0,0.0,0.0,0.0,0.0,0.0,0.0,0,0,0,0.0,0.0,0.0,0.0,0.0,0.0,0.0,0.0,0.0,0.0,0.0,0.0,0.0,0.0,0.0,0.0,0,-107875648.0,69,0.0,138,0.0,-109447200.0,0,13107,17040,39322,17049,13107,17043,0,0,0,70,68,100,2.7302359370752657e+23,71.1,2.7302370179391762e+23,74.3,2.7302370179391762e+23,74.0,1,49,50,180,13107,0,0,0,0.0,0.0,0.0,0.0,-0.0,67.0,0.0,162057.094,0.0,751,0,739,0,0,0,721,0,768,0,737,0,742,0,742,0,712,0,7520,0.032,108447924224.0,0.0,0.0,784,16797,-0.0,162057.094,-114818.039,-0.0,0.133,6.909358625270745e+28,30.0,65.0,35,0.0,0.0,0.0,0.0,0.0,0.0,0.0,0.0,0.0,0.0,0.0,0.0,0.0,0.0,0.0,0.0,69.2,0,150,71,55,65476,0,300,0,1,8,20529,65476,0,0,40632,65.0,0.0,0.0,0.0,0.0,0.0
2026-09-04T20:10:22,ERR,ERR,ERR,ERR,ERR,ERR,ERR,ERR,ERR,ERR,ERR,ERR,ERR,ERR,ERR,ERR,ERR,ERR,ERR,ERR,ERR,ERR,ERR,ERR,ERR,ERR,ERR,ERR,ERR,ERR,ERR,ERR,ERR,ERR,ERR,ERR,ERR,ERR,ERR,ERR,ERR,ERR,ERR,ERR,ERR,ERR,ERR,ERR,ERR,ERR,ERR,ERR,ERR,ERR,ERR,ERR,ERR,ERR,ERR,ERR,ERR,ERR,ERR,ERR,ERR,ERR,ERR,ERR,ERR,ERR,ERR,ERR,ERR,ERR,ERR,ERR,ERR,ERR,ERR,ERR,ERR,ERR,ERR,ERR,ERR,ERR,ERR,ERR,ERR,ERR,ERR,ERR,ERR,ERR,ERR,ERR,ERR,ERR,ERR,ERR,ERR,ERR,ERR,ERR,ERR,ERR,ERR,ERR,ERR,ERR,ERR,ERR,ERR,ERR,ERR,ERR,ERR,ERR,ERR,ERR,ERR,ERR,ERR,ERR,ERR,2.718430741444032e+23,2.7184312818759872e+23,0.0,0.0,0.0,1.3936040501711995e+18,7.805,0.0,0,0,4,0,7116,0.0,100,0.0,0.0,0.0,0.0,0.0,0,0,0,0,0.0,0,0,0,0,0,0,0,0,0,0,0,0,0,0,0,0,0,0,0,0,0,0,0,0,0,0,0,0,0,0,0,0,0,31,40,40,71,65476,0,300,0,0,8,21553,0.0,-107605600.0,0.0,0.0,0.0,0.0,0.0,0.0,0.0,0.0,0.0,0.0,0.0,0.0,0.0,0.0,0.0,0.0,0.0,0.0,0.0,0.0,0.0,-2.004,-2.004,0.0,0.0,0.0,0.0,0.0,6223.0,131351.031,6921.0,2.718430741444032e+23,2.7184312818759872e+23,-0.0,2.718430741444032e+23,0.0,0.0,0.0,0.0,69,-0.0,-152018085740544.0,0.0,0.0,0.0,0.0,0.0,0.0,0.0,0,0,0,0.0,0.0,0.0,0.0,0.0,0.0,0.0,0.0,0.0,0.0,0.0,0.0,0.0,0.0,0.0,0.0,0,-107875648.0,69,0.0,138,0.0,-109447200.0,0,13107,17040,39322,17049,13107,17043,0,0,0,70,68,100,2.7302359370752657e+23,71.1,2.7302370179391762e+23,74.3,2.7302370179391762e+23,74.0,1,49,50,180,13107,0,0,0,0.0,0.0,0.0,0.0,-0.0,67.0,0.0,162057.094,0.0,751,0,739,0,0,0,721,0,768,0,737,0,742,0,742,0,712,0,7520,0.032,108447924224.0,0.0,0.0,784,16797,-0.0,162057.094,-114818.039,-0.0,0.133,6.909358625270745e+28,30.0,65.0,35,0.0,0.0,0.0,0.0,0.0,0.0,0.0,0.0,0.0,0.0,0.0,0.0,0.0,0.0,0.0,0.0,69.2,0,150,71,55,65476,0,300,0,1,8,20529,65476,0,0,40632,65.0,0.0,0.0,0.0,0.0,0.0
2026-09-04T20:10:23,ERR,ERR,ERR,ERR,ERR,ERR,ERR,ERR,ERR,ERR,ERR,ERR,ERR,ERR,ERR,ERR,ERR,ERR,ERR,ERR,ERR,ERR,ERR,ERR,ERR,ERR,ERR,ERR,ERR,ERR,ERR,ERR,ERR,ERR,ERR,ERR,ERR,ERR,ERR,ERR,ERR,ERR,ERR,ERR,ERR,ERR,ERR,ERR,ERR,ERR,ERR,ERR,ERR,ERR,ERR,ERR,ERR,ERR,ERR,ERR,ERR,ERR,ERR,ERR,ERR,ERR,ERR,ERR,ERR,ERR,ERR,ERR,ERR,ERR,ERR,ERR,ERR,ERR,ERR,ERR,ERR,ERR,ERR,ERR,ERR,ERR,ERR,ERR,ERR,ERR,ERR,ERR,ERR,ERR,ERR,ERR,ERR,ERR,ERR,ERR,ERR,ERR,ERR,ERR,ERR,ERR,ERR,ERR,ERR,ERR,ERR,ERR,ERR,ERR,ERR,ERR,ERR,ERR,ERR,ERR,ERR,ERR,ERR,ERR,ERR,2.718430741444032e+23,2.7184312818759872e+23,0.0,0.0,0.0,1.3936040501711995e+18,7.805,0.0,0,0,4,0,7116,0.0,100,0.0,0.0,0.0,0.0,0.0,0,0,0,0,0.0,0,0,0,0,0,0,0,0,0,0,0,0,0,0,0,0,0,0,0,0,0,0,0,0,0,0,0,0,0,0,0,0,0,31,40,40,71,65476,0,300,0,0,8,21553,0.0,-107605600.0,0.0,0.0,0.0,0.0,0.0,0.0,0.0,0.0,0.0,0.0,0.0,0.0,0.0,0.0,0.0,0.0,0.0,0.0,0.0,0.0,0.0,-2.004,-2.004,0.0,0.0,0.0,0.0,0.0,6223.0,131351.031,6921.0,2.718430741444032e+23,2.7184312818759872e+23,-0.0,2.718430741444032e+23,0.0,0.0,0.0,0.0,69,-0.0,-152018085740544.0,0.0,0.0,0.0,0.0,0.0,0.0,0.0,0,0,0,0.0,0.0,0.0,0.0,0.0,0.0,0.0,0.0,0.0,0.0,0.0,0.0,0.0,0.0,0.0,0.0,0,-107875648.0,69,0.0,138,0.0,-109447200.0,0,13107,17040,39322,17049,13107,17043,0,0,0,70,68,100,2.7302359370752657e+23,71.1,2.7302370179391762e+23,74.3,2.7302370179391762e+23,74.0,1,49,50,180,13107,0,0,0,0.0,0.0,0.0,0.0,-0.0,67.0,0.0,162057.094,0.0,751,0,739,0,0,0,721,0,768,0,737,0,742,0,742,0,712,0,7520,0.032,108447924224.0,0.0,0.0,784,16797,-0.0,162057.094,-114818.039,-0.0,0.133,6.909358625270745e+28,30.0,65.0,35,0.0,0.0,0.0,0.0,0.0,0.0,0.0,0.0,0.0,0.0,0.0,0.0,0.0,0.0,0.0,0.0,69.2,0,150,71,55,65476,0,300,0,1,8,20529,65476,0,0,40632,65.0,0.0,0.0,0.0,0.0,0.0
2026-09-04T20:10:24,ERR,ERR,ERR,ERR,ERR,ERR,ERR,ERR,ERR,ERR,ERR,ERR,ERR,ERR,ERR,ERR,ERR,ERR,ERR,ERR,ERR,ERR,ERR,ERR,ERR,ERR,ERR,ERR,ERR,ERR,ERR,ERR,ERR,ERR,ERR,ERR,ERR,ERR,ERR,ERR,ERR,ERR,ERR,ERR,ERR,ERR,ERR,ERR,ERR,ERR,ERR,ERR,ERR,ERR,ERR,ERR,ERR,ERR,ERR,ERR,ERR,ERR,ERR,ERR,ERR,ERR,ERR,ERR,ERR,ERR,ERR,ERR,ERR,ERR,ERR,ERR,ERR,ERR,ERR,ERR,ERR,ERR,ERR,ERR,ERR,ERR,ERR,ERR,ERR,ERR,ERR,ERR,ERR,ERR,ERR,ERR,ERR,ERR,ERR,ERR,ERR,ERR,ERR,ERR,ERR,ERR,ERR,ERR,ERR,ERR,ERR,ERR,ERR,ERR,ERR,ERR,ERR,ERR,ERR,ERR,ERR,ERR,ERR,ERR,ERR,2.718430741444032e+23,2.7184312818759872e+23,0.0,0.0,0.0,1.3936040501711995e+18,7.805,0.0,0,0,4,0,7116,0.0,100,0.0,0.0,0.0,0.0,0.0,0,0,0,0,0.0,0,0,0,0,0,0,0,0,0,0,0,0,0,0,0,0,0,0,0,0,0,0,0,0,0,0,0,0,0,0,0,0,0,31,40,40,71,65476,0,300,0,0,8,21553,0.0,-107605600.0,0.0,0.0,0.0,0.0,0.0,0.0,0.0,0.0,0.0,0.0,0.0,0.0,0.0,0.0,0.0,0.0,0.0,0.0,0.0,0.0,0.0,-2.004,-2.004,0.0,0.0,0.0,0.0,0.0,6223.0,131351.031,6921.0,2.718430741444032e+23,2.7184312818759872e+23,-0.0,2.718430741444032e+23,0.0,0.0,0.0,0.0,69,-0.0,-152018085740544.0,0.0,0.0,0.0,0.0,0.0,0.0,0.0,0,0,0,0.0,0.0,0.0,0.0,0.0,0.0,0.0,0.0,0.0,0.0,0.0,0.0,0.0,0.0,0.0,0.0,0,-107875648.0,69,0.0,138,0.0,-109447200.0,0,13107,17040,39322,17049,13107,17043,0,0,0,70,68,100,2.7302359370752657e+23,71.1,2.7302370179391762e+23,74.3,2.7302370179391762e+23,74.0,1,49,50,180,13107,0,0,0,0.0,0.0,0.0,0.0,-0.0,67.0,0.0,162057.094,0.0,751,0,739,0,0,0,721,0,768,0,737,0,742,0,742,0,712,0,7520,0.032,108447924224.0,0.0,0.0,784,16797,-0.0,162057.094,-114818.039,-0.0,0.133,6.909358625270745e+28,30.0,65.0,35,0.0,0.0,0.0,0.0,0.0,0.0,0.0,0.0,0.0,0.0,0.0,0.0,0.0,0.0,0.0,0.0,69.2,0,150,71,55,65476,0,300,0,1,8,20529,65476,0,0,40632,65.0,0.0,0.0,0.0,0.0,0.0
2026-09-04T20:10:25,ERR,ERR,ERR,ERR,ERR,ERR,ERR,ERR,ERR,ERR,ERR,ERR,ERR,ERR,ERR,ERR,ERR,ERR,ERR,ERR,ERR,ERR,ERR,ERR,ERR,ERR,ERR,ERR,ERR,ERR,ERR,ERR,ERR,ERR,ERR,ERR,ERR,ERR,ERR,ERR,ERR,ERR,ERR,ERR,ERR,ERR,ERR,ERR,ERR,ERR,ERR,ERR,ERR,ERR,ERR,ERR,ERR,ERR,ERR,ERR,ERR,ERR,ERR,ERR,ERR,ERR,ERR,ERR,ERR,ERR,ERR,ERR,ERR,ERR,ERR,ERR,ERR,ERR,ERR,ERR,ERR,ERR,ERR,ERR,ERR,ERR,ERR,ERR,ERR,ERR,ERR,ERR,ERR,ERR,ERR,ERR,ERR,ERR,ERR,ERR,ERR,ERR,ERR,ERR,ERR,ERR,ERR,ERR,ERR,ERR,ERR,ERR,ERR,ERR,ERR,ERR,ERR,ERR,ERR,ERR,ERR,ERR,ERR,ERR,ERR,2.718430741444032e+23,2.7184312818759872e+23,0.0,0.0,0.0,1.3936040501711995e+18,7.805,0.0,0,0,4,0,7116,0.0,100,0.0,0.0,0.0,0.0,0.0,0,0,0,0,0.0,0,0,0,0,0,0,0,0,0,0,0,0,0,0,0,0,0,0,0,0,0,0,0,0,0,0,0,0,0,0,0,0,0,31,40,40,71,65476,0,300,0,0,8,21553,0.0,-107605600.0,0.0,0.0,0.0,0.0,0.0,0.0,0.0,0.0,0.0,0.0,0.0,0.0,0.0,0.0,0.0,0.0,0.0,0.0,0.0,0.0,0.0,-2.004,-2.004,0.0,0.0,0.0,0.0,0.0,6223.0,131351.031,6921.0,2.718430741444032e+23,2.7184312818759872e+23,-0.0,2.718430741444032e+23,0.0,0.0,0.0,0.0,69,-0.0,-152018085740544.0,0.0,0.0,0.0,0.0,0.0,0.0,0.0,0,0,0,0.0,0.0,0.0,0.0,0.0,0.0,0.0,0.0,0.0,0.0,0.0,0.0,0.0,0.0,0.0,0.0,0,-107875648.0,69,0.0,138,0.0,-109447200.0,0,13107,17040,39322,17049,13107,17043,0,0,0,70,68,100,2.7302359370752657e+23,71.2,2.7302370179391762e+23,74.3,2.7302370179391762e+23,74.0,1,49,50,180,13107,0,0,0,0.0,0.0,0.0,0.0,-0.0,67.0,0.0,162057.094,0.0,751,0,740,0,0,0,721,0,768,0,736,0,742,0,742,0,712,0,7520,0.032,108447924224.0,0.0,0.0,784,16797,-0.0,162057.094,-114818.039,-0.0,0.133,6.909358625270745e+28,30.0,65.0,35,0.0,0.0,0.0,0.0,0.0,0.0,0.0,0.0,0.0,0.0,0.0,0.0,0.0,0.0,0.0,0.0,69.2,0,150,71,55,65476,0,300,0,1,8,20529,65476,0,0,40632,65.0,0.0,0.0,0.0,0.0,0.0
2026-09-04T20:10:26,ERR,ERR,ERR,ERR,ERR,ERR,ERR,ERR,ERR,ERR,ERR,ERR,ERR,ERR,ERR,ERR,ERR,ERR,ERR,ERR,ERR,ERR,ERR,ERR,ERR,ERR,ERR,ERR,ERR,ERR,ERR,ERR,ERR,ERR,ERR,ERR,ERR,ERR,ERR,ERR,ERR,ERR,ERR,ERR,ERR,ERR,ERR,ERR,ERR,ERR,ERR,ERR,ERR,ERR,ERR,ERR,ERR,ERR,ERR,ERR,ERR,ERR,ERR,ERR,ERR,ERR,ERR,ERR,ERR,ERR,ERR,ERR,ERR,ERR,ERR,ERR,ERR,ERR,ERR,ERR,ERR,ERR,ERR,ERR,ERR,ERR,ERR,ERR,ERR,ERR,ERR,ERR,ERR,ERR,ERR,ERR,ERR,ERR,ERR,ERR,ERR,ERR,ERR,ERR,ERR,ERR,ERR,ERR,ERR,ERR,ERR,ERR,ERR,ERR,ERR,ERR,ERR,ERR,ERR,ERR,ERR,ERR,ERR,ERR,ERR,2.718430741444032e+23,2.7184312818759872e+23,0.0,0.0,0.0,1.3936040501711995e+18,7.805,0.0,0,0,4,0,7116,0.0,100,0.0,0.0,0.0,0.0,0.0,0,0,0,0,0.0,0,0,0,0,0,0,0,0,0,0,0,0,0,0,0,0,0,0,0,0,0,0,0,0,0,0,0,0,0,0,0,0,0,31,40,40,71,65476,0,300,0,0,8,21553,0.0,-107605600.0,0.0,0.0,0.0,0.0,0.0,0.0,0.0,0.0,0.0,0.0,0.0,0.0,0.0,0.0,0.0,0.0,0.0,0.0,0.0,0.0,0.0,-2.004,-2.004,0.0,0.0,0.0,0.0,0.0,6223.0,131351.031,6921.0,2.718430741444032e+23,2.7184312818759872e+23,-0.0,2.718430741444032e+23,0.0,0.0,0.0,0.0,69,-0.0,-152018085740544.0,0.0,0.0,0.0,0.0,0.0,0.0,0.0,0,0,0,0.0,0.0,0.0,0.0,0.0,0.0,0.0,0.0,0.0,0.0,0.0,0.0,0.0,0.0,0.0,0.0,0,-107875648.0,69,0.0,138,0.0,-109447200.0,0,13107,17040,39322,17049,13107,17043,0,0,0,70,68,100,2.7302359370752657e+23,71.2,2.7302370179391762e+23,74.3,2.7302370179391762e+23,74.0,1,49,50,180,13107,0,0,0,0.0,0.0,0.0,0.0,-0.0,67.0,0.0,162057.094,0.0,751,0,740,0,0,0,721,0,768,0,736,0,742,0,742,0,712,0,7520,0.032,108447924224.0,0.0,0.0,784,16797,-0.0,162057.094,-114818.039,-0.0,0.133,6.909358625270745e+28,30.0,65.0,35,0.0,0.0,0.0,0.0,0.0,0.0,0.0,0.0,0.0,0.0,0.0,0.0,0.0,0.0,0.0,0.0,69.2,0,150,71,55,65476,0,300,0,1,8,20529,65476,0,0,40632,65.0,0.0,0.0,0.0,0.0,0.0
2026-09-04T20:10:27,ERR,ERR,ERR,ERR,ERR,ERR,ERR,ERR,ERR,ERR,ERR,ERR,ERR,ERR,ERR,ERR,ERR,ERR,ERR,ERR,ERR,ERR,ERR,ERR,ERR,ERR,ERR,ERR,ERR,ERR,ERR,ERR,ERR,ERR,ERR,ERR,ERR,ERR,ERR,ERR,ERR,ERR,ERR,ERR,ERR,ERR,ERR,ERR,ERR,ERR,ERR,ERR,ERR,ERR,ERR,ERR,ERR,ERR,ERR,ERR,ERR,ERR,ERR,ERR,ERR,ERR,ERR,ERR,ERR,ERR,ERR,ERR,ERR,ERR,ERR,ERR,ERR,ERR,ERR,ERR,ERR,ERR,ERR,ERR,ERR,ERR,ERR,ERR,ERR,ERR,ERR,ERR,ERR,ERR,ERR,ERR,ERR,ERR,ERR,ERR,ERR,ERR,ERR,ERR,ERR,ERR,ERR,ERR,ERR,ERR,ERR,ERR,ERR,ERR,ERR,ERR,ERR,ERR,ERR,ERR,ERR,ERR,ERR,ERR,ERR,2.718430741444032e+23,2.7184312818759872e+23,0.0,0.0,0.0,1.3936040501711995e+18,7.805,0.0,0,0,4,0,7116,0.0,100,0.0,0.0,0.0,0.0,0.0,0,0,0,0,0.0,0,0,0,0,0,0,0,0,0,0,0,0,0,0,0,0,0,0,0,0,0,0,0,0,0,0,0,0,0,0,0,0,0,31,40,40,71,65476,0,300,0,0,8,21553,0.0,-107605600.0,0.0,0.0,0.0,0.0,0.0,0.0,0.0,0.0,0.0,0.0,0.0,0.0,0.0,0.0,0.0,0.0,0.0,0.0,0.0,0.0,0.0,-2.004,-2.004,0.0,0.0,0.0,0.0,0.0,6223.0,131351.031,6921.0,2.718430741444032e+23,2.7184312818759872e+23,-0.0,2.718430741444032e+23,0.0,0.0,0.0,0.0,69,-0.0,-152018085740544.0,0.0,0.0,0.0,0.0,0.0,0.0,0.0,0,0,0,0.0,0.0,0.0,0.0,0.0,0.0,0.0,0.0,0.0,0.0,0.0,0.0,0.0,0.0,0.0,0.0,0,-107875648.0,69,0.0,138,0.0,-109447200.0,0,13107,17040,39322,17049,13107,17043,0,0,0,70,68,100,2.7302359370752657e+23,71.2,2.7302370179391762e+23,74.3,2.7302370179391762e+23,74.0,1,49,50,180,13107,0,0,0,0.0,0.0,0.0,0.0,-0.0,67.0,0.0,162057.094,0.0,751,0,740,0,0,0,721,0,768,0,736,0,742,0,742,0,712,0,7520,0.032,108447924224.0,0.0,0.0,784,16797,-0.0,162057.094,-114818.039,-0.0,0.133,6.909358625270745e+28,30.0,65.0,35,0.0,0.0,0.0,0.0,0.0,0.0,0.0,0.0,0.0,0.0,0.0,0.0,0.0,0.0,0.0,0.0,69.2,0,150,71,55,65476,0,300,0,1,8,20529,65476,0,0,40632,65.0,0.0,0.0,0.0,0.0,0.0
2026-09-04T20:10:28,ERR,ERR,ERR,ERR,ERR,ERR,ERR,ERR,ERR,ERR,ERR,ERR,ERR,ERR,ERR,ERR,ERR,ERR,ERR,ERR,ERR,ERR,ERR,ERR,ERR,ERR,ERR,ERR,ERR,ERR,ERR,ERR,ERR,ERR,ERR,ERR,ERR,ERR,ERR,ERR,ERR,ERR,ERR,ERR,ERR,ERR,ERR,ERR,ERR,ERR,ERR,ERR,ERR,ERR,ERR,ERR,ERR,ERR,ERR,ERR,ERR,ERR,ERR,ERR,ERR,ERR,ERR,ERR,ERR,ERR,ERR,ERR,ERR,ERR,ERR,ERR,ERR,ERR,ERR,ERR,ERR,ERR,ERR,ERR,ERR,ERR,ERR,ERR,ERR,ERR,ERR,ERR,ERR,ERR,ERR,ERR,ERR,ERR,ERR,ERR,ERR,ERR,ERR,ERR,ERR,ERR,ERR,ERR,ERR,ERR,ERR,ERR,ERR,ERR,ERR,ERR,ERR,ERR,ERR,ERR,ERR,ERR,ERR,ERR,ERR,2.718430741444032e+23,2.7184312818759872e+23,0.0,0.0,0.0,1.3936040501711995e+18,7.805,0.0,0,0,4,0,7116,0.0,100,0.0,0.0,0.0,0.0,0.0,0,0,0,0,0.0,0,0,0,0,0,0,0,0,0,0,0,0,0,0,0,0,0,0,0,0,0,0,0,0,0,0,0,0,0,0,0,0,0,31,40,40,71,65476,0,300,0,0,8,21553,0.0,-107605600.0,0.0,0.0,0.0,0.0,0.0,0.0,0.0,0.0,0.0,0.0,0.0,0.0,0.0,0.0,0.0,0.0,0.0,0.0,0.0,0.0,0.0,-2.004,-2.004,0.0,0.0,0.0,0.0,0.0,6223.0,131351.031,6921.0,2.718430741444032e+23,2.7184312818759872e+23,-0.0,2.718430741444032e+23,0.0,0.0,0.0,0.0,69,-0.0,-152018085740544.0,0.0,0.0,0.0,0.0,0.0,0.0,0.0,0,0,0,0.0,0.0,0.0,0.0,0.0,0.0,0.0,0.0,0.0,0.0,0.0,0.0,0.0,0.0,0.0,0.0,0,-107875648.0,69,0.0,138,0.0,-109447200.0,0,13107,17040,39322,17049,13107,17043,0,0,0,70,68,100,2.7302359370752657e+23,71.2,2.7302370179391762e+23,74.3,2.7302370179391762e+23,74.0,1,49,50,180,13107,0,0,0,0.0,0.0,0.0,0.0,-0.0,67.0,0.0,162057.094,0.0,751,0,740,0,0,0,721,0,768,0,736,0,742,0,742,0,712,0,7520,0.032,108447924224.0,0.0,0.0,784,16797,-0.0,162057.094,-114818.039,-0.0,0.133,6.909358625270745e+28,30.0,65.0,35,0.0,0.0,0.0,0.0,0.0,0.0,0.0,0.0,0.0,0.0,0.0,0.0,0.0,0.0,0.0,0.0,69.2,0,150,71,55,65476,0,300,0,1,8,20529,65476,0,0,40632,65.0,0.0,0.0,0.0,0.0,0.0
2026-09-04T20:10:29,ERR,ERR,ERR,ERR,ERR,ERR,ERR,ERR,ERR,ERR,ERR,ERR,ERR,ERR,ERR,ERR,ERR,ERR,ERR,ERR,ERR,ERR,ERR,ERR,ERR,ERR,ERR,ERR,ERR,ERR,ERR,ERR,ERR,ERR,ERR,ERR,ERR,ERR,ERR,ERR,ERR,ERR,ERR,ERR,ERR,ERR,ERR,ERR,ERR,ERR,ERR,ERR,ERR,ERR,ERR,ERR,ERR,ERR,ERR,ERR,ERR,ERR,ERR,ERR,ERR,ERR,ERR,ERR,ERR,ERR,ERR,ERR,ERR,ERR,ERR,ERR,ERR,ERR,ERR,ERR,ERR,ERR,ERR,ERR,ERR,ERR,ERR,ERR,ERR,ERR,ERR,ERR,ERR,ERR,ERR,ERR,ERR,ERR,ERR,ERR,ERR,ERR,ERR,ERR,ERR,ERR,ERR,ERR,ERR,ERR,ERR,ERR,ERR,ERR,ERR,ERR,ERR,ERR,ERR,ERR,ERR,ERR,ERR,ERR,ERR,2.718430741444032e+23,2.7184312818759872e+23,0.0,0.0,0.0,1.3936040501711995e+18,7.805,0.0,0,0,4,0,7116,0.0,100,0.0,0.0,0.0,0.0,0.0,0,0,0,0,0.0,0,0,0,0,0,0,0,0,0,0,0,0,0,0,0,0,0,0,0,0,0,0,0,0,0,0,0,0,0,0,0,0,0,31,40,40,71,65476,0,300,0,0,8,21553,0.0,-107605600.0,0.0,0.0,0.0,0.0,0.0,0.0,0.0,0.0,0.0,0.0,0.0,0.0,0.0,0.0,0.0,0.0,0.0,0.0,0.0,0.0,0.0,-2.004,-2.004,0.0,0.0,0.0,0.0,0.0,6219.0,-1.0406700850291214e+34,6943.0,2.718430741444032e+23,2.7184312818759872e+23,-0.0,2.718430741444032e+23,0.0,0.0,0.0,0.0,69,-0.0,-0.0,0.0,0.0,0.0,0.0,0.0,0.0,0.0,0,0,0,0.0,0.0,0.0,0.0,0.0,0.0,0.0,0.0,0.0,0.0,0.0,0.0,0.0,0.0,0.0,0.0,0,-107875648.0,69,0.0,138,0.0,-109447200.0,0,13107,17040,39322,17049,13107,17043,0,0,0,70,68,100,2.7302359370752657e+23,71.2,2.7302370179391762e+23,74.3,2.7302370179391762e+23,74.0,1,49,50,180,13107,0,0,0,0.0,0.0,0.0,0.0,-0.0,67.0,0.0,162057.094,0.0,751,0,740,0,0,0,721,0,768,0,736,0,742,0,742,0,712,0,7520,0.032,108447924224.0,0.0,0.0,784,16797,-0.0,162057.094,-114818.039,-0.0,0.133,6.909358625270745e+28,30.0,65.0,35,0.0,0.0,0.0,0.0,0.0,0.0,0.0,0.0,0.0,0.0,0.0,0.0,0.0,0.0,0.0,0.0,69.2,0,150,71,55,65476,0,300,0,1,8,20529,65476,0,0,40632,65.0,0.0,0.0,0.0,0.0,0.0
2026-09-04T20:10:30,ERR,ERR,ERR,ERR,ERR,ERR,ERR,ERR,ERR,ERR,ERR,ERR,ERR,ERR,ERR,ERR,ERR,ERR,ERR,ERR,ERR,ERR,ERR,ERR,ERR,ERR,ERR,ERR,ERR,ERR,ERR,ERR,ERR,ERR,ERR,ERR,ERR,ERR,ERR,ERR,ERR,ERR,ERR,ERR,ERR,ERR,ERR,ERR,ERR,ERR,ERR,ERR,ERR,ERR,ERR,ERR,ERR,ERR,ERR,ERR,ERR,ERR,ERR,ERR,ERR,ERR,ERR,ERR,ERR,ERR,ERR,ERR,ERR,ERR,ERR,ERR,ERR,ERR,ERR,ERR,ERR,ERR,ERR,ERR,ERR,ERR,ERR,ERR,ERR,ERR,ERR,ERR,ERR,ERR,ERR,ERR,ERR,ERR,ERR,ERR,ERR,ERR,ERR,ERR,ERR,ERR,ERR,ERR,ERR,ERR,ERR,ERR,ERR,ERR,ERR,ERR,ERR,ERR,ERR,ERR,ERR,ERR,ERR,ERR,ERR,2.718430741444032e+23,2.7184312818759872e+23,0.0,0.0,0.0,1.3936040501711995e+18,7.805,0.0,0,0,4,0,7116,0.0,100,0.0,0.0,0.0,0.0,0.0,0,0,0,0,0.0,0,0,0,0,0,0,0,0,0,0,0,0,0,0,0,0,0,0,0,0,0,0,0,0,0,0,0,0,0,0,0,0,0,31,40,40,71,65476,0,300,0,0,8,21553,0.0,-107605600.0,0.0,0.0,0.0,0.0,0.0,0.0,0.0,0.0,0.0,0.0,0.0,0.0,0.0,0.0,0.0,0.0,0.0,0.0,0.0,0.0,0.0,-2.004,-2.004,0.0,0.0,0.0,0.0,0.0,6219.0,-1.0406700850291214e+34,6943.0,2.718430741444032e+23,2.7184312818759872e+23,-0.0,2.718430741444032e+23,0.0,0.0,0.0,0.0,69,-0.0,-0.0,0.0,0.0,0.0,0.0,0.0,0.0,0.0,0,0,0,0.0,0.0,0.0,0.0,0.0,0.0,0.0,0.0,0.0,0.0,0.0,0.0,0.0,0.0,0.0,0.0,0,-107875648.0,69,0.0,138,0.0,-109447200.0,0,13107,17040,39322,17049,13107,17043,0,0,0,70,68,100,2.7302359370752657e+23,71.2,2.7302370179391762e+23,74.3,2.7302370179391762e+23,74.0,1,49,50,180,13107,0,0,0,0.0,0.0,0.0,0.0,-0.0,67.0,0.0,162057.094,0.0,751,0,740,0,0,0,721,0,768,0,736,0,742,0,742,0,712,0,7520,0.032,108447924224.0,0.0,0.0,784,16797,-0.0,162057.094,-114818.039,-0.0,0.133,6.909358625270745e+28,30.0,65.0,35,0.0,0.0,0.0,0.0,0.0,0.0,0.0,0.0,0.0,0.0,0.0,0.0,0.0,0.0,0.0,0.0,69.2,0,150,71,55,65476,0,300,0,1,8,20529,65476,0,0,40632,65.0,0.0,0.0,0.0,0.0,0.0
2026-09-04T20:10:31,ERR,ERR,ERR,ERR,ERR,ERR,ERR,ERR,ERR,ERR,ERR,ERR,ERR,ERR,ERR,ERR,ERR,ERR,ERR,ERR,ERR,ERR,ERR,ERR,ERR,ERR,ERR,ERR,ERR,ERR,ERR,ERR,ERR,ERR,ERR,ERR,ERR,ERR,ERR,ERR,ERR,ERR,ERR,ERR,ERR,ERR,ERR,ERR,ERR,ERR,ERR,ERR,ERR,ERR,ERR,ERR,ERR,ERR,ERR,ERR,ERR,ERR,ERR,ERR,ERR,ERR,ERR,ERR,ERR,ERR,ERR,ERR,ERR,ERR,ERR,ERR,ERR,ERR,ERR,ERR,ERR,ERR,ERR,ERR,ERR,ERR,ERR,ERR,ERR,ERR,ERR,ERR,ERR,ERR,ERR,ERR,ERR,ERR,ERR,ERR,ERR,ERR,ERR,ERR,ERR,ERR,ERR,ERR,ERR,ERR,ERR,ERR,ERR,ERR,ERR,ERR,ERR,ERR,ERR,ERR,ERR,ERR,ERR,ERR,ERR,2.718430741444032e+23,2.7184312818759872e+23,0.0,0.0,0.0,1.3936040501711995e+18,7.805,0.0,0,0,4,0,7116,0.0,100,0.0,0.0,0.0,0.0,0.0,0,0,0,0,0.0,0,0,0,0,0,0,0,0,0,0,0,0,0,0,0,0,0,0,0,0,0,0,0,0,0,0,0,0,0,0,0,0,0,31,40,40,71,65476,0,300,0,0,8,21553,0.0,-107605600.0,0.0,0.0,0.0,0.0,0.0,0.0,0.0,0.0,0.0,0.0,0.0,0.0,0.0,0.0,0.0,0.0,0.0,0.0,0.0,0.0,0.0,-2.004,-2.004,0.0,0.0,0.0,0.0,0.0,6219.0,-1.0406700850291214e+34,6943.0,2.718430741444032e+23,2.7184312818759872e+23,-0.0,2.718430741444032e+23,0.0,0.0,0.0,0.0,69,-0.0,-0.0,0.0,0.0,0.0,0.0,0.0,0.0,0.0,0,0,0,0.0,0.0,0.0,0.0,0.0,0.0,0.0,0.0,0.0,0.0,0.0,0.0,0.0,0.0,0.0,0.0,0,-107875648.0,69,0.0,138,0.0,-109447200.0,0,13107,17040,26215,17049,13107,17043,0,0,0,70,68,100,2.7302359370752657e+23,71.2,2.7302370179391762e+23,74.3,-0.0,74.0,1,49,50,180,13107,0,0,0,0.0,0.0,0.0,0.0,-0.0,67.0,0.0,162057.094,0.0,749,0,740,0,0,0,721,0,768,0,736,0,742,0,742,0,712,0,7520,0.032,108447924224.0,0.0,0.0,784,16797,-0.0,162057.094,-114818.039,-0.0,0.133,6.909358625270745e+28,30.0,65.0,35,0.0,0.0,0.0,0.0,0.0,0.0,0.0,0.0,0.0,0.0,0.0,0.0,0.0,0.0,0.0,0.0,69.2,0,150,71,55,65476,0,300,0,1,8,20529,65476,0,0,40632,65.0,0.0,0.0,0.0,0.0,0.0
2026-09-04T20:10:32,ERR,ERR,ERR,ERR,ERR,ERR,ERR,ERR,ERR,ERR,ERR,ERR,ERR,ERR,ERR,ERR,ERR,ERR,ERR,ERR,ERR,ERR,ERR,ERR,ERR,ERR,ERR,ERR,ERR,ERR,ERR,ERR,ERR,ERR,ERR,ERR,ERR,ERR,ERR,ERR,ERR,ERR,ERR,ERR,ERR,ERR,ERR,ERR,ERR,ERR,ERR,ERR,ERR,ERR,ERR,ERR,ERR,ERR,ERR,ERR,ERR,ERR,ERR,ERR,ERR,ERR,ERR,ERR,ERR,ERR,ERR,ERR,ERR,ERR,ERR,ERR,ERR,ERR,ERR,ERR,ERR,ERR,ERR,ERR,ERR,ERR,ERR,ERR,ERR,ERR,ERR,ERR,ERR,ERR,ERR,ERR,ERR,ERR,ERR,ERR,ERR,ERR,ERR,ERR,ERR,ERR,ERR,ERR,ERR,ERR,ERR,ERR,ERR,ERR,ERR,ERR,ERR,ERR,ERR,ERR,ERR,ERR,ERR,ERR,ERR,2.718430741444032e+23,2.7184312818759872e+23,0.0,0.0,0.0,1.3936040501711995e+18,7.805,0.0,0,0,4,0,7116,0.0,100,0.0,0.0,0.0,0.0,0.0,0,0,0,0,0.0,0,0,0,0,0,0,0,0,0,0,0,0,0,0,0,0,0,0,0,0,0,0,0,0,0,0,0,0,0,0,0,0,0,31,40,40,71,65476,0,300,0,0,8,21553,0.0,-107605600.0,0.0,0.0,0.0,0.0,0.0,0.0,0.0,0.0,0.0,0.0,0.0,0.0,0.0,0.0,0.0,0.0,0.0,0.0,0.0,0.0,0.0,-2.004,-2.004,0.0,0.0,0.0,0.0,0.0,6219.0,-1.0406700850291214e+34,6943.0,2.718430741444032e+23,2.7184312818759872e+23,-0.0,2.718430741444032e+23,0.0,0.0,0.0,0.0,69,-0.0,-0.0,0.0,0.0,0.0,0.0,0.0,0.0,0.0,0,0,0,0.0,0.0,0.0,0.0,0.0,0.0,0.0,0.0,0.0,0.0,0.0,0.0,0.0,0.0,0.0,0.0,0,-107875648.0,69,0.0,138,0.0,-109447200.0,0,13107,17040,26215,17049,13107,17043,0,0,0,70,68,100,2.7302359370752657e+23,71.2,2.7302370179391762e+23,74.3,-0.0,74.0,1,49,50,180,13107,0,0,0,0.0,0.0,0.0,0.0,-0.0,67.0,0.0,162057.094,0.0,749,0,740,0,0,0,721,0,768,0,736,0,742,0,742,0,712,0,7520,0.032,108447924224.0,0.0,0.0,784,16797,-0.0,162057.094,-114818.039,-0.0,0.133,6.909358625270745e+28,30.0,65.0,35,0.0,0.0,0.0,0.0,0.0,0.0,0.0,0.0,0.0,0.0,0.0,0.0,0.0,0.0,0.0,0.0,69.2,0,150,71,55,65476,0,300,0,1,8,20529,65476,0,0,40632,65.0,0.0,0.0,0.0,0.0,0.0
2026-09-04T20:10:33,ERR,ERR,ERR,ERR,ERR,ERR,ERR,ERR,ERR,ERR,ERR,ERR,ERR,ERR,ERR,ERR,ERR,ERR,ERR,ERR,ERR,ERR,ERR,ERR,ERR,ERR,ERR,ERR,ERR,ERR,ERR,ERR,ERR,ERR,ERR,ERR,ERR,ERR,ERR,ERR,ERR,ERR,ERR,ERR,ERR,ERR,ERR,ERR,ERR,ERR,ERR,ERR,ERR,ERR,ERR,ERR,ERR,ERR,ERR,ERR,ERR,ERR,ERR,ERR,ERR,ERR,ERR,ERR,ERR,ERR,ERR,ERR,ERR,ERR,ERR,ERR,ERR,ERR,ERR,ERR,ERR,ERR,ERR,ERR,ERR,ERR,ERR,ERR,ERR,ERR,ERR,ERR,ERR,ERR,ERR,ERR,ERR,ERR,ERR,ERR,ERR,ERR,ERR,ERR,ERR,ERR,ERR,ERR,ERR,ERR,ERR,ERR,ERR,ERR,ERR,ERR,ERR,ERR,ERR,ERR,ERR,ERR,ERR,ERR,ERR,2.718430741444032e+23,2.7184312818759872e+23,0.0,0.0,0.0,1.3936040501711995e+18,7.805,0.0,0,0,4,0,7116,0.0,100,0.0,0.0,0.0,0.0,0.0,0,0,0,0,0.0,0,0,0,0,0,0,0,0,0,0,0,0,0,0,0,0,0,0,0,0,0,0,0,0,0,0,0,0,0,0,0,0,0,31,40,40,71,65476,0,300,0,0,8,21553,0.0,-107605600.0,0.0,0.0,0.0,0.0,0.0,0.0,0.0,0.0,0.0,0.0,0.0,0.0,0.0,0.0,0.0,0.0,0.0,0.0,0.0,0.0,0.0,-2.004,-2.004,0.0,0.0,0.0,0.0,0.0,6219.0,-1.0406700850291214e+34,6943.0,2.718430741444032e+23,2.7184312818759872e+23,-0.0,2.718430741444032e+23,0.0,0.0,0.0,0.0,69,-0.0,-0.0,0.0,0.0,0.0,0.0,0.0,0.0,0.0,0,0,0,0.0,0.0,0.0,0.0,0.0,0.0,0.0,0.0,0.0,0.0,0.0,0.0,0.0,0.0,0.0,0.0,0,-107875648.0,69,0.0,138,0.0,-109447200.0,0,13107,17040,26215,17049,13107,17043,0,0,0,70,68,100,2.7302359370752657e+23,71.2,2.7302370179391762e+23,74.3,-0.0,74.0,1,49,50,180,13107,0,0,0,0.0,0.0,0.0,0.0,-0.0,67.0,0.0,162057.094,0.0,749,0,740,0,0,0,721,0,768,0,736,0,742,0,742,0,712,0,7520,0.032,108447924224.0,0.0,0.0,784,16797,-0.0,162057.094,-114818.039,-0.0,0.133,6.909358625270745e+28,30.0,65.0,35,0.0,0.0,0.0,0.0,0.0,0.0,0.0,0.0,0.0,0.0,0.0,0.0,0.0,0.0,0.0,0.0,69.2,0,150,71,55,65476,0,300,0,1,8,20529,65476,0,0,40632,65.0,0.0,0.0,0.0,0.0,0.0
2026-09-04T20:10:34,ERR,ERR,ERR,ERR,ERR,ERR,ERR,ERR,ERR,ERR,ERR,ERR,ERR,ERR,ERR,ERR,ERR,ERR,ERR,ERR,ERR,ERR,ERR,ERR,ERR,ERR,ERR,ERR,ERR,ERR,ERR,ERR,ERR,ERR,ERR,ERR,ERR,ERR,ERR,ERR,ERR,ERR,ERR,ERR,ERR,ERR,ERR,ERR,ERR,ERR,ERR,ERR,ERR,ERR,ERR,ERR,ERR,ERR,ERR,ERR,ERR,ERR,ERR,ERR,ERR,ERR,ERR,ERR,ERR,ERR,ERR,ERR,ERR,ERR,ERR,ERR,ERR,ERR,ERR,ERR,ERR,ERR,ERR,ERR,ERR,ERR,ERR,ERR,ERR,ERR,ERR,ERR,ERR,ERR,ERR,ERR,ERR,ERR,ERR,ERR,ERR,ERR,ERR,ERR,ERR,ERR,ERR,ERR,ERR,ERR,ERR,ERR,ERR,ERR,ERR,ERR,ERR,ERR,ERR,ERR,ERR,ERR,ERR,ERR,ERR,2.718430741444032e+23,2.7184312818759872e+23,0.0,0.0,0.0,1.3936040501711995e+18,7.805,0.0,0,0,4,0,7116,0.0,100,0.0,0.0,0.0,0.0,0.0,0,0,0,0,0.0,0,0,0,0,0,0,0,0,0,0,0,0,0,0,0,0,0,0,0,0,0,0,0,0,0,0,0,0,0,0,0,0,0,31,40,40,71,65476,0,300,0,0,8,21553,0.0,-107605600.0,0.0,0.0,0.0,0.0,0.0,0.0,0.0,0.0,0.0,0.0,0.0,0.0,0.0,0.0,0.0,0.0,0.0,0.0,0.0,0.0,0.0,-2.004,-2.004,0.0,0.0,0.0,0.0,0.0,6219.0,-1.0406700850291214e+34,6943.0,2.718430741444032e+23,2.7184312818759872e+23,-0.0,2.718430741444032e+23,0.0,0.0,0.0,0.0,69,-0.0,-0.0,0.0,0.0,0.0,0.0,0.0,0.0,0.0,0,0,0,0.0,0.0,0.0,0.0,0.0,0.0,0.0,0.0,0.0,0.0,0.0,0.0,0.0,0.0,0.0,0.0,0,-107875648.0,69,0.0,138,0.0,-109447200.0,0,13107,17040,39322,17049,13107,17043,0,0,0,70,68,100,2.7302359370752657e+23,71.2,2.7302370179391762e+23,74.2,2.7302370179391762e+23,74.0,1,49,50,180,13107,0,0,0,0.0,0.0,0.0,0.0,-0.0,67.0,0.0,162057.094,0.0,751,0,739,0,0,0,721,0,767,0,736,0,743,0,741,0,712,0,7520,0.032,107911053312.0,0.0,0.0,784,16797,-0.0,162057.094,-114818.039,-0.0,0.133,6.909358625270745e+28,30.0,65.0,35,0.0,0.0,0.0,0.0,0.0,0.0,0.0,0.0,0.0,0.0,0.0,0.0,0.0,0.0,0.0,0.0,69.2,0,150,71,55,65476,0,300,0,1,8,20529,65476,0,0,40632,65.0,0.0,0.0,0.0,0.0,0.0
2026-09-04T20:10:35,ERR,ERR,ERR,ERR,ERR,ERR,ERR,ERR,ERR,ERR,ERR,ERR,ERR,ERR,ERR,ERR,ERR,ERR,ERR,ERR,ERR,ERR,ERR,ERR,ERR,ERR,ERR,ERR,ERR,ERR,ERR,ERR,ERR,ERR,ERR,ERR,ERR,ERR,ERR,ERR,ERR,ERR,ERR,ERR,ERR,ERR,ERR,ERR,ERR,ERR,ERR,ERR,ERR,ERR,ERR,ERR,ERR,ERR,ERR,ERR,ERR,ERR,ERR,ERR,ERR,ERR,ERR,ERR,ERR,ERR,ERR,ERR,ERR,ERR,ERR,ERR,ERR,ERR,ERR,ERR,ERR,ERR,ERR,ERR,ERR,ERR,ERR,ERR,ERR,ERR,ERR,ERR,ERR,ERR,ERR,ERR,ERR,ERR,ERR,ERR,ERR,ERR,ERR,ERR,ERR,ERR,ERR,ERR,ERR,ERR,ERR,ERR,ERR,ERR,ERR,ERR,ERR,ERR,ERR,ERR,ERR,ERR,ERR,ERR,ERR,2.718430741444032e+23,2.7184312818759872e+23,0.0,0.0,0.0,1.3936040501711995e+18,7.805,0.0,0,0,4,0,7116,0.0,100,0.0,0.0,0.0,0.0,0.0,0,0,0,0,0.0,0,0,0,0,0,0,0,0,0,0,0,0,0,0,0,0,0,0,0,0,0,0,0,0,0,0,0,0,0,0,0,0,0,31,40,40,71,65476,0,300,0,0,8,21553,0.0,-107605600.0,0.0,0.0,0.0,0.0,0.0,0.0,0.0,0.0,0.0,0.0,0.0,0.0,0.0,0.0,0.0,0.0,0.0,0.0,0.0,0.0,0.0,-2.004,-2.004,0.0,0.0,0.0,0.0,0.0,6247.0,564148450623488.0,6923.0,2.718430741444032e+23,2.7184312818759872e+23,-0.0,2.718430741444032e+23,0.0,0.0,0.0,0.0,69,-0.0,0.0,0.0,0.0,0.0,0.0,0.0,0.0,0.0,0,0,0,0.0,0.0,0.0,0.0,0.0,0.0,0.0,0.0,0.0,0.0,0.0,0.0,0.0,0.0,0.0,0.0,0,-107875648.0,69,0.0,138,0.0,-109447200.0,0,13107,17040,39322,17049,13107,17043,0,0,0,70,68,100,2.7302359370752657e+23,71.2,2.7302370179391762e+23,74.2,2.7302370179391762e+23,74.0,1,49,50,180,13107,0,0,0,0.0,0.0,0.0,0.0,-0.0,67.0,0.0,162057.094,0.0,751,0,739,0,0,0,721,0,767,0,736,0,743,0,741,0,712,0,7520,0.032,107911053312.0,0.0,0.0,784,16797,-0.0,162057.094,-114818.039,-0.0,0.133,6.909358625270745e+28,30.0,65.0,35,0.0,0.0,0.0,0.0,0.0,0.0,0.0,0.0,0.0,0.0,0.0,0.0,0.0,0.0,0.0,0.0,69.2,0,150,71,55,65476,0,300,0,1,8,20529,65476,0,0,40632,65.0,0.0,0.0,0.0,0.0,0.0
2026-09-04T20:10:36,ERR,ERR,ERR,ERR,ERR,ERR,ERR,ERR,ERR,ERR,ERR,ERR,ERR,ERR,ERR,ERR,ERR,ERR,ERR,ERR,ERR,ERR,ERR,ERR,ERR,ERR,ERR,ERR,ERR,ERR,ERR,ERR,ERR,ERR,ERR,ERR,ERR,ERR,ERR,ERR,ERR,ERR,ERR,ERR,ERR,ERR,ERR,ERR,ERR,ERR,ERR,ERR,ERR,ERR,ERR,ERR,ERR,ERR,ERR,ERR,ERR,ERR,ERR,ERR,ERR,ERR,ERR,ERR,ERR,ERR,ERR,ERR,ERR,ERR,ERR,ERR,ERR,ERR,ERR,ERR,ERR,ERR,ERR,ERR,ERR,ERR,ERR,ERR,ERR,ERR,ERR,ERR,ERR,ERR,ERR,ERR,ERR,ERR,ERR,ERR,ERR,ERR,ERR,ERR,ERR,ERR,ERR,ERR,ERR,ERR,ERR,ERR,ERR,ERR,ERR,ERR,ERR,ERR,ERR,ERR,ERR,ERR,ERR,ERR,ERR,2.718430741444032e+23,2.7184312818759872e+23,0.0,0.0,0.0,1.3936040501711995e+18,7.805,0.0,0,0,4,0,7116,0.0,100,0.0,0.0,0.0,0.0,0.0,0,0,0,0,0.0,0,0,0,0,0,0,0,0,0,0,0,0,0,0,0,0,0,0,0,0,0,0,0,0,0,0,0,0,0,0,0,0,0,31,40,40,71,65476,0,300,0,0,8,21553,0.0,-107605600.0,0.0,0.0,0.0,0.0,0.0,0.0,0.0,0.0,0.0,0.0,0.0,0.0,0.0,0.0,0.0,0.0,0.0,0.0,0.0,0.0,0.0,-2.004,-2.004,0.0,0.0,0.0,0.0,0.0,6247.0,564148450623488.0,6923.0,2.718430741444032e+23,2.7184312818759872e+23,-0.0,2.718430741444032e+23,0.0,0.0,0.0,0.0,69,-0.0,0.0,0.0,0.0,0.0,0.0,0.0,0.0,0.0,0,0,0,0.0,0.0,0.0,0.0,0.0,0.0,0.0,0.0,0.0,0.0,0.0,0.0,0.0,0.0,0.0,0.0,0,-107875648.0,69,0.0,138,0.0,-109447200.0,0,13107,17040,39322,17049,13107,17043,0,0,0,70,68,100,2.7302359370752657e+23,71.2,2.7302370179391762e+23,74.2,2.7302370179391762e+23,74.0,1,49,50,180,13107,0,0,0,0.0,0.0,0.0,0.0,-0.0,67.0,0.0,162057.094,0.0,751,0,739,0,0,0,721,0,767,0,736,0,743,0,741,0,712,0,7520,0.032,107911053312.0,0.0,0.0,784,16797,-0.0,162057.094,-114818.039,-0.0,0.133,6.909358625270745e+28,30.0,65.0,35,0.0,0.0,0.0,0.0,0.0,0.0,0.0,0.0,0.0,0.0,0.0,0.0,0.0,0.0,0.0,0.0,69.2,0,150,71,55,65476,0,300,0,1,8,20529,65476,0,0,40632,65.0,0.0,0.0,0.0,0.0,0.0
2026-09-04T20:10:37,ERR,ERR,ERR,ERR,ERR,ERR,ERR,ERR,ERR,ERR,ERR,ERR,ERR,ERR,ERR,ERR,ERR,ERR,ERR,ERR,ERR,ERR,ERR,ERR,ERR,ERR,ERR,ERR,ERR,ERR,ERR,ERR,ERR,ERR,ERR,ERR,ERR,ERR,ERR,ERR,ERR,ERR,ERR,ERR,ERR,ERR,ERR,ERR,ERR,ERR,ERR,ERR,ERR,ERR,ERR,ERR,ERR,ERR,ERR,ERR,ERR,ERR,ERR,ERR,ERR,ERR,ERR,ERR,ERR,ERR,ERR,ERR,ERR,ERR,ERR,ERR,ERR,ERR,ERR,ERR,ERR,ERR,ERR,ERR,ERR,ERR,ERR,ERR,ERR,ERR,ERR,ERR,ERR,ERR,ERR,ERR,ERR,ERR,ERR,ERR,ERR,ERR,ERR,ERR,ERR,ERR,ERR,ERR,ERR,ERR,ERR,ERR,ERR,ERR,ERR,ERR,ERR,ERR,ERR,ERR,ERR,ERR,ERR,ERR,ERR,2.718430741444032e+23,2.7184312818759872e+23,0.0,0.0,0.0,1.3936040501711995e+18,7.805,0.0,0,0,4,0,7116,0.0,100,0.0,0.0,0.0,0.0,0.0,0,0,0,0,0.0,0,0,0,0,0,0,0,0,0,0,0,0,0,0,0,0,0,0,0,0,0,0,0,0,0,0,0,0,0,0,0,0,0,31,40,40,71,65476,0,300,0,0,8,21553,0.0,-107605600.0,0.0,0.0,0.0,0.0,0.0,0.0,0.0,0.0,0.0,0.0,0.0,0.0,0.0,0.0,0.0,0.0,0.0,0.0,0.0,0.0,0.0,-2.004,-2.004,0.0,0.0,0.0,0.0,0.0,6247.0,564148450623488.0,6923.0,2.718430741444032e+23,2.7184312818759872e+23,-0.0,2.718430741444032e+23,0.0,0.0,0.0,0.0,69,-0.0,0.0,0.0,0.0,0.0,0.0,0.0,0.0,0.0,0,0,0,0.0,0.0,0.0,0.0,0.0,0.0,0.0,0.0,0.0,0.0,0.0,0.0,0.0,0.0,0.0,0.0,0,-107875648.0,69,0.0,138,0.0,-109447200.0,0,13107,17040,39322,17049,13107,17043,0,0,0,70,68,100,2.7302359370752657e+23,71.2,2.7302370179391762e+23,74.2,2.7302370179391762e+23,74.0,1,49,50,180,13107,0,0,0,0.0,0.0,0.0,0.0,-0.0,67.0,0.0,162057.094,0.0,751,0,739,0,0,0,721,0,767,0,736,0,743,0,741,0,712,0,7520,0.032,107911053312.0,0.0,0.0,784,16797,-0.0,162057.094,-114818.039,-0.0,0.133,6.909358625270745e+28,30.0,65.0,35,0.0,0.0,0.0,0.0,0.0,0.0,0.0,0.0,0.0,0.0,0.0,0.0,0.0,0.0,0.0,0.0,69.2,0,150,71,55,65476,0,300,0,1,8,20529,65476,0,0,40632,65.0,0.0,0.0,0.0,0.0,0.0
2026-09-04T20:10:38,ERR,ERR,ERR,ERR,ERR,ERR,ERR,ERR,ERR,ERR,ERR,ERR,ERR,ERR,ERR,ERR,ERR,ERR,ERR,ERR,ERR,ERR,ERR,ERR,ERR,ERR,ERR,ERR,ERR,ERR,ERR,ERR,ERR,ERR,ERR,ERR,ERR,ERR,ERR,ERR,ERR,ERR,ERR,ERR,ERR,ERR,ERR,ERR,ERR,ERR,ERR,ERR,ERR,ERR,ERR,ERR,ERR,ERR,ERR,ERR,ERR,ERR,ERR,ERR,ERR,ERR,ERR,ERR,ERR,ERR,ERR,ERR,ERR,ERR,ERR,ERR,ERR,ERR,ERR,ERR,ERR,ERR,ERR,ERR,ERR,ERR,ERR,ERR,ERR,ERR,ERR,ERR,ERR,ERR,ERR,ERR,ERR,ERR,ERR,ERR,ERR,ERR,ERR,ERR,ERR,ERR,ERR,ERR,ERR,ERR,ERR,ERR,ERR,ERR,ERR,ERR,ERR,ERR,ERR,ERR,ERR,ERR,ERR,ERR,ERR,2.718430741444032e+23,2.7184312818759872e+23,0.0,0.0,0.0,1.3936040501711995e+18,7.805,0.0,0,0,4,0,7116,0.0,100,0.0,0.0,0.0,0.0,0.0,0,0,0,0,0.0,0,0,0,0,0,0,0,0,0,0,0,0,0,0,0,0,0,0,0,0,0,0,0,0,0,0,0,0,0,0,0,0,0,31,40,40,71,65476,0,300,0,0,8,21553,0.0,-107605600.0,0.0,0.0,0.0,0.0,0.0,0.0,0.0,0.0,0.0,0.0,0.0,0.0,0.0,0.0,0.0,0.0,0.0,0.0,0.0,0.0,0.0,-2.004,-2.004,0.0,0.0,0.0,0.0,0.0,6247.0,564148450623488.0,6923.0,2.718430741444032e+23,2.7184312818759872e+23,-0.0,2.718430741444032e+23,0.0,0.0,0.0,0.0,69,-0.0,0.0,0.0,0.0,0.0,0.0,0.0,0.0,0.0,0,0,0,0.0,0.0,0.0,0.0,0.0,0.0,0.0,0.0,0.0,0.0,0.0,0.0,0.0,0.0,0.0,0.0,0,-107875648.0,69,0.0,138,0.0,-109447200.0,0,13107,17040,39322,17049,26215,17043,0,0,0,70,68,100,2.7302359370752657e+23,71.2,2.7302370179391762e+23,74.3,-0.0,74.0,1,49,50,180,13107,0,0,0,0.0,0.0,0.0,0.0,-0.0,67.0,0.0,162057.094,0.0,751,0,740,0,0,0,721,0,768,0,736,0,742,0,742,0,712,0,7520,0.032,107911053312.0,0.0,0.0,784,16797,-0.0,162057.094,-114818.039,-0.0,0.133,6.909358625270745e+28,30.0,65.0,35,0.0,0.0,0.0,0.0,0.0,0.0,0.0,0.0,0.0,0.0,0.0,0.0,0.0,0.0,0.0,0.0,69.2,0,150,71,55,65476,0,300,0,1,8,20529,65476,0,0,40632,65.0,0.0,0.0,0.0,0.0,0.0
2026-09-04T20:10:39,ERR,ERR,ERR,ERR,ERR,ERR,ERR,ERR,ERR,ERR,ERR,ERR,ERR,ERR,ERR,ERR,ERR,ERR,ERR,ERR,ERR,ERR,ERR,ERR,ERR,ERR,ERR,ERR,ERR,ERR,ERR,ERR,ERR,ERR,ERR,ERR,ERR,ERR,ERR,ERR,ERR,ERR,ERR,ERR,ERR,ERR,ERR,ERR,ERR,ERR,ERR,ERR,ERR,ERR,ERR,ERR,ERR,ERR,ERR,ERR,ERR,ERR,ERR,ERR,ERR,ERR,ERR,ERR,ERR,ERR,ERR,ERR,ERR,ERR,ERR,ERR,ERR,ERR,ERR,ERR,ERR,ERR,ERR,ERR,ERR,ERR,ERR,ERR,ERR,ERR,ERR,ERR,ERR,ERR,ERR,ERR,ERR,ERR,ERR,ERR,ERR,ERR,ERR,ERR,ERR,ERR,ERR,ERR,ERR,ERR,ERR,ERR,ERR,ERR,ERR,ERR,ERR,ERR,ERR,ERR,ERR,ERR,ERR,ERR,ERR,2.718430741444032e+23,2.7184312818759872e+23,0.0,0.0,0.0,1.3936040501711995e+18,7.805,0.0,0,0,4,0,7116,0.0,100,0.0,0.0,0.0,0.0,0.0,0,0,0,0,0.0,0,0,0,0,0,0,0,0,0,0,0,0,0,0,0,0,0,0,0,0,0,0,0,0,0,0,0,0,0,0,0,0,0,31,40,40,71,65476,0,300,0,0,8,21553,0.0,-107605600.0,0.0,0.0,0.0,0.0,0.0,0.0,0.0,0.0,0.0,0.0,0.0,0.0,0.0,0.0,0.0,0.0,0.0,0.0,0.0,0.0,0.0,-2.004,-2.004,0.0,0.0,0.0,0.0,0.0,6247.0,564148450623488.0,6923.0,2.718430741444032e+23,2.7184312818759872e+23,-0.0,2.718430741444032e+23,0.0,0.0,0.0,0.0,69,-0.0,0.0,0.0,0.0,0.0,0.0,0.0,0.0,0.0,0,0,0,0.0,0.0,0.0,0.0,0.0,0.0,0.0,0.0,0.0,0.0,0.0,0.0,0.0,0.0,0.0,0.0,0,-107875648.0,69,0.0,138,0.0,-109447200.0,0,13107,17040,39322,17049,26215,17043,0,0,0,70,68,100,2.7302359370752657e+23,71.2,2.7302370179391762e+23,74.3,-0.0,74.0,1,49,50,180,13107,0,0,0,0.0,0.0,0.0,0.0,-0.0,67.0,0.0,162057.094,0.0,751,0,740,0,0,0,721,0,768,0,736,0,742,0,742,0,712,0,7520,0.032,107911053312.0,0.0,0.0,784,16797,-0.0,162057.094,-114818.039,-0.0,0.133,6.909358625270745e+28,30.0,65.0,35,0.0,0.0,0.0,0.0,0.0,0.0,0.0,0.0,0.0,0.0,0.0,0.0,0.0,0.0,0.0,0.0,69.2,0,150,71,55,65476,0,300,0,1,8,20529,65476,0,0,40632,65.0,0.0,0.0,0.0,0.0,0.0
2026-09-04T20:10:40,ERR,ERR,ERR,ERR,ERR,ERR,ERR,ERR,ERR,ERR,ERR,ERR,ERR,ERR,ERR,ERR,ERR,ERR,ERR,ERR,ERR,ERR,ERR,ERR,ERR,ERR,ERR,ERR,ERR,ERR,ERR,ERR,ERR,ERR,ERR,ERR,ERR,ERR,ERR,ERR,ERR,ERR,ERR,ERR,ERR,ERR,ERR,ERR,ERR,ERR,ERR,ERR,ERR,ERR,ERR,ERR,ERR,ERR,ERR,ERR,ERR,ERR,ERR,ERR,ERR,ERR,ERR,ERR,ERR,ERR,ERR,ERR,ERR,ERR,ERR,ERR,ERR,ERR,ERR,ERR,ERR,ERR,ERR,ERR,ERR,ERR,ERR,ERR,ERR,ERR,ERR,ERR,ERR,ERR,ERR,ERR,ERR,ERR,ERR,ERR,ERR,ERR,ERR,ERR,ERR,ERR,ERR,ERR,ERR,ERR,ERR,ERR,ERR,ERR,ERR,ERR,ERR,ERR,ERR,ERR,ERR,ERR,ERR,ERR,ERR,2.718430741444032e+23,2.7184312818759872e+23,0.0,0.0,0.0,1.3936040501711995e+18,7.805,0.0,0,0,4,0,7116,0.0,100,0.0,0.0,0.0,0.0,0.0,0,0,0,0,0.0,0,0,0,0,0,0,0,0,0,0,0,0,0,0,0,0,0,0,0,0,0,0,0,0,0,0,0,0,0,0,0,0,0,31,40,40,71,65476,0,300,0,0,8,21553,0.0,-107605600.0,0.0,0.0,0.0,0.0,0.0,0.0,0.0,0.0,0.0,0.0,0.0,0.0,0.0,0.0,0.0,0.0,0.0,0.0,0.0,0.0,0.0,-2.004,-2.004,0.0,0.0,0.0,0.0,0.0,6247.0,564148450623488.0,6923.0,2.718430741444032e+23,2.7184312818759872e+23,-0.0,2.718430741444032e+23,0.0,0.0,0.0,0.0,69,-0.0,0.0,0.0,0.0,0.0,0.0,0.0,0.0,0.0,0,0,0,0.0,0.0,0.0,0.0,0.0,0.0,0.0,0.0,0.0,0.0,0.0,0.0,0.0,0.0,0.0,0.0,0,-107875648.0,69,0.0,138,0.0,-109447200.0,0,13107,17040,39322,17049,26215,17043,0,0,0,70,68,100,2.7302359370752657e+23,71.2,2.7302370179391762e+23,74.3,-0.0,74.0,1,49,50,180,13107,0,0,0,0.0,0.0,0.0,0.0,-0.0,67.0,0.0,162057.094,0.0,751,0,740,0,0,0,721,0,768,0,736,0,742,0,742,0,712,0,7520,0.032,107911053312.0,0.0,0.0,784,16797,-0.0,162057.094,-114818.039,-0.0,0.133,6.909358625270745e+28,30.0,65.0,35,0.0,0.0,0.0,0.0,0.0,0.0,0.0,0.0,0.0,0.0,0.0,0.0,0.0,0.0,0.0,0.0,69.2,0,150,71,55,65476,0,300,0,1,8,20529,65476,0,0,40632,65.0,0.0,0.0,0.0,0.0,0.0
2026-09-04T20:10:41,ERR,ERR,ERR,ERR,ERR,ERR,ERR,ERR,ERR,ERR,ERR,ERR,ERR,ERR,ERR,ERR,ERR,ERR,ERR,ERR,ERR,ERR,ERR,ERR,ERR,ERR,ERR,ERR,ERR,ERR,ERR,ERR,ERR,ERR,ERR,ERR,ERR,ERR,ERR,ERR,ERR,ERR,ERR,ERR,ERR,ERR,ERR,ERR,ERR,ERR,ERR,ERR,ERR,ERR,ERR,ERR,ERR,ERR,ERR,ERR,ERR,ERR,ERR,ERR,ERR,ERR,ERR,ERR,ERR,ERR,ERR,ERR,ERR,ERR,ERR,ERR,ERR,ERR,ERR,ERR,ERR,ERR,ERR,ERR,ERR,ERR,ERR,ERR,ERR,ERR,ERR,ERR,ERR,ERR,ERR,ERR,ERR,ERR,ERR,ERR,ERR,ERR,ERR,ERR,ERR,ERR,ERR,ERR,ERR,ERR,ERR,ERR,ERR,ERR,ERR,ERR,ERR,ERR,ERR,ERR,ERR,ERR,ERR,ERR,ERR,2.718430741444032e+23,2.7184312818759872e+23,0.0,0.0,0.0,1.3936040501711995e+18,7.805,0.0,0,0,4,0,7116,0.0,100,0.0,0.0,0.0,0.0,0.0,0,0,0,0,0.0,0,0,0,0,0,0,0,0,0,0,0,0,0,0,0,0,0,0,0,0,0,0,0,0,0,0,0,0,0,0,0,0,0,31,40,40,71,65476,0,300,0,0,8,21553,0.0,-107605600.0,0.0,0.0,0.0,0.0,0.0,0.0,0.0,0.0,0.0,0.0,0.0,0.0,0.0,0.0,0.0,0.0,0.0,0.0,0.0,0.0,0.0,-2.004,-2.004,0.0,0.0,0.0,0.0,0.0,6249.0,-0.0,6928.0,2.718430741444032e+23,2.7184312818759872e+23,-0.0,2.718430741444032e+23,0.0,0.0,0.0,0.0,69,-0.0,0.059,0.0,0.0,0.0,0.0,0.0,0.0,0.0,0,0,0,0.0,0.0,0.0,0.0,0.0,0.0,0.0,0.0,0.0,0.0,0.0,0.0,0.0,0.0,0.0,0.0,0,-107875648.0,69,0.0,138,0.0,-109447200.0,0,13107,17040,39322,17049,26215,17043,0,0,0,70,68,100,2.7302359370752657e+23,71.2,2.7302370179391762e+23,74.3,-0.0,74.0,1,49,50,180,13107,0,0,0,0.0,0.0,0.0,0.0,-0.0,67.0,0.0,162057.094,0.0,751,0,740,0,0,0,721,0,768,0,736,0,742,0,742,0,712,0,7520,0.032,107911053312.0,0.0,0.0,784,16797,-0.0,162057.094,-114818.039,-0.0,0.133,6.909358625270745e+28,30.0,65.0,35,0.0,0.0,0.0,0.0,0.0,0.0,0.0,0.0,0.0,0.0,0.0,0.0,0.0,0.0,0.0,0.0,69.2,0,150,71,55,65476,0,300,0,1,8,20529,65476,0,0,40632,65.0,0.0,0.0,0.0,0.0,0.0
2026-09-04T20:10:42,ERR,ERR,ERR,ERR,ERR,ERR,ERR,ERR,ERR,ERR,ERR,ERR,ERR,ERR,ERR,ERR,ERR,ERR,ERR,ERR,ERR,ERR,ERR,ERR,ERR,ERR,ERR,ERR,ERR,ERR,ERR,ERR,ERR,ERR,ERR,ERR,ERR,ERR,ERR,ERR,ERR,ERR,ERR,ERR,ERR,ERR,ERR,ERR,ERR,ERR,ERR,ERR,ERR,ERR,ERR,ERR,ERR,ERR,ERR,ERR,ERR,ERR,ERR,ERR,ERR,ERR,ERR,ERR,ERR,ERR,ERR,ERR,ERR,ERR,ERR,ERR,ERR,ERR,ERR,ERR,ERR,ERR,ERR,ERR,ERR,ERR,ERR,ERR,ERR,ERR,ERR,ERR,ERR,ERR,ERR,ERR,ERR,ERR,ERR,ERR,ERR,ERR,ERR,ERR,ERR,ERR,ERR,ERR,ERR,ERR,ERR,ERR,ERR,ERR,ERR,ERR,ERR,ERR,ERR,ERR,ERR,ERR,ERR,ERR,ERR,2.718430741444032e+23,2.7184312818759872e+23,0.0,0.0,0.0,1.3936040501711995e+18,7.805,0.0,0,0,4,0,7116,0.0,100,0.0,0.0,0.0,0.0,0.0,0,0,0,0,0.0,0,0,0,0,0,0,0,0,0,0,0,0,0,0,0,0,0,0,0,0,0,0,0,0,0,0,0,0,0,0,0,0,0,31,40,40,71,65476,0,300,0,0,8,21553,0.0,-107605600.0,0.0,0.0,0.0,0.0,0.0,0.0,0.0,0.0,0.0,0.0,0.0,0.0,0.0,0.0,0.0,0.0,0.0,0.0,0.0,0.0,0.0,-2.004,-2.004,0.0,0.0,0.0,0.0,0.0,6249.0,-0.0,6928.0,2.718430741444032e+23,2.7184312818759872e+23,-0.0,2.718430741444032e+23,0.0,0.0,0.0,0.0,69,-0.0,0.059,0.0,0.0,0.0,0.0,0.0,0.0,0.0,0,0,0,0.0,0.0,0.0,0.0,0.0,0.0,0.0,0.0,0.0,0.0,0.0,0.0,0.0,0.0,0.0,0.0,0,-107875648.0,69,0.0,138,0.0,-109447200.0,0,13107,17040,39322,17049,26215,17043,0,0,0,70,68,100,2.7302359370752657e+23,71.2,2.7302370179391762e+23,74.3,-0.0,74.0,1,49,50,180,13107,0,0,0,0.0,0.0,0.0,0.0,-0.0,67.0,0.0,162057.094,0.0,751,0,740,0,0,0,721,0,768,0,736,0,742,0,742,0,712,0,7520,0.032,107911053312.0,0.0,0.0,784,16797,-0.0,162057.094,-114818.039,-0.0,0.133,6.909358625270745e+28,30.0,65.0,35,0.0,0.0,0.0,0.0,0.0,0.0,0.0,0.0,0.0,0.0,0.0,0.0,0.0,0.0,0.0,0.0,69.2,0,150,71,55,65476,0,300,0,1,8,20529,65476,0,0,40632,65.0,0.0,0.0,0.0,0.0,0.0
2026-09-04T20:10:43,ERR,ERR,ERR,ERR,ERR,ERR,ERR,ERR,ERR,ERR,ERR,ERR,ERR,ERR,ERR,ERR,ERR,ERR,ERR,ERR,ERR,ERR,ERR,ERR,ERR,ERR,ERR,ERR,ERR,ERR,ERR,ERR,ERR,ERR,ERR,ERR,ERR,ERR,ERR,ERR,ERR,ERR,ERR,ERR,ERR,ERR,ERR,ERR,ERR,ERR,ERR,ERR,ERR,ERR,ERR,ERR,ERR,ERR,ERR,ERR,ERR,ERR,ERR,ERR,ERR,ERR,ERR,ERR,ERR,ERR,ERR,ERR,ERR,ERR,ERR,ERR,ERR,ERR,ERR,ERR,ERR,ERR,ERR,ERR,ERR,ERR,ERR,ERR,ERR,ERR,ERR,ERR,ERR,ERR,ERR,ERR,ERR,ERR,ERR,ERR,ERR,ERR,ERR,ERR,ERR,ERR,ERR,ERR,ERR,ERR,ERR,ERR,ERR,ERR,ERR,ERR,ERR,ERR,ERR,ERR,ERR,ERR,ERR,ERR,ERR,2.718430741444032e+23,2.7184312818759872e+23,0.0,0.0,0.0,1.3936040501711995e+18,7.805,0.0,0,0,4,0,7116,0.0,100,0.0,0.0,0.0,0.0,0.0,0,0,0,0,0.0,0,0,0,0,0,0,0,0,0,0,0,0,0,0,0,0,0,0,0,0,0,0,0,0,0,0,0,0,0,0,0,0,0,31,40,40,71,65476,0,300,0,0,8,21553,0.0,-107605600.0,0.0,0.0,0.0,0.0,0.0,0.0,0.0,0.0,0.0,0.0,0.0,0.0,0.0,0.0,0.0,0.0,0.0,0.0,0.0,0.0,0.0,-2.004,-2.004,0.0,0.0,0.0,0.0,0.0,6249.0,-0.0,6928.0,2.718430741444032e+23,2.7184312818759872e+23,-0.0,2.718430741444032e+23,0.0,0.0,0.0,0.0,69,-0.0,0.059,0.0,0.0,0.0,0.0,0.0,0.0,0.0,0,0,0,0.0,0.0,0.0,0.0,0.0,0.0,0.0,0.0,0.0,0.0,0.0,0.0,0.0,0.0,0.0,0.0,0,-107875648.0,69,0.0,138,0.0,-109447200.0,0,13107,17040,39322,17049,13107,17043,0,0,0,70,68,100,2.7302359370752657e+23,71.2,2.7302370179391762e+23,74.2,2.7302370179391762e+23,74.0,1,49,50,180,13107,0,0,0,0.0,0.0,0.0,0.0,-0.0,67.0,0.0,162057.094,0.0,751,0,740,0,0,0,721,0,768,0,736,0,742,0,742,0,712,0,7520,0.032,108447924224.0,0.0,0.0,784,16797,-0.0,162057.094,-114818.039,-0.0,0.133,6.909358625270745e+28,30.0,65.0,35,0.0,0.0,0.0,0.0,0.0,0.0,0.0,0.0,0.0,0.0,0.0,0.0,0.0,0.0,0.0,0.0,69.2,0,150,71,55,65476,0,300,0,1,8,20529,65476,0,0,40632,65.0,0.0,0.0,0.0,0.0,0.0
2026-09-04T20:10:44,ERR,ERR,ERR,ERR,ERR,ERR,ERR,ERR,ERR,ERR,ERR,ERR,ERR,ERR,ERR,ERR,ERR,ERR,ERR,ERR,ERR,ERR,ERR,ERR,ERR,ERR,ERR,ERR,ERR,ERR,ERR,ERR,ERR,ERR,ERR,ERR,ERR,ERR,ERR,ERR,ERR,ERR,ERR,ERR,ERR,ERR,ERR,ERR,ERR,ERR,ERR,ERR,ERR,ERR,ERR,ERR,ERR,ERR,ERR,ERR,ERR,ERR,ERR,ERR,ERR,ERR,ERR,ERR,ERR,ERR,ERR,ERR,ERR,ERR,ERR,ERR,ERR,ERR,ERR,ERR,ERR,ERR,ERR,ERR,ERR,ERR,ERR,ERR,ERR,ERR,ERR,ERR,ERR,ERR,ERR,ERR,ERR,ERR,ERR,ERR,ERR,ERR,ERR,ERR,ERR,ERR,ERR,ERR,ERR,ERR,ERR,ERR,ERR,ERR,ERR,ERR,ERR,ERR,ERR,ERR,ERR,ERR,ERR,ERR,ERR,2.718430741444032e+23,2.7184312818759872e+23,0.0,0.0,0.0,1.3936040501711995e+18,7.805,0.0,0,0,4,0,7116,0.0,100,0.0,0.0,0.0,0.0,0.0,0,0,0,0,0.0,0,0,0,0,0,0,0,0,0,0,0,0,0,0,0,0,0,0,0,0,0,0,0,0,0,0,0,0,0,0,0,0,0,31,40,40,71,65476,0,300,0,0,8,21553,0.0,-107605600.0,0.0,0.0,0.0,0.0,0.0,0.0,0.0,0.0,0.0,0.0,0.0,0.0,0.0,0.0,0.0,0.0,0.0,0.0,0.0,0.0,0.0,-2.004,-2.004,0.0,0.0,0.0,0.0,0.0,6249.0,-0.0,6928.0,2.718430741444032e+23,2.7184312818759872e+23,-0.0,2.718430741444032e+23,0.0,0.0,0.0,0.0,69,-0.0,0.059,0.0,0.0,0.0,0.0,0.0,0.0,0.0,0,0,0,0.0,0.0,0.0,0.0,0.0,0.0,0.0,0.0,0.0,0.0,0.0,0.0,0.0,0.0,0.0,0.0,0,-107875648.0,69,0.0,138,0.0,-109447200.0,0,13107,17040,39322,17049,13107,17043,0,0,0,70,68,100,2.7302359370752657e+23,71.2,2.7302370179391762e+23,74.2,2.7302370179391762e+23,74.0,1,49,50,180,13107,0,0,0,0.0,0.0,0.0,0.0,-0.0,67.0,0.0,162057.094,0.0,751,0,740,0,0,0,721,0,768,0,736,0,742,0,742,0,712,0,7520,0.032,108447924224.0,0.0,0.0,784,16797,-0.0,162057.094,-114818.039,-0.0,0.133,6.909358625270745e+28,30.0,65.0,35,0.0,0.0,0.0,0.0,0.0,0.0,0.0,0.0,0.0,0.0,0.0,0.0,0.0,0.0,0.0,0.0,69.2,0,150,71,55,65476,0,300,0,1,8,20529,65476,0,0,40632,65.0,0.0,0.0,0.0,0.0,0.0
2026-09-04T20:10:45,ERR,ERR,ERR,ERR,ERR,ERR,ERR,ERR,ERR,ERR,ERR,ERR,ERR,ERR,ERR,ERR,ERR,ERR,ERR,ERR,ERR,ERR,ERR,ERR,ERR,ERR,ERR,ERR,ERR,ERR,ERR,ERR,ERR,ERR,ERR,ERR,ERR,ERR,ERR,ERR,ERR,ERR,ERR,ERR,ERR,ERR,ERR,ERR,ERR,ERR,ERR,ERR,ERR,ERR,ERR,ERR,ERR,ERR,ERR,ERR,ERR,ERR,ERR,ERR,ERR,ERR,ERR,ERR,ERR,ERR,ERR,ERR,ERR,ERR,ERR,ERR,ERR,ERR,ERR,ERR,ERR,ERR,ERR,ERR,ERR,ERR,ERR,ERR,ERR,ERR,ERR,ERR,ERR,ERR,ERR,ERR,ERR,ERR,ERR,ERR,ERR,ERR,ERR,ERR,ERR,ERR,ERR,ERR,ERR,ERR,ERR,ERR,ERR,ERR,ERR,ERR,ERR,ERR,ERR,ERR,ERR,ERR,ERR,ERR,ERR,2.718430741444032e+23,2.7184312818759872e+23,0.0,0.0,0.0,1.3936040501711995e+18,7.805,0.0,0,0,4,0,7116,0.0,100,0.0,0.0,0.0,0.0,0.0,0,0,0,0,0.0,0,0,0,0,0,0,0,0,0,0,0,0,0,0,0,0,0,0,0,0,0,0,0,0,0,0,0,0,0,0,0,0,0,31,40,40,71,65476,0,300,0,0,8,21553,0.0,-107605600.0,0.0,0.0,0.0,0.0,0.0,0.0,0.0,0.0,0.0,0.0,0.0,0.0,0.0,0.0,0.0,0.0,0.0,0.0,0.0,0.0,0.0,-2.004,-2.004,0.0,0.0,0.0,0.0,0.0,6249.0,-0.0,6928.0,2.718430741444032e+23,2.7184312818759872e+23,-0.0,2.718430741444032e+23,0.0,0.0,0.0,0.0,69,-0.0,0.059,0.0,0.0,0.0,0.0,0.0,0.0,0.0,0,0,0,0.0,0.0,0.0,0.0,0.0,0.0,0.0,0.0,0.0,0.0,0.0,0.0,0.0,0.0,0.0,0.0,0,-107875648.0,69,0.0,138,0.0,-109447200.0,0,13107,17040,39322,17049,13107,17043,0,0,0,70,68,100,2.7302359370752657e+23,71.2,2.7302370179391762e+23,74.2,2.7302370179391762e+23,74.0,1,49,50,180,13107,0,0,0,0.0,0.0,0.0,0.0,-0.0,67.0,0.0,162057.094,0.0,751,0,740,0,0,0,721,0,768,0,736,0,742,0,742,0,712,0,7520,0.032,108447924224.0,0.0,0.0,784,16797,-0.0,162057.094,-114818.039,-0.0,0.133,6.909358625270745e+28,30.0,65.0,35,0.0,0.0,0.0,0.0,0.0,0.0,0.0,0.0,0.0,0.0,0.0,0.0,0.0,0.0,0.0,0.0,69.2,0,150,71,55,65476,0,300,0,1,8,20529,65476,0,0,40632,65.0,0.0,0.0,0.0,0.0,0.0
2026-09-04T20:10:46,ERR,ERR,ERR,ERR,ERR,ERR,ERR,ERR,ERR,ERR,ERR,ERR,ERR,ERR,ERR,ERR,ERR,ERR,ERR,ERR,ERR,ERR,ERR,ERR,ERR,ERR,ERR,ERR,ERR,ERR,ERR,ERR,ERR,ERR,ERR,ERR,ERR,ERR,ERR,ERR,ERR,ERR,ERR,ERR,ERR,ERR,ERR,ERR,ERR,ERR,ERR,ERR,ERR,ERR,ERR,ERR,ERR,ERR,ERR,ERR,ERR,ERR,ERR,ERR,ERR,ERR,ERR,ERR,ERR,ERR,ERR,ERR,ERR,ERR,ERR,ERR,ERR,ERR,ERR,ERR,ERR,ERR,ERR,ERR,ERR,ERR,ERR,ERR,ERR,ERR,ERR,ERR,ERR,ERR,ERR,ERR,ERR,ERR,ERR,ERR,ERR,ERR,ERR,ERR,ERR,ERR,ERR,ERR,ERR,ERR,ERR,ERR,ERR,ERR,ERR,ERR,ERR,ERR,ERR,ERR,ERR,ERR,ERR,ERR,ERR,2.718430741444032e+23,2.7184312818759872e+23,0.0,0.0,0.0,1.3936040501711995e+18,7.805,0.0,0,0,4,0,7116,0.0,100,0.0,0.0,0.0,0.0,0.0,0,0,0,0,0.0,0,0,0,0,0,0,0,0,0,0,0,0,0,0,0,0,0,0,0,0,0,0,0,0,0,0,0,0,0,0,0,0,0,31,40,40,71,65476,0,300,0,0,8,21553,0.0,-107605600.0,0.0,0.0,0.0,0.0,0.0,0.0,0.0,0.0,0.0,0.0,0.0,0.0,0.0,0.0,0.0,0.0,0.0,0.0,0.0,0.0,0.0,-2.004,-2.004,0.0,0.0,0.0,0.0,0.0,6249.0,-0.0,6928.0,2.718430741444032e+23,2.7184312818759872e+23,-0.0,2.718430741444032e+23,0.0,0.0,0.0,0.0,69,-0.0,0.059,0.0,0.0,0.0,0.0,0.0,0.0,0.0,0,0,0,0.0,0.0,0.0,0.0,0.0,0.0,0.0,0.0,0.0,0.0,0.0,0.0,0.0,0.0,0.0,0.0,0,-107875648.0,69,0.0,138,0.0,-109447200.0,0,13107,17040,39322,17049,13107,17043,0,0,0,70,68,100,2.7302359370752657e+23,71.2,2.7302370179391762e+23,74.2,2.7302370179391762e+23,74.0,1,49,50,180,13107,0,0,0,0.0,0.0,0.0,0.0,-0.0,67.0,0.0,162057.094,0.0,751,0,740,0,0,0,721,0,768,0,736,0,742,0,742,0,712,0,7520,0.032,108447924224.0,0.0,0.0,784,16797,-0.0,162057.094,-114818.039,-0.0,0.133,6.909358625270745e+28,30.0,65.0,35,0.0,0.0,0.0,0.0,0.0,0.0,0.0,0.0,0.0,0.0,0.0,0.0,0.0,0.0,0.0,0.0,69.2,0,150,71,55,65476,0,300,0,1,8,20529,65476,0,0,40632,65.0,0.0,0.0,0.0,0.0,0.0
2026-09-04T20:10:47,ERR,ERR,ERR,ERR,ERR,ERR,ERR,ERR,ERR,ERR,ERR,ERR,ERR,ERR,ERR,ERR,ERR,ERR,ERR,ERR,ERR,ERR,ERR,ERR,ERR,ERR,ERR,ERR,ERR,ERR,ERR,ERR,ERR,ERR,ERR,ERR,ERR,ERR,ERR,ERR,ERR,ERR,ERR,ERR,ERR,ERR,ERR,ERR,ERR,ERR,ERR,ERR,ERR,ERR,ERR,ERR,ERR,ERR,ERR,ERR,ERR,ERR,ERR,ERR,ERR,ERR,ERR,ERR,ERR,ERR,ERR,ERR,ERR,ERR,ERR,ERR,ERR,ERR,ERR,ERR,ERR,ERR,ERR,ERR,ERR,ERR,ERR,ERR,ERR,ERR,ERR,ERR,ERR,ERR,ERR,ERR,ERR,ERR,ERR,ERR,ERR,ERR,ERR,ERR,ERR,ERR,ERR,ERR,ERR,ERR,ERR,ERR,ERR,ERR,ERR,ERR,ERR,ERR,ERR,ERR,ERR,ERR,ERR,ERR,ERR,2.718430741444032e+23,2.7184312818759872e+23,0.0,0.0,0.0,1.3936040501711995e+18,7.805,0.0,0,0,4,0,7116,0.0,100,0.0,0.0,0.0,0.0,0.0,0,0,0,0,0.0,0,0,0,0,0,0,0,0,0,0,0,0,0,0,0,0,0,0,0,0,0,0,0,0,0,0,0,0,0,0,0,0,0,31,40,40,71,65476,0,300,0,0,8,21553,0.0,-107605600.0,0.0,0.0,0.0,0.0,0.0,0.0,0.0,0.0,0.0,0.0,0.0,0.0,0.0,0.0,0.0,0.0,0.0,0.0,0.0,0.0,0.0,-2.004,-2.004,0.0,0.0,0.0,0.0,0.0,6249.0,-0.0,6928.0,2.718430741444032e+23,2.7184312818759872e+23,-0.0,2.718430741444032e+23,0.0,0.0,0.0,0.0,69,-0.0,0.059,0.0,0.0,0.0,0.0,0.0,0.0,0.0,0,0,0,0.0,0.0,0.0,0.0,0.0,0.0,0.0,0.0,0.0,0.0,0.0,0.0,0.0,0.0,0.0,0.0,0,-107875648.0,69,0.0,138,0.0,-109447200.0,0,13107,17040,39322,17049,13107,17043,0,0,0,70,68,100,2.7302359370752657e+23,71.2,2.7302370179391762e+23,74.2,2.7302370179391762e+23,74.0,1,49,50,180,13107,0,0,0,0.0,0.0,0.0,0.0,-0.0,67.0,0.0,162057.094,0.0,751,0,740,0,0,0,721,0,768,0,736,0,742,0,742,0,712,0,7520,0.032,108447924224.0,0.0,0.0,784,16797,-0.0,162057.094,-114818.039,-0.0,0.133,6.909358625270745e+28,30.0,65.0,35,0.0,0.0,0.0,0.0,0.0,0.0,0.0,0.0,0.0,0.0,0.0,0.0,0.0,0.0,0.0,0.0,69.2,0,150,71,55,65476,0,300,0,1,8,20529,65476,0,0,40632,65.0,0.0,0.0,0.0,0.0,0.0
2026-09-04T20:10:48,ERR,ERR,ERR,ERR,ERR,ERR,ERR,ERR,ERR,ERR,ERR,ERR,ERR,ERR,ERR,ERR,ERR,ERR,ERR,ERR,ERR,ERR,ERR,ERR,ERR,ERR,ERR,ERR,ERR,ERR,ERR,ERR,ERR,ERR,ERR,ERR,ERR,ERR,ERR,ERR,ERR,ERR,ERR,ERR,ERR,ERR,ERR,ERR,ERR,ERR,ERR,ERR,ERR,ERR,ERR,ERR,ERR,ERR,ERR,ERR,ERR,ERR,ERR,ERR,ERR,ERR,ERR,ERR,ERR,ERR,ERR,ERR,ERR,ERR,ERR,ERR,ERR,ERR,ERR,ERR,ERR,ERR,ERR,ERR,ERR,ERR,ERR,ERR,ERR,ERR,ERR,ERR,ERR,ERR,ERR,ERR,ERR,ERR,ERR,ERR,ERR,ERR,ERR,ERR,ERR,ERR,ERR,ERR,ERR,ERR,ERR,ERR,ERR,ERR,ERR,ERR,ERR,ERR,ERR,ERR,ERR,ERR,ERR,ERR,ERR,2.718430741444032e+23,2.7184312818759872e+23,0.0,0.0,0.0,1.3936040501711995e+18,7.805,0.0,0,0,4,0,7116,0.0,100,0.0,0.0,0.0,0.0,0.0,0,0,0,0,0.0,0,0,0,0,0,0,0,0,0,0,0,0,0,0,0,0,0,0,0,0,0,0,0,0,0,0,0,0,0,0,0,0,0,31,40,40,71,65476,0,300,0,0,8,21553,0.0,-107605600.0,0.0,0.0,0.0,0.0,0.0,0.0,0.0,0.0,0.0,0.0,0.0,0.0,0.0,0.0,0.0,0.0,0.0,0.0,0.0,0.0,0.0,-2.004,-2.004,0.0,0.0,0.0,0.0,0.0,6251.0,-0.0,6928.0,2.718430741444032e+23,2.7184312818759872e+23,-0.0,2.718430741444032e+23,0.0,0.0,0.0,0.0,69,-0.0,0.059,0.0,0.0,0.0,0.0,0.0,0.0,0.0,0,0,0,0.0,0.0,0.0,0.0,0.0,0.0,0.0,0.0,0.0,0.0,0.0,0.0,0.0,0.0,0.0,0.0,0,-107875648.0,69,0.0,138,0.0,-109447200.0,0,13107,17040,39322,17049,13107,17043,0,0,0,70,68,100,2.7302359370752657e+23,71.2,2.7302370179391762e+23,74.2,2.7302370179391762e+23,74.0,1,49,50,180,13107,0,0,0,0.0,0.0,0.0,0.0,-0.0,67.0,0.0,162057.094,0.0,751,0,740,0,0,0,721,0,768,0,736,0,742,0,742,0,712,0,7520,0.032,108447924224.0,0.0,0.0,784,16797,-0.0,162057.094,-114818.039,-0.0,0.133,6.909358625270745e+28,30.0,65.0,35,0.0,0.0,0.0,0.0,0.0,0.0,0.0,0.0,0.0,0.0,0.0,0.0,0.0,0.0,0.0,0.0,69.2,0,150,71,55,65476,0,300,0,1,8,20529,65476,0,0,40632,65.0,0.0,0.0,0.0,0.0,0.0
2026-09-04T20:10:49,ERR,ERR,ERR,ERR,ERR,ERR,ERR,ERR,ERR,ERR,ERR,ERR,ERR,ERR,ERR,ERR,ERR,ERR,ERR,ERR,ERR,ERR,ERR,ERR,ERR,ERR,ERR,ERR,ERR,ERR,ERR,ERR,ERR,ERR,ERR,ERR,ERR,ERR,ERR,ERR,ERR,ERR,ERR,ERR,ERR,ERR,ERR,ERR,ERR,ERR,ERR,ERR,ERR,ERR,ERR,ERR,ERR,ERR,ERR,ERR,ERR,ERR,ERR,ERR,ERR,ERR,ERR,ERR,ERR,ERR,ERR,ERR,ERR,ERR,ERR,ERR,ERR,ERR,ERR,ERR,ERR,ERR,ERR,ERR,ERR,ERR,ERR,ERR,ERR,ERR,ERR,ERR,ERR,ERR,ERR,ERR,ERR,ERR,ERR,ERR,ERR,ERR,ERR,ERR,ERR,ERR,ERR,ERR,ERR,ERR,ERR,ERR,ERR,ERR,ERR,ERR,ERR,ERR,ERR,ERR,ERR,ERR,ERR,ERR,ERR,2.718430741444032e+23,2.7184312818759872e+23,0.0,0.0,0.0,1.3936040501711995e+18,7.805,0.0,0,0,4,0,7116,0.0,100,0.0,0.0,0.0,0.0,0.0,0,0,0,0,0.0,0,0,0,0,0,0,0,0,0,0,0,0,0,0,0,0,0,0,0,0,0,0,0,0,0,0,0,0,0,0,0,0,0,31,40,40,71,65476,0,300,0,0,8,21553,0.0,-107605600.0,0.0,0.0,0.0,0.0,0.0,0.0,0.0,0.0,0.0,0.0,0.0,0.0,0.0,0.0,0.0,0.0,0.0,0.0,0.0,0.0,0.0,-2.004,-2.004,0.0,0.0,0.0,0.0,0.0,6251.0,-0.0,6928.0,2.718430741444032e+23,2.7184312818759872e+23,-0.0,2.718430741444032e+23,0.0,0.0,0.0,0.0,69,-0.0,0.059,0.0,0.0,0.0,0.0,0.0,0.0,0.0,0,0,0,0.0,0.0,0.0,0.0,0.0,0.0,0.0,0.0,0.0,0.0,0.0,0.0,0.0,0.0,0.0,0.0,0,-107875648.0,69,0.0,138,0.0,-109447200.0,0,13107,17040,39322,17049,13107,17043,0,0,0,70,68,100,2.7302359370752657e+23,71.1,0.0,74.2,2.7302370179391762e+23,74.0,1,49,50,180,13107,52429,0,0,0.0,0.0,0.0,0.0,-0.0,67.0,0.0,162057.094,0.0,751,0,739,0,0,0,721,0,768,0,736,0,742,0,741,0,712,0,7520,0.032,107911053312.0,0.0,0.0,784,16797,-0.0,162057.094,-114818.039,-0.0,0.133,6.909358625270745e+28,30.0,65.0,35,0.0,0.0,0.0,0.0,0.0,0.0,0.0,0.0,0.0,0.0,0.0,0.0,0.0,0.0,0.0,0.0,69.2,0,150,71,55,65476,0,300,0,1,8,20529,65476,0,0,40632,65.0,0.0,0.0,0.0,0.0,0.0
2026-09-04T20:10:50,ERR,ERR,ERR,ERR,ERR,ERR,ERR,ERR,ERR,ERR,ERR,ERR,ERR,ERR,ERR,ERR,ERR,ERR,ERR,ERR,ERR,ERR,ERR,ERR,ERR,ERR,ERR,ERR,ERR,ERR,ERR,ERR,ERR,ERR,ERR,ERR,ERR,ERR,ERR,ERR,ERR,ERR,ERR,ERR,ERR,ERR,ERR,ERR,ERR,ERR,ERR,ERR,ERR,ERR,ERR,ERR,ERR,ERR,ERR,ERR,ERR,ERR,ERR,ERR,ERR,ERR,ERR,ERR,ERR,ERR,ERR,ERR,ERR,ERR,ERR,ERR,ERR,ERR,ERR,ERR,ERR,ERR,ERR,ERR,ERR,ERR,ERR,ERR,ERR,ERR,ERR,ERR,ERR,ERR,ERR,ERR,ERR,ERR,ERR,ERR,ERR,ERR,ERR,ERR,ERR,ERR,ERR,ERR,ERR,ERR,ERR,ERR,ERR,ERR,ERR,ERR,ERR,ERR,ERR,ERR,ERR,ERR,ERR,ERR,ERR,2.718430741444032e+23,2.7184312818759872e+23,0.0,0.0,0.0,1.3936040501711995e+18,7.805,0.0,0,0,4,0,7116,0.0,100,0.0,0.0,0.0,0.0,0.0,0,0,0,0,0.0,0,0,0,0,0,0,0,0,0,0,0,0,0,0,0,0,0,0,0,0,0,0,0,0,0,0,0,0,0,0,0,0,0,31,40,40,71,65476,0,300,0,0,8,21553,0.0,-107605600.0,0.0,0.0,0.0,0.0,0.0,0.0,0.0,0.0,0.0,0.0,0.0,0.0,0.0,0.0,0.0,0.0,0.0,0.0,0.0,0.0,0.0,-2.004,-2.004,0.0,0.0,0.0,0.0,0.0,6251.0,-0.0,6928.0,2.718430741444032e+23,2.7184312818759872e+23,-0.0,2.718430741444032e+23,0.0,0.0,0.0,0.0,69,-0.0,0.059,0.0,0.0,0.0,0.0,0.0,0.0,0.0,0,0,0,0.0,0.0,0.0,0.0,0.0,0.0,0.0,0.0,0.0,0.0,0.0,0.0,0.0,0.0,0.0,0.0,0,-107875648.0,69,0.0,138,0.0,-109447200.0,0,13107,17040,39322,17049,13107,17043,0,0,0,70,68,100,2.7302359370752657e+23,71.1,0.0,74.2,2.7302370179391762e+23,74.0,1,49,50,180,13107,52429,0,0,0.0,0.0,0.0,0.0,-0.0,67.0,0.0,162057.094,0.0,751,0,739,0,0,0,721,0,768,0,736,0,742,0,741,0,712,0,7520,0.032,107911053312.0,0.0,0.0,784,16797,-0.0,162057.094,-114818.039,-0.0,0.133,6.909358625270745e+28,30.0,65.0,35,0.0,0.0,0.0,0.0,0.0,0.0,0.0,0.0,0.0,0.0,0.0,0.0,0.0,0.0,0.0,0.0,69.2,0,150,71,55,65476,0,300,0,1,8,20529,65476,0,0,40632,65.0,0.0,0.0,0.0,0.0,0.0
2026-09-04T20:10:51,ERR,ERR,ERR,ERR,ERR,ERR,ERR,ERR,ERR,ERR,ERR,ERR,ERR,ERR,ERR,ERR,ERR,ERR,ERR,ERR,ERR,ERR,ERR,ERR,ERR,ERR,ERR,ERR,ERR,ERR,ERR,ERR,ERR,ERR,ERR,ERR,ERR,ERR,ERR,ERR,ERR,ERR,ERR,ERR,ERR,ERR,ERR,ERR,ERR,ERR,ERR,ERR,ERR,ERR,ERR,ERR,ERR,ERR,ERR,ERR,ERR,ERR,ERR,ERR,ERR,ERR,ERR,ERR,ERR,ERR,ERR,ERR,ERR,ERR,ERR,ERR,ERR,ERR,ERR,ERR,ERR,ERR,ERR,ERR,ERR,ERR,ERR,ERR,ERR,ERR,ERR,ERR,ERR,ERR,ERR,ERR,ERR,ERR,ERR,ERR,ERR,ERR,ERR,ERR,ERR,ERR,ERR,ERR,ERR,ERR,ERR,ERR,ERR,ERR,ERR,ERR,ERR,ERR,ERR,ERR,ERR,ERR,ERR,ERR,ERR,2.718430741444032e+23,2.7184312818759872e+23,0.0,0.0,0.0,1.3936040501711995e+18,7.805,0.0,0,0,4,0,7116,0.0,100,0.0,0.0,0.0,0.0,0.0,0,0,0,0,0.0,0,0,0,0,0,0,0,0,0,0,0,0,0,0,0,0,0,0,0,0,0,0,0,0,0,0,0,0,0,0,0,0,0,31,40,40,71,65476,0,300,0,0,8,21553,0.0,-107605600.0,0.0,0.0,0.0,0.0,0.0,0.0,0.0,0.0,0.0,0.0,0.0,0.0,0.0,0.0,0.0,0.0,0.0,0.0,0.0,0.0,0.0,-2.004,-2.004,0.0,0.0,0.0,0.0,0.0,6251.0,-0.0,6928.0,2.718430741444032e+23,2.7184312818759872e+23,-0.0,2.718430741444032e+23,0.0,0.0,0.0,0.0,69,-0.0,0.059,0.0,0.0,0.0,0.0,0.0,0.0,0.0,0,0,0,0.0,0.0,0.0,0.0,0.0,0.0,0.0,0.0,0.0,0.0,0.0,0.0,0.0,0.0,0.0,0.0,0,-107875648.0,69,0.0,138,0.0,-109447200.0,0,13107,17040,39322,17049,13107,17043,0,0,0,70,68,100,2.7302359370752657e+23,71.1,0.0,74.2,2.7302370179391762e+23,74.0,1,49,50,180,13107,52429,0,0,0.0,0.0,0.0,0.0,-0.0,67.0,0.0,162057.094,0.0,751,0,739,0,0,0,721,0,768,0,736,0,742,0,741,0,712,0,7520,0.032,107911053312.0,0.0,0.0,784,16797,-0.0,162057.094,-114818.039,-0.0,0.133,6.909358625270745e+28,30.0,65.0,35,0.0,0.0,0.0,0.0,0.0,0.0,0.0,0.0,0.0,0.0,0.0,0.0,0.0,0.0,0.0,0.0,69.2,0,150,71,55,65476,0,300,0,1,8,20529,65476,0,0,40632,65.0,0.0,0.0,0.0,0.0,0.0
2026-09-04T20:10:52,ERR,ERR,ERR,ERR,ERR,ERR,ERR,ERR,ERR,ERR,ERR,ERR,ERR,ERR,ERR,ERR,ERR,ERR,ERR,ERR,ERR,ERR,ERR,ERR,ERR,ERR,ERR,ERR,ERR,ERR,ERR,ERR,ERR,ERR,ERR,ERR,ERR,ERR,ERR,ERR,ERR,ERR,ERR,ERR,ERR,ERR,ERR,ERR,ERR,ERR,ERR,ERR,ERR,ERR,ERR,ERR,ERR,ERR,ERR,ERR,ERR,ERR,ERR,ERR,ERR,ERR,ERR,ERR,ERR,ERR,ERR,ERR,ERR,ERR,ERR,ERR,ERR,ERR,ERR,ERR,ERR,ERR,ERR,ERR,ERR,ERR,ERR,ERR,ERR,ERR,ERR,ERR,ERR,ERR,ERR,ERR,ERR,ERR,ERR,ERR,ERR,ERR,ERR,ERR,ERR,ERR,ERR,ERR,ERR,ERR,ERR,ERR,ERR,ERR,ERR,ERR,ERR,ERR,ERR,ERR,ERR,ERR,ERR,ERR,ERR,2.718430741444032e+23,2.7184312818759872e+23,0.0,0.0,0.0,1.3936040501711995e+18,7.805,0.0,0,0,4,0,7116,0.0,100,0.0,0.0,0.0,0.0,0.0,0,0,0,0,0.0,0,0,0,0,0,0,0,0,0,0,0,0,0,0,0,0,0,0,0,0,0,0,0,0,0,0,0,0,0,0,0,0,0,31,40,40,71,65476,0,300,0,0,8,21553,0.0,-107605600.0,0.0,0.0,0.0,0.0,0.0,0.0,0.0,0.0,0.0,0.0,0.0,0.0,0.0,0.0,0.0,0.0,0.0,0.0,0.0,0.0,0.0,-2.004,-2.004,0.0,0.0,0.0,0.0,0.0,6251.0,-0.0,6928.0,2.718430741444032e+23,2.7184312818759872e+23,-0.0,2.718430741444032e+23,0.0,0.0,0.0,0.0,69,-0.0,0.059,0.0,0.0,0.0,0.0,0.0,0.0,0.0,0,0,0,0.0,0.0,0.0,0.0,0.0,0.0,0.0,0.0,0.0,0.0,0.0,0.0,0.0,0.0,0.0,0.0,0,-107875648.0,69,0.0,138,0.0,-109447200.0,0,13107,17040,39322,17049,13107,17043,0,0,0,70,68,100,2.7302359370752657e+23,71.1,0.0,74.2,2.7302370179391762e+23,74.0,1,49,50,180,13107,52429,0,0,0.0,0.0,0.0,0.0,-0.0,67.0,0.0,162057.094,0.0,751,0,739,0,0,0,721,0,768,0,736,0,742,0,741,0,712,0,7520,0.032,107911053312.0,0.0,0.0,784,16797,-0.0,162057.094,-114818.039,-0.0,0.133,6.909358625270745e+28,30.0,65.0,35,0.0,0.0,0.0,0.0,0.0,0.0,0.0,0.0,0.0,0.0,0.0,0.0,0.0,0.0,0.0,0.0,69.2,0,150,71,55,65476,0,300,0,1,8,20529,65476,0,0,40632,65.0,0.0,0.0,0.0,0.0,0.0
2026-09-04T20:10:53,ERR,ERR,ERR,ERR,ERR,ERR,ERR,ERR,ERR,ERR,ERR,ERR,ERR,ERR,ERR,ERR,ERR,ERR,ERR,ERR,ERR,ERR,ERR,ERR,ERR,ERR,ERR,ERR,ERR,ERR,ERR,ERR,ERR,ERR,ERR,ERR,ERR,ERR,ERR,ERR,ERR,ERR,ERR,ERR,ERR,ERR,ERR,ERR,ERR,ERR,ERR,ERR,ERR,ERR,ERR,ERR,ERR,ERR,ERR,ERR,ERR,ERR,ERR,ERR,ERR,ERR,ERR,ERR,ERR,ERR,ERR,ERR,ERR,ERR,ERR,ERR,ERR,ERR,ERR,ERR,ERR,ERR,ERR,ERR,ERR,ERR,ERR,ERR,ERR,ERR,ERR,ERR,ERR,ERR,ERR,ERR,ERR,ERR,ERR,ERR,ERR,ERR,ERR,ERR,ERR,ERR,ERR,ERR,ERR,ERR,ERR,ERR,ERR,ERR,ERR,ERR,ERR,ERR,ERR,ERR,ERR,ERR,ERR,ERR,ERR,2.718430741444032e+23,2.7184312818759872e+23,0.0,0.0,0.0,1.3936040501711995e+18,7.805,0.0,0,0,4,0,7116,0.0,100,0.0,0.0,0.0,0.0,0.0,0,0,0,0,0.0,0,0,0,0,0,0,0,0,0,0,0,0,0,0,0,0,0,0,0,0,0,0,0,0,0,0,0,0,0,0,0,0,0,31,40,40,71,65476,0,300,0,0,8,21553,0.0,-107605600.0,0.0,0.0,0.0,0.0,0.0,0.0,0.0,0.0,0.0,0.0,0.0,0.0,0.0,0.0,0.0,0.0,0.0,0.0,0.0,0.0,0.0,-2.004,-2.004,0.0,0.0,0.0,0.0,0.0,6251.0,-0.0,6928.0,2.718430741444032e+23,2.7184312818759872e+23,-0.0,2.718430741444032e+23,0.0,0.0,0.0,0.0,69,-0.0,0.059,0.0,0.0,0.0,0.0,0.0,0.0,0.0,0,0,0,0.0,0.0,0.0,0.0,0.0,0.0,0.0,0.0,0.0,0.0,0.0,0.0,0.0,0.0,0.0,0.0,0,-107875648.0,69,0.0,138,0.0,-109447200.0,0,13107,17040,39322,17049,13107,17043,0,0,0,70,68,100,2.7302359370752657e+23,71.1,0.0,74.2,2.7302370179391762e+23,74.0,1,49,50,180,13107,52429,0,0,0.0,0.0,0.0,0.0,-0.0,67.0,0.0,162057.094,0.0,751,0,739,0,0,0,721,0,768,0,736,0,742,0,741,0,712,0,7520,0.032,107911053312.0,0.0,0.0,784,16797,-0.0,162057.094,-114818.039,-0.0,0.133,6.909358625270745e+28,30.0,65.0,35,0.0,0.0,0.0,0.0,0.0,0.0,0.0,0.0,0.0,0.0,0.0,0.0,0.0,0.0,0.0,0.0,69.2,0,150,71,55,65476,0,300,0,1,8,20529,65476,0,0,40632,65.0,0.0,0.0,0.0,0.0,0.0
2026-09-04T20:10:54,ERR,ERR,ERR,ERR,ERR,ERR,ERR,ERR,ERR,ERR,ERR,ERR,ERR,ERR,ERR,ERR,ERR,ERR,ERR,ERR,ERR,ERR,ERR,ERR,ERR,ERR,ERR,ERR,ERR,ERR,ERR,ERR,ERR,ERR,ERR,ERR,ERR,ERR,ERR,ERR,ERR,ERR,ERR,ERR,ERR,ERR,ERR,ERR,ERR,ERR,ERR,ERR,ERR,ERR,ERR,ERR,ERR,ERR,ERR,ERR,ERR,ERR,ERR,ERR,ERR,ERR,ERR,ERR,ERR,ERR,ERR,ERR,ERR,ERR,ERR,ERR,ERR,ERR,ERR,ERR,ERR,ERR,ERR,ERR,ERR,ERR,ERR,ERR,ERR,ERR,ERR,ERR,ERR,ERR,ERR,ERR,ERR,ERR,ERR,ERR,ERR,ERR,ERR,ERR,ERR,ERR,ERR,ERR,ERR,ERR,ERR,ERR,ERR,ERR,ERR,ERR,ERR,ERR,ERR,ERR,ERR,ERR,ERR,ERR,ERR,2.718430741444032e+23,2.7184312818759872e+23,0.0,0.0,0.0,1.3936040501711995e+18,7.805,0.0,0,0,4,0,7116,0.0,100,0.0,0.0,0.0,0.0,0.0,0,0,0,0,0.0,0,0,0,0,0,0,0,0,0,0,0,0,0,0,0,0,0,0,0,0,0,0,0,0,0,0,0,0,0,0,0,0,0,31,40,40,71,65476,0,300,0,0,8,21553,0.0,-107605600.0,0.0,0.0,0.0,0.0,0.0,0.0,0.0,0.0,0.0,0.0,0.0,0.0,0.0,0.0,0.0,0.0,0.0,0.0,0.0,0.0,0.0,-2.004,-2.004,0.0,0.0,0.0,0.0,0.0,6251.0,-0.0,6928.0,2.718430741444032e+23,2.7184312818759872e+23,-0.0,2.718430741444032e+23,0.0,0.0,0.0,0.0,69,-0.0,0.059,0.0,0.0,0.0,0.0,0.0,0.0,0.0,0,0,0,0.0,0.0,0.0,0.0,0.0,0.0,0.0,0.0,0.0,0.0,0.0,0.0,0.0,0.0,0.0,0.0,0,-107875648.0,69,0.0,138,0.0,-109447200.0,0,13107,17040,39322,17049,13107,17043,0,0,0,70,68,100,2.7302359370752657e+23,71.2,2.7302370179391762e+23,74.2,2.7302370179391762e+23,74.0,1,49,50,180,13107,0,0,0,0.0,0.0,0.0,0.0,-0.0,67.0,0.0,162057.094,0.0,751,0,740,0,0,0,721,0,768,0,736,0,743,0,742,0,712,0,7520,0.032,107911053312.0,0.0,0.0,784,16797,-0.0,162057.094,-114818.039,-0.0,0.133,6.909358625270745e+28,30.0,65.0,35,0.0,0.0,0.0,0.0,0.0,0.0,0.0,0.0,0.0,0.0,0.0,0.0,0.0,0.0,0.0,0.0,69.2,0,150,71,55,65476,0,300,0,1,8,20529,65476,0,0,40632,65.0,0.0,0.0,0.0,0.0,0.0
2026-09-04T20:10:55,ERR,ERR,ERR,ERR,ERR,ERR,ERR,ERR,ERR,ERR,ERR,ERR,ERR,ERR,ERR,ERR,ERR,ERR,ERR,ERR,ERR,ERR,ERR,ERR,ERR,ERR,ERR,ERR,ERR,ERR,ERR,ERR,ERR,ERR,ERR,ERR,ERR,ERR,ERR,ERR,ERR,ERR,ERR,ERR,ERR,ERR,ERR,ERR,ERR,ERR,ERR,ERR,ERR,ERR,ERR,ERR,ERR,ERR,ERR,ERR,ERR,ERR,ERR,ERR,ERR,ERR,ERR,ERR,ERR,ERR,ERR,ERR,ERR,ERR,ERR,ERR,ERR,ERR,ERR,ERR,ERR,ERR,ERR,ERR,ERR,ERR,ERR,ERR,ERR,ERR,ERR,ERR,ERR,ERR,ERR,ERR,ERR,ERR,ERR,ERR,ERR,ERR,ERR,ERR,ERR,ERR,ERR,ERR,ERR,ERR,ERR,ERR,ERR,ERR,ERR,ERR,ERR,ERR,ERR,ERR,ERR,ERR,ERR,ERR,ERR,2.718430741444032e+23,2.7184312818759872e+23,0.0,0.0,0.0,1.3936040501711995e+18,7.805,0.0,0,0,4,0,7116,0.0,100,0.0,0.0,0.0,0.0,0.0,0,0,0,0,0.0,0,0,0,0,0,0,0,0,0,0,0,0,0,0,0,0,0,0,0,0,0,0,0,0,0,0,0,0,0,0,0,0,0,31,40,40,71,65476,0,300,0,0,8,21553,0.0,-107605600.0,0.0,0.0,0.0,0.0,0.0,0.0,0.0,0.0,0.0,0.0,0.0,0.0,0.0,0.0,0.0,0.0,0.0,0.0,0.0,0.0,0.0,-2.004,-2.004,0.0,0.0,0.0,0.0,0.0,6251.0,-0.0,6928.0,2.718430741444032e+23,2.7184312818759872e+23,-0.0,2.718430741444032e+23,0.0,0.0,0.0,0.0,69,-0.0,0.059,0.0,0.0,0.0,0.0,0.0,0.0,0.0,0,0,0,0.0,0.0,0.0,0.0,0.0,0.0,0.0,0.0,0.0,0.0,0.0,0.0,0.0,0.0,0.0,0.0,0,-107875648.0,69,0.0,138,0.0,-109447200.0,0,13107,17040,39322,17049,13107,17043,0,0,0,70,68,100,2.7302359370752657e+23,71.2,2.7302370179391762e+23,74.2,2.7302370179391762e+23,74.0,1,49,50,180,13107,0,0,0,0.0,0.0,0.0,0.0,-0.0,67.0,0.0,162057.094,0.0,751,0,740,0,0,0,721,0,768,0,736,0,743,0,742,0,712,0,7520,0.032,107911053312.0,0.0,0.0,784,16797,-0.0,162057.094,-114818.039,-0.0,0.133,6.909358625270745e+28,30.0,65.0,35,0.0,0.0,0.0,0.0,0.0,0.0,0.0,0.0,0.0,0.0,0.0,0.0,0.0,0.0,0.0,0.0,69.2,0,150,71,55,65476,0,300,0,1,8,20529,65476,0,0,40632,65.0,0.0,0.0,0.0,0.0,0.0
2026-09-04T20:10:56,ERR,ERR,ERR,ERR,ERR,ERR,ERR,ERR,ERR,ERR,ERR,ERR,ERR,ERR,ERR,ERR,ERR,ERR,ERR,ERR,ERR,ERR,ERR,ERR,ERR,ERR,ERR,ERR,ERR,ERR,ERR,ERR,ERR,ERR,ERR,ERR,ERR,ERR,ERR,ERR,ERR,ERR,ERR,ERR,ERR,ERR,ERR,ERR,ERR,ERR,ERR,ERR,ERR,ERR,ERR,ERR,ERR,ERR,ERR,ERR,ERR,ERR,ERR,ERR,ERR,ERR,ERR,ERR,ERR,ERR,ERR,ERR,ERR,ERR,ERR,ERR,ERR,ERR,ERR,ERR,ERR,ERR,ERR,ERR,ERR,ERR,ERR,ERR,ERR,ERR,ERR,ERR,ERR,ERR,ERR,ERR,ERR,ERR,ERR,ERR,ERR,ERR,ERR,ERR,ERR,ERR,ERR,ERR,ERR,ERR,ERR,ERR,ERR,ERR,ERR,ERR,ERR,ERR,ERR,ERR,ERR,ERR,ERR,ERR,ERR,2.718430741444032e+23,2.7184312818759872e+23,0.0,0.0,0.0,1.3936040501711995e+18,7.805,0.0,0,0,4,0,7116,0.0,100,0.0,0.0,0.0,0.0,0.0,0,0,0,0,0.0,0,0,0,0,0,0,0,0,0,0,0,0,0,0,0,0,0,0,0,0,0,0,0,0,0,0,0,0,0,0,0,0,0,31,40,40,71,65476,0,300,0,0,8,21553,0.0,-107605600.0,0.0,0.0,0.0,0.0,0.0,0.0,0.0,0.0,0.0,0.0,0.0,0.0,0.0,0.0,0.0,0.0,0.0,0.0,0.0,0.0,0.0,-2.004,-2.004,0.0,0.0,0.0,0.0,0.0,6246.0,0.0,6918.0,2.718430741444032e+23,2.7184312818759872e+23,-0.0,2.718430741444032e+23,0.0,0.0,0.0,0.0,69,5.848086582142772e+35,-0.0,0.0,0.0,0.0,0.0,0.0,0.0,0.0,0,0,0,0.0,0.0,0.0,0.0,0.0,0.0,0.0,0.0,0.0,0.0,0.0,0.0,0.0,0.0,0.0,0.0,0,-107875648.0,69,0.0,138,0.0,-109447200.0,0,13107,17040,39322,17049,13107,17043,0,0,0,70,68,100,2.7302359370752657e+23,71.2,2.7302370179391762e+23,74.2,2.7302370179391762e+23,74.0,1,49,50,180,13107,0,0,0,0.0,0.0,0.0,0.0,-0.0,67.0,0.0,162057.094,0.0,751,0,740,0,0,0,721,0,768,0,736,0,743,0,742,0,712,0,7520,0.032,107911053312.0,0.0,0.0,784,16797,-0.0,162057.094,-114818.039,-0.0,0.133,6.909358625270745e+28,30.0,65.0,35,0.0,0.0,0.0,0.0,0.0,0.0,0.0,0.0,0.0,0.0,0.0,0.0,0.0,0.0,0.0,0.0,69.2,0,150,71,55,65476,0,300,0,1,8,20529,65476,0,0,40632,65.0,0.0,0.0,0.0,0.0,0.0
2026-09-04T20:10:57,ERR,ERR,ERR,ERR,ERR,ERR,ERR,ERR,ERR,ERR,ERR,ERR,ERR,ERR,ERR,ERR,ERR,ERR,ERR,ERR,ERR,ERR,ERR,ERR,ERR,ERR,ERR,ERR,ERR,ERR,ERR,ERR,ERR,ERR,ERR,ERR,ERR,ERR,ERR,ERR,ERR,ERR,ERR,ERR,ERR,ERR,ERR,ERR,ERR,ERR,ERR,ERR,ERR,ERR,ERR,ERR,ERR,ERR,ERR,ERR,ERR,ERR,ERR,ERR,ERR,ERR,ERR,ERR,ERR,ERR,ERR,ERR,ERR,ERR,ERR,ERR,ERR,ERR,ERR,ERR,ERR,ERR,ERR,ERR,ERR,ERR,ERR,ERR,ERR,ERR,ERR,ERR,ERR,ERR,ERR,ERR,ERR,ERR,ERR,ERR,ERR,ERR,ERR,ERR,ERR,ERR,ERR,ERR,ERR,ERR,ERR,ERR,ERR,ERR,ERR,ERR,ERR,ERR,ERR,ERR,ERR,ERR,ERR,ERR,ERR,2.718430741444032e+23,2.7184312818759872e+23,0.0,0.0,0.0,1.3936040501711995e+18,7.805,0.0,0,0,4,0,7116,0.0,100,0.0,0.0,0.0,0.0,0.0,0,0,0,0,0.0,0,0,0,0,0,0,0,0,0,0,0,0,0,0,0,0,0,0,0,0,0,0,0,0,0,0,0,0,0,0,0,0,0,31,40,40,71,65476,0,300,0,0,8,21553,0.0,-107605600.0,0.0,0.0,0.0,0.0,0.0,0.0,0.0,0.0,0.0,0.0,0.0,0.0,0.0,0.0,0.0,0.0,0.0,0.0,0.0,0.0,0.0,-2.004,-2.004,0.0,0.0,0.0,0.0,0.0,6246.0,0.0,6918.0,2.718430741444032e+23,2.7184312818759872e+23,-0.0,2.718430741444032e+23,0.0,0.0,0.0,0.0,69,5.848086582142772e+35,-0.0,0.0,0.0,0.0,0.0,0.0,0.0,0.0,0,0,0,0.0,0.0,0.0,0.0,0.0,0.0,0.0,0.0,0.0,0.0,0.0,0.0,0.0,0.0,0.0,0.0,0,-107875648.0,69,0.0,138,0.0,-109447200.0,0,13107,17040,39322,17049,13107,17043,0,0,0,70,68,100,2.7302359370752657e+23,71.2,2.7302370179391762e+23,74.2,2.7302370179391762e+23,74.0,1,49,50,180,13107,0,0,0,0.0,0.0,0.0,0.0,-0.0,67.0,0.0,162057.094,0.0,751,0,740,0,0,0,721,0,768,0,736,0,743,0,742,0,712,0,7520,0.032,107911053312.0,0.0,0.0,784,16797,-0.0,162057.094,-114818.039,-0.0,0.133,6.909358625270745e+28,30.0,65.0,35,0.0,0.0,0.0,0.0,0.0,0.0,0.0,0.0,0.0,0.0,0.0,0.0,0.0,0.0,0.0,0.0,69.2,0,150,71,55,65476,0,300,0,1,8,20529,65476,0,0,40632,65.0,0.0,0.0,0.0,0.0,0.0
2026-09-04T20:10:58,ERR,ERR,ERR,ERR,ERR,ERR,ERR,ERR,ERR,ERR,ERR,ERR,ERR,ERR,ERR,ERR,ERR,ERR,ERR,ERR,ERR,ERR,ERR,ERR,ERR,ERR,ERR,ERR,ERR,ERR,ERR,ERR,ERR,ERR,ERR,ERR,ERR,ERR,ERR,ERR,ERR,ERR,ERR,ERR,ERR,ERR,ERR,ERR,ERR,ERR,ERR,ERR,ERR,ERR,ERR,ERR,ERR,ERR,ERR,ERR,ERR,ERR,ERR,ERR,ERR,ERR,ERR,ERR,ERR,ERR,ERR,ERR,ERR,ERR,ERR,ERR,ERR,ERR,ERR,ERR,ERR,ERR,ERR,ERR,ERR,ERR,ERR,ERR,ERR,ERR,ERR,ERR,ERR,ERR,ERR,ERR,ERR,ERR,ERR,ERR,ERR,ERR,ERR,ERR,ERR,ERR,ERR,ERR,ERR,ERR,ERR,ERR,ERR,ERR,ERR,ERR,ERR,ERR,ERR,ERR,ERR,ERR,ERR,ERR,ERR,2.718430741444032e+23,2.7184312818759872e+23,0.0,0.0,0.0,1.3936040501711995e+18,7.805,0.0,0,0,4,0,7116,0.0,100,0.0,0.0,0.0,0.0,0.0,0,0,0,0,0.0,0,0,0,0,0,0,0,0,0,0,0,0,0,0,0,0,0,0,0,0,0,0,0,0,0,0,0,0,0,0,0,0,0,31,40,40,71,65476,0,300,0,0,8,21553,0.0,-107605600.0,0.0,0.0,0.0,0.0,0.0,0.0,0.0,0.0,0.0,0.0,0.0,0.0,0.0,0.0,0.0,0.0,0.0,0.0,0.0,0.0,0.0,-2.004,-2.004,0.0,0.0,0.0,0.0,0.0,6246.0,0.0,6918.0,2.718430741444032e+23,2.7184312818759872e+23,-0.0,2.718430741444032e+23,0.0,0.0,0.0,0.0,69,5.848086582142772e+35,-0.0,0.0,0.0,0.0,0.0,0.0,0.0,0.0,0,0,0,0.0,0.0,0.0,0.0,0.0,0.0,0.0,0.0,0.0,0.0,0.0,0.0,0.0,0.0,0.0,0.0,0,-107875648.0,69,0.0,138,0.0,-109447200.0,0,13107,17040,39322,17049,13107,17043,0,0,0,70,68,100,2.7302359370752657e+23,71.2,2.7302370179391762e+23,74.2,2.7302370179391762e+23,74.0,1,49,50,180,13107,0,0,0,0.0,0.0,0.0,0.0,-0.0,67.0,0.0,162057.094,0.0,751,0,740,0,0,0,721,0,768,0,736,0,743,0,742,0,712,0,7520,0.032,107911053312.0,0.0,0.0,784,16797,-0.0,162057.094,-114818.039,-0.0,0.133,6.909358625270745e+28,30.0,65.0,35,0.0,0.0,0.0,0.0,0.0,0.0,0.0,0.0,0.0,0.0,0.0,0.0,0.0,0.0,0.0,0.0,69.2,0,150,71,55,65476,0,300,0,1,8,20529,65476,0,0,40632,65.0,0.0,0.0,0.0,0.0,0.0
2026-09-04T20:10:59,ERR,ERR,ERR,ERR,ERR,ERR,ERR,ERR,ERR,ERR,ERR,ERR,ERR,ERR,ERR,ERR,ERR,ERR,ERR,ERR,ERR,ERR,ERR,ERR,ERR,ERR,ERR,ERR,ERR,ERR,ERR,ERR,ERR,ERR,ERR,ERR,ERR,ERR,ERR,ERR,ERR,ERR,ERR,ERR,ERR,ERR,ERR,ERR,ERR,ERR,ERR,ERR,ERR,ERR,ERR,ERR,ERR,ERR,ERR,ERR,ERR,ERR,ERR,ERR,ERR,ERR,ERR,ERR,ERR,ERR,ERR,ERR,ERR,ERR,ERR,ERR,ERR,ERR,ERR,ERR,ERR,ERR,ERR,ERR,ERR,ERR,ERR,ERR,ERR,ERR,ERR,ERR,ERR,ERR,ERR,ERR,ERR,ERR,ERR,ERR,ERR,ERR,ERR,ERR,ERR,ERR,ERR,ERR,ERR,ERR,ERR,ERR,ERR,ERR,ERR,ERR,ERR,ERR,ERR,ERR,ERR,ERR,ERR,ERR,ERR,2.718430741444032e+23,2.7184312818759872e+23,0.0,0.0,0.0,1.3936040501711995e+18,7.805,0.0,0,0,4,0,7116,0.0,100,0.0,0.0,0.0,0.0,0.0,0,0,0,0,0.0,0,0,0,0,0,0,0,0,0,0,0,0,0,0,0,0,0,0,0,0,0,0,0,0,0,0,0,0,0,0,0,0,0,31,40,40,71,65476,0,300,0,0,8,21553,0.0,-107605600.0,0.0,0.0,0.0,0.0,0.0,0.0,0.0,0.0,0.0,0.0,0.0,0.0,0.0,0.0,0.0,0.0,0.0,0.0,0.0,0.0,0.0,-2.004,-2.004,0.0,0.0,0.0,0.0,0.0,6246.0,0.0,6918.0,2.718430741444032e+23,2.7184312818759872e+23,-0.0,2.718430741444032e+23,0.0,0.0,0.0,0.0,69,5.848086582142772e+35,-0.0,0.0,0.0,0.0,0.0,0.0,0.0,0.0,0,0,0,0.0,0.0,0.0,0.0,0.0,0.0,0.0,0.0,0.0,0.0,0.0,0.0,0.0,0.0,0.0,0.0,0,-107875648.0,69,0.0,138,0.0,-109447200.0,0,13107,17040,26215,17049,13107,17043,0,0,0,70,68,100,2.7302359370752657e+23,71.2,2.7302370179391762e+23,74.3,-0.0,74.0,1,49,50,180,13107,0,0,0,0.0,0.0,0.0,0.0,-0.0,67.0,0.0,162057.094,0.0,751,0,740,0,0,0,721,0,768,0,736,0,742,0,742,0,712,0,7520,0.032,108984795136.0,0.0,0.0,784,16797,-0.0,162057.094,-114818.039,-0.0,0.133,6.909358625270745e+28,30.0,65.0,35,0.0,0.0,0.0,0.0,0.0,0.0,0.0,0.0,0.0,0.0,0.0,0.0,0.0,0.0,0.0,0.0,69.2,0,150,71,55,65476,0,300,0,1,8,20529,65476,0,0,40632,65.0,0.0,0.0,0.0,0.0,0.0
2026-09-04T20:11:00,ERR,ERR,ERR,ERR,ERR,ERR,ERR,ERR,ERR,ERR,ERR,ERR,ERR,ERR,ERR,ERR,ERR,ERR,ERR,ERR,ERR,ERR,ERR,ERR,ERR,ERR,ERR,ERR,ERR,ERR,ERR,ERR,ERR,ERR,ERR,ERR,ERR,ERR,ERR,ERR,ERR,ERR,ERR,ERR,ERR,ERR,ERR,ERR,ERR,ERR,ERR,ERR,ERR,ERR,ERR,ERR,ERR,ERR,ERR,ERR,ERR,ERR,ERR,ERR,ERR,ERR,ERR,ERR,ERR,ERR,ERR,ERR,ERR,ERR,ERR,ERR,ERR,ERR,ERR,ERR,ERR,ERR,ERR,ERR,ERR,ERR,ERR,ERR,ERR,ERR,ERR,ERR,ERR,ERR,ERR,ERR,ERR,ERR,ERR,ERR,ERR,ERR,ERR,ERR,ERR,ERR,ERR,ERR,ERR,ERR,ERR,ERR,ERR,ERR,ERR,ERR,ERR,ERR,ERR,ERR,ERR,ERR,ERR,ERR,ERR,2.718430741444032e+23,2.7184312818759872e+23,0.0,0.0,0.0,1.3936040501711995e+18,7.805,0.0,0,0,4,0,7116,0.0,100,0.0,0.0,0.0,0.0,0.0,0,0,0,0,0.0,0,0,0,0,0,0,0,0,0,0,0,0,0,0,0,0,0,0,0,0,0,0,0,0,0,0,0,0,0,0,0,0,0,31,40,40,71,65476,0,300,0,0,8,21553,0.0,-107605600.0,0.0,0.0,0.0,0.0,0.0,0.0,0.0,0.0,0.0,0.0,0.0,0.0,0.0,0.0,0.0,0.0,0.0,0.0,0.0,0.0,0.0,-2.004,-2.004,0.0,0.0,0.0,0.0,0.0,6246.0,0.0,6918.0,2.718430741444032e+23,2.7184312818759872e+23,-0.0,2.718430741444032e+23,0.0,0.0,0.0,0.0,69,5.848086582142772e+35,-0.0,0.0,0.0,0.0,0.0,0.0,0.0,0.0,0,0,0,0.0,0.0,0.0,0.0,0.0,0.0,0.0,0.0,0.0,0.0,0.0,0.0,0.0,0.0,0.0,0.0,0,-107875648.0,69,0.0,138,0.0,-109447200.0,0,13107,17040,26215,17049,13107,17043,0,0,0,70,68,100,2.7302359370752657e+23,71.2,2.7302370179391762e+23,74.3,-0.0,74.0,1,49,50,180,13107,0,0,0,0.0,0.0,0.0,0.0,-0.0,67.0,0.0,162057.094,0.0,751,0,740,0,0,0,721,0,768,0,736,0,742,0,742,0,712,0,7520,0.032,108984795136.0,0.0,0.0,784,16797,-0.0,162057.094,-114818.039,-0.0,0.133,6.909358625270745e+28,30.0,65.0,35,0.0,0.0,0.0,0.0,0.0,0.0,0.0,0.0,0.0,0.0,0.0,0.0,0.0,0.0,0.0,0.0,69.2,0,150,71,55,65476,0,300,0,1,8,20529,65476,0,0,40632,65.0,0.0,0.0,0.0,0.0,0.0
2026-09-04T20:11:01,ERR,ERR,ERR,ERR,ERR,ERR,ERR,ERR,ERR,ERR,ERR,ERR,ERR,ERR,ERR,ERR,ERR,ERR,ERR,ERR,ERR,ERR,ERR,ERR,ERR,ERR,ERR,ERR,ERR,ERR,ERR,ERR,ERR,ERR,ERR,ERR,ERR,ERR,ERR,ERR,ERR,ERR,ERR,ERR,ERR,ERR,ERR,ERR,ERR,ERR,ERR,ERR,ERR,ERR,ERR,ERR,ERR,ERR,ERR,ERR,ERR,ERR,ERR,ERR,ERR,ERR,ERR,ERR,ERR,ERR,ERR,ERR,ERR,ERR,ERR,ERR,ERR,ERR,ERR,ERR,ERR,ERR,ERR,ERR,ERR,ERR,ERR,ERR,ERR,ERR,ERR,ERR,ERR,ERR,ERR,ERR,ERR,ERR,ERR,ERR,ERR,ERR,ERR,ERR,ERR,ERR,ERR,ERR,ERR,ERR,ERR,ERR,ERR,ERR,ERR,ERR,ERR,ERR,ERR,ERR,ERR,ERR,ERR,ERR,ERR,2.718430741444032e+23,2.7184312818759872e+23,0.0,0.0,0.0,1.3936040501711995e+18,7.805,0.0,0,0,4,0,7116,0.0,100,0.0,0.0,0.0,0.0,0.0,0,0,0,0,0.0,0,0,0,0,0,0,0,0,0,0,0,0,0,0,0,0,0,0,0,0,0,0,0,0,0,0,0,0,0,0,0,0,0,31,40,40,71,65476,0,300,0,0,8,21553,0.0,-107605600.0,0.0,0.0,0.0,0.0,0.0,0.0,0.0,0.0,0.0,0.0,0.0,0.0,0.0,0.0,0.0,0.0,0.0,0.0,0.0,0.0,0.0,-2.004,-2.004,0.0,0.0,0.0,0.0,0.0,6246.0,0.0,6918.0,2.718430741444032e+23,2.7184312818759872e+23,-0.0,2.718430741444032e+23,0.0,0.0,0.0,0.0,69,5.848086582142772e+35,-0.0,0.0,0.0,0.0,0.0,0.0,0.0,0.0,0,0,0,0.0,0.0,0.0,0.0,0.0,0.0,0.0,0.0,0.0,0.0,0.0,0.0,0.0,0.0,0.0,0.0,0,-107875648.0,69,0.0,138,0.0,-109447200.0,0,13107,17040,26215,17049,13107,17043,0,0,0,70,68,100,2.7302359370752657e+23,71.2,2.7302370179391762e+23,74.3,-0.0,74.0,1,49,50,180,13107,0,0,0,0.0,0.0,0.0,0.0,-0.0,67.0,0.0,162057.094,0.0,751,0,740,0,0,0,721,0,768,0,736,0,742,0,742,0,712,0,7520,0.032,108984795136.0,0.0,0.0,784,16797,-0.0,162057.094,-114818.039,-0.0,0.133,6.909358625270745e+28,30.0,65.0,35,0.0,0.0,0.0,0.0,0.0,0.0,0.0,0.0,0.0,0.0,0.0,0.0,0.0,0.0,0.0,0.0,69.2,0,150,71,55,65476,0,300,0,1,8,20529,65476,0,0,40632,65.0,0.0,0.0,0.0,0.0,0.0
2026-09-04T20:11:02,ERR,ERR,ERR,ERR,ERR,ERR,ERR,ERR,ERR,ERR,ERR,ERR,ERR,ERR,ERR,ERR,ERR,ERR,ERR,ERR,ERR,ERR,ERR,ERR,ERR,ERR,ERR,ERR,ERR,ERR,ERR,ERR,ERR,ERR,ERR,ERR,ERR,ERR,ERR,ERR,ERR,ERR,ERR,ERR,ERR,ERR,ERR,ERR,ERR,ERR,ERR,ERR,ERR,ERR,ERR,ERR,ERR,ERR,ERR,ERR,ERR,ERR,ERR,ERR,ERR,ERR,ERR,ERR,ERR,ERR,ERR,ERR,ERR,ERR,ERR,ERR,ERR,ERR,ERR,ERR,ERR,ERR,ERR,ERR,ERR,ERR,ERR,ERR,ERR,ERR,ERR,ERR,ERR,ERR,ERR,ERR,ERR,ERR,ERR,ERR,ERR,ERR,ERR,ERR,ERR,ERR,ERR,ERR,ERR,ERR,ERR,ERR,ERR,ERR,ERR,ERR,ERR,ERR,ERR,ERR,ERR,ERR,ERR,ERR,ERR,2.718430741444032e+23,2.7184312818759872e+23,0.0,0.0,0.0,1.3936040501711995e+18,7.805,0.0,0,0,4,0,7116,0.0,100,0.0,0.0,0.0,0.0,0.0,0,0,0,0,0.0,0,0,0,0,0,0,0,0,0,0,0,0,0,0,0,0,0,0,0,0,0,0,0,0,0,0,0,0,0,0,0,0,0,31,40,40,71,65476,0,300,0,0,8,21553,0.0,-107605600.0,0.0,0.0,0.0,0.0,0.0,0.0,0.0,0.0,0.0,0.0,0.0,0.0,0.0,0.0,0.0,0.0,0.0,0.0,0.0,0.0,0.0,-2.004,-2.004,0.0,0.0,0.0,0.0,0.0,6246.0,0.0,6918.0,2.718430741444032e+23,2.7184312818759872e+23,-0.0,2.718430741444032e+23,0.0,0.0,0.0,0.0,69,5.848086582142772e+35,-0.0,0.0,0.0,0.0,0.0,0.0,0.0,0.0,0,0,0,0.0,0.0,0.0,0.0,0.0,0.0,0.0,0.0,0.0,0.0,0.0,0.0,0.0,0.0,0.0,0.0,0,-107875648.0,69,0.0,138,0.0,-109447200.0,0,13107,17040,26215,17049,13107,17043,0,0,0,70,68,100,2.7302359370752657e+23,71.2,2.7302370179391762e+23,74.3,-0.0,74.0,1,49,50,180,13107,0,0,0,0.0,0.0,0.0,0.0,-0.0,67.0,0.0,162057.094,0.0,751,0,740,0,0,0,721,0,768,0,736,0,742,0,742,0,712,0,7520,0.032,108984795136.0,0.0,0.0,784,16797,-0.0,162057.094,-114818.039,-0.0,0.133,6.909358625270745e+28,30.0,65.0,35,0.0,0.0,0.0,0.0,0.0,0.0,0.0,0.0,0.0,0.0,0.0,0.0,0.0,0.0,0.0,0.0,69.2,0,150,71,55,65476,0,300,0,1,8,20529,65476,0,0,40632,65.0,0.0,0.0,0.0,0.0,0.0
2026-09-04T20:11:03,ERR,ERR,ERR,ERR,ERR,ERR,ERR,ERR,ERR,ERR,ERR,ERR,ERR,ERR,ERR,ERR,ERR,ERR,ERR,ERR,ERR,ERR,ERR,ERR,ERR,ERR,ERR,ERR,ERR,ERR,ERR,ERR,ERR,ERR,ERR,ERR,ERR,ERR,ERR,ERR,ERR,ERR,ERR,ERR,ERR,ERR,ERR,ERR,ERR,ERR,ERR,ERR,ERR,ERR,ERR,ERR,ERR,ERR,ERR,ERR,ERR,ERR,ERR,ERR,ERR,ERR,ERR,ERR,ERR,ERR,ERR,ERR,ERR,ERR,ERR,ERR,ERR,ERR,ERR,ERR,ERR,ERR,ERR,ERR,ERR,ERR,ERR,ERR,ERR,ERR,ERR,ERR,ERR,ERR,ERR,ERR,ERR,ERR,ERR,ERR,ERR,ERR,ERR,ERR,ERR,ERR,ERR,ERR,ERR,ERR,ERR,ERR,ERR,ERR,ERR,ERR,ERR,ERR,ERR,ERR,ERR,ERR,ERR,ERR,ERR,2.718430741444032e+23,2.7184312818759872e+23,0.0,0.0,0.0,1.3936040501711995e+18,7.805,0.0,0,0,4,0,7116,0.0,100,0.0,0.0,0.0,0.0,0.0,0,0,0,0,0.0,0,0,0,0,0,0,0,0,0,0,0,0,0,0,0,0,0,0,0,0,0,0,0,0,0,0,0,0,0,0,0,0,0,31,40,40,71,65476,0,300,0,0,8,21553,0.0,-107605600.0,0.0,0.0,0.0,0.0,0.0,0.0,0.0,0.0,0.0,0.0,0.0,0.0,0.0,0.0,0.0,0.0,0.0,0.0,0.0,0.0,0.0,-2.004,-2.004,0.0,0.0,0.0,0.0,0.0,6215.0,-0.0,6928.0,2.718430741444032e+23,2.7184312818759872e+23,-0.0,2.718430741444032e+23,0.0,0.0,0.0,0.0,69,-0.0,-4.950420087048995e+32,0.0,0.0,0.0,0.0,0.0,0.0,0.0,0,0,0,0.0,0.0,0.0,0.0,0.0,0.0,0.0,0.0,0.0,0.0,0.0,0.0,0.0,0.0,0.0,0.0,0,-107875648.0,69,0.0,138,0.0,-109447200.0,0,13107,17040,26215,17049,13107,17043,0,0,0,70,68,100,2.7302359370752657e+23,71.2,2.7302370179391762e+23,74.3,-0.0,74.0,1,49,50,180,13107,0,0,0,0.0,0.0,0.0,0.0,-0.0,67.0,0.0,162057.094,0.0,751,0,740,0,0,0,721,0,768,0,736,0,742,0,742,0,712,0,7520,0.032,108984795136.0,0.0,0.0,784,16797,-0.0,162057.094,-114818.039,-0.0,0.133,6.909358625270745e+28,30.0,65.0,35,0.0,0.0,0.0,0.0,0.0,0.0,0.0,0.0,0.0,0.0,0.0,0.0,0.0,0.0,0.0,0.0,69.2,0,150,71,55,65476,0,300,0,1,8,20529,65476,0,0,40632,65.0,0.0,0.0,0.0,0.0,0.0
2026-09-04T20:11:04,ERR,ERR,ERR,ERR,ERR,ERR,ERR,ERR,ERR,ERR,ERR,ERR,ERR,ERR,ERR,ERR,ERR,ERR,ERR,ERR,ERR,ERR,ERR,ERR,ERR,ERR,ERR,ERR,ERR,ERR,ERR,ERR,ERR,ERR,ERR,ERR,ERR,ERR,ERR,ERR,ERR,ERR,ERR,ERR,ERR,ERR,ERR,ERR,ERR,ERR,ERR,ERR,ERR,ERR,ERR,ERR,ERR,ERR,ERR,ERR,ERR,ERR,ERR,ERR,ERR,ERR,ERR,ERR,ERR,ERR,ERR,ERR,ERR,ERR,ERR,ERR,ERR,ERR,ERR,ERR,ERR,ERR,ERR,ERR,ERR,ERR,ERR,ERR,ERR,ERR,ERR,ERR,ERR,ERR,ERR,ERR,ERR,ERR,ERR,ERR,ERR,ERR,ERR,ERR,ERR,ERR,ERR,ERR,ERR,ERR,ERR,ERR,ERR,ERR,ERR,ERR,ERR,ERR,ERR,ERR,ERR,ERR,ERR,ERR,ERR,2.718430741444032e+23,2.7184312818759872e+23,0.0,0.0,0.0,1.3936040501711995e+18,7.805,0.0,0,0,4,0,7116,0.0,100,0.0,0.0,0.0,0.0,0.0,0,0,0,0,0.0,0,0,0,0,0,0,0,0,0,0,0,0,0,0,0,0,0,0,0,0,0,0,0,0,0,0,0,0,0,0,0,0,0,31,40,40,71,65476,0,300,0,0,8,21553,0.0,-107605600.0,0.0,0.0,0.0,0.0,0.0,0.0,0.0,0.0,0.0,0.0,0.0,0.0,0.0,0.0,0.0,0.0,0.0,0.0,0.0,0.0,0.0,-2.004,-2.004,0.0,0.0,0.0,0.0,0.0,6215.0,-0.0,6928.0,2.718430741444032e+23,2.7184312818759872e+23,-0.0,2.718430741444032e+23,0.0,0.0,0.0,0.0,69,-0.0,-4.950420087048995e+32,0.0,0.0,0.0,0.0,0.0,0.0,0.0,0,0,0,0.0,0.0,0.0,0.0,0.0,0.0,0.0,0.0,0.0,0.0,0.0,0.0,0.0,0.0,0.0,0.0,0,-107875648.0,69,0.0,138,0.0,-109447200.0,0,13107,17040,26215,17049,13107,17043,0,0,0,70,68,100,2.7302359370752657e+23,71.2,2.7302370179391762e+23,74.3,-0.0,74.0,1,49,50,180,13107,0,0,0,0.0,0.0,0.0,0.0,-0.0,67.0,0.0,162057.094,0.0,751,0,740,0,0,0,721,0,768,0,736,0,742,0,742,0,712,0,7520,0.032,108984795136.0,0.0,0.0,784,16797,-0.0,162057.094,-114818.039,-0.0,0.133,6.909358625270745e+28,30.0,65.0,35,0.0,0.0,0.0,0.0,0.0,0.0,0.0,0.0,0.0,0.0,0.0,0.0,0.0,0.0,0.0,0.0,69.2,0,150,71,55,65476,0,300,0,1,8,20529,65476,0,0,40632,65.0,0.0,0.0,0.0,0.0,0.0
2026-09-04T20:11:05,ERR,ERR,ERR,ERR,ERR,ERR,ERR,ERR,ERR,ERR,ERR,ERR,ERR,ERR,ERR,ERR,ERR,ERR,ERR,ERR,ERR,ERR,ERR,ERR,ERR,ERR,ERR,ERR,ERR,ERR,ERR,ERR,ERR,ERR,ERR,ERR,ERR,ERR,ERR,ERR,ERR,ERR,ERR,ERR,ERR,ERR,ERR,ERR,ERR,ERR,ERR,ERR,ERR,ERR,ERR,ERR,ERR,ERR,ERR,ERR,ERR,ERR,ERR,ERR,ERR,ERR,ERR,ERR,ERR,ERR,ERR,ERR,ERR,ERR,ERR,ERR,ERR,ERR,ERR,ERR,ERR,ERR,ERR,ERR,ERR,ERR,ERR,ERR,ERR,ERR,ERR,ERR,ERR,ERR,ERR,ERR,ERR,ERR,ERR,ERR,ERR,ERR,ERR,ERR,ERR,ERR,ERR,ERR,ERR,ERR,ERR,ERR,ERR,ERR,ERR,ERR,ERR,ERR,ERR,ERR,ERR,ERR,ERR,ERR,ERR,2.718430741444032e+23,2.7184312818759872e+23,0.0,0.0,0.0,1.3936040501711995e+18,7.805,0.0,0,0,4,0,7116,0.0,100,0.0,0.0,0.0,0.0,0.0,0,0,0,0,0.0,0,0,0,0,0,0,0,0,0,0,0,0,0,0,0,0,0,0,0,0,0,0,0,0,0,0,0,0,0,0,0,0,0,31,40,40,71,65476,0,300,0,0,8,21553,0.0,-107605600.0,0.0,0.0,0.0,0.0,0.0,0.0,0.0,0.0,0.0,0.0,0.0,0.0,0.0,0.0,0.0,0.0,0.0,0.0,0.0,0.0,0.0,-2.004,-2.004,0.0,0.0,0.0,0.0,0.0,6215.0,-0.0,6928.0,2.718430741444032e+23,2.7184312818759872e+23,-0.0,2.718430741444032e+23,0.0,0.0,0.0,0.0,69,-0.0,-4.950420087048995e+32,0.0,0.0,0.0,0.0,0.0,0.0,0.0,0,0,0,0.0,0.0,0.0,0.0,0.0,0.0,0.0,0.0,0.0,0.0,0.0,0.0,0.0,0.0,0.0,0.0,0,-107875648.0,69,0.0,138,0.0,-109447200.0,0,13107,17040,26215,17049,13107,17043,0,0,0,70,68,100,2.7302359370752657e+23,71.2,2.7302370179391762e+23,74.3,-0.0,74.0,1,49,50,180,13107,0,0,0,0.0,0.0,0.0,0.0,-0.0,67.0,0.0,162057.094,0.0,751,0,739,0,0,0,721,0,767,0,736,0,743,0,742,0,712,0,7520,0.032,108984795136.0,0.0,0.0,784,16797,-0.0,162057.094,-114818.039,-0.0,0.133,6.909358625270745e+28,30.0,65.0,35,0.0,0.0,0.0,0.0,0.0,0.0,0.0,0.0,0.0,0.0,0.0,0.0,0.0,0.0,0.0,0.0,69.2,0,150,71,55,65476,0,300,0,1,8,20529,65476,0,0,40632,65.0,0.0,0.0,0.0,0.0,0.0
2026-09-04T20:11:06,ERR,ERR,ERR,ERR,ERR,ERR,ERR,ERR,ERR,ERR,ERR,ERR,ERR,ERR,ERR,ERR,ERR,ERR,ERR,ERR,ERR,ERR,ERR,ERR,ERR,ERR,ERR,ERR,ERR,ERR,ERR,ERR,ERR,ERR,ERR,ERR,ERR,ERR,ERR,ERR,ERR,ERR,ERR,ERR,ERR,ERR,ERR,ERR,ERR,ERR,ERR,ERR,ERR,ERR,ERR,ERR,ERR,ERR,ERR,ERR,ERR,ERR,ERR,ERR,ERR,ERR,ERR,ERR,ERR,ERR,ERR,ERR,ERR,ERR,ERR,ERR,ERR,ERR,ERR,ERR,ERR,ERR,ERR,ERR,ERR,ERR,ERR,ERR,ERR,ERR,ERR,ERR,ERR,ERR,ERR,ERR,ERR,ERR,ERR,ERR,ERR,ERR,ERR,ERR,ERR,ERR,ERR,ERR,ERR,ERR,ERR,ERR,ERR,ERR,ERR,ERR,ERR,ERR,ERR,ERR,ERR,ERR,ERR,ERR,ERR,2.718430741444032e+23,2.7184312818759872e+23,0.0,0.0,0.0,1.3936040501711995e+18,7.805,0.0,0,0,4,0,7116,0.0,100,0.0,0.0,0.0,0.0,0.0,0,0,0,0,0.0,0,0,0,0,0,0,0,0,0,0,0,0,0,0,0,0,0,0,0,0,0,0,0,0,0,0,0,0,0,0,0,0,0,31,40,40,71,65476,0,300,0,0,8,21553,0.0,-107605600.0,0.0,0.0,0.0,0.0,0.0,0.0,0.0,0.0,0.0,0.0,0.0,0.0,0.0,0.0,0.0,0.0,0.0,0.0,0.0,0.0,0.0,-2.004,-2.004,0.0,0.0,0.0,0.0,0.0,6215.0,-0.0,6928.0,2.718430741444032e+23,2.7184312818759872e+23,-0.0,2.718430741444032e+23,0.0,0.0,0.0,0.0,69,-0.0,-4.950420087048995e+32,0.0,0.0,0.0,0.0,0.0,0.0,0.0,0,0,0,0.0,0.0,0.0,0.0,0.0,0.0,0.0,0.0,0.0,0.0,0.0,0.0,0.0,0.0,0.0,0.0,0,-107875648.0,69,0.0,138,0.0,-109447200.0,0,13107,17040,26215,17049,13107,17043,0,0,0,70,68,100,2.7302359370752657e+23,71.2,2.7302370179391762e+23,74.3,-0.0,74.0,1,49,50,180,13107,0,0,0,0.0,0.0,0.0,0.0,-0.0,67.0,0.0,162057.094,0.0,751,0,739,0,0,0,721,0,767,0,736,0,743,0,742,0,712,0,7520,0.032,108984795136.0,0.0,0.0,784,16797,-0.0,162057.094,-114818.039,-0.0,0.133,6.909358625270745e+28,30.0,65.0,35,0.0,0.0,0.0,0.0,0.0,0.0,0.0,0.0,0.0,0.0,0.0,0.0,0.0,0.0,0.0,0.0,69.2,0,150,71,55,65476,0,300,0,1,8,20529,65476,0,0,40632,65.0,0.0,0.0,0.0,0.0,0.0
2026-09-04T20:11:07,ERR,ERR,ERR,ERR,ERR,ERR,ERR,ERR,ERR,ERR,ERR,ERR,ERR,ERR,ERR,ERR,ERR,ERR,ERR,ERR,ERR,ERR,ERR,ERR,ERR,ERR,ERR,ERR,ERR,ERR,ERR,ERR,ERR,ERR,ERR,ERR,ERR,ERR,ERR,ERR,ERR,ERR,ERR,ERR,ERR,ERR,ERR,ERR,ERR,ERR,ERR,ERR,ERR,ERR,ERR,ERR,ERR,ERR,ERR,ERR,ERR,ERR,ERR,ERR,ERR,ERR,ERR,ERR,ERR,ERR,ERR,ERR,ERR,ERR,ERR,ERR,ERR,ERR,ERR,ERR,ERR,ERR,ERR,ERR,ERR,ERR,ERR,ERR,ERR,ERR,ERR,ERR,ERR,ERR,ERR,ERR,ERR,ERR,ERR,ERR,ERR,ERR,ERR,ERR,ERR,ERR,ERR,ERR,ERR,ERR,ERR,ERR,ERR,ERR,ERR,ERR,ERR,ERR,ERR,ERR,ERR,ERR,ERR,ERR,ERR,2.718430741444032e+23,2.7184312818759872e+23,0.0,0.0,0.0,1.3936040501711995e+18,7.805,0.0,0,0,4,0,7116,0.0,100,0.0,0.0,0.0,0.0,0.0,0,0,0,0,0.0,0,0,0,0,0,0,0,0,0,0,0,0,0,0,0,0,0,0,0,0,0,0,0,0,0,0,0,0,0,0,0,0,0,31,40,40,71,65476,0,300,0,0,8,21553,0.0,-107605600.0,0.0,0.0,0.0,0.0,0.0,0.0,0.0,0.0,0.0,0.0,0.0,0.0,0.0,0.0,0.0,0.0,0.0,0.0,0.0,0.0,0.0,-2.004,-2.004,0.0,0.0,0.0,0.0,0.0,6215.0,-0.0,6928.0,2.718430741444032e+23,2.7184312818759872e+23,-0.0,2.718430741444032e+23,0.0,0.0,0.0,0.0,69,-0.0,-4.950420087048995e+32,0.0,0.0,0.0,0.0,0.0,0.0,0.0,0,0,0,0.0,0.0,0.0,0.0,0.0,0.0,0.0,0.0,0.0,0.0,0.0,0.0,0.0,0.0,0.0,0.0,0,-107875648.0,69,0.0,138,0.0,-109447200.0,0,13107,17040,26215,17049,13107,17043,0,0,0,70,68,100,2.7302359370752657e+23,71.2,2.7302370179391762e+23,74.3,-0.0,74.0,1,49,50,180,13107,0,0,0,0.0,0.0,0.0,0.0,-0.0,67.0,0.0,162057.094,0.0,751,0,739,0,0,0,721,0,767,0,736,0,743,0,742,0,712,0,7520,0.032,108984795136.0,0.0,0.0,784,16797,-0.0,162057.094,-114818.039,-0.0,0.133,6.909358625270745e+28,30.0,65.0,35,0.0,0.0,0.0,0.0,0.0,0.0,0.0,0.0,0.0,0.0,0.0,0.0,0.0,0.0,0.0,0.0,69.2,0,150,71,55,65476,0,300,0,1,8,20529,65476,0,0,40632,65.0,0.0,0.0,0.0,0.0,0.0
2026-09-04T20:11:08,ERR,ERR,ERR,ERR,ERR,ERR,ERR,ERR,ERR,ERR,ERR,ERR,ERR,ERR,ERR,ERR,ERR,ERR,ERR,ERR,ERR,ERR,ERR,ERR,ERR,ERR,ERR,ERR,ERR,ERR,ERR,ERR,ERR,ERR,ERR,ERR,ERR,ERR,ERR,ERR,ERR,ERR,ERR,ERR,ERR,ERR,ERR,ERR,ERR,ERR,ERR,ERR,ERR,ERR,ERR,ERR,ERR,ERR,ERR,ERR,ERR,ERR,ERR,ERR,ERR,ERR,ERR,ERR,ERR,ERR,ERR,ERR,ERR,ERR,ERR,ERR,ERR,ERR,ERR,ERR,ERR,ERR,ERR,ERR,ERR,ERR,ERR,ERR,ERR,ERR,ERR,ERR,ERR,ERR,ERR,ERR,ERR,ERR,ERR,ERR,ERR,ERR,ERR,ERR,ERR,ERR,ERR,ERR,ERR,ERR,ERR,ERR,ERR,ERR,ERR,ERR,ERR,ERR,ERR,ERR,ERR,ERR,ERR,ERR,ERR,2.718430741444032e+23,2.7184312818759872e+23,0.0,0.0,0.0,1.3936040501711995e+18,7.805,0.0,0,0,4,0,7116,0.0,100,0.0,0.0,0.0,0.0,0.0,0,0,0,0,0.0,0,0,0,0,0,0,0,0,0,0,0,0,0,0,0,0,0,0,0,0,0,0,0,0,0,0,0,0,0,0,0,0,0,31,40,40,71,65476,0,300,0,0,8,21553,0.0,-107605600.0,0.0,0.0,0.0,0.0,0.0,0.0,0.0,0.0,0.0,0.0,0.0,0.0,0.0,0.0,0.0,0.0,0.0,0.0,0.0,0.0,0.0,-2.004,-2.004,0.0,0.0,0.0,0.0,0.0,6215.0,-0.0,6928.0,2.718430741444032e+23,2.7184312818759872e+23,-0.0,2.718430741444032e+23,0.0,0.0,0.0,0.0,69,-0.0,-4.950420087048995e+32,0.0,0.0,0.0,0.0,0.0,0.0,0.0,0,0,0,0.0,0.0,0.0,0.0,0.0,0.0,0.0,0.0,0.0,0.0,0.0,0.0,0.0,0.0,0.0,0.0,0,-107875648.0,69,0.0,138,0.0,-109447200.0,0,13107,17040,26215,17049,13107,17043,0,0,0,70,68,100,2.7302359370752657e+23,71.2,2.7302370179391762e+23,74.3,-0.0,74.0,1,49,50,180,13107,0,0,0,0.0,0.0,0.0,0.0,-0.0,67.0,0.0,162057.094,0.0,751,0,739,0,0,0,721,0,767,0,736,0,743,0,742,0,712,0,7520,0.032,108984795136.0,0.0,0.0,784,16797,-0.0,162057.094,-114818.039,-0.0,0.133,6.909358625270745e+28,30.0,65.0,35,0.0,0.0,0.0,0.0,0.0,0.0,0.0,0.0,0.0,0.0,0.0,0.0,0.0,0.0,0.0,0.0,69.2,0,150,71,55,65476,0,300,0,1,8,20529,65476,0,0,40632,65.0,0.0,0.0,0.0,0.0,0.0
2026-09-04T20:11:09,ERR,ERR,ERR,ERR,ERR,ERR,ERR,ERR,ERR,ERR,ERR,ERR,ERR,ERR,ERR,ERR,ERR,ERR,ERR,ERR,ERR,ERR,ERR,ERR,ERR,ERR,ERR,ERR,ERR,ERR,ERR,ERR,ERR,ERR,ERR,ERR,ERR,ERR,ERR,ERR,ERR,ERR,ERR,ERR,ERR,ERR,ERR,ERR,ERR,ERR,ERR,ERR,ERR,ERR,ERR,ERR,ERR,ERR,ERR,ERR,ERR,ERR,ERR,ERR,ERR,ERR,ERR,ERR,ERR,ERR,ERR,ERR,ERR,ERR,ERR,ERR,ERR,ERR,ERR,ERR,ERR,ERR,ERR,ERR,ERR,ERR,ERR,ERR,ERR,ERR,ERR,ERR,ERR,ERR,ERR,ERR,ERR,ERR,ERR,ERR,ERR,ERR,ERR,ERR,ERR,ERR,ERR,ERR,ERR,ERR,ERR,ERR,ERR,ERR,ERR,ERR,ERR,ERR,ERR,ERR,ERR,ERR,ERR,ERR,ERR,2.718430741444032e+23,2.7184312818759872e+23,0.0,0.0,0.0,1.3936040501711995e+18,7.805,0.0,0,0,4,0,7116,0.0,100,0.0,0.0,0.0,0.0,0.0,0,0,0,0,0.0,0,0,0,0,0,0,0,0,0,0,0,0,0,0,0,0,0,0,0,0,0,0,0,0,0,0,0,0,0,0,0,0,0,31,40,40,71,65476,0,300,0,0,8,21553,0.0,-107605600.0,0.0,0.0,0.0,0.0,0.0,0.0,0.0,0.0,0.0,0.0,0.0,0.0,0.0,0.0,0.0,0.0,0.0,0.0,0.0,0.0,0.0,-2.004,-2.004,0.0,0.0,0.0,0.0,0.0,6185.0,-131351.016,6937.0,2.718430741444032e+23,2.7184312818759872e+23,-0.0,2.718430741444032e+23,0.0,0.0,0.0,0.0,69,-0.0,0.0,0.0,0.0,0.0,0.0,0.0,0.0,0.0,0,0,0,0.0,0.0,0.0,0.0,0.0,0.0,0.0,0.0,0.0,0.0,0.0,0.0,0.0,0.0,0.0,0.0,0,-107875648.0,69,0.0,138,0.0,-109447200.0,0,13107,17040,26215,17049,13107,17043,0,0,0,70,68,100,2.7302359370752657e+23,71.2,2.7302370179391762e+23,74.2,2.7302370179391762e+23,74.0,1,49,50,180,13107,52429,0,0,0.0,0.0,0.0,0.0,-0.0,67.0,0.0,162057.094,0.0,751,0,740,0,0,0,721,0,768,0,736,0,743,0,742,0,712,0,7520,0.032,107911053312.0,0.0,0.0,784,16797,-0.0,162057.094,-114818.039,-0.0,0.133,6.909358625270745e+28,30.0,65.0,35,0.0,0.0,0.0,0.0,0.0,0.0,0.0,0.0,0.0,0.0,0.0,0.0,0.0,0.0,0.0,0.0,69.2,0,150,71,55,65476,0,300,0,1,8,20529,65476,0,0,40632,65.0,0.0,0.0,0.0,0.0,0.0
2026-09-04T20:11:10,ERR,ERR,ERR,ERR,ERR,ERR,ERR,ERR,ERR,ERR,ERR,ERR,ERR,ERR,ERR,ERR,ERR,ERR,ERR,ERR,ERR,ERR,ERR,ERR,ERR,ERR,ERR,ERR,ERR,ERR,ERR,ERR,ERR,ERR,ERR,ERR,ERR,ERR,ERR,ERR,ERR,ERR,ERR,ERR,ERR,ERR,ERR,ERR,ERR,ERR,ERR,ERR,ERR,ERR,ERR,ERR,ERR,ERR,ERR,ERR,ERR,ERR,ERR,ERR,ERR,ERR,ERR,ERR,ERR,ERR,ERR,ERR,ERR,ERR,ERR,ERR,ERR,ERR,ERR,ERR,ERR,ERR,ERR,ERR,ERR,ERR,ERR,ERR,ERR,ERR,ERR,ERR,ERR,ERR,ERR,ERR,ERR,ERR,ERR,ERR,ERR,ERR,ERR,ERR,ERR,ERR,ERR,ERR,ERR,ERR,ERR,ERR,ERR,ERR,ERR,ERR,ERR,ERR,ERR,ERR,ERR,ERR,ERR,ERR,ERR,2.718430741444032e+23,2.7184312818759872e+23,0.0,0.0,0.0,1.3936040501711995e+18,7.805,0.0,0,0,4,0,7116,0.0,100,0.0,0.0,0.0,0.0,0.0,0,0,0,0,0.0,0,0,0,0,0,0,0,0,0,0,0,0,0,0,0,0,0,0,0,0,0,0,0,0,0,0,0,0,0,0,0,0,0,31,40,40,71,65476,0,300,0,0,8,21553,0.0,-107605600.0,0.0,0.0,0.0,0.0,0.0,0.0,0.0,0.0,0.0,0.0,0.0,0.0,0.0,0.0,0.0,0.0,0.0,0.0,0.0,0.0,0.0,-2.004,-2.004,0.0,0.0,0.0,0.0,0.0,6185.0,-131351.016,6937.0,2.718430741444032e+23,2.7184312818759872e+23,-0.0,2.718430741444032e+23,0.0,0.0,0.0,0.0,69,-0.0,0.0,0.0,0.0,0.0,0.0,0.0,0.0,0.0,0,0,0,0.0,0.0,0.0,0.0,0.0,0.0,0.0,0.0,0.0,0.0,0.0,0.0,0.0,0.0,0.0,0.0,0,-107875648.0,69,0.0,138,0.0,-109447200.0,0,13107,17040,26215,17049,13107,17043,0,0,0,70,68,100,2.7302359370752657e+23,71.2,2.7302370179391762e+23,74.2,2.7302370179391762e+23,74.0,1,49,50,180,13107,52429,0,0,0.0,0.0,0.0,0.0,-0.0,67.0,0.0,162057.094,0.0,751,0,740,0,0,0,721,0,768,0,736,0,743,0,742,0,712,0,7520,0.032,107911053312.0,0.0,0.0,784,16797,-0.0,162057.094,-114818.039,-0.0,0.133,6.909358625270745e+28,30.0,65.0,35,0.0,0.0,0.0,0.0,0.0,0.0,0.0,0.0,0.0,0.0,0.0,0.0,0.0,0.0,0.0,0.0,69.2,0,150,71,55,65476,0,300,0,1,8,20529,65476,0,0,40632,65.0,0.0,0.0,0.0,0.0,0.0
2026-09-04T20:11:11,ERR,ERR,ERR,ERR,ERR,ERR,ERR,ERR,ERR,ERR,ERR,ERR,ERR,ERR,ERR,ERR,ERR,ERR,ERR,ERR,ERR,ERR,ERR,ERR,ERR,ERR,ERR,ERR,ERR,ERR,ERR,ERR,ERR,ERR,ERR,ERR,ERR,ERR,ERR,ERR,ERR,ERR,ERR,ERR,ERR,ERR,ERR,ERR,ERR,ERR,ERR,ERR,ERR,ERR,ERR,ERR,ERR,ERR,ERR,ERR,ERR,ERR,ERR,ERR,ERR,ERR,ERR,ERR,ERR,ERR,ERR,ERR,ERR,ERR,ERR,ERR,ERR,ERR,ERR,ERR,ERR,ERR,ERR,ERR,ERR,ERR,ERR,ERR,ERR,ERR,ERR,ERR,ERR,ERR,ERR,ERR,ERR,ERR,ERR,ERR,ERR,ERR,ERR,ERR,ERR,ERR,ERR,ERR,ERR,ERR,ERR,ERR,ERR,ERR,ERR,ERR,ERR,ERR,ERR,ERR,ERR,ERR,ERR,ERR,ERR,2.718430741444032e+23,2.7184312818759872e+23,0.0,0.0,0.0,1.3936040501711995e+18,7.805,0.0,0,0,4,0,7116,0.0,100,0.0,0.0,0.0,0.0,0.0,0,0,0,0,0.0,0,0,0,0,0,0,0,0,0,0,0,0,0,0,0,0,0,0,0,0,0,0,0,0,0,0,0,0,0,0,0,0,0,31,40,40,71,65476,0,300,0,0,8,21553,0.0,-107605600.0,0.0,0.0,0.0,0.0,0.0,0.0,0.0,0.0,0.0,0.0,0.0,0.0,0.0,0.0,0.0,0.0,0.0,0.0,0.0,0.0,0.0,-2.004,-2.004,0.0,0.0,0.0,0.0,0.0,6185.0,-131351.016,6937.0,2.718430741444032e+23,2.7184312818759872e+23,-0.0,2.718430741444032e+23,0.0,0.0,0.0,0.0,69,-0.0,0.0,0.0,0.0,0.0,0.0,0.0,0.0,0.0,0,0,0,0.0,0.0,0.0,0.0,0.0,0.0,0.0,0.0,0.0,0.0,0.0,0.0,0.0,0.0,0.0,0.0,0,-107875648.0,69,0.0,138,0.0,-109447200.0,0,13107,17040,26215,17049,13107,17043,0,0,0,70,68,100,2.7302359370752657e+23,71.2,2.7302370179391762e+23,74.2,2.7302370179391762e+23,74.0,1,49,50,180,13107,52429,0,0,0.0,0.0,0.0,0.0,-0.0,67.0,0.0,162057.094,0.0,751,0,740,0,0,0,721,0,768,0,736,0,743,0,742,0,712,0,7520,0.032,107911053312.0,0.0,0.0,784,16797,-0.0,162057.094,-114818.039,-0.0,0.133,6.909358625270745e+28,30.0,65.0,35,0.0,0.0,0.0,0.0,0.0,0.0,0.0,0.0,0.0,0.0,0.0,0.0,0.0,0.0,0.0,0.0,69.2,0,150,71,55,65476,0,300,0,1,8,20529,65476,0,0,40632,65.0,0.0,0.0,0.0,0.0,0.0
2026-09-04T20:11:12,ERR,ERR,ERR,ERR,ERR,ERR,ERR,ERR,ERR,ERR,ERR,ERR,ERR,ERR,ERR,ERR,ERR,ERR,ERR,ERR,ERR,ERR,ERR,ERR,ERR,ERR,ERR,ERR,ERR,ERR,ERR,ERR,ERR,ERR,ERR,ERR,ERR,ERR,ERR,ERR,ERR,ERR,ERR,ERR,ERR,ERR,ERR,ERR,ERR,ERR,ERR,ERR,ERR,ERR,ERR,ERR,ERR,ERR,ERR,ERR,ERR,ERR,ERR,ERR,ERR,ERR,ERR,ERR,ERR,ERR,ERR,ERR,ERR,ERR,ERR,ERR,ERR,ERR,ERR,ERR,ERR,ERR,ERR,ERR,ERR,ERR,ERR,ERR,ERR,ERR,ERR,ERR,ERR,ERR,ERR,ERR,ERR,ERR,ERR,ERR,ERR,ERR,ERR,ERR,ERR,ERR,ERR,ERR,ERR,ERR,ERR,ERR,ERR,ERR,ERR,ERR,ERR,ERR,ERR,ERR,ERR,ERR,ERR,ERR,ERR,2.718430741444032e+23,2.7184312818759872e+23,0.0,0.0,0.0,1.3936040501711995e+18,7.805,0.0,0,0,4,0,7116,0.0,100,0.0,0.0,0.0,0.0,0.0,0,0,0,0,0.0,0,0,0,0,0,0,0,0,0,0,0,0,0,0,0,0,0,0,0,0,0,0,0,0,0,0,0,0,0,0,0,0,0,31,40,40,71,65476,0,300,0,0,8,21553,0.0,-107605600.0,0.0,0.0,0.0,0.0,0.0,0.0,0.0,0.0,0.0,0.0,0.0,0.0,0.0,0.0,0.0,0.0,0.0,0.0,0.0,0.0,0.0,-2.004,-2.004,0.0,0.0,0.0,0.0,0.0,6185.0,-131351.016,6937.0,2.718430741444032e+23,2.7184312818759872e+23,-0.0,2.718430741444032e+23,0.0,0.0,0.0,0.0,69,-0.0,0.0,0.0,0.0,0.0,0.0,0.0,0.0,0.0,0,0,0,0.0,0.0,0.0,0.0,0.0,0.0,0.0,0.0,0.0,0.0,0.0,0.0,0.0,0.0,0.0,0.0,0,-107875648.0,69,0.0,138,0.0,-109447200.0,0,13107,17040,26215,17049,13107,17043,0,0,0,70,68,100,2.7302359370752657e+23,71.2,2.7302370179391762e+23,74.2,2.7302370179391762e+23,74.0,1,49,50,180,13107,52429,0,0,0.0,0.0,0.0,0.0,-0.0,67.0,0.0,162057.094,0.0,751,0,740,0,0,0,721,0,768,0,736,0,743,0,742,0,712,0,7520,0.032,107911053312.0,0.0,0.0,784,16797,-0.0,162057.094,-114818.039,-0.0,0.133,6.909358625270745e+28,30.0,65.0,35,0.0,0.0,0.0,0.0,0.0,0.0,0.0,0.0,0.0,0.0,0.0,0.0,0.0,0.0,0.0,0.0,69.2,0,150,71,55,65476,0,300,0,1,8,20529,65476,0,0,40632,65.0,0.0,0.0,0.0,0.0,0.0
2026-09-04T20:11:13,ERR,ERR,ERR,ERR,ERR,ERR,ERR,ERR,ERR,ERR,ERR,ERR,ERR,ERR,ERR,ERR,ERR,ERR,ERR,ERR,ERR,ERR,ERR,ERR,ERR,ERR,ERR,ERR,ERR,ERR,ERR,ERR,ERR,ERR,ERR,ERR,ERR,ERR,ERR,ERR,ERR,ERR,ERR,ERR,ERR,ERR,ERR,ERR,ERR,ERR,ERR,ERR,ERR,ERR,ERR,ERR,ERR,ERR,ERR,ERR,ERR,ERR,ERR,ERR,ERR,ERR,ERR,ERR,ERR,ERR,ERR,ERR,ERR,ERR,ERR,ERR,ERR,ERR,ERR,ERR,ERR,ERR,ERR,ERR,ERR,ERR,ERR,ERR,ERR,ERR,ERR,ERR,ERR,ERR,ERR,ERR,ERR,ERR,ERR,ERR,ERR,ERR,ERR,ERR,ERR,ERR,ERR,ERR,ERR,ERR,ERR,ERR,ERR,ERR,ERR,ERR,ERR,ERR,ERR,ERR,ERR,ERR,ERR,ERR,ERR,2.718430741444032e+23,2.7184312818759872e+23,0.0,0.0,0.0,1.3936040501711995e+18,7.805,0.0,0,0,4,0,7116,0.0,100,0.0,0.0,0.0,0.0,0.0,0,0,0,0,0.0,0,0,0,0,0,0,0,0,0,0,0,0,0,0,0,0,0,0,0,0,0,0,0,0,0,0,0,0,0,0,0,0,0,31,40,40,71,65476,0,300,0,0,8,21553,0.0,-107605600.0,0.0,0.0,0.0,0.0,0.0,0.0,0.0,0.0,0.0,0.0,0.0,0.0,0.0,0.0,0.0,0.0,0.0,0.0,0.0,0.0,0.0,-2.004,-2.004,0.0,0.0,0.0,0.0,0.0,6185.0,-131351.016,6937.0,2.718430741444032e+23,2.7184312818759872e+23,-0.0,2.718430741444032e+23,0.0,0.0,0.0,0.0,69,-0.0,0.0,0.0,0.0,0.0,0.0,0.0,0.0,0.0,0,0,0,0.0,0.0,0.0,0.0,0.0,0.0,0.0,0.0,0.0,0.0,0.0,0.0,0.0,0.0,0.0,0.0,0,-107875648.0,69,0.0,138,0.0,-109447200.0,0,13107,17040,26215,17049,13107,17043,0,0,0,70,68,100,2.7302359370752657e+23,71.2,2.7302370179391762e+23,74.2,2.7302370179391762e+23,74.0,1,49,50,180,13107,52429,0,0,0.0,0.0,0.0,0.0,-0.0,67.0,0.0,162057.094,0.0,751,0,740,0,0,0,721,0,768,0,736,0,743,0,742,0,712,0,7520,0.032,107911053312.0,0.0,0.0,784,16797,-0.0,162057.094,-114818.039,-0.0,0.133,6.909358625270745e+28,30.0,65.0,35,0.0,0.0,0.0,0.0,0.0,0.0,0.0,0.0,0.0,0.0,0.0,0.0,0.0,0.0,0.0,0.0,69.2,0,150,71,55,65476,0,300,0,1,8,20529,65476,0,0,40632,65.0,0.0,0.0,0.0,0.0,0.0
2026-09-04T20:11:14,ERR,ERR,ERR,ERR,ERR,ERR,ERR,ERR,ERR,ERR,ERR,ERR,ERR,ERR,ERR,ERR,ERR,ERR,ERR,ERR,ERR,ERR,ERR,ERR,ERR,ERR,ERR,ERR,ERR,ERR,ERR,ERR,ERR,ERR,ERR,ERR,ERR,ERR,ERR,ERR,ERR,ERR,ERR,ERR,ERR,ERR,ERR,ERR,ERR,ERR,ERR,ERR,ERR,ERR,ERR,ERR,ERR,ERR,ERR,ERR,ERR,ERR,ERR,ERR,ERR,ERR,ERR,ERR,ERR,ERR,ERR,ERR,ERR,ERR,ERR,ERR,ERR,ERR,ERR,ERR,ERR,ERR,ERR,ERR,ERR,ERR,ERR,ERR,ERR,ERR,ERR,ERR,ERR,ERR,ERR,ERR,ERR,ERR,ERR,ERR,ERR,ERR,ERR,ERR,ERR,ERR,ERR,ERR,ERR,ERR,ERR,ERR,ERR,ERR,ERR,ERR,ERR,ERR,ERR,ERR,ERR,ERR,ERR,ERR,ERR,2.718430741444032e+23,2.7184312818759872e+23,0.0,0.0,0.0,1.3936040501711995e+18,7.805,0.0,0,0,4,0,7116,0.0,100,0.0,0.0,0.0,0.0,0.0,0,0,0,0,0.0,0,0,0,0,0,0,0,0,0,0,0,0,0,0,0,0,0,0,0,0,0,0,0,0,0,0,0,0,0,0,0,0,0,31,40,40,71,65476,0,300,0,0,8,21553,0.0,-107605600.0,0.0,0.0,0.0,0.0,0.0,0.0,0.0,0.0,0.0,0.0,0.0,0.0,0.0,0.0,0.0,0.0,0.0,0.0,0.0,0.0,0.0,-2.004,-2.004,0.0,0.0,0.0,0.0,0.0,6185.0,-131351.016,6937.0,2.718430741444032e+23,2.7184312818759872e+23,-0.0,2.718430741444032e+23,0.0,0.0,0.0,0.0,69,-0.0,0.0,0.0,0.0,0.0,0.0,0.0,0.0,0.0,0,0,0,0.0,0.0,0.0,0.0,0.0,0.0,0.0,0.0,0.0,0.0,0.0,0.0,0.0,0.0,0.0,0.0,0,-107875648.0,69,0.0,138,0.0,-109447200.0,0,13107,17040,26215,17049,13107,17043,0,0,0,70,68,100,2.7302359370752657e+23,71.2,2.7302370179391762e+23,74.2,2.7302370179391762e+23,74.0,1,49,50,180,13107,0,0,0,0.0,0.0,0.0,0.0,-0.0,67.0,0.0,162057.094,0.0,751,0,740,0,0,0,721,0,767,0,736,0,742,0,742,0,712,0,7520,0.032,108447924224.0,0.0,0.0,784,16797,-0.0,162057.094,-114818.039,-0.0,0.133,6.909358625270745e+28,30.0,65.0,35,0.0,0.0,0.0,0.0,0.0,0.0,0.0,0.0,0.0,0.0,0.0,0.0,0.0,0.0,0.0,0.0,69.2,0,150,71,55,65476,0,300,0,1,8,20529,65476,0,0,40632,65.0,0.0,0.0,0.0,0.0,0.0
2026-09-04T20:11:15,ERR,ERR,ERR,ERR,ERR,ERR,ERR,ERR,ERR,ERR,ERR,ERR,ERR,ERR,ERR,ERR,ERR,ERR,ERR,ERR,ERR,ERR,ERR,ERR,ERR,ERR,ERR,ERR,ERR,ERR,ERR,ERR,ERR,ERR,ERR,ERR,ERR,ERR,ERR,ERR,ERR,ERR,ERR,ERR,ERR,ERR,ERR,ERR,ERR,ERR,ERR,ERR,ERR,ERR,ERR,ERR,ERR,ERR,ERR,ERR,ERR,ERR,ERR,ERR,ERR,ERR,ERR,ERR,ERR,ERR,ERR,ERR,ERR,ERR,ERR,ERR,ERR,ERR,ERR,ERR,ERR,ERR,ERR,ERR,ERR,ERR,ERR,ERR,ERR,ERR,ERR,ERR,ERR,ERR,ERR,ERR,ERR,ERR,ERR,ERR,ERR,ERR,ERR,ERR,ERR,ERR,ERR,ERR,ERR,ERR,ERR,ERR,ERR,ERR,ERR,ERR,ERR,ERR,ERR,ERR,ERR,ERR,ERR,ERR,ERR,2.718430741444032e+23,2.7184312818759872e+23,0.0,0.0,0.0,1.3936040501711995e+18,7.805,0.0,0,0,4,0,7116,0.0,100,0.0,0.0,0.0,0.0,0.0,0,0,0,0,0.0,0,0,0,0,0,0,0,0,0,0,0,0,0,0,0,0,0,0,0,0,0,0,0,0,0,0,0,0,0,0,0,0,0,31,40,40,71,65476,0,300,0,0,8,21553,0.0,-107605600.0,0.0,0.0,0.0,0.0,0.0,0.0,0.0,0.0,0.0,0.0,0.0,0.0,0.0,0.0,0.0,0.0,0.0,0.0,0.0,0.0,0.0,-2.004,-2.004,0.0,0.0,0.0,0.0,0.0,6185.0,-1.0406698374411135e+34,6943.0,2.718430741444032e+23,2.7184312818759872e+23,-0.0,2.718430741444032e+23,0.0,0.0,0.0,0.0,69,-0.0,0.0,0.0,0.0,0.0,0.0,0.0,0.0,0.0,0,0,0,0.0,0.0,0.0,0.0,0.0,0.0,0.0,0.0,0.0,0.0,0.0,0.0,0.0,0.0,0.0,0.0,0,-107875648.0,69,0.0,138,0.0,-109447200.0,0,13107,17040,26215,17049,13107,17043,0,0,0,70,68,100,2.7302359370752657e+23,71.2,2.7302370179391762e+23,74.2,2.7302370179391762e+23,74.0,1,49,50,180,13107,0,0,0,0.0,0.0,0.0,0.0,-0.0,67.0,0.0,162057.094,0.0,751,0,740,0,0,0,721,0,767,0,736,0,742,0,742,0,712,0,7520,0.032,108447924224.0,0.0,0.0,784,16797,-0.0,162057.094,-114818.039,-0.0,0.133,6.909358625270745e+28,30.0,65.0,35,0.0,0.0,0.0,0.0,0.0,0.0,0.0,0.0,0.0,0.0,0.0,0.0,0.0,0.0,0.0,0.0,69.2,0,150,71,55,65476,0,300,0,1,8,20529,65476,0,0,40632,65.0,0.0,0.0,0.0,0.0,0.0
2026-09-04T20:11:16,ERR,ERR,ERR,ERR,ERR,ERR,ERR,ERR,ERR,ERR,ERR,ERR,ERR,ERR,ERR,ERR,ERR,ERR,ERR,ERR,ERR,ERR,ERR,ERR,ERR,ERR,ERR,ERR,ERR,ERR,ERR,ERR,ERR,ERR,ERR,ERR,ERR,ERR,ERR,ERR,ERR,ERR,ERR,ERR,ERR,ERR,ERR,ERR,ERR,ERR,ERR,ERR,ERR,ERR,ERR,ERR,ERR,ERR,ERR,ERR,ERR,ERR,ERR,ERR,ERR,ERR,ERR,ERR,ERR,ERR,ERR,ERR,ERR,ERR,ERR,ERR,ERR,ERR,ERR,ERR,ERR,ERR,ERR,ERR,ERR,ERR,ERR,ERR,ERR,ERR,ERR,ERR,ERR,ERR,ERR,ERR,ERR,ERR,ERR,ERR,ERR,ERR,ERR,ERR,ERR,ERR,ERR,ERR,ERR,ERR,ERR,ERR,ERR,ERR,ERR,ERR,ERR,ERR,ERR,ERR,ERR,ERR,ERR,ERR,ERR,2.718430741444032e+23,2.7184312818759872e+23,0.0,0.0,0.0,1.3936040501711995e+18,7.805,0.0,0,0,4,0,7116,0.0,100,0.0,0.0,0.0,0.0,0.0,0,0,0,0,0.0,0,0,0,0,0,0,0,0,0,0,0,0,0,0,0,0,0,0,0,0,0,0,0,0,0,0,0,0,0,0,0,0,0,31,40,40,71,65476,0,300,0,0,8,21553,0.0,-107605600.0,0.0,0.0,0.0,0.0,0.0,0.0,0.0,0.0,0.0,0.0,0.0,0.0,0.0,0.0,0.0,0.0,0.0,0.0,0.0,0.0,0.0,-2.004,-2.004,0.0,0.0,0.0,0.0,0.0,6185.0,-1.0406698374411135e+34,6943.0,2.718430741444032e+23,2.7184312818759872e+23,-0.0,2.718430741444032e+23,0.0,0.0,0.0,0.0,69,-0.0,0.0,0.0,0.0,0.0,0.0,0.0,0.0,0.0,0,0,0,0.0,0.0,0.0,0.0,0.0,0.0,0.0,0.0,0.0,0.0,0.0,0.0,0.0,0.0,0.0,0.0,0,-107875648.0,69,0.0,138,0.0,-109447200.0,0,13107,17040,26215,17049,13107,17043,0,0,0,70,68,100,2.7302359370752657e+23,71.2,2.7302370179391762e+23,74.2,2.7302370179391762e+23,74.0,1,49,50,180,13107,0,0,0,0.0,0.0,0.0,0.0,-0.0,67.0,0.0,162057.094,0.0,751,0,740,0,0,0,721,0,767,0,736,0,742,0,742,0,712,0,7520,0.032,108447924224.0,0.0,0.0,784,16797,-0.0,162057.094,-114818.039,-0.0,0.133,6.909358625270745e+28,30.0,65.0,35,0.0,0.0,0.0,0.0,0.0,0.0,0.0,0.0,0.0,0.0,0.0,0.0,0.0,0.0,0.0,0.0,69.2,0,150,71,55,65476,0,300,0,1,8,20529,65476,0,0,40632,65.0,0.0,0.0,0.0,0.0,0.0
2026-09-04T20:11:17,ERR,ERR,ERR,ERR,ERR,ERR,ERR,ERR,ERR,ERR,ERR,ERR,ERR,ERR,ERR,ERR,ERR,ERR,ERR,ERR,ERR,ERR,ERR,ERR,ERR,ERR,ERR,ERR,ERR,ERR,ERR,ERR,ERR,ERR,ERR,ERR,ERR,ERR,ERR,ERR,ERR,ERR,ERR,ERR,ERR,ERR,ERR,ERR,ERR,ERR,ERR,ERR,ERR,ERR,ERR,ERR,ERR,ERR,ERR,ERR,ERR,ERR,ERR,ERR,ERR,ERR,ERR,ERR,ERR,ERR,ERR,ERR,ERR,ERR,ERR,ERR,ERR,ERR,ERR,ERR,ERR,ERR,ERR,ERR,ERR,ERR,ERR,ERR,ERR,ERR,ERR,ERR,ERR,ERR,ERR,ERR,ERR,ERR,ERR,ERR,ERR,ERR,ERR,ERR,ERR,ERR,ERR,ERR,ERR,ERR,ERR,ERR,ERR,ERR,ERR,ERR,ERR,ERR,ERR,ERR,ERR,ERR,ERR,ERR,ERR,2.718430741444032e+23,2.7184312818759872e+23,0.0,0.0,0.0,1.3936040501711995e+18,7.805,0.0,0,0,4,0,7116,0.0,100,0.0,0.0,0.0,0.0,0.0,0,0,0,0,0.0,0,0,0,0,0,0,0,0,0,0,0,0,0,0,0,0,0,0,0,0,0,0,0,0,0,0,0,0,0,0,0,0,0,31,40,40,71,65476,0,300,0,0,8,21553,0.0,-107605600.0,0.0,0.0,0.0,0.0,0.0,0.0,0.0,0.0,0.0,0.0,0.0,0.0,0.0,0.0,0.0,0.0,0.0,0.0,0.0,0.0,0.0,-2.004,-2.004,0.0,0.0,0.0,0.0,0.0,6185.0,-1.0406698374411135e+34,6943.0,2.718430741444032e+23,2.7184312818759872e+23,-0.0,2.718430741444032e+23,0.0,0.0,0.0,0.0,69,-0.0,0.0,0.0,0.0,0.0,0.0,0.0,0.0,0.0,0,0,0,0.0,0.0,0.0,0.0,0.0,0.0,0.0,0.0,0.0,0.0,0.0,0.0,0.0,0.0,0.0,0.0,0,-107875648.0,69,0.0,138,0.0,-109447200.0,0,13107,17040,39322,17049,13107,17043,0,0,0,70,68,100,2.7302359370752657e+23,71.2,2.7302370179391762e+23,74.2,2.7302370179391762e+23,74.0,1,49,50,180,13107,0,0,0,0.0,0.0,0.0,0.0,-0.0,67.0,0.0,162057.094,0.0,751,0,740,0,0,0,721,0,768,0,736,0,742,0,741,0,712,0,7520,0.032,108447924224.0,0.0,0.0,784,16797,-0.0,162057.094,-114818.039,-0.0,0.133,6.909358625270745e+28,30.0,65.0,35,0.0,0.0,0.0,0.0,0.0,0.0,0.0,0.0,0.0,0.0,0.0,0.0,0.0,0.0,0.0,0.0,69.2,0,150,71,55,65476,0,300,0,1,8,20529,65476,0,0,40632,65.0,0.0,0.0,0.0,0.0,0.0
2026-09-04T20:11:18,ERR,ERR,ERR,ERR,ERR,ERR,ERR,ERR,ERR,ERR,ERR,ERR,ERR,ERR,ERR,ERR,ERR,ERR,ERR,ERR,ERR,ERR,ERR,ERR,ERR,ERR,ERR,ERR,ERR,ERR,ERR,ERR,ERR,ERR,ERR,ERR,ERR,ERR,ERR,ERR,ERR,ERR,ERR,ERR,ERR,ERR,ERR,ERR,ERR,ERR,ERR,ERR,ERR,ERR,ERR,ERR,ERR,ERR,ERR,ERR,ERR,ERR,ERR,ERR,ERR,ERR,ERR,ERR,ERR,ERR,ERR,ERR,ERR,ERR,ERR,ERR,ERR,ERR,ERR,ERR,ERR,ERR,ERR,ERR,ERR,ERR,ERR,ERR,ERR,ERR,ERR,ERR,ERR,ERR,ERR,ERR,ERR,ERR,ERR,ERR,ERR,ERR,ERR,ERR,ERR,ERR,ERR,ERR,ERR,ERR,ERR,ERR,ERR,ERR,ERR,ERR,ERR,ERR,ERR,ERR,ERR,ERR,ERR,ERR,ERR,2.718430741444032e+23,2.7184312818759872e+23,0.0,0.0,0.0,1.3936040501711995e+18,7.805,0.0,0,0,4,0,7116,0.0,100,0.0,0.0,0.0,0.0,0.0,0,0,0,0,0.0,0,0,0,0,0,0,0,0,0,0,0,0,0,0,0,0,0,0,0,0,0,0,0,0,0,0,0,0,0,0,0,0,0,31,40,40,71,65476,0,300,0,0,8,21553,0.0,-107605600.0,0.0,0.0,0.0,0.0,0.0,0.0,0.0,0.0,0.0,0.0,0.0,0.0,0.0,0.0,0.0,0.0,0.0,0.0,0.0,0.0,0.0,-2.004,-2.004,0.0,0.0,0.0,0.0,0.0,6185.0,-1.0406698374411135e+34,6943.0,2.718430741444032e+23,2.7184312818759872e+23,-0.0,2.718430741444032e+23,0.0,0.0,0.0,0.0,69,-0.0,0.0,0.0,0.0,0.0,0.0,0.0,0.0,0.0,0,0,0,0.0,0.0,0.0,0.0,0.0,0.0,0.0,0.0,0.0,0.0,0.0,0.0,0.0,0.0,0.0,0.0,0,-107875648.0,69,0.0,138,0.0,-109447200.0,0,13107,17040,39322,17049,13107,17043,0,0,0,70,68,100,2.7302359370752657e+23,71.2,2.7302370179391762e+23,74.2,2.7302370179391762e+23,74.0,1,49,50,180,13107,0,0,0,0.0,0.0,0.0,0.0,-0.0,67.0,0.0,162057.094,0.0,751,0,740,0,0,0,721,0,768,0,736,0,742,0,741,0,712,0,7520,0.032,108447924224.0,0.0,0.0,784,16797,-0.0,162057.094,-114818.039,-0.0,0.133,6.909358625270745e+28,30.0,65.0,35,0.0,0.0,0.0,0.0,0.0,0.0,0.0,0.0,0.0,0.0,0.0,0.0,0.0,0.0,0.0,0.0,69.2,0,150,71,55,65476,0,300,0,1,8,20529,65476,0,0,40632,65.0,0.0,0.0,0.0,0.0,0.0
2026-09-04T20:11:19,ERR,ERR,ERR,ERR,ERR,ERR,ERR,ERR,ERR,ERR,ERR,ERR,ERR,ERR,ERR,ERR,ERR,ERR,ERR,ERR,ERR,ERR,ERR,ERR,ERR,ERR,ERR,ERR,ERR,ERR,ERR,ERR,ERR,ERR,ERR,ERR,ERR,ERR,ERR,ERR,ERR,ERR,ERR,ERR,ERR,ERR,ERR,ERR,ERR,ERR,ERR,ERR,ERR,ERR,ERR,ERR,ERR,ERR,ERR,ERR,ERR,ERR,ERR,ERR,ERR,ERR,ERR,ERR,ERR,ERR,ERR,ERR,ERR,ERR,ERR,ERR,ERR,ERR,ERR,ERR,ERR,ERR,ERR,ERR,ERR,ERR,ERR,ERR,ERR,ERR,ERR,ERR,ERR,ERR,ERR,ERR,ERR,ERR,ERR,ERR,ERR,ERR,ERR,ERR,ERR,ERR,ERR,ERR,ERR,ERR,ERR,ERR,ERR,ERR,ERR,ERR,ERR,ERR,ERR,ERR,ERR,ERR,ERR,ERR,ERR,2.718430741444032e+23,2.7184312818759872e+23,0.0,0.0,0.0,1.3936040501711995e+18,7.805,0.0,0,0,4,0,7116,0.0,100,0.0,0.0,0.0,0.0,0.0,0,0,0,0,0.0,0,0,0,0,0,0,0,0,0,0,0,0,0,0,0,0,0,0,0,0,0,0,0,0,0,0,0,0,0,0,0,0,0,31,40,40,71,65476,0,300,0,0,8,21553,0.0,-107605600.0,0.0,0.0,0.0,0.0,0.0,0.0,0.0,0.0,0.0,0.0,0.0,0.0,0.0,0.0,0.0,0.0,0.0,0.0,0.0,0.0,0.0,-2.004,-2.004,0.0,0.0,0.0,0.0,0.0,6185.0,-1.0406698374411135e+34,6943.0,2.718430741444032e+23,2.7184312818759872e+23,-0.0,2.718430741444032e+23,0.0,0.0,0.0,0.0,69,-0.0,0.0,0.0,0.0,0.0,0.0,0.0,0.0,0.0,0,0,0,0.0,0.0,0.0,0.0,0.0,0.0,0.0,0.0,0.0,0.0,0.0,0.0,0.0,0.0,0.0,0.0,0,-107875648.0,69,0.0,138,0.0,-109447200.0,0,13107,17040,39322,17049,13107,17043,0,0,0,70,68,100,2.7302359370752657e+23,71.2,2.7302370179391762e+23,74.2,2.7302370179391762e+23,74.0,1,49,50,180,13107,0,0,0,0.0,0.0,0.0,0.0,-0.0,67.0,0.0,162057.094,0.0,751,0,740,0,0,0,721,0,768,0,736,0,742,0,741,0,712,0,7520,0.032,108447924224.0,0.0,0.0,784,16797,-0.0,162057.094,-114818.039,-0.0,0.133,6.909358625270745e+28,30.0,65.0,35,0.0,0.0,0.0,0.0,0.0,0.0,0.0,0.0,0.0,0.0,0.0,0.0,0.0,0.0,0.0,0.0,69.2,0,150,71,55,65476,0,300,0,1,8,20529,65476,0,0,40632,65.0,0.0,0.0,0.0,0.0,0.0
2026-09-04T20:11:20,ERR,ERR,ERR,ERR,ERR,ERR,ERR,ERR,ERR,ERR,ERR,ERR,ERR,ERR,ERR,ERR,ERR,ERR,ERR,ERR,ERR,ERR,ERR,ERR,ERR,ERR,ERR,ERR,ERR,ERR,ERR,ERR,ERR,ERR,ERR,ERR,ERR,ERR,ERR,ERR,ERR,ERR,ERR,ERR,ERR,ERR,ERR,ERR,ERR,ERR,ERR,ERR,ERR,ERR,ERR,ERR,ERR,ERR,ERR,ERR,ERR,ERR,ERR,ERR,ERR,ERR,ERR,ERR,ERR,ERR,ERR,ERR,ERR,ERR,ERR,ERR,ERR,ERR,ERR,ERR,ERR,ERR,ERR,ERR,ERR,ERR,ERR,ERR,ERR,ERR,ERR,ERR,ERR,ERR,ERR,ERR,ERR,ERR,ERR,ERR,ERR,ERR,ERR,ERR,ERR,ERR,ERR,ERR,ERR,ERR,ERR,ERR,ERR,ERR,ERR,ERR,ERR,ERR,ERR,ERR,ERR,ERR,ERR,ERR,ERR,2.718430741444032e+23,2.7184312818759872e+23,0.0,0.0,0.0,1.3936040501711995e+18,7.805,0.0,0,0,4,0,7116,0.0,100,0.0,0.0,0.0,0.0,0.0,0,0,0,0,0.0,0,0,0,0,0,0,0,0,0,0,0,0,0,0,0,0,0,0,0,0,0,0,0,0,0,0,0,0,0,0,0,0,0,31,40,40,71,65476,0,300,0,0,8,21553,0.0,-107605600.0,0.0,0.0,0.0,0.0,0.0,0.0,0.0,0.0,0.0,0.0,0.0,0.0,0.0,0.0,0.0,0.0,0.0,0.0,0.0,0.0,0.0,-2.004,-2.004,0.0,0.0,0.0,0.0,0.0,6185.0,-1.0406698374411135e+34,6943.0,2.718430741444032e+23,2.7184312818759872e+23,-0.0,2.718430741444032e+23,0.0,0.0,0.0,0.0,69,-0.0,0.0,0.0,0.0,0.0,0.0,0.0,0.0,0.0,0,0,0,0.0,0.0,0.0,0.0,0.0,0.0,0.0,0.0,0.0,0.0,0.0,0.0,0.0,0.0,0.0,0.0,0,-107875648.0,69,0.0,138,0.0,-109447200.0,0,13107,17040,39322,17049,13107,17043,0,0,0,70,68,100,2.7302359370752657e+23,71.2,2.7302370179391762e+23,74.2,2.7302370179391762e+23,74.0,1,49,50,180,13107,0,0,0,0.0,0.0,0.0,0.0,-0.0,67.0,0.0,162057.094,0.0,751,0,740,0,0,0,721,0,768,0,736,0,742,0,741,0,712,0,7520,0.032,108447924224.0,0.0,0.0,784,16797,-0.0,162057.094,-114818.039,-0.0,0.133,6.909358625270745e+28,30.0,65.0,35,0.0,0.0,0.0,0.0,0.0,0.0,0.0,0.0,0.0,0.0,0.0,0.0,0.0,0.0,0.0,0.0,69.2,0,150,71,55,65476,0,300,0,1,8,20529,65476,0,0,40632,65.0,0.0,0.0,0.0,0.0,0.0
2026-09-04T20:11:21,ERR,ERR,ERR,ERR,ERR,ERR,ERR,ERR,ERR,ERR,ERR,ERR,ERR,ERR,ERR,ERR,ERR,ERR,ERR,ERR,ERR,ERR,ERR,ERR,ERR,ERR,ERR,ERR,ERR,ERR,ERR,ERR,ERR,ERR,ERR,ERR,ERR,ERR,ERR,ERR,ERR,ERR,ERR,ERR,ERR,ERR,ERR,ERR,ERR,ERR,ERR,ERR,ERR,ERR,ERR,ERR,ERR,ERR,ERR,ERR,ERR,ERR,ERR,ERR,ERR,ERR,ERR,ERR,ERR,ERR,ERR,ERR,ERR,ERR,ERR,ERR,ERR,ERR,ERR,ERR,ERR,ERR,ERR,ERR,ERR,ERR,ERR,ERR,ERR,ERR,ERR,ERR,ERR,ERR,ERR,ERR,ERR,ERR,ERR,ERR,ERR,ERR,ERR,ERR,ERR,ERR,ERR,ERR,ERR,ERR,ERR,ERR,ERR,ERR,ERR,ERR,ERR,ERR,ERR,ERR,ERR,ERR,ERR,ERR,ERR,2.718430741444032e+23,2.7184312818759872e+23,0.0,0.0,0.0,1.3936040501711995e+18,7.805,0.0,0,0,4,0,7116,0.0,100,0.0,0.0,0.0,0.0,0.0,0,0,0,0,0.0,0,0,0,0,0,0,0,0,0,0,0,0,0,0,0,0,0,0,0,0,0,0,0,0,0,0,0,0,0,0,0,0,0,31,40,40,71,65476,0,300,0,0,8,21553,0.0,-107605600.0,0.0,0.0,0.0,0.0,0.0,0.0,0.0,0.0,0.0,0.0,0.0,0.0,0.0,0.0,0.0,0.0,0.0,0.0,0.0,0.0,0.0,-2.004,-2.004,0.0,0.0,0.0,0.0,0.0,6153.0,-0.0,6928.0,2.718430741444032e+23,2.7184312818759872e+23,-0.0,2.718430741444032e+23,0.0,0.0,0.0,0.0,69,-0.0,2.7184256974124493e+23,0.0,0.0,0.0,0.0,0.0,0.0,0.0,0,0,0,0.0,0.0,0.0,0.0,0.0,0.0,0.0,0.0,0.0,0.0,0.0,0.0,0.0,0.0,0.0,0.0,0,-107875648.0,69,0.0,138,0.0,-109447200.0,0,13107,17040,39322,17049,13107,17043,0,0,0,70,68,100,2.7302359370752657e+23,71.2,2.7302370179391762e+23,74.2,2.7302370179391762e+23,74.0,1,49,50,180,13107,0,0,0,0.0,0.0,0.0,0.0,-0.0,67.0,0.0,162057.094,0.0,751,0,740,0,0,0,721,0,768,0,736,0,742,0,741,0,712,0,7520,0.032,108447924224.0,0.0,0.0,784,16797,-0.0,162057.094,-114818.039,-0.0,0.133,6.909358625270745e+28,30.0,65.0,35,0.0,0.0,0.0,0.0,0.0,0.0,0.0,0.0,0.0,0.0,0.0,0.0,0.0,0.0,0.0,0.0,69.2,0,150,71,55,65476,0,300,0,1,8,20529,65476,0,0,40632,65.0,0.0,0.0,0.0,0.0,0.0
2026-09-04T20:11:22,ERR,ERR,ERR,ERR,ERR,ERR,ERR,ERR,ERR,ERR,ERR,ERR,ERR,ERR,ERR,ERR,ERR,ERR,ERR,ERR,ERR,ERR,ERR,ERR,ERR,ERR,ERR,ERR,ERR,ERR,ERR,ERR,ERR,ERR,ERR,ERR,ERR,ERR,ERR,ERR,ERR,ERR,ERR,ERR,ERR,ERR,ERR,ERR,ERR,ERR,ERR,ERR,ERR,ERR,ERR,ERR,ERR,ERR,ERR,ERR,ERR,ERR,ERR,ERR,ERR,ERR,ERR,ERR,ERR,ERR,ERR,ERR,ERR,ERR,ERR,ERR,ERR,ERR,ERR,ERR,ERR,ERR,ERR,ERR,ERR,ERR,ERR,ERR,ERR,ERR,ERR,ERR,ERR,ERR,ERR,ERR,ERR,ERR,ERR,ERR,ERR,ERR,ERR,ERR,ERR,ERR,ERR,ERR,ERR,ERR,ERR,ERR,ERR,ERR,ERR,ERR,ERR,ERR,ERR,ERR,ERR,ERR,ERR,ERR,ERR,2.718430741444032e+23,2.7184312818759872e+23,0.0,0.0,0.0,1.3936040501711995e+18,7.805,0.0,0,0,4,0,7116,0.0,100,0.0,0.0,0.0,0.0,0.0,0,0,0,0,0.0,0,0,0,0,0,0,0,0,0,0,0,0,0,0,0,0,0,0,0,0,0,0,0,0,0,0,0,0,0,0,0,0,0,31,40,40,71,65476,0,300,0,0,8,21553,0.0,-107605600.0,0.0,0.0,0.0,0.0,0.0,0.0,0.0,0.0,0.0,0.0,0.0,0.0,0.0,0.0,0.0,0.0,0.0,0.0,0.0,0.0,0.0,-2.004,-2.004,0.0,0.0,0.0,0.0,0.0,6153.0,-0.0,6928.0,2.718430741444032e+23,2.7184312818759872e+23,-0.0,2.718430741444032e+23,0.0,0.0,0.0,0.0,69,-0.0,2.7184256974124493e+23,0.0,0.0,0.0,0.0,0.0,0.0,0.0,0,0,0,0.0,0.0,0.0,0.0,0.0,0.0,0.0,0.0,0.0,0.0,0.0,0.0,0.0,0.0,0.0,0.0,0,-107875648.0,69,0.0,138,0.0,-109447200.0,0,13107,17040,26215,17049,13107,17043,0,0,0,70,68,100,2.7302359370752657e+23,71.2,2.7302370179391762e+23,74.2,2.7302370179391762e+23,74.0,1,49,50,180,13107,52429,0,0,0.0,0.0,0.0,0.0,-0.0,67.0,0.0,162057.094,0.0,751,0,740,0,0,0,721,0,767,0,737,0,742,0,742,0,712,0,7520,0.032,107911053312.0,0.0,0.0,784,16797,-0.0,162057.094,-114818.039,-0.0,0.133,6.909358625270745e+28,30.0,65.0,35,0.0,0.0,0.0,0.0,0.0,0.0,0.0,0.0,0.0,0.0,0.0,0.0,0.0,0.0,0.0,0.0,69.2,0,150,71,55,65476,0,300,0,1,8,20529,65476,0,0,40632,65.0,0.0,0.0,0.0,0.0,0.0
2026-09-04T20:11:23,ERR,ERR,ERR,ERR,ERR,ERR,ERR,ERR,ERR,ERR,ERR,ERR,ERR,ERR,ERR,ERR,ERR,ERR,ERR,ERR,ERR,ERR,ERR,ERR,ERR,ERR,ERR,ERR,ERR,ERR,ERR,ERR,ERR,ERR,ERR,ERR,ERR,ERR,ERR,ERR,ERR,ERR,ERR,ERR,ERR,ERR,ERR,ERR,ERR,ERR,ERR,ERR,ERR,ERR,ERR,ERR,ERR,ERR,ERR,ERR,ERR,ERR,ERR,ERR,ERR,ERR,ERR,ERR,ERR,ERR,ERR,ERR,ERR,ERR,ERR,ERR,ERR,ERR,ERR,ERR,ERR,ERR,ERR,ERR,ERR,ERR,ERR,ERR,ERR,ERR,ERR,ERR,ERR,ERR,ERR,ERR,ERR,ERR,ERR,ERR,ERR,ERR,ERR,ERR,ERR,ERR,ERR,ERR,ERR,ERR,ERR,ERR,ERR,ERR,ERR,ERR,ERR,ERR,ERR,ERR,ERR,ERR,ERR,ERR,ERR,2.718430741444032e+23,2.7184312818759872e+23,0.0,0.0,0.0,1.3936040501711995e+18,7.805,0.0,0,0,4,0,7116,0.0,100,0.0,0.0,0.0,0.0,0.0,0,0,0,0,0.0,0,0,0,0,0,0,0,0,0,0,0,0,0,0,0,0,0,0,0,0,0,0,0,0,0,0,0,0,0,0,0,0,0,31,40,40,71,65476,0,300,0,0,8,21553,0.0,-107605600.0,0.0,0.0,0.0,0.0,0.0,0.0,0.0,0.0,0.0,0.0,0.0,0.0,0.0,0.0,0.0,0.0,0.0,0.0,0.0,0.0,0.0,-2.004,-2.004,0.0,0.0,0.0,0.0,0.0,6153.0,-0.0,6928.0,2.718430741444032e+23,2.7184312818759872e+23,-0.0,2.718430741444032e+23,0.0,0.0,0.0,0.0,69,-0.0,2.7184256974124493e+23,0.0,0.0,0.0,0.0,0.0,0.0,0.0,0,0,0,0.0,0.0,0.0,0.0,0.0,0.0,0.0,0.0,0.0,0.0,0.0,0.0,0.0,0.0,0.0,0.0,0,-107875648.0,69,0.0,138,0.0,-109447200.0,0,13107,17040,26215,17049,13107,17043,0,0,0,70,68,100,2.7302359370752657e+23,71.2,2.7302370179391762e+23,74.2,2.7302370179391762e+23,74.0,1,49,50,180,13107,52429,0,0,0.0,0.0,0.0,0.0,-0.0,67.0,0.0,162057.094,0.0,751,0,740,0,0,0,721,0,767,0,737,0,742,0,742,0,712,0,7520,0.032,107911053312.0,0.0,0.0,784,16797,-0.0,162057.094,-114818.039,-0.0,0.133,6.909358625270745e+28,30.0,65.0,35,0.0,0.0,0.0,0.0,0.0,0.0,0.0,0.0,0.0,0.0,0.0,0.0,0.0,0.0,0.0,0.0,69.2,0,150,71,55,65476,0,300,0,1,8,20529,65476,0,0,40632,65.0,0.0,0.0,0.0,0.0,0.0
2026-09-04T20:11:24,ERR,ERR,ERR,ERR,ERR,ERR,ERR,ERR,ERR,ERR,ERR,ERR,ERR,ERR,ERR,ERR,ERR,ERR,ERR,ERR,ERR,ERR,ERR,ERR,ERR,ERR,ERR,ERR,ERR,ERR,ERR,ERR,ERR,ERR,ERR,ERR,ERR,ERR,ERR,ERR,ERR,ERR,ERR,ERR,ERR,ERR,ERR,ERR,ERR,ERR,ERR,ERR,ERR,ERR,ERR,ERR,ERR,ERR,ERR,ERR,ERR,ERR,ERR,ERR,ERR,ERR,ERR,ERR,ERR,ERR,ERR,ERR,ERR,ERR,ERR,ERR,ERR,ERR,ERR,ERR,ERR,ERR,ERR,ERR,ERR,ERR,ERR,ERR,ERR,ERR,ERR,ERR,ERR,ERR,ERR,ERR,ERR,ERR,ERR,ERR,ERR,ERR,ERR,ERR,ERR,ERR,ERR,ERR,ERR,ERR,ERR,ERR,ERR,ERR,ERR,ERR,ERR,ERR,ERR,ERR,ERR,ERR,ERR,ERR,ERR,2.718430741444032e+23,2.7184312818759872e+23,0.0,0.0,0.0,1.3936040501711995e+18,7.805,0.0,0,0,4,0,7116,0.0,100,0.0,0.0,0.0,0.0,0.0,0,0,0,0,0.0,0,0,0,0,0,0,0,0,0,0,0,0,0,0,0,0,0,0,0,0,0,0,0,0,0,0,0,0,0,0,0,0,0,31,40,40,71,65476,0,300,0,0,8,21553,0.0,-107605600.0,0.0,0.0,0.0,0.0,0.0,0.0,0.0,0.0,0.0,0.0,0.0,0.0,0.0,0.0,0.0,0.0,0.0,0.0,0.0,0.0,0.0,-2.004,-2.004,0.0,0.0,0.0,0.0,0.0,6153.0,-0.0,6928.0,2.718430741444032e+23,2.7184312818759872e+23,-0.0,2.718430741444032e+23,0.0,0.0,0.0,0.0,69,-0.0,2.7184256974124493e+23,0.0,0.0,0.0,0.0,0.0,0.0,0.0,0,0,0,0.0,0.0,0.0,0.0,0.0,0.0,0.0,0.0,0.0,0.0,0.0,0.0,0.0,0.0,0.0,0.0,0,-107875648.0,69,0.0,138,0.0,-109447200.0,0,13107,17040,26215,17049,13107,17043,0,0,0,70,68,100,2.7302359370752657e+23,71.2,2.7302370179391762e+23,74.2,2.7302370179391762e+23,74.0,1,49,50,180,13107,52429,0,0,0.0,0.0,0.0,0.0,-0.0,67.0,0.0,162057.094,0.0,751,0,740,0,0,0,721,0,767,0,737,0,742,0,742,0,712,0,7520,0.032,107911053312.0,0.0,0.0,784,16797,-0.0,162057.094,-114818.039,-0.0,0.133,6.909358625270745e+28,30.0,65.0,35,0.0,0.0,0.0,0.0,0.0,0.0,0.0,0.0,0.0,0.0,0.0,0.0,0.0,0.0,0.0,0.0,69.2,0,150,71,55,65476,0,300,0,1,8,20529,65476,0,0,40632,65.0,0.0,0.0,0.0,0.0,0.0
2026-09-04T20:11:25,ERR,ERR,ERR,ERR,ERR,ERR,ERR,ERR,ERR,ERR,ERR,ERR,ERR,ERR,ERR,ERR,ERR,ERR,ERR,ERR,ERR,ERR,ERR,ERR,ERR,ERR,ERR,ERR,ERR,ERR,ERR,ERR,ERR,ERR,ERR,ERR,ERR,ERR,ERR,ERR,ERR,ERR,ERR,ERR,ERR,ERR,ERR,ERR,ERR,ERR,ERR,ERR,ERR,ERR,ERR,ERR,ERR,ERR,ERR,ERR,ERR,ERR,ERR,ERR,ERR,ERR,ERR,ERR,ERR,ERR,ERR,ERR,ERR,ERR,ERR,ERR,ERR,ERR,ERR,ERR,ERR,ERR,ERR,ERR,ERR,ERR,ERR,ERR,ERR,ERR,ERR,ERR,ERR,ERR,ERR,ERR,ERR,ERR,ERR,ERR,ERR,ERR,ERR,ERR,ERR,ERR,ERR,ERR,ERR,ERR,ERR,ERR,ERR,ERR,ERR,ERR,ERR,ERR,ERR,ERR,ERR,ERR,ERR,ERR,ERR,2.718430741444032e+23,2.7184312818759872e+23,0.0,0.0,0.0,1.3936040501711995e+18,7.805,0.0,0,0,4,0,7116,0.0,100,0.0,0.0,0.0,0.0,0.0,0,0,0,0,0.0,0,0,0,0,0,0,0,0,0,0,0,0,0,0,0,0,0,0,0,0,0,0,0,0,0,0,0,0,0,0,0,0,0,31,40,40,71,65476,0,300,0,0,8,21553,0.0,-107605600.0,0.0,0.0,0.0,0.0,0.0,0.0,0.0,0.0,0.0,0.0,0.0,0.0,0.0,0.0,0.0,0.0,0.0,0.0,0.0,0.0,0.0,-2.004,-2.004,0.0,0.0,0.0,0.0,0.0,6153.0,-0.0,6928.0,2.718430741444032e+23,2.7184312818759872e+23,-0.0,2.718430741444032e+23,0.0,0.0,0.0,0.0,69,-0.0,2.7184256974124493e+23,0.0,0.0,0.0,0.0,0.0,0.0,0.0,0,0,0,0.0,0.0,0.0,0.0,0.0,0.0,0.0,0.0,0.0,0.0,0.0,0.0,0.0,0.0,0.0,0.0,0,-107875648.0,69,0.0,138,0.0,-109447200.0,0,13107,17040,26215,17049,13107,17043,0,0,0,70,68,100,2.7302359370752657e+23,71.2,2.7302370179391762e+23,74.2,2.7302370179391762e+23,74.0,1,49,50,180,13107,52429,0,0,0.0,0.0,0.0,0.0,-0.0,67.0,0.0,162057.094,0.0,751,0,740,0,0,0,721,0,767,0,737,0,742,0,742,0,712,0,7520,0.032,107911053312.0,0.0,0.0,784,16797,-0.0,162057.094,-114818.039,-0.0,0.133,6.909358625270745e+28,30.0,65.0,35,0.0,0.0,0.0,0.0,0.0,0.0,0.0,0.0,0.0,0.0,0.0,0.0,0.0,0.0,0.0,0.0,69.2,0,150,71,55,65476,0,300,0,1,8,20529,65476,0,0,40632,65.0,0.0,0.0,0.0,0.0,0.0
2026-09-04T20:11:26,ERR,ERR,ERR,ERR,ERR,ERR,ERR,ERR,ERR,ERR,ERR,ERR,ERR,ERR,ERR,ERR,ERR,ERR,ERR,ERR,ERR,ERR,ERR,ERR,ERR,ERR,ERR,ERR,ERR,ERR,ERR,ERR,ERR,ERR,ERR,ERR,ERR,ERR,ERR,ERR,ERR,ERR,ERR,ERR,ERR,ERR,ERR,ERR,ERR,ERR,ERR,ERR,ERR,ERR,ERR,ERR,ERR,ERR,ERR,ERR,ERR,ERR,ERR,ERR,ERR,ERR,ERR,ERR,ERR,ERR,ERR,ERR,ERR,ERR,ERR,ERR,ERR,ERR,ERR,ERR,ERR,ERR,ERR,ERR,ERR,ERR,ERR,ERR,ERR,ERR,ERR,ERR,ERR,ERR,ERR,ERR,ERR,ERR,ERR,ERR,ERR,ERR,ERR,ERR,ERR,ERR,ERR,ERR,ERR,ERR,ERR,ERR,ERR,ERR,ERR,ERR,ERR,ERR,ERR,ERR,ERR,ERR,ERR,ERR,ERR,2.718430741444032e+23,2.7184312818759872e+23,0.0,0.0,0.0,1.3936040501711995e+18,7.805,0.0,0,0,4,0,7116,0.0,100,0.0,0.0,0.0,0.0,0.0,0,0,0,0,0.0,0,0,0,0,0,0,0,0,0,0,0,0,0,0,0,0,0,0,0,0,0,0,0,0,0,0,0,0,0,0,0,0,0,31,40,40,71,65476,0,300,0,0,8,21553,0.0,-107605600.0,0.0,0.0,0.0,0.0,0.0,0.0,0.0,0.0,0.0,0.0,0.0,0.0,0.0,0.0,0.0,0.0,0.0,0.0,0.0,0.0,0.0,-2.004,-2.004,0.0,0.0,0.0,0.0,0.0,6153.0,-0.0,6928.0,2.718430741444032e+23,2.7184312818759872e+23,-0.0,2.718430741444032e+23,0.0,0.0,0.0,0.0,69,-0.0,2.7184256974124493e+23,0.0,0.0,0.0,0.0,0.0,0.0,0.0,0,0,0,0.0,0.0,0.0,0.0,0.0,0.0,0.0,0.0,0.0,0.0,0.0,0.0,0.0,0.0,0.0,0.0,0,-107875648.0,69,0.0,138,0.0,-109447200.0,0,13107,17040,26215,17049,13107,17043,0,0,0,70,68,100,2.7302359370752657e+23,71.2,2.7302370179391762e+23,74.2,2.7302370179391762e+23,74.0,1,49,50,180,13107,52429,0,0,0.0,0.0,0.0,0.0,-0.0,67.0,0.0,162057.094,0.0,751,0,740,0,0,0,721,0,767,0,737,0,742,0,742,0,712,0,7520,0.032,107911053312.0,0.0,0.0,784,16797,-0.0,162057.094,-114818.039,-0.0,0.133,6.909358625270745e+28,30.0,65.0,35,0.0,0.0,0.0,0.0,0.0,0.0,0.0,0.0,0.0,0.0,0.0,0.0,0.0,0.0,0.0,0.0,69.2,0,150,71,55,65476,0,300,0,1,8,20529,65476,0,0,40632,65.0,0.0,0.0,0.0,0.0,0.0
2026-09-04T20:11:27,ERR,ERR,ERR,ERR,ERR,ERR,ERR,ERR,ERR,ERR,ERR,ERR,ERR,ERR,ERR,ERR,ERR,ERR,ERR,ERR,ERR,ERR,ERR,ERR,ERR,ERR,ERR,ERR,ERR,ERR,ERR,ERR,ERR,ERR,ERR,ERR,ERR,ERR,ERR,ERR,ERR,ERR,ERR,ERR,ERR,ERR,ERR,ERR,ERR,ERR,ERR,ERR,ERR,ERR,ERR,ERR,ERR,ERR,ERR,ERR,ERR,ERR,ERR,ERR,ERR,ERR,ERR,ERR,ERR,ERR,ERR,ERR,ERR,ERR,ERR,ERR,ERR,ERR,ERR,ERR,ERR,ERR,ERR,ERR,ERR,ERR,ERR,ERR,ERR,ERR,ERR,ERR,ERR,ERR,ERR,ERR,ERR,ERR,ERR,ERR,ERR,ERR,ERR,ERR,ERR,ERR,ERR,ERR,ERR,ERR,ERR,ERR,ERR,ERR,ERR,ERR,ERR,ERR,ERR,ERR,ERR,ERR,ERR,ERR,ERR,2.718430741444032e+23,2.7184312818759872e+23,0.0,0.0,0.0,1.3936040501711995e+18,7.805,0.0,0,0,4,0,7116,0.0,100,0.0,0.0,0.0,0.0,0.0,0,0,0,0,0.0,0,0,0,0,0,0,0,0,0,0,0,0,0,0,0,0,0,0,0,0,0,0,0,0,0,0,0,0,0,0,0,0,0,31,40,40,71,65476,0,300,0,0,8,21553,0.0,-107605600.0,0.0,0.0,0.0,0.0,0.0,0.0,0.0,0.0,0.0,0.0,0.0,0.0,0.0,0.0,0.0,0.0,0.0,0.0,0.0,0.0,0.0,-2.004,-2.004,0.0,0.0,0.0,0.0,0.0,6153.0,-0.0,6928.0,2.718430741444032e+23,2.7184312818759872e+23,-0.0,2.718430741444032e+23,0.0,0.0,0.0,0.0,69,-0.0,2.7184256974124493e+23,0.0,0.0,0.0,0.0,0.0,0.0,0.0,0,0,0,0.0,0.0,0.0,0.0,0.0,0.0,0.0,0.0,0.0,0.0,0.0,0.0,0.0,0.0,0.0,0.0,0,-107875648.0,69,0.0,138,0.0,-109447200.0,0,13107,17040,26215,17049,13107,17043,0,0,0,70,68,100,2.7302359370752657e+23,71.2,2.7302370179391762e+23,74.2,2.7302370179391762e+23,74.0,1,49,50,180,13107,52429,0,0,0.0,0.0,0.0,0.0,-0.0,67.0,0.0,162057.094,0.0,751,0,740,0,0,0,721,0,767,0,737,0,742,0,742,0,712,0,7520,0.032,107911053312.0,0.0,0.0,784,16797,-0.0,162057.094,-114818.039,-0.0,0.133,6.909358625270745e+28,30.0,65.0,35,0.0,0.0,0.0,0.0,0.0,0.0,0.0,0.0,0.0,0.0,0.0,0.0,0.0,0.0,0.0,0.0,69.6,0,150,71,55,65476,0,300,0,1,8,20529,65476,0,0,40632,65.0,0.0,0.0,0.0,0.0,0.0
2026-09-04T20:11:28,ERR,ERR,ERR,ERR,ERR,ERR,ERR,ERR,ERR,ERR,ERR,ERR,ERR,ERR,ERR,ERR,ERR,ERR,ERR,ERR,ERR,ERR,ERR,ERR,ERR,ERR,ERR,ERR,ERR,ERR,ERR,ERR,ERR,ERR,ERR,ERR,ERR,ERR,ERR,ERR,ERR,ERR,ERR,ERR,ERR,ERR,ERR,ERR,ERR,ERR,ERR,ERR,ERR,ERR,ERR,ERR,ERR,ERR,ERR,ERR,ERR,ERR,ERR,ERR,ERR,ERR,ERR,ERR,ERR,ERR,ERR,ERR,ERR,ERR,ERR,ERR,ERR,ERR,ERR,ERR,ERR,ERR,ERR,ERR,ERR,ERR,ERR,ERR,ERR,ERR,ERR,ERR,ERR,ERR,ERR,ERR,ERR,ERR,ERR,ERR,ERR,ERR,ERR,ERR,ERR,ERR,ERR,ERR,ERR,ERR,ERR,ERR,ERR,ERR,ERR,ERR,ERR,ERR,ERR,ERR,ERR,ERR,ERR,ERR,ERR,2.718430741444032e+23,2.7184312818759872e+23,0.0,0.0,0.0,1.3936040501711995e+18,7.805,0.0,0,0,4,0,7116,0.0,100,0.0,0.0,0.0,0.0,0.0,0,0,0,0,0.0,0,0,0,0,0,0,0,0,0,0,0,0,0,0,0,0,0,0,0,0,0,0,0,0,0,0,0,0,0,0,0,0,0,31,40,40,71,65476,0,300,0,0,8,21553,0.0,-107605600.0,0.0,0.0,0.0,0.0,0.0,0.0,0.0,0.0,0.0,0.0,0.0,0.0,0.0,0.0,0.0,0.0,0.0,0.0,0.0,0.0,0.0,-2.004,-2.004,0.0,0.0,0.0,0.0,0.0,6153.0,-0.0,6928.0,2.718430741444032e+23,2.7184312818759872e+23,-0.0,2.718430741444032e+23,0.0,0.0,0.0,0.0,69,-0.0,2.7184256974124493e+23,0.0,0.0,0.0,0.0,0.0,0.0,0.0,0,0,0,0.0,0.0,0.0,0.0,0.0,0.0,0.0,0.0,0.0,0.0,0.0,0.0,0.0,0.0,0.0,0.0,0,-107875648.0,69,0.0,138,0.0,-109447200.0,0,13107,17040,26215,17049,13107,17043,0,0,0,70,68,100,2.7302359370752657e+23,71.2,2.7302370179391762e+23,74.2,2.7302370179391762e+23,74.0,1,49,50,180,13107,52429,0,0,0.0,0.0,0.0,0.0,-0.0,67.0,0.0,162057.094,0.0,751,0,740,0,0,0,721,0,767,0,736,0,742,0,742,0,712,0,7520,0.032,108984795136.0,0.0,0.0,784,16797,-0.0,162057.094,-114818.039,-0.0,0.133,6.909358625270745e+28,30.0,65.0,35,0.0,0.0,0.0,0.0,0.0,0.0,0.0,0.0,0.0,0.0,0.0,0.0,0.0,0.0,0.0,0.0,69.6,0,150,71,55,65476,0,300,0,1,8,20529,65476,0,0,40632,65.0,0.0,0.0,0.0,0.0,0.0
2026-09-04T20:11:29,ERR,ERR,ERR,ERR,ERR,ERR,ERR,ERR,ERR,ERR,ERR,ERR,ERR,ERR,ERR,ERR,ERR,ERR,ERR,ERR,ERR,ERR,ERR,ERR,ERR,ERR,ERR,ERR,ERR,ERR,ERR,ERR,ERR,ERR,ERR,ERR,ERR,ERR,ERR,ERR,ERR,ERR,ERR,ERR,ERR,ERR,ERR,ERR,ERR,ERR,ERR,ERR,ERR,ERR,ERR,ERR,ERR,ERR,ERR,ERR,ERR,ERR,ERR,ERR,ERR,ERR,ERR,ERR,ERR,ERR,ERR,ERR,ERR,ERR,ERR,ERR,ERR,ERR,ERR,ERR,ERR,ERR,ERR,ERR,ERR,ERR,ERR,ERR,ERR,ERR,ERR,ERR,ERR,ERR,ERR,ERR,ERR,ERR,ERR,ERR,ERR,ERR,ERR,ERR,ERR,ERR,ERR,ERR,ERR,ERR,ERR,ERR,ERR,ERR,ERR,ERR,ERR,ERR,ERR,ERR,ERR,ERR,ERR,ERR,ERR,2.718430741444032e+23,2.7184312818759872e+23,0.0,0.0,0.0,1.3936040501711995e+18,7.805,0.0,0,0,4,0,7116,0.0,100,0.0,0.0,0.0,0.0,0.0,0,0,0,0,0.0,0,0,0,0,0,0,0,0,0,0,0,0,0,0,0,0,0,0,0,0,0,0,0,0,0,0,0,0,0,0,0,0,0,31,40,40,71,65476,0,300,0,0,8,21553,0.0,-107605600.0,0.0,0.0,0.0,0.0,0.0,0.0,0.0,0.0,0.0,0.0,0.0,0.0,0.0,0.0,0.0,0.0,0.0,0.0,0.0,0.0,0.0,-2.004,-2.004,0.0,0.0,0.0,0.0,0.0,6155.0,-0.0,6928.0,2.718430741444032e+23,2.7184312818759872e+23,-0.0,2.718430741444032e+23,0.0,0.0,0.0,0.0,69,-0.0,2.7184256974124493e+23,0.0,0.0,0.0,0.0,0.0,0.0,0.0,0,0,0,0.0,0.0,0.0,0.0,0.0,0.0,0.0,0.0,0.0,0.0,0.0,0.0,0.0,0.0,0.0,0.0,0,-107875648.0,69,0.0,138,0.0,-109447200.0,0,13107,17040,26215,17049,13107,17043,0,0,0,70,68,100,2.7302359370752657e+23,71.2,2.7302370179391762e+23,74.2,2.7302370179391762e+23,74.0,1,49,50,180,13107,52429,0,0,0.0,0.0,0.0,0.0,-0.0,67.0,0.0,162057.094,0.0,751,0,740,0,0,0,721,0,767,0,736,0,742,0,742,0,712,0,7520,0.032,108984795136.0,0.0,0.0,784,16797,-0.0,162057.094,-114818.039,-0.0,0.133,6.909358625270745e+28,30.0,65.0,35,0.0,0.0,0.0,0.0,0.0,0.0,0.0,0.0,0.0,0.0,0.0,0.0,0.0,0.0,0.0,0.0,69.2,0,150,71,55,65476,0,300,0,1,8,20529,65476,0,0,40632,65.0,0.0,0.0,0.0,0.0,0.0
2026-09-04T20:11:30,ERR,ERR,ERR,ERR,ERR,ERR,ERR,ERR,ERR,ERR,ERR,ERR,ERR,ERR,ERR,ERR,ERR,ERR,ERR,ERR,ERR,ERR,ERR,ERR,ERR,ERR,ERR,ERR,ERR,ERR,ERR,ERR,ERR,ERR,ERR,ERR,ERR,ERR,ERR,ERR,ERR,ERR,ERR,ERR,ERR,ERR,ERR,ERR,ERR,ERR,ERR,ERR,ERR,ERR,ERR,ERR,ERR,ERR,ERR,ERR,ERR,ERR,ERR,ERR,ERR,ERR,ERR,ERR,ERR,ERR,ERR,ERR,ERR,ERR,ERR,ERR,ERR,ERR,ERR,ERR,ERR,ERR,ERR,ERR,ERR,ERR,ERR,ERR,ERR,ERR,ERR,ERR,ERR,ERR,ERR,ERR,ERR,ERR,ERR,ERR,ERR,ERR,ERR,ERR,ERR,ERR,ERR,ERR,ERR,ERR,ERR,ERR,ERR,ERR,ERR,ERR,ERR,ERR,ERR,ERR,ERR,ERR,ERR,ERR,ERR,2.718430741444032e+23,2.7184312818759872e+23,0.0,0.0,0.0,1.3936040501711995e+18,7.805,0.0,0,0,4,0,7116,0.0,100,0.0,0.0,0.0,0.0,0.0,0,0,0,0,0.0,0,0,0,0,0,0,0,0,0,0,0,0,0,0,0,0,0,0,0,0,0,0,0,0,0,0,0,0,0,0,0,0,0,31,40,40,71,65476,0,300,0,0,8,21553,0.0,-107605600.0,0.0,0.0,0.0,0.0,0.0,0.0,0.0,0.0,0.0,0.0,0.0,0.0,0.0,0.0,0.0,0.0,0.0,0.0,0.0,0.0,0.0,-2.004,-2.004,0.0,0.0,0.0,0.0,0.0,6155.0,-0.0,6928.0,2.718430741444032e+23,2.7184312818759872e+23,-0.0,2.718430741444032e+23,0.0,0.0,0.0,0.0,69,-0.0,2.7184256974124493e+23,0.0,0.0,0.0,0.0,0.0,0.0,0.0,0,0,0,0.0,0.0,0.0,0.0,0.0,0.0,0.0,0.0,0.0,0.0,0.0,0.0,0.0,0.0,0.0,0.0,0,-107875648.0,69,0.0,138,0.0,-109447200.0,0,13107,17040,26215,17049,13107,17043,0,0,0,70,68,100,2.7302359370752657e+23,71.2,2.7302370179391762e+23,74.2,2.7302370179391762e+23,74.0,1,49,50,180,13107,52429,0,0,0.0,0.0,0.0,0.0,-0.0,67.0,0.0,162057.094,0.0,751,0,740,0,0,0,721,0,767,0,736,0,742,0,742,0,712,0,7520,0.032,108984795136.0,0.0,0.0,784,16797,-0.0,162057.094,-114818.039,-0.0,0.133,6.909358625270745e+28,30.0,65.0,35,0.0,0.0,0.0,0.0,0.0,0.0,0.0,0.0,0.0,0.0,0.0,0.0,0.0,0.0,0.0,0.0,69.2,0,150,71,55,65476,0,300,0,1,8,20529,65476,0,0,40632,65.0,0.0,0.0,0.0,0.0,0.0
2026-09-04T20:11:31,ERR,ERR,ERR,ERR,ERR,ERR,ERR,ERR,ERR,ERR,ERR,ERR,ERR,ERR,ERR,ERR,ERR,ERR,ERR,ERR,ERR,ERR,ERR,ERR,ERR,ERR,ERR,ERR,ERR,ERR,ERR,ERR,ERR,ERR,ERR,ERR,ERR,ERR,ERR,ERR,ERR,ERR,ERR,ERR,ERR,ERR,ERR,ERR,ERR,ERR,ERR,ERR,ERR,ERR,ERR,ERR,ERR,ERR,ERR,ERR,ERR,ERR,ERR,ERR,ERR,ERR,ERR,ERR,ERR,ERR,ERR,ERR,ERR,ERR,ERR,ERR,ERR,ERR,ERR,ERR,ERR,ERR,ERR,ERR,ERR,ERR,ERR,ERR,ERR,ERR,ERR,ERR,ERR,ERR,ERR,ERR,ERR,ERR,ERR,ERR,ERR,ERR,ERR,ERR,ERR,ERR,ERR,ERR,ERR,ERR,ERR,ERR,ERR,ERR,ERR,ERR,ERR,ERR,ERR,ERR,ERR,ERR,ERR,ERR,ERR,2.718430741444032e+23,2.7184312818759872e+23,0.0,0.0,0.0,1.3936040501711995e+18,7.805,0.0,0,0,4,0,7116,0.0,100,0.0,0.0,0.0,0.0,0.0,0,0,0,0,0.0,0,0,0,0,0,0,0,0,0,0,0,0,0,0,0,0,0,0,0,0,0,0,0,0,0,0,0,0,0,0,0,0,0,31,40,40,71,65476,0,300,0,0,8,21553,0.0,-107605600.0,0.0,0.0,0.0,0.0,0.0,0.0,0.0,0.0,0.0,0.0,0.0,0.0,0.0,0.0,0.0,0.0,0.0,0.0,0.0,0.0,0.0,-2.004,-2.004,0.0,0.0,0.0,0.0,0.0,6155.0,-0.0,6928.0,2.718430741444032e+23,2.7184312818759872e+23,-0.0,2.718430741444032e+23,0.0,0.0,0.0,0.0,69,-0.0,2.7184256974124493e+23,0.0,0.0,0.0,0.0,0.0,0.0,0.0,0,0,0,0.0,0.0,0.0,0.0,0.0,0.0,0.0,0.0,0.0,0.0,0.0,0.0,0.0,0.0,0.0,0.0,0,-107875648.0,69,0.0,138,0.0,-109447200.0,0,13107,17040,26215,17049,13107,17043,0,0,0,70,68,100,2.7302359370752657e+23,71.2,2.7302370179391762e+23,74.2,2.7302370179391762e+23,74.0,1,49,50,180,13107,52429,0,0,0.0,0.0,0.0,0.0,-0.0,67.0,0.0,162057.094,0.0,751,0,740,0,0,0,721,0,767,0,736,0,742,0,742,0,712,0,7520,0.032,108984795136.0,0.0,0.0,784,16797,-0.0,162057.094,-114818.039,-0.0,0.133,6.909358625270745e+28,30.0,65.0,35,0.0,0.0,0.0,0.0,0.0,0.0,0.0,0.0,0.0,0.0,0.0,0.0,0.0,0.0,0.0,0.0,69.2,0,150,71,55,65476,0,300,0,1,8,20529,65476,0,0,40632,65.0,0.0,0.0,0.0,0.0,0.0
2026-09-04T20:11:32,ERR,ERR,ERR,ERR,ERR,ERR,ERR,ERR,ERR,ERR,ERR,ERR,ERR,ERR,ERR,ERR,ERR,ERR,ERR,ERR,ERR,ERR,ERR,ERR,ERR,ERR,ERR,ERR,ERR,ERR,ERR,ERR,ERR,ERR,ERR,ERR,ERR,ERR,ERR,ERR,ERR,ERR,ERR,ERR,ERR,ERR,ERR,ERR,ERR,ERR,ERR,ERR,ERR,ERR,ERR,ERR,ERR,ERR,ERR,ERR,ERR,ERR,ERR,ERR,ERR,ERR,ERR,ERR,ERR,ERR,ERR,ERR,ERR,ERR,ERR,ERR,ERR,ERR,ERR,ERR,ERR,ERR,ERR,ERR,ERR,ERR,ERR,ERR,ERR,ERR,ERR,ERR,ERR,ERR,ERR,ERR,ERR,ERR,ERR,ERR,ERR,ERR,ERR,ERR,ERR,ERR,ERR,ERR,ERR,ERR,ERR,ERR,ERR,ERR,ERR,ERR,ERR,ERR,ERR,ERR,ERR,ERR,ERR,ERR,ERR,2.718430741444032e+23,2.7184312818759872e+23,0.0,0.0,0.0,1.3936040501711995e+18,7.805,0.0,0,0,4,0,7116,0.0,100,0.0,0.0,0.0,0.0,0.0,0,0,0,0,0.0,0,0,0,0,0,0,0,0,0,0,0,0,0,0,0,0,0,0,0,0,0,0,0,0,0,0,0,0,0,0,0,0,0,31,40,40,71,65476,0,300,0,0,8,21553,0.0,-107605600.0,0.0,0.0,0.0,0.0,0.0,0.0,0.0,0.0,0.0,0.0,0.0,0.0,0.0,0.0,0.0,0.0,0.0,0.0,0.0,0.0,0.0,-2.004,-2.004,0.0,0.0,0.0,0.0,0.0,6155.0,-0.0,6928.0,2.718430741444032e+23,2.7184312818759872e+23,-0.0,2.718430741444032e+23,0.0,0.0,0.0,0.0,69,-0.0,2.7184256974124493e+23,0.0,0.0,0.0,0.0,0.0,0.0,0.0,0,0,0,0.0,0.0,0.0,0.0,0.0,0.0,0.0,0.0,0.0,0.0,0.0,0.0,0.0,0.0,0.0,0.0,0,-107875648.0,69,0.0,138,0.0,-109447200.0,0,13107,17040,26215,17049,13107,17043,0,0,0,70,68,100,2.7302359370752657e+23,71.2,2.7302370179391762e+23,74.2,2.7302370179391762e+23,74.0,1,49,50,180,13107,52429,0,0,0.0,0.0,0.0,0.0,-0.0,67.0,0.0,162057.094,0.0,751,0,740,0,0,0,721,0,767,0,736,0,742,0,742,0,712,0,7520,0.032,108984795136.0,0.0,0.0,784,16797,-0.0,162057.094,-114818.039,-0.0,0.133,6.909358625270745e+28,30.0,65.0,35,0.0,0.0,0.0,0.0,0.0,0.0,0.0,0.0,0.0,0.0,0.0,0.0,0.0,0.0,0.0,0.0,69.2,0,150,71,55,65476,0,300,0,1,8,20529,65476,0,0,40632,65.0,0.0,0.0,0.0,0.0,0.0
2026-09-04T20:11:33,ERR,ERR,ERR,ERR,ERR,ERR,ERR,ERR,ERR,ERR,ERR,ERR,ERR,ERR,ERR,ERR,ERR,ERR,ERR,ERR,ERR,ERR,ERR,ERR,ERR,ERR,ERR,ERR,ERR,ERR,ERR,ERR,ERR,ERR,ERR,ERR,ERR,ERR,ERR,ERR,ERR,ERR,ERR,ERR,ERR,ERR,ERR,ERR,ERR,ERR,ERR,ERR,ERR,ERR,ERR,ERR,ERR,ERR,ERR,ERR,ERR,ERR,ERR,ERR,ERR,ERR,ERR,ERR,ERR,ERR,ERR,ERR,ERR,ERR,ERR,ERR,ERR,ERR,ERR,ERR,ERR,ERR,ERR,ERR,ERR,ERR,ERR,ERR,ERR,ERR,ERR,ERR,ERR,ERR,ERR,ERR,ERR,ERR,ERR,ERR,ERR,ERR,ERR,ERR,ERR,ERR,ERR,ERR,ERR,ERR,ERR,ERR,ERR,ERR,ERR,ERR,ERR,ERR,ERR,ERR,ERR,ERR,ERR,ERR,ERR,2.718430741444032e+23,2.7184312818759872e+23,0.0,0.0,0.0,1.3936040501711995e+18,7.805,0.0,0,0,4,0,7116,0.0,100,0.0,0.0,0.0,0.0,0.0,0,0,0,0,0.0,0,0,0,0,0,0,0,0,0,0,0,0,0,0,0,0,0,0,0,0,0,0,0,0,0,0,0,0,0,0,0,0,0,31,40,40,71,65476,0,300,0,0,8,21553,0.0,-107605600.0,0.0,0.0,0.0,0.0,0.0,0.0,0.0,0.0,0.0,0.0,0.0,0.0,0.0,0.0,0.0,0.0,0.0,0.0,0.0,0.0,0.0,-2.004,-2.004,0.0,0.0,0.0,0.0,0.0,6155.0,-0.0,6928.0,2.718430741444032e+23,2.7184312818759872e+23,-0.0,2.718430741444032e+23,0.0,0.0,0.0,0.0,69,-0.0,2.7184256974124493e+23,0.0,0.0,0.0,0.0,0.0,0.0,0.0,0,0,0,0.0,0.0,0.0,0.0,0.0,0.0,0.0,0.0,0.0,0.0,0.0,0.0,0.0,0.0,0.0,0.0,0,-107875648.0,69,0.0,138,0.0,-109447200.0,0,13107,17040,26215,17049,13107,17043,0,0,0,70,68,100,2.7302359370752657e+23,71.2,2.7302370179391762e+23,74.2,2.7302370179391762e+23,74.0,1,49,50,180,13107,0,0,0,0.0,0.0,0.0,0.0,-0.0,67.0,0.0,162057.094,0.0,751,0,740,0,0,0,721,0,767,0,736,0,743,0,741,0,712,0,7520,0.032,108984795136.0,0.0,0.0,784,16797,-0.0,162057.094,-114818.039,-0.0,0.133,6.909358625270745e+28,30.0,65.0,35,0.0,0.0,0.0,0.0,0.0,0.0,0.0,0.0,0.0,0.0,0.0,0.0,0.0,0.0,0.0,0.0,69.2,0,150,71,55,65476,0,300,0,1,8,20529,65476,0,0,40632,65.0,0.0,0.0,0.0,0.0,0.0
2026-09-04T20:11:34,ERR,ERR,ERR,ERR,ERR,ERR,ERR,ERR,ERR,ERR,ERR,ERR,ERR,ERR,ERR,ERR,ERR,ERR,ERR,ERR,ERR,ERR,ERR,ERR,ERR,ERR,ERR,ERR,ERR,ERR,ERR,ERR,ERR,ERR,ERR,ERR,ERR,ERR,ERR,ERR,ERR,ERR,ERR,ERR,ERR,ERR,ERR,ERR,ERR,ERR,ERR,ERR,ERR,ERR,ERR,ERR,ERR,ERR,ERR,ERR,ERR,ERR,ERR,ERR,ERR,ERR,ERR,ERR,ERR,ERR,ERR,ERR,ERR,ERR,ERR,ERR,ERR,ERR,ERR,ERR,ERR,ERR,ERR,ERR,ERR,ERR,ERR,ERR,ERR,ERR,ERR,ERR,ERR,ERR,ERR,ERR,ERR,ERR,ERR,ERR,ERR,ERR,ERR,ERR,ERR,ERR,ERR,ERR,ERR,ERR,ERR,ERR,ERR,ERR,ERR,ERR,ERR,ERR,ERR,ERR,ERR,ERR,ERR,ERR,ERR,2.718430741444032e+23,2.7184312818759872e+23,0.0,0.0,0.0,1.3936040501711995e+18,7.805,0.0,0,0,4,0,7116,0.0,100,0.0,0.0,0.0,0.0,0.0,0,0,0,0,0.0,0,0,0,0,0,0,0,0,0,0,0,0,0,0,0,0,0,0,0,0,0,0,0,0,0,0,0,0,0,0,0,0,0,31,40,40,71,65476,0,300,0,0,8,21553,0.0,-107605600.0,0.0,0.0,0.0,0.0,0.0,0.0,0.0,0.0,0.0,0.0,0.0,0.0,0.0,0.0,0.0,0.0,0.0,0.0,0.0,0.0,0.0,-2.004,-2.004,0.0,0.0,0.0,0.0,0.0,6155.0,-0.0,6928.0,2.718430741444032e+23,2.7184312818759872e+23,-0.0,2.718430741444032e+23,0.0,0.0,0.0,0.0,69,-0.0,2.7184256974124493e+23,0.0,0.0,0.0,0.0,0.0,0.0,0.0,0,0,0,0.0,0.0,0.0,0.0,0.0,0.0,0.0,0.0,0.0,0.0,0.0,0.0,0.0,0.0,0.0,0.0,0,-107875648.0,69,0.0,138,0.0,-109447200.0,0,13107,17040,26215,17049,13107,17043,0,0,0,70,68,100,2.7302359370752657e+23,71.2,2.7302370179391762e+23,74.2,2.7302370179391762e+23,74.0,1,49,50,180,13107,0,0,0,0.0,0.0,0.0,0.0,-0.0,67.0,0.0,162057.094,0.0,751,0,740,0,0,0,721,0,767,0,736,0,743,0,741,0,712,0,7520,0.032,108984795136.0,0.0,0.0,784,16797,-0.0,162057.094,-114818.039,-0.0,0.133,6.909358625270745e+28,30.0,65.0,35,0.0,0.0,0.0,0.0,0.0,0.0,0.0,0.0,0.0,0.0,0.0,0.0,0.0,0.0,0.0,0.0,69.2,0,150,71,55,65476,0,300,0,1,8,20529,65476,0,0,40632,65.0,0.0,0.0,0.0,0.0,0.0
2026-09-04T20:11:35,ERR,ERR,ERR,ERR,ERR,ERR,ERR,ERR,ERR,ERR,ERR,ERR,ERR,ERR,ERR,ERR,ERR,ERR,ERR,ERR,ERR,ERR,ERR,ERR,ERR,ERR,ERR,ERR,ERR,ERR,ERR,ERR,ERR,ERR,ERR,ERR,ERR,ERR,ERR,ERR,ERR,ERR,ERR,ERR,ERR,ERR,ERR,ERR,ERR,ERR,ERR,ERR,ERR,ERR,ERR,ERR,ERR,ERR,ERR,ERR,ERR,ERR,ERR,ERR,ERR,ERR,ERR,ERR,ERR,ERR,ERR,ERR,ERR,ERR,ERR,ERR,ERR,ERR,ERR,ERR,ERR,ERR,ERR,ERR,ERR,ERR,ERR,ERR,ERR,ERR,ERR,ERR,ERR,ERR,ERR,ERR,ERR,ERR,ERR,ERR,ERR,ERR,ERR,ERR,ERR,ERR,ERR,ERR,ERR,ERR,ERR,ERR,ERR,ERR,ERR,ERR,ERR,ERR,ERR,ERR,ERR,ERR,ERR,ERR,ERR,2.718430741444032e+23,2.7184312818759872e+23,0.0,0.0,0.0,1.3936040501711995e+18,7.805,0.0,0,0,4,0,7116,0.0,100,0.0,0.0,0.0,0.0,0.0,0,0,0,0,0.0,0,0,0,0,0,0,0,0,0,0,0,0,0,0,0,0,0,0,0,0,0,0,0,0,0,0,0,0,0,0,0,0,0,31,40,40,71,65476,0,300,0,0,8,21553,0.0,-107605600.0,0.0,0.0,0.0,0.0,0.0,0.0,0.0,0.0,0.0,0.0,0.0,0.0,0.0,0.0,0.0,0.0,0.0,0.0,0.0,0.0,0.0,-2.004,-2.004,0.0,0.0,0.0,0.0,0.0,6155.0,-0.0,6928.0,2.718430741444032e+23,2.7184312818759872e+23,-0.0,2.718430741444032e+23,0.0,0.0,0.0,0.0,69,-0.0,2.7184256974124493e+23,0.0,0.0,0.0,0.0,0.0,0.0,0.0,0,0,0,0.0,0.0,0.0,0.0,0.0,0.0,0.0,0.0,0.0,0.0,0.0,0.0,0.0,0.0,0.0,0.0,0,-107875648.0,69,0.0,138,0.0,-109447200.0,0,13107,17040,26215,17049,13107,17043,0,0,0,70,68,100,2.7302359370752657e+23,71.2,2.7302370179391762e+23,74.2,2.7302370179391762e+23,74.0,1,49,50,180,13107,0,0,0,0.0,0.0,0.0,0.0,-0.0,67.0,0.0,162057.094,0.0,751,0,740,0,0,0,721,0,767,0,736,0,743,0,741,0,712,0,7520,0.032,108984795136.0,0.0,0.0,784,16797,-0.0,162057.094,-114818.039,-0.0,0.133,6.909358625270745e+28,30.0,65.0,35,0.0,0.0,0.0,0.0,0.0,0.0,0.0,0.0,0.0,0.0,0.0,0.0,0.0,0.0,0.0,0.0,69.2,0,150,71,55,65476,0,300,0,1,8,20529,65476,0,0,40632,65.0,0.0,0.0,0.0,0.0,0.0
2026-09-04T20:11:36,ERR,ERR,ERR,ERR,ERR,ERR,ERR,ERR,ERR,ERR,ERR,ERR,ERR,ERR,ERR,ERR,ERR,ERR,ERR,ERR,ERR,ERR,ERR,ERR,ERR,ERR,ERR,ERR,ERR,ERR,ERR,ERR,ERR,ERR,ERR,ERR,ERR,ERR,ERR,ERR,ERR,ERR,ERR,ERR,ERR,ERR,ERR,ERR,ERR,ERR,ERR,ERR,ERR,ERR,ERR,ERR,ERR,ERR,ERR,ERR,ERR,ERR,ERR,ERR,ERR,ERR,ERR,ERR,ERR,ERR,ERR,ERR,ERR,ERR,ERR,ERR,ERR,ERR,ERR,ERR,ERR,ERR,ERR,ERR,ERR,ERR,ERR,ERR,ERR,ERR,ERR,ERR,ERR,ERR,ERR,ERR,ERR,ERR,ERR,ERR,ERR,ERR,ERR,ERR,ERR,ERR,ERR,ERR,ERR,ERR,ERR,ERR,ERR,ERR,ERR,ERR,ERR,ERR,ERR,ERR,ERR,ERR,ERR,ERR,ERR,2.718430741444032e+23,2.7184312818759872e+23,0.0,0.0,0.0,1.3936040501711995e+18,7.805,0.0,0,0,4,0,7116,0.0,100,0.0,0.0,0.0,0.0,0.0,0,0,0,0,0.0,0,0,0,0,0,0,0,0,0,0,0,0,0,0,0,0,0,0,0,0,0,0,0,0,0,0,0,0,0,0,0,0,0,31,40,40,71,65476,0,300,0,0,8,21553,0.0,-107605600.0,0.0,0.0,0.0,0.0,0.0,0.0,0.0,0.0,0.0,0.0,0.0,0.0,0.0,0.0,0.0,0.0,0.0,0.0,0.0,0.0,0.0,-2.004,-2.004,0.0,0.0,0.0,0.0,0.0,6147.0,-1.5879361533220116e+29,6942.0,2.718430741444032e+23,2.7184312818759872e+23,-0.0,2.718430741444032e+23,0.0,0.0,0.0,0.0,69,-0.0,-4.95041931333647e+32,0.0,0.0,0.0,0.0,0.0,0.0,0.0,0,0,0,0.0,0.0,0.0,0.0,0.0,0.0,0.0,0.0,0.0,0.0,0.0,0.0,0.0,0.0,0.0,0.0,0,-107875648.0,69,0.0,138,0.0,-109447200.0,0,13107,17040,26215,17049,13107,17043,0,0,0,70,68,100,2.7302359370752657e+23,71.2,2.7302370179391762e+23,74.2,2.7302370179391762e+23,74.0,1,49,50,180,13107,0,0,0,0.0,0.0,0.0,0.0,-0.0,67.0,0.0,162057.094,0.0,751,0,740,0,0,0,721,0,767,0,736,0,743,0,741,0,712,0,7520,0.032,108984795136.0,0.0,0.0,784,16797,-0.0,162057.094,-114818.039,-0.0,0.133,6.909358625270745e+28,30.0,65.0,35,0.0,0.0,0.0,0.0,0.0,0.0,0.0,0.0,0.0,0.0,0.0,0.0,0.0,0.0,0.0,0.0,69.2,0,150,71,55,65476,0,300,0,1,8,20529,65476,0,0,40632,65.0,0.0,0.0,0.0,0.0,0.0
2026-09-04T20:11:37,ERR,ERR,ERR,ERR,ERR,ERR,ERR,ERR,ERR,ERR,ERR,ERR,ERR,ERR,ERR,ERR,ERR,ERR,ERR,ERR,ERR,ERR,ERR,ERR,ERR,ERR,ERR,ERR,ERR,ERR,ERR,ERR,ERR,ERR,ERR,ERR,ERR,ERR,ERR,ERR,ERR,ERR,ERR,ERR,ERR,ERR,ERR,ERR,ERR,ERR,ERR,ERR,ERR,ERR,ERR,ERR,ERR,ERR,ERR,ERR,ERR,ERR,ERR,ERR,ERR,ERR,ERR,ERR,ERR,ERR,ERR,ERR,ERR,ERR,ERR,ERR,ERR,ERR,ERR,ERR,ERR,ERR,ERR,ERR,ERR,ERR,ERR,ERR,ERR,ERR,ERR,ERR,ERR,ERR,ERR,ERR,ERR,ERR,ERR,ERR,ERR,ERR,ERR,ERR,ERR,ERR,ERR,ERR,ERR,ERR,ERR,ERR,ERR,ERR,ERR,ERR,ERR,ERR,ERR,ERR,ERR,ERR,ERR,ERR,ERR,2.718430741444032e+23,2.7184312818759872e+23,0.0,0.0,0.0,1.3936040501711995e+18,7.805,0.0,0,0,4,0,7116,0.0,100,0.0,0.0,0.0,0.0,0.0,0,0,0,0,0.0,0,0,0,0,0,0,0,0,0,0,0,0,0,0,0,0,0,0,0,0,0,0,0,0,0,0,0,0,0,0,0,0,0,31,40,40,71,65476,0,300,0,0,8,21553,0.0,-107605600.0,0.0,0.0,0.0,0.0,0.0,0.0,0.0,0.0,0.0,0.0,0.0,0.0,0.0,0.0,0.0,0.0,0.0,0.0,0.0,0.0,0.0,-2.004,-2.004,0.0,0.0,0.0,0.0,0.0,6147.0,-1.5879361533220116e+29,6942.0,2.718430741444032e+23,2.7184312818759872e+23,-0.0,2.718430741444032e+23,0.0,0.0,0.0,0.0,69,-0.0,-4.95041931333647e+32,0.0,0.0,0.0,0.0,0.0,0.0,0.0,0,0,0,0.0,0.0,0.0,0.0,0.0,0.0,0.0,0.0,0.0,0.0,0.0,0.0,0.0,0.0,0.0,0.0,0,-107875648.0,69,0.0,138,0.0,-109447200.0,0,13107,17040,26215,17049,13107,17043,0,0,0,70,68,100,2.7302359370752657e+23,71.2,2.7302370179391762e+23,74.2,2.7302370179391762e+23,74.0,1,49,50,180,13107,0,0,0,0.0,0.0,0.0,0.0,-0.0,67.0,0.0,162057.094,0.0,751,0,740,0,0,0,721,0,767,0,736,0,743,0,741,0,712,0,7520,0.032,108984795136.0,0.0,0.0,784,16797,-0.0,162057.094,-114818.039,-0.0,0.133,6.909358625270745e+28,30.0,65.0,35,0.0,0.0,0.0,0.0,0.0,0.0,0.0,0.0,0.0,0.0,0.0,0.0,0.0,0.0,0.0,0.0,69.2,0,150,71,55,65476,0,300,0,1,8,20529,65476,0,0,40632,65.0,0.0,0.0,0.0,0.0,0.0
2026-09-04T20:11:38,ERR,ERR,ERR,ERR,ERR,ERR,ERR,ERR,ERR,ERR,ERR,ERR,ERR,ERR,ERR,ERR,ERR,ERR,ERR,ERR,ERR,ERR,ERR,ERR,ERR,ERR,ERR,ERR,ERR,ERR,ERR,ERR,ERR,ERR,ERR,ERR,ERR,ERR,ERR,ERR,ERR,ERR,ERR,ERR,ERR,ERR,ERR,ERR,ERR,ERR,ERR,ERR,ERR,ERR,ERR,ERR,ERR,ERR,ERR,ERR,ERR,ERR,ERR,ERR,ERR,ERR,ERR,ERR,ERR,ERR,ERR,ERR,ERR,ERR,ERR,ERR,ERR,ERR,ERR,ERR,ERR,ERR,ERR,ERR,ERR,ERR,ERR,ERR,ERR,ERR,ERR,ERR,ERR,ERR,ERR,ERR,ERR,ERR,ERR,ERR,ERR,ERR,ERR,ERR,ERR,ERR,ERR,ERR,ERR,ERR,ERR,ERR,ERR,ERR,ERR,ERR,ERR,ERR,ERR,ERR,ERR,ERR,ERR,ERR,ERR,2.718430741444032e+23,2.7184312818759872e+23,0.0,0.0,0.0,1.3936040501711995e+18,7.805,0.0,0,0,4,0,7116,0.0,100,0.0,0.0,0.0,0.0,0.0,0,0,0,0,0.0,0,0,0,0,0,0,0,0,0,0,0,0,0,0,0,0,0,0,0,0,0,0,0,0,0,0,0,0,0,0,0,0,0,31,40,40,71,65476,0,300,0,0,8,21553,0.0,-107605600.0,0.0,0.0,0.0,0.0,0.0,0.0,0.0,0.0,0.0,0.0,0.0,0.0,0.0,0.0,0.0,0.0,0.0,0.0,0.0,0.0,0.0,-2.004,-2.004,0.0,0.0,0.0,0.0,0.0,6147.0,-1.5879361533220116e+29,6942.0,2.718430741444032e+23,2.7184312818759872e+23,-0.0,2.718430741444032e+23,0.0,0.0,0.0,0.0,69,-0.0,-4.95041931333647e+32,0.0,0.0,0.0,0.0,0.0,0.0,0.0,0,0,0,0.0,0.0,0.0,0.0,0.0,0.0,0.0,0.0,0.0,0.0,0.0,0.0,0.0,0.0,0.0,0.0,0,-107875648.0,69,0.0,138,0.0,-109447200.0,0,13107,17040,26215,17049,13107,17043,0,0,0,70,68,100,2.7302359370752657e+23,71.2,2.7302370179391762e+23,74.2,2.7302370179391762e+23,74.0,1,49,50,180,13107,0,0,0,0.0,0.0,0.0,0.0,-0.0,67.0,0.0,162057.094,0.0,751,0,740,0,0,0,721,0,767,0,736,0,743,0,741,0,712,0,7520,0.032,108984795136.0,0.0,0.0,784,16797,-0.0,162057.094,-114818.039,-0.0,0.133,6.909358625270745e+28,30.0,65.0,35,0.0,0.0,0.0,0.0,0.0,0.0,0.0,0.0,0.0,0.0,0.0,0.0,0.0,0.0,0.0,0.0,69.2,0,150,71,55,65476,0,300,0,1,8,20529,65476,0,0,40632,65.0,0.0,0.0,0.0,0.0,0.0
2026-09-04T20:11:39,ERR,ERR,ERR,ERR,ERR,ERR,ERR,ERR,ERR,ERR,ERR,ERR,ERR,ERR,ERR,ERR,ERR,ERR,ERR,ERR,ERR,ERR,ERR,ERR,ERR,ERR,ERR,ERR,ERR,ERR,ERR,ERR,ERR,ERR,ERR,ERR,ERR,ERR,ERR,ERR,ERR,ERR,ERR,ERR,ERR,ERR,ERR,ERR,ERR,ERR,ERR,ERR,ERR,ERR,ERR,ERR,ERR,ERR,ERR,ERR,ERR,ERR,ERR,ERR,ERR,ERR,ERR,ERR,ERR,ERR,ERR,ERR,ERR,ERR,ERR,ERR,ERR,ERR,ERR,ERR,ERR,ERR,ERR,ERR,ERR,ERR,ERR,ERR,ERR,ERR,ERR,ERR,ERR,ERR,ERR,ERR,ERR,ERR,ERR,ERR,ERR,ERR,ERR,ERR,ERR,ERR,ERR,ERR,ERR,ERR,ERR,ERR,ERR,ERR,ERR,ERR,ERR,ERR,ERR,ERR,ERR,ERR,ERR,ERR,ERR,2.718430741444032e+23,2.7184312818759872e+23,0.0,0.0,0.0,1.3936040501711995e+18,7.805,0.0,0,0,4,0,7116,0.0,100,0.0,0.0,0.0,0.0,0.0,0,0,0,0,0.0,0,0,0,0,0,0,0,0,0,0,0,0,0,0,0,0,0,0,0,0,0,0,0,0,0,0,0,0,0,0,0,0,0,31,40,40,71,65476,0,300,0,0,8,21553,0.0,-107605600.0,0.0,0.0,0.0,0.0,0.0,0.0,0.0,0.0,0.0,0.0,0.0,0.0,0.0,0.0,0.0,0.0,0.0,0.0,0.0,0.0,0.0,-2.004,-2.004,0.0,0.0,0.0,0.0,0.0,6147.0,-1.5879361533220116e+29,6942.0,2.718430741444032e+23,2.7184312818759872e+23,-0.0,2.718430741444032e+23,0.0,0.0,0.0,0.0,69,-0.0,-4.95041931333647e+32,0.0,0.0,0.0,0.0,0.0,0.0,0.0,0,0,0,0.0,0.0,0.0,0.0,0.0,0.0,0.0,0.0,0.0,0.0,0.0,0.0,0.0,0.0,0.0,0.0,0,-107875648.0,69,0.0,138,0.0,-109447200.0,0,13107,17040,39322,17049,13107,17043,0,0,0,70,68,100,2.7302359370752657e+23,71.2,2.7302370179391762e+23,74.3,-0.0,74.0,1,49,50,180,13107,52429,0,0,0.0,0.0,0.0,0.0,-0.0,67.0,0.0,162057.094,0.0,751,0,739,0,0,0,721,0,767,0,736,0,742,0,742,0,712,0,7520,0.032,108447924224.0,0.0,0.0,784,16797,-0.0,162057.094,-114818.039,-0.0,0.133,6.909358625270745e+28,30.0,65.0,35,0.0,0.0,0.0,0.0,0.0,0.0,0.0,0.0,0.0,0.0,0.0,0.0,0.0,0.0,0.0,0.0,69.2,0,150,71,55,65476,0,300,0,1,8,20529,65476,0,0,40632,65.0,0.0,0.0,0.0,0.0,0.0
2026-09-04T20:11:40,ERR,ERR,ERR,ERR,ERR,ERR,ERR,ERR,ERR,ERR,ERR,ERR,ERR,ERR,ERR,ERR,ERR,ERR,ERR,ERR,ERR,ERR,ERR,ERR,ERR,ERR,ERR,ERR,ERR,ERR,ERR,ERR,ERR,ERR,ERR,ERR,ERR,ERR,ERR,ERR,ERR,ERR,ERR,ERR,ERR,ERR,ERR,ERR,ERR,ERR,ERR,ERR,ERR,ERR,ERR,ERR,ERR,ERR,ERR,ERR,ERR,ERR,ERR,ERR,ERR,ERR,ERR,ERR,ERR,ERR,ERR,ERR,ERR,ERR,ERR,ERR,ERR,ERR,ERR,ERR,ERR,ERR,ERR,ERR,ERR,ERR,ERR,ERR,ERR,ERR,ERR,ERR,ERR,ERR,ERR,ERR,ERR,ERR,ERR,ERR,ERR,ERR,ERR,ERR,ERR,ERR,ERR,ERR,ERR,ERR,ERR,ERR,ERR,ERR,ERR,ERR,ERR,ERR,ERR,ERR,ERR,ERR,ERR,ERR,ERR,2.718430741444032e+23,2.7184312818759872e+23,0.0,0.0,0.0,1.3936040501711995e+18,7.805,0.0,0,0,4,0,7116,0.0,100,0.0,0.0,0.0,0.0,0.0,0,0,0,0,0.0,0,0,0,0,0,0,0,0,0,0,0,0,0,0,0,0,0,0,0,0,0,0,0,0,0,0,0,0,0,0,0,0,0,31,40,40,71,65476,0,300,0,0,8,21553,0.0,-107605600.0,0.0,0.0,0.0,0.0,0.0,0.0,0.0,0.0,0.0,0.0,0.0,0.0,0.0,0.0,0.0,0.0,0.0,0.0,0.0,0.0,0.0,-2.004,-2.004,0.0,0.0,0.0,0.0,0.0,6147.0,-1.5879361533220116e+29,6942.0,2.718430741444032e+23,2.7184312818759872e+23,-0.0,2.718430741444032e+23,0.0,0.0,0.0,0.0,69,-0.0,-4.95041931333647e+32,0.0,0.0,0.0,0.0,0.0,0.0,0.0,0,0,0,0.0,0.0,0.0,0.0,0.0,0.0,0.0,0.0,0.0,0.0,0.0,0.0,0.0,0.0,0.0,0.0,0,-107875648.0,69,0.0,138,0.0,-109447200.0,0,13107,17040,39322,17049,13107,17043,0,0,0,70,68,100,2.7302359370752657e+23,71.2,2.7302370179391762e+23,74.3,-0.0,74.0,1,49,50,180,13107,52429,0,0,0.0,0.0,0.0,0.0,-0.0,67.0,0.0,162057.094,0.0,751,0,739,0,0,0,721,0,767,0,736,0,742,0,742,0,712,0,7520,0.032,108447924224.0,0.0,0.0,784,16797,-0.0,162057.094,-114818.039,-0.0,0.133,6.909358625270745e+28,30.0,65.0,35,0.0,0.0,0.0,0.0,0.0,0.0,0.0,0.0,0.0,0.0,0.0,0.0,0.0,0.0,0.0,0.0,69.2,0,150,71,55,65476,0,300,0,1,8,20529,65476,0,0,40632,65.0,0.0,0.0,0.0,0.0,0.0
2026-09-04T20:11:41,ERR,ERR,ERR,ERR,ERR,ERR,ERR,ERR,ERR,ERR,ERR,ERR,ERR,ERR,ERR,ERR,ERR,ERR,ERR,ERR,ERR,ERR,ERR,ERR,ERR,ERR,ERR,ERR,ERR,ERR,ERR,ERR,ERR,ERR,ERR,ERR,ERR,ERR,ERR,ERR,ERR,ERR,ERR,ERR,ERR,ERR,ERR,ERR,ERR,ERR,ERR,ERR,ERR,ERR,ERR,ERR,ERR,ERR,ERR,ERR,ERR,ERR,ERR,ERR,ERR,ERR,ERR,ERR,ERR,ERR,ERR,ERR,ERR,ERR,ERR,ERR,ERR,ERR,ERR,ERR,ERR,ERR,ERR,ERR,ERR,ERR,ERR,ERR,ERR,ERR,ERR,ERR,ERR,ERR,ERR,ERR,ERR,ERR,ERR,ERR,ERR,ERR,ERR,ERR,ERR,ERR,ERR,ERR,ERR,ERR,ERR,ERR,ERR,ERR,ERR,ERR,ERR,ERR,ERR,ERR,ERR,ERR,ERR,ERR,ERR,2.718430741444032e+23,2.7184312818759872e+23,0.0,0.0,0.0,1.3936040501711995e+18,7.805,0.0,0,0,4,0,7116,0.0,100,0.0,0.0,0.0,0.0,0.0,0,0,0,0,0.0,0,0,0,0,0,0,0,0,0,0,0,0,0,0,0,0,0,0,0,0,0,0,0,0,0,0,0,0,0,0,0,0,0,31,40,40,71,65476,0,300,0,0,8,21553,0.0,-107605600.0,0.0,0.0,0.0,0.0,0.0,0.0,0.0,0.0,0.0,0.0,0.0,0.0,0.0,0.0,0.0,0.0,0.0,0.0,0.0,0.0,0.0,-2.004,-2.004,0.0,0.0,0.0,0.0,0.0,6147.0,-1.5879361533220116e+29,6942.0,2.718430741444032e+23,2.7184312818759872e+23,-0.0,2.718430741444032e+23,0.0,0.0,0.0,0.0,69,-0.0,-4.95041931333647e+32,0.0,0.0,0.0,0.0,0.0,0.0,0.0,0,0,0,0.0,0.0,0.0,0.0,0.0,0.0,0.0,0.0,0.0,0.0,0.0,0.0,0.0,0.0,0.0,0.0,0,-107875648.0,69,0.0,138,0.0,-109447200.0,0,13107,17040,39322,17049,13107,17043,0,0,0,70,68,100,2.7302359370752657e+23,71.2,2.7302370179391762e+23,74.3,-0.0,74.0,1,49,50,180,13107,52429,0,0,0.0,0.0,0.0,0.0,-0.0,67.0,0.0,162057.094,0.0,751,0,739,0,0,0,721,0,767,0,736,0,742,0,742,0,712,0,7520,0.032,108447924224.0,0.0,0.0,784,16797,-0.0,162057.094,-114818.039,-0.0,0.133,6.909358625270745e+28,30.0,65.0,35,0.0,0.0,0.0,0.0,0.0,0.0,0.0,0.0,0.0,0.0,0.0,0.0,0.0,0.0,0.0,0.0,69.2,0,150,71,55,65476,0,300,0,1,8,20529,65476,0,0,40632,65.0,0.0,0.0,0.0,0.0,0.0
2026-09-04T20:11:42,ERR,ERR,ERR,ERR,ERR,ERR,ERR,ERR,ERR,ERR,ERR,ERR,ERR,ERR,ERR,ERR,ERR,ERR,ERR,ERR,ERR,ERR,ERR,ERR,ERR,ERR,ERR,ERR,ERR,ERR,ERR,ERR,ERR,ERR,ERR,ERR,ERR,ERR,ERR,ERR,ERR,ERR,ERR,ERR,ERR,ERR,ERR,ERR,ERR,ERR,ERR,ERR,ERR,ERR,ERR,ERR,ERR,ERR,ERR,ERR,ERR,ERR,ERR,ERR,ERR,ERR,ERR,ERR,ERR,ERR,ERR,ERR,ERR,ERR,ERR,ERR,ERR,ERR,ERR,ERR,ERR,ERR,ERR,ERR,ERR,ERR,ERR,ERR,ERR,ERR,ERR,ERR,ERR,ERR,ERR,ERR,ERR,ERR,ERR,ERR,ERR,ERR,ERR,ERR,ERR,ERR,ERR,ERR,ERR,ERR,ERR,ERR,ERR,ERR,ERR,ERR,ERR,ERR,ERR,ERR,ERR,ERR,ERR,ERR,ERR,2.718430741444032e+23,2.7184312818759872e+23,0.0,0.0,0.0,1.3936040501711995e+18,7.805,0.0,0,0,4,0,7116,0.0,100,0.0,0.0,0.0,0.0,0.0,0,0,0,0,0.0,0,0,0,0,0,0,0,0,0,0,0,0,0,0,0,0,0,0,0,0,0,0,0,0,0,0,0,0,0,0,0,0,0,31,40,40,71,65476,0,300,0,0,8,21553,0.0,-107605600.0,0.0,0.0,0.0,0.0,0.0,0.0,0.0,0.0,0.0,0.0,0.0,0.0,0.0,0.0,0.0,0.0,0.0,0.0,0.0,0.0,0.0,-2.004,-2.004,0.0,0.0,0.0,0.0,0.0,6147.0,-1.5879361533220116e+29,6942.0,2.718430741444032e+23,2.7184312818759872e+23,-0.0,2.718430741444032e+23,0.0,0.0,0.0,0.0,69,-0.0,-4.95041931333647e+32,0.0,0.0,0.0,0.0,0.0,0.0,0.0,0,0,0,0.0,0.0,0.0,0.0,0.0,0.0,0.0,0.0,0.0,0.0,0.0,0.0,0.0,0.0,0.0,0.0,0,-107875648.0,69,0.0,138,0.0,-109447200.0,0,13107,17040,39322,17049,13107,17043,0,0,0,70,68,100,2.7302359370752657e+23,71.2,2.7302370179391762e+23,74.3,-0.0,74.0,1,49,50,180,13107,52429,0,0,0.0,0.0,0.0,0.0,-0.0,67.0,0.0,162057.094,0.0,751,0,739,0,0,0,721,0,767,0,736,0,742,0,742,0,712,0,7520,0.032,108447924224.0,0.0,0.0,784,16797,-0.0,162057.094,-114818.039,-0.0,0.133,6.909358625270745e+28,30.0,65.0,35,0.0,0.0,0.0,0.0,0.0,0.0,0.0,0.0,0.0,0.0,0.0,0.0,0.0,0.0,0.0,0.0,69.6,0,150,71,55,65476,0,300,0,1,8,20529,65476,0,0,40632,65.0,0.0,0.0,0.0,0.0,0.0
2026-09-04T20:11:43,ERR,ERR,ERR,ERR,ERR,ERR,ERR,ERR,ERR,ERR,ERR,ERR,ERR,ERR,ERR,ERR,ERR,ERR,ERR,ERR,ERR,ERR,ERR,ERR,ERR,ERR,ERR,ERR,ERR,ERR,ERR,ERR,ERR,ERR,ERR,ERR,ERR,ERR,ERR,ERR,ERR,ERR,ERR,ERR,ERR,ERR,ERR,ERR,ERR,ERR,ERR,ERR,ERR,ERR,ERR,ERR,ERR,ERR,ERR,ERR,ERR,ERR,ERR,ERR,ERR,ERR,ERR,ERR,ERR,ERR,ERR,ERR,ERR,ERR,ERR,ERR,ERR,ERR,ERR,ERR,ERR,ERR,ERR,ERR,ERR,ERR,ERR,ERR,ERR,ERR,ERR,ERR,ERR,ERR,ERR,ERR,ERR,ERR,ERR,ERR,ERR,ERR,ERR,ERR,ERR,ERR,ERR,ERR,ERR,ERR,ERR,ERR,ERR,ERR,ERR,ERR,ERR,ERR,ERR,ERR,ERR,ERR,ERR,ERR,ERR,2.718430741444032e+23,2.7184312818759872e+23,0.0,0.0,0.0,1.3936040501711995e+18,7.805,0.0,0,0,4,0,7116,0.0,100,0.0,0.0,0.0,0.0,0.0,0,0,0,0,0.0,0,0,0,0,0,0,0,0,0,0,0,0,0,0,0,0,0,0,0,0,0,0,0,0,0,0,0,0,0,0,0,0,0,31,40,40,71,65476,0,300,0,0,8,21553,0.0,-107605600.0,0.0,0.0,0.0,0.0,0.0,0.0,0.0,0.0,0.0,0.0,0.0,0.0,0.0,0.0,0.0,0.0,0.0,0.0,0.0,0.0,0.0,-2.004,-2.004,0.0,0.0,0.0,0.0,0.0,6147.0,-1.5879361533220116e+29,6942.0,2.718430741444032e+23,2.7184312818759872e+23,-0.0,2.718430741444032e+23,0.0,0.0,0.0,0.0,69,-0.0,-4.95041931333647e+32,0.0,0.0,0.0,0.0,0.0,0.0,0.0,0,0,0,0.0,0.0,0.0,0.0,0.0,0.0,0.0,0.0,0.0,0.0,0.0,0.0,0.0,0.0,0.0,0.0,0,-107875648.0,69,0.0,138,0.0,-109447200.0,0,13107,17040,39322,17049,13107,17043,0,0,0,70,68,100,2.7302359370752657e+23,71.2,2.7302370179391762e+23,74.3,-0.0,74.0,1,49,50,180,13107,52429,0,0,0.0,0.0,0.0,0.0,-0.0,67.0,0.0,162057.094,0.0,751,0,739,0,0,0,721,0,767,0,736,0,742,0,742,0,712,0,7520,0.032,108447924224.0,0.0,0.0,784,16797,-0.0,162057.094,-114818.039,-0.0,0.133,6.909358625270745e+28,30.0,65.0,35,0.0,0.0,0.0,0.0,0.0,0.0,0.0,0.0,0.0,0.0,0.0,0.0,0.0,0.0,0.0,0.0,69.6,0,150,71,55,65476,0,300,0,1,8,20529,65476,0,0,40632,65.0,0.0,0.0,0.0,0.0,0.0
2026-09-04T20:11:44,ERR,ERR,ERR,ERR,ERR,ERR,ERR,ERR,ERR,ERR,ERR,ERR,ERR,ERR,ERR,ERR,ERR,ERR,ERR,ERR,ERR,ERR,ERR,ERR,ERR,ERR,ERR,ERR,ERR,ERR,ERR,ERR,ERR,ERR,ERR,ERR,ERR,ERR,ERR,ERR,ERR,ERR,ERR,ERR,ERR,ERR,ERR,ERR,ERR,ERR,ERR,ERR,ERR,ERR,ERR,ERR,ERR,ERR,ERR,ERR,ERR,ERR,ERR,ERR,ERR,ERR,ERR,ERR,ERR,ERR,ERR,ERR,ERR,ERR,ERR,ERR,ERR,ERR,ERR,ERR,ERR,ERR,ERR,ERR,ERR,ERR,ERR,ERR,ERR,ERR,ERR,ERR,ERR,ERR,ERR,ERR,ERR,ERR,ERR,ERR,ERR,ERR,ERR,ERR,ERR,ERR,ERR,ERR,ERR,ERR,ERR,ERR,ERR,ERR,ERR,ERR,ERR,ERR,ERR,ERR,ERR,ERR,ERR,ERR,ERR,2.718430741444032e+23,2.7184312818759872e+23,0.0,0.0,0.0,1.3936040501711995e+18,7.805,0.0,0,0,4,0,7116,0.0,100,0.0,0.0,0.0,0.0,0.0,0,0,0,0,0.0,0,0,0,0,0,0,0,0,0,0,0,0,0,0,0,0,0,0,0,0,0,0,0,0,0,0,0,0,0,0,0,0,0,31,40,40,71,65476,0,300,0,0,8,21553,0.0,-107605600.0,0.0,0.0,0.0,0.0,0.0,0.0,0.0,0.0,0.0,0.0,0.0,0.0,0.0,0.0,0.0,0.0,0.0,0.0,0.0,0.0,0.0,-2.004,-2.004,0.0,0.0,0.0,0.0,0.0,6187.0,-131351.016,6937.0,2.718430741444032e+23,2.7184312818759872e+23,-0.0,2.718430741444032e+23,0.0,0.0,0.0,0.0,69,-0.0,0.0,0.0,0.0,0.0,0.0,0.0,0.0,0.0,0,0,0,0.0,0.0,0.0,0.0,0.0,0.0,0.0,0.0,0.0,0.0,0.0,0.0,0.0,0.0,0.0,0.0,0,-107875648.0,69,0.0,138,0.0,-109447200.0,0,13107,17040,26215,17049,13107,17043,0,0,0,70,68,100,2.7302359370752657e+23,71.2,2.7302370179391762e+23,74.3,-0.0,74.0,1,49,50,180,13107,52429,0,0,0.0,0.0,0.0,0.0,-0.0,67.0,0.0,162057.094,0.0,751,0,740,0,0,0,721,0,767,0,736,0,742,0,742,0,712,0,7520,0.032,108447924224.0,0.0,0.0,784,16797,-0.0,162057.094,-114818.039,-0.0,0.133,6.909358625270745e+28,30.0,65.0,35,0.0,0.0,0.0,0.0,0.0,0.0,0.0,0.0,0.0,0.0,0.0,0.0,0.0,0.0,0.0,0.0,69.6,0,150,71,55,65476,0,300,0,1,8,20529,65476,0,0,40632,65.0,0.0,0.0,0.0,0.0,0.0
2026-09-04T20:11:45,ERR,ERR,ERR,ERR,ERR,ERR,ERR,ERR,ERR,ERR,ERR,ERR,ERR,ERR,ERR,ERR,ERR,ERR,ERR,ERR,ERR,ERR,ERR,ERR,ERR,ERR,ERR,ERR,ERR,ERR,ERR,ERR,ERR,ERR,ERR,ERR,ERR,ERR,ERR,ERR,ERR,ERR,ERR,ERR,ERR,ERR,ERR,ERR,ERR,ERR,ERR,ERR,ERR,ERR,ERR,ERR,ERR,ERR,ERR,ERR,ERR,ERR,ERR,ERR,ERR,ERR,ERR,ERR,ERR,ERR,ERR,ERR,ERR,ERR,ERR,ERR,ERR,ERR,ERR,ERR,ERR,ERR,ERR,ERR,ERR,ERR,ERR,ERR,ERR,ERR,ERR,ERR,ERR,ERR,ERR,ERR,ERR,ERR,ERR,ERR,ERR,ERR,ERR,ERR,ERR,ERR,ERR,ERR,ERR,ERR,ERR,ERR,ERR,ERR,ERR,ERR,ERR,ERR,ERR,ERR,ERR,ERR,ERR,ERR,ERR,2.718430741444032e+23,2.7184312818759872e+23,0.0,0.0,0.0,1.3936040501711995e+18,7.805,0.0,0,0,4,0,7116,0.0,100,0.0,0.0,0.0,0.0,0.0,0,0,0,0,0.0,0,0,0,0,0,0,0,0,0,0,0,0,0,0,0,0,0,0,0,0,0,0,0,0,0,0,0,0,0,0,0,0,0,31,40,40,71,65476,0,300,0,0,8,21553,0.0,-107605600.0,0.0,0.0,0.0,0.0,0.0,0.0,0.0,0.0,0.0,0.0,0.0,0.0,0.0,0.0,0.0,0.0,0.0,0.0,0.0,0.0,0.0,-2.004,-2.004,0.0,0.0,0.0,0.0,0.0,6187.0,-131351.016,6937.0,2.718430741444032e+23,2.7184312818759872e+23,-0.0,2.718430741444032e+23,0.0,0.0,0.0,0.0,69,-0.0,0.0,0.0,0.0,0.0,0.0,0.0,0.0,0.0,0,0,0,0.0,0.0,0.0,0.0,0.0,0.0,0.0,0.0,0.0,0.0,0.0,0.0,0.0,0.0,0.0,0.0,0,-107875648.0,69,0.0,138,0.0,-109447200.0,0,13107,17040,26215,17049,13107,17043,0,0,0,70,68,100,2.7302359370752657e+23,71.2,2.7302370179391762e+23,74.3,-0.0,74.0,1,49,50,180,13107,52429,0,0,0.0,0.0,0.0,0.0,-0.0,67.0,0.0,162057.094,0.0,751,0,740,0,0,0,721,0,767,0,736,0,742,0,742,0,712,0,7520,0.032,108447924224.0,0.0,0.0,784,16797,-0.0,162057.094,-114818.039,-0.0,0.133,6.909358625270745e+28,30.0,65.0,35,0.0,0.0,0.0,0.0,0.0,0.0,0.0,0.0,0.0,0.0,0.0,0.0,0.0,0.0,0.0,0.0,69.6,0,150,71,55,65476,0,300,0,1,8,20529,65476,0,0,40632,65.0,0.0,0.0,0.0,0.0,0.0
2026-09-04T20:11:46,ERR,ERR,ERR,ERR,ERR,ERR,ERR,ERR,ERR,ERR,ERR,ERR,ERR,ERR,ERR,ERR,ERR,ERR,ERR,ERR,ERR,ERR,ERR,ERR,ERR,ERR,ERR,ERR,ERR,ERR,ERR,ERR,ERR,ERR,ERR,ERR,ERR,ERR,ERR,ERR,ERR,ERR,ERR,ERR,ERR,ERR,ERR,ERR,ERR,ERR,ERR,ERR,ERR,ERR,ERR,ERR,ERR,ERR,ERR,ERR,ERR,ERR,ERR,ERR,ERR,ERR,ERR,ERR,ERR,ERR,ERR,ERR,ERR,ERR,ERR,ERR,ERR,ERR,ERR,ERR,ERR,ERR,ERR,ERR,ERR,ERR,ERR,ERR,ERR,ERR,ERR,ERR,ERR,ERR,ERR,ERR,ERR,ERR,ERR,ERR,ERR,ERR,ERR,ERR,ERR,ERR,ERR,ERR,ERR,ERR,ERR,ERR,ERR,ERR,ERR,ERR,ERR,ERR,ERR,ERR,ERR,ERR,ERR,ERR,ERR,2.718430741444032e+23,2.7184312818759872e+23,0.0,0.0,0.0,1.3936040501711995e+18,7.805,0.0,0,0,4,0,7116,0.0,100,0.0,0.0,0.0,0.0,0.0,0,0,0,0,0.0,0,0,0,0,0,0,0,0,0,0,0,0,0,0,0,0,0,0,0,0,0,0,0,0,0,0,0,0,0,0,0,0,0,31,40,40,71,65476,0,300,0,0,8,21553,0.0,-107605600.0,0.0,0.0,0.0,0.0,0.0,0.0,0.0,0.0,0.0,0.0,0.0,0.0,0.0,0.0,0.0,0.0,0.0,0.0,0.0,0.0,0.0,-2.004,-2.004,0.0,0.0,0.0,0.0,0.0,6187.0,-131351.016,6937.0,2.718430741444032e+23,2.7184312818759872e+23,-0.0,2.718430741444032e+23,0.0,0.0,0.0,0.0,69,-0.0,0.0,0.0,0.0,0.0,0.0,0.0,0.0,0.0,0,0,0,0.0,0.0,0.0,0.0,0.0,0.0,0.0,0.0,0.0,0.0,0.0,0.0,0.0,0.0,0.0,0.0,0,-107875648.0,69,0.0,138,0.0,-109447200.0,0,13107,17040,26215,17049,13107,17043,0,0,0,70,68,100,2.7302359370752657e+23,71.2,2.7302370179391762e+23,74.3,-0.0,74.0,1,49,50,180,13107,52429,0,0,0.0,0.0,0.0,0.0,-0.0,67.0,0.0,162057.094,0.0,751,0,740,0,0,0,721,0,767,0,736,0,742,0,742,0,712,0,7520,0.032,108447924224.0,0.0,0.0,784,16797,-0.0,162057.094,-114818.039,-0.0,0.133,6.909358625270745e+28,30.0,65.0,35,0.0,0.0,0.0,0.0,0.0,0.0,0.0,0.0,0.0,0.0,0.0,0.0,0.0,0.0,0.0,0.0,69.6,0,150,71,55,65476,0,300,0,1,8,20529,65476,0,0,40632,65.0,0.0,0.0,0.0,0.0,0.0
2026-09-04T20:11:47,ERR,ERR,ERR,ERR,ERR,ERR,ERR,ERR,ERR,ERR,ERR,ERR,ERR,ERR,ERR,ERR,ERR,ERR,ERR,ERR,ERR,ERR,ERR,ERR,ERR,ERR,ERR,ERR,ERR,ERR,ERR,ERR,ERR,ERR,ERR,ERR,ERR,ERR,ERR,ERR,ERR,ERR,ERR,ERR,ERR,ERR,ERR,ERR,ERR,ERR,ERR,ERR,ERR,ERR,ERR,ERR,ERR,ERR,ERR,ERR,ERR,ERR,ERR,ERR,ERR,ERR,ERR,ERR,ERR,ERR,ERR,ERR,ERR,ERR,ERR,ERR,ERR,ERR,ERR,ERR,ERR,ERR,ERR,ERR,ERR,ERR,ERR,ERR,ERR,ERR,ERR,ERR,ERR,ERR,ERR,ERR,ERR,ERR,ERR,ERR,ERR,ERR,ERR,ERR,ERR,ERR,ERR,ERR,ERR,ERR,ERR,ERR,ERR,ERR,ERR,ERR,ERR,ERR,ERR,ERR,ERR,ERR,ERR,ERR,ERR,2.718430741444032e+23,2.7184312818759872e+23,0.0,0.0,0.0,1.3936040501711995e+18,7.805,0.0,0,0,4,0,7116,0.0,100,0.0,0.0,0.0,0.0,0.0,0,0,0,0,0.0,0,0,0,0,0,0,0,0,0,0,0,0,0,0,0,0,0,0,0,0,0,0,0,0,0,0,0,0,0,0,0,0,0,31,40,40,71,65476,0,300,0,0,8,21553,0.0,-107605600.0,0.0,0.0,0.0,0.0,0.0,0.0,0.0,0.0,0.0,0.0,0.0,0.0,0.0,0.0,0.0,0.0,0.0,0.0,0.0,0.0,0.0,-2.004,-2.004,0.0,0.0,0.0,0.0,0.0,6187.0,-131351.016,6937.0,2.718430741444032e+23,2.7184312818759872e+23,-0.0,2.718430741444032e+23,0.0,0.0,0.0,0.0,69,-0.0,0.0,0.0,0.0,0.0,0.0,0.0,0.0,0.0,0,0,0,0.0,0.0,0.0,0.0,0.0,0.0,0.0,0.0,0.0,0.0,0.0,0.0,0.0,0.0,0.0,0.0,0,-107875648.0,69,0.0,138,0.0,-109447200.0,0,13107,17040,26215,17049,13107,17043,0,0,0,70,68,100,2.7302359370752657e+23,71.2,2.7302370179391762e+23,74.3,-0.0,74.0,1,49,50,180,13107,52429,0,0,0.0,0.0,0.0,0.0,-0.0,67.0,0.0,162057.094,0.0,751,0,740,0,0,0,721,0,767,0,736,0,742,0,742,0,712,0,7520,0.032,108447924224.0,0.0,0.0,784,16797,-0.0,162057.094,-114818.039,-0.0,0.133,6.909358625270745e+28,30.0,65.0,35,0.0,0.0,0.0,0.0,0.0,0.0,0.0,0.0,0.0,0.0,0.0,0.0,0.0,0.0,0.0,0.0,69.2,0,150,71,55,65476,0,300,0,1,8,20529,65476,0,0,40632,65.0,0.0,0.0,0.0,0.0,0.0
2026-09-04T20:11:48,ERR,ERR,ERR,ERR,ERR,ERR,ERR,ERR,ERR,ERR,ERR,ERR,ERR,ERR,ERR,ERR,ERR,ERR,ERR,ERR,ERR,ERR,ERR,ERR,ERR,ERR,ERR,ERR,ERR,ERR,ERR,ERR,ERR,ERR,ERR,ERR,ERR,ERR,ERR,ERR,ERR,ERR,ERR,ERR,ERR,ERR,ERR,ERR,ERR,ERR,ERR,ERR,ERR,ERR,ERR,ERR,ERR,ERR,ERR,ERR,ERR,ERR,ERR,ERR,ERR,ERR,ERR,ERR,ERR,ERR,ERR,ERR,ERR,ERR,ERR,ERR,ERR,ERR,ERR,ERR,ERR,ERR,ERR,ERR,ERR,ERR,ERR,ERR,ERR,ERR,ERR,ERR,ERR,ERR,ERR,ERR,ERR,ERR,ERR,ERR,ERR,ERR,ERR,ERR,ERR,ERR,ERR,ERR,ERR,ERR,ERR,ERR,ERR,ERR,ERR,ERR,ERR,ERR,ERR,ERR,ERR,ERR,ERR,ERR,ERR,2.718430741444032e+23,2.7184312818759872e+23,0.0,0.0,0.0,1.3936040501711995e+18,7.805,0.0,0,0,4,0,7116,0.0,100,0.0,0.0,0.0,0.0,0.0,0,0,0,0,0.0,0,0,0,0,0,0,0,0,0,0,0,0,0,0,0,0,0,0,0,0,0,0,0,0,0,0,0,0,0,0,0,0,0,31,40,40,71,65476,0,300,0,0,8,21553,0.0,-107605600.0,0.0,0.0,0.0,0.0,0.0,0.0,0.0,0.0,0.0,0.0,0.0,0.0,0.0,0.0,0.0,0.0,0.0,0.0,0.0,0.0,0.0,-2.004,-2.004,0.0,0.0,0.0,0.0,0.0,6187.0,-131351.016,6937.0,2.718430741444032e+23,2.7184312818759872e+23,-0.0,2.718430741444032e+23,0.0,0.0,0.0,0.0,69,-0.0,0.0,0.0,0.0,0.0,0.0,0.0,0.0,0.0,0,0,0,0.0,0.0,0.0,0.0,0.0,0.0,0.0,0.0,0.0,0.0,0.0,0.0,0.0,0.0,0.0,0.0,0,-107875648.0,69,0.0,138,0.0,-109447200.0,0,13107,17040,26215,17049,13107,17043,0,0,0,70,68,100,2.7302359370752657e+23,71.2,2.7302370179391762e+23,74.3,-0.0,74.0,1,49,50,180,13107,52429,0,0,0.0,0.0,0.0,0.0,-0.0,67.0,0.0,162057.094,0.0,751,0,740,0,0,0,721,0,767,0,736,0,742,0,742,0,712,0,7520,0.032,108447924224.0,0.0,0.0,784,16797,-0.0,162057.094,-114818.039,-0.0,0.133,6.909358625270745e+28,30.0,65.0,35,0.0,0.0,0.0,0.0,0.0,0.0,0.0,0.0,0.0,0.0,0.0,0.0,0.0,0.0,0.0,0.0,69.2,0,150,71,55,65476,0,300,0,1,8,20529,65476,0,0,40632,65.0,0.0,0.0,0.0,0.0,0.0
2026-09-04T20:11:49,ERR,ERR,ERR,ERR,ERR,ERR,ERR,ERR,ERR,ERR,ERR,ERR,ERR,ERR,ERR,ERR,ERR,ERR,ERR,ERR,ERR,ERR,ERR,ERR,ERR,ERR,ERR,ERR,ERR,ERR,ERR,ERR,ERR,ERR,ERR,ERR,ERR,ERR,ERR,ERR,ERR,ERR,ERR,ERR,ERR,ERR,ERR,ERR,ERR,ERR,ERR,ERR,ERR,ERR,ERR,ERR,ERR,ERR,ERR,ERR,ERR,ERR,ERR,ERR,ERR,ERR,ERR,ERR,ERR,ERR,ERR,ERR,ERR,ERR,ERR,ERR,ERR,ERR,ERR,ERR,ERR,ERR,ERR,ERR,ERR,ERR,ERR,ERR,ERR,ERR,ERR,ERR,ERR,ERR,ERR,ERR,ERR,ERR,ERR,ERR,ERR,ERR,ERR,ERR,ERR,ERR,ERR,ERR,ERR,ERR,ERR,ERR,ERR,ERR,ERR,ERR,ERR,ERR,ERR,ERR,ERR,ERR,ERR,ERR,ERR,2.718430741444032e+23,2.7184312818759872e+23,0.0,0.0,0.0,1.3936040501711995e+18,7.805,0.0,0,0,4,0,7116,0.0,100,0.0,0.0,0.0,0.0,0.0,0,0,0,0,0.0,0,0,0,0,0,0,0,0,0,0,0,0,0,0,0,0,0,0,0,0,0,0,0,0,0,0,0,0,0,0,0,0,0,31,40,40,71,65476,0,300,0,0,8,21553,0.0,-107605600.0,0.0,0.0,0.0,0.0,0.0,0.0,0.0,0.0,0.0,0.0,0.0,0.0,0.0,0.0,0.0,0.0,0.0,0.0,0.0,0.0,0.0,-2.004,-2.004,0.0,0.0,0.0,0.0,0.0,6187.0,-131351.016,6937.0,2.718430741444032e+23,2.7184312818759872e+23,-0.0,2.718430741444032e+23,0.0,0.0,0.0,0.0,69,-0.0,0.0,0.0,0.0,0.0,0.0,0.0,0.0,0.0,0,0,0,0.0,0.0,0.0,0.0,0.0,0.0,0.0,0.0,0.0,0.0,0.0,0.0,0.0,0.0,0.0,0.0,0,-107875648.0,69,0.0,138,0.0,-109447200.0,0,13107,17040,26215,17049,13107,17043,0,0,0,70,68,100,2.7302359370752657e+23,71.2,2.7302370179391762e+23,74.3,-0.0,74.0,1,49,50,180,13107,52429,0,0,0.0,0.0,0.0,0.0,-0.0,67.0,0.0,162057.094,0.0,751,0,740,0,0,0,721,0,767,0,736,0,742,0,742,0,712,0,7520,0.032,108447924224.0,0.0,0.0,784,16797,-0.0,162057.094,-114818.039,-0.0,0.133,6.909358625270745e+28,30.0,65.0,35,0.0,0.0,0.0,0.0,0.0,0.0,0.0,0.0,0.0,0.0,0.0,0.0,0.0,0.0,0.0,0.0,69.2,0,150,71,55,65476,0,300,0,1,8,20529,65476,0,0,40632,65.0,0.0,0.0,0.0,0.0,0.0
2026-09-04T20:11:50,ERR,ERR,ERR,ERR,ERR,ERR,ERR,ERR,ERR,ERR,ERR,ERR,ERR,ERR,ERR,ERR,ERR,ERR,ERR,ERR,ERR,ERR,ERR,ERR,ERR,ERR,ERR,ERR,ERR,ERR,ERR,ERR,ERR,ERR,ERR,ERR,ERR,ERR,ERR,ERR,ERR,ERR,ERR,ERR,ERR,ERR,ERR,ERR,ERR,ERR,ERR,ERR,ERR,ERR,ERR,ERR,ERR,ERR,ERR,ERR,ERR,ERR,ERR,ERR,ERR,ERR,ERR,ERR,ERR,ERR,ERR,ERR,ERR,ERR,ERR,ERR,ERR,ERR,ERR,ERR,ERR,ERR,ERR,ERR,ERR,ERR,ERR,ERR,ERR,ERR,ERR,ERR,ERR,ERR,ERR,ERR,ERR,ERR,ERR,ERR,ERR,ERR,ERR,ERR,ERR,ERR,ERR,ERR,ERR,ERR,ERR,ERR,ERR,ERR,ERR,ERR,ERR,ERR,ERR,ERR,ERR,ERR,ERR,ERR,ERR,2.718430741444032e+23,2.7184312818759872e+23,0.0,0.0,0.0,1.3936040501711995e+18,7.805,0.0,0,0,4,0,7116,0.0,100,0.0,0.0,0.0,0.0,0.0,0,0,0,0,0.0,0,0,0,0,0,0,0,0,0,0,0,0,0,0,0,0,0,0,0,0,0,0,0,0,0,0,0,0,0,0,0,0,0,31,40,40,71,65476,0,300,0,0,8,21553,0.0,-107605600.0,0.0,0.0,0.0,0.0,0.0,0.0,0.0,0.0,0.0,0.0,0.0,0.0,0.0,0.0,0.0,0.0,0.0,0.0,0.0,0.0,0.0,-2.004,-2.004,0.0,0.0,0.0,0.0,0.0,6187.0,-131351.016,6937.0,2.718430741444032e+23,2.7184312818759872e+23,-0.0,2.718430741444032e+23,0.0,0.0,0.0,0.0,69,-0.0,0.0,0.0,0.0,0.0,0.0,0.0,0.0,0.0,0,0,0,0.0,0.0,0.0,0.0,0.0,0.0,0.0,0.0,0.0,0.0,0.0,0.0,0.0,0.0,0.0,0.0,0,-107875648.0,69,0.0,138,0.0,-109447200.0,0,13107,17040,26215,17049,13107,17043,0,0,0,70,68,100,2.7302359370752657e+23,71.2,2.7302370179391762e+23,74.2,2.7302370179391762e+23,74.0,1,49,50,180,13107,0,0,0,0.0,0.0,0.0,0.0,-0.0,67.0,0.0,162057.094,0.0,751,0,739,0,0,0,721,0,767,0,736,0,742,0,742,0,712,0,7520,0.032,108447924224.0,0.0,0.0,784,16797,-0.0,162057.094,-114818.039,-0.0,0.133,6.909358625270745e+28,30.0,65.0,35,0.0,0.0,0.0,0.0,0.0,0.0,0.0,0.0,0.0,0.0,0.0,0.0,0.0,0.0,0.0,0.0,69.2,0,150,71,55,65476,0,300,0,1,8,20529,65476,0,0,40632,65.0,0.0,0.0,0.0,0.0,0.0
2026-09-04T20:11:51,ERR,ERR,ERR,ERR,ERR,ERR,ERR,ERR,ERR,ERR,ERR,ERR,ERR,ERR,ERR,ERR,ERR,ERR,ERR,ERR,ERR,ERR,ERR,ERR,ERR,ERR,ERR,ERR,ERR,ERR,ERR,ERR,ERR,ERR,ERR,ERR,ERR,ERR,ERR,ERR,ERR,ERR,ERR,ERR,ERR,ERR,ERR,ERR,ERR,ERR,ERR,ERR,ERR,ERR,ERR,ERR,ERR,ERR,ERR,ERR,ERR,ERR,ERR,ERR,ERR,ERR,ERR,ERR,ERR,ERR,ERR,ERR,ERR,ERR,ERR,ERR,ERR,ERR,ERR,ERR,ERR,ERR,ERR,ERR,ERR,ERR,ERR,ERR,ERR,ERR,ERR,ERR,ERR,ERR,ERR,ERR,ERR,ERR,ERR,ERR,ERR,ERR,ERR,ERR,ERR,ERR,ERR,ERR,ERR,ERR,ERR,ERR,ERR,ERR,ERR,ERR,ERR,ERR,ERR,ERR,ERR,ERR,ERR,ERR,ERR,2.718430741444032e+23,2.7184312818759872e+23,0.0,0.0,0.0,1.3936040501711995e+18,7.805,0.0,0,0,4,0,7116,0.0,100,0.0,0.0,0.0,0.0,0.0,0,0,0,0,0.0,0,0,0,0,0,0,0,0,0,0,0,0,0,0,0,0,0,0,0,0,0,0,0,0,0,0,0,0,0,0,0,0,0,31,40,40,71,65476,0,300,0,0,8,21553,0.0,-107605600.0,0.0,0.0,0.0,0.0,0.0,0.0,0.0,0.0,0.0,0.0,0.0,0.0,0.0,0.0,0.0,0.0,0.0,0.0,0.0,0.0,0.0,-2.004,-2.004,0.0,0.0,0.0,0.0,0.0,6213.0,-0.0,6932.0,2.718430741444032e+23,2.7184312818759872e+23,-0.0,2.718430741444032e+23,0.0,0.0,0.0,0.0,69,4.950431692736863e+32,0.0,0.0,0.0,0.0,0.0,0.0,0.0,0.0,0,0,0,0.0,0.0,0.0,0.0,0.0,0.0,0.0,0.0,0.0,0.0,0.0,0.0,0.0,0.0,0.0,0.0,0,-107875648.0,69,0.0,138,0.0,-109447200.0,0,13107,17040,26215,17049,13107,17043,0,0,0,70,68,100,2.7302359370752657e+23,71.2,2.7302370179391762e+23,74.2,2.7302370179391762e+23,74.0,1,49,50,180,13107,0,0,0,0.0,0.0,0.0,0.0,-0.0,67.0,0.0,162057.094,0.0,751,0,739,0,0,0,721,0,767,0,736,0,742,0,742,0,712,0,7520,0.032,108447924224.0,0.0,0.0,784,16797,-0.0,162057.094,-114818.039,-0.0,0.133,6.909358625270745e+28,30.0,65.0,35,0.0,0.0,0.0,0.0,0.0,0.0,0.0,0.0,0.0,0.0,0.0,0.0,0.0,0.0,0.0,0.0,69.2,0,150,71,55,65476,0,300,0,1,8,20529,65476,0,0,40632,65.0,0.0,0.0,0.0,0.0,0.0
2026-09-04T20:11:52,ERR,ERR,ERR,ERR,ERR,ERR,ERR,ERR,ERR,ERR,ERR,ERR,ERR,ERR,ERR,ERR,ERR,ERR,ERR,ERR,ERR,ERR,ERR,ERR,ERR,ERR,ERR,ERR,ERR,ERR,ERR,ERR,ERR,ERR,ERR,ERR,ERR,ERR,ERR,ERR,ERR,ERR,ERR,ERR,ERR,ERR,ERR,ERR,ERR,ERR,ERR,ERR,ERR,ERR,ERR,ERR,ERR,ERR,ERR,ERR,ERR,ERR,ERR,ERR,ERR,ERR,ERR,ERR,ERR,ERR,ERR,ERR,ERR,ERR,ERR,ERR,ERR,ERR,ERR,ERR,ERR,ERR,ERR,ERR,ERR,ERR,ERR,ERR,ERR,ERR,ERR,ERR,ERR,ERR,ERR,ERR,ERR,ERR,ERR,ERR,ERR,ERR,ERR,ERR,ERR,ERR,ERR,ERR,ERR,ERR,ERR,ERR,ERR,ERR,ERR,ERR,ERR,ERR,ERR,ERR,ERR,ERR,ERR,ERR,ERR,2.718430741444032e+23,2.7184312818759872e+23,0.0,0.0,0.0,1.3936040501711995e+18,7.805,0.0,0,0,4,0,7116,0.0,100,0.0,0.0,0.0,0.0,0.0,0,0,0,0,0.0,0,0,0,0,0,0,0,0,0,0,0,0,0,0,0,0,0,0,0,0,0,0,0,0,0,0,0,0,0,0,0,0,0,31,40,40,71,65476,0,300,0,0,8,21553,0.0,-107605600.0,0.0,0.0,0.0,0.0,0.0,0.0,0.0,0.0,0.0,0.0,0.0,0.0,0.0,0.0,0.0,0.0,0.0,0.0,0.0,0.0,0.0,-2.004,-2.004,0.0,0.0,0.0,0.0,0.0,6213.0,-0.0,6932.0,2.718430741444032e+23,2.7184312818759872e+23,-0.0,2.718430741444032e+23,0.0,0.0,0.0,0.0,69,4.950431692736863e+32,0.0,0.0,0.0,0.0,0.0,0.0,0.0,0.0,0,0,0,0.0,0.0,0.0,0.0,0.0,0.0,0.0,0.0,0.0,0.0,0.0,0.0,0.0,0.0,0.0,0.0,0,-107875648.0,69,0.0,138,0.0,-109447200.0,0,13107,17040,26215,17049,13107,17043,0,0,0,70,68,100,2.7302359370752657e+23,71.2,2.7302370179391762e+23,74.2,2.7302370179391762e+23,74.0,1,49,50,180,13107,0,0,0,0.0,0.0,0.0,0.0,-0.0,67.0,0.0,162057.094,0.0,751,0,739,0,0,0,721,0,767,0,736,0,742,0,742,0,712,0,7520,0.032,108447924224.0,0.0,0.0,784,16797,-0.0,162057.094,-114818.039,-0.0,0.133,6.909358625270745e+28,30.0,65.0,35,0.0,0.0,0.0,0.0,0.0,0.0,0.0,0.0,0.0,0.0,0.0,0.0,0.0,0.0,0.0,0.0,69.2,0,150,71,55,65476,0,300,0,1,8,20529,65476,0,0,40632,65.0,0.0,0.0,0.0,0.0,0.0
2026-09-04T20:11:53,ERR,ERR,ERR,ERR,ERR,ERR,ERR,ERR,ERR,ERR,ERR,ERR,ERR,ERR,ERR,ERR,ERR,ERR,ERR,ERR,ERR,ERR,ERR,ERR,ERR,ERR,ERR,ERR,ERR,ERR,ERR,ERR,ERR,ERR,ERR,ERR,ERR,ERR,ERR,ERR,ERR,ERR,ERR,ERR,ERR,ERR,ERR,ERR,ERR,ERR,ERR,ERR,ERR,ERR,ERR,ERR,ERR,ERR,ERR,ERR,ERR,ERR,ERR,ERR,ERR,ERR,ERR,ERR,ERR,ERR,ERR,ERR,ERR,ERR,ERR,ERR,ERR,ERR,ERR,ERR,ERR,ERR,ERR,ERR,ERR,ERR,ERR,ERR,ERR,ERR,ERR,ERR,ERR,ERR,ERR,ERR,ERR,ERR,ERR,ERR,ERR,ERR,ERR,ERR,ERR,ERR,ERR,ERR,ERR,ERR,ERR,ERR,ERR,ERR,ERR,ERR,ERR,ERR,ERR,ERR,ERR,ERR,ERR,ERR,ERR,2.718430741444032e+23,2.7184312818759872e+23,0.0,0.0,0.0,1.3936040501711995e+18,7.805,0.0,0,0,4,0,7116,0.0,100,0.0,0.0,0.0,0.0,0.0,0,0,0,0,0.0,0,0,0,0,0,0,0,0,0,0,0,0,0,0,0,0,0,0,0,0,0,0,0,0,0,0,0,0,0,0,0,0,0,31,40,40,71,65476,0,300,0,0,8,21553,0.0,-107605600.0,0.0,0.0,0.0,0.0,0.0,0.0,0.0,0.0,0.0,0.0,0.0,0.0,0.0,0.0,0.0,0.0,0.0,0.0,0.0,0.0,0.0,-2.004,-2.004,0.0,0.0,0.0,0.0,0.0,6213.0,-0.0,6932.0,2.718430741444032e+23,2.7184312818759872e+23,-0.0,2.718430741444032e+23,0.0,0.0,0.0,0.0,69,4.950431692736863e+32,0.0,0.0,0.0,0.0,0.0,0.0,0.0,0.0,0,0,0,0.0,0.0,0.0,0.0,0.0,0.0,0.0,0.0,0.0,0.0,0.0,0.0,0.0,0.0,0.0,0.0,0,-107875648.0,69,0.0,138,0.0,-109447200.0,0,13107,17040,26215,17049,13107,17043,0,0,0,70,68,100,2.7302359370752657e+23,71.2,2.7302370179391762e+23,74.2,2.7302370179391762e+23,74.0,1,49,50,180,13107,0,0,0,0.0,0.0,0.0,0.0,-0.0,67.0,0.0,162057.094,0.0,751,0,739,0,0,0,721,0,767,0,736,0,742,0,742,0,712,0,7520,0.032,108447924224.0,0.0,0.0,784,16797,-0.0,162057.094,-114818.039,-0.0,0.133,6.909358625270745e+28,30.0,65.0,35,0.0,0.0,0.0,0.0,0.0,0.0,0.0,0.0,0.0,0.0,0.0,0.0,0.0,0.0,0.0,0.0,69.2,0,150,71,55,65476,0,300,0,1,8,20529,65476,0,0,40632,65.0,0.0,0.0,0.0,0.0,0.0
2026-09-04T20:11:54,ERR,ERR,ERR,ERR,ERR,ERR,ERR,ERR,ERR,ERR,ERR,ERR,ERR,ERR,ERR,ERR,ERR,ERR,ERR,ERR,ERR,ERR,ERR,ERR,ERR,ERR,ERR,ERR,ERR,ERR,ERR,ERR,ERR,ERR,ERR,ERR,ERR,ERR,ERR,ERR,ERR,ERR,ERR,ERR,ERR,ERR,ERR,ERR,ERR,ERR,ERR,ERR,ERR,ERR,ERR,ERR,ERR,ERR,ERR,ERR,ERR,ERR,ERR,ERR,ERR,ERR,ERR,ERR,ERR,ERR,ERR,ERR,ERR,ERR,ERR,ERR,ERR,ERR,ERR,ERR,ERR,ERR,ERR,ERR,ERR,ERR,ERR,ERR,ERR,ERR,ERR,ERR,ERR,ERR,ERR,ERR,ERR,ERR,ERR,ERR,ERR,ERR,ERR,ERR,ERR,ERR,ERR,ERR,ERR,ERR,ERR,ERR,ERR,ERR,ERR,ERR,ERR,ERR,ERR,ERR,ERR,ERR,ERR,ERR,ERR,2.718430741444032e+23,2.7184312818759872e+23,0.0,0.0,0.0,1.3936040501711995e+18,7.805,0.0,0,0,4,0,7116,0.0,100,0.0,0.0,0.0,0.0,0.0,0,0,0,0,0.0,0,0,0,0,0,0,0,0,0,0,0,0,0,0,0,0,0,0,0,0,0,0,0,0,0,0,0,0,0,0,0,0,0,31,40,40,71,65476,0,300,0,0,8,21553,0.0,-107605600.0,0.0,0.0,0.0,0.0,0.0,0.0,0.0,0.0,0.0,0.0,0.0,0.0,0.0,0.0,0.0,0.0,0.0,0.0,0.0,0.0,0.0,-2.004,-2.004,0.0,0.0,0.0,0.0,0.0,6213.0,-0.0,6932.0,2.718430741444032e+23,2.7184312818759872e+23,-0.0,2.718430741444032e+23,0.0,0.0,0.0,0.0,69,4.950431692736863e+32,0.0,0.0,0.0,0.0,0.0,0.0,0.0,0.0,0,0,0,0.0,0.0,0.0,0.0,0.0,0.0,0.0,0.0,0.0,0.0,0.0,0.0,0.0,0.0,0.0,0.0,0,-107875648.0,69,0.0,138,0.0,-109447200.0,0,13107,17040,26215,17049,13107,17043,0,0,0,70,68,100,2.7302359370752657e+23,71.2,2.7302370179391762e+23,74.2,2.7302370179391762e+23,74.0,1,49,50,180,13107,0,0,0,0.0,0.0,0.0,0.0,-0.0,67.0,0.0,162057.094,0.0,751,0,739,0,0,0,721,0,767,0,736,0,742,0,742,0,712,0,7520,0.032,108447924224.0,0.0,0.0,784,16797,-0.0,162057.094,-114818.039,-0.0,0.133,6.909358625270745e+28,30.0,65.0,35,0.0,0.0,0.0,0.0,0.0,0.0,0.0,0.0,0.0,0.0,0.0,0.0,0.0,0.0,0.0,0.0,69.2,0,150,71,55,65476,0,300,0,1,8,20529,65476,0,0,40632,65.0,0.0,0.0,0.0,0.0,0.0
2026-09-04T20:11:55,ERR,ERR,ERR,ERR,ERR,ERR,ERR,ERR,ERR,ERR,ERR,ERR,ERR,ERR,ERR,ERR,ERR,ERR,ERR,ERR,ERR,ERR,ERR,ERR,ERR,ERR,ERR,ERR,ERR,ERR,ERR,ERR,ERR,ERR,ERR,ERR,ERR,ERR,ERR,ERR,ERR,ERR,ERR,ERR,ERR,ERR,ERR,ERR,ERR,ERR,ERR,ERR,ERR,ERR,ERR,ERR,ERR,ERR,ERR,ERR,ERR,ERR,ERR,ERR,ERR,ERR,ERR,ERR,ERR,ERR,ERR,ERR,ERR,ERR,ERR,ERR,ERR,ERR,ERR,ERR,ERR,ERR,ERR,ERR,ERR,ERR,ERR,ERR,ERR,ERR,ERR,ERR,ERR,ERR,ERR,ERR,ERR,ERR,ERR,ERR,ERR,ERR,ERR,ERR,ERR,ERR,ERR,ERR,ERR,ERR,ERR,ERR,ERR,ERR,ERR,ERR,ERR,ERR,ERR,ERR,ERR,ERR,ERR,ERR,ERR,2.718430741444032e+23,2.7184312818759872e+23,0.0,0.0,0.0,1.3936040501711995e+18,7.805,0.0,0,0,4,0,7116,0.0,100,0.0,0.0,0.0,0.0,0.0,0,0,0,0,0.0,0,0,0,0,0,0,0,0,0,0,0,0,0,0,0,0,0,0,0,0,0,0,0,0,0,0,0,0,0,0,0,0,0,31,40,40,71,65476,0,300,0,0,8,21553,0.0,-107605600.0,0.0,0.0,0.0,0.0,0.0,0.0,0.0,0.0,0.0,0.0,0.0,0.0,0.0,0.0,0.0,0.0,0.0,0.0,0.0,0.0,0.0,-2.004,-2.004,0.0,0.0,0.0,0.0,0.0,6213.0,-0.0,6932.0,2.718430741444032e+23,2.7184312818759872e+23,-0.0,2.718430741444032e+23,0.0,0.0,0.0,0.0,69,4.950431692736863e+32,0.0,0.0,0.0,0.0,0.0,0.0,0.0,0.0,0,0,0,0.0,0.0,0.0,0.0,0.0,0.0,0.0,0.0,0.0,0.0,0.0,0.0,0.0,0.0,0.0,0.0,0,-107875648.0,69,0.0,138,0.0,-109447200.0,0,13107,17040,26215,17049,13107,17043,0,0,0,70,68,100,2.7302359370752657e+23,71.2,2.7302370179391762e+23,74.3,-0.0,74.0,1,49,50,180,13107,0,0,0,0.0,0.0,0.0,0.0,-0.0,67.0,0.0,162057.094,0.0,751,0,740,0,0,0,721,0,767,0,737,0,742,0,742,0,712,0,7520,0.032,107911053312.0,0.0,0.0,784,16797,-0.0,162057.094,-114818.039,-0.0,0.133,6.909358625270745e+28,30.0,65.0,35,0.0,0.0,0.0,0.0,0.0,0.0,0.0,0.0,0.0,0.0,0.0,0.0,0.0,0.0,0.0,0.0,69.2,0,150,71,55,65476,0,300,0,1,8,20529,65476,0,0,40632,65.0,0.0,0.0,0.0,0.0,0.0
2026-09-04T20:11:56,ERR,ERR,ERR,ERR,ERR,ERR,ERR,ERR,ERR,ERR,ERR,ERR,ERR,ERR,ERR,ERR,ERR,ERR,ERR,ERR,ERR,ERR,ERR,ERR,ERR,ERR,ERR,ERR,ERR,ERR,ERR,ERR,ERR,ERR,ERR,ERR,ERR,ERR,ERR,ERR,ERR,ERR,ERR,ERR,ERR,ERR,ERR,ERR,ERR,ERR,ERR,ERR,ERR,ERR,ERR,ERR,ERR,ERR,ERR,ERR,ERR,ERR,ERR,ERR,ERR,ERR,ERR,ERR,ERR,ERR,ERR,ERR,ERR,ERR,ERR,ERR,ERR,ERR,ERR,ERR,ERR,ERR,ERR,ERR,ERR,ERR,ERR,ERR,ERR,ERR,ERR,ERR,ERR,ERR,ERR,ERR,ERR,ERR,ERR,ERR,ERR,ERR,ERR,ERR,ERR,ERR,ERR,ERR,ERR,ERR,ERR,ERR,ERR,ERR,ERR,ERR,ERR,ERR,ERR,ERR,ERR,ERR,ERR,ERR,ERR,2.718430741444032e+23,2.7184312818759872e+23,0.0,0.0,0.0,1.3936040501711995e+18,7.805,0.0,0,0,4,0,7116,0.0,100,0.0,0.0,0.0,0.0,0.0,0,0,0,0,0.0,0,0,0,0,0,0,0,0,0,0,0,0,0,0,0,0,0,0,0,0,0,0,0,0,0,0,0,0,0,0,0,0,0,31,40,40,71,65476,0,300,0,0,8,21553,0.0,-107605600.0,0.0,0.0,0.0,0.0,0.0,0.0,0.0,0.0,0.0,0.0,0.0,0.0,0.0,0.0,0.0,0.0,0.0,0.0,0.0,0.0,0.0,-2.004,-2.004,0.0,0.0,0.0,0.0,0.0,6213.0,-0.0,6932.0,2.718430741444032e+23,2.7184312818759872e+23,-0.0,2.718430741444032e+23,0.0,0.0,0.0,0.0,69,4.950431692736863e+32,0.0,0.0,0.0,0.0,0.0,0.0,0.0,0.0,0,0,0,0.0,0.0,0.0,0.0,0.0,0.0,0.0,0.0,0.0,0.0,0.0,0.0,0.0,0.0,0.0,0.0,0,-107875648.0,69,0.0,138,0.0,-109447200.0,0,13107,17040,26215,17049,13107,17043,0,0,0,70,68,100,2.7302359370752657e+23,71.2,2.7302370179391762e+23,74.3,-0.0,74.0,1,49,50,180,13107,0,0,0,0.0,0.0,0.0,0.0,-0.0,67.0,0.0,162057.094,0.0,751,0,740,0,0,0,721,0,767,0,737,0,742,0,742,0,712,0,7520,0.032,107911053312.0,0.0,0.0,784,16797,-0.0,162057.094,-114818.039,-0.0,0.133,6.909358625270745e+28,30.0,65.0,35,0.0,0.0,0.0,0.0,0.0,0.0,0.0,0.0,0.0,0.0,0.0,0.0,0.0,0.0,0.0,0.0,69.2,0,150,71,55,65476,0,300,0,1,8,20529,65476,0,0,40632,65.0,0.0,0.0,0.0,0.0,0.0
2026-09-04T20:11:57,ERR,ERR,ERR,ERR,ERR,ERR,ERR,ERR,ERR,ERR,ERR,ERR,ERR,ERR,ERR,ERR,ERR,ERR,ERR,ERR,ERR,ERR,ERR,ERR,ERR,ERR,ERR,ERR,ERR,ERR,ERR,ERR,ERR,ERR,ERR,ERR,ERR,ERR,ERR,ERR,ERR,ERR,ERR,ERR,ERR,ERR,ERR,ERR,ERR,ERR,ERR,ERR,ERR,ERR,ERR,ERR,ERR,ERR,ERR,ERR,ERR,ERR,ERR,ERR,ERR,ERR,ERR,ERR,ERR,ERR,ERR,ERR,ERR,ERR,ERR,ERR,ERR,ERR,ERR,ERR,ERR,ERR,ERR,ERR,ERR,ERR,ERR,ERR,ERR,ERR,ERR,ERR,ERR,ERR,ERR,ERR,ERR,ERR,ERR,ERR,ERR,ERR,ERR,ERR,ERR,ERR,ERR,ERR,ERR,ERR,ERR,ERR,ERR,ERR,ERR,ERR,ERR,ERR,ERR,ERR,ERR,ERR,ERR,ERR,ERR,2.718430741444032e+23,2.7184312818759872e+23,0.0,0.0,0.0,1.3936040501711995e+18,7.805,0.0,0,0,4,0,7116,0.0,100,0.0,0.0,0.0,0.0,0.0,0,0,0,0,0.0,0,0,0,0,0,0,0,0,0,0,0,0,0,0,0,0,0,0,0,0,0,0,0,0,0,0,0,0,0,0,0,0,0,31,40,40,71,65476,0,300,0,0,8,21553,0.0,-107605600.0,0.0,0.0,0.0,0.0,0.0,0.0,0.0,0.0,0.0,0.0,0.0,0.0,0.0,0.0,0.0,0.0,0.0,0.0,0.0,0.0,0.0,-2.004,-2.004,0.0,0.0,0.0,0.0,0.0,6213.0,-0.0,6932.0,2.718430741444032e+23,2.7184312818759872e+23,-0.0,2.718430741444032e+23,0.0,0.0,0.0,0.0,69,4.950431692736863e+32,0.0,0.0,0.0,0.0,0.0,0.0,0.0,0.0,0,0,0,0.0,0.0,0.0,0.0,0.0,0.0,0.0,0.0,0.0,0.0,0.0,0.0,0.0,0.0,0.0,0.0,0,-107875648.0,69,0.0,138,0.0,-109447200.0,0,13107,17040,26215,17049,13107,17043,0,0,0,70,68,100,2.7302359370752657e+23,71.2,2.7302370179391762e+23,74.3,-0.0,74.0,1,49,50,180,13107,0,0,0,0.0,0.0,0.0,0.0,-0.0,67.0,0.0,162057.094,0.0,751,0,740,0,0,0,721,0,767,0,737,0,742,0,742,0,712,0,7520,0.032,107911053312.0,0.0,0.0,784,16797,-0.0,162057.094,-114818.039,-0.0,0.133,6.909358625270745e+28,30.0,65.0,35,0.0,0.0,0.0,0.0,0.0,0.0,0.0,0.0,0.0,0.0,0.0,0.0,0.0,0.0,0.0,0.0,69.2,0,150,71,55,65476,0,300,0,1,8,20529,65476,0,0,40632,65.0,0.0,0.0,0.0,0.0,0.0
2026-09-04T20:11:58,ERR,ERR,ERR,ERR,ERR,ERR,ERR,ERR,ERR,ERR,ERR,ERR,ERR,ERR,ERR,ERR,ERR,ERR,ERR,ERR,ERR,ERR,ERR,ERR,ERR,ERR,ERR,ERR,ERR,ERR,ERR,ERR,ERR,ERR,ERR,ERR,ERR,ERR,ERR,ERR,ERR,ERR,ERR,ERR,ERR,ERR,ERR,ERR,ERR,ERR,ERR,ERR,ERR,ERR,ERR,ERR,ERR,ERR,ERR,ERR,ERR,ERR,ERR,ERR,ERR,ERR,ERR,ERR,ERR,ERR,ERR,ERR,ERR,ERR,ERR,ERR,ERR,ERR,ERR,ERR,ERR,ERR,ERR,ERR,ERR,ERR,ERR,ERR,ERR,ERR,ERR,ERR,ERR,ERR,ERR,ERR,ERR,ERR,ERR,ERR,ERR,ERR,ERR,ERR,ERR,ERR,ERR,ERR,ERR,ERR,ERR,ERR,ERR,ERR,ERR,ERR,ERR,ERR,ERR,ERR,ERR,ERR,ERR,ERR,ERR,2.718430741444032e+23,2.7184312818759872e+23,0.0,0.0,0.0,1.3936040501711995e+18,7.805,0.0,0,0,4,0,7116,0.0,100,0.0,0.0,0.0,0.0,0.0,0,0,0,0,0.0,0,0,0,0,0,0,0,0,0,0,0,0,0,0,0,0,0,0,0,0,0,0,0,0,0,0,0,0,0,0,0,0,0,31,40,40,71,65476,0,300,0,0,8,21553,0.0,-107605600.0,0.0,0.0,0.0,0.0,0.0,0.0,0.0,0.0,0.0,0.0,0.0,0.0,0.0,0.0,0.0,0.0,0.0,0.0,0.0,0.0,0.0,-2.004,-2.004,0.0,0.0,0.0,0.0,0.0,6213.0,-0.0,6932.0,2.718430741444032e+23,2.7184312818759872e+23,-0.0,2.718430741444032e+23,0.0,0.0,0.0,0.0,69,4.950431692736863e+32,0.0,0.0,0.0,0.0,0.0,0.0,0.0,0.0,0,0,0,0.0,0.0,0.0,0.0,0.0,0.0,0.0,0.0,0.0,0.0,0.0,0.0,0.0,0.0,0.0,0.0,0,-107875648.0,69,0.0,138,0.0,-109447200.0,0,13107,17040,26215,17049,13107,17043,0,0,0,70,68,100,2.7302359370752657e+23,71.2,2.7302370179391762e+23,74.3,-0.0,74.0,1,49,50,180,13107,0,0,0,0.0,0.0,0.0,0.0,-0.0,67.0,0.0,162057.094,0.0,751,0,740,0,0,0,721,0,767,0,737,0,742,0,742,0,712,0,7520,0.032,107911053312.0,0.0,0.0,784,16797,-0.0,162057.094,-114818.039,-0.0,0.133,6.909358625270745e+28,30.0,65.0,35,0.0,0.0,0.0,0.0,0.0,0.0,0.0,0.0,0.0,0.0,0.0,0.0,0.0,0.0,0.0,0.0,69.2,0,150,71,55,65476,0,300,0,1,8,20529,65476,0,0,40632,65.0,0.0,0.0,0.0,0.0,0.0
2026-09-04T20:11:59,ERR,ERR,ERR,ERR,ERR,ERR,ERR,ERR,ERR,ERR,ERR,ERR,ERR,ERR,ERR,ERR,ERR,ERR,ERR,ERR,ERR,ERR,ERR,ERR,ERR,ERR,ERR,ERR,ERR,ERR,ERR,ERR,ERR,ERR,ERR,ERR,ERR,ERR,ERR,ERR,ERR,ERR,ERR,ERR,ERR,ERR,ERR,ERR,ERR,ERR,ERR,ERR,ERR,ERR,ERR,ERR,ERR,ERR,ERR,ERR,ERR,ERR,ERR,ERR,ERR,ERR,ERR,ERR,ERR,ERR,ERR,ERR,ERR,ERR,ERR,ERR,ERR,ERR,ERR,ERR,ERR,ERR,ERR,ERR,ERR,ERR,ERR,ERR,ERR,ERR,ERR,ERR,ERR,ERR,ERR,ERR,ERR,ERR,ERR,ERR,ERR,ERR,ERR,ERR,ERR,ERR,ERR,ERR,ERR,ERR,ERR,ERR,ERR,ERR,ERR,ERR,ERR,ERR,ERR,ERR,ERR,ERR,ERR,ERR,ERR,2.718430741444032e+23,2.7184312818759872e+23,0.0,0.0,0.0,1.3936040501711995e+18,7.805,0.0,0,0,4,0,7116,0.0,100,0.0,0.0,0.0,0.0,0.0,0,0,0,0,0.0,0,0,0,0,0,0,0,0,0,0,0,0,0,0,0,0,0,0,0,0,0,0,0,0,0,0,0,0,0,0,0,0,0,31,40,40,71,65476,0,300,0,0,8,21553,0.0,-107605600.0,0.0,0.0,0.0,0.0,0.0,0.0,0.0,0.0,0.0,0.0,0.0,0.0,0.0,0.0,0.0,0.0,0.0,0.0,0.0,0.0,0.0,-2.004,-2.004,0.0,0.0,0.0,0.0,0.0,6209.0,-0.0,6930.0,2.718430741444032e+23,2.7184312818759872e+23,-0.0,2.718430741444032e+23,0.0,0.0,0.0,0.0,69,3.222031544164523e+26,0.0,0.0,0.0,0.0,0.0,0.0,0.0,0.0,0,0,0,0.0,0.0,0.0,0.0,0.0,0.0,0.0,0.0,0.0,0.0,0.0,0.0,0.0,0.0,0.0,0.0,0,-107875648.0,69,0.0,138,0.0,-109447200.0,0,13107,17040,26215,17049,13107,17043,0,0,0,70,68,100,2.7302359370752657e+23,71.2,2.7302370179391762e+23,74.3,-0.0,74.0,1,49,50,180,13107,0,0,0,0.0,0.0,0.0,0.0,-0.0,67.0,0.0,162057.094,0.0,751,0,740,0,0,0,721,0,767,0,737,0,742,0,742,0,712,0,7520,0.032,107911053312.0,0.0,0.0,784,16797,-0.0,162057.094,-114818.039,-0.0,0.133,6.909358625270745e+28,30.0,65.0,35,0.0,0.0,0.0,0.0,0.0,0.0,0.0,0.0,0.0,0.0,0.0,0.0,0.0,0.0,0.0,0.0,69.2,0,150,71,55,65476,0,300,0,1,8,20529,65476,0,0,40632,65.0,0.0,0.0,0.0,0.0,0.0
2026-09-04T20:12:00,ERR,ERR,ERR,ERR,ERR,ERR,ERR,ERR,ERR,ERR,ERR,ERR,ERR,ERR,ERR,ERR,ERR,ERR,ERR,ERR,ERR,ERR,ERR,ERR,ERR,ERR,ERR,ERR,ERR,ERR,ERR,ERR,ERR,ERR,ERR,ERR,ERR,ERR,ERR,ERR,ERR,ERR,ERR,ERR,ERR,ERR,ERR,ERR,ERR,ERR,ERR,ERR,ERR,ERR,ERR,ERR,ERR,ERR,ERR,ERR,ERR,ERR,ERR,ERR,ERR,ERR,ERR,ERR,ERR,ERR,ERR,ERR,ERR,ERR,ERR,ERR,ERR,ERR,ERR,ERR,ERR,ERR,ERR,ERR,ERR,ERR,ERR,ERR,ERR,ERR,ERR,ERR,ERR,ERR,ERR,ERR,ERR,ERR,ERR,ERR,ERR,ERR,ERR,ERR,ERR,ERR,ERR,ERR,ERR,ERR,ERR,ERR,ERR,ERR,ERR,ERR,ERR,ERR,ERR,ERR,ERR,ERR,ERR,ERR,ERR,2.718430741444032e+23,2.7184312818759872e+23,0.0,0.0,0.0,1.3936040501711995e+18,7.805,0.0,0,0,4,0,7116,0.0,100,0.0,0.0,0.0,0.0,0.0,0,0,0,0,0.0,0,0,0,0,0,0,0,0,0,0,0,0,0,0,0,0,0,0,0,0,0,0,0,0,0,0,0,0,0,0,0,0,0,31,40,40,71,65476,0,300,0,0,8,21553,0.0,-107605600.0,0.0,0.0,0.0,0.0,0.0,0.0,0.0,0.0,0.0,0.0,0.0,0.0,0.0,0.0,0.0,0.0,0.0,0.0,0.0,0.0,0.0,-2.004,-2.004,0.0,0.0,0.0,0.0,0.0,6209.0,-0.0,6930.0,2.718430741444032e+23,2.7184312818759872e+23,-0.0,2.718430741444032e+23,0.0,0.0,0.0,0.0,69,3.222031544164523e+26,0.0,0.0,0.0,0.0,0.0,0.0,0.0,0.0,0,0,0,0.0,0.0,0.0,0.0,0.0,0.0,0.0,0.0,0.0,0.0,0.0,0.0,0.0,0.0,0.0,0.0,0,-107875648.0,69,0.0,138,0.0,-109447200.0,0,13107,17040,26215,17049,13107,17043,0,0,0,70,68,100,2.7302359370752657e+23,71.2,2.7302370179391762e+23,74.3,-0.0,74.0,1,49,50,180,13107,0,0,0,0.0,0.0,0.0,0.0,-0.0,67.0,0.0,162057.094,0.0,751,0,739,0,0,0,721,0,767,0,736,0,742,0,742,0,712,0,7520,0.032,108447924224.0,0.0,0.0,784,16797,-0.0,162057.094,-114818.039,-0.0,0.133,6.909358625270745e+28,30.0,65.0,35,0.0,0.0,0.0,0.0,0.0,0.0,0.0,0.0,0.0,0.0,0.0,0.0,0.0,0.0,0.0,0.0,69.2,0,150,71,55,65476,0,300,0,1,8,20529,65476,0,0,40632,65.0,0.0,0.0,0.0,0.0,0.0
2026-09-04T20:12:01,ERR,ERR,ERR,ERR,ERR,ERR,ERR,ERR,ERR,ERR,ERR,ERR,ERR,ERR,ERR,ERR,ERR,ERR,ERR,ERR,ERR,ERR,ERR,ERR,ERR,ERR,ERR,ERR,ERR,ERR,ERR,ERR,ERR,ERR,ERR,ERR,ERR,ERR,ERR,ERR,ERR,ERR,ERR,ERR,ERR,ERR,ERR,ERR,ERR,ERR,ERR,ERR,ERR,ERR,ERR,ERR,ERR,ERR,ERR,ERR,ERR,ERR,ERR,ERR,ERR,ERR,ERR,ERR,ERR,ERR,ERR,ERR,ERR,ERR,ERR,ERR,ERR,ERR,ERR,ERR,ERR,ERR,ERR,ERR,ERR,ERR,ERR,ERR,ERR,ERR,ERR,ERR,ERR,ERR,ERR,ERR,ERR,ERR,ERR,ERR,ERR,ERR,ERR,ERR,ERR,ERR,ERR,ERR,ERR,ERR,ERR,ERR,ERR,ERR,ERR,ERR,ERR,ERR,ERR,ERR,ERR,ERR,ERR,ERR,ERR,2.718430741444032e+23,2.7184312818759872e+23,0.0,0.0,0.0,1.3936040501711995e+18,7.805,0.0,0,0,4,0,7116,0.0,100,0.0,0.0,0.0,0.0,0.0,0,0,0,0,0.0,0,0,0,0,0,0,0,0,0,0,0,0,0,0,0,0,0,0,0,0,0,0,0,0,0,0,0,0,0,0,0,0,0,31,40,40,71,65476,0,300,0,0,8,21553,0.0,-107605600.0,0.0,0.0,0.0,0.0,0.0,0.0,0.0,0.0,0.0,0.0,0.0,0.0,0.0,0.0,0.0,0.0,0.0,0.0,0.0,0.0,0.0,-2.004,-2.004,0.0,0.0,0.0,0.0,0.0,6209.0,-0.0,6930.0,2.718430741444032e+23,2.7184312818759872e+23,-0.0,2.718430741444032e+23,0.0,0.0,0.0,0.0,69,3.222031544164523e+26,0.0,0.0,0.0,0.0,0.0,0.0,0.0,0.0,0,0,0,0.0,0.0,0.0,0.0,0.0,0.0,0.0,0.0,0.0,0.0,0.0,0.0,0.0,0.0,0.0,0.0,0,-107875648.0,69,0.0,138,0.0,-109447200.0,0,13107,17040,26215,17049,13107,17043,0,0,0,70,68,100,2.7302359370752657e+23,71.2,2.7302370179391762e+23,74.3,-0.0,74.0,1,49,50,180,13107,0,0,0,0.0,0.0,0.0,0.0,-0.0,67.0,0.0,162057.094,0.0,751,0,739,0,0,0,721,0,767,0,736,0,742,0,742,0,712,0,7520,0.032,108447924224.0,0.0,0.0,784,16797,-0.0,162057.094,-114818.039,-0.0,0.133,6.909358625270745e+28,30.0,65.0,35,0.0,0.0,0.0,0.0,0.0,0.0,0.0,0.0,0.0,0.0,0.0,0.0,0.0,0.0,0.0,0.0,69.2,0,150,71,55,65476,0,300,0,1,8,20529,65476,0,0,40632,65.0,0.0,0.0,0.0,0.0,0.0
2026-09-04T20:12:02,ERR,ERR,ERR,ERR,ERR,ERR,ERR,ERR,ERR,ERR,ERR,ERR,ERR,ERR,ERR,ERR,ERR,ERR,ERR,ERR,ERR,ERR,ERR,ERR,ERR,ERR,ERR,ERR,ERR,ERR,ERR,ERR,ERR,ERR,ERR,ERR,ERR,ERR,ERR,ERR,ERR,ERR,ERR,ERR,ERR,ERR,ERR,ERR,ERR,ERR,ERR,ERR,ERR,ERR,ERR,ERR,ERR,ERR,ERR,ERR,ERR,ERR,ERR,ERR,ERR,ERR,ERR,ERR,ERR,ERR,ERR,ERR,ERR,ERR,ERR,ERR,ERR,ERR,ERR,ERR,ERR,ERR,ERR,ERR,ERR,ERR,ERR,ERR,ERR,ERR,ERR,ERR,ERR,ERR,ERR,ERR,ERR,ERR,ERR,ERR,ERR,ERR,ERR,ERR,ERR,ERR,ERR,ERR,ERR,ERR,ERR,ERR,ERR,ERR,ERR,ERR,ERR,ERR,ERR,ERR,ERR,ERR,ERR,ERR,ERR,2.718430741444032e+23,2.7184312818759872e+23,0.0,0.0,0.0,1.3936040501711995e+18,7.805,0.0,0,0,4,0,7116,0.0,100,0.0,0.0,0.0,0.0,0.0,0,0,0,0,0.0,0,0,0,0,0,0,0,0,0,0,0,0,0,0,0,0,0,0,0,0,0,0,0,0,0,0,0,0,0,0,0,0,0,31,40,40,71,65476,0,300,0,0,8,21553,0.0,-107605600.0,0.0,0.0,0.0,0.0,0.0,0.0,0.0,0.0,0.0,0.0,0.0,0.0,0.0,0.0,0.0,0.0,0.0,0.0,0.0,0.0,0.0,-2.004,-2.004,0.0,0.0,0.0,0.0,0.0,6209.0,-0.0,6930.0,2.718430741444032e+23,2.7184312818759872e+23,-0.0,2.718430741444032e+23,0.0,0.0,0.0,0.0,69,3.222031544164523e+26,0.0,0.0,0.0,0.0,0.0,0.0,0.0,0.0,0,0,0,0.0,0.0,0.0,0.0,0.0,0.0,0.0,0.0,0.0,0.0,0.0,0.0,0.0,0.0,0.0,0.0,0,-107875648.0,69,0.0,138,0.0,-109447200.0,0,13107,17040,26215,17049,13107,17043,0,0,0,70,68,100,2.7302359370752657e+23,71.2,2.7302370179391762e+23,74.3,-0.0,74.0,1,49,50,180,13107,0,0,0,0.0,0.0,0.0,0.0,-0.0,67.0,0.0,162057.094,0.0,751,0,739,0,0,0,721,0,767,0,736,0,742,0,742,0,712,0,7520,0.032,108447924224.0,0.0,0.0,784,16797,-0.0,162057.094,-114818.039,-0.0,0.133,6.909358625270745e+28,30.0,65.0,35,0.0,0.0,0.0,0.0,0.0,0.0,0.0,0.0,0.0,0.0,0.0,0.0,0.0,0.0,0.0,0.0,69.2,0,150,71,55,65476,0,300,0,1,8,20529,65476,0,0,40632,65.0,0.0,0.0,0.0,0.0,0.0
2026-09-04T20:12:03,ERR,ERR,ERR,ERR,ERR,ERR,ERR,ERR,ERR,ERR,ERR,ERR,ERR,ERR,ERR,ERR,ERR,ERR,ERR,ERR,ERR,ERR,ERR,ERR,ERR,ERR,ERR,ERR,ERR,ERR,ERR,ERR,ERR,ERR,ERR,ERR,ERR,ERR,ERR,ERR,ERR,ERR,ERR,ERR,ERR,ERR,ERR,ERR,ERR,ERR,ERR,ERR,ERR,ERR,ERR,ERR,ERR,ERR,ERR,ERR,ERR,ERR,ERR,ERR,ERR,ERR,ERR,ERR,ERR,ERR,ERR,ERR,ERR,ERR,ERR,ERR,ERR,ERR,ERR,ERR,ERR,ERR,ERR,ERR,ERR,ERR,ERR,ERR,ERR,ERR,ERR,ERR,ERR,ERR,ERR,ERR,ERR,ERR,ERR,ERR,ERR,ERR,ERR,ERR,ERR,ERR,ERR,ERR,ERR,ERR,ERR,ERR,ERR,ERR,ERR,ERR,ERR,ERR,ERR,ERR,ERR,ERR,ERR,ERR,ERR,2.718430741444032e+23,2.7184312818759872e+23,0.0,0.0,0.0,1.3936040501711995e+18,7.805,0.0,0,0,4,0,7116,0.0,100,0.0,0.0,0.0,0.0,0.0,0,0,0,0,0.0,0,0,0,0,0,0,0,0,0,0,0,0,0,0,0,0,0,0,0,0,0,0,0,0,0,0,0,0,0,0,0,0,0,31,40,40,71,65476,0,300,0,0,8,21553,0.0,-107605600.0,0.0,0.0,0.0,0.0,0.0,0.0,0.0,0.0,0.0,0.0,0.0,0.0,0.0,0.0,0.0,0.0,0.0,0.0,0.0,0.0,0.0,-2.004,-2.004,0.0,0.0,0.0,0.0,0.0,6209.0,-0.0,6930.0,2.718430741444032e+23,2.7184312818759872e+23,-0.0,2.718430741444032e+23,0.0,0.0,0.0,0.0,69,3.222031544164523e+26,0.0,0.0,0.0,0.0,0.0,0.0,0.0,0.0,0,0,0,0.0,0.0,0.0,0.0,0.0,0.0,0.0,0.0,0.0,0.0,0.0,0.0,0.0,0.0,0.0,0.0,0,-107875648.0,69,0.0,138,0.0,-109447200.0,0,13107,17040,26215,17049,13107,17043,0,0,0,70,68,100,2.7302359370752657e+23,71.2,2.7302370179391762e+23,74.3,-0.0,74.0,1,49,50,180,13107,0,0,0,0.0,0.0,0.0,0.0,-0.0,67.0,0.0,162057.094,0.0,751,0,739,0,0,0,721,0,767,0,736,0,742,0,742,0,712,0,7520,0.032,108447924224.0,0.0,0.0,784,16797,-0.0,162057.094,-114818.039,-0.0,0.133,6.909358625270745e+28,30.0,65.0,35,0.0,0.0,0.0,0.0,0.0,0.0,0.0,0.0,0.0,0.0,0.0,0.0,0.0,0.0,0.0,0.0,69.6,0,150,71,55,65476,0,300,0,1,8,20529,65476,0,0,40632,65.0,0.0,0.0,0.0,0.0,0.0
2026-09-04T20:12:04,ERR,ERR,ERR,ERR,ERR,ERR,ERR,ERR,ERR,ERR,ERR,ERR,ERR,ERR,ERR,ERR,ERR,ERR,ERR,ERR,ERR,ERR,ERR,ERR,ERR,ERR,ERR,ERR,ERR,ERR,ERR,ERR,ERR,ERR,ERR,ERR,ERR,ERR,ERR,ERR,ERR,ERR,ERR,ERR,ERR,ERR,ERR,ERR,ERR,ERR,ERR,ERR,ERR,ERR,ERR,ERR,ERR,ERR,ERR,ERR,ERR,ERR,ERR,ERR,ERR,ERR,ERR,ERR,ERR,ERR,ERR,ERR,ERR,ERR,ERR,ERR,ERR,ERR,ERR,ERR,ERR,ERR,ERR,ERR,ERR,ERR,ERR,ERR,ERR,ERR,ERR,ERR,ERR,ERR,ERR,ERR,ERR,ERR,ERR,ERR,ERR,ERR,ERR,ERR,ERR,ERR,ERR,ERR,ERR,ERR,ERR,ERR,ERR,ERR,ERR,ERR,ERR,ERR,ERR,ERR,ERR,ERR,ERR,ERR,ERR,2.718430741444032e+23,2.7184312818759872e+23,0.0,0.0,0.0,1.3936040501711995e+18,7.805,0.0,0,0,4,0,7116,0.0,100,0.0,0.0,0.0,0.0,0.0,0,0,0,0,0.0,0,0,0,0,0,0,0,0,0,0,0,0,0,0,0,0,0,0,0,0,0,0,0,0,0,0,0,0,0,0,0,0,0,31,40,40,71,65476,0,300,0,0,8,21553,0.0,-107605600.0,0.0,0.0,0.0,0.0,0.0,0.0,0.0,0.0,0.0,0.0,0.0,0.0,0.0,0.0,0.0,0.0,0.0,0.0,0.0,0.0,0.0,-2.004,-2.004,0.0,0.0,0.0,0.0,0.0,6209.0,-0.0,6930.0,2.718430741444032e+23,2.7184312818759872e+23,-0.0,2.718430741444032e+23,0.0,0.0,0.0,0.0,69,3.222031544164523e+26,0.0,0.0,0.0,0.0,0.0,0.0,0.0,0.0,0,0,0,0.0,0.0,0.0,0.0,0.0,0.0,0.0,0.0,0.0,0.0,0.0,0.0,0.0,0.0,0.0,0.0,0,-107875648.0,69,0.0,138,0.0,-109447200.0,0,13107,17040,26215,17049,13107,17043,0,0,0,70,68,100,2.7302359370752657e+23,71.2,2.7302370179391762e+23,74.3,-0.0,74.0,1,49,50,180,13107,0,0,0,0.0,0.0,0.0,0.0,-0.0,67.0,0.0,162057.094,0.0,751,0,739,0,0,0,721,0,767,0,736,0,742,0,742,0,712,0,7520,0.032,108447924224.0,0.0,0.0,784,16797,-0.0,162057.094,-114818.039,-0.0,0.133,6.909358625270745e+28,30.0,65.0,35,0.0,0.0,0.0,0.0,0.0,0.0,0.0,0.0,0.0,0.0,0.0,0.0,0.0,0.0,0.0,0.0,69.6,0,150,71,55,65476,0,300,0,1,8,20529,65476,0,0,40632,65.0,0.0,0.0,0.0,0.0,0.0
2026-09-04T20:12:05,ERR,ERR,ERR,ERR,ERR,ERR,ERR,ERR,ERR,ERR,ERR,ERR,ERR,ERR,ERR,ERR,ERR,ERR,ERR,ERR,ERR,ERR,ERR,ERR,ERR,ERR,ERR,ERR,ERR,ERR,ERR,ERR,ERR,ERR,ERR,ERR,ERR,ERR,ERR,ERR,ERR,ERR,ERR,ERR,ERR,ERR,ERR,ERR,ERR,ERR,ERR,ERR,ERR,ERR,ERR,ERR,ERR,ERR,ERR,ERR,ERR,ERR,ERR,ERR,ERR,ERR,ERR,ERR,ERR,ERR,ERR,ERR,ERR,ERR,ERR,ERR,ERR,ERR,ERR,ERR,ERR,ERR,ERR,ERR,ERR,ERR,ERR,ERR,ERR,ERR,ERR,ERR,ERR,ERR,ERR,ERR,ERR,ERR,ERR,ERR,ERR,ERR,ERR,ERR,ERR,ERR,ERR,ERR,ERR,ERR,ERR,ERR,ERR,ERR,ERR,ERR,ERR,ERR,ERR,ERR,ERR,ERR,ERR,ERR,ERR,2.718430741444032e+23,2.7184312818759872e+23,0.0,0.0,0.0,1.3936040501711995e+18,7.805,0.0,0,0,4,0,7116,0.0,100,0.0,0.0,0.0,0.0,0.0,0,0,0,0,0.0,0,0,0,0,0,0,0,0,0,0,0,0,0,0,0,0,0,0,0,0,0,0,0,0,0,0,0,0,0,0,0,0,0,31,40,40,71,65476,0,300,0,0,8,21553,0.0,-107605600.0,0.0,0.0,0.0,0.0,0.0,0.0,0.0,0.0,0.0,0.0,0.0,0.0,0.0,0.0,0.0,0.0,0.0,0.0,0.0,0.0,0.0,-2.004,-2.004,0.0,0.0,0.0,0.0,0.0,6209.0,-0.0,6930.0,2.718430741444032e+23,2.7184312818759872e+23,-0.0,2.718430741444032e+23,0.0,0.0,0.0,0.0,69,3.222031544164523e+26,0.0,0.0,0.0,0.0,0.0,0.0,0.0,0.0,0,0,0,0.0,0.0,0.0,0.0,0.0,0.0,0.0,0.0,0.0,0.0,0.0,0.0,0.0,0.0,0.0,0.0,0,-107875648.0,69,0.0,138,0.0,-109447200.0,0,13107,17040,26215,17049,13107,17043,0,0,0,70,68,100,2.7302359370752657e+23,71.2,2.7302370179391762e+23,74.3,-0.0,74.0,1,49,50,180,13107,0,0,0,0.0,0.0,0.0,0.0,-0.0,67.0,0.0,162057.094,0.0,751,0,739,0,0,0,721,0,767,0,736,0,742,0,742,0,712,0,7520,0.032,108447924224.0,0.0,0.0,784,16797,-0.0,162057.094,-114818.039,-0.0,0.133,6.909358625270745e+28,30.0,65.0,35,0.0,0.0,0.0,0.0,0.0,0.0,0.0,0.0,0.0,0.0,0.0,0.0,0.0,0.0,0.0,0.0,69.2,0,150,71,55,65476,0,300,0,1,8,20529,65476,0,0,40632,65.0,0.0,0.0,0.0,0.0,0.0
2026-09-04T20:12:06,ERR,ERR,ERR,ERR,ERR,ERR,ERR,ERR,ERR,ERR,ERR,ERR,ERR,ERR,ERR,ERR,ERR,ERR,ERR,ERR,ERR,ERR,ERR,ERR,ERR,ERR,ERR,ERR,ERR,ERR,ERR,ERR,ERR,ERR,ERR,ERR,ERR,ERR,ERR,ERR,ERR,ERR,ERR,ERR,ERR,ERR,ERR,ERR,ERR,ERR,ERR,ERR,ERR,ERR,ERR,ERR,ERR,ERR,ERR,ERR,ERR,ERR,ERR,ERR,ERR,ERR,ERR,ERR,ERR,ERR,ERR,ERR,ERR,ERR,ERR,ERR,ERR,ERR,ERR,ERR,ERR,ERR,ERR,ERR,ERR,ERR,ERR,ERR,ERR,ERR,ERR,ERR,ERR,ERR,ERR,ERR,ERR,ERR,ERR,ERR,ERR,ERR,ERR,ERR,ERR,ERR,ERR,ERR,ERR,ERR,ERR,ERR,ERR,ERR,ERR,ERR,ERR,ERR,ERR,ERR,ERR,ERR,ERR,ERR,ERR,2.718430741444032e+23,2.7184312818759872e+23,0.0,0.0,0.0,1.3936040501711995e+18,7.805,0.0,0,0,4,0,7116,0.0,100,0.0,0.0,0.0,0.0,0.0,0,0,0,0,0.0,0,0,0,0,0,0,0,0,0,0,0,0,0,0,0,0,0,0,0,0,0,0,0,0,0,0,0,0,0,0,0,0,0,31,40,40,71,65476,0,300,0,0,8,21553,0.0,-107605600.0,0.0,0.0,0.0,0.0,0.0,0.0,0.0,0.0,0.0,0.0,0.0,0.0,-2.596148429267414e+33,0.0,0.0,0.0,0.0,0.0,0.0,0.0,0.0,-2.004,-2.004,0.0,0.0,0.0,0.0,0.0,6214.0,3.69720284620144e+19,6925.0,2.718430741444032e+23,2.7184312818759872e+23,-0.0,2.718430741444032e+23,0.0,0.0,0.0,0.0,69,-0.0,-152018085740544.0,0.0,0.0,0.0,0.0,0.0,0.0,0.0,0,0,0,0.0,0.0,0.0,0.0,0.0,0.0,0.0,0.0,0.0,0.0,0.0,0.0,0.0,0.0,0.0,0.0,0,-107875648.0,69,0.0,138,0.0,-109447200.0,0,13107,17040,26215,17049,13107,17043,0,0,0,70,68,100,2.7302359370752657e+23,71.2,2.7302370179391762e+23,74.2,-0.0,74.0,1,49,50,180,13107,0,0,0,0.0,0.0,0.0,0.0,-0.0,67.0,0.0,162057.094,0.0,751,0,740,0,0,0,721,0,767,0,737,0,742,0,742,0,712,0,7520,0.032,108984795136.0,0.0,0.0,784,16797,-0.0,162057.094,-114818.039,-0.0,0.133,6.909358625270745e+28,30.0,65.0,35,0.0,0.0,0.0,0.0,0.0,0.0,0.0,0.0,0.0,0.0,0.0,0.0,0.0,0.0,0.0,0.0,69.2,0,150,71,55,65476,0,300,0,1,8,20529,65476,0,0,40632,65.0,0.0,0.0,0.0,0.0,0.0
2026-09-04T20:12:07,ERR,ERR,ERR,ERR,ERR,ERR,ERR,ERR,ERR,ERR,ERR,ERR,ERR,ERR,ERR,ERR,ERR,ERR,ERR,ERR,ERR,ERR,ERR,ERR,ERR,ERR,ERR,ERR,ERR,ERR,ERR,ERR,ERR,ERR,ERR,ERR,ERR,ERR,ERR,ERR,ERR,ERR,ERR,ERR,ERR,ERR,ERR,ERR,ERR,ERR,ERR,ERR,ERR,ERR,ERR,ERR,ERR,ERR,ERR,ERR,ERR,ERR,ERR,ERR,ERR,ERR,ERR,ERR,ERR,ERR,ERR,ERR,ERR,ERR,ERR,ERR,ERR,ERR,ERR,ERR,ERR,ERR,ERR,ERR,ERR,ERR,ERR,ERR,ERR,ERR,ERR,ERR,ERR,ERR,ERR,ERR,ERR,ERR,ERR,ERR,ERR,ERR,ERR,ERR,ERR,ERR,ERR,ERR,ERR,ERR,ERR,ERR,ERR,ERR,ERR,ERR,ERR,ERR,ERR,ERR,ERR,ERR,ERR,ERR,ERR,2.718430741444032e+23,2.7184312818759872e+23,0.0,0.0,0.0,1.3936040501711995e+18,7.805,0.0,0,0,4,0,7116,0.0,100,0.0,0.0,0.0,0.0,0.0,0,0,0,0,0.0,0,0,0,0,0,0,0,0,0,0,0,0,0,0,0,0,0,0,0,0,0,0,0,0,0,0,0,0,0,0,0,0,0,31,40,40,71,65476,0,300,0,0,8,21553,0.0,-107605600.0,0.0,0.0,0.0,0.0,0.0,0.0,0.0,0.0,0.0,0.0,0.0,0.0,-2.596148429267414e+33,0.0,0.0,0.0,0.0,0.0,0.0,0.0,0.0,-2.004,-2.004,0.0,0.0,0.0,0.0,0.0,6214.0,3.69720284620144e+19,6925.0,2.718430741444032e+23,2.7184312818759872e+23,-0.0,2.718430741444032e+23,0.0,0.0,0.0,0.0,69,-0.0,-152018085740544.0,0.0,0.0,0.0,0.0,0.0,0.0,0.0,0,0,0,0.0,0.0,0.0,0.0,0.0,0.0,0.0,0.0,0.0,0.0,0.0,0.0,0.0,0.0,0.0,0.0,0,-107875648.0,69,0.0,138,0.0,-109447200.0,0,13107,17040,26215,17049,13107,17043,0,0,0,70,68,100,2.7302359370752657e+23,71.2,2.7302370179391762e+23,74.2,-0.0,74.0,1,49,50,180,13107,0,0,0,0.0,0.0,0.0,0.0,-0.0,67.0,0.0,162057.094,0.0,751,0,740,0,0,0,721,0,767,0,737,0,742,0,742,0,712,0,7520,0.032,108984795136.0,0.0,0.0,784,16797,-0.0,162057.094,-114818.039,-0.0,0.133,6.909358625270745e+28,30.0,65.0,35,0.0,0.0,0.0,0.0,0.0,0.0,0.0,0.0,0.0,0.0,0.0,0.0,0.0,0.0,0.0,0.0,69.2,0,150,71,55,65476,0,300,0,1,8,20529,65476,0,0,40632,65.0,0.0,0.0,0.0,0.0,0.0
2026-09-04T20:12:08,ERR,ERR,ERR,ERR,ERR,ERR,ERR,ERR,ERR,ERR,ERR,ERR,ERR,ERR,ERR,ERR,ERR,ERR,ERR,ERR,ERR,ERR,ERR,ERR,ERR,ERR,ERR,ERR,ERR,ERR,ERR,ERR,ERR,ERR,ERR,ERR,ERR,ERR,ERR,ERR,ERR,ERR,ERR,ERR,ERR,ERR,ERR,ERR,ERR,ERR,ERR,ERR,ERR,ERR,ERR,ERR,ERR,ERR,ERR,ERR,ERR,ERR,ERR,ERR,ERR,ERR,ERR,ERR,ERR,ERR,ERR,ERR,ERR,ERR,ERR,ERR,ERR,ERR,ERR,ERR,ERR,ERR,ERR,ERR,ERR,ERR,ERR,ERR,ERR,ERR,ERR,ERR,ERR,ERR,ERR,ERR,ERR,ERR,ERR,ERR,ERR,ERR,ERR,ERR,ERR,ERR,ERR,ERR,ERR,ERR,ERR,ERR,ERR,ERR,ERR,ERR,ERR,ERR,ERR,ERR,ERR,ERR,ERR,ERR,ERR,2.718430741444032e+23,2.7184312818759872e+23,0.0,0.0,0.0,1.3936040501711995e+18,7.805,0.0,0,0,4,0,7116,0.0,100,0.0,0.0,0.0,0.0,0.0,0,0,0,0,0.0,0,0,0,0,0,0,0,0,0,0,0,0,0,0,0,0,0,0,0,0,0,0,0,0,0,0,0,0,0,0,0,0,0,31,40,40,71,65476,0,300,0,0,8,21553,0.0,-107605600.0,0.0,0.0,0.0,0.0,0.0,0.0,0.0,0.0,0.0,0.0,0.0,0.0,-2.596148429267414e+33,0.0,0.0,0.0,0.0,0.0,0.0,0.0,0.0,-2.004,-2.004,0.0,0.0,0.0,0.0,0.0,6214.0,3.69720284620144e+19,6925.0,2.718430741444032e+23,2.7184312818759872e+23,-0.0,2.718430741444032e+23,0.0,0.0,0.0,0.0,69,-0.0,-152018085740544.0,0.0,0.0,0.0,0.0,0.0,0.0,0.0,0,0,0,0.0,0.0,0.0,0.0,0.0,0.0,0.0,0.0,0.0,0.0,0.0,0.0,0.0,0.0,0.0,0.0,0,-107875648.0,69,0.0,138,0.0,-109447200.0,0,13107,17040,26215,17049,13107,17043,0,0,0,70,68,100,2.7302359370752657e+23,71.2,2.7302370179391762e+23,74.2,-0.0,74.0,1,49,50,180,13107,0,0,0,0.0,0.0,0.0,0.0,-0.0,67.0,0.0,162057.094,0.0,751,0,740,0,0,0,721,0,767,0,737,0,742,0,742,0,712,0,7520,0.032,108984795136.0,0.0,0.0,784,16797,-0.0,162057.094,-114818.039,-0.0,0.133,6.909358625270745e+28,30.0,65.0,35,0.0,0.0,0.0,0.0,0.0,0.0,0.0,0.0,0.0,0.0,0.0,0.0,0.0,0.0,0.0,0.0,69.6,0,150,71,55,65476,0,300,0,1,8,20529,65476,0,0,40632,65.0,0.0,0.0,0.0,0.0,0.0
2026-09-04T20:12:09,ERR,ERR,ERR,ERR,ERR,ERR,ERR,ERR,ERR,ERR,ERR,ERR,ERR,ERR,ERR,ERR,ERR,ERR,ERR,ERR,ERR,ERR,ERR,ERR,ERR,ERR,ERR,ERR,ERR,ERR,ERR,ERR,ERR,ERR,ERR,ERR,ERR,ERR,ERR,ERR,ERR,ERR,ERR,ERR,ERR,ERR,ERR,ERR,ERR,ERR,ERR,ERR,ERR,ERR,ERR,ERR,ERR,ERR,ERR,ERR,ERR,ERR,ERR,ERR,ERR,ERR,ERR,ERR,ERR,ERR,ERR,ERR,ERR,ERR,ERR,ERR,ERR,ERR,ERR,ERR,ERR,ERR,ERR,ERR,ERR,ERR,ERR,ERR,ERR,ERR,ERR,ERR,ERR,ERR,ERR,ERR,ERR,ERR,ERR,ERR,ERR,ERR,ERR,ERR,ERR,ERR,ERR,ERR,ERR,ERR,ERR,ERR,ERR,ERR,ERR,ERR,ERR,ERR,ERR,ERR,ERR,ERR,ERR,ERR,ERR,2.718430741444032e+23,2.7184312818759872e+23,0.0,0.0,0.0,1.3936040501711995e+18,7.805,0.0,0,0,4,0,7116,0.0,100,0.0,0.0,0.0,0.0,0.0,0,0,0,0,0.0,0,0,0,0,0,0,0,0,0,0,0,0,0,0,0,0,0,0,0,0,0,0,0,0,0,0,0,0,0,0,0,0,0,31,40,40,71,65476,0,300,0,0,8,21553,0.0,-107605600.0,0.0,0.0,0.0,0.0,0.0,0.0,0.0,0.0,0.0,0.0,0.0,0.0,-2.596148429267414e+33,0.0,0.0,0.0,0.0,0.0,0.0,0.0,0.0,-2.004,-2.004,0.0,0.0,0.0,0.0,0.0,6214.0,3.69720284620144e+19,6925.0,2.718430741444032e+23,2.7184312818759872e+23,-0.0,2.718430741444032e+23,0.0,0.0,0.0,0.0,69,-0.0,-152018085740544.0,0.0,0.0,0.0,0.0,0.0,0.0,0.0,0,0,0,0.0,0.0,0.0,0.0,0.0,0.0,0.0,0.0,0.0,0.0,0.0,0.0,0.0,0.0,0.0,0.0,0,-107875648.0,69,0.0,138,0.0,-109447200.0,0,13107,17040,26215,17049,13107,17043,0,0,0,70,68,100,2.7302359370752657e+23,71.2,2.7302370179391762e+23,74.2,-0.0,74.0,1,49,50,180,13107,0,0,0,0.0,0.0,0.0,0.0,-0.0,67.0,0.0,162057.094,0.0,751,0,740,0,0,0,721,0,767,0,737,0,742,0,742,0,712,0,7520,0.032,108984795136.0,0.0,0.0,784,16797,-0.0,162057.094,-114818.039,-0.0,0.133,6.909358625270745e+28,30.0,65.0,35,0.0,0.0,0.0,0.0,0.0,0.0,0.0,0.0,0.0,0.0,0.0,0.0,0.0,0.0,0.0,0.0,69.6,0,150,71,55,65476,0,300,0,1,8,20529,65476,0,0,40632,65.0,0.0,0.0,0.0,0.0,0.0
2026-09-04T20:12:10,ERR,ERR,ERR,ERR,ERR,ERR,ERR,ERR,ERR,ERR,ERR,ERR,ERR,ERR,ERR,ERR,ERR,ERR,ERR,ERR,ERR,ERR,ERR,ERR,ERR,ERR,ERR,ERR,ERR,ERR,ERR,ERR,ERR,ERR,ERR,ERR,ERR,ERR,ERR,ERR,ERR,ERR,ERR,ERR,ERR,ERR,ERR,ERR,ERR,ERR,ERR,ERR,ERR,ERR,ERR,ERR,ERR,ERR,ERR,ERR,ERR,ERR,ERR,ERR,ERR,ERR,ERR,ERR,ERR,ERR,ERR,ERR,ERR,ERR,ERR,ERR,ERR,ERR,ERR,ERR,ERR,ERR,ERR,ERR,ERR,ERR,ERR,ERR,ERR,ERR,ERR,ERR,ERR,ERR,ERR,ERR,ERR,ERR,ERR,ERR,ERR,ERR,ERR,ERR,ERR,ERR,ERR,ERR,ERR,ERR,ERR,ERR,ERR,ERR,ERR,ERR,ERR,ERR,ERR,ERR,ERR,ERR,ERR,ERR,ERR,2.718430741444032e+23,2.7184312818759872e+23,0.0,0.0,0.0,1.3936040501711995e+18,7.805,0.0,0,0,4,0,7116,0.0,100,0.0,0.0,0.0,0.0,0.0,0,0,0,0,0.0,0,0,0,0,0,0,0,0,0,0,0,0,0,0,0,0,0,0,0,0,0,0,0,0,0,0,0,0,0,0,0,0,0,31,40,40,71,65476,0,300,0,0,8,21553,0.0,-107605600.0,0.0,0.0,0.0,0.0,0.0,0.0,0.0,0.0,0.0,0.0,0.0,0.0,-2.596148429267414e+33,0.0,0.0,0.0,0.0,0.0,0.0,0.0,0.0,-2.004,-2.004,0.0,0.0,0.0,0.0,0.0,6214.0,3.69720284620144e+19,6925.0,2.718430741444032e+23,2.7184312818759872e+23,-0.0,2.718430741444032e+23,0.0,0.0,0.0,0.0,69,-0.0,-152018085740544.0,0.0,0.0,0.0,0.0,0.0,0.0,0.0,0,0,0,0.0,0.0,0.0,0.0,0.0,0.0,0.0,0.0,0.0,0.0,0.0,0.0,0.0,0.0,0.0,0.0,0,-107875648.0,69,0.0,138,0.0,-109447200.0,0,13107,17040,26215,17049,13107,17043,0,0,0,70,68,100,2.7302359370752657e+23,71.2,2.7302370179391762e+23,74.2,-0.0,74.0,1,49,50,180,13107,0,0,0,0.0,0.0,0.0,0.0,-0.0,67.0,0.0,162057.094,0.0,751,0,740,0,0,0,721,0,767,0,737,0,742,0,742,0,712,0,7520,0.032,108984795136.0,0.0,0.0,784,16797,-0.0,162057.094,-114818.039,-0.0,0.133,6.909358625270745e+28,30.0,65.0,35,0.0,0.0,0.0,0.0,0.0,0.0,0.0,0.0,0.0,0.0,0.0,0.0,0.0,0.0,0.0,0.0,69.2,0,150,71,55,65476,0,300,0,1,8,20529,65476,0,0,40632,65.0,0.0,0.0,0.0,0.0,0.0
2026-09-04T20:12:11,ERR,ERR,ERR,ERR,ERR,ERR,ERR,ERR,ERR,ERR,ERR,ERR,ERR,ERR,ERR,ERR,ERR,ERR,ERR,ERR,ERR,ERR,ERR,ERR,ERR,ERR,ERR,ERR,ERR,ERR,ERR,ERR,ERR,ERR,ERR,ERR,ERR,ERR,ERR,ERR,ERR,ERR,ERR,ERR,ERR,ERR,ERR,ERR,ERR,ERR,ERR,ERR,ERR,ERR,ERR,ERR,ERR,ERR,ERR,ERR,ERR,ERR,ERR,ERR,ERR,ERR,ERR,ERR,ERR,ERR,ERR,ERR,ERR,ERR,ERR,ERR,ERR,ERR,ERR,ERR,ERR,ERR,ERR,ERR,ERR,ERR,ERR,ERR,ERR,ERR,ERR,ERR,ERR,ERR,ERR,ERR,ERR,ERR,ERR,ERR,ERR,ERR,ERR,ERR,ERR,ERR,ERR,ERR,ERR,ERR,ERR,ERR,ERR,ERR,ERR,ERR,ERR,ERR,ERR,ERR,ERR,ERR,ERR,ERR,ERR,2.718430741444032e+23,2.7184312818759872e+23,0.0,0.0,0.0,1.3936040501711995e+18,7.805,0.0,0,0,4,0,7116,0.0,100,0.0,0.0,0.0,0.0,0.0,0,0,0,0,0.0,0,0,0,0,0,0,0,0,0,0,0,0,0,0,0,0,0,0,0,0,0,0,0,0,0,0,0,0,0,0,0,0,0,31,40,40,71,65476,0,300,0,0,8,21553,0.0,-107605600.0,0.0,0.0,0.0,0.0,0.0,0.0,0.0,0.0,0.0,0.0,0.0,0.0,-2.596148429267414e+33,0.0,0.0,0.0,0.0,0.0,0.0,0.0,0.0,-2.004,-2.004,0.0,0.0,0.0,0.0,0.0,6214.0,3.69720284620144e+19,6925.0,2.718430741444032e+23,2.7184312818759872e+23,-0.0,2.718430741444032e+23,0.0,0.0,0.0,0.0,69,-0.0,-152018085740544.0,0.0,0.0,0.0,0.0,0.0,0.0,0.0,0,0,0,0.0,0.0,0.0,0.0,0.0,0.0,0.0,0.0,0.0,0.0,0.0,0.0,0.0,0.0,0.0,0.0,0,-107875648.0,69,0.0,138,0.0,-109447200.0,0,13107,17040,26215,17049,13107,17043,0,0,0,70,68,100,2.7302359370752657e+23,71.2,2.7302370179391762e+23,74.2,2.7302370179391762e+23,74.0,1,49,50,180,13107,0,0,0,0.0,0.0,0.0,0.0,-0.0,67.0,0.0,162057.094,0.0,751,0,740,0,0,0,721,0,768,0,737,0,742,0,742,0,712,0,7520,0.032,108984795136.0,0.0,0.0,784,16797,-0.0,162057.094,-114818.039,-0.0,0.133,6.909358625270745e+28,30.0,65.0,35,0.0,0.0,0.0,0.0,0.0,0.0,0.0,0.0,0.0,0.0,0.0,0.0,0.0,0.0,0.0,0.0,69.2,0,150,71,55,65476,0,300,0,1,8,20529,65476,0,0,40632,65.0,0.0,0.0,0.0,0.0,0.0
2026-09-04T20:12:12,ERR,ERR,ERR,ERR,ERR,ERR,ERR,ERR,ERR,ERR,ERR,ERR,ERR,ERR,ERR,ERR,ERR,ERR,ERR,ERR,ERR,ERR,ERR,ERR,ERR,ERR,ERR,ERR,ERR,ERR,ERR,ERR,ERR,ERR,ERR,ERR,ERR,ERR,ERR,ERR,ERR,ERR,ERR,ERR,ERR,ERR,ERR,ERR,ERR,ERR,ERR,ERR,ERR,ERR,ERR,ERR,ERR,ERR,ERR,ERR,ERR,ERR,ERR,ERR,ERR,ERR,ERR,ERR,ERR,ERR,ERR,ERR,ERR,ERR,ERR,ERR,ERR,ERR,ERR,ERR,ERR,ERR,ERR,ERR,ERR,ERR,ERR,ERR,ERR,ERR,ERR,ERR,ERR,ERR,ERR,ERR,ERR,ERR,ERR,ERR,ERR,ERR,ERR,ERR,ERR,ERR,ERR,ERR,ERR,ERR,ERR,ERR,ERR,ERR,ERR,ERR,ERR,ERR,ERR,ERR,ERR,ERR,ERR,ERR,ERR,2.718430741444032e+23,2.7184312818759872e+23,0.0,0.0,0.0,1.3936040501711995e+18,7.805,0.0,0,0,4,0,7116,0.0,100,0.0,0.0,0.0,0.0,0.0,0,0,0,0,0.0,0,0,0,0,0,0,0,0,0,0,0,0,0,0,0,0,0,0,0,0,0,0,0,0,0,0,0,0,0,0,0,0,0,31,40,40,71,65476,0,300,0,0,8,21553,0.0,-107605600.0,0.0,0.0,0.0,0.0,0.0,0.0,0.0,0.0,0.0,0.0,0.0,0.0,-2.596148429267414e+33,0.0,0.0,0.0,0.0,0.0,0.0,0.0,0.0,-2.004,-2.004,0.0,0.0,0.0,0.0,0.0,6214.0,3.69720284620144e+19,6925.0,2.718430741444032e+23,2.7184312818759872e+23,-0.0,2.718430741444032e+23,0.0,0.0,0.0,0.0,69,-0.0,-152018085740544.0,0.0,0.0,0.0,0.0,0.0,0.0,0.0,0,0,0,0.0,0.0,0.0,0.0,0.0,0.0,0.0,0.0,0.0,0.0,0.0,0.0,0.0,0.0,0.0,0.0,0,-107875648.0,69,0.0,138,0.0,-109447200.0,0,13107,17040,26215,17049,13107,17043,0,0,0,70,68,100,2.7302359370752657e+23,71.2,2.7302370179391762e+23,74.2,2.7302370179391762e+23,74.0,1,49,50,180,13107,0,0,0,0.0,0.0,0.0,0.0,-0.0,67.0,0.0,162057.094,0.0,751,0,740,0,0,0,721,0,768,0,737,0,742,0,742,0,712,0,7520,0.032,108984795136.0,0.0,0.0,784,16797,-0.0,162057.094,-114818.039,-0.0,0.133,6.909358625270745e+28,30.0,65.0,35,0.0,0.0,0.0,0.0,0.0,0.0,0.0,0.0,0.0,0.0,0.0,0.0,0.0,0.0,0.0,0.0,69.2,0,150,71,55,65476,0,300,0,1,8,20529,65476,0,0,40632,65.0,0.0,0.0,0.0,0.0,0.0
2026-09-04T20:12:13,ERR,ERR,ERR,ERR,ERR,ERR,ERR,ERR,ERR,ERR,ERR,ERR,ERR,ERR,ERR,ERR,ERR,ERR,ERR,ERR,ERR,ERR,ERR,ERR,ERR,ERR,ERR,ERR,ERR,ERR,ERR,ERR,ERR,ERR,ERR,ERR,ERR,ERR,ERR,ERR,ERR,ERR,ERR,ERR,ERR,ERR,ERR,ERR,ERR,ERR,ERR,ERR,ERR,ERR,ERR,ERR,ERR,ERR,ERR,ERR,ERR,ERR,ERR,ERR,ERR,ERR,ERR,ERR,ERR,ERR,ERR,ERR,ERR,ERR,ERR,ERR,ERR,ERR,ERR,ERR,ERR,ERR,ERR,ERR,ERR,ERR,ERR,ERR,ERR,ERR,ERR,ERR,ERR,ERR,ERR,ERR,ERR,ERR,ERR,ERR,ERR,ERR,ERR,ERR,ERR,ERR,ERR,ERR,ERR,ERR,ERR,ERR,ERR,ERR,ERR,ERR,ERR,ERR,ERR,ERR,ERR,ERR,ERR,ERR,ERR,2.718430741444032e+23,2.7184312818759872e+23,0.0,0.0,0.0,1.3936040501711995e+18,7.805,0.0,0,0,4,0,7116,0.0,100,0.0,0.0,0.0,0.0,0.0,0,0,0,0,0.0,0,0,0,0,0,0,0,0,0,0,0,0,0,0,0,0,0,0,0,0,0,0,0,0,0,0,0,0,0,0,0,0,0,31,40,40,71,65476,0,300,0,0,8,21553,0.0,-107605600.0,0.0,0.0,0.0,0.0,0.0,0.0,0.0,0.0,0.0,0.0,0.0,0.0,-2.596148429267414e+33,0.0,0.0,0.0,0.0,0.0,0.0,0.0,0.0,-2.004,-2.004,0.0,0.0,0.0,0.0,0.0,6214.0,3.69720284620144e+19,6925.0,2.718430741444032e+23,2.7184312818759872e+23,-0.0,2.718430741444032e+23,0.0,0.0,0.0,0.0,69,-0.0,-152018085740544.0,0.0,0.0,0.0,0.0,0.0,0.0,0.0,0,0,0,0.0,0.0,0.0,0.0,0.0,0.0,0.0,0.0,0.0,0.0,0.0,0.0,0.0,0.0,0.0,0.0,0,-107875648.0,69,0.0,138,0.0,-109447200.0,0,13107,17040,26215,17049,13107,17043,0,0,0,70,68,100,2.7302359370752657e+23,71.2,2.7302370179391762e+23,74.2,2.7302370179391762e+23,74.0,1,49,50,180,13107,0,0,0,0.0,0.0,0.0,0.0,-0.0,67.0,0.0,162057.094,0.0,751,0,740,0,0,0,721,0,768,0,737,0,742,0,742,0,712,0,7520,0.032,108984795136.0,0.0,0.0,784,16797,-0.0,162057.094,-114818.039,-0.0,0.133,6.909358625270745e+28,30.0,65.0,35,0.0,0.0,0.0,0.0,0.0,0.0,0.0,0.0,0.0,0.0,0.0,0.0,0.0,0.0,0.0,0.0,69.2,0,150,71,55,65476,0,300,0,1,8,20529,65476,0,0,40632,65.0,0.0,0.0,0.0,0.0,0.0
2026-09-04T20:12:14,ERR,ERR,ERR,ERR,ERR,ERR,ERR,ERR,ERR,ERR,ERR,ERR,ERR,ERR,ERR,ERR,ERR,ERR,ERR,ERR,ERR,ERR,ERR,ERR,ERR,ERR,ERR,ERR,ERR,ERR,ERR,ERR,ERR,ERR,ERR,ERR,ERR,ERR,ERR,ERR,ERR,ERR,ERR,ERR,ERR,ERR,ERR,ERR,ERR,ERR,ERR,ERR,ERR,ERR,ERR,ERR,ERR,ERR,ERR,ERR,ERR,ERR,ERR,ERR,ERR,ERR,ERR,ERR,ERR,ERR,ERR,ERR,ERR,ERR,ERR,ERR,ERR,ERR,ERR,ERR,ERR,ERR,ERR,ERR,ERR,ERR,ERR,ERR,ERR,ERR,ERR,ERR,ERR,ERR,ERR,ERR,ERR,ERR,ERR,ERR,ERR,ERR,ERR,ERR,ERR,ERR,ERR,ERR,ERR,ERR,ERR,ERR,ERR,ERR,ERR,ERR,ERR,ERR,ERR,ERR,ERR,ERR,ERR,ERR,ERR,2.718430741444032e+23,2.7184312818759872e+23,0.0,0.0,0.0,1.3936040501711995e+18,7.805,0.0,0,0,4,0,7116,0.0,100,0.0,0.0,0.0,0.0,0.0,0,0,0,0,0.0,0,0,0,0,0,0,0,0,0,0,0,0,0,0,0,0,0,0,0,0,0,0,0,0,0,0,0,0,0,0,0,0,0,31,40,40,71,65476,0,300,0,0,8,21553,0.0,-107605600.0,0.0,0.0,0.0,0.0,0.0,0.0,0.0,0.0,0.0,0.0,0.0,0.0,0.0,0.0,0.0,0.0,0.0,0.0,0.0,0.0,0.0,-2.004,-2.004,0.0,0.0,0.0,0.0,0.0,6215.0,-8608221184.0,6938.0,2.718430741444032e+23,2.7184312818759872e+23,-0.0,2.718430741444032e+23,0.0,0.0,0.0,0.0,69,-0.0,1.905694340903076e+17,0.0,0.0,0.0,0.0,0.0,0.0,0.0,0,0,0,0.0,0.0,0.0,0.0,0.0,0.0,0.0,0.0,0.0,0.0,0.0,0.0,0.0,0.0,0.0,0.0,0,-107875648.0,69,0.0,138,0.0,-109447200.0,0,13107,17040,26215,17049,13107,17043,0,0,0,70,68,100,2.7302359370752657e+23,71.2,2.7302370179391762e+23,74.2,2.7302370179391762e+23,74.0,1,49,50,180,13107,0,0,0,0.0,0.0,0.0,0.0,-0.0,67.0,0.0,162057.094,0.0,751,0,740,0,0,0,721,0,768,0,737,0,742,0,742,0,712,0,7520,0.032,108984795136.0,0.0,0.0,784,16797,-0.0,162057.094,-114818.039,-0.0,0.133,6.909358625270745e+28,30.0,65.0,35,0.0,0.0,0.0,0.0,0.0,0.0,0.0,0.0,0.0,0.0,0.0,0.0,0.0,0.0,0.0,0.0,69.2,0,150,71,55,65476,0,300,0,1,8,20529,65476,0,0,40632,65.0,0.0,0.0,0.0,0.0,0.0
2026-09-04T20:12:15,ERR,ERR,ERR,ERR,ERR,ERR,ERR,ERR,ERR,ERR,ERR,ERR,ERR,ERR,ERR,ERR,ERR,ERR,ERR,ERR,ERR,ERR,ERR,ERR,ERR,ERR,ERR,ERR,ERR,ERR,ERR,ERR,ERR,ERR,ERR,ERR,ERR,ERR,ERR,ERR,ERR,ERR,ERR,ERR,ERR,ERR,ERR,ERR,ERR,ERR,ERR,ERR,ERR,ERR,ERR,ERR,ERR,ERR,ERR,ERR,ERR,ERR,ERR,ERR,ERR,ERR,ERR,ERR,ERR,ERR,ERR,ERR,ERR,ERR,ERR,ERR,ERR,ERR,ERR,ERR,ERR,ERR,ERR,ERR,ERR,ERR,ERR,ERR,ERR,ERR,ERR,ERR,ERR,ERR,ERR,ERR,ERR,ERR,ERR,ERR,ERR,ERR,ERR,ERR,ERR,ERR,ERR,ERR,ERR,ERR,ERR,ERR,ERR,ERR,ERR,ERR,ERR,ERR,ERR,ERR,ERR,ERR,ERR,ERR,ERR,2.718430741444032e+23,2.7184312818759872e+23,0.0,0.0,0.0,1.3936040501711995e+18,7.805,0.0,0,0,4,0,7116,0.0,100,0.0,0.0,0.0,0.0,0.0,0,0,0,0,0.0,0,0,0,0,0,0,0,0,0,0,0,0,0,0,0,0,0,0,0,0,0,0,0,0,0,0,0,0,0,0,0,0,0,31,40,40,71,65476,0,300,0,0,8,21553,0.0,-107605600.0,0.0,0.0,0.0,0.0,0.0,0.0,0.0,0.0,0.0,0.0,0.0,0.0,0.0,0.0,0.0,0.0,0.0,0.0,0.0,0.0,0.0,-2.004,-2.004,0.0,0.0,0.0,0.0,0.0,6215.0,-8608221184.0,6938.0,2.718430741444032e+23,2.7184312818759872e+23,-0.0,2.718430741444032e+23,0.0,0.0,0.0,0.0,69,-0.0,1.905694340903076e+17,0.0,0.0,0.0,0.0,0.0,0.0,0.0,0,0,0,0.0,0.0,0.0,0.0,0.0,0.0,0.0,0.0,0.0,0.0,0.0,0.0,0.0,0.0,0.0,0.0,0,-107875648.0,69,0.0,138,0.0,-109447200.0,0,13107,17040,26215,17049,13107,17043,0,0,0,70,68,100,2.7302359370752657e+23,71.2,2.7302370179391762e+23,74.2,2.7302370179391762e+23,74.0,1,49,50,180,13107,0,0,0,0.0,0.0,0.0,0.0,-0.0,67.0,0.0,162057.094,0.0,751,0,740,0,0,0,721,0,768,0,737,0,742,0,742,0,712,0,7520,0.032,108984795136.0,0.0,0.0,784,16797,-0.0,162057.094,-114818.039,-0.0,0.133,6.909358625270745e+28,30.0,65.0,35,0.0,0.0,0.0,0.0,0.0,0.0,0.0,0.0,0.0,0.0,0.0,0.0,0.0,0.0,0.0,0.0,69.6,0,150,71,55,65476,0,300,0,1,8,20529,65476,0,0,40632,65.0,0.0,0.0,0.0,0.0,0.0
2026-09-04T20:12:16,ERR,ERR,ERR,ERR,ERR,ERR,ERR,ERR,ERR,ERR,ERR,ERR,ERR,ERR,ERR,ERR,ERR,ERR,ERR,ERR,ERR,ERR,ERR,ERR,ERR,ERR,ERR,ERR,ERR,ERR,ERR,ERR,ERR,ERR,ERR,ERR,ERR,ERR,ERR,ERR,ERR,ERR,ERR,ERR,ERR,ERR,ERR,ERR,ERR,ERR,ERR,ERR,ERR,ERR,ERR,ERR,ERR,ERR,ERR,ERR,ERR,ERR,ERR,ERR,ERR,ERR,ERR,ERR,ERR,ERR,ERR,ERR,ERR,ERR,ERR,ERR,ERR,ERR,ERR,ERR,ERR,ERR,ERR,ERR,ERR,ERR,ERR,ERR,ERR,ERR,ERR,ERR,ERR,ERR,ERR,ERR,ERR,ERR,ERR,ERR,ERR,ERR,ERR,ERR,ERR,ERR,ERR,ERR,ERR,ERR,ERR,ERR,ERR,ERR,ERR,ERR,ERR,ERR,ERR,ERR,ERR,ERR,ERR,ERR,ERR,2.718430741444032e+23,2.7184312818759872e+23,0.0,0.0,0.0,1.3936040501711995e+18,7.805,0.0,0,0,4,0,7116,0.0,100,0.0,0.0,0.0,0.0,0.0,0,0,0,0,0.0,0,0,0,0,0,0,0,0,0,0,0,0,0,0,0,0,0,0,0,0,0,0,0,0,0,0,0,0,0,0,0,0,0,31,40,40,71,65476,0,300,0,0,8,21553,0.0,-107605600.0,0.0,0.0,0.0,0.0,0.0,0.0,0.0,0.0,0.0,0.0,0.0,0.0,0.0,0.0,0.0,0.0,0.0,0.0,0.0,0.0,0.0,-2.004,-2.004,0.0,0.0,0.0,0.0,0.0,6215.0,-8608221184.0,6938.0,2.718430741444032e+23,2.7184312818759872e+23,-0.0,2.718430741444032e+23,0.0,0.0,0.0,0.0,69,-0.0,1.905694340903076e+17,0.0,0.0,0.0,0.0,0.0,0.0,0.0,0,0,0,0.0,0.0,0.0,0.0,0.0,0.0,0.0,0.0,0.0,0.0,0.0,0.0,0.0,0.0,0.0,0.0,0,-107875648.0,69,0.0,138,0.0,-109447200.0,0,13107,17040,26215,17049,13107,17043,0,0,0,70,68,100,2.7302359370752657e+23,71.2,2.7302370179391762e+23,74.2,2.7302370179391762e+23,74.0,1,49,50,180,13107,0,0,0,0.0,0.0,0.0,0.0,-0.0,67.0,0.0,162057.094,0.0,751,0,740,0,0,0,721,0,768,0,737,0,742,0,742,0,712,0,7520,0.032,108984795136.0,0.0,0.0,784,16797,-0.0,162057.094,-114818.039,-0.0,0.133,6.909358625270745e+28,30.0,65.0,35,0.0,0.0,0.0,0.0,0.0,0.0,0.0,0.0,0.0,0.0,0.0,0.0,0.0,0.0,0.0,0.0,69.6,0,150,71,55,65476,0,300,0,1,8,20529,65476,0,0,40632,65.0,0.0,0.0,0.0,0.0,0.0
2026-09-04T20:12:17,ERR,ERR,ERR,ERR,ERR,ERR,ERR,ERR,ERR,ERR,ERR,ERR,ERR,ERR,ERR,ERR,ERR,ERR,ERR,ERR,ERR,ERR,ERR,ERR,ERR,ERR,ERR,ERR,ERR,ERR,ERR,ERR,ERR,ERR,ERR,ERR,ERR,ERR,ERR,ERR,ERR,ERR,ERR,ERR,ERR,ERR,ERR,ERR,ERR,ERR,ERR,ERR,ERR,ERR,ERR,ERR,ERR,ERR,ERR,ERR,ERR,ERR,ERR,ERR,ERR,ERR,ERR,ERR,ERR,ERR,ERR,ERR,ERR,ERR,ERR,ERR,ERR,ERR,ERR,ERR,ERR,ERR,ERR,ERR,ERR,ERR,ERR,ERR,ERR,ERR,ERR,ERR,ERR,ERR,ERR,ERR,ERR,ERR,ERR,ERR,ERR,ERR,ERR,ERR,ERR,ERR,ERR,ERR,ERR,ERR,ERR,ERR,ERR,ERR,ERR,ERR,ERR,ERR,ERR,ERR,ERR,ERR,ERR,ERR,ERR,2.718430741444032e+23,2.7184312818759872e+23,0.0,0.0,0.0,1.3936040501711995e+18,7.805,0.0,0,0,4,0,7116,0.0,100,0.0,0.0,0.0,0.0,0.0,0,0,0,0,0.0,0,0,0,0,0,0,0,0,0,0,0,0,0,0,0,0,0,0,0,0,0,0,0,0,0,0,0,0,0,0,0,0,0,31,40,40,71,65476,0,300,0,0,8,21553,0.0,-107605600.0,0.0,0.0,0.0,0.0,0.0,0.0,0.0,0.0,0.0,0.0,0.0,0.0,0.0,0.0,0.0,0.0,0.0,0.0,0.0,0.0,0.0,-2.004,-2.004,0.0,0.0,0.0,0.0,0.0,6215.0,-8608221184.0,6938.0,2.718430741444032e+23,2.7184312818759872e+23,-0.0,2.718430741444032e+23,0.0,0.0,0.0,0.0,69,-0.0,1.905694340903076e+17,0.0,0.0,0.0,0.0,0.0,0.0,0.0,0,0,0,0.0,0.0,0.0,0.0,0.0,0.0,0.0,0.0,0.0,0.0,0.0,0.0,0.0,0.0,0.0,0.0,0,-107875648.0,69,0.0,138,0.0,-109447200.0,0,13107,17040,26215,17049,13107,17043,0,0,0,70,68,100,2.7302359370752657e+23,71.2,2.7302370179391762e+23,74.3,-0.0,74.0,1,49,50,180,13107,0,0,0,0.0,0.0,0.0,0.0,-0.0,67.0,0.0,162057.094,0.0,751,0,739,0,0,0,721,0,767,0,737,0,742,0,742,0,712,0,7520,0.032,108447924224.0,0.0,0.0,784,16797,-0.0,162057.094,-114818.039,-0.0,0.133,6.909358625270745e+28,30.0,65.0,35,0.0,0.0,0.0,0.0,0.0,0.0,0.0,0.0,0.0,0.0,0.0,0.0,0.0,0.0,0.0,0.0,69.6,0,150,71,55,65476,0,300,0,1,8,20529,65476,0,0,40632,65.0,0.0,0.0,0.0,0.0,0.0
2026-09-04T20:12:18,ERR,ERR,ERR,ERR,ERR,ERR,ERR,ERR,ERR,ERR,ERR,ERR,ERR,ERR,ERR,ERR,ERR,ERR,ERR,ERR,ERR,ERR,ERR,ERR,ERR,ERR,ERR,ERR,ERR,ERR,ERR,ERR,ERR,ERR,ERR,ERR,ERR,ERR,ERR,ERR,ERR,ERR,ERR,ERR,ERR,ERR,ERR,ERR,ERR,ERR,ERR,ERR,ERR,ERR,ERR,ERR,ERR,ERR,ERR,ERR,ERR,ERR,ERR,ERR,ERR,ERR,ERR,ERR,ERR,ERR,ERR,ERR,ERR,ERR,ERR,ERR,ERR,ERR,ERR,ERR,ERR,ERR,ERR,ERR,ERR,ERR,ERR,ERR,ERR,ERR,ERR,ERR,ERR,ERR,ERR,ERR,ERR,ERR,ERR,ERR,ERR,ERR,ERR,ERR,ERR,ERR,ERR,ERR,ERR,ERR,ERR,ERR,ERR,ERR,ERR,ERR,ERR,ERR,ERR,ERR,ERR,ERR,ERR,ERR,ERR,2.718430741444032e+23,2.7184312818759872e+23,0.0,0.0,0.0,1.3936040501711995e+18,7.805,0.0,0,0,4,0,7116,0.0,100,0.0,0.0,0.0,0.0,0.0,0,0,0,0,0.0,0,0,0,0,0,0,0,0,0,0,0,0,0,0,0,0,0,0,0,0,0,0,0,0,0,0,0,0,0,0,0,0,0,31,40,40,71,65476,0,300,0,0,8,21553,0.0,-107605600.0,0.0,0.0,0.0,0.0,0.0,0.0,0.0,0.0,0.0,0.0,0.0,0.0,0.0,0.0,0.0,0.0,0.0,0.0,0.0,0.0,0.0,-2.004,-2.004,0.0,0.0,0.0,0.0,0.0,6215.0,-8608221184.0,6938.0,2.718430741444032e+23,2.7184312818759872e+23,-0.0,2.718430741444032e+23,0.0,0.0,0.0,0.0,69,-0.0,1.905694340903076e+17,0.0,0.0,0.0,0.0,0.0,0.0,0.0,0,0,0,0.0,0.0,0.0,0.0,0.0,0.0,0.0,0.0,0.0,0.0,0.0,0.0,0.0,0.0,0.0,0.0,0,-107875648.0,69,0.0,138,0.0,-109447200.0,0,13107,17040,26215,17049,13107,17043,0,0,0,70,68,100,2.7302359370752657e+23,71.2,2.7302370179391762e+23,74.3,-0.0,74.0,1,49,50,180,13107,0,0,0,0.0,0.0,0.0,0.0,-0.0,67.0,0.0,162057.094,0.0,751,0,739,0,0,0,721,0,767,0,737,0,742,0,742,0,712,0,7520,0.032,108447924224.0,0.0,0.0,784,16797,-0.0,162057.094,-114818.039,-0.0,0.133,6.909358625270745e+28,30.0,65.0,35,0.0,0.0,0.0,0.0,0.0,0.0,0.0,0.0,0.0,0.0,0.0,0.0,0.0,0.0,0.0,0.0,69.2,0,150,71,55,65476,0,300,0,1,8,20529,65476,0,0,40632,65.0,0.0,0.0,0.0,0.0,0.0
2026-09-04T20:12:19,ERR,ERR,ERR,ERR,ERR,ERR,ERR,ERR,ERR,ERR,ERR,ERR,ERR,ERR,ERR,ERR,ERR,ERR,ERR,ERR,ERR,ERR,ERR,ERR,ERR,ERR,ERR,ERR,ERR,ERR,ERR,ERR,ERR,ERR,ERR,ERR,ERR,ERR,ERR,ERR,ERR,ERR,ERR,ERR,ERR,ERR,ERR,ERR,ERR,ERR,ERR,ERR,ERR,ERR,ERR,ERR,ERR,ERR,ERR,ERR,ERR,ERR,ERR,ERR,ERR,ERR,ERR,ERR,ERR,ERR,ERR,ERR,ERR,ERR,ERR,ERR,ERR,ERR,ERR,ERR,ERR,ERR,ERR,ERR,ERR,ERR,ERR,ERR,ERR,ERR,ERR,ERR,ERR,ERR,ERR,ERR,ERR,ERR,ERR,ERR,ERR,ERR,ERR,ERR,ERR,ERR,ERR,ERR,ERR,ERR,ERR,ERR,ERR,ERR,ERR,ERR,ERR,ERR,ERR,ERR,ERR,ERR,ERR,ERR,ERR,2.718430741444032e+23,2.7184312818759872e+23,0.0,0.0,0.0,1.3936040501711995e+18,7.805,0.0,0,0,4,0,7116,0.0,100,0.0,0.0,0.0,0.0,0.0,0,0,0,0,0.0,0,0,0,0,0,0,0,0,0,0,0,0,0,0,0,0,0,0,0,0,0,0,0,0,0,0,0,0,0,0,0,0,0,31,40,40,71,65476,0,300,0,0,8,21553,0.0,-107605600.0,0.0,0.0,0.0,0.0,0.0,0.0,0.0,0.0,0.0,0.0,0.0,0.0,0.0,0.0,0.0,0.0,0.0,0.0,0.0,0.0,0.0,-2.004,-2.004,0.0,0.0,0.0,0.0,0.0,6215.0,-8608221184.0,6938.0,2.718430741444032e+23,2.7184312818759872e+23,-0.0,2.718430741444032e+23,0.0,0.0,0.0,0.0,69,-0.0,1.905694340903076e+17,0.0,0.0,0.0,0.0,0.0,0.0,0.0,0,0,0,0.0,0.0,0.0,0.0,0.0,0.0,0.0,0.0,0.0,0.0,0.0,0.0,0.0,0.0,0.0,0.0,0,-107875648.0,69,0.0,138,0.0,-109447200.0,0,13107,17040,26215,17049,13107,17043,0,0,0,70,68,100,2.7302359370752657e+23,71.2,2.7302370179391762e+23,74.3,-0.0,74.0,1,49,50,180,13107,0,0,0,0.0,0.0,0.0,0.0,-0.0,67.0,0.0,162057.094,0.0,751,0,739,0,0,0,721,0,767,0,737,0,742,0,742,0,712,0,7520,0.032,108447924224.0,0.0,0.0,784,16797,-0.0,162057.094,-114818.039,-0.0,0.133,6.909358625270745e+28,30.0,65.0,35,0.0,0.0,0.0,0.0,0.0,0.0,0.0,0.0,0.0,0.0,0.0,0.0,0.0,0.0,0.0,0.0,69.2,0,150,71,55,65476,0,300,0,1,8,20529,65476,0,0,40632,65.0,0.0,0.0,0.0,0.0,0.0
2026-09-04T20:12:20,ERR,ERR,ERR,ERR,ERR,ERR,ERR,ERR,ERR,ERR,ERR,ERR,ERR,ERR,ERR,ERR,ERR,ERR,ERR,ERR,ERR,ERR,ERR,ERR,ERR,ERR,ERR,ERR,ERR,ERR,ERR,ERR,ERR,ERR,ERR,ERR,ERR,ERR,ERR,ERR,ERR,ERR,ERR,ERR,ERR,ERR,ERR,ERR,ERR,ERR,ERR,ERR,ERR,ERR,ERR,ERR,ERR,ERR,ERR,ERR,ERR,ERR,ERR,ERR,ERR,ERR,ERR,ERR,ERR,ERR,ERR,ERR,ERR,ERR,ERR,ERR,ERR,ERR,ERR,ERR,ERR,ERR,ERR,ERR,ERR,ERR,ERR,ERR,ERR,ERR,ERR,ERR,ERR,ERR,ERR,ERR,ERR,ERR,ERR,ERR,ERR,ERR,ERR,ERR,ERR,ERR,ERR,ERR,ERR,ERR,ERR,ERR,ERR,ERR,ERR,ERR,ERR,ERR,ERR,ERR,ERR,ERR,ERR,ERR,ERR,2.718430741444032e+23,2.7184312818759872e+23,0.0,0.0,0.0,1.3936040501711995e+18,7.805,0.0,0,0,4,0,7116,0.0,100,0.0,0.0,0.0,0.0,0.0,0,0,0,0,0.0,0,0,0,0,0,0,0,0,0,0,0,0,0,0,0,0,0,0,0,0,0,0,0,0,0,0,0,0,0,0,0,0,0,31,40,40,71,65476,0,300,0,0,8,21553,0.0,-107605600.0,0.0,0.0,0.0,0.0,0.0,0.0,0.0,0.0,0.0,0.0,0.0,0.0,0.0,0.0,0.0,0.0,0.0,0.0,0.0,0.0,0.0,-2.004,-2.004,0.0,0.0,0.0,0.0,0.0,6215.0,-8608221184.0,6938.0,2.718430741444032e+23,2.7184312818759872e+23,-0.0,2.718430741444032e+23,0.0,0.0,0.0,0.0,69,-0.0,1.905694340903076e+17,0.0,0.0,0.0,0.0,0.0,0.0,0.0,0,0,0,0.0,0.0,0.0,0.0,0.0,0.0,0.0,0.0,0.0,0.0,0.0,0.0,0.0,0.0,0.0,0.0,0,-107875648.0,69,0.0,138,0.0,-109447200.0,0,13107,17040,26215,17049,13107,17043,0,0,0,70,68,100,2.7302359370752657e+23,71.2,2.7302370179391762e+23,74.3,-0.0,74.0,1,49,50,180,13107,0,0,0,0.0,0.0,0.0,0.0,-0.0,67.0,0.0,162057.094,0.0,751,0,739,0,0,0,721,0,767,0,737,0,742,0,742,0,712,0,7520,0.032,108447924224.0,0.0,0.0,784,16797,-0.0,162057.094,-114818.039,-0.0,0.133,6.909358625270745e+28,30.0,65.0,35,0.0,0.0,0.0,0.0,0.0,0.0,0.0,0.0,0.0,0.0,0.0,0.0,0.0,0.0,0.0,0.0,69.2,0,150,71,55,65476,0,300,0,1,8,20529,65476,0,0,40632,65.0,0.0,0.0,0.0,0.0,0.0
2026-09-04T20:12:21,ERR,ERR,ERR,ERR,ERR,ERR,ERR,ERR,ERR,ERR,ERR,ERR,ERR,ERR,ERR,ERR,ERR,ERR,ERR,ERR,ERR,ERR,ERR,ERR,ERR,ERR,ERR,ERR,ERR,ERR,ERR,ERR,ERR,ERR,ERR,ERR,ERR,ERR,ERR,ERR,ERR,ERR,ERR,ERR,ERR,ERR,ERR,ERR,ERR,ERR,ERR,ERR,ERR,ERR,ERR,ERR,ERR,ERR,ERR,ERR,ERR,ERR,ERR,ERR,ERR,ERR,ERR,ERR,ERR,ERR,ERR,ERR,ERR,ERR,ERR,ERR,ERR,ERR,ERR,ERR,ERR,ERR,ERR,ERR,ERR,ERR,ERR,ERR,ERR,ERR,ERR,ERR,ERR,ERR,ERR,ERR,ERR,ERR,ERR,ERR,ERR,ERR,ERR,ERR,ERR,ERR,ERR,ERR,ERR,ERR,ERR,ERR,ERR,ERR,ERR,ERR,ERR,ERR,ERR,ERR,ERR,ERR,ERR,ERR,ERR,2.718430741444032e+23,2.7184312818759872e+23,0.0,0.0,0.0,1.3936040501711995e+18,7.805,0.0,0,0,4,0,7116,0.0,100,0.0,0.0,0.0,0.0,0.0,0,0,0,0,0.0,0,0,0,0,0,0,0,0,0,0,0,0,0,0,0,0,0,0,0,0,0,0,0,0,0,0,0,0,0,0,0,0,0,31,40,40,71,65476,0,300,0,0,8,21553,0.0,-107605600.0,0.0,0.0,0.0,0.0,0.0,0.0,0.0,0.0,0.0,0.0,0.0,0.0,0.0,0.0,0.0,0.0,0.0,0.0,0.0,0.0,0.0,-2.004,-2.004,0.0,0.0,0.0,0.0,0.0,6215.0,-564148383514624.0,6939.0,2.718430741444032e+23,2.7184312818759872e+23,-0.0,2.718430741444032e+23,0.0,0.0,0.0,0.0,69,-0.0,4.066872169691167e+29,0.0,0.0,0.0,0.0,0.0,0.0,0.0,0,0,0,0.0,0.0,0.0,0.0,0.0,0.0,0.0,0.0,0.0,0.0,0.0,0.0,0.0,0.0,0.0,0.0,0,-107875648.0,69,0.0,138,0.0,-109447200.0,0,13107,17040,26215,17049,13107,17043,0,0,0,70,68,100,2.7302359370752657e+23,71.2,2.7302370179391762e+23,74.3,-0.0,74.0,1,49,50,180,13107,0,0,0,0.0,0.0,0.0,0.0,-0.0,67.0,0.0,162057.094,0.0,751,0,739,0,0,0,721,0,767,0,737,0,742,0,742,0,712,0,7520,0.032,108447924224.0,0.0,0.0,784,16797,-0.0,162057.094,-114818.039,-0.0,0.133,6.909358625270745e+28,30.0,65.0,35,0.0,0.0,0.0,0.0,0.0,0.0,0.0,0.0,0.0,0.0,0.0,0.0,0.0,0.0,0.0,0.0,69.2,0,150,71,55,65476,0,300,0,1,8,20529,65476,0,0,40632,65.0,0.0,0.0,0.0,0.0,0.0
2026-09-04T20:12:22,ERR,ERR,ERR,ERR,ERR,ERR,ERR,ERR,ERR,ERR,ERR,ERR,ERR,ERR,ERR,ERR,ERR,ERR,ERR,ERR,ERR,ERR,ERR,ERR,ERR,ERR,ERR,ERR,ERR,ERR,ERR,ERR,ERR,ERR,ERR,ERR,ERR,ERR,ERR,ERR,ERR,ERR,ERR,ERR,ERR,ERR,ERR,ERR,ERR,ERR,ERR,ERR,ERR,ERR,ERR,ERR,ERR,ERR,ERR,ERR,ERR,ERR,ERR,ERR,ERR,ERR,ERR,ERR,ERR,ERR,ERR,ERR,ERR,ERR,ERR,ERR,ERR,ERR,ERR,ERR,ERR,ERR,ERR,ERR,ERR,ERR,ERR,ERR,ERR,ERR,ERR,ERR,ERR,ERR,ERR,ERR,ERR,ERR,ERR,ERR,ERR,ERR,ERR,ERR,ERR,ERR,ERR,ERR,ERR,ERR,ERR,ERR,ERR,ERR,ERR,ERR,ERR,ERR,ERR,ERR,ERR,ERR,ERR,ERR,ERR,2.718430741444032e+23,2.7184312818759872e+23,0.0,0.0,0.0,1.3936040501711995e+18,7.805,0.0,0,0,4,0,7116,0.0,100,0.0,0.0,0.0,0.0,0.0,0,0,0,0,0.0,0,0,0,0,0,0,0,0,0,0,0,0,0,0,0,0,0,0,0,0,0,0,0,0,0,0,0,0,0,0,0,0,0,31,40,40,71,65476,0,300,0,0,8,21553,0.0,-107605600.0,0.0,0.0,0.0,0.0,0.0,0.0,0.0,0.0,0.0,0.0,0.0,0.0,0.0,0.0,0.0,0.0,0.0,0.0,0.0,0.0,0.0,-2.004,-2.004,0.0,0.0,0.0,0.0,0.0,6215.0,-564148383514624.0,6939.0,2.718430741444032e+23,2.7184312818759872e+23,-0.0,2.718430741444032e+23,0.0,0.0,0.0,0.0,69,-0.0,4.066872169691167e+29,0.0,0.0,0.0,0.0,0.0,0.0,0.0,0,0,0,0.0,0.0,0.0,0.0,0.0,0.0,0.0,0.0,0.0,0.0,0.0,0.0,0.0,0.0,0.0,0.0,0,-107875648.0,69,0.0,138,0.0,-109447200.0,0,13107,17040,39322,17049,13107,17043,0,0,0,70,68,100,2.7302359370752657e+23,71.1,0.0,74.2,2.7302370179391762e+23,74.0,1,49,50,180,13107,52429,0,0,0.0,0.0,0.0,0.0,-0.0,67.0,0.0,162057.094,0.0,751,0,740,0,0,0,721,0,767,0,736,0,742,0,742,0,712,0,7520,0.032,108447924224.0,0.0,0.0,784,16797,-0.0,162057.094,-114818.039,-0.0,0.133,6.909358625270745e+28,30.0,65.0,35,0.0,0.0,0.0,0.0,0.0,0.0,0.0,0.0,0.0,0.0,0.0,0.0,0.0,0.0,0.0,0.0,69.2,0,150,71,55,65476,0,300,0,1,8,20529,65476,0,0,40632,65.0,0.0,0.0,0.0,0.0,0.0
2026-09-04T20:12:23,ERR,ERR,ERR,ERR,ERR,ERR,ERR,ERR,ERR,ERR,ERR,ERR,ERR,ERR,ERR,ERR,ERR,ERR,ERR,ERR,ERR,ERR,ERR,ERR,ERR,ERR,ERR,ERR,ERR,ERR,ERR,ERR,ERR,ERR,ERR,ERR,ERR,ERR,ERR,ERR,ERR,ERR,ERR,ERR,ERR,ERR,ERR,ERR,ERR,ERR,ERR,ERR,ERR,ERR,ERR,ERR,ERR,ERR,ERR,ERR,ERR,ERR,ERR,ERR,ERR,ERR,ERR,ERR,ERR,ERR,ERR,ERR,ERR,ERR,ERR,ERR,ERR,ERR,ERR,ERR,ERR,ERR,ERR,ERR,ERR,ERR,ERR,ERR,ERR,ERR,ERR,ERR,ERR,ERR,ERR,ERR,ERR,ERR,ERR,ERR,ERR,ERR,ERR,ERR,ERR,ERR,ERR,ERR,ERR,ERR,ERR,ERR,ERR,ERR,ERR,ERR,ERR,ERR,ERR,ERR,ERR,ERR,ERR,ERR,ERR,2.718430741444032e+23,2.7184312818759872e+23,0.0,0.0,0.0,1.3936040501711995e+18,7.805,0.0,0,0,4,0,7116,0.0,100,0.0,0.0,0.0,0.0,0.0,0,0,0,0,0.0,0,0,0,0,0,0,0,0,0,0,0,0,0,0,0,0,0,0,0,0,0,0,0,0,0,0,0,0,0,0,0,0,0,31,40,40,71,65476,0,300,0,0,8,21553,0.0,-107605600.0,0.0,0.0,0.0,0.0,0.0,0.0,0.0,0.0,0.0,0.0,0.0,0.0,0.0,0.0,0.0,0.0,0.0,0.0,0.0,0.0,0.0,-2.004,-2.004,0.0,0.0,0.0,0.0,0.0,6215.0,-564148383514624.0,6939.0,2.718430741444032e+23,2.7184312818759872e+23,-0.0,2.718430741444032e+23,0.0,0.0,0.0,0.0,69,-0.0,4.066872169691167e+29,0.0,0.0,0.0,0.0,0.0,0.0,0.0,0,0,0,0.0,0.0,0.0,0.0,0.0,0.0,0.0,0.0,0.0,0.0,0.0,0.0,0.0,0.0,0.0,0.0,0,-107875648.0,69,0.0,138,0.0,-109447200.0,0,13107,17040,39322,17049,13107,17043,0,0,0,70,68,100,2.7302359370752657e+23,71.1,0.0,74.2,2.7302370179391762e+23,74.0,1,49,50,180,13107,52429,0,0,0.0,0.0,0.0,0.0,-0.0,67.0,0.0,162057.094,0.0,751,0,740,0,0,0,721,0,767,0,736,0,742,0,742,0,712,0,7520,0.032,108447924224.0,0.0,0.0,784,16797,-0.0,162057.094,-114818.039,-0.0,0.133,6.909358625270745e+28,30.0,65.0,35,0.0,0.0,0.0,0.0,0.0,0.0,0.0,0.0,0.0,0.0,0.0,0.0,0.0,0.0,0.0,0.0,69.2,0,150,71,55,65476,0,300,0,1,8,20529,65476,0,0,40632,65.0,0.0,0.0,0.0,0.0,0.0
2026-09-04T20:12:24,ERR,ERR,ERR,ERR,ERR,ERR,ERR,ERR,ERR,ERR,ERR,ERR,ERR,ERR,ERR,ERR,ERR,ERR,ERR,ERR,ERR,ERR,ERR,ERR,ERR,ERR,ERR,ERR,ERR,ERR,ERR,ERR,ERR,ERR,ERR,ERR,ERR,ERR,ERR,ERR,ERR,ERR,ERR,ERR,ERR,ERR,ERR,ERR,ERR,ERR,ERR,ERR,ERR,ERR,ERR,ERR,ERR,ERR,ERR,ERR,ERR,ERR,ERR,ERR,ERR,ERR,ERR,ERR,ERR,ERR,ERR,ERR,ERR,ERR,ERR,ERR,ERR,ERR,ERR,ERR,ERR,ERR,ERR,ERR,ERR,ERR,ERR,ERR,ERR,ERR,ERR,ERR,ERR,ERR,ERR,ERR,ERR,ERR,ERR,ERR,ERR,ERR,ERR,ERR,ERR,ERR,ERR,ERR,ERR,ERR,ERR,ERR,ERR,ERR,ERR,ERR,ERR,ERR,ERR,ERR,ERR,ERR,ERR,ERR,ERR,2.718430741444032e+23,2.7184312818759872e+23,0.0,0.0,0.0,1.3936040501711995e+18,7.805,0.0,0,0,4,0,7116,0.0,100,0.0,0.0,0.0,0.0,0.0,0,0,0,0,0.0,0,0,0,0,0,0,0,0,0,0,0,0,0,0,0,0,0,0,0,0,0,0,0,0,0,0,0,0,0,0,0,0,0,31,40,40,71,65476,0,300,0,0,8,21553,0.0,-107605600.0,0.0,0.0,0.0,0.0,0.0,0.0,0.0,0.0,0.0,0.0,0.0,0.0,0.0,0.0,0.0,0.0,0.0,0.0,0.0,0.0,0.0,-2.004,-2.004,0.0,0.0,0.0,0.0,0.0,6215.0,-564148383514624.0,6939.0,2.718430741444032e+23,2.7184312818759872e+23,-0.0,2.718430741444032e+23,0.0,0.0,0.0,0.0,69,-0.0,4.066872169691167e+29,0.0,0.0,0.0,0.0,0.0,0.0,0.0,0,0,0,0.0,0.0,0.0,0.0,0.0,0.0,0.0,0.0,0.0,0.0,0.0,0.0,0.0,0.0,0.0,0.0,0,-107875648.0,69,0.0,138,0.0,-109447200.0,0,13107,17040,39322,17049,13107,17043,0,0,0,70,68,100,2.7302359370752657e+23,71.1,0.0,74.2,2.7302370179391762e+23,74.0,1,49,50,180,13107,52429,0,0,0.0,0.0,0.0,0.0,-0.0,67.0,0.0,162057.094,0.0,751,0,740,0,0,0,721,0,767,0,736,0,742,0,742,0,712,0,7520,0.032,108447924224.0,0.0,0.0,784,16797,-0.0,162057.094,-114818.039,-0.0,0.133,6.909358625270745e+28,30.0,65.0,35,0.0,0.0,0.0,0.0,0.0,0.0,0.0,0.0,0.0,0.0,0.0,0.0,0.0,0.0,0.0,0.0,69.2,0,150,71,55,65476,0,300,0,1,8,20529,65476,0,0,40632,65.0,0.0,0.0,0.0,0.0,0.0
2026-09-04T20:12:25,ERR,ERR,ERR,ERR,ERR,ERR,ERR,ERR,ERR,ERR,ERR,ERR,ERR,ERR,ERR,ERR,ERR,ERR,ERR,ERR,ERR,ERR,ERR,ERR,ERR,ERR,ERR,ERR,ERR,ERR,ERR,ERR,ERR,ERR,ERR,ERR,ERR,ERR,ERR,ERR,ERR,ERR,ERR,ERR,ERR,ERR,ERR,ERR,ERR,ERR,ERR,ERR,ERR,ERR,ERR,ERR,ERR,ERR,ERR,ERR,ERR,ERR,ERR,ERR,ERR,ERR,ERR,ERR,ERR,ERR,ERR,ERR,ERR,ERR,ERR,ERR,ERR,ERR,ERR,ERR,ERR,ERR,ERR,ERR,ERR,ERR,ERR,ERR,ERR,ERR,ERR,ERR,ERR,ERR,ERR,ERR,ERR,ERR,ERR,ERR,ERR,ERR,ERR,ERR,ERR,ERR,ERR,ERR,ERR,ERR,ERR,ERR,ERR,ERR,ERR,ERR,ERR,ERR,ERR,ERR,ERR,ERR,ERR,ERR,ERR,2.718430741444032e+23,2.7184312818759872e+23,0.0,0.0,0.0,1.3936040501711995e+18,7.805,0.0,0,0,4,0,7116,0.0,100,0.0,0.0,0.0,0.0,0.0,0,0,0,0,0.0,0,0,0,0,0,0,0,0,0,0,0,0,0,0,0,0,0,0,0,0,0,0,0,0,0,0,0,0,0,0,0,0,0,31,40,40,71,65476,0,300,0,0,8,21553,0.0,-107605600.0,0.0,0.0,0.0,0.0,0.0,0.0,0.0,0.0,0.0,0.0,0.0,0.0,0.0,0.0,0.0,0.0,0.0,0.0,0.0,0.0,0.0,-2.004,-2.004,0.0,0.0,0.0,0.0,0.0,6215.0,-564148383514624.0,6939.0,2.718430741444032e+23,2.7184312818759872e+23,-0.0,2.718430741444032e+23,0.0,0.0,0.0,0.0,69,-0.0,4.066872169691167e+29,0.0,0.0,0.0,0.0,0.0,0.0,0.0,0,0,0,0.0,0.0,0.0,0.0,0.0,0.0,0.0,0.0,0.0,0.0,0.0,0.0,0.0,0.0,0.0,0.0,0,-107875648.0,69,0.0,138,0.0,-109447200.0,0,13107,17040,39322,17049,13107,17043,0,0,0,70,68,100,2.7302359370752657e+23,71.1,0.0,74.2,2.7302370179391762e+23,74.0,1,49,50,180,13107,52429,0,0,0.0,0.0,0.0,0.0,-0.0,67.0,0.0,162057.094,0.0,751,0,740,0,0,0,721,0,767,0,736,0,742,0,742,0,712,0,7520,0.032,108447924224.0,0.0,0.0,784,16797,-0.0,162057.094,-114818.039,-0.0,0.133,6.909358625270745e+28,30.0,65.0,35,0.0,0.0,0.0,0.0,0.0,0.0,0.0,0.0,0.0,0.0,0.0,0.0,0.0,0.0,0.0,0.0,69.6,0,150,71,55,65476,0,300,0,1,8,20529,65476,0,0,40632,65.0,0.0,0.0,0.0,0.0,0.0
2026-09-04T20:12:26,ERR,ERR,ERR,ERR,ERR,ERR,ERR,ERR,ERR,ERR,ERR,ERR,ERR,ERR,ERR,ERR,ERR,ERR,ERR,ERR,ERR,ERR,ERR,ERR,ERR,ERR,ERR,ERR,ERR,ERR,ERR,ERR,ERR,ERR,ERR,ERR,ERR,ERR,ERR,ERR,ERR,ERR,ERR,ERR,ERR,ERR,ERR,ERR,ERR,ERR,ERR,ERR,ERR,ERR,ERR,ERR,ERR,ERR,ERR,ERR,ERR,ERR,ERR,ERR,ERR,ERR,ERR,ERR,ERR,ERR,ERR,ERR,ERR,ERR,ERR,ERR,ERR,ERR,ERR,ERR,ERR,ERR,ERR,ERR,ERR,ERR,ERR,ERR,ERR,ERR,ERR,ERR,ERR,ERR,ERR,ERR,ERR,ERR,ERR,ERR,ERR,ERR,ERR,ERR,ERR,ERR,ERR,ERR,ERR,ERR,ERR,ERR,ERR,ERR,ERR,ERR,ERR,ERR,ERR,ERR,ERR,ERR,ERR,ERR,ERR,2.718430741444032e+23,2.7184312818759872e+23,0.0,0.0,0.0,1.3936040501711995e+18,7.805,0.0,0,0,4,0,7116,0.0,100,0.0,0.0,0.0,0.0,0.0,0,0,0,0,0.0,0,0,0,0,0,0,0,0,0,0,0,0,0,0,0,0,0,0,0,0,0,0,0,0,0,0,0,0,0,0,0,0,0,31,40,40,71,65476,0,300,0,0,8,21553,0.0,-107605600.0,0.0,0.0,0.0,0.0,0.0,0.0,0.0,0.0,0.0,0.0,0.0,0.0,0.0,0.0,0.0,0.0,0.0,0.0,0.0,0.0,0.0,-2.004,-2.004,0.0,0.0,0.0,0.0,0.0,6215.0,-564148383514624.0,6939.0,2.718430741444032e+23,2.7184312818759872e+23,-0.0,2.718430741444032e+23,0.0,0.0,0.0,0.0,69,-0.0,4.066872169691167e+29,0.0,0.0,0.0,0.0,0.0,0.0,0.0,0,0,0,0.0,0.0,0.0,0.0,0.0,0.0,0.0,0.0,0.0,0.0,0.0,0.0,0.0,0.0,0.0,0.0,0,-107875648.0,69,0.0,138,0.0,-109447200.0,0,13107,17040,39322,17049,13107,17043,0,0,0,70,68,100,2.7302359370752657e+23,71.1,0.0,74.2,2.7302370179391762e+23,74.0,1,49,50,180,13107,52429,0,0,0.0,0.0,0.0,0.0,-0.0,67.0,0.0,162057.094,0.0,751,0,740,0,0,0,721,0,767,0,736,0,742,0,742,0,712,0,7520,0.032,108447924224.0,0.0,0.0,784,16797,-0.0,162057.094,-114818.039,-0.0,0.133,6.909358625270745e+28,30.0,65.0,35,0.0,0.0,0.0,0.0,0.0,0.0,0.0,0.0,0.0,0.0,0.0,0.0,0.0,0.0,0.0,0.0,69.6,0,150,71,55,65476,0,300,0,1,8,20529,65476,0,0,40632,65.0,0.0,0.0,0.0,0.0,0.0
2026-09-04T20:12:27,ERR,ERR,ERR,ERR,ERR,ERR,ERR,ERR,ERR,ERR,ERR,ERR,ERR,ERR,ERR,ERR,ERR,ERR,ERR,ERR,ERR,ERR,ERR,ERR,ERR,ERR,ERR,ERR,ERR,ERR,ERR,ERR,ERR,ERR,ERR,ERR,ERR,ERR,ERR,ERR,ERR,ERR,ERR,ERR,ERR,ERR,ERR,ERR,ERR,ERR,ERR,ERR,ERR,ERR,ERR,ERR,ERR,ERR,ERR,ERR,ERR,ERR,ERR,ERR,ERR,ERR,ERR,ERR,ERR,ERR,ERR,ERR,ERR,ERR,ERR,ERR,ERR,ERR,ERR,ERR,ERR,ERR,ERR,ERR,ERR,ERR,ERR,ERR,ERR,ERR,ERR,ERR,ERR,ERR,ERR,ERR,ERR,ERR,ERR,ERR,ERR,ERR,ERR,ERR,ERR,ERR,ERR,ERR,ERR,ERR,ERR,ERR,ERR,ERR,ERR,ERR,ERR,ERR,ERR,ERR,ERR,ERR,ERR,ERR,ERR,2.718430741444032e+23,2.7184312818759872e+23,0.0,0.0,0.0,1.3936040501711995e+18,7.805,0.0,0,0,4,0,7116,0.0,100,0.0,0.0,0.0,0.0,0.0,0,0,0,0,0.0,0,0,0,0,0,0,0,0,0,0,0,0,0,0,0,0,0,0,0,0,0,0,0,0,0,0,0,0,0,0,0,0,0,31,40,40,71,65476,0,300,0,0,8,21553,0.0,-107605600.0,0.0,0.0,0.0,0.0,0.0,0.0,0.0,0.0,0.0,0.0,0.0,0.0,0.0,0.0,0.0,0.0,0.0,0.0,0.0,0.0,0.0,-2.004,-2.004,0.0,0.0,0.0,0.0,0.0,6215.0,-564148383514624.0,6939.0,2.718430741444032e+23,2.7184312818759872e+23,-0.0,2.718430741444032e+23,0.0,0.0,0.0,0.0,69,-0.0,4.066872169691167e+29,0.0,0.0,0.0,0.0,0.0,0.0,0.0,0,0,0,0.0,0.0,0.0,0.0,0.0,0.0,0.0,0.0,0.0,0.0,0.0,0.0,0.0,0.0,0.0,0.0,0,-107875648.0,69,0.0,138,0.0,-109447200.0,0,13107,17040,39322,17049,13107,17043,0,0,0,70,68,100,2.7302359370752657e+23,71.1,0.0,74.2,2.7302370179391762e+23,74.0,1,49,50,180,13107,52429,0,0,0.0,0.0,0.0,0.0,-0.0,67.0,0.0,162057.094,0.0,751,0,740,0,0,0,721,0,767,0,736,0,742,0,742,0,712,0,7520,0.032,108447924224.0,0.0,0.0,784,16797,-0.0,162057.094,-114818.039,-0.0,0.133,6.909358625270745e+28,30.0,65.0,35,0.0,0.0,0.0,0.0,0.0,0.0,0.0,0.0,0.0,0.0,0.0,0.0,0.0,0.0,0.0,0.0,69.6,0,150,71,55,65476,0,300,0,1,8,20529,65476,0,0,40632,65.0,0.0,0.0,0.0,0.0,0.0
2026-09-04T20:12:28,ERR,ERR,ERR,ERR,ERR,ERR,ERR,ERR,ERR,ERR,ERR,ERR,ERR,ERR,ERR,ERR,ERR,ERR,ERR,ERR,ERR,ERR,ERR,ERR,ERR,ERR,ERR,ERR,ERR,ERR,ERR,ERR,ERR,ERR,ERR,ERR,ERR,ERR,ERR,ERR,ERR,ERR,ERR,ERR,ERR,ERR,ERR,ERR,ERR,ERR,ERR,ERR,ERR,ERR,ERR,ERR,ERR,ERR,ERR,ERR,ERR,ERR,ERR,ERR,ERR,ERR,ERR,ERR,ERR,ERR,ERR,ERR,ERR,ERR,ERR,ERR,ERR,ERR,ERR,ERR,ERR,ERR,ERR,ERR,ERR,ERR,ERR,ERR,ERR,ERR,ERR,ERR,ERR,ERR,ERR,ERR,ERR,ERR,ERR,ERR,ERR,ERR,ERR,ERR,ERR,ERR,ERR,ERR,ERR,ERR,ERR,ERR,ERR,ERR,ERR,ERR,ERR,ERR,ERR,ERR,ERR,ERR,ERR,ERR,ERR,2.718430741444032e+23,2.7184312818759872e+23,0.0,0.0,0.0,1.3936040501711995e+18,7.805,0.0,0,0,4,0,7116,0.0,100,0.0,0.0,0.0,0.0,0.0,0,0,0,0,0.0,0,0,0,0,0,0,0,0,0,0,0,0,0,0,0,0,0,0,0,0,0,0,0,0,0,0,0,0,0,0,0,0,0,31,40,40,71,65476,0,300,0,0,8,21553,0.0,-107605600.0,0.0,0.0,0.0,0.0,0.0,0.0,0.0,0.0,0.0,0.0,0.0,0.0,0.0,0.0,0.0,0.0,0.0,0.0,0.0,0.0,0.0,-2.004,-2.004,0.0,0.0,0.0,0.0,0.0,6214.0,-131351.031,6937.0,2.718430741444032e+23,2.7184312818759872e+23,-0.0,2.718430741444032e+23,0.0,0.0,0.0,0.0,69,-0.0,126840938496.0,0.0,0.0,0.0,0.0,0.0,0.0,0.0,0,0,0,0.0,0.0,0.0,0.0,0.0,0.0,0.0,0.0,0.0,0.0,0.0,0.0,0.0,0.0,0.0,0.0,0,-107875648.0,69,0.0,138,0.0,-109447200.0,0,13107,17040,26215,17049,13107,17043,0,0,0,70,68,100,2.7302359370752657e+23,71.1,0.0,74.3,-0.0,74.0,1,49,50,180,13107,52429,0,0,0.0,0.0,0.0,0.0,-0.0,67.0,0.0,162057.094,0.0,751,0,740,0,0,0,721,0,767,0,736,0,742,0,742,0,712,0,7520,0.032,108447924224.0,0.0,0.0,784,16797,-0.0,162057.094,-114818.039,-0.0,0.133,6.909358625270745e+28,30.0,65.0,35,0.0,0.0,0.0,0.0,0.0,0.0,0.0,0.0,0.0,0.0,0.0,0.0,0.0,0.0,0.0,0.0,69.2,0,150,71,55,65476,0,300,0,1,8,20529,65476,0,0,40632,65.0,0.0,0.0,0.0,0.0,0.0
2026-09-04T20:12:29,ERR,ERR,ERR,ERR,ERR,ERR,ERR,ERR,ERR,ERR,ERR,ERR,ERR,ERR,ERR,ERR,ERR,ERR,ERR,ERR,ERR,ERR,ERR,ERR,ERR,ERR,ERR,ERR,ERR,ERR,ERR,ERR,ERR,ERR,ERR,ERR,ERR,ERR,ERR,ERR,ERR,ERR,ERR,ERR,ERR,ERR,ERR,ERR,ERR,ERR,ERR,ERR,ERR,ERR,ERR,ERR,ERR,ERR,ERR,ERR,ERR,ERR,ERR,ERR,ERR,ERR,ERR,ERR,ERR,ERR,ERR,ERR,ERR,ERR,ERR,ERR,ERR,ERR,ERR,ERR,ERR,ERR,ERR,ERR,ERR,ERR,ERR,ERR,ERR,ERR,ERR,ERR,ERR,ERR,ERR,ERR,ERR,ERR,ERR,ERR,ERR,ERR,ERR,ERR,ERR,ERR,ERR,ERR,ERR,ERR,ERR,ERR,ERR,ERR,ERR,ERR,ERR,ERR,ERR,ERR,ERR,ERR,ERR,ERR,ERR,2.718430741444032e+23,2.7184312818759872e+23,0.0,0.0,0.0,1.3936040501711995e+18,7.805,0.0,0,0,4,0,7116,0.0,100,0.0,0.0,0.0,0.0,0.0,0,0,0,0,0.0,0,0,0,0,0,0,0,0,0,0,0,0,0,0,0,0,0,0,0,0,0,0,0,0,0,0,0,0,0,0,0,0,0,31,40,40,71,65476,0,300,0,0,8,21553,0.0,-107605600.0,0.0,0.0,0.0,0.0,0.0,0.0,0.0,0.0,0.0,0.0,0.0,0.0,0.0,0.0,0.0,0.0,0.0,0.0,0.0,0.0,0.0,-2.004,-2.004,0.0,0.0,0.0,0.0,0.0,6214.0,-131351.031,6937.0,2.718430741444032e+23,2.7184312818759872e+23,-0.0,2.718430741444032e+23,0.0,0.0,0.0,0.0,69,-0.0,126840938496.0,0.0,0.0,0.0,0.0,0.0,0.0,0.0,0,0,0,0.0,0.0,0.0,0.0,0.0,0.0,0.0,0.0,0.0,0.0,0.0,0.0,0.0,0.0,0.0,0.0,0,-107875648.0,69,0.0,138,0.0,-109447200.0,0,13107,17040,26215,17049,13107,17043,0,0,0,70,68,100,2.7302359370752657e+23,71.1,0.0,74.3,-0.0,74.0,1,49,50,180,13107,52429,0,0,0.0,0.0,0.0,0.0,-0.0,67.0,0.0,162057.094,0.0,751,0,740,0,0,0,721,0,767,0,736,0,742,0,742,0,712,0,7520,0.032,108447924224.0,0.0,0.0,784,16797,-0.0,162057.094,-114818.039,-0.0,0.133,6.909358625270745e+28,30.0,65.0,35,0.0,0.0,0.0,0.0,0.0,0.0,0.0,0.0,0.0,0.0,0.0,0.0,0.0,0.0,0.0,0.0,69.2,0,150,71,55,65476,0,300,0,1,8,20529,65476,0,0,40632,65.0,0.0,0.0,0.0,0.0,0.0
2026-09-04T20:12:30,ERR,ERR,ERR,ERR,ERR,ERR,ERR,ERR,ERR,ERR,ERR,ERR,ERR,ERR,ERR,ERR,ERR,ERR,ERR,ERR,ERR,ERR,ERR,ERR,ERR,ERR,ERR,ERR,ERR,ERR,ERR,ERR,ERR,ERR,ERR,ERR,ERR,ERR,ERR,ERR,ERR,ERR,ERR,ERR,ERR,ERR,ERR,ERR,ERR,ERR,ERR,ERR,ERR,ERR,ERR,ERR,ERR,ERR,ERR,ERR,ERR,ERR,ERR,ERR,ERR,ERR,ERR,ERR,ERR,ERR,ERR,ERR,ERR,ERR,ERR,ERR,ERR,ERR,ERR,ERR,ERR,ERR,ERR,ERR,ERR,ERR,ERR,ERR,ERR,ERR,ERR,ERR,ERR,ERR,ERR,ERR,ERR,ERR,ERR,ERR,ERR,ERR,ERR,ERR,ERR,ERR,ERR,ERR,ERR,ERR,ERR,ERR,ERR,ERR,ERR,ERR,ERR,ERR,ERR,ERR,ERR,ERR,ERR,ERR,ERR,2.718430741444032e+23,2.7184312818759872e+23,0.0,0.0,0.0,1.3936040501711995e+18,7.805,0.0,0,0,4,0,7116,0.0,100,0.0,0.0,0.0,0.0,0.0,0,0,0,0,0.0,0,0,0,0,0,0,0,0,0,0,0,0,0,0,0,0,0,0,0,0,0,0,0,0,0,0,0,0,0,0,0,0,0,31,40,40,71,65476,0,300,0,0,8,21553,0.0,-107605600.0,0.0,0.0,0.0,0.0,0.0,0.0,0.0,0.0,0.0,0.0,0.0,0.0,0.0,0.0,0.0,0.0,0.0,0.0,0.0,0.0,0.0,-2.004,-2.004,0.0,0.0,0.0,0.0,0.0,6214.0,-131351.031,6937.0,2.718430741444032e+23,2.7184312818759872e+23,-0.0,2.718430741444032e+23,0.0,0.0,0.0,0.0,69,-0.0,126840938496.0,0.0,0.0,0.0,0.0,0.0,0.0,0.0,0,0,0,0.0,0.0,0.0,0.0,0.0,0.0,0.0,0.0,0.0,0.0,0.0,0.0,0.0,0.0,0.0,0.0,0,-107875648.0,69,0.0,138,0.0,-109447200.0,0,13107,17040,26215,17049,13107,17043,0,0,0,70,68,100,2.7302359370752657e+23,71.1,0.0,74.3,-0.0,74.0,1,49,50,180,13107,52429,0,0,0.0,0.0,0.0,0.0,-0.0,67.0,0.0,162057.094,0.0,751,0,740,0,0,0,721,0,767,0,736,0,742,0,742,0,712,0,7520,0.032,108447924224.0,0.0,0.0,784,16797,-0.0,162057.094,-114818.039,-0.0,0.133,6.909358625270745e+28,30.0,65.0,35,0.0,0.0,0.0,0.0,0.0,0.0,0.0,0.0,0.0,0.0,0.0,0.0,0.0,0.0,0.0,0.0,69.2,0,150,71,55,65476,0,300,0,1,8,20529,65476,0,0,40632,65.0,0.0,0.0,0.0,0.0,0.0
2026-09-04T20:12:31,ERR,ERR,ERR,ERR,ERR,ERR,ERR,ERR,ERR,ERR,ERR,ERR,ERR,ERR,ERR,ERR,ERR,ERR,ERR,ERR,ERR,ERR,ERR,ERR,ERR,ERR,ERR,ERR,ERR,ERR,ERR,ERR,ERR,ERR,ERR,ERR,ERR,ERR,ERR,ERR,ERR,ERR,ERR,ERR,ERR,ERR,ERR,ERR,ERR,ERR,ERR,ERR,ERR,ERR,ERR,ERR,ERR,ERR,ERR,ERR,ERR,ERR,ERR,ERR,ERR,ERR,ERR,ERR,ERR,ERR,ERR,ERR,ERR,ERR,ERR,ERR,ERR,ERR,ERR,ERR,ERR,ERR,ERR,ERR,ERR,ERR,ERR,ERR,ERR,ERR,ERR,ERR,ERR,ERR,ERR,ERR,ERR,ERR,ERR,ERR,ERR,ERR,ERR,ERR,ERR,ERR,ERR,ERR,ERR,ERR,ERR,ERR,ERR,ERR,ERR,ERR,ERR,ERR,ERR,ERR,ERR,ERR,ERR,ERR,ERR,2.718430741444032e+23,2.7184312818759872e+23,0.0,0.0,0.0,1.3936040501711995e+18,7.805,0.0,0,0,4,0,7116,0.0,100,0.0,0.0,0.0,0.0,0.0,0,0,0,0,0.0,0,0,0,0,0,0,0,0,0,0,0,0,0,0,0,0,0,0,0,0,0,0,0,0,0,0,0,0,0,0,0,0,0,31,40,40,71,65476,0,300,0,0,8,21553,0.0,-107605600.0,0.0,0.0,0.0,0.0,0.0,0.0,0.0,0.0,0.0,0.0,0.0,0.0,0.0,0.0,0.0,0.0,0.0,0.0,0.0,0.0,0.0,-2.004,-2.004,0.0,0.0,0.0,0.0,0.0,6214.0,-131351.031,6937.0,2.718430741444032e+23,2.7184312818759872e+23,-0.0,2.718430741444032e+23,0.0,0.0,0.0,0.0,69,-0.0,126840938496.0,0.0,0.0,0.0,0.0,0.0,0.0,0.0,0,0,0,0.0,0.0,0.0,0.0,0.0,0.0,0.0,0.0,0.0,0.0,0.0,0.0,0.0,0.0,0.0,0.0,0,-107875648.0,69,0.0,138,0.0,-109447200.0,0,13107,17040,26215,17049,13107,17043,0,0,0,70,68,100,2.7302359370752657e+23,71.1,0.0,74.3,-0.0,74.0,1,49,50,180,13107,52429,0,0,0.0,0.0,0.0,0.0,-0.0,67.0,0.0,162057.094,0.0,751,0,740,0,0,0,721,0,767,0,736,0,742,0,742,0,712,0,7520,0.032,108447924224.0,0.0,0.0,784,16797,-0.0,162057.094,-114818.039,-0.0,0.133,6.909358625270745e+28,30.0,65.0,35,0.0,0.0,0.0,0.0,0.0,0.0,0.0,0.0,0.0,0.0,0.0,0.0,0.0,0.0,0.0,0.0,69.2,0,150,71,55,65476,0,300,0,1,8,20529,65476,0,0,40632,65.0,0.0,0.0,0.0,0.0,0.0
2026-09-04T20:12:32,ERR,ERR,ERR,ERR,ERR,ERR,ERR,ERR,ERR,ERR,ERR,ERR,ERR,ERR,ERR,ERR,ERR,ERR,ERR,ERR,ERR,ERR,ERR,ERR,ERR,ERR,ERR,ERR,ERR,ERR,ERR,ERR,ERR,ERR,ERR,ERR,ERR,ERR,ERR,ERR,ERR,ERR,ERR,ERR,ERR,ERR,ERR,ERR,ERR,ERR,ERR,ERR,ERR,ERR,ERR,ERR,ERR,ERR,ERR,ERR,ERR,ERR,ERR,ERR,ERR,ERR,ERR,ERR,ERR,ERR,ERR,ERR,ERR,ERR,ERR,ERR,ERR,ERR,ERR,ERR,ERR,ERR,ERR,ERR,ERR,ERR,ERR,ERR,ERR,ERR,ERR,ERR,ERR,ERR,ERR,ERR,ERR,ERR,ERR,ERR,ERR,ERR,ERR,ERR,ERR,ERR,ERR,ERR,ERR,ERR,ERR,ERR,ERR,ERR,ERR,ERR,ERR,ERR,ERR,ERR,ERR,ERR,ERR,ERR,ERR,2.718430741444032e+23,2.7184312818759872e+23,0.0,0.0,0.0,1.3936040501711995e+18,7.805,0.0,0,0,4,0,7116,0.0,100,0.0,0.0,0.0,0.0,0.0,0,0,0,0,0.0,0,0,0,0,0,0,0,0,0,0,0,0,0,0,0,0,0,0,0,0,0,0,0,0,0,0,0,0,0,0,0,0,0,31,40,40,71,65476,0,300,0,0,8,21553,0.0,-107605600.0,0.0,0.0,0.0,0.0,0.0,0.0,0.0,0.0,0.0,0.0,0.0,0.0,0.0,0.0,0.0,0.0,0.0,0.0,0.0,0.0,0.0,-2.004,-2.004,0.0,0.0,0.0,0.0,0.0,6214.0,-131351.031,6937.0,2.718430741444032e+23,2.7184312818759872e+23,-0.0,2.718430741444032e+23,0.0,0.0,0.0,0.0,69,-0.0,126840938496.0,0.0,0.0,0.0,0.0,0.0,0.0,0.0,0,0,0,0.0,0.0,0.0,0.0,0.0,0.0,0.0,0.0,0.0,0.0,0.0,0.0,0.0,0.0,0.0,0.0,0,-107875648.0,69,0.0,138,0.0,-109447200.0,0,13107,17040,26215,17049,13107,17043,0,0,0,70,68,100,2.7302359370752657e+23,71.1,0.0,74.3,-0.0,74.0,1,49,50,180,13107,52429,0,0,0.0,0.0,0.0,0.0,-0.0,67.0,0.0,162057.094,0.0,751,0,740,0,0,0,721,0,767,0,736,0,742,0,742,0,712,0,7520,0.032,108447924224.0,0.0,0.0,784,16797,-0.0,162057.094,-114818.039,-0.0,0.133,6.909358625270745e+28,30.0,65.0,35,0.0,0.0,0.0,0.0,0.0,0.0,0.0,0.0,0.0,0.0,0.0,0.0,0.0,0.0,0.0,0.0,69.2,0,150,71,55,65476,0,300,0,1,8,20529,65476,0,0,40632,65.0,0.0,0.0,0.0,0.0,0.0
2026-09-04T20:12:33,ERR,ERR,ERR,ERR,ERR,ERR,ERR,ERR,ERR,ERR,ERR,ERR,ERR,ERR,ERR,ERR,ERR,ERR,ERR,ERR,ERR,ERR,ERR,ERR,ERR,ERR,ERR,ERR,ERR,ERR,ERR,ERR,ERR,ERR,ERR,ERR,ERR,ERR,ERR,ERR,ERR,ERR,ERR,ERR,ERR,ERR,ERR,ERR,ERR,ERR,ERR,ERR,ERR,ERR,ERR,ERR,ERR,ERR,ERR,ERR,ERR,ERR,ERR,ERR,ERR,ERR,ERR,ERR,ERR,ERR,ERR,ERR,ERR,ERR,ERR,ERR,ERR,ERR,ERR,ERR,ERR,ERR,ERR,ERR,ERR,ERR,ERR,ERR,ERR,ERR,ERR,ERR,ERR,ERR,ERR,ERR,ERR,ERR,ERR,ERR,ERR,ERR,ERR,ERR,ERR,ERR,ERR,ERR,ERR,ERR,ERR,ERR,ERR,ERR,ERR,ERR,ERR,ERR,ERR,ERR,ERR,ERR,ERR,ERR,ERR,2.718430741444032e+23,2.7184312818759872e+23,0.0,0.0,0.0,1.3936040501711995e+18,7.805,0.0,0,0,4,0,7116,0.0,100,0.0,0.0,0.0,0.0,0.0,0,0,0,0,0.0,0,0,0,0,0,0,0,0,0,0,0,0,0,0,0,0,0,0,0,0,0,0,0,0,0,0,0,0,0,0,0,0,0,31,40,40,71,65476,0,300,0,0,8,21553,0.0,-107605600.0,0.0,0.0,0.0,0.0,0.0,0.0,0.0,0.0,0.0,0.0,0.0,0.0,0.0,0.0,0.0,0.0,0.0,0.0,0.0,0.0,0.0,-2.004,-2.004,0.0,0.0,0.0,0.0,0.0,6214.0,-131351.031,6937.0,2.718430741444032e+23,2.7184312818759872e+23,-0.0,2.718430741444032e+23,0.0,0.0,0.0,0.0,69,-0.0,126840938496.0,0.0,0.0,0.0,0.0,0.0,0.0,0.0,0,0,0,0.0,0.0,0.0,0.0,0.0,0.0,0.0,0.0,0.0,0.0,0.0,0.0,0.0,0.0,0.0,0.0,0,-107875648.0,69,0.0,138,0.0,-109447200.0,0,13107,17040,39322,17049,13107,17043,0,0,0,70,68,100,2.7302359370752657e+23,71.2,2.7302370179391762e+23,74.2,2.7302370179391762e+23,74.0,1,49,50,180,13107,0,0,0,0.0,0.0,0.0,0.0,-0.0,67.0,0.0,162057.094,0.0,751,0,739,0,0,0,721,0,767,0,736,0,743,0,742,0,712,0,7520,0.032,108984795136.0,0.0,0.0,784,16797,-0.0,162057.094,-114818.039,-0.0,0.133,6.909358625270745e+28,30.0,65.0,35,0.0,0.0,0.0,0.0,0.0,0.0,0.0,0.0,0.0,0.0,0.0,0.0,0.0,0.0,0.0,0.0,69.6,0,150,71,55,65476,0,300,0,1,8,20529,65476,0,0,40632,65.0,0.0,0.0,0.0,0.0,0.0
2026-09-04T20:12:34,ERR,ERR,ERR,ERR,ERR,ERR,ERR,ERR,ERR,ERR,ERR,ERR,ERR,ERR,ERR,ERR,ERR,ERR,ERR,ERR,ERR,ERR,ERR,ERR,ERR,ERR,ERR,ERR,ERR,ERR,ERR,ERR,ERR,ERR,ERR,ERR,ERR,ERR,ERR,ERR,ERR,ERR,ERR,ERR,ERR,ERR,ERR,ERR,ERR,ERR,ERR,ERR,ERR,ERR,ERR,ERR,ERR,ERR,ERR,ERR,ERR,ERR,ERR,ERR,ERR,ERR,ERR,ERR,ERR,ERR,ERR,ERR,ERR,ERR,ERR,ERR,ERR,ERR,ERR,ERR,ERR,ERR,ERR,ERR,ERR,ERR,ERR,ERR,ERR,ERR,ERR,ERR,ERR,ERR,ERR,ERR,ERR,ERR,ERR,ERR,ERR,ERR,ERR,ERR,ERR,ERR,ERR,ERR,ERR,ERR,ERR,ERR,ERR,ERR,ERR,ERR,ERR,ERR,ERR,ERR,ERR,ERR,ERR,ERR,ERR,2.718430741444032e+23,2.7184312818759872e+23,0.0,0.0,0.0,1.3936040501711995e+18,7.805,0.0,0,0,4,0,7116,0.0,100,0.0,0.0,0.0,0.0,0.0,0,0,0,0,0.0,0,0,0,0,0,0,0,0,0,0,0,0,0,0,0,0,0,0,0,0,0,0,0,0,0,0,0,0,0,0,0,0,0,31,40,40,71,65476,0,300,0,0,8,21553,0.0,-107605600.0,0.0,0.0,0.0,0.0,0.0,0.0,0.0,0.0,0.0,0.0,0.0,0.0,0.0,0.0,0.0,0.0,0.0,0.0,0.0,0.0,0.0,-2.004,-2.004,0.0,0.0,0.0,0.0,0.0,6214.0,-131351.031,6937.0,2.718430741444032e+23,2.7184312818759872e+23,-0.0,2.718430741444032e+23,0.0,0.0,0.0,0.0,69,-0.0,126840938496.0,0.0,0.0,0.0,0.0,0.0,0.0,0.0,0,0,0,0.0,0.0,0.0,0.0,0.0,0.0,0.0,0.0,0.0,0.0,0.0,0.0,0.0,0.0,0.0,0.0,0,-107875648.0,69,0.0,138,0.0,-109447200.0,0,13107,17040,39322,17049,13107,17043,0,0,0,70,68,100,2.7302359370752657e+23,71.2,2.7302370179391762e+23,74.2,2.7302370179391762e+23,74.0,1,49,50,180,13107,0,0,0,0.0,0.0,0.0,0.0,-0.0,67.0,0.0,162057.094,0.0,751,0,739,0,0,0,721,0,767,0,736,0,743,0,742,0,712,0,7520,0.032,108984795136.0,0.0,0.0,784,16797,-0.0,162057.094,-114818.039,-0.0,0.133,6.909358625270745e+28,30.0,65.0,35,0.0,0.0,0.0,0.0,0.0,0.0,0.0,0.0,0.0,0.0,0.0,0.0,0.0,0.0,0.0,0.0,69.6,0,150,71,55,65476,0,300,0,1,8,20529,65476,0,0,40632,65.0,0.0,0.0,0.0,0.0,0.0
2026-09-04T20:12:35,ERR,ERR,ERR,ERR,ERR,ERR,ERR,ERR,ERR,ERR,ERR,ERR,ERR,ERR,ERR,ERR,ERR,ERR,ERR,ERR,ERR,ERR,ERR,ERR,ERR,ERR,ERR,ERR,ERR,ERR,ERR,ERR,ERR,ERR,ERR,ERR,ERR,ERR,ERR,ERR,ERR,ERR,ERR,ERR,ERR,ERR,ERR,ERR,ERR,ERR,ERR,ERR,ERR,ERR,ERR,ERR,ERR,ERR,ERR,ERR,ERR,ERR,ERR,ERR,ERR,ERR,ERR,ERR,ERR,ERR,ERR,ERR,ERR,ERR,ERR,ERR,ERR,ERR,ERR,ERR,ERR,ERR,ERR,ERR,ERR,ERR,ERR,ERR,ERR,ERR,ERR,ERR,ERR,ERR,ERR,ERR,ERR,ERR,ERR,ERR,ERR,ERR,ERR,ERR,ERR,ERR,ERR,ERR,ERR,ERR,ERR,ERR,ERR,ERR,ERR,ERR,ERR,ERR,ERR,ERR,ERR,ERR,ERR,ERR,ERR,2.718430741444032e+23,2.7184312818759872e+23,0.0,0.0,0.0,1.3936040501711995e+18,7.805,0.0,0,0,4,0,7116,0.0,100,0.0,0.0,0.0,0.0,0.0,0,0,0,0,0.0,0,0,0,0,0,0,0,0,0,0,0,0,0,0,0,0,0,0,0,0,0,0,0,0,0,0,0,0,0,0,0,0,0,31,40,40,71,65476,0,300,0,0,8,21553,0.0,-107605600.0,0.0,0.0,0.0,0.0,0.0,0.0,0.0,0.0,0.0,0.0,0.0,0.0,0.0,0.0,0.0,0.0,0.0,0.0,0.0,0.0,0.0,-2.004,-2.004,0.0,0.0,0.0,0.0,0.0,6214.0,-131351.031,6937.0,2.718430741444032e+23,2.7184312818759872e+23,-0.0,2.718430741444032e+23,0.0,0.0,0.0,0.0,69,-0.0,126840938496.0,0.0,0.0,0.0,0.0,0.0,0.0,0.0,0,0,0,0.0,0.0,0.0,0.0,0.0,0.0,0.0,0.0,0.0,0.0,0.0,0.0,0.0,0.0,0.0,0.0,0,-107875648.0,69,0.0,138,0.0,-109447200.0,0,13107,17040,39322,17049,13107,17043,0,0,0,70,68,100,2.7302359370752657e+23,71.2,2.7302370179391762e+23,74.2,2.7302370179391762e+23,74.0,1,49,50,180,13107,0,0,0,0.0,0.0,0.0,0.0,-0.0,67.0,0.0,162057.094,0.0,751,0,739,0,0,0,721,0,767,0,736,0,743,0,742,0,712,0,7520,0.032,108984795136.0,0.0,0.0,784,16797,-0.0,162057.094,-114818.039,-0.0,0.133,6.909358625270745e+28,30.0,65.0,35,0.0,0.0,0.0,0.0,0.0,0.0,0.0,0.0,0.0,0.0,0.0,0.0,0.0,0.0,0.0,0.0,69.6,0,150,71,55,65476,0,300,0,1,8,20529,65476,0,0,40632,65.0,0.0,0.0,0.0,0.0,0.0
2026-09-04T20:12:36,ERR,ERR,ERR,ERR,ERR,ERR,ERR,ERR,ERR,ERR,ERR,ERR,ERR,ERR,ERR,ERR,ERR,ERR,ERR,ERR,ERR,ERR,ERR,ERR,ERR,ERR,ERR,ERR,ERR,ERR,ERR,ERR,ERR,ERR,ERR,ERR,ERR,ERR,ERR,ERR,ERR,ERR,ERR,ERR,ERR,ERR,ERR,ERR,ERR,ERR,ERR,ERR,ERR,ERR,ERR,ERR,ERR,ERR,ERR,ERR,ERR,ERR,ERR,ERR,ERR,ERR,ERR,ERR,ERR,ERR,ERR,ERR,ERR,ERR,ERR,ERR,ERR,ERR,ERR,ERR,ERR,ERR,ERR,ERR,ERR,ERR,ERR,ERR,ERR,ERR,ERR,ERR,ERR,ERR,ERR,ERR,ERR,ERR,ERR,ERR,ERR,ERR,ERR,ERR,ERR,ERR,ERR,ERR,ERR,ERR,ERR,ERR,ERR,ERR,ERR,ERR,ERR,ERR,ERR,ERR,ERR,ERR,ERR,ERR,ERR,2.718430741444032e+23,2.7184312818759872e+23,0.0,0.0,0.0,1.3936040501711995e+18,7.805,0.0,0,0,4,0,7116,0.0,100,0.0,0.0,0.0,0.0,0.0,0,0,0,0,0.0,0,0,0,0,0,0,0,0,0,0,0,0,0,0,0,0,0,0,0,0,0,0,0,0,0,0,0,0,0,0,0,0,0,31,40,40,71,65476,0,300,0,0,8,21553,0.0,-107605600.0,0.0,0.0,0.0,0.0,0.0,0.0,0.0,0.0,0.0,0.0,0.0,0.0,0.0,0.0,0.0,0.0,0.0,0.0,0.0,0.0,0.0,-2.004,-2.004,0.0,0.0,0.0,0.0,0.0,6212.0,1.5879365311113302e+29,6926.0,2.718430741444032e+23,2.7184312818759872e+23,-0.0,2.718430741444032e+23,0.0,0.0,0.0,0.0,69,4.066883125581407e+29,-107615168.0,0.0,0.0,0.0,0.0,0.0,0.0,0.0,0,0,0,0.0,0.0,0.0,0.0,0.0,0.0,0.0,0.0,0.0,0.0,0.0,0.0,0.0,0.0,0.0,0.0,0,-107875648.0,69,0.0,138,0.0,-109447200.0,0,13107,17040,39322,17049,13107,17043,0,0,0,70,68,100,2.7302359370752657e+23,71.2,2.7302370179391762e+23,74.2,2.7302370179391762e+23,74.0,1,49,50,180,13107,0,0,0,0.0,0.0,0.0,0.0,-0.0,67.0,0.0,162057.094,0.0,751,0,739,0,0,0,721,0,767,0,736,0,743,0,742,0,712,0,7520,0.032,108984795136.0,0.0,0.0,784,16797,-0.0,162057.094,-114818.039,-0.0,0.133,6.909358625270745e+28,30.0,65.0,35,0.0,0.0,0.0,0.0,0.0,0.0,0.0,0.0,0.0,0.0,0.0,0.0,0.0,0.0,0.0,0.0,69.2,0,150,71,55,65476,0,300,0,1,8,20529,65476,0,0,40632,65.0,0.0,0.0,0.0,0.0,0.0
2026-09-04T20:12:37,ERR,ERR,ERR,ERR,ERR,ERR,ERR,ERR,ERR,ERR,ERR,ERR,ERR,ERR,ERR,ERR,ERR,ERR,ERR,ERR,ERR,ERR,ERR,ERR,ERR,ERR,ERR,ERR,ERR,ERR,ERR,ERR,ERR,ERR,ERR,ERR,ERR,ERR,ERR,ERR,ERR,ERR,ERR,ERR,ERR,ERR,ERR,ERR,ERR,ERR,ERR,ERR,ERR,ERR,ERR,ERR,ERR,ERR,ERR,ERR,ERR,ERR,ERR,ERR,ERR,ERR,ERR,ERR,ERR,ERR,ERR,ERR,ERR,ERR,ERR,ERR,ERR,ERR,ERR,ERR,ERR,ERR,ERR,ERR,ERR,ERR,ERR,ERR,ERR,ERR,ERR,ERR,ERR,ERR,ERR,ERR,ERR,ERR,ERR,ERR,ERR,ERR,ERR,ERR,ERR,ERR,ERR,ERR,ERR,ERR,ERR,ERR,ERR,ERR,ERR,ERR,ERR,ERR,ERR,ERR,ERR,ERR,ERR,ERR,ERR,2.718430741444032e+23,2.7184312818759872e+23,0.0,0.0,0.0,1.3936040501711995e+18,7.805,0.0,0,0,4,0,7116,0.0,100,0.0,0.0,0.0,0.0,0.0,0,0,0,0,0.0,0,0,0,0,0,0,0,0,0,0,0,0,0,0,0,0,0,0,0,0,0,0,0,0,0,0,0,0,0,0,0,0,0,31,40,40,71,65476,0,300,0,0,8,21553,0.0,-107605600.0,0.0,0.0,0.0,0.0,0.0,0.0,0.0,0.0,0.0,0.0,0.0,0.0,0.0,0.0,0.0,0.0,0.0,0.0,0.0,0.0,0.0,-2.004,-2.004,0.0,0.0,0.0,0.0,0.0,6212.0,1.5879365311113302e+29,6926.0,2.718430741444032e+23,2.7184312818759872e+23,-0.0,2.718430741444032e+23,0.0,0.0,0.0,0.0,69,4.066883125581407e+29,-107615168.0,0.0,0.0,0.0,0.0,0.0,0.0,0.0,0,0,0,0.0,0.0,0.0,0.0,0.0,0.0,0.0,0.0,0.0,0.0,0.0,0.0,0.0,0.0,0.0,0.0,0,-107875648.0,69,0.0,138,0.0,-109447200.0,0,13107,17040,39322,17049,13107,17043,0,0,0,70,68,100,2.7302359370752657e+23,71.2,2.7302370179391762e+23,74.2,2.7302370179391762e+23,74.0,1,49,50,180,13107,0,0,0,0.0,0.0,0.0,0.0,-0.0,67.0,0.0,162057.094,0.0,751,0,739,0,0,0,721,0,767,0,736,0,743,0,742,0,712,0,7520,0.032,108984795136.0,0.0,0.0,784,16797,-0.0,162057.094,-114818.039,-0.0,0.133,6.909358625270745e+28,30.0,65.0,35,0.0,0.0,0.0,0.0,0.0,0.0,0.0,0.0,0.0,0.0,0.0,0.0,0.0,0.0,0.0,0.0,69.2,0,150,71,55,65476,0,300,0,1,8,20529,65476,0,0,40632,65.0,0.0,0.0,0.0,0.0,0.0
2026-09-04T20:12:38,ERR,ERR,ERR,ERR,ERR,ERR,ERR,ERR,ERR,ERR,ERR,ERR,ERR,ERR,ERR,ERR,ERR,ERR,ERR,ERR,ERR,ERR,ERR,ERR,ERR,ERR,ERR,ERR,ERR,ERR,ERR,ERR,ERR,ERR,ERR,ERR,ERR,ERR,ERR,ERR,ERR,ERR,ERR,ERR,ERR,ERR,ERR,ERR,ERR,ERR,ERR,ERR,ERR,ERR,ERR,ERR,ERR,ERR,ERR,ERR,ERR,ERR,ERR,ERR,ERR,ERR,ERR,ERR,ERR,ERR,ERR,ERR,ERR,ERR,ERR,ERR,ERR,ERR,ERR,ERR,ERR,ERR,ERR,ERR,ERR,ERR,ERR,ERR,ERR,ERR,ERR,ERR,ERR,ERR,ERR,ERR,ERR,ERR,ERR,ERR,ERR,ERR,ERR,ERR,ERR,ERR,ERR,ERR,ERR,ERR,ERR,ERR,ERR,ERR,ERR,ERR,ERR,ERR,ERR,ERR,ERR,ERR,ERR,ERR,ERR,2.718430741444032e+23,2.7184312818759872e+23,0.0,0.0,0.0,1.3936040501711995e+18,7.805,0.0,0,0,4,0,7116,0.0,100,0.0,0.0,0.0,0.0,0.0,0,0,0,0,0.0,0,0,0,0,0,0,0,0,0,0,0,0,0,0,0,0,0,0,0,0,0,0,0,0,0,0,0,0,0,0,0,0,0,31,40,40,71,65476,0,300,0,0,8,21553,0.0,-107605600.0,0.0,0.0,0.0,0.0,0.0,0.0,0.0,0.0,0.0,0.0,0.0,0.0,0.0,0.0,0.0,0.0,0.0,0.0,0.0,0.0,0.0,-2.004,-2.004,0.0,0.0,0.0,0.0,0.0,6212.0,1.5879365311113302e+29,6926.0,2.718430741444032e+23,2.7184312818759872e+23,-0.0,2.718430741444032e+23,0.0,0.0,0.0,0.0,69,4.066883125581407e+29,-107615168.0,0.0,0.0,0.0,0.0,0.0,0.0,0.0,0,0,0,0.0,0.0,0.0,0.0,0.0,0.0,0.0,0.0,0.0,0.0,0.0,0.0,0.0,0.0,0.0,0.0,0,-107875648.0,69,0.0,138,0.0,-109447200.0,0,13107,17040,39322,17049,13107,17043,0,0,0,70,68,100,2.7302359370752657e+23,71.2,2.7302370179391762e+23,74.2,2.7302370179391762e+23,74.0,1,49,50,180,13107,0,0,0,0.0,0.0,0.0,0.0,-0.0,67.0,0.0,162057.094,0.0,751,0,739,0,0,0,721,0,767,0,736,0,743,0,742,0,712,0,7520,0.032,108984795136.0,0.0,0.0,784,16797,-0.0,162057.094,-114818.039,-0.0,0.133,6.909358625270745e+28,30.0,65.0,35,0.0,0.0,0.0,0.0,0.0,0.0,0.0,0.0,0.0,0.0,0.0,0.0,0.0,0.0,0.0,0.0,69.2,0,150,71,55,65476,0,300,0,1,8,20529,65476,0,0,40632,65.0,0.0,0.0,0.0,0.0,0.0
2026-09-04T20:12:39,ERR,ERR,ERR,ERR,ERR,ERR,ERR,ERR,ERR,ERR,ERR,ERR,ERR,ERR,ERR,ERR,ERR,ERR,ERR,ERR,ERR,ERR,ERR,ERR,ERR,ERR,ERR,ERR,ERR,ERR,ERR,ERR,ERR,ERR,ERR,ERR,ERR,ERR,ERR,ERR,ERR,ERR,ERR,ERR,ERR,ERR,ERR,ERR,ERR,ERR,ERR,ERR,ERR,ERR,ERR,ERR,ERR,ERR,ERR,ERR,ERR,ERR,ERR,ERR,ERR,ERR,ERR,ERR,ERR,ERR,ERR,ERR,ERR,ERR,ERR,ERR,ERR,ERR,ERR,ERR,ERR,ERR,ERR,ERR,ERR,ERR,ERR,ERR,ERR,ERR,ERR,ERR,ERR,ERR,ERR,ERR,ERR,ERR,ERR,ERR,ERR,ERR,ERR,ERR,ERR,ERR,ERR,ERR,ERR,ERR,ERR,ERR,ERR,ERR,ERR,ERR,ERR,ERR,ERR,ERR,ERR,ERR,ERR,ERR,ERR,2.718430741444032e+23,2.7184312818759872e+23,0.0,0.0,0.0,1.3936040501711995e+18,7.805,0.0,0,0,4,0,7116,0.0,100,0.0,0.0,0.0,0.0,0.0,0,0,0,0,0.0,0,0,0,0,0,0,0,0,0,0,0,0,0,0,0,0,0,0,0,0,0,0,0,0,0,0,0,0,0,0,0,0,0,31,40,40,71,65476,0,300,0,0,8,21553,0.0,-107605600.0,0.0,0.0,0.0,0.0,0.0,0.0,0.0,0.0,0.0,0.0,0.0,0.0,0.0,0.0,0.0,0.0,0.0,0.0,0.0,0.0,0.0,-2.004,-2.004,0.0,0.0,0.0,0.0,0.0,6212.0,1.5879365311113302e+29,6926.0,2.718430741444032e+23,2.7184312818759872e+23,-0.0,2.718430741444032e+23,0.0,0.0,0.0,0.0,69,4.066883125581407e+29,-107615168.0,0.0,0.0,0.0,0.0,0.0,0.0,0.0,0,0,0,0.0,0.0,0.0,0.0,0.0,0.0,0.0,0.0,0.0,0.0,0.0,0.0,0.0,0.0,0.0,0.0,0,-107875648.0,69,0.0,138,0.0,-109447200.0,0,13107,17040,26215,17049,13107,17043,0,0,0,70,68,100,2.7302359370752657e+23,71.2,2.7302370179391762e+23,74.2,2.7302370179391762e+23,74.0,1,49,50,180,13107,0,0,0,0.0,0.0,0.0,0.0,-0.0,67.0,0.0,162057.094,0.0,751,0,740,0,0,0,721,0,767,0,737,0,742,0,742,0,712,0,7520,0.032,108984795136.0,0.0,0.0,784,16797,-0.0,162057.094,-114818.039,-0.0,0.133,6.909358625270745e+28,30.0,65.0,35,0.0,0.0,0.0,0.0,0.0,0.0,0.0,0.0,0.0,0.0,0.0,0.0,0.0,0.0,0.0,0.0,69.2,0,150,71,55,65476,0,300,0,1,8,20529,65476,0,0,40632,65.0,0.0,0.0,0.0,0.0,0.0
2026-09-04T20:12:40,ERR,ERR,ERR,ERR,ERR,ERR,ERR,ERR,ERR,ERR,ERR,ERR,ERR,ERR,ERR,ERR,ERR,ERR,ERR,ERR,ERR,ERR,ERR,ERR,ERR,ERR,ERR,ERR,ERR,ERR,ERR,ERR,ERR,ERR,ERR,ERR,ERR,ERR,ERR,ERR,ERR,ERR,ERR,ERR,ERR,ERR,ERR,ERR,ERR,ERR,ERR,ERR,ERR,ERR,ERR,ERR,ERR,ERR,ERR,ERR,ERR,ERR,ERR,ERR,ERR,ERR,ERR,ERR,ERR,ERR,ERR,ERR,ERR,ERR,ERR,ERR,ERR,ERR,ERR,ERR,ERR,ERR,ERR,ERR,ERR,ERR,ERR,ERR,ERR,ERR,ERR,ERR,ERR,ERR,ERR,ERR,ERR,ERR,ERR,ERR,ERR,ERR,ERR,ERR,ERR,ERR,ERR,ERR,ERR,ERR,ERR,ERR,ERR,ERR,ERR,ERR,ERR,ERR,ERR,ERR,ERR,ERR,ERR,ERR,ERR,2.718430741444032e+23,2.7184312818759872e+23,0.0,0.0,0.0,1.3936040501711995e+18,7.805,0.0,0,0,4,0,7116,0.0,100,0.0,0.0,0.0,0.0,0.0,0,0,0,0,0.0,0,0,0,0,0,0,0,0,0,0,0,0,0,0,0,0,0,0,0,0,0,0,0,0,0,0,0,0,0,0,0,0,0,31,40,40,71,65476,0,300,0,0,8,21553,0.0,-107605600.0,0.0,0.0,0.0,0.0,0.0,0.0,0.0,0.0,0.0,0.0,0.0,0.0,0.0,0.0,0.0,0.0,0.0,0.0,0.0,0.0,0.0,-2.004,-2.004,0.0,0.0,0.0,0.0,0.0,6212.0,1.5879365311113302e+29,6926.0,2.718430741444032e+23,2.7184312818759872e+23,-0.0,2.718430741444032e+23,0.0,0.0,0.0,0.0,69,4.066883125581407e+29,-107615168.0,0.0,0.0,0.0,0.0,0.0,0.0,0.0,0,0,0,0.0,0.0,0.0,0.0,0.0,0.0,0.0,0.0,0.0,0.0,0.0,0.0,0.0,0.0,0.0,0.0,0,-107875648.0,69,0.0,138,0.0,-109447200.0,0,13107,17040,26215,17049,13107,17043,0,0,0,70,68,100,2.7302359370752657e+23,71.2,2.7302370179391762e+23,74.2,2.7302370179391762e+23,74.0,1,49,50,180,13107,0,0,0,0.0,0.0,0.0,0.0,-0.0,67.0,0.0,162057.094,0.0,751,0,740,0,0,0,721,0,767,0,737,0,742,0,742,0,712,0,7520,0.032,108984795136.0,0.0,0.0,784,16797,-0.0,162057.094,-114818.039,-0.0,0.133,6.909358625270745e+28,30.0,65.0,35,0.0,0.0,0.0,0.0,0.0,0.0,0.0,0.0,0.0,0.0,0.0,0.0,0.0,0.0,0.0,0.0,69.2,0,150,71,55,65476,0,300,0,1,8,20529,65476,0,0,40632,65.0,0.0,0.0,0.0,0.0,0.0
2026-09-04T20:12:41,ERR,ERR,ERR,ERR,ERR,ERR,ERR,ERR,ERR,ERR,ERR,ERR,ERR,ERR,ERR,ERR,ERR,ERR,ERR,ERR,ERR,ERR,ERR,ERR,ERR,ERR,ERR,ERR,ERR,ERR,ERR,ERR,ERR,ERR,ERR,ERR,ERR,ERR,ERR,ERR,ERR,ERR,ERR,ERR,ERR,ERR,ERR,ERR,ERR,ERR,ERR,ERR,ERR,ERR,ERR,ERR,ERR,ERR,ERR,ERR,ERR,ERR,ERR,ERR,ERR,ERR,ERR,ERR,ERR,ERR,ERR,ERR,ERR,ERR,ERR,ERR,ERR,ERR,ERR,ERR,ERR,ERR,ERR,ERR,ERR,ERR,ERR,ERR,ERR,ERR,ERR,ERR,ERR,ERR,ERR,ERR,ERR,ERR,ERR,ERR,ERR,ERR,ERR,ERR,ERR,ERR,ERR,ERR,ERR,ERR,ERR,ERR,ERR,ERR,ERR,ERR,ERR,ERR,ERR,ERR,ERR,ERR,ERR,ERR,ERR,2.718430741444032e+23,2.7184312818759872e+23,0.0,0.0,0.0,1.3936040501711995e+18,7.805,0.0,0,0,4,0,7116,0.0,100,0.0,0.0,0.0,0.0,0.0,0,0,0,0,0.0,0,0,0,0,0,0,0,0,0,0,0,0,0,0,0,0,0,0,0,0,0,0,0,0,0,0,0,0,0,0,0,0,0,31,40,40,71,65476,0,300,0,0,8,21553,0.0,-107605600.0,0.0,0.0,0.0,0.0,0.0,0.0,0.0,0.0,0.0,0.0,0.0,0.0,0.0,0.0,0.0,0.0,0.0,0.0,0.0,0.0,0.0,-2.004,-2.004,0.0,0.0,0.0,0.0,0.0,6212.0,1.5879365311113302e+29,6926.0,2.718430741444032e+23,2.7184312818759872e+23,-0.0,2.718430741444032e+23,0.0,0.0,0.0,0.0,69,4.066883125581407e+29,-107615168.0,0.0,0.0,0.0,0.0,0.0,0.0,0.0,0,0,0,0.0,0.0,0.0,0.0,0.0,0.0,0.0,0.0,0.0,0.0,0.0,0.0,0.0,0.0,0.0,0.0,0,-107875648.0,69,0.0,138,0.0,-109447200.0,0,13107,17040,26215,17049,13107,17043,0,0,0,70,68,100,2.7302359370752657e+23,71.2,2.7302370179391762e+23,74.2,2.7302370179391762e+23,74.0,1,49,50,180,13107,0,0,0,0.0,0.0,0.0,0.0,-0.0,67.0,0.0,162057.094,0.0,751,0,740,0,0,0,721,0,767,0,737,0,742,0,742,0,712,0,7520,0.032,108984795136.0,0.0,0.0,784,16797,-0.0,162057.094,-114818.039,-0.0,0.133,6.909358625270745e+28,30.0,65.0,35,0.0,0.0,0.0,0.0,0.0,0.0,0.0,0.0,0.0,0.0,0.0,0.0,0.0,0.0,0.0,0.0,69.2,0,150,71,55,65476,0,300,0,1,8,20529,65476,0,0,40632,65.0,0.0,0.0,0.0,0.0,0.0
2026-09-04T20:12:42,ERR,ERR,ERR,ERR,ERR,ERR,ERR,ERR,ERR,ERR,ERR,ERR,ERR,ERR,ERR,ERR,ERR,ERR,ERR,ERR,ERR,ERR,ERR,ERR,ERR,ERR,ERR,ERR,ERR,ERR,ERR,ERR,ERR,ERR,ERR,ERR,ERR,ERR,ERR,ERR,ERR,ERR,ERR,ERR,ERR,ERR,ERR,ERR,ERR,ERR,ERR,ERR,ERR,ERR,ERR,ERR,ERR,ERR,ERR,ERR,ERR,ERR,ERR,ERR,ERR,ERR,ERR,ERR,ERR,ERR,ERR,ERR,ERR,ERR,ERR,ERR,ERR,ERR,ERR,ERR,ERR,ERR,ERR,ERR,ERR,ERR,ERR,ERR,ERR,ERR,ERR,ERR,ERR,ERR,ERR,ERR,ERR,ERR,ERR,ERR,ERR,ERR,ERR,ERR,ERR,ERR,ERR,ERR,ERR,ERR,ERR,ERR,ERR,ERR,ERR,ERR,ERR,ERR,ERR,ERR,ERR,ERR,ERR,ERR,ERR,2.718430741444032e+23,2.7184312818759872e+23,0.0,0.0,0.0,1.3936040501711995e+18,7.805,0.0,0,0,4,0,7116,0.0,100,0.0,0.0,0.0,0.0,0.0,0,0,0,0,0.0,0,0,0,0,0,0,0,0,0,0,0,0,0,0,0,0,0,0,0,0,0,0,0,0,0,0,0,0,0,0,0,0,0,31,40,40,71,65476,0,300,0,0,8,21553,0.0,-107605600.0,0.0,0.0,0.0,0.0,0.0,0.0,0.0,0.0,0.0,0.0,0.0,0.0,0.0,0.0,0.0,0.0,0.0,0.0,0.0,0.0,0.0,-2.004,-2.004,0.0,0.0,0.0,0.0,0.0,6212.0,1.5879365311113302e+29,6926.0,2.718430741444032e+23,2.7184312818759872e+23,-0.0,2.718430741444032e+23,0.0,0.0,0.0,0.0,69,4.066883125581407e+29,-107615168.0,0.0,0.0,0.0,0.0,0.0,0.0,0.0,0,0,0,0.0,0.0,0.0,0.0,0.0,0.0,0.0,0.0,0.0,0.0,0.0,0.0,0.0,0.0,0.0,0.0,0,-107875648.0,69,0.0,138,0.0,-109447200.0,0,13107,17040,26215,17049,13107,17043,0,0,0,70,68,100,2.7302359370752657e+23,71.2,2.7302370179391762e+23,74.2,2.7302370179391762e+23,74.0,1,49,50,180,13107,0,0,0,0.0,0.0,0.0,0.0,-0.0,67.0,0.0,162057.094,0.0,751,0,740,0,0,0,721,0,767,0,737,0,742,0,742,0,712,0,7520,0.032,108984795136.0,0.0,0.0,784,16797,-0.0,162057.094,-114818.039,-0.0,0.133,6.909358625270745e+28,30.0,65.0,35,0.0,0.0,0.0,0.0,0.0,0.0,0.0,0.0,0.0,0.0,0.0,0.0,0.0,0.0,0.0,0.0,69.2,0,150,71,55,65476,0,300,0,1,8,20529,65476,0,0,40632,65.0,0.0,0.0,0.0,0.0,0.0
2026-09-04T20:12:43,ERR,ERR,ERR,ERR,ERR,ERR,ERR,ERR,ERR,ERR,ERR,ERR,ERR,ERR,ERR,ERR,ERR,ERR,ERR,ERR,ERR,ERR,ERR,ERR,ERR,ERR,ERR,ERR,ERR,ERR,ERR,ERR,ERR,ERR,ERR,ERR,ERR,ERR,ERR,ERR,ERR,ERR,ERR,ERR,ERR,ERR,ERR,ERR,ERR,ERR,ERR,ERR,ERR,ERR,ERR,ERR,ERR,ERR,ERR,ERR,ERR,ERR,ERR,ERR,ERR,ERR,ERR,ERR,ERR,ERR,ERR,ERR,ERR,ERR,ERR,ERR,ERR,ERR,ERR,ERR,ERR,ERR,ERR,ERR,ERR,ERR,ERR,ERR,ERR,ERR,ERR,ERR,ERR,ERR,ERR,ERR,ERR,ERR,ERR,ERR,ERR,ERR,ERR,ERR,ERR,ERR,ERR,ERR,ERR,ERR,ERR,ERR,ERR,ERR,ERR,ERR,ERR,ERR,ERR,ERR,ERR,ERR,ERR,ERR,ERR,2.718430741444032e+23,2.7184312818759872e+23,0.0,0.0,0.0,1.3936040501711995e+18,7.805,0.0,0,0,4,0,7116,0.0,100,0.0,0.0,0.0,0.0,0.0,0,0,0,0,0.0,0,0,0,0,0,0,0,0,0,0,0,0,0,0,0,0,0,0,0,0,0,0,0,0,0,0,0,0,0,0,0,0,0,31,40,40,71,65476,0,300,0,0,8,21553,0.0,-107605600.0,0.0,0.0,0.0,0.0,0.0,0.0,0.0,0.0,0.0,0.0,0.0,0.0,0.0,0.0,0.0,0.0,0.0,0.0,0.0,0.0,0.0,-2.004,-2.004,0.0,0.0,0.0,0.0,0.0,6216.0,1.0406700850291214e+34,6927.0,2.718430741444032e+23,2.7184312818759872e+23,-0.0,2.718430741444032e+23,0.0,0.0,0.0,0.0,69,-0.0,-3.2220204761180784e+26,0.0,0.0,0.0,0.0,0.0,0.0,0.0,0,0,0,0.0,0.0,0.0,0.0,0.0,0.0,0.0,0.0,0.0,0.0,0.0,0.0,0.0,0.0,0.0,0.0,0,-107875648.0,69,0.0,138,0.0,-109447200.0,0,13107,17040,26215,17049,13107,17043,0,0,0,70,68,100,2.7302359370752657e+23,71.2,2.7302370179391762e+23,74.2,2.7302370179391762e+23,74.0,1,49,50,180,13107,0,0,0,0.0,0.0,0.0,0.0,-0.0,67.0,0.0,162057.094,0.0,751,0,740,0,0,0,721,0,767,0,737,0,742,0,742,0,712,0,7520,0.032,108984795136.0,0.0,0.0,784,16797,-0.0,162057.094,-114818.039,-0.0,0.133,6.909358625270745e+28,30.0,65.0,35,0.0,0.0,0.0,0.0,0.0,0.0,0.0,0.0,0.0,0.0,0.0,0.0,0.0,0.0,0.0,0.0,69.2,0,150,71,55,65476,0,300,0,1,8,20529,65476,0,0,40632,65.0,0.0,0.0,0.0,0.0,0.0
2026-09-04T20:12:44,ERR,ERR,ERR,ERR,ERR,ERR,ERR,ERR,ERR,ERR,ERR,ERR,ERR,ERR,ERR,ERR,ERR,ERR,ERR,ERR,ERR,ERR,ERR,ERR,ERR,ERR,ERR,ERR,ERR,ERR,ERR,ERR,ERR,ERR,ERR,ERR,ERR,ERR,ERR,ERR,ERR,ERR,ERR,ERR,ERR,ERR,ERR,ERR,ERR,ERR,ERR,ERR,ERR,ERR,ERR,ERR,ERR,ERR,ERR,ERR,ERR,ERR,ERR,ERR,ERR,ERR,ERR,ERR,ERR,ERR,ERR,ERR,ERR,ERR,ERR,ERR,ERR,ERR,ERR,ERR,ERR,ERR,ERR,ERR,ERR,ERR,ERR,ERR,ERR,ERR,ERR,ERR,ERR,ERR,ERR,ERR,ERR,ERR,ERR,ERR,ERR,ERR,ERR,ERR,ERR,ERR,ERR,ERR,ERR,ERR,ERR,ERR,ERR,ERR,ERR,ERR,ERR,ERR,ERR,ERR,ERR,ERR,ERR,ERR,ERR,2.718430741444032e+23,2.7184312818759872e+23,0.0,0.0,0.0,1.3936040501711995e+18,7.805,0.0,0,0,4,0,7116,0.0,100,0.0,0.0,0.0,0.0,0.0,0,0,0,0,0.0,0,0,0,0,0,0,0,0,0,0,0,0,0,0,0,0,0,0,0,0,0,0,0,0,0,0,0,0,0,0,0,0,0,31,40,40,71,65476,0,300,0,0,8,21553,0.0,-107605600.0,0.0,0.0,0.0,0.0,0.0,0.0,0.0,0.0,0.0,0.0,0.0,0.0,0.0,0.0,0.0,0.0,0.0,0.0,0.0,0.0,0.0,-2.004,-2.004,0.0,0.0,0.0,0.0,0.0,6216.0,1.0406700850291214e+34,6927.0,2.718430741444032e+23,2.7184312818759872e+23,-0.0,2.718430741444032e+23,0.0,0.0,0.0,0.0,69,-0.0,-3.2220204761180784e+26,0.0,0.0,0.0,0.0,0.0,0.0,0.0,0,0,0,0.0,0.0,0.0,0.0,0.0,0.0,0.0,0.0,0.0,0.0,0.0,0.0,0.0,0.0,0.0,0.0,0,-107875648.0,69,0.0,138,0.0,-109447200.0,0,13107,17040,26215,17049,13107,17043,0,0,0,70,68,100,2.7302359370752657e+23,71.2,2.7302370179391762e+23,74.3,2.7302370179391762e+23,74.0,1,49,50,180,13107,0,0,0,0.0,0.0,0.0,0.0,-0.0,67.0,0.0,162057.094,0.0,751,0,739,0,0,0,721,0,767,0,736,0,742,0,742,0,712,0,7520,0.032,108447924224.0,0.0,0.0,784,16797,-0.0,162057.094,-114818.039,-0.0,0.133,6.909358625270745e+28,30.0,65.0,35,0.0,0.0,0.0,0.0,0.0,0.0,0.0,0.0,0.0,0.0,0.0,0.0,0.0,0.0,0.0,0.0,69.2,0,150,71,55,65476,0,300,0,1,8,20529,65476,0,0,40632,65.0,0.0,0.0,0.0,0.0,0.0
2026-09-04T20:12:45,ERR,ERR,ERR,ERR,ERR,ERR,ERR,ERR,ERR,ERR,ERR,ERR,ERR,ERR,ERR,ERR,ERR,ERR,ERR,ERR,ERR,ERR,ERR,ERR,ERR,ERR,ERR,ERR,ERR,ERR,ERR,ERR,ERR,ERR,ERR,ERR,ERR,ERR,ERR,ERR,ERR,ERR,ERR,ERR,ERR,ERR,ERR,ERR,ERR,ERR,ERR,ERR,ERR,ERR,ERR,ERR,ERR,ERR,ERR,ERR,ERR,ERR,ERR,ERR,ERR,ERR,ERR,ERR,ERR,ERR,ERR,ERR,ERR,ERR,ERR,ERR,ERR,ERR,ERR,ERR,ERR,ERR,ERR,ERR,ERR,ERR,ERR,ERR,ERR,ERR,ERR,ERR,ERR,ERR,ERR,ERR,ERR,ERR,ERR,ERR,ERR,ERR,ERR,ERR,ERR,ERR,ERR,ERR,ERR,ERR,ERR,ERR,ERR,ERR,ERR,ERR,ERR,ERR,ERR,ERR,ERR,ERR,ERR,ERR,ERR,2.718430741444032e+23,2.7184312818759872e+23,0.0,0.0,0.0,1.3936040501711995e+18,7.805,0.0,0,0,4,0,7116,0.0,100,0.0,0.0,0.0,0.0,0.0,0,0,0,0,0.0,0,0,0,0,0,0,0,0,0,0,0,0,0,0,0,0,0,0,0,0,0,0,0,0,0,0,0,0,0,0,0,0,0,31,40,40,71,65476,0,300,0,0,8,21553,0.0,-107605600.0,0.0,0.0,0.0,0.0,0.0,0.0,0.0,0.0,0.0,0.0,0.0,0.0,0.0,0.0,0.0,0.0,0.0,0.0,0.0,0.0,0.0,-2.004,-2.004,0.0,0.0,0.0,0.0,0.0,6216.0,1.0406700850291214e+34,6927.0,2.718430741444032e+23,2.7184312818759872e+23,-0.0,2.718430741444032e+23,0.0,0.0,0.0,0.0,69,-0.0,-3.2220204761180784e+26,0.0,0.0,0.0,0.0,0.0,0.0,0.0,0,0,0,0.0,0.0,0.0,0.0,0.0,0.0,0.0,0.0,0.0,0.0,0.0,0.0,0.0,0.0,0.0,0.0,0,-107875648.0,69,0.0,138,0.0,-109447200.0,0,13107,17040,26215,17049,13107,17043,0,0,0,70,68,100,2.7302359370752657e+23,71.2,2.7302370179391762e+23,74.3,2.7302370179391762e+23,74.0,1,49,50,180,13107,0,0,0,0.0,0.0,0.0,0.0,-0.0,67.0,0.0,162057.094,0.0,751,0,739,0,0,0,721,0,767,0,736,0,742,0,742,0,712,0,7520,0.032,108447924224.0,0.0,0.0,784,16797,-0.0,162057.094,-114818.039,-0.0,0.133,6.909358625270745e+28,30.0,65.0,35,0.0,0.0,0.0,0.0,0.0,0.0,0.0,0.0,0.0,0.0,0.0,0.0,0.0,0.0,0.0,0.0,69.2,0,150,71,55,65476,0,300,0,1,8,20529,65476,0,0,40632,65.0,0.0,0.0,0.0,0.0,0.0
2026-09-04T20:12:46,ERR,ERR,ERR,ERR,ERR,ERR,ERR,ERR,ERR,ERR,ERR,ERR,ERR,ERR,ERR,ERR,ERR,ERR,ERR,ERR,ERR,ERR,ERR,ERR,ERR,ERR,ERR,ERR,ERR,ERR,ERR,ERR,ERR,ERR,ERR,ERR,ERR,ERR,ERR,ERR,ERR,ERR,ERR,ERR,ERR,ERR,ERR,ERR,ERR,ERR,ERR,ERR,ERR,ERR,ERR,ERR,ERR,ERR,ERR,ERR,ERR,ERR,ERR,ERR,ERR,ERR,ERR,ERR,ERR,ERR,ERR,ERR,ERR,ERR,ERR,ERR,ERR,ERR,ERR,ERR,ERR,ERR,ERR,ERR,ERR,ERR,ERR,ERR,ERR,ERR,ERR,ERR,ERR,ERR,ERR,ERR,ERR,ERR,ERR,ERR,ERR,ERR,ERR,ERR,ERR,ERR,ERR,ERR,ERR,ERR,ERR,ERR,ERR,ERR,ERR,ERR,ERR,ERR,ERR,ERR,ERR,ERR,ERR,ERR,ERR,2.718430741444032e+23,2.7184312818759872e+23,0.0,0.0,0.0,1.3936040501711995e+18,7.805,0.0,0,0,4,0,7116,0.0,100,0.0,0.0,0.0,0.0,0.0,0,0,0,0,0.0,0,0,0,0,0,0,0,0,0,0,0,0,0,0,0,0,0,0,0,0,0,0,0,0,0,0,0,0,0,0,0,0,0,31,40,40,71,65476,0,300,0,0,8,21553,0.0,-107605600.0,0.0,0.0,0.0,0.0,0.0,0.0,0.0,0.0,0.0,0.0,0.0,0.0,0.0,0.0,0.0,0.0,0.0,0.0,0.0,0.0,0.0,-2.004,-2.004,0.0,0.0,0.0,0.0,0.0,6216.0,1.0406700850291214e+34,6927.0,2.718430741444032e+23,2.7184312818759872e+23,-0.0,2.718430741444032e+23,0.0,0.0,0.0,0.0,69,-0.0,-3.2220204761180784e+26,0.0,0.0,0.0,0.0,0.0,0.0,0.0,0,0,0,0.0,0.0,0.0,0.0,0.0,0.0,0.0,0.0,0.0,0.0,0.0,0.0,0.0,0.0,0.0,0.0,0,-107875648.0,69,0.0,138,0.0,-109447200.0,0,13107,17040,26215,17049,13107,17043,0,0,0,70,68,100,2.7302359370752657e+23,71.2,2.7302370179391762e+23,74.3,2.7302370179391762e+23,74.0,1,49,50,180,13107,0,0,0,0.0,0.0,0.0,0.0,-0.0,67.0,0.0,162057.094,0.0,751,0,739,0,0,0,721,0,767,0,736,0,742,0,742,0,712,0,7520,0.032,108447924224.0,0.0,0.0,784,16797,-0.0,162057.094,-114818.039,-0.0,0.133,6.909358625270745e+28,30.0,65.0,35,0.0,0.0,0.0,0.0,0.0,0.0,0.0,0.0,0.0,0.0,0.0,0.0,0.0,0.0,0.0,0.0,69.2,0,150,71,55,65476,0,300,0,1,8,20529,65476,0,0,40632,65.0,0.0,0.0,0.0,0.0,0.0
2026-09-04T20:12:47,ERR,ERR,ERR,ERR,ERR,ERR,ERR,ERR,ERR,ERR,ERR,ERR,ERR,ERR,ERR,ERR,ERR,ERR,ERR,ERR,ERR,ERR,ERR,ERR,ERR,ERR,ERR,ERR,ERR,ERR,ERR,ERR,ERR,ERR,ERR,ERR,ERR,ERR,ERR,ERR,ERR,ERR,ERR,ERR,ERR,ERR,ERR,ERR,ERR,ERR,ERR,ERR,ERR,ERR,ERR,ERR,ERR,ERR,ERR,ERR,ERR,ERR,ERR,ERR,ERR,ERR,ERR,ERR,ERR,ERR,ERR,ERR,ERR,ERR,ERR,ERR,ERR,ERR,ERR,ERR,ERR,ERR,ERR,ERR,ERR,ERR,ERR,ERR,ERR,ERR,ERR,ERR,ERR,ERR,ERR,ERR,ERR,ERR,ERR,ERR,ERR,ERR,ERR,ERR,ERR,ERR,ERR,ERR,ERR,ERR,ERR,ERR,ERR,ERR,ERR,ERR,ERR,ERR,ERR,ERR,ERR,ERR,ERR,ERR,ERR,2.718430741444032e+23,2.7184312818759872e+23,0.0,0.0,0.0,1.3936040501711995e+18,7.805,0.0,0,0,4,0,7116,0.0,100,0.0,0.0,0.0,0.0,0.0,0,0,0,0,0.0,0,0,0,0,0,0,0,0,0,0,0,0,0,0,0,0,0,0,0,0,0,0,0,0,0,0,0,0,0,0,0,0,0,31,40,40,71,65476,0,300,0,0,8,21553,0.0,-107605600.0,0.0,0.0,0.0,0.0,0.0,0.0,0.0,0.0,0.0,0.0,0.0,0.0,0.0,0.0,0.0,0.0,0.0,0.0,0.0,0.0,0.0,-2.004,-2.004,0.0,0.0,0.0,0.0,0.0,6216.0,1.0406700850291214e+34,6927.0,2.718430741444032e+23,2.7184312818759872e+23,-0.0,2.718430741444032e+23,0.0,0.0,0.0,0.0,69,-0.0,-3.2220204761180784e+26,0.0,0.0,0.0,0.0,0.0,0.0,0.0,0,0,0,0.0,0.0,0.0,0.0,0.0,0.0,0.0,0.0,0.0,0.0,0.0,0.0,0.0,0.0,0.0,0.0,0,-107875648.0,69,0.0,138,0.0,-109447200.0,0,13107,17040,26215,17049,13107,17043,0,0,0,70,68,100,2.7302359370752657e+23,71.2,2.7302370179391762e+23,74.3,2.7302370179391762e+23,74.0,1,49,50,180,13107,0,0,0,0.0,0.0,0.0,0.0,-0.0,67.0,0.0,162057.094,0.0,751,0,739,0,0,0,721,0,767,0,736,0,742,0,742,0,712,0,7520,0.032,108447924224.0,0.0,0.0,784,16797,-0.0,162057.094,-114818.039,-0.0,0.133,6.909358625270745e+28,30.0,65.0,35,0.0,0.0,0.0,0.0,0.0,0.0,0.0,0.0,0.0,0.0,0.0,0.0,0.0,0.0,0.0,0.0,69.2,0,150,71,55,65476,0,300,0,1,8,20529,65476,0,0,40632,65.0,0.0,0.0,0.0,0.0,0.0
2026-09-04T20:12:48,ERR,ERR,ERR,ERR,ERR,ERR,ERR,ERR,ERR,ERR,ERR,ERR,ERR,ERR,ERR,ERR,ERR,ERR,ERR,ERR,ERR,ERR,ERR,ERR,ERR,ERR,ERR,ERR,ERR,ERR,ERR,ERR,ERR,ERR,ERR,ERR,ERR,ERR,ERR,ERR,ERR,ERR,ERR,ERR,ERR,ERR,ERR,ERR,ERR,ERR,ERR,ERR,ERR,ERR,ERR,ERR,ERR,ERR,ERR,ERR,ERR,ERR,ERR,ERR,ERR,ERR,ERR,ERR,ERR,ERR,ERR,ERR,ERR,ERR,ERR,ERR,ERR,ERR,ERR,ERR,ERR,ERR,ERR,ERR,ERR,ERR,ERR,ERR,ERR,ERR,ERR,ERR,ERR,ERR,ERR,ERR,ERR,ERR,ERR,ERR,ERR,ERR,ERR,ERR,ERR,ERR,ERR,ERR,ERR,ERR,ERR,ERR,ERR,ERR,ERR,ERR,ERR,ERR,ERR,ERR,ERR,ERR,ERR,ERR,ERR,2.718430741444032e+23,2.7184312818759872e+23,0.0,0.0,0.0,1.3936040501711995e+18,7.805,0.0,0,0,4,0,7116,0.0,100,0.0,0.0,0.0,0.0,0.0,0,0,0,0,0.0,0,0,0,0,0,0,0,0,0,0,0,0,0,0,0,0,0,0,0,0,0,0,0,0,0,0,0,0,0,0,0,0,0,31,40,40,71,65476,0,300,0,0,8,21553,0.0,-107605600.0,0.0,0.0,0.0,0.0,0.0,0.0,0.0,0.0,0.0,0.0,0.0,0.0,0.0,0.0,0.0,0.0,0.0,0.0,0.0,0.0,0.0,-2.004,-2.004,0.0,0.0,0.0,0.0,0.0,6216.0,1.0406700850291214e+34,6927.0,2.718430741444032e+23,2.7184312818759872e+23,-0.0,2.718430741444032e+23,0.0,0.0,0.0,0.0,69,-0.0,-3.2220204761180784e+26,0.0,0.0,0.0,0.0,0.0,0.0,0.0,0,0,0,0.0,0.0,0.0,0.0,0.0,0.0,0.0,0.0,0.0,0.0,0.0,0.0,0.0,0.0,0.0,0.0,0,-107875648.0,69,0.0,138,0.0,-109447200.0,0,13107,17040,26215,17049,13107,17043,0,0,0,70,68,100,2.7302359370752657e+23,71.2,2.7302370179391762e+23,74.3,2.7302370179391762e+23,74.0,1,49,50,180,13107,0,0,0,0.0,0.0,0.0,0.0,-0.0,67.0,0.0,162057.094,0.0,751,0,739,0,0,0,721,0,767,0,736,0,742,0,742,0,712,0,7520,0.032,108447924224.0,0.0,0.0,784,16797,-0.0,162057.094,-114818.039,-0.0,0.133,6.909358625270745e+28,30.0,65.0,35,0.0,0.0,0.0,0.0,0.0,0.0,0.0,0.0,0.0,0.0,0.0,0.0,0.0,0.0,0.0,0.0,69.2,0,150,71,55,65476,0,300,0,1,8,20529,65476,0,0,40632,65.0,0.0,0.0,0.0,0.0,0.0
2026-09-04T20:12:49,ERR,ERR,ERR,ERR,ERR,ERR,ERR,ERR,ERR,ERR,ERR,ERR,ERR,ERR,ERR,ERR,ERR,ERR,ERR,ERR,ERR,ERR,ERR,ERR,ERR,ERR,ERR,ERR,ERR,ERR,ERR,ERR,ERR,ERR,ERR,ERR,ERR,ERR,ERR,ERR,ERR,ERR,ERR,ERR,ERR,ERR,ERR,ERR,ERR,ERR,ERR,ERR,ERR,ERR,ERR,ERR,ERR,ERR,ERR,ERR,ERR,ERR,ERR,ERR,ERR,ERR,ERR,ERR,ERR,ERR,ERR,ERR,ERR,ERR,ERR,ERR,ERR,ERR,ERR,ERR,ERR,ERR,ERR,ERR,ERR,ERR,ERR,ERR,ERR,ERR,ERR,ERR,ERR,ERR,ERR,ERR,ERR,ERR,ERR,ERR,ERR,ERR,ERR,ERR,ERR,ERR,ERR,ERR,ERR,ERR,ERR,ERR,ERR,ERR,ERR,ERR,ERR,ERR,ERR,ERR,ERR,ERR,ERR,ERR,ERR,2.718430741444032e+23,2.7184312818759872e+23,0.0,0.0,0.0,1.3936040501711995e+18,7.805,0.0,0,0,4,0,7116,0.0,100,0.0,0.0,0.0,0.0,0.0,0,0,0,0,0.0,0,0,0,0,0,0,0,0,0,0,0,0,0,0,0,0,0,0,0,0,0,0,0,0,0,0,0,0,0,0,0,0,0,31,40,40,71,65476,0,300,0,0,8,21553,0.0,-107605600.0,0.0,0.0,0.0,0.0,0.0,0.0,0.0,0.0,0.0,0.0,0.0,0.0,0.0,0.0,0.0,0.0,0.0,0.0,0.0,0.0,0.0,-2.004,-2.004,0.0,0.0,0.0,0.0,0.0,6216.0,1.0406700850291214e+34,6927.0,2.718430741444032e+23,2.7184312818759872e+23,-0.0,2.718430741444032e+23,0.0,0.0,0.0,0.0,69,-0.0,-3.2220204761180784e+26,0.0,0.0,0.0,0.0,0.0,0.0,0.0,0,0,0,0.0,0.0,0.0,0.0,0.0,0.0,0.0,0.0,0.0,0.0,0.0,0.0,0.0,0.0,0.0,0.0,0,-107875648.0,69,0.0,138,0.0,-109447200.0,0,13107,17040,26215,17049,13107,17043,0,0,0,70,68,100,2.7302359370752657e+23,71.2,2.7302370179391762e+23,74.2,-0.0,74.0,1,49,50,180,13107,52429,0,0,0.0,0.0,0.0,0.0,-0.0,67.0,0.0,162057.094,0.0,751,0,740,0,0,0,721,0,767,0,736,0,742,0,742,0,712,0,7520,0.032,108447924224.0,0.0,0.0,784,16797,-0.0,162057.094,-114818.039,-0.0,0.133,6.909358625270745e+28,30.0,65.0,35,0.0,0.0,0.0,0.0,0.0,0.0,0.0,0.0,0.0,0.0,0.0,0.0,0.0,0.0,0.0,0.0,69.2,0,150,71,55,65476,0,300,0,1,8,20529,65476,0,0,40632,65.0,0.0,0.0,0.0,0.0,0.0
2026-09-04T20:12:50,ERR,ERR,ERR,ERR,ERR,ERR,ERR,ERR,ERR,ERR,ERR,ERR,ERR,ERR,ERR,ERR,ERR,ERR,ERR,ERR,ERR,ERR,ERR,ERR,ERR,ERR,ERR,ERR,ERR,ERR,ERR,ERR,ERR,ERR,ERR,ERR,ERR,ERR,ERR,ERR,ERR,ERR,ERR,ERR,ERR,ERR,ERR,ERR,ERR,ERR,ERR,ERR,ERR,ERR,ERR,ERR,ERR,ERR,ERR,ERR,ERR,ERR,ERR,ERR,ERR,ERR,ERR,ERR,ERR,ERR,ERR,ERR,ERR,ERR,ERR,ERR,ERR,ERR,ERR,ERR,ERR,ERR,ERR,ERR,ERR,ERR,ERR,ERR,ERR,ERR,ERR,ERR,ERR,ERR,ERR,ERR,ERR,ERR,ERR,ERR,ERR,ERR,ERR,ERR,ERR,ERR,ERR,ERR,ERR,ERR,ERR,ERR,ERR,ERR,ERR,ERR,ERR,ERR,ERR,ERR,ERR,ERR,ERR,ERR,ERR,2.718430741444032e+23,2.7184312818759872e+23,0.0,0.0,0.0,1.3936040501711995e+18,7.805,0.0,0,0,4,0,7116,0.0,100,0.0,0.0,0.0,0.0,0.0,0,0,0,0,0.0,0,0,0,0,0,0,0,0,0,0,0,0,0,0,0,0,0,0,0,0,0,0,0,0,0,0,0,0,0,0,0,0,0,31,40,40,71,65476,0,300,0,0,8,21553,0.0,-107605600.0,0.0,0.0,0.0,0.0,0.0,0.0,0.0,0.0,0.0,0.0,0.0,0.0,0.0,0.0,0.0,0.0,0.0,0.0,0.0,0.0,0.0,-2.004,-2.004,0.0,0.0,0.0,0.0,0.0,6216.0,1.0406700850291214e+34,6927.0,2.718430741444032e+23,2.7184312818759872e+23,-0.0,2.718430741444032e+23,0.0,0.0,0.0,0.0,69,-0.0,-3.2220204761180784e+26,0.0,0.0,0.0,0.0,0.0,0.0,0.0,0,0,0,0.0,0.0,0.0,0.0,0.0,0.0,0.0,0.0,0.0,0.0,0.0,0.0,0.0,0.0,0.0,0.0,0,-107875648.0,69,0.0,138,0.0,-109447200.0,0,13107,17040,26215,17049,13107,17043,0,0,0,70,68,100,2.7302359370752657e+23,71.2,2.7302370179391762e+23,74.2,-0.0,74.0,1,49,50,180,13107,52429,0,0,0.0,0.0,0.0,0.0,-0.0,67.0,0.0,162057.094,0.0,751,0,740,0,0,0,721,0,767,0,736,0,742,0,742,0,712,0,7520,0.032,108447924224.0,0.0,0.0,784,16797,-0.0,162057.094,-114818.039,-0.0,0.133,6.909358625270745e+28,30.0,65.0,35,0.0,0.0,0.0,0.0,0.0,0.0,0.0,0.0,0.0,0.0,0.0,0.0,0.0,0.0,0.0,0.0,69.2,0,150,71,55,65476,0,300,0,1,8,20529,65476,0,0,40632,65.0,0.0,0.0,0.0,0.0,0.0
2026-09-04T20:12:51,ERR,ERR,ERR,ERR,ERR,ERR,ERR,ERR,ERR,ERR,ERR,ERR,ERR,ERR,ERR,ERR,ERR,ERR,ERR,ERR,ERR,ERR,ERR,ERR,ERR,ERR,ERR,ERR,ERR,ERR,ERR,ERR,ERR,ERR,ERR,ERR,ERR,ERR,ERR,ERR,ERR,ERR,ERR,ERR,ERR,ERR,ERR,ERR,ERR,ERR,ERR,ERR,ERR,ERR,ERR,ERR,ERR,ERR,ERR,ERR,ERR,ERR,ERR,ERR,ERR,ERR,ERR,ERR,ERR,ERR,ERR,ERR,ERR,ERR,ERR,ERR,ERR,ERR,ERR,ERR,ERR,ERR,ERR,ERR,ERR,ERR,ERR,ERR,ERR,ERR,ERR,ERR,ERR,ERR,ERR,ERR,ERR,ERR,ERR,ERR,ERR,ERR,ERR,ERR,ERR,ERR,ERR,ERR,ERR,ERR,ERR,ERR,ERR,ERR,ERR,ERR,ERR,ERR,ERR,ERR,ERR,ERR,ERR,ERR,ERR,2.718430741444032e+23,2.7184312818759872e+23,0.0,0.0,0.0,1.3936040501711995e+18,7.805,0.0,0,0,4,0,7116,0.0,100,0.0,0.0,0.0,0.0,0.0,0,0,0,0,0.0,0,0,0,0,0,0,0,0,0,0,0,0,0,0,0,0,0,0,0,0,0,0,0,0,0,0,0,0,0,0,0,0,0,31,40,40,71,65476,0,300,0,0,8,21553,0.0,-107605600.0,0.0,0.0,0.0,0.0,0.0,0.0,0.0,0.0,0.0,0.0,0.0,0.0,-2.596148429267414e+33,0.0,0.0,0.0,0.0,0.0,0.0,0.0,0.0,-2.004,-2.004,0.0,0.0,0.0,0.0,0.0,6214.0,-0.0,6933.0,2.718430741444032e+23,2.7184312818759872e+23,-0.0,2.718430741444032e+23,0.0,0.0,0.0,0.0,69,-0.0,0.0,0.0,0.0,0.0,0.0,0.0,0.0,0.0,0,0,0,0.0,0.0,0.0,0.0,0.0,0.0,0.0,0.0,0.0,0.0,0.0,0.0,0.0,0.0,0.0,0.0,0,-107875648.0,69,0.0,138,0.0,-109447200.0,0,13107,17040,26215,17049,13107,17043,0,0,0,70,68,100,2.7302359370752657e+23,71.2,2.7302370179391762e+23,74.2,-0.0,74.0,1,49,50,180,13107,52429,0,0,0.0,0.0,0.0,0.0,-0.0,67.0,0.0,162057.094,0.0,751,0,740,0,0,0,721,0,767,0,736,0,742,0,742,0,712,0,7520,0.032,108447924224.0,0.0,0.0,784,16797,-0.0,162057.094,-114818.039,-0.0,0.133,6.909358625270745e+28,30.0,65.0,35,0.0,0.0,0.0,0.0,0.0,0.0,0.0,0.0,0.0,0.0,0.0,0.0,0.0,0.0,0.0,0.0,69.2,0,150,71,55,65476,0,300,0,1,8,20529,65476,0,0,40632,65.0,0.0,0.0,0.0,0.0,0.0
2026-09-04T20:12:52,ERR,ERR,ERR,ERR,ERR,ERR,ERR,ERR,ERR,ERR,ERR,ERR,ERR,ERR,ERR,ERR,ERR,ERR,ERR,ERR,ERR,ERR,ERR,ERR,ERR,ERR,ERR,ERR,ERR,ERR,ERR,ERR,ERR,ERR,ERR,ERR,ERR,ERR,ERR,ERR,ERR,ERR,ERR,ERR,ERR,ERR,ERR,ERR,ERR,ERR,ERR,ERR,ERR,ERR,ERR,ERR,ERR,ERR,ERR,ERR,ERR,ERR,ERR,ERR,ERR,ERR,ERR,ERR,ERR,ERR,ERR,ERR,ERR,ERR,ERR,ERR,ERR,ERR,ERR,ERR,ERR,ERR,ERR,ERR,ERR,ERR,ERR,ERR,ERR,ERR,ERR,ERR,ERR,ERR,ERR,ERR,ERR,ERR,ERR,ERR,ERR,ERR,ERR,ERR,ERR,ERR,ERR,ERR,ERR,ERR,ERR,ERR,ERR,ERR,ERR,ERR,ERR,ERR,ERR,ERR,ERR,ERR,ERR,ERR,ERR,2.718430741444032e+23,2.7184312818759872e+23,0.0,0.0,0.0,1.3936040501711995e+18,7.805,0.0,0,0,4,0,7116,0.0,100,0.0,0.0,0.0,0.0,0.0,0,0,0,0,0.0,0,0,0,0,0,0,0,0,0,0,0,0,0,0,0,0,0,0,0,0,0,0,0,0,0,0,0,0,0,0,0,0,0,31,40,40,71,65476,0,300,0,0,8,21553,0.0,-107605600.0,0.0,0.0,0.0,0.0,0.0,0.0,0.0,0.0,0.0,0.0,0.0,0.0,-2.596148429267414e+33,0.0,0.0,0.0,0.0,0.0,0.0,0.0,0.0,-2.004,-2.004,0.0,0.0,0.0,0.0,0.0,6214.0,-0.0,6933.0,2.718430741444032e+23,2.7184312818759872e+23,-0.0,2.718430741444032e+23,0.0,0.0,0.0,0.0,69,-0.0,0.0,0.0,0.0,0.0,0.0,0.0,0.0,0.0,0,0,0,0.0,0.0,0.0,0.0,0.0,0.0,0.0,0.0,0.0,0.0,0.0,0.0,0.0,0.0,0.0,0.0,0,-107875648.0,69,0.0,138,0.0,-109447200.0,0,13107,17040,26215,17049,13107,17043,0,0,0,70,68,100,2.7302359370752657e+23,71.2,2.7302370179391762e+23,74.2,-0.0,74.0,1,49,50,180,13107,52429,0,0,0.0,0.0,0.0,0.0,-0.0,67.0,0.0,162057.094,0.0,751,0,740,0,0,0,721,0,767,0,736,0,742,0,742,0,712,0,7520,0.032,108447924224.0,0.0,0.0,784,16797,-0.0,162057.094,-114818.039,-0.0,0.133,6.909358625270745e+28,30.0,65.0,35,0.0,0.0,0.0,0.0,0.0,0.0,0.0,0.0,0.0,0.0,0.0,0.0,0.0,0.0,0.0,0.0,69.2,0,150,71,55,65476,0,300,0,1,8,20529,65476,0,0,40632,65.0,0.0,0.0,0.0,0.0,0.0
2026-09-04T20:12:53,ERR,ERR,ERR,ERR,ERR,ERR,ERR,ERR,ERR,ERR,ERR,ERR,ERR,ERR,ERR,ERR,ERR,ERR,ERR,ERR,ERR,ERR,ERR,ERR,ERR,ERR,ERR,ERR,ERR,ERR,ERR,ERR,ERR,ERR,ERR,ERR,ERR,ERR,ERR,ERR,ERR,ERR,ERR,ERR,ERR,ERR,ERR,ERR,ERR,ERR,ERR,ERR,ERR,ERR,ERR,ERR,ERR,ERR,ERR,ERR,ERR,ERR,ERR,ERR,ERR,ERR,ERR,ERR,ERR,ERR,ERR,ERR,ERR,ERR,ERR,ERR,ERR,ERR,ERR,ERR,ERR,ERR,ERR,ERR,ERR,ERR,ERR,ERR,ERR,ERR,ERR,ERR,ERR,ERR,ERR,ERR,ERR,ERR,ERR,ERR,ERR,ERR,ERR,ERR,ERR,ERR,ERR,ERR,ERR,ERR,ERR,ERR,ERR,ERR,ERR,ERR,ERR,ERR,ERR,ERR,ERR,ERR,ERR,ERR,ERR,2.718430741444032e+23,2.7184312818759872e+23,0.0,0.0,0.0,1.3936040501711995e+18,7.805,0.0,0,0,4,0,7116,0.0,100,0.0,0.0,0.0,0.0,0.0,0,0,0,0,0.0,0,0,0,0,0,0,0,0,0,0,0,0,0,0,0,0,0,0,0,0,0,0,0,0,0,0,0,0,0,0,0,0,0,31,40,40,71,65476,0,300,0,0,8,21553,0.0,-107605600.0,0.0,0.0,0.0,0.0,0.0,0.0,0.0,0.0,0.0,0.0,0.0,0.0,-2.596148429267414e+33,0.0,0.0,0.0,0.0,0.0,0.0,0.0,0.0,-2.004,-2.004,0.0,0.0,0.0,0.0,0.0,6214.0,-0.0,6933.0,2.718430741444032e+23,2.7184312818759872e+23,-0.0,2.718430741444032e+23,0.0,0.0,0.0,0.0,69,-0.0,0.0,0.0,0.0,0.0,0.0,0.0,0.0,0.0,0,0,0,0.0,0.0,0.0,0.0,0.0,0.0,0.0,0.0,0.0,0.0,0.0,0.0,0.0,0.0,0.0,0.0,0,-107875648.0,69,0.0,138,0.0,-109447200.0,0,13107,17040,26215,17049,13107,17043,0,0,0,70,68,100,2.7302359370752657e+23,71.2,2.7302370179391762e+23,74.2,-0.0,74.0,1,49,50,180,13107,52429,0,0,0.0,0.0,0.0,0.0,-0.0,67.0,0.0,162057.094,0.0,751,0,740,0,0,0,721,0,767,0,736,0,742,0,742,0,712,0,7520,0.032,108447924224.0,0.0,0.0,784,16797,-0.0,162057.094,-114818.039,-0.0,0.133,6.909358625270745e+28,30.0,65.0,35,0.0,0.0,0.0,0.0,0.0,0.0,0.0,0.0,0.0,0.0,0.0,0.0,0.0,0.0,0.0,0.0,69.2,0,150,71,55,65476,0,300,0,1,8,20529,65476,0,0,40632,65.0,0.0,0.0,0.0,0.0,0.0
2026-09-04T20:12:54,ERR,ERR,ERR,ERR,ERR,ERR,ERR,ERR,ERR,ERR,ERR,ERR,ERR,ERR,ERR,ERR,ERR,ERR,ERR,ERR,ERR,ERR,ERR,ERR,ERR,ERR,ERR,ERR,ERR,ERR,ERR,ERR,ERR,ERR,ERR,ERR,ERR,ERR,ERR,ERR,ERR,ERR,ERR,ERR,ERR,ERR,ERR,ERR,ERR,ERR,ERR,ERR,ERR,ERR,ERR,ERR,ERR,ERR,ERR,ERR,ERR,ERR,ERR,ERR,ERR,ERR,ERR,ERR,ERR,ERR,ERR,ERR,ERR,ERR,ERR,ERR,ERR,ERR,ERR,ERR,ERR,ERR,ERR,ERR,ERR,ERR,ERR,ERR,ERR,ERR,ERR,ERR,ERR,ERR,ERR,ERR,ERR,ERR,ERR,ERR,ERR,ERR,ERR,ERR,ERR,ERR,ERR,ERR,ERR,ERR,ERR,ERR,ERR,ERR,ERR,ERR,ERR,ERR,ERR,ERR,ERR,ERR,ERR,ERR,ERR,2.718430741444032e+23,2.7184312818759872e+23,0.0,0.0,0.0,1.3936040501711995e+18,7.805,0.0,0,0,4,0,7116,0.0,100,0.0,0.0,0.0,0.0,0.0,0,0,0,0,0.0,0,0,0,0,0,0,0,0,0,0,0,0,0,0,0,0,0,0,0,0,0,0,0,0,0,0,0,0,0,0,0,0,0,31,40,40,71,65476,0,300,0,0,8,21553,0.0,-107605600.0,0.0,0.0,0.0,0.0,0.0,0.0,0.0,0.0,0.0,0.0,0.0,0.0,-2.596148429267414e+33,0.0,0.0,0.0,0.0,0.0,0.0,0.0,0.0,-2.004,-2.004,0.0,0.0,0.0,0.0,0.0,6214.0,-0.0,6933.0,2.718430741444032e+23,2.7184312818759872e+23,-0.0,2.718430741444032e+23,0.0,0.0,0.0,0.0,69,-0.0,0.0,0.0,0.0,0.0,0.0,0.0,0.0,0.0,0,0,0,0.0,0.0,0.0,0.0,0.0,0.0,0.0,0.0,0.0,0.0,0.0,0.0,0.0,0.0,0.0,0.0,0,-107875648.0,69,0.0,138,0.0,-109447200.0,0,13107,17040,26215,17049,13107,17043,0,0,0,70,68,100,2.7302359370752657e+23,71.2,2.7302370179391762e+23,74.2,-0.0,74.0,1,49,50,180,13107,52429,0,0,0.0,0.0,0.0,0.0,-0.0,67.0,0.0,162057.094,0.0,751,0,740,0,0,0,721,0,767,0,736,0,742,0,742,0,712,0,7520,0.032,108447924224.0,0.0,0.0,784,16797,-0.0,162057.094,-114818.039,-0.0,0.133,6.909358625270745e+28,30.0,65.0,35,0.0,0.0,0.0,0.0,0.0,0.0,0.0,0.0,0.0,0.0,0.0,0.0,0.0,0.0,0.0,0.0,69.2,0,150,71,55,65476,0,300,0,1,8,20529,65476,0,0,40632,65.0,0.0,0.0,0.0,0.0,0.0
2026-09-04T20:12:55,ERR,ERR,ERR,ERR,ERR,ERR,ERR,ERR,ERR,ERR,ERR,ERR,ERR,ERR,ERR,ERR,ERR,ERR,ERR,ERR,ERR,ERR,ERR,ERR,ERR,ERR,ERR,ERR,ERR,ERR,ERR,ERR,ERR,ERR,ERR,ERR,ERR,ERR,ERR,ERR,ERR,ERR,ERR,ERR,ERR,ERR,ERR,ERR,ERR,ERR,ERR,ERR,ERR,ERR,ERR,ERR,ERR,ERR,ERR,ERR,ERR,ERR,ERR,ERR,ERR,ERR,ERR,ERR,ERR,ERR,ERR,ERR,ERR,ERR,ERR,ERR,ERR,ERR,ERR,ERR,ERR,ERR,ERR,ERR,ERR,ERR,ERR,ERR,ERR,ERR,ERR,ERR,ERR,ERR,ERR,ERR,ERR,ERR,ERR,ERR,ERR,ERR,ERR,ERR,ERR,ERR,ERR,ERR,ERR,ERR,ERR,ERR,ERR,ERR,ERR,ERR,ERR,ERR,ERR,ERR,ERR,ERR,ERR,ERR,ERR,2.718430741444032e+23,2.7184312818759872e+23,0.0,0.0,0.0,1.3936040501711995e+18,7.805,0.0,0,0,4,0,7116,0.0,100,0.0,0.0,0.0,0.0,0.0,0,0,0,0,0.0,0,0,0,0,0,0,0,0,0,0,0,0,0,0,0,0,0,0,0,0,0,0,0,0,0,0,0,0,0,0,0,0,0,31,40,40,71,65476,0,300,0,0,8,21553,0.0,-107605600.0,0.0,0.0,0.0,0.0,0.0,0.0,0.0,0.0,0.0,0.0,0.0,0.0,-2.596148429267414e+33,0.0,0.0,0.0,0.0,0.0,0.0,0.0,0.0,-2.004,-2.004,0.0,0.0,0.0,0.0,0.0,6214.0,-0.0,6933.0,2.718430741444032e+23,2.7184312818759872e+23,-0.0,2.718430741444032e+23,0.0,0.0,0.0,0.0,69,-0.0,0.0,0.0,0.0,0.0,0.0,0.0,0.0,0.0,0,0,0,0.0,0.0,0.0,0.0,0.0,0.0,0.0,0.0,0.0,0.0,0.0,0.0,0.0,0.0,0.0,0.0,0,-107875648.0,69,0.0,138,0.0,-109447200.0,0,13107,17040,26215,17049,13107,17043,0,0,0,70,68,100,2.7302359370752657e+23,71.1,2.7302370179391762e+23,74.2,2.7302370179391762e+23,74.0,1,49,50,180,13107,0,0,0,0.0,0.0,0.0,0.0,-0.0,67.0,0.0,162057.094,0.0,751,0,739,0,0,0,721,0,767,0,736,0,742,0,742,0,712,0,7520,0.032,107911053312.0,0.0,0.0,784,16797,-0.0,162057.094,-114818.039,-0.0,0.133,6.909358625270745e+28,30.0,65.0,35,0.0,0.0,0.0,0.0,0.0,0.0,0.0,0.0,0.0,0.0,0.0,0.0,0.0,0.0,0.0,0.0,69.2,0,150,71,55,65476,0,300,0,1,8,20529,65476,0,0,40632,65.0,0.0,0.0,0.0,0.0,0.0
2026-09-04T20:12:56,ERR,ERR,ERR,ERR,ERR,ERR,ERR,ERR,ERR,ERR,ERR,ERR,ERR,ERR,ERR,ERR,ERR,ERR,ERR,ERR,ERR,ERR,ERR,ERR,ERR,ERR,ERR,ERR,ERR,ERR,ERR,ERR,ERR,ERR,ERR,ERR,ERR,ERR,ERR,ERR,ERR,ERR,ERR,ERR,ERR,ERR,ERR,ERR,ERR,ERR,ERR,ERR,ERR,ERR,ERR,ERR,ERR,ERR,ERR,ERR,ERR,ERR,ERR,ERR,ERR,ERR,ERR,ERR,ERR,ERR,ERR,ERR,ERR,ERR,ERR,ERR,ERR,ERR,ERR,ERR,ERR,ERR,ERR,ERR,ERR,ERR,ERR,ERR,ERR,ERR,ERR,ERR,ERR,ERR,ERR,ERR,ERR,ERR,ERR,ERR,ERR,ERR,ERR,ERR,ERR,ERR,ERR,ERR,ERR,ERR,ERR,ERR,ERR,ERR,ERR,ERR,ERR,ERR,ERR,ERR,ERR,ERR,ERR,ERR,ERR,2.718430741444032e+23,2.7184312818759872e+23,0.0,0.0,0.0,1.3936040501711995e+18,7.805,0.0,0,0,4,0,7116,0.0,100,0.0,0.0,0.0,0.0,0.0,0,0,0,0,0.0,0,0,0,0,0,0,0,0,0,0,0,0,0,0,0,0,0,0,0,0,0,0,0,0,0,0,0,0,0,0,0,0,0,31,40,40,71,65476,0,300,0,0,8,21553,0.0,-107605600.0,0.0,0.0,0.0,0.0,0.0,0.0,0.0,0.0,0.0,0.0,0.0,0.0,-2.596148429267414e+33,0.0,0.0,0.0,0.0,0.0,0.0,0.0,0.0,-2.004,-2.004,0.0,0.0,0.0,0.0,0.0,6214.0,-0.0,6933.0,2.718430741444032e+23,2.7184312818759872e+23,-0.0,2.718430741444032e+23,0.0,0.0,0.0,0.0,69,-0.0,0.0,0.0,0.0,0.0,0.0,0.0,0.0,0.0,0,0,0,0.0,0.0,0.0,0.0,0.0,0.0,0.0,0.0,0.0,0.0,0.0,0.0,0.0,0.0,0.0,0.0,0,-107875648.0,69,0.0,138,0.0,-109447200.0,0,13107,17040,26215,17049,13107,17043,0,0,0,70,68,100,2.7302359370752657e+23,71.1,2.7302370179391762e+23,74.2,2.7302370179391762e+23,74.0,1,49,50,180,13107,0,0,0,0.0,0.0,0.0,0.0,-0.0,67.0,0.0,162057.094,0.0,751,0,739,0,0,0,721,0,767,0,736,0,742,0,742,0,712,0,7520,0.032,107911053312.0,0.0,0.0,784,16797,-0.0,162057.094,-114818.039,-0.0,0.133,6.909358625270745e+28,30.0,65.0,35,0.0,0.0,0.0,0.0,0.0,0.0,0.0,0.0,0.0,0.0,0.0,0.0,0.0,0.0,0.0,0.0,69.6,0,150,71,55,65476,0,300,0,1,8,20529,65476,0,0,40632,65.0,0.0,0.0,0.0,0.0,0.0
2026-09-04T20:12:57,ERR,ERR,ERR,ERR,ERR,ERR,ERR,ERR,ERR,ERR,ERR,ERR,ERR,ERR,ERR,ERR,ERR,ERR,ERR,ERR,ERR,ERR,ERR,ERR,ERR,ERR,ERR,ERR,ERR,ERR,ERR,ERR,ERR,ERR,ERR,ERR,ERR,ERR,ERR,ERR,ERR,ERR,ERR,ERR,ERR,ERR,ERR,ERR,ERR,ERR,ERR,ERR,ERR,ERR,ERR,ERR,ERR,ERR,ERR,ERR,ERR,ERR,ERR,ERR,ERR,ERR,ERR,ERR,ERR,ERR,ERR,ERR,ERR,ERR,ERR,ERR,ERR,ERR,ERR,ERR,ERR,ERR,ERR,ERR,ERR,ERR,ERR,ERR,ERR,ERR,ERR,ERR,ERR,ERR,ERR,ERR,ERR,ERR,ERR,ERR,ERR,ERR,ERR,ERR,ERR,ERR,ERR,ERR,ERR,ERR,ERR,ERR,ERR,ERR,ERR,ERR,ERR,ERR,ERR,ERR,ERR,ERR,ERR,ERR,ERR,2.718430741444032e+23,2.7184312818759872e+23,0.0,0.0,0.0,1.3936040501711995e+18,7.805,0.0,0,0,4,0,7116,0.0,100,0.0,0.0,0.0,0.0,0.0,0,0,0,0,0.0,0,0,0,0,0,0,0,0,0,0,0,0,0,0,0,0,0,0,0,0,0,0,0,0,0,0,0,0,0,0,0,0,0,31,40,40,71,65476,0,300,0,0,8,21553,0.0,-107605600.0,0.0,0.0,0.0,0.0,0.0,0.0,0.0,0.0,0.0,0.0,0.0,0.0,-2.596148429267414e+33,0.0,0.0,0.0,0.0,0.0,0.0,0.0,0.0,-2.004,-2.004,0.0,0.0,0.0,0.0,0.0,6214.0,-0.0,6933.0,2.718430741444032e+23,2.7184312818759872e+23,-0.0,2.718430741444032e+23,0.0,0.0,0.0,0.0,69,-0.0,0.0,0.0,0.0,0.0,0.0,0.0,0.0,0.0,0,0,0,0.0,0.0,0.0,0.0,0.0,0.0,0.0,0.0,0.0,0.0,0.0,0.0,0.0,0.0,0.0,0.0,0,-107875648.0,69,0.0,138,0.0,-109447200.0,0,13107,17040,26215,17049,13107,17043,0,0,0,70,68,100,2.7302359370752657e+23,71.1,2.7302370179391762e+23,74.2,2.7302370179391762e+23,74.0,1,49,50,180,13107,0,0,0,0.0,0.0,0.0,0.0,-0.0,67.0,0.0,162057.094,0.0,751,0,739,0,0,0,721,0,767,0,736,0,742,0,742,0,712,0,7520,0.032,107911053312.0,0.0,0.0,784,16797,-0.0,162057.094,-114818.039,-0.0,0.133,6.909358625270745e+28,30.0,65.0,35,0.0,0.0,0.0,0.0,0.0,0.0,0.0,0.0,0.0,0.0,0.0,0.0,0.0,0.0,0.0,0.0,69.6,0,150,71,55,65476,0,300,0,1,8,20529,65476,0,0,40632,65.0,0.0,0.0,0.0,0.0,0.0
2026-09-04T20:12:58,ERR,ERR,ERR,ERR,ERR,ERR,ERR,ERR,ERR,ERR,ERR,ERR,ERR,ERR,ERR,ERR,ERR,ERR,ERR,ERR,ERR,ERR,ERR,ERR,ERR,ERR,ERR,ERR,ERR,ERR,ERR,ERR,ERR,ERR,ERR,ERR,ERR,ERR,ERR,ERR,ERR,ERR,ERR,ERR,ERR,ERR,ERR,ERR,ERR,ERR,ERR,ERR,ERR,ERR,ERR,ERR,ERR,ERR,ERR,ERR,ERR,ERR,ERR,ERR,ERR,ERR,ERR,ERR,ERR,ERR,ERR,ERR,ERR,ERR,ERR,ERR,ERR,ERR,ERR,ERR,ERR,ERR,ERR,ERR,ERR,ERR,ERR,ERR,ERR,ERR,ERR,ERR,ERR,ERR,ERR,ERR,ERR,ERR,ERR,ERR,ERR,ERR,ERR,ERR,ERR,ERR,ERR,ERR,ERR,ERR,ERR,ERR,ERR,ERR,ERR,ERR,ERR,ERR,ERR,ERR,ERR,ERR,ERR,ERR,ERR,2.718430741444032e+23,2.7184312818759872e+23,0.0,0.0,0.0,1.3936040501711995e+18,7.805,0.0,0,0,4,0,7116,0.0,100,0.0,0.0,0.0,0.0,0.0,0,0,0,0,0.0,0,0,0,0,0,0,0,0,0,0,0,0,0,0,0,0,0,0,0,0,0,0,0,0,0,0,0,0,0,0,0,0,0,31,40,40,71,65476,0,300,0,0,8,21553,0.0,-107605600.0,0.0,0.0,0.0,0.0,0.0,0.0,0.0,0.0,0.0,0.0,0.0,0.0,0.0,0.0,0.0,0.0,0.0,0.0,0.0,0.0,0.0,-2.004,-2.004,0.0,0.0,0.0,0.0,0.0,6249.0,0.0,6916.0,2.718430741444032e+23,2.7184312818759872e+23,-0.0,2.718430741444032e+23,0.0,0.0,0.0,0.0,69,-0.0,-107615176.0,0.0,0.0,0.0,0.0,0.0,0.0,0.0,0,0,0,0.0,0.0,0.0,0.0,0.0,0.0,0.0,0.0,0.0,0.0,0.0,0.0,0.0,0.0,0.0,0.0,0,-107875648.0,69,0.0,138,0.0,-109447200.0,0,13107,17040,26215,17049,13107,17043,0,0,0,70,68,100,2.7302359370752657e+23,71.1,2.7302370179391762e+23,74.2,2.7302370179391762e+23,74.0,1,49,50,180,13107,0,0,0,0.0,0.0,0.0,0.0,-0.0,67.0,0.0,162057.094,0.0,751,0,739,0,0,0,721,0,767,0,736,0,742,0,742,0,712,0,7520,0.032,107911053312.0,0.0,0.0,784,16797,-0.0,162057.094,-114818.039,-0.0,0.133,6.909358625270745e+28,30.0,65.0,35,0.0,0.0,0.0,0.0,0.0,0.0,0.0,0.0,0.0,0.0,0.0,0.0,0.0,0.0,0.0,0.0,69.2,0,150,71,55,65476,0,300,0,1,8,20529,65476,0,0,40632,65.0,0.0,0.0,0.0,0.0,0.0
2026-09-04T20:12:59,ERR,ERR,ERR,ERR,ERR,ERR,ERR,ERR,ERR,ERR,ERR,ERR,ERR,ERR,ERR,ERR,ERR,ERR,ERR,ERR,ERR,ERR,ERR,ERR,ERR,ERR,ERR,ERR,ERR,ERR,ERR,ERR,ERR,ERR,ERR,ERR,ERR,ERR,ERR,ERR,ERR,ERR,ERR,ERR,ERR,ERR,ERR,ERR,ERR,ERR,ERR,ERR,ERR,ERR,ERR,ERR,ERR,ERR,ERR,ERR,ERR,ERR,ERR,ERR,ERR,ERR,ERR,ERR,ERR,ERR,ERR,ERR,ERR,ERR,ERR,ERR,ERR,ERR,ERR,ERR,ERR,ERR,ERR,ERR,ERR,ERR,ERR,ERR,ERR,ERR,ERR,ERR,ERR,ERR,ERR,ERR,ERR,ERR,ERR,ERR,ERR,ERR,ERR,ERR,ERR,ERR,ERR,ERR,ERR,ERR,ERR,ERR,ERR,ERR,ERR,ERR,ERR,ERR,ERR,ERR,ERR,ERR,ERR,ERR,ERR,2.718430741444032e+23,2.7184312818759872e+23,0.0,0.0,0.0,1.3936040501711995e+18,7.805,0.0,0,0,4,0,7116,0.0,100,0.0,0.0,0.0,0.0,0.0,0,0,0,0,0.0,0,0,0,0,0,0,0,0,0,0,0,0,0,0,0,0,0,0,0,0,0,0,0,0,0,0,0,0,0,0,0,0,0,31,40,40,71,65476,0,300,0,0,8,21553,0.0,-107605600.0,0.0,0.0,0.0,0.0,0.0,0.0,0.0,0.0,0.0,0.0,0.0,0.0,0.0,0.0,0.0,0.0,0.0,0.0,0.0,0.0,0.0,-2.004,-2.004,0.0,0.0,0.0,0.0,0.0,6249.0,0.0,6916.0,2.718430741444032e+23,2.7184312818759872e+23,-0.0,2.718430741444032e+23,0.0,0.0,0.0,0.0,69,-0.0,-107615176.0,0.0,0.0,0.0,0.0,0.0,0.0,0.0,0,0,0,0.0,0.0,0.0,0.0,0.0,0.0,0.0,0.0,0.0,0.0,0.0,0.0,0.0,0.0,0.0,0.0,0,-107875648.0,69,0.0,138,0.0,-109447200.0,0,13107,17040,26215,17049,13107,17043,0,0,0,70,68,100,2.7302359370752657e+23,71.1,2.7302370179391762e+23,74.2,2.7302370179391762e+23,74.0,1,49,50,180,13107,0,0,0,0.0,0.0,0.0,0.0,-0.0,67.0,0.0,162057.094,0.0,751,0,739,0,0,0,721,0,767,0,736,0,742,0,742,0,712,0,7520,0.032,107911053312.0,0.0,0.0,784,16797,-0.0,162057.094,-114818.039,-0.0,0.133,6.909358625270745e+28,30.0,65.0,35,0.0,0.0,0.0,0.0,0.0,0.0,0.0,0.0,0.0,0.0,0.0,0.0,0.0,0.0,0.0,0.0,69.2,0,150,71,55,65476,0,300,0,1,8,20529,65476,0,0,40632,65.0,0.0,0.0,0.0,0.0,0.0
2026-09-04T20:13:00,ERR,ERR,ERR,ERR,ERR,ERR,ERR,ERR,ERR,ERR,ERR,ERR,ERR,ERR,ERR,ERR,ERR,ERR,ERR,ERR,ERR,ERR,ERR,ERR,ERR,ERR,ERR,ERR,ERR,ERR,ERR,ERR,ERR,ERR,ERR,ERR,ERR,ERR,ERR,ERR,ERR,ERR,ERR,ERR,ERR,ERR,ERR,ERR,ERR,ERR,ERR,ERR,ERR,ERR,ERR,ERR,ERR,ERR,ERR,ERR,ERR,ERR,ERR,ERR,ERR,ERR,ERR,ERR,ERR,ERR,ERR,ERR,ERR,ERR,ERR,ERR,ERR,ERR,ERR,ERR,ERR,ERR,ERR,ERR,ERR,ERR,ERR,ERR,ERR,ERR,ERR,ERR,ERR,ERR,ERR,ERR,ERR,ERR,ERR,ERR,ERR,ERR,ERR,ERR,ERR,ERR,ERR,ERR,ERR,ERR,ERR,ERR,ERR,ERR,ERR,ERR,ERR,ERR,ERR,ERR,ERR,ERR,ERR,ERR,ERR,2.718430741444032e+23,2.7184312818759872e+23,0.0,0.0,0.0,1.3936040501711995e+18,7.805,0.0,0,0,4,0,7116,0.0,100,0.0,0.0,0.0,0.0,0.0,0,0,0,0,0.0,0,0,0,0,0,0,0,0,0,0,0,0,0,0,0,0,0,0,0,0,0,0,0,0,0,0,0,0,0,0,0,0,0,31,40,40,71,65476,0,300,0,0,8,21553,0.0,-107605600.0,0.0,0.0,0.0,0.0,0.0,0.0,0.0,0.0,0.0,0.0,0.0,0.0,0.0,0.0,0.0,0.0,0.0,0.0,0.0,0.0,0.0,-2.004,-2.004,0.0,0.0,0.0,0.0,0.0,6249.0,0.0,6916.0,2.718430741444032e+23,2.7184312818759872e+23,-0.0,2.718430741444032e+23,0.0,0.0,0.0,0.0,69,-0.0,-107615176.0,0.0,0.0,0.0,0.0,0.0,0.0,0.0,0,0,0,0.0,0.0,0.0,0.0,0.0,0.0,0.0,0.0,0.0,0.0,0.0,0.0,0.0,0.0,0.0,0.0,0,-107875648.0,69,0.0,138,0.0,-109447200.0,0,13107,17040,26215,17049,13107,17043,0,0,0,70,68,100,2.7302359370752657e+23,71.2,2.7302370179391762e+23,74.2,2.7302370179391762e+23,74.0,1,49,50,180,13107,0,0,0,0.0,0.0,0.0,0.0,-0.0,67.0,0.0,162057.094,0.0,751,0,740,0,0,0,721,0,767,0,736,0,743,0,742,0,712,0,7520,0.032,108447924224.0,0.0,0.0,784,16797,-0.0,162057.094,-114818.039,-0.0,0.133,6.909358625270745e+28,30.0,65.0,35,0.0,0.0,0.0,0.0,0.0,0.0,0.0,0.0,0.0,0.0,0.0,0.0,0.0,0.0,0.0,0.0,69.2,0,150,71,55,65476,0,300,0,1,8,20529,65476,0,0,40632,65.0,0.0,0.0,0.0,0.0,0.0
2026-09-04T20:13:01,ERR,ERR,ERR,ERR,ERR,ERR,ERR,ERR,ERR,ERR,ERR,ERR,ERR,ERR,ERR,ERR,ERR,ERR,ERR,ERR,ERR,ERR,ERR,ERR,ERR,ERR,ERR,ERR,ERR,ERR,ERR,ERR,ERR,ERR,ERR,ERR,ERR,ERR,ERR,ERR,ERR,ERR,ERR,ERR,ERR,ERR,ERR,ERR,ERR,ERR,ERR,ERR,ERR,ERR,ERR,ERR,ERR,ERR,ERR,ERR,ERR,ERR,ERR,ERR,ERR,ERR,ERR,ERR,ERR,ERR,ERR,ERR,ERR,ERR,ERR,ERR,ERR,ERR,ERR,ERR,ERR,ERR,ERR,ERR,ERR,ERR,ERR,ERR,ERR,ERR,ERR,ERR,ERR,ERR,ERR,ERR,ERR,ERR,ERR,ERR,ERR,ERR,ERR,ERR,ERR,ERR,ERR,ERR,ERR,ERR,ERR,ERR,ERR,ERR,ERR,ERR,ERR,ERR,ERR,ERR,ERR,ERR,ERR,ERR,ERR,2.718430741444032e+23,2.7184312818759872e+23,0.0,0.0,0.0,1.3936040501711995e+18,7.805,0.0,0,0,4,0,7116,0.0,100,0.0,0.0,0.0,0.0,0.0,0,0,0,0,0.0,0,0,0,0,0,0,0,0,0,0,0,0,0,0,0,0,0,0,0,0,0,0,0,0,0,0,0,0,0,0,0,0,0,31,40,40,71,65476,0,300,0,0,8,21553,0.0,-107605600.0,0.0,0.0,0.0,0.0,0.0,0.0,0.0,0.0,0.0,0.0,0.0,0.0,0.0,0.0,0.0,0.0,0.0,0.0,0.0,0.0,0.0,-2.004,-2.004,0.0,0.0,0.0,0.0,0.0,6249.0,0.0,6916.0,2.718430741444032e+23,2.7184312818759872e+23,-0.0,2.718430741444032e+23,0.0,0.0,0.0,0.0,69,-0.0,-107615176.0,0.0,0.0,0.0,0.0,0.0,0.0,0.0,0,0,0,0.0,0.0,0.0,0.0,0.0,0.0,0.0,0.0,0.0,0.0,0.0,0.0,0.0,0.0,0.0,0.0,0,-107875648.0,69,0.0,138,0.0,-109447200.0,0,13107,17040,26215,17049,13107,17043,0,0,0,70,68,100,2.7302359370752657e+23,71.2,2.7302370179391762e+23,74.2,2.7302370179391762e+23,74.0,1,49,50,180,13107,0,0,0,0.0,0.0,0.0,0.0,-0.0,67.0,0.0,162057.094,0.0,751,0,740,0,0,0,721,0,767,0,736,0,743,0,742,0,712,0,7520,0.032,108447924224.0,0.0,0.0,784,16797,-0.0,162057.094,-114818.039,-0.0,0.133,6.909358625270745e+28,30.0,65.0,35,0.0,0.0,0.0,0.0,0.0,0.0,0.0,0.0,0.0,0.0,0.0,0.0,0.0,0.0,0.0,0.0,69.2,0,150,71,55,65476,0,300,0,1,8,20529,65476,0,0,40632,65.0,0.0,0.0,0.0,0.0,0.0
2026-09-04T20:13:02,ERR,ERR,ERR,ERR,ERR,ERR,ERR,ERR,ERR,ERR,ERR,ERR,ERR,ERR,ERR,ERR,ERR,ERR,ERR,ERR,ERR,ERR,ERR,ERR,ERR,ERR,ERR,ERR,ERR,ERR,ERR,ERR,ERR,ERR,ERR,ERR,ERR,ERR,ERR,ERR,ERR,ERR,ERR,ERR,ERR,ERR,ERR,ERR,ERR,ERR,ERR,ERR,ERR,ERR,ERR,ERR,ERR,ERR,ERR,ERR,ERR,ERR,ERR,ERR,ERR,ERR,ERR,ERR,ERR,ERR,ERR,ERR,ERR,ERR,ERR,ERR,ERR,ERR,ERR,ERR,ERR,ERR,ERR,ERR,ERR,ERR,ERR,ERR,ERR,ERR,ERR,ERR,ERR,ERR,ERR,ERR,ERR,ERR,ERR,ERR,ERR,ERR,ERR,ERR,ERR,ERR,ERR,ERR,ERR,ERR,ERR,ERR,ERR,ERR,ERR,ERR,ERR,ERR,ERR,ERR,ERR,ERR,ERR,ERR,ERR,2.718430741444032e+23,2.7184312818759872e+23,0.0,0.0,0.0,1.3936040501711995e+18,7.805,0.0,0,0,4,0,7116,0.0,100,0.0,0.0,0.0,0.0,0.0,0,0,0,0,0.0,0,0,0,0,0,0,0,0,0,0,0,0,0,0,0,0,0,0,0,0,0,0,0,0,0,0,0,0,0,0,0,0,0,31,40,40,71,65476,0,300,0,0,8,21553,0.0,-107605600.0,0.0,0.0,0.0,0.0,0.0,0.0,0.0,0.0,0.0,0.0,0.0,0.0,0.0,0.0,0.0,0.0,0.0,0.0,0.0,0.0,0.0,-2.004,-2.004,0.0,0.0,0.0,0.0,0.0,6249.0,0.0,6916.0,2.718430741444032e+23,2.7184312818759872e+23,-0.0,2.718430741444032e+23,0.0,0.0,0.0,0.0,69,-0.0,-107615176.0,0.0,0.0,0.0,0.0,0.0,0.0,0.0,0,0,0,0.0,0.0,0.0,0.0,0.0,0.0,0.0,0.0,0.0,0.0,0.0,0.0,0.0,0.0,0.0,0.0,0,-107875648.0,69,0.0,138,0.0,-109447200.0,0,13107,17040,26215,17049,13107,17043,0,0,0,70,68,100,2.7302359370752657e+23,71.2,2.7302370179391762e+23,74.2,2.7302370179391762e+23,74.0,1,49,50,180,13107,0,0,0,0.0,0.0,0.0,0.0,-0.0,67.0,0.0,162057.094,0.0,751,0,740,0,0,0,721,0,767,0,736,0,743,0,742,0,712,0,7520,0.032,108447924224.0,0.0,0.0,784,16797,-0.0,162057.094,-114818.039,-0.0,0.133,6.909358625270745e+28,30.0,65.0,35,0.0,0.0,0.0,0.0,0.0,0.0,0.0,0.0,0.0,0.0,0.0,0.0,0.0,0.0,0.0,0.0,69.2,0,150,71,55,65476,0,300,0,1,8,20529,65476,0,0,40632,65.0,0.0,0.0,0.0,0.0,0.0
2026-09-04T20:13:03,ERR,ERR,ERR,ERR,ERR,ERR,ERR,ERR,ERR,ERR,ERR,ERR,ERR,ERR,ERR,ERR,ERR,ERR,ERR,ERR,ERR,ERR,ERR,ERR,ERR,ERR,ERR,ERR,ERR,ERR,ERR,ERR,ERR,ERR,ERR,ERR,ERR,ERR,ERR,ERR,ERR,ERR,ERR,ERR,ERR,ERR,ERR,ERR,ERR,ERR,ERR,ERR,ERR,ERR,ERR,ERR,ERR,ERR,ERR,ERR,ERR,ERR,ERR,ERR,ERR,ERR,ERR,ERR,ERR,ERR,ERR,ERR,ERR,ERR,ERR,ERR,ERR,ERR,ERR,ERR,ERR,ERR,ERR,ERR,ERR,ERR,ERR,ERR,ERR,ERR,ERR,ERR,ERR,ERR,ERR,ERR,ERR,ERR,ERR,ERR,ERR,ERR,ERR,ERR,ERR,ERR,ERR,ERR,ERR,ERR,ERR,ERR,ERR,ERR,ERR,ERR,ERR,ERR,ERR,ERR,ERR,ERR,ERR,ERR,ERR,2.718430741444032e+23,2.7184312818759872e+23,0.0,0.0,0.0,1.3936040501711995e+18,7.805,0.0,0,0,4,0,7116,0.0,100,0.0,0.0,0.0,0.0,0.0,0,0,0,0,0.0,0,0,0,0,0,0,0,0,0,0,0,0,0,0,0,0,0,0,0,0,0,0,0,0,0,0,0,0,0,0,0,0,0,31,40,40,71,65476,0,300,0,0,8,21553,0.0,-107605600.0,0.0,0.0,0.0,0.0,0.0,0.0,0.0,0.0,0.0,0.0,0.0,0.0,0.0,0.0,0.0,0.0,0.0,0.0,0.0,0.0,0.0,-2.004,-2.004,0.0,0.0,0.0,0.0,0.0,6249.0,0.0,6916.0,2.718430741444032e+23,2.7184312818759872e+23,-0.0,2.718430741444032e+23,0.0,0.0,0.0,0.0,69,-0.0,-107615176.0,0.0,0.0,0.0,0.0,0.0,0.0,0.0,0,0,0,0.0,0.0,0.0,0.0,0.0,0.0,0.0,0.0,0.0,0.0,0.0,0.0,0.0,0.0,0.0,0.0,0,-107875648.0,69,0.0,138,0.0,-109447200.0,0,13107,17040,26215,17049,13107,17043,0,0,0,70,68,100,2.7302359370752657e+23,71.2,2.7302370179391762e+23,74.2,2.7302370179391762e+23,74.0,1,49,50,180,13107,0,0,0,0.0,0.0,0.0,0.0,-0.0,67.0,0.0,162057.094,0.0,751,0,740,0,0,0,721,0,767,0,736,0,743,0,742,0,712,0,7520,0.032,108447924224.0,0.0,0.0,784,16797,-0.0,162057.094,-114818.039,-0.0,0.133,6.909358625270745e+28,30.0,65.0,35,0.0,0.0,0.0,0.0,0.0,0.0,0.0,0.0,0.0,0.0,0.0,0.0,0.0,0.0,0.0,0.0,69.2,0,150,71,55,65476,0,300,0,1,8,20529,65476,0,0,40632,65.0,0.0,0.0,0.0,0.0,0.0
2026-09-04T20:13:04,ERR,ERR,ERR,ERR,ERR,ERR,ERR,ERR,ERR,ERR,ERR,ERR,ERR,ERR,ERR,ERR,ERR,ERR,ERR,ERR,ERR,ERR,ERR,ERR,ERR,ERR,ERR,ERR,ERR,ERR,ERR,ERR,ERR,ERR,ERR,ERR,ERR,ERR,ERR,ERR,ERR,ERR,ERR,ERR,ERR,ERR,ERR,ERR,ERR,ERR,ERR,ERR,ERR,ERR,ERR,ERR,ERR,ERR,ERR,ERR,ERR,ERR,ERR,ERR,ERR,ERR,ERR,ERR,ERR,ERR,ERR,ERR,ERR,ERR,ERR,ERR,ERR,ERR,ERR,ERR,ERR,ERR,ERR,ERR,ERR,ERR,ERR,ERR,ERR,ERR,ERR,ERR,ERR,ERR,ERR,ERR,ERR,ERR,ERR,ERR,ERR,ERR,ERR,ERR,ERR,ERR,ERR,ERR,ERR,ERR,ERR,ERR,ERR,ERR,ERR,ERR,ERR,ERR,ERR,ERR,ERR,ERR,ERR,ERR,ERR,2.718430741444032e+23,2.7184312818759872e+23,0.0,0.0,0.0,1.3936040501711995e+18,7.805,0.0,0,0,4,0,7116,0.0,100,0.0,0.0,0.0,0.0,0.0,0,0,0,0,0.0,0,0,0,0,0,0,0,0,0,0,0,0,0,0,0,0,0,0,0,0,0,0,0,0,0,0,0,0,0,0,0,0,0,31,40,40,71,65476,0,300,0,0,8,21553,0.0,-107605600.0,0.0,0.0,0.0,0.0,0.0,0.0,0.0,0.0,0.0,0.0,0.0,0.0,0.0,0.0,0.0,0.0,0.0,0.0,0.0,0.0,0.0,-2.004,-2.004,0.0,0.0,0.0,0.0,0.0,6249.0,0.0,6916.0,2.718430741444032e+23,2.7184312818759872e+23,-0.0,2.718430741444032e+23,0.0,0.0,0.0,0.0,69,-0.0,-107615176.0,0.0,0.0,0.0,0.0,0.0,0.0,0.0,0,0,0,0.0,0.0,0.0,0.0,0.0,0.0,0.0,0.0,0.0,0.0,0.0,0.0,0.0,0.0,0.0,0.0,0,-107875648.0,69,0.0,138,0.0,-109447200.0,0,13107,17040,26215,17049,13107,17043,0,0,0,70,68,100,2.7302359370752657e+23,71.2,2.7302370179391762e+23,74.2,2.7302370179391762e+23,74.0,1,49,50,180,13107,0,0,0,0.0,0.0,0.0,0.0,-0.0,67.0,0.0,162057.094,0.0,751,0,740,0,0,0,721,0,767,0,736,0,743,0,742,0,712,0,7520,0.032,108447924224.0,0.0,0.0,784,16797,-0.0,162057.094,-114818.039,-0.0,0.133,6.909358625270745e+28,30.0,65.0,35,0.0,0.0,0.0,0.0,0.0,0.0,0.0,0.0,0.0,0.0,0.0,0.0,0.0,0.0,0.0,0.0,69.2,0,150,71,55,65476,0,300,0,1,8,20529,65476,0,0,40632,65.0,0.0,0.0,0.0,0.0,0.0
2026-09-04T20:13:05,ERR,ERR,ERR,ERR,ERR,ERR,ERR,ERR,ERR,ERR,ERR,ERR,ERR,ERR,ERR,ERR,ERR,ERR,ERR,ERR,ERR,ERR,ERR,ERR,ERR,ERR,ERR,ERR,ERR,ERR,ERR,ERR,ERR,ERR,ERR,ERR,ERR,ERR,ERR,ERR,ERR,ERR,ERR,ERR,ERR,ERR,ERR,ERR,ERR,ERR,ERR,ERR,ERR,ERR,ERR,ERR,ERR,ERR,ERR,ERR,ERR,ERR,ERR,ERR,ERR,ERR,ERR,ERR,ERR,ERR,ERR,ERR,ERR,ERR,ERR,ERR,ERR,ERR,ERR,ERR,ERR,ERR,ERR,ERR,ERR,ERR,ERR,ERR,ERR,ERR,ERR,ERR,ERR,ERR,ERR,ERR,ERR,ERR,ERR,ERR,ERR,ERR,ERR,ERR,ERR,ERR,ERR,ERR,ERR,ERR,ERR,ERR,ERR,ERR,ERR,ERR,ERR,ERR,ERR,ERR,ERR,ERR,ERR,ERR,ERR,2.718430741444032e+23,2.7184312818759872e+23,0.0,0.0,0.0,1.3936040501711995e+18,7.805,0.0,0,0,4,0,7116,0.0,100,0.0,0.0,0.0,0.0,0.0,0,0,0,0,0.0,0,0,0,0,0,0,0,0,0,0,0,0,0,0,0,0,0,0,0,0,0,0,0,0,0,0,0,0,0,0,0,0,0,31,40,40,71,65476,0,300,0,0,8,21553,0.0,-107605600.0,0.0,0.0,0.0,0.0,0.0,0.0,0.0,0.0,0.0,0.0,0.0,0.0,0.0,0.0,0.0,0.0,0.0,0.0,0.0,0.0,0.0,-2.004,-2.004,0.0,0.0,0.0,0.0,0.0,6249.0,0.0,6916.0,2.718430741444032e+23,2.7184312818759872e+23,-0.0,2.718430741444032e+23,0.0,0.0,0.0,0.0,69,-0.0,-107615176.0,0.0,0.0,0.0,0.0,0.0,0.0,0.0,0,0,0,0.0,0.0,0.0,0.0,0.0,0.0,0.0,0.0,0.0,0.0,0.0,0.0,0.0,0.0,0.0,0.0,0,-107875648.0,69,0.0,138,0.0,-109447200.0,0,13107,17040,26215,17049,13107,17043,0,0,0,70,68,100,2.7302359370752657e+23,71.2,2.7302370179391762e+23,74.2,2.7302370179391762e+23,74.0,1,49,50,180,13107,0,0,0,0.0,0.0,0.0,0.0,-0.0,67.0,0.0,162057.094,0.0,751,0,740,0,0,0,721,0,767,0,736,0,743,0,742,0,712,0,7520,0.032,108447924224.0,0.0,0.0,784,16797,-0.0,162057.094,-114818.039,-0.0,0.133,6.909358625270745e+28,30.0,65.0,35,0.0,0.0,0.0,0.0,0.0,0.0,0.0,0.0,0.0,0.0,0.0,0.0,0.0,0.0,0.0,0.0,69.2,0,150,71,55,65476,0,300,0,1,8,20529,65476,0,0,40632,65.0,0.0,0.0,0.0,0.0,0.0
2026-09-04T20:13:06,ERR,ERR,ERR,ERR,ERR,ERR,ERR,ERR,ERR,ERR,ERR,ERR,ERR,ERR,ERR,ERR,ERR,ERR,ERR,ERR,ERR,ERR,ERR,ERR,ERR,ERR,ERR,ERR,ERR,ERR,ERR,ERR,ERR,ERR,ERR,ERR,ERR,ERR,ERR,ERR,ERR,ERR,ERR,ERR,ERR,ERR,ERR,ERR,ERR,ERR,ERR,ERR,ERR,ERR,ERR,ERR,ERR,ERR,ERR,ERR,ERR,ERR,ERR,ERR,ERR,ERR,ERR,ERR,ERR,ERR,ERR,ERR,ERR,ERR,ERR,ERR,ERR,ERR,ERR,ERR,ERR,ERR,ERR,ERR,ERR,ERR,ERR,ERR,ERR,ERR,ERR,ERR,ERR,ERR,ERR,ERR,ERR,ERR,ERR,ERR,ERR,ERR,ERR,ERR,ERR,ERR,ERR,ERR,ERR,ERR,ERR,ERR,ERR,ERR,ERR,ERR,ERR,ERR,ERR,ERR,ERR,ERR,ERR,ERR,ERR,2.718430741444032e+23,2.7184312818759872e+23,0.0,0.0,0.0,1.3936040501711995e+18,7.805,0.0,0,0,4,0,7116,0.0,100,0.0,0.0,0.0,0.0,0.0,0,0,0,0,0.0,0,0,0,0,0,0,0,0,0,0,0,0,0,0,0,0,0,0,0,0,0,0,0,0,0,0,0,0,0,0,0,0,0,31,40,40,71,65476,0,300,0,0,8,21553,0.0,-107605600.0,0.0,0.0,0.0,0.0,0.0,0.0,0.0,0.0,0.0,0.0,0.0,0.0,0.0,0.0,0.0,0.0,0.0,0.0,0.0,0.0,0.0,-2.004,-2.004,0.0,0.0,0.0,0.0,0.0,6245.0,-0.0,6933.0,2.718430741444032e+23,2.7184312818759872e+23,-0.0,2.718430741444032e+23,0.0,0.0,0.0,0.0,69,-0.0,4.066872547480485e+29,0.0,0.0,0.0,0.0,0.0,0.0,0.0,0,0,0,0.0,0.0,0.0,0.0,0.0,0.0,0.0,0.0,0.0,0.0,0.0,0.0,0.0,0.0,0.0,0.0,0,-107875648.0,69,0.0,138,0.0,-109447200.0,0,13107,17040,26215,17049,13107,17043,0,0,0,70,68,100,2.7302359370752657e+23,71.1,0.0,74.2,-0.0,74.0,1,49,50,180,13107,0,0,0,0.0,0.0,0.0,0.0,-0.0,67.0,0.0,162057.094,0.0,751,0,739,0,0,0,721,0,767,0,736,0,743,0,742,0,712,0,7520,0.032,108447924224.0,0.0,0.0,784,16797,-0.0,162057.094,-114818.039,-0.0,0.133,6.909358625270745e+28,30.0,65.0,35,0.0,0.0,0.0,0.0,0.0,0.0,0.0,0.0,0.0,0.0,0.0,0.0,0.0,0.0,0.0,0.0,69.2,0,150,71,55,65476,0,300,0,1,8,20529,65476,0,0,40632,65.0,0.0,0.0,0.0,0.0,0.0
2026-09-04T20:13:07,ERR,ERR,ERR,ERR,ERR,ERR,ERR,ERR,ERR,ERR,ERR,ERR,ERR,ERR,ERR,ERR,ERR,ERR,ERR,ERR,ERR,ERR,ERR,ERR,ERR,ERR,ERR,ERR,ERR,ERR,ERR,ERR,ERR,ERR,ERR,ERR,ERR,ERR,ERR,ERR,ERR,ERR,ERR,ERR,ERR,ERR,ERR,ERR,ERR,ERR,ERR,ERR,ERR,ERR,ERR,ERR,ERR,ERR,ERR,ERR,ERR,ERR,ERR,ERR,ERR,ERR,ERR,ERR,ERR,ERR,ERR,ERR,ERR,ERR,ERR,ERR,ERR,ERR,ERR,ERR,ERR,ERR,ERR,ERR,ERR,ERR,ERR,ERR,ERR,ERR,ERR,ERR,ERR,ERR,ERR,ERR,ERR,ERR,ERR,ERR,ERR,ERR,ERR,ERR,ERR,ERR,ERR,ERR,ERR,ERR,ERR,ERR,ERR,ERR,ERR,ERR,ERR,ERR,ERR,ERR,ERR,ERR,ERR,ERR,ERR,2.718430741444032e+23,2.7184312818759872e+23,0.0,0.0,0.0,1.3936040501711995e+18,7.805,0.0,0,0,4,0,7116,0.0,100,0.0,0.0,0.0,0.0,0.0,0,0,0,0,0.0,0,0,0,0,0,0,0,0,0,0,0,0,0,0,0,0,0,0,0,0,0,0,0,0,0,0,0,0,0,0,0,0,0,31,40,40,71,65476,0,300,0,0,8,21553,0.0,-107605600.0,0.0,0.0,0.0,0.0,0.0,0.0,0.0,0.0,0.0,0.0,0.0,0.0,0.0,0.0,0.0,0.0,0.0,0.0,0.0,0.0,0.0,-2.004,-2.004,0.0,0.0,0.0,0.0,0.0,6245.0,-0.0,6933.0,2.718430741444032e+23,2.7184312818759872e+23,-0.0,2.718430741444032e+23,0.0,0.0,0.0,0.0,69,-0.0,4.066872547480485e+29,0.0,0.0,0.0,0.0,0.0,0.0,0.0,0,0,0,0.0,0.0,0.0,0.0,0.0,0.0,0.0,0.0,0.0,0.0,0.0,0.0,0.0,0.0,0.0,0.0,0,-107875648.0,69,0.0,138,0.0,-109447200.0,0,13107,17040,26215,17049,13107,17043,0,0,0,70,68,100,2.7302359370752657e+23,71.1,0.0,74.2,-0.0,74.0,1,49,50,180,13107,0,0,0,0.0,0.0,0.0,0.0,-0.0,67.0,0.0,162057.094,0.0,751,0,739,0,0,0,721,0,767,0,736,0,743,0,742,0,712,0,7520,0.032,108447924224.0,0.0,0.0,784,16797,-0.0,162057.094,-114818.039,-0.0,0.133,6.909358625270745e+28,30.0,65.0,35,0.0,0.0,0.0,0.0,0.0,0.0,0.0,0.0,0.0,0.0,0.0,0.0,0.0,0.0,0.0,0.0,69.2,0,150,71,55,65476,0,300,0,1,8,20529,65476,0,0,40632,65.0,0.0,0.0,0.0,0.0,0.0
2026-09-04T20:13:08,ERR,ERR,ERR,ERR,ERR,ERR,ERR,ERR,ERR,ERR,ERR,ERR,ERR,ERR,ERR,ERR,ERR,ERR,ERR,ERR,ERR,ERR,ERR,ERR,ERR,ERR,ERR,ERR,ERR,ERR,ERR,ERR,ERR,ERR,ERR,ERR,ERR,ERR,ERR,ERR,ERR,ERR,ERR,ERR,ERR,ERR,ERR,ERR,ERR,ERR,ERR,ERR,ERR,ERR,ERR,ERR,ERR,ERR,ERR,ERR,ERR,ERR,ERR,ERR,ERR,ERR,ERR,ERR,ERR,ERR,ERR,ERR,ERR,ERR,ERR,ERR,ERR,ERR,ERR,ERR,ERR,ERR,ERR,ERR,ERR,ERR,ERR,ERR,ERR,ERR,ERR,ERR,ERR,ERR,ERR,ERR,ERR,ERR,ERR,ERR,ERR,ERR,ERR,ERR,ERR,ERR,ERR,ERR,ERR,ERR,ERR,ERR,ERR,ERR,ERR,ERR,ERR,ERR,ERR,ERR,ERR,ERR,ERR,ERR,ERR,2.718430741444032e+23,2.7184312818759872e+23,0.0,0.0,0.0,1.3936040501711995e+18,7.805,0.0,0,0,4,0,7116,0.0,100,0.0,0.0,0.0,0.0,0.0,0,0,0,0,0.0,0,0,0,0,0,0,0,0,0,0,0,0,0,0,0,0,0,0,0,0,0,0,0,0,0,0,0,0,0,0,0,0,0,31,40,40,71,65476,0,300,0,0,8,21553,0.0,-107605600.0,0.0,0.0,0.0,0.0,0.0,0.0,0.0,0.0,0.0,0.0,0.0,0.0,0.0,0.0,0.0,0.0,0.0,0.0,0.0,0.0,0.0,-2.004,-2.004,0.0,0.0,0.0,0.0,0.0,6245.0,-0.0,6933.0,2.718430741444032e+23,2.7184312818759872e+23,-0.0,2.718430741444032e+23,0.0,0.0,0.0,0.0,69,-0.0,4.066872547480485e+29,0.0,0.0,0.0,0.0,0.0,0.0,0.0,0,0,0,0.0,0.0,0.0,0.0,0.0,0.0,0.0,0.0,0.0,0.0,0.0,0.0,0.0,0.0,0.0,0.0,0,-107875648.0,69,0.0,138,0.0,-109447200.0,0,13107,17040,26215,17049,13107,17043,0,0,0,70,68,100,2.7302359370752657e+23,71.1,0.0,74.2,-0.0,74.0,1,49,50,180,13107,0,0,0,0.0,0.0,0.0,0.0,-0.0,67.0,0.0,162057.094,0.0,751,0,739,0,0,0,721,0,767,0,736,0,743,0,742,0,712,0,7520,0.032,108447924224.0,0.0,0.0,784,16797,-0.0,162057.094,-114818.039,-0.0,0.133,6.909358625270745e+28,30.0,65.0,35,0.0,0.0,0.0,0.0,0.0,0.0,0.0,0.0,0.0,0.0,0.0,0.0,0.0,0.0,0.0,0.0,69.2,0,150,71,55,65476,0,300,0,1,8,20529,65476,0,0,40632,65.0,0.0,0.0,0.0,0.0,0.0
2026-09-04T20:13:09,ERR,ERR,ERR,ERR,ERR,ERR,ERR,ERR,ERR,ERR,ERR,ERR,ERR,ERR,ERR,ERR,ERR,ERR,ERR,ERR,ERR,ERR,ERR,ERR,ERR,ERR,ERR,ERR,ERR,ERR,ERR,ERR,ERR,ERR,ERR,ERR,ERR,ERR,ERR,ERR,ERR,ERR,ERR,ERR,ERR,ERR,ERR,ERR,ERR,ERR,ERR,ERR,ERR,ERR,ERR,ERR,ERR,ERR,ERR,ERR,ERR,ERR,ERR,ERR,ERR,ERR,ERR,ERR,ERR,ERR,ERR,ERR,ERR,ERR,ERR,ERR,ERR,ERR,ERR,ERR,ERR,ERR,ERR,ERR,ERR,ERR,ERR,ERR,ERR,ERR,ERR,ERR,ERR,ERR,ERR,ERR,ERR,ERR,ERR,ERR,ERR,ERR,ERR,ERR,ERR,ERR,ERR,ERR,ERR,ERR,ERR,ERR,ERR,ERR,ERR,ERR,ERR,ERR,ERR,ERR,ERR,ERR,ERR,ERR,ERR,2.718430741444032e+23,2.7184312818759872e+23,0.0,0.0,0.0,1.3936040501711995e+18,7.805,0.0,0,0,4,0,7116,0.0,100,0.0,0.0,0.0,0.0,0.0,0,0,0,0,0.0,0,0,0,0,0,0,0,0,0,0,0,0,0,0,0,0,0,0,0,0,0,0,0,0,0,0,0,0,0,0,0,0,0,31,40,40,71,65476,0,300,0,0,8,21553,0.0,-107605600.0,0.0,0.0,0.0,0.0,0.0,0.0,0.0,0.0,0.0,0.0,0.0,0.0,0.0,0.0,0.0,0.0,0.0,0.0,0.0,0.0,0.0,-2.004,-2.004,0.0,0.0,0.0,0.0,0.0,6245.0,-0.0,6933.0,2.718430741444032e+23,2.7184312818759872e+23,-0.0,2.718430741444032e+23,0.0,0.0,0.0,0.0,69,-0.0,4.066872547480485e+29,0.0,0.0,0.0,0.0,0.0,0.0,0.0,0,0,0,0.0,0.0,0.0,0.0,0.0,0.0,0.0,0.0,0.0,0.0,0.0,0.0,0.0,0.0,0.0,0.0,0,-107875648.0,69,0.0,138,0.0,-109447200.0,0,13107,17040,26215,17049,13107,17043,0,0,0,70,68,100,2.7302359370752657e+23,71.1,0.0,74.2,-0.0,74.0,1,49,50,180,13107,0,0,0,0.0,0.0,0.0,0.0,-0.0,67.0,0.0,162057.094,0.0,751,0,739,0,0,0,721,0,767,0,736,0,743,0,742,0,712,0,7520,0.032,108447924224.0,0.0,0.0,784,16797,-0.0,162057.094,-114818.039,-0.0,0.133,6.909358625270745e+28,30.0,65.0,35,0.0,0.0,0.0,0.0,0.0,0.0,0.0,0.0,0.0,0.0,0.0,0.0,0.0,0.0,0.0,0.0,69.2,0,150,71,55,65476,0,300,0,1,8,20529,65476,0,0,40632,65.0,0.0,0.0,0.0,0.0,0.0
2026-09-04T20:13:10,ERR,ERR,ERR,ERR,ERR,ERR,ERR,ERR,ERR,ERR,ERR,ERR,ERR,ERR,ERR,ERR,ERR,ERR,ERR,ERR,ERR,ERR,ERR,ERR,ERR,ERR,ERR,ERR,ERR,ERR,ERR,ERR,ERR,ERR,ERR,ERR,ERR,ERR,ERR,ERR,ERR,ERR,ERR,ERR,ERR,ERR,ERR,ERR,ERR,ERR,ERR,ERR,ERR,ERR,ERR,ERR,ERR,ERR,ERR,ERR,ERR,ERR,ERR,ERR,ERR,ERR,ERR,ERR,ERR,ERR,ERR,ERR,ERR,ERR,ERR,ERR,ERR,ERR,ERR,ERR,ERR,ERR,ERR,ERR,ERR,ERR,ERR,ERR,ERR,ERR,ERR,ERR,ERR,ERR,ERR,ERR,ERR,ERR,ERR,ERR,ERR,ERR,ERR,ERR,ERR,ERR,ERR,ERR,ERR,ERR,ERR,ERR,ERR,ERR,ERR,ERR,ERR,ERR,ERR,ERR,ERR,ERR,ERR,ERR,ERR,2.718430741444032e+23,2.7184312818759872e+23,0.0,0.0,0.0,1.3936040501711995e+18,7.805,0.0,0,0,4,0,7116,0.0,100,0.0,0.0,0.0,0.0,0.0,0,0,0,0,0.0,0,0,0,0,0,0,0,0,0,0,0,0,0,0,0,0,0,0,0,0,0,0,0,0,0,0,0,0,0,0,0,0,0,31,40,40,71,65476,0,300,0,0,8,21553,0.0,-107605600.0,0.0,0.0,0.0,0.0,0.0,0.0,0.0,0.0,0.0,0.0,0.0,0.0,0.0,0.0,0.0,0.0,0.0,0.0,0.0,0.0,0.0,-2.004,-2.004,0.0,0.0,0.0,0.0,0.0,6245.0,-0.0,6933.0,2.718430741444032e+23,2.7184312818759872e+23,-0.0,2.718430741444032e+23,0.0,0.0,0.0,0.0,69,-0.0,4.066872547480485e+29,0.0,0.0,0.0,0.0,0.0,0.0,0.0,0,0,0,0.0,0.0,0.0,0.0,0.0,0.0,0.0,0.0,0.0,0.0,0.0,0.0,0.0,0.0,0.0,0.0,0,-107875648.0,69,0.0,138,0.0,-109447200.0,0,13107,17040,26215,17049,13107,17043,0,0,0,70,68,100,2.7302359370752657e+23,71.2,2.7302370179391762e+23,74.2,2.7302370179391762e+23,74.0,1,49,50,180,13107,52429,0,0,0.0,0.0,0.0,0.0,-0.0,67.0,0.0,162057.094,0.0,751,0,739,0,0,0,721,0,767,0,737,0,742,0,742,0,712,0,7520,0.032,108447924224.0,0.0,0.0,784,16797,-0.0,162057.094,-114818.039,-0.0,0.133,6.909358625270745e+28,30.0,65.0,35,0.0,0.0,0.0,0.0,0.0,0.0,0.0,0.0,0.0,0.0,0.0,0.0,0.0,0.0,0.0,0.0,69.2,0,150,71,55,65476,0,300,0,1,8,20529,65476,0,0,40632,65.0,0.0,0.0,0.0,0.0,0.0
2026-09-04T20:13:11,ERR,ERR,ERR,ERR,ERR,ERR,ERR,ERR,ERR,ERR,ERR,ERR,ERR,ERR,ERR,ERR,ERR,ERR,ERR,ERR,ERR,ERR,ERR,ERR,ERR,ERR,ERR,ERR,ERR,ERR,ERR,ERR,ERR,ERR,ERR,ERR,ERR,ERR,ERR,ERR,ERR,ERR,ERR,ERR,ERR,ERR,ERR,ERR,ERR,ERR,ERR,ERR,ERR,ERR,ERR,ERR,ERR,ERR,ERR,ERR,ERR,ERR,ERR,ERR,ERR,ERR,ERR,ERR,ERR,ERR,ERR,ERR,ERR,ERR,ERR,ERR,ERR,ERR,ERR,ERR,ERR,ERR,ERR,ERR,ERR,ERR,ERR,ERR,ERR,ERR,ERR,ERR,ERR,ERR,ERR,ERR,ERR,ERR,ERR,ERR,ERR,ERR,ERR,ERR,ERR,ERR,ERR,ERR,ERR,ERR,ERR,ERR,ERR,ERR,ERR,ERR,ERR,ERR,ERR,ERR,ERR,ERR,ERR,ERR,ERR,2.718430741444032e+23,2.7184312818759872e+23,0.0,0.0,0.0,1.3936040501711995e+18,7.805,0.0,0,0,4,0,7116,0.0,100,0.0,0.0,0.0,0.0,0.0,0,0,0,0,0.0,0,0,0,0,0,0,0,0,0,0,0,0,0,0,0,0,0,0,0,0,0,0,0,0,0,0,0,0,0,0,0,0,0,31,40,40,71,65476,0,300,0,0,8,21553,0.0,-107605600.0,0.0,0.0,0.0,0.0,0.0,0.0,0.0,0.0,0.0,0.0,0.0,0.0,0.0,0.0,0.0,0.0,0.0,0.0,0.0,0.0,0.0,-2.004,-2.004,0.0,0.0,0.0,0.0,0.0,6245.0,-0.0,6933.0,2.718430741444032e+23,2.7184312818759872e+23,-0.0,2.718430741444032e+23,0.0,0.0,0.0,0.0,69,-0.0,4.066872547480485e+29,0.0,0.0,0.0,0.0,0.0,0.0,0.0,0,0,0,0.0,0.0,0.0,0.0,0.0,0.0,0.0,0.0,0.0,0.0,0.0,0.0,0.0,0.0,0.0,0.0,0,-107875648.0,69,0.0,138,0.0,-109447200.0,0,13107,17040,26215,17049,13107,17043,0,0,0,70,68,100,2.7302359370752657e+23,71.2,2.7302370179391762e+23,74.2,2.7302370179391762e+23,74.0,1,49,50,180,13107,52429,0,0,0.0,0.0,0.0,0.0,-0.0,67.0,0.0,162057.094,0.0,751,0,739,0,0,0,721,0,767,0,737,0,742,0,742,0,712,0,7520,0.032,108447924224.0,0.0,0.0,784,16797,-0.0,162057.094,-114818.039,-0.0,0.133,6.909358625270745e+28,30.0,65.0,35,0.0,0.0,0.0,0.0,0.0,0.0,0.0,0.0,0.0,0.0,0.0,0.0,0.0,0.0,0.0,0.0,69.2,0,150,71,55,65476,0,300,0,1,8,20529,65476,0,0,40632,65.0,0.0,0.0,0.0,0.0,0.0
2026-09-04T20:13:12,ERR,ERR,ERR,ERR,ERR,ERR,ERR,ERR,ERR,ERR,ERR,ERR,ERR,ERR,ERR,ERR,ERR,ERR,ERR,ERR,ERR,ERR,ERR,ERR,ERR,ERR,ERR,ERR,ERR,ERR,ERR,ERR,ERR,ERR,ERR,ERR,ERR,ERR,ERR,ERR,ERR,ERR,ERR,ERR,ERR,ERR,ERR,ERR,ERR,ERR,ERR,ERR,ERR,ERR,ERR,ERR,ERR,ERR,ERR,ERR,ERR,ERR,ERR,ERR,ERR,ERR,ERR,ERR,ERR,ERR,ERR,ERR,ERR,ERR,ERR,ERR,ERR,ERR,ERR,ERR,ERR,ERR,ERR,ERR,ERR,ERR,ERR,ERR,ERR,ERR,ERR,ERR,ERR,ERR,ERR,ERR,ERR,ERR,ERR,ERR,ERR,ERR,ERR,ERR,ERR,ERR,ERR,ERR,ERR,ERR,ERR,ERR,ERR,ERR,ERR,ERR,ERR,ERR,ERR,ERR,ERR,ERR,ERR,ERR,ERR,2.718430741444032e+23,2.7184312818759872e+23,0.0,0.0,0.0,1.3936040501711995e+18,7.805,0.0,0,0,4,0,7116,0.0,100,0.0,0.0,0.0,0.0,0.0,0,0,0,0,0.0,0,0,0,0,0,0,0,0,0,0,0,0,0,0,0,0,0,0,0,0,0,0,0,0,0,0,0,0,0,0,0,0,0,31,40,40,71,65476,0,300,0,0,8,21553,0.0,-107605600.0,0.0,0.0,0.0,0.0,0.0,0.0,0.0,0.0,0.0,0.0,0.0,0.0,-2.596148429267414e+33,0.0,0.0,0.0,0.0,0.0,0.0,0.0,0.0,-2.004,-2.004,0.0,0.0,0.0,0.0,0.0,6245.0,-0.0,6932.0,2.718430741444032e+23,2.7184312818759872e+23,-0.0,2.718430741444032e+23,0.0,0.0,0.0,0.0,69,-0.0,2.7184264179883896e+23,0.0,0.0,0.0,0.0,0.0,0.0,0.0,0,0,0,0.0,0.0,0.0,0.0,0.0,0.0,0.0,0.0,0.0,0.0,0.0,0.0,0.0,0.0,0.0,0.0,0,-107875648.0,69,0.0,138,0.0,-109447200.0,0,13107,17040,26215,17049,13107,17043,0,0,0,70,68,100,2.7302359370752657e+23,71.2,2.7302370179391762e+23,74.2,2.7302370179391762e+23,74.0,1,49,50,180,13107,52429,0,0,0.0,0.0,0.0,0.0,-0.0,67.0,0.0,162057.094,0.0,751,0,739,0,0,0,721,0,767,0,737,0,742,0,742,0,712,0,7520,0.032,108447924224.0,0.0,0.0,784,16797,-0.0,162057.094,-114818.039,-0.0,0.133,6.909358625270745e+28,30.0,65.0,35,0.0,0.0,0.0,0.0,0.0,0.0,0.0,0.0,0.0,0.0,0.0,0.0,0.0,0.0,0.0,0.0,69.2,0,150,71,55,65476,0,300,0,1,8,20529,65476,0,0,40632,65.0,0.0,0.0,0.0,0.0,0.0
2026-09-04T20:13:13,ERR,ERR,ERR,ERR,ERR,ERR,ERR,ERR,ERR,ERR,ERR,ERR,ERR,ERR,ERR,ERR,ERR,ERR,ERR,ERR,ERR,ERR,ERR,ERR,ERR,ERR,ERR,ERR,ERR,ERR,ERR,ERR,ERR,ERR,ERR,ERR,ERR,ERR,ERR,ERR,ERR,ERR,ERR,ERR,ERR,ERR,ERR,ERR,ERR,ERR,ERR,ERR,ERR,ERR,ERR,ERR,ERR,ERR,ERR,ERR,ERR,ERR,ERR,ERR,ERR,ERR,ERR,ERR,ERR,ERR,ERR,ERR,ERR,ERR,ERR,ERR,ERR,ERR,ERR,ERR,ERR,ERR,ERR,ERR,ERR,ERR,ERR,ERR,ERR,ERR,ERR,ERR,ERR,ERR,ERR,ERR,ERR,ERR,ERR,ERR,ERR,ERR,ERR,ERR,ERR,ERR,ERR,ERR,ERR,ERR,ERR,ERR,ERR,ERR,ERR,ERR,ERR,ERR,ERR,ERR,ERR,ERR,ERR,ERR,ERR,2.718430741444032e+23,2.7184312818759872e+23,0.0,0.0,0.0,1.3936040501711995e+18,7.805,0.0,0,0,4,0,7116,0.0,100,0.0,0.0,0.0,0.0,0.0,0,0,0,0,0.0,0,0,0,0,0,0,0,0,0,0,0,0,0,0,0,0,0,0,0,0,0,0,0,0,0,0,0,0,0,0,0,0,0,31,40,40,71,65476,0,300,0,0,8,21553,0.0,-107605600.0,0.0,0.0,0.0,0.0,0.0,0.0,0.0,0.0,0.0,0.0,0.0,0.0,-2.596148429267414e+33,0.0,0.0,0.0,0.0,0.0,0.0,0.0,0.0,-2.004,-2.004,0.0,0.0,0.0,0.0,0.0,6245.0,-0.0,6932.0,2.718430741444032e+23,2.7184312818759872e+23,-0.0,2.718430741444032e+23,0.0,0.0,0.0,0.0,69,-0.0,2.7184264179883896e+23,0.0,0.0,0.0,0.0,0.0,0.0,0.0,0,0,0,0.0,0.0,0.0,0.0,0.0,0.0,0.0,0.0,0.0,0.0,0.0,0.0,0.0,0.0,0.0,0.0,0,-107875648.0,69,0.0,138,0.0,-109447200.0,0,13107,17040,26215,17049,13107,17043,0,0,0,70,68,100,2.7302359370752657e+23,71.2,2.7302370179391762e+23,74.2,2.7302370179391762e+23,74.0,1,49,50,180,13107,52429,0,0,0.0,0.0,0.0,0.0,-0.0,67.0,0.0,162057.094,0.0,751,0,739,0,0,0,721,0,767,0,737,0,742,0,742,0,712,0,7520,0.032,108447924224.0,0.0,0.0,784,16797,-0.0,162057.094,-114818.039,-0.0,0.133,6.909358625270745e+28,30.0,65.0,35,0.0,0.0,0.0,0.0,0.0,0.0,0.0,0.0,0.0,0.0,0.0,0.0,0.0,0.0,0.0,0.0,69.2,0,150,71,55,65476,0,300,0,1,8,20529,65476,0,0,40632,65.0,0.0,0.0,0.0,0.0,0.0
2026-09-04T20:13:14,ERR,ERR,ERR,ERR,ERR,ERR,ERR,ERR,ERR,ERR,ERR,ERR,ERR,ERR,ERR,ERR,ERR,ERR,ERR,ERR,ERR,ERR,ERR,ERR,ERR,ERR,ERR,ERR,ERR,ERR,ERR,ERR,ERR,ERR,ERR,ERR,ERR,ERR,ERR,ERR,ERR,ERR,ERR,ERR,ERR,ERR,ERR,ERR,ERR,ERR,ERR,ERR,ERR,ERR,ERR,ERR,ERR,ERR,ERR,ERR,ERR,ERR,ERR,ERR,ERR,ERR,ERR,ERR,ERR,ERR,ERR,ERR,ERR,ERR,ERR,ERR,ERR,ERR,ERR,ERR,ERR,ERR,ERR,ERR,ERR,ERR,ERR,ERR,ERR,ERR,ERR,ERR,ERR,ERR,ERR,ERR,ERR,ERR,ERR,ERR,ERR,ERR,ERR,ERR,ERR,ERR,ERR,ERR,ERR,ERR,ERR,ERR,ERR,ERR,ERR,ERR,ERR,ERR,ERR,ERR,ERR,ERR,ERR,ERR,ERR,2.718430741444032e+23,2.7184312818759872e+23,0.0,0.0,0.0,1.3936040501711995e+18,7.805,0.0,0,0,4,0,7116,0.0,100,0.0,0.0,0.0,0.0,0.0,0,0,0,0,0.0,0,0,0,0,0,0,0,0,0,0,0,0,0,0,0,0,0,0,0,0,0,0,0,0,0,0,0,0,0,0,0,0,0,31,40,40,71,65476,0,300,0,0,8,21553,0.0,-107605600.0,0.0,0.0,0.0,0.0,0.0,0.0,0.0,0.0,0.0,0.0,0.0,0.0,-2.596148429267414e+33,0.0,0.0,0.0,0.0,0.0,0.0,0.0,0.0,-2.004,-2.004,0.0,0.0,0.0,0.0,0.0,6245.0,-0.0,6932.0,2.718430741444032e+23,2.7184312818759872e+23,-0.0,2.718430741444032e+23,0.0,0.0,0.0,0.0,69,-0.0,2.7184264179883896e+23,0.0,0.0,0.0,0.0,0.0,0.0,0.0,0,0,0,0.0,0.0,0.0,0.0,0.0,0.0,0.0,0.0,0.0,0.0,0.0,0.0,0.0,0.0,0.0,0.0,0,-107875648.0,69,0.0,138,0.0,-109447200.0,0,13107,17040,26215,17049,13107,17043,0,0,0,70,68,100,2.7302359370752657e+23,71.2,2.7302370179391762e+23,74.2,2.7302370179391762e+23,74.0,1,49,50,180,13107,52429,0,0,0.0,0.0,0.0,0.0,-0.0,67.0,0.0,162057.094,0.0,751,0,739,0,0,0,721,0,767,0,737,0,742,0,742,0,712,0,7520,0.032,108447924224.0,0.0,0.0,784,16797,-0.0,162057.094,-114818.039,-0.0,0.133,6.909358625270745e+28,30.0,65.0,35,0.0,0.0,0.0,0.0,0.0,0.0,0.0,0.0,0.0,0.0,0.0,0.0,0.0,0.0,0.0,0.0,69.2,0,150,71,55,65476,0,300,0,1,8,20529,65476,0,0,40632,65.0,0.0,0.0,0.0,0.0,0.0
2026-09-04T20:13:15,ERR,ERR,ERR,ERR,ERR,ERR,ERR,ERR,ERR,ERR,ERR,ERR,ERR,ERR,ERR,ERR,ERR,ERR,ERR,ERR,ERR,ERR,ERR,ERR,ERR,ERR,ERR,ERR,ERR,ERR,ERR,ERR,ERR,ERR,ERR,ERR,ERR,ERR,ERR,ERR,ERR,ERR,ERR,ERR,ERR,ERR,ERR,ERR,ERR,ERR,ERR,ERR,ERR,ERR,ERR,ERR,ERR,ERR,ERR,ERR,ERR,ERR,ERR,ERR,ERR,ERR,ERR,ERR,ERR,ERR,ERR,ERR,ERR,ERR,ERR,ERR,ERR,ERR,ERR,ERR,ERR,ERR,ERR,ERR,ERR,ERR,ERR,ERR,ERR,ERR,ERR,ERR,ERR,ERR,ERR,ERR,ERR,ERR,ERR,ERR,ERR,ERR,ERR,ERR,ERR,ERR,ERR,ERR,ERR,ERR,ERR,ERR,ERR,ERR,ERR,ERR,ERR,ERR,ERR,ERR,ERR,ERR,ERR,ERR,ERR,2.718430741444032e+23,2.7184312818759872e+23,0.0,0.0,0.0,1.3936040501711995e+18,7.805,0.0,0,0,4,0,7116,0.0,100,0.0,0.0,0.0,0.0,0.0,0,0,0,0,0.0,0,0,0,0,0,0,0,0,0,0,0,0,0,0,0,0,0,0,0,0,0,0,0,0,0,0,0,0,0,0,0,0,0,31,40,40,71,65476,0,300,0,0,8,21553,0.0,-107605600.0,0.0,0.0,0.0,0.0,0.0,0.0,0.0,0.0,0.0,0.0,0.0,0.0,-2.596148429267414e+33,0.0,0.0,0.0,0.0,0.0,0.0,0.0,0.0,-2.004,-2.004,0.0,0.0,0.0,0.0,0.0,6245.0,-0.0,6932.0,2.718430741444032e+23,2.7184312818759872e+23,-0.0,2.718430741444032e+23,0.0,0.0,0.0,0.0,69,-0.0,2.7184264179883896e+23,0.0,0.0,0.0,0.0,0.0,0.0,0.0,0,0,0,0.0,0.0,0.0,0.0,0.0,0.0,0.0,0.0,0.0,0.0,0.0,0.0,0.0,0.0,0.0,0.0,0,-107875648.0,69,0.0,138,0.0,-109447200.0,0,13107,17040,26215,17049,13107,17043,0,0,0,70,68,100,2.7302359370752657e+23,71.2,2.7302370179391762e+23,74.2,2.7302370179391762e+23,74.0,1,49,50,180,13107,52429,0,0,0.0,0.0,0.0,0.0,-0.0,67.0,0.0,162057.094,0.0,751,0,739,0,0,0,721,0,767,0,737,0,742,0,742,0,712,0,7520,0.032,108447924224.0,0.0,0.0,784,16797,-0.0,162057.094,-114818.039,-0.0,0.133,6.909358625270745e+28,30.0,65.0,35,0.0,0.0,0.0,0.0,0.0,0.0,0.0,0.0,0.0,0.0,0.0,0.0,0.0,0.0,0.0,0.0,69.2,0,150,71,55,65476,0,300,0,1,8,20529,65476,0,0,40632,65.0,0.0,0.0,0.0,0.0,0.0
2026-09-04T20:13:16,ERR,ERR,ERR,ERR,ERR,ERR,ERR,ERR,ERR,ERR,ERR,ERR,ERR,ERR,ERR,ERR,ERR,ERR,ERR,ERR,ERR,ERR,ERR,ERR,ERR,ERR,ERR,ERR,ERR,ERR,ERR,ERR,ERR,ERR,ERR,ERR,ERR,ERR,ERR,ERR,ERR,ERR,ERR,ERR,ERR,ERR,ERR,ERR,ERR,ERR,ERR,ERR,ERR,ERR,ERR,ERR,ERR,ERR,ERR,ERR,ERR,ERR,ERR,ERR,ERR,ERR,ERR,ERR,ERR,ERR,ERR,ERR,ERR,ERR,ERR,ERR,ERR,ERR,ERR,ERR,ERR,ERR,ERR,ERR,ERR,ERR,ERR,ERR,ERR,ERR,ERR,ERR,ERR,ERR,ERR,ERR,ERR,ERR,ERR,ERR,ERR,ERR,ERR,ERR,ERR,ERR,ERR,ERR,ERR,ERR,ERR,ERR,ERR,ERR,ERR,ERR,ERR,ERR,ERR,ERR,ERR,ERR,ERR,ERR,ERR,2.718430741444032e+23,2.7184312818759872e+23,0.0,0.0,0.0,1.3936040501711995e+18,7.805,0.0,0,0,4,0,7116,0.0,100,0.0,0.0,0.0,0.0,0.0,0,0,0,0,0.0,0,0,0,0,0,0,0,0,0,0,0,0,0,0,0,0,0,0,0,0,0,0,0,0,0,0,0,0,0,0,0,0,0,31,40,40,71,65476,0,300,0,0,8,21553,0.0,-107605600.0,0.0,0.0,0.0,0.0,0.0,0.0,0.0,0.0,0.0,0.0,0.0,0.0,-2.596148429267414e+33,0.0,0.0,0.0,0.0,0.0,0.0,0.0,0.0,-2.004,-2.004,0.0,0.0,0.0,0.0,0.0,6245.0,-0.0,6932.0,2.718430741444032e+23,2.7184312818759872e+23,-0.0,2.718430741444032e+23,0.0,0.0,0.0,0.0,69,-0.0,2.7184264179883896e+23,0.0,0.0,0.0,0.0,0.0,0.0,0.0,0,0,0,0.0,0.0,0.0,0.0,0.0,0.0,0.0,0.0,0.0,0.0,0.0,0.0,0.0,0.0,0.0,0.0,0,-107875648.0,69,0.0,138,0.0,-109447200.0,0,13107,17040,26215,17049,13107,17043,0,0,0,70,68,100,2.7302359370752657e+23,71.2,2.7302370179391762e+23,74.2,2.7302370179391762e+23,74.0,1,49,50,180,13107,0,0,0,0.0,0.0,0.0,0.0,-0.0,67.0,0.0,162057.094,0.0,751,0,739,0,0,0,721,0,767,0,736,0,743,0,742,0,712,0,7520,0.032,108447924224.0,0.0,0.0,784,16797,-0.0,162057.094,-114818.039,-0.0,0.133,6.909358625270745e+28,30.0,65.0,35,0.0,0.0,0.0,0.0,0.0,0.0,0.0,0.0,0.0,0.0,0.0,0.0,0.0,0.0,0.0,0.0,69.2,0,150,71,55,65476,0,300,0,1,8,20529,65476,0,0,40632,65.0,0.0,0.0,0.0,0.0,0.0
2026-09-04T20:13:17,ERR,ERR,ERR,ERR,ERR,ERR,ERR,ERR,ERR,ERR,ERR,ERR,ERR,ERR,ERR,ERR,ERR,ERR,ERR,ERR,ERR,ERR,ERR,ERR,ERR,ERR,ERR,ERR,ERR,ERR,ERR,ERR,ERR,ERR,ERR,ERR,ERR,ERR,ERR,ERR,ERR,ERR,ERR,ERR,ERR,ERR,ERR,ERR,ERR,ERR,ERR,ERR,ERR,ERR,ERR,ERR,ERR,ERR,ERR,ERR,ERR,ERR,ERR,ERR,ERR,ERR,ERR,ERR,ERR,ERR,ERR,ERR,ERR,ERR,ERR,ERR,ERR,ERR,ERR,ERR,ERR,ERR,ERR,ERR,ERR,ERR,ERR,ERR,ERR,ERR,ERR,ERR,ERR,ERR,ERR,ERR,ERR,ERR,ERR,ERR,ERR,ERR,ERR,ERR,ERR,ERR,ERR,ERR,ERR,ERR,ERR,ERR,ERR,ERR,ERR,ERR,ERR,ERR,ERR,ERR,ERR,ERR,ERR,ERR,ERR,2.718430741444032e+23,2.7184312818759872e+23,0.0,0.0,0.0,1.3936040501711995e+18,7.805,0.0,0,0,4,0,7116,0.0,100,0.0,0.0,0.0,0.0,0.0,0,0,0,0,0.0,0,0,0,0,0,0,0,0,0,0,0,0,0,0,0,0,0,0,0,0,0,0,0,0,0,0,0,0,0,0,0,0,0,31,40,40,71,65476,0,300,0,0,8,21553,0.0,-107605600.0,0.0,0.0,0.0,0.0,0.0,0.0,0.0,0.0,0.0,0.0,0.0,0.0,-2.596148429267414e+33,0.0,0.0,0.0,0.0,0.0,0.0,0.0,0.0,-2.004,-2.004,0.0,0.0,0.0,0.0,0.0,6245.0,-0.0,6932.0,2.718430741444032e+23,2.7184312818759872e+23,-0.0,2.718430741444032e+23,0.0,0.0,0.0,0.0,69,-0.0,2.7184264179883896e+23,0.0,0.0,0.0,0.0,0.0,0.0,0.0,0,0,0,0.0,0.0,0.0,0.0,0.0,0.0,0.0,0.0,0.0,0.0,0.0,0.0,0.0,0.0,0.0,0.0,0,-107875648.0,69,0.0,138,0.0,-109447200.0,0,13107,17040,26215,17049,13107,17043,0,0,0,70,68,100,2.7302359370752657e+23,71.2,2.7302370179391762e+23,74.2,2.7302370179391762e+23,74.0,1,49,50,180,13107,0,0,0,0.0,0.0,0.0,0.0,-0.0,67.0,0.0,162057.094,0.0,751,0,739,0,0,0,721,0,767,0,736,0,743,0,742,0,712,0,7520,0.032,108447924224.0,0.0,0.0,784,16797,-0.0,162057.094,-114818.039,-0.0,0.133,6.909358625270745e+28,30.0,65.0,35,0.0,0.0,0.0,0.0,0.0,0.0,0.0,0.0,0.0,0.0,0.0,0.0,0.0,0.0,0.0,0.0,69.2,0,150,71,55,65476,0,300,0,1,8,20529,65476,0,0,40632,65.0,0.0,0.0,0.0,0.0,0.0
2026-09-04T20:13:18,ERR,ERR,ERR,ERR,ERR,ERR,ERR,ERR,ERR,ERR,ERR,ERR,ERR,ERR,ERR,ERR,ERR,ERR,ERR,ERR,ERR,ERR,ERR,ERR,ERR,ERR,ERR,ERR,ERR,ERR,ERR,ERR,ERR,ERR,ERR,ERR,ERR,ERR,ERR,ERR,ERR,ERR,ERR,ERR,ERR,ERR,ERR,ERR,ERR,ERR,ERR,ERR,ERR,ERR,ERR,ERR,ERR,ERR,ERR,ERR,ERR,ERR,ERR,ERR,ERR,ERR,ERR,ERR,ERR,ERR,ERR,ERR,ERR,ERR,ERR,ERR,ERR,ERR,ERR,ERR,ERR,ERR,ERR,ERR,ERR,ERR,ERR,ERR,ERR,ERR,ERR,ERR,ERR,ERR,ERR,ERR,ERR,ERR,ERR,ERR,ERR,ERR,ERR,ERR,ERR,ERR,ERR,ERR,ERR,ERR,ERR,ERR,ERR,ERR,ERR,ERR,ERR,ERR,ERR,ERR,ERR,ERR,ERR,ERR,ERR,2.718430741444032e+23,2.7184312818759872e+23,0.0,0.0,0.0,1.3936040501711995e+18,7.805,0.0,0,0,4,0,7116,0.0,100,0.0,0.0,0.0,0.0,0.0,0,0,0,0,0.0,0,0,0,0,0,0,0,0,0,0,0,0,0,0,0,0,0,0,0,0,0,0,0,0,0,0,0,0,0,0,0,0,0,31,40,40,71,65476,0,300,0,0,8,21553,0.0,-107605600.0,0.0,0.0,0.0,0.0,0.0,0.0,0.0,0.0,0.0,0.0,0.0,0.0,-2.596148429267414e+33,0.0,0.0,0.0,0.0,0.0,0.0,0.0,0.0,-2.004,-2.004,0.0,0.0,0.0,0.0,0.0,6245.0,-0.0,6932.0,2.718430741444032e+23,2.7184312818759872e+23,-0.0,2.718430741444032e+23,0.0,0.0,0.0,0.0,69,-0.0,2.7184264179883896e+23,0.0,0.0,0.0,0.0,0.0,0.0,0.0,0,0,0,0.0,0.0,0.0,0.0,0.0,0.0,0.0,0.0,0.0,0.0,0.0,0.0,0.0,0.0,0.0,0.0,0,-107875648.0,69,0.0,138,0.0,-109447200.0,0,13107,17040,26215,17049,13107,17043,0,0,0,70,68,100,2.7302359370752657e+23,71.2,2.7302370179391762e+23,74.2,2.7302370179391762e+23,74.0,1,49,50,180,13107,0,0,0,0.0,0.0,0.0,0.0,-0.0,67.0,0.0,162057.094,0.0,751,0,739,0,0,0,721,0,767,0,736,0,743,0,742,0,712,0,7520,0.032,108447924224.0,0.0,0.0,784,16797,-0.0,162057.094,-114818.039,-0.0,0.133,6.909358625270745e+28,30.0,65.0,35,0.0,0.0,0.0,0.0,0.0,0.0,0.0,0.0,0.0,0.0,0.0,0.0,0.0,0.0,0.0,0.0,69.2,0,150,71,55,65476,0,300,0,1,8,20529,65476,0,0,40632,65.0,0.0,0.0,0.0,0.0,0.0
2026-09-04T20:13:19,ERR,ERR,ERR,ERR,ERR,ERR,ERR,ERR,ERR,ERR,ERR,ERR,ERR,ERR,ERR,ERR,ERR,ERR,ERR,ERR,ERR,ERR,ERR,ERR,ERR,ERR,ERR,ERR,ERR,ERR,ERR,ERR,ERR,ERR,ERR,ERR,ERR,ERR,ERR,ERR,ERR,ERR,ERR,ERR,ERR,ERR,ERR,ERR,ERR,ERR,ERR,ERR,ERR,ERR,ERR,ERR,ERR,ERR,ERR,ERR,ERR,ERR,ERR,ERR,ERR,ERR,ERR,ERR,ERR,ERR,ERR,ERR,ERR,ERR,ERR,ERR,ERR,ERR,ERR,ERR,ERR,ERR,ERR,ERR,ERR,ERR,ERR,ERR,ERR,ERR,ERR,ERR,ERR,ERR,ERR,ERR,ERR,ERR,ERR,ERR,ERR,ERR,ERR,ERR,ERR,ERR,ERR,ERR,ERR,ERR,ERR,ERR,ERR,ERR,ERR,ERR,ERR,ERR,ERR,ERR,ERR,ERR,ERR,ERR,ERR,2.718430741444032e+23,2.7184312818759872e+23,0.0,0.0,0.0,1.3936040501711995e+18,7.805,0.0,0,0,4,0,7116,0.0,100,0.0,0.0,0.0,0.0,0.0,0,0,0,0,0.0,0,0,0,0,0,0,0,0,0,0,0,0,0,0,0,0,0,0,0,0,0,0,0,0,0,0,0,0,0,0,0,0,0,31,40,40,71,65476,0,300,0,0,8,21553,0.0,-107605600.0,0.0,0.0,0.0,0.0,0.0,0.0,0.0,0.0,0.0,0.0,0.0,0.0,-2.596148429267414e+33,0.0,0.0,0.0,0.0,0.0,0.0,0.0,0.0,-2.004,-2.004,0.0,0.0,0.0,0.0,0.0,6245.0,-0.0,6932.0,2.718430741444032e+23,2.7184312818759872e+23,-0.0,2.718430741444032e+23,0.0,0.0,0.0,0.0,69,-0.0,2.7184264179883896e+23,0.0,0.0,0.0,0.0,0.0,0.0,0.0,0,0,0,0.0,0.0,0.0,0.0,0.0,0.0,0.0,0.0,0.0,0.0,0.0,0.0,0.0,0.0,0.0,0.0,0,-107875648.0,69,0.0,138,0.0,-109447200.0,0,13107,17040,26215,17049,13107,17043,0,0,0,70,68,100,2.7302359370752657e+23,71.2,2.7302370179391762e+23,74.2,2.7302370179391762e+23,74.0,1,49,50,180,13107,0,0,0,0.0,0.0,0.0,0.0,-0.0,67.0,0.0,162057.094,0.0,751,0,739,0,0,0,721,0,767,0,736,0,743,0,742,0,712,0,7520,0.032,108447924224.0,0.0,0.0,784,16797,-0.0,162057.094,-114818.039,-0.0,0.133,6.909358625270745e+28,30.0,65.0,35,0.0,0.0,0.0,0.0,0.0,0.0,0.0,0.0,0.0,0.0,0.0,0.0,0.0,0.0,0.0,0.0,69.2,0,150,71,55,65476,0,300,0,1,8,20529,65476,0,0,40632,65.0,0.0,0.0,0.0,0.0,0.0
2026-09-04T20:13:20,ERR,ERR,ERR,ERR,ERR,ERR,ERR,ERR,ERR,ERR,ERR,ERR,ERR,ERR,ERR,ERR,ERR,ERR,ERR,ERR,ERR,ERR,ERR,ERR,ERR,ERR,ERR,ERR,ERR,ERR,ERR,ERR,ERR,ERR,ERR,ERR,ERR,ERR,ERR,ERR,ERR,ERR,ERR,ERR,ERR,ERR,ERR,ERR,ERR,ERR,ERR,ERR,ERR,ERR,ERR,ERR,ERR,ERR,ERR,ERR,ERR,ERR,ERR,ERR,ERR,ERR,ERR,ERR,ERR,ERR,ERR,ERR,ERR,ERR,ERR,ERR,ERR,ERR,ERR,ERR,ERR,ERR,ERR,ERR,ERR,ERR,ERR,ERR,ERR,ERR,ERR,ERR,ERR,ERR,ERR,ERR,ERR,ERR,ERR,ERR,ERR,ERR,ERR,ERR,ERR,ERR,ERR,ERR,ERR,ERR,ERR,ERR,ERR,ERR,ERR,ERR,ERR,ERR,ERR,ERR,ERR,ERR,ERR,ERR,ERR,2.718430741444032e+23,2.7184312818759872e+23,0.0,0.0,0.0,1.3936040501711995e+18,7.805,0.0,0,0,4,0,7116,0.0,100,0.0,0.0,0.0,0.0,0.0,0,0,0,0,0.0,0,0,0,0,0,0,0,0,0,0,0,0,0,0,0,0,0,0,0,0,0,0,0,0,0,0,0,0,0,0,0,0,0,31,40,40,71,65476,0,300,0,0,8,21553,0.0,-107605600.0,0.0,0.0,0.0,0.0,0.0,0.0,0.0,0.0,0.0,0.0,0.0,0.0,0.0,0.0,0.0,0.0,0.0,0.0,0.0,0.0,0.0,-2.004,-2.004,0.0,0.0,0.0,0.0,0.0,6245.0,0.0,6919.0,2.718430741444032e+23,2.7184312818759872e+23,-0.0,2.718430741444032e+23,0.0,0.0,0.0,0.0,69,4.950431692736863e+32,-2.3088366715128722e+20,0.0,0.0,0.0,0.0,0.0,0.0,0.0,0,0,0,0.0,0.0,0.0,0.0,0.0,0.0,0.0,0.0,0.0,0.0,0.0,0.0,0.0,0.0,0.0,0.0,0,-107875648.0,69,0.0,138,0.0,-109447200.0,0,13107,17040,26215,17049,13107,17043,0,0,0,70,68,100,2.7302359370752657e+23,71.2,2.7302370179391762e+23,74.2,2.7302370179391762e+23,74.0,1,49,50,180,13107,0,0,0,0.0,0.0,0.0,0.0,-0.0,67.0,0.0,162057.094,0.0,751,0,739,0,0,0,721,0,767,0,736,0,743,0,742,0,712,0,7520,0.032,108447924224.0,0.0,0.0,784,16797,-0.0,162057.094,-114818.039,-0.0,0.133,6.909358625270745e+28,30.0,65.0,35,0.0,0.0,0.0,0.0,0.0,0.0,0.0,0.0,0.0,0.0,0.0,0.0,0.0,0.0,0.0,0.0,69.2,0,150,71,55,65476,0,300,0,1,8,20529,65476,0,0,40632,65.0,0.0,0.0,0.0,0.0,0.0
2026-09-04T20:13:21,ERR,ERR,ERR,ERR,ERR,ERR,ERR,ERR,ERR,ERR,ERR,ERR,ERR,ERR,ERR,ERR,ERR,ERR,ERR,ERR,ERR,ERR,ERR,ERR,ERR,ERR,ERR,ERR,ERR,ERR,ERR,ERR,ERR,ERR,ERR,ERR,ERR,ERR,ERR,ERR,ERR,ERR,ERR,ERR,ERR,ERR,ERR,ERR,ERR,ERR,ERR,ERR,ERR,ERR,ERR,ERR,ERR,ERR,ERR,ERR,ERR,ERR,ERR,ERR,ERR,ERR,ERR,ERR,ERR,ERR,ERR,ERR,ERR,ERR,ERR,ERR,ERR,ERR,ERR,ERR,ERR,ERR,ERR,ERR,ERR,ERR,ERR,ERR,ERR,ERR,ERR,ERR,ERR,ERR,ERR,ERR,ERR,ERR,ERR,ERR,ERR,ERR,ERR,ERR,ERR,ERR,ERR,ERR,ERR,ERR,ERR,ERR,ERR,ERR,ERR,ERR,ERR,ERR,ERR,ERR,ERR,ERR,ERR,ERR,ERR,2.718430741444032e+23,2.7184312818759872e+23,0.0,0.0,0.0,1.3936040501711995e+18,7.805,0.0,0,0,4,0,7116,0.0,100,0.0,0.0,0.0,0.0,0.0,0,0,0,0,0.0,0,0,0,0,0,0,0,0,0,0,0,0,0,0,0,0,0,0,0,0,0,0,0,0,0,0,0,0,0,0,0,0,0,31,40,40,71,65476,0,300,0,0,8,21553,0.0,-107605600.0,0.0,0.0,0.0,0.0,0.0,0.0,0.0,0.0,0.0,0.0,0.0,0.0,0.0,0.0,0.0,0.0,0.0,0.0,0.0,0.0,0.0,-2.004,-2.004,0.0,0.0,0.0,0.0,0.0,6245.0,0.0,6919.0,2.718430741444032e+23,2.7184312818759872e+23,-0.0,2.718430741444032e+23,0.0,0.0,0.0,0.0,69,4.950431692736863e+32,-2.3088366715128722e+20,0.0,0.0,0.0,0.0,0.0,0.0,0.0,0,0,0,0.0,0.0,0.0,0.0,0.0,0.0,0.0,0.0,0.0,0.0,0.0,0.0,0.0,0.0,0.0,0.0,0,-107875648.0,69,0.0,138,0.0,-109447200.0,0,13107,17040,26215,17049,26215,17043,0,0,0,70,68,100,2.7302359370752657e+23,71.2,2.7302370179391762e+23,74.2,2.7302370179391762e+23,74.0,1,49,50,180,13107,52429,0,0,0.0,0.0,0.0,0.0,-0.0,67.0,0.0,162057.094,0.0,751,0,739,0,0,0,721,0,767,0,736,0,742,0,742,0,712,0,7520,0.032,108984795136.0,0.0,0.0,784,16797,-0.0,162057.094,-114818.039,-0.0,0.133,6.909358625270745e+28,30.0,65.0,35,0.0,0.0,0.0,0.0,0.0,0.0,0.0,0.0,0.0,0.0,0.0,0.0,0.0,0.0,0.0,0.0,69.2,0,150,71,55,65476,0,300,0,1,8,20529,65476,0,0,40632,65.0,0.0,0.0,0.0,0.0,0.0
2026-09-04T20:13:22,ERR,ERR,ERR,ERR,ERR,ERR,ERR,ERR,ERR,ERR,ERR,ERR,ERR,ERR,ERR,ERR,ERR,ERR,ERR,ERR,ERR,ERR,ERR,ERR,ERR,ERR,ERR,ERR,ERR,ERR,ERR,ERR,ERR,ERR,ERR,ERR,ERR,ERR,ERR,ERR,ERR,ERR,ERR,ERR,ERR,ERR,ERR,ERR,ERR,ERR,ERR,ERR,ERR,ERR,ERR,ERR,ERR,ERR,ERR,ERR,ERR,ERR,ERR,ERR,ERR,ERR,ERR,ERR,ERR,ERR,ERR,ERR,ERR,ERR,ERR,ERR,ERR,ERR,ERR,ERR,ERR,ERR,ERR,ERR,ERR,ERR,ERR,ERR,ERR,ERR,ERR,ERR,ERR,ERR,ERR,ERR,ERR,ERR,ERR,ERR,ERR,ERR,ERR,ERR,ERR,ERR,ERR,ERR,ERR,ERR,ERR,ERR,ERR,ERR,ERR,ERR,ERR,ERR,ERR,ERR,ERR,ERR,ERR,ERR,ERR,2.718430741444032e+23,2.7184312818759872e+23,0.0,0.0,0.0,1.3936040501711995e+18,7.805,0.0,0,0,4,0,7116,0.0,100,0.0,0.0,0.0,0.0,0.0,0,0,0,0,0.0,0,0,0,0,0,0,0,0,0,0,0,0,0,0,0,0,0,0,0,0,0,0,0,0,0,0,0,0,0,0,0,0,0,31,40,40,71,65476,0,300,0,0,8,21553,0.0,-107605600.0,0.0,0.0,0.0,0.0,0.0,0.0,0.0,0.0,0.0,0.0,0.0,0.0,0.0,0.0,0.0,0.0,0.0,0.0,0.0,0.0,0.0,-2.004,-2.004,0.0,0.0,0.0,0.0,0.0,6245.0,0.0,6919.0,2.718430741444032e+23,2.7184312818759872e+23,-0.0,2.718430741444032e+23,0.0,0.0,0.0,0.0,69,4.950431692736863e+32,-2.3088366715128722e+20,0.0,0.0,0.0,0.0,0.0,0.0,0.0,0,0,0,0.0,0.0,0.0,0.0,0.0,0.0,0.0,0.0,0.0,0.0,0.0,0.0,0.0,0.0,0.0,0.0,0,-107875648.0,69,0.0,138,0.0,-109447200.0,0,13107,17040,26215,17049,26215,17043,0,0,0,70,68,100,2.7302359370752657e+23,71.2,2.7302370179391762e+23,74.2,2.7302370179391762e+23,74.0,1,49,50,180,13107,52429,0,0,0.0,0.0,0.0,0.0,-0.0,67.0,0.0,162057.094,0.0,751,0,739,0,0,0,721,0,767,0,736,0,742,0,742,0,712,0,7520,0.032,108984795136.0,0.0,0.0,784,16797,-0.0,162057.094,-114818.039,-0.0,0.133,6.909358625270745e+28,30.0,65.0,35,0.0,0.0,0.0,0.0,0.0,0.0,0.0,0.0,0.0,0.0,0.0,0.0,0.0,0.0,0.0,0.0,69.2,0,150,71,55,65476,0,300,0,1,8,20529,65476,0,0,40632,65.0,0.0,0.0,0.0,0.0,0.0
2026-09-04T20:13:23,ERR,ERR,ERR,ERR,ERR,ERR,ERR,ERR,ERR,ERR,ERR,ERR,ERR,ERR,ERR,ERR,ERR,ERR,ERR,ERR,ERR,ERR,ERR,ERR,ERR,ERR,ERR,ERR,ERR,ERR,ERR,ERR,ERR,ERR,ERR,ERR,ERR,ERR,ERR,ERR,ERR,ERR,ERR,ERR,ERR,ERR,ERR,ERR,ERR,ERR,ERR,ERR,ERR,ERR,ERR,ERR,ERR,ERR,ERR,ERR,ERR,ERR,ERR,ERR,ERR,ERR,ERR,ERR,ERR,ERR,ERR,ERR,ERR,ERR,ERR,ERR,ERR,ERR,ERR,ERR,ERR,ERR,ERR,ERR,ERR,ERR,ERR,ERR,ERR,ERR,ERR,ERR,ERR,ERR,ERR,ERR,ERR,ERR,ERR,ERR,ERR,ERR,ERR,ERR,ERR,ERR,ERR,ERR,ERR,ERR,ERR,ERR,ERR,ERR,ERR,ERR,ERR,ERR,ERR,ERR,ERR,ERR,ERR,ERR,ERR,2.718430741444032e+23,2.7184312818759872e+23,0.0,0.0,0.0,1.3936040501711995e+18,7.805,0.0,0,0,4,0,7116,0.0,100,0.0,0.0,0.0,0.0,0.0,0,0,0,0,0.0,0,0,0,0,0,0,0,0,0,0,0,0,0,0,0,0,0,0,0,0,0,0,0,0,0,0,0,0,0,0,0,0,0,31,40,40,71,65476,0,300,0,0,8,21553,0.0,-107605600.0,0.0,0.0,0.0,0.0,0.0,0.0,0.0,0.0,0.0,0.0,0.0,0.0,0.0,0.0,0.0,0.0,0.0,0.0,0.0,0.0,0.0,-2.004,-2.004,0.0,0.0,0.0,0.0,0.0,6245.0,0.0,6919.0,2.718430741444032e+23,2.7184312818759872e+23,-0.0,2.718430741444032e+23,0.0,0.0,0.0,0.0,69,4.950431692736863e+32,-2.3088366715128722e+20,0.0,0.0,0.0,0.0,0.0,0.0,0.0,0,0,0,0.0,0.0,0.0,0.0,0.0,0.0,0.0,0.0,0.0,0.0,0.0,0.0,0.0,0.0,0.0,0.0,0,-107875648.0,69,0.0,138,0.0,-109447200.0,0,13107,17040,26215,17049,26215,17043,0,0,0,70,68,100,2.7302359370752657e+23,71.2,2.7302370179391762e+23,74.2,2.7302370179391762e+23,74.0,1,49,50,180,13107,52429,0,0,0.0,0.0,0.0,0.0,-0.0,67.0,0.0,162057.094,0.0,751,0,739,0,0,0,721,0,767,0,736,0,742,0,742,0,712,0,7520,0.032,108984795136.0,0.0,0.0,784,16797,-0.0,162057.094,-114818.039,-0.0,0.133,6.909358625270745e+28,30.0,65.0,35,0.0,0.0,0.0,0.0,0.0,0.0,0.0,0.0,0.0,0.0,0.0,0.0,0.0,0.0,0.0,0.0,69.2,0,150,71,55,65476,0,300,0,1,8,20529,65476,0,0,40632,65.0,0.0,0.0,0.0,0.0,0.0
2026-09-04T20:13:24,ERR,ERR,ERR,ERR,ERR,ERR,ERR,ERR,ERR,ERR,ERR,ERR,ERR,ERR,ERR,ERR,ERR,ERR,ERR,ERR,ERR,ERR,ERR,ERR,ERR,ERR,ERR,ERR,ERR,ERR,ERR,ERR,ERR,ERR,ERR,ERR,ERR,ERR,ERR,ERR,ERR,ERR,ERR,ERR,ERR,ERR,ERR,ERR,ERR,ERR,ERR,ERR,ERR,ERR,ERR,ERR,ERR,ERR,ERR,ERR,ERR,ERR,ERR,ERR,ERR,ERR,ERR,ERR,ERR,ERR,ERR,ERR,ERR,ERR,ERR,ERR,ERR,ERR,ERR,ERR,ERR,ERR,ERR,ERR,ERR,ERR,ERR,ERR,ERR,ERR,ERR,ERR,ERR,ERR,ERR,ERR,ERR,ERR,ERR,ERR,ERR,ERR,ERR,ERR,ERR,ERR,ERR,ERR,ERR,ERR,ERR,ERR,ERR,ERR,ERR,ERR,ERR,ERR,ERR,ERR,ERR,ERR,ERR,ERR,ERR,2.718430741444032e+23,2.7184312818759872e+23,0.0,0.0,0.0,1.3936040501711995e+18,7.805,0.0,0,0,4,0,7116,0.0,100,0.0,0.0,0.0,0.0,0.0,0,0,0,0,0.0,0,0,0,0,0,0,0,0,0,0,0,0,0,0,0,0,0,0,0,0,0,0,0,0,0,0,0,0,0,0,0,0,0,31,40,40,71,65476,0,300,0,0,8,21553,0.0,-107605600.0,0.0,0.0,0.0,0.0,0.0,0.0,0.0,0.0,0.0,0.0,0.0,0.0,0.0,0.0,0.0,0.0,0.0,0.0,0.0,0.0,0.0,-2.004,-2.004,0.0,0.0,0.0,0.0,0.0,6245.0,0.0,6919.0,2.718430741444032e+23,2.7184312818759872e+23,-0.0,2.718430741444032e+23,0.0,0.0,0.0,0.0,69,4.950431692736863e+32,-2.3088366715128722e+20,0.0,0.0,0.0,0.0,0.0,0.0,0.0,0,0,0,0.0,0.0,0.0,0.0,0.0,0.0,0.0,0.0,0.0,0.0,0.0,0.0,0.0,0.0,0.0,0.0,0,-107875648.0,69,0.0,138,0.0,-109447200.0,0,13107,17040,26215,17049,26215,17043,0,0,0,70,68,100,2.7302359370752657e+23,71.2,2.7302370179391762e+23,74.2,2.7302370179391762e+23,74.0,1,49,50,180,13107,52429,0,0,0.0,0.0,0.0,0.0,-0.0,67.0,0.0,162057.094,0.0,751,0,739,0,0,0,721,0,767,0,736,0,742,0,742,0,712,0,7520,0.032,108984795136.0,0.0,0.0,784,16797,-0.0,162057.094,-114818.039,-0.0,0.133,6.909358625270745e+28,30.0,65.0,35,0.0,0.0,0.0,0.0,0.0,0.0,0.0,0.0,0.0,0.0,0.0,0.0,0.0,0.0,0.0,0.0,69.2,0,150,71,55,65476,0,300,0,1,8,20529,65476,0,0,40632,65.0,0.0,0.0,0.0,0.0,0.0
2026-09-04T20:13:25,ERR,ERR,ERR,ERR,ERR,ERR,ERR,ERR,ERR,ERR,ERR,ERR,ERR,ERR,ERR,ERR,ERR,ERR,ERR,ERR,ERR,ERR,ERR,ERR,ERR,ERR,ERR,ERR,ERR,ERR,ERR,ERR,ERR,ERR,ERR,ERR,ERR,ERR,ERR,ERR,ERR,ERR,ERR,ERR,ERR,ERR,ERR,ERR,ERR,ERR,ERR,ERR,ERR,ERR,ERR,ERR,ERR,ERR,ERR,ERR,ERR,ERR,ERR,ERR,ERR,ERR,ERR,ERR,ERR,ERR,ERR,ERR,ERR,ERR,ERR,ERR,ERR,ERR,ERR,ERR,ERR,ERR,ERR,ERR,ERR,ERR,ERR,ERR,ERR,ERR,ERR,ERR,ERR,ERR,ERR,ERR,ERR,ERR,ERR,ERR,ERR,ERR,ERR,ERR,ERR,ERR,ERR,ERR,ERR,ERR,ERR,ERR,ERR,ERR,ERR,ERR,ERR,ERR,ERR,ERR,ERR,ERR,ERR,ERR,ERR,2.718430741444032e+23,2.7184312818759872e+23,0.0,0.0,0.0,1.3936040501711995e+18,7.805,0.0,0,0,4,0,7116,0.0,100,0.0,0.0,0.0,0.0,0.0,0,0,0,0,0.0,0,0,0,0,0,0,0,0,0,0,0,0,0,0,0,0,0,0,0,0,0,0,0,0,0,0,0,0,0,0,0,0,0,31,40,40,71,65476,0,300,0,0,8,21553,0.0,-107605600.0,0.0,0.0,0.0,0.0,0.0,0.0,0.0,0.0,0.0,0.0,0.0,0.0,0.0,0.0,0.0,0.0,0.0,0.0,0.0,0.0,0.0,-2.004,-2.004,0.0,0.0,0.0,0.0,0.0,6245.0,0.0,6919.0,2.718430741444032e+23,2.7184312818759872e+23,-0.0,2.718430741444032e+23,0.0,0.0,0.0,0.0,69,4.950431692736863e+32,-2.3088366715128722e+20,0.0,0.0,0.0,0.0,0.0,0.0,0.0,0,0,0,0.0,0.0,0.0,0.0,0.0,0.0,0.0,0.0,0.0,0.0,0.0,0.0,0.0,0.0,0.0,0.0,0,-107875648.0,69,0.0,138,0.0,-109447200.0,0,13107,17040,26215,17049,26215,17043,0,0,0,70,68,100,2.7302359370752657e+23,71.2,2.7302370179391762e+23,74.2,2.7302370179391762e+23,74.0,1,49,50,180,13107,52429,0,0,0.0,0.0,0.0,0.0,-0.0,67.0,0.0,162057.094,0.0,751,0,739,0,0,0,721,0,767,0,736,0,742,0,742,0,712,0,7520,0.032,108984795136.0,0.0,0.0,784,16797,-0.0,162057.094,-114818.039,-0.0,0.133,6.909358625270745e+28,30.0,65.0,35,0.0,0.0,0.0,0.0,0.0,0.0,0.0,0.0,0.0,0.0,0.0,0.0,0.0,0.0,0.0,0.0,69.2,0,150,71,55,65476,0,300,0,1,8,20529,65476,0,0,40632,65.0,0.0,0.0,0.0,0.0,0.0
2026-09-04T20:13:26,ERR,ERR,ERR,ERR,ERR,ERR,ERR,ERR,ERR,ERR,ERR,ERR,ERR,ERR,ERR,ERR,ERR,ERR,ERR,ERR,ERR,ERR,ERR,ERR,ERR,ERR,ERR,ERR,ERR,ERR,ERR,ERR,ERR,ERR,ERR,ERR,ERR,ERR,ERR,ERR,ERR,ERR,ERR,ERR,ERR,ERR,ERR,ERR,ERR,ERR,ERR,ERR,ERR,ERR,ERR,ERR,ERR,ERR,ERR,ERR,ERR,ERR,ERR,ERR,ERR,ERR,ERR,ERR,ERR,ERR,ERR,ERR,ERR,ERR,ERR,ERR,ERR,ERR,ERR,ERR,ERR,ERR,ERR,ERR,ERR,ERR,ERR,ERR,ERR,ERR,ERR,ERR,ERR,ERR,ERR,ERR,ERR,ERR,ERR,ERR,ERR,ERR,ERR,ERR,ERR,ERR,ERR,ERR,ERR,ERR,ERR,ERR,ERR,ERR,ERR,ERR,ERR,ERR,ERR,ERR,ERR,ERR,ERR,ERR,ERR,2.718430741444032e+23,2.7184312818759872e+23,0.0,0.0,0.0,1.3936040501711995e+18,7.805,0.0,0,0,4,0,7116,0.0,100,0.0,0.0,0.0,0.0,0.0,0,0,0,0,0.0,0,0,0,0,0,0,0,0,0,0,0,0,0,0,0,0,0,0,0,0,0,0,0,0,0,0,0,0,0,0,0,0,0,31,40,40,71,65476,0,300,0,0,8,21553,0.0,-107605600.0,0.0,0.0,0.0,0.0,0.0,0.0,0.0,0.0,0.0,0.0,0.0,0.0,0.0,0.0,0.0,0.0,0.0,0.0,0.0,0.0,0.0,-2.004,-2.004,0.0,0.0,0.0,0.0,0.0,6245.0,0.0,6919.0,2.718430741444032e+23,2.7184312818759872e+23,-0.0,2.718430741444032e+23,0.0,0.0,0.0,0.0,69,4.950431692736863e+32,-2.3088366715128722e+20,0.0,0.0,0.0,0.0,0.0,0.0,0.0,0,0,0,0.0,0.0,0.0,0.0,0.0,0.0,0.0,0.0,0.0,0.0,0.0,0.0,0.0,0.0,0.0,0.0,0,-107875648.0,69,0.0,138,0.0,-109447200.0,0,13107,17040,26215,17049,13107,17043,0,0,0,70,68,100,2.7302359370752657e+23,71.2,2.7302370179391762e+23,74.2,2.7302370179391762e+23,74.0,1,49,50,180,13107,52429,0,0,0.0,0.0,0.0,0.0,-0.0,67.0,0.0,162057.094,0.0,751,0,740,0,0,0,721,0,767,0,737,0,743,0,742,0,712,0,7520,0.032,108447924224.0,0.0,0.0,784,16797,-0.0,162057.094,-114818.039,-0.0,0.133,6.909358625270745e+28,30.0,65.0,35,0.0,0.0,0.0,0.0,0.0,0.0,0.0,0.0,0.0,0.0,0.0,0.0,0.0,0.0,0.0,0.0,69.2,0,150,71,55,65476,0,300,0,1,8,20529,65476,0,0,40632,65.0,0.0,0.0,0.0,0.0,0.0
2026-09-04T20:13:27,ERR,ERR,ERR,ERR,ERR,ERR,ERR,ERR,ERR,ERR,ERR,ERR,ERR,ERR,ERR,ERR,ERR,ERR,ERR,ERR,ERR,ERR,ERR,ERR,ERR,ERR,ERR,ERR,ERR,ERR,ERR,ERR,ERR,ERR,ERR,ERR,ERR,ERR,ERR,ERR,ERR,ERR,ERR,ERR,ERR,ERR,ERR,ERR,ERR,ERR,ERR,ERR,ERR,ERR,ERR,ERR,ERR,ERR,ERR,ERR,ERR,ERR,ERR,ERR,ERR,ERR,ERR,ERR,ERR,ERR,ERR,ERR,ERR,ERR,ERR,ERR,ERR,ERR,ERR,ERR,ERR,ERR,ERR,ERR,ERR,ERR,ERR,ERR,ERR,ERR,ERR,ERR,ERR,ERR,ERR,ERR,ERR,ERR,ERR,ERR,ERR,ERR,ERR,ERR,ERR,ERR,ERR,ERR,ERR,ERR,ERR,ERR,ERR,ERR,ERR,ERR,ERR,ERR,ERR,ERR,ERR,ERR,ERR,ERR,ERR,2.718430741444032e+23,2.7184312818759872e+23,0.0,0.0,0.0,1.3936040501711995e+18,7.805,0.0,0,0,4,0,7116,0.0,100,0.0,0.0,0.0,0.0,0.0,0,0,0,0,0.0,0,0,0,0,0,0,0,0,0,0,0,0,0,0,0,0,0,0,0,0,0,0,0,0,0,0,0,0,0,0,0,0,0,31,40,40,71,65476,0,300,0,0,8,21553,0.0,-107605600.0,0.0,0.0,0.0,0.0,0.0,0.0,0.0,0.0,0.0,0.0,0.0,0.0,0.0,0.0,0.0,0.0,0.0,0.0,0.0,0.0,0.0,-2.004,-2.004,0.0,0.0,0.0,0.0,0.0,6243.0,131351.047,6921.0,2.718430741444032e+23,2.7184312818759872e+23,-0.0,2.718430741444032e+23,0.0,0.0,0.0,0.0,69,-0.0,0.0,0.0,0.0,0.0,0.0,0.0,0.0,0.0,0,0,0,0.0,0.0,0.0,0.0,0.0,0.0,0.0,0.0,0.0,0.0,0.0,0.0,0.0,0.0,0.0,0.0,0,-107875648.0,69,0.0,138,0.0,-109447200.0,0,13107,17040,26215,17049,13107,17043,0,0,0,70,68,100,2.7302359370752657e+23,71.2,2.7302370179391762e+23,74.2,2.7302370179391762e+23,74.0,1,49,50,180,13107,52429,0,0,0.0,0.0,0.0,0.0,-0.0,67.0,0.0,162057.094,0.0,751,0,740,0,0,0,721,0,767,0,737,0,743,0,742,0,712,0,7520,0.032,108447924224.0,0.0,0.0,784,16797,-0.0,162057.094,-114818.039,-0.0,0.133,6.909358625270745e+28,30.0,65.0,35,0.0,0.0,0.0,0.0,0.0,0.0,0.0,0.0,0.0,0.0,0.0,0.0,0.0,0.0,0.0,0.0,69.2,0,150,71,55,65476,0,300,0,1,8,20529,65476,0,0,40632,65.0,0.0,0.0,0.0,0.0,0.0
2026-09-04T20:13:28,ERR,ERR,ERR,ERR,ERR,ERR,ERR,ERR,ERR,ERR,ERR,ERR,ERR,ERR,ERR,ERR,ERR,ERR,ERR,ERR,ERR,ERR,ERR,ERR,ERR,ERR,ERR,ERR,ERR,ERR,ERR,ERR,ERR,ERR,ERR,ERR,ERR,ERR,ERR,ERR,ERR,ERR,ERR,ERR,ERR,ERR,ERR,ERR,ERR,ERR,ERR,ERR,ERR,ERR,ERR,ERR,ERR,ERR,ERR,ERR,ERR,ERR,ERR,ERR,ERR,ERR,ERR,ERR,ERR,ERR,ERR,ERR,ERR,ERR,ERR,ERR,ERR,ERR,ERR,ERR,ERR,ERR,ERR,ERR,ERR,ERR,ERR,ERR,ERR,ERR,ERR,ERR,ERR,ERR,ERR,ERR,ERR,ERR,ERR,ERR,ERR,ERR,ERR,ERR,ERR,ERR,ERR,ERR,ERR,ERR,ERR,ERR,ERR,ERR,ERR,ERR,ERR,ERR,ERR,ERR,ERR,ERR,ERR,ERR,ERR,2.718430741444032e+23,2.7184312818759872e+23,0.0,0.0,0.0,1.3936040501711995e+18,7.805,0.0,0,0,4,0,7116,0.0,100,0.0,0.0,0.0,0.0,0.0,0,0,0,0,0.0,0,0,0,0,0,0,0,0,0,0,0,0,0,0,0,0,0,0,0,0,0,0,0,0,0,0,0,0,0,0,0,0,0,31,40,40,71,65476,0,300,0,0,8,21553,0.0,-107605600.0,0.0,0.0,0.0,0.0,0.0,0.0,0.0,0.0,0.0,0.0,0.0,0.0,0.0,0.0,0.0,0.0,0.0,0.0,0.0,0.0,0.0,-2.004,-2.004,0.0,0.0,0.0,0.0,0.0,6243.0,131351.047,6921.0,2.718430741444032e+23,2.7184312818759872e+23,-0.0,2.718430741444032e+23,0.0,0.0,0.0,0.0,69,-0.0,0.0,0.0,0.0,0.0,0.0,0.0,0.0,0.0,0,0,0,0.0,0.0,0.0,0.0,0.0,0.0,0.0,0.0,0.0,0.0,0.0,0.0,0.0,0.0,0.0,0.0,0,-107875648.0,69,0.0,138,0.0,-109447200.0,0,13107,17040,26215,17049,13107,17043,0,0,0,70,68,100,2.7302359370752657e+23,71.2,2.7302370179391762e+23,74.2,2.7302370179391762e+23,74.0,1,49,50,180,13107,52429,0,0,0.0,0.0,0.0,0.0,-0.0,67.0,0.0,162057.094,0.0,751,0,740,0,0,0,721,0,767,0,737,0,743,0,742,0,712,0,7520,0.032,108447924224.0,0.0,0.0,784,16797,-0.0,162057.094,-114818.039,-0.0,0.133,6.909358625270745e+28,30.0,65.0,35,0.0,0.0,0.0,0.0,0.0,0.0,0.0,0.0,0.0,0.0,0.0,0.0,0.0,0.0,0.0,0.0,69.2,0,150,71,55,65476,0,300,0,1,8,20529,65476,0,0,40632,65.0,0.0,0.0,0.0,0.0,0.0
2026-09-04T20:13:29,ERR,ERR,ERR,ERR,ERR,ERR,ERR,ERR,ERR,ERR,ERR,ERR,ERR,ERR,ERR,ERR,ERR,ERR,ERR,ERR,ERR,ERR,ERR,ERR,ERR,ERR,ERR,ERR,ERR,ERR,ERR,ERR,ERR,ERR,ERR,ERR,ERR,ERR,ERR,ERR,ERR,ERR,ERR,ERR,ERR,ERR,ERR,ERR,ERR,ERR,ERR,ERR,ERR,ERR,ERR,ERR,ERR,ERR,ERR,ERR,ERR,ERR,ERR,ERR,ERR,ERR,ERR,ERR,ERR,ERR,ERR,ERR,ERR,ERR,ERR,ERR,ERR,ERR,ERR,ERR,ERR,ERR,ERR,ERR,ERR,ERR,ERR,ERR,ERR,ERR,ERR,ERR,ERR,ERR,ERR,ERR,ERR,ERR,ERR,ERR,ERR,ERR,ERR,ERR,ERR,ERR,ERR,ERR,ERR,ERR,ERR,ERR,ERR,ERR,ERR,ERR,ERR,ERR,ERR,ERR,ERR,ERR,ERR,ERR,ERR,2.718430741444032e+23,2.7184312818759872e+23,0.0,0.0,0.0,1.3936040501711995e+18,7.805,0.0,0,0,4,0,7116,0.0,100,0.0,0.0,0.0,0.0,0.0,0,0,0,0,0.0,0,0,0,0,0,0,0,0,0,0,0,0,0,0,0,0,0,0,0,0,0,0,0,0,0,0,0,0,0,0,0,0,0,31,40,40,71,65476,0,300,0,0,8,21553,0.0,-107605600.0,0.0,0.0,0.0,0.0,0.0,0.0,0.0,0.0,0.0,0.0,0.0,0.0,0.0,0.0,0.0,0.0,0.0,0.0,0.0,0.0,0.0,-2.004,-2.004,0.0,0.0,0.0,0.0,0.0,6243.0,131351.047,6921.0,2.718430741444032e+23,2.7184312818759872e+23,-0.0,2.718430741444032e+23,0.0,0.0,0.0,0.0,69,-0.0,0.0,0.0,0.0,0.0,0.0,0.0,0.0,0.0,0,0,0,0.0,0.0,0.0,0.0,0.0,0.0,0.0,0.0,0.0,0.0,0.0,0.0,0.0,0.0,0.0,0.0,0,-107875648.0,69,0.0,138,0.0,-109447200.0,0,13107,17040,26215,17049,13107,17043,0,0,0,70,68,100,2.7302359370752657e+23,71.2,2.7302370179391762e+23,74.2,2.7302370179391762e+23,74.0,1,49,50,180,13107,52429,0,0,0.0,0.0,0.0,0.0,-0.0,67.0,0.0,162057.094,0.0,751,0,740,0,0,0,721,0,767,0,737,0,743,0,742,0,712,0,7520,0.032,108447924224.0,0.0,0.0,784,16797,-0.0,162057.094,-114818.039,-0.0,0.133,6.909358625270745e+28,30.0,65.0,35,0.0,0.0,0.0,0.0,0.0,0.0,0.0,0.0,0.0,0.0,0.0,0.0,0.0,0.0,0.0,0.0,69.2,0,150,71,55,65476,0,300,0,1,8,20529,65476,0,0,40632,65.0,0.0,0.0,0.0,0.0,0.0
2026-09-04T20:13:30,ERR,ERR,ERR,ERR,ERR,ERR,ERR,ERR,ERR,ERR,ERR,ERR,ERR,ERR,ERR,ERR,ERR,ERR,ERR,ERR,ERR,ERR,ERR,ERR,ERR,ERR,ERR,ERR,ERR,ERR,ERR,ERR,ERR,ERR,ERR,ERR,ERR,ERR,ERR,ERR,ERR,ERR,ERR,ERR,ERR,ERR,ERR,ERR,ERR,ERR,ERR,ERR,ERR,ERR,ERR,ERR,ERR,ERR,ERR,ERR,ERR,ERR,ERR,ERR,ERR,ERR,ERR,ERR,ERR,ERR,ERR,ERR,ERR,ERR,ERR,ERR,ERR,ERR,ERR,ERR,ERR,ERR,ERR,ERR,ERR,ERR,ERR,ERR,ERR,ERR,ERR,ERR,ERR,ERR,ERR,ERR,ERR,ERR,ERR,ERR,ERR,ERR,ERR,ERR,ERR,ERR,ERR,ERR,ERR,ERR,ERR,ERR,ERR,ERR,ERR,ERR,ERR,ERR,ERR,ERR,ERR,ERR,ERR,ERR,ERR,2.718430741444032e+23,2.7184312818759872e+23,0.0,0.0,0.0,1.3936040501711995e+18,7.805,0.0,0,0,4,0,7116,0.0,100,0.0,0.0,0.0,0.0,0.0,0,0,0,0,0.0,0,0,0,0,0,0,0,0,0,0,0,0,0,0,0,0,0,0,0,0,0,0,0,0,0,0,0,0,0,0,0,0,0,31,40,40,71,65476,0,300,0,0,8,21553,0.0,-107605600.0,0.0,0.0,0.0,0.0,0.0,0.0,0.0,0.0,0.0,0.0,0.0,0.0,0.0,0.0,0.0,0.0,0.0,0.0,0.0,0.0,0.0,-2.004,-2.004,0.0,0.0,0.0,0.0,0.0,6243.0,131351.047,6921.0,2.718430741444032e+23,2.7184312818759872e+23,-0.0,2.718430741444032e+23,0.0,0.0,0.0,0.0,69,-0.0,0.0,0.0,0.0,0.0,0.0,0.0,0.0,0.0,0,0,0,0.0,0.0,0.0,0.0,0.0,0.0,0.0,0.0,0.0,0.0,0.0,0.0,0.0,0.0,0.0,0.0,0,-107875648.0,69,0.0,138,0.0,-109447200.0,0,13107,17040,26215,17049,13107,17043,0,0,0,70,68,100,2.7302359370752657e+23,71.2,2.7302370179391762e+23,74.2,2.7302370179391762e+23,74.0,1,49,50,180,13107,52429,0,0,0.0,0.0,0.0,0.0,-0.0,67.0,0.0,162057.094,0.0,751,0,740,0,0,0,721,0,767,0,737,0,743,0,742,0,712,0,7520,0.032,108447924224.0,0.0,0.0,784,16797,-0.0,162057.094,-114818.039,-0.0,0.133,6.909358625270745e+28,30.0,65.0,35,0.0,0.0,0.0,0.0,0.0,0.0,0.0,0.0,0.0,0.0,0.0,0.0,0.0,0.0,0.0,0.0,69.2,0,150,71,55,65476,0,300,0,1,8,20529,65476,0,0,40632,65.0,0.0,0.0,0.0,0.0,0.0
2026-09-04T20:13:31,ERR,ERR,ERR,ERR,ERR,ERR,ERR,ERR,ERR,ERR,ERR,ERR,ERR,ERR,ERR,ERR,ERR,ERR,ERR,ERR,ERR,ERR,ERR,ERR,ERR,ERR,ERR,ERR,ERR,ERR,ERR,ERR,ERR,ERR,ERR,ERR,ERR,ERR,ERR,ERR,ERR,ERR,ERR,ERR,ERR,ERR,ERR,ERR,ERR,ERR,ERR,ERR,ERR,ERR,ERR,ERR,ERR,ERR,ERR,ERR,ERR,ERR,ERR,ERR,ERR,ERR,ERR,ERR,ERR,ERR,ERR,ERR,ERR,ERR,ERR,ERR,ERR,ERR,ERR,ERR,ERR,ERR,ERR,ERR,ERR,ERR,ERR,ERR,ERR,ERR,ERR,ERR,ERR,ERR,ERR,ERR,ERR,ERR,ERR,ERR,ERR,ERR,ERR,ERR,ERR,ERR,ERR,ERR,ERR,ERR,ERR,ERR,ERR,ERR,ERR,ERR,ERR,ERR,ERR,ERR,ERR,ERR,ERR,ERR,ERR,2.718430741444032e+23,2.7184312818759872e+23,0.0,0.0,0.0,1.3936040501711995e+18,7.805,0.0,0,0,4,0,7116,0.0,100,0.0,0.0,0.0,0.0,0.0,0,0,0,0,0.0,0,0,0,0,0,0,0,0,0,0,0,0,0,0,0,0,0,0,0,0,0,0,0,0,0,0,0,0,0,0,0,0,0,31,40,40,71,65476,0,300,0,0,8,21553,0.0,-107605600.0,0.0,0.0,0.0,0.0,0.0,0.0,0.0,0.0,0.0,0.0,0.0,0.0,0.0,0.0,0.0,0.0,0.0,0.0,0.0,0.0,0.0,-2.004,-2.004,0.0,0.0,0.0,0.0,0.0,6243.0,131351.047,6921.0,2.718430741444032e+23,2.7184312818759872e+23,-0.0,2.718430741444032e+23,0.0,0.0,0.0,0.0,69,-0.0,0.0,0.0,0.0,0.0,0.0,0.0,0.0,0.0,0,0,0,0.0,0.0,0.0,0.0,0.0,0.0,0.0,0.0,0.0,0.0,0.0,0.0,0.0,0.0,0.0,0.0,0,-107875648.0,69,0.0,138,0.0,-109447200.0,0,13107,17040,26215,17049,13107,17043,0,0,0,70,68,100,2.7302359370752657e+23,71.2,2.7302370179391762e+23,74.2,2.7302370179391762e+23,74.0,1,49,50,180,13107,52429,0,0,0.0,0.0,0.0,0.0,-0.0,67.0,0.0,162057.094,0.0,751,0,740,0,0,0,721,0,767,0,737,0,743,0,742,0,712,0,7520,0.032,108447924224.0,0.0,0.0,784,16797,-0.0,162057.094,-114818.039,-0.0,0.133,6.909358625270745e+28,30.0,65.0,35,0.0,0.0,0.0,0.0,0.0,0.0,0.0,0.0,0.0,0.0,0.0,0.0,0.0,0.0,0.0,0.0,69.2,0,150,71,55,65476,0,300,0,1,8,20529,65476,0,0,40632,65.0,0.0,0.0,0.0,0.0,0.0
2026-09-04T20:13:32,ERR,ERR,ERR,ERR,ERR,ERR,ERR,ERR,ERR,ERR,ERR,ERR,ERR,ERR,ERR,ERR,ERR,ERR,ERR,ERR,ERR,ERR,ERR,ERR,ERR,ERR,ERR,ERR,ERR,ERR,ERR,ERR,ERR,ERR,ERR,ERR,ERR,ERR,ERR,ERR,ERR,ERR,ERR,ERR,ERR,ERR,ERR,ERR,ERR,ERR,ERR,ERR,ERR,ERR,ERR,ERR,ERR,ERR,ERR,ERR,ERR,ERR,ERR,ERR,ERR,ERR,ERR,ERR,ERR,ERR,ERR,ERR,ERR,ERR,ERR,ERR,ERR,ERR,ERR,ERR,ERR,ERR,ERR,ERR,ERR,ERR,ERR,ERR,ERR,ERR,ERR,ERR,ERR,ERR,ERR,ERR,ERR,ERR,ERR,ERR,ERR,ERR,ERR,ERR,ERR,ERR,ERR,ERR,ERR,ERR,ERR,ERR,ERR,ERR,ERR,ERR,ERR,ERR,ERR,ERR,ERR,ERR,ERR,ERR,ERR,2.718430741444032e+23,2.7184312818759872e+23,0.0,0.0,0.0,1.3936040501711995e+18,7.805,0.0,0,0,4,0,7116,0.0,100,0.0,0.0,0.0,0.0,0.0,0,0,0,0,0.0,0,0,0,0,0,0,0,0,0,0,0,0,0,0,0,0,0,0,0,0,0,0,0,0,0,0,0,0,0,0,0,0,0,31,40,40,71,65476,0,300,0,0,8,21553,0.0,-107605600.0,0.0,0.0,0.0,0.0,0.0,0.0,0.0,0.0,0.0,0.0,0.0,0.0,0.0,0.0,0.0,0.0,0.0,0.0,0.0,0.0,0.0,-2.004,-2.004,0.0,0.0,0.0,0.0,0.0,6243.0,131351.047,6921.0,2.718430741444032e+23,2.7184312818759872e+23,-0.0,2.718430741444032e+23,0.0,0.0,0.0,0.0,69,-0.0,0.0,0.0,0.0,0.0,0.0,0.0,0.0,0.0,0,0,0,0.0,0.0,0.0,0.0,0.0,0.0,0.0,0.0,0.0,0.0,0.0,0.0,0.0,0.0,0.0,0.0,0,-107875648.0,69,0.0,138,0.0,-109447200.0,0,13107,17040,26215,17049,26215,17043,0,0,0,70,68,100,2.7302359370752657e+23,71.2,2.7302370179391762e+23,74.3,-0.0,74.0,1,49,50,180,13107,52429,0,0,0.0,0.0,0.0,0.0,-0.0,67.0,0.0,162057.094,0.0,751,0,740,0,0,0,721,0,767,0,736,0,742,0,742,0,712,0,7520,0.032,107911053312.0,0.0,0.0,784,16797,-0.0,162057.094,-114818.039,-0.0,0.133,6.909358625270745e+28,30.0,65.0,35,0.0,0.0,0.0,0.0,0.0,0.0,0.0,0.0,0.0,0.0,0.0,0.0,0.0,0.0,0.0,0.0,69.2,0,150,71,55,65476,0,300,0,1,8,20529,65476,0,0,40632,65.0,0.0,0.0,0.0,0.0,0.0
2026-09-04T20:13:33,ERR,ERR,ERR,ERR,ERR,ERR,ERR,ERR,ERR,ERR,ERR,ERR,ERR,ERR,ERR,ERR,ERR,ERR,ERR,ERR,ERR,ERR,ERR,ERR,ERR,ERR,ERR,ERR,ERR,ERR,ERR,ERR,ERR,ERR,ERR,ERR,ERR,ERR,ERR,ERR,ERR,ERR,ERR,ERR,ERR,ERR,ERR,ERR,ERR,ERR,ERR,ERR,ERR,ERR,ERR,ERR,ERR,ERR,ERR,ERR,ERR,ERR,ERR,ERR,ERR,ERR,ERR,ERR,ERR,ERR,ERR,ERR,ERR,ERR,ERR,ERR,ERR,ERR,ERR,ERR,ERR,ERR,ERR,ERR,ERR,ERR,ERR,ERR,ERR,ERR,ERR,ERR,ERR,ERR,ERR,ERR,ERR,ERR,ERR,ERR,ERR,ERR,ERR,ERR,ERR,ERR,ERR,ERR,ERR,ERR,ERR,ERR,ERR,ERR,ERR,ERR,ERR,ERR,ERR,ERR,ERR,ERR,ERR,ERR,ERR,2.718430741444032e+23,2.7184312818759872e+23,0.0,0.0,0.0,1.3936040501711995e+18,7.805,0.0,0,0,4,0,7116,0.0,100,0.0,0.0,0.0,0.0,0.0,0,0,0,0,0.0,0,0,0,0,0,0,0,0,0,0,0,0,0,0,0,0,0,0,0,0,0,0,0,0,0,0,0,0,0,0,0,0,0,31,40,40,71,65476,0,300,0,0,8,21553,0.0,-107605600.0,0.0,0.0,0.0,0.0,0.0,0.0,0.0,0.0,0.0,0.0,0.0,0.0,0.0,0.0,0.0,0.0,0.0,0.0,0.0,0.0,0.0,-2.004,-2.004,0.0,0.0,0.0,0.0,0.0,6243.0,131351.047,6921.0,2.718430741444032e+23,2.7184312818759872e+23,-0.0,2.718430741444032e+23,0.0,0.0,0.0,0.0,69,-0.0,0.0,0.0,0.0,0.0,0.0,0.0,0.0,0.0,0,0,0,0.0,0.0,0.0,0.0,0.0,0.0,0.0,0.0,0.0,0.0,0.0,0.0,0.0,0.0,0.0,0.0,0,-107875648.0,69,0.0,138,0.0,-109447200.0,0,13107,17040,26215,17049,26215,17043,0,0,0,70,68,100,2.7302359370752657e+23,71.2,2.7302370179391762e+23,74.3,-0.0,74.0,1,49,50,180,13107,52429,0,0,0.0,0.0,0.0,0.0,-0.0,67.0,0.0,162057.094,0.0,751,0,740,0,0,0,721,0,767,0,736,0,742,0,742,0,712,0,7520,0.032,107911053312.0,0.0,0.0,784,16797,-0.0,162057.094,-114818.039,-0.0,0.133,6.909358625270745e+28,30.0,65.0,35,0.0,0.0,0.0,0.0,0.0,0.0,0.0,0.0,0.0,0.0,0.0,0.0,0.0,0.0,0.0,0.0,69.2,0,150,71,55,65476,0,300,0,1,8,20529,65476,0,0,40632,65.0,0.0,0.0,0.0,0.0,0.0
2026-09-04T20:13:34,ERR,ERR,ERR,ERR,ERR,ERR,ERR,ERR,ERR,ERR,ERR,ERR,ERR,ERR,ERR,ERR,ERR,ERR,ERR,ERR,ERR,ERR,ERR,ERR,ERR,ERR,ERR,ERR,ERR,ERR,ERR,ERR,ERR,ERR,ERR,ERR,ERR,ERR,ERR,ERR,ERR,ERR,ERR,ERR,ERR,ERR,ERR,ERR,ERR,ERR,ERR,ERR,ERR,ERR,ERR,ERR,ERR,ERR,ERR,ERR,ERR,ERR,ERR,ERR,ERR,ERR,ERR,ERR,ERR,ERR,ERR,ERR,ERR,ERR,ERR,ERR,ERR,ERR,ERR,ERR,ERR,ERR,ERR,ERR,ERR,ERR,ERR,ERR,ERR,ERR,ERR,ERR,ERR,ERR,ERR,ERR,ERR,ERR,ERR,ERR,ERR,ERR,ERR,ERR,ERR,ERR,ERR,ERR,ERR,ERR,ERR,ERR,ERR,ERR,ERR,ERR,ERR,ERR,ERR,ERR,ERR,ERR,ERR,ERR,ERR,2.718430741444032e+23,2.7184312818759872e+23,0.0,0.0,0.0,1.3936040501711995e+18,7.805,0.0,0,0,4,0,7116,0.0,100,0.0,0.0,0.0,0.0,0.0,0,0,0,0,0.0,0,0,0,0,0,0,0,0,0,0,0,0,0,0,0,0,0,0,0,0,0,0,0,0,0,0,0,0,0,0,0,0,0,31,40,40,71,65476,0,300,0,0,8,21553,0.0,-107605600.0,0.0,0.0,0.0,0.0,0.0,0.0,0.0,0.0,0.0,0.0,0.0,0.0,0.0,0.0,0.0,0.0,0.0,0.0,0.0,0.0,0.0,-2.004,-2.004,0.0,0.0,0.0,0.0,0.0,6213.0,-2.004,6936.0,2.718430741444032e+23,2.7184312818759872e+23,-0.0,2.718430741444032e+23,0.0,0.0,0.0,0.0,69,-0.0,89220.945,0.0,0.0,0.0,0.0,0.0,0.0,0.0,0,0,0,0.0,0.0,0.0,0.0,0.0,0.0,0.0,0.0,0.0,0.0,0.0,0.0,0.0,0.0,0.0,0.0,0,-107875648.0,69,0.0,138,0.0,-109447200.0,0,13107,17040,26215,17049,26215,17043,0,0,0,70,68,100,2.7302359370752657e+23,71.2,2.7302370179391762e+23,74.3,-0.0,74.0,1,49,50,180,13107,52429,0,0,0.0,0.0,0.0,0.0,-0.0,67.0,0.0,162057.094,0.0,751,0,740,0,0,0,721,0,767,0,736,0,742,0,742,0,712,0,7520,0.032,107911053312.0,0.0,0.0,784,16797,-0.0,162057.094,-114818.039,-0.0,0.133,6.909358625270745e+28,30.0,65.0,35,0.0,0.0,0.0,0.0,0.0,0.0,0.0,0.0,0.0,0.0,0.0,0.0,0.0,0.0,0.0,0.0,69.2,0,150,71,55,65476,0,300,0,1,8,20529,65476,0,0,40632,65.0,0.0,0.0,0.0,0.0,0.0
2026-09-04T20:13:35,ERR,ERR,ERR,ERR,ERR,ERR,ERR,ERR,ERR,ERR,ERR,ERR,ERR,ERR,ERR,ERR,ERR,ERR,ERR,ERR,ERR,ERR,ERR,ERR,ERR,ERR,ERR,ERR,ERR,ERR,ERR,ERR,ERR,ERR,ERR,ERR,ERR,ERR,ERR,ERR,ERR,ERR,ERR,ERR,ERR,ERR,ERR,ERR,ERR,ERR,ERR,ERR,ERR,ERR,ERR,ERR,ERR,ERR,ERR,ERR,ERR,ERR,ERR,ERR,ERR,ERR,ERR,ERR,ERR,ERR,ERR,ERR,ERR,ERR,ERR,ERR,ERR,ERR,ERR,ERR,ERR,ERR,ERR,ERR,ERR,ERR,ERR,ERR,ERR,ERR,ERR,ERR,ERR,ERR,ERR,ERR,ERR,ERR,ERR,ERR,ERR,ERR,ERR,ERR,ERR,ERR,ERR,ERR,ERR,ERR,ERR,ERR,ERR,ERR,ERR,ERR,ERR,ERR,ERR,ERR,ERR,ERR,ERR,ERR,ERR,2.718430741444032e+23,2.7184312818759872e+23,0.0,0.0,0.0,1.3936040501711995e+18,7.805,0.0,0,0,4,0,7116,0.0,100,0.0,0.0,0.0,0.0,0.0,0,0,0,0,0.0,0,0,0,0,0,0,0,0,0,0,0,0,0,0,0,0,0,0,0,0,0,0,0,0,0,0,0,0,0,0,0,0,0,31,40,40,71,65476,0,300,0,0,8,21553,0.0,-107605600.0,0.0,0.0,0.0,0.0,0.0,0.0,0.0,0.0,0.0,0.0,0.0,0.0,0.0,0.0,0.0,0.0,0.0,0.0,0.0,0.0,0.0,-2.004,-2.004,0.0,0.0,0.0,0.0,0.0,6213.0,-2.004,6936.0,2.718430741444032e+23,2.7184312818759872e+23,-0.0,2.718430741444032e+23,0.0,0.0,0.0,0.0,69,-0.0,89220.945,0.0,0.0,0.0,0.0,0.0,0.0,0.0,0,0,0,0.0,0.0,0.0,0.0,0.0,0.0,0.0,0.0,0.0,0.0,0.0,0.0,0.0,0.0,0.0,0.0,0,-107875648.0,69,0.0,138,0.0,-109447200.0,0,13107,17040,26215,17049,26215,17043,0,0,0,70,68,100,2.7302359370752657e+23,71.2,2.7302370179391762e+23,74.3,-0.0,74.0,1,49,50,180,13107,52429,0,0,0.0,0.0,0.0,0.0,-0.0,67.0,0.0,162057.094,0.0,751,0,740,0,0,0,721,0,767,0,736,0,742,0,742,0,712,0,7520,0.032,107911053312.0,0.0,0.0,784,16797,-0.0,162057.094,-114818.039,-0.0,0.133,6.909358625270745e+28,30.0,65.0,35,0.0,0.0,0.0,0.0,0.0,0.0,0.0,0.0,0.0,0.0,0.0,0.0,0.0,0.0,0.0,0.0,69.2,0,150,71,55,65476,0,300,0,1,8,20529,65476,0,0,40632,65.0,0.0,0.0,0.0,0.0,0.0
2026-09-04T20:13:36,ERR,ERR,ERR,ERR,ERR,ERR,ERR,ERR,ERR,ERR,ERR,ERR,ERR,ERR,ERR,ERR,ERR,ERR,ERR,ERR,ERR,ERR,ERR,ERR,ERR,ERR,ERR,ERR,ERR,ERR,ERR,ERR,ERR,ERR,ERR,ERR,ERR,ERR,ERR,ERR,ERR,ERR,ERR,ERR,ERR,ERR,ERR,ERR,ERR,ERR,ERR,ERR,ERR,ERR,ERR,ERR,ERR,ERR,ERR,ERR,ERR,ERR,ERR,ERR,ERR,ERR,ERR,ERR,ERR,ERR,ERR,ERR,ERR,ERR,ERR,ERR,ERR,ERR,ERR,ERR,ERR,ERR,ERR,ERR,ERR,ERR,ERR,ERR,ERR,ERR,ERR,ERR,ERR,ERR,ERR,ERR,ERR,ERR,ERR,ERR,ERR,ERR,ERR,ERR,ERR,ERR,ERR,ERR,ERR,ERR,ERR,ERR,ERR,ERR,ERR,ERR,ERR,ERR,ERR,ERR,ERR,ERR,ERR,ERR,ERR,2.718430741444032e+23,2.7184312818759872e+23,0.0,0.0,0.0,1.3936040501711995e+18,7.805,0.0,0,0,4,0,7116,0.0,100,0.0,0.0,0.0,0.0,0.0,0,0,0,0,0.0,0,0,0,0,0,0,0,0,0,0,0,0,0,0,0,0,0,0,0,0,0,0,0,0,0,0,0,0,0,0,0,0,0,31,40,40,71,65476,0,300,0,0,8,21553,0.0,-107605600.0,0.0,0.0,0.0,0.0,0.0,0.0,0.0,0.0,0.0,0.0,0.0,0.0,0.0,0.0,0.0,0.0,0.0,0.0,0.0,0.0,0.0,-2.004,-2.004,0.0,0.0,0.0,0.0,0.0,6213.0,-2.004,6936.0,2.718430741444032e+23,2.7184312818759872e+23,-0.0,2.718430741444032e+23,0.0,0.0,0.0,0.0,69,-0.0,89220.945,0.0,0.0,0.0,0.0,0.0,0.0,0.0,0,0,0,0.0,0.0,0.0,0.0,0.0,0.0,0.0,0.0,0.0,0.0,0.0,0.0,0.0,0.0,0.0,0.0,0,-107875648.0,69,0.0,138,0.0,-109447200.0,0,13107,17040,26215,17049,26215,17043,0,0,0,70,68,100,2.7302359370752657e+23,71.2,2.7302370179391762e+23,74.3,-0.0,74.0,1,49,50,180,13107,52429,0,0,0.0,0.0,0.0,0.0,-0.0,67.0,0.0,162057.094,0.0,751,0,740,0,0,0,721,0,767,0,736,0,742,0,742,0,712,0,7520,0.032,107911053312.0,0.0,0.0,784,16797,-0.0,162057.094,-114818.039,-0.0,0.133,6.909358625270745e+28,30.0,65.0,35,0.0,0.0,0.0,0.0,0.0,0.0,0.0,0.0,0.0,0.0,0.0,0.0,0.0,0.0,0.0,0.0,69.2,0,150,71,55,65476,0,300,0,1,8,20529,65476,0,0,40632,65.0,0.0,0.0,0.0,0.0,0.0
2026-09-04T20:13:37,ERR,ERR,ERR,ERR,ERR,ERR,ERR,ERR,ERR,ERR,ERR,ERR,ERR,ERR,ERR,ERR,ERR,ERR,ERR,ERR,ERR,ERR,ERR,ERR,ERR,ERR,ERR,ERR,ERR,ERR,ERR,ERR,ERR,ERR,ERR,ERR,ERR,ERR,ERR,ERR,ERR,ERR,ERR,ERR,ERR,ERR,ERR,ERR,ERR,ERR,ERR,ERR,ERR,ERR,ERR,ERR,ERR,ERR,ERR,ERR,ERR,ERR,ERR,ERR,ERR,ERR,ERR,ERR,ERR,ERR,ERR,ERR,ERR,ERR,ERR,ERR,ERR,ERR,ERR,ERR,ERR,ERR,ERR,ERR,ERR,ERR,ERR,ERR,ERR,ERR,ERR,ERR,ERR,ERR,ERR,ERR,ERR,ERR,ERR,ERR,ERR,ERR,ERR,ERR,ERR,ERR,ERR,ERR,ERR,ERR,ERR,ERR,ERR,ERR,ERR,ERR,ERR,ERR,ERR,ERR,ERR,ERR,ERR,ERR,ERR,2.718430741444032e+23,2.7184312818759872e+23,0.0,0.0,0.0,1.3936040501711995e+18,7.805,0.0,0,0,4,0,7116,0.0,100,0.0,0.0,0.0,0.0,0.0,0,0,0,0,0.0,0,0,0,0,0,0,0,0,0,0,0,0,0,0,0,0,0,0,0,0,0,0,0,0,0,0,0,0,0,0,0,0,0,31,40,40,71,65476,0,300,0,0,8,21553,0.0,-107605600.0,0.0,0.0,0.0,0.0,0.0,0.0,0.0,0.0,0.0,0.0,0.0,0.0,0.0,0.0,0.0,0.0,0.0,0.0,0.0,0.0,0.0,-2.004,-2.004,0.0,0.0,0.0,0.0,0.0,6213.0,-2.004,6936.0,2.718430741444032e+23,2.7184312818759872e+23,-0.0,2.718430741444032e+23,0.0,0.0,0.0,0.0,69,-0.0,89220.945,0.0,0.0,0.0,0.0,0.0,0.0,0.0,0,0,0,0.0,0.0,0.0,0.0,0.0,0.0,0.0,0.0,0.0,0.0,0.0,0.0,0.0,0.0,0.0,0.0,0,-107875648.0,69,0.0,138,0.0,-109447200.0,0,13107,17040,26215,17049,13107,17043,0,0,0,70,68,100,2.7302359370752657e+23,71.2,2.7302370179391762e+23,74.2,2.7302370179391762e+23,74.0,1,49,50,180,13107,52429,0,0,0.0,0.0,0.0,0.0,-0.0,67.0,0.0,162057.094,0.0,751,0,739,0,0,0,721,0,767,0,736,0,742,0,741,0,712,0,7520,0.032,108447924224.0,0.0,0.0,784,16797,-0.0,162057.094,-114818.039,-0.0,0.133,6.909358625270745e+28,30.0,65.0,35,0.0,0.0,0.0,0.0,0.0,0.0,0.0,0.0,0.0,0.0,0.0,0.0,0.0,0.0,0.0,0.0,69.2,0,150,71,55,65476,0,300,0,1,8,20529,65476,0,0,40632,65.0,0.0,0.0,0.0,0.0,0.0
2026-09-04T20:13:38,ERR,ERR,ERR,ERR,ERR,ERR,ERR,ERR,ERR,ERR,ERR,ERR,ERR,ERR,ERR,ERR,ERR,ERR,ERR,ERR,ERR,ERR,ERR,ERR,ERR,ERR,ERR,ERR,ERR,ERR,ERR,ERR,ERR,ERR,ERR,ERR,ERR,ERR,ERR,ERR,ERR,ERR,ERR,ERR,ERR,ERR,ERR,ERR,ERR,ERR,ERR,ERR,ERR,ERR,ERR,ERR,ERR,ERR,ERR,ERR,ERR,ERR,ERR,ERR,ERR,ERR,ERR,ERR,ERR,ERR,ERR,ERR,ERR,ERR,ERR,ERR,ERR,ERR,ERR,ERR,ERR,ERR,ERR,ERR,ERR,ERR,ERR,ERR,ERR,ERR,ERR,ERR,ERR,ERR,ERR,ERR,ERR,ERR,ERR,ERR,ERR,ERR,ERR,ERR,ERR,ERR,ERR,ERR,ERR,ERR,ERR,ERR,ERR,ERR,ERR,ERR,ERR,ERR,ERR,ERR,ERR,ERR,ERR,ERR,ERR,2.718430741444032e+23,2.7184312818759872e+23,0.0,0.0,0.0,1.3936040501711995e+18,7.805,0.0,0,0,4,0,7116,0.0,100,0.0,0.0,0.0,0.0,0.0,0,0,0,0,0.0,0,0,0,0,0,0,0,0,0,0,0,0,0,0,0,0,0,0,0,0,0,0,0,0,0,0,0,0,0,0,0,0,0,31,40,40,71,65476,0,300,0,0,8,21553,0.0,-107605600.0,0.0,0.0,0.0,0.0,0.0,0.0,0.0,0.0,0.0,0.0,0.0,0.0,0.0,0.0,0.0,0.0,0.0,0.0,0.0,0.0,0.0,-2.004,-2.004,0.0,0.0,0.0,0.0,0.0,6213.0,-2.004,6936.0,2.718430741444032e+23,2.7184312818759872e+23,-0.0,2.718430741444032e+23,0.0,0.0,0.0,0.0,69,-0.0,89220.945,0.0,0.0,0.0,0.0,0.0,0.0,0.0,0,0,0,0.0,0.0,0.0,0.0,0.0,0.0,0.0,0.0,0.0,0.0,0.0,0.0,0.0,0.0,0.0,0.0,0,-107875648.0,69,0.0,138,0.0,-109447200.0,0,13107,17040,26215,17049,13107,17043,0,0,0,70,68,100,2.7302359370752657e+23,71.2,2.7302370179391762e+23,74.2,2.7302370179391762e+23,74.0,1,49,50,180,13107,52429,0,0,0.0,0.0,0.0,0.0,-0.0,67.0,0.0,162057.094,0.0,751,0,739,0,0,0,721,0,767,0,736,0,742,0,741,0,712,0,7520,0.032,108447924224.0,0.0,0.0,784,16797,-0.0,162057.094,-114818.039,-0.0,0.133,6.909358625270745e+28,30.0,65.0,35,0.0,0.0,0.0,0.0,0.0,0.0,0.0,0.0,0.0,0.0,0.0,0.0,0.0,0.0,0.0,0.0,69.2,0,150,71,55,65476,0,300,0,1,8,20529,65476,0,0,40632,65.0,0.0,0.0,0.0,0.0,0.0
2026-09-04T20:13:39,ERR,ERR,ERR,ERR,ERR,ERR,ERR,ERR,ERR,ERR,ERR,ERR,ERR,ERR,ERR,ERR,ERR,ERR,ERR,ERR,ERR,ERR,ERR,ERR,ERR,ERR,ERR,ERR,ERR,ERR,ERR,ERR,ERR,ERR,ERR,ERR,ERR,ERR,ERR,ERR,ERR,ERR,ERR,ERR,ERR,ERR,ERR,ERR,ERR,ERR,ERR,ERR,ERR,ERR,ERR,ERR,ERR,ERR,ERR,ERR,ERR,ERR,ERR,ERR,ERR,ERR,ERR,ERR,ERR,ERR,ERR,ERR,ERR,ERR,ERR,ERR,ERR,ERR,ERR,ERR,ERR,ERR,ERR,ERR,ERR,ERR,ERR,ERR,ERR,ERR,ERR,ERR,ERR,ERR,ERR,ERR,ERR,ERR,ERR,ERR,ERR,ERR,ERR,ERR,ERR,ERR,ERR,ERR,ERR,ERR,ERR,ERR,ERR,ERR,ERR,ERR,ERR,ERR,ERR,ERR,ERR,ERR,ERR,ERR,ERR,2.718430741444032e+23,2.7184312818759872e+23,0.0,0.0,0.0,1.3936040501711995e+18,7.805,0.0,0,0,4,0,7116,0.0,100,0.0,0.0,0.0,0.0,0.0,0,0,0,0,0.0,0,0,0,0,0,0,0,0,0,0,0,0,0,0,0,0,0,0,0,0,0,0,0,0,0,0,0,0,0,0,0,0,0,31,40,40,71,65476,0,300,0,0,8,21553,0.0,-107605600.0,0.0,0.0,0.0,0.0,0.0,0.0,0.0,0.0,0.0,0.0,0.0,0.0,0.0,0.0,0.0,0.0,0.0,0.0,0.0,0.0,0.0,-2.004,-2.004,0.0,0.0,0.0,0.0,0.0,6213.0,-2.004,6936.0,2.718430741444032e+23,2.7184312818759872e+23,-0.0,2.718430741444032e+23,0.0,0.0,0.0,0.0,69,-0.0,89220.945,0.0,0.0,0.0,0.0,0.0,0.0,0.0,0,0,0,0.0,0.0,0.0,0.0,0.0,0.0,0.0,0.0,0.0,0.0,0.0,0.0,0.0,0.0,0.0,0.0,0,-107875648.0,69,0.0,138,0.0,-109447200.0,0,13107,17040,26215,17049,13107,17043,0,0,0,70,68,100,2.7302359370752657e+23,71.2,2.7302370179391762e+23,74.2,2.7302370179391762e+23,74.0,1,49,50,180,13107,52429,0,0,0.0,0.0,0.0,0.0,-0.0,67.0,0.0,162057.094,0.0,751,0,739,0,0,0,721,0,767,0,736,0,742,0,741,0,712,0,7520,0.032,108447924224.0,0.0,0.0,784,16797,-0.0,162057.094,-114818.039,-0.0,0.133,6.909358625270745e+28,30.0,65.0,35,0.0,0.0,0.0,0.0,0.0,0.0,0.0,0.0,0.0,0.0,0.0,0.0,0.0,0.0,0.0,0.0,69.2,0,150,71,55,65476,0,300,0,1,8,20529,65476,0,0,40632,65.0,0.0,0.0,0.0,0.0,0.0
2026-09-04T20:13:40,ERR,ERR,ERR,ERR,ERR,ERR,ERR,ERR,ERR,ERR,ERR,ERR,ERR,ERR,ERR,ERR,ERR,ERR,ERR,ERR,ERR,ERR,ERR,ERR,ERR,ERR,ERR,ERR,ERR,ERR,ERR,ERR,ERR,ERR,ERR,ERR,ERR,ERR,ERR,ERR,ERR,ERR,ERR,ERR,ERR,ERR,ERR,ERR,ERR,ERR,ERR,ERR,ERR,ERR,ERR,ERR,ERR,ERR,ERR,ERR,ERR,ERR,ERR,ERR,ERR,ERR,ERR,ERR,ERR,ERR,ERR,ERR,ERR,ERR,ERR,ERR,ERR,ERR,ERR,ERR,ERR,ERR,ERR,ERR,ERR,ERR,ERR,ERR,ERR,ERR,ERR,ERR,ERR,ERR,ERR,ERR,ERR,ERR,ERR,ERR,ERR,ERR,ERR,ERR,ERR,ERR,ERR,ERR,ERR,ERR,ERR,ERR,ERR,ERR,ERR,ERR,ERR,ERR,ERR,ERR,ERR,ERR,ERR,ERR,ERR,2.718430741444032e+23,2.7184312818759872e+23,0.0,0.0,0.0,1.3936040501711995e+18,7.805,0.0,0,0,4,0,7116,0.0,100,0.0,0.0,0.0,0.0,0.0,0,0,0,0,0.0,0,0,0,0,0,0,0,0,0,0,0,0,0,0,0,0,0,0,0,0,0,0,0,0,0,0,0,0,0,0,0,0,0,31,40,40,71,65476,0,300,0,0,8,21553,0.0,-107605600.0,0.0,0.0,0.0,0.0,0.0,0.0,0.0,0.0,0.0,0.0,0.0,0.0,0.0,0.0,0.0,0.0,0.0,0.0,0.0,0.0,0.0,-2.004,-2.004,0.0,0.0,0.0,0.0,0.0,6213.0,-2.004,6936.0,2.718430741444032e+23,2.7184312818759872e+23,-0.0,2.718430741444032e+23,0.0,0.0,0.0,0.0,69,-0.0,89220.945,0.0,0.0,0.0,0.0,0.0,0.0,0.0,0,0,0,0.0,0.0,0.0,0.0,0.0,0.0,0.0,0.0,0.0,0.0,0.0,0.0,0.0,0.0,0.0,0.0,0,-107875648.0,69,0.0,138,0.0,-109447200.0,0,13107,17040,26215,17049,13107,17043,0,0,0,70,68,100,2.7302359370752657e+23,71.2,2.7302370179391762e+23,74.2,2.7302370179391762e+23,74.0,1,49,50,180,13107,52429,0,0,0.0,0.0,0.0,0.0,-0.0,67.0,0.0,162057.094,0.0,751,0,739,0,0,0,721,0,767,0,736,0,742,0,741,0,712,0,7520,0.032,108447924224.0,0.0,0.0,784,16797,-0.0,162057.094,-114818.039,-0.0,0.133,6.909358625270745e+28,30.0,65.0,35,0.0,0.0,0.0,0.0,0.0,0.0,0.0,0.0,0.0,0.0,0.0,0.0,0.0,0.0,0.0,0.0,69.2,0,150,71,55,65476,0,300,0,1,8,20529,65476,0,0,40632,65.0,0.0,0.0,0.0,0.0,0.0
2026-09-04T20:13:41,ERR,ERR,ERR,ERR,ERR,ERR,ERR,ERR,ERR,ERR,ERR,ERR,ERR,ERR,ERR,ERR,ERR,ERR,ERR,ERR,ERR,ERR,ERR,ERR,ERR,ERR,ERR,ERR,ERR,ERR,ERR,ERR,ERR,ERR,ERR,ERR,ERR,ERR,ERR,ERR,ERR,ERR,ERR,ERR,ERR,ERR,ERR,ERR,ERR,ERR,ERR,ERR,ERR,ERR,ERR,ERR,ERR,ERR,ERR,ERR,ERR,ERR,ERR,ERR,ERR,ERR,ERR,ERR,ERR,ERR,ERR,ERR,ERR,ERR,ERR,ERR,ERR,ERR,ERR,ERR,ERR,ERR,ERR,ERR,ERR,ERR,ERR,ERR,ERR,ERR,ERR,ERR,ERR,ERR,ERR,ERR,ERR,ERR,ERR,ERR,ERR,ERR,ERR,ERR,ERR,ERR,ERR,ERR,ERR,ERR,ERR,ERR,ERR,ERR,ERR,ERR,ERR,ERR,ERR,ERR,ERR,ERR,ERR,ERR,ERR,2.718430741444032e+23,2.7184312818759872e+23,0.0,0.0,0.0,1.3936040501711995e+18,7.805,0.0,0,0,4,0,7116,0.0,100,0.0,0.0,0.0,0.0,0.0,0,0,0,0,0.0,0,0,0,0,0,0,0,0,0,0,0,0,0,0,0,0,0,0,0,0,0,0,0,0,0,0,0,0,0,0,0,0,0,31,40,40,71,65476,0,300,0,0,8,21553,0.0,-107605600.0,0.0,0.0,0.0,0.0,0.0,0.0,0.0,0.0,0.0,0.0,0.0,0.0,0.0,0.0,0.0,0.0,0.0,0.0,0.0,0.0,0.0,-2.004,-2.004,0.0,0.0,0.0,0.0,0.0,6213.0,-2.004,6936.0,2.718430741444032e+23,2.7184312818759872e+23,-0.0,2.718430741444032e+23,0.0,0.0,0.0,0.0,69,-0.0,89220.945,0.0,0.0,0.0,0.0,0.0,0.0,0.0,0,0,0,0.0,0.0,0.0,0.0,0.0,0.0,0.0,0.0,0.0,0.0,0.0,0.0,0.0,0.0,0.0,0.0,0,-107875648.0,69,0.0,138,0.0,-109447200.0,0,13107,17040,26215,17049,13107,17043,0,0,0,70,68,100,2.7302359370752657e+23,71.2,2.7302370179391762e+23,74.2,2.7302370179391762e+23,74.0,1,49,50,180,13107,52429,0,0,0.0,0.0,0.0,0.0,-0.0,67.0,0.0,162057.094,0.0,751,0,739,0,0,0,721,0,767,0,736,0,742,0,741,0,712,0,7520,0.032,108447924224.0,0.0,0.0,784,16797,-0.0,162057.094,-114818.039,-0.0,0.133,6.909358625270745e+28,30.0,65.0,35,0.0,0.0,0.0,0.0,0.0,0.0,0.0,0.0,0.0,0.0,0.0,0.0,0.0,0.0,0.0,0.0,69.2,0,150,71,55,65476,0,300,0,1,8,20529,65476,0,0,40632,65.0,0.0,0.0,0.0,0.0,0.0
2026-09-04T20:13:42,ERR,ERR,ERR,ERR,ERR,ERR,ERR,ERR,ERR,ERR,ERR,ERR,ERR,ERR,ERR,ERR,ERR,ERR,ERR,ERR,ERR,ERR,ERR,ERR,ERR,ERR,ERR,ERR,ERR,ERR,ERR,ERR,ERR,ERR,ERR,ERR,ERR,ERR,ERR,ERR,ERR,ERR,ERR,ERR,ERR,ERR,ERR,ERR,ERR,ERR,ERR,ERR,ERR,ERR,ERR,ERR,ERR,ERR,ERR,ERR,ERR,ERR,ERR,ERR,ERR,ERR,ERR,ERR,ERR,ERR,ERR,ERR,ERR,ERR,ERR,ERR,ERR,ERR,ERR,ERR,ERR,ERR,ERR,ERR,ERR,ERR,ERR,ERR,ERR,ERR,ERR,ERR,ERR,ERR,ERR,ERR,ERR,ERR,ERR,ERR,ERR,ERR,ERR,ERR,ERR,ERR,ERR,ERR,ERR,ERR,ERR,ERR,ERR,ERR,ERR,ERR,ERR,ERR,ERR,ERR,ERR,ERR,ERR,ERR,ERR,2.718430741444032e+23,2.7184312818759872e+23,0.0,0.0,0.0,1.3936040501711995e+18,7.805,0.0,0,0,4,0,7116,0.0,100,0.0,0.0,0.0,0.0,0.0,0,0,0,0,0.0,0,0,0,0,0,0,0,0,0,0,0,0,0,0,0,0,0,0,0,0,0,0,0,0,0,0,0,0,0,0,0,0,0,31,40,40,71,65476,0,300,0,0,8,21553,0.0,-107605600.0,0.0,0.0,0.0,0.0,0.0,0.0,0.0,0.0,0.0,0.0,0.0,0.0,0.0,0.0,0.0,0.0,0.0,0.0,0.0,0.0,0.0,-2.004,-2.004,0.0,0.0,0.0,0.0,0.0,6214.0,0.0,6912.0,2.718430741444032e+23,2.7184312818759872e+23,-0.0,2.718430741444032e+23,0.0,0.0,0.0,0.0,69,-0.0,126840930304.0,0.0,0.0,0.0,0.0,0.0,0.0,0.0,0,0,0,0.0,0.0,0.0,0.0,0.0,0.0,0.0,0.0,0.0,0.0,0.0,0.0,0.0,0.0,0.0,0.0,0,-107875648.0,69,0.0,138,0.0,-109447200.0,0,13107,17040,26215,17049,13107,17043,0,0,0,70,68,100,2.7302359370752657e+23,71.2,2.7302370179391762e+23,74.3,-0.0,74.0,1,49,50,180,13107,0,0,0,0.0,0.0,0.0,0.0,-0.0,67.0,0.0,162057.094,0.0,751,0,739,0,0,0,721,0,767,0,736,0,742,0,742,0,712,0,7520,0.032,108984795136.0,0.0,0.0,784,16797,-0.0,162057.094,-114818.039,-0.0,0.133,6.909358625270745e+28,30.0,65.0,35,0.0,0.0,0.0,0.0,0.0,0.0,0.0,0.0,0.0,0.0,0.0,0.0,0.0,0.0,0.0,0.0,69.2,0,150,71,55,65476,0,300,0,1,8,20529,65476,0,0,40632,65.0,0.0,0.0,0.0,0.0,0.0
2026-09-04T20:13:43,ERR,ERR,ERR,ERR,ERR,ERR,ERR,ERR,ERR,ERR,ERR,ERR,ERR,ERR,ERR,ERR,ERR,ERR,ERR,ERR,ERR,ERR,ERR,ERR,ERR,ERR,ERR,ERR,ERR,ERR,ERR,ERR,ERR,ERR,ERR,ERR,ERR,ERR,ERR,ERR,ERR,ERR,ERR,ERR,ERR,ERR,ERR,ERR,ERR,ERR,ERR,ERR,ERR,ERR,ERR,ERR,ERR,ERR,ERR,ERR,ERR,ERR,ERR,ERR,ERR,ERR,ERR,ERR,ERR,ERR,ERR,ERR,ERR,ERR,ERR,ERR,ERR,ERR,ERR,ERR,ERR,ERR,ERR,ERR,ERR,ERR,ERR,ERR,ERR,ERR,ERR,ERR,ERR,ERR,ERR,ERR,ERR,ERR,ERR,ERR,ERR,ERR,ERR,ERR,ERR,ERR,ERR,ERR,ERR,ERR,ERR,ERR,ERR,ERR,ERR,ERR,ERR,ERR,ERR,ERR,ERR,ERR,ERR,ERR,ERR,2.718430741444032e+23,2.7184312818759872e+23,0.0,0.0,0.0,1.3936040501711995e+18,7.805,0.0,0,0,4,0,7116,0.0,100,0.0,0.0,0.0,0.0,0.0,0,0,0,0,0.0,0,0,0,0,0,0,0,0,0,0,0,0,0,0,0,0,0,0,0,0,0,0,0,0,0,0,0,0,0,0,0,0,0,31,40,40,71,65476,0,300,0,0,8,21553,0.0,-107605600.0,0.0,0.0,0.0,0.0,0.0,0.0,0.0,0.0,0.0,0.0,0.0,0.0,0.0,0.0,0.0,0.0,0.0,0.0,0.0,0.0,0.0,-2.004,-2.004,0.0,0.0,0.0,0.0,0.0,6214.0,0.0,6912.0,2.718430741444032e+23,2.7184312818759872e+23,-0.0,2.718430741444032e+23,0.0,0.0,0.0,0.0,69,-0.0,126840930304.0,0.0,0.0,0.0,0.0,0.0,0.0,0.0,0,0,0,0.0,0.0,0.0,0.0,0.0,0.0,0.0,0.0,0.0,0.0,0.0,0.0,0.0,0.0,0.0,0.0,0,-107875648.0,69,0.0,138,0.0,-109447200.0,0,13107,17040,26215,17049,13107,17043,0,0,0,70,68,100,2.7302359370752657e+23,71.2,2.7302370179391762e+23,74.3,-0.0,74.0,1,49,50,180,13107,0,0,0,0.0,0.0,0.0,0.0,-0.0,67.0,0.0,162057.094,0.0,751,0,739,0,0,0,721,0,767,0,736,0,742,0,742,0,712,0,7520,0.032,108984795136.0,0.0,0.0,784,16797,-0.0,162057.094,-114818.039,-0.0,0.133,6.909358625270745e+28,30.0,65.0,35,0.0,0.0,0.0,0.0,0.0,0.0,0.0,0.0,0.0,0.0,0.0,0.0,0.0,0.0,0.0,0.0,69.2,0,150,71,55,65476,0,300,0,1,8,20529,65476,0,0,40632,65.0,0.0,0.0,0.0,0.0,0.0
2026-09-04T20:13:44,ERR,ERR,ERR,ERR,ERR,ERR,ERR,ERR,ERR,ERR,ERR,ERR,ERR,ERR,ERR,ERR,ERR,ERR,ERR,ERR,ERR,ERR,ERR,ERR,ERR,ERR,ERR,ERR,ERR,ERR,ERR,ERR,ERR,ERR,ERR,ERR,ERR,ERR,ERR,ERR,ERR,ERR,ERR,ERR,ERR,ERR,ERR,ERR,ERR,ERR,ERR,ERR,ERR,ERR,ERR,ERR,ERR,ERR,ERR,ERR,ERR,ERR,ERR,ERR,ERR,ERR,ERR,ERR,ERR,ERR,ERR,ERR,ERR,ERR,ERR,ERR,ERR,ERR,ERR,ERR,ERR,ERR,ERR,ERR,ERR,ERR,ERR,ERR,ERR,ERR,ERR,ERR,ERR,ERR,ERR,ERR,ERR,ERR,ERR,ERR,ERR,ERR,ERR,ERR,ERR,ERR,ERR,ERR,ERR,ERR,ERR,ERR,ERR,ERR,ERR,ERR,ERR,ERR,ERR,ERR,ERR,ERR,ERR,ERR,ERR,2.718430741444032e+23,2.7184312818759872e+23,0.0,0.0,0.0,1.3936040501711995e+18,7.805,0.0,0,0,4,0,7116,0.0,100,0.0,0.0,0.0,0.0,0.0,0,0,0,0,0.0,0,0,0,0,0,0,0,0,0,0,0,0,0,0,0,0,0,0,0,0,0,0,0,0,0,0,0,0,0,0,0,0,0,31,40,40,71,65476,0,300,0,0,8,21553,0.0,-107605600.0,0.0,0.0,0.0,0.0,0.0,0.0,0.0,0.0,0.0,0.0,0.0,0.0,0.0,0.0,0.0,0.0,0.0,0.0,0.0,0.0,0.0,-2.004,-2.004,0.0,0.0,0.0,0.0,0.0,6214.0,0.0,6912.0,2.718430741444032e+23,2.7184312818759872e+23,-0.0,2.718430741444032e+23,0.0,0.0,0.0,0.0,69,-0.0,126840930304.0,0.0,0.0,0.0,0.0,0.0,0.0,0.0,0,0,0,0.0,0.0,0.0,0.0,0.0,0.0,0.0,0.0,0.0,0.0,0.0,0.0,0.0,0.0,0.0,0.0,0,-107875648.0,69,0.0,138,0.0,-109447200.0,0,13107,17040,26215,17049,13107,17043,0,0,0,70,68,100,2.7302359370752657e+23,71.2,2.7302370179391762e+23,74.3,-0.0,74.0,1,49,50,180,13107,0,0,0,0.0,0.0,0.0,0.0,-0.0,67.0,0.0,162057.094,0.0,751,0,739,0,0,0,721,0,767,0,736,0,742,0,742,0,712,0,7520,0.032,108984795136.0,0.0,0.0,784,16797,-0.0,162057.094,-114818.039,-0.0,0.133,6.909358625270745e+28,30.0,65.0,35,0.0,0.0,0.0,0.0,0.0,0.0,0.0,0.0,0.0,0.0,0.0,0.0,0.0,0.0,0.0,0.0,69.2,0,150,71,55,65476,0,300,0,1,8,20529,65476,0,0,40632,65.0,0.0,0.0,0.0,0.0,0.0
2026-09-04T20:13:45,ERR,ERR,ERR,ERR,ERR,ERR,ERR,ERR,ERR,ERR,ERR,ERR,ERR,ERR,ERR,ERR,ERR,ERR,ERR,ERR,ERR,ERR,ERR,ERR,ERR,ERR,ERR,ERR,ERR,ERR,ERR,ERR,ERR,ERR,ERR,ERR,ERR,ERR,ERR,ERR,ERR,ERR,ERR,ERR,ERR,ERR,ERR,ERR,ERR,ERR,ERR,ERR,ERR,ERR,ERR,ERR,ERR,ERR,ERR,ERR,ERR,ERR,ERR,ERR,ERR,ERR,ERR,ERR,ERR,ERR,ERR,ERR,ERR,ERR,ERR,ERR,ERR,ERR,ERR,ERR,ERR,ERR,ERR,ERR,ERR,ERR,ERR,ERR,ERR,ERR,ERR,ERR,ERR,ERR,ERR,ERR,ERR,ERR,ERR,ERR,ERR,ERR,ERR,ERR,ERR,ERR,ERR,ERR,ERR,ERR,ERR,ERR,ERR,ERR,ERR,ERR,ERR,ERR,ERR,ERR,ERR,ERR,ERR,ERR,ERR,2.718430741444032e+23,2.7184312818759872e+23,0.0,0.0,0.0,1.3936040501711995e+18,7.805,0.0,0,0,4,0,7116,0.0,100,0.0,0.0,0.0,0.0,0.0,0,0,0,0,0.0,0,0,0,0,0,0,0,0,0,0,0,0,0,0,0,0,0,0,0,0,0,0,0,0,0,0,0,0,0,0,0,0,0,31,40,40,71,65476,0,300,0,0,8,21553,0.0,-107605600.0,0.0,0.0,0.0,0.0,0.0,0.0,0.0,0.0,0.0,0.0,0.0,0.0,0.0,0.0,0.0,0.0,0.0,0.0,0.0,0.0,0.0,-2.004,-2.004,0.0,0.0,0.0,0.0,0.0,6214.0,0.0,6912.0,2.718430741444032e+23,2.7184312818759872e+23,-0.0,2.718430741444032e+23,0.0,0.0,0.0,0.0,69,-0.0,126840930304.0,0.0,0.0,0.0,0.0,0.0,0.0,0.0,0,0,0,0.0,0.0,0.0,0.0,0.0,0.0,0.0,0.0,0.0,0.0,0.0,0.0,0.0,0.0,0.0,0.0,0,-107875648.0,69,0.0,138,0.0,-109447200.0,0,13107,17040,26215,17049,13107,17043,0,0,0,70,68,100,2.7302359370752657e+23,71.2,2.7302370179391762e+23,74.3,-0.0,74.0,1,49,50,180,13107,0,0,0,0.0,0.0,0.0,0.0,-0.0,67.0,0.0,162057.094,0.0,751,0,739,0,0,0,721,0,767,0,736,0,742,0,742,0,712,0,7520,0.032,108984795136.0,0.0,0.0,784,16797,-0.0,162057.094,-114818.039,-0.0,0.133,6.909358625270745e+28,30.0,65.0,35,0.0,0.0,0.0,0.0,0.0,0.0,0.0,0.0,0.0,0.0,0.0,0.0,0.0,0.0,0.0,0.0,69.2,0,150,71,55,65476,0,300,0,1,8,20529,65476,0,0,40632,65.0,0.0,0.0,0.0,0.0,0.0
2026-09-04T20:13:46,ERR,ERR,ERR,ERR,ERR,ERR,ERR,ERR,ERR,ERR,ERR,ERR,ERR,ERR,ERR,ERR,ERR,ERR,ERR,ERR,ERR,ERR,ERR,ERR,ERR,ERR,ERR,ERR,ERR,ERR,ERR,ERR,ERR,ERR,ERR,ERR,ERR,ERR,ERR,ERR,ERR,ERR,ERR,ERR,ERR,ERR,ERR,ERR,ERR,ERR,ERR,ERR,ERR,ERR,ERR,ERR,ERR,ERR,ERR,ERR,ERR,ERR,ERR,ERR,ERR,ERR,ERR,ERR,ERR,ERR,ERR,ERR,ERR,ERR,ERR,ERR,ERR,ERR,ERR,ERR,ERR,ERR,ERR,ERR,ERR,ERR,ERR,ERR,ERR,ERR,ERR,ERR,ERR,ERR,ERR,ERR,ERR,ERR,ERR,ERR,ERR,ERR,ERR,ERR,ERR,ERR,ERR,ERR,ERR,ERR,ERR,ERR,ERR,ERR,ERR,ERR,ERR,ERR,ERR,ERR,ERR,ERR,ERR,ERR,ERR,2.718430741444032e+23,2.7184312818759872e+23,0.0,0.0,0.0,1.3936040501711995e+18,7.805,0.0,0,0,4,0,7116,0.0,100,0.0,0.0,0.0,0.0,0.0,0,0,0,0,0.0,0,0,0,0,0,0,0,0,0,0,0,0,0,0,0,0,0,0,0,0,0,0,0,0,0,0,0,0,0,0,0,0,0,31,40,40,71,65476,0,300,0,0,8,21553,0.0,-107605600.0,0.0,0.0,0.0,0.0,0.0,0.0,0.0,0.0,0.0,0.0,0.0,0.0,0.0,0.0,0.0,0.0,0.0,0.0,0.0,0.0,0.0,-2.004,-2.004,0.0,0.0,0.0,0.0,0.0,6214.0,0.0,6912.0,2.718430741444032e+23,2.7184312818759872e+23,-0.0,2.718430741444032e+23,0.0,0.0,0.0,0.0,69,-0.0,126840930304.0,0.0,0.0,0.0,0.0,0.0,0.0,0.0,0,0,0,0.0,0.0,0.0,0.0,0.0,0.0,0.0,0.0,0.0,0.0,0.0,0.0,0.0,0.0,0.0,0.0,0,-107875648.0,69,0.0,138,0.0,-109447200.0,0,13107,17040,26215,17049,13107,17043,0,0,0,70,68,100,2.7302359370752657e+23,71.2,2.7302370179391762e+23,74.3,-0.0,74.0,1,49,50,180,13107,0,0,0,0.0,0.0,0.0,0.0,-0.0,67.0,0.0,162057.094,0.0,751,0,739,0,0,0,721,0,767,0,736,0,742,0,742,0,712,0,7520,0.032,108984795136.0,0.0,0.0,784,16797,-0.0,162057.094,-114818.039,-0.0,0.133,6.909358625270745e+28,30.0,65.0,35,0.0,0.0,0.0,0.0,0.0,0.0,0.0,0.0,0.0,0.0,0.0,0.0,0.0,0.0,0.0,0.0,69.2,0,150,71,55,65476,0,300,0,1,8,20529,65476,0,0,40632,65.0,0.0,0.0,0.0,0.0,0.0
2026-09-04T20:13:47,ERR,ERR,ERR,ERR,ERR,ERR,ERR,ERR,ERR,ERR,ERR,ERR,ERR,ERR,ERR,ERR,ERR,ERR,ERR,ERR,ERR,ERR,ERR,ERR,ERR,ERR,ERR,ERR,ERR,ERR,ERR,ERR,ERR,ERR,ERR,ERR,ERR,ERR,ERR,ERR,ERR,ERR,ERR,ERR,ERR,ERR,ERR,ERR,ERR,ERR,ERR,ERR,ERR,ERR,ERR,ERR,ERR,ERR,ERR,ERR,ERR,ERR,ERR,ERR,ERR,ERR,ERR,ERR,ERR,ERR,ERR,ERR,ERR,ERR,ERR,ERR,ERR,ERR,ERR,ERR,ERR,ERR,ERR,ERR,ERR,ERR,ERR,ERR,ERR,ERR,ERR,ERR,ERR,ERR,ERR,ERR,ERR,ERR,ERR,ERR,ERR,ERR,ERR,ERR,ERR,ERR,ERR,ERR,ERR,ERR,ERR,ERR,ERR,ERR,ERR,ERR,ERR,ERR,ERR,ERR,ERR,ERR,ERR,ERR,ERR,2.718430741444032e+23,2.7184312818759872e+23,0.0,0.0,0.0,1.3936040501711995e+18,7.805,0.0,0,0,4,0,7116,0.0,100,0.0,0.0,0.0,0.0,0.0,0,0,0,0,0.0,0,0,0,0,0,0,0,0,0,0,0,0,0,0,0,0,0,0,0,0,0,0,0,0,0,0,0,0,0,0,0,0,0,31,40,40,71,65476,0,300,0,0,8,21553,0.0,-107605600.0,0.0,0.0,0.0,0.0,0.0,0.0,0.0,0.0,0.0,0.0,0.0,0.0,0.0,0.0,0.0,0.0,0.0,0.0,0.0,0.0,0.0,-2.004,-2.004,0.0,0.0,0.0,0.0,0.0,6214.0,0.0,6912.0,2.718430741444032e+23,2.7184312818759872e+23,-0.0,2.718430741444032e+23,0.0,0.0,0.0,0.0,69,-0.0,126840930304.0,0.0,0.0,0.0,0.0,0.0,0.0,0.0,0,0,0,0.0,0.0,0.0,0.0,0.0,0.0,0.0,0.0,0.0,0.0,0.0,0.0,0.0,0.0,0.0,0.0,0,-107875648.0,69,0.0,138,0.0,-109447200.0,0,13107,17040,26215,17049,13107,17043,0,0,0,70,68,100,2.7302359370752657e+23,71.2,2.7302370179391762e+23,74.3,-0.0,74.0,1,49,50,180,13107,0,0,0,0.0,0.0,0.0,0.0,-0.0,67.0,0.0,162057.094,0.0,751,0,739,0,0,0,721,0,767,0,736,0,742,0,742,0,712,0,7520,0.032,108984795136.0,0.0,0.0,784,16797,-0.0,162057.094,-114818.039,-0.0,0.133,6.909358625270745e+28,30.0,65.0,35,0.0,0.0,0.0,0.0,0.0,0.0,0.0,0.0,0.0,0.0,0.0,0.0,0.0,0.0,0.0,0.0,69.2,0,150,71,55,65476,0,300,0,1,8,20529,65476,0,0,40632,65.0,0.0,0.0,0.0,0.0,0.0
2026-09-04T20:13:48,ERR,ERR,ERR,ERR,ERR,ERR,ERR,ERR,ERR,ERR,ERR,ERR,ERR,ERR,ERR,ERR,ERR,ERR,ERR,ERR,ERR,ERR,ERR,ERR,ERR,ERR,ERR,ERR,ERR,ERR,ERR,ERR,ERR,ERR,ERR,ERR,ERR,ERR,ERR,ERR,ERR,ERR,ERR,ERR,ERR,ERR,ERR,ERR,ERR,ERR,ERR,ERR,ERR,ERR,ERR,ERR,ERR,ERR,ERR,ERR,ERR,ERR,ERR,ERR,ERR,ERR,ERR,ERR,ERR,ERR,ERR,ERR,ERR,ERR,ERR,ERR,ERR,ERR,ERR,ERR,ERR,ERR,ERR,ERR,ERR,ERR,ERR,ERR,ERR,ERR,ERR,ERR,ERR,ERR,ERR,ERR,ERR,ERR,ERR,ERR,ERR,ERR,ERR,ERR,ERR,ERR,ERR,ERR,ERR,ERR,ERR,ERR,ERR,ERR,ERR,ERR,ERR,ERR,ERR,ERR,ERR,ERR,ERR,ERR,ERR,2.718430741444032e+23,2.7184312818759872e+23,0.0,0.0,0.0,1.3936040501711995e+18,7.805,0.0,0,0,4,0,7116,0.0,100,0.0,0.0,0.0,0.0,0.0,0,0,0,0,0.0,0,0,0,0,0,0,0,0,0,0,0,0,0,0,0,0,0,0,0,0,0,0,0,0,0,0,0,0,0,0,0,0,0,31,40,40,71,65476,0,300,0,0,8,21553,0.0,-107605600.0,0.0,0.0,0.0,0.0,0.0,0.0,0.0,0.0,0.0,0.0,0.0,0.0,0.0,0.0,0.0,0.0,0.0,0.0,0.0,0.0,0.0,-2.004,-2.004,0.0,0.0,0.0,0.0,0.0,6214.0,0.0,6912.0,2.718430741444032e+23,2.7184312818759872e+23,-0.0,2.718430741444032e+23,0.0,0.0,0.0,0.0,69,-0.0,126840930304.0,0.0,0.0,0.0,0.0,0.0,0.0,0.0,0,0,0,0.0,0.0,0.0,0.0,0.0,0.0,0.0,0.0,0.0,0.0,0.0,0.0,0.0,0.0,0.0,0.0,0,-107875648.0,69,0.0,138,0.0,-109447200.0,0,13107,17040,26215,17049,13107,17043,0,0,0,70,68,100,2.7302359370752657e+23,71.1,0.0,74.2,-0.0,74.0,1,49,50,180,13107,52429,0,0,0.0,0.0,0.0,0.0,-0.0,67.0,0.0,162057.094,0.0,751,0,739,0,0,0,721,0,767,0,736,0,742,0,742,0,712,0,7520,0.032,108984795136.0,0.0,0.0,784,16797,-0.0,162057.094,-114818.039,-0.0,0.133,6.909358625270745e+28,30.0,65.0,35,0.0,0.0,0.0,0.0,0.0,0.0,0.0,0.0,0.0,0.0,0.0,0.0,0.0,0.0,0.0,0.0,69.2,0,150,71,55,65476,0,300,0,1,8,20529,65476,0,0,40632,65.0,0.0,0.0,0.0,0.0,0.0
2026-09-04T20:13:49,ERR,ERR,ERR,ERR,ERR,ERR,ERR,ERR,ERR,ERR,ERR,ERR,ERR,ERR,ERR,ERR,ERR,ERR,ERR,ERR,ERR,ERR,ERR,ERR,ERR,ERR,ERR,ERR,ERR,ERR,ERR,ERR,ERR,ERR,ERR,ERR,ERR,ERR,ERR,ERR,ERR,ERR,ERR,ERR,ERR,ERR,ERR,ERR,ERR,ERR,ERR,ERR,ERR,ERR,ERR,ERR,ERR,ERR,ERR,ERR,ERR,ERR,ERR,ERR,ERR,ERR,ERR,ERR,ERR,ERR,ERR,ERR,ERR,ERR,ERR,ERR,ERR,ERR,ERR,ERR,ERR,ERR,ERR,ERR,ERR,ERR,ERR,ERR,ERR,ERR,ERR,ERR,ERR,ERR,ERR,ERR,ERR,ERR,ERR,ERR,ERR,ERR,ERR,ERR,ERR,ERR,ERR,ERR,ERR,ERR,ERR,ERR,ERR,ERR,ERR,ERR,ERR,ERR,ERR,ERR,ERR,ERR,ERR,ERR,ERR,2.718430741444032e+23,2.7184312818759872e+23,0.0,0.0,0.0,1.3936040501711995e+18,7.805,0.0,0,0,4,0,7116,0.0,100,0.0,0.0,0.0,0.0,0.0,0,0,0,0,0.0,0,0,0,0,0,0,0,0,0,0,0,0,0,0,0,0,0,0,0,0,0,0,0,0,0,0,0,0,0,0,0,0,0,31,40,40,71,65476,0,300,0,0,8,21553,0.0,-107605600.0,0.0,0.0,0.0,0.0,0.0,0.0,0.0,0.0,0.0,0.0,0.0,0.0,0.0,0.0,0.0,0.0,0.0,0.0,0.0,0.0,0.0,-2.004,-2.004,0.0,0.0,0.0,0.0,0.0,6180.0,0.0,6916.0,2.718430741444032e+23,2.7184312818759872e+23,-0.0,2.718430741444032e+23,0.0,0.0,0.0,0.0,69,3.222031544164523e+26,0.0,0.0,0.0,0.0,0.0,0.0,0.0,0.0,0,0,0,0.0,0.0,0.0,0.0,0.0,0.0,0.0,0.0,0.0,0.0,0.0,0.0,0.0,0.0,0.0,0.0,0,-107875648.0,69,0.0,138,0.0,-109447200.0,0,13107,17040,26215,17049,13107,17043,0,0,0,70,68,100,2.7302359370752657e+23,71.1,0.0,74.2,-0.0,74.0,1,49,50,180,13107,52429,0,0,0.0,0.0,0.0,0.0,-0.0,67.0,0.0,162057.094,0.0,751,0,739,0,0,0,721,0,767,0,736,0,742,0,742,0,712,0,7520,0.032,108984795136.0,0.0,0.0,784,16797,-0.0,162057.094,-114818.039,-0.0,0.133,6.909358625270745e+28,30.0,65.0,35,0.0,0.0,0.0,0.0,0.0,0.0,0.0,0.0,0.0,0.0,0.0,0.0,0.0,0.0,0.0,0.0,69.2,0,150,71,55,65476,0,300,0,1,8,20529,65476,0,0,40632,65.0,0.0,0.0,0.0,0.0,0.0
2026-09-04T20:13:50,ERR,ERR,ERR,ERR,ERR,ERR,ERR,ERR,ERR,ERR,ERR,ERR,ERR,ERR,ERR,ERR,ERR,ERR,ERR,ERR,ERR,ERR,ERR,ERR,ERR,ERR,ERR,ERR,ERR,ERR,ERR,ERR,ERR,ERR,ERR,ERR,ERR,ERR,ERR,ERR,ERR,ERR,ERR,ERR,ERR,ERR,ERR,ERR,ERR,ERR,ERR,ERR,ERR,ERR,ERR,ERR,ERR,ERR,ERR,ERR,ERR,ERR,ERR,ERR,ERR,ERR,ERR,ERR,ERR,ERR,ERR,ERR,ERR,ERR,ERR,ERR,ERR,ERR,ERR,ERR,ERR,ERR,ERR,ERR,ERR,ERR,ERR,ERR,ERR,ERR,ERR,ERR,ERR,ERR,ERR,ERR,ERR,ERR,ERR,ERR,ERR,ERR,ERR,ERR,ERR,ERR,ERR,ERR,ERR,ERR,ERR,ERR,ERR,ERR,ERR,ERR,ERR,ERR,ERR,ERR,ERR,ERR,ERR,ERR,ERR,2.718430741444032e+23,2.7184312818759872e+23,0.0,0.0,0.0,1.3936040501711995e+18,7.805,0.0,0,0,4,0,7116,0.0,100,0.0,0.0,0.0,0.0,0.0,0,0,0,0,0.0,0,0,0,0,0,0,0,0,0,0,0,0,0,0,0,0,0,0,0,0,0,0,0,0,0,0,0,0,0,0,0,0,0,31,40,40,71,65476,0,300,0,0,8,21553,0.0,-107605600.0,0.0,0.0,0.0,0.0,0.0,0.0,0.0,0.0,0.0,0.0,0.0,0.0,0.0,0.0,0.0,0.0,0.0,0.0,0.0,0.0,0.0,-2.004,-2.004,0.0,0.0,0.0,0.0,0.0,6180.0,0.0,6916.0,2.718430741444032e+23,2.7184312818759872e+23,-0.0,2.718430741444032e+23,0.0,0.0,0.0,0.0,69,3.222031544164523e+26,0.0,0.0,0.0,0.0,0.0,0.0,0.0,0.0,0,0,0,0.0,0.0,0.0,0.0,0.0,0.0,0.0,0.0,0.0,0.0,0.0,0.0,0.0,0.0,0.0,0.0,0,-107875648.0,69,0.0,138,0.0,-109447200.0,0,13107,17040,26215,17049,13107,17043,0,0,0,70,68,100,2.7302359370752657e+23,71.1,0.0,74.2,-0.0,74.0,1,49,50,180,13107,52429,0,0,0.0,0.0,0.0,0.0,-0.0,67.0,0.0,162057.094,0.0,751,0,739,0,0,0,721,0,767,0,736,0,742,0,742,0,712,0,7520,0.032,108984795136.0,0.0,0.0,784,16797,-0.0,162057.094,-114818.039,-0.0,0.133,6.909358625270745e+28,30.0,65.0,35,0.0,0.0,0.0,0.0,0.0,0.0,0.0,0.0,0.0,0.0,0.0,0.0,0.0,0.0,0.0,0.0,69.2,0,150,71,55,65476,0,300,0,1,8,20529,65476,0,0,40632,65.0,0.0,0.0,0.0,0.0,0.0
2026-09-04T20:13:51,ERR,ERR,ERR,ERR,ERR,ERR,ERR,ERR,ERR,ERR,ERR,ERR,ERR,ERR,ERR,ERR,ERR,ERR,ERR,ERR,ERR,ERR,ERR,ERR,ERR,ERR,ERR,ERR,ERR,ERR,ERR,ERR,ERR,ERR,ERR,ERR,ERR,ERR,ERR,ERR,ERR,ERR,ERR,ERR,ERR,ERR,ERR,ERR,ERR,ERR,ERR,ERR,ERR,ERR,ERR,ERR,ERR,ERR,ERR,ERR,ERR,ERR,ERR,ERR,ERR,ERR,ERR,ERR,ERR,ERR,ERR,ERR,ERR,ERR,ERR,ERR,ERR,ERR,ERR,ERR,ERR,ERR,ERR,ERR,ERR,ERR,ERR,ERR,ERR,ERR,ERR,ERR,ERR,ERR,ERR,ERR,ERR,ERR,ERR,ERR,ERR,ERR,ERR,ERR,ERR,ERR,ERR,ERR,ERR,ERR,ERR,ERR,ERR,ERR,ERR,ERR,ERR,ERR,ERR,ERR,ERR,ERR,ERR,ERR,ERR,2.718430741444032e+23,2.7184312818759872e+23,0.0,0.0,0.0,1.3936040501711995e+18,7.805,0.0,0,0,4,0,7116,0.0,100,0.0,0.0,0.0,0.0,0.0,0,0,0,0,0.0,0,0,0,0,0,0,0,0,0,0,0,0,0,0,0,0,0,0,0,0,0,0,0,0,0,0,0,0,0,0,0,0,0,31,40,40,71,65476,0,300,0,0,8,21553,0.0,-107605600.0,0.0,0.0,0.0,0.0,0.0,0.0,0.0,0.0,0.0,0.0,0.0,0.0,0.0,0.0,0.0,0.0,0.0,0.0,0.0,0.0,0.0,-2.004,-2.004,0.0,0.0,0.0,0.0,0.0,6180.0,0.0,6916.0,2.718430741444032e+23,2.7184312818759872e+23,-0.0,2.718430741444032e+23,0.0,0.0,0.0,0.0,69,3.222031544164523e+26,0.0,0.0,0.0,0.0,0.0,0.0,0.0,0.0,0,0,0,0.0,0.0,0.0,0.0,0.0,0.0,0.0,0.0,0.0,0.0,0.0,0.0,0.0,0.0,0.0,0.0,0,-107875648.0,69,0.0,138,0.0,-109447200.0,0,13107,17040,26215,17049,13107,17043,0,0,0,70,68,100,2.7302359370752657e+23,71.1,0.0,74.2,-0.0,74.0,1,49,50,180,13107,52429,0,0,0.0,0.0,0.0,0.0,-0.0,67.0,0.0,162057.094,0.0,751,0,739,0,0,0,721,0,767,0,736,0,742,0,742,0,712,0,7520,0.032,108984795136.0,0.0,0.0,784,16797,-0.0,162057.094,-114818.039,-0.0,0.133,6.909358625270745e+28,30.0,65.0,35,0.0,0.0,0.0,0.0,0.0,0.0,0.0,0.0,0.0,0.0,0.0,0.0,0.0,0.0,0.0,0.0,69.2,0,150,71,55,65476,0,300,0,1,8,20529,65476,0,0,40632,65.0,0.0,0.0,0.0,0.0,0.0
2026-09-04T20:13:52,ERR,ERR,ERR,ERR,ERR,ERR,ERR,ERR,ERR,ERR,ERR,ERR,ERR,ERR,ERR,ERR,ERR,ERR,ERR,ERR,ERR,ERR,ERR,ERR,ERR,ERR,ERR,ERR,ERR,ERR,ERR,ERR,ERR,ERR,ERR,ERR,ERR,ERR,ERR,ERR,ERR,ERR,ERR,ERR,ERR,ERR,ERR,ERR,ERR,ERR,ERR,ERR,ERR,ERR,ERR,ERR,ERR,ERR,ERR,ERR,ERR,ERR,ERR,ERR,ERR,ERR,ERR,ERR,ERR,ERR,ERR,ERR,ERR,ERR,ERR,ERR,ERR,ERR,ERR,ERR,ERR,ERR,ERR,ERR,ERR,ERR,ERR,ERR,ERR,ERR,ERR,ERR,ERR,ERR,ERR,ERR,ERR,ERR,ERR,ERR,ERR,ERR,ERR,ERR,ERR,ERR,ERR,ERR,ERR,ERR,ERR,ERR,ERR,ERR,ERR,ERR,ERR,ERR,ERR,ERR,ERR,ERR,ERR,ERR,ERR,2.718430741444032e+23,2.7184312818759872e+23,0.0,0.0,0.0,1.3936040501711995e+18,7.805,0.0,0,0,4,0,7116,0.0,100,0.0,0.0,0.0,0.0,0.0,0,0,0,0,0.0,0,0,0,0,0,0,0,0,0,0,0,0,0,0,0,0,0,0,0,0,0,0,0,0,0,0,0,0,0,0,0,0,0,31,40,40,71,65476,0,300,0,0,8,21553,0.0,-107605600.0,0.0,0.0,0.0,0.0,0.0,0.0,0.0,0.0,0.0,0.0,0.0,0.0,0.0,0.0,0.0,0.0,0.0,0.0,0.0,0.0,0.0,-2.004,-2.004,0.0,0.0,0.0,0.0,0.0,6180.0,0.0,6916.0,2.718430741444032e+23,2.7184312818759872e+23,-0.0,2.718430741444032e+23,0.0,0.0,0.0,0.0,69,3.222031544164523e+26,0.0,0.0,0.0,0.0,0.0,0.0,0.0,0.0,0,0,0,0.0,0.0,0.0,0.0,0.0,0.0,0.0,0.0,0.0,0.0,0.0,0.0,0.0,0.0,0.0,0.0,0,-107875648.0,69,0.0,138,0.0,-109447200.0,0,13107,17040,26215,17049,13107,17043,0,0,0,70,68,100,2.7302359370752657e+23,71.1,0.0,74.2,-0.0,74.0,1,49,50,180,13107,52429,0,0,0.0,0.0,0.0,0.0,-0.0,67.0,0.0,162057.094,0.0,751,0,739,0,0,0,721,0,767,0,736,0,742,0,742,0,712,0,7520,0.032,108984795136.0,0.0,0.0,784,16797,-0.0,162057.094,-114818.039,-0.0,0.133,6.909358625270745e+28,30.0,65.0,35,0.0,0.0,0.0,0.0,0.0,0.0,0.0,0.0,0.0,0.0,0.0,0.0,0.0,0.0,0.0,0.0,69.2,0,150,71,55,65476,0,300,0,1,8,20529,65476,0,0,40632,65.0,0.0,0.0,0.0,0.0,0.0
2026-09-04T20:13:53,ERR,ERR,ERR,ERR,ERR,ERR,ERR,ERR,ERR,ERR,ERR,ERR,ERR,ERR,ERR,ERR,ERR,ERR,ERR,ERR,ERR,ERR,ERR,ERR,ERR,ERR,ERR,ERR,ERR,ERR,ERR,ERR,ERR,ERR,ERR,ERR,ERR,ERR,ERR,ERR,ERR,ERR,ERR,ERR,ERR,ERR,ERR,ERR,ERR,ERR,ERR,ERR,ERR,ERR,ERR,ERR,ERR,ERR,ERR,ERR,ERR,ERR,ERR,ERR,ERR,ERR,ERR,ERR,ERR,ERR,ERR,ERR,ERR,ERR,ERR,ERR,ERR,ERR,ERR,ERR,ERR,ERR,ERR,ERR,ERR,ERR,ERR,ERR,ERR,ERR,ERR,ERR,ERR,ERR,ERR,ERR,ERR,ERR,ERR,ERR,ERR,ERR,ERR,ERR,ERR,ERR,ERR,ERR,ERR,ERR,ERR,ERR,ERR,ERR,ERR,ERR,ERR,ERR,ERR,ERR,ERR,ERR,ERR,ERR,ERR,2.718430741444032e+23,2.7184312818759872e+23,0.0,0.0,0.0,1.3936040501711995e+18,7.805,0.0,0,0,4,0,7116,0.0,100,0.0,0.0,0.0,0.0,0.0,0,0,0,0,0.0,0,0,0,0,0,0,0,0,0,0,0,0,0,0,0,0,0,0,0,0,0,0,0,0,0,0,0,0,0,0,0,0,0,31,40,40,71,65476,0,300,0,0,8,21553,0.0,-107605600.0,0.0,0.0,0.0,0.0,0.0,0.0,0.0,0.0,0.0,0.0,0.0,0.0,0.0,0.0,0.0,0.0,0.0,0.0,0.0,0.0,0.0,-2.004,-2.004,0.0,0.0,0.0,0.0,0.0,6180.0,0.0,6916.0,2.718430741444032e+23,2.7184312818759872e+23,-0.0,2.718430741444032e+23,0.0,0.0,0.0,0.0,69,3.222031544164523e+26,0.0,0.0,0.0,0.0,0.0,0.0,0.0,0.0,0,0,0,0.0,0.0,0.0,0.0,0.0,0.0,0.0,0.0,0.0,0.0,0.0,0.0,0.0,0.0,0.0,0.0,0,-107875648.0,69,0.0,138,0.0,-109447200.0,0,13107,17040,26215,17049,26215,17043,0,0,0,70,68,100,2.7302359370752657e+23,71.2,2.7302370179391762e+23,74.2,2.7302370179391762e+23,74.0,1,49,50,180,13107,52429,0,0,0.0,0.0,0.0,0.0,-0.0,67.0,0.0,162057.094,0.0,751,0,739,0,0,0,721,0,767,0,736,0,743,0,741,0,712,0,7520,0.032,107911053312.0,0.0,0.0,784,16797,-0.0,162057.094,-114818.039,-0.0,0.133,6.909358625270745e+28,30.0,65.0,35,0.0,0.0,0.0,0.0,0.0,0.0,0.0,0.0,0.0,0.0,0.0,0.0,0.0,0.0,0.0,0.0,69.2,0,150,71,55,65476,0,300,0,1,8,20529,65476,0,0,40632,65.0,0.0,0.0,0.0,0.0,0.0
2026-09-04T20:13:54,ERR,ERR,ERR,ERR,ERR,ERR,ERR,ERR,ERR,ERR,ERR,ERR,ERR,ERR,ERR,ERR,ERR,ERR,ERR,ERR,ERR,ERR,ERR,ERR,ERR,ERR,ERR,ERR,ERR,ERR,ERR,ERR,ERR,ERR,ERR,ERR,ERR,ERR,ERR,ERR,ERR,ERR,ERR,ERR,ERR,ERR,ERR,ERR,ERR,ERR,ERR,ERR,ERR,ERR,ERR,ERR,ERR,ERR,ERR,ERR,ERR,ERR,ERR,ERR,ERR,ERR,ERR,ERR,ERR,ERR,ERR,ERR,ERR,ERR,ERR,ERR,ERR,ERR,ERR,ERR,ERR,ERR,ERR,ERR,ERR,ERR,ERR,ERR,ERR,ERR,ERR,ERR,ERR,ERR,ERR,ERR,ERR,ERR,ERR,ERR,ERR,ERR,ERR,ERR,ERR,ERR,ERR,ERR,ERR,ERR,ERR,ERR,ERR,ERR,ERR,ERR,ERR,ERR,ERR,ERR,ERR,ERR,ERR,ERR,ERR,2.718430741444032e+23,2.7184312818759872e+23,0.0,0.0,0.0,1.3936040501711995e+18,7.805,0.0,0,0,4,0,7116,0.0,100,0.0,0.0,0.0,0.0,0.0,0,0,0,0,0.0,0,0,0,0,0,0,0,0,0,0,0,0,0,0,0,0,0,0,0,0,0,0,0,0,0,0,0,0,0,0,0,0,0,31,40,40,71,65476,0,300,0,0,8,21553,0.0,-107605600.0,0.0,0.0,0.0,0.0,0.0,0.0,0.0,0.0,0.0,0.0,0.0,0.0,0.0,0.0,0.0,0.0,0.0,0.0,0.0,0.0,0.0,-2.004,-2.004,0.0,0.0,0.0,0.0,0.0,6180.0,0.0,6916.0,2.718430741444032e+23,2.7184312818759872e+23,-0.0,2.718430741444032e+23,0.0,0.0,0.0,0.0,69,3.222031544164523e+26,0.0,0.0,0.0,0.0,0.0,0.0,0.0,0.0,0,0,0,0.0,0.0,0.0,0.0,0.0,0.0,0.0,0.0,0.0,0.0,0.0,0.0,0.0,0.0,0.0,0.0,0,-107875648.0,69,0.0,138,0.0,-109447200.0,0,13107,17040,26215,17049,26215,17043,0,0,0,70,68,100,2.7302359370752657e+23,71.2,2.7302370179391762e+23,74.2,2.7302370179391762e+23,74.0,1,49,50,180,13107,52429,0,0,0.0,0.0,0.0,0.0,-0.0,67.0,0.0,162057.094,0.0,751,0,739,0,0,0,721,0,767,0,736,0,743,0,741,0,712,0,7520,0.032,107911053312.0,0.0,0.0,784,16797,-0.0,162057.094,-114818.039,-0.0,0.133,6.909358625270745e+28,30.0,65.0,35,0.0,0.0,0.0,0.0,0.0,0.0,0.0,0.0,0.0,0.0,0.0,0.0,0.0,0.0,0.0,0.0,69.2,0,150,71,55,65476,0,300,0,1,8,20529,65476,0,0,40632,65.0,0.0,0.0,0.0,0.0,0.0
2026-09-04T20:13:55,ERR,ERR,ERR,ERR,ERR,ERR,ERR,ERR,ERR,ERR,ERR,ERR,ERR,ERR,ERR,ERR,ERR,ERR,ERR,ERR,ERR,ERR,ERR,ERR,ERR,ERR,ERR,ERR,ERR,ERR,ERR,ERR,ERR,ERR,ERR,ERR,ERR,ERR,ERR,ERR,ERR,ERR,ERR,ERR,ERR,ERR,ERR,ERR,ERR,ERR,ERR,ERR,ERR,ERR,ERR,ERR,ERR,ERR,ERR,ERR,ERR,ERR,ERR,ERR,ERR,ERR,ERR,ERR,ERR,ERR,ERR,ERR,ERR,ERR,ERR,ERR,ERR,ERR,ERR,ERR,ERR,ERR,ERR,ERR,ERR,ERR,ERR,ERR,ERR,ERR,ERR,ERR,ERR,ERR,ERR,ERR,ERR,ERR,ERR,ERR,ERR,ERR,ERR,ERR,ERR,ERR,ERR,ERR,ERR,ERR,ERR,ERR,ERR,ERR,ERR,ERR,ERR,ERR,ERR,ERR,ERR,ERR,ERR,ERR,ERR,2.718430741444032e+23,2.7184312818759872e+23,0.0,0.0,0.0,1.3936040501711995e+18,7.805,0.0,0,0,4,0,7116,0.0,100,0.0,0.0,0.0,0.0,0.0,0,0,0,0,0.0,0,0,0,0,0,0,0,0,0,0,0,0,0,0,0,0,0,0,0,0,0,0,0,0,0,0,0,0,0,0,0,0,0,31,40,40,71,65476,0,300,0,0,8,21553,0.0,-107605600.0,0.0,0.0,0.0,0.0,0.0,0.0,0.0,0.0,0.0,0.0,0.0,0.0,0.0,0.0,0.0,0.0,0.0,0.0,0.0,0.0,0.0,-2.004,-2.004,0.0,0.0,0.0,0.0,0.0,6180.0,0.0,6916.0,2.718430741444032e+23,2.7184312818759872e+23,-0.0,2.718430741444032e+23,0.0,0.0,0.0,0.0,69,3.222031544164523e+26,0.0,0.0,0.0,0.0,0.0,0.0,0.0,0.0,0,0,0,0.0,0.0,0.0,0.0,0.0,0.0,0.0,0.0,0.0,0.0,0.0,0.0,0.0,0.0,0.0,0.0,0,-107875648.0,69,0.0,138,0.0,-109447200.0,0,13107,17040,26215,17049,26215,17043,0,0,0,70,68,100,2.7302359370752657e+23,71.2,2.7302370179391762e+23,74.2,2.7302370179391762e+23,74.0,1,49,50,180,13107,52429,0,0,0.0,0.0,0.0,0.0,-0.0,67.0,0.0,162057.094,0.0,751,0,739,0,0,0,721,0,767,0,736,0,743,0,741,0,712,0,7520,0.032,107911053312.0,0.0,0.0,784,16797,-0.0,162057.094,-114818.039,-0.0,0.133,6.909358625270745e+28,30.0,65.0,35,0.0,0.0,0.0,0.0,0.0,0.0,0.0,0.0,0.0,0.0,0.0,0.0,0.0,0.0,0.0,0.0,69.2,0,150,71,55,65476,0,300,0,1,8,20529,65476,0,0,40632,65.0,0.0,0.0,0.0,0.0,0.0
2026-09-04T20:13:56,ERR,ERR,ERR,ERR,ERR,ERR,ERR,ERR,ERR,ERR,ERR,ERR,ERR,ERR,ERR,ERR,ERR,ERR,ERR,ERR,ERR,ERR,ERR,ERR,ERR,ERR,ERR,ERR,ERR,ERR,ERR,ERR,ERR,ERR,ERR,ERR,ERR,ERR,ERR,ERR,ERR,ERR,ERR,ERR,ERR,ERR,ERR,ERR,ERR,ERR,ERR,ERR,ERR,ERR,ERR,ERR,ERR,ERR,ERR,ERR,ERR,ERR,ERR,ERR,ERR,ERR,ERR,ERR,ERR,ERR,ERR,ERR,ERR,ERR,ERR,ERR,ERR,ERR,ERR,ERR,ERR,ERR,ERR,ERR,ERR,ERR,ERR,ERR,ERR,ERR,ERR,ERR,ERR,ERR,ERR,ERR,ERR,ERR,ERR,ERR,ERR,ERR,ERR,ERR,ERR,ERR,ERR,ERR,ERR,ERR,ERR,ERR,ERR,ERR,ERR,ERR,ERR,ERR,ERR,ERR,ERR,ERR,ERR,ERR,ERR,2.718430741444032e+23,2.7184312818759872e+23,0.0,0.0,0.0,1.3936040501711995e+18,7.805,0.0,0,0,4,0,7116,0.0,100,0.0,0.0,0.0,0.0,0.0,0,0,0,0,0.0,0,0,0,0,0,0,0,0,0,0,0,0,0,0,0,0,0,0,0,0,0,0,0,0,0,0,0,0,0,0,0,0,0,31,40,40,71,65476,0,300,0,0,8,21553,0.0,-107605600.0,0.0,0.0,0.0,0.0,0.0,0.0,0.0,0.0,0.0,0.0,0.0,0.0,0.0,0.0,0.0,0.0,0.0,0.0,0.0,0.0,0.0,-2.004,-2.004,0.0,0.0,0.0,0.0,0.0,6146.0,-0.0,6932.0,2.718430741444032e+23,2.7184312818759872e+23,-0.0,2.718430741444032e+23,0.0,0.0,0.0,0.0,69,5.848086582142772e+35,-0.0,0.0,0.0,0.0,0.0,0.0,0.0,0.0,0,0,0,0.0,0.0,0.0,0.0,0.0,0.0,0.0,0.0,0.0,0.0,0.0,0.0,0.0,0.0,0.0,0.0,0,-107875648.0,69,0.0,138,0.0,-109447200.0,0,13107,17040,26215,17049,26215,17043,0,0,0,70,68,100,2.7302359370752657e+23,71.2,2.7302370179391762e+23,74.2,2.7302370179391762e+23,74.0,1,49,50,180,13107,52429,0,0,0.0,0.0,0.0,0.0,-0.0,67.0,0.0,162057.094,0.0,751,0,739,0,0,0,721,0,767,0,736,0,743,0,741,0,712,0,7520,0.032,107911053312.0,0.0,0.0,784,16797,-0.0,162057.094,-114818.039,-0.0,0.133,6.909358625270745e+28,30.0,65.0,35,0.0,0.0,0.0,0.0,0.0,0.0,0.0,0.0,0.0,0.0,0.0,0.0,0.0,0.0,0.0,0.0,69.2,0,150,71,55,65476,0,300,0,1,8,20529,65476,0,0,40632,65.0,0.0,0.0,0.0,0.0,0.0
2026-09-04T20:13:57,ERR,ERR,ERR,ERR,ERR,ERR,ERR,ERR,ERR,ERR,ERR,ERR,ERR,ERR,ERR,ERR,ERR,ERR,ERR,ERR,ERR,ERR,ERR,ERR,ERR,ERR,ERR,ERR,ERR,ERR,ERR,ERR,ERR,ERR,ERR,ERR,ERR,ERR,ERR,ERR,ERR,ERR,ERR,ERR,ERR,ERR,ERR,ERR,ERR,ERR,ERR,ERR,ERR,ERR,ERR,ERR,ERR,ERR,ERR,ERR,ERR,ERR,ERR,ERR,ERR,ERR,ERR,ERR,ERR,ERR,ERR,ERR,ERR,ERR,ERR,ERR,ERR,ERR,ERR,ERR,ERR,ERR,ERR,ERR,ERR,ERR,ERR,ERR,ERR,ERR,ERR,ERR,ERR,ERR,ERR,ERR,ERR,ERR,ERR,ERR,ERR,ERR,ERR,ERR,ERR,ERR,ERR,ERR,ERR,ERR,ERR,ERR,ERR,ERR,ERR,ERR,ERR,ERR,ERR,ERR,ERR,ERR,ERR,ERR,ERR,2.718430741444032e+23,2.7184312818759872e+23,0.0,0.0,0.0,1.3936040501711995e+18,7.805,0.0,0,0,4,0,7116,0.0,100,0.0,0.0,0.0,0.0,0.0,0,0,0,0,0.0,0,0,0,0,0,0,0,0,0,0,0,0,0,0,0,0,0,0,0,0,0,0,0,0,0,0,0,0,0,0,0,0,0,31,40,40,71,65476,0,300,0,0,8,21553,0.0,-107605600.0,0.0,0.0,0.0,0.0,0.0,0.0,0.0,0.0,0.0,0.0,0.0,0.0,0.0,0.0,0.0,0.0,0.0,0.0,0.0,0.0,0.0,-2.004,-2.004,0.0,0.0,0.0,0.0,0.0,6146.0,-0.0,6932.0,2.718430741444032e+23,2.7184312818759872e+23,-0.0,2.718430741444032e+23,0.0,0.0,0.0,0.0,69,5.848086582142772e+35,-0.0,0.0,0.0,0.0,0.0,0.0,0.0,0.0,0,0,0,0.0,0.0,0.0,0.0,0.0,0.0,0.0,0.0,0.0,0.0,0.0,0.0,0.0,0.0,0.0,0.0,0,-107875648.0,69,0.0,138,0.0,-109447200.0,0,13107,17040,26215,17049,26215,17043,0,0,0,70,68,100,2.7302359370752657e+23,71.2,2.7302370179391762e+23,74.2,2.7302370179391762e+23,74.0,1,49,50,180,13107,52429,0,0,0.0,0.0,0.0,0.0,-0.0,67.0,0.0,162057.094,0.0,751,0,739,0,0,0,721,0,767,0,736,0,743,0,741,0,712,0,7520,0.032,107911053312.0,0.0,0.0,784,16797,-0.0,162057.094,-114818.039,-0.0,0.133,6.909358625270745e+28,30.0,65.0,35,0.0,0.0,0.0,0.0,0.0,0.0,0.0,0.0,0.0,0.0,0.0,0.0,0.0,0.0,0.0,0.0,69.2,0,150,71,55,65476,0,300,0,1,8,20529,65476,0,0,40632,65.0,0.0,0.0,0.0,0.0,0.0
2026-09-04T20:13:58,ERR,ERR,ERR,ERR,ERR,ERR,ERR,ERR,ERR,ERR,ERR,ERR,ERR,ERR,ERR,ERR,ERR,ERR,ERR,ERR,ERR,ERR,ERR,ERR,ERR,ERR,ERR,ERR,ERR,ERR,ERR,ERR,ERR,ERR,ERR,ERR,ERR,ERR,ERR,ERR,ERR,ERR,ERR,ERR,ERR,ERR,ERR,ERR,ERR,ERR,ERR,ERR,ERR,ERR,ERR,ERR,ERR,ERR,ERR,ERR,ERR,ERR,ERR,ERR,ERR,ERR,ERR,ERR,ERR,ERR,ERR,ERR,ERR,ERR,ERR,ERR,ERR,ERR,ERR,ERR,ERR,ERR,ERR,ERR,ERR,ERR,ERR,ERR,ERR,ERR,ERR,ERR,ERR,ERR,ERR,ERR,ERR,ERR,ERR,ERR,ERR,ERR,ERR,ERR,ERR,ERR,ERR,ERR,ERR,ERR,ERR,ERR,ERR,ERR,ERR,ERR,ERR,ERR,ERR,ERR,ERR,ERR,ERR,ERR,ERR,2.718430741444032e+23,2.7184312818759872e+23,0.0,0.0,0.0,1.3936040501711995e+18,7.805,0.0,0,0,4,0,7116,0.0,100,0.0,0.0,0.0,0.0,0.0,0,0,0,0,0.0,0,0,0,0,0,0,0,0,0,0,0,0,0,0,0,0,0,0,0,0,0,0,0,0,0,0,0,0,0,0,0,0,0,31,40,40,71,65476,0,300,0,0,8,21553,0.0,-107605600.0,0.0,0.0,0.0,0.0,0.0,0.0,0.0,0.0,0.0,0.0,0.0,0.0,0.0,0.0,0.0,0.0,0.0,0.0,0.0,0.0,0.0,-2.004,-2.004,0.0,0.0,0.0,0.0,0.0,6146.0,-0.0,6932.0,2.718430741444032e+23,2.7184312818759872e+23,-0.0,2.718430741444032e+23,0.0,0.0,0.0,0.0,69,5.848086582142772e+35,-0.0,0.0,0.0,0.0,0.0,0.0,0.0,0.0,0,0,0,0.0,0.0,0.0,0.0,0.0,0.0,0.0,0.0,0.0,0.0,0.0,0.0,0.0,0.0,0.0,0.0,0,-107875648.0,69,0.0,138,0.0,-109447200.0,0,13107,17040,26215,17049,13107,17043,0,0,0,70,68,100,2.7302359370752657e+23,71.1,0.0,74.2,2.7302370179391762e+23,74.0,1,49,50,180,13107,52429,0,0,0.0,0.0,0.0,0.0,-0.0,67.0,0.0,162057.094,0.0,751,0,739,0,0,0,721,0,767,0,736,0,742,0,742,0,712,0,7520,0.032,108447924224.0,0.0,0.0,784,16797,-0.0,162057.094,-114818.039,-0.0,0.133,6.909358625270745e+28,30.0,65.0,35,0.0,0.0,0.0,0.0,0.0,0.0,0.0,0.0,0.0,0.0,0.0,0.0,0.0,0.0,0.0,0.0,69.2,0,150,71,55,65476,0,300,0,1,8,20529,65476,0,0,40632,65.0,0.0,0.0,0.0,0.0,0.0
2026-09-04T20:13:59,ERR,ERR,ERR,ERR,ERR,ERR,ERR,ERR,ERR,ERR,ERR,ERR,ERR,ERR,ERR,ERR,ERR,ERR,ERR,ERR,ERR,ERR,ERR,ERR,ERR,ERR,ERR,ERR,ERR,ERR,ERR,ERR,ERR,ERR,ERR,ERR,ERR,ERR,ERR,ERR,ERR,ERR,ERR,ERR,ERR,ERR,ERR,ERR,ERR,ERR,ERR,ERR,ERR,ERR,ERR,ERR,ERR,ERR,ERR,ERR,ERR,ERR,ERR,ERR,ERR,ERR,ERR,ERR,ERR,ERR,ERR,ERR,ERR,ERR,ERR,ERR,ERR,ERR,ERR,ERR,ERR,ERR,ERR,ERR,ERR,ERR,ERR,ERR,ERR,ERR,ERR,ERR,ERR,ERR,ERR,ERR,ERR,ERR,ERR,ERR,ERR,ERR,ERR,ERR,ERR,ERR,ERR,ERR,ERR,ERR,ERR,ERR,ERR,ERR,ERR,ERR,ERR,ERR,ERR,ERR,ERR,ERR,ERR,ERR,ERR,2.718430741444032e+23,2.7184312818759872e+23,0.0,0.0,0.0,1.3936040501711995e+18,7.805,0.0,0,0,4,0,7116,0.0,100,0.0,0.0,0.0,0.0,0.0,0,0,0,0,0.0,0,0,0,0,0,0,0,0,0,0,0,0,0,0,0,0,0,0,0,0,0,0,0,0,0,0,0,0,0,0,0,0,0,31,40,40,71,65476,0,300,0,0,8,21553,0.0,-107605600.0,0.0,0.0,0.0,0.0,0.0,0.0,0.0,0.0,0.0,0.0,0.0,0.0,0.0,0.0,0.0,0.0,0.0,0.0,0.0,0.0,0.0,-2.004,-2.004,0.0,0.0,0.0,0.0,0.0,6146.0,-0.0,6932.0,2.718430741444032e+23,2.7184312818759872e+23,-0.0,2.718430741444032e+23,0.0,0.0,0.0,0.0,69,5.848086582142772e+35,-0.0,0.0,0.0,0.0,0.0,0.0,0.0,0.0,0,0,0,0.0,0.0,0.0,0.0,0.0,0.0,0.0,0.0,0.0,0.0,0.0,0.0,0.0,0.0,0.0,0.0,0,-107875648.0,69,0.0,138,0.0,-109447200.0,0,13107,17040,26215,17049,13107,17043,0,0,0,70,68,100,2.7302359370752657e+23,71.1,0.0,74.2,2.7302370179391762e+23,74.0,1,49,50,180,13107,52429,0,0,0.0,0.0,0.0,0.0,-0.0,67.0,0.0,162057.094,0.0,751,0,739,0,0,0,721,0,767,0,736,0,742,0,742,0,712,0,7520,0.032,108447924224.0,0.0,0.0,784,16797,-0.0,162057.094,-114818.039,-0.0,0.133,6.909358625270745e+28,30.0,65.0,35,0.0,0.0,0.0,0.0,0.0,0.0,0.0,0.0,0.0,0.0,0.0,0.0,0.0,0.0,0.0,0.0,69.2,0,150,71,55,65476,0,300,0,1,8,20529,65476,0,0,40632,65.0,0.0,0.0,0.0,0.0,0.0
2026-09-04T20:14:00,ERR,ERR,ERR,ERR,ERR,ERR,ERR,ERR,ERR,ERR,ERR,ERR,ERR,ERR,ERR,ERR,ERR,ERR,ERR,ERR,ERR,ERR,ERR,ERR,ERR,ERR,ERR,ERR,ERR,ERR,ERR,ERR,ERR,ERR,ERR,ERR,ERR,ERR,ERR,ERR,ERR,ERR,ERR,ERR,ERR,ERR,ERR,ERR,ERR,ERR,ERR,ERR,ERR,ERR,ERR,ERR,ERR,ERR,ERR,ERR,ERR,ERR,ERR,ERR,ERR,ERR,ERR,ERR,ERR,ERR,ERR,ERR,ERR,ERR,ERR,ERR,ERR,ERR,ERR,ERR,ERR,ERR,ERR,ERR,ERR,ERR,ERR,ERR,ERR,ERR,ERR,ERR,ERR,ERR,ERR,ERR,ERR,ERR,ERR,ERR,ERR,ERR,ERR,ERR,ERR,ERR,ERR,ERR,ERR,ERR,ERR,ERR,ERR,ERR,ERR,ERR,ERR,ERR,ERR,ERR,ERR,ERR,ERR,ERR,ERR,2.718430741444032e+23,2.7184312818759872e+23,0.0,0.0,0.0,1.3936040501711995e+18,7.805,0.0,0,0,4,0,7116,0.0,100,0.0,0.0,0.0,0.0,0.0,0,0,0,0,0.0,0,0,0,0,0,0,0,0,0,0,0,0,0,0,0,0,0,0,0,0,0,0,0,0,0,0,0,0,0,0,0,0,0,31,40,40,71,65476,0,300,0,0,8,21553,0.0,-107605600.0,0.0,0.0,0.0,0.0,0.0,0.0,0.0,0.0,0.0,0.0,0.0,0.0,0.0,0.0,0.0,0.0,0.0,0.0,0.0,0.0,0.0,-2.004,-2.004,0.0,0.0,0.0,0.0,0.0,6146.0,-0.0,6932.0,2.718430741444032e+23,2.7184312818759872e+23,-0.0,2.718430741444032e+23,0.0,0.0,0.0,0.0,69,5.848086582142772e+35,-0.0,0.0,0.0,0.0,0.0,0.0,0.0,0.0,0,0,0,0.0,0.0,0.0,0.0,0.0,0.0,0.0,0.0,0.0,0.0,0.0,0.0,0.0,0.0,0.0,0.0,0,-107875648.0,69,0.0,138,0.0,-109447200.0,0,13107,17040,26215,17049,13107,17043,0,0,0,70,68,100,2.7302359370752657e+23,71.1,0.0,74.2,2.7302370179391762e+23,74.0,1,49,50,180,13107,52429,0,0,0.0,0.0,0.0,0.0,-0.0,67.0,0.0,162057.094,0.0,751,0,739,0,0,0,721,0,767,0,736,0,742,0,742,0,712,0,7520,0.032,108447924224.0,0.0,0.0,784,16797,-0.0,162057.094,-114818.039,-0.0,0.133,6.909358625270745e+28,30.0,65.0,35,0.0,0.0,0.0,0.0,0.0,0.0,0.0,0.0,0.0,0.0,0.0,0.0,0.0,0.0,0.0,0.0,69.2,0,150,71,55,65476,0,300,0,1,8,20529,65476,0,0,40632,65.0,0.0,0.0,0.0,0.0,0.0
2026-09-04T20:14:01,ERR,ERR,ERR,ERR,ERR,ERR,ERR,ERR,ERR,ERR,ERR,ERR,ERR,ERR,ERR,ERR,ERR,ERR,ERR,ERR,ERR,ERR,ERR,ERR,ERR,ERR,ERR,ERR,ERR,ERR,ERR,ERR,ERR,ERR,ERR,ERR,ERR,ERR,ERR,ERR,ERR,ERR,ERR,ERR,ERR,ERR,ERR,ERR,ERR,ERR,ERR,ERR,ERR,ERR,ERR,ERR,ERR,ERR,ERR,ERR,ERR,ERR,ERR,ERR,ERR,ERR,ERR,ERR,ERR,ERR,ERR,ERR,ERR,ERR,ERR,ERR,ERR,ERR,ERR,ERR,ERR,ERR,ERR,ERR,ERR,ERR,ERR,ERR,ERR,ERR,ERR,ERR,ERR,ERR,ERR,ERR,ERR,ERR,ERR,ERR,ERR,ERR,ERR,ERR,ERR,ERR,ERR,ERR,ERR,ERR,ERR,ERR,ERR,ERR,ERR,ERR,ERR,ERR,ERR,ERR,ERR,ERR,ERR,ERR,ERR,2.718430741444032e+23,2.7184312818759872e+23,0.0,0.0,0.0,1.3936040501711995e+18,7.805,0.0,0,0,4,0,7116,0.0,100,0.0,0.0,0.0,0.0,0.0,0,0,0,0,0.0,0,0,0,0,0,0,0,0,0,0,0,0,0,0,0,0,0,0,0,0,0,0,0,0,0,0,0,0,0,0,0,0,0,31,40,40,71,65476,0,300,0,0,8,21553,0.0,-107605600.0,0.0,0.0,0.0,0.0,0.0,0.0,0.0,0.0,0.0,0.0,0.0,0.0,0.0,0.0,0.0,0.0,0.0,0.0,0.0,0.0,0.0,-2.004,-2.004,0.0,0.0,0.0,0.0,0.0,6146.0,-0.0,6932.0,2.718430741444032e+23,2.7184312818759872e+23,-0.0,2.718430741444032e+23,0.0,0.0,0.0,0.0,69,5.848086582142772e+35,-0.0,0.0,0.0,0.0,0.0,0.0,0.0,0.0,0,0,0,0.0,0.0,0.0,0.0,0.0,0.0,0.0,0.0,0.0,0.0,0.0,0.0,0.0,0.0,0.0,0.0,0,-107875648.0,69,0.0,138,0.0,-109447200.0,0,13107,17040,26215,17049,13107,17043,0,0,0,70,68,100,2.7302359370752657e+23,71.1,0.0,74.2,2.7302370179391762e+23,74.0,1,49,50,180,13107,52429,0,0,0.0,0.0,0.0,0.0,-0.0,67.0,0.0,162057.094,0.0,751,0,739,0,0,0,721,0,767,0,736,0,742,0,742,0,712,0,7520,0.032,108447924224.0,0.0,0.0,784,16797,-0.0,162057.094,-114818.039,-0.0,0.133,6.909358625270745e+28,30.0,65.0,35,0.0,0.0,0.0,0.0,0.0,0.0,0.0,0.0,0.0,0.0,0.0,0.0,0.0,0.0,0.0,0.0,69.2,0,150,71,55,65476,0,300,0,1,8,20529,65476,0,0,40632,65.0,0.0,0.0,0.0,0.0,0.0
2026-09-04T20:14:02,ERR,ERR,ERR,ERR,ERR,ERR,ERR,ERR,ERR,ERR,ERR,ERR,ERR,ERR,ERR,ERR,ERR,ERR,ERR,ERR,ERR,ERR,ERR,ERR,ERR,ERR,ERR,ERR,ERR,ERR,ERR,ERR,ERR,ERR,ERR,ERR,ERR,ERR,ERR,ERR,ERR,ERR,ERR,ERR,ERR,ERR,ERR,ERR,ERR,ERR,ERR,ERR,ERR,ERR,ERR,ERR,ERR,ERR,ERR,ERR,ERR,ERR,ERR,ERR,ERR,ERR,ERR,ERR,ERR,ERR,ERR,ERR,ERR,ERR,ERR,ERR,ERR,ERR,ERR,ERR,ERR,ERR,ERR,ERR,ERR,ERR,ERR,ERR,ERR,ERR,ERR,ERR,ERR,ERR,ERR,ERR,ERR,ERR,ERR,ERR,ERR,ERR,ERR,ERR,ERR,ERR,ERR,ERR,ERR,ERR,ERR,ERR,ERR,ERR,ERR,ERR,ERR,ERR,ERR,ERR,ERR,ERR,ERR,ERR,ERR,2.718430741444032e+23,2.7184312818759872e+23,0.0,0.0,0.0,1.3936040501711995e+18,7.805,0.0,0,0,4,0,7116,0.0,100,0.0,0.0,0.0,0.0,0.0,0,0,0,0,0.0,0,0,0,0,0,0,0,0,0,0,0,0,0,0,0,0,0,0,0,0,0,0,0,0,0,0,0,0,0,0,0,0,0,31,40,40,71,65476,0,300,0,0,8,21553,0.0,-107605600.0,0.0,0.0,0.0,0.0,0.0,0.0,0.0,0.0,0.0,0.0,0.0,0.0,0.0,0.0,0.0,0.0,0.0,0.0,0.0,0.0,0.0,-2.004,-2.004,0.0,0.0,0.0,0.0,0.0,6146.0,-0.0,6932.0,2.718430741444032e+23,2.7184312818759872e+23,-0.0,2.718430741444032e+23,0.0,0.0,0.0,0.0,69,5.848086582142772e+35,-0.0,0.0,0.0,0.0,0.0,0.0,0.0,0.0,0,0,0,0.0,0.0,0.0,0.0,0.0,0.0,0.0,0.0,0.0,0.0,0.0,0.0,0.0,0.0,0.0,0.0,0,-107875648.0,69,0.0,138,0.0,-109447200.0,0,13107,17040,26215,17049,13107,17043,0,0,0,70,68,100,2.7302359370752657e+23,71.1,0.0,74.2,2.7302370179391762e+23,74.0,1,49,50,180,13107,52429,0,0,0.0,0.0,0.0,0.0,-0.0,67.0,0.0,162057.094,0.0,751,0,739,0,0,0,721,0,767,0,736,0,742,0,742,0,712,0,7520,0.032,108447924224.0,0.0,0.0,784,16797,-0.0,162057.094,-114818.039,-0.0,0.133,6.909358625270745e+28,30.0,65.0,35,0.0,0.0,0.0,0.0,0.0,0.0,0.0,0.0,0.0,0.0,0.0,0.0,0.0,0.0,0.0,0.0,69.2,0,150,71,55,65476,0,300,0,1,8,20529,65476,0,0,40632,65.0,0.0,0.0,0.0,0.0,0.0
2026-09-04T20:14:03,ERR,ERR,ERR,ERR,ERR,ERR,ERR,ERR,ERR,ERR,ERR,ERR,ERR,ERR,ERR,ERR,ERR,ERR,ERR,ERR,ERR,ERR,ERR,ERR,ERR,ERR,ERR,ERR,ERR,ERR,ERR,ERR,ERR,ERR,ERR,ERR,ERR,ERR,ERR,ERR,ERR,ERR,ERR,ERR,ERR,ERR,ERR,ERR,ERR,ERR,ERR,ERR,ERR,ERR,ERR,ERR,ERR,ERR,ERR,ERR,ERR,ERR,ERR,ERR,ERR,ERR,ERR,ERR,ERR,ERR,ERR,ERR,ERR,ERR,ERR,ERR,ERR,ERR,ERR,ERR,ERR,ERR,ERR,ERR,ERR,ERR,ERR,ERR,ERR,ERR,ERR,ERR,ERR,ERR,ERR,ERR,ERR,ERR,ERR,ERR,ERR,ERR,ERR,ERR,ERR,ERR,ERR,ERR,ERR,ERR,ERR,ERR,ERR,ERR,ERR,ERR,ERR,ERR,ERR,ERR,ERR,ERR,ERR,ERR,ERR,2.718430741444032e+23,2.7184312818759872e+23,0.0,0.0,0.0,1.3936040501711995e+18,7.805,0.0,0,0,4,0,7116,0.0,100,0.0,0.0,0.0,0.0,0.0,0,0,0,0,0.0,0,0,0,0,0,0,0,0,0,0,0,0,0,0,0,0,0,0,0,0,0,0,0,0,0,0,0,0,0,0,0,0,0,31,40,40,71,65476,0,300,0,0,8,21553,0.0,-107605600.0,0.0,0.0,0.0,0.0,0.0,0.0,0.0,0.0,0.0,0.0,0.0,0.0,0.0,0.0,0.0,0.0,0.0,0.0,0.0,0.0,0.0,-2.004,-2.004,0.0,0.0,0.0,0.0,0.0,6149.0,-0.0,6934.0,2.718430741444032e+23,2.7184312818759872e+23,-0.0,2.718430741444032e+23,0.0,0.0,0.0,0.0,69,-0.0,-0.0,0.0,0.0,0.0,0.0,0.0,0.0,0.0,0,0,0,0.0,0.0,0.0,0.0,0.0,0.0,0.0,0.0,0.0,0.0,0.0,0.0,0.0,0.0,0.0,0.0,0,-107875648.0,69,0.0,138,0.0,-109447200.0,0,13107,17040,26215,17049,13107,17043,0,0,0,70,68,100,2.7302359370752657e+23,71.2,2.7302370179391762e+23,74.2,2.7302370179391762e+23,74.0,1,49,50,180,13107,0,0,0,0.0,0.0,0.0,0.0,-0.0,67.0,0.0,162057.094,0.0,751,0,739,0,0,0,721,0,767,0,736,0,742,0,742,0,712,0,7520,0.032,108447924224.0,0.0,0.0,784,16797,-0.0,162057.094,-114818.039,-0.0,0.133,6.909358625270745e+28,30.0,65.0,35,0.0,0.0,0.0,0.0,0.0,0.0,0.0,0.0,0.0,0.0,0.0,0.0,0.0,0.0,0.0,0.0,69.2,0,150,71,55,65476,0,300,0,1,8,20529,65476,0,0,40632,65.0,0.0,0.0,0.0,0.0,0.0
2026-09-04T20:14:04,ERR,ERR,ERR,ERR,ERR,ERR,ERR,ERR,ERR,ERR,ERR,ERR,ERR,ERR,ERR,ERR,ERR,ERR,ERR,ERR,ERR,ERR,ERR,ERR,ERR,ERR,ERR,ERR,ERR,ERR,ERR,ERR,ERR,ERR,ERR,ERR,ERR,ERR,ERR,ERR,ERR,ERR,ERR,ERR,ERR,ERR,ERR,ERR,ERR,ERR,ERR,ERR,ERR,ERR,ERR,ERR,ERR,ERR,ERR,ERR,ERR,ERR,ERR,ERR,ERR,ERR,ERR,ERR,ERR,ERR,ERR,ERR,ERR,ERR,ERR,ERR,ERR,ERR,ERR,ERR,ERR,ERR,ERR,ERR,ERR,ERR,ERR,ERR,ERR,ERR,ERR,ERR,ERR,ERR,ERR,ERR,ERR,ERR,ERR,ERR,ERR,ERR,ERR,ERR,ERR,ERR,ERR,ERR,ERR,ERR,ERR,ERR,ERR,ERR,ERR,ERR,ERR,ERR,ERR,ERR,ERR,ERR,ERR,ERR,ERR,2.718430741444032e+23,2.7184312818759872e+23,0.0,0.0,0.0,1.3936040501711995e+18,7.805,0.0,0,0,4,0,7116,0.0,100,0.0,0.0,0.0,0.0,0.0,0,0,0,0,0.0,0,0,0,0,0,0,0,0,0,0,0,0,0,0,0,0,0,0,0,0,0,0,0,0,0,0,0,0,0,0,0,0,0,31,40,40,71,65476,0,300,0,0,8,21553,0.0,-107605600.0,0.0,0.0,0.0,0.0,0.0,0.0,0.0,0.0,0.0,0.0,0.0,0.0,0.0,0.0,0.0,0.0,0.0,0.0,0.0,0.0,0.0,-2.004,-2.004,0.0,0.0,0.0,0.0,0.0,6149.0,-0.0,6934.0,2.718430741444032e+23,2.7184312818759872e+23,-0.0,2.718430741444032e+23,0.0,0.0,0.0,0.0,69,-0.0,-0.0,0.0,0.0,0.0,0.0,0.0,0.0,0.0,0,0,0,0.0,0.0,0.0,0.0,0.0,0.0,0.0,0.0,0.0,0.0,0.0,0.0,0.0,0.0,0.0,0.0,0,-107875648.0,69,0.0,138,0.0,-109447200.0,0,13107,17040,26215,17049,13107,17043,0,0,0,70,68,100,2.7302359370752657e+23,71.2,2.7302370179391762e+23,74.2,2.7302370179391762e+23,74.0,1,49,50,180,13107,0,0,0,0.0,0.0,0.0,0.0,-0.0,67.0,0.0,162057.094,0.0,751,0,739,0,0,0,721,0,767,0,736,0,742,0,742,0,712,0,7520,0.032,108447924224.0,0.0,0.0,784,16797,-0.0,162057.094,-114818.039,-0.0,0.133,6.909358625270745e+28,30.0,65.0,35,0.0,0.0,0.0,0.0,0.0,0.0,0.0,0.0,0.0,0.0,0.0,0.0,0.0,0.0,0.0,0.0,69.2,0,150,71,55,65476,0,300,0,1,8,20529,65476,0,0,40632,65.0,0.0,0.0,0.0,0.0,0.0
2026-09-04T20:14:05,ERR,ERR,ERR,ERR,ERR,ERR,ERR,ERR,ERR,ERR,ERR,ERR,ERR,ERR,ERR,ERR,ERR,ERR,ERR,ERR,ERR,ERR,ERR,ERR,ERR,ERR,ERR,ERR,ERR,ERR,ERR,ERR,ERR,ERR,ERR,ERR,ERR,ERR,ERR,ERR,ERR,ERR,ERR,ERR,ERR,ERR,ERR,ERR,ERR,ERR,ERR,ERR,ERR,ERR,ERR,ERR,ERR,ERR,ERR,ERR,ERR,ERR,ERR,ERR,ERR,ERR,ERR,ERR,ERR,ERR,ERR,ERR,ERR,ERR,ERR,ERR,ERR,ERR,ERR,ERR,ERR,ERR,ERR,ERR,ERR,ERR,ERR,ERR,ERR,ERR,ERR,ERR,ERR,ERR,ERR,ERR,ERR,ERR,ERR,ERR,ERR,ERR,ERR,ERR,ERR,ERR,ERR,ERR,ERR,ERR,ERR,ERR,ERR,ERR,ERR,ERR,ERR,ERR,ERR,ERR,ERR,ERR,ERR,ERR,ERR,2.718430741444032e+23,2.7184312818759872e+23,0.0,0.0,0.0,1.3936040501711995e+18,7.805,0.0,0,0,4,0,7116,0.0,100,0.0,0.0,0.0,0.0,0.0,0,0,0,0,0.0,0,0,0,0,0,0,0,0,0,0,0,0,0,0,0,0,0,0,0,0,0,0,0,0,0,0,0,0,0,0,0,0,0,31,40,40,71,65476,0,300,0,0,8,21553,0.0,-107605600.0,0.0,0.0,0.0,0.0,0.0,0.0,0.0,0.0,0.0,0.0,0.0,0.0,0.0,0.0,0.0,0.0,0.0,0.0,0.0,0.0,0.0,-2.004,-2.004,0.0,0.0,0.0,0.0,0.0,6149.0,-0.0,6934.0,2.718430741444032e+23,2.7184312818759872e+23,-0.0,2.718430741444032e+23,0.0,0.0,0.0,0.0,69,-0.0,-0.0,0.0,0.0,0.0,0.0,0.0,0.0,0.0,0,0,0,0.0,0.0,0.0,0.0,0.0,0.0,0.0,0.0,0.0,0.0,0.0,0.0,0.0,0.0,0.0,0.0,0,-107875648.0,69,0.0,138,0.0,-109447200.0,0,13107,17040,26215,17049,13107,17043,0,0,0,70,68,100,2.7302359370752657e+23,71.2,2.7302370179391762e+23,74.2,2.7302370179391762e+23,74.0,1,49,50,180,13107,0,0,0,0.0,0.0,0.0,0.0,-0.0,67.0,0.0,162057.094,0.0,751,0,739,0,0,0,721,0,767,0,736,0,742,0,742,0,712,0,7520,0.032,108447924224.0,0.0,0.0,784,16797,-0.0,162057.094,-114818.039,-0.0,0.133,6.909358625270745e+28,30.0,65.0,35,0.0,0.0,0.0,0.0,0.0,0.0,0.0,0.0,0.0,0.0,0.0,0.0,0.0,0.0,0.0,0.0,69.2,0,150,71,55,65476,0,300,0,1,8,20529,65476,0,0,40632,65.0,0.0,0.0,0.0,0.0,0.0
2026-09-04T20:14:06,ERR,ERR,ERR,ERR,ERR,ERR,ERR,ERR,ERR,ERR,ERR,ERR,ERR,ERR,ERR,ERR,ERR,ERR,ERR,ERR,ERR,ERR,ERR,ERR,ERR,ERR,ERR,ERR,ERR,ERR,ERR,ERR,ERR,ERR,ERR,ERR,ERR,ERR,ERR,ERR,ERR,ERR,ERR,ERR,ERR,ERR,ERR,ERR,ERR,ERR,ERR,ERR,ERR,ERR,ERR,ERR,ERR,ERR,ERR,ERR,ERR,ERR,ERR,ERR,ERR,ERR,ERR,ERR,ERR,ERR,ERR,ERR,ERR,ERR,ERR,ERR,ERR,ERR,ERR,ERR,ERR,ERR,ERR,ERR,ERR,ERR,ERR,ERR,ERR,ERR,ERR,ERR,ERR,ERR,ERR,ERR,ERR,ERR,ERR,ERR,ERR,ERR,ERR,ERR,ERR,ERR,ERR,ERR,ERR,ERR,ERR,ERR,ERR,ERR,ERR,ERR,ERR,ERR,ERR,ERR,ERR,ERR,ERR,ERR,ERR,2.718430741444032e+23,2.7184312818759872e+23,0.0,0.0,0.0,1.3936040501711995e+18,7.805,0.0,0,0,4,0,7116,0.0,100,0.0,0.0,0.0,0.0,0.0,0,0,0,0,0.0,0,0,0,0,0,0,0,0,0,0,0,0,0,0,0,0,0,0,0,0,0,0,0,0,0,0,0,0,0,0,0,0,0,31,40,40,71,65476,0,300,0,0,8,21553,0.0,-107605600.0,0.0,0.0,0.0,0.0,0.0,0.0,0.0,0.0,0.0,0.0,0.0,0.0,0.0,0.0,0.0,0.0,0.0,0.0,0.0,0.0,0.0,-2.004,-2.004,0.0,0.0,0.0,0.0,0.0,6149.0,-0.0,6934.0,2.718430741444032e+23,2.7184312818759872e+23,-0.0,2.718430741444032e+23,0.0,0.0,0.0,0.0,69,-0.0,-0.0,0.0,0.0,0.0,0.0,0.0,0.0,0.0,0,0,0,0.0,0.0,0.0,0.0,0.0,0.0,0.0,0.0,0.0,0.0,0.0,0.0,0.0,0.0,0.0,0.0,0,-107875648.0,69,0.0,138,0.0,-109447200.0,0,13107,17040,26215,17049,13107,17043,0,0,0,70,68,100,2.7302359370752657e+23,71.2,2.7302370179391762e+23,74.2,2.7302370179391762e+23,74.0,1,49,50,180,13107,0,0,0,0.0,0.0,0.0,0.0,-0.0,67.0,0.0,162057.094,0.0,751,0,739,0,0,0,721,0,767,0,736,0,742,0,742,0,712,0,7520,0.032,108447924224.0,0.0,0.0,784,16797,-0.0,162057.094,-114818.039,-0.0,0.133,6.909358625270745e+28,30.0,65.0,35,0.0,0.0,0.0,0.0,0.0,0.0,0.0,0.0,0.0,0.0,0.0,0.0,0.0,0.0,0.0,0.0,69.2,0,150,71,55,65476,0,300,0,1,8,20529,65476,0,0,40632,65.0,0.0,0.0,0.0,0.0,0.0
2026-09-04T20:14:07,ERR,ERR,ERR,ERR,ERR,ERR,ERR,ERR,ERR,ERR,ERR,ERR,ERR,ERR,ERR,ERR,ERR,ERR,ERR,ERR,ERR,ERR,ERR,ERR,ERR,ERR,ERR,ERR,ERR,ERR,ERR,ERR,ERR,ERR,ERR,ERR,ERR,ERR,ERR,ERR,ERR,ERR,ERR,ERR,ERR,ERR,ERR,ERR,ERR,ERR,ERR,ERR,ERR,ERR,ERR,ERR,ERR,ERR,ERR,ERR,ERR,ERR,ERR,ERR,ERR,ERR,ERR,ERR,ERR,ERR,ERR,ERR,ERR,ERR,ERR,ERR,ERR,ERR,ERR,ERR,ERR,ERR,ERR,ERR,ERR,ERR,ERR,ERR,ERR,ERR,ERR,ERR,ERR,ERR,ERR,ERR,ERR,ERR,ERR,ERR,ERR,ERR,ERR,ERR,ERR,ERR,ERR,ERR,ERR,ERR,ERR,ERR,ERR,ERR,ERR,ERR,ERR,ERR,ERR,ERR,ERR,ERR,ERR,ERR,ERR,2.718430741444032e+23,2.7184312818759872e+23,0.0,0.0,0.0,1.3936040501711995e+18,7.805,0.0,0,0,4,0,7116,0.0,100,0.0,0.0,0.0,0.0,0.0,0,0,0,0,0.0,0,0,0,0,0,0,0,0,0,0,0,0,0,0,0,0,0,0,0,0,0,0,0,0,0,0,0,0,0,0,0,0,0,31,40,40,71,65476,0,300,0,0,8,21553,0.0,-107605600.0,0.0,0.0,0.0,0.0,0.0,0.0,0.0,0.0,0.0,0.0,0.0,0.0,0.0,0.0,0.0,0.0,0.0,0.0,0.0,0.0,0.0,-2.004,-2.004,0.0,0.0,0.0,0.0,0.0,6149.0,-0.0,6934.0,2.718430741444032e+23,2.7184312818759872e+23,-0.0,2.718430741444032e+23,0.0,0.0,0.0,0.0,69,-0.0,-0.0,0.0,0.0,0.0,0.0,0.0,0.0,0.0,0,0,0,0.0,0.0,0.0,0.0,0.0,0.0,0.0,0.0,0.0,0.0,0.0,0.0,0.0,0.0,0.0,0.0,0,-107875648.0,69,0.0,138,0.0,-109447200.0,0,13107,17040,26215,17049,13107,17043,0,0,0,70,68,100,2.7302359370752657e+23,71.2,2.7302370179391762e+23,74.2,2.7302370179391762e+23,74.0,1,49,50,180,13107,0,0,0,0.0,0.0,0.0,0.0,-0.0,67.0,0.0,162057.094,0.0,751,0,739,0,0,0,721,0,767,0,736,0,742,0,742,0,712,0,7520,0.032,108447924224.0,0.0,0.0,784,16797,-0.0,162057.094,-114818.039,-0.0,0.133,6.909358625270745e+28,30.0,65.0,35,0.0,0.0,0.0,0.0,0.0,0.0,0.0,0.0,0.0,0.0,0.0,0.0,0.0,0.0,0.0,0.0,69.2,0,150,71,55,65476,0,300,0,1,8,20529,65476,0,0,40632,65.0,0.0,0.0,0.0,0.0,0.0
2026-09-04T20:14:08,ERR,ERR,ERR,ERR,ERR,ERR,ERR,ERR,ERR,ERR,ERR,ERR,ERR,ERR,ERR,ERR,ERR,ERR,ERR,ERR,ERR,ERR,ERR,ERR,ERR,ERR,ERR,ERR,ERR,ERR,ERR,ERR,ERR,ERR,ERR,ERR,ERR,ERR,ERR,ERR,ERR,ERR,ERR,ERR,ERR,ERR,ERR,ERR,ERR,ERR,ERR,ERR,ERR,ERR,ERR,ERR,ERR,ERR,ERR,ERR,ERR,ERR,ERR,ERR,ERR,ERR,ERR,ERR,ERR,ERR,ERR,ERR,ERR,ERR,ERR,ERR,ERR,ERR,ERR,ERR,ERR,ERR,ERR,ERR,ERR,ERR,ERR,ERR,ERR,ERR,ERR,ERR,ERR,ERR,ERR,ERR,ERR,ERR,ERR,ERR,ERR,ERR,ERR,ERR,ERR,ERR,ERR,ERR,ERR,ERR,ERR,ERR,ERR,ERR,ERR,ERR,ERR,ERR,ERR,ERR,ERR,ERR,ERR,ERR,ERR,2.718430741444032e+23,2.7184312818759872e+23,0.0,0.0,0.0,1.3936040501711995e+18,7.805,0.0,0,0,4,0,7116,0.0,100,0.0,0.0,0.0,0.0,0.0,0,0,0,0,0.0,0,0,0,0,0,0,0,0,0,0,0,0,0,0,0,0,0,0,0,0,0,0,0,0,0,0,0,0,0,0,0,0,0,31,40,40,71,65476,0,300,0,0,8,21553,0.0,-107605600.0,0.0,0.0,0.0,0.0,0.0,0.0,0.0,0.0,0.0,0.0,0.0,0.0,0.0,0.0,0.0,0.0,0.0,0.0,0.0,0.0,0.0,-2.004,-2.004,0.0,0.0,0.0,0.0,0.0,6149.0,-0.0,6934.0,2.718430741444032e+23,2.7184312818759872e+23,-0.0,2.718430741444032e+23,0.0,0.0,0.0,0.0,69,-0.0,-0.0,0.0,0.0,0.0,0.0,0.0,0.0,0.0,0,0,0,0.0,0.0,0.0,0.0,0.0,0.0,0.0,0.0,0.0,0.0,0.0,0.0,0.0,0.0,0.0,0.0,0,-107875648.0,69,0.0,138,0.0,-109447200.0,0,13107,17040,26215,17049,13107,17043,0,0,0,70,68,100,2.7302359370752657e+23,71.2,2.7302370179391762e+23,74.2,2.7302370179391762e+23,74.0,1,49,50,180,13107,0,0,0,0.0,0.0,0.0,0.0,-0.0,67.0,0.0,162057.094,0.0,751,0,739,0,0,0,721,0,767,0,736,0,743,0,742,0,712,0,7520,0.032,107911053312.0,0.0,0.0,784,16797,-0.0,162057.094,-114818.039,-0.0,0.133,6.909358625270745e+28,30.0,65.0,35,0.0,0.0,0.0,0.0,0.0,0.0,0.0,0.0,0.0,0.0,0.0,0.0,0.0,0.0,0.0,0.0,69.2,0,150,71,55,65476,0,300,0,1,8,20529,65476,0,0,40632,65.0,0.0,0.0,0.0,0.0,0.0
2026-09-04T20:14:09,ERR,ERR,ERR,ERR,ERR,ERR,ERR,ERR,ERR,ERR,ERR,ERR,ERR,ERR,ERR,ERR,ERR,ERR,ERR,ERR,ERR,ERR,ERR,ERR,ERR,ERR,ERR,ERR,ERR,ERR,ERR,ERR,ERR,ERR,ERR,ERR,ERR,ERR,ERR,ERR,ERR,ERR,ERR,ERR,ERR,ERR,ERR,ERR,ERR,ERR,ERR,ERR,ERR,ERR,ERR,ERR,ERR,ERR,ERR,ERR,ERR,ERR,ERR,ERR,ERR,ERR,ERR,ERR,ERR,ERR,ERR,ERR,ERR,ERR,ERR,ERR,ERR,ERR,ERR,ERR,ERR,ERR,ERR,ERR,ERR,ERR,ERR,ERR,ERR,ERR,ERR,ERR,ERR,ERR,ERR,ERR,ERR,ERR,ERR,ERR,ERR,ERR,ERR,ERR,ERR,ERR,ERR,ERR,ERR,ERR,ERR,ERR,ERR,ERR,ERR,ERR,ERR,ERR,ERR,ERR,ERR,ERR,ERR,ERR,ERR,2.718430741444032e+23,2.7184312818759872e+23,0.0,0.0,0.0,1.3936040501711995e+18,7.805,0.0,0,0,4,0,7116,0.0,100,0.0,0.0,0.0,0.0,0.0,0,0,0,0,0.0,0,0,0,0,0,0,0,0,0,0,0,0,0,0,0,0,0,0,0,0,0,0,0,0,0,0,0,0,0,0,0,0,0,31,40,40,71,65476,0,300,0,0,8,21553,0.0,-107605600.0,0.0,0.0,0.0,0.0,0.0,0.0,0.0,0.0,0.0,0.0,0.0,0.0,0.0,0.0,0.0,0.0,0.0,0.0,0.0,0.0,0.0,-2.004,-2.004,0.0,0.0,0.0,0.0,0.0,6149.0,-0.0,6934.0,2.718430741444032e+23,2.7184312818759872e+23,-0.0,2.718430741444032e+23,0.0,0.0,0.0,0.0,69,-0.0,-0.0,0.0,0.0,0.0,0.0,0.0,0.0,0.0,0,0,0,0.0,0.0,0.0,0.0,0.0,0.0,0.0,0.0,0.0,0.0,0.0,0.0,0.0,0.0,0.0,0.0,0,-107875648.0,69,0.0,138,0.0,-109447200.0,0,13107,17040,26215,17049,13107,17043,0,0,0,70,68,100,2.7302359370752657e+23,71.2,2.7302370179391762e+23,74.2,2.7302370179391762e+23,74.0,1,49,50,180,13107,0,0,0,0.0,0.0,0.0,0.0,-0.0,67.0,0.0,162057.094,0.0,751,0,739,0,0,0,721,0,767,0,736,0,743,0,742,0,712,0,7520,0.032,107911053312.0,0.0,0.0,784,16797,-0.0,162057.094,-114818.039,-0.0,0.133,6.909358625270745e+28,30.0,65.0,35,0.0,0.0,0.0,0.0,0.0,0.0,0.0,0.0,0.0,0.0,0.0,0.0,0.0,0.0,0.0,0.0,69.2,0,150,71,55,65476,0,300,0,1,8,20529,65476,0,0,40632,65.0,0.0,0.0,0.0,0.0,0.0
2026-09-04T20:14:10,ERR,ERR,ERR,ERR,ERR,ERR,ERR,ERR,ERR,ERR,ERR,ERR,ERR,ERR,ERR,ERR,ERR,ERR,ERR,ERR,ERR,ERR,ERR,ERR,ERR,ERR,ERR,ERR,ERR,ERR,ERR,ERR,ERR,ERR,ERR,ERR,ERR,ERR,ERR,ERR,ERR,ERR,ERR,ERR,ERR,ERR,ERR,ERR,ERR,ERR,ERR,ERR,ERR,ERR,ERR,ERR,ERR,ERR,ERR,ERR,ERR,ERR,ERR,ERR,ERR,ERR,ERR,ERR,ERR,ERR,ERR,ERR,ERR,ERR,ERR,ERR,ERR,ERR,ERR,ERR,ERR,ERR,ERR,ERR,ERR,ERR,ERR,ERR,ERR,ERR,ERR,ERR,ERR,ERR,ERR,ERR,ERR,ERR,ERR,ERR,ERR,ERR,ERR,ERR,ERR,ERR,ERR,ERR,ERR,ERR,ERR,ERR,ERR,ERR,ERR,ERR,ERR,ERR,ERR,ERR,ERR,ERR,ERR,ERR,ERR,2.718430741444032e+23,2.7184312818759872e+23,0.0,0.0,0.0,1.3936040501711995e+18,7.805,0.0,0,0,4,0,7116,0.0,100,0.0,0.0,0.0,0.0,0.0,0,0,0,0,0.0,0,0,0,0,0,0,0,0,0,0,0,0,0,0,0,0,0,0,0,0,0,0,0,0,0,0,0,0,0,0,0,0,0,31,40,40,71,65476,0,300,0,0,8,21553,0.0,-107605600.0,0.0,0.0,0.0,0.0,0.0,0.0,0.0,0.0,0.0,0.0,0.0,0.0,0.0,0.0,0.0,0.0,0.0,0.0,0.0,0.0,0.0,-2.004,-2.004,0.0,0.0,0.0,0.0,0.0,6180.0,0.0,6915.0,2.718430741444032e+23,2.7184312818759872e+23,-0.0,2.718430741444032e+23,0.0,0.0,0.0,0.0,69,5.848086582142772e+35,0.0,0.0,0.0,0.0,0.0,0.0,0.0,0.0,0,0,0,0.0,0.0,0.0,0.0,0.0,0.0,0.0,0.0,0.0,0.0,0.0,0.0,0.0,0.0,0.0,0.0,0,-107875648.0,69,0.0,138,0.0,-109447200.0,0,13107,17040,26215,17049,13107,17043,0,0,0,70,68,100,2.7302359370752657e+23,71.2,2.7302370179391762e+23,74.2,2.7302370179391762e+23,74.0,1,49,50,180,13107,0,0,0,0.0,0.0,0.0,0.0,-0.0,67.0,0.0,162057.094,0.0,751,0,739,0,0,0,721,0,767,0,736,0,743,0,742,0,712,0,7520,0.032,107911053312.0,0.0,0.0,784,16797,-0.0,162057.094,-114818.039,-0.0,0.133,6.909358625270745e+28,30.0,65.0,35,0.0,0.0,0.0,0.0,0.0,0.0,0.0,0.0,0.0,0.0,0.0,0.0,0.0,0.0,0.0,0.0,69.2,0,150,71,55,65476,0,300,0,1,8,20529,65476,0,0,40632,65.0,0.0,0.0,0.0,0.0,0.0
2026-09-04T20:14:11,ERR,ERR,ERR,ERR,ERR,ERR,ERR,ERR,ERR,ERR,ERR,ERR,ERR,ERR,ERR,ERR,ERR,ERR,ERR,ERR,ERR,ERR,ERR,ERR,ERR,ERR,ERR,ERR,ERR,ERR,ERR,ERR,ERR,ERR,ERR,ERR,ERR,ERR,ERR,ERR,ERR,ERR,ERR,ERR,ERR,ERR,ERR,ERR,ERR,ERR,ERR,ERR,ERR,ERR,ERR,ERR,ERR,ERR,ERR,ERR,ERR,ERR,ERR,ERR,ERR,ERR,ERR,ERR,ERR,ERR,ERR,ERR,ERR,ERR,ERR,ERR,ERR,ERR,ERR,ERR,ERR,ERR,ERR,ERR,ERR,ERR,ERR,ERR,ERR,ERR,ERR,ERR,ERR,ERR,ERR,ERR,ERR,ERR,ERR,ERR,ERR,ERR,ERR,ERR,ERR,ERR,ERR,ERR,ERR,ERR,ERR,ERR,ERR,ERR,ERR,ERR,ERR,ERR,ERR,ERR,ERR,ERR,ERR,ERR,ERR,2.718430741444032e+23,2.7184312818759872e+23,0.0,0.0,0.0,1.3936040501711995e+18,7.805,0.0,0,0,4,0,7116,0.0,100,0.0,0.0,0.0,0.0,0.0,0,0,0,0,0.0,0,0,0,0,0,0,0,0,0,0,0,0,0,0,0,0,0,0,0,0,0,0,0,0,0,0,0,0,0,0,0,0,0,31,40,40,71,65476,0,300,0,0,8,21553,0.0,-107605600.0,0.0,0.0,0.0,0.0,0.0,0.0,0.0,0.0,0.0,0.0,0.0,0.0,0.0,0.0,0.0,0.0,0.0,0.0,0.0,0.0,0.0,-2.004,-2.004,0.0,0.0,0.0,0.0,0.0,6180.0,0.0,6915.0,2.718430741444032e+23,2.7184312818759872e+23,-0.0,2.718430741444032e+23,0.0,0.0,0.0,0.0,69,5.848086582142772e+35,0.0,0.0,0.0,0.0,0.0,0.0,0.0,0.0,0,0,0,0.0,0.0,0.0,0.0,0.0,0.0,0.0,0.0,0.0,0.0,0.0,0.0,0.0,0.0,0.0,0.0,0,-107875648.0,69,0.0,138,0.0,-109447200.0,0,13107,17040,26215,17049,13107,17043,0,0,0,70,68,100,2.7302359370752657e+23,71.2,2.7302370179391762e+23,74.2,2.7302370179391762e+23,74.0,1,49,50,180,13107,0,0,0,0.0,0.0,0.0,0.0,-0.0,67.0,0.0,162057.094,0.0,751,0,739,0,0,0,721,0,767,0,736,0,743,0,742,0,712,0,7520,0.032,107911053312.0,0.0,0.0,784,16797,-0.0,162057.094,-114818.039,-0.0,0.133,6.909358625270745e+28,30.0,65.0,35,0.0,0.0,0.0,0.0,0.0,0.0,0.0,0.0,0.0,0.0,0.0,0.0,0.0,0.0,0.0,0.0,69.2,0,150,71,55,65476,0,300,0,1,8,20529,65476,0,0,40632,65.0,0.0,0.0,0.0,0.0,0.0
2026-09-04T20:14:12,ERR,ERR,ERR,ERR,ERR,ERR,ERR,ERR,ERR,ERR,ERR,ERR,ERR,ERR,ERR,ERR,ERR,ERR,ERR,ERR,ERR,ERR,ERR,ERR,ERR,ERR,ERR,ERR,ERR,ERR,ERR,ERR,ERR,ERR,ERR,ERR,ERR,ERR,ERR,ERR,ERR,ERR,ERR,ERR,ERR,ERR,ERR,ERR,ERR,ERR,ERR,ERR,ERR,ERR,ERR,ERR,ERR,ERR,ERR,ERR,ERR,ERR,ERR,ERR,ERR,ERR,ERR,ERR,ERR,ERR,ERR,ERR,ERR,ERR,ERR,ERR,ERR,ERR,ERR,ERR,ERR,ERR,ERR,ERR,ERR,ERR,ERR,ERR,ERR,ERR,ERR,ERR,ERR,ERR,ERR,ERR,ERR,ERR,ERR,ERR,ERR,ERR,ERR,ERR,ERR,ERR,ERR,ERR,ERR,ERR,ERR,ERR,ERR,ERR,ERR,ERR,ERR,ERR,ERR,ERR,ERR,ERR,ERR,ERR,ERR,2.718430741444032e+23,2.7184312818759872e+23,0.0,0.0,0.0,1.3936040501711995e+18,7.805,0.0,0,0,4,0,7116,0.0,100,0.0,0.0,0.0,0.0,0.0,0,0,0,0,0.0,0,0,0,0,0,0,0,0,0,0,0,0,0,0,0,0,0,0,0,0,0,0,0,0,0,0,0,0,0,0,0,0,0,31,40,40,71,65476,0,300,0,0,8,21553,0.0,-107605600.0,0.0,0.0,0.0,0.0,0.0,0.0,0.0,0.0,0.0,0.0,0.0,0.0,0.0,0.0,0.0,0.0,0.0,0.0,0.0,0.0,0.0,-2.004,-2.004,0.0,0.0,0.0,0.0,0.0,6180.0,0.0,6915.0,2.718430741444032e+23,2.7184312818759872e+23,-0.0,2.718430741444032e+23,0.0,0.0,0.0,0.0,69,5.848086582142772e+35,0.0,0.0,0.0,0.0,0.0,0.0,0.0,0.0,0,0,0,0.0,0.0,0.0,0.0,0.0,0.0,0.0,0.0,0.0,0.0,0.0,0.0,0.0,0.0,0.0,0.0,0,-107875648.0,69,0.0,138,0.0,-109447200.0,0,13107,17040,26215,17049,13107,17043,0,0,0,70,68,100,2.7302359370752657e+23,71.2,2.7302370179391762e+23,74.2,2.7302370179391762e+23,74.0,1,49,50,180,13107,0,0,0,0.0,0.0,0.0,0.0,-0.0,67.0,0.0,162057.094,0.0,751,0,739,0,0,0,721,0,767,0,736,0,743,0,742,0,712,0,7520,0.032,107911053312.0,0.0,0.0,784,16797,-0.0,162057.094,-114818.039,-0.0,0.133,6.909358625270745e+28,30.0,65.0,35,0.0,0.0,0.0,0.0,0.0,0.0,0.0,0.0,0.0,0.0,0.0,0.0,0.0,0.0,0.0,0.0,69.2,0,150,71,55,65476,0,300,0,1,8,20529,65476,0,0,40632,65.0,0.0,0.0,0.0,0.0,0.0
2026-09-04T20:14:13,ERR,ERR,ERR,ERR,ERR,ERR,ERR,ERR,ERR,ERR,ERR,ERR,ERR,ERR,ERR,ERR,ERR,ERR,ERR,ERR,ERR,ERR,ERR,ERR,ERR,ERR,ERR,ERR,ERR,ERR,ERR,ERR,ERR,ERR,ERR,ERR,ERR,ERR,ERR,ERR,ERR,ERR,ERR,ERR,ERR,ERR,ERR,ERR,ERR,ERR,ERR,ERR,ERR,ERR,ERR,ERR,ERR,ERR,ERR,ERR,ERR,ERR,ERR,ERR,ERR,ERR,ERR,ERR,ERR,ERR,ERR,ERR,ERR,ERR,ERR,ERR,ERR,ERR,ERR,ERR,ERR,ERR,ERR,ERR,ERR,ERR,ERR,ERR,ERR,ERR,ERR,ERR,ERR,ERR,ERR,ERR,ERR,ERR,ERR,ERR,ERR,ERR,ERR,ERR,ERR,ERR,ERR,ERR,ERR,ERR,ERR,ERR,ERR,ERR,ERR,ERR,ERR,ERR,ERR,ERR,ERR,ERR,ERR,ERR,ERR,2.718430741444032e+23,2.7184312818759872e+23,0.0,0.0,0.0,1.3936040501711995e+18,7.805,0.0,0,0,4,0,7116,0.0,100,0.0,0.0,0.0,0.0,0.0,0,0,0,0,0.0,0,0,0,0,0,0,0,0,0,0,0,0,0,0,0,0,0,0,0,0,0,0,0,0,0,0,0,0,0,0,0,0,0,31,40,40,71,65476,0,300,0,0,8,21553,0.0,-107605600.0,0.0,0.0,0.0,0.0,0.0,0.0,0.0,0.0,0.0,0.0,0.0,0.0,0.0,0.0,0.0,0.0,0.0,0.0,0.0,0.0,0.0,-2.004,-2.004,0.0,0.0,0.0,0.0,0.0,6180.0,0.0,6915.0,2.718430741444032e+23,2.7184312818759872e+23,-0.0,2.718430741444032e+23,0.0,0.0,0.0,0.0,69,5.848086582142772e+35,0.0,0.0,0.0,0.0,0.0,0.0,0.0,0.0,0,0,0,0.0,0.0,0.0,0.0,0.0,0.0,0.0,0.0,0.0,0.0,0.0,0.0,0.0,0.0,0.0,0.0,0,-107875648.0,69,0.0,138,0.0,-109447200.0,0,13107,17040,26215,17049,13107,17043,0,0,0,70,68,100,2.7302359370752657e+23,71.2,2.7302370179391762e+23,74.2,2.7302370179391762e+23,74.0,1,49,50,180,13107,0,0,0,0.0,0.0,0.0,0.0,-0.0,67.0,0.0,162057.094,0.0,751,0,739,0,0,0,721,0,767,0,736,0,743,0,742,0,712,0,7520,0.032,107911053312.0,0.0,0.0,784,16797,-0.0,162057.094,-114818.039,-0.0,0.133,6.909358625270745e+28,30.0,65.0,35,0.0,0.0,0.0,0.0,0.0,0.0,0.0,0.0,0.0,0.0,0.0,0.0,0.0,0.0,0.0,0.0,69.2,0,150,71,55,65476,0,300,0,1,8,20529,65476,0,0,40632,65.0,0.0,0.0,0.0,0.0,0.0
2026-09-04T20:14:14,ERR,ERR,ERR,ERR,ERR,ERR,ERR,ERR,ERR,ERR,ERR,ERR,ERR,ERR,ERR,ERR,ERR,ERR,ERR,ERR,ERR,ERR,ERR,ERR,ERR,ERR,ERR,ERR,ERR,ERR,ERR,ERR,ERR,ERR,ERR,ERR,ERR,ERR,ERR,ERR,ERR,ERR,ERR,ERR,ERR,ERR,ERR,ERR,ERR,ERR,ERR,ERR,ERR,ERR,ERR,ERR,ERR,ERR,ERR,ERR,ERR,ERR,ERR,ERR,ERR,ERR,ERR,ERR,ERR,ERR,ERR,ERR,ERR,ERR,ERR,ERR,ERR,ERR,ERR,ERR,ERR,ERR,ERR,ERR,ERR,ERR,ERR,ERR,ERR,ERR,ERR,ERR,ERR,ERR,ERR,ERR,ERR,ERR,ERR,ERR,ERR,ERR,ERR,ERR,ERR,ERR,ERR,ERR,ERR,ERR,ERR,ERR,ERR,ERR,ERR,ERR,ERR,ERR,ERR,ERR,ERR,ERR,ERR,ERR,ERR,2.718430741444032e+23,2.7184312818759872e+23,0.0,0.0,0.0,1.3936040501711995e+18,7.805,0.0,0,0,4,0,7116,0.0,100,0.0,0.0,0.0,0.0,0.0,0,0,0,0,0.0,0,0,0,0,0,0,0,0,0,0,0,0,0,0,0,0,0,0,0,0,0,0,0,0,0,0,0,0,0,0,0,0,0,31,40,40,71,65476,0,300,0,0,8,21553,0.0,-107605600.0,0.0,0.0,0.0,0.0,0.0,0.0,0.0,0.0,0.0,0.0,0.0,0.0,0.0,0.0,0.0,0.0,0.0,0.0,0.0,0.0,0.0,-2.004,-2.004,0.0,0.0,0.0,0.0,0.0,6180.0,0.0,6915.0,2.718430741444032e+23,2.7184312818759872e+23,-0.0,2.718430741444032e+23,0.0,0.0,0.0,0.0,69,5.848086582142772e+35,0.0,0.0,0.0,0.0,0.0,0.0,0.0,0.0,0,0,0,0.0,0.0,0.0,0.0,0.0,0.0,0.0,0.0,0.0,0.0,0.0,0.0,0.0,0.0,0.0,0.0,0,-107875648.0,69,0.0,138,0.0,-109447200.0,0,13107,17040,26215,17049,13107,17043,0,0,0,70,68,100,2.7302359370752657e+23,71.2,2.7302370179391762e+23,74.2,2.7302370179391762e+23,74.0,1,49,50,180,13107,52429,0,0,0.0,0.0,0.0,0.0,-0.0,67.0,0.0,162057.094,0.0,751,0,740,0,0,0,721,0,767,0,737,0,742,0,742,0,712,0,7520,0.032,108984795136.0,0.0,0.0,784,16797,-0.0,162057.094,-114818.039,-0.0,0.133,6.909358625270745e+28,30.0,65.0,35,0.0,0.0,0.0,0.0,0.0,0.0,0.0,0.0,0.0,0.0,0.0,0.0,0.0,0.0,0.0,0.0,69.2,0,150,71,55,65476,0,300,0,1,8,20529,65476,0,0,40632,65.0,0.0,0.0,0.0,0.0,0.0
2026-09-04T20:14:15,ERR,ERR,ERR,ERR,ERR,ERR,ERR,ERR,ERR,ERR,ERR,ERR,ERR,ERR,ERR,ERR,ERR,ERR,ERR,ERR,ERR,ERR,ERR,ERR,ERR,ERR,ERR,ERR,ERR,ERR,ERR,ERR,ERR,ERR,ERR,ERR,ERR,ERR,ERR,ERR,ERR,ERR,ERR,ERR,ERR,ERR,ERR,ERR,ERR,ERR,ERR,ERR,ERR,ERR,ERR,ERR,ERR,ERR,ERR,ERR,ERR,ERR,ERR,ERR,ERR,ERR,ERR,ERR,ERR,ERR,ERR,ERR,ERR,ERR,ERR,ERR,ERR,ERR,ERR,ERR,ERR,ERR,ERR,ERR,ERR,ERR,ERR,ERR,ERR,ERR,ERR,ERR,ERR,ERR,ERR,ERR,ERR,ERR,ERR,ERR,ERR,ERR,ERR,ERR,ERR,ERR,ERR,ERR,ERR,ERR,ERR,ERR,ERR,ERR,ERR,ERR,ERR,ERR,ERR,ERR,ERR,ERR,ERR,ERR,ERR,2.718430741444032e+23,2.7184312818759872e+23,0.0,0.0,0.0,1.3936040501711995e+18,7.805,0.0,0,0,4,0,7116,0.0,100,0.0,0.0,0.0,0.0,0.0,0,0,0,0,0.0,0,0,0,0,0,0,0,0,0,0,0,0,0,0,0,0,0,0,0,0,0,0,0,0,0,0,0,0,0,0,0,0,0,31,40,40,71,65476,0,300,0,0,8,21553,0.0,-107605600.0,0.0,0.0,0.0,0.0,0.0,0.0,0.0,0.0,0.0,0.0,0.0,0.0,0.0,0.0,0.0,0.0,0.0,0.0,0.0,0.0,0.0,-2.004,-2.004,0.0,0.0,0.0,0.0,0.0,6180.0,0.0,6915.0,2.718430741444032e+23,2.7184312818759872e+23,-0.0,2.718430741444032e+23,0.0,0.0,0.0,0.0,69,5.848086582142772e+35,0.0,0.0,0.0,0.0,0.0,0.0,0.0,0.0,0,0,0,0.0,0.0,0.0,0.0,0.0,0.0,0.0,0.0,0.0,0.0,0.0,0.0,0.0,0.0,0.0,0.0,0,-107875648.0,69,0.0,138,0.0,-109447200.0,0,13107,17040,26215,17049,13107,17043,0,0,0,70,68,100,2.7302359370752657e+23,71.2,2.7302370179391762e+23,74.2,2.7302370179391762e+23,74.0,1,49,50,180,13107,52429,0,0,0.0,0.0,0.0,0.0,-0.0,67.0,0.0,162057.094,0.0,751,0,740,0,0,0,721,0,767,0,737,0,742,0,742,0,712,0,7520,0.032,108984795136.0,0.0,0.0,784,16797,-0.0,162057.094,-114818.039,-0.0,0.133,6.909358625270745e+28,30.0,65.0,35,0.0,0.0,0.0,0.0,0.0,0.0,0.0,0.0,0.0,0.0,0.0,0.0,0.0,0.0,0.0,0.0,69.2,0,150,71,55,65476,0,300,0,1,8,20529,65476,0,0,40632,65.0,0.0,0.0,0.0,0.0,0.0
2026-09-04T20:14:16,ERR,ERR,ERR,ERR,ERR,ERR,ERR,ERR,ERR,ERR,ERR,ERR,ERR,ERR,ERR,ERR,ERR,ERR,ERR,ERR,ERR,ERR,ERR,ERR,ERR,ERR,ERR,ERR,ERR,ERR,ERR,ERR,ERR,ERR,ERR,ERR,ERR,ERR,ERR,ERR,ERR,ERR,ERR,ERR,ERR,ERR,ERR,ERR,ERR,ERR,ERR,ERR,ERR,ERR,ERR,ERR,ERR,ERR,ERR,ERR,ERR,ERR,ERR,ERR,ERR,ERR,ERR,ERR,ERR,ERR,ERR,ERR,ERR,ERR,ERR,ERR,ERR,ERR,ERR,ERR,ERR,ERR,ERR,ERR,ERR,ERR,ERR,ERR,ERR,ERR,ERR,ERR,ERR,ERR,ERR,ERR,ERR,ERR,ERR,ERR,ERR,ERR,ERR,ERR,ERR,ERR,ERR,ERR,ERR,ERR,ERR,ERR,ERR,ERR,ERR,ERR,ERR,ERR,ERR,ERR,ERR,ERR,ERR,ERR,ERR,2.718430741444032e+23,2.7184312818759872e+23,0.0,0.0,0.0,1.3936040501711995e+18,7.805,0.0,0,0,4,0,7116,0.0,100,0.0,0.0,0.0,0.0,0.0,0,0,0,0,0.0,0,0,0,0,0,0,0,0,0,0,0,0,0,0,0,0,0,0,0,0,0,0,0,0,0,0,0,0,0,0,0,0,0,31,40,40,71,65476,0,300,0,0,8,21553,0.0,-107605600.0,0.0,0.0,0.0,0.0,0.0,0.0,0.0,0.0,0.0,0.0,0.0,0.0,0.0,0.0,0.0,0.0,0.0,0.0,0.0,0.0,0.0,-2.004,-2.004,0.0,0.0,0.0,0.0,0.0,6180.0,0.0,6915.0,2.718430741444032e+23,2.7184312818759872e+23,-0.0,2.718430741444032e+23,0.0,0.0,0.0,0.0,69,5.848086582142772e+35,0.0,0.0,0.0,0.0,0.0,0.0,0.0,0.0,0,0,0,0.0,0.0,0.0,0.0,0.0,0.0,0.0,0.0,0.0,0.0,0.0,0.0,0.0,0.0,0.0,0.0,0,-107875648.0,69,0.0,138,0.0,-109447200.0,0,13107,17040,26215,17049,13107,17043,0,0,0,70,68,100,2.7302359370752657e+23,71.2,2.7302370179391762e+23,74.2,2.7302370179391762e+23,74.0,1,49,50,180,13107,52429,0,0,0.0,0.0,0.0,0.0,-0.0,67.0,0.0,162057.094,0.0,751,0,740,0,0,0,721,0,767,0,737,0,742,0,742,0,712,0,7520,0.032,108984795136.0,0.0,0.0,784,16797,-0.0,162057.094,-114818.039,-0.0,0.133,6.909358625270745e+28,30.0,65.0,35,0.0,0.0,0.0,0.0,0.0,0.0,0.0,0.0,0.0,0.0,0.0,0.0,0.0,0.0,0.0,0.0,69.2,0,150,71,55,65476,0,300,0,1,8,20529,65476,0,0,40632,65.0,0.0,0.0,0.0,0.0,0.0
2026-09-04T20:14:17,ERR,ERR,ERR,ERR,ERR,ERR,ERR,ERR,ERR,ERR,ERR,ERR,ERR,ERR,ERR,ERR,ERR,ERR,ERR,ERR,ERR,ERR,ERR,ERR,ERR,ERR,ERR,ERR,ERR,ERR,ERR,ERR,ERR,ERR,ERR,ERR,ERR,ERR,ERR,ERR,ERR,ERR,ERR,ERR,ERR,ERR,ERR,ERR,ERR,ERR,ERR,ERR,ERR,ERR,ERR,ERR,ERR,ERR,ERR,ERR,ERR,ERR,ERR,ERR,ERR,ERR,ERR,ERR,ERR,ERR,ERR,ERR,ERR,ERR,ERR,ERR,ERR,ERR,ERR,ERR,ERR,ERR,ERR,ERR,ERR,ERR,ERR,ERR,ERR,ERR,ERR,ERR,ERR,ERR,ERR,ERR,ERR,ERR,ERR,ERR,ERR,ERR,ERR,ERR,ERR,ERR,ERR,ERR,ERR,ERR,ERR,ERR,ERR,ERR,ERR,ERR,ERR,ERR,ERR,ERR,ERR,ERR,ERR,ERR,ERR,2.718430741444032e+23,2.7184312818759872e+23,0.0,0.0,0.0,1.3936040501711995e+18,7.805,0.0,0,0,4,0,7116,0.0,100,0.0,0.0,0.0,0.0,0.0,0,0,0,0,0.0,0,0,0,0,0,0,0,0,0,0,0,0,0,0,0,0,0,0,0,0,0,0,0,0,0,0,0,0,0,0,0,0,0,31,40,40,71,65476,0,300,0,0,8,21553,0.0,-107605600.0,0.0,0.0,0.0,0.0,0.0,0.0,0.0,0.0,0.0,0.0,0.0,0.0,0.0,0.0,0.0,0.0,0.0,0.0,0.0,0.0,0.0,-2.004,-2.004,0.0,0.0,0.0,0.0,0.0,6180.0,0.0,6915.0,2.718430741444032e+23,2.7184312818759872e+23,-0.0,2.718430741444032e+23,0.0,0.0,0.0,0.0,69,5.848086582142772e+35,0.0,0.0,0.0,0.0,0.0,0.0,0.0,0.0,0,0,0,0.0,0.0,0.0,0.0,0.0,0.0,0.0,0.0,0.0,0.0,0.0,0.0,0.0,0.0,0.0,0.0,0,-107875648.0,69,0.0,138,0.0,-109447200.0,0,13107,17040,26215,17049,13107,17043,0,0,0,70,68,100,2.7302359370752657e+23,71.2,2.7302370179391762e+23,74.2,2.7302370179391762e+23,74.0,1,49,50,180,13107,52429,0,0,0.0,0.0,0.0,0.0,-0.0,67.0,0.0,162057.094,0.0,751,0,740,0,0,0,721,0,767,0,737,0,742,0,742,0,712,0,7520,0.032,108984795136.0,0.0,0.0,784,16797,-0.0,162057.094,-114818.039,-0.0,0.133,6.909358625270745e+28,30.0,65.0,35,0.0,0.0,0.0,0.0,0.0,0.0,0.0,0.0,0.0,0.0,0.0,0.0,0.0,0.0,0.0,0.0,69.2,0,150,71,55,65476,0,300,0,1,8,20529,65476,0,0,40632,65.0,0.0,0.0,0.0,0.0,0.0
2026-09-04T20:14:18,ERR,ERR,ERR,ERR,ERR,ERR,ERR,ERR,ERR,ERR,ERR,ERR,ERR,ERR,ERR,ERR,ERR,ERR,ERR,ERR,ERR,ERR,ERR,ERR,ERR,ERR,ERR,ERR,ERR,ERR,ERR,ERR,ERR,ERR,ERR,ERR,ERR,ERR,ERR,ERR,ERR,ERR,ERR,ERR,ERR,ERR,ERR,ERR,ERR,ERR,ERR,ERR,ERR,ERR,ERR,ERR,ERR,ERR,ERR,ERR,ERR,ERR,ERR,ERR,ERR,ERR,ERR,ERR,ERR,ERR,ERR,ERR,ERR,ERR,ERR,ERR,ERR,ERR,ERR,ERR,ERR,ERR,ERR,ERR,ERR,ERR,ERR,ERR,ERR,ERR,ERR,ERR,ERR,ERR,ERR,ERR,ERR,ERR,ERR,ERR,ERR,ERR,ERR,ERR,ERR,ERR,ERR,ERR,ERR,ERR,ERR,ERR,ERR,ERR,ERR,ERR,ERR,ERR,ERR,ERR,ERR,ERR,ERR,ERR,ERR,2.718430741444032e+23,2.7184312818759872e+23,0.0,0.0,0.0,1.3936040501711995e+18,7.805,0.0,0,0,4,0,7116,0.0,100,0.0,0.0,0.0,0.0,0.0,0,0,0,0,0.0,0,0,0,0,0,0,0,0,0,0,0,0,0,0,0,0,0,0,0,0,0,0,0,0,0,0,0,0,0,0,0,0,0,31,40,40,71,65476,0,300,0,0,8,21553,0.0,-107605600.0,0.0,0.0,0.0,0.0,0.0,0.0,0.0,0.0,0.0,0.0,0.0,0.0,0.0,0.0,0.0,0.0,0.0,0.0,0.0,0.0,0.0,-2.004,-2.004,0.0,0.0,0.0,0.0,0.0,6178.0,-131351.016,6938.0,2.718430741444032e+23,2.7184312818759872e+23,-0.0,2.718430741444032e+23,0.0,0.0,0.0,0.0,69,5.848086582142772e+35,0.0,0.0,0.0,0.0,0.0,0.0,0.0,0.0,0,0,0,0.0,0.0,0.0,0.0,0.0,0.0,0.0,0.0,0.0,0.0,0.0,0.0,0.0,0.0,0.0,0.0,0,-107875648.0,69,0.0,138,0.0,-109447200.0,0,13107,17040,26215,17049,13107,17043,0,0,0,70,68,100,2.7302359370752657e+23,71.2,2.7302370179391762e+23,74.2,2.7302370179391762e+23,74.0,1,49,50,180,13107,52429,0,0,0.0,0.0,0.0,0.0,-0.0,67.0,0.0,162057.094,0.0,751,0,740,0,0,0,721,0,767,0,737,0,742,0,742,0,712,0,7520,0.032,108984795136.0,0.0,0.0,784,16797,-0.0,162057.094,-114818.039,-0.0,0.133,6.909358625270745e+28,30.0,65.0,35,0.0,0.0,0.0,0.0,0.0,0.0,0.0,0.0,0.0,0.0,0.0,0.0,0.0,0.0,0.0,0.0,69.2,0,150,71,55,65476,0,300,0,1,8,20529,65476,0,0,40632,65.0,0.0,0.0,0.0,0.0,0.0
2026-09-04T20:14:19,ERR,ERR,ERR,ERR,ERR,ERR,ERR,ERR,ERR,ERR,ERR,ERR,ERR,ERR,ERR,ERR,ERR,ERR,ERR,ERR,ERR,ERR,ERR,ERR,ERR,ERR,ERR,ERR,ERR,ERR,ERR,ERR,ERR,ERR,ERR,ERR,ERR,ERR,ERR,ERR,ERR,ERR,ERR,ERR,ERR,ERR,ERR,ERR,ERR,ERR,ERR,ERR,ERR,ERR,ERR,ERR,ERR,ERR,ERR,ERR,ERR,ERR,ERR,ERR,ERR,ERR,ERR,ERR,ERR,ERR,ERR,ERR,ERR,ERR,ERR,ERR,ERR,ERR,ERR,ERR,ERR,ERR,ERR,ERR,ERR,ERR,ERR,ERR,ERR,ERR,ERR,ERR,ERR,ERR,ERR,ERR,ERR,ERR,ERR,ERR,ERR,ERR,ERR,ERR,ERR,ERR,ERR,ERR,ERR,ERR,ERR,ERR,ERR,ERR,ERR,ERR,ERR,ERR,ERR,ERR,ERR,ERR,ERR,ERR,ERR,2.718430741444032e+23,2.7184312818759872e+23,0.0,0.0,0.0,1.3936040501711995e+18,7.805,0.0,0,0,4,0,7116,0.0,100,0.0,0.0,0.0,0.0,0.0,0,0,0,0,0.0,0,0,0,0,0,0,0,0,0,0,0,0,0,0,0,0,0,0,0,0,0,0,0,0,0,0,0,0,0,0,0,0,0,31,40,40,71,65476,0,300,0,0,8,21553,0.0,-107605600.0,0.0,0.0,0.0,0.0,0.0,0.0,0.0,0.0,0.0,0.0,0.0,0.0,0.0,0.0,0.0,0.0,0.0,0.0,0.0,0.0,0.0,-2.004,-2.004,0.0,0.0,0.0,0.0,0.0,6178.0,-131351.016,6938.0,2.718430741444032e+23,2.7184312818759872e+23,-0.0,2.718430741444032e+23,0.0,0.0,0.0,0.0,69,5.848086582142772e+35,0.0,0.0,0.0,0.0,0.0,0.0,0.0,0.0,0,0,0,0.0,0.0,0.0,0.0,0.0,0.0,0.0,0.0,0.0,0.0,0.0,0.0,0.0,0.0,0.0,0.0,0,-107875648.0,69,0.0,138,0.0,-109447200.0,0,13107,17040,26215,17049,13107,17043,0,0,0,70,68,100,2.7302359370752657e+23,71.2,2.7302370179391762e+23,74.3,-0.0,74.0,1,49,50,180,13107,52429,0,0,0.0,0.0,0.0,0.0,-0.0,67.0,0.0,162057.094,0.0,751,0,739,0,0,0,721,0,767,0,736,0,743,0,742,0,712,0,7520,0.032,107911053312.0,0.0,0.0,784,16797,-0.0,162057.094,-114818.039,-0.0,0.133,6.909358625270745e+28,30.0,65.0,35,0.0,0.0,0.0,0.0,0.0,0.0,0.0,0.0,0.0,0.0,0.0,0.0,0.0,0.0,0.0,0.0,69.2,0,150,71,55,65476,0,300,0,1,8,20529,65476,0,0,40632,65.0,0.0,0.0,0.0,0.0,0.0
2026-09-04T20:14:20,ERR,ERR,ERR,ERR,ERR,ERR,ERR,ERR,ERR,ERR,ERR,ERR,ERR,ERR,ERR,ERR,ERR,ERR,ERR,ERR,ERR,ERR,ERR,ERR,ERR,ERR,ERR,ERR,ERR,ERR,ERR,ERR,ERR,ERR,ERR,ERR,ERR,ERR,ERR,ERR,ERR,ERR,ERR,ERR,ERR,ERR,ERR,ERR,ERR,ERR,ERR,ERR,ERR,ERR,ERR,ERR,ERR,ERR,ERR,ERR,ERR,ERR,ERR,ERR,ERR,ERR,ERR,ERR,ERR,ERR,ERR,ERR,ERR,ERR,ERR,ERR,ERR,ERR,ERR,ERR,ERR,ERR,ERR,ERR,ERR,ERR,ERR,ERR,ERR,ERR,ERR,ERR,ERR,ERR,ERR,ERR,ERR,ERR,ERR,ERR,ERR,ERR,ERR,ERR,ERR,ERR,ERR,ERR,ERR,ERR,ERR,ERR,ERR,ERR,ERR,ERR,ERR,ERR,ERR,ERR,ERR,ERR,ERR,ERR,ERR,2.718430741444032e+23,2.7184312818759872e+23,0.0,0.0,0.0,1.3936040501711995e+18,7.805,0.0,0,0,4,0,7116,0.0,100,0.0,0.0,0.0,0.0,0.0,0,0,0,0,0.0,0,0,0,0,0,0,0,0,0,0,0,0,0,0,0,0,0,0,0,0,0,0,0,0,0,0,0,0,0,0,0,0,0,31,40,40,71,65476,0,300,0,0,8,21553,0.0,-107605600.0,0.0,0.0,0.0,0.0,0.0,0.0,0.0,0.0,0.0,0.0,0.0,0.0,0.0,0.0,0.0,0.0,0.0,0.0,0.0,0.0,0.0,-2.004,-2.004,0.0,0.0,0.0,0.0,0.0,6178.0,-131351.016,6938.0,2.718430741444032e+23,2.7184312818759872e+23,-0.0,2.718430741444032e+23,0.0,0.0,0.0,0.0,69,5.848086582142772e+35,0.0,0.0,0.0,0.0,0.0,0.0,0.0,0.0,0,0,0,0.0,0.0,0.0,0.0,0.0,0.0,0.0,0.0,0.0,0.0,0.0,0.0,0.0,0.0,0.0,0.0,0,-107875648.0,69,0.0,138,0.0,-109447200.0,0,13107,17040,26215,17049,13107,17043,0,0,0,70,68,100,2.7302359370752657e+23,71.2,2.7302370179391762e+23,74.3,-0.0,74.0,1,49,50,180,13107,52429,0,0,0.0,0.0,0.0,0.0,-0.0,67.0,0.0,162057.094,0.0,751,0,739,0,0,0,721,0,767,0,736,0,743,0,742,0,712,0,7520,0.032,107911053312.0,0.0,0.0,784,16797,-0.0,162057.094,-114818.039,-0.0,0.133,6.909358625270745e+28,30.0,65.0,35,0.0,0.0,0.0,0.0,0.0,0.0,0.0,0.0,0.0,0.0,0.0,0.0,0.0,0.0,0.0,0.0,69.2,0,150,71,55,65476,0,300,0,1,8,20529,65476,0,0,40632,65.0,0.0,0.0,0.0,0.0,0.0
2026-09-04T20:14:21,ERR,ERR,ERR,ERR,ERR,ERR,ERR,ERR,ERR,ERR,ERR,ERR,ERR,ERR,ERR,ERR,ERR,ERR,ERR,ERR,ERR,ERR,ERR,ERR,ERR,ERR,ERR,ERR,ERR,ERR,ERR,ERR,ERR,ERR,ERR,ERR,ERR,ERR,ERR,ERR,ERR,ERR,ERR,ERR,ERR,ERR,ERR,ERR,ERR,ERR,ERR,ERR,ERR,ERR,ERR,ERR,ERR,ERR,ERR,ERR,ERR,ERR,ERR,ERR,ERR,ERR,ERR,ERR,ERR,ERR,ERR,ERR,ERR,ERR,ERR,ERR,ERR,ERR,ERR,ERR,ERR,ERR,ERR,ERR,ERR,ERR,ERR,ERR,ERR,ERR,ERR,ERR,ERR,ERR,ERR,ERR,ERR,ERR,ERR,ERR,ERR,ERR,ERR,ERR,ERR,ERR,ERR,ERR,ERR,ERR,ERR,ERR,ERR,ERR,ERR,ERR,ERR,ERR,ERR,ERR,ERR,ERR,ERR,ERR,ERR,2.718430741444032e+23,2.7184312818759872e+23,0.0,0.0,0.0,1.3936040501711995e+18,7.805,0.0,0,0,4,0,7116,0.0,100,0.0,0.0,0.0,0.0,0.0,0,0,0,0,0.0,0,0,0,0,0,0,0,0,0,0,0,0,0,0,0,0,0,0,0,0,0,0,0,0,0,0,0,0,0,0,0,0,0,31,40,40,71,65476,0,300,0,0,8,21553,0.0,-107605600.0,0.0,0.0,0.0,0.0,0.0,0.0,0.0,0.0,0.0,0.0,0.0,0.0,0.0,0.0,0.0,0.0,0.0,0.0,0.0,0.0,0.0,-2.004,-2.004,0.0,0.0,0.0,0.0,0.0,6178.0,-131351.016,6938.0,2.718430741444032e+23,2.7184312818759872e+23,-0.0,2.718430741444032e+23,0.0,0.0,0.0,0.0,69,5.848086582142772e+35,0.0,0.0,0.0,0.0,0.0,0.0,0.0,0.0,0,0,0,0.0,0.0,0.0,0.0,0.0,0.0,0.0,0.0,0.0,0.0,0.0,0.0,0.0,0.0,0.0,0.0,0,-107875648.0,69,0.0,138,0.0,-109447200.0,0,13107,17040,26215,17049,13107,17043,0,0,0,70,68,100,2.7302359370752657e+23,71.2,2.7302370179391762e+23,74.3,-0.0,74.0,1,49,50,180,13107,52429,0,0,0.0,0.0,0.0,0.0,-0.0,67.0,0.0,162057.094,0.0,751,0,739,0,0,0,721,0,767,0,736,0,743,0,742,0,712,0,7520,0.032,107911053312.0,0.0,0.0,784,16797,-0.0,162057.094,-114818.039,-0.0,0.133,6.909358625270745e+28,30.0,65.0,35,0.0,0.0,0.0,0.0,0.0,0.0,0.0,0.0,0.0,0.0,0.0,0.0,0.0,0.0,0.0,0.0,69.2,0,150,71,55,65476,0,300,0,1,8,20529,65476,0,0,40632,65.0,0.0,0.0,0.0,0.0,0.0
2026-09-04T20:14:22,ERR,ERR,ERR,ERR,ERR,ERR,ERR,ERR,ERR,ERR,ERR,ERR,ERR,ERR,ERR,ERR,ERR,ERR,ERR,ERR,ERR,ERR,ERR,ERR,ERR,ERR,ERR,ERR,ERR,ERR,ERR,ERR,ERR,ERR,ERR,ERR,ERR,ERR,ERR,ERR,ERR,ERR,ERR,ERR,ERR,ERR,ERR,ERR,ERR,ERR,ERR,ERR,ERR,ERR,ERR,ERR,ERR,ERR,ERR,ERR,ERR,ERR,ERR,ERR,ERR,ERR,ERR,ERR,ERR,ERR,ERR,ERR,ERR,ERR,ERR,ERR,ERR,ERR,ERR,ERR,ERR,ERR,ERR,ERR,ERR,ERR,ERR,ERR,ERR,ERR,ERR,ERR,ERR,ERR,ERR,ERR,ERR,ERR,ERR,ERR,ERR,ERR,ERR,ERR,ERR,ERR,ERR,ERR,ERR,ERR,ERR,ERR,ERR,ERR,ERR,ERR,ERR,ERR,ERR,ERR,ERR,ERR,ERR,ERR,ERR,2.718430741444032e+23,2.7184312818759872e+23,0.0,0.0,0.0,1.3936040501711995e+18,7.805,0.0,0,0,4,0,7116,0.0,100,0.0,0.0,0.0,0.0,0.0,0,0,0,0,0.0,0,0,0,0,0,0,0,0,0,0,0,0,0,0,0,0,0,0,0,0,0,0,0,0,0,0,0,0,0,0,0,0,0,31,40,40,71,65476,0,300,0,0,8,21553,0.0,-107605600.0,0.0,0.0,0.0,0.0,0.0,0.0,0.0,0.0,0.0,0.0,0.0,0.0,0.0,0.0,0.0,0.0,0.0,0.0,0.0,0.0,0.0,-2.004,-2.004,0.0,0.0,0.0,0.0,0.0,6178.0,-131351.016,6938.0,2.718430741444032e+23,2.7184312818759872e+23,-0.0,2.718430741444032e+23,0.0,0.0,0.0,0.0,69,5.848086582142772e+35,0.0,0.0,0.0,0.0,0.0,0.0,0.0,0.0,0,0,0,0.0,0.0,0.0,0.0,0.0,0.0,0.0,0.0,0.0,0.0,0.0,0.0,0.0,0.0,0.0,0.0,0,-107875648.0,69,0.0,138,0.0,-109447200.0,0,13107,17040,26215,17049,13107,17043,0,0,0,70,68,100,2.7302359370752657e+23,71.2,2.7302370179391762e+23,74.3,-0.0,74.0,1,49,50,180,13107,52429,0,0,0.0,0.0,0.0,0.0,-0.0,67.0,0.0,162057.094,0.0,751,0,739,0,0,0,721,0,767,0,736,0,743,0,742,0,712,0,7520,0.032,107911053312.0,0.0,0.0,784,16797,-0.0,162057.094,-114818.039,-0.0,0.133,6.909358625270745e+28,30.0,65.0,35,0.0,0.0,0.0,0.0,0.0,0.0,0.0,0.0,0.0,0.0,0.0,0.0,0.0,0.0,0.0,0.0,69.2,0,150,71,55,65476,0,300,0,1,8,20529,65476,0,0,40632,65.0,0.0,0.0,0.0,0.0,0.0
2026-09-04T20:14:23,ERR,ERR,ERR,ERR,ERR,ERR,ERR,ERR,ERR,ERR,ERR,ERR,ERR,ERR,ERR,ERR,ERR,ERR,ERR,ERR,ERR,ERR,ERR,ERR,ERR,ERR,ERR,ERR,ERR,ERR,ERR,ERR,ERR,ERR,ERR,ERR,ERR,ERR,ERR,ERR,ERR,ERR,ERR,ERR,ERR,ERR,ERR,ERR,ERR,ERR,ERR,ERR,ERR,ERR,ERR,ERR,ERR,ERR,ERR,ERR,ERR,ERR,ERR,ERR,ERR,ERR,ERR,ERR,ERR,ERR,ERR,ERR,ERR,ERR,ERR,ERR,ERR,ERR,ERR,ERR,ERR,ERR,ERR,ERR,ERR,ERR,ERR,ERR,ERR,ERR,ERR,ERR,ERR,ERR,ERR,ERR,ERR,ERR,ERR,ERR,ERR,ERR,ERR,ERR,ERR,ERR,ERR,ERR,ERR,ERR,ERR,ERR,ERR,ERR,ERR,ERR,ERR,ERR,ERR,ERR,ERR,ERR,ERR,ERR,ERR,2.718430741444032e+23,2.7184312818759872e+23,0.0,0.0,0.0,1.3936040501711995e+18,7.805,0.0,0,0,4,0,7116,0.0,100,0.0,0.0,0.0,0.0,0.0,0,0,0,0,0.0,0,0,0,0,0,0,0,0,0,0,0,0,0,0,0,0,0,0,0,0,0,0,0,0,0,0,0,0,0,0,0,0,0,31,40,40,71,65476,0,300,0,0,8,21553,0.0,-107605600.0,0.0,0.0,0.0,0.0,0.0,0.0,0.0,0.0,0.0,0.0,0.0,0.0,0.0,0.0,0.0,0.0,0.0,0.0,0.0,0.0,0.0,-2.004,-2.004,0.0,0.0,0.0,0.0,0.0,6178.0,-131351.016,6938.0,2.718430741444032e+23,2.7184312818759872e+23,-0.0,2.718430741444032e+23,0.0,0.0,0.0,0.0,69,5.848086582142772e+35,0.0,0.0,0.0,0.0,0.0,0.0,0.0,0.0,0,0,0,0.0,0.0,0.0,0.0,0.0,0.0,0.0,0.0,0.0,0.0,0.0,0.0,0.0,0.0,0.0,0.0,0,-107875648.0,69,0.0,138,0.0,-109447200.0,0,13107,17040,26215,17049,13107,17043,0,0,0,70,68,100,2.7302359370752657e+23,71.2,2.7302370179391762e+23,74.3,-0.0,74.0,1,49,50,180,13107,52429,0,0,0.0,0.0,0.0,0.0,-0.0,67.0,0.0,162057.094,0.0,751,0,739,0,0,0,721,0,767,0,736,0,743,0,742,0,712,0,7520,0.032,107911053312.0,0.0,0.0,784,16797,-0.0,162057.094,-114818.039,-0.0,0.133,6.909358625270745e+28,30.0,65.0,35,0.0,0.0,0.0,0.0,0.0,0.0,0.0,0.0,0.0,0.0,0.0,0.0,0.0,0.0,0.0,0.0,69.2,0,150,71,55,65476,0,300,0,1,8,20529,65476,0,0,40632,65.0,0.0,0.0,0.0,0.0,0.0
2026-09-04T20:14:24,ERR,ERR,ERR,ERR,ERR,ERR,ERR,ERR,ERR,ERR,ERR,ERR,ERR,ERR,ERR,ERR,ERR,ERR,ERR,ERR,ERR,ERR,ERR,ERR,ERR,ERR,ERR,ERR,ERR,ERR,ERR,ERR,ERR,ERR,ERR,ERR,ERR,ERR,ERR,ERR,ERR,ERR,ERR,ERR,ERR,ERR,ERR,ERR,ERR,ERR,ERR,ERR,ERR,ERR,ERR,ERR,ERR,ERR,ERR,ERR,ERR,ERR,ERR,ERR,ERR,ERR,ERR,ERR,ERR,ERR,ERR,ERR,ERR,ERR,ERR,ERR,ERR,ERR,ERR,ERR,ERR,ERR,ERR,ERR,ERR,ERR,ERR,ERR,ERR,ERR,ERR,ERR,ERR,ERR,ERR,ERR,ERR,ERR,ERR,ERR,ERR,ERR,ERR,ERR,ERR,ERR,ERR,ERR,ERR,ERR,ERR,ERR,ERR,ERR,ERR,ERR,ERR,ERR,ERR,ERR,ERR,ERR,ERR,ERR,ERR,2.718430741444032e+23,2.7184312818759872e+23,0.0,0.0,0.0,1.3936040501711995e+18,7.805,0.0,0,0,4,0,7116,0.0,100,0.0,0.0,0.0,0.0,0.0,0,0,0,0,0.0,0,0,0,0,0,0,0,0,0,0,0,0,0,0,0,0,0,0,0,0,0,0,0,0,0,0,0,0,0,0,0,0,0,31,40,40,71,65476,0,300,0,0,8,21553,0.0,-107605600.0,0.0,0.0,0.0,0.0,0.0,0.0,0.0,0.0,0.0,0.0,0.0,0.0,0.0,0.0,0.0,0.0,0.0,0.0,0.0,0.0,0.0,-2.004,-2.004,0.0,0.0,0.0,0.0,0.0,6178.0,-131351.016,6938.0,2.718430741444032e+23,2.7184312818759872e+23,-0.0,2.718430741444032e+23,0.0,0.0,0.0,0.0,69,5.848086582142772e+35,0.0,0.0,0.0,0.0,0.0,0.0,0.0,0.0,0,0,0,0.0,0.0,0.0,0.0,0.0,0.0,0.0,0.0,0.0,0.0,0.0,0.0,0.0,0.0,0.0,0.0,0,-107875648.0,69,0.0,138,0.0,-109447200.0,0,13107,17040,26215,17049,13107,17043,0,0,0,70,68,100,2.7302359370752657e+23,71.2,2.7302370179391762e+23,74.3,-0.0,74.0,1,49,50,180,13107,52429,0,0,0.0,0.0,0.0,0.0,-0.0,67.0,0.0,162057.094,0.0,751,0,739,0,0,0,721,0,767,0,736,0,743,0,742,0,712,0,7520,0.032,107911053312.0,0.0,0.0,784,16797,-0.0,162057.094,-114818.039,-0.0,0.133,6.909358625270745e+28,30.0,65.0,35,0.0,0.0,0.0,0.0,0.0,0.0,0.0,0.0,0.0,0.0,0.0,0.0,0.0,0.0,0.0,0.0,69.2,0,150,71,55,65476,0,300,0,1,8,20529,65476,0,0,40632,65.0,0.0,0.0,0.0,0.0,0.0
2026-09-04T20:14:25,ERR,ERR,ERR,ERR,ERR,ERR,ERR,ERR,ERR,ERR,ERR,ERR,ERR,ERR,ERR,ERR,ERR,ERR,ERR,ERR,ERR,ERR,ERR,ERR,ERR,ERR,ERR,ERR,ERR,ERR,ERR,ERR,ERR,ERR,ERR,ERR,ERR,ERR,ERR,ERR,ERR,ERR,ERR,ERR,ERR,ERR,ERR,ERR,ERR,ERR,ERR,ERR,ERR,ERR,ERR,ERR,ERR,ERR,ERR,ERR,ERR,ERR,ERR,ERR,ERR,ERR,ERR,ERR,ERR,ERR,ERR,ERR,ERR,ERR,ERR,ERR,ERR,ERR,ERR,ERR,ERR,ERR,ERR,ERR,ERR,ERR,ERR,ERR,ERR,ERR,ERR,ERR,ERR,ERR,ERR,ERR,ERR,ERR,ERR,ERR,ERR,ERR,ERR,ERR,ERR,ERR,ERR,ERR,ERR,ERR,ERR,ERR,ERR,ERR,ERR,ERR,ERR,ERR,ERR,ERR,ERR,ERR,ERR,ERR,ERR,2.718430741444032e+23,2.7184312818759872e+23,0.0,0.0,0.0,1.3936040501711995e+18,7.805,0.0,0,0,4,0,7116,0.0,100,0.0,0.0,0.0,0.0,0.0,0,0,0,0,0.0,0,0,0,0,0,0,0,0,0,0,0,0,0,0,0,0,0,0,0,0,0,0,0,0,0,0,0,0,0,0,0,0,0,31,40,40,71,65476,0,300,0,0,8,21553,0.0,-107605600.0,0.0,0.0,0.0,0.0,0.0,0.0,0.0,0.0,0.0,0.0,0.0,0.0,-2.596148429267414e+33,0.0,0.0,0.0,0.0,0.0,0.0,0.0,0.0,-2.004,-2.004,0.0,0.0,0.0,0.0,0.0,6211.0,0.0,6913.0,2.718430741444032e+23,2.7184312818759872e+23,-0.0,2.718430741444032e+23,0.0,0.0,0.0,0.0,69,4.950431692736863e+32,1.905694169104384e+17,0.0,0.0,0.0,0.0,0.0,0.0,0.0,0,0,0,0.0,0.0,0.0,0.0,0.0,0.0,0.0,0.0,0.0,0.0,0.0,0.0,0.0,0.0,0.0,0.0,0,-107875648.0,69,0.0,138,0.0,-109447200.0,0,13107,17040,26215,17049,13107,17043,0,0,0,70,68,100,2.7302359370752657e+23,71.2,2.7302370179391762e+23,74.2,2.7302370179391762e+23,74.0,1,49,50,180,13107,52429,0,0,0.0,0.0,0.0,0.0,-0.0,67.0,0.0,162057.094,0.0,751,0,739,0,0,0,721,0,767,0,736,0,742,0,742,0,712,0,7520,0.032,107911053312.0,0.0,0.0,784,16797,-0.0,162057.094,-114818.039,-0.0,0.133,6.909358625270745e+28,30.0,65.0,35,0.0,0.0,0.0,0.0,0.0,0.0,0.0,0.0,0.0,0.0,0.0,0.0,0.0,0.0,0.0,0.0,69.2,0,150,71,55,65476,0,300,0,1,8,20529,65476,0,0,40632,65.0,0.0,0.0,0.0,0.0,0.0
2026-09-04T20:14:26,ERR,ERR,ERR,ERR,ERR,ERR,ERR,ERR,ERR,ERR,ERR,ERR,ERR,ERR,ERR,ERR,ERR,ERR,ERR,ERR,ERR,ERR,ERR,ERR,ERR,ERR,ERR,ERR,ERR,ERR,ERR,ERR,ERR,ERR,ERR,ERR,ERR,ERR,ERR,ERR,ERR,ERR,ERR,ERR,ERR,ERR,ERR,ERR,ERR,ERR,ERR,ERR,ERR,ERR,ERR,ERR,ERR,ERR,ERR,ERR,ERR,ERR,ERR,ERR,ERR,ERR,ERR,ERR,ERR,ERR,ERR,ERR,ERR,ERR,ERR,ERR,ERR,ERR,ERR,ERR,ERR,ERR,ERR,ERR,ERR,ERR,ERR,ERR,ERR,ERR,ERR,ERR,ERR,ERR,ERR,ERR,ERR,ERR,ERR,ERR,ERR,ERR,ERR,ERR,ERR,ERR,ERR,ERR,ERR,ERR,ERR,ERR,ERR,ERR,ERR,ERR,ERR,ERR,ERR,ERR,ERR,ERR,ERR,ERR,ERR,2.718430741444032e+23,2.7184312818759872e+23,0.0,0.0,0.0,1.3936040501711995e+18,7.805,0.0,0,0,4,0,7116,0.0,100,0.0,0.0,0.0,0.0,0.0,0,0,0,0,0.0,0,0,0,0,0,0,0,0,0,0,0,0,0,0,0,0,0,0,0,0,0,0,0,0,0,0,0,0,0,0,0,0,0,31,40,40,71,65476,0,300,0,0,8,21553,0.0,-107605600.0,0.0,0.0,0.0,0.0,0.0,0.0,0.0,0.0,0.0,0.0,0.0,0.0,-2.596148429267414e+33,0.0,0.0,0.0,0.0,0.0,0.0,0.0,0.0,-2.004,-2.004,0.0,0.0,0.0,0.0,0.0,6211.0,0.0,6913.0,2.718430741444032e+23,2.7184312818759872e+23,-0.0,2.718430741444032e+23,0.0,0.0,0.0,0.0,69,4.950431692736863e+32,1.905694169104384e+17,0.0,0.0,0.0,0.0,0.0,0.0,0.0,0,0,0,0.0,0.0,0.0,0.0,0.0,0.0,0.0,0.0,0.0,0.0,0.0,0.0,0.0,0.0,0.0,0.0,0,-107875648.0,69,0.0,138,0.0,-109447200.0,0,13107,17040,26215,17049,13107,17043,0,0,0,70,68,100,2.7302359370752657e+23,71.2,2.7302370179391762e+23,74.2,2.7302370179391762e+23,74.0,1,49,50,180,13107,52429,0,0,0.0,0.0,0.0,0.0,-0.0,67.0,0.0,162057.094,0.0,751,0,739,0,0,0,721,0,767,0,736,0,742,0,742,0,712,0,7520,0.032,107911053312.0,0.0,0.0,784,16797,-0.0,162057.094,-114818.039,-0.0,0.133,6.909358625270745e+28,30.0,65.0,35,0.0,0.0,0.0,0.0,0.0,0.0,0.0,0.0,0.0,0.0,0.0,0.0,0.0,0.0,0.0,0.0,69.2,0,150,71,55,65476,0,300,0,1,8,20529,65476,0,0,40632,65.0,0.0,0.0,0.0,0.0,0.0
2026-09-04T20:14:27,ERR,ERR,ERR,ERR,ERR,ERR,ERR,ERR,ERR,ERR,ERR,ERR,ERR,ERR,ERR,ERR,ERR,ERR,ERR,ERR,ERR,ERR,ERR,ERR,ERR,ERR,ERR,ERR,ERR,ERR,ERR,ERR,ERR,ERR,ERR,ERR,ERR,ERR,ERR,ERR,ERR,ERR,ERR,ERR,ERR,ERR,ERR,ERR,ERR,ERR,ERR,ERR,ERR,ERR,ERR,ERR,ERR,ERR,ERR,ERR,ERR,ERR,ERR,ERR,ERR,ERR,ERR,ERR,ERR,ERR,ERR,ERR,ERR,ERR,ERR,ERR,ERR,ERR,ERR,ERR,ERR,ERR,ERR,ERR,ERR,ERR,ERR,ERR,ERR,ERR,ERR,ERR,ERR,ERR,ERR,ERR,ERR,ERR,ERR,ERR,ERR,ERR,ERR,ERR,ERR,ERR,ERR,ERR,ERR,ERR,ERR,ERR,ERR,ERR,ERR,ERR,ERR,ERR,ERR,ERR,ERR,ERR,ERR,ERR,ERR,2.718430741444032e+23,2.7184312818759872e+23,0.0,0.0,0.0,1.3936040501711995e+18,7.805,0.0,0,0,4,0,7116,0.0,100,0.0,0.0,0.0,0.0,0.0,0,0,0,0,0.0,0,0,0,0,0,0,0,0,0,0,0,0,0,0,0,0,0,0,0,0,0,0,0,0,0,0,0,0,0,0,0,0,0,31,40,40,71,65476,0,300,0,0,8,21553,0.0,-107605600.0,0.0,0.0,0.0,0.0,0.0,0.0,0.0,0.0,0.0,0.0,0.0,0.0,-2.596148429267414e+33,0.0,0.0,0.0,0.0,0.0,0.0,0.0,0.0,-2.004,-2.004,0.0,0.0,0.0,0.0,0.0,6211.0,0.0,6913.0,2.718430741444032e+23,2.7184312818759872e+23,-0.0,2.718430741444032e+23,0.0,0.0,0.0,0.0,69,4.950431692736863e+32,1.905694169104384e+17,0.0,0.0,0.0,0.0,0.0,0.0,0.0,0,0,0,0.0,0.0,0.0,0.0,0.0,0.0,0.0,0.0,0.0,0.0,0.0,0.0,0.0,0.0,0.0,0.0,0,-107875648.0,69,0.0,138,0.0,-109447200.0,0,13107,17040,26215,17049,13107,17043,0,0,0,70,68,100,2.7302359370752657e+23,71.2,2.7302370179391762e+23,74.2,2.7302370179391762e+23,74.0,1,49,50,180,13107,52429,0,0,0.0,0.0,0.0,0.0,-0.0,67.0,0.0,162057.094,0.0,751,0,739,0,0,0,721,0,767,0,736,0,742,0,742,0,712,0,7520,0.032,107911053312.0,0.0,0.0,784,16797,-0.0,162057.094,-114818.039,-0.0,0.133,6.909358625270745e+28,30.0,65.0,35,0.0,0.0,0.0,0.0,0.0,0.0,0.0,0.0,0.0,0.0,0.0,0.0,0.0,0.0,0.0,0.0,69.2,0,150,71,55,65476,0,300,0,1,8,20529,65476,0,0,40632,65.0,0.0,0.0,0.0,0.0,0.0
2026-09-04T20:14:28,ERR,ERR,ERR,ERR,ERR,ERR,ERR,ERR,ERR,ERR,ERR,ERR,ERR,ERR,ERR,ERR,ERR,ERR,ERR,ERR,ERR,ERR,ERR,ERR,ERR,ERR,ERR,ERR,ERR,ERR,ERR,ERR,ERR,ERR,ERR,ERR,ERR,ERR,ERR,ERR,ERR,ERR,ERR,ERR,ERR,ERR,ERR,ERR,ERR,ERR,ERR,ERR,ERR,ERR,ERR,ERR,ERR,ERR,ERR,ERR,ERR,ERR,ERR,ERR,ERR,ERR,ERR,ERR,ERR,ERR,ERR,ERR,ERR,ERR,ERR,ERR,ERR,ERR,ERR,ERR,ERR,ERR,ERR,ERR,ERR,ERR,ERR,ERR,ERR,ERR,ERR,ERR,ERR,ERR,ERR,ERR,ERR,ERR,ERR,ERR,ERR,ERR,ERR,ERR,ERR,ERR,ERR,ERR,ERR,ERR,ERR,ERR,ERR,ERR,ERR,ERR,ERR,ERR,ERR,ERR,ERR,ERR,ERR,ERR,ERR,2.718430741444032e+23,2.7184312818759872e+23,0.0,0.0,0.0,1.3936040501711995e+18,7.805,0.0,0,0,4,0,7116,0.0,100,0.0,0.0,0.0,0.0,0.0,0,0,0,0,0.0,0,0,0,0,0,0,0,0,0,0,0,0,0,0,0,0,0,0,0,0,0,0,0,0,0,0,0,0,0,0,0,0,0,31,40,40,71,65476,0,300,0,0,8,21553,0.0,-107605600.0,0.0,0.0,0.0,0.0,0.0,0.0,0.0,0.0,0.0,0.0,0.0,0.0,-2.596148429267414e+33,0.0,0.0,0.0,0.0,0.0,0.0,0.0,0.0,-2.004,-2.004,0.0,0.0,0.0,0.0,0.0,6211.0,0.0,6913.0,2.718430741444032e+23,2.7184312818759872e+23,-0.0,2.718430741444032e+23,0.0,0.0,0.0,0.0,69,4.950431692736863e+32,1.905694169104384e+17,0.0,0.0,0.0,0.0,0.0,0.0,0.0,0,0,0,0.0,0.0,0.0,0.0,0.0,0.0,0.0,0.0,0.0,0.0,0.0,0.0,0.0,0.0,0.0,0.0,0,-107875648.0,69,0.0,138,0.0,-109447200.0,0,13107,17040,26215,17049,13107,17043,0,0,0,70,68,100,2.7302359370752657e+23,71.2,2.7302370179391762e+23,74.2,2.7302370179391762e+23,74.0,1,49,50,180,13107,52429,0,0,0.0,0.0,0.0,0.0,-0.0,67.0,0.0,162057.094,0.0,751,0,739,0,0,0,721,0,767,0,736,0,742,0,742,0,712,0,7520,0.032,107911053312.0,0.0,0.0,784,16797,-0.0,162057.094,-114818.039,-0.0,0.133,6.909358625270745e+28,30.0,65.0,35,0.0,0.0,0.0,0.0,0.0,0.0,0.0,0.0,0.0,0.0,0.0,0.0,0.0,0.0,0.0,0.0,69.2,0,150,71,55,65476,0,300,0,1,8,20529,65476,0,0,40632,65.0,0.0,0.0,0.0,0.0,0.0
2026-09-04T20:14:29,ERR,ERR,ERR,ERR,ERR,ERR,ERR,ERR,ERR,ERR,ERR,ERR,ERR,ERR,ERR,ERR,ERR,ERR,ERR,ERR,ERR,ERR,ERR,ERR,ERR,ERR,ERR,ERR,ERR,ERR,ERR,ERR,ERR,ERR,ERR,ERR,ERR,ERR,ERR,ERR,ERR,ERR,ERR,ERR,ERR,ERR,ERR,ERR,ERR,ERR,ERR,ERR,ERR,ERR,ERR,ERR,ERR,ERR,ERR,ERR,ERR,ERR,ERR,ERR,ERR,ERR,ERR,ERR,ERR,ERR,ERR,ERR,ERR,ERR,ERR,ERR,ERR,ERR,ERR,ERR,ERR,ERR,ERR,ERR,ERR,ERR,ERR,ERR,ERR,ERR,ERR,ERR,ERR,ERR,ERR,ERR,ERR,ERR,ERR,ERR,ERR,ERR,ERR,ERR,ERR,ERR,ERR,ERR,ERR,ERR,ERR,ERR,ERR,ERR,ERR,ERR,ERR,ERR,ERR,ERR,ERR,ERR,ERR,ERR,ERR,2.718430741444032e+23,2.7184312818759872e+23,0.0,0.0,0.0,1.3936040501711995e+18,7.805,0.0,0,0,4,0,7116,0.0,100,0.0,0.0,0.0,0.0,0.0,0,0,0,0,0.0,0,0,0,0,0,0,0,0,0,0,0,0,0,0,0,0,0,0,0,0,0,0,0,0,0,0,0,0,0,0,0,0,0,31,40,40,71,65476,0,300,0,0,8,21553,0.0,-107605600.0,0.0,0.0,0.0,0.0,0.0,0.0,0.0,0.0,0.0,0.0,0.0,0.0,-2.596148429267414e+33,0.0,0.0,0.0,0.0,0.0,0.0,0.0,0.0,-2.004,-2.004,0.0,0.0,0.0,0.0,0.0,6211.0,0.0,6913.0,2.718430741444032e+23,2.7184312818759872e+23,-0.0,2.718430741444032e+23,0.0,0.0,0.0,0.0,69,4.950431692736863e+32,1.905694169104384e+17,0.0,0.0,0.0,0.0,0.0,0.0,0.0,0,0,0,0.0,0.0,0.0,0.0,0.0,0.0,0.0,0.0,0.0,0.0,0.0,0.0,0.0,0.0,0.0,0.0,0,-107875648.0,69,0.0,138,0.0,-109447200.0,0,13107,17040,26215,17049,13107,17043,0,0,0,70,68,100,2.7302359370752657e+23,71.2,2.7302370179391762e+23,74.2,2.7302370179391762e+23,74.0,1,49,50,180,13107,52429,0,0,0.0,0.0,0.0,0.0,-0.0,67.0,0.0,162057.094,0.0,751,0,739,0,0,0,721,0,767,0,736,0,742,0,742,0,712,0,7520,0.032,108447924224.0,0.0,0.0,784,16797,-0.0,162057.094,-114818.039,-0.0,0.133,6.909358625270745e+28,30.0,65.0,35,0.0,0.0,0.0,0.0,0.0,0.0,0.0,0.0,0.0,0.0,0.0,0.0,0.0,0.0,0.0,0.0,69.2,0,150,71,55,65476,0,300,0,1,8,20529,65476,0,0,40632,65.0,0.0,0.0,0.0,0.0,0.0
2026-09-04T20:14:30,ERR,ERR,ERR,ERR,ERR,ERR,ERR,ERR,ERR,ERR,ERR,ERR,ERR,ERR,ERR,ERR,ERR,ERR,ERR,ERR,ERR,ERR,ERR,ERR,ERR,ERR,ERR,ERR,ERR,ERR,ERR,ERR,ERR,ERR,ERR,ERR,ERR,ERR,ERR,ERR,ERR,ERR,ERR,ERR,ERR,ERR,ERR,ERR,ERR,ERR,ERR,ERR,ERR,ERR,ERR,ERR,ERR,ERR,ERR,ERR,ERR,ERR,ERR,ERR,ERR,ERR,ERR,ERR,ERR,ERR,ERR,ERR,ERR,ERR,ERR,ERR,ERR,ERR,ERR,ERR,ERR,ERR,ERR,ERR,ERR,ERR,ERR,ERR,ERR,ERR,ERR,ERR,ERR,ERR,ERR,ERR,ERR,ERR,ERR,ERR,ERR,ERR,ERR,ERR,ERR,ERR,ERR,ERR,ERR,ERR,ERR,ERR,ERR,ERR,ERR,ERR,ERR,ERR,ERR,ERR,ERR,ERR,ERR,ERR,ERR,2.718430741444032e+23,2.7184312818759872e+23,0.0,0.0,0.0,1.3936040501711995e+18,7.805,0.0,0,0,4,0,7116,0.0,100,0.0,0.0,0.0,0.0,0.0,0,0,0,0,0.0,0,0,0,0,0,0,0,0,0,0,0,0,0,0,0,0,0,0,0,0,0,0,0,0,0,0,0,0,0,0,0,0,0,31,40,40,71,65476,0,300,0,0,8,21553,0.0,-107605600.0,0.0,0.0,0.0,0.0,0.0,0.0,0.0,0.0,0.0,0.0,0.0,0.0,-2.596148429267414e+33,0.0,0.0,0.0,0.0,0.0,0.0,0.0,0.0,-2.004,-2.004,0.0,0.0,0.0,0.0,0.0,6211.0,0.0,6913.0,2.718430741444032e+23,2.7184312818759872e+23,-0.0,2.718430741444032e+23,0.0,0.0,0.0,0.0,69,4.950431692736863e+32,1.905694169104384e+17,0.0,0.0,0.0,0.0,0.0,0.0,0.0,0,0,0,0.0,0.0,0.0,0.0,0.0,0.0,0.0,0.0,0.0,0.0,0.0,0.0,0.0,0.0,0.0,0.0,0,-107875648.0,69,0.0,138,0.0,-109447200.0,0,13107,17040,26215,17049,13107,17043,0,0,0,70,68,100,2.7302359370752657e+23,71.2,2.7302370179391762e+23,74.2,2.7302370179391762e+23,74.0,1,49,50,180,13107,52429,0,0,0.0,0.0,0.0,0.0,-0.0,67.0,0.0,162057.094,0.0,751,0,739,0,0,0,721,0,767,0,736,0,742,0,742,0,712,0,7520,0.032,108447924224.0,0.0,0.0,784,16797,-0.0,162057.094,-114818.039,-0.0,0.133,6.909358625270745e+28,30.0,65.0,35,0.0,0.0,0.0,0.0,0.0,0.0,0.0,0.0,0.0,0.0,0.0,0.0,0.0,0.0,0.0,0.0,69.2,0,150,71,55,65476,0,300,0,1,8,20529,65476,0,0,40632,65.0,0.0,0.0,0.0,0.0,0.0
2026-09-04T20:14:31,ERR,ERR,ERR,ERR,ERR,ERR,ERR,ERR,ERR,ERR,ERR,ERR,ERR,ERR,ERR,ERR,ERR,ERR,ERR,ERR,ERR,ERR,ERR,ERR,ERR,ERR,ERR,ERR,ERR,ERR,ERR,ERR,ERR,ERR,ERR,ERR,ERR,ERR,ERR,ERR,ERR,ERR,ERR,ERR,ERR,ERR,ERR,ERR,ERR,ERR,ERR,ERR,ERR,ERR,ERR,ERR,ERR,ERR,ERR,ERR,ERR,ERR,ERR,ERR,ERR,ERR,ERR,ERR,ERR,ERR,ERR,ERR,ERR,ERR,ERR,ERR,ERR,ERR,ERR,ERR,ERR,ERR,ERR,ERR,ERR,ERR,ERR,ERR,ERR,ERR,ERR,ERR,ERR,ERR,ERR,ERR,ERR,ERR,ERR,ERR,ERR,ERR,ERR,ERR,ERR,ERR,ERR,ERR,ERR,ERR,ERR,ERR,ERR,ERR,ERR,ERR,ERR,ERR,ERR,ERR,ERR,ERR,ERR,ERR,ERR,2.718430741444032e+23,2.7184312818759872e+23,0.0,0.0,0.0,1.3936040501711995e+18,7.805,0.0,0,0,4,0,7116,0.0,100,0.0,0.0,0.0,0.0,0.0,0,0,0,0,0.0,0,0,0,0,0,0,0,0,0,0,0,0,0,0,0,0,0,0,0,0,0,0,0,0,0,0,0,0,0,0,0,0,0,31,40,40,71,65476,0,300,0,0,8,21553,0.0,-107605600.0,0.0,0.0,0.0,0.0,0.0,0.0,0.0,0.0,0.0,0.0,0.0,0.0,-2.596148429267414e+33,0.0,0.0,0.0,0.0,0.0,0.0,0.0,0.0,-2.004,-2.004,0.0,0.0,0.0,0.0,0.0,6211.0,0.0,6913.0,2.718430741444032e+23,2.7184312818759872e+23,-0.0,2.718430741444032e+23,0.0,0.0,0.0,0.0,69,4.950431692736863e+32,1.905694169104384e+17,0.0,0.0,0.0,0.0,0.0,0.0,0.0,0,0,0,0.0,0.0,0.0,0.0,0.0,0.0,0.0,0.0,0.0,0.0,0.0,0.0,0.0,0.0,0.0,0.0,0,-107875648.0,69,0.0,138,0.0,-109447200.0,0,13107,17040,26215,17049,13107,17043,0,0,0,70,68,100,2.7302359370752657e+23,71.2,2.7302370179391762e+23,74.2,2.7302370179391762e+23,74.0,1,49,50,180,13107,52429,0,0,0.0,0.0,0.0,0.0,-0.0,67.0,0.0,162057.094,0.0,751,0,739,0,0,0,721,0,767,0,736,0,742,0,742,0,712,0,7520,0.032,108447924224.0,0.0,0.0,784,16797,-0.0,162057.094,-114818.039,-0.0,0.133,6.909358625270745e+28,30.0,65.0,35,0.0,0.0,0.0,0.0,0.0,0.0,0.0,0.0,0.0,0.0,0.0,0.0,0.0,0.0,0.0,0.0,69.2,0,150,71,55,65476,0,300,0,1,8,20529,65476,0,0,40632,65.0,0.0,0.0,0.0,0.0,0.0
2026-09-04T20:14:32,ERR,ERR,ERR,ERR,ERR,ERR,ERR,ERR,ERR,ERR,ERR,ERR,ERR,ERR,ERR,ERR,ERR,ERR,ERR,ERR,ERR,ERR,ERR,ERR,ERR,ERR,ERR,ERR,ERR,ERR,ERR,ERR,ERR,ERR,ERR,ERR,ERR,ERR,ERR,ERR,ERR,ERR,ERR,ERR,ERR,ERR,ERR,ERR,ERR,ERR,ERR,ERR,ERR,ERR,ERR,ERR,ERR,ERR,ERR,ERR,ERR,ERR,ERR,ERR,ERR,ERR,ERR,ERR,ERR,ERR,ERR,ERR,ERR,ERR,ERR,ERR,ERR,ERR,ERR,ERR,ERR,ERR,ERR,ERR,ERR,ERR,ERR,ERR,ERR,ERR,ERR,ERR,ERR,ERR,ERR,ERR,ERR,ERR,ERR,ERR,ERR,ERR,ERR,ERR,ERR,ERR,ERR,ERR,ERR,ERR,ERR,ERR,ERR,ERR,ERR,ERR,ERR,ERR,ERR,ERR,ERR,ERR,ERR,ERR,ERR,2.718430741444032e+23,2.7184312818759872e+23,0.0,0.0,0.0,1.3936040501711995e+18,7.805,0.0,0,0,4,0,7116,0.0,100,0.0,0.0,0.0,0.0,0.0,0,0,0,0,0.0,0,0,0,0,0,0,0,0,0,0,0,0,0,0,0,0,0,0,0,0,0,0,0,0,0,0,0,0,0,0,0,0,0,31,40,40,71,65476,0,300,0,0,8,21553,0.0,-107605600.0,0.0,0.0,0.0,0.0,0.0,0.0,0.0,0.0,0.0,0.0,0.0,0.0,0.0,0.0,0.0,0.0,0.0,0.0,0.0,0.0,0.0,-2.004,-2.004,0.0,0.0,0.0,0.0,0.0,6213.0,0.0,6919.0,2.718430741444032e+23,2.7184312818759872e+23,-0.0,2.718430741444032e+23,0.0,0.0,0.0,0.0,69,-0.0,-0.0,0.0,0.0,0.0,0.0,0.0,0.0,0.0,0,0,0,0.0,0.0,0.0,0.0,0.0,0.0,0.0,0.0,0.0,0.0,0.0,0.0,0.0,0.0,0.0,0.0,0,-107875648.0,69,0.0,138,0.0,-109447200.0,0,13107,17040,26215,17049,13107,17043,0,0,0,70,68,100,2.7302359370752657e+23,71.2,2.7302370179391762e+23,74.2,2.7302370179391762e+23,74.0,1,49,50,180,13107,52429,0,0,0.0,0.0,0.0,0.0,-0.0,67.0,0.0,162057.094,0.0,751,0,739,0,0,0,721,0,767,0,736,0,742,0,742,0,712,0,7520,0.032,108447924224.0,0.0,0.0,784,16797,-0.0,162057.094,-114818.039,-0.0,0.133,6.909358625270745e+28,30.0,65.0,35,0.0,0.0,0.0,0.0,0.0,0.0,0.0,0.0,0.0,0.0,0.0,0.0,0.0,0.0,0.0,0.0,69.2,0,150,71,55,65476,0,300,0,1,8,20529,65476,0,0,40632,65.0,0.0,0.0,0.0,0.0,0.0
2026-09-04T20:14:33,ERR,ERR,ERR,ERR,ERR,ERR,ERR,ERR,ERR,ERR,ERR,ERR,ERR,ERR,ERR,ERR,ERR,ERR,ERR,ERR,ERR,ERR,ERR,ERR,ERR,ERR,ERR,ERR,ERR,ERR,ERR,ERR,ERR,ERR,ERR,ERR,ERR,ERR,ERR,ERR,ERR,ERR,ERR,ERR,ERR,ERR,ERR,ERR,ERR,ERR,ERR,ERR,ERR,ERR,ERR,ERR,ERR,ERR,ERR,ERR,ERR,ERR,ERR,ERR,ERR,ERR,ERR,ERR,ERR,ERR,ERR,ERR,ERR,ERR,ERR,ERR,ERR,ERR,ERR,ERR,ERR,ERR,ERR,ERR,ERR,ERR,ERR,ERR,ERR,ERR,ERR,ERR,ERR,ERR,ERR,ERR,ERR,ERR,ERR,ERR,ERR,ERR,ERR,ERR,ERR,ERR,ERR,ERR,ERR,ERR,ERR,ERR,ERR,ERR,ERR,ERR,ERR,ERR,ERR,ERR,ERR,ERR,ERR,ERR,ERR,2.718430741444032e+23,2.7184312818759872e+23,0.0,0.0,0.0,1.3936040501711995e+18,7.805,0.0,0,0,4,0,7116,0.0,100,0.0,0.0,0.0,0.0,0.0,0,0,0,0,0.0,0,0,0,0,0,0,0,0,0,0,0,0,0,0,0,0,0,0,0,0,0,0,0,0,0,0,0,0,0,0,0,0,0,31,40,40,71,65476,0,300,0,0,8,21553,0.0,-107605600.0,0.0,0.0,0.0,0.0,0.0,0.0,0.0,0.0,0.0,0.0,0.0,0.0,0.0,0.0,0.0,0.0,0.0,0.0,0.0,0.0,0.0,-2.004,-2.004,0.0,0.0,0.0,0.0,0.0,6213.0,0.0,6919.0,2.718430741444032e+23,2.7184312818759872e+23,-0.0,2.718430741444032e+23,0.0,0.0,0.0,0.0,69,-0.0,-0.0,0.0,0.0,0.0,0.0,0.0,0.0,0.0,0,0,0,0.0,0.0,0.0,0.0,0.0,0.0,0.0,0.0,0.0,0.0,0.0,0.0,0.0,0.0,0.0,0.0,0,-107875648.0,69,0.0,138,0.0,-109447200.0,0,13107,17040,26215,17049,13107,17043,0,0,0,70,68,100,2.7302359370752657e+23,71.2,2.7302370179391762e+23,74.2,2.7302370179391762e+23,74.0,1,49,50,180,13107,52429,0,0,0.0,0.0,0.0,0.0,-0.0,67.0,0.0,162057.094,0.0,751,0,739,0,0,0,721,0,767,0,736,0,742,0,742,0,712,0,7520,0.032,108447924224.0,0.0,0.0,784,16797,-0.0,162057.094,-114818.039,-0.0,0.133,6.909358625270745e+28,30.0,65.0,35,0.0,0.0,0.0,0.0,0.0,0.0,0.0,0.0,0.0,0.0,0.0,0.0,0.0,0.0,0.0,0.0,69.2,0,150,71,55,65476,0,300,0,1,8,20529,65476,0,0,40632,65.0,0.0,0.0,0.0,0.0,0.0
2026-09-04T20:14:34,ERR,ERR,ERR,ERR,ERR,ERR,ERR,ERR,ERR,ERR,ERR,ERR,ERR,ERR,ERR,ERR,ERR,ERR,ERR,ERR,ERR,ERR,ERR,ERR,ERR,ERR,ERR,ERR,ERR,ERR,ERR,ERR,ERR,ERR,ERR,ERR,ERR,ERR,ERR,ERR,ERR,ERR,ERR,ERR,ERR,ERR,ERR,ERR,ERR,ERR,ERR,ERR,ERR,ERR,ERR,ERR,ERR,ERR,ERR,ERR,ERR,ERR,ERR,ERR,ERR,ERR,ERR,ERR,ERR,ERR,ERR,ERR,ERR,ERR,ERR,ERR,ERR,ERR,ERR,ERR,ERR,ERR,ERR,ERR,ERR,ERR,ERR,ERR,ERR,ERR,ERR,ERR,ERR,ERR,ERR,ERR,ERR,ERR,ERR,ERR,ERR,ERR,ERR,ERR,ERR,ERR,ERR,ERR,ERR,ERR,ERR,ERR,ERR,ERR,ERR,ERR,ERR,ERR,ERR,ERR,ERR,ERR,ERR,ERR,ERR,2.718430741444032e+23,2.7184312818759872e+23,0.0,0.0,0.0,1.3936040501711995e+18,7.805,0.0,0,0,4,0,7116,0.0,100,0.0,0.0,0.0,0.0,0.0,0,0,0,0,0.0,0,0,0,0,0,0,0,0,0,0,0,0,0,0,0,0,0,0,0,0,0,0,0,0,0,0,0,0,0,0,0,0,0,31,40,40,71,65476,0,300,0,0,8,21553,0.0,-107605600.0,0.0,0.0,0.0,0.0,0.0,0.0,0.0,0.0,0.0,0.0,0.0,0.0,0.0,0.0,0.0,0.0,0.0,0.0,0.0,0.0,0.0,-2.004,-2.004,0.0,0.0,0.0,0.0,0.0,6213.0,0.0,6919.0,2.718430741444032e+23,2.7184312818759872e+23,-0.0,2.718430741444032e+23,0.0,0.0,0.0,0.0,69,-0.0,-0.0,0.0,0.0,0.0,0.0,0.0,0.0,0.0,0,0,0,0.0,0.0,0.0,0.0,0.0,0.0,0.0,0.0,0.0,0.0,0.0,0.0,0.0,0.0,0.0,0.0,0,-107875648.0,69,0.0,138,0.0,-109447200.0,0,13107,17040,26215,17049,13107,17043,0,0,0,70,68,100,2.7302359370752657e+23,71.2,2.7302370179391762e+23,74.2,2.7302370179391762e+23,74.0,1,49,50,180,13107,52429,0,0,0.0,0.0,0.0,0.0,-0.0,67.0,0.0,162057.094,0.0,751,0,739,0,0,0,721,0,767,0,736,0,742,0,741,0,712,0,7520,0.032,108984795136.0,0.0,0.0,784,16797,-0.0,162057.094,-114818.039,-0.0,0.133,6.909358625270745e+28,30.0,65.0,35,0.0,0.0,0.0,0.0,0.0,0.0,0.0,0.0,0.0,0.0,0.0,0.0,0.0,0.0,0.0,0.0,69.2,0,150,71,55,65476,0,300,0,1,8,20529,65476,0,0,40632,65.0,0.0,0.0,0.0,0.0,0.0
2026-09-04T20:14:35,ERR,ERR,ERR,ERR,ERR,ERR,ERR,ERR,ERR,ERR,ERR,ERR,ERR,ERR,ERR,ERR,ERR,ERR,ERR,ERR,ERR,ERR,ERR,ERR,ERR,ERR,ERR,ERR,ERR,ERR,ERR,ERR,ERR,ERR,ERR,ERR,ERR,ERR,ERR,ERR,ERR,ERR,ERR,ERR,ERR,ERR,ERR,ERR,ERR,ERR,ERR,ERR,ERR,ERR,ERR,ERR,ERR,ERR,ERR,ERR,ERR,ERR,ERR,ERR,ERR,ERR,ERR,ERR,ERR,ERR,ERR,ERR,ERR,ERR,ERR,ERR,ERR,ERR,ERR,ERR,ERR,ERR,ERR,ERR,ERR,ERR,ERR,ERR,ERR,ERR,ERR,ERR,ERR,ERR,ERR,ERR,ERR,ERR,ERR,ERR,ERR,ERR,ERR,ERR,ERR,ERR,ERR,ERR,ERR,ERR,ERR,ERR,ERR,ERR,ERR,ERR,ERR,ERR,ERR,ERR,ERR,ERR,ERR,ERR,ERR,2.718430741444032e+23,2.7184312818759872e+23,0.0,0.0,0.0,1.3936040501711995e+18,7.805,0.0,0,0,4,0,7116,0.0,100,0.0,0.0,0.0,0.0,0.0,0,0,0,0,0.0,0,0,0,0,0,0,0,0,0,0,0,0,0,0,0,0,0,0,0,0,0,0,0,0,0,0,0,0,0,0,0,0,0,31,40,40,71,65476,0,300,0,0,8,21553,0.0,-107605600.0,0.0,0.0,0.0,0.0,0.0,0.0,0.0,0.0,0.0,0.0,0.0,0.0,0.0,0.0,0.0,0.0,0.0,0.0,0.0,0.0,0.0,-2.004,-2.004,0.0,0.0,0.0,0.0,0.0,6213.0,0.0,6919.0,2.718430741444032e+23,2.7184312818759872e+23,-0.0,2.718430741444032e+23,0.0,0.0,0.0,0.0,69,-0.0,-0.0,0.0,0.0,0.0,0.0,0.0,0.0,0.0,0,0,0,0.0,0.0,0.0,0.0,0.0,0.0,0.0,0.0,0.0,0.0,0.0,0.0,0.0,0.0,0.0,0.0,0,-107875648.0,69,0.0,138,0.0,-109447200.0,0,13107,17040,26215,17049,13107,17043,0,0,0,70,68,100,2.7302359370752657e+23,71.2,2.7302370179391762e+23,74.2,2.7302370179391762e+23,74.0,1,49,50,180,13107,52429,0,0,0.0,0.0,0.0,0.0,-0.0,67.0,0.0,162057.094,0.0,751,0,739,0,0,0,721,0,767,0,736,0,742,0,741,0,712,0,7520,0.032,108984795136.0,0.0,0.0,784,16797,-0.0,162057.094,-114818.039,-0.0,0.133,6.909358625270745e+28,30.0,65.0,35,0.0,0.0,0.0,0.0,0.0,0.0,0.0,0.0,0.0,0.0,0.0,0.0,0.0,0.0,0.0,0.0,69.2,0,150,71,55,65476,0,300,0,1,8,20529,65476,0,0,40632,65.0,0.0,0.0,0.0,0.0,0.0
2026-09-04T20:14:36,ERR,ERR,ERR,ERR,ERR,ERR,ERR,ERR,ERR,ERR,ERR,ERR,ERR,ERR,ERR,ERR,ERR,ERR,ERR,ERR,ERR,ERR,ERR,ERR,ERR,ERR,ERR,ERR,ERR,ERR,ERR,ERR,ERR,ERR,ERR,ERR,ERR,ERR,ERR,ERR,ERR,ERR,ERR,ERR,ERR,ERR,ERR,ERR,ERR,ERR,ERR,ERR,ERR,ERR,ERR,ERR,ERR,ERR,ERR,ERR,ERR,ERR,ERR,ERR,ERR,ERR,ERR,ERR,ERR,ERR,ERR,ERR,ERR,ERR,ERR,ERR,ERR,ERR,ERR,ERR,ERR,ERR,ERR,ERR,ERR,ERR,ERR,ERR,ERR,ERR,ERR,ERR,ERR,ERR,ERR,ERR,ERR,ERR,ERR,ERR,ERR,ERR,ERR,ERR,ERR,ERR,ERR,ERR,ERR,ERR,ERR,ERR,ERR,ERR,ERR,ERR,ERR,ERR,ERR,ERR,ERR,ERR,ERR,ERR,ERR,2.718430741444032e+23,2.7184312818759872e+23,0.0,0.0,0.0,1.3936040501711995e+18,7.805,0.0,0,0,4,0,7116,0.0,100,0.0,0.0,0.0,0.0,0.0,0,0,0,0,0.0,0,0,0,0,0,0,0,0,0,0,0,0,0,0,0,0,0,0,0,0,0,0,0,0,0,0,0,0,0,0,0,0,0,31,40,40,71,65476,0,300,0,0,8,21553,0.0,-107605600.0,0.0,0.0,0.0,0.0,0.0,0.0,0.0,0.0,0.0,0.0,0.0,0.0,0.0,0.0,0.0,0.0,0.0,0.0,0.0,0.0,0.0,-2.004,-2.004,0.0,0.0,0.0,0.0,0.0,6213.0,0.0,6919.0,2.718430741444032e+23,2.7184312818759872e+23,-0.0,2.718430741444032e+23,0.0,0.0,0.0,0.0,69,-0.0,-0.0,0.0,0.0,0.0,0.0,0.0,0.0,0.0,0,0,0,0.0,0.0,0.0,0.0,0.0,0.0,0.0,0.0,0.0,0.0,0.0,0.0,0.0,0.0,0.0,0.0,0,-107875648.0,69,0.0,138,0.0,-109447200.0,0,13107,17040,26215,17049,13107,17043,0,0,0,70,68,100,2.7302359370752657e+23,71.2,2.7302370179391762e+23,74.2,2.7302370179391762e+23,74.0,1,49,50,180,13107,52429,0,0,0.0,0.0,0.0,0.0,-0.0,67.0,0.0,162057.094,0.0,751,0,739,0,0,0,721,0,767,0,736,0,742,0,741,0,712,0,7520,0.032,108984795136.0,0.0,0.0,784,16797,-0.0,162057.094,-114818.039,-0.0,0.133,6.909358625270745e+28,30.0,65.0,35,0.0,0.0,0.0,0.0,0.0,0.0,0.0,0.0,0.0,0.0,0.0,0.0,0.0,0.0,0.0,0.0,69.2,0,150,71,55,65476,0,300,0,1,8,20529,65476,0,0,40632,65.0,0.0,0.0,0.0,0.0,0.0
2026-09-04T20:14:37,ERR,ERR,ERR,ERR,ERR,ERR,ERR,ERR,ERR,ERR,ERR,ERR,ERR,ERR,ERR,ERR,ERR,ERR,ERR,ERR,ERR,ERR,ERR,ERR,ERR,ERR,ERR,ERR,ERR,ERR,ERR,ERR,ERR,ERR,ERR,ERR,ERR,ERR,ERR,ERR,ERR,ERR,ERR,ERR,ERR,ERR,ERR,ERR,ERR,ERR,ERR,ERR,ERR,ERR,ERR,ERR,ERR,ERR,ERR,ERR,ERR,ERR,ERR,ERR,ERR,ERR,ERR,ERR,ERR,ERR,ERR,ERR,ERR,ERR,ERR,ERR,ERR,ERR,ERR,ERR,ERR,ERR,ERR,ERR,ERR,ERR,ERR,ERR,ERR,ERR,ERR,ERR,ERR,ERR,ERR,ERR,ERR,ERR,ERR,ERR,ERR,ERR,ERR,ERR,ERR,ERR,ERR,ERR,ERR,ERR,ERR,ERR,ERR,ERR,ERR,ERR,ERR,ERR,ERR,ERR,ERR,ERR,ERR,ERR,ERR,2.718430741444032e+23,2.7184312818759872e+23,0.0,0.0,0.0,1.3936040501711995e+18,7.805,0.0,0,0,4,0,7116,0.0,100,0.0,0.0,0.0,0.0,0.0,0,0,0,0,0.0,0,0,0,0,0,0,0,0,0,0,0,0,0,0,0,0,0,0,0,0,0,0,0,0,0,0,0,0,0,0,0,0,0,31,40,40,71,65476,0,300,0,0,8,21553,0.0,-107605600.0,0.0,0.0,0.0,0.0,0.0,0.0,0.0,0.0,0.0,0.0,0.0,0.0,0.0,0.0,0.0,0.0,0.0,0.0,0.0,0.0,0.0,-2.004,-2.004,0.0,0.0,0.0,0.0,0.0,6213.0,0.0,6919.0,2.718430741444032e+23,2.7184312818759872e+23,-0.0,2.718430741444032e+23,0.0,0.0,0.0,0.0,69,-0.0,-0.0,0.0,0.0,0.0,0.0,0.0,0.0,0.0,0,0,0,0.0,0.0,0.0,0.0,0.0,0.0,0.0,0.0,0.0,0.0,0.0,0.0,0.0,0.0,0.0,0.0,0,-107875648.0,69,0.0,138,0.0,-109447200.0,0,13107,17040,26215,17049,13107,17043,0,0,0,70,68,100,2.7302359370752657e+23,71.2,2.7302370179391762e+23,74.2,2.7302370179391762e+23,74.0,1,49,50,180,13107,52429,0,0,0.0,0.0,0.0,0.0,-0.0,67.0,0.0,162057.094,0.0,751,0,739,0,0,0,721,0,767,0,736,0,742,0,741,0,712,0,7520,0.032,108984795136.0,0.0,0.0,784,16797,-0.0,162057.094,-114818.039,-0.0,0.133,6.909358625270745e+28,30.0,65.0,35,0.0,0.0,0.0,0.0,0.0,0.0,0.0,0.0,0.0,0.0,0.0,0.0,0.0,0.0,0.0,0.0,69.2,0,150,71,55,65476,0,300,0,1,8,20529,65476,0,0,40632,65.0,0.0,0.0,0.0,0.0,0.0
2026-09-04T20:14:38,ERR,ERR,ERR,ERR,ERR,ERR,ERR,ERR,ERR,ERR,ERR,ERR,ERR,ERR,ERR,ERR,ERR,ERR,ERR,ERR,ERR,ERR,ERR,ERR,ERR,ERR,ERR,ERR,ERR,ERR,ERR,ERR,ERR,ERR,ERR,ERR,ERR,ERR,ERR,ERR,ERR,ERR,ERR,ERR,ERR,ERR,ERR,ERR,ERR,ERR,ERR,ERR,ERR,ERR,ERR,ERR,ERR,ERR,ERR,ERR,ERR,ERR,ERR,ERR,ERR,ERR,ERR,ERR,ERR,ERR,ERR,ERR,ERR,ERR,ERR,ERR,ERR,ERR,ERR,ERR,ERR,ERR,ERR,ERR,ERR,ERR,ERR,ERR,ERR,ERR,ERR,ERR,ERR,ERR,ERR,ERR,ERR,ERR,ERR,ERR,ERR,ERR,ERR,ERR,ERR,ERR,ERR,ERR,ERR,ERR,ERR,ERR,ERR,ERR,ERR,ERR,ERR,ERR,ERR,ERR,ERR,ERR,ERR,ERR,ERR,2.718430741444032e+23,2.7184312818759872e+23,0.0,0.0,0.0,1.3936040501711995e+18,7.805,0.0,0,0,4,0,7116,0.0,100,0.0,0.0,0.0,0.0,0.0,0,0,0,0,0.0,0,0,0,0,0,0,0,0,0,0,0,0,0,0,0,0,0,0,0,0,0,0,0,0,0,0,0,0,0,0,0,0,0,31,40,40,71,65476,0,300,0,0,8,21553,0.0,-107605600.0,0.0,0.0,0.0,0.0,0.0,0.0,0.0,0.0,0.0,0.0,0.0,0.0,0.0,0.0,0.0,0.0,0.0,0.0,0.0,0.0,0.0,-2.004,-2.004,0.0,0.0,0.0,0.0,0.0,6181.0,-1.0406699612351174e+34,6943.0,2.718430741444032e+23,2.7184312818759872e+23,-0.0,2.718430741444032e+23,0.0,0.0,0.0,0.0,69,-0.0,89220.938,0.0,0.0,0.0,0.0,0.0,0.0,0.0,0,0,0,0.0,0.0,0.0,0.0,0.0,0.0,0.0,0.0,0.0,0.0,0.0,0.0,0.0,0.0,0.0,0.0,0,-107875648.0,69,0.0,138,0.0,-109447200.0,0,13107,17040,26215,17049,13107,17043,0,0,0,70,68,100,2.7302359370752657e+23,71.2,2.7302370179391762e+23,74.3,-0.0,74.0,1,49,50,180,13107,52429,0,0,0.0,0.0,0.0,0.0,-0.0,67.0,0.0,162057.094,0.0,751,0,740,0,0,0,721,0,767,0,736,0,743,0,742,0,712,0,7520,0.032,108447924224.0,0.0,0.0,784,16797,-0.0,162057.094,-114818.039,-0.0,0.133,6.909358625270745e+28,30.0,65.0,35,0.0,0.0,0.0,0.0,0.0,0.0,0.0,0.0,0.0,0.0,0.0,0.0,0.0,0.0,0.0,0.0,69.2,0,150,71,55,65476,0,300,0,1,8,20529,65476,0,0,40632,65.0,0.0,0.0,0.0,0.0,0.0
2026-09-04T20:14:39,ERR,ERR,ERR,ERR,ERR,ERR,ERR,ERR,ERR,ERR,ERR,ERR,ERR,ERR,ERR,ERR,ERR,ERR,ERR,ERR,ERR,ERR,ERR,ERR,ERR,ERR,ERR,ERR,ERR,ERR,ERR,ERR,ERR,ERR,ERR,ERR,ERR,ERR,ERR,ERR,ERR,ERR,ERR,ERR,ERR,ERR,ERR,ERR,ERR,ERR,ERR,ERR,ERR,ERR,ERR,ERR,ERR,ERR,ERR,ERR,ERR,ERR,ERR,ERR,ERR,ERR,ERR,ERR,ERR,ERR,ERR,ERR,ERR,ERR,ERR,ERR,ERR,ERR,ERR,ERR,ERR,ERR,ERR,ERR,ERR,ERR,ERR,ERR,ERR,ERR,ERR,ERR,ERR,ERR,ERR,ERR,ERR,ERR,ERR,ERR,ERR,ERR,ERR,ERR,ERR,ERR,ERR,ERR,ERR,ERR,ERR,ERR,ERR,ERR,ERR,ERR,ERR,ERR,ERR,ERR,ERR,ERR,ERR,ERR,ERR,2.718430741444032e+23,2.7184312818759872e+23,0.0,0.0,0.0,1.3936040501711995e+18,7.805,0.0,0,0,4,0,7116,0.0,100,0.0,0.0,0.0,0.0,0.0,0,0,0,0,0.0,0,0,0,0,0,0,0,0,0,0,0,0,0,0,0,0,0,0,0,0,0,0,0,0,0,0,0,0,0,0,0,0,0,31,40,40,71,65476,0,300,0,0,8,21553,0.0,-107605600.0,0.0,0.0,0.0,0.0,0.0,0.0,0.0,0.0,0.0,0.0,0.0,0.0,0.0,0.0,0.0,0.0,0.0,0.0,0.0,0.0,0.0,-2.004,-2.004,0.0,0.0,0.0,0.0,0.0,6181.0,-1.0406699612351174e+34,6943.0,2.718430741444032e+23,2.7184312818759872e+23,-0.0,2.718430741444032e+23,0.0,0.0,0.0,0.0,69,-0.0,89220.938,0.0,0.0,0.0,0.0,0.0,0.0,0.0,0,0,0,0.0,0.0,0.0,0.0,0.0,0.0,0.0,0.0,0.0,0.0,0.0,0.0,0.0,0.0,0.0,0.0,0,-107875648.0,69,0.0,138,0.0,-109447200.0,0,13107,17040,26215,17049,13107,17043,0,0,0,70,68,100,2.7302359370752657e+23,71.2,2.7302370179391762e+23,74.3,-0.0,74.0,1,49,50,180,13107,52429,0,0,0.0,0.0,0.0,0.0,-0.0,67.0,0.0,162057.094,0.0,751,0,740,0,0,0,721,0,767,0,736,0,743,0,742,0,712,0,7520,0.032,108447924224.0,0.0,0.0,784,16797,-0.0,162057.094,-114818.039,-0.0,0.133,6.909358625270745e+28,30.0,65.0,35,0.0,0.0,0.0,0.0,0.0,0.0,0.0,0.0,0.0,0.0,0.0,0.0,0.0,0.0,0.0,0.0,69.2,0,150,71,55,65476,0,300,0,1,8,20529,65476,0,0,40632,65.0,0.0,0.0,0.0,0.0,0.0
2026-09-04T20:14:40,ERR,ERR,ERR,ERR,ERR,ERR,ERR,ERR,ERR,ERR,ERR,ERR,ERR,ERR,ERR,ERR,ERR,ERR,ERR,ERR,ERR,ERR,ERR,ERR,ERR,ERR,ERR,ERR,ERR,ERR,ERR,ERR,ERR,ERR,ERR,ERR,ERR,ERR,ERR,ERR,ERR,ERR,ERR,ERR,ERR,ERR,ERR,ERR,ERR,ERR,ERR,ERR,ERR,ERR,ERR,ERR,ERR,ERR,ERR,ERR,ERR,ERR,ERR,ERR,ERR,ERR,ERR,ERR,ERR,ERR,ERR,ERR,ERR,ERR,ERR,ERR,ERR,ERR,ERR,ERR,ERR,ERR,ERR,ERR,ERR,ERR,ERR,ERR,ERR,ERR,ERR,ERR,ERR,ERR,ERR,ERR,ERR,ERR,ERR,ERR,ERR,ERR,ERR,ERR,ERR,ERR,ERR,ERR,ERR,ERR,ERR,ERR,ERR,ERR,ERR,ERR,ERR,ERR,ERR,ERR,ERR,ERR,ERR,ERR,ERR,2.718430741444032e+23,2.7184312818759872e+23,0.0,0.0,0.0,1.3936040501711995e+18,7.805,0.0,0,0,4,0,7116,0.0,100,0.0,0.0,0.0,0.0,0.0,0,0,0,0,0.0,0,0,0,0,0,0,0,0,0,0,0,0,0,0,0,0,0,0,0,0,0,0,0,0,0,0,0,0,0,0,0,0,0,31,40,40,71,65476,0,300,0,0,8,21553,0.0,-107605600.0,0.0,0.0,0.0,0.0,0.0,0.0,0.0,0.0,0.0,0.0,0.0,0.0,0.0,0.0,0.0,0.0,0.0,0.0,0.0,0.0,0.0,-2.004,-2.004,0.0,0.0,0.0,0.0,0.0,6181.0,-1.0406699612351174e+34,6943.0,2.718430741444032e+23,2.7184312818759872e+23,-0.0,2.718430741444032e+23,0.0,0.0,0.0,0.0,69,-0.0,89220.938,0.0,0.0,0.0,0.0,0.0,0.0,0.0,0,0,0,0.0,0.0,0.0,0.0,0.0,0.0,0.0,0.0,0.0,0.0,0.0,0.0,0.0,0.0,0.0,0.0,0,-107875648.0,69,0.0,138,0.0,-109447200.0,0,13107,17040,26215,17049,13107,17043,0,0,0,70,68,100,2.7302359370752657e+23,71.2,2.7302370179391762e+23,74.3,-0.0,74.0,1,49,50,180,13107,52429,0,0,0.0,0.0,0.0,0.0,-0.0,67.0,0.0,162057.094,0.0,751,0,740,0,0,0,721,0,767,0,736,0,743,0,742,0,712,0,7520,0.032,108447924224.0,0.0,0.0,784,16797,-0.0,162057.094,-114818.039,-0.0,0.133,6.909358625270745e+28,30.0,65.0,35,0.0,0.0,0.0,0.0,0.0,0.0,0.0,0.0,0.0,0.0,0.0,0.0,0.0,0.0,0.0,0.0,69.2,0,150,71,55,65476,0,300,0,1,8,20529,65476,0,0,40632,65.0,0.0,0.0,0.0,0.0,0.0
2026-09-04T20:14:41,ERR,ERR,ERR,ERR,ERR,ERR,ERR,ERR,ERR,ERR,ERR,ERR,ERR,ERR,ERR,ERR,ERR,ERR,ERR,ERR,ERR,ERR,ERR,ERR,ERR,ERR,ERR,ERR,ERR,ERR,ERR,ERR,ERR,ERR,ERR,ERR,ERR,ERR,ERR,ERR,ERR,ERR,ERR,ERR,ERR,ERR,ERR,ERR,ERR,ERR,ERR,ERR,ERR,ERR,ERR,ERR,ERR,ERR,ERR,ERR,ERR,ERR,ERR,ERR,ERR,ERR,ERR,ERR,ERR,ERR,ERR,ERR,ERR,ERR,ERR,ERR,ERR,ERR,ERR,ERR,ERR,ERR,ERR,ERR,ERR,ERR,ERR,ERR,ERR,ERR,ERR,ERR,ERR,ERR,ERR,ERR,ERR,ERR,ERR,ERR,ERR,ERR,ERR,ERR,ERR,ERR,ERR,ERR,ERR,ERR,ERR,ERR,ERR,ERR,ERR,ERR,ERR,ERR,ERR,ERR,ERR,ERR,ERR,ERR,ERR,2.718430741444032e+23,2.7184312818759872e+23,0.0,0.0,0.0,1.3936040501711995e+18,7.805,0.0,0,0,4,0,7116,0.0,100,0.0,0.0,0.0,0.0,0.0,0,0,0,0,0.0,0,0,0,0,0,0,0,0,0,0,0,0,0,0,0,0,0,0,0,0,0,0,0,0,0,0,0,0,0,0,0,0,0,31,40,40,71,65476,0,300,0,0,8,21553,0.0,-107605600.0,0.0,0.0,0.0,0.0,0.0,0.0,0.0,0.0,0.0,0.0,0.0,0.0,0.0,0.0,0.0,0.0,0.0,0.0,0.0,0.0,0.0,-2.004,-2.004,0.0,0.0,0.0,0.0,0.0,6181.0,-1.0406699612351174e+34,6943.0,2.718430741444032e+23,2.7184312818759872e+23,-0.0,2.718430741444032e+23,0.0,0.0,0.0,0.0,69,-0.0,89220.938,0.0,0.0,0.0,0.0,0.0,0.0,0.0,0,0,0,0.0,0.0,0.0,0.0,0.0,0.0,0.0,0.0,0.0,0.0,0.0,0.0,0.0,0.0,0.0,0.0,0,-107875648.0,69,0.0,138,0.0,-109447200.0,0,13107,17040,26215,17049,13107,17043,0,0,0,70,68,100,2.7302359370752657e+23,71.2,2.7302370179391762e+23,74.3,-0.0,74.0,1,49,50,180,13107,52429,0,0,0.0,0.0,0.0,0.0,-0.0,67.0,0.0,162057.094,0.0,751,0,740,0,0,0,721,0,767,0,736,0,743,0,742,0,712,0,7520,0.032,108447924224.0,0.0,0.0,784,16797,-0.0,162057.094,-114818.039,-0.0,0.133,6.909358625270745e+28,30.0,65.0,35,0.0,0.0,0.0,0.0,0.0,0.0,0.0,0.0,0.0,0.0,0.0,0.0,0.0,0.0,0.0,0.0,69.2,0,150,71,55,65476,0,300,0,1,8,20529,65476,0,0,40632,65.0,0.0,0.0,0.0,0.0,0.0
2026-09-04T20:14:42,ERR,ERR,ERR,ERR,ERR,ERR,ERR,ERR,ERR,ERR,ERR,ERR,ERR,ERR,ERR,ERR,ERR,ERR,ERR,ERR,ERR,ERR,ERR,ERR,ERR,ERR,ERR,ERR,ERR,ERR,ERR,ERR,ERR,ERR,ERR,ERR,ERR,ERR,ERR,ERR,ERR,ERR,ERR,ERR,ERR,ERR,ERR,ERR,ERR,ERR,ERR,ERR,ERR,ERR,ERR,ERR,ERR,ERR,ERR,ERR,ERR,ERR,ERR,ERR,ERR,ERR,ERR,ERR,ERR,ERR,ERR,ERR,ERR,ERR,ERR,ERR,ERR,ERR,ERR,ERR,ERR,ERR,ERR,ERR,ERR,ERR,ERR,ERR,ERR,ERR,ERR,ERR,ERR,ERR,ERR,ERR,ERR,ERR,ERR,ERR,ERR,ERR,ERR,ERR,ERR,ERR,ERR,ERR,ERR,ERR,ERR,ERR,ERR,ERR,ERR,ERR,ERR,ERR,ERR,ERR,ERR,ERR,ERR,ERR,ERR,2.718430741444032e+23,2.7184312818759872e+23,0.0,0.0,0.0,1.3936040501711995e+18,7.805,0.0,0,0,4,0,7116,0.0,100,0.0,0.0,0.0,0.0,0.0,0,0,0,0,0.0,0,0,0,0,0,0,0,0,0,0,0,0,0,0,0,0,0,0,0,0,0,0,0,0,0,0,0,0,0,0,0,0,0,31,40,40,71,65476,0,300,0,0,8,21553,0.0,-107605600.0,0.0,0.0,0.0,0.0,0.0,0.0,0.0,0.0,0.0,0.0,0.0,0.0,0.0,0.0,0.0,0.0,0.0,0.0,0.0,0.0,0.0,-2.004,-2.004,0.0,0.0,0.0,0.0,0.0,6181.0,-1.0406699612351174e+34,6943.0,2.718430741444032e+23,2.7184312818759872e+23,-0.0,2.718430741444032e+23,0.0,0.0,0.0,0.0,69,-0.0,89220.938,0.0,0.0,0.0,0.0,0.0,0.0,0.0,0,0,0,0.0,0.0,0.0,0.0,0.0,0.0,0.0,0.0,0.0,0.0,0.0,0.0,0.0,0.0,0.0,0.0,0,-107875648.0,69,0.0,138,0.0,-109447200.0,0,13107,17040,26215,17049,13107,17043,0,0,0,70,68,100,2.7302359370752657e+23,71.2,2.7302370179391762e+23,74.3,-0.0,74.0,1,49,50,180,13107,52429,0,0,0.0,0.0,0.0,0.0,-0.0,67.0,0.0,162057.094,0.0,751,0,740,0,0,0,721,0,767,0,736,0,743,0,742,0,712,0,7520,0.032,108447924224.0,0.0,0.0,784,16797,-0.0,162057.094,-114818.039,-0.0,0.133,6.909358625270745e+28,30.0,65.0,35,0.0,0.0,0.0,0.0,0.0,0.0,0.0,0.0,0.0,0.0,0.0,0.0,0.0,0.0,0.0,0.0,69.2,0,150,71,55,65476,0,300,0,1,8,20529,65476,0,0,40632,65.0,0.0,0.0,0.0,0.0,0.0
2026-09-04T20:14:43,ERR,ERR,ERR,ERR,ERR,ERR,ERR,ERR,ERR,ERR,ERR,ERR,ERR,ERR,ERR,ERR,ERR,ERR,ERR,ERR,ERR,ERR,ERR,ERR,ERR,ERR,ERR,ERR,ERR,ERR,ERR,ERR,ERR,ERR,ERR,ERR,ERR,ERR,ERR,ERR,ERR,ERR,ERR,ERR,ERR,ERR,ERR,ERR,ERR,ERR,ERR,ERR,ERR,ERR,ERR,ERR,ERR,ERR,ERR,ERR,ERR,ERR,ERR,ERR,ERR,ERR,ERR,ERR,ERR,ERR,ERR,ERR,ERR,ERR,ERR,ERR,ERR,ERR,ERR,ERR,ERR,ERR,ERR,ERR,ERR,ERR,ERR,ERR,ERR,ERR,ERR,ERR,ERR,ERR,ERR,ERR,ERR,ERR,ERR,ERR,ERR,ERR,ERR,ERR,ERR,ERR,ERR,ERR,ERR,ERR,ERR,ERR,ERR,ERR,ERR,ERR,ERR,ERR,ERR,ERR,ERR,ERR,ERR,ERR,ERR,2.718430741444032e+23,2.7184312818759872e+23,0.0,0.0,0.0,1.3936040501711995e+18,7.805,0.0,0,0,4,0,7116,0.0,100,0.0,0.0,0.0,0.0,0.0,0,0,0,0,0.0,0,0,0,0,0,0,0,0,0,0,0,0,0,0,0,0,0,0,0,0,0,0,0,0,0,0,0,0,0,0,0,0,0,31,40,40,71,65476,0,300,0,0,8,21553,0.0,-107605600.0,0.0,0.0,0.0,0.0,0.0,0.0,0.0,0.0,0.0,0.0,0.0,0.0,0.0,0.0,0.0,0.0,0.0,0.0,0.0,0.0,0.0,-2.004,-2.004,0.0,0.0,0.0,0.0,0.0,6181.0,-1.0406699612351174e+34,6943.0,2.718430741444032e+23,2.7184312818759872e+23,-0.0,2.718430741444032e+23,0.0,0.0,0.0,0.0,69,-0.0,89220.938,0.0,0.0,0.0,0.0,0.0,0.0,0.0,0,0,0,0.0,0.0,0.0,0.0,0.0,0.0,0.0,0.0,0.0,0.0,0.0,0.0,0.0,0.0,0.0,0.0,0,-107875648.0,69,0.0,138,0.0,-109447200.0,0,13107,17040,26215,17049,13107,17043,0,0,0,70,68,100,2.7302359370752657e+23,71.2,2.7302370179391762e+23,74.2,-0.0,74.0,1,49,50,180,13107,52429,0,0,0.0,0.0,0.0,0.0,-0.0,67.0,0.0,162057.094,0.0,751,0,739,0,0,0,721,0,767,0,736,0,742,0,742,0,712,0,7520,0.032,107911053312.0,0.0,0.0,784,16797,-0.0,162057.094,-114818.039,-0.0,0.133,6.909358625270745e+28,30.0,65.0,35,0.0,0.0,0.0,0.0,0.0,0.0,0.0,0.0,0.0,0.0,0.0,0.0,0.0,0.0,0.0,0.0,69.2,0,150,71,55,65476,0,300,0,1,8,20529,65476,0,0,40632,65.0,0.0,0.0,0.0,0.0,0.0
2026-09-04T20:14:44,ERR,ERR,ERR,ERR,ERR,ERR,ERR,ERR,ERR,ERR,ERR,ERR,ERR,ERR,ERR,ERR,ERR,ERR,ERR,ERR,ERR,ERR,ERR,ERR,ERR,ERR,ERR,ERR,ERR,ERR,ERR,ERR,ERR,ERR,ERR,ERR,ERR,ERR,ERR,ERR,ERR,ERR,ERR,ERR,ERR,ERR,ERR,ERR,ERR,ERR,ERR,ERR,ERR,ERR,ERR,ERR,ERR,ERR,ERR,ERR,ERR,ERR,ERR,ERR,ERR,ERR,ERR,ERR,ERR,ERR,ERR,ERR,ERR,ERR,ERR,ERR,ERR,ERR,ERR,ERR,ERR,ERR,ERR,ERR,ERR,ERR,ERR,ERR,ERR,ERR,ERR,ERR,ERR,ERR,ERR,ERR,ERR,ERR,ERR,ERR,ERR,ERR,ERR,ERR,ERR,ERR,ERR,ERR,ERR,ERR,ERR,ERR,ERR,ERR,ERR,ERR,ERR,ERR,ERR,ERR,ERR,ERR,ERR,ERR,ERR,2.718430741444032e+23,2.7184312818759872e+23,0.0,0.0,0.0,1.3936040501711995e+18,7.805,0.0,0,0,4,0,7116,0.0,100,0.0,0.0,0.0,0.0,0.0,0,0,0,0,0.0,0,0,0,0,0,0,0,0,0,0,0,0,0,0,0,0,0,0,0,0,0,0,0,0,0,0,0,0,0,0,0,0,0,31,40,40,71,65476,0,300,0,0,8,21553,0.0,-107605600.0,0.0,0.0,0.0,0.0,0.0,0.0,0.0,0.0,0.0,0.0,0.0,0.0,0.0,0.0,0.0,0.0,0.0,0.0,0.0,0.0,0.0,-2.004,-2.004,0.0,0.0,0.0,0.0,0.0,6181.0,-1.0406699612351174e+34,6943.0,2.718430741444032e+23,2.7184312818759872e+23,-0.0,2.718430741444032e+23,0.0,0.0,0.0,0.0,69,-0.0,89220.938,0.0,0.0,0.0,0.0,0.0,0.0,0.0,0,0,0,0.0,0.0,0.0,0.0,0.0,0.0,0.0,0.0,0.0,0.0,0.0,0.0,0.0,0.0,0.0,0.0,0,-107875648.0,69,0.0,138,0.0,-109447200.0,0,13107,17040,26215,17049,13107,17043,0,0,0,70,68,100,2.7302359370752657e+23,71.2,2.7302370179391762e+23,74.2,-0.0,74.0,1,49,50,180,13107,52429,0,0,0.0,0.0,0.0,0.0,-0.0,67.0,0.0,162057.094,0.0,751,0,739,0,0,0,721,0,767,0,736,0,742,0,742,0,712,0,7520,0.032,107911053312.0,0.0,0.0,784,16797,-0.0,162057.094,-114818.039,-0.0,0.133,6.909358625270745e+28,30.0,65.0,35,0.0,0.0,0.0,0.0,0.0,0.0,0.0,0.0,0.0,0.0,0.0,0.0,0.0,0.0,0.0,0.0,69.2,0,150,71,55,65476,0,300,0,1,8,20529,65476,0,0,40632,65.0,0.0,0.0,0.0,0.0,0.0
2026-09-04T20:14:45,ERR,ERR,ERR,ERR,ERR,ERR,ERR,ERR,ERR,ERR,ERR,ERR,ERR,ERR,ERR,ERR,ERR,ERR,ERR,ERR,ERR,ERR,ERR,ERR,ERR,ERR,ERR,ERR,ERR,ERR,ERR,ERR,ERR,ERR,ERR,ERR,ERR,ERR,ERR,ERR,ERR,ERR,ERR,ERR,ERR,ERR,ERR,ERR,ERR,ERR,ERR,ERR,ERR,ERR,ERR,ERR,ERR,ERR,ERR,ERR,ERR,ERR,ERR,ERR,ERR,ERR,ERR,ERR,ERR,ERR,ERR,ERR,ERR,ERR,ERR,ERR,ERR,ERR,ERR,ERR,ERR,ERR,ERR,ERR,ERR,ERR,ERR,ERR,ERR,ERR,ERR,ERR,ERR,ERR,ERR,ERR,ERR,ERR,ERR,ERR,ERR,ERR,ERR,ERR,ERR,ERR,ERR,ERR,ERR,ERR,ERR,ERR,ERR,ERR,ERR,ERR,ERR,ERR,ERR,ERR,ERR,ERR,ERR,ERR,ERR,2.718430741444032e+23,2.7184312818759872e+23,0.0,0.0,0.0,1.3936040501711995e+18,7.805,0.0,0,0,4,0,7116,0.0,100,0.0,0.0,0.0,0.0,0.0,0,0,0,0,0.0,0,0,0,0,0,0,0,0,0,0,0,0,0,0,0,0,0,0,0,0,0,0,0,0,0,0,0,0,0,0,0,0,0,31,40,40,71,65476,0,300,0,0,8,21553,0.0,-107605600.0,0.0,0.0,0.0,0.0,0.0,0.0,0.0,0.0,0.0,0.0,0.0,0.0,0.0,0.0,0.0,0.0,0.0,0.0,0.0,0.0,0.0,-2.004,-2.004,0.0,0.0,0.0,0.0,0.0,6178.0,564148316405760.0,6923.0,2.718430741444032e+23,2.7184312818759872e+23,-0.0,2.718430741444032e+23,0.0,0.0,0.0,0.0,69,3.222031544164523e+26,5.848074301777582e+35,0.0,0.0,0.0,0.0,0.0,0.0,0.0,0,0,0,0.0,0.0,0.0,0.0,0.0,0.0,0.0,0.0,0.0,0.0,0.0,0.0,0.0,0.0,0.0,0.0,0,-107875648.0,69,0.0,138,0.0,-109447200.0,0,13107,17040,26215,17049,13107,17043,0,0,0,70,68,100,2.7302359370752657e+23,71.2,2.7302370179391762e+23,74.2,-0.0,74.0,1,49,50,180,13107,52429,0,0,0.0,0.0,0.0,0.0,-0.0,67.0,0.0,162057.094,0.0,751,0,739,0,0,0,721,0,767,0,736,0,742,0,742,0,712,0,7520,0.032,107911053312.0,0.0,0.0,784,16797,-0.0,162057.094,-114818.039,-0.0,0.133,6.909358625270745e+28,30.0,65.0,35,0.0,0.0,0.0,0.0,0.0,0.0,0.0,0.0,0.0,0.0,0.0,0.0,0.0,0.0,0.0,0.0,69.2,0,150,71,55,65476,0,300,0,1,8,20529,65476,0,0,40632,65.0,0.0,0.0,0.0,0.0,0.0
2026-09-04T20:14:46,ERR,ERR,ERR,ERR,ERR,ERR,ERR,ERR,ERR,ERR,ERR,ERR,ERR,ERR,ERR,ERR,ERR,ERR,ERR,ERR,ERR,ERR,ERR,ERR,ERR,ERR,ERR,ERR,ERR,ERR,ERR,ERR,ERR,ERR,ERR,ERR,ERR,ERR,ERR,ERR,ERR,ERR,ERR,ERR,ERR,ERR,ERR,ERR,ERR,ERR,ERR,ERR,ERR,ERR,ERR,ERR,ERR,ERR,ERR,ERR,ERR,ERR,ERR,ERR,ERR,ERR,ERR,ERR,ERR,ERR,ERR,ERR,ERR,ERR,ERR,ERR,ERR,ERR,ERR,ERR,ERR,ERR,ERR,ERR,ERR,ERR,ERR,ERR,ERR,ERR,ERR,ERR,ERR,ERR,ERR,ERR,ERR,ERR,ERR,ERR,ERR,ERR,ERR,ERR,ERR,ERR,ERR,ERR,ERR,ERR,ERR,ERR,ERR,ERR,ERR,ERR,ERR,ERR,ERR,ERR,ERR,ERR,ERR,ERR,ERR,2.718430741444032e+23,2.7184312818759872e+23,0.0,0.0,0.0,1.3936040501711995e+18,7.805,0.0,0,0,4,0,7116,0.0,100,0.0,0.0,0.0,0.0,0.0,0,0,0,0,0.0,0,0,0,0,0,0,0,0,0,0,0,0,0,0,0,0,0,0,0,0,0,0,0,0,0,0,0,0,0,0,0,0,0,31,40,40,71,65476,0,300,0,0,8,21553,0.0,-107605600.0,0.0,0.0,0.0,0.0,0.0,0.0,0.0,0.0,0.0,0.0,0.0,0.0,0.0,0.0,0.0,0.0,0.0,0.0,0.0,0.0,0.0,-2.004,-2.004,0.0,0.0,0.0,0.0,0.0,6178.0,564148316405760.0,6923.0,2.718430741444032e+23,2.7184312818759872e+23,-0.0,2.718430741444032e+23,0.0,0.0,0.0,0.0,69,3.222031544164523e+26,5.848074301777582e+35,0.0,0.0,0.0,0.0,0.0,0.0,0.0,0,0,0,0.0,0.0,0.0,0.0,0.0,0.0,0.0,0.0,0.0,0.0,0.0,0.0,0.0,0.0,0.0,0.0,0,-107875648.0,69,0.0,138,0.0,-109447200.0,0,13107,17040,26215,17049,13107,17043,0,0,0,70,68,100,2.7302359370752657e+23,71.2,2.7302370179391762e+23,74.2,-0.0,74.0,1,49,50,180,13107,52429,0,0,0.0,0.0,0.0,0.0,-0.0,67.0,0.0,162057.094,0.0,751,0,739,0,0,0,721,0,767,0,736,0,742,0,742,0,712,0,7520,0.032,107911053312.0,0.0,0.0,784,16797,-0.0,162057.094,-114818.039,-0.0,0.133,6.909358625270745e+28,30.0,65.0,35,0.0,0.0,0.0,0.0,0.0,0.0,0.0,0.0,0.0,0.0,0.0,0.0,0.0,0.0,0.0,0.0,69.2,0,150,71,55,65476,0,300,0,1,8,20529,65476,0,0,40632,65.0,0.0,0.0,0.0,0.0,0.0
2026-09-04T20:14:47,ERR,ERR,ERR,ERR,ERR,ERR,ERR,ERR,ERR,ERR,ERR,ERR,ERR,ERR,ERR,ERR,ERR,ERR,ERR,ERR,ERR,ERR,ERR,ERR,ERR,ERR,ERR,ERR,ERR,ERR,ERR,ERR,ERR,ERR,ERR,ERR,ERR,ERR,ERR,ERR,ERR,ERR,ERR,ERR,ERR,ERR,ERR,ERR,ERR,ERR,ERR,ERR,ERR,ERR,ERR,ERR,ERR,ERR,ERR,ERR,ERR,ERR,ERR,ERR,ERR,ERR,ERR,ERR,ERR,ERR,ERR,ERR,ERR,ERR,ERR,ERR,ERR,ERR,ERR,ERR,ERR,ERR,ERR,ERR,ERR,ERR,ERR,ERR,ERR,ERR,ERR,ERR,ERR,ERR,ERR,ERR,ERR,ERR,ERR,ERR,ERR,ERR,ERR,ERR,ERR,ERR,ERR,ERR,ERR,ERR,ERR,ERR,ERR,ERR,ERR,ERR,ERR,ERR,ERR,ERR,ERR,ERR,ERR,ERR,ERR,2.718430741444032e+23,2.7184312818759872e+23,0.0,0.0,0.0,1.3936040501711995e+18,7.805,0.0,0,0,4,0,7116,0.0,100,0.0,0.0,0.0,0.0,0.0,0,0,0,0,0.0,0,0,0,0,0,0,0,0,0,0,0,0,0,0,0,0,0,0,0,0,0,0,0,0,0,0,0,0,0,0,0,0,0,31,40,40,71,65476,0,300,0,0,8,21553,0.0,-107605600.0,0.0,0.0,0.0,0.0,0.0,0.0,0.0,0.0,0.0,0.0,0.0,0.0,0.0,0.0,0.0,0.0,0.0,0.0,0.0,0.0,0.0,-2.004,-2.004,0.0,0.0,0.0,0.0,0.0,6178.0,564148316405760.0,6923.0,2.718430741444032e+23,2.7184312818759872e+23,-0.0,2.718430741444032e+23,0.0,0.0,0.0,0.0,69,3.222031544164523e+26,5.848074301777582e+35,0.0,0.0,0.0,0.0,0.0,0.0,0.0,0,0,0,0.0,0.0,0.0,0.0,0.0,0.0,0.0,0.0,0.0,0.0,0.0,0.0,0.0,0.0,0.0,0.0,0,-107875648.0,69,0.0,138,0.0,-109447200.0,0,13107,17040,26215,17049,13107,17043,0,0,0,70,68,100,2.7302359370752657e+23,71.2,2.7302370179391762e+23,74.2,-0.0,74.0,1,49,50,180,13107,52429,0,0,0.0,0.0,0.0,0.0,-0.0,67.0,0.0,162057.094,0.0,751,0,739,0,0,0,721,0,767,0,736,0,742,0,742,0,712,0,7520,0.032,107911053312.0,0.0,0.0,784,16797,-0.0,162057.094,-114818.039,-0.0,0.133,6.909358625270745e+28,30.0,65.0,35,0.0,0.0,0.0,0.0,0.0,0.0,0.0,0.0,0.0,0.0,0.0,0.0,0.0,0.0,0.0,0.0,69.2,0,150,71,55,65476,0,300,0,1,8,20529,65476,0,0,40632,65.0,0.0,0.0,0.0,0.0,0.0
2026-09-04T20:14:48,ERR,ERR,ERR,ERR,ERR,ERR,ERR,ERR,ERR,ERR,ERR,ERR,ERR,ERR,ERR,ERR,ERR,ERR,ERR,ERR,ERR,ERR,ERR,ERR,ERR,ERR,ERR,ERR,ERR,ERR,ERR,ERR,ERR,ERR,ERR,ERR,ERR,ERR,ERR,ERR,ERR,ERR,ERR,ERR,ERR,ERR,ERR,ERR,ERR,ERR,ERR,ERR,ERR,ERR,ERR,ERR,ERR,ERR,ERR,ERR,ERR,ERR,ERR,ERR,ERR,ERR,ERR,ERR,ERR,ERR,ERR,ERR,ERR,ERR,ERR,ERR,ERR,ERR,ERR,ERR,ERR,ERR,ERR,ERR,ERR,ERR,ERR,ERR,ERR,ERR,ERR,ERR,ERR,ERR,ERR,ERR,ERR,ERR,ERR,ERR,ERR,ERR,ERR,ERR,ERR,ERR,ERR,ERR,ERR,ERR,ERR,ERR,ERR,ERR,ERR,ERR,ERR,ERR,ERR,ERR,ERR,ERR,ERR,ERR,ERR,2.718430741444032e+23,2.7184312818759872e+23,0.0,0.0,0.0,1.3936040501711995e+18,7.805,0.0,0,0,4,0,7116,0.0,100,0.0,0.0,0.0,0.0,0.0,0,0,0,0,0.0,0,0,0,0,0,0,0,0,0,0,0,0,0,0,0,0,0,0,0,0,0,0,0,0,0,0,0,0,0,0,0,0,0,31,40,40,71,65476,0,300,0,0,8,21553,0.0,-107605600.0,0.0,0.0,0.0,0.0,0.0,0.0,0.0,0.0,0.0,0.0,0.0,0.0,0.0,0.0,0.0,0.0,0.0,0.0,0.0,0.0,0.0,-2.004,-2.004,0.0,0.0,0.0,0.0,0.0,6178.0,564148316405760.0,6923.0,2.718430741444032e+23,2.7184312818759872e+23,-0.0,2.718430741444032e+23,0.0,0.0,0.0,0.0,69,3.222031544164523e+26,5.848074301777582e+35,0.0,0.0,0.0,0.0,0.0,0.0,0.0,0,0,0,0.0,0.0,0.0,0.0,0.0,0.0,0.0,0.0,0.0,0.0,0.0,0.0,0.0,0.0,0.0,0.0,0,-107875648.0,69,0.0,138,0.0,-109447200.0,0,13107,17040,26215,17049,13107,17043,0,0,0,70,68,100,2.7302359370752657e+23,71.2,2.7302370179391762e+23,74.2,-0.0,74.0,1,49,50,180,13107,52429,0,0,0.0,0.0,0.0,0.0,-0.0,67.0,0.0,162057.094,0.0,751,0,739,0,0,0,721,0,767,0,736,0,742,0,742,0,712,0,7520,0.032,107911053312.0,0.0,0.0,784,16797,-0.0,162057.094,-114818.039,-0.0,0.133,6.909358625270745e+28,30.0,65.0,35,0.0,0.0,0.0,0.0,0.0,0.0,0.0,0.0,0.0,0.0,0.0,0.0,0.0,0.0,0.0,0.0,69.2,0,150,71,55,65476,0,300,0,1,8,20529,65476,0,0,40632,65.0,0.0,0.0,0.0,0.0,0.0
2026-09-04T20:14:49,ERR,ERR,ERR,ERR,ERR,ERR,ERR,ERR,ERR,ERR,ERR,ERR,ERR,ERR,ERR,ERR,ERR,ERR,ERR,ERR,ERR,ERR,ERR,ERR,ERR,ERR,ERR,ERR,ERR,ERR,ERR,ERR,ERR,ERR,ERR,ERR,ERR,ERR,ERR,ERR,ERR,ERR,ERR,ERR,ERR,ERR,ERR,ERR,ERR,ERR,ERR,ERR,ERR,ERR,ERR,ERR,ERR,ERR,ERR,ERR,ERR,ERR,ERR,ERR,ERR,ERR,ERR,ERR,ERR,ERR,ERR,ERR,ERR,ERR,ERR,ERR,ERR,ERR,ERR,ERR,ERR,ERR,ERR,ERR,ERR,ERR,ERR,ERR,ERR,ERR,ERR,ERR,ERR,ERR,ERR,ERR,ERR,ERR,ERR,ERR,ERR,ERR,ERR,ERR,ERR,ERR,ERR,ERR,ERR,ERR,ERR,ERR,ERR,ERR,ERR,ERR,ERR,ERR,ERR,ERR,ERR,ERR,ERR,ERR,ERR,2.718430741444032e+23,2.7184312818759872e+23,0.0,0.0,0.0,1.3936040501711995e+18,7.805,0.0,0,0,4,0,7116,0.0,100,0.0,0.0,0.0,0.0,0.0,0,0,0,0,0.0,0,0,0,0,0,0,0,0,0,0,0,0,0,0,0,0,0,0,0,0,0,0,0,0,0,0,0,0,0,0,0,0,0,31,40,40,71,65476,0,300,0,0,8,21553,0.0,-107605600.0,0.0,0.0,0.0,0.0,0.0,0.0,0.0,0.0,0.0,0.0,0.0,0.0,0.0,0.0,0.0,0.0,0.0,0.0,0.0,0.0,0.0,-2.004,-2.004,0.0,0.0,0.0,0.0,0.0,6178.0,564148316405760.0,6923.0,2.718430741444032e+23,2.7184312818759872e+23,-0.0,2.718430741444032e+23,0.0,0.0,0.0,0.0,69,3.222031544164523e+26,5.848074301777582e+35,0.0,0.0,0.0,0.0,0.0,0.0,0.0,0,0,0,0.0,0.0,0.0,0.0,0.0,0.0,0.0,0.0,0.0,0.0,0.0,0.0,0.0,0.0,0.0,0.0,0,-107875648.0,69,0.0,138,0.0,-109447200.0,0,13107,17040,26215,17049,13107,17043,0,0,0,70,68,100,2.7302359370752657e+23,71.2,2.7302370179391762e+23,74.2,2.7302370179391762e+23,74.0,1,49,50,180,13107,0,0,0,0.0,0.0,0.0,0.0,-0.0,67.0,0.0,162057.094,0.0,751,0,739,0,0,0,721,0,767,0,736,0,742,0,742,0,712,0,7520,0.032,107911053312.0,0.0,0.0,784,16797,-0.0,162057.094,-114818.039,-0.0,0.133,6.909358625270745e+28,30.0,65.0,35,0.0,0.0,0.0,0.0,0.0,0.0,0.0,0.0,0.0,0.0,0.0,0.0,0.0,0.0,0.0,0.0,69.2,0,150,71,55,65476,0,300,0,1,8,20529,65476,0,0,40632,65.0,0.0,0.0,0.0,0.0,0.0
2026-09-04T20:14:50,ERR,ERR,ERR,ERR,ERR,ERR,ERR,ERR,ERR,ERR,ERR,ERR,ERR,ERR,ERR,ERR,ERR,ERR,ERR,ERR,ERR,ERR,ERR,ERR,ERR,ERR,ERR,ERR,ERR,ERR,ERR,ERR,ERR,ERR,ERR,ERR,ERR,ERR,ERR,ERR,ERR,ERR,ERR,ERR,ERR,ERR,ERR,ERR,ERR,ERR,ERR,ERR,ERR,ERR,ERR,ERR,ERR,ERR,ERR,ERR,ERR,ERR,ERR,ERR,ERR,ERR,ERR,ERR,ERR,ERR,ERR,ERR,ERR,ERR,ERR,ERR,ERR,ERR,ERR,ERR,ERR,ERR,ERR,ERR,ERR,ERR,ERR,ERR,ERR,ERR,ERR,ERR,ERR,ERR,ERR,ERR,ERR,ERR,ERR,ERR,ERR,ERR,ERR,ERR,ERR,ERR,ERR,ERR,ERR,ERR,ERR,ERR,ERR,ERR,ERR,ERR,ERR,ERR,ERR,ERR,ERR,ERR,ERR,ERR,ERR,2.718430741444032e+23,2.7184312818759872e+23,0.0,0.0,0.0,1.3936040501711995e+18,7.805,0.0,0,0,4,0,7116,0.0,100,0.0,0.0,0.0,0.0,0.0,0,0,0,0,0.0,0,0,0,0,0,0,0,0,0,0,0,0,0,0,0,0,0,0,0,0,0,0,0,0,0,0,0,0,0,0,0,0,0,31,40,40,71,65476,0,300,0,0,8,21553,0.0,-107605600.0,0.0,0.0,0.0,0.0,0.0,0.0,0.0,0.0,0.0,0.0,0.0,0.0,0.0,0.0,0.0,0.0,0.0,0.0,0.0,0.0,0.0,-2.004,-2.004,0.0,0.0,0.0,0.0,0.0,6178.0,564148316405760.0,6923.0,2.718430741444032e+23,2.7184312818759872e+23,-0.0,2.718430741444032e+23,0.0,0.0,0.0,0.0,69,3.222031544164523e+26,5.848074301777582e+35,0.0,0.0,0.0,0.0,0.0,0.0,0.0,0,0,0,0.0,0.0,0.0,0.0,0.0,0.0,0.0,0.0,0.0,0.0,0.0,0.0,0.0,0.0,0.0,0.0,0,-107875648.0,69,0.0,138,0.0,-109447200.0,0,13107,17040,26215,17049,13107,17043,0,0,0,70,68,100,2.7302359370752657e+23,71.2,2.7302370179391762e+23,74.2,2.7302370179391762e+23,74.0,1,49,50,180,13107,0,0,0,0.0,0.0,0.0,0.0,-0.0,67.0,0.0,162057.094,0.0,751,0,739,0,0,0,721,0,767,0,736,0,742,0,742,0,712,0,7520,0.032,107911053312.0,0.0,0.0,784,16797,-0.0,162057.094,-114818.039,-0.0,0.133,6.909358625270745e+28,30.0,65.0,35,0.0,0.0,0.0,0.0,0.0,0.0,0.0,0.0,0.0,0.0,0.0,0.0,0.0,0.0,0.0,0.0,69.2,0,150,71,55,65476,0,300,0,1,8,20529,65476,0,0,40632,65.0,0.0,0.0,0.0,0.0,0.0
2026-09-04T20:14:51,ERR,ERR,ERR,ERR,ERR,ERR,ERR,ERR,ERR,ERR,ERR,ERR,ERR,ERR,ERR,ERR,ERR,ERR,ERR,ERR,ERR,ERR,ERR,ERR,ERR,ERR,ERR,ERR,ERR,ERR,ERR,ERR,ERR,ERR,ERR,ERR,ERR,ERR,ERR,ERR,ERR,ERR,ERR,ERR,ERR,ERR,ERR,ERR,ERR,ERR,ERR,ERR,ERR,ERR,ERR,ERR,ERR,ERR,ERR,ERR,ERR,ERR,ERR,ERR,ERR,ERR,ERR,ERR,ERR,ERR,ERR,ERR,ERR,ERR,ERR,ERR,ERR,ERR,ERR,ERR,ERR,ERR,ERR,ERR,ERR,ERR,ERR,ERR,ERR,ERR,ERR,ERR,ERR,ERR,ERR,ERR,ERR,ERR,ERR,ERR,ERR,ERR,ERR,ERR,ERR,ERR,ERR,ERR,ERR,ERR,ERR,ERR,ERR,ERR,ERR,ERR,ERR,ERR,ERR,ERR,ERR,ERR,ERR,ERR,ERR,2.718430741444032e+23,2.7184312818759872e+23,0.0,0.0,0.0,1.3936040501711995e+18,7.805,0.0,0,0,4,0,7116,0.0,100,0.0,0.0,0.0,0.0,0.0,0,0,0,0,0.0,0,0,0,0,0,0,0,0,0,0,0,0,0,0,0,0,0,0,0,0,0,0,0,0,0,0,0,0,0,0,0,0,0,31,40,40,71,65476,0,300,0,0,8,21553,0.0,-107605600.0,0.0,0.0,0.0,0.0,0.0,0.0,0.0,0.0,0.0,0.0,0.0,0.0,0.0,0.0,0.0,0.0,0.0,0.0,0.0,0.0,0.0,-2.004,-2.004,0.0,0.0,0.0,0.0,0.0,6178.0,564148316405760.0,6923.0,2.718430741444032e+23,2.7184312818759872e+23,-0.0,2.718430741444032e+23,0.0,0.0,0.0,0.0,69,3.222031544164523e+26,5.848074301777582e+35,0.0,0.0,0.0,0.0,0.0,0.0,0.0,0,0,0,0.0,0.0,0.0,0.0,0.0,0.0,0.0,0.0,0.0,0.0,0.0,0.0,0.0,0.0,0.0,0.0,0,-107875648.0,69,0.0,138,0.0,-109447200.0,0,13107,17040,26215,17049,13107,17043,0,0,0,70,68,100,2.7302359370752657e+23,71.2,2.7302370179391762e+23,74.2,2.7302370179391762e+23,74.0,1,49,50,180,13107,0,0,0,0.0,0.0,0.0,0.0,-0.0,67.0,0.0,162057.094,0.0,751,0,739,0,0,0,721,0,767,0,736,0,742,0,742,0,712,0,7520,0.032,107911053312.0,0.0,0.0,784,16797,-0.0,162057.094,-114818.039,-0.0,0.133,6.909358625270745e+28,30.0,65.0,35,0.0,0.0,0.0,0.0,0.0,0.0,0.0,0.0,0.0,0.0,0.0,0.0,0.0,0.0,0.0,0.0,69.2,0,150,71,55,65476,0,300,0,1,8,20529,65476,0,0,40632,65.0,0.0,0.0,0.0,0.0,0.0
2026-09-04T20:14:52,ERR,ERR,ERR,ERR,ERR,ERR,ERR,ERR,ERR,ERR,ERR,ERR,ERR,ERR,ERR,ERR,ERR,ERR,ERR,ERR,ERR,ERR,ERR,ERR,ERR,ERR,ERR,ERR,ERR,ERR,ERR,ERR,ERR,ERR,ERR,ERR,ERR,ERR,ERR,ERR,ERR,ERR,ERR,ERR,ERR,ERR,ERR,ERR,ERR,ERR,ERR,ERR,ERR,ERR,ERR,ERR,ERR,ERR,ERR,ERR,ERR,ERR,ERR,ERR,ERR,ERR,ERR,ERR,ERR,ERR,ERR,ERR,ERR,ERR,ERR,ERR,ERR,ERR,ERR,ERR,ERR,ERR,ERR,ERR,ERR,ERR,ERR,ERR,ERR,ERR,ERR,ERR,ERR,ERR,ERR,ERR,ERR,ERR,ERR,ERR,ERR,ERR,ERR,ERR,ERR,ERR,ERR,ERR,ERR,ERR,ERR,ERR,ERR,ERR,ERR,ERR,ERR,ERR,ERR,ERR,ERR,ERR,ERR,ERR,ERR,2.718430741444032e+23,2.7184312818759872e+23,0.0,0.0,0.0,1.3936040501711995e+18,7.805,0.0,0,0,4,0,7116,0.0,100,0.0,0.0,0.0,0.0,0.0,0,0,0,0,0.0,0,0,0,0,0,0,0,0,0,0,0,0,0,0,0,0,0,0,0,0,0,0,0,0,0,0,0,0,0,0,0,0,0,31,40,40,71,65476,0,300,0,0,8,21553,0.0,-107605600.0,0.0,0.0,0.0,0.0,0.0,0.0,0.0,0.0,0.0,0.0,0.0,0.0,-2.596148429267414e+33,0.0,0.0,0.0,0.0,0.0,0.0,0.0,0.0,-2.004,-2.004,0.0,0.0,0.0,0.0,0.0,6185.0,-0.0,6932.0,2.718430741444032e+23,2.7184312818759872e+23,-0.0,2.718430741444032e+23,0.0,0.0,0.0,0.0,69,-0.0,-152018068963328.0,0.0,0.0,0.0,0.0,0.0,0.0,0.0,0,0,0,0.0,0.0,0.0,0.0,0.0,0.0,0.0,0.0,0.0,0.0,0.0,0.0,0.0,0.0,0.0,0.0,0,-107875648.0,69,0.0,138,0.0,-109447200.0,0,13107,17040,26215,17049,13107,17043,0,0,0,70,68,100,2.7302359370752657e+23,71.2,2.7302370179391762e+23,74.2,2.7302370179391762e+23,74.0,1,49,50,180,13107,0,0,0,0.0,0.0,0.0,0.0,-0.0,67.0,0.0,162057.094,0.0,751,0,739,0,0,0,721,0,767,0,736,0,742,0,742,0,712,0,7520,0.032,107911053312.0,0.0,0.0,784,16797,-0.0,162057.094,-114818.039,-0.0,0.133,6.909358625270745e+28,30.0,65.0,35,0.0,0.0,0.0,0.0,0.0,0.0,0.0,0.0,0.0,0.0,0.0,0.0,0.0,0.0,0.0,0.0,69.2,0,150,71,55,65476,0,300,0,1,8,20529,65476,0,0,40632,65.0,0.0,0.0,0.0,0.0,0.0
2026-09-04T20:14:53,ERR,ERR,ERR,ERR,ERR,ERR,ERR,ERR,ERR,ERR,ERR,ERR,ERR,ERR,ERR,ERR,ERR,ERR,ERR,ERR,ERR,ERR,ERR,ERR,ERR,ERR,ERR,ERR,ERR,ERR,ERR,ERR,ERR,ERR,ERR,ERR,ERR,ERR,ERR,ERR,ERR,ERR,ERR,ERR,ERR,ERR,ERR,ERR,ERR,ERR,ERR,ERR,ERR,ERR,ERR,ERR,ERR,ERR,ERR,ERR,ERR,ERR,ERR,ERR,ERR,ERR,ERR,ERR,ERR,ERR,ERR,ERR,ERR,ERR,ERR,ERR,ERR,ERR,ERR,ERR,ERR,ERR,ERR,ERR,ERR,ERR,ERR,ERR,ERR,ERR,ERR,ERR,ERR,ERR,ERR,ERR,ERR,ERR,ERR,ERR,ERR,ERR,ERR,ERR,ERR,ERR,ERR,ERR,ERR,ERR,ERR,ERR,ERR,ERR,ERR,ERR,ERR,ERR,ERR,ERR,ERR,ERR,ERR,ERR,ERR,2.718430741444032e+23,2.7184312818759872e+23,0.0,0.0,0.0,1.3936040501711995e+18,7.805,0.0,0,0,4,0,7116,0.0,100,0.0,0.0,0.0,0.0,0.0,0,0,0,0,0.0,0,0,0,0,0,0,0,0,0,0,0,0,0,0,0,0,0,0,0,0,0,0,0,0,0,0,0,0,0,0,0,0,0,31,40,40,71,65476,0,300,0,0,8,21553,0.0,-107605600.0,0.0,0.0,0.0,0.0,0.0,0.0,0.0,0.0,0.0,0.0,0.0,0.0,-2.596148429267414e+33,0.0,0.0,0.0,0.0,0.0,0.0,0.0,0.0,-2.004,-2.004,0.0,0.0,0.0,0.0,0.0,6185.0,-0.0,6932.0,2.718430741444032e+23,2.7184312818759872e+23,-0.0,2.718430741444032e+23,0.0,0.0,0.0,0.0,69,-0.0,-152018068963328.0,0.0,0.0,0.0,0.0,0.0,0.0,0.0,0,0,0,0.0,0.0,0.0,0.0,0.0,0.0,0.0,0.0,0.0,0.0,0.0,0.0,0.0,0.0,0.0,0.0,0,-107875648.0,69,0.0,138,0.0,-109447200.0,0,13107,17040,26215,17049,13107,17043,0,0,0,70,68,100,2.7302359370752657e+23,71.2,2.7302370179391762e+23,74.2,2.7302370179391762e+23,74.0,1,49,50,180,13107,0,0,0,0.0,0.0,0.0,0.0,-0.0,67.0,0.0,162057.094,0.0,751,0,739,0,0,0,721,0,767,0,736,0,742,0,742,0,712,0,7520,0.032,107911053312.0,0.0,0.0,784,16797,-0.0,162057.094,-114818.039,-0.0,0.133,6.909358625270745e+28,30.0,65.0,35,0.0,0.0,0.0,0.0,0.0,0.0,0.0,0.0,0.0,0.0,0.0,0.0,0.0,0.0,0.0,0.0,69.2,0,150,71,55,65476,0,300,0,1,8,20529,65476,0,0,40632,65.0,0.0,0.0,0.0,0.0,0.0
2026-09-04T20:14:54,ERR,ERR,ERR,ERR,ERR,ERR,ERR,ERR,ERR,ERR,ERR,ERR,ERR,ERR,ERR,ERR,ERR,ERR,ERR,ERR,ERR,ERR,ERR,ERR,ERR,ERR,ERR,ERR,ERR,ERR,ERR,ERR,ERR,ERR,ERR,ERR,ERR,ERR,ERR,ERR,ERR,ERR,ERR,ERR,ERR,ERR,ERR,ERR,ERR,ERR,ERR,ERR,ERR,ERR,ERR,ERR,ERR,ERR,ERR,ERR,ERR,ERR,ERR,ERR,ERR,ERR,ERR,ERR,ERR,ERR,ERR,ERR,ERR,ERR,ERR,ERR,ERR,ERR,ERR,ERR,ERR,ERR,ERR,ERR,ERR,ERR,ERR,ERR,ERR,ERR,ERR,ERR,ERR,ERR,ERR,ERR,ERR,ERR,ERR,ERR,ERR,ERR,ERR,ERR,ERR,ERR,ERR,ERR,ERR,ERR,ERR,ERR,ERR,ERR,ERR,ERR,ERR,ERR,ERR,ERR,ERR,ERR,ERR,ERR,ERR,2.718430741444032e+23,2.7184312818759872e+23,0.0,0.0,0.0,1.3936040501711995e+18,7.805,0.0,0,0,4,0,7116,0.0,100,0.0,0.0,0.0,0.0,0.0,0,0,0,0,0.0,0,0,0,0,0,0,0,0,0,0,0,0,0,0,0,0,0,0,0,0,0,0,0,0,0,0,0,0,0,0,0,0,0,31,40,40,71,65476,0,300,0,0,8,21553,0.0,-107605600.0,0.0,0.0,0.0,0.0,0.0,0.0,0.0,0.0,0.0,0.0,0.0,0.0,-2.596148429267414e+33,0.0,0.0,0.0,0.0,0.0,0.0,0.0,0.0,-2.004,-2.004,0.0,0.0,0.0,0.0,0.0,6185.0,-0.0,6932.0,2.718430741444032e+23,2.7184312818759872e+23,-0.0,2.718430741444032e+23,0.0,0.0,0.0,0.0,69,-0.0,-152018068963328.0,0.0,0.0,0.0,0.0,0.0,0.0,0.0,0,0,0,0.0,0.0,0.0,0.0,0.0,0.0,0.0,0.0,0.0,0.0,0.0,0.0,0.0,0.0,0.0,0.0,0,-107875648.0,69,0.0,138,0.0,-109447200.0,0,13107,17040,26215,17049,13107,17043,0,0,0,70,68,100,2.7302359370752657e+23,71.2,2.7302370179391762e+23,74.2,2.7302370179391762e+23,74.0,1,49,50,180,13107,52429,0,0,0.0,0.0,0.0,0.0,-0.0,67.0,0.0,162057.094,0.0,751,0,739,0,0,0,721,0,767,0,736,0,742,0,742,0,712,0,7520,0.032,107911053312.0,0.0,0.0,784,16797,-0.0,162057.094,-114818.039,-0.0,0.133,6.909358625270745e+28,30.0,65.0,35,0.0,0.0,0.0,0.0,0.0,0.0,0.0,0.0,0.0,0.0,0.0,0.0,0.0,0.0,0.0,0.0,69.2,0,150,71,55,65476,0,300,0,1,8,20529,65476,0,0,40632,65.0,0.0,0.0,0.0,0.0,0.0
2026-09-04T20:14:55,ERR,ERR,ERR,ERR,ERR,ERR,ERR,ERR,ERR,ERR,ERR,ERR,ERR,ERR,ERR,ERR,ERR,ERR,ERR,ERR,ERR,ERR,ERR,ERR,ERR,ERR,ERR,ERR,ERR,ERR,ERR,ERR,ERR,ERR,ERR,ERR,ERR,ERR,ERR,ERR,ERR,ERR,ERR,ERR,ERR,ERR,ERR,ERR,ERR,ERR,ERR,ERR,ERR,ERR,ERR,ERR,ERR,ERR,ERR,ERR,ERR,ERR,ERR,ERR,ERR,ERR,ERR,ERR,ERR,ERR,ERR,ERR,ERR,ERR,ERR,ERR,ERR,ERR,ERR,ERR,ERR,ERR,ERR,ERR,ERR,ERR,ERR,ERR,ERR,ERR,ERR,ERR,ERR,ERR,ERR,ERR,ERR,ERR,ERR,ERR,ERR,ERR,ERR,ERR,ERR,ERR,ERR,ERR,ERR,ERR,ERR,ERR,ERR,ERR,ERR,ERR,ERR,ERR,ERR,ERR,ERR,ERR,ERR,ERR,ERR,2.718430741444032e+23,2.7184312818759872e+23,0.0,0.0,0.0,1.3936040501711995e+18,7.805,0.0,0,0,4,0,7116,0.0,100,0.0,0.0,0.0,0.0,0.0,0,0,0,0,0.0,0,0,0,0,0,0,0,0,0,0,0,0,0,0,0,0,0,0,0,0,0,0,0,0,0,0,0,0,0,0,0,0,0,31,40,40,71,65476,0,300,0,0,8,21553,0.0,-107605600.0,0.0,0.0,0.0,0.0,0.0,0.0,0.0,0.0,0.0,0.0,0.0,0.0,-2.596148429267414e+33,0.0,0.0,0.0,0.0,0.0,0.0,0.0,0.0,-2.004,-2.004,0.0,0.0,0.0,0.0,0.0,6185.0,-0.0,6932.0,2.718430741444032e+23,2.7184312818759872e+23,-0.0,2.718430741444032e+23,0.0,0.0,0.0,0.0,69,-0.0,-152018068963328.0,0.0,0.0,0.0,0.0,0.0,0.0,0.0,0,0,0,0.0,0.0,0.0,0.0,0.0,0.0,0.0,0.0,0.0,0.0,0.0,0.0,0.0,0.0,0.0,0.0,0,-107875648.0,69,0.0,138,0.0,-109447200.0,0,13107,17040,26215,17049,13107,17043,0,0,0,70,68,100,2.7302359370752657e+23,71.2,2.7302370179391762e+23,74.2,2.7302370179391762e+23,74.0,1,49,50,180,13107,52429,0,0,0.0,0.0,0.0,0.0,-0.0,67.0,0.0,162057.094,0.0,751,0,739,0,0,0,721,0,767,0,736,0,742,0,742,0,712,0,7520,0.032,107911053312.0,0.0,0.0,784,16797,-0.0,162057.094,-114818.039,-0.0,0.133,6.909358625270745e+28,30.0,65.0,35,0.0,0.0,0.0,0.0,0.0,0.0,0.0,0.0,0.0,0.0,0.0,0.0,0.0,0.0,0.0,0.0,69.2,0,150,71,55,65476,0,300,0,1,8,20529,65476,0,0,40632,65.0,0.0,0.0,0.0,0.0,0.0
2026-09-04T20:14:56,ERR,ERR,ERR,ERR,ERR,ERR,ERR,ERR,ERR,ERR,ERR,ERR,ERR,ERR,ERR,ERR,ERR,ERR,ERR,ERR,ERR,ERR,ERR,ERR,ERR,ERR,ERR,ERR,ERR,ERR,ERR,ERR,ERR,ERR,ERR,ERR,ERR,ERR,ERR,ERR,ERR,ERR,ERR,ERR,ERR,ERR,ERR,ERR,ERR,ERR,ERR,ERR,ERR,ERR,ERR,ERR,ERR,ERR,ERR,ERR,ERR,ERR,ERR,ERR,ERR,ERR,ERR,ERR,ERR,ERR,ERR,ERR,ERR,ERR,ERR,ERR,ERR,ERR,ERR,ERR,ERR,ERR,ERR,ERR,ERR,ERR,ERR,ERR,ERR,ERR,ERR,ERR,ERR,ERR,ERR,ERR,ERR,ERR,ERR,ERR,ERR,ERR,ERR,ERR,ERR,ERR,ERR,ERR,ERR,ERR,ERR,ERR,ERR,ERR,ERR,ERR,ERR,ERR,ERR,ERR,ERR,ERR,ERR,ERR,ERR,2.718430741444032e+23,2.7184312818759872e+23,0.0,0.0,0.0,1.3936040501711995e+18,7.805,0.0,0,0,4,0,7116,0.0,100,0.0,0.0,0.0,0.0,0.0,0,0,0,0,0.0,0,0,0,0,0,0,0,0,0,0,0,0,0,0,0,0,0,0,0,0,0,0,0,0,0,0,0,0,0,0,0,0,0,31,40,40,71,65476,0,300,0,0,8,21553,0.0,-107605600.0,0.0,0.0,0.0,0.0,0.0,0.0,0.0,0.0,0.0,0.0,0.0,0.0,-2.596148429267414e+33,0.0,0.0,0.0,0.0,0.0,0.0,0.0,0.0,-2.004,-2.004,0.0,0.0,0.0,0.0,0.0,6185.0,-0.0,6932.0,2.718430741444032e+23,2.7184312818759872e+23,-0.0,2.718430741444032e+23,0.0,0.0,0.0,0.0,69,-0.0,-152018068963328.0,0.0,0.0,0.0,0.0,0.0,0.0,0.0,0,0,0,0.0,0.0,0.0,0.0,0.0,0.0,0.0,0.0,0.0,0.0,0.0,0.0,0.0,0.0,0.0,0.0,0,-107875648.0,69,0.0,138,0.0,-109447200.0,0,13107,17040,26215,17049,13107,17043,0,0,0,70,68,100,2.7302359370752657e+23,71.2,2.7302370179391762e+23,74.2,2.7302370179391762e+23,74.0,1,49,50,180,13107,52429,0,0,0.0,0.0,0.0,0.0,-0.0,67.0,0.0,162057.094,0.0,751,0,739,0,0,0,721,0,767,0,736,0,742,0,742,0,712,0,7520,0.032,107911053312.0,0.0,0.0,784,16797,-0.0,162057.094,-114818.039,-0.0,0.133,6.909358625270745e+28,30.0,65.0,35,0.0,0.0,0.0,0.0,0.0,0.0,0.0,0.0,0.0,0.0,0.0,0.0,0.0,0.0,0.0,0.0,69.2,0,150,71,55,65476,0,300,0,1,8,20529,65476,0,0,40632,65.0,0.0,0.0,0.0,0.0,0.0
2026-09-04T20:14:57,ERR,ERR,ERR,ERR,ERR,ERR,ERR,ERR,ERR,ERR,ERR,ERR,ERR,ERR,ERR,ERR,ERR,ERR,ERR,ERR,ERR,ERR,ERR,ERR,ERR,ERR,ERR,ERR,ERR,ERR,ERR,ERR,ERR,ERR,ERR,ERR,ERR,ERR,ERR,ERR,ERR,ERR,ERR,ERR,ERR,ERR,ERR,ERR,ERR,ERR,ERR,ERR,ERR,ERR,ERR,ERR,ERR,ERR,ERR,ERR,ERR,ERR,ERR,ERR,ERR,ERR,ERR,ERR,ERR,ERR,ERR,ERR,ERR,ERR,ERR,ERR,ERR,ERR,ERR,ERR,ERR,ERR,ERR,ERR,ERR,ERR,ERR,ERR,ERR,ERR,ERR,ERR,ERR,ERR,ERR,ERR,ERR,ERR,ERR,ERR,ERR,ERR,ERR,ERR,ERR,ERR,ERR,ERR,ERR,ERR,ERR,ERR,ERR,ERR,ERR,ERR,ERR,ERR,ERR,ERR,ERR,ERR,ERR,ERR,ERR,2.718430741444032e+23,2.7184312818759872e+23,0.0,0.0,0.0,1.3936040501711995e+18,7.805,0.0,0,0,4,0,7116,0.0,100,0.0,0.0,0.0,0.0,0.0,0,0,0,0,0.0,0,0,0,0,0,0,0,0,0,0,0,0,0,0,0,0,0,0,0,0,0,0,0,0,0,0,0,0,0,0,0,0,0,31,40,40,71,65476,0,300,0,0,8,21553,0.0,-107605600.0,0.0,0.0,0.0,0.0,0.0,0.0,0.0,0.0,0.0,0.0,0.0,0.0,-2.596148429267414e+33,0.0,0.0,0.0,0.0,0.0,0.0,0.0,0.0,-2.004,-2.004,0.0,0.0,0.0,0.0,0.0,6185.0,-0.0,6932.0,2.718430741444032e+23,2.7184312818759872e+23,-0.0,2.718430741444032e+23,0.0,0.0,0.0,0.0,69,-0.0,-152018068963328.0,0.0,0.0,0.0,0.0,0.0,0.0,0.0,0,0,0,0.0,0.0,0.0,0.0,0.0,0.0,0.0,0.0,0.0,0.0,0.0,0.0,0.0,0.0,0.0,0.0,0,-107875648.0,69,0.0,138,0.0,-109447200.0,0,13107,17040,26215,17049,13107,17043,0,0,0,70,68,100,2.7302359370752657e+23,71.2,2.7302370179391762e+23,74.2,2.7302370179391762e+23,74.0,1,49,50,180,13107,52429,0,0,0.0,0.0,0.0,0.0,-0.0,67.0,0.0,162057.094,0.0,751,0,739,0,0,0,721,0,767,0,736,0,742,0,742,0,712,0,7520,0.032,107911053312.0,0.0,0.0,784,16797,-0.0,162057.094,-114818.039,-0.0,0.133,6.909358625270745e+28,30.0,65.0,35,0.0,0.0,0.0,0.0,0.0,0.0,0.0,0.0,0.0,0.0,0.0,0.0,0.0,0.0,0.0,0.0,69.2,0,150,71,55,65476,0,300,0,1,8,20529,65476,0,0,40632,65.0,0.0,0.0,0.0,0.0,0.0
2026-09-04T20:14:58,ERR,ERR,ERR,ERR,ERR,ERR,ERR,ERR,ERR,ERR,ERR,ERR,ERR,ERR,ERR,ERR,ERR,ERR,ERR,ERR,ERR,ERR,ERR,ERR,ERR,ERR,ERR,ERR,ERR,ERR,ERR,ERR,ERR,ERR,ERR,ERR,ERR,ERR,ERR,ERR,ERR,ERR,ERR,ERR,ERR,ERR,ERR,ERR,ERR,ERR,ERR,ERR,ERR,ERR,ERR,ERR,ERR,ERR,ERR,ERR,ERR,ERR,ERR,ERR,ERR,ERR,ERR,ERR,ERR,ERR,ERR,ERR,ERR,ERR,ERR,ERR,ERR,ERR,ERR,ERR,ERR,ERR,ERR,ERR,ERR,ERR,ERR,ERR,ERR,ERR,ERR,ERR,ERR,ERR,ERR,ERR,ERR,ERR,ERR,ERR,ERR,ERR,ERR,ERR,ERR,ERR,ERR,ERR,ERR,ERR,ERR,ERR,ERR,ERR,ERR,ERR,ERR,ERR,ERR,ERR,ERR,ERR,ERR,ERR,ERR,2.718430741444032e+23,2.7184312818759872e+23,0.0,0.0,0.0,1.3936040501711995e+18,7.805,0.0,0,0,4,0,7116,0.0,100,0.0,0.0,0.0,0.0,0.0,0,0,0,0,0.0,0,0,0,0,0,0,0,0,0,0,0,0,0,0,0,0,0,0,0,0,0,0,0,0,0,0,0,0,0,0,0,0,0,31,40,40,71,65476,0,300,0,0,8,21553,0.0,-107605600.0,0.0,0.0,0.0,0.0,0.0,0.0,0.0,0.0,0.0,0.0,0.0,0.0,-2.596148429267414e+33,0.0,0.0,0.0,0.0,0.0,0.0,0.0,0.0,-2.004,-2.004,0.0,0.0,0.0,0.0,0.0,6185.0,-0.0,6932.0,2.718430741444032e+23,2.7184312818759872e+23,-0.0,2.718430741444032e+23,0.0,0.0,0.0,0.0,69,-0.0,-152018068963328.0,0.0,0.0,0.0,0.0,0.0,0.0,0.0,0,0,0,0.0,0.0,0.0,0.0,0.0,0.0,0.0,0.0,0.0,0.0,0.0,0.0,0.0,0.0,0.0,0.0,0,-107875648.0,69,0.0,138,0.0,-109447200.0,0,13107,17040,26215,17049,13107,17043,0,0,0,70,68,100,2.7302359370752657e+23,71.2,2.7302370179391762e+23,74.2,2.7302370179391762e+23,74.0,1,49,50,180,13107,52429,0,0,0.0,0.0,0.0,0.0,-0.0,67.0,0.0,162057.094,0.0,751,0,739,0,0,0,721,0,767,0,736,0,742,0,742,0,712,0,7520,0.032,107911053312.0,0.0,0.0,784,16797,-0.0,162057.094,-114818.039,-0.0,0.133,6.909358625270745e+28,30.0,65.0,35,0.0,0.0,0.0,0.0,0.0,0.0,0.0,0.0,0.0,0.0,0.0,0.0,0.0,0.0,0.0,0.0,69.2,0,150,71,55,65476,0,300,0,1,8,20529,65476,0,0,40632,65.0,0.0,0.0,0.0,0.0,0.0
2026-09-04T20:14:59,ERR,ERR,ERR,ERR,ERR,ERR,ERR,ERR,ERR,ERR,ERR,ERR,ERR,ERR,ERR,ERR,ERR,ERR,ERR,ERR,ERR,ERR,ERR,ERR,ERR,ERR,ERR,ERR,ERR,ERR,ERR,ERR,ERR,ERR,ERR,ERR,ERR,ERR,ERR,ERR,ERR,ERR,ERR,ERR,ERR,ERR,ERR,ERR,ERR,ERR,ERR,ERR,ERR,ERR,ERR,ERR,ERR,ERR,ERR,ERR,ERR,ERR,ERR,ERR,ERR,ERR,ERR,ERR,ERR,ERR,ERR,ERR,ERR,ERR,ERR,ERR,ERR,ERR,ERR,ERR,ERR,ERR,ERR,ERR,ERR,ERR,ERR,ERR,ERR,ERR,ERR,ERR,ERR,ERR,ERR,ERR,ERR,ERR,ERR,ERR,ERR,ERR,ERR,ERR,ERR,ERR,ERR,ERR,ERR,ERR,ERR,ERR,ERR,ERR,ERR,ERR,ERR,ERR,ERR,ERR,ERR,ERR,ERR,ERR,ERR,2.718430741444032e+23,2.7184312818759872e+23,0.0,0.0,0.0,1.3936040501711995e+18,7.805,0.0,0,0,4,0,7116,0.0,100,0.0,0.0,0.0,0.0,0.0,0,0,0,0,0.0,0,0,0,0,0,0,0,0,0,0,0,0,0,0,0,0,0,0,0,0,0,0,0,0,0,0,0,0,0,0,0,0,0,31,40,40,71,65476,0,300,0,0,8,21553,0.0,-107605600.0,0.0,0.0,0.0,0.0,0.0,0.0,0.0,0.0,0.0,0.0,0.0,0.0,-2.596148429267414e+33,0.0,0.0,0.0,0.0,0.0,0.0,0.0,0.0,-2.004,-2.004,0.0,0.0,0.0,0.0,0.0,6185.0,-0.0,6932.0,2.718430741444032e+23,2.7184312818759872e+23,-0.0,2.718430741444032e+23,0.0,0.0,0.0,0.0,69,-0.0,-152018068963328.0,0.0,0.0,0.0,0.0,0.0,0.0,0.0,0,0,0,0.0,0.0,0.0,0.0,0.0,0.0,0.0,0.0,0.0,0.0,0.0,0.0,0.0,0.0,0.0,0.0,0,-107875648.0,69,0.0,138,0.0,-109447200.0,0,13107,17040,26215,17049,13107,17043,0,0,0,70,68,100,2.7302359370752657e+23,71.2,2.7302370179391762e+23,74.2,2.7302370179391762e+23,74.0,1,49,50,180,13107,52429,0,0,0.0,0.0,0.0,0.0,-0.0,67.0,0.0,162057.094,0.0,751,0,739,0,0,0,721,0,767,0,736,0,742,0,742,0,712,0,7520,0.032,107911053312.0,0.0,0.0,784,16797,-0.0,162057.094,-114818.039,-0.0,0.133,6.909358625270745e+28,30.0,65.0,35,0.0,0.0,0.0,0.0,0.0,0.0,0.0,0.0,0.0,0.0,0.0,0.0,0.0,0.0,0.0,0.0,69.2,0,150,71,55,65476,0,300,0,1,8,20529,65476,0,0,40632,65.0,0.0,0.0,0.0,0.0,0.0
2026-09-04T20:15:00,ERR,ERR,ERR,ERR,ERR,ERR,ERR,ERR,ERR,ERR,ERR,ERR,ERR,ERR,ERR,ERR,ERR,ERR,ERR,ERR,ERR,ERR,ERR,ERR,ERR,ERR,ERR,ERR,ERR,ERR,ERR,ERR,ERR,ERR,ERR,ERR,ERR,ERR,ERR,ERR,ERR,ERR,ERR,ERR,ERR,ERR,ERR,ERR,ERR,ERR,ERR,ERR,ERR,ERR,ERR,ERR,ERR,ERR,ERR,ERR,ERR,ERR,ERR,ERR,ERR,ERR,ERR,ERR,ERR,ERR,ERR,ERR,ERR,ERR,ERR,ERR,ERR,ERR,ERR,ERR,ERR,ERR,ERR,ERR,ERR,ERR,ERR,ERR,ERR,ERR,ERR,ERR,ERR,ERR,ERR,ERR,ERR,ERR,ERR,ERR,ERR,ERR,ERR,ERR,ERR,ERR,ERR,ERR,ERR,ERR,ERR,ERR,ERR,ERR,ERR,ERR,ERR,ERR,ERR,ERR,ERR,ERR,ERR,ERR,ERR,2.718430741444032e+23,2.7184312818759872e+23,0.0,0.0,0.0,1.3936040501711995e+18,7.805,0.0,0,0,4,0,7116,0.0,100,0.0,0.0,0.0,0.0,0.0,0,0,0,0,0.0,0,0,0,0,0,0,0,0,0,0,0,0,0,0,0,0,0,0,0,0,0,0,0,0,0,0,0,0,0,0,0,0,0,31,40,40,71,65476,0,300,0,0,8,21553,0.0,-107605600.0,0.0,0.0,0.0,0.0,0.0,0.0,0.0,0.0,0.0,0.0,0.0,0.0,0.0,0.0,0.0,0.0,0.0,0.0,0.0,0.0,0.0,-2.004,-2.004,0.0,0.0,0.0,0.0,0.0,6216.0,0.0,6915.0,2.718430741444032e+23,2.7184312818759872e+23,-0.0,2.718430741444032e+23,0.0,0.0,0.0,0.0,69,-0.0,5.848074697918395e+35,0.0,0.0,0.0,0.0,0.0,0.0,0.0,0,0,0,0.0,0.0,0.0,0.0,0.0,0.0,0.0,0.0,0.0,0.0,0.0,0.0,0.0,0.0,0.0,0.0,0,-107875648.0,69,0.0,138,0.0,-109447200.0,0,13107,17040,26215,17049,13107,17043,0,0,0,70,68,100,2.7302359370752657e+23,71.2,2.7302370179391762e+23,74.2,2.7302370179391762e+23,74.0,1,49,50,180,13107,52429,0,0,0.0,0.0,0.0,0.0,-0.0,67.0,0.0,162057.094,0.0,751,0,739,0,0,0,721,0,767,0,736,0,742,0,742,0,712,0,7520,0.032,108984795136.0,0.0,0.0,784,16797,-0.0,162057.094,-114818.039,-0.0,0.133,6.909358625270745e+28,30.0,65.0,35,0.0,0.0,0.0,0.0,0.0,0.0,0.0,0.0,0.0,0.0,0.0,0.0,0.0,0.0,0.0,0.0,69.2,0,150,71,55,65476,0,300,0,1,8,20529,65476,0,0,40632,65.0,0.0,0.0,0.0,0.0,0.0
2026-09-04T20:15:01,ERR,ERR,ERR,ERR,ERR,ERR,ERR,ERR,ERR,ERR,ERR,ERR,ERR,ERR,ERR,ERR,ERR,ERR,ERR,ERR,ERR,ERR,ERR,ERR,ERR,ERR,ERR,ERR,ERR,ERR,ERR,ERR,ERR,ERR,ERR,ERR,ERR,ERR,ERR,ERR,ERR,ERR,ERR,ERR,ERR,ERR,ERR,ERR,ERR,ERR,ERR,ERR,ERR,ERR,ERR,ERR,ERR,ERR,ERR,ERR,ERR,ERR,ERR,ERR,ERR,ERR,ERR,ERR,ERR,ERR,ERR,ERR,ERR,ERR,ERR,ERR,ERR,ERR,ERR,ERR,ERR,ERR,ERR,ERR,ERR,ERR,ERR,ERR,ERR,ERR,ERR,ERR,ERR,ERR,ERR,ERR,ERR,ERR,ERR,ERR,ERR,ERR,ERR,ERR,ERR,ERR,ERR,ERR,ERR,ERR,ERR,ERR,ERR,ERR,ERR,ERR,ERR,ERR,ERR,ERR,ERR,ERR,ERR,ERR,ERR,2.718430741444032e+23,2.7184312818759872e+23,0.0,0.0,0.0,1.3936040501711995e+18,7.805,0.0,0,0,4,0,7116,0.0,100,0.0,0.0,0.0,0.0,0.0,0,0,0,0,0.0,0,0,0,0,0,0,0,0,0,0,0,0,0,0,0,0,0,0,0,0,0,0,0,0,0,0,0,0,0,0,0,0,0,31,40,40,71,65476,0,300,0,0,8,21553,0.0,-107605600.0,0.0,0.0,0.0,0.0,0.0,0.0,0.0,0.0,0.0,0.0,0.0,0.0,0.0,0.0,0.0,0.0,0.0,0.0,0.0,0.0,0.0,-2.004,-2.004,0.0,0.0,0.0,0.0,0.0,6216.0,0.0,6915.0,2.718430741444032e+23,2.7184312818759872e+23,-0.0,2.718430741444032e+23,0.0,0.0,0.0,0.0,69,-0.0,5.848074697918395e+35,0.0,0.0,0.0,0.0,0.0,0.0,0.0,0,0,0,0.0,0.0,0.0,0.0,0.0,0.0,0.0,0.0,0.0,0.0,0.0,0.0,0.0,0.0,0.0,0.0,0,-107875648.0,69,0.0,138,0.0,-109447200.0,0,13107,17040,26215,17049,13107,17043,0,0,0,70,68,100,2.7302359370752657e+23,71.2,2.7302370179391762e+23,74.2,2.7302370179391762e+23,74.0,1,49,50,180,13107,52429,0,0,0.0,0.0,0.0,0.0,-0.0,67.0,0.0,162057.094,0.0,751,0,739,0,0,0,721,0,767,0,736,0,742,0,742,0,712,0,7520,0.032,108984795136.0,0.0,0.0,784,16797,-0.0,162057.094,-114818.039,-0.0,0.133,6.909358625270745e+28,30.0,65.0,35,0.0,0.0,0.0,0.0,0.0,0.0,0.0,0.0,0.0,0.0,0.0,0.0,0.0,0.0,0.0,0.0,69.2,0,150,71,55,65476,0,300,0,1,8,20529,65476,0,0,40632,65.0,0.0,0.0,0.0,0.0,0.0
2026-09-04T20:15:02,ERR,ERR,ERR,ERR,ERR,ERR,ERR,ERR,ERR,ERR,ERR,ERR,ERR,ERR,ERR,ERR,ERR,ERR,ERR,ERR,ERR,ERR,ERR,ERR,ERR,ERR,ERR,ERR,ERR,ERR,ERR,ERR,ERR,ERR,ERR,ERR,ERR,ERR,ERR,ERR,ERR,ERR,ERR,ERR,ERR,ERR,ERR,ERR,ERR,ERR,ERR,ERR,ERR,ERR,ERR,ERR,ERR,ERR,ERR,ERR,ERR,ERR,ERR,ERR,ERR,ERR,ERR,ERR,ERR,ERR,ERR,ERR,ERR,ERR,ERR,ERR,ERR,ERR,ERR,ERR,ERR,ERR,ERR,ERR,ERR,ERR,ERR,ERR,ERR,ERR,ERR,ERR,ERR,ERR,ERR,ERR,ERR,ERR,ERR,ERR,ERR,ERR,ERR,ERR,ERR,ERR,ERR,ERR,ERR,ERR,ERR,ERR,ERR,ERR,ERR,ERR,ERR,ERR,ERR,ERR,ERR,ERR,ERR,ERR,ERR,2.718430741444032e+23,2.7184312818759872e+23,0.0,0.0,0.0,1.3936040501711995e+18,7.805,0.0,0,0,4,0,7116,0.0,100,0.0,0.0,0.0,0.0,0.0,0,0,0,0,0.0,0,0,0,0,0,0,0,0,0,0,0,0,0,0,0,0,0,0,0,0,0,0,0,0,0,0,0,0,0,0,0,0,0,31,40,40,71,65476,0,300,0,0,8,21553,0.0,-107605600.0,0.0,0.0,0.0,0.0,0.0,0.0,0.0,0.0,0.0,0.0,0.0,0.0,0.0,0.0,0.0,0.0,0.0,0.0,0.0,0.0,0.0,-2.004,-2.004,0.0,0.0,0.0,0.0,0.0,6216.0,0.0,6915.0,2.718430741444032e+23,2.7184312818759872e+23,-0.0,2.718430741444032e+23,0.0,0.0,0.0,0.0,69,-0.0,5.848074697918395e+35,0.0,0.0,0.0,0.0,0.0,0.0,0.0,0,0,0,0.0,0.0,0.0,0.0,0.0,0.0,0.0,0.0,0.0,0.0,0.0,0.0,0.0,0.0,0.0,0.0,0,-107875648.0,69,0.0,138,0.0,-109447200.0,0,13107,17040,26215,17049,13107,17043,0,0,0,70,68,100,2.7302359370752657e+23,71.2,2.7302370179391762e+23,74.2,2.7302370179391762e+23,74.0,1,49,50,180,13107,52429,0,0,0.0,0.0,0.0,0.0,-0.0,67.0,0.0,162057.094,0.0,751,0,739,0,0,0,721,0,767,0,736,0,742,0,742,0,712,0,7520,0.032,108984795136.0,0.0,0.0,784,16797,-0.0,162057.094,-114818.039,-0.0,0.133,6.909358625270745e+28,30.0,65.0,35,0.0,0.0,0.0,0.0,0.0,0.0,0.0,0.0,0.0,0.0,0.0,0.0,0.0,0.0,0.0,0.0,69.2,0,150,71,55,65476,0,300,0,1,8,20529,65476,0,0,40632,65.0,0.0,0.0,0.0,0.0,0.0
2026-09-04T20:15:03,ERR,ERR,ERR,ERR,ERR,ERR,ERR,ERR,ERR,ERR,ERR,ERR,ERR,ERR,ERR,ERR,ERR,ERR,ERR,ERR,ERR,ERR,ERR,ERR,ERR,ERR,ERR,ERR,ERR,ERR,ERR,ERR,ERR,ERR,ERR,ERR,ERR,ERR,ERR,ERR,ERR,ERR,ERR,ERR,ERR,ERR,ERR,ERR,ERR,ERR,ERR,ERR,ERR,ERR,ERR,ERR,ERR,ERR,ERR,ERR,ERR,ERR,ERR,ERR,ERR,ERR,ERR,ERR,ERR,ERR,ERR,ERR,ERR,ERR,ERR,ERR,ERR,ERR,ERR,ERR,ERR,ERR,ERR,ERR,ERR,ERR,ERR,ERR,ERR,ERR,ERR,ERR,ERR,ERR,ERR,ERR,ERR,ERR,ERR,ERR,ERR,ERR,ERR,ERR,ERR,ERR,ERR,ERR,ERR,ERR,ERR,ERR,ERR,ERR,ERR,ERR,ERR,ERR,ERR,ERR,ERR,ERR,ERR,ERR,ERR,2.718430741444032e+23,2.7184312818759872e+23,0.0,0.0,0.0,1.3936040501711995e+18,7.805,0.0,0,0,4,0,7116,0.0,100,0.0,0.0,0.0,0.0,0.0,0,0,0,0,0.0,0,0,0,0,0,0,0,0,0,0,0,0,0,0,0,0,0,0,0,0,0,0,0,0,0,0,0,0,0,0,0,0,0,31,40,40,71,65476,0,300,0,0,8,21553,0.0,-107605600.0,0.0,0.0,0.0,0.0,0.0,0.0,0.0,0.0,0.0,0.0,0.0,0.0,0.0,0.0,0.0,0.0,0.0,0.0,0.0,0.0,0.0,-2.004,-2.004,0.0,0.0,0.0,0.0,0.0,6216.0,0.0,6915.0,2.718430741444032e+23,2.7184312818759872e+23,-0.0,2.718430741444032e+23,0.0,0.0,0.0,0.0,69,-0.0,5.848074697918395e+35,0.0,0.0,0.0,0.0,0.0,0.0,0.0,0,0,0,0.0,0.0,0.0,0.0,0.0,0.0,0.0,0.0,0.0,0.0,0.0,0.0,0.0,0.0,0.0,0.0,0,-107875648.0,69,0.0,138,0.0,-109447200.0,0,13107,17040,26215,17049,13107,17043,0,0,0,70,68,100,2.7302359370752657e+23,71.2,2.7302370179391762e+23,74.2,2.7302370179391762e+23,74.0,1,49,50,180,13107,52429,0,0,0.0,0.0,0.0,0.0,-0.0,67.0,0.0,162057.094,0.0,751,0,739,0,0,0,721,0,767,0,736,0,742,0,742,0,712,0,7520,0.032,108984795136.0,0.0,0.0,784,16797,-0.0,162057.094,-114818.039,-0.0,0.133,6.909358625270745e+28,30.0,65.0,35,0.0,0.0,0.0,0.0,0.0,0.0,0.0,0.0,0.0,0.0,0.0,0.0,0.0,0.0,0.0,0.0,69.2,0,150,71,55,65476,0,300,0,1,8,20529,65476,0,0,40632,65.0,0.0,0.0,0.0,0.0,0.0
2026-09-04T20:15:04,ERR,ERR,ERR,ERR,ERR,ERR,ERR,ERR,ERR,ERR,ERR,ERR,ERR,ERR,ERR,ERR,ERR,ERR,ERR,ERR,ERR,ERR,ERR,ERR,ERR,ERR,ERR,ERR,ERR,ERR,ERR,ERR,ERR,ERR,ERR,ERR,ERR,ERR,ERR,ERR,ERR,ERR,ERR,ERR,ERR,ERR,ERR,ERR,ERR,ERR,ERR,ERR,ERR,ERR,ERR,ERR,ERR,ERR,ERR,ERR,ERR,ERR,ERR,ERR,ERR,ERR,ERR,ERR,ERR,ERR,ERR,ERR,ERR,ERR,ERR,ERR,ERR,ERR,ERR,ERR,ERR,ERR,ERR,ERR,ERR,ERR,ERR,ERR,ERR,ERR,ERR,ERR,ERR,ERR,ERR,ERR,ERR,ERR,ERR,ERR,ERR,ERR,ERR,ERR,ERR,ERR,ERR,ERR,ERR,ERR,ERR,ERR,ERR,ERR,ERR,ERR,ERR,ERR,ERR,ERR,ERR,ERR,ERR,ERR,ERR,2.718430741444032e+23,2.7184312818759872e+23,0.0,0.0,0.0,1.3936040501711995e+18,7.805,0.0,0,0,4,0,7116,0.0,100,0.0,0.0,0.0,0.0,0.0,0,0,0,0,0.0,0,0,0,0,0,0,0,0,0,0,0,0,0,0,0,0,0,0,0,0,0,0,0,0,0,0,0,0,0,0,0,0,0,31,40,40,71,65476,0,300,0,0,8,21553,0.0,-107605600.0,0.0,0.0,0.0,0.0,0.0,0.0,0.0,0.0,0.0,0.0,0.0,0.0,0.0,0.0,0.0,0.0,0.0,0.0,0.0,0.0,0.0,-2.004,-2.004,0.0,0.0,0.0,0.0,0.0,6216.0,0.0,6915.0,2.718430741444032e+23,2.7184312818759872e+23,-0.0,2.718430741444032e+23,0.0,0.0,0.0,0.0,69,-0.0,5.848074697918395e+35,0.0,0.0,0.0,0.0,0.0,0.0,0.0,0,0,0,0.0,0.0,0.0,0.0,0.0,0.0,0.0,0.0,0.0,0.0,0.0,0.0,0.0,0.0,0.0,0.0,0,-107875648.0,69,0.0,138,0.0,-109447200.0,0,13107,17040,26215,17049,13107,17043,0,0,0,70,68,100,2.7302359370752657e+23,71.2,2.7302370179391762e+23,74.2,2.7302370179391762e+23,74.0,1,49,50,180,13107,52429,0,0,0.0,0.0,0.0,0.0,-0.0,67.0,0.0,162057.094,0.0,751,0,739,0,0,0,721,0,767,0,736,0,742,0,742,0,712,0,7520,0.032,108984795136.0,0.0,0.0,784,16797,-0.0,162057.094,-114818.039,-0.0,0.133,6.909358625270745e+28,30.0,65.0,35,0.0,0.0,0.0,0.0,0.0,0.0,0.0,0.0,0.0,0.0,0.0,0.0,0.0,0.0,0.0,0.0,69.2,0,150,71,55,65476,0,300,0,1,8,20529,65476,0,0,40632,65.0,0.0,0.0,0.0,0.0,0.0
2026-09-04T20:15:05,ERR,ERR,ERR,ERR,ERR,ERR,ERR,ERR,ERR,ERR,ERR,ERR,ERR,ERR,ERR,ERR,ERR,ERR,ERR,ERR,ERR,ERR,ERR,ERR,ERR,ERR,ERR,ERR,ERR,ERR,ERR,ERR,ERR,ERR,ERR,ERR,ERR,ERR,ERR,ERR,ERR,ERR,ERR,ERR,ERR,ERR,ERR,ERR,ERR,ERR,ERR,ERR,ERR,ERR,ERR,ERR,ERR,ERR,ERR,ERR,ERR,ERR,ERR,ERR,ERR,ERR,ERR,ERR,ERR,ERR,ERR,ERR,ERR,ERR,ERR,ERR,ERR,ERR,ERR,ERR,ERR,ERR,ERR,ERR,ERR,ERR,ERR,ERR,ERR,ERR,ERR,ERR,ERR,ERR,ERR,ERR,ERR,ERR,ERR,ERR,ERR,ERR,ERR,ERR,ERR,ERR,ERR,ERR,ERR,ERR,ERR,ERR,ERR,ERR,ERR,ERR,ERR,ERR,ERR,ERR,ERR,ERR,ERR,ERR,ERR,2.718430741444032e+23,2.7184312818759872e+23,0.0,0.0,0.0,1.3936040501711995e+18,7.805,0.0,0,0,4,0,7116,0.0,100,0.0,0.0,0.0,0.0,0.0,0,0,0,0,0.0,0,0,0,0,0,0,0,0,0,0,0,0,0,0,0,0,0,0,0,0,0,0,0,0,0,0,0,0,0,0,0,0,0,31,40,40,71,65476,0,300,0,0,8,21553,0.0,-107605600.0,0.0,0.0,0.0,0.0,0.0,0.0,0.0,0.0,0.0,0.0,0.0,0.0,0.0,0.0,0.0,0.0,0.0,0.0,0.0,0.0,0.0,-2.004,-2.004,0.0,0.0,0.0,0.0,0.0,6216.0,0.0,6915.0,2.718430741444032e+23,2.7184312818759872e+23,-0.0,2.718430741444032e+23,0.0,0.0,0.0,0.0,69,-0.0,5.848074697918395e+35,0.0,0.0,0.0,0.0,0.0,0.0,0.0,0,0,0,0.0,0.0,0.0,0.0,0.0,0.0,0.0,0.0,0.0,0.0,0.0,0.0,0.0,0.0,0.0,0.0,0,-107875648.0,69,0.0,138,0.0,-109447200.0,0,13107,17040,26215,17049,13107,17043,0,0,0,70,68,100,2.7302359370752657e+23,71.2,2.7302370179391762e+23,74.2,2.7302370179391762e+23,74.0,1,49,50,180,13107,52429,0,0,0.0,0.0,0.0,0.0,-0.0,67.0,0.0,162057.094,0.0,751,0,739,0,0,0,721,0,767,0,736,0,743,0,742,0,712,0,7520,0.032,107911053312.0,0.0,0.0,784,16797,-0.0,162057.094,-114818.039,-0.0,0.133,6.909358625270745e+28,30.0,65.0,35,0.0,0.0,0.0,0.0,0.0,0.0,0.0,0.0,0.0,0.0,0.0,0.0,0.0,0.0,0.0,0.0,69.2,0,150,71,55,65476,0,300,0,1,8,20529,65476,0,0,40632,65.0,0.0,0.0,0.0,0.0,0.0
2026-09-04T20:15:06,ERR,ERR,ERR,ERR,ERR,ERR,ERR,ERR,ERR,ERR,ERR,ERR,ERR,ERR,ERR,ERR,ERR,ERR,ERR,ERR,ERR,ERR,ERR,ERR,ERR,ERR,ERR,ERR,ERR,ERR,ERR,ERR,ERR,ERR,ERR,ERR,ERR,ERR,ERR,ERR,ERR,ERR,ERR,ERR,ERR,ERR,ERR,ERR,ERR,ERR,ERR,ERR,ERR,ERR,ERR,ERR,ERR,ERR,ERR,ERR,ERR,ERR,ERR,ERR,ERR,ERR,ERR,ERR,ERR,ERR,ERR,ERR,ERR,ERR,ERR,ERR,ERR,ERR,ERR,ERR,ERR,ERR,ERR,ERR,ERR,ERR,ERR,ERR,ERR,ERR,ERR,ERR,ERR,ERR,ERR,ERR,ERR,ERR,ERR,ERR,ERR,ERR,ERR,ERR,ERR,ERR,ERR,ERR,ERR,ERR,ERR,ERR,ERR,ERR,ERR,ERR,ERR,ERR,ERR,ERR,ERR,ERR,ERR,ERR,ERR,2.718430741444032e+23,2.7184312818759872e+23,0.0,0.0,0.0,1.3936040501711995e+18,7.805,0.0,0,0,4,0,7116,0.0,100,0.0,0.0,0.0,0.0,0.0,0,0,0,0,0.0,0,0,0,0,0,0,0,0,0,0,0,0,0,0,0,0,0,0,0,0,0,0,0,0,0,0,0,0,0,0,0,0,0,31,40,40,71,65476,0,300,0,0,8,21553,0.0,-107605600.0,0.0,0.0,0.0,0.0,0.0,0.0,0.0,0.0,0.0,0.0,0.0,0.0,0.0,0.0,0.0,0.0,0.0,0.0,0.0,0.0,0.0,-2.004,-2.004,0.0,0.0,0.0,0.0,0.0,6216.0,0.0,6915.0,2.718430741444032e+23,2.7184312818759872e+23,-0.0,2.718430741444032e+23,0.0,0.0,0.0,0.0,69,-0.0,5.848074697918395e+35,0.0,0.0,0.0,0.0,0.0,0.0,0.0,0,0,0,0.0,0.0,0.0,0.0,0.0,0.0,0.0,0.0,0.0,0.0,0.0,0.0,0.0,0.0,0.0,0.0,0,-107875648.0,69,0.0,138,0.0,-109447200.0,0,13107,17040,26215,17049,13107,17043,0,0,0,70,68,100,2.7302359370752657e+23,71.2,2.7302370179391762e+23,74.2,2.7302370179391762e+23,74.0,1,49,50,180,13107,52429,0,0,0.0,0.0,0.0,0.0,-0.0,67.0,0.0,162057.094,0.0,751,0,739,0,0,0,721,0,767,0,736,0,743,0,742,0,712,0,7520,0.032,107911053312.0,0.0,0.0,784,16797,-0.0,162057.094,-114818.039,-0.0,0.133,6.909358625270745e+28,30.0,65.0,35,0.0,0.0,0.0,0.0,0.0,0.0,0.0,0.0,0.0,0.0,0.0,0.0,0.0,0.0,0.0,0.0,69.2,0,150,71,55,65476,0,300,0,1,8,20529,65476,0,0,40632,65.0,0.0,0.0,0.0,0.0,0.0
2026-09-04T20:15:07,ERR,ERR,ERR,ERR,ERR,ERR,ERR,ERR,ERR,ERR,ERR,ERR,ERR,ERR,ERR,ERR,ERR,ERR,ERR,ERR,ERR,ERR,ERR,ERR,ERR,ERR,ERR,ERR,ERR,ERR,ERR,ERR,ERR,ERR,ERR,ERR,ERR,ERR,ERR,ERR,ERR,ERR,ERR,ERR,ERR,ERR,ERR,ERR,ERR,ERR,ERR,ERR,ERR,ERR,ERR,ERR,ERR,ERR,ERR,ERR,ERR,ERR,ERR,ERR,ERR,ERR,ERR,ERR,ERR,ERR,ERR,ERR,ERR,ERR,ERR,ERR,ERR,ERR,ERR,ERR,ERR,ERR,ERR,ERR,ERR,ERR,ERR,ERR,ERR,ERR,ERR,ERR,ERR,ERR,ERR,ERR,ERR,ERR,ERR,ERR,ERR,ERR,ERR,ERR,ERR,ERR,ERR,ERR,ERR,ERR,ERR,ERR,ERR,ERR,ERR,ERR,ERR,ERR,ERR,ERR,ERR,ERR,ERR,ERR,ERR,2.718430741444032e+23,2.7184312818759872e+23,0.0,0.0,0.0,1.3936040501711995e+18,7.805,0.0,0,0,4,0,7116,0.0,100,0.0,0.0,0.0,0.0,0.0,0,0,0,0,0.0,0,0,0,0,0,0,0,0,0,0,0,0,0,0,0,0,0,0,0,0,0,0,0,0,0,0,0,0,0,0,0,0,0,31,40,40,71,65476,0,300,0,0,8,21553,0.0,-107605600.0,0.0,0.0,0.0,0.0,0.0,0.0,0.0,0.0,0.0,0.0,0.0,0.0,0.0,0.0,0.0,0.0,0.0,0.0,0.0,0.0,0.0,-2.004,-2.004,0.0,0.0,0.0,0.0,0.0,6176.0,-2.004,6936.0,2.718430741444032e+23,2.7184312818759872e+23,-0.0,2.718430741444032e+23,0.0,0.0,0.0,0.0,69,2.7184314620199723e+23,0.0,0.0,0.0,0.0,0.0,0.0,0.0,0.0,0,0,0,0.0,0.0,0.0,0.0,0.0,0.0,0.0,0.0,0.0,0.0,0.0,0.0,0.0,0.0,0.0,0.0,0,-107875648.0,69,0.0,138,0.0,-109447200.0,0,13107,17040,26215,17049,13107,17043,0,0,0,70,68,100,2.7302359370752657e+23,71.2,2.7302370179391762e+23,74.2,2.7302370179391762e+23,74.0,1,49,50,180,13107,52429,0,0,0.0,0.0,0.0,0.0,-0.0,67.0,0.0,162057.094,0.0,751,0,739,0,0,0,721,0,767,0,736,0,743,0,742,0,712,0,7520,0.032,107911053312.0,0.0,0.0,784,16797,-0.0,162057.094,-114818.039,-0.0,0.133,6.909358625270745e+28,30.0,65.0,35,0.0,0.0,0.0,0.0,0.0,0.0,0.0,0.0,0.0,0.0,0.0,0.0,0.0,0.0,0.0,0.0,69.2,0,150,71,55,65476,0,300,0,1,8,20529,65476,0,0,40632,65.0,0.0,0.0,0.0,0.0,0.0
2026-09-04T20:15:08,ERR,ERR,ERR,ERR,ERR,ERR,ERR,ERR,ERR,ERR,ERR,ERR,ERR,ERR,ERR,ERR,ERR,ERR,ERR,ERR,ERR,ERR,ERR,ERR,ERR,ERR,ERR,ERR,ERR,ERR,ERR,ERR,ERR,ERR,ERR,ERR,ERR,ERR,ERR,ERR,ERR,ERR,ERR,ERR,ERR,ERR,ERR,ERR,ERR,ERR,ERR,ERR,ERR,ERR,ERR,ERR,ERR,ERR,ERR,ERR,ERR,ERR,ERR,ERR,ERR,ERR,ERR,ERR,ERR,ERR,ERR,ERR,ERR,ERR,ERR,ERR,ERR,ERR,ERR,ERR,ERR,ERR,ERR,ERR,ERR,ERR,ERR,ERR,ERR,ERR,ERR,ERR,ERR,ERR,ERR,ERR,ERR,ERR,ERR,ERR,ERR,ERR,ERR,ERR,ERR,ERR,ERR,ERR,ERR,ERR,ERR,ERR,ERR,ERR,ERR,ERR,ERR,ERR,ERR,ERR,ERR,ERR,ERR,ERR,ERR,2.718430741444032e+23,2.7184312818759872e+23,0.0,0.0,0.0,1.3936040501711995e+18,7.805,0.0,0,0,4,0,7116,0.0,100,0.0,0.0,0.0,0.0,0.0,0,0,0,0,0.0,0,0,0,0,0,0,0,0,0,0,0,0,0,0,0,0,0,0,0,0,0,0,0,0,0,0,0,0,0,0,0,0,0,31,40,40,71,65476,0,300,0,0,8,21553,0.0,-107605600.0,0.0,0.0,0.0,0.0,0.0,0.0,0.0,0.0,0.0,0.0,0.0,0.0,0.0,0.0,0.0,0.0,0.0,0.0,0.0,0.0,0.0,-2.004,-2.004,0.0,0.0,0.0,0.0,0.0,6176.0,-2.004,6936.0,2.718430741444032e+23,2.7184312818759872e+23,-0.0,2.718430741444032e+23,0.0,0.0,0.0,0.0,69,2.7184314620199723e+23,0.0,0.0,0.0,0.0,0.0,0.0,0.0,0.0,0,0,0,0.0,0.0,0.0,0.0,0.0,0.0,0.0,0.0,0.0,0.0,0.0,0.0,0.0,0.0,0.0,0.0,0,-107875648.0,69,0.0,138,0.0,-109447200.0,0,13107,17040,26215,17049,13107,17043,0,0,0,70,68,100,2.7302359370752657e+23,71.2,2.7302370179391762e+23,74.2,2.7302370179391762e+23,74.0,1,49,50,180,13107,52429,0,0,0.0,0.0,0.0,0.0,-0.0,67.0,0.0,162057.094,0.0,751,0,739,0,0,0,721,0,767,0,736,0,743,0,742,0,712,0,7520,0.032,107911053312.0,0.0,0.0,784,16797,-0.0,162057.094,-114818.039,-0.0,0.133,6.909358625270745e+28,30.0,65.0,35,0.0,0.0,0.0,0.0,0.0,0.0,0.0,0.0,0.0,0.0,0.0,0.0,0.0,0.0,0.0,0.0,69.2,0,150,71,55,65476,0,300,0,1,8,20529,65476,0,0,40632,65.0,0.0,0.0,0.0,0.0,0.0
2026-09-04T20:15:09,ERR,ERR,ERR,ERR,ERR,ERR,ERR,ERR,ERR,ERR,ERR,ERR,ERR,ERR,ERR,ERR,ERR,ERR,ERR,ERR,ERR,ERR,ERR,ERR,ERR,ERR,ERR,ERR,ERR,ERR,ERR,ERR,ERR,ERR,ERR,ERR,ERR,ERR,ERR,ERR,ERR,ERR,ERR,ERR,ERR,ERR,ERR,ERR,ERR,ERR,ERR,ERR,ERR,ERR,ERR,ERR,ERR,ERR,ERR,ERR,ERR,ERR,ERR,ERR,ERR,ERR,ERR,ERR,ERR,ERR,ERR,ERR,ERR,ERR,ERR,ERR,ERR,ERR,ERR,ERR,ERR,ERR,ERR,ERR,ERR,ERR,ERR,ERR,ERR,ERR,ERR,ERR,ERR,ERR,ERR,ERR,ERR,ERR,ERR,ERR,ERR,ERR,ERR,ERR,ERR,ERR,ERR,ERR,ERR,ERR,ERR,ERR,ERR,ERR,ERR,ERR,ERR,ERR,ERR,ERR,ERR,ERR,ERR,ERR,ERR,2.718430741444032e+23,2.7184312818759872e+23,0.0,0.0,0.0,1.3936040501711995e+18,7.805,0.0,0,0,4,0,7116,0.0,100,0.0,0.0,0.0,0.0,0.0,0,0,0,0,0.0,0,0,0,0,0,0,0,0,0,0,0,0,0,0,0,0,0,0,0,0,0,0,0,0,0,0,0,0,0,0,0,0,0,31,40,40,71,65476,0,300,0,0,8,21553,0.0,-107605600.0,0.0,0.0,0.0,0.0,0.0,0.0,0.0,0.0,0.0,0.0,0.0,0.0,0.0,0.0,0.0,0.0,0.0,0.0,0.0,0.0,0.0,-2.004,-2.004,0.0,0.0,0.0,0.0,0.0,6176.0,-2.004,6936.0,2.718430741444032e+23,2.7184312818759872e+23,-0.0,2.718430741444032e+23,0.0,0.0,0.0,0.0,69,2.7184314620199723e+23,0.0,0.0,0.0,0.0,0.0,0.0,0.0,0.0,0,0,0,0.0,0.0,0.0,0.0,0.0,0.0,0.0,0.0,0.0,0.0,0.0,0.0,0.0,0.0,0.0,0.0,0,-107875648.0,69,0.0,138,0.0,-109447200.0,0,13107,17040,26215,17049,13107,17043,0,0,0,70,68,100,2.7302359370752657e+23,71.2,2.7302370179391762e+23,74.2,2.7302370179391762e+23,74.0,1,49,50,180,13107,52429,0,0,0.0,0.0,0.0,0.0,-0.0,67.0,0.0,162057.094,0.0,751,0,739,0,0,0,721,0,767,0,736,0,743,0,742,0,712,0,7520,0.032,107911053312.0,0.0,0.0,784,16797,-0.0,162057.094,-114818.039,-0.0,0.133,6.909358625270745e+28,30.0,65.0,35,0.0,0.0,0.0,0.0,0.0,0.0,0.0,0.0,0.0,0.0,0.0,0.0,0.0,0.0,0.0,0.0,69.2,0,150,71,55,65476,0,300,0,1,8,20529,65476,0,0,40632,65.0,0.0,0.0,0.0,0.0,0.0
2026-09-04T20:15:10,ERR,ERR,ERR,ERR,ERR,ERR,ERR,ERR,ERR,ERR,ERR,ERR,ERR,ERR,ERR,ERR,ERR,ERR,ERR,ERR,ERR,ERR,ERR,ERR,ERR,ERR,ERR,ERR,ERR,ERR,ERR,ERR,ERR,ERR,ERR,ERR,ERR,ERR,ERR,ERR,ERR,ERR,ERR,ERR,ERR,ERR,ERR,ERR,ERR,ERR,ERR,ERR,ERR,ERR,ERR,ERR,ERR,ERR,ERR,ERR,ERR,ERR,ERR,ERR,ERR,ERR,ERR,ERR,ERR,ERR,ERR,ERR,ERR,ERR,ERR,ERR,ERR,ERR,ERR,ERR,ERR,ERR,ERR,ERR,ERR,ERR,ERR,ERR,ERR,ERR,ERR,ERR,ERR,ERR,ERR,ERR,ERR,ERR,ERR,ERR,ERR,ERR,ERR,ERR,ERR,ERR,ERR,ERR,ERR,ERR,ERR,ERR,ERR,ERR,ERR,ERR,ERR,ERR,ERR,ERR,ERR,ERR,ERR,ERR,ERR,2.718430741444032e+23,2.7184312818759872e+23,0.0,0.0,0.0,1.3936040501711995e+18,7.805,0.0,0,0,4,0,7116,0.0,100,0.0,0.0,0.0,0.0,0.0,0,0,0,0,0.0,0,0,0,0,0,0,0,0,0,0,0,0,0,0,0,0,0,0,0,0,0,0,0,0,0,0,0,0,0,0,0,0,0,31,40,40,71,65476,0,300,0,0,8,21553,0.0,-107605600.0,0.0,0.0,0.0,0.0,0.0,0.0,0.0,0.0,0.0,0.0,0.0,0.0,0.0,0.0,0.0,0.0,0.0,0.0,0.0,0.0,0.0,-2.004,-2.004,0.0,0.0,0.0,0.0,0.0,6176.0,-2.004,6936.0,2.718430741444032e+23,2.7184312818759872e+23,-0.0,2.718430741444032e+23,0.0,0.0,0.0,0.0,69,2.7184314620199723e+23,0.0,0.0,0.0,0.0,0.0,0.0,0.0,0.0,0,0,0,0.0,0.0,0.0,0.0,0.0,0.0,0.0,0.0,0.0,0.0,0.0,0.0,0.0,0.0,0.0,0.0,0,-107875648.0,69,0.0,138,0.0,-109447200.0,0,13107,17040,26215,17049,13107,17043,0,0,0,70,68,100,2.7302359370752657e+23,71.2,2.7302370179391762e+23,74.2,2.7302370179391762e+23,74.0,1,49,50,180,13107,52429,0,0,0.0,0.0,0.0,0.0,-0.0,67.0,0.0,162057.094,0.0,751,0,739,0,0,0,721,0,767,0,736,0,743,0,742,0,712,0,7520,0.032,107911053312.0,0.0,0.0,784,16797,-0.0,162057.094,-114818.039,-0.0,0.133,6.909358625270745e+28,30.0,65.0,35,0.0,0.0,0.0,0.0,0.0,0.0,0.0,0.0,0.0,0.0,0.0,0.0,0.0,0.0,0.0,0.0,69.2,0,150,71,55,65476,0,300,0,1,8,20529,65476,0,0,40632,65.0,0.0,0.0,0.0,0.0,0.0
2026-09-04T20:15:11,ERR,ERR,ERR,ERR,ERR,ERR,ERR,ERR,ERR,ERR,ERR,ERR,ERR,ERR,ERR,ERR,ERR,ERR,ERR,ERR,ERR,ERR,ERR,ERR,ERR,ERR,ERR,ERR,ERR,ERR,ERR,ERR,ERR,ERR,ERR,ERR,ERR,ERR,ERR,ERR,ERR,ERR,ERR,ERR,ERR,ERR,ERR,ERR,ERR,ERR,ERR,ERR,ERR,ERR,ERR,ERR,ERR,ERR,ERR,ERR,ERR,ERR,ERR,ERR,ERR,ERR,ERR,ERR,ERR,ERR,ERR,ERR,ERR,ERR,ERR,ERR,ERR,ERR,ERR,ERR,ERR,ERR,ERR,ERR,ERR,ERR,ERR,ERR,ERR,ERR,ERR,ERR,ERR,ERR,ERR,ERR,ERR,ERR,ERR,ERR,ERR,ERR,ERR,ERR,ERR,ERR,ERR,ERR,ERR,ERR,ERR,ERR,ERR,ERR,ERR,ERR,ERR,ERR,ERR,ERR,ERR,ERR,ERR,ERR,ERR,2.718430741444032e+23,2.7184312818759872e+23,0.0,0.0,0.0,1.3936040501711995e+18,7.805,0.0,0,0,4,0,7116,0.0,100,0.0,0.0,0.0,0.0,0.0,0,0,0,0,0.0,0,0,0,0,0,0,0,0,0,0,0,0,0,0,0,0,0,0,0,0,0,0,0,0,0,0,0,0,0,0,0,0,0,31,40,40,71,65476,0,300,0,0,8,21553,0.0,-107605600.0,0.0,0.0,0.0,0.0,0.0,0.0,0.0,0.0,0.0,0.0,0.0,0.0,0.0,0.0,0.0,0.0,0.0,0.0,0.0,0.0,0.0,-2.004,-2.004,0.0,0.0,0.0,0.0,0.0,6176.0,-2.004,6936.0,2.718430741444032e+23,2.7184312818759872e+23,-0.0,2.718430741444032e+23,0.0,0.0,0.0,0.0,69,2.7184314620199723e+23,0.0,0.0,0.0,0.0,0.0,0.0,0.0,0.0,0,0,0,0.0,0.0,0.0,0.0,0.0,0.0,0.0,0.0,0.0,0.0,0.0,0.0,0.0,0.0,0.0,0.0,0,-107875648.0,69,0.0,138,0.0,-109447200.0,0,13107,17040,26215,17049,13107,17043,0,0,0,70,68,100,2.7302359370752657e+23,71.2,2.7302370179391762e+23,74.2,2.7302370179391762e+23,74.0,1,49,50,180,13107,0,0,0,0.0,0.0,0.0,0.0,-0.0,67.0,0.0,162057.094,0.0,751,0,740,0,0,0,721,0,767,0,736,0,742,0,742,0,712,0,7520,0.032,107911053312.0,0.0,0.0,784,16797,-0.0,162057.094,-114818.039,-0.0,0.133,6.909358625270745e+28,30.0,65.0,35,0.0,0.0,0.0,0.0,0.0,0.0,0.0,0.0,0.0,0.0,0.0,0.0,0.0,0.0,0.0,0.0,69.2,0,150,71,55,65476,0,300,0,1,8,20529,65476,0,0,40632,65.0,0.0,0.0,0.0,0.0,0.0
2026-09-04T20:15:12,ERR,ERR,ERR,ERR,ERR,ERR,ERR,ERR,ERR,ERR,ERR,ERR,ERR,ERR,ERR,ERR,ERR,ERR,ERR,ERR,ERR,ERR,ERR,ERR,ERR,ERR,ERR,ERR,ERR,ERR,ERR,ERR,ERR,ERR,ERR,ERR,ERR,ERR,ERR,ERR,ERR,ERR,ERR,ERR,ERR,ERR,ERR,ERR,ERR,ERR,ERR,ERR,ERR,ERR,ERR,ERR,ERR,ERR,ERR,ERR,ERR,ERR,ERR,ERR,ERR,ERR,ERR,ERR,ERR,ERR,ERR,ERR,ERR,ERR,ERR,ERR,ERR,ERR,ERR,ERR,ERR,ERR,ERR,ERR,ERR,ERR,ERR,ERR,ERR,ERR,ERR,ERR,ERR,ERR,ERR,ERR,ERR,ERR,ERR,ERR,ERR,ERR,ERR,ERR,ERR,ERR,ERR,ERR,ERR,ERR,ERR,ERR,ERR,ERR,ERR,ERR,ERR,ERR,ERR,ERR,ERR,ERR,ERR,ERR,ERR,2.718430741444032e+23,2.7184312818759872e+23,0.0,0.0,0.0,1.3936040501711995e+18,7.805,0.0,0,0,4,0,7116,0.0,100,0.0,0.0,0.0,0.0,0.0,0,0,0,0,0.0,0,0,0,0,0,0,0,0,0,0,0,0,0,0,0,0,0,0,0,0,0,0,0,0,0,0,0,0,0,0,0,0,0,31,40,40,71,65476,0,300,0,0,8,21553,0.0,-107605600.0,0.0,0.0,0.0,0.0,0.0,0.0,0.0,0.0,0.0,0.0,0.0,0.0,0.0,0.0,0.0,0.0,0.0,0.0,0.0,0.0,0.0,-2.004,-2.004,0.0,0.0,0.0,0.0,0.0,6176.0,-2.004,6936.0,2.718430741444032e+23,2.7184312818759872e+23,-0.0,2.718430741444032e+23,0.0,0.0,0.0,0.0,69,2.7184314620199723e+23,0.0,0.0,0.0,0.0,0.0,0.0,0.0,0.0,0,0,0,0.0,0.0,0.0,0.0,0.0,0.0,0.0,0.0,0.0,0.0,0.0,0.0,0.0,0.0,0.0,0.0,0,-107875648.0,69,0.0,138,0.0,-109447200.0,0,13107,17040,26215,17049,13107,17043,0,0,0,70,68,100,2.7302359370752657e+23,71.2,2.7302370179391762e+23,74.2,2.7302370179391762e+23,74.0,1,49,50,180,13107,0,0,0,0.0,0.0,0.0,0.0,-0.0,67.0,0.0,162057.094,0.0,751,0,740,0,0,0,721,0,767,0,736,0,742,0,742,0,712,0,7520,0.032,107911053312.0,0.0,0.0,784,16797,-0.0,162057.094,-114818.039,-0.0,0.133,6.909358625270745e+28,30.0,65.0,35,0.0,0.0,0.0,0.0,0.0,0.0,0.0,0.0,0.0,0.0,0.0,0.0,0.0,0.0,0.0,0.0,69.2,0,150,71,55,65476,0,300,0,1,8,20529,65476,0,0,40632,65.0,0.0,0.0,0.0,0.0,0.0
2026-09-04T20:15:13,ERR,ERR,ERR,ERR,ERR,ERR,ERR,ERR,ERR,ERR,ERR,ERR,ERR,ERR,ERR,ERR,ERR,ERR,ERR,ERR,ERR,ERR,ERR,ERR,ERR,ERR,ERR,ERR,ERR,ERR,ERR,ERR,ERR,ERR,ERR,ERR,ERR,ERR,ERR,ERR,ERR,ERR,ERR,ERR,ERR,ERR,ERR,ERR,ERR,ERR,ERR,ERR,ERR,ERR,ERR,ERR,ERR,ERR,ERR,ERR,ERR,ERR,ERR,ERR,ERR,ERR,ERR,ERR,ERR,ERR,ERR,ERR,ERR,ERR,ERR,ERR,ERR,ERR,ERR,ERR,ERR,ERR,ERR,ERR,ERR,ERR,ERR,ERR,ERR,ERR,ERR,ERR,ERR,ERR,ERR,ERR,ERR,ERR,ERR,ERR,ERR,ERR,ERR,ERR,ERR,ERR,ERR,ERR,ERR,ERR,ERR,ERR,ERR,ERR,ERR,ERR,ERR,ERR,ERR,ERR,ERR,ERR,ERR,ERR,ERR,2.718430741444032e+23,2.7184312818759872e+23,0.0,0.0,0.0,1.3936040501711995e+18,7.805,0.0,0,0,4,0,7116,0.0,100,0.0,0.0,0.0,0.0,0.0,0,0,0,0,0.0,0,0,0,0,0,0,0,0,0,0,0,0,0,0,0,0,0,0,0,0,0,0,0,0,0,0,0,0,0,0,0,0,0,31,40,40,71,65476,0,300,0,0,8,21553,0.0,-107605600.0,0.0,0.0,0.0,0.0,0.0,0.0,0.0,0.0,0.0,0.0,0.0,0.0,0.0,0.0,0.0,0.0,0.0,0.0,0.0,0.0,0.0,-2.004,-2.004,0.0,0.0,0.0,0.0,0.0,6176.0,-2.004,6936.0,2.718430741444032e+23,2.7184312818759872e+23,-0.0,2.718430741444032e+23,0.0,0.0,0.0,0.0,69,2.7184314620199723e+23,0.0,0.0,0.0,0.0,0.0,0.0,0.0,0.0,0,0,0,0.0,0.0,0.0,0.0,0.0,0.0,0.0,0.0,0.0,0.0,0.0,0.0,0.0,0.0,0.0,0.0,0,-107875648.0,69,0.0,138,0.0,-109447200.0,0,13107,17040,26215,17049,13107,17043,0,0,0,70,68,100,2.7302359370752657e+23,71.2,2.7302370179391762e+23,74.2,2.7302370179391762e+23,74.0,1,49,50,180,13107,0,0,0,0.0,0.0,0.0,0.0,-0.0,67.0,0.0,162057.094,0.0,751,0,740,0,0,0,721,0,767,0,736,0,742,0,742,0,712,0,7520,0.032,107911053312.0,0.0,0.0,784,16797,-0.0,162057.094,-114818.039,-0.0,0.133,6.909358625270745e+28,30.0,65.0,35,0.0,0.0,0.0,0.0,0.0,0.0,0.0,0.0,0.0,0.0,0.0,0.0,0.0,0.0,0.0,0.0,69.2,0,150,71,55,65476,0,300,0,1,8,20529,65476,0,0,40632,65.0,0.0,0.0,0.0,0.0,0.0
2026-09-04T20:15:14,ERR,ERR,ERR,ERR,ERR,ERR,ERR,ERR,ERR,ERR,ERR,ERR,ERR,ERR,ERR,ERR,ERR,ERR,ERR,ERR,ERR,ERR,ERR,ERR,ERR,ERR,ERR,ERR,ERR,ERR,ERR,ERR,ERR,ERR,ERR,ERR,ERR,ERR,ERR,ERR,ERR,ERR,ERR,ERR,ERR,ERR,ERR,ERR,ERR,ERR,ERR,ERR,ERR,ERR,ERR,ERR,ERR,ERR,ERR,ERR,ERR,ERR,ERR,ERR,ERR,ERR,ERR,ERR,ERR,ERR,ERR,ERR,ERR,ERR,ERR,ERR,ERR,ERR,ERR,ERR,ERR,ERR,ERR,ERR,ERR,ERR,ERR,ERR,ERR,ERR,ERR,ERR,ERR,ERR,ERR,ERR,ERR,ERR,ERR,ERR,ERR,ERR,ERR,ERR,ERR,ERR,ERR,ERR,ERR,ERR,ERR,ERR,ERR,ERR,ERR,ERR,ERR,ERR,ERR,ERR,ERR,ERR,ERR,ERR,ERR,2.718430741444032e+23,2.7184312818759872e+23,0.0,0.0,0.0,1.3936040501711995e+18,7.805,0.0,0,0,4,0,7116,0.0,100,0.0,0.0,0.0,0.0,0.0,0,0,0,0,0.0,0,0,0,0,0,0,0,0,0,0,0,0,0,0,0,0,0,0,0,0,0,0,0,0,0,0,0,0,0,0,0,0,0,31,40,40,71,65476,0,300,0,0,8,21553,0.0,-107605600.0,0.0,0.0,0.0,0.0,0.0,0.0,0.0,0.0,0.0,0.0,0.0,0.0,0.0,0.0,0.0,0.0,0.0,0.0,0.0,0.0,0.0,-2.004,-2.004,0.0,0.0,0.0,0.0,0.0,6176.0,-2.004,6936.0,2.718430741444032e+23,2.7184312818759872e+23,-0.0,2.718430741444032e+23,0.0,0.0,0.0,0.0,69,2.7184314620199723e+23,0.0,0.0,0.0,0.0,0.0,0.0,0.0,0.0,0,0,0,0.0,0.0,0.0,0.0,0.0,0.0,0.0,0.0,0.0,0.0,0.0,0.0,0.0,0.0,0.0,0.0,0,-107875648.0,69,0.0,138,0.0,-109447200.0,0,13107,17040,26215,17049,13107,17043,0,0,0,70,68,100,2.7302359370752657e+23,71.2,2.7302370179391762e+23,74.2,2.7302370179391762e+23,74.0,1,49,50,180,13107,0,0,0,0.0,0.0,0.0,0.0,-0.0,67.0,0.0,162057.094,0.0,751,0,740,0,0,0,721,0,767,0,736,0,742,0,742,0,712,0,7520,0.032,107911053312.0,0.0,0.0,784,16797,-0.0,162057.094,-114818.039,-0.0,0.133,6.909358625270745e+28,30.0,65.0,35,0.0,0.0,0.0,0.0,0.0,0.0,0.0,0.0,0.0,0.0,0.0,0.0,0.0,0.0,0.0,0.0,69.2,0,150,71,55,65476,0,300,0,1,8,20529,65476,0,0,40632,65.0,0.0,0.0,0.0,0.0,0.0
2026-09-04T20:15:15,ERR,ERR,ERR,ERR,ERR,ERR,ERR,ERR,ERR,ERR,ERR,ERR,ERR,ERR,ERR,ERR,ERR,ERR,ERR,ERR,ERR,ERR,ERR,ERR,ERR,ERR,ERR,ERR,ERR,ERR,ERR,ERR,ERR,ERR,ERR,ERR,ERR,ERR,ERR,ERR,ERR,ERR,ERR,ERR,ERR,ERR,ERR,ERR,ERR,ERR,ERR,ERR,ERR,ERR,ERR,ERR,ERR,ERR,ERR,ERR,ERR,ERR,ERR,ERR,ERR,ERR,ERR,ERR,ERR,ERR,ERR,ERR,ERR,ERR,ERR,ERR,ERR,ERR,ERR,ERR,ERR,ERR,ERR,ERR,ERR,ERR,ERR,ERR,ERR,ERR,ERR,ERR,ERR,ERR,ERR,ERR,ERR,ERR,ERR,ERR,ERR,ERR,ERR,ERR,ERR,ERR,ERR,ERR,ERR,ERR,ERR,ERR,ERR,ERR,ERR,ERR,ERR,ERR,ERR,ERR,ERR,ERR,ERR,ERR,ERR,2.718430741444032e+23,2.7184312818759872e+23,0.0,0.0,0.0,1.3936040501711995e+18,7.805,0.0,0,0,4,0,7116,0.0,100,0.0,0.0,0.0,0.0,0.0,0,0,0,0,0.0,0,0,0,0,0,0,0,0,0,0,0,0,0,0,0,0,0,0,0,0,0,0,0,0,0,0,0,0,0,0,0,0,0,31,40,40,71,65476,0,300,0,0,8,21553,0.0,-107605600.0,0.0,0.0,0.0,0.0,0.0,0.0,0.0,0.0,0.0,0.0,0.0,0.0,0.0,0.0,0.0,0.0,0.0,0.0,0.0,0.0,0.0,-2.004,-2.004,0.0,0.0,0.0,0.0,0.0,6179.0,-2.004,6936.0,2.718430741444032e+23,2.7184312818759872e+23,-0.0,2.718430741444032e+23,0.0,0.0,0.0,0.0,69,-0.0,0.0,0.0,0.0,0.0,0.0,0.0,0.0,0.0,0,0,0,0.0,0.0,0.0,0.0,0.0,0.0,0.0,0.0,0.0,0.0,0.0,0.0,0.0,0.0,0.0,0.0,0,-107875648.0,69,0.0,138,0.0,-109447200.0,0,13107,17040,26215,17049,13107,17043,0,0,0,70,68,100,2.7302359370752657e+23,71.2,2.7302370179391762e+23,74.2,2.7302370179391762e+23,74.0,1,49,50,180,13107,0,0,0,0.0,0.0,0.0,0.0,-0.0,67.0,0.0,162057.094,0.0,751,0,740,0,0,0,721,0,767,0,736,0,742,0,742,0,712,0,7520,0.032,107911053312.0,0.0,0.0,784,16797,-0.0,162057.094,-114818.039,-0.0,0.133,6.909358625270745e+28,30.0,65.0,35,0.0,0.0,0.0,0.0,0.0,0.0,0.0,0.0,0.0,0.0,0.0,0.0,0.0,0.0,0.0,0.0,69.2,0,150,71,55,65476,0,300,0,1,8,20529,65476,0,0,40632,65.0,0.0,0.0,0.0,0.0,0.0
2026-09-04T20:15:16,ERR,ERR,ERR,ERR,ERR,ERR,ERR,ERR,ERR,ERR,ERR,ERR,ERR,ERR,ERR,ERR,ERR,ERR,ERR,ERR,ERR,ERR,ERR,ERR,ERR,ERR,ERR,ERR,ERR,ERR,ERR,ERR,ERR,ERR,ERR,ERR,ERR,ERR,ERR,ERR,ERR,ERR,ERR,ERR,ERR,ERR,ERR,ERR,ERR,ERR,ERR,ERR,ERR,ERR,ERR,ERR,ERR,ERR,ERR,ERR,ERR,ERR,ERR,ERR,ERR,ERR,ERR,ERR,ERR,ERR,ERR,ERR,ERR,ERR,ERR,ERR,ERR,ERR,ERR,ERR,ERR,ERR,ERR,ERR,ERR,ERR,ERR,ERR,ERR,ERR,ERR,ERR,ERR,ERR,ERR,ERR,ERR,ERR,ERR,ERR,ERR,ERR,ERR,ERR,ERR,ERR,ERR,ERR,ERR,ERR,ERR,ERR,ERR,ERR,ERR,ERR,ERR,ERR,ERR,ERR,ERR,ERR,ERR,ERR,ERR,2.718430741444032e+23,2.7184312818759872e+23,0.0,0.0,0.0,1.3936040501711995e+18,7.805,0.0,0,0,4,0,7116,0.0,100,0.0,0.0,0.0,0.0,0.0,0,0,0,0,0.0,0,0,0,0,0,0,0,0,0,0,0,0,0,0,0,0,0,0,0,0,0,0,0,0,0,0,0,0,0,0,0,0,0,31,40,40,71,65476,0,300,0,0,8,21553,0.0,-107605600.0,0.0,0.0,0.0,0.0,0.0,0.0,0.0,0.0,0.0,0.0,0.0,0.0,0.0,0.0,0.0,0.0,0.0,0.0,0.0,0.0,0.0,-2.004,-2.004,0.0,0.0,0.0,0.0,0.0,6179.0,-2.004,6936.0,2.718430741444032e+23,2.7184312818759872e+23,-0.0,2.718430741444032e+23,0.0,0.0,0.0,0.0,69,-0.0,0.0,0.0,0.0,0.0,0.0,0.0,0.0,0.0,0,0,0,0.0,0.0,0.0,0.0,0.0,0.0,0.0,0.0,0.0,0.0,0.0,0.0,0.0,0.0,0.0,0.0,0,-107875648.0,69,0.0,138,0.0,-109447200.0,0,13107,17040,26215,17049,13107,17043,0,0,0,70,68,100,2.7302359370752657e+23,71.2,2.7302370179391762e+23,74.2,2.7302370179391762e+23,74.0,1,49,50,180,13107,52429,0,0,0.0,0.0,0.0,0.0,-0.0,67.0,0.0,162057.094,0.0,751,0,739,0,0,0,721,0,767,0,736,0,742,0,742,0,712,0,7520,0.032,107911053312.0,0.0,0.0,784,16797,-0.0,162057.094,-114818.039,-0.0,0.133,6.909358625270745e+28,30.0,65.0,35,0.0,0.0,0.0,0.0,0.0,0.0,0.0,0.0,0.0,0.0,0.0,0.0,0.0,0.0,0.0,0.0,69.2,0,150,71,55,65476,0,300,0,1,8,20529,65476,0,0,40632,65.0,0.0,0.0,0.0,0.0,0.0
2026-09-04T20:15:17,ERR,ERR,ERR,ERR,ERR,ERR,ERR,ERR,ERR,ERR,ERR,ERR,ERR,ERR,ERR,ERR,ERR,ERR,ERR,ERR,ERR,ERR,ERR,ERR,ERR,ERR,ERR,ERR,ERR,ERR,ERR,ERR,ERR,ERR,ERR,ERR,ERR,ERR,ERR,ERR,ERR,ERR,ERR,ERR,ERR,ERR,ERR,ERR,ERR,ERR,ERR,ERR,ERR,ERR,ERR,ERR,ERR,ERR,ERR,ERR,ERR,ERR,ERR,ERR,ERR,ERR,ERR,ERR,ERR,ERR,ERR,ERR,ERR,ERR,ERR,ERR,ERR,ERR,ERR,ERR,ERR,ERR,ERR,ERR,ERR,ERR,ERR,ERR,ERR,ERR,ERR,ERR,ERR,ERR,ERR,ERR,ERR,ERR,ERR,ERR,ERR,ERR,ERR,ERR,ERR,ERR,ERR,ERR,ERR,ERR,ERR,ERR,ERR,ERR,ERR,ERR,ERR,ERR,ERR,ERR,ERR,ERR,ERR,ERR,ERR,2.718430741444032e+23,2.7184312818759872e+23,0.0,0.0,0.0,1.3936040501711995e+18,7.805,0.0,0,0,4,0,7116,0.0,100,0.0,0.0,0.0,0.0,0.0,0,0,0,0,0.0,0,0,0,0,0,0,0,0,0,0,0,0,0,0,0,0,0,0,0,0,0,0,0,0,0,0,0,0,0,0,0,0,0,31,40,40,71,65476,0,300,0,0,8,21553,0.0,-107605600.0,0.0,0.0,0.0,0.0,0.0,0.0,0.0,0.0,0.0,0.0,0.0,0.0,0.0,0.0,0.0,0.0,0.0,0.0,0.0,0.0,0.0,-2.004,-2.004,0.0,0.0,0.0,0.0,0.0,6179.0,-2.004,6936.0,2.718430741444032e+23,2.7184312818759872e+23,-0.0,2.718430741444032e+23,0.0,0.0,0.0,0.0,69,-0.0,0.0,0.0,0.0,0.0,0.0,0.0,0.0,0.0,0,0,0,0.0,0.0,0.0,0.0,0.0,0.0,0.0,0.0,0.0,0.0,0.0,0.0,0.0,0.0,0.0,0.0,0,-107875648.0,69,0.0,138,0.0,-109447200.0,0,13107,17040,26215,17049,13107,17043,0,0,0,70,68,100,2.7302359370752657e+23,71.2,2.7302370179391762e+23,74.2,2.7302370179391762e+23,74.0,1,49,50,180,13107,52429,0,0,0.0,0.0,0.0,0.0,-0.0,67.0,0.0,162057.094,0.0,751,0,739,0,0,0,721,0,767,0,736,0,742,0,742,0,712,0,7520,0.032,107911053312.0,0.0,0.0,784,16797,-0.0,162057.094,-114818.039,-0.0,0.133,6.909358625270745e+28,30.0,65.0,35,0.0,0.0,0.0,0.0,0.0,0.0,0.0,0.0,0.0,0.0,0.0,0.0,0.0,0.0,0.0,0.0,69.2,0,150,71,55,65476,0,300,0,1,8,20529,65476,0,0,40632,65.0,0.0,0.0,0.0,0.0,0.0
2026-09-04T20:15:18,ERR,ERR,ERR,ERR,ERR,ERR,ERR,ERR,ERR,ERR,ERR,ERR,ERR,ERR,ERR,ERR,ERR,ERR,ERR,ERR,ERR,ERR,ERR,ERR,ERR,ERR,ERR,ERR,ERR,ERR,ERR,ERR,ERR,ERR,ERR,ERR,ERR,ERR,ERR,ERR,ERR,ERR,ERR,ERR,ERR,ERR,ERR,ERR,ERR,ERR,ERR,ERR,ERR,ERR,ERR,ERR,ERR,ERR,ERR,ERR,ERR,ERR,ERR,ERR,ERR,ERR,ERR,ERR,ERR,ERR,ERR,ERR,ERR,ERR,ERR,ERR,ERR,ERR,ERR,ERR,ERR,ERR,ERR,ERR,ERR,ERR,ERR,ERR,ERR,ERR,ERR,ERR,ERR,ERR,ERR,ERR,ERR,ERR,ERR,ERR,ERR,ERR,ERR,ERR,ERR,ERR,ERR,ERR,ERR,ERR,ERR,ERR,ERR,ERR,ERR,ERR,ERR,ERR,ERR,ERR,ERR,ERR,ERR,ERR,ERR,2.718430741444032e+23,2.7184312818759872e+23,0.0,0.0,0.0,1.3936040501711995e+18,7.805,0.0,0,0,4,0,7116,0.0,100,0.0,0.0,0.0,0.0,0.0,0,0,0,0,0.0,0,0,0,0,0,0,0,0,0,0,0,0,0,0,0,0,0,0,0,0,0,0,0,0,0,0,0,0,0,0,0,0,0,31,40,40,71,65476,0,300,0,0,8,21553,0.0,-107605600.0,0.0,0.0,0.0,0.0,0.0,0.0,0.0,0.0,0.0,0.0,0.0,0.0,0.0,0.0,0.0,0.0,0.0,0.0,0.0,0.0,0.0,-2.004,-2.004,0.0,0.0,0.0,0.0,0.0,6179.0,-2.004,6936.0,2.718430741444032e+23,2.7184312818759872e+23,-0.0,2.718430741444032e+23,0.0,0.0,0.0,0.0,69,-0.0,0.0,0.0,0.0,0.0,0.0,0.0,0.0,0.0,0,0,0,0.0,0.0,0.0,0.0,0.0,0.0,0.0,0.0,0.0,0.0,0.0,0.0,0.0,0.0,0.0,0.0,0,-107875648.0,69,0.0,138,0.0,-109447200.0,0,13107,17040,26215,17049,13107,17043,0,0,0,70,68,100,2.7302359370752657e+23,71.2,2.7302370179391762e+23,74.2,2.7302370179391762e+23,74.0,1,49,50,180,13107,52429,0,0,0.0,0.0,0.0,0.0,-0.0,67.0,0.0,162057.094,0.0,751,0,739,0,0,0,721,0,767,0,736,0,742,0,742,0,712,0,7520,0.032,107911053312.0,0.0,0.0,784,16797,-0.0,162057.094,-114818.039,-0.0,0.133,6.909358625270745e+28,30.0,65.0,35,0.0,0.0,0.0,0.0,0.0,0.0,0.0,0.0,0.0,0.0,0.0,0.0,0.0,0.0,0.0,0.0,69.2,0,150,71,55,65476,0,300,0,1,8,20529,65476,0,0,40632,65.0,0.0,0.0,0.0,0.0,0.0
2026-09-04T20:15:19,ERR,ERR,ERR,ERR,ERR,ERR,ERR,ERR,ERR,ERR,ERR,ERR,ERR,ERR,ERR,ERR,ERR,ERR,ERR,ERR,ERR,ERR,ERR,ERR,ERR,ERR,ERR,ERR,ERR,ERR,ERR,ERR,ERR,ERR,ERR,ERR,ERR,ERR,ERR,ERR,ERR,ERR,ERR,ERR,ERR,ERR,ERR,ERR,ERR,ERR,ERR,ERR,ERR,ERR,ERR,ERR,ERR,ERR,ERR,ERR,ERR,ERR,ERR,ERR,ERR,ERR,ERR,ERR,ERR,ERR,ERR,ERR,ERR,ERR,ERR,ERR,ERR,ERR,ERR,ERR,ERR,ERR,ERR,ERR,ERR,ERR,ERR,ERR,ERR,ERR,ERR,ERR,ERR,ERR,ERR,ERR,ERR,ERR,ERR,ERR,ERR,ERR,ERR,ERR,ERR,ERR,ERR,ERR,ERR,ERR,ERR,ERR,ERR,ERR,ERR,ERR,ERR,ERR,ERR,ERR,ERR,ERR,ERR,ERR,ERR,2.718430741444032e+23,2.7184312818759872e+23,0.0,0.0,0.0,1.3936040501711995e+18,7.805,0.0,0,0,4,0,7116,0.0,100,0.0,0.0,0.0,0.0,0.0,0,0,0,0,0.0,0,0,0,0,0,0,0,0,0,0,0,0,0,0,0,0,0,0,0,0,0,0,0,0,0,0,0,0,0,0,0,0,0,31,40,40,71,65476,0,300,0,0,8,21553,0.0,-107605600.0,0.0,0.0,0.0,0.0,0.0,0.0,0.0,0.0,0.0,0.0,0.0,0.0,0.0,0.0,0.0,0.0,0.0,0.0,0.0,0.0,0.0,-2.004,-2.004,0.0,0.0,0.0,0.0,0.0,6179.0,-2.004,6936.0,2.718430741444032e+23,2.7184312818759872e+23,-0.0,2.718430741444032e+23,0.0,0.0,0.0,0.0,69,-0.0,0.0,0.0,0.0,0.0,0.0,0.0,0.0,0.0,0,0,0,0.0,0.0,0.0,0.0,0.0,0.0,0.0,0.0,0.0,0.0,0.0,0.0,0.0,0.0,0.0,0.0,0,-107875648.0,69,0.0,138,0.0,-109447200.0,0,13107,17040,26215,17049,13107,17043,0,0,0,70,68,100,2.7302359370752657e+23,71.2,2.7302370179391762e+23,74.2,2.7302370179391762e+23,74.0,1,49,50,180,13107,52429,0,0,0.0,0.0,0.0,0.0,-0.0,67.0,0.0,162057.094,0.0,751,0,739,0,0,0,721,0,767,0,736,0,742,0,742,0,712,0,7520,0.032,107911053312.0,0.0,0.0,784,16797,-0.0,162057.094,-114818.039,-0.0,0.133,6.909358625270745e+28,30.0,65.0,35,0.0,0.0,0.0,0.0,0.0,0.0,0.0,0.0,0.0,0.0,0.0,0.0,0.0,0.0,0.0,0.0,69.2,0,150,71,55,65476,0,300,0,1,8,20529,65476,0,0,40632,65.0,0.0,0.0,0.0,0.0,0.0
2026-09-04T20:15:20,ERR,ERR,ERR,ERR,ERR,ERR,ERR,ERR,ERR,ERR,ERR,ERR,ERR,ERR,ERR,ERR,ERR,ERR,ERR,ERR,ERR,ERR,ERR,ERR,ERR,ERR,ERR,ERR,ERR,ERR,ERR,ERR,ERR,ERR,ERR,ERR,ERR,ERR,ERR,ERR,ERR,ERR,ERR,ERR,ERR,ERR,ERR,ERR,ERR,ERR,ERR,ERR,ERR,ERR,ERR,ERR,ERR,ERR,ERR,ERR,ERR,ERR,ERR,ERR,ERR,ERR,ERR,ERR,ERR,ERR,ERR,ERR,ERR,ERR,ERR,ERR,ERR,ERR,ERR,ERR,ERR,ERR,ERR,ERR,ERR,ERR,ERR,ERR,ERR,ERR,ERR,ERR,ERR,ERR,ERR,ERR,ERR,ERR,ERR,ERR,ERR,ERR,ERR,ERR,ERR,ERR,ERR,ERR,ERR,ERR,ERR,ERR,ERR,ERR,ERR,ERR,ERR,ERR,ERR,ERR,ERR,ERR,ERR,ERR,ERR,2.718430741444032e+23,2.7184312818759872e+23,0.0,0.0,0.0,1.3936040501711995e+18,7.805,0.0,0,0,4,0,7116,0.0,100,0.0,0.0,0.0,0.0,0.0,0,0,0,0,0.0,0,0,0,0,0,0,0,0,0,0,0,0,0,0,0,0,0,0,0,0,0,0,0,0,0,0,0,0,0,0,0,0,0,31,40,40,71,65476,0,300,0,0,8,21553,0.0,-107605600.0,0.0,0.0,0.0,0.0,0.0,0.0,0.0,0.0,0.0,0.0,0.0,0.0,0.0,0.0,0.0,0.0,0.0,0.0,0.0,0.0,0.0,-2.004,-2.004,0.0,0.0,0.0,0.0,0.0,6179.0,-2.004,6936.0,2.718430741444032e+23,2.7184312818759872e+23,-0.0,2.718430741444032e+23,0.0,0.0,0.0,0.0,69,-0.0,0.0,0.0,0.0,0.0,0.0,0.0,0.0,0.0,0,0,0,0.0,0.0,0.0,0.0,0.0,0.0,0.0,0.0,0.0,0.0,0.0,0.0,0.0,0.0,0.0,0.0,0,-107875648.0,69,0.0,138,0.0,-109447200.0,0,13107,17040,26215,17049,13107,17043,0,0,0,70,68,100,2.7302359370752657e+23,71.2,2.7302370179391762e+23,74.2,2.7302370179391762e+23,74.0,1,49,50,180,13107,52429,0,0,0.0,0.0,0.0,0.0,-0.0,67.0,0.0,162057.094,0.0,751,0,739,0,0,0,721,0,767,0,736,0,742,0,742,0,712,0,7520,0.032,107911053312.0,0.0,0.0,784,16797,-0.0,162057.094,-114818.039,-0.0,0.133,6.909358625270745e+28,30.0,65.0,35,0.0,0.0,0.0,0.0,0.0,0.0,0.0,0.0,0.0,0.0,0.0,0.0,0.0,0.0,0.0,0.0,69.2,0,150,71,55,65476,0,300,0,1,8,20529,65476,0,0,40632,65.0,0.0,0.0,0.0,0.0,0.0
2026-09-04T20:15:21,ERR,ERR,ERR,ERR,ERR,ERR,ERR,ERR,ERR,ERR,ERR,ERR,ERR,ERR,ERR,ERR,ERR,ERR,ERR,ERR,ERR,ERR,ERR,ERR,ERR,ERR,ERR,ERR,ERR,ERR,ERR,ERR,ERR,ERR,ERR,ERR,ERR,ERR,ERR,ERR,ERR,ERR,ERR,ERR,ERR,ERR,ERR,ERR,ERR,ERR,ERR,ERR,ERR,ERR,ERR,ERR,ERR,ERR,ERR,ERR,ERR,ERR,ERR,ERR,ERR,ERR,ERR,ERR,ERR,ERR,ERR,ERR,ERR,ERR,ERR,ERR,ERR,ERR,ERR,ERR,ERR,ERR,ERR,ERR,ERR,ERR,ERR,ERR,ERR,ERR,ERR,ERR,ERR,ERR,ERR,ERR,ERR,ERR,ERR,ERR,ERR,ERR,ERR,ERR,ERR,ERR,ERR,ERR,ERR,ERR,ERR,ERR,ERR,ERR,ERR,ERR,ERR,ERR,ERR,ERR,ERR,ERR,ERR,ERR,ERR,2.718430741444032e+23,2.7184312818759872e+23,0.0,0.0,0.0,1.3936040501711995e+18,7.805,0.0,0,0,4,0,7116,0.0,100,0.0,0.0,0.0,0.0,0.0,0,0,0,0,0.0,0,0,0,0,0,0,0,0,0,0,0,0,0,0,0,0,0,0,0,0,0,0,0,0,0,0,0,0,0,0,0,0,0,31,40,40,71,65476,0,300,0,0,8,21553,0.0,-107605600.0,0.0,0.0,0.0,0.0,0.0,0.0,0.0,0.0,0.0,0.0,0.0,0.0,0.0,0.0,0.0,0.0,0.0,0.0,0.0,0.0,0.0,-2.004,-2.004,0.0,0.0,0.0,0.0,0.0,6179.0,-2.004,6936.0,2.718430741444032e+23,2.7184312818759872e+23,-0.0,2.718430741444032e+23,0.0,0.0,0.0,0.0,69,-0.0,0.0,0.0,0.0,0.0,0.0,0.0,0.0,0.0,0,0,0,0.0,0.0,0.0,0.0,0.0,0.0,0.0,0.0,0.0,0.0,0.0,0.0,0.0,0.0,0.0,0.0,0,-107875648.0,69,0.0,138,0.0,-109447200.0,0,13107,17040,26215,17049,13107,17043,0,0,0,70,68,100,2.7302359370752657e+23,71.2,2.7302370179391762e+23,74.2,2.7302370179391762e+23,74.0,1,49,50,180,13107,52429,0,0,0.0,0.0,0.0,0.0,-0.0,67.0,0.0,162057.094,0.0,751,0,739,0,0,0,721,0,767,0,736,0,742,0,742,0,712,0,7520,0.032,107911053312.0,0.0,0.0,784,16797,-0.0,162057.094,-114818.039,-0.0,0.133,6.909358625270745e+28,30.0,65.0,35,0.0,0.0,0.0,0.0,0.0,0.0,0.0,0.0,0.0,0.0,0.0,0.0,0.0,0.0,0.0,0.0,69.2,0,150,71,55,65476,0,300,0,1,8,20529,65476,0,0,40632,65.0,0.0,0.0,0.0,0.0,0.0
2026-09-04T20:15:22,ERR,ERR,ERR,ERR,ERR,ERR,ERR,ERR,ERR,ERR,ERR,ERR,ERR,ERR,ERR,ERR,ERR,ERR,ERR,ERR,ERR,ERR,ERR,ERR,ERR,ERR,ERR,ERR,ERR,ERR,ERR,ERR,ERR,ERR,ERR,ERR,ERR,ERR,ERR,ERR,ERR,ERR,ERR,ERR,ERR,ERR,ERR,ERR,ERR,ERR,ERR,ERR,ERR,ERR,ERR,ERR,ERR,ERR,ERR,ERR,ERR,ERR,ERR,ERR,ERR,ERR,ERR,ERR,ERR,ERR,ERR,ERR,ERR,ERR,ERR,ERR,ERR,ERR,ERR,ERR,ERR,ERR,ERR,ERR,ERR,ERR,ERR,ERR,ERR,ERR,ERR,ERR,ERR,ERR,ERR,ERR,ERR,ERR,ERR,ERR,ERR,ERR,ERR,ERR,ERR,ERR,ERR,ERR,ERR,ERR,ERR,ERR,ERR,ERR,ERR,ERR,ERR,ERR,ERR,ERR,ERR,ERR,ERR,ERR,ERR,2.718430741444032e+23,2.7184312818759872e+23,0.0,0.0,0.0,1.3936040501711995e+18,7.805,0.0,0,0,4,0,7116,0.0,100,0.0,0.0,0.0,0.0,0.0,0,0,0,0,0.0,0,0,0,0,0,0,0,0,0,0,0,0,0,0,0,0,0,0,0,0,0,0,0,0,0,0,0,0,0,0,0,0,0,31,40,40,71,65476,0,300,0,0,8,21553,0.0,-107605600.0,0.0,0.0,0.0,0.0,0.0,0.0,0.0,0.0,0.0,0.0,0.0,0.0,0.0,0.0,0.0,0.0,0.0,0.0,0.0,0.0,0.0,-2.004,-2.004,0.0,0.0,0.0,0.0,0.0,6214.0,-0.0,6928.0,2.718430741444032e+23,2.7184312818759872e+23,-0.0,2.718430741444032e+23,0.0,0.0,0.0,0.0,69,4.950431692736863e+32,-4.950420087048995e+32,0.0,0.0,0.0,0.0,0.0,0.0,0.0,0,0,0,0.0,0.0,0.0,0.0,0.0,0.0,0.0,0.0,0.0,0.0,0.0,0.0,0.0,0.0,0.0,0.0,0,-107875648.0,69,0.0,138,0.0,-109447200.0,0,13107,17040,26215,17049,13107,17043,0,0,0,70,68,100,2.7302359370752657e+23,71.2,0.0,74.2,2.7302370179391762e+23,74.0,1,49,50,180,13107,52429,0,0,0.0,0.0,0.0,0.0,-0.0,67.0,0.0,162057.094,0.0,751,0,739,0,0,0,721,0,767,0,736,0,742,0,742,0,712,0,7520,0.032,108447924224.0,0.0,0.0,784,16797,-0.0,162057.094,-114818.039,-0.0,0.133,6.909358625270745e+28,30.0,65.0,35,0.0,0.0,0.0,0.0,0.0,0.0,0.0,0.0,0.0,0.0,0.0,0.0,0.0,0.0,0.0,0.0,69.2,0,150,71,55,65476,0,300,0,1,8,20529,65476,0,0,40632,65.0,0.0,0.0,0.0,0.0,0.0
2026-09-04T20:15:23,ERR,ERR,ERR,ERR,ERR,ERR,ERR,ERR,ERR,ERR,ERR,ERR,ERR,ERR,ERR,ERR,ERR,ERR,ERR,ERR,ERR,ERR,ERR,ERR,ERR,ERR,ERR,ERR,ERR,ERR,ERR,ERR,ERR,ERR,ERR,ERR,ERR,ERR,ERR,ERR,ERR,ERR,ERR,ERR,ERR,ERR,ERR,ERR,ERR,ERR,ERR,ERR,ERR,ERR,ERR,ERR,ERR,ERR,ERR,ERR,ERR,ERR,ERR,ERR,ERR,ERR,ERR,ERR,ERR,ERR,ERR,ERR,ERR,ERR,ERR,ERR,ERR,ERR,ERR,ERR,ERR,ERR,ERR,ERR,ERR,ERR,ERR,ERR,ERR,ERR,ERR,ERR,ERR,ERR,ERR,ERR,ERR,ERR,ERR,ERR,ERR,ERR,ERR,ERR,ERR,ERR,ERR,ERR,ERR,ERR,ERR,ERR,ERR,ERR,ERR,ERR,ERR,ERR,ERR,ERR,ERR,ERR,ERR,ERR,ERR,2.718430741444032e+23,2.7184312818759872e+23,0.0,0.0,0.0,1.3936040501711995e+18,7.805,0.0,0,0,4,0,7116,0.0,100,0.0,0.0,0.0,0.0,0.0,0,0,0,0,0.0,0,0,0,0,0,0,0,0,0,0,0,0,0,0,0,0,0,0,0,0,0,0,0,0,0,0,0,0,0,0,0,0,0,31,40,40,71,65476,0,300,0,0,8,21553,0.0,-107605600.0,0.0,0.0,0.0,0.0,0.0,0.0,0.0,0.0,0.0,0.0,0.0,0.0,0.0,0.0,0.0,0.0,0.0,0.0,0.0,0.0,0.0,-2.004,-2.004,0.0,0.0,0.0,0.0,0.0,6214.0,-0.0,6928.0,2.718430741444032e+23,2.7184312818759872e+23,-0.0,2.718430741444032e+23,0.0,0.0,0.0,0.0,69,4.950431692736863e+32,-4.950420087048995e+32,0.0,0.0,0.0,0.0,0.0,0.0,0.0,0,0,0,0.0,0.0,0.0,0.0,0.0,0.0,0.0,0.0,0.0,0.0,0.0,0.0,0.0,0.0,0.0,0.0,0,-107875648.0,69,0.0,138,0.0,-109447200.0,0,13107,17040,26215,17049,13107,17043,0,0,0,70,68,100,2.7302359370752657e+23,71.2,0.0,74.2,2.7302370179391762e+23,74.0,1,49,50,180,13107,52429,0,0,0.0,0.0,0.0,0.0,-0.0,67.0,0.0,162057.094,0.0,751,0,739,0,0,0,721,0,767,0,736,0,742,0,742,0,712,0,7520,0.032,108447924224.0,0.0,0.0,784,16797,-0.0,162057.094,-114818.039,-0.0,0.133,6.909358625270745e+28,30.0,65.0,35,0.0,0.0,0.0,0.0,0.0,0.0,0.0,0.0,0.0,0.0,0.0,0.0,0.0,0.0,0.0,0.0,69.2,0,150,71,55,65476,0,300,0,1,8,20529,65476,0,0,40632,65.0,0.0,0.0,0.0,0.0,0.0
2026-09-04T20:15:24,ERR,ERR,ERR,ERR,ERR,ERR,ERR,ERR,ERR,ERR,ERR,ERR,ERR,ERR,ERR,ERR,ERR,ERR,ERR,ERR,ERR,ERR,ERR,ERR,ERR,ERR,ERR,ERR,ERR,ERR,ERR,ERR,ERR,ERR,ERR,ERR,ERR,ERR,ERR,ERR,ERR,ERR,ERR,ERR,ERR,ERR,ERR,ERR,ERR,ERR,ERR,ERR,ERR,ERR,ERR,ERR,ERR,ERR,ERR,ERR,ERR,ERR,ERR,ERR,ERR,ERR,ERR,ERR,ERR,ERR,ERR,ERR,ERR,ERR,ERR,ERR,ERR,ERR,ERR,ERR,ERR,ERR,ERR,ERR,ERR,ERR,ERR,ERR,ERR,ERR,ERR,ERR,ERR,ERR,ERR,ERR,ERR,ERR,ERR,ERR,ERR,ERR,ERR,ERR,ERR,ERR,ERR,ERR,ERR,ERR,ERR,ERR,ERR,ERR,ERR,ERR,ERR,ERR,ERR,ERR,ERR,ERR,ERR,ERR,ERR,2.718430741444032e+23,2.7184312818759872e+23,0.0,0.0,0.0,1.3936040501711995e+18,7.805,0.0,0,0,4,0,7116,0.0,100,0.0,0.0,0.0,0.0,0.0,0,0,0,0,0.0,0,0,0,0,0,0,0,0,0,0,0,0,0,0,0,0,0,0,0,0,0,0,0,0,0,0,0,0,0,0,0,0,0,31,40,40,71,65476,0,300,0,0,8,21553,0.0,-107605600.0,0.0,0.0,0.0,0.0,0.0,0.0,0.0,0.0,0.0,0.0,0.0,0.0,0.0,0.0,0.0,0.0,0.0,0.0,0.0,0.0,0.0,-2.004,-2.004,0.0,0.0,0.0,0.0,0.0,6214.0,-0.0,6928.0,2.718430741444032e+23,2.7184312818759872e+23,-0.0,2.718430741444032e+23,0.0,0.0,0.0,0.0,69,4.950431692736863e+32,-4.950420087048995e+32,0.0,0.0,0.0,0.0,0.0,0.0,0.0,0,0,0,0.0,0.0,0.0,0.0,0.0,0.0,0.0,0.0,0.0,0.0,0.0,0.0,0.0,0.0,0.0,0.0,0,-107875648.0,69,0.0,138,0.0,-109447200.0,0,13107,17040,26215,17049,13107,17043,0,0,0,70,68,100,2.7302359370752657e+23,71.2,0.0,74.2,2.7302370179391762e+23,74.0,1,49,50,180,13107,52429,0,0,0.0,0.0,0.0,0.0,-0.0,67.0,0.0,162057.094,0.0,751,0,739,0,0,0,721,0,767,0,736,0,742,0,742,0,712,0,7520,0.032,108447924224.0,0.0,0.0,784,16797,-0.0,162057.094,-114818.039,-0.0,0.133,6.909358625270745e+28,30.0,65.0,35,0.0,0.0,0.0,0.0,0.0,0.0,0.0,0.0,0.0,0.0,0.0,0.0,0.0,0.0,0.0,0.0,69.2,0,150,71,55,65476,0,300,0,1,8,20529,65476,0,0,40632,65.0,0.0,0.0,0.0,0.0,0.0
2026-09-04T20:15:25,ERR,ERR,ERR,ERR,ERR,ERR,ERR,ERR,ERR,ERR,ERR,ERR,ERR,ERR,ERR,ERR,ERR,ERR,ERR,ERR,ERR,ERR,ERR,ERR,ERR,ERR,ERR,ERR,ERR,ERR,ERR,ERR,ERR,ERR,ERR,ERR,ERR,ERR,ERR,ERR,ERR,ERR,ERR,ERR,ERR,ERR,ERR,ERR,ERR,ERR,ERR,ERR,ERR,ERR,ERR,ERR,ERR,ERR,ERR,ERR,ERR,ERR,ERR,ERR,ERR,ERR,ERR,ERR,ERR,ERR,ERR,ERR,ERR,ERR,ERR,ERR,ERR,ERR,ERR,ERR,ERR,ERR,ERR,ERR,ERR,ERR,ERR,ERR,ERR,ERR,ERR,ERR,ERR,ERR,ERR,ERR,ERR,ERR,ERR,ERR,ERR,ERR,ERR,ERR,ERR,ERR,ERR,ERR,ERR,ERR,ERR,ERR,ERR,ERR,ERR,ERR,ERR,ERR,ERR,ERR,ERR,ERR,ERR,ERR,ERR,2.718430741444032e+23,2.7184312818759872e+23,0.0,0.0,0.0,1.3936040501711995e+18,7.805,0.0,0,0,4,0,7116,0.0,100,0.0,0.0,0.0,0.0,0.0,0,0,0,0,0.0,0,0,0,0,0,0,0,0,0,0,0,0,0,0,0,0,0,0,0,0,0,0,0,0,0,0,0,0,0,0,0,0,0,31,40,40,71,65476,0,300,0,0,8,21553,0.0,-107605600.0,0.0,0.0,0.0,0.0,0.0,0.0,0.0,0.0,0.0,0.0,0.0,0.0,0.0,0.0,0.0,0.0,0.0,0.0,0.0,0.0,0.0,-2.004,-2.004,0.0,0.0,0.0,0.0,0.0,6214.0,-0.0,6928.0,2.718430741444032e+23,2.7184312818759872e+23,-0.0,2.718430741444032e+23,0.0,0.0,0.0,0.0,69,4.950431692736863e+32,-4.950420087048995e+32,0.0,0.0,0.0,0.0,0.0,0.0,0.0,0,0,0,0.0,0.0,0.0,0.0,0.0,0.0,0.0,0.0,0.0,0.0,0.0,0.0,0.0,0.0,0.0,0.0,0,-107875648.0,69,0.0,138,0.0,-109447200.0,0,13107,17040,26215,17049,13107,17043,0,0,0,70,68,100,2.7302359370752657e+23,71.2,0.0,74.2,2.7302370179391762e+23,74.0,1,49,50,180,13107,52429,0,0,0.0,0.0,0.0,0.0,-0.0,67.0,0.0,162057.094,0.0,751,0,739,0,0,0,721,0,767,0,736,0,742,0,742,0,712,0,7520,0.032,108447924224.0,0.0,0.0,784,16797,-0.0,162057.094,-114818.039,-0.0,0.133,6.909358625270745e+28,30.0,65.0,35,0.0,0.0,0.0,0.0,0.0,0.0,0.0,0.0,0.0,0.0,0.0,0.0,0.0,0.0,0.0,0.0,69.2,0,150,71,55,65476,0,300,0,1,8,20529,65476,0,0,40632,65.0,0.0,0.0,0.0,0.0,0.0
2026-09-04T20:15:26,ERR,ERR,ERR,ERR,ERR,ERR,ERR,ERR,ERR,ERR,ERR,ERR,ERR,ERR,ERR,ERR,ERR,ERR,ERR,ERR,ERR,ERR,ERR,ERR,ERR,ERR,ERR,ERR,ERR,ERR,ERR,ERR,ERR,ERR,ERR,ERR,ERR,ERR,ERR,ERR,ERR,ERR,ERR,ERR,ERR,ERR,ERR,ERR,ERR,ERR,ERR,ERR,ERR,ERR,ERR,ERR,ERR,ERR,ERR,ERR,ERR,ERR,ERR,ERR,ERR,ERR,ERR,ERR,ERR,ERR,ERR,ERR,ERR,ERR,ERR,ERR,ERR,ERR,ERR,ERR,ERR,ERR,ERR,ERR,ERR,ERR,ERR,ERR,ERR,ERR,ERR,ERR,ERR,ERR,ERR,ERR,ERR,ERR,ERR,ERR,ERR,ERR,ERR,ERR,ERR,ERR,ERR,ERR,ERR,ERR,ERR,ERR,ERR,ERR,ERR,ERR,ERR,ERR,ERR,ERR,ERR,ERR,ERR,ERR,ERR,2.718430741444032e+23,2.7184312818759872e+23,0.0,0.0,0.0,1.3936040501711995e+18,7.805,0.0,0,0,4,0,7116,0.0,100,0.0,0.0,0.0,0.0,0.0,0,0,0,0,0.0,0,0,0,0,0,0,0,0,0,0,0,0,0,0,0,0,0,0,0,0,0,0,0,0,0,0,0,0,0,0,0,0,0,31,40,40,71,65476,0,300,0,0,8,21553,0.0,-107605600.0,0.0,0.0,0.0,0.0,0.0,0.0,0.0,0.0,0.0,0.0,0.0,0.0,0.0,0.0,0.0,0.0,0.0,0.0,0.0,0.0,0.0,-2.004,-2.004,0.0,0.0,0.0,0.0,0.0,6214.0,-0.0,6928.0,2.718430741444032e+23,2.7184312818759872e+23,-0.0,2.718430741444032e+23,0.0,0.0,0.0,0.0,69,4.950431692736863e+32,-4.950420087048995e+32,0.0,0.0,0.0,0.0,0.0,0.0,0.0,0,0,0,0.0,0.0,0.0,0.0,0.0,0.0,0.0,0.0,0.0,0.0,0.0,0.0,0.0,0.0,0.0,0.0,0,-107875648.0,69,0.0,138,0.0,-109447200.0,0,13107,17040,26215,17049,13107,17043,0,0,0,70,68,100,2.7302359370752657e+23,71.2,0.0,74.2,2.7302370179391762e+23,74.0,1,49,50,180,13107,52429,0,0,0.0,0.0,0.0,0.0,-0.0,67.0,0.0,162057.094,0.0,751,0,739,0,0,0,721,0,767,0,736,0,742,0,742,0,712,0,7520,0.032,108447924224.0,0.0,0.0,784,16797,-0.0,162057.094,-114818.039,-0.0,0.133,6.909358625270745e+28,30.0,65.0,35,0.0,0.0,0.0,0.0,0.0,0.0,0.0,0.0,0.0,0.0,0.0,0.0,0.0,0.0,0.0,0.0,69.2,0,150,71,55,65476,0,300,0,1,8,20529,65476,0,0,40632,65.0,0.0,0.0,0.0,0.0,0.0
2026-09-04T20:15:27,ERR,ERR,ERR,ERR,ERR,ERR,ERR,ERR,ERR,ERR,ERR,ERR,ERR,ERR,ERR,ERR,ERR,ERR,ERR,ERR,ERR,ERR,ERR,ERR,ERR,ERR,ERR,ERR,ERR,ERR,ERR,ERR,ERR,ERR,ERR,ERR,ERR,ERR,ERR,ERR,ERR,ERR,ERR,ERR,ERR,ERR,ERR,ERR,ERR,ERR,ERR,ERR,ERR,ERR,ERR,ERR,ERR,ERR,ERR,ERR,ERR,ERR,ERR,ERR,ERR,ERR,ERR,ERR,ERR,ERR,ERR,ERR,ERR,ERR,ERR,ERR,ERR,ERR,ERR,ERR,ERR,ERR,ERR,ERR,ERR,ERR,ERR,ERR,ERR,ERR,ERR,ERR,ERR,ERR,ERR,ERR,ERR,ERR,ERR,ERR,ERR,ERR,ERR,ERR,ERR,ERR,ERR,ERR,ERR,ERR,ERR,ERR,ERR,ERR,ERR,ERR,ERR,ERR,ERR,ERR,ERR,ERR,ERR,ERR,ERR,2.718430741444032e+23,2.7184312818759872e+23,0.0,0.0,0.0,1.3936040501711995e+18,7.805,0.0,0,0,4,0,7116,0.0,100,0.0,0.0,0.0,0.0,0.0,0,0,0,0,0.0,0,0,0,0,0,0,0,0,0,0,0,0,0,0,0,0,0,0,0,0,0,0,0,0,0,0,0,0,0,0,0,0,0,31,40,40,71,65476,0,300,0,0,8,21553,0.0,-107605600.0,0.0,0.0,0.0,0.0,0.0,0.0,0.0,0.0,0.0,0.0,0.0,0.0,0.0,0.0,0.0,0.0,0.0,0.0,0.0,0.0,0.0,-2.004,-2.004,0.0,0.0,0.0,0.0,0.0,6214.0,-0.0,6928.0,2.718430741444032e+23,2.7184312818759872e+23,-0.0,2.718430741444032e+23,0.0,0.0,0.0,0.0,69,4.950431692736863e+32,-4.950420087048995e+32,0.0,0.0,0.0,0.0,0.0,0.0,0.0,0,0,0,0.0,0.0,0.0,0.0,0.0,0.0,0.0,0.0,0.0,0.0,0.0,0.0,0.0,0.0,0.0,0.0,0,-107875648.0,69,0.0,138,0.0,-109447200.0,0,13107,17040,26215,17049,13107,17043,0,0,0,70,68,100,2.7302359370752657e+23,71.2,2.7302370179391762e+23,74.2,2.7302370179391762e+23,74.0,1,49,50,180,13107,52429,0,0,0.0,0.0,0.0,0.0,-0.0,67.0,0.0,162057.094,0.0,751,0,739,0,0,0,721,0,767,0,736,0,743,0,742,0,712,0,7520,0.032,108447924224.0,0.0,0.0,784,16797,-0.0,162057.094,-114818.039,-0.0,0.133,6.909358625270745e+28,30.0,65.0,35,0.0,0.0,0.0,0.0,0.0,0.0,0.0,0.0,0.0,0.0,0.0,0.0,0.0,0.0,0.0,0.0,69.2,0,150,71,55,65476,0,300,0,1,8,20529,65476,0,0,40632,65.0,0.0,0.0,0.0,0.0,0.0
2026-09-04T20:15:28,ERR,ERR,ERR,ERR,ERR,ERR,ERR,ERR,ERR,ERR,ERR,ERR,ERR,ERR,ERR,ERR,ERR,ERR,ERR,ERR,ERR,ERR,ERR,ERR,ERR,ERR,ERR,ERR,ERR,ERR,ERR,ERR,ERR,ERR,ERR,ERR,ERR,ERR,ERR,ERR,ERR,ERR,ERR,ERR,ERR,ERR,ERR,ERR,ERR,ERR,ERR,ERR,ERR,ERR,ERR,ERR,ERR,ERR,ERR,ERR,ERR,ERR,ERR,ERR,ERR,ERR,ERR,ERR,ERR,ERR,ERR,ERR,ERR,ERR,ERR,ERR,ERR,ERR,ERR,ERR,ERR,ERR,ERR,ERR,ERR,ERR,ERR,ERR,ERR,ERR,ERR,ERR,ERR,ERR,ERR,ERR,ERR,ERR,ERR,ERR,ERR,ERR,ERR,ERR,ERR,ERR,ERR,ERR,ERR,ERR,ERR,ERR,ERR,ERR,ERR,ERR,ERR,ERR,ERR,ERR,ERR,ERR,ERR,ERR,ERR,2.718430741444032e+23,2.7184312818759872e+23,0.0,0.0,0.0,1.3936040501711995e+18,7.805,0.0,0,0,4,0,7116,0.0,100,0.0,0.0,0.0,0.0,0.0,0,0,0,0,0.0,0,0,0,0,0,0,0,0,0,0,0,0,0,0,0,0,0,0,0,0,0,0,0,0,0,0,0,0,0,0,0,0,0,31,40,40,71,65476,0,300,0,0,8,21553,0.0,-107605600.0,0.0,0.0,0.0,0.0,0.0,0.0,0.0,0.0,0.0,0.0,0.0,0.0,0.0,0.0,0.0,0.0,0.0,0.0,0.0,0.0,0.0,-2.004,-2.004,0.0,0.0,0.0,0.0,0.0,6214.0,-0.0,6928.0,2.718430741444032e+23,2.7184312818759872e+23,-0.0,2.718430741444032e+23,0.0,0.0,0.0,0.0,69,4.950431692736863e+32,-4.950420087048995e+32,0.0,0.0,0.0,0.0,0.0,0.0,0.0,0,0,0,0.0,0.0,0.0,0.0,0.0,0.0,0.0,0.0,0.0,0.0,0.0,0.0,0.0,0.0,0.0,0.0,0,-107875648.0,69,0.0,138,0.0,-109447200.0,0,13107,17040,26215,17049,13107,17043,0,0,0,70,68,100,2.7302359370752657e+23,71.2,2.7302370179391762e+23,74.2,2.7302370179391762e+23,74.0,1,49,50,180,13107,52429,0,0,0.0,0.0,0.0,0.0,-0.0,67.0,0.0,162057.094,0.0,751,0,739,0,0,0,721,0,767,0,736,0,743,0,742,0,712,0,7520,0.032,108447924224.0,0.0,0.0,784,16797,-0.0,162057.094,-114818.039,-0.0,0.133,6.909358625270745e+28,30.0,65.0,35,0.0,0.0,0.0,0.0,0.0,0.0,0.0,0.0,0.0,0.0,0.0,0.0,0.0,0.0,0.0,0.0,69.2,0,150,71,55,65476,0,300,0,1,8,20529,65476,0,0,40632,65.0,0.0,0.0,0.0,0.0,0.0
2026-09-04T20:15:29,ERR,ERR,ERR,ERR,ERR,ERR,ERR,ERR,ERR,ERR,ERR,ERR,ERR,ERR,ERR,ERR,ERR,ERR,ERR,ERR,ERR,ERR,ERR,ERR,ERR,ERR,ERR,ERR,ERR,ERR,ERR,ERR,ERR,ERR,ERR,ERR,ERR,ERR,ERR,ERR,ERR,ERR,ERR,ERR,ERR,ERR,ERR,ERR,ERR,ERR,ERR,ERR,ERR,ERR,ERR,ERR,ERR,ERR,ERR,ERR,ERR,ERR,ERR,ERR,ERR,ERR,ERR,ERR,ERR,ERR,ERR,ERR,ERR,ERR,ERR,ERR,ERR,ERR,ERR,ERR,ERR,ERR,ERR,ERR,ERR,ERR,ERR,ERR,ERR,ERR,ERR,ERR,ERR,ERR,ERR,ERR,ERR,ERR,ERR,ERR,ERR,ERR,ERR,ERR,ERR,ERR,ERR,ERR,ERR,ERR,ERR,ERR,ERR,ERR,ERR,ERR,ERR,ERR,ERR,ERR,ERR,ERR,ERR,ERR,ERR,2.718430741444032e+23,2.7184312818759872e+23,0.0,0.0,0.0,1.3936040501711995e+18,7.805,0.0,0,0,4,0,7116,0.0,100,0.0,0.0,0.0,0.0,0.0,0,0,0,0,0.0,0,0,0,0,0,0,0,0,0,0,0,0,0,0,0,0,0,0,0,0,0,0,0,0,0,0,0,0,0,0,0,0,0,31,40,40,71,65476,0,300,0,0,8,21553,0.0,-107605600.0,0.0,0.0,0.0,0.0,0.0,0.0,0.0,0.0,0.0,0.0,0.0,0.0,0.0,0.0,0.0,0.0,0.0,0.0,0.0,0.0,0.0,-2.004,-2.004,0.0,0.0,0.0,0.0,0.0,6215.0,-2.4229988572865756e+24,6941.0,2.718430741444032e+23,2.7184312818759872e+23,-0.0,2.718430741444032e+23,0.0,0.0,0.0,0.0,69,-0.0,5.848075094059207e+35,0.0,0.0,0.0,0.0,0.0,0.0,0.0,0,0,0,0.0,0.0,0.0,0.0,0.0,0.0,0.0,0.0,0.0,0.0,0.0,0.0,0.0,0.0,0.0,0.0,0,-107875648.0,69,0.0,138,0.0,-109447200.0,0,13107,17040,26215,17049,13107,17043,0,0,0,70,68,100,2.7302359370752657e+23,71.2,2.7302370179391762e+23,74.2,2.7302370179391762e+23,74.0,1,49,50,180,13107,52429,0,0,0.0,0.0,0.0,0.0,-0.0,67.0,0.0,162057.094,0.0,751,0,739,0,0,0,721,0,767,0,736,0,743,0,742,0,712,0,7520,0.032,108447924224.0,0.0,0.0,784,16797,-0.0,162057.094,-114818.039,-0.0,0.133,6.909358625270745e+28,30.0,65.0,35,0.0,0.0,0.0,0.0,0.0,0.0,0.0,0.0,0.0,0.0,0.0,0.0,0.0,0.0,0.0,0.0,69.2,0,150,71,55,65476,0,300,0,1,8,20529,65476,0,0,40632,65.0,0.0,0.0,0.0,0.0,0.0
2026-09-04T20:15:30,ERR,ERR,ERR,ERR,ERR,ERR,ERR,ERR,ERR,ERR,ERR,ERR,ERR,ERR,ERR,ERR,ERR,ERR,ERR,ERR,ERR,ERR,ERR,ERR,ERR,ERR,ERR,ERR,ERR,ERR,ERR,ERR,ERR,ERR,ERR,ERR,ERR,ERR,ERR,ERR,ERR,ERR,ERR,ERR,ERR,ERR,ERR,ERR,ERR,ERR,ERR,ERR,ERR,ERR,ERR,ERR,ERR,ERR,ERR,ERR,ERR,ERR,ERR,ERR,ERR,ERR,ERR,ERR,ERR,ERR,ERR,ERR,ERR,ERR,ERR,ERR,ERR,ERR,ERR,ERR,ERR,ERR,ERR,ERR,ERR,ERR,ERR,ERR,ERR,ERR,ERR,ERR,ERR,ERR,ERR,ERR,ERR,ERR,ERR,ERR,ERR,ERR,ERR,ERR,ERR,ERR,ERR,ERR,ERR,ERR,ERR,ERR,ERR,ERR,ERR,ERR,ERR,ERR,ERR,ERR,ERR,ERR,ERR,ERR,ERR,2.718430741444032e+23,2.7184312818759872e+23,0.0,0.0,0.0,1.3936040501711995e+18,7.805,0.0,0,0,4,0,7116,0.0,100,0.0,0.0,0.0,0.0,0.0,0,0,0,0,0.0,0,0,0,0,0,0,0,0,0,0,0,0,0,0,0,0,0,0,0,0,0,0,0,0,0,0,0,0,0,0,0,0,0,31,40,40,71,65476,0,300,0,0,8,21553,0.0,-107605600.0,0.0,0.0,0.0,0.0,0.0,0.0,0.0,0.0,0.0,0.0,0.0,0.0,0.0,0.0,0.0,0.0,0.0,0.0,0.0,0.0,0.0,-2.004,-2.004,0.0,0.0,0.0,0.0,0.0,6215.0,-2.4229988572865756e+24,6941.0,2.718430741444032e+23,2.7184312818759872e+23,-0.0,2.718430741444032e+23,0.0,0.0,0.0,0.0,69,-0.0,5.848075094059207e+35,0.0,0.0,0.0,0.0,0.0,0.0,0.0,0,0,0,0.0,0.0,0.0,0.0,0.0,0.0,0.0,0.0,0.0,0.0,0.0,0.0,0.0,0.0,0.0,0.0,0,-107875648.0,69,0.0,138,0.0,-109447200.0,0,13107,17040,26215,17049,13107,17043,0,0,0,70,68,100,2.7302359370752657e+23,71.2,2.7302370179391762e+23,74.2,2.7302370179391762e+23,74.0,1,49,50,180,13107,52429,0,0,0.0,0.0,0.0,0.0,-0.0,67.0,0.0,162057.094,0.0,751,0,739,0,0,0,721,0,767,0,736,0,743,0,742,0,712,0,7520,0.032,108447924224.0,0.0,0.0,784,16797,-0.0,162057.094,-114818.039,-0.0,0.133,6.909358625270745e+28,30.0,65.0,35,0.0,0.0,0.0,0.0,0.0,0.0,0.0,0.0,0.0,0.0,0.0,0.0,0.0,0.0,0.0,0.0,69.2,0,150,71,55,65476,0,300,0,1,8,20529,65476,0,0,40632,65.0,0.0,0.0,0.0,0.0,0.0
2026-09-04T20:15:31,ERR,ERR,ERR,ERR,ERR,ERR,ERR,ERR,ERR,ERR,ERR,ERR,ERR,ERR,ERR,ERR,ERR,ERR,ERR,ERR,ERR,ERR,ERR,ERR,ERR,ERR,ERR,ERR,ERR,ERR,ERR,ERR,ERR,ERR,ERR,ERR,ERR,ERR,ERR,ERR,ERR,ERR,ERR,ERR,ERR,ERR,ERR,ERR,ERR,ERR,ERR,ERR,ERR,ERR,ERR,ERR,ERR,ERR,ERR,ERR,ERR,ERR,ERR,ERR,ERR,ERR,ERR,ERR,ERR,ERR,ERR,ERR,ERR,ERR,ERR,ERR,ERR,ERR,ERR,ERR,ERR,ERR,ERR,ERR,ERR,ERR,ERR,ERR,ERR,ERR,ERR,ERR,ERR,ERR,ERR,ERR,ERR,ERR,ERR,ERR,ERR,ERR,ERR,ERR,ERR,ERR,ERR,ERR,ERR,ERR,ERR,ERR,ERR,ERR,ERR,ERR,ERR,ERR,ERR,ERR,ERR,ERR,ERR,ERR,ERR,2.718430741444032e+23,2.7184312818759872e+23,0.0,0.0,0.0,1.3936040501711995e+18,7.805,0.0,0,0,4,0,7116,0.0,100,0.0,0.0,0.0,0.0,0.0,0,0,0,0,0.0,0,0,0,0,0,0,0,0,0,0,0,0,0,0,0,0,0,0,0,0,0,0,0,0,0,0,0,0,0,0,0,0,0,31,40,40,71,65476,0,300,0,0,8,21553,0.0,-107605600.0,0.0,0.0,0.0,0.0,0.0,0.0,0.0,0.0,0.0,0.0,0.0,0.0,0.0,0.0,0.0,0.0,0.0,0.0,0.0,0.0,0.0,-2.004,-2.004,0.0,0.0,0.0,0.0,0.0,6215.0,-2.4229988572865756e+24,6941.0,2.718430741444032e+23,2.7184312818759872e+23,-0.0,2.718430741444032e+23,0.0,0.0,0.0,0.0,69,-0.0,5.848075094059207e+35,0.0,0.0,0.0,0.0,0.0,0.0,0.0,0,0,0,0.0,0.0,0.0,0.0,0.0,0.0,0.0,0.0,0.0,0.0,0.0,0.0,0.0,0.0,0.0,0.0,0,-107875648.0,69,0.0,138,0.0,-109447200.0,0,13107,17040,26215,17049,13107,17043,0,0,0,70,68,100,2.7302359370752657e+23,71.2,2.7302370179391762e+23,74.2,2.7302370179391762e+23,74.0,1,49,50,180,13107,52429,0,0,0.0,0.0,0.0,0.0,-0.0,67.0,0.0,162057.094,0.0,751,0,739,0,0,0,721,0,767,0,736,0,743,0,742,0,712,0,7520,0.032,108447924224.0,0.0,0.0,784,16797,-0.0,162057.094,-114818.039,-0.0,0.133,6.909358625270745e+28,30.0,65.0,35,0.0,0.0,0.0,0.0,0.0,0.0,0.0,0.0,0.0,0.0,0.0,0.0,0.0,0.0,0.0,0.0,69.2,0,150,71,55,65476,0,300,0,1,8,20529,65476,0,0,40632,65.0,0.0,0.0,0.0,0.0,0.0
2026-09-04T20:15:32,ERR,ERR,ERR,ERR,ERR,ERR,ERR,ERR,ERR,ERR,ERR,ERR,ERR,ERR,ERR,ERR,ERR,ERR,ERR,ERR,ERR,ERR,ERR,ERR,ERR,ERR,ERR,ERR,ERR,ERR,ERR,ERR,ERR,ERR,ERR,ERR,ERR,ERR,ERR,ERR,ERR,ERR,ERR,ERR,ERR,ERR,ERR,ERR,ERR,ERR,ERR,ERR,ERR,ERR,ERR,ERR,ERR,ERR,ERR,ERR,ERR,ERR,ERR,ERR,ERR,ERR,ERR,ERR,ERR,ERR,ERR,ERR,ERR,ERR,ERR,ERR,ERR,ERR,ERR,ERR,ERR,ERR,ERR,ERR,ERR,ERR,ERR,ERR,ERR,ERR,ERR,ERR,ERR,ERR,ERR,ERR,ERR,ERR,ERR,ERR,ERR,ERR,ERR,ERR,ERR,ERR,ERR,ERR,ERR,ERR,ERR,ERR,ERR,ERR,ERR,ERR,ERR,ERR,ERR,ERR,ERR,ERR,ERR,ERR,ERR,2.718430741444032e+23,2.7184312818759872e+23,0.0,0.0,0.0,1.3936040501711995e+18,7.805,0.0,0,0,4,0,7116,0.0,100,0.0,0.0,0.0,0.0,0.0,0,0,0,0,0.0,0,0,0,0,0,0,0,0,0,0,0,0,0,0,0,0,0,0,0,0,0,0,0,0,0,0,0,0,0,0,0,0,0,31,40,40,71,65476,0,300,0,0,8,21553,0.0,-107605600.0,0.0,0.0,0.0,0.0,0.0,0.0,0.0,0.0,0.0,0.0,0.0,0.0,0.0,0.0,0.0,0.0,0.0,0.0,0.0,0.0,0.0,-2.004,-2.004,0.0,0.0,0.0,0.0,0.0,6215.0,-2.4229988572865756e+24,6941.0,2.718430741444032e+23,2.7184312818759872e+23,-0.0,2.718430741444032e+23,0.0,0.0,0.0,0.0,69,-0.0,5.848075094059207e+35,0.0,0.0,0.0,0.0,0.0,0.0,0.0,0,0,0,0.0,0.0,0.0,0.0,0.0,0.0,0.0,0.0,0.0,0.0,0.0,0.0,0.0,0.0,0.0,0.0,0,-107875648.0,69,0.0,138,0.0,-109447200.0,0,13107,17040,26215,17049,13107,17043,0,0,0,70,68,100,2.7302359370752657e+23,71.2,2.7302370179391762e+23,74.2,2.7302370179391762e+23,74.0,1,49,50,180,13107,52429,0,0,0.0,0.0,0.0,0.0,-0.0,67.0,0.0,162057.094,0.0,751,0,739,0,0,0,721,0,767,0,737,0,742,0,742,0,712,0,7520,0.032,107911053312.0,0.0,0.0,784,16797,-0.0,162057.094,-114818.039,-0.0,0.133,6.909358625270745e+28,30.0,65.0,35,0.0,0.0,0.0,0.0,0.0,0.0,0.0,0.0,0.0,0.0,0.0,0.0,0.0,0.0,0.0,0.0,69.2,0,150,71,55,65476,0,300,0,1,8,20529,65476,0,0,40632,65.0,0.0,0.0,0.0,0.0,0.0
2026-09-04T20:15:33,ERR,ERR,ERR,ERR,ERR,ERR,ERR,ERR,ERR,ERR,ERR,ERR,ERR,ERR,ERR,ERR,ERR,ERR,ERR,ERR,ERR,ERR,ERR,ERR,ERR,ERR,ERR,ERR,ERR,ERR,ERR,ERR,ERR,ERR,ERR,ERR,ERR,ERR,ERR,ERR,ERR,ERR,ERR,ERR,ERR,ERR,ERR,ERR,ERR,ERR,ERR,ERR,ERR,ERR,ERR,ERR,ERR,ERR,ERR,ERR,ERR,ERR,ERR,ERR,ERR,ERR,ERR,ERR,ERR,ERR,ERR,ERR,ERR,ERR,ERR,ERR,ERR,ERR,ERR,ERR,ERR,ERR,ERR,ERR,ERR,ERR,ERR,ERR,ERR,ERR,ERR,ERR,ERR,ERR,ERR,ERR,ERR,ERR,ERR,ERR,ERR,ERR,ERR,ERR,ERR,ERR,ERR,ERR,ERR,ERR,ERR,ERR,ERR,ERR,ERR,ERR,ERR,ERR,ERR,ERR,ERR,ERR,ERR,ERR,ERR,2.718430741444032e+23,2.7184312818759872e+23,0.0,0.0,0.0,1.3936040501711995e+18,7.805,0.0,0,0,4,0,7116,0.0,100,0.0,0.0,0.0,0.0,0.0,0,0,0,0,0.0,0,0,0,0,0,0,0,0,0,0,0,0,0,0,0,0,0,0,0,0,0,0,0,0,0,0,0,0,0,0,0,0,0,31,40,40,71,65476,0,300,0,0,8,21553,0.0,-107605600.0,0.0,0.0,0.0,0.0,0.0,0.0,0.0,0.0,0.0,0.0,0.0,0.0,0.0,0.0,0.0,0.0,0.0,0.0,0.0,0.0,0.0,-2.004,-2.004,0.0,0.0,0.0,0.0,0.0,6215.0,-2.4229988572865756e+24,6941.0,2.718430741444032e+23,2.7184312818759872e+23,-0.0,2.718430741444032e+23,0.0,0.0,0.0,0.0,69,-0.0,5.848075094059207e+35,0.0,0.0,0.0,0.0,0.0,0.0,0.0,0,0,0,0.0,0.0,0.0,0.0,0.0,0.0,0.0,0.0,0.0,0.0,0.0,0.0,0.0,0.0,0.0,0.0,0,-107875648.0,69,0.0,138,0.0,-109447200.0,0,13107,17040,26215,17049,13107,17043,0,0,0,70,68,100,2.7302359370752657e+23,71.2,2.7302370179391762e+23,74.2,2.7302370179391762e+23,74.0,1,49,50,180,13107,52429,0,0,0.0,0.0,0.0,0.0,-0.0,67.0,0.0,162057.094,0.0,751,0,739,0,0,0,721,0,767,0,737,0,742,0,742,0,712,0,7520,0.032,107911053312.0,0.0,0.0,784,16797,-0.0,162057.094,-114818.039,-0.0,0.133,6.909358625270745e+28,30.0,65.0,35,0.0,0.0,0.0,0.0,0.0,0.0,0.0,0.0,0.0,0.0,0.0,0.0,0.0,0.0,0.0,0.0,69.2,0,150,71,55,65476,0,300,0,1,8,20529,65476,0,0,40632,65.0,0.0,0.0,0.0,0.0,0.0
2026-09-04T20:15:34,ERR,ERR,ERR,ERR,ERR,ERR,ERR,ERR,ERR,ERR,ERR,ERR,ERR,ERR,ERR,ERR,ERR,ERR,ERR,ERR,ERR,ERR,ERR,ERR,ERR,ERR,ERR,ERR,ERR,ERR,ERR,ERR,ERR,ERR,ERR,ERR,ERR,ERR,ERR,ERR,ERR,ERR,ERR,ERR,ERR,ERR,ERR,ERR,ERR,ERR,ERR,ERR,ERR,ERR,ERR,ERR,ERR,ERR,ERR,ERR,ERR,ERR,ERR,ERR,ERR,ERR,ERR,ERR,ERR,ERR,ERR,ERR,ERR,ERR,ERR,ERR,ERR,ERR,ERR,ERR,ERR,ERR,ERR,ERR,ERR,ERR,ERR,ERR,ERR,ERR,ERR,ERR,ERR,ERR,ERR,ERR,ERR,ERR,ERR,ERR,ERR,ERR,ERR,ERR,ERR,ERR,ERR,ERR,ERR,ERR,ERR,ERR,ERR,ERR,ERR,ERR,ERR,ERR,ERR,ERR,ERR,ERR,ERR,ERR,ERR,2.718430741444032e+23,2.7184312818759872e+23,0.0,0.0,0.0,1.3936040501711995e+18,7.805,0.0,0,0,4,0,7116,0.0,100,0.0,0.0,0.0,0.0,0.0,0,0,0,0,0.0,0,0,0,0,0,0,0,0,0,0,0,0,0,0,0,0,0,0,0,0,0,0,0,0,0,0,0,0,0,0,0,0,0,31,40,40,71,65476,0,300,0,0,8,21553,0.0,-107605600.0,0.0,0.0,0.0,0.0,0.0,0.0,0.0,0.0,0.0,0.0,0.0,0.0,0.0,0.0,0.0,0.0,0.0,0.0,0.0,0.0,0.0,-2.004,-2.004,0.0,0.0,0.0,0.0,0.0,6215.0,-2.4229988572865756e+24,6941.0,2.718430741444032e+23,2.7184312818759872e+23,-0.0,2.718430741444032e+23,0.0,0.0,0.0,0.0,69,-0.0,5.848075094059207e+35,0.0,0.0,0.0,0.0,0.0,0.0,0.0,0,0,0,0.0,0.0,0.0,0.0,0.0,0.0,0.0,0.0,0.0,0.0,0.0,0.0,0.0,0.0,0.0,0.0,0,-107875648.0,69,0.0,138,0.0,-109447200.0,0,13107,17040,26215,17049,13107,17043,0,0,0,70,68,100,2.7302359370752657e+23,71.2,2.7302370179391762e+23,74.2,2.7302370179391762e+23,74.0,1,49,50,180,13107,52429,0,0,0.0,0.0,0.0,0.0,-0.0,67.0,0.0,162057.094,0.0,751,0,739,0,0,0,721,0,767,0,737,0,742,0,742,0,712,0,7520,0.032,107911053312.0,0.0,0.0,784,16797,-0.0,162057.094,-114818.039,-0.0,0.133,6.909358625270745e+28,30.0,65.0,35,0.0,0.0,0.0,0.0,0.0,0.0,0.0,0.0,0.0,0.0,0.0,0.0,0.0,0.0,0.0,0.0,69.2,0,150,71,55,65476,0,300,0,1,8,20529,65476,0,0,40632,65.0,0.0,0.0,0.0,0.0,0.0
2026-09-04T20:15:35,ERR,ERR,ERR,ERR,ERR,ERR,ERR,ERR,ERR,ERR,ERR,ERR,ERR,ERR,ERR,ERR,ERR,ERR,ERR,ERR,ERR,ERR,ERR,ERR,ERR,ERR,ERR,ERR,ERR,ERR,ERR,ERR,ERR,ERR,ERR,ERR,ERR,ERR,ERR,ERR,ERR,ERR,ERR,ERR,ERR,ERR,ERR,ERR,ERR,ERR,ERR,ERR,ERR,ERR,ERR,ERR,ERR,ERR,ERR,ERR,ERR,ERR,ERR,ERR,ERR,ERR,ERR,ERR,ERR,ERR,ERR,ERR,ERR,ERR,ERR,ERR,ERR,ERR,ERR,ERR,ERR,ERR,ERR,ERR,ERR,ERR,ERR,ERR,ERR,ERR,ERR,ERR,ERR,ERR,ERR,ERR,ERR,ERR,ERR,ERR,ERR,ERR,ERR,ERR,ERR,ERR,ERR,ERR,ERR,ERR,ERR,ERR,ERR,ERR,ERR,ERR,ERR,ERR,ERR,ERR,ERR,ERR,ERR,ERR,ERR,2.718430741444032e+23,2.7184312818759872e+23,0.0,0.0,0.0,1.3936040501711995e+18,7.805,0.0,0,0,4,0,7116,0.0,100,0.0,0.0,0.0,0.0,0.0,0,0,0,0,0.0,0,0,0,0,0,0,0,0,0,0,0,0,0,0,0,0,0,0,0,0,0,0,0,0,0,0,0,0,0,0,0,0,0,31,40,40,71,65476,0,300,0,0,8,21553,0.0,-107605600.0,0.0,0.0,0.0,0.0,0.0,0.0,0.0,0.0,0.0,0.0,0.0,0.0,0.0,0.0,0.0,0.0,0.0,0.0,0.0,0.0,0.0,-2.004,-2.004,0.0,0.0,0.0,0.0,0.0,6215.0,-2.4229988572865756e+24,6941.0,2.718430741444032e+23,2.7184312818759872e+23,-0.0,2.718430741444032e+23,0.0,0.0,0.0,0.0,69,-0.0,5.848075094059207e+35,0.0,0.0,0.0,0.0,0.0,0.0,0.0,0,0,0,0.0,0.0,0.0,0.0,0.0,0.0,0.0,0.0,0.0,0.0,0.0,0.0,0.0,0.0,0.0,0.0,0,-107875648.0,69,0.0,138,0.0,-109447200.0,0,13107,17040,26215,17049,13107,17043,0,0,0,70,68,100,2.7302359370752657e+23,71.2,2.7302370179391762e+23,74.2,2.7302370179391762e+23,74.0,1,49,50,180,13107,52429,0,0,0.0,0.0,0.0,0.0,-0.0,67.0,0.0,162057.094,0.0,751,0,739,0,0,0,721,0,767,0,737,0,742,0,742,0,712,0,7520,0.032,107911053312.0,0.0,0.0,784,16797,-0.0,162057.094,-114818.039,-0.0,0.133,6.909358625270745e+28,30.0,65.0,35,0.0,0.0,0.0,0.0,0.0,0.0,0.0,0.0,0.0,0.0,0.0,0.0,0.0,0.0,0.0,0.0,69.2,0,150,71,55,65476,0,300,0,1,8,20529,65476,0,0,40632,65.0,0.0,0.0,0.0,0.0,0.0
2026-09-04T20:15:36,ERR,ERR,ERR,ERR,ERR,ERR,ERR,ERR,ERR,ERR,ERR,ERR,ERR,ERR,ERR,ERR,ERR,ERR,ERR,ERR,ERR,ERR,ERR,ERR,ERR,ERR,ERR,ERR,ERR,ERR,ERR,ERR,ERR,ERR,ERR,ERR,ERR,ERR,ERR,ERR,ERR,ERR,ERR,ERR,ERR,ERR,ERR,ERR,ERR,ERR,ERR,ERR,ERR,ERR,ERR,ERR,ERR,ERR,ERR,ERR,ERR,ERR,ERR,ERR,ERR,ERR,ERR,ERR,ERR,ERR,ERR,ERR,ERR,ERR,ERR,ERR,ERR,ERR,ERR,ERR,ERR,ERR,ERR,ERR,ERR,ERR,ERR,ERR,ERR,ERR,ERR,ERR,ERR,ERR,ERR,ERR,ERR,ERR,ERR,ERR,ERR,ERR,ERR,ERR,ERR,ERR,ERR,ERR,ERR,ERR,ERR,ERR,ERR,ERR,ERR,ERR,ERR,ERR,ERR,ERR,ERR,ERR,ERR,ERR,ERR,2.718430741444032e+23,2.7184312818759872e+23,0.0,0.0,0.0,1.3936040501711995e+18,7.805,0.0,0,0,4,0,7116,0.0,100,0.0,0.0,0.0,0.0,0.0,0,0,0,0,0.0,0,0,0,0,0,0,0,0,0,0,0,0,0,0,0,0,0,0,0,0,0,0,0,0,0,0,0,0,0,0,0,0,0,31,40,40,71,65476,0,300,0,0,8,21553,0.0,-107605600.0,0.0,0.0,0.0,0.0,0.0,0.0,0.0,0.0,0.0,0.0,0.0,0.0,0.0,0.0,0.0,0.0,0.0,0.0,0.0,0.0,0.0,-2.004,-2.004,0.0,0.0,0.0,0.0,0.0,6215.0,-2.4229988572865756e+24,6941.0,2.718430741444032e+23,2.7184312818759872e+23,-0.0,2.718430741444032e+23,0.0,0.0,0.0,0.0,69,-0.0,5.848075094059207e+35,0.0,0.0,0.0,0.0,0.0,0.0,0.0,0,0,0,0.0,0.0,0.0,0.0,0.0,0.0,0.0,0.0,0.0,0.0,0.0,0.0,0.0,0.0,0.0,0.0,0,-107875648.0,69,0.0,138,0.0,-109447200.0,0,13107,17040,26215,17049,13107,17043,0,0,0,70,68,100,2.7302359370752657e+23,71.2,2.7302370179391762e+23,74.2,2.7302370179391762e+23,74.0,1,49,50,180,13107,52429,0,0,0.0,0.0,0.0,0.0,-0.0,67.0,0.0,162057.094,0.0,751,0,739,0,0,0,721,0,767,0,737,0,742,0,742,0,712,0,7520,0.032,107911053312.0,0.0,0.0,784,16797,-0.0,162057.094,-114818.039,-0.0,0.133,6.909358625270745e+28,30.0,65.0,35,0.0,0.0,0.0,0.0,0.0,0.0,0.0,0.0,0.0,0.0,0.0,0.0,0.0,0.0,0.0,0.0,69.2,0,150,71,55,65476,0,300,0,1,8,20529,65476,0,0,40632,65.0,0.0,0.0,0.0,0.0,0.0
2026-09-04T20:15:37,ERR,ERR,ERR,ERR,ERR,ERR,ERR,ERR,ERR,ERR,ERR,ERR,ERR,ERR,ERR,ERR,ERR,ERR,ERR,ERR,ERR,ERR,ERR,ERR,ERR,ERR,ERR,ERR,ERR,ERR,ERR,ERR,ERR,ERR,ERR,ERR,ERR,ERR,ERR,ERR,ERR,ERR,ERR,ERR,ERR,ERR,ERR,ERR,ERR,ERR,ERR,ERR,ERR,ERR,ERR,ERR,ERR,ERR,ERR,ERR,ERR,ERR,ERR,ERR,ERR,ERR,ERR,ERR,ERR,ERR,ERR,ERR,ERR,ERR,ERR,ERR,ERR,ERR,ERR,ERR,ERR,ERR,ERR,ERR,ERR,ERR,ERR,ERR,ERR,ERR,ERR,ERR,ERR,ERR,ERR,ERR,ERR,ERR,ERR,ERR,ERR,ERR,ERR,ERR,ERR,ERR,ERR,ERR,ERR,ERR,ERR,ERR,ERR,ERR,ERR,ERR,ERR,ERR,ERR,ERR,ERR,ERR,ERR,ERR,ERR,2.718430741444032e+23,2.7184312818759872e+23,0.0,0.0,0.0,1.3936040501711995e+18,7.805,0.0,0,0,4,0,7116,0.0,100,0.0,0.0,0.0,0.0,0.0,0,0,0,0,0.0,0,0,0,0,0,0,0,0,0,0,0,0,0,0,0,0,0,0,0,0,0,0,0,0,0,0,0,0,0,0,0,0,0,31,40,40,71,65476,0,300,0,0,8,21553,0.0,-107605600.0,0.0,0.0,0.0,0.0,0.0,0.0,0.0,0.0,0.0,0.0,0.0,0.0,-2.596148429267414e+33,0.0,0.0,0.0,0.0,0.0,0.0,0.0,0.0,-2.004,-2.004,0.0,0.0,0.0,0.0,0.0,6250.0,0.0,6918.0,2.718430741444032e+23,2.7184312818759872e+23,-0.0,2.718430741444032e+23,0.0,0.0,0.0,0.0,69,-0.0,-152018102517760.0,0.0,0.0,0.0,0.0,0.0,0.0,0.0,0,0,0,0.0,0.0,0.0,0.0,0.0,0.0,0.0,0.0,0.0,0.0,0.0,0.0,0.0,0.0,0.0,0.0,0,-107875648.0,69,0.0,138,0.0,-109447200.0,0,13107,17040,26215,17049,13107,17043,0,0,0,70,68,100,2.7302359370752657e+23,71.2,2.7302370179391762e+23,74.2,2.7302370179391762e+23,74.0,1,49,50,180,13107,52429,0,0,0.0,0.0,0.0,0.0,-0.0,67.0,0.0,162057.094,0.0,751,0,739,0,0,0,721,0,767,0,736,0,742,0,742,0,712,0,7520,0.032,90731184128.0,0.0,0.0,784,16797,-0.0,162057.094,-114818.039,-0.0,0.133,6.909358625270745e+28,30.0,65.0,35,0.0,0.0,0.0,0.0,0.0,0.0,0.0,0.0,0.0,0.0,0.0,0.0,0.0,0.0,0.0,0.0,69.2,0,150,71,55,65476,0,300,0,1,8,20529,65476,0,0,40632,65.0,0.0,0.0,0.0,0.0,0.0
2026-09-04T20:15:38,ERR,ERR,ERR,ERR,ERR,ERR,ERR,ERR,ERR,ERR,ERR,ERR,ERR,ERR,ERR,ERR,ERR,ERR,ERR,ERR,ERR,ERR,ERR,ERR,ERR,ERR,ERR,ERR,ERR,ERR,ERR,ERR,ERR,ERR,ERR,ERR,ERR,ERR,ERR,ERR,ERR,ERR,ERR,ERR,ERR,ERR,ERR,ERR,ERR,ERR,ERR,ERR,ERR,ERR,ERR,ERR,ERR,ERR,ERR,ERR,ERR,ERR,ERR,ERR,ERR,ERR,ERR,ERR,ERR,ERR,ERR,ERR,ERR,ERR,ERR,ERR,ERR,ERR,ERR,ERR,ERR,ERR,ERR,ERR,ERR,ERR,ERR,ERR,ERR,ERR,ERR,ERR,ERR,ERR,ERR,ERR,ERR,ERR,ERR,ERR,ERR,ERR,ERR,ERR,ERR,ERR,ERR,ERR,ERR,ERR,ERR,ERR,ERR,ERR,ERR,ERR,ERR,ERR,ERR,ERR,ERR,ERR,ERR,ERR,ERR,2.718430741444032e+23,2.7184312818759872e+23,0.0,0.0,0.0,1.3936040501711995e+18,7.805,0.0,0,0,4,0,7116,0.0,100,0.0,0.0,0.0,0.0,0.0,0,0,0,0,0.0,0,0,0,0,0,0,0,0,0,0,0,0,0,0,0,0,0,0,0,0,0,0,0,0,0,0,0,0,0,0,0,0,0,31,40,40,71,65476,0,300,0,0,8,21553,0.0,-107605600.0,0.0,0.0,0.0,0.0,0.0,0.0,0.0,0.0,0.0,0.0,0.0,0.0,-2.596148429267414e+33,0.0,0.0,0.0,0.0,0.0,0.0,0.0,0.0,-2.004,-2.004,0.0,0.0,0.0,0.0,0.0,6250.0,0.0,6918.0,2.718430741444032e+23,2.7184312818759872e+23,-0.0,2.718430741444032e+23,0.0,0.0,0.0,0.0,69,-0.0,-152018102517760.0,0.0,0.0,0.0,0.0,0.0,0.0,0.0,0,0,0,0.0,0.0,0.0,0.0,0.0,0.0,0.0,0.0,0.0,0.0,0.0,0.0,0.0,0.0,0.0,0.0,0,-107875648.0,69,0.0,138,0.0,-109447200.0,0,13107,17040,26215,17049,13107,17043,0,0,0,70,68,100,2.7302359370752657e+23,71.2,2.7302370179391762e+23,74.2,2.7302370179391762e+23,74.0,1,49,50,180,13107,52429,0,0,0.0,0.0,0.0,0.0,-0.0,67.0,0.0,162057.094,0.0,751,0,739,0,0,0,721,0,767,0,736,0,742,0,742,0,712,0,7520,0.032,90731184128.0,0.0,0.0,784,16797,-0.0,162057.094,-114818.039,-0.0,0.133,6.909358625270745e+28,30.0,65.0,35,0.0,0.0,0.0,0.0,0.0,0.0,0.0,0.0,0.0,0.0,0.0,0.0,0.0,0.0,0.0,0.0,69.2,0,150,71,55,65476,0,300,0,1,8,20529,65476,0,0,40632,65.0,0.0,0.0,0.0,0.0,0.0
2026-09-04T20:15:39,ERR,ERR,ERR,ERR,ERR,ERR,ERR,ERR,ERR,ERR,ERR,ERR,ERR,ERR,ERR,ERR,ERR,ERR,ERR,ERR,ERR,ERR,ERR,ERR,ERR,ERR,ERR,ERR,ERR,ERR,ERR,ERR,ERR,ERR,ERR,ERR,ERR,ERR,ERR,ERR,ERR,ERR,ERR,ERR,ERR,ERR,ERR,ERR,ERR,ERR,ERR,ERR,ERR,ERR,ERR,ERR,ERR,ERR,ERR,ERR,ERR,ERR,ERR,ERR,ERR,ERR,ERR,ERR,ERR,ERR,ERR,ERR,ERR,ERR,ERR,ERR,ERR,ERR,ERR,ERR,ERR,ERR,ERR,ERR,ERR,ERR,ERR,ERR,ERR,ERR,ERR,ERR,ERR,ERR,ERR,ERR,ERR,ERR,ERR,ERR,ERR,ERR,ERR,ERR,ERR,ERR,ERR,ERR,ERR,ERR,ERR,ERR,ERR,ERR,ERR,ERR,ERR,ERR,ERR,ERR,ERR,ERR,ERR,ERR,ERR,2.718430741444032e+23,2.7184312818759872e+23,0.0,0.0,0.0,1.3936040501711995e+18,7.805,0.0,0,0,4,0,7116,0.0,100,0.0,0.0,0.0,0.0,0.0,0,0,0,0,0.0,0,0,0,0,0,0,0,0,0,0,0,0,0,0,0,0,0,0,0,0,0,0,0,0,0,0,0,0,0,0,0,0,0,31,40,40,71,65476,0,300,0,0,8,21553,0.0,-107605600.0,0.0,0.0,0.0,0.0,0.0,0.0,0.0,0.0,0.0,0.0,0.0,0.0,-2.596148429267414e+33,0.0,0.0,0.0,0.0,0.0,0.0,0.0,0.0,-2.004,-2.004,0.0,0.0,0.0,0.0,0.0,6250.0,0.0,6918.0,2.718430741444032e+23,2.7184312818759872e+23,-0.0,2.718430741444032e+23,0.0,0.0,0.0,0.0,69,-0.0,-152018102517760.0,0.0,0.0,0.0,0.0,0.0,0.0,0.0,0,0,0,0.0,0.0,0.0,0.0,0.0,0.0,0.0,0.0,0.0,0.0,0.0,0.0,0.0,0.0,0.0,0.0,0,-107875648.0,69,0.0,138,0.0,-109447200.0,0,13107,17040,26215,17049,13107,17043,0,0,0,70,68,100,2.7302359370752657e+23,71.2,2.7302370179391762e+23,74.2,2.7302370179391762e+23,74.0,1,49,50,180,13107,52429,0,0,0.0,0.0,0.0,0.0,-0.0,67.0,0.0,162057.094,0.0,751,0,739,0,0,0,721,0,767,0,736,0,742,0,742,0,712,0,7520,0.032,90731184128.0,0.0,0.0,784,16797,-0.0,162057.094,-114818.039,-0.0,0.133,6.909358625270745e+28,30.0,65.0,35,0.0,0.0,0.0,0.0,0.0,0.0,0.0,0.0,0.0,0.0,0.0,0.0,0.0,0.0,0.0,0.0,69.2,0,150,71,55,65476,0,300,0,1,8,20529,65476,0,0,40632,65.0,0.0,0.0,0.0,0.0,0.0
2026-09-04T20:15:40,ERR,ERR,ERR,ERR,ERR,ERR,ERR,ERR,ERR,ERR,ERR,ERR,ERR,ERR,ERR,ERR,ERR,ERR,ERR,ERR,ERR,ERR,ERR,ERR,ERR,ERR,ERR,ERR,ERR,ERR,ERR,ERR,ERR,ERR,ERR,ERR,ERR,ERR,ERR,ERR,ERR,ERR,ERR,ERR,ERR,ERR,ERR,ERR,ERR,ERR,ERR,ERR,ERR,ERR,ERR,ERR,ERR,ERR,ERR,ERR,ERR,ERR,ERR,ERR,ERR,ERR,ERR,ERR,ERR,ERR,ERR,ERR,ERR,ERR,ERR,ERR,ERR,ERR,ERR,ERR,ERR,ERR,ERR,ERR,ERR,ERR,ERR,ERR,ERR,ERR,ERR,ERR,ERR,ERR,ERR,ERR,ERR,ERR,ERR,ERR,ERR,ERR,ERR,ERR,ERR,ERR,ERR,ERR,ERR,ERR,ERR,ERR,ERR,ERR,ERR,ERR,ERR,ERR,ERR,ERR,ERR,ERR,ERR,ERR,ERR,2.718430741444032e+23,2.7184312818759872e+23,0.0,0.0,0.0,1.3936040501711995e+18,7.805,0.0,0,0,4,0,7116,0.0,100,0.0,0.0,0.0,0.0,0.0,0,0,0,0,0.0,0,0,0,0,0,0,0,0,0,0,0,0,0,0,0,0,0,0,0,0,0,0,0,0,0,0,0,0,0,0,0,0,0,31,40,40,71,65476,0,300,0,0,8,21553,0.0,-107605600.0,0.0,0.0,0.0,0.0,0.0,0.0,0.0,0.0,0.0,0.0,0.0,0.0,-2.596148429267414e+33,0.0,0.0,0.0,0.0,0.0,0.0,0.0,0.0,-2.004,-2.004,0.0,0.0,0.0,0.0,0.0,6250.0,0.0,6918.0,2.718430741444032e+23,2.7184312818759872e+23,-0.0,2.718430741444032e+23,0.0,0.0,0.0,0.0,69,-0.0,-152018102517760.0,0.0,0.0,0.0,0.0,0.0,0.0,0.0,0,0,0,0.0,0.0,0.0,0.0,0.0,0.0,0.0,0.0,0.0,0.0,0.0,0.0,0.0,0.0,0.0,0.0,0,-107875648.0,69,0.0,138,0.0,-109447200.0,0,13107,17040,26215,17049,13107,17043,0,0,0,70,68,100,2.7302359370752657e+23,71.2,2.7302370179391762e+23,74.2,2.7302370179391762e+23,74.0,1,49,50,180,13107,52429,0,0,0.0,0.0,0.0,0.0,-0.0,67.0,0.0,162057.094,0.0,751,0,739,0,0,0,721,0,767,0,736,0,742,0,742,0,712,0,7520,0.032,90731184128.0,0.0,0.0,784,16797,-0.0,162057.094,-114818.039,-0.0,0.133,6.909358625270745e+28,30.0,65.0,35,0.0,0.0,0.0,0.0,0.0,0.0,0.0,0.0,0.0,0.0,0.0,0.0,0.0,0.0,0.0,0.0,69.2,0,150,71,55,65476,0,300,0,1,8,20529,65476,0,0,40632,65.0,0.0,0.0,0.0,0.0,0.0
2026-09-04T20:15:41,ERR,ERR,ERR,ERR,ERR,ERR,ERR,ERR,ERR,ERR,ERR,ERR,ERR,ERR,ERR,ERR,ERR,ERR,ERR,ERR,ERR,ERR,ERR,ERR,ERR,ERR,ERR,ERR,ERR,ERR,ERR,ERR,ERR,ERR,ERR,ERR,ERR,ERR,ERR,ERR,ERR,ERR,ERR,ERR,ERR,ERR,ERR,ERR,ERR,ERR,ERR,ERR,ERR,ERR,ERR,ERR,ERR,ERR,ERR,ERR,ERR,ERR,ERR,ERR,ERR,ERR,ERR,ERR,ERR,ERR,ERR,ERR,ERR,ERR,ERR,ERR,ERR,ERR,ERR,ERR,ERR,ERR,ERR,ERR,ERR,ERR,ERR,ERR,ERR,ERR,ERR,ERR,ERR,ERR,ERR,ERR,ERR,ERR,ERR,ERR,ERR,ERR,ERR,ERR,ERR,ERR,ERR,ERR,ERR,ERR,ERR,ERR,ERR,ERR,ERR,ERR,ERR,ERR,ERR,ERR,ERR,ERR,ERR,ERR,ERR,2.718430741444032e+23,2.7184312818759872e+23,0.0,0.0,0.0,1.3936040501711995e+18,7.805,0.0,0,0,4,0,7116,0.0,100,0.0,0.0,0.0,0.0,0.0,0,0,0,0,0.0,0,0,0,0,0,0,0,0,0,0,0,0,0,0,0,0,0,0,0,0,0,0,0,0,0,0,0,0,0,0,0,0,0,31,40,40,71,65476,0,300,0,0,8,21553,0.0,-107605600.0,0.0,0.0,0.0,0.0,0.0,0.0,0.0,0.0,0.0,0.0,0.0,0.0,-2.596148429267414e+33,0.0,0.0,0.0,0.0,0.0,0.0,0.0,0.0,-2.004,-2.004,0.0,0.0,0.0,0.0,0.0,6250.0,0.0,6918.0,2.718430741444032e+23,2.7184312818759872e+23,-0.0,2.718430741444032e+23,0.0,0.0,0.0,0.0,69,-0.0,-152018102517760.0,0.0,0.0,0.0,0.0,0.0,0.0,0.0,0,0,0,0.0,0.0,0.0,0.0,0.0,0.0,0.0,0.0,0.0,0.0,0.0,0.0,0.0,0.0,0.0,0.0,0,-107875648.0,69,0.0,138,0.0,-109447200.0,0,13107,17040,26215,17049,13107,17043,0,0,0,70,68,100,2.7302359370752657e+23,71.2,2.7302370179391762e+23,74.2,2.7302370179391762e+23,74.0,1,49,50,180,13107,52429,0,0,0.0,0.0,0.0,0.0,-0.0,67.0,0.0,162057.094,0.0,751,0,739,0,0,0,721,0,767,0,736,0,742,0,742,0,712,0,7520,0.032,90731184128.0,0.0,0.0,784,16797,-0.0,162057.094,-114818.039,-0.0,0.133,6.909358625270745e+28,30.0,65.0,35,0.0,0.0,0.0,0.0,0.0,0.0,0.0,0.0,0.0,0.0,0.0,0.0,0.0,0.0,0.0,0.0,69.2,0,150,71,55,65476,0,300,0,1,8,20529,65476,0,0,40632,65.0,0.0,0.0,0.0,0.0,0.0
2026-09-04T20:15:42,ERR,ERR,ERR,ERR,ERR,ERR,ERR,ERR,ERR,ERR,ERR,ERR,ERR,ERR,ERR,ERR,ERR,ERR,ERR,ERR,ERR,ERR,ERR,ERR,ERR,ERR,ERR,ERR,ERR,ERR,ERR,ERR,ERR,ERR,ERR,ERR,ERR,ERR,ERR,ERR,ERR,ERR,ERR,ERR,ERR,ERR,ERR,ERR,ERR,ERR,ERR,ERR,ERR,ERR,ERR,ERR,ERR,ERR,ERR,ERR,ERR,ERR,ERR,ERR,ERR,ERR,ERR,ERR,ERR,ERR,ERR,ERR,ERR,ERR,ERR,ERR,ERR,ERR,ERR,ERR,ERR,ERR,ERR,ERR,ERR,ERR,ERR,ERR,ERR,ERR,ERR,ERR,ERR,ERR,ERR,ERR,ERR,ERR,ERR,ERR,ERR,ERR,ERR,ERR,ERR,ERR,ERR,ERR,ERR,ERR,ERR,ERR,ERR,ERR,ERR,ERR,ERR,ERR,ERR,ERR,ERR,ERR,ERR,ERR,ERR,2.718430741444032e+23,2.7184312818759872e+23,0.0,0.0,0.0,1.3936040501711995e+18,7.805,0.0,0,0,4,0,7116,0.0,100,0.0,0.0,0.0,0.0,0.0,0,0,0,0,0.0,0,0,0,0,0,0,0,0,0,0,0,0,0,0,0,0,0,0,0,0,0,0,0,0,0,0,0,0,0,0,0,0,0,31,40,40,71,65476,0,300,0,0,8,21553,0.0,-107605600.0,0.0,0.0,0.0,0.0,0.0,0.0,0.0,0.0,0.0,0.0,0.0,0.0,-2.596148429267414e+33,0.0,0.0,0.0,0.0,0.0,0.0,0.0,0.0,-2.004,-2.004,0.0,0.0,0.0,0.0,0.0,6250.0,0.0,6918.0,2.718430741444032e+23,2.7184312818759872e+23,-0.0,2.718430741444032e+23,0.0,0.0,0.0,0.0,69,-0.0,-152018102517760.0,0.0,0.0,0.0,0.0,0.0,0.0,0.0,0,0,0,0.0,0.0,0.0,0.0,0.0,0.0,0.0,0.0,0.0,0.0,0.0,0.0,0.0,0.0,0.0,0.0,0,-107875648.0,69,0.0,138,0.0,-109447200.0,0,13107,17040,26215,17049,13107,17043,0,0,0,70,68,100,2.7302359370752657e+23,71.2,2.7302370179391762e+23,74.2,2.7302370179391762e+23,74.0,1,49,50,180,13107,52429,0,0,0.0,0.0,0.0,0.0,-0.0,67.0,0.0,162057.094,0.0,751,0,740,0,0,0,721,0,767,0,736,0,742,0,742,0,712,0,7520,0.032,108447924224.0,0.0,0.0,784,16797,-0.0,162057.094,-114818.039,-0.0,0.133,6.909358625270745e+28,30.0,65.0,35,0.0,0.0,0.0,0.0,0.0,0.0,0.0,0.0,0.0,0.0,0.0,0.0,0.0,0.0,0.0,0.0,69.2,0,150,71,55,65476,0,300,0,1,8,20529,65476,0,0,40632,65.0,0.0,0.0,0.0,0.0,0.0
2026-09-04T20:15:43,ERR,ERR,ERR,ERR,ERR,ERR,ERR,ERR,ERR,ERR,ERR,ERR,ERR,ERR,ERR,ERR,ERR,ERR,ERR,ERR,ERR,ERR,ERR,ERR,ERR,ERR,ERR,ERR,ERR,ERR,ERR,ERR,ERR,ERR,ERR,ERR,ERR,ERR,ERR,ERR,ERR,ERR,ERR,ERR,ERR,ERR,ERR,ERR,ERR,ERR,ERR,ERR,ERR,ERR,ERR,ERR,ERR,ERR,ERR,ERR,ERR,ERR,ERR,ERR,ERR,ERR,ERR,ERR,ERR,ERR,ERR,ERR,ERR,ERR,ERR,ERR,ERR,ERR,ERR,ERR,ERR,ERR,ERR,ERR,ERR,ERR,ERR,ERR,ERR,ERR,ERR,ERR,ERR,ERR,ERR,ERR,ERR,ERR,ERR,ERR,ERR,ERR,ERR,ERR,ERR,ERR,ERR,ERR,ERR,ERR,ERR,ERR,ERR,ERR,ERR,ERR,ERR,ERR,ERR,ERR,ERR,ERR,ERR,ERR,ERR,2.718430741444032e+23,2.7184312818759872e+23,0.0,0.0,0.0,1.3936040501711995e+18,7.805,0.0,0,0,4,0,7116,0.0,100,0.0,0.0,0.0,0.0,0.0,0,0,0,0,0.0,0,0,0,0,0,0,0,0,0,0,0,0,0,0,0,0,0,0,0,0,0,0,0,0,0,0,0,0,0,0,0,0,0,31,40,40,71,65476,0,300,0,0,8,21553,0.0,-107605600.0,0.0,0.0,0.0,0.0,0.0,0.0,0.0,0.0,0.0,0.0,0.0,0.0,0.0,0.0,0.0,0.0,0.0,0.0,0.0,0.0,0.0,-2.004,-2.004,0.0,0.0,0.0,0.0,0.0,6208.0,-3.69720284620144e+19,6940.0,2.718430741444032e+23,2.7184312818759872e+23,-0.0,2.718430741444032e+23,0.0,0.0,0.0,0.0,69,4.950431692736863e+32,0.0,0.0,0.0,0.0,0.0,0.0,0.0,0.0,0,0,0,0.0,0.0,0.0,0.0,0.0,0.0,0.0,0.0,0.0,0.0,0.0,0.0,0.0,0.0,0.0,0.0,0,-107875648.0,69,0.0,138,0.0,-109447200.0,0,13107,17040,26215,17049,13107,17043,0,0,0,70,68,100,2.7302359370752657e+23,71.2,2.7302370179391762e+23,74.2,2.7302370179391762e+23,74.0,1,49,50,180,13107,52429,0,0,0.0,0.0,0.0,0.0,-0.0,67.0,0.0,162057.094,0.0,751,0,740,0,0,0,721,0,767,0,736,0,742,0,742,0,712,0,7520,0.032,108447924224.0,0.0,0.0,784,16797,-0.0,162057.094,-114818.039,-0.0,0.133,6.909358625270745e+28,30.0,65.0,35,0.0,0.0,0.0,0.0,0.0,0.0,0.0,0.0,0.0,0.0,0.0,0.0,0.0,0.0,0.0,0.0,69.2,0,150,71,55,65476,0,300,0,1,8,20529,65476,0,0,40632,65.0,0.0,0.0,0.0,0.0,0.0
2026-09-04T20:15:44,ERR,ERR,ERR,ERR,ERR,ERR,ERR,ERR,ERR,ERR,ERR,ERR,ERR,ERR,ERR,ERR,ERR,ERR,ERR,ERR,ERR,ERR,ERR,ERR,ERR,ERR,ERR,ERR,ERR,ERR,ERR,ERR,ERR,ERR,ERR,ERR,ERR,ERR,ERR,ERR,ERR,ERR,ERR,ERR,ERR,ERR,ERR,ERR,ERR,ERR,ERR,ERR,ERR,ERR,ERR,ERR,ERR,ERR,ERR,ERR,ERR,ERR,ERR,ERR,ERR,ERR,ERR,ERR,ERR,ERR,ERR,ERR,ERR,ERR,ERR,ERR,ERR,ERR,ERR,ERR,ERR,ERR,ERR,ERR,ERR,ERR,ERR,ERR,ERR,ERR,ERR,ERR,ERR,ERR,ERR,ERR,ERR,ERR,ERR,ERR,ERR,ERR,ERR,ERR,ERR,ERR,ERR,ERR,ERR,ERR,ERR,ERR,ERR,ERR,ERR,ERR,ERR,ERR,ERR,ERR,ERR,ERR,ERR,ERR,ERR,2.718430741444032e+23,2.7184312818759872e+23,0.0,0.0,0.0,1.3936040501711995e+18,7.805,0.0,0,0,4,0,7116,0.0,100,0.0,0.0,0.0,0.0,0.0,0,0,0,0,0.0,0,0,0,0,0,0,0,0,0,0,0,0,0,0,0,0,0,0,0,0,0,0,0,0,0,0,0,0,0,0,0,0,0,31,40,40,71,65476,0,300,0,0,8,21553,0.0,-107605600.0,0.0,0.0,0.0,0.0,0.0,0.0,0.0,0.0,0.0,0.0,0.0,0.0,0.0,0.0,0.0,0.0,0.0,0.0,0.0,0.0,0.0,-2.004,-2.004,0.0,0.0,0.0,0.0,0.0,6208.0,-3.69720284620144e+19,6940.0,2.718430741444032e+23,2.7184312818759872e+23,-0.0,2.718430741444032e+23,0.0,0.0,0.0,0.0,69,4.950431692736863e+32,0.0,0.0,0.0,0.0,0.0,0.0,0.0,0.0,0,0,0,0.0,0.0,0.0,0.0,0.0,0.0,0.0,0.0,0.0,0.0,0.0,0.0,0.0,0.0,0.0,0.0,0,-107875648.0,69,0.0,138,0.0,-109447200.0,0,13107,17040,26215,17049,13107,17043,0,0,0,70,68,100,2.7302359370752657e+23,71.2,2.7302370179391762e+23,74.2,2.7302370179391762e+23,74.0,1,49,50,180,13107,52429,0,0,0.0,0.0,0.0,0.0,-0.0,67.0,0.0,162057.094,0.0,751,0,740,0,0,0,721,0,767,0,736,0,742,0,742,0,712,0,7520,0.032,108447924224.0,0.0,0.0,784,16797,-0.0,162057.094,-114818.039,-0.0,0.133,6.909358625270745e+28,30.0,65.0,35,0.0,0.0,0.0,0.0,0.0,0.0,0.0,0.0,0.0,0.0,0.0,0.0,0.0,0.0,0.0,0.0,69.2,0,150,71,55,65476,0,300,0,1,8,20529,65476,0,0,40632,65.0,0.0,0.0,0.0,0.0,0.0
2026-09-04T20:15:45,ERR,ERR,ERR,ERR,ERR,ERR,ERR,ERR,ERR,ERR,ERR,ERR,ERR,ERR,ERR,ERR,ERR,ERR,ERR,ERR,ERR,ERR,ERR,ERR,ERR,ERR,ERR,ERR,ERR,ERR,ERR,ERR,ERR,ERR,ERR,ERR,ERR,ERR,ERR,ERR,ERR,ERR,ERR,ERR,ERR,ERR,ERR,ERR,ERR,ERR,ERR,ERR,ERR,ERR,ERR,ERR,ERR,ERR,ERR,ERR,ERR,ERR,ERR,ERR,ERR,ERR,ERR,ERR,ERR,ERR,ERR,ERR,ERR,ERR,ERR,ERR,ERR,ERR,ERR,ERR,ERR,ERR,ERR,ERR,ERR,ERR,ERR,ERR,ERR,ERR,ERR,ERR,ERR,ERR,ERR,ERR,ERR,ERR,ERR,ERR,ERR,ERR,ERR,ERR,ERR,ERR,ERR,ERR,ERR,ERR,ERR,ERR,ERR,ERR,ERR,ERR,ERR,ERR,ERR,ERR,ERR,ERR,ERR,ERR,ERR,2.718430741444032e+23,2.7184312818759872e+23,0.0,0.0,0.0,1.3936040501711995e+18,7.805,0.0,0,0,4,0,7116,0.0,100,0.0,0.0,0.0,0.0,0.0,0,0,0,0,0.0,0,0,0,0,0,0,0,0,0,0,0,0,0,0,0,0,0,0,0,0,0,0,0,0,0,0,0,0,0,0,0,0,0,31,40,40,71,65476,0,300,0,0,8,21553,0.0,-107605600.0,0.0,0.0,0.0,0.0,0.0,0.0,0.0,0.0,0.0,0.0,0.0,0.0,0.0,0.0,0.0,0.0,0.0,0.0,0.0,0.0,0.0,-2.004,-2.004,0.0,0.0,0.0,0.0,0.0,6208.0,-3.69720284620144e+19,6940.0,2.718430741444032e+23,2.7184312818759872e+23,-0.0,2.718430741444032e+23,0.0,0.0,0.0,0.0,69,4.950431692736863e+32,0.0,0.0,0.0,0.0,0.0,0.0,0.0,0.0,0,0,0,0.0,0.0,0.0,0.0,0.0,0.0,0.0,0.0,0.0,0.0,0.0,0.0,0.0,0.0,0.0,0.0,0,-107875648.0,69,0.0,138,0.0,-109447200.0,0,13107,17040,26215,17049,13107,17043,0,0,0,70,68,100,2.7302359370752657e+23,71.2,2.7302370179391762e+23,74.2,2.7302370179391762e+23,74.0,1,49,50,180,13107,52429,0,0,0.0,0.0,0.0,0.0,-0.0,67.0,0.0,162057.094,0.0,751,0,740,0,0,0,721,0,767,0,736,0,742,0,742,0,712,0,7520,0.032,108447924224.0,0.0,0.0,784,16797,-0.0,162057.094,-114818.039,-0.0,0.133,6.909358625270745e+28,30.0,65.0,35,0.0,0.0,0.0,0.0,0.0,0.0,0.0,0.0,0.0,0.0,0.0,0.0,0.0,0.0,0.0,0.0,69.2,0,150,71,55,65476,0,300,0,1,8,20529,65476,0,0,40632,65.0,0.0,0.0,0.0,0.0,0.0
2026-09-04T20:15:46,ERR,ERR,ERR,ERR,ERR,ERR,ERR,ERR,ERR,ERR,ERR,ERR,ERR,ERR,ERR,ERR,ERR,ERR,ERR,ERR,ERR,ERR,ERR,ERR,ERR,ERR,ERR,ERR,ERR,ERR,ERR,ERR,ERR,ERR,ERR,ERR,ERR,ERR,ERR,ERR,ERR,ERR,ERR,ERR,ERR,ERR,ERR,ERR,ERR,ERR,ERR,ERR,ERR,ERR,ERR,ERR,ERR,ERR,ERR,ERR,ERR,ERR,ERR,ERR,ERR,ERR,ERR,ERR,ERR,ERR,ERR,ERR,ERR,ERR,ERR,ERR,ERR,ERR,ERR,ERR,ERR,ERR,ERR,ERR,ERR,ERR,ERR,ERR,ERR,ERR,ERR,ERR,ERR,ERR,ERR,ERR,ERR,ERR,ERR,ERR,ERR,ERR,ERR,ERR,ERR,ERR,ERR,ERR,ERR,ERR,ERR,ERR,ERR,ERR,ERR,ERR,ERR,ERR,ERR,ERR,ERR,ERR,ERR,ERR,ERR,2.718430741444032e+23,2.7184312818759872e+23,0.0,0.0,0.0,1.3936040501711995e+18,7.805,0.0,0,0,4,0,7116,0.0,100,0.0,0.0,0.0,0.0,0.0,0,0,0,0,0.0,0,0,0,0,0,0,0,0,0,0,0,0,0,0,0,0,0,0,0,0,0,0,0,0,0,0,0,0,0,0,0,0,0,31,40,40,71,65476,0,300,0,0,8,21553,0.0,-107605600.0,0.0,0.0,0.0,0.0,0.0,0.0,0.0,0.0,0.0,0.0,0.0,0.0,0.0,0.0,0.0,0.0,0.0,0.0,0.0,0.0,0.0,-2.004,-2.004,0.0,0.0,0.0,0.0,0.0,6208.0,-3.69720284620144e+19,6940.0,2.718430741444032e+23,2.7184312818759872e+23,-0.0,2.718430741444032e+23,0.0,0.0,0.0,0.0,69,4.950431692736863e+32,0.0,0.0,0.0,0.0,0.0,0.0,0.0,0.0,0,0,0,0.0,0.0,0.0,0.0,0.0,0.0,0.0,0.0,0.0,0.0,0.0,0.0,0.0,0.0,0.0,0.0,0,-107875648.0,69,0.0,138,0.0,-109447200.0,0,13107,17040,26215,17049,13107,17043,0,0,0,70,68,100,2.7302359370752657e+23,71.2,2.7302370179391762e+23,74.2,2.7302370179391762e+23,74.0,1,49,50,180,13107,52429,0,0,0.0,0.0,0.0,0.0,-0.0,67.0,0.0,162057.094,0.0,751,0,740,0,0,0,721,0,767,0,736,0,742,0,742,0,712,0,7520,0.032,108447924224.0,0.0,0.0,784,16797,-0.0,162057.094,-114818.039,-0.0,0.133,6.909358625270745e+28,30.0,65.0,35,0.0,0.0,0.0,0.0,0.0,0.0,0.0,0.0,0.0,0.0,0.0,0.0,0.0,0.0,0.0,0.0,69.2,0,150,71,55,65476,0,300,0,1,8,20529,65476,0,0,40632,65.0,0.0,0.0,0.0,0.0,0.0
2026-09-04T20:15:47,ERR,ERR,ERR,ERR,ERR,ERR,ERR,ERR,ERR,ERR,ERR,ERR,ERR,ERR,ERR,ERR,ERR,ERR,ERR,ERR,ERR,ERR,ERR,ERR,ERR,ERR,ERR,ERR,ERR,ERR,ERR,ERR,ERR,ERR,ERR,ERR,ERR,ERR,ERR,ERR,ERR,ERR,ERR,ERR,ERR,ERR,ERR,ERR,ERR,ERR,ERR,ERR,ERR,ERR,ERR,ERR,ERR,ERR,ERR,ERR,ERR,ERR,ERR,ERR,ERR,ERR,ERR,ERR,ERR,ERR,ERR,ERR,ERR,ERR,ERR,ERR,ERR,ERR,ERR,ERR,ERR,ERR,ERR,ERR,ERR,ERR,ERR,ERR,ERR,ERR,ERR,ERR,ERR,ERR,ERR,ERR,ERR,ERR,ERR,ERR,ERR,ERR,ERR,ERR,ERR,ERR,ERR,ERR,ERR,ERR,ERR,ERR,ERR,ERR,ERR,ERR,ERR,ERR,ERR,ERR,ERR,ERR,ERR,ERR,ERR,2.718430741444032e+23,2.7184312818759872e+23,0.0,0.0,0.0,1.3936040501711995e+18,7.805,0.0,0,0,4,0,7116,0.0,100,0.0,0.0,0.0,0.0,0.0,0,0,0,0,0.0,0,0,0,0,0,0,0,0,0,0,0,0,0,0,0,0,0,0,0,0,0,0,0,0,0,0,0,0,0,0,0,0,0,31,40,40,71,65476,0,300,0,0,8,21553,0.0,-107605600.0,0.0,0.0,0.0,0.0,0.0,0.0,0.0,0.0,0.0,0.0,0.0,0.0,0.0,0.0,0.0,0.0,0.0,0.0,0.0,0.0,0.0,-2.004,-2.004,0.0,0.0,0.0,0.0,0.0,6208.0,-3.69720284620144e+19,6940.0,2.718430741444032e+23,2.7184312818759872e+23,-0.0,2.718430741444032e+23,0.0,0.0,0.0,0.0,69,4.950431692736863e+32,0.0,0.0,0.0,0.0,0.0,0.0,0.0,0.0,0,0,0,0.0,0.0,0.0,0.0,0.0,0.0,0.0,0.0,0.0,0.0,0.0,0.0,0.0,0.0,0.0,0.0,0,-107875648.0,69,0.0,138,0.0,-109447200.0,0,13107,17040,26215,17049,13107,17043,0,0,0,70,68,100,2.7302359370752657e+23,71.2,2.7302370179391762e+23,74.2,2.7302370179391762e+23,74.0,1,49,50,180,13107,52429,0,0,0.0,0.0,0.0,0.0,-0.0,67.0,0.0,162057.094,0.0,751,0,739,0,0,0,721,0,767,0,736,0,742,0,742,0,712,0,7520,0.032,107911053312.0,0.0,0.0,784,16797,-0.0,162057.094,-114818.039,-0.0,0.133,6.909358625270745e+28,30.0,65.0,35,0.0,0.0,0.0,0.0,0.0,0.0,0.0,0.0,0.0,0.0,0.0,0.0,0.0,0.0,0.0,0.0,69.2,0,150,71,55,65476,0,300,0,1,8,20529,65476,0,0,40632,65.0,0.0,0.0,0.0,0.0,0.0
2026-09-04T20:15:48,ERR,ERR,ERR,ERR,ERR,ERR,ERR,ERR,ERR,ERR,ERR,ERR,ERR,ERR,ERR,ERR,ERR,ERR,ERR,ERR,ERR,ERR,ERR,ERR,ERR,ERR,ERR,ERR,ERR,ERR,ERR,ERR,ERR,ERR,ERR,ERR,ERR,ERR,ERR,ERR,ERR,ERR,ERR,ERR,ERR,ERR,ERR,ERR,ERR,ERR,ERR,ERR,ERR,ERR,ERR,ERR,ERR,ERR,ERR,ERR,ERR,ERR,ERR,ERR,ERR,ERR,ERR,ERR,ERR,ERR,ERR,ERR,ERR,ERR,ERR,ERR,ERR,ERR,ERR,ERR,ERR,ERR,ERR,ERR,ERR,ERR,ERR,ERR,ERR,ERR,ERR,ERR,ERR,ERR,ERR,ERR,ERR,ERR,ERR,ERR,ERR,ERR,ERR,ERR,ERR,ERR,ERR,ERR,ERR,ERR,ERR,ERR,ERR,ERR,ERR,ERR,ERR,ERR,ERR,ERR,ERR,ERR,ERR,ERR,ERR,2.718430741444032e+23,2.7184312818759872e+23,0.0,0.0,0.0,1.3936040501711995e+18,7.805,0.0,0,0,4,0,7116,0.0,100,0.0,0.0,0.0,0.0,0.0,0,0,0,0,0.0,0,0,0,0,0,0,0,0,0,0,0,0,0,0,0,0,0,0,0,0,0,0,0,0,0,0,0,0,0,0,0,0,0,31,40,40,71,65476,0,300,0,0,8,21553,0.0,-107605600.0,0.0,0.0,0.0,0.0,0.0,0.0,0.0,0.0,0.0,0.0,0.0,0.0,0.0,0.0,0.0,0.0,0.0,0.0,0.0,0.0,0.0,-2.004,-2.004,0.0,0.0,0.0,0.0,0.0,6208.0,-3.69720284620144e+19,6940.0,2.718430741444032e+23,2.7184312818759872e+23,-0.0,2.718430741444032e+23,0.0,0.0,0.0,0.0,69,4.950431692736863e+32,0.0,0.0,0.0,0.0,0.0,0.0,0.0,0.0,0,0,0,0.0,0.0,0.0,0.0,0.0,0.0,0.0,0.0,0.0,0.0,0.0,0.0,0.0,0.0,0.0,0.0,0,-107875648.0,69,0.0,138,0.0,-109447200.0,0,13107,17040,26215,17049,13107,17043,0,0,0,70,68,100,2.7302359370752657e+23,71.2,2.7302370179391762e+23,74.2,2.7302370179391762e+23,74.0,1,49,50,180,13107,52429,0,0,0.0,0.0,0.0,0.0,-0.0,67.0,0.0,162057.094,0.0,751,0,739,0,0,0,721,0,767,0,736,0,742,0,742,0,712,0,7520,0.032,107911053312.0,0.0,0.0,784,16797,-0.0,162057.094,-114818.039,-0.0,0.133,6.909358625270745e+28,30.0,65.0,35,0.0,0.0,0.0,0.0,0.0,0.0,0.0,0.0,0.0,0.0,0.0,0.0,0.0,0.0,0.0,0.0,69.2,0,150,71,55,65476,0,300,0,1,8,20529,65476,0,0,40632,65.0,0.0,0.0,0.0,0.0,0.0
2026-09-04T20:15:49,ERR,ERR,ERR,ERR,ERR,ERR,ERR,ERR,ERR,ERR,ERR,ERR,ERR,ERR,ERR,ERR,ERR,ERR,ERR,ERR,ERR,ERR,ERR,ERR,ERR,ERR,ERR,ERR,ERR,ERR,ERR,ERR,ERR,ERR,ERR,ERR,ERR,ERR,ERR,ERR,ERR,ERR,ERR,ERR,ERR,ERR,ERR,ERR,ERR,ERR,ERR,ERR,ERR,ERR,ERR,ERR,ERR,ERR,ERR,ERR,ERR,ERR,ERR,ERR,ERR,ERR,ERR,ERR,ERR,ERR,ERR,ERR,ERR,ERR,ERR,ERR,ERR,ERR,ERR,ERR,ERR,ERR,ERR,ERR,ERR,ERR,ERR,ERR,ERR,ERR,ERR,ERR,ERR,ERR,ERR,ERR,ERR,ERR,ERR,ERR,ERR,ERR,ERR,ERR,ERR,ERR,ERR,ERR,ERR,ERR,ERR,ERR,ERR,ERR,ERR,ERR,ERR,ERR,ERR,ERR,ERR,ERR,ERR,ERR,ERR,2.718430741444032e+23,2.7184312818759872e+23,0.0,0.0,0.0,1.3936040501711995e+18,7.805,0.0,0,0,4,0,7116,0.0,100,0.0,0.0,0.0,0.0,0.0,0,0,0,0,0.0,0,0,0,0,0,0,0,0,0,0,0,0,0,0,0,0,0,0,0,0,0,0,0,0,0,0,0,0,0,0,0,0,0,31,40,40,71,65476,0,300,0,0,8,21553,0.0,-107605600.0,0.0,0.0,0.0,0.0,0.0,0.0,0.0,0.0,0.0,0.0,0.0,0.0,0.0,0.0,0.0,0.0,0.0,0.0,0.0,0.0,0.0,-2.004,-2.004,0.0,0.0,0.0,0.0,0.0,6208.0,-3.69720284620144e+19,6940.0,2.718430741444032e+23,2.7184312818759872e+23,-0.0,2.718430741444032e+23,0.0,0.0,0.0,0.0,69,4.950431692736863e+32,0.0,0.0,0.0,0.0,0.0,0.0,0.0,0.0,0,0,0,0.0,0.0,0.0,0.0,0.0,0.0,0.0,0.0,0.0,0.0,0.0,0.0,0.0,0.0,0.0,0.0,0,-107875648.0,69,0.0,138,0.0,-109447200.0,0,13107,17040,26215,17049,13107,17043,0,0,0,70,68,100,2.7302359370752657e+23,71.2,2.7302370179391762e+23,74.2,2.7302370179391762e+23,74.0,1,49,50,180,13107,52429,0,0,0.0,0.0,0.0,0.0,-0.0,67.0,0.0,162057.094,0.0,751,0,739,0,0,0,721,0,767,0,736,0,742,0,742,0,712,0,7520,0.032,107911053312.0,0.0,0.0,784,16797,-0.0,162057.094,-114818.039,-0.0,0.133,6.909358625270745e+28,30.0,65.0,35,0.0,0.0,0.0,0.0,0.0,0.0,0.0,0.0,0.0,0.0,0.0,0.0,0.0,0.0,0.0,0.0,69.2,0,150,71,55,65476,0,300,0,1,8,20529,65476,0,0,40632,65.0,0.0,0.0,0.0,0.0,0.0
2026-09-04T20:15:50,ERR,ERR,ERR,ERR,ERR,ERR,ERR,ERR,ERR,ERR,ERR,ERR,ERR,ERR,ERR,ERR,ERR,ERR,ERR,ERR,ERR,ERR,ERR,ERR,ERR,ERR,ERR,ERR,ERR,ERR,ERR,ERR,ERR,ERR,ERR,ERR,ERR,ERR,ERR,ERR,ERR,ERR,ERR,ERR,ERR,ERR,ERR,ERR,ERR,ERR,ERR,ERR,ERR,ERR,ERR,ERR,ERR,ERR,ERR,ERR,ERR,ERR,ERR,ERR,ERR,ERR,ERR,ERR,ERR,ERR,ERR,ERR,ERR,ERR,ERR,ERR,ERR,ERR,ERR,ERR,ERR,ERR,ERR,ERR,ERR,ERR,ERR,ERR,ERR,ERR,ERR,ERR,ERR,ERR,ERR,ERR,ERR,ERR,ERR,ERR,ERR,ERR,ERR,ERR,ERR,ERR,ERR,ERR,ERR,ERR,ERR,ERR,ERR,ERR,ERR,ERR,ERR,ERR,ERR,ERR,ERR,ERR,ERR,ERR,ERR,2.718430741444032e+23,2.7184312818759872e+23,0.0,0.0,0.0,1.3936040501711995e+18,7.805,0.0,0,0,4,0,7116,0.0,100,0.0,0.0,0.0,0.0,0.0,0,0,0,0,0.0,0,0,0,0,0,0,0,0,0,0,0,0,0,0,0,0,0,0,0,0,0,0,0,0,0,0,0,0,0,0,0,0,0,31,40,40,71,65476,0,300,0,0,8,21553,0.0,-107605600.0,0.0,0.0,0.0,0.0,0.0,0.0,0.0,0.0,0.0,0.0,0.0,0.0,0.0,0.0,0.0,0.0,0.0,0.0,0.0,0.0,0.0,-2.004,-2.004,0.0,0.0,0.0,0.0,0.0,6211.0,131351.031,6921.0,2.718430741444032e+23,2.7184312818759872e+23,-0.0,2.718430741444032e+23,0.0,0.0,0.0,0.0,69,3.222031544164523e+26,-0.0,0.0,0.0,0.0,0.0,0.0,0.0,0.0,0,0,0,0.0,0.0,0.0,0.0,0.0,0.0,0.0,0.0,0.0,0.0,0.0,0.0,0.0,0.0,0.0,0.0,0,-107875648.0,69,0.0,138,0.0,-109447200.0,0,13107,17040,26215,17049,13107,17043,0,0,0,70,68,100,2.7302359370752657e+23,71.2,2.7302370179391762e+23,74.2,2.7302370179391762e+23,74.0,1,49,50,180,13107,52429,0,0,0.0,0.0,0.0,0.0,-0.0,67.0,0.0,162057.094,0.0,751,0,739,0,0,0,721,0,767,0,736,0,742,0,742,0,712,0,7520,0.032,107911053312.0,0.0,0.0,784,16797,-0.0,162057.094,-114818.039,-0.0,0.133,6.909358625270745e+28,30.0,65.0,35,0.0,0.0,0.0,0.0,0.0,0.0,0.0,0.0,0.0,0.0,0.0,0.0,0.0,0.0,0.0,0.0,69.2,0,150,71,55,65476,0,300,0,1,8,20529,65476,0,0,40632,65.0,0.0,0.0,0.0,0.0,0.0
2026-09-04T20:15:51,ERR,ERR,ERR,ERR,ERR,ERR,ERR,ERR,ERR,ERR,ERR,ERR,ERR,ERR,ERR,ERR,ERR,ERR,ERR,ERR,ERR,ERR,ERR,ERR,ERR,ERR,ERR,ERR,ERR,ERR,ERR,ERR,ERR,ERR,ERR,ERR,ERR,ERR,ERR,ERR,ERR,ERR,ERR,ERR,ERR,ERR,ERR,ERR,ERR,ERR,ERR,ERR,ERR,ERR,ERR,ERR,ERR,ERR,ERR,ERR,ERR,ERR,ERR,ERR,ERR,ERR,ERR,ERR,ERR,ERR,ERR,ERR,ERR,ERR,ERR,ERR,ERR,ERR,ERR,ERR,ERR,ERR,ERR,ERR,ERR,ERR,ERR,ERR,ERR,ERR,ERR,ERR,ERR,ERR,ERR,ERR,ERR,ERR,ERR,ERR,ERR,ERR,ERR,ERR,ERR,ERR,ERR,ERR,ERR,ERR,ERR,ERR,ERR,ERR,ERR,ERR,ERR,ERR,ERR,ERR,ERR,ERR,ERR,ERR,ERR,2.718430741444032e+23,2.7184312818759872e+23,0.0,0.0,0.0,1.3936040501711995e+18,7.805,0.0,0,0,4,0,7116,0.0,100,0.0,0.0,0.0,0.0,0.0,0,0,0,0,0.0,0,0,0,0,0,0,0,0,0,0,0,0,0,0,0,0,0,0,0,0,0,0,0,0,0,0,0,0,0,0,0,0,0,31,40,40,71,65476,0,300,0,0,8,21553,0.0,-107605600.0,0.0,0.0,0.0,0.0,0.0,0.0,0.0,0.0,0.0,0.0,0.0,0.0,0.0,0.0,0.0,0.0,0.0,0.0,0.0,0.0,0.0,-2.004,-2.004,0.0,0.0,0.0,0.0,0.0,6211.0,131351.031,6921.0,2.718430741444032e+23,2.7184312818759872e+23,-0.0,2.718430741444032e+23,0.0,0.0,0.0,0.0,69,3.222031544164523e+26,-0.0,0.0,0.0,0.0,0.0,0.0,0.0,0.0,0,0,0,0.0,0.0,0.0,0.0,0.0,0.0,0.0,0.0,0.0,0.0,0.0,0.0,0.0,0.0,0.0,0.0,0,-107875648.0,69,0.0,138,0.0,-109447200.0,0,13107,17040,26215,17049,13107,17043,0,0,0,70,68,100,2.7302359370752657e+23,71.2,2.7302370179391762e+23,74.2,2.7302370179391762e+23,74.0,1,49,50,180,13107,0,0,0,0.0,0.0,0.0,0.0,-0.0,67.0,0.0,162057.094,0.0,751,0,740,0,0,0,721,0,767,0,736,0,743,0,742,0,712,0,7520,0.032,105763569664.0,0.0,0.0,784,16797,-0.0,162057.094,-114818.039,-0.0,0.133,6.909358625270745e+28,30.0,65.0,35,0.0,0.0,0.0,0.0,0.0,0.0,0.0,0.0,0.0,0.0,0.0,0.0,0.0,0.0,0.0,0.0,69.2,0,150,71,55,65476,0,300,0,1,8,20529,65476,0,0,40632,65.0,0.0,0.0,0.0,0.0,0.0
2026-09-04T20:15:52,ERR,ERR,ERR,ERR,ERR,ERR,ERR,ERR,ERR,ERR,ERR,ERR,ERR,ERR,ERR,ERR,ERR,ERR,ERR,ERR,ERR,ERR,ERR,ERR,ERR,ERR,ERR,ERR,ERR,ERR,ERR,ERR,ERR,ERR,ERR,ERR,ERR,ERR,ERR,ERR,ERR,ERR,ERR,ERR,ERR,ERR,ERR,ERR,ERR,ERR,ERR,ERR,ERR,ERR,ERR,ERR,ERR,ERR,ERR,ERR,ERR,ERR,ERR,ERR,ERR,ERR,ERR,ERR,ERR,ERR,ERR,ERR,ERR,ERR,ERR,ERR,ERR,ERR,ERR,ERR,ERR,ERR,ERR,ERR,ERR,ERR,ERR,ERR,ERR,ERR,ERR,ERR,ERR,ERR,ERR,ERR,ERR,ERR,ERR,ERR,ERR,ERR,ERR,ERR,ERR,ERR,ERR,ERR,ERR,ERR,ERR,ERR,ERR,ERR,ERR,ERR,ERR,ERR,ERR,ERR,ERR,ERR,ERR,ERR,ERR,2.718430741444032e+23,2.7184312818759872e+23,0.0,0.0,0.0,1.3936040501711995e+18,7.805,0.0,0,0,4,0,7116,0.0,100,0.0,0.0,0.0,0.0,0.0,0,0,0,0,0.0,0,0,0,0,0,0,0,0,0,0,0,0,0,0,0,0,0,0,0,0,0,0,0,0,0,0,0,0,0,0,0,0,0,31,40,40,71,65476,0,300,0,0,8,21553,0.0,-107605600.0,0.0,0.0,0.0,0.0,0.0,0.0,0.0,0.0,0.0,0.0,0.0,0.0,0.0,0.0,0.0,0.0,0.0,0.0,0.0,0.0,0.0,-2.004,-2.004,0.0,0.0,0.0,0.0,0.0,6211.0,131351.031,6921.0,2.718430741444032e+23,2.7184312818759872e+23,-0.0,2.718430741444032e+23,0.0,0.0,0.0,0.0,69,3.222031544164523e+26,-0.0,0.0,0.0,0.0,0.0,0.0,0.0,0.0,0,0,0,0.0,0.0,0.0,0.0,0.0,0.0,0.0,0.0,0.0,0.0,0.0,0.0,0.0,0.0,0.0,0.0,0,-107875648.0,69,0.0,138,0.0,-109447200.0,0,13107,17040,26215,17049,13107,17043,0,0,0,70,68,100,2.7302359370752657e+23,71.2,2.7302370179391762e+23,74.2,2.7302370179391762e+23,74.0,1,49,50,180,13107,0,0,0,0.0,0.0,0.0,0.0,-0.0,67.0,0.0,162057.094,0.0,751,0,740,0,0,0,721,0,767,0,736,0,743,0,742,0,712,0,7520,0.032,105763569664.0,0.0,0.0,784,16797,-0.0,162057.094,-114818.039,-0.0,0.133,6.909358625270745e+28,30.0,65.0,35,0.0,0.0,0.0,0.0,0.0,0.0,0.0,0.0,0.0,0.0,0.0,0.0,0.0,0.0,0.0,0.0,69.2,0,150,71,55,65476,0,300,0,1,8,20529,65476,0,0,40632,65.0,0.0,0.0,0.0,0.0,0.0
2026-09-04T20:15:53,ERR,ERR,ERR,ERR,ERR,ERR,ERR,ERR,ERR,ERR,ERR,ERR,ERR,ERR,ERR,ERR,ERR,ERR,ERR,ERR,ERR,ERR,ERR,ERR,ERR,ERR,ERR,ERR,ERR,ERR,ERR,ERR,ERR,ERR,ERR,ERR,ERR,ERR,ERR,ERR,ERR,ERR,ERR,ERR,ERR,ERR,ERR,ERR,ERR,ERR,ERR,ERR,ERR,ERR,ERR,ERR,ERR,ERR,ERR,ERR,ERR,ERR,ERR,ERR,ERR,ERR,ERR,ERR,ERR,ERR,ERR,ERR,ERR,ERR,ERR,ERR,ERR,ERR,ERR,ERR,ERR,ERR,ERR,ERR,ERR,ERR,ERR,ERR,ERR,ERR,ERR,ERR,ERR,ERR,ERR,ERR,ERR,ERR,ERR,ERR,ERR,ERR,ERR,ERR,ERR,ERR,ERR,ERR,ERR,ERR,ERR,ERR,ERR,ERR,ERR,ERR,ERR,ERR,ERR,ERR,ERR,ERR,ERR,ERR,ERR,2.718430741444032e+23,2.7184312818759872e+23,0.0,0.0,0.0,1.3936040501711995e+18,7.805,0.0,0,0,4,0,7116,0.0,100,0.0,0.0,0.0,0.0,0.0,0,0,0,0,0.0,0,0,0,0,0,0,0,0,0,0,0,0,0,0,0,0,0,0,0,0,0,0,0,0,0,0,0,0,0,0,0,0,0,31,40,40,71,65476,0,300,0,0,8,21553,0.0,-107605600.0,0.0,0.0,0.0,0.0,0.0,0.0,0.0,0.0,0.0,0.0,0.0,0.0,0.0,0.0,0.0,0.0,0.0,0.0,0.0,0.0,0.0,-2.004,-2.004,0.0,0.0,0.0,0.0,0.0,6211.0,131351.031,6921.0,2.718430741444032e+23,2.7184312818759872e+23,-0.0,2.718430741444032e+23,0.0,0.0,0.0,0.0,69,3.222031544164523e+26,-0.0,0.0,0.0,0.0,0.0,0.0,0.0,0.0,0,0,0,0.0,0.0,0.0,0.0,0.0,0.0,0.0,0.0,0.0,0.0,0.0,0.0,0.0,0.0,0.0,0.0,0,-107875648.0,69,0.0,138,0.0,-109447200.0,0,13107,17040,26215,17049,13107,17043,0,0,0,70,68,100,2.7302359370752657e+23,71.2,2.7302370179391762e+23,74.2,2.7302370179391762e+23,74.0,1,49,50,180,13107,0,0,0,0.0,0.0,0.0,0.0,-0.0,67.0,0.0,162057.094,0.0,751,0,740,0,0,0,721,0,767,0,736,0,743,0,742,0,712,0,7520,0.032,105763569664.0,0.0,0.0,784,16797,-0.0,162057.094,-114818.039,-0.0,0.133,6.909358625270745e+28,30.0,65.0,35,0.0,0.0,0.0,0.0,0.0,0.0,0.0,0.0,0.0,0.0,0.0,0.0,0.0,0.0,0.0,0.0,69.2,0,150,71,55,65476,0,300,0,1,8,20529,65476,0,0,40632,65.0,0.0,0.0,0.0,0.0,0.0
2026-09-04T20:15:54,ERR,ERR,ERR,ERR,ERR,ERR,ERR,ERR,ERR,ERR,ERR,ERR,ERR,ERR,ERR,ERR,ERR,ERR,ERR,ERR,ERR,ERR,ERR,ERR,ERR,ERR,ERR,ERR,ERR,ERR,ERR,ERR,ERR,ERR,ERR,ERR,ERR,ERR,ERR,ERR,ERR,ERR,ERR,ERR,ERR,ERR,ERR,ERR,ERR,ERR,ERR,ERR,ERR,ERR,ERR,ERR,ERR,ERR,ERR,ERR,ERR,ERR,ERR,ERR,ERR,ERR,ERR,ERR,ERR,ERR,ERR,ERR,ERR,ERR,ERR,ERR,ERR,ERR,ERR,ERR,ERR,ERR,ERR,ERR,ERR,ERR,ERR,ERR,ERR,ERR,ERR,ERR,ERR,ERR,ERR,ERR,ERR,ERR,ERR,ERR,ERR,ERR,ERR,ERR,ERR,ERR,ERR,ERR,ERR,ERR,ERR,ERR,ERR,ERR,ERR,ERR,ERR,ERR,ERR,ERR,ERR,ERR,ERR,ERR,ERR,2.718430741444032e+23,2.7184312818759872e+23,0.0,0.0,0.0,1.3936040501711995e+18,7.805,0.0,0,0,4,0,7116,0.0,100,0.0,0.0,0.0,0.0,0.0,0,0,0,0,0.0,0,0,0,0,0,0,0,0,0,0,0,0,0,0,0,0,0,0,0,0,0,0,0,0,0,0,0,0,0,0,0,0,0,31,40,40,71,65476,0,300,0,0,8,21553,0.0,-107605600.0,0.0,0.0,0.0,0.0,0.0,0.0,0.0,0.0,0.0,0.0,0.0,0.0,0.0,0.0,0.0,0.0,0.0,0.0,0.0,0.0,0.0,-2.004,-2.004,0.0,0.0,0.0,0.0,0.0,6211.0,131351.031,6921.0,2.718430741444032e+23,2.7184312818759872e+23,-0.0,2.718430741444032e+23,0.0,0.0,0.0,0.0,69,3.222031544164523e+26,-0.0,0.0,0.0,0.0,0.0,0.0,0.0,0.0,0,0,0,0.0,0.0,0.0,0.0,0.0,0.0,0.0,0.0,0.0,0.0,0.0,0.0,0.0,0.0,0.0,0.0,0,-107875648.0,69,0.0,138,0.0,-109447200.0,0,13107,17040,26215,17049,13107,17043,0,0,0,70,68,100,2.7302359370752657e+23,71.2,2.7302370179391762e+23,74.2,2.7302370179391762e+23,74.0,1,49,50,180,13107,0,0,0,0.0,0.0,0.0,0.0,-0.0,67.0,0.0,162057.094,0.0,751,0,740,0,0,0,721,0,767,0,736,0,743,0,742,0,712,0,7520,0.032,105763569664.0,0.0,0.0,784,16797,-0.0,162057.094,-114818.039,-0.0,0.133,6.909358625270745e+28,30.0,65.0,35,0.0,0.0,0.0,0.0,0.0,0.0,0.0,0.0,0.0,0.0,0.0,0.0,0.0,0.0,0.0,0.0,69.2,0,150,71,55,65476,0,300,0,1,8,20529,65476,0,0,40632,65.0,0.0,0.0,0.0,0.0,0.0
2026-09-04T20:15:55,ERR,ERR,ERR,ERR,ERR,ERR,ERR,ERR,ERR,ERR,ERR,ERR,ERR,ERR,ERR,ERR,ERR,ERR,ERR,ERR,ERR,ERR,ERR,ERR,ERR,ERR,ERR,ERR,ERR,ERR,ERR,ERR,ERR,ERR,ERR,ERR,ERR,ERR,ERR,ERR,ERR,ERR,ERR,ERR,ERR,ERR,ERR,ERR,ERR,ERR,ERR,ERR,ERR,ERR,ERR,ERR,ERR,ERR,ERR,ERR,ERR,ERR,ERR,ERR,ERR,ERR,ERR,ERR,ERR,ERR,ERR,ERR,ERR,ERR,ERR,ERR,ERR,ERR,ERR,ERR,ERR,ERR,ERR,ERR,ERR,ERR,ERR,ERR,ERR,ERR,ERR,ERR,ERR,ERR,ERR,ERR,ERR,ERR,ERR,ERR,ERR,ERR,ERR,ERR,ERR,ERR,ERR,ERR,ERR,ERR,ERR,ERR,ERR,ERR,ERR,ERR,ERR,ERR,ERR,ERR,ERR,ERR,ERR,ERR,ERR,2.718430741444032e+23,2.7184312818759872e+23,0.0,0.0,0.0,1.3936040501711995e+18,7.805,0.0,0,0,4,0,7116,0.0,100,0.0,0.0,0.0,0.0,0.0,0,0,0,0,0.0,0,0,0,0,0,0,0,0,0,0,0,0,0,0,0,0,0,0,0,0,0,0,0,0,0,0,0,0,0,0,0,0,0,31,40,40,71,65476,0,300,0,0,8,21553,0.0,-107605600.0,0.0,0.0,0.0,0.0,0.0,0.0,0.0,0.0,0.0,0.0,0.0,0.0,0.0,0.0,0.0,0.0,0.0,0.0,0.0,0.0,0.0,-2.004,-2.004,0.0,0.0,0.0,0.0,0.0,6211.0,131351.031,6921.0,2.718430741444032e+23,2.7184312818759872e+23,-0.0,2.718430741444032e+23,0.0,0.0,0.0,0.0,69,3.222031544164523e+26,-0.0,0.0,0.0,0.0,0.0,0.0,0.0,0.0,0,0,0,0.0,0.0,0.0,0.0,0.0,0.0,0.0,0.0,0.0,0.0,0.0,0.0,0.0,0.0,0.0,0.0,0,-107875648.0,69,0.0,138,0.0,-109447200.0,0,13107,17040,26215,17049,13107,17043,0,0,0,70,68,100,2.7302359370752657e+23,71.2,2.7302370179391762e+23,74.2,2.7302370179391762e+23,74.0,1,49,50,180,13107,0,0,0,0.0,0.0,0.0,0.0,-0.0,67.0,0.0,162057.094,0.0,751,0,740,0,0,0,721,0,767,0,736,0,743,0,742,0,712,0,7520,0.032,105763569664.0,0.0,0.0,784,16797,-0.0,162057.094,-114818.039,-0.0,0.133,6.909358625270745e+28,30.0,65.0,35,0.0,0.0,0.0,0.0,0.0,0.0,0.0,0.0,0.0,0.0,0.0,0.0,0.0,0.0,0.0,0.0,69.6,0,150,71,55,65476,0,300,0,1,8,20529,65476,0,0,40632,65.0,0.0,0.0,0.0,0.0,0.0
2026-09-04T20:15:56,ERR,ERR,ERR,ERR,ERR,ERR,ERR,ERR,ERR,ERR,ERR,ERR,ERR,ERR,ERR,ERR,ERR,ERR,ERR,ERR,ERR,ERR,ERR,ERR,ERR,ERR,ERR,ERR,ERR,ERR,ERR,ERR,ERR,ERR,ERR,ERR,ERR,ERR,ERR,ERR,ERR,ERR,ERR,ERR,ERR,ERR,ERR,ERR,ERR,ERR,ERR,ERR,ERR,ERR,ERR,ERR,ERR,ERR,ERR,ERR,ERR,ERR,ERR,ERR,ERR,ERR,ERR,ERR,ERR,ERR,ERR,ERR,ERR,ERR,ERR,ERR,ERR,ERR,ERR,ERR,ERR,ERR,ERR,ERR,ERR,ERR,ERR,ERR,ERR,ERR,ERR,ERR,ERR,ERR,ERR,ERR,ERR,ERR,ERR,ERR,ERR,ERR,ERR,ERR,ERR,ERR,ERR,ERR,ERR,ERR,ERR,ERR,ERR,ERR,ERR,ERR,ERR,ERR,ERR,ERR,ERR,ERR,ERR,ERR,ERR,2.718430741444032e+23,2.7184312818759872e+23,0.0,0.0,0.0,1.3936040501711995e+18,7.805,0.0,0,0,4,0,7116,0.0,100,0.0,0.0,0.0,0.0,0.0,0,0,0,0,0.0,0,0,0,0,0,0,0,0,0,0,0,0,0,0,0,0,0,0,0,0,0,0,0,0,0,0,0,0,0,0,0,0,0,31,40,40,71,65476,0,300,0,0,8,21553,0.0,-107605600.0,0.0,0.0,0.0,0.0,0.0,0.0,0.0,0.0,0.0,0.0,0.0,0.0,0.0,0.0,0.0,0.0,0.0,0.0,0.0,0.0,0.0,-2.004,-2.004,0.0,0.0,0.0,0.0,0.0,6211.0,131351.031,6921.0,2.718430741444032e+23,2.7184312818759872e+23,-0.0,2.718430741444032e+23,0.0,0.0,0.0,0.0,69,3.222031544164523e+26,-0.0,0.0,0.0,0.0,0.0,0.0,0.0,0.0,0,0,0,0.0,0.0,0.0,0.0,0.0,0.0,0.0,0.0,0.0,0.0,0.0,0.0,0.0,0.0,0.0,0.0,0,-107875648.0,69,0.0,138,0.0,-109447200.0,0,13107,17040,26215,17049,13107,17043,0,0,0,70,68,100,2.7302359370752657e+23,71.2,2.7302370179391762e+23,74.2,2.7302370179391762e+23,74.0,1,49,50,180,13107,0,0,0,0.0,0.0,0.0,0.0,-0.0,67.0,0.0,162057.094,0.0,751,0,740,0,0,0,721,0,767,0,736,0,743,0,742,0,712,0,7520,0.032,105763569664.0,0.0,0.0,784,16797,-0.0,162057.094,-114818.039,-0.0,0.133,6.909358625270745e+28,30.0,65.0,35,0.0,0.0,0.0,0.0,0.0,0.0,0.0,0.0,0.0,0.0,0.0,0.0,0.0,0.0,0.0,0.0,69.6,0,150,71,55,65476,0,300,0,1,8,20529,65476,0,0,40632,65.0,0.0,0.0,0.0,0.0,0.0
2026-09-04T20:15:57,ERR,ERR,ERR,ERR,ERR,ERR,ERR,ERR,ERR,ERR,ERR,ERR,ERR,ERR,ERR,ERR,ERR,ERR,ERR,ERR,ERR,ERR,ERR,ERR,ERR,ERR,ERR,ERR,ERR,ERR,ERR,ERR,ERR,ERR,ERR,ERR,ERR,ERR,ERR,ERR,ERR,ERR,ERR,ERR,ERR,ERR,ERR,ERR,ERR,ERR,ERR,ERR,ERR,ERR,ERR,ERR,ERR,ERR,ERR,ERR,ERR,ERR,ERR,ERR,ERR,ERR,ERR,ERR,ERR,ERR,ERR,ERR,ERR,ERR,ERR,ERR,ERR,ERR,ERR,ERR,ERR,ERR,ERR,ERR,ERR,ERR,ERR,ERR,ERR,ERR,ERR,ERR,ERR,ERR,ERR,ERR,ERR,ERR,ERR,ERR,ERR,ERR,ERR,ERR,ERR,ERR,ERR,ERR,ERR,ERR,ERR,ERR,ERR,ERR,ERR,ERR,ERR,ERR,ERR,ERR,ERR,ERR,ERR,ERR,ERR,2.718430741444032e+23,2.7184312818759872e+23,0.0,0.0,0.0,1.3936040501711995e+18,7.805,0.0,0,0,4,0,7116,0.0,100,0.0,0.0,0.0,0.0,0.0,0,0,0,0,0.0,0,0,0,0,0,0,0,0,0,0,0,0,0,0,0,0,0,0,0,0,0,0,0,0,0,0,0,0,0,0,0,0,0,31,40,40,71,65476,0,300,0,0,8,21553,0.0,-107605600.0,0.0,0.0,0.0,0.0,0.0,0.0,0.0,0.0,0.0,0.0,0.0,0.0,0.0,0.0,0.0,0.0,0.0,0.0,0.0,0.0,0.0,-2.004,-2.004,0.0,0.0,0.0,0.0,0.0,6178.0,-8608220160.0,6941.0,2.718430741444032e+23,2.7184312818759872e+23,-0.0,2.718430741444032e+23,0.0,0.0,0.0,0.0,69,2.308841773246825e+20,0.0,0.0,0.0,0.0,0.0,0.0,0.0,0.0,0,0,0,0.0,0.0,0.0,0.0,0.0,0.0,0.0,0.0,0.0,0.0,0.0,0.0,0.0,0.0,0.0,0.0,0,-107875648.0,69,0.0,138,0.0,-109447200.0,0,13107,17040,26215,17049,13107,17043,0,0,0,70,68,100,2.7302359370752657e+23,71.2,2.7302370179391762e+23,74.3,-0.0,74.0,1,49,50,180,13107,52429,0,0,0.0,0.0,0.0,0.0,-0.0,67.0,0.0,162057.094,0.0,751,0,740,0,0,0,721,0,767,0,736,0,743,0,741,0,712,0,7520,0.032,108447924224.0,0.0,0.0,784,16797,-0.0,162057.094,-114818.039,-0.0,0.133,6.909358625270745e+28,30.0,65.0,35,0.0,0.0,0.0,0.0,0.0,0.0,0.0,0.0,0.0,0.0,0.0,0.0,0.0,0.0,0.0,0.0,69.2,0,150,71,55,65476,0,300,0,1,8,20529,65476,0,0,40632,65.0,0.0,0.0,0.0,0.0,0.0
2026-09-04T20:15:58,ERR,ERR,ERR,ERR,ERR,ERR,ERR,ERR,ERR,ERR,ERR,ERR,ERR,ERR,ERR,ERR,ERR,ERR,ERR,ERR,ERR,ERR,ERR,ERR,ERR,ERR,ERR,ERR,ERR,ERR,ERR,ERR,ERR,ERR,ERR,ERR,ERR,ERR,ERR,ERR,ERR,ERR,ERR,ERR,ERR,ERR,ERR,ERR,ERR,ERR,ERR,ERR,ERR,ERR,ERR,ERR,ERR,ERR,ERR,ERR,ERR,ERR,ERR,ERR,ERR,ERR,ERR,ERR,ERR,ERR,ERR,ERR,ERR,ERR,ERR,ERR,ERR,ERR,ERR,ERR,ERR,ERR,ERR,ERR,ERR,ERR,ERR,ERR,ERR,ERR,ERR,ERR,ERR,ERR,ERR,ERR,ERR,ERR,ERR,ERR,ERR,ERR,ERR,ERR,ERR,ERR,ERR,ERR,ERR,ERR,ERR,ERR,ERR,ERR,ERR,ERR,ERR,ERR,ERR,ERR,ERR,ERR,ERR,ERR,ERR,2.718430741444032e+23,2.7184312818759872e+23,0.0,0.0,0.0,1.3936040501711995e+18,7.805,0.0,0,0,4,0,7116,0.0,100,0.0,0.0,0.0,0.0,0.0,0,0,0,0,0.0,0,0,0,0,0,0,0,0,0,0,0,0,0,0,0,0,0,0,0,0,0,0,0,0,0,0,0,0,0,0,0,0,0,31,40,40,71,65476,0,300,0,0,8,21553,0.0,-107605600.0,0.0,0.0,0.0,0.0,0.0,0.0,0.0,0.0,0.0,0.0,0.0,0.0,0.0,0.0,0.0,0.0,0.0,0.0,0.0,0.0,0.0,-2.004,-2.004,0.0,0.0,0.0,0.0,0.0,6178.0,-8608220160.0,6941.0,2.718430741444032e+23,2.7184312818759872e+23,-0.0,2.718430741444032e+23,0.0,0.0,0.0,0.0,69,2.308841773246825e+20,0.0,0.0,0.0,0.0,0.0,0.0,0.0,0.0,0,0,0,0.0,0.0,0.0,0.0,0.0,0.0,0.0,0.0,0.0,0.0,0.0,0.0,0.0,0.0,0.0,0.0,0,-107875648.0,69,0.0,138,0.0,-109447200.0,0,13107,17040,26215,17049,13107,17043,0,0,0,70,68,100,2.7302359370752657e+23,71.2,2.7302370179391762e+23,74.3,-0.0,74.0,1,49,50,180,13107,52429,0,0,0.0,0.0,0.0,0.0,-0.0,67.0,0.0,162057.094,0.0,751,0,740,0,0,0,721,0,767,0,736,0,743,0,741,0,712,0,7520,0.032,108447924224.0,0.0,0.0,784,16797,-0.0,162057.094,-114818.039,-0.0,0.133,6.909358625270745e+28,30.0,65.0,35,0.0,0.0,0.0,0.0,0.0,0.0,0.0,0.0,0.0,0.0,0.0,0.0,0.0,0.0,0.0,0.0,69.2,0,150,71,55,65476,0,300,0,1,8,20529,65476,0,0,40632,65.0,0.0,0.0,0.0,0.0,0.0
2026-09-04T20:15:59,ERR,ERR,ERR,ERR,ERR,ERR,ERR,ERR,ERR,ERR,ERR,ERR,ERR,ERR,ERR,ERR,ERR,ERR,ERR,ERR,ERR,ERR,ERR,ERR,ERR,ERR,ERR,ERR,ERR,ERR,ERR,ERR,ERR,ERR,ERR,ERR,ERR,ERR,ERR,ERR,ERR,ERR,ERR,ERR,ERR,ERR,ERR,ERR,ERR,ERR,ERR,ERR,ERR,ERR,ERR,ERR,ERR,ERR,ERR,ERR,ERR,ERR,ERR,ERR,ERR,ERR,ERR,ERR,ERR,ERR,ERR,ERR,ERR,ERR,ERR,ERR,ERR,ERR,ERR,ERR,ERR,ERR,ERR,ERR,ERR,ERR,ERR,ERR,ERR,ERR,ERR,ERR,ERR,ERR,ERR,ERR,ERR,ERR,ERR,ERR,ERR,ERR,ERR,ERR,ERR,ERR,ERR,ERR,ERR,ERR,ERR,ERR,ERR,ERR,ERR,ERR,ERR,ERR,ERR,ERR,ERR,ERR,ERR,ERR,ERR,2.718430741444032e+23,2.7184312818759872e+23,0.0,0.0,0.0,1.3936040501711995e+18,7.805,0.0,0,0,4,0,7116,0.0,100,0.0,0.0,0.0,0.0,0.0,0,0,0,0,0.0,0,0,0,0,0,0,0,0,0,0,0,0,0,0,0,0,0,0,0,0,0,0,0,0,0,0,0,0,0,0,0,0,0,31,40,40,71,65476,0,300,0,0,8,21553,0.0,-107605600.0,0.0,0.0,0.0,0.0,0.0,0.0,0.0,0.0,0.0,0.0,0.0,0.0,0.0,0.0,0.0,0.0,0.0,0.0,0.0,0.0,0.0,-2.004,-2.004,0.0,0.0,0.0,0.0,0.0,6178.0,-8608220160.0,6941.0,2.718430741444032e+23,2.7184312818759872e+23,-0.0,2.718430741444032e+23,0.0,0.0,0.0,0.0,69,2.308841773246825e+20,0.0,0.0,0.0,0.0,0.0,0.0,0.0,0.0,0,0,0,0.0,0.0,0.0,0.0,0.0,0.0,0.0,0.0,0.0,0.0,0.0,0.0,0.0,0.0,0.0,0.0,0,-107875648.0,69,0.0,138,0.0,-109447200.0,0,13107,17040,26215,17049,13107,17043,0,0,0,70,68,100,2.7302359370752657e+23,71.2,2.7302370179391762e+23,74.3,-0.0,74.0,1,49,50,180,13107,52429,0,0,0.0,0.0,0.0,0.0,-0.0,67.0,0.0,162057.094,0.0,751,0,740,0,0,0,721,0,767,0,736,0,743,0,741,0,712,0,7520,0.032,108447924224.0,0.0,0.0,784,16797,-0.0,162057.094,-114818.039,-0.0,0.133,6.909358625270745e+28,30.0,65.0,35,0.0,0.0,0.0,0.0,0.0,0.0,0.0,0.0,0.0,0.0,0.0,0.0,0.0,0.0,0.0,0.0,69.2,0,150,71,55,65476,0,300,0,1,8,20529,65476,0,0,40632,65.0,0.0,0.0,0.0,0.0,0.0
2026-09-04T20:16:00,ERR,ERR,ERR,ERR,ERR,ERR,ERR,ERR,ERR,ERR,ERR,ERR,ERR,ERR,ERR,ERR,ERR,ERR,ERR,ERR,ERR,ERR,ERR,ERR,ERR,ERR,ERR,ERR,ERR,ERR,ERR,ERR,ERR,ERR,ERR,ERR,ERR,ERR,ERR,ERR,ERR,ERR,ERR,ERR,ERR,ERR,ERR,ERR,ERR,ERR,ERR,ERR,ERR,ERR,ERR,ERR,ERR,ERR,ERR,ERR,ERR,ERR,ERR,ERR,ERR,ERR,ERR,ERR,ERR,ERR,ERR,ERR,ERR,ERR,ERR,ERR,ERR,ERR,ERR,ERR,ERR,ERR,ERR,ERR,ERR,ERR,ERR,ERR,ERR,ERR,ERR,ERR,ERR,ERR,ERR,ERR,ERR,ERR,ERR,ERR,ERR,ERR,ERR,ERR,ERR,ERR,ERR,ERR,ERR,ERR,ERR,ERR,ERR,ERR,ERR,ERR,ERR,ERR,ERR,ERR,ERR,ERR,ERR,ERR,ERR,2.718430741444032e+23,2.7184312818759872e+23,0.0,0.0,0.0,1.3936040501711995e+18,7.805,0.0,0,0,4,0,7116,0.0,100,0.0,0.0,0.0,0.0,0.0,0,0,0,0,0.0,0,0,0,0,0,0,0,0,0,0,0,0,0,0,0,0,0,0,0,0,0,0,0,0,0,0,0,0,0,0,0,0,0,31,40,40,71,65476,0,300,0,0,8,21553,0.0,-107605600.0,0.0,0.0,0.0,0.0,0.0,0.0,0.0,0.0,0.0,0.0,0.0,0.0,0.0,0.0,0.0,0.0,0.0,0.0,0.0,0.0,0.0,-2.004,-2.004,0.0,0.0,0.0,0.0,0.0,6178.0,-8608220160.0,6941.0,2.718430741444032e+23,2.7184312818759872e+23,-0.0,2.718430741444032e+23,0.0,0.0,0.0,0.0,69,2.308841773246825e+20,0.0,0.0,0.0,0.0,0.0,0.0,0.0,0.0,0,0,0,0.0,0.0,0.0,0.0,0.0,0.0,0.0,0.0,0.0,0.0,0.0,0.0,0.0,0.0,0.0,0.0,0,-107875648.0,69,0.0,138,0.0,-109447200.0,0,13107,17040,26215,17049,13107,17043,0,0,0,70,68,100,2.7302359370752657e+23,71.2,2.7302370179391762e+23,74.3,-0.0,74.0,1,49,50,180,13107,52429,0,0,0.0,0.0,0.0,0.0,-0.0,67.0,0.0,162057.094,0.0,751,0,740,0,0,0,721,0,767,0,736,0,743,0,741,0,712,0,7520,0.032,108447924224.0,0.0,0.0,784,16797,-0.0,162057.094,-114818.039,-0.0,0.133,6.909358625270745e+28,30.0,65.0,35,0.0,0.0,0.0,0.0,0.0,0.0,0.0,0.0,0.0,0.0,0.0,0.0,0.0,0.0,0.0,0.0,69.2,0,150,71,55,65476,0,300,0,1,8,20529,65476,0,0,40632,65.0,0.0,0.0,0.0,0.0,0.0
2026-09-04T20:16:01,ERR,ERR,ERR,ERR,ERR,ERR,ERR,ERR,ERR,ERR,ERR,ERR,ERR,ERR,ERR,ERR,ERR,ERR,ERR,ERR,ERR,ERR,ERR,ERR,ERR,ERR,ERR,ERR,ERR,ERR,ERR,ERR,ERR,ERR,ERR,ERR,ERR,ERR,ERR,ERR,ERR,ERR,ERR,ERR,ERR,ERR,ERR,ERR,ERR,ERR,ERR,ERR,ERR,ERR,ERR,ERR,ERR,ERR,ERR,ERR,ERR,ERR,ERR,ERR,ERR,ERR,ERR,ERR,ERR,ERR,ERR,ERR,ERR,ERR,ERR,ERR,ERR,ERR,ERR,ERR,ERR,ERR,ERR,ERR,ERR,ERR,ERR,ERR,ERR,ERR,ERR,ERR,ERR,ERR,ERR,ERR,ERR,ERR,ERR,ERR,ERR,ERR,ERR,ERR,ERR,ERR,ERR,ERR,ERR,ERR,ERR,ERR,ERR,ERR,ERR,ERR,ERR,ERR,ERR,ERR,ERR,ERR,ERR,ERR,ERR,2.718430741444032e+23,2.7184312818759872e+23,0.0,0.0,0.0,1.3936040501711995e+18,7.805,0.0,0,0,4,0,7116,0.0,100,0.0,0.0,0.0,0.0,0.0,0,0,0,0,0.0,0,0,0,0,0,0,0,0,0,0,0,0,0,0,0,0,0,0,0,0,0,0,0,0,0,0,0,0,0,0,0,0,0,31,40,40,71,65476,0,300,0,0,8,21553,0.0,-107605600.0,0.0,0.0,0.0,0.0,0.0,0.0,0.0,0.0,0.0,0.0,0.0,0.0,0.0,0.0,0.0,0.0,0.0,0.0,0.0,0.0,0.0,-2.004,-2.004,0.0,0.0,0.0,0.0,0.0,6178.0,-8608220160.0,6941.0,2.718430741444032e+23,2.7184312818759872e+23,-0.0,2.718430741444032e+23,0.0,0.0,0.0,0.0,69,2.308841773246825e+20,0.0,0.0,0.0,0.0,0.0,0.0,0.0,0.0,0,0,0,0.0,0.0,0.0,0.0,0.0,0.0,0.0,0.0,0.0,0.0,0.0,0.0,0.0,0.0,0.0,0.0,0,-107875648.0,69,0.0,138,0.0,-109447200.0,0,13107,17040,26215,17049,13107,17043,0,0,0,70,68,100,2.7302359370752657e+23,71.2,2.7302370179391762e+23,74.3,-0.0,74.0,1,49,50,180,13107,52429,0,0,0.0,0.0,0.0,0.0,-0.0,67.0,0.0,162057.094,0.0,751,0,740,0,0,0,721,0,767,0,736,0,743,0,741,0,712,0,7520,0.032,108447924224.0,0.0,0.0,784,16797,-0.0,162057.094,-114818.039,-0.0,0.133,6.909358625270745e+28,30.0,65.0,35,0.0,0.0,0.0,0.0,0.0,0.0,0.0,0.0,0.0,0.0,0.0,0.0,0.0,0.0,0.0,0.0,69.2,0,150,71,55,65476,0,300,0,1,8,20529,65476,0,0,40632,65.0,0.0,0.0,0.0,0.0,0.0
2026-09-04T20:16:02,ERR,ERR,ERR,ERR,ERR,ERR,ERR,ERR,ERR,ERR,ERR,ERR,ERR,ERR,ERR,ERR,ERR,ERR,ERR,ERR,ERR,ERR,ERR,ERR,ERR,ERR,ERR,ERR,ERR,ERR,ERR,ERR,ERR,ERR,ERR,ERR,ERR,ERR,ERR,ERR,ERR,ERR,ERR,ERR,ERR,ERR,ERR,ERR,ERR,ERR,ERR,ERR,ERR,ERR,ERR,ERR,ERR,ERR,ERR,ERR,ERR,ERR,ERR,ERR,ERR,ERR,ERR,ERR,ERR,ERR,ERR,ERR,ERR,ERR,ERR,ERR,ERR,ERR,ERR,ERR,ERR,ERR,ERR,ERR,ERR,ERR,ERR,ERR,ERR,ERR,ERR,ERR,ERR,ERR,ERR,ERR,ERR,ERR,ERR,ERR,ERR,ERR,ERR,ERR,ERR,ERR,ERR,ERR,ERR,ERR,ERR,ERR,ERR,ERR,ERR,ERR,ERR,ERR,ERR,ERR,ERR,ERR,ERR,ERR,ERR,2.718430741444032e+23,2.7184312818759872e+23,0.0,0.0,0.0,1.3936040501711995e+18,7.805,0.0,0,0,4,0,7116,0.0,100,0.0,0.0,0.0,0.0,0.0,0,0,0,0,0.0,0,0,0,0,0,0,0,0,0,0,0,0,0,0,0,0,0,0,0,0,0,0,0,0,0,0,0,0,0,0,0,0,0,31,40,40,71,65476,0,300,0,0,8,21553,0.0,-107605600.0,0.0,0.0,0.0,0.0,0.0,0.0,0.0,0.0,0.0,0.0,0.0,0.0,0.0,0.0,0.0,0.0,0.0,0.0,0.0,0.0,0.0,-2.004,-2.004,0.0,0.0,0.0,0.0,0.0,6178.0,-8608220160.0,6941.0,2.718430741444032e+23,2.7184312818759872e+23,-0.0,2.718430741444032e+23,0.0,0.0,0.0,0.0,69,2.308841773246825e+20,0.0,0.0,0.0,0.0,0.0,0.0,0.0,0.0,0,0,0,0.0,0.0,0.0,0.0,0.0,0.0,0.0,0.0,0.0,0.0,0.0,0.0,0.0,0.0,0.0,0.0,0,-107875648.0,69,0.0,138,0.0,-109447200.0,0,13107,17040,26215,17049,13107,17043,0,0,0,70,68,100,2.7302359370752657e+23,71.2,2.7302370179391762e+23,74.2,2.7302370179391762e+23,74.0,1,49,50,180,13107,0,0,0,0.0,0.0,0.0,0.0,-0.0,67.0,0.0,162057.094,0.0,751,0,740,0,0,0,721,0,767,0,736,0,742,0,742,0,712,0,7520,0.032,91804925952.0,0.0,0.0,784,16797,-0.0,162057.094,-114818.039,-0.0,0.133,6.909358625270745e+28,30.0,65.0,35,0.0,0.0,0.0,0.0,0.0,0.0,0.0,0.0,0.0,0.0,0.0,0.0,0.0,0.0,0.0,0.0,69.2,0,150,71,55,65476,0,300,0,1,8,20529,65476,0,0,40632,65.0,0.0,0.0,0.0,0.0,0.0
2026-09-04T20:16:03,ERR,ERR,ERR,ERR,ERR,ERR,ERR,ERR,ERR,ERR,ERR,ERR,ERR,ERR,ERR,ERR,ERR,ERR,ERR,ERR,ERR,ERR,ERR,ERR,ERR,ERR,ERR,ERR,ERR,ERR,ERR,ERR,ERR,ERR,ERR,ERR,ERR,ERR,ERR,ERR,ERR,ERR,ERR,ERR,ERR,ERR,ERR,ERR,ERR,ERR,ERR,ERR,ERR,ERR,ERR,ERR,ERR,ERR,ERR,ERR,ERR,ERR,ERR,ERR,ERR,ERR,ERR,ERR,ERR,ERR,ERR,ERR,ERR,ERR,ERR,ERR,ERR,ERR,ERR,ERR,ERR,ERR,ERR,ERR,ERR,ERR,ERR,ERR,ERR,ERR,ERR,ERR,ERR,ERR,ERR,ERR,ERR,ERR,ERR,ERR,ERR,ERR,ERR,ERR,ERR,ERR,ERR,ERR,ERR,ERR,ERR,ERR,ERR,ERR,ERR,ERR,ERR,ERR,ERR,ERR,ERR,ERR,ERR,ERR,ERR,2.718430741444032e+23,2.7184312818759872e+23,0.0,0.0,0.0,1.3936040501711995e+18,7.805,0.0,0,0,4,0,7116,0.0,100,0.0,0.0,0.0,0.0,0.0,0,0,0,0,0.0,0,0,0,0,0,0,0,0,0,0,0,0,0,0,0,0,0,0,0,0,0,0,0,0,0,0,0,0,0,0,0,0,0,31,40,40,71,65476,0,300,0,0,8,21553,0.0,-107605600.0,0.0,0.0,0.0,0.0,0.0,0.0,0.0,0.0,0.0,0.0,0.0,0.0,0.0,0.0,0.0,0.0,0.0,0.0,0.0,0.0,0.0,-2.004,-2.004,0.0,0.0,0.0,0.0,0.0,6178.0,-8608220160.0,6941.0,2.718430741444032e+23,2.7184312818759872e+23,-0.0,2.718430741444032e+23,0.0,0.0,0.0,0.0,69,2.308841773246825e+20,0.0,0.0,0.0,0.0,0.0,0.0,0.0,0.0,0,0,0,0.0,0.0,0.0,0.0,0.0,0.0,0.0,0.0,0.0,0.0,0.0,0.0,0.0,0.0,0.0,0.0,0,-107875648.0,69,0.0,138,0.0,-109447200.0,0,13107,17040,26215,17049,13107,17043,0,0,0,70,68,100,2.7302359370752657e+23,71.2,2.7302370179391762e+23,74.2,2.7302370179391762e+23,74.0,1,49,50,180,13107,0,0,0,0.0,0.0,0.0,0.0,-0.0,67.0,0.0,162057.094,0.0,751,0,740,0,0,0,721,0,767,0,736,0,742,0,742,0,712,0,7520,0.032,91804925952.0,0.0,0.0,784,16797,-0.0,162057.094,-114818.039,-0.0,0.133,6.909358625270745e+28,30.0,65.0,35,0.0,0.0,0.0,0.0,0.0,0.0,0.0,0.0,0.0,0.0,0.0,0.0,0.0,0.0,0.0,0.0,69.2,0,150,71,55,65476,0,300,0,1,8,20529,65476,0,0,40632,65.0,0.0,0.0,0.0,0.0,0.0
2026-09-04T20:16:04,ERR,ERR,ERR,ERR,ERR,ERR,ERR,ERR,ERR,ERR,ERR,ERR,ERR,ERR,ERR,ERR,ERR,ERR,ERR,ERR,ERR,ERR,ERR,ERR,ERR,ERR,ERR,ERR,ERR,ERR,ERR,ERR,ERR,ERR,ERR,ERR,ERR,ERR,ERR,ERR,ERR,ERR,ERR,ERR,ERR,ERR,ERR,ERR,ERR,ERR,ERR,ERR,ERR,ERR,ERR,ERR,ERR,ERR,ERR,ERR,ERR,ERR,ERR,ERR,ERR,ERR,ERR,ERR,ERR,ERR,ERR,ERR,ERR,ERR,ERR,ERR,ERR,ERR,ERR,ERR,ERR,ERR,ERR,ERR,ERR,ERR,ERR,ERR,ERR,ERR,ERR,ERR,ERR,ERR,ERR,ERR,ERR,ERR,ERR,ERR,ERR,ERR,ERR,ERR,ERR,ERR,ERR,ERR,ERR,ERR,ERR,ERR,ERR,ERR,ERR,ERR,ERR,ERR,ERR,ERR,ERR,ERR,ERR,ERR,ERR,2.718430741444032e+23,2.7184312818759872e+23,0.0,0.0,0.0,1.3936040501711995e+18,7.805,0.0,0,0,4,0,7116,0.0,100,0.0,0.0,0.0,0.0,0.0,0,0,0,0,0.0,0,0,0,0,0,0,0,0,0,0,0,0,0,0,0,0,0,0,0,0,0,0,0,0,0,0,0,0,0,0,0,0,0,31,40,40,71,65476,0,300,0,0,8,21553,0.0,-107605600.0,0.0,0.0,0.0,0.0,0.0,0.0,0.0,0.0,0.0,0.0,0.0,0.0,0.0,0.0,0.0,0.0,0.0,0.0,0.0,0.0,0.0,-2.004,-2.004,0.0,0.0,0.0,0.0,0.0,6178.0,-8608220160.0,6941.0,2.718430741444032e+23,2.7184312818759872e+23,-0.0,2.718430741444032e+23,0.0,0.0,0.0,0.0,69,2.308841773246825e+20,0.0,0.0,0.0,0.0,0.0,0.0,0.0,0.0,0,0,0,0.0,0.0,0.0,0.0,0.0,0.0,0.0,0.0,0.0,0.0,0.0,0.0,0.0,0.0,0.0,0.0,0,-107875648.0,69,0.0,138,0.0,-109447200.0,0,13107,17040,26215,17049,13107,17043,0,0,0,70,68,100,2.7302359370752657e+23,71.2,2.7302370179391762e+23,74.2,2.7302370179391762e+23,74.0,1,49,50,180,13107,0,0,0,0.0,0.0,0.0,0.0,-0.0,67.0,0.0,162057.094,0.0,751,0,740,0,0,0,721,0,767,0,736,0,742,0,742,0,712,0,7520,0.032,91804925952.0,0.0,0.0,784,16797,-0.0,162057.094,-114818.039,-0.0,0.133,6.909358625270745e+28,30.0,65.0,35,0.0,0.0,0.0,0.0,0.0,0.0,0.0,0.0,0.0,0.0,0.0,0.0,0.0,0.0,0.0,0.0,69.2,0,150,71,55,65476,0,300,0,1,8,20529,65476,0,0,40632,65.0,0.0,0.0,0.0,0.0,0.0
2026-09-04T20:16:05,ERR,ERR,ERR,ERR,ERR,ERR,ERR,ERR,ERR,ERR,ERR,ERR,ERR,ERR,ERR,ERR,ERR,ERR,ERR,ERR,ERR,ERR,ERR,ERR,ERR,ERR,ERR,ERR,ERR,ERR,ERR,ERR,ERR,ERR,ERR,ERR,ERR,ERR,ERR,ERR,ERR,ERR,ERR,ERR,ERR,ERR,ERR,ERR,ERR,ERR,ERR,ERR,ERR,ERR,ERR,ERR,ERR,ERR,ERR,ERR,ERR,ERR,ERR,ERR,ERR,ERR,ERR,ERR,ERR,ERR,ERR,ERR,ERR,ERR,ERR,ERR,ERR,ERR,ERR,ERR,ERR,ERR,ERR,ERR,ERR,ERR,ERR,ERR,ERR,ERR,ERR,ERR,ERR,ERR,ERR,ERR,ERR,ERR,ERR,ERR,ERR,ERR,ERR,ERR,ERR,ERR,ERR,ERR,ERR,ERR,ERR,ERR,ERR,ERR,ERR,ERR,ERR,ERR,ERR,ERR,ERR,ERR,ERR,ERR,ERR,2.718430741444032e+23,2.7184312818759872e+23,0.0,0.0,0.0,1.3936040501711995e+18,7.805,0.0,0,0,4,0,7116,0.0,100,0.0,0.0,0.0,0.0,0.0,0,0,0,0,0.0,0,0,0,0,0,0,0,0,0,0,0,0,0,0,0,0,0,0,0,0,0,0,0,0,0,0,0,0,0,0,0,0,0,31,40,40,71,65476,0,300,0,0,8,21553,0.0,-107605600.0,0.0,0.0,0.0,0.0,0.0,0.0,0.0,0.0,0.0,0.0,0.0,0.0,-2.596148429267414e+33,0.0,0.0,0.0,0.0,0.0,0.0,0.0,0.0,-2.004,-2.004,0.0,0.0,0.0,0.0,0.0,6210.0,0.0,6917.0,2.718430741444032e+23,2.7184312818759872e+23,-0.0,2.718430741444032e+23,0.0,0.0,0.0,0.0,69,4.066883125581407e+29,-0.0,0.0,0.0,0.0,0.0,0.0,0.0,0.0,0,0,0,0.0,0.0,0.0,0.0,0.0,0.0,0.0,0.0,0.0,0.0,0.0,0.0,0.0,0.0,0.0,0.0,0,-107875648.0,69,0.0,138,0.0,-109447200.0,0,13107,17040,26215,17049,13107,17043,0,0,0,70,68,100,2.7302359370752657e+23,71.2,2.7302370179391762e+23,74.2,2.7302370179391762e+23,74.0,1,49,50,180,13107,0,0,0,0.0,0.0,0.0,0.0,-0.0,67.0,0.0,162057.094,0.0,751,0,740,0,0,0,721,0,767,0,736,0,742,0,742,0,712,0,7520,0.032,91804925952.0,0.0,0.0,784,16797,-0.0,162057.094,-114818.039,-0.0,0.133,6.909358625270745e+28,30.0,65.0,35,0.0,0.0,0.0,0.0,0.0,0.0,0.0,0.0,0.0,0.0,0.0,0.0,0.0,0.0,0.0,0.0,69.2,0,150,71,55,65476,0,300,0,1,8,20529,65476,0,0,40632,65.0,0.0,0.0,0.0,0.0,0.0
2026-09-04T20:16:06,ERR,ERR,ERR,ERR,ERR,ERR,ERR,ERR,ERR,ERR,ERR,ERR,ERR,ERR,ERR,ERR,ERR,ERR,ERR,ERR,ERR,ERR,ERR,ERR,ERR,ERR,ERR,ERR,ERR,ERR,ERR,ERR,ERR,ERR,ERR,ERR,ERR,ERR,ERR,ERR,ERR,ERR,ERR,ERR,ERR,ERR,ERR,ERR,ERR,ERR,ERR,ERR,ERR,ERR,ERR,ERR,ERR,ERR,ERR,ERR,ERR,ERR,ERR,ERR,ERR,ERR,ERR,ERR,ERR,ERR,ERR,ERR,ERR,ERR,ERR,ERR,ERR,ERR,ERR,ERR,ERR,ERR,ERR,ERR,ERR,ERR,ERR,ERR,ERR,ERR,ERR,ERR,ERR,ERR,ERR,ERR,ERR,ERR,ERR,ERR,ERR,ERR,ERR,ERR,ERR,ERR,ERR,ERR,ERR,ERR,ERR,ERR,ERR,ERR,ERR,ERR,ERR,ERR,ERR,ERR,ERR,ERR,ERR,ERR,ERR,2.718430741444032e+23,2.7184312818759872e+23,0.0,0.0,0.0,1.3936040501711995e+18,7.805,0.0,0,0,4,0,7116,0.0,100,0.0,0.0,0.0,0.0,0.0,0,0,0,0,0.0,0,0,0,0,0,0,0,0,0,0,0,0,0,0,0,0,0,0,0,0,0,0,0,0,0,0,0,0,0,0,0,0,0,31,40,40,71,65476,0,300,0,0,8,21553,0.0,-107605600.0,0.0,0.0,0.0,0.0,0.0,0.0,0.0,0.0,0.0,0.0,0.0,0.0,-2.596148429267414e+33,0.0,0.0,0.0,0.0,0.0,0.0,0.0,0.0,-2.004,-2.004,0.0,0.0,0.0,0.0,0.0,6210.0,0.0,6917.0,2.718430741444032e+23,2.7184312818759872e+23,-0.0,2.718430741444032e+23,0.0,0.0,0.0,0.0,69,4.066883125581407e+29,-0.0,0.0,0.0,0.0,0.0,0.0,0.0,0.0,0,0,0,0.0,0.0,0.0,0.0,0.0,0.0,0.0,0.0,0.0,0.0,0.0,0.0,0.0,0.0,0.0,0.0,0,-107875648.0,69,0.0,138,0.0,-109447200.0,0,13107,17040,26215,17049,13107,17043,0,0,0,70,68,100,2.7302359370752657e+23,71.2,2.7302370179391762e+23,74.2,2.7302370179391762e+23,74.0,1,49,50,180,13107,0,0,0,0.0,0.0,0.0,0.0,-0.0,67.0,0.0,162057.094,0.0,751,0,740,0,0,0,721,0,767,0,736,0,742,0,742,0,712,0,7520,0.032,91804925952.0,0.0,0.0,784,16797,-0.0,162057.094,-114818.039,-0.0,0.133,6.909358625270745e+28,30.0,65.0,35,0.0,0.0,0.0,0.0,0.0,0.0,0.0,0.0,0.0,0.0,0.0,0.0,0.0,0.0,0.0,0.0,69.2,0,150,71,55,65476,0,300,0,1,8,20529,65476,0,0,40632,65.0,0.0,0.0,0.0,0.0,0.0
2026-09-04T20:16:07,ERR,ERR,ERR,ERR,ERR,ERR,ERR,ERR,ERR,ERR,ERR,ERR,ERR,ERR,ERR,ERR,ERR,ERR,ERR,ERR,ERR,ERR,ERR,ERR,ERR,ERR,ERR,ERR,ERR,ERR,ERR,ERR,ERR,ERR,ERR,ERR,ERR,ERR,ERR,ERR,ERR,ERR,ERR,ERR,ERR,ERR,ERR,ERR,ERR,ERR,ERR,ERR,ERR,ERR,ERR,ERR,ERR,ERR,ERR,ERR,ERR,ERR,ERR,ERR,ERR,ERR,ERR,ERR,ERR,ERR,ERR,ERR,ERR,ERR,ERR,ERR,ERR,ERR,ERR,ERR,ERR,ERR,ERR,ERR,ERR,ERR,ERR,ERR,ERR,ERR,ERR,ERR,ERR,ERR,ERR,ERR,ERR,ERR,ERR,ERR,ERR,ERR,ERR,ERR,ERR,ERR,ERR,ERR,ERR,ERR,ERR,ERR,ERR,ERR,ERR,ERR,ERR,ERR,ERR,ERR,ERR,ERR,ERR,ERR,ERR,2.718430741444032e+23,2.7184312818759872e+23,0.0,0.0,0.0,1.3936040501711995e+18,7.805,0.0,0,0,4,0,7116,0.0,100,0.0,0.0,0.0,0.0,0.0,0,0,0,0,0.0,0,0,0,0,0,0,0,0,0,0,0,0,0,0,0,0,0,0,0,0,0,0,0,0,0,0,0,0,0,0,0,0,0,31,40,40,71,65476,0,300,0,0,8,21553,0.0,-107605600.0,0.0,0.0,0.0,0.0,0.0,0.0,0.0,0.0,0.0,0.0,0.0,0.0,-2.596148429267414e+33,0.0,0.0,0.0,0.0,0.0,0.0,0.0,0.0,-2.004,-2.004,0.0,0.0,0.0,0.0,0.0,6210.0,0.0,6917.0,2.718430741444032e+23,2.7184312818759872e+23,-0.0,2.718430741444032e+23,0.0,0.0,0.0,0.0,69,4.066883125581407e+29,-0.0,0.0,0.0,0.0,0.0,0.0,0.0,0.0,0,0,0,0.0,0.0,0.0,0.0,0.0,0.0,0.0,0.0,0.0,0.0,0.0,0.0,0.0,0.0,0.0,0.0,0,-107875648.0,69,0.0,138,0.0,-109447200.0,0,13107,17040,26215,17049,13107,17043,0,0,0,70,68,100,2.7302359370752657e+23,71.2,2.7302370179391762e+23,74.2,2.7302370179391762e+23,74.0,1,49,50,180,13107,0,0,0,0.0,0.0,0.0,0.0,-0.0,67.0,0.0,162057.094,0.0,751,0,740,0,0,0,721,0,767,0,736,0,742,0,742,0,712,0,7520,0.032,91804925952.0,0.0,0.0,784,16797,-0.0,162057.094,-114818.039,-0.0,0.133,6.909358625270745e+28,30.0,65.0,35,0.0,0.0,0.0,0.0,0.0,0.0,0.0,0.0,0.0,0.0,0.0,0.0,0.0,0.0,0.0,0.0,69.2,0,150,71,55,65476,0,300,0,1,8,20529,65476,0,0,40632,65.0,0.0,0.0,0.0,0.0,0.0
2026-09-04T20:16:08,ERR,ERR,ERR,ERR,ERR,ERR,ERR,ERR,ERR,ERR,ERR,ERR,ERR,ERR,ERR,ERR,ERR,ERR,ERR,ERR,ERR,ERR,ERR,ERR,ERR,ERR,ERR,ERR,ERR,ERR,ERR,ERR,ERR,ERR,ERR,ERR,ERR,ERR,ERR,ERR,ERR,ERR,ERR,ERR,ERR,ERR,ERR,ERR,ERR,ERR,ERR,ERR,ERR,ERR,ERR,ERR,ERR,ERR,ERR,ERR,ERR,ERR,ERR,ERR,ERR,ERR,ERR,ERR,ERR,ERR,ERR,ERR,ERR,ERR,ERR,ERR,ERR,ERR,ERR,ERR,ERR,ERR,ERR,ERR,ERR,ERR,ERR,ERR,ERR,ERR,ERR,ERR,ERR,ERR,ERR,ERR,ERR,ERR,ERR,ERR,ERR,ERR,ERR,ERR,ERR,ERR,ERR,ERR,ERR,ERR,ERR,ERR,ERR,ERR,ERR,ERR,ERR,ERR,ERR,ERR,ERR,ERR,ERR,ERR,ERR,2.718430741444032e+23,2.7184312818759872e+23,0.0,0.0,0.0,1.3936040501711995e+18,7.805,0.0,0,0,4,0,7116,0.0,100,0.0,0.0,0.0,0.0,0.0,0,0,0,0,0.0,0,0,0,0,0,0,0,0,0,0,0,0,0,0,0,0,0,0,0,0,0,0,0,0,0,0,0,0,0,0,0,0,0,31,40,40,71,65476,0,300,0,0,8,21553,0.0,-107605600.0,0.0,0.0,0.0,0.0,0.0,0.0,0.0,0.0,0.0,0.0,0.0,0.0,-2.596148429267414e+33,0.0,0.0,0.0,0.0,0.0,0.0,0.0,0.0,-2.004,-2.004,0.0,0.0,0.0,0.0,0.0,6210.0,0.0,6917.0,2.718430741444032e+23,2.7184312818759872e+23,-0.0,2.718430741444032e+23,0.0,0.0,0.0,0.0,69,4.066883125581407e+29,-0.0,0.0,0.0,0.0,0.0,0.0,0.0,0.0,0,0,0,0.0,0.0,0.0,0.0,0.0,0.0,0.0,0.0,0.0,0.0,0.0,0.0,0.0,0.0,0.0,0.0,0,-107875648.0,69,0.0,138,0.0,-109447200.0,0,13107,17040,26215,17049,13107,17043,0,0,0,70,68,100,2.7302359370752657e+23,71.2,2.7302370179391762e+23,74.2,-0.0,74.0,1,49,50,180,13107,52429,0,0,0.0,0.0,0.0,0.0,-0.0,67.0,0.0,162057.094,0.0,751,0,739,0,0,0,721,0,767,0,737,0,742,0,742,0,712,0,7520,0.032,83751862272.0,0.0,0.0,784,16797,-0.0,162057.094,-114818.039,-0.0,0.133,6.909358625270745e+28,30.0,65.0,35,0.0,0.0,0.0,0.0,0.0,0.0,0.0,0.0,0.0,0.0,0.0,0.0,0.0,0.0,0.0,0.0,69.2,0,150,71,55,65476,0,300,0,1,8,20529,65476,0,0,40632,65.0,0.0,0.0,0.0,0.0,0.0
2026-09-04T20:16:09,ERR,ERR,ERR,ERR,ERR,ERR,ERR,ERR,ERR,ERR,ERR,ERR,ERR,ERR,ERR,ERR,ERR,ERR,ERR,ERR,ERR,ERR,ERR,ERR,ERR,ERR,ERR,ERR,ERR,ERR,ERR,ERR,ERR,ERR,ERR,ERR,ERR,ERR,ERR,ERR,ERR,ERR,ERR,ERR,ERR,ERR,ERR,ERR,ERR,ERR,ERR,ERR,ERR,ERR,ERR,ERR,ERR,ERR,ERR,ERR,ERR,ERR,ERR,ERR,ERR,ERR,ERR,ERR,ERR,ERR,ERR,ERR,ERR,ERR,ERR,ERR,ERR,ERR,ERR,ERR,ERR,ERR,ERR,ERR,ERR,ERR,ERR,ERR,ERR,ERR,ERR,ERR,ERR,ERR,ERR,ERR,ERR,ERR,ERR,ERR,ERR,ERR,ERR,ERR,ERR,ERR,ERR,ERR,ERR,ERR,ERR,ERR,ERR,ERR,ERR,ERR,ERR,ERR,ERR,ERR,ERR,ERR,ERR,ERR,ERR,2.718430741444032e+23,2.7184312818759872e+23,0.0,0.0,0.0,1.3936040501711995e+18,7.805,0.0,0,0,4,0,7116,0.0,100,0.0,0.0,0.0,0.0,0.0,0,0,0,0,0.0,0,0,0,0,0,0,0,0,0,0,0,0,0,0,0,0,0,0,0,0,0,0,0,0,0,0,0,0,0,0,0,0,0,31,40,40,71,65476,0,300,0,0,8,21553,0.0,-107605600.0,0.0,0.0,0.0,0.0,0.0,0.0,0.0,0.0,0.0,0.0,0.0,0.0,-2.596148429267414e+33,0.0,0.0,0.0,0.0,0.0,0.0,0.0,0.0,-2.004,-2.004,0.0,0.0,0.0,0.0,0.0,6210.0,0.0,6917.0,2.718430741444032e+23,2.7184312818759872e+23,-0.0,2.718430741444032e+23,0.0,0.0,0.0,0.0,69,4.066883125581407e+29,-0.0,0.0,0.0,0.0,0.0,0.0,0.0,0.0,0,0,0,0.0,0.0,0.0,0.0,0.0,0.0,0.0,0.0,0.0,0.0,0.0,0.0,0.0,0.0,0.0,0.0,0,-107875648.0,69,0.0,138,0.0,-109447200.0,0,13107,17040,26215,17049,13107,17043,0,0,0,70,68,100,2.7302359370752657e+23,71.2,2.7302370179391762e+23,74.2,-0.0,74.0,1,49,50,180,13107,52429,0,0,0.0,0.0,0.0,0.0,-0.0,67.0,0.0,162057.094,0.0,751,0,739,0,0,0,721,0,767,0,737,0,742,0,742,0,712,0,7520,0.032,83751862272.0,0.0,0.0,784,16797,-0.0,162057.094,-114818.039,-0.0,0.133,6.909358625270745e+28,30.0,65.0,35,0.0,0.0,0.0,0.0,0.0,0.0,0.0,0.0,0.0,0.0,0.0,0.0,0.0,0.0,0.0,0.0,69.2,0,150,71,55,65476,0,300,0,1,8,20529,65476,0,0,40632,65.0,0.0,0.0,0.0,0.0,0.0
2026-09-04T20:16:10,ERR,ERR,ERR,ERR,ERR,ERR,ERR,ERR,ERR,ERR,ERR,ERR,ERR,ERR,ERR,ERR,ERR,ERR,ERR,ERR,ERR,ERR,ERR,ERR,ERR,ERR,ERR,ERR,ERR,ERR,ERR,ERR,ERR,ERR,ERR,ERR,ERR,ERR,ERR,ERR,ERR,ERR,ERR,ERR,ERR,ERR,ERR,ERR,ERR,ERR,ERR,ERR,ERR,ERR,ERR,ERR,ERR,ERR,ERR,ERR,ERR,ERR,ERR,ERR,ERR,ERR,ERR,ERR,ERR,ERR,ERR,ERR,ERR,ERR,ERR,ERR,ERR,ERR,ERR,ERR,ERR,ERR,ERR,ERR,ERR,ERR,ERR,ERR,ERR,ERR,ERR,ERR,ERR,ERR,ERR,ERR,ERR,ERR,ERR,ERR,ERR,ERR,ERR,ERR,ERR,ERR,ERR,ERR,ERR,ERR,ERR,ERR,ERR,ERR,ERR,ERR,ERR,ERR,ERR,ERR,ERR,ERR,ERR,ERR,ERR,2.718430741444032e+23,2.7184312818759872e+23,0.0,0.0,0.0,1.3936040501711995e+18,7.805,0.0,0,0,4,0,7116,0.0,100,0.0,0.0,0.0,0.0,0.0,0,0,0,0,0.0,0,0,0,0,0,0,0,0,0,0,0,0,0,0,0,0,0,0,0,0,0,0,0,0,0,0,0,0,0,0,0,0,0,31,40,40,71,65476,0,300,0,0,8,21553,0.0,-107605600.0,0.0,0.0,0.0,0.0,0.0,0.0,0.0,0.0,0.0,0.0,0.0,0.0,-2.596148429267414e+33,0.0,0.0,0.0,0.0,0.0,0.0,0.0,0.0,-2.004,-2.004,0.0,0.0,0.0,0.0,0.0,6210.0,0.0,6917.0,2.718430741444032e+23,2.7184312818759872e+23,-0.0,2.718430741444032e+23,0.0,0.0,0.0,0.0,69,4.066883125581407e+29,-0.0,0.0,0.0,0.0,0.0,0.0,0.0,0.0,0,0,0,0.0,0.0,0.0,0.0,0.0,0.0,0.0,0.0,0.0,0.0,0.0,0.0,0.0,0.0,0.0,0.0,0,-107875648.0,69,0.0,138,0.0,-109447200.0,0,13107,17040,26215,17049,13107,17043,0,0,0,70,68,100,2.7302359370752657e+23,71.2,2.7302370179391762e+23,74.2,-0.0,74.0,1,49,50,180,13107,52429,0,0,0.0,0.0,0.0,0.0,-0.0,67.0,0.0,162057.094,0.0,751,0,739,0,0,0,721,0,767,0,737,0,742,0,742,0,712,0,7520,0.032,83751862272.0,0.0,0.0,784,16797,-0.0,162057.094,-114818.039,-0.0,0.133,6.909358625270745e+28,30.0,65.0,35,0.0,0.0,0.0,0.0,0.0,0.0,0.0,0.0,0.0,0.0,0.0,0.0,0.0,0.0,0.0,0.0,69.2,0,150,71,55,65476,0,300,0,1,8,20529,65476,0,0,40632,65.0,0.0,0.0,0.0,0.0,0.0
2026-09-04T20:16:11,ERR,ERR,ERR,ERR,ERR,ERR,ERR,ERR,ERR,ERR,ERR,ERR,ERR,ERR,ERR,ERR,ERR,ERR,ERR,ERR,ERR,ERR,ERR,ERR,ERR,ERR,ERR,ERR,ERR,ERR,ERR,ERR,ERR,ERR,ERR,ERR,ERR,ERR,ERR,ERR,ERR,ERR,ERR,ERR,ERR,ERR,ERR,ERR,ERR,ERR,ERR,ERR,ERR,ERR,ERR,ERR,ERR,ERR,ERR,ERR,ERR,ERR,ERR,ERR,ERR,ERR,ERR,ERR,ERR,ERR,ERR,ERR,ERR,ERR,ERR,ERR,ERR,ERR,ERR,ERR,ERR,ERR,ERR,ERR,ERR,ERR,ERR,ERR,ERR,ERR,ERR,ERR,ERR,ERR,ERR,ERR,ERR,ERR,ERR,ERR,ERR,ERR,ERR,ERR,ERR,ERR,ERR,ERR,ERR,ERR,ERR,ERR,ERR,ERR,ERR,ERR,ERR,ERR,ERR,ERR,ERR,ERR,ERR,ERR,ERR,2.718430741444032e+23,2.7184312818759872e+23,0.0,0.0,0.0,1.3936040501711995e+18,7.805,0.0,0,0,4,0,7116,0.0,100,0.0,0.0,0.0,0.0,0.0,0,0,0,0,0.0,0,0,0,0,0,0,0,0,0,0,0,0,0,0,0,0,0,0,0,0,0,0,0,0,0,0,0,0,0,0,0,0,0,31,40,40,71,65476,0,300,0,0,8,21553,0.0,-107605600.0,0.0,0.0,0.0,0.0,0.0,0.0,0.0,0.0,0.0,0.0,0.0,0.0,-2.596148429267414e+33,0.0,0.0,0.0,0.0,0.0,0.0,0.0,0.0,-2.004,-2.004,0.0,0.0,0.0,0.0,0.0,6210.0,0.0,6917.0,2.718430741444032e+23,2.7184312818759872e+23,-0.0,2.718430741444032e+23,0.0,0.0,0.0,0.0,69,4.066883125581407e+29,-0.0,0.0,0.0,0.0,0.0,0.0,0.0,0.0,0,0,0,0.0,0.0,0.0,0.0,0.0,0.0,0.0,0.0,0.0,0.0,0.0,0.0,0.0,0.0,0.0,0.0,0,-107875648.0,69,0.0,138,0.0,-109447200.0,0,13107,17040,26215,17049,13107,17043,0,0,0,70,68,100,2.7302359370752657e+23,71.2,2.7302370179391762e+23,74.2,-0.0,74.0,1,49,50,180,13107,52429,0,0,0.0,0.0,0.0,0.0,-0.0,67.0,0.0,162057.094,0.0,751,0,739,0,0,0,721,0,767,0,737,0,742,0,742,0,712,0,7520,0.032,83751862272.0,0.0,0.0,784,16797,-0.0,162057.094,-114818.039,-0.0,0.133,6.909358625270745e+28,30.0,65.0,35,0.0,0.0,0.0,0.0,0.0,0.0,0.0,0.0,0.0,0.0,0.0,0.0,0.0,0.0,0.0,0.0,69.2,0,150,71,55,65476,0,300,0,1,8,20529,65476,0,0,40632,65.0,0.0,0.0,0.0,0.0,0.0
2026-09-04T20:16:12,ERR,ERR,ERR,ERR,ERR,ERR,ERR,ERR,ERR,ERR,ERR,ERR,ERR,ERR,ERR,ERR,ERR,ERR,ERR,ERR,ERR,ERR,ERR,ERR,ERR,ERR,ERR,ERR,ERR,ERR,ERR,ERR,ERR,ERR,ERR,ERR,ERR,ERR,ERR,ERR,ERR,ERR,ERR,ERR,ERR,ERR,ERR,ERR,ERR,ERR,ERR,ERR,ERR,ERR,ERR,ERR,ERR,ERR,ERR,ERR,ERR,ERR,ERR,ERR,ERR,ERR,ERR,ERR,ERR,ERR,ERR,ERR,ERR,ERR,ERR,ERR,ERR,ERR,ERR,ERR,ERR,ERR,ERR,ERR,ERR,ERR,ERR,ERR,ERR,ERR,ERR,ERR,ERR,ERR,ERR,ERR,ERR,ERR,ERR,ERR,ERR,ERR,ERR,ERR,ERR,ERR,ERR,ERR,ERR,ERR,ERR,ERR,ERR,ERR,ERR,ERR,ERR,ERR,ERR,ERR,ERR,ERR,ERR,ERR,ERR,2.718430741444032e+23,2.7184312818759872e+23,0.0,0.0,0.0,1.3936040501711995e+18,7.805,0.0,0,0,4,0,7116,0.0,100,0.0,0.0,0.0,0.0,0.0,0,0,0,0,0.0,0,0,0,0,0,0,0,0,0,0,0,0,0,0,0,0,0,0,0,0,0,0,0,0,0,0,0,0,0,0,0,0,0,31,40,40,71,65476,0,300,0,0,8,21553,0.0,-107605600.0,0.0,0.0,0.0,0.0,0.0,0.0,0.0,0.0,0.0,0.0,0.0,0.0,0.0,0.0,0.0,0.0,0.0,0.0,0.0,0.0,0.0,-2.004,-2.004,0.0,0.0,0.0,0.0,0.0,6210.0,2.4229988572865756e+24,6925.0,2.718430741444032e+23,2.7184312818759872e+23,-0.0,2.718430741444032e+23,0.0,0.0,0.0,0.0,69,2.7184314620199723e+23,-0.0,0.0,0.0,0.0,0.0,0.0,0.0,0.0,0,0,0,0.0,0.0,0.0,0.0,0.0,0.0,0.0,0.0,0.0,0.0,0.0,0.0,0.0,0.0,0.0,0.0,0,-107875648.0,69,0.0,138,0.0,-109447200.0,0,13107,17040,26215,17049,13107,17043,0,0,0,70,68,100,2.7302359370752657e+23,71.2,2.7302370179391762e+23,74.2,-0.0,74.0,1,49,50,180,13107,52429,0,0,0.0,0.0,0.0,0.0,-0.0,67.0,0.0,162057.094,0.0,751,0,739,0,0,0,721,0,767,0,737,0,742,0,742,0,712,0,7520,0.032,83751862272.0,0.0,0.0,784,16797,-0.0,162057.094,-114818.039,-0.0,0.133,6.909358625270745e+28,30.0,65.0,35,0.0,0.0,0.0,0.0,0.0,0.0,0.0,0.0,0.0,0.0,0.0,0.0,0.0,0.0,0.0,0.0,69.2,0,150,71,55,65476,0,300,0,1,8,20529,65476,0,0,40632,65.0,0.0,0.0,0.0,0.0,0.0
2026-09-04T20:16:13,ERR,ERR,ERR,ERR,ERR,ERR,ERR,ERR,ERR,ERR,ERR,ERR,ERR,ERR,ERR,ERR,ERR,ERR,ERR,ERR,ERR,ERR,ERR,ERR,ERR,ERR,ERR,ERR,ERR,ERR,ERR,ERR,ERR,ERR,ERR,ERR,ERR,ERR,ERR,ERR,ERR,ERR,ERR,ERR,ERR,ERR,ERR,ERR,ERR,ERR,ERR,ERR,ERR,ERR,ERR,ERR,ERR,ERR,ERR,ERR,ERR,ERR,ERR,ERR,ERR,ERR,ERR,ERR,ERR,ERR,ERR,ERR,ERR,ERR,ERR,ERR,ERR,ERR,ERR,ERR,ERR,ERR,ERR,ERR,ERR,ERR,ERR,ERR,ERR,ERR,ERR,ERR,ERR,ERR,ERR,ERR,ERR,ERR,ERR,ERR,ERR,ERR,ERR,ERR,ERR,ERR,ERR,ERR,ERR,ERR,ERR,ERR,ERR,ERR,ERR,ERR,ERR,ERR,ERR,ERR,ERR,ERR,ERR,ERR,ERR,2.718430741444032e+23,2.7184312818759872e+23,0.0,0.0,0.0,1.3936040501711995e+18,7.805,0.0,0,0,4,0,7116,0.0,100,0.0,0.0,0.0,0.0,0.0,0,0,0,0,0.0,0,0,0,0,0,0,0,0,0,0,0,0,0,0,0,0,0,0,0,0,0,0,0,0,0,0,0,0,0,0,0,0,0,31,40,40,71,65476,0,300,0,0,8,21553,0.0,-107605600.0,0.0,0.0,0.0,0.0,0.0,0.0,0.0,0.0,0.0,0.0,0.0,0.0,0.0,0.0,0.0,0.0,0.0,0.0,0.0,0.0,0.0,-2.004,-2.004,0.0,0.0,0.0,0.0,0.0,6210.0,2.4229988572865756e+24,6925.0,2.718430741444032e+23,2.7184312818759872e+23,-0.0,2.718430741444032e+23,0.0,0.0,0.0,0.0,69,2.7184314620199723e+23,-0.0,0.0,0.0,0.0,0.0,0.0,0.0,0.0,0,0,0,0.0,0.0,0.0,0.0,0.0,0.0,0.0,0.0,0.0,0.0,0.0,0.0,0.0,0.0,0.0,0.0,0,-107875648.0,69,0.0,138,0.0,-109447200.0,0,13107,17040,26215,17049,13107,17043,0,0,0,70,68,100,2.7302359370752657e+23,71.2,2.7302370179391762e+23,74.2,2.7302370179391762e+23,74.0,1,49,50,180,13107,52429,0,0,0.0,0.0,0.0,0.0,-0.0,67.0,0.0,162057.094,0.0,751,0,739,0,0,0,721,0,767,0,736,0,742,0,742,0,712,0,7520,0.032,107911053312.0,0.0,0.0,784,16797,-0.0,162057.094,-114818.039,-0.0,0.133,6.909358625270745e+28,30.0,65.0,35,0.0,0.0,0.0,0.0,0.0,0.0,0.0,0.0,0.0,0.0,0.0,0.0,0.0,0.0,0.0,0.0,69.2,0,150,71,55,65476,0,300,0,1,8,20529,65476,0,0,40632,65.0,0.0,0.0,0.0,0.0,0.0
2026-09-04T20:16:14,ERR,ERR,ERR,ERR,ERR,ERR,ERR,ERR,ERR,ERR,ERR,ERR,ERR,ERR,ERR,ERR,ERR,ERR,ERR,ERR,ERR,ERR,ERR,ERR,ERR,ERR,ERR,ERR,ERR,ERR,ERR,ERR,ERR,ERR,ERR,ERR,ERR,ERR,ERR,ERR,ERR,ERR,ERR,ERR,ERR,ERR,ERR,ERR,ERR,ERR,ERR,ERR,ERR,ERR,ERR,ERR,ERR,ERR,ERR,ERR,ERR,ERR,ERR,ERR,ERR,ERR,ERR,ERR,ERR,ERR,ERR,ERR,ERR,ERR,ERR,ERR,ERR,ERR,ERR,ERR,ERR,ERR,ERR,ERR,ERR,ERR,ERR,ERR,ERR,ERR,ERR,ERR,ERR,ERR,ERR,ERR,ERR,ERR,ERR,ERR,ERR,ERR,ERR,ERR,ERR,ERR,ERR,ERR,ERR,ERR,ERR,ERR,ERR,ERR,ERR,ERR,ERR,ERR,ERR,ERR,ERR,ERR,ERR,ERR,ERR,2.718430741444032e+23,2.7184312818759872e+23,0.0,0.0,0.0,1.3936040501711995e+18,7.805,0.0,0,0,4,0,7116,0.0,100,0.0,0.0,0.0,0.0,0.0,0,0,0,0,0.0,0,0,0,0,0,0,0,0,0,0,0,0,0,0,0,0,0,0,0,0,0,0,0,0,0,0,0,0,0,0,0,0,0,31,40,40,71,65476,0,300,0,0,8,21553,0.0,-107605600.0,0.0,0.0,0.0,0.0,0.0,0.0,0.0,0.0,0.0,0.0,0.0,0.0,0.0,0.0,0.0,0.0,0.0,0.0,0.0,0.0,0.0,-2.004,-2.004,0.0,0.0,0.0,0.0,0.0,6210.0,2.4229988572865756e+24,6925.0,2.718430741444032e+23,2.7184312818759872e+23,-0.0,2.718430741444032e+23,0.0,0.0,0.0,0.0,69,2.7184314620199723e+23,-0.0,0.0,0.0,0.0,0.0,0.0,0.0,0.0,0,0,0,0.0,0.0,0.0,0.0,0.0,0.0,0.0,0.0,0.0,0.0,0.0,0.0,0.0,0.0,0.0,0.0,0,-107875648.0,69,0.0,138,0.0,-109447200.0,0,13107,17040,26215,17049,13107,17043,0,0,0,70,68,100,2.7302359370752657e+23,71.2,2.7302370179391762e+23,74.2,2.7302370179391762e+23,74.0,1,49,50,180,13107,52429,0,0,0.0,0.0,0.0,0.0,-0.0,67.0,0.0,162057.094,0.0,751,0,739,0,0,0,721,0,767,0,736,0,742,0,742,0,712,0,7520,0.032,107911053312.0,0.0,0.0,784,16797,-0.0,162057.094,-114818.039,-0.0,0.133,6.909358625270745e+28,30.0,65.0,35,0.0,0.0,0.0,0.0,0.0,0.0,0.0,0.0,0.0,0.0,0.0,0.0,0.0,0.0,0.0,0.0,69.2,0,150,71,55,65476,0,300,0,1,8,20529,65476,0,0,40632,65.0,0.0,0.0,0.0,0.0,0.0
2026-09-04T20:16:15,ERR,ERR,ERR,ERR,ERR,ERR,ERR,ERR,ERR,ERR,ERR,ERR,ERR,ERR,ERR,ERR,ERR,ERR,ERR,ERR,ERR,ERR,ERR,ERR,ERR,ERR,ERR,ERR,ERR,ERR,ERR,ERR,ERR,ERR,ERR,ERR,ERR,ERR,ERR,ERR,ERR,ERR,ERR,ERR,ERR,ERR,ERR,ERR,ERR,ERR,ERR,ERR,ERR,ERR,ERR,ERR,ERR,ERR,ERR,ERR,ERR,ERR,ERR,ERR,ERR,ERR,ERR,ERR,ERR,ERR,ERR,ERR,ERR,ERR,ERR,ERR,ERR,ERR,ERR,ERR,ERR,ERR,ERR,ERR,ERR,ERR,ERR,ERR,ERR,ERR,ERR,ERR,ERR,ERR,ERR,ERR,ERR,ERR,ERR,ERR,ERR,ERR,ERR,ERR,ERR,ERR,ERR,ERR,ERR,ERR,ERR,ERR,ERR,ERR,ERR,ERR,ERR,ERR,ERR,ERR,ERR,ERR,ERR,ERR,ERR,2.718430741444032e+23,2.7184312818759872e+23,0.0,0.0,0.0,1.3936040501711995e+18,7.805,0.0,0,0,4,0,7116,0.0,100,0.0,0.0,0.0,0.0,0.0,0,0,0,0,0.0,0,0,0,0,0,0,0,0,0,0,0,0,0,0,0,0,0,0,0,0,0,0,0,0,0,0,0,0,0,0,0,0,0,31,40,40,71,65476,0,300,0,0,8,21553,0.0,-107605600.0,0.0,0.0,0.0,0.0,0.0,0.0,0.0,0.0,0.0,0.0,0.0,0.0,0.0,0.0,0.0,0.0,0.0,0.0,0.0,0.0,0.0,-2.004,-2.004,0.0,0.0,0.0,0.0,0.0,6210.0,2.4229988572865756e+24,6925.0,2.718430741444032e+23,2.7184312818759872e+23,-0.0,2.718430741444032e+23,0.0,0.0,0.0,0.0,69,2.7184314620199723e+23,-0.0,0.0,0.0,0.0,0.0,0.0,0.0,0.0,0,0,0,0.0,0.0,0.0,0.0,0.0,0.0,0.0,0.0,0.0,0.0,0.0,0.0,0.0,0.0,0.0,0.0,0,-107875648.0,69,0.0,138,0.0,-109447200.0,0,13107,17040,26215,17049,13107,17043,0,0,0,70,68,100,2.7302359370752657e+23,71.2,2.7302370179391762e+23,74.2,2.7302370179391762e+23,74.0,1,49,50,180,13107,52429,0,0,0.0,0.0,0.0,0.0,-0.0,67.0,0.0,162057.094,0.0,751,0,739,0,0,0,721,0,767,0,736,0,742,0,742,0,712,0,7520,0.032,107911053312.0,0.0,0.0,784,16797,-0.0,162057.094,-114818.039,-0.0,0.133,6.909358625270745e+28,30.0,65.0,35,0.0,0.0,0.0,0.0,0.0,0.0,0.0,0.0,0.0,0.0,0.0,0.0,0.0,0.0,0.0,0.0,69.6,0,150,71,55,65476,0,300,0,1,8,20529,65476,0,0,40632,65.0,0.0,0.0,0.0,0.0,0.0
2026-09-04T20:16:16,ERR,ERR,ERR,ERR,ERR,ERR,ERR,ERR,ERR,ERR,ERR,ERR,ERR,ERR,ERR,ERR,ERR,ERR,ERR,ERR,ERR,ERR,ERR,ERR,ERR,ERR,ERR,ERR,ERR,ERR,ERR,ERR,ERR,ERR,ERR,ERR,ERR,ERR,ERR,ERR,ERR,ERR,ERR,ERR,ERR,ERR,ERR,ERR,ERR,ERR,ERR,ERR,ERR,ERR,ERR,ERR,ERR,ERR,ERR,ERR,ERR,ERR,ERR,ERR,ERR,ERR,ERR,ERR,ERR,ERR,ERR,ERR,ERR,ERR,ERR,ERR,ERR,ERR,ERR,ERR,ERR,ERR,ERR,ERR,ERR,ERR,ERR,ERR,ERR,ERR,ERR,ERR,ERR,ERR,ERR,ERR,ERR,ERR,ERR,ERR,ERR,ERR,ERR,ERR,ERR,ERR,ERR,ERR,ERR,ERR,ERR,ERR,ERR,ERR,ERR,ERR,ERR,ERR,ERR,ERR,ERR,ERR,ERR,ERR,ERR,2.718430741444032e+23,2.7184312818759872e+23,0.0,0.0,0.0,1.3936040501711995e+18,7.805,0.0,0,0,4,0,7116,0.0,100,0.0,0.0,0.0,0.0,0.0,0,0,0,0,0.0,0,0,0,0,0,0,0,0,0,0,0,0,0,0,0,0,0,0,0,0,0,0,0,0,0,0,0,0,0,0,0,0,0,31,40,40,71,65476,0,300,0,0,8,21553,0.0,-107605600.0,0.0,0.0,0.0,0.0,0.0,0.0,0.0,0.0,0.0,0.0,0.0,0.0,0.0,0.0,0.0,0.0,0.0,0.0,0.0,0.0,0.0,-2.004,-2.004,0.0,0.0,0.0,0.0,0.0,6210.0,2.4229988572865756e+24,6925.0,2.718430741444032e+23,2.7184312818759872e+23,-0.0,2.718430741444032e+23,0.0,0.0,0.0,0.0,69,2.7184314620199723e+23,-0.0,0.0,0.0,0.0,0.0,0.0,0.0,0.0,0,0,0,0.0,0.0,0.0,0.0,0.0,0.0,0.0,0.0,0.0,0.0,0.0,0.0,0.0,0.0,0.0,0.0,0,-107875648.0,69,0.0,138,0.0,-109447200.0,0,13107,17040,26215,17049,13107,17043,0,0,0,70,68,100,2.7302359370752657e+23,71.2,2.7302370179391762e+23,74.2,2.7302370179391762e+23,74.0,1,49,50,180,13107,52429,0,0,0.0,0.0,0.0,0.0,-0.0,67.0,0.0,162057.094,0.0,751,0,739,0,0,0,721,0,767,0,736,0,742,0,742,0,712,0,7520,0.032,107911053312.0,0.0,0.0,784,16797,-0.0,162057.094,-114818.039,-0.0,0.133,6.909358625270745e+28,30.0,65.0,35,0.0,0.0,0.0,0.0,0.0,0.0,0.0,0.0,0.0,0.0,0.0,0.0,0.0,0.0,0.0,0.0,69.6,0,150,71,55,65476,0,300,0,1,8,20529,65476,0,0,40632,65.0,0.0,0.0,0.0,0.0,0.0
2026-09-04T20:16:17,ERR,ERR,ERR,ERR,ERR,ERR,ERR,ERR,ERR,ERR,ERR,ERR,ERR,ERR,ERR,ERR,ERR,ERR,ERR,ERR,ERR,ERR,ERR,ERR,ERR,ERR,ERR,ERR,ERR,ERR,ERR,ERR,ERR,ERR,ERR,ERR,ERR,ERR,ERR,ERR,ERR,ERR,ERR,ERR,ERR,ERR,ERR,ERR,ERR,ERR,ERR,ERR,ERR,ERR,ERR,ERR,ERR,ERR,ERR,ERR,ERR,ERR,ERR,ERR,ERR,ERR,ERR,ERR,ERR,ERR,ERR,ERR,ERR,ERR,ERR,ERR,ERR,ERR,ERR,ERR,ERR,ERR,ERR,ERR,ERR,ERR,ERR,ERR,ERR,ERR,ERR,ERR,ERR,ERR,ERR,ERR,ERR,ERR,ERR,ERR,ERR,ERR,ERR,ERR,ERR,ERR,ERR,ERR,ERR,ERR,ERR,ERR,ERR,ERR,ERR,ERR,ERR,ERR,ERR,ERR,ERR,ERR,ERR,ERR,ERR,2.718430741444032e+23,2.7184312818759872e+23,0.0,0.0,0.0,1.3936040501711995e+18,7.805,0.0,0,0,4,0,7116,0.0,100,0.0,0.0,0.0,0.0,0.0,0,0,0,0,0.0,0,0,0,0,0,0,0,0,0,0,0,0,0,0,0,0,0,0,0,0,0,0,0,0,0,0,0,0,0,0,0,0,0,31,40,40,71,65476,0,300,0,0,8,21553,0.0,-107605600.0,0.0,0.0,0.0,0.0,0.0,0.0,0.0,0.0,0.0,0.0,0.0,0.0,0.0,0.0,0.0,0.0,0.0,0.0,0.0,0.0,0.0,-2.004,-2.004,0.0,0.0,0.0,0.0,0.0,6210.0,2.4229988572865756e+24,6925.0,2.718430741444032e+23,2.7184312818759872e+23,-0.0,2.718430741444032e+23,0.0,0.0,0.0,0.0,69,2.7184314620199723e+23,-0.0,0.0,0.0,0.0,0.0,0.0,0.0,0.0,0,0,0,0.0,0.0,0.0,0.0,0.0,0.0,0.0,0.0,0.0,0.0,0.0,0.0,0.0,0.0,0.0,0.0,0,-107875648.0,69,0.0,138,0.0,-109447200.0,0,13107,17040,26215,17049,13107,17043,0,0,0,70,68,100,2.7302359370752657e+23,71.2,2.7302370179391762e+23,74.2,2.7302370179391762e+23,74.0,1,49,50,180,13107,52429,0,0,0.0,0.0,0.0,0.0,-0.0,67.0,0.0,162057.094,0.0,751,0,739,0,0,0,721,0,767,0,736,0,742,0,742,0,712,0,7520,0.032,107911053312.0,0.0,0.0,784,16797,-0.0,162057.094,-114818.039,-0.0,0.133,6.909358625270745e+28,30.0,65.0,35,0.0,0.0,0.0,0.0,0.0,0.0,0.0,0.0,0.0,0.0,0.0,0.0,0.0,0.0,0.0,0.0,69.6,0,150,71,55,65476,0,300,0,1,8,20529,65476,0,0,40632,65.0,0.0,0.0,0.0,0.0,0.0
2026-09-04T20:16:18,ERR,ERR,ERR,ERR,ERR,ERR,ERR,ERR,ERR,ERR,ERR,ERR,ERR,ERR,ERR,ERR,ERR,ERR,ERR,ERR,ERR,ERR,ERR,ERR,ERR,ERR,ERR,ERR,ERR,ERR,ERR,ERR,ERR,ERR,ERR,ERR,ERR,ERR,ERR,ERR,ERR,ERR,ERR,ERR,ERR,ERR,ERR,ERR,ERR,ERR,ERR,ERR,ERR,ERR,ERR,ERR,ERR,ERR,ERR,ERR,ERR,ERR,ERR,ERR,ERR,ERR,ERR,ERR,ERR,ERR,ERR,ERR,ERR,ERR,ERR,ERR,ERR,ERR,ERR,ERR,ERR,ERR,ERR,ERR,ERR,ERR,ERR,ERR,ERR,ERR,ERR,ERR,ERR,ERR,ERR,ERR,ERR,ERR,ERR,ERR,ERR,ERR,ERR,ERR,ERR,ERR,ERR,ERR,ERR,ERR,ERR,ERR,ERR,ERR,ERR,ERR,ERR,ERR,ERR,ERR,ERR,ERR,ERR,ERR,ERR,2.718430741444032e+23,2.7184312818759872e+23,0.0,0.0,0.0,1.3936040501711995e+18,7.805,0.0,0,0,4,0,7116,0.0,100,0.0,0.0,0.0,0.0,0.0,0,0,0,0,0.0,0,0,0,0,0,0,0,0,0,0,0,0,0,0,0,0,0,0,0,0,0,0,0,0,0,0,0,0,0,0,0,0,0,31,40,40,71,65476,0,300,0,0,8,21553,0.0,-107605600.0,0.0,0.0,0.0,0.0,0.0,0.0,0.0,0.0,0.0,0.0,0.0,0.0,0.0,0.0,0.0,0.0,0.0,0.0,0.0,0.0,0.0,-2.004,-2.004,0.0,0.0,0.0,0.0,0.0,6210.0,2.4229988572865756e+24,6925.0,2.718430741444032e+23,2.7184312818759872e+23,-0.0,2.718430741444032e+23,0.0,0.0,0.0,0.0,69,2.7184314620199723e+23,-0.0,0.0,0.0,0.0,0.0,0.0,0.0,0.0,0,0,0,0.0,0.0,0.0,0.0,0.0,0.0,0.0,0.0,0.0,0.0,0.0,0.0,0.0,0.0,0.0,0.0,0,-107875648.0,69,0.0,138,0.0,-109447200.0,0,13107,17040,26215,17049,13107,17043,0,0,0,70,68,100,2.7302359370752657e+23,71.2,2.7302370179391762e+23,74.2,2.7302370179391762e+23,74.0,1,49,50,180,13107,52429,0,0,0.0,0.0,0.0,0.0,-0.0,67.0,0.0,162057.094,0.0,751,0,739,0,0,0,721,0,767,0,736,0,742,0,742,0,712,0,7520,0.032,107911053312.0,0.0,0.0,784,16797,-0.0,162057.094,-114818.039,-0.0,0.133,6.909358625270745e+28,30.0,65.0,35,0.0,0.0,0.0,0.0,0.0,0.0,0.0,0.0,0.0,0.0,0.0,0.0,0.0,0.0,0.0,0.0,69.2,0,150,71,55,65476,0,300,0,1,8,20529,65476,0,0,40632,65.0,0.0,0.0,0.0,0.0,0.0
2026-09-04T20:16:19,ERR,ERR,ERR,ERR,ERR,ERR,ERR,ERR,ERR,ERR,ERR,ERR,ERR,ERR,ERR,ERR,ERR,ERR,ERR,ERR,ERR,ERR,ERR,ERR,ERR,ERR,ERR,ERR,ERR,ERR,ERR,ERR,ERR,ERR,ERR,ERR,ERR,ERR,ERR,ERR,ERR,ERR,ERR,ERR,ERR,ERR,ERR,ERR,ERR,ERR,ERR,ERR,ERR,ERR,ERR,ERR,ERR,ERR,ERR,ERR,ERR,ERR,ERR,ERR,ERR,ERR,ERR,ERR,ERR,ERR,ERR,ERR,ERR,ERR,ERR,ERR,ERR,ERR,ERR,ERR,ERR,ERR,ERR,ERR,ERR,ERR,ERR,ERR,ERR,ERR,ERR,ERR,ERR,ERR,ERR,ERR,ERR,ERR,ERR,ERR,ERR,ERR,ERR,ERR,ERR,ERR,ERR,ERR,ERR,ERR,ERR,ERR,ERR,ERR,ERR,ERR,ERR,ERR,ERR,ERR,ERR,ERR,ERR,ERR,ERR,2.718430741444032e+23,2.7184312818759872e+23,0.0,0.0,0.0,1.3936040501711995e+18,7.805,0.0,0,0,4,0,7116,0.0,100,0.0,0.0,0.0,0.0,0.0,0,0,0,0,0.0,0,0,0,0,0,0,0,0,0,0,0,0,0,0,0,0,0,0,0,0,0,0,0,0,0,0,0,0,0,0,0,0,0,31,40,40,71,65476,0,300,0,0,8,21553,0.0,-107605600.0,0.0,0.0,0.0,0.0,0.0,0.0,0.0,0.0,0.0,0.0,0.0,0.0,0.0,0.0,0.0,0.0,0.0,0.0,0.0,0.0,0.0,-2.004,-2.004,0.0,0.0,0.0,0.0,0.0,6213.0,564148383514624.0,6923.0,2.718430741444032e+23,2.7184312818759872e+23,-0.0,2.718430741444032e+23,0.0,0.0,0.0,0.0,69,-0.0,-71.63,0.0,0.0,0.0,0.0,0.0,0.0,0.0,0,0,0,0.0,0.0,0.0,0.0,0.0,0.0,0.0,0.0,0.0,0.0,0.0,0.0,0.0,0.0,0.0,0.0,0,-107875648.0,69,0.0,138,0.0,-109447200.0,0,13107,17040,26215,17049,13107,17043,0,0,0,70,68,100,2.7302359370752657e+23,71.2,2.7302370179391762e+23,74.2,-0.0,74.0,1,49,50,180,13107,52429,0,0,0.0,0.0,0.0,0.0,-0.0,67.0,0.0,162057.094,0.0,751,0,739,0,0,0,721,0,767,0,736,0,743,0,742,0,712,0,7520,0.032,108447924224.0,0.0,0.0,784,16797,-0.0,162057.094,-114818.039,-0.0,0.133,6.909358625270745e+28,30.0,65.0,35,0.0,0.0,0.0,0.0,0.0,0.0,0.0,0.0,0.0,0.0,0.0,0.0,0.0,0.0,0.0,0.0,69.2,0,150,71,55,65476,0,300,0,1,8,20529,65476,0,0,40632,65.0,0.0,0.0,0.0,0.0,0.0
2026-09-04T20:16:20,ERR,ERR,ERR,ERR,ERR,ERR,ERR,ERR,ERR,ERR,ERR,ERR,ERR,ERR,ERR,ERR,ERR,ERR,ERR,ERR,ERR,ERR,ERR,ERR,ERR,ERR,ERR,ERR,ERR,ERR,ERR,ERR,ERR,ERR,ERR,ERR,ERR,ERR,ERR,ERR,ERR,ERR,ERR,ERR,ERR,ERR,ERR,ERR,ERR,ERR,ERR,ERR,ERR,ERR,ERR,ERR,ERR,ERR,ERR,ERR,ERR,ERR,ERR,ERR,ERR,ERR,ERR,ERR,ERR,ERR,ERR,ERR,ERR,ERR,ERR,ERR,ERR,ERR,ERR,ERR,ERR,ERR,ERR,ERR,ERR,ERR,ERR,ERR,ERR,ERR,ERR,ERR,ERR,ERR,ERR,ERR,ERR,ERR,ERR,ERR,ERR,ERR,ERR,ERR,ERR,ERR,ERR,ERR,ERR,ERR,ERR,ERR,ERR,ERR,ERR,ERR,ERR,ERR,ERR,ERR,ERR,ERR,ERR,ERR,ERR,2.718430741444032e+23,2.7184312818759872e+23,0.0,0.0,0.0,1.3936040501711995e+18,7.805,0.0,0,0,4,0,7116,0.0,100,0.0,0.0,0.0,0.0,0.0,0,0,0,0,0.0,0,0,0,0,0,0,0,0,0,0,0,0,0,0,0,0,0,0,0,0,0,0,0,0,0,0,0,0,0,0,0,0,0,31,40,40,71,65476,0,300,0,0,8,21553,0.0,-107605600.0,0.0,0.0,0.0,0.0,0.0,0.0,0.0,0.0,0.0,0.0,0.0,0.0,0.0,0.0,0.0,0.0,0.0,0.0,0.0,0.0,0.0,-2.004,-2.004,0.0,0.0,0.0,0.0,0.0,6213.0,564148383514624.0,6923.0,2.718430741444032e+23,2.7184312818759872e+23,-0.0,2.718430741444032e+23,0.0,0.0,0.0,0.0,69,-0.0,-71.63,0.0,0.0,0.0,0.0,0.0,0.0,0.0,0,0,0,0.0,0.0,0.0,0.0,0.0,0.0,0.0,0.0,0.0,0.0,0.0,0.0,0.0,0.0,0.0,0.0,0,-107875648.0,69,0.0,138,0.0,-109447200.0,0,13107,17040,26215,17049,13107,17043,0,0,0,70,68,100,2.7302359370752657e+23,71.2,2.7302370179391762e+23,74.2,-0.0,74.0,1,49,50,180,13107,52429,0,0,0.0,0.0,0.0,0.0,-0.0,67.0,0.0,162057.094,0.0,751,0,739,0,0,0,721,0,767,0,736,0,743,0,742,0,712,0,7520,0.032,108447924224.0,0.0,0.0,784,16797,-0.0,162057.094,-114818.039,-0.0,0.133,6.909358625270745e+28,30.0,65.0,35,0.0,0.0,0.0,0.0,0.0,0.0,0.0,0.0,0.0,0.0,0.0,0.0,0.0,0.0,0.0,0.0,69.2,0,150,71,55,65476,0,300,0,1,8,20529,65476,0,0,40632,65.0,0.0,0.0,0.0,0.0,0.0
2026-09-04T20:16:21,ERR,ERR,ERR,ERR,ERR,ERR,ERR,ERR,ERR,ERR,ERR,ERR,ERR,ERR,ERR,ERR,ERR,ERR,ERR,ERR,ERR,ERR,ERR,ERR,ERR,ERR,ERR,ERR,ERR,ERR,ERR,ERR,ERR,ERR,ERR,ERR,ERR,ERR,ERR,ERR,ERR,ERR,ERR,ERR,ERR,ERR,ERR,ERR,ERR,ERR,ERR,ERR,ERR,ERR,ERR,ERR,ERR,ERR,ERR,ERR,ERR,ERR,ERR,ERR,ERR,ERR,ERR,ERR,ERR,ERR,ERR,ERR,ERR,ERR,ERR,ERR,ERR,ERR,ERR,ERR,ERR,ERR,ERR,ERR,ERR,ERR,ERR,ERR,ERR,ERR,ERR,ERR,ERR,ERR,ERR,ERR,ERR,ERR,ERR,ERR,ERR,ERR,ERR,ERR,ERR,ERR,ERR,ERR,ERR,ERR,ERR,ERR,ERR,ERR,ERR,ERR,ERR,ERR,ERR,ERR,ERR,ERR,ERR,ERR,ERR,2.718430741444032e+23,2.7184312818759872e+23,0.0,0.0,0.0,1.3936040501711995e+18,7.805,0.0,0,0,4,0,7116,0.0,100,0.0,0.0,0.0,0.0,0.0,0,0,0,0,0.0,0,0,0,0,0,0,0,0,0,0,0,0,0,0,0,0,0,0,0,0,0,0,0,0,0,0,0,0,0,0,0,0,0,31,40,40,71,65476,0,300,0,0,8,21553,0.0,-107605600.0,0.0,0.0,0.0,0.0,0.0,0.0,0.0,0.0,0.0,0.0,0.0,0.0,0.0,0.0,0.0,0.0,0.0,0.0,0.0,0.0,0.0,-2.004,-2.004,0.0,0.0,0.0,0.0,0.0,6213.0,564148383514624.0,6923.0,2.718430741444032e+23,2.7184312818759872e+23,-0.0,2.718430741444032e+23,0.0,0.0,0.0,0.0,69,-0.0,-71.63,0.0,0.0,0.0,0.0,0.0,0.0,0.0,0,0,0,0.0,0.0,0.0,0.0,0.0,0.0,0.0,0.0,0.0,0.0,0.0,0.0,0.0,0.0,0.0,0.0,0,-107875648.0,69,0.0,138,0.0,-109447200.0,0,13107,17040,26215,17049,13107,17043,0,0,0,70,68,100,2.7302359370752657e+23,71.2,2.7302370179391762e+23,74.2,-0.0,74.0,1,49,50,180,13107,52429,0,0,0.0,0.0,0.0,0.0,-0.0,67.0,0.0,162057.094,0.0,751,0,739,0,0,0,721,0,767,0,736,0,743,0,742,0,712,0,7520,0.032,108447924224.0,0.0,0.0,784,16797,-0.0,162057.094,-114818.039,-0.0,0.133,6.909358625270745e+28,30.0,65.0,35,0.0,0.0,0.0,0.0,0.0,0.0,0.0,0.0,0.0,0.0,0.0,0.0,0.0,0.0,0.0,0.0,69.2,0,150,71,55,65476,0,300,0,1,8,20529,65476,0,0,40632,65.0,0.0,0.0,0.0,0.0,0.0
2026-09-04T20:16:22,ERR,ERR,ERR,ERR,ERR,ERR,ERR,ERR,ERR,ERR,ERR,ERR,ERR,ERR,ERR,ERR,ERR,ERR,ERR,ERR,ERR,ERR,ERR,ERR,ERR,ERR,ERR,ERR,ERR,ERR,ERR,ERR,ERR,ERR,ERR,ERR,ERR,ERR,ERR,ERR,ERR,ERR,ERR,ERR,ERR,ERR,ERR,ERR,ERR,ERR,ERR,ERR,ERR,ERR,ERR,ERR,ERR,ERR,ERR,ERR,ERR,ERR,ERR,ERR,ERR,ERR,ERR,ERR,ERR,ERR,ERR,ERR,ERR,ERR,ERR,ERR,ERR,ERR,ERR,ERR,ERR,ERR,ERR,ERR,ERR,ERR,ERR,ERR,ERR,ERR,ERR,ERR,ERR,ERR,ERR,ERR,ERR,ERR,ERR,ERR,ERR,ERR,ERR,ERR,ERR,ERR,ERR,ERR,ERR,ERR,ERR,ERR,ERR,ERR,ERR,ERR,ERR,ERR,ERR,ERR,ERR,ERR,ERR,ERR,ERR,2.718430741444032e+23,2.7184312818759872e+23,0.0,0.0,0.0,1.3936040501711995e+18,7.805,0.0,0,0,4,0,7116,0.0,100,0.0,0.0,0.0,0.0,0.0,0,0,0,0,0.0,0,0,0,0,0,0,0,0,0,0,0,0,0,0,0,0,0,0,0,0,0,0,0,0,0,0,0,0,0,0,0,0,0,31,40,40,71,65476,0,300,0,0,8,21553,0.0,-107605600.0,0.0,0.0,0.0,0.0,0.0,0.0,0.0,0.0,0.0,0.0,0.0,0.0,0.0,0.0,0.0,0.0,0.0,0.0,0.0,0.0,0.0,-2.004,-2.004,0.0,0.0,0.0,0.0,0.0,6213.0,564148383514624.0,6923.0,2.718430741444032e+23,2.7184312818759872e+23,-0.0,2.718430741444032e+23,0.0,0.0,0.0,0.0,69,-0.0,-71.63,0.0,0.0,0.0,0.0,0.0,0.0,0.0,0,0,0,0.0,0.0,0.0,0.0,0.0,0.0,0.0,0.0,0.0,0.0,0.0,0.0,0.0,0.0,0.0,0.0,0,-107875648.0,69,0.0,138,0.0,-109447200.0,0,13107,17040,26215,17049,13107,17043,0,0,0,70,68,100,2.7302359370752657e+23,71.2,2.7302370179391762e+23,74.2,-0.0,74.0,1,49,50,180,13107,52429,0,0,0.0,0.0,0.0,0.0,-0.0,67.0,0.0,162057.094,0.0,751,0,739,0,0,0,721,0,767,0,736,0,743,0,742,0,712,0,7520,0.032,108447924224.0,0.0,0.0,784,16797,-0.0,162057.094,-114818.039,-0.0,0.133,6.909358625270745e+28,30.0,65.0,35,0.0,0.0,0.0,0.0,0.0,0.0,0.0,0.0,0.0,0.0,0.0,0.0,0.0,0.0,0.0,0.0,69.2,0,150,71,55,65476,0,300,0,1,8,20529,65476,0,0,40632,65.0,0.0,0.0,0.0,0.0,0.0
2026-09-04T20:16:23,ERR,ERR,ERR,ERR,ERR,ERR,ERR,ERR,ERR,ERR,ERR,ERR,ERR,ERR,ERR,ERR,ERR,ERR,ERR,ERR,ERR,ERR,ERR,ERR,ERR,ERR,ERR,ERR,ERR,ERR,ERR,ERR,ERR,ERR,ERR,ERR,ERR,ERR,ERR,ERR,ERR,ERR,ERR,ERR,ERR,ERR,ERR,ERR,ERR,ERR,ERR,ERR,ERR,ERR,ERR,ERR,ERR,ERR,ERR,ERR,ERR,ERR,ERR,ERR,ERR,ERR,ERR,ERR,ERR,ERR,ERR,ERR,ERR,ERR,ERR,ERR,ERR,ERR,ERR,ERR,ERR,ERR,ERR,ERR,ERR,ERR,ERR,ERR,ERR,ERR,ERR,ERR,ERR,ERR,ERR,ERR,ERR,ERR,ERR,ERR,ERR,ERR,ERR,ERR,ERR,ERR,ERR,ERR,ERR,ERR,ERR,ERR,ERR,ERR,ERR,ERR,ERR,ERR,ERR,ERR,ERR,ERR,ERR,ERR,ERR,2.718430741444032e+23,2.7184312818759872e+23,0.0,0.0,0.0,1.3936040501711995e+18,7.805,0.0,0,0,4,0,7116,0.0,100,0.0,0.0,0.0,0.0,0.0,0,0,0,0,0.0,0,0,0,0,0,0,0,0,0,0,0,0,0,0,0,0,0,0,0,0,0,0,0,0,0,0,0,0,0,0,0,0,0,31,40,40,71,65476,0,300,0,0,8,21553,0.0,-107605600.0,0.0,0.0,0.0,0.0,0.0,0.0,0.0,0.0,0.0,0.0,0.0,0.0,0.0,0.0,0.0,0.0,0.0,0.0,0.0,0.0,0.0,-2.004,-2.004,0.0,0.0,0.0,0.0,0.0,6213.0,564148383514624.0,6923.0,2.718430741444032e+23,2.7184312818759872e+23,-0.0,2.718430741444032e+23,0.0,0.0,0.0,0.0,69,-0.0,-71.63,0.0,0.0,0.0,0.0,0.0,0.0,0.0,0,0,0,0.0,0.0,0.0,0.0,0.0,0.0,0.0,0.0,0.0,0.0,0.0,0.0,0.0,0.0,0.0,0.0,0,-107875648.0,69,0.0,138,0.0,-109447200.0,0,13107,17040,26215,17049,13107,17043,0,0,0,70,68,100,2.7302359370752657e+23,71.2,2.7302370179391762e+23,74.2,-0.0,74.0,1,49,50,180,13107,52429,0,0,0.0,0.0,0.0,0.0,-0.0,67.0,0.0,162057.094,0.0,751,0,739,0,0,0,721,0,767,0,736,0,743,0,742,0,712,0,7520,0.032,108447924224.0,0.0,0.0,784,16797,-0.0,162057.094,-114818.039,-0.0,0.133,6.909358625270745e+28,30.0,65.0,35,0.0,0.0,0.0,0.0,0.0,0.0,0.0,0.0,0.0,0.0,0.0,0.0,0.0,0.0,0.0,0.0,69.2,0,150,71,55,65476,0,300,0,1,8,20529,65476,0,0,40632,65.0,0.0,0.0,0.0,0.0,0.0
2026-09-04T20:16:24,ERR,ERR,ERR,ERR,ERR,ERR,ERR,ERR,ERR,ERR,ERR,ERR,ERR,ERR,ERR,ERR,ERR,ERR,ERR,ERR,ERR,ERR,ERR,ERR,ERR,ERR,ERR,ERR,ERR,ERR,ERR,ERR,ERR,ERR,ERR,ERR,ERR,ERR,ERR,ERR,ERR,ERR,ERR,ERR,ERR,ERR,ERR,ERR,ERR,ERR,ERR,ERR,ERR,ERR,ERR,ERR,ERR,ERR,ERR,ERR,ERR,ERR,ERR,ERR,ERR,ERR,ERR,ERR,ERR,ERR,ERR,ERR,ERR,ERR,ERR,ERR,ERR,ERR,ERR,ERR,ERR,ERR,ERR,ERR,ERR,ERR,ERR,ERR,ERR,ERR,ERR,ERR,ERR,ERR,ERR,ERR,ERR,ERR,ERR,ERR,ERR,ERR,ERR,ERR,ERR,ERR,ERR,ERR,ERR,ERR,ERR,ERR,ERR,ERR,ERR,ERR,ERR,ERR,ERR,ERR,ERR,ERR,ERR,ERR,ERR,2.718430741444032e+23,2.7184312818759872e+23,0.0,0.0,0.0,1.3936040501711995e+18,7.805,0.0,0,0,4,0,7116,0.0,100,0.0,0.0,0.0,0.0,0.0,0,0,0,0,0.0,0,0,0,0,0,0,0,0,0,0,0,0,0,0,0,0,0,0,0,0,0,0,0,0,0,0,0,0,0,0,0,0,0,31,40,40,71,65476,0,300,0,0,8,21553,0.0,-107605600.0,0.0,0.0,0.0,0.0,0.0,0.0,0.0,0.0,0.0,0.0,0.0,0.0,0.0,0.0,0.0,0.0,0.0,0.0,0.0,0.0,0.0,-2.004,-2.004,0.0,0.0,0.0,0.0,0.0,6213.0,564148383514624.0,6923.0,2.718430741444032e+23,2.7184312818759872e+23,-0.0,2.718430741444032e+23,0.0,0.0,0.0,0.0,69,-0.0,-71.63,0.0,0.0,0.0,0.0,0.0,0.0,0.0,0,0,0,0.0,0.0,0.0,0.0,0.0,0.0,0.0,0.0,0.0,0.0,0.0,0.0,0.0,0.0,0.0,0.0,0,-107875648.0,69,0.0,138,0.0,-109447200.0,0,13107,17040,26215,17049,13107,17043,0,0,0,70,68,100,2.7302359370752657e+23,71.1,0.0,74.2,2.7302370179391762e+23,74.0,1,49,50,180,13107,52429,0,0,0.0,0.0,0.0,0.0,-0.0,67.0,0.0,162057.094,0.0,751,0,739,0,0,0,721,0,767,0,736,0,742,0,742,0,712,0,7520,0.032,108447924224.0,0.0,0.0,784,16797,-0.0,162057.094,-114818.039,-0.0,0.133,6.909358625270745e+28,30.0,65.0,35,0.0,0.0,0.0,0.0,0.0,0.0,0.0,0.0,0.0,0.0,0.0,0.0,0.0,0.0,0.0,0.0,69.2,0,150,71,55,65476,0,300,0,1,8,20529,65476,0,0,40632,65.0,0.0,0.0,0.0,0.0,0.0
2026-09-04T20:16:25,ERR,ERR,ERR,ERR,ERR,ERR,ERR,ERR,ERR,ERR,ERR,ERR,ERR,ERR,ERR,ERR,ERR,ERR,ERR,ERR,ERR,ERR,ERR,ERR,ERR,ERR,ERR,ERR,ERR,ERR,ERR,ERR,ERR,ERR,ERR,ERR,ERR,ERR,ERR,ERR,ERR,ERR,ERR,ERR,ERR,ERR,ERR,ERR,ERR,ERR,ERR,ERR,ERR,ERR,ERR,ERR,ERR,ERR,ERR,ERR,ERR,ERR,ERR,ERR,ERR,ERR,ERR,ERR,ERR,ERR,ERR,ERR,ERR,ERR,ERR,ERR,ERR,ERR,ERR,ERR,ERR,ERR,ERR,ERR,ERR,ERR,ERR,ERR,ERR,ERR,ERR,ERR,ERR,ERR,ERR,ERR,ERR,ERR,ERR,ERR,ERR,ERR,ERR,ERR,ERR,ERR,ERR,ERR,ERR,ERR,ERR,ERR,ERR,ERR,ERR,ERR,ERR,ERR,ERR,ERR,ERR,ERR,ERR,ERR,ERR,2.718430741444032e+23,2.7184312818759872e+23,0.0,0.0,0.0,1.3936040501711995e+18,7.805,0.0,0,0,4,0,7116,0.0,100,0.0,0.0,0.0,0.0,0.0,0,0,0,0,0.0,0,0,0,0,0,0,0,0,0,0,0,0,0,0,0,0,0,0,0,0,0,0,0,0,0,0,0,0,0,0,0,0,0,31,40,40,71,65476,0,300,0,0,8,21553,0.0,-107605600.0,0.0,0.0,0.0,0.0,0.0,0.0,0.0,0.0,0.0,0.0,0.0,0.0,0.0,0.0,0.0,0.0,0.0,0.0,0.0,0.0,0.0,-2.004,-2.004,0.0,0.0,0.0,0.0,0.0,6213.0,564148383514624.0,6923.0,2.718430741444032e+23,2.7184312818759872e+23,-0.0,2.718430741444032e+23,0.0,0.0,0.0,0.0,69,-0.0,-71.63,0.0,0.0,0.0,0.0,0.0,0.0,0.0,0,0,0,0.0,0.0,0.0,0.0,0.0,0.0,0.0,0.0,0.0,0.0,0.0,0.0,0.0,0.0,0.0,0.0,0,-107875648.0,69,0.0,138,0.0,-109447200.0,0,13107,17040,26215,17049,13107,17043,0,0,0,70,68,100,2.7302359370752657e+23,71.1,0.0,74.2,2.7302370179391762e+23,74.0,1,49,50,180,13107,52429,0,0,0.0,0.0,0.0,0.0,-0.0,67.0,0.0,162057.094,0.0,751,0,739,0,0,0,721,0,767,0,736,0,742,0,742,0,712,0,7520,0.032,108447924224.0,0.0,0.0,784,16797,-0.0,162057.094,-114818.039,-0.0,0.133,6.909358625270745e+28,30.0,65.0,35,0.0,0.0,0.0,0.0,0.0,0.0,0.0,0.0,0.0,0.0,0.0,0.0,0.0,0.0,0.0,0.0,69.2,0,150,71,55,65476,0,300,0,1,8,20529,65476,0,0,40632,65.0,0.0,0.0,0.0,0.0,0.0
2026-09-04T20:16:26,ERR,ERR,ERR,ERR,ERR,ERR,ERR,ERR,ERR,ERR,ERR,ERR,ERR,ERR,ERR,ERR,ERR,ERR,ERR,ERR,ERR,ERR,ERR,ERR,ERR,ERR,ERR,ERR,ERR,ERR,ERR,ERR,ERR,ERR,ERR,ERR,ERR,ERR,ERR,ERR,ERR,ERR,ERR,ERR,ERR,ERR,ERR,ERR,ERR,ERR,ERR,ERR,ERR,ERR,ERR,ERR,ERR,ERR,ERR,ERR,ERR,ERR,ERR,ERR,ERR,ERR,ERR,ERR,ERR,ERR,ERR,ERR,ERR,ERR,ERR,ERR,ERR,ERR,ERR,ERR,ERR,ERR,ERR,ERR,ERR,ERR,ERR,ERR,ERR,ERR,ERR,ERR,ERR,ERR,ERR,ERR,ERR,ERR,ERR,ERR,ERR,ERR,ERR,ERR,ERR,ERR,ERR,ERR,ERR,ERR,ERR,ERR,ERR,ERR,ERR,ERR,ERR,ERR,ERR,ERR,ERR,ERR,ERR,ERR,ERR,2.718430741444032e+23,2.7184312818759872e+23,0.0,0.0,0.0,1.3936040501711995e+18,7.805,0.0,0,0,4,0,7116,0.0,100,0.0,0.0,0.0,0.0,0.0,0,0,0,0,0.0,0,0,0,0,0,0,0,0,0,0,0,0,0,0,0,0,0,0,0,0,0,0,0,0,0,0,0,0,0,0,0,0,0,31,40,40,71,65476,0,300,0,0,8,21553,0.0,-107605600.0,0.0,0.0,0.0,0.0,0.0,0.0,0.0,0.0,0.0,0.0,0.0,0.0,0.0,0.0,0.0,0.0,0.0,0.0,0.0,0.0,0.0,-2.004,-2.004,0.0,0.0,0.0,0.0,0.0,6213.0,564148383514624.0,6923.0,2.718430741444032e+23,2.7184312818759872e+23,-0.0,2.718430741444032e+23,0.0,0.0,0.0,0.0,69,-0.0,-71.63,0.0,0.0,0.0,0.0,0.0,0.0,0.0,0,0,0,0.0,0.0,0.0,0.0,0.0,0.0,0.0,0.0,0.0,0.0,0.0,0.0,0.0,0.0,0.0,0.0,0,-107875648.0,69,0.0,138,0.0,-109447200.0,0,13107,17040,26215,17049,13107,17043,0,0,0,70,68,100,2.7302359370752657e+23,71.1,0.0,74.2,2.7302370179391762e+23,74.0,1,49,50,180,13107,52429,0,0,0.0,0.0,0.0,0.0,-0.0,67.0,0.0,162057.094,0.0,751,0,739,0,0,0,721,0,767,0,736,0,742,0,742,0,712,0,7520,0.032,108447924224.0,0.0,0.0,784,16797,-0.0,162057.094,-114818.039,-0.0,0.133,6.909358625270745e+28,30.0,65.0,35,0.0,0.0,0.0,0.0,0.0,0.0,0.0,0.0,0.0,0.0,0.0,0.0,0.0,0.0,0.0,0.0,69.2,0,150,71,55,65476,0,300,0,1,8,20529,65476,0,0,40632,65.0,0.0,0.0,0.0,0.0,0.0
2026-09-04T20:16:27,ERR,ERR,ERR,ERR,ERR,ERR,ERR,ERR,ERR,ERR,ERR,ERR,ERR,ERR,ERR,ERR,ERR,ERR,ERR,ERR,ERR,ERR,ERR,ERR,ERR,ERR,ERR,ERR,ERR,ERR,ERR,ERR,ERR,ERR,ERR,ERR,ERR,ERR,ERR,ERR,ERR,ERR,ERR,ERR,ERR,ERR,ERR,ERR,ERR,ERR,ERR,ERR,ERR,ERR,ERR,ERR,ERR,ERR,ERR,ERR,ERR,ERR,ERR,ERR,ERR,ERR,ERR,ERR,ERR,ERR,ERR,ERR,ERR,ERR,ERR,ERR,ERR,ERR,ERR,ERR,ERR,ERR,ERR,ERR,ERR,ERR,ERR,ERR,ERR,ERR,ERR,ERR,ERR,ERR,ERR,ERR,ERR,ERR,ERR,ERR,ERR,ERR,ERR,ERR,ERR,ERR,ERR,ERR,ERR,ERR,ERR,ERR,ERR,ERR,ERR,ERR,ERR,ERR,ERR,ERR,ERR,ERR,ERR,ERR,ERR,2.718430741444032e+23,2.7184312818759872e+23,0.0,0.0,0.0,1.3936040501711995e+18,7.805,0.0,0,0,4,0,7116,0.0,100,0.0,0.0,0.0,0.0,0.0,0,0,0,0,0.0,0,0,0,0,0,0,0,0,0,0,0,0,0,0,0,0,0,0,0,0,0,0,0,0,0,0,0,0,0,0,0,0,0,31,40,40,71,65476,0,300,0,0,8,21553,0.0,-107605600.0,0.0,0.0,0.0,0.0,0.0,0.0,0.0,0.0,0.0,0.0,0.0,0.0,0.0,0.0,0.0,0.0,0.0,0.0,0.0,0.0,0.0,-2.004,-2.004,0.0,0.0,0.0,0.0,0.0,6213.0,564148383514624.0,6923.0,2.718430741444032e+23,2.7184312818759872e+23,-0.0,2.718430741444032e+23,0.0,0.0,0.0,0.0,69,-0.0,-0.0,0.0,0.0,0.0,0.0,0.0,0.0,0.0,0,0,0,0.0,0.0,0.0,0.0,0.0,0.0,0.0,0.0,0.0,0.0,0.0,0.0,0.0,0.0,0.0,0.0,0,-107875648.0,69,0.0,138,0.0,-109447200.0,0,13107,17040,26215,17049,13107,17043,0,0,0,70,68,100,2.7302359370752657e+23,71.1,0.0,74.2,2.7302370179391762e+23,74.0,1,49,50,180,13107,52429,0,0,0.0,0.0,0.0,0.0,-0.0,67.0,0.0,162057.094,0.0,751,0,739,0,0,0,721,0,767,0,736,0,742,0,742,0,712,0,7520,0.032,108447924224.0,0.0,0.0,784,16797,-0.0,162057.094,-114818.039,-0.0,0.133,6.909358625270745e+28,30.0,65.0,35,0.0,0.0,0.0,0.0,0.0,0.0,0.0,0.0,0.0,0.0,0.0,0.0,0.0,0.0,0.0,0.0,69.2,0,150,71,55,65476,0,300,0,1,8,20529,65476,0,0,40632,65.0,0.0,0.0,0.0,0.0,0.0
2026-09-04T20:16:28,ERR,ERR,ERR,ERR,ERR,ERR,ERR,ERR,ERR,ERR,ERR,ERR,ERR,ERR,ERR,ERR,ERR,ERR,ERR,ERR,ERR,ERR,ERR,ERR,ERR,ERR,ERR,ERR,ERR,ERR,ERR,ERR,ERR,ERR,ERR,ERR,ERR,ERR,ERR,ERR,ERR,ERR,ERR,ERR,ERR,ERR,ERR,ERR,ERR,ERR,ERR,ERR,ERR,ERR,ERR,ERR,ERR,ERR,ERR,ERR,ERR,ERR,ERR,ERR,ERR,ERR,ERR,ERR,ERR,ERR,ERR,ERR,ERR,ERR,ERR,ERR,ERR,ERR,ERR,ERR,ERR,ERR,ERR,ERR,ERR,ERR,ERR,ERR,ERR,ERR,ERR,ERR,ERR,ERR,ERR,ERR,ERR,ERR,ERR,ERR,ERR,ERR,ERR,ERR,ERR,ERR,ERR,ERR,ERR,ERR,ERR,ERR,ERR,ERR,ERR,ERR,ERR,ERR,ERR,ERR,ERR,ERR,ERR,ERR,ERR,2.718430741444032e+23,2.7184312818759872e+23,0.0,0.0,0.0,1.3936040501711995e+18,7.805,0.0,0,0,4,0,7116,0.0,100,0.0,0.0,0.0,0.0,0.0,0,0,0,0,0.0,0,0,0,0,0,0,0,0,0,0,0,0,0,0,0,0,0,0,0,0,0,0,0,0,0,0,0,0,0,0,0,0,0,31,40,40,71,65476,0,300,0,0,8,21553,0.0,-107605600.0,0.0,0.0,0.0,0.0,0.0,0.0,0.0,0.0,0.0,0.0,0.0,0.0,0.0,0.0,0.0,0.0,0.0,0.0,0.0,0.0,0.0,-2.004,-2.004,0.0,0.0,0.0,0.0,0.0,6213.0,564148383514624.0,6923.0,2.718430741444032e+23,2.7184312818759872e+23,-0.0,2.718430741444032e+23,0.0,0.0,0.0,0.0,69,-0.0,-0.0,0.0,0.0,0.0,0.0,0.0,0.0,0.0,0,0,0,0.0,0.0,0.0,0.0,0.0,0.0,0.0,0.0,0.0,0.0,0.0,0.0,0.0,0.0,0.0,0.0,0,-107875648.0,69,0.0,138,0.0,-109447200.0,0,13107,17040,26215,17049,13107,17043,0,0,0,70,68,100,2.7302359370752657e+23,71.1,0.0,74.2,2.7302370179391762e+23,74.0,1,49,50,180,13107,52429,0,0,0.0,0.0,0.0,0.0,-0.0,67.0,0.0,162057.094,0.0,751,0,739,0,0,0,721,0,767,0,736,0,742,0,742,0,712,0,7520,0.032,108447924224.0,0.0,0.0,784,16797,-0.0,162057.094,-114818.039,-0.0,0.133,6.909358625270745e+28,30.0,65.0,35,0.0,0.0,0.0,0.0,0.0,0.0,0.0,0.0,0.0,0.0,0.0,0.0,0.0,0.0,0.0,0.0,69.2,0,150,71,55,65476,0,300,0,1,8,20529,65476,0,0,40632,65.0,0.0,0.0,0.0,0.0,0.0
2026-09-04T20:16:29,ERR,ERR,ERR,ERR,ERR,ERR,ERR,ERR,ERR,ERR,ERR,ERR,ERR,ERR,ERR,ERR,ERR,ERR,ERR,ERR,ERR,ERR,ERR,ERR,ERR,ERR,ERR,ERR,ERR,ERR,ERR,ERR,ERR,ERR,ERR,ERR,ERR,ERR,ERR,ERR,ERR,ERR,ERR,ERR,ERR,ERR,ERR,ERR,ERR,ERR,ERR,ERR,ERR,ERR,ERR,ERR,ERR,ERR,ERR,ERR,ERR,ERR,ERR,ERR,ERR,ERR,ERR,ERR,ERR,ERR,ERR,ERR,ERR,ERR,ERR,ERR,ERR,ERR,ERR,ERR,ERR,ERR,ERR,ERR,ERR,ERR,ERR,ERR,ERR,ERR,ERR,ERR,ERR,ERR,ERR,ERR,ERR,ERR,ERR,ERR,ERR,ERR,ERR,ERR,ERR,ERR,ERR,ERR,ERR,ERR,ERR,ERR,ERR,ERR,ERR,ERR,ERR,ERR,ERR,ERR,ERR,ERR,ERR,ERR,ERR,2.718430741444032e+23,2.7184312818759872e+23,0.0,0.0,0.0,1.3936040501711995e+18,7.805,0.0,0,0,4,0,7116,0.0,100,0.0,0.0,0.0,0.0,0.0,0,0,0,0,0.0,0,0,0,0,0,0,0,0,0,0,0,0,0,0,0,0,0,0,0,0,0,0,0,0,0,0,0,0,0,0,0,0,0,31,40,40,71,65476,0,300,0,0,8,21553,0.0,-107605600.0,0.0,0.0,0.0,0.0,0.0,0.0,0.0,0.0,0.0,0.0,0.0,0.0,0.0,0.0,0.0,0.0,0.0,0.0,0.0,0.0,0.0,-2.004,-2.004,0.0,0.0,0.0,0.0,0.0,6213.0,564148383514624.0,6923.0,2.718430741444032e+23,2.7184312818759872e+23,-0.0,2.718430741444032e+23,0.0,0.0,0.0,0.0,69,-0.0,-0.0,0.0,0.0,0.0,0.0,0.0,0.0,0.0,0,0,0,0.0,0.0,0.0,0.0,0.0,0.0,0.0,0.0,0.0,0.0,0.0,0.0,0.0,0.0,0.0,0.0,0,-107875648.0,69,0.0,138,0.0,-109447200.0,0,13107,17040,26215,17049,13107,17043,0,0,0,70,68,100,2.7302359370752657e+23,71.1,0.0,74.2,2.7302370179391762e+23,74.0,1,49,50,180,13107,52429,0,0,0.0,0.0,0.0,0.0,-0.0,67.0,0.0,162057.094,0.0,751,0,739,0,0,0,721,0,767,0,736,0,742,0,742,0,712,0,7520,0.032,108447924224.0,0.0,0.0,784,16797,-0.0,162057.094,-114818.039,-0.0,0.133,6.909358625270745e+28,30.0,65.0,35,0.0,0.0,0.0,0.0,0.0,0.0,0.0,0.0,0.0,0.0,0.0,0.0,0.0,0.0,0.0,0.0,69.2,0,150,71,55,65476,0,300,0,1,8,20529,65476,0,0,40632,65.0,0.0,0.0,0.0,0.0,0.0
2026-09-04T20:16:30,ERR,ERR,ERR,ERR,ERR,ERR,ERR,ERR,ERR,ERR,ERR,ERR,ERR,ERR,ERR,ERR,ERR,ERR,ERR,ERR,ERR,ERR,ERR,ERR,ERR,ERR,ERR,ERR,ERR,ERR,ERR,ERR,ERR,ERR,ERR,ERR,ERR,ERR,ERR,ERR,ERR,ERR,ERR,ERR,ERR,ERR,ERR,ERR,ERR,ERR,ERR,ERR,ERR,ERR,ERR,ERR,ERR,ERR,ERR,ERR,ERR,ERR,ERR,ERR,ERR,ERR,ERR,ERR,ERR,ERR,ERR,ERR,ERR,ERR,ERR,ERR,ERR,ERR,ERR,ERR,ERR,ERR,ERR,ERR,ERR,ERR,ERR,ERR,ERR,ERR,ERR,ERR,ERR,ERR,ERR,ERR,ERR,ERR,ERR,ERR,ERR,ERR,ERR,ERR,ERR,ERR,ERR,ERR,ERR,ERR,ERR,ERR,ERR,ERR,ERR,ERR,ERR,ERR,ERR,ERR,ERR,ERR,ERR,ERR,ERR,2.718430741444032e+23,2.7184312818759872e+23,0.0,0.0,0.0,1.3936040501711995e+18,7.805,0.0,0,0,4,0,7116,0.0,100,0.0,0.0,0.0,0.0,0.0,0,0,0,0,0.0,0,0,0,0,0,0,0,0,0,0,0,0,0,0,0,0,0,0,0,0,0,0,0,0,0,0,0,0,0,0,0,0,0,31,40,40,71,65476,0,300,0,0,8,21553,0.0,-107605600.0,0.0,0.0,0.0,0.0,0.0,0.0,0.0,0.0,0.0,0.0,0.0,0.0,0.0,0.0,0.0,0.0,0.0,0.0,0.0,0.0,0.0,-2.004,-2.004,0.0,0.0,0.0,0.0,0.0,6213.0,564148383514624.0,6923.0,2.718430741444032e+23,2.7184312818759872e+23,-0.0,2.718430741444032e+23,0.0,0.0,0.0,0.0,69,-0.0,-0.0,0.0,0.0,0.0,0.0,0.0,0.0,0.0,0,0,0,0.0,0.0,0.0,0.0,0.0,0.0,0.0,0.0,0.0,0.0,0.0,0.0,0.0,0.0,0.0,0.0,0,-107875648.0,69,0.0,138,0.0,-109447200.0,0,13107,17040,26215,17049,26215,17043,0,0,0,70,68,100,2.7302359370752657e+23,71.1,0.0,74.2,2.7302370179391762e+23,74.0,1,49,50,180,13107,52429,0,0,0.0,0.0,0.0,0.0,-0.0,67.0,0.0,162057.094,0.0,751,0,739,0,0,0,721,0,767,0,736,0,742,0,741,0,712,0,7520,0.032,88583700480.0,0.0,0.0,784,16797,-0.0,162057.094,-114818.039,-0.0,0.133,6.909358625270745e+28,30.0,65.0,35,0.0,0.0,0.0,0.0,0.0,0.0,0.0,0.0,0.0,0.0,0.0,0.0,0.0,0.0,0.0,0.0,69.2,0,150,71,55,65476,0,300,0,1,8,20529,65476,0,0,40632,65.0,0.0,0.0,0.0,0.0,0.0
2026-09-04T20:16:31,ERR,ERR,ERR,ERR,ERR,ERR,ERR,ERR,ERR,ERR,ERR,ERR,ERR,ERR,ERR,ERR,ERR,ERR,ERR,ERR,ERR,ERR,ERR,ERR,ERR,ERR,ERR,ERR,ERR,ERR,ERR,ERR,ERR,ERR,ERR,ERR,ERR,ERR,ERR,ERR,ERR,ERR,ERR,ERR,ERR,ERR,ERR,ERR,ERR,ERR,ERR,ERR,ERR,ERR,ERR,ERR,ERR,ERR,ERR,ERR,ERR,ERR,ERR,ERR,ERR,ERR,ERR,ERR,ERR,ERR,ERR,ERR,ERR,ERR,ERR,ERR,ERR,ERR,ERR,ERR,ERR,ERR,ERR,ERR,ERR,ERR,ERR,ERR,ERR,ERR,ERR,ERR,ERR,ERR,ERR,ERR,ERR,ERR,ERR,ERR,ERR,ERR,ERR,ERR,ERR,ERR,ERR,ERR,ERR,ERR,ERR,ERR,ERR,ERR,ERR,ERR,ERR,ERR,ERR,ERR,ERR,ERR,ERR,ERR,ERR,2.718430741444032e+23,2.7184312818759872e+23,0.0,0.0,0.0,1.3936040501711995e+18,7.805,0.0,0,0,4,0,7116,0.0,100,0.0,0.0,0.0,0.0,0.0,0,0,0,0,0.0,0,0,0,0,0,0,0,0,0,0,0,0,0,0,0,0,0,0,0,0,0,0,0,0,0,0,0,0,0,0,0,0,0,31,40,40,71,65476,0,300,0,0,8,21553,0.0,-107605600.0,0.0,0.0,0.0,0.0,0.0,0.0,0.0,0.0,0.0,0.0,0.0,0.0,0.0,0.0,0.0,0.0,0.0,0.0,0.0,0.0,0.0,-2.004,-2.004,0.0,0.0,0.0,0.0,0.0,6213.0,564148383514624.0,6923.0,2.718430741444032e+23,2.7184312818759872e+23,-0.0,2.718430741444032e+23,0.0,0.0,0.0,0.0,69,-0.0,-0.0,0.0,0.0,0.0,0.0,0.0,0.0,0.0,0,0,0,0.0,0.0,0.0,0.0,0.0,0.0,0.0,0.0,0.0,0.0,0.0,0.0,0.0,0.0,0.0,0.0,0,-107875648.0,69,0.0,138,0.0,-109447200.0,0,13107,17040,26215,17049,26215,17043,0,0,0,70,68,100,2.7302359370752657e+23,71.1,0.0,74.2,2.7302370179391762e+23,74.0,1,49,50,180,13107,52429,0,0,0.0,0.0,0.0,0.0,-0.0,67.0,0.0,162057.094,0.0,751,0,739,0,0,0,721,0,767,0,736,0,742,0,741,0,712,0,7520,0.032,88583700480.0,0.0,0.0,784,16797,-0.0,162057.094,-114818.039,-0.0,0.133,6.909358625270745e+28,30.0,65.0,35,0.0,0.0,0.0,0.0,0.0,0.0,0.0,0.0,0.0,0.0,0.0,0.0,0.0,0.0,0.0,0.0,69.2,0,150,71,55,65476,0,300,0,1,8,20529,65476,0,0,40632,65.0,0.0,0.0,0.0,0.0,0.0
2026-09-04T20:16:32,ERR,ERR,ERR,ERR,ERR,ERR,ERR,ERR,ERR,ERR,ERR,ERR,ERR,ERR,ERR,ERR,ERR,ERR,ERR,ERR,ERR,ERR,ERR,ERR,ERR,ERR,ERR,ERR,ERR,ERR,ERR,ERR,ERR,ERR,ERR,ERR,ERR,ERR,ERR,ERR,ERR,ERR,ERR,ERR,ERR,ERR,ERR,ERR,ERR,ERR,ERR,ERR,ERR,ERR,ERR,ERR,ERR,ERR,ERR,ERR,ERR,ERR,ERR,ERR,ERR,ERR,ERR,ERR,ERR,ERR,ERR,ERR,ERR,ERR,ERR,ERR,ERR,ERR,ERR,ERR,ERR,ERR,ERR,ERR,ERR,ERR,ERR,ERR,ERR,ERR,ERR,ERR,ERR,ERR,ERR,ERR,ERR,ERR,ERR,ERR,ERR,ERR,ERR,ERR,ERR,ERR,ERR,ERR,ERR,ERR,ERR,ERR,ERR,ERR,ERR,ERR,ERR,ERR,ERR,ERR,ERR,ERR,ERR,ERR,ERR,2.718430741444032e+23,2.7184312818759872e+23,0.0,0.0,0.0,1.3936040501711995e+18,7.805,0.0,0,0,4,0,7116,0.0,100,0.0,0.0,0.0,0.0,0.0,0,0,0,0,0.0,0,0,0,0,0,0,0,0,0,0,0,0,0,0,0,0,0,0,0,0,0,0,0,0,0,0,0,0,0,0,0,0,0,31,40,40,71,65476,0,300,0,0,8,21553,0.0,-107605600.0,0.0,0.0,0.0,0.0,0.0,0.0,0.0,0.0,0.0,0.0,0.0,0.0,0.0,0.0,0.0,0.0,0.0,0.0,0.0,0.0,0.0,-2.004,-2.004,0.0,0.0,0.0,0.0,0.0,6213.0,564148383514624.0,6923.0,2.718430741444032e+23,2.7184312818759872e+23,-0.0,2.718430741444032e+23,0.0,0.0,0.0,0.0,69,-0.0,-0.0,0.0,0.0,0.0,0.0,0.0,0.0,0.0,0,0,0,0.0,0.0,0.0,0.0,0.0,0.0,0.0,0.0,0.0,0.0,0.0,0.0,0.0,0.0,0.0,0.0,0,-107875648.0,69,0.0,138,0.0,-109447200.0,0,13107,17040,26215,17049,26215,17043,0,0,0,70,68,100,2.7302359370752657e+23,71.1,0.0,74.2,2.7302370179391762e+23,74.0,1,49,50,180,13107,52429,0,0,0.0,0.0,0.0,0.0,-0.0,67.0,0.0,162057.094,0.0,751,0,739,0,0,0,721,0,767,0,736,0,742,0,741,0,712,0,7520,0.032,88583700480.0,0.0,0.0,784,16797,-0.0,162057.094,-114818.039,-0.0,0.133,6.909358625270745e+28,30.0,65.0,35,0.0,0.0,0.0,0.0,0.0,0.0,0.0,0.0,0.0,0.0,0.0,0.0,0.0,0.0,0.0,0.0,69.2,0,150,71,55,65476,0,300,0,1,8,20529,65476,0,0,40632,65.0,0.0,0.0,0.0,0.0,0.0
2026-09-04T20:16:33,ERR,ERR,ERR,ERR,ERR,ERR,ERR,ERR,ERR,ERR,ERR,ERR,ERR,ERR,ERR,ERR,ERR,ERR,ERR,ERR,ERR,ERR,ERR,ERR,ERR,ERR,ERR,ERR,ERR,ERR,ERR,ERR,ERR,ERR,ERR,ERR,ERR,ERR,ERR,ERR,ERR,ERR,ERR,ERR,ERR,ERR,ERR,ERR,ERR,ERR,ERR,ERR,ERR,ERR,ERR,ERR,ERR,ERR,ERR,ERR,ERR,ERR,ERR,ERR,ERR,ERR,ERR,ERR,ERR,ERR,ERR,ERR,ERR,ERR,ERR,ERR,ERR,ERR,ERR,ERR,ERR,ERR,ERR,ERR,ERR,ERR,ERR,ERR,ERR,ERR,ERR,ERR,ERR,ERR,ERR,ERR,ERR,ERR,ERR,ERR,ERR,ERR,ERR,ERR,ERR,ERR,ERR,ERR,ERR,ERR,ERR,ERR,ERR,ERR,ERR,ERR,ERR,ERR,ERR,ERR,ERR,ERR,ERR,ERR,ERR,2.718430741444032e+23,2.7184312818759872e+23,0.0,0.0,0.0,1.3936040501711995e+18,7.805,0.0,0,0,4,0,7116,0.0,100,0.0,0.0,0.0,0.0,0.0,0,0,0,0,0.0,0,0,0,0,0,0,0,0,0,0,0,0,0,0,0,0,0,0,0,0,0,0,0,0,0,0,0,0,0,0,0,0,0,31,40,40,71,65476,0,300,0,0,8,21553,0.0,-107605600.0,0.0,0.0,0.0,0.0,0.0,0.0,0.0,0.0,0.0,0.0,0.0,0.0,0.0,0.0,0.0,0.0,0.0,0.0,0.0,0.0,0.0,-2.004,-2.004,0.0,0.0,0.0,0.0,0.0,6213.0,564148383514624.0,6923.0,2.718430741444032e+23,2.7184312818759872e+23,-0.0,2.718430741444032e+23,0.0,0.0,0.0,0.0,69,-0.0,-0.0,0.0,0.0,0.0,0.0,0.0,0.0,0.0,0,0,0,0.0,0.0,0.0,0.0,0.0,0.0,0.0,0.0,0.0,0.0,0.0,0.0,0.0,0.0,0.0,0.0,0,-107875648.0,69,0.0,138,0.0,-109447200.0,0,13107,17040,26215,17049,26215,17043,0,0,0,70,68,100,2.7302359370752657e+23,71.1,0.0,74.2,2.7302370179391762e+23,74.0,1,49,50,180,13107,52429,0,0,0.0,0.0,0.0,0.0,-0.0,67.0,0.0,162057.094,0.0,751,0,739,0,0,0,721,0,767,0,736,0,742,0,741,0,712,0,7520,0.032,88583700480.0,0.0,0.0,784,16797,-0.0,162057.094,-114818.039,-0.0,0.133,6.909358625270745e+28,30.0,65.0,35,0.0,0.0,0.0,0.0,0.0,0.0,0.0,0.0,0.0,0.0,0.0,0.0,0.0,0.0,0.0,0.0,69.2,0,150,71,55,65476,0,300,0,1,8,20529,65476,0,0,40632,65.0,0.0,0.0,0.0,0.0,0.0
2026-09-04T20:16:34,ERR,ERR,ERR,ERR,ERR,ERR,ERR,ERR,ERR,ERR,ERR,ERR,ERR,ERR,ERR,ERR,ERR,ERR,ERR,ERR,ERR,ERR,ERR,ERR,ERR,ERR,ERR,ERR,ERR,ERR,ERR,ERR,ERR,ERR,ERR,ERR,ERR,ERR,ERR,ERR,ERR,ERR,ERR,ERR,ERR,ERR,ERR,ERR,ERR,ERR,ERR,ERR,ERR,ERR,ERR,ERR,ERR,ERR,ERR,ERR,ERR,ERR,ERR,ERR,ERR,ERR,ERR,ERR,ERR,ERR,ERR,ERR,ERR,ERR,ERR,ERR,ERR,ERR,ERR,ERR,ERR,ERR,ERR,ERR,ERR,ERR,ERR,ERR,ERR,ERR,ERR,ERR,ERR,ERR,ERR,ERR,ERR,ERR,ERR,ERR,ERR,ERR,ERR,ERR,ERR,ERR,ERR,ERR,ERR,ERR,ERR,ERR,ERR,ERR,ERR,ERR,ERR,ERR,ERR,ERR,ERR,ERR,ERR,ERR,ERR,2.718430741444032e+23,2.7184312818759872e+23,0.0,0.0,0.0,1.3936040501711995e+18,7.805,0.0,0,0,4,0,7116,0.0,100,0.0,0.0,0.0,0.0,0.0,0,0,0,0,0.0,0,0,0,0,0,0,0,0,0,0,0,0,0,0,0,0,0,0,0,0,0,0,0,0,0,0,0,0,0,0,0,0,0,31,40,40,71,65476,0,300,0,0,8,21553,0.0,-107605600.0,0.0,0.0,0.0,0.0,0.0,0.0,0.0,0.0,0.0,0.0,0.0,0.0,0.0,0.0,0.0,0.0,0.0,0.0,0.0,0.0,0.0,-2.004,-2.004,0.0,0.0,0.0,0.0,0.0,6212.0,-1.0406699612351174e+34,6943.0,2.718430741444032e+23,2.7184312818759872e+23,-0.0,2.718430741444032e+23,0.0,0.0,0.0,0.0,69,-0.0,89220.938,0.0,0.0,0.0,0.0,0.0,0.0,0.0,0,0,0,0.0,0.0,0.0,0.0,0.0,0.0,0.0,0.0,0.0,0.0,0.0,0.0,0.0,0.0,0.0,0.0,0,-107875648.0,69,0.0,138,0.0,-109447200.0,0,13107,17040,26215,17049,26215,17043,0,0,0,70,68,100,2.7302359370752657e+23,71.1,0.0,74.2,2.7302370179391762e+23,74.0,1,49,50,180,13107,52429,0,0,0.0,0.0,0.0,0.0,-0.0,67.0,0.0,162057.094,0.0,751,0,739,0,0,0,721,0,767,0,736,0,742,0,741,0,712,0,7520,0.032,88583700480.0,0.0,0.0,784,16797,-0.0,162057.094,-114818.039,-0.0,0.133,6.909358625270745e+28,30.0,65.0,35,0.0,0.0,0.0,0.0,0.0,0.0,0.0,0.0,0.0,0.0,0.0,0.0,0.0,0.0,0.0,0.0,69.2,0,150,71,55,65476,0,300,0,1,8,20529,65476,0,0,40632,65.0,0.0,0.0,0.0,0.0,0.0
2026-09-04T20:16:35,ERR,ERR,ERR,ERR,ERR,ERR,ERR,ERR,ERR,ERR,ERR,ERR,ERR,ERR,ERR,ERR,ERR,ERR,ERR,ERR,ERR,ERR,ERR,ERR,ERR,ERR,ERR,ERR,ERR,ERR,ERR,ERR,ERR,ERR,ERR,ERR,ERR,ERR,ERR,ERR,ERR,ERR,ERR,ERR,ERR,ERR,ERR,ERR,ERR,ERR,ERR,ERR,ERR,ERR,ERR,ERR,ERR,ERR,ERR,ERR,ERR,ERR,ERR,ERR,ERR,ERR,ERR,ERR,ERR,ERR,ERR,ERR,ERR,ERR,ERR,ERR,ERR,ERR,ERR,ERR,ERR,ERR,ERR,ERR,ERR,ERR,ERR,ERR,ERR,ERR,ERR,ERR,ERR,ERR,ERR,ERR,ERR,ERR,ERR,ERR,ERR,ERR,ERR,ERR,ERR,ERR,ERR,ERR,ERR,ERR,ERR,ERR,ERR,ERR,ERR,ERR,ERR,ERR,ERR,ERR,ERR,ERR,ERR,ERR,ERR,2.718430741444032e+23,2.7184312818759872e+23,0.0,0.0,0.0,1.3936040501711995e+18,7.805,0.0,0,0,4,0,7116,0.0,100,0.0,0.0,0.0,0.0,0.0,0,0,0,0,0.0,0,0,0,0,0,0,0,0,0,0,0,0,0,0,0,0,0,0,0,0,0,0,0,0,0,0,0,0,0,0,0,0,0,31,40,40,71,65476,0,300,0,0,8,21553,0.0,-107605600.0,0.0,0.0,0.0,0.0,0.0,0.0,0.0,0.0,0.0,0.0,0.0,0.0,0.0,0.0,0.0,0.0,0.0,0.0,0.0,0.0,0.0,-2.004,-2.004,0.0,0.0,0.0,0.0,0.0,6212.0,-1.0406699612351174e+34,6943.0,2.718430741444032e+23,2.7184312818759872e+23,-0.0,2.718430741444032e+23,0.0,0.0,0.0,0.0,69,-0.0,89220.938,0.0,0.0,0.0,0.0,0.0,0.0,0.0,0,0,0,0.0,0.0,0.0,0.0,0.0,0.0,0.0,0.0,0.0,0.0,0.0,0.0,0.0,0.0,0.0,0.0,0,-107875648.0,69,0.0,138,0.0,-109447200.0,0,13107,17040,26215,17049,13107,17043,0,0,0,70,68,100,2.7302359370752657e+23,71.2,2.7302370179391762e+23,74.2,-0.0,74.0,1,49,50,180,13107,0,0,0,0.0,0.0,0.0,0.0,-0.0,67.0,0.0,162057.094,0.0,751,0,739,0,0,0,721,0,767,0,736,0,743,0,742,0,712,0,7520,0.032,108447924224.0,0.0,0.0,784,16797,-0.0,162057.094,-114818.039,-0.0,0.133,6.909358625270745e+28,30.0,65.0,35,0.0,0.0,0.0,0.0,0.0,0.0,0.0,0.0,0.0,0.0,0.0,0.0,0.0,0.0,0.0,0.0,69.2,0,150,71,55,65476,0,300,0,1,8,20529,65476,0,0,40632,65.0,0.0,0.0,0.0,0.0,0.0
2026-09-04T20:16:36,ERR,ERR,ERR,ERR,ERR,ERR,ERR,ERR,ERR,ERR,ERR,ERR,ERR,ERR,ERR,ERR,ERR,ERR,ERR,ERR,ERR,ERR,ERR,ERR,ERR,ERR,ERR,ERR,ERR,ERR,ERR,ERR,ERR,ERR,ERR,ERR,ERR,ERR,ERR,ERR,ERR,ERR,ERR,ERR,ERR,ERR,ERR,ERR,ERR,ERR,ERR,ERR,ERR,ERR,ERR,ERR,ERR,ERR,ERR,ERR,ERR,ERR,ERR,ERR,ERR,ERR,ERR,ERR,ERR,ERR,ERR,ERR,ERR,ERR,ERR,ERR,ERR,ERR,ERR,ERR,ERR,ERR,ERR,ERR,ERR,ERR,ERR,ERR,ERR,ERR,ERR,ERR,ERR,ERR,ERR,ERR,ERR,ERR,ERR,ERR,ERR,ERR,ERR,ERR,ERR,ERR,ERR,ERR,ERR,ERR,ERR,ERR,ERR,ERR,ERR,ERR,ERR,ERR,ERR,ERR,ERR,ERR,ERR,ERR,ERR,2.718430741444032e+23,2.7184312818759872e+23,0.0,0.0,0.0,1.3936040501711995e+18,7.805,0.0,0,0,4,0,7116,0.0,100,0.0,0.0,0.0,0.0,0.0,0,0,0,0,0.0,0,0,0,0,0,0,0,0,0,0,0,0,0,0,0,0,0,0,0,0,0,0,0,0,0,0,0,0,0,0,0,0,0,31,40,40,71,65476,0,300,0,0,8,21553,0.0,-107605600.0,0.0,0.0,0.0,0.0,0.0,0.0,0.0,0.0,0.0,0.0,0.0,0.0,0.0,0.0,0.0,0.0,0.0,0.0,0.0,0.0,0.0,-2.004,-2.004,0.0,0.0,0.0,0.0,0.0,6212.0,-1.0406699612351174e+34,6943.0,2.718430741444032e+23,2.7184312818759872e+23,-0.0,2.718430741444032e+23,0.0,0.0,0.0,0.0,69,-0.0,89220.938,0.0,0.0,0.0,0.0,0.0,0.0,0.0,0,0,0,0.0,0.0,0.0,0.0,0.0,0.0,0.0,0.0,0.0,0.0,0.0,0.0,0.0,0.0,0.0,0.0,0,-107875648.0,69,0.0,138,0.0,-109447200.0,0,13107,17040,26215,17049,13107,17043,0,0,0,70,68,100,2.7302359370752657e+23,71.2,2.7302370179391762e+23,74.2,-0.0,74.0,1,49,50,180,13107,0,0,0,0.0,0.0,0.0,0.0,-0.0,67.0,0.0,162057.094,0.0,751,0,739,0,0,0,721,0,767,0,736,0,743,0,742,0,712,0,7520,0.032,108447924224.0,0.0,0.0,784,16797,-0.0,162057.094,-114818.039,-0.0,0.133,6.909358625270745e+28,30.0,65.0,35,0.0,0.0,0.0,0.0,0.0,0.0,0.0,0.0,0.0,0.0,0.0,0.0,0.0,0.0,0.0,0.0,69.2,0,150,71,55,65476,0,300,0,1,8,20529,65476,0,0,40632,65.0,0.0,0.0,0.0,0.0,0.0
2026-09-04T20:16:37,ERR,ERR,ERR,ERR,ERR,ERR,ERR,ERR,ERR,ERR,ERR,ERR,ERR,ERR,ERR,ERR,ERR,ERR,ERR,ERR,ERR,ERR,ERR,ERR,ERR,ERR,ERR,ERR,ERR,ERR,ERR,ERR,ERR,ERR,ERR,ERR,ERR,ERR,ERR,ERR,ERR,ERR,ERR,ERR,ERR,ERR,ERR,ERR,ERR,ERR,ERR,ERR,ERR,ERR,ERR,ERR,ERR,ERR,ERR,ERR,ERR,ERR,ERR,ERR,ERR,ERR,ERR,ERR,ERR,ERR,ERR,ERR,ERR,ERR,ERR,ERR,ERR,ERR,ERR,ERR,ERR,ERR,ERR,ERR,ERR,ERR,ERR,ERR,ERR,ERR,ERR,ERR,ERR,ERR,ERR,ERR,ERR,ERR,ERR,ERR,ERR,ERR,ERR,ERR,ERR,ERR,ERR,ERR,ERR,ERR,ERR,ERR,ERR,ERR,ERR,ERR,ERR,ERR,ERR,ERR,ERR,ERR,ERR,ERR,ERR,2.718430741444032e+23,2.7184312818759872e+23,0.0,0.0,0.0,1.3936040501711995e+18,7.805,0.0,0,0,4,0,7116,0.0,100,0.0,0.0,0.0,0.0,0.0,0,0,0,0,0.0,0,0,0,0,0,0,0,0,0,0,0,0,0,0,0,0,0,0,0,0,0,0,0,0,0,0,0,0,0,0,0,0,0,31,40,40,71,65476,0,300,0,0,8,21553,0.0,-107605600.0,0.0,0.0,0.0,0.0,0.0,0.0,0.0,0.0,0.0,0.0,0.0,0.0,0.0,0.0,0.0,0.0,0.0,0.0,0.0,0.0,0.0,-2.004,-2.004,0.0,0.0,0.0,0.0,0.0,6212.0,-1.0406699612351174e+34,6943.0,2.718430741444032e+23,2.7184312818759872e+23,-0.0,2.718430741444032e+23,0.0,0.0,0.0,0.0,69,-0.0,89220.938,0.0,0.0,0.0,0.0,0.0,0.0,0.0,0,0,0,0.0,0.0,0.0,0.0,0.0,0.0,0.0,0.0,0.0,0.0,0.0,0.0,0.0,0.0,0.0,0.0,0,-107875648.0,69,0.0,138,0.0,-109447200.0,0,13107,17040,26215,17049,13107,17043,0,0,0,70,68,100,2.7302359370752657e+23,71.2,2.7302370179391762e+23,74.2,-0.0,74.0,1,49,50,180,13107,0,0,0,0.0,0.0,0.0,0.0,-0.0,67.0,0.0,162057.094,0.0,751,0,739,0,0,0,721,0,767,0,736,0,743,0,742,0,712,0,7520,0.032,108447924224.0,0.0,0.0,784,16797,-0.0,162057.094,-114818.039,-0.0,0.133,6.909358625270745e+28,30.0,65.0,35,0.0,0.0,0.0,0.0,0.0,0.0,0.0,0.0,0.0,0.0,0.0,0.0,0.0,0.0,0.0,0.0,69.2,0,150,71,55,65476,0,300,0,1,8,20529,65476,0,0,40632,65.0,0.0,0.0,0.0,0.0,0.0
2026-09-04T20:16:38,ERR,ERR,ERR,ERR,ERR,ERR,ERR,ERR,ERR,ERR,ERR,ERR,ERR,ERR,ERR,ERR,ERR,ERR,ERR,ERR,ERR,ERR,ERR,ERR,ERR,ERR,ERR,ERR,ERR,ERR,ERR,ERR,ERR,ERR,ERR,ERR,ERR,ERR,ERR,ERR,ERR,ERR,ERR,ERR,ERR,ERR,ERR,ERR,ERR,ERR,ERR,ERR,ERR,ERR,ERR,ERR,ERR,ERR,ERR,ERR,ERR,ERR,ERR,ERR,ERR,ERR,ERR,ERR,ERR,ERR,ERR,ERR,ERR,ERR,ERR,ERR,ERR,ERR,ERR,ERR,ERR,ERR,ERR,ERR,ERR,ERR,ERR,ERR,ERR,ERR,ERR,ERR,ERR,ERR,ERR,ERR,ERR,ERR,ERR,ERR,ERR,ERR,ERR,ERR,ERR,ERR,ERR,ERR,ERR,ERR,ERR,ERR,ERR,ERR,ERR,ERR,ERR,ERR,ERR,ERR,ERR,ERR,ERR,ERR,ERR,2.718430741444032e+23,2.7184312818759872e+23,0.0,0.0,0.0,1.3936040501711995e+18,7.805,0.0,0,0,4,0,7116,0.0,100,0.0,0.0,0.0,0.0,0.0,0,0,0,0,0.0,0,0,0,0,0,0,0,0,0,0,0,0,0,0,0,0,0,0,0,0,0,0,0,0,0,0,0,0,0,0,0,0,0,31,40,40,71,65476,0,300,0,0,8,21553,0.0,-107605600.0,0.0,0.0,0.0,0.0,0.0,0.0,0.0,0.0,0.0,0.0,0.0,0.0,0.0,0.0,0.0,0.0,0.0,0.0,0.0,0.0,0.0,-2.004,-2.004,0.0,0.0,0.0,0.0,0.0,6212.0,-1.0406699612351174e+34,6943.0,2.718430741444032e+23,2.7184312818759872e+23,-0.0,2.718430741444032e+23,0.0,0.0,0.0,0.0,69,-0.0,89220.938,0.0,0.0,0.0,0.0,0.0,0.0,0.0,0,0,0,0.0,0.0,0.0,0.0,0.0,0.0,0.0,0.0,0.0,0.0,0.0,0.0,0.0,0.0,0.0,0.0,0,-107875648.0,69,0.0,138,0.0,-109447200.0,0,13107,17040,26215,17049,13107,17043,0,0,0,70,68,100,2.7302359370752657e+23,71.2,2.7302370179391762e+23,74.2,-0.0,74.0,1,49,50,180,13107,0,0,0,0.0,0.0,0.0,0.0,-0.0,67.0,0.0,162057.094,0.0,751,0,739,0,0,0,721,0,767,0,736,0,743,0,742,0,712,0,7520,0.032,108447924224.0,0.0,0.0,784,16797,-0.0,162057.094,-114818.039,-0.0,0.133,6.909358625270745e+28,30.0,65.0,35,0.0,0.0,0.0,0.0,0.0,0.0,0.0,0.0,0.0,0.0,0.0,0.0,0.0,0.0,0.0,0.0,69.2,0,150,71,55,65476,0,300,0,1,8,20529,65476,0,0,40632,65.0,0.0,0.0,0.0,0.0,0.0
2026-09-04T20:16:39,ERR,ERR,ERR,ERR,ERR,ERR,ERR,ERR,ERR,ERR,ERR,ERR,ERR,ERR,ERR,ERR,ERR,ERR,ERR,ERR,ERR,ERR,ERR,ERR,ERR,ERR,ERR,ERR,ERR,ERR,ERR,ERR,ERR,ERR,ERR,ERR,ERR,ERR,ERR,ERR,ERR,ERR,ERR,ERR,ERR,ERR,ERR,ERR,ERR,ERR,ERR,ERR,ERR,ERR,ERR,ERR,ERR,ERR,ERR,ERR,ERR,ERR,ERR,ERR,ERR,ERR,ERR,ERR,ERR,ERR,ERR,ERR,ERR,ERR,ERR,ERR,ERR,ERR,ERR,ERR,ERR,ERR,ERR,ERR,ERR,ERR,ERR,ERR,ERR,ERR,ERR,ERR,ERR,ERR,ERR,ERR,ERR,ERR,ERR,ERR,ERR,ERR,ERR,ERR,ERR,ERR,ERR,ERR,ERR,ERR,ERR,ERR,ERR,ERR,ERR,ERR,ERR,ERR,ERR,ERR,ERR,ERR,ERR,ERR,ERR,2.718430741444032e+23,2.7184312818759872e+23,0.0,0.0,0.0,1.3936040501711995e+18,7.805,0.0,0,0,4,0,7116,0.0,100,0.0,0.0,0.0,0.0,0.0,0,0,0,0,0.0,0,0,0,0,0,0,0,0,0,0,0,0,0,0,0,0,0,0,0,0,0,0,0,0,0,0,0,0,0,0,0,0,0,31,40,40,71,65476,0,300,0,0,8,21553,0.0,-107605600.0,0.0,0.0,0.0,0.0,0.0,0.0,0.0,0.0,0.0,0.0,0.0,0.0,0.0,0.0,0.0,0.0,0.0,0.0,0.0,0.0,0.0,-2.004,-2.004,0.0,0.0,0.0,0.0,0.0,6212.0,-1.0406699612351174e+34,6943.0,2.718430741444032e+23,2.7184312818759872e+23,-0.0,2.718430741444032e+23,0.0,0.0,0.0,0.0,69,-0.0,89220.938,0.0,0.0,0.0,0.0,0.0,0.0,0.0,0,0,0,0.0,0.0,0.0,0.0,0.0,0.0,0.0,0.0,0.0,0.0,0.0,0.0,0.0,0.0,0.0,0.0,0,-107875648.0,69,0.0,138,0.0,-109447200.0,0,13107,17040,26215,17049,13107,17043,0,0,0,70,68,100,2.7302359370752657e+23,71.2,2.7302370179391762e+23,74.2,-0.0,74.0,1,49,50,180,13107,0,0,0,0.0,0.0,0.0,0.0,-0.0,67.0,0.0,162057.094,0.0,751,0,739,0,0,0,721,0,767,0,736,0,743,0,742,0,712,0,7520,0.032,108447924224.0,0.0,0.0,784,16797,-0.0,162057.094,-114818.039,-0.0,0.133,6.909358625270745e+28,30.0,65.0,35,0.0,0.0,0.0,0.0,0.0,0.0,0.0,0.0,0.0,0.0,0.0,0.0,0.0,0.0,0.0,0.0,69.2,0,150,71,55,65476,0,300,0,1,8,20529,65476,0,0,40632,65.0,0.0,0.0,0.0,0.0,0.0
2026-09-04T20:16:40,ERR,ERR,ERR,ERR,ERR,ERR,ERR,ERR,ERR,ERR,ERR,ERR,ERR,ERR,ERR,ERR,ERR,ERR,ERR,ERR,ERR,ERR,ERR,ERR,ERR,ERR,ERR,ERR,ERR,ERR,ERR,ERR,ERR,ERR,ERR,ERR,ERR,ERR,ERR,ERR,ERR,ERR,ERR,ERR,ERR,ERR,ERR,ERR,ERR,ERR,ERR,ERR,ERR,ERR,ERR,ERR,ERR,ERR,ERR,ERR,ERR,ERR,ERR,ERR,ERR,ERR,ERR,ERR,ERR,ERR,ERR,ERR,ERR,ERR,ERR,ERR,ERR,ERR,ERR,ERR,ERR,ERR,ERR,ERR,ERR,ERR,ERR,ERR,ERR,ERR,ERR,ERR,ERR,ERR,ERR,ERR,ERR,ERR,ERR,ERR,ERR,ERR,ERR,ERR,ERR,ERR,ERR,ERR,ERR,ERR,ERR,ERR,ERR,ERR,ERR,ERR,ERR,ERR,ERR,ERR,ERR,ERR,ERR,ERR,ERR,2.718430741444032e+23,2.7184312818759872e+23,0.0,0.0,0.0,1.3936040501711995e+18,7.805,0.0,0,0,4,0,7116,0.0,100,0.0,0.0,0.0,0.0,0.0,0,0,0,0,0.0,0,0,0,0,0,0,0,0,0,0,0,0,0,0,0,0,0,0,0,0,0,0,0,0,0,0,0,0,0,0,0,0,0,31,40,40,71,65476,0,300,0,0,8,21553,0.0,-107605600.0,0.0,0.0,0.0,0.0,0.0,0.0,0.0,0.0,0.0,0.0,0.0,0.0,0.0,0.0,0.0,0.0,0.0,0.0,0.0,0.0,0.0,-2.004,-2.004,0.0,0.0,0.0,0.0,0.0,6212.0,-1.0406699612351174e+34,6943.0,2.718430741444032e+23,2.7184312818759872e+23,-0.0,2.718430741444032e+23,0.0,0.0,0.0,0.0,69,-0.0,89220.938,0.0,0.0,0.0,0.0,0.0,0.0,0.0,0,0,0,0.0,0.0,0.0,0.0,0.0,0.0,0.0,0.0,0.0,0.0,0.0,0.0,0.0,0.0,0.0,0.0,0,-107875648.0,69,0.0,138,0.0,-109447200.0,0,13107,17040,26215,17049,13107,17043,0,0,0,70,68,100,2.7302359370752657e+23,71.2,2.7302370179391762e+23,74.2,-0.0,74.0,1,49,50,180,13107,0,0,0,0.0,0.0,0.0,0.0,-0.0,67.0,0.0,162057.094,0.0,751,0,739,0,0,0,721,0,767,0,736,0,743,0,742,0,712,0,7520,0.032,108447924224.0,0.0,0.0,784,16797,-0.0,162057.094,-114818.039,-0.0,0.133,6.909358625270745e+28,30.0,65.0,35,0.0,0.0,0.0,0.0,0.0,0.0,0.0,0.0,0.0,0.0,0.0,0.0,0.0,0.0,0.0,0.0,69.2,0,150,71,55,65476,0,300,0,1,8,20529,65476,0,0,40632,65.0,0.0,0.0,0.0,0.0,0.0
2026-09-04T20:16:41,ERR,ERR,ERR,ERR,ERR,ERR,ERR,ERR,ERR,ERR,ERR,ERR,ERR,ERR,ERR,ERR,ERR,ERR,ERR,ERR,ERR,ERR,ERR,ERR,ERR,ERR,ERR,ERR,ERR,ERR,ERR,ERR,ERR,ERR,ERR,ERR,ERR,ERR,ERR,ERR,ERR,ERR,ERR,ERR,ERR,ERR,ERR,ERR,ERR,ERR,ERR,ERR,ERR,ERR,ERR,ERR,ERR,ERR,ERR,ERR,ERR,ERR,ERR,ERR,ERR,ERR,ERR,ERR,ERR,ERR,ERR,ERR,ERR,ERR,ERR,ERR,ERR,ERR,ERR,ERR,ERR,ERR,ERR,ERR,ERR,ERR,ERR,ERR,ERR,ERR,ERR,ERR,ERR,ERR,ERR,ERR,ERR,ERR,ERR,ERR,ERR,ERR,ERR,ERR,ERR,ERR,ERR,ERR,ERR,ERR,ERR,ERR,ERR,ERR,ERR,ERR,ERR,ERR,ERR,ERR,ERR,ERR,ERR,ERR,ERR,2.718430741444032e+23,2.7184312818759872e+23,0.0,0.0,0.0,1.3936040501711995e+18,7.805,0.0,0,0,4,0,7116,0.0,100,0.0,0.0,0.0,0.0,0.0,0,0,0,0,0.0,0,0,0,0,0,0,0,0,0,0,0,0,0,0,0,0,0,0,0,0,0,0,0,0,0,0,0,0,0,0,0,0,0,31,40,40,71,65476,0,300,0,0,8,21553,0.0,-107605600.0,0.0,0.0,0.0,0.0,0.0,0.0,0.0,0.0,0.0,0.0,0.0,0.0,0.0,0.0,0.0,0.0,0.0,0.0,0.0,0.0,0.0,-2.004,-2.004,0.0,0.0,0.0,0.0,0.0,6212.0,-1.0406699612351174e+34,6943.0,2.718430741444032e+23,2.7184312818759872e+23,-0.0,2.718430741444032e+23,0.0,0.0,0.0,0.0,69,-0.0,89220.938,0.0,0.0,0.0,0.0,0.0,0.0,0.0,0,0,0,0.0,0.0,0.0,0.0,0.0,0.0,0.0,0.0,0.0,0.0,0.0,0.0,0.0,0.0,0.0,0.0,0,-107875648.0,69,0.0,138,0.0,-109447200.0,0,13107,17040,26215,17049,13107,17043,0,0,0,70,68,100,2.7302359370752657e+23,71.1,0.0,74.2,2.7302370179391762e+23,74.0,1,49,50,180,13107,52429,0,0,0.0,0.0,0.0,0.0,-0.0,67.0,0.0,162057.094,0.0,751,0,739,0,0,0,721,0,767,0,736,0,742,0,741,0,712,0,7520,0.032,108447924224.0,0.0,0.0,784,16797,-0.0,162057.094,-114818.039,-0.0,0.133,6.909358625270745e+28,30.0,65.0,35,0.0,0.0,0.0,0.0,0.0,0.0,0.0,0.0,0.0,0.0,0.0,0.0,0.0,0.0,0.0,0.0,69.2,0,150,71,55,65476,0,300,0,1,8,20529,65476,0,0,40632,65.0,0.0,0.0,0.0,0.0,0.0
2026-09-04T20:16:42,ERR,ERR,ERR,ERR,ERR,ERR,ERR,ERR,ERR,ERR,ERR,ERR,ERR,ERR,ERR,ERR,ERR,ERR,ERR,ERR,ERR,ERR,ERR,ERR,ERR,ERR,ERR,ERR,ERR,ERR,ERR,ERR,ERR,ERR,ERR,ERR,ERR,ERR,ERR,ERR,ERR,ERR,ERR,ERR,ERR,ERR,ERR,ERR,ERR,ERR,ERR,ERR,ERR,ERR,ERR,ERR,ERR,ERR,ERR,ERR,ERR,ERR,ERR,ERR,ERR,ERR,ERR,ERR,ERR,ERR,ERR,ERR,ERR,ERR,ERR,ERR,ERR,ERR,ERR,ERR,ERR,ERR,ERR,ERR,ERR,ERR,ERR,ERR,ERR,ERR,ERR,ERR,ERR,ERR,ERR,ERR,ERR,ERR,ERR,ERR,ERR,ERR,ERR,ERR,ERR,ERR,ERR,ERR,ERR,ERR,ERR,ERR,ERR,ERR,ERR,ERR,ERR,ERR,ERR,ERR,ERR,ERR,ERR,ERR,ERR,2.718430741444032e+23,2.7184312818759872e+23,0.0,0.0,0.0,1.3936040501711995e+18,7.805,0.0,0,0,4,0,7116,0.0,100,0.0,0.0,0.0,0.0,0.0,0,0,0,0,0.0,0,0,0,0,0,0,0,0,0,0,0,0,0,0,0,0,0,0,0,0,0,0,0,0,0,0,0,0,0,0,0,0,0,31,40,40,71,65476,0,300,0,0,8,21553,0.0,-107605600.0,0.0,0.0,0.0,0.0,0.0,0.0,0.0,0.0,0.0,0.0,0.0,0.0,0.0,0.0,0.0,0.0,0.0,0.0,0.0,0.0,0.0,-2.004,-2.004,0.0,0.0,0.0,0.0,0.0,6184.0,2.4229985690561995e+24,6925.0,2.718430741444032e+23,2.7184312818759872e+23,-0.0,2.718430741444032e+23,0.0,0.0,0.0,0.0,69,-0.0,-0.0,0.0,0.0,0.0,0.0,0.0,0.0,0.0,0,0,0,0.0,0.0,0.0,0.0,0.0,0.0,0.0,0.0,0.0,0.0,0.0,0.0,0.0,0.0,0.0,0.0,0,-107875648.0,69,0.0,138,0.0,-109447200.0,0,13107,17040,26215,17049,13107,17043,0,0,0,70,68,100,2.7302359370752657e+23,71.1,0.0,74.2,2.7302370179391762e+23,74.0,1,49,50,180,13107,52429,0,0,0.0,0.0,0.0,0.0,-0.0,67.0,0.0,162057.094,0.0,751,0,739,0,0,0,721,0,767,0,736,0,742,0,741,0,712,0,7520,0.032,108447924224.0,0.0,0.0,784,16797,-0.0,162057.094,-114818.039,-0.0,0.133,6.909358625270745e+28,30.0,65.0,35,0.0,0.0,0.0,0.0,0.0,0.0,0.0,0.0,0.0,0.0,0.0,0.0,0.0,0.0,0.0,0.0,69.2,0,150,71,55,65476,0,300,0,1,8,20529,65476,0,0,40632,65.0,0.0,0.0,0.0,0.0,0.0
2026-09-04T20:16:43,ERR,ERR,ERR,ERR,ERR,ERR,ERR,ERR,ERR,ERR,ERR,ERR,ERR,ERR,ERR,ERR,ERR,ERR,ERR,ERR,ERR,ERR,ERR,ERR,ERR,ERR,ERR,ERR,ERR,ERR,ERR,ERR,ERR,ERR,ERR,ERR,ERR,ERR,ERR,ERR,ERR,ERR,ERR,ERR,ERR,ERR,ERR,ERR,ERR,ERR,ERR,ERR,ERR,ERR,ERR,ERR,ERR,ERR,ERR,ERR,ERR,ERR,ERR,ERR,ERR,ERR,ERR,ERR,ERR,ERR,ERR,ERR,ERR,ERR,ERR,ERR,ERR,ERR,ERR,ERR,ERR,ERR,ERR,ERR,ERR,ERR,ERR,ERR,ERR,ERR,ERR,ERR,ERR,ERR,ERR,ERR,ERR,ERR,ERR,ERR,ERR,ERR,ERR,ERR,ERR,ERR,ERR,ERR,ERR,ERR,ERR,ERR,ERR,ERR,ERR,ERR,ERR,ERR,ERR,ERR,ERR,ERR,ERR,ERR,ERR,2.718430741444032e+23,2.7184312818759872e+23,0.0,0.0,0.0,1.3936040501711995e+18,7.805,0.0,0,0,4,0,7116,0.0,100,0.0,0.0,0.0,0.0,0.0,0,0,0,0,0.0,0,0,0,0,0,0,0,0,0,0,0,0,0,0,0,0,0,0,0,0,0,0,0,0,0,0,0,0,0,0,0,0,0,31,40,40,71,65476,0,300,0,0,8,21553,0.0,-107605600.0,0.0,0.0,0.0,0.0,0.0,0.0,0.0,0.0,0.0,0.0,0.0,0.0,0.0,0.0,0.0,0.0,0.0,0.0,0.0,0.0,0.0,-2.004,-2.004,0.0,0.0,0.0,0.0,0.0,6184.0,2.4229985690561995e+24,6925.0,2.718430741444032e+23,2.7184312818759872e+23,-0.0,2.718430741444032e+23,0.0,0.0,0.0,0.0,69,-0.0,-0.0,0.0,0.0,0.0,0.0,0.0,0.0,0.0,0,0,0,0.0,0.0,0.0,0.0,0.0,0.0,0.0,0.0,0.0,0.0,0.0,0.0,0.0,0.0,0.0,0.0,0,-107875648.0,69,0.0,138,0.0,-109447200.0,0,13107,17040,26215,17049,13107,17043,0,0,0,70,68,100,2.7302359370752657e+23,71.1,0.0,74.2,2.7302370179391762e+23,74.0,1,49,50,180,13107,52429,0,0,0.0,0.0,0.0,0.0,-0.0,67.0,0.0,162057.094,0.0,751,0,739,0,0,0,721,0,767,0,736,0,742,0,741,0,712,0,7520,0.032,108447924224.0,0.0,0.0,784,16797,-0.0,162057.094,-114818.039,-0.0,0.133,6.909358625270745e+28,30.0,65.0,35,0.0,0.0,0.0,0.0,0.0,0.0,0.0,0.0,0.0,0.0,0.0,0.0,0.0,0.0,0.0,0.0,69.2,0,150,71,55,65476,0,300,0,1,8,20529,65476,0,0,40632,65.0,0.0,0.0,0.0,0.0,0.0
2026-09-04T20:16:44,ERR,ERR,ERR,ERR,ERR,ERR,ERR,ERR,ERR,ERR,ERR,ERR,ERR,ERR,ERR,ERR,ERR,ERR,ERR,ERR,ERR,ERR,ERR,ERR,ERR,ERR,ERR,ERR,ERR,ERR,ERR,ERR,ERR,ERR,ERR,ERR,ERR,ERR,ERR,ERR,ERR,ERR,ERR,ERR,ERR,ERR,ERR,ERR,ERR,ERR,ERR,ERR,ERR,ERR,ERR,ERR,ERR,ERR,ERR,ERR,ERR,ERR,ERR,ERR,ERR,ERR,ERR,ERR,ERR,ERR,ERR,ERR,ERR,ERR,ERR,ERR,ERR,ERR,ERR,ERR,ERR,ERR,ERR,ERR,ERR,ERR,ERR,ERR,ERR,ERR,ERR,ERR,ERR,ERR,ERR,ERR,ERR,ERR,ERR,ERR,ERR,ERR,ERR,ERR,ERR,ERR,ERR,ERR,ERR,ERR,ERR,ERR,ERR,ERR,ERR,ERR,ERR,ERR,ERR,ERR,ERR,ERR,ERR,ERR,ERR,2.718430741444032e+23,2.7184312818759872e+23,0.0,0.0,0.0,1.3936040501711995e+18,7.805,0.0,0,0,4,0,7116,0.0,100,0.0,0.0,0.0,0.0,0.0,0,0,0,0,0.0,0,0,0,0,0,0,0,0,0,0,0,0,0,0,0,0,0,0,0,0,0,0,0,0,0,0,0,0,0,0,0,0,0,31,40,40,71,65476,0,300,0,0,8,21553,0.0,-107605600.0,0.0,0.0,0.0,0.0,0.0,0.0,0.0,0.0,0.0,0.0,0.0,0.0,0.0,0.0,0.0,0.0,0.0,0.0,0.0,0.0,0.0,-2.004,-2.004,0.0,0.0,0.0,0.0,0.0,6184.0,2.4229985690561995e+24,6925.0,2.718430741444032e+23,2.7184312818759872e+23,-0.0,2.718430741444032e+23,0.0,0.0,0.0,0.0,69,-0.0,-0.0,0.0,0.0,0.0,0.0,0.0,0.0,0.0,0,0,0,0.0,0.0,0.0,0.0,0.0,0.0,0.0,0.0,0.0,0.0,0.0,0.0,0.0,0.0,0.0,0.0,0,-107875648.0,69,0.0,138,0.0,-109447200.0,0,13107,17040,26215,17049,13107,17043,0,0,0,70,68,100,2.7302359370752657e+23,71.1,0.0,74.2,2.7302370179391762e+23,74.0,1,49,50,180,13107,52429,0,0,0.0,0.0,0.0,0.0,-0.0,67.0,0.0,162057.094,0.0,751,0,739,0,0,0,721,0,767,0,736,0,742,0,741,0,712,0,7520,0.032,108447924224.0,0.0,0.0,784,16797,-0.0,162057.094,-114818.039,-0.0,0.133,6.909358625270745e+28,30.0,65.0,35,0.0,0.0,0.0,0.0,0.0,0.0,0.0,0.0,0.0,0.0,0.0,0.0,0.0,0.0,0.0,0.0,69.2,0,150,71,55,65476,0,300,0,1,8,20529,65476,0,0,40632,65.0,0.0,0.0,0.0,0.0,0.0
2026-09-04T20:16:45,ERR,ERR,ERR,ERR,ERR,ERR,ERR,ERR,ERR,ERR,ERR,ERR,ERR,ERR,ERR,ERR,ERR,ERR,ERR,ERR,ERR,ERR,ERR,ERR,ERR,ERR,ERR,ERR,ERR,ERR,ERR,ERR,ERR,ERR,ERR,ERR,ERR,ERR,ERR,ERR,ERR,ERR,ERR,ERR,ERR,ERR,ERR,ERR,ERR,ERR,ERR,ERR,ERR,ERR,ERR,ERR,ERR,ERR,ERR,ERR,ERR,ERR,ERR,ERR,ERR,ERR,ERR,ERR,ERR,ERR,ERR,ERR,ERR,ERR,ERR,ERR,ERR,ERR,ERR,ERR,ERR,ERR,ERR,ERR,ERR,ERR,ERR,ERR,ERR,ERR,ERR,ERR,ERR,ERR,ERR,ERR,ERR,ERR,ERR,ERR,ERR,ERR,ERR,ERR,ERR,ERR,ERR,ERR,ERR,ERR,ERR,ERR,ERR,ERR,ERR,ERR,ERR,ERR,ERR,ERR,ERR,ERR,ERR,ERR,ERR,2.718430741444032e+23,2.7184312818759872e+23,0.0,0.0,0.0,1.3936040501711995e+18,7.805,0.0,0,0,4,0,7116,0.0,100,0.0,0.0,0.0,0.0,0.0,0,0,0,0,0.0,0,0,0,0,0,0,0,0,0,0,0,0,0,0,0,0,0,0,0,0,0,0,0,0,0,0,0,0,0,0,0,0,0,31,40,40,71,65476,0,300,0,0,8,21553,0.0,-107605600.0,0.0,0.0,0.0,0.0,0.0,0.0,0.0,0.0,0.0,0.0,0.0,0.0,0.0,0.0,0.0,0.0,0.0,0.0,0.0,0.0,0.0,-2.004,-2.004,0.0,0.0,0.0,0.0,0.0,6184.0,2.4229985690561995e+24,6925.0,2.718430741444032e+23,2.7184312818759872e+23,-0.0,2.718430741444032e+23,0.0,0.0,0.0,0.0,69,-0.0,-0.0,0.0,0.0,0.0,0.0,0.0,0.0,0.0,0,0,0,0.0,0.0,0.0,0.0,0.0,0.0,0.0,0.0,0.0,0.0,0.0,0.0,0.0,0.0,0.0,0.0,0,-107875648.0,69,0.0,138,0.0,-109447200.0,0,13107,17040,26215,17049,13107,17043,0,0,0,70,68,100,2.7302359370752657e+23,71.1,0.0,74.2,2.7302370179391762e+23,74.0,1,49,50,180,13107,52429,0,0,0.0,0.0,0.0,0.0,-0.0,67.0,0.0,162057.094,0.0,751,0,739,0,0,0,721,0,767,0,736,0,742,0,741,0,712,0,7520,0.032,108447924224.0,0.0,0.0,784,16797,-0.0,162057.094,-114818.039,-0.0,0.133,6.909358625270745e+28,30.0,65.0,35,0.0,0.0,0.0,0.0,0.0,0.0,0.0,0.0,0.0,0.0,0.0,0.0,0.0,0.0,0.0,0.0,69.2,0,150,71,55,65476,0,300,0,1,8,20529,65476,0,0,40632,65.0,0.0,0.0,0.0,0.0,0.0
2026-09-04T20:16:46,ERR,ERR,ERR,ERR,ERR,ERR,ERR,ERR,ERR,ERR,ERR,ERR,ERR,ERR,ERR,ERR,ERR,ERR,ERR,ERR,ERR,ERR,ERR,ERR,ERR,ERR,ERR,ERR,ERR,ERR,ERR,ERR,ERR,ERR,ERR,ERR,ERR,ERR,ERR,ERR,ERR,ERR,ERR,ERR,ERR,ERR,ERR,ERR,ERR,ERR,ERR,ERR,ERR,ERR,ERR,ERR,ERR,ERR,ERR,ERR,ERR,ERR,ERR,ERR,ERR,ERR,ERR,ERR,ERR,ERR,ERR,ERR,ERR,ERR,ERR,ERR,ERR,ERR,ERR,ERR,ERR,ERR,ERR,ERR,ERR,ERR,ERR,ERR,ERR,ERR,ERR,ERR,ERR,ERR,ERR,ERR,ERR,ERR,ERR,ERR,ERR,ERR,ERR,ERR,ERR,ERR,ERR,ERR,ERR,ERR,ERR,ERR,ERR,ERR,ERR,ERR,ERR,ERR,ERR,ERR,ERR,ERR,ERR,ERR,ERR,2.718430741444032e+23,2.7184312818759872e+23,0.0,0.0,0.0,1.3936040501711995e+18,7.805,0.0,0,0,4,0,7116,0.0,100,0.0,0.0,0.0,0.0,0.0,0,0,0,0,0.0,0,0,0,0,0,0,0,0,0,0,0,0,0,0,0,0,0,0,0,0,0,0,0,0,0,0,0,0,0,0,0,0,0,31,40,40,71,65476,0,300,0,0,8,21553,0.0,-107605600.0,0.0,0.0,0.0,0.0,0.0,0.0,0.0,0.0,0.0,0.0,0.0,0.0,0.0,0.0,0.0,0.0,0.0,0.0,0.0,0.0,0.0,-2.004,-2.004,0.0,0.0,0.0,0.0,0.0,6184.0,2.4229985690561995e+24,6925.0,2.718430741444032e+23,2.7184312818759872e+23,-0.0,2.718430741444032e+23,0.0,0.0,0.0,0.0,69,-0.0,-0.0,0.0,0.0,0.0,0.0,0.0,0.0,0.0,0,0,0,0.0,0.0,0.0,0.0,0.0,0.0,0.0,0.0,0.0,0.0,0.0,0.0,0.0,0.0,0.0,0.0,0,-107875648.0,69,0.0,138,0.0,-109447200.0,0,13107,17040,26215,17049,13107,17043,0,0,0,70,68,100,2.7302359370752657e+23,71.2,2.7302370179391762e+23,74.2,2.7302370179391762e+23,74.0,1,49,50,180,13107,0,0,0,0.0,0.0,0.0,0.0,-0.0,67.0,0.0,162057.094,0.0,751,0,739,0,0,0,721,0,767,0,736,0,742,0,741,0,712,0,7520,0.032,108447924224.0,0.0,0.0,784,16797,-0.0,162057.094,-114818.039,-0.0,0.133,6.909358625270745e+28,30.0,65.0,35,0.0,0.0,0.0,0.0,0.0,0.0,0.0,0.0,0.0,0.0,0.0,0.0,0.0,0.0,0.0,0.0,69.2,0,150,71,55,65476,0,300,0,1,8,20529,65476,0,0,40632,65.0,0.0,0.0,0.0,0.0,0.0
2026-09-04T20:16:47,ERR,ERR,ERR,ERR,ERR,ERR,ERR,ERR,ERR,ERR,ERR,ERR,ERR,ERR,ERR,ERR,ERR,ERR,ERR,ERR,ERR,ERR,ERR,ERR,ERR,ERR,ERR,ERR,ERR,ERR,ERR,ERR,ERR,ERR,ERR,ERR,ERR,ERR,ERR,ERR,ERR,ERR,ERR,ERR,ERR,ERR,ERR,ERR,ERR,ERR,ERR,ERR,ERR,ERR,ERR,ERR,ERR,ERR,ERR,ERR,ERR,ERR,ERR,ERR,ERR,ERR,ERR,ERR,ERR,ERR,ERR,ERR,ERR,ERR,ERR,ERR,ERR,ERR,ERR,ERR,ERR,ERR,ERR,ERR,ERR,ERR,ERR,ERR,ERR,ERR,ERR,ERR,ERR,ERR,ERR,ERR,ERR,ERR,ERR,ERR,ERR,ERR,ERR,ERR,ERR,ERR,ERR,ERR,ERR,ERR,ERR,ERR,ERR,ERR,ERR,ERR,ERR,ERR,ERR,ERR,ERR,ERR,ERR,ERR,ERR,2.718430741444032e+23,2.7184312818759872e+23,0.0,0.0,0.0,1.3936040501711995e+18,7.805,0.0,0,0,4,0,7116,0.0,100,0.0,0.0,0.0,0.0,0.0,0,0,0,0,0.0,0,0,0,0,0,0,0,0,0,0,0,0,0,0,0,0,0,0,0,0,0,0,0,0,0,0,0,0,0,0,0,0,0,31,40,40,71,65476,0,300,0,0,8,21553,0.0,-107605600.0,0.0,0.0,0.0,0.0,0.0,0.0,0.0,0.0,0.0,0.0,0.0,0.0,0.0,0.0,0.0,0.0,0.0,0.0,0.0,0.0,0.0,-2.004,-2.004,0.0,0.0,0.0,0.0,0.0,6184.0,2.4229985690561995e+24,6925.0,2.718430741444032e+23,2.7184312818759872e+23,-0.0,2.718430741444032e+23,0.0,0.0,0.0,0.0,69,-0.0,-0.0,0.0,0.0,0.0,0.0,0.0,0.0,0.0,0,0,0,0.0,0.0,0.0,0.0,0.0,0.0,0.0,0.0,0.0,0.0,0.0,0.0,0.0,0.0,0.0,0.0,0,-107875648.0,69,0.0,138,0.0,-109447200.0,0,13107,17040,26215,17049,13107,17043,0,0,0,70,68,100,2.7302359370752657e+23,71.2,2.7302370179391762e+23,74.2,2.7302370179391762e+23,74.0,1,49,50,180,13107,0,0,0,0.0,0.0,0.0,0.0,-0.0,67.0,0.0,162057.094,0.0,751,0,739,0,0,0,721,0,767,0,736,0,742,0,741,0,712,0,7520,0.032,108447924224.0,0.0,0.0,784,16797,-0.0,162057.094,-114818.039,-0.0,0.133,6.909358625270745e+28,30.0,65.0,35,0.0,0.0,0.0,0.0,0.0,0.0,0.0,0.0,0.0,0.0,0.0,0.0,0.0,0.0,0.0,0.0,69.2,0,150,71,55,65476,0,300,0,1,8,20529,65476,0,0,40632,65.0,0.0,0.0,0.0,0.0,0.0
2026-09-04T20:16:48,ERR,ERR,ERR,ERR,ERR,ERR,ERR,ERR,ERR,ERR,ERR,ERR,ERR,ERR,ERR,ERR,ERR,ERR,ERR,ERR,ERR,ERR,ERR,ERR,ERR,ERR,ERR,ERR,ERR,ERR,ERR,ERR,ERR,ERR,ERR,ERR,ERR,ERR,ERR,ERR,ERR,ERR,ERR,ERR,ERR,ERR,ERR,ERR,ERR,ERR,ERR,ERR,ERR,ERR,ERR,ERR,ERR,ERR,ERR,ERR,ERR,ERR,ERR,ERR,ERR,ERR,ERR,ERR,ERR,ERR,ERR,ERR,ERR,ERR,ERR,ERR,ERR,ERR,ERR,ERR,ERR,ERR,ERR,ERR,ERR,ERR,ERR,ERR,ERR,ERR,ERR,ERR,ERR,ERR,ERR,ERR,ERR,ERR,ERR,ERR,ERR,ERR,ERR,ERR,ERR,ERR,ERR,ERR,ERR,ERR,ERR,ERR,ERR,ERR,ERR,ERR,ERR,ERR,ERR,ERR,ERR,ERR,ERR,ERR,ERR,2.718430741444032e+23,2.7184312818759872e+23,0.0,0.0,0.0,1.3936040501711995e+18,7.805,0.0,0,0,4,0,7116,0.0,100,0.0,0.0,0.0,0.0,0.0,0,0,0,0,0.0,0,0,0,0,0,0,0,0,0,0,0,0,0,0,0,0,0,0,0,0,0,0,0,0,0,0,0,0,0,0,0,0,0,31,40,40,71,65476,0,300,0,0,8,21553,0.0,-107605600.0,0.0,0.0,0.0,0.0,0.0,0.0,0.0,0.0,0.0,0.0,0.0,0.0,0.0,0.0,0.0,0.0,0.0,0.0,0.0,0.0,0.0,-2.004,-2.004,0.0,0.0,0.0,0.0,0.0,6184.0,2.4229985690561995e+24,6925.0,2.718430741444032e+23,2.7184312818759872e+23,-0.0,2.718430741444032e+23,0.0,0.0,0.0,0.0,69,-0.0,-0.0,0.0,0.0,0.0,0.0,0.0,0.0,0.0,0,0,0,0.0,0.0,0.0,0.0,0.0,0.0,0.0,0.0,0.0,0.0,0.0,0.0,0.0,0.0,0.0,0.0,0,-107875648.0,69,0.0,138,0.0,-109447200.0,0,13107,17040,26215,17049,13107,17043,0,0,0,70,68,100,2.7302359370752657e+23,71.2,2.7302370179391762e+23,74.2,2.7302370179391762e+23,74.0,1,49,50,180,13107,0,0,0,0.0,0.0,0.0,0.0,-0.0,67.0,0.0,162057.094,0.0,751,0,739,0,0,0,721,0,767,0,736,0,742,0,741,0,712,0,7520,0.032,108447924224.0,0.0,0.0,784,16797,-0.0,162057.094,-114818.039,-0.0,0.133,6.909358625270745e+28,30.0,65.0,35,0.0,0.0,0.0,0.0,0.0,0.0,0.0,0.0,0.0,0.0,0.0,0.0,0.0,0.0,0.0,0.0,69.6,0,150,71,55,65476,0,300,0,1,8,20529,65476,0,0,40632,65.0,0.0,0.0,0.0,0.0,0.0
2026-09-04T20:16:49,ERR,ERR,ERR,ERR,ERR,ERR,ERR,ERR,ERR,ERR,ERR,ERR,ERR,ERR,ERR,ERR,ERR,ERR,ERR,ERR,ERR,ERR,ERR,ERR,ERR,ERR,ERR,ERR,ERR,ERR,ERR,ERR,ERR,ERR,ERR,ERR,ERR,ERR,ERR,ERR,ERR,ERR,ERR,ERR,ERR,ERR,ERR,ERR,ERR,ERR,ERR,ERR,ERR,ERR,ERR,ERR,ERR,ERR,ERR,ERR,ERR,ERR,ERR,ERR,ERR,ERR,ERR,ERR,ERR,ERR,ERR,ERR,ERR,ERR,ERR,ERR,ERR,ERR,ERR,ERR,ERR,ERR,ERR,ERR,ERR,ERR,ERR,ERR,ERR,ERR,ERR,ERR,ERR,ERR,ERR,ERR,ERR,ERR,ERR,ERR,ERR,ERR,ERR,ERR,ERR,ERR,ERR,ERR,ERR,ERR,ERR,ERR,ERR,ERR,ERR,ERR,ERR,ERR,ERR,ERR,ERR,ERR,ERR,ERR,ERR,0.0,2.7184312818759872e+23,-0.0,0.0,0.0,1.3936040501711995e+18,7.805,0.0,0,0,4,0,7116,0.0,100,0.0,0.0,0.0,0.0,0.0,0,0,0,0,0.0,0,0,0,0,0,0,0,0,0,0,0,0,0,0,0,0,0,0,0,0,0,0,0,0,0,0,0,0,0,0,0,0,0,31,40,40,71,65476,0,300,0,0,8,21553,0.0,-107605600.0,0.0,0.0,0.0,0.0,0.0,0.0,0.0,0.0,0.0,0.0,0.0,0.0,0.0,0.0,0.0,0.0,0.0,0.0,0.0,0.0,0.0,-2.004,-2.004,0.0,0.0,0.0,0.0,0.0,6182.0,-0.0,6935.0,2.718430741444032e+23,2.7184312818759872e+23,-0.0,2.718430741444032e+23,0.0,0.0,0.0,0.0,69,4.066883125581407e+29,-4.9504197001927324e+32,0.0,0.0,0.0,0.0,0.0,0.0,0.0,0,0,0,0.0,0.0,0.0,0.0,0.0,0.0,0.0,0.0,0.0,0.0,0.0,0.0,0.0,0.0,0.0,0.0,0,-107875648.0,69,0.0,138,0.0,-109447200.0,0,13107,17040,26215,17049,13107,17043,0,0,0,70,68,100,2.7302359370752657e+23,71.2,2.7302370179391762e+23,74.2,2.7302370179391762e+23,74.0,1,49,50,180,13107,0,0,0,0.0,0.0,0.0,0.0,-0.0,67.0,0.0,162057.094,0.0,751,0,739,0,0,0,721,0,767,0,736,0,742,0,741,0,712,0,7520,0.032,108447924224.0,0.0,0.0,784,16797,-0.0,162057.094,-114818.039,-0.0,0.133,6.909358625270745e+28,30.0,65.0,35,0.0,0.0,0.0,0.0,0.0,0.0,0.0,0.0,0.0,0.0,0.0,0.0,0.0,0.0,0.0,0.0,69.6,0,150,71,55,65476,0,300,0,1,8,20529,65476,0,0,40632,65.0,0.0,0.0,0.0,0.0,0.0
2026-09-04T20:16:50,ERR,ERR,ERR,ERR,ERR,ERR,ERR,ERR,ERR,ERR,ERR,ERR,ERR,ERR,ERR,ERR,ERR,ERR,ERR,ERR,ERR,ERR,ERR,ERR,ERR,ERR,ERR,ERR,ERR,ERR,ERR,ERR,ERR,ERR,ERR,ERR,ERR,ERR,ERR,ERR,ERR,ERR,ERR,ERR,ERR,ERR,ERR,ERR,ERR,ERR,ERR,ERR,ERR,ERR,ERR,ERR,ERR,ERR,ERR,ERR,ERR,ERR,ERR,ERR,ERR,ERR,ERR,ERR,ERR,ERR,ERR,ERR,ERR,ERR,ERR,ERR,ERR,ERR,ERR,ERR,ERR,ERR,ERR,ERR,ERR,ERR,ERR,ERR,ERR,ERR,ERR,ERR,ERR,ERR,ERR,ERR,ERR,ERR,ERR,ERR,ERR,ERR,ERR,ERR,ERR,ERR,ERR,ERR,ERR,ERR,ERR,ERR,ERR,ERR,ERR,ERR,ERR,ERR,ERR,ERR,ERR,ERR,ERR,ERR,ERR,0.0,2.7184312818759872e+23,-0.0,0.0,0.0,1.3936040501711995e+18,7.805,0.0,0,0,4,0,7116,0.0,100,0.0,0.0,0.0,0.0,0.0,0,0,0,0,0.0,0,0,0,0,0,0,0,0,0,0,0,0,0,0,0,0,0,0,0,0,0,0,0,0,0,0,0,0,0,0,0,0,0,31,40,40,71,65476,0,300,0,0,8,21553,0.0,-107605600.0,0.0,0.0,0.0,0.0,0.0,0.0,0.0,0.0,0.0,0.0,0.0,0.0,0.0,0.0,0.0,0.0,0.0,0.0,0.0,0.0,0.0,-2.004,-2.004,0.0,0.0,0.0,0.0,0.0,6182.0,-0.0,6935.0,2.718430741444032e+23,2.7184312818759872e+23,-0.0,2.718430741444032e+23,0.0,0.0,0.0,0.0,69,4.066883125581407e+29,-4.9504197001927324e+32,0.0,0.0,0.0,0.0,0.0,0.0,0.0,0,0,0,0.0,0.0,0.0,0.0,0.0,0.0,0.0,0.0,0.0,0.0,0.0,0.0,0.0,0.0,0.0,0.0,0,-107875648.0,69,0.0,138,0.0,-109447200.0,0,13107,17040,26215,17049,13107,17043,0,0,0,70,68,100,2.7302359370752657e+23,71.2,2.7302370179391762e+23,74.2,2.7302370179391762e+23,74.0,1,49,50,180,13107,0,0,0,0.0,0.0,0.0,0.0,-0.0,67.0,0.0,162057.094,0.0,751,0,739,0,0,0,721,0,767,0,736,0,742,0,741,0,712,0,7520,0.032,108447924224.0,0.0,0.0,784,16797,-0.0,162057.094,-114818.039,-0.0,0.133,6.909358625270745e+28,30.0,65.0,35,0.0,0.0,0.0,0.0,0.0,0.0,0.0,0.0,0.0,0.0,0.0,0.0,0.0,0.0,0.0,0.0,69.6,0,150,71,55,65476,0,300,0,1,8,20529,65476,0,0,40632,65.0,0.0,0.0,0.0,0.0,0.0
2026-09-04T20:16:51,ERR,ERR,ERR,ERR,ERR,ERR,ERR,ERR,ERR,ERR,ERR,ERR,ERR,ERR,ERR,ERR,ERR,ERR,ERR,ERR,ERR,ERR,ERR,ERR,ERR,ERR,ERR,ERR,ERR,ERR,ERR,ERR,ERR,ERR,ERR,ERR,ERR,ERR,ERR,ERR,ERR,ERR,ERR,ERR,ERR,ERR,ERR,ERR,ERR,ERR,ERR,ERR,ERR,ERR,ERR,ERR,ERR,ERR,ERR,ERR,ERR,ERR,ERR,ERR,ERR,ERR,ERR,ERR,ERR,ERR,ERR,ERR,ERR,ERR,ERR,ERR,ERR,ERR,ERR,ERR,ERR,ERR,ERR,ERR,ERR,ERR,ERR,ERR,ERR,ERR,ERR,ERR,ERR,ERR,ERR,ERR,ERR,ERR,ERR,ERR,ERR,ERR,ERR,ERR,ERR,ERR,ERR,ERR,ERR,ERR,ERR,ERR,ERR,ERR,ERR,ERR,ERR,ERR,ERR,ERR,ERR,ERR,ERR,ERR,ERR,0.0,2.7184312818759872e+23,-0.0,0.0,0.0,1.3936040501711995e+18,7.805,0.0,0,0,4,0,7116,0.0,100,0.0,0.0,0.0,0.0,0.0,0,0,0,0,0.0,0,0,0,0,0,0,0,0,0,0,0,0,0,0,0,0,0,0,0,0,0,0,0,0,0,0,0,0,0,0,0,0,0,31,40,40,71,65476,0,300,0,0,8,21553,0.0,-107605600.0,0.0,0.0,0.0,0.0,0.0,0.0,0.0,0.0,0.0,0.0,0.0,0.0,0.0,0.0,0.0,0.0,0.0,0.0,0.0,0.0,0.0,-2.004,-2.004,0.0,0.0,0.0,0.0,0.0,6182.0,-0.0,6935.0,2.718430741444032e+23,2.7184312818759872e+23,-0.0,2.718430741444032e+23,0.0,0.0,0.0,0.0,69,4.066883125581407e+29,-4.9504197001927324e+32,0.0,0.0,0.0,0.0,0.0,0.0,0.0,0,0,0,0.0,0.0,0.0,0.0,0.0,0.0,0.0,0.0,0.0,0.0,0.0,0.0,0.0,0.0,0.0,0.0,0,-107875648.0,69,0.0,138,0.0,-109447200.0,0,13107,17040,26215,17049,13107,17043,0,0,0,70,68,100,2.7302359370752657e+23,71.2,2.7302370179391762e+23,74.2,2.7302370179391762e+23,74.0,1,49,50,180,13107,52429,0,0,0.0,0.0,0.0,0.0,-0.0,67.0,0.0,162057.094,0.0,751,0,739,0,0,0,721,0,767,0,736,0,742,0,742,0,712,0,7520,0.032,108447924224.0,0.0,0.0,784,16797,-0.0,162057.094,-114818.039,-0.0,0.133,6.909358625270745e+28,30.0,65.0,35,0.0,0.0,0.0,0.0,0.0,0.0,0.0,0.0,0.0,0.0,0.0,0.0,0.0,0.0,0.0,0.0,69.2,0,150,71,55,65476,0,300,0,1,8,20529,65476,0,0,40632,65.0,0.0,0.0,0.0,0.0,0.0
2026-09-04T20:16:52,ERR,ERR,ERR,ERR,ERR,ERR,ERR,ERR,ERR,ERR,ERR,ERR,ERR,ERR,ERR,ERR,ERR,ERR,ERR,ERR,ERR,ERR,ERR,ERR,ERR,ERR,ERR,ERR,ERR,ERR,ERR,ERR,ERR,ERR,ERR,ERR,ERR,ERR,ERR,ERR,ERR,ERR,ERR,ERR,ERR,ERR,ERR,ERR,ERR,ERR,ERR,ERR,ERR,ERR,ERR,ERR,ERR,ERR,ERR,ERR,ERR,ERR,ERR,ERR,ERR,ERR,ERR,ERR,ERR,ERR,ERR,ERR,ERR,ERR,ERR,ERR,ERR,ERR,ERR,ERR,ERR,ERR,ERR,ERR,ERR,ERR,ERR,ERR,ERR,ERR,ERR,ERR,ERR,ERR,ERR,ERR,ERR,ERR,ERR,ERR,ERR,ERR,ERR,ERR,ERR,ERR,ERR,ERR,ERR,ERR,ERR,ERR,ERR,ERR,ERR,ERR,ERR,ERR,ERR,ERR,ERR,ERR,ERR,ERR,ERR,0.0,2.7184312818759872e+23,-0.0,0.0,0.0,1.3936040501711995e+18,7.805,0.0,0,0,4,0,7116,0.0,100,0.0,0.0,0.0,0.0,0.0,0,0,0,0,0.0,0,0,0,0,0,0,0,0,0,0,0,0,0,0,0,0,0,0,0,0,0,0,0,0,0,0,0,0,0,0,0,0,0,31,40,40,71,65476,0,300,0,0,8,21553,0.0,-107605600.0,0.0,0.0,0.0,0.0,0.0,0.0,0.0,0.0,0.0,0.0,0.0,0.0,0.0,0.0,0.0,0.0,0.0,0.0,0.0,0.0,0.0,-2.004,-2.004,0.0,0.0,0.0,0.0,0.0,6182.0,-0.0,6935.0,2.718430741444032e+23,2.7184312818759872e+23,-0.0,2.718430741444032e+23,0.0,0.0,0.0,0.0,69,4.066883125581407e+29,-4.9504197001927324e+32,0.0,0.0,0.0,0.0,0.0,0.0,0.0,0,0,0,0.0,0.0,0.0,0.0,0.0,0.0,0.0,0.0,0.0,0.0,0.0,0.0,0.0,0.0,0.0,0.0,0,-107875648.0,69,0.0,138,0.0,-109447200.0,0,13107,17040,26215,17049,13107,17043,0,0,0,70,68,100,2.7302359370752657e+23,71.2,2.7302370179391762e+23,74.2,2.7302370179391762e+23,74.0,1,49,50,180,13107,52429,0,0,0.0,0.0,0.0,0.0,-0.0,67.0,0.0,162057.094,0.0,751,0,739,0,0,0,721,0,767,0,736,0,742,0,742,0,712,0,7520,0.032,108447924224.0,0.0,0.0,784,16797,-0.0,162057.094,-114818.039,-0.0,0.133,6.909358625270745e+28,30.0,65.0,35,0.0,0.0,0.0,0.0,0.0,0.0,0.0,0.0,0.0,0.0,0.0,0.0,0.0,0.0,0.0,0.0,69.2,0,150,71,55,65476,0,300,0,1,8,20529,65476,0,0,40632,65.0,0.0,0.0,0.0,0.0,0.0
2026-09-04T20:16:53,ERR,ERR,ERR,ERR,ERR,ERR,ERR,ERR,ERR,ERR,ERR,ERR,ERR,ERR,ERR,ERR,ERR,ERR,ERR,ERR,ERR,ERR,ERR,ERR,ERR,ERR,ERR,ERR,ERR,ERR,ERR,ERR,ERR,ERR,ERR,ERR,ERR,ERR,ERR,ERR,ERR,ERR,ERR,ERR,ERR,ERR,ERR,ERR,ERR,ERR,ERR,ERR,ERR,ERR,ERR,ERR,ERR,ERR,ERR,ERR,ERR,ERR,ERR,ERR,ERR,ERR,ERR,ERR,ERR,ERR,ERR,ERR,ERR,ERR,ERR,ERR,ERR,ERR,ERR,ERR,ERR,ERR,ERR,ERR,ERR,ERR,ERR,ERR,ERR,ERR,ERR,ERR,ERR,ERR,ERR,ERR,ERR,ERR,ERR,ERR,ERR,ERR,ERR,ERR,ERR,ERR,ERR,ERR,ERR,ERR,ERR,ERR,ERR,ERR,ERR,ERR,ERR,ERR,ERR,ERR,ERR,ERR,ERR,ERR,ERR,0.0,2.7184312818759872e+23,-0.0,0.0,0.0,1.3936040501711995e+18,7.805,0.0,0,0,4,0,7116,0.0,100,0.0,0.0,0.0,0.0,0.0,0,0,0,0,0.0,0,0,0,0,0,0,0,0,0,0,0,0,0,0,0,0,0,0,0,0,0,0,0,0,0,0,0,0,0,0,0,0,0,31,40,40,71,65476,0,300,0,0,8,21553,0.0,-107605600.0,0.0,0.0,0.0,0.0,0.0,0.0,0.0,0.0,0.0,0.0,0.0,0.0,0.0,0.0,0.0,0.0,0.0,0.0,0.0,0.0,0.0,-2.004,-2.004,0.0,0.0,0.0,0.0,0.0,6182.0,-0.0,6935.0,2.718430741444032e+23,2.7184312818759872e+23,-0.0,2.718430741444032e+23,0.0,0.0,0.0,0.0,69,4.066883125581407e+29,-4.9504197001927324e+32,0.0,0.0,0.0,0.0,0.0,0.0,0.0,0,0,0,0.0,0.0,0.0,0.0,0.0,0.0,0.0,0.0,0.0,0.0,0.0,0.0,0.0,0.0,0.0,0.0,0,-107875648.0,69,0.0,138,0.0,-109447200.0,0,13107,17040,26215,17049,13107,17043,0,0,0,70,68,100,2.7302359370752657e+23,71.2,2.7302370179391762e+23,74.2,2.7302370179391762e+23,74.0,1,49,50,180,13107,52429,0,0,0.0,0.0,0.0,0.0,-0.0,67.0,0.0,162057.094,0.0,751,0,739,0,0,0,721,0,767,0,736,0,742,0,742,0,712,0,7520,0.032,108447924224.0,0.0,0.0,784,16797,-0.0,162057.094,-114818.039,-0.0,0.133,6.909358625270745e+28,30.0,65.0,35,0.0,0.0,0.0,0.0,0.0,0.0,0.0,0.0,0.0,0.0,0.0,0.0,0.0,0.0,0.0,0.0,69.2,0,150,71,55,65476,0,300,0,1,8,20529,65476,0,0,40632,65.0,0.0,0.0,0.0,0.0,0.0
2026-09-04T20:16:54,ERR,ERR,ERR,ERR,ERR,ERR,ERR,ERR,ERR,ERR,ERR,ERR,ERR,ERR,ERR,ERR,ERR,ERR,ERR,ERR,ERR,ERR,ERR,ERR,ERR,ERR,ERR,ERR,ERR,ERR,ERR,ERR,ERR,ERR,ERR,ERR,ERR,ERR,ERR,ERR,ERR,ERR,ERR,ERR,ERR,ERR,ERR,ERR,ERR,ERR,ERR,ERR,ERR,ERR,ERR,ERR,ERR,ERR,ERR,ERR,ERR,ERR,ERR,ERR,ERR,ERR,ERR,ERR,ERR,ERR,ERR,ERR,ERR,ERR,ERR,ERR,ERR,ERR,ERR,ERR,ERR,ERR,ERR,ERR,ERR,ERR,ERR,ERR,ERR,ERR,ERR,ERR,ERR,ERR,ERR,ERR,ERR,ERR,ERR,ERR,ERR,ERR,ERR,ERR,ERR,ERR,ERR,ERR,ERR,ERR,ERR,ERR,ERR,ERR,ERR,ERR,ERR,ERR,ERR,ERR,ERR,ERR,ERR,ERR,ERR,0.0,2.7184312818759872e+23,-0.0,0.0,0.0,1.3936040501711995e+18,7.805,0.0,0,0,4,0,7116,0.0,100,0.0,0.0,0.0,0.0,0.0,0,0,0,0,0.0,0,0,0,0,0,0,0,0,0,0,0,0,0,0,0,0,0,0,0,0,0,0,0,0,0,0,0,0,0,0,0,0,0,31,40,40,71,65476,0,300,0,0,8,21553,0.0,-107605600.0,0.0,0.0,0.0,0.0,0.0,0.0,0.0,0.0,0.0,0.0,0.0,0.0,0.0,0.0,0.0,0.0,0.0,0.0,0.0,0.0,0.0,-2.004,-2.004,0.0,0.0,0.0,0.0,0.0,6182.0,-0.0,6935.0,2.718430741444032e+23,2.7184312818759872e+23,-0.0,2.718430741444032e+23,0.0,0.0,0.0,0.0,69,4.066883125581407e+29,-4.9504197001927324e+32,0.0,0.0,0.0,0.0,0.0,0.0,0.0,0,0,0,0.0,0.0,0.0,0.0,0.0,0.0,0.0,0.0,0.0,0.0,0.0,0.0,0.0,0.0,0.0,0.0,0,-107875648.0,69,0.0,138,0.0,-109447200.0,0,13107,17040,26215,17049,13107,17043,0,0,0,70,68,100,2.7302359370752657e+23,71.2,2.7302370179391762e+23,74.2,2.7302370179391762e+23,74.0,1,49,50,180,13107,52429,0,0,0.0,0.0,0.0,0.0,-0.0,67.0,0.0,162057.094,0.0,751,0,739,0,0,0,721,0,767,0,736,0,742,0,742,0,712,0,7520,0.032,108447924224.0,0.0,0.0,784,16797,-0.0,162057.094,-114818.039,-0.0,0.133,6.909358625270745e+28,30.0,65.0,35,0.0,0.0,0.0,0.0,0.0,0.0,0.0,0.0,0.0,0.0,0.0,0.0,0.0,0.0,0.0,0.0,69.2,0,150,71,55,65476,0,300,0,1,8,20529,65476,0,0,40632,65.0,0.0,0.0,0.0,0.0,0.0
2026-09-04T20:16:55,ERR,ERR,ERR,ERR,ERR,ERR,ERR,ERR,ERR,ERR,ERR,ERR,ERR,ERR,ERR,ERR,ERR,ERR,ERR,ERR,ERR,ERR,ERR,ERR,ERR,ERR,ERR,ERR,ERR,ERR,ERR,ERR,ERR,ERR,ERR,ERR,ERR,ERR,ERR,ERR,ERR,ERR,ERR,ERR,ERR,ERR,ERR,ERR,ERR,ERR,ERR,ERR,ERR,ERR,ERR,ERR,ERR,ERR,ERR,ERR,ERR,ERR,ERR,ERR,ERR,ERR,ERR,ERR,ERR,ERR,ERR,ERR,ERR,ERR,ERR,ERR,ERR,ERR,ERR,ERR,ERR,ERR,ERR,ERR,ERR,ERR,ERR,ERR,ERR,ERR,ERR,ERR,ERR,ERR,ERR,ERR,ERR,ERR,ERR,ERR,ERR,ERR,ERR,ERR,ERR,ERR,ERR,ERR,ERR,ERR,ERR,ERR,ERR,ERR,ERR,ERR,ERR,ERR,ERR,ERR,ERR,ERR,ERR,ERR,ERR,0.0,2.7184312818759872e+23,-0.0,0.0,0.0,1.3936040501711995e+18,7.805,0.0,0,0,4,0,7116,0.0,100,0.0,0.0,0.0,0.0,0.0,0,0,0,0,0.0,0,0,0,0,0,0,0,0,0,0,0,0,0,0,0,0,0,0,0,0,0,0,0,0,0,0,0,0,0,0,0,0,0,31,40,40,71,65476,0,300,0,0,8,21553,0.0,-107605600.0,0.0,0.0,0.0,0.0,0.0,0.0,0.0,0.0,0.0,0.0,0.0,0.0,0.0,0.0,0.0,0.0,0.0,0.0,0.0,0.0,0.0,-2.004,-2.004,0.0,0.0,0.0,0.0,0.0,6182.0,-0.0,6935.0,2.718430741444032e+23,2.7184312818759872e+23,-0.0,2.718430741444032e+23,0.0,0.0,0.0,0.0,69,4.066883125581407e+29,-4.9504197001927324e+32,0.0,0.0,0.0,0.0,0.0,0.0,0.0,0,0,0,0.0,0.0,0.0,0.0,0.0,0.0,0.0,0.0,0.0,0.0,0.0,0.0,0.0,0.0,0.0,0.0,0,-107875648.0,69,0.0,138,0.0,-109447200.0,0,13107,17040,26215,17049,13107,17043,0,0,0,70,68,100,2.7302359370752657e+23,71.2,2.7302370179391762e+23,74.2,2.7302370179391762e+23,74.0,1,49,50,180,13107,52429,0,0,0.0,0.0,0.0,0.0,-0.0,67.0,0.0,162057.094,0.0,751,0,739,0,0,0,721,0,767,0,736,0,742,0,742,0,712,0,7520,0.032,108447924224.0,0.0,0.0,784,16797,-0.0,162057.094,-114818.039,-0.0,0.133,6.909358625270745e+28,30.0,65.0,35,0.0,0.0,0.0,0.0,0.0,0.0,0.0,0.0,0.0,0.0,0.0,0.0,0.0,0.0,0.0,0.0,69.2,0,150,71,55,65476,0,300,0,1,8,20529,65476,0,0,40632,65.0,0.0,0.0,0.0,0.0,0.0
2026-09-04T20:16:56,ERR,ERR,ERR,ERR,ERR,ERR,ERR,ERR,ERR,ERR,ERR,ERR,ERR,ERR,ERR,ERR,ERR,ERR,ERR,ERR,ERR,ERR,ERR,ERR,ERR,ERR,ERR,ERR,ERR,ERR,ERR,ERR,ERR,ERR,ERR,ERR,ERR,ERR,ERR,ERR,ERR,ERR,ERR,ERR,ERR,ERR,ERR,ERR,ERR,ERR,ERR,ERR,ERR,ERR,ERR,ERR,ERR,ERR,ERR,ERR,ERR,ERR,ERR,ERR,ERR,ERR,ERR,ERR,ERR,ERR,ERR,ERR,ERR,ERR,ERR,ERR,ERR,ERR,ERR,ERR,ERR,ERR,ERR,ERR,ERR,ERR,ERR,ERR,ERR,ERR,ERR,ERR,ERR,ERR,ERR,ERR,ERR,ERR,ERR,ERR,ERR,ERR,ERR,ERR,ERR,ERR,ERR,ERR,ERR,ERR,ERR,ERR,ERR,ERR,ERR,ERR,ERR,ERR,ERR,ERR,ERR,ERR,ERR,ERR,ERR,0.0,2.7184312818759872e+23,-0.0,0.0,0.0,1.3936040501711995e+18,7.805,0.0,0,0,4,0,7116,0.0,100,0.0,0.0,0.0,0.0,0.0,0,0,0,0,0.0,0,0,0,0,0,0,0,0,0,0,0,0,0,0,0,0,0,0,0,0,0,0,0,0,0,0,0,0,0,0,0,0,0,31,40,40,71,65476,0,300,0,0,8,21553,0.0,-107605600.0,0.0,0.0,0.0,0.0,0.0,0.0,0.0,0.0,0.0,0.0,0.0,0.0,0.0,0.0,0.0,0.0,0.0,0.0,0.0,0.0,0.0,-2.004,-2.004,0.0,0.0,0.0,0.0,0.0,6182.0,-0.0,6935.0,2.718430741444032e+23,2.7184312818759872e+23,-0.0,2.718430741444032e+23,0.0,0.0,0.0,0.0,69,4.066883125581407e+29,-4.9504197001927324e+32,0.0,0.0,0.0,0.0,0.0,0.0,0.0,0,0,0,0.0,0.0,0.0,0.0,0.0,0.0,0.0,0.0,0.0,0.0,0.0,0.0,0.0,0.0,0.0,0.0,0,-107875648.0,69,0.0,138,0.0,-109447200.0,0,13107,17040,26215,17049,13107,17043,0,0,0,70,68,100,2.7302359370752657e+23,71.2,2.7302370179391762e+23,74.2,2.7302370179391762e+23,74.0,1,49,50,180,13107,52429,0,0,0.0,0.0,0.0,0.0,-0.0,67.0,0.0,162057.094,0.0,751,0,739,0,0,0,721,0,767,0,736,0,742,0,742,0,712,0,7520,0.032,108447924224.0,0.0,0.0,784,16797,-0.0,162057.094,-114818.039,-0.0,0.133,6.909358625270745e+28,30.0,65.0,35,0.0,0.0,0.0,0.0,0.0,0.0,0.0,0.0,0.0,0.0,0.0,0.0,0.0,0.0,0.0,0.0,69.2,0,150,71,55,65476,0,300,0,1,8,20529,65476,0,0,40632,65.0,0.0,0.0,0.0,0.0,0.0
2026-09-04T20:16:57,ERR,ERR,ERR,ERR,ERR,ERR,ERR,ERR,ERR,ERR,ERR,ERR,ERR,ERR,ERR,ERR,ERR,ERR,ERR,ERR,ERR,ERR,ERR,ERR,ERR,ERR,ERR,ERR,ERR,ERR,ERR,ERR,ERR,ERR,ERR,ERR,ERR,ERR,ERR,ERR,ERR,ERR,ERR,ERR,ERR,ERR,ERR,ERR,ERR,ERR,ERR,ERR,ERR,ERR,ERR,ERR,ERR,ERR,ERR,ERR,ERR,ERR,ERR,ERR,ERR,ERR,ERR,ERR,ERR,ERR,ERR,ERR,ERR,ERR,ERR,ERR,ERR,ERR,ERR,ERR,ERR,ERR,ERR,ERR,ERR,ERR,ERR,ERR,ERR,ERR,ERR,ERR,ERR,ERR,ERR,ERR,ERR,ERR,ERR,ERR,ERR,ERR,ERR,ERR,ERR,ERR,ERR,ERR,ERR,ERR,ERR,ERR,ERR,ERR,ERR,ERR,ERR,ERR,ERR,ERR,ERR,ERR,ERR,ERR,ERR,2.718430741444032e+23,2.7184312818759872e+23,0.0,0.0,0.0,1.3936040501711995e+18,7.805,0.0,0,0,4,0,7116,0.0,100,0.0,0.0,0.0,0.0,0.0,0,0,0,0,0.0,0,0,0,0,0,0,0,0,0,0,0,0,0,0,0,0,0,0,0,0,0,0,0,0,0,0,0,0,0,0,0,0,0,31,40,40,71,65476,0,300,0,0,8,21553,0.0,-107605600.0,0.0,0.0,0.0,0.0,0.0,0.0,0.0,0.0,0.0,0.0,0.0,0.0,0.0,0.0,0.0,0.0,0.0,0.0,0.0,0.0,0.0,-2.004,-2.004,0.0,0.0,0.0,0.0,0.0,6212.0,8608221184.0,6922.0,2.718430741444032e+23,2.7184312818759872e+23,-0.0,2.718430741444032e+23,0.0,0.0,0.0,0.0,69,5.848086582142772e+35,-0.0,0.0,0.0,0.0,0.0,0.0,0.0,0.0,0,0,0,0.0,0.0,0.0,0.0,0.0,0.0,0.0,0.0,0.0,0.0,0.0,0.0,0.0,0.0,0.0,0.0,0,-107875648.0,69,0.0,138,0.0,-109447200.0,0,13107,17040,26215,17049,13107,17043,0,0,0,70,68,100,2.7302359370752657e+23,71.2,2.7302370179391762e+23,74.2,2.7302370179391762e+23,74.0,1,49,50,180,13107,52429,0,0,0.0,0.0,0.0,0.0,-0.0,67.0,0.0,162057.094,0.0,751,0,739,0,0,0,721,0,767,0,736,0,742,0,742,0,712,0,7520,0.032,108447924224.0,0.0,0.0,784,16797,-0.0,162057.094,-114818.039,-0.0,0.133,6.909358625270745e+28,30.0,65.0,35,0.0,0.0,0.0,0.0,0.0,0.0,0.0,0.0,0.0,0.0,0.0,0.0,0.0,0.0,0.0,0.0,69.2,0,150,71,55,65476,0,300,0,1,8,20529,65476,0,0,40632,65.0,0.0,0.0,0.0,0.0,0.0
2026-09-04T20:16:58,ERR,ERR,ERR,ERR,ERR,ERR,ERR,ERR,ERR,ERR,ERR,ERR,ERR,ERR,ERR,ERR,ERR,ERR,ERR,ERR,ERR,ERR,ERR,ERR,ERR,ERR,ERR,ERR,ERR,ERR,ERR,ERR,ERR,ERR,ERR,ERR,ERR,ERR,ERR,ERR,ERR,ERR,ERR,ERR,ERR,ERR,ERR,ERR,ERR,ERR,ERR,ERR,ERR,ERR,ERR,ERR,ERR,ERR,ERR,ERR,ERR,ERR,ERR,ERR,ERR,ERR,ERR,ERR,ERR,ERR,ERR,ERR,ERR,ERR,ERR,ERR,ERR,ERR,ERR,ERR,ERR,ERR,ERR,ERR,ERR,ERR,ERR,ERR,ERR,ERR,ERR,ERR,ERR,ERR,ERR,ERR,ERR,ERR,ERR,ERR,ERR,ERR,ERR,ERR,ERR,ERR,ERR,ERR,ERR,ERR,ERR,ERR,ERR,ERR,ERR,ERR,ERR,ERR,ERR,ERR,ERR,ERR,ERR,ERR,ERR,2.718430741444032e+23,2.7184312818759872e+23,0.0,0.0,0.0,1.3936040501711995e+18,7.805,0.0,0,0,4,0,7116,0.0,100,0.0,0.0,0.0,0.0,0.0,0,0,0,0,0.0,0,0,0,0,0,0,0,0,0,0,0,0,0,0,0,0,0,0,0,0,0,0,0,0,0,0,0,0,0,0,0,0,0,31,40,40,71,65476,0,300,0,0,8,21553,0.0,-107605600.0,0.0,0.0,0.0,0.0,0.0,0.0,0.0,0.0,0.0,0.0,0.0,0.0,0.0,0.0,0.0,0.0,0.0,0.0,0.0,0.0,0.0,-2.004,-2.004,0.0,0.0,0.0,0.0,0.0,6212.0,8608221184.0,6922.0,2.718430741444032e+23,2.7184312818759872e+23,-0.0,2.718430741444032e+23,0.0,0.0,0.0,0.0,69,5.848086582142772e+35,-0.0,0.0,0.0,0.0,0.0,0.0,0.0,0.0,0,0,0,0.0,0.0,0.0,0.0,0.0,0.0,0.0,0.0,0.0,0.0,0.0,0.0,0.0,0.0,0.0,0.0,0,-107875648.0,69,0.0,138,0.0,-109447200.0,0,13107,17040,26215,17049,13107,17043,0,0,0,70,68,100,2.7302359370752657e+23,71.2,2.7302370179391762e+23,74.2,2.7302370179391762e+23,74.0,1,49,50,180,13107,52429,0,0,0.0,0.0,0.0,0.0,-0.0,67.0,0.0,162057.094,0.0,751,0,739,0,0,0,721,0,767,0,736,0,742,0,742,0,712,0,7520,0.032,108447924224.0,0.0,0.0,784,16797,-0.0,162057.094,-114818.039,-0.0,0.133,6.909358625270745e+28,30.0,65.0,35,0.0,0.0,0.0,0.0,0.0,0.0,0.0,0.0,0.0,0.0,0.0,0.0,0.0,0.0,0.0,0.0,69.2,0,150,71,55,65476,0,300,0,1,8,20529,65476,0,0,40632,65.0,0.0,0.0,0.0,0.0,0.0
2026-09-04T20:16:59,ERR,ERR,ERR,ERR,ERR,ERR,ERR,ERR,ERR,ERR,ERR,ERR,ERR,ERR,ERR,ERR,ERR,ERR,ERR,ERR,ERR,ERR,ERR,ERR,ERR,ERR,ERR,ERR,ERR,ERR,ERR,ERR,ERR,ERR,ERR,ERR,ERR,ERR,ERR,ERR,ERR,ERR,ERR,ERR,ERR,ERR,ERR,ERR,ERR,ERR,ERR,ERR,ERR,ERR,ERR,ERR,ERR,ERR,ERR,ERR,ERR,ERR,ERR,ERR,ERR,ERR,ERR,ERR,ERR,ERR,ERR,ERR,ERR,ERR,ERR,ERR,ERR,ERR,ERR,ERR,ERR,ERR,ERR,ERR,ERR,ERR,ERR,ERR,ERR,ERR,ERR,ERR,ERR,ERR,ERR,ERR,ERR,ERR,ERR,ERR,ERR,ERR,ERR,ERR,ERR,ERR,ERR,ERR,ERR,ERR,ERR,ERR,ERR,ERR,ERR,ERR,ERR,ERR,ERR,ERR,ERR,ERR,ERR,ERR,ERR,2.718430741444032e+23,2.7184312818759872e+23,0.0,0.0,0.0,1.3936040501711995e+18,7.805,0.0,0,0,4,0,7116,0.0,100,0.0,0.0,0.0,0.0,0.0,0,0,0,0,0.0,0,0,0,0,0,0,0,0,0,0,0,0,0,0,0,0,0,0,0,0,0,0,0,0,0,0,0,0,0,0,0,0,0,31,40,40,71,65476,0,300,0,0,8,21553,0.0,-107605600.0,0.0,0.0,0.0,0.0,0.0,0.0,0.0,0.0,0.0,0.0,0.0,0.0,0.0,0.0,0.0,0.0,0.0,0.0,0.0,0.0,0.0,-2.004,-2.004,0.0,0.0,0.0,0.0,0.0,6212.0,8608221184.0,6922.0,2.718430741444032e+23,2.7184312818759872e+23,-0.0,2.718430741444032e+23,0.0,0.0,0.0,0.0,69,5.848086582142772e+35,-0.0,0.0,0.0,0.0,0.0,0.0,0.0,0.0,0,0,0,0.0,0.0,0.0,0.0,0.0,0.0,0.0,0.0,0.0,0.0,0.0,0.0,0.0,0.0,0.0,0.0,0,-107875648.0,69,0.0,138,0.0,-109447200.0,0,13107,17040,26215,17049,13107,17043,0,0,0,70,68,100,2.7302359370752657e+23,71.2,2.7302370179391762e+23,74.2,2.7302370179391762e+23,74.0,1,49,50,180,13107,52429,0,0,0.0,0.0,0.0,0.0,-0.0,67.0,0.0,162057.094,0.0,751,0,739,0,0,0,721,0,767,0,736,0,742,0,742,0,712,0,7520,0.032,108447924224.0,0.0,0.0,784,16797,-0.0,162057.094,-114818.039,-0.0,0.133,6.909358625270745e+28,30.0,65.0,35,0.0,0.0,0.0,0.0,0.0,0.0,0.0,0.0,0.0,0.0,0.0,0.0,0.0,0.0,0.0,0.0,69.2,0,150,71,55,65476,0,300,0,1,8,20529,65476,0,0,40632,65.0,0.0,0.0,0.0,0.0,0.0
2026-09-04T20:17:00,ERR,ERR,ERR,ERR,ERR,ERR,ERR,ERR,ERR,ERR,ERR,ERR,ERR,ERR,ERR,ERR,ERR,ERR,ERR,ERR,ERR,ERR,ERR,ERR,ERR,ERR,ERR,ERR,ERR,ERR,ERR,ERR,ERR,ERR,ERR,ERR,ERR,ERR,ERR,ERR,ERR,ERR,ERR,ERR,ERR,ERR,ERR,ERR,ERR,ERR,ERR,ERR,ERR,ERR,ERR,ERR,ERR,ERR,ERR,ERR,ERR,ERR,ERR,ERR,ERR,ERR,ERR,ERR,ERR,ERR,ERR,ERR,ERR,ERR,ERR,ERR,ERR,ERR,ERR,ERR,ERR,ERR,ERR,ERR,ERR,ERR,ERR,ERR,ERR,ERR,ERR,ERR,ERR,ERR,ERR,ERR,ERR,ERR,ERR,ERR,ERR,ERR,ERR,ERR,ERR,ERR,ERR,ERR,ERR,ERR,ERR,ERR,ERR,ERR,ERR,ERR,ERR,ERR,ERR,ERR,ERR,ERR,ERR,ERR,ERR,2.718430741444032e+23,2.7184312818759872e+23,0.0,0.0,0.0,1.3936040501711995e+18,7.805,0.0,0,0,4,0,7116,0.0,100,0.0,0.0,0.0,0.0,0.0,0,0,0,0,0.0,0,0,0,0,0,0,0,0,0,0,0,0,0,0,0,0,0,0,0,0,0,0,0,0,0,0,0,0,0,0,0,0,0,31,40,40,71,65476,0,300,0,0,8,21553,0.0,-107605600.0,0.0,0.0,0.0,0.0,0.0,0.0,0.0,0.0,0.0,0.0,0.0,0.0,0.0,0.0,0.0,0.0,0.0,0.0,0.0,0.0,0.0,-2.004,-2.004,0.0,0.0,0.0,0.0,0.0,6212.0,8608221184.0,6922.0,2.718430741444032e+23,2.7184312818759872e+23,-0.0,2.718430741444032e+23,0.0,0.0,0.0,0.0,69,5.848086582142772e+35,-0.0,0.0,0.0,0.0,0.0,0.0,0.0,0.0,0,0,0,0.0,0.0,0.0,0.0,0.0,0.0,0.0,0.0,0.0,0.0,0.0,0.0,0.0,0.0,0.0,0.0,0,-107875648.0,69,0.0,138,0.0,-109447200.0,0,13107,17040,26215,17049,13107,17043,0,0,0,70,68,100,2.7302359370752657e+23,71.2,2.7302370179391762e+23,74.2,2.7302370179391762e+23,74.0,1,49,50,180,13107,52429,0,0,0.0,0.0,0.0,0.0,-0.0,67.0,0.0,162057.094,0.0,751,0,739,0,0,0,721,0,767,0,736,0,742,0,742,0,712,0,7520,0.032,108447924224.0,0.0,0.0,784,16797,-0.0,162057.094,-114818.039,-0.0,0.133,6.909358625270745e+28,30.0,65.0,35,0.0,0.0,0.0,0.0,0.0,0.0,0.0,0.0,0.0,0.0,0.0,0.0,0.0,0.0,0.0,0.0,69.2,0,150,71,55,65476,0,300,0,1,8,20529,65476,0,0,40632,65.0,0.0,0.0,0.0,0.0,0.0
2026-09-04T20:17:01,ERR,ERR,ERR,ERR,ERR,ERR,ERR,ERR,ERR,ERR,ERR,ERR,ERR,ERR,ERR,ERR,ERR,ERR,ERR,ERR,ERR,ERR,ERR,ERR,ERR,ERR,ERR,ERR,ERR,ERR,ERR,ERR,ERR,ERR,ERR,ERR,ERR,ERR,ERR,ERR,ERR,ERR,ERR,ERR,ERR,ERR,ERR,ERR,ERR,ERR,ERR,ERR,ERR,ERR,ERR,ERR,ERR,ERR,ERR,ERR,ERR,ERR,ERR,ERR,ERR,ERR,ERR,ERR,ERR,ERR,ERR,ERR,ERR,ERR,ERR,ERR,ERR,ERR,ERR,ERR,ERR,ERR,ERR,ERR,ERR,ERR,ERR,ERR,ERR,ERR,ERR,ERR,ERR,ERR,ERR,ERR,ERR,ERR,ERR,ERR,ERR,ERR,ERR,ERR,ERR,ERR,ERR,ERR,ERR,ERR,ERR,ERR,ERR,ERR,ERR,ERR,ERR,ERR,ERR,ERR,ERR,ERR,ERR,ERR,ERR,2.718430741444032e+23,2.7184312818759872e+23,0.0,0.0,0.0,1.3936040501711995e+18,7.805,0.0,0,0,4,0,7116,0.0,100,0.0,0.0,0.0,0.0,0.0,0,0,0,0,0.0,0,0,0,0,0,0,0,0,0,0,0,0,0,0,0,0,0,0,0,0,0,0,0,0,0,0,0,0,0,0,0,0,0,31,40,40,71,65476,0,300,0,0,8,21553,0.0,-107605600.0,0.0,0.0,0.0,0.0,0.0,0.0,0.0,0.0,0.0,0.0,0.0,0.0,0.0,0.0,0.0,0.0,0.0,0.0,0.0,0.0,0.0,-2.004,-2.004,0.0,0.0,0.0,0.0,0.0,6212.0,8608221184.0,6922.0,2.718430741444032e+23,2.7184312818759872e+23,-0.0,2.718430741444032e+23,0.0,0.0,0.0,0.0,69,5.848086582142772e+35,-0.0,0.0,0.0,0.0,0.0,0.0,0.0,0.0,0,0,0,0.0,0.0,0.0,0.0,0.0,0.0,0.0,0.0,0.0,0.0,0.0,0.0,0.0,0.0,0.0,0.0,0,-107875648.0,69,0.0,138,0.0,-109447200.0,0,13107,17040,26215,17049,13107,17043,0,0,0,70,68,100,2.7302359370752657e+23,71.2,2.7302370179391762e+23,74.2,2.7302370179391762e+23,74.0,1,49,50,180,13107,52429,0,0,0.0,0.0,0.0,0.0,-0.0,67.0,0.0,162057.094,0.0,751,0,739,0,0,0,721,0,767,0,736,0,742,0,742,0,712,0,7520,0.032,108447924224.0,0.0,0.0,784,16797,-0.0,162057.094,-114818.039,-0.0,0.133,6.909358625270745e+28,30.0,65.0,35,0.0,0.0,0.0,0.0,0.0,0.0,0.0,0.0,0.0,0.0,0.0,0.0,0.0,0.0,0.0,0.0,69.2,0,150,71,55,65476,0,300,0,1,8,20529,65476,0,0,40632,65.0,0.0,0.0,0.0,0.0,0.0
2026-09-04T20:17:02,ERR,ERR,ERR,ERR,ERR,ERR,ERR,ERR,ERR,ERR,ERR,ERR,ERR,ERR,ERR,ERR,ERR,ERR,ERR,ERR,ERR,ERR,ERR,ERR,ERR,ERR,ERR,ERR,ERR,ERR,ERR,ERR,ERR,ERR,ERR,ERR,ERR,ERR,ERR,ERR,ERR,ERR,ERR,ERR,ERR,ERR,ERR,ERR,ERR,ERR,ERR,ERR,ERR,ERR,ERR,ERR,ERR,ERR,ERR,ERR,ERR,ERR,ERR,ERR,ERR,ERR,ERR,ERR,ERR,ERR,ERR,ERR,ERR,ERR,ERR,ERR,ERR,ERR,ERR,ERR,ERR,ERR,ERR,ERR,ERR,ERR,ERR,ERR,ERR,ERR,ERR,ERR,ERR,ERR,ERR,ERR,ERR,ERR,ERR,ERR,ERR,ERR,ERR,ERR,ERR,ERR,ERR,ERR,ERR,ERR,ERR,ERR,ERR,ERR,ERR,ERR,ERR,ERR,ERR,ERR,ERR,ERR,ERR,ERR,ERR,2.718430741444032e+23,2.7184312818759872e+23,0.0,0.0,0.0,1.3936040501711995e+18,7.805,0.0,0,0,4,0,7116,0.0,100,0.0,0.0,0.0,0.0,0.0,0,0,0,0,0.0,0,0,0,0,0,0,0,0,0,0,0,0,0,0,0,0,0,0,0,0,0,0,0,0,0,0,0,0,0,0,0,0,0,31,40,40,71,65476,0,300,0,0,8,21553,0.0,-107605600.0,0.0,0.0,0.0,0.0,0.0,0.0,0.0,0.0,0.0,0.0,0.0,0.0,0.0,0.0,0.0,0.0,0.0,0.0,0.0,0.0,0.0,-2.004,-2.004,0.0,0.0,0.0,0.0,0.0,6212.0,8608221184.0,6922.0,2.718430741444032e+23,2.7184312818759872e+23,-0.0,2.718430741444032e+23,0.0,0.0,0.0,0.0,69,5.848086582142772e+35,-0.0,0.0,0.0,0.0,0.0,0.0,0.0,0.0,0,0,0,0.0,0.0,0.0,0.0,0.0,0.0,0.0,0.0,0.0,0.0,0.0,0.0,0.0,0.0,0.0,0.0,0,-107875648.0,69,0.0,138,0.0,-109447200.0,0,13107,17040,26215,17049,13107,17043,0,0,0,70,68,100,2.7302359370752657e+23,71.2,2.7302370179391762e+23,74.2,2.7302370179391762e+23,74.0,1,49,50,180,13107,52429,0,0,0.0,0.0,0.0,0.0,-0.0,67.0,0.0,162057.094,0.0,751,0,739,0,0,0,721,0,767,0,736,0,742,0,742,0,712,0,7520,0.032,96636764160.0,0.0,0.0,784,16797,-0.0,162057.094,-114818.039,-0.0,0.133,6.909358625270745e+28,30.0,65.0,35,0.0,0.0,0.0,0.0,0.0,0.0,0.0,0.0,0.0,0.0,0.0,0.0,0.0,0.0,0.0,0.0,69.2,0,150,71,55,65476,0,300,0,1,8,20529,65476,0,0,40632,65.0,0.0,0.0,0.0,0.0,0.0
2026-09-04T20:17:03,ERR,ERR,ERR,ERR,ERR,ERR,ERR,ERR,ERR,ERR,ERR,ERR,ERR,ERR,ERR,ERR,ERR,ERR,ERR,ERR,ERR,ERR,ERR,ERR,ERR,ERR,ERR,ERR,ERR,ERR,ERR,ERR,ERR,ERR,ERR,ERR,ERR,ERR,ERR,ERR,ERR,ERR,ERR,ERR,ERR,ERR,ERR,ERR,ERR,ERR,ERR,ERR,ERR,ERR,ERR,ERR,ERR,ERR,ERR,ERR,ERR,ERR,ERR,ERR,ERR,ERR,ERR,ERR,ERR,ERR,ERR,ERR,ERR,ERR,ERR,ERR,ERR,ERR,ERR,ERR,ERR,ERR,ERR,ERR,ERR,ERR,ERR,ERR,ERR,ERR,ERR,ERR,ERR,ERR,ERR,ERR,ERR,ERR,ERR,ERR,ERR,ERR,ERR,ERR,ERR,ERR,ERR,ERR,ERR,ERR,ERR,ERR,ERR,ERR,ERR,ERR,ERR,ERR,ERR,ERR,ERR,ERR,ERR,ERR,ERR,2.718430741444032e+23,2.7184312818759872e+23,0.0,0.0,0.0,1.3936040501711995e+18,7.805,0.0,0,0,4,0,7116,0.0,100,0.0,0.0,0.0,0.0,0.0,0,0,0,0,0.0,0,0,0,0,0,0,0,0,0,0,0,0,0,0,0,0,0,0,0,0,0,0,0,0,0,0,0,0,0,0,0,0,0,31,40,40,71,65476,0,300,0,0,8,21553,0.0,-107605600.0,0.0,0.0,0.0,0.0,0.0,0.0,0.0,0.0,0.0,0.0,0.0,0.0,0.0,0.0,0.0,0.0,0.0,0.0,0.0,0.0,0.0,-2.004,-2.004,0.0,0.0,0.0,0.0,0.0,6215.0,-0.0,6928.0,2.718430741444032e+23,2.7184312818759872e+23,-0.0,2.718430741444032e+23,0.0,0.0,0.0,0.0,69,-0.0,-2.3088364955910118e+20,0.0,0.0,0.0,0.0,0.0,0.0,0.0,0,0,0,0.0,0.0,0.0,0.0,0.0,0.0,0.0,0.0,0.0,0.0,0.0,0.0,0.0,0.0,0.0,0.0,0,-107875648.0,69,0.0,138,0.0,-109447200.0,0,13107,17040,26215,17049,13107,17043,0,0,0,70,68,100,2.7302359370752657e+23,71.2,2.7302370179391762e+23,74.2,2.7302370179391762e+23,74.0,1,49,50,180,13107,52429,0,0,0.0,0.0,0.0,0.0,-0.0,67.0,0.0,162057.094,0.0,751,0,739,0,0,0,721,0,767,0,736,0,742,0,742,0,712,0,7520,0.032,96636764160.0,0.0,0.0,784,16797,-0.0,162057.094,-114818.039,-0.0,0.133,6.909358625270745e+28,30.0,65.0,35,0.0,0.0,0.0,0.0,0.0,0.0,0.0,0.0,0.0,0.0,0.0,0.0,0.0,0.0,0.0,0.0,69.6,0,150,71,55,65476,0,300,0,1,8,20529,65476,0,0,40632,65.0,0.0,0.0,0.0,0.0,0.0
2026-09-04T20:17:04,ERR,ERR,ERR,ERR,ERR,ERR,ERR,ERR,ERR,ERR,ERR,ERR,ERR,ERR,ERR,ERR,ERR,ERR,ERR,ERR,ERR,ERR,ERR,ERR,ERR,ERR,ERR,ERR,ERR,ERR,ERR,ERR,ERR,ERR,ERR,ERR,ERR,ERR,ERR,ERR,ERR,ERR,ERR,ERR,ERR,ERR,ERR,ERR,ERR,ERR,ERR,ERR,ERR,ERR,ERR,ERR,ERR,ERR,ERR,ERR,ERR,ERR,ERR,ERR,ERR,ERR,ERR,ERR,ERR,ERR,ERR,ERR,ERR,ERR,ERR,ERR,ERR,ERR,ERR,ERR,ERR,ERR,ERR,ERR,ERR,ERR,ERR,ERR,ERR,ERR,ERR,ERR,ERR,ERR,ERR,ERR,ERR,ERR,ERR,ERR,ERR,ERR,ERR,ERR,ERR,ERR,ERR,ERR,ERR,ERR,ERR,ERR,ERR,ERR,ERR,ERR,ERR,ERR,ERR,ERR,ERR,ERR,ERR,ERR,ERR,2.718430741444032e+23,2.7184312818759872e+23,0.0,0.0,0.0,1.3936040501711995e+18,7.805,0.0,0,0,4,0,7116,0.0,100,0.0,0.0,0.0,0.0,0.0,0,0,0,0,0.0,0,0,0,0,0,0,0,0,0,0,0,0,0,0,0,0,0,0,0,0,0,0,0,0,0,0,0,0,0,0,0,0,0,31,40,40,71,65476,0,300,0,0,8,21553,0.0,-107605600.0,0.0,0.0,0.0,0.0,0.0,0.0,0.0,0.0,0.0,0.0,0.0,0.0,0.0,0.0,0.0,0.0,0.0,0.0,0.0,0.0,0.0,-2.004,-2.004,0.0,0.0,0.0,0.0,0.0,6215.0,-0.0,6928.0,2.718430741444032e+23,2.7184312818759872e+23,-0.0,2.718430741444032e+23,0.0,0.0,0.0,0.0,69,-0.0,-2.3088364955910118e+20,0.0,0.0,0.0,0.0,0.0,0.0,0.0,0,0,0,0.0,0.0,0.0,0.0,0.0,0.0,0.0,0.0,0.0,0.0,0.0,0.0,0.0,0.0,0.0,0.0,0,-107875648.0,69,0.0,138,0.0,-109447200.0,0,13107,17040,26215,17049,13107,17043,0,0,0,70,68,100,2.7302359370752657e+23,71.2,2.7302370179391762e+23,74.2,2.7302370179391762e+23,74.0,1,49,50,180,13107,52429,0,0,0.0,0.0,0.0,0.0,-0.0,67.0,0.0,162057.094,0.0,751,0,739,0,0,0,721,0,767,0,736,0,742,0,742,0,712,0,7520,0.032,96636764160.0,0.0,0.0,784,16797,-0.0,162057.094,-114818.039,-0.0,0.133,6.909358625270745e+28,30.0,65.0,35,0.0,0.0,0.0,0.0,0.0,0.0,0.0,0.0,0.0,0.0,0.0,0.0,0.0,0.0,0.0,0.0,69.6,0,150,71,55,65476,0,300,0,1,8,20529,65476,0,0,40632,65.0,0.0,0.0,0.0,0.0,0.0
2026-09-04T20:17:05,ERR,ERR,ERR,ERR,ERR,ERR,ERR,ERR,ERR,ERR,ERR,ERR,ERR,ERR,ERR,ERR,ERR,ERR,ERR,ERR,ERR,ERR,ERR,ERR,ERR,ERR,ERR,ERR,ERR,ERR,ERR,ERR,ERR,ERR,ERR,ERR,ERR,ERR,ERR,ERR,ERR,ERR,ERR,ERR,ERR,ERR,ERR,ERR,ERR,ERR,ERR,ERR,ERR,ERR,ERR,ERR,ERR,ERR,ERR,ERR,ERR,ERR,ERR,ERR,ERR,ERR,ERR,ERR,ERR,ERR,ERR,ERR,ERR,ERR,ERR,ERR,ERR,ERR,ERR,ERR,ERR,ERR,ERR,ERR,ERR,ERR,ERR,ERR,ERR,ERR,ERR,ERR,ERR,ERR,ERR,ERR,ERR,ERR,ERR,ERR,ERR,ERR,ERR,ERR,ERR,ERR,ERR,ERR,ERR,ERR,ERR,ERR,ERR,ERR,ERR,ERR,ERR,ERR,ERR,ERR,ERR,ERR,ERR,ERR,ERR,2.718430741444032e+23,2.7184312818759872e+23,0.0,0.0,0.0,1.3936040501711995e+18,7.805,0.0,0,0,4,0,7116,0.0,100,0.0,0.0,0.0,0.0,0.0,0,0,0,0,0.0,0,0,0,0,0,0,0,0,0,0,0,0,0,0,0,0,0,0,0,0,0,0,0,0,0,0,0,0,0,0,0,0,0,31,40,40,71,65476,0,300,0,0,8,21553,0.0,-107605600.0,0.0,0.0,0.0,0.0,0.0,0.0,0.0,0.0,0.0,0.0,0.0,0.0,0.0,0.0,0.0,0.0,0.0,0.0,0.0,0.0,0.0,-2.004,-2.004,0.0,0.0,0.0,0.0,0.0,6215.0,-0.0,6928.0,2.718430741444032e+23,2.7184312818759872e+23,-0.0,2.718430741444032e+23,0.0,0.0,0.0,0.0,69,-0.0,-2.3088364955910118e+20,0.0,0.0,0.0,0.0,0.0,0.0,0.0,0,0,0,0.0,0.0,0.0,0.0,0.0,0.0,0.0,0.0,0.0,0.0,0.0,0.0,0.0,0.0,0.0,0.0,0,-107875648.0,69,0.0,138,0.0,-109447200.0,0,13107,17040,26215,17049,13107,17043,0,0,0,70,68,100,2.7302359370752657e+23,71.2,2.7302370179391762e+23,74.2,2.7302370179391762e+23,74.0,1,49,50,180,13107,52429,0,0,0.0,0.0,0.0,0.0,-0.0,67.0,0.0,162057.094,0.0,751,0,739,0,0,0,721,0,767,0,736,0,742,0,742,0,712,0,7520,0.032,96636764160.0,0.0,0.0,784,16797,-0.0,162057.094,-114818.039,-0.0,0.133,6.909358625270745e+28,30.0,65.0,35,0.0,0.0,0.0,0.0,0.0,0.0,0.0,0.0,0.0,0.0,0.0,0.0,0.0,0.0,0.0,0.0,69.2,0,150,71,55,65476,0,300,0,1,8,20529,65476,0,0,40632,65.0,0.0,0.0,0.0,0.0,0.0
2026-09-04T20:17:06,ERR,ERR,ERR,ERR,ERR,ERR,ERR,ERR,ERR,ERR,ERR,ERR,ERR,ERR,ERR,ERR,ERR,ERR,ERR,ERR,ERR,ERR,ERR,ERR,ERR,ERR,ERR,ERR,ERR,ERR,ERR,ERR,ERR,ERR,ERR,ERR,ERR,ERR,ERR,ERR,ERR,ERR,ERR,ERR,ERR,ERR,ERR,ERR,ERR,ERR,ERR,ERR,ERR,ERR,ERR,ERR,ERR,ERR,ERR,ERR,ERR,ERR,ERR,ERR,ERR,ERR,ERR,ERR,ERR,ERR,ERR,ERR,ERR,ERR,ERR,ERR,ERR,ERR,ERR,ERR,ERR,ERR,ERR,ERR,ERR,ERR,ERR,ERR,ERR,ERR,ERR,ERR,ERR,ERR,ERR,ERR,ERR,ERR,ERR,ERR,ERR,ERR,ERR,ERR,ERR,ERR,ERR,ERR,ERR,ERR,ERR,ERR,ERR,ERR,ERR,ERR,ERR,ERR,ERR,ERR,ERR,ERR,ERR,ERR,ERR,2.718430741444032e+23,2.7184312818759872e+23,0.0,0.0,0.0,1.3936040501711995e+18,7.805,0.0,0,0,4,0,7116,0.0,100,0.0,0.0,0.0,0.0,0.0,0,0,0,0,0.0,0,0,0,0,0,0,0,0,0,0,0,0,0,0,0,0,0,0,0,0,0,0,0,0,0,0,0,0,0,0,0,0,0,31,40,40,71,65476,0,300,0,0,8,21553,0.0,-107605600.0,0.0,0.0,0.0,0.0,0.0,0.0,0.0,0.0,0.0,0.0,0.0,0.0,0.0,0.0,0.0,0.0,0.0,0.0,0.0,0.0,0.0,-2.004,-2.004,0.0,0.0,0.0,0.0,0.0,6215.0,-0.0,6928.0,2.718430741444032e+23,2.7184312818759872e+23,-0.0,2.718430741444032e+23,0.0,0.0,0.0,0.0,69,-0.0,-2.3088364955910118e+20,0.0,0.0,0.0,0.0,0.0,0.0,0.0,0,0,0,0.0,0.0,0.0,0.0,0.0,0.0,0.0,0.0,0.0,0.0,0.0,0.0,0.0,0.0,0.0,0.0,0,-107875648.0,69,0.0,138,0.0,-109447200.0,0,13107,17040,26215,17049,13107,17043,0,0,0,70,68,100,2.7302359370752657e+23,71.2,2.7302370179391762e+23,74.2,2.7302370179391762e+23,74.0,1,49,50,180,13107,52429,0,0,0.0,0.0,0.0,0.0,-0.0,67.0,0.0,162057.094,0.0,751,0,739,0,0,0,721,0,767,0,736,0,742,0,742,0,712,0,7520,0.032,96636764160.0,0.0,0.0,784,16797,-0.0,162057.094,-114818.039,-0.0,0.133,6.909358625270745e+28,30.0,65.0,35,0.0,0.0,0.0,0.0,0.0,0.0,0.0,0.0,0.0,0.0,0.0,0.0,0.0,0.0,0.0,0.0,69.2,0,150,71,55,65476,0,300,0,1,8,20529,65476,0,0,40632,65.0,0.0,0.0,0.0,0.0,0.0
2026-09-04T20:17:07,ERR,ERR,ERR,ERR,ERR,ERR,ERR,ERR,ERR,ERR,ERR,ERR,ERR,ERR,ERR,ERR,ERR,ERR,ERR,ERR,ERR,ERR,ERR,ERR,ERR,ERR,ERR,ERR,ERR,ERR,ERR,ERR,ERR,ERR,ERR,ERR,ERR,ERR,ERR,ERR,ERR,ERR,ERR,ERR,ERR,ERR,ERR,ERR,ERR,ERR,ERR,ERR,ERR,ERR,ERR,ERR,ERR,ERR,ERR,ERR,ERR,ERR,ERR,ERR,ERR,ERR,ERR,ERR,ERR,ERR,ERR,ERR,ERR,ERR,ERR,ERR,ERR,ERR,ERR,ERR,ERR,ERR,ERR,ERR,ERR,ERR,ERR,ERR,ERR,ERR,ERR,ERR,ERR,ERR,ERR,ERR,ERR,ERR,ERR,ERR,ERR,ERR,ERR,ERR,ERR,ERR,ERR,ERR,ERR,ERR,ERR,ERR,ERR,ERR,ERR,ERR,ERR,ERR,ERR,ERR,ERR,ERR,ERR,ERR,ERR,2.718430741444032e+23,2.7184312818759872e+23,0.0,0.0,0.0,1.3936040501711995e+18,7.805,0.0,0,0,4,0,7116,0.0,100,0.0,0.0,0.0,0.0,0.0,0,0,0,0,0.0,0,0,0,0,0,0,0,0,0,0,0,0,0,0,0,0,0,0,0,0,0,0,0,0,0,0,0,0,0,0,0,0,0,31,40,40,71,65476,0,300,0,0,8,21553,0.0,-107605600.0,0.0,0.0,0.0,0.0,0.0,0.0,0.0,0.0,0.0,0.0,0.0,0.0,0.0,0.0,0.0,0.0,0.0,0.0,0.0,0.0,0.0,-2.004,-2.004,0.0,0.0,0.0,0.0,0.0,6215.0,-0.0,6928.0,2.718430741444032e+23,2.7184312818759872e+23,-0.0,2.718430741444032e+23,0.0,0.0,0.0,0.0,69,-0.0,-2.3088364955910118e+20,0.0,0.0,0.0,0.0,0.0,0.0,0.0,0,0,0,0.0,0.0,0.0,0.0,0.0,0.0,0.0,0.0,0.0,0.0,0.0,0.0,0.0,0.0,0.0,0.0,0,-107875648.0,69,0.0,138,0.0,-109447200.0,0,13107,17040,26215,17049,13107,17043,0,0,0,70,68,100,2.7302359370752657e+23,71.2,2.7302370179391762e+23,74.2,2.7302370179391762e+23,74.0,1,49,50,180,13107,52429,0,0,0.0,0.0,0.0,0.0,-0.0,67.0,0.0,162057.094,0.0,751,0,739,0,0,0,721,0,767,0,736,0,742,0,742,0,712,0,7520,0.032,108447924224.0,0.0,0.0,784,16797,-0.0,162057.094,-114818.039,-0.0,0.133,6.909358625270745e+28,30.0,65.0,35,0.0,0.0,0.0,0.0,0.0,0.0,0.0,0.0,0.0,0.0,0.0,0.0,0.0,0.0,0.0,0.0,69.2,0,150,71,55,65476,0,300,0,1,8,20529,65476,0,0,40632,65.0,0.0,0.0,0.0,0.0,0.0
2026-09-04T20:17:08,ERR,ERR,ERR,ERR,ERR,ERR,ERR,ERR,ERR,ERR,ERR,ERR,ERR,ERR,ERR,ERR,ERR,ERR,ERR,ERR,ERR,ERR,ERR,ERR,ERR,ERR,ERR,ERR,ERR,ERR,ERR,ERR,ERR,ERR,ERR,ERR,ERR,ERR,ERR,ERR,ERR,ERR,ERR,ERR,ERR,ERR,ERR,ERR,ERR,ERR,ERR,ERR,ERR,ERR,ERR,ERR,ERR,ERR,ERR,ERR,ERR,ERR,ERR,ERR,ERR,ERR,ERR,ERR,ERR,ERR,ERR,ERR,ERR,ERR,ERR,ERR,ERR,ERR,ERR,ERR,ERR,ERR,ERR,ERR,ERR,ERR,ERR,ERR,ERR,ERR,ERR,ERR,ERR,ERR,ERR,ERR,ERR,ERR,ERR,ERR,ERR,ERR,ERR,ERR,ERR,ERR,ERR,ERR,ERR,ERR,ERR,ERR,ERR,ERR,ERR,ERR,ERR,ERR,ERR,ERR,ERR,ERR,ERR,ERR,ERR,2.718430741444032e+23,2.7184312818759872e+23,0.0,0.0,0.0,1.3936040501711995e+18,7.805,0.0,0,0,4,0,7116,0.0,100,0.0,0.0,0.0,0.0,0.0,0,0,0,0,0.0,0,0,0,0,0,0,0,0,0,0,0,0,0,0,0,0,0,0,0,0,0,0,0,0,0,0,0,0,0,0,0,0,0,31,40,40,71,65476,0,300,0,0,8,21553,0.0,-107605600.0,0.0,0.0,0.0,0.0,0.0,0.0,0.0,0.0,0.0,0.0,0.0,0.0,0.0,0.0,0.0,0.0,0.0,0.0,0.0,0.0,0.0,-2.004,-2.004,0.0,0.0,0.0,0.0,0.0,6215.0,-0.0,6928.0,2.718430741444032e+23,2.7184312818759872e+23,-0.0,2.718430741444032e+23,0.0,0.0,0.0,0.0,69,-0.0,-2.3088364955910118e+20,0.0,0.0,0.0,0.0,0.0,0.0,0.0,0,0,0,0.0,0.0,0.0,0.0,0.0,0.0,0.0,0.0,0.0,0.0,0.0,0.0,0.0,0.0,0.0,0.0,0,-107875648.0,69,0.0,138,0.0,-109447200.0,0,13107,17040,26215,17049,13107,17043,0,0,0,70,68,100,2.7302359370752657e+23,71.2,2.7302370179391762e+23,74.2,2.7302370179391762e+23,74.0,1,49,50,180,13107,52429,0,0,0.0,0.0,0.0,0.0,-0.0,67.0,0.0,162057.094,0.0,751,0,739,0,0,0,721,0,767,0,736,0,742,0,742,0,712,0,7520,0.032,108447924224.0,0.0,0.0,784,16797,-0.0,162057.094,-114818.039,-0.0,0.133,6.909358625270745e+28,30.0,65.0,35,0.0,0.0,0.0,0.0,0.0,0.0,0.0,0.0,0.0,0.0,0.0,0.0,0.0,0.0,0.0,0.0,69.2,0,150,71,55,65476,0,300,0,1,8,20529,65476,0,0,40632,65.0,0.0,0.0,0.0,0.0,0.0
2026-09-04T20:17:09,ERR,ERR,ERR,ERR,ERR,ERR,ERR,ERR,ERR,ERR,ERR,ERR,ERR,ERR,ERR,ERR,ERR,ERR,ERR,ERR,ERR,ERR,ERR,ERR,ERR,ERR,ERR,ERR,ERR,ERR,ERR,ERR,ERR,ERR,ERR,ERR,ERR,ERR,ERR,ERR,ERR,ERR,ERR,ERR,ERR,ERR,ERR,ERR,ERR,ERR,ERR,ERR,ERR,ERR,ERR,ERR,ERR,ERR,ERR,ERR,ERR,ERR,ERR,ERR,ERR,ERR,ERR,ERR,ERR,ERR,ERR,ERR,ERR,ERR,ERR,ERR,ERR,ERR,ERR,ERR,ERR,ERR,ERR,ERR,ERR,ERR,ERR,ERR,ERR,ERR,ERR,ERR,ERR,ERR,ERR,ERR,ERR,ERR,ERR,ERR,ERR,ERR,ERR,ERR,ERR,ERR,ERR,ERR,ERR,ERR,ERR,ERR,ERR,ERR,ERR,ERR,ERR,ERR,ERR,ERR,ERR,ERR,ERR,ERR,ERR,2.718430741444032e+23,2.7184312818759872e+23,0.0,0.0,0.0,1.3936040501711995e+18,7.805,0.0,0,0,4,0,7116,0.0,100,0.0,0.0,0.0,0.0,0.0,0,0,0,0,0.0,0,0,0,0,0,0,0,0,0,0,0,0,0,0,0,0,0,0,0,0,0,0,0,0,0,0,0,0,0,0,0,0,0,31,40,40,71,65476,0,300,0,0,8,21553,0.0,-107605600.0,0.0,0.0,0.0,0.0,0.0,0.0,0.0,0.0,0.0,0.0,0.0,0.0,0.0,0.0,0.0,0.0,0.0,0.0,0.0,0.0,0.0,-2.004,-2.004,0.0,0.0,0.0,0.0,0.0,6215.0,-0.0,6928.0,2.718430741444032e+23,2.7184312818759872e+23,-0.0,2.718430741444032e+23,0.0,0.0,0.0,0.0,69,-0.0,-2.3088364955910118e+20,0.0,0.0,0.0,0.0,0.0,0.0,0.0,0,0,0,0.0,0.0,0.0,0.0,0.0,0.0,0.0,0.0,0.0,0.0,0.0,0.0,0.0,0.0,0.0,0.0,0,-107875648.0,69,0.0,138,0.0,-109447200.0,0,13107,17040,26215,17049,13107,17043,0,0,0,70,68,100,2.7302359370752657e+23,71.2,2.7302370179391762e+23,74.2,2.7302370179391762e+23,74.0,1,49,50,180,13107,52429,0,0,0.0,0.0,0.0,0.0,-0.0,67.0,0.0,162057.094,0.0,751,0,739,0,0,0,721,0,767,0,736,0,742,0,742,0,712,0,7520,0.032,108447924224.0,0.0,0.0,784,16797,-0.0,162057.094,-114818.039,-0.0,0.133,6.909358625270745e+28,30.0,65.0,35,0.0,0.0,0.0,0.0,0.0,0.0,0.0,0.0,0.0,0.0,0.0,0.0,0.0,0.0,0.0,0.0,69.2,0,150,71,55,65476,0,300,0,1,8,20529,65476,0,0,40632,65.0,0.0,0.0,0.0,0.0,0.0
2026-09-04T20:17:10,ERR,ERR,ERR,ERR,ERR,ERR,ERR,ERR,ERR,ERR,ERR,ERR,ERR,ERR,ERR,ERR,ERR,ERR,ERR,ERR,ERR,ERR,ERR,ERR,ERR,ERR,ERR,ERR,ERR,ERR,ERR,ERR,ERR,ERR,ERR,ERR,ERR,ERR,ERR,ERR,ERR,ERR,ERR,ERR,ERR,ERR,ERR,ERR,ERR,ERR,ERR,ERR,ERR,ERR,ERR,ERR,ERR,ERR,ERR,ERR,ERR,ERR,ERR,ERR,ERR,ERR,ERR,ERR,ERR,ERR,ERR,ERR,ERR,ERR,ERR,ERR,ERR,ERR,ERR,ERR,ERR,ERR,ERR,ERR,ERR,ERR,ERR,ERR,ERR,ERR,ERR,ERR,ERR,ERR,ERR,ERR,ERR,ERR,ERR,ERR,ERR,ERR,ERR,ERR,ERR,ERR,ERR,ERR,ERR,ERR,ERR,ERR,ERR,ERR,ERR,ERR,ERR,ERR,ERR,ERR,ERR,ERR,ERR,ERR,ERR,2.718430741444032e+23,2.7184312818759872e+23,0.0,0.0,0.0,1.3936040501711995e+18,7.805,0.0,0,0,4,0,7116,0.0,100,0.0,0.0,0.0,0.0,0.0,0,0,0,0,0.0,0,0,0,0,0,0,0,0,0,0,0,0,0,0,0,0,0,0,0,0,0,0,0,0,0,0,0,0,0,0,0,0,0,31,40,40,71,65476,0,300,0,0,8,21553,0.0,-107605600.0,0.0,0.0,0.0,0.0,0.0,0.0,0.0,0.0,0.0,0.0,0.0,0.0,0.0,0.0,0.0,0.0,0.0,0.0,0.0,0.0,0.0,-2.004,-2.004,0.0,0.0,0.0,0.0,0.0,6215.0,-0.0,6928.0,2.718430741444032e+23,2.7184312818759872e+23,-0.0,2.718430741444032e+23,0.0,0.0,0.0,0.0,69,-0.0,-2.3088364955910118e+20,0.0,0.0,0.0,0.0,0.0,0.0,0.0,0,0,0,0.0,0.0,0.0,0.0,0.0,0.0,0.0,0.0,0.0,0.0,0.0,0.0,0.0,0.0,0.0,0.0,0,-107875648.0,69,0.0,138,0.0,-109447200.0,0,13107,17040,26215,17049,13107,17043,0,0,0,70,68,100,2.7302359370752657e+23,71.2,2.7302370179391762e+23,74.2,2.7302370179391762e+23,74.0,1,49,50,180,13107,52429,0,0,0.0,0.0,0.0,0.0,-0.0,67.0,0.0,162057.094,0.0,751,0,739,0,0,0,721,0,767,0,736,0,742,0,742,0,712,0,7520,0.032,108447924224.0,0.0,0.0,784,16797,-0.0,162057.094,-114818.039,-0.0,0.133,6.909358625270745e+28,30.0,65.0,35,0.0,0.0,0.0,0.0,0.0,0.0,0.0,0.0,0.0,0.0,0.0,0.0,0.0,0.0,0.0,0.0,69.2,0,150,71,55,65476,0,300,0,1,8,20529,65476,0,0,40632,65.0,0.0,0.0,0.0,0.0,0.0
2026-09-04T20:17:11,ERR,ERR,ERR,ERR,ERR,ERR,ERR,ERR,ERR,ERR,ERR,ERR,ERR,ERR,ERR,ERR,ERR,ERR,ERR,ERR,ERR,ERR,ERR,ERR,ERR,ERR,ERR,ERR,ERR,ERR,ERR,ERR,ERR,ERR,ERR,ERR,ERR,ERR,ERR,ERR,ERR,ERR,ERR,ERR,ERR,ERR,ERR,ERR,ERR,ERR,ERR,ERR,ERR,ERR,ERR,ERR,ERR,ERR,ERR,ERR,ERR,ERR,ERR,ERR,ERR,ERR,ERR,ERR,ERR,ERR,ERR,ERR,ERR,ERR,ERR,ERR,ERR,ERR,ERR,ERR,ERR,ERR,ERR,ERR,ERR,ERR,ERR,ERR,ERR,ERR,ERR,ERR,ERR,ERR,ERR,ERR,ERR,ERR,ERR,ERR,ERR,ERR,ERR,ERR,ERR,ERR,ERR,ERR,ERR,ERR,ERR,ERR,ERR,ERR,ERR,ERR,ERR,ERR,ERR,ERR,ERR,ERR,ERR,ERR,ERR,2.718430741444032e+23,2.7184312818759872e+23,0.0,0.0,0.0,1.3936040501711995e+18,7.805,0.0,0,0,4,0,7116,0.0,100,0.0,0.0,0.0,0.0,0.0,0,0,0,0,0.0,0,0,0,0,0,0,0,0,0,0,0,0,0,0,0,0,0,0,0,0,0,0,0,0,0,0,0,0,0,0,0,0,0,31,40,40,71,65476,0,300,0,0,8,21553,0.0,-107605600.0,0.0,0.0,0.0,0.0,0.0,0.0,0.0,0.0,0.0,0.0,0.0,0.0,0.0,0.0,0.0,0.0,0.0,0.0,0.0,0.0,0.0,-2.004,-2.004,0.0,0.0,0.0,0.0,0.0,6215.0,564148383514624.0,6923.0,2.718430741444032e+23,2.7184312818759872e+23,-0.0,2.718430741444032e+23,0.0,0.0,0.0,0.0,69,-0.0,-71.63,0.0,0.0,0.0,0.0,0.0,0.0,0.0,0,0,0,0.0,0.0,0.0,0.0,0.0,0.0,0.0,0.0,0.0,0.0,0.0,0.0,0.0,0.0,0.0,0.0,0,-107875648.0,69,0.0,138,0.0,-109447200.0,0,13107,17040,26215,17049,13107,17043,0,0,0,70,68,100,2.7302359370752657e+23,71.2,2.7302370179391762e+23,74.2,2.7302370179391762e+23,74.0,1,49,50,180,13107,52429,0,0,0.0,0.0,0.0,0.0,-0.0,67.0,0.0,162057.094,0.0,751,0,739,0,0,0,721,0,767,0,736,0,742,0,742,0,712,0,7520,0.032,108447924224.0,0.0,0.0,784,16797,-0.0,162057.094,-114818.039,-0.0,0.133,6.909358625270745e+28,30.0,65.0,35,0.0,0.0,0.0,0.0,0.0,0.0,0.0,0.0,0.0,0.0,0.0,0.0,0.0,0.0,0.0,0.0,69.2,0,150,71,55,65476,0,300,0,1,8,20529,65476,0,0,40632,65.0,0.0,0.0,0.0,0.0,0.0
2026-09-04T20:17:12,ERR,ERR,ERR,ERR,ERR,ERR,ERR,ERR,ERR,ERR,ERR,ERR,ERR,ERR,ERR,ERR,ERR,ERR,ERR,ERR,ERR,ERR,ERR,ERR,ERR,ERR,ERR,ERR,ERR,ERR,ERR,ERR,ERR,ERR,ERR,ERR,ERR,ERR,ERR,ERR,ERR,ERR,ERR,ERR,ERR,ERR,ERR,ERR,ERR,ERR,ERR,ERR,ERR,ERR,ERR,ERR,ERR,ERR,ERR,ERR,ERR,ERR,ERR,ERR,ERR,ERR,ERR,ERR,ERR,ERR,ERR,ERR,ERR,ERR,ERR,ERR,ERR,ERR,ERR,ERR,ERR,ERR,ERR,ERR,ERR,ERR,ERR,ERR,ERR,ERR,ERR,ERR,ERR,ERR,ERR,ERR,ERR,ERR,ERR,ERR,ERR,ERR,ERR,ERR,ERR,ERR,ERR,ERR,ERR,ERR,ERR,ERR,ERR,ERR,ERR,ERR,ERR,ERR,ERR,ERR,ERR,ERR,ERR,ERR,ERR,2.718430741444032e+23,2.7184312818759872e+23,0.0,0.0,0.0,1.3936040501711995e+18,7.805,0.0,0,0,4,0,7116,0.0,100,0.0,0.0,0.0,0.0,0.0,0,0,0,0,0.0,0,0,0,0,0,0,0,0,0,0,0,0,0,0,0,0,0,0,0,0,0,0,0,0,0,0,0,0,0,0,0,0,0,31,40,40,71,65476,0,300,0,0,8,21553,0.0,-107605600.0,0.0,0.0,0.0,0.0,0.0,0.0,0.0,0.0,0.0,0.0,0.0,0.0,0.0,0.0,0.0,0.0,0.0,0.0,0.0,0.0,0.0,-2.004,-2.004,0.0,0.0,0.0,0.0,0.0,6215.0,564148383514624.0,6923.0,2.718430741444032e+23,2.7184312818759872e+23,-0.0,2.718430741444032e+23,0.0,0.0,0.0,0.0,69,-0.0,-71.63,0.0,0.0,0.0,0.0,0.0,0.0,0.0,0,0,0,0.0,0.0,0.0,0.0,0.0,0.0,0.0,0.0,0.0,0.0,0.0,0.0,0.0,0.0,0.0,0.0,0,-107875648.0,69,0.0,138,0.0,-109447200.0,0,13107,17040,26215,17049,13107,17043,0,0,0,70,68,100,2.7302359370752657e+23,71.2,2.7302370179391762e+23,74.2,2.7302370179391762e+23,74.0,1,49,50,180,13107,52429,0,0,0.0,0.0,0.0,0.0,-0.0,67.0,0.0,162057.094,0.0,751,0,739,0,0,0,721,0,767,0,736,0,742,0,742,0,712,0,7520,0.032,107374182400.0,0.0,0.0,784,16797,-0.0,162057.094,-114818.039,-0.0,0.133,6.909358625270745e+28,30.0,65.0,35,0.0,0.0,0.0,0.0,0.0,0.0,0.0,0.0,0.0,0.0,0.0,0.0,0.0,0.0,0.0,0.0,69.2,0,150,71,55,65476,0,300,0,1,8,20529,65476,0,0,40632,65.0,0.0,0.0,0.0,0.0,0.0
2026-09-04T20:17:13,ERR,ERR,ERR,ERR,ERR,ERR,ERR,ERR,ERR,ERR,ERR,ERR,ERR,ERR,ERR,ERR,ERR,ERR,ERR,ERR,ERR,ERR,ERR,ERR,ERR,ERR,ERR,ERR,ERR,ERR,ERR,ERR,ERR,ERR,ERR,ERR,ERR,ERR,ERR,ERR,ERR,ERR,ERR,ERR,ERR,ERR,ERR,ERR,ERR,ERR,ERR,ERR,ERR,ERR,ERR,ERR,ERR,ERR,ERR,ERR,ERR,ERR,ERR,ERR,ERR,ERR,ERR,ERR,ERR,ERR,ERR,ERR,ERR,ERR,ERR,ERR,ERR,ERR,ERR,ERR,ERR,ERR,ERR,ERR,ERR,ERR,ERR,ERR,ERR,ERR,ERR,ERR,ERR,ERR,ERR,ERR,ERR,ERR,ERR,ERR,ERR,ERR,ERR,ERR,ERR,ERR,ERR,ERR,ERR,ERR,ERR,ERR,ERR,ERR,ERR,ERR,ERR,ERR,ERR,ERR,ERR,ERR,ERR,ERR,ERR,2.718430741444032e+23,2.7184312818759872e+23,0.0,0.0,0.0,1.3936040501711995e+18,7.805,0.0,0,0,4,0,7116,0.0,100,0.0,0.0,0.0,0.0,0.0,0,0,0,0,0.0,0,0,0,0,0,0,0,0,0,0,0,0,0,0,0,0,0,0,0,0,0,0,0,0,0,0,0,0,0,0,0,0,0,31,40,40,71,65476,0,300,0,0,8,21553,0.0,-107605600.0,0.0,0.0,0.0,0.0,0.0,0.0,0.0,0.0,0.0,0.0,0.0,0.0,0.0,0.0,0.0,0.0,0.0,0.0,0.0,0.0,0.0,-2.004,-2.004,0.0,0.0,0.0,0.0,0.0,6215.0,564148383514624.0,6923.0,2.718430741444032e+23,2.7184312818759872e+23,-0.0,2.718430741444032e+23,0.0,0.0,0.0,0.0,69,-0.0,-71.63,0.0,0.0,0.0,0.0,0.0,0.0,0.0,0,0,0,0.0,0.0,0.0,0.0,0.0,0.0,0.0,0.0,0.0,0.0,0.0,0.0,0.0,0.0,0.0,0.0,0,-107875648.0,69,0.0,138,0.0,-109447200.0,0,13107,17040,26215,17049,13107,17043,0,0,0,70,68,100,2.7302359370752657e+23,71.2,2.7302370179391762e+23,74.2,2.7302370179391762e+23,74.0,1,49,50,180,13107,52429,0,0,0.0,0.0,0.0,0.0,-0.0,67.0,0.0,162057.094,0.0,751,0,739,0,0,0,721,0,767,0,736,0,742,0,742,0,712,0,7520,0.032,107374182400.0,0.0,0.0,784,16797,-0.0,162057.094,-114818.039,-0.0,0.133,6.909358625270745e+28,30.0,65.0,35,0.0,0.0,0.0,0.0,0.0,0.0,0.0,0.0,0.0,0.0,0.0,0.0,0.0,0.0,0.0,0.0,69.2,0,150,71,55,65476,0,300,0,1,8,20529,65476,0,0,40632,65.0,0.0,0.0,0.0,0.0,0.0
2026-09-04T20:17:14,ERR,ERR,ERR,ERR,ERR,ERR,ERR,ERR,ERR,ERR,ERR,ERR,ERR,ERR,ERR,ERR,ERR,ERR,ERR,ERR,ERR,ERR,ERR,ERR,ERR,ERR,ERR,ERR,ERR,ERR,ERR,ERR,ERR,ERR,ERR,ERR,ERR,ERR,ERR,ERR,ERR,ERR,ERR,ERR,ERR,ERR,ERR,ERR,ERR,ERR,ERR,ERR,ERR,ERR,ERR,ERR,ERR,ERR,ERR,ERR,ERR,ERR,ERR,ERR,ERR,ERR,ERR,ERR,ERR,ERR,ERR,ERR,ERR,ERR,ERR,ERR,ERR,ERR,ERR,ERR,ERR,ERR,ERR,ERR,ERR,ERR,ERR,ERR,ERR,ERR,ERR,ERR,ERR,ERR,ERR,ERR,ERR,ERR,ERR,ERR,ERR,ERR,ERR,ERR,ERR,ERR,ERR,ERR,ERR,ERR,ERR,ERR,ERR,ERR,ERR,ERR,ERR,ERR,ERR,ERR,ERR,ERR,ERR,ERR,ERR,2.718430741444032e+23,2.7184312818759872e+23,0.0,0.0,0.0,1.3936040501711995e+18,7.805,0.0,0,0,4,0,7116,0.0,100,0.0,0.0,0.0,0.0,0.0,0,0,0,0,0.0,0,0,0,0,0,0,0,0,0,0,0,0,0,0,0,0,0,0,0,0,0,0,0,0,0,0,0,0,0,0,0,0,0,31,40,40,71,65476,0,300,0,0,8,21553,0.0,-107605600.0,0.0,0.0,0.0,0.0,0.0,0.0,0.0,0.0,0.0,0.0,0.0,0.0,0.0,0.0,0.0,0.0,0.0,0.0,0.0,0.0,0.0,-2.004,-2.004,0.0,0.0,0.0,0.0,0.0,6215.0,564148383514624.0,6923.0,2.718430741444032e+23,2.7184312818759872e+23,-0.0,2.718430741444032e+23,0.0,0.0,0.0,0.0,69,-0.0,-71.63,0.0,0.0,0.0,0.0,0.0,0.0,0.0,0,0,0,0.0,0.0,0.0,0.0,0.0,0.0,0.0,0.0,0.0,0.0,0.0,0.0,0.0,0.0,0.0,0.0,0,-107875648.0,69,0.0,138,0.0,-109447200.0,0,13107,17040,26215,17049,13107,17043,0,0,0,70,68,100,2.7302359370752657e+23,71.2,2.7302370179391762e+23,74.2,2.7302370179391762e+23,74.0,1,49,50,180,13107,52429,0,0,0.0,0.0,0.0,0.0,-0.0,67.0,0.0,162057.094,0.0,751,0,739,0,0,0,721,0,767,0,736,0,742,0,742,0,712,0,7520,0.032,107374182400.0,0.0,0.0,784,16797,-0.0,162057.094,-114818.039,-0.0,0.133,6.909358625270745e+28,30.0,65.0,35,0.0,0.0,0.0,0.0,0.0,0.0,0.0,0.0,0.0,0.0,0.0,0.0,0.0,0.0,0.0,0.0,69.2,0,150,71,55,65476,0,300,0,1,8,20529,65476,0,0,40632,65.0,0.0,0.0,0.0,0.0,0.0
2026-09-04T20:17:15,ERR,ERR,ERR,ERR,ERR,ERR,ERR,ERR,ERR,ERR,ERR,ERR,ERR,ERR,ERR,ERR,ERR,ERR,ERR,ERR,ERR,ERR,ERR,ERR,ERR,ERR,ERR,ERR,ERR,ERR,ERR,ERR,ERR,ERR,ERR,ERR,ERR,ERR,ERR,ERR,ERR,ERR,ERR,ERR,ERR,ERR,ERR,ERR,ERR,ERR,ERR,ERR,ERR,ERR,ERR,ERR,ERR,ERR,ERR,ERR,ERR,ERR,ERR,ERR,ERR,ERR,ERR,ERR,ERR,ERR,ERR,ERR,ERR,ERR,ERR,ERR,ERR,ERR,ERR,ERR,ERR,ERR,ERR,ERR,ERR,ERR,ERR,ERR,ERR,ERR,ERR,ERR,ERR,ERR,ERR,ERR,ERR,ERR,ERR,ERR,ERR,ERR,ERR,ERR,ERR,ERR,ERR,ERR,ERR,ERR,ERR,ERR,ERR,ERR,ERR,ERR,ERR,ERR,ERR,ERR,ERR,ERR,ERR,ERR,ERR,2.718430741444032e+23,2.7184312818759872e+23,0.0,0.0,0.0,1.3936040501711995e+18,7.805,0.0,0,0,4,0,7116,0.0,100,0.0,0.0,0.0,0.0,0.0,0,0,0,0,0.0,0,0,0,0,0,0,0,0,0,0,0,0,0,0,0,0,0,0,0,0,0,0,0,0,0,0,0,0,0,0,0,0,0,31,40,40,71,65476,0,300,0,0,8,21553,0.0,-107605600.0,0.0,0.0,0.0,0.0,0.0,0.0,0.0,0.0,0.0,0.0,0.0,0.0,0.0,0.0,0.0,0.0,0.0,0.0,0.0,0.0,0.0,-2.004,-2.004,0.0,0.0,0.0,0.0,0.0,6215.0,564148383514624.0,6923.0,2.718430741444032e+23,2.7184312818759872e+23,-0.0,2.718430741444032e+23,0.0,0.0,0.0,0.0,69,-0.0,-71.63,0.0,0.0,0.0,0.0,0.0,0.0,0.0,0,0,0,0.0,0.0,0.0,0.0,0.0,0.0,0.0,0.0,0.0,0.0,0.0,0.0,0.0,0.0,0.0,0.0,0,-107875648.0,69,0.0,138,0.0,-109447200.0,0,13107,17040,26215,17049,13107,17043,0,0,0,70,68,100,2.7302359370752657e+23,71.2,2.7302370179391762e+23,74.2,2.7302370179391762e+23,74.0,1,49,50,180,13107,52429,0,0,0.0,0.0,0.0,0.0,-0.0,67.0,0.0,162057.094,0.0,751,0,739,0,0,0,721,0,767,0,736,0,742,0,742,0,712,0,7520,0.032,107374182400.0,0.0,0.0,784,16797,-0.0,162057.094,-114818.039,-0.0,0.133,6.909358625270745e+28,30.0,65.0,35,0.0,0.0,0.0,0.0,0.0,0.0,0.0,0.0,0.0,0.0,0.0,0.0,0.0,0.0,0.0,0.0,69.6,0,150,71,55,65476,0,300,0,1,8,20529,65476,0,0,40632,65.0,0.0,0.0,0.0,0.0,0.0
2026-09-04T20:17:16,ERR,ERR,ERR,ERR,ERR,ERR,ERR,ERR,ERR,ERR,ERR,ERR,ERR,ERR,ERR,ERR,ERR,ERR,ERR,ERR,ERR,ERR,ERR,ERR,ERR,ERR,ERR,ERR,ERR,ERR,ERR,ERR,ERR,ERR,ERR,ERR,ERR,ERR,ERR,ERR,ERR,ERR,ERR,ERR,ERR,ERR,ERR,ERR,ERR,ERR,ERR,ERR,ERR,ERR,ERR,ERR,ERR,ERR,ERR,ERR,ERR,ERR,ERR,ERR,ERR,ERR,ERR,ERR,ERR,ERR,ERR,ERR,ERR,ERR,ERR,ERR,ERR,ERR,ERR,ERR,ERR,ERR,ERR,ERR,ERR,ERR,ERR,ERR,ERR,ERR,ERR,ERR,ERR,ERR,ERR,ERR,ERR,ERR,ERR,ERR,ERR,ERR,ERR,ERR,ERR,ERR,ERR,ERR,ERR,ERR,ERR,ERR,ERR,ERR,ERR,ERR,ERR,ERR,ERR,ERR,ERR,ERR,ERR,ERR,ERR,2.718430741444032e+23,2.7184312818759872e+23,0.0,0.0,0.0,1.3936040501711995e+18,7.805,0.0,0,0,4,0,7116,0.0,100,0.0,0.0,0.0,0.0,0.0,0,0,0,0,0.0,0,0,0,0,0,0,0,0,0,0,0,0,0,0,0,0,0,0,0,0,0,0,0,0,0,0,0,0,0,0,0,0,0,31,40,40,71,65476,0,300,0,0,8,21553,0.0,-107605600.0,0.0,0.0,0.0,0.0,0.0,0.0,0.0,0.0,0.0,0.0,0.0,0.0,0.0,0.0,0.0,0.0,0.0,0.0,0.0,0.0,0.0,-2.004,-2.004,0.0,0.0,0.0,0.0,0.0,6215.0,564148383514624.0,6923.0,2.718430741444032e+23,2.7184312818759872e+23,-0.0,2.718430741444032e+23,0.0,0.0,0.0,0.0,69,-0.0,-71.63,0.0,0.0,0.0,0.0,0.0,0.0,0.0,0,0,0,0.0,0.0,0.0,0.0,0.0,0.0,0.0,0.0,0.0,0.0,0.0,0.0,0.0,0.0,0.0,0.0,0,-107875648.0,69,0.0,138,0.0,-109447200.0,0,13107,17040,26215,17049,13107,17043,0,0,0,70,68,100,2.7302359370752657e+23,71.2,2.7302370179391762e+23,74.2,2.7302370179391762e+23,74.0,1,49,50,180,13107,52429,0,0,0.0,0.0,0.0,0.0,-0.0,67.0,0.0,162057.094,0.0,751,0,739,0,0,0,721,0,767,0,736,0,742,0,742,0,712,0,7520,0.032,107374182400.0,0.0,0.0,784,16797,-0.0,162057.094,-114818.039,-0.0,0.133,6.909358625270745e+28,30.0,65.0,35,0.0,0.0,0.0,0.0,0.0,0.0,0.0,0.0,0.0,0.0,0.0,0.0,0.0,0.0,0.0,0.0,69.6,0,150,71,55,65476,0,300,0,1,8,20529,65476,0,0,40632,65.0,0.0,0.0,0.0,0.0,0.0
2026-09-04T20:17:17,ERR,ERR,ERR,ERR,ERR,ERR,ERR,ERR,ERR,ERR,ERR,ERR,ERR,ERR,ERR,ERR,ERR,ERR,ERR,ERR,ERR,ERR,ERR,ERR,ERR,ERR,ERR,ERR,ERR,ERR,ERR,ERR,ERR,ERR,ERR,ERR,ERR,ERR,ERR,ERR,ERR,ERR,ERR,ERR,ERR,ERR,ERR,ERR,ERR,ERR,ERR,ERR,ERR,ERR,ERR,ERR,ERR,ERR,ERR,ERR,ERR,ERR,ERR,ERR,ERR,ERR,ERR,ERR,ERR,ERR,ERR,ERR,ERR,ERR,ERR,ERR,ERR,ERR,ERR,ERR,ERR,ERR,ERR,ERR,ERR,ERR,ERR,ERR,ERR,ERR,ERR,ERR,ERR,ERR,ERR,ERR,ERR,ERR,ERR,ERR,ERR,ERR,ERR,ERR,ERR,ERR,ERR,ERR,ERR,ERR,ERR,ERR,ERR,ERR,ERR,ERR,ERR,ERR,ERR,ERR,ERR,ERR,ERR,ERR,ERR,2.718430741444032e+23,2.7184312818759872e+23,0.0,0.0,0.0,1.3936040501711995e+18,7.805,0.0,0,0,4,0,7116,0.0,100,0.0,0.0,0.0,0.0,0.0,0,0,0,0,0.0,0,0,0,0,0,0,0,0,0,0,0,0,0,0,0,0,0,0,0,0,0,0,0,0,0,0,0,0,0,0,0,0,0,31,40,40,71,65476,0,300,0,0,8,21553,0.0,-107605600.0,0.0,0.0,0.0,0.0,0.0,0.0,0.0,0.0,0.0,0.0,0.0,0.0,0.0,0.0,0.0,0.0,0.0,0.0,0.0,0.0,0.0,-2.004,-2.004,0.0,0.0,0.0,0.0,0.0,6215.0,564148383514624.0,6923.0,2.718430741444032e+23,2.7184312818759872e+23,-0.0,2.718430741444032e+23,0.0,0.0,0.0,0.0,69,-0.0,-71.63,0.0,0.0,0.0,0.0,0.0,0.0,0.0,0,0,0,0.0,0.0,0.0,0.0,0.0,0.0,0.0,0.0,0.0,0.0,0.0,0.0,0.0,0.0,0.0,0.0,0,-107875648.0,69,0.0,138,0.0,-109447200.0,0,13107,17040,26215,17049,13107,17043,0,0,0,70,68,100,2.7302359370752657e+23,71.2,2.7302370179391762e+23,74.2,2.7302370179391762e+23,74.0,1,49,50,180,13107,52429,0,0,0.0,0.0,0.0,0.0,-0.0,67.0,0.0,162057.094,0.0,751,0,739,0,0,0,721,0,767,0,736,0,742,0,742,0,712,0,7520,0.032,107374182400.0,0.0,0.0,784,16797,-0.0,162057.094,-114818.039,-0.0,0.133,6.909358625270745e+28,30.0,65.0,35,0.0,0.0,0.0,0.0,0.0,0.0,0.0,0.0,0.0,0.0,0.0,0.0,0.0,0.0,0.0,0.0,69.6,0,150,71,55,65476,0,300,0,1,8,20529,65476,0,0,40632,65.0,0.0,0.0,0.0,0.0,0.0
2026-09-04T20:17:18,ERR,ERR,ERR,ERR,ERR,ERR,ERR,ERR,ERR,ERR,ERR,ERR,ERR,ERR,ERR,ERR,ERR,ERR,ERR,ERR,ERR,ERR,ERR,ERR,ERR,ERR,ERR,ERR,ERR,ERR,ERR,ERR,ERR,ERR,ERR,ERR,ERR,ERR,ERR,ERR,ERR,ERR,ERR,ERR,ERR,ERR,ERR,ERR,ERR,ERR,ERR,ERR,ERR,ERR,ERR,ERR,ERR,ERR,ERR,ERR,ERR,ERR,ERR,ERR,ERR,ERR,ERR,ERR,ERR,ERR,ERR,ERR,ERR,ERR,ERR,ERR,ERR,ERR,ERR,ERR,ERR,ERR,ERR,ERR,ERR,ERR,ERR,ERR,ERR,ERR,ERR,ERR,ERR,ERR,ERR,ERR,ERR,ERR,ERR,ERR,ERR,ERR,ERR,ERR,ERR,ERR,ERR,ERR,ERR,ERR,ERR,ERR,ERR,ERR,ERR,ERR,ERR,ERR,ERR,ERR,ERR,ERR,ERR,ERR,ERR,0.0,2.7184312818759872e+23,-100793952.0,0.0,0.0,1.3936040501711995e+18,7.805,0.0,0,0,4,0,7116,0.0,100,0.0,0.0,0.0,0.0,0.0,0,0,0,0,0.0,0,0,0,0,0,0,0,0,0,0,0,0,0,0,0,0,0,0,0,0,0,0,0,0,0,0,0,0,0,0,0,0,0,31,40,40,71,65476,0,300,0,0,8,21553,0.0,-107605600.0,0.0,0.0,0.0,0.0,0.0,0.0,0.0,0.0,0.0,0.0,0.0,0.0,0.0,0.0,0.0,0.0,0.0,0.0,0.0,0.0,0.0,-2.004,-2.004,0.0,0.0,0.0,0.0,0.0,6237.0,0.0,6919.0,2.718430741444032e+23,2.7184312818759872e+23,-0.0,2.718430741444032e+23,0.0,0.0,0.0,0.0,69,126841176064.0,-0.0,0.0,0.0,0.0,0.0,0.0,0.0,0.0,0,0,0,0.0,0.0,0.0,0.0,0.0,0.0,0.0,0.0,0.0,0.0,0.0,0.0,0.0,0.0,0.0,0.0,0,-107875648.0,69,0.0,138,0.0,-109447200.0,0,13107,17040,26215,17049,13107,17043,0,0,0,70,68,100,2.7302359370752657e+23,71.2,0.0,74.2,2.7302370179391762e+23,74.0,1,49,50,180,13107,52429,0,0,0.0,0.0,0.0,0.0,-0.0,67.0,0.0,162057.094,0.0,751,0,739,0,0,0,721,0,767,0,736,0,743,0,742,0,712,0,7520,0.032,108447924224.0,0.0,0.0,784,16797,-0.0,162057.094,-114818.039,-0.0,0.133,6.909358625270745e+28,30.0,65.0,35,0.0,0.0,0.0,0.0,0.0,0.0,0.0,0.0,0.0,0.0,0.0,0.0,0.0,0.0,0.0,0.0,69.2,0,150,71,55,65476,0,300,0,1,8,20529,65476,0,0,40632,65.0,0.0,0.0,0.0,0.0,0.0
2026-09-04T20:17:19,ERR,ERR,ERR,ERR,ERR,ERR,ERR,ERR,ERR,ERR,ERR,ERR,ERR,ERR,ERR,ERR,ERR,ERR,ERR,ERR,ERR,ERR,ERR,ERR,ERR,ERR,ERR,ERR,ERR,ERR,ERR,ERR,ERR,ERR,ERR,ERR,ERR,ERR,ERR,ERR,ERR,ERR,ERR,ERR,ERR,ERR,ERR,ERR,ERR,ERR,ERR,ERR,ERR,ERR,ERR,ERR,ERR,ERR,ERR,ERR,ERR,ERR,ERR,ERR,ERR,ERR,ERR,ERR,ERR,ERR,ERR,ERR,ERR,ERR,ERR,ERR,ERR,ERR,ERR,ERR,ERR,ERR,ERR,ERR,ERR,ERR,ERR,ERR,ERR,ERR,ERR,ERR,ERR,ERR,ERR,ERR,ERR,ERR,ERR,ERR,ERR,ERR,ERR,ERR,ERR,ERR,ERR,ERR,ERR,ERR,ERR,ERR,ERR,ERR,ERR,ERR,ERR,ERR,ERR,ERR,ERR,ERR,ERR,ERR,ERR,0.0,2.7184312818759872e+23,-100793952.0,0.0,0.0,1.3936040501711995e+18,7.805,0.0,0,0,4,0,7116,0.0,100,0.0,0.0,0.0,0.0,0.0,0,0,0,0,0.0,0,0,0,0,0,0,0,0,0,0,0,0,0,0,0,0,0,0,0,0,0,0,0,0,0,0,0,0,0,0,0,0,0,31,40,40,71,65476,0,300,0,0,8,21553,0.0,-107605600.0,0.0,0.0,0.0,0.0,0.0,0.0,0.0,0.0,0.0,0.0,0.0,0.0,0.0,0.0,0.0,0.0,0.0,0.0,0.0,0.0,0.0,-2.004,-2.004,0.0,0.0,0.0,0.0,0.0,6237.0,0.0,6919.0,2.718430741444032e+23,2.7184312818759872e+23,-0.0,2.718430741444032e+23,0.0,0.0,0.0,0.0,69,126841176064.0,-0.0,0.0,0.0,0.0,0.0,0.0,0.0,0.0,0,0,0,0.0,0.0,0.0,0.0,0.0,0.0,0.0,0.0,0.0,0.0,0.0,0.0,0.0,0.0,0.0,0.0,0,-107875648.0,69,0.0,138,0.0,-109447200.0,0,13107,17040,26215,17049,13107,17043,0,0,0,70,68,100,2.7302359370752657e+23,71.2,0.0,74.2,2.7302370179391762e+23,74.0,1,49,50,180,13107,52429,0,0,0.0,0.0,0.0,0.0,-0.0,67.0,0.0,162057.094,0.0,751,0,739,0,0,0,721,0,767,0,736,0,743,0,742,0,712,0,7520,0.032,108447924224.0,0.0,0.0,784,16797,-0.0,162057.094,-114818.039,-0.0,0.133,6.909358625270745e+28,30.0,65.0,35,0.0,0.0,0.0,0.0,0.0,0.0,0.0,0.0,0.0,0.0,0.0,0.0,0.0,0.0,0.0,0.0,69.2,0,150,71,55,65476,0,300,0,1,8,20529,65476,0,0,40632,65.0,0.0,0.0,0.0,0.0,0.0
2026-09-04T20:17:20,ERR,ERR,ERR,ERR,ERR,ERR,ERR,ERR,ERR,ERR,ERR,ERR,ERR,ERR,ERR,ERR,ERR,ERR,ERR,ERR,ERR,ERR,ERR,ERR,ERR,ERR,ERR,ERR,ERR,ERR,ERR,ERR,ERR,ERR,ERR,ERR,ERR,ERR,ERR,ERR,ERR,ERR,ERR,ERR,ERR,ERR,ERR,ERR,ERR,ERR,ERR,ERR,ERR,ERR,ERR,ERR,ERR,ERR,ERR,ERR,ERR,ERR,ERR,ERR,ERR,ERR,ERR,ERR,ERR,ERR,ERR,ERR,ERR,ERR,ERR,ERR,ERR,ERR,ERR,ERR,ERR,ERR,ERR,ERR,ERR,ERR,ERR,ERR,ERR,ERR,ERR,ERR,ERR,ERR,ERR,ERR,ERR,ERR,ERR,ERR,ERR,ERR,ERR,ERR,ERR,ERR,ERR,ERR,ERR,ERR,ERR,ERR,ERR,ERR,ERR,ERR,ERR,ERR,ERR,ERR,ERR,ERR,ERR,ERR,ERR,0.0,2.7184312818759872e+23,-100793952.0,0.0,0.0,1.3936040501711995e+18,7.805,0.0,0,0,4,0,7116,0.0,100,0.0,0.0,0.0,0.0,0.0,0,0,0,0,0.0,0,0,0,0,0,0,0,0,0,0,0,0,0,0,0,0,0,0,0,0,0,0,0,0,0,0,0,0,0,0,0,0,0,31,40,40,71,65476,0,300,0,0,8,21553,0.0,-107605600.0,0.0,0.0,0.0,0.0,0.0,0.0,0.0,0.0,0.0,0.0,0.0,0.0,0.0,0.0,0.0,0.0,0.0,0.0,0.0,0.0,0.0,-2.004,-2.004,0.0,0.0,0.0,0.0,0.0,6237.0,0.0,6919.0,2.718430741444032e+23,2.7184312818759872e+23,-0.0,2.718430741444032e+23,0.0,0.0,0.0,0.0,69,126841176064.0,-0.0,0.0,0.0,0.0,0.0,0.0,0.0,0.0,0,0,0,0.0,0.0,0.0,0.0,0.0,0.0,0.0,0.0,0.0,0.0,0.0,0.0,0.0,0.0,0.0,0.0,0,-107875648.0,69,0.0,138,0.0,-109447200.0,0,13107,17040,26215,17049,13107,17043,0,0,0,70,68,100,2.7302359370752657e+23,71.2,0.0,74.2,2.7302370179391762e+23,74.0,1,49,50,180,13107,52429,0,0,0.0,0.0,0.0,0.0,-0.0,67.0,0.0,162057.094,0.0,751,0,739,0,0,0,721,0,767,0,736,0,743,0,742,0,712,0,7520,0.032,108447924224.0,0.0,0.0,784,16797,-0.0,162057.094,-114818.039,-0.0,0.133,6.909358625270745e+28,30.0,65.0,35,0.0,0.0,0.0,0.0,0.0,0.0,0.0,0.0,0.0,0.0,0.0,0.0,0.0,0.0,0.0,0.0,69.2,0,150,71,55,65476,0,300,0,1,8,20529,65476,0,0,40632,65.0,0.0,0.0,0.0,0.0,0.0
2026-09-04T20:17:21,ERR,ERR,ERR,ERR,ERR,ERR,ERR,ERR,ERR,ERR,ERR,ERR,ERR,ERR,ERR,ERR,ERR,ERR,ERR,ERR,ERR,ERR,ERR,ERR,ERR,ERR,ERR,ERR,ERR,ERR,ERR,ERR,ERR,ERR,ERR,ERR,ERR,ERR,ERR,ERR,ERR,ERR,ERR,ERR,ERR,ERR,ERR,ERR,ERR,ERR,ERR,ERR,ERR,ERR,ERR,ERR,ERR,ERR,ERR,ERR,ERR,ERR,ERR,ERR,ERR,ERR,ERR,ERR,ERR,ERR,ERR,ERR,ERR,ERR,ERR,ERR,ERR,ERR,ERR,ERR,ERR,ERR,ERR,ERR,ERR,ERR,ERR,ERR,ERR,ERR,ERR,ERR,ERR,ERR,ERR,ERR,ERR,ERR,ERR,ERR,ERR,ERR,ERR,ERR,ERR,ERR,ERR,ERR,ERR,ERR,ERR,ERR,ERR,ERR,ERR,ERR,ERR,ERR,ERR,ERR,ERR,ERR,ERR,ERR,ERR,0.0,2.7184312818759872e+23,-100793952.0,0.0,0.0,1.3936040501711995e+18,7.805,0.0,0,0,4,0,7116,0.0,100,0.0,0.0,0.0,0.0,0.0,0,0,0,0,0.0,0,0,0,0,0,0,0,0,0,0,0,0,0,0,0,0,0,0,0,0,0,0,0,0,0,0,0,0,0,0,0,0,0,31,40,40,71,65476,0,300,0,0,8,21553,0.0,-107605600.0,0.0,0.0,0.0,0.0,0.0,0.0,0.0,0.0,0.0,0.0,0.0,0.0,0.0,0.0,0.0,0.0,0.0,0.0,0.0,0.0,0.0,-2.004,-2.004,0.0,0.0,0.0,0.0,0.0,6237.0,0.0,6919.0,2.718430741444032e+23,2.7184312818759872e+23,-0.0,2.718430741444032e+23,0.0,0.0,0.0,0.0,69,126841176064.0,-0.0,0.0,0.0,0.0,0.0,0.0,0.0,0.0,0,0,0,0.0,0.0,0.0,0.0,0.0,0.0,0.0,0.0,0.0,0.0,0.0,0.0,0.0,0.0,0.0,0.0,0,-107875648.0,69,0.0,138,0.0,-109447200.0,0,13107,17040,26215,17049,13107,17043,0,0,0,70,68,100,2.7302359370752657e+23,71.2,0.0,74.2,2.7302370179391762e+23,74.0,1,49,50,180,13107,52429,0,0,0.0,0.0,0.0,0.0,-0.0,67.0,0.0,162057.094,0.0,751,0,739,0,0,0,721,0,767,0,736,0,743,0,742,0,712,0,7520,0.032,108447924224.0,0.0,0.0,784,16797,-0.0,162057.094,-114818.039,-0.0,0.133,6.909358625270745e+28,30.0,65.0,35,0.0,0.0,0.0,0.0,0.0,0.0,0.0,0.0,0.0,0.0,0.0,0.0,0.0,0.0,0.0,0.0,69.2,0,150,71,55,65476,0,300,0,1,8,20529,65476,0,0,40632,65.0,0.0,0.0,0.0,0.0,0.0
2026-09-04T20:17:22,ERR,ERR,ERR,ERR,ERR,ERR,ERR,ERR,ERR,ERR,ERR,ERR,ERR,ERR,ERR,ERR,ERR,ERR,ERR,ERR,ERR,ERR,ERR,ERR,ERR,ERR,ERR,ERR,ERR,ERR,ERR,ERR,ERR,ERR,ERR,ERR,ERR,ERR,ERR,ERR,ERR,ERR,ERR,ERR,ERR,ERR,ERR,ERR,ERR,ERR,ERR,ERR,ERR,ERR,ERR,ERR,ERR,ERR,ERR,ERR,ERR,ERR,ERR,ERR,ERR,ERR,ERR,ERR,ERR,ERR,ERR,ERR,ERR,ERR,ERR,ERR,ERR,ERR,ERR,ERR,ERR,ERR,ERR,ERR,ERR,ERR,ERR,ERR,ERR,ERR,ERR,ERR,ERR,ERR,ERR,ERR,ERR,ERR,ERR,ERR,ERR,ERR,ERR,ERR,ERR,ERR,ERR,ERR,ERR,ERR,ERR,ERR,ERR,ERR,ERR,ERR,ERR,ERR,ERR,ERR,ERR,ERR,ERR,ERR,ERR,0.0,2.7184312818759872e+23,-100793952.0,0.0,0.0,1.3936040501711995e+18,7.805,0.0,0,0,4,0,7116,0.0,100,0.0,0.0,0.0,0.0,0.0,0,0,0,0,0.0,0,0,0,0,0,0,0,0,0,0,0,0,0,0,0,0,0,0,0,0,0,0,0,0,0,0,0,0,0,0,0,0,0,31,40,40,71,65476,0,300,0,0,8,21553,0.0,-107605600.0,0.0,0.0,0.0,0.0,0.0,0.0,0.0,0.0,0.0,0.0,0.0,0.0,0.0,0.0,0.0,0.0,0.0,0.0,0.0,0.0,0.0,-2.004,-2.004,0.0,0.0,0.0,0.0,0.0,6237.0,0.0,6919.0,2.718430741444032e+23,2.7184312818759872e+23,-0.0,2.718430741444032e+23,0.0,0.0,0.0,0.0,69,126841176064.0,-0.0,0.0,0.0,0.0,0.0,0.0,0.0,0.0,0,0,0,0.0,0.0,0.0,0.0,0.0,0.0,0.0,0.0,0.0,0.0,0.0,0.0,0.0,0.0,0.0,0.0,0,-107875648.0,69,0.0,138,0.0,-109447200.0,0,13107,17040,26215,17049,13107,17043,0,0,0,70,68,100,2.7302359370752657e+23,71.2,0.0,74.2,2.7302370179391762e+23,74.0,1,49,50,180,13107,52429,0,0,0.0,0.0,0.0,0.0,-0.0,67.0,0.0,162057.094,0.0,751,0,739,0,0,0,721,0,767,0,736,0,743,0,742,0,712,0,7520,0.032,108447924224.0,0.0,0.0,784,16797,-0.0,162057.094,-114818.039,-0.0,0.133,6.909358625270745e+28,30.0,65.0,35,0.0,0.0,0.0,0.0,0.0,0.0,0.0,0.0,0.0,0.0,0.0,0.0,0.0,0.0,0.0,0.0,69.2,0,150,71,55,65476,0,300,0,1,8,20529,65476,0,0,40632,65.0,0.0,0.0,0.0,0.0,0.0
2026-09-04T20:17:23,ERR,ERR,ERR,ERR,ERR,ERR,ERR,ERR,ERR,ERR,ERR,ERR,ERR,ERR,ERR,ERR,ERR,ERR,ERR,ERR,ERR,ERR,ERR,ERR,ERR,ERR,ERR,ERR,ERR,ERR,ERR,ERR,ERR,ERR,ERR,ERR,ERR,ERR,ERR,ERR,ERR,ERR,ERR,ERR,ERR,ERR,ERR,ERR,ERR,ERR,ERR,ERR,ERR,ERR,ERR,ERR,ERR,ERR,ERR,ERR,ERR,ERR,ERR,ERR,ERR,ERR,ERR,ERR,ERR,ERR,ERR,ERR,ERR,ERR,ERR,ERR,ERR,ERR,ERR,ERR,ERR,ERR,ERR,ERR,ERR,ERR,ERR,ERR,ERR,ERR,ERR,ERR,ERR,ERR,ERR,ERR,ERR,ERR,ERR,ERR,ERR,ERR,ERR,ERR,ERR,ERR,ERR,ERR,ERR,ERR,ERR,ERR,ERR,ERR,ERR,ERR,ERR,ERR,ERR,ERR,ERR,ERR,ERR,ERR,ERR,0.0,2.7184312818759872e+23,-100793952.0,0.0,0.0,1.3936040501711995e+18,7.805,0.0,0,0,4,0,7116,0.0,100,0.0,0.0,0.0,0.0,0.0,0,0,0,0,0.0,0,0,0,0,0,0,0,0,0,0,0,0,0,0,0,0,0,0,0,0,0,0,0,0,0,0,0,0,0,0,0,0,0,31,40,40,71,65476,0,300,0,0,8,21553,0.0,-107605600.0,0.0,0.0,0.0,0.0,0.0,0.0,0.0,0.0,0.0,0.0,0.0,0.0,0.0,0.0,0.0,0.0,0.0,0.0,0.0,0.0,0.0,-2.004,-2.004,0.0,0.0,0.0,0.0,0.0,6237.0,0.0,6919.0,2.718430741444032e+23,2.7184312818759872e+23,-0.0,2.718430741444032e+23,0.0,0.0,0.0,0.0,69,126841176064.0,-0.0,0.0,0.0,0.0,0.0,0.0,0.0,0.0,0,0,0,0.0,0.0,0.0,0.0,0.0,0.0,0.0,0.0,0.0,0.0,0.0,0.0,0.0,0.0,0.0,0.0,0,-107875648.0,69,0.0,138,0.0,-109447200.0,0,13107,17040,26215,17049,13107,17043,0,0,0,70,68,100,2.7302359370752657e+23,71.1,2.7302370179391762e+23,74.2,2.7302370179391762e+23,74.0,1,49,50,180,13107,52429,0,0,0.0,0.0,0.0,0.0,-0.0,67.0,0.0,162057.094,0.0,751,0,739,0,0,0,721,0,767,0,736,0,743,0,742,0,712,0,7520,0.032,108447924224.0,0.0,0.0,784,16797,-0.0,162057.094,-114818.039,-0.0,0.133,6.909358625270745e+28,30.0,65.0,35,0.0,0.0,0.0,0.0,0.0,0.0,0.0,0.0,0.0,0.0,0.0,0.0,0.0,0.0,0.0,0.0,69.2,0,150,71,55,65476,0,300,0,1,8,20529,65476,0,0,40632,65.0,0.0,0.0,0.0,0.0,0.0
2026-09-04T20:17:24,ERR,ERR,ERR,ERR,ERR,ERR,ERR,ERR,ERR,ERR,ERR,ERR,ERR,ERR,ERR,ERR,ERR,ERR,ERR,ERR,ERR,ERR,ERR,ERR,ERR,ERR,ERR,ERR,ERR,ERR,ERR,ERR,ERR,ERR,ERR,ERR,ERR,ERR,ERR,ERR,ERR,ERR,ERR,ERR,ERR,ERR,ERR,ERR,ERR,ERR,ERR,ERR,ERR,ERR,ERR,ERR,ERR,ERR,ERR,ERR,ERR,ERR,ERR,ERR,ERR,ERR,ERR,ERR,ERR,ERR,ERR,ERR,ERR,ERR,ERR,ERR,ERR,ERR,ERR,ERR,ERR,ERR,ERR,ERR,ERR,ERR,ERR,ERR,ERR,ERR,ERR,ERR,ERR,ERR,ERR,ERR,ERR,ERR,ERR,ERR,ERR,ERR,ERR,ERR,ERR,ERR,ERR,ERR,ERR,ERR,ERR,ERR,ERR,ERR,ERR,ERR,ERR,ERR,ERR,ERR,ERR,ERR,ERR,ERR,ERR,0.0,2.7184312818759872e+23,-100793952.0,0.0,0.0,1.3936040501711995e+18,7.805,0.0,0,0,4,0,7116,0.0,100,0.0,0.0,0.0,0.0,0.0,0,0,0,0,0.0,0,0,0,0,0,0,0,0,0,0,0,0,0,0,0,0,0,0,0,0,0,0,0,0,0,0,0,0,0,0,0,0,0,31,40,40,71,65476,0,300,0,0,8,21553,0.0,-107605600.0,0.0,0.0,0.0,0.0,0.0,0.0,0.0,0.0,0.0,0.0,0.0,0.0,0.0,0.0,0.0,0.0,0.0,0.0,0.0,0.0,0.0,-2.004,-2.004,0.0,0.0,0.0,0.0,0.0,6237.0,0.0,6919.0,2.718430741444032e+23,2.7184312818759872e+23,-0.0,2.718430741444032e+23,0.0,0.0,0.0,0.0,69,126841176064.0,-0.0,0.0,0.0,0.0,0.0,0.0,0.0,0.0,0,0,0,0.0,0.0,0.0,0.0,0.0,0.0,0.0,0.0,0.0,0.0,0.0,0.0,0.0,0.0,0.0,0.0,0,-107875648.0,69,0.0,138,0.0,-109447200.0,0,13107,17040,26215,17049,13107,17043,0,0,0,70,68,100,2.7302359370752657e+23,71.1,2.7302370179391762e+23,74.2,2.7302370179391762e+23,74.0,1,49,50,180,13107,52429,0,0,0.0,0.0,0.0,0.0,-0.0,67.0,0.0,162057.094,0.0,751,0,739,0,0,0,721,0,767,0,736,0,743,0,742,0,712,0,7520,0.032,108447924224.0,0.0,0.0,784,16797,-0.0,162057.094,-114818.039,-0.0,0.133,6.909358625270745e+28,30.0,65.0,35,0.0,0.0,0.0,0.0,0.0,0.0,0.0,0.0,0.0,0.0,0.0,0.0,0.0,0.0,0.0,0.0,69.2,0,150,71,55,65476,0,300,0,1,8,20529,65476,0,0,40632,65.0,0.0,0.0,0.0,0.0,0.0
2026-09-04T20:17:25,ERR,ERR,ERR,ERR,ERR,ERR,ERR,ERR,ERR,ERR,ERR,ERR,ERR,ERR,ERR,ERR,ERR,ERR,ERR,ERR,ERR,ERR,ERR,ERR,ERR,ERR,ERR,ERR,ERR,ERR,ERR,ERR,ERR,ERR,ERR,ERR,ERR,ERR,ERR,ERR,ERR,ERR,ERR,ERR,ERR,ERR,ERR,ERR,ERR,ERR,ERR,ERR,ERR,ERR,ERR,ERR,ERR,ERR,ERR,ERR,ERR,ERR,ERR,ERR,ERR,ERR,ERR,ERR,ERR,ERR,ERR,ERR,ERR,ERR,ERR,ERR,ERR,ERR,ERR,ERR,ERR,ERR,ERR,ERR,ERR,ERR,ERR,ERR,ERR,ERR,ERR,ERR,ERR,ERR,ERR,ERR,ERR,ERR,ERR,ERR,ERR,ERR,ERR,ERR,ERR,ERR,ERR,ERR,ERR,ERR,ERR,ERR,ERR,ERR,ERR,ERR,ERR,ERR,ERR,ERR,ERR,ERR,ERR,ERR,ERR,0.0,2.7184312818759872e+23,-100793952.0,0.0,0.0,1.3936040501711995e+18,7.805,0.0,0,0,4,0,7116,0.0,100,0.0,0.0,0.0,0.0,0.0,0,0,0,0,0.0,0,0,0,0,0,0,0,0,0,0,0,0,0,0,0,0,0,0,0,0,0,0,0,0,0,0,0,0,0,0,0,0,0,31,40,40,71,65476,0,300,0,0,8,21553,0.0,-107605600.0,0.0,0.0,0.0,0.0,0.0,0.0,0.0,0.0,0.0,0.0,0.0,0.0,0.0,0.0,0.0,0.0,0.0,0.0,0.0,0.0,0.0,-2.004,-2.004,0.0,0.0,0.0,0.0,0.0,6237.0,0.0,6919.0,2.718430741444032e+23,2.7184312818759872e+23,-0.0,2.718430741444032e+23,0.0,0.0,0.0,0.0,69,126841176064.0,-0.0,0.0,0.0,0.0,0.0,0.0,0.0,0.0,0,0,0,0.0,0.0,0.0,0.0,0.0,0.0,0.0,0.0,0.0,0.0,0.0,0.0,0.0,0.0,0.0,0.0,0,-107875648.0,69,0.0,138,0.0,-109447200.0,0,13107,17040,26215,17049,13107,17043,0,0,0,70,68,100,2.7302359370752657e+23,71.1,2.7302370179391762e+23,74.2,2.7302370179391762e+23,74.0,1,49,50,180,13107,52429,0,0,0.0,0.0,0.0,0.0,-0.0,67.0,0.0,162057.094,0.0,751,0,739,0,0,0,721,0,767,0,736,0,743,0,742,0,712,0,7520,0.032,108447924224.0,0.0,0.0,784,16797,-0.0,162057.094,-114818.039,-0.0,0.133,6.909358625270745e+28,30.0,65.0,35,0.0,0.0,0.0,0.0,0.0,0.0,0.0,0.0,0.0,0.0,0.0,0.0,0.0,0.0,0.0,0.0,69.2,0,150,71,55,65476,0,300,0,1,8,20529,65476,0,0,40632,65.0,0.0,0.0,0.0,0.0,0.0
2026-09-04T20:17:26,ERR,ERR,ERR,ERR,ERR,ERR,ERR,ERR,ERR,ERR,ERR,ERR,ERR,ERR,ERR,ERR,ERR,ERR,ERR,ERR,ERR,ERR,ERR,ERR,ERR,ERR,ERR,ERR,ERR,ERR,ERR,ERR,ERR,ERR,ERR,ERR,ERR,ERR,ERR,ERR,ERR,ERR,ERR,ERR,ERR,ERR,ERR,ERR,ERR,ERR,ERR,ERR,ERR,ERR,ERR,ERR,ERR,ERR,ERR,ERR,ERR,ERR,ERR,ERR,ERR,ERR,ERR,ERR,ERR,ERR,ERR,ERR,ERR,ERR,ERR,ERR,ERR,ERR,ERR,ERR,ERR,ERR,ERR,ERR,ERR,ERR,ERR,ERR,ERR,ERR,ERR,ERR,ERR,ERR,ERR,ERR,ERR,ERR,ERR,ERR,ERR,ERR,ERR,ERR,ERR,ERR,ERR,ERR,ERR,ERR,ERR,ERR,ERR,ERR,ERR,ERR,ERR,ERR,ERR,ERR,ERR,ERR,ERR,ERR,ERR,2.718430741444032e+23,2.7184312818759872e+23,0.0,0.0,0.0,1.3936040501711995e+18,7.805,0.0,0,0,4,0,7116,0.0,100,0.0,0.0,0.0,0.0,0.0,0,0,0,0,0.0,0,0,0,0,0,0,0,0,0,0,0,0,0,0,0,0,0,0,0,0,0,0,0,0,0,0,0,0,0,0,0,0,0,31,40,40,71,65476,0,300,0,0,8,21553,0.0,-107605600.0,0.0,0.0,0.0,0.0,0.0,0.0,0.0,0.0,0.0,0.0,0.0,0.0,0.0,0.0,0.0,0.0,0.0,0.0,0.0,0.0,0.0,-2.004,-2.004,0.0,0.0,0.0,0.0,0.0,6239.0,1.5879365311113302e+29,6926.0,2.718430741444032e+23,2.7184312818759872e+23,-0.0,2.718430741444032e+23,0.0,0.0,0.0,0.0,69,4.066883125581407e+29,-2.3088364955910118e+20,0.0,0.0,0.0,0.0,0.0,0.0,0.0,0,0,0,0.0,0.0,0.0,0.0,0.0,0.0,0.0,0.0,0.0,0.0,0.0,0.0,0.0,0.0,0.0,0.0,0,-107875648.0,69,0.0,138,0.0,-109447200.0,0,13107,17040,26215,17049,13107,17043,0,0,0,70,68,100,2.7302359370752657e+23,71.1,2.7302370179391762e+23,74.2,2.7302370179391762e+23,74.0,1,49,50,180,13107,52429,0,0,0.0,0.0,0.0,0.0,-0.0,67.0,0.0,162057.094,0.0,751,0,739,0,0,0,721,0,767,0,736,0,743,0,742,0,712,0,7520,0.032,108447924224.0,0.0,0.0,784,16797,-0.0,162057.094,-114818.039,-0.0,0.133,6.909358625270745e+28,30.0,65.0,35,0.0,0.0,0.0,0.0,0.0,0.0,0.0,0.0,0.0,0.0,0.0,0.0,0.0,0.0,0.0,0.0,69.2,0,150,71,55,65476,0,300,0,1,8,20529,65476,0,0,40632,65.0,0.0,0.0,0.0,0.0,0.0
2026-09-04T20:17:27,ERR,ERR,ERR,ERR,ERR,ERR,ERR,ERR,ERR,ERR,ERR,ERR,ERR,ERR,ERR,ERR,ERR,ERR,ERR,ERR,ERR,ERR,ERR,ERR,ERR,ERR,ERR,ERR,ERR,ERR,ERR,ERR,ERR,ERR,ERR,ERR,ERR,ERR,ERR,ERR,ERR,ERR,ERR,ERR,ERR,ERR,ERR,ERR,ERR,ERR,ERR,ERR,ERR,ERR,ERR,ERR,ERR,ERR,ERR,ERR,ERR,ERR,ERR,ERR,ERR,ERR,ERR,ERR,ERR,ERR,ERR,ERR,ERR,ERR,ERR,ERR,ERR,ERR,ERR,ERR,ERR,ERR,ERR,ERR,ERR,ERR,ERR,ERR,ERR,ERR,ERR,ERR,ERR,ERR,ERR,ERR,ERR,ERR,ERR,ERR,ERR,ERR,ERR,ERR,ERR,ERR,ERR,ERR,ERR,ERR,ERR,ERR,ERR,ERR,ERR,ERR,ERR,ERR,ERR,ERR,ERR,ERR,ERR,ERR,ERR,2.718430741444032e+23,2.7184312818759872e+23,0.0,0.0,0.0,1.3936040501711995e+18,7.805,0.0,0,0,4,0,7116,0.0,100,0.0,0.0,0.0,0.0,0.0,0,0,0,0,0.0,0,0,0,0,0,0,0,0,0,0,0,0,0,0,0,0,0,0,0,0,0,0,0,0,0,0,0,0,0,0,0,0,0,31,40,40,71,65476,0,300,0,0,8,21553,0.0,-107605600.0,0.0,0.0,0.0,0.0,0.0,0.0,0.0,0.0,0.0,0.0,0.0,0.0,0.0,0.0,0.0,0.0,0.0,0.0,0.0,0.0,0.0,-2.004,-2.004,0.0,0.0,0.0,0.0,0.0,6239.0,1.5879365311113302e+29,6926.0,2.718430741444032e+23,2.7184312818759872e+23,-0.0,2.718430741444032e+23,0.0,0.0,0.0,0.0,69,4.066883125581407e+29,-2.3088364955910118e+20,0.0,0.0,0.0,0.0,0.0,0.0,0.0,0,0,0,0.0,0.0,0.0,0.0,0.0,0.0,0.0,0.0,0.0,0.0,0.0,0.0,0.0,0.0,0.0,0.0,0,-107875648.0,69,0.0,138,0.0,-109447200.0,0,13107,17040,26215,17049,13107,17043,0,0,0,70,68,100,2.7302359370752657e+23,71.1,2.7302370179391762e+23,74.2,2.7302370179391762e+23,74.0,1,49,50,180,13107,52429,0,0,0.0,0.0,0.0,0.0,-0.0,67.0,0.0,162057.094,0.0,751,0,739,0,0,0,721,0,767,0,736,0,743,0,742,0,712,0,7520,0.032,108447924224.0,0.0,0.0,784,16797,-0.0,162057.094,-114818.039,-0.0,0.133,6.909358625270745e+28,30.0,65.0,35,0.0,0.0,0.0,0.0,0.0,0.0,0.0,0.0,0.0,0.0,0.0,0.0,0.0,0.0,0.0,0.0,69.2,0,150,71,55,65476,0,300,0,1,8,20529,65476,0,0,40632,65.0,0.0,0.0,0.0,0.0,0.0
2026-09-04T20:17:28,ERR,ERR,ERR,ERR,ERR,ERR,ERR,ERR,ERR,ERR,ERR,ERR,ERR,ERR,ERR,ERR,ERR,ERR,ERR,ERR,ERR,ERR,ERR,ERR,ERR,ERR,ERR,ERR,ERR,ERR,ERR,ERR,ERR,ERR,ERR,ERR,ERR,ERR,ERR,ERR,ERR,ERR,ERR,ERR,ERR,ERR,ERR,ERR,ERR,ERR,ERR,ERR,ERR,ERR,ERR,ERR,ERR,ERR,ERR,ERR,ERR,ERR,ERR,ERR,ERR,ERR,ERR,ERR,ERR,ERR,ERR,ERR,ERR,ERR,ERR,ERR,ERR,ERR,ERR,ERR,ERR,ERR,ERR,ERR,ERR,ERR,ERR,ERR,ERR,ERR,ERR,ERR,ERR,ERR,ERR,ERR,ERR,ERR,ERR,ERR,ERR,ERR,ERR,ERR,ERR,ERR,ERR,ERR,ERR,ERR,ERR,ERR,ERR,ERR,ERR,ERR,ERR,ERR,ERR,ERR,ERR,ERR,ERR,ERR,ERR,2.718430741444032e+23,2.7184312818759872e+23,0.0,0.0,0.0,1.3936040501711995e+18,7.805,0.0,0,0,4,0,7116,0.0,100,0.0,0.0,0.0,0.0,0.0,0,0,0,0,0.0,0,0,0,0,0,0,0,0,0,0,0,0,0,0,0,0,0,0,0,0,0,0,0,0,0,0,0,0,0,0,0,0,0,31,40,40,71,65476,0,300,0,0,8,21553,0.0,-107605600.0,0.0,0.0,0.0,0.0,0.0,0.0,0.0,0.0,0.0,0.0,0.0,0.0,0.0,0.0,0.0,0.0,0.0,0.0,0.0,0.0,0.0,-2.004,-2.004,0.0,0.0,0.0,0.0,0.0,6239.0,1.5879365311113302e+29,6926.0,2.718430741444032e+23,2.7184312818759872e+23,-0.0,2.718430741444032e+23,0.0,0.0,0.0,0.0,69,4.066883125581407e+29,-2.3088364955910118e+20,0.0,0.0,0.0,0.0,0.0,0.0,0.0,0,0,0,0.0,0.0,0.0,0.0,0.0,0.0,0.0,0.0,0.0,0.0,0.0,0.0,0.0,0.0,0.0,0.0,0,-107875648.0,69,0.0,138,0.0,-109447200.0,0,13107,17040,26215,17049,13107,17043,0,0,0,70,68,100,2.7302359370752657e+23,71.2,2.7302370179391762e+23,74.2,2.7302370179391762e+23,74.0,1,49,50,180,13107,52429,0,0,0.0,0.0,0.0,0.0,-0.0,67.0,0.0,162057.094,0.0,751,0,739,0,0,0,721,0,767,0,736,0,742,0,742,0,712,0,7520,0.032,107911053312.0,0.0,0.0,784,16797,-0.0,162057.094,-114818.039,-0.0,0.133,6.909358625270745e+28,30.0,65.0,35,0.0,0.0,0.0,0.0,0.0,0.0,0.0,0.0,0.0,0.0,0.0,0.0,0.0,0.0,0.0,0.0,69.2,0,150,71,55,65476,0,300,0,1,8,20529,65476,0,0,40632,65.0,0.0,0.0,0.0,0.0,0.0
2026-09-04T20:17:29,ERR,ERR,ERR,ERR,ERR,ERR,ERR,ERR,ERR,ERR,ERR,ERR,ERR,ERR,ERR,ERR,ERR,ERR,ERR,ERR,ERR,ERR,ERR,ERR,ERR,ERR,ERR,ERR,ERR,ERR,ERR,ERR,ERR,ERR,ERR,ERR,ERR,ERR,ERR,ERR,ERR,ERR,ERR,ERR,ERR,ERR,ERR,ERR,ERR,ERR,ERR,ERR,ERR,ERR,ERR,ERR,ERR,ERR,ERR,ERR,ERR,ERR,ERR,ERR,ERR,ERR,ERR,ERR,ERR,ERR,ERR,ERR,ERR,ERR,ERR,ERR,ERR,ERR,ERR,ERR,ERR,ERR,ERR,ERR,ERR,ERR,ERR,ERR,ERR,ERR,ERR,ERR,ERR,ERR,ERR,ERR,ERR,ERR,ERR,ERR,ERR,ERR,ERR,ERR,ERR,ERR,ERR,ERR,ERR,ERR,ERR,ERR,ERR,ERR,ERR,ERR,ERR,ERR,ERR,ERR,ERR,ERR,ERR,ERR,ERR,2.718430741444032e+23,2.7184312818759872e+23,0.0,0.0,0.0,1.3936040501711995e+18,7.805,0.0,0,0,4,0,7116,0.0,100,0.0,0.0,0.0,0.0,0.0,0,0,0,0,0.0,0,0,0,0,0,0,0,0,0,0,0,0,0,0,0,0,0,0,0,0,0,0,0,0,0,0,0,0,0,0,0,0,0,31,40,40,71,65476,0,300,0,0,8,21553,0.0,-107605600.0,0.0,0.0,0.0,0.0,0.0,0.0,0.0,0.0,0.0,0.0,0.0,0.0,0.0,0.0,0.0,0.0,0.0,0.0,0.0,0.0,0.0,-2.004,-2.004,0.0,0.0,0.0,0.0,0.0,6239.0,1.5879365311113302e+29,6926.0,2.718430741444032e+23,2.7184312818759872e+23,-0.0,2.718430741444032e+23,0.0,0.0,0.0,0.0,69,4.066883125581407e+29,-2.3088364955910118e+20,0.0,0.0,0.0,0.0,0.0,0.0,0.0,0,0,0,0.0,0.0,0.0,0.0,0.0,0.0,0.0,0.0,0.0,0.0,0.0,0.0,0.0,0.0,0.0,0.0,0,-107875648.0,69,0.0,138,0.0,-109447200.0,0,13107,17040,26215,17049,13107,17043,0,0,0,70,68,100,2.7302359370752657e+23,71.2,2.7302370179391762e+23,74.2,2.7302370179391762e+23,74.0,1,49,50,180,13107,52429,0,0,0.0,0.0,0.0,0.0,-0.0,67.0,0.0,162057.094,0.0,751,0,739,0,0,0,721,0,767,0,736,0,742,0,742,0,712,0,7520,0.032,107911053312.0,0.0,0.0,784,16797,-0.0,162057.094,-114818.039,-0.0,0.133,6.909358625270745e+28,30.0,65.0,35,0.0,0.0,0.0,0.0,0.0,0.0,0.0,0.0,0.0,0.0,0.0,0.0,0.0,0.0,0.0,0.0,69.2,0,150,71,55,65476,0,300,0,1,8,20529,65476,0,0,40632,65.0,0.0,0.0,0.0,0.0,0.0
2026-09-04T20:17:30,ERR,ERR,ERR,ERR,ERR,ERR,ERR,ERR,ERR,ERR,ERR,ERR,ERR,ERR,ERR,ERR,ERR,ERR,ERR,ERR,ERR,ERR,ERR,ERR,ERR,ERR,ERR,ERR,ERR,ERR,ERR,ERR,ERR,ERR,ERR,ERR,ERR,ERR,ERR,ERR,ERR,ERR,ERR,ERR,ERR,ERR,ERR,ERR,ERR,ERR,ERR,ERR,ERR,ERR,ERR,ERR,ERR,ERR,ERR,ERR,ERR,ERR,ERR,ERR,ERR,ERR,ERR,ERR,ERR,ERR,ERR,ERR,ERR,ERR,ERR,ERR,ERR,ERR,ERR,ERR,ERR,ERR,ERR,ERR,ERR,ERR,ERR,ERR,ERR,ERR,ERR,ERR,ERR,ERR,ERR,ERR,ERR,ERR,ERR,ERR,ERR,ERR,ERR,ERR,ERR,ERR,ERR,ERR,ERR,ERR,ERR,ERR,ERR,ERR,ERR,ERR,ERR,ERR,ERR,ERR,ERR,ERR,ERR,ERR,ERR,2.718430741444032e+23,2.7184312818759872e+23,0.0,0.0,0.0,1.3936040501711995e+18,7.805,0.0,0,0,4,0,7116,0.0,100,0.0,0.0,0.0,0.0,0.0,0,0,0,0,0.0,0,0,0,0,0,0,0,0,0,0,0,0,0,0,0,0,0,0,0,0,0,0,0,0,0,0,0,0,0,0,0,0,0,31,40,40,71,65476,0,300,0,0,8,21553,0.0,-107605600.0,0.0,0.0,0.0,0.0,0.0,0.0,0.0,0.0,0.0,0.0,0.0,0.0,0.0,0.0,0.0,0.0,0.0,0.0,0.0,0.0,0.0,-2.004,-2.004,0.0,0.0,0.0,0.0,0.0,6239.0,1.5879365311113302e+29,6926.0,2.718430741444032e+23,2.7184312818759872e+23,-0.0,2.718430741444032e+23,0.0,0.0,0.0,0.0,69,4.066883125581407e+29,-2.3088364955910118e+20,0.0,0.0,0.0,0.0,0.0,0.0,0.0,0,0,0,0.0,0.0,0.0,0.0,0.0,0.0,0.0,0.0,0.0,0.0,0.0,0.0,0.0,0.0,0.0,0.0,0,-107875648.0,69,0.0,138,0.0,-109447200.0,0,13107,17040,26215,17049,13107,17043,0,0,0,70,68,100,2.7302359370752657e+23,71.2,2.7302370179391762e+23,74.2,2.7302370179391762e+23,74.0,1,49,50,180,13107,52429,0,0,0.0,0.0,0.0,0.0,-0.0,67.0,0.0,162057.094,0.0,751,0,739,0,0,0,721,0,767,0,736,0,742,0,742,0,712,0,7520,0.032,107911053312.0,0.0,0.0,784,16797,-0.0,162057.094,-114818.039,-0.0,0.133,6.909358625270745e+28,30.0,65.0,35,0.0,0.0,0.0,0.0,0.0,0.0,0.0,0.0,0.0,0.0,0.0,0.0,0.0,0.0,0.0,0.0,69.2,0,150,71,55,65476,0,300,0,1,8,20529,65476,0,0,40632,65.0,0.0,0.0,0.0,0.0,0.0
2026-09-04T20:17:31,ERR,ERR,ERR,ERR,ERR,ERR,ERR,ERR,ERR,ERR,ERR,ERR,ERR,ERR,ERR,ERR,ERR,ERR,ERR,ERR,ERR,ERR,ERR,ERR,ERR,ERR,ERR,ERR,ERR,ERR,ERR,ERR,ERR,ERR,ERR,ERR,ERR,ERR,ERR,ERR,ERR,ERR,ERR,ERR,ERR,ERR,ERR,ERR,ERR,ERR,ERR,ERR,ERR,ERR,ERR,ERR,ERR,ERR,ERR,ERR,ERR,ERR,ERR,ERR,ERR,ERR,ERR,ERR,ERR,ERR,ERR,ERR,ERR,ERR,ERR,ERR,ERR,ERR,ERR,ERR,ERR,ERR,ERR,ERR,ERR,ERR,ERR,ERR,ERR,ERR,ERR,ERR,ERR,ERR,ERR,ERR,ERR,ERR,ERR,ERR,ERR,ERR,ERR,ERR,ERR,ERR,ERR,ERR,ERR,ERR,ERR,ERR,ERR,ERR,ERR,ERR,ERR,ERR,ERR,ERR,ERR,ERR,ERR,ERR,ERR,2.718430741444032e+23,2.7184312818759872e+23,0.0,0.0,0.0,1.3936040501711995e+18,7.805,0.0,0,0,4,0,7116,0.0,100,0.0,0.0,0.0,0.0,0.0,0,0,0,0,0.0,0,0,0,0,0,0,0,0,0,0,0,0,0,0,0,0,0,0,0,0,0,0,0,0,0,0,0,0,0,0,0,0,0,31,40,40,71,65476,0,300,0,0,8,21553,0.0,-107605600.0,0.0,0.0,0.0,0.0,0.0,0.0,0.0,0.0,0.0,0.0,0.0,0.0,0.0,0.0,0.0,0.0,0.0,0.0,0.0,0.0,0.0,-2.004,-2.004,0.0,0.0,0.0,0.0,0.0,6239.0,1.5879365311113302e+29,6926.0,2.718430741444032e+23,2.7184312818759872e+23,-0.0,2.718430741444032e+23,0.0,0.0,0.0,0.0,69,4.066883125581407e+29,-2.3088364955910118e+20,0.0,0.0,0.0,0.0,0.0,0.0,0.0,0,0,0,0.0,0.0,0.0,0.0,0.0,0.0,0.0,0.0,0.0,0.0,0.0,0.0,0.0,0.0,0.0,0.0,0,-107875648.0,69,0.0,138,0.0,-109447200.0,0,13107,17040,26215,17049,13107,17043,0,0,0,70,68,100,2.7302359370752657e+23,71.2,2.7302370179391762e+23,74.2,2.7302370179391762e+23,74.0,1,49,50,180,13107,52429,0,0,0.0,0.0,0.0,0.0,-0.0,67.0,0.0,162057.094,0.0,751,0,739,0,0,0,721,0,767,0,736,0,742,0,742,0,712,0,7520,0.032,107911053312.0,0.0,0.0,784,16797,-0.0,162057.094,-114818.039,-0.0,0.133,6.909358625270745e+28,30.0,65.0,35,0.0,0.0,0.0,0.0,0.0,0.0,0.0,0.0,0.0,0.0,0.0,0.0,0.0,0.0,0.0,0.0,69.6,0,150,71,55,65476,0,300,0,1,8,20529,65476,0,0,40632,65.0,0.0,0.0,0.0,0.0,0.0
2026-09-04T20:17:32,ERR,ERR,ERR,ERR,ERR,ERR,ERR,ERR,ERR,ERR,ERR,ERR,ERR,ERR,ERR,ERR,ERR,ERR,ERR,ERR,ERR,ERR,ERR,ERR,ERR,ERR,ERR,ERR,ERR,ERR,ERR,ERR,ERR,ERR,ERR,ERR,ERR,ERR,ERR,ERR,ERR,ERR,ERR,ERR,ERR,ERR,ERR,ERR,ERR,ERR,ERR,ERR,ERR,ERR,ERR,ERR,ERR,ERR,ERR,ERR,ERR,ERR,ERR,ERR,ERR,ERR,ERR,ERR,ERR,ERR,ERR,ERR,ERR,ERR,ERR,ERR,ERR,ERR,ERR,ERR,ERR,ERR,ERR,ERR,ERR,ERR,ERR,ERR,ERR,ERR,ERR,ERR,ERR,ERR,ERR,ERR,ERR,ERR,ERR,ERR,ERR,ERR,ERR,ERR,ERR,ERR,ERR,ERR,ERR,ERR,ERR,ERR,ERR,ERR,ERR,ERR,ERR,ERR,ERR,ERR,ERR,ERR,ERR,ERR,ERR,2.718430741444032e+23,2.7184312818759872e+23,0.0,0.0,0.0,1.3936040501711995e+18,7.805,0.0,0,0,4,0,7116,0.0,100,0.0,0.0,0.0,0.0,0.0,0,0,0,0,0.0,0,0,0,0,0,0,0,0,0,0,0,0,0,0,0,0,0,0,0,0,0,0,0,0,0,0,0,0,0,0,0,0,0,31,40,40,71,65476,0,300,0,0,8,21553,0.0,-107605600.0,0.0,0.0,0.0,0.0,0.0,0.0,0.0,0.0,0.0,0.0,0.0,0.0,0.0,0.0,0.0,0.0,0.0,0.0,0.0,0.0,0.0,-2.004,-2.004,0.0,0.0,0.0,0.0,0.0,6239.0,1.5879365311113302e+29,6926.0,2.718430741444032e+23,2.7184312818759872e+23,-0.0,2.718430741444032e+23,0.0,0.0,0.0,0.0,69,4.066883125581407e+29,-2.3088364955910118e+20,0.0,0.0,0.0,0.0,0.0,0.0,0.0,0,0,0,0.0,0.0,0.0,0.0,0.0,0.0,0.0,0.0,0.0,0.0,0.0,0.0,0.0,0.0,0.0,0.0,0,-107875648.0,69,0.0,138,0.0,-109447200.0,0,13107,17040,26215,17049,13107,17043,0,0,0,70,68,100,2.7302359370752657e+23,71.2,2.7302370179391762e+23,74.2,2.7302370179391762e+23,74.0,1,49,50,180,13107,52429,0,0,0.0,0.0,0.0,0.0,-0.0,67.0,0.0,162057.094,0.0,751,0,739,0,0,0,721,0,767,0,736,0,742,0,742,0,712,0,7520,0.032,107911053312.0,0.0,0.0,784,16797,-0.0,162057.094,-114818.039,-0.0,0.133,6.909358625270745e+28,30.0,65.0,35,0.0,0.0,0.0,0.0,0.0,0.0,0.0,0.0,0.0,0.0,0.0,0.0,0.0,0.0,0.0,0.0,69.6,0,150,71,55,65476,0,300,0,1,8,20529,65476,0,0,40632,65.0,0.0,0.0,0.0,0.0,0.0
2026-09-04T20:17:33,ERR,ERR,ERR,ERR,ERR,ERR,ERR,ERR,ERR,ERR,ERR,ERR,ERR,ERR,ERR,ERR,ERR,ERR,ERR,ERR,ERR,ERR,ERR,ERR,ERR,ERR,ERR,ERR,ERR,ERR,ERR,ERR,ERR,ERR,ERR,ERR,ERR,ERR,ERR,ERR,ERR,ERR,ERR,ERR,ERR,ERR,ERR,ERR,ERR,ERR,ERR,ERR,ERR,ERR,ERR,ERR,ERR,ERR,ERR,ERR,ERR,ERR,ERR,ERR,ERR,ERR,ERR,ERR,ERR,ERR,ERR,ERR,ERR,ERR,ERR,ERR,ERR,ERR,ERR,ERR,ERR,ERR,ERR,ERR,ERR,ERR,ERR,ERR,ERR,ERR,ERR,ERR,ERR,ERR,ERR,ERR,ERR,ERR,ERR,ERR,ERR,ERR,ERR,ERR,ERR,ERR,ERR,ERR,ERR,ERR,ERR,ERR,ERR,ERR,ERR,ERR,ERR,ERR,ERR,ERR,ERR,ERR,ERR,ERR,ERR,2.718430741444032e+23,2.7184312818759872e+23,0.0,0.0,0.0,1.3936040501711995e+18,7.805,0.0,0,0,4,0,7116,0.0,100,0.0,0.0,0.0,0.0,0.0,0,0,0,0,0.0,0,0,0,0,0,0,0,0,0,0,0,0,0,0,0,0,0,0,0,0,0,0,0,0,0,0,0,0,0,0,0,0,0,31,40,40,71,65476,0,300,0,0,8,21553,0.0,-107605600.0,0.0,0.0,0.0,0.0,0.0,0.0,0.0,0.0,0.0,0.0,0.0,0.0,0.0,0.0,0.0,0.0,0.0,0.0,0.0,0.0,0.0,-2.004,-2.004,0.0,0.0,0.0,0.0,0.0,6235.0,-8608221184.0,6938.0,2.718430741444032e+23,2.7184312818759872e+23,-0.0,2.718430741444032e+23,0.0,0.0,0.0,0.0,69,107615408.0,1.905694340903076e+17,0.0,0.0,0.0,0.0,0.0,0.0,0.0,0,0,0,0.0,0.0,0.0,0.0,0.0,0.0,0.0,0.0,0.0,0.0,0.0,0.0,0.0,0.0,0.0,0.0,0,-107875648.0,69,0.0,138,0.0,-109447200.0,0,13107,17040,26215,17049,13107,17043,0,0,0,70,68,100,2.7302359370752657e+23,71.2,2.7302370179391762e+23,74.2,2.7302370179391762e+23,74.0,1,49,50,180,13107,52429,0,0,0.0,0.0,0.0,0.0,-0.0,67.0,0.0,162057.094,0.0,751,0,739,0,0,0,721,0,767,0,736,0,742,0,742,0,712,0,7520,0.032,107911053312.0,0.0,0.0,784,16797,-0.0,162057.094,-114818.039,-0.0,0.133,6.909358625270745e+28,30.0,65.0,35,0.0,0.0,0.0,0.0,0.0,0.0,0.0,0.0,0.0,0.0,0.0,0.0,0.0,0.0,0.0,0.0,69.2,0,150,71,55,65476,0,300,0,1,8,20529,65476,0,0,40632,65.0,0.0,0.0,0.0,0.0,0.0
2026-09-04T20:17:34,ERR,ERR,ERR,ERR,ERR,ERR,ERR,ERR,ERR,ERR,ERR,ERR,ERR,ERR,ERR,ERR,ERR,ERR,ERR,ERR,ERR,ERR,ERR,ERR,ERR,ERR,ERR,ERR,ERR,ERR,ERR,ERR,ERR,ERR,ERR,ERR,ERR,ERR,ERR,ERR,ERR,ERR,ERR,ERR,ERR,ERR,ERR,ERR,ERR,ERR,ERR,ERR,ERR,ERR,ERR,ERR,ERR,ERR,ERR,ERR,ERR,ERR,ERR,ERR,ERR,ERR,ERR,ERR,ERR,ERR,ERR,ERR,ERR,ERR,ERR,ERR,ERR,ERR,ERR,ERR,ERR,ERR,ERR,ERR,ERR,ERR,ERR,ERR,ERR,ERR,ERR,ERR,ERR,ERR,ERR,ERR,ERR,ERR,ERR,ERR,ERR,ERR,ERR,ERR,ERR,ERR,ERR,ERR,ERR,ERR,ERR,ERR,ERR,ERR,ERR,ERR,ERR,ERR,ERR,ERR,ERR,ERR,ERR,ERR,ERR,2.718430741444032e+23,2.7184312818759872e+23,0.0,0.0,0.0,1.3936040501711995e+18,7.805,0.0,0,0,4,0,7116,0.0,100,0.0,0.0,0.0,0.0,0.0,0,0,0,0,0.0,0,0,0,0,0,0,0,0,0,0,0,0,0,0,0,0,0,0,0,0,0,0,0,0,0,0,0,0,0,0,0,0,0,31,40,40,71,65476,0,300,0,0,8,21553,0.0,-107605600.0,0.0,0.0,0.0,0.0,0.0,0.0,0.0,0.0,0.0,0.0,0.0,0.0,0.0,0.0,0.0,0.0,0.0,0.0,0.0,0.0,0.0,-2.004,-2.004,0.0,0.0,0.0,0.0,0.0,6235.0,-8608221184.0,6938.0,2.718430741444032e+23,2.7184312818759872e+23,-0.0,2.718430741444032e+23,0.0,0.0,0.0,0.0,69,107615408.0,1.905694340903076e+17,0.0,0.0,0.0,0.0,0.0,0.0,0.0,0,0,0,0.0,0.0,0.0,0.0,0.0,0.0,0.0,0.0,0.0,0.0,0.0,0.0,0.0,0.0,0.0,0.0,0,-107875648.0,69,0.0,138,0.0,-109447200.0,0,13107,17040,26215,17049,13107,17043,0,0,0,70,68,100,2.7302359370752657e+23,71.2,2.7302370179391762e+23,74.2,2.7302370179391762e+23,74.0,1,49,50,180,13107,0,0,0,0.0,0.0,0.0,0.0,-0.0,67.0,0.0,162057.094,0.0,751,0,739,0,0,0,721,0,767,0,736,0,742,0,742,0,712,0,7520,0.032,94489280512.0,0.0,0.0,784,16797,-0.0,162057.094,-114818.039,-0.0,0.133,6.909358625270745e+28,30.0,65.0,35,0.0,0.0,0.0,0.0,0.0,0.0,0.0,0.0,0.0,0.0,0.0,0.0,0.0,0.0,0.0,0.0,69.2,0,150,71,55,65476,0,300,0,1,8,20529,65476,0,0,40632,65.0,0.0,0.0,0.0,0.0,0.0
2026-09-04T20:17:35,ERR,ERR,ERR,ERR,ERR,ERR,ERR,ERR,ERR,ERR,ERR,ERR,ERR,ERR,ERR,ERR,ERR,ERR,ERR,ERR,ERR,ERR,ERR,ERR,ERR,ERR,ERR,ERR,ERR,ERR,ERR,ERR,ERR,ERR,ERR,ERR,ERR,ERR,ERR,ERR,ERR,ERR,ERR,ERR,ERR,ERR,ERR,ERR,ERR,ERR,ERR,ERR,ERR,ERR,ERR,ERR,ERR,ERR,ERR,ERR,ERR,ERR,ERR,ERR,ERR,ERR,ERR,ERR,ERR,ERR,ERR,ERR,ERR,ERR,ERR,ERR,ERR,ERR,ERR,ERR,ERR,ERR,ERR,ERR,ERR,ERR,ERR,ERR,ERR,ERR,ERR,ERR,ERR,ERR,ERR,ERR,ERR,ERR,ERR,ERR,ERR,ERR,ERR,ERR,ERR,ERR,ERR,ERR,ERR,ERR,ERR,ERR,ERR,ERR,ERR,ERR,ERR,ERR,ERR,ERR,ERR,ERR,ERR,ERR,ERR,2.718430741444032e+23,2.7184312818759872e+23,0.0,0.0,0.0,1.3936040501711995e+18,7.805,0.0,0,0,4,0,7116,0.0,100,0.0,0.0,0.0,0.0,0.0,0,0,0,0,0.0,0,0,0,0,0,0,0,0,0,0,0,0,0,0,0,0,0,0,0,0,0,0,0,0,0,0,0,0,0,0,0,0,0,31,40,40,71,65476,0,300,0,0,8,21553,0.0,-107605600.0,0.0,0.0,0.0,0.0,0.0,0.0,0.0,0.0,0.0,0.0,0.0,0.0,0.0,0.0,0.0,0.0,0.0,0.0,0.0,0.0,0.0,-2.004,-2.004,0.0,0.0,0.0,0.0,0.0,6235.0,-8608221184.0,6938.0,2.718430741444032e+23,2.7184312818759872e+23,-0.0,2.718430741444032e+23,0.0,0.0,0.0,0.0,69,107615408.0,1.905694340903076e+17,0.0,0.0,0.0,0.0,0.0,0.0,0.0,0,0,0,0.0,0.0,0.0,0.0,0.0,0.0,0.0,0.0,0.0,0.0,0.0,0.0,0.0,0.0,0.0,0.0,0,-107875648.0,69,0.0,138,0.0,-109447200.0,0,13107,17040,26215,17049,13107,17043,0,0,0,70,68,100,2.7302359370752657e+23,71.2,2.7302370179391762e+23,74.2,2.7302370179391762e+23,74.0,1,49,50,180,13107,0,0,0,0.0,0.0,0.0,0.0,-0.0,67.0,0.0,162057.094,0.0,751,0,739,0,0,0,721,0,767,0,736,0,742,0,742,0,712,0,7520,0.032,94489280512.0,0.0,0.0,784,16797,-0.0,162057.094,-114818.039,-0.0,0.133,6.909358625270745e+28,30.0,65.0,35,0.0,0.0,0.0,0.0,0.0,0.0,0.0,0.0,0.0,0.0,0.0,0.0,0.0,0.0,0.0,0.0,69.2,0,150,71,55,65476,0,300,0,1,8,20529,65476,0,0,40632,65.0,0.0,0.0,0.0,0.0,0.0
2026-09-04T20:17:36,ERR,ERR,ERR,ERR,ERR,ERR,ERR,ERR,ERR,ERR,ERR,ERR,ERR,ERR,ERR,ERR,ERR,ERR,ERR,ERR,ERR,ERR,ERR,ERR,ERR,ERR,ERR,ERR,ERR,ERR,ERR,ERR,ERR,ERR,ERR,ERR,ERR,ERR,ERR,ERR,ERR,ERR,ERR,ERR,ERR,ERR,ERR,ERR,ERR,ERR,ERR,ERR,ERR,ERR,ERR,ERR,ERR,ERR,ERR,ERR,ERR,ERR,ERR,ERR,ERR,ERR,ERR,ERR,ERR,ERR,ERR,ERR,ERR,ERR,ERR,ERR,ERR,ERR,ERR,ERR,ERR,ERR,ERR,ERR,ERR,ERR,ERR,ERR,ERR,ERR,ERR,ERR,ERR,ERR,ERR,ERR,ERR,ERR,ERR,ERR,ERR,ERR,ERR,ERR,ERR,ERR,ERR,ERR,ERR,ERR,ERR,ERR,ERR,ERR,ERR,ERR,ERR,ERR,ERR,ERR,ERR,ERR,ERR,ERR,ERR,2.718430741444032e+23,2.7184312818759872e+23,0.0,0.0,0.0,1.3936040501711995e+18,7.805,0.0,0,0,4,0,7116,0.0,100,0.0,0.0,0.0,0.0,0.0,0,0,0,0,0.0,0,0,0,0,0,0,0,0,0,0,0,0,0,0,0,0,0,0,0,0,0,0,0,0,0,0,0,0,0,0,0,0,0,31,40,40,71,65476,0,300,0,0,8,21553,0.0,-107605600.0,0.0,0.0,0.0,0.0,0.0,0.0,0.0,0.0,0.0,0.0,0.0,0.0,0.0,0.0,0.0,0.0,0.0,0.0,0.0,0.0,0.0,-2.004,-2.004,0.0,0.0,0.0,0.0,0.0,6235.0,-8608221184.0,6938.0,2.718430741444032e+23,2.7184312818759872e+23,-0.0,2.718430741444032e+23,0.0,0.0,0.0,0.0,69,107615408.0,1.905694340903076e+17,0.0,0.0,0.0,0.0,0.0,0.0,0.0,0,0,0,0.0,0.0,0.0,0.0,0.0,0.0,0.0,0.0,0.0,0.0,0.0,0.0,0.0,0.0,0.0,0.0,0,-107875648.0,69,0.0,138,0.0,-109447200.0,0,13107,17040,26215,17049,13107,17043,0,0,0,70,68,100,2.7302359370752657e+23,71.2,2.7302370179391762e+23,74.2,2.7302370179391762e+23,74.0,1,49,50,180,13107,0,0,0,0.0,0.0,0.0,0.0,-0.0,67.0,0.0,162057.094,0.0,751,0,739,0,0,0,721,0,767,0,736,0,742,0,742,0,712,0,7520,0.032,94489280512.0,0.0,0.0,784,16797,-0.0,162057.094,-114818.039,-0.0,0.133,6.909358625270745e+28,30.0,65.0,35,0.0,0.0,0.0,0.0,0.0,0.0,0.0,0.0,0.0,0.0,0.0,0.0,0.0,0.0,0.0,0.0,69.6,0,150,71,55,65476,0,300,0,1,8,20529,65476,0,0,40632,65.0,0.0,0.0,0.0,0.0,0.0
2026-09-04T20:17:37,ERR,ERR,ERR,ERR,ERR,ERR,ERR,ERR,ERR,ERR,ERR,ERR,ERR,ERR,ERR,ERR,ERR,ERR,ERR,ERR,ERR,ERR,ERR,ERR,ERR,ERR,ERR,ERR,ERR,ERR,ERR,ERR,ERR,ERR,ERR,ERR,ERR,ERR,ERR,ERR,ERR,ERR,ERR,ERR,ERR,ERR,ERR,ERR,ERR,ERR,ERR,ERR,ERR,ERR,ERR,ERR,ERR,ERR,ERR,ERR,ERR,ERR,ERR,ERR,ERR,ERR,ERR,ERR,ERR,ERR,ERR,ERR,ERR,ERR,ERR,ERR,ERR,ERR,ERR,ERR,ERR,ERR,ERR,ERR,ERR,ERR,ERR,ERR,ERR,ERR,ERR,ERR,ERR,ERR,ERR,ERR,ERR,ERR,ERR,ERR,ERR,ERR,ERR,ERR,ERR,ERR,ERR,ERR,ERR,ERR,ERR,ERR,ERR,ERR,ERR,ERR,ERR,ERR,ERR,ERR,ERR,ERR,ERR,ERR,ERR,2.718430741444032e+23,2.7184312818759872e+23,0.0,0.0,0.0,1.3936040501711995e+18,7.805,0.0,0,0,4,0,7116,0.0,100,0.0,0.0,0.0,0.0,0.0,0,0,0,0,0.0,0,0,0,0,0,0,0,0,0,0,0,0,0,0,0,0,0,0,0,0,0,0,0,0,0,0,0,0,0,0,0,0,0,31,40,40,71,65476,0,300,0,0,8,21553,0.0,-107605600.0,0.0,0.0,0.0,0.0,0.0,0.0,0.0,0.0,0.0,0.0,0.0,0.0,0.0,0.0,0.0,0.0,0.0,0.0,0.0,0.0,0.0,-2.004,-2.004,0.0,0.0,0.0,0.0,0.0,6235.0,-8608221184.0,6938.0,2.718430741444032e+23,2.7184312818759872e+23,-0.0,2.718430741444032e+23,0.0,0.0,0.0,0.0,69,107615408.0,1.905694340903076e+17,0.0,0.0,0.0,0.0,0.0,0.0,0.0,0,0,0,0.0,0.0,0.0,0.0,0.0,0.0,0.0,0.0,0.0,0.0,0.0,0.0,0.0,0.0,0.0,0.0,0,-107875648.0,69,0.0,138,0.0,-109447200.0,0,13107,17040,26215,17049,13107,17043,0,0,0,70,68,100,2.7302359370752657e+23,71.2,2.7302370179391762e+23,74.2,2.7302370179391762e+23,74.0,1,49,50,180,13107,0,0,0,0.0,0.0,0.0,0.0,-0.0,67.0,0.0,162057.094,0.0,751,0,739,0,0,0,721,0,767,0,736,0,742,0,742,0,712,0,7520,0.032,94489280512.0,0.0,0.0,784,16797,-0.0,162057.094,-114818.039,-0.0,0.133,6.909358625270745e+28,30.0,65.0,35,0.0,0.0,0.0,0.0,0.0,0.0,0.0,0.0,0.0,0.0,0.0,0.0,0.0,0.0,0.0,0.0,69.6,0,150,71,55,65476,0,300,0,1,8,20529,65476,0,0,40632,65.0,0.0,0.0,0.0,0.0,0.0
2026-09-04T20:17:38,ERR,ERR,ERR,ERR,ERR,ERR,ERR,ERR,ERR,ERR,ERR,ERR,ERR,ERR,ERR,ERR,ERR,ERR,ERR,ERR,ERR,ERR,ERR,ERR,ERR,ERR,ERR,ERR,ERR,ERR,ERR,ERR,ERR,ERR,ERR,ERR,ERR,ERR,ERR,ERR,ERR,ERR,ERR,ERR,ERR,ERR,ERR,ERR,ERR,ERR,ERR,ERR,ERR,ERR,ERR,ERR,ERR,ERR,ERR,ERR,ERR,ERR,ERR,ERR,ERR,ERR,ERR,ERR,ERR,ERR,ERR,ERR,ERR,ERR,ERR,ERR,ERR,ERR,ERR,ERR,ERR,ERR,ERR,ERR,ERR,ERR,ERR,ERR,ERR,ERR,ERR,ERR,ERR,ERR,ERR,ERR,ERR,ERR,ERR,ERR,ERR,ERR,ERR,ERR,ERR,ERR,ERR,ERR,ERR,ERR,ERR,ERR,ERR,ERR,ERR,ERR,ERR,ERR,ERR,ERR,ERR,ERR,ERR,ERR,ERR,2.718430741444032e+23,2.7184312818759872e+23,0.0,0.0,0.0,1.3936040501711995e+18,7.805,0.0,0,0,4,0,7116,0.0,100,0.0,0.0,0.0,0.0,0.0,0,0,0,0,0.0,0,0,0,0,0,0,0,0,0,0,0,0,0,0,0,0,0,0,0,0,0,0,0,0,0,0,0,0,0,0,0,0,0,31,40,40,71,65476,0,300,0,0,8,21553,0.0,-107605600.0,0.0,0.0,0.0,0.0,0.0,0.0,0.0,0.0,0.0,0.0,0.0,0.0,0.0,0.0,0.0,0.0,0.0,0.0,0.0,0.0,0.0,-2.004,-2.004,0.0,0.0,0.0,0.0,0.0,6235.0,-8608221184.0,6938.0,2.718430741444032e+23,2.7184312818759872e+23,-0.0,2.718430741444032e+23,0.0,0.0,0.0,0.0,69,107615408.0,1.905694340903076e+17,0.0,0.0,0.0,0.0,0.0,0.0,0.0,0,0,0,0.0,0.0,0.0,0.0,0.0,0.0,0.0,0.0,0.0,0.0,0.0,0.0,0.0,0.0,0.0,0.0,0,-107875648.0,69,0.0,138,0.0,-109447200.0,0,13107,17040,26215,17049,13107,17043,0,0,0,70,68,100,2.7302359370752657e+23,71.2,2.7302370179391762e+23,74.2,2.7302370179391762e+23,74.0,1,49,50,180,13107,0,0,0,0.0,0.0,0.0,0.0,-0.0,67.0,0.0,162057.094,0.0,751,0,739,0,0,0,721,0,767,0,736,0,742,0,742,0,712,0,7520,0.032,94489280512.0,0.0,0.0,784,16797,-0.0,162057.094,-114818.039,-0.0,0.133,6.909358625270745e+28,30.0,65.0,35,0.0,0.0,0.0,0.0,0.0,0.0,0.0,0.0,0.0,0.0,0.0,0.0,0.0,0.0,0.0,0.0,69.2,0,150,71,55,65476,0,300,0,1,8,20529,65476,0,0,40632,65.0,0.0,0.0,0.0,0.0,0.0
2026-09-04T20:17:39,ERR,ERR,ERR,ERR,ERR,ERR,ERR,ERR,ERR,ERR,ERR,ERR,ERR,ERR,ERR,ERR,ERR,ERR,ERR,ERR,ERR,ERR,ERR,ERR,ERR,ERR,ERR,ERR,ERR,ERR,ERR,ERR,ERR,ERR,ERR,ERR,ERR,ERR,ERR,ERR,ERR,ERR,ERR,ERR,ERR,ERR,ERR,ERR,ERR,ERR,ERR,ERR,ERR,ERR,ERR,ERR,ERR,ERR,ERR,ERR,ERR,ERR,ERR,ERR,ERR,ERR,ERR,ERR,ERR,ERR,ERR,ERR,ERR,ERR,ERR,ERR,ERR,ERR,ERR,ERR,ERR,ERR,ERR,ERR,ERR,ERR,ERR,ERR,ERR,ERR,ERR,ERR,ERR,ERR,ERR,ERR,ERR,ERR,ERR,ERR,ERR,ERR,ERR,ERR,ERR,ERR,ERR,ERR,ERR,ERR,ERR,ERR,ERR,ERR,ERR,ERR,ERR,ERR,ERR,ERR,ERR,ERR,ERR,ERR,ERR,2.718430741444032e+23,2.7184312818759872e+23,0.0,0.0,0.0,1.3936040501711995e+18,7.805,0.0,0,0,4,0,7116,0.0,100,0.0,0.0,0.0,0.0,0.0,0,0,0,0,0.0,0,0,0,0,0,0,0,0,0,0,0,0,0,0,0,0,0,0,0,0,0,0,0,0,0,0,0,0,0,0,0,0,0,31,40,40,71,65476,0,300,0,0,8,21553,0.0,-107605600.0,0.0,0.0,0.0,0.0,0.0,0.0,0.0,0.0,0.0,0.0,0.0,0.0,0.0,0.0,0.0,0.0,0.0,0.0,0.0,0.0,0.0,-2.004,-2.004,0.0,0.0,0.0,0.0,0.0,6235.0,-8608221184.0,6938.0,2.718430741444032e+23,2.7184312818759872e+23,-0.0,2.718430741444032e+23,0.0,0.0,0.0,0.0,69,107615408.0,1.905694340903076e+17,0.0,0.0,0.0,0.0,0.0,0.0,0.0,0,0,0,0.0,0.0,0.0,0.0,0.0,0.0,0.0,0.0,0.0,0.0,0.0,0.0,0.0,0.0,0.0,0.0,0,-107875648.0,69,0.0,138,0.0,-109447200.0,0,13107,17040,26215,17049,13107,17043,0,0,0,70,68,100,2.7302359370752657e+23,71.2,2.7302370179391762e+23,74.2,2.7302370179391762e+23,74.0,1,49,50,180,13107,52429,0,0,0.0,0.0,0.0,0.0,-0.0,67.0,0.0,162057.094,0.0,751,0,739,0,0,0,721,0,767,0,736,0,742,0,742,0,712,0,7520,0.032,108447924224.0,0.0,0.0,784,16797,-0.0,162057.094,-114818.039,-0.0,0.133,6.909358625270745e+28,30.0,65.0,35,0.0,0.0,0.0,0.0,0.0,0.0,0.0,0.0,0.0,0.0,0.0,0.0,0.0,0.0,0.0,0.0,69.2,0,150,71,55,65476,0,300,0,1,8,20529,65476,0,0,40632,65.0,0.0,0.0,0.0,0.0,0.0
2026-09-04T20:17:40,ERR,ERR,ERR,ERR,ERR,ERR,ERR,ERR,ERR,ERR,ERR,ERR,ERR,ERR,ERR,ERR,ERR,ERR,ERR,ERR,ERR,ERR,ERR,ERR,ERR,ERR,ERR,ERR,ERR,ERR,ERR,ERR,ERR,ERR,ERR,ERR,ERR,ERR,ERR,ERR,ERR,ERR,ERR,ERR,ERR,ERR,ERR,ERR,ERR,ERR,ERR,ERR,ERR,ERR,ERR,ERR,ERR,ERR,ERR,ERR,ERR,ERR,ERR,ERR,ERR,ERR,ERR,ERR,ERR,ERR,ERR,ERR,ERR,ERR,ERR,ERR,ERR,ERR,ERR,ERR,ERR,ERR,ERR,ERR,ERR,ERR,ERR,ERR,ERR,ERR,ERR,ERR,ERR,ERR,ERR,ERR,ERR,ERR,ERR,ERR,ERR,ERR,ERR,ERR,ERR,ERR,ERR,ERR,ERR,ERR,ERR,ERR,ERR,ERR,ERR,ERR,ERR,ERR,ERR,ERR,ERR,ERR,ERR,ERR,ERR,2.718430741444032e+23,2.7184312818759872e+23,0.0,0.0,0.0,1.3936040501711995e+18,7.805,0.0,0,0,4,0,7116,0.0,100,0.0,0.0,0.0,0.0,0.0,0,0,0,0,0.0,0,0,0,0,0,0,0,0,0,0,0,0,0,0,0,0,0,0,0,0,0,0,0,0,0,0,0,0,0,0,0,0,0,31,40,40,71,65476,0,300,0,0,8,21553,0.0,-107605600.0,0.0,0.0,0.0,0.0,0.0,0.0,0.0,0.0,0.0,0.0,0.0,0.0,0.0,0.0,0.0,0.0,0.0,0.0,0.0,0.0,-2.004,-2.004,-2.004,0.0,0.0,0.0,0.0,0.0,6242.0,0.0,6942.0,2.718430741444032e+23,2.7184312818759872e+23,-0.0,2.718430741444032e+23,0.0,0.0,0.0,0.0,69,2.308841773246825e+20,-0.0,0.0,0.0,0.0,0.0,0.0,0.0,0.0,0,0,0,0.0,0.0,0.0,0.0,0.0,0.0,0.0,0.0,0.0,0.0,0.0,0.0,0.0,0.0,0.0,0.0,0,-107875648.0,69,0.0,138,0.0,-109447200.0,0,13107,17040,26215,17049,13107,17043,0,0,0,70,68,100,2.7302359370752657e+23,71.2,2.7302370179391762e+23,74.2,2.7302370179391762e+23,74.0,1,49,50,180,13107,52429,0,0,0.0,0.0,0.0,0.0,-0.0,67.0,0.0,162057.094,0.0,751,0,739,0,0,0,721,0,767,0,736,0,742,0,742,0,712,0,7520,0.032,108447924224.0,0.0,0.0,784,16797,-0.0,162057.094,-114818.039,-0.0,0.133,6.909358625270745e+28,30.0,65.0,35,0.0,0.0,0.0,0.0,0.0,0.0,0.0,0.0,0.0,0.0,0.0,0.0,0.0,0.0,0.0,0.0,69.2,0,150,71,55,65476,0,300,0,1,8,20529,65476,0,0,40632,65.0,0.0,0.0,0.0,0.0,0.0
2026-09-04T20:17:41,ERR,ERR,ERR,ERR,ERR,ERR,ERR,ERR,ERR,ERR,ERR,ERR,ERR,ERR,ERR,ERR,ERR,ERR,ERR,ERR,ERR,ERR,ERR,ERR,ERR,ERR,ERR,ERR,ERR,ERR,ERR,ERR,ERR,ERR,ERR,ERR,ERR,ERR,ERR,ERR,ERR,ERR,ERR,ERR,ERR,ERR,ERR,ERR,ERR,ERR,ERR,ERR,ERR,ERR,ERR,ERR,ERR,ERR,ERR,ERR,ERR,ERR,ERR,ERR,ERR,ERR,ERR,ERR,ERR,ERR,ERR,ERR,ERR,ERR,ERR,ERR,ERR,ERR,ERR,ERR,ERR,ERR,ERR,ERR,ERR,ERR,ERR,ERR,ERR,ERR,ERR,ERR,ERR,ERR,ERR,ERR,ERR,ERR,ERR,ERR,ERR,ERR,ERR,ERR,ERR,ERR,ERR,ERR,ERR,ERR,ERR,ERR,ERR,ERR,ERR,ERR,ERR,ERR,ERR,ERR,ERR,ERR,ERR,ERR,ERR,2.718430741444032e+23,2.7184312818759872e+23,0.0,0.0,0.0,1.3936040501711995e+18,7.805,0.0,0,0,4,0,7116,0.0,100,0.0,0.0,0.0,0.0,0.0,0,0,0,0,0.0,0,0,0,0,0,0,0,0,0,0,0,0,0,0,0,0,0,0,0,0,0,0,0,0,0,0,0,0,0,0,0,0,0,31,40,40,71,65476,0,300,0,0,8,21553,0.0,-107605600.0,0.0,0.0,0.0,0.0,0.0,0.0,0.0,0.0,0.0,0.0,0.0,0.0,0.0,0.0,0.0,0.0,0.0,0.0,0.0,0.0,-2.004,-2.004,-2.004,0.0,0.0,0.0,0.0,0.0,6242.0,0.0,6942.0,2.718430741444032e+23,2.7184312818759872e+23,-0.0,2.718430741444032e+23,0.0,0.0,0.0,0.0,69,2.308841773246825e+20,-0.0,0.0,0.0,0.0,0.0,0.0,0.0,0.0,0,0,0,0.0,0.0,0.0,0.0,0.0,0.0,0.0,0.0,0.0,0.0,0.0,0.0,0.0,0.0,0.0,0.0,0,-107875648.0,69,0.0,138,0.0,-109447200.0,0,13107,17040,26215,17049,13107,17043,0,0,0,70,68,100,2.7302359370752657e+23,71.2,2.7302370179391762e+23,74.2,2.7302370179391762e+23,74.0,1,49,50,180,13107,52429,0,0,0.0,0.0,0.0,0.0,-0.0,67.0,0.0,162057.094,0.0,751,0,739,0,0,0,721,0,767,0,736,0,742,0,742,0,712,0,7520,0.032,108447924224.0,0.0,0.0,784,16797,-0.0,162057.094,-114818.039,-0.0,0.133,6.909358625270745e+28,30.0,65.0,35,0.0,0.0,0.0,0.0,0.0,0.0,0.0,0.0,0.0,0.0,0.0,0.0,0.0,0.0,0.0,0.0,69.2,0,150,71,55,65476,0,300,0,1,8,20529,65476,0,0,40632,65.0,0.0,0.0,0.0,0.0,0.0
2026-09-04T20:17:42,ERR,ERR,ERR,ERR,ERR,ERR,ERR,ERR,ERR,ERR,ERR,ERR,ERR,ERR,ERR,ERR,ERR,ERR,ERR,ERR,ERR,ERR,ERR,ERR,ERR,ERR,ERR,ERR,ERR,ERR,ERR,ERR,ERR,ERR,ERR,ERR,ERR,ERR,ERR,ERR,ERR,ERR,ERR,ERR,ERR,ERR,ERR,ERR,ERR,ERR,ERR,ERR,ERR,ERR,ERR,ERR,ERR,ERR,ERR,ERR,ERR,ERR,ERR,ERR,ERR,ERR,ERR,ERR,ERR,ERR,ERR,ERR,ERR,ERR,ERR,ERR,ERR,ERR,ERR,ERR,ERR,ERR,ERR,ERR,ERR,ERR,ERR,ERR,ERR,ERR,ERR,ERR,ERR,ERR,ERR,ERR,ERR,ERR,ERR,ERR,ERR,ERR,ERR,ERR,ERR,ERR,ERR,ERR,ERR,ERR,ERR,ERR,ERR,ERR,ERR,ERR,ERR,ERR,ERR,ERR,ERR,ERR,ERR,ERR,ERR,2.718430741444032e+23,2.7184312818759872e+23,0.0,0.0,0.0,1.3936040501711995e+18,7.805,0.0,0,0,4,0,7116,0.0,100,0.0,0.0,0.0,0.0,0.0,0,0,0,0,0.0,0,0,0,0,0,0,0,0,0,0,0,0,0,0,0,0,0,0,0,0,0,0,0,0,0,0,0,0,0,0,0,0,0,31,40,40,71,65476,0,300,0,0,8,21553,0.0,-107605600.0,0.0,0.0,0.0,0.0,0.0,0.0,0.0,0.0,0.0,0.0,0.0,0.0,0.0,0.0,0.0,0.0,0.0,0.0,0.0,0.0,-2.004,-2.004,-2.004,0.0,0.0,0.0,0.0,0.0,6242.0,0.0,6942.0,2.718430741444032e+23,2.7184312818759872e+23,-0.0,2.718430741444032e+23,0.0,0.0,0.0,0.0,69,2.308841773246825e+20,-0.0,0.0,0.0,0.0,0.0,0.0,0.0,0.0,0,0,0,0.0,0.0,0.0,0.0,0.0,0.0,0.0,0.0,0.0,0.0,0.0,0.0,0.0,0.0,0.0,0.0,0,-107875648.0,69,0.0,138,0.0,-109447200.0,0,13107,17040,26215,17049,13107,17043,0,0,0,70,68,100,2.7302359370752657e+23,71.2,2.7302370179391762e+23,74.2,2.7302370179391762e+23,74.0,1,49,50,180,13107,52429,0,0,0.0,0.0,0.0,0.0,-0.0,67.0,0.0,162057.094,0.0,751,0,739,0,0,0,721,0,767,0,736,0,742,0,742,0,712,0,7520,0.032,108447924224.0,0.0,0.0,784,16797,-0.0,162057.094,-114818.039,-0.0,0.133,6.909358625270745e+28,30.0,65.0,35,0.0,0.0,0.0,0.0,0.0,0.0,0.0,0.0,0.0,0.0,0.0,0.0,0.0,0.0,0.0,0.0,69.2,0,150,71,55,65476,0,300,0,1,8,20529,65476,0,0,40632,65.0,0.0,0.0,0.0,0.0,0.0
2026-09-04T20:17:43,ERR,ERR,ERR,ERR,ERR,ERR,ERR,ERR,ERR,ERR,ERR,ERR,ERR,ERR,ERR,ERR,ERR,ERR,ERR,ERR,ERR,ERR,ERR,ERR,ERR,ERR,ERR,ERR,ERR,ERR,ERR,ERR,ERR,ERR,ERR,ERR,ERR,ERR,ERR,ERR,ERR,ERR,ERR,ERR,ERR,ERR,ERR,ERR,ERR,ERR,ERR,ERR,ERR,ERR,ERR,ERR,ERR,ERR,ERR,ERR,ERR,ERR,ERR,ERR,ERR,ERR,ERR,ERR,ERR,ERR,ERR,ERR,ERR,ERR,ERR,ERR,ERR,ERR,ERR,ERR,ERR,ERR,ERR,ERR,ERR,ERR,ERR,ERR,ERR,ERR,ERR,ERR,ERR,ERR,ERR,ERR,ERR,ERR,ERR,ERR,ERR,ERR,ERR,ERR,ERR,ERR,ERR,ERR,ERR,ERR,ERR,ERR,ERR,ERR,ERR,ERR,ERR,ERR,ERR,ERR,ERR,ERR,ERR,ERR,ERR,2.718430741444032e+23,2.7184312818759872e+23,0.0,0.0,0.0,1.3936040501711995e+18,7.805,0.0,0,0,4,0,7116,0.0,100,0.0,0.0,0.0,0.0,0.0,0,0,0,0,0.0,0,0,0,0,0,0,0,0,0,0,0,0,0,0,0,0,0,0,0,0,0,0,0,0,0,0,0,0,0,0,0,0,0,31,40,40,71,65476,0,300,0,0,8,21553,0.0,-107605600.0,0.0,0.0,0.0,0.0,0.0,0.0,0.0,0.0,0.0,0.0,0.0,0.0,0.0,0.0,0.0,0.0,0.0,0.0,0.0,0.0,-2.004,-2.004,-2.004,0.0,0.0,0.0,0.0,0.0,6242.0,0.0,6942.0,2.718430741444032e+23,2.7184312818759872e+23,-0.0,2.718430741444032e+23,0.0,0.0,0.0,0.0,69,2.308841773246825e+20,-0.0,0.0,0.0,0.0,0.0,0.0,0.0,0.0,0,0,0,0.0,0.0,0.0,0.0,0.0,0.0,0.0,0.0,0.0,0.0,0.0,0.0,0.0,0.0,0.0,0.0,0,-107875648.0,69,0.0,138,0.0,-109447200.0,0,13107,17040,26215,17049,13107,17043,0,0,0,70,68,100,2.7302359370752657e+23,71.2,2.7302370179391762e+23,74.2,2.7302370179391762e+23,74.0,1,49,50,180,13107,52429,0,0,0.0,0.0,0.0,0.0,-0.0,67.0,0.0,162057.094,0.0,751,0,739,0,0,0,721,0,767,0,736,0,742,0,742,0,712,0,7520,0.032,108447924224.0,0.0,0.0,784,16797,-0.0,162057.094,-114818.039,-0.0,0.133,6.909358625270745e+28,30.0,65.0,35,0.0,0.0,0.0,0.0,0.0,0.0,0.0,0.0,0.0,0.0,0.0,0.0,0.0,0.0,0.0,0.0,69.2,0,150,71,55,65476,0,300,0,1,8,20529,65476,0,0,40632,65.0,0.0,0.0,0.0,0.0,0.0
2026-09-04T20:17:44,ERR,ERR,ERR,ERR,ERR,ERR,ERR,ERR,ERR,ERR,ERR,ERR,ERR,ERR,ERR,ERR,ERR,ERR,ERR,ERR,ERR,ERR,ERR,ERR,ERR,ERR,ERR,ERR,ERR,ERR,ERR,ERR,ERR,ERR,ERR,ERR,ERR,ERR,ERR,ERR,ERR,ERR,ERR,ERR,ERR,ERR,ERR,ERR,ERR,ERR,ERR,ERR,ERR,ERR,ERR,ERR,ERR,ERR,ERR,ERR,ERR,ERR,ERR,ERR,ERR,ERR,ERR,ERR,ERR,ERR,ERR,ERR,ERR,ERR,ERR,ERR,ERR,ERR,ERR,ERR,ERR,ERR,ERR,ERR,ERR,ERR,ERR,ERR,ERR,ERR,ERR,ERR,ERR,ERR,ERR,ERR,ERR,ERR,ERR,ERR,ERR,ERR,ERR,ERR,ERR,ERR,ERR,ERR,ERR,ERR,ERR,ERR,ERR,ERR,ERR,ERR,ERR,ERR,ERR,ERR,ERR,ERR,ERR,ERR,ERR,2.718430741444032e+23,2.7184312818759872e+23,0.0,0.0,0.0,1.3936040501711995e+18,7.805,0.0,0,0,4,0,7116,0.0,100,0.0,0.0,0.0,0.0,0.0,0,0,0,0,0.0,0,0,0,0,0,0,0,0,0,0,0,0,0,0,0,0,0,0,0,0,0,0,0,0,0,0,0,0,0,0,0,0,0,31,40,40,71,65476,0,300,0,0,8,21553,0.0,-107605600.0,0.0,0.0,0.0,0.0,0.0,0.0,0.0,0.0,0.0,0.0,0.0,0.0,0.0,0.0,0.0,0.0,0.0,0.0,0.0,0.0,-2.004,-2.004,-2.004,0.0,0.0,0.0,0.0,0.0,6242.0,0.0,6942.0,2.718430741444032e+23,2.7184312818759872e+23,-0.0,2.718430741444032e+23,0.0,0.0,0.0,0.0,69,2.308841773246825e+20,-0.0,0.0,0.0,0.0,0.0,0.0,0.0,0.0,0,0,0,0.0,0.0,0.0,0.0,0.0,0.0,0.0,0.0,0.0,0.0,0.0,0.0,0.0,0.0,0.0,0.0,0,-107875648.0,69,0.0,138,0.0,-109447200.0,0,13107,17040,26215,17049,13107,17043,0,0,0,70,68,100,2.7302359370752657e+23,71.2,2.7302370179391762e+23,74.2,2.7302370179391762e+23,74.0,1,49,50,180,13107,52429,0,0,0.0,0.0,0.0,0.0,-0.0,67.0,0.0,162057.094,0.0,751,0,739,0,0,0,721,0,767,0,736,0,742,0,742,0,712,0,7520,0.032,108447924224.0,0.0,0.0,784,16797,-0.0,162057.094,-114818.039,-0.0,0.133,6.909358625270745e+28,30.0,65.0,35,0.0,0.0,0.0,0.0,0.0,0.0,0.0,0.0,0.0,0.0,0.0,0.0,0.0,0.0,0.0,0.0,69.2,0,150,71,55,65476,0,300,0,1,8,20529,65476,0,0,40632,65.0,0.0,0.0,0.0,0.0,0.0
2026-09-04T20:17:45,ERR,ERR,ERR,ERR,ERR,ERR,ERR,ERR,ERR,ERR,ERR,ERR,ERR,ERR,ERR,ERR,ERR,ERR,ERR,ERR,ERR,ERR,ERR,ERR,ERR,ERR,ERR,ERR,ERR,ERR,ERR,ERR,ERR,ERR,ERR,ERR,ERR,ERR,ERR,ERR,ERR,ERR,ERR,ERR,ERR,ERR,ERR,ERR,ERR,ERR,ERR,ERR,ERR,ERR,ERR,ERR,ERR,ERR,ERR,ERR,ERR,ERR,ERR,ERR,ERR,ERR,ERR,ERR,ERR,ERR,ERR,ERR,ERR,ERR,ERR,ERR,ERR,ERR,ERR,ERR,ERR,ERR,ERR,ERR,ERR,ERR,ERR,ERR,ERR,ERR,ERR,ERR,ERR,ERR,ERR,ERR,ERR,ERR,ERR,ERR,ERR,ERR,ERR,ERR,ERR,ERR,ERR,ERR,ERR,ERR,ERR,ERR,ERR,ERR,ERR,ERR,ERR,ERR,ERR,ERR,ERR,ERR,ERR,ERR,ERR,2.718430741444032e+23,2.7184312818759872e+23,0.0,0.0,0.0,1.3936040501711995e+18,7.805,0.0,0,0,4,0,7116,0.0,100,0.0,0.0,0.0,0.0,0.0,0,0,0,0,0.0,0,0,0,0,0,0,0,0,0,0,0,0,0,0,0,0,0,0,0,0,0,0,0,0,0,0,0,0,0,0,0,0,0,31,40,40,71,65476,0,300,0,0,8,21553,0.0,-107605600.0,0.0,0.0,0.0,0.0,0.0,0.0,0.0,0.0,0.0,0.0,0.0,0.0,0.0,0.0,0.0,0.0,0.0,0.0,0.0,0.0,-2.004,-2.004,-2.004,0.0,0.0,0.0,0.0,0.0,6242.0,0.0,6942.0,2.718430741444032e+23,2.7184312818759872e+23,-0.0,2.718430741444032e+23,0.0,0.0,0.0,0.0,69,2.308841773246825e+20,-0.0,0.0,0.0,0.0,0.0,0.0,0.0,0.0,0,0,0,0.0,0.0,0.0,0.0,0.0,0.0,0.0,0.0,0.0,0.0,0.0,0.0,0.0,0.0,0.0,0.0,0,-107875648.0,69,0.0,138,0.0,-109447200.0,0,13107,17040,26215,17049,13107,17043,0,0,0,70,68,100,2.7302359370752657e+23,71.2,2.7302370179391762e+23,74.2,2.7302370179391762e+23,74.0,1,49,50,180,13107,52429,0,0,0.0,0.0,0.0,0.0,-0.0,67.0,0.0,162057.094,0.0,751,0,739,0,0,0,721,0,767,0,736,0,742,0,741,0,715,0,7520,0.032,107911053312.0,0.0,0.0,784,16797,-0.0,162057.094,-114818.039,-0.0,0.133,6.909358625270745e+28,30.0,65.0,35,0.0,0.0,0.0,0.0,0.0,0.0,0.0,0.0,0.0,0.0,0.0,0.0,0.0,0.0,0.0,0.0,69.2,0,150,71,55,65476,0,300,0,1,8,20529,65476,0,0,40632,65.0,0.0,0.0,0.0,0.0,0.0
2026-09-04T20:17:46,ERR,ERR,ERR,ERR,ERR,ERR,ERR,ERR,ERR,ERR,ERR,ERR,ERR,ERR,ERR,ERR,ERR,ERR,ERR,ERR,ERR,ERR,ERR,ERR,ERR,ERR,ERR,ERR,ERR,ERR,ERR,ERR,ERR,ERR,ERR,ERR,ERR,ERR,ERR,ERR,ERR,ERR,ERR,ERR,ERR,ERR,ERR,ERR,ERR,ERR,ERR,ERR,ERR,ERR,ERR,ERR,ERR,ERR,ERR,ERR,ERR,ERR,ERR,ERR,ERR,ERR,ERR,ERR,ERR,ERR,ERR,ERR,ERR,ERR,ERR,ERR,ERR,ERR,ERR,ERR,ERR,ERR,ERR,ERR,ERR,ERR,ERR,ERR,ERR,ERR,ERR,ERR,ERR,ERR,ERR,ERR,ERR,ERR,ERR,ERR,ERR,ERR,ERR,ERR,ERR,ERR,ERR,ERR,ERR,ERR,ERR,ERR,ERR,ERR,ERR,ERR,ERR,ERR,ERR,ERR,ERR,ERR,ERR,ERR,ERR,2.718430741444032e+23,2.7184312818759872e+23,0.0,0.0,0.0,1.3936040501711995e+18,7.805,0.0,0,0,4,0,7116,0.0,100,0.0,0.0,0.0,0.0,0.0,0,0,0,0,0.0,0,0,0,0,0,0,0,0,0,0,0,0,0,0,0,0,0,0,0,0,0,0,0,0,0,0,0,0,0,0,0,0,0,31,40,40,71,65476,0,300,0,0,8,21553,0.0,-107605600.0,0.0,0.0,0.0,0.0,0.0,0.0,0.0,0.0,0.0,0.0,0.0,0.0,0.0,0.0,0.0,0.0,0.0,0.0,0.0,0.0,-2.004,-2.004,-2.004,0.0,0.0,0.0,0.0,0.0,6242.0,0.0,6942.0,2.718430741444032e+23,2.7184312818759872e+23,-0.0,2.718430741444032e+23,0.0,0.0,0.0,0.0,69,2.308841773246825e+20,-0.0,0.0,0.0,0.0,0.0,0.0,0.0,0.0,0,0,0,0.0,0.0,0.0,0.0,0.0,0.0,0.0,0.0,0.0,0.0,0.0,0.0,0.0,0.0,0.0,0.0,0,-107875648.0,69,0.0,138,0.0,-109447200.0,0,13107,17040,26215,17049,13107,17043,0,0,0,70,68,100,2.7302359370752657e+23,71.2,2.7302370179391762e+23,74.2,2.7302370179391762e+23,74.0,1,49,50,180,13107,52429,0,0,0.0,0.0,0.0,0.0,-0.0,67.0,0.0,162057.094,0.0,751,0,739,0,0,0,721,0,767,0,736,0,742,0,741,0,715,0,7520,0.032,107911053312.0,0.0,0.0,784,16797,-0.0,162057.094,-114818.039,-0.0,0.133,6.909358625270745e+28,30.0,65.0,35,0.0,0.0,0.0,0.0,0.0,0.0,0.0,0.0,0.0,0.0,0.0,0.0,0.0,0.0,0.0,0.0,69.2,0,150,71,55,65476,0,300,0,1,8,20529,65476,0,0,40632,65.0,0.0,0.0,0.0,0.0,0.0
2026-09-04T20:17:47,ERR,ERR,ERR,ERR,ERR,ERR,ERR,ERR,ERR,ERR,ERR,ERR,ERR,ERR,ERR,ERR,ERR,ERR,ERR,ERR,ERR,ERR,ERR,ERR,ERR,ERR,ERR,ERR,ERR,ERR,ERR,ERR,ERR,ERR,ERR,ERR,ERR,ERR,ERR,ERR,ERR,ERR,ERR,ERR,ERR,ERR,ERR,ERR,ERR,ERR,ERR,ERR,ERR,ERR,ERR,ERR,ERR,ERR,ERR,ERR,ERR,ERR,ERR,ERR,ERR,ERR,ERR,ERR,ERR,ERR,ERR,ERR,ERR,ERR,ERR,ERR,ERR,ERR,ERR,ERR,ERR,ERR,ERR,ERR,ERR,ERR,ERR,ERR,ERR,ERR,ERR,ERR,ERR,ERR,ERR,ERR,ERR,ERR,ERR,ERR,ERR,ERR,ERR,ERR,ERR,ERR,ERR,ERR,ERR,ERR,ERR,ERR,ERR,ERR,ERR,ERR,ERR,ERR,ERR,ERR,ERR,ERR,ERR,ERR,ERR,2.718430741444032e+23,2.7184312818759872e+23,0.0,0.0,0.0,1.3936040501711995e+18,7.805,0.0,0,0,4,0,7116,0.0,100,0.0,0.0,0.0,0.0,0.0,0,0,0,0,0.0,0,0,0,0,0,0,0,0,0,0,0,0,0,0,0,0,0,0,0,0,0,0,0,0,0,0,0,0,0,0,0,0,0,31,40,40,71,65476,0,300,0,0,8,21553,0.0,-107605600.0,0.0,0.0,0.0,0.0,0.0,0.0,0.0,0.0,0.0,0.0,0.0,0.0,0.0,0.0,0.0,0.0,0.0,0.0,0.0,0.0,-2.004,-2.004,-2.004,0.0,0.0,0.0,0.0,0.0,6242.0,0.0,6942.0,2.718430741444032e+23,2.7184312818759872e+23,-0.0,2.718430741444032e+23,0.0,0.0,0.0,0.0,69,2.308841773246825e+20,-0.0,0.0,0.0,0.0,0.0,0.0,0.0,0.0,0,0,0,0.0,0.0,0.0,0.0,0.0,0.0,0.0,0.0,0.0,0.0,0.0,0.0,0.0,0.0,0.0,0.0,0,-107875648.0,69,0.0,138,0.0,-109447200.0,0,13107,17040,26215,17049,13107,17043,0,0,0,70,68,100,2.7302359370752657e+23,71.2,2.7302370179391762e+23,74.2,2.7302370179391762e+23,74.0,1,49,50,180,13107,52429,0,0,0.0,0.0,0.0,0.0,-0.0,67.0,0.0,162057.094,0.0,751,0,739,0,0,0,721,0,767,0,736,0,742,0,741,0,715,0,7520,0.032,107911053312.0,0.0,0.0,784,16797,-0.0,162057.094,-114818.039,-0.0,0.133,6.909358625270745e+28,30.0,65.0,35,0.0,0.0,0.0,0.0,0.0,0.0,0.0,0.0,0.0,0.0,0.0,0.0,0.0,0.0,0.0,0.0,69.2,0,150,71,55,65476,0,300,0,1,8,20529,65476,0,0,40632,65.0,0.0,0.0,0.0,0.0,0.0
2026-09-04T20:17:48,ERR,ERR,ERR,ERR,ERR,ERR,ERR,ERR,ERR,ERR,ERR,ERR,ERR,ERR,ERR,ERR,ERR,ERR,ERR,ERR,ERR,ERR,ERR,ERR,ERR,ERR,ERR,ERR,ERR,ERR,ERR,ERR,ERR,ERR,ERR,ERR,ERR,ERR,ERR,ERR,ERR,ERR,ERR,ERR,ERR,ERR,ERR,ERR,ERR,ERR,ERR,ERR,ERR,ERR,ERR,ERR,ERR,ERR,ERR,ERR,ERR,ERR,ERR,ERR,ERR,ERR,ERR,ERR,ERR,ERR,ERR,ERR,ERR,ERR,ERR,ERR,ERR,ERR,ERR,ERR,ERR,ERR,ERR,ERR,ERR,ERR,ERR,ERR,ERR,ERR,ERR,ERR,ERR,ERR,ERR,ERR,ERR,ERR,ERR,ERR,ERR,ERR,ERR,ERR,ERR,ERR,ERR,ERR,ERR,ERR,ERR,ERR,ERR,ERR,ERR,ERR,ERR,ERR,ERR,ERR,ERR,ERR,ERR,ERR,ERR,2.718430741444032e+23,2.7184312818759872e+23,0.0,0.0,0.0,1.3936040501711995e+18,7.805,0.0,0,0,4,0,7116,0.0,100,0.0,0.0,0.0,0.0,0.0,0,0,0,0,0.0,0,0,0,0,0,0,0,0,0,0,0,0,0,0,0,0,0,0,0,0,0,0,0,0,0,0,0,0,0,0,0,0,0,31,40,40,71,65476,0,300,0,0,8,21553,0.0,-107605600.0,0.0,0.0,0.0,0.0,0.0,0.0,0.0,0.0,0.0,0.0,0.0,0.0,0.0,0.0,0.0,0.0,0.0,0.0,0.0,0.0,0.0,-2.004,-2.004,0.0,0.0,0.0,0.0,0.0,6268.0,0.0,6915.0,2.718430741444032e+23,2.7184312818759872e+23,-0.0,2.718430741444032e+23,0.0,0.0,0.0,0.0,69,126841176064.0,-0.0,0.0,0.0,0.0,0.0,0.0,0.0,0.0,0,0,0,0.0,0.0,0.0,0.0,0.0,0.0,0.0,0.0,0.0,0.0,0.0,0.0,0.0,0.0,0.0,0.0,0,-107875648.0,69,0.0,138,0.0,-109447200.0,0,13107,17040,26215,17049,13107,17043,0,0,0,70,68,100,2.7302359370752657e+23,71.2,2.7302370179391762e+23,74.2,2.7302370179391762e+23,74.0,1,49,50,180,13107,52429,0,0,0.0,0.0,0.0,0.0,-0.0,67.0,0.0,162057.094,0.0,751,0,739,0,0,0,721,0,767,0,736,0,742,0,741,0,715,0,7520,0.032,107911053312.0,0.0,0.0,784,16797,-0.0,162057.094,-114818.039,-0.0,0.133,6.909358625270745e+28,30.0,65.0,35,0.0,0.0,0.0,0.0,0.0,0.0,0.0,0.0,0.0,0.0,0.0,0.0,0.0,0.0,0.0,0.0,69.2,0,150,71,55,65476,0,300,0,1,8,20529,65476,0,0,40632,65.0,0.0,0.0,0.0,0.0,0.0
2026-09-04T20:17:49,ERR,ERR,ERR,ERR,ERR,ERR,ERR,ERR,ERR,ERR,ERR,ERR,ERR,ERR,ERR,ERR,ERR,ERR,ERR,ERR,ERR,ERR,ERR,ERR,ERR,ERR,ERR,ERR,ERR,ERR,ERR,ERR,ERR,ERR,ERR,ERR,ERR,ERR,ERR,ERR,ERR,ERR,ERR,ERR,ERR,ERR,ERR,ERR,ERR,ERR,ERR,ERR,ERR,ERR,ERR,ERR,ERR,ERR,ERR,ERR,ERR,ERR,ERR,ERR,ERR,ERR,ERR,ERR,ERR,ERR,ERR,ERR,ERR,ERR,ERR,ERR,ERR,ERR,ERR,ERR,ERR,ERR,ERR,ERR,ERR,ERR,ERR,ERR,ERR,ERR,ERR,ERR,ERR,ERR,ERR,ERR,ERR,ERR,ERR,ERR,ERR,ERR,ERR,ERR,ERR,ERR,ERR,ERR,ERR,ERR,ERR,ERR,ERR,ERR,ERR,ERR,ERR,ERR,ERR,ERR,ERR,ERR,ERR,ERR,ERR,2.718430741444032e+23,2.7184312818759872e+23,0.0,0.0,0.0,1.3936040501711995e+18,7.805,0.0,0,0,4,0,7116,0.0,100,0.0,0.0,0.0,0.0,0.0,0,0,0,0,0.0,0,0,0,0,0,0,0,0,0,0,0,0,0,0,0,0,0,0,0,0,0,0,0,0,0,0,0,0,0,0,0,0,0,31,40,40,71,65476,0,300,0,0,8,21553,0.0,-107605600.0,0.0,0.0,0.0,0.0,0.0,0.0,0.0,0.0,0.0,0.0,0.0,0.0,0.0,0.0,0.0,0.0,0.0,0.0,0.0,0.0,0.0,-2.004,-2.004,0.0,0.0,0.0,0.0,0.0,6268.0,0.0,6915.0,2.718430741444032e+23,2.7184312818759872e+23,-0.0,2.718430741444032e+23,0.0,0.0,0.0,0.0,69,126841176064.0,-0.0,0.0,0.0,0.0,0.0,0.0,0.0,0.0,0,0,0,0.0,0.0,0.0,0.0,0.0,0.0,0.0,0.0,0.0,0.0,0.0,0.0,0.0,0.0,0.0,0.0,0,-107875648.0,69,0.0,138,0.0,-109447200.0,0,13107,17040,26215,17049,13107,17043,0,0,0,70,68,100,2.7302359370752657e+23,71.2,2.7302370179391762e+23,74.2,2.7302370179391762e+23,74.0,1,49,50,180,13107,52429,0,0,0.0,0.0,0.0,0.0,-0.0,67.0,0.0,162057.094,0.0,751,0,739,0,0,0,721,0,767,0,736,0,742,0,741,0,715,0,7520,0.032,107911053312.0,0.0,0.0,784,16797,-0.0,162057.094,-114818.039,-0.0,0.133,6.909358625270745e+28,30.0,65.0,35,0.0,0.0,0.0,0.0,0.0,0.0,0.0,0.0,0.0,0.0,0.0,0.0,0.0,0.0,0.0,0.0,69.2,0,150,71,55,65476,0,300,0,1,8,20529,65476,0,0,40632,65.0,0.0,0.0,0.0,0.0,0.0
2026-09-04T20:17:50,ERR,ERR,ERR,ERR,ERR,ERR,ERR,ERR,ERR,ERR,ERR,ERR,ERR,ERR,ERR,ERR,ERR,ERR,ERR,ERR,ERR,ERR,ERR,ERR,ERR,ERR,ERR,ERR,ERR,ERR,ERR,ERR,ERR,ERR,ERR,ERR,ERR,ERR,ERR,ERR,ERR,ERR,ERR,ERR,ERR,ERR,ERR,ERR,ERR,ERR,ERR,ERR,ERR,ERR,ERR,ERR,ERR,ERR,ERR,ERR,ERR,ERR,ERR,ERR,ERR,ERR,ERR,ERR,ERR,ERR,ERR,ERR,ERR,ERR,ERR,ERR,ERR,ERR,ERR,ERR,ERR,ERR,ERR,ERR,ERR,ERR,ERR,ERR,ERR,ERR,ERR,ERR,ERR,ERR,ERR,ERR,ERR,ERR,ERR,ERR,ERR,ERR,ERR,ERR,ERR,ERR,ERR,ERR,ERR,ERR,ERR,ERR,ERR,ERR,ERR,ERR,ERR,ERR,ERR,ERR,ERR,ERR,ERR,ERR,ERR,2.718430741444032e+23,2.7184312818759872e+23,0.0,0.0,0.0,1.3936040501711995e+18,7.805,0.0,0,0,4,0,7116,0.0,100,0.0,0.0,0.0,0.0,0.0,0,0,0,0,0.0,0,0,0,0,0,0,0,0,0,0,0,0,0,0,0,0,0,0,0,0,0,0,0,0,0,0,0,0,0,0,0,0,0,31,40,40,71,65476,0,300,0,0,8,21553,0.0,-107605600.0,0.0,0.0,0.0,0.0,0.0,0.0,0.0,0.0,0.0,0.0,0.0,0.0,0.0,0.0,0.0,0.0,0.0,0.0,0.0,0.0,0.0,-2.004,-2.004,0.0,0.0,0.0,0.0,0.0,6268.0,0.0,6915.0,2.718430741444032e+23,2.7184312818759872e+23,-0.0,2.718430741444032e+23,0.0,0.0,0.0,0.0,69,126841176064.0,-0.0,0.0,0.0,0.0,0.0,0.0,0.0,0.0,0,0,0,0.0,0.0,0.0,0.0,0.0,0.0,0.0,0.0,0.0,0.0,0.0,0.0,0.0,0.0,0.0,0.0,0,-107875648.0,69,0.0,138,0.0,-109447200.0,0,13107,17040,26215,17049,13107,17043,0,0,0,70,68,100,2.7302359370752657e+23,71.2,2.7302370179391762e+23,74.2,2.7302370179391762e+23,74.0,1,49,50,180,13107,52429,0,0,0.0,0.0,0.0,0.0,-0.0,67.0,0.0,162057.094,0.0,751,0,739,0,0,0,721,0,767,0,736,0,742,0,742,0,712,0,7520,0.032,108447924224.0,0.0,0.0,784,16797,-0.0,162057.094,-114818.039,-0.0,0.133,6.909358625270745e+28,30.0,65.0,35,0.0,0.0,0.0,0.0,0.0,0.0,0.0,0.0,0.0,0.0,0.0,0.0,0.0,0.0,0.0,0.0,69.2,0,150,71,55,65476,0,300,0,1,8,20529,65476,0,0,40632,65.0,0.0,0.0,0.0,0.0,0.0
2026-09-04T20:17:51,ERR,ERR,ERR,ERR,ERR,ERR,ERR,ERR,ERR,ERR,ERR,ERR,ERR,ERR,ERR,ERR,ERR,ERR,ERR,ERR,ERR,ERR,ERR,ERR,ERR,ERR,ERR,ERR,ERR,ERR,ERR,ERR,ERR,ERR,ERR,ERR,ERR,ERR,ERR,ERR,ERR,ERR,ERR,ERR,ERR,ERR,ERR,ERR,ERR,ERR,ERR,ERR,ERR,ERR,ERR,ERR,ERR,ERR,ERR,ERR,ERR,ERR,ERR,ERR,ERR,ERR,ERR,ERR,ERR,ERR,ERR,ERR,ERR,ERR,ERR,ERR,ERR,ERR,ERR,ERR,ERR,ERR,ERR,ERR,ERR,ERR,ERR,ERR,ERR,ERR,ERR,ERR,ERR,ERR,ERR,ERR,ERR,ERR,ERR,ERR,ERR,ERR,ERR,ERR,ERR,ERR,ERR,ERR,ERR,ERR,ERR,ERR,ERR,ERR,ERR,ERR,ERR,ERR,ERR,ERR,ERR,ERR,ERR,ERR,ERR,2.718430741444032e+23,2.7184312818759872e+23,0.0,0.0,0.0,1.3936040501711995e+18,7.805,0.0,0,0,4,0,7116,0.0,100,0.0,0.0,0.0,0.0,0.0,0,0,0,0,0.0,0,0,0,0,0,0,0,0,0,0,0,0,0,0,0,0,0,0,0,0,0,0,0,0,0,0,0,0,0,0,0,0,0,31,40,40,71,65476,0,300,0,0,8,21553,0.0,-107605600.0,0.0,0.0,0.0,0.0,0.0,0.0,0.0,0.0,0.0,0.0,0.0,0.0,0.0,0.0,0.0,0.0,0.0,0.0,0.0,0.0,0.0,-2.004,-2.004,0.0,0.0,0.0,0.0,0.0,6268.0,0.0,6915.0,2.718430741444032e+23,2.7184312818759872e+23,-0.0,2.718430741444032e+23,0.0,0.0,0.0,0.0,69,126841176064.0,-0.0,0.0,0.0,0.0,0.0,0.0,0.0,0.0,0,0,0,0.0,0.0,0.0,0.0,0.0,0.0,0.0,0.0,0.0,0.0,0.0,0.0,0.0,0.0,0.0,0.0,0,-107875648.0,69,0.0,138,0.0,-109447200.0,0,13107,17040,26215,17049,13107,17043,0,0,0,70,68,100,2.7302359370752657e+23,71.2,2.7302370179391762e+23,74.2,2.7302370179391762e+23,74.0,1,49,50,180,13107,52429,0,0,0.0,0.0,0.0,0.0,-0.0,67.0,0.0,162057.094,0.0,751,0,739,0,0,0,721,0,767,0,736,0,742,0,742,0,712,0,7520,0.032,108447924224.0,0.0,0.0,784,16797,-0.0,162057.094,-114818.039,-0.0,0.133,6.909358625270745e+28,30.0,65.0,35,0.0,0.0,0.0,0.0,0.0,0.0,0.0,0.0,0.0,0.0,0.0,0.0,0.0,0.0,0.0,0.0,69.2,0,150,71,55,65476,0,300,0,1,8,20529,65476,0,0,40632,65.0,0.0,0.0,0.0,0.0,0.0
2026-09-04T20:17:52,ERR,ERR,ERR,ERR,ERR,ERR,ERR,ERR,ERR,ERR,ERR,ERR,ERR,ERR,ERR,ERR,ERR,ERR,ERR,ERR,ERR,ERR,ERR,ERR,ERR,ERR,ERR,ERR,ERR,ERR,ERR,ERR,ERR,ERR,ERR,ERR,ERR,ERR,ERR,ERR,ERR,ERR,ERR,ERR,ERR,ERR,ERR,ERR,ERR,ERR,ERR,ERR,ERR,ERR,ERR,ERR,ERR,ERR,ERR,ERR,ERR,ERR,ERR,ERR,ERR,ERR,ERR,ERR,ERR,ERR,ERR,ERR,ERR,ERR,ERR,ERR,ERR,ERR,ERR,ERR,ERR,ERR,ERR,ERR,ERR,ERR,ERR,ERR,ERR,ERR,ERR,ERR,ERR,ERR,ERR,ERR,ERR,ERR,ERR,ERR,ERR,ERR,ERR,ERR,ERR,ERR,ERR,ERR,ERR,ERR,ERR,ERR,ERR,ERR,ERR,ERR,ERR,ERR,ERR,ERR,ERR,ERR,ERR,ERR,ERR,2.718430741444032e+23,2.7184312818759872e+23,0.0,0.0,0.0,1.3936040501711995e+18,7.805,0.0,0,0,4,0,7116,0.0,100,0.0,0.0,0.0,0.0,0.0,0,0,0,0,0.0,0,0,0,0,0,0,0,0,0,0,0,0,0,0,0,0,0,0,0,0,0,0,0,0,0,0,0,0,0,0,0,0,0,31,40,40,71,65476,0,300,0,0,8,21553,0.0,-107605600.0,0.0,0.0,0.0,0.0,0.0,0.0,0.0,0.0,0.0,0.0,0.0,0.0,0.0,0.0,0.0,0.0,0.0,0.0,0.0,0.0,0.0,-2.004,-2.004,0.0,0.0,0.0,0.0,0.0,6268.0,0.0,6915.0,2.718430741444032e+23,2.7184312818759872e+23,-0.0,2.718430741444032e+23,0.0,0.0,0.0,0.0,69,126841176064.0,-0.0,0.0,0.0,0.0,0.0,0.0,0.0,0.0,0,0,0,0.0,0.0,0.0,0.0,0.0,0.0,0.0,0.0,0.0,0.0,0.0,0.0,0.0,0.0,0.0,0.0,0,-107875648.0,69,0.0,138,0.0,-109447200.0,0,13107,17040,26215,17049,13107,17043,0,0,0,70,68,100,2.7302359370752657e+23,71.2,2.7302370179391762e+23,74.2,2.7302370179391762e+23,74.0,1,49,50,180,13107,52429,0,0,0.0,0.0,0.0,0.0,-0.0,67.0,0.0,162057.094,0.0,751,0,739,0,0,0,721,0,767,0,736,0,742,0,742,0,712,0,7520,0.032,108447924224.0,0.0,0.0,784,16797,-0.0,162057.094,-114818.039,-0.0,0.133,6.909358625270745e+28,30.0,65.0,35,0.0,0.0,0.0,0.0,0.0,0.0,0.0,0.0,0.0,0.0,0.0,0.0,0.0,0.0,0.0,0.0,69.2,0,150,71,55,65476,0,300,0,1,8,20529,65476,0,0,40632,65.0,0.0,0.0,0.0,0.0,0.0
2026-09-04T20:17:53,ERR,ERR,ERR,ERR,ERR,ERR,ERR,ERR,ERR,ERR,ERR,ERR,ERR,ERR,ERR,ERR,ERR,ERR,ERR,ERR,ERR,ERR,ERR,ERR,ERR,ERR,ERR,ERR,ERR,ERR,ERR,ERR,ERR,ERR,ERR,ERR,ERR,ERR,ERR,ERR,ERR,ERR,ERR,ERR,ERR,ERR,ERR,ERR,ERR,ERR,ERR,ERR,ERR,ERR,ERR,ERR,ERR,ERR,ERR,ERR,ERR,ERR,ERR,ERR,ERR,ERR,ERR,ERR,ERR,ERR,ERR,ERR,ERR,ERR,ERR,ERR,ERR,ERR,ERR,ERR,ERR,ERR,ERR,ERR,ERR,ERR,ERR,ERR,ERR,ERR,ERR,ERR,ERR,ERR,ERR,ERR,ERR,ERR,ERR,ERR,ERR,ERR,ERR,ERR,ERR,ERR,ERR,ERR,ERR,ERR,ERR,ERR,ERR,ERR,ERR,ERR,ERR,ERR,ERR,ERR,ERR,ERR,ERR,ERR,ERR,2.718430741444032e+23,2.7184312818759872e+23,0.0,0.0,0.0,1.3936040501711995e+18,7.805,0.0,0,0,4,0,7116,0.0,100,0.0,0.0,0.0,0.0,0.0,0,0,0,0,0.0,0,0,0,0,0,0,0,0,0,0,0,0,0,0,0,0,0,0,0,0,0,0,0,0,0,0,0,0,0,0,0,0,0,31,40,40,71,65476,0,300,0,0,8,21553,0.0,-107605600.0,0.0,0.0,0.0,0.0,0.0,0.0,0.0,0.0,0.0,0.0,0.0,0.0,0.0,0.0,0.0,0.0,0.0,0.0,0.0,0.0,0.0,-2.004,-2.004,0.0,0.0,0.0,0.0,0.0,6268.0,0.0,6915.0,2.718430741444032e+23,2.7184312818759872e+23,-0.0,2.718430741444032e+23,0.0,0.0,0.0,0.0,69,126841176064.0,-0.0,0.0,0.0,0.0,0.0,0.0,0.0,0.0,0,0,0,0.0,0.0,0.0,0.0,0.0,0.0,0.0,0.0,0.0,0.0,0.0,0.0,0.0,0.0,0.0,0.0,0,-107875648.0,69,0.0,138,0.0,-109447200.0,0,13107,17040,26215,17049,13107,17043,0,0,0,70,68,100,2.7302359370752657e+23,71.2,2.7302370179391762e+23,74.2,2.7302370179391762e+23,74.0,1,49,50,180,13107,52429,0,0,0.0,0.0,0.0,0.0,-0.0,67.0,0.0,162057.094,0.0,751,0,739,0,0,0,721,0,767,0,736,0,742,0,742,0,712,0,7520,0.032,108447924224.0,0.0,0.0,784,16797,-0.0,162057.094,-114818.039,-0.0,0.133,6.909358625270745e+28,30.0,65.0,35,0.0,0.0,0.0,0.0,0.0,0.0,0.0,0.0,0.0,0.0,0.0,0.0,0.0,0.0,0.0,0.0,69.2,0,150,71,55,65476,0,300,0,1,8,20529,65476,0,0,40632,65.0,0.0,0.0,0.0,0.0,0.0
2026-09-04T20:17:54,ERR,ERR,ERR,ERR,ERR,ERR,ERR,ERR,ERR,ERR,ERR,ERR,ERR,ERR,ERR,ERR,ERR,ERR,ERR,ERR,ERR,ERR,ERR,ERR,ERR,ERR,ERR,ERR,ERR,ERR,ERR,ERR,ERR,ERR,ERR,ERR,ERR,ERR,ERR,ERR,ERR,ERR,ERR,ERR,ERR,ERR,ERR,ERR,ERR,ERR,ERR,ERR,ERR,ERR,ERR,ERR,ERR,ERR,ERR,ERR,ERR,ERR,ERR,ERR,ERR,ERR,ERR,ERR,ERR,ERR,ERR,ERR,ERR,ERR,ERR,ERR,ERR,ERR,ERR,ERR,ERR,ERR,ERR,ERR,ERR,ERR,ERR,ERR,ERR,ERR,ERR,ERR,ERR,ERR,ERR,ERR,ERR,ERR,ERR,ERR,ERR,ERR,ERR,ERR,ERR,ERR,ERR,ERR,ERR,ERR,ERR,ERR,ERR,ERR,ERR,ERR,ERR,ERR,ERR,ERR,ERR,ERR,ERR,ERR,ERR,2.718430741444032e+23,2.7184312818759872e+23,0.0,0.0,0.0,1.3936040501711995e+18,7.805,0.0,0,0,4,0,7116,0.0,100,0.0,0.0,0.0,0.0,0.0,0,0,0,0,0.0,0,0,0,0,0,0,0,0,0,0,0,0,0,0,0,0,0,0,0,0,0,0,0,0,0,0,0,0,0,0,0,0,0,31,40,40,71,65476,0,300,0,0,8,21553,0.0,-107605600.0,0.0,0.0,0.0,0.0,0.0,0.0,0.0,0.0,0.0,0.0,0.0,0.0,0.0,0.0,0.0,0.0,0.0,0.0,0.0,0.0,0.0,-2.004,-2.004,0.0,0.0,0.0,0.0,0.0,6268.0,0.0,6915.0,2.718430741444032e+23,2.7184312818759872e+23,-0.0,2.718430741444032e+23,0.0,0.0,0.0,0.0,69,126841176064.0,-0.0,0.0,0.0,0.0,0.0,0.0,0.0,0.0,0,0,0,0.0,0.0,0.0,0.0,0.0,0.0,0.0,0.0,0.0,0.0,0.0,0.0,0.0,0.0,0.0,0.0,0,-107875648.0,69,0.0,138,0.0,-109447200.0,0,13107,17040,26215,17049,13107,17043,0,0,0,70,68,100,2.7302359370752657e+23,71.2,2.7302370179391762e+23,74.2,2.7302370179391762e+23,74.0,1,49,50,180,13107,52429,0,0,0.0,0.0,0.0,0.0,-0.0,67.0,0.0,162057.094,0.0,751,0,739,0,0,0,721,0,767,0,736,0,742,0,742,0,712,0,7520,0.032,108447924224.0,0.0,0.0,784,16797,-0.0,162057.094,-114818.039,-0.0,0.133,6.909358625270745e+28,30.0,65.0,35,0.0,0.0,0.0,0.0,0.0,0.0,0.0,0.0,0.0,0.0,0.0,0.0,0.0,0.0,0.0,0.0,69.2,0,150,71,55,65476,0,300,0,1,8,20529,65476,0,0,40632,65.0,0.0,0.0,0.0,0.0,0.0
2026-09-04T20:17:55,ERR,ERR,ERR,ERR,ERR,ERR,ERR,ERR,ERR,ERR,ERR,ERR,ERR,ERR,ERR,ERR,ERR,ERR,ERR,ERR,ERR,ERR,ERR,ERR,ERR,ERR,ERR,ERR,ERR,ERR,ERR,ERR,ERR,ERR,ERR,ERR,ERR,ERR,ERR,ERR,ERR,ERR,ERR,ERR,ERR,ERR,ERR,ERR,ERR,ERR,ERR,ERR,ERR,ERR,ERR,ERR,ERR,ERR,ERR,ERR,ERR,ERR,ERR,ERR,ERR,ERR,ERR,ERR,ERR,ERR,ERR,ERR,ERR,ERR,ERR,ERR,ERR,ERR,ERR,ERR,ERR,ERR,ERR,ERR,ERR,ERR,ERR,ERR,ERR,ERR,ERR,ERR,ERR,ERR,ERR,ERR,ERR,ERR,ERR,ERR,ERR,ERR,ERR,ERR,ERR,ERR,ERR,ERR,ERR,ERR,ERR,ERR,ERR,ERR,ERR,ERR,ERR,ERR,ERR,ERR,ERR,ERR,ERR,ERR,ERR,2.718430741444032e+23,2.7184312818759872e+23,0.0,0.0,0.0,1.3936040501711995e+18,7.805,0.0,0,0,4,0,7116,0.0,100,0.0,0.0,0.0,0.0,0.0,0,0,0,0,0.0,0,0,0,0,0,0,0,0,0,0,0,0,0,0,0,0,0,0,0,0,0,0,0,0,0,0,0,0,0,0,0,0,0,31,40,40,71,65476,0,300,0,0,8,21553,0.0,-107605600.0,0.0,0.0,0.0,0.0,0.0,0.0,0.0,0.0,0.0,0.0,0.0,0.0,0.0,0.0,0.0,0.0,0.0,0.0,0.0,0.0,0.0,-2.004,-2.004,0.0,0.0,0.0,0.0,0.0,6270.0,-0.0,6930.0,2.718430741444032e+23,2.7184312818759872e+23,-0.0,2.718430741444032e+23,0.0,0.0,0.0,0.0,69,126841176064.0,-0.0,0.0,0.0,0.0,0.0,0.0,0.0,0.0,0,0,0,0.0,0.0,0.0,0.0,0.0,0.0,0.0,0.0,0.0,0.0,0.0,0.0,0.0,0.0,0.0,0.0,0,-107875648.0,69,0.0,138,0.0,-109447200.0,0,13107,17040,26215,17049,13107,17043,0,0,0,70,68,100,2.7302359370752657e+23,71.2,2.7302370179391762e+23,74.2,2.7302370179391762e+23,74.0,1,49,50,180,13107,52429,0,0,0.0,0.0,0.0,0.0,-0.0,67.0,0.0,162057.094,0.0,751,0,739,0,0,0,721,0,767,0,736,0,742,0,742,0,712,0,7520,0.032,108447924224.0,0.0,0.0,784,16797,-0.0,162057.094,-114818.039,-0.0,0.133,6.909358625270745e+28,30.0,65.0,35,0.0,0.0,0.0,0.0,0.0,0.0,0.0,0.0,0.0,0.0,0.0,0.0,0.0,0.0,0.0,0.0,69.2,0,150,71,55,65476,0,300,0,1,8,20529,65476,0,0,40632,65.0,0.0,0.0,0.0,0.0,0.0
2026-09-04T20:17:56,ERR,ERR,ERR,ERR,ERR,ERR,ERR,ERR,ERR,ERR,ERR,ERR,ERR,ERR,ERR,ERR,ERR,ERR,ERR,ERR,ERR,ERR,ERR,ERR,ERR,ERR,ERR,ERR,ERR,ERR,ERR,ERR,ERR,ERR,ERR,ERR,ERR,ERR,ERR,ERR,ERR,ERR,ERR,ERR,ERR,ERR,ERR,ERR,ERR,ERR,ERR,ERR,ERR,ERR,ERR,ERR,ERR,ERR,ERR,ERR,ERR,ERR,ERR,ERR,ERR,ERR,ERR,ERR,ERR,ERR,ERR,ERR,ERR,ERR,ERR,ERR,ERR,ERR,ERR,ERR,ERR,ERR,ERR,ERR,ERR,ERR,ERR,ERR,ERR,ERR,ERR,ERR,ERR,ERR,ERR,ERR,ERR,ERR,ERR,ERR,ERR,ERR,ERR,ERR,ERR,ERR,ERR,ERR,ERR,ERR,ERR,ERR,ERR,ERR,ERR,ERR,ERR,ERR,ERR,ERR,ERR,ERR,ERR,ERR,ERR,2.718430741444032e+23,2.7184312818759872e+23,0.0,0.0,0.0,1.3936040501711995e+18,7.805,0.0,0,0,4,0,7116,0.0,100,0.0,0.0,0.0,0.0,0.0,0,0,0,0,0.0,0,0,0,0,0,0,0,0,0,0,0,0,0,0,0,0,0,0,0,0,0,0,0,0,0,0,0,0,0,0,0,0,0,31,40,40,71,65476,0,300,0,0,8,21553,0.0,-107605600.0,0.0,0.0,0.0,0.0,0.0,0.0,0.0,0.0,0.0,0.0,0.0,0.0,0.0,0.0,0.0,0.0,0.0,0.0,0.0,0.0,0.0,-2.004,-2.004,0.0,0.0,0.0,0.0,0.0,6270.0,-0.0,6930.0,2.718430741444032e+23,2.7184312818759872e+23,-0.0,2.718430741444032e+23,0.0,0.0,0.0,0.0,69,126841176064.0,-0.0,0.0,0.0,0.0,0.0,0.0,0.0,0.0,0,0,0,0.0,0.0,0.0,0.0,0.0,0.0,0.0,0.0,0.0,0.0,0.0,0.0,0.0,0.0,0.0,0.0,0,-107875648.0,69,0.0,138,0.0,-109447200.0,0,13107,17040,26215,17049,13107,17043,0,0,0,70,68,100,2.7302359370752657e+23,71.2,2.7302370179391762e+23,74.2,2.7302370179391762e+23,74.0,1,49,50,180,13107,52429,0,0,0.0,0.0,0.0,0.0,-0.0,67.0,0.0,162057.094,0.0,751,0,739,0,0,0,721,0,767,0,736,0,742,0,742,0,712,0,7520,0.032,108447924224.0,0.0,0.0,784,16797,-0.0,162057.094,-114818.039,-0.0,0.133,6.909358625270745e+28,30.0,65.0,35,0.0,0.0,0.0,0.0,0.0,0.0,0.0,0.0,0.0,0.0,0.0,0.0,0.0,0.0,0.0,0.0,69.6,0,150,71,55,65476,0,300,0,1,8,20529,65476,0,0,40632,65.0,0.0,0.0,0.0,0.0,0.0
2026-09-04T20:17:57,ERR,ERR,ERR,ERR,ERR,ERR,ERR,ERR,ERR,ERR,ERR,ERR,ERR,ERR,ERR,ERR,ERR,ERR,ERR,ERR,ERR,ERR,ERR,ERR,ERR,ERR,ERR,ERR,ERR,ERR,ERR,ERR,ERR,ERR,ERR,ERR,ERR,ERR,ERR,ERR,ERR,ERR,ERR,ERR,ERR,ERR,ERR,ERR,ERR,ERR,ERR,ERR,ERR,ERR,ERR,ERR,ERR,ERR,ERR,ERR,ERR,ERR,ERR,ERR,ERR,ERR,ERR,ERR,ERR,ERR,ERR,ERR,ERR,ERR,ERR,ERR,ERR,ERR,ERR,ERR,ERR,ERR,ERR,ERR,ERR,ERR,ERR,ERR,ERR,ERR,ERR,ERR,ERR,ERR,ERR,ERR,ERR,ERR,ERR,ERR,ERR,ERR,ERR,ERR,ERR,ERR,ERR,ERR,ERR,ERR,ERR,ERR,ERR,ERR,ERR,ERR,ERR,ERR,ERR,ERR,ERR,ERR,ERR,ERR,ERR,2.718430741444032e+23,2.7184312818759872e+23,0.0,0.0,0.0,1.3936040501711995e+18,7.805,0.0,0,0,4,0,7116,0.0,100,0.0,0.0,0.0,0.0,0.0,0,0,0,0,0.0,0,0,0,0,0,0,0,0,0,0,0,0,0,0,0,0,0,0,0,0,0,0,0,0,0,0,0,0,0,0,0,0,0,31,40,40,71,65476,0,300,0,0,8,21553,0.0,-107605600.0,0.0,0.0,0.0,0.0,0.0,0.0,0.0,0.0,0.0,0.0,0.0,0.0,0.0,0.0,0.0,0.0,0.0,0.0,0.0,0.0,0.0,-2.004,-2.004,0.0,0.0,0.0,0.0,0.0,6270.0,-0.0,6930.0,2.718430741444032e+23,2.7184312818759872e+23,-0.0,2.718430741444032e+23,0.0,0.0,0.0,0.0,69,126841176064.0,-0.0,0.0,0.0,0.0,0.0,0.0,0.0,0.0,0,0,0,0.0,0.0,0.0,0.0,0.0,0.0,0.0,0.0,0.0,0.0,0.0,0.0,0.0,0.0,0.0,0.0,0,-107875648.0,69,0.0,138,0.0,-109447200.0,0,13107,17040,26215,17049,13107,17043,0,0,0,70,68,100,2.7302359370752657e+23,71.2,2.7302370179391762e+23,74.2,2.7302370179391762e+23,74.0,1,49,50,180,13107,52429,0,0,0.0,0.0,0.0,0.0,-0.0,67.0,0.0,162057.094,0.0,751,0,739,0,0,0,721,0,767,0,736,0,742,0,742,0,712,0,7520,0.032,108447924224.0,0.0,0.0,784,16797,-0.0,162057.094,-114818.039,-0.0,0.133,6.909358625270745e+28,30.0,65.0,35,0.0,0.0,0.0,0.0,0.0,0.0,0.0,0.0,0.0,0.0,0.0,0.0,0.0,0.0,0.0,0.0,69.6,0,150,71,55,65476,0,300,0,1,8,20529,65476,0,0,40632,65.0,0.0,0.0,0.0,0.0,0.0
2026-09-04T20:17:58,ERR,ERR,ERR,ERR,ERR,ERR,ERR,ERR,ERR,ERR,ERR,ERR,ERR,ERR,ERR,ERR,ERR,ERR,ERR,ERR,ERR,ERR,ERR,ERR,ERR,ERR,ERR,ERR,ERR,ERR,ERR,ERR,ERR,ERR,ERR,ERR,ERR,ERR,ERR,ERR,ERR,ERR,ERR,ERR,ERR,ERR,ERR,ERR,ERR,ERR,ERR,ERR,ERR,ERR,ERR,ERR,ERR,ERR,ERR,ERR,ERR,ERR,ERR,ERR,ERR,ERR,ERR,ERR,ERR,ERR,ERR,ERR,ERR,ERR,ERR,ERR,ERR,ERR,ERR,ERR,ERR,ERR,ERR,ERR,ERR,ERR,ERR,ERR,ERR,ERR,ERR,ERR,ERR,ERR,ERR,ERR,ERR,ERR,ERR,ERR,ERR,ERR,ERR,ERR,ERR,ERR,ERR,ERR,ERR,ERR,ERR,ERR,ERR,ERR,ERR,ERR,ERR,ERR,ERR,ERR,ERR,ERR,ERR,ERR,ERR,2.718430741444032e+23,2.7184312818759872e+23,0.0,0.0,0.0,1.3936040501711995e+18,7.805,0.0,0,0,4,0,7116,0.0,100,0.0,0.0,0.0,0.0,0.0,0,0,0,0,0.0,0,0,0,0,0,0,0,0,0,0,0,0,0,0,0,0,0,0,0,0,0,0,0,0,0,0,0,0,0,0,0,0,0,31,40,40,71,65476,0,300,0,0,8,21553,0.0,-107605600.0,0.0,0.0,0.0,0.0,0.0,0.0,0.0,0.0,0.0,0.0,0.0,0.0,0.0,0.0,0.0,0.0,0.0,0.0,0.0,0.0,0.0,-2.004,-2.004,0.0,0.0,0.0,0.0,0.0,6270.0,-0.0,6930.0,2.718430741444032e+23,2.7184312818759872e+23,-0.0,2.718430741444032e+23,0.0,0.0,0.0,0.0,69,126841176064.0,-0.0,0.0,0.0,0.0,0.0,0.0,0.0,0.0,0,0,0,0.0,0.0,0.0,0.0,0.0,0.0,0.0,0.0,0.0,0.0,0.0,0.0,0.0,0.0,0.0,0.0,0,-107875648.0,69,0.0,138,0.0,-109447200.0,0,13107,17040,26215,17049,13107,17043,0,0,0,70,68,100,2.7302359370752657e+23,71.2,2.7302370179391762e+23,74.2,2.7302370179391762e+23,74.0,1,49,50,180,13107,52429,0,0,0.0,0.0,0.0,0.0,-0.0,67.0,0.0,162057.094,0.0,751,0,739,0,0,0,721,0,767,0,736,0,742,0,742,0,712,0,7520,0.032,108447924224.0,0.0,0.0,784,16797,-0.0,162057.094,-114818.039,-0.0,0.133,6.909358625270745e+28,30.0,65.0,35,0.0,0.0,0.0,0.0,0.0,0.0,0.0,0.0,0.0,0.0,0.0,0.0,0.0,0.0,0.0,0.0,69.6,0,150,71,55,65476,0,300,0,1,8,20529,65476,0,0,40632,65.0,0.0,0.0,0.0,0.0,0.0
2026-09-04T20:17:59,ERR,ERR,ERR,ERR,ERR,ERR,ERR,ERR,ERR,ERR,ERR,ERR,ERR,ERR,ERR,ERR,ERR,ERR,ERR,ERR,ERR,ERR,ERR,ERR,ERR,ERR,ERR,ERR,ERR,ERR,ERR,ERR,ERR,ERR,ERR,ERR,ERR,ERR,ERR,ERR,ERR,ERR,ERR,ERR,ERR,ERR,ERR,ERR,ERR,ERR,ERR,ERR,ERR,ERR,ERR,ERR,ERR,ERR,ERR,ERR,ERR,ERR,ERR,ERR,ERR,ERR,ERR,ERR,ERR,ERR,ERR,ERR,ERR,ERR,ERR,ERR,ERR,ERR,ERR,ERR,ERR,ERR,ERR,ERR,ERR,ERR,ERR,ERR,ERR,ERR,ERR,ERR,ERR,ERR,ERR,ERR,ERR,ERR,ERR,ERR,ERR,ERR,ERR,ERR,ERR,ERR,ERR,ERR,ERR,ERR,ERR,ERR,ERR,ERR,ERR,ERR,ERR,ERR,ERR,ERR,ERR,ERR,ERR,ERR,ERR,2.718430741444032e+23,2.7184312818759872e+23,0.0,0.0,0.0,1.3936040501711995e+18,7.805,0.0,0,0,4,0,7116,0.0,100,0.0,0.0,0.0,0.0,0.0,0,0,0,0,0.0,0,0,0,0,0,0,0,0,0,0,0,0,0,0,0,0,0,0,0,0,0,0,0,0,0,0,0,0,0,0,0,0,0,31,40,40,71,65476,0,300,0,0,8,21553,0.0,-107605600.0,0.0,0.0,0.0,0.0,0.0,0.0,0.0,0.0,0.0,0.0,0.0,0.0,0.0,0.0,0.0,0.0,0.0,0.0,0.0,0.0,0.0,-2.004,-2.004,0.0,0.0,0.0,0.0,0.0,6270.0,-0.0,6930.0,2.718430741444032e+23,2.7184312818759872e+23,-0.0,2.718430741444032e+23,0.0,0.0,0.0,0.0,69,126841176064.0,-0.0,0.0,0.0,0.0,0.0,0.0,0.0,0.0,0,0,0,0.0,0.0,0.0,0.0,0.0,0.0,0.0,0.0,0.0,0.0,0.0,0.0,0.0,0.0,0.0,0.0,0,-107875648.0,69,0.0,138,0.0,-109447200.0,0,13107,17040,26215,17049,13107,17043,0,0,0,70,68,100,2.7302359370752657e+23,71.2,2.7302370179391762e+23,74.2,2.7302370179391762e+23,74.0,1,49,50,180,13107,52429,0,0,0.0,0.0,0.0,0.0,-0.0,67.0,0.0,162057.094,0.0,751,0,739,0,0,0,721,0,767,0,736,0,742,0,742,0,712,0,7520,0.032,108447924224.0,0.0,0.0,784,16797,-0.0,162057.094,-114818.039,-0.0,0.133,6.909358625270745e+28,30.0,65.0,35,0.0,0.0,0.0,0.0,0.0,0.0,0.0,0.0,0.0,0.0,0.0,0.0,0.0,0.0,0.0,0.0,69.2,0,150,71,55,65476,0,300,0,1,8,20529,65476,0,0,40632,65.0,0.0,0.0,0.0,0.0,0.0
2026-09-04T20:18:00,ERR,ERR,ERR,ERR,ERR,ERR,ERR,ERR,ERR,ERR,ERR,ERR,ERR,ERR,ERR,ERR,ERR,ERR,ERR,ERR,ERR,ERR,ERR,ERR,ERR,ERR,ERR,ERR,ERR,ERR,ERR,ERR,ERR,ERR,ERR,ERR,ERR,ERR,ERR,ERR,ERR,ERR,ERR,ERR,ERR,ERR,ERR,ERR,ERR,ERR,ERR,ERR,ERR,ERR,ERR,ERR,ERR,ERR,ERR,ERR,ERR,ERR,ERR,ERR,ERR,ERR,ERR,ERR,ERR,ERR,ERR,ERR,ERR,ERR,ERR,ERR,ERR,ERR,ERR,ERR,ERR,ERR,ERR,ERR,ERR,ERR,ERR,ERR,ERR,ERR,ERR,ERR,ERR,ERR,ERR,ERR,ERR,ERR,ERR,ERR,ERR,ERR,ERR,ERR,ERR,ERR,ERR,ERR,ERR,ERR,ERR,ERR,ERR,ERR,ERR,ERR,ERR,ERR,ERR,ERR,ERR,ERR,ERR,ERR,ERR,2.718430741444032e+23,2.7184312818759872e+23,0.0,0.0,0.0,1.3936040501711995e+18,7.805,0.0,0,0,4,0,7116,0.0,100,0.0,0.0,0.0,0.0,0.0,0,0,0,0,0.0,0,0,0,0,0,0,0,0,0,0,0,0,0,0,0,0,0,0,0,0,0,0,0,0,0,0,0,0,0,0,0,0,0,31,40,40,71,65476,0,300,0,0,8,21553,0.0,-107605600.0,0.0,0.0,0.0,0.0,0.0,0.0,0.0,0.0,0.0,0.0,0.0,0.0,0.0,0.0,0.0,0.0,0.0,0.0,0.0,0.0,0.0,-2.004,-2.004,0.0,0.0,0.0,0.0,0.0,6270.0,-0.0,6930.0,2.718430741444032e+23,2.7184312818759872e+23,-0.0,2.718430741444032e+23,0.0,0.0,0.0,0.0,69,126841176064.0,-0.0,0.0,0.0,0.0,0.0,0.0,0.0,0.0,0,0,0,0.0,0.0,0.0,0.0,0.0,0.0,0.0,0.0,0.0,0.0,0.0,0.0,0.0,0.0,0.0,0.0,0,-107875648.0,69,0.0,138,0.0,-109447200.0,0,13107,17040,26215,17049,13107,17043,0,0,0,70,68,100,2.7302359370752657e+23,71.2,2.7302370179391762e+23,74.2,2.7302370179391762e+23,74.0,1,49,50,180,13107,52429,0,0,0.0,0.0,0.0,0.0,-0.0,67.0,0.0,162057.094,0.0,751,0,739,0,0,0,721,0,767,0,736,0,742,0,742,0,712,0,7520,0.032,108447924224.0,0.0,0.0,784,16797,-0.0,162057.094,-114818.039,-0.0,0.133,6.909358625270745e+28,30.0,65.0,35,0.0,0.0,0.0,0.0,0.0,0.0,0.0,0.0,0.0,0.0,0.0,0.0,0.0,0.0,0.0,0.0,69.2,0,150,71,55,65476,0,300,0,1,8,20529,65476,0,0,40632,65.0,0.0,0.0,0.0,0.0,0.0
2026-09-04T20:18:01,ERR,ERR,ERR,ERR,ERR,ERR,ERR,ERR,ERR,ERR,ERR,ERR,ERR,ERR,ERR,ERR,ERR,ERR,ERR,ERR,ERR,ERR,ERR,ERR,ERR,ERR,ERR,ERR,ERR,ERR,ERR,ERR,ERR,ERR,ERR,ERR,ERR,ERR,ERR,ERR,ERR,ERR,ERR,ERR,ERR,ERR,ERR,ERR,ERR,ERR,ERR,ERR,ERR,ERR,ERR,ERR,ERR,ERR,ERR,ERR,ERR,ERR,ERR,ERR,ERR,ERR,ERR,ERR,ERR,ERR,ERR,ERR,ERR,ERR,ERR,ERR,ERR,ERR,ERR,ERR,ERR,ERR,ERR,ERR,ERR,ERR,ERR,ERR,ERR,ERR,ERR,ERR,ERR,ERR,ERR,ERR,ERR,ERR,ERR,ERR,ERR,ERR,ERR,ERR,ERR,ERR,ERR,ERR,ERR,ERR,ERR,ERR,ERR,ERR,ERR,ERR,ERR,ERR,ERR,ERR,ERR,ERR,ERR,ERR,ERR,2.718430741444032e+23,2.7184312818759872e+23,0.0,0.0,0.0,1.3936040501711995e+18,7.805,0.0,0,0,4,0,7116,0.0,100,0.0,0.0,0.0,0.0,0.0,0,0,0,0,0.0,0,0,0,0,0,0,0,0,0,0,0,0,0,0,0,0,0,0,0,0,0,0,0,0,0,0,0,0,0,0,0,0,0,31,40,40,71,65476,0,300,0,0,8,21553,0.0,-107605600.0,0.0,0.0,0.0,0.0,0.0,0.0,0.0,0.0,0.0,0.0,0.0,0.0,0.0,0.0,0.0,0.0,0.0,0.0,0.0,0.0,0.0,-2.004,-2.004,0.0,0.0,0.0,0.0,0.0,6270.0,-0.0,6930.0,2.718430741444032e+23,2.7184312818759872e+23,-0.0,2.718430741444032e+23,0.0,0.0,0.0,0.0,69,126841176064.0,-0.0,0.0,0.0,0.0,0.0,0.0,0.0,0.0,0,0,0,0.0,0.0,0.0,0.0,0.0,0.0,0.0,0.0,0.0,0.0,0.0,0.0,0.0,0.0,0.0,0.0,0,-107875648.0,69,0.0,138,0.0,-109447200.0,0,13107,17040,26215,17049,13107,17043,0,0,0,70,68,100,2.7302359370752657e+23,71.2,2.7302370179391762e+23,74.2,2.7302370179391762e+23,74.0,1,49,50,180,13107,52429,0,0,0.0,0.0,0.0,0.0,-0.0,67.0,0.0,162057.094,0.0,751,0,739,0,0,0,721,0,767,0,736,0,742,0,741,0,712,0,7520,0.032,92341796864.0,0.0,0.0,784,16797,-0.0,162057.094,-114818.039,-0.0,0.133,6.909358625270745e+28,30.0,65.0,35,0.0,0.0,0.0,0.0,0.0,0.0,0.0,0.0,0.0,0.0,0.0,0.0,0.0,0.0,0.0,0.0,69.2,0,150,71,55,65476,0,300,0,1,8,20529,65476,0,0,40632,65.0,0.0,0.0,0.0,0.0,0.0
2026-09-04T20:18:02,ERR,ERR,ERR,ERR,ERR,ERR,ERR,ERR,ERR,ERR,ERR,ERR,ERR,ERR,ERR,ERR,ERR,ERR,ERR,ERR,ERR,ERR,ERR,ERR,ERR,ERR,ERR,ERR,ERR,ERR,ERR,ERR,ERR,ERR,ERR,ERR,ERR,ERR,ERR,ERR,ERR,ERR,ERR,ERR,ERR,ERR,ERR,ERR,ERR,ERR,ERR,ERR,ERR,ERR,ERR,ERR,ERR,ERR,ERR,ERR,ERR,ERR,ERR,ERR,ERR,ERR,ERR,ERR,ERR,ERR,ERR,ERR,ERR,ERR,ERR,ERR,ERR,ERR,ERR,ERR,ERR,ERR,ERR,ERR,ERR,ERR,ERR,ERR,ERR,ERR,ERR,ERR,ERR,ERR,ERR,ERR,ERR,ERR,ERR,ERR,ERR,ERR,ERR,ERR,ERR,ERR,ERR,ERR,ERR,ERR,ERR,ERR,ERR,ERR,ERR,ERR,ERR,ERR,ERR,ERR,ERR,ERR,ERR,ERR,ERR,2.718430741444032e+23,2.7184312818759872e+23,0.0,0.0,0.0,1.3936040501711995e+18,7.805,0.0,0,0,4,0,7116,0.0,100,0.0,0.0,0.0,0.0,0.0,0,0,0,0,0.0,0,0,0,0,0,0,0,0,0,0,0,0,0,0,0,0,0,0,0,0,0,0,0,0,0,0,0,0,0,0,0,0,0,31,40,40,71,65476,0,300,0,0,8,21553,0.0,-107605600.0,0.0,0.0,0.0,0.0,0.0,0.0,0.0,0.0,0.0,0.0,0.0,0.0,0.0,0.0,0.0,0.0,0.0,0.0,0.0,0.0,0.0,-2.004,-2.004,0.0,0.0,0.0,0.0,0.0,6270.0,-0.0,6930.0,2.718430741444032e+23,2.7184312818759872e+23,-0.0,2.718430741444032e+23,0.0,0.0,0.0,0.0,69,126841176064.0,-0.0,0.0,0.0,0.0,0.0,0.0,0.0,0.0,0,0,0,0.0,0.0,0.0,0.0,0.0,0.0,0.0,0.0,0.0,0.0,0.0,0.0,0.0,0.0,0.0,0.0,0,-107875648.0,69,0.0,138,0.0,-109447200.0,0,13107,17040,26215,17049,13107,17043,0,0,0,70,68,100,2.7302359370752657e+23,71.2,2.7302370179391762e+23,74.2,2.7302370179391762e+23,74.0,1,49,50,180,13107,52429,0,0,0.0,0.0,0.0,0.0,-0.0,67.0,0.0,162057.094,0.0,751,0,739,0,0,0,721,0,767,0,736,0,742,0,741,0,712,0,7520,0.032,92341796864.0,0.0,0.0,784,16797,-0.0,162057.094,-114818.039,-0.0,0.133,6.909358625270745e+28,30.0,65.0,35,0.0,0.0,0.0,0.0,0.0,0.0,0.0,0.0,0.0,0.0,0.0,0.0,0.0,0.0,0.0,0.0,69.2,0,150,71,55,65476,0,300,0,1,8,20529,65476,0,0,40632,65.0,0.0,0.0,0.0,0.0,0.0
2026-09-04T20:18:03,ERR,ERR,ERR,ERR,ERR,ERR,ERR,ERR,ERR,ERR,ERR,ERR,ERR,ERR,ERR,ERR,ERR,ERR,ERR,ERR,ERR,ERR,ERR,ERR,ERR,ERR,ERR,ERR,ERR,ERR,ERR,ERR,ERR,ERR,ERR,ERR,ERR,ERR,ERR,ERR,ERR,ERR,ERR,ERR,ERR,ERR,ERR,ERR,ERR,ERR,ERR,ERR,ERR,ERR,ERR,ERR,ERR,ERR,ERR,ERR,ERR,ERR,ERR,ERR,ERR,ERR,ERR,ERR,ERR,ERR,ERR,ERR,ERR,ERR,ERR,ERR,ERR,ERR,ERR,ERR,ERR,ERR,ERR,ERR,ERR,ERR,ERR,ERR,ERR,ERR,ERR,ERR,ERR,ERR,ERR,ERR,ERR,ERR,ERR,ERR,ERR,ERR,ERR,ERR,ERR,ERR,ERR,ERR,ERR,ERR,ERR,ERR,ERR,ERR,ERR,ERR,ERR,ERR,ERR,ERR,ERR,ERR,ERR,ERR,ERR,0.0,2.7184312818759872e+23,-100793952.0,0.0,0.0,1.3936040501711995e+18,7.805,0.0,0,0,4,0,7116,0.0,100,0.0,0.0,0.0,0.0,0.0,0,0,0,0,0.0,0,0,0,0,0,0,0,0,0,0,0,0,0,0,0,0,0,0,0,0,0,0,0,0,0,0,0,0,0,0,0,0,0,31,40,40,71,65476,0,300,0,0,8,21553,0.0,-107605600.0,0.0,0.0,0.0,0.0,0.0,0.0,0.0,0.0,0.0,0.0,0.0,0.0,-2.596148429267414e+33,0.0,0.0,0.0,0.0,0.0,0.0,0.0,0.0,-2.004,-2.004,0.0,0.0,0.0,0.0,0.0,6302.0,1.587936908900649e+29,6926.0,2.718430741444032e+23,2.7184312818759872e+23,-0.0,2.718430741444032e+23,0.0,0.0,0.0,0.0,69,1.9056993230651392e+17,4.066872925269804e+29,0.0,0.0,0.0,0.0,0.0,0.0,0.0,0,0,0,0.0,0.0,0.0,0.0,0.0,0.0,0.0,0.0,0.0,0.0,0.0,0.0,0.0,0.0,0.0,0.0,0,-107875648.0,69,0.0,138,0.0,-109447200.0,0,13107,17040,26215,17049,13107,17043,0,0,0,70,68,100,2.7302359370752657e+23,71.2,2.7302370179391762e+23,74.2,2.7302370179391762e+23,74.0,1,49,50,180,13107,52429,0,0,0.0,0.0,0.0,0.0,-0.0,67.0,0.0,162057.094,0.0,751,0,739,0,0,0,721,0,767,0,736,0,742,0,741,0,712,0,7520,0.032,92341796864.0,0.0,0.0,784,16797,-0.0,162057.094,-114818.039,-0.0,0.133,6.909358625270745e+28,30.0,65.0,35,0.0,0.0,0.0,0.0,0.0,0.0,0.0,0.0,0.0,0.0,0.0,0.0,0.0,0.0,0.0,0.0,69.2,0,150,71,55,65476,0,300,0,1,8,20529,65476,0,0,40632,65.0,0.0,0.0,0.0,0.0,0.0
2026-09-04T20:18:04,ERR,ERR,ERR,ERR,ERR,ERR,ERR,ERR,ERR,ERR,ERR,ERR,ERR,ERR,ERR,ERR,ERR,ERR,ERR,ERR,ERR,ERR,ERR,ERR,ERR,ERR,ERR,ERR,ERR,ERR,ERR,ERR,ERR,ERR,ERR,ERR,ERR,ERR,ERR,ERR,ERR,ERR,ERR,ERR,ERR,ERR,ERR,ERR,ERR,ERR,ERR,ERR,ERR,ERR,ERR,ERR,ERR,ERR,ERR,ERR,ERR,ERR,ERR,ERR,ERR,ERR,ERR,ERR,ERR,ERR,ERR,ERR,ERR,ERR,ERR,ERR,ERR,ERR,ERR,ERR,ERR,ERR,ERR,ERR,ERR,ERR,ERR,ERR,ERR,ERR,ERR,ERR,ERR,ERR,ERR,ERR,ERR,ERR,ERR,ERR,ERR,ERR,ERR,ERR,ERR,ERR,ERR,ERR,ERR,ERR,ERR,ERR,ERR,ERR,ERR,ERR,ERR,ERR,ERR,ERR,ERR,ERR,ERR,ERR,ERR,0.0,2.7184312818759872e+23,-100793952.0,0.0,0.0,1.3936040501711995e+18,7.805,0.0,0,0,4,0,7116,0.0,100,0.0,0.0,0.0,0.0,0.0,0,0,0,0,0.0,0,0,0,0,0,0,0,0,0,0,0,0,0,0,0,0,0,0,0,0,0,0,0,0,0,0,0,0,0,0,0,0,0,31,40,40,71,65476,0,300,0,0,8,21553,0.0,-107605600.0,0.0,0.0,0.0,0.0,0.0,0.0,0.0,0.0,0.0,0.0,0.0,0.0,-2.596148429267414e+33,0.0,0.0,0.0,0.0,0.0,0.0,0.0,0.0,-2.004,-2.004,0.0,0.0,0.0,0.0,0.0,6302.0,1.587936908900649e+29,6926.0,2.718430741444032e+23,2.7184312818759872e+23,-0.0,2.718430741444032e+23,0.0,0.0,0.0,0.0,69,1.9056993230651392e+17,4.066872925269804e+29,0.0,0.0,0.0,0.0,0.0,0.0,0.0,0,0,0,0.0,0.0,0.0,0.0,0.0,0.0,0.0,0.0,0.0,0.0,0.0,0.0,0.0,0.0,0.0,0.0,0,-107875648.0,69,0.0,138,0.0,-109447200.0,0,13107,17040,26215,17049,13107,17043,0,0,0,70,68,100,2.7302359370752657e+23,71.2,2.7302370179391762e+23,74.2,2.7302370179391762e+23,74.0,1,49,50,180,13107,52429,0,0,0.0,0.0,0.0,0.0,-0.0,67.0,0.0,162057.094,0.0,751,0,739,0,0,0,721,0,767,0,736,0,742,0,741,0,712,0,7520,0.032,92341796864.0,0.0,0.0,784,16797,-0.0,162057.094,-114818.039,-0.0,0.133,6.909358625270745e+28,30.0,65.0,35,0.0,0.0,0.0,0.0,0.0,0.0,0.0,0.0,0.0,0.0,0.0,0.0,0.0,0.0,0.0,0.0,69.2,0,150,71,55,65476,0,300,0,1,8,20529,65476,0,0,40632,65.0,0.0,0.0,0.0,0.0,0.0
2026-09-04T20:18:05,ERR,ERR,ERR,ERR,ERR,ERR,ERR,ERR,ERR,ERR,ERR,ERR,ERR,ERR,ERR,ERR,ERR,ERR,ERR,ERR,ERR,ERR,ERR,ERR,ERR,ERR,ERR,ERR,ERR,ERR,ERR,ERR,ERR,ERR,ERR,ERR,ERR,ERR,ERR,ERR,ERR,ERR,ERR,ERR,ERR,ERR,ERR,ERR,ERR,ERR,ERR,ERR,ERR,ERR,ERR,ERR,ERR,ERR,ERR,ERR,ERR,ERR,ERR,ERR,ERR,ERR,ERR,ERR,ERR,ERR,ERR,ERR,ERR,ERR,ERR,ERR,ERR,ERR,ERR,ERR,ERR,ERR,ERR,ERR,ERR,ERR,ERR,ERR,ERR,ERR,ERR,ERR,ERR,ERR,ERR,ERR,ERR,ERR,ERR,ERR,ERR,ERR,ERR,ERR,ERR,ERR,ERR,ERR,ERR,ERR,ERR,ERR,ERR,ERR,ERR,ERR,ERR,ERR,ERR,ERR,ERR,ERR,ERR,ERR,ERR,0.0,2.7184312818759872e+23,-100793952.0,0.0,0.0,1.3936040501711995e+18,7.805,0.0,0,0,4,0,7116,0.0,100,0.0,0.0,0.0,0.0,0.0,0,0,0,0,0.0,0,0,0,0,0,0,0,0,0,0,0,0,0,0,0,0,0,0,0,0,0,0,0,0,0,0,0,0,0,0,0,0,0,31,40,40,71,65476,0,300,0,0,8,21553,0.0,-107605600.0,0.0,0.0,0.0,0.0,0.0,0.0,0.0,0.0,0.0,0.0,0.0,0.0,-2.596148429267414e+33,0.0,0.0,0.0,0.0,0.0,0.0,0.0,0.0,-2.004,-2.004,0.0,0.0,0.0,0.0,0.0,6302.0,1.587936908900649e+29,6926.0,2.718430741444032e+23,2.7184312818759872e+23,-0.0,2.718430741444032e+23,0.0,0.0,0.0,0.0,69,1.9056993230651392e+17,4.066872925269804e+29,0.0,0.0,0.0,0.0,0.0,0.0,0.0,0,0,0,0.0,0.0,0.0,0.0,0.0,0.0,0.0,0.0,0.0,0.0,0.0,0.0,0.0,0.0,0.0,0.0,0,-107875648.0,69,0.0,138,0.0,-109447200.0,0,13107,17040,26215,17049,13107,17043,0,0,0,70,68,100,2.7302359370752657e+23,71.2,2.7302370179391762e+23,74.2,2.7302370179391762e+23,74.0,1,49,50,180,13107,52429,0,0,0.0,0.0,0.0,0.0,-0.0,67.0,0.0,162057.094,0.0,751,0,739,0,0,0,721,0,767,0,736,0,742,0,741,0,712,0,7520,0.032,92341796864.0,0.0,0.0,784,16797,-0.0,162057.094,-114818.039,-0.0,0.133,6.909358625270745e+28,30.0,65.0,35,0.0,0.0,0.0,0.0,0.0,0.0,0.0,0.0,0.0,0.0,0.0,0.0,0.0,0.0,0.0,0.0,69.2,0,150,71,55,65476,0,300,0,1,8,20529,65476,0,0,40632,65.0,0.0,0.0,0.0,0.0,0.0
2026-09-04T20:18:06,ERR,ERR,ERR,ERR,ERR,ERR,ERR,ERR,ERR,ERR,ERR,ERR,ERR,ERR,ERR,ERR,ERR,ERR,ERR,ERR,ERR,ERR,ERR,ERR,ERR,ERR,ERR,ERR,ERR,ERR,ERR,ERR,ERR,ERR,ERR,ERR,ERR,ERR,ERR,ERR,ERR,ERR,ERR,ERR,ERR,ERR,ERR,ERR,ERR,ERR,ERR,ERR,ERR,ERR,ERR,ERR,ERR,ERR,ERR,ERR,ERR,ERR,ERR,ERR,ERR,ERR,ERR,ERR,ERR,ERR,ERR,ERR,ERR,ERR,ERR,ERR,ERR,ERR,ERR,ERR,ERR,ERR,ERR,ERR,ERR,ERR,ERR,ERR,ERR,ERR,ERR,ERR,ERR,ERR,ERR,ERR,ERR,ERR,ERR,ERR,ERR,ERR,ERR,ERR,ERR,ERR,ERR,ERR,ERR,ERR,ERR,ERR,ERR,ERR,ERR,ERR,ERR,ERR,ERR,ERR,ERR,ERR,ERR,ERR,ERR,0.0,2.7184312818759872e+23,-100793952.0,0.0,0.0,1.3936040501711995e+18,7.805,0.0,0,0,4,0,7116,0.0,100,0.0,0.0,0.0,0.0,0.0,0,0,0,0,0.0,0,0,0,0,0,0,0,0,0,0,0,0,0,0,0,0,0,0,0,0,0,0,0,0,0,0,0,0,0,0,0,0,0,31,40,40,71,65476,0,300,0,0,8,21553,0.0,-107605600.0,0.0,0.0,0.0,0.0,0.0,0.0,0.0,0.0,0.0,0.0,0.0,0.0,-2.596148429267414e+33,0.0,0.0,0.0,0.0,0.0,0.0,0.0,0.0,-2.004,-2.004,0.0,0.0,0.0,0.0,0.0,6302.0,1.587936908900649e+29,6926.0,2.718430741444032e+23,2.7184312818759872e+23,-0.0,2.718430741444032e+23,0.0,0.0,0.0,0.0,69,1.9056993230651392e+17,4.066872925269804e+29,0.0,0.0,0.0,0.0,0.0,0.0,0.0,0,0,0,0.0,0.0,0.0,0.0,0.0,0.0,0.0,0.0,0.0,0.0,0.0,0.0,0.0,0.0,0.0,0.0,0,-107875648.0,69,0.0,138,0.0,-109447200.0,0,13107,17040,26215,17049,13107,17043,0,0,0,70,68,100,2.7302359370752657e+23,71.2,2.7302370179391762e+23,74.2,2.7302370179391762e+23,74.0,1,49,50,180,13107,52429,0,0,0.0,0.0,0.0,0.0,-0.0,67.0,0.0,162057.094,0.0,751,0,739,0,0,0,721,0,767,0,736,0,742,0,741,0,712,0,7520,0.032,92341796864.0,0.0,0.0,784,16797,-0.0,162057.094,-114818.039,-0.0,0.133,6.909358625270745e+28,30.0,65.0,35,0.0,0.0,0.0,0.0,0.0,0.0,0.0,0.0,0.0,0.0,0.0,0.0,0.0,0.0,0.0,0.0,69.2,0,150,71,55,65476,0,300,0,1,8,20529,65476,0,0,40632,65.0,0.0,0.0,0.0,0.0,0.0
2026-09-04T20:18:07,ERR,ERR,ERR,ERR,ERR,ERR,ERR,ERR,ERR,ERR,ERR,ERR,ERR,ERR,ERR,ERR,ERR,ERR,ERR,ERR,ERR,ERR,ERR,ERR,ERR,ERR,ERR,ERR,ERR,ERR,ERR,ERR,ERR,ERR,ERR,ERR,ERR,ERR,ERR,ERR,ERR,ERR,ERR,ERR,ERR,ERR,ERR,ERR,ERR,ERR,ERR,ERR,ERR,ERR,ERR,ERR,ERR,ERR,ERR,ERR,ERR,ERR,ERR,ERR,ERR,ERR,ERR,ERR,ERR,ERR,ERR,ERR,ERR,ERR,ERR,ERR,ERR,ERR,ERR,ERR,ERR,ERR,ERR,ERR,ERR,ERR,ERR,ERR,ERR,ERR,ERR,ERR,ERR,ERR,ERR,ERR,ERR,ERR,ERR,ERR,ERR,ERR,ERR,ERR,ERR,ERR,ERR,ERR,ERR,ERR,ERR,ERR,ERR,ERR,ERR,ERR,ERR,ERR,ERR,ERR,ERR,ERR,ERR,ERR,ERR,0.0,2.7184312818759872e+23,-100793952.0,0.0,0.0,1.3936040501711995e+18,7.805,0.0,0,0,4,0,7116,0.0,100,0.0,0.0,0.0,0.0,0.0,0,0,0,0,0.0,0,0,0,0,0,0,0,0,0,0,0,0,0,0,0,0,0,0,0,0,0,0,0,0,0,0,0,0,0,0,0,0,0,31,40,40,71,65476,0,300,0,0,8,21553,0.0,-107605600.0,0.0,0.0,0.0,0.0,0.0,0.0,0.0,0.0,0.0,0.0,0.0,0.0,-2.596148429267414e+33,0.0,0.0,0.0,0.0,0.0,0.0,0.0,0.0,-2.004,-2.004,0.0,0.0,0.0,0.0,0.0,6302.0,1.587936908900649e+29,6926.0,2.718430741444032e+23,2.7184312818759872e+23,-0.0,2.718430741444032e+23,0.0,0.0,0.0,0.0,69,1.9056993230651392e+17,4.066872925269804e+29,0.0,0.0,0.0,0.0,0.0,0.0,0.0,0,0,0,0.0,0.0,0.0,0.0,0.0,0.0,0.0,0.0,0.0,0.0,0.0,0.0,0.0,0.0,0.0,0.0,0,-107875648.0,69,0.0,138,0.0,-109447200.0,0,13107,17040,26215,17049,13107,17043,0,0,0,70,68,100,2.7302359370752657e+23,71.2,2.7302370179391762e+23,74.2,2.7302370179391762e+23,74.0,1,49,50,180,13107,52429,0,0,0.0,0.0,0.0,0.0,-0.0,67.0,0.0,162057.094,0.0,751,0,739,0,0,0,721,0,767,0,736,0,742,0,742,0,712,0,7520,0.032,108447924224.0,0.0,0.0,784,16797,-0.0,162057.094,-114818.039,-0.0,0.133,6.909358625270745e+28,30.0,65.0,35,0.0,0.0,0.0,0.0,0.0,0.0,0.0,0.0,0.0,0.0,0.0,0.0,0.0,0.0,0.0,0.0,69.2,0,150,71,55,65476,0,300,0,1,8,20529,65476,0,0,40632,65.0,0.0,0.0,0.0,0.0,0.0
2026-09-04T20:18:08,ERR,ERR,ERR,ERR,ERR,ERR,ERR,ERR,ERR,ERR,ERR,ERR,ERR,ERR,ERR,ERR,ERR,ERR,ERR,ERR,ERR,ERR,ERR,ERR,ERR,ERR,ERR,ERR,ERR,ERR,ERR,ERR,ERR,ERR,ERR,ERR,ERR,ERR,ERR,ERR,ERR,ERR,ERR,ERR,ERR,ERR,ERR,ERR,ERR,ERR,ERR,ERR,ERR,ERR,ERR,ERR,ERR,ERR,ERR,ERR,ERR,ERR,ERR,ERR,ERR,ERR,ERR,ERR,ERR,ERR,ERR,ERR,ERR,ERR,ERR,ERR,ERR,ERR,ERR,ERR,ERR,ERR,ERR,ERR,ERR,ERR,ERR,ERR,ERR,ERR,ERR,ERR,ERR,ERR,ERR,ERR,ERR,ERR,ERR,ERR,ERR,ERR,ERR,ERR,ERR,ERR,ERR,ERR,ERR,ERR,ERR,ERR,ERR,ERR,ERR,ERR,ERR,ERR,ERR,ERR,ERR,ERR,ERR,ERR,ERR,0.0,2.7184312818759872e+23,-100793952.0,0.0,0.0,1.3936040501711995e+18,7.805,0.0,0,0,4,0,7116,0.0,100,0.0,0.0,0.0,0.0,0.0,0,0,0,0,0.0,0,0,0,0,0,0,0,0,0,0,0,0,0,0,0,0,0,0,0,0,0,0,0,0,0,0,0,0,0,0,0,0,0,31,40,40,71,65476,0,300,0,0,8,21553,0.0,-107605600.0,0.0,0.0,0.0,0.0,0.0,0.0,0.0,0.0,0.0,0.0,0.0,0.0,-2.596148429267414e+33,0.0,0.0,0.0,0.0,0.0,0.0,0.0,0.0,-2.004,-2.004,0.0,0.0,0.0,0.0,0.0,6302.0,1.587936908900649e+29,6926.0,2.718430741444032e+23,2.7184312818759872e+23,-0.0,2.718430741444032e+23,0.0,0.0,0.0,0.0,69,1.9056993230651392e+17,4.066872925269804e+29,0.0,0.0,0.0,0.0,0.0,0.0,0.0,0,0,0,0.0,0.0,0.0,0.0,0.0,0.0,0.0,0.0,0.0,0.0,0.0,0.0,0.0,0.0,0.0,0.0,0,-107875648.0,69,0.0,138,0.0,-109447200.0,0,13107,17040,26215,17049,13107,17043,0,0,0,70,68,100,2.7302359370752657e+23,71.2,2.7302370179391762e+23,74.2,2.7302370179391762e+23,74.0,1,49,50,180,13107,52429,0,0,0.0,0.0,0.0,0.0,-0.0,67.0,0.0,162057.094,0.0,751,0,739,0,0,0,721,0,767,0,736,0,742,0,742,0,712,0,7520,0.032,108447924224.0,0.0,0.0,784,16797,-0.0,162057.094,-114818.039,-0.0,0.133,6.909358625270745e+28,30.0,65.0,35,0.0,0.0,0.0,0.0,0.0,0.0,0.0,0.0,0.0,0.0,0.0,0.0,0.0,0.0,0.0,0.0,69.2,0,150,71,55,65476,0,300,0,1,8,20529,65476,0,0,40632,65.0,0.0,0.0,0.0,0.0,0.0
2026-09-04T20:18:09,ERR,ERR,ERR,ERR,ERR,ERR,ERR,ERR,ERR,ERR,ERR,ERR,ERR,ERR,ERR,ERR,ERR,ERR,ERR,ERR,ERR,ERR,ERR,ERR,ERR,ERR,ERR,ERR,ERR,ERR,ERR,ERR,ERR,ERR,ERR,ERR,ERR,ERR,ERR,ERR,ERR,ERR,ERR,ERR,ERR,ERR,ERR,ERR,ERR,ERR,ERR,ERR,ERR,ERR,ERR,ERR,ERR,ERR,ERR,ERR,ERR,ERR,ERR,ERR,ERR,ERR,ERR,ERR,ERR,ERR,ERR,ERR,ERR,ERR,ERR,ERR,ERR,ERR,ERR,ERR,ERR,ERR,ERR,ERR,ERR,ERR,ERR,ERR,ERR,ERR,ERR,ERR,ERR,ERR,ERR,ERR,ERR,ERR,ERR,ERR,ERR,ERR,ERR,ERR,ERR,ERR,ERR,ERR,ERR,ERR,ERR,ERR,ERR,ERR,ERR,ERR,ERR,ERR,ERR,ERR,ERR,ERR,ERR,ERR,ERR,0.0,2.7184312818759872e+23,-100793952.0,0.0,0.0,1.3936040501711995e+18,7.805,0.0,0,0,4,0,7116,0.0,100,0.0,0.0,0.0,0.0,0.0,0,0,0,0,0.0,0,0,0,0,0,0,0,0,0,0,0,0,0,0,0,0,0,0,0,0,0,0,0,0,0,0,0,0,0,0,0,0,0,31,40,40,71,65476,0,300,0,0,8,21553,0.0,-107605600.0,0.0,0.0,0.0,0.0,0.0,0.0,0.0,0.0,0.0,0.0,0.0,0.0,-2.596148429267414e+33,0.0,0.0,0.0,0.0,0.0,0.0,0.0,0.0,-2.004,-2.004,0.0,0.0,0.0,0.0,0.0,6302.0,1.587936908900649e+29,6926.0,2.718430741444032e+23,2.7184312818759872e+23,-0.0,2.718430741444032e+23,0.0,0.0,0.0,0.0,69,1.9056993230651392e+17,4.066872925269804e+29,0.0,0.0,0.0,0.0,0.0,0.0,0.0,0,0,0,0.0,0.0,0.0,0.0,0.0,0.0,0.0,0.0,0.0,0.0,0.0,0.0,0.0,0.0,0.0,0.0,0,-107875648.0,69,0.0,138,0.0,-109447200.0,0,13107,17040,26215,17049,13107,17043,0,0,0,70,68,100,2.7302359370752657e+23,71.2,2.7302370179391762e+23,74.2,2.7302370179391762e+23,74.0,1,49,50,180,13107,52429,0,0,0.0,0.0,0.0,0.0,-0.0,67.0,0.0,162057.094,0.0,751,0,739,0,0,0,721,0,767,0,736,0,742,0,742,0,712,0,7520,0.032,108447924224.0,0.0,0.0,784,16797,-0.0,162057.094,-114818.039,-0.0,0.133,6.909358625270745e+28,30.0,65.0,35,0.0,0.0,0.0,0.0,0.0,0.0,0.0,0.0,0.0,0.0,0.0,0.0,0.0,0.0,0.0,0.0,69.6,0,150,71,55,65476,0,300,0,1,8,20529,65476,0,0,40632,65.0,0.0,0.0,0.0,0.0,0.0
2026-09-04T20:18:10,ERR,ERR,ERR,ERR,ERR,ERR,ERR,ERR,ERR,ERR,ERR,ERR,ERR,ERR,ERR,ERR,ERR,ERR,ERR,ERR,ERR,ERR,ERR,ERR,ERR,ERR,ERR,ERR,ERR,ERR,ERR,ERR,ERR,ERR,ERR,ERR,ERR,ERR,ERR,ERR,ERR,ERR,ERR,ERR,ERR,ERR,ERR,ERR,ERR,ERR,ERR,ERR,ERR,ERR,ERR,ERR,ERR,ERR,ERR,ERR,ERR,ERR,ERR,ERR,ERR,ERR,ERR,ERR,ERR,ERR,ERR,ERR,ERR,ERR,ERR,ERR,ERR,ERR,ERR,ERR,ERR,ERR,ERR,ERR,ERR,ERR,ERR,ERR,ERR,ERR,ERR,ERR,ERR,ERR,ERR,ERR,ERR,ERR,ERR,ERR,ERR,ERR,ERR,ERR,ERR,ERR,ERR,ERR,ERR,ERR,ERR,ERR,ERR,ERR,ERR,ERR,ERR,ERR,ERR,ERR,ERR,ERR,ERR,ERR,ERR,2.718430741444032e+23,2.7184312818759872e+23,0.0,0.0,0.0,1.3936040501711995e+18,7.805,0.0,0,0,4,0,7116,0.0,100,0.0,0.0,0.0,0.0,0.0,0,0,0,0,0.0,0,0,0,0,0,0,0,0,0,0,0,0,0,0,0,0,0,0,0,0,0,0,0,0,0,0,0,0,0,0,0,0,0,31,40,40,71,65476,0,300,0,0,8,21553,0.0,-107605600.0,0.0,0.0,0.0,0.0,0.0,0.0,0.0,0.0,0.0,0.0,0.0,0.0,0.0,0.0,0.0,0.0,0.0,0.0,0.0,0.0,0.0,-2.004,-2.004,0.0,0.0,0.0,0.0,0.0,6274.0,2.004,6920.0,2.718430741444032e+23,2.7184312818759872e+23,-0.0,2.718430741444032e+23,0.0,0.0,0.0,0.0,69,2.308841773246825e+20,0.059,0.0,0.0,0.0,0.0,0.0,0.0,0.0,0,0,0,0.0,0.0,0.0,0.0,0.0,0.0,0.0,0.0,0.0,0.0,0.0,0.0,0.0,0.0,0.0,0.0,0,-107875648.0,69,0.0,138,0.0,-109447200.0,0,13107,17040,26215,17049,13107,17043,0,0,0,70,68,100,2.7302359370752657e+23,71.2,2.7302370179391762e+23,74.2,2.7302370179391762e+23,74.0,1,49,50,180,13107,52429,0,0,0.0,0.0,0.0,0.0,-0.0,67.0,0.0,162057.094,0.0,751,0,739,0,0,0,721,0,767,0,736,0,742,0,742,0,712,0,7520,0.032,108447924224.0,0.0,0.0,784,16797,-0.0,162057.094,-114818.039,-0.0,0.133,6.909358625270745e+28,30.0,65.0,35,0.0,0.0,0.0,0.0,0.0,0.0,0.0,0.0,0.0,0.0,0.0,0.0,0.0,0.0,0.0,0.0,69.6,0,150,71,55,65476,0,300,0,1,8,20529,65476,0,0,40632,65.0,0.0,0.0,0.0,0.0,0.0
2026-09-04T20:18:11,ERR,ERR,ERR,ERR,ERR,ERR,ERR,ERR,ERR,ERR,ERR,ERR,ERR,ERR,ERR,ERR,ERR,ERR,ERR,ERR,ERR,ERR,ERR,ERR,ERR,ERR,ERR,ERR,ERR,ERR,ERR,ERR,ERR,ERR,ERR,ERR,ERR,ERR,ERR,ERR,ERR,ERR,ERR,ERR,ERR,ERR,ERR,ERR,ERR,ERR,ERR,ERR,ERR,ERR,ERR,ERR,ERR,ERR,ERR,ERR,ERR,ERR,ERR,ERR,ERR,ERR,ERR,ERR,ERR,ERR,ERR,ERR,ERR,ERR,ERR,ERR,ERR,ERR,ERR,ERR,ERR,ERR,ERR,ERR,ERR,ERR,ERR,ERR,ERR,ERR,ERR,ERR,ERR,ERR,ERR,ERR,ERR,ERR,ERR,ERR,ERR,ERR,ERR,ERR,ERR,ERR,ERR,ERR,ERR,ERR,ERR,ERR,ERR,ERR,ERR,ERR,ERR,ERR,ERR,ERR,ERR,ERR,ERR,ERR,ERR,2.718430741444032e+23,2.7184312818759872e+23,0.0,0.0,0.0,1.3936040501711995e+18,7.805,0.0,0,0,4,0,7116,0.0,100,0.0,0.0,0.0,0.0,0.0,0,0,0,0,0.0,0,0,0,0,0,0,0,0,0,0,0,0,0,0,0,0,0,0,0,0,0,0,0,0,0,0,0,0,0,0,0,0,0,31,40,40,71,65476,0,300,0,0,8,21553,0.0,-107605600.0,0.0,0.0,0.0,0.0,0.0,0.0,0.0,0.0,0.0,0.0,0.0,0.0,0.0,0.0,0.0,0.0,0.0,0.0,0.0,0.0,0.0,-2.004,-2.004,0.0,0.0,0.0,0.0,0.0,6274.0,2.004,6920.0,2.718430741444032e+23,2.7184312818759872e+23,-0.0,2.718430741444032e+23,0.0,0.0,0.0,0.0,69,2.308841773246825e+20,0.059,0.0,0.0,0.0,0.0,0.0,0.0,0.0,0,0,0,0.0,0.0,0.0,0.0,0.0,0.0,0.0,0.0,0.0,0.0,0.0,0.0,0.0,0.0,0.0,0.0,0,-107875648.0,69,0.0,138,0.0,-109447200.0,0,13107,17040,26215,17049,13107,17043,0,0,0,70,68,100,2.7302359370752657e+23,71.2,2.7302370179391762e+23,74.2,2.7302370179391762e+23,74.0,1,49,50,180,13107,52429,0,0,0.0,0.0,0.0,0.0,-0.0,67.0,0.0,162057.094,0.0,751,0,739,0,0,0,721,0,767,0,736,0,742,0,742,0,712,0,7520,0.032,108447924224.0,0.0,0.0,784,16797,-0.0,162057.094,-114818.039,-0.0,0.133,6.909358625270745e+28,30.0,65.0,35,0.0,0.0,0.0,0.0,0.0,0.0,0.0,0.0,0.0,0.0,0.0,0.0,0.0,0.0,0.0,0.0,69.2,0,150,71,55,65476,0,300,0,1,8,20529,65476,0,0,40632,65.0,0.0,0.0,0.0,0.0,0.0
2026-09-04T20:18:12,ERR,ERR,ERR,ERR,ERR,ERR,ERR,ERR,ERR,ERR,ERR,ERR,ERR,ERR,ERR,ERR,ERR,ERR,ERR,ERR,ERR,ERR,ERR,ERR,ERR,ERR,ERR,ERR,ERR,ERR,ERR,ERR,ERR,ERR,ERR,ERR,ERR,ERR,ERR,ERR,ERR,ERR,ERR,ERR,ERR,ERR,ERR,ERR,ERR,ERR,ERR,ERR,ERR,ERR,ERR,ERR,ERR,ERR,ERR,ERR,ERR,ERR,ERR,ERR,ERR,ERR,ERR,ERR,ERR,ERR,ERR,ERR,ERR,ERR,ERR,ERR,ERR,ERR,ERR,ERR,ERR,ERR,ERR,ERR,ERR,ERR,ERR,ERR,ERR,ERR,ERR,ERR,ERR,ERR,ERR,ERR,ERR,ERR,ERR,ERR,ERR,ERR,ERR,ERR,ERR,ERR,ERR,ERR,ERR,ERR,ERR,ERR,ERR,ERR,ERR,ERR,ERR,ERR,ERR,ERR,ERR,ERR,ERR,ERR,ERR,2.718430741444032e+23,2.7184312818759872e+23,0.0,0.0,0.0,1.3936040501711995e+18,7.805,0.0,0,0,4,0,7116,0.0,100,0.0,0.0,0.0,0.0,0.0,0,0,0,0,0.0,0,0,0,0,0,0,0,0,0,0,0,0,0,0,0,0,0,0,0,0,0,0,0,0,0,0,0,0,0,0,0,0,0,31,40,40,71,65476,0,300,0,0,8,21553,0.0,-107605600.0,0.0,0.0,0.0,0.0,0.0,0.0,0.0,0.0,0.0,0.0,0.0,0.0,0.0,0.0,0.0,0.0,0.0,0.0,0.0,0.0,0.0,-2.004,-2.004,0.0,0.0,0.0,0.0,0.0,6274.0,2.004,6920.0,2.718430741444032e+23,2.7184312818759872e+23,-0.0,2.718430741444032e+23,0.0,0.0,0.0,0.0,69,2.308841773246825e+20,0.059,0.0,0.0,0.0,0.0,0.0,0.0,0.0,0,0,0,0.0,0.0,0.0,0.0,0.0,0.0,0.0,0.0,0.0,0.0,0.0,0.0,0.0,0.0,0.0,0.0,0,-107875648.0,69,0.0,138,0.0,-109447200.0,0,13107,17040,26215,17049,13107,17043,0,0,0,70,68,100,2.7302359370752657e+23,71.2,2.7302370179391762e+23,74.2,2.7302370179391762e+23,74.0,1,49,50,180,13107,52429,0,0,0.0,0.0,0.0,0.0,-0.0,67.0,0.0,162057.094,0.0,751,0,739,0,0,0,721,0,767,0,736,0,742,0,742,0,712,0,7520,0.032,108984795136.0,0.0,0.0,784,16797,-0.0,162057.094,-114818.039,-0.0,0.133,6.909358625270745e+28,30.0,65.0,35,0.0,0.0,0.0,0.0,0.0,0.0,0.0,0.0,0.0,0.0,0.0,0.0,0.0,0.0,0.0,0.0,69.2,0,150,71,55,65476,0,300,0,1,8,20529,65476,0,0,40632,65.0,0.0,0.0,0.0,0.0,0.0
2026-09-04T20:18:13,ERR,ERR,ERR,ERR,ERR,ERR,ERR,ERR,ERR,ERR,ERR,ERR,ERR,ERR,ERR,ERR,ERR,ERR,ERR,ERR,ERR,ERR,ERR,ERR,ERR,ERR,ERR,ERR,ERR,ERR,ERR,ERR,ERR,ERR,ERR,ERR,ERR,ERR,ERR,ERR,ERR,ERR,ERR,ERR,ERR,ERR,ERR,ERR,ERR,ERR,ERR,ERR,ERR,ERR,ERR,ERR,ERR,ERR,ERR,ERR,ERR,ERR,ERR,ERR,ERR,ERR,ERR,ERR,ERR,ERR,ERR,ERR,ERR,ERR,ERR,ERR,ERR,ERR,ERR,ERR,ERR,ERR,ERR,ERR,ERR,ERR,ERR,ERR,ERR,ERR,ERR,ERR,ERR,ERR,ERR,ERR,ERR,ERR,ERR,ERR,ERR,ERR,ERR,ERR,ERR,ERR,ERR,ERR,ERR,ERR,ERR,ERR,ERR,ERR,ERR,ERR,ERR,ERR,ERR,ERR,ERR,ERR,ERR,ERR,ERR,2.718430741444032e+23,2.7184312818759872e+23,0.0,0.0,0.0,1.3936040501711995e+18,7.805,0.0,0,0,4,0,7116,0.0,100,0.0,0.0,0.0,0.0,0.0,0,0,0,0,0.0,0,0,0,0,0,0,0,0,0,0,0,0,0,0,0,0,0,0,0,0,0,0,0,0,0,0,0,0,0,0,0,0,0,31,40,40,71,65476,0,300,0,0,8,21553,0.0,-107605600.0,0.0,0.0,0.0,0.0,0.0,0.0,0.0,0.0,0.0,0.0,0.0,0.0,0.0,0.0,0.0,0.0,0.0,0.0,0.0,0.0,0.0,-2.004,-2.004,0.0,0.0,0.0,0.0,0.0,6274.0,2.004,6920.0,2.718430741444032e+23,2.7184312818759872e+23,-0.0,2.718430741444032e+23,0.0,0.0,0.0,0.0,69,2.308841773246825e+20,0.059,0.0,0.0,0.0,0.0,0.0,0.0,0.0,0,0,0,0.0,0.0,0.0,0.0,0.0,0.0,0.0,0.0,0.0,0.0,0.0,0.0,0.0,0.0,0.0,0.0,0,-107875648.0,69,0.0,138,0.0,-109447200.0,0,13107,17040,26215,17049,13107,17043,0,0,0,70,68,100,2.7302359370752657e+23,71.2,2.7302370179391762e+23,74.2,2.7302370179391762e+23,74.0,1,49,50,180,13107,52429,0,0,0.0,0.0,0.0,0.0,-0.0,67.0,0.0,162057.094,0.0,751,0,739,0,0,0,721,0,767,0,736,0,742,0,742,0,712,0,7520,0.032,108984795136.0,0.0,0.0,784,16797,-0.0,162057.094,-114818.039,-0.0,0.133,6.909358625270745e+28,30.0,65.0,35,0.0,0.0,0.0,0.0,0.0,0.0,0.0,0.0,0.0,0.0,0.0,0.0,0.0,0.0,0.0,0.0,69.2,0,150,71,55,65476,0,300,0,1,8,20529,65476,0,0,40632,65.0,0.0,0.0,0.0,0.0,0.0
2026-09-04T20:18:14,ERR,ERR,ERR,ERR,ERR,ERR,ERR,ERR,ERR,ERR,ERR,ERR,ERR,ERR,ERR,ERR,ERR,ERR,ERR,ERR,ERR,ERR,ERR,ERR,ERR,ERR,ERR,ERR,ERR,ERR,ERR,ERR,ERR,ERR,ERR,ERR,ERR,ERR,ERR,ERR,ERR,ERR,ERR,ERR,ERR,ERR,ERR,ERR,ERR,ERR,ERR,ERR,ERR,ERR,ERR,ERR,ERR,ERR,ERR,ERR,ERR,ERR,ERR,ERR,ERR,ERR,ERR,ERR,ERR,ERR,ERR,ERR,ERR,ERR,ERR,ERR,ERR,ERR,ERR,ERR,ERR,ERR,ERR,ERR,ERR,ERR,ERR,ERR,ERR,ERR,ERR,ERR,ERR,ERR,ERR,ERR,ERR,ERR,ERR,ERR,ERR,ERR,ERR,ERR,ERR,ERR,ERR,ERR,ERR,ERR,ERR,ERR,ERR,ERR,ERR,ERR,ERR,ERR,ERR,ERR,ERR,ERR,ERR,ERR,ERR,2.718430741444032e+23,2.7184312818759872e+23,0.0,0.0,0.0,1.3936040501711995e+18,7.805,0.0,0,0,4,0,7116,0.0,100,0.0,0.0,0.0,0.0,0.0,0,0,0,0,0.0,0,0,0,0,0,0,0,0,0,0,0,0,0,0,0,0,0,0,0,0,0,0,0,0,0,0,0,0,0,0,0,0,0,31,40,40,71,65476,0,300,0,0,8,21553,0.0,-107605600.0,0.0,0.0,0.0,0.0,0.0,0.0,0.0,0.0,0.0,0.0,0.0,0.0,0.0,0.0,0.0,0.0,0.0,0.0,0.0,0.0,0.0,-2.004,-2.004,0.0,0.0,0.0,0.0,0.0,6274.0,2.004,6920.0,2.718430741444032e+23,2.7184312818759872e+23,-0.0,2.718430741444032e+23,0.0,0.0,0.0,0.0,69,2.308841773246825e+20,0.059,0.0,0.0,0.0,0.0,0.0,0.0,0.0,0,0,0,0.0,0.0,0.0,0.0,0.0,0.0,0.0,0.0,0.0,0.0,0.0,0.0,0.0,0.0,0.0,0.0,0,-107875648.0,69,0.0,138,0.0,-109447200.0,0,13107,17040,26215,17049,13107,17043,0,0,0,70,68,100,2.7302359370752657e+23,71.2,2.7302370179391762e+23,74.2,2.7302370179391762e+23,74.0,1,49,50,180,13107,52429,0,0,0.0,0.0,0.0,0.0,-0.0,67.0,0.0,162057.094,0.0,751,0,739,0,0,0,721,0,767,0,736,0,742,0,742,0,712,0,7520,0.032,108984795136.0,0.0,0.0,784,16797,-0.0,162057.094,-114818.039,-0.0,0.133,6.909358625270745e+28,30.0,65.0,35,0.0,0.0,0.0,0.0,0.0,0.0,0.0,0.0,0.0,0.0,0.0,0.0,0.0,0.0,0.0,0.0,69.2,0,150,71,55,65476,0,300,0,1,8,20529,65476,0,0,40632,65.0,0.0,0.0,0.0,0.0,0.0
2026-09-04T20:18:15,ERR,ERR,ERR,ERR,ERR,ERR,ERR,ERR,ERR,ERR,ERR,ERR,ERR,ERR,ERR,ERR,ERR,ERR,ERR,ERR,ERR,ERR,ERR,ERR,ERR,ERR,ERR,ERR,ERR,ERR,ERR,ERR,ERR,ERR,ERR,ERR,ERR,ERR,ERR,ERR,ERR,ERR,ERR,ERR,ERR,ERR,ERR,ERR,ERR,ERR,ERR,ERR,ERR,ERR,ERR,ERR,ERR,ERR,ERR,ERR,ERR,ERR,ERR,ERR,ERR,ERR,ERR,ERR,ERR,ERR,ERR,ERR,ERR,ERR,ERR,ERR,ERR,ERR,ERR,ERR,ERR,ERR,ERR,ERR,ERR,ERR,ERR,ERR,ERR,ERR,ERR,ERR,ERR,ERR,ERR,ERR,ERR,ERR,ERR,ERR,ERR,ERR,ERR,ERR,ERR,ERR,ERR,ERR,ERR,ERR,ERR,ERR,ERR,ERR,ERR,ERR,ERR,ERR,ERR,ERR,ERR,ERR,ERR,ERR,ERR,2.718430741444032e+23,2.7184312818759872e+23,0.0,0.0,0.0,1.3936040501711995e+18,7.805,0.0,0,0,4,0,7116,0.0,100,0.0,0.0,0.0,0.0,0.0,0,0,0,0,0.0,0,0,0,0,0,0,0,0,0,0,0,0,0,0,0,0,0,0,0,0,0,0,0,0,0,0,0,0,0,0,0,0,0,31,40,40,71,65476,0,300,0,0,8,21553,0.0,-107605600.0,0.0,0.0,0.0,0.0,0.0,0.0,0.0,0.0,0.0,0.0,0.0,0.0,0.0,0.0,0.0,0.0,0.0,0.0,0.0,0.0,0.0,-2.004,-2.004,0.0,0.0,0.0,0.0,0.0,6274.0,2.004,6920.0,2.718430741444032e+23,2.7184312818759872e+23,-0.0,2.718430741444032e+23,0.0,0.0,0.0,0.0,69,2.308841773246825e+20,0.059,0.0,0.0,0.0,0.0,0.0,0.0,0.0,0,0,0,0.0,0.0,0.0,0.0,0.0,0.0,0.0,0.0,0.0,0.0,0.0,0.0,0.0,0.0,0.0,0.0,0,-107875648.0,69,0.0,138,0.0,-109447200.0,0,13107,17040,26215,17049,13107,17043,0,0,0,70,68,100,2.7302359370752657e+23,71.2,2.7302370179391762e+23,74.2,2.7302370179391762e+23,74.0,1,49,50,180,13107,52429,0,0,0.0,0.0,0.0,0.0,-0.0,67.0,0.0,162057.094,0.0,751,0,739,0,0,0,721,0,767,0,736,0,742,0,742,0,712,0,7520,0.032,108984795136.0,0.0,0.0,784,16797,-0.0,162057.094,-114818.039,-0.0,0.133,6.909358625270745e+28,30.0,65.0,35,0.0,0.0,0.0,0.0,0.0,0.0,0.0,0.0,0.0,0.0,0.0,0.0,0.0,0.0,0.0,0.0,69.2,0,150,71,55,65476,0,300,0,1,8,20529,65476,0,0,40632,65.0,0.0,0.0,0.0,0.0,0.0
2026-09-04T20:18:16,ERR,ERR,ERR,ERR,ERR,ERR,ERR,ERR,ERR,ERR,ERR,ERR,ERR,ERR,ERR,ERR,ERR,ERR,ERR,ERR,ERR,ERR,ERR,ERR,ERR,ERR,ERR,ERR,ERR,ERR,ERR,ERR,ERR,ERR,ERR,ERR,ERR,ERR,ERR,ERR,ERR,ERR,ERR,ERR,ERR,ERR,ERR,ERR,ERR,ERR,ERR,ERR,ERR,ERR,ERR,ERR,ERR,ERR,ERR,ERR,ERR,ERR,ERR,ERR,ERR,ERR,ERR,ERR,ERR,ERR,ERR,ERR,ERR,ERR,ERR,ERR,ERR,ERR,ERR,ERR,ERR,ERR,ERR,ERR,ERR,ERR,ERR,ERR,ERR,ERR,ERR,ERR,ERR,ERR,ERR,ERR,ERR,ERR,ERR,ERR,ERR,ERR,ERR,ERR,ERR,ERR,ERR,ERR,ERR,ERR,ERR,ERR,ERR,ERR,ERR,ERR,ERR,ERR,ERR,ERR,ERR,ERR,ERR,ERR,ERR,2.718430741444032e+23,2.7184312818759872e+23,0.0,0.0,0.0,1.3936040501711995e+18,7.805,0.0,0,0,4,0,7116,0.0,100,0.0,0.0,0.0,0.0,0.0,0,0,0,0,0.0,0,0,0,0,0,0,0,0,0,0,0,0,0,0,0,0,0,0,0,0,0,0,0,0,0,0,0,0,0,0,0,0,0,31,40,40,71,65476,0,300,0,0,8,21553,0.0,-107605600.0,0.0,0.0,0.0,0.0,0.0,0.0,0.0,0.0,0.0,0.0,0.0,0.0,0.0,0.0,0.0,0.0,0.0,0.0,0.0,0.0,0.0,-2.004,-2.004,0.0,0.0,0.0,0.0,0.0,6274.0,2.004,6920.0,2.718430741444032e+23,2.7184312818759872e+23,-0.0,2.718430741444032e+23,0.0,0.0,0.0,0.0,69,2.308841773246825e+20,0.059,0.0,0.0,0.0,0.0,0.0,0.0,0.0,0,0,0,0.0,0.0,0.0,0.0,0.0,0.0,0.0,0.0,0.0,0.0,0.0,0.0,0.0,0.0,0.0,0.0,0,-107875648.0,69,0.0,138,0.0,-109447200.0,0,13107,17040,26215,17049,13107,17043,0,0,0,70,68,100,2.7302359370752657e+23,71.2,2.7302370179391762e+23,74.2,2.7302370179391762e+23,74.0,1,49,50,180,13107,52429,0,0,0.0,0.0,0.0,0.0,-0.0,67.0,0.0,162057.094,0.0,751,0,739,0,0,0,721,0,767,0,736,0,742,0,742,0,712,0,7520,0.032,108984795136.0,0.0,0.0,784,16797,-0.0,162057.094,-114818.039,-0.0,0.133,6.909358625270745e+28,30.0,65.0,35,0.0,0.0,0.0,0.0,0.0,0.0,0.0,0.0,0.0,0.0,0.0,0.0,0.0,0.0,0.0,0.0,69.6,0,150,71,55,65476,0,300,0,1,8,20529,65476,0,0,40632,65.0,0.0,0.0,0.0,0.0,0.0
2026-09-04T20:18:17,ERR,ERR,ERR,ERR,ERR,ERR,ERR,ERR,ERR,ERR,ERR,ERR,ERR,ERR,ERR,ERR,ERR,ERR,ERR,ERR,ERR,ERR,ERR,ERR,ERR,ERR,ERR,ERR,ERR,ERR,ERR,ERR,ERR,ERR,ERR,ERR,ERR,ERR,ERR,ERR,ERR,ERR,ERR,ERR,ERR,ERR,ERR,ERR,ERR,ERR,ERR,ERR,ERR,ERR,ERR,ERR,ERR,ERR,ERR,ERR,ERR,ERR,ERR,ERR,ERR,ERR,ERR,ERR,ERR,ERR,ERR,ERR,ERR,ERR,ERR,ERR,ERR,ERR,ERR,ERR,ERR,ERR,ERR,ERR,ERR,ERR,ERR,ERR,ERR,ERR,ERR,ERR,ERR,ERR,ERR,ERR,ERR,ERR,ERR,ERR,ERR,ERR,ERR,ERR,ERR,ERR,ERR,ERR,ERR,ERR,ERR,ERR,ERR,ERR,ERR,ERR,ERR,ERR,ERR,ERR,ERR,ERR,ERR,ERR,ERR,2.718430741444032e+23,2.7184312818759872e+23,0.0,0.0,0.0,1.3936040501711995e+18,7.805,0.0,0,0,4,0,7116,0.0,100,0.0,0.0,0.0,0.0,0.0,0,0,0,0,0.0,0,0,0,0,0,0,0,0,0,0,0,0,0,0,0,0,0,0,0,0,0,0,0,0,0,0,0,0,0,0,0,0,0,31,40,40,71,65476,0,300,0,0,8,21553,0.0,-107605600.0,0.0,0.0,0.0,0.0,0.0,0.0,0.0,0.0,0.0,0.0,0.0,0.0,0.0,0.0,0.0,0.0,0.0,0.0,0.0,0.0,-2.004,-2.004,-2.004,0.0,0.0,0.0,0.0,0.0,6272.0,0.0,6915.0,0.0,2.7184312818759872e+23,-0.0,2.718430741444032e+23,0.0,0.0,0.0,0.0,69,3.222031544164523e+26,0.0,0.0,0.0,0.0,0.0,0.0,0.0,0.0,0,0,0,0.0,0.0,0.0,0.0,0.0,0.0,0.0,0.0,0.0,0.0,0.0,0.0,0.0,0.0,0.0,0.0,0,-107875648.0,69,0.0,138,0.0,-109447200.0,0,13107,17040,26215,17049,13107,17043,0,0,0,70,68,100,2.7302359370752657e+23,71.2,2.7302370179391762e+23,74.2,2.7302370179391762e+23,74.0,1,49,50,180,13107,52429,0,0,0.0,0.0,0.0,0.0,-0.0,67.0,0.0,162057.094,0.0,751,0,739,0,0,0,721,0,767,0,736,0,743,0,741,0,712,0,7520,0.032,108447924224.0,0.0,0.0,784,16797,-0.0,162057.094,-114818.039,-0.0,0.133,6.909358625270745e+28,30.0,65.0,35,0.0,0.0,0.0,0.0,0.0,0.0,0.0,0.0,0.0,0.0,0.0,0.0,0.0,0.0,0.0,0.0,69.6,0,150,71,55,65476,0,300,0,1,8,20529,65476,0,0,40632,65.0,0.0,0.0,0.0,0.0,0.0
2026-09-04T20:18:18,ERR,ERR,ERR,ERR,ERR,ERR,ERR,ERR,ERR,ERR,ERR,ERR,ERR,ERR,ERR,ERR,ERR,ERR,ERR,ERR,ERR,ERR,ERR,ERR,ERR,ERR,ERR,ERR,ERR,ERR,ERR,ERR,ERR,ERR,ERR,ERR,ERR,ERR,ERR,ERR,ERR,ERR,ERR,ERR,ERR,ERR,ERR,ERR,ERR,ERR,ERR,ERR,ERR,ERR,ERR,ERR,ERR,ERR,ERR,ERR,ERR,ERR,ERR,ERR,ERR,ERR,ERR,ERR,ERR,ERR,ERR,ERR,ERR,ERR,ERR,ERR,ERR,ERR,ERR,ERR,ERR,ERR,ERR,ERR,ERR,ERR,ERR,ERR,ERR,ERR,ERR,ERR,ERR,ERR,ERR,ERR,ERR,ERR,ERR,ERR,ERR,ERR,ERR,ERR,ERR,ERR,ERR,ERR,ERR,ERR,ERR,ERR,ERR,ERR,ERR,ERR,ERR,ERR,ERR,ERR,ERR,ERR,ERR,ERR,ERR,2.718430741444032e+23,2.7184312818759872e+23,0.0,0.0,0.0,1.3936040501711995e+18,7.805,0.0,0,0,4,0,7116,0.0,100,0.0,0.0,0.0,0.0,0.0,0,0,0,0,0.0,0,0,0,0,0,0,0,0,0,0,0,0,0,0,0,0,0,0,0,0,0,0,0,0,0,0,0,0,0,0,0,0,0,31,40,40,71,65476,0,300,0,0,8,21553,0.0,-107605600.0,0.0,0.0,0.0,0.0,0.0,0.0,0.0,0.0,0.0,0.0,0.0,0.0,0.0,0.0,0.0,0.0,0.0,0.0,0.0,0.0,-2.004,-2.004,-2.004,0.0,0.0,0.0,0.0,0.0,6272.0,0.0,6915.0,0.0,2.7184312818759872e+23,-0.0,2.718430741444032e+23,0.0,0.0,0.0,0.0,69,3.222031544164523e+26,0.0,0.0,0.0,0.0,0.0,0.0,0.0,0.0,0,0,0,0.0,0.0,0.0,0.0,0.0,0.0,0.0,0.0,0.0,0.0,0.0,0.0,0.0,0.0,0.0,0.0,0,-107875648.0,69,0.0,138,0.0,-109447200.0,0,13107,17040,26215,17049,13107,17043,0,0,0,70,68,100,2.7302359370752657e+23,71.2,2.7302370179391762e+23,74.2,2.7302370179391762e+23,74.0,1,49,50,180,13107,52429,0,0,0.0,0.0,0.0,0.0,-0.0,67.0,0.0,162057.094,0.0,751,0,739,0,0,0,721,0,767,0,736,0,743,0,741,0,712,0,7520,0.032,108447924224.0,0.0,0.0,784,16797,-0.0,162057.094,-114818.039,-0.0,0.133,6.909358625270745e+28,30.0,65.0,35,0.0,0.0,0.0,0.0,0.0,0.0,0.0,0.0,0.0,0.0,0.0,0.0,0.0,0.0,0.0,0.0,69.6,0,150,71,55,65476,0,300,0,1,8,20529,65476,0,0,40632,65.0,0.0,0.0,0.0,0.0,0.0
2026-09-04T20:18:19,ERR,ERR,ERR,ERR,ERR,ERR,ERR,ERR,ERR,ERR,ERR,ERR,ERR,ERR,ERR,ERR,ERR,ERR,ERR,ERR,ERR,ERR,ERR,ERR,ERR,ERR,ERR,ERR,ERR,ERR,ERR,ERR,ERR,ERR,ERR,ERR,ERR,ERR,ERR,ERR,ERR,ERR,ERR,ERR,ERR,ERR,ERR,ERR,ERR,ERR,ERR,ERR,ERR,ERR,ERR,ERR,ERR,ERR,ERR,ERR,ERR,ERR,ERR,ERR,ERR,ERR,ERR,ERR,ERR,ERR,ERR,ERR,ERR,ERR,ERR,ERR,ERR,ERR,ERR,ERR,ERR,ERR,ERR,ERR,ERR,ERR,ERR,ERR,ERR,ERR,ERR,ERR,ERR,ERR,ERR,ERR,ERR,ERR,ERR,ERR,ERR,ERR,ERR,ERR,ERR,ERR,ERR,ERR,ERR,ERR,ERR,ERR,ERR,ERR,ERR,ERR,ERR,ERR,ERR,ERR,ERR,ERR,ERR,ERR,ERR,2.718430741444032e+23,2.7184312818759872e+23,0.0,0.0,0.0,1.3936040501711995e+18,7.805,0.0,0,0,4,0,7116,0.0,100,0.0,0.0,0.0,0.0,0.0,0,0,0,0,0.0,0,0,0,0,0,0,0,0,0,0,0,0,0,0,0,0,0,0,0,0,0,0,0,0,0,0,0,0,0,0,0,0,0,31,40,40,71,65476,0,300,0,0,8,21553,0.0,-107605600.0,0.0,0.0,0.0,0.0,0.0,0.0,0.0,0.0,0.0,0.0,0.0,0.0,0.0,0.0,0.0,0.0,0.0,0.0,0.0,0.0,-2.004,-2.004,-2.004,0.0,0.0,0.0,0.0,0.0,6272.0,0.0,6915.0,0.0,2.7184312818759872e+23,-0.0,2.718430741444032e+23,0.0,0.0,0.0,0.0,69,3.222031544164523e+26,0.0,0.0,0.0,0.0,0.0,0.0,0.0,0.0,0,0,0,0.0,0.0,0.0,0.0,0.0,0.0,0.0,0.0,0.0,0.0,0.0,0.0,0.0,0.0,0.0,0.0,0,-107875648.0,69,0.0,138,0.0,-109447200.0,0,13107,17040,26215,17049,13107,17043,0,0,0,70,68,100,2.7302359370752657e+23,71.2,2.7302370179391762e+23,74.2,2.7302370179391762e+23,74.0,1,49,50,180,13107,52429,0,0,0.0,0.0,0.0,0.0,-0.0,67.0,0.0,162057.094,0.0,751,0,739,0,0,0,721,0,767,0,736,0,743,0,741,0,712,0,7520,0.032,108447924224.0,0.0,0.0,784,16797,-0.0,162057.094,-114818.039,-0.0,0.133,6.909358625270745e+28,30.0,65.0,35,0.0,0.0,0.0,0.0,0.0,0.0,0.0,0.0,0.0,0.0,0.0,0.0,0.0,0.0,0.0,0.0,69.2,0,150,71,55,65476,0,300,0,1,8,20529,65476,0,0,40632,65.0,0.0,0.0,0.0,0.0,0.0
2026-09-04T20:18:20,ERR,ERR,ERR,ERR,ERR,ERR,ERR,ERR,ERR,ERR,ERR,ERR,ERR,ERR,ERR,ERR,ERR,ERR,ERR,ERR,ERR,ERR,ERR,ERR,ERR,ERR,ERR,ERR,ERR,ERR,ERR,ERR,ERR,ERR,ERR,ERR,ERR,ERR,ERR,ERR,ERR,ERR,ERR,ERR,ERR,ERR,ERR,ERR,ERR,ERR,ERR,ERR,ERR,ERR,ERR,ERR,ERR,ERR,ERR,ERR,ERR,ERR,ERR,ERR,ERR,ERR,ERR,ERR,ERR,ERR,ERR,ERR,ERR,ERR,ERR,ERR,ERR,ERR,ERR,ERR,ERR,ERR,ERR,ERR,ERR,ERR,ERR,ERR,ERR,ERR,ERR,ERR,ERR,ERR,ERR,ERR,ERR,ERR,ERR,ERR,ERR,ERR,ERR,ERR,ERR,ERR,ERR,ERR,ERR,ERR,ERR,ERR,ERR,ERR,ERR,ERR,ERR,ERR,ERR,ERR,ERR,ERR,ERR,ERR,ERR,2.718430741444032e+23,2.7184312818759872e+23,0.0,0.0,0.0,1.3936040501711995e+18,7.805,0.0,0,0,4,0,7116,0.0,100,0.0,0.0,0.0,0.0,0.0,0,0,0,0,0.0,0,0,0,0,0,0,0,0,0,0,0,0,0,0,0,0,0,0,0,0,0,0,0,0,0,0,0,0,0,0,0,0,0,31,40,40,71,65476,0,300,0,0,8,21553,0.0,-107605600.0,0.0,0.0,0.0,0.0,0.0,0.0,0.0,0.0,0.0,0.0,0.0,0.0,0.0,0.0,0.0,0.0,0.0,0.0,0.0,0.0,-2.004,-2.004,-2.004,0.0,0.0,0.0,0.0,0.0,6272.0,0.0,6915.0,0.0,2.7184312818759872e+23,-0.0,2.718430741444032e+23,0.0,0.0,0.0,0.0,69,3.222031544164523e+26,0.0,0.0,0.0,0.0,0.0,0.0,0.0,0.0,0,0,0,0.0,0.0,0.0,0.0,0.0,0.0,0.0,0.0,0.0,0.0,0.0,0.0,0.0,0.0,0.0,0.0,0,-107875648.0,69,0.0,138,0.0,-109447200.0,0,13107,17040,26215,17049,13107,17043,0,0,0,70,68,100,2.7302359370752657e+23,71.2,2.7302370179391762e+23,74.2,2.7302370179391762e+23,74.0,1,49,50,180,13107,52429,0,0,0.0,0.0,0.0,0.0,-0.0,67.0,0.0,162057.094,0.0,751,0,739,0,0,0,721,0,767,0,736,0,743,0,741,0,712,0,7520,0.032,108447924224.0,0.0,0.0,784,16797,-0.0,162057.094,-114818.039,-0.0,0.133,6.909358625270745e+28,30.0,65.0,35,0.0,0.0,0.0,0.0,0.0,0.0,0.0,0.0,0.0,0.0,0.0,0.0,0.0,0.0,0.0,0.0,69.2,0,150,71,55,65476,0,300,0,1,8,20529,65476,0,0,40632,65.0,0.0,0.0,0.0,0.0,0.0
2026-09-04T20:18:21,ERR,ERR,ERR,ERR,ERR,ERR,ERR,ERR,ERR,ERR,ERR,ERR,ERR,ERR,ERR,ERR,ERR,ERR,ERR,ERR,ERR,ERR,ERR,ERR,ERR,ERR,ERR,ERR,ERR,ERR,ERR,ERR,ERR,ERR,ERR,ERR,ERR,ERR,ERR,ERR,ERR,ERR,ERR,ERR,ERR,ERR,ERR,ERR,ERR,ERR,ERR,ERR,ERR,ERR,ERR,ERR,ERR,ERR,ERR,ERR,ERR,ERR,ERR,ERR,ERR,ERR,ERR,ERR,ERR,ERR,ERR,ERR,ERR,ERR,ERR,ERR,ERR,ERR,ERR,ERR,ERR,ERR,ERR,ERR,ERR,ERR,ERR,ERR,ERR,ERR,ERR,ERR,ERR,ERR,ERR,ERR,ERR,ERR,ERR,ERR,ERR,ERR,ERR,ERR,ERR,ERR,ERR,ERR,ERR,ERR,ERR,ERR,ERR,ERR,ERR,ERR,ERR,ERR,ERR,ERR,ERR,ERR,ERR,ERR,ERR,2.718430741444032e+23,2.7184312818759872e+23,0.0,0.0,0.0,1.3936040501711995e+18,7.805,0.0,0,0,4,0,7116,0.0,100,0.0,0.0,0.0,0.0,0.0,0,0,0,0,0.0,0,0,0,0,0,0,0,0,0,0,0,0,0,0,0,0,0,0,0,0,0,0,0,0,0,0,0,0,0,0,0,0,0,31,40,40,71,65476,0,300,0,0,8,21553,0.0,-107605600.0,0.0,0.0,0.0,0.0,0.0,0.0,0.0,0.0,0.0,0.0,0.0,0.0,0.0,0.0,0.0,0.0,0.0,0.0,0.0,0.0,-2.004,-2.004,-2.004,0.0,0.0,0.0,0.0,0.0,6272.0,0.0,6915.0,0.0,2.7184312818759872e+23,-0.0,2.718430741444032e+23,0.0,0.0,0.0,0.0,69,3.222031544164523e+26,0.0,0.0,0.0,0.0,0.0,0.0,0.0,0.0,0,0,0,0.0,0.0,0.0,0.0,0.0,0.0,0.0,0.0,0.0,0.0,0.0,0.0,0.0,0.0,0.0,0.0,0,-107875648.0,69,0.0,138,0.0,-109447200.0,0,13107,17040,26215,17049,13107,17043,0,0,0,70,68,100,2.7302359370752657e+23,71.2,2.7302370179391762e+23,74.2,2.7302370179391762e+23,74.0,1,49,50,180,13107,52429,0,0,0.0,0.0,0.0,0.0,-0.0,67.0,0.0,162057.094,0.0,751,0,739,0,0,0,721,0,767,0,736,0,743,0,741,0,712,0,7520,0.032,108447924224.0,0.0,0.0,784,16797,-0.0,162057.094,-114818.039,-0.0,0.133,6.909358625270745e+28,30.0,65.0,35,0.0,0.0,0.0,0.0,0.0,0.0,0.0,0.0,0.0,0.0,0.0,0.0,0.0,0.0,0.0,0.0,69.2,0,150,71,55,65476,0,300,0,1,8,20529,65476,0,0,40632,65.0,0.0,0.0,0.0,0.0,0.0
2026-09-04T20:18:22,ERR,ERR,ERR,ERR,ERR,ERR,ERR,ERR,ERR,ERR,ERR,ERR,ERR,ERR,ERR,ERR,ERR,ERR,ERR,ERR,ERR,ERR,ERR,ERR,ERR,ERR,ERR,ERR,ERR,ERR,ERR,ERR,ERR,ERR,ERR,ERR,ERR,ERR,ERR,ERR,ERR,ERR,ERR,ERR,ERR,ERR,ERR,ERR,ERR,ERR,ERR,ERR,ERR,ERR,ERR,ERR,ERR,ERR,ERR,ERR,ERR,ERR,ERR,ERR,ERR,ERR,ERR,ERR,ERR,ERR,ERR,ERR,ERR,ERR,ERR,ERR,ERR,ERR,ERR,ERR,ERR,ERR,ERR,ERR,ERR,ERR,ERR,ERR,ERR,ERR,ERR,ERR,ERR,ERR,ERR,ERR,ERR,ERR,ERR,ERR,ERR,ERR,ERR,ERR,ERR,ERR,ERR,ERR,ERR,ERR,ERR,ERR,ERR,ERR,ERR,ERR,ERR,ERR,ERR,ERR,ERR,ERR,ERR,ERR,ERR,2.718430741444032e+23,2.7184312818759872e+23,0.0,0.0,0.0,1.3936040501711995e+18,7.805,0.0,0,0,4,0,7116,0.0,100,0.0,0.0,0.0,0.0,0.0,0,0,0,0,0.0,0,0,0,0,0,0,0,0,0,0,0,0,0,0,0,0,0,0,0,0,0,0,0,0,0,0,0,0,0,0,0,0,0,31,40,40,71,65476,0,300,0,0,8,21553,0.0,-107605600.0,0.0,0.0,0.0,0.0,0.0,0.0,0.0,0.0,0.0,0.0,0.0,0.0,0.0,0.0,0.0,0.0,0.0,0.0,0.0,0.0,-2.004,-2.004,-2.004,0.0,0.0,0.0,0.0,0.0,6272.0,0.0,6915.0,0.0,2.7184312818759872e+23,-0.0,2.718430741444032e+23,0.0,0.0,0.0,0.0,69,3.222031544164523e+26,0.0,0.0,0.0,0.0,0.0,0.0,0.0,0.0,0,0,0,0.0,0.0,0.0,0.0,0.0,0.0,0.0,0.0,0.0,0.0,0.0,0.0,0.0,0.0,0.0,0.0,0,-107875648.0,69,0.0,138,0.0,-109447200.0,0,13107,17040,26215,17049,13107,17043,0,0,0,70,68,100,2.7302359370752657e+23,71.2,2.7302370179391762e+23,74.2,2.7302370179391762e+23,74.0,1,49,50,180,13107,52429,0,0,0.0,0.0,0.0,0.0,-0.0,67.0,0.0,162057.094,0.0,751,0,739,0,0,0,721,0,767,0,736,0,742,0,742,0,712,0,7520,0.032,108447924224.0,0.0,0.0,784,16797,-0.0,162057.094,-114818.039,-0.0,0.133,6.909358625270745e+28,30.0,65.0,35,0.0,0.0,0.0,0.0,0.0,0.0,0.0,0.0,0.0,0.0,0.0,0.0,0.0,0.0,0.0,0.0,69.2,0,150,71,55,65476,0,300,0,1,8,20529,65476,0,0,40632,65.0,0.0,0.0,0.0,0.0,0.0
2026-09-04T20:18:23,ERR,ERR,ERR,ERR,ERR,ERR,ERR,ERR,ERR,ERR,ERR,ERR,ERR,ERR,ERR,ERR,ERR,ERR,ERR,ERR,ERR,ERR,ERR,ERR,ERR,ERR,ERR,ERR,ERR,ERR,ERR,ERR,ERR,ERR,ERR,ERR,ERR,ERR,ERR,ERR,ERR,ERR,ERR,ERR,ERR,ERR,ERR,ERR,ERR,ERR,ERR,ERR,ERR,ERR,ERR,ERR,ERR,ERR,ERR,ERR,ERR,ERR,ERR,ERR,ERR,ERR,ERR,ERR,ERR,ERR,ERR,ERR,ERR,ERR,ERR,ERR,ERR,ERR,ERR,ERR,ERR,ERR,ERR,ERR,ERR,ERR,ERR,ERR,ERR,ERR,ERR,ERR,ERR,ERR,ERR,ERR,ERR,ERR,ERR,ERR,ERR,ERR,ERR,ERR,ERR,ERR,ERR,ERR,ERR,ERR,ERR,ERR,ERR,ERR,ERR,ERR,ERR,ERR,ERR,ERR,ERR,ERR,ERR,ERR,ERR,2.718430741444032e+23,2.7184312818759872e+23,0.0,0.0,0.0,1.3936040501711995e+18,7.805,0.0,0,0,4,0,7116,0.0,100,0.0,0.0,0.0,0.0,0.0,0,0,0,0,0.0,0,0,0,0,0,0,0,0,0,0,0,0,0,0,0,0,0,0,0,0,0,0,0,0,0,0,0,0,0,0,0,0,0,31,40,40,71,65476,0,300,0,0,8,21553,0.0,-107605600.0,0.0,0.0,0.0,0.0,0.0,0.0,0.0,0.0,0.0,0.0,0.0,0.0,0.0,0.0,0.0,0.0,0.0,0.0,0.0,0.0,-2.004,-2.004,-2.004,0.0,0.0,0.0,0.0,0.0,6272.0,0.0,6915.0,0.0,2.7184312818759872e+23,-0.0,2.718430741444032e+23,0.0,0.0,0.0,0.0,69,3.222031544164523e+26,0.0,0.0,0.0,0.0,0.0,0.0,0.0,0.0,0,0,0,0.0,0.0,0.0,0.0,0.0,0.0,0.0,0.0,0.0,0.0,0.0,0.0,0.0,0.0,0.0,0.0,0,-107875648.0,69,0.0,138,0.0,-109447200.0,0,13107,17040,26215,17049,13107,17043,0,0,0,70,68,100,2.7302359370752657e+23,71.2,2.7302370179391762e+23,74.2,2.7302370179391762e+23,74.0,1,49,50,180,13107,52429,0,0,0.0,0.0,0.0,0.0,-0.0,67.0,0.0,162057.094,0.0,751,0,739,0,0,0,721,0,767,0,736,0,742,0,742,0,712,0,7520,0.032,108447924224.0,0.0,0.0,784,16797,-0.0,162057.094,-114818.039,-0.0,0.133,6.909358625270745e+28,30.0,65.0,35,0.0,0.0,0.0,0.0,0.0,0.0,0.0,0.0,0.0,0.0,0.0,0.0,0.0,0.0,0.0,0.0,69.2,0,150,71,55,65476,0,300,0,1,8,20529,65476,0,0,40632,65.0,0.0,0.0,0.0,0.0,0.0
2026-09-04T20:18:24,ERR,ERR,ERR,ERR,ERR,ERR,ERR,ERR,ERR,ERR,ERR,ERR,ERR,ERR,ERR,ERR,ERR,ERR,ERR,ERR,ERR,ERR,ERR,ERR,ERR,ERR,ERR,ERR,ERR,ERR,ERR,ERR,ERR,ERR,ERR,ERR,ERR,ERR,ERR,ERR,ERR,ERR,ERR,ERR,ERR,ERR,ERR,ERR,ERR,ERR,ERR,ERR,ERR,ERR,ERR,ERR,ERR,ERR,ERR,ERR,ERR,ERR,ERR,ERR,ERR,ERR,ERR,ERR,ERR,ERR,ERR,ERR,ERR,ERR,ERR,ERR,ERR,ERR,ERR,ERR,ERR,ERR,ERR,ERR,ERR,ERR,ERR,ERR,ERR,ERR,ERR,ERR,ERR,ERR,ERR,ERR,ERR,ERR,ERR,ERR,ERR,ERR,ERR,ERR,ERR,ERR,ERR,ERR,ERR,ERR,ERR,ERR,ERR,ERR,ERR,ERR,ERR,ERR,ERR,ERR,ERR,ERR,ERR,ERR,ERR,2.718430741444032e+23,2.7184312818759872e+23,0.0,0.0,0.0,1.3936040501711995e+18,7.805,0.0,0,0,4,0,7116,0.0,100,0.0,0.0,0.0,0.0,0.0,0,0,0,0,0.0,0,0,0,0,0,0,0,0,0,0,0,0,0,0,0,0,0,0,0,0,0,0,0,0,0,0,0,0,0,0,0,0,0,31,40,40,71,65476,0,300,0,0,8,21553,0.0,-107605600.0,0.0,0.0,0.0,0.0,0.0,0.0,0.0,0.0,0.0,0.0,0.0,0.0,0.0,0.0,0.0,0.0,0.0,0.0,0.0,0.0,0.0,-2.004,-2.004,0.0,0.0,0.0,0.0,0.0,6274.0,2.422999433747328e+24,6925.0,2.718430741444032e+23,2.7184312818759872e+23,-0.0,2.718430741444032e+23,0.0,0.0,0.0,0.0,69,5.848086582142772e+35,2.7184265981323747e+23,0.0,0.0,0.0,0.0,0.0,0.0,0.0,0,0,0,0.0,0.0,0.0,0.0,0.0,0.0,0.0,0.0,0.0,0.0,0.0,0.0,0.0,0.0,0.0,0.0,0,-107875648.0,69,0.0,138,0.0,-109447200.0,0,13107,17040,26215,17049,13107,17043,0,0,0,70,68,100,2.7302359370752657e+23,71.2,2.7302370179391762e+23,74.2,2.7302370179391762e+23,74.0,1,49,50,180,13107,52429,0,0,0.0,0.0,0.0,0.0,-0.0,67.0,0.0,162057.094,0.0,751,0,739,0,0,0,721,0,767,0,736,0,742,0,742,0,712,0,7520,0.032,108447924224.0,0.0,0.0,784,16797,-0.0,162057.094,-114818.039,-0.0,0.133,6.909358625270745e+28,30.0,65.0,35,0.0,0.0,0.0,0.0,0.0,0.0,0.0,0.0,0.0,0.0,0.0,0.0,0.0,0.0,0.0,0.0,69.2,0,150,71,55,65476,0,300,0,1,8,20529,65476,0,0,40632,65.0,0.0,0.0,0.0,0.0,0.0
2026-09-04T20:18:25,ERR,ERR,ERR,ERR,ERR,ERR,ERR,ERR,ERR,ERR,ERR,ERR,ERR,ERR,ERR,ERR,ERR,ERR,ERR,ERR,ERR,ERR,ERR,ERR,ERR,ERR,ERR,ERR,ERR,ERR,ERR,ERR,ERR,ERR,ERR,ERR,ERR,ERR,ERR,ERR,ERR,ERR,ERR,ERR,ERR,ERR,ERR,ERR,ERR,ERR,ERR,ERR,ERR,ERR,ERR,ERR,ERR,ERR,ERR,ERR,ERR,ERR,ERR,ERR,ERR,ERR,ERR,ERR,ERR,ERR,ERR,ERR,ERR,ERR,ERR,ERR,ERR,ERR,ERR,ERR,ERR,ERR,ERR,ERR,ERR,ERR,ERR,ERR,ERR,ERR,ERR,ERR,ERR,ERR,ERR,ERR,ERR,ERR,ERR,ERR,ERR,ERR,ERR,ERR,ERR,ERR,ERR,ERR,ERR,ERR,ERR,ERR,ERR,ERR,ERR,ERR,ERR,ERR,ERR,ERR,ERR,ERR,ERR,ERR,ERR,2.718430741444032e+23,2.7184312818759872e+23,0.0,0.0,0.0,1.3936040501711995e+18,7.805,0.0,0,0,4,0,7116,0.0,100,0.0,0.0,0.0,0.0,0.0,0,0,0,0,0.0,0,0,0,0,0,0,0,0,0,0,0,0,0,0,0,0,0,0,0,0,0,0,0,0,0,0,0,0,0,0,0,0,0,31,40,40,71,65476,0,300,0,0,8,21553,0.0,-107605600.0,0.0,0.0,0.0,0.0,0.0,0.0,0.0,0.0,0.0,0.0,0.0,0.0,0.0,0.0,0.0,0.0,0.0,0.0,0.0,0.0,0.0,-2.004,-2.004,0.0,0.0,0.0,0.0,0.0,6274.0,2.422999433747328e+24,6925.0,2.718430741444032e+23,2.7184312818759872e+23,-0.0,2.718430741444032e+23,0.0,0.0,0.0,0.0,69,5.848086582142772e+35,2.7184265981323747e+23,0.0,0.0,0.0,0.0,0.0,0.0,0.0,0,0,0,0.0,0.0,0.0,0.0,0.0,0.0,0.0,0.0,0.0,0.0,0.0,0.0,0.0,0.0,0.0,0.0,0,-107875648.0,69,0.0,138,0.0,-109447200.0,0,13107,17040,26215,17049,13107,17043,0,0,0,70,68,100,2.7302359370752657e+23,71.2,2.7302370179391762e+23,74.2,2.7302370179391762e+23,74.0,1,49,50,180,13107,52429,0,0,0.0,0.0,0.0,0.0,-0.0,67.0,0.0,162057.094,0.0,751,0,739,0,0,0,721,0,767,0,736,0,742,0,742,0,712,0,7520,0.032,108447924224.0,0.0,0.0,784,16797,-0.0,162057.094,-114818.039,-0.0,0.133,6.909358625270745e+28,30.0,65.0,35,0.0,0.0,0.0,0.0,0.0,0.0,0.0,0.0,0.0,0.0,0.0,0.0,0.0,0.0,0.0,0.0,69.2,0,150,71,55,65476,0,300,0,1,8,20529,65476,0,0,40632,65.0,0.0,0.0,0.0,0.0,0.0
2026-09-04T20:18:26,ERR,ERR,ERR,ERR,ERR,ERR,ERR,ERR,ERR,ERR,ERR,ERR,ERR,ERR,ERR,ERR,ERR,ERR,ERR,ERR,ERR,ERR,ERR,ERR,ERR,ERR,ERR,ERR,ERR,ERR,ERR,ERR,ERR,ERR,ERR,ERR,ERR,ERR,ERR,ERR,ERR,ERR,ERR,ERR,ERR,ERR,ERR,ERR,ERR,ERR,ERR,ERR,ERR,ERR,ERR,ERR,ERR,ERR,ERR,ERR,ERR,ERR,ERR,ERR,ERR,ERR,ERR,ERR,ERR,ERR,ERR,ERR,ERR,ERR,ERR,ERR,ERR,ERR,ERR,ERR,ERR,ERR,ERR,ERR,ERR,ERR,ERR,ERR,ERR,ERR,ERR,ERR,ERR,ERR,ERR,ERR,ERR,ERR,ERR,ERR,ERR,ERR,ERR,ERR,ERR,ERR,ERR,ERR,ERR,ERR,ERR,ERR,ERR,ERR,ERR,ERR,ERR,ERR,ERR,ERR,ERR,ERR,ERR,ERR,ERR,2.718430741444032e+23,2.7184312818759872e+23,0.0,0.0,0.0,1.3936040501711995e+18,7.805,0.0,0,0,4,0,7116,0.0,100,0.0,0.0,0.0,0.0,0.0,0,0,0,0,0.0,0,0,0,0,0,0,0,0,0,0,0,0,0,0,0,0,0,0,0,0,0,0,0,0,0,0,0,0,0,0,0,0,0,31,40,40,71,65476,0,300,0,0,8,21553,0.0,-107605600.0,0.0,0.0,0.0,0.0,0.0,0.0,0.0,0.0,0.0,0.0,0.0,0.0,0.0,0.0,0.0,0.0,0.0,0.0,0.0,0.0,0.0,-2.004,-2.004,0.0,0.0,0.0,0.0,0.0,6274.0,2.422999433747328e+24,6925.0,2.718430741444032e+23,2.7184312818759872e+23,-0.0,2.718430741444032e+23,0.0,0.0,0.0,0.0,69,5.848086582142772e+35,2.7184265981323747e+23,0.0,0.0,0.0,0.0,0.0,0.0,0.0,0,0,0,0.0,0.0,0.0,0.0,0.0,0.0,0.0,0.0,0.0,0.0,0.0,0.0,0.0,0.0,0.0,0.0,0,-107875648.0,69,0.0,138,0.0,-109447200.0,0,13107,17040,26215,17049,13107,17043,0,0,0,70,68,100,2.7302359370752657e+23,71.2,2.7302370179391762e+23,74.2,2.7302370179391762e+23,74.0,1,49,50,180,13107,52429,0,0,0.0,0.0,0.0,0.0,-0.0,67.0,0.0,162057.094,0.0,751,0,739,0,0,0,721,0,767,0,736,0,742,0,742,0,712,0,7520,0.032,108447924224.0,0.0,0.0,784,16797,-0.0,162057.094,-114818.039,-0.0,0.133,6.909358625270745e+28,30.0,65.0,35,0.0,0.0,0.0,0.0,0.0,0.0,0.0,0.0,0.0,0.0,0.0,0.0,0.0,0.0,0.0,0.0,69.2,0,150,71,55,65476,0,300,0,1,8,20529,65476,0,0,40632,65.0,0.0,0.0,0.0,0.0,0.0
2026-09-04T20:18:27,ERR,ERR,ERR,ERR,ERR,ERR,ERR,ERR,ERR,ERR,ERR,ERR,ERR,ERR,ERR,ERR,ERR,ERR,ERR,ERR,ERR,ERR,ERR,ERR,ERR,ERR,ERR,ERR,ERR,ERR,ERR,ERR,ERR,ERR,ERR,ERR,ERR,ERR,ERR,ERR,ERR,ERR,ERR,ERR,ERR,ERR,ERR,ERR,ERR,ERR,ERR,ERR,ERR,ERR,ERR,ERR,ERR,ERR,ERR,ERR,ERR,ERR,ERR,ERR,ERR,ERR,ERR,ERR,ERR,ERR,ERR,ERR,ERR,ERR,ERR,ERR,ERR,ERR,ERR,ERR,ERR,ERR,ERR,ERR,ERR,ERR,ERR,ERR,ERR,ERR,ERR,ERR,ERR,ERR,ERR,ERR,ERR,ERR,ERR,ERR,ERR,ERR,ERR,ERR,ERR,ERR,ERR,ERR,ERR,ERR,ERR,ERR,ERR,ERR,ERR,ERR,ERR,ERR,ERR,ERR,ERR,ERR,ERR,ERR,ERR,2.718430741444032e+23,2.7184312818759872e+23,0.0,0.0,0.0,1.3936040501711995e+18,7.805,0.0,0,0,4,0,7116,0.0,100,0.0,0.0,0.0,0.0,0.0,0,0,0,0,0.0,0,0,0,0,0,0,0,0,0,0,0,0,0,0,0,0,0,0,0,0,0,0,0,0,0,0,0,0,0,0,0,0,0,31,40,40,71,65476,0,300,0,0,8,21553,0.0,-107605600.0,0.0,0.0,0.0,0.0,0.0,0.0,0.0,0.0,0.0,0.0,0.0,0.0,0.0,0.0,0.0,0.0,0.0,0.0,0.0,0.0,0.0,-2.004,-2.004,0.0,0.0,0.0,0.0,0.0,6274.0,2.422999433747328e+24,6925.0,2.718430741444032e+23,2.7184312818759872e+23,-0.0,2.718430741444032e+23,0.0,0.0,0.0,0.0,69,5.848086582142772e+35,2.7184265981323747e+23,0.0,0.0,0.0,0.0,0.0,0.0,0.0,0,0,0,0.0,0.0,0.0,0.0,0.0,0.0,0.0,0.0,0.0,0.0,0.0,0.0,0.0,0.0,0.0,0.0,0,-107875648.0,69,0.0,138,0.0,-109447200.0,0,13107,17040,26215,17049,13107,17043,0,0,0,70,68,100,2.7302359370752657e+23,71.2,2.7302370179391762e+23,74.2,2.7302370179391762e+23,74.0,1,49,50,180,13107,52429,0,0,0.0,0.0,0.0,0.0,-0.0,67.0,0.0,162057.094,0.0,751,0,739,0,0,0,721,0,767,0,736,0,742,0,742,0,712,0,7520,0.032,107911053312.0,0.0,0.0,784,16797,-0.0,162057.094,-114818.039,-0.0,0.133,6.909358625270745e+28,30.0,65.0,35,0.0,0.0,0.0,0.0,0.0,0.0,0.0,0.0,0.0,0.0,0.0,0.0,0.0,0.0,0.0,0.0,69.2,0,150,71,55,65476,0,300,0,1,8,20529,65476,0,0,40632,65.0,0.0,0.0,0.0,0.0,0.0
2026-09-04T20:18:28,ERR,ERR,ERR,ERR,ERR,ERR,ERR,ERR,ERR,ERR,ERR,ERR,ERR,ERR,ERR,ERR,ERR,ERR,ERR,ERR,ERR,ERR,ERR,ERR,ERR,ERR,ERR,ERR,ERR,ERR,ERR,ERR,ERR,ERR,ERR,ERR,ERR,ERR,ERR,ERR,ERR,ERR,ERR,ERR,ERR,ERR,ERR,ERR,ERR,ERR,ERR,ERR,ERR,ERR,ERR,ERR,ERR,ERR,ERR,ERR,ERR,ERR,ERR,ERR,ERR,ERR,ERR,ERR,ERR,ERR,ERR,ERR,ERR,ERR,ERR,ERR,ERR,ERR,ERR,ERR,ERR,ERR,ERR,ERR,ERR,ERR,ERR,ERR,ERR,ERR,ERR,ERR,ERR,ERR,ERR,ERR,ERR,ERR,ERR,ERR,ERR,ERR,ERR,ERR,ERR,ERR,ERR,ERR,ERR,ERR,ERR,ERR,ERR,ERR,ERR,ERR,ERR,ERR,ERR,ERR,ERR,ERR,ERR,ERR,ERR,2.718430741444032e+23,2.7184312818759872e+23,0.0,0.0,0.0,1.3936040501711995e+18,7.805,0.0,0,0,4,0,7116,0.0,100,0.0,0.0,0.0,0.0,0.0,0,0,0,0,0.0,0,0,0,0,0,0,0,0,0,0,0,0,0,0,0,0,0,0,0,0,0,0,0,0,0,0,0,0,0,0,0,0,0,31,40,40,71,65476,0,300,0,0,8,21553,0.0,-107605600.0,0.0,0.0,0.0,0.0,0.0,0.0,0.0,0.0,0.0,0.0,0.0,0.0,0.0,0.0,0.0,0.0,0.0,0.0,0.0,0.0,0.0,-2.004,-2.004,0.0,0.0,0.0,0.0,0.0,6274.0,2.422999433747328e+24,6925.0,2.718430741444032e+23,2.7184312818759872e+23,-0.0,2.718430741444032e+23,0.0,0.0,0.0,0.0,69,5.848086582142772e+35,2.7184265981323747e+23,0.0,0.0,0.0,0.0,0.0,0.0,0.0,0,0,0,0.0,0.0,0.0,0.0,0.0,0.0,0.0,0.0,0.0,0.0,0.0,0.0,0.0,0.0,0.0,0.0,0,-107875648.0,69,0.0,138,0.0,-109447200.0,0,13107,17040,26215,17049,13107,17043,0,0,0,70,68,100,2.7302359370752657e+23,71.2,2.7302370179391762e+23,74.2,2.7302370179391762e+23,74.0,1,49,50,180,13107,52429,0,0,0.0,0.0,0.0,0.0,-0.0,67.0,0.0,162057.094,0.0,751,0,739,0,0,0,721,0,767,0,736,0,742,0,742,0,712,0,7520,0.032,107911053312.0,0.0,0.0,784,16797,-0.0,162057.094,-114818.039,-0.0,0.133,6.909358625270745e+28,30.0,65.0,35,0.0,0.0,0.0,0.0,0.0,0.0,0.0,0.0,0.0,0.0,0.0,0.0,0.0,0.0,0.0,0.0,69.2,0,150,71,55,65476,0,300,0,1,8,20529,65476,0,0,40632,65.0,0.0,0.0,0.0,0.0,0.0
2026-09-04T20:18:29,ERR,ERR,ERR,ERR,ERR,ERR,ERR,ERR,ERR,ERR,ERR,ERR,ERR,ERR,ERR,ERR,ERR,ERR,ERR,ERR,ERR,ERR,ERR,ERR,ERR,ERR,ERR,ERR,ERR,ERR,ERR,ERR,ERR,ERR,ERR,ERR,ERR,ERR,ERR,ERR,ERR,ERR,ERR,ERR,ERR,ERR,ERR,ERR,ERR,ERR,ERR,ERR,ERR,ERR,ERR,ERR,ERR,ERR,ERR,ERR,ERR,ERR,ERR,ERR,ERR,ERR,ERR,ERR,ERR,ERR,ERR,ERR,ERR,ERR,ERR,ERR,ERR,ERR,ERR,ERR,ERR,ERR,ERR,ERR,ERR,ERR,ERR,ERR,ERR,ERR,ERR,ERR,ERR,ERR,ERR,ERR,ERR,ERR,ERR,ERR,ERR,ERR,ERR,ERR,ERR,ERR,ERR,ERR,ERR,ERR,ERR,ERR,ERR,ERR,ERR,ERR,ERR,ERR,ERR,ERR,ERR,ERR,ERR,ERR,ERR,2.718430741444032e+23,2.7184312818759872e+23,0.0,0.0,0.0,1.3936040501711995e+18,7.805,0.0,0,0,4,0,7116,0.0,100,0.0,0.0,0.0,0.0,0.0,0,0,0,0,0.0,0,0,0,0,0,0,0,0,0,0,0,0,0,0,0,0,0,0,0,0,0,0,0,0,0,0,0,0,0,0,0,0,0,31,40,40,71,65476,0,300,0,0,8,21553,0.0,-107605600.0,0.0,0.0,0.0,0.0,0.0,0.0,0.0,0.0,0.0,0.0,0.0,0.0,0.0,0.0,0.0,0.0,0.0,0.0,0.0,0.0,0.0,-2.004,-2.004,0.0,0.0,0.0,0.0,0.0,6274.0,2.422999433747328e+24,6925.0,2.718430741444032e+23,2.7184312818759872e+23,-0.0,2.718430741444032e+23,0.0,0.0,0.0,0.0,69,5.848086582142772e+35,2.7184265981323747e+23,0.0,0.0,0.0,0.0,0.0,0.0,0.0,0,0,0,0.0,0.0,0.0,0.0,0.0,0.0,0.0,0.0,0.0,0.0,0.0,0.0,0.0,0.0,0.0,0.0,0,-107875648.0,69,0.0,138,0.0,-109447200.0,0,13107,17040,26215,17049,13107,17043,0,0,0,70,68,100,2.7302359370752657e+23,71.2,2.7302370179391762e+23,74.2,2.7302370179391762e+23,74.0,1,49,50,180,13107,52429,0,0,0.0,0.0,0.0,0.0,-0.0,67.0,0.0,162057.094,0.0,751,0,739,0,0,0,721,0,767,0,736,0,742,0,742,0,712,0,7520,0.032,107911053312.0,0.0,0.0,784,16797,-0.0,162057.094,-114818.039,-0.0,0.133,6.909358625270745e+28,30.0,65.0,35,0.0,0.0,0.0,0.0,0.0,0.0,0.0,0.0,0.0,0.0,0.0,0.0,0.0,0.0,0.0,0.0,69.2,0,150,71,55,65476,0,300,0,1,8,20529,65476,0,0,40632,65.0,0.0,0.0,0.0,0.0,0.0
2026-09-04T20:18:30,ERR,ERR,ERR,ERR,ERR,ERR,ERR,ERR,ERR,ERR,ERR,ERR,ERR,ERR,ERR,ERR,ERR,ERR,ERR,ERR,ERR,ERR,ERR,ERR,ERR,ERR,ERR,ERR,ERR,ERR,ERR,ERR,ERR,ERR,ERR,ERR,ERR,ERR,ERR,ERR,ERR,ERR,ERR,ERR,ERR,ERR,ERR,ERR,ERR,ERR,ERR,ERR,ERR,ERR,ERR,ERR,ERR,ERR,ERR,ERR,ERR,ERR,ERR,ERR,ERR,ERR,ERR,ERR,ERR,ERR,ERR,ERR,ERR,ERR,ERR,ERR,ERR,ERR,ERR,ERR,ERR,ERR,ERR,ERR,ERR,ERR,ERR,ERR,ERR,ERR,ERR,ERR,ERR,ERR,ERR,ERR,ERR,ERR,ERR,ERR,ERR,ERR,ERR,ERR,ERR,ERR,ERR,ERR,ERR,ERR,ERR,ERR,ERR,ERR,ERR,ERR,ERR,ERR,ERR,ERR,ERR,ERR,ERR,ERR,ERR,2.718430741444032e+23,2.7184312818759872e+23,0.0,0.0,0.0,1.3936040501711995e+18,7.805,0.0,0,0,4,0,7116,0.0,100,0.0,0.0,0.0,0.0,0.0,0,0,0,0,0.0,0,0,0,0,0,0,0,0,0,0,0,0,0,0,0,0,0,0,0,0,0,0,0,0,0,0,0,0,0,0,0,0,0,31,40,40,71,65476,0,300,0,0,8,21553,0.0,-107605600.0,0.0,0.0,0.0,0.0,0.0,0.0,0.0,0.0,0.0,0.0,0.0,0.0,0.0,0.0,0.0,0.0,0.0,0.0,0.0,0.0,0.0,-2.004,-2.004,0.0,0.0,0.0,0.0,0.0,6274.0,2.422999433747328e+24,6925.0,2.718430741444032e+23,2.7184312818759872e+23,-0.0,2.718430741444032e+23,0.0,0.0,0.0,0.0,69,5.848086582142772e+35,2.7184265981323747e+23,0.0,0.0,0.0,0.0,0.0,0.0,0.0,0,0,0,0.0,0.0,0.0,0.0,0.0,0.0,0.0,0.0,0.0,0.0,0.0,0.0,0.0,0.0,0.0,0.0,0,-107875648.0,69,0.0,138,0.0,-109447200.0,0,13107,17040,26215,17049,13107,17043,0,0,0,70,68,100,2.7302359370752657e+23,71.2,2.7302370179391762e+23,74.2,2.7302370179391762e+23,74.0,1,49,50,180,13107,52429,0,0,0.0,0.0,0.0,0.0,-0.0,67.0,0.0,162057.094,0.0,751,0,739,0,0,0,721,0,767,0,736,0,742,0,742,0,712,0,7520,0.032,107911053312.0,0.0,0.0,784,16797,-0.0,162057.094,-114818.039,-0.0,0.133,6.909358625270745e+28,30.0,65.0,35,0.0,0.0,0.0,0.0,0.0,0.0,0.0,0.0,0.0,0.0,0.0,0.0,0.0,0.0,0.0,0.0,69.2,0,150,71,55,65476,0,300,0,1,8,20529,65476,0,0,40632,65.0,0.0,0.0,0.0,0.0,0.0
2026-09-04T20:18:31,ERR,ERR,ERR,ERR,ERR,ERR,ERR,ERR,ERR,ERR,ERR,ERR,ERR,ERR,ERR,ERR,ERR,ERR,ERR,ERR,ERR,ERR,ERR,ERR,ERR,ERR,ERR,ERR,ERR,ERR,ERR,ERR,ERR,ERR,ERR,ERR,ERR,ERR,ERR,ERR,ERR,ERR,ERR,ERR,ERR,ERR,ERR,ERR,ERR,ERR,ERR,ERR,ERR,ERR,ERR,ERR,ERR,ERR,ERR,ERR,ERR,ERR,ERR,ERR,ERR,ERR,ERR,ERR,ERR,ERR,ERR,ERR,ERR,ERR,ERR,ERR,ERR,ERR,ERR,ERR,ERR,ERR,ERR,ERR,ERR,ERR,ERR,ERR,ERR,ERR,ERR,ERR,ERR,ERR,ERR,ERR,ERR,ERR,ERR,ERR,ERR,ERR,ERR,ERR,ERR,ERR,ERR,ERR,ERR,ERR,ERR,ERR,ERR,ERR,ERR,ERR,ERR,ERR,ERR,ERR,ERR,ERR,ERR,ERR,ERR,2.718430741444032e+23,2.7184312818759872e+23,0.0,0.0,0.0,1.3936040501711995e+18,7.805,0.0,0,0,4,0,7116,0.0,100,0.0,0.0,0.0,0.0,0.0,0,0,0,0,0.0,0,0,0,0,0,0,0,0,0,0,0,0,0,0,0,0,0,0,0,0,0,0,0,0,0,0,0,0,0,0,0,0,0,31,40,40,71,65476,0,300,0,0,8,21553,0.0,-107605600.0,0.0,0.0,0.0,0.0,0.0,0.0,0.0,0.0,0.0,0.0,0.0,0.0,0.0,0.0,0.0,0.0,0.0,0.0,0.0,0.0,0.0,-2.004,-2.004,0.0,0.0,0.0,0.0,0.0,6274.0,2.422999433747328e+24,6925.0,2.718430741444032e+23,2.7184312818759872e+23,-0.0,2.718430741444032e+23,0.0,0.0,0.0,0.0,69,5.848086582142772e+35,2.7184265981323747e+23,0.0,0.0,0.0,0.0,0.0,0.0,0.0,0,0,0,0.0,0.0,0.0,0.0,0.0,0.0,0.0,0.0,0.0,0.0,0.0,0.0,0.0,0.0,0.0,0.0,0,-107875648.0,69,0.0,138,0.0,-109447200.0,0,13107,17040,26215,17049,13107,17043,0,0,0,70,68,100,2.7302359370752657e+23,71.2,2.7302370179391762e+23,74.2,2.7302370179391762e+23,74.0,1,49,50,180,13107,52429,0,0,0.0,0.0,0.0,0.0,-0.0,67.0,0.0,162057.094,0.0,751,0,739,0,0,0,721,0,767,0,736,0,742,0,742,0,712,0,7520,0.032,107911053312.0,0.0,0.0,784,16797,-0.0,162057.094,-114818.039,-0.0,0.133,6.909358625270745e+28,30.0,65.0,35,0.0,0.0,0.0,0.0,0.0,0.0,0.0,0.0,0.0,0.0,0.0,0.0,0.0,0.0,0.0,0.0,69.2,0,150,71,55,65476,0,300,0,1,8,20529,65476,0,0,40632,65.0,0.0,0.0,0.0,0.0,0.0
2026-09-04T20:18:32,ERR,ERR,ERR,ERR,ERR,ERR,ERR,ERR,ERR,ERR,ERR,ERR,ERR,ERR,ERR,ERR,ERR,ERR,ERR,ERR,ERR,ERR,ERR,ERR,ERR,ERR,ERR,ERR,ERR,ERR,ERR,ERR,ERR,ERR,ERR,ERR,ERR,ERR,ERR,ERR,ERR,ERR,ERR,ERR,ERR,ERR,ERR,ERR,ERR,ERR,ERR,ERR,ERR,ERR,ERR,ERR,ERR,ERR,ERR,ERR,ERR,ERR,ERR,ERR,ERR,ERR,ERR,ERR,ERR,ERR,ERR,ERR,ERR,ERR,ERR,ERR,ERR,ERR,ERR,ERR,ERR,ERR,ERR,ERR,ERR,ERR,ERR,ERR,ERR,ERR,ERR,ERR,ERR,ERR,ERR,ERR,ERR,ERR,ERR,ERR,ERR,ERR,ERR,ERR,ERR,ERR,ERR,ERR,ERR,ERR,ERR,ERR,ERR,ERR,ERR,ERR,ERR,ERR,ERR,ERR,ERR,ERR,ERR,ERR,ERR,2.718430741444032e+23,2.7184312818759872e+23,0.0,0.0,0.0,1.3936040501711995e+18,7.805,0.0,0,0,4,0,7116,0.0,100,0.0,0.0,0.0,0.0,0.0,0,0,0,0,0.0,0,0,0,0,0,0,0,0,0,0,0,0,0,0,0,0,0,0,0,0,0,0,0,0,0,0,0,0,0,0,0,0,0,31,40,40,71,65476,0,300,0,0,8,21553,0.0,-107605600.0,0.0,0.0,0.0,0.0,0.0,0.0,0.0,0.0,0.0,0.0,0.0,0.0,0.0,0.0,0.0,0.0,0.0,0.0,0.0,0.0,0.0,-2.004,-2.004,0.0,0.0,0.0,0.0,0.0,6272.0,2.422999433747328e+24,6925.0,2.718430741444032e+23,2.7184312818759872e+23,-0.0,2.718430741444032e+23,0.0,0.0,0.0,0.0,69,3.222031544164523e+26,2.7184265981323747e+23,0.0,0.0,0.0,0.0,0.0,0.0,0.0,0,0,0,0.0,0.0,0.0,0.0,0.0,0.0,0.0,0.0,0.0,0.0,0.0,0.0,0.0,0.0,0.0,0.0,0,-107875648.0,69,0.0,138,0.0,-109447200.0,0,13107,17040,26215,17049,13107,17043,0,0,0,70,68,100,2.7302359370752657e+23,71.2,2.7302370179391762e+23,74.2,2.7302370179391762e+23,74.0,1,49,50,180,13107,52429,0,0,0.0,0.0,0.0,0.0,-0.0,67.0,0.0,162057.094,0.0,751,0,739,0,0,0,721,0,767,0,736,0,742,0,742,0,712,0,7520,0.032,107911053312.0,0.0,0.0,784,16797,-0.0,162057.094,-114818.039,-0.0,0.133,6.909358625270745e+28,30.0,65.0,35,0.0,0.0,0.0,0.0,0.0,0.0,0.0,0.0,0.0,0.0,0.0,0.0,0.0,0.0,0.0,0.0,69.2,0,150,71,55,65476,0,300,0,1,8,20529,65476,0,0,40632,65.0,0.0,0.0,0.0,0.0,0.0
2026-09-04T20:18:33,ERR,ERR,ERR,ERR,ERR,ERR,ERR,ERR,ERR,ERR,ERR,ERR,ERR,ERR,ERR,ERR,ERR,ERR,ERR,ERR,ERR,ERR,ERR,ERR,ERR,ERR,ERR,ERR,ERR,ERR,ERR,ERR,ERR,ERR,ERR,ERR,ERR,ERR,ERR,ERR,ERR,ERR,ERR,ERR,ERR,ERR,ERR,ERR,ERR,ERR,ERR,ERR,ERR,ERR,ERR,ERR,ERR,ERR,ERR,ERR,ERR,ERR,ERR,ERR,ERR,ERR,ERR,ERR,ERR,ERR,ERR,ERR,ERR,ERR,ERR,ERR,ERR,ERR,ERR,ERR,ERR,ERR,ERR,ERR,ERR,ERR,ERR,ERR,ERR,ERR,ERR,ERR,ERR,ERR,ERR,ERR,ERR,ERR,ERR,ERR,ERR,ERR,ERR,ERR,ERR,ERR,ERR,ERR,ERR,ERR,ERR,ERR,ERR,ERR,ERR,ERR,ERR,ERR,ERR,ERR,ERR,ERR,ERR,ERR,ERR,2.718430741444032e+23,2.7184312818759872e+23,0.0,0.0,0.0,1.3936040501711995e+18,7.805,0.0,0,0,4,0,7116,0.0,100,0.0,0.0,0.0,0.0,0.0,0,0,0,0,0.0,0,0,0,0,0,0,0,0,0,0,0,0,0,0,0,0,0,0,0,0,0,0,0,0,0,0,0,0,0,0,0,0,0,31,40,40,71,65476,0,300,0,0,8,21553,0.0,-107605600.0,0.0,0.0,0.0,0.0,0.0,0.0,0.0,0.0,0.0,0.0,0.0,0.0,0.0,0.0,0.0,0.0,0.0,0.0,0.0,0.0,0.0,-2.004,-2.004,0.0,0.0,0.0,0.0,0.0,6272.0,2.422999433747328e+24,6925.0,2.718430741444032e+23,2.7184312818759872e+23,-0.0,2.718430741444032e+23,0.0,0.0,0.0,0.0,69,3.222031544164523e+26,2.7184265981323747e+23,0.0,0.0,0.0,0.0,0.0,0.0,0.0,0,0,0,0.0,0.0,0.0,0.0,0.0,0.0,0.0,0.0,0.0,0.0,0.0,0.0,0.0,0.0,0.0,0.0,0,-107875648.0,69,0.0,138,0.0,-109447200.0,0,13107,17040,26215,17049,13107,17043,0,0,0,70,68,100,2.7302359370752657e+23,71.1,0.0,74.2,2.7302370179391762e+23,74.0,1,49,50,180,13107,52429,0,0,0.0,0.0,0.0,0.0,-0.0,67.0,0.0,162057.094,0.0,751,0,739,0,0,0,721,0,767,0,736,0,742,0,742,0,712,0,7520,0.032,107911053312.0,0.0,0.0,784,16797,-0.0,162057.094,-114818.039,-0.0,0.133,6.909358625270745e+28,30.0,65.0,35,0.0,0.0,0.0,0.0,0.0,0.0,0.0,0.0,0.0,0.0,0.0,0.0,0.0,0.0,0.0,0.0,69.2,0,150,71,55,65476,0,300,0,1,8,20529,65476,0,0,40632,65.0,0.0,0.0,0.0,0.0,0.0
2026-09-04T20:18:34,ERR,ERR,ERR,ERR,ERR,ERR,ERR,ERR,ERR,ERR,ERR,ERR,ERR,ERR,ERR,ERR,ERR,ERR,ERR,ERR,ERR,ERR,ERR,ERR,ERR,ERR,ERR,ERR,ERR,ERR,ERR,ERR,ERR,ERR,ERR,ERR,ERR,ERR,ERR,ERR,ERR,ERR,ERR,ERR,ERR,ERR,ERR,ERR,ERR,ERR,ERR,ERR,ERR,ERR,ERR,ERR,ERR,ERR,ERR,ERR,ERR,ERR,ERR,ERR,ERR,ERR,ERR,ERR,ERR,ERR,ERR,ERR,ERR,ERR,ERR,ERR,ERR,ERR,ERR,ERR,ERR,ERR,ERR,ERR,ERR,ERR,ERR,ERR,ERR,ERR,ERR,ERR,ERR,ERR,ERR,ERR,ERR,ERR,ERR,ERR,ERR,ERR,ERR,ERR,ERR,ERR,ERR,ERR,ERR,ERR,ERR,ERR,ERR,ERR,ERR,ERR,ERR,ERR,ERR,ERR,ERR,ERR,ERR,ERR,ERR,2.718430741444032e+23,2.7184312818759872e+23,0.0,0.0,0.0,1.3936040501711995e+18,7.805,0.0,0,0,4,0,7116,0.0,100,0.0,0.0,0.0,0.0,0.0,0,0,0,0,0.0,0,0,0,0,0,0,0,0,0,0,0,0,0,0,0,0,0,0,0,0,0,0,0,0,0,0,0,0,0,0,0,0,0,31,40,40,71,65476,0,300,0,0,8,21553,0.0,-107605600.0,0.0,0.0,0.0,0.0,0.0,0.0,0.0,0.0,0.0,0.0,0.0,0.0,0.0,0.0,0.0,0.0,0.0,0.0,0.0,0.0,0.0,-2.004,-2.004,0.0,0.0,0.0,0.0,0.0,6272.0,2.422999433747328e+24,6925.0,2.718430741444032e+23,2.7184312818759872e+23,-0.0,2.718430741444032e+23,0.0,0.0,0.0,0.0,69,3.222031544164523e+26,2.7184265981323747e+23,0.0,0.0,0.0,0.0,0.0,0.0,0.0,0,0,0,0.0,0.0,0.0,0.0,0.0,0.0,0.0,0.0,0.0,0.0,0.0,0.0,0.0,0.0,0.0,0.0,0,-107875648.0,69,0.0,138,0.0,-109447200.0,0,13107,17040,26215,17049,13107,17043,0,0,0,70,68,100,2.7302359370752657e+23,71.1,0.0,74.2,2.7302370179391762e+23,74.0,1,49,50,180,13107,52429,0,0,0.0,0.0,0.0,0.0,-0.0,67.0,0.0,162057.094,0.0,751,0,739,0,0,0,721,0,767,0,736,0,742,0,742,0,712,0,7520,0.032,107911053312.0,0.0,0.0,784,16797,-0.0,162057.094,-114818.039,-0.0,0.133,6.909358625270745e+28,30.0,65.0,35,0.0,0.0,0.0,0.0,0.0,0.0,0.0,0.0,0.0,0.0,0.0,0.0,0.0,0.0,0.0,0.0,69.2,0,150,71,55,65476,0,300,0,1,8,20529,65476,0,0,40632,65.0,0.0,0.0,0.0,0.0,0.0
2026-09-04T20:18:35,ERR,ERR,ERR,ERR,ERR,ERR,ERR,ERR,ERR,ERR,ERR,ERR,ERR,ERR,ERR,ERR,ERR,ERR,ERR,ERR,ERR,ERR,ERR,ERR,ERR,ERR,ERR,ERR,ERR,ERR,ERR,ERR,ERR,ERR,ERR,ERR,ERR,ERR,ERR,ERR,ERR,ERR,ERR,ERR,ERR,ERR,ERR,ERR,ERR,ERR,ERR,ERR,ERR,ERR,ERR,ERR,ERR,ERR,ERR,ERR,ERR,ERR,ERR,ERR,ERR,ERR,ERR,ERR,ERR,ERR,ERR,ERR,ERR,ERR,ERR,ERR,ERR,ERR,ERR,ERR,ERR,ERR,ERR,ERR,ERR,ERR,ERR,ERR,ERR,ERR,ERR,ERR,ERR,ERR,ERR,ERR,ERR,ERR,ERR,ERR,ERR,ERR,ERR,ERR,ERR,ERR,ERR,ERR,ERR,ERR,ERR,ERR,ERR,ERR,ERR,ERR,ERR,ERR,ERR,ERR,ERR,ERR,ERR,ERR,ERR,2.718430741444032e+23,2.7184312818759872e+23,0.0,0.0,0.0,1.3936040501711995e+18,7.805,0.0,0,0,4,0,7116,0.0,100,0.0,0.0,0.0,0.0,0.0,0,0,0,0,0.0,0,0,0,0,0,0,0,0,0,0,0,0,0,0,0,0,0,0,0,0,0,0,0,0,0,0,0,0,0,0,0,0,0,31,40,40,71,65476,0,300,0,0,8,21553,0.0,-107605600.0,0.0,0.0,0.0,0.0,0.0,0.0,0.0,0.0,0.0,0.0,0.0,0.0,0.0,0.0,0.0,0.0,0.0,0.0,0.0,0.0,0.0,-2.004,-2.004,0.0,0.0,0.0,0.0,0.0,6272.0,2.422999433747328e+24,6925.0,2.718430741444032e+23,2.7184312818759872e+23,-0.0,2.718430741444032e+23,0.0,0.0,0.0,0.0,69,3.222031544164523e+26,2.7184265981323747e+23,0.0,0.0,0.0,0.0,0.0,0.0,0.0,0,0,0,0.0,0.0,0.0,0.0,0.0,0.0,0.0,0.0,0.0,0.0,0.0,0.0,0.0,0.0,0.0,0.0,0,-107875648.0,69,0.0,138,0.0,-109447200.0,0,13107,17040,26215,17049,13107,17043,0,0,0,70,68,100,2.7302359370752657e+23,71.1,0.0,74.2,2.7302370179391762e+23,74.0,1,49,50,180,13107,52429,0,0,0.0,0.0,0.0,0.0,-0.0,67.0,0.0,162057.094,0.0,751,0,739,0,0,0,721,0,767,0,736,0,742,0,742,0,712,0,7520,0.032,107911053312.0,0.0,0.0,784,16797,-0.0,162057.094,-114818.039,-0.0,0.133,6.909358625270745e+28,30.0,65.0,35,0.0,0.0,0.0,0.0,0.0,0.0,0.0,0.0,0.0,0.0,0.0,0.0,0.0,0.0,0.0,0.0,69.2,0,150,71,55,65476,0,300,0,1,8,20529,65476,0,0,40632,65.0,0.0,0.0,0.0,0.0,0.0
2026-09-04T20:18:36,ERR,ERR,ERR,ERR,ERR,ERR,ERR,ERR,ERR,ERR,ERR,ERR,ERR,ERR,ERR,ERR,ERR,ERR,ERR,ERR,ERR,ERR,ERR,ERR,ERR,ERR,ERR,ERR,ERR,ERR,ERR,ERR,ERR,ERR,ERR,ERR,ERR,ERR,ERR,ERR,ERR,ERR,ERR,ERR,ERR,ERR,ERR,ERR,ERR,ERR,ERR,ERR,ERR,ERR,ERR,ERR,ERR,ERR,ERR,ERR,ERR,ERR,ERR,ERR,ERR,ERR,ERR,ERR,ERR,ERR,ERR,ERR,ERR,ERR,ERR,ERR,ERR,ERR,ERR,ERR,ERR,ERR,ERR,ERR,ERR,ERR,ERR,ERR,ERR,ERR,ERR,ERR,ERR,ERR,ERR,ERR,ERR,ERR,ERR,ERR,ERR,ERR,ERR,ERR,ERR,ERR,ERR,ERR,ERR,ERR,ERR,ERR,ERR,ERR,ERR,ERR,ERR,ERR,ERR,ERR,ERR,ERR,ERR,ERR,ERR,2.718430741444032e+23,2.7184312818759872e+23,0.0,0.0,0.0,1.3936040501711995e+18,7.805,0.0,0,0,4,0,7116,0.0,100,0.0,0.0,0.0,0.0,0.0,0,0,0,0,0.0,0,0,0,0,0,0,0,0,0,0,0,0,0,0,0,0,0,0,0,0,0,0,0,0,0,0,0,0,0,0,0,0,0,31,40,40,71,65476,0,300,0,0,8,21553,0.0,-107605600.0,0.0,0.0,0.0,0.0,0.0,0.0,0.0,0.0,0.0,0.0,0.0,0.0,0.0,0.0,0.0,0.0,0.0,0.0,0.0,0.0,0.0,-2.004,-2.004,0.0,0.0,0.0,0.0,0.0,6272.0,2.422999433747328e+24,6925.0,2.718430741444032e+23,2.7184312818759872e+23,-0.0,2.718430741444032e+23,0.0,0.0,0.0,0.0,69,3.222031544164523e+26,2.7184265981323747e+23,0.0,0.0,0.0,0.0,0.0,0.0,0.0,0,0,0,0.0,0.0,0.0,0.0,0.0,0.0,0.0,0.0,0.0,0.0,0.0,0.0,0.0,0.0,0.0,0.0,0,-107875648.0,69,0.0,138,0.0,-109447200.0,0,13107,17040,26215,17049,13107,17043,0,0,0,70,68,100,2.7302359370752657e+23,71.1,0.0,74.2,2.7302370179391762e+23,74.0,1,49,50,180,13107,52429,0,0,0.0,0.0,0.0,0.0,-0.0,67.0,0.0,162057.094,0.0,751,0,739,0,0,0,721,0,767,0,736,0,742,0,742,0,712,0,7520,0.032,107911053312.0,0.0,0.0,784,16797,-0.0,162057.094,-114818.039,-0.0,0.133,6.909358625270745e+28,30.0,65.0,35,0.0,0.0,0.0,0.0,0.0,0.0,0.0,0.0,0.0,0.0,0.0,0.0,0.0,0.0,0.0,0.0,69.2,0,150,71,55,65476,0,300,0,1,8,20529,65476,0,0,40632,65.0,0.0,0.0,0.0,0.0,0.0
2026-09-04T20:18:37,ERR,ERR,ERR,ERR,ERR,ERR,ERR,ERR,ERR,ERR,ERR,ERR,ERR,ERR,ERR,ERR,ERR,ERR,ERR,ERR,ERR,ERR,ERR,ERR,ERR,ERR,ERR,ERR,ERR,ERR,ERR,ERR,ERR,ERR,ERR,ERR,ERR,ERR,ERR,ERR,ERR,ERR,ERR,ERR,ERR,ERR,ERR,ERR,ERR,ERR,ERR,ERR,ERR,ERR,ERR,ERR,ERR,ERR,ERR,ERR,ERR,ERR,ERR,ERR,ERR,ERR,ERR,ERR,ERR,ERR,ERR,ERR,ERR,ERR,ERR,ERR,ERR,ERR,ERR,ERR,ERR,ERR,ERR,ERR,ERR,ERR,ERR,ERR,ERR,ERR,ERR,ERR,ERR,ERR,ERR,ERR,ERR,ERR,ERR,ERR,ERR,ERR,ERR,ERR,ERR,ERR,ERR,ERR,ERR,ERR,ERR,ERR,ERR,ERR,ERR,ERR,ERR,ERR,ERR,ERR,ERR,ERR,ERR,ERR,ERR,2.718430741444032e+23,2.7184312818759872e+23,0.0,0.0,0.0,1.3936040501711995e+18,7.805,0.0,0,0,4,0,7116,0.0,100,0.0,0.0,0.0,0.0,0.0,0,0,0,0,0.0,0,0,0,0,0,0,0,0,0,0,0,0,0,0,0,0,0,0,0,0,0,0,0,0,0,0,0,0,0,0,0,0,0,31,40,40,71,65476,0,300,0,0,8,21553,0.0,-107605600.0,0.0,0.0,0.0,0.0,0.0,0.0,0.0,0.0,0.0,0.0,0.0,0.0,0.0,0.0,0.0,0.0,0.0,0.0,0.0,0.0,0.0,-2.004,-2.004,0.0,0.0,0.0,0.0,0.0,6272.0,2.422999433747328e+24,6925.0,2.718430741444032e+23,2.7184312818759872e+23,-0.0,2.718430741444032e+23,0.0,0.0,0.0,0.0,69,3.222031544164523e+26,2.7184265981323747e+23,0.0,0.0,0.0,0.0,0.0,0.0,0.0,0,0,0,0.0,0.0,0.0,0.0,0.0,0.0,0.0,0.0,0.0,0.0,0.0,0.0,0.0,0.0,0.0,0.0,0,-107875648.0,69,0.0,138,0.0,-109447200.0,0,13107,17040,26215,17049,13107,17043,0,0,0,70,68,100,2.7302359370752657e+23,71.1,0.0,74.2,2.7302370179391762e+23,74.0,1,49,50,180,13107,52429,0,0,0.0,0.0,0.0,0.0,-0.0,67.0,0.0,162057.094,0.0,751,0,739,0,0,0,721,0,767,0,736,0,742,0,742,0,712,0,7520,0.032,107911053312.0,0.0,0.0,784,16797,-0.0,162057.094,-114818.039,-0.0,0.133,6.909358625270745e+28,30.0,65.0,35,0.0,0.0,0.0,0.0,0.0,0.0,0.0,0.0,0.0,0.0,0.0,0.0,0.0,0.0,0.0,0.0,69.2,0,150,71,55,65476,0,300,0,1,8,20529,65476,0,0,40632,65.0,0.0,0.0,0.0,0.0,0.0
2026-09-04T20:18:38,ERR,ERR,ERR,ERR,ERR,ERR,ERR,ERR,ERR,ERR,ERR,ERR,ERR,ERR,ERR,ERR,ERR,ERR,ERR,ERR,ERR,ERR,ERR,ERR,ERR,ERR,ERR,ERR,ERR,ERR,ERR,ERR,ERR,ERR,ERR,ERR,ERR,ERR,ERR,ERR,ERR,ERR,ERR,ERR,ERR,ERR,ERR,ERR,ERR,ERR,ERR,ERR,ERR,ERR,ERR,ERR,ERR,ERR,ERR,ERR,ERR,ERR,ERR,ERR,ERR,ERR,ERR,ERR,ERR,ERR,ERR,ERR,ERR,ERR,ERR,ERR,ERR,ERR,ERR,ERR,ERR,ERR,ERR,ERR,ERR,ERR,ERR,ERR,ERR,ERR,ERR,ERR,ERR,ERR,ERR,ERR,ERR,ERR,ERR,ERR,ERR,ERR,ERR,ERR,ERR,ERR,ERR,ERR,ERR,ERR,ERR,ERR,ERR,ERR,ERR,ERR,ERR,ERR,ERR,ERR,ERR,ERR,ERR,ERR,ERR,2.718430741444032e+23,2.7184312818759872e+23,0.0,0.0,0.0,1.3936040501711995e+18,7.805,0.0,0,0,4,0,7116,0.0,100,0.0,0.0,0.0,0.0,0.0,0,0,0,0,0.0,0,0,0,0,0,0,0,0,0,0,0,0,0,0,0,0,0,0,0,0,0,0,0,0,0,0,0,0,0,0,0,0,0,31,40,40,71,65476,0,300,0,0,8,21553,0.0,-107605600.0,0.0,0.0,0.0,0.0,0.0,0.0,0.0,0.0,0.0,0.0,0.0,0.0,0.0,0.0,0.0,0.0,0.0,0.0,0.0,0.0,0.0,-2.004,-2.004,0.0,0.0,0.0,0.0,0.0,6272.0,2.422999433747328e+24,6925.0,2.718430741444032e+23,2.7184312818759872e+23,-0.0,2.718430741444032e+23,0.0,0.0,0.0,0.0,69,3.222031544164523e+26,2.7184265981323747e+23,0.0,0.0,0.0,0.0,0.0,0.0,0.0,0,0,0,0.0,0.0,0.0,0.0,0.0,0.0,0.0,0.0,0.0,0.0,0.0,0.0,0.0,0.0,0.0,0.0,0,-107875648.0,69,0.0,138,0.0,-109447200.0,0,13107,17040,26215,17049,13107,17043,0,0,0,70,68,100,2.7302359370752657e+23,71.2,2.7302370179391762e+23,74.2,2.7302370179391762e+23,74.0,1,49,50,180,13107,52429,0,0,0.0,0.0,0.0,0.0,-0.0,67.0,0.0,162057.094,0.0,751,0,739,0,0,0,721,0,767,0,736,0,742,0,742,0,712,0,7520,0.032,105763569664.0,0.0,0.0,784,16797,-0.0,162057.094,-114818.039,-0.0,0.133,6.909358625270745e+28,30.0,65.0,35,0.0,0.0,0.0,0.0,0.0,0.0,0.0,0.0,0.0,0.0,0.0,0.0,0.0,0.0,0.0,0.0,69.2,0,150,71,55,65476,0,300,0,1,8,20529,65476,0,0,40632,65.0,0.0,0.0,0.0,0.0,0.0
2026-09-04T20:18:39,ERR,ERR,ERR,ERR,ERR,ERR,ERR,ERR,ERR,ERR,ERR,ERR,ERR,ERR,ERR,ERR,ERR,ERR,ERR,ERR,ERR,ERR,ERR,ERR,ERR,ERR,ERR,ERR,ERR,ERR,ERR,ERR,ERR,ERR,ERR,ERR,ERR,ERR,ERR,ERR,ERR,ERR,ERR,ERR,ERR,ERR,ERR,ERR,ERR,ERR,ERR,ERR,ERR,ERR,ERR,ERR,ERR,ERR,ERR,ERR,ERR,ERR,ERR,ERR,ERR,ERR,ERR,ERR,ERR,ERR,ERR,ERR,ERR,ERR,ERR,ERR,ERR,ERR,ERR,ERR,ERR,ERR,ERR,ERR,ERR,ERR,ERR,ERR,ERR,ERR,ERR,ERR,ERR,ERR,ERR,ERR,ERR,ERR,ERR,ERR,ERR,ERR,ERR,ERR,ERR,ERR,ERR,ERR,ERR,ERR,ERR,ERR,ERR,ERR,ERR,ERR,ERR,ERR,ERR,ERR,ERR,ERR,ERR,ERR,ERR,0.0,2.7184312818759872e+23,-100793952.0,0.0,0.0,1.3936040501711995e+18,7.805,0.0,0,0,4,0,7116,0.0,100,0.0,0.0,0.0,0.0,0.0,0,0,0,0,0.0,0,0,0,0,0,0,0,0,0,0,0,0,0,0,0,0,0,0,0,0,0,0,0,0,0,0,0,0,0,0,0,0,0,31,40,40,71,65476,0,300,0,0,8,21553,0.0,-107605600.0,0.0,0.0,0.0,0.0,0.0,0.0,0.0,0.0,0.0,0.0,0.0,0.0,0.0,0.0,0.0,0.0,0.0,0.0,0.0,0.0,0.0,-2.004,-2.004,0.0,0.0,0.0,0.0,0.0,6302.0,0.0,6913.0,0.0,2.7184312818759872e+23,-0.0,2.718430741444032e+23,0.0,0.0,0.0,0.0,69,3.222031544164523e+26,-107615184.0,0.0,0.0,0.0,0.0,0.0,0.0,0.0,0,0,0,0.0,0.0,0.0,0.0,0.0,0.0,0.0,0.0,0.0,0.0,0.0,0.0,0.0,0.0,0.0,0.0,0,-107875648.0,69,0.0,138,0.0,-109447200.0,0,13107,17040,26215,17049,13107,17043,0,0,0,70,68,100,2.7302359370752657e+23,71.2,2.7302370179391762e+23,74.2,2.7302370179391762e+23,74.0,1,49,50,180,13107,52429,0,0,0.0,0.0,0.0,0.0,-0.0,67.0,0.0,162057.094,0.0,751,0,739,0,0,0,721,0,767,0,736,0,742,0,742,0,712,0,7520,0.032,105763569664.0,0.0,0.0,784,16797,-0.0,162057.094,-114818.039,-0.0,0.133,6.909358625270745e+28,30.0,65.0,35,0.0,0.0,0.0,0.0,0.0,0.0,0.0,0.0,0.0,0.0,0.0,0.0,0.0,0.0,0.0,0.0,69.2,0,150,71,55,65476,0,300,0,1,8,20529,65476,0,0,40632,65.0,0.0,0.0,0.0,0.0,0.0
2026-09-04T20:18:40,ERR,ERR,ERR,ERR,ERR,ERR,ERR,ERR,ERR,ERR,ERR,ERR,ERR,ERR,ERR,ERR,ERR,ERR,ERR,ERR,ERR,ERR,ERR,ERR,ERR,ERR,ERR,ERR,ERR,ERR,ERR,ERR,ERR,ERR,ERR,ERR,ERR,ERR,ERR,ERR,ERR,ERR,ERR,ERR,ERR,ERR,ERR,ERR,ERR,ERR,ERR,ERR,ERR,ERR,ERR,ERR,ERR,ERR,ERR,ERR,ERR,ERR,ERR,ERR,ERR,ERR,ERR,ERR,ERR,ERR,ERR,ERR,ERR,ERR,ERR,ERR,ERR,ERR,ERR,ERR,ERR,ERR,ERR,ERR,ERR,ERR,ERR,ERR,ERR,ERR,ERR,ERR,ERR,ERR,ERR,ERR,ERR,ERR,ERR,ERR,ERR,ERR,ERR,ERR,ERR,ERR,ERR,ERR,ERR,ERR,ERR,ERR,ERR,ERR,ERR,ERR,ERR,ERR,ERR,ERR,ERR,ERR,ERR,ERR,ERR,0.0,2.7184312818759872e+23,-100793952.0,0.0,0.0,1.3936040501711995e+18,7.805,0.0,0,0,4,0,7116,0.0,100,0.0,0.0,0.0,0.0,0.0,0,0,0,0,0.0,0,0,0,0,0,0,0,0,0,0,0,0,0,0,0,0,0,0,0,0,0,0,0,0,0,0,0,0,0,0,0,0,0,31,40,40,71,65476,0,300,0,0,8,21553,0.0,-107605600.0,0.0,0.0,0.0,0.0,0.0,0.0,0.0,0.0,0.0,0.0,0.0,0.0,0.0,0.0,0.0,0.0,0.0,0.0,0.0,0.0,0.0,-2.004,-2.004,0.0,0.0,0.0,0.0,0.0,6302.0,0.0,6913.0,0.0,2.7184312818759872e+23,-0.0,2.718430741444032e+23,0.0,0.0,0.0,0.0,69,3.222031544164523e+26,-107615184.0,0.0,0.0,0.0,0.0,0.0,0.0,0.0,0,0,0,0.0,0.0,0.0,0.0,0.0,0.0,0.0,0.0,0.0,0.0,0.0,0.0,0.0,0.0,0.0,0.0,0,-107875648.0,69,0.0,138,0.0,-109447200.0,0,13107,17040,26215,17049,13107,17043,0,0,0,70,68,100,2.7302359370752657e+23,71.2,2.7302370179391762e+23,74.2,2.7302370179391762e+23,74.0,1,49,50,180,13107,52429,0,0,0.0,0.0,0.0,0.0,-0.0,67.0,0.0,162057.094,0.0,751,0,739,0,0,0,721,0,767,0,736,0,742,0,742,0,712,0,7520,0.032,105763569664.0,0.0,0.0,784,16797,-0.0,162057.094,-114818.039,-0.0,0.133,6.909358625270745e+28,30.0,65.0,35,0.0,0.0,0.0,0.0,0.0,0.0,0.0,0.0,0.0,0.0,0.0,0.0,0.0,0.0,0.0,0.0,69.2,0,150,71,55,65476,0,300,0,1,8,20529,65476,0,0,40632,65.0,0.0,0.0,0.0,0.0,0.0
2026-09-04T20:18:41,ERR,ERR,ERR,ERR,ERR,ERR,ERR,ERR,ERR,ERR,ERR,ERR,ERR,ERR,ERR,ERR,ERR,ERR,ERR,ERR,ERR,ERR,ERR,ERR,ERR,ERR,ERR,ERR,ERR,ERR,ERR,ERR,ERR,ERR,ERR,ERR,ERR,ERR,ERR,ERR,ERR,ERR,ERR,ERR,ERR,ERR,ERR,ERR,ERR,ERR,ERR,ERR,ERR,ERR,ERR,ERR,ERR,ERR,ERR,ERR,ERR,ERR,ERR,ERR,ERR,ERR,ERR,ERR,ERR,ERR,ERR,ERR,ERR,ERR,ERR,ERR,ERR,ERR,ERR,ERR,ERR,ERR,ERR,ERR,ERR,ERR,ERR,ERR,ERR,ERR,ERR,ERR,ERR,ERR,ERR,ERR,ERR,ERR,ERR,ERR,ERR,ERR,ERR,ERR,ERR,ERR,ERR,ERR,ERR,ERR,ERR,ERR,ERR,ERR,ERR,ERR,ERR,ERR,ERR,ERR,ERR,ERR,ERR,ERR,ERR,0.0,2.7184312818759872e+23,-100793952.0,0.0,0.0,1.3936040501711995e+18,7.805,0.0,0,0,4,0,7116,0.0,100,0.0,0.0,0.0,0.0,0.0,0,0,0,0,0.0,0,0,0,0,0,0,0,0,0,0,0,0,0,0,0,0,0,0,0,0,0,0,0,0,0,0,0,0,0,0,0,0,0,31,40,40,71,65476,0,300,0,0,8,21553,0.0,-107605600.0,0.0,0.0,0.0,0.0,0.0,0.0,0.0,0.0,0.0,0.0,0.0,0.0,0.0,0.0,0.0,0.0,0.0,0.0,0.0,0.0,0.0,-2.004,-2.004,0.0,0.0,0.0,0.0,0.0,6302.0,0.0,6913.0,0.0,2.7184312818759872e+23,-0.0,2.718430741444032e+23,0.0,0.0,0.0,0.0,69,3.222031544164523e+26,-107615184.0,0.0,0.0,0.0,0.0,0.0,0.0,0.0,0,0,0,0.0,0.0,0.0,0.0,0.0,0.0,0.0,0.0,0.0,0.0,0.0,0.0,0.0,0.0,0.0,0.0,0,-107875648.0,69,0.0,138,0.0,-109447200.0,0,13107,17040,26215,17049,13107,17043,0,0,0,70,68,100,2.7302359370752657e+23,71.2,2.7302370179391762e+23,74.2,2.7302370179391762e+23,74.0,1,49,50,180,13107,52429,0,0,0.0,0.0,0.0,0.0,-0.0,67.0,0.0,162057.094,0.0,751,0,739,0,0,0,721,0,767,0,736,0,742,0,742,0,712,0,7520,0.032,105763569664.0,0.0,0.0,784,16797,-0.0,162057.094,-114818.039,-0.0,0.133,6.909358625270745e+28,30.0,65.0,35,0.0,0.0,0.0,0.0,0.0,0.0,0.0,0.0,0.0,0.0,0.0,0.0,0.0,0.0,0.0,0.0,69.2,0,150,71,55,65476,0,300,0,1,8,20529,65476,0,0,40632,65.0,0.0,0.0,0.0,0.0,0.0
2026-09-04T20:18:42,ERR,ERR,ERR,ERR,ERR,ERR,ERR,ERR,ERR,ERR,ERR,ERR,ERR,ERR,ERR,ERR,ERR,ERR,ERR,ERR,ERR,ERR,ERR,ERR,ERR,ERR,ERR,ERR,ERR,ERR,ERR,ERR,ERR,ERR,ERR,ERR,ERR,ERR,ERR,ERR,ERR,ERR,ERR,ERR,ERR,ERR,ERR,ERR,ERR,ERR,ERR,ERR,ERR,ERR,ERR,ERR,ERR,ERR,ERR,ERR,ERR,ERR,ERR,ERR,ERR,ERR,ERR,ERR,ERR,ERR,ERR,ERR,ERR,ERR,ERR,ERR,ERR,ERR,ERR,ERR,ERR,ERR,ERR,ERR,ERR,ERR,ERR,ERR,ERR,ERR,ERR,ERR,ERR,ERR,ERR,ERR,ERR,ERR,ERR,ERR,ERR,ERR,ERR,ERR,ERR,ERR,ERR,ERR,ERR,ERR,ERR,ERR,ERR,ERR,ERR,ERR,ERR,ERR,ERR,ERR,ERR,ERR,ERR,ERR,ERR,0.0,2.7184312818759872e+23,-100793952.0,0.0,0.0,1.3936040501711995e+18,7.805,0.0,0,0,4,0,7116,0.0,100,0.0,0.0,0.0,0.0,0.0,0,0,0,0,0.0,0,0,0,0,0,0,0,0,0,0,0,0,0,0,0,0,0,0,0,0,0,0,0,0,0,0,0,0,0,0,0,0,0,31,40,40,71,65476,0,300,0,0,8,21553,0.0,-107605600.0,0.0,0.0,0.0,0.0,0.0,0.0,0.0,0.0,0.0,0.0,0.0,0.0,0.0,0.0,0.0,0.0,0.0,0.0,0.0,0.0,0.0,-2.004,-2.004,0.0,0.0,0.0,0.0,0.0,6302.0,0.0,6913.0,0.0,2.7184312818759872e+23,-0.0,2.718430741444032e+23,0.0,0.0,0.0,0.0,69,3.222031544164523e+26,-107615184.0,0.0,0.0,0.0,0.0,0.0,0.0,0.0,0,0,0,0.0,0.0,0.0,0.0,0.0,0.0,0.0,0.0,0.0,0.0,0.0,0.0,0.0,0.0,0.0,0.0,0,-107875648.0,69,0.0,138,0.0,-109447200.0,0,13107,17040,26215,17049,13107,17043,0,0,0,70,68,100,2.7302359370752657e+23,71.2,2.7302370179391762e+23,74.2,2.7302370179391762e+23,74.0,1,49,50,180,13107,52429,0,0,0.0,0.0,0.0,0.0,-0.0,67.0,0.0,162057.094,0.0,751,0,739,0,0,0,721,0,767,0,736,0,742,0,742,0,712,0,7520,0.032,105763569664.0,0.0,0.0,784,16797,-0.0,162057.094,-114818.039,-0.0,0.133,6.909358625270745e+28,30.0,65.0,35,0.0,0.0,0.0,0.0,0.0,0.0,0.0,0.0,0.0,0.0,0.0,0.0,0.0,0.0,0.0,0.0,69.2,0,150,71,55,65476,0,300,0,1,8,20529,65476,0,0,40632,65.0,0.0,0.0,0.0,0.0,0.0
2026-09-04T20:18:43,ERR,ERR,ERR,ERR,ERR,ERR,ERR,ERR,ERR,ERR,ERR,ERR,ERR,ERR,ERR,ERR,ERR,ERR,ERR,ERR,ERR,ERR,ERR,ERR,ERR,ERR,ERR,ERR,ERR,ERR,ERR,ERR,ERR,ERR,ERR,ERR,ERR,ERR,ERR,ERR,ERR,ERR,ERR,ERR,ERR,ERR,ERR,ERR,ERR,ERR,ERR,ERR,ERR,ERR,ERR,ERR,ERR,ERR,ERR,ERR,ERR,ERR,ERR,ERR,ERR,ERR,ERR,ERR,ERR,ERR,ERR,ERR,ERR,ERR,ERR,ERR,ERR,ERR,ERR,ERR,ERR,ERR,ERR,ERR,ERR,ERR,ERR,ERR,ERR,ERR,ERR,ERR,ERR,ERR,ERR,ERR,ERR,ERR,ERR,ERR,ERR,ERR,ERR,ERR,ERR,ERR,ERR,ERR,ERR,ERR,ERR,ERR,ERR,ERR,ERR,ERR,ERR,ERR,ERR,ERR,ERR,ERR,ERR,ERR,ERR,0.0,2.7184312818759872e+23,-100793952.0,0.0,0.0,1.3936040501711995e+18,7.805,0.0,0,0,4,0,7116,0.0,100,0.0,0.0,0.0,0.0,0.0,0,0,0,0,0.0,0,0,0,0,0,0,0,0,0,0,0,0,0,0,0,0,0,0,0,0,0,0,0,0,0,0,0,0,0,0,0,0,0,31,40,40,71,65476,0,300,0,0,8,21553,0.0,-107605600.0,0.0,0.0,0.0,0.0,0.0,0.0,0.0,0.0,0.0,0.0,0.0,0.0,0.0,0.0,0.0,0.0,0.0,0.0,0.0,0.0,0.0,-2.004,-2.004,0.0,0.0,0.0,0.0,0.0,6302.0,0.0,6913.0,0.0,2.7184312818759872e+23,-0.0,2.718430741444032e+23,0.0,0.0,0.0,0.0,69,3.222031544164523e+26,-107615184.0,0.0,0.0,0.0,0.0,0.0,0.0,0.0,0,0,0,0.0,0.0,0.0,0.0,0.0,0.0,0.0,0.0,0.0,0.0,0.0,0.0,0.0,0.0,0.0,0.0,0,-107875648.0,69,0.0,138,0.0,-109447200.0,0,13107,17040,26215,17049,13107,17043,0,0,0,70,68,100,2.7302359370752657e+23,71.2,2.7302370179391762e+23,74.2,2.7302370179391762e+23,74.0,1,49,50,180,13107,52429,0,0,0.0,0.0,0.0,0.0,-0.0,67.0,0.0,162057.094,0.0,751,0,739,0,0,0,721,0,767,0,736,0,742,0,742,0,712,0,7520,0.032,107911053312.0,0.0,0.0,784,16797,-0.0,162057.094,-114818.039,-0.0,0.133,6.909358625270745e+28,30.0,65.0,35,0.0,0.0,0.0,0.0,0.0,0.0,0.0,0.0,0.0,0.0,0.0,0.0,0.0,0.0,0.0,0.0,69.2,0,150,71,55,65476,0,300,0,1,8,20529,65476,0,0,40632,65.0,0.0,0.0,0.0,0.0,0.0
2026-09-04T20:18:44,ERR,ERR,ERR,ERR,ERR,ERR,ERR,ERR,ERR,ERR,ERR,ERR,ERR,ERR,ERR,ERR,ERR,ERR,ERR,ERR,ERR,ERR,ERR,ERR,ERR,ERR,ERR,ERR,ERR,ERR,ERR,ERR,ERR,ERR,ERR,ERR,ERR,ERR,ERR,ERR,ERR,ERR,ERR,ERR,ERR,ERR,ERR,ERR,ERR,ERR,ERR,ERR,ERR,ERR,ERR,ERR,ERR,ERR,ERR,ERR,ERR,ERR,ERR,ERR,ERR,ERR,ERR,ERR,ERR,ERR,ERR,ERR,ERR,ERR,ERR,ERR,ERR,ERR,ERR,ERR,ERR,ERR,ERR,ERR,ERR,ERR,ERR,ERR,ERR,ERR,ERR,ERR,ERR,ERR,ERR,ERR,ERR,ERR,ERR,ERR,ERR,ERR,ERR,ERR,ERR,ERR,ERR,ERR,ERR,ERR,ERR,ERR,ERR,ERR,ERR,ERR,ERR,ERR,ERR,ERR,ERR,ERR,ERR,ERR,ERR,0.0,2.7184312818759872e+23,-100793952.0,0.0,0.0,1.3936040501711995e+18,7.805,0.0,0,0,4,0,7116,0.0,100,0.0,0.0,0.0,0.0,0.0,0,0,0,0,0.0,0,0,0,0,0,0,0,0,0,0,0,0,0,0,0,0,0,0,0,0,0,0,0,0,0,0,0,0,0,0,0,0,0,31,40,40,71,65476,0,300,0,0,8,21553,0.0,-107605600.0,0.0,0.0,0.0,0.0,0.0,0.0,0.0,0.0,0.0,0.0,0.0,0.0,0.0,0.0,0.0,0.0,0.0,0.0,0.0,0.0,0.0,-2.004,-2.004,0.0,0.0,0.0,0.0,0.0,6302.0,0.0,6913.0,0.0,2.7184312818759872e+23,-0.0,2.718430741444032e+23,0.0,0.0,0.0,0.0,69,3.222031544164523e+26,-107615184.0,0.0,0.0,0.0,0.0,0.0,0.0,0.0,0,0,0,0.0,0.0,0.0,0.0,0.0,0.0,0.0,0.0,0.0,0.0,0.0,0.0,0.0,0.0,0.0,0.0,0,-107875648.0,69,0.0,138,0.0,-109447200.0,0,13107,17040,26215,17049,13107,17043,0,0,0,70,68,100,2.7302359370752657e+23,71.2,2.7302370179391762e+23,74.2,2.7302370179391762e+23,74.0,1,49,50,180,13107,52429,0,0,0.0,0.0,0.0,0.0,-0.0,67.0,0.0,162057.094,0.0,751,0,739,0,0,0,721,0,767,0,736,0,742,0,742,0,712,0,7520,0.032,107911053312.0,0.0,0.0,784,16797,-0.0,162057.094,-114818.039,-0.0,0.133,6.909358625270745e+28,30.0,65.0,35,0.0,0.0,0.0,0.0,0.0,0.0,0.0,0.0,0.0,0.0,0.0,0.0,0.0,0.0,0.0,0.0,69.2,0,150,71,55,65476,0,300,0,1,8,20529,65476,0,0,40632,65.0,0.0,0.0,0.0,0.0,0.0
2026-09-04T20:18:45,ERR,ERR,ERR,ERR,ERR,ERR,ERR,ERR,ERR,ERR,ERR,ERR,ERR,ERR,ERR,ERR,ERR,ERR,ERR,ERR,ERR,ERR,ERR,ERR,ERR,ERR,ERR,ERR,ERR,ERR,ERR,ERR,ERR,ERR,ERR,ERR,ERR,ERR,ERR,ERR,ERR,ERR,ERR,ERR,ERR,ERR,ERR,ERR,ERR,ERR,ERR,ERR,ERR,ERR,ERR,ERR,ERR,ERR,ERR,ERR,ERR,ERR,ERR,ERR,ERR,ERR,ERR,ERR,ERR,ERR,ERR,ERR,ERR,ERR,ERR,ERR,ERR,ERR,ERR,ERR,ERR,ERR,ERR,ERR,ERR,ERR,ERR,ERR,ERR,ERR,ERR,ERR,ERR,ERR,ERR,ERR,ERR,ERR,ERR,ERR,ERR,ERR,ERR,ERR,ERR,ERR,ERR,ERR,ERR,ERR,ERR,ERR,ERR,ERR,ERR,ERR,ERR,ERR,ERR,ERR,ERR,ERR,ERR,ERR,ERR,0.0,2.7184312818759872e+23,-100793952.0,0.0,0.0,1.3936040501711995e+18,7.805,0.0,0,0,4,0,7116,0.0,100,0.0,0.0,0.0,0.0,0.0,0,0,0,0,0.0,0,0,0,0,0,0,0,0,0,0,0,0,0,0,0,0,0,0,0,0,0,0,0,0,0,0,0,0,0,0,0,0,0,31,40,40,71,65476,0,300,0,0,8,21553,0.0,-107605600.0,0.0,0.0,0.0,0.0,0.0,0.0,0.0,0.0,0.0,0.0,0.0,0.0,0.0,0.0,0.0,0.0,0.0,0.0,0.0,0.0,0.0,-2.004,-2.004,0.0,0.0,0.0,0.0,0.0,6302.0,0.0,6913.0,0.0,2.7184312818759872e+23,-0.0,2.718430741444032e+23,0.0,0.0,0.0,0.0,69,3.222031544164523e+26,-107615184.0,0.0,0.0,0.0,0.0,0.0,0.0,0.0,0,0,0,0.0,0.0,0.0,0.0,0.0,0.0,0.0,0.0,0.0,0.0,0.0,0.0,0.0,0.0,0.0,0.0,0,-107875648.0,69,0.0,138,0.0,-109447200.0,0,13107,17040,26215,17049,13107,17043,0,0,0,70,68,100,2.7302359370752657e+23,71.2,2.7302370179391762e+23,74.2,2.7302370179391762e+23,74.0,1,49,50,180,13107,52429,0,0,0.0,0.0,0.0,0.0,-0.0,67.0,0.0,162057.094,0.0,751,0,739,0,0,0,721,0,767,0,736,0,742,0,742,0,712,0,7520,0.032,107911053312.0,0.0,0.0,784,16797,-0.0,162057.094,-114818.039,-0.0,0.133,6.909358625270745e+28,30.0,65.0,35,0.0,0.0,0.0,0.0,0.0,0.0,0.0,0.0,0.0,0.0,0.0,0.0,0.0,0.0,0.0,0.0,69.2,0,150,71,55,65476,0,300,0,1,8,20529,65476,0,0,40632,65.0,0.0,0.0,0.0,0.0,0.0
2026-09-04T20:18:46,ERR,ERR,ERR,ERR,ERR,ERR,ERR,ERR,ERR,ERR,ERR,ERR,ERR,ERR,ERR,ERR,ERR,ERR,ERR,ERR,ERR,ERR,ERR,ERR,ERR,ERR,ERR,ERR,ERR,ERR,ERR,ERR,ERR,ERR,ERR,ERR,ERR,ERR,ERR,ERR,ERR,ERR,ERR,ERR,ERR,ERR,ERR,ERR,ERR,ERR,ERR,ERR,ERR,ERR,ERR,ERR,ERR,ERR,ERR,ERR,ERR,ERR,ERR,ERR,ERR,ERR,ERR,ERR,ERR,ERR,ERR,ERR,ERR,ERR,ERR,ERR,ERR,ERR,ERR,ERR,ERR,ERR,ERR,ERR,ERR,ERR,ERR,ERR,ERR,ERR,ERR,ERR,ERR,ERR,ERR,ERR,ERR,ERR,ERR,ERR,ERR,ERR,ERR,ERR,ERR,ERR,ERR,ERR,ERR,ERR,ERR,ERR,ERR,ERR,ERR,ERR,ERR,ERR,ERR,ERR,ERR,ERR,ERR,ERR,ERR,2.718430741444032e+23,2.7184312818759872e+23,0.0,0.0,0.0,1.3936040501711995e+18,7.805,0.0,0,0,4,0,7116,0.0,100,0.0,0.0,0.0,0.0,0.0,0,0,0,0,0.0,0,0,0,0,0,0,0,0,0,0,0,0,0,0,0,0,0,0,0,0,0,0,0,0,0,0,0,0,0,0,0,0,0,31,40,40,71,65476,0,300,0,0,8,21553,0.0,-107605600.0,0.0,0.0,0.0,0.0,0.0,0.0,0.0,0.0,0.0,0.0,0.0,0.0,0.0,0.0,0.0,0.0,0.0,0.0,0.0,0.0,0.0,-2.004,-2.004,0.0,0.0,0.0,0.0,0.0,6242.0,0.0,6917.0,2.718430741444032e+23,2.7184312818759872e+23,-0.0,2.718430741444032e+23,0.0,0.0,0.0,0.0,69,4.950431692736863e+32,-71.63,0.0,0.0,0.0,0.0,0.0,0.0,0.0,0,0,0,0.0,0.0,0.0,0.0,0.0,0.0,0.0,0.0,0.0,0.0,0.0,0.0,0.0,0.0,0.0,0.0,0,-107875648.0,69,0.0,138,0.0,-109447200.0,0,13107,17040,26215,17049,13107,17043,0,0,0,70,68,100,2.7302359370752657e+23,71.2,2.7302370179391762e+23,74.2,2.7302370179391762e+23,74.0,1,49,50,180,13107,52429,0,0,0.0,0.0,0.0,0.0,-0.0,67.0,0.0,162057.094,0.0,751,0,739,0,0,0,721,0,767,0,736,0,742,0,742,0,712,0,7520,0.032,107911053312.0,0.0,0.0,784,16797,-0.0,162057.094,-114818.039,-0.0,0.133,6.909358625270745e+28,30.0,65.0,35,0.0,0.0,0.0,0.0,0.0,0.0,0.0,0.0,0.0,0.0,0.0,0.0,0.0,0.0,0.0,0.0,69.2,0,150,71,55,65476,0,300,0,1,8,20529,65476,0,0,40632,65.0,0.0,0.0,0.0,0.0,0.0
2026-09-04T20:18:47,ERR,ERR,ERR,ERR,ERR,ERR,ERR,ERR,ERR,ERR,ERR,ERR,ERR,ERR,ERR,ERR,ERR,ERR,ERR,ERR,ERR,ERR,ERR,ERR,ERR,ERR,ERR,ERR,ERR,ERR,ERR,ERR,ERR,ERR,ERR,ERR,ERR,ERR,ERR,ERR,ERR,ERR,ERR,ERR,ERR,ERR,ERR,ERR,ERR,ERR,ERR,ERR,ERR,ERR,ERR,ERR,ERR,ERR,ERR,ERR,ERR,ERR,ERR,ERR,ERR,ERR,ERR,ERR,ERR,ERR,ERR,ERR,ERR,ERR,ERR,ERR,ERR,ERR,ERR,ERR,ERR,ERR,ERR,ERR,ERR,ERR,ERR,ERR,ERR,ERR,ERR,ERR,ERR,ERR,ERR,ERR,ERR,ERR,ERR,ERR,ERR,ERR,ERR,ERR,ERR,ERR,ERR,ERR,ERR,ERR,ERR,ERR,ERR,ERR,ERR,ERR,ERR,ERR,ERR,ERR,ERR,ERR,ERR,ERR,ERR,2.718430741444032e+23,2.7184312818759872e+23,0.0,0.0,0.0,1.3936040501711995e+18,7.805,0.0,0,0,4,0,7116,0.0,100,0.0,0.0,0.0,0.0,0.0,0,0,0,0,0.0,0,0,0,0,0,0,0,0,0,0,0,0,0,0,0,0,0,0,0,0,0,0,0,0,0,0,0,0,0,0,0,0,0,31,40,40,71,65476,0,300,0,0,8,21553,0.0,-107605600.0,0.0,0.0,0.0,0.0,0.0,0.0,0.0,0.0,0.0,0.0,0.0,0.0,0.0,0.0,0.0,0.0,0.0,0.0,0.0,0.0,0.0,-2.004,-2.004,0.0,0.0,0.0,0.0,0.0,6242.0,0.0,6917.0,2.718430741444032e+23,2.7184312818759872e+23,-0.0,2.718430741444032e+23,0.0,0.0,0.0,0.0,69,4.950431692736863e+32,-71.63,0.0,0.0,0.0,0.0,0.0,0.0,0.0,0,0,0,0.0,0.0,0.0,0.0,0.0,0.0,0.0,0.0,0.0,0.0,0.0,0.0,0.0,0.0,0.0,0.0,0,-107875648.0,69,0.0,138,0.0,-109447200.0,0,13107,17040,26215,17049,13107,17043,0,0,0,70,68,100,2.7302359370752657e+23,71.2,2.7302370179391762e+23,74.2,2.7302370179391762e+23,74.0,1,49,50,180,13107,52429,0,0,0.0,0.0,0.0,0.0,-0.0,67.0,0.0,162057.094,0.0,751,0,739,0,0,0,721,0,767,0,736,0,742,0,742,0,712,0,7520,0.032,107911053312.0,0.0,0.0,784,16797,-0.0,162057.094,-114818.039,-0.0,0.133,6.909358625270745e+28,30.0,65.0,35,0.0,0.0,0.0,0.0,0.0,0.0,0.0,0.0,0.0,0.0,0.0,0.0,0.0,0.0,0.0,0.0,69.2,0,150,71,55,65476,0,300,0,1,8,20529,65476,0,0,40632,65.0,0.0,0.0,0.0,0.0,0.0
2026-09-04T20:18:48,ERR,ERR,ERR,ERR,ERR,ERR,ERR,ERR,ERR,ERR,ERR,ERR,ERR,ERR,ERR,ERR,ERR,ERR,ERR,ERR,ERR,ERR,ERR,ERR,ERR,ERR,ERR,ERR,ERR,ERR,ERR,ERR,ERR,ERR,ERR,ERR,ERR,ERR,ERR,ERR,ERR,ERR,ERR,ERR,ERR,ERR,ERR,ERR,ERR,ERR,ERR,ERR,ERR,ERR,ERR,ERR,ERR,ERR,ERR,ERR,ERR,ERR,ERR,ERR,ERR,ERR,ERR,ERR,ERR,ERR,ERR,ERR,ERR,ERR,ERR,ERR,ERR,ERR,ERR,ERR,ERR,ERR,ERR,ERR,ERR,ERR,ERR,ERR,ERR,ERR,ERR,ERR,ERR,ERR,ERR,ERR,ERR,ERR,ERR,ERR,ERR,ERR,ERR,ERR,ERR,ERR,ERR,ERR,ERR,ERR,ERR,ERR,ERR,ERR,ERR,ERR,ERR,ERR,ERR,ERR,ERR,ERR,ERR,ERR,ERR,2.718430741444032e+23,2.7184312818759872e+23,0.0,0.0,0.0,1.3936040501711995e+18,7.805,0.0,0,0,4,0,7116,0.0,100,0.0,0.0,0.0,0.0,0.0,0,0,0,0,0.0,0,0,0,0,0,0,0,0,0,0,0,0,0,0,0,0,0,0,0,0,0,0,0,0,0,0,0,0,0,0,0,0,0,31,40,40,71,65476,0,300,0,0,8,21553,0.0,-107605600.0,0.0,0.0,0.0,0.0,0.0,0.0,0.0,0.0,0.0,0.0,0.0,0.0,0.0,0.0,0.0,0.0,0.0,0.0,0.0,0.0,0.0,-2.004,-2.004,0.0,0.0,0.0,0.0,0.0,6242.0,0.0,6917.0,2.718430741444032e+23,2.7184312818759872e+23,-0.0,2.718430741444032e+23,0.0,0.0,0.0,0.0,69,4.950431692736863e+32,-71.63,0.0,0.0,0.0,0.0,0.0,0.0,0.0,0,0,0,0.0,0.0,0.0,0.0,0.0,0.0,0.0,0.0,0.0,0.0,0.0,0.0,0.0,0.0,0.0,0.0,0,-107875648.0,69,0.0,138,0.0,-109447200.0,0,13107,17040,26215,17049,13107,17043,0,0,0,70,68,100,2.7302359370752657e+23,71.2,2.7302370179391762e+23,74.2,2.7302370179391762e+23,74.0,1,49,50,180,13107,52429,0,0,0.0,0.0,0.0,0.0,-0.0,67.0,0.0,162057.094,0.0,751,0,739,0,0,0,721,0,767,0,736,0,742,0,742,0,712,0,7520,0.032,107911053312.0,0.0,0.0,784,16797,-0.0,162057.094,-114818.039,-0.0,0.133,6.909358625270745e+28,30.0,65.0,35,0.0,0.0,0.0,0.0,0.0,0.0,0.0,0.0,0.0,0.0,0.0,0.0,0.0,0.0,0.0,0.0,69.2,0,150,71,55,65476,0,300,0,1,8,20529,65476,0,0,40632,65.0,0.0,0.0,0.0,0.0,0.0
2026-09-04T20:18:49,ERR,ERR,ERR,ERR,ERR,ERR,ERR,ERR,ERR,ERR,ERR,ERR,ERR,ERR,ERR,ERR,ERR,ERR,ERR,ERR,ERR,ERR,ERR,ERR,ERR,ERR,ERR,ERR,ERR,ERR,ERR,ERR,ERR,ERR,ERR,ERR,ERR,ERR,ERR,ERR,ERR,ERR,ERR,ERR,ERR,ERR,ERR,ERR,ERR,ERR,ERR,ERR,ERR,ERR,ERR,ERR,ERR,ERR,ERR,ERR,ERR,ERR,ERR,ERR,ERR,ERR,ERR,ERR,ERR,ERR,ERR,ERR,ERR,ERR,ERR,ERR,ERR,ERR,ERR,ERR,ERR,ERR,ERR,ERR,ERR,ERR,ERR,ERR,ERR,ERR,ERR,ERR,ERR,ERR,ERR,ERR,ERR,ERR,ERR,ERR,ERR,ERR,ERR,ERR,ERR,ERR,ERR,ERR,ERR,ERR,ERR,ERR,ERR,ERR,ERR,ERR,ERR,ERR,ERR,ERR,ERR,ERR,ERR,ERR,ERR,2.718430741444032e+23,2.7184312818759872e+23,0.0,0.0,0.0,1.3936040501711995e+18,7.805,0.0,0,0,4,0,7116,0.0,100,0.0,0.0,0.0,0.0,0.0,0,0,0,0,0.0,0,0,0,0,0,0,0,0,0,0,0,0,0,0,0,0,0,0,0,0,0,0,0,0,0,0,0,0,0,0,0,0,0,31,40,40,71,65476,0,300,0,0,8,21553,0.0,-107605600.0,0.0,0.0,0.0,0.0,0.0,0.0,0.0,0.0,0.0,0.0,0.0,0.0,0.0,0.0,0.0,0.0,0.0,0.0,0.0,0.0,0.0,-2.004,-2.004,0.0,0.0,0.0,0.0,0.0,6242.0,0.0,6917.0,2.718430741444032e+23,2.7184312818759872e+23,-0.0,2.718430741444032e+23,0.0,0.0,0.0,0.0,69,4.950431692736863e+32,-71.63,0.0,0.0,0.0,0.0,0.0,0.0,0.0,0,0,0,0.0,0.0,0.0,0.0,0.0,0.0,0.0,0.0,0.0,0.0,0.0,0.0,0.0,0.0,0.0,0.0,0,-107875648.0,69,0.0,138,0.0,-109447200.0,0,13107,17040,26215,17049,13107,17043,0,0,0,70,68,100,2.7302359370752657e+23,71.2,2.7302370179391762e+23,74.2,2.7302370179391762e+23,74.0,1,49,50,180,13107,52429,0,0,0.0,0.0,0.0,0.0,-0.0,67.0,0.0,162057.094,0.0,751,0,739,0,0,0,721,0,767,0,736,0,742,0,742,0,712,0,7520,0.032,87509958656.0,0.0,0.0,784,16797,-0.0,162057.094,-114818.039,-0.0,0.133,6.909358625270745e+28,30.0,65.0,35,0.0,0.0,0.0,0.0,0.0,0.0,0.0,0.0,0.0,0.0,0.0,0.0,0.0,0.0,0.0,0.0,69.2,0,150,71,55,65476,0,300,0,1,8,20529,65476,0,0,40632,65.0,0.0,0.0,0.0,0.0,0.0
2026-09-04T20:18:50,ERR,ERR,ERR,ERR,ERR,ERR,ERR,ERR,ERR,ERR,ERR,ERR,ERR,ERR,ERR,ERR,ERR,ERR,ERR,ERR,ERR,ERR,ERR,ERR,ERR,ERR,ERR,ERR,ERR,ERR,ERR,ERR,ERR,ERR,ERR,ERR,ERR,ERR,ERR,ERR,ERR,ERR,ERR,ERR,ERR,ERR,ERR,ERR,ERR,ERR,ERR,ERR,ERR,ERR,ERR,ERR,ERR,ERR,ERR,ERR,ERR,ERR,ERR,ERR,ERR,ERR,ERR,ERR,ERR,ERR,ERR,ERR,ERR,ERR,ERR,ERR,ERR,ERR,ERR,ERR,ERR,ERR,ERR,ERR,ERR,ERR,ERR,ERR,ERR,ERR,ERR,ERR,ERR,ERR,ERR,ERR,ERR,ERR,ERR,ERR,ERR,ERR,ERR,ERR,ERR,ERR,ERR,ERR,ERR,ERR,ERR,ERR,ERR,ERR,ERR,ERR,ERR,ERR,ERR,ERR,ERR,ERR,ERR,ERR,ERR,2.718430741444032e+23,2.7184312818759872e+23,0.0,0.0,0.0,1.3936040501711995e+18,7.805,0.0,0,0,4,0,7116,0.0,100,0.0,0.0,0.0,0.0,0.0,0,0,0,0,0.0,0,0,0,0,0,0,0,0,0,0,0,0,0,0,0,0,0,0,0,0,0,0,0,0,0,0,0,0,0,0,0,0,0,31,40,40,71,65476,0,300,0,0,8,21553,0.0,-107605600.0,0.0,0.0,0.0,0.0,0.0,0.0,0.0,0.0,0.0,0.0,0.0,0.0,0.0,0.0,0.0,0.0,0.0,0.0,0.0,0.0,0.0,-2.004,-2.004,0.0,0.0,0.0,0.0,0.0,6242.0,0.0,6917.0,2.718430741444032e+23,2.7184312818759872e+23,-0.0,2.718430741444032e+23,0.0,0.0,0.0,0.0,69,4.950431692736863e+32,-71.63,0.0,0.0,0.0,0.0,0.0,0.0,0.0,0,0,0,0.0,0.0,0.0,0.0,0.0,0.0,0.0,0.0,0.0,0.0,0.0,0.0,0.0,0.0,0.0,0.0,0,-107875648.0,69,0.0,138,0.0,-109447200.0,0,13107,17040,26215,17049,13107,17043,0,0,0,70,68,100,2.7302359370752657e+23,71.2,2.7302370179391762e+23,74.2,2.7302370179391762e+23,74.0,1,49,50,180,13107,52429,0,0,0.0,0.0,0.0,0.0,-0.0,67.0,0.0,162057.094,0.0,751,0,739,0,0,0,721,0,767,0,736,0,742,0,742,0,712,0,7520,0.032,87509958656.0,0.0,0.0,784,16797,-0.0,162057.094,-114818.039,-0.0,0.133,6.909358625270745e+28,30.0,65.0,35,0.0,0.0,0.0,0.0,0.0,0.0,0.0,0.0,0.0,0.0,0.0,0.0,0.0,0.0,0.0,0.0,69.2,0,150,71,55,65476,0,300,0,1,8,20529,65476,0,0,40632,65.0,0.0,0.0,0.0,0.0,0.0
2026-09-04T20:18:51,ERR,ERR,ERR,ERR,ERR,ERR,ERR,ERR,ERR,ERR,ERR,ERR,ERR,ERR,ERR,ERR,ERR,ERR,ERR,ERR,ERR,ERR,ERR,ERR,ERR,ERR,ERR,ERR,ERR,ERR,ERR,ERR,ERR,ERR,ERR,ERR,ERR,ERR,ERR,ERR,ERR,ERR,ERR,ERR,ERR,ERR,ERR,ERR,ERR,ERR,ERR,ERR,ERR,ERR,ERR,ERR,ERR,ERR,ERR,ERR,ERR,ERR,ERR,ERR,ERR,ERR,ERR,ERR,ERR,ERR,ERR,ERR,ERR,ERR,ERR,ERR,ERR,ERR,ERR,ERR,ERR,ERR,ERR,ERR,ERR,ERR,ERR,ERR,ERR,ERR,ERR,ERR,ERR,ERR,ERR,ERR,ERR,ERR,ERR,ERR,ERR,ERR,ERR,ERR,ERR,ERR,ERR,ERR,ERR,ERR,ERR,ERR,ERR,ERR,ERR,ERR,ERR,ERR,ERR,ERR,ERR,ERR,ERR,ERR,ERR,2.718430741444032e+23,2.7184312818759872e+23,0.0,0.0,0.0,1.3936040501711995e+18,7.805,0.0,0,0,4,0,7116,0.0,100,0.0,0.0,0.0,0.0,0.0,0,0,0,0,0.0,0,0,0,0,0,0,0,0,0,0,0,0,0,0,0,0,0,0,0,0,0,0,0,0,0,0,0,0,0,0,0,0,0,31,40,40,71,65476,0,300,0,0,8,21553,0.0,-107605600.0,0.0,0.0,0.0,0.0,0.0,0.0,0.0,0.0,0.0,0.0,0.0,0.0,0.0,0.0,0.0,0.0,0.0,0.0,0.0,0.0,0.0,-2.004,-2.004,0.0,0.0,0.0,0.0,0.0,6242.0,0.0,6917.0,2.718430741444032e+23,2.7184312818759872e+23,-0.0,2.718430741444032e+23,0.0,0.0,0.0,0.0,69,4.950431692736863e+32,-71.63,0.0,0.0,0.0,0.0,0.0,0.0,0.0,0,0,0,0.0,0.0,0.0,0.0,0.0,0.0,0.0,0.0,0.0,0.0,0.0,0.0,0.0,0.0,0.0,0.0,0,-107875648.0,69,0.0,138,0.0,-109447200.0,0,13107,17040,26215,17049,13107,17043,0,0,0,70,68,100,2.7302359370752657e+23,71.2,2.7302370179391762e+23,74.2,2.7302370179391762e+23,74.0,1,49,50,180,13107,52429,0,0,0.0,0.0,0.0,0.0,-0.0,67.0,0.0,162057.094,0.0,751,0,739,0,0,0,721,0,767,0,736,0,742,0,742,0,712,0,7520,0.032,87509958656.0,0.0,0.0,784,16797,-0.0,162057.094,-114818.039,-0.0,0.133,6.909358625270745e+28,30.0,65.0,35,0.0,0.0,0.0,0.0,0.0,0.0,0.0,0.0,0.0,0.0,0.0,0.0,0.0,0.0,0.0,0.0,69.2,0,150,71,55,65476,0,300,0,1,8,20529,65476,0,0,40632,65.0,0.0,0.0,0.0,0.0,0.0
2026-09-04T20:18:52,ERR,ERR,ERR,ERR,ERR,ERR,ERR,ERR,ERR,ERR,ERR,ERR,ERR,ERR,ERR,ERR,ERR,ERR,ERR,ERR,ERR,ERR,ERR,ERR,ERR,ERR,ERR,ERR,ERR,ERR,ERR,ERR,ERR,ERR,ERR,ERR,ERR,ERR,ERR,ERR,ERR,ERR,ERR,ERR,ERR,ERR,ERR,ERR,ERR,ERR,ERR,ERR,ERR,ERR,ERR,ERR,ERR,ERR,ERR,ERR,ERR,ERR,ERR,ERR,ERR,ERR,ERR,ERR,ERR,ERR,ERR,ERR,ERR,ERR,ERR,ERR,ERR,ERR,ERR,ERR,ERR,ERR,ERR,ERR,ERR,ERR,ERR,ERR,ERR,ERR,ERR,ERR,ERR,ERR,ERR,ERR,ERR,ERR,ERR,ERR,ERR,ERR,ERR,ERR,ERR,ERR,ERR,ERR,ERR,ERR,ERR,ERR,ERR,ERR,ERR,ERR,ERR,ERR,ERR,ERR,ERR,ERR,ERR,ERR,ERR,2.718430741444032e+23,2.7184312818759872e+23,0.0,0.0,0.0,1.3936040501711995e+18,7.805,0.0,0,0,4,0,7116,0.0,100,0.0,0.0,0.0,0.0,0.0,0,0,0,0,0.0,0,0,0,0,0,0,0,0,0,0,0,0,0,0,0,0,0,0,0,0,0,0,0,0,0,0,0,0,0,0,0,0,0,31,40,40,71,65476,0,300,0,0,8,21553,0.0,-107605600.0,0.0,0.0,0.0,0.0,0.0,0.0,0.0,0.0,0.0,0.0,0.0,0.0,0.0,0.0,0.0,0.0,0.0,0.0,0.0,0.0,0.0,-2.004,-2.004,0.0,0.0,0.0,0.0,0.0,6242.0,0.0,6917.0,2.718430741444032e+23,2.7184312818759872e+23,-0.0,2.718430741444032e+23,0.0,0.0,0.0,0.0,69,4.950431692736863e+32,-71.63,0.0,0.0,0.0,0.0,0.0,0.0,0.0,0,0,0,0.0,0.0,0.0,0.0,0.0,0.0,0.0,0.0,0.0,0.0,0.0,0.0,0.0,0.0,0.0,0.0,0,-107875648.0,69,0.0,138,0.0,-109447200.0,0,13107,17040,26215,17049,13107,17043,0,0,0,70,68,100,2.7302359370752657e+23,71.2,2.7302370179391762e+23,74.2,2.7302370179391762e+23,74.0,1,49,50,180,13107,52429,0,0,0.0,0.0,0.0,0.0,-0.0,67.0,0.0,162057.094,0.0,751,0,739,0,0,0,721,0,767,0,736,0,742,0,742,0,712,0,7520,0.032,87509958656.0,0.0,0.0,784,16797,-0.0,162057.094,-114818.039,-0.0,0.133,6.909358625270745e+28,30.0,65.0,35,0.0,0.0,0.0,0.0,0.0,0.0,0.0,0.0,0.0,0.0,0.0,0.0,0.0,0.0,0.0,0.0,69.2,0,150,71,55,65476,0,300,0,1,8,20529,65476,0,0,40632,65.0,0.0,0.0,0.0,0.0,0.0
2026-09-04T20:18:53,ERR,ERR,ERR,ERR,ERR,ERR,ERR,ERR,ERR,ERR,ERR,ERR,ERR,ERR,ERR,ERR,ERR,ERR,ERR,ERR,ERR,ERR,ERR,ERR,ERR,ERR,ERR,ERR,ERR,ERR,ERR,ERR,ERR,ERR,ERR,ERR,ERR,ERR,ERR,ERR,ERR,ERR,ERR,ERR,ERR,ERR,ERR,ERR,ERR,ERR,ERR,ERR,ERR,ERR,ERR,ERR,ERR,ERR,ERR,ERR,ERR,ERR,ERR,ERR,ERR,ERR,ERR,ERR,ERR,ERR,ERR,ERR,ERR,ERR,ERR,ERR,ERR,ERR,ERR,ERR,ERR,ERR,ERR,ERR,ERR,ERR,ERR,ERR,ERR,ERR,ERR,ERR,ERR,ERR,ERR,ERR,ERR,ERR,ERR,ERR,ERR,ERR,ERR,ERR,ERR,ERR,ERR,ERR,ERR,ERR,ERR,ERR,ERR,ERR,ERR,ERR,ERR,ERR,ERR,ERR,ERR,ERR,ERR,ERR,ERR,2.718430741444032e+23,2.7184312818759872e+23,0.0,0.0,0.0,1.3936040501711995e+18,7.805,0.0,0,0,4,0,7116,0.0,100,0.0,0.0,0.0,0.0,0.0,0,0,0,0,0.0,0,0,0,0,0,0,0,0,0,0,0,0,0,0,0,0,0,0,0,0,0,0,0,0,0,0,0,0,0,0,0,0,0,31,40,40,71,65476,0,300,0,0,8,21553,0.0,-107605600.0,0.0,0.0,0.0,0.0,0.0,0.0,0.0,0.0,0.0,0.0,0.0,0.0,0.0,0.0,0.0,0.0,0.0,0.0,0.0,0.0,0.0,-2.004,-0.0,0.0,0.0,0.0,0.0,0.0,6268.0,0.0,6919.0,2.718430741444032e+23,2.7184312818759872e+23,-0.0,2.718430741444032e+23,0.0,0.0,0.0,0.0,69,107615408.0,-2.3088366715128722e+20,0.0,0.0,0.0,0.0,0.0,0.0,0.0,0,0,0,0.0,0.0,0.0,0.0,0.0,0.0,0.0,0.0,0.0,0.0,0.0,0.0,0.0,0.0,0.0,0.0,0,-107875648.0,69,0.0,138,0.0,-109447200.0,0,13107,17040,26215,17049,13107,17043,0,0,0,70,68,100,2.7302359370752657e+23,71.2,2.7302370179391762e+23,74.2,2.7302370179391762e+23,74.0,1,49,50,180,13107,52429,0,0,0.0,0.0,0.0,0.0,-0.0,67.0,0.0,162057.094,0.0,751,0,739,0,0,0,721,0,767,0,736,0,742,0,742,0,712,0,7520,0.032,87509958656.0,0.0,0.0,784,16797,-0.0,162057.094,-114818.039,-0.0,0.133,6.909358625270745e+28,30.0,65.0,35,0.0,0.0,0.0,0.0,0.0,0.0,0.0,0.0,0.0,0.0,0.0,0.0,0.0,0.0,0.0,0.0,69.2,0,150,71,55,65476,0,300,0,1,8,20529,65476,0,0,40632,65.0,0.0,0.0,0.0,0.0,0.0
2026-09-04T20:18:54,ERR,ERR,ERR,ERR,ERR,ERR,ERR,ERR,ERR,ERR,ERR,ERR,ERR,ERR,ERR,ERR,ERR,ERR,ERR,ERR,ERR,ERR,ERR,ERR,ERR,ERR,ERR,ERR,ERR,ERR,ERR,ERR,ERR,ERR,ERR,ERR,ERR,ERR,ERR,ERR,ERR,ERR,ERR,ERR,ERR,ERR,ERR,ERR,ERR,ERR,ERR,ERR,ERR,ERR,ERR,ERR,ERR,ERR,ERR,ERR,ERR,ERR,ERR,ERR,ERR,ERR,ERR,ERR,ERR,ERR,ERR,ERR,ERR,ERR,ERR,ERR,ERR,ERR,ERR,ERR,ERR,ERR,ERR,ERR,ERR,ERR,ERR,ERR,ERR,ERR,ERR,ERR,ERR,ERR,ERR,ERR,ERR,ERR,ERR,ERR,ERR,ERR,ERR,ERR,ERR,ERR,ERR,ERR,ERR,ERR,ERR,ERR,ERR,ERR,ERR,ERR,ERR,ERR,ERR,ERR,ERR,ERR,ERR,ERR,ERR,2.718430741444032e+23,2.7184312818759872e+23,0.0,0.0,0.0,1.3936040501711995e+18,7.805,0.0,0,0,4,0,7116,0.0,100,0.0,0.0,0.0,0.0,0.0,0,0,0,0,0.0,0,0,0,0,0,0,0,0,0,0,0,0,0,0,0,0,0,0,0,0,0,0,0,0,0,0,0,0,0,0,0,0,0,31,40,40,71,65476,0,300,0,0,8,21553,0.0,-107605600.0,0.0,0.0,0.0,0.0,0.0,0.0,0.0,0.0,0.0,0.0,0.0,0.0,0.0,0.0,0.0,0.0,0.0,0.0,0.0,0.0,0.0,-2.004,-0.0,0.0,0.0,0.0,0.0,0.0,6268.0,0.0,6919.0,2.718430741444032e+23,2.7184312818759872e+23,-0.0,2.718430741444032e+23,0.0,0.0,0.0,0.0,69,107615408.0,-2.3088366715128722e+20,0.0,0.0,0.0,0.0,0.0,0.0,0.0,0,0,0,0.0,0.0,0.0,0.0,0.0,0.0,0.0,0.0,0.0,0.0,0.0,0.0,0.0,0.0,0.0,0.0,0,-107875648.0,69,0.0,138,0.0,-109447200.0,0,13107,17040,26215,17049,13107,17043,0,0,0,70,68,100,2.7302359370752657e+23,71.1,0.0,74.3,-0.0,74.0,1,49,50,180,13107,52429,0,0,0.0,0.0,0.0,0.0,-0.0,67.0,0.0,162057.094,0.0,751,0,739,0,0,0,721,0,767,0,736,0,742,0,742,0,712,0,7520,0.032,88583700480.0,0.0,0.0,784,16797,-0.0,162057.094,-114818.039,-0.0,0.133,6.909358625270745e+28,30.0,65.0,35,0.0,0.0,0.0,0.0,0.0,0.0,0.0,0.0,0.0,0.0,0.0,0.0,0.0,0.0,0.0,0.0,69.2,0,150,71,55,65476,0,300,0,1,8,20529,65476,0,0,40632,65.0,0.0,0.0,0.0,0.0,0.0
2026-09-04T20:18:55,ERR,ERR,ERR,ERR,ERR,ERR,ERR,ERR,ERR,ERR,ERR,ERR,ERR,ERR,ERR,ERR,ERR,ERR,ERR,ERR,ERR,ERR,ERR,ERR,ERR,ERR,ERR,ERR,ERR,ERR,ERR,ERR,ERR,ERR,ERR,ERR,ERR,ERR,ERR,ERR,ERR,ERR,ERR,ERR,ERR,ERR,ERR,ERR,ERR,ERR,ERR,ERR,ERR,ERR,ERR,ERR,ERR,ERR,ERR,ERR,ERR,ERR,ERR,ERR,ERR,ERR,ERR,ERR,ERR,ERR,ERR,ERR,ERR,ERR,ERR,ERR,ERR,ERR,ERR,ERR,ERR,ERR,ERR,ERR,ERR,ERR,ERR,ERR,ERR,ERR,ERR,ERR,ERR,ERR,ERR,ERR,ERR,ERR,ERR,ERR,ERR,ERR,ERR,ERR,ERR,ERR,ERR,ERR,ERR,ERR,ERR,ERR,ERR,ERR,ERR,ERR,ERR,ERR,ERR,ERR,ERR,ERR,ERR,ERR,ERR,2.718430741444032e+23,2.7184312818759872e+23,0.0,0.0,0.0,1.3936040501711995e+18,7.805,0.0,0,0,4,0,7116,0.0,100,0.0,0.0,0.0,0.0,0.0,0,0,0,0,0.0,0,0,0,0,0,0,0,0,0,0,0,0,0,0,0,0,0,0,0,0,0,0,0,0,0,0,0,0,0,0,0,0,0,31,40,40,71,65476,0,300,0,0,8,21553,0.0,-107605600.0,0.0,0.0,0.0,0.0,0.0,0.0,0.0,0.0,0.0,0.0,0.0,0.0,0.0,0.0,0.0,0.0,0.0,0.0,0.0,0.0,0.0,-2.004,-0.0,0.0,0.0,0.0,0.0,0.0,6268.0,0.0,6919.0,2.718430741444032e+23,2.7184312818759872e+23,-0.0,2.718430741444032e+23,0.0,0.0,0.0,0.0,69,107615408.0,-2.3088366715128722e+20,0.0,0.0,0.0,0.0,0.0,0.0,0.0,0,0,0,0.0,0.0,0.0,0.0,0.0,0.0,0.0,0.0,0.0,0.0,0.0,0.0,0.0,0.0,0.0,0.0,0,-107875648.0,69,0.0,138,0.0,-109447200.0,0,13107,17040,26215,17049,13107,17043,0,0,0,70,68,100,2.7302359370752657e+23,71.1,0.0,74.3,-0.0,74.0,1,49,50,180,13107,52429,0,0,0.0,0.0,0.0,0.0,-0.0,67.0,0.0,162057.094,0.0,751,0,739,0,0,0,721,0,767,0,736,0,742,0,742,0,712,0,7520,0.032,88583700480.0,0.0,0.0,784,16797,-0.0,162057.094,-114818.039,-0.0,0.133,6.909358625270745e+28,30.0,65.0,35,0.0,0.0,0.0,0.0,0.0,0.0,0.0,0.0,0.0,0.0,0.0,0.0,0.0,0.0,0.0,0.0,69.2,0,150,71,55,65476,0,300,0,1,8,20529,65476,0,0,40632,65.0,0.0,0.0,0.0,0.0,0.0
2026-09-04T20:18:56,ERR,ERR,ERR,ERR,ERR,ERR,ERR,ERR,ERR,ERR,ERR,ERR,ERR,ERR,ERR,ERR,ERR,ERR,ERR,ERR,ERR,ERR,ERR,ERR,ERR,ERR,ERR,ERR,ERR,ERR,ERR,ERR,ERR,ERR,ERR,ERR,ERR,ERR,ERR,ERR,ERR,ERR,ERR,ERR,ERR,ERR,ERR,ERR,ERR,ERR,ERR,ERR,ERR,ERR,ERR,ERR,ERR,ERR,ERR,ERR,ERR,ERR,ERR,ERR,ERR,ERR,ERR,ERR,ERR,ERR,ERR,ERR,ERR,ERR,ERR,ERR,ERR,ERR,ERR,ERR,ERR,ERR,ERR,ERR,ERR,ERR,ERR,ERR,ERR,ERR,ERR,ERR,ERR,ERR,ERR,ERR,ERR,ERR,ERR,ERR,ERR,ERR,ERR,ERR,ERR,ERR,ERR,ERR,ERR,ERR,ERR,ERR,ERR,ERR,ERR,ERR,ERR,ERR,ERR,ERR,ERR,ERR,ERR,ERR,ERR,2.718430741444032e+23,2.7184312818759872e+23,0.0,0.0,0.0,1.3936040501711995e+18,7.805,0.0,0,0,4,0,7116,0.0,100,0.0,0.0,0.0,0.0,0.0,0,0,0,0,0.0,0,0,0,0,0,0,0,0,0,0,0,0,0,0,0,0,0,0,0,0,0,0,0,0,0,0,0,0,0,0,0,0,0,31,40,40,71,65476,0,300,0,0,8,21553,0.0,-107605600.0,0.0,0.0,0.0,0.0,0.0,0.0,0.0,0.0,0.0,0.0,0.0,0.0,0.0,0.0,0.0,0.0,0.0,0.0,0.0,0.0,0.0,-2.004,-0.0,0.0,0.0,0.0,0.0,0.0,6268.0,0.0,6919.0,2.718430741444032e+23,2.7184312818759872e+23,-0.0,2.718430741444032e+23,0.0,0.0,0.0,0.0,69,107615408.0,-2.3088366715128722e+20,0.0,0.0,0.0,0.0,0.0,0.0,0.0,0,0,0,0.0,0.0,0.0,0.0,0.0,0.0,0.0,0.0,0.0,0.0,0.0,0.0,0.0,0.0,0.0,0.0,0,-107875648.0,69,0.0,138,0.0,-109447200.0,0,13107,17040,26215,17049,13107,17043,0,0,0,70,68,100,2.7302359370752657e+23,71.1,0.0,74.3,-0.0,74.0,1,49,50,180,13107,52429,0,0,0.0,0.0,0.0,0.0,-0.0,67.0,0.0,162057.094,0.0,751,0,739,0,0,0,721,0,767,0,736,0,742,0,742,0,712,0,7520,0.032,88583700480.0,0.0,0.0,784,16797,-0.0,162057.094,-114818.039,-0.0,0.133,6.909358625270745e+28,30.0,65.0,35,0.0,0.0,0.0,0.0,0.0,0.0,0.0,0.0,0.0,0.0,0.0,0.0,0.0,0.0,0.0,0.0,69.2,0,150,71,55,65476,0,300,0,1,8,20529,65476,0,0,40632,65.0,0.0,0.0,0.0,0.0,0.0
2026-09-04T20:18:57,ERR,ERR,ERR,ERR,ERR,ERR,ERR,ERR,ERR,ERR,ERR,ERR,ERR,ERR,ERR,ERR,ERR,ERR,ERR,ERR,ERR,ERR,ERR,ERR,ERR,ERR,ERR,ERR,ERR,ERR,ERR,ERR,ERR,ERR,ERR,ERR,ERR,ERR,ERR,ERR,ERR,ERR,ERR,ERR,ERR,ERR,ERR,ERR,ERR,ERR,ERR,ERR,ERR,ERR,ERR,ERR,ERR,ERR,ERR,ERR,ERR,ERR,ERR,ERR,ERR,ERR,ERR,ERR,ERR,ERR,ERR,ERR,ERR,ERR,ERR,ERR,ERR,ERR,ERR,ERR,ERR,ERR,ERR,ERR,ERR,ERR,ERR,ERR,ERR,ERR,ERR,ERR,ERR,ERR,ERR,ERR,ERR,ERR,ERR,ERR,ERR,ERR,ERR,ERR,ERR,ERR,ERR,ERR,ERR,ERR,ERR,ERR,ERR,ERR,ERR,ERR,ERR,ERR,ERR,ERR,ERR,ERR,ERR,ERR,ERR,2.718430741444032e+23,2.7184312818759872e+23,0.0,0.0,0.0,1.3936040501711995e+18,7.805,0.0,0,0,4,0,7116,0.0,100,0.0,0.0,0.0,0.0,0.0,0,0,0,0,0.0,0,0,0,0,0,0,0,0,0,0,0,0,0,0,0,0,0,0,0,0,0,0,0,0,0,0,0,0,0,0,0,0,0,31,40,40,71,65476,0,300,0,0,8,21553,0.0,-107605600.0,0.0,0.0,0.0,0.0,0.0,0.0,0.0,0.0,0.0,0.0,0.0,0.0,0.0,0.0,0.0,0.0,0.0,0.0,0.0,0.0,0.0,-2.004,-0.0,0.0,0.0,0.0,0.0,0.0,6268.0,0.0,6919.0,2.718430741444032e+23,2.7184312818759872e+23,-0.0,2.718430741444032e+23,0.0,0.0,0.0,0.0,69,107615408.0,-2.3088366715128722e+20,0.0,0.0,0.0,0.0,0.0,0.0,0.0,0,0,0,0.0,0.0,0.0,0.0,0.0,0.0,0.0,0.0,0.0,0.0,0.0,0.0,0.0,0.0,0.0,0.0,0,-107875648.0,69,0.0,138,0.0,-109447200.0,0,13107,17040,26215,17049,13107,17043,0,0,0,70,68,100,2.7302359370752657e+23,71.1,0.0,74.3,-0.0,74.0,1,49,50,180,13107,52429,0,0,0.0,0.0,0.0,0.0,-0.0,67.0,0.0,162057.094,0.0,751,0,739,0,0,0,721,0,767,0,736,0,742,0,742,0,712,0,7520,0.032,88583700480.0,0.0,0.0,784,16797,-0.0,162057.094,-114818.039,-0.0,0.133,6.909358625270745e+28,30.0,65.0,35,0.0,0.0,0.0,0.0,0.0,0.0,0.0,0.0,0.0,0.0,0.0,0.0,0.0,0.0,0.0,0.0,69.2,0,150,71,55,65476,0,300,0,1,8,20529,65476,0,0,40632,65.0,0.0,0.0,0.0,0.0,0.0
2026-09-04T20:18:58,ERR,ERR,ERR,ERR,ERR,ERR,ERR,ERR,ERR,ERR,ERR,ERR,ERR,ERR,ERR,ERR,ERR,ERR,ERR,ERR,ERR,ERR,ERR,ERR,ERR,ERR,ERR,ERR,ERR,ERR,ERR,ERR,ERR,ERR,ERR,ERR,ERR,ERR,ERR,ERR,ERR,ERR,ERR,ERR,ERR,ERR,ERR,ERR,ERR,ERR,ERR,ERR,ERR,ERR,ERR,ERR,ERR,ERR,ERR,ERR,ERR,ERR,ERR,ERR,ERR,ERR,ERR,ERR,ERR,ERR,ERR,ERR,ERR,ERR,ERR,ERR,ERR,ERR,ERR,ERR,ERR,ERR,ERR,ERR,ERR,ERR,ERR,ERR,ERR,ERR,ERR,ERR,ERR,ERR,ERR,ERR,ERR,ERR,ERR,ERR,ERR,ERR,ERR,ERR,ERR,ERR,ERR,ERR,ERR,ERR,ERR,ERR,ERR,ERR,ERR,ERR,ERR,ERR,ERR,ERR,ERR,ERR,ERR,ERR,ERR,2.718430741444032e+23,2.7184312818759872e+23,0.0,0.0,0.0,1.3936040501711995e+18,7.805,0.0,0,0,4,0,7116,0.0,100,0.0,0.0,0.0,0.0,0.0,0,0,0,0,0.0,0,0,0,0,0,0,0,0,0,0,0,0,0,0,0,0,0,0,0,0,0,0,0,0,0,0,0,0,0,0,0,0,0,31,40,40,71,65476,0,300,0,0,8,21553,0.0,-107605600.0,0.0,0.0,0.0,0.0,0.0,0.0,0.0,0.0,0.0,0.0,0.0,0.0,0.0,0.0,0.0,0.0,0.0,0.0,0.0,0.0,0.0,-2.004,-0.0,0.0,0.0,0.0,0.0,0.0,6268.0,0.0,6919.0,2.718430741444032e+23,2.7184312818759872e+23,-0.0,2.718430741444032e+23,0.0,0.0,0.0,0.0,69,107615408.0,-2.3088366715128722e+20,0.0,0.0,0.0,0.0,0.0,0.0,0.0,0,0,0,0.0,0.0,0.0,0.0,0.0,0.0,0.0,0.0,0.0,0.0,0.0,0.0,0.0,0.0,0.0,0.0,0,-107875648.0,69,0.0,138,0.0,-109447200.0,0,13107,17040,26215,17049,13107,17043,0,0,0,70,68,100,2.7302359370752657e+23,71.1,0.0,74.3,-0.0,74.0,1,49,50,180,13107,52429,0,0,0.0,0.0,0.0,0.0,-0.0,67.0,0.0,162057.094,0.0,751,0,739,0,0,0,721,0,767,0,736,0,742,0,742,0,712,0,7520,0.032,88583700480.0,0.0,0.0,784,16797,-0.0,162057.094,-114818.039,-0.0,0.133,6.909358625270745e+28,30.0,65.0,35,0.0,0.0,0.0,0.0,0.0,0.0,0.0,0.0,0.0,0.0,0.0,0.0,0.0,0.0,0.0,0.0,69.2,0,150,71,55,65476,0,300,0,1,8,20529,65476,0,0,40632,65.0,0.0,0.0,0.0,0.0,0.0
2026-09-04T20:18:59,ERR,ERR,ERR,ERR,ERR,ERR,ERR,ERR,ERR,ERR,ERR,ERR,ERR,ERR,ERR,ERR,ERR,ERR,ERR,ERR,ERR,ERR,ERR,ERR,ERR,ERR,ERR,ERR,ERR,ERR,ERR,ERR,ERR,ERR,ERR,ERR,ERR,ERR,ERR,ERR,ERR,ERR,ERR,ERR,ERR,ERR,ERR,ERR,ERR,ERR,ERR,ERR,ERR,ERR,ERR,ERR,ERR,ERR,ERR,ERR,ERR,ERR,ERR,ERR,ERR,ERR,ERR,ERR,ERR,ERR,ERR,ERR,ERR,ERR,ERR,ERR,ERR,ERR,ERR,ERR,ERR,ERR,ERR,ERR,ERR,ERR,ERR,ERR,ERR,ERR,ERR,ERR,ERR,ERR,ERR,ERR,ERR,ERR,ERR,ERR,ERR,ERR,ERR,ERR,ERR,ERR,ERR,ERR,ERR,ERR,ERR,ERR,ERR,ERR,ERR,ERR,ERR,ERR,ERR,ERR,ERR,ERR,ERR,ERR,ERR,2.718430741444032e+23,2.7184312818759872e+23,0.0,0.0,0.0,1.3936040501711995e+18,7.805,0.0,0,0,4,0,7116,0.0,100,0.0,0.0,0.0,0.0,0.0,0,0,0,0,0.0,0,0,0,0,0,0,0,0,0,0,0,0,0,0,0,0,0,0,0,0,0,0,0,0,0,0,0,0,0,0,0,0,0,31,40,40,71,65476,0,300,0,0,8,21553,0.0,-107605600.0,0.0,0.0,0.0,0.0,0.0,0.0,0.0,0.0,0.0,0.0,0.0,0.0,0.0,0.0,0.0,0.0,0.0,0.0,0.0,0.0,0.0,-2.004,-0.0,0.0,0.0,0.0,0.0,0.0,6268.0,0.0,6919.0,2.718430741444032e+23,2.7184312818759872e+23,-0.0,2.718430741444032e+23,0.0,0.0,0.0,0.0,69,107615408.0,-2.3088366715128722e+20,0.0,0.0,0.0,0.0,0.0,0.0,0.0,0,0,0,0.0,0.0,0.0,0.0,0.0,0.0,0.0,0.0,0.0,0.0,0.0,0.0,0.0,0.0,0.0,0.0,0,-107875648.0,69,0.0,138,0.0,-109447200.0,0,13107,17040,26215,17049,13107,17043,0,0,0,70,68,100,2.7302359370752657e+23,71.2,2.7302370179391762e+23,74.2,2.7302370179391762e+23,74.0,1,49,50,180,13107,52429,0,0,0.0,0.0,0.0,0.0,-0.0,67.0,0.0,162057.094,0.0,751,0,739,0,0,0,721,0,767,0,736,0,742,0,742,0,712,0,7520,0.032,99857989632.0,0.0,0.0,784,16797,-0.0,162057.094,-114818.039,-0.0,0.133,6.909358625270745e+28,30.0,65.0,35,0.0,0.0,0.0,0.0,0.0,0.0,0.0,0.0,0.0,0.0,0.0,0.0,0.0,0.0,0.0,0.0,69.2,0,150,71,55,65476,0,300,0,1,8,20529,65476,0,0,40632,65.0,0.0,0.0,0.0,0.0,0.0
2026-09-04T20:19:00,ERR,ERR,ERR,ERR,ERR,ERR,ERR,ERR,ERR,ERR,ERR,ERR,ERR,ERR,ERR,ERR,ERR,ERR,ERR,ERR,ERR,ERR,ERR,ERR,ERR,ERR,ERR,ERR,ERR,ERR,ERR,ERR,ERR,ERR,ERR,ERR,ERR,ERR,ERR,ERR,ERR,ERR,ERR,ERR,ERR,ERR,ERR,ERR,ERR,ERR,ERR,ERR,ERR,ERR,ERR,ERR,ERR,ERR,ERR,ERR,ERR,ERR,ERR,ERR,ERR,ERR,ERR,ERR,ERR,ERR,ERR,ERR,ERR,ERR,ERR,ERR,ERR,ERR,ERR,ERR,ERR,ERR,ERR,ERR,ERR,ERR,ERR,ERR,ERR,ERR,ERR,ERR,ERR,ERR,ERR,ERR,ERR,ERR,ERR,ERR,ERR,ERR,ERR,ERR,ERR,ERR,ERR,ERR,ERR,ERR,ERR,ERR,ERR,ERR,ERR,ERR,ERR,ERR,ERR,ERR,ERR,ERR,ERR,ERR,ERR,2.718430741444032e+23,2.7184312818759872e+23,0.0,0.0,0.0,1.3936040501711995e+18,7.805,0.0,0,0,4,0,7116,0.0,100,0.0,0.0,0.0,0.0,0.0,0,0,0,0,0.0,0,0,0,0,0,0,0,0,0,0,0,0,0,0,0,0,0,0,0,0,0,0,0,0,0,0,0,0,0,0,0,0,0,31,40,40,71,65476,0,300,0,0,8,21553,0.0,-107605600.0,0.0,0.0,0.0,0.0,0.0,0.0,0.0,0.0,0.0,0.0,0.0,0.0,0.0,0.0,0.0,0.0,0.0,0.0,0.0,0.0,0.0,-2.004,-2.004,0.0,0.0,0.0,0.0,0.0,6242.0,0.0,6915.0,2.718430741444032e+23,2.7184312818759872e+23,-0.0,2.718430741444032e+23,0.0,0.0,0.0,0.0,69,4.950431692736863e+32,-0.0,0.0,0.0,0.0,0.0,0.0,0.0,0.0,0,0,0,0.0,0.0,0.0,0.0,0.0,0.0,0.0,0.0,0.0,0.0,0.0,0.0,0.0,0.0,0.0,0.0,0,-107875648.0,69,0.0,138,0.0,-109447200.0,0,13107,17040,26215,17049,13107,17043,0,0,0,70,68,100,2.7302359370752657e+23,71.2,2.7302370179391762e+23,74.2,2.7302370179391762e+23,74.0,1,49,50,180,13107,52429,0,0,0.0,0.0,0.0,0.0,-0.0,67.0,0.0,162057.094,0.0,751,0,739,0,0,0,721,0,767,0,736,0,742,0,742,0,712,0,7520,0.032,99857989632.0,0.0,0.0,784,16797,-0.0,162057.094,-114818.039,-0.0,0.133,6.909358625270745e+28,30.0,65.0,35,0.0,0.0,0.0,0.0,0.0,0.0,0.0,0.0,0.0,0.0,0.0,0.0,0.0,0.0,0.0,0.0,69.2,0,150,71,55,65476,0,300,0,1,8,20529,65476,0,0,40632,65.0,0.0,0.0,0.0,0.0,0.0
2026-09-04T20:19:01,ERR,ERR,ERR,ERR,ERR,ERR,ERR,ERR,ERR,ERR,ERR,ERR,ERR,ERR,ERR,ERR,ERR,ERR,ERR,ERR,ERR,ERR,ERR,ERR,ERR,ERR,ERR,ERR,ERR,ERR,ERR,ERR,ERR,ERR,ERR,ERR,ERR,ERR,ERR,ERR,ERR,ERR,ERR,ERR,ERR,ERR,ERR,ERR,ERR,ERR,ERR,ERR,ERR,ERR,ERR,ERR,ERR,ERR,ERR,ERR,ERR,ERR,ERR,ERR,ERR,ERR,ERR,ERR,ERR,ERR,ERR,ERR,ERR,ERR,ERR,ERR,ERR,ERR,ERR,ERR,ERR,ERR,ERR,ERR,ERR,ERR,ERR,ERR,ERR,ERR,ERR,ERR,ERR,ERR,ERR,ERR,ERR,ERR,ERR,ERR,ERR,ERR,ERR,ERR,ERR,ERR,ERR,ERR,ERR,ERR,ERR,ERR,ERR,ERR,ERR,ERR,ERR,ERR,ERR,ERR,ERR,ERR,ERR,ERR,ERR,2.718430741444032e+23,2.7184312818759872e+23,0.0,0.0,0.0,1.3936040501711995e+18,7.805,0.0,0,0,4,0,7116,0.0,100,0.0,0.0,0.0,0.0,0.0,0,0,0,0,0.0,0,0,0,0,0,0,0,0,0,0,0,0,0,0,0,0,0,0,0,0,0,0,0,0,0,0,0,0,0,0,0,0,0,31,40,40,71,65476,0,300,0,0,8,21553,0.0,-107605600.0,0.0,0.0,0.0,0.0,0.0,0.0,0.0,0.0,0.0,0.0,0.0,0.0,0.0,0.0,0.0,0.0,0.0,0.0,0.0,0.0,0.0,-2.004,-2.004,0.0,0.0,0.0,0.0,0.0,6242.0,0.0,6915.0,2.718430741444032e+23,2.7184312818759872e+23,-0.0,2.718430741444032e+23,0.0,0.0,0.0,0.0,69,4.950431692736863e+32,-0.0,0.0,0.0,0.0,0.0,0.0,0.0,0.0,0,0,0,0.0,0.0,0.0,0.0,0.0,0.0,0.0,0.0,0.0,0.0,0.0,0.0,0.0,0.0,0.0,0.0,0,-107875648.0,69,0.0,138,0.0,-109447200.0,0,13107,17040,26215,17049,13107,17043,0,0,0,70,68,100,2.7302359370752657e+23,71.2,2.7302370179391762e+23,74.2,2.7302370179391762e+23,74.0,1,49,50,180,13107,52429,0,0,0.0,0.0,0.0,0.0,-0.0,67.0,0.0,162057.094,0.0,751,0,739,0,0,0,721,0,767,0,736,0,742,0,742,0,712,0,7520,0.032,99857989632.0,0.0,0.0,784,16797,-0.0,162057.094,-114818.039,-0.0,0.133,6.909358625270745e+28,30.0,65.0,35,0.0,0.0,0.0,0.0,0.0,0.0,0.0,0.0,0.0,0.0,0.0,0.0,0.0,0.0,0.0,0.0,69.2,0,150,71,55,65476,0,300,0,1,8,20529,65476,0,0,40632,65.0,0.0,0.0,0.0,0.0,0.0
2026-09-04T20:19:02,ERR,ERR,ERR,ERR,ERR,ERR,ERR,ERR,ERR,ERR,ERR,ERR,ERR,ERR,ERR,ERR,ERR,ERR,ERR,ERR,ERR,ERR,ERR,ERR,ERR,ERR,ERR,ERR,ERR,ERR,ERR,ERR,ERR,ERR,ERR,ERR,ERR,ERR,ERR,ERR,ERR,ERR,ERR,ERR,ERR,ERR,ERR,ERR,ERR,ERR,ERR,ERR,ERR,ERR,ERR,ERR,ERR,ERR,ERR,ERR,ERR,ERR,ERR,ERR,ERR,ERR,ERR,ERR,ERR,ERR,ERR,ERR,ERR,ERR,ERR,ERR,ERR,ERR,ERR,ERR,ERR,ERR,ERR,ERR,ERR,ERR,ERR,ERR,ERR,ERR,ERR,ERR,ERR,ERR,ERR,ERR,ERR,ERR,ERR,ERR,ERR,ERR,ERR,ERR,ERR,ERR,ERR,ERR,ERR,ERR,ERR,ERR,ERR,ERR,ERR,ERR,ERR,ERR,ERR,ERR,ERR,ERR,ERR,ERR,ERR,2.718430741444032e+23,2.7184312818759872e+23,0.0,0.0,0.0,1.3936040501711995e+18,7.805,0.0,0,0,4,0,7116,0.0,100,0.0,0.0,0.0,0.0,0.0,0,0,0,0,0.0,0,0,0,0,0,0,0,0,0,0,0,0,0,0,0,0,0,0,0,0,0,0,0,0,0,0,0,0,0,0,0,0,0,31,40,40,71,65476,0,300,0,0,8,21553,0.0,-107605600.0,0.0,0.0,0.0,0.0,0.0,0.0,0.0,0.0,0.0,0.0,0.0,0.0,0.0,0.0,0.0,0.0,0.0,0.0,0.0,0.0,0.0,-2.004,-2.004,0.0,0.0,0.0,0.0,0.0,6242.0,0.0,6915.0,2.718430741444032e+23,2.7184312818759872e+23,-0.0,2.718430741444032e+23,0.0,0.0,0.0,0.0,69,4.950431692736863e+32,-0.0,0.0,0.0,0.0,0.0,0.0,0.0,0.0,0,0,0,0.0,0.0,0.0,0.0,0.0,0.0,0.0,0.0,0.0,0.0,0.0,0.0,0.0,0.0,0.0,0.0,0,-107875648.0,69,0.0,138,0.0,-109447200.0,0,13107,17040,26215,17049,13107,17043,0,0,0,70,68,100,2.7302359370752657e+23,71.2,2.7302370179391762e+23,74.2,2.7302370179391762e+23,74.0,1,49,50,180,13107,52429,0,0,0.0,0.0,0.0,0.0,-0.0,67.0,0.0,162057.094,0.0,751,0,739,0,0,0,721,0,767,0,736,0,742,0,742,0,712,0,7520,0.032,99857989632.0,0.0,0.0,784,16797,-0.0,162057.094,-114818.039,-0.0,0.133,6.909358625270745e+28,30.0,65.0,35,0.0,0.0,0.0,0.0,0.0,0.0,0.0,0.0,0.0,0.0,0.0,0.0,0.0,0.0,0.0,0.0,69.2,0,150,71,55,65476,0,300,0,1,8,20529,65476,0,0,40632,65.0,0.0,0.0,0.0,0.0,0.0
2026-09-04T20:19:03,ERR,ERR,ERR,ERR,ERR,ERR,ERR,ERR,ERR,ERR,ERR,ERR,ERR,ERR,ERR,ERR,ERR,ERR,ERR,ERR,ERR,ERR,ERR,ERR,ERR,ERR,ERR,ERR,ERR,ERR,ERR,ERR,ERR,ERR,ERR,ERR,ERR,ERR,ERR,ERR,ERR,ERR,ERR,ERR,ERR,ERR,ERR,ERR,ERR,ERR,ERR,ERR,ERR,ERR,ERR,ERR,ERR,ERR,ERR,ERR,ERR,ERR,ERR,ERR,ERR,ERR,ERR,ERR,ERR,ERR,ERR,ERR,ERR,ERR,ERR,ERR,ERR,ERR,ERR,ERR,ERR,ERR,ERR,ERR,ERR,ERR,ERR,ERR,ERR,ERR,ERR,ERR,ERR,ERR,ERR,ERR,ERR,ERR,ERR,ERR,ERR,ERR,ERR,ERR,ERR,ERR,ERR,ERR,ERR,ERR,ERR,ERR,ERR,ERR,ERR,ERR,ERR,ERR,ERR,ERR,ERR,ERR,ERR,ERR,ERR,2.718430741444032e+23,2.7184312818759872e+23,0.0,0.0,0.0,1.3936040501711995e+18,7.805,0.0,0,0,4,0,7116,0.0,100,0.0,0.0,0.0,0.0,0.0,0,0,0,0,0.0,0,0,0,0,0,0,0,0,0,0,0,0,0,0,0,0,0,0,0,0,0,0,0,0,0,0,0,0,0,0,0,0,0,31,40,40,71,65476,0,300,0,0,8,21553,0.0,-107605600.0,0.0,0.0,0.0,0.0,0.0,0.0,0.0,0.0,0.0,0.0,0.0,0.0,0.0,0.0,0.0,0.0,0.0,0.0,0.0,0.0,0.0,-2.004,-2.004,0.0,0.0,0.0,0.0,0.0,6242.0,0.0,6915.0,2.718430741444032e+23,2.7184312818759872e+23,-0.0,2.718430741444032e+23,0.0,0.0,0.0,0.0,69,4.950431692736863e+32,-0.0,0.0,0.0,0.0,0.0,0.0,0.0,0.0,0,0,0,0.0,0.0,0.0,0.0,0.0,0.0,0.0,0.0,0.0,0.0,0.0,0.0,0.0,0.0,0.0,0.0,0,-107875648.0,69,0.0,138,0.0,-109447200.0,0,13107,17040,26215,17049,13107,17043,0,0,0,70,68,100,2.7302359370752657e+23,71.2,2.7302370179391762e+23,74.2,2.7302370179391762e+23,74.0,1,49,50,180,13107,52429,0,0,0.0,0.0,0.0,0.0,-0.0,67.0,0.0,162057.094,0.0,751,0,739,0,0,0,721,0,767,0,736,0,742,0,742,0,712,0,7520,0.032,99857989632.0,0.0,0.0,784,16797,-0.0,162057.094,-114818.039,-0.0,0.133,6.909358625270745e+28,30.0,65.0,35,0.0,0.0,0.0,0.0,0.0,0.0,0.0,0.0,0.0,0.0,0.0,0.0,0.0,0.0,0.0,0.0,69.2,0,150,71,55,65476,0,300,0,1,8,20529,65476,0,0,40632,65.0,0.0,0.0,0.0,0.0,0.0
2026-09-04T20:19:04,ERR,ERR,ERR,ERR,ERR,ERR,ERR,ERR,ERR,ERR,ERR,ERR,ERR,ERR,ERR,ERR,ERR,ERR,ERR,ERR,ERR,ERR,ERR,ERR,ERR,ERR,ERR,ERR,ERR,ERR,ERR,ERR,ERR,ERR,ERR,ERR,ERR,ERR,ERR,ERR,ERR,ERR,ERR,ERR,ERR,ERR,ERR,ERR,ERR,ERR,ERR,ERR,ERR,ERR,ERR,ERR,ERR,ERR,ERR,ERR,ERR,ERR,ERR,ERR,ERR,ERR,ERR,ERR,ERR,ERR,ERR,ERR,ERR,ERR,ERR,ERR,ERR,ERR,ERR,ERR,ERR,ERR,ERR,ERR,ERR,ERR,ERR,ERR,ERR,ERR,ERR,ERR,ERR,ERR,ERR,ERR,ERR,ERR,ERR,ERR,ERR,ERR,ERR,ERR,ERR,ERR,ERR,ERR,ERR,ERR,ERR,ERR,ERR,ERR,ERR,ERR,ERR,ERR,ERR,ERR,ERR,ERR,ERR,ERR,ERR,2.718430741444032e+23,2.7184312818759872e+23,0.0,0.0,0.0,1.3936040501711995e+18,7.805,0.0,0,0,4,0,7116,0.0,100,0.0,0.0,0.0,0.0,0.0,0,0,0,0,0.0,0,0,0,0,0,0,0,0,0,0,0,0,0,0,0,0,0,0,0,0,0,0,0,0,0,0,0,0,0,0,0,0,0,31,40,40,71,65476,0,300,0,0,8,21553,0.0,-107605600.0,0.0,0.0,0.0,0.0,0.0,0.0,0.0,0.0,0.0,0.0,0.0,0.0,0.0,0.0,0.0,0.0,0.0,0.0,0.0,0.0,0.0,-2.004,-2.004,0.0,0.0,0.0,0.0,0.0,6242.0,0.0,6915.0,2.718430741444032e+23,2.7184312818759872e+23,-0.0,2.718430741444032e+23,0.0,0.0,0.0,0.0,69,4.950431692736863e+32,-0.0,0.0,0.0,0.0,0.0,0.0,0.0,0.0,0,0,0,0.0,0.0,0.0,0.0,0.0,0.0,0.0,0.0,0.0,0.0,0.0,0.0,0.0,0.0,0.0,0.0,0,-107875648.0,69,0.0,138,0.0,-109447200.0,0,13107,17040,26215,17049,13107,17043,0,0,0,70,68,100,2.7302359370752657e+23,71.2,2.7302370179391762e+23,74.2,2.7302370179391762e+23,74.0,1,49,50,180,13107,52429,0,0,0.0,0.0,0.0,0.0,-0.0,67.0,0.0,162057.094,0.0,751,0,739,0,0,0,721,0,767,0,736,0,742,0,742,0,712,0,7520,0.032,108447924224.0,0.0,0.0,784,16797,-0.0,162057.094,-114818.039,-0.0,0.133,6.909358625270745e+28,30.0,65.0,35,0.0,0.0,0.0,0.0,0.0,0.0,0.0,0.0,0.0,0.0,0.0,0.0,0.0,0.0,0.0,0.0,69.2,0,150,71,55,65476,0,300,0,1,8,20529,65476,0,0,40632,65.0,0.0,0.0,0.0,0.0,0.0
2026-09-04T20:19:05,ERR,ERR,ERR,ERR,ERR,ERR,ERR,ERR,ERR,ERR,ERR,ERR,ERR,ERR,ERR,ERR,ERR,ERR,ERR,ERR,ERR,ERR,ERR,ERR,ERR,ERR,ERR,ERR,ERR,ERR,ERR,ERR,ERR,ERR,ERR,ERR,ERR,ERR,ERR,ERR,ERR,ERR,ERR,ERR,ERR,ERR,ERR,ERR,ERR,ERR,ERR,ERR,ERR,ERR,ERR,ERR,ERR,ERR,ERR,ERR,ERR,ERR,ERR,ERR,ERR,ERR,ERR,ERR,ERR,ERR,ERR,ERR,ERR,ERR,ERR,ERR,ERR,ERR,ERR,ERR,ERR,ERR,ERR,ERR,ERR,ERR,ERR,ERR,ERR,ERR,ERR,ERR,ERR,ERR,ERR,ERR,ERR,ERR,ERR,ERR,ERR,ERR,ERR,ERR,ERR,ERR,ERR,ERR,ERR,ERR,ERR,ERR,ERR,ERR,ERR,ERR,ERR,ERR,ERR,ERR,ERR,ERR,ERR,ERR,ERR,2.718430741444032e+23,2.7184312818759872e+23,0.0,0.0,0.0,1.3936040501711995e+18,7.805,0.0,0,0,4,0,7116,0.0,100,0.0,0.0,0.0,0.0,0.0,0,0,0,0,0.0,0,0,0,0,0,0,0,0,0,0,0,0,0,0,0,0,0,0,0,0,0,0,0,0,0,0,0,0,0,0,0,0,0,31,40,40,71,65476,0,300,0,0,8,21553,0.0,-107605600.0,0.0,0.0,0.0,0.0,0.0,0.0,0.0,0.0,0.0,0.0,0.0,0.0,0.0,0.0,0.0,0.0,0.0,0.0,0.0,0.0,0.0,-2.004,-2.004,0.0,0.0,0.0,0.0,0.0,6242.0,0.0,6915.0,2.718430741444032e+23,2.7184312818759872e+23,-0.0,2.718430741444032e+23,0.0,0.0,0.0,0.0,69,4.950431692736863e+32,-0.0,0.0,0.0,0.0,0.0,0.0,0.0,0.0,0,0,0,0.0,0.0,0.0,0.0,0.0,0.0,0.0,0.0,0.0,0.0,0.0,0.0,0.0,0.0,0.0,0.0,0,-107875648.0,69,0.0,138,0.0,-109447200.0,0,13107,17040,26215,17049,13107,17043,0,0,0,70,68,100,2.7302359370752657e+23,71.2,2.7302370179391762e+23,74.2,2.7302370179391762e+23,74.0,1,49,50,180,13107,52429,0,0,0.0,0.0,0.0,0.0,-0.0,67.0,0.0,162057.094,0.0,751,0,739,0,0,0,721,0,767,0,736,0,742,0,742,0,712,0,7520,0.032,108447924224.0,0.0,0.0,784,16797,-0.0,162057.094,-114818.039,-0.0,0.133,6.909358625270745e+28,30.0,65.0,35,0.0,0.0,0.0,0.0,0.0,0.0,0.0,0.0,0.0,0.0,0.0,0.0,0.0,0.0,0.0,0.0,69.2,0,150,71,55,65476,0,300,0,1,8,20529,65476,0,0,40632,65.0,0.0,0.0,0.0,0.0,0.0
2026-09-04T20:19:06,ERR,ERR,ERR,ERR,ERR,ERR,ERR,ERR,ERR,ERR,ERR,ERR,ERR,ERR,ERR,ERR,ERR,ERR,ERR,ERR,ERR,ERR,ERR,ERR,ERR,ERR,ERR,ERR,ERR,ERR,ERR,ERR,ERR,ERR,ERR,ERR,ERR,ERR,ERR,ERR,ERR,ERR,ERR,ERR,ERR,ERR,ERR,ERR,ERR,ERR,ERR,ERR,ERR,ERR,ERR,ERR,ERR,ERR,ERR,ERR,ERR,ERR,ERR,ERR,ERR,ERR,ERR,ERR,ERR,ERR,ERR,ERR,ERR,ERR,ERR,ERR,ERR,ERR,ERR,ERR,ERR,ERR,ERR,ERR,ERR,ERR,ERR,ERR,ERR,ERR,ERR,ERR,ERR,ERR,ERR,ERR,ERR,ERR,ERR,ERR,ERR,ERR,ERR,ERR,ERR,ERR,ERR,ERR,ERR,ERR,ERR,ERR,ERR,ERR,ERR,ERR,ERR,ERR,ERR,ERR,ERR,ERR,ERR,ERR,ERR,2.718430741444032e+23,2.7184312818759872e+23,0.0,0.0,0.0,1.3936040501711995e+18,7.805,0.0,0,0,4,0,7116,0.0,100,0.0,0.0,0.0,0.0,0.0,0,0,0,0,0.0,0,0,0,0,0,0,0,0,0,0,0,0,0,0,0,0,0,0,0,0,0,0,0,0,0,0,0,0,0,0,0,0,0,31,40,40,71,65476,0,300,0,0,8,21553,0.0,-107605600.0,0.0,0.0,0.0,0.0,0.0,0.0,0.0,0.0,0.0,0.0,0.0,0.0,0.0,0.0,0.0,0.0,0.0,0.0,0.0,0.0,0.0,-2.004,-2.004,0.0,0.0,0.0,0.0,0.0,6242.0,0.0,6915.0,2.718430741444032e+23,2.7184312818759872e+23,-0.0,2.718430741444032e+23,0.0,0.0,0.0,0.0,69,4.950431692736863e+32,-0.0,0.0,0.0,0.0,0.0,0.0,0.0,0.0,0,0,0,0.0,0.0,0.0,0.0,0.0,0.0,0.0,0.0,0.0,0.0,0.0,0.0,0.0,0.0,0.0,0.0,0,-107875648.0,69,0.0,138,0.0,-109447200.0,0,13107,17040,26215,17049,13107,17043,0,0,0,70,68,100,2.7302359370752657e+23,71.2,2.7302370179391762e+23,74.2,2.7302370179391762e+23,74.0,1,49,50,180,13107,52429,0,0,0.0,0.0,0.0,0.0,-0.0,67.0,0.0,162057.094,0.0,751,0,739,0,0,0,721,0,767,0,736,0,742,0,742,0,712,0,7520,0.032,108447924224.0,0.0,0.0,784,16797,-0.0,162057.094,-114818.039,-0.0,0.133,6.909358625270745e+28,30.0,65.0,35,0.0,0.0,0.0,0.0,0.0,0.0,0.0,0.0,0.0,0.0,0.0,0.0,0.0,0.0,0.0,0.0,69.2,0,150,71,55,65476,0,300,0,1,8,20529,65476,0,0,40632,65.0,0.0,0.0,0.0,0.0,0.0
2026-09-04T20:19:07,ERR,ERR,ERR,ERR,ERR,ERR,ERR,ERR,ERR,ERR,ERR,ERR,ERR,ERR,ERR,ERR,ERR,ERR,ERR,ERR,ERR,ERR,ERR,ERR,ERR,ERR,ERR,ERR,ERR,ERR,ERR,ERR,ERR,ERR,ERR,ERR,ERR,ERR,ERR,ERR,ERR,ERR,ERR,ERR,ERR,ERR,ERR,ERR,ERR,ERR,ERR,ERR,ERR,ERR,ERR,ERR,ERR,ERR,ERR,ERR,ERR,ERR,ERR,ERR,ERR,ERR,ERR,ERR,ERR,ERR,ERR,ERR,ERR,ERR,ERR,ERR,ERR,ERR,ERR,ERR,ERR,ERR,ERR,ERR,ERR,ERR,ERR,ERR,ERR,ERR,ERR,ERR,ERR,ERR,ERR,ERR,ERR,ERR,ERR,ERR,ERR,ERR,ERR,ERR,ERR,ERR,ERR,ERR,ERR,ERR,ERR,ERR,ERR,ERR,ERR,ERR,ERR,ERR,ERR,ERR,ERR,ERR,ERR,ERR,ERR,2.718430741444032e+23,2.7184312818759872e+23,0.0,0.0,0.0,1.3936040501711995e+18,7.805,0.0,0,0,4,0,7116,0.0,100,0.0,0.0,0.0,0.0,0.0,0,0,0,0,0.0,0,0,0,0,0,0,0,0,0,0,0,0,0,0,0,0,0,0,0,0,0,0,0,0,0,0,0,0,0,0,0,0,0,31,40,40,71,65476,0,300,0,0,8,21553,0.0,-107605600.0,0.0,0.0,0.0,0.0,0.0,0.0,0.0,0.0,0.0,0.0,0.0,0.0,0.0,0.0,0.0,0.0,0.0,0.0,0.0,0.0,0.0,-2.004,-2.004,0.0,0.0,0.0,0.0,0.0,6242.0,0.0,6915.0,2.718430741444032e+23,2.7184312818759872e+23,-0.0,2.718430741444032e+23,0.0,0.0,0.0,0.0,69,4.950431692736863e+32,-0.0,0.0,0.0,0.0,0.0,0.0,0.0,0.0,0,0,0,0.0,0.0,0.0,0.0,0.0,0.0,0.0,0.0,0.0,0.0,0.0,0.0,0.0,0.0,0.0,0.0,0,-107875648.0,69,0.0,138,0.0,-109447200.0,0,13107,17040,26215,17049,13107,17043,0,0,0,70,68,100,2.7302359370752657e+23,71.2,2.7302370179391762e+23,74.2,2.7302370179391762e+23,74.0,1,49,50,180,13107,52429,0,0,0.0,0.0,0.0,0.0,-0.0,67.0,0.0,162057.094,0.0,751,0,739,0,0,0,721,0,767,0,736,0,742,0,742,0,712,0,7520,0.032,108447924224.0,0.0,0.0,784,16797,-0.0,162057.094,-114818.039,-0.0,0.133,6.909358625270745e+28,30.0,65.0,35,0.0,0.0,0.0,0.0,0.0,0.0,0.0,0.0,0.0,0.0,0.0,0.0,0.0,0.0,0.0,0.0,69.2,0,150,71,55,65476,0,300,0,1,8,20529,65476,0,0,40632,65.0,0.0,0.0,0.0,0.0,0.0
2026-09-04T20:19:08,ERR,ERR,ERR,ERR,ERR,ERR,ERR,ERR,ERR,ERR,ERR,ERR,ERR,ERR,ERR,ERR,ERR,ERR,ERR,ERR,ERR,ERR,ERR,ERR,ERR,ERR,ERR,ERR,ERR,ERR,ERR,ERR,ERR,ERR,ERR,ERR,ERR,ERR,ERR,ERR,ERR,ERR,ERR,ERR,ERR,ERR,ERR,ERR,ERR,ERR,ERR,ERR,ERR,ERR,ERR,ERR,ERR,ERR,ERR,ERR,ERR,ERR,ERR,ERR,ERR,ERR,ERR,ERR,ERR,ERR,ERR,ERR,ERR,ERR,ERR,ERR,ERR,ERR,ERR,ERR,ERR,ERR,ERR,ERR,ERR,ERR,ERR,ERR,ERR,ERR,ERR,ERR,ERR,ERR,ERR,ERR,ERR,ERR,ERR,ERR,ERR,ERR,ERR,ERR,ERR,ERR,ERR,ERR,ERR,ERR,ERR,ERR,ERR,ERR,ERR,ERR,ERR,ERR,ERR,ERR,ERR,ERR,ERR,ERR,ERR,2.718430741444032e+23,2.7184312818759872e+23,0.0,0.0,0.0,1.3936040501711995e+18,7.805,0.0,0,0,4,0,7116,0.0,100,0.0,0.0,0.0,0.0,0.0,0,0,0,0,0.0,0,0,0,0,0,0,0,0,0,0,0,0,0,0,0,0,0,0,0,0,0,0,0,0,0,0,0,0,0,0,0,0,0,31,40,40,71,65476,0,300,0,0,8,21553,0.0,-107605600.0,0.0,0.0,0.0,0.0,0.0,0.0,0.0,0.0,0.0,0.0,0.0,0.0,0.0,0.0,0.0,0.0,0.0,0.0,0.0,0.0,0.0,-2.004,-2.004,0.0,0.0,0.0,0.0,0.0,6237.0,-1.0406700850291214e+34,6940.0,2.718430741444032e+23,2.7184312818759872e+23,-0.0,2.718430741444032e+23,0.0,0.0,0.0,0.0,69,107615408.0,4.066872169691167e+29,0.0,0.0,0.0,0.0,0.0,0.0,0.0,0,0,0,0.0,0.0,0.0,0.0,0.0,0.0,0.0,0.0,0.0,0.0,0.0,0.0,0.0,0.0,0.0,0.0,0,-107875648.0,69,0.0,138,0.0,-109447200.0,0,13107,17040,26215,17049,13107,17043,0,0,0,70,68,100,2.7302359370752657e+23,71.2,2.7302370179391762e+23,74.2,2.7302370179391762e+23,74.0,1,49,50,180,13107,52429,0,0,0.0,0.0,0.0,0.0,-0.0,67.0,0.0,162057.094,0.0,751,0,739,0,0,0,721,0,767,0,736,0,742,0,742,0,712,0,7520,0.032,108447924224.0,0.0,0.0,784,16797,-0.0,162057.094,-114818.039,-0.0,0.133,6.909358625270745e+28,30.0,65.0,35,0.0,0.0,0.0,0.0,0.0,0.0,0.0,0.0,0.0,0.0,0.0,0.0,0.0,0.0,0.0,0.0,69.2,0,150,71,55,65476,0,300,0,1,8,20529,65476,0,0,40632,65.0,0.0,0.0,0.0,0.0,0.0
2026-09-04T20:19:09,ERR,ERR,ERR,ERR,ERR,ERR,ERR,ERR,ERR,ERR,ERR,ERR,ERR,ERR,ERR,ERR,ERR,ERR,ERR,ERR,ERR,ERR,ERR,ERR,ERR,ERR,ERR,ERR,ERR,ERR,ERR,ERR,ERR,ERR,ERR,ERR,ERR,ERR,ERR,ERR,ERR,ERR,ERR,ERR,ERR,ERR,ERR,ERR,ERR,ERR,ERR,ERR,ERR,ERR,ERR,ERR,ERR,ERR,ERR,ERR,ERR,ERR,ERR,ERR,ERR,ERR,ERR,ERR,ERR,ERR,ERR,ERR,ERR,ERR,ERR,ERR,ERR,ERR,ERR,ERR,ERR,ERR,ERR,ERR,ERR,ERR,ERR,ERR,ERR,ERR,ERR,ERR,ERR,ERR,ERR,ERR,ERR,ERR,ERR,ERR,ERR,ERR,ERR,ERR,ERR,ERR,ERR,ERR,ERR,ERR,ERR,ERR,ERR,ERR,ERR,ERR,ERR,ERR,ERR,ERR,ERR,ERR,ERR,ERR,ERR,2.718430741444032e+23,2.7184312818759872e+23,0.0,0.0,0.0,1.3936040501711995e+18,7.805,0.0,0,0,4,0,7116,0.0,100,0.0,0.0,0.0,0.0,0.0,0,0,0,0,0.0,0,0,0,0,0,0,0,0,0,0,0,0,0,0,0,0,0,0,0,0,0,0,0,0,0,0,0,0,0,0,0,0,0,31,40,40,71,65476,0,300,0,0,8,21553,0.0,-107605600.0,0.0,0.0,0.0,0.0,0.0,0.0,0.0,0.0,0.0,0.0,0.0,0.0,0.0,0.0,0.0,0.0,0.0,0.0,0.0,0.0,0.0,-2.004,-2.004,0.0,0.0,0.0,0.0,0.0,6237.0,-1.0406700850291214e+34,6940.0,2.718430741444032e+23,2.7184312818759872e+23,-0.0,2.718430741444032e+23,0.0,0.0,0.0,0.0,69,107615408.0,4.066872169691167e+29,0.0,0.0,0.0,0.0,0.0,0.0,0.0,0,0,0,0.0,0.0,0.0,0.0,0.0,0.0,0.0,0.0,0.0,0.0,0.0,0.0,0.0,0.0,0.0,0.0,0,-107875648.0,69,0.0,138,0.0,-109447200.0,0,13107,17040,26215,17049,13107,17043,0,0,0,70,68,100,2.7302359370752657e+23,71.2,2.7302370179391762e+23,74.2,2.7302370179391762e+23,74.0,1,49,50,180,13107,52429,0,0,0.0,0.0,0.0,0.0,-0.0,67.0,0.0,162057.094,0.0,751,0,739,0,0,0,721,0,767,0,736,0,742,0,741,0,712,0,7520,0.032,107911053312.0,0.0,0.0,784,16797,-0.0,162057.094,-114818.039,-0.0,0.133,6.909358625270745e+28,30.0,65.0,35,0.0,0.0,0.0,0.0,0.0,0.0,0.0,0.0,0.0,0.0,0.0,0.0,0.0,0.0,0.0,0.0,69.2,0,150,71,55,65476,0,300,0,1,8,20529,65476,0,0,40632,65.0,0.0,0.0,0.0,0.0,0.0
2026-09-04T20:19:10,ERR,ERR,ERR,ERR,ERR,ERR,ERR,ERR,ERR,ERR,ERR,ERR,ERR,ERR,ERR,ERR,ERR,ERR,ERR,ERR,ERR,ERR,ERR,ERR,ERR,ERR,ERR,ERR,ERR,ERR,ERR,ERR,ERR,ERR,ERR,ERR,ERR,ERR,ERR,ERR,ERR,ERR,ERR,ERR,ERR,ERR,ERR,ERR,ERR,ERR,ERR,ERR,ERR,ERR,ERR,ERR,ERR,ERR,ERR,ERR,ERR,ERR,ERR,ERR,ERR,ERR,ERR,ERR,ERR,ERR,ERR,ERR,ERR,ERR,ERR,ERR,ERR,ERR,ERR,ERR,ERR,ERR,ERR,ERR,ERR,ERR,ERR,ERR,ERR,ERR,ERR,ERR,ERR,ERR,ERR,ERR,ERR,ERR,ERR,ERR,ERR,ERR,ERR,ERR,ERR,ERR,ERR,ERR,ERR,ERR,ERR,ERR,ERR,ERR,ERR,ERR,ERR,ERR,ERR,ERR,ERR,ERR,ERR,ERR,ERR,2.718430741444032e+23,2.7184312818759872e+23,0.0,0.0,0.0,1.3936040501711995e+18,7.805,0.0,0,0,4,0,7116,0.0,100,0.0,0.0,0.0,0.0,0.0,0,0,0,0,0.0,0,0,0,0,0,0,0,0,0,0,0,0,0,0,0,0,0,0,0,0,0,0,0,0,0,0,0,0,0,0,0,0,0,31,40,40,71,65476,0,300,0,0,8,21553,0.0,-107605600.0,0.0,0.0,0.0,0.0,0.0,0.0,0.0,0.0,0.0,0.0,0.0,0.0,0.0,0.0,0.0,0.0,0.0,0.0,0.0,0.0,0.0,-2.004,-2.004,0.0,0.0,0.0,0.0,0.0,6237.0,-1.0406700850291214e+34,6940.0,2.718430741444032e+23,2.7184312818759872e+23,-0.0,2.718430741444032e+23,0.0,0.0,0.0,0.0,69,107615408.0,4.066872169691167e+29,0.0,0.0,0.0,0.0,0.0,0.0,0.0,0,0,0,0.0,0.0,0.0,0.0,0.0,0.0,0.0,0.0,0.0,0.0,0.0,0.0,0.0,0.0,0.0,0.0,0,-107875648.0,69,0.0,138,0.0,-109447200.0,0,13107,17040,26215,17049,13107,17043,0,0,0,70,68,100,2.7302359370752657e+23,71.2,2.7302370179391762e+23,74.2,2.7302370179391762e+23,74.0,1,49,50,180,13107,52429,0,0,0.0,0.0,0.0,0.0,-0.0,67.0,0.0,162057.094,0.0,751,0,739,0,0,0,721,0,767,0,736,0,742,0,741,0,712,0,7520,0.032,107911053312.0,0.0,0.0,784,16797,-0.0,162057.094,-114818.039,-0.0,0.133,6.909358625270745e+28,30.0,65.0,35,0.0,0.0,0.0,0.0,0.0,0.0,0.0,0.0,0.0,0.0,0.0,0.0,0.0,0.0,0.0,0.0,69.2,0,150,71,55,65476,0,300,0,1,8,20529,65476,0,0,40632,65.0,0.0,0.0,0.0,0.0,0.0
2026-09-04T20:19:11,ERR,ERR,ERR,ERR,ERR,ERR,ERR,ERR,ERR,ERR,ERR,ERR,ERR,ERR,ERR,ERR,ERR,ERR,ERR,ERR,ERR,ERR,ERR,ERR,ERR,ERR,ERR,ERR,ERR,ERR,ERR,ERR,ERR,ERR,ERR,ERR,ERR,ERR,ERR,ERR,ERR,ERR,ERR,ERR,ERR,ERR,ERR,ERR,ERR,ERR,ERR,ERR,ERR,ERR,ERR,ERR,ERR,ERR,ERR,ERR,ERR,ERR,ERR,ERR,ERR,ERR,ERR,ERR,ERR,ERR,ERR,ERR,ERR,ERR,ERR,ERR,ERR,ERR,ERR,ERR,ERR,ERR,ERR,ERR,ERR,ERR,ERR,ERR,ERR,ERR,ERR,ERR,ERR,ERR,ERR,ERR,ERR,ERR,ERR,ERR,ERR,ERR,ERR,ERR,ERR,ERR,ERR,ERR,ERR,ERR,ERR,ERR,ERR,ERR,ERR,ERR,ERR,ERR,ERR,ERR,ERR,ERR,ERR,ERR,ERR,2.718430741444032e+23,2.7184312818759872e+23,0.0,0.0,0.0,1.3936040501711995e+18,7.805,0.0,0,0,4,0,7116,0.0,100,0.0,0.0,0.0,0.0,0.0,0,0,0,0,0.0,0,0,0,0,0,0,0,0,0,0,0,0,0,0,0,0,0,0,0,0,0,0,0,0,0,0,0,0,0,0,0,0,0,31,40,40,71,65476,0,300,0,0,8,21553,0.0,-107605600.0,0.0,0.0,0.0,0.0,0.0,0.0,0.0,0.0,0.0,0.0,0.0,0.0,0.0,0.0,0.0,0.0,0.0,0.0,0.0,0.0,0.0,-2.004,-2.004,0.0,0.0,0.0,0.0,0.0,6237.0,-1.0406700850291214e+34,6940.0,2.718430741444032e+23,2.7184312818759872e+23,-0.0,2.718430741444032e+23,0.0,0.0,0.0,0.0,69,107615408.0,4.066872169691167e+29,0.0,0.0,0.0,0.0,0.0,0.0,0.0,0,0,0,0.0,0.0,0.0,0.0,0.0,0.0,0.0,0.0,0.0,0.0,0.0,0.0,0.0,0.0,0.0,0.0,0,-107875648.0,69,0.0,138,0.0,-109447200.0,0,13107,17040,26215,17049,13107,17043,0,0,0,70,68,100,2.7302359370752657e+23,71.2,2.7302370179391762e+23,74.2,2.7302370179391762e+23,74.0,1,49,50,180,13107,52429,0,0,0.0,0.0,0.0,0.0,-0.0,67.0,0.0,162057.094,0.0,751,0,739,0,0,0,721,0,767,0,736,0,742,0,741,0,712,0,7520,0.032,107911053312.0,0.0,0.0,784,16797,-0.0,162057.094,-114818.039,-0.0,0.133,6.909358625270745e+28,30.0,65.0,35,0.0,0.0,0.0,0.0,0.0,0.0,0.0,0.0,0.0,0.0,0.0,0.0,0.0,0.0,0.0,0.0,69.2,0,150,71,55,65476,0,300,0,1,8,20529,65476,0,0,40632,65.0,0.0,0.0,0.0,0.0,0.0
2026-09-04T20:19:12,ERR,ERR,ERR,ERR,ERR,ERR,ERR,ERR,ERR,ERR,ERR,ERR,ERR,ERR,ERR,ERR,ERR,ERR,ERR,ERR,ERR,ERR,ERR,ERR,ERR,ERR,ERR,ERR,ERR,ERR,ERR,ERR,ERR,ERR,ERR,ERR,ERR,ERR,ERR,ERR,ERR,ERR,ERR,ERR,ERR,ERR,ERR,ERR,ERR,ERR,ERR,ERR,ERR,ERR,ERR,ERR,ERR,ERR,ERR,ERR,ERR,ERR,ERR,ERR,ERR,ERR,ERR,ERR,ERR,ERR,ERR,ERR,ERR,ERR,ERR,ERR,ERR,ERR,ERR,ERR,ERR,ERR,ERR,ERR,ERR,ERR,ERR,ERR,ERR,ERR,ERR,ERR,ERR,ERR,ERR,ERR,ERR,ERR,ERR,ERR,ERR,ERR,ERR,ERR,ERR,ERR,ERR,ERR,ERR,ERR,ERR,ERR,ERR,ERR,ERR,ERR,ERR,ERR,ERR,ERR,ERR,ERR,ERR,ERR,ERR,2.718430741444032e+23,2.7184312818759872e+23,0.0,0.0,0.0,1.3936040501711995e+18,7.805,0.0,0,0,4,0,7116,0.0,100,0.0,0.0,0.0,0.0,0.0,0,0,0,0,0.0,0,0,0,0,0,0,0,0,0,0,0,0,0,0,0,0,0,0,0,0,0,0,0,0,0,0,0,0,0,0,0,0,0,31,40,40,71,65476,0,300,0,0,8,21553,0.0,-107605600.0,0.0,0.0,0.0,0.0,0.0,0.0,0.0,0.0,0.0,0.0,0.0,0.0,0.0,0.0,0.0,0.0,0.0,0.0,0.0,0.0,0.0,-2.004,-2.004,0.0,0.0,0.0,0.0,0.0,6237.0,-1.0406700850291214e+34,6940.0,2.718430741444032e+23,2.7184312818759872e+23,-0.0,2.718430741444032e+23,0.0,0.0,0.0,0.0,69,107615408.0,4.066872169691167e+29,0.0,0.0,0.0,0.0,0.0,0.0,0.0,0,0,0,0.0,0.0,0.0,0.0,0.0,0.0,0.0,0.0,0.0,0.0,0.0,0.0,0.0,0.0,0.0,0.0,0,-107875648.0,69,0.0,138,0.0,-109447200.0,0,13107,17040,26215,17049,13107,17043,0,0,0,70,68,100,2.7302359370752657e+23,71.2,2.7302370179391762e+23,74.2,2.7302370179391762e+23,74.0,1,49,50,180,13107,52429,0,0,0.0,0.0,0.0,0.0,-0.0,67.0,0.0,162057.094,0.0,751,0,739,0,0,0,721,0,767,0,736,0,742,0,741,0,712,0,7520,0.032,107911053312.0,0.0,0.0,784,16797,-0.0,162057.094,-114818.039,-0.0,0.133,6.909358625270745e+28,30.0,65.0,35,0.0,0.0,0.0,0.0,0.0,0.0,0.0,0.0,0.0,0.0,0.0,0.0,0.0,0.0,0.0,0.0,69.2,0,150,71,55,65476,0,300,0,1,8,20529,65476,0,0,40632,65.0,0.0,0.0,0.0,0.0,0.0
2026-09-04T20:19:13,ERR,ERR,ERR,ERR,ERR,ERR,ERR,ERR,ERR,ERR,ERR,ERR,ERR,ERR,ERR,ERR,ERR,ERR,ERR,ERR,ERR,ERR,ERR,ERR,ERR,ERR,ERR,ERR,ERR,ERR,ERR,ERR,ERR,ERR,ERR,ERR,ERR,ERR,ERR,ERR,ERR,ERR,ERR,ERR,ERR,ERR,ERR,ERR,ERR,ERR,ERR,ERR,ERR,ERR,ERR,ERR,ERR,ERR,ERR,ERR,ERR,ERR,ERR,ERR,ERR,ERR,ERR,ERR,ERR,ERR,ERR,ERR,ERR,ERR,ERR,ERR,ERR,ERR,ERR,ERR,ERR,ERR,ERR,ERR,ERR,ERR,ERR,ERR,ERR,ERR,ERR,ERR,ERR,ERR,ERR,ERR,ERR,ERR,ERR,ERR,ERR,ERR,ERR,ERR,ERR,ERR,ERR,ERR,ERR,ERR,ERR,ERR,ERR,ERR,ERR,ERR,ERR,ERR,ERR,ERR,ERR,ERR,ERR,ERR,ERR,2.718430741444032e+23,2.7184312818759872e+23,0.0,0.0,0.0,1.3936040501711995e+18,7.805,0.0,0,0,4,0,7116,0.0,100,0.0,0.0,0.0,0.0,0.0,0,0,0,0,0.0,0,0,0,0,0,0,0,0,0,0,0,0,0,0,0,0,0,0,0,0,0,0,0,0,0,0,0,0,0,0,0,0,0,31,40,40,71,65476,0,300,0,0,8,21553,0.0,-107605600.0,0.0,0.0,0.0,0.0,0.0,0.0,0.0,0.0,0.0,0.0,0.0,0.0,0.0,0.0,0.0,0.0,0.0,0.0,0.0,0.0,0.0,-2.004,-2.004,0.0,0.0,0.0,0.0,0.0,6237.0,-1.0406700850291214e+34,6940.0,2.718430741444032e+23,2.7184312818759872e+23,-0.0,2.718430741444032e+23,0.0,0.0,0.0,0.0,69,107615408.0,4.066872169691167e+29,0.0,0.0,0.0,0.0,0.0,0.0,0.0,0,0,0,0.0,0.0,0.0,0.0,0.0,0.0,0.0,0.0,0.0,0.0,0.0,0.0,0.0,0.0,0.0,0.0,0,-107875648.0,69,0.0,138,0.0,-109447200.0,0,13107,17040,26215,17049,13107,17043,0,0,0,70,68,100,2.7302359370752657e+23,71.2,2.7302370179391762e+23,74.2,2.7302370179391762e+23,74.0,1,49,50,180,13107,52429,0,0,0.0,0.0,0.0,0.0,-0.0,67.0,0.0,162057.094,0.0,751,0,739,0,0,0,721,0,767,0,736,0,742,0,741,0,712,0,7520,0.032,107911053312.0,0.0,0.0,784,16797,-0.0,162057.094,-114818.039,-0.0,0.133,6.909358625270745e+28,30.0,65.0,35,0.0,0.0,0.0,0.0,0.0,0.0,0.0,0.0,0.0,0.0,0.0,0.0,0.0,0.0,0.0,0.0,69.2,0,150,71,55,65476,0,300,0,1,8,20529,65476,0,0,40632,65.0,0.0,0.0,0.0,0.0,0.0
2026-09-04T20:19:14,ERR,ERR,ERR,ERR,ERR,ERR,ERR,ERR,ERR,ERR,ERR,ERR,ERR,ERR,ERR,ERR,ERR,ERR,ERR,ERR,ERR,ERR,ERR,ERR,ERR,ERR,ERR,ERR,ERR,ERR,ERR,ERR,ERR,ERR,ERR,ERR,ERR,ERR,ERR,ERR,ERR,ERR,ERR,ERR,ERR,ERR,ERR,ERR,ERR,ERR,ERR,ERR,ERR,ERR,ERR,ERR,ERR,ERR,ERR,ERR,ERR,ERR,ERR,ERR,ERR,ERR,ERR,ERR,ERR,ERR,ERR,ERR,ERR,ERR,ERR,ERR,ERR,ERR,ERR,ERR,ERR,ERR,ERR,ERR,ERR,ERR,ERR,ERR,ERR,ERR,ERR,ERR,ERR,ERR,ERR,ERR,ERR,ERR,ERR,ERR,ERR,ERR,ERR,ERR,ERR,ERR,ERR,ERR,ERR,ERR,ERR,ERR,ERR,ERR,ERR,ERR,ERR,ERR,ERR,ERR,ERR,ERR,ERR,ERR,ERR,2.718430741444032e+23,2.7184312818759872e+23,0.0,0.0,0.0,1.3936040501711995e+18,7.805,0.0,0,0,4,0,7116,0.0,100,0.0,0.0,0.0,0.0,0.0,0,0,0,0,0.0,0,0,0,0,0,0,0,0,0,0,0,0,0,0,0,0,0,0,0,0,0,0,0,0,0,0,0,0,0,0,0,0,0,31,40,40,71,65476,0,300,0,0,8,21553,0.0,-107605600.0,0.0,0.0,0.0,0.0,0.0,0.0,0.0,0.0,0.0,0.0,0.0,0.0,0.0,0.0,0.0,0.0,0.0,0.0,0.0,0.0,0.0,-2.004,-2.004,0.0,0.0,0.0,0.0,0.0,6237.0,-1.0406700850291214e+34,6940.0,2.718430741444032e+23,2.7184312818759872e+23,-0.0,2.718430741444032e+23,0.0,0.0,0.0,0.0,69,107615408.0,4.066872169691167e+29,0.0,0.0,0.0,0.0,0.0,0.0,0.0,0,0,0,0.0,0.0,0.0,0.0,0.0,0.0,0.0,0.0,0.0,0.0,0.0,0.0,0.0,0.0,0.0,0.0,0,-107875648.0,69,0.0,138,0.0,-109447200.0,0,13107,17040,26215,17049,13107,17043,0,0,0,70,68,100,2.7302359370752657e+23,71.2,2.7302370179391762e+23,74.2,2.7302370179391762e+23,74.0,1,49,50,180,13107,52429,0,0,0.0,0.0,0.0,0.0,-0.0,67.0,0.0,162057.094,0.0,751,0,739,0,0,0,721,0,767,0,736,0,742,0,741,0,712,0,7520,0.032,107911053312.0,0.0,0.0,784,16797,-0.0,162057.094,-114818.039,-0.0,0.133,6.909358625270745e+28,30.0,65.0,35,0.0,0.0,0.0,0.0,0.0,0.0,0.0,0.0,0.0,0.0,0.0,0.0,0.0,0.0,0.0,0.0,69.2,0,150,71,55,65476,0,300,0,1,8,20529,65476,0,0,40632,65.0,0.0,0.0,0.0,0.0,0.0
2026-09-04T20:19:15,ERR,ERR,ERR,ERR,ERR,ERR,ERR,ERR,ERR,ERR,ERR,ERR,ERR,ERR,ERR,ERR,ERR,ERR,ERR,ERR,ERR,ERR,ERR,ERR,ERR,ERR,ERR,ERR,ERR,ERR,ERR,ERR,ERR,ERR,ERR,ERR,ERR,ERR,ERR,ERR,ERR,ERR,ERR,ERR,ERR,ERR,ERR,ERR,ERR,ERR,ERR,ERR,ERR,ERR,ERR,ERR,ERR,ERR,ERR,ERR,ERR,ERR,ERR,ERR,ERR,ERR,ERR,ERR,ERR,ERR,ERR,ERR,ERR,ERR,ERR,ERR,ERR,ERR,ERR,ERR,ERR,ERR,ERR,ERR,ERR,ERR,ERR,ERR,ERR,ERR,ERR,ERR,ERR,ERR,ERR,ERR,ERR,ERR,ERR,ERR,ERR,ERR,ERR,ERR,ERR,ERR,ERR,ERR,ERR,ERR,ERR,ERR,ERR,ERR,ERR,ERR,ERR,ERR,ERR,ERR,ERR,ERR,ERR,ERR,ERR,2.718430741444032e+23,2.7184312818759872e+23,0.0,0.0,0.0,1.3936040501711995e+18,7.805,0.0,0,0,4,0,7116,0.0,100,0.0,0.0,0.0,0.0,0.0,0,0,0,0,0.0,0,0,0,0,0,0,0,0,0,0,0,0,0,0,0,0,0,0,0,0,0,0,0,0,0,0,0,0,0,0,0,0,0,31,40,40,71,65476,0,300,0,0,8,21553,0.0,-107605600.0,0.0,0.0,0.0,0.0,0.0,0.0,0.0,0.0,0.0,0.0,0.0,0.0,0.0,0.0,0.0,0.0,0.0,0.0,0.0,0.0,-2.004,-2.004,-2.004,0.0,0.0,0.0,0.0,0.0,6239.0,-0.0,6935.0,0.0,2.7184312818759872e+23,-0.0,2.718430741444032e+23,0.0,0.0,0.0,0.0,69,2.308841773246825e+20,0.059,0.0,0.0,0.0,0.0,0.0,0.0,0.0,0,0,0,0.0,0.0,0.0,0.0,0.0,0.0,0.0,0.0,0.0,0.0,0.0,0.0,0.0,0.0,0.0,0.0,0,-107875648.0,69,0.0,138,0.0,-109447200.0,0,13107,17040,26215,17049,13107,17043,0,0,0,70,68,100,2.7302359370752657e+23,71.2,2.7302370179391762e+23,74.2,2.7302370179391762e+23,74.0,1,49,50,180,13107,52429,0,0,0.0,0.0,0.0,0.0,-0.0,67.0,0.0,162057.094,0.0,751,0,739,0,0,0,721,0,767,0,736,0,742,0,742,0,712,0,7520,0.032,102005473280.0,0.0,0.0,784,16797,-0.0,162057.094,-114818.039,-0.0,0.133,6.909358625270745e+28,30.0,65.0,35,0.0,0.0,0.0,0.0,0.0,0.0,0.0,0.0,0.0,0.0,0.0,0.0,0.0,0.0,0.0,0.0,69.2,0,150,71,55,65476,0,300,0,1,8,20529,65476,0,0,40632,65.0,0.0,0.0,0.0,0.0,0.0
2026-09-04T20:19:16,ERR,ERR,ERR,ERR,ERR,ERR,ERR,ERR,ERR,ERR,ERR,ERR,ERR,ERR,ERR,ERR,ERR,ERR,ERR,ERR,ERR,ERR,ERR,ERR,ERR,ERR,ERR,ERR,ERR,ERR,ERR,ERR,ERR,ERR,ERR,ERR,ERR,ERR,ERR,ERR,ERR,ERR,ERR,ERR,ERR,ERR,ERR,ERR,ERR,ERR,ERR,ERR,ERR,ERR,ERR,ERR,ERR,ERR,ERR,ERR,ERR,ERR,ERR,ERR,ERR,ERR,ERR,ERR,ERR,ERR,ERR,ERR,ERR,ERR,ERR,ERR,ERR,ERR,ERR,ERR,ERR,ERR,ERR,ERR,ERR,ERR,ERR,ERR,ERR,ERR,ERR,ERR,ERR,ERR,ERR,ERR,ERR,ERR,ERR,ERR,ERR,ERR,ERR,ERR,ERR,ERR,ERR,ERR,ERR,ERR,ERR,ERR,ERR,ERR,ERR,ERR,ERR,ERR,ERR,ERR,ERR,ERR,ERR,ERR,ERR,2.718430741444032e+23,2.7184312818759872e+23,0.0,0.0,0.0,1.3936040501711995e+18,7.805,0.0,0,0,4,0,7116,0.0,100,0.0,0.0,0.0,0.0,0.0,0,0,0,0,0.0,0,0,0,0,0,0,0,0,0,0,0,0,0,0,0,0,0,0,0,0,0,0,0,0,0,0,0,0,0,0,0,0,0,31,40,40,71,65476,0,300,0,0,8,21553,0.0,-107605600.0,0.0,0.0,0.0,0.0,0.0,0.0,0.0,0.0,0.0,0.0,0.0,0.0,0.0,0.0,0.0,0.0,0.0,0.0,0.0,0.0,-2.004,-2.004,-2.004,0.0,0.0,0.0,0.0,0.0,6239.0,-0.0,6935.0,0.0,2.7184312818759872e+23,-0.0,2.718430741444032e+23,0.0,0.0,0.0,0.0,69,2.308841773246825e+20,0.059,0.0,0.0,0.0,0.0,0.0,0.0,0.0,0,0,0,0.0,0.0,0.0,0.0,0.0,0.0,0.0,0.0,0.0,0.0,0.0,0.0,0.0,0.0,0.0,0.0,0,-107875648.0,69,0.0,138,0.0,-109447200.0,0,13107,17040,26215,17049,13107,17043,0,0,0,70,68,100,2.7302359370752657e+23,71.2,2.7302370179391762e+23,74.2,2.7302370179391762e+23,74.0,1,49,50,180,13107,52429,0,0,0.0,0.0,0.0,0.0,-0.0,67.0,0.0,162057.094,0.0,751,0,739,0,0,0,721,0,767,0,736,0,742,0,742,0,712,0,7520,0.032,102005473280.0,0.0,0.0,784,16797,-0.0,162057.094,-114818.039,-0.0,0.133,6.909358625270745e+28,30.0,65.0,35,0.0,0.0,0.0,0.0,0.0,0.0,0.0,0.0,0.0,0.0,0.0,0.0,0.0,0.0,0.0,0.0,69.2,0,150,71,55,65476,0,300,0,1,8,20529,65476,0,0,40632,65.0,0.0,0.0,0.0,0.0,0.0
2026-09-04T20:19:17,ERR,ERR,ERR,ERR,ERR,ERR,ERR,ERR,ERR,ERR,ERR,ERR,ERR,ERR,ERR,ERR,ERR,ERR,ERR,ERR,ERR,ERR,ERR,ERR,ERR,ERR,ERR,ERR,ERR,ERR,ERR,ERR,ERR,ERR,ERR,ERR,ERR,ERR,ERR,ERR,ERR,ERR,ERR,ERR,ERR,ERR,ERR,ERR,ERR,ERR,ERR,ERR,ERR,ERR,ERR,ERR,ERR,ERR,ERR,ERR,ERR,ERR,ERR,ERR,ERR,ERR,ERR,ERR,ERR,ERR,ERR,ERR,ERR,ERR,ERR,ERR,ERR,ERR,ERR,ERR,ERR,ERR,ERR,ERR,ERR,ERR,ERR,ERR,ERR,ERR,ERR,ERR,ERR,ERR,ERR,ERR,ERR,ERR,ERR,ERR,ERR,ERR,ERR,ERR,ERR,ERR,ERR,ERR,ERR,ERR,ERR,ERR,ERR,ERR,ERR,ERR,ERR,ERR,ERR,ERR,ERR,ERR,ERR,ERR,ERR,2.718430741444032e+23,2.7184312818759872e+23,0.0,0.0,0.0,1.3936040501711995e+18,7.805,0.0,0,0,4,0,7116,0.0,100,0.0,0.0,0.0,0.0,0.0,0,0,0,0,0.0,0,0,0,0,0,0,0,0,0,0,0,0,0,0,0,0,0,0,0,0,0,0,0,0,0,0,0,0,0,0,0,0,0,31,40,40,71,65476,0,300,0,0,8,21553,0.0,-107605600.0,0.0,0.0,0.0,0.0,0.0,0.0,0.0,0.0,0.0,0.0,0.0,0.0,0.0,0.0,0.0,0.0,0.0,0.0,0.0,0.0,-2.004,-2.004,-2.004,0.0,0.0,0.0,0.0,0.0,6239.0,-0.0,6935.0,0.0,2.7184312818759872e+23,-0.0,2.718430741444032e+23,0.0,0.0,0.0,0.0,69,2.308841773246825e+20,0.059,0.0,0.0,0.0,0.0,0.0,0.0,0.0,0,0,0,0.0,0.0,0.0,0.0,0.0,0.0,0.0,0.0,0.0,0.0,0.0,0.0,0.0,0.0,0.0,0.0,0,-107875648.0,69,0.0,138,0.0,-109447200.0,0,13107,17040,26215,17049,13107,17043,0,0,0,70,68,100,2.7302359370752657e+23,71.2,2.7302370179391762e+23,74.2,2.7302370179391762e+23,74.0,1,49,50,180,13107,52429,0,0,0.0,0.0,0.0,0.0,-0.0,67.0,0.0,162057.094,0.0,751,0,739,0,0,0,721,0,767,0,736,0,742,0,742,0,712,0,7520,0.032,102005473280.0,0.0,0.0,784,16797,-0.0,162057.094,-114818.039,-0.0,0.133,6.909358625270745e+28,30.0,65.0,35,0.0,0.0,0.0,0.0,0.0,0.0,0.0,0.0,0.0,0.0,0.0,0.0,0.0,0.0,0.0,0.0,69.2,0,150,71,55,65476,0,300,0,1,8,20529,65476,0,0,40632,65.0,0.0,0.0,0.0,0.0,0.0
2026-09-04T20:19:18,ERR,ERR,ERR,ERR,ERR,ERR,ERR,ERR,ERR,ERR,ERR,ERR,ERR,ERR,ERR,ERR,ERR,ERR,ERR,ERR,ERR,ERR,ERR,ERR,ERR,ERR,ERR,ERR,ERR,ERR,ERR,ERR,ERR,ERR,ERR,ERR,ERR,ERR,ERR,ERR,ERR,ERR,ERR,ERR,ERR,ERR,ERR,ERR,ERR,ERR,ERR,ERR,ERR,ERR,ERR,ERR,ERR,ERR,ERR,ERR,ERR,ERR,ERR,ERR,ERR,ERR,ERR,ERR,ERR,ERR,ERR,ERR,ERR,ERR,ERR,ERR,ERR,ERR,ERR,ERR,ERR,ERR,ERR,ERR,ERR,ERR,ERR,ERR,ERR,ERR,ERR,ERR,ERR,ERR,ERR,ERR,ERR,ERR,ERR,ERR,ERR,ERR,ERR,ERR,ERR,ERR,ERR,ERR,ERR,ERR,ERR,ERR,ERR,ERR,ERR,ERR,ERR,ERR,ERR,ERR,ERR,ERR,ERR,ERR,ERR,2.718430741444032e+23,2.7184312818759872e+23,0.0,0.0,0.0,1.3936040501711995e+18,7.805,0.0,0,0,4,0,7116,0.0,100,0.0,0.0,0.0,0.0,0.0,0,0,0,0,0.0,0,0,0,0,0,0,0,0,0,0,0,0,0,0,0,0,0,0,0,0,0,0,0,0,0,0,0,0,0,0,0,0,0,31,40,40,71,65476,0,300,0,0,8,21553,0.0,-107605600.0,0.0,0.0,0.0,0.0,0.0,0.0,0.0,0.0,0.0,0.0,0.0,0.0,0.0,0.0,0.0,0.0,0.0,0.0,0.0,0.0,-2.004,-2.004,-2.004,0.0,0.0,0.0,0.0,0.0,6239.0,-0.0,6935.0,0.0,2.7184312818759872e+23,-0.0,2.718430741444032e+23,0.0,0.0,0.0,0.0,69,2.308841773246825e+20,0.059,0.0,0.0,0.0,0.0,0.0,0.0,0.0,0,0,0,0.0,0.0,0.0,0.0,0.0,0.0,0.0,0.0,0.0,0.0,0.0,0.0,0.0,0.0,0.0,0.0,0,-107875648.0,69,0.0,138,0.0,-109447200.0,0,13107,17040,26215,17049,13107,17043,0,0,0,70,68,100,2.7302359370752657e+23,71.2,2.7302370179391762e+23,74.2,2.7302370179391762e+23,74.0,1,49,50,180,13107,52429,0,0,0.0,0.0,0.0,0.0,-0.0,67.0,0.0,162057.094,0.0,751,0,739,0,0,0,721,0,767,0,736,0,742,0,742,0,712,0,7520,0.032,102005473280.0,0.0,0.0,784,16797,-0.0,162057.094,-114818.039,-0.0,0.133,6.909358625270745e+28,30.0,65.0,35,0.0,0.0,0.0,0.0,0.0,0.0,0.0,0.0,0.0,0.0,0.0,0.0,0.0,0.0,0.0,0.0,69.2,0,150,71,55,65476,0,300,0,1,8,20529,65476,0,0,40632,65.0,0.0,0.0,0.0,0.0,0.0
2026-09-04T20:19:19,ERR,ERR,ERR,ERR,ERR,ERR,ERR,ERR,ERR,ERR,ERR,ERR,ERR,ERR,ERR,ERR,ERR,ERR,ERR,ERR,ERR,ERR,ERR,ERR,ERR,ERR,ERR,ERR,ERR,ERR,ERR,ERR,ERR,ERR,ERR,ERR,ERR,ERR,ERR,ERR,ERR,ERR,ERR,ERR,ERR,ERR,ERR,ERR,ERR,ERR,ERR,ERR,ERR,ERR,ERR,ERR,ERR,ERR,ERR,ERR,ERR,ERR,ERR,ERR,ERR,ERR,ERR,ERR,ERR,ERR,ERR,ERR,ERR,ERR,ERR,ERR,ERR,ERR,ERR,ERR,ERR,ERR,ERR,ERR,ERR,ERR,ERR,ERR,ERR,ERR,ERR,ERR,ERR,ERR,ERR,ERR,ERR,ERR,ERR,ERR,ERR,ERR,ERR,ERR,ERR,ERR,ERR,ERR,ERR,ERR,ERR,ERR,ERR,ERR,ERR,ERR,ERR,ERR,ERR,ERR,ERR,ERR,ERR,ERR,ERR,2.718430741444032e+23,2.7184312818759872e+23,0.0,0.0,0.0,1.3936040501711995e+18,7.805,0.0,0,0,4,0,7116,0.0,100,0.0,0.0,0.0,0.0,0.0,0,0,0,0,0.0,0,0,0,0,0,0,0,0,0,0,0,0,0,0,0,0,0,0,0,0,0,0,0,0,0,0,0,0,0,0,0,0,0,31,40,40,71,65476,0,300,0,0,8,21553,0.0,-107605600.0,0.0,0.0,0.0,0.0,0.0,0.0,0.0,0.0,0.0,0.0,0.0,0.0,0.0,0.0,0.0,0.0,0.0,0.0,0.0,0.0,-2.004,-2.004,-2.004,0.0,0.0,0.0,0.0,0.0,6239.0,-0.0,6935.0,0.0,2.7184312818759872e+23,-0.0,2.718430741444032e+23,0.0,0.0,0.0,0.0,69,2.308841773246825e+20,0.059,0.0,0.0,0.0,0.0,0.0,0.0,0.0,0,0,0,0.0,0.0,0.0,0.0,0.0,0.0,0.0,0.0,0.0,0.0,0.0,0.0,0.0,0.0,0.0,0.0,0,-107875648.0,69,0.0,138,0.0,-109447200.0,0,13107,17040,26215,17049,13107,17043,0,0,0,70,68,100,2.7302359370752657e+23,71.2,2.7302370179391762e+23,74.2,2.7302370179391762e+23,74.0,1,49,50,180,13107,52429,0,0,0.0,0.0,0.0,0.0,-0.0,67.0,0.0,162057.094,0.0,751,0,739,0,0,0,721,0,767,0,736,0,742,0,742,0,712,0,7520,0.032,102005473280.0,0.0,0.0,784,16797,-0.0,162057.094,-114818.039,-0.0,0.133,6.909358625270745e+28,30.0,65.0,35,0.0,0.0,0.0,0.0,0.0,0.0,0.0,0.0,0.0,0.0,0.0,0.0,0.0,0.0,0.0,0.0,69.2,0,150,71,55,65476,0,300,0,1,8,20529,65476,0,0,40632,65.0,0.0,0.0,0.0,0.0,0.0
2026-09-04T20:19:20,ERR,ERR,ERR,ERR,ERR,ERR,ERR,ERR,ERR,ERR,ERR,ERR,ERR,ERR,ERR,ERR,ERR,ERR,ERR,ERR,ERR,ERR,ERR,ERR,ERR,ERR,ERR,ERR,ERR,ERR,ERR,ERR,ERR,ERR,ERR,ERR,ERR,ERR,ERR,ERR,ERR,ERR,ERR,ERR,ERR,ERR,ERR,ERR,ERR,ERR,ERR,ERR,ERR,ERR,ERR,ERR,ERR,ERR,ERR,ERR,ERR,ERR,ERR,ERR,ERR,ERR,ERR,ERR,ERR,ERR,ERR,ERR,ERR,ERR,ERR,ERR,ERR,ERR,ERR,ERR,ERR,ERR,ERR,ERR,ERR,ERR,ERR,ERR,ERR,ERR,ERR,ERR,ERR,ERR,ERR,ERR,ERR,ERR,ERR,ERR,ERR,ERR,ERR,ERR,ERR,ERR,ERR,ERR,ERR,ERR,ERR,ERR,ERR,ERR,ERR,ERR,ERR,ERR,ERR,ERR,ERR,ERR,ERR,ERR,ERR,2.718430741444032e+23,2.7184312818759872e+23,0.0,0.0,0.0,1.3936040501711995e+18,7.805,0.0,0,0,4,0,7116,0.0,100,0.0,0.0,0.0,0.0,0.0,0,0,0,0,0.0,0,0,0,0,0,0,0,0,0,0,0,0,0,0,0,0,0,0,0,0,0,0,0,0,0,0,0,0,0,0,0,0,0,31,40,40,71,65476,0,300,0,0,8,21553,0.0,-107605600.0,0.0,0.0,0.0,0.0,0.0,0.0,0.0,0.0,0.0,0.0,0.0,0.0,0.0,0.0,0.0,0.0,0.0,0.0,0.0,0.0,-2.004,-2.004,-2.004,0.0,0.0,0.0,0.0,0.0,6239.0,-0.0,6935.0,0.0,2.7184312818759872e+23,-0.0,2.718430741444032e+23,0.0,0.0,0.0,0.0,69,2.308841773246825e+20,0.059,0.0,0.0,0.0,0.0,0.0,0.0,0.0,0,0,0,0.0,0.0,0.0,0.0,0.0,0.0,0.0,0.0,0.0,0.0,0.0,0.0,0.0,0.0,0.0,0.0,0,-107875648.0,69,0.0,138,0.0,-109447200.0,0,13107,17040,26215,17049,13107,17043,0,0,0,70,68,100,2.7302359370752657e+23,71.2,2.7302370179391762e+23,74.2,2.7302370179391762e+23,74.0,1,49,50,180,13107,52429,0,0,0.0,0.0,0.0,0.0,-0.0,67.0,0.0,162057.094,0.0,751,0,739,0,0,0,721,0,767,0,736,0,742,0,742,0,712,0,7520,0.032,108447924224.0,0.0,0.0,784,16797,-0.0,162057.094,-114818.039,-0.0,0.133,6.909358625270745e+28,30.0,65.0,35,0.0,0.0,0.0,0.0,0.0,0.0,0.0,0.0,0.0,0.0,0.0,0.0,0.0,0.0,0.0,0.0,69.2,0,150,71,55,65476,0,300,0,1,8,20529,65476,0,0,40632,65.0,0.0,0.0,0.0,0.0,0.0
2026-09-04T20:19:21,ERR,ERR,ERR,ERR,ERR,ERR,ERR,ERR,ERR,ERR,ERR,ERR,ERR,ERR,ERR,ERR,ERR,ERR,ERR,ERR,ERR,ERR,ERR,ERR,ERR,ERR,ERR,ERR,ERR,ERR,ERR,ERR,ERR,ERR,ERR,ERR,ERR,ERR,ERR,ERR,ERR,ERR,ERR,ERR,ERR,ERR,ERR,ERR,ERR,ERR,ERR,ERR,ERR,ERR,ERR,ERR,ERR,ERR,ERR,ERR,ERR,ERR,ERR,ERR,ERR,ERR,ERR,ERR,ERR,ERR,ERR,ERR,ERR,ERR,ERR,ERR,ERR,ERR,ERR,ERR,ERR,ERR,ERR,ERR,ERR,ERR,ERR,ERR,ERR,ERR,ERR,ERR,ERR,ERR,ERR,ERR,ERR,ERR,ERR,ERR,ERR,ERR,ERR,ERR,ERR,ERR,ERR,ERR,ERR,ERR,ERR,ERR,ERR,ERR,ERR,ERR,ERR,ERR,ERR,ERR,ERR,ERR,ERR,ERR,ERR,2.718430741444032e+23,2.7184312818759872e+23,0.0,0.0,0.0,1.3936040501711995e+18,7.805,0.0,0,0,4,0,7116,0.0,100,0.0,0.0,0.0,0.0,0.0,0,0,0,0,0.0,0,0,0,0,0,0,0,0,0,0,0,0,0,0,0,0,0,0,0,0,0,0,0,0,0,0,0,0,0,0,0,0,0,31,40,40,71,65476,0,300,0,0,8,21553,0.0,-107605600.0,0.0,0.0,0.0,0.0,0.0,0.0,0.0,0.0,0.0,0.0,0.0,0.0,0.0,0.0,0.0,0.0,0.0,0.0,0.0,0.0,-2.004,-2.004,-2.004,0.0,0.0,0.0,0.0,0.0,6239.0,-0.0,6935.0,0.0,2.7184312818759872e+23,-0.0,2.718430741444032e+23,0.0,0.0,0.0,0.0,69,2.308841773246825e+20,0.059,0.0,0.0,0.0,0.0,0.0,0.0,0.0,0,0,0,0.0,0.0,0.0,0.0,0.0,0.0,0.0,0.0,0.0,0.0,0.0,0.0,0.0,0.0,0.0,0.0,0,-107875648.0,69,0.0,138,0.0,-109447200.0,0,13107,17040,26215,17049,13107,17043,0,0,0,70,68,100,2.7302359370752657e+23,71.2,2.7302370179391762e+23,74.2,2.7302370179391762e+23,74.0,1,49,50,180,13107,52429,0,0,0.0,0.0,0.0,0.0,-0.0,67.0,0.0,162057.094,0.0,751,0,739,0,0,0,721,0,767,0,736,0,742,0,742,0,712,0,7520,0.032,108447924224.0,0.0,0.0,784,16797,-0.0,162057.094,-114818.039,-0.0,0.133,6.909358625270745e+28,30.0,65.0,35,0.0,0.0,0.0,0.0,0.0,0.0,0.0,0.0,0.0,0.0,0.0,0.0,0.0,0.0,0.0,0.0,69.2,0,150,71,55,65476,0,300,0,1,8,20529,65476,0,0,40632,65.0,0.0,0.0,0.0,0.0,0.0
2026-09-04T20:19:22,ERR,ERR,ERR,ERR,ERR,ERR,ERR,ERR,ERR,ERR,ERR,ERR,ERR,ERR,ERR,ERR,ERR,ERR,ERR,ERR,ERR,ERR,ERR,ERR,ERR,ERR,ERR,ERR,ERR,ERR,ERR,ERR,ERR,ERR,ERR,ERR,ERR,ERR,ERR,ERR,ERR,ERR,ERR,ERR,ERR,ERR,ERR,ERR,ERR,ERR,ERR,ERR,ERR,ERR,ERR,ERR,ERR,ERR,ERR,ERR,ERR,ERR,ERR,ERR,ERR,ERR,ERR,ERR,ERR,ERR,ERR,ERR,ERR,ERR,ERR,ERR,ERR,ERR,ERR,ERR,ERR,ERR,ERR,ERR,ERR,ERR,ERR,ERR,ERR,ERR,ERR,ERR,ERR,ERR,ERR,ERR,ERR,ERR,ERR,ERR,ERR,ERR,ERR,ERR,ERR,ERR,ERR,ERR,ERR,ERR,ERR,ERR,ERR,ERR,ERR,ERR,ERR,ERR,ERR,ERR,ERR,ERR,ERR,ERR,ERR,2.718430741444032e+23,2.7184312818759872e+23,0.0,0.0,0.0,1.3936040501711995e+18,7.805,0.0,0,0,4,0,7116,0.0,100,0.0,0.0,0.0,0.0,0.0,0,0,0,0,0.0,0,0,0,0,0,0,0,0,0,0,0,0,0,0,0,0,0,0,0,0,0,0,0,0,0,0,0,0,0,0,0,0,0,31,40,40,71,65476,0,300,0,0,8,21553,0.0,-107605600.0,0.0,0.0,0.0,0.0,0.0,0.0,0.0,0.0,0.0,0.0,0.0,0.0,0.0,0.0,0.0,0.0,0.0,0.0,0.0,0.0,-2.004,-2.004,-2.004,0.0,0.0,0.0,0.0,0.0,6239.0,-0.0,6935.0,0.0,2.7184312818759872e+23,-0.0,2.718430741444032e+23,0.0,0.0,0.0,0.0,69,2.308841773246825e+20,0.059,0.0,0.0,0.0,0.0,0.0,0.0,0.0,0,0,0,0.0,0.0,0.0,0.0,0.0,0.0,0.0,0.0,0.0,0.0,0.0,0.0,0.0,0.0,0.0,0.0,0,-107875648.0,69,0.0,138,0.0,-109447200.0,0,13107,17040,26215,17049,13107,17043,0,0,0,70,68,100,2.7302359370752657e+23,71.2,2.7302370179391762e+23,74.2,2.7302370179391762e+23,74.0,1,49,50,180,13107,52429,0,0,0.0,0.0,0.0,0.0,-0.0,67.0,0.0,162057.094,0.0,751,0,739,0,0,0,721,0,767,0,736,0,742,0,742,0,712,0,7520,0.032,108447924224.0,0.0,0.0,784,16797,-0.0,162057.094,-114818.039,-0.0,0.133,6.909358625270745e+28,30.0,65.0,35,0.0,0.0,0.0,0.0,0.0,0.0,0.0,0.0,0.0,0.0,0.0,0.0,0.0,0.0,0.0,0.0,69.2,0,150,71,55,65476,0,300,0,1,8,20529,65476,0,0,40632,65.0,0.0,0.0,0.0,0.0,0.0
2026-09-04T20:19:23,ERR,ERR,ERR,ERR,ERR,ERR,ERR,ERR,ERR,ERR,ERR,ERR,ERR,ERR,ERR,ERR,ERR,ERR,ERR,ERR,ERR,ERR,ERR,ERR,ERR,ERR,ERR,ERR,ERR,ERR,ERR,ERR,ERR,ERR,ERR,ERR,ERR,ERR,ERR,ERR,ERR,ERR,ERR,ERR,ERR,ERR,ERR,ERR,ERR,ERR,ERR,ERR,ERR,ERR,ERR,ERR,ERR,ERR,ERR,ERR,ERR,ERR,ERR,ERR,ERR,ERR,ERR,ERR,ERR,ERR,ERR,ERR,ERR,ERR,ERR,ERR,ERR,ERR,ERR,ERR,ERR,ERR,ERR,ERR,ERR,ERR,ERR,ERR,ERR,ERR,ERR,ERR,ERR,ERR,ERR,ERR,ERR,ERR,ERR,ERR,ERR,ERR,ERR,ERR,ERR,ERR,ERR,ERR,ERR,ERR,ERR,ERR,ERR,ERR,ERR,ERR,ERR,ERR,ERR,ERR,ERR,ERR,ERR,ERR,ERR,2.718430741444032e+23,2.7184312818759872e+23,0.0,0.0,0.0,1.3936040501711995e+18,7.805,0.0,0,0,4,0,7116,0.0,100,0.0,0.0,0.0,0.0,0.0,0,0,0,0,0.0,0,0,0,0,0,0,0,0,0,0,0,0,0,0,0,0,0,0,0,0,0,0,0,0,0,0,0,0,0,0,0,0,0,31,40,40,71,65476,0,300,0,0,8,21553,0.0,-107605600.0,0.0,0.0,0.0,0.0,0.0,0.0,0.0,0.0,0.0,0.0,0.0,0.0,0.0,0.0,0.0,0.0,0.0,0.0,0.0,0.0,-2.004,-2.004,-2.004,0.0,0.0,0.0,0.0,0.0,6232.0,-0.0,6934.0,2.718430741444032e+23,2.7184312818759872e+23,-0.0,0.0,0.0,0.0,0.0,0.0,69,0.0,0.0,0.0,0.0,0.0,0.0,0.0,0.0,0.0,0,0,0,0.0,0.0,0.0,0.0,0.0,0.0,0.0,0.0,0.0,0.0,0.0,0.0,0.0,0.0,0.0,0.0,0,-107875648.0,69,0.0,138,0.0,-109447200.0,0,13107,17040,26215,17049,13107,17043,0,0,0,70,68,100,2.7302359370752657e+23,71.2,2.7302370179391762e+23,74.2,2.7302370179391762e+23,74.0,1,49,50,180,13107,52429,0,0,0.0,0.0,0.0,0.0,-0.0,67.0,0.0,162057.094,0.0,751,0,739,0,0,0,721,0,767,0,736,0,742,0,742,0,712,0,7520,0.032,108447924224.0,0.0,0.0,784,16797,-0.0,162057.094,-114818.039,-0.0,0.133,6.909358625270745e+28,30.0,65.0,35,0.0,0.0,0.0,0.0,0.0,0.0,0.0,0.0,0.0,0.0,0.0,0.0,0.0,0.0,0.0,0.0,69.2,0,150,71,55,65476,0,300,0,1,8,20529,65476,0,0,40632,65.0,0.0,0.0,0.0,0.0,0.0
2026-09-04T20:19:24,ERR,ERR,ERR,ERR,ERR,ERR,ERR,ERR,ERR,ERR,ERR,ERR,ERR,ERR,ERR,ERR,ERR,ERR,ERR,ERR,ERR,ERR,ERR,ERR,ERR,ERR,ERR,ERR,ERR,ERR,ERR,ERR,ERR,ERR,ERR,ERR,ERR,ERR,ERR,ERR,ERR,ERR,ERR,ERR,ERR,ERR,ERR,ERR,ERR,ERR,ERR,ERR,ERR,ERR,ERR,ERR,ERR,ERR,ERR,ERR,ERR,ERR,ERR,ERR,ERR,ERR,ERR,ERR,ERR,ERR,ERR,ERR,ERR,ERR,ERR,ERR,ERR,ERR,ERR,ERR,ERR,ERR,ERR,ERR,ERR,ERR,ERR,ERR,ERR,ERR,ERR,ERR,ERR,ERR,ERR,ERR,ERR,ERR,ERR,ERR,ERR,ERR,ERR,ERR,ERR,ERR,ERR,ERR,ERR,ERR,ERR,ERR,ERR,ERR,ERR,ERR,ERR,ERR,ERR,ERR,ERR,ERR,ERR,ERR,ERR,2.718430741444032e+23,2.7184312818759872e+23,0.0,0.0,0.0,1.3936040501711995e+18,7.805,0.0,0,0,4,0,7116,0.0,100,0.0,0.0,0.0,0.0,0.0,0,0,0,0,0.0,0,0,0,0,0,0,0,0,0,0,0,0,0,0,0,0,0,0,0,0,0,0,0,0,0,0,0,0,0,0,0,0,0,31,40,40,71,65476,0,300,0,0,8,21553,0.0,-107605600.0,0.0,0.0,0.0,0.0,0.0,0.0,0.0,0.0,0.0,0.0,0.0,0.0,0.0,0.0,0.0,0.0,0.0,0.0,0.0,0.0,-2.004,-2.004,-2.004,0.0,0.0,0.0,0.0,0.0,6232.0,-0.0,6934.0,2.718430741444032e+23,2.7184312818759872e+23,-0.0,0.0,0.0,0.0,0.0,0.0,69,0.0,0.0,0.0,0.0,0.0,0.0,0.0,0.0,0.0,0,0,0,0.0,0.0,0.0,0.0,0.0,0.0,0.0,0.0,0.0,0.0,0.0,0.0,0.0,0.0,0.0,0.0,0,-107875648.0,69,0.0,138,0.0,-109447200.0,0,13107,17040,26215,17049,13107,17043,0,0,0,70,68,100,2.7302359370752657e+23,71.2,2.7302370179391762e+23,74.2,2.7302370179391762e+23,74.0,1,49,50,180,13107,52429,0,0,0.0,0.0,0.0,0.0,-0.0,67.0,0.0,162057.094,0.0,751,0,739,0,0,0,721,0,767,0,736,0,742,0,742,0,712,0,7520,0.032,108447924224.0,0.0,0.0,784,16797,-0.0,162057.094,-114818.039,-0.0,0.133,6.909358625270745e+28,30.0,65.0,35,0.0,0.0,0.0,0.0,0.0,0.0,0.0,0.0,0.0,0.0,0.0,0.0,0.0,0.0,0.0,0.0,69.2,0,150,71,55,65476,0,300,0,1,8,20529,65476,0,0,40632,65.0,0.0,0.0,0.0,0.0,0.0
2026-09-04T20:19:25,ERR,ERR,ERR,ERR,ERR,ERR,ERR,ERR,ERR,ERR,ERR,ERR,ERR,ERR,ERR,ERR,ERR,ERR,ERR,ERR,ERR,ERR,ERR,ERR,ERR,ERR,ERR,ERR,ERR,ERR,ERR,ERR,ERR,ERR,ERR,ERR,ERR,ERR,ERR,ERR,ERR,ERR,ERR,ERR,ERR,ERR,ERR,ERR,ERR,ERR,ERR,ERR,ERR,ERR,ERR,ERR,ERR,ERR,ERR,ERR,ERR,ERR,ERR,ERR,ERR,ERR,ERR,ERR,ERR,ERR,ERR,ERR,ERR,ERR,ERR,ERR,ERR,ERR,ERR,ERR,ERR,ERR,ERR,ERR,ERR,ERR,ERR,ERR,ERR,ERR,ERR,ERR,ERR,ERR,ERR,ERR,ERR,ERR,ERR,ERR,ERR,ERR,ERR,ERR,ERR,ERR,ERR,ERR,ERR,ERR,ERR,ERR,ERR,ERR,ERR,ERR,ERR,ERR,ERR,ERR,ERR,ERR,ERR,ERR,ERR,2.718430741444032e+23,2.7184312818759872e+23,0.0,0.0,0.0,1.3936040501711995e+18,7.805,0.0,0,0,4,0,7116,0.0,100,0.0,0.0,0.0,0.0,0.0,0,0,0,0,0.0,0,0,0,0,0,0,0,0,0,0,0,0,0,0,0,0,0,0,0,0,0,0,0,0,0,0,0,0,0,0,0,0,0,31,40,40,71,65476,0,300,0,0,8,21553,0.0,-107605600.0,0.0,0.0,0.0,0.0,0.0,0.0,0.0,0.0,0.0,0.0,0.0,0.0,0.0,0.0,0.0,0.0,0.0,0.0,0.0,0.0,-2.004,-2.004,-2.004,0.0,0.0,0.0,0.0,0.0,6232.0,-0.0,6934.0,2.718430741444032e+23,2.7184312818759872e+23,-0.0,0.0,0.0,0.0,0.0,0.0,69,0.0,0.0,0.0,0.0,0.0,0.0,0.0,0.0,0.0,0,0,0,0.0,0.0,0.0,0.0,0.0,0.0,0.0,0.0,0.0,0.0,0.0,0.0,0.0,0.0,0.0,0.0,0,-107875648.0,69,0.0,138,0.0,-109447200.0,0,13107,17040,26215,17049,13107,17043,0,0,0,70,68,100,2.7302359370752657e+23,71.2,2.7302370179391762e+23,74.2,2.7302370179391762e+23,74.0,1,49,50,180,13107,52429,0,0,0.0,0.0,0.0,0.0,-0.0,67.0,0.0,162057.094,0.0,751,0,739,0,0,0,721,0,767,0,736,0,742,0,742,0,712,0,7520,0.032,108447924224.0,0.0,0.0,784,16797,-0.0,162057.094,-114818.039,-0.0,0.133,6.909358625270745e+28,30.0,65.0,35,0.0,0.0,0.0,0.0,0.0,0.0,0.0,0.0,0.0,0.0,0.0,0.0,0.0,0.0,0.0,0.0,69.2,0,150,71,55,65476,0,300,0,1,8,20529,65476,0,0,40632,65.0,0.0,0.0,0.0,0.0,0.0
2026-09-04T20:19:26,ERR,ERR,ERR,ERR,ERR,ERR,ERR,ERR,ERR,ERR,ERR,ERR,ERR,ERR,ERR,ERR,ERR,ERR,ERR,ERR,ERR,ERR,ERR,ERR,ERR,ERR,ERR,ERR,ERR,ERR,ERR,ERR,ERR,ERR,ERR,ERR,ERR,ERR,ERR,ERR,ERR,ERR,ERR,ERR,ERR,ERR,ERR,ERR,ERR,ERR,ERR,ERR,ERR,ERR,ERR,ERR,ERR,ERR,ERR,ERR,ERR,ERR,ERR,ERR,ERR,ERR,ERR,ERR,ERR,ERR,ERR,ERR,ERR,ERR,ERR,ERR,ERR,ERR,ERR,ERR,ERR,ERR,ERR,ERR,ERR,ERR,ERR,ERR,ERR,ERR,ERR,ERR,ERR,ERR,ERR,ERR,ERR,ERR,ERR,ERR,ERR,ERR,ERR,ERR,ERR,ERR,ERR,ERR,ERR,ERR,ERR,ERR,ERR,ERR,ERR,ERR,ERR,ERR,ERR,ERR,ERR,ERR,ERR,ERR,ERR,2.718430741444032e+23,2.7184312818759872e+23,0.0,0.0,0.0,1.3936040501711995e+18,7.805,0.0,0,0,4,0,7116,0.0,100,0.0,0.0,0.0,0.0,0.0,0,0,0,0,0.0,0,0,0,0,0,0,0,0,0,0,0,0,0,0,0,0,0,0,0,0,0,0,0,0,0,0,0,0,0,0,0,0,0,31,40,40,71,65476,0,300,0,0,8,21553,0.0,-107605600.0,0.0,0.0,0.0,0.0,0.0,0.0,0.0,0.0,0.0,0.0,0.0,0.0,0.0,0.0,0.0,0.0,0.0,0.0,0.0,0.0,-2.004,-2.004,-2.004,0.0,0.0,0.0,0.0,0.0,6232.0,-0.0,6934.0,2.718430741444032e+23,2.7184312818759872e+23,-0.0,0.0,0.0,0.0,0.0,0.0,69,0.0,0.0,0.0,0.0,0.0,0.0,0.0,0.0,0.0,0,0,0,0.0,0.0,0.0,0.0,0.0,0.0,0.0,0.0,0.0,0.0,0.0,0.0,0.0,0.0,0.0,0.0,0,-107875648.0,69,0.0,138,0.0,-109447200.0,0,13107,17040,26215,17049,13107,17043,0,0,0,70,68,100,2.7302359370752657e+23,71.2,0.0,74.2,2.7302370179391762e+23,74.0,1,49,50,180,13107,52429,0,0,0.0,0.0,0.0,0.0,-0.0,67.0,0.0,162057.094,0.0,751,0,739,0,0,0,721,0,767,0,736,0,742,0,742,0,712,0,7520,0.032,108447924224.0,0.0,0.0,784,16797,-0.0,162057.094,-114818.039,-0.0,0.133,6.909358625270745e+28,30.0,65.0,35,0.0,0.0,0.0,0.0,0.0,0.0,0.0,0.0,0.0,0.0,0.0,0.0,0.0,0.0,0.0,0.0,69.2,0,150,71,55,65476,0,300,0,1,8,20529,65476,0,0,40632,65.0,0.0,0.0,0.0,0.0,0.0
2026-09-04T20:19:27,ERR,ERR,ERR,ERR,ERR,ERR,ERR,ERR,ERR,ERR,ERR,ERR,ERR,ERR,ERR,ERR,ERR,ERR,ERR,ERR,ERR,ERR,ERR,ERR,ERR,ERR,ERR,ERR,ERR,ERR,ERR,ERR,ERR,ERR,ERR,ERR,ERR,ERR,ERR,ERR,ERR,ERR,ERR,ERR,ERR,ERR,ERR,ERR,ERR,ERR,ERR,ERR,ERR,ERR,ERR,ERR,ERR,ERR,ERR,ERR,ERR,ERR,ERR,ERR,ERR,ERR,ERR,ERR,ERR,ERR,ERR,ERR,ERR,ERR,ERR,ERR,ERR,ERR,ERR,ERR,ERR,ERR,ERR,ERR,ERR,ERR,ERR,ERR,ERR,ERR,ERR,ERR,ERR,ERR,ERR,ERR,ERR,ERR,ERR,ERR,ERR,ERR,ERR,ERR,ERR,ERR,ERR,ERR,ERR,ERR,ERR,ERR,ERR,ERR,ERR,ERR,ERR,ERR,ERR,ERR,ERR,ERR,ERR,ERR,ERR,2.718430741444032e+23,2.7184312818759872e+23,0.0,0.0,0.0,1.3936040501711995e+18,7.805,0.0,0,0,4,0,7116,0.0,100,0.0,0.0,0.0,0.0,0.0,0,0,0,0,0.0,0,0,0,0,0,0,0,0,0,0,0,0,0,0,0,0,0,0,0,0,0,0,0,0,0,0,0,0,0,0,0,0,0,31,40,40,71,65476,0,300,0,0,8,21553,0.0,-107605600.0,0.0,0.0,0.0,0.0,0.0,0.0,0.0,0.0,0.0,0.0,0.0,0.0,0.0,0.0,0.0,0.0,0.0,0.0,0.0,0.0,-2.004,-2.004,-2.004,0.0,0.0,0.0,0.0,0.0,6232.0,-0.0,6934.0,2.718430741444032e+23,2.7184312818759872e+23,-0.0,0.0,0.0,0.0,0.0,0.0,69,0.0,0.0,0.0,0.0,0.0,0.0,0.0,0.0,0.0,0,0,0,0.0,0.0,0.0,0.0,0.0,0.0,0.0,0.0,0.0,0.0,0.0,0.0,0.0,0.0,0.0,0.0,0,-107875648.0,69,0.0,138,0.0,-109447200.0,0,13107,17040,26215,17049,13107,17043,0,0,0,70,68,100,2.7302359370752657e+23,71.2,0.0,74.2,2.7302370179391762e+23,74.0,1,49,50,180,13107,52429,0,0,0.0,0.0,0.0,0.0,-0.0,67.0,0.0,162057.094,0.0,751,0,739,0,0,0,721,0,767,0,736,0,742,0,742,0,712,0,7520,0.032,108447924224.0,0.0,0.0,784,16797,-0.0,162057.094,-114818.039,-0.0,0.133,6.909358625270745e+28,30.0,65.0,35,0.0,0.0,0.0,0.0,0.0,0.0,0.0,0.0,0.0,0.0,0.0,0.0,0.0,0.0,0.0,0.0,69.2,0,150,71,55,65476,0,300,0,1,8,20529,65476,0,0,40632,65.0,0.0,0.0,0.0,0.0,0.0
2026-09-04T20:19:28,ERR,ERR,ERR,ERR,ERR,ERR,ERR,ERR,ERR,ERR,ERR,ERR,ERR,ERR,ERR,ERR,ERR,ERR,ERR,ERR,ERR,ERR,ERR,ERR,ERR,ERR,ERR,ERR,ERR,ERR,ERR,ERR,ERR,ERR,ERR,ERR,ERR,ERR,ERR,ERR,ERR,ERR,ERR,ERR,ERR,ERR,ERR,ERR,ERR,ERR,ERR,ERR,ERR,ERR,ERR,ERR,ERR,ERR,ERR,ERR,ERR,ERR,ERR,ERR,ERR,ERR,ERR,ERR,ERR,ERR,ERR,ERR,ERR,ERR,ERR,ERR,ERR,ERR,ERR,ERR,ERR,ERR,ERR,ERR,ERR,ERR,ERR,ERR,ERR,ERR,ERR,ERR,ERR,ERR,ERR,ERR,ERR,ERR,ERR,ERR,ERR,ERR,ERR,ERR,ERR,ERR,ERR,ERR,ERR,ERR,ERR,ERR,ERR,ERR,ERR,ERR,ERR,ERR,ERR,ERR,ERR,ERR,ERR,ERR,ERR,2.718430741444032e+23,2.7184312818759872e+23,0.0,0.0,0.0,1.3936040501711995e+18,7.805,0.0,0,0,4,0,7116,0.0,100,0.0,0.0,0.0,0.0,0.0,0,0,0,0,0.0,0,0,0,0,0,0,0,0,0,0,0,0,0,0,0,0,0,0,0,0,0,0,0,0,0,0,0,0,0,0,0,0,0,31,40,40,71,65476,0,300,0,0,8,21553,0.0,-107605600.0,0.0,0.0,0.0,0.0,0.0,0.0,0.0,0.0,0.0,0.0,0.0,0.0,0.0,0.0,0.0,0.0,0.0,0.0,0.0,0.0,-2.004,-2.004,-2.004,0.0,0.0,0.0,0.0,0.0,6232.0,-0.0,6934.0,2.718430741444032e+23,2.7184312818759872e+23,-0.0,0.0,0.0,0.0,0.0,0.0,69,0.0,0.0,0.0,0.0,0.0,0.0,0.0,0.0,0.0,0,0,0,0.0,0.0,0.0,0.0,0.0,0.0,0.0,0.0,0.0,0.0,0.0,0.0,0.0,0.0,0.0,0.0,0,-107875648.0,69,0.0,138,0.0,-109447200.0,0,13107,17040,26215,17049,13107,17043,0,0,0,70,68,100,2.7302359370752657e+23,71.2,0.0,74.2,2.7302370179391762e+23,74.0,1,49,50,180,13107,52429,0,0,0.0,0.0,0.0,0.0,-0.0,67.0,0.0,162057.094,0.0,751,0,739,0,0,0,721,0,767,0,736,0,742,0,742,0,712,0,7520,0.032,108447924224.0,0.0,0.0,784,16797,-0.0,162057.094,-114818.039,-0.0,0.133,6.909358625270745e+28,30.0,65.0,35,0.0,0.0,0.0,0.0,0.0,0.0,0.0,0.0,0.0,0.0,0.0,0.0,0.0,0.0,0.0,0.0,69.2,0,150,71,55,65476,0,300,0,1,8,20529,65476,0,0,40632,65.0,0.0,0.0,0.0,0.0,0.0
2026-09-04T20:19:29,ERR,ERR,ERR,ERR,ERR,ERR,ERR,ERR,ERR,ERR,ERR,ERR,ERR,ERR,ERR,ERR,ERR,ERR,ERR,ERR,ERR,ERR,ERR,ERR,ERR,ERR,ERR,ERR,ERR,ERR,ERR,ERR,ERR,ERR,ERR,ERR,ERR,ERR,ERR,ERR,ERR,ERR,ERR,ERR,ERR,ERR,ERR,ERR,ERR,ERR,ERR,ERR,ERR,ERR,ERR,ERR,ERR,ERR,ERR,ERR,ERR,ERR,ERR,ERR,ERR,ERR,ERR,ERR,ERR,ERR,ERR,ERR,ERR,ERR,ERR,ERR,ERR,ERR,ERR,ERR,ERR,ERR,ERR,ERR,ERR,ERR,ERR,ERR,ERR,ERR,ERR,ERR,ERR,ERR,ERR,ERR,ERR,ERR,ERR,ERR,ERR,ERR,ERR,ERR,ERR,ERR,ERR,ERR,ERR,ERR,ERR,ERR,ERR,ERR,ERR,ERR,ERR,ERR,ERR,ERR,ERR,ERR,ERR,ERR,ERR,2.718430741444032e+23,2.7184312818759872e+23,0.0,0.0,0.0,1.3936040501711995e+18,7.805,0.0,0,0,4,0,7116,0.0,100,0.0,0.0,0.0,0.0,0.0,0,0,0,0,0.0,0,0,0,0,0,0,0,0,0,0,0,0,0,0,0,0,0,0,0,0,0,0,0,0,0,0,0,0,0,0,0,0,0,31,40,40,71,65476,0,300,0,0,8,21553,0.0,-107605600.0,0.0,0.0,0.0,0.0,0.0,0.0,0.0,0.0,0.0,0.0,0.0,0.0,0.0,0.0,0.0,0.0,0.0,0.0,0.0,0.0,0.0,-2.004,-2.004,0.0,0.0,0.0,0.0,0.0,6240.0,-1.0406700850291214e+34,6943.0,2.718430741444032e+23,2.7184312818759872e+23,-0.0,2.718430741444032e+23,0.0,0.0,0.0,0.0,69,1.9056993230651392e+17,-0.0,0.0,0.0,0.0,0.0,0.0,0.0,0.0,0,0,0,0.0,0.0,0.0,0.0,0.0,0.0,0.0,0.0,0.0,0.0,0.0,0.0,0.0,0.0,0.0,0.0,0,-107875648.0,69,0.0,138,0.0,-109447200.0,0,13107,17040,26215,17049,13107,17043,0,0,0,70,68,100,2.7302359370752657e+23,71.2,0.0,74.2,2.7302370179391762e+23,74.0,1,49,50,180,13107,52429,0,0,0.0,0.0,0.0,0.0,-0.0,67.0,0.0,162057.094,0.0,751,0,739,0,0,0,721,0,767,0,736,0,742,0,742,0,712,0,7520,0.032,108447924224.0,0.0,0.0,784,16797,-0.0,162057.094,-114818.039,-0.0,0.133,6.909358625270745e+28,30.0,65.0,35,0.0,0.0,0.0,0.0,0.0,0.0,0.0,0.0,0.0,0.0,0.0,0.0,0.0,0.0,0.0,0.0,69.2,0,150,71,55,65476,0,300,0,1,8,20529,65476,0,0,40632,65.0,0.0,0.0,0.0,0.0,0.0
2026-09-04T20:19:30,ERR,ERR,ERR,ERR,ERR,ERR,ERR,ERR,ERR,ERR,ERR,ERR,ERR,ERR,ERR,ERR,ERR,ERR,ERR,ERR,ERR,ERR,ERR,ERR,ERR,ERR,ERR,ERR,ERR,ERR,ERR,ERR,ERR,ERR,ERR,ERR,ERR,ERR,ERR,ERR,ERR,ERR,ERR,ERR,ERR,ERR,ERR,ERR,ERR,ERR,ERR,ERR,ERR,ERR,ERR,ERR,ERR,ERR,ERR,ERR,ERR,ERR,ERR,ERR,ERR,ERR,ERR,ERR,ERR,ERR,ERR,ERR,ERR,ERR,ERR,ERR,ERR,ERR,ERR,ERR,ERR,ERR,ERR,ERR,ERR,ERR,ERR,ERR,ERR,ERR,ERR,ERR,ERR,ERR,ERR,ERR,ERR,ERR,ERR,ERR,ERR,ERR,ERR,ERR,ERR,ERR,ERR,ERR,ERR,ERR,ERR,ERR,ERR,ERR,ERR,ERR,ERR,ERR,ERR,ERR,ERR,ERR,ERR,ERR,ERR,2.718430741444032e+23,2.7184312818759872e+23,0.0,0.0,0.0,1.3936040501711995e+18,7.805,0.0,0,0,4,0,7116,0.0,100,0.0,0.0,0.0,0.0,0.0,0,0,0,0,0.0,0,0,0,0,0,0,0,0,0,0,0,0,0,0,0,0,0,0,0,0,0,0,0,0,0,0,0,0,0,0,0,0,0,31,40,40,71,65476,0,300,0,0,8,21553,0.0,-107605600.0,0.0,0.0,0.0,0.0,0.0,0.0,0.0,0.0,0.0,0.0,0.0,0.0,0.0,0.0,0.0,0.0,0.0,0.0,0.0,0.0,0.0,-2.004,-2.004,0.0,0.0,0.0,0.0,0.0,6240.0,-1.0406700850291214e+34,6943.0,2.718430741444032e+23,2.7184312818759872e+23,-0.0,2.718430741444032e+23,0.0,0.0,0.0,0.0,69,1.9056993230651392e+17,-0.0,0.0,0.0,0.0,0.0,0.0,0.0,0.0,0,0,0,0.0,0.0,0.0,0.0,0.0,0.0,0.0,0.0,0.0,0.0,0.0,0.0,0.0,0.0,0.0,0.0,0,-107875648.0,69,0.0,138,0.0,-109447200.0,0,13107,17040,26215,17049,13107,17043,0,0,0,70,68,100,2.7302359370752657e+23,71.2,0.0,74.2,2.7302370179391762e+23,74.0,1,49,50,180,13107,52429,0,0,0.0,0.0,0.0,0.0,-0.0,67.0,0.0,162057.094,0.0,751,0,739,0,0,0,721,0,767,0,736,0,742,0,742,0,712,0,7520,0.032,108447924224.0,0.0,0.0,784,16797,-0.0,162057.094,-114818.039,-0.0,0.133,6.909358625270745e+28,30.0,65.0,35,0.0,0.0,0.0,0.0,0.0,0.0,0.0,0.0,0.0,0.0,0.0,0.0,0.0,0.0,0.0,0.0,69.2,0,150,71,55,65476,0,300,0,1,8,20529,65476,0,0,40632,65.0,0.0,0.0,0.0,0.0,0.0
2026-09-04T20:19:31,ERR,ERR,ERR,ERR,ERR,ERR,ERR,ERR,ERR,ERR,ERR,ERR,ERR,ERR,ERR,ERR,ERR,ERR,ERR,ERR,ERR,ERR,ERR,ERR,ERR,ERR,ERR,ERR,ERR,ERR,ERR,ERR,ERR,ERR,ERR,ERR,ERR,ERR,ERR,ERR,ERR,ERR,ERR,ERR,ERR,ERR,ERR,ERR,ERR,ERR,ERR,ERR,ERR,ERR,ERR,ERR,ERR,ERR,ERR,ERR,ERR,ERR,ERR,ERR,ERR,ERR,ERR,ERR,ERR,ERR,ERR,ERR,ERR,ERR,ERR,ERR,ERR,ERR,ERR,ERR,ERR,ERR,ERR,ERR,ERR,ERR,ERR,ERR,ERR,ERR,ERR,ERR,ERR,ERR,ERR,ERR,ERR,ERR,ERR,ERR,ERR,ERR,ERR,ERR,ERR,ERR,ERR,ERR,ERR,ERR,ERR,ERR,ERR,ERR,ERR,ERR,ERR,ERR,ERR,ERR,ERR,ERR,ERR,ERR,ERR,2.718430741444032e+23,2.7184312818759872e+23,0.0,0.0,0.0,1.3936040501711995e+18,7.805,0.0,0,0,4,0,7116,0.0,100,0.0,0.0,0.0,0.0,0.0,0,0,0,0,0.0,0,0,0,0,0,0,0,0,0,0,0,0,0,0,0,0,0,0,0,0,0,0,0,0,0,0,0,0,0,0,0,0,0,31,40,40,71,65476,0,300,0,0,8,21553,0.0,-107605600.0,0.0,0.0,0.0,0.0,0.0,0.0,0.0,0.0,0.0,0.0,0.0,0.0,0.0,0.0,0.0,0.0,0.0,0.0,0.0,0.0,0.0,-2.004,-2.004,0.0,0.0,0.0,0.0,0.0,6240.0,-1.0406700850291214e+34,6943.0,2.718430741444032e+23,2.7184312818759872e+23,-0.0,2.718430741444032e+23,0.0,0.0,0.0,0.0,69,1.9056993230651392e+17,-0.0,0.0,0.0,0.0,0.0,0.0,0.0,0.0,0,0,0,0.0,0.0,0.0,0.0,0.0,0.0,0.0,0.0,0.0,0.0,0.0,0.0,0.0,0.0,0.0,0.0,0,-107875648.0,69,0.0,138,0.0,-109447200.0,0,13107,17040,26215,17049,13107,17043,0,0,0,70,68,100,2.7302359370752657e+23,71.2,0.0,74.2,2.7302370179391762e+23,74.0,1,49,50,180,13107,52429,0,0,0.0,0.0,0.0,0.0,-0.0,67.0,0.0,162057.094,0.0,751,0,739,0,0,0,721,0,767,0,736,0,742,0,742,0,712,0,7520,0.032,108447924224.0,0.0,0.0,784,16797,-0.0,162057.094,-114818.039,-0.0,0.133,6.909358625270745e+28,30.0,65.0,35,0.0,0.0,0.0,0.0,0.0,0.0,0.0,0.0,0.0,0.0,0.0,0.0,0.0,0.0,0.0,0.0,69.2,0,150,71,55,65476,0,300,0,1,8,20529,65476,0,0,40632,65.0,0.0,0.0,0.0,0.0,0.0
2026-09-04T20:19:32,ERR,ERR,ERR,ERR,ERR,ERR,ERR,ERR,ERR,ERR,ERR,ERR,ERR,ERR,ERR,ERR,ERR,ERR,ERR,ERR,ERR,ERR,ERR,ERR,ERR,ERR,ERR,ERR,ERR,ERR,ERR,ERR,ERR,ERR,ERR,ERR,ERR,ERR,ERR,ERR,ERR,ERR,ERR,ERR,ERR,ERR,ERR,ERR,ERR,ERR,ERR,ERR,ERR,ERR,ERR,ERR,ERR,ERR,ERR,ERR,ERR,ERR,ERR,ERR,ERR,ERR,ERR,ERR,ERR,ERR,ERR,ERR,ERR,ERR,ERR,ERR,ERR,ERR,ERR,ERR,ERR,ERR,ERR,ERR,ERR,ERR,ERR,ERR,ERR,ERR,ERR,ERR,ERR,ERR,ERR,ERR,ERR,ERR,ERR,ERR,ERR,ERR,ERR,ERR,ERR,ERR,ERR,ERR,ERR,ERR,ERR,ERR,ERR,ERR,ERR,ERR,ERR,ERR,ERR,ERR,ERR,ERR,ERR,ERR,ERR,2.718430741444032e+23,2.7184312818759872e+23,0.0,0.0,0.0,1.3936040501711995e+18,7.805,0.0,0,0,4,0,7116,0.0,100,0.0,0.0,0.0,0.0,0.0,0,0,0,0,0.0,0,0,0,0,0,0,0,0,0,0,0,0,0,0,0,0,0,0,0,0,0,0,0,0,0,0,0,0,0,0,0,0,0,31,40,40,71,65476,0,300,0,0,8,21553,0.0,-107605600.0,0.0,0.0,0.0,0.0,0.0,0.0,0.0,0.0,0.0,0.0,0.0,0.0,0.0,0.0,0.0,0.0,0.0,0.0,0.0,0.0,0.0,-2.004,-2.004,0.0,0.0,0.0,0.0,0.0,6240.0,-1.0406700850291214e+34,6943.0,2.718430741444032e+23,2.7184312818759872e+23,-0.0,2.718430741444032e+23,0.0,0.0,0.0,0.0,69,1.9056993230651392e+17,-0.0,0.0,0.0,0.0,0.0,0.0,0.0,0.0,0,0,0,0.0,0.0,0.0,0.0,0.0,0.0,0.0,0.0,0.0,0.0,0.0,0.0,0.0,0.0,0.0,0.0,0,-107875648.0,69,0.0,138,0.0,-109447200.0,0,13107,17040,26215,17049,13107,17043,0,0,0,70,68,100,2.7302359370752657e+23,71.2,0.0,74.2,2.7302370179391762e+23,74.0,1,49,50,180,13107,52429,0,0,0.0,0.0,0.0,0.0,-0.0,67.0,0.0,162057.094,0.0,751,0,739,0,0,0,721,0,767,0,736,0,742,0,742,0,712,0,7520,0.032,108447924224.0,0.0,0.0,784,16797,-0.0,162057.094,-114818.039,-0.0,0.133,6.909358625270745e+28,30.0,65.0,35,0.0,0.0,0.0,0.0,0.0,0.0,0.0,0.0,0.0,0.0,0.0,0.0,0.0,0.0,0.0,0.0,69.2,0,150,71,55,65476,0,300,0,1,8,20529,65476,0,0,40632,65.0,0.0,0.0,0.0,0.0,0.0
2026-09-04T20:19:33,ERR,ERR,ERR,ERR,ERR,ERR,ERR,ERR,ERR,ERR,ERR,ERR,ERR,ERR,ERR,ERR,ERR,ERR,ERR,ERR,ERR,ERR,ERR,ERR,ERR,ERR,ERR,ERR,ERR,ERR,ERR,ERR,ERR,ERR,ERR,ERR,ERR,ERR,ERR,ERR,ERR,ERR,ERR,ERR,ERR,ERR,ERR,ERR,ERR,ERR,ERR,ERR,ERR,ERR,ERR,ERR,ERR,ERR,ERR,ERR,ERR,ERR,ERR,ERR,ERR,ERR,ERR,ERR,ERR,ERR,ERR,ERR,ERR,ERR,ERR,ERR,ERR,ERR,ERR,ERR,ERR,ERR,ERR,ERR,ERR,ERR,ERR,ERR,ERR,ERR,ERR,ERR,ERR,ERR,ERR,ERR,ERR,ERR,ERR,ERR,ERR,ERR,ERR,ERR,ERR,ERR,ERR,ERR,ERR,ERR,ERR,ERR,ERR,ERR,ERR,ERR,ERR,ERR,ERR,ERR,ERR,ERR,ERR,ERR,ERR,2.718430741444032e+23,2.7184312818759872e+23,0.0,0.0,0.0,1.3936040501711995e+18,7.805,0.0,0,0,4,0,7116,0.0,100,0.0,0.0,0.0,0.0,0.0,0,0,0,0,0.0,0,0,0,0,0,0,0,0,0,0,0,0,0,0,0,0,0,0,0,0,0,0,0,0,0,0,0,0,0,0,0,0,0,31,40,40,71,65476,0,300,0,0,8,21553,0.0,-107605600.0,0.0,0.0,0.0,0.0,0.0,0.0,0.0,0.0,0.0,0.0,0.0,0.0,0.0,0.0,0.0,0.0,0.0,0.0,0.0,0.0,0.0,-2.004,-2.004,0.0,0.0,0.0,0.0,0.0,6240.0,-1.0406700850291214e+34,6943.0,2.718430741444032e+23,2.7184312818759872e+23,-0.0,2.718430741444032e+23,0.0,0.0,0.0,0.0,69,1.9056993230651392e+17,-0.0,0.0,0.0,0.0,0.0,0.0,0.0,0.0,0,0,0,0.0,0.0,0.0,0.0,0.0,0.0,0.0,0.0,0.0,0.0,0.0,0.0,0.0,0.0,0.0,0.0,0,-107875648.0,69,0.0,138,0.0,-109447200.0,0,13107,17040,26215,17049,13107,17043,0,0,0,70,68,100,2.7302359370752657e+23,71.2,0.0,74.2,2.7302370179391762e+23,74.0,1,49,50,180,13107,52429,0,0,0.0,0.0,0.0,0.0,-0.0,67.0,0.0,162057.094,0.0,751,0,739,0,0,0,721,0,767,0,736,0,742,0,742,0,712,0,7520,0.032,108447924224.0,0.0,0.0,784,16797,-0.0,162057.094,-114818.039,-0.0,0.133,6.909358625270745e+28,30.0,65.0,35,0.0,0.0,0.0,0.0,0.0,0.0,0.0,0.0,0.0,0.0,0.0,0.0,0.0,0.0,0.0,0.0,69.2,0,150,71,55,65476,0,300,0,1,8,20529,65476,0,0,40632,65.0,0.0,0.0,0.0,0.0,0.0
2026-09-04T20:19:34,ERR,ERR,ERR,ERR,ERR,ERR,ERR,ERR,ERR,ERR,ERR,ERR,ERR,ERR,ERR,ERR,ERR,ERR,ERR,ERR,ERR,ERR,ERR,ERR,ERR,ERR,ERR,ERR,ERR,ERR,ERR,ERR,ERR,ERR,ERR,ERR,ERR,ERR,ERR,ERR,ERR,ERR,ERR,ERR,ERR,ERR,ERR,ERR,ERR,ERR,ERR,ERR,ERR,ERR,ERR,ERR,ERR,ERR,ERR,ERR,ERR,ERR,ERR,ERR,ERR,ERR,ERR,ERR,ERR,ERR,ERR,ERR,ERR,ERR,ERR,ERR,ERR,ERR,ERR,ERR,ERR,ERR,ERR,ERR,ERR,ERR,ERR,ERR,ERR,ERR,ERR,ERR,ERR,ERR,ERR,ERR,ERR,ERR,ERR,ERR,ERR,ERR,ERR,ERR,ERR,ERR,ERR,ERR,ERR,ERR,ERR,ERR,ERR,ERR,ERR,ERR,ERR,ERR,ERR,ERR,ERR,ERR,ERR,ERR,ERR,2.718430741444032e+23,2.7184312818759872e+23,0.0,0.0,0.0,1.3936040501711995e+18,7.805,0.0,0,0,4,0,7116,0.0,100,0.0,0.0,0.0,0.0,0.0,0,0,0,0,0.0,0,0,0,0,0,0,0,0,0,0,0,0,0,0,0,0,0,0,0,0,0,0,0,0,0,0,0,0,0,0,0,0,0,31,40,40,71,65476,0,300,0,0,8,21553,0.0,-107605600.0,0.0,0.0,0.0,0.0,0.0,0.0,0.0,0.0,0.0,0.0,0.0,0.0,0.0,0.0,0.0,0.0,0.0,0.0,0.0,0.0,0.0,-2.004,-2.004,0.0,0.0,0.0,0.0,0.0,6240.0,-1.0406700850291214e+34,6943.0,2.718430741444032e+23,2.7184312818759872e+23,-0.0,2.718430741444032e+23,0.0,0.0,0.0,0.0,69,1.9056993230651392e+17,-0.0,0.0,0.0,0.0,0.0,0.0,0.0,0.0,0,0,0,0.0,0.0,0.0,0.0,0.0,0.0,0.0,0.0,0.0,0.0,0.0,0.0,0.0,0.0,0.0,0.0,0,-107875648.0,69,0.0,138,0.0,-109447200.0,0,13107,17040,26215,17049,13107,17043,0,0,0,70,68,100,2.7302359370752657e+23,71.2,0.0,74.2,2.7302370179391762e+23,74.0,1,49,50,180,13107,52429,0,0,0.0,0.0,0.0,0.0,-0.0,67.0,0.0,162057.094,0.0,751,0,739,0,0,0,721,0,767,0,736,0,742,0,742,0,712,0,7520,0.032,108447924224.0,0.0,0.0,784,16797,-0.0,162057.094,-114818.039,-0.0,0.133,6.909358625270745e+28,30.0,65.0,35,0.0,0.0,0.0,0.0,0.0,0.0,0.0,0.0,0.0,0.0,0.0,0.0,0.0,0.0,0.0,0.0,69.2,0,150,71,55,65476,0,300,0,1,8,20529,65476,0,0,40632,65.0,0.0,0.0,0.0,0.0,0.0
2026-09-04T20:19:35,ERR,ERR,ERR,ERR,ERR,ERR,ERR,ERR,ERR,ERR,ERR,ERR,ERR,ERR,ERR,ERR,ERR,ERR,ERR,ERR,ERR,ERR,ERR,ERR,ERR,ERR,ERR,ERR,ERR,ERR,ERR,ERR,ERR,ERR,ERR,ERR,ERR,ERR,ERR,ERR,ERR,ERR,ERR,ERR,ERR,ERR,ERR,ERR,ERR,ERR,ERR,ERR,ERR,ERR,ERR,ERR,ERR,ERR,ERR,ERR,ERR,ERR,ERR,ERR,ERR,ERR,ERR,ERR,ERR,ERR,ERR,ERR,ERR,ERR,ERR,ERR,ERR,ERR,ERR,ERR,ERR,ERR,ERR,ERR,ERR,ERR,ERR,ERR,ERR,ERR,ERR,ERR,ERR,ERR,ERR,ERR,ERR,ERR,ERR,ERR,ERR,ERR,ERR,ERR,ERR,ERR,ERR,ERR,ERR,ERR,ERR,ERR,ERR,ERR,ERR,ERR,ERR,ERR,ERR,ERR,ERR,ERR,ERR,ERR,ERR,2.718430741444032e+23,2.7184312818759872e+23,0.0,0.0,0.0,1.3936040501711995e+18,7.805,0.0,0,0,4,0,7116,0.0,100,0.0,0.0,0.0,0.0,0.0,0,0,0,0,0.0,0,0,0,0,0,0,0,0,0,0,0,0,0,0,0,0,0,0,0,0,0,0,0,0,0,0,0,0,0,0,0,0,0,31,40,40,71,65476,0,300,0,0,8,21553,0.0,-107605600.0,0.0,0.0,0.0,0.0,0.0,0.0,0.0,0.0,0.0,0.0,0.0,0.0,0.0,0.0,0.0,0.0,0.0,0.0,0.0,0.0,0.0,-2.004,-2.004,0.0,0.0,0.0,0.0,0.0,6240.0,-1.0406700850291214e+34,6943.0,2.718430741444032e+23,2.7184312818759872e+23,-0.0,2.718430741444032e+23,0.0,0.0,0.0,0.0,69,1.9056993230651392e+17,-0.0,0.0,0.0,0.0,0.0,0.0,0.0,0.0,0,0,0,0.0,0.0,0.0,0.0,0.0,0.0,0.0,0.0,0.0,0.0,0.0,0.0,0.0,0.0,0.0,0.0,0,-107875648.0,69,0.0,138,0.0,-109447200.0,0,13107,17040,26215,17049,13107,17043,0,0,0,70,68,100,2.7302359370752657e+23,71.2,0.0,74.2,2.7302370179391762e+23,74.0,1,49,50,180,13107,52429,0,0,0.0,0.0,0.0,0.0,-0.0,67.0,0.0,162057.094,0.0,751,0,739,0,0,0,721,0,767,0,736,0,742,0,742,0,712,0,7520,0.032,108447924224.0,0.0,0.0,784,16797,-0.0,162057.094,-114818.039,-0.0,0.133,6.909358625270745e+28,30.0,65.0,35,0.0,0.0,0.0,0.0,0.0,0.0,0.0,0.0,0.0,0.0,0.0,0.0,0.0,0.0,0.0,0.0,69.2,0,150,71,55,65476,0,300,0,1,8,20529,65476,0,0,40632,65.0,0.0,0.0,0.0,0.0,0.0
2026-09-04T20:19:36,ERR,ERR,ERR,ERR,ERR,ERR,ERR,ERR,ERR,ERR,ERR,ERR,ERR,ERR,ERR,ERR,ERR,ERR,ERR,ERR,ERR,ERR,ERR,ERR,ERR,ERR,ERR,ERR,ERR,ERR,ERR,ERR,ERR,ERR,ERR,ERR,ERR,ERR,ERR,ERR,ERR,ERR,ERR,ERR,ERR,ERR,ERR,ERR,ERR,ERR,ERR,ERR,ERR,ERR,ERR,ERR,ERR,ERR,ERR,ERR,ERR,ERR,ERR,ERR,ERR,ERR,ERR,ERR,ERR,ERR,ERR,ERR,ERR,ERR,ERR,ERR,ERR,ERR,ERR,ERR,ERR,ERR,ERR,ERR,ERR,ERR,ERR,ERR,ERR,ERR,ERR,ERR,ERR,ERR,ERR,ERR,ERR,ERR,ERR,ERR,ERR,ERR,ERR,ERR,ERR,ERR,ERR,ERR,ERR,ERR,ERR,ERR,ERR,ERR,ERR,ERR,ERR,ERR,ERR,ERR,ERR,ERR,ERR,ERR,ERR,2.718430741444032e+23,2.7184312818759872e+23,0.0,0.0,0.0,1.3936040501711995e+18,7.805,0.0,0,0,4,0,7116,0.0,100,0.0,0.0,0.0,0.0,0.0,0,0,0,0,0.0,0,0,0,0,0,0,0,0,0,0,0,0,0,0,0,0,0,0,0,0,0,0,0,0,0,0,0,0,0,0,0,0,0,31,40,40,71,65476,0,300,0,0,8,21553,0.0,-107605600.0,0.0,0.0,0.0,0.0,0.0,0.0,0.0,0.0,0.0,0.0,0.0,0.0,0.0,0.0,0.0,0.0,0.0,0.0,0.0,0.0,0.0,-2.004,-2.004,0.0,0.0,0.0,0.0,0.0,6240.0,-1.0406700850291214e+34,6943.0,2.718430741444032e+23,2.7184312818759872e+23,-0.0,2.718430741444032e+23,0.0,0.0,0.0,0.0,69,1.9056993230651392e+17,-0.0,0.0,0.0,0.0,0.0,0.0,0.0,0.0,0,0,0,0.0,0.0,0.0,0.0,0.0,0.0,0.0,0.0,0.0,0.0,0.0,0.0,0.0,0.0,0.0,0.0,0,-107875648.0,69,0.0,138,0.0,-109447200.0,0,13107,17040,26215,17049,13107,17043,0,0,0,70,68,100,2.7302359370752657e+23,71.2,2.7302370179391762e+23,74.2,2.7302370179391762e+23,74.0,1,49,50,180,13107,52429,0,0,0.0,0.0,0.0,0.0,-0.0,67.0,0.0,162057.094,0.0,751,0,739,0,0,0,721,0,767,0,736,0,742,0,742,0,712,0,7520,0.032,79456894976.0,0.0,0.0,784,16797,-0.0,162057.094,-114818.039,-0.0,0.133,6.909358625270745e+28,30.0,65.0,35,0.0,0.0,0.0,0.0,0.0,0.0,0.0,0.0,0.0,0.0,0.0,0.0,0.0,0.0,0.0,0.0,69.2,0,150,71,55,65476,0,300,0,1,8,20529,65476,0,0,40632,65.0,0.0,0.0,0.0,0.0,0.0
2026-09-04T20:19:37,ERR,ERR,ERR,ERR,ERR,ERR,ERR,ERR,ERR,ERR,ERR,ERR,ERR,ERR,ERR,ERR,ERR,ERR,ERR,ERR,ERR,ERR,ERR,ERR,ERR,ERR,ERR,ERR,ERR,ERR,ERR,ERR,ERR,ERR,ERR,ERR,ERR,ERR,ERR,ERR,ERR,ERR,ERR,ERR,ERR,ERR,ERR,ERR,ERR,ERR,ERR,ERR,ERR,ERR,ERR,ERR,ERR,ERR,ERR,ERR,ERR,ERR,ERR,ERR,ERR,ERR,ERR,ERR,ERR,ERR,ERR,ERR,ERR,ERR,ERR,ERR,ERR,ERR,ERR,ERR,ERR,ERR,ERR,ERR,ERR,ERR,ERR,ERR,ERR,ERR,ERR,ERR,ERR,ERR,ERR,ERR,ERR,ERR,ERR,ERR,ERR,ERR,ERR,ERR,ERR,ERR,ERR,ERR,ERR,ERR,ERR,ERR,ERR,ERR,ERR,ERR,ERR,ERR,ERR,ERR,ERR,ERR,ERR,ERR,ERR,2.718430741444032e+23,2.7184312818759872e+23,0.0,0.0,0.0,1.3936040501711995e+18,7.805,0.0,0,0,4,0,7116,0.0,100,0.0,0.0,0.0,0.0,0.0,0,0,0,0,0.0,0,0,0,0,0,0,0,0,0,0,0,0,0,0,0,0,0,0,0,0,0,0,0,0,0,0,0,0,0,0,0,0,0,31,40,40,71,65476,0,300,0,0,8,21553,0.0,-107605600.0,0.0,0.0,0.0,0.0,0.0,0.0,0.0,0.0,0.0,0.0,0.0,0.0,0.0,0.0,0.0,0.0,0.0,0.0,0.0,0.0,0.0,-2.004,-2.004,0.0,0.0,0.0,0.0,0.0,6238.0,-8608221184.0,6939.0,0.0,2.7184312818759872e+23,-0.0,2.718430741444032e+23,0.0,0.0,0.0,0.0,69,2.7184314620199723e+23,2.7184262378444045e+23,0.0,0.0,0.0,0.0,0.0,0.0,0.0,0,0,0,0.0,0.0,0.0,0.0,0.0,0.0,0.0,0.0,0.0,0.0,0.0,0.0,0.0,0.0,0.0,0.0,0,-107875648.0,69,0.0,138,0.0,-109447200.0,0,13107,17040,26215,17049,13107,17043,0,0,0,70,68,100,2.7302359370752657e+23,71.2,2.7302370179391762e+23,74.2,2.7302370179391762e+23,74.0,1,49,50,180,13107,52429,0,0,0.0,0.0,0.0,0.0,-0.0,67.0,0.0,162057.094,0.0,751,0,739,0,0,0,721,0,767,0,736,0,742,0,742,0,712,0,7520,0.032,79456894976.0,0.0,0.0,784,16797,-0.0,162057.094,-114818.039,-0.0,0.133,6.909358625270745e+28,30.0,65.0,35,0.0,0.0,0.0,0.0,0.0,0.0,0.0,0.0,0.0,0.0,0.0,0.0,0.0,0.0,0.0,0.0,69.2,0,150,71,55,65476,0,300,0,1,8,20529,65476,0,0,40632,65.0,0.0,0.0,0.0,0.0,0.0
2026-09-04T20:19:38,ERR,ERR,ERR,ERR,ERR,ERR,ERR,ERR,ERR,ERR,ERR,ERR,ERR,ERR,ERR,ERR,ERR,ERR,ERR,ERR,ERR,ERR,ERR,ERR,ERR,ERR,ERR,ERR,ERR,ERR,ERR,ERR,ERR,ERR,ERR,ERR,ERR,ERR,ERR,ERR,ERR,ERR,ERR,ERR,ERR,ERR,ERR,ERR,ERR,ERR,ERR,ERR,ERR,ERR,ERR,ERR,ERR,ERR,ERR,ERR,ERR,ERR,ERR,ERR,ERR,ERR,ERR,ERR,ERR,ERR,ERR,ERR,ERR,ERR,ERR,ERR,ERR,ERR,ERR,ERR,ERR,ERR,ERR,ERR,ERR,ERR,ERR,ERR,ERR,ERR,ERR,ERR,ERR,ERR,ERR,ERR,ERR,ERR,ERR,ERR,ERR,ERR,ERR,ERR,ERR,ERR,ERR,ERR,ERR,ERR,ERR,ERR,ERR,ERR,ERR,ERR,ERR,ERR,ERR,ERR,ERR,ERR,ERR,ERR,ERR,2.718430741444032e+23,2.7184312818759872e+23,0.0,0.0,0.0,1.3936040501711995e+18,7.805,0.0,0,0,4,0,7116,0.0,100,0.0,0.0,0.0,0.0,0.0,0,0,0,0,0.0,0,0,0,0,0,0,0,0,0,0,0,0,0,0,0,0,0,0,0,0,0,0,0,0,0,0,0,0,0,0,0,0,0,31,40,40,71,65476,0,300,0,0,8,21553,0.0,-107605600.0,0.0,0.0,0.0,0.0,0.0,0.0,0.0,0.0,0.0,0.0,0.0,0.0,0.0,0.0,0.0,0.0,0.0,0.0,0.0,0.0,0.0,-2.004,-2.004,0.0,0.0,0.0,0.0,0.0,6238.0,-8608221184.0,6939.0,0.0,2.7184312818759872e+23,-0.0,2.718430741444032e+23,0.0,0.0,0.0,0.0,69,2.7184314620199723e+23,2.7184262378444045e+23,0.0,0.0,0.0,0.0,0.0,0.0,0.0,0,0,0,0.0,0.0,0.0,0.0,0.0,0.0,0.0,0.0,0.0,0.0,0.0,0.0,0.0,0.0,0.0,0.0,0,-107875648.0,69,0.0,138,0.0,-109447200.0,0,13107,17040,26215,17049,13107,17043,0,0,0,70,68,100,2.7302359370752657e+23,71.2,2.7302370179391762e+23,74.2,2.7302370179391762e+23,74.0,1,49,50,180,13107,52429,0,0,0.0,0.0,0.0,0.0,-0.0,67.0,0.0,162057.094,0.0,751,0,739,0,0,0,721,0,767,0,736,0,742,0,742,0,712,0,7520,0.032,79456894976.0,0.0,0.0,784,16797,-0.0,162057.094,-114818.039,-0.0,0.133,6.909358625270745e+28,30.0,65.0,35,0.0,0.0,0.0,0.0,0.0,0.0,0.0,0.0,0.0,0.0,0.0,0.0,0.0,0.0,0.0,0.0,69.2,0,150,71,55,65476,0,300,0,1,8,20529,65476,0,0,40632,65.0,0.0,0.0,0.0,0.0,0.0
2026-09-04T20:19:39,ERR,ERR,ERR,ERR,ERR,ERR,ERR,ERR,ERR,ERR,ERR,ERR,ERR,ERR,ERR,ERR,ERR,ERR,ERR,ERR,ERR,ERR,ERR,ERR,ERR,ERR,ERR,ERR,ERR,ERR,ERR,ERR,ERR,ERR,ERR,ERR,ERR,ERR,ERR,ERR,ERR,ERR,ERR,ERR,ERR,ERR,ERR,ERR,ERR,ERR,ERR,ERR,ERR,ERR,ERR,ERR,ERR,ERR,ERR,ERR,ERR,ERR,ERR,ERR,ERR,ERR,ERR,ERR,ERR,ERR,ERR,ERR,ERR,ERR,ERR,ERR,ERR,ERR,ERR,ERR,ERR,ERR,ERR,ERR,ERR,ERR,ERR,ERR,ERR,ERR,ERR,ERR,ERR,ERR,ERR,ERR,ERR,ERR,ERR,ERR,ERR,ERR,ERR,ERR,ERR,ERR,ERR,ERR,ERR,ERR,ERR,ERR,ERR,ERR,ERR,ERR,ERR,ERR,ERR,ERR,ERR,ERR,ERR,ERR,ERR,2.718430741444032e+23,2.7184312818759872e+23,0.0,0.0,0.0,1.3936040501711995e+18,7.805,0.0,0,0,4,0,7116,0.0,100,0.0,0.0,0.0,0.0,0.0,0,0,0,0,0.0,0,0,0,0,0,0,0,0,0,0,0,0,0,0,0,0,0,0,0,0,0,0,0,0,0,0,0,0,0,0,0,0,0,31,40,40,71,65476,0,300,0,0,8,21553,0.0,-107605600.0,0.0,0.0,0.0,0.0,0.0,0.0,0.0,0.0,0.0,0.0,0.0,0.0,0.0,0.0,0.0,0.0,0.0,0.0,0.0,0.0,0.0,-2.004,-2.004,0.0,0.0,0.0,0.0,0.0,6238.0,-8608221184.0,6939.0,0.0,2.7184312818759872e+23,-0.0,2.718430741444032e+23,0.0,0.0,0.0,0.0,69,2.7184314620199723e+23,2.7184262378444045e+23,0.0,0.0,0.0,0.0,0.0,0.0,0.0,0,0,0,0.0,0.0,0.0,0.0,0.0,0.0,0.0,0.0,0.0,0.0,0.0,0.0,0.0,0.0,0.0,0.0,0,-107875648.0,69,0.0,138,0.0,-109447200.0,0,13107,17040,26215,17049,13107,17043,0,0,0,70,68,100,2.7302359370752657e+23,71.2,2.7302370179391762e+23,74.2,2.7302370179391762e+23,74.0,1,49,50,180,13107,52429,0,0,0.0,0.0,0.0,0.0,-0.0,67.0,0.0,162057.094,0.0,751,0,739,0,0,0,721,0,767,0,736,0,742,0,742,0,712,0,7520,0.032,79456894976.0,0.0,0.0,784,16797,-0.0,162057.094,-114818.039,-0.0,0.133,6.909358625270745e+28,30.0,65.0,35,0.0,0.0,0.0,0.0,0.0,0.0,0.0,0.0,0.0,0.0,0.0,0.0,0.0,0.0,0.0,0.0,69.2,0,150,71,55,65476,0,300,0,1,8,20529,65476,0,0,40632,65.0,0.0,0.0,0.0,0.0,0.0
2026-09-04T20:19:40,ERR,ERR,ERR,ERR,ERR,ERR,ERR,ERR,ERR,ERR,ERR,ERR,ERR,ERR,ERR,ERR,ERR,ERR,ERR,ERR,ERR,ERR,ERR,ERR,ERR,ERR,ERR,ERR,ERR,ERR,ERR,ERR,ERR,ERR,ERR,ERR,ERR,ERR,ERR,ERR,ERR,ERR,ERR,ERR,ERR,ERR,ERR,ERR,ERR,ERR,ERR,ERR,ERR,ERR,ERR,ERR,ERR,ERR,ERR,ERR,ERR,ERR,ERR,ERR,ERR,ERR,ERR,ERR,ERR,ERR,ERR,ERR,ERR,ERR,ERR,ERR,ERR,ERR,ERR,ERR,ERR,ERR,ERR,ERR,ERR,ERR,ERR,ERR,ERR,ERR,ERR,ERR,ERR,ERR,ERR,ERR,ERR,ERR,ERR,ERR,ERR,ERR,ERR,ERR,ERR,ERR,ERR,ERR,ERR,ERR,ERR,ERR,ERR,ERR,ERR,ERR,ERR,ERR,ERR,ERR,ERR,ERR,ERR,ERR,ERR,2.718430741444032e+23,2.7184312818759872e+23,0.0,0.0,0.0,1.3936040501711995e+18,7.805,0.0,0,0,4,0,7116,0.0,100,0.0,0.0,0.0,0.0,0.0,0,0,0,0,0.0,0,0,0,0,0,0,0,0,0,0,0,0,0,0,0,0,0,0,0,0,0,0,0,0,0,0,0,0,0,0,0,0,0,31,40,40,71,65476,0,300,0,0,8,21553,0.0,-107605600.0,0.0,0.0,0.0,0.0,0.0,0.0,0.0,0.0,0.0,0.0,0.0,0.0,0.0,0.0,0.0,0.0,0.0,0.0,0.0,0.0,0.0,-2.004,-2.004,0.0,0.0,0.0,0.0,0.0,6238.0,-8608221184.0,6939.0,0.0,2.7184312818759872e+23,-0.0,2.718430741444032e+23,0.0,0.0,0.0,0.0,69,2.7184314620199723e+23,2.7184262378444045e+23,0.0,0.0,0.0,0.0,0.0,0.0,0.0,0,0,0,0.0,0.0,0.0,0.0,0.0,0.0,0.0,0.0,0.0,0.0,0.0,0.0,0.0,0.0,0.0,0.0,0,-107875648.0,69,0.0,138,0.0,-109447200.0,0,13107,17040,26215,17049,13107,17043,0,0,0,70,68,100,2.7302359370752657e+23,71.2,2.7302370179391762e+23,74.2,2.7302370179391762e+23,74.0,1,49,50,180,13107,52429,0,0,0.0,0.0,0.0,0.0,-0.0,67.0,0.0,162057.094,0.0,751,0,739,0,0,0,721,0,767,0,736,0,742,0,742,0,712,0,7520,0.032,79456894976.0,0.0,0.0,784,16797,-0.0,162057.094,-114818.039,-0.0,0.133,6.909358625270745e+28,30.0,65.0,35,0.0,0.0,0.0,0.0,0.0,0.0,0.0,0.0,0.0,0.0,0.0,0.0,0.0,0.0,0.0,0.0,69.2,0,150,71,55,65476,0,300,0,1,8,20529,65476,0,0,40632,65.0,0.0,0.0,0.0,0.0,0.0
2026-09-04T20:19:41,ERR,ERR,ERR,ERR,ERR,ERR,ERR,ERR,ERR,ERR,ERR,ERR,ERR,ERR,ERR,ERR,ERR,ERR,ERR,ERR,ERR,ERR,ERR,ERR,ERR,ERR,ERR,ERR,ERR,ERR,ERR,ERR,ERR,ERR,ERR,ERR,ERR,ERR,ERR,ERR,ERR,ERR,ERR,ERR,ERR,ERR,ERR,ERR,ERR,ERR,ERR,ERR,ERR,ERR,ERR,ERR,ERR,ERR,ERR,ERR,ERR,ERR,ERR,ERR,ERR,ERR,ERR,ERR,ERR,ERR,ERR,ERR,ERR,ERR,ERR,ERR,ERR,ERR,ERR,ERR,ERR,ERR,ERR,ERR,ERR,ERR,ERR,ERR,ERR,ERR,ERR,ERR,ERR,ERR,ERR,ERR,ERR,ERR,ERR,ERR,ERR,ERR,ERR,ERR,ERR,ERR,ERR,ERR,ERR,ERR,ERR,ERR,ERR,ERR,ERR,ERR,ERR,ERR,ERR,ERR,ERR,ERR,ERR,ERR,ERR,2.718430741444032e+23,2.7184312818759872e+23,0.0,0.0,0.0,1.3936040501711995e+18,7.805,0.0,0,0,4,0,7116,0.0,100,0.0,0.0,0.0,0.0,0.0,0,0,0,0,0.0,0,0,0,0,0,0,0,0,0,0,0,0,0,0,0,0,0,0,0,0,0,0,0,0,0,0,0,0,0,0,0,0,0,31,40,40,71,65476,0,300,0,0,8,21553,0.0,-107605600.0,0.0,0.0,0.0,0.0,0.0,0.0,0.0,0.0,0.0,0.0,0.0,0.0,0.0,0.0,0.0,0.0,0.0,0.0,0.0,0.0,0.0,-2.004,-2.004,0.0,0.0,0.0,0.0,0.0,6238.0,-8608221184.0,6939.0,0.0,2.7184312818759872e+23,-0.0,2.718430741444032e+23,0.0,0.0,0.0,0.0,69,2.7184314620199723e+23,2.7184262378444045e+23,0.0,0.0,0.0,0.0,0.0,0.0,0.0,0,0,0,0.0,0.0,0.0,0.0,0.0,0.0,0.0,0.0,0.0,0.0,0.0,0.0,0.0,0.0,0.0,0.0,0,-107875648.0,69,0.0,138,0.0,-109447200.0,0,13107,17040,26215,17049,13107,17043,0,0,0,70,68,100,2.7302359370752657e+23,71.1,0.0,74.2,2.7302370179391762e+23,74.0,1,49,50,180,13107,52429,0,0,0.0,0.0,0.0,0.0,-0.0,67.0,0.0,162057.094,0.0,751,0,739,0,0,0,721,0,767,0,736,0,742,0,742,0,712,0,7520,0.032,107911053312.0,0.0,0.0,784,16797,-0.0,162057.094,-114818.039,-0.0,0.133,6.909358625270745e+28,30.0,65.0,35,0.0,0.0,0.0,0.0,0.0,0.0,0.0,0.0,0.0,0.0,0.0,0.0,0.0,0.0,0.0,0.0,69.2,0,150,71,55,65476,0,300,0,1,8,20529,65476,0,0,40632,65.0,0.0,0.0,0.0,0.0,0.0
2026-09-04T20:19:42,ERR,ERR,ERR,ERR,ERR,ERR,ERR,ERR,ERR,ERR,ERR,ERR,ERR,ERR,ERR,ERR,ERR,ERR,ERR,ERR,ERR,ERR,ERR,ERR,ERR,ERR,ERR,ERR,ERR,ERR,ERR,ERR,ERR,ERR,ERR,ERR,ERR,ERR,ERR,ERR,ERR,ERR,ERR,ERR,ERR,ERR,ERR,ERR,ERR,ERR,ERR,ERR,ERR,ERR,ERR,ERR,ERR,ERR,ERR,ERR,ERR,ERR,ERR,ERR,ERR,ERR,ERR,ERR,ERR,ERR,ERR,ERR,ERR,ERR,ERR,ERR,ERR,ERR,ERR,ERR,ERR,ERR,ERR,ERR,ERR,ERR,ERR,ERR,ERR,ERR,ERR,ERR,ERR,ERR,ERR,ERR,ERR,ERR,ERR,ERR,ERR,ERR,ERR,ERR,ERR,ERR,ERR,ERR,ERR,ERR,ERR,ERR,ERR,ERR,ERR,ERR,ERR,ERR,ERR,ERR,ERR,ERR,ERR,ERR,ERR,2.718430741444032e+23,2.7184312818759872e+23,0.0,0.0,0.0,1.3936040501711995e+18,7.805,0.0,0,0,4,0,7116,0.0,100,0.0,0.0,0.0,0.0,0.0,0,0,0,0,0.0,0,0,0,0,0,0,0,0,0,0,0,0,0,0,0,0,0,0,0,0,0,0,0,0,0,0,0,0,0,0,0,0,0,31,40,40,71,65476,0,300,0,0,8,21553,0.0,-107605600.0,0.0,0.0,0.0,0.0,0.0,0.0,0.0,0.0,0.0,0.0,0.0,0.0,0.0,0.0,0.0,0.0,0.0,0.0,0.0,0.0,0.0,-2.004,-2.004,0.0,0.0,0.0,0.0,0.0,6238.0,-8608221184.0,6939.0,0.0,2.7184312818759872e+23,-0.0,2.718430741444032e+23,0.0,0.0,0.0,0.0,69,2.7184314620199723e+23,2.7184262378444045e+23,0.0,0.0,0.0,0.0,0.0,0.0,0.0,0,0,0,0.0,0.0,0.0,0.0,0.0,0.0,0.0,0.0,0.0,0.0,0.0,0.0,0.0,0.0,0.0,0.0,0,-107875648.0,69,0.0,138,0.0,-109447200.0,0,13107,17040,26215,17049,13107,17043,0,0,0,70,68,100,2.7302359370752657e+23,71.1,0.0,74.2,2.7302370179391762e+23,74.0,1,49,50,180,13107,52429,0,0,0.0,0.0,0.0,0.0,-0.0,67.0,0.0,162057.094,0.0,751,0,739,0,0,0,721,0,767,0,736,0,742,0,742,0,712,0,7520,0.032,107911053312.0,0.0,0.0,784,16797,-0.0,162057.094,-114818.039,-0.0,0.133,6.909358625270745e+28,30.0,65.0,35,0.0,0.0,0.0,0.0,0.0,0.0,0.0,0.0,0.0,0.0,0.0,0.0,0.0,0.0,0.0,0.0,69.2,0,150,71,55,65476,0,300,0,1,8,20529,65476,0,0,40632,65.0,0.0,0.0,0.0,0.0,0.0
2026-09-04T20:19:43,ERR,ERR,ERR,ERR,ERR,ERR,ERR,ERR,ERR,ERR,ERR,ERR,ERR,ERR,ERR,ERR,ERR,ERR,ERR,ERR,ERR,ERR,ERR,ERR,ERR,ERR,ERR,ERR,ERR,ERR,ERR,ERR,ERR,ERR,ERR,ERR,ERR,ERR,ERR,ERR,ERR,ERR,ERR,ERR,ERR,ERR,ERR,ERR,ERR,ERR,ERR,ERR,ERR,ERR,ERR,ERR,ERR,ERR,ERR,ERR,ERR,ERR,ERR,ERR,ERR,ERR,ERR,ERR,ERR,ERR,ERR,ERR,ERR,ERR,ERR,ERR,ERR,ERR,ERR,ERR,ERR,ERR,ERR,ERR,ERR,ERR,ERR,ERR,ERR,ERR,ERR,ERR,ERR,ERR,ERR,ERR,ERR,ERR,ERR,ERR,ERR,ERR,ERR,ERR,ERR,ERR,ERR,ERR,ERR,ERR,ERR,ERR,ERR,ERR,ERR,ERR,ERR,ERR,ERR,ERR,ERR,ERR,ERR,ERR,ERR,2.718430741444032e+23,2.7184312818759872e+23,0.0,0.0,0.0,1.3936040501711995e+18,7.805,0.0,0,0,4,0,7116,0.0,100,0.0,0.0,0.0,0.0,0.0,0,0,0,0,0.0,0,0,0,0,0,0,0,0,0,0,0,0,0,0,0,0,0,0,0,0,0,0,0,0,0,0,0,0,0,0,0,0,0,31,40,40,71,65476,0,300,0,0,8,21553,0.0,-107605600.0,0.0,0.0,0.0,0.0,0.0,0.0,0.0,0.0,0.0,0.0,0.0,0.0,0.0,0.0,0.0,0.0,0.0,0.0,0.0,0.0,-2.004,-2.004,-2.004,0.0,0.0,0.0,0.0,0.0,6211.0,-1.5879365311113302e+29,6942.0,0.0,2.7184312818759872e+23,-0.0,2.718430741444032e+23,0.0,0.0,0.0,0.0,69,4.950431692736863e+32,-0.0,0.0,0.0,0.0,0.0,0.0,0.0,0.0,0,0,0,0.0,0.0,0.0,0.0,0.0,0.0,0.0,0.0,0.0,0.0,0.0,0.0,0.0,0.0,0.0,0.0,0,-107875648.0,69,0.0,138,0.0,-109447200.0,0,13107,17040,26215,17049,13107,17043,0,0,0,70,68,100,2.7302359370752657e+23,71.1,0.0,74.2,2.7302370179391762e+23,74.0,1,49,50,180,13107,52429,0,0,0.0,0.0,0.0,0.0,-0.0,67.0,0.0,162057.094,0.0,751,0,739,0,0,0,721,0,767,0,736,0,742,0,742,0,712,0,7520,0.032,107911053312.0,0.0,0.0,784,16797,-0.0,162057.094,-114818.039,-0.0,0.133,6.909358625270745e+28,30.0,65.0,35,0.0,0.0,0.0,0.0,0.0,0.0,0.0,0.0,0.0,0.0,0.0,0.0,0.0,0.0,0.0,0.0,69.2,0,150,71,55,65476,0,300,0,1,8,20529,65476,0,0,40632,65.0,0.0,0.0,0.0,0.0,0.0
2026-09-04T20:19:44,ERR,ERR,ERR,ERR,ERR,ERR,ERR,ERR,ERR,ERR,ERR,ERR,ERR,ERR,ERR,ERR,ERR,ERR,ERR,ERR,ERR,ERR,ERR,ERR,ERR,ERR,ERR,ERR,ERR,ERR,ERR,ERR,ERR,ERR,ERR,ERR,ERR,ERR,ERR,ERR,ERR,ERR,ERR,ERR,ERR,ERR,ERR,ERR,ERR,ERR,ERR,ERR,ERR,ERR,ERR,ERR,ERR,ERR,ERR,ERR,ERR,ERR,ERR,ERR,ERR,ERR,ERR,ERR,ERR,ERR,ERR,ERR,ERR,ERR,ERR,ERR,ERR,ERR,ERR,ERR,ERR,ERR,ERR,ERR,ERR,ERR,ERR,ERR,ERR,ERR,ERR,ERR,ERR,ERR,ERR,ERR,ERR,ERR,ERR,ERR,ERR,ERR,ERR,ERR,ERR,ERR,ERR,ERR,ERR,ERR,ERR,ERR,ERR,ERR,ERR,ERR,ERR,ERR,ERR,ERR,ERR,ERR,ERR,ERR,ERR,2.718430741444032e+23,2.7184312818759872e+23,0.0,0.0,0.0,1.3936040501711995e+18,7.805,0.0,0,0,4,0,7116,0.0,100,0.0,0.0,0.0,0.0,0.0,0,0,0,0,0.0,0,0,0,0,0,0,0,0,0,0,0,0,0,0,0,0,0,0,0,0,0,0,0,0,0,0,0,0,0,0,0,0,0,31,40,40,71,65476,0,300,0,0,8,21553,0.0,-107605600.0,0.0,0.0,0.0,0.0,0.0,0.0,0.0,0.0,0.0,0.0,0.0,0.0,0.0,0.0,0.0,0.0,0.0,0.0,0.0,0.0,-2.004,-2.004,-2.004,0.0,0.0,0.0,0.0,0.0,6211.0,-1.5879365311113302e+29,6942.0,0.0,2.7184312818759872e+23,-0.0,2.718430741444032e+23,0.0,0.0,0.0,0.0,69,4.950431692736863e+32,-0.0,0.0,0.0,0.0,0.0,0.0,0.0,0.0,0,0,0,0.0,0.0,0.0,0.0,0.0,0.0,0.0,0.0,0.0,0.0,0.0,0.0,0.0,0.0,0.0,0.0,0,-107875648.0,69,0.0,138,0.0,-109447200.0,0,13107,17040,26215,17049,13107,17043,0,0,0,70,68,100,2.7302359370752657e+23,71.1,0.0,74.2,2.7302370179391762e+23,74.0,1,49,50,180,13107,52429,0,0,0.0,0.0,0.0,0.0,-0.0,67.0,0.0,162057.094,0.0,751,0,739,0,0,0,721,0,767,0,736,0,742,0,742,0,712,0,7520,0.032,107911053312.0,0.0,0.0,784,16797,-0.0,162057.094,-114818.039,-0.0,0.133,6.909358625270745e+28,30.0,65.0,35,0.0,0.0,0.0,0.0,0.0,0.0,0.0,0.0,0.0,0.0,0.0,0.0,0.0,0.0,0.0,0.0,69.2,0,150,71,55,65476,0,300,0,1,8,20529,65476,0,0,40632,65.0,0.0,0.0,0.0,0.0,0.0
2026-09-04T20:19:45,ERR,ERR,ERR,ERR,ERR,ERR,ERR,ERR,ERR,ERR,ERR,ERR,ERR,ERR,ERR,ERR,ERR,ERR,ERR,ERR,ERR,ERR,ERR,ERR,ERR,ERR,ERR,ERR,ERR,ERR,ERR,ERR,ERR,ERR,ERR,ERR,ERR,ERR,ERR,ERR,ERR,ERR,ERR,ERR,ERR,ERR,ERR,ERR,ERR,ERR,ERR,ERR,ERR,ERR,ERR,ERR,ERR,ERR,ERR,ERR,ERR,ERR,ERR,ERR,ERR,ERR,ERR,ERR,ERR,ERR,ERR,ERR,ERR,ERR,ERR,ERR,ERR,ERR,ERR,ERR,ERR,ERR,ERR,ERR,ERR,ERR,ERR,ERR,ERR,ERR,ERR,ERR,ERR,ERR,ERR,ERR,ERR,ERR,ERR,ERR,ERR,ERR,ERR,ERR,ERR,ERR,ERR,ERR,ERR,ERR,ERR,ERR,ERR,ERR,ERR,ERR,ERR,ERR,ERR,ERR,ERR,ERR,ERR,ERR,ERR,2.718430741444032e+23,2.7184312818759872e+23,0.0,0.0,0.0,1.3936040501711995e+18,7.805,0.0,0,0,4,0,7116,0.0,100,0.0,0.0,0.0,0.0,0.0,0,0,0,0,0.0,0,0,0,0,0,0,0,0,0,0,0,0,0,0,0,0,0,0,0,0,0,0,0,0,0,0,0,0,0,0,0,0,0,31,40,40,71,65476,0,300,0,0,8,21553,0.0,-107605600.0,0.0,0.0,0.0,0.0,0.0,0.0,0.0,0.0,0.0,0.0,0.0,0.0,0.0,0.0,0.0,0.0,0.0,0.0,0.0,0.0,-2.004,-2.004,-2.004,0.0,0.0,0.0,0.0,0.0,6211.0,-1.5879365311113302e+29,6942.0,0.0,2.7184312818759872e+23,-0.0,2.718430741444032e+23,0.0,0.0,0.0,0.0,69,4.950431692736863e+32,-0.0,0.0,0.0,0.0,0.0,0.0,0.0,0.0,0,0,0,0.0,0.0,0.0,0.0,0.0,0.0,0.0,0.0,0.0,0.0,0.0,0.0,0.0,0.0,0.0,0.0,0,-107875648.0,69,0.0,138,0.0,-109447200.0,0,13107,17040,26215,17049,13107,17043,0,0,0,70,68,100,2.7302359370752657e+23,71.1,0.0,74.2,2.7302370179391762e+23,74.0,1,49,50,180,13107,52429,0,0,0.0,0.0,0.0,0.0,-0.0,67.0,0.0,162057.094,0.0,751,0,739,0,0,0,721,0,767,0,736,0,742,0,742,0,712,0,7520,0.032,79456894976.0,0.0,0.0,784,16797,-0.0,162057.094,-114818.039,-0.0,0.133,6.909358625270745e+28,30.0,65.0,35,0.0,0.0,0.0,0.0,0.0,0.0,0.0,0.0,0.0,0.0,0.0,0.0,0.0,0.0,0.0,0.0,69.2,0,150,71,55,65476,0,300,0,1,8,20529,65476,0,0,40632,65.0,0.0,0.0,0.0,0.0,0.0
2026-09-04T20:19:46,ERR,ERR,ERR,ERR,ERR,ERR,ERR,ERR,ERR,ERR,ERR,ERR,ERR,ERR,ERR,ERR,ERR,ERR,ERR,ERR,ERR,ERR,ERR,ERR,ERR,ERR,ERR,ERR,ERR,ERR,ERR,ERR,ERR,ERR,ERR,ERR,ERR,ERR,ERR,ERR,ERR,ERR,ERR,ERR,ERR,ERR,ERR,ERR,ERR,ERR,ERR,ERR,ERR,ERR,ERR,ERR,ERR,ERR,ERR,ERR,ERR,ERR,ERR,ERR,ERR,ERR,ERR,ERR,ERR,ERR,ERR,ERR,ERR,ERR,ERR,ERR,ERR,ERR,ERR,ERR,ERR,ERR,ERR,ERR,ERR,ERR,ERR,ERR,ERR,ERR,ERR,ERR,ERR,ERR,ERR,ERR,ERR,ERR,ERR,ERR,ERR,ERR,ERR,ERR,ERR,ERR,ERR,ERR,ERR,ERR,ERR,ERR,ERR,ERR,ERR,ERR,ERR,ERR,ERR,ERR,ERR,ERR,ERR,ERR,ERR,2.718430741444032e+23,2.7184312818759872e+23,0.0,0.0,0.0,1.3936040501711995e+18,7.805,0.0,0,0,4,0,7116,0.0,100,0.0,0.0,0.0,0.0,0.0,0,0,0,0,0.0,0,0,0,0,0,0,0,0,0,0,0,0,0,0,0,0,0,0,0,0,0,0,0,0,0,0,0,0,0,0,0,0,0,31,40,40,71,65476,0,300,0,0,8,21553,0.0,-107605600.0,0.0,0.0,0.0,0.0,0.0,0.0,0.0,0.0,0.0,0.0,0.0,0.0,0.0,0.0,0.0,0.0,0.0,0.0,0.0,0.0,-2.004,-2.004,-2.004,0.0,0.0,0.0,0.0,0.0,6211.0,-1.5879365311113302e+29,6942.0,0.0,2.7184312818759872e+23,-0.0,2.718430741444032e+23,0.0,0.0,0.0,0.0,69,4.950431692736863e+32,-0.0,0.0,0.0,0.0,0.0,0.0,0.0,0.0,0,0,0,0.0,0.0,0.0,0.0,0.0,0.0,0.0,0.0,0.0,0.0,0.0,0.0,0.0,0.0,0.0,0.0,0,-107875648.0,69,0.0,138,0.0,-109447200.0,0,13107,17040,26215,17049,13107,17043,0,0,0,70,68,100,2.7302359370752657e+23,71.1,0.0,74.2,2.7302370179391762e+23,74.0,1,49,50,180,13107,52429,0,0,0.0,0.0,0.0,0.0,-0.0,67.0,0.0,162057.094,0.0,751,0,739,0,0,0,721,0,767,0,736,0,742,0,742,0,712,0,7520,0.032,79456894976.0,0.0,0.0,784,16797,-0.0,162057.094,-114818.039,-0.0,0.133,6.909358625270745e+28,30.0,65.0,35,0.0,0.0,0.0,0.0,0.0,0.0,0.0,0.0,0.0,0.0,0.0,0.0,0.0,0.0,0.0,0.0,69.2,0,150,71,55,65476,0,300,0,1,8,20529,65476,0,0,40632,65.0,0.0,0.0,0.0,0.0,0.0
2026-09-04T20:19:47,ERR,ERR,ERR,ERR,ERR,ERR,ERR,ERR,ERR,ERR,ERR,ERR,ERR,ERR,ERR,ERR,ERR,ERR,ERR,ERR,ERR,ERR,ERR,ERR,ERR,ERR,ERR,ERR,ERR,ERR,ERR,ERR,ERR,ERR,ERR,ERR,ERR,ERR,ERR,ERR,ERR,ERR,ERR,ERR,ERR,ERR,ERR,ERR,ERR,ERR,ERR,ERR,ERR,ERR,ERR,ERR,ERR,ERR,ERR,ERR,ERR,ERR,ERR,ERR,ERR,ERR,ERR,ERR,ERR,ERR,ERR,ERR,ERR,ERR,ERR,ERR,ERR,ERR,ERR,ERR,ERR,ERR,ERR,ERR,ERR,ERR,ERR,ERR,ERR,ERR,ERR,ERR,ERR,ERR,ERR,ERR,ERR,ERR,ERR,ERR,ERR,ERR,ERR,ERR,ERR,ERR,ERR,ERR,ERR,ERR,ERR,ERR,ERR,ERR,ERR,ERR,ERR,ERR,ERR,ERR,ERR,ERR,ERR,ERR,ERR,2.718430741444032e+23,2.7184312818759872e+23,0.0,0.0,0.0,1.3936040501711995e+18,7.805,0.0,0,0,4,0,7116,0.0,100,0.0,0.0,0.0,0.0,0.0,0,0,0,0,0.0,0,0,0,0,0,0,0,0,0,0,0,0,0,0,0,0,0,0,0,0,0,0,0,0,0,0,0,0,0,0,0,0,0,31,40,40,71,65476,0,300,0,0,8,21553,0.0,-107605600.0,0.0,0.0,0.0,0.0,0.0,0.0,0.0,0.0,0.0,0.0,0.0,0.0,0.0,0.0,0.0,0.0,0.0,0.0,0.0,0.0,-2.004,-2.004,-2.004,0.0,0.0,0.0,0.0,0.0,6211.0,-1.5879365311113302e+29,6942.0,0.0,2.7184312818759872e+23,-0.0,2.718430741444032e+23,0.0,0.0,0.0,0.0,69,4.950431692736863e+32,-0.0,0.0,0.0,0.0,0.0,0.0,0.0,0.0,0,0,0,0.0,0.0,0.0,0.0,0.0,0.0,0.0,0.0,0.0,0.0,0.0,0.0,0.0,0.0,0.0,0.0,0,-107875648.0,69,0.0,138,0.0,-109447200.0,0,13107,17040,26215,17049,13107,17043,0,0,0,70,68,100,2.7302359370752657e+23,71.1,0.0,74.2,2.7302370179391762e+23,74.0,1,49,50,180,13107,52429,0,0,0.0,0.0,0.0,0.0,-0.0,67.0,0.0,162057.094,0.0,751,0,739,0,0,0,721,0,767,0,736,0,742,0,742,0,712,0,7520,0.032,79456894976.0,0.0,0.0,784,16797,-0.0,162057.094,-114818.039,-0.0,0.133,6.909358625270745e+28,30.0,65.0,35,0.0,0.0,0.0,0.0,0.0,0.0,0.0,0.0,0.0,0.0,0.0,0.0,0.0,0.0,0.0,0.0,69.2,0,150,71,55,65476,0,300,0,1,8,20529,65476,0,0,40632,65.0,0.0,0.0,0.0,0.0,0.0
2026-09-04T20:19:48,ERR,ERR,ERR,ERR,ERR,ERR,ERR,ERR,ERR,ERR,ERR,ERR,ERR,ERR,ERR,ERR,ERR,ERR,ERR,ERR,ERR,ERR,ERR,ERR,ERR,ERR,ERR,ERR,ERR,ERR,ERR,ERR,ERR,ERR,ERR,ERR,ERR,ERR,ERR,ERR,ERR,ERR,ERR,ERR,ERR,ERR,ERR,ERR,ERR,ERR,ERR,ERR,ERR,ERR,ERR,ERR,ERR,ERR,ERR,ERR,ERR,ERR,ERR,ERR,ERR,ERR,ERR,ERR,ERR,ERR,ERR,ERR,ERR,ERR,ERR,ERR,ERR,ERR,ERR,ERR,ERR,ERR,ERR,ERR,ERR,ERR,ERR,ERR,ERR,ERR,ERR,ERR,ERR,ERR,ERR,ERR,ERR,ERR,ERR,ERR,ERR,ERR,ERR,ERR,ERR,ERR,ERR,ERR,ERR,ERR,ERR,ERR,ERR,ERR,ERR,ERR,ERR,ERR,ERR,ERR,ERR,ERR,ERR,ERR,ERR,2.718430741444032e+23,2.7184312818759872e+23,0.0,0.0,0.0,1.3936040501711995e+18,7.805,0.0,0,0,4,0,7116,0.0,100,0.0,0.0,0.0,0.0,0.0,0,0,0,0,0.0,0,0,0,0,0,0,0,0,0,0,0,0,0,0,0,0,0,0,0,0,0,0,0,0,0,0,0,0,0,0,0,0,0,31,40,40,71,65476,0,300,0,0,8,21553,0.0,-107605600.0,0.0,0.0,0.0,0.0,0.0,0.0,0.0,0.0,0.0,0.0,0.0,0.0,0.0,0.0,0.0,0.0,0.0,0.0,0.0,0.0,-2.004,-2.004,-2.004,0.0,0.0,0.0,0.0,0.0,6211.0,-1.5879365311113302e+29,6942.0,0.0,2.7184312818759872e+23,-0.0,2.718430741444032e+23,0.0,0.0,0.0,0.0,69,4.950431692736863e+32,-0.0,0.0,0.0,0.0,0.0,0.0,0.0,0.0,0,0,0,0.0,0.0,0.0,0.0,0.0,0.0,0.0,0.0,0.0,0.0,0.0,0.0,0.0,0.0,0.0,0.0,0,-107875648.0,69,0.0,138,0.0,-109447200.0,0,13107,17040,26215,17049,13107,17043,0,0,0,70,68,100,2.7302359370752657e+23,71.1,0.0,74.2,2.7302370179391762e+23,74.0,1,49,50,180,13107,52429,0,0,0.0,0.0,0.0,0.0,-0.0,67.0,0.0,162057.094,0.0,751,0,739,0,0,0,721,0,767,0,736,0,742,0,742,0,712,0,7520,0.032,79456894976.0,0.0,0.0,784,16797,-0.0,162057.094,-114818.039,-0.0,0.133,6.909358625270745e+28,30.0,65.0,35,0.0,0.0,0.0,0.0,0.0,0.0,0.0,0.0,0.0,0.0,0.0,0.0,0.0,0.0,0.0,0.0,69.2,0,150,71,55,65476,0,300,0,1,8,20529,65476,0,0,40632,65.0,0.0,0.0,0.0,0.0,0.0
2026-09-04T20:19:49,ERR,ERR,ERR,ERR,ERR,ERR,ERR,ERR,ERR,ERR,ERR,ERR,ERR,ERR,ERR,ERR,ERR,ERR,ERR,ERR,ERR,ERR,ERR,ERR,ERR,ERR,ERR,ERR,ERR,ERR,ERR,ERR,ERR,ERR,ERR,ERR,ERR,ERR,ERR,ERR,ERR,ERR,ERR,ERR,ERR,ERR,ERR,ERR,ERR,ERR,ERR,ERR,ERR,ERR,ERR,ERR,ERR,ERR,ERR,ERR,ERR,ERR,ERR,ERR,ERR,ERR,ERR,ERR,ERR,ERR,ERR,ERR,ERR,ERR,ERR,ERR,ERR,ERR,ERR,ERR,ERR,ERR,ERR,ERR,ERR,ERR,ERR,ERR,ERR,ERR,ERR,ERR,ERR,ERR,ERR,ERR,ERR,ERR,ERR,ERR,ERR,ERR,ERR,ERR,ERR,ERR,ERR,ERR,ERR,ERR,ERR,ERR,ERR,ERR,ERR,ERR,ERR,ERR,ERR,ERR,ERR,ERR,ERR,ERR,ERR,2.718430741444032e+23,2.7184312818759872e+23,0.0,0.0,0.0,1.3936040501711995e+18,7.805,0.0,0,0,4,0,7116,0.0,100,0.0,0.0,0.0,0.0,0.0,0,0,0,0,0.0,0,0,0,0,0,0,0,0,0,0,0,0,0,0,0,0,0,0,0,0,0,0,0,0,0,0,0,0,0,0,0,0,0,31,40,40,71,65476,0,300,0,0,8,21553,0.0,-107605600.0,0.0,0.0,0.0,0.0,0.0,0.0,0.0,0.0,0.0,0.0,0.0,0.0,0.0,0.0,0.0,0.0,0.0,0.0,0.0,0.0,-2.004,-2.004,-2.004,0.0,0.0,0.0,0.0,0.0,6211.0,-1.5879365311113302e+29,6942.0,0.0,2.7184312818759872e+23,-0.0,2.718430741444032e+23,0.0,0.0,0.0,0.0,69,4.950431692736863e+32,-0.0,0.0,0.0,0.0,0.0,0.0,0.0,0.0,0,0,0,0.0,0.0,0.0,0.0,0.0,0.0,0.0,0.0,0.0,0.0,0.0,0.0,0.0,0.0,0.0,0.0,0,-107875648.0,69,0.0,138,0.0,-109447200.0,0,13107,17040,26215,17049,13107,17043,0,0,0,70,68,100,2.7302359370752657e+23,71.1,0.0,74.2,2.7302370179391762e+23,74.0,1,49,50,180,13107,52429,0,0,0.0,0.0,0.0,0.0,-0.0,67.0,0.0,162057.094,0.0,751,0,739,0,0,0,721,0,767,0,736,0,742,0,742,0,712,0,7520,0.032,79456894976.0,0.0,0.0,784,16797,-0.0,162057.094,-114818.039,-0.0,0.133,6.909358625270745e+28,30.0,65.0,35,0.0,0.0,0.0,0.0,0.0,0.0,0.0,0.0,0.0,0.0,0.0,0.0,0.0,0.0,0.0,0.0,69.2,0,150,71,55,65476,0,300,0,1,8,20529,65476,0,0,40632,65.0,0.0,0.0,0.0,0.0,0.0
2026-09-04T20:19:50,ERR,ERR,ERR,ERR,ERR,ERR,ERR,ERR,ERR,ERR,ERR,ERR,ERR,ERR,ERR,ERR,ERR,ERR,ERR,ERR,ERR,ERR,ERR,ERR,ERR,ERR,ERR,ERR,ERR,ERR,ERR,ERR,ERR,ERR,ERR,ERR,ERR,ERR,ERR,ERR,ERR,ERR,ERR,ERR,ERR,ERR,ERR,ERR,ERR,ERR,ERR,ERR,ERR,ERR,ERR,ERR,ERR,ERR,ERR,ERR,ERR,ERR,ERR,ERR,ERR,ERR,ERR,ERR,ERR,ERR,ERR,ERR,ERR,ERR,ERR,ERR,ERR,ERR,ERR,ERR,ERR,ERR,ERR,ERR,ERR,ERR,ERR,ERR,ERR,ERR,ERR,ERR,ERR,ERR,ERR,ERR,ERR,ERR,ERR,ERR,ERR,ERR,ERR,ERR,ERR,ERR,ERR,ERR,ERR,ERR,ERR,ERR,ERR,ERR,ERR,ERR,ERR,ERR,ERR,ERR,ERR,ERR,ERR,ERR,ERR,2.718430741444032e+23,2.7184312818759872e+23,0.0,0.0,0.0,1.3936040501711995e+18,7.805,0.0,0,0,4,0,7116,0.0,100,0.0,0.0,0.0,0.0,0.0,0,0,0,0,0.0,0,0,0,0,0,0,0,0,0,0,0,0,0,0,0,0,0,0,0,0,0,0,0,0,0,0,0,0,0,0,0,0,0,31,40,40,71,65476,0,300,0,0,8,21553,0.0,-107605600.0,0.0,0.0,0.0,0.0,0.0,0.0,0.0,0.0,0.0,0.0,0.0,0.0,0.0,0.0,0.0,0.0,0.0,0.0,0.0,0.0,0.0,-2.004,-2.004,0.0,0.0,0.0,0.0,0.0,6270.0,0.0,6917.0,2.718430741444032e+23,2.7184312818759872e+23,-0.0,2.718430741444032e+23,0.0,0.0,0.0,0.0,69,3.222031544164523e+26,-107615176.0,0.0,0.0,0.0,0.0,0.0,0.0,0.0,0,0,0,0.0,0.0,0.0,0.0,0.0,0.0,0.0,0.0,0.0,0.0,0.0,0.0,0.0,0.0,0.0,0.0,0,-107875648.0,69,0.0,138,0.0,-109447200.0,0,13107,17040,26215,17049,13107,17043,0,0,0,70,68,100,2.7302359370752657e+23,71.2,2.7302370179391762e+23,74.2,2.7302370179391762e+23,74.0,1,49,50,180,13107,52429,0,0,0.0,0.0,0.0,0.0,-0.0,67.0,0.0,162057.094,0.0,751,0,739,0,0,0,721,0,767,0,736,0,742,0,742,0,712,0,7520,0.032,106300440576.0,0.0,0.0,784,16797,-0.0,162057.094,-114818.039,-0.0,0.133,6.909358625270745e+28,30.0,65.0,35,0.0,0.0,0.0,0.0,0.0,0.0,0.0,0.0,0.0,0.0,0.0,0.0,0.0,0.0,0.0,0.0,69.2,0,150,71,55,65476,0,300,0,1,8,20529,65476,0,0,40632,65.0,0.0,0.0,0.0,0.0,0.0
2026-09-04T20:19:51,ERR,ERR,ERR,ERR,ERR,ERR,ERR,ERR,ERR,ERR,ERR,ERR,ERR,ERR,ERR,ERR,ERR,ERR,ERR,ERR,ERR,ERR,ERR,ERR,ERR,ERR,ERR,ERR,ERR,ERR,ERR,ERR,ERR,ERR,ERR,ERR,ERR,ERR,ERR,ERR,ERR,ERR,ERR,ERR,ERR,ERR,ERR,ERR,ERR,ERR,ERR,ERR,ERR,ERR,ERR,ERR,ERR,ERR,ERR,ERR,ERR,ERR,ERR,ERR,ERR,ERR,ERR,ERR,ERR,ERR,ERR,ERR,ERR,ERR,ERR,ERR,ERR,ERR,ERR,ERR,ERR,ERR,ERR,ERR,ERR,ERR,ERR,ERR,ERR,ERR,ERR,ERR,ERR,ERR,ERR,ERR,ERR,ERR,ERR,ERR,ERR,ERR,ERR,ERR,ERR,ERR,ERR,ERR,ERR,ERR,ERR,ERR,ERR,ERR,ERR,ERR,ERR,ERR,ERR,ERR,ERR,ERR,ERR,ERR,ERR,2.718430741444032e+23,2.7184312818759872e+23,0.0,0.0,0.0,1.3936040501711995e+18,7.805,0.0,0,0,4,0,7116,0.0,100,0.0,0.0,0.0,0.0,0.0,0,0,0,0,0.0,0,0,0,0,0,0,0,0,0,0,0,0,0,0,0,0,0,0,0,0,0,0,0,0,0,0,0,0,0,0,0,0,0,31,40,40,71,65476,0,300,0,0,8,21553,0.0,-107605600.0,0.0,0.0,0.0,0.0,0.0,0.0,0.0,0.0,0.0,0.0,0.0,0.0,0.0,0.0,0.0,0.0,0.0,0.0,0.0,0.0,0.0,-2.004,-2.004,0.0,0.0,0.0,0.0,0.0,6270.0,0.0,6917.0,2.718430741444032e+23,2.7184312818759872e+23,-0.0,2.718430741444032e+23,0.0,0.0,0.0,0.0,69,3.222031544164523e+26,-107615176.0,0.0,0.0,0.0,0.0,0.0,0.0,0.0,0,0,0,0.0,0.0,0.0,0.0,0.0,0.0,0.0,0.0,0.0,0.0,0.0,0.0,0.0,0.0,0.0,0.0,0,-107875648.0,69,0.0,138,0.0,-109447200.0,0,13107,17040,26215,17049,13107,17043,0,0,0,70,68,100,2.7302359370752657e+23,71.2,2.7302370179391762e+23,74.2,2.7302370179391762e+23,74.0,1,49,50,180,13107,52429,0,0,0.0,0.0,0.0,0.0,-0.0,67.0,0.0,162057.094,0.0,751,0,739,0,0,0,721,0,767,0,736,0,742,0,742,0,712,0,7520,0.032,106300440576.0,0.0,0.0,784,16797,-0.0,162057.094,-114818.039,-0.0,0.133,6.909358625270745e+28,30.0,65.0,35,0.0,0.0,0.0,0.0,0.0,0.0,0.0,0.0,0.0,0.0,0.0,0.0,0.0,0.0,0.0,0.0,69.2,0,150,71,55,65476,0,300,0,1,8,20529,65476,0,0,40632,65.0,0.0,0.0,0.0,0.0,0.0
2026-09-04T20:19:52,ERR,ERR,ERR,ERR,ERR,ERR,ERR,ERR,ERR,ERR,ERR,ERR,ERR,ERR,ERR,ERR,ERR,ERR,ERR,ERR,ERR,ERR,ERR,ERR,ERR,ERR,ERR,ERR,ERR,ERR,ERR,ERR,ERR,ERR,ERR,ERR,ERR,ERR,ERR,ERR,ERR,ERR,ERR,ERR,ERR,ERR,ERR,ERR,ERR,ERR,ERR,ERR,ERR,ERR,ERR,ERR,ERR,ERR,ERR,ERR,ERR,ERR,ERR,ERR,ERR,ERR,ERR,ERR,ERR,ERR,ERR,ERR,ERR,ERR,ERR,ERR,ERR,ERR,ERR,ERR,ERR,ERR,ERR,ERR,ERR,ERR,ERR,ERR,ERR,ERR,ERR,ERR,ERR,ERR,ERR,ERR,ERR,ERR,ERR,ERR,ERR,ERR,ERR,ERR,ERR,ERR,ERR,ERR,ERR,ERR,ERR,ERR,ERR,ERR,ERR,ERR,ERR,ERR,ERR,ERR,ERR,ERR,ERR,ERR,ERR,2.718430741444032e+23,2.7184312818759872e+23,0.0,0.0,0.0,1.3936040501711995e+18,7.805,0.0,0,0,4,0,7116,0.0,100,0.0,0.0,0.0,0.0,0.0,0,0,0,0,0.0,0,0,0,0,0,0,0,0,0,0,0,0,0,0,0,0,0,0,0,0,0,0,0,0,0,0,0,0,0,0,0,0,0,31,40,40,71,65476,0,300,0,0,8,21553,0.0,-107605600.0,0.0,0.0,0.0,0.0,0.0,0.0,0.0,0.0,0.0,0.0,0.0,0.0,0.0,0.0,0.0,0.0,0.0,0.0,0.0,0.0,0.0,-2.004,-2.004,0.0,0.0,0.0,0.0,0.0,6270.0,0.0,6917.0,2.718430741444032e+23,2.7184312818759872e+23,-0.0,2.718430741444032e+23,0.0,0.0,0.0,0.0,69,3.222031544164523e+26,-107615176.0,0.0,0.0,0.0,0.0,0.0,0.0,0.0,0,0,0,0.0,0.0,0.0,0.0,0.0,0.0,0.0,0.0,0.0,0.0,0.0,0.0,0.0,0.0,0.0,0.0,0,-107875648.0,69,0.0,138,0.0,-109447200.0,0,13107,17040,26215,17049,13107,17043,0,0,0,70,68,100,2.7302359370752657e+23,71.2,2.7302370179391762e+23,74.2,2.7302370179391762e+23,74.0,1,49,50,180,13107,52429,0,0,0.0,0.0,0.0,0.0,-0.0,67.0,0.0,162057.094,0.0,751,0,739,0,0,0,721,0,767,0,736,0,742,0,742,0,712,0,7520,0.032,106300440576.0,0.0,0.0,784,16797,-0.0,162057.094,-114818.039,-0.0,0.133,6.909358625270745e+28,30.0,65.0,35,0.0,0.0,0.0,0.0,0.0,0.0,0.0,0.0,0.0,0.0,0.0,0.0,0.0,0.0,0.0,0.0,69.2,0,150,71,55,65476,0,300,0,1,8,20529,65476,0,0,40632,65.0,0.0,0.0,0.0,0.0,0.0
2026-09-04T20:19:53,ERR,ERR,ERR,ERR,ERR,ERR,ERR,ERR,ERR,ERR,ERR,ERR,ERR,ERR,ERR,ERR,ERR,ERR,ERR,ERR,ERR,ERR,ERR,ERR,ERR,ERR,ERR,ERR,ERR,ERR,ERR,ERR,ERR,ERR,ERR,ERR,ERR,ERR,ERR,ERR,ERR,ERR,ERR,ERR,ERR,ERR,ERR,ERR,ERR,ERR,ERR,ERR,ERR,ERR,ERR,ERR,ERR,ERR,ERR,ERR,ERR,ERR,ERR,ERR,ERR,ERR,ERR,ERR,ERR,ERR,ERR,ERR,ERR,ERR,ERR,ERR,ERR,ERR,ERR,ERR,ERR,ERR,ERR,ERR,ERR,ERR,ERR,ERR,ERR,ERR,ERR,ERR,ERR,ERR,ERR,ERR,ERR,ERR,ERR,ERR,ERR,ERR,ERR,ERR,ERR,ERR,ERR,ERR,ERR,ERR,ERR,ERR,ERR,ERR,ERR,ERR,ERR,ERR,ERR,ERR,ERR,ERR,ERR,ERR,ERR,2.718430741444032e+23,2.7184312818759872e+23,0.0,0.0,0.0,1.3936040501711995e+18,7.805,0.0,0,0,4,0,7116,0.0,100,0.0,0.0,0.0,0.0,0.0,0,0,0,0,0.0,0,0,0,0,0,0,0,0,0,0,0,0,0,0,0,0,0,0,0,0,0,0,0,0,0,0,0,0,0,0,0,0,0,31,40,40,71,65476,0,300,0,0,8,21553,0.0,-107605600.0,0.0,0.0,0.0,0.0,0.0,0.0,0.0,0.0,0.0,0.0,0.0,0.0,0.0,0.0,0.0,0.0,0.0,0.0,0.0,0.0,0.0,-2.004,-2.004,0.0,0.0,0.0,0.0,0.0,6270.0,0.0,6917.0,2.718430741444032e+23,2.7184312818759872e+23,-0.0,2.718430741444032e+23,0.0,0.0,0.0,0.0,69,3.222031544164523e+26,-107615176.0,0.0,0.0,0.0,0.0,0.0,0.0,0.0,0,0,0,0.0,0.0,0.0,0.0,0.0,0.0,0.0,0.0,0.0,0.0,0.0,0.0,0.0,0.0,0.0,0.0,0,-107875648.0,69,0.0,138,0.0,-109447200.0,0,13107,17040,26215,17049,13107,17043,0,0,0,70,68,100,2.7302359370752657e+23,71.2,2.7302370179391762e+23,74.2,2.7302370179391762e+23,74.0,1,49,50,180,13107,52429,0,0,0.0,0.0,0.0,0.0,-0.0,67.0,0.0,162057.094,0.0,751,0,739,0,0,0,721,0,767,0,736,0,742,0,742,0,712,0,7520,0.032,106300440576.0,0.0,0.0,784,16797,-0.0,162057.094,-114818.039,-0.0,0.133,6.909358625270745e+28,30.0,65.0,35,0.0,0.0,0.0,0.0,0.0,0.0,0.0,0.0,0.0,0.0,0.0,0.0,0.0,0.0,0.0,0.0,69.2,0,150,71,55,65476,0,300,0,1,8,20529,65476,0,0,40632,65.0,0.0,0.0,0.0,0.0,0.0
2026-09-04T20:19:54,ERR,ERR,ERR,ERR,ERR,ERR,ERR,ERR,ERR,ERR,ERR,ERR,ERR,ERR,ERR,ERR,ERR,ERR,ERR,ERR,ERR,ERR,ERR,ERR,ERR,ERR,ERR,ERR,ERR,ERR,ERR,ERR,ERR,ERR,ERR,ERR,ERR,ERR,ERR,ERR,ERR,ERR,ERR,ERR,ERR,ERR,ERR,ERR,ERR,ERR,ERR,ERR,ERR,ERR,ERR,ERR,ERR,ERR,ERR,ERR,ERR,ERR,ERR,ERR,ERR,ERR,ERR,ERR,ERR,ERR,ERR,ERR,ERR,ERR,ERR,ERR,ERR,ERR,ERR,ERR,ERR,ERR,ERR,ERR,ERR,ERR,ERR,ERR,ERR,ERR,ERR,ERR,ERR,ERR,ERR,ERR,ERR,ERR,ERR,ERR,ERR,ERR,ERR,ERR,ERR,ERR,ERR,ERR,ERR,ERR,ERR,ERR,ERR,ERR,ERR,ERR,ERR,ERR,ERR,ERR,ERR,ERR,ERR,ERR,ERR,2.718430741444032e+23,2.7184312818759872e+23,0.0,0.0,0.0,1.3936040501711995e+18,7.805,0.0,0,0,4,0,7116,0.0,100,0.0,0.0,0.0,0.0,0.0,0,0,0,0,0.0,0,0,0,0,0,0,0,0,0,0,0,0,0,0,0,0,0,0,0,0,0,0,0,0,0,0,0,0,0,0,0,0,0,31,40,40,71,65476,0,300,0,0,8,21553,0.0,-107605600.0,0.0,0.0,0.0,0.0,0.0,0.0,0.0,0.0,0.0,0.0,0.0,0.0,0.0,0.0,0.0,0.0,0.0,0.0,0.0,0.0,0.0,-2.004,-2.004,0.0,0.0,0.0,0.0,0.0,6270.0,0.0,6917.0,2.718430741444032e+23,2.7184312818759872e+23,-0.0,2.718430741444032e+23,0.0,0.0,0.0,0.0,69,3.222031544164523e+26,-107615176.0,0.0,0.0,0.0,0.0,0.0,0.0,0.0,0,0,0,0.0,0.0,0.0,0.0,0.0,0.0,0.0,0.0,0.0,0.0,0.0,0.0,0.0,0.0,0.0,0.0,0,-107875648.0,69,0.0,138,0.0,-109447200.0,0,13107,17040,26215,17049,13107,17043,0,0,0,70,68,100,2.7302359370752657e+23,71.2,2.7302370179391762e+23,74.2,2.7302370179391762e+23,74.0,1,49,50,180,13107,52429,0,0,0.0,0.0,0.0,0.0,-0.0,67.0,0.0,162057.094,0.0,751,0,739,0,0,0,721,0,767,0,736,0,742,0,742,0,712,0,7520,0.032,106300440576.0,0.0,0.0,784,16797,-0.0,162057.094,-114818.039,-0.0,0.133,6.909358625270745e+28,30.0,65.0,35,0.0,0.0,0.0,0.0,0.0,0.0,0.0,0.0,0.0,0.0,0.0,0.0,0.0,0.0,0.0,0.0,69.2,0,150,71,55,65476,0,300,0,1,8,20529,65476,0,0,40632,65.0,0.0,0.0,0.0,0.0,0.0
2026-09-04T20:19:55,ERR,ERR,ERR,ERR,ERR,ERR,ERR,ERR,ERR,ERR,ERR,ERR,ERR,ERR,ERR,ERR,ERR,ERR,ERR,ERR,ERR,ERR,ERR,ERR,ERR,ERR,ERR,ERR,ERR,ERR,ERR,ERR,ERR,ERR,ERR,ERR,ERR,ERR,ERR,ERR,ERR,ERR,ERR,ERR,ERR,ERR,ERR,ERR,ERR,ERR,ERR,ERR,ERR,ERR,ERR,ERR,ERR,ERR,ERR,ERR,ERR,ERR,ERR,ERR,ERR,ERR,ERR,ERR,ERR,ERR,ERR,ERR,ERR,ERR,ERR,ERR,ERR,ERR,ERR,ERR,ERR,ERR,ERR,ERR,ERR,ERR,ERR,ERR,ERR,ERR,ERR,ERR,ERR,ERR,ERR,ERR,ERR,ERR,ERR,ERR,ERR,ERR,ERR,ERR,ERR,ERR,ERR,ERR,ERR,ERR,ERR,ERR,ERR,ERR,ERR,ERR,ERR,ERR,ERR,ERR,ERR,ERR,ERR,ERR,ERR,2.718430741444032e+23,2.7184312818759872e+23,0.0,0.0,0.0,1.3936040501711995e+18,7.805,0.0,0,0,4,0,7116,0.0,100,0.0,0.0,0.0,0.0,0.0,0,0,0,0,0.0,0,0,0,0,0,0,0,0,0,0,0,0,0,0,0,0,0,0,0,0,0,0,0,0,0,0,0,0,0,0,0,0,0,31,40,40,71,65476,0,300,0,0,8,21553,0.0,-107605600.0,0.0,0.0,0.0,0.0,0.0,0.0,0.0,0.0,0.0,0.0,0.0,0.0,0.0,0.0,0.0,0.0,0.0,0.0,0.0,0.0,0.0,-2.004,-2.004,0.0,0.0,0.0,0.0,0.0,6270.0,0.0,6917.0,2.718430741444032e+23,2.7184312818759872e+23,-0.0,2.718430741444032e+23,0.0,0.0,0.0,0.0,69,3.222031544164523e+26,-107615176.0,0.0,0.0,0.0,0.0,0.0,0.0,0.0,0,0,0,0.0,0.0,0.0,0.0,0.0,0.0,0.0,0.0,0.0,0.0,0.0,0.0,0.0,0.0,0.0,0.0,0,-107875648.0,69,0.0,138,0.0,-109447200.0,0,13107,17040,26215,17049,13107,17043,0,0,0,70,68,100,2.7302359370752657e+23,71.2,2.7302370179391762e+23,74.2,2.7302370179391762e+23,74.0,1,49,50,180,13107,52429,0,0,0.0,0.0,0.0,0.0,-0.0,67.0,0.0,162057.094,0.0,751,0,739,0,0,0,721,0,767,0,736,0,742,0,742,0,712,0,7520,0.032,106300440576.0,0.0,0.0,784,16797,-0.0,162057.094,-114818.039,-0.0,0.133,6.909358625270745e+28,30.0,65.0,35,0.0,0.0,0.0,0.0,0.0,0.0,0.0,0.0,0.0,0.0,0.0,0.0,0.0,0.0,0.0,0.0,69.2,0,150,71,55,65476,0,300,0,1,8,20529,65476,0,0,40632,65.0,0.0,0.0,0.0,0.0,0.0
2026-09-04T20:19:56,ERR,ERR,ERR,ERR,ERR,ERR,ERR,ERR,ERR,ERR,ERR,ERR,ERR,ERR,ERR,ERR,ERR,ERR,ERR,ERR,ERR,ERR,ERR,ERR,ERR,ERR,ERR,ERR,ERR,ERR,ERR,ERR,ERR,ERR,ERR,ERR,ERR,ERR,ERR,ERR,ERR,ERR,ERR,ERR,ERR,ERR,ERR,ERR,ERR,ERR,ERR,ERR,ERR,ERR,ERR,ERR,ERR,ERR,ERR,ERR,ERR,ERR,ERR,ERR,ERR,ERR,ERR,ERR,ERR,ERR,ERR,ERR,ERR,ERR,ERR,ERR,ERR,ERR,ERR,ERR,ERR,ERR,ERR,ERR,ERR,ERR,ERR,ERR,ERR,ERR,ERR,ERR,ERR,ERR,ERR,ERR,ERR,ERR,ERR,ERR,ERR,ERR,ERR,ERR,ERR,ERR,ERR,ERR,ERR,ERR,ERR,ERR,ERR,ERR,ERR,ERR,ERR,ERR,ERR,ERR,ERR,ERR,ERR,ERR,ERR,2.718430741444032e+23,2.7184312818759872e+23,0.0,0.0,0.0,1.3936040501711995e+18,7.805,0.0,0,0,4,0,7116,0.0,100,0.0,0.0,0.0,0.0,0.0,0,0,0,0,0.0,0,0,0,0,0,0,0,0,0,0,0,0,0,0,0,0,0,0,0,0,0,0,0,0,0,0,0,0,0,0,0,0,0,31,40,40,71,65476,0,300,0,0,8,21553,0.0,-107605600.0,0.0,0.0,0.0,0.0,0.0,0.0,0.0,0.0,0.0,0.0,0.0,0.0,0.0,0.0,0.0,0.0,0.0,0.0,0.0,0.0,0.0,-2.004,-2.004,0.0,0.0,0.0,0.0,0.0,6270.0,0.0,6917.0,2.718430741444032e+23,2.7184312818759872e+23,-0.0,2.718430741444032e+23,0.0,0.0,0.0,0.0,69,3.222031544164523e+26,-107615176.0,0.0,0.0,0.0,0.0,0.0,0.0,0.0,0,0,0,0.0,0.0,0.0,0.0,0.0,0.0,0.0,0.0,0.0,0.0,0.0,0.0,0.0,0.0,0.0,0.0,0,-107875648.0,69,0.0,138,0.0,-109447200.0,0,13107,17040,26215,17049,13107,17043,0,0,0,70,68,100,2.7302359370752657e+23,71.2,2.7302370179391762e+23,74.2,2.7302370179391762e+23,74.0,1,49,50,180,13107,52429,0,0,0.0,0.0,0.0,0.0,-0.0,67.0,0.0,162057.094,0.0,751,0,739,0,0,0,721,0,767,0,736,0,742,0,742,0,712,0,7520,0.032,79456894976.0,0.0,0.0,784,16797,-0.0,162057.094,-114818.039,-0.0,0.133,6.909358625270745e+28,30.0,65.0,35,0.0,0.0,0.0,0.0,0.0,0.0,0.0,0.0,0.0,0.0,0.0,0.0,0.0,0.0,0.0,0.0,69.2,0,150,71,55,65476,0,300,0,1,8,20529,65476,0,0,40632,65.0,0.0,0.0,0.0,0.0,0.0
2026-09-04T20:19:57,ERR,ERR,ERR,ERR,ERR,ERR,ERR,ERR,ERR,ERR,ERR,ERR,ERR,ERR,ERR,ERR,ERR,ERR,ERR,ERR,ERR,ERR,ERR,ERR,ERR,ERR,ERR,ERR,ERR,ERR,ERR,ERR,ERR,ERR,ERR,ERR,ERR,ERR,ERR,ERR,ERR,ERR,ERR,ERR,ERR,ERR,ERR,ERR,ERR,ERR,ERR,ERR,ERR,ERR,ERR,ERR,ERR,ERR,ERR,ERR,ERR,ERR,ERR,ERR,ERR,ERR,ERR,ERR,ERR,ERR,ERR,ERR,ERR,ERR,ERR,ERR,ERR,ERR,ERR,ERR,ERR,ERR,ERR,ERR,ERR,ERR,ERR,ERR,ERR,ERR,ERR,ERR,ERR,ERR,ERR,ERR,ERR,ERR,ERR,ERR,ERR,ERR,ERR,ERR,ERR,ERR,ERR,ERR,ERR,ERR,ERR,ERR,ERR,ERR,ERR,ERR,ERR,ERR,ERR,ERR,ERR,ERR,ERR,ERR,ERR,0.0,2.7184312818759872e+23,-100793952.0,0.0,0.0,1.3936040501711995e+18,7.805,0.0,0,0,4,0,7116,0.0,100,0.0,0.0,0.0,0.0,0.0,0,0,0,0,0.0,0,0,0,0,0,0,0,0,0,0,0,0,0,0,0,0,0,0,0,0,0,0,0,0,0,0,0,0,0,0,0,0,0,31,40,40,71,65476,0,300,0,0,8,21553,0.0,-107605600.0,0.0,0.0,0.0,0.0,0.0,0.0,0.0,0.0,0.0,0.0,0.0,0.0,0.0,0.0,0.0,0.0,0.0,0.0,0.0,0.0,0.0,-2.004,-2.004,0.0,0.0,0.0,0.0,0.0,6269.0,8608222208.0,6922.0,2.718430741444032e+23,2.7184312818759872e+23,-0.0,2.718430741444032e+23,0.0,0.0,0.0,0.0,69,152018589057024.0,0.0,0.0,0.0,0.0,0.0,0.0,0.0,0.0,0,0,0,0.0,0.0,0.0,0.0,0.0,0.0,0.0,0.0,0.0,0.0,0.0,0.0,0.0,0.0,0.0,0.0,0,-107875648.0,69,0.0,138,0.0,-109447200.0,0,13107,17040,26215,17049,13107,17043,0,0,0,70,68,100,2.7302359370752657e+23,71.2,2.7302370179391762e+23,74.2,2.7302370179391762e+23,74.0,1,49,50,180,13107,52429,0,0,0.0,0.0,0.0,0.0,-0.0,67.0,0.0,162057.094,0.0,751,0,739,0,0,0,721,0,767,0,736,0,742,0,742,0,712,0,7520,0.032,79456894976.0,0.0,0.0,784,16797,-0.0,162057.094,-114818.039,-0.0,0.133,6.909358625270745e+28,30.0,65.0,35,0.0,0.0,0.0,0.0,0.0,0.0,0.0,0.0,0.0,0.0,0.0,0.0,0.0,0.0,0.0,0.0,69.2,0,150,71,55,65476,0,300,0,1,8,20529,65476,0,0,40632,65.0,0.0,0.0,0.0,0.0,0.0
2026-09-04T20:19:58,ERR,ERR,ERR,ERR,ERR,ERR,ERR,ERR,ERR,ERR,ERR,ERR,ERR,ERR,ERR,ERR,ERR,ERR,ERR,ERR,ERR,ERR,ERR,ERR,ERR,ERR,ERR,ERR,ERR,ERR,ERR,ERR,ERR,ERR,ERR,ERR,ERR,ERR,ERR,ERR,ERR,ERR,ERR,ERR,ERR,ERR,ERR,ERR,ERR,ERR,ERR,ERR,ERR,ERR,ERR,ERR,ERR,ERR,ERR,ERR,ERR,ERR,ERR,ERR,ERR,ERR,ERR,ERR,ERR,ERR,ERR,ERR,ERR,ERR,ERR,ERR,ERR,ERR,ERR,ERR,ERR,ERR,ERR,ERR,ERR,ERR,ERR,ERR,ERR,ERR,ERR,ERR,ERR,ERR,ERR,ERR,ERR,ERR,ERR,ERR,ERR,ERR,ERR,ERR,ERR,ERR,ERR,ERR,ERR,ERR,ERR,ERR,ERR,ERR,ERR,ERR,ERR,ERR,ERR,ERR,ERR,ERR,ERR,ERR,ERR,0.0,2.7184312818759872e+23,-100793952.0,0.0,0.0,1.3936040501711995e+18,7.805,0.0,0,0,4,0,7116,0.0,100,0.0,0.0,0.0,0.0,0.0,0,0,0,0,0.0,0,0,0,0,0,0,0,0,0,0,0,0,0,0,0,0,0,0,0,0,0,0,0,0,0,0,0,0,0,0,0,0,0,31,40,40,71,65476,0,300,0,0,8,21553,0.0,-107605600.0,0.0,0.0,0.0,0.0,0.0,0.0,0.0,0.0,0.0,0.0,0.0,0.0,0.0,0.0,0.0,0.0,0.0,0.0,0.0,0.0,0.0,-2.004,-2.004,0.0,0.0,0.0,0.0,0.0,6269.0,8608222208.0,6922.0,2.718430741444032e+23,2.7184312818759872e+23,-0.0,2.718430741444032e+23,0.0,0.0,0.0,0.0,69,152018589057024.0,0.0,0.0,0.0,0.0,0.0,0.0,0.0,0.0,0,0,0,0.0,0.0,0.0,0.0,0.0,0.0,0.0,0.0,0.0,0.0,0.0,0.0,0.0,0.0,0.0,0.0,0,-107875648.0,69,0.0,138,0.0,-109447200.0,0,13107,17040,26215,17049,13107,17043,0,0,0,70,68,100,2.7302359370752657e+23,71.2,2.7302370179391762e+23,74.2,2.7302370179391762e+23,74.0,1,49,50,180,13107,52429,0,0,0.0,0.0,0.0,0.0,-0.0,67.0,0.0,162057.094,0.0,751,0,739,0,0,0,721,0,767,0,736,0,742,0,742,0,712,0,7520,0.032,79456894976.0,0.0,0.0,784,16797,-0.0,162057.094,-114818.039,-0.0,0.133,6.909358625270745e+28,30.0,65.0,35,0.0,0.0,0.0,0.0,0.0,0.0,0.0,0.0,0.0,0.0,0.0,0.0,0.0,0.0,0.0,0.0,69.2,0,150,71,55,65476,0,300,0,1,8,20529,65476,0,0,40632,65.0,0.0,0.0,0.0,0.0,0.0
2026-09-04T20:19:59,ERR,ERR,ERR,ERR,ERR,ERR,ERR,ERR,ERR,ERR,ERR,ERR,ERR,ERR,ERR,ERR,ERR,ERR,ERR,ERR,ERR,ERR,ERR,ERR,ERR,ERR,ERR,ERR,ERR,ERR,ERR,ERR,ERR,ERR,ERR,ERR,ERR,ERR,ERR,ERR,ERR,ERR,ERR,ERR,ERR,ERR,ERR,ERR,ERR,ERR,ERR,ERR,ERR,ERR,ERR,ERR,ERR,ERR,ERR,ERR,ERR,ERR,ERR,ERR,ERR,ERR,ERR,ERR,ERR,ERR,ERR,ERR,ERR,ERR,ERR,ERR,ERR,ERR,ERR,ERR,ERR,ERR,ERR,ERR,ERR,ERR,ERR,ERR,ERR,ERR,ERR,ERR,ERR,ERR,ERR,ERR,ERR,ERR,ERR,ERR,ERR,ERR,ERR,ERR,ERR,ERR,ERR,ERR,ERR,ERR,ERR,ERR,ERR,ERR,ERR,ERR,ERR,ERR,ERR,ERR,ERR,ERR,ERR,ERR,ERR,0.0,2.7184312818759872e+23,-100793952.0,0.0,0.0,1.3936040501711995e+18,7.805,0.0,0,0,4,0,7116,0.0,100,0.0,0.0,0.0,0.0,0.0,0,0,0,0,0.0,0,0,0,0,0,0,0,0,0,0,0,0,0,0,0,0,0,0,0,0,0,0,0,0,0,0,0,0,0,0,0,0,0,31,40,40,71,65476,0,300,0,0,8,21553,0.0,-107605600.0,0.0,0.0,0.0,0.0,0.0,0.0,0.0,0.0,0.0,0.0,0.0,0.0,0.0,0.0,0.0,0.0,0.0,0.0,0.0,0.0,0.0,-2.004,-2.004,0.0,0.0,0.0,0.0,0.0,6269.0,8608222208.0,6922.0,2.718430741444032e+23,2.7184312818759872e+23,-0.0,2.718430741444032e+23,0.0,0.0,0.0,0.0,69,152018589057024.0,0.0,0.0,0.0,0.0,0.0,0.0,0.0,0.0,0,0,0,0.0,0.0,0.0,0.0,0.0,0.0,0.0,0.0,0.0,0.0,0.0,0.0,0.0,0.0,0.0,0.0,0,-107875648.0,69,0.0,138,0.0,-109447200.0,0,13107,17040,26215,17049,13107,17043,0,0,0,70,68,100,2.7302359370752657e+23,71.2,2.7302370179391762e+23,74.2,2.7302370179391762e+23,74.0,1,49,50,180,13107,52429,0,0,0.0,0.0,0.0,0.0,-0.0,67.0,0.0,162057.094,0.0,751,0,739,0,0,0,721,0,767,0,736,0,742,0,742,0,712,0,7520,0.032,79456894976.0,0.0,0.0,784,16797,-0.0,162057.094,-114818.039,-0.0,0.133,6.909358625270745e+28,30.0,65.0,35,0.0,0.0,0.0,0.0,0.0,0.0,0.0,0.0,0.0,0.0,0.0,0.0,0.0,0.0,0.0,0.0,69.2,0,150,71,55,65476,0,300,0,1,8,20529,65476,0,0,40632,65.0,0.0,0.0,0.0,0.0,0.0
2026-09-04T20:20:00,ERR,ERR,ERR,ERR,ERR,ERR,ERR,ERR,ERR,ERR,ERR,ERR,ERR,ERR,ERR,ERR,ERR,ERR,ERR,ERR,ERR,ERR,ERR,ERR,ERR,ERR,ERR,ERR,ERR,ERR,ERR,ERR,ERR,ERR,ERR,ERR,ERR,ERR,ERR,ERR,ERR,ERR,ERR,ERR,ERR,ERR,ERR,ERR,ERR,ERR,ERR,ERR,ERR,ERR,ERR,ERR,ERR,ERR,ERR,ERR,ERR,ERR,ERR,ERR,ERR,ERR,ERR,ERR,ERR,ERR,ERR,ERR,ERR,ERR,ERR,ERR,ERR,ERR,ERR,ERR,ERR,ERR,ERR,ERR,ERR,ERR,ERR,ERR,ERR,ERR,ERR,ERR,ERR,ERR,ERR,ERR,ERR,ERR,ERR,ERR,ERR,ERR,ERR,ERR,ERR,ERR,ERR,ERR,ERR,ERR,ERR,ERR,ERR,ERR,ERR,ERR,ERR,ERR,ERR,ERR,ERR,ERR,ERR,ERR,ERR,0.0,2.7184312818759872e+23,-100793952.0,0.0,0.0,1.3936040501711995e+18,7.805,0.0,0,0,4,0,7116,0.0,100,0.0,0.0,0.0,0.0,0.0,0,0,0,0,0.0,0,0,0,0,0,0,0,0,0,0,0,0,0,0,0,0,0,0,0,0,0,0,0,0,0,0,0,0,0,0,0,0,0,31,40,40,71,65476,0,300,0,0,8,21553,0.0,-107605600.0,0.0,0.0,0.0,0.0,0.0,0.0,0.0,0.0,0.0,0.0,0.0,0.0,0.0,0.0,0.0,0.0,0.0,0.0,0.0,0.0,0.0,-2.004,-2.004,0.0,0.0,0.0,0.0,0.0,6269.0,8608222208.0,6922.0,2.718430741444032e+23,2.7184312818759872e+23,-0.0,2.718430741444032e+23,0.0,0.0,0.0,0.0,69,152018589057024.0,0.0,0.0,0.0,0.0,0.0,0.0,0.0,0.0,0,0,0,0.0,0.0,0.0,0.0,0.0,0.0,0.0,0.0,0.0,0.0,0.0,0.0,0.0,0.0,0.0,0.0,0,-107875648.0,69,0.0,138,0.0,-109447200.0,0,13107,17040,26215,17049,13107,17043,0,0,0,70,68,100,2.7302359370752657e+23,71.2,2.7302370179391762e+23,74.2,2.7302370179391762e+23,74.0,1,49,50,180,13107,52429,0,0,0.0,0.0,0.0,0.0,-0.0,67.0,0.0,162057.094,0.0,751,0,739,0,0,0,721,0,767,0,736,0,742,0,742,0,712,0,7520,0.032,79456894976.0,0.0,0.0,784,16797,-0.0,162057.094,-114818.039,-0.0,0.133,6.909358625270745e+28,30.0,65.0,35,0.0,0.0,0.0,0.0,0.0,0.0,0.0,0.0,0.0,0.0,0.0,0.0,0.0,0.0,0.0,0.0,69.2,0,150,71,55,65476,0,300,0,1,8,20529,65476,0,0,40632,65.0,0.0,0.0,0.0,0.0,0.0
2026-09-04T20:20:01,ERR,ERR,ERR,ERR,ERR,ERR,ERR,ERR,ERR,ERR,ERR,ERR,ERR,ERR,ERR,ERR,ERR,ERR,ERR,ERR,ERR,ERR,ERR,ERR,ERR,ERR,ERR,ERR,ERR,ERR,ERR,ERR,ERR,ERR,ERR,ERR,ERR,ERR,ERR,ERR,ERR,ERR,ERR,ERR,ERR,ERR,ERR,ERR,ERR,ERR,ERR,ERR,ERR,ERR,ERR,ERR,ERR,ERR,ERR,ERR,ERR,ERR,ERR,ERR,ERR,ERR,ERR,ERR,ERR,ERR,ERR,ERR,ERR,ERR,ERR,ERR,ERR,ERR,ERR,ERR,ERR,ERR,ERR,ERR,ERR,ERR,ERR,ERR,ERR,ERR,ERR,ERR,ERR,ERR,ERR,ERR,ERR,ERR,ERR,ERR,ERR,ERR,ERR,ERR,ERR,ERR,ERR,ERR,ERR,ERR,ERR,ERR,ERR,ERR,ERR,ERR,ERR,ERR,ERR,ERR,ERR,ERR,ERR,ERR,ERR,0.0,2.7184312818759872e+23,-100793952.0,0.0,0.0,1.3936040501711995e+18,7.805,0.0,0,0,4,0,7116,0.0,100,0.0,0.0,0.0,0.0,0.0,0,0,0,0,0.0,0,0,0,0,0,0,0,0,0,0,0,0,0,0,0,0,0,0,0,0,0,0,0,0,0,0,0,0,0,0,0,0,0,31,40,40,71,65476,0,300,0,0,8,21553,0.0,-107605600.0,0.0,0.0,0.0,0.0,0.0,0.0,0.0,0.0,0.0,0.0,0.0,0.0,0.0,0.0,0.0,0.0,0.0,0.0,0.0,0.0,0.0,-2.004,-2.004,0.0,0.0,0.0,0.0,0.0,6269.0,8608222208.0,6922.0,2.718430741444032e+23,2.7184312818759872e+23,-0.0,2.718430741444032e+23,0.0,0.0,0.0,0.0,69,152018589057024.0,0.0,0.0,0.0,0.0,0.0,0.0,0.0,0.0,0,0,0,0.0,0.0,0.0,0.0,0.0,0.0,0.0,0.0,0.0,0.0,0.0,0.0,0.0,0.0,0.0,0.0,0,-107875648.0,69,0.0,138,0.0,-109447200.0,0,13107,17040,26215,17049,13107,17043,0,0,0,70,68,100,2.7302359370752657e+23,71.2,2.7302370179391762e+23,74.2,2.7302370179391762e+23,74.0,1,49,50,180,13107,52429,0,0,0.0,0.0,0.0,0.0,-0.0,67.0,0.0,162057.094,0.0,751,0,739,0,0,0,721,0,767,0,736,0,742,0,742,0,712,0,7520,0.032,96636764160.0,0.0,0.0,784,16797,-0.0,162057.094,-114818.039,-0.0,0.133,6.909358625270745e+28,30.0,65.0,35,0.0,0.0,0.0,0.0,0.0,0.0,0.0,0.0,0.0,0.0,0.0,0.0,0.0,0.0,0.0,0.0,69.2,0,150,71,55,65476,0,300,0,1,8,20529,65476,0,0,40632,65.0,0.0,0.0,0.0,0.0,0.0
2026-09-04T20:20:02,ERR,ERR,ERR,ERR,ERR,ERR,ERR,ERR,ERR,ERR,ERR,ERR,ERR,ERR,ERR,ERR,ERR,ERR,ERR,ERR,ERR,ERR,ERR,ERR,ERR,ERR,ERR,ERR,ERR,ERR,ERR,ERR,ERR,ERR,ERR,ERR,ERR,ERR,ERR,ERR,ERR,ERR,ERR,ERR,ERR,ERR,ERR,ERR,ERR,ERR,ERR,ERR,ERR,ERR,ERR,ERR,ERR,ERR,ERR,ERR,ERR,ERR,ERR,ERR,ERR,ERR,ERR,ERR,ERR,ERR,ERR,ERR,ERR,ERR,ERR,ERR,ERR,ERR,ERR,ERR,ERR,ERR,ERR,ERR,ERR,ERR,ERR,ERR,ERR,ERR,ERR,ERR,ERR,ERR,ERR,ERR,ERR,ERR,ERR,ERR,ERR,ERR,ERR,ERR,ERR,ERR,ERR,ERR,ERR,ERR,ERR,ERR,ERR,ERR,ERR,ERR,ERR,ERR,ERR,ERR,ERR,ERR,ERR,ERR,ERR,0.0,2.7184312818759872e+23,-100793952.0,0.0,0.0,1.3936040501711995e+18,7.805,0.0,0,0,4,0,7116,0.0,100,0.0,0.0,0.0,0.0,0.0,0,0,0,0,0.0,0,0,0,0,0,0,0,0,0,0,0,0,0,0,0,0,0,0,0,0,0,0,0,0,0,0,0,0,0,0,0,0,0,31,40,40,71,65476,0,300,0,0,8,21553,0.0,-107605600.0,0.0,0.0,0.0,0.0,0.0,0.0,0.0,0.0,0.0,0.0,0.0,0.0,0.0,0.0,0.0,0.0,0.0,0.0,0.0,0.0,0.0,-2.004,-2.004,0.0,0.0,0.0,0.0,0.0,6269.0,8608222208.0,6922.0,2.718430741444032e+23,2.7184312818759872e+23,-0.0,2.718430741444032e+23,0.0,0.0,0.0,0.0,69,152018589057024.0,0.0,0.0,0.0,0.0,0.0,0.0,0.0,0.0,0,0,0,0.0,0.0,0.0,0.0,0.0,0.0,0.0,0.0,0.0,0.0,0.0,0.0,0.0,0.0,0.0,0.0,0,-107875648.0,69,0.0,138,0.0,-109447200.0,0,13107,17040,26215,17049,13107,17043,0,0,0,70,68,100,2.7302359370752657e+23,71.2,2.7302370179391762e+23,74.2,2.7302370179391762e+23,74.0,1,49,50,180,13107,52429,0,0,0.0,0.0,0.0,0.0,-0.0,67.0,0.0,162057.094,0.0,751,0,739,0,0,0,721,0,767,0,736,0,742,0,742,0,712,0,7520,0.032,96636764160.0,0.0,0.0,784,16797,-0.0,162057.094,-114818.039,-0.0,0.133,6.909358625270745e+28,30.0,65.0,35,0.0,0.0,0.0,0.0,0.0,0.0,0.0,0.0,0.0,0.0,0.0,0.0,0.0,0.0,0.0,0.0,69.2,0,150,71,55,65476,0,300,0,1,8,20529,65476,0,0,40632,65.0,0.0,0.0,0.0,0.0,0.0
2026-09-04T20:20:03,ERR,ERR,ERR,ERR,ERR,ERR,ERR,ERR,ERR,ERR,ERR,ERR,ERR,ERR,ERR,ERR,ERR,ERR,ERR,ERR,ERR,ERR,ERR,ERR,ERR,ERR,ERR,ERR,ERR,ERR,ERR,ERR,ERR,ERR,ERR,ERR,ERR,ERR,ERR,ERR,ERR,ERR,ERR,ERR,ERR,ERR,ERR,ERR,ERR,ERR,ERR,ERR,ERR,ERR,ERR,ERR,ERR,ERR,ERR,ERR,ERR,ERR,ERR,ERR,ERR,ERR,ERR,ERR,ERR,ERR,ERR,ERR,ERR,ERR,ERR,ERR,ERR,ERR,ERR,ERR,ERR,ERR,ERR,ERR,ERR,ERR,ERR,ERR,ERR,ERR,ERR,ERR,ERR,ERR,ERR,ERR,ERR,ERR,ERR,ERR,ERR,ERR,ERR,ERR,ERR,ERR,ERR,ERR,ERR,ERR,ERR,ERR,ERR,ERR,ERR,ERR,ERR,ERR,ERR,ERR,ERR,ERR,ERR,ERR,ERR,0.0,2.7184312818759872e+23,-100793952.0,0.0,0.0,1.3936040501711995e+18,7.805,0.0,0,0,4,0,7116,0.0,100,0.0,0.0,0.0,0.0,0.0,0,0,0,0,0.0,0,0,0,0,0,0,0,0,0,0,0,0,0,0,0,0,0,0,0,0,0,0,0,0,0,0,0,0,0,0,0,0,0,31,40,40,71,65476,0,300,0,0,8,21553,0.0,-107605600.0,0.0,0.0,0.0,0.0,0.0,0.0,0.0,0.0,0.0,0.0,0.0,0.0,0.0,0.0,0.0,0.0,0.0,0.0,0.0,0.0,0.0,-2.004,-2.004,0.0,0.0,0.0,0.0,0.0,6269.0,8608222208.0,6922.0,2.718430741444032e+23,2.7184312818759872e+23,-0.0,2.718430741444032e+23,0.0,0.0,0.0,0.0,69,152018589057024.0,0.0,0.0,0.0,0.0,0.0,0.0,0.0,0.0,0,0,0,0.0,0.0,0.0,0.0,0.0,0.0,0.0,0.0,0.0,0.0,0.0,0.0,0.0,0.0,0.0,0.0,0,-107875648.0,69,0.0,138,0.0,-109447200.0,0,13107,17040,26215,17049,13107,17043,0,0,0,70,68,100,2.7302359370752657e+23,71.2,2.7302370179391762e+23,74.2,2.7302370179391762e+23,74.0,1,49,50,180,13107,52429,0,0,0.0,0.0,0.0,0.0,-0.0,67.0,0.0,162057.094,0.0,751,0,739,0,0,0,721,0,767,0,736,0,742,0,742,0,712,0,7520,0.032,96636764160.0,0.0,0.0,784,16797,-0.0,162057.094,-114818.039,-0.0,0.133,6.909358625270745e+28,30.0,65.0,35,0.0,0.0,0.0,0.0,0.0,0.0,0.0,0.0,0.0,0.0,0.0,0.0,0.0,0.0,0.0,0.0,69.2,0,150,71,55,65476,0,300,0,1,8,20529,65476,0,0,40632,65.0,0.0,0.0,0.0,0.0,0.0
2026-09-04T20:20:04,ERR,ERR,ERR,ERR,ERR,ERR,ERR,ERR,ERR,ERR,ERR,ERR,ERR,ERR,ERR,ERR,ERR,ERR,ERR,ERR,ERR,ERR,ERR,ERR,ERR,ERR,ERR,ERR,ERR,ERR,ERR,ERR,ERR,ERR,ERR,ERR,ERR,ERR,ERR,ERR,ERR,ERR,ERR,ERR,ERR,ERR,ERR,ERR,ERR,ERR,ERR,ERR,ERR,ERR,ERR,ERR,ERR,ERR,ERR,ERR,ERR,ERR,ERR,ERR,ERR,ERR,ERR,ERR,ERR,ERR,ERR,ERR,ERR,ERR,ERR,ERR,ERR,ERR,ERR,ERR,ERR,ERR,ERR,ERR,ERR,ERR,ERR,ERR,ERR,ERR,ERR,ERR,ERR,ERR,ERR,ERR,ERR,ERR,ERR,ERR,ERR,ERR,ERR,ERR,ERR,ERR,ERR,ERR,ERR,ERR,ERR,ERR,ERR,ERR,ERR,ERR,ERR,ERR,ERR,ERR,ERR,ERR,ERR,ERR,ERR,0.0,2.7184312818759872e+23,-100793952.0,0.0,0.0,1.3936040501711995e+18,7.805,0.0,0,0,4,0,7116,0.0,100,0.0,0.0,0.0,0.0,0.0,0,0,0,0,0.0,0,0,0,0,0,0,0,0,0,0,0,0,0,0,0,0,0,0,0,0,0,0,0,0,0,0,0,0,0,0,0,0,0,31,40,40,71,65476,0,300,0,0,8,21553,0.0,-107605600.0,0.0,0.0,0.0,0.0,0.0,0.0,0.0,0.0,0.0,0.0,0.0,0.0,0.0,0.0,0.0,0.0,0.0,0.0,0.0,0.0,0.0,-2.004,-2.004,0.0,0.0,0.0,0.0,0.0,6269.0,8608222208.0,6922.0,2.718430741444032e+23,2.7184312818759872e+23,-0.0,2.718430741444032e+23,0.0,0.0,0.0,0.0,69,152018589057024.0,0.0,0.0,0.0,0.0,0.0,0.0,0.0,0.0,0,0,0,0.0,0.0,0.0,0.0,0.0,0.0,0.0,0.0,0.0,0.0,0.0,0.0,0.0,0.0,0.0,0.0,0,-107875648.0,69,0.0,138,0.0,-109447200.0,0,13107,17040,26215,17049,13107,17043,0,0,0,70,68,100,2.7302359370752657e+23,71.2,2.7302370179391762e+23,74.2,2.7302370179391762e+23,74.0,1,49,50,180,13107,52429,0,0,0.0,0.0,0.0,0.0,-0.0,67.0,0.0,162057.094,0.0,751,0,739,0,0,0,721,0,767,0,736,0,742,0,742,0,712,0,7520,0.032,96636764160.0,0.0,0.0,784,16797,-0.0,162057.094,-114818.039,-0.0,0.133,6.909358625270745e+28,30.0,65.0,35,0.0,0.0,0.0,0.0,0.0,0.0,0.0,0.0,0.0,0.0,0.0,0.0,0.0,0.0,0.0,0.0,69.2,0,150,71,55,65476,0,300,0,1,8,20529,65476,0,0,40632,65.0,0.0,0.0,0.0,0.0,0.0
2026-09-04T20:20:05,ERR,ERR,ERR,ERR,ERR,ERR,ERR,ERR,ERR,ERR,ERR,ERR,ERR,ERR,ERR,ERR,ERR,ERR,ERR,ERR,ERR,ERR,ERR,ERR,ERR,ERR,ERR,ERR,ERR,ERR,ERR,ERR,ERR,ERR,ERR,ERR,ERR,ERR,ERR,ERR,ERR,ERR,ERR,ERR,ERR,ERR,ERR,ERR,ERR,ERR,ERR,ERR,ERR,ERR,ERR,ERR,ERR,ERR,ERR,ERR,ERR,ERR,ERR,ERR,ERR,ERR,ERR,ERR,ERR,ERR,ERR,ERR,ERR,ERR,ERR,ERR,ERR,ERR,ERR,ERR,ERR,ERR,ERR,ERR,ERR,ERR,ERR,ERR,ERR,ERR,ERR,ERR,ERR,ERR,ERR,ERR,ERR,ERR,ERR,ERR,ERR,ERR,ERR,ERR,ERR,ERR,ERR,ERR,ERR,ERR,ERR,ERR,ERR,ERR,ERR,ERR,ERR,ERR,ERR,ERR,ERR,ERR,ERR,ERR,ERR,0.0,2.7184312818759872e+23,-100793952.0,0.0,0.0,1.3936040501711995e+18,7.805,0.0,0,0,4,0,7116,0.0,100,0.0,0.0,0.0,0.0,0.0,0,0,0,0,0.0,0,0,0,0,0,0,0,0,0,0,0,0,0,0,0,0,0,0,0,0,0,0,0,0,0,0,0,0,0,0,0,0,0,31,40,40,71,65476,0,300,0,0,8,21553,0.0,-107605600.0,0.0,0.0,0.0,0.0,0.0,0.0,0.0,0.0,0.0,0.0,0.0,0.0,0.0,0.0,0.0,0.0,0.0,0.0,0.0,0.0,-2.004,-2.004,-2.004,0.0,0.0,0.0,0.0,0.0,6271.0,-0.0,6931.0,2.718430741444032e+23,2.7184312818759872e+23,-0.0,2.718430741444032e+23,0.0,0.0,0.0,0.0,69,152018589057024.0,1.9056945127017677e+17,0.0,0.0,0.0,0.0,0.0,0.0,0.0,0,0,0,0.0,0.0,0.0,0.0,0.0,0.0,0.0,0.0,0.0,0.0,0.0,0.0,0.0,0.0,0.0,0.0,0,-107875648.0,69,0.0,138,0.0,-109447200.0,0,13107,17040,26215,17049,13107,17043,0,0,0,70,68,100,2.7302359370752657e+23,71.2,2.7302370179391762e+23,74.2,2.7302370179391762e+23,74.0,1,49,50,180,13107,52429,0,0,0.0,0.0,0.0,0.0,-0.0,67.0,0.0,162057.094,0.0,751,0,739,0,0,0,721,0,767,0,736,0,742,0,742,0,712,0,7520,0.032,96636764160.0,0.0,0.0,784,16797,-0.0,162057.094,-114818.039,-0.0,0.133,6.909358625270745e+28,30.0,65.0,35,0.0,0.0,0.0,0.0,0.0,0.0,0.0,0.0,0.0,0.0,0.0,0.0,0.0,0.0,0.0,0.0,69.2,0,150,71,55,65476,0,300,0,1,8,20529,65476,0,0,40632,65.0,0.0,0.0,0.0,0.0,0.0
2026-09-04T20:20:06,ERR,ERR,ERR,ERR,ERR,ERR,ERR,ERR,ERR,ERR,ERR,ERR,ERR,ERR,ERR,ERR,ERR,ERR,ERR,ERR,ERR,ERR,ERR,ERR,ERR,ERR,ERR,ERR,ERR,ERR,ERR,ERR,ERR,ERR,ERR,ERR,ERR,ERR,ERR,ERR,ERR,ERR,ERR,ERR,ERR,ERR,ERR,ERR,ERR,ERR,ERR,ERR,ERR,ERR,ERR,ERR,ERR,ERR,ERR,ERR,ERR,ERR,ERR,ERR,ERR,ERR,ERR,ERR,ERR,ERR,ERR,ERR,ERR,ERR,ERR,ERR,ERR,ERR,ERR,ERR,ERR,ERR,ERR,ERR,ERR,ERR,ERR,ERR,ERR,ERR,ERR,ERR,ERR,ERR,ERR,ERR,ERR,ERR,ERR,ERR,ERR,ERR,ERR,ERR,ERR,ERR,ERR,ERR,ERR,ERR,ERR,ERR,ERR,ERR,ERR,ERR,ERR,ERR,ERR,ERR,ERR,ERR,ERR,ERR,ERR,0.0,2.7184312818759872e+23,-100793952.0,0.0,0.0,1.3936040501711995e+18,7.805,0.0,0,0,4,0,7116,0.0,100,0.0,0.0,0.0,0.0,0.0,0,0,0,0,0.0,0,0,0,0,0,0,0,0,0,0,0,0,0,0,0,0,0,0,0,0,0,0,0,0,0,0,0,0,0,0,0,0,0,31,40,40,71,65476,0,300,0,0,8,21553,0.0,-107605600.0,0.0,0.0,0.0,0.0,0.0,0.0,0.0,0.0,0.0,0.0,0.0,0.0,0.0,0.0,0.0,0.0,0.0,0.0,0.0,0.0,-2.004,-2.004,-2.004,0.0,0.0,0.0,0.0,0.0,6271.0,-0.0,6931.0,2.718430741444032e+23,2.7184312818759872e+23,-0.0,2.718430741444032e+23,0.0,0.0,0.0,0.0,69,152018589057024.0,1.9056945127017677e+17,0.0,0.0,0.0,0.0,0.0,0.0,0.0,0,0,0,0.0,0.0,0.0,0.0,0.0,0.0,0.0,0.0,0.0,0.0,0.0,0.0,0.0,0.0,0.0,0.0,0,-107875648.0,69,0.0,138,0.0,-109447200.0,0,13107,17040,26215,17049,13107,17043,0,0,0,70,68,100,2.7302359370752657e+23,71.2,2.7302370179391762e+23,74.2,2.7302370179391762e+23,74.0,1,49,50,180,13107,52429,0,0,0.0,0.0,0.0,0.0,-0.0,67.0,0.0,162057.094,0.0,751,0,739,0,0,0,721,0,767,0,736,0,742,0,742,0,712,0,7520,0.032,96636764160.0,0.0,0.0,784,16797,-0.0,162057.094,-114818.039,-0.0,0.133,6.909358625270745e+28,30.0,65.0,35,0.0,0.0,0.0,0.0,0.0,0.0,0.0,0.0,0.0,0.0,0.0,0.0,0.0,0.0,0.0,0.0,69.2,0,150,71,55,65476,0,300,0,1,8,20529,65476,0,0,40632,65.0,0.0,0.0,0.0,0.0,0.0
2026-09-04T20:20:07,ERR,ERR,ERR,ERR,ERR,ERR,ERR,ERR,ERR,ERR,ERR,ERR,ERR,ERR,ERR,ERR,ERR,ERR,ERR,ERR,ERR,ERR,ERR,ERR,ERR,ERR,ERR,ERR,ERR,ERR,ERR,ERR,ERR,ERR,ERR,ERR,ERR,ERR,ERR,ERR,ERR,ERR,ERR,ERR,ERR,ERR,ERR,ERR,ERR,ERR,ERR,ERR,ERR,ERR,ERR,ERR,ERR,ERR,ERR,ERR,ERR,ERR,ERR,ERR,ERR,ERR,ERR,ERR,ERR,ERR,ERR,ERR,ERR,ERR,ERR,ERR,ERR,ERR,ERR,ERR,ERR,ERR,ERR,ERR,ERR,ERR,ERR,ERR,ERR,ERR,ERR,ERR,ERR,ERR,ERR,ERR,ERR,ERR,ERR,ERR,ERR,ERR,ERR,ERR,ERR,ERR,ERR,ERR,ERR,ERR,ERR,ERR,ERR,ERR,ERR,ERR,ERR,ERR,ERR,ERR,ERR,ERR,ERR,ERR,ERR,0.0,2.7184312818759872e+23,-100793952.0,0.0,0.0,1.3936040501711995e+18,7.805,0.0,0,0,4,0,7116,0.0,100,0.0,0.0,0.0,0.0,0.0,0,0,0,0,0.0,0,0,0,0,0,0,0,0,0,0,0,0,0,0,0,0,0,0,0,0,0,0,0,0,0,0,0,0,0,0,0,0,0,31,40,40,71,65476,0,300,0,0,8,21553,0.0,-107605600.0,0.0,0.0,0.0,0.0,0.0,0.0,0.0,0.0,0.0,0.0,0.0,0.0,0.0,0.0,0.0,0.0,0.0,0.0,0.0,0.0,-2.004,-2.004,-2.004,0.0,0.0,0.0,0.0,0.0,6271.0,-0.0,6931.0,2.718430741444032e+23,2.7184312818759872e+23,-0.0,2.718430741444032e+23,0.0,0.0,0.0,0.0,69,152018589057024.0,1.9056945127017677e+17,0.0,0.0,0.0,0.0,0.0,0.0,0.0,0,0,0,0.0,0.0,0.0,0.0,0.0,0.0,0.0,0.0,0.0,0.0,0.0,0.0,0.0,0.0,0.0,0.0,0,-107875648.0,69,0.0,138,0.0,-109447200.0,0,13107,17040,26215,17049,13107,17043,0,0,0,70,68,100,2.7302359370752657e+23,71.2,2.7302370179391762e+23,74.2,2.7302370179391762e+23,74.0,1,49,50,180,13107,52429,0,0,0.0,0.0,0.0,0.0,-0.0,67.0,0.0,162057.094,0.0,751,0,739,0,0,0,721,0,767,0,736,0,742,0,742,0,712,0,7520,0.032,107911053312.0,0.0,0.0,784,16797,-0.0,162057.094,-114818.039,-0.0,0.133,6.909358625270745e+28,30.0,65.0,35,0.0,0.0,0.0,0.0,0.0,0.0,0.0,0.0,0.0,0.0,0.0,0.0,0.0,0.0,0.0,0.0,69.2,0,150,71,55,65476,0,300,0,1,8,20529,65476,0,0,40632,65.0,0.0,0.0,0.0,0.0,0.0
2026-09-04T20:20:08,ERR,ERR,ERR,ERR,ERR,ERR,ERR,ERR,ERR,ERR,ERR,ERR,ERR,ERR,ERR,ERR,ERR,ERR,ERR,ERR,ERR,ERR,ERR,ERR,ERR,ERR,ERR,ERR,ERR,ERR,ERR,ERR,ERR,ERR,ERR,ERR,ERR,ERR,ERR,ERR,ERR,ERR,ERR,ERR,ERR,ERR,ERR,ERR,ERR,ERR,ERR,ERR,ERR,ERR,ERR,ERR,ERR,ERR,ERR,ERR,ERR,ERR,ERR,ERR,ERR,ERR,ERR,ERR,ERR,ERR,ERR,ERR,ERR,ERR,ERR,ERR,ERR,ERR,ERR,ERR,ERR,ERR,ERR,ERR,ERR,ERR,ERR,ERR,ERR,ERR,ERR,ERR,ERR,ERR,ERR,ERR,ERR,ERR,ERR,ERR,ERR,ERR,ERR,ERR,ERR,ERR,ERR,ERR,ERR,ERR,ERR,ERR,ERR,ERR,ERR,ERR,ERR,ERR,ERR,ERR,ERR,ERR,ERR,ERR,ERR,0.0,2.7184312818759872e+23,-100793952.0,0.0,0.0,1.3936040501711995e+18,7.805,0.0,0,0,4,0,7116,0.0,100,0.0,0.0,0.0,0.0,0.0,0,0,0,0,0.0,0,0,0,0,0,0,0,0,0,0,0,0,0,0,0,0,0,0,0,0,0,0,0,0,0,0,0,0,0,0,0,0,0,31,40,40,71,65476,0,300,0,0,8,21553,0.0,-107605600.0,0.0,0.0,0.0,0.0,0.0,0.0,0.0,0.0,0.0,0.0,0.0,0.0,0.0,0.0,0.0,0.0,0.0,0.0,0.0,0.0,-2.004,-2.004,-2.004,0.0,0.0,0.0,0.0,0.0,6271.0,-0.0,6931.0,2.718430741444032e+23,2.7184312818759872e+23,-0.0,2.718430741444032e+23,0.0,0.0,0.0,0.0,69,152018589057024.0,1.9056945127017677e+17,0.0,0.0,0.0,0.0,0.0,0.0,0.0,0,0,0,0.0,0.0,0.0,0.0,0.0,0.0,0.0,0.0,0.0,0.0,0.0,0.0,0.0,0.0,0.0,0.0,0,-107875648.0,69,0.0,138,0.0,-109447200.0,0,13107,17040,26215,17049,13107,17043,0,0,0,70,68,100,2.7302359370752657e+23,71.2,2.7302370179391762e+23,74.2,2.7302370179391762e+23,74.0,1,49,50,180,13107,52429,0,0,0.0,0.0,0.0,0.0,-0.0,67.0,0.0,162057.094,0.0,751,0,739,0,0,0,721,0,767,0,736,0,742,0,742,0,712,0,7520,0.032,107911053312.0,0.0,0.0,784,16797,-0.0,162057.094,-114818.039,-0.0,0.133,6.909358625270745e+28,30.0,65.0,35,0.0,0.0,0.0,0.0,0.0,0.0,0.0,0.0,0.0,0.0,0.0,0.0,0.0,0.0,0.0,0.0,69.2,0,150,71,55,65476,0,300,0,1,8,20529,65476,0,0,40632,65.0,0.0,0.0,0.0,0.0,0.0
2026-09-04T20:20:09,ERR,ERR,ERR,ERR,ERR,ERR,ERR,ERR,ERR,ERR,ERR,ERR,ERR,ERR,ERR,ERR,ERR,ERR,ERR,ERR,ERR,ERR,ERR,ERR,ERR,ERR,ERR,ERR,ERR,ERR,ERR,ERR,ERR,ERR,ERR,ERR,ERR,ERR,ERR,ERR,ERR,ERR,ERR,ERR,ERR,ERR,ERR,ERR,ERR,ERR,ERR,ERR,ERR,ERR,ERR,ERR,ERR,ERR,ERR,ERR,ERR,ERR,ERR,ERR,ERR,ERR,ERR,ERR,ERR,ERR,ERR,ERR,ERR,ERR,ERR,ERR,ERR,ERR,ERR,ERR,ERR,ERR,ERR,ERR,ERR,ERR,ERR,ERR,ERR,ERR,ERR,ERR,ERR,ERR,ERR,ERR,ERR,ERR,ERR,ERR,ERR,ERR,ERR,ERR,ERR,ERR,ERR,ERR,ERR,ERR,ERR,ERR,ERR,ERR,ERR,ERR,ERR,ERR,ERR,ERR,ERR,ERR,ERR,ERR,ERR,0.0,2.7184312818759872e+23,-100793952.0,0.0,0.0,1.3936040501711995e+18,7.805,0.0,0,0,4,0,7116,0.0,100,0.0,0.0,0.0,0.0,0.0,0,0,0,0,0.0,0,0,0,0,0,0,0,0,0,0,0,0,0,0,0,0,0,0,0,0,0,0,0,0,0,0,0,0,0,0,0,0,0,31,40,40,71,65476,0,300,0,0,8,21553,0.0,-107605600.0,0.0,0.0,0.0,0.0,0.0,0.0,0.0,0.0,0.0,0.0,0.0,0.0,0.0,0.0,0.0,0.0,0.0,0.0,0.0,0.0,-2.004,-2.004,-2.004,0.0,0.0,0.0,0.0,0.0,6271.0,-0.0,6931.0,2.718430741444032e+23,2.7184312818759872e+23,-0.0,2.718430741444032e+23,0.0,0.0,0.0,0.0,69,152018589057024.0,1.9056945127017677e+17,0.0,0.0,0.0,0.0,0.0,0.0,0.0,0,0,0,0.0,0.0,0.0,0.0,0.0,0.0,0.0,0.0,0.0,0.0,0.0,0.0,0.0,0.0,0.0,0.0,0,-107875648.0,69,0.0,138,0.0,-109447200.0,0,13107,17040,26215,17049,13107,17043,0,0,0,70,68,100,2.7302359370752657e+23,71.2,2.7302370179391762e+23,74.2,2.7302370179391762e+23,74.0,1,49,50,180,13107,52429,0,0,0.0,0.0,0.0,0.0,-0.0,67.0,0.0,162057.094,0.0,751,0,739,0,0,0,721,0,767,0,736,0,742,0,742,0,712,0,7520,0.032,107911053312.0,0.0,0.0,784,16797,-0.0,162057.094,-114818.039,-0.0,0.133,6.909358625270745e+28,30.0,65.0,35,0.0,0.0,0.0,0.0,0.0,0.0,0.0,0.0,0.0,0.0,0.0,0.0,0.0,0.0,0.0,0.0,69.6,0,150,71,55,65476,0,300,0,1,8,20529,65476,0,0,40632,65.0,0.0,0.0,0.0,0.0,0.0
2026-09-04T20:20:10,ERR,ERR,ERR,ERR,ERR,ERR,ERR,ERR,ERR,ERR,ERR,ERR,ERR,ERR,ERR,ERR,ERR,ERR,ERR,ERR,ERR,ERR,ERR,ERR,ERR,ERR,ERR,ERR,ERR,ERR,ERR,ERR,ERR,ERR,ERR,ERR,ERR,ERR,ERR,ERR,ERR,ERR,ERR,ERR,ERR,ERR,ERR,ERR,ERR,ERR,ERR,ERR,ERR,ERR,ERR,ERR,ERR,ERR,ERR,ERR,ERR,ERR,ERR,ERR,ERR,ERR,ERR,ERR,ERR,ERR,ERR,ERR,ERR,ERR,ERR,ERR,ERR,ERR,ERR,ERR,ERR,ERR,ERR,ERR,ERR,ERR,ERR,ERR,ERR,ERR,ERR,ERR,ERR,ERR,ERR,ERR,ERR,ERR,ERR,ERR,ERR,ERR,ERR,ERR,ERR,ERR,ERR,ERR,ERR,ERR,ERR,ERR,ERR,ERR,ERR,ERR,ERR,ERR,ERR,ERR,ERR,ERR,ERR,ERR,ERR,0.0,2.7184312818759872e+23,-100793952.0,0.0,0.0,1.3936040501711995e+18,7.805,0.0,0,0,4,0,7116,0.0,100,0.0,0.0,0.0,0.0,0.0,0,0,0,0,0.0,0,0,0,0,0,0,0,0,0,0,0,0,0,0,0,0,0,0,0,0,0,0,0,0,0,0,0,0,0,0,0,0,0,31,40,40,71,65476,0,300,0,0,8,21553,0.0,-107605600.0,0.0,0.0,0.0,0.0,0.0,0.0,0.0,0.0,0.0,0.0,0.0,0.0,0.0,0.0,0.0,0.0,0.0,0.0,0.0,0.0,-2.004,-2.004,-2.004,0.0,0.0,0.0,0.0,0.0,6271.0,-0.0,6931.0,2.718430741444032e+23,2.7184312818759872e+23,-0.0,2.718430741444032e+23,0.0,0.0,0.0,0.0,69,152018589057024.0,1.9056945127017677e+17,0.0,0.0,0.0,0.0,0.0,0.0,0.0,0,0,0,0.0,0.0,0.0,0.0,0.0,0.0,0.0,0.0,0.0,0.0,0.0,0.0,0.0,0.0,0.0,0.0,0,-107875648.0,69,0.0,138,0.0,-109447200.0,0,13107,17040,26215,17049,13107,17043,0,0,0,70,68,100,2.7302359370752657e+23,71.2,2.7302370179391762e+23,74.2,2.7302370179391762e+23,74.0,1,49,50,180,13107,52429,0,0,0.0,0.0,0.0,0.0,-0.0,67.0,0.0,162057.094,0.0,751,0,739,0,0,0,721,0,767,0,736,0,742,0,742,0,712,0,7520,0.032,107911053312.0,0.0,0.0,784,16797,-0.0,162057.094,-114818.039,-0.0,0.133,6.909358625270745e+28,30.0,65.0,35,0.0,0.0,0.0,0.0,0.0,0.0,0.0,0.0,0.0,0.0,0.0,0.0,0.0,0.0,0.0,0.0,69.6,0,150,71,55,65476,0,300,0,1,8,20529,65476,0,0,40632,65.0,0.0,0.0,0.0,0.0,0.0
2026-09-04T20:20:11,ERR,ERR,ERR,ERR,ERR,ERR,ERR,ERR,ERR,ERR,ERR,ERR,ERR,ERR,ERR,ERR,ERR,ERR,ERR,ERR,ERR,ERR,ERR,ERR,ERR,ERR,ERR,ERR,ERR,ERR,ERR,ERR,ERR,ERR,ERR,ERR,ERR,ERR,ERR,ERR,ERR,ERR,ERR,ERR,ERR,ERR,ERR,ERR,ERR,ERR,ERR,ERR,ERR,ERR,ERR,ERR,ERR,ERR,ERR,ERR,ERR,ERR,ERR,ERR,ERR,ERR,ERR,ERR,ERR,ERR,ERR,ERR,ERR,ERR,ERR,ERR,ERR,ERR,ERR,ERR,ERR,ERR,ERR,ERR,ERR,ERR,ERR,ERR,ERR,ERR,ERR,ERR,ERR,ERR,ERR,ERR,ERR,ERR,ERR,ERR,ERR,ERR,ERR,ERR,ERR,ERR,ERR,ERR,ERR,ERR,ERR,ERR,ERR,ERR,ERR,ERR,ERR,ERR,ERR,ERR,ERR,ERR,ERR,ERR,ERR,0.0,2.7184312818759872e+23,-100793952.0,0.0,0.0,1.3936040501711995e+18,7.805,0.0,0,0,4,0,7116,0.0,100,0.0,0.0,0.0,0.0,0.0,0,0,0,0,0.0,0,0,0,0,0,0,0,0,0,0,0,0,0,0,0,0,0,0,0,0,0,0,0,0,0,0,0,0,0,0,0,0,0,31,40,40,71,65476,0,300,0,0,8,21553,0.0,-107605600.0,0.0,0.0,0.0,0.0,0.0,0.0,0.0,0.0,0.0,0.0,0.0,0.0,0.0,0.0,0.0,0.0,0.0,0.0,0.0,0.0,-2.004,-2.004,-2.004,0.0,0.0,0.0,0.0,0.0,6271.0,-0.0,6931.0,2.718430741444032e+23,2.7184312818759872e+23,-0.0,2.718430741444032e+23,0.0,0.0,0.0,0.0,69,152018589057024.0,1.9056945127017677e+17,0.0,0.0,0.0,0.0,0.0,0.0,0.0,0,0,0,0.0,0.0,0.0,0.0,0.0,0.0,0.0,0.0,0.0,0.0,0.0,0.0,0.0,0.0,0.0,0.0,0,-107875648.0,69,0.0,138,0.0,-109447200.0,0,13107,17040,26215,17049,13107,17043,0,0,0,70,68,100,2.7302359370752657e+23,71.2,2.7302370179391762e+23,74.2,2.7302370179391762e+23,74.0,1,49,50,180,13107,52429,0,0,0.0,0.0,0.0,0.0,-0.0,67.0,0.0,162057.094,0.0,751,0,739,0,0,0,721,0,767,0,736,0,742,0,742,0,712,0,7520,0.032,107911053312.0,0.0,0.0,784,16797,-0.0,162057.094,-114818.039,-0.0,0.133,6.909358625270745e+28,30.0,65.0,35,0.0,0.0,0.0,0.0,0.0,0.0,0.0,0.0,0.0,0.0,0.0,0.0,0.0,0.0,0.0,0.0,69.6,0,150,71,55,65476,0,300,0,1,8,20529,65476,0,0,40632,65.0,0.0,0.0,0.0,0.0,0.0
2026-09-04T20:20:12,ERR,ERR,ERR,ERR,ERR,ERR,ERR,ERR,ERR,ERR,ERR,ERR,ERR,ERR,ERR,ERR,ERR,ERR,ERR,ERR,ERR,ERR,ERR,ERR,ERR,ERR,ERR,ERR,ERR,ERR,ERR,ERR,ERR,ERR,ERR,ERR,ERR,ERR,ERR,ERR,ERR,ERR,ERR,ERR,ERR,ERR,ERR,ERR,ERR,ERR,ERR,ERR,ERR,ERR,ERR,ERR,ERR,ERR,ERR,ERR,ERR,ERR,ERR,ERR,ERR,ERR,ERR,ERR,ERR,ERR,ERR,ERR,ERR,ERR,ERR,ERR,ERR,ERR,ERR,ERR,ERR,ERR,ERR,ERR,ERR,ERR,ERR,ERR,ERR,ERR,ERR,ERR,ERR,ERR,ERR,ERR,ERR,ERR,ERR,ERR,ERR,ERR,ERR,ERR,ERR,ERR,ERR,ERR,ERR,ERR,ERR,ERR,ERR,ERR,ERR,ERR,ERR,ERR,ERR,ERR,ERR,ERR,ERR,ERR,ERR,0.0,2.7184312818759872e+23,-100793952.0,0.0,0.0,1.3936040501711995e+18,7.805,0.0,0,0,4,0,7116,0.0,100,0.0,0.0,0.0,0.0,0.0,0,0,0,0,0.0,0,0,0,0,0,0,0,0,0,0,0,0,0,0,0,0,0,0,0,0,0,0,0,0,0,0,0,0,0,0,0,0,0,31,40,40,71,65476,0,300,0,0,8,21553,0.0,-107605600.0,0.0,0.0,0.0,0.0,0.0,0.0,0.0,0.0,0.0,0.0,0.0,0.0,0.0,0.0,0.0,0.0,0.0,0.0,0.0,0.0,-2.004,-2.004,-2.004,-2.004,0.0,0.0,0.0,0.0,6276.0,1.0406703326171292e+34,6927.0,0.0,2.7184312818759872e+23,-0.0,2.718430741444032e+23,0.0,0.0,0.0,0.0,69,5.848086582142772e+35,5.8480758863408324e+35,0.0,0.0,0.0,0.0,0.0,0.0,0.0,0,0,0,0.0,0.0,0.0,0.0,0.0,0.0,0.0,0.0,0.0,0.0,0.0,0.0,0.0,0.0,0.0,0.0,0,-107875648.0,69,0.0,138,0.0,-109447200.0,0,13107,17040,13107,17049,13107,17043,0,0,0,70,68,100,2.7302359370752657e+23,71.2,2.7302370179391762e+23,74.2,2.7302370179391762e+23,74.0,1,49,50,180,13107,52429,0,0,0.0,0.0,0.0,0.0,-0.0,67.0,0.0,162057.094,0.0,751,0,739,0,0,0,721,0,767,0,736,0,742,0,742,0,712,0,7520,0.032,107911053312.0,0.0,0.0,784,16797,-0.0,162057.094,-114818.039,-0.0,0.133,6.909358625270745e+28,30.0,65.0,35,0.0,0.0,0.0,0.0,0.0,0.0,0.0,0.0,0.0,0.0,0.0,0.0,0.0,0.0,0.0,0.0,69.2,0,150,71,55,65476,0,300,0,1,8,20529,65476,0,0,40632,65.0,0.0,0.0,0.0,0.0,0.0
2026-09-04T20:20:13,ERR,ERR,ERR,ERR,ERR,ERR,ERR,ERR,ERR,ERR,ERR,ERR,ERR,ERR,ERR,ERR,ERR,ERR,ERR,ERR,ERR,ERR,ERR,ERR,ERR,ERR,ERR,ERR,ERR,ERR,ERR,ERR,ERR,ERR,ERR,ERR,ERR,ERR,ERR,ERR,ERR,ERR,ERR,ERR,ERR,ERR,ERR,ERR,ERR,ERR,ERR,ERR,ERR,ERR,ERR,ERR,ERR,ERR,ERR,ERR,ERR,ERR,ERR,ERR,ERR,ERR,ERR,ERR,ERR,ERR,ERR,ERR,ERR,ERR,ERR,ERR,ERR,ERR,ERR,ERR,ERR,ERR,ERR,ERR,ERR,ERR,ERR,ERR,ERR,ERR,ERR,ERR,ERR,ERR,ERR,ERR,ERR,ERR,ERR,ERR,ERR,ERR,ERR,ERR,ERR,ERR,ERR,ERR,ERR,ERR,ERR,ERR,ERR,ERR,ERR,ERR,ERR,ERR,ERR,ERR,ERR,ERR,ERR,ERR,ERR,0.0,2.7184312818759872e+23,-100793952.0,0.0,0.0,1.3936040501711995e+18,7.805,0.0,0,0,4,0,7116,0.0,100,0.0,0.0,0.0,0.0,0.0,0,0,0,0,0.0,0,0,0,0,0,0,0,0,0,0,0,0,0,0,0,0,0,0,0,0,0,0,0,0,0,0,0,0,0,0,0,0,0,31,40,40,71,65476,0,300,0,0,8,21553,0.0,-107605600.0,0.0,0.0,0.0,0.0,0.0,0.0,0.0,0.0,0.0,0.0,0.0,0.0,0.0,0.0,0.0,0.0,0.0,0.0,0.0,0.0,-2.004,-2.004,-2.004,-2.004,0.0,0.0,0.0,0.0,6276.0,1.0406703326171292e+34,6927.0,0.0,2.7184312818759872e+23,-0.0,2.718430741444032e+23,0.0,0.0,0.0,0.0,69,5.848086582142772e+35,5.8480758863408324e+35,0.0,0.0,0.0,0.0,0.0,0.0,0.0,0,0,0,0.0,0.0,0.0,0.0,0.0,0.0,0.0,0.0,0.0,0.0,0.0,0.0,0.0,0.0,0.0,0.0,0,-107875648.0,69,0.0,138,0.0,-109447200.0,0,13107,17040,13107,17049,13107,17043,0,0,0,70,68,100,2.7302359370752657e+23,71.2,2.7302370179391762e+23,74.2,2.7302370179391762e+23,74.0,1,49,50,180,13107,52429,0,0,0.0,0.0,0.0,0.0,-0.0,67.0,0.0,162057.094,0.0,751,0,739,0,0,0,721,0,767,0,736,0,742,0,742,0,712,0,7520,0.032,107911053312.0,0.0,0.0,784,16797,-0.0,162057.094,-114818.039,-0.0,0.133,6.909358625270745e+28,30.0,65.0,35,0.0,0.0,0.0,0.0,0.0,0.0,0.0,0.0,0.0,0.0,0.0,0.0,0.0,0.0,0.0,0.0,69.2,0,150,71,55,65476,0,300,0,1,8,20529,65476,0,0,40632,65.0,0.0,0.0,0.0,0.0,0.0
2026-09-04T20:20:14,ERR,ERR,ERR,ERR,ERR,ERR,ERR,ERR,ERR,ERR,ERR,ERR,ERR,ERR,ERR,ERR,ERR,ERR,ERR,ERR,ERR,ERR,ERR,ERR,ERR,ERR,ERR,ERR,ERR,ERR,ERR,ERR,ERR,ERR,ERR,ERR,ERR,ERR,ERR,ERR,ERR,ERR,ERR,ERR,ERR,ERR,ERR,ERR,ERR,ERR,ERR,ERR,ERR,ERR,ERR,ERR,ERR,ERR,ERR,ERR,ERR,ERR,ERR,ERR,ERR,ERR,ERR,ERR,ERR,ERR,ERR,ERR,ERR,ERR,ERR,ERR,ERR,ERR,ERR,ERR,ERR,ERR,ERR,ERR,ERR,ERR,ERR,ERR,ERR,ERR,ERR,ERR,ERR,ERR,ERR,ERR,ERR,ERR,ERR,ERR,ERR,ERR,ERR,ERR,ERR,ERR,ERR,ERR,ERR,ERR,ERR,ERR,ERR,ERR,ERR,ERR,ERR,ERR,ERR,ERR,ERR,ERR,ERR,ERR,ERR,0.0,2.7184312818759872e+23,-100793952.0,0.0,0.0,1.3936040501711995e+18,7.805,0.0,0,0,4,0,7116,0.0,100,0.0,0.0,0.0,0.0,0.0,0,0,0,0,0.0,0,0,0,0,0,0,0,0,0,0,0,0,0,0,0,0,0,0,0,0,0,0,0,0,0,0,0,0,0,0,0,0,0,31,40,40,71,65476,0,300,0,0,8,21553,0.0,-107605600.0,0.0,0.0,0.0,0.0,0.0,0.0,0.0,0.0,0.0,0.0,0.0,0.0,0.0,0.0,0.0,0.0,0.0,0.0,0.0,0.0,-2.004,-2.004,-2.004,-2.004,0.0,0.0,0.0,0.0,6276.0,1.0406703326171292e+34,6927.0,0.0,2.7184312818759872e+23,-0.0,2.718430741444032e+23,0.0,0.0,0.0,0.0,69,5.848086582142772e+35,5.8480758863408324e+35,0.0,0.0,0.0,0.0,0.0,0.0,0.0,0,0,0,0.0,0.0,0.0,0.0,0.0,0.0,0.0,0.0,0.0,0.0,0.0,0.0,0.0,0.0,0.0,0.0,0,-107875648.0,69,0.0,138,0.0,-109447200.0,0,13107,17040,13107,17049,13107,17043,0,0,0,70,68,100,2.7302359370752657e+23,71.2,2.7302370179391762e+23,74.2,2.7302370179391762e+23,74.0,1,49,50,180,13107,52429,0,0,0.0,0.0,0.0,0.0,-0.0,67.0,0.0,162057.094,0.0,751,0,739,0,0,0,721,0,767,0,736,0,742,0,742,0,712,0,7520,0.032,107911053312.0,0.0,0.0,784,16797,-0.0,162057.094,-114818.039,-0.0,0.133,6.909358625270745e+28,30.0,65.0,35,0.0,0.0,0.0,0.0,0.0,0.0,0.0,0.0,0.0,0.0,0.0,0.0,0.0,0.0,0.0,0.0,69.2,0,150,71,55,65476,0,300,0,1,8,20529,65476,0,0,40632,65.0,0.0,0.0,0.0,0.0,0.0
2026-09-04T20:20:15,ERR,ERR,ERR,ERR,ERR,ERR,ERR,ERR,ERR,ERR,ERR,ERR,ERR,ERR,ERR,ERR,ERR,ERR,ERR,ERR,ERR,ERR,ERR,ERR,ERR,ERR,ERR,ERR,ERR,ERR,ERR,ERR,ERR,ERR,ERR,ERR,ERR,ERR,ERR,ERR,ERR,ERR,ERR,ERR,ERR,ERR,ERR,ERR,ERR,ERR,ERR,ERR,ERR,ERR,ERR,ERR,ERR,ERR,ERR,ERR,ERR,ERR,ERR,ERR,ERR,ERR,ERR,ERR,ERR,ERR,ERR,ERR,ERR,ERR,ERR,ERR,ERR,ERR,ERR,ERR,ERR,ERR,ERR,ERR,ERR,ERR,ERR,ERR,ERR,ERR,ERR,ERR,ERR,ERR,ERR,ERR,ERR,ERR,ERR,ERR,ERR,ERR,ERR,ERR,ERR,ERR,ERR,ERR,ERR,ERR,ERR,ERR,ERR,ERR,ERR,ERR,ERR,ERR,ERR,ERR,ERR,ERR,ERR,ERR,ERR,0.0,2.7184312818759872e+23,-100793952.0,0.0,0.0,1.3936040501711995e+18,7.805,0.0,0,0,4,0,7116,0.0,100,0.0,0.0,0.0,0.0,0.0,0,0,0,0,0.0,0,0,0,0,0,0,0,0,0,0,0,0,0,0,0,0,0,0,0,0,0,0,0,0,0,0,0,0,0,0,0,0,0,31,40,40,71,65476,0,300,0,0,8,21553,0.0,-107605600.0,0.0,0.0,0.0,0.0,0.0,0.0,0.0,0.0,0.0,0.0,0.0,0.0,0.0,0.0,0.0,0.0,0.0,0.0,0.0,0.0,-2.004,-2.004,-2.004,-2.004,0.0,0.0,0.0,0.0,6276.0,1.0406703326171292e+34,6927.0,0.0,2.7184312818759872e+23,-0.0,2.718430741444032e+23,0.0,0.0,0.0,0.0,69,5.848086582142772e+35,5.8480758863408324e+35,0.0,0.0,0.0,0.0,0.0,0.0,0.0,0,0,0,0.0,0.0,0.0,0.0,0.0,0.0,0.0,0.0,0.0,0.0,0.0,0.0,0.0,0.0,0.0,0.0,0,-107875648.0,69,0.0,138,0.0,-109447200.0,0,13107,17040,13107,17049,13107,17043,0,0,0,70,68,100,2.7302359370752657e+23,71.2,2.7302370179391762e+23,74.2,2.7302370179391762e+23,74.0,1,49,50,180,13107,52429,0,0,0.0,0.0,0.0,0.0,-0.0,67.0,0.0,162057.094,0.0,751,0,739,0,0,0,721,0,767,0,736,0,742,0,742,0,712,0,7520,0.032,107911053312.0,0.0,0.0,784,16797,-0.0,162057.094,-114818.039,-0.0,0.133,6.909358625270745e+28,30.0,65.0,35,0.0,0.0,0.0,0.0,0.0,0.0,0.0,0.0,0.0,0.0,0.0,0.0,0.0,0.0,0.0,0.0,69.2,0,150,71,55,65476,0,300,0,1,8,20529,65476,0,0,40632,65.0,0.0,0.0,0.0,0.0,0.0
2026-09-04T20:20:16,ERR,ERR,ERR,ERR,ERR,ERR,ERR,ERR,ERR,ERR,ERR,ERR,ERR,ERR,ERR,ERR,ERR,ERR,ERR,ERR,ERR,ERR,ERR,ERR,ERR,ERR,ERR,ERR,ERR,ERR,ERR,ERR,ERR,ERR,ERR,ERR,ERR,ERR,ERR,ERR,ERR,ERR,ERR,ERR,ERR,ERR,ERR,ERR,ERR,ERR,ERR,ERR,ERR,ERR,ERR,ERR,ERR,ERR,ERR,ERR,ERR,ERR,ERR,ERR,ERR,ERR,ERR,ERR,ERR,ERR,ERR,ERR,ERR,ERR,ERR,ERR,ERR,ERR,ERR,ERR,ERR,ERR,ERR,ERR,ERR,ERR,ERR,ERR,ERR,ERR,ERR,ERR,ERR,ERR,ERR,ERR,ERR,ERR,ERR,ERR,ERR,ERR,ERR,ERR,ERR,ERR,ERR,ERR,ERR,ERR,ERR,ERR,ERR,ERR,ERR,ERR,ERR,ERR,ERR,ERR,ERR,ERR,ERR,ERR,ERR,0.0,2.7184312818759872e+23,-100793952.0,0.0,0.0,1.3936040501711995e+18,7.805,0.0,0,0,4,0,7116,0.0,100,0.0,0.0,0.0,0.0,0.0,0,0,0,0,0.0,0,0,0,0,0,0,0,0,0,0,0,0,0,0,0,0,0,0,0,0,0,0,0,0,0,0,0,0,0,0,0,0,0,31,40,40,71,65476,0,300,0,0,8,21553,0.0,-107605600.0,0.0,0.0,0.0,0.0,0.0,0.0,0.0,0.0,0.0,0.0,0.0,0.0,0.0,0.0,0.0,0.0,0.0,0.0,0.0,0.0,-2.004,-2.004,-2.004,-2.004,0.0,0.0,0.0,0.0,6276.0,1.0406703326171292e+34,6927.0,0.0,2.7184312818759872e+23,-0.0,2.718430741444032e+23,0.0,0.0,0.0,0.0,69,5.848086582142772e+35,5.8480758863408324e+35,0.0,0.0,0.0,0.0,0.0,0.0,0.0,0,0,0,0.0,0.0,0.0,0.0,0.0,0.0,0.0,0.0,0.0,0.0,0.0,0.0,0.0,0.0,0.0,0.0,0,-107875648.0,69,0.0,138,0.0,-109447200.0,0,13107,17040,13107,17049,13107,17043,0,0,0,70,68,100,2.7302359370752657e+23,71.2,2.7302370179391762e+23,74.2,2.7302370179391762e+23,74.0,1,49,50,180,13107,52429,0,0,0.0,0.0,0.0,0.0,-0.0,67.0,0.0,162057.094,0.0,751,0,739,0,0,0,721,0,767,0,736,0,742,0,742,0,712,0,7520,0.032,107911053312.0,0.0,0.0,784,16797,-0.0,162057.094,-114818.039,-0.0,0.133,6.909358625270745e+28,30.0,65.0,35,0.0,0.0,0.0,0.0,0.0,0.0,0.0,0.0,0.0,0.0,0.0,0.0,0.0,0.0,0.0,0.0,69.2,0,150,71,55,65476,0,300,0,1,8,20529,65476,0,0,40632,65.0,0.0,0.0,0.0,0.0,0.0
2026-09-04T20:20:17,ERR,ERR,ERR,ERR,ERR,ERR,ERR,ERR,ERR,ERR,ERR,ERR,ERR,ERR,ERR,ERR,ERR,ERR,ERR,ERR,ERR,ERR,ERR,ERR,ERR,ERR,ERR,ERR,ERR,ERR,ERR,ERR,ERR,ERR,ERR,ERR,ERR,ERR,ERR,ERR,ERR,ERR,ERR,ERR,ERR,ERR,ERR,ERR,ERR,ERR,ERR,ERR,ERR,ERR,ERR,ERR,ERR,ERR,ERR,ERR,ERR,ERR,ERR,ERR,ERR,ERR,ERR,ERR,ERR,ERR,ERR,ERR,ERR,ERR,ERR,ERR,ERR,ERR,ERR,ERR,ERR,ERR,ERR,ERR,ERR,ERR,ERR,ERR,ERR,ERR,ERR,ERR,ERR,ERR,ERR,ERR,ERR,ERR,ERR,ERR,ERR,ERR,ERR,ERR,ERR,ERR,ERR,ERR,ERR,ERR,ERR,ERR,ERR,ERR,ERR,ERR,ERR,ERR,ERR,ERR,ERR,ERR,ERR,ERR,ERR,0.0,2.7184312818759872e+23,-100793952.0,0.0,0.0,1.3936040501711995e+18,7.805,0.0,0,0,4,0,7116,0.0,100,0.0,0.0,0.0,0.0,0.0,0,0,0,0,0.0,0,0,0,0,0,0,0,0,0,0,0,0,0,0,0,0,0,0,0,0,0,0,0,0,0,0,0,0,0,0,0,0,0,31,40,40,71,65476,0,300,0,0,8,21553,0.0,-107605600.0,0.0,0.0,0.0,0.0,0.0,0.0,0.0,0.0,0.0,0.0,0.0,0.0,0.0,0.0,0.0,0.0,0.0,0.0,0.0,0.0,-2.004,-2.004,-2.004,-2.004,0.0,0.0,0.0,0.0,6276.0,1.0406703326171292e+34,6927.0,0.0,2.7184312818759872e+23,-0.0,2.718430741444032e+23,0.0,0.0,0.0,0.0,69,5.848086582142772e+35,5.8480758863408324e+35,0.0,0.0,0.0,0.0,0.0,0.0,0.0,0,0,0,0.0,0.0,0.0,0.0,0.0,0.0,0.0,0.0,0.0,0.0,0.0,0.0,0.0,0.0,0.0,0.0,0,-107875648.0,69,0.0,138,0.0,-109447200.0,0,13107,17040,13107,17049,13107,17043,0,0,0,70,68,100,2.7302359370752657e+23,71.2,2.7302370179391762e+23,74.2,2.7302370179391762e+23,74.0,1,49,50,180,13107,52429,0,0,0.0,0.0,0.0,0.0,-0.0,67.0,0.0,162057.094,0.0,751,0,739,0,0,0,721,0,767,0,736,0,742,0,742,0,712,0,7520,0.032,107911053312.0,0.0,0.0,784,16797,-0.0,162057.094,-114818.039,-0.0,0.133,6.909358625270745e+28,30.0,65.0,35,0.0,0.0,0.0,0.0,0.0,0.0,0.0,0.0,0.0,0.0,0.0,0.0,0.0,0.0,0.0,0.0,69.2,0,150,71,55,65476,0,300,0,1,8,20529,65476,0,0,40632,65.0,0.0,0.0,0.0,0.0,0.0
2026-09-04T20:20:18,ERR,ERR,ERR,ERR,ERR,ERR,ERR,ERR,ERR,ERR,ERR,ERR,ERR,ERR,ERR,ERR,ERR,ERR,ERR,ERR,ERR,ERR,ERR,ERR,ERR,ERR,ERR,ERR,ERR,ERR,ERR,ERR,ERR,ERR,ERR,ERR,ERR,ERR,ERR,ERR,ERR,ERR,ERR,ERR,ERR,ERR,ERR,ERR,ERR,ERR,ERR,ERR,ERR,ERR,ERR,ERR,ERR,ERR,ERR,ERR,ERR,ERR,ERR,ERR,ERR,ERR,ERR,ERR,ERR,ERR,ERR,ERR,ERR,ERR,ERR,ERR,ERR,ERR,ERR,ERR,ERR,ERR,ERR,ERR,ERR,ERR,ERR,ERR,ERR,ERR,ERR,ERR,ERR,ERR,ERR,ERR,ERR,ERR,ERR,ERR,ERR,ERR,ERR,ERR,ERR,ERR,ERR,ERR,ERR,ERR,ERR,ERR,ERR,ERR,ERR,ERR,ERR,ERR,ERR,ERR,ERR,ERR,ERR,ERR,ERR,0.0,2.7184312818759872e+23,-100793952.0,0.0,0.0,1.3936040501711995e+18,7.805,0.0,0,0,4,0,7116,0.0,100,0.0,0.0,0.0,0.0,0.0,0,0,0,0,0.0,0,0,0,0,0,0,0,0,0,0,0,0,0,0,0,0,0,0,0,0,0,0,0,0,0,0,0,0,0,0,0,0,0,31,40,40,71,65476,0,300,0,0,8,21553,0.0,-107605600.0,0.0,0.0,0.0,0.0,0.0,0.0,0.0,0.0,0.0,0.0,0.0,0.0,0.0,0.0,0.0,0.0,0.0,0.0,0.0,0.0,-2.004,-2.004,-2.004,-2.004,0.0,0.0,0.0,0.0,6276.0,1.0406703326171292e+34,6927.0,0.0,2.7184312818759872e+23,-0.0,2.718430741444032e+23,0.0,0.0,0.0,0.0,69,5.848086582142772e+35,5.8480758863408324e+35,0.0,0.0,0.0,0.0,0.0,0.0,0.0,0,0,0,0.0,0.0,0.0,0.0,0.0,0.0,0.0,0.0,0.0,0.0,0.0,0.0,0.0,0.0,0.0,0.0,0,-107875648.0,69,0.0,138,0.0,-109447200.0,0,13107,17040,26215,17049,13107,17043,0,0,0,70,68,100,2.7302359370752657e+23,71.1,2.7302370179391762e+23,74.2,2.7302370179391762e+23,74.0,1,49,50,180,13107,52429,0,0,0.0,0.0,0.0,0.0,-0.0,67.0,0.0,162057.094,0.0,751,0,739,0,0,0,721,0,767,0,736,0,742,0,742,0,712,0,7520,0.032,79456894976.0,0.0,0.0,784,16797,-0.0,162057.094,-114818.039,-0.0,0.133,6.909358625270745e+28,30.0,65.0,35,0.0,0.0,0.0,0.0,0.0,0.0,0.0,0.0,0.0,0.0,0.0,0.0,0.0,0.0,0.0,0.0,69.2,0,150,71,55,65476,0,300,0,1,8,20529,65476,0,0,40632,65.0,0.0,0.0,0.0,0.0,0.0
2026-09-04T20:20:19,ERR,ERR,ERR,ERR,ERR,ERR,ERR,ERR,ERR,ERR,ERR,ERR,ERR,ERR,ERR,ERR,ERR,ERR,ERR,ERR,ERR,ERR,ERR,ERR,ERR,ERR,ERR,ERR,ERR,ERR,ERR,ERR,ERR,ERR,ERR,ERR,ERR,ERR,ERR,ERR,ERR,ERR,ERR,ERR,ERR,ERR,ERR,ERR,ERR,ERR,ERR,ERR,ERR,ERR,ERR,ERR,ERR,ERR,ERR,ERR,ERR,ERR,ERR,ERR,ERR,ERR,ERR,ERR,ERR,ERR,ERR,ERR,ERR,ERR,ERR,ERR,ERR,ERR,ERR,ERR,ERR,ERR,ERR,ERR,ERR,ERR,ERR,ERR,ERR,ERR,ERR,ERR,ERR,ERR,ERR,ERR,ERR,ERR,ERR,ERR,ERR,ERR,ERR,ERR,ERR,ERR,ERR,ERR,ERR,ERR,ERR,ERR,ERR,ERR,ERR,ERR,ERR,ERR,ERR,ERR,ERR,ERR,ERR,ERR,ERR,0.0,2.7184312818759872e+23,-100793952.0,0.0,0.0,1.3936040501711995e+18,7.805,0.0,0,0,4,0,7116,0.0,100,0.0,0.0,0.0,0.0,0.0,0,0,0,0,0.0,0,0,0,0,0,0,0,0,0,0,0,0,0,0,0,0,0,0,0,0,0,0,0,0,0,0,0,0,0,0,0,0,0,31,40,40,71,65476,0,300,0,0,8,21553,0.0,-107605600.0,0.0,0.0,0.0,0.0,0.0,0.0,0.0,0.0,0.0,0.0,0.0,0.0,0.0,0.0,0.0,0.0,0.0,0.0,0.0,0.0,-2.004,-2.004,-2.004,-2.004,0.0,0.0,0.0,0.0,6276.0,1.0406703326171292e+34,6927.0,0.0,2.7184312818759872e+23,-0.0,2.718430741444032e+23,0.0,0.0,0.0,0.0,69,5.848086582142772e+35,5.8480758863408324e+35,0.0,0.0,0.0,0.0,0.0,0.0,0.0,0,0,0,0.0,0.0,0.0,0.0,0.0,0.0,0.0,0.0,0.0,0.0,0.0,0.0,0.0,0.0,0.0,0.0,0,-107875648.0,69,0.0,138,0.0,-109447200.0,0,13107,17040,26215,17049,13107,17043,0,0,0,70,68,100,2.7302359370752657e+23,71.1,2.7302370179391762e+23,74.2,2.7302370179391762e+23,74.0,1,49,50,180,13107,52429,0,0,0.0,0.0,0.0,0.0,-0.0,67.0,0.0,162057.094,0.0,751,0,739,0,0,0,721,0,767,0,736,0,742,0,742,0,712,0,7520,0.032,79456894976.0,0.0,0.0,784,16797,-0.0,162057.094,-114818.039,-0.0,0.133,6.909358625270745e+28,30.0,65.0,35,0.0,0.0,0.0,0.0,0.0,0.0,0.0,0.0,0.0,0.0,0.0,0.0,0.0,0.0,0.0,0.0,69.2,0,150,71,55,65476,0,300,0,1,8,20529,65476,0,0,40632,65.0,0.0,0.0,0.0,0.0,0.0
2026-09-04T20:20:20,ERR,ERR,ERR,ERR,ERR,ERR,ERR,ERR,ERR,ERR,ERR,ERR,ERR,ERR,ERR,ERR,ERR,ERR,ERR,ERR,ERR,ERR,ERR,ERR,ERR,ERR,ERR,ERR,ERR,ERR,ERR,ERR,ERR,ERR,ERR,ERR,ERR,ERR,ERR,ERR,ERR,ERR,ERR,ERR,ERR,ERR,ERR,ERR,ERR,ERR,ERR,ERR,ERR,ERR,ERR,ERR,ERR,ERR,ERR,ERR,ERR,ERR,ERR,ERR,ERR,ERR,ERR,ERR,ERR,ERR,ERR,ERR,ERR,ERR,ERR,ERR,ERR,ERR,ERR,ERR,ERR,ERR,ERR,ERR,ERR,ERR,ERR,ERR,ERR,ERR,ERR,ERR,ERR,ERR,ERR,ERR,ERR,ERR,ERR,ERR,ERR,ERR,ERR,ERR,ERR,ERR,ERR,ERR,ERR,ERR,ERR,ERR,ERR,ERR,ERR,ERR,ERR,ERR,ERR,ERR,ERR,ERR,ERR,ERR,ERR,2.718430741444032e+23,2.7184312818759872e+23,0.0,0.0,0.0,1.3936040501711995e+18,7.805,0.0,0,0,4,0,7116,0.0,100,0.0,0.0,0.0,0.0,0.0,0,0,0,0,0.0,0,0,0,0,0,0,0,0,0,0,0,0,0,0,0,0,0,0,0,0,0,0,0,0,0,0,0,0,0,0,0,0,0,31,40,40,71,65476,0,300,0,0,8,21553,0.0,-107605600.0,0.0,0.0,0.0,0.0,0.0,0.0,0.0,0.0,0.0,0.0,0.0,0.0,0.0,0.0,0.0,0.0,0.0,0.0,0.0,0.0,0.0,-2.004,-2.004,0.0,0.0,0.0,0.0,0.0,6276.0,564148517732352.0,6923.0,0.0,2.7184312818759872e+23,-0.0,0.0,0.0,0.0,0.0,0.0,69,-0.0,126840954880.0,0.0,0.0,0.0,0.0,0.0,0.0,0.0,0,0,0,0.0,0.0,0.0,0.0,0.0,0.0,0.0,0.0,0.0,0.0,0.0,0.0,0.0,0.0,0.0,0.0,0,-107875648.0,69,0.0,138,0.0,-109447200.0,0,13107,17040,26215,17049,13107,17043,0,0,0,70,68,100,2.7302359370752657e+23,71.1,2.7302370179391762e+23,74.2,2.7302370179391762e+23,74.0,1,49,50,180,13107,52429,0,0,0.0,0.0,0.0,0.0,-0.0,67.0,0.0,162057.094,0.0,751,0,739,0,0,0,721,0,767,0,736,0,742,0,742,0,712,0,7520,0.032,79456894976.0,0.0,0.0,784,16797,-0.0,162057.094,-114818.039,-0.0,0.133,6.909358625270745e+28,30.0,65.0,35,0.0,0.0,0.0,0.0,0.0,0.0,0.0,0.0,0.0,0.0,0.0,0.0,0.0,0.0,0.0,0.0,69.2,0,150,71,55,65476,0,300,0,1,8,20529,65476,0,0,40632,65.0,0.0,0.0,0.0,0.0,0.0
2026-09-04T20:20:21,ERR,ERR,ERR,ERR,ERR,ERR,ERR,ERR,ERR,ERR,ERR,ERR,ERR,ERR,ERR,ERR,ERR,ERR,ERR,ERR,ERR,ERR,ERR,ERR,ERR,ERR,ERR,ERR,ERR,ERR,ERR,ERR,ERR,ERR,ERR,ERR,ERR,ERR,ERR,ERR,ERR,ERR,ERR,ERR,ERR,ERR,ERR,ERR,ERR,ERR,ERR,ERR,ERR,ERR,ERR,ERR,ERR,ERR,ERR,ERR,ERR,ERR,ERR,ERR,ERR,ERR,ERR,ERR,ERR,ERR,ERR,ERR,ERR,ERR,ERR,ERR,ERR,ERR,ERR,ERR,ERR,ERR,ERR,ERR,ERR,ERR,ERR,ERR,ERR,ERR,ERR,ERR,ERR,ERR,ERR,ERR,ERR,ERR,ERR,ERR,ERR,ERR,ERR,ERR,ERR,ERR,ERR,ERR,ERR,ERR,ERR,ERR,ERR,ERR,ERR,ERR,ERR,ERR,ERR,ERR,ERR,ERR,ERR,ERR,ERR,2.718430741444032e+23,2.7184312818759872e+23,0.0,0.0,0.0,1.3936040501711995e+18,7.805,0.0,0,0,4,0,7116,0.0,100,0.0,0.0,0.0,0.0,0.0,0,0,0,0,0.0,0,0,0,0,0,0,0,0,0,0,0,0,0,0,0,0,0,0,0,0,0,0,0,0,0,0,0,0,0,0,0,0,0,31,40,40,71,65476,0,300,0,0,8,21553,0.0,-107605600.0,0.0,0.0,0.0,0.0,0.0,0.0,0.0,0.0,0.0,0.0,0.0,0.0,0.0,0.0,0.0,0.0,0.0,0.0,0.0,0.0,0.0,-2.004,-2.004,0.0,0.0,0.0,0.0,0.0,6276.0,564148517732352.0,6923.0,0.0,2.7184312818759872e+23,-0.0,0.0,0.0,0.0,0.0,0.0,69,-0.0,126840954880.0,0.0,0.0,0.0,0.0,0.0,0.0,0.0,0,0,0,0.0,0.0,0.0,0.0,0.0,0.0,0.0,0.0,0.0,0.0,0.0,0.0,0.0,0.0,0.0,0.0,0,-107875648.0,69,0.0,138,0.0,-109447200.0,0,13107,17040,26215,17049,13107,17043,0,0,0,70,68,100,2.7302359370752657e+23,71.1,2.7302370179391762e+23,74.2,2.7302370179391762e+23,74.0,1,49,50,180,13107,52429,0,0,0.0,0.0,0.0,0.0,-0.0,67.0,0.0,162057.094,0.0,751,0,739,0,0,0,721,0,767,0,736,0,742,0,742,0,712,0,7520,0.032,79456894976.0,0.0,0.0,784,16797,-0.0,162057.094,-114818.039,-0.0,0.133,6.909358625270745e+28,30.0,65.0,35,0.0,0.0,0.0,0.0,0.0,0.0,0.0,0.0,0.0,0.0,0.0,0.0,0.0,0.0,0.0,0.0,69.2,0,150,71,55,65476,0,300,0,1,8,20529,65476,0,0,40632,65.0,0.0,0.0,0.0,0.0,0.0
2026-09-04T20:20:22,ERR,ERR,ERR,ERR,ERR,ERR,ERR,ERR,ERR,ERR,ERR,ERR,ERR,ERR,ERR,ERR,ERR,ERR,ERR,ERR,ERR,ERR,ERR,ERR,ERR,ERR,ERR,ERR,ERR,ERR,ERR,ERR,ERR,ERR,ERR,ERR,ERR,ERR,ERR,ERR,ERR,ERR,ERR,ERR,ERR,ERR,ERR,ERR,ERR,ERR,ERR,ERR,ERR,ERR,ERR,ERR,ERR,ERR,ERR,ERR,ERR,ERR,ERR,ERR,ERR,ERR,ERR,ERR,ERR,ERR,ERR,ERR,ERR,ERR,ERR,ERR,ERR,ERR,ERR,ERR,ERR,ERR,ERR,ERR,ERR,ERR,ERR,ERR,ERR,ERR,ERR,ERR,ERR,ERR,ERR,ERR,ERR,ERR,ERR,ERR,ERR,ERR,ERR,ERR,ERR,ERR,ERR,ERR,ERR,ERR,ERR,ERR,ERR,ERR,ERR,ERR,ERR,ERR,ERR,ERR,ERR,ERR,ERR,ERR,ERR,2.718430741444032e+23,2.7184312818759872e+23,0.0,0.0,0.0,1.3936040501711995e+18,7.805,0.0,0,0,4,0,7116,0.0,100,0.0,0.0,0.0,0.0,0.0,0,0,0,0,0.0,0,0,0,0,0,0,0,0,0,0,0,0,0,0,0,0,0,0,0,0,0,0,0,0,0,0,0,0,0,0,0,0,0,31,40,40,71,65476,0,300,0,0,8,21553,0.0,-107605600.0,0.0,0.0,0.0,0.0,0.0,0.0,0.0,0.0,0.0,0.0,0.0,0.0,0.0,0.0,0.0,0.0,0.0,0.0,0.0,0.0,0.0,-2.004,-2.004,0.0,0.0,0.0,0.0,0.0,6276.0,564148517732352.0,6923.0,0.0,2.7184312818759872e+23,-0.0,0.0,0.0,0.0,0.0,0.0,69,-0.0,126840954880.0,0.0,0.0,0.0,0.0,0.0,0.0,0.0,0,0,0,0.0,0.0,0.0,0.0,0.0,0.0,0.0,0.0,0.0,0.0,0.0,0.0,0.0,0.0,0.0,0.0,0,-107875648.0,69,0.0,138,0.0,-109447200.0,0,13107,17040,26215,17049,13107,17043,0,0,0,70,68,100,2.7302359370752657e+23,71.1,2.7302370179391762e+23,74.2,2.7302370179391762e+23,74.0,1,49,50,180,13107,52429,0,0,0.0,0.0,0.0,0.0,-0.0,67.0,0.0,162057.094,0.0,751,0,739,0,0,0,721,0,767,0,736,0,742,0,742,0,712,0,7520,0.032,79456894976.0,0.0,0.0,784,16797,-0.0,162057.094,-114818.039,-0.0,0.133,6.909358625270745e+28,30.0,65.0,35,0.0,0.0,0.0,0.0,0.0,0.0,0.0,0.0,0.0,0.0,0.0,0.0,0.0,0.0,0.0,0.0,69.2,0,150,71,55,65476,0,300,0,1,8,20529,65476,0,0,40632,65.0,0.0,0.0,0.0,0.0,0.0
2026-09-04T20:20:23,ERR,ERR,ERR,ERR,ERR,ERR,ERR,ERR,ERR,ERR,ERR,ERR,ERR,ERR,ERR,ERR,ERR,ERR,ERR,ERR,ERR,ERR,ERR,ERR,ERR,ERR,ERR,ERR,ERR,ERR,ERR,ERR,ERR,ERR,ERR,ERR,ERR,ERR,ERR,ERR,ERR,ERR,ERR,ERR,ERR,ERR,ERR,ERR,ERR,ERR,ERR,ERR,ERR,ERR,ERR,ERR,ERR,ERR,ERR,ERR,ERR,ERR,ERR,ERR,ERR,ERR,ERR,ERR,ERR,ERR,ERR,ERR,ERR,ERR,ERR,ERR,ERR,ERR,ERR,ERR,ERR,ERR,ERR,ERR,ERR,ERR,ERR,ERR,ERR,ERR,ERR,ERR,ERR,ERR,ERR,ERR,ERR,ERR,ERR,ERR,ERR,ERR,ERR,ERR,ERR,ERR,ERR,ERR,ERR,ERR,ERR,ERR,ERR,ERR,ERR,ERR,ERR,ERR,ERR,ERR,ERR,ERR,ERR,ERR,ERR,2.718430741444032e+23,2.7184312818759872e+23,0.0,0.0,0.0,1.3936040501711995e+18,7.805,0.0,0,0,4,0,7116,0.0,100,0.0,0.0,0.0,0.0,0.0,0,0,0,0,0.0,0,0,0,0,0,0,0,0,0,0,0,0,0,0,0,0,0,0,0,0,0,0,0,0,0,0,0,0,0,0,0,0,0,31,40,40,71,65476,0,300,0,0,8,21553,0.0,-107605600.0,0.0,0.0,0.0,0.0,0.0,0.0,0.0,0.0,0.0,0.0,0.0,0.0,0.0,0.0,0.0,0.0,0.0,0.0,0.0,0.0,0.0,-2.004,-2.004,0.0,0.0,0.0,0.0,0.0,6276.0,564148517732352.0,6923.0,0.0,2.7184312818759872e+23,-0.0,0.0,0.0,0.0,0.0,0.0,69,-0.0,126840954880.0,0.0,0.0,0.0,0.0,0.0,0.0,0.0,0,0,0,0.0,0.0,0.0,0.0,0.0,0.0,0.0,0.0,0.0,0.0,0.0,0.0,0.0,0.0,0.0,0.0,0,-107875648.0,69,0.0,138,0.0,-109447200.0,0,13107,17040,26215,17049,13107,17043,0,0,0,70,68,100,2.7302359370752657e+23,71.1,2.7302370179391762e+23,74.2,2.7302370179391762e+23,74.0,1,49,50,180,13107,52429,0,0,0.0,0.0,0.0,0.0,-0.0,67.0,0.0,162057.094,0.0,751,0,739,0,0,0,721,0,767,0,736,0,742,0,742,0,712,0,7520,0.032,108984795136.0,0.0,0.0,784,16797,-0.0,162057.094,-114818.039,-0.0,0.133,6.909358625270745e+28,30.0,65.0,35,0.0,0.0,0.0,0.0,0.0,0.0,0.0,0.0,0.0,0.0,0.0,0.0,0.0,0.0,0.0,0.0,69.2,0,150,71,55,65476,0,300,0,1,8,20529,65476,0,0,40632,65.0,0.0,0.0,0.0,0.0,0.0
2026-09-04T20:20:24,ERR,ERR,ERR,ERR,ERR,ERR,ERR,ERR,ERR,ERR,ERR,ERR,ERR,ERR,ERR,ERR,ERR,ERR,ERR,ERR,ERR,ERR,ERR,ERR,ERR,ERR,ERR,ERR,ERR,ERR,ERR,ERR,ERR,ERR,ERR,ERR,ERR,ERR,ERR,ERR,ERR,ERR,ERR,ERR,ERR,ERR,ERR,ERR,ERR,ERR,ERR,ERR,ERR,ERR,ERR,ERR,ERR,ERR,ERR,ERR,ERR,ERR,ERR,ERR,ERR,ERR,ERR,ERR,ERR,ERR,ERR,ERR,ERR,ERR,ERR,ERR,ERR,ERR,ERR,ERR,ERR,ERR,ERR,ERR,ERR,ERR,ERR,ERR,ERR,ERR,ERR,ERR,ERR,ERR,ERR,ERR,ERR,ERR,ERR,ERR,ERR,ERR,ERR,ERR,ERR,ERR,ERR,ERR,ERR,ERR,ERR,ERR,ERR,ERR,ERR,ERR,ERR,ERR,ERR,ERR,ERR,ERR,ERR,ERR,ERR,2.718430741444032e+23,2.7184312818759872e+23,0.0,0.0,0.0,1.3936040501711995e+18,7.805,0.0,0,0,4,0,7116,0.0,100,0.0,0.0,0.0,0.0,0.0,0,0,0,0,0.0,0,0,0,0,0,0,0,0,0,0,0,0,0,0,0,0,0,0,0,0,0,0,0,0,0,0,0,0,0,0,0,0,0,31,40,40,71,65476,0,300,0,0,8,21553,0.0,-107605600.0,0.0,0.0,0.0,0.0,0.0,0.0,0.0,0.0,0.0,0.0,0.0,0.0,0.0,0.0,0.0,0.0,0.0,0.0,0.0,0.0,0.0,-2.004,-2.004,0.0,0.0,0.0,0.0,0.0,6276.0,564148517732352.0,6923.0,0.0,2.7184312818759872e+23,-0.0,0.0,0.0,0.0,0.0,0.0,69,-0.0,126840954880.0,0.0,0.0,0.0,0.0,0.0,0.0,0.0,0,0,0,0.0,0.0,0.0,0.0,0.0,0.0,0.0,0.0,0.0,0.0,0.0,0.0,0.0,0.0,0.0,0.0,0,-107875648.0,69,0.0,138,0.0,-109447200.0,0,13107,17040,26215,17049,13107,17043,0,0,0,70,68,100,2.7302359370752657e+23,71.1,2.7302370179391762e+23,74.2,2.7302370179391762e+23,74.0,1,49,50,180,13107,52429,0,0,0.0,0.0,0.0,0.0,-0.0,67.0,0.0,162057.094,0.0,751,0,739,0,0,0,721,0,767,0,736,0,742,0,742,0,712,0,7520,0.032,108984795136.0,0.0,0.0,784,16797,-0.0,162057.094,-114818.039,-0.0,0.133,6.909358625270745e+28,30.0,65.0,35,0.0,0.0,0.0,0.0,0.0,0.0,0.0,0.0,0.0,0.0,0.0,0.0,0.0,0.0,0.0,0.0,69.2,0,150,71,55,65476,0,300,0,1,8,20529,65476,0,0,40632,65.0,0.0,0.0,0.0,0.0,0.0
2026-09-04T20:20:25,ERR,ERR,ERR,ERR,ERR,ERR,ERR,ERR,ERR,ERR,ERR,ERR,ERR,ERR,ERR,ERR,ERR,ERR,ERR,ERR,ERR,ERR,ERR,ERR,ERR,ERR,ERR,ERR,ERR,ERR,ERR,ERR,ERR,ERR,ERR,ERR,ERR,ERR,ERR,ERR,ERR,ERR,ERR,ERR,ERR,ERR,ERR,ERR,ERR,ERR,ERR,ERR,ERR,ERR,ERR,ERR,ERR,ERR,ERR,ERR,ERR,ERR,ERR,ERR,ERR,ERR,ERR,ERR,ERR,ERR,ERR,ERR,ERR,ERR,ERR,ERR,ERR,ERR,ERR,ERR,ERR,ERR,ERR,ERR,ERR,ERR,ERR,ERR,ERR,ERR,ERR,ERR,ERR,ERR,ERR,ERR,ERR,ERR,ERR,ERR,ERR,ERR,ERR,ERR,ERR,ERR,ERR,ERR,ERR,ERR,ERR,ERR,ERR,ERR,ERR,ERR,ERR,ERR,ERR,ERR,ERR,ERR,ERR,ERR,ERR,2.718430741444032e+23,2.7184312818759872e+23,0.0,0.0,0.0,1.3936040501711995e+18,7.805,0.0,0,0,4,0,7116,0.0,100,0.0,0.0,0.0,0.0,0.0,0,0,0,0,0.0,0,0,0,0,0,0,0,0,0,0,0,0,0,0,0,0,0,0,0,0,0,0,0,0,0,0,0,0,0,0,0,0,0,31,40,40,71,65476,0,300,0,0,8,21553,0.0,-107605600.0,0.0,0.0,0.0,0.0,0.0,0.0,0.0,0.0,0.0,0.0,0.0,0.0,0.0,0.0,0.0,0.0,0.0,0.0,0.0,0.0,0.0,-2.004,-2.004,0.0,0.0,0.0,0.0,0.0,6276.0,564148517732352.0,6923.0,0.0,2.7184312818759872e+23,-0.0,0.0,0.0,0.0,0.0,0.0,69,-0.0,126840954880.0,0.0,0.0,0.0,0.0,0.0,0.0,0.0,0,0,0,0.0,0.0,0.0,0.0,0.0,0.0,0.0,0.0,0.0,0.0,0.0,0.0,0.0,0.0,0.0,0.0,0,-107875648.0,69,0.0,138,0.0,-109447200.0,0,13107,17040,26215,17049,13107,17043,0,0,0,70,68,100,2.7302359370752657e+23,71.1,2.7302370179391762e+23,74.2,2.7302370179391762e+23,74.0,1,49,50,180,13107,52429,0,0,0.0,0.0,0.0,0.0,-0.0,67.0,0.0,162057.094,0.0,751,0,739,0,0,0,721,0,767,0,736,0,742,0,742,0,712,0,7520,0.032,108984795136.0,0.0,0.0,784,16797,-0.0,162057.094,-114818.039,-0.0,0.133,6.909358625270745e+28,30.0,65.0,35,0.0,0.0,0.0,0.0,0.0,0.0,0.0,0.0,0.0,0.0,0.0,0.0,0.0,0.0,0.0,0.0,69.2,0,150,71,55,65476,0,300,0,1,8,20529,65476,0,0,40632,65.0,0.0,0.0,0.0,0.0,0.0
2026-09-04T20:20:26,ERR,ERR,ERR,ERR,ERR,ERR,ERR,ERR,ERR,ERR,ERR,ERR,ERR,ERR,ERR,ERR,ERR,ERR,ERR,ERR,ERR,ERR,ERR,ERR,ERR,ERR,ERR,ERR,ERR,ERR,ERR,ERR,ERR,ERR,ERR,ERR,ERR,ERR,ERR,ERR,ERR,ERR,ERR,ERR,ERR,ERR,ERR,ERR,ERR,ERR,ERR,ERR,ERR,ERR,ERR,ERR,ERR,ERR,ERR,ERR,ERR,ERR,ERR,ERR,ERR,ERR,ERR,ERR,ERR,ERR,ERR,ERR,ERR,ERR,ERR,ERR,ERR,ERR,ERR,ERR,ERR,ERR,ERR,ERR,ERR,ERR,ERR,ERR,ERR,ERR,ERR,ERR,ERR,ERR,ERR,ERR,ERR,ERR,ERR,ERR,ERR,ERR,ERR,ERR,ERR,ERR,ERR,ERR,ERR,ERR,ERR,ERR,ERR,ERR,ERR,ERR,ERR,ERR,ERR,ERR,ERR,ERR,ERR,ERR,ERR,2.718430741444032e+23,2.7184312818759872e+23,0.0,0.0,0.0,1.3936040501711995e+18,7.805,0.0,0,0,4,0,7116,0.0,100,0.0,0.0,0.0,0.0,0.0,0,0,0,0,0.0,0,0,0,0,0,0,0,0,0,0,0,0,0,0,0,0,0,0,0,0,0,0,0,0,0,0,0,0,0,0,0,0,0,31,40,40,71,65476,0,300,0,0,8,21553,0.0,-107605600.0,0.0,0.0,0.0,0.0,0.0,0.0,0.0,0.0,0.0,0.0,0.0,0.0,0.0,0.0,0.0,0.0,0.0,0.0,0.0,0.0,0.0,-2.004,-2.004,0.0,0.0,0.0,0.0,0.0,6276.0,564148517732352.0,6923.0,0.0,2.7184312818759872e+23,-0.0,0.0,0.0,0.0,0.0,0.0,69,-0.0,126840954880.0,0.0,0.0,0.0,0.0,0.0,0.0,0.0,0,0,0,0.0,0.0,0.0,0.0,0.0,0.0,0.0,0.0,0.0,0.0,0.0,0.0,0.0,0.0,0.0,0.0,0,-107875648.0,69,0.0,138,0.0,-109447200.0,0,13107,17040,26215,17049,13107,17043,0,0,0,70,68,100,2.7302359370752657e+23,71.1,2.7302370179391762e+23,74.2,2.7302370179391762e+23,74.0,1,49,50,180,13107,52429,0,0,0.0,0.0,0.0,0.0,-0.0,67.0,0.0,162057.094,0.0,751,0,739,0,0,0,721,0,767,0,736,0,742,0,742,0,712,0,7520,0.032,108984795136.0,0.0,0.0,784,16797,-0.0,162057.094,-114818.039,-0.0,0.133,6.909358625270745e+28,30.0,65.0,35,0.0,0.0,0.0,0.0,0.0,0.0,0.0,0.0,0.0,0.0,0.0,0.0,0.0,0.0,0.0,0.0,69.2,0,150,71,55,65476,0,300,0,1,8,20529,65476,0,0,40632,65.0,0.0,0.0,0.0,0.0,0.0
2026-09-04T20:20:27,ERR,ERR,ERR,ERR,ERR,ERR,ERR,ERR,ERR,ERR,ERR,ERR,ERR,ERR,ERR,ERR,ERR,ERR,ERR,ERR,ERR,ERR,ERR,ERR,ERR,ERR,ERR,ERR,ERR,ERR,ERR,ERR,ERR,ERR,ERR,ERR,ERR,ERR,ERR,ERR,ERR,ERR,ERR,ERR,ERR,ERR,ERR,ERR,ERR,ERR,ERR,ERR,ERR,ERR,ERR,ERR,ERR,ERR,ERR,ERR,ERR,ERR,ERR,ERR,ERR,ERR,ERR,ERR,ERR,ERR,ERR,ERR,ERR,ERR,ERR,ERR,ERR,ERR,ERR,ERR,ERR,ERR,ERR,ERR,ERR,ERR,ERR,ERR,ERR,ERR,ERR,ERR,ERR,ERR,ERR,ERR,ERR,ERR,ERR,ERR,ERR,ERR,ERR,ERR,ERR,ERR,ERR,ERR,ERR,ERR,ERR,ERR,ERR,ERR,ERR,ERR,ERR,ERR,ERR,ERR,ERR,ERR,ERR,ERR,ERR,0.0,2.7184312818759872e+23,-100793952.0,0.0,0.0,1.3936040501711995e+18,7.805,0.0,0,0,4,0,7116,0.0,100,0.0,0.0,0.0,0.0,0.0,0,0,0,0,0.0,0,0,0,0,0,0,0,0,0,0,0,0,0,0,0,0,0,0,0,0,0,0,0,0,0,0,0,0,0,0,0,0,0,31,40,40,71,65476,0,300,0,0,8,21553,0.0,-107605600.0,0.0,0.0,0.0,0.0,0.0,0.0,0.0,0.0,0.0,0.0,0.0,0.0,-2.596148429267414e+33,0.0,0.0,0.0,0.0,0.0,0.0,0.0,-2.004,-2.004,-2.004,0.0,0.0,0.0,0.0,0.0,6303.0,-1.0406702088231253e+34,6943.0,0.0,2.7184312818759872e+23,-0.0,2.718430741444032e+23,0.0,0.0,0.0,0.0,69,126841176064.0,-152018119294976.0,0.0,0.0,0.0,0.0,0.0,0.0,0.0,0,0,0,0.0,0.0,0.0,0.0,0.0,0.0,0.0,0.0,0.0,0.0,0.0,0.0,0.0,0.0,0.0,0.0,0,-107875648.0,69,0.0,138,0.0,-109447200.0,0,13107,17040,26215,17049,13107,17043,0,0,0,70,68,100,2.7302359370752657e+23,71.1,2.7302370179391762e+23,74.2,2.7302370179391762e+23,74.0,1,49,50,180,13107,52429,0,0,0.0,0.0,0.0,0.0,-0.0,67.0,0.0,162057.094,0.0,751,0,739,0,0,0,721,0,767,0,736,0,742,0,742,0,712,0,7520,0.032,108984795136.0,0.0,0.0,784,16797,-0.0,162057.094,-114818.039,-0.0,0.133,6.909358625270745e+28,30.0,65.0,35,0.0,0.0,0.0,0.0,0.0,0.0,0.0,0.0,0.0,0.0,0.0,0.0,0.0,0.0,0.0,0.0,69.6,0,150,71,55,65476,0,300,0,1,8,20529,65476,0,0,40632,65.0,0.0,0.0,0.0,0.0,0.0
2026-09-04T20:20:28,ERR,ERR,ERR,ERR,ERR,ERR,ERR,ERR,ERR,ERR,ERR,ERR,ERR,ERR,ERR,ERR,ERR,ERR,ERR,ERR,ERR,ERR,ERR,ERR,ERR,ERR,ERR,ERR,ERR,ERR,ERR,ERR,ERR,ERR,ERR,ERR,ERR,ERR,ERR,ERR,ERR,ERR,ERR,ERR,ERR,ERR,ERR,ERR,ERR,ERR,ERR,ERR,ERR,ERR,ERR,ERR,ERR,ERR,ERR,ERR,ERR,ERR,ERR,ERR,ERR,ERR,ERR,ERR,ERR,ERR,ERR,ERR,ERR,ERR,ERR,ERR,ERR,ERR,ERR,ERR,ERR,ERR,ERR,ERR,ERR,ERR,ERR,ERR,ERR,ERR,ERR,ERR,ERR,ERR,ERR,ERR,ERR,ERR,ERR,ERR,ERR,ERR,ERR,ERR,ERR,ERR,ERR,ERR,ERR,ERR,ERR,ERR,ERR,ERR,ERR,ERR,ERR,ERR,ERR,ERR,ERR,ERR,ERR,ERR,ERR,0.0,2.7184312818759872e+23,-100793952.0,0.0,0.0,1.3936040501711995e+18,7.805,0.0,0,0,4,0,7116,0.0,100,0.0,0.0,0.0,0.0,0.0,0,0,0,0,0.0,0,0,0,0,0,0,0,0,0,0,0,0,0,0,0,0,0,0,0,0,0,0,0,0,0,0,0,0,0,0,0,0,0,31,40,40,71,65476,0,300,0,0,8,21553,0.0,-107605600.0,0.0,0.0,0.0,0.0,0.0,0.0,0.0,0.0,0.0,0.0,0.0,0.0,-2.596148429267414e+33,0.0,0.0,0.0,0.0,0.0,0.0,0.0,-2.004,-2.004,-2.004,0.0,0.0,0.0,0.0,0.0,6303.0,-1.0406702088231253e+34,6943.0,0.0,2.7184312818759872e+23,-0.0,2.718430741444032e+23,0.0,0.0,0.0,0.0,69,126841176064.0,-152018119294976.0,0.0,0.0,0.0,0.0,0.0,0.0,0.0,0,0,0,0.0,0.0,0.0,0.0,0.0,0.0,0.0,0.0,0.0,0.0,0.0,0.0,0.0,0.0,0.0,0.0,0,-107875648.0,69,0.0,138,0.0,-109447200.0,0,13107,17040,26215,17049,13107,17043,0,0,0,70,68,100,2.7302359370752657e+23,71.1,2.7302370179391762e+23,74.2,2.7302370179391762e+23,74.0,1,49,50,180,13107,52429,0,0,0.0,0.0,0.0,0.0,-0.0,67.0,0.0,162057.094,0.0,751,0,739,0,0,0,721,0,767,0,736,0,742,0,742,0,712,0,7520,0.032,108984795136.0,0.0,0.0,784,16797,-0.0,162057.094,-114818.039,-0.0,0.133,6.909358625270745e+28,30.0,65.0,35,0.0,0.0,0.0,0.0,0.0,0.0,0.0,0.0,0.0,0.0,0.0,0.0,0.0,0.0,0.0,0.0,69.6,0,150,71,55,65476,0,300,0,1,8,20529,65476,0,0,40632,65.0,0.0,0.0,0.0,0.0,0.0
2026-09-04T20:20:29,ERR,ERR,ERR,ERR,ERR,ERR,ERR,ERR,ERR,ERR,ERR,ERR,ERR,ERR,ERR,ERR,ERR,ERR,ERR,ERR,ERR,ERR,ERR,ERR,ERR,ERR,ERR,ERR,ERR,ERR,ERR,ERR,ERR,ERR,ERR,ERR,ERR,ERR,ERR,ERR,ERR,ERR,ERR,ERR,ERR,ERR,ERR,ERR,ERR,ERR,ERR,ERR,ERR,ERR,ERR,ERR,ERR,ERR,ERR,ERR,ERR,ERR,ERR,ERR,ERR,ERR,ERR,ERR,ERR,ERR,ERR,ERR,ERR,ERR,ERR,ERR,ERR,ERR,ERR,ERR,ERR,ERR,ERR,ERR,ERR,ERR,ERR,ERR,ERR,ERR,ERR,ERR,ERR,ERR,ERR,ERR,ERR,ERR,ERR,ERR,ERR,ERR,ERR,ERR,ERR,ERR,ERR,ERR,ERR,ERR,ERR,ERR,ERR,ERR,ERR,ERR,ERR,ERR,ERR,ERR,ERR,ERR,ERR,ERR,ERR,0.0,2.7184312818759872e+23,-100793952.0,0.0,0.0,1.3936040501711995e+18,7.805,0.0,0,0,4,0,7116,0.0,100,0.0,0.0,0.0,0.0,0.0,0,0,0,0,0.0,0,0,0,0,0,0,0,0,0,0,0,0,0,0,0,0,0,0,0,0,0,0,0,0,0,0,0,0,0,0,0,0,0,31,40,40,71,65476,0,300,0,0,8,21553,0.0,-107605600.0,0.0,0.0,0.0,0.0,0.0,0.0,0.0,0.0,0.0,0.0,0.0,0.0,-2.596148429267414e+33,0.0,0.0,0.0,0.0,0.0,0.0,0.0,-2.004,-2.004,-2.004,0.0,0.0,0.0,0.0,0.0,6303.0,-1.0406702088231253e+34,6943.0,0.0,2.7184312818759872e+23,-0.0,2.718430741444032e+23,0.0,0.0,0.0,0.0,69,126841176064.0,-152018119294976.0,0.0,0.0,0.0,0.0,0.0,0.0,0.0,0,0,0,0.0,0.0,0.0,0.0,0.0,0.0,0.0,0.0,0.0,0.0,0.0,0.0,0.0,0.0,0.0,0.0,0,-107875648.0,69,0.0,138,0.0,-109447200.0,0,13107,17040,26215,17049,13107,17043,0,0,0,70,68,100,2.7302359370752657e+23,71.2,0.0,74.2,2.7302370179391762e+23,74.0,1,49,50,180,13107,52429,0,0,0.0,0.0,0.0,0.0,-0.0,67.0,0.0,162057.094,0.0,751,0,739,0,0,0,721,0,767,0,736,0,742,0,742,0,712,0,7520,0.032,97173635072.0,0.0,0.0,784,16797,-0.0,162057.094,-114818.039,-0.0,0.133,6.909358625270745e+28,30.0,65.0,35,0.0,0.0,0.0,0.0,0.0,0.0,0.0,0.0,0.0,0.0,0.0,0.0,0.0,0.0,0.0,0.0,69.6,0,150,71,55,65476,0,300,0,1,8,20529,65476,0,0,40632,65.0,0.0,0.0,0.0,0.0,0.0
2026-09-04T20:20:30,ERR,ERR,ERR,ERR,ERR,ERR,ERR,ERR,ERR,ERR,ERR,ERR,ERR,ERR,ERR,ERR,ERR,ERR,ERR,ERR,ERR,ERR,ERR,ERR,ERR,ERR,ERR,ERR,ERR,ERR,ERR,ERR,ERR,ERR,ERR,ERR,ERR,ERR,ERR,ERR,ERR,ERR,ERR,ERR,ERR,ERR,ERR,ERR,ERR,ERR,ERR,ERR,ERR,ERR,ERR,ERR,ERR,ERR,ERR,ERR,ERR,ERR,ERR,ERR,ERR,ERR,ERR,ERR,ERR,ERR,ERR,ERR,ERR,ERR,ERR,ERR,ERR,ERR,ERR,ERR,ERR,ERR,ERR,ERR,ERR,ERR,ERR,ERR,ERR,ERR,ERR,ERR,ERR,ERR,ERR,ERR,ERR,ERR,ERR,ERR,ERR,ERR,ERR,ERR,ERR,ERR,ERR,ERR,ERR,ERR,ERR,ERR,ERR,ERR,ERR,ERR,ERR,ERR,ERR,ERR,ERR,ERR,ERR,ERR,ERR,0.0,2.7184312818759872e+23,-100793952.0,0.0,0.0,1.3936040501711995e+18,7.805,0.0,0,0,4,0,7116,0.0,100,0.0,0.0,0.0,0.0,0.0,0,0,0,0,0.0,0,0,0,0,0,0,0,0,0,0,0,0,0,0,0,0,0,0,0,0,0,0,0,0,0,0,0,0,0,0,0,0,0,31,40,40,71,65476,0,300,0,0,8,21553,0.0,-107605600.0,0.0,0.0,0.0,0.0,0.0,0.0,0.0,0.0,0.0,0.0,0.0,0.0,-2.596148429267414e+33,0.0,0.0,0.0,0.0,0.0,0.0,0.0,-2.004,-2.004,-2.004,0.0,0.0,0.0,0.0,0.0,6303.0,-1.0406702088231253e+34,6943.0,0.0,2.7184312818759872e+23,-0.0,2.718430741444032e+23,0.0,0.0,0.0,0.0,69,126841176064.0,-152018119294976.0,0.0,0.0,0.0,0.0,0.0,0.0,0.0,0,0,0,0.0,0.0,0.0,0.0,0.0,0.0,0.0,0.0,0.0,0.0,0.0,0.0,0.0,0.0,0.0,0.0,0,-107875648.0,69,0.0,138,0.0,-109447200.0,0,13107,17040,26215,17049,13107,17043,0,0,0,70,68,100,2.7302359370752657e+23,71.2,0.0,74.2,2.7302370179391762e+23,74.0,1,49,50,180,13107,52429,0,0,0.0,0.0,0.0,0.0,-0.0,67.0,0.0,162057.094,0.0,751,0,739,0,0,0,721,0,767,0,736,0,742,0,742,0,712,0,7520,0.032,97173635072.0,0.0,0.0,784,16797,-0.0,162057.094,-114818.039,-0.0,0.133,6.909358625270745e+28,30.0,65.0,35,0.0,0.0,0.0,0.0,0.0,0.0,0.0,0.0,0.0,0.0,0.0,0.0,0.0,0.0,0.0,0.0,69.2,0,150,71,55,65476,0,300,0,1,8,20529,65476,0,0,40632,65.0,0.0,0.0,0.0,0.0,0.0
2026-09-04T20:20:31,ERR,ERR,ERR,ERR,ERR,ERR,ERR,ERR,ERR,ERR,ERR,ERR,ERR,ERR,ERR,ERR,ERR,ERR,ERR,ERR,ERR,ERR,ERR,ERR,ERR,ERR,ERR,ERR,ERR,ERR,ERR,ERR,ERR,ERR,ERR,ERR,ERR,ERR,ERR,ERR,ERR,ERR,ERR,ERR,ERR,ERR,ERR,ERR,ERR,ERR,ERR,ERR,ERR,ERR,ERR,ERR,ERR,ERR,ERR,ERR,ERR,ERR,ERR,ERR,ERR,ERR,ERR,ERR,ERR,ERR,ERR,ERR,ERR,ERR,ERR,ERR,ERR,ERR,ERR,ERR,ERR,ERR,ERR,ERR,ERR,ERR,ERR,ERR,ERR,ERR,ERR,ERR,ERR,ERR,ERR,ERR,ERR,ERR,ERR,ERR,ERR,ERR,ERR,ERR,ERR,ERR,ERR,ERR,ERR,ERR,ERR,ERR,ERR,ERR,ERR,ERR,ERR,ERR,ERR,ERR,ERR,ERR,ERR,ERR,ERR,0.0,2.7184312818759872e+23,-100793952.0,0.0,0.0,1.3936040501711995e+18,7.805,0.0,0,0,4,0,7116,0.0,100,0.0,0.0,0.0,0.0,0.0,0,0,0,0,0.0,0,0,0,0,0,0,0,0,0,0,0,0,0,0,0,0,0,0,0,0,0,0,0,0,0,0,0,0,0,0,0,0,0,31,40,40,71,65476,0,300,0,0,8,21553,0.0,-107605600.0,0.0,0.0,0.0,0.0,0.0,0.0,0.0,0.0,0.0,0.0,0.0,0.0,-2.596148429267414e+33,0.0,0.0,0.0,0.0,0.0,0.0,0.0,-2.004,-2.004,-2.004,0.0,0.0,0.0,0.0,0.0,6303.0,-1.0406702088231253e+34,6943.0,0.0,2.7184312818759872e+23,-0.0,2.718430741444032e+23,0.0,0.0,0.0,0.0,69,126841176064.0,-152018119294976.0,0.0,0.0,0.0,0.0,0.0,0.0,0.0,0,0,0,0.0,0.0,0.0,0.0,0.0,0.0,0.0,0.0,0.0,0.0,0.0,0.0,0.0,0.0,0.0,0.0,0,-107875648.0,69,0.0,138,0.0,-109447200.0,0,13107,17040,26215,17049,13107,17043,0,0,0,70,68,100,2.7302359370752657e+23,71.2,0.0,74.2,2.7302370179391762e+23,74.0,1,49,50,180,13107,52429,0,0,0.0,0.0,0.0,0.0,-0.0,67.0,0.0,162057.094,0.0,751,0,739,0,0,0,721,0,767,0,736,0,742,0,742,0,712,0,7520,0.032,97173635072.0,0.0,0.0,784,16797,-0.0,162057.094,-114818.039,-0.0,0.133,6.909358625270745e+28,30.0,65.0,35,0.0,0.0,0.0,0.0,0.0,0.0,0.0,0.0,0.0,0.0,0.0,0.0,0.0,0.0,0.0,0.0,69.2,0,150,71,55,65476,0,300,0,1,8,20529,65476,0,0,40632,65.0,0.0,0.0,0.0,0.0,0.0
2026-09-04T20:20:32,ERR,ERR,ERR,ERR,ERR,ERR,ERR,ERR,ERR,ERR,ERR,ERR,ERR,ERR,ERR,ERR,ERR,ERR,ERR,ERR,ERR,ERR,ERR,ERR,ERR,ERR,ERR,ERR,ERR,ERR,ERR,ERR,ERR,ERR,ERR,ERR,ERR,ERR,ERR,ERR,ERR,ERR,ERR,ERR,ERR,ERR,ERR,ERR,ERR,ERR,ERR,ERR,ERR,ERR,ERR,ERR,ERR,ERR,ERR,ERR,ERR,ERR,ERR,ERR,ERR,ERR,ERR,ERR,ERR,ERR,ERR,ERR,ERR,ERR,ERR,ERR,ERR,ERR,ERR,ERR,ERR,ERR,ERR,ERR,ERR,ERR,ERR,ERR,ERR,ERR,ERR,ERR,ERR,ERR,ERR,ERR,ERR,ERR,ERR,ERR,ERR,ERR,ERR,ERR,ERR,ERR,ERR,ERR,ERR,ERR,ERR,ERR,ERR,ERR,ERR,ERR,ERR,ERR,ERR,ERR,ERR,ERR,ERR,ERR,ERR,0.0,2.7184312818759872e+23,-100793952.0,0.0,0.0,1.3936040501711995e+18,7.805,0.0,0,0,4,0,7116,0.0,100,0.0,0.0,0.0,0.0,0.0,0,0,0,0,0.0,0,0,0,0,0,0,0,0,0,0,0,0,0,0,0,0,0,0,0,0,0,0,0,0,0,0,0,0,0,0,0,0,0,31,40,40,71,65476,0,300,0,0,8,21553,0.0,-107605600.0,0.0,0.0,0.0,0.0,0.0,0.0,0.0,0.0,0.0,0.0,0.0,0.0,-2.596148429267414e+33,0.0,0.0,0.0,0.0,0.0,0.0,0.0,-2.004,-2.004,-2.004,0.0,0.0,0.0,0.0,0.0,6303.0,-1.0406702088231253e+34,6943.0,0.0,2.7184312818759872e+23,-0.0,2.718430741444032e+23,0.0,0.0,0.0,0.0,69,126841176064.0,-152018119294976.0,0.0,0.0,0.0,0.0,0.0,0.0,0.0,0,0,0,0.0,0.0,0.0,0.0,0.0,0.0,0.0,0.0,0.0,0.0,0.0,0.0,0.0,0.0,0.0,0.0,0,-107875648.0,69,0.0,138,0.0,-109447200.0,0,13107,17040,26215,17049,13107,17043,0,0,0,70,68,100,2.7302359370752657e+23,71.2,0.0,74.2,2.7302370179391762e+23,74.0,1,49,50,180,13107,52429,0,0,0.0,0.0,0.0,0.0,-0.0,67.0,0.0,162057.094,0.0,751,0,739,0,0,0,721,0,767,0,736,0,742,0,742,0,712,0,7520,0.032,97173635072.0,0.0,0.0,784,16797,-0.0,162057.094,-114818.039,-0.0,0.133,6.909358625270745e+28,30.0,65.0,35,0.0,0.0,0.0,0.0,0.0,0.0,0.0,0.0,0.0,0.0,0.0,0.0,0.0,0.0,0.0,0.0,69.2,0,150,71,55,65476,0,300,0,1,8,20529,65476,0,0,40632,65.0,0.0,0.0,0.0,0.0,0.0
2026-09-04T20:20:33,ERR,ERR,ERR,ERR,ERR,ERR,ERR,ERR,ERR,ERR,ERR,ERR,ERR,ERR,ERR,ERR,ERR,ERR,ERR,ERR,ERR,ERR,ERR,ERR,ERR,ERR,ERR,ERR,ERR,ERR,ERR,ERR,ERR,ERR,ERR,ERR,ERR,ERR,ERR,ERR,ERR,ERR,ERR,ERR,ERR,ERR,ERR,ERR,ERR,ERR,ERR,ERR,ERR,ERR,ERR,ERR,ERR,ERR,ERR,ERR,ERR,ERR,ERR,ERR,ERR,ERR,ERR,ERR,ERR,ERR,ERR,ERR,ERR,ERR,ERR,ERR,ERR,ERR,ERR,ERR,ERR,ERR,ERR,ERR,ERR,ERR,ERR,ERR,ERR,ERR,ERR,ERR,ERR,ERR,ERR,ERR,ERR,ERR,ERR,ERR,ERR,ERR,ERR,ERR,ERR,ERR,ERR,ERR,ERR,ERR,ERR,ERR,ERR,ERR,ERR,ERR,ERR,ERR,ERR,ERR,ERR,ERR,ERR,ERR,ERR,0.0,2.7184312818759872e+23,-100793952.0,0.0,0.0,1.3936040501711995e+18,7.805,0.0,0,0,4,0,7116,0.0,100,0.0,0.0,0.0,0.0,0.0,0,0,0,0,0.0,0,0,0,0,0,0,0,0,0,0,0,0,0,0,0,0,0,0,0,0,0,0,0,0,0,0,0,0,0,0,0,0,0,31,40,40,71,65476,0,300,0,0,8,21553,0.0,-107605600.0,0.0,0.0,0.0,0.0,0.0,0.0,0.0,0.0,0.0,0.0,0.0,0.0,-2.596148429267414e+33,0.0,0.0,0.0,0.0,0.0,0.0,0.0,-2.004,-2.004,-2.004,0.0,0.0,0.0,0.0,0.0,6303.0,-1.0406702088231253e+34,6943.0,0.0,2.7184312818759872e+23,-0.0,2.718430741444032e+23,0.0,0.0,0.0,0.0,69,126841176064.0,-152018119294976.0,0.0,0.0,0.0,0.0,0.0,0.0,0.0,0,0,0,0.0,0.0,0.0,0.0,0.0,0.0,0.0,0.0,0.0,0.0,0.0,0.0,0.0,0.0,0.0,0.0,0,-107875648.0,69,0.0,138,0.0,-109447200.0,0,13107,17040,26215,17049,13107,17043,0,0,0,70,68,100,2.7302359370752657e+23,71.2,2.7302370179391762e+23,74.2,2.7302370179391762e+23,74.0,1,49,50,180,13107,52429,0,0,0.0,0.0,0.0,0.0,-0.0,67.0,0.0,162057.094,0.0,751,0,739,0,0,0,721,0,767,0,736,0,742,0,742,0,712,0,7520,0.032,108447924224.0,0.0,0.0,784,16797,-0.0,162057.094,-114818.039,-0.0,0.133,6.909358625270745e+28,30.0,65.0,35,0.0,0.0,0.0,0.0,0.0,0.0,0.0,0.0,0.0,0.0,0.0,0.0,0.0,0.0,0.0,0.0,69.2,0,150,71,55,65476,0,300,0,1,8,20529,65476,0,0,40632,65.0,0.0,0.0,0.0,0.0,0.0
2026-09-04T20:20:34,ERR,ERR,ERR,ERR,ERR,ERR,ERR,ERR,ERR,ERR,ERR,ERR,ERR,ERR,ERR,ERR,ERR,ERR,ERR,ERR,ERR,ERR,ERR,ERR,ERR,ERR,ERR,ERR,ERR,ERR,ERR,ERR,ERR,ERR,ERR,ERR,ERR,ERR,ERR,ERR,ERR,ERR,ERR,ERR,ERR,ERR,ERR,ERR,ERR,ERR,ERR,ERR,ERR,ERR,ERR,ERR,ERR,ERR,ERR,ERR,ERR,ERR,ERR,ERR,ERR,ERR,ERR,ERR,ERR,ERR,ERR,ERR,ERR,ERR,ERR,ERR,ERR,ERR,ERR,ERR,ERR,ERR,ERR,ERR,ERR,ERR,ERR,ERR,ERR,ERR,ERR,ERR,ERR,ERR,ERR,ERR,ERR,ERR,ERR,ERR,ERR,ERR,ERR,ERR,ERR,ERR,ERR,ERR,ERR,ERR,ERR,ERR,ERR,ERR,ERR,ERR,ERR,ERR,ERR,ERR,ERR,ERR,ERR,ERR,ERR,0.0,2.7184312818759872e+23,-100793952.0,0.0,0.0,1.3936040501711995e+18,7.805,0.0,0,0,4,0,7116,0.0,100,0.0,0.0,0.0,0.0,0.0,0,0,0,0,0.0,0,0,0,0,0,0,0,0,0,0,0,0,0,0,0,0,0,0,0,0,0,0,0,0,0,0,0,0,0,0,0,0,0,31,40,40,71,65476,0,300,0,0,8,21553,0.0,-107605600.0,0.0,0.0,0.0,0.0,0.0,0.0,0.0,0.0,0.0,0.0,0.0,0.0,0.0,0.0,0.0,0.0,0.0,0.0,0.0,0.0,-2.004,-2.004,-2.004,0.0,0.0,0.0,0.0,0.0,6301.0,0.0,6914.0,0.0,2.7184312818759872e+23,-0.0,2.718430741444032e+23,0.0,0.0,0.0,0.0,69,126841176064.0,-2.3088368474347327e+20,0.0,0.0,0.0,0.0,0.0,0.0,0.0,0,0,0,0.0,0.0,0.0,0.0,0.0,0.0,0.0,0.0,0.0,0.0,0.0,0.0,0.0,0.0,0.0,0.0,0,-107875648.0,69,0.0,138,0.0,-109447200.0,0,13107,17040,26215,17049,13107,17043,0,0,0,70,68,100,2.7302359370752657e+23,71.2,2.7302370179391762e+23,74.2,2.7302370179391762e+23,74.0,1,49,50,180,13107,52429,0,0,0.0,0.0,0.0,0.0,-0.0,67.0,0.0,162057.094,0.0,751,0,739,0,0,0,721,0,767,0,736,0,742,0,742,0,712,0,7520,0.032,108447924224.0,0.0,0.0,784,16797,-0.0,162057.094,-114818.039,-0.0,0.133,6.909358625270745e+28,30.0,65.0,35,0.0,0.0,0.0,0.0,0.0,0.0,0.0,0.0,0.0,0.0,0.0,0.0,0.0,0.0,0.0,0.0,69.2,0,150,71,55,65476,0,300,0,1,8,20529,65476,0,0,40632,65.0,0.0,0.0,0.0,0.0,0.0
2026-09-04T20:20:35,ERR,ERR,ERR,ERR,ERR,ERR,ERR,ERR,ERR,ERR,ERR,ERR,ERR,ERR,ERR,ERR,ERR,ERR,ERR,ERR,ERR,ERR,ERR,ERR,ERR,ERR,ERR,ERR,ERR,ERR,ERR,ERR,ERR,ERR,ERR,ERR,ERR,ERR,ERR,ERR,ERR,ERR,ERR,ERR,ERR,ERR,ERR,ERR,ERR,ERR,ERR,ERR,ERR,ERR,ERR,ERR,ERR,ERR,ERR,ERR,ERR,ERR,ERR,ERR,ERR,ERR,ERR,ERR,ERR,ERR,ERR,ERR,ERR,ERR,ERR,ERR,ERR,ERR,ERR,ERR,ERR,ERR,ERR,ERR,ERR,ERR,ERR,ERR,ERR,ERR,ERR,ERR,ERR,ERR,ERR,ERR,ERR,ERR,ERR,ERR,ERR,ERR,ERR,ERR,ERR,ERR,ERR,ERR,ERR,ERR,ERR,ERR,ERR,ERR,ERR,ERR,ERR,ERR,ERR,ERR,ERR,ERR,ERR,ERR,ERR,0.0,2.7184312818759872e+23,-100793952.0,0.0,0.0,1.3936040501711995e+18,7.805,0.0,0,0,4,0,7116,0.0,100,0.0,0.0,0.0,0.0,0.0,0,0,0,0,0.0,0,0,0,0,0,0,0,0,0,0,0,0,0,0,0,0,0,0,0,0,0,0,0,0,0,0,0,0,0,0,0,0,0,31,40,40,71,65476,0,300,0,0,8,21553,0.0,-107605600.0,0.0,0.0,0.0,0.0,0.0,0.0,0.0,0.0,0.0,0.0,0.0,0.0,0.0,0.0,0.0,0.0,0.0,0.0,0.0,0.0,-2.004,-2.004,-2.004,0.0,0.0,0.0,0.0,0.0,6301.0,0.0,6914.0,0.0,2.7184312818759872e+23,-0.0,2.718430741444032e+23,0.0,0.0,0.0,0.0,69,126841176064.0,-2.3088368474347327e+20,0.0,0.0,0.0,0.0,0.0,0.0,0.0,0,0,0,0.0,0.0,0.0,0.0,0.0,0.0,0.0,0.0,0.0,0.0,0.0,0.0,0.0,0.0,0.0,0.0,0,-107875648.0,69,0.0,138,0.0,-109447200.0,0,13107,17040,26215,17049,13107,17043,0,0,0,70,68,100,2.7302359370752657e+23,71.2,2.7302370179391762e+23,74.2,2.7302370179391762e+23,74.0,1,49,50,180,13107,52429,0,0,0.0,0.0,0.0,0.0,-0.0,67.0,0.0,162057.094,0.0,751,0,739,0,0,0,721,0,767,0,736,0,742,0,742,0,712,0,7520,0.032,108447924224.0,0.0,0.0,784,16797,-0.0,162057.094,-114818.039,-0.0,0.133,6.909358625270745e+28,30.0,65.0,35,0.0,0.0,0.0,0.0,0.0,0.0,0.0,0.0,0.0,0.0,0.0,0.0,0.0,0.0,0.0,0.0,69.2,0,150,71,55,65476,0,300,0,1,8,20529,65476,0,0,40632,65.0,0.0,0.0,0.0,0.0,0.0
2026-09-04T20:20:36,ERR,ERR,ERR,ERR,ERR,ERR,ERR,ERR,ERR,ERR,ERR,ERR,ERR,ERR,ERR,ERR,ERR,ERR,ERR,ERR,ERR,ERR,ERR,ERR,ERR,ERR,ERR,ERR,ERR,ERR,ERR,ERR,ERR,ERR,ERR,ERR,ERR,ERR,ERR,ERR,ERR,ERR,ERR,ERR,ERR,ERR,ERR,ERR,ERR,ERR,ERR,ERR,ERR,ERR,ERR,ERR,ERR,ERR,ERR,ERR,ERR,ERR,ERR,ERR,ERR,ERR,ERR,ERR,ERR,ERR,ERR,ERR,ERR,ERR,ERR,ERR,ERR,ERR,ERR,ERR,ERR,ERR,ERR,ERR,ERR,ERR,ERR,ERR,ERR,ERR,ERR,ERR,ERR,ERR,ERR,ERR,ERR,ERR,ERR,ERR,ERR,ERR,ERR,ERR,ERR,ERR,ERR,ERR,ERR,ERR,ERR,ERR,ERR,ERR,ERR,ERR,ERR,ERR,ERR,ERR,ERR,ERR,ERR,ERR,ERR,0.0,2.7184312818759872e+23,-100793952.0,0.0,0.0,1.3936040501711995e+18,7.805,0.0,0,0,4,0,7116,0.0,100,0.0,0.0,0.0,0.0,0.0,0,0,0,0,0.0,0,0,0,0,0,0,0,0,0,0,0,0,0,0,0,0,0,0,0,0,0,0,0,0,0,0,0,0,0,0,0,0,0,31,40,40,71,65476,0,300,0,0,8,21553,0.0,-107605600.0,0.0,0.0,0.0,0.0,0.0,0.0,0.0,0.0,0.0,0.0,0.0,0.0,0.0,0.0,0.0,0.0,0.0,0.0,0.0,0.0,-2.004,-2.004,-2.004,0.0,0.0,0.0,0.0,0.0,6301.0,0.0,6914.0,0.0,2.7184312818759872e+23,-0.0,2.718430741444032e+23,0.0,0.0,0.0,0.0,69,126841176064.0,-2.3088368474347327e+20,0.0,0.0,0.0,0.0,0.0,0.0,0.0,0,0,0,0.0,0.0,0.0,0.0,0.0,0.0,0.0,0.0,0.0,0.0,0.0,0.0,0.0,0.0,0.0,0.0,0,-107875648.0,69,0.0,138,0.0,-109447200.0,0,13107,17040,26215,17049,13107,17043,0,0,0,70,68,100,2.7302359370752657e+23,71.2,2.7302370179391762e+23,74.2,2.7302370179391762e+23,74.0,1,49,50,180,13107,52429,0,0,0.0,0.0,0.0,0.0,-0.0,67.0,0.0,162057.094,0.0,751,0,739,0,0,0,721,0,767,0,736,0,742,0,742,0,712,0,7520,0.032,108447924224.0,0.0,0.0,784,16797,-0.0,162057.094,-114818.039,-0.0,0.133,6.909358625270745e+28,30.0,65.0,35,0.0,0.0,0.0,0.0,0.0,0.0,0.0,0.0,0.0,0.0,0.0,0.0,0.0,0.0,0.0,0.0,69.2,0,150,71,55,65476,0,300,0,1,8,20529,65476,0,0,40632,65.0,0.0,0.0,0.0,0.0,0.0
2026-09-04T20:20:37,ERR,ERR,ERR,ERR,ERR,ERR,ERR,ERR,ERR,ERR,ERR,ERR,ERR,ERR,ERR,ERR,ERR,ERR,ERR,ERR,ERR,ERR,ERR,ERR,ERR,ERR,ERR,ERR,ERR,ERR,ERR,ERR,ERR,ERR,ERR,ERR,ERR,ERR,ERR,ERR,ERR,ERR,ERR,ERR,ERR,ERR,ERR,ERR,ERR,ERR,ERR,ERR,ERR,ERR,ERR,ERR,ERR,ERR,ERR,ERR,ERR,ERR,ERR,ERR,ERR,ERR,ERR,ERR,ERR,ERR,ERR,ERR,ERR,ERR,ERR,ERR,ERR,ERR,ERR,ERR,ERR,ERR,ERR,ERR,ERR,ERR,ERR,ERR,ERR,ERR,ERR,ERR,ERR,ERR,ERR,ERR,ERR,ERR,ERR,ERR,ERR,ERR,ERR,ERR,ERR,ERR,ERR,ERR,ERR,ERR,ERR,ERR,ERR,ERR,ERR,ERR,ERR,ERR,ERR,ERR,ERR,ERR,ERR,ERR,ERR,0.0,2.7184312818759872e+23,-100793952.0,0.0,0.0,1.3936040501711995e+18,7.805,0.0,0,0,4,0,7116,0.0,100,0.0,0.0,0.0,0.0,0.0,0,0,0,0,0.0,0,0,0,0,0,0,0,0,0,0,0,0,0,0,0,0,0,0,0,0,0,0,0,0,0,0,0,0,0,0,0,0,0,31,40,40,71,65476,0,300,0,0,8,21553,0.0,-107605600.0,0.0,0.0,0.0,0.0,0.0,0.0,0.0,0.0,0.0,0.0,0.0,0.0,0.0,0.0,0.0,0.0,0.0,0.0,0.0,0.0,-2.004,-2.004,-2.004,0.0,0.0,0.0,0.0,0.0,6301.0,0.0,6914.0,0.0,2.7184312818759872e+23,-0.0,2.718430741444032e+23,0.0,0.0,0.0,0.0,69,126841176064.0,-2.3088368474347327e+20,0.0,0.0,0.0,0.0,0.0,0.0,0.0,0,0,0,0.0,0.0,0.0,0.0,0.0,0.0,0.0,0.0,0.0,0.0,0.0,0.0,0.0,0.0,0.0,0.0,0,-107875648.0,69,0.0,138,0.0,-109447200.0,0,13107,17040,26215,17049,13107,17043,0,0,0,70,68,100,2.7302359370752657e+23,71.2,2.7302370179391762e+23,74.2,2.7302370179391762e+23,74.0,1,49,50,180,13107,52429,0,0,0.0,0.0,0.0,0.0,-0.0,67.0,0.0,162057.094,0.0,751,0,739,0,0,0,721,0,767,0,736,0,742,0,742,0,712,0,7520,0.032,108447924224.0,0.0,0.0,784,16797,-0.0,162057.094,-114818.039,-0.0,0.133,6.909358625270745e+28,30.0,65.0,35,0.0,0.0,0.0,0.0,0.0,0.0,0.0,0.0,0.0,0.0,0.0,0.0,0.0,0.0,0.0,0.0,69.2,0,150,71,55,65476,0,300,0,1,8,20529,65476,0,0,40632,65.0,0.0,0.0,0.0,0.0,0.0
2026-09-04T20:20:38,ERR,ERR,ERR,ERR,ERR,ERR,ERR,ERR,ERR,ERR,ERR,ERR,ERR,ERR,ERR,ERR,ERR,ERR,ERR,ERR,ERR,ERR,ERR,ERR,ERR,ERR,ERR,ERR,ERR,ERR,ERR,ERR,ERR,ERR,ERR,ERR,ERR,ERR,ERR,ERR,ERR,ERR,ERR,ERR,ERR,ERR,ERR,ERR,ERR,ERR,ERR,ERR,ERR,ERR,ERR,ERR,ERR,ERR,ERR,ERR,ERR,ERR,ERR,ERR,ERR,ERR,ERR,ERR,ERR,ERR,ERR,ERR,ERR,ERR,ERR,ERR,ERR,ERR,ERR,ERR,ERR,ERR,ERR,ERR,ERR,ERR,ERR,ERR,ERR,ERR,ERR,ERR,ERR,ERR,ERR,ERR,ERR,ERR,ERR,ERR,ERR,ERR,ERR,ERR,ERR,ERR,ERR,ERR,ERR,ERR,ERR,ERR,ERR,ERR,ERR,ERR,ERR,ERR,ERR,ERR,ERR,ERR,ERR,ERR,ERR,0.0,2.7184312818759872e+23,-100793952.0,0.0,0.0,1.3936040501711995e+18,7.805,0.0,0,0,4,0,7116,0.0,100,0.0,0.0,0.0,0.0,0.0,0,0,0,0,0.0,0,0,0,0,0,0,0,0,0,0,0,0,0,0,0,0,0,0,0,0,0,0,0,0,0,0,0,0,0,0,0,0,0,31,40,40,71,65476,0,300,0,0,8,21553,0.0,-107605600.0,0.0,0.0,0.0,0.0,0.0,0.0,0.0,0.0,0.0,0.0,0.0,0.0,0.0,0.0,0.0,0.0,0.0,0.0,0.0,0.0,-2.004,-2.004,-2.004,0.0,0.0,0.0,0.0,0.0,6301.0,0.0,6914.0,0.0,2.7184312818759872e+23,-0.0,2.718430741444032e+23,0.0,0.0,0.0,0.0,69,126841176064.0,-2.3088368474347327e+20,0.0,0.0,0.0,0.0,0.0,0.0,0.0,0,0,0,0.0,0.0,0.0,0.0,0.0,0.0,0.0,0.0,0.0,0.0,0.0,0.0,0.0,0.0,0.0,0.0,0,-107875648.0,69,0.0,138,0.0,-109447200.0,0,13107,17040,26215,17049,13107,17043,0,0,0,70,68,100,2.7302359370752657e+23,71.2,2.7302370179391762e+23,74.2,2.7302370179391762e+23,74.0,1,49,50,180,13107,52429,0,0,0.0,0.0,0.0,0.0,-0.0,67.0,0.0,162057.094,0.0,751,0,739,0,0,0,721,0,767,0,736,0,742,0,742,0,712,0,7520,0.032,108447924224.0,0.0,0.0,784,16797,-0.0,162057.094,-114818.039,-0.0,0.133,6.909358625270745e+28,30.0,65.0,35,0.0,0.0,0.0,0.0,0.0,0.0,0.0,0.0,0.0,0.0,0.0,0.0,0.0,0.0,0.0,0.0,69.2,0,150,71,55,65476,0,300,0,1,8,20529,65476,0,0,40632,65.0,0.0,0.0,0.0,0.0,0.0
2026-09-04T20:20:39,ERR,ERR,ERR,ERR,ERR,ERR,ERR,ERR,ERR,ERR,ERR,ERR,ERR,ERR,ERR,ERR,ERR,ERR,ERR,ERR,ERR,ERR,ERR,ERR,ERR,ERR,ERR,ERR,ERR,ERR,ERR,ERR,ERR,ERR,ERR,ERR,ERR,ERR,ERR,ERR,ERR,ERR,ERR,ERR,ERR,ERR,ERR,ERR,ERR,ERR,ERR,ERR,ERR,ERR,ERR,ERR,ERR,ERR,ERR,ERR,ERR,ERR,ERR,ERR,ERR,ERR,ERR,ERR,ERR,ERR,ERR,ERR,ERR,ERR,ERR,ERR,ERR,ERR,ERR,ERR,ERR,ERR,ERR,ERR,ERR,ERR,ERR,ERR,ERR,ERR,ERR,ERR,ERR,ERR,ERR,ERR,ERR,ERR,ERR,ERR,ERR,ERR,ERR,ERR,ERR,ERR,ERR,ERR,ERR,ERR,ERR,ERR,ERR,ERR,ERR,ERR,ERR,ERR,ERR,ERR,ERR,ERR,ERR,ERR,ERR,0.0,2.7184312818759872e+23,-100793952.0,0.0,0.0,1.3936040501711995e+18,7.805,0.0,0,0,4,0,7116,0.0,100,0.0,0.0,0.0,0.0,0.0,0,0,0,0,0.0,0,0,0,0,0,0,0,0,0,0,0,0,0,0,0,0,0,0,0,0,0,0,0,0,0,0,0,0,0,0,0,0,0,31,40,40,71,65476,0,300,0,0,8,21553,0.0,-107605600.0,0.0,0.0,0.0,0.0,0.0,0.0,0.0,0.0,0.0,0.0,0.0,0.0,0.0,0.0,0.0,0.0,0.0,0.0,0.0,0.0,-2.004,-2.004,-2.004,0.0,0.0,0.0,0.0,0.0,6301.0,0.0,6914.0,0.0,2.7184312818759872e+23,-0.0,2.718430741444032e+23,0.0,0.0,0.0,0.0,69,126841176064.0,-2.3088368474347327e+20,0.0,0.0,0.0,0.0,0.0,0.0,0.0,0,0,0,0.0,0.0,0.0,0.0,0.0,0.0,0.0,0.0,0.0,0.0,0.0,0.0,0.0,0.0,0.0,0.0,0,-107875648.0,69,0.0,138,0.0,-109447200.0,0,13107,17040,26215,17049,13107,17043,0,0,0,70,68,100,2.7302359370752657e+23,71.2,2.7302370179391762e+23,74.2,2.7302370179391762e+23,74.0,1,49,50,180,13107,52429,0,0,0.0,0.0,0.0,0.0,-0.0,67.0,0.0,162057.094,0.0,751,0,739,0,0,0,721,0,766,0,736,0,742,0,742,0,712,0,7520,0.032,79456894976.0,0.0,0.0,784,16797,-0.0,162057.094,-114818.039,-0.0,0.133,6.909358625270745e+28,30.0,65.0,35,0.0,0.0,0.0,0.0,0.0,0.0,0.0,0.0,0.0,0.0,0.0,0.0,0.0,0.0,0.0,0.0,69.2,0,150,71,55,65476,0,300,0,1,8,20529,65476,0,0,40632,65.0,0.0,0.0,0.0,0.0,0.0
2026-09-04T20:20:40,ERR,ERR,ERR,ERR,ERR,ERR,ERR,ERR,ERR,ERR,ERR,ERR,ERR,ERR,ERR,ERR,ERR,ERR,ERR,ERR,ERR,ERR,ERR,ERR,ERR,ERR,ERR,ERR,ERR,ERR,ERR,ERR,ERR,ERR,ERR,ERR,ERR,ERR,ERR,ERR,ERR,ERR,ERR,ERR,ERR,ERR,ERR,ERR,ERR,ERR,ERR,ERR,ERR,ERR,ERR,ERR,ERR,ERR,ERR,ERR,ERR,ERR,ERR,ERR,ERR,ERR,ERR,ERR,ERR,ERR,ERR,ERR,ERR,ERR,ERR,ERR,ERR,ERR,ERR,ERR,ERR,ERR,ERR,ERR,ERR,ERR,ERR,ERR,ERR,ERR,ERR,ERR,ERR,ERR,ERR,ERR,ERR,ERR,ERR,ERR,ERR,ERR,ERR,ERR,ERR,ERR,ERR,ERR,ERR,ERR,ERR,ERR,ERR,ERR,ERR,ERR,ERR,ERR,ERR,ERR,ERR,ERR,ERR,ERR,ERR,0.0,2.7184312818759872e+23,-100793952.0,0.0,0.0,1.3936040501711995e+18,7.805,0.0,0,0,4,0,7116,0.0,100,0.0,0.0,0.0,0.0,0.0,0,0,0,0,0.0,0,0,0,0,0,0,0,0,0,0,0,0,0,0,0,0,0,0,0,0,0,0,0,0,0,0,0,0,0,0,0,0,0,31,40,40,71,65476,0,300,0,0,8,21553,0.0,-107605600.0,0.0,0.0,0.0,0.0,0.0,0.0,0.0,0.0,0.0,0.0,0.0,0.0,0.0,0.0,0.0,0.0,0.0,0.0,0.0,0.0,-2.004,-2.004,-2.004,0.0,0.0,0.0,0.0,0.0,6301.0,0.0,6914.0,0.0,2.7184312818759872e+23,-0.0,2.718430741444032e+23,0.0,0.0,0.0,0.0,69,126841176064.0,-2.3088368474347327e+20,0.0,0.0,0.0,0.0,0.0,0.0,0.0,0,0,0,0.0,0.0,0.0,0.0,0.0,0.0,0.0,0.0,0.0,0.0,0.0,0.0,0.0,0.0,0.0,0.0,0,-107875648.0,69,0.0,138,0.0,-109447200.0,0,13107,17040,26215,17049,13107,17043,0,0,0,70,68,100,2.7302359370752657e+23,71.2,2.7302370179391762e+23,74.2,2.7302370179391762e+23,74.0,1,49,50,180,13107,52429,0,0,0.0,0.0,0.0,0.0,-0.0,67.0,0.0,162057.094,0.0,751,0,739,0,0,0,721,0,766,0,736,0,742,0,742,0,712,0,7520,0.032,79456894976.0,0.0,0.0,784,16797,-0.0,162057.094,-114818.039,-0.0,0.133,6.909358625270745e+28,30.0,65.0,35,0.0,0.0,0.0,0.0,0.0,0.0,0.0,0.0,0.0,0.0,0.0,0.0,0.0,0.0,0.0,0.0,69.2,0,150,71,55,65476,0,300,0,1,8,20529,65476,0,0,40632,65.0,0.0,0.0,0.0,0.0,0.0
2026-09-04T20:20:41,ERR,ERR,ERR,ERR,ERR,ERR,ERR,ERR,ERR,ERR,ERR,ERR,ERR,ERR,ERR,ERR,ERR,ERR,ERR,ERR,ERR,ERR,ERR,ERR,ERR,ERR,ERR,ERR,ERR,ERR,ERR,ERR,ERR,ERR,ERR,ERR,ERR,ERR,ERR,ERR,ERR,ERR,ERR,ERR,ERR,ERR,ERR,ERR,ERR,ERR,ERR,ERR,ERR,ERR,ERR,ERR,ERR,ERR,ERR,ERR,ERR,ERR,ERR,ERR,ERR,ERR,ERR,ERR,ERR,ERR,ERR,ERR,ERR,ERR,ERR,ERR,ERR,ERR,ERR,ERR,ERR,ERR,ERR,ERR,ERR,ERR,ERR,ERR,ERR,ERR,ERR,ERR,ERR,ERR,ERR,ERR,ERR,ERR,ERR,ERR,ERR,ERR,ERR,ERR,ERR,ERR,ERR,ERR,ERR,ERR,ERR,ERR,ERR,ERR,ERR,ERR,ERR,ERR,ERR,ERR,ERR,ERR,ERR,ERR,ERR,0.0,2.7184312818759872e+23,-100793952.0,0.0,0.0,1.3936040501711995e+18,7.805,0.0,0,0,4,0,7116,0.0,100,0.0,0.0,0.0,0.0,0.0,0,0,0,0,0.0,0,0,0,0,0,0,0,0,0,0,0,0,0,0,0,0,0,0,0,0,0,0,0,0,0,0,0,0,0,0,0,0,0,31,40,40,71,65476,0,300,0,0,8,21553,0.0,-107605600.0,0.0,0.0,0.0,0.0,0.0,0.0,0.0,0.0,0.0,0.0,0.0,0.0,0.0,0.0,0.0,0.0,0.0,0.0,0.0,0.0,-2.004,-2.004,-0.0,0.0,0.0,0.0,0.0,0.0,6244.0,-0.0,6935.0,2.718430741444032e+23,2.7184312818759872e+23,-0.0,2.718430741444032e+23,0.0,0.0,0.0,0.0,69,5.848086582142772e+35,-0.0,0.0,0.0,0.0,0.0,0.0,0.0,0.0,0,0,0,0.0,0.0,0.0,0.0,0.0,0.0,0.0,0.0,0.0,0.0,0.0,0.0,0.0,0.0,0.0,0.0,0,-107875648.0,69,0.0,138,0.0,-109447200.0,0,13107,17040,26215,17049,13107,17043,0,0,0,70,68,100,2.7302359370752657e+23,71.2,2.7302370179391762e+23,74.2,2.7302370179391762e+23,74.0,1,49,50,180,13107,52429,0,0,0.0,0.0,0.0,0.0,-0.0,67.0,0.0,162057.094,0.0,751,0,739,0,0,0,721,0,766,0,736,0,742,0,742,0,712,0,7520,0.032,79456894976.0,0.0,0.0,784,16797,-0.0,162057.094,-114818.039,-0.0,0.133,6.909358625270745e+28,30.0,65.0,35,0.0,0.0,0.0,0.0,0.0,0.0,0.0,0.0,0.0,0.0,0.0,0.0,0.0,0.0,0.0,0.0,69.2,0,150,71,55,65476,0,300,0,1,8,20529,65476,0,0,40632,65.0,0.0,0.0,0.0,0.0,0.0
2026-09-04T20:20:42,ERR,ERR,ERR,ERR,ERR,ERR,ERR,ERR,ERR,ERR,ERR,ERR,ERR,ERR,ERR,ERR,ERR,ERR,ERR,ERR,ERR,ERR,ERR,ERR,ERR,ERR,ERR,ERR,ERR,ERR,ERR,ERR,ERR,ERR,ERR,ERR,ERR,ERR,ERR,ERR,ERR,ERR,ERR,ERR,ERR,ERR,ERR,ERR,ERR,ERR,ERR,ERR,ERR,ERR,ERR,ERR,ERR,ERR,ERR,ERR,ERR,ERR,ERR,ERR,ERR,ERR,ERR,ERR,ERR,ERR,ERR,ERR,ERR,ERR,ERR,ERR,ERR,ERR,ERR,ERR,ERR,ERR,ERR,ERR,ERR,ERR,ERR,ERR,ERR,ERR,ERR,ERR,ERR,ERR,ERR,ERR,ERR,ERR,ERR,ERR,ERR,ERR,ERR,ERR,ERR,ERR,ERR,ERR,ERR,ERR,ERR,ERR,ERR,ERR,ERR,ERR,ERR,ERR,ERR,ERR,ERR,ERR,ERR,ERR,ERR,0.0,2.7184312818759872e+23,-100793952.0,0.0,0.0,1.3936040501711995e+18,7.805,0.0,0,0,4,0,7116,0.0,100,0.0,0.0,0.0,0.0,0.0,0,0,0,0,0.0,0,0,0,0,0,0,0,0,0,0,0,0,0,0,0,0,0,0,0,0,0,0,0,0,0,0,0,0,0,0,0,0,0,31,40,40,71,65476,0,300,0,0,8,21553,0.0,-107605600.0,0.0,0.0,0.0,0.0,0.0,0.0,0.0,0.0,0.0,0.0,0.0,0.0,0.0,0.0,0.0,0.0,0.0,0.0,0.0,0.0,-2.004,-2.004,-0.0,0.0,0.0,0.0,0.0,0.0,6244.0,-0.0,6935.0,2.718430741444032e+23,2.7184312818759872e+23,-0.0,2.718430741444032e+23,0.0,0.0,0.0,0.0,69,5.848086582142772e+35,-0.0,0.0,0.0,0.0,0.0,0.0,0.0,0.0,0,0,0,0.0,0.0,0.0,0.0,0.0,0.0,0.0,0.0,0.0,0.0,0.0,0.0,0.0,0.0,0.0,0.0,0,-107875648.0,69,0.0,138,0.0,-109447200.0,0,13107,17040,26215,17049,13107,17043,0,0,0,70,68,100,2.7302359370752657e+23,71.2,2.7302370179391762e+23,74.2,2.7302370179391762e+23,74.0,1,49,50,180,13107,52429,0,0,0.0,0.0,0.0,0.0,-0.0,67.0,0.0,162057.094,0.0,751,0,739,0,0,0,721,0,766,0,736,0,742,0,742,0,712,0,7520,0.032,79456894976.0,0.0,0.0,784,16797,-0.0,162057.094,-114818.039,-0.0,0.133,6.909358625270745e+28,30.0,65.0,35,0.0,0.0,0.0,0.0,0.0,0.0,0.0,0.0,0.0,0.0,0.0,0.0,0.0,0.0,0.0,0.0,69.2,0,150,71,55,65476,0,300,0,1,8,20529,65476,0,0,40632,65.0,0.0,0.0,0.0,0.0,0.0
2026-09-04T20:20:43,ERR,ERR,ERR,ERR,ERR,ERR,ERR,ERR,ERR,ERR,ERR,ERR,ERR,ERR,ERR,ERR,ERR,ERR,ERR,ERR,ERR,ERR,ERR,ERR,ERR,ERR,ERR,ERR,ERR,ERR,ERR,ERR,ERR,ERR,ERR,ERR,ERR,ERR,ERR,ERR,ERR,ERR,ERR,ERR,ERR,ERR,ERR,ERR,ERR,ERR,ERR,ERR,ERR,ERR,ERR,ERR,ERR,ERR,ERR,ERR,ERR,ERR,ERR,ERR,ERR,ERR,ERR,ERR,ERR,ERR,ERR,ERR,ERR,ERR,ERR,ERR,ERR,ERR,ERR,ERR,ERR,ERR,ERR,ERR,ERR,ERR,ERR,ERR,ERR,ERR,ERR,ERR,ERR,ERR,ERR,ERR,ERR,ERR,ERR,ERR,ERR,ERR,ERR,ERR,ERR,ERR,ERR,ERR,ERR,ERR,ERR,ERR,ERR,ERR,ERR,ERR,ERR,ERR,ERR,ERR,ERR,ERR,ERR,ERR,ERR,0.0,2.7184312818759872e+23,-100793952.0,0.0,0.0,1.3936040501711995e+18,7.805,0.0,0,0,4,0,7116,0.0,100,0.0,0.0,0.0,0.0,0.0,0,0,0,0,0.0,0,0,0,0,0,0,0,0,0,0,0,0,0,0,0,0,0,0,0,0,0,0,0,0,0,0,0,0,0,0,0,0,0,31,40,40,71,65476,0,300,0,0,8,21553,0.0,-107605600.0,0.0,0.0,0.0,0.0,0.0,0.0,0.0,0.0,0.0,0.0,0.0,0.0,0.0,0.0,0.0,0.0,0.0,0.0,0.0,0.0,-2.004,-2.004,-0.0,0.0,0.0,0.0,0.0,0.0,6244.0,-0.0,6935.0,2.718430741444032e+23,2.7184312818759872e+23,-0.0,2.718430741444032e+23,0.0,0.0,0.0,0.0,69,5.848086582142772e+35,-0.0,0.0,0.0,0.0,0.0,0.0,0.0,0.0,0,0,0,0.0,0.0,0.0,0.0,0.0,0.0,0.0,0.0,0.0,0.0,0.0,0.0,0.0,0.0,0.0,0.0,0,-107875648.0,69,0.0,138,0.0,-109447200.0,0,13107,17040,26215,17049,13107,17043,0,0,0,70,68,100,2.7302359370752657e+23,71.2,2.7302370179391762e+23,74.2,2.7302370179391762e+23,74.0,1,49,50,180,13107,52429,0,0,0.0,0.0,0.0,0.0,-0.0,67.0,0.0,162057.094,0.0,751,0,739,0,0,0,721,0,767,0,736,0,742,0,742,0,712,0,7520,0.032,99321118720.0,0.0,0.0,784,16797,-0.0,162057.094,-114818.039,-0.0,0.133,6.909358625270745e+28,30.0,65.0,35,0.0,0.0,0.0,0.0,0.0,0.0,0.0,0.0,0.0,0.0,0.0,0.0,0.0,0.0,0.0,0.0,69.2,0,150,71,55,65476,0,300,0,1,8,20529,65476,0,0,40632,65.0,0.0,0.0,0.0,0.0,0.0
2026-09-04T20:20:44,ERR,ERR,ERR,ERR,ERR,ERR,ERR,ERR,ERR,ERR,ERR,ERR,ERR,ERR,ERR,ERR,ERR,ERR,ERR,ERR,ERR,ERR,ERR,ERR,ERR,ERR,ERR,ERR,ERR,ERR,ERR,ERR,ERR,ERR,ERR,ERR,ERR,ERR,ERR,ERR,ERR,ERR,ERR,ERR,ERR,ERR,ERR,ERR,ERR,ERR,ERR,ERR,ERR,ERR,ERR,ERR,ERR,ERR,ERR,ERR,ERR,ERR,ERR,ERR,ERR,ERR,ERR,ERR,ERR,ERR,ERR,ERR,ERR,ERR,ERR,ERR,ERR,ERR,ERR,ERR,ERR,ERR,ERR,ERR,ERR,ERR,ERR,ERR,ERR,ERR,ERR,ERR,ERR,ERR,ERR,ERR,ERR,ERR,ERR,ERR,ERR,ERR,ERR,ERR,ERR,ERR,ERR,ERR,ERR,ERR,ERR,ERR,ERR,ERR,ERR,ERR,ERR,ERR,ERR,ERR,ERR,ERR,ERR,ERR,ERR,0.0,2.7184312818759872e+23,-100793952.0,0.0,0.0,1.3936040501711995e+18,7.805,0.0,0,0,4,0,7116,0.0,100,0.0,0.0,0.0,0.0,0.0,0,0,0,0,0.0,0,0,0,0,0,0,0,0,0,0,0,0,0,0,0,0,0,0,0,0,0,0,0,0,0,0,0,0,0,0,0,0,0,31,40,40,71,65476,0,300,0,0,8,21553,0.0,-107605600.0,0.0,0.0,0.0,0.0,0.0,0.0,0.0,0.0,0.0,0.0,0.0,0.0,0.0,0.0,0.0,0.0,0.0,0.0,0.0,0.0,-2.004,-2.004,-0.0,0.0,0.0,0.0,0.0,0.0,6244.0,-0.0,6935.0,2.718430741444032e+23,2.7184312818759872e+23,-0.0,2.718430741444032e+23,0.0,0.0,0.0,0.0,69,5.848086582142772e+35,-0.0,0.0,0.0,0.0,0.0,0.0,0.0,0.0,0,0,0,0.0,0.0,0.0,0.0,0.0,0.0,0.0,0.0,0.0,0.0,0.0,0.0,0.0,0.0,0.0,0.0,0,-107875648.0,69,0.0,138,0.0,-109447200.0,0,13107,17040,26215,17049,13107,17043,0,0,0,70,68,100,2.7302359370752657e+23,71.2,2.7302370179391762e+23,74.2,2.7302370179391762e+23,74.0,1,49,50,180,13107,52429,0,0,0.0,0.0,0.0,0.0,-0.0,67.0,0.0,162057.094,0.0,751,0,739,0,0,0,721,0,767,0,736,0,742,0,742,0,712,0,7520,0.032,99321118720.0,0.0,0.0,784,16797,-0.0,162057.094,-114818.039,-0.0,0.133,6.909358625270745e+28,30.0,65.0,35,0.0,0.0,0.0,0.0,0.0,0.0,0.0,0.0,0.0,0.0,0.0,0.0,0.0,0.0,0.0,0.0,69.2,0,150,71,55,65476,0,300,0,1,8,20529,65476,0,0,40632,65.0,0.0,0.0,0.0,0.0,0.0
2026-09-04T20:20:45,ERR,ERR,ERR,ERR,ERR,ERR,ERR,ERR,ERR,ERR,ERR,ERR,ERR,ERR,ERR,ERR,ERR,ERR,ERR,ERR,ERR,ERR,ERR,ERR,ERR,ERR,ERR,ERR,ERR,ERR,ERR,ERR,ERR,ERR,ERR,ERR,ERR,ERR,ERR,ERR,ERR,ERR,ERR,ERR,ERR,ERR,ERR,ERR,ERR,ERR,ERR,ERR,ERR,ERR,ERR,ERR,ERR,ERR,ERR,ERR,ERR,ERR,ERR,ERR,ERR,ERR,ERR,ERR,ERR,ERR,ERR,ERR,ERR,ERR,ERR,ERR,ERR,ERR,ERR,ERR,ERR,ERR,ERR,ERR,ERR,ERR,ERR,ERR,ERR,ERR,ERR,ERR,ERR,ERR,ERR,ERR,ERR,ERR,ERR,ERR,ERR,ERR,ERR,ERR,ERR,ERR,ERR,ERR,ERR,ERR,ERR,ERR,ERR,ERR,ERR,ERR,ERR,ERR,ERR,ERR,ERR,ERR,ERR,ERR,ERR,0.0,2.7184312818759872e+23,-100793952.0,0.0,0.0,1.3936040501711995e+18,7.805,0.0,0,0,4,0,7116,0.0,100,0.0,0.0,0.0,0.0,0.0,0,0,0,0,0.0,0,0,0,0,0,0,0,0,0,0,0,0,0,0,0,0,0,0,0,0,0,0,0,0,0,0,0,0,0,0,0,0,0,31,40,40,71,65476,0,300,0,0,8,21553,0.0,-107605600.0,0.0,0.0,0.0,0.0,0.0,0.0,0.0,0.0,0.0,0.0,0.0,0.0,0.0,0.0,0.0,0.0,0.0,0.0,0.0,0.0,-2.004,-2.004,-0.0,0.0,0.0,0.0,0.0,0.0,6244.0,-0.0,6935.0,2.718430741444032e+23,2.7184312818759872e+23,-0.0,2.718430741444032e+23,0.0,0.0,0.0,0.0,69,5.848086582142772e+35,-0.0,0.0,0.0,0.0,0.0,0.0,0.0,0.0,0,0,0,0.0,0.0,0.0,0.0,0.0,0.0,0.0,0.0,0.0,0.0,0.0,0.0,0.0,0.0,0.0,0.0,0,-107875648.0,69,0.0,138,0.0,-109447200.0,0,13107,17040,26215,17049,13107,17043,0,0,0,70,68,100,2.7302359370752657e+23,71.2,2.7302370179391762e+23,74.2,2.7302370179391762e+23,74.0,1,49,50,180,13107,52429,0,0,0.0,0.0,0.0,0.0,-0.0,67.0,0.0,162057.094,0.0,751,0,739,0,0,0,721,0,767,0,736,0,742,0,742,0,712,0,7520,0.032,99321118720.0,0.0,0.0,784,16797,-0.0,162057.094,-114818.039,-0.0,0.133,6.909358625270745e+28,30.0,65.0,35,0.0,0.0,0.0,0.0,0.0,0.0,0.0,0.0,0.0,0.0,0.0,0.0,0.0,0.0,0.0,0.0,69.2,0,150,71,55,65476,0,300,0,1,8,20529,65476,0,0,40632,65.0,0.0,0.0,0.0,0.0,0.0
2026-09-04T20:20:46,ERR,ERR,ERR,ERR,ERR,ERR,ERR,ERR,ERR,ERR,ERR,ERR,ERR,ERR,ERR,ERR,ERR,ERR,ERR,ERR,ERR,ERR,ERR,ERR,ERR,ERR,ERR,ERR,ERR,ERR,ERR,ERR,ERR,ERR,ERR,ERR,ERR,ERR,ERR,ERR,ERR,ERR,ERR,ERR,ERR,ERR,ERR,ERR,ERR,ERR,ERR,ERR,ERR,ERR,ERR,ERR,ERR,ERR,ERR,ERR,ERR,ERR,ERR,ERR,ERR,ERR,ERR,ERR,ERR,ERR,ERR,ERR,ERR,ERR,ERR,ERR,ERR,ERR,ERR,ERR,ERR,ERR,ERR,ERR,ERR,ERR,ERR,ERR,ERR,ERR,ERR,ERR,ERR,ERR,ERR,ERR,ERR,ERR,ERR,ERR,ERR,ERR,ERR,ERR,ERR,ERR,ERR,ERR,ERR,ERR,ERR,ERR,ERR,ERR,ERR,ERR,ERR,ERR,ERR,ERR,ERR,ERR,ERR,ERR,ERR,0.0,2.7184312818759872e+23,-100793952.0,0.0,0.0,1.3936040501711995e+18,7.805,0.0,0,0,4,0,7116,0.0,100,0.0,0.0,0.0,0.0,0.0,0,0,0,0,0.0,0,0,0,0,0,0,0,0,0,0,0,0,0,0,0,0,0,0,0,0,0,0,0,0,0,0,0,0,0,0,0,0,0,31,40,40,71,65476,0,300,0,0,8,21553,0.0,-107605600.0,0.0,0.0,0.0,0.0,0.0,0.0,0.0,0.0,0.0,0.0,0.0,0.0,0.0,0.0,0.0,0.0,0.0,0.0,0.0,0.0,-2.004,-2.004,-0.0,0.0,0.0,0.0,0.0,0.0,6244.0,-0.0,6935.0,2.718430741444032e+23,2.7184312818759872e+23,-0.0,2.718430741444032e+23,0.0,0.0,0.0,0.0,69,5.848086582142772e+35,-0.0,0.0,0.0,0.0,0.0,0.0,0.0,0.0,0,0,0,0.0,0.0,0.0,0.0,0.0,0.0,0.0,0.0,0.0,0.0,0.0,0.0,0.0,0.0,0.0,0.0,0,-107875648.0,69,0.0,138,0.0,-109447200.0,0,13107,17040,26215,17049,13107,17043,0,0,0,70,68,100,2.7302359370752657e+23,71.2,2.7302370179391762e+23,74.2,2.7302370179391762e+23,74.0,1,49,50,180,13107,52429,0,0,0.0,0.0,0.0,0.0,-0.0,67.0,0.0,162057.094,0.0,751,0,739,0,0,0,721,0,767,0,736,0,742,0,742,0,712,0,7520,0.032,99321118720.0,0.0,0.0,784,16797,-0.0,162057.094,-114818.039,-0.0,0.133,6.909358625270745e+28,30.0,65.0,35,0.0,0.0,0.0,0.0,0.0,0.0,0.0,0.0,0.0,0.0,0.0,0.0,0.0,0.0,0.0,0.0,69.6,0,150,71,55,65476,0,300,0,1,8,20529,65476,0,0,40632,65.0,0.0,0.0,0.0,0.0,0.0
2026-09-04T20:20:47,ERR,ERR,ERR,ERR,ERR,ERR,ERR,ERR,ERR,ERR,ERR,ERR,ERR,ERR,ERR,ERR,ERR,ERR,ERR,ERR,ERR,ERR,ERR,ERR,ERR,ERR,ERR,ERR,ERR,ERR,ERR,ERR,ERR,ERR,ERR,ERR,ERR,ERR,ERR,ERR,ERR,ERR,ERR,ERR,ERR,ERR,ERR,ERR,ERR,ERR,ERR,ERR,ERR,ERR,ERR,ERR,ERR,ERR,ERR,ERR,ERR,ERR,ERR,ERR,ERR,ERR,ERR,ERR,ERR,ERR,ERR,ERR,ERR,ERR,ERR,ERR,ERR,ERR,ERR,ERR,ERR,ERR,ERR,ERR,ERR,ERR,ERR,ERR,ERR,ERR,ERR,ERR,ERR,ERR,ERR,ERR,ERR,ERR,ERR,ERR,ERR,ERR,ERR,ERR,ERR,ERR,ERR,ERR,ERR,ERR,ERR,ERR,ERR,ERR,ERR,ERR,ERR,ERR,ERR,ERR,ERR,ERR,ERR,ERR,ERR,0.0,2.7184312818759872e+23,-100793952.0,0.0,0.0,1.3936040501711995e+18,7.805,0.0,0,0,4,0,7116,0.0,100,0.0,0.0,0.0,0.0,0.0,0,0,0,0,0.0,0,0,0,0,0,0,0,0,0,0,0,0,0,0,0,0,0,0,0,0,0,0,0,0,0,0,0,0,0,0,0,0,0,31,40,40,71,65476,0,300,0,0,8,21553,0.0,-107605600.0,0.0,0.0,0.0,0.0,0.0,0.0,0.0,0.0,0.0,0.0,0.0,0.0,0.0,0.0,0.0,0.0,0.0,0.0,0.0,0.0,-2.004,-2.004,-0.0,0.0,0.0,0.0,0.0,0.0,6244.0,-0.0,6935.0,2.718430741444032e+23,2.7184312818759872e+23,-0.0,2.718430741444032e+23,0.0,0.0,0.0,0.0,69,5.848086582142772e+35,-0.0,0.0,0.0,0.0,0.0,0.0,0.0,0.0,0,0,0,0.0,0.0,0.0,0.0,0.0,0.0,0.0,0.0,0.0,0.0,0.0,0.0,0.0,0.0,0.0,0.0,0,-107875648.0,69,0.0,138,0.0,-109447200.0,0,13107,17040,26215,17049,13107,17043,0,0,0,70,68,100,2.7302359370752657e+23,71.2,2.7302370179391762e+23,74.2,2.7302370179391762e+23,74.0,1,49,50,180,13107,52429,0,0,0.0,0.0,0.0,0.0,-0.0,67.0,0.0,162057.094,0.0,751,0,739,0,0,0,721,0,767,0,736,0,742,0,742,0,712,0,7520,0.032,99321118720.0,0.0,0.0,784,16797,-0.0,162057.094,-114818.039,-0.0,0.133,6.909358625270745e+28,30.0,65.0,35,0.0,0.0,0.0,0.0,0.0,0.0,0.0,0.0,0.0,0.0,0.0,0.0,0.0,0.0,0.0,0.0,69.6,0,150,71,55,65476,0,300,0,1,8,20529,65476,0,0,40632,65.0,0.0,0.0,0.0,0.0,0.0
2026-09-04T20:20:48,ERR,ERR,ERR,ERR,ERR,ERR,ERR,ERR,ERR,ERR,ERR,ERR,ERR,ERR,ERR,ERR,ERR,ERR,ERR,ERR,ERR,ERR,ERR,ERR,ERR,ERR,ERR,ERR,ERR,ERR,ERR,ERR,ERR,ERR,ERR,ERR,ERR,ERR,ERR,ERR,ERR,ERR,ERR,ERR,ERR,ERR,ERR,ERR,ERR,ERR,ERR,ERR,ERR,ERR,ERR,ERR,ERR,ERR,ERR,ERR,ERR,ERR,ERR,ERR,ERR,ERR,ERR,ERR,ERR,ERR,ERR,ERR,ERR,ERR,ERR,ERR,ERR,ERR,ERR,ERR,ERR,ERR,ERR,ERR,ERR,ERR,ERR,ERR,ERR,ERR,ERR,ERR,ERR,ERR,ERR,ERR,ERR,ERR,ERR,ERR,ERR,ERR,ERR,ERR,ERR,ERR,ERR,ERR,ERR,ERR,ERR,ERR,ERR,ERR,ERR,ERR,ERR,ERR,ERR,ERR,ERR,ERR,ERR,ERR,ERR,2.718430741444032e+23,2.7184312818759872e+23,0.0,0.0,0.0,1.3936040501711995e+18,7.805,0.0,0,0,4,0,7116,0.0,100,0.0,0.0,0.0,0.0,0.0,0,0,0,0,0.0,0,0,0,0,0,0,0,0,0,0,0,0,0,0,0,0,0,0,0,0,0,0,0,0,0,0,0,0,0,0,0,0,0,31,40,40,71,65476,0,300,0,0,8,21553,0.0,-107605600.0,0.0,0.0,0.0,0.0,0.0,0.0,0.0,0.0,0.0,0.0,0.0,0.0,0.0,0.0,0.0,0.0,0.0,0.0,0.0,0.0,0.0,-2.004,-2.004,0.0,0.0,0.0,0.0,0.0,6240.0,0.0,6919.0,2.718430741444032e+23,2.7184312818759872e+23,-0.0,2.718430741444032e+23,0.0,0.0,0.0,0.0,69,2.7184314620199723e+23,-2.3088366715128722e+20,0.0,0.0,0.0,0.0,0.0,0.0,0.0,0,0,0,0.0,0.0,0.0,0.0,0.0,0.0,0.0,0.0,0.0,0.0,0.0,0.0,0.0,0.0,0.0,0.0,0,-107875648.0,69,0.0,138,0.0,-109447200.0,0,13107,17040,26215,17049,13107,17043,0,0,0,70,68,100,2.7302359370752657e+23,71.2,2.7302370179391762e+23,74.2,2.7302370179391762e+23,74.0,1,49,50,180,13107,52429,0,0,0.0,0.0,0.0,0.0,-0.0,67.0,0.0,162057.094,0.0,751,0,739,0,0,0,721,0,767,0,736,0,742,0,742,0,712,0,7520,0.032,99321118720.0,0.0,0.0,784,16797,-0.0,162057.094,-114818.039,-0.0,0.133,6.909358625270745e+28,30.0,65.0,35,0.0,0.0,0.0,0.0,0.0,0.0,0.0,0.0,0.0,0.0,0.0,0.0,0.0,0.0,0.0,0.0,69.6,0,150,71,55,65476,0,300,0,1,8,20529,65476,0,0,40632,65.0,0.0,0.0,0.0,0.0,0.0
2026-09-04T20:20:49,ERR,ERR,ERR,ERR,ERR,ERR,ERR,ERR,ERR,ERR,ERR,ERR,ERR,ERR,ERR,ERR,ERR,ERR,ERR,ERR,ERR,ERR,ERR,ERR,ERR,ERR,ERR,ERR,ERR,ERR,ERR,ERR,ERR,ERR,ERR,ERR,ERR,ERR,ERR,ERR,ERR,ERR,ERR,ERR,ERR,ERR,ERR,ERR,ERR,ERR,ERR,ERR,ERR,ERR,ERR,ERR,ERR,ERR,ERR,ERR,ERR,ERR,ERR,ERR,ERR,ERR,ERR,ERR,ERR,ERR,ERR,ERR,ERR,ERR,ERR,ERR,ERR,ERR,ERR,ERR,ERR,ERR,ERR,ERR,ERR,ERR,ERR,ERR,ERR,ERR,ERR,ERR,ERR,ERR,ERR,ERR,ERR,ERR,ERR,ERR,ERR,ERR,ERR,ERR,ERR,ERR,ERR,ERR,ERR,ERR,ERR,ERR,ERR,ERR,ERR,ERR,ERR,ERR,ERR,ERR,ERR,ERR,ERR,ERR,ERR,2.718430741444032e+23,2.7184312818759872e+23,0.0,0.0,0.0,1.3936040501711995e+18,7.805,0.0,0,0,4,0,7116,0.0,100,0.0,0.0,0.0,0.0,0.0,0,0,0,0,0.0,0,0,0,0,0,0,0,0,0,0,0,0,0,0,0,0,0,0,0,0,0,0,0,0,0,0,0,0,0,0,0,0,0,31,40,40,71,65476,0,300,0,0,8,21553,0.0,-107605600.0,0.0,0.0,0.0,0.0,0.0,0.0,0.0,0.0,0.0,0.0,0.0,0.0,0.0,0.0,0.0,0.0,0.0,0.0,0.0,0.0,0.0,-2.004,-2.004,0.0,0.0,0.0,0.0,0.0,6240.0,0.0,6919.0,2.718430741444032e+23,2.7184312818759872e+23,-0.0,2.718430741444032e+23,0.0,0.0,0.0,0.0,69,2.7184314620199723e+23,-2.3088366715128722e+20,0.0,0.0,0.0,0.0,0.0,0.0,0.0,0,0,0,0.0,0.0,0.0,0.0,0.0,0.0,0.0,0.0,0.0,0.0,0.0,0.0,0.0,0.0,0.0,0.0,0,-107875648.0,69,0.0,138,0.0,-109447200.0,0,13107,17040,26215,17049,13107,17043,0,0,0,70,68,100,2.7302359370752657e+23,71.2,0.0,74.2,2.7302370179391762e+23,74.0,1,49,50,180,13107,52429,0,0,0.0,0.0,0.0,0.0,-0.0,67.0,0.0,162057.094,0.0,751,0,739,0,0,0,721,0,767,0,736,0,742,0,741,0,712,0,7520,0.032,104689827840.0,0.0,0.0,784,16797,-0.0,162057.094,-114818.039,-0.0,0.133,6.909358625270745e+28,30.0,65.0,35,0.0,0.0,0.0,0.0,0.0,0.0,0.0,0.0,0.0,0.0,0.0,0.0,0.0,0.0,0.0,0.0,69.6,0,150,71,55,65476,0,300,0,1,8,20529,65476,0,0,40632,65.0,0.0,0.0,0.0,0.0,0.0
2026-09-04T20:20:50,ERR,ERR,ERR,ERR,ERR,ERR,ERR,ERR,ERR,ERR,ERR,ERR,ERR,ERR,ERR,ERR,ERR,ERR,ERR,ERR,ERR,ERR,ERR,ERR,ERR,ERR,ERR,ERR,ERR,ERR,ERR,ERR,ERR,ERR,ERR,ERR,ERR,ERR,ERR,ERR,ERR,ERR,ERR,ERR,ERR,ERR,ERR,ERR,ERR,ERR,ERR,ERR,ERR,ERR,ERR,ERR,ERR,ERR,ERR,ERR,ERR,ERR,ERR,ERR,ERR,ERR,ERR,ERR,ERR,ERR,ERR,ERR,ERR,ERR,ERR,ERR,ERR,ERR,ERR,ERR,ERR,ERR,ERR,ERR,ERR,ERR,ERR,ERR,ERR,ERR,ERR,ERR,ERR,ERR,ERR,ERR,ERR,ERR,ERR,ERR,ERR,ERR,ERR,ERR,ERR,ERR,ERR,ERR,ERR,ERR,ERR,ERR,ERR,ERR,ERR,ERR,ERR,ERR,ERR,ERR,ERR,ERR,ERR,ERR,ERR,2.718430741444032e+23,2.7184312818759872e+23,0.0,0.0,0.0,1.3936040501711995e+18,7.805,0.0,0,0,4,0,7116,0.0,100,0.0,0.0,0.0,0.0,0.0,0,0,0,0,0.0,0,0,0,0,0,0,0,0,0,0,0,0,0,0,0,0,0,0,0,0,0,0,0,0,0,0,0,0,0,0,0,0,0,31,40,40,71,65476,0,300,0,0,8,21553,0.0,-107605600.0,0.0,0.0,0.0,0.0,0.0,0.0,0.0,0.0,0.0,0.0,0.0,0.0,0.0,0.0,0.0,0.0,0.0,0.0,0.0,0.0,0.0,-2.004,-2.004,0.0,0.0,0.0,0.0,0.0,6240.0,0.0,6919.0,2.718430741444032e+23,2.7184312818759872e+23,-0.0,2.718430741444032e+23,0.0,0.0,0.0,0.0,69,2.7184314620199723e+23,-2.3088366715128722e+20,0.0,0.0,0.0,0.0,0.0,0.0,0.0,0,0,0,0.0,0.0,0.0,0.0,0.0,0.0,0.0,0.0,0.0,0.0,0.0,0.0,0.0,0.0,0.0,0.0,0,-107875648.0,69,0.0,138,0.0,-109447200.0,0,13107,17040,26215,17049,13107,17043,0,0,0,70,68,100,2.7302359370752657e+23,71.2,0.0,74.2,2.7302370179391762e+23,74.0,1,49,50,180,13107,52429,0,0,0.0,0.0,0.0,0.0,-0.0,67.0,0.0,162057.094,0.0,751,0,739,0,0,0,721,0,767,0,736,0,742,0,741,0,712,0,7520,0.032,104689827840.0,0.0,0.0,784,16797,-0.0,162057.094,-114818.039,-0.0,0.133,6.909358625270745e+28,30.0,65.0,35,0.0,0.0,0.0,0.0,0.0,0.0,0.0,0.0,0.0,0.0,0.0,0.0,0.0,0.0,0.0,0.0,69.6,0,150,71,55,65476,0,300,0,1,8,20529,65476,0,0,40632,65.0,0.0,0.0,0.0,0.0,0.0
2026-09-04T20:20:51,ERR,ERR,ERR,ERR,ERR,ERR,ERR,ERR,ERR,ERR,ERR,ERR,ERR,ERR,ERR,ERR,ERR,ERR,ERR,ERR,ERR,ERR,ERR,ERR,ERR,ERR,ERR,ERR,ERR,ERR,ERR,ERR,ERR,ERR,ERR,ERR,ERR,ERR,ERR,ERR,ERR,ERR,ERR,ERR,ERR,ERR,ERR,ERR,ERR,ERR,ERR,ERR,ERR,ERR,ERR,ERR,ERR,ERR,ERR,ERR,ERR,ERR,ERR,ERR,ERR,ERR,ERR,ERR,ERR,ERR,ERR,ERR,ERR,ERR,ERR,ERR,ERR,ERR,ERR,ERR,ERR,ERR,ERR,ERR,ERR,ERR,ERR,ERR,ERR,ERR,ERR,ERR,ERR,ERR,ERR,ERR,ERR,ERR,ERR,ERR,ERR,ERR,ERR,ERR,ERR,ERR,ERR,ERR,ERR,ERR,ERR,ERR,ERR,ERR,ERR,ERR,ERR,ERR,ERR,ERR,ERR,ERR,ERR,ERR,ERR,2.718430741444032e+23,2.7184312818759872e+23,0.0,0.0,0.0,1.3936040501711995e+18,7.805,0.0,0,0,4,0,7116,0.0,100,0.0,0.0,0.0,0.0,0.0,0,0,0,0,0.0,0,0,0,0,0,0,0,0,0,0,0,0,0,0,0,0,0,0,0,0,0,0,0,0,0,0,0,0,0,0,0,0,0,31,40,40,71,65476,0,300,0,0,8,21553,0.0,-107605600.0,0.0,0.0,0.0,0.0,0.0,0.0,0.0,0.0,0.0,0.0,0.0,0.0,0.0,0.0,0.0,0.0,0.0,0.0,0.0,0.0,0.0,-2.004,-2.004,0.0,0.0,0.0,0.0,0.0,6240.0,0.0,6919.0,2.718430741444032e+23,2.7184312818759872e+23,-0.0,2.718430741444032e+23,0.0,0.0,0.0,0.0,69,2.7184314620199723e+23,-2.3088366715128722e+20,0.0,0.0,0.0,0.0,0.0,0.0,0.0,0,0,0,0.0,0.0,0.0,0.0,0.0,0.0,0.0,0.0,0.0,0.0,0.0,0.0,0.0,0.0,0.0,0.0,0,-107875648.0,69,0.0,138,0.0,-109447200.0,0,13107,17040,26215,17049,13107,17043,0,0,0,70,68,100,2.7302359370752657e+23,71.2,0.0,74.2,2.7302370179391762e+23,74.0,1,49,50,180,13107,52429,0,0,0.0,0.0,0.0,0.0,-0.0,67.0,0.0,162057.094,0.0,751,0,739,0,0,0,721,0,767,0,736,0,742,0,741,0,712,0,7520,0.032,104689827840.0,0.0,0.0,784,16797,-0.0,162057.094,-114818.039,-0.0,0.133,6.909358625270745e+28,30.0,65.0,35,0.0,0.0,0.0,0.0,0.0,0.0,0.0,0.0,0.0,0.0,0.0,0.0,0.0,0.0,0.0,0.0,69.6,0,150,71,55,65476,0,300,0,1,8,20529,65476,0,0,40632,65.0,0.0,0.0,0.0,0.0,0.0
2026-09-04T20:20:52,ERR,ERR,ERR,ERR,ERR,ERR,ERR,ERR,ERR,ERR,ERR,ERR,ERR,ERR,ERR,ERR,ERR,ERR,ERR,ERR,ERR,ERR,ERR,ERR,ERR,ERR,ERR,ERR,ERR,ERR,ERR,ERR,ERR,ERR,ERR,ERR,ERR,ERR,ERR,ERR,ERR,ERR,ERR,ERR,ERR,ERR,ERR,ERR,ERR,ERR,ERR,ERR,ERR,ERR,ERR,ERR,ERR,ERR,ERR,ERR,ERR,ERR,ERR,ERR,ERR,ERR,ERR,ERR,ERR,ERR,ERR,ERR,ERR,ERR,ERR,ERR,ERR,ERR,ERR,ERR,ERR,ERR,ERR,ERR,ERR,ERR,ERR,ERR,ERR,ERR,ERR,ERR,ERR,ERR,ERR,ERR,ERR,ERR,ERR,ERR,ERR,ERR,ERR,ERR,ERR,ERR,ERR,ERR,ERR,ERR,ERR,ERR,ERR,ERR,ERR,ERR,ERR,ERR,ERR,ERR,ERR,ERR,ERR,ERR,ERR,2.718430741444032e+23,2.7184312818759872e+23,0.0,0.0,0.0,1.3936040501711995e+18,7.805,0.0,0,0,4,0,7116,0.0,100,0.0,0.0,0.0,0.0,0.0,0,0,0,0,0.0,0,0,0,0,0,0,0,0,0,0,0,0,0,0,0,0,0,0,0,0,0,0,0,0,0,0,0,0,0,0,0,0,0,31,40,40,71,65476,0,300,0,0,8,21553,0.0,-107605600.0,0.0,0.0,0.0,0.0,0.0,0.0,0.0,0.0,0.0,0.0,0.0,0.0,0.0,0.0,0.0,0.0,0.0,0.0,0.0,0.0,0.0,-2.004,-2.004,0.0,0.0,0.0,0.0,0.0,6240.0,0.0,6919.0,2.718430741444032e+23,2.7184312818759872e+23,-0.0,2.718430741444032e+23,0.0,0.0,0.0,0.0,69,2.7184314620199723e+23,-2.3088366715128722e+20,0.0,0.0,0.0,0.0,0.0,0.0,0.0,0,0,0,0.0,0.0,0.0,0.0,0.0,0.0,0.0,0.0,0.0,0.0,0.0,0.0,0.0,0.0,0.0,0.0,0,-107875648.0,69,0.0,138,0.0,-109447200.0,0,13107,17040,26215,17049,13107,17043,0,0,0,70,68,100,2.7302359370752657e+23,71.2,0.0,74.2,2.7302370179391762e+23,74.0,1,49,50,180,13107,52429,0,0,0.0,0.0,0.0,0.0,-0.0,67.0,0.0,162057.094,0.0,751,0,739,0,0,0,721,0,767,0,736,0,742,0,741,0,712,0,7520,0.032,104689827840.0,0.0,0.0,784,16797,-0.0,162057.094,-114818.039,-0.0,0.133,6.909358625270745e+28,30.0,65.0,35,0.0,0.0,0.0,0.0,0.0,0.0,0.0,0.0,0.0,0.0,0.0,0.0,0.0,0.0,0.0,0.0,69.6,0,150,71,55,65476,0,300,0,1,8,20529,65476,0,0,40632,65.0,0.0,0.0,0.0,0.0,0.0
2026-09-04T20:20:53,ERR,ERR,ERR,ERR,ERR,ERR,ERR,ERR,ERR,ERR,ERR,ERR,ERR,ERR,ERR,ERR,ERR,ERR,ERR,ERR,ERR,ERR,ERR,ERR,ERR,ERR,ERR,ERR,ERR,ERR,ERR,ERR,ERR,ERR,ERR,ERR,ERR,ERR,ERR,ERR,ERR,ERR,ERR,ERR,ERR,ERR,ERR,ERR,ERR,ERR,ERR,ERR,ERR,ERR,ERR,ERR,ERR,ERR,ERR,ERR,ERR,ERR,ERR,ERR,ERR,ERR,ERR,ERR,ERR,ERR,ERR,ERR,ERR,ERR,ERR,ERR,ERR,ERR,ERR,ERR,ERR,ERR,ERR,ERR,ERR,ERR,ERR,ERR,ERR,ERR,ERR,ERR,ERR,ERR,ERR,ERR,ERR,ERR,ERR,ERR,ERR,ERR,ERR,ERR,ERR,ERR,ERR,ERR,ERR,ERR,ERR,ERR,ERR,ERR,ERR,ERR,ERR,ERR,ERR,ERR,ERR,ERR,ERR,ERR,ERR,2.718430741444032e+23,2.7184312818759872e+23,0.0,0.0,0.0,1.3936040501711995e+18,7.805,0.0,0,0,4,0,7116,0.0,100,0.0,0.0,0.0,0.0,0.0,0,0,0,0,0.0,0,0,0,0,0,0,0,0,0,0,0,0,0,0,0,0,0,0,0,0,0,0,0,0,0,0,0,0,0,0,0,0,0,31,40,40,71,65476,0,300,0,0,8,21553,0.0,-107605600.0,0.0,0.0,0.0,0.0,0.0,0.0,0.0,0.0,0.0,0.0,0.0,0.0,0.0,0.0,0.0,0.0,0.0,0.0,0.0,0.0,0.0,-2.004,-2.004,0.0,0.0,0.0,0.0,0.0,6240.0,0.0,6919.0,2.718430741444032e+23,2.7184312818759872e+23,-0.0,2.718430741444032e+23,0.0,0.0,0.0,0.0,69,2.7184314620199723e+23,-2.3088366715128722e+20,0.0,0.0,0.0,0.0,0.0,0.0,0.0,0,0,0,0.0,0.0,0.0,0.0,0.0,0.0,0.0,0.0,0.0,0.0,0.0,0.0,0.0,0.0,0.0,0.0,0,-107875648.0,69,0.0,138,0.0,-109447200.0,0,13107,17040,26215,17049,13107,17043,0,0,0,70,68,100,2.7302359370752657e+23,71.2,0.0,74.2,2.7302370179391762e+23,74.0,1,49,50,180,13107,52429,0,0,0.0,0.0,0.0,0.0,-0.0,67.0,0.0,162057.094,0.0,751,0,739,0,0,0,721,0,767,0,736,0,742,0,741,0,712,0,7520,0.032,104689827840.0,0.0,0.0,784,16797,-0.0,162057.094,-114818.039,-0.0,0.133,6.909358625270745e+28,30.0,65.0,35,0.0,0.0,0.0,0.0,0.0,0.0,0.0,0.0,0.0,0.0,0.0,0.0,0.0,0.0,0.0,0.0,69.6,0,150,71,55,65476,0,300,0,1,8,20529,65476,0,0,40632,65.0,0.0,0.0,0.0,0.0,0.0
2026-09-04T20:20:54,ERR,ERR,ERR,ERR,ERR,ERR,ERR,ERR,ERR,ERR,ERR,ERR,ERR,ERR,ERR,ERR,ERR,ERR,ERR,ERR,ERR,ERR,ERR,ERR,ERR,ERR,ERR,ERR,ERR,ERR,ERR,ERR,ERR,ERR,ERR,ERR,ERR,ERR,ERR,ERR,ERR,ERR,ERR,ERR,ERR,ERR,ERR,ERR,ERR,ERR,ERR,ERR,ERR,ERR,ERR,ERR,ERR,ERR,ERR,ERR,ERR,ERR,ERR,ERR,ERR,ERR,ERR,ERR,ERR,ERR,ERR,ERR,ERR,ERR,ERR,ERR,ERR,ERR,ERR,ERR,ERR,ERR,ERR,ERR,ERR,ERR,ERR,ERR,ERR,ERR,ERR,ERR,ERR,ERR,ERR,ERR,ERR,ERR,ERR,ERR,ERR,ERR,ERR,ERR,ERR,ERR,ERR,ERR,ERR,ERR,ERR,ERR,ERR,ERR,ERR,ERR,ERR,ERR,ERR,ERR,ERR,ERR,ERR,ERR,ERR,2.718430741444032e+23,2.7184312818759872e+23,0.0,0.0,0.0,1.3936040501711995e+18,7.805,0.0,0,0,4,0,7116,0.0,100,0.0,0.0,0.0,0.0,0.0,0,0,0,0,0.0,0,0,0,0,0,0,0,0,0,0,0,0,0,0,0,0,0,0,0,0,0,0,0,0,0,0,0,0,0,0,0,0,0,31,40,40,71,65476,0,300,0,0,8,21553,0.0,-107605600.0,0.0,0.0,0.0,0.0,0.0,0.0,0.0,0.0,0.0,0.0,0.0,0.0,0.0,0.0,0.0,0.0,0.0,0.0,0.0,0.0,0.0,-2.004,-2.004,0.0,0.0,0.0,0.0,0.0,6240.0,0.0,6919.0,2.718430741444032e+23,2.7184312818759872e+23,-0.0,2.718430741444032e+23,0.0,0.0,0.0,0.0,69,2.7184314620199723e+23,-2.3088366715128722e+20,0.0,0.0,0.0,0.0,0.0,0.0,0.0,0,0,0,0.0,0.0,0.0,0.0,0.0,0.0,0.0,0.0,0.0,0.0,0.0,0.0,0.0,0.0,0.0,0.0,0,-107875648.0,69,0.0,138,0.0,-109447200.0,0,13107,17040,26215,17049,13107,17043,0,0,0,70,68,100,2.7302359370752657e+23,71.2,2.7302370179391762e+23,74.2,2.7302370179391762e+23,74.0,1,49,50,180,13107,52429,0,0,0.0,0.0,0.0,0.0,-0.0,67.0,0.0,162057.094,0.0,751,0,739,0,0,0,721,0,767,0,736,0,742,0,741,0,712,0,7520,0.032,108447924224.0,0.0,0.0,784,16797,-0.0,162057.094,-114818.039,-0.0,0.133,6.909358625270745e+28,30.0,65.0,35,0.0,0.0,0.0,0.0,0.0,0.0,0.0,0.0,0.0,0.0,0.0,0.0,0.0,0.0,0.0,0.0,69.2,0,150,71,55,65476,0,300,0,1,8,20529,65476,0,0,40632,65.0,0.0,0.0,0.0,0.0,0.0
2026-09-04T20:20:55,ERR,ERR,ERR,ERR,ERR,ERR,ERR,ERR,ERR,ERR,ERR,ERR,ERR,ERR,ERR,ERR,ERR,ERR,ERR,ERR,ERR,ERR,ERR,ERR,ERR,ERR,ERR,ERR,ERR,ERR,ERR,ERR,ERR,ERR,ERR,ERR,ERR,ERR,ERR,ERR,ERR,ERR,ERR,ERR,ERR,ERR,ERR,ERR,ERR,ERR,ERR,ERR,ERR,ERR,ERR,ERR,ERR,ERR,ERR,ERR,ERR,ERR,ERR,ERR,ERR,ERR,ERR,ERR,ERR,ERR,ERR,ERR,ERR,ERR,ERR,ERR,ERR,ERR,ERR,ERR,ERR,ERR,ERR,ERR,ERR,ERR,ERR,ERR,ERR,ERR,ERR,ERR,ERR,ERR,ERR,ERR,ERR,ERR,ERR,ERR,ERR,ERR,ERR,ERR,ERR,ERR,ERR,ERR,ERR,ERR,ERR,ERR,ERR,ERR,ERR,ERR,ERR,ERR,ERR,ERR,ERR,ERR,ERR,ERR,ERR,2.718430741444032e+23,2.7184312818759872e+23,0.0,0.0,0.0,1.3936040501711995e+18,7.805,0.0,0,0,4,0,7116,0.0,100,0.0,0.0,0.0,0.0,0.0,0,0,0,0,0.0,0,0,0,0,0,0,0,0,0,0,0,0,0,0,0,0,0,0,0,0,0,0,0,0,0,0,0,0,0,0,0,0,0,31,40,40,71,65476,0,300,0,0,8,21553,0.0,-107605600.0,0.0,0.0,0.0,0.0,0.0,0.0,0.0,0.0,0.0,0.0,0.0,0.0,0.0,0.0,0.0,0.0,0.0,0.0,0.0,0.0,0.0,-2.004,-2.004,0.0,0.0,0.0,0.0,0.0,6240.0,0.0,6919.0,2.718430741444032e+23,2.7184312818759872e+23,-0.0,2.718430741444032e+23,0.0,0.0,0.0,0.0,69,2.7184314620199723e+23,-2.3088366715128722e+20,0.0,0.0,0.0,0.0,0.0,0.0,0.0,0,0,0,0.0,0.0,0.0,0.0,0.0,0.0,0.0,0.0,0.0,0.0,0.0,0.0,0.0,0.0,0.0,0.0,0,-107875648.0,69,0.0,138,0.0,-109447200.0,0,13107,17040,26215,17049,13107,17043,0,0,0,70,68,100,2.7302359370752657e+23,71.2,2.7302370179391762e+23,74.2,2.7302370179391762e+23,74.0,1,49,50,180,13107,52429,0,0,0.0,0.0,0.0,0.0,-0.0,67.0,0.0,162057.094,0.0,751,0,739,0,0,0,721,0,767,0,736,0,742,0,741,0,712,0,7520,0.032,108447924224.0,0.0,0.0,784,16797,-0.0,162057.094,-114818.039,-0.0,0.133,6.909358625270745e+28,30.0,65.0,35,0.0,0.0,0.0,0.0,0.0,0.0,0.0,0.0,0.0,0.0,0.0,0.0,0.0,0.0,0.0,0.0,69.2,0,150,71,55,65476,0,300,0,1,8,20529,65476,0,0,40632,65.0,0.0,0.0,0.0,0.0,0.0
2026-09-04T20:20:56,ERR,ERR,ERR,ERR,ERR,ERR,ERR,ERR,ERR,ERR,ERR,ERR,ERR,ERR,ERR,ERR,ERR,ERR,ERR,ERR,ERR,ERR,ERR,ERR,ERR,ERR,ERR,ERR,ERR,ERR,ERR,ERR,ERR,ERR,ERR,ERR,ERR,ERR,ERR,ERR,ERR,ERR,ERR,ERR,ERR,ERR,ERR,ERR,ERR,ERR,ERR,ERR,ERR,ERR,ERR,ERR,ERR,ERR,ERR,ERR,ERR,ERR,ERR,ERR,ERR,ERR,ERR,ERR,ERR,ERR,ERR,ERR,ERR,ERR,ERR,ERR,ERR,ERR,ERR,ERR,ERR,ERR,ERR,ERR,ERR,ERR,ERR,ERR,ERR,ERR,ERR,ERR,ERR,ERR,ERR,ERR,ERR,ERR,ERR,ERR,ERR,ERR,ERR,ERR,ERR,ERR,ERR,ERR,ERR,ERR,ERR,ERR,ERR,ERR,ERR,ERR,ERR,ERR,ERR,ERR,ERR,ERR,ERR,ERR,ERR,2.718430741444032e+23,2.7184312818759872e+23,0.0,0.0,0.0,1.3936040501711995e+18,7.805,0.0,0,0,4,0,7116,0.0,100,0.0,0.0,0.0,0.0,0.0,0,0,0,0,0.0,0,0,0,0,0,0,0,0,0,0,0,0,0,0,0,0,0,0,0,0,0,0,0,0,0,0,0,0,0,0,0,0,0,31,40,40,71,65476,0,300,0,0,8,21553,0.0,-107605600.0,0.0,0.0,0.0,0.0,0.0,0.0,0.0,0.0,0.0,0.0,0.0,0.0,0.0,0.0,0.0,0.0,0.0,0.0,0.0,0.0,-2.004,-2.004,-2.004,0.0,0.0,0.0,0.0,0.0,6240.0,0.0,6912.0,0.0,2.7184312818759872e+23,-0.0,2.718430741444032e+23,0.0,0.0,0.0,0.0,69,152018589057024.0,-0.0,0.0,0.0,0.0,0.0,0.0,0.0,0.0,0,0,0,0.0,0.0,0.0,0.0,0.0,0.0,0.0,0.0,0.0,0.0,0.0,0.0,0.0,0.0,0.0,0.0,0,-107875648.0,69,0.0,138,0.0,-109447200.0,0,13107,17040,26215,17049,13107,17043,0,0,0,70,68,100,2.7302359370752657e+23,71.2,2.7302370179391762e+23,74.2,2.7302370179391762e+23,74.0,1,49,50,180,13107,52429,0,0,0.0,0.0,0.0,0.0,-0.0,67.0,0.0,162057.094,0.0,751,0,739,0,0,0,721,0,767,0,736,0,742,0,741,0,712,0,7520,0.032,108447924224.0,0.0,0.0,784,16797,-0.0,162057.094,-114818.039,-0.0,0.133,6.909358625270745e+28,30.0,65.0,35,0.0,0.0,0.0,0.0,0.0,0.0,0.0,0.0,0.0,0.0,0.0,0.0,0.0,0.0,0.0,0.0,69.2,0,150,71,55,65476,0,300,0,1,8,20529,65476,0,0,40632,65.0,0.0,0.0,0.0,0.0,0.0
2026-09-04T20:20:57,ERR,ERR,ERR,ERR,ERR,ERR,ERR,ERR,ERR,ERR,ERR,ERR,ERR,ERR,ERR,ERR,ERR,ERR,ERR,ERR,ERR,ERR,ERR,ERR,ERR,ERR,ERR,ERR,ERR,ERR,ERR,ERR,ERR,ERR,ERR,ERR,ERR,ERR,ERR,ERR,ERR,ERR,ERR,ERR,ERR,ERR,ERR,ERR,ERR,ERR,ERR,ERR,ERR,ERR,ERR,ERR,ERR,ERR,ERR,ERR,ERR,ERR,ERR,ERR,ERR,ERR,ERR,ERR,ERR,ERR,ERR,ERR,ERR,ERR,ERR,ERR,ERR,ERR,ERR,ERR,ERR,ERR,ERR,ERR,ERR,ERR,ERR,ERR,ERR,ERR,ERR,ERR,ERR,ERR,ERR,ERR,ERR,ERR,ERR,ERR,ERR,ERR,ERR,ERR,ERR,ERR,ERR,ERR,ERR,ERR,ERR,ERR,ERR,ERR,ERR,ERR,ERR,ERR,ERR,ERR,ERR,ERR,ERR,ERR,ERR,2.718430741444032e+23,2.7184312818759872e+23,0.0,0.0,0.0,1.3936040501711995e+18,7.805,0.0,0,0,4,0,7116,0.0,100,0.0,0.0,0.0,0.0,0.0,0,0,0,0,0.0,0,0,0,0,0,0,0,0,0,0,0,0,0,0,0,0,0,0,0,0,0,0,0,0,0,0,0,0,0,0,0,0,0,31,40,40,71,65476,0,300,0,0,8,21553,0.0,-107605600.0,0.0,0.0,0.0,0.0,0.0,0.0,0.0,0.0,0.0,0.0,0.0,0.0,0.0,0.0,0.0,0.0,0.0,0.0,0.0,0.0,-2.004,-2.004,-2.004,0.0,0.0,0.0,0.0,0.0,6240.0,0.0,6912.0,0.0,2.7184312818759872e+23,-0.0,2.718430741444032e+23,0.0,0.0,0.0,0.0,69,152018589057024.0,-0.0,0.0,0.0,0.0,0.0,0.0,0.0,0.0,0,0,0,0.0,0.0,0.0,0.0,0.0,0.0,0.0,0.0,0.0,0.0,0.0,0.0,0.0,0.0,0.0,0.0,0,-107875648.0,69,0.0,138,0.0,-109447200.0,0,13107,17040,26215,17049,13107,17043,0,0,0,70,68,100,2.7302359370752657e+23,71.2,2.7302370179391762e+23,74.2,2.7302370179391762e+23,74.0,1,49,50,180,13107,52429,0,0,0.0,0.0,0.0,0.0,-0.0,67.0,0.0,162057.094,0.0,751,0,739,0,0,0,721,0,767,0,736,0,742,0,741,0,712,0,7520,0.032,108447924224.0,0.0,0.0,784,16797,-0.0,162057.094,-114818.039,-0.0,0.133,6.909358625270745e+28,30.0,65.0,35,0.0,0.0,0.0,0.0,0.0,0.0,0.0,0.0,0.0,0.0,0.0,0.0,0.0,0.0,0.0,0.0,69.2,0,150,71,55,65476,0,300,0,1,8,20529,65476,0,0,40632,65.0,0.0,0.0,0.0,0.0,0.0
2026-09-04T20:20:58,ERR,ERR,ERR,ERR,ERR,ERR,ERR,ERR,ERR,ERR,ERR,ERR,ERR,ERR,ERR,ERR,ERR,ERR,ERR,ERR,ERR,ERR,ERR,ERR,ERR,ERR,ERR,ERR,ERR,ERR,ERR,ERR,ERR,ERR,ERR,ERR,ERR,ERR,ERR,ERR,ERR,ERR,ERR,ERR,ERR,ERR,ERR,ERR,ERR,ERR,ERR,ERR,ERR,ERR,ERR,ERR,ERR,ERR,ERR,ERR,ERR,ERR,ERR,ERR,ERR,ERR,ERR,ERR,ERR,ERR,ERR,ERR,ERR,ERR,ERR,ERR,ERR,ERR,ERR,ERR,ERR,ERR,ERR,ERR,ERR,ERR,ERR,ERR,ERR,ERR,ERR,ERR,ERR,ERR,ERR,ERR,ERR,ERR,ERR,ERR,ERR,ERR,ERR,ERR,ERR,ERR,ERR,ERR,ERR,ERR,ERR,ERR,ERR,ERR,ERR,ERR,ERR,ERR,ERR,ERR,ERR,ERR,ERR,ERR,ERR,2.718430741444032e+23,2.7184312818759872e+23,0.0,0.0,0.0,1.3936040501711995e+18,7.805,0.0,0,0,4,0,7116,0.0,100,0.0,0.0,0.0,0.0,0.0,0,0,0,0,0.0,0,0,0,0,0,0,0,0,0,0,0,0,0,0,0,0,0,0,0,0,0,0,0,0,0,0,0,0,0,0,0,0,0,31,40,40,71,65476,0,300,0,0,8,21553,0.0,-107605600.0,0.0,0.0,0.0,0.0,0.0,0.0,0.0,0.0,0.0,0.0,0.0,0.0,0.0,0.0,0.0,0.0,0.0,0.0,0.0,0.0,-2.004,-2.004,-2.004,0.0,0.0,0.0,0.0,0.0,6240.0,0.0,6912.0,0.0,2.7184312818759872e+23,-0.0,2.718430741444032e+23,0.0,0.0,0.0,0.0,69,152018589057024.0,-0.0,0.0,0.0,0.0,0.0,0.0,0.0,0.0,0,0,0,0.0,0.0,0.0,0.0,0.0,0.0,0.0,0.0,0.0,0.0,0.0,0.0,0.0,0.0,0.0,0.0,0,-107875648.0,69,0.0,138,0.0,-109447200.0,0,13107,17040,26215,17049,13107,17043,0,0,0,70,68,100,2.7302359370752657e+23,71.2,2.7302370179391762e+23,74.2,2.7302370179391762e+23,74.0,1,49,50,180,13107,52429,0,0,0.0,0.0,0.0,0.0,-0.0,67.0,0.0,162057.094,0.0,751,0,739,0,0,0,721,0,767,0,736,0,742,0,741,0,712,0,7520,0.032,108447924224.0,0.0,0.0,784,16797,-0.0,162057.094,-114818.039,-0.0,0.133,6.909358625270745e+28,30.0,65.0,35,0.0,0.0,0.0,0.0,0.0,0.0,0.0,0.0,0.0,0.0,0.0,0.0,0.0,0.0,0.0,0.0,69.2,0,150,71,55,65476,0,300,0,1,8,20529,65476,0,0,40632,65.0,0.0,0.0,0.0,0.0,0.0
2026-09-04T20:20:59,ERR,ERR,ERR,ERR,ERR,ERR,ERR,ERR,ERR,ERR,ERR,ERR,ERR,ERR,ERR,ERR,ERR,ERR,ERR,ERR,ERR,ERR,ERR,ERR,ERR,ERR,ERR,ERR,ERR,ERR,ERR,ERR,ERR,ERR,ERR,ERR,ERR,ERR,ERR,ERR,ERR,ERR,ERR,ERR,ERR,ERR,ERR,ERR,ERR,ERR,ERR,ERR,ERR,ERR,ERR,ERR,ERR,ERR,ERR,ERR,ERR,ERR,ERR,ERR,ERR,ERR,ERR,ERR,ERR,ERR,ERR,ERR,ERR,ERR,ERR,ERR,ERR,ERR,ERR,ERR,ERR,ERR,ERR,ERR,ERR,ERR,ERR,ERR,ERR,ERR,ERR,ERR,ERR,ERR,ERR,ERR,ERR,ERR,ERR,ERR,ERR,ERR,ERR,ERR,ERR,ERR,ERR,ERR,ERR,ERR,ERR,ERR,ERR,ERR,ERR,ERR,ERR,ERR,ERR,ERR,ERR,ERR,ERR,ERR,ERR,2.718430741444032e+23,2.7184312818759872e+23,0.0,0.0,0.0,1.3936040501711995e+18,7.805,0.0,0,0,4,0,7116,0.0,100,0.0,0.0,0.0,0.0,0.0,0,0,0,0,0.0,0,0,0,0,0,0,0,0,0,0,0,0,0,0,0,0,0,0,0,0,0,0,0,0,0,0,0,0,0,0,0,0,0,31,40,40,71,65476,0,300,0,0,8,21553,0.0,-107605600.0,0.0,0.0,0.0,0.0,0.0,0.0,0.0,0.0,0.0,0.0,0.0,0.0,0.0,0.0,0.0,0.0,0.0,0.0,0.0,0.0,-2.004,-2.004,-2.004,0.0,0.0,0.0,0.0,0.0,6240.0,0.0,6912.0,0.0,2.7184312818759872e+23,-0.0,2.718430741444032e+23,0.0,0.0,0.0,0.0,69,152018589057024.0,-0.0,0.0,0.0,0.0,0.0,0.0,0.0,0.0,0,0,0,0.0,0.0,0.0,0.0,0.0,0.0,0.0,0.0,0.0,0.0,0.0,0.0,0.0,0.0,0.0,0.0,0,-107875648.0,69,0.0,138,0.0,-109447200.0,0,13107,17040,26215,17049,13107,17043,0,0,0,70,68,100,2.7302359370752657e+23,71.2,2.7302370179391762e+23,74.2,2.7302370179391762e+23,74.0,1,49,50,180,13107,52429,0,0,0.0,0.0,0.0,0.0,-0.0,67.0,0.0,162057.094,0.0,751,0,739,0,0,0,721,0,767,0,736,0,742,0,741,0,712,0,7520,0.032,108447924224.0,0.0,0.0,784,16797,-0.0,162057.094,-114818.039,-0.0,0.133,6.909358625270745e+28,30.0,65.0,35,0.0,0.0,0.0,0.0,0.0,0.0,0.0,0.0,0.0,0.0,0.0,0.0,0.0,0.0,0.0,0.0,69.6,0,150,71,55,65476,0,300,0,1,8,20529,65476,0,0,40632,65.0,0.0,0.0,0.0,0.0,0.0
2026-09-04T20:21:00,ERR,ERR,ERR,ERR,ERR,ERR,ERR,ERR,ERR,ERR,ERR,ERR,ERR,ERR,ERR,ERR,ERR,ERR,ERR,ERR,ERR,ERR,ERR,ERR,ERR,ERR,ERR,ERR,ERR,ERR,ERR,ERR,ERR,ERR,ERR,ERR,ERR,ERR,ERR,ERR,ERR,ERR,ERR,ERR,ERR,ERR,ERR,ERR,ERR,ERR,ERR,ERR,ERR,ERR,ERR,ERR,ERR,ERR,ERR,ERR,ERR,ERR,ERR,ERR,ERR,ERR,ERR,ERR,ERR,ERR,ERR,ERR,ERR,ERR,ERR,ERR,ERR,ERR,ERR,ERR,ERR,ERR,ERR,ERR,ERR,ERR,ERR,ERR,ERR,ERR,ERR,ERR,ERR,ERR,ERR,ERR,ERR,ERR,ERR,ERR,ERR,ERR,ERR,ERR,ERR,ERR,ERR,ERR,ERR,ERR,ERR,ERR,ERR,ERR,ERR,ERR,ERR,ERR,ERR,ERR,ERR,ERR,ERR,ERR,ERR,2.718430741444032e+23,2.7184312818759872e+23,0.0,0.0,0.0,1.3936040501711995e+18,7.805,0.0,0,0,4,0,7116,0.0,100,0.0,0.0,0.0,0.0,0.0,0,0,0,0,0.0,0,0,0,0,0,0,0,0,0,0,0,0,0,0,0,0,0,0,0,0,0,0,0,0,0,0,0,0,0,0,0,0,0,31,40,40,71,65476,0,300,0,0,8,21553,0.0,-107605600.0,0.0,0.0,0.0,0.0,0.0,0.0,0.0,0.0,0.0,0.0,0.0,0.0,0.0,0.0,0.0,0.0,0.0,0.0,0.0,0.0,-2.004,-2.004,-2.004,0.0,0.0,0.0,0.0,0.0,6240.0,0.0,6912.0,0.0,2.7184312818759872e+23,-0.0,2.718430741444032e+23,0.0,0.0,0.0,0.0,69,152018589057024.0,-0.0,0.0,0.0,0.0,0.0,0.0,0.0,0.0,0,0,0,0.0,0.0,0.0,0.0,0.0,0.0,0.0,0.0,0.0,0.0,0.0,0.0,0.0,0.0,0.0,0.0,0,-107875648.0,69,0.0,138,0.0,-109447200.0,0,13107,17040,26215,17049,13107,17043,0,0,0,70,68,100,2.7302359370752657e+23,71.2,2.7302370179391762e+23,74.2,2.7302370179391762e+23,74.0,1,49,50,180,13107,52429,0,0,0.0,0.0,0.0,0.0,-0.0,67.0,0.0,162057.094,0.0,751,0,739,0,0,0,721,0,767,0,736,0,742,0,741,0,712,0,7520,0.032,100394860544.0,0.0,0.0,784,16797,-0.0,162057.094,-114818.039,-0.0,0.133,6.909358625270745e+28,30.0,65.0,35,0.0,0.0,0.0,0.0,0.0,0.0,0.0,0.0,0.0,0.0,0.0,0.0,0.0,0.0,0.0,0.0,69.6,0,150,71,55,65476,0,300,0,1,8,20529,65476,0,0,40632,65.0,0.0,0.0,0.0,0.0,0.0
2026-09-04T20:21:01,ERR,ERR,ERR,ERR,ERR,ERR,ERR,ERR,ERR,ERR,ERR,ERR,ERR,ERR,ERR,ERR,ERR,ERR,ERR,ERR,ERR,ERR,ERR,ERR,ERR,ERR,ERR,ERR,ERR,ERR,ERR,ERR,ERR,ERR,ERR,ERR,ERR,ERR,ERR,ERR,ERR,ERR,ERR,ERR,ERR,ERR,ERR,ERR,ERR,ERR,ERR,ERR,ERR,ERR,ERR,ERR,ERR,ERR,ERR,ERR,ERR,ERR,ERR,ERR,ERR,ERR,ERR,ERR,ERR,ERR,ERR,ERR,ERR,ERR,ERR,ERR,ERR,ERR,ERR,ERR,ERR,ERR,ERR,ERR,ERR,ERR,ERR,ERR,ERR,ERR,ERR,ERR,ERR,ERR,ERR,ERR,ERR,ERR,ERR,ERR,ERR,ERR,ERR,ERR,ERR,ERR,ERR,ERR,ERR,ERR,ERR,ERR,ERR,ERR,ERR,ERR,ERR,ERR,ERR,ERR,ERR,ERR,ERR,ERR,ERR,2.718430741444032e+23,2.7184312818759872e+23,0.0,0.0,0.0,1.3936040501711995e+18,7.805,0.0,0,0,4,0,7116,0.0,100,0.0,0.0,0.0,0.0,0.0,0,0,0,0,0.0,0,0,0,0,0,0,0,0,0,0,0,0,0,0,0,0,0,0,0,0,0,0,0,0,0,0,0,0,0,0,0,0,0,31,40,40,71,65476,0,300,0,0,8,21553,0.0,-107605600.0,0.0,0.0,0.0,0.0,0.0,0.0,0.0,0.0,0.0,0.0,0.0,0.0,0.0,0.0,0.0,0.0,0.0,0.0,0.0,0.0,-2.004,-2.004,-2.004,0.0,0.0,0.0,0.0,0.0,6240.0,0.0,6912.0,0.0,2.7184312818759872e+23,-0.0,2.718430741444032e+23,0.0,0.0,0.0,0.0,69,152018589057024.0,-0.0,0.0,0.0,0.0,0.0,0.0,0.0,0.0,0,0,0,0.0,0.0,0.0,0.0,0.0,0.0,0.0,0.0,0.0,0.0,0.0,0.0,0.0,0.0,0.0,0.0,0,-107875648.0,69,0.0,138,0.0,-109447200.0,0,13107,17040,26215,17049,13107,17043,0,0,0,70,68,100,2.7302359370752657e+23,71.2,2.7302370179391762e+23,74.2,2.7302370179391762e+23,74.0,1,49,50,180,13107,52429,0,0,0.0,0.0,0.0,0.0,-0.0,67.0,0.0,162057.094,0.0,751,0,739,0,0,0,721,0,767,0,736,0,742,0,741,0,712,0,7520,0.032,100394860544.0,0.0,0.0,784,16797,-0.0,162057.094,-114818.039,-0.0,0.133,6.909358625270745e+28,30.0,65.0,35,0.0,0.0,0.0,0.0,0.0,0.0,0.0,0.0,0.0,0.0,0.0,0.0,0.0,0.0,0.0,0.0,69.6,0,150,71,55,65476,0,300,0,1,8,20529,65476,0,0,40632,65.0,0.0,0.0,0.0,0.0,0.0
2026-09-04T20:21:02,ERR,ERR,ERR,ERR,ERR,ERR,ERR,ERR,ERR,ERR,ERR,ERR,ERR,ERR,ERR,ERR,ERR,ERR,ERR,ERR,ERR,ERR,ERR,ERR,ERR,ERR,ERR,ERR,ERR,ERR,ERR,ERR,ERR,ERR,ERR,ERR,ERR,ERR,ERR,ERR,ERR,ERR,ERR,ERR,ERR,ERR,ERR,ERR,ERR,ERR,ERR,ERR,ERR,ERR,ERR,ERR,ERR,ERR,ERR,ERR,ERR,ERR,ERR,ERR,ERR,ERR,ERR,ERR,ERR,ERR,ERR,ERR,ERR,ERR,ERR,ERR,ERR,ERR,ERR,ERR,ERR,ERR,ERR,ERR,ERR,ERR,ERR,ERR,ERR,ERR,ERR,ERR,ERR,ERR,ERR,ERR,ERR,ERR,ERR,ERR,ERR,ERR,ERR,ERR,ERR,ERR,ERR,ERR,ERR,ERR,ERR,ERR,ERR,ERR,ERR,ERR,ERR,ERR,ERR,ERR,ERR,ERR,ERR,ERR,ERR,2.718430741444032e+23,2.7184312818759872e+23,0.0,0.0,0.0,1.3936040501711995e+18,7.805,0.0,0,0,4,0,7116,0.0,100,0.0,0.0,0.0,0.0,0.0,0,0,0,0,0.0,0,0,0,0,0,0,0,0,0,0,0,0,0,0,0,0,0,0,0,0,0,0,0,0,0,0,0,0,0,0,0,0,0,31,40,40,71,65476,0,300,0,0,8,21553,0.0,-107605600.0,0.0,0.0,0.0,0.0,0.0,0.0,0.0,0.0,0.0,0.0,0.0,0.0,0.0,0.0,0.0,0.0,0.0,0.0,0.0,0.0,-2.004,-2.004,-2.004,0.0,0.0,0.0,0.0,0.0,6240.0,0.0,6912.0,0.0,2.7184312818759872e+23,-0.0,2.718430741444032e+23,0.0,0.0,0.0,0.0,69,152018589057024.0,-0.0,0.0,0.0,0.0,0.0,0.0,0.0,0.0,0,0,0,0.0,0.0,0.0,0.0,0.0,0.0,0.0,0.0,0.0,0.0,0.0,0.0,0.0,0.0,0.0,0.0,0,-107875648.0,69,0.0,138,0.0,-109447200.0,0,13107,17040,26215,17049,13107,17043,0,0,0,70,68,100,2.7302359370752657e+23,71.2,2.7302370179391762e+23,74.2,2.7302370179391762e+23,74.0,1,49,50,180,13107,52429,0,0,0.0,0.0,0.0,0.0,-0.0,67.0,0.0,162057.094,0.0,751,0,739,0,0,0,721,0,767,0,736,0,742,0,741,0,712,0,7520,0.032,100394860544.0,0.0,0.0,784,16797,-0.0,162057.094,-114818.039,-0.0,0.133,6.909358625270745e+28,30.0,65.0,35,0.0,0.0,0.0,0.0,0.0,0.0,0.0,0.0,0.0,0.0,0.0,0.0,0.0,0.0,0.0,0.0,69.2,0,150,71,55,65476,0,300,0,1,8,20529,65476,0,0,40632,65.0,0.0,0.0,0.0,0.0,0.0
2026-09-04T20:21:03,ERR,ERR,ERR,ERR,ERR,ERR,ERR,ERR,ERR,ERR,ERR,ERR,ERR,ERR,ERR,ERR,ERR,ERR,ERR,ERR,ERR,ERR,ERR,ERR,ERR,ERR,ERR,ERR,ERR,ERR,ERR,ERR,ERR,ERR,ERR,ERR,ERR,ERR,ERR,ERR,ERR,ERR,ERR,ERR,ERR,ERR,ERR,ERR,ERR,ERR,ERR,ERR,ERR,ERR,ERR,ERR,ERR,ERR,ERR,ERR,ERR,ERR,ERR,ERR,ERR,ERR,ERR,ERR,ERR,ERR,ERR,ERR,ERR,ERR,ERR,ERR,ERR,ERR,ERR,ERR,ERR,ERR,ERR,ERR,ERR,ERR,ERR,ERR,ERR,ERR,ERR,ERR,ERR,ERR,ERR,ERR,ERR,ERR,ERR,ERR,ERR,ERR,ERR,ERR,ERR,ERR,ERR,ERR,ERR,ERR,ERR,ERR,ERR,ERR,ERR,ERR,ERR,ERR,ERR,ERR,ERR,ERR,ERR,ERR,ERR,2.718430741444032e+23,2.7184312818759872e+23,0.0,0.0,0.0,1.3936040501711995e+18,7.805,0.0,0,0,4,0,7116,0.0,100,0.0,0.0,0.0,0.0,0.0,0,0,0,0,0.0,0,0,0,0,0,0,0,0,0,0,0,0,0,0,0,0,0,0,0,0,0,0,0,0,0,0,0,0,0,0,0,0,0,31,40,40,71,65476,0,300,0,0,8,21553,0.0,-107605600.0,0.0,0.0,0.0,0.0,0.0,0.0,0.0,0.0,0.0,0.0,0.0,0.0,0.0,0.0,0.0,0.0,0.0,0.0,0.0,0.0,-2.004,-2.004,-2.004,0.0,0.0,0.0,0.0,0.0,6236.0,0.0,6913.0,2.718430741444032e+23,2.7184312818759872e+23,-0.0,2.718430741444032e+23,0.0,0.0,0.0,0.0,69,89221.172,-0.0,0.0,0.0,0.0,0.0,0.0,0.0,0.0,0,0,0,0.0,0.0,0.0,0.0,0.0,0.0,0.0,0.0,0.0,0.0,0.0,0.0,0.0,0.0,0.0,0.0,0,-107875648.0,69,0.0,138,0.0,-109447200.0,0,13107,17040,26215,17049,13107,17043,0,0,0,70,68,100,2.7302359370752657e+23,71.2,2.7302370179391762e+23,74.2,2.7302370179391762e+23,74.0,1,49,50,180,13107,52429,0,0,0.0,0.0,0.0,0.0,-0.0,67.0,0.0,162057.094,0.0,751,0,739,0,0,0,721,0,767,0,736,0,742,0,741,0,712,0,7520,0.032,100394860544.0,0.0,0.0,784,16797,-0.0,162057.094,-114818.039,-0.0,0.133,6.909358625270745e+28,30.0,65.0,35,0.0,0.0,0.0,0.0,0.0,0.0,0.0,0.0,0.0,0.0,0.0,0.0,0.0,0.0,0.0,0.0,69.2,0,150,71,55,65476,0,300,0,1,8,20529,65476,0,0,40632,65.0,0.0,0.0,0.0,0.0,0.0
2026-09-04T20:21:04,ERR,ERR,ERR,ERR,ERR,ERR,ERR,ERR,ERR,ERR,ERR,ERR,ERR,ERR,ERR,ERR,ERR,ERR,ERR,ERR,ERR,ERR,ERR,ERR,ERR,ERR,ERR,ERR,ERR,ERR,ERR,ERR,ERR,ERR,ERR,ERR,ERR,ERR,ERR,ERR,ERR,ERR,ERR,ERR,ERR,ERR,ERR,ERR,ERR,ERR,ERR,ERR,ERR,ERR,ERR,ERR,ERR,ERR,ERR,ERR,ERR,ERR,ERR,ERR,ERR,ERR,ERR,ERR,ERR,ERR,ERR,ERR,ERR,ERR,ERR,ERR,ERR,ERR,ERR,ERR,ERR,ERR,ERR,ERR,ERR,ERR,ERR,ERR,ERR,ERR,ERR,ERR,ERR,ERR,ERR,ERR,ERR,ERR,ERR,ERR,ERR,ERR,ERR,ERR,ERR,ERR,ERR,ERR,ERR,ERR,ERR,ERR,ERR,ERR,ERR,ERR,ERR,ERR,ERR,ERR,ERR,ERR,ERR,ERR,ERR,2.718430741444032e+23,2.7184312818759872e+23,0.0,0.0,0.0,1.3936040501711995e+18,7.805,0.0,0,0,4,0,7116,0.0,100,0.0,0.0,0.0,0.0,0.0,0,0,0,0,0.0,0,0,0,0,0,0,0,0,0,0,0,0,0,0,0,0,0,0,0,0,0,0,0,0,0,0,0,0,0,0,0,0,0,31,40,40,71,65476,0,300,0,0,8,21553,0.0,-107605600.0,0.0,0.0,0.0,0.0,0.0,0.0,0.0,0.0,0.0,0.0,0.0,0.0,0.0,0.0,0.0,0.0,0.0,0.0,0.0,0.0,-2.004,-2.004,-2.004,0.0,0.0,0.0,0.0,0.0,6236.0,0.0,6913.0,2.718430741444032e+23,2.7184312818759872e+23,-0.0,2.718430741444032e+23,0.0,0.0,0.0,0.0,69,89221.172,-0.0,0.0,0.0,0.0,0.0,0.0,0.0,0.0,0,0,0,0.0,0.0,0.0,0.0,0.0,0.0,0.0,0.0,0.0,0.0,0.0,0.0,0.0,0.0,0.0,0.0,0,-107875648.0,69,0.0,138,0.0,-109447200.0,0,13107,17040,26215,17049,13107,17043,0,0,0,70,68,100,2.7302359370752657e+23,71.2,2.7302370179391762e+23,74.2,2.7302370179391762e+23,74.0,1,49,50,180,13107,52429,0,0,0.0,0.0,0.0,0.0,-0.0,67.0,0.0,162057.094,0.0,751,0,739,0,0,0,721,0,767,0,736,0,742,0,741,0,712,0,7520,0.032,100394860544.0,0.0,0.0,784,16797,-0.0,162057.094,-114818.039,-0.0,0.133,6.909358625270745e+28,30.0,65.0,35,0.0,0.0,0.0,0.0,0.0,0.0,0.0,0.0,0.0,0.0,0.0,0.0,0.0,0.0,0.0,0.0,69.6,0,150,71,55,65476,0,300,0,1,8,20529,65476,0,0,40632,65.0,0.0,0.0,0.0,0.0,0.0
2026-09-04T20:21:05,ERR,ERR,ERR,ERR,ERR,ERR,ERR,ERR,ERR,ERR,ERR,ERR,ERR,ERR,ERR,ERR,ERR,ERR,ERR,ERR,ERR,ERR,ERR,ERR,ERR,ERR,ERR,ERR,ERR,ERR,ERR,ERR,ERR,ERR,ERR,ERR,ERR,ERR,ERR,ERR,ERR,ERR,ERR,ERR,ERR,ERR,ERR,ERR,ERR,ERR,ERR,ERR,ERR,ERR,ERR,ERR,ERR,ERR,ERR,ERR,ERR,ERR,ERR,ERR,ERR,ERR,ERR,ERR,ERR,ERR,ERR,ERR,ERR,ERR,ERR,ERR,ERR,ERR,ERR,ERR,ERR,ERR,ERR,ERR,ERR,ERR,ERR,ERR,ERR,ERR,ERR,ERR,ERR,ERR,ERR,ERR,ERR,ERR,ERR,ERR,ERR,ERR,ERR,ERR,ERR,ERR,ERR,ERR,ERR,ERR,ERR,ERR,ERR,ERR,ERR,ERR,ERR,ERR,ERR,ERR,ERR,ERR,ERR,ERR,ERR,2.718430741444032e+23,2.7184312818759872e+23,0.0,0.0,0.0,1.3936040501711995e+18,7.805,0.0,0,0,4,0,7116,0.0,100,0.0,0.0,0.0,0.0,0.0,0,0,0,0,0.0,0,0,0,0,0,0,0,0,0,0,0,0,0,0,0,0,0,0,0,0,0,0,0,0,0,0,0,0,0,0,0,0,0,31,40,40,71,65476,0,300,0,0,8,21553,0.0,-107605600.0,0.0,0.0,0.0,0.0,0.0,0.0,0.0,0.0,0.0,0.0,0.0,0.0,0.0,0.0,0.0,0.0,0.0,0.0,0.0,0.0,-2.004,-2.004,-2.004,0.0,0.0,0.0,0.0,0.0,6236.0,0.0,6913.0,2.718430741444032e+23,2.7184312818759872e+23,-0.0,2.718430741444032e+23,0.0,0.0,0.0,0.0,69,89221.172,-0.0,0.0,0.0,0.0,0.0,0.0,0.0,0.0,0,0,0,0.0,0.0,0.0,0.0,0.0,0.0,0.0,0.0,0.0,0.0,0.0,0.0,0.0,0.0,0.0,0.0,0,-107875648.0,69,0.0,138,0.0,-109447200.0,0,13107,17040,26215,17049,13107,17043,0,0,0,70,68,100,2.7302359370752657e+23,71.1,2.7302370179391762e+23,74.2,2.7302370179391762e+23,74.0,1,49,50,180,13107,52429,0,0,0.0,0.0,0.0,0.0,-0.0,67.0,0.0,162057.094,0.0,751,0,739,0,0,0,721,0,767,0,736,0,742,0,742,0,712,0,7520,0.032,107374182400.0,0.0,0.0,784,16797,-0.0,162057.094,-114818.039,-0.0,0.133,6.909358625270745e+28,30.0,65.0,35,0.0,0.0,0.0,0.0,0.0,0.0,0.0,0.0,0.0,0.0,0.0,0.0,0.0,0.0,0.0,0.0,69.6,0,150,71,55,65476,0,300,0,1,8,20529,65476,0,0,40632,65.0,0.0,0.0,0.0,0.0,0.0
2026-09-04T20:21:06,ERR,ERR,ERR,ERR,ERR,ERR,ERR,ERR,ERR,ERR,ERR,ERR,ERR,ERR,ERR,ERR,ERR,ERR,ERR,ERR,ERR,ERR,ERR,ERR,ERR,ERR,ERR,ERR,ERR,ERR,ERR,ERR,ERR,ERR,ERR,ERR,ERR,ERR,ERR,ERR,ERR,ERR,ERR,ERR,ERR,ERR,ERR,ERR,ERR,ERR,ERR,ERR,ERR,ERR,ERR,ERR,ERR,ERR,ERR,ERR,ERR,ERR,ERR,ERR,ERR,ERR,ERR,ERR,ERR,ERR,ERR,ERR,ERR,ERR,ERR,ERR,ERR,ERR,ERR,ERR,ERR,ERR,ERR,ERR,ERR,ERR,ERR,ERR,ERR,ERR,ERR,ERR,ERR,ERR,ERR,ERR,ERR,ERR,ERR,ERR,ERR,ERR,ERR,ERR,ERR,ERR,ERR,ERR,ERR,ERR,ERR,ERR,ERR,ERR,ERR,ERR,ERR,ERR,ERR,ERR,ERR,ERR,ERR,ERR,ERR,2.718430741444032e+23,2.7184312818759872e+23,0.0,0.0,0.0,1.3936040501711995e+18,7.805,0.0,0,0,4,0,7116,0.0,100,0.0,0.0,0.0,0.0,0.0,0,0,0,0,0.0,0,0,0,0,0,0,0,0,0,0,0,0,0,0,0,0,0,0,0,0,0,0,0,0,0,0,0,0,0,0,0,0,0,31,40,40,71,65476,0,300,0,0,8,21553,0.0,-107605600.0,0.0,0.0,0.0,0.0,0.0,0.0,0.0,0.0,0.0,0.0,0.0,0.0,0.0,0.0,0.0,0.0,0.0,0.0,0.0,0.0,-2.004,-2.004,-2.004,0.0,0.0,0.0,0.0,0.0,6236.0,0.0,6913.0,2.718430741444032e+23,2.7184312818759872e+23,-0.0,2.718430741444032e+23,0.0,0.0,0.0,0.0,69,89221.172,-0.0,0.0,0.0,0.0,0.0,0.0,0.0,0.0,0,0,0,0.0,0.0,0.0,0.0,0.0,0.0,0.0,0.0,0.0,0.0,0.0,0.0,0.0,0.0,0.0,0.0,0,-107875648.0,69,0.0,138,0.0,-109447200.0,0,13107,17040,26215,17049,13107,17043,0,0,0,70,68,100,2.7302359370752657e+23,71.1,2.7302370179391762e+23,74.2,2.7302370179391762e+23,74.0,1,49,50,180,13107,52429,0,0,0.0,0.0,0.0,0.0,-0.0,67.0,0.0,162057.094,0.0,751,0,739,0,0,0,721,0,767,0,736,0,742,0,742,0,712,0,7520,0.032,107374182400.0,0.0,0.0,784,16797,-0.0,162057.094,-114818.039,-0.0,0.133,6.909358625270745e+28,30.0,65.0,35,0.0,0.0,0.0,0.0,0.0,0.0,0.0,0.0,0.0,0.0,0.0,0.0,0.0,0.0,0.0,0.0,69.6,0,150,71,55,65476,0,300,0,1,8,20529,65476,0,0,40632,65.0,0.0,0.0,0.0,0.0,0.0
2026-09-04T20:21:07,ERR,ERR,ERR,ERR,ERR,ERR,ERR,ERR,ERR,ERR,ERR,ERR,ERR,ERR,ERR,ERR,ERR,ERR,ERR,ERR,ERR,ERR,ERR,ERR,ERR,ERR,ERR,ERR,ERR,ERR,ERR,ERR,ERR,ERR,ERR,ERR,ERR,ERR,ERR,ERR,ERR,ERR,ERR,ERR,ERR,ERR,ERR,ERR,ERR,ERR,ERR,ERR,ERR,ERR,ERR,ERR,ERR,ERR,ERR,ERR,ERR,ERR,ERR,ERR,ERR,ERR,ERR,ERR,ERR,ERR,ERR,ERR,ERR,ERR,ERR,ERR,ERR,ERR,ERR,ERR,ERR,ERR,ERR,ERR,ERR,ERR,ERR,ERR,ERR,ERR,ERR,ERR,ERR,ERR,ERR,ERR,ERR,ERR,ERR,ERR,ERR,ERR,ERR,ERR,ERR,ERR,ERR,ERR,ERR,ERR,ERR,ERR,ERR,ERR,ERR,ERR,ERR,ERR,ERR,ERR,ERR,ERR,ERR,ERR,ERR,2.718430741444032e+23,2.7184312818759872e+23,0.0,0.0,0.0,1.3936040501711995e+18,7.805,0.0,0,0,4,0,7116,0.0,100,0.0,0.0,0.0,0.0,0.0,0,0,0,0,0.0,0,0,0,0,0,0,0,0,0,0,0,0,0,0,0,0,0,0,0,0,0,0,0,0,0,0,0,0,0,0,0,0,0,31,40,40,71,65476,0,300,0,0,8,21553,0.0,-107605600.0,0.0,0.0,0.0,0.0,0.0,0.0,0.0,0.0,0.0,0.0,0.0,0.0,0.0,0.0,0.0,0.0,0.0,0.0,0.0,0.0,-2.004,-2.004,-2.004,0.0,0.0,0.0,0.0,0.0,6236.0,0.0,6913.0,2.718430741444032e+23,2.7184312818759872e+23,-0.0,2.718430741444032e+23,0.0,0.0,0.0,0.0,69,89221.172,-0.0,0.0,0.0,0.0,0.0,0.0,0.0,0.0,0,0,0,0.0,0.0,0.0,0.0,0.0,0.0,0.0,0.0,0.0,0.0,0.0,0.0,0.0,0.0,0.0,0.0,0,-107875648.0,69,0.0,138,0.0,-109447200.0,0,13107,17040,26215,17049,13107,17043,0,0,0,70,68,100,2.7302359370752657e+23,71.1,2.7302370179391762e+23,74.2,2.7302370179391762e+23,74.0,1,49,50,180,13107,52429,0,0,0.0,0.0,0.0,0.0,-0.0,67.0,0.0,162057.094,0.0,751,0,739,0,0,0,721,0,767,0,736,0,742,0,742,0,712,0,7520,0.032,107374182400.0,0.0,0.0,784,16797,-0.0,162057.094,-114818.039,-0.0,0.133,6.909358625270745e+28,30.0,65.0,35,0.0,0.0,0.0,0.0,0.0,0.0,0.0,0.0,0.0,0.0,0.0,0.0,0.0,0.0,0.0,0.0,69.2,0,150,71,55,65476,0,300,0,1,8,20529,65476,0,0,40632,65.0,0.0,0.0,0.0,0.0,0.0
2026-09-04T20:21:08,ERR,ERR,ERR,ERR,ERR,ERR,ERR,ERR,ERR,ERR,ERR,ERR,ERR,ERR,ERR,ERR,ERR,ERR,ERR,ERR,ERR,ERR,ERR,ERR,ERR,ERR,ERR,ERR,ERR,ERR,ERR,ERR,ERR,ERR,ERR,ERR,ERR,ERR,ERR,ERR,ERR,ERR,ERR,ERR,ERR,ERR,ERR,ERR,ERR,ERR,ERR,ERR,ERR,ERR,ERR,ERR,ERR,ERR,ERR,ERR,ERR,ERR,ERR,ERR,ERR,ERR,ERR,ERR,ERR,ERR,ERR,ERR,ERR,ERR,ERR,ERR,ERR,ERR,ERR,ERR,ERR,ERR,ERR,ERR,ERR,ERR,ERR,ERR,ERR,ERR,ERR,ERR,ERR,ERR,ERR,ERR,ERR,ERR,ERR,ERR,ERR,ERR,ERR,ERR,ERR,ERR,ERR,ERR,ERR,ERR,ERR,ERR,ERR,ERR,ERR,ERR,ERR,ERR,ERR,ERR,ERR,ERR,ERR,ERR,ERR,2.718430741444032e+23,2.7184312818759872e+23,0.0,0.0,0.0,1.3936040501711995e+18,7.805,0.0,0,0,4,0,7116,0.0,100,0.0,0.0,0.0,0.0,0.0,0,0,0,0,0.0,0,0,0,0,0,0,0,0,0,0,0,0,0,0,0,0,0,0,0,0,0,0,0,0,0,0,0,0,0,0,0,0,0,31,40,40,71,65476,0,300,0,0,8,21553,0.0,-107605600.0,0.0,0.0,0.0,0.0,0.0,0.0,0.0,0.0,0.0,0.0,0.0,0.0,0.0,0.0,0.0,0.0,0.0,0.0,0.0,0.0,-2.004,-2.004,-2.004,0.0,0.0,0.0,0.0,0.0,6236.0,0.0,6913.0,2.718430741444032e+23,2.7184312818759872e+23,-0.0,2.718430741444032e+23,0.0,0.0,0.0,0.0,69,89221.172,-0.0,0.0,0.0,0.0,0.0,0.0,0.0,0.0,0,0,0,0.0,0.0,0.0,0.0,0.0,0.0,0.0,0.0,0.0,0.0,0.0,0.0,0.0,0.0,0.0,0.0,0,-107875648.0,69,0.0,138,0.0,-109447200.0,0,13107,17040,26215,17049,13107,17043,0,0,0,70,68,100,2.7302359370752657e+23,71.1,2.7302370179391762e+23,74.2,2.7302370179391762e+23,74.0,1,49,50,180,13107,52429,0,0,0.0,0.0,0.0,0.0,-0.0,67.0,0.0,162057.094,0.0,751,0,739,0,0,0,721,0,767,0,736,0,742,0,742,0,712,0,7520,0.032,107374182400.0,0.0,0.0,784,16797,-0.0,162057.094,-114818.039,-0.0,0.133,6.909358625270745e+28,30.0,65.0,35,0.0,0.0,0.0,0.0,0.0,0.0,0.0,0.0,0.0,0.0,0.0,0.0,0.0,0.0,0.0,0.0,69.2,0,150,71,55,65476,0,300,0,1,8,20529,65476,0,0,40632,65.0,0.0,0.0,0.0,0.0,0.0
2026-09-04T20:21:09,ERR,ERR,ERR,ERR,ERR,ERR,ERR,ERR,ERR,ERR,ERR,ERR,ERR,ERR,ERR,ERR,ERR,ERR,ERR,ERR,ERR,ERR,ERR,ERR,ERR,ERR,ERR,ERR,ERR,ERR,ERR,ERR,ERR,ERR,ERR,ERR,ERR,ERR,ERR,ERR,ERR,ERR,ERR,ERR,ERR,ERR,ERR,ERR,ERR,ERR,ERR,ERR,ERR,ERR,ERR,ERR,ERR,ERR,ERR,ERR,ERR,ERR,ERR,ERR,ERR,ERR,ERR,ERR,ERR,ERR,ERR,ERR,ERR,ERR,ERR,ERR,ERR,ERR,ERR,ERR,ERR,ERR,ERR,ERR,ERR,ERR,ERR,ERR,ERR,ERR,ERR,ERR,ERR,ERR,ERR,ERR,ERR,ERR,ERR,ERR,ERR,ERR,ERR,ERR,ERR,ERR,ERR,ERR,ERR,ERR,ERR,ERR,ERR,ERR,ERR,ERR,ERR,ERR,ERR,ERR,ERR,ERR,ERR,ERR,ERR,2.718430741444032e+23,2.7184312818759872e+23,0.0,0.0,0.0,1.3936040501711995e+18,7.805,0.0,0,0,4,0,7116,0.0,100,0.0,0.0,0.0,0.0,0.0,0,0,0,0,0.0,0,0,0,0,0,0,0,0,0,0,0,0,0,0,0,0,0,0,0,0,0,0,0,0,0,0,0,0,0,0,0,0,0,31,40,40,71,65476,0,300,0,0,8,21553,0.0,-107605600.0,0.0,0.0,0.0,0.0,0.0,0.0,0.0,0.0,0.0,0.0,0.0,0.0,0.0,0.0,0.0,0.0,0.0,0.0,0.0,0.0,-2.004,-2.004,-2.004,0.0,0.0,0.0,0.0,0.0,6236.0,0.0,6913.0,2.718430741444032e+23,2.7184312818759872e+23,-0.0,2.718430741444032e+23,0.0,0.0,0.0,0.0,69,89221.172,-0.0,0.0,0.0,0.0,0.0,0.0,0.0,0.0,0,0,0,0.0,0.0,0.0,0.0,0.0,0.0,0.0,0.0,0.0,0.0,0.0,0.0,0.0,0.0,0.0,0.0,0,-107875648.0,69,0.0,138,0.0,-109447200.0,0,13107,17040,26215,17049,13107,17043,0,0,0,70,68,100,2.7302359370752657e+23,71.1,2.7302370179391762e+23,74.2,2.7302370179391762e+23,74.0,1,49,50,180,13107,52429,0,0,0.0,0.0,0.0,0.0,-0.0,67.0,0.0,162057.094,0.0,751,0,739,0,0,0,721,0,767,0,736,0,742,0,742,0,712,0,7520,0.032,107374182400.0,0.0,0.0,784,16797,-0.0,162057.094,-114818.039,-0.0,0.133,6.909358625270745e+28,30.0,65.0,35,0.0,0.0,0.0,0.0,0.0,0.0,0.0,0.0,0.0,0.0,0.0,0.0,0.0,0.0,0.0,0.0,69.2,0,150,71,55,65476,0,300,0,1,8,20529,65476,0,0,40632,65.0,0.0,0.0,0.0,0.0,0.0
2026-09-04T20:21:10,ERR,ERR,ERR,ERR,ERR,ERR,ERR,ERR,ERR,ERR,ERR,ERR,ERR,ERR,ERR,ERR,ERR,ERR,ERR,ERR,ERR,ERR,ERR,ERR,ERR,ERR,ERR,ERR,ERR,ERR,ERR,ERR,ERR,ERR,ERR,ERR,ERR,ERR,ERR,ERR,ERR,ERR,ERR,ERR,ERR,ERR,ERR,ERR,ERR,ERR,ERR,ERR,ERR,ERR,ERR,ERR,ERR,ERR,ERR,ERR,ERR,ERR,ERR,ERR,ERR,ERR,ERR,ERR,ERR,ERR,ERR,ERR,ERR,ERR,ERR,ERR,ERR,ERR,ERR,ERR,ERR,ERR,ERR,ERR,ERR,ERR,ERR,ERR,ERR,ERR,ERR,ERR,ERR,ERR,ERR,ERR,ERR,ERR,ERR,ERR,ERR,ERR,ERR,ERR,ERR,ERR,ERR,ERR,ERR,ERR,ERR,ERR,ERR,ERR,ERR,ERR,ERR,ERR,ERR,ERR,ERR,ERR,ERR,ERR,ERR,2.718430741444032e+23,2.7184312818759872e+23,0.0,0.0,0.0,1.3936040501711995e+18,7.805,0.0,0,0,4,0,7116,0.0,100,0.0,0.0,0.0,0.0,0.0,0,0,0,0,0.0,0,0,0,0,0,0,0,0,0,0,0,0,0,0,0,0,0,0,0,0,0,0,0,0,0,0,0,0,0,0,0,0,0,31,40,40,71,65476,0,300,0,0,8,21553,0.0,-107605600.0,0.0,0.0,0.0,0.0,0.0,0.0,0.0,0.0,0.0,0.0,0.0,0.0,0.0,0.0,0.0,0.0,0.0,0.0,0.0,0.0,-2.004,-2.004,-2.004,0.0,0.0,0.0,0.0,0.0,6236.0,0.0,6913.0,2.718430741444032e+23,2.7184312818759872e+23,-0.0,2.718430741444032e+23,0.0,0.0,0.0,0.0,69,89221.172,-0.0,0.0,0.0,0.0,0.0,0.0,0.0,0.0,0,0,0,0.0,0.0,0.0,0.0,0.0,0.0,0.0,0.0,0.0,0.0,0.0,0.0,0.0,0.0,0.0,0.0,0,-107875648.0,69,0.0,138,0.0,-109447200.0,0,13107,17040,26215,17049,13107,17043,0,0,0,70,68,100,2.7302359370752657e+23,71.1,2.7302370179391762e+23,74.2,2.7302370179391762e+23,74.0,1,49,50,180,13107,52429,0,0,0.0,0.0,0.0,0.0,-0.0,67.0,0.0,162057.094,0.0,751,0,739,0,0,0,721,0,767,0,736,0,742,0,742,0,712,0,7520,0.032,107374182400.0,0.0,0.0,784,16797,-0.0,162057.094,-114818.039,-0.0,0.133,6.909358625270745e+28,30.0,65.0,35,0.0,0.0,0.0,0.0,0.0,0.0,0.0,0.0,0.0,0.0,0.0,0.0,0.0,0.0,0.0,0.0,69.2,0,150,71,55,65476,0,300,0,1,8,20529,65476,0,0,40632,65.0,0.0,0.0,0.0,0.0,0.0
2026-09-04T20:21:11,ERR,ERR,ERR,ERR,ERR,ERR,ERR,ERR,ERR,ERR,ERR,ERR,ERR,ERR,ERR,ERR,ERR,ERR,ERR,ERR,ERR,ERR,ERR,ERR,ERR,ERR,ERR,ERR,ERR,ERR,ERR,ERR,ERR,ERR,ERR,ERR,ERR,ERR,ERR,ERR,ERR,ERR,ERR,ERR,ERR,ERR,ERR,ERR,ERR,ERR,ERR,ERR,ERR,ERR,ERR,ERR,ERR,ERR,ERR,ERR,ERR,ERR,ERR,ERR,ERR,ERR,ERR,ERR,ERR,ERR,ERR,ERR,ERR,ERR,ERR,ERR,ERR,ERR,ERR,ERR,ERR,ERR,ERR,ERR,ERR,ERR,ERR,ERR,ERR,ERR,ERR,ERR,ERR,ERR,ERR,ERR,ERR,ERR,ERR,ERR,ERR,ERR,ERR,ERR,ERR,ERR,ERR,ERR,ERR,ERR,ERR,ERR,ERR,ERR,ERR,ERR,ERR,ERR,ERR,ERR,ERR,ERR,ERR,ERR,ERR,2.718430741444032e+23,2.7184312818759872e+23,0.0,0.0,0.0,1.3936040501711995e+18,7.805,0.0,0,0,4,0,7116,0.0,100,0.0,0.0,0.0,0.0,0.0,0,0,0,0,0.0,0,0,0,0,0,0,0,0,0,0,0,0,0,0,0,0,0,0,0,0,0,0,0,0,0,0,0,0,0,0,0,0,0,31,40,40,71,65476,0,300,0,0,8,21553,0.0,-107605600.0,0.0,0.0,0.0,0.0,0.0,0.0,0.0,0.0,0.0,0.0,0.0,0.0,0.0,0.0,0.0,0.0,0.0,0.0,0.0,0.0,-2.004,-2.004,-2.004,0.0,0.0,0.0,0.0,0.0,6266.0,0.0,6916.0,2.718430741444032e+23,2.7184312818759872e+23,-0.0,2.718430741444032e+23,0.0,0.0,0.0,0.0,69,89221.172,-0.0,0.0,0.0,0.0,0.0,0.0,0.0,0.0,0,0,0,0.0,0.0,0.0,0.0,0.0,0.0,0.0,0.0,0.0,0.0,0.0,0.0,0.0,0.0,0.0,0.0,0,-107875648.0,69,0.0,138,0.0,-109447200.0,0,13107,17040,26215,17049,13107,17043,0,0,0,70,68,100,2.7302359370752657e+23,71.2,2.7302370179391762e+23,74.2,2.7302370179391762e+23,74.0,1,49,50,180,13107,52429,0,0,0.0,0.0,0.0,0.0,-0.0,67.0,0.0,162057.094,0.0,751,0,739,0,0,0,721,0,767,0,736,0,742,0,742,0,712,0,7520,0.032,104689827840.0,0.0,0.0,784,16797,-0.0,162057.094,-114818.039,-0.0,0.133,6.909358625270745e+28,30.0,65.0,35,0.0,0.0,0.0,0.0,0.0,0.0,0.0,0.0,0.0,0.0,0.0,0.0,0.0,0.0,0.0,0.0,69.2,0,150,71,55,65476,0,300,0,1,8,20529,65476,0,0,40632,65.0,0.0,0.0,0.0,0.0,0.0
2026-09-04T20:21:12,ERR,ERR,ERR,ERR,ERR,ERR,ERR,ERR,ERR,ERR,ERR,ERR,ERR,ERR,ERR,ERR,ERR,ERR,ERR,ERR,ERR,ERR,ERR,ERR,ERR,ERR,ERR,ERR,ERR,ERR,ERR,ERR,ERR,ERR,ERR,ERR,ERR,ERR,ERR,ERR,ERR,ERR,ERR,ERR,ERR,ERR,ERR,ERR,ERR,ERR,ERR,ERR,ERR,ERR,ERR,ERR,ERR,ERR,ERR,ERR,ERR,ERR,ERR,ERR,ERR,ERR,ERR,ERR,ERR,ERR,ERR,ERR,ERR,ERR,ERR,ERR,ERR,ERR,ERR,ERR,ERR,ERR,ERR,ERR,ERR,ERR,ERR,ERR,ERR,ERR,ERR,ERR,ERR,ERR,ERR,ERR,ERR,ERR,ERR,ERR,ERR,ERR,ERR,ERR,ERR,ERR,ERR,ERR,ERR,ERR,ERR,ERR,ERR,ERR,ERR,ERR,ERR,ERR,ERR,ERR,ERR,ERR,ERR,ERR,ERR,2.718430741444032e+23,2.7184312818759872e+23,0.0,0.0,0.0,1.3936040501711995e+18,7.805,0.0,0,0,4,0,7116,0.0,100,0.0,0.0,0.0,0.0,0.0,0,0,0,0,0.0,0,0,0,0,0,0,0,0,0,0,0,0,0,0,0,0,0,0,0,0,0,0,0,0,0,0,0,0,0,0,0,0,0,31,40,40,71,65476,0,300,0,0,8,21553,0.0,-107605600.0,0.0,0.0,0.0,0.0,0.0,0.0,0.0,0.0,0.0,0.0,0.0,0.0,0.0,0.0,0.0,0.0,0.0,0.0,0.0,0.0,-2.004,-2.004,-2.004,0.0,0.0,0.0,0.0,0.0,6266.0,0.0,6916.0,2.718430741444032e+23,2.7184312818759872e+23,-0.0,2.718430741444032e+23,0.0,0.0,0.0,0.0,69,89221.172,-0.0,0.0,0.0,0.0,0.0,0.0,0.0,0.0,0,0,0,0.0,0.0,0.0,0.0,0.0,0.0,0.0,0.0,0.0,0.0,0.0,0.0,0.0,0.0,0.0,0.0,0,-107875648.0,69,0.0,138,0.0,-109447200.0,0,13107,17040,26215,17049,13107,17043,0,0,0,70,68,100,2.7302359370752657e+23,71.2,2.7302370179391762e+23,74.2,2.7302370179391762e+23,74.0,1,49,50,180,13107,52429,0,0,0.0,0.0,0.0,0.0,-0.0,67.0,0.0,162057.094,0.0,751,0,739,0,0,0,721,0,767,0,736,0,742,0,742,0,712,0,7520,0.032,104689827840.0,0.0,0.0,784,16797,-0.0,162057.094,-114818.039,-0.0,0.133,6.909358625270745e+28,30.0,65.0,35,0.0,0.0,0.0,0.0,0.0,0.0,0.0,0.0,0.0,0.0,0.0,0.0,0.0,0.0,0.0,0.0,69.2,0,150,71,55,65476,0,300,0,1,8,20529,65476,0,0,40632,65.0,0.0,0.0,0.0,0.0,0.0
2026-09-04T20:21:13,ERR,ERR,ERR,ERR,ERR,ERR,ERR,ERR,ERR,ERR,ERR,ERR,ERR,ERR,ERR,ERR,ERR,ERR,ERR,ERR,ERR,ERR,ERR,ERR,ERR,ERR,ERR,ERR,ERR,ERR,ERR,ERR,ERR,ERR,ERR,ERR,ERR,ERR,ERR,ERR,ERR,ERR,ERR,ERR,ERR,ERR,ERR,ERR,ERR,ERR,ERR,ERR,ERR,ERR,ERR,ERR,ERR,ERR,ERR,ERR,ERR,ERR,ERR,ERR,ERR,ERR,ERR,ERR,ERR,ERR,ERR,ERR,ERR,ERR,ERR,ERR,ERR,ERR,ERR,ERR,ERR,ERR,ERR,ERR,ERR,ERR,ERR,ERR,ERR,ERR,ERR,ERR,ERR,ERR,ERR,ERR,ERR,ERR,ERR,ERR,ERR,ERR,ERR,ERR,ERR,ERR,ERR,ERR,ERR,ERR,ERR,ERR,ERR,ERR,ERR,ERR,ERR,ERR,ERR,ERR,ERR,ERR,ERR,ERR,ERR,2.718430741444032e+23,2.7184312818759872e+23,0.0,0.0,0.0,1.3936040501711995e+18,7.805,0.0,0,0,4,0,7116,0.0,100,0.0,0.0,0.0,0.0,0.0,0,0,0,0,0.0,0,0,0,0,0,0,0,0,0,0,0,0,0,0,0,0,0,0,0,0,0,0,0,0,0,0,0,0,0,0,0,0,0,31,40,40,71,65476,0,300,0,0,8,21553,0.0,-107605600.0,0.0,0.0,0.0,0.0,0.0,0.0,0.0,0.0,0.0,0.0,0.0,0.0,0.0,0.0,0.0,0.0,0.0,0.0,0.0,0.0,-2.004,-2.004,-2.004,0.0,0.0,0.0,0.0,0.0,6266.0,0.0,6916.0,2.718430741444032e+23,2.7184312818759872e+23,-0.0,2.718430741444032e+23,0.0,0.0,0.0,0.0,69,89221.172,-0.0,0.0,0.0,0.0,0.0,0.0,0.0,0.0,0,0,0,0.0,0.0,0.0,0.0,0.0,0.0,0.0,0.0,0.0,0.0,0.0,0.0,0.0,0.0,0.0,0.0,0,-107875648.0,69,0.0,138,0.0,-109447200.0,0,13107,17040,26215,17049,13107,17043,0,0,0,70,68,100,2.7302359370752657e+23,71.2,2.7302370179391762e+23,74.2,2.7302370179391762e+23,74.0,1,49,50,180,13107,52429,0,0,0.0,0.0,0.0,0.0,-0.0,67.0,0.0,162057.094,0.0,751,0,739,0,0,0,721,0,767,0,736,0,742,0,742,0,712,0,7520,0.032,104689827840.0,0.0,0.0,784,16797,-0.0,162057.094,-114818.039,-0.0,0.133,6.909358625270745e+28,30.0,65.0,35,0.0,0.0,0.0,0.0,0.0,0.0,0.0,0.0,0.0,0.0,0.0,0.0,0.0,0.0,0.0,0.0,69.2,0,150,71,55,65476,0,300,0,1,8,20529,65476,0,0,40632,65.0,0.0,0.0,0.0,0.0,0.0
2026-09-04T20:21:14,ERR,ERR,ERR,ERR,ERR,ERR,ERR,ERR,ERR,ERR,ERR,ERR,ERR,ERR,ERR,ERR,ERR,ERR,ERR,ERR,ERR,ERR,ERR,ERR,ERR,ERR,ERR,ERR,ERR,ERR,ERR,ERR,ERR,ERR,ERR,ERR,ERR,ERR,ERR,ERR,ERR,ERR,ERR,ERR,ERR,ERR,ERR,ERR,ERR,ERR,ERR,ERR,ERR,ERR,ERR,ERR,ERR,ERR,ERR,ERR,ERR,ERR,ERR,ERR,ERR,ERR,ERR,ERR,ERR,ERR,ERR,ERR,ERR,ERR,ERR,ERR,ERR,ERR,ERR,ERR,ERR,ERR,ERR,ERR,ERR,ERR,ERR,ERR,ERR,ERR,ERR,ERR,ERR,ERR,ERR,ERR,ERR,ERR,ERR,ERR,ERR,ERR,ERR,ERR,ERR,ERR,ERR,ERR,ERR,ERR,ERR,ERR,ERR,ERR,ERR,ERR,ERR,ERR,ERR,ERR,ERR,ERR,ERR,ERR,ERR,2.718430741444032e+23,2.7184312818759872e+23,0.0,0.0,0.0,1.3936040501711995e+18,7.805,0.0,0,0,4,0,7116,0.0,100,0.0,0.0,0.0,0.0,0.0,0,0,0,0,0.0,0,0,0,0,0,0,0,0,0,0,0,0,0,0,0,0,0,0,0,0,0,0,0,0,0,0,0,0,0,0,0,0,0,31,40,40,71,65476,0,300,0,0,8,21553,0.0,-107605600.0,0.0,0.0,0.0,0.0,0.0,0.0,0.0,0.0,0.0,0.0,0.0,0.0,0.0,0.0,0.0,0.0,0.0,0.0,0.0,0.0,-2.004,-2.004,-2.004,0.0,0.0,0.0,0.0,0.0,6266.0,0.0,6916.0,2.718430741444032e+23,2.7184312818759872e+23,-0.0,2.718430741444032e+23,0.0,0.0,0.0,0.0,69,89221.172,-0.0,0.0,0.0,0.0,0.0,0.0,0.0,0.0,0,0,0,0.0,0.0,0.0,0.0,0.0,0.0,0.0,0.0,0.0,0.0,0.0,0.0,0.0,0.0,0.0,0.0,0,-107875648.0,69,0.0,138,0.0,-109447200.0,0,13107,17040,26215,17049,13107,17043,0,0,0,70,68,100,2.7302359370752657e+23,71.2,2.7302370179391762e+23,74.2,2.7302370179391762e+23,74.0,1,49,50,180,13107,52429,0,0,0.0,0.0,0.0,0.0,-0.0,67.0,0.0,162057.094,0.0,751,0,739,0,0,0,721,0,767,0,736,0,742,0,742,0,712,0,7520,0.032,104689827840.0,0.0,0.0,784,16797,-0.0,162057.094,-114818.039,-0.0,0.133,6.909358625270745e+28,30.0,65.0,35,0.0,0.0,0.0,0.0,0.0,0.0,0.0,0.0,0.0,0.0,0.0,0.0,0.0,0.0,0.0,0.0,69.2,0,150,71,55,65476,0,300,0,1,8,20529,65476,0,0,40632,65.0,0.0,0.0,0.0,0.0,0.0
2026-09-04T20:21:15,ERR,ERR,ERR,ERR,ERR,ERR,ERR,ERR,ERR,ERR,ERR,ERR,ERR,ERR,ERR,ERR,ERR,ERR,ERR,ERR,ERR,ERR,ERR,ERR,ERR,ERR,ERR,ERR,ERR,ERR,ERR,ERR,ERR,ERR,ERR,ERR,ERR,ERR,ERR,ERR,ERR,ERR,ERR,ERR,ERR,ERR,ERR,ERR,ERR,ERR,ERR,ERR,ERR,ERR,ERR,ERR,ERR,ERR,ERR,ERR,ERR,ERR,ERR,ERR,ERR,ERR,ERR,ERR,ERR,ERR,ERR,ERR,ERR,ERR,ERR,ERR,ERR,ERR,ERR,ERR,ERR,ERR,ERR,ERR,ERR,ERR,ERR,ERR,ERR,ERR,ERR,ERR,ERR,ERR,ERR,ERR,ERR,ERR,ERR,ERR,ERR,ERR,ERR,ERR,ERR,ERR,ERR,ERR,ERR,ERR,ERR,ERR,ERR,ERR,ERR,ERR,ERR,ERR,ERR,ERR,ERR,ERR,ERR,ERR,ERR,2.718430741444032e+23,2.7184312818759872e+23,0.0,0.0,0.0,1.3936040501711995e+18,7.805,0.0,0,0,4,0,7116,0.0,100,0.0,0.0,0.0,0.0,0.0,0,0,0,0,0.0,0,0,0,0,0,0,0,0,0,0,0,0,0,0,0,0,0,0,0,0,0,0,0,0,0,0,0,0,0,0,0,0,0,31,40,40,71,65476,0,300,0,0,8,21553,0.0,-107605600.0,0.0,0.0,0.0,0.0,0.0,0.0,0.0,0.0,0.0,0.0,0.0,0.0,0.0,0.0,0.0,0.0,0.0,0.0,0.0,0.0,-2.004,-2.004,-2.004,0.0,0.0,0.0,0.0,0.0,6266.0,0.0,6916.0,2.718430741444032e+23,2.7184312818759872e+23,-0.0,2.718430741444032e+23,0.0,0.0,0.0,0.0,69,89221.172,-0.0,0.0,0.0,0.0,0.0,0.0,0.0,0.0,0,0,0,0.0,0.0,0.0,0.0,0.0,0.0,0.0,0.0,0.0,0.0,0.0,0.0,0.0,0.0,0.0,0.0,0,-107875648.0,69,0.0,138,0.0,-109447200.0,0,13107,17040,26215,17049,13107,17043,0,0,0,70,68,100,2.7302359370752657e+23,71.2,2.7302370179391762e+23,74.2,2.7302370179391762e+23,74.0,1,49,50,180,13107,52429,0,0,0.0,0.0,0.0,0.0,-0.0,67.0,0.0,162057.094,0.0,751,0,739,0,0,0,721,0,767,0,736,0,742,0,742,0,712,0,7520,0.032,104689827840.0,0.0,0.0,784,16797,-0.0,162057.094,-114818.039,-0.0,0.133,6.909358625270745e+28,30.0,65.0,35,0.0,0.0,0.0,0.0,0.0,0.0,0.0,0.0,0.0,0.0,0.0,0.0,0.0,0.0,0.0,0.0,69.2,0,150,71,55,65476,0,300,0,1,8,20529,65476,0,0,40632,65.0,0.0,0.0,0.0,0.0,0.0
2026-09-04T20:21:16,ERR,ERR,ERR,ERR,ERR,ERR,ERR,ERR,ERR,ERR,ERR,ERR,ERR,ERR,ERR,ERR,ERR,ERR,ERR,ERR,ERR,ERR,ERR,ERR,ERR,ERR,ERR,ERR,ERR,ERR,ERR,ERR,ERR,ERR,ERR,ERR,ERR,ERR,ERR,ERR,ERR,ERR,ERR,ERR,ERR,ERR,ERR,ERR,ERR,ERR,ERR,ERR,ERR,ERR,ERR,ERR,ERR,ERR,ERR,ERR,ERR,ERR,ERR,ERR,ERR,ERR,ERR,ERR,ERR,ERR,ERR,ERR,ERR,ERR,ERR,ERR,ERR,ERR,ERR,ERR,ERR,ERR,ERR,ERR,ERR,ERR,ERR,ERR,ERR,ERR,ERR,ERR,ERR,ERR,ERR,ERR,ERR,ERR,ERR,ERR,ERR,ERR,ERR,ERR,ERR,ERR,ERR,ERR,ERR,ERR,ERR,ERR,ERR,ERR,ERR,ERR,ERR,ERR,ERR,ERR,ERR,ERR,ERR,ERR,ERR,2.718430741444032e+23,2.7184312818759872e+23,0.0,0.0,0.0,1.3936040501711995e+18,7.805,0.0,0,0,4,0,7116,0.0,100,0.0,0.0,0.0,0.0,0.0,0,0,0,0,0.0,0,0,0,0,0,0,0,0,0,0,0,0,0,0,0,0,0,0,0,0,0,0,0,0,0,0,0,0,0,0,0,0,0,31,40,40,71,65476,0,300,0,0,8,21553,0.0,-107605600.0,0.0,0.0,0.0,0.0,0.0,0.0,0.0,0.0,0.0,0.0,0.0,0.0,0.0,0.0,0.0,0.0,0.0,0.0,0.0,0.0,-2.004,-2.004,-2.004,0.0,0.0,0.0,0.0,0.0,6266.0,0.0,6916.0,2.718430741444032e+23,2.7184312818759872e+23,-0.0,2.718430741444032e+23,0.0,0.0,0.0,0.0,69,89221.172,-0.0,0.0,0.0,0.0,0.0,0.0,0.0,0.0,0,0,0,0.0,0.0,0.0,0.0,0.0,0.0,0.0,0.0,0.0,0.0,0.0,0.0,0.0,0.0,0.0,0.0,0,-107875648.0,69,0.0,138,0.0,-109447200.0,0,13107,17040,26215,17049,13107,17043,0,0,0,70,68,100,2.7302359370752657e+23,71.2,2.7302370179391762e+23,74.2,2.7302370179391762e+23,74.0,1,49,50,180,13107,52429,0,0,0.0,0.0,0.0,0.0,-0.0,67.0,0.0,162057.094,0.0,751,0,739,0,0,0,721,0,767,0,736,0,742,0,742,0,712,0,7520,0.032,107911053312.0,0.0,0.0,784,16797,-0.0,162057.094,-114818.039,-0.0,0.133,6.909358625270745e+28,30.0,65.0,35,0.0,0.0,0.0,0.0,0.0,0.0,0.0,0.0,0.0,0.0,0.0,0.0,0.0,0.0,0.0,0.0,69.2,0,150,71,55,65476,0,300,0,1,8,20529,65476,0,0,40632,65.0,0.0,0.0,0.0,0.0,0.0
2026-09-04T20:21:17,ERR,ERR,ERR,ERR,ERR,ERR,ERR,ERR,ERR,ERR,ERR,ERR,ERR,ERR,ERR,ERR,ERR,ERR,ERR,ERR,ERR,ERR,ERR,ERR,ERR,ERR,ERR,ERR,ERR,ERR,ERR,ERR,ERR,ERR,ERR,ERR,ERR,ERR,ERR,ERR,ERR,ERR,ERR,ERR,ERR,ERR,ERR,ERR,ERR,ERR,ERR,ERR,ERR,ERR,ERR,ERR,ERR,ERR,ERR,ERR,ERR,ERR,ERR,ERR,ERR,ERR,ERR,ERR,ERR,ERR,ERR,ERR,ERR,ERR,ERR,ERR,ERR,ERR,ERR,ERR,ERR,ERR,ERR,ERR,ERR,ERR,ERR,ERR,ERR,ERR,ERR,ERR,ERR,ERR,ERR,ERR,ERR,ERR,ERR,ERR,ERR,ERR,ERR,ERR,ERR,ERR,ERR,ERR,ERR,ERR,ERR,ERR,ERR,ERR,ERR,ERR,ERR,ERR,ERR,ERR,ERR,ERR,ERR,ERR,ERR,2.718430741444032e+23,2.7184312818759872e+23,0.0,0.0,0.0,1.3936040501711995e+18,7.805,0.0,0,0,4,0,7116,0.0,100,0.0,0.0,0.0,0.0,0.0,0,0,0,0,0.0,0,0,0,0,0,0,0,0,0,0,0,0,0,0,0,0,0,0,0,0,0,0,0,0,0,0,0,0,0,0,0,0,0,31,40,40,71,65476,0,300,0,0,8,21553,0.0,-107605600.0,0.0,0.0,0.0,0.0,0.0,0.0,0.0,0.0,0.0,0.0,0.0,0.0,0.0,0.0,0.0,0.0,0.0,0.0,0.0,0.0,-2.004,-2.004,-2.004,0.0,0.0,0.0,0.0,0.0,6266.0,0.0,6916.0,2.718430741444032e+23,2.7184312818759872e+23,-0.0,2.718430741444032e+23,0.0,0.0,0.0,0.0,69,89221.172,-0.0,0.0,0.0,0.0,0.0,0.0,0.0,0.0,0,0,0,0.0,0.0,0.0,0.0,0.0,0.0,0.0,0.0,0.0,0.0,0.0,0.0,0.0,0.0,0.0,0.0,0,-107875648.0,69,0.0,138,0.0,-109447200.0,0,13107,17040,26215,17049,13107,17043,0,0,0,70,68,100,2.7302359370752657e+23,71.2,2.7302370179391762e+23,74.2,2.7302370179391762e+23,74.0,1,49,50,180,13107,52429,0,0,0.0,0.0,0.0,0.0,-0.0,67.0,0.0,162057.094,0.0,751,0,739,0,0,0,721,0,767,0,736,0,742,0,742,0,712,0,7520,0.032,107911053312.0,0.0,0.0,784,16797,-0.0,162057.094,-114818.039,-0.0,0.133,6.909358625270745e+28,30.0,65.0,35,0.0,0.0,0.0,0.0,0.0,0.0,0.0,0.0,0.0,0.0,0.0,0.0,0.0,0.0,0.0,0.0,69.2,0,150,71,55,65476,0,300,0,1,8,20529,65476,0,0,40632,65.0,0.0,0.0,0.0,0.0,0.0
2026-09-04T20:21:18,ERR,ERR,ERR,ERR,ERR,ERR,ERR,ERR,ERR,ERR,ERR,ERR,ERR,ERR,ERR,ERR,ERR,ERR,ERR,ERR,ERR,ERR,ERR,ERR,ERR,ERR,ERR,ERR,ERR,ERR,ERR,ERR,ERR,ERR,ERR,ERR,ERR,ERR,ERR,ERR,ERR,ERR,ERR,ERR,ERR,ERR,ERR,ERR,ERR,ERR,ERR,ERR,ERR,ERR,ERR,ERR,ERR,ERR,ERR,ERR,ERR,ERR,ERR,ERR,ERR,ERR,ERR,ERR,ERR,ERR,ERR,ERR,ERR,ERR,ERR,ERR,ERR,ERR,ERR,ERR,ERR,ERR,ERR,ERR,ERR,ERR,ERR,ERR,ERR,ERR,ERR,ERR,ERR,ERR,ERR,ERR,ERR,ERR,ERR,ERR,ERR,ERR,ERR,ERR,ERR,ERR,ERR,ERR,ERR,ERR,ERR,ERR,ERR,ERR,ERR,ERR,ERR,ERR,ERR,ERR,ERR,ERR,ERR,ERR,ERR,0.0,2.7184312818759872e+23,-100793952.0,0.0,0.0,1.3936040501711995e+18,7.805,0.0,0,0,4,0,7116,0.0,100,0.0,0.0,0.0,0.0,0.0,0,0,0,0,0.0,0,0,0,0,0,0,0,0,0,0,0,0,0,0,0,0,0,0,0,0,0,0,0,0,0,0,0,0,0,0,0,0,0,31,40,40,71,65476,0,300,0,0,8,21553,0.0,-107605600.0,0.0,0.0,0.0,0.0,0.0,0.0,0.0,0.0,0.0,0.0,0.0,0.0,0.0,0.0,0.0,0.0,0.0,0.0,0.0,0.0,-2.004,-2.004,-2.004,-2.004,0.0,0.0,0.0,0.0,6270.0,8608222208.0,6922.0,2.718430741444032e+23,2.7184312818759872e+23,-0.0,2.718430741444032e+23,0.0,0.0,0.0,0.0,69,2.7184314620199723e+23,0.0,0.0,0.0,0.0,0.0,0.0,0.0,0.0,0,0,0,0.0,0.0,0.0,0.0,0.0,0.0,0.0,0.0,0.0,0.0,0.0,0.0,0.0,0.0,0.0,0.0,0,-107875648.0,69,0.0,138,0.0,-109447200.0,0,13107,17040,26215,17049,13107,17043,0,0,0,70,68,100,2.7302359370752657e+23,71.2,2.7302370179391762e+23,74.2,2.7302370179391762e+23,74.0,1,49,50,180,13107,52429,0,0,0.0,0.0,0.0,0.0,-0.0,67.0,0.0,162057.094,0.0,751,0,739,0,0,0,721,0,767,0,736,0,742,0,742,0,712,0,7520,0.032,107911053312.0,0.0,0.0,784,16797,-0.0,162057.094,-114818.039,-0.0,0.133,6.909358625270745e+28,30.0,65.0,35,0.0,0.0,0.0,0.0,0.0,0.0,0.0,0.0,0.0,0.0,0.0,0.0,0.0,0.0,0.0,0.0,69.2,0,150,71,55,65476,0,300,0,1,8,20529,65476,0,0,40632,65.0,0.0,0.0,0.0,0.0,0.0
2026-09-04T20:21:19,ERR,ERR,ERR,ERR,ERR,ERR,ERR,ERR,ERR,ERR,ERR,ERR,ERR,ERR,ERR,ERR,ERR,ERR,ERR,ERR,ERR,ERR,ERR,ERR,ERR,ERR,ERR,ERR,ERR,ERR,ERR,ERR,ERR,ERR,ERR,ERR,ERR,ERR,ERR,ERR,ERR,ERR,ERR,ERR,ERR,ERR,ERR,ERR,ERR,ERR,ERR,ERR,ERR,ERR,ERR,ERR,ERR,ERR,ERR,ERR,ERR,ERR,ERR,ERR,ERR,ERR,ERR,ERR,ERR,ERR,ERR,ERR,ERR,ERR,ERR,ERR,ERR,ERR,ERR,ERR,ERR,ERR,ERR,ERR,ERR,ERR,ERR,ERR,ERR,ERR,ERR,ERR,ERR,ERR,ERR,ERR,ERR,ERR,ERR,ERR,ERR,ERR,ERR,ERR,ERR,ERR,ERR,ERR,ERR,ERR,ERR,ERR,ERR,ERR,ERR,ERR,ERR,ERR,ERR,ERR,ERR,ERR,ERR,ERR,ERR,0.0,2.7184312818759872e+23,-100793952.0,0.0,0.0,1.3936040501711995e+18,7.805,0.0,0,0,4,0,7116,0.0,100,0.0,0.0,0.0,0.0,0.0,0,0,0,0,0.0,0,0,0,0,0,0,0,0,0,0,0,0,0,0,0,0,0,0,0,0,0,0,0,0,0,0,0,0,0,0,0,0,0,31,40,40,71,65476,0,300,0,0,8,21553,0.0,-107605600.0,0.0,0.0,0.0,0.0,0.0,0.0,0.0,0.0,0.0,0.0,0.0,0.0,0.0,0.0,0.0,0.0,0.0,0.0,0.0,0.0,-2.004,-2.004,-2.004,-2.004,0.0,0.0,0.0,0.0,6270.0,8608222208.0,6922.0,2.718430741444032e+23,2.7184312818759872e+23,-0.0,2.718430741444032e+23,0.0,0.0,0.0,0.0,69,2.7184314620199723e+23,0.0,0.0,0.0,0.0,0.0,0.0,0.0,0.0,0,0,0,0.0,0.0,0.0,0.0,0.0,0.0,0.0,0.0,0.0,0.0,0.0,0.0,0.0,0.0,0.0,0.0,0,-107875648.0,69,0.0,138,0.0,-109447200.0,0,13107,17040,26215,17049,13107,17043,0,0,0,70,68,100,2.7302359370752657e+23,71.2,2.7302370179391762e+23,74.2,2.7302370179391762e+23,74.0,1,49,50,180,13107,52429,0,0,0.0,0.0,0.0,0.0,-0.0,67.0,0.0,162057.094,0.0,751,0,739,0,0,0,721,0,767,0,736,0,742,0,742,0,712,0,7520,0.032,107911053312.0,0.0,0.0,784,16797,-0.0,162057.094,-114818.039,-0.0,0.133,6.909358625270745e+28,30.0,65.0,35,0.0,0.0,0.0,0.0,0.0,0.0,0.0,0.0,0.0,0.0,0.0,0.0,0.0,0.0,0.0,0.0,69.2,0,150,71,55,65476,0,300,0,1,8,20529,65476,0,0,40632,65.0,0.0,0.0,0.0,0.0,0.0
2026-09-04T20:21:20,ERR,ERR,ERR,ERR,ERR,ERR,ERR,ERR,ERR,ERR,ERR,ERR,ERR,ERR,ERR,ERR,ERR,ERR,ERR,ERR,ERR,ERR,ERR,ERR,ERR,ERR,ERR,ERR,ERR,ERR,ERR,ERR,ERR,ERR,ERR,ERR,ERR,ERR,ERR,ERR,ERR,ERR,ERR,ERR,ERR,ERR,ERR,ERR,ERR,ERR,ERR,ERR,ERR,ERR,ERR,ERR,ERR,ERR,ERR,ERR,ERR,ERR,ERR,ERR,ERR,ERR,ERR,ERR,ERR,ERR,ERR,ERR,ERR,ERR,ERR,ERR,ERR,ERR,ERR,ERR,ERR,ERR,ERR,ERR,ERR,ERR,ERR,ERR,ERR,ERR,ERR,ERR,ERR,ERR,ERR,ERR,ERR,ERR,ERR,ERR,ERR,ERR,ERR,ERR,ERR,ERR,ERR,ERR,ERR,ERR,ERR,ERR,ERR,ERR,ERR,ERR,ERR,ERR,ERR,ERR,ERR,ERR,ERR,ERR,ERR,0.0,2.7184312818759872e+23,-100793952.0,0.0,0.0,1.3936040501711995e+18,7.805,0.0,0,0,4,0,7116,0.0,100,0.0,0.0,0.0,0.0,0.0,0,0,0,0,0.0,0,0,0,0,0,0,0,0,0,0,0,0,0,0,0,0,0,0,0,0,0,0,0,0,0,0,0,0,0,0,0,0,0,31,40,40,71,65476,0,300,0,0,8,21553,0.0,-107605600.0,0.0,0.0,0.0,0.0,0.0,0.0,0.0,0.0,0.0,0.0,0.0,0.0,0.0,0.0,0.0,0.0,0.0,0.0,0.0,0.0,-2.004,-2.004,-2.004,-2.004,0.0,0.0,0.0,0.0,6270.0,8608222208.0,6922.0,2.718430741444032e+23,2.7184312818759872e+23,-0.0,2.718430741444032e+23,0.0,0.0,0.0,0.0,69,2.7184314620199723e+23,0.0,0.0,0.0,0.0,0.0,0.0,0.0,0.0,0,0,0,0.0,0.0,0.0,0.0,0.0,0.0,0.0,0.0,0.0,0.0,0.0,0.0,0.0,0.0,0.0,0.0,0,-107875648.0,69,0.0,138,0.0,-109447200.0,0,13107,17040,26215,17049,13107,17043,0,0,0,70,68,100,2.7302359370752657e+23,71.2,2.7302370179391762e+23,74.2,2.7302370179391762e+23,74.0,1,49,50,180,13107,52429,0,0,0.0,0.0,0.0,0.0,-0.0,67.0,0.0,162057.094,0.0,751,0,739,0,0,0,721,0,767,0,736,0,742,0,742,0,712,0,7520,0.032,107911053312.0,0.0,0.0,784,16797,-0.0,162057.094,-114818.039,-0.0,0.133,6.909358625270745e+28,30.0,65.0,35,0.0,0.0,0.0,0.0,0.0,0.0,0.0,0.0,0.0,0.0,0.0,0.0,0.0,0.0,0.0,0.0,69.2,0,150,71,55,65476,0,300,0,1,8,20529,65476,0,0,40632,65.0,0.0,0.0,0.0,0.0,0.0
2026-09-04T20:21:21,ERR,ERR,ERR,ERR,ERR,ERR,ERR,ERR,ERR,ERR,ERR,ERR,ERR,ERR,ERR,ERR,ERR,ERR,ERR,ERR,ERR,ERR,ERR,ERR,ERR,ERR,ERR,ERR,ERR,ERR,ERR,ERR,ERR,ERR,ERR,ERR,ERR,ERR,ERR,ERR,ERR,ERR,ERR,ERR,ERR,ERR,ERR,ERR,ERR,ERR,ERR,ERR,ERR,ERR,ERR,ERR,ERR,ERR,ERR,ERR,ERR,ERR,ERR,ERR,ERR,ERR,ERR,ERR,ERR,ERR,ERR,ERR,ERR,ERR,ERR,ERR,ERR,ERR,ERR,ERR,ERR,ERR,ERR,ERR,ERR,ERR,ERR,ERR,ERR,ERR,ERR,ERR,ERR,ERR,ERR,ERR,ERR,ERR,ERR,ERR,ERR,ERR,ERR,ERR,ERR,ERR,ERR,ERR,ERR,ERR,ERR,ERR,ERR,ERR,ERR,ERR,ERR,ERR,ERR,ERR,ERR,ERR,ERR,ERR,ERR,0.0,2.7184312818759872e+23,-100793952.0,0.0,0.0,1.3936040501711995e+18,7.805,0.0,0,0,4,0,7116,0.0,100,0.0,0.0,0.0,0.0,0.0,0,0,0,0,0.0,0,0,0,0,0,0,0,0,0,0,0,0,0,0,0,0,0,0,0,0,0,0,0,0,0,0,0,0,0,0,0,0,0,31,40,40,71,65476,0,300,0,0,8,21553,0.0,-107605600.0,0.0,0.0,0.0,0.0,0.0,0.0,0.0,0.0,0.0,0.0,0.0,0.0,0.0,0.0,0.0,0.0,0.0,0.0,0.0,0.0,-2.004,-2.004,-2.004,-2.004,0.0,0.0,0.0,0.0,6270.0,8608222208.0,6922.0,2.718430741444032e+23,2.7184312818759872e+23,-0.0,2.718430741444032e+23,0.0,0.0,0.0,0.0,69,2.7184314620199723e+23,0.0,0.0,0.0,0.0,0.0,0.0,0.0,0.0,0,0,0,0.0,0.0,0.0,0.0,0.0,0.0,0.0,0.0,0.0,0.0,0.0,0.0,0.0,0.0,0.0,0.0,0,-107875648.0,69,0.0,138,0.0,-109447200.0,0,13107,17040,26215,17049,13107,17043,0,0,0,70,68,100,2.7302359370752657e+23,71.1,0.0,74.2,2.7302370179391762e+23,74.0,1,49,50,180,13107,52429,0,0,0.0,0.0,0.0,0.0,-0.0,67.0,0.0,162057.094,0.0,751,0,739,0,0,0,721,0,767,0,736,0,742,0,742,0,712,0,7520,0.032,107911053312.0,0.0,0.0,784,16797,-0.0,162057.094,-114818.039,-0.0,0.133,6.909358625270745e+28,30.0,65.0,35,0.0,0.0,0.0,0.0,0.0,0.0,0.0,0.0,0.0,0.0,0.0,0.0,0.0,0.0,0.0,0.0,69.2,0,150,71,55,65476,0,300,0,1,8,20529,65476,0,0,40632,65.0,0.0,0.0,0.0,0.0,0.0
2026-09-04T20:21:22,ERR,ERR,ERR,ERR,ERR,ERR,ERR,ERR,ERR,ERR,ERR,ERR,ERR,ERR,ERR,ERR,ERR,ERR,ERR,ERR,ERR,ERR,ERR,ERR,ERR,ERR,ERR,ERR,ERR,ERR,ERR,ERR,ERR,ERR,ERR,ERR,ERR,ERR,ERR,ERR,ERR,ERR,ERR,ERR,ERR,ERR,ERR,ERR,ERR,ERR,ERR,ERR,ERR,ERR,ERR,ERR,ERR,ERR,ERR,ERR,ERR,ERR,ERR,ERR,ERR,ERR,ERR,ERR,ERR,ERR,ERR,ERR,ERR,ERR,ERR,ERR,ERR,ERR,ERR,ERR,ERR,ERR,ERR,ERR,ERR,ERR,ERR,ERR,ERR,ERR,ERR,ERR,ERR,ERR,ERR,ERR,ERR,ERR,ERR,ERR,ERR,ERR,ERR,ERR,ERR,ERR,ERR,ERR,ERR,ERR,ERR,ERR,ERR,ERR,ERR,ERR,ERR,ERR,ERR,ERR,ERR,ERR,ERR,ERR,ERR,0.0,2.7184312818759872e+23,-100793952.0,0.0,0.0,1.3936040501711995e+18,7.805,0.0,0,0,4,0,7116,0.0,100,0.0,0.0,0.0,0.0,0.0,0,0,0,0,0.0,0,0,0,0,0,0,0,0,0,0,0,0,0,0,0,0,0,0,0,0,0,0,0,0,0,0,0,0,0,0,0,0,0,31,40,40,71,65476,0,300,0,0,8,21553,0.0,-107605600.0,0.0,0.0,0.0,0.0,0.0,0.0,0.0,0.0,0.0,0.0,0.0,0.0,0.0,0.0,0.0,0.0,0.0,0.0,0.0,0.0,-2.004,-2.004,-2.004,-2.004,0.0,0.0,0.0,0.0,6270.0,8608222208.0,6922.0,2.718430741444032e+23,2.7184312818759872e+23,-0.0,2.718430741444032e+23,0.0,0.0,0.0,0.0,69,2.7184314620199723e+23,0.0,0.0,0.0,0.0,0.0,0.0,0.0,0.0,0,0,0,0.0,0.0,0.0,0.0,0.0,0.0,0.0,0.0,0.0,0.0,0.0,0.0,0.0,0.0,0.0,0.0,0,-107875648.0,69,0.0,138,0.0,-109447200.0,0,13107,17040,26215,17049,13107,17043,0,0,0,70,68,100,2.7302359370752657e+23,71.1,0.0,74.2,2.7302370179391762e+23,74.0,1,49,50,180,13107,52429,0,0,0.0,0.0,0.0,0.0,-0.0,67.0,0.0,162057.094,0.0,751,0,739,0,0,0,721,0,767,0,736,0,742,0,742,0,712,0,7520,0.032,107911053312.0,0.0,0.0,784,16797,-0.0,162057.094,-114818.039,-0.0,0.133,6.909358625270745e+28,30.0,65.0,35,0.0,0.0,0.0,0.0,0.0,0.0,0.0,0.0,0.0,0.0,0.0,0.0,0.0,0.0,0.0,0.0,69.2,0,150,71,55,65476,0,300,0,1,8,20529,65476,0,0,40632,65.0,0.0,0.0,0.0,0.0,0.0
2026-09-04T20:21:23,ERR,ERR,ERR,ERR,ERR,ERR,ERR,ERR,ERR,ERR,ERR,ERR,ERR,ERR,ERR,ERR,ERR,ERR,ERR,ERR,ERR,ERR,ERR,ERR,ERR,ERR,ERR,ERR,ERR,ERR,ERR,ERR,ERR,ERR,ERR,ERR,ERR,ERR,ERR,ERR,ERR,ERR,ERR,ERR,ERR,ERR,ERR,ERR,ERR,ERR,ERR,ERR,ERR,ERR,ERR,ERR,ERR,ERR,ERR,ERR,ERR,ERR,ERR,ERR,ERR,ERR,ERR,ERR,ERR,ERR,ERR,ERR,ERR,ERR,ERR,ERR,ERR,ERR,ERR,ERR,ERR,ERR,ERR,ERR,ERR,ERR,ERR,ERR,ERR,ERR,ERR,ERR,ERR,ERR,ERR,ERR,ERR,ERR,ERR,ERR,ERR,ERR,ERR,ERR,ERR,ERR,ERR,ERR,ERR,ERR,ERR,ERR,ERR,ERR,ERR,ERR,ERR,ERR,ERR,ERR,ERR,ERR,ERR,ERR,ERR,0.0,2.7184312818759872e+23,-100793952.0,0.0,0.0,1.3936040501711995e+18,7.805,0.0,0,0,4,0,7116,0.0,100,0.0,0.0,0.0,0.0,0.0,0,0,0,0,0.0,0,0,0,0,0,0,0,0,0,0,0,0,0,0,0,0,0,0,0,0,0,0,0,0,0,0,0,0,0,0,0,0,0,31,40,40,71,65476,0,300,0,0,8,21553,0.0,-107605600.0,0.0,0.0,0.0,0.0,0.0,0.0,0.0,0.0,0.0,0.0,0.0,0.0,0.0,0.0,0.0,0.0,0.0,0.0,0.0,0.0,-2.004,-2.004,-2.004,-2.004,0.0,0.0,0.0,0.0,6270.0,8608222208.0,6922.0,2.718430741444032e+23,2.7184312818759872e+23,-0.0,2.718430741444032e+23,0.0,0.0,0.0,0.0,69,2.7184314620199723e+23,0.0,0.0,0.0,0.0,0.0,0.0,0.0,0.0,0,0,0,0.0,0.0,0.0,0.0,0.0,0.0,0.0,0.0,0.0,0.0,0.0,0.0,0.0,0.0,0.0,0.0,0,-107875648.0,69,0.0,138,0.0,-109447200.0,0,13107,17040,26215,17049,13107,17043,0,0,0,70,68,100,2.7302359370752657e+23,71.1,0.0,74.2,2.7302370179391762e+23,74.0,1,49,50,180,13107,52429,0,0,0.0,0.0,0.0,0.0,-0.0,67.0,0.0,162057.094,0.0,751,0,739,0,0,0,721,0,767,0,736,0,742,0,742,0,712,0,7520,0.032,107911053312.0,0.0,0.0,784,16797,-0.0,162057.094,-114818.039,-0.0,0.133,6.909358625270745e+28,30.0,65.0,35,0.0,0.0,0.0,0.0,0.0,0.0,0.0,0.0,0.0,0.0,0.0,0.0,0.0,0.0,0.0,0.0,69.2,0,150,71,55,65476,0,300,0,1,8,20529,65476,0,0,40632,65.0,0.0,0.0,0.0,0.0,0.0
2026-09-04T20:21:24,ERR,ERR,ERR,ERR,ERR,ERR,ERR,ERR,ERR,ERR,ERR,ERR,ERR,ERR,ERR,ERR,ERR,ERR,ERR,ERR,ERR,ERR,ERR,ERR,ERR,ERR,ERR,ERR,ERR,ERR,ERR,ERR,ERR,ERR,ERR,ERR,ERR,ERR,ERR,ERR,ERR,ERR,ERR,ERR,ERR,ERR,ERR,ERR,ERR,ERR,ERR,ERR,ERR,ERR,ERR,ERR,ERR,ERR,ERR,ERR,ERR,ERR,ERR,ERR,ERR,ERR,ERR,ERR,ERR,ERR,ERR,ERR,ERR,ERR,ERR,ERR,ERR,ERR,ERR,ERR,ERR,ERR,ERR,ERR,ERR,ERR,ERR,ERR,ERR,ERR,ERR,ERR,ERR,ERR,ERR,ERR,ERR,ERR,ERR,ERR,ERR,ERR,ERR,ERR,ERR,ERR,ERR,ERR,ERR,ERR,ERR,ERR,ERR,ERR,ERR,ERR,ERR,ERR,ERR,ERR,ERR,ERR,ERR,ERR,ERR,0.0,2.7184312818759872e+23,-100793952.0,0.0,0.0,1.3936040501711995e+18,7.805,0.0,0,0,4,0,7116,0.0,100,0.0,0.0,0.0,0.0,0.0,0,0,0,0,0.0,0,0,0,0,0,0,0,0,0,0,0,0,0,0,0,0,0,0,0,0,0,0,0,0,0,0,0,0,0,0,0,0,0,31,40,40,71,65476,0,300,0,0,8,21553,0.0,-107605600.0,0.0,0.0,0.0,0.0,0.0,0.0,0.0,0.0,0.0,0.0,0.0,0.0,0.0,0.0,0.0,0.0,0.0,0.0,0.0,0.0,-2.004,-2.004,-2.004,-2.004,0.0,0.0,0.0,0.0,6270.0,8608222208.0,6922.0,2.718430741444032e+23,2.7184312818759872e+23,-0.0,2.718430741444032e+23,0.0,0.0,0.0,0.0,69,2.7184314620199723e+23,0.0,0.0,0.0,0.0,0.0,0.0,0.0,0.0,0,0,0,0.0,0.0,0.0,0.0,0.0,0.0,0.0,0.0,0.0,0.0,0.0,0.0,0.0,0.0,0.0,0.0,0,-107875648.0,69,0.0,138,0.0,-109447200.0,0,13107,17040,26215,17049,13107,17043,0,0,0,70,68,100,2.7302359370752657e+23,71.1,0.0,74.2,2.7302370179391762e+23,74.0,1,49,50,180,13107,52429,0,0,0.0,0.0,0.0,0.0,-0.0,67.0,0.0,162057.094,0.0,751,0,739,0,0,0,721,0,767,0,736,0,742,0,742,0,712,0,7520,0.032,107911053312.0,0.0,0.0,784,16797,-0.0,162057.094,-114818.039,-0.0,0.133,6.909358625270745e+28,30.0,65.0,35,0.0,0.0,0.0,0.0,0.0,0.0,0.0,0.0,0.0,0.0,0.0,0.0,0.0,0.0,0.0,0.0,69.2,0,150,71,55,65476,0,300,0,1,8,20529,65476,0,0,40632,65.0,0.0,0.0,0.0,0.0,0.0
2026-09-04T20:21:25,ERR,ERR,ERR,ERR,ERR,ERR,ERR,ERR,ERR,ERR,ERR,ERR,ERR,ERR,ERR,ERR,ERR,ERR,ERR,ERR,ERR,ERR,ERR,ERR,ERR,ERR,ERR,ERR,ERR,ERR,ERR,ERR,ERR,ERR,ERR,ERR,ERR,ERR,ERR,ERR,ERR,ERR,ERR,ERR,ERR,ERR,ERR,ERR,ERR,ERR,ERR,ERR,ERR,ERR,ERR,ERR,ERR,ERR,ERR,ERR,ERR,ERR,ERR,ERR,ERR,ERR,ERR,ERR,ERR,ERR,ERR,ERR,ERR,ERR,ERR,ERR,ERR,ERR,ERR,ERR,ERR,ERR,ERR,ERR,ERR,ERR,ERR,ERR,ERR,ERR,ERR,ERR,ERR,ERR,ERR,ERR,ERR,ERR,ERR,ERR,ERR,ERR,ERR,ERR,ERR,ERR,ERR,ERR,ERR,ERR,ERR,ERR,ERR,ERR,ERR,ERR,ERR,ERR,ERR,ERR,ERR,ERR,ERR,ERR,ERR,0.0,2.7184312818759872e+23,-100793952.0,0.0,0.0,1.3936040501711995e+18,7.805,0.0,0,0,4,0,7116,0.0,100,0.0,0.0,0.0,0.0,0.0,0,0,0,0,0.0,0,0,0,0,0,0,0,0,0,0,0,0,0,0,0,0,0,0,0,0,0,0,0,0,0,0,0,0,0,0,0,0,0,31,40,40,71,65476,0,300,0,0,8,21553,0.0,-107605600.0,0.0,0.0,0.0,0.0,0.0,0.0,0.0,0.0,0.0,0.0,0.0,0.0,0.0,0.0,0.0,0.0,0.0,0.0,0.0,0.0,-2.004,-2.004,-0.0,0.0,0.0,0.0,0.0,0.0,6271.0,-0.0,6928.0,0.0,2.7184312818759872e+23,-0.0,2.718430741444032e+23,0.0,0.0,0.0,0.0,69,3.222031544164523e+26,0.059,0.0,0.0,0.0,0.0,0.0,0.0,0.0,0,0,0,0.0,0.0,0.0,0.0,0.0,0.0,0.0,0.0,0.0,0.0,0.0,0.0,0.0,0.0,0.0,0.0,0,-107875648.0,69,0.0,138,0.0,-109447200.0,0,13107,17040,26215,17049,13107,17043,0,0,0,70,68,100,2.7302359370752657e+23,71.1,0.0,74.2,2.7302370179391762e+23,74.0,1,49,50,180,13107,52429,0,0,0.0,0.0,0.0,0.0,-0.0,67.0,0.0,162057.094,0.0,751,0,739,0,0,0,721,0,767,0,736,0,742,0,742,0,712,0,7520,0.032,107911053312.0,0.0,0.0,784,16797,-0.0,162057.094,-114818.039,-0.0,0.133,6.909358625270745e+28,30.0,65.0,35,0.0,0.0,0.0,0.0,0.0,0.0,0.0,0.0,0.0,0.0,0.0,0.0,0.0,0.0,0.0,0.0,69.2,0,150,71,55,65476,0,300,0,1,8,20529,65476,0,0,40632,65.0,0.0,0.0,0.0,0.0,0.0
2026-09-04T20:21:26,ERR,ERR,ERR,ERR,ERR,ERR,ERR,ERR,ERR,ERR,ERR,ERR,ERR,ERR,ERR,ERR,ERR,ERR,ERR,ERR,ERR,ERR,ERR,ERR,ERR,ERR,ERR,ERR,ERR,ERR,ERR,ERR,ERR,ERR,ERR,ERR,ERR,ERR,ERR,ERR,ERR,ERR,ERR,ERR,ERR,ERR,ERR,ERR,ERR,ERR,ERR,ERR,ERR,ERR,ERR,ERR,ERR,ERR,ERR,ERR,ERR,ERR,ERR,ERR,ERR,ERR,ERR,ERR,ERR,ERR,ERR,ERR,ERR,ERR,ERR,ERR,ERR,ERR,ERR,ERR,ERR,ERR,ERR,ERR,ERR,ERR,ERR,ERR,ERR,ERR,ERR,ERR,ERR,ERR,ERR,ERR,ERR,ERR,ERR,ERR,ERR,ERR,ERR,ERR,ERR,ERR,ERR,ERR,ERR,ERR,ERR,ERR,ERR,ERR,ERR,ERR,ERR,ERR,ERR,ERR,ERR,ERR,ERR,ERR,ERR,0.0,2.7184312818759872e+23,-100793952.0,0.0,0.0,1.3936040501711995e+18,7.805,0.0,0,0,4,0,7116,0.0,100,0.0,0.0,0.0,0.0,0.0,0,0,0,0,0.0,0,0,0,0,0,0,0,0,0,0,0,0,0,0,0,0,0,0,0,0,0,0,0,0,0,0,0,0,0,0,0,0,0,31,40,40,71,65476,0,300,0,0,8,21553,0.0,-107605600.0,0.0,0.0,0.0,0.0,0.0,0.0,0.0,0.0,0.0,0.0,0.0,0.0,0.0,0.0,0.0,0.0,0.0,0.0,0.0,0.0,-2.004,-2.004,-0.0,0.0,0.0,0.0,0.0,0.0,6271.0,-0.0,6928.0,0.0,2.7184312818759872e+23,-0.0,2.718430741444032e+23,0.0,0.0,0.0,0.0,69,3.222031544164523e+26,0.059,0.0,0.0,0.0,0.0,0.0,0.0,0.0,0,0,0,0.0,0.0,0.0,0.0,0.0,0.0,0.0,0.0,0.0,0.0,0.0,0.0,0.0,0.0,0.0,0.0,0,-107875648.0,69,0.0,138,0.0,-109447200.0,0,13107,17040,26215,17049,13107,17043,0,0,0,70,68,100,2.7302359370752657e+23,71.2,2.7302370179391762e+23,74.2,2.7302370179391762e+23,74.0,1,49,50,180,13107,52429,0,0,0.0,0.0,0.0,0.0,-0.0,67.0,0.0,162057.094,0.0,751,0,739,0,0,0,721,0,767,0,736,0,742,0,741,0,712,0,7520,0.032,107911053312.0,0.0,0.0,784,16797,-0.0,162057.094,-114818.039,-0.0,0.133,6.909358625270745e+28,30.0,65.0,35,0.0,0.0,0.0,0.0,0.0,0.0,0.0,0.0,0.0,0.0,0.0,0.0,0.0,0.0,0.0,0.0,69.2,0,150,71,55,65476,0,300,0,1,8,20529,65476,0,0,40632,65.0,0.0,0.0,0.0,0.0,0.0
2026-09-04T20:21:27,ERR,ERR,ERR,ERR,ERR,ERR,ERR,ERR,ERR,ERR,ERR,ERR,ERR,ERR,ERR,ERR,ERR,ERR,ERR,ERR,ERR,ERR,ERR,ERR,ERR,ERR,ERR,ERR,ERR,ERR,ERR,ERR,ERR,ERR,ERR,ERR,ERR,ERR,ERR,ERR,ERR,ERR,ERR,ERR,ERR,ERR,ERR,ERR,ERR,ERR,ERR,ERR,ERR,ERR,ERR,ERR,ERR,ERR,ERR,ERR,ERR,ERR,ERR,ERR,ERR,ERR,ERR,ERR,ERR,ERR,ERR,ERR,ERR,ERR,ERR,ERR,ERR,ERR,ERR,ERR,ERR,ERR,ERR,ERR,ERR,ERR,ERR,ERR,ERR,ERR,ERR,ERR,ERR,ERR,ERR,ERR,ERR,ERR,ERR,ERR,ERR,ERR,ERR,ERR,ERR,ERR,ERR,ERR,ERR,ERR,ERR,ERR,ERR,ERR,ERR,ERR,ERR,ERR,ERR,ERR,ERR,ERR,ERR,ERR,ERR,0.0,2.7184312818759872e+23,-100793952.0,0.0,0.0,1.3936040501711995e+18,7.805,0.0,0,0,4,0,7116,0.0,100,0.0,0.0,0.0,0.0,0.0,0,0,0,0,0.0,0,0,0,0,0,0,0,0,0,0,0,0,0,0,0,0,0,0,0,0,0,0,0,0,0,0,0,0,0,0,0,0,0,31,40,40,71,65476,0,300,0,0,8,21553,0.0,-107605600.0,0.0,0.0,0.0,0.0,0.0,0.0,0.0,0.0,0.0,0.0,0.0,0.0,0.0,0.0,0.0,0.0,0.0,0.0,0.0,0.0,-2.004,-2.004,-0.0,0.0,0.0,0.0,0.0,0.0,6271.0,-0.0,6928.0,0.0,2.7184312818759872e+23,-0.0,2.718430741444032e+23,0.0,0.0,0.0,0.0,69,3.222031544164523e+26,0.059,0.0,0.0,0.0,0.0,0.0,0.0,0.0,0,0,0,0.0,0.0,0.0,0.0,0.0,0.0,0.0,0.0,0.0,0.0,0.0,0.0,0.0,0.0,0.0,0.0,0,-107875648.0,69,0.0,138,0.0,-109447200.0,0,13107,17040,26215,17049,13107,17043,0,0,0,70,68,100,2.7302359370752657e+23,71.2,2.7302370179391762e+23,74.2,2.7302370179391762e+23,74.0,1,49,50,180,13107,52429,0,0,0.0,0.0,0.0,0.0,-0.0,67.0,0.0,162057.094,0.0,751,0,739,0,0,0,721,0,767,0,736,0,742,0,741,0,712,0,7520,0.032,107911053312.0,0.0,0.0,784,16797,-0.0,162057.094,-114818.039,-0.0,0.133,6.909358625270745e+28,30.0,65.0,35,0.0,0.0,0.0,0.0,0.0,0.0,0.0,0.0,0.0,0.0,0.0,0.0,0.0,0.0,0.0,0.0,69.2,0,150,71,55,65476,0,300,0,1,8,20529,65476,0,0,40632,65.0,0.0,0.0,0.0,0.0,0.0
2026-09-04T20:21:28,ERR,ERR,ERR,ERR,ERR,ERR,ERR,ERR,ERR,ERR,ERR,ERR,ERR,ERR,ERR,ERR,ERR,ERR,ERR,ERR,ERR,ERR,ERR,ERR,ERR,ERR,ERR,ERR,ERR,ERR,ERR,ERR,ERR,ERR,ERR,ERR,ERR,ERR,ERR,ERR,ERR,ERR,ERR,ERR,ERR,ERR,ERR,ERR,ERR,ERR,ERR,ERR,ERR,ERR,ERR,ERR,ERR,ERR,ERR,ERR,ERR,ERR,ERR,ERR,ERR,ERR,ERR,ERR,ERR,ERR,ERR,ERR,ERR,ERR,ERR,ERR,ERR,ERR,ERR,ERR,ERR,ERR,ERR,ERR,ERR,ERR,ERR,ERR,ERR,ERR,ERR,ERR,ERR,ERR,ERR,ERR,ERR,ERR,ERR,ERR,ERR,ERR,ERR,ERR,ERR,ERR,ERR,ERR,ERR,ERR,ERR,ERR,ERR,ERR,ERR,ERR,ERR,ERR,ERR,ERR,ERR,ERR,ERR,ERR,ERR,0.0,2.7184312818759872e+23,-100793952.0,0.0,0.0,1.3936040501711995e+18,7.805,0.0,0,0,4,0,7116,0.0,100,0.0,0.0,0.0,0.0,0.0,0,0,0,0,0.0,0,0,0,0,0,0,0,0,0,0,0,0,0,0,0,0,0,0,0,0,0,0,0,0,0,0,0,0,0,0,0,0,0,31,40,40,71,65476,0,300,0,0,8,21553,0.0,-107605600.0,0.0,0.0,0.0,0.0,0.0,0.0,0.0,0.0,0.0,0.0,0.0,0.0,0.0,0.0,0.0,0.0,0.0,0.0,0.0,0.0,-2.004,-2.004,-0.0,0.0,0.0,0.0,0.0,0.0,6271.0,-0.0,6928.0,0.0,2.7184312818759872e+23,-0.0,2.718430741444032e+23,0.0,0.0,0.0,0.0,69,3.222031544164523e+26,0.059,0.0,0.0,0.0,0.0,0.0,0.0,0.0,0,0,0,0.0,0.0,0.0,0.0,0.0,0.0,0.0,0.0,0.0,0.0,0.0,0.0,0.0,0.0,0.0,0.0,0,-107875648.0,69,0.0,138,0.0,-109447200.0,0,13107,17040,26215,17049,13107,17043,0,0,0,70,68,100,2.7302359370752657e+23,71.2,2.7302370179391762e+23,74.2,2.7302370179391762e+23,74.0,1,49,50,180,13107,52429,0,0,0.0,0.0,0.0,0.0,-0.0,67.0,0.0,162057.094,0.0,751,0,739,0,0,0,721,0,767,0,736,0,742,0,741,0,712,0,7520,0.032,107911053312.0,0.0,0.0,784,16797,-0.0,162057.094,-114818.039,-0.0,0.133,6.909358625270745e+28,30.0,65.0,35,0.0,0.0,0.0,0.0,0.0,0.0,0.0,0.0,0.0,0.0,0.0,0.0,0.0,0.0,0.0,0.0,69.2,0,150,71,55,65476,0,300,0,1,8,20529,65476,0,0,40632,65.0,0.0,0.0,0.0,0.0,0.0
2026-09-04T20:21:29,ERR,ERR,ERR,ERR,ERR,ERR,ERR,ERR,ERR,ERR,ERR,ERR,ERR,ERR,ERR,ERR,ERR,ERR,ERR,ERR,ERR,ERR,ERR,ERR,ERR,ERR,ERR,ERR,ERR,ERR,ERR,ERR,ERR,ERR,ERR,ERR,ERR,ERR,ERR,ERR,ERR,ERR,ERR,ERR,ERR,ERR,ERR,ERR,ERR,ERR,ERR,ERR,ERR,ERR,ERR,ERR,ERR,ERR,ERR,ERR,ERR,ERR,ERR,ERR,ERR,ERR,ERR,ERR,ERR,ERR,ERR,ERR,ERR,ERR,ERR,ERR,ERR,ERR,ERR,ERR,ERR,ERR,ERR,ERR,ERR,ERR,ERR,ERR,ERR,ERR,ERR,ERR,ERR,ERR,ERR,ERR,ERR,ERR,ERR,ERR,ERR,ERR,ERR,ERR,ERR,ERR,ERR,ERR,ERR,ERR,ERR,ERR,ERR,ERR,ERR,ERR,ERR,ERR,ERR,ERR,ERR,ERR,ERR,ERR,ERR,0.0,2.7184312818759872e+23,-100793952.0,0.0,0.0,1.3936040501711995e+18,7.805,0.0,0,0,4,0,7116,0.0,100,0.0,0.0,0.0,0.0,0.0,0,0,0,0,0.0,0,0,0,0,0,0,0,0,0,0,0,0,0,0,0,0,0,0,0,0,0,0,0,0,0,0,0,0,0,0,0,0,0,31,40,40,71,65476,0,300,0,0,8,21553,0.0,-107605600.0,0.0,0.0,0.0,0.0,0.0,0.0,0.0,0.0,0.0,0.0,0.0,0.0,0.0,0.0,0.0,0.0,0.0,0.0,0.0,0.0,-2.004,-2.004,-0.0,0.0,0.0,0.0,0.0,0.0,6271.0,-0.0,6928.0,0.0,2.7184312818759872e+23,-0.0,2.718430741444032e+23,0.0,0.0,0.0,0.0,69,3.222031544164523e+26,0.059,0.0,0.0,0.0,0.0,0.0,0.0,0.0,0,0,0,0.0,0.0,0.0,0.0,0.0,0.0,0.0,0.0,0.0,0.0,0.0,0.0,0.0,0.0,0.0,0.0,0,-107875648.0,69,0.0,138,0.0,-109447200.0,0,13107,17040,26215,17049,13107,17043,0,0,0,70,68,100,2.7302359370752657e+23,71.2,2.7302370179391762e+23,74.2,2.7302370179391762e+23,74.0,1,49,50,180,13107,52429,0,0,0.0,0.0,0.0,0.0,-0.0,67.0,0.0,162057.094,0.0,751,0,739,0,0,0,721,0,767,0,736,0,742,0,741,0,712,0,7520,0.032,107911053312.0,0.0,0.0,784,16797,-0.0,162057.094,-114818.039,-0.0,0.133,6.909358625270745e+28,30.0,65.0,35,0.0,0.0,0.0,0.0,0.0,0.0,0.0,0.0,0.0,0.0,0.0,0.0,0.0,0.0,0.0,0.0,69.2,0,150,71,55,65476,0,300,0,1,8,20529,65476,0,0,40632,65.0,0.0,0.0,0.0,0.0,0.0
2026-09-04T20:21:30,ERR,ERR,ERR,ERR,ERR,ERR,ERR,ERR,ERR,ERR,ERR,ERR,ERR,ERR,ERR,ERR,ERR,ERR,ERR,ERR,ERR,ERR,ERR,ERR,ERR,ERR,ERR,ERR,ERR,ERR,ERR,ERR,ERR,ERR,ERR,ERR,ERR,ERR,ERR,ERR,ERR,ERR,ERR,ERR,ERR,ERR,ERR,ERR,ERR,ERR,ERR,ERR,ERR,ERR,ERR,ERR,ERR,ERR,ERR,ERR,ERR,ERR,ERR,ERR,ERR,ERR,ERR,ERR,ERR,ERR,ERR,ERR,ERR,ERR,ERR,ERR,ERR,ERR,ERR,ERR,ERR,ERR,ERR,ERR,ERR,ERR,ERR,ERR,ERR,ERR,ERR,ERR,ERR,ERR,ERR,ERR,ERR,ERR,ERR,ERR,ERR,ERR,ERR,ERR,ERR,ERR,ERR,ERR,ERR,ERR,ERR,ERR,ERR,ERR,ERR,ERR,ERR,ERR,ERR,ERR,ERR,ERR,ERR,ERR,ERR,0.0,2.7184312818759872e+23,-100793952.0,0.0,0.0,1.3936040501711995e+18,7.805,0.0,0,0,4,0,7116,0.0,100,0.0,0.0,0.0,0.0,0.0,0,0,0,0,0.0,0,0,0,0,0,0,0,0,0,0,0,0,0,0,0,0,0,0,0,0,0,0,0,0,0,0,0,0,0,0,0,0,0,31,40,40,71,65476,0,300,0,0,8,21553,0.0,-107605600.0,0.0,0.0,0.0,0.0,0.0,0.0,0.0,0.0,0.0,0.0,0.0,0.0,0.0,0.0,0.0,0.0,0.0,0.0,0.0,0.0,-2.004,-2.004,-0.0,0.0,0.0,0.0,0.0,0.0,6271.0,-0.0,6928.0,0.0,2.7184312818759872e+23,-0.0,2.718430741444032e+23,0.0,0.0,0.0,0.0,69,3.222031544164523e+26,0.059,0.0,0.0,0.0,0.0,0.0,0.0,0.0,0,0,0,0.0,0.0,0.0,0.0,0.0,0.0,0.0,0.0,0.0,0.0,0.0,0.0,0.0,0.0,0.0,0.0,0,-107875648.0,69,0.0,138,0.0,-109447200.0,0,13107,17040,26215,17049,13107,17043,0,0,0,70,68,100,2.7302359370752657e+23,71.2,2.7302370179391762e+23,74.2,2.7302370179391762e+23,74.0,1,49,50,180,13107,52429,0,0,0.0,0.0,0.0,0.0,-0.0,67.0,0.0,162057.094,0.0,751,0,739,0,0,0,721,0,767,0,736,0,742,0,741,0,712,0,7520,0.032,107911053312.0,0.0,0.0,784,16797,-0.0,162057.094,-114818.039,-0.0,0.133,6.909358625270745e+28,30.0,65.0,35,0.0,0.0,0.0,0.0,0.0,0.0,0.0,0.0,0.0,0.0,0.0,0.0,0.0,0.0,0.0,0.0,69.2,0,150,71,55,65476,0,300,0,1,8,20529,65476,0,0,40632,65.0,0.0,0.0,0.0,0.0,0.0
2026-09-04T20:21:31,ERR,ERR,ERR,ERR,ERR,ERR,ERR,ERR,ERR,ERR,ERR,ERR,ERR,ERR,ERR,ERR,ERR,ERR,ERR,ERR,ERR,ERR,ERR,ERR,ERR,ERR,ERR,ERR,ERR,ERR,ERR,ERR,ERR,ERR,ERR,ERR,ERR,ERR,ERR,ERR,ERR,ERR,ERR,ERR,ERR,ERR,ERR,ERR,ERR,ERR,ERR,ERR,ERR,ERR,ERR,ERR,ERR,ERR,ERR,ERR,ERR,ERR,ERR,ERR,ERR,ERR,ERR,ERR,ERR,ERR,ERR,ERR,ERR,ERR,ERR,ERR,ERR,ERR,ERR,ERR,ERR,ERR,ERR,ERR,ERR,ERR,ERR,ERR,ERR,ERR,ERR,ERR,ERR,ERR,ERR,ERR,ERR,ERR,ERR,ERR,ERR,ERR,ERR,ERR,ERR,ERR,ERR,ERR,ERR,ERR,ERR,ERR,ERR,ERR,ERR,ERR,ERR,ERR,ERR,ERR,ERR,ERR,ERR,ERR,ERR,0.0,2.7184312818759872e+23,-100793952.0,0.0,0.0,1.3936040501711995e+18,7.805,0.0,0,0,4,0,7116,0.0,100,0.0,0.0,0.0,0.0,0.0,0,0,0,0,0.0,0,0,0,0,0,0,0,0,0,0,0,0,0,0,0,0,0,0,0,0,0,0,0,0,0,0,0,0,0,0,0,0,0,31,40,40,71,65476,0,300,0,0,8,21553,0.0,-107605600.0,0.0,0.0,0.0,0.0,0.0,0.0,0.0,0.0,0.0,0.0,0.0,0.0,0.0,0.0,0.0,0.0,0.0,0.0,0.0,0.0,-2.004,-2.004,-0.0,0.0,0.0,0.0,0.0,0.0,6271.0,-0.0,6928.0,0.0,2.7184312818759872e+23,-0.0,2.718430741444032e+23,0.0,0.0,0.0,0.0,69,3.222031544164523e+26,0.059,0.0,0.0,0.0,0.0,0.0,0.0,0.0,0,0,0,0.0,0.0,0.0,0.0,0.0,0.0,0.0,0.0,0.0,0.0,0.0,0.0,0.0,0.0,0.0,0.0,0,-107875648.0,69,0.0,138,0.0,-109447200.0,0,13107,17040,26215,17049,13107,17043,0,0,0,70,68,100,2.7302359370752657e+23,71.2,2.7302370179391762e+23,74.2,2.7302370179391762e+23,74.0,1,49,50,180,13107,52429,0,0,0.0,0.0,0.0,0.0,-0.0,67.0,0.0,162057.094,0.0,751,0,739,0,0,0,721,0,767,0,736,0,742,0,742,0,712,0,7520,0.032,79456894976.0,0.0,0.0,784,16797,-0.0,162057.094,-114818.039,-0.0,0.133,6.909358625270745e+28,30.0,65.0,35,0.0,0.0,0.0,0.0,0.0,0.0,0.0,0.0,0.0,0.0,0.0,0.0,0.0,0.0,0.0,0.0,69.6,0,150,71,55,65476,0,300,0,1,8,20529,65476,0,0,40632,65.0,0.0,0.0,0.0,0.0,0.0
2026-09-04T20:21:32,ERR,ERR,ERR,ERR,ERR,ERR,ERR,ERR,ERR,ERR,ERR,ERR,ERR,ERR,ERR,ERR,ERR,ERR,ERR,ERR,ERR,ERR,ERR,ERR,ERR,ERR,ERR,ERR,ERR,ERR,ERR,ERR,ERR,ERR,ERR,ERR,ERR,ERR,ERR,ERR,ERR,ERR,ERR,ERR,ERR,ERR,ERR,ERR,ERR,ERR,ERR,ERR,ERR,ERR,ERR,ERR,ERR,ERR,ERR,ERR,ERR,ERR,ERR,ERR,ERR,ERR,ERR,ERR,ERR,ERR,ERR,ERR,ERR,ERR,ERR,ERR,ERR,ERR,ERR,ERR,ERR,ERR,ERR,ERR,ERR,ERR,ERR,ERR,ERR,ERR,ERR,ERR,ERR,ERR,ERR,ERR,ERR,ERR,ERR,ERR,ERR,ERR,ERR,ERR,ERR,ERR,ERR,ERR,ERR,ERR,ERR,ERR,ERR,ERR,ERR,ERR,ERR,ERR,ERR,ERR,ERR,ERR,ERR,ERR,ERR,2.718430741444032e+23,2.7184312818759872e+23,0.0,0.0,0.0,1.3936040501711995e+18,7.805,0.0,0,0,4,0,7116,0.0,100,0.0,0.0,0.0,0.0,0.0,0,0,0,0,0.0,0,0,0,0,0,0,0,0,0,0,0,0,0,0,0,0,0,0,0,0,0,0,0,0,0,0,0,0,0,0,0,0,0,31,40,40,71,65476,0,300,0,0,8,21553,0.0,-107605600.0,0.0,0.0,0.0,0.0,0.0,0.0,0.0,0.0,0.0,0.0,0.0,0.0,0.0,0.0,0.0,0.0,0.0,0.0,0.0,0.0,0.0,-2.004,-0.0,0.0,0.0,0.0,0.0,0.0,6240.0,-0.0,6934.0,0.0,2.7184312818759872e+23,-0.0,2.718430741444032e+23,0.0,0.0,0.0,0.0,69,3.222031544164523e+26,5.84807549020002e+35,0.0,0.0,0.0,0.0,0.0,0.0,0.0,0,0,0,0.0,0.0,0.0,0.0,0.0,0.0,0.0,0.0,0.0,0.0,0.0,0.0,0.0,0.0,0.0,0.0,0,-107875648.0,69,0.0,138,0.0,-109447200.0,0,13107,17040,26215,17049,13107,17043,0,0,0,70,68,100,2.7302359370752657e+23,71.2,2.7302370179391762e+23,74.2,2.7302370179391762e+23,74.0,1,49,50,180,13107,52429,0,0,0.0,0.0,0.0,0.0,-0.0,67.0,0.0,162057.094,0.0,751,0,739,0,0,0,721,0,767,0,736,0,742,0,742,0,712,0,7520,0.032,79456894976.0,0.0,0.0,784,16797,-0.0,162057.094,-114818.039,-0.0,0.133,6.909358625270745e+28,30.0,65.0,35,0.0,0.0,0.0,0.0,0.0,0.0,0.0,0.0,0.0,0.0,0.0,0.0,0.0,0.0,0.0,0.0,69.6,0,150,71,55,65476,0,300,0,1,8,20529,65476,0,0,40632,65.0,0.0,0.0,0.0,0.0,0.0
2026-09-04T20:21:33,ERR,ERR,ERR,ERR,ERR,ERR,ERR,ERR,ERR,ERR,ERR,ERR,ERR,ERR,ERR,ERR,ERR,ERR,ERR,ERR,ERR,ERR,ERR,ERR,ERR,ERR,ERR,ERR,ERR,ERR,ERR,ERR,ERR,ERR,ERR,ERR,ERR,ERR,ERR,ERR,ERR,ERR,ERR,ERR,ERR,ERR,ERR,ERR,ERR,ERR,ERR,ERR,ERR,ERR,ERR,ERR,ERR,ERR,ERR,ERR,ERR,ERR,ERR,ERR,ERR,ERR,ERR,ERR,ERR,ERR,ERR,ERR,ERR,ERR,ERR,ERR,ERR,ERR,ERR,ERR,ERR,ERR,ERR,ERR,ERR,ERR,ERR,ERR,ERR,ERR,ERR,ERR,ERR,ERR,ERR,ERR,ERR,ERR,ERR,ERR,ERR,ERR,ERR,ERR,ERR,ERR,ERR,ERR,ERR,ERR,ERR,ERR,ERR,ERR,ERR,ERR,ERR,ERR,ERR,ERR,ERR,ERR,ERR,ERR,ERR,2.718430741444032e+23,2.7184312818759872e+23,0.0,0.0,0.0,1.3936040501711995e+18,7.805,0.0,0,0,4,0,7116,0.0,100,0.0,0.0,0.0,0.0,0.0,0,0,0,0,0.0,0,0,0,0,0,0,0,0,0,0,0,0,0,0,0,0,0,0,0,0,0,0,0,0,0,0,0,0,0,0,0,0,0,31,40,40,71,65476,0,300,0,0,8,21553,0.0,-107605600.0,0.0,0.0,0.0,0.0,0.0,0.0,0.0,0.0,0.0,0.0,0.0,0.0,0.0,0.0,0.0,0.0,0.0,0.0,0.0,0.0,0.0,-2.004,-0.0,0.0,0.0,0.0,0.0,0.0,6240.0,-0.0,6934.0,0.0,2.7184312818759872e+23,-0.0,2.718430741444032e+23,0.0,0.0,0.0,0.0,69,3.222031544164523e+26,5.84807549020002e+35,0.0,0.0,0.0,0.0,0.0,0.0,0.0,0,0,0,0.0,0.0,0.0,0.0,0.0,0.0,0.0,0.0,0.0,0.0,0.0,0.0,0.0,0.0,0.0,0.0,0,-107875648.0,69,0.0,138,0.0,-109447200.0,0,13107,17040,26215,17049,13107,17043,0,0,0,70,68,100,2.7302359370752657e+23,71.2,2.7302370179391762e+23,74.2,2.7302370179391762e+23,74.0,1,49,50,180,13107,52429,0,0,0.0,0.0,0.0,0.0,-0.0,67.0,0.0,162057.094,0.0,751,0,739,0,0,0,721,0,767,0,736,0,742,0,742,0,712,0,7520,0.032,79456894976.0,0.0,0.0,784,16797,-0.0,162057.094,-114818.039,-0.0,0.133,6.909358625270745e+28,30.0,65.0,35,0.0,0.0,0.0,0.0,0.0,0.0,0.0,0.0,0.0,0.0,0.0,0.0,0.0,0.0,0.0,0.0,69.6,0,150,71,55,65476,0,300,0,1,8,20529,65476,0,0,40632,65.0,0.0,0.0,0.0,0.0,0.0
2026-09-04T20:21:34,ERR,ERR,ERR,ERR,ERR,ERR,ERR,ERR,ERR,ERR,ERR,ERR,ERR,ERR,ERR,ERR,ERR,ERR,ERR,ERR,ERR,ERR,ERR,ERR,ERR,ERR,ERR,ERR,ERR,ERR,ERR,ERR,ERR,ERR,ERR,ERR,ERR,ERR,ERR,ERR,ERR,ERR,ERR,ERR,ERR,ERR,ERR,ERR,ERR,ERR,ERR,ERR,ERR,ERR,ERR,ERR,ERR,ERR,ERR,ERR,ERR,ERR,ERR,ERR,ERR,ERR,ERR,ERR,ERR,ERR,ERR,ERR,ERR,ERR,ERR,ERR,ERR,ERR,ERR,ERR,ERR,ERR,ERR,ERR,ERR,ERR,ERR,ERR,ERR,ERR,ERR,ERR,ERR,ERR,ERR,ERR,ERR,ERR,ERR,ERR,ERR,ERR,ERR,ERR,ERR,ERR,ERR,ERR,ERR,ERR,ERR,ERR,ERR,ERR,ERR,ERR,ERR,ERR,ERR,ERR,ERR,ERR,ERR,ERR,ERR,2.718430741444032e+23,2.7184312818759872e+23,0.0,0.0,0.0,1.3936040501711995e+18,7.805,0.0,0,0,4,0,7116,0.0,100,0.0,0.0,0.0,0.0,0.0,0,0,0,0,0.0,0,0,0,0,0,0,0,0,0,0,0,0,0,0,0,0,0,0,0,0,0,0,0,0,0,0,0,0,0,0,0,0,0,31,40,40,71,65476,0,300,0,0,8,21553,0.0,-107605600.0,0.0,0.0,0.0,0.0,0.0,0.0,0.0,0.0,0.0,0.0,0.0,0.0,0.0,0.0,0.0,0.0,0.0,0.0,0.0,0.0,0.0,-2.004,-0.0,0.0,0.0,0.0,0.0,0.0,6240.0,-0.0,6934.0,0.0,2.7184312818759872e+23,-0.0,2.718430741444032e+23,0.0,0.0,0.0,0.0,69,3.222031544164523e+26,5.84807549020002e+35,0.0,0.0,0.0,0.0,0.0,0.0,0.0,0,0,0,0.0,0.0,0.0,0.0,0.0,0.0,0.0,0.0,0.0,0.0,0.0,0.0,0.0,0.0,0.0,0.0,0,-107875648.0,69,0.0,138,0.0,-109447200.0,0,13107,17040,26215,17049,13107,17043,0,0,0,70,68,100,2.7302359370752657e+23,71.2,2.7302370179391762e+23,74.2,2.7302370179391762e+23,74.0,1,49,50,180,13107,52429,0,0,0.0,0.0,0.0,0.0,-0.0,67.0,0.0,162057.094,0.0,751,0,739,0,0,0,721,0,767,0,736,0,742,0,742,0,712,0,7520,0.032,79456894976.0,0.0,0.0,784,16797,-0.0,162057.094,-114818.039,-0.0,0.133,6.909358625270745e+28,30.0,65.0,35,0.0,0.0,0.0,0.0,0.0,0.0,0.0,0.0,0.0,0.0,0.0,0.0,0.0,0.0,0.0,0.0,69.6,0,150,71,55,65476,0,300,0,1,8,20529,65476,0,0,40632,65.0,0.0,0.0,0.0,0.0,0.0
2026-09-04T20:21:35,ERR,ERR,ERR,ERR,ERR,ERR,ERR,ERR,ERR,ERR,ERR,ERR,ERR,ERR,ERR,ERR,ERR,ERR,ERR,ERR,ERR,ERR,ERR,ERR,ERR,ERR,ERR,ERR,ERR,ERR,ERR,ERR,ERR,ERR,ERR,ERR,ERR,ERR,ERR,ERR,ERR,ERR,ERR,ERR,ERR,ERR,ERR,ERR,ERR,ERR,ERR,ERR,ERR,ERR,ERR,ERR,ERR,ERR,ERR,ERR,ERR,ERR,ERR,ERR,ERR,ERR,ERR,ERR,ERR,ERR,ERR,ERR,ERR,ERR,ERR,ERR,ERR,ERR,ERR,ERR,ERR,ERR,ERR,ERR,ERR,ERR,ERR,ERR,ERR,ERR,ERR,ERR,ERR,ERR,ERR,ERR,ERR,ERR,ERR,ERR,ERR,ERR,ERR,ERR,ERR,ERR,ERR,ERR,ERR,ERR,ERR,ERR,ERR,ERR,ERR,ERR,ERR,ERR,ERR,ERR,ERR,ERR,ERR,ERR,ERR,2.718430741444032e+23,2.7184312818759872e+23,0.0,0.0,0.0,1.3936040501711995e+18,7.805,0.0,0,0,4,0,7116,0.0,100,0.0,0.0,0.0,0.0,0.0,0,0,0,0,0.0,0,0,0,0,0,0,0,0,0,0,0,0,0,0,0,0,0,0,0,0,0,0,0,0,0,0,0,0,0,0,0,0,0,31,40,40,71,65476,0,300,0,0,8,21553,0.0,-107605600.0,0.0,0.0,0.0,0.0,0.0,0.0,0.0,0.0,0.0,0.0,0.0,0.0,0.0,0.0,0.0,0.0,0.0,0.0,0.0,0.0,0.0,-2.004,-0.0,0.0,0.0,0.0,0.0,0.0,6240.0,-0.0,6934.0,0.0,2.7184312818759872e+23,-0.0,2.718430741444032e+23,0.0,0.0,0.0,0.0,69,3.222031544164523e+26,5.84807549020002e+35,0.0,0.0,0.0,0.0,0.0,0.0,0.0,0,0,0,0.0,0.0,0.0,0.0,0.0,0.0,0.0,0.0,0.0,0.0,0.0,0.0,0.0,0.0,0.0,0.0,0,-107875648.0,69,0.0,138,0.0,-109447200.0,0,13107,17040,26215,17049,13107,17043,0,0,0,70,68,100,2.7302359370752657e+23,71.2,2.7302370179391762e+23,74.2,2.7302370179391762e+23,74.0,1,49,50,180,13107,52429,0,0,0.0,0.0,0.0,0.0,-0.0,67.0,0.0,162057.094,0.0,751,0,739,0,0,0,721,0,767,0,736,0,742,0,742,0,712,0,7520,0.032,79456894976.0,0.0,0.0,784,16797,-0.0,162057.094,-114818.039,-0.0,0.133,6.909358625270745e+28,30.0,65.0,35,0.0,0.0,0.0,0.0,0.0,0.0,0.0,0.0,0.0,0.0,0.0,0.0,0.0,0.0,0.0,0.0,69.6,0,150,71,55,65476,0,300,0,1,8,20529,65476,0,0,40632,65.0,0.0,0.0,0.0,0.0,0.0
2026-09-04T20:21:36,ERR,ERR,ERR,ERR,ERR,ERR,ERR,ERR,ERR,ERR,ERR,ERR,ERR,ERR,ERR,ERR,ERR,ERR,ERR,ERR,ERR,ERR,ERR,ERR,ERR,ERR,ERR,ERR,ERR,ERR,ERR,ERR,ERR,ERR,ERR,ERR,ERR,ERR,ERR,ERR,ERR,ERR,ERR,ERR,ERR,ERR,ERR,ERR,ERR,ERR,ERR,ERR,ERR,ERR,ERR,ERR,ERR,ERR,ERR,ERR,ERR,ERR,ERR,ERR,ERR,ERR,ERR,ERR,ERR,ERR,ERR,ERR,ERR,ERR,ERR,ERR,ERR,ERR,ERR,ERR,ERR,ERR,ERR,ERR,ERR,ERR,ERR,ERR,ERR,ERR,ERR,ERR,ERR,ERR,ERR,ERR,ERR,ERR,ERR,ERR,ERR,ERR,ERR,ERR,ERR,ERR,ERR,ERR,ERR,ERR,ERR,ERR,ERR,ERR,ERR,ERR,ERR,ERR,ERR,ERR,ERR,ERR,ERR,ERR,ERR,2.718430741444032e+23,2.7184312818759872e+23,0.0,0.0,0.0,1.3936040501711995e+18,7.805,0.0,0,0,4,0,7116,0.0,100,0.0,0.0,0.0,0.0,0.0,0,0,0,0,0.0,0,0,0,0,0,0,0,0,0,0,0,0,0,0,0,0,0,0,0,0,0,0,0,0,0,0,0,0,0,0,0,0,0,31,40,40,71,65476,0,300,0,0,8,21553,0.0,-107605600.0,0.0,0.0,0.0,0.0,0.0,0.0,0.0,0.0,0.0,0.0,0.0,0.0,0.0,0.0,0.0,0.0,0.0,0.0,0.0,0.0,0.0,-2.004,-0.0,0.0,0.0,0.0,0.0,0.0,6240.0,-0.0,6934.0,0.0,2.7184312818759872e+23,-0.0,2.718430741444032e+23,0.0,0.0,0.0,0.0,69,3.222031544164523e+26,5.84807549020002e+35,0.0,0.0,0.0,0.0,0.0,0.0,0.0,0,0,0,0.0,0.0,0.0,0.0,0.0,0.0,0.0,0.0,0.0,0.0,0.0,0.0,0.0,0.0,0.0,0.0,0,-107875648.0,69,0.0,138,0.0,-109447200.0,0,13107,17040,26215,17049,13107,17043,0,0,0,70,68,100,2.7302359370752657e+23,71.2,2.7302370179391762e+23,74.2,2.7302370179391762e+23,74.0,1,49,50,180,13107,52429,0,0,0.0,0.0,0.0,0.0,-0.0,67.0,0.0,162057.094,0.0,751,0,739,0,0,0,721,0,767,0,736,0,742,0,742,0,712,0,7520,0.032,79456894976.0,0.0,0.0,784,16797,-0.0,162057.094,-114818.039,-0.0,0.133,6.909358625270745e+28,30.0,65.0,35,0.0,0.0,0.0,0.0,0.0,0.0,0.0,0.0,0.0,0.0,0.0,0.0,0.0,0.0,0.0,0.0,69.2,0,150,71,55,65476,0,300,0,1,8,20529,65476,0,0,40632,65.0,0.0,0.0,0.0,0.0,0.0
2026-09-04T20:21:37,ERR,ERR,ERR,ERR,ERR,ERR,ERR,ERR,ERR,ERR,ERR,ERR,ERR,ERR,ERR,ERR,ERR,ERR,ERR,ERR,ERR,ERR,ERR,ERR,ERR,ERR,ERR,ERR,ERR,ERR,ERR,ERR,ERR,ERR,ERR,ERR,ERR,ERR,ERR,ERR,ERR,ERR,ERR,ERR,ERR,ERR,ERR,ERR,ERR,ERR,ERR,ERR,ERR,ERR,ERR,ERR,ERR,ERR,ERR,ERR,ERR,ERR,ERR,ERR,ERR,ERR,ERR,ERR,ERR,ERR,ERR,ERR,ERR,ERR,ERR,ERR,ERR,ERR,ERR,ERR,ERR,ERR,ERR,ERR,ERR,ERR,ERR,ERR,ERR,ERR,ERR,ERR,ERR,ERR,ERR,ERR,ERR,ERR,ERR,ERR,ERR,ERR,ERR,ERR,ERR,ERR,ERR,ERR,ERR,ERR,ERR,ERR,ERR,ERR,ERR,ERR,ERR,ERR,ERR,ERR,ERR,ERR,ERR,ERR,ERR,2.718430741444032e+23,2.7184312818759872e+23,0.0,0.0,0.0,1.3936040501711995e+18,7.805,0.0,0,0,4,0,7116,0.0,100,0.0,0.0,0.0,0.0,0.0,0,0,0,0,0.0,0,0,0,0,0,0,0,0,0,0,0,0,0,0,0,0,0,0,0,0,0,0,0,0,0,0,0,0,0,0,0,0,0,31,40,40,71,65476,0,300,0,0,8,21553,0.0,-107605600.0,0.0,0.0,0.0,0.0,0.0,0.0,0.0,0.0,0.0,0.0,0.0,0.0,0.0,0.0,0.0,0.0,0.0,0.0,0.0,0.0,0.0,-2.004,-0.0,0.0,0.0,0.0,0.0,0.0,6240.0,-0.0,6934.0,0.0,2.7184312818759872e+23,-0.0,2.718430741444032e+23,0.0,0.0,0.0,0.0,69,3.222031544164523e+26,5.84807549020002e+35,0.0,0.0,0.0,0.0,0.0,0.0,0.0,0,0,0,0.0,0.0,0.0,0.0,0.0,0.0,0.0,0.0,0.0,0.0,0.0,0.0,0.0,0.0,0.0,0.0,0,-107875648.0,69,0.0,138,0.0,-109447200.0,0,13107,17040,26215,17049,13107,17043,0,0,0,70,68,100,2.7302359370752657e+23,71.2,2.7302370179391762e+23,74.2,2.7302370179391762e+23,74.0,1,49,50,180,13107,52429,0,0,0.0,0.0,0.0,0.0,-0.0,67.0,0.0,162057.094,0.0,751,0,739,0,0,0,721,0,767,0,736,0,742,0,741,0,712,0,7520,0.032,108447924224.0,0.0,0.0,784,16797,-0.0,162057.094,-114818.039,-0.0,0.133,6.909358625270745e+28,30.0,65.0,35,0.0,0.0,0.0,0.0,0.0,0.0,0.0,0.0,0.0,0.0,0.0,0.0,0.0,0.0,0.0,0.0,69.2,0,150,71,55,65476,0,300,0,1,8,20529,65476,0,0,40632,65.0,0.0,0.0,0.0,0.0,0.0
2026-09-04T20:21:38,ERR,ERR,ERR,ERR,ERR,ERR,ERR,ERR,ERR,ERR,ERR,ERR,ERR,ERR,ERR,ERR,ERR,ERR,ERR,ERR,ERR,ERR,ERR,ERR,ERR,ERR,ERR,ERR,ERR,ERR,ERR,ERR,ERR,ERR,ERR,ERR,ERR,ERR,ERR,ERR,ERR,ERR,ERR,ERR,ERR,ERR,ERR,ERR,ERR,ERR,ERR,ERR,ERR,ERR,ERR,ERR,ERR,ERR,ERR,ERR,ERR,ERR,ERR,ERR,ERR,ERR,ERR,ERR,ERR,ERR,ERR,ERR,ERR,ERR,ERR,ERR,ERR,ERR,ERR,ERR,ERR,ERR,ERR,ERR,ERR,ERR,ERR,ERR,ERR,ERR,ERR,ERR,ERR,ERR,ERR,ERR,ERR,ERR,ERR,ERR,ERR,ERR,ERR,ERR,ERR,ERR,ERR,ERR,ERR,ERR,ERR,ERR,ERR,ERR,ERR,ERR,ERR,ERR,ERR,ERR,ERR,ERR,ERR,ERR,ERR,2.718430741444032e+23,2.7184312818759872e+23,0.0,0.0,0.0,1.3936040501711995e+18,7.805,0.0,0,0,4,0,7116,0.0,100,0.0,0.0,0.0,0.0,0.0,0,0,0,0,0.0,0,0,0,0,0,0,0,0,0,0,0,0,0,0,0,0,0,0,0,0,0,0,0,0,0,0,0,0,0,0,0,0,0,31,40,40,71,65476,0,300,0,0,8,21553,0.0,-107605600.0,0.0,0.0,0.0,0.0,0.0,0.0,0.0,0.0,0.0,0.0,0.0,0.0,0.0,0.0,0.0,0.0,0.0,0.0,0.0,0.0,0.0,-2.004,-0.0,0.0,0.0,0.0,0.0,0.0,6240.0,-0.0,6934.0,0.0,2.7184312818759872e+23,-0.0,2.718430741444032e+23,0.0,0.0,0.0,0.0,69,3.222031544164523e+26,5.84807549020002e+35,0.0,0.0,0.0,0.0,0.0,0.0,0.0,0,0,0,0.0,0.0,0.0,0.0,0.0,0.0,0.0,0.0,0.0,0.0,0.0,0.0,0.0,0.0,0.0,0.0,0,-107875648.0,69,0.0,138,0.0,-109447200.0,0,13107,17040,26215,17049,13107,17043,0,0,0,70,68,100,2.7302359370752657e+23,71.2,2.7302370179391762e+23,74.2,2.7302370179391762e+23,74.0,1,49,50,180,13107,52429,0,0,0.0,0.0,0.0,0.0,-0.0,67.0,0.0,162057.094,0.0,751,0,739,0,0,0,721,0,767,0,736,0,742,0,741,0,712,0,7520,0.032,108447924224.0,0.0,0.0,784,16797,-0.0,162057.094,-114818.039,-0.0,0.133,6.909358625270745e+28,30.0,65.0,35,0.0,0.0,0.0,0.0,0.0,0.0,0.0,0.0,0.0,0.0,0.0,0.0,0.0,0.0,0.0,0.0,69.2,0,150,71,55,65476,0,300,0,1,8,20529,65476,0,0,40632,65.0,0.0,0.0,0.0,0.0,0.0
2026-09-04T20:21:39,ERR,ERR,ERR,ERR,ERR,ERR,ERR,ERR,ERR,ERR,ERR,ERR,ERR,ERR,ERR,ERR,ERR,ERR,ERR,ERR,ERR,ERR,ERR,ERR,ERR,ERR,ERR,ERR,ERR,ERR,ERR,ERR,ERR,ERR,ERR,ERR,ERR,ERR,ERR,ERR,ERR,ERR,ERR,ERR,ERR,ERR,ERR,ERR,ERR,ERR,ERR,ERR,ERR,ERR,ERR,ERR,ERR,ERR,ERR,ERR,ERR,ERR,ERR,ERR,ERR,ERR,ERR,ERR,ERR,ERR,ERR,ERR,ERR,ERR,ERR,ERR,ERR,ERR,ERR,ERR,ERR,ERR,ERR,ERR,ERR,ERR,ERR,ERR,ERR,ERR,ERR,ERR,ERR,ERR,ERR,ERR,ERR,ERR,ERR,ERR,ERR,ERR,ERR,ERR,ERR,ERR,ERR,ERR,ERR,ERR,ERR,ERR,ERR,ERR,ERR,ERR,ERR,ERR,ERR,ERR,ERR,ERR,ERR,ERR,ERR,2.718430741444032e+23,2.7184312818759872e+23,0.0,0.0,0.0,1.3936040501711995e+18,7.805,0.0,0,0,4,0,7116,0.0,100,0.0,0.0,0.0,0.0,0.0,0,0,0,0,0.0,0,0,0,0,0,0,0,0,0,0,0,0,0,0,0,0,0,0,0,0,0,0,0,0,0,0,0,0,0,0,0,0,0,31,40,40,71,65476,0,300,0,0,8,21553,0.0,-107605600.0,0.0,0.0,0.0,0.0,0.0,0.0,0.0,0.0,0.0,0.0,0.0,0.0,0.0,0.0,0.0,0.0,0.0,0.0,0.0,0.0,0.0,-2.004,-0.0,0.0,0.0,0.0,0.0,0.0,6240.0,-0.0,6934.0,0.0,2.7184312818759872e+23,-0.0,2.718430741444032e+23,0.0,0.0,0.0,0.0,69,3.222031544164523e+26,5.84807549020002e+35,0.0,0.0,0.0,0.0,0.0,0.0,0.0,0,0,0,0.0,0.0,0.0,0.0,0.0,0.0,0.0,0.0,0.0,0.0,0.0,0.0,0.0,0.0,0.0,0.0,0,-107875648.0,69,0.0,138,0.0,-109447200.0,0,13107,17040,26215,17049,13107,17043,0,0,0,70,68,100,2.7302359370752657e+23,71.2,2.7302370179391762e+23,74.2,2.7302370179391762e+23,74.0,1,49,50,180,13107,52429,0,0,0.0,0.0,0.0,0.0,-0.0,67.0,0.0,162057.094,0.0,751,0,739,0,0,0,721,0,767,0,736,0,742,0,741,0,712,0,7520,0.032,108447924224.0,0.0,0.0,784,16797,-0.0,162057.094,-114818.039,-0.0,0.133,6.909358625270745e+28,30.0,65.0,35,0.0,0.0,0.0,0.0,0.0,0.0,0.0,0.0,0.0,0.0,0.0,0.0,0.0,0.0,0.0,0.0,69.6,0,150,71,55,65476,0,300,0,1,8,20529,65476,0,0,40632,65.0,0.0,0.0,0.0,0.0,0.0
2026-09-04T20:21:40,ERR,ERR,ERR,ERR,ERR,ERR,ERR,ERR,ERR,ERR,ERR,ERR,ERR,ERR,ERR,ERR,ERR,ERR,ERR,ERR,ERR,ERR,ERR,ERR,ERR,ERR,ERR,ERR,ERR,ERR,ERR,ERR,ERR,ERR,ERR,ERR,ERR,ERR,ERR,ERR,ERR,ERR,ERR,ERR,ERR,ERR,ERR,ERR,ERR,ERR,ERR,ERR,ERR,ERR,ERR,ERR,ERR,ERR,ERR,ERR,ERR,ERR,ERR,ERR,ERR,ERR,ERR,ERR,ERR,ERR,ERR,ERR,ERR,ERR,ERR,ERR,ERR,ERR,ERR,ERR,ERR,ERR,ERR,ERR,ERR,ERR,ERR,ERR,ERR,ERR,ERR,ERR,ERR,ERR,ERR,ERR,ERR,ERR,ERR,ERR,ERR,ERR,ERR,ERR,ERR,ERR,ERR,ERR,ERR,ERR,ERR,ERR,ERR,ERR,ERR,ERR,ERR,ERR,ERR,ERR,ERR,ERR,ERR,ERR,ERR,0.0,2.7184312818759872e+23,-100793952.0,0.0,0.0,1.3936040501711995e+18,7.805,0.0,0,0,4,0,7116,0.0,100,0.0,0.0,0.0,0.0,0.0,0,0,0,0,0.0,0,0,0,0,0,0,0,0,0,0,0,0,0,0,0,0,0,0,0,0,0,0,0,0,0,0,0,0,0,0,0,0,0,31,40,40,71,65476,0,300,0,0,8,21553,0.0,-107605600.0,0.0,0.0,0.0,0.0,0.0,0.0,0.0,0.0,0.0,0.0,0.0,0.0,0.0,0.0,0.0,0.0,0.0,0.0,0.0,0.0,0.0,-2.004,-2.004,-2.004,0.0,0.0,0.0,0.0,6242.0,-0.0,6934.0,0.0,2.7184312818759872e+23,-0.0,0.0,0.0,0.0,0.0,0.0,69,2.308841773246825e+20,-0.0,0.0,0.0,0.0,0.0,0.0,0.0,0.0,0,0,0,0.0,0.0,0.0,0.0,0.0,0.0,0.0,0.0,0.0,0.0,0.0,0.0,0.0,0.0,0.0,0.0,0,-107875648.0,69,0.0,138,0.0,-109447200.0,0,13107,17040,26215,17049,13107,17043,0,0,0,70,68,100,2.7302359370752657e+23,71.2,2.7302370179391762e+23,74.2,2.7302370179391762e+23,74.0,1,49,50,180,13107,52429,0,0,0.0,0.0,0.0,0.0,-0.0,67.0,0.0,162057.094,0.0,751,0,739,0,0,0,721,0,767,0,736,0,742,0,741,0,712,0,7520,0.032,108447924224.0,0.0,0.0,784,16797,-0.0,162057.094,-114818.039,-0.0,0.133,6.909358625270745e+28,30.0,65.0,35,0.0,0.0,0.0,0.0,0.0,0.0,0.0,0.0,0.0,0.0,0.0,0.0,0.0,0.0,0.0,0.0,69.6,0,150,71,55,65476,0,300,0,1,8,20529,65476,0,0,40632,65.0,0.0,0.0,0.0,0.0,0.0
2026-09-04T20:21:41,ERR,ERR,ERR,ERR,ERR,ERR,ERR,ERR,ERR,ERR,ERR,ERR,ERR,ERR,ERR,ERR,ERR,ERR,ERR,ERR,ERR,ERR,ERR,ERR,ERR,ERR,ERR,ERR,ERR,ERR,ERR,ERR,ERR,ERR,ERR,ERR,ERR,ERR,ERR,ERR,ERR,ERR,ERR,ERR,ERR,ERR,ERR,ERR,ERR,ERR,ERR,ERR,ERR,ERR,ERR,ERR,ERR,ERR,ERR,ERR,ERR,ERR,ERR,ERR,ERR,ERR,ERR,ERR,ERR,ERR,ERR,ERR,ERR,ERR,ERR,ERR,ERR,ERR,ERR,ERR,ERR,ERR,ERR,ERR,ERR,ERR,ERR,ERR,ERR,ERR,ERR,ERR,ERR,ERR,ERR,ERR,ERR,ERR,ERR,ERR,ERR,ERR,ERR,ERR,ERR,ERR,ERR,ERR,ERR,ERR,ERR,ERR,ERR,ERR,ERR,ERR,ERR,ERR,ERR,ERR,ERR,ERR,ERR,ERR,ERR,0.0,2.7184312818759872e+23,-100793952.0,0.0,0.0,1.3936040501711995e+18,7.805,0.0,0,0,4,0,7116,0.0,100,0.0,0.0,0.0,0.0,0.0,0,0,0,0,0.0,0,0,0,0,0,0,0,0,0,0,0,0,0,0,0,0,0,0,0,0,0,0,0,0,0,0,0,0,0,0,0,0,0,31,40,40,71,65476,0,300,0,0,8,21553,0.0,-107605600.0,0.0,0.0,0.0,0.0,0.0,0.0,0.0,0.0,0.0,0.0,0.0,0.0,0.0,0.0,0.0,0.0,0.0,0.0,0.0,0.0,0.0,-2.004,-2.004,-2.004,0.0,0.0,0.0,0.0,6242.0,-0.0,6934.0,0.0,2.7184312818759872e+23,-0.0,0.0,0.0,0.0,0.0,0.0,69,2.308841773246825e+20,-0.0,0.0,0.0,0.0,0.0,0.0,0.0,0.0,0,0,0,0.0,0.0,0.0,0.0,0.0,0.0,0.0,0.0,0.0,0.0,0.0,0.0,0.0,0.0,0.0,0.0,0,-107875648.0,69,0.0,138,0.0,-109447200.0,0,13107,17040,26215,17049,13107,17043,0,0,0,70,68,100,2.7302359370752657e+23,71.2,2.7302370179391762e+23,74.2,2.7302370179391762e+23,74.0,1,49,50,180,13107,52429,0,0,0.0,0.0,0.0,0.0,-0.0,67.0,0.0,162057.094,0.0,751,0,739,0,0,0,721,0,767,0,736,0,742,0,741,0,712,0,7520,0.032,108447924224.0,0.0,0.0,784,16797,-0.0,162057.094,-114818.039,-0.0,0.133,6.909358625270745e+28,30.0,65.0,35,0.0,0.0,0.0,0.0,0.0,0.0,0.0,0.0,0.0,0.0,0.0,0.0,0.0,0.0,0.0,0.0,69.6,0,150,71,55,65476,0,300,0,1,8,20529,65476,0,0,40632,65.0,0.0,0.0,0.0,0.0,0.0
2026-09-04T20:21:42,ERR,ERR,ERR,ERR,ERR,ERR,ERR,ERR,ERR,ERR,ERR,ERR,ERR,ERR,ERR,ERR,ERR,ERR,ERR,ERR,ERR,ERR,ERR,ERR,ERR,ERR,ERR,ERR,ERR,ERR,ERR,ERR,ERR,ERR,ERR,ERR,ERR,ERR,ERR,ERR,ERR,ERR,ERR,ERR,ERR,ERR,ERR,ERR,ERR,ERR,ERR,ERR,ERR,ERR,ERR,ERR,ERR,ERR,ERR,ERR,ERR,ERR,ERR,ERR,ERR,ERR,ERR,ERR,ERR,ERR,ERR,ERR,ERR,ERR,ERR,ERR,ERR,ERR,ERR,ERR,ERR,ERR,ERR,ERR,ERR,ERR,ERR,ERR,ERR,ERR,ERR,ERR,ERR,ERR,ERR,ERR,ERR,ERR,ERR,ERR,ERR,ERR,ERR,ERR,ERR,ERR,ERR,ERR,ERR,ERR,ERR,ERR,ERR,ERR,ERR,ERR,ERR,ERR,ERR,ERR,ERR,ERR,ERR,ERR,ERR,0.0,2.7184312818759872e+23,-100793952.0,0.0,0.0,1.3936040501711995e+18,7.805,0.0,0,0,4,0,7116,0.0,100,0.0,0.0,0.0,0.0,0.0,0,0,0,0,0.0,0,0,0,0,0,0,0,0,0,0,0,0,0,0,0,0,0,0,0,0,0,0,0,0,0,0,0,0,0,0,0,0,0,31,40,40,71,65476,0,300,0,0,8,21553,0.0,-107605600.0,0.0,0.0,0.0,0.0,0.0,0.0,0.0,0.0,0.0,0.0,0.0,0.0,0.0,0.0,0.0,0.0,0.0,0.0,0.0,0.0,0.0,-2.004,-2.004,-2.004,0.0,0.0,0.0,0.0,6242.0,-0.0,6934.0,0.0,2.7184312818759872e+23,-0.0,0.0,0.0,0.0,0.0,0.0,69,2.308841773246825e+20,-0.0,0.0,0.0,0.0,0.0,0.0,0.0,0.0,0,0,0,0.0,0.0,0.0,0.0,0.0,0.0,0.0,0.0,0.0,0.0,0.0,0.0,0.0,0.0,0.0,0.0,0,-107875648.0,69,0.0,138,0.0,-109447200.0,0,13107,17040,13107,17049,13107,17043,0,0,0,70,68,100,2.7302359370752657e+23,71.2,2.7302370179391762e+23,74.2,2.7302370179391762e+23,74.0,1,49,50,180,13107,52429,0,0,0.0,0.0,0.0,0.0,-0.0,67.0,0.0,162057.094,0.0,751,0,739,0,0,0,721,0,767,0,736,0,742,0,741,0,712,0,7520,0.032,79456894976.0,0.0,0.0,784,16797,-0.0,162057.094,-114818.039,-0.0,0.133,6.909358625270745e+28,30.0,65.0,35,0.0,0.0,0.0,0.0,0.0,0.0,0.0,0.0,0.0,0.0,0.0,0.0,0.0,0.0,0.0,0.0,69.6,0,150,71,55,65476,0,300,0,1,8,20529,65476,0,0,40632,65.0,0.0,0.0,0.0,0.0,0.0
2026-09-04T20:21:43,ERR,ERR,ERR,ERR,ERR,ERR,ERR,ERR,ERR,ERR,ERR,ERR,ERR,ERR,ERR,ERR,ERR,ERR,ERR,ERR,ERR,ERR,ERR,ERR,ERR,ERR,ERR,ERR,ERR,ERR,ERR,ERR,ERR,ERR,ERR,ERR,ERR,ERR,ERR,ERR,ERR,ERR,ERR,ERR,ERR,ERR,ERR,ERR,ERR,ERR,ERR,ERR,ERR,ERR,ERR,ERR,ERR,ERR,ERR,ERR,ERR,ERR,ERR,ERR,ERR,ERR,ERR,ERR,ERR,ERR,ERR,ERR,ERR,ERR,ERR,ERR,ERR,ERR,ERR,ERR,ERR,ERR,ERR,ERR,ERR,ERR,ERR,ERR,ERR,ERR,ERR,ERR,ERR,ERR,ERR,ERR,ERR,ERR,ERR,ERR,ERR,ERR,ERR,ERR,ERR,ERR,ERR,ERR,ERR,ERR,ERR,ERR,ERR,ERR,ERR,ERR,ERR,ERR,ERR,ERR,ERR,ERR,ERR,ERR,ERR,0.0,2.7184312818759872e+23,-100793952.0,0.0,0.0,1.3936040501711995e+18,7.805,0.0,0,0,4,0,7116,0.0,100,0.0,0.0,0.0,0.0,0.0,0,0,0,0,0.0,0,0,0,0,0,0,0,0,0,0,0,0,0,0,0,0,0,0,0,0,0,0,0,0,0,0,0,0,0,0,0,0,0,31,40,40,71,65476,0,300,0,0,8,21553,0.0,-107605600.0,0.0,0.0,0.0,0.0,0.0,0.0,0.0,0.0,0.0,0.0,0.0,0.0,0.0,0.0,0.0,0.0,0.0,0.0,0.0,0.0,0.0,-2.004,-2.004,-2.004,0.0,0.0,0.0,0.0,6242.0,-0.0,6934.0,0.0,2.7184312818759872e+23,-0.0,0.0,0.0,0.0,0.0,0.0,69,2.308841773246825e+20,-0.0,0.0,0.0,0.0,0.0,0.0,0.0,0.0,0,0,0,0.0,0.0,0.0,0.0,0.0,0.0,0.0,0.0,0.0,0.0,0.0,0.0,0.0,0.0,0.0,0.0,0,-107875648.0,69,0.0,138,0.0,-109447200.0,0,13107,17040,13107,17049,13107,17043,0,0,0,70,68,100,2.7302359370752657e+23,71.2,2.7302370179391762e+23,74.2,2.7302370179391762e+23,74.0,1,49,50,180,13107,52429,0,0,0.0,0.0,0.0,0.0,-0.0,67.0,0.0,162057.094,0.0,751,0,739,0,0,0,721,0,767,0,736,0,742,0,741,0,712,0,7520,0.032,79456894976.0,0.0,0.0,784,16797,-0.0,162057.094,-114818.039,-0.0,0.133,6.909358625270745e+28,30.0,65.0,35,0.0,0.0,0.0,0.0,0.0,0.0,0.0,0.0,0.0,0.0,0.0,0.0,0.0,0.0,0.0,0.0,69.6,0,150,71,55,65476,0,300,0,1,8,20529,65476,0,0,40632,65.0,0.0,0.0,0.0,0.0,0.0
2026-09-04T20:21:44,ERR,ERR,ERR,ERR,ERR,ERR,ERR,ERR,ERR,ERR,ERR,ERR,ERR,ERR,ERR,ERR,ERR,ERR,ERR,ERR,ERR,ERR,ERR,ERR,ERR,ERR,ERR,ERR,ERR,ERR,ERR,ERR,ERR,ERR,ERR,ERR,ERR,ERR,ERR,ERR,ERR,ERR,ERR,ERR,ERR,ERR,ERR,ERR,ERR,ERR,ERR,ERR,ERR,ERR,ERR,ERR,ERR,ERR,ERR,ERR,ERR,ERR,ERR,ERR,ERR,ERR,ERR,ERR,ERR,ERR,ERR,ERR,ERR,ERR,ERR,ERR,ERR,ERR,ERR,ERR,ERR,ERR,ERR,ERR,ERR,ERR,ERR,ERR,ERR,ERR,ERR,ERR,ERR,ERR,ERR,ERR,ERR,ERR,ERR,ERR,ERR,ERR,ERR,ERR,ERR,ERR,ERR,ERR,ERR,ERR,ERR,ERR,ERR,ERR,ERR,ERR,ERR,ERR,ERR,ERR,ERR,ERR,ERR,ERR,ERR,0.0,2.7184312818759872e+23,-100793952.0,0.0,0.0,1.3936040501711995e+18,7.805,0.0,0,0,4,0,7116,0.0,100,0.0,0.0,0.0,0.0,0.0,0,0,0,0,0.0,0,0,0,0,0,0,0,0,0,0,0,0,0,0,0,0,0,0,0,0,0,0,0,0,0,0,0,0,0,0,0,0,0,31,40,40,71,65476,0,300,0,0,8,21553,0.0,-107605600.0,0.0,0.0,0.0,0.0,0.0,0.0,0.0,0.0,0.0,0.0,0.0,0.0,0.0,0.0,0.0,0.0,0.0,0.0,0.0,0.0,0.0,-2.004,-2.004,-2.004,0.0,0.0,0.0,0.0,6242.0,-0.0,6934.0,0.0,2.7184312818759872e+23,-0.0,0.0,0.0,0.0,0.0,0.0,69,2.308841773246825e+20,-0.0,0.0,0.0,0.0,0.0,0.0,0.0,0.0,0,0,0,0.0,0.0,0.0,0.0,0.0,0.0,0.0,0.0,0.0,0.0,0.0,0.0,0.0,0.0,0.0,0.0,0,-107875648.0,69,0.0,138,0.0,-109447200.0,0,13107,17040,13107,17049,13107,17043,0,0,0,70,68,100,2.7302359370752657e+23,71.2,2.7302370179391762e+23,74.2,2.7302370179391762e+23,74.0,1,49,50,180,13107,52429,0,0,0.0,0.0,0.0,0.0,-0.0,67.0,0.0,162057.094,0.0,751,0,739,0,0,0,721,0,767,0,736,0,742,0,741,0,712,0,7520,0.032,79456894976.0,0.0,0.0,784,16797,-0.0,162057.094,-114818.039,-0.0,0.133,6.909358625270745e+28,30.0,65.0,35,0.0,0.0,0.0,0.0,0.0,0.0,0.0,0.0,0.0,0.0,0.0,0.0,0.0,0.0,0.0,0.0,69.2,0,150,71,55,65476,0,300,0,1,8,20529,65476,0,0,40632,65.0,0.0,0.0,0.0,0.0,0.0
2026-09-04T20:21:45,ERR,ERR,ERR,ERR,ERR,ERR,ERR,ERR,ERR,ERR,ERR,ERR,ERR,ERR,ERR,ERR,ERR,ERR,ERR,ERR,ERR,ERR,ERR,ERR,ERR,ERR,ERR,ERR,ERR,ERR,ERR,ERR,ERR,ERR,ERR,ERR,ERR,ERR,ERR,ERR,ERR,ERR,ERR,ERR,ERR,ERR,ERR,ERR,ERR,ERR,ERR,ERR,ERR,ERR,ERR,ERR,ERR,ERR,ERR,ERR,ERR,ERR,ERR,ERR,ERR,ERR,ERR,ERR,ERR,ERR,ERR,ERR,ERR,ERR,ERR,ERR,ERR,ERR,ERR,ERR,ERR,ERR,ERR,ERR,ERR,ERR,ERR,ERR,ERR,ERR,ERR,ERR,ERR,ERR,ERR,ERR,ERR,ERR,ERR,ERR,ERR,ERR,ERR,ERR,ERR,ERR,ERR,ERR,ERR,ERR,ERR,ERR,ERR,ERR,ERR,ERR,ERR,ERR,ERR,ERR,ERR,ERR,ERR,ERR,ERR,0.0,2.7184312818759872e+23,-100793952.0,0.0,0.0,1.3936040501711995e+18,7.805,0.0,0,0,4,0,7116,0.0,100,0.0,0.0,0.0,0.0,0.0,0,0,0,0,0.0,0,0,0,0,0,0,0,0,0,0,0,0,0,0,0,0,0,0,0,0,0,0,0,0,0,0,0,0,0,0,0,0,0,31,40,40,71,65476,0,300,0,0,8,21553,0.0,-107605600.0,0.0,0.0,0.0,0.0,0.0,0.0,0.0,0.0,0.0,0.0,0.0,0.0,0.0,0.0,0.0,0.0,0.0,0.0,0.0,0.0,0.0,-2.004,-2.004,-2.004,0.0,0.0,0.0,0.0,6242.0,-0.0,6934.0,0.0,2.7184312818759872e+23,-0.0,0.0,0.0,0.0,0.0,0.0,69,2.308841773246825e+20,-0.0,0.0,0.0,0.0,0.0,0.0,0.0,0.0,0,0,0,0.0,0.0,0.0,0.0,0.0,0.0,0.0,0.0,0.0,0.0,0.0,0.0,0.0,0.0,0.0,0.0,0,-107875648.0,69,0.0,138,0.0,-109447200.0,0,13107,17040,13107,17049,13107,17043,0,0,0,70,68,100,2.7302359370752657e+23,71.2,2.7302370179391762e+23,74.2,2.7302370179391762e+23,74.0,1,49,50,180,13107,52429,0,0,0.0,0.0,0.0,0.0,-0.0,67.0,0.0,162057.094,0.0,751,0,739,0,0,0,721,0,767,0,736,0,742,0,741,0,712,0,7520,0.032,79456894976.0,0.0,0.0,784,16797,-0.0,162057.094,-114818.039,-0.0,0.133,6.909358625270745e+28,30.0,65.0,35,0.0,0.0,0.0,0.0,0.0,0.0,0.0,0.0,0.0,0.0,0.0,0.0,0.0,0.0,0.0,0.0,69.2,0,150,71,55,65476,0,300,0,1,8,20529,65476,0,0,40632,65.0,0.0,0.0,0.0,0.0,0.0
2026-09-04T20:21:46,ERR,ERR,ERR,ERR,ERR,ERR,ERR,ERR,ERR,ERR,ERR,ERR,ERR,ERR,ERR,ERR,ERR,ERR,ERR,ERR,ERR,ERR,ERR,ERR,ERR,ERR,ERR,ERR,ERR,ERR,ERR,ERR,ERR,ERR,ERR,ERR,ERR,ERR,ERR,ERR,ERR,ERR,ERR,ERR,ERR,ERR,ERR,ERR,ERR,ERR,ERR,ERR,ERR,ERR,ERR,ERR,ERR,ERR,ERR,ERR,ERR,ERR,ERR,ERR,ERR,ERR,ERR,ERR,ERR,ERR,ERR,ERR,ERR,ERR,ERR,ERR,ERR,ERR,ERR,ERR,ERR,ERR,ERR,ERR,ERR,ERR,ERR,ERR,ERR,ERR,ERR,ERR,ERR,ERR,ERR,ERR,ERR,ERR,ERR,ERR,ERR,ERR,ERR,ERR,ERR,ERR,ERR,ERR,ERR,ERR,ERR,ERR,ERR,ERR,ERR,ERR,ERR,ERR,ERR,ERR,ERR,ERR,ERR,ERR,ERR,0.0,2.7184312818759872e+23,-100793952.0,0.0,0.0,1.3936040501711995e+18,7.805,0.0,0,0,4,0,7116,0.0,100,0.0,0.0,0.0,0.0,0.0,0,0,0,0,0.0,0,0,0,0,0,0,0,0,0,0,0,0,0,0,0,0,0,0,0,0,0,0,0,0,0,0,0,0,0,0,0,0,0,31,40,40,71,65476,0,300,0,0,8,21553,0.0,-107605600.0,0.0,0.0,0.0,0.0,0.0,0.0,0.0,0.0,0.0,0.0,0.0,0.0,0.0,0.0,0.0,0.0,0.0,0.0,0.0,0.0,0.0,-2.004,-2.004,-2.004,0.0,0.0,0.0,0.0,6242.0,-0.0,6934.0,0.0,2.7184312818759872e+23,-0.0,0.0,0.0,0.0,0.0,0.0,69,2.308841773246825e+20,-0.0,0.0,0.0,0.0,0.0,0.0,0.0,0.0,0,0,0,0.0,0.0,0.0,0.0,0.0,0.0,0.0,0.0,0.0,0.0,0.0,0.0,0.0,0.0,0.0,0.0,0,-107875648.0,69,0.0,138,0.0,-109447200.0,0,13107,17040,13107,17049,13107,17043,0,0,0,70,68,100,2.7302359370752657e+23,71.2,2.7302370179391762e+23,74.2,2.7302370179391762e+23,74.0,1,49,50,180,13107,52429,0,0,0.0,0.0,0.0,0.0,-0.0,67.0,0.0,162057.094,0.0,751,0,739,0,0,0,721,0,767,0,736,0,742,0,741,0,712,0,7520,0.032,79456894976.0,0.0,0.0,784,16797,-0.0,162057.094,-114818.039,-0.0,0.133,6.909358625270745e+28,30.0,65.0,35,0.0,0.0,0.0,0.0,0.0,0.0,0.0,0.0,0.0,0.0,0.0,0.0,0.0,0.0,0.0,0.0,69.2,0,150,71,55,65476,0,300,0,1,8,20529,65476,0,0,40632,65.0,0.0,0.0,0.0,0.0,0.0
2026-09-04T20:21:47,ERR,ERR,ERR,ERR,ERR,ERR,ERR,ERR,ERR,ERR,ERR,ERR,ERR,ERR,ERR,ERR,ERR,ERR,ERR,ERR,ERR,ERR,ERR,ERR,ERR,ERR,ERR,ERR,ERR,ERR,ERR,ERR,ERR,ERR,ERR,ERR,ERR,ERR,ERR,ERR,ERR,ERR,ERR,ERR,ERR,ERR,ERR,ERR,ERR,ERR,ERR,ERR,ERR,ERR,ERR,ERR,ERR,ERR,ERR,ERR,ERR,ERR,ERR,ERR,ERR,ERR,ERR,ERR,ERR,ERR,ERR,ERR,ERR,ERR,ERR,ERR,ERR,ERR,ERR,ERR,ERR,ERR,ERR,ERR,ERR,ERR,ERR,ERR,ERR,ERR,ERR,ERR,ERR,ERR,ERR,ERR,ERR,ERR,ERR,ERR,ERR,ERR,ERR,ERR,ERR,ERR,ERR,ERR,ERR,ERR,ERR,ERR,ERR,ERR,ERR,ERR,ERR,ERR,ERR,ERR,ERR,ERR,ERR,ERR,ERR,0.0,2.7184312818759872e+23,-100793952.0,0.0,0.0,1.3936040501711995e+18,7.805,0.0,0,0,4,0,7116,0.0,100,0.0,0.0,0.0,0.0,0.0,0,0,0,0,0.0,0,0,0,0,0,0,0,0,0,0,0,0,0,0,0,0,0,0,0,0,0,0,0,0,0,0,0,0,0,0,0,0,0,31,40,40,71,65476,0,300,0,0,8,21553,0.0,-107605600.0,0.0,0.0,0.0,0.0,0.0,0.0,0.0,0.0,0.0,0.0,0.0,0.0,0.0,0.0,0.0,0.0,0.0,0.0,0.0,0.0,-2.004,-2.004,-2.004,0.0,0.0,0.0,0.0,0.0,6302.0,0.0,6914.0,0.0,2.7184312818759872e+23,2.7184303811560617e+23,2.718430741444032e+23,0.0,0.0,0.0,0.0,69,126841176064.0,-4.950420860761519e+32,0.0,0.0,0.0,0.0,0.0,0.0,0.0,0,0,0,0.0,0.0,0.0,0.0,0.0,0.0,0.0,0.0,0.0,0.0,0.0,0.0,0.0,0.0,0.0,0.0,0,-107875648.0,69,0.0,138,0.0,-109447200.0,0,13107,17040,13107,17049,13107,17043,0,0,0,70,68,100,2.7302359370752657e+23,71.2,2.7302370179391762e+23,74.2,2.7302370179391762e+23,74.0,1,49,50,180,13107,52429,0,0,0.0,0.0,0.0,0.0,-0.0,67.0,0.0,162057.094,0.0,751,0,739,0,0,0,721,0,767,0,736,0,742,0,741,0,712,0,7520,0.032,79456894976.0,0.0,0.0,784,16797,-0.0,162057.094,-114818.039,-0.0,0.133,6.909358625270745e+28,30.0,65.0,35,0.0,0.0,0.0,0.0,0.0,0.0,0.0,0.0,0.0,0.0,0.0,0.0,0.0,0.0,0.0,0.0,69.2,0,150,71,55,65476,0,300,0,1,8,20529,65476,0,0,40632,65.0,0.0,0.0,0.0,0.0,0.0
2026-09-04T20:21:48,ERR,ERR,ERR,ERR,ERR,ERR,ERR,ERR,ERR,ERR,ERR,ERR,ERR,ERR,ERR,ERR,ERR,ERR,ERR,ERR,ERR,ERR,ERR,ERR,ERR,ERR,ERR,ERR,ERR,ERR,ERR,ERR,ERR,ERR,ERR,ERR,ERR,ERR,ERR,ERR,ERR,ERR,ERR,ERR,ERR,ERR,ERR,ERR,ERR,ERR,ERR,ERR,ERR,ERR,ERR,ERR,ERR,ERR,ERR,ERR,ERR,ERR,ERR,ERR,ERR,ERR,ERR,ERR,ERR,ERR,ERR,ERR,ERR,ERR,ERR,ERR,ERR,ERR,ERR,ERR,ERR,ERR,ERR,ERR,ERR,ERR,ERR,ERR,ERR,ERR,ERR,ERR,ERR,ERR,ERR,ERR,ERR,ERR,ERR,ERR,ERR,ERR,ERR,ERR,ERR,ERR,ERR,ERR,ERR,ERR,ERR,ERR,ERR,ERR,ERR,ERR,ERR,ERR,ERR,ERR,ERR,ERR,ERR,ERR,ERR,0.0,2.7184312818759872e+23,-100793952.0,0.0,0.0,1.3936040501711995e+18,7.805,0.0,0,0,4,0,7116,0.0,100,0.0,0.0,0.0,0.0,0.0,0,0,0,0,0.0,0,0,0,0,0,0,0,0,0,0,0,0,0,0,0,0,0,0,0,0,0,0,0,0,0,0,0,0,0,0,0,0,0,31,40,40,71,65476,0,300,0,0,8,21553,0.0,-107605600.0,0.0,0.0,0.0,0.0,0.0,0.0,0.0,0.0,0.0,0.0,0.0,0.0,0.0,0.0,0.0,0.0,0.0,0.0,0.0,0.0,-2.004,-2.004,-2.004,0.0,0.0,0.0,0.0,0.0,6302.0,0.0,6914.0,0.0,2.7184312818759872e+23,2.7184303811560617e+23,2.718430741444032e+23,0.0,0.0,0.0,0.0,69,126841176064.0,-4.950420860761519e+32,0.0,0.0,0.0,0.0,0.0,0.0,0.0,0,0,0,0.0,0.0,0.0,0.0,0.0,0.0,0.0,0.0,0.0,0.0,0.0,0.0,0.0,0.0,0.0,0.0,0,-107875648.0,69,0.0,138,0.0,-109447200.0,0,13107,17040,13107,17049,13107,17043,0,0,0,70,68,100,2.7302359370752657e+23,71.1,0.0,74.2,2.7302370179391762e+23,74.0,1,49,50,180,13107,52429,0,0,0.0,0.0,0.0,0.0,-0.0,67.0,0.0,162057.094,0.0,751,0,739,0,0,0,721,0,767,0,736,0,742,0,742,0,712,0,7520,0.032,81067507712.0,0.0,0.0,784,16797,-0.0,162057.094,-114818.039,-0.0,0.133,6.909358625270745e+28,30.0,65.0,35,0.0,0.0,0.0,0.0,0.0,0.0,0.0,0.0,0.0,0.0,0.0,0.0,0.0,0.0,0.0,0.0,69.2,0,150,71,55,65476,0,300,0,1,8,20529,65476,0,0,40632,65.0,0.0,0.0,0.0,0.0,0.0
2026-09-04T20:21:49,ERR,ERR,ERR,ERR,ERR,ERR,ERR,ERR,ERR,ERR,ERR,ERR,ERR,ERR,ERR,ERR,ERR,ERR,ERR,ERR,ERR,ERR,ERR,ERR,ERR,ERR,ERR,ERR,ERR,ERR,ERR,ERR,ERR,ERR,ERR,ERR,ERR,ERR,ERR,ERR,ERR,ERR,ERR,ERR,ERR,ERR,ERR,ERR,ERR,ERR,ERR,ERR,ERR,ERR,ERR,ERR,ERR,ERR,ERR,ERR,ERR,ERR,ERR,ERR,ERR,ERR,ERR,ERR,ERR,ERR,ERR,ERR,ERR,ERR,ERR,ERR,ERR,ERR,ERR,ERR,ERR,ERR,ERR,ERR,ERR,ERR,ERR,ERR,ERR,ERR,ERR,ERR,ERR,ERR,ERR,ERR,ERR,ERR,ERR,ERR,ERR,ERR,ERR,ERR,ERR,ERR,ERR,ERR,ERR,ERR,ERR,ERR,ERR,ERR,ERR,ERR,ERR,ERR,ERR,ERR,ERR,ERR,ERR,ERR,ERR,0.0,2.7184312818759872e+23,-100793952.0,0.0,0.0,1.3936040501711995e+18,7.805,0.0,0,0,4,0,7116,0.0,100,0.0,0.0,0.0,0.0,0.0,0,0,0,0,0.0,0,0,0,0,0,0,0,0,0,0,0,0,0,0,0,0,0,0,0,0,0,0,0,0,0,0,0,0,0,0,0,0,0,31,40,40,71,65476,0,300,0,0,8,21553,0.0,-107605600.0,0.0,0.0,0.0,0.0,0.0,0.0,0.0,0.0,0.0,0.0,0.0,0.0,0.0,0.0,0.0,0.0,0.0,0.0,0.0,0.0,-2.004,-2.004,-2.004,0.0,0.0,0.0,0.0,0.0,6302.0,0.0,6914.0,0.0,2.7184312818759872e+23,2.7184303811560617e+23,2.718430741444032e+23,0.0,0.0,0.0,0.0,69,126841176064.0,-4.950420860761519e+32,0.0,0.0,0.0,0.0,0.0,0.0,0.0,0,0,0,0.0,0.0,0.0,0.0,0.0,0.0,0.0,0.0,0.0,0.0,0.0,0.0,0.0,0.0,0.0,0.0,0,-107875648.0,69,0.0,138,0.0,-109447200.0,0,13107,17040,13107,17049,13107,17043,0,0,0,70,68,100,2.7302359370752657e+23,71.1,0.0,74.2,2.7302370179391762e+23,74.0,1,49,50,180,13107,52429,0,0,0.0,0.0,0.0,0.0,-0.0,67.0,0.0,162057.094,0.0,751,0,739,0,0,0,721,0,767,0,736,0,742,0,742,0,712,0,7520,0.032,81067507712.0,0.0,0.0,784,16797,-0.0,162057.094,-114818.039,-0.0,0.133,6.909358625270745e+28,30.0,65.0,35,0.0,0.0,0.0,0.0,0.0,0.0,0.0,0.0,0.0,0.0,0.0,0.0,0.0,0.0,0.0,0.0,69.2,0,150,71,55,65476,0,300,0,1,8,20529,65476,0,0,40632,65.0,0.0,0.0,0.0,0.0,0.0
2026-09-04T20:21:50,ERR,ERR,ERR,ERR,ERR,ERR,ERR,ERR,ERR,ERR,ERR,ERR,ERR,ERR,ERR,ERR,ERR,ERR,ERR,ERR,ERR,ERR,ERR,ERR,ERR,ERR,ERR,ERR,ERR,ERR,ERR,ERR,ERR,ERR,ERR,ERR,ERR,ERR,ERR,ERR,ERR,ERR,ERR,ERR,ERR,ERR,ERR,ERR,ERR,ERR,ERR,ERR,ERR,ERR,ERR,ERR,ERR,ERR,ERR,ERR,ERR,ERR,ERR,ERR,ERR,ERR,ERR,ERR,ERR,ERR,ERR,ERR,ERR,ERR,ERR,ERR,ERR,ERR,ERR,ERR,ERR,ERR,ERR,ERR,ERR,ERR,ERR,ERR,ERR,ERR,ERR,ERR,ERR,ERR,ERR,ERR,ERR,ERR,ERR,ERR,ERR,ERR,ERR,ERR,ERR,ERR,ERR,ERR,ERR,ERR,ERR,ERR,ERR,ERR,ERR,ERR,ERR,ERR,ERR,ERR,ERR,ERR,ERR,ERR,ERR,0.0,2.7184312818759872e+23,-100793952.0,0.0,0.0,1.3936040501711995e+18,7.805,0.0,0,0,4,0,7116,0.0,100,0.0,0.0,0.0,0.0,0.0,0,0,0,0,0.0,0,0,0,0,0,0,0,0,0,0,0,0,0,0,0,0,0,0,0,0,0,0,0,0,0,0,0,0,0,0,0,0,0,31,40,40,71,65476,0,300,0,0,8,21553,0.0,-107605600.0,0.0,0.0,0.0,0.0,0.0,0.0,0.0,0.0,0.0,0.0,0.0,0.0,0.0,0.0,0.0,0.0,0.0,0.0,0.0,0.0,-2.004,-2.004,-2.004,0.0,0.0,0.0,0.0,0.0,6302.0,0.0,6914.0,0.0,2.7184312818759872e+23,2.7184303811560617e+23,2.718430741444032e+23,0.0,0.0,0.0,0.0,69,126841176064.0,-4.950420860761519e+32,0.0,0.0,0.0,0.0,0.0,0.0,0.0,0,0,0,0.0,0.0,0.0,0.0,0.0,0.0,0.0,0.0,0.0,0.0,0.0,0.0,0.0,0.0,0.0,0.0,0,-107875648.0,69,0.0,138,0.0,-109447200.0,0,13107,17040,13107,17049,13107,17043,0,0,0,70,68,100,2.7302359370752657e+23,71.1,0.0,74.2,2.7302370179391762e+23,74.0,1,49,50,180,13107,52429,0,0,0.0,0.0,0.0,0.0,-0.0,67.0,0.0,162057.094,0.0,751,0,739,0,0,0,721,0,767,0,736,0,742,0,742,0,712,0,7520,0.032,81067507712.0,0.0,0.0,784,16797,-0.0,162057.094,-114818.039,-0.0,0.133,6.909358625270745e+28,30.0,65.0,35,0.0,0.0,0.0,0.0,0.0,0.0,0.0,0.0,0.0,0.0,0.0,0.0,0.0,0.0,0.0,0.0,69.2,0,150,71,55,65476,0,300,0,1,8,20529,65476,0,0,40632,65.0,0.0,0.0,0.0,0.0,0.0
2026-09-04T20:21:51,ERR,ERR,ERR,ERR,ERR,ERR,ERR,ERR,ERR,ERR,ERR,ERR,ERR,ERR,ERR,ERR,ERR,ERR,ERR,ERR,ERR,ERR,ERR,ERR,ERR,ERR,ERR,ERR,ERR,ERR,ERR,ERR,ERR,ERR,ERR,ERR,ERR,ERR,ERR,ERR,ERR,ERR,ERR,ERR,ERR,ERR,ERR,ERR,ERR,ERR,ERR,ERR,ERR,ERR,ERR,ERR,ERR,ERR,ERR,ERR,ERR,ERR,ERR,ERR,ERR,ERR,ERR,ERR,ERR,ERR,ERR,ERR,ERR,ERR,ERR,ERR,ERR,ERR,ERR,ERR,ERR,ERR,ERR,ERR,ERR,ERR,ERR,ERR,ERR,ERR,ERR,ERR,ERR,ERR,ERR,ERR,ERR,ERR,ERR,ERR,ERR,ERR,ERR,ERR,ERR,ERR,ERR,ERR,ERR,ERR,ERR,ERR,ERR,ERR,ERR,ERR,ERR,ERR,ERR,ERR,ERR,ERR,ERR,ERR,ERR,0.0,2.7184312818759872e+23,-100793952.0,0.0,0.0,1.3936040501711995e+18,7.805,0.0,0,0,4,0,7116,0.0,100,0.0,0.0,0.0,0.0,0.0,0,0,0,0,0.0,0,0,0,0,0,0,0,0,0,0,0,0,0,0,0,0,0,0,0,0,0,0,0,0,0,0,0,0,0,0,0,0,0,31,40,40,71,65476,0,300,0,0,8,21553,0.0,-107605600.0,0.0,0.0,0.0,0.0,0.0,0.0,0.0,0.0,0.0,0.0,0.0,0.0,0.0,0.0,0.0,0.0,0.0,0.0,0.0,0.0,-2.004,-2.004,-2.004,0.0,0.0,0.0,0.0,0.0,6302.0,0.0,6914.0,0.0,2.7184312818759872e+23,2.7184303811560617e+23,2.718430741444032e+23,0.0,0.0,0.0,0.0,69,126841176064.0,-4.950420860761519e+32,0.0,0.0,0.0,0.0,0.0,0.0,0.0,0,0,0,0.0,0.0,0.0,0.0,0.0,0.0,0.0,0.0,0.0,0.0,0.0,0.0,0.0,0.0,0.0,0.0,0,-107875648.0,69,0.0,138,0.0,-109447200.0,0,13107,17040,13107,17049,13107,17043,0,0,0,70,68,100,2.7302359370752657e+23,71.1,0.0,74.2,2.7302370179391762e+23,74.0,1,49,50,180,13107,52429,0,0,0.0,0.0,0.0,0.0,-0.0,67.0,0.0,162057.094,0.0,751,0,739,0,0,0,721,0,767,0,736,0,742,0,742,0,712,0,7520,0.032,81067507712.0,0.0,0.0,784,16797,-0.0,162057.094,-114818.039,-0.0,0.133,6.909358625270745e+28,30.0,65.0,35,0.0,0.0,0.0,0.0,0.0,0.0,0.0,0.0,0.0,0.0,0.0,0.0,0.0,0.0,0.0,0.0,69.2,0,150,71,55,65476,0,300,0,1,8,20529,65476,0,0,40632,65.0,0.0,0.0,0.0,0.0,0.0
2026-09-04T20:21:52,ERR,ERR,ERR,ERR,ERR,ERR,ERR,ERR,ERR,ERR,ERR,ERR,ERR,ERR,ERR,ERR,ERR,ERR,ERR,ERR,ERR,ERR,ERR,ERR,ERR,ERR,ERR,ERR,ERR,ERR,ERR,ERR,ERR,ERR,ERR,ERR,ERR,ERR,ERR,ERR,ERR,ERR,ERR,ERR,ERR,ERR,ERR,ERR,ERR,ERR,ERR,ERR,ERR,ERR,ERR,ERR,ERR,ERR,ERR,ERR,ERR,ERR,ERR,ERR,ERR,ERR,ERR,ERR,ERR,ERR,ERR,ERR,ERR,ERR,ERR,ERR,ERR,ERR,ERR,ERR,ERR,ERR,ERR,ERR,ERR,ERR,ERR,ERR,ERR,ERR,ERR,ERR,ERR,ERR,ERR,ERR,ERR,ERR,ERR,ERR,ERR,ERR,ERR,ERR,ERR,ERR,ERR,ERR,ERR,ERR,ERR,ERR,ERR,ERR,ERR,ERR,ERR,ERR,ERR,ERR,ERR,ERR,ERR,ERR,ERR,0.0,2.7184312818759872e+23,-100793952.0,0.0,0.0,1.3936040501711995e+18,7.805,0.0,0,0,4,0,7116,0.0,100,0.0,0.0,0.0,0.0,0.0,0,0,0,0,0.0,0,0,0,0,0,0,0,0,0,0,0,0,0,0,0,0,0,0,0,0,0,0,0,0,0,0,0,0,0,0,0,0,0,31,40,40,71,65476,0,300,0,0,8,21553,0.0,-107605600.0,0.0,0.0,0.0,0.0,0.0,0.0,0.0,0.0,0.0,0.0,0.0,0.0,0.0,0.0,0.0,0.0,0.0,0.0,0.0,0.0,-2.004,-2.004,-2.004,0.0,0.0,0.0,0.0,0.0,6302.0,0.0,6914.0,0.0,2.7184312818759872e+23,2.7184303811560617e+23,2.718430741444032e+23,0.0,0.0,0.0,0.0,69,126841176064.0,-4.950420860761519e+32,0.0,0.0,0.0,0.0,0.0,0.0,0.0,0,0,0,0.0,0.0,0.0,0.0,0.0,0.0,0.0,0.0,0.0,0.0,0.0,0.0,0.0,0.0,0.0,0.0,0,-107875648.0,69,0.0,138,0.0,-109447200.0,0,13107,17040,13107,17049,13107,17043,0,0,0,70,68,100,2.7302359370752657e+23,71.1,0.0,74.2,2.7302370179391762e+23,74.0,1,49,50,180,13107,52429,0,0,0.0,0.0,0.0,0.0,-0.0,67.0,0.0,162057.094,0.0,751,0,739,0,0,0,721,0,767,0,736,0,742,0,742,0,712,0,7520,0.032,81067507712.0,0.0,0.0,784,16797,-0.0,162057.094,-114818.039,-0.0,0.133,6.909358625270745e+28,30.0,65.0,35,0.0,0.0,0.0,0.0,0.0,0.0,0.0,0.0,0.0,0.0,0.0,0.0,0.0,0.0,0.0,0.0,69.6,0,150,71,55,65476,0,300,0,1,8,20529,65476,0,0,40632,65.0,0.0,0.0,0.0,0.0,0.0
2026-09-04T20:21:53,ERR,ERR,ERR,ERR,ERR,ERR,ERR,ERR,ERR,ERR,ERR,ERR,ERR,ERR,ERR,ERR,ERR,ERR,ERR,ERR,ERR,ERR,ERR,ERR,ERR,ERR,ERR,ERR,ERR,ERR,ERR,ERR,ERR,ERR,ERR,ERR,ERR,ERR,ERR,ERR,ERR,ERR,ERR,ERR,ERR,ERR,ERR,ERR,ERR,ERR,ERR,ERR,ERR,ERR,ERR,ERR,ERR,ERR,ERR,ERR,ERR,ERR,ERR,ERR,ERR,ERR,ERR,ERR,ERR,ERR,ERR,ERR,ERR,ERR,ERR,ERR,ERR,ERR,ERR,ERR,ERR,ERR,ERR,ERR,ERR,ERR,ERR,ERR,ERR,ERR,ERR,ERR,ERR,ERR,ERR,ERR,ERR,ERR,ERR,ERR,ERR,ERR,ERR,ERR,ERR,ERR,ERR,ERR,ERR,ERR,ERR,ERR,ERR,ERR,ERR,ERR,ERR,ERR,ERR,ERR,ERR,ERR,ERR,ERR,ERR,0.0,2.7184312818759872e+23,-100793952.0,0.0,0.0,1.3936040501711995e+18,7.805,0.0,0,0,4,0,7116,0.0,100,0.0,0.0,0.0,0.0,0.0,0,0,0,0,0.0,0,0,0,0,0,0,0,0,0,0,0,0,0,0,0,0,0,0,0,0,0,0,0,0,0,0,0,0,0,0,0,0,0,31,40,40,71,65476,0,300,0,0,8,21553,0.0,-107605600.0,0.0,0.0,0.0,0.0,0.0,0.0,0.0,0.0,0.0,0.0,0.0,0.0,0.0,0.0,0.0,0.0,0.0,0.0,0.0,0.0,-2.004,-2.004,-2.004,0.0,0.0,0.0,0.0,0.0,6302.0,0.0,6914.0,0.0,2.7184312818759872e+23,2.7184303811560617e+23,2.718430741444032e+23,0.0,0.0,0.0,0.0,69,126841176064.0,-4.950420860761519e+32,0.0,0.0,0.0,0.0,0.0,0.0,0.0,0,0,0,0.0,0.0,0.0,0.0,0.0,0.0,0.0,0.0,0.0,0.0,0.0,0.0,0.0,0.0,0.0,0.0,0,-107875648.0,69,0.0,138,0.0,-109447200.0,0,13107,17040,13107,17049,13107,17043,0,0,0,70,68,100,2.7302359370752657e+23,71.2,2.7302370179391762e+23,74.2,2.7302370179391762e+23,74.0,1,49,50,180,13107,52429,0,0,0.0,0.0,0.0,0.0,-0.0,67.0,0.0,162057.094,0.0,751,0,739,0,0,0,721,0,766,0,736,0,742,0,742,0,712,0,7520,0.032,108447924224.0,0.0,0.0,784,16797,-0.0,162057.094,-114818.039,-0.0,0.133,6.909358625270745e+28,30.0,65.0,35,0.0,0.0,0.0,0.0,0.0,0.0,0.0,0.0,0.0,0.0,0.0,0.0,0.0,0.0,0.0,0.0,69.6,0,150,71,55,65476,0,300,0,1,8,20529,65476,0,0,40632,65.0,0.0,0.0,0.0,0.0,0.0
2026-09-04T20:21:54,ERR,ERR,ERR,ERR,ERR,ERR,ERR,ERR,ERR,ERR,ERR,ERR,ERR,ERR,ERR,ERR,ERR,ERR,ERR,ERR,ERR,ERR,ERR,ERR,ERR,ERR,ERR,ERR,ERR,ERR,ERR,ERR,ERR,ERR,ERR,ERR,ERR,ERR,ERR,ERR,ERR,ERR,ERR,ERR,ERR,ERR,ERR,ERR,ERR,ERR,ERR,ERR,ERR,ERR,ERR,ERR,ERR,ERR,ERR,ERR,ERR,ERR,ERR,ERR,ERR,ERR,ERR,ERR,ERR,ERR,ERR,ERR,ERR,ERR,ERR,ERR,ERR,ERR,ERR,ERR,ERR,ERR,ERR,ERR,ERR,ERR,ERR,ERR,ERR,ERR,ERR,ERR,ERR,ERR,ERR,ERR,ERR,ERR,ERR,ERR,ERR,ERR,ERR,ERR,ERR,ERR,ERR,ERR,ERR,ERR,ERR,ERR,ERR,ERR,ERR,ERR,ERR,ERR,ERR,ERR,ERR,ERR,ERR,ERR,ERR,0.0,2.7184312818759872e+23,-100793952.0,0.0,0.0,1.3936040501711995e+18,7.805,0.0,0,0,4,0,7116,0.0,100,0.0,0.0,0.0,0.0,0.0,0,0,0,0,0.0,0,0,0,0,0,0,0,0,0,0,0,0,0,0,0,0,0,0,0,0,0,0,0,0,0,0,0,0,0,0,0,0,0,31,40,40,71,65476,0,300,0,0,8,21553,0.0,-107605600.0,0.0,0.0,0.0,0.0,0.0,0.0,0.0,0.0,0.0,0.0,0.0,0.0,0.0,0.0,0.0,0.0,0.0,0.0,0.0,0.0,-2.004,-2.004,-2.004,0.0,0.0,0.0,0.0,0.0,6302.0,0.0,6914.0,0.0,2.7184312818759872e+23,2.7184303811560617e+23,2.718430741444032e+23,0.0,0.0,0.0,0.0,69,126841176064.0,-4.950420860761519e+32,0.0,0.0,0.0,0.0,0.0,0.0,0.0,0,0,0,0.0,0.0,0.0,0.0,0.0,0.0,0.0,0.0,0.0,0.0,0.0,0.0,0.0,0.0,0.0,0.0,0,-107875648.0,69,0.0,138,0.0,-109447200.0,0,13107,17040,13107,17049,13107,17043,0,0,0,70,68,100,2.7302359370752657e+23,71.2,2.7302370179391762e+23,74.2,2.7302370179391762e+23,74.0,1,49,50,180,13107,52429,0,0,0.0,0.0,0.0,0.0,-0.0,67.0,0.0,162057.094,0.0,751,0,739,0,0,0,721,0,766,0,736,0,742,0,742,0,712,0,7520,0.032,108447924224.0,0.0,0.0,784,16797,-0.0,162057.094,-114818.039,-0.0,0.133,6.909358625270745e+28,30.0,65.0,35,0.0,0.0,0.0,0.0,0.0,0.0,0.0,0.0,0.0,0.0,0.0,0.0,0.0,0.0,0.0,0.0,69.2,0,150,71,55,65476,0,300,0,1,8,20529,65476,0,0,40632,65.0,0.0,0.0,0.0,0.0,0.0
2026-09-04T20:21:55,ERR,ERR,ERR,ERR,ERR,ERR,ERR,ERR,ERR,ERR,ERR,ERR,ERR,ERR,ERR,ERR,ERR,ERR,ERR,ERR,ERR,ERR,ERR,ERR,ERR,ERR,ERR,ERR,ERR,ERR,ERR,ERR,ERR,ERR,ERR,ERR,ERR,ERR,ERR,ERR,ERR,ERR,ERR,ERR,ERR,ERR,ERR,ERR,ERR,ERR,ERR,ERR,ERR,ERR,ERR,ERR,ERR,ERR,ERR,ERR,ERR,ERR,ERR,ERR,ERR,ERR,ERR,ERR,ERR,ERR,ERR,ERR,ERR,ERR,ERR,ERR,ERR,ERR,ERR,ERR,ERR,ERR,ERR,ERR,ERR,ERR,ERR,ERR,ERR,ERR,ERR,ERR,ERR,ERR,ERR,ERR,ERR,ERR,ERR,ERR,ERR,ERR,ERR,ERR,ERR,ERR,ERR,ERR,ERR,ERR,ERR,ERR,ERR,ERR,ERR,ERR,ERR,ERR,ERR,ERR,ERR,ERR,ERR,ERR,ERR,0.0,2.7184312818759872e+23,-100793952.0,0.0,0.0,1.3936040501711995e+18,7.805,0.0,0,0,4,0,7116,0.0,100,0.0,0.0,0.0,0.0,0.0,0,0,0,0,0.0,0,0,0,0,0,0,0,0,0,0,0,0,0,0,0,0,0,0,0,0,0,0,0,0,0,0,0,0,0,0,0,0,0,31,40,40,71,65476,0,300,0,0,8,21553,0.0,-107605600.0,0.0,0.0,0.0,0.0,0.0,0.0,0.0,0.0,0.0,0.0,0.0,0.0,0.0,0.0,0.0,0.0,0.0,0.0,0.0,0.0,-2.004,-2.004,-0.0,-2.004,0.0,0.0,0.0,0.0,6274.0,0.0,6919.0,0.0,2.7184312818759872e+23,-0.0,2.718430741444032e+23,0.0,0.0,0.0,0.0,69,4.066883125581407e+29,0.0,0.0,0.0,0.0,0.0,0.0,0.0,0.0,0,0,0,0.0,0.0,0.0,0.0,0.0,0.0,0.0,0.0,0.0,0.0,0.0,0.0,0.0,0.0,0.0,0.0,0,-107875648.0,69,0.0,138,0.0,-109447200.0,0,13107,17040,13107,17049,13107,17043,0,0,0,70,68,100,2.7302359370752657e+23,71.2,2.7302370179391762e+23,74.2,2.7302370179391762e+23,74.0,1,49,50,180,13107,52429,0,0,0.0,0.0,0.0,0.0,-0.0,67.0,0.0,162057.094,0.0,751,0,739,0,0,0,721,0,766,0,736,0,742,0,742,0,712,0,7520,0.032,108447924224.0,0.0,0.0,784,16797,-0.0,162057.094,-114818.039,-0.0,0.133,6.909358625270745e+28,30.0,65.0,35,0.0,0.0,0.0,0.0,0.0,0.0,0.0,0.0,0.0,0.0,0.0,0.0,0.0,0.0,0.0,0.0,69.2,0,150,71,55,65476,0,300,0,1,8,20529,65476,0,0,40632,65.0,0.0,0.0,0.0,0.0,0.0
2026-09-04T20:21:56,ERR,ERR,ERR,ERR,ERR,ERR,ERR,ERR,ERR,ERR,ERR,ERR,ERR,ERR,ERR,ERR,ERR,ERR,ERR,ERR,ERR,ERR,ERR,ERR,ERR,ERR,ERR,ERR,ERR,ERR,ERR,ERR,ERR,ERR,ERR,ERR,ERR,ERR,ERR,ERR,ERR,ERR,ERR,ERR,ERR,ERR,ERR,ERR,ERR,ERR,ERR,ERR,ERR,ERR,ERR,ERR,ERR,ERR,ERR,ERR,ERR,ERR,ERR,ERR,ERR,ERR,ERR,ERR,ERR,ERR,ERR,ERR,ERR,ERR,ERR,ERR,ERR,ERR,ERR,ERR,ERR,ERR,ERR,ERR,ERR,ERR,ERR,ERR,ERR,ERR,ERR,ERR,ERR,ERR,ERR,ERR,ERR,ERR,ERR,ERR,ERR,ERR,ERR,ERR,ERR,ERR,ERR,ERR,ERR,ERR,ERR,ERR,ERR,ERR,ERR,ERR,ERR,ERR,ERR,ERR,ERR,ERR,ERR,ERR,ERR,0.0,2.7184312818759872e+23,-100793952.0,0.0,0.0,1.3936040501711995e+18,7.805,0.0,0,0,4,0,7116,0.0,100,0.0,0.0,0.0,0.0,0.0,0,0,0,0,0.0,0,0,0,0,0,0,0,0,0,0,0,0,0,0,0,0,0,0,0,0,0,0,0,0,0,0,0,0,0,0,0,0,0,31,40,40,71,65476,0,300,0,0,8,21553,0.0,-107605600.0,0.0,0.0,0.0,0.0,0.0,0.0,0.0,0.0,0.0,0.0,0.0,0.0,0.0,0.0,0.0,0.0,0.0,0.0,0.0,0.0,-2.004,-2.004,-0.0,-2.004,0.0,0.0,0.0,0.0,6274.0,0.0,6919.0,0.0,2.7184312818759872e+23,-0.0,2.718430741444032e+23,0.0,0.0,0.0,0.0,69,4.066883125581407e+29,0.0,0.0,0.0,0.0,0.0,0.0,0.0,0.0,0,0,0,0.0,0.0,0.0,0.0,0.0,0.0,0.0,0.0,0.0,0.0,0.0,0.0,0.0,0.0,0.0,0.0,0,-107875648.0,69,0.0,138,0.0,-109447200.0,0,13107,17040,13107,17049,13107,17043,0,0,0,70,68,100,2.7302359370752657e+23,71.2,2.7302370179391762e+23,74.2,2.7302370179391762e+23,74.0,1,49,50,180,13107,52429,0,0,0.0,0.0,0.0,0.0,-0.0,67.0,0.0,162057.094,0.0,751,0,739,0,0,0,721,0,766,0,736,0,742,0,742,0,712,0,7520,0.032,108447924224.0,0.0,0.0,784,16797,-0.0,162057.094,-114818.039,-0.0,0.133,6.909358625270745e+28,30.0,65.0,35,0.0,0.0,0.0,0.0,0.0,0.0,0.0,0.0,0.0,0.0,0.0,0.0,0.0,0.0,0.0,0.0,69.2,0,150,71,55,65476,0,300,0,1,8,20529,65476,0,0,40632,65.0,0.0,0.0,0.0,0.0,0.0
2026-09-04T20:21:57,ERR,ERR,ERR,ERR,ERR,ERR,ERR,ERR,ERR,ERR,ERR,ERR,ERR,ERR,ERR,ERR,ERR,ERR,ERR,ERR,ERR,ERR,ERR,ERR,ERR,ERR,ERR,ERR,ERR,ERR,ERR,ERR,ERR,ERR,ERR,ERR,ERR,ERR,ERR,ERR,ERR,ERR,ERR,ERR,ERR,ERR,ERR,ERR,ERR,ERR,ERR,ERR,ERR,ERR,ERR,ERR,ERR,ERR,ERR,ERR,ERR,ERR,ERR,ERR,ERR,ERR,ERR,ERR,ERR,ERR,ERR,ERR,ERR,ERR,ERR,ERR,ERR,ERR,ERR,ERR,ERR,ERR,ERR,ERR,ERR,ERR,ERR,ERR,ERR,ERR,ERR,ERR,ERR,ERR,ERR,ERR,ERR,ERR,ERR,ERR,ERR,ERR,ERR,ERR,ERR,ERR,ERR,ERR,ERR,ERR,ERR,ERR,ERR,ERR,ERR,ERR,ERR,ERR,ERR,ERR,ERR,ERR,ERR,ERR,ERR,0.0,2.7184312818759872e+23,-100793952.0,0.0,0.0,1.3936040501711995e+18,7.805,0.0,0,0,4,0,7116,0.0,100,0.0,0.0,0.0,0.0,0.0,0,0,0,0,0.0,0,0,0,0,0,0,0,0,0,0,0,0,0,0,0,0,0,0,0,0,0,0,0,0,0,0,0,0,0,0,0,0,0,31,40,40,71,65476,0,300,0,0,8,21553,0.0,-107605600.0,0.0,0.0,0.0,0.0,0.0,0.0,0.0,0.0,0.0,0.0,0.0,0.0,0.0,0.0,0.0,0.0,0.0,0.0,0.0,0.0,-2.004,-2.004,-0.0,-2.004,0.0,0.0,0.0,0.0,6274.0,0.0,6919.0,0.0,2.7184312818759872e+23,-0.0,2.718430741444032e+23,0.0,0.0,0.0,0.0,69,4.066883125581407e+29,0.0,0.0,0.0,0.0,0.0,0.0,0.0,0.0,0,0,0,0.0,0.0,0.0,0.0,0.0,0.0,0.0,0.0,0.0,0.0,0.0,0.0,0.0,0.0,0.0,0.0,0,-107875648.0,69,0.0,138,0.0,-109447200.0,0,13107,17040,13107,17049,13107,17043,0,0,0,70,68,100,2.7302359370752657e+23,71.2,2.7302370179391762e+23,74.2,2.7302370179391762e+23,74.0,1,49,50,180,13107,52429,0,0,0.0,0.0,0.0,0.0,-0.0,67.0,0.0,162057.094,0.0,751,0,739,0,0,0,721,0,766,0,736,0,742,0,742,0,712,0,7520,0.032,108447924224.0,0.0,0.0,784,16797,-0.0,162057.094,-114818.039,-0.0,0.133,6.909358625270745e+28,30.0,65.0,35,0.0,0.0,0.0,0.0,0.0,0.0,0.0,0.0,0.0,0.0,0.0,0.0,0.0,0.0,0.0,0.0,69.2,0,150,71,55,65476,0,300,0,1,8,20529,65476,0,0,40632,65.0,0.0,0.0,0.0,0.0,0.0
2026-09-04T20:21:58,ERR,ERR,ERR,ERR,ERR,ERR,ERR,ERR,ERR,ERR,ERR,ERR,ERR,ERR,ERR,ERR,ERR,ERR,ERR,ERR,ERR,ERR,ERR,ERR,ERR,ERR,ERR,ERR,ERR,ERR,ERR,ERR,ERR,ERR,ERR,ERR,ERR,ERR,ERR,ERR,ERR,ERR,ERR,ERR,ERR,ERR,ERR,ERR,ERR,ERR,ERR,ERR,ERR,ERR,ERR,ERR,ERR,ERR,ERR,ERR,ERR,ERR,ERR,ERR,ERR,ERR,ERR,ERR,ERR,ERR,ERR,ERR,ERR,ERR,ERR,ERR,ERR,ERR,ERR,ERR,ERR,ERR,ERR,ERR,ERR,ERR,ERR,ERR,ERR,ERR,ERR,ERR,ERR,ERR,ERR,ERR,ERR,ERR,ERR,ERR,ERR,ERR,ERR,ERR,ERR,ERR,ERR,ERR,ERR,ERR,ERR,ERR,ERR,ERR,ERR,ERR,ERR,ERR,ERR,ERR,ERR,ERR,ERR,ERR,ERR,0.0,2.7184312818759872e+23,-100793952.0,0.0,0.0,1.3936040501711995e+18,7.805,0.0,0,0,4,0,7116,0.0,100,0.0,0.0,0.0,0.0,0.0,0,0,0,0,0.0,0,0,0,0,0,0,0,0,0,0,0,0,0,0,0,0,0,0,0,0,0,0,0,0,0,0,0,0,0,0,0,0,0,31,40,40,71,65476,0,300,0,0,8,21553,0.0,-107605600.0,0.0,0.0,0.0,0.0,0.0,0.0,0.0,0.0,0.0,0.0,0.0,0.0,0.0,0.0,0.0,0.0,0.0,0.0,0.0,0.0,-2.004,-2.004,-0.0,-2.004,0.0,0.0,0.0,0.0,6274.0,0.0,6919.0,0.0,2.7184312818759872e+23,-0.0,2.718430741444032e+23,0.0,0.0,0.0,0.0,69,4.066883125581407e+29,0.0,0.0,0.0,0.0,0.0,0.0,0.0,0.0,0,0,0,0.0,0.0,0.0,0.0,0.0,0.0,0.0,0.0,0.0,0.0,0.0,0.0,0.0,0.0,0.0,0.0,0,-107875648.0,69,0.0,138,0.0,-109447200.0,0,13107,17040,13107,17049,13107,17043,0,0,0,70,68,100,2.7302359370752657e+23,71.2,2.7302370179391762e+23,74.2,2.7302370179391762e+23,74.0,1,49,50,180,13107,52429,0,0,0.0,0.0,0.0,0.0,-0.0,67.0,0.0,162057.094,0.0,751,0,739,0,0,0,721,0,766,0,736,0,742,0,742,0,712,0,7520,0.032,108447924224.0,0.0,0.0,784,16797,-0.0,162057.094,-114818.039,-0.0,0.133,6.909358625270745e+28,30.0,65.0,35,0.0,0.0,0.0,0.0,0.0,0.0,0.0,0.0,0.0,0.0,0.0,0.0,0.0,0.0,0.0,0.0,69.2,0,150,71,55,65476,0,300,0,1,8,20529,65476,0,0,40632,65.0,0.0,0.0,0.0,0.0,0.0
2026-09-04T20:21:59,ERR,ERR,ERR,ERR,ERR,ERR,ERR,ERR,ERR,ERR,ERR,ERR,ERR,ERR,ERR,ERR,ERR,ERR,ERR,ERR,ERR,ERR,ERR,ERR,ERR,ERR,ERR,ERR,ERR,ERR,ERR,ERR,ERR,ERR,ERR,ERR,ERR,ERR,ERR,ERR,ERR,ERR,ERR,ERR,ERR,ERR,ERR,ERR,ERR,ERR,ERR,ERR,ERR,ERR,ERR,ERR,ERR,ERR,ERR,ERR,ERR,ERR,ERR,ERR,ERR,ERR,ERR,ERR,ERR,ERR,ERR,ERR,ERR,ERR,ERR,ERR,ERR,ERR,ERR,ERR,ERR,ERR,ERR,ERR,ERR,ERR,ERR,ERR,ERR,ERR,ERR,ERR,ERR,ERR,ERR,ERR,ERR,ERR,ERR,ERR,ERR,ERR,ERR,ERR,ERR,ERR,ERR,ERR,ERR,ERR,ERR,ERR,ERR,ERR,ERR,ERR,ERR,ERR,ERR,ERR,ERR,ERR,ERR,ERR,ERR,0.0,2.7184312818759872e+23,-100793952.0,0.0,0.0,1.3936040501711995e+18,7.805,0.0,0,0,4,0,7116,0.0,100,0.0,0.0,0.0,0.0,0.0,0,0,0,0,0.0,0,0,0,0,0,0,0,0,0,0,0,0,0,0,0,0,0,0,0,0,0,0,0,0,0,0,0,0,0,0,0,0,0,31,40,40,71,65476,0,300,0,0,8,21553,0.0,-107605600.0,0.0,0.0,0.0,0.0,0.0,0.0,0.0,0.0,0.0,0.0,0.0,0.0,0.0,0.0,0.0,0.0,0.0,0.0,0.0,0.0,-2.004,-2.004,-0.0,-2.004,0.0,0.0,0.0,0.0,6274.0,0.0,6919.0,0.0,2.7184312818759872e+23,-0.0,2.718430741444032e+23,0.0,0.0,0.0,0.0,69,4.066883125581407e+29,0.0,0.0,0.0,0.0,0.0,0.0,0.0,0.0,0,0,0,0.0,0.0,0.0,0.0,0.0,0.0,0.0,0.0,0.0,0.0,0.0,0.0,0.0,0.0,0.0,0.0,0,-107875648.0,69,0.0,138,0.0,-109447200.0,0,13107,17040,26215,17049,13107,17043,0,0,0,70,68,100,2.7302359370752657e+23,71.2,2.7302370179391762e+23,74.2,2.7302370179391762e+23,74.0,1,49,50,180,13107,52429,0,0,0.0,0.0,0.0,0.0,-0.0,67.0,0.0,162057.094,0.0,751,0,739,0,0,0,721,0,766,0,736,0,742,0,742,0,712,0,7520,0.032,78920024064.0,0.0,0.0,784,16797,-0.0,162057.094,-114818.039,-0.0,0.133,6.909358625270745e+28,30.0,65.0,35,0.0,0.0,0.0,0.0,0.0,0.0,0.0,0.0,0.0,0.0,0.0,0.0,0.0,0.0,0.0,0.0,69.2,0,150,71,55,65476,0,300,0,1,8,20529,65476,0,0,40632,65.0,0.0,0.0,0.0,0.0,0.0
2026-09-04T20:22:00,ERR,ERR,ERR,ERR,ERR,ERR,ERR,ERR,ERR,ERR,ERR,ERR,ERR,ERR,ERR,ERR,ERR,ERR,ERR,ERR,ERR,ERR,ERR,ERR,ERR,ERR,ERR,ERR,ERR,ERR,ERR,ERR,ERR,ERR,ERR,ERR,ERR,ERR,ERR,ERR,ERR,ERR,ERR,ERR,ERR,ERR,ERR,ERR,ERR,ERR,ERR,ERR,ERR,ERR,ERR,ERR,ERR,ERR,ERR,ERR,ERR,ERR,ERR,ERR,ERR,ERR,ERR,ERR,ERR,ERR,ERR,ERR,ERR,ERR,ERR,ERR,ERR,ERR,ERR,ERR,ERR,ERR,ERR,ERR,ERR,ERR,ERR,ERR,ERR,ERR,ERR,ERR,ERR,ERR,ERR,ERR,ERR,ERR,ERR,ERR,ERR,ERR,ERR,ERR,ERR,ERR,ERR,ERR,ERR,ERR,ERR,ERR,ERR,ERR,ERR,ERR,ERR,ERR,ERR,ERR,ERR,ERR,ERR,ERR,ERR,0.0,2.7184312818759872e+23,-100793952.0,0.0,0.0,1.3936040501711995e+18,7.805,0.0,0,0,4,0,7116,0.0,100,0.0,0.0,0.0,0.0,0.0,0,0,0,0,0.0,0,0,0,0,0,0,0,0,0,0,0,0,0,0,0,0,0,0,0,0,0,0,0,0,0,0,0,0,0,0,0,0,0,31,40,40,71,65476,0,300,0,0,8,21553,0.0,-107605600.0,0.0,0.0,0.0,0.0,0.0,0.0,0.0,0.0,0.0,0.0,0.0,0.0,0.0,0.0,0.0,0.0,0.0,0.0,0.0,0.0,-2.004,-2.004,-0.0,-2.004,0.0,0.0,0.0,0.0,6274.0,0.0,6919.0,0.0,2.7184312818759872e+23,-0.0,2.718430741444032e+23,0.0,0.0,0.0,0.0,69,4.066883125581407e+29,0.0,0.0,0.0,0.0,0.0,0.0,0.0,0.0,0,0,0,0.0,0.0,0.0,0.0,0.0,0.0,0.0,0.0,0.0,0.0,0.0,0.0,0.0,0.0,0.0,0.0,0,-107875648.0,69,0.0,138,0.0,-109447200.0,0,13107,17040,26215,17049,13107,17043,0,0,0,70,68,100,2.7302359370752657e+23,71.2,2.7302370179391762e+23,74.2,2.7302370179391762e+23,74.0,1,49,50,180,13107,52429,0,0,0.0,0.0,0.0,0.0,-0.0,67.0,0.0,162057.094,0.0,751,0,739,0,0,0,721,0,766,0,736,0,742,0,742,0,712,0,7520,0.032,78920024064.0,0.0,0.0,784,16797,-0.0,162057.094,-114818.039,-0.0,0.133,6.909358625270745e+28,30.0,65.0,35,0.0,0.0,0.0,0.0,0.0,0.0,0.0,0.0,0.0,0.0,0.0,0.0,0.0,0.0,0.0,0.0,69.2,0,150,71,55,65476,0,300,0,1,8,20529,65476,0,0,40632,65.0,0.0,0.0,0.0,0.0,0.0
2026-09-04T20:22:01,ERR,ERR,ERR,ERR,ERR,ERR,ERR,ERR,ERR,ERR,ERR,ERR,ERR,ERR,ERR,ERR,ERR,ERR,ERR,ERR,ERR,ERR,ERR,ERR,ERR,ERR,ERR,ERR,ERR,ERR,ERR,ERR,ERR,ERR,ERR,ERR,ERR,ERR,ERR,ERR,ERR,ERR,ERR,ERR,ERR,ERR,ERR,ERR,ERR,ERR,ERR,ERR,ERR,ERR,ERR,ERR,ERR,ERR,ERR,ERR,ERR,ERR,ERR,ERR,ERR,ERR,ERR,ERR,ERR,ERR,ERR,ERR,ERR,ERR,ERR,ERR,ERR,ERR,ERR,ERR,ERR,ERR,ERR,ERR,ERR,ERR,ERR,ERR,ERR,ERR,ERR,ERR,ERR,ERR,ERR,ERR,ERR,ERR,ERR,ERR,ERR,ERR,ERR,ERR,ERR,ERR,ERR,ERR,ERR,ERR,ERR,ERR,ERR,ERR,ERR,ERR,ERR,ERR,ERR,ERR,ERR,ERR,ERR,ERR,ERR,0.0,2.7184312818759872e+23,-100793952.0,0.0,0.0,1.3936040501711995e+18,7.805,0.0,0,0,4,0,7116,0.0,100,0.0,0.0,0.0,0.0,0.0,0,0,0,0,0.0,0,0,0,0,0,0,0,0,0,0,0,0,0,0,0,0,0,0,0,0,0,0,0,0,0,0,0,0,0,0,0,0,0,31,40,40,71,65476,0,300,0,0,8,21553,0.0,-107605600.0,0.0,0.0,0.0,0.0,0.0,0.0,0.0,0.0,0.0,0.0,0.0,0.0,0.0,0.0,0.0,0.0,0.0,0.0,0.0,0.0,-2.004,-2.004,-0.0,-2.004,0.0,0.0,0.0,0.0,6274.0,0.0,6919.0,0.0,2.7184312818759872e+23,-0.0,2.718430741444032e+23,0.0,0.0,0.0,0.0,69,4.066883125581407e+29,0.0,0.0,0.0,0.0,0.0,0.0,0.0,0.0,0,0,0,0.0,0.0,0.0,0.0,0.0,0.0,0.0,0.0,0.0,0.0,0.0,0.0,0.0,0.0,0.0,0.0,0,-107875648.0,69,0.0,138,0.0,-109447200.0,0,13107,17040,26215,17049,13107,17043,0,0,0,70,68,100,2.7302359370752657e+23,71.2,2.7302370179391762e+23,74.2,2.7302370179391762e+23,74.0,1,49,50,180,13107,52429,0,0,0.0,0.0,0.0,0.0,-0.0,67.0,0.0,162057.094,0.0,751,0,739,0,0,0,721,0,766,0,736,0,742,0,742,0,712,0,7520,0.032,78920024064.0,0.0,0.0,784,16797,-0.0,162057.094,-114818.039,-0.0,0.133,6.909358625270745e+28,30.0,65.0,35,0.0,0.0,0.0,0.0,0.0,0.0,0.0,0.0,0.0,0.0,0.0,0.0,0.0,0.0,0.0,0.0,69.2,0,150,71,55,65476,0,300,0,1,8,20529,65476,0,0,40632,65.0,0.0,0.0,0.0,0.0,0.0
2026-09-04T20:22:02,ERR,ERR,ERR,ERR,ERR,ERR,ERR,ERR,ERR,ERR,ERR,ERR,ERR,ERR,ERR,ERR,ERR,ERR,ERR,ERR,ERR,ERR,ERR,ERR,ERR,ERR,ERR,ERR,ERR,ERR,ERR,ERR,ERR,ERR,ERR,ERR,ERR,ERR,ERR,ERR,ERR,ERR,ERR,ERR,ERR,ERR,ERR,ERR,ERR,ERR,ERR,ERR,ERR,ERR,ERR,ERR,ERR,ERR,ERR,ERR,ERR,ERR,ERR,ERR,ERR,ERR,ERR,ERR,ERR,ERR,ERR,ERR,ERR,ERR,ERR,ERR,ERR,ERR,ERR,ERR,ERR,ERR,ERR,ERR,ERR,ERR,ERR,ERR,ERR,ERR,ERR,ERR,ERR,ERR,ERR,ERR,ERR,ERR,ERR,ERR,ERR,ERR,ERR,ERR,ERR,ERR,ERR,ERR,ERR,ERR,ERR,ERR,ERR,ERR,ERR,ERR,ERR,ERR,ERR,ERR,ERR,ERR,ERR,ERR,ERR,0.0,2.7184312818759872e+23,-100793952.0,0.0,0.0,1.3936040501711995e+18,7.805,0.0,0,0,4,0,7116,0.0,100,0.0,0.0,0.0,0.0,0.0,0,0,0,0,0.0,0,0,0,0,0,0,0,0,0,0,0,0,0,0,0,0,0,0,0,0,0,0,0,0,0,0,0,0,0,0,0,0,0,31,40,40,71,65476,0,300,0,0,8,21553,0.0,-107605600.0,0.0,0.0,0.0,0.0,0.0,0.0,0.0,0.0,0.0,0.0,0.0,0.0,0.0,0.0,0.0,0.0,0.0,0.0,0.0,0.0,0.0,-2.004,-2.004,-2.004,0.0,0.0,0.0,0.0,6296.0,1.587936908900649e+29,6926.0,0.0,2.7184312818759872e+23,-0.0,0.0,0.0,0.0,0.0,0.0,69,126841176064.0,2.7184265981323747e+23,0.0,0.0,0.0,0.0,0.0,0.0,0.0,0,0,0,0.0,0.0,0.0,0.0,0.0,0.0,0.0,0.0,0.0,0.0,0.0,0.0,0.0,0.0,0.0,0.0,0,-107875648.0,69,0.0,138,0.0,-109447200.0,0,13107,17040,26215,17049,13107,17043,0,0,0,70,68,100,2.7302359370752657e+23,71.2,2.7302370179391762e+23,74.2,2.7302370179391762e+23,74.0,1,49,50,180,13107,52429,0,0,0.0,0.0,0.0,0.0,-0.0,67.0,0.0,162057.094,0.0,751,0,739,0,0,0,721,0,766,0,736,0,742,0,742,0,712,0,7520,0.032,78920024064.0,0.0,0.0,784,16797,-0.0,162057.094,-114818.039,-0.0,0.133,6.909358625270745e+28,30.0,65.0,35,0.0,0.0,0.0,0.0,0.0,0.0,0.0,0.0,0.0,0.0,0.0,0.0,0.0,0.0,0.0,0.0,69.2,0,150,71,55,65476,0,300,0,1,8,20529,65476,0,0,40632,65.0,0.0,0.0,0.0,0.0,0.0
2026-09-04T20:22:03,ERR,ERR,ERR,ERR,ERR,ERR,ERR,ERR,ERR,ERR,ERR,ERR,ERR,ERR,ERR,ERR,ERR,ERR,ERR,ERR,ERR,ERR,ERR,ERR,ERR,ERR,ERR,ERR,ERR,ERR,ERR,ERR,ERR,ERR,ERR,ERR,ERR,ERR,ERR,ERR,ERR,ERR,ERR,ERR,ERR,ERR,ERR,ERR,ERR,ERR,ERR,ERR,ERR,ERR,ERR,ERR,ERR,ERR,ERR,ERR,ERR,ERR,ERR,ERR,ERR,ERR,ERR,ERR,ERR,ERR,ERR,ERR,ERR,ERR,ERR,ERR,ERR,ERR,ERR,ERR,ERR,ERR,ERR,ERR,ERR,ERR,ERR,ERR,ERR,ERR,ERR,ERR,ERR,ERR,ERR,ERR,ERR,ERR,ERR,ERR,ERR,ERR,ERR,ERR,ERR,ERR,ERR,ERR,ERR,ERR,ERR,ERR,ERR,ERR,ERR,ERR,ERR,ERR,ERR,ERR,ERR,ERR,ERR,ERR,ERR,0.0,2.7184312818759872e+23,-100793952.0,0.0,0.0,1.3936040501711995e+18,7.805,0.0,0,0,4,0,7116,0.0,100,0.0,0.0,0.0,0.0,0.0,0,0,0,0,0.0,0,0,0,0,0,0,0,0,0,0,0,0,0,0,0,0,0,0,0,0,0,0,0,0,0,0,0,0,0,0,0,0,0,31,40,40,71,65476,0,300,0,0,8,21553,0.0,-107605600.0,0.0,0.0,0.0,0.0,0.0,0.0,0.0,0.0,0.0,0.0,0.0,0.0,0.0,0.0,0.0,0.0,0.0,0.0,0.0,0.0,0.0,-2.004,-2.004,-2.004,0.0,0.0,0.0,0.0,6296.0,1.587936908900649e+29,6926.0,0.0,2.7184312818759872e+23,-0.0,0.0,0.0,0.0,0.0,0.0,69,126841176064.0,2.7184265981323747e+23,0.0,0.0,0.0,0.0,0.0,0.0,0.0,0,0,0,0.0,0.0,0.0,0.0,0.0,0.0,0.0,0.0,0.0,0.0,0.0,0.0,0.0,0.0,0.0,0.0,0,-107875648.0,69,0.0,138,0.0,-109447200.0,0,13107,17040,26215,17049,13107,17043,0,0,0,70,68,100,2.7302359370752657e+23,71.2,2.7302370179391762e+23,74.2,2.7302370179391762e+23,74.0,1,49,50,180,13107,52429,0,0,0.0,0.0,0.0,0.0,-0.0,67.0,0.0,162057.094,0.0,751,0,739,0,0,0,721,0,766,0,736,0,742,0,742,0,712,0,7520,0.032,78920024064.0,0.0,0.0,784,16797,-0.0,162057.094,-114818.039,-0.0,0.133,6.909358625270745e+28,30.0,65.0,35,0.0,0.0,0.0,0.0,0.0,0.0,0.0,0.0,0.0,0.0,0.0,0.0,0.0,0.0,0.0,0.0,69.2,0,150,71,55,65476,0,300,0,1,8,20529,65476,0,0,40632,65.0,0.0,0.0,0.0,0.0,0.0
2026-09-04T20:22:04,ERR,ERR,ERR,ERR,ERR,ERR,ERR,ERR,ERR,ERR,ERR,ERR,ERR,ERR,ERR,ERR,ERR,ERR,ERR,ERR,ERR,ERR,ERR,ERR,ERR,ERR,ERR,ERR,ERR,ERR,ERR,ERR,ERR,ERR,ERR,ERR,ERR,ERR,ERR,ERR,ERR,ERR,ERR,ERR,ERR,ERR,ERR,ERR,ERR,ERR,ERR,ERR,ERR,ERR,ERR,ERR,ERR,ERR,ERR,ERR,ERR,ERR,ERR,ERR,ERR,ERR,ERR,ERR,ERR,ERR,ERR,ERR,ERR,ERR,ERR,ERR,ERR,ERR,ERR,ERR,ERR,ERR,ERR,ERR,ERR,ERR,ERR,ERR,ERR,ERR,ERR,ERR,ERR,ERR,ERR,ERR,ERR,ERR,ERR,ERR,ERR,ERR,ERR,ERR,ERR,ERR,ERR,ERR,ERR,ERR,ERR,ERR,ERR,ERR,ERR,ERR,ERR,ERR,ERR,ERR,ERR,ERR,ERR,ERR,ERR,0.0,2.7184312818759872e+23,-100793952.0,0.0,0.0,1.3936040501711995e+18,7.805,0.0,0,0,4,0,7116,0.0,100,0.0,0.0,0.0,0.0,0.0,0,0,0,0,0.0,0,0,0,0,0,0,0,0,0,0,0,0,0,0,0,0,0,0,0,0,0,0,0,0,0,0,0,0,0,0,0,0,0,31,40,40,71,65476,0,300,0,0,8,21553,0.0,-107605600.0,0.0,0.0,0.0,0.0,0.0,0.0,0.0,0.0,0.0,0.0,0.0,0.0,0.0,0.0,0.0,0.0,0.0,0.0,0.0,0.0,0.0,-2.004,-2.004,-2.004,0.0,0.0,0.0,0.0,6296.0,1.587936908900649e+29,6926.0,0.0,2.7184312818759872e+23,-0.0,0.0,0.0,0.0,0.0,0.0,69,126841176064.0,2.7184265981323747e+23,0.0,0.0,0.0,0.0,0.0,0.0,0.0,0,0,0,0.0,0.0,0.0,0.0,0.0,0.0,0.0,0.0,0.0,0.0,0.0,0.0,0.0,0.0,0.0,0.0,0,-107875648.0,69,0.0,138,0.0,-109447200.0,0,13107,17040,13107,17049,13107,17043,0,0,0,70,68,100,2.7302359370752657e+23,71.1,0.0,74.2,2.7302370179391762e+23,74.0,1,49,50,180,13107,52429,0,0,0.0,0.0,0.0,0.0,-0.0,67.0,0.0,162057.094,0.0,751,0,739,0,0,0,721,0,767,0,736,0,742,0,742,0,712,0,7520,0.032,108447924224.0,0.0,0.0,784,16797,-0.0,162057.094,-114818.039,-0.0,0.133,6.909358625270745e+28,30.0,65.0,35,0.0,0.0,0.0,0.0,0.0,0.0,0.0,0.0,0.0,0.0,0.0,0.0,0.0,0.0,0.0,0.0,69.6,0,150,71,55,65476,0,300,0,1,8,20529,65476,0,0,40632,65.0,0.0,0.0,0.0,0.0,0.0
2026-09-04T20:22:05,ERR,ERR,ERR,ERR,ERR,ERR,ERR,ERR,ERR,ERR,ERR,ERR,ERR,ERR,ERR,ERR,ERR,ERR,ERR,ERR,ERR,ERR,ERR,ERR,ERR,ERR,ERR,ERR,ERR,ERR,ERR,ERR,ERR,ERR,ERR,ERR,ERR,ERR,ERR,ERR,ERR,ERR,ERR,ERR,ERR,ERR,ERR,ERR,ERR,ERR,ERR,ERR,ERR,ERR,ERR,ERR,ERR,ERR,ERR,ERR,ERR,ERR,ERR,ERR,ERR,ERR,ERR,ERR,ERR,ERR,ERR,ERR,ERR,ERR,ERR,ERR,ERR,ERR,ERR,ERR,ERR,ERR,ERR,ERR,ERR,ERR,ERR,ERR,ERR,ERR,ERR,ERR,ERR,ERR,ERR,ERR,ERR,ERR,ERR,ERR,ERR,ERR,ERR,ERR,ERR,ERR,ERR,ERR,ERR,ERR,ERR,ERR,ERR,ERR,ERR,ERR,ERR,ERR,ERR,ERR,ERR,ERR,ERR,ERR,ERR,0.0,2.7184312818759872e+23,-100793952.0,0.0,0.0,1.3936040501711995e+18,7.805,0.0,0,0,4,0,7116,0.0,100,0.0,0.0,0.0,0.0,0.0,0,0,0,0,0.0,0,0,0,0,0,0,0,0,0,0,0,0,0,0,0,0,0,0,0,0,0,0,0,0,0,0,0,0,0,0,0,0,0,31,40,40,71,65476,0,300,0,0,8,21553,0.0,-107605600.0,0.0,0.0,0.0,0.0,0.0,0.0,0.0,0.0,0.0,0.0,0.0,0.0,0.0,0.0,0.0,0.0,0.0,0.0,0.0,0.0,0.0,-2.004,-2.004,-2.004,0.0,0.0,0.0,0.0,6296.0,1.587936908900649e+29,6926.0,0.0,2.7184312818759872e+23,-0.0,0.0,0.0,0.0,0.0,0.0,69,126841176064.0,2.7184265981323747e+23,0.0,0.0,0.0,0.0,0.0,0.0,0.0,0,0,0,0.0,0.0,0.0,0.0,0.0,0.0,0.0,0.0,0.0,0.0,0.0,0.0,0.0,0.0,0.0,0.0,0,-107875648.0,69,0.0,138,0.0,-109447200.0,0,13107,17040,13107,17049,13107,17043,0,0,0,70,68,100,2.7302359370752657e+23,71.1,0.0,74.2,2.7302370179391762e+23,74.0,1,49,50,180,13107,52429,0,0,0.0,0.0,0.0,0.0,-0.0,67.0,0.0,162057.094,0.0,751,0,739,0,0,0,721,0,767,0,736,0,742,0,742,0,712,0,7520,0.032,108447924224.0,0.0,0.0,784,16797,-0.0,162057.094,-114818.039,-0.0,0.133,6.909358625270745e+28,30.0,65.0,35,0.0,0.0,0.0,0.0,0.0,0.0,0.0,0.0,0.0,0.0,0.0,0.0,0.0,0.0,0.0,0.0,69.6,0,150,71,55,65476,0,300,0,1,8,20529,65476,0,0,40632,65.0,0.0,0.0,0.0,0.0,0.0
2026-09-04T20:22:06,ERR,ERR,ERR,ERR,ERR,ERR,ERR,ERR,ERR,ERR,ERR,ERR,ERR,ERR,ERR,ERR,ERR,ERR,ERR,ERR,ERR,ERR,ERR,ERR,ERR,ERR,ERR,ERR,ERR,ERR,ERR,ERR,ERR,ERR,ERR,ERR,ERR,ERR,ERR,ERR,ERR,ERR,ERR,ERR,ERR,ERR,ERR,ERR,ERR,ERR,ERR,ERR,ERR,ERR,ERR,ERR,ERR,ERR,ERR,ERR,ERR,ERR,ERR,ERR,ERR,ERR,ERR,ERR,ERR,ERR,ERR,ERR,ERR,ERR,ERR,ERR,ERR,ERR,ERR,ERR,ERR,ERR,ERR,ERR,ERR,ERR,ERR,ERR,ERR,ERR,ERR,ERR,ERR,ERR,ERR,ERR,ERR,ERR,ERR,ERR,ERR,ERR,ERR,ERR,ERR,ERR,ERR,ERR,ERR,ERR,ERR,ERR,ERR,ERR,ERR,ERR,ERR,ERR,ERR,ERR,ERR,ERR,ERR,ERR,ERR,0.0,2.7184312818759872e+23,-100793952.0,0.0,0.0,1.3936040501711995e+18,7.805,0.0,0,0,4,0,7116,0.0,100,0.0,0.0,0.0,0.0,0.0,0,0,0,0,0.0,0,0,0,0,0,0,0,0,0,0,0,0,0,0,0,0,0,0,0,0,0,0,0,0,0,0,0,0,0,0,0,0,0,31,40,40,71,65476,0,300,0,0,8,21553,0.0,-107605600.0,0.0,0.0,0.0,0.0,0.0,0.0,0.0,0.0,0.0,0.0,0.0,0.0,0.0,0.0,0.0,0.0,0.0,0.0,0.0,0.0,0.0,-2.004,-2.004,-2.004,0.0,0.0,0.0,0.0,6296.0,1.587936908900649e+29,6926.0,0.0,2.7184312818759872e+23,-0.0,0.0,0.0,0.0,0.0,0.0,69,126841176064.0,2.7184265981323747e+23,0.0,0.0,0.0,0.0,0.0,0.0,0.0,0,0,0,0.0,0.0,0.0,0.0,0.0,0.0,0.0,0.0,0.0,0.0,0.0,0.0,0.0,0.0,0.0,0.0,0,-107875648.0,69,0.0,138,0.0,-109447200.0,0,13107,17040,13107,17049,13107,17043,0,0,0,70,68,100,2.7302359370752657e+23,71.1,0.0,74.2,2.7302370179391762e+23,74.0,1,49,50,180,13107,52429,0,0,0.0,0.0,0.0,0.0,-0.0,67.0,0.0,162057.094,0.0,751,0,739,0,0,0,721,0,767,0,736,0,742,0,742,0,712,0,7520,0.032,108447924224.0,0.0,0.0,784,16797,-0.0,162057.094,-114818.039,-0.0,0.133,6.909358625270745e+28,30.0,65.0,35,0.0,0.0,0.0,0.0,0.0,0.0,0.0,0.0,0.0,0.0,0.0,0.0,0.0,0.0,0.0,0.0,69.6,0,150,71,55,65476,0,300,0,1,8,20529,65476,0,0,40632,65.0,0.0,0.0,0.0,0.0,0.0
2026-09-04T20:22:07,ERR,ERR,ERR,ERR,ERR,ERR,ERR,ERR,ERR,ERR,ERR,ERR,ERR,ERR,ERR,ERR,ERR,ERR,ERR,ERR,ERR,ERR,ERR,ERR,ERR,ERR,ERR,ERR,ERR,ERR,ERR,ERR,ERR,ERR,ERR,ERR,ERR,ERR,ERR,ERR,ERR,ERR,ERR,ERR,ERR,ERR,ERR,ERR,ERR,ERR,ERR,ERR,ERR,ERR,ERR,ERR,ERR,ERR,ERR,ERR,ERR,ERR,ERR,ERR,ERR,ERR,ERR,ERR,ERR,ERR,ERR,ERR,ERR,ERR,ERR,ERR,ERR,ERR,ERR,ERR,ERR,ERR,ERR,ERR,ERR,ERR,ERR,ERR,ERR,ERR,ERR,ERR,ERR,ERR,ERR,ERR,ERR,ERR,ERR,ERR,ERR,ERR,ERR,ERR,ERR,ERR,ERR,ERR,ERR,ERR,ERR,ERR,ERR,ERR,ERR,ERR,ERR,ERR,ERR,ERR,ERR,ERR,ERR,ERR,ERR,0.0,2.7184312818759872e+23,-100793952.0,0.0,0.0,1.3936040501711995e+18,7.805,0.0,0,0,4,0,7116,0.0,100,0.0,0.0,0.0,0.0,0.0,0,0,0,0,0.0,0,0,0,0,0,0,0,0,0,0,0,0,0,0,0,0,0,0,0,0,0,0,0,0,0,0,0,0,0,0,0,0,0,31,40,40,71,65476,0,300,0,0,8,21553,0.0,-107605600.0,0.0,0.0,0.0,0.0,0.0,0.0,0.0,0.0,0.0,0.0,0.0,0.0,0.0,0.0,0.0,0.0,0.0,0.0,0.0,0.0,0.0,-2.004,-2.004,-2.004,0.0,0.0,0.0,0.0,6296.0,1.587936908900649e+29,6926.0,0.0,2.7184312818759872e+23,-0.0,0.0,0.0,0.0,0.0,0.0,69,126841176064.0,2.7184265981323747e+23,0.0,0.0,0.0,0.0,0.0,0.0,0.0,0,0,0,0.0,0.0,0.0,0.0,0.0,0.0,0.0,0.0,0.0,0.0,0.0,0.0,0.0,0.0,0.0,0.0,0,-107875648.0,69,0.0,138,0.0,-109447200.0,0,13107,17040,13107,17049,13107,17043,0,0,0,70,68,100,2.7302359370752657e+23,71.1,0.0,74.2,2.7302370179391762e+23,74.0,1,49,50,180,13107,52429,0,0,0.0,0.0,0.0,0.0,-0.0,67.0,0.0,162057.094,0.0,751,0,739,0,0,0,721,0,767,0,736,0,742,0,742,0,712,0,7520,0.032,108447924224.0,0.0,0.0,784,16797,-0.0,162057.094,-114818.039,-0.0,0.133,6.909358625270745e+28,30.0,65.0,35,0.0,0.0,0.0,0.0,0.0,0.0,0.0,0.0,0.0,0.0,0.0,0.0,0.0,0.0,0.0,0.0,69.2,0,150,71,55,65476,0,300,0,1,8,20529,65476,0,0,40632,65.0,0.0,0.0,0.0,0.0,0.0
2026-09-04T20:22:08,ERR,ERR,ERR,ERR,ERR,ERR,ERR,ERR,ERR,ERR,ERR,ERR,ERR,ERR,ERR,ERR,ERR,ERR,ERR,ERR,ERR,ERR,ERR,ERR,ERR,ERR,ERR,ERR,ERR,ERR,ERR,ERR,ERR,ERR,ERR,ERR,ERR,ERR,ERR,ERR,ERR,ERR,ERR,ERR,ERR,ERR,ERR,ERR,ERR,ERR,ERR,ERR,ERR,ERR,ERR,ERR,ERR,ERR,ERR,ERR,ERR,ERR,ERR,ERR,ERR,ERR,ERR,ERR,ERR,ERR,ERR,ERR,ERR,ERR,ERR,ERR,ERR,ERR,ERR,ERR,ERR,ERR,ERR,ERR,ERR,ERR,ERR,ERR,ERR,ERR,ERR,ERR,ERR,ERR,ERR,ERR,ERR,ERR,ERR,ERR,ERR,ERR,ERR,ERR,ERR,ERR,ERR,ERR,ERR,ERR,ERR,ERR,ERR,ERR,ERR,ERR,ERR,ERR,ERR,ERR,ERR,ERR,ERR,ERR,ERR,0.0,2.7184312818759872e+23,-100793952.0,0.0,0.0,1.3936040501711995e+18,7.805,0.0,0,0,4,0,7116,0.0,100,0.0,0.0,0.0,0.0,0.0,0,0,0,0,0.0,0,0,0,0,0,0,0,0,0,0,0,0,0,0,0,0,0,0,0,0,0,0,0,0,0,0,0,0,0,0,0,0,0,31,40,40,71,65476,0,300,0,0,8,21553,0.0,-107605600.0,0.0,0.0,0.0,0.0,0.0,0.0,0.0,0.0,0.0,0.0,0.0,0.0,0.0,0.0,0.0,0.0,0.0,0.0,0.0,0.0,0.0,-2.004,-2.004,-2.004,0.0,0.0,0.0,0.0,6296.0,1.587936908900649e+29,6926.0,0.0,2.7184312818759872e+23,-0.0,0.0,0.0,0.0,0.0,0.0,69,126841176064.0,2.7184265981323747e+23,0.0,0.0,0.0,0.0,0.0,0.0,0.0,0,0,0,0.0,0.0,0.0,0.0,0.0,0.0,0.0,0.0,0.0,0.0,0.0,0.0,0.0,0.0,0.0,0.0,0,-107875648.0,69,0.0,138,0.0,-109447200.0,0,13107,17040,13107,17049,13107,17043,0,0,0,70,68,100,2.7302359370752657e+23,71.1,0.0,74.2,2.7302370179391762e+23,74.0,1,49,50,180,13107,52429,0,0,0.0,0.0,0.0,0.0,-0.0,67.0,0.0,162057.094,0.0,751,0,739,0,0,0,721,0,767,0,736,0,742,0,742,0,712,0,7520,0.032,108447924224.0,0.0,0.0,784,16797,-0.0,162057.094,-114818.039,-0.0,0.133,6.909358625270745e+28,30.0,65.0,35,0.0,0.0,0.0,0.0,0.0,0.0,0.0,0.0,0.0,0.0,0.0,0.0,0.0,0.0,0.0,0.0,69.2,0,150,71,55,65476,0,300,0,1,8,20529,65476,0,0,40632,65.0,0.0,0.0,0.0,0.0,0.0
2026-09-04T20:22:09,ERR,ERR,ERR,ERR,ERR,ERR,ERR,ERR,ERR,ERR,ERR,ERR,ERR,ERR,ERR,ERR,ERR,ERR,ERR,ERR,ERR,ERR,ERR,ERR,ERR,ERR,ERR,ERR,ERR,ERR,ERR,ERR,ERR,ERR,ERR,ERR,ERR,ERR,ERR,ERR,ERR,ERR,ERR,ERR,ERR,ERR,ERR,ERR,ERR,ERR,ERR,ERR,ERR,ERR,ERR,ERR,ERR,ERR,ERR,ERR,ERR,ERR,ERR,ERR,ERR,ERR,ERR,ERR,ERR,ERR,ERR,ERR,ERR,ERR,ERR,ERR,ERR,ERR,ERR,ERR,ERR,ERR,ERR,ERR,ERR,ERR,ERR,ERR,ERR,ERR,ERR,ERR,ERR,ERR,ERR,ERR,ERR,ERR,ERR,ERR,ERR,ERR,ERR,ERR,ERR,ERR,ERR,ERR,ERR,ERR,ERR,ERR,ERR,ERR,ERR,ERR,ERR,ERR,ERR,ERR,ERR,ERR,ERR,ERR,ERR,0.0,2.7184312818759872e+23,-100793952.0,0.0,0.0,1.3936040501711995e+18,7.805,0.0,0,0,4,0,7116,0.0,100,0.0,0.0,0.0,0.0,0.0,0,0,0,0,0.0,0,0,0,0,0,0,0,0,0,0,0,0,0,0,0,0,0,0,0,0,0,0,0,0,0,0,0,0,0,0,0,0,0,31,40,40,71,65476,0,300,0,0,8,21553,0.0,-107605600.0,0.0,0.0,0.0,0.0,0.0,0.0,0.0,0.0,0.0,0.0,0.0,0.0,0.0,0.0,0.0,0.0,0.0,0.0,0.0,0.0,0.0,-2.004,-2.004,-2.004,0.0,0.0,0.0,0.0,6296.0,1.587936908900649e+29,6926.0,0.0,2.7184312818759872e+23,-0.0,0.0,0.0,0.0,0.0,0.0,69,126841176064.0,2.7184265981323747e+23,0.0,0.0,0.0,0.0,0.0,0.0,0.0,0,0,0,0.0,0.0,0.0,0.0,0.0,0.0,0.0,0.0,0.0,0.0,0.0,0.0,0.0,0.0,0.0,0.0,0,-107875648.0,69,0.0,138,0.0,-109447200.0,0,13107,17040,13107,17049,13107,17043,0,0,0,70,68,100,2.7302359370752657e+23,71.1,0.0,74.2,2.7302370179391762e+23,74.0,1,49,50,180,13107,52429,0,0,0.0,0.0,0.0,0.0,-0.0,67.0,0.0,162057.094,0.0,751,0,739,0,0,0,721,0,767,0,736,0,742,0,742,0,712,0,7520,0.032,108447924224.0,0.0,0.0,784,16797,-0.0,162057.094,-114818.039,-0.0,0.133,6.909358625270745e+28,30.0,65.0,35,0.0,0.0,0.0,0.0,0.0,0.0,0.0,0.0,0.0,0.0,0.0,0.0,0.0,0.0,0.0,0.0,69.2,0,150,71,55,65476,0,300,0,1,8,20529,65476,0,0,40632,65.0,0.0,0.0,0.0,0.0,0.0
2026-09-04T20:22:10,ERR,ERR,ERR,ERR,ERR,ERR,ERR,ERR,ERR,ERR,ERR,ERR,ERR,ERR,ERR,ERR,ERR,ERR,ERR,ERR,ERR,ERR,ERR,ERR,ERR,ERR,ERR,ERR,ERR,ERR,ERR,ERR,ERR,ERR,ERR,ERR,ERR,ERR,ERR,ERR,ERR,ERR,ERR,ERR,ERR,ERR,ERR,ERR,ERR,ERR,ERR,ERR,ERR,ERR,ERR,ERR,ERR,ERR,ERR,ERR,ERR,ERR,ERR,ERR,ERR,ERR,ERR,ERR,ERR,ERR,ERR,ERR,ERR,ERR,ERR,ERR,ERR,ERR,ERR,ERR,ERR,ERR,ERR,ERR,ERR,ERR,ERR,ERR,ERR,ERR,ERR,ERR,ERR,ERR,ERR,ERR,ERR,ERR,ERR,ERR,ERR,ERR,ERR,ERR,ERR,ERR,ERR,ERR,ERR,ERR,ERR,ERR,ERR,ERR,ERR,ERR,ERR,ERR,ERR,ERR,ERR,ERR,ERR,ERR,ERR,2.718430741444032e+23,2.7184312818759872e+23,0.0,0.0,0.0,1.3936040501711995e+18,7.805,0.0,0,0,4,0,7116,0.0,100,0.0,0.0,0.0,0.0,0.0,0,0,0,0,0.0,0,0,0,0,0,0,0,0,0,0,0,0,0,0,0,0,0,0,0,0,0,0,0,0,0,0,0,0,0,0,0,0,0,31,40,40,71,65476,0,300,0,0,8,21553,0.0,-107605600.0,0.0,0.0,0.0,0.0,0.0,0.0,0.0,0.0,0.0,0.0,0.0,0.0,0.0,0.0,0.0,0.0,0.0,0.0,0.0,0.0,-2.004,-2.004,-2.004,0.0,0.0,0.0,0.0,0.0,6302.0,3.697203725810742e+19,6924.0,2.718430741444032e+23,2.7184312818759872e+23,-0.0,2.718430741444032e+23,0.0,0.0,0.0,0.0,69,126841176064.0,1.9056946845004595e+17,0.0,0.0,0.0,0.0,0.0,0.0,0.0,0,0,0,0.0,0.0,0.0,0.0,0.0,0.0,0.0,0.0,0.0,0.0,0.0,0.0,0.0,0.0,0.0,0.0,0,-107875648.0,69,0.0,138,0.0,-109447200.0,0,13107,17040,26215,17049,13107,17043,0,0,0,70,68,100,2.7302359370752657e+23,71.2,2.7302370179391762e+23,74.2,2.7302370179391762e+23,74.0,1,49,50,180,13107,52429,0,0,0.0,0.0,0.0,0.0,-0.0,67.0,0.0,162057.094,0.0,751,0,739,0,0,0,721,0,766,0,736,0,742,0,742,0,712,0,7520,0.032,103079215104.0,0.0,0.0,784,16797,-0.0,162057.094,-114818.039,-0.0,0.133,6.909358625270745e+28,30.0,65.0,35,0.0,0.0,0.0,0.0,0.0,0.0,0.0,0.0,0.0,0.0,0.0,0.0,0.0,0.0,0.0,0.0,69.2,0,150,71,55,65476,0,300,0,1,8,20529,65476,0,0,40632,65.0,0.0,0.0,0.0,0.0,0.0
2026-09-04T20:22:11,ERR,ERR,ERR,ERR,ERR,ERR,ERR,ERR,ERR,ERR,ERR,ERR,ERR,ERR,ERR,ERR,ERR,ERR,ERR,ERR,ERR,ERR,ERR,ERR,ERR,ERR,ERR,ERR,ERR,ERR,ERR,ERR,ERR,ERR,ERR,ERR,ERR,ERR,ERR,ERR,ERR,ERR,ERR,ERR,ERR,ERR,ERR,ERR,ERR,ERR,ERR,ERR,ERR,ERR,ERR,ERR,ERR,ERR,ERR,ERR,ERR,ERR,ERR,ERR,ERR,ERR,ERR,ERR,ERR,ERR,ERR,ERR,ERR,ERR,ERR,ERR,ERR,ERR,ERR,ERR,ERR,ERR,ERR,ERR,ERR,ERR,ERR,ERR,ERR,ERR,ERR,ERR,ERR,ERR,ERR,ERR,ERR,ERR,ERR,ERR,ERR,ERR,ERR,ERR,ERR,ERR,ERR,ERR,ERR,ERR,ERR,ERR,ERR,ERR,ERR,ERR,ERR,ERR,ERR,ERR,ERR,ERR,ERR,ERR,ERR,2.718430741444032e+23,2.7184312818759872e+23,0.0,0.0,0.0,1.3936040501711995e+18,7.805,0.0,0,0,4,0,7116,0.0,100,0.0,0.0,0.0,0.0,0.0,0,0,0,0,0.0,0,0,0,0,0,0,0,0,0,0,0,0,0,0,0,0,0,0,0,0,0,0,0,0,0,0,0,0,0,0,0,0,0,31,40,40,71,65476,0,300,0,0,8,21553,0.0,-107605600.0,0.0,0.0,0.0,0.0,0.0,0.0,0.0,0.0,0.0,0.0,0.0,0.0,0.0,0.0,0.0,0.0,0.0,0.0,0.0,0.0,-2.004,-2.004,-2.004,0.0,0.0,0.0,0.0,0.0,6302.0,3.697203725810742e+19,6924.0,2.718430741444032e+23,2.7184312818759872e+23,-0.0,2.718430741444032e+23,0.0,0.0,0.0,0.0,69,126841176064.0,1.9056946845004595e+17,0.0,0.0,0.0,0.0,0.0,0.0,0.0,0,0,0,0.0,0.0,0.0,0.0,0.0,0.0,0.0,0.0,0.0,0.0,0.0,0.0,0.0,0.0,0.0,0.0,0,-107875648.0,69,0.0,138,0.0,-109447200.0,0,13107,17040,26215,17049,13107,17043,0,0,0,70,68,100,2.7302359370752657e+23,71.2,2.7302370179391762e+23,74.2,2.7302370179391762e+23,74.0,1,49,50,180,13107,52429,0,0,0.0,0.0,0.0,0.0,-0.0,67.0,0.0,162057.094,0.0,751,0,739,0,0,0,721,0,766,0,736,0,742,0,742,0,712,0,7520,0.032,103079215104.0,0.0,0.0,784,16797,-0.0,162057.094,-114818.039,-0.0,0.133,6.909358625270745e+28,30.0,65.0,35,0.0,0.0,0.0,0.0,0.0,0.0,0.0,0.0,0.0,0.0,0.0,0.0,0.0,0.0,0.0,0.0,69.2,0,150,71,55,65476,0,300,0,1,8,20529,65476,0,0,40632,65.0,0.0,0.0,0.0,0.0,0.0
2026-09-04T20:22:12,ERR,ERR,ERR,ERR,ERR,ERR,ERR,ERR,ERR,ERR,ERR,ERR,ERR,ERR,ERR,ERR,ERR,ERR,ERR,ERR,ERR,ERR,ERR,ERR,ERR,ERR,ERR,ERR,ERR,ERR,ERR,ERR,ERR,ERR,ERR,ERR,ERR,ERR,ERR,ERR,ERR,ERR,ERR,ERR,ERR,ERR,ERR,ERR,ERR,ERR,ERR,ERR,ERR,ERR,ERR,ERR,ERR,ERR,ERR,ERR,ERR,ERR,ERR,ERR,ERR,ERR,ERR,ERR,ERR,ERR,ERR,ERR,ERR,ERR,ERR,ERR,ERR,ERR,ERR,ERR,ERR,ERR,ERR,ERR,ERR,ERR,ERR,ERR,ERR,ERR,ERR,ERR,ERR,ERR,ERR,ERR,ERR,ERR,ERR,ERR,ERR,ERR,ERR,ERR,ERR,ERR,ERR,ERR,ERR,ERR,ERR,ERR,ERR,ERR,ERR,ERR,ERR,ERR,ERR,ERR,ERR,ERR,ERR,ERR,ERR,2.718430741444032e+23,2.7184312818759872e+23,0.0,0.0,0.0,1.3936040501711995e+18,7.805,0.0,0,0,4,0,7116,0.0,100,0.0,0.0,0.0,0.0,0.0,0,0,0,0,0.0,0,0,0,0,0,0,0,0,0,0,0,0,0,0,0,0,0,0,0,0,0,0,0,0,0,0,0,0,0,0,0,0,0,31,40,40,71,65476,0,300,0,0,8,21553,0.0,-107605600.0,0.0,0.0,0.0,0.0,0.0,0.0,0.0,0.0,0.0,0.0,0.0,0.0,0.0,0.0,0.0,0.0,0.0,0.0,0.0,0.0,-2.004,-2.004,-2.004,0.0,0.0,0.0,0.0,0.0,6302.0,3.697203725810742e+19,6924.0,2.718430741444032e+23,2.7184312818759872e+23,-0.0,2.718430741444032e+23,0.0,0.0,0.0,0.0,69,126841176064.0,1.9056946845004595e+17,0.0,0.0,0.0,0.0,0.0,0.0,0.0,0,0,0,0.0,0.0,0.0,0.0,0.0,0.0,0.0,0.0,0.0,0.0,0.0,0.0,0.0,0.0,0.0,0.0,0,-107875648.0,69,0.0,138,0.0,-109447200.0,0,13107,17040,26215,17049,13107,17043,0,0,0,70,68,100,2.7302359370752657e+23,71.2,2.7302370179391762e+23,74.2,2.7302370179391762e+23,74.0,1,49,50,180,13107,52429,0,0,0.0,0.0,0.0,0.0,-0.0,67.0,0.0,162057.094,0.0,751,0,739,0,0,0,721,0,766,0,736,0,742,0,742,0,712,0,7520,0.032,103079215104.0,0.0,0.0,784,16797,-0.0,162057.094,-114818.039,-0.0,0.133,6.909358625270745e+28,30.0,65.0,35,0.0,0.0,0.0,0.0,0.0,0.0,0.0,0.0,0.0,0.0,0.0,0.0,0.0,0.0,0.0,0.0,69.2,0,150,71,55,65476,0,300,0,1,8,20529,65476,0,0,40632,65.0,0.0,0.0,0.0,0.0,0.0
2026-09-04T20:22:13,ERR,ERR,ERR,ERR,ERR,ERR,ERR,ERR,ERR,ERR,ERR,ERR,ERR,ERR,ERR,ERR,ERR,ERR,ERR,ERR,ERR,ERR,ERR,ERR,ERR,ERR,ERR,ERR,ERR,ERR,ERR,ERR,ERR,ERR,ERR,ERR,ERR,ERR,ERR,ERR,ERR,ERR,ERR,ERR,ERR,ERR,ERR,ERR,ERR,ERR,ERR,ERR,ERR,ERR,ERR,ERR,ERR,ERR,ERR,ERR,ERR,ERR,ERR,ERR,ERR,ERR,ERR,ERR,ERR,ERR,ERR,ERR,ERR,ERR,ERR,ERR,ERR,ERR,ERR,ERR,ERR,ERR,ERR,ERR,ERR,ERR,ERR,ERR,ERR,ERR,ERR,ERR,ERR,ERR,ERR,ERR,ERR,ERR,ERR,ERR,ERR,ERR,ERR,ERR,ERR,ERR,ERR,ERR,ERR,ERR,ERR,ERR,ERR,ERR,ERR,ERR,ERR,ERR,ERR,ERR,ERR,ERR,ERR,ERR,ERR,2.718430741444032e+23,2.7184312818759872e+23,0.0,0.0,0.0,1.3936040501711995e+18,7.805,0.0,0,0,4,0,7116,0.0,100,0.0,0.0,0.0,0.0,0.0,0,0,0,0,0.0,0,0,0,0,0,0,0,0,0,0,0,0,0,0,0,0,0,0,0,0,0,0,0,0,0,0,0,0,0,0,0,0,0,31,40,40,71,65476,0,300,0,0,8,21553,0.0,-107605600.0,0.0,0.0,0.0,0.0,0.0,0.0,0.0,0.0,0.0,0.0,0.0,0.0,0.0,0.0,0.0,0.0,0.0,0.0,0.0,0.0,-2.004,-2.004,-2.004,0.0,0.0,0.0,0.0,0.0,6302.0,3.697203725810742e+19,6924.0,2.718430741444032e+23,2.7184312818759872e+23,-0.0,2.718430741444032e+23,0.0,0.0,0.0,0.0,69,126841176064.0,1.9056946845004595e+17,0.0,0.0,0.0,0.0,0.0,0.0,0.0,0,0,0,0.0,0.0,0.0,0.0,0.0,0.0,0.0,0.0,0.0,0.0,0.0,0.0,0.0,0.0,0.0,0.0,0,-107875648.0,69,0.0,138,0.0,-109447200.0,0,13107,17040,26215,17049,13107,17043,0,0,0,70,68,100,2.7302359370752657e+23,71.2,2.7302370179391762e+23,74.2,2.7302370179391762e+23,74.0,1,49,50,180,13107,52429,0,0,0.0,0.0,0.0,0.0,-0.0,67.0,0.0,162057.094,0.0,751,0,739,0,0,0,721,0,766,0,736,0,742,0,742,0,712,0,7520,0.032,103079215104.0,0.0,0.0,784,16797,-0.0,162057.094,-114818.039,-0.0,0.133,6.909358625270745e+28,30.0,65.0,35,0.0,0.0,0.0,0.0,0.0,0.0,0.0,0.0,0.0,0.0,0.0,0.0,0.0,0.0,0.0,0.0,69.2,0,150,71,55,65476,0,300,0,1,8,20529,65476,0,0,40632,65.0,0.0,0.0,0.0,0.0,0.0
2026-09-04T20:22:14,ERR,ERR,ERR,ERR,ERR,ERR,ERR,ERR,ERR,ERR,ERR,ERR,ERR,ERR,ERR,ERR,ERR,ERR,ERR,ERR,ERR,ERR,ERR,ERR,ERR,ERR,ERR,ERR,ERR,ERR,ERR,ERR,ERR,ERR,ERR,ERR,ERR,ERR,ERR,ERR,ERR,ERR,ERR,ERR,ERR,ERR,ERR,ERR,ERR,ERR,ERR,ERR,ERR,ERR,ERR,ERR,ERR,ERR,ERR,ERR,ERR,ERR,ERR,ERR,ERR,ERR,ERR,ERR,ERR,ERR,ERR,ERR,ERR,ERR,ERR,ERR,ERR,ERR,ERR,ERR,ERR,ERR,ERR,ERR,ERR,ERR,ERR,ERR,ERR,ERR,ERR,ERR,ERR,ERR,ERR,ERR,ERR,ERR,ERR,ERR,ERR,ERR,ERR,ERR,ERR,ERR,ERR,ERR,ERR,ERR,ERR,ERR,ERR,ERR,ERR,ERR,ERR,ERR,ERR,ERR,ERR,ERR,ERR,ERR,ERR,2.718430741444032e+23,2.7184312818759872e+23,0.0,0.0,0.0,1.3936040501711995e+18,7.805,0.0,0,0,4,0,7116,0.0,100,0.0,0.0,0.0,0.0,0.0,0,0,0,0,0.0,0,0,0,0,0,0,0,0,0,0,0,0,0,0,0,0,0,0,0,0,0,0,0,0,0,0,0,0,0,0,0,0,0,31,40,40,71,65476,0,300,0,0,8,21553,0.0,-107605600.0,0.0,0.0,0.0,0.0,0.0,0.0,0.0,0.0,0.0,0.0,0.0,0.0,0.0,0.0,0.0,0.0,0.0,0.0,0.0,0.0,-2.004,-2.004,-2.004,0.0,0.0,0.0,0.0,0.0,6302.0,3.697203725810742e+19,6924.0,2.718430741444032e+23,2.7184312818759872e+23,-0.0,2.718430741444032e+23,0.0,0.0,0.0,0.0,69,126841176064.0,1.9056946845004595e+17,0.0,0.0,0.0,0.0,0.0,0.0,0.0,0,0,0,0.0,0.0,0.0,0.0,0.0,0.0,0.0,0.0,0.0,0.0,0.0,0.0,0.0,0.0,0.0,0.0,0,-107875648.0,69,0.0,138,0.0,-109447200.0,0,13107,17040,26215,17049,13107,17043,0,0,0,70,68,100,2.7302359370752657e+23,71.2,2.7302370179391762e+23,74.2,2.7302370179391762e+23,74.0,1,49,50,180,13107,52429,0,0,0.0,0.0,0.0,0.0,-0.0,67.0,0.0,162057.094,0.0,751,0,739,0,0,0,721,0,766,0,736,0,742,0,742,0,712,0,7520,0.032,103079215104.0,0.0,0.0,784,16797,-0.0,162057.094,-114818.039,-0.0,0.133,6.909358625270745e+28,30.0,65.0,35,0.0,0.0,0.0,0.0,0.0,0.0,0.0,0.0,0.0,0.0,0.0,0.0,0.0,0.0,0.0,0.0,69.2,0,150,71,55,65476,0,300,0,1,8,20529,65476,0,0,40632,65.0,0.0,0.0,0.0,0.0,0.0
2026-09-04T20:22:15,ERR,ERR,ERR,ERR,ERR,ERR,ERR,ERR,ERR,ERR,ERR,ERR,ERR,ERR,ERR,ERR,ERR,ERR,ERR,ERR,ERR,ERR,ERR,ERR,ERR,ERR,ERR,ERR,ERR,ERR,ERR,ERR,ERR,ERR,ERR,ERR,ERR,ERR,ERR,ERR,ERR,ERR,ERR,ERR,ERR,ERR,ERR,ERR,ERR,ERR,ERR,ERR,ERR,ERR,ERR,ERR,ERR,ERR,ERR,ERR,ERR,ERR,ERR,ERR,ERR,ERR,ERR,ERR,ERR,ERR,ERR,ERR,ERR,ERR,ERR,ERR,ERR,ERR,ERR,ERR,ERR,ERR,ERR,ERR,ERR,ERR,ERR,ERR,ERR,ERR,ERR,ERR,ERR,ERR,ERR,ERR,ERR,ERR,ERR,ERR,ERR,ERR,ERR,ERR,ERR,ERR,ERR,ERR,ERR,ERR,ERR,ERR,ERR,ERR,ERR,ERR,ERR,ERR,ERR,ERR,ERR,ERR,ERR,ERR,ERR,2.718430741444032e+23,2.7184312818759872e+23,0.0,0.0,0.0,1.3936040501711995e+18,7.805,0.0,0,0,4,0,7116,0.0,100,0.0,0.0,0.0,0.0,0.0,0,0,0,0,0.0,0,0,0,0,0,0,0,0,0,0,0,0,0,0,0,0,0,0,0,0,0,0,0,0,0,0,0,0,0,0,0,0,0,31,40,40,71,65476,0,300,0,0,8,21553,0.0,-107605600.0,0.0,0.0,0.0,0.0,0.0,0.0,0.0,0.0,0.0,0.0,0.0,0.0,0.0,0.0,0.0,0.0,0.0,0.0,0.0,0.0,-2.004,-2.004,-2.004,0.0,0.0,0.0,0.0,0.0,6302.0,3.697203725810742e+19,6924.0,2.718430741444032e+23,2.7184312818759872e+23,-0.0,2.718430741444032e+23,0.0,0.0,0.0,0.0,69,126841176064.0,1.9056946845004595e+17,0.0,0.0,0.0,0.0,0.0,0.0,0.0,0,0,0,0.0,0.0,0.0,0.0,0.0,0.0,0.0,0.0,0.0,0.0,0.0,0.0,0.0,0.0,0.0,0.0,0,-107875648.0,69,0.0,138,0.0,-109447200.0,0,13107,17040,26215,17049,13107,17043,0,0,0,70,68,100,2.7302359370752657e+23,71.1,0.0,74.2,2.7302370179391762e+23,74.0,1,49,50,180,13107,52429,0,0,0.0,0.0,0.0,0.0,-0.0,67.0,0.0,162057.094,0.0,751,0,739,0,0,0,721,0,767,0,736,0,742,0,742,0,712,0,7520,0.032,79456894976.0,0.0,0.0,784,16797,-0.0,162057.094,-114818.039,-0.0,0.133,6.909358625270745e+28,30.0,65.0,35,0.0,0.0,0.0,0.0,0.0,0.0,0.0,0.0,0.0,0.0,0.0,0.0,0.0,0.0,0.0,0.0,69.2,0,150,71,55,65476,0,300,0,1,8,20529,65476,0,0,40632,65.0,0.0,0.0,0.0,0.0,0.0
2026-09-04T20:22:16,ERR,ERR,ERR,ERR,ERR,ERR,ERR,ERR,ERR,ERR,ERR,ERR,ERR,ERR,ERR,ERR,ERR,ERR,ERR,ERR,ERR,ERR,ERR,ERR,ERR,ERR,ERR,ERR,ERR,ERR,ERR,ERR,ERR,ERR,ERR,ERR,ERR,ERR,ERR,ERR,ERR,ERR,ERR,ERR,ERR,ERR,ERR,ERR,ERR,ERR,ERR,ERR,ERR,ERR,ERR,ERR,ERR,ERR,ERR,ERR,ERR,ERR,ERR,ERR,ERR,ERR,ERR,ERR,ERR,ERR,ERR,ERR,ERR,ERR,ERR,ERR,ERR,ERR,ERR,ERR,ERR,ERR,ERR,ERR,ERR,ERR,ERR,ERR,ERR,ERR,ERR,ERR,ERR,ERR,ERR,ERR,ERR,ERR,ERR,ERR,ERR,ERR,ERR,ERR,ERR,ERR,ERR,ERR,ERR,ERR,ERR,ERR,ERR,ERR,ERR,ERR,ERR,ERR,ERR,ERR,ERR,ERR,ERR,ERR,ERR,2.718430741444032e+23,2.7184312818759872e+23,0.0,0.0,0.0,1.3936040501711995e+18,7.805,0.0,0,0,4,0,7116,0.0,100,0.0,0.0,0.0,0.0,0.0,0,0,0,0,0.0,0,0,0,0,0,0,0,0,0,0,0,0,0,0,0,0,0,0,0,0,0,0,0,0,0,0,0,0,0,0,0,0,0,31,40,40,71,65476,0,300,0,0,8,21553,0.0,-107605600.0,0.0,0.0,0.0,0.0,0.0,0.0,0.0,0.0,0.0,0.0,0.0,0.0,0.0,0.0,0.0,0.0,0.0,0.0,0.0,0.0,-2.004,-2.004,-2.004,0.0,0.0,0.0,0.0,0.0,6302.0,3.697203725810742e+19,6924.0,2.718430741444032e+23,2.7184312818759872e+23,-0.0,2.718430741444032e+23,0.0,0.0,0.0,0.0,69,126841176064.0,1.9056946845004595e+17,0.0,0.0,0.0,0.0,0.0,0.0,0.0,0,0,0,0.0,0.0,0.0,0.0,0.0,0.0,0.0,0.0,0.0,0.0,0.0,0.0,0.0,0.0,0.0,0.0,0,-107875648.0,69,0.0,138,0.0,-109447200.0,0,13107,17040,26215,17049,13107,17043,0,0,0,70,68,100,2.7302359370752657e+23,71.1,0.0,74.2,2.7302370179391762e+23,74.0,1,49,50,180,13107,52429,0,0,0.0,0.0,0.0,0.0,-0.0,67.0,0.0,162057.094,0.0,751,0,739,0,0,0,721,0,767,0,736,0,742,0,742,0,712,0,7520,0.032,79456894976.0,0.0,0.0,784,16797,-0.0,162057.094,-114818.039,-0.0,0.133,6.909358625270745e+28,30.0,65.0,35,0.0,0.0,0.0,0.0,0.0,0.0,0.0,0.0,0.0,0.0,0.0,0.0,0.0,0.0,0.0,0.0,69.2,0,150,71,55,65476,0,300,0,1,8,20529,65476,0,0,40632,65.0,0.0,0.0,0.0,0.0,0.0
2026-09-04T20:22:17,ERR,ERR,ERR,ERR,ERR,ERR,ERR,ERR,ERR,ERR,ERR,ERR,ERR,ERR,ERR,ERR,ERR,ERR,ERR,ERR,ERR,ERR,ERR,ERR,ERR,ERR,ERR,ERR,ERR,ERR,ERR,ERR,ERR,ERR,ERR,ERR,ERR,ERR,ERR,ERR,ERR,ERR,ERR,ERR,ERR,ERR,ERR,ERR,ERR,ERR,ERR,ERR,ERR,ERR,ERR,ERR,ERR,ERR,ERR,ERR,ERR,ERR,ERR,ERR,ERR,ERR,ERR,ERR,ERR,ERR,ERR,ERR,ERR,ERR,ERR,ERR,ERR,ERR,ERR,ERR,ERR,ERR,ERR,ERR,ERR,ERR,ERR,ERR,ERR,ERR,ERR,ERR,ERR,ERR,ERR,ERR,ERR,ERR,ERR,ERR,ERR,ERR,ERR,ERR,ERR,ERR,ERR,ERR,ERR,ERR,ERR,ERR,ERR,ERR,ERR,ERR,ERR,ERR,ERR,ERR,ERR,ERR,ERR,ERR,ERR,0.0,2.7184312818759872e+23,-100793952.0,0.0,0.0,1.3936040501711995e+18,7.805,0.0,0,0,4,0,7116,0.0,100,0.0,0.0,0.0,0.0,0.0,0,0,0,0,0.0,0,0,0,0,0,0,0,0,0,0,0,0,0,0,0,0,0,0,0,0,0,0,0,0,0,0,0,0,0,0,0,0,0,31,40,40,71,65476,0,300,0,0,8,21553,0.0,-107605600.0,0.0,0.0,0.0,0.0,0.0,0.0,0.0,0.0,0.0,0.0,0.0,0.0,0.0,0.0,0.0,0.0,0.0,0.0,0.0,0.0,-2.004,-2.004,-2.004,-2.004,0.0,0.0,0.0,0.0,6240.0,-0.0,6933.0,0.0,2.7184312818759872e+23,-0.0,0.0,0.0,0.0,0.0,0.0,69,4.066883125581407e+29,2.7184264179883896e+23,0.0,0.0,0.0,0.0,0.0,0.0,0.0,0,0,0,0.0,0.0,0.0,0.0,0.0,0.0,0.0,0.0,0.0,0.0,0.0,0.0,0.0,0.0,0.0,0.0,0,-107875648.0,69,0.0,138,0.0,-109447200.0,0,13107,17040,26215,17049,13107,17043,0,0,0,70,68,100,2.7302359370752657e+23,71.1,0.0,74.2,2.7302370179391762e+23,74.0,1,49,50,180,13107,52429,0,0,0.0,0.0,0.0,0.0,-0.0,67.0,0.0,162057.094,0.0,751,0,739,0,0,0,721,0,767,0,736,0,742,0,742,0,712,0,7520,0.032,79456894976.0,0.0,0.0,784,16797,-0.0,162057.094,-114818.039,-0.0,0.133,6.909358625270745e+28,30.0,65.0,35,0.0,0.0,0.0,0.0,0.0,0.0,0.0,0.0,0.0,0.0,0.0,0.0,0.0,0.0,0.0,0.0,69.2,0,150,71,55,65476,0,300,0,1,8,20529,65476,0,0,40632,65.0,0.0,0.0,0.0,0.0,0.0
2026-09-04T20:22:18,ERR,ERR,ERR,ERR,ERR,ERR,ERR,ERR,ERR,ERR,ERR,ERR,ERR,ERR,ERR,ERR,ERR,ERR,ERR,ERR,ERR,ERR,ERR,ERR,ERR,ERR,ERR,ERR,ERR,ERR,ERR,ERR,ERR,ERR,ERR,ERR,ERR,ERR,ERR,ERR,ERR,ERR,ERR,ERR,ERR,ERR,ERR,ERR,ERR,ERR,ERR,ERR,ERR,ERR,ERR,ERR,ERR,ERR,ERR,ERR,ERR,ERR,ERR,ERR,ERR,ERR,ERR,ERR,ERR,ERR,ERR,ERR,ERR,ERR,ERR,ERR,ERR,ERR,ERR,ERR,ERR,ERR,ERR,ERR,ERR,ERR,ERR,ERR,ERR,ERR,ERR,ERR,ERR,ERR,ERR,ERR,ERR,ERR,ERR,ERR,ERR,ERR,ERR,ERR,ERR,ERR,ERR,ERR,ERR,ERR,ERR,ERR,ERR,ERR,ERR,ERR,ERR,ERR,ERR,ERR,ERR,ERR,ERR,ERR,ERR,0.0,2.7184312818759872e+23,-100793952.0,0.0,0.0,1.3936040501711995e+18,7.805,0.0,0,0,4,0,7116,0.0,100,0.0,0.0,0.0,0.0,0.0,0,0,0,0,0.0,0,0,0,0,0,0,0,0,0,0,0,0,0,0,0,0,0,0,0,0,0,0,0,0,0,0,0,0,0,0,0,0,0,31,40,40,71,65476,0,300,0,0,8,21553,0.0,-107605600.0,0.0,0.0,0.0,0.0,0.0,0.0,0.0,0.0,0.0,0.0,0.0,0.0,0.0,0.0,0.0,0.0,0.0,0.0,0.0,0.0,-2.004,-2.004,-2.004,-2.004,0.0,0.0,0.0,0.0,6240.0,-0.0,6933.0,0.0,2.7184312818759872e+23,-0.0,0.0,0.0,0.0,0.0,0.0,69,4.066883125581407e+29,2.7184264179883896e+23,0.0,0.0,0.0,0.0,0.0,0.0,0.0,0,0,0,0.0,0.0,0.0,0.0,0.0,0.0,0.0,0.0,0.0,0.0,0.0,0.0,0.0,0.0,0.0,0.0,0,-107875648.0,69,0.0,138,0.0,-109447200.0,0,13107,17040,26215,17049,13107,17043,0,0,0,70,68,100,2.7302359370752657e+23,71.1,0.0,74.2,2.7302370179391762e+23,74.0,1,49,50,180,13107,52429,0,0,0.0,0.0,0.0,0.0,-0.0,67.0,0.0,162057.094,0.0,751,0,739,0,0,0,721,0,767,0,736,0,742,0,742,0,712,0,7520,0.032,79456894976.0,0.0,0.0,784,16797,-0.0,162057.094,-114818.039,-0.0,0.133,6.909358625270745e+28,30.0,65.0,35,0.0,0.0,0.0,0.0,0.0,0.0,0.0,0.0,0.0,0.0,0.0,0.0,0.0,0.0,0.0,0.0,69.2,0,150,71,55,65476,0,300,0,1,8,20529,65476,0,0,40632,65.0,0.0,0.0,0.0,0.0,0.0
2026-09-04T20:22:19,ERR,ERR,ERR,ERR,ERR,ERR,ERR,ERR,ERR,ERR,ERR,ERR,ERR,ERR,ERR,ERR,ERR,ERR,ERR,ERR,ERR,ERR,ERR,ERR,ERR,ERR,ERR,ERR,ERR,ERR,ERR,ERR,ERR,ERR,ERR,ERR,ERR,ERR,ERR,ERR,ERR,ERR,ERR,ERR,ERR,ERR,ERR,ERR,ERR,ERR,ERR,ERR,ERR,ERR,ERR,ERR,ERR,ERR,ERR,ERR,ERR,ERR,ERR,ERR,ERR,ERR,ERR,ERR,ERR,ERR,ERR,ERR,ERR,ERR,ERR,ERR,ERR,ERR,ERR,ERR,ERR,ERR,ERR,ERR,ERR,ERR,ERR,ERR,ERR,ERR,ERR,ERR,ERR,ERR,ERR,ERR,ERR,ERR,ERR,ERR,ERR,ERR,ERR,ERR,ERR,ERR,ERR,ERR,ERR,ERR,ERR,ERR,ERR,ERR,ERR,ERR,ERR,ERR,ERR,ERR,ERR,ERR,ERR,ERR,ERR,0.0,2.7184312818759872e+23,-100793952.0,0.0,0.0,1.3936040501711995e+18,7.805,0.0,0,0,4,0,7116,0.0,100,0.0,0.0,0.0,0.0,0.0,0,0,0,0,0.0,0,0,0,0,0,0,0,0,0,0,0,0,0,0,0,0,0,0,0,0,0,0,0,0,0,0,0,0,0,0,0,0,0,31,40,40,71,65476,0,300,0,0,8,21553,0.0,-107605600.0,0.0,0.0,0.0,0.0,0.0,0.0,0.0,0.0,0.0,0.0,0.0,0.0,0.0,0.0,0.0,0.0,0.0,0.0,0.0,0.0,-2.004,-2.004,-2.004,-2.004,0.0,0.0,0.0,0.0,6240.0,-0.0,6933.0,0.0,2.7184312818759872e+23,-0.0,0.0,0.0,0.0,0.0,0.0,69,4.066883125581407e+29,2.7184264179883896e+23,0.0,0.0,0.0,0.0,0.0,0.0,0.0,0,0,0,0.0,0.0,0.0,0.0,0.0,0.0,0.0,0.0,0.0,0.0,0.0,0.0,0.0,0.0,0.0,0.0,0,-107875648.0,69,0.0,138,0.0,-109447200.0,0,13107,17040,26215,17049,13107,17043,0,0,0,70,68,100,2.7302359370752657e+23,71.1,0.0,74.2,2.7302370179391762e+23,74.0,1,49,50,180,13107,52429,0,0,0.0,0.0,0.0,0.0,-0.0,67.0,0.0,162057.094,0.0,751,0,739,0,0,0,721,0,767,0,736,0,742,0,742,0,712,0,7520,0.032,79456894976.0,0.0,0.0,784,16797,-0.0,162057.094,-114818.039,-0.0,0.133,6.909358625270745e+28,30.0,65.0,35,0.0,0.0,0.0,0.0,0.0,0.0,0.0,0.0,0.0,0.0,0.0,0.0,0.0,0.0,0.0,0.0,69.2,0,150,71,55,65476,0,300,0,1,8,20529,65476,0,0,40632,65.0,0.0,0.0,0.0,0.0,0.0
2026-09-04T20:22:20,ERR,ERR,ERR,ERR,ERR,ERR,ERR,ERR,ERR,ERR,ERR,ERR,ERR,ERR,ERR,ERR,ERR,ERR,ERR,ERR,ERR,ERR,ERR,ERR,ERR,ERR,ERR,ERR,ERR,ERR,ERR,ERR,ERR,ERR,ERR,ERR,ERR,ERR,ERR,ERR,ERR,ERR,ERR,ERR,ERR,ERR,ERR,ERR,ERR,ERR,ERR,ERR,ERR,ERR,ERR,ERR,ERR,ERR,ERR,ERR,ERR,ERR,ERR,ERR,ERR,ERR,ERR,ERR,ERR,ERR,ERR,ERR,ERR,ERR,ERR,ERR,ERR,ERR,ERR,ERR,ERR,ERR,ERR,ERR,ERR,ERR,ERR,ERR,ERR,ERR,ERR,ERR,ERR,ERR,ERR,ERR,ERR,ERR,ERR,ERR,ERR,ERR,ERR,ERR,ERR,ERR,ERR,ERR,ERR,ERR,ERR,ERR,ERR,ERR,ERR,ERR,ERR,ERR,ERR,ERR,ERR,ERR,ERR,ERR,ERR,0.0,2.7184312818759872e+23,-100793952.0,0.0,0.0,1.3936040501711995e+18,7.805,0.0,0,0,4,0,7116,0.0,100,0.0,0.0,0.0,0.0,0.0,0,0,0,0,0.0,0,0,0,0,0,0,0,0,0,0,0,0,0,0,0,0,0,0,0,0,0,0,0,0,0,0,0,0,0,0,0,0,0,31,40,40,71,65476,0,300,0,0,8,21553,0.0,-107605600.0,0.0,0.0,0.0,0.0,0.0,0.0,0.0,0.0,0.0,0.0,0.0,0.0,0.0,0.0,0.0,0.0,0.0,0.0,0.0,0.0,-2.004,-2.004,-2.004,-2.004,0.0,0.0,0.0,0.0,6240.0,-0.0,6933.0,0.0,2.7184312818759872e+23,-0.0,0.0,0.0,0.0,0.0,0.0,69,4.066883125581407e+29,2.7184264179883896e+23,0.0,0.0,0.0,0.0,0.0,0.0,0.0,0,0,0,0.0,0.0,0.0,0.0,0.0,0.0,0.0,0.0,0.0,0.0,0.0,0.0,0.0,0.0,0.0,0.0,0,-107875648.0,69,0.0,138,0.0,-109447200.0,0,13107,17040,13107,17049,13107,17043,0,0,0,70,68,100,2.7302359370752657e+23,71.1,0.0,74.2,2.7302370179391762e+23,74.0,1,49,50,180,13107,52429,0,0,0.0,0.0,0.0,0.0,-0.0,67.0,0.0,162057.094,0.0,751,0,739,0,0,0,721,0,767,0,736,0,742,0,742,0,712,0,7520,0.032,108447924224.0,0.0,0.0,784,16797,-0.0,162057.094,-114818.039,-0.0,0.133,6.909358625270745e+28,30.0,65.0,35,0.0,0.0,0.0,0.0,0.0,0.0,0.0,0.0,0.0,0.0,0.0,0.0,0.0,0.0,0.0,0.0,69.2,0,150,71,55,65476,0,300,0,1,8,20529,65476,0,0,40632,65.0,0.0,0.0,0.0,0.0,0.0
2026-09-04T20:22:21,ERR,ERR,ERR,ERR,ERR,ERR,ERR,ERR,ERR,ERR,ERR,ERR,ERR,ERR,ERR,ERR,ERR,ERR,ERR,ERR,ERR,ERR,ERR,ERR,ERR,ERR,ERR,ERR,ERR,ERR,ERR,ERR,ERR,ERR,ERR,ERR,ERR,ERR,ERR,ERR,ERR,ERR,ERR,ERR,ERR,ERR,ERR,ERR,ERR,ERR,ERR,ERR,ERR,ERR,ERR,ERR,ERR,ERR,ERR,ERR,ERR,ERR,ERR,ERR,ERR,ERR,ERR,ERR,ERR,ERR,ERR,ERR,ERR,ERR,ERR,ERR,ERR,ERR,ERR,ERR,ERR,ERR,ERR,ERR,ERR,ERR,ERR,ERR,ERR,ERR,ERR,ERR,ERR,ERR,ERR,ERR,ERR,ERR,ERR,ERR,ERR,ERR,ERR,ERR,ERR,ERR,ERR,ERR,ERR,ERR,ERR,ERR,ERR,ERR,ERR,ERR,ERR,ERR,ERR,ERR,ERR,ERR,ERR,ERR,ERR,0.0,2.7184312818759872e+23,-100793952.0,0.0,0.0,1.3936040501711995e+18,7.805,0.0,0,0,4,0,7116,0.0,100,0.0,0.0,0.0,0.0,0.0,0,0,0,0,0.0,0,0,0,0,0,0,0,0,0,0,0,0,0,0,0,0,0,0,0,0,0,0,0,0,0,0,0,0,0,0,0,0,0,31,40,40,71,65476,0,300,0,0,8,21553,0.0,-107605600.0,0.0,0.0,0.0,0.0,0.0,0.0,0.0,0.0,0.0,0.0,0.0,0.0,0.0,0.0,0.0,0.0,0.0,0.0,0.0,0.0,-2.004,-2.004,-2.004,-2.004,0.0,0.0,0.0,0.0,6240.0,-0.0,6933.0,0.0,2.7184312818759872e+23,-0.0,0.0,0.0,0.0,0.0,0.0,69,4.066883125581407e+29,2.7184264179883896e+23,0.0,0.0,0.0,0.0,0.0,0.0,0.0,0,0,0,0.0,0.0,0.0,0.0,0.0,0.0,0.0,0.0,0.0,0.0,0.0,0.0,0.0,0.0,0.0,0.0,0,-107875648.0,69,0.0,138,0.0,-109447200.0,0,13107,17040,13107,17049,13107,17043,0,0,0,70,68,100,2.7302359370752657e+23,71.1,0.0,74.2,2.7302370179391762e+23,74.0,1,49,50,180,13107,52429,0,0,0.0,0.0,0.0,0.0,-0.0,67.0,0.0,162057.094,0.0,751,0,739,0,0,0,721,0,767,0,736,0,742,0,742,0,712,0,7520,0.032,108447924224.0,0.0,0.0,784,16797,-0.0,162057.094,-114818.039,-0.0,0.133,6.909358625270745e+28,30.0,65.0,35,0.0,0.0,0.0,0.0,0.0,0.0,0.0,0.0,0.0,0.0,0.0,0.0,0.0,0.0,0.0,0.0,69.2,0,150,71,55,65476,0,300,0,1,8,20529,65476,0,0,40632,65.0,0.0,0.0,0.0,0.0,0.0
2026-09-04T20:22:22,ERR,ERR,ERR,ERR,ERR,ERR,ERR,ERR,ERR,ERR,ERR,ERR,ERR,ERR,ERR,ERR,ERR,ERR,ERR,ERR,ERR,ERR,ERR,ERR,ERR,ERR,ERR,ERR,ERR,ERR,ERR,ERR,ERR,ERR,ERR,ERR,ERR,ERR,ERR,ERR,ERR,ERR,ERR,ERR,ERR,ERR,ERR,ERR,ERR,ERR,ERR,ERR,ERR,ERR,ERR,ERR,ERR,ERR,ERR,ERR,ERR,ERR,ERR,ERR,ERR,ERR,ERR,ERR,ERR,ERR,ERR,ERR,ERR,ERR,ERR,ERR,ERR,ERR,ERR,ERR,ERR,ERR,ERR,ERR,ERR,ERR,ERR,ERR,ERR,ERR,ERR,ERR,ERR,ERR,ERR,ERR,ERR,ERR,ERR,ERR,ERR,ERR,ERR,ERR,ERR,ERR,ERR,ERR,ERR,ERR,ERR,ERR,ERR,ERR,ERR,ERR,ERR,ERR,ERR,ERR,ERR,ERR,ERR,ERR,ERR,0.0,2.7184312818759872e+23,-100793952.0,0.0,0.0,1.3936040501711995e+18,7.805,0.0,0,0,4,0,7116,0.0,100,0.0,0.0,0.0,0.0,0.0,0,0,0,0,0.0,0,0,0,0,0,0,0,0,0,0,0,0,0,0,0,0,0,0,0,0,0,0,0,0,0,0,0,0,0,0,0,0,0,31,40,40,71,65476,0,300,0,0,8,21553,0.0,-107605600.0,0.0,0.0,0.0,0.0,0.0,0.0,0.0,0.0,0.0,0.0,0.0,0.0,0.0,0.0,0.0,0.0,0.0,0.0,0.0,0.0,-2.004,-2.004,-2.004,-2.004,0.0,0.0,0.0,0.0,6240.0,-0.0,6933.0,0.0,2.7184312818759872e+23,-0.0,0.0,0.0,0.0,0.0,0.0,69,4.066883125581407e+29,2.7184264179883896e+23,0.0,0.0,0.0,0.0,0.0,0.0,0.0,0,0,0,0.0,0.0,0.0,0.0,0.0,0.0,0.0,0.0,0.0,0.0,0.0,0.0,0.0,0.0,0.0,0.0,0,-107875648.0,69,0.0,138,0.0,-109447200.0,0,13107,17040,13107,17049,13107,17043,0,0,0,70,68,100,2.7302359370752657e+23,71.1,0.0,74.2,2.7302370179391762e+23,74.0,1,49,50,180,13107,52429,0,0,0.0,0.0,0.0,0.0,-0.0,67.0,0.0,162057.094,0.0,751,0,739,0,0,0,721,0,767,0,736,0,742,0,742,0,712,0,7520,0.032,108447924224.0,0.0,0.0,784,16797,-0.0,162057.094,-114818.039,-0.0,0.133,6.909358625270745e+28,30.0,65.0,35,0.0,0.0,0.0,0.0,0.0,0.0,0.0,0.0,0.0,0.0,0.0,0.0,0.0,0.0,0.0,0.0,69.2,0,150,71,55,65476,0,300,0,1,8,20529,65476,0,0,40632,65.0,0.0,0.0,0.0,0.0,0.0
2026-09-04T20:22:23,ERR,ERR,ERR,ERR,ERR,ERR,ERR,ERR,ERR,ERR,ERR,ERR,ERR,ERR,ERR,ERR,ERR,ERR,ERR,ERR,ERR,ERR,ERR,ERR,ERR,ERR,ERR,ERR,ERR,ERR,ERR,ERR,ERR,ERR,ERR,ERR,ERR,ERR,ERR,ERR,ERR,ERR,ERR,ERR,ERR,ERR,ERR,ERR,ERR,ERR,ERR,ERR,ERR,ERR,ERR,ERR,ERR,ERR,ERR,ERR,ERR,ERR,ERR,ERR,ERR,ERR,ERR,ERR,ERR,ERR,ERR,ERR,ERR,ERR,ERR,ERR,ERR,ERR,ERR,ERR,ERR,ERR,ERR,ERR,ERR,ERR,ERR,ERR,ERR,ERR,ERR,ERR,ERR,ERR,ERR,ERR,ERR,ERR,ERR,ERR,ERR,ERR,ERR,ERR,ERR,ERR,ERR,ERR,ERR,ERR,ERR,ERR,ERR,ERR,ERR,ERR,ERR,ERR,ERR,ERR,ERR,ERR,ERR,ERR,ERR,0.0,2.7184312818759872e+23,-100793952.0,0.0,0.0,1.3936040501711995e+18,7.805,0.0,0,0,4,0,7116,0.0,100,0.0,0.0,0.0,0.0,0.0,0,0,0,0,0.0,0,0,0,0,0,0,0,0,0,0,0,0,0,0,0,0,0,0,0,0,0,0,0,0,0,0,0,0,0,0,0,0,0,31,40,40,71,65476,0,300,0,0,8,21553,0.0,-107605600.0,0.0,0.0,0.0,0.0,0.0,0.0,0.0,0.0,0.0,0.0,0.0,0.0,0.0,0.0,0.0,0.0,0.0,0.0,0.0,0.0,-2.004,-2.004,-2.004,-2.004,0.0,0.0,0.0,0.0,6240.0,-0.0,6933.0,0.0,2.7184312818759872e+23,-0.0,0.0,0.0,0.0,0.0,0.0,69,4.066883125581407e+29,2.7184264179883896e+23,0.0,0.0,0.0,0.0,0.0,0.0,0.0,0,0,0,0.0,0.0,0.0,0.0,0.0,0.0,0.0,0.0,0.0,0.0,0.0,0.0,0.0,0.0,0.0,0.0,0,-107875648.0,69,0.0,138,0.0,-109447200.0,0,13107,17040,13107,17049,13107,17043,0,0,0,70,68,100,2.7302359370752657e+23,71.1,0.0,74.2,2.7302370179391762e+23,74.0,1,49,50,180,13107,52429,0,0,0.0,0.0,0.0,0.0,-0.0,67.0,0.0,162057.094,0.0,751,0,739,0,0,0,721,0,767,0,736,0,742,0,742,0,712,0,7520,0.032,108447924224.0,0.0,0.0,784,16797,-0.0,162057.094,-114818.039,-0.0,0.133,6.909358625270745e+28,30.0,65.0,35,0.0,0.0,0.0,0.0,0.0,0.0,0.0,0.0,0.0,0.0,0.0,0.0,0.0,0.0,0.0,0.0,69.2,0,150,71,55,65476,0,300,0,1,8,20529,65476,0,0,40632,65.0,0.0,0.0,0.0,0.0,0.0
2026-09-04T20:22:24,ERR,ERR,ERR,ERR,ERR,ERR,ERR,ERR,ERR,ERR,ERR,ERR,ERR,ERR,ERR,ERR,ERR,ERR,ERR,ERR,ERR,ERR,ERR,ERR,ERR,ERR,ERR,ERR,ERR,ERR,ERR,ERR,ERR,ERR,ERR,ERR,ERR,ERR,ERR,ERR,ERR,ERR,ERR,ERR,ERR,ERR,ERR,ERR,ERR,ERR,ERR,ERR,ERR,ERR,ERR,ERR,ERR,ERR,ERR,ERR,ERR,ERR,ERR,ERR,ERR,ERR,ERR,ERR,ERR,ERR,ERR,ERR,ERR,ERR,ERR,ERR,ERR,ERR,ERR,ERR,ERR,ERR,ERR,ERR,ERR,ERR,ERR,ERR,ERR,ERR,ERR,ERR,ERR,ERR,ERR,ERR,ERR,ERR,ERR,ERR,ERR,ERR,ERR,ERR,ERR,ERR,ERR,ERR,ERR,ERR,ERR,ERR,ERR,ERR,ERR,ERR,ERR,ERR,ERR,ERR,ERR,ERR,ERR,ERR,ERR,0.0,2.7184312818759872e+23,-100793952.0,0.0,0.0,1.3936040501711995e+18,7.805,0.0,0,0,4,0,7116,0.0,100,0.0,0.0,0.0,0.0,0.0,0,0,0,0,0.0,0,0,0,0,0,0,0,0,0,0,0,0,0,0,0,0,0,0,0,0,0,0,0,0,0,0,0,0,0,0,0,0,0,31,40,40,71,65476,0,300,0,0,8,21553,0.0,-107605600.0,0.0,0.0,0.0,0.0,0.0,0.0,0.0,0.0,0.0,0.0,0.0,0.0,0.0,0.0,0.0,0.0,0.0,0.0,0.0,0.0,-2.004,-2.004,-2.004,-2.004,0.0,0.0,0.0,0.0,6240.0,-0.0,6933.0,0.0,2.7184312818759872e+23,-0.0,0.0,0.0,0.0,0.0,0.0,69,4.066883125581407e+29,2.7184264179883896e+23,0.0,0.0,0.0,0.0,0.0,0.0,0.0,0,0,0,0.0,0.0,0.0,0.0,0.0,0.0,0.0,0.0,0.0,0.0,0.0,0.0,0.0,0.0,0.0,0.0,0,-107875648.0,69,0.0,138,0.0,-109447200.0,0,13107,17040,13107,17049,13107,17043,0,0,0,70,68,100,2.7302359370752657e+23,71.1,0.0,74.2,2.7302370179391762e+23,74.0,1,49,50,180,13107,52429,0,0,0.0,0.0,0.0,0.0,-0.0,67.0,0.0,162057.094,0.0,751,0,739,0,0,0,721,0,767,0,736,0,742,0,742,0,712,0,7520,0.032,108447924224.0,0.0,0.0,784,16797,-0.0,162057.094,-114818.039,-0.0,0.133,6.909358625270745e+28,30.0,65.0,35,0.0,0.0,0.0,0.0,0.0,0.0,0.0,0.0,0.0,0.0,0.0,0.0,0.0,0.0,0.0,0.0,69.2,0,150,71,55,65476,0,300,0,1,8,20529,65476,0,0,40632,65.0,0.0,0.0,0.0,0.0,0.0
2026-09-04T20:22:25,ERR,ERR,ERR,ERR,ERR,ERR,ERR,ERR,ERR,ERR,ERR,ERR,ERR,ERR,ERR,ERR,ERR,ERR,ERR,ERR,ERR,ERR,ERR,ERR,ERR,ERR,ERR,ERR,ERR,ERR,ERR,ERR,ERR,ERR,ERR,ERR,ERR,ERR,ERR,ERR,ERR,ERR,ERR,ERR,ERR,ERR,ERR,ERR,ERR,ERR,ERR,ERR,ERR,ERR,ERR,ERR,ERR,ERR,ERR,ERR,ERR,ERR,ERR,ERR,ERR,ERR,ERR,ERR,ERR,ERR,ERR,ERR,ERR,ERR,ERR,ERR,ERR,ERR,ERR,ERR,ERR,ERR,ERR,ERR,ERR,ERR,ERR,ERR,ERR,ERR,ERR,ERR,ERR,ERR,ERR,ERR,ERR,ERR,ERR,ERR,ERR,ERR,ERR,ERR,ERR,ERR,ERR,ERR,ERR,ERR,ERR,ERR,ERR,ERR,ERR,ERR,ERR,ERR,ERR,ERR,ERR,ERR,ERR,ERR,ERR,0.0,2.7184312818759872e+23,-100793952.0,0.0,0.0,1.3936040501711995e+18,7.805,0.0,0,0,4,0,7116,0.0,100,0.0,0.0,0.0,0.0,0.0,0,0,0,0,0.0,0,0,0,0,0,0,0,0,0,0,0,0,0,0,0,0,0,0,0,0,0,0,0,0,0,0,0,0,0,0,0,0,0,31,40,40,71,65476,0,300,0,0,8,21553,0.0,-107605600.0,0.0,0.0,0.0,0.0,0.0,0.0,0.0,0.0,0.0,0.0,0.0,0.0,0.0,0.0,0.0,0.0,0.0,0.0,0.0,0.0,-2.004,-2.004,-2.004,0.0,0.0,0.0,0.0,0.0,6241.0,2.004,6921.0,0.0,2.7184312818759872e+23,-0.0,2.718430741444032e+23,0.0,0.0,0.0,0.0,69,152018589057024.0,-4.950420473905257e+32,0.0,0.0,0.0,0.0,0.0,0.0,0.0,0,0,0,0.0,0.0,0.0,0.0,0.0,0.0,0.0,0.0,0.0,0.0,0.0,0.0,0.0,0.0,0.0,0.0,0,-107875648.0,69,0.0,138,0.0,0.0,0,13107,17040,13107,17049,13107,17043,0,0,0,70,68,100,2.7302359370752657e+23,71.1,0.0,74.2,2.7302370179391762e+23,74.0,1,49,50,180,13107,52429,0,0,0.0,0.0,0.0,0.0,-0.0,67.0,0.0,162057.094,0.0,751,0,739,0,0,0,721,0,767,0,736,0,742,0,742,0,712,0,7520,0.032,108447924224.0,0.0,0.0,784,16797,-0.0,162057.094,-114818.039,-0.0,0.133,6.909358625270745e+28,30.0,65.0,35,0.0,0.0,0.0,0.0,0.0,0.0,0.0,0.0,0.0,0.0,0.0,0.0,0.0,0.0,0.0,0.0,69.2,0,150,71,55,65476,0,300,0,1,8,20529,65476,0,0,40632,65.0,0.0,0.0,0.0,0.0,0.0
2026-09-04T20:22:26,ERR,ERR,ERR,ERR,ERR,ERR,ERR,ERR,ERR,ERR,ERR,ERR,ERR,ERR,ERR,ERR,ERR,ERR,ERR,ERR,ERR,ERR,ERR,ERR,ERR,ERR,ERR,ERR,ERR,ERR,ERR,ERR,ERR,ERR,ERR,ERR,ERR,ERR,ERR,ERR,ERR,ERR,ERR,ERR,ERR,ERR,ERR,ERR,ERR,ERR,ERR,ERR,ERR,ERR,ERR,ERR,ERR,ERR,ERR,ERR,ERR,ERR,ERR,ERR,ERR,ERR,ERR,ERR,ERR,ERR,ERR,ERR,ERR,ERR,ERR,ERR,ERR,ERR,ERR,ERR,ERR,ERR,ERR,ERR,ERR,ERR,ERR,ERR,ERR,ERR,ERR,ERR,ERR,ERR,ERR,ERR,ERR,ERR,ERR,ERR,ERR,ERR,ERR,ERR,ERR,ERR,ERR,ERR,ERR,ERR,ERR,ERR,ERR,ERR,ERR,ERR,ERR,ERR,ERR,ERR,ERR,ERR,ERR,ERR,ERR,0.0,2.7184312818759872e+23,-100793952.0,0.0,0.0,1.3936040501711995e+18,7.805,0.0,0,0,4,0,7116,0.0,100,0.0,0.0,0.0,0.0,0.0,0,0,0,0,0.0,0,0,0,0,0,0,0,0,0,0,0,0,0,0,0,0,0,0,0,0,0,0,0,0,0,0,0,0,0,0,0,0,0,31,40,40,71,65476,0,300,0,0,8,21553,0.0,-107605600.0,0.0,0.0,0.0,0.0,0.0,0.0,0.0,0.0,0.0,0.0,0.0,0.0,0.0,0.0,0.0,0.0,0.0,0.0,0.0,0.0,-2.004,-2.004,-2.004,0.0,0.0,0.0,0.0,0.0,6241.0,2.004,6921.0,0.0,2.7184312818759872e+23,-0.0,2.718430741444032e+23,0.0,0.0,0.0,0.0,69,152018589057024.0,-4.950420473905257e+32,0.0,0.0,0.0,0.0,0.0,0.0,0.0,0,0,0,0.0,0.0,0.0,0.0,0.0,0.0,0.0,0.0,0.0,0.0,0.0,0.0,0.0,0.0,0.0,0.0,0,-107875648.0,69,0.0,138,0.0,0.0,0,13107,17040,13107,17049,13107,17043,0,0,0,70,68,100,2.7302359370752657e+23,71.2,0.0,74.2,2.7302370179391762e+23,74.0,1,49,50,180,13107,52429,0,0,0.0,0.0,0.0,0.0,-0.0,67.0,0.0,162057.094,0.0,751,0,739,0,0,0,721,0,766,0,736,0,742,0,742,0,712,0,7520,0.032,97173635072.0,0.0,0.0,784,16797,-0.0,162057.094,-114818.039,-0.0,0.133,6.909358625270745e+28,30.0,65.0,35,0.0,0.0,0.0,0.0,0.0,0.0,0.0,0.0,0.0,0.0,0.0,0.0,0.0,0.0,0.0,0.0,69.2,0,150,71,55,65476,0,300,0,1,8,20529,65476,0,0,40632,65.0,0.0,0.0,0.0,0.0,0.0
2026-09-04T20:22:27,ERR,ERR,ERR,ERR,ERR,ERR,ERR,ERR,ERR,ERR,ERR,ERR,ERR,ERR,ERR,ERR,ERR,ERR,ERR,ERR,ERR,ERR,ERR,ERR,ERR,ERR,ERR,ERR,ERR,ERR,ERR,ERR,ERR,ERR,ERR,ERR,ERR,ERR,ERR,ERR,ERR,ERR,ERR,ERR,ERR,ERR,ERR,ERR,ERR,ERR,ERR,ERR,ERR,ERR,ERR,ERR,ERR,ERR,ERR,ERR,ERR,ERR,ERR,ERR,ERR,ERR,ERR,ERR,ERR,ERR,ERR,ERR,ERR,ERR,ERR,ERR,ERR,ERR,ERR,ERR,ERR,ERR,ERR,ERR,ERR,ERR,ERR,ERR,ERR,ERR,ERR,ERR,ERR,ERR,ERR,ERR,ERR,ERR,ERR,ERR,ERR,ERR,ERR,ERR,ERR,ERR,ERR,ERR,ERR,ERR,ERR,ERR,ERR,ERR,ERR,ERR,ERR,ERR,ERR,ERR,ERR,ERR,ERR,ERR,ERR,0.0,2.7184312818759872e+23,-100793952.0,0.0,0.0,1.3936040501711995e+18,7.805,0.0,0,0,4,0,7116,0.0,100,0.0,0.0,0.0,0.0,0.0,0,0,0,0,0.0,0,0,0,0,0,0,0,0,0,0,0,0,0,0,0,0,0,0,0,0,0,0,0,0,0,0,0,0,0,0,0,0,0,31,40,40,71,65476,0,300,0,0,8,21553,0.0,-107605600.0,0.0,0.0,0.0,0.0,0.0,0.0,0.0,0.0,0.0,0.0,0.0,0.0,0.0,0.0,0.0,0.0,0.0,0.0,0.0,0.0,-2.004,-2.004,-2.004,0.0,0.0,0.0,0.0,0.0,6241.0,2.004,6921.0,0.0,2.7184312818759872e+23,-0.0,2.718430741444032e+23,0.0,0.0,0.0,0.0,69,152018589057024.0,-4.950420473905257e+32,0.0,0.0,0.0,0.0,0.0,0.0,0.0,0,0,0,0.0,0.0,0.0,0.0,0.0,0.0,0.0,0.0,0.0,0.0,0.0,0.0,0.0,0.0,0.0,0.0,0,-107875648.0,69,0.0,138,0.0,0.0,0,13107,17040,13107,17049,13107,17043,0,0,0,70,68,100,2.7302359370752657e+23,71.2,0.0,74.2,2.7302370179391762e+23,74.0,1,49,50,180,13107,52429,0,0,0.0,0.0,0.0,0.0,-0.0,67.0,0.0,162057.094,0.0,751,0,739,0,0,0,721,0,766,0,736,0,742,0,742,0,712,0,7520,0.032,97173635072.0,0.0,0.0,784,16797,-0.0,162057.094,-114818.039,-0.0,0.133,6.909358625270745e+28,30.0,65.0,35,0.0,0.0,0.0,0.0,0.0,0.0,0.0,0.0,0.0,0.0,0.0,0.0,0.0,0.0,0.0,0.0,69.2,0,150,71,55,65476,0,300,0,1,8,20529,65476,0,0,40632,65.0,0.0,0.0,0.0,0.0,0.0
2026-09-04T20:22:28,ERR,ERR,ERR,ERR,ERR,ERR,ERR,ERR,ERR,ERR,ERR,ERR,ERR,ERR,ERR,ERR,ERR,ERR,ERR,ERR,ERR,ERR,ERR,ERR,ERR,ERR,ERR,ERR,ERR,ERR,ERR,ERR,ERR,ERR,ERR,ERR,ERR,ERR,ERR,ERR,ERR,ERR,ERR,ERR,ERR,ERR,ERR,ERR,ERR,ERR,ERR,ERR,ERR,ERR,ERR,ERR,ERR,ERR,ERR,ERR,ERR,ERR,ERR,ERR,ERR,ERR,ERR,ERR,ERR,ERR,ERR,ERR,ERR,ERR,ERR,ERR,ERR,ERR,ERR,ERR,ERR,ERR,ERR,ERR,ERR,ERR,ERR,ERR,ERR,ERR,ERR,ERR,ERR,ERR,ERR,ERR,ERR,ERR,ERR,ERR,ERR,ERR,ERR,ERR,ERR,ERR,ERR,ERR,ERR,ERR,ERR,ERR,ERR,ERR,ERR,ERR,ERR,ERR,ERR,ERR,ERR,ERR,ERR,ERR,ERR,0.0,2.7184312818759872e+23,-100793952.0,0.0,0.0,1.3936040501711995e+18,7.805,0.0,0,0,4,0,7116,0.0,100,0.0,0.0,0.0,0.0,0.0,0,0,0,0,0.0,0,0,0,0,0,0,0,0,0,0,0,0,0,0,0,0,0,0,0,0,0,0,0,0,0,0,0,0,0,0,0,0,0,31,40,40,71,65476,0,300,0,0,8,21553,0.0,-107605600.0,0.0,0.0,0.0,0.0,0.0,0.0,0.0,0.0,0.0,0.0,0.0,0.0,0.0,0.0,0.0,0.0,0.0,0.0,0.0,0.0,-2.004,-2.004,-2.004,0.0,0.0,0.0,0.0,0.0,6241.0,2.004,6921.0,0.0,2.7184312818759872e+23,-0.0,2.718430741444032e+23,0.0,0.0,0.0,0.0,69,152018589057024.0,-4.950420473905257e+32,0.0,0.0,0.0,0.0,0.0,0.0,0.0,0,0,0,0.0,0.0,0.0,0.0,0.0,0.0,0.0,0.0,0.0,0.0,0.0,0.0,0.0,0.0,0.0,0.0,0,-107875648.0,69,0.0,138,0.0,0.0,0,13107,17040,13107,17049,13107,17043,0,0,0,70,68,100,2.7302359370752657e+23,71.2,0.0,74.2,2.7302370179391762e+23,74.0,1,49,50,180,13107,52429,0,0,0.0,0.0,0.0,0.0,-0.0,67.0,0.0,162057.094,0.0,751,0,739,0,0,0,721,0,766,0,736,0,742,0,742,0,712,0,7520,0.032,97173635072.0,0.0,0.0,784,16797,-0.0,162057.094,-114818.039,-0.0,0.133,6.909358625270745e+28,30.0,65.0,35,0.0,0.0,0.0,0.0,0.0,0.0,0.0,0.0,0.0,0.0,0.0,0.0,0.0,0.0,0.0,0.0,69.2,0,150,71,55,65476,0,300,0,1,8,20529,65476,0,0,40632,65.0,0.0,0.0,0.0,0.0,0.0
2026-09-04T20:22:29,ERR,ERR,ERR,ERR,ERR,ERR,ERR,ERR,ERR,ERR,ERR,ERR,ERR,ERR,ERR,ERR,ERR,ERR,ERR,ERR,ERR,ERR,ERR,ERR,ERR,ERR,ERR,ERR,ERR,ERR,ERR,ERR,ERR,ERR,ERR,ERR,ERR,ERR,ERR,ERR,ERR,ERR,ERR,ERR,ERR,ERR,ERR,ERR,ERR,ERR,ERR,ERR,ERR,ERR,ERR,ERR,ERR,ERR,ERR,ERR,ERR,ERR,ERR,ERR,ERR,ERR,ERR,ERR,ERR,ERR,ERR,ERR,ERR,ERR,ERR,ERR,ERR,ERR,ERR,ERR,ERR,ERR,ERR,ERR,ERR,ERR,ERR,ERR,ERR,ERR,ERR,ERR,ERR,ERR,ERR,ERR,ERR,ERR,ERR,ERR,ERR,ERR,ERR,ERR,ERR,ERR,ERR,ERR,ERR,ERR,ERR,ERR,ERR,ERR,ERR,ERR,ERR,ERR,ERR,ERR,ERR,ERR,ERR,ERR,ERR,0.0,2.7184312818759872e+23,-100793952.0,0.0,0.0,1.3936040501711995e+18,7.805,0.0,0,0,4,0,7116,0.0,100,0.0,0.0,0.0,0.0,0.0,0,0,0,0,0.0,0,0,0,0,0,0,0,0,0,0,0,0,0,0,0,0,0,0,0,0,0,0,0,0,0,0,0,0,0,0,0,0,0,31,40,40,71,65476,0,300,0,0,8,21553,0.0,-107605600.0,0.0,0.0,0.0,0.0,0.0,0.0,0.0,0.0,0.0,0.0,0.0,0.0,0.0,0.0,0.0,0.0,0.0,0.0,0.0,0.0,-2.004,-2.004,-2.004,0.0,0.0,0.0,0.0,0.0,6241.0,2.004,6921.0,0.0,2.7184312818759872e+23,-0.0,2.718430741444032e+23,0.0,0.0,0.0,0.0,69,152018589057024.0,-4.950420473905257e+32,0.0,0.0,0.0,0.0,0.0,0.0,0.0,0,0,0,0.0,0.0,0.0,0.0,0.0,0.0,0.0,0.0,0.0,0.0,0.0,0.0,0.0,0.0,0.0,0.0,0,-107875648.0,69,0.0,138,0.0,0.0,0,13107,17040,13107,17049,13107,17043,0,0,0,70,68,100,2.7302359370752657e+23,71.2,0.0,74.2,2.7302370179391762e+23,74.0,1,49,50,180,13107,52429,0,0,0.0,0.0,0.0,0.0,-0.0,67.0,0.0,162057.094,0.0,751,0,739,0,0,0,721,0,766,0,736,0,742,0,742,0,712,0,7520,0.032,97173635072.0,0.0,0.0,784,16797,-0.0,162057.094,-114818.039,-0.0,0.133,6.909358625270745e+28,30.0,65.0,35,0.0,0.0,0.0,0.0,0.0,0.0,0.0,0.0,0.0,0.0,0.0,0.0,0.0,0.0,0.0,0.0,69.2,0,150,71,55,65476,0,300,0,1,8,20529,65476,0,0,40632,65.0,0.0,0.0,0.0,0.0,0.0
2026-09-04T20:22:30,ERR,ERR,ERR,ERR,ERR,ERR,ERR,ERR,ERR,ERR,ERR,ERR,ERR,ERR,ERR,ERR,ERR,ERR,ERR,ERR,ERR,ERR,ERR,ERR,ERR,ERR,ERR,ERR,ERR,ERR,ERR,ERR,ERR,ERR,ERR,ERR,ERR,ERR,ERR,ERR,ERR,ERR,ERR,ERR,ERR,ERR,ERR,ERR,ERR,ERR,ERR,ERR,ERR,ERR,ERR,ERR,ERR,ERR,ERR,ERR,ERR,ERR,ERR,ERR,ERR,ERR,ERR,ERR,ERR,ERR,ERR,ERR,ERR,ERR,ERR,ERR,ERR,ERR,ERR,ERR,ERR,ERR,ERR,ERR,ERR,ERR,ERR,ERR,ERR,ERR,ERR,ERR,ERR,ERR,ERR,ERR,ERR,ERR,ERR,ERR,ERR,ERR,ERR,ERR,ERR,ERR,ERR,ERR,ERR,ERR,ERR,ERR,ERR,ERR,ERR,ERR,ERR,ERR,ERR,ERR,ERR,ERR,ERR,ERR,ERR,0.0,2.7184312818759872e+23,-100793952.0,0.0,0.0,1.3936040501711995e+18,7.805,0.0,0,0,4,0,7116,0.0,100,0.0,0.0,0.0,0.0,0.0,0,0,0,0,0.0,0,0,0,0,0,0,0,0,0,0,0,0,0,0,0,0,0,0,0,0,0,0,0,0,0,0,0,0,0,0,0,0,0,31,40,40,71,65476,0,300,0,0,8,21553,0.0,-107605600.0,0.0,0.0,0.0,0.0,0.0,0.0,0.0,0.0,0.0,0.0,0.0,0.0,0.0,0.0,0.0,0.0,0.0,0.0,0.0,0.0,-2.004,-2.004,-2.004,0.0,0.0,0.0,0.0,0.0,6241.0,2.004,6921.0,0.0,2.7184312818759872e+23,-0.0,2.718430741444032e+23,0.0,0.0,0.0,0.0,69,152018589057024.0,-4.950420473905257e+32,0.0,0.0,0.0,0.0,0.0,0.0,0.0,0,0,0,0.0,0.0,0.0,0.0,0.0,0.0,0.0,0.0,0.0,0.0,0.0,0.0,0.0,0.0,0.0,0.0,0,-107875648.0,69,0.0,138,0.0,0.0,0,13107,17040,13107,17049,13107,17043,0,0,0,70,68,100,2.7302359370752657e+23,71.2,0.0,74.2,2.7302370179391762e+23,74.0,1,49,50,180,13107,52429,0,0,0.0,0.0,0.0,0.0,-0.0,67.0,0.0,162057.094,0.0,751,0,739,0,0,0,721,0,766,0,736,0,742,0,742,0,712,0,7520,0.032,97173635072.0,0.0,0.0,784,16797,-0.0,162057.094,-114818.039,-0.0,0.133,6.909358625270745e+28,30.0,65.0,35,0.0,0.0,0.0,0.0,0.0,0.0,0.0,0.0,0.0,0.0,0.0,0.0,0.0,0.0,0.0,0.0,69.2,0,150,71,55,65476,0,300,0,1,8,20529,65476,0,0,40632,65.0,0.0,0.0,0.0,0.0,0.0
2026-09-04T20:22:31,ERR,ERR,ERR,ERR,ERR,ERR,ERR,ERR,ERR,ERR,ERR,ERR,ERR,ERR,ERR,ERR,ERR,ERR,ERR,ERR,ERR,ERR,ERR,ERR,ERR,ERR,ERR,ERR,ERR,ERR,ERR,ERR,ERR,ERR,ERR,ERR,ERR,ERR,ERR,ERR,ERR,ERR,ERR,ERR,ERR,ERR,ERR,ERR,ERR,ERR,ERR,ERR,ERR,ERR,ERR,ERR,ERR,ERR,ERR,ERR,ERR,ERR,ERR,ERR,ERR,ERR,ERR,ERR,ERR,ERR,ERR,ERR,ERR,ERR,ERR,ERR,ERR,ERR,ERR,ERR,ERR,ERR,ERR,ERR,ERR,ERR,ERR,ERR,ERR,ERR,ERR,ERR,ERR,ERR,ERR,ERR,ERR,ERR,ERR,ERR,ERR,ERR,ERR,ERR,ERR,ERR,ERR,ERR,ERR,ERR,ERR,ERR,ERR,ERR,ERR,ERR,ERR,ERR,ERR,ERR,ERR,ERR,ERR,ERR,ERR,0.0,2.7184312818759872e+23,-100793952.0,0.0,0.0,1.3936040501711995e+18,7.805,0.0,0,0,4,0,7116,0.0,100,0.0,0.0,0.0,0.0,0.0,0,0,0,0,0.0,0,0,0,0,0,0,0,0,0,0,0,0,0,0,0,0,0,0,0,0,0,0,0,0,0,0,0,0,0,0,0,0,0,31,40,40,71,65476,0,300,0,0,8,21553,0.0,-107605600.0,0.0,0.0,0.0,0.0,0.0,0.0,0.0,0.0,0.0,0.0,0.0,0.0,0.0,0.0,0.0,0.0,0.0,0.0,0.0,0.0,-2.004,-2.004,-2.004,0.0,0.0,0.0,0.0,0.0,6241.0,2.004,6921.0,0.0,2.7184312818759872e+23,-0.0,2.718430741444032e+23,0.0,0.0,0.0,0.0,69,152018589057024.0,-4.950420473905257e+32,0.0,0.0,0.0,0.0,0.0,0.0,0.0,0,0,0,0.0,0.0,0.0,0.0,0.0,0.0,0.0,0.0,0.0,0.0,0.0,0.0,0.0,0.0,0.0,0.0,0,-107875648.0,69,0.0,138,0.0,0.0,0,13107,17040,13107,17049,13107,17043,0,0,0,70,68,100,2.7302359370752657e+23,71.1,0.0,74.2,2.7302370179391762e+23,74.0,1,49,50,180,13107,52429,0,0,0.0,0.0,0.0,0.0,-0.0,67.0,0.0,162057.094,0.0,751,0,739,0,0,0,721,0,767,0,736,0,742,0,742,0,712,0,7520,0.032,91804925952.0,0.0,0.0,784,16797,-0.0,162057.094,-114818.039,-0.0,0.133,6.909358625270745e+28,30.0,65.0,35,0.0,0.0,0.0,0.0,0.0,0.0,0.0,0.0,0.0,0.0,0.0,0.0,0.0,0.0,0.0,0.0,69.2,0,150,71,55,65476,0,300,0,1,8,20529,65476,0,0,40632,65.0,0.0,0.0,0.0,0.0,0.0
2026-09-04T20:22:32,ERR,ERR,ERR,ERR,ERR,ERR,ERR,ERR,ERR,ERR,ERR,ERR,ERR,ERR,ERR,ERR,ERR,ERR,ERR,ERR,ERR,ERR,ERR,ERR,ERR,ERR,ERR,ERR,ERR,ERR,ERR,ERR,ERR,ERR,ERR,ERR,ERR,ERR,ERR,ERR,ERR,ERR,ERR,ERR,ERR,ERR,ERR,ERR,ERR,ERR,ERR,ERR,ERR,ERR,ERR,ERR,ERR,ERR,ERR,ERR,ERR,ERR,ERR,ERR,ERR,ERR,ERR,ERR,ERR,ERR,ERR,ERR,ERR,ERR,ERR,ERR,ERR,ERR,ERR,ERR,ERR,ERR,ERR,ERR,ERR,ERR,ERR,ERR,ERR,ERR,ERR,ERR,ERR,ERR,ERR,ERR,ERR,ERR,ERR,ERR,ERR,ERR,ERR,ERR,ERR,ERR,ERR,ERR,ERR,ERR,ERR,ERR,ERR,ERR,ERR,ERR,ERR,ERR,ERR,ERR,ERR,ERR,ERR,ERR,ERR,0.0,2.7184312818759872e+23,-100793952.0,0.0,0.0,1.3936040501711995e+18,7.805,0.0,0,0,4,0,7116,0.0,100,0.0,0.0,0.0,0.0,0.0,0,0,0,0,0.0,0,0,0,0,0,0,0,0,0,0,0,0,0,0,0,0,0,0,0,0,0,0,0,0,0,0,0,0,0,0,0,0,0,31,40,40,71,65476,0,300,0,0,8,21553,0.0,-107605600.0,0.0,0.0,0.0,0.0,0.0,0.0,0.0,0.0,0.0,0.0,0.0,0.0,0.0,0.0,0.0,0.0,0.0,0.0,0.0,0.0,-2.004,-2.004,-2.004,0.0,0.0,0.0,0.0,0.0,6267.0,0.0,6917.0,0.0,2.7184312818759872e+23,-0.0,2.718430741444032e+23,0.0,0.0,0.0,0.0,69,107615408.0,-107615176.0,0.0,0.0,0.0,0.0,0.0,0.0,0.0,0,0,0,0.0,0.0,0.0,0.0,0.0,0.0,0.0,0.0,0.0,0.0,0.0,0.0,0.0,0.0,0.0,0.0,0,-107875648.0,69,0.0,138,0.0,-109447200.0,0,13107,17040,13107,17049,13107,17043,0,0,0,70,68,100,2.7302359370752657e+23,71.1,0.0,74.2,2.7302370179391762e+23,74.0,1,49,50,180,13107,52429,0,0,0.0,0.0,0.0,0.0,-0.0,67.0,0.0,162057.094,0.0,751,0,739,0,0,0,721,0,767,0,736,0,742,0,742,0,712,0,7520,0.032,91804925952.0,0.0,0.0,784,16797,-0.0,162057.094,-114818.039,-0.0,0.133,6.909358625270745e+28,30.0,65.0,35,0.0,0.0,0.0,0.0,0.0,0.0,0.0,0.0,0.0,0.0,0.0,0.0,0.0,0.0,0.0,0.0,69.2,0,150,71,55,65476,0,300,0,1,8,20529,65476,0,0,40632,65.0,0.0,0.0,0.0,0.0,0.0
2026-09-04T20:22:33,ERR,ERR,ERR,ERR,ERR,ERR,ERR,ERR,ERR,ERR,ERR,ERR,ERR,ERR,ERR,ERR,ERR,ERR,ERR,ERR,ERR,ERR,ERR,ERR,ERR,ERR,ERR,ERR,ERR,ERR,ERR,ERR,ERR,ERR,ERR,ERR,ERR,ERR,ERR,ERR,ERR,ERR,ERR,ERR,ERR,ERR,ERR,ERR,ERR,ERR,ERR,ERR,ERR,ERR,ERR,ERR,ERR,ERR,ERR,ERR,ERR,ERR,ERR,ERR,ERR,ERR,ERR,ERR,ERR,ERR,ERR,ERR,ERR,ERR,ERR,ERR,ERR,ERR,ERR,ERR,ERR,ERR,ERR,ERR,ERR,ERR,ERR,ERR,ERR,ERR,ERR,ERR,ERR,ERR,ERR,ERR,ERR,ERR,ERR,ERR,ERR,ERR,ERR,ERR,ERR,ERR,ERR,ERR,ERR,ERR,ERR,ERR,ERR,ERR,ERR,ERR,ERR,ERR,ERR,ERR,ERR,ERR,ERR,ERR,ERR,0.0,2.7184312818759872e+23,-100793952.0,0.0,0.0,1.3936040501711995e+18,7.805,0.0,0,0,4,0,7116,0.0,100,0.0,0.0,0.0,0.0,0.0,0,0,0,0,0.0,0,0,0,0,0,0,0,0,0,0,0,0,0,0,0,0,0,0,0,0,0,0,0,0,0,0,0,0,0,0,0,0,0,31,40,40,71,65476,0,300,0,0,8,21553,0.0,-107605600.0,0.0,0.0,0.0,0.0,0.0,0.0,0.0,0.0,0.0,0.0,0.0,0.0,0.0,0.0,0.0,0.0,0.0,0.0,0.0,0.0,-2.004,-2.004,-2.004,0.0,0.0,0.0,0.0,0.0,6267.0,0.0,6917.0,0.0,2.7184312818759872e+23,-0.0,2.718430741444032e+23,0.0,0.0,0.0,0.0,69,107615408.0,-107615176.0,0.0,0.0,0.0,0.0,0.0,0.0,0.0,0,0,0,0.0,0.0,0.0,0.0,0.0,0.0,0.0,0.0,0.0,0.0,0.0,0.0,0.0,0.0,0.0,0.0,0,-107875648.0,69,0.0,138,0.0,-109447200.0,0,13107,17040,13107,17049,13107,17043,0,0,0,70,68,100,2.7302359370752657e+23,71.1,0.0,74.2,2.7302370179391762e+23,74.0,1,49,50,180,13107,52429,0,0,0.0,0.0,0.0,0.0,-0.0,67.0,0.0,162057.094,0.0,751,0,739,0,0,0,721,0,767,0,736,0,742,0,742,0,712,0,7520,0.032,91804925952.0,0.0,0.0,784,16797,-0.0,162057.094,-114818.039,-0.0,0.133,6.909358625270745e+28,30.0,65.0,35,0.0,0.0,0.0,0.0,0.0,0.0,0.0,0.0,0.0,0.0,0.0,0.0,0.0,0.0,0.0,0.0,69.2,0,150,71,55,65476,0,300,0,1,8,20529,65476,0,0,40632,65.0,0.0,0.0,0.0,0.0,0.0
2026-09-04T20:22:34,ERR,ERR,ERR,ERR,ERR,ERR,ERR,ERR,ERR,ERR,ERR,ERR,ERR,ERR,ERR,ERR,ERR,ERR,ERR,ERR,ERR,ERR,ERR,ERR,ERR,ERR,ERR,ERR,ERR,ERR,ERR,ERR,ERR,ERR,ERR,ERR,ERR,ERR,ERR,ERR,ERR,ERR,ERR,ERR,ERR,ERR,ERR,ERR,ERR,ERR,ERR,ERR,ERR,ERR,ERR,ERR,ERR,ERR,ERR,ERR,ERR,ERR,ERR,ERR,ERR,ERR,ERR,ERR,ERR,ERR,ERR,ERR,ERR,ERR,ERR,ERR,ERR,ERR,ERR,ERR,ERR,ERR,ERR,ERR,ERR,ERR,ERR,ERR,ERR,ERR,ERR,ERR,ERR,ERR,ERR,ERR,ERR,ERR,ERR,ERR,ERR,ERR,ERR,ERR,ERR,ERR,ERR,ERR,ERR,ERR,ERR,ERR,ERR,ERR,ERR,ERR,ERR,ERR,ERR,ERR,ERR,ERR,ERR,ERR,ERR,0.0,2.7184312818759872e+23,-100793952.0,0.0,0.0,1.3936040501711995e+18,7.805,0.0,0,0,4,0,7116,0.0,100,0.0,0.0,0.0,0.0,0.0,0,0,0,0,0.0,0,0,0,0,0,0,0,0,0,0,0,0,0,0,0,0,0,0,0,0,0,0,0,0,0,0,0,0,0,0,0,0,0,31,40,40,71,65476,0,300,0,0,8,21553,0.0,-107605600.0,0.0,0.0,0.0,0.0,0.0,0.0,0.0,0.0,0.0,0.0,0.0,0.0,0.0,0.0,0.0,0.0,0.0,0.0,0.0,0.0,-2.004,-2.004,-2.004,0.0,0.0,0.0,0.0,0.0,6267.0,0.0,6917.0,0.0,2.7184312818759872e+23,-0.0,2.718430741444032e+23,0.0,0.0,0.0,0.0,69,107615408.0,-107615176.0,0.0,0.0,0.0,0.0,0.0,0.0,0.0,0,0,0,0.0,0.0,0.0,0.0,0.0,0.0,0.0,0.0,0.0,0.0,0.0,0.0,0.0,0.0,0.0,0.0,0,-107875648.0,69,0.0,138,0.0,-109447200.0,0,13107,17040,13107,17049,13107,17043,0,0,0,70,68,100,2.7302359370752657e+23,71.1,0.0,74.2,2.7302370179391762e+23,74.0,1,49,50,180,13107,52429,0,0,0.0,0.0,0.0,0.0,-0.0,67.0,0.0,162057.094,0.0,751,0,739,0,0,0,721,0,767,0,736,0,742,0,742,0,712,0,7520,0.032,91804925952.0,0.0,0.0,784,16797,-0.0,162057.094,-114818.039,-0.0,0.133,6.909358625270745e+28,30.0,65.0,35,0.0,0.0,0.0,0.0,0.0,0.0,0.0,0.0,0.0,0.0,0.0,0.0,0.0,0.0,0.0,0.0,69.2,0,150,71,55,65476,0,300,0,1,8,20529,65476,0,0,40632,65.0,0.0,0.0,0.0,0.0,0.0
2026-09-04T20:22:35,ERR,ERR,ERR,ERR,ERR,ERR,ERR,ERR,ERR,ERR,ERR,ERR,ERR,ERR,ERR,ERR,ERR,ERR,ERR,ERR,ERR,ERR,ERR,ERR,ERR,ERR,ERR,ERR,ERR,ERR,ERR,ERR,ERR,ERR,ERR,ERR,ERR,ERR,ERR,ERR,ERR,ERR,ERR,ERR,ERR,ERR,ERR,ERR,ERR,ERR,ERR,ERR,ERR,ERR,ERR,ERR,ERR,ERR,ERR,ERR,ERR,ERR,ERR,ERR,ERR,ERR,ERR,ERR,ERR,ERR,ERR,ERR,ERR,ERR,ERR,ERR,ERR,ERR,ERR,ERR,ERR,ERR,ERR,ERR,ERR,ERR,ERR,ERR,ERR,ERR,ERR,ERR,ERR,ERR,ERR,ERR,ERR,ERR,ERR,ERR,ERR,ERR,ERR,ERR,ERR,ERR,ERR,ERR,ERR,ERR,ERR,ERR,ERR,ERR,ERR,ERR,ERR,ERR,ERR,ERR,ERR,ERR,ERR,ERR,ERR,0.0,2.7184312818759872e+23,-100793952.0,0.0,0.0,1.3936040501711995e+18,7.805,0.0,0,0,4,0,7116,0.0,100,0.0,0.0,0.0,0.0,0.0,0,0,0,0,0.0,0,0,0,0,0,0,0,0,0,0,0,0,0,0,0,0,0,0,0,0,0,0,0,0,0,0,0,0,0,0,0,0,0,31,40,40,71,65476,0,300,0,0,8,21553,0.0,-107605600.0,0.0,0.0,0.0,0.0,0.0,0.0,0.0,0.0,0.0,0.0,0.0,0.0,0.0,0.0,0.0,0.0,0.0,0.0,0.0,0.0,-2.004,-2.004,-2.004,0.0,0.0,0.0,0.0,0.0,6267.0,0.0,6917.0,0.0,2.7184312818759872e+23,-0.0,2.718430741444032e+23,0.0,0.0,0.0,0.0,69,107615408.0,-107615176.0,0.0,0.0,0.0,0.0,0.0,0.0,0.0,0,0,0,0.0,0.0,0.0,0.0,0.0,0.0,0.0,0.0,0.0,0.0,0.0,0.0,0.0,0.0,0.0,0.0,0,-107875648.0,69,0.0,138,0.0,-109447200.0,0,13107,17040,13107,17049,13107,17043,0,0,0,70,68,100,2.7302359370752657e+23,71.1,0.0,74.2,2.7302370179391762e+23,74.0,1,49,50,180,13107,52429,0,0,0.0,0.0,0.0,0.0,-0.0,67.0,0.0,162057.094,0.0,751,0,739,0,0,0,721,0,767,0,736,0,742,0,742,0,712,0,7520,0.032,91804925952.0,0.0,0.0,784,16797,-0.0,162057.094,-114818.039,-0.0,0.133,6.909358625270745e+28,30.0,65.0,35,0.0,0.0,0.0,0.0,0.0,0.0,0.0,0.0,0.0,0.0,0.0,0.0,0.0,0.0,0.0,0.0,69.2,0,150,71,55,65476,0,300,0,1,8,20529,65476,0,0,40632,65.0,0.0,0.0,0.0,0.0,0.0
2026-09-04T20:22:36,ERR,ERR,ERR,ERR,ERR,ERR,ERR,ERR,ERR,ERR,ERR,ERR,ERR,ERR,ERR,ERR,ERR,ERR,ERR,ERR,ERR,ERR,ERR,ERR,ERR,ERR,ERR,ERR,ERR,ERR,ERR,ERR,ERR,ERR,ERR,ERR,ERR,ERR,ERR,ERR,ERR,ERR,ERR,ERR,ERR,ERR,ERR,ERR,ERR,ERR,ERR,ERR,ERR,ERR,ERR,ERR,ERR,ERR,ERR,ERR,ERR,ERR,ERR,ERR,ERR,ERR,ERR,ERR,ERR,ERR,ERR,ERR,ERR,ERR,ERR,ERR,ERR,ERR,ERR,ERR,ERR,ERR,ERR,ERR,ERR,ERR,ERR,ERR,ERR,ERR,ERR,ERR,ERR,ERR,ERR,ERR,ERR,ERR,ERR,ERR,ERR,ERR,ERR,ERR,ERR,ERR,ERR,ERR,ERR,ERR,ERR,ERR,ERR,ERR,ERR,ERR,ERR,ERR,ERR,ERR,ERR,ERR,ERR,ERR,ERR,0.0,2.7184312818759872e+23,-100793952.0,0.0,0.0,1.3936040501711995e+18,7.805,0.0,0,0,4,0,7116,0.0,100,0.0,0.0,0.0,0.0,0.0,0,0,0,0,0.0,0,0,0,0,0,0,0,0,0,0,0,0,0,0,0,0,0,0,0,0,0,0,0,0,0,0,0,0,0,0,0,0,0,31,40,40,71,65476,0,300,0,0,8,21553,0.0,-107605600.0,0.0,0.0,0.0,0.0,0.0,0.0,0.0,0.0,0.0,0.0,0.0,0.0,0.0,0.0,0.0,0.0,0.0,0.0,0.0,0.0,-2.004,-2.004,-2.004,0.0,0.0,0.0,0.0,0.0,6267.0,0.0,6917.0,0.0,2.7184312818759872e+23,-0.0,2.718430741444032e+23,0.0,0.0,0.0,0.0,69,107615408.0,-107615176.0,0.0,0.0,0.0,0.0,0.0,0.0,0.0,0,0,0,0.0,0.0,0.0,0.0,0.0,0.0,0.0,0.0,0.0,0.0,0.0,0.0,0.0,0.0,0.0,0.0,0,-107875648.0,69,0.0,138,0.0,-109447200.0,0,13107,17040,26215,17049,13107,17043,0,0,0,70,68,100,2.7302359370752657e+23,71.2,0.0,74.2,2.7302370179391762e+23,74.0,1,49,50,180,13107,52429,0,0,0.0,0.0,0.0,0.0,-0.0,67.0,0.0,162057.094,0.0,751,0,739,0,0,0,721,0,766,0,736,0,742,0,742,0,712,0,7520,0.032,78920024064.0,0.0,0.0,784,16797,-0.0,162057.094,-114818.039,-0.0,0.133,6.909358625270745e+28,30.0,65.0,35,0.0,0.0,0.0,0.0,0.0,0.0,0.0,0.0,0.0,0.0,0.0,0.0,0.0,0.0,0.0,0.0,69.2,0,150,71,55,65476,0,300,0,1,8,20529,65476,0,0,40632,65.0,0.0,0.0,0.0,0.0,0.0
2026-09-04T20:22:37,ERR,ERR,ERR,ERR,ERR,ERR,ERR,ERR,ERR,ERR,ERR,ERR,ERR,ERR,ERR,ERR,ERR,ERR,ERR,ERR,ERR,ERR,ERR,ERR,ERR,ERR,ERR,ERR,ERR,ERR,ERR,ERR,ERR,ERR,ERR,ERR,ERR,ERR,ERR,ERR,ERR,ERR,ERR,ERR,ERR,ERR,ERR,ERR,ERR,ERR,ERR,ERR,ERR,ERR,ERR,ERR,ERR,ERR,ERR,ERR,ERR,ERR,ERR,ERR,ERR,ERR,ERR,ERR,ERR,ERR,ERR,ERR,ERR,ERR,ERR,ERR,ERR,ERR,ERR,ERR,ERR,ERR,ERR,ERR,ERR,ERR,ERR,ERR,ERR,ERR,ERR,ERR,ERR,ERR,ERR,ERR,ERR,ERR,ERR,ERR,ERR,ERR,ERR,ERR,ERR,ERR,ERR,ERR,ERR,ERR,ERR,ERR,ERR,ERR,ERR,ERR,ERR,ERR,ERR,ERR,ERR,ERR,ERR,ERR,ERR,0.0,2.7184312818759872e+23,-100793952.0,0.0,0.0,1.3936040501711995e+18,7.805,0.0,0,0,4,0,7116,0.0,100,0.0,0.0,0.0,0.0,0.0,0,0,0,0,0.0,0,0,0,0,0,0,0,0,0,0,0,0,0,0,0,0,0,0,0,0,0,0,0,0,0,0,0,0,0,0,0,0,0,31,40,40,71,65476,0,300,0,0,8,21553,0.0,-107605600.0,0.0,0.0,0.0,0.0,0.0,0.0,0.0,0.0,0.0,0.0,0.0,0.0,0.0,0.0,0.0,0.0,0.0,0.0,0.0,0.0,-2.004,-2.004,-2.004,0.0,0.0,0.0,0.0,0.0,6267.0,0.0,6917.0,0.0,2.7184312818759872e+23,-0.0,2.718430741444032e+23,0.0,0.0,0.0,0.0,69,107615408.0,-107615176.0,0.0,0.0,0.0,0.0,0.0,0.0,0.0,0,0,0,0.0,0.0,0.0,0.0,0.0,0.0,0.0,0.0,0.0,0.0,0.0,0.0,0.0,0.0,0.0,0.0,0,-107875648.0,69,0.0,138,0.0,-109447200.0,0,13107,17040,26215,17049,13107,17043,0,0,0,70,68,100,2.7302359370752657e+23,71.2,0.0,74.2,2.7302370179391762e+23,74.0,1,49,50,180,13107,52429,0,0,0.0,0.0,0.0,0.0,-0.0,67.0,0.0,162057.094,0.0,751,0,739,0,0,0,721,0,766,0,736,0,742,0,742,0,712,0,7520,0.032,78920024064.0,0.0,0.0,784,16797,-0.0,162057.094,-114818.039,-0.0,0.133,6.909358625270745e+28,30.0,65.0,35,0.0,0.0,0.0,0.0,0.0,0.0,0.0,0.0,0.0,0.0,0.0,0.0,0.0,0.0,0.0,0.0,69.2,0,150,71,55,65476,0,300,0,1,8,20529,65476,0,0,40632,65.0,0.0,0.0,0.0,0.0,0.0
2026-09-04T20:22:38,ERR,ERR,ERR,ERR,ERR,ERR,ERR,ERR,ERR,ERR,ERR,ERR,ERR,ERR,ERR,ERR,ERR,ERR,ERR,ERR,ERR,ERR,ERR,ERR,ERR,ERR,ERR,ERR,ERR,ERR,ERR,ERR,ERR,ERR,ERR,ERR,ERR,ERR,ERR,ERR,ERR,ERR,ERR,ERR,ERR,ERR,ERR,ERR,ERR,ERR,ERR,ERR,ERR,ERR,ERR,ERR,ERR,ERR,ERR,ERR,ERR,ERR,ERR,ERR,ERR,ERR,ERR,ERR,ERR,ERR,ERR,ERR,ERR,ERR,ERR,ERR,ERR,ERR,ERR,ERR,ERR,ERR,ERR,ERR,ERR,ERR,ERR,ERR,ERR,ERR,ERR,ERR,ERR,ERR,ERR,ERR,ERR,ERR,ERR,ERR,ERR,ERR,ERR,ERR,ERR,ERR,ERR,ERR,ERR,ERR,ERR,ERR,ERR,ERR,ERR,ERR,ERR,ERR,ERR,ERR,ERR,ERR,ERR,ERR,ERR,0.0,2.7184312818759872e+23,-100793952.0,0.0,0.0,1.3936040501711995e+18,7.805,0.0,0,0,4,0,7116,0.0,100,0.0,0.0,0.0,0.0,0.0,0,0,0,0,0.0,0,0,0,0,0,0,0,0,0,0,0,0,0,0,0,0,0,0,0,0,0,0,0,0,0,0,0,0,0,0,0,0,0,31,40,40,71,65476,0,300,0,0,8,21553,0.0,-107605600.0,0.0,0.0,0.0,0.0,0.0,0.0,0.0,0.0,0.0,0.0,0.0,0.0,0.0,0.0,0.0,0.0,0.0,0.0,0.0,0.0,-2.004,-2.004,-2.004,0.0,0.0,0.0,0.0,0.0,6267.0,-0.0,6928.0,0.0,2.7184312818759872e+23,-0.0,2.718430741444032e+23,0.0,0.0,0.0,0.0,69,89221.172,89220.953,0.0,0.0,0.0,0.0,0.0,0.0,0.0,0,0,0,0.0,0.0,0.0,0.0,0.0,0.0,0.0,0.0,0.0,0.0,0.0,0.0,0.0,0.0,0.0,0.0,0,-107875648.0,69,0.0,138,0.0,0.0,0,13107,17040,26215,17049,13107,17043,0,0,0,70,68,100,2.7302359370752657e+23,71.2,0.0,74.2,2.7302370179391762e+23,74.0,1,49,50,180,13107,52429,0,0,0.0,0.0,0.0,0.0,-0.0,67.0,0.0,162057.094,0.0,751,0,739,0,0,0,721,0,766,0,736,0,742,0,742,0,712,0,7520,0.032,78920024064.0,0.0,0.0,784,16797,-0.0,162057.094,-114818.039,-0.0,0.133,6.909358625270745e+28,30.0,65.0,35,0.0,0.0,0.0,0.0,0.0,0.0,0.0,0.0,0.0,0.0,0.0,0.0,0.0,0.0,0.0,0.0,69.2,0,150,71,55,65476,0,300,0,1,8,20529,65476,0,0,40632,65.0,0.0,0.0,0.0,0.0,0.0
2026-09-04T20:22:39,ERR,ERR,ERR,ERR,ERR,ERR,ERR,ERR,ERR,ERR,ERR,ERR,ERR,ERR,ERR,ERR,ERR,ERR,ERR,ERR,ERR,ERR,ERR,ERR,ERR,ERR,ERR,ERR,ERR,ERR,ERR,ERR,ERR,ERR,ERR,ERR,ERR,ERR,ERR,ERR,ERR,ERR,ERR,ERR,ERR,ERR,ERR,ERR,ERR,ERR,ERR,ERR,ERR,ERR,ERR,ERR,ERR,ERR,ERR,ERR,ERR,ERR,ERR,ERR,ERR,ERR,ERR,ERR,ERR,ERR,ERR,ERR,ERR,ERR,ERR,ERR,ERR,ERR,ERR,ERR,ERR,ERR,ERR,ERR,ERR,ERR,ERR,ERR,ERR,ERR,ERR,ERR,ERR,ERR,ERR,ERR,ERR,ERR,ERR,ERR,ERR,ERR,ERR,ERR,ERR,ERR,ERR,ERR,ERR,ERR,ERR,ERR,ERR,ERR,ERR,ERR,ERR,ERR,ERR,ERR,ERR,ERR,ERR,ERR,ERR,0.0,2.7184312818759872e+23,-100793952.0,0.0,0.0,1.3936040501711995e+18,7.805,0.0,0,0,4,0,7116,0.0,100,0.0,0.0,0.0,0.0,0.0,0,0,0,0,0.0,0,0,0,0,0,0,0,0,0,0,0,0,0,0,0,0,0,0,0,0,0,0,0,0,0,0,0,0,0,0,0,0,0,31,40,40,71,65476,0,300,0,0,8,21553,0.0,-107605600.0,0.0,0.0,0.0,0.0,0.0,0.0,0.0,0.0,0.0,0.0,0.0,0.0,0.0,0.0,0.0,0.0,0.0,0.0,0.0,0.0,-2.004,-2.004,-2.004,0.0,0.0,0.0,0.0,0.0,6267.0,-0.0,6928.0,0.0,2.7184312818759872e+23,-0.0,2.718430741444032e+23,0.0,0.0,0.0,0.0,69,89221.172,89220.953,0.0,0.0,0.0,0.0,0.0,0.0,0.0,0,0,0,0.0,0.0,0.0,0.0,0.0,0.0,0.0,0.0,0.0,0.0,0.0,0.0,0.0,0.0,0.0,0.0,0,-107875648.0,69,0.0,138,0.0,0.0,0,13107,17040,26215,17049,13107,17043,0,0,0,70,68,100,2.7302359370752657e+23,71.2,0.0,74.2,2.7302370179391762e+23,74.0,1,49,50,180,13107,52429,0,0,0.0,0.0,0.0,0.0,-0.0,67.0,0.0,162057.094,0.0,751,0,739,0,0,0,721,0,766,0,736,0,742,0,742,0,712,0,7520,0.032,78920024064.0,0.0,0.0,784,16797,-0.0,162057.094,-114818.039,-0.0,0.133,6.909358625270745e+28,30.0,65.0,35,0.0,0.0,0.0,0.0,0.0,0.0,0.0,0.0,0.0,0.0,0.0,0.0,0.0,0.0,0.0,0.0,69.2,0,150,71,55,65476,0,300,0,1,8,20529,65476,0,0,40632,65.0,0.0,0.0,0.0,0.0,0.0
2026-09-04T20:22:40,ERR,ERR,ERR,ERR,ERR,ERR,ERR,ERR,ERR,ERR,ERR,ERR,ERR,ERR,ERR,ERR,ERR,ERR,ERR,ERR,ERR,ERR,ERR,ERR,ERR,ERR,ERR,ERR,ERR,ERR,ERR,ERR,ERR,ERR,ERR,ERR,ERR,ERR,ERR,ERR,ERR,ERR,ERR,ERR,ERR,ERR,ERR,ERR,ERR,ERR,ERR,ERR,ERR,ERR,ERR,ERR,ERR,ERR,ERR,ERR,ERR,ERR,ERR,ERR,ERR,ERR,ERR,ERR,ERR,ERR,ERR,ERR,ERR,ERR,ERR,ERR,ERR,ERR,ERR,ERR,ERR,ERR,ERR,ERR,ERR,ERR,ERR,ERR,ERR,ERR,ERR,ERR,ERR,ERR,ERR,ERR,ERR,ERR,ERR,ERR,ERR,ERR,ERR,ERR,ERR,ERR,ERR,ERR,ERR,ERR,ERR,ERR,ERR,ERR,ERR,ERR,ERR,ERR,ERR,ERR,ERR,ERR,ERR,ERR,ERR,0.0,2.7184312818759872e+23,-100793952.0,0.0,0.0,1.3936040501711995e+18,7.805,0.0,0,0,4,0,7116,0.0,100,0.0,0.0,0.0,0.0,0.0,0,0,0,0,0.0,0,0,0,0,0,0,0,0,0,0,0,0,0,0,0,0,0,0,0,0,0,0,0,0,0,0,0,0,0,0,0,0,0,31,40,40,71,65476,0,300,0,0,8,21553,0.0,-107605600.0,0.0,0.0,0.0,0.0,0.0,0.0,0.0,0.0,0.0,0.0,0.0,0.0,0.0,0.0,0.0,0.0,0.0,0.0,0.0,0.0,-2.004,-2.004,-2.004,0.0,0.0,0.0,0.0,0.0,6267.0,-0.0,6928.0,0.0,2.7184312818759872e+23,-0.0,2.718430741444032e+23,0.0,0.0,0.0,0.0,69,89221.172,89220.953,0.0,0.0,0.0,0.0,0.0,0.0,0.0,0,0,0,0.0,0.0,0.0,0.0,0.0,0.0,0.0,0.0,0.0,0.0,0.0,0.0,0.0,0.0,0.0,0.0,0,-107875648.0,69,0.0,138,0.0,0.0,0,13107,17040,26215,17049,13107,17043,0,0,0,70,68,100,2.7302359370752657e+23,71.2,0.0,74.2,2.7302370179391762e+23,74.0,1,49,50,180,13107,52429,0,0,0.0,0.0,0.0,0.0,-0.0,67.0,0.0,162057.094,0.0,751,0,739,0,0,0,721,0,766,0,736,0,742,0,742,0,712,0,7520,0.032,78920024064.0,0.0,0.0,784,16797,-0.0,162057.094,-114818.039,-0.0,0.133,6.909358625270745e+28,30.0,65.0,35,0.0,0.0,0.0,0.0,0.0,0.0,0.0,0.0,0.0,0.0,0.0,0.0,0.0,0.0,0.0,0.0,69.2,0,150,71,55,65476,0,300,0,1,8,20529,65476,0,0,40632,65.0,0.0,0.0,0.0,0.0,0.0
2026-09-04T20:22:41,ERR,ERR,ERR,ERR,ERR,ERR,ERR,ERR,ERR,ERR,ERR,ERR,ERR,ERR,ERR,ERR,ERR,ERR,ERR,ERR,ERR,ERR,ERR,ERR,ERR,ERR,ERR,ERR,ERR,ERR,ERR,ERR,ERR,ERR,ERR,ERR,ERR,ERR,ERR,ERR,ERR,ERR,ERR,ERR,ERR,ERR,ERR,ERR,ERR,ERR,ERR,ERR,ERR,ERR,ERR,ERR,ERR,ERR,ERR,ERR,ERR,ERR,ERR,ERR,ERR,ERR,ERR,ERR,ERR,ERR,ERR,ERR,ERR,ERR,ERR,ERR,ERR,ERR,ERR,ERR,ERR,ERR,ERR,ERR,ERR,ERR,ERR,ERR,ERR,ERR,ERR,ERR,ERR,ERR,ERR,ERR,ERR,ERR,ERR,ERR,ERR,ERR,ERR,ERR,ERR,ERR,ERR,ERR,ERR,ERR,ERR,ERR,ERR,ERR,ERR,ERR,ERR,ERR,ERR,ERR,ERR,ERR,ERR,ERR,ERR,0.0,2.7184312818759872e+23,-100793952.0,0.0,0.0,1.3936040501711995e+18,7.805,0.0,0,0,4,0,7116,0.0,100,0.0,0.0,0.0,0.0,0.0,0,0,0,0,0.0,0,0,0,0,0,0,0,0,0,0,0,0,0,0,0,0,0,0,0,0,0,0,0,0,0,0,0,0,0,0,0,0,0,31,40,40,71,65476,0,300,0,0,8,21553,0.0,-107605600.0,0.0,0.0,0.0,0.0,0.0,0.0,0.0,0.0,0.0,0.0,0.0,0.0,0.0,0.0,0.0,0.0,0.0,0.0,0.0,0.0,-2.004,-2.004,-2.004,0.0,0.0,0.0,0.0,0.0,6267.0,-0.0,6928.0,0.0,2.7184312818759872e+23,-0.0,2.718430741444032e+23,0.0,0.0,0.0,0.0,69,89221.172,89220.953,0.0,0.0,0.0,0.0,0.0,0.0,0.0,0,0,0,0.0,0.0,0.0,0.0,0.0,0.0,0.0,0.0,0.0,0.0,0.0,0.0,0.0,0.0,0.0,0.0,0,-107875648.0,69,0.0,138,0.0,0.0,0,13107,17040,13107,17049,13107,17043,0,0,0,70,68,100,2.7302359370752657e+23,71.2,2.7302370179391762e+23,74.2,2.7302370179391762e+23,74.0,1,49,50,180,13107,52429,0,0,0.0,0.0,0.0,0.0,-0.0,67.0,0.0,162057.094,0.0,751,0,739,0,0,0,721,0,766,0,736,0,742,0,742,0,712,0,7520,0.032,82678120448.0,0.0,0.0,784,16797,-0.0,162057.094,-114818.039,-0.0,0.133,6.909358625270745e+28,30.0,65.0,35,0.0,0.0,0.0,0.0,0.0,0.0,0.0,0.0,0.0,0.0,0.0,0.0,0.0,0.0,0.0,0.0,69.2,0,150,71,55,65476,0,300,0,1,8,20529,65476,0,0,40632,65.0,0.0,0.0,0.0,0.0,0.0
2026-09-04T20:22:42,ERR,ERR,ERR,ERR,ERR,ERR,ERR,ERR,ERR,ERR,ERR,ERR,ERR,ERR,ERR,ERR,ERR,ERR,ERR,ERR,ERR,ERR,ERR,ERR,ERR,ERR,ERR,ERR,ERR,ERR,ERR,ERR,ERR,ERR,ERR,ERR,ERR,ERR,ERR,ERR,ERR,ERR,ERR,ERR,ERR,ERR,ERR,ERR,ERR,ERR,ERR,ERR,ERR,ERR,ERR,ERR,ERR,ERR,ERR,ERR,ERR,ERR,ERR,ERR,ERR,ERR,ERR,ERR,ERR,ERR,ERR,ERR,ERR,ERR,ERR,ERR,ERR,ERR,ERR,ERR,ERR,ERR,ERR,ERR,ERR,ERR,ERR,ERR,ERR,ERR,ERR,ERR,ERR,ERR,ERR,ERR,ERR,ERR,ERR,ERR,ERR,ERR,ERR,ERR,ERR,ERR,ERR,ERR,ERR,ERR,ERR,ERR,ERR,ERR,ERR,ERR,ERR,ERR,ERR,ERR,ERR,ERR,ERR,ERR,ERR,0.0,2.7184312818759872e+23,-100793952.0,0.0,0.0,1.3936040501711995e+18,7.805,0.0,0,0,4,0,7116,0.0,100,0.0,0.0,0.0,0.0,0.0,0,0,0,0,0.0,0,0,0,0,0,0,0,0,0,0,0,0,0,0,0,0,0,0,0,0,0,0,0,0,0,0,0,0,0,0,0,0,0,31,40,40,71,65476,0,300,0,0,8,21553,0.0,-107605600.0,0.0,0.0,0.0,0.0,0.0,0.0,0.0,0.0,0.0,0.0,0.0,0.0,0.0,0.0,0.0,0.0,0.0,0.0,0.0,0.0,-2.004,-2.004,-2.004,0.0,0.0,0.0,0.0,0.0,6267.0,-0.0,6928.0,0.0,2.7184312818759872e+23,-0.0,2.718430741444032e+23,0.0,0.0,0.0,0.0,69,89221.172,89220.953,0.0,0.0,0.0,0.0,0.0,0.0,0.0,0,0,0,0.0,0.0,0.0,0.0,0.0,0.0,0.0,0.0,0.0,0.0,0.0,0.0,0.0,0.0,0.0,0.0,0,-107875648.0,69,0.0,138,0.0,0.0,0,13107,17040,13107,17049,13107,17043,0,0,0,70,68,100,2.7302359370752657e+23,71.2,2.7302370179391762e+23,74.2,2.7302370179391762e+23,74.0,1,49,50,180,13107,52429,0,0,0.0,0.0,0.0,0.0,-0.0,67.0,0.0,162057.094,0.0,751,0,739,0,0,0,721,0,766,0,736,0,742,0,742,0,712,0,7520,0.032,82678120448.0,0.0,0.0,784,16797,-0.0,162057.094,-114818.039,-0.0,0.133,6.909358625270745e+28,30.0,65.0,35,0.0,0.0,0.0,0.0,0.0,0.0,0.0,0.0,0.0,0.0,0.0,0.0,0.0,0.0,0.0,0.0,69.2,0,150,71,55,65476,0,300,0,1,8,20529,65476,0,0,40632,65.0,0.0,0.0,0.0,0.0,0.0
2026-09-04T20:22:43,ERR,ERR,ERR,ERR,ERR,ERR,ERR,ERR,ERR,ERR,ERR,ERR,ERR,ERR,ERR,ERR,ERR,ERR,ERR,ERR,ERR,ERR,ERR,ERR,ERR,ERR,ERR,ERR,ERR,ERR,ERR,ERR,ERR,ERR,ERR,ERR,ERR,ERR,ERR,ERR,ERR,ERR,ERR,ERR,ERR,ERR,ERR,ERR,ERR,ERR,ERR,ERR,ERR,ERR,ERR,ERR,ERR,ERR,ERR,ERR,ERR,ERR,ERR,ERR,ERR,ERR,ERR,ERR,ERR,ERR,ERR,ERR,ERR,ERR,ERR,ERR,ERR,ERR,ERR,ERR,ERR,ERR,ERR,ERR,ERR,ERR,ERR,ERR,ERR,ERR,ERR,ERR,ERR,ERR,ERR,ERR,ERR,ERR,ERR,ERR,ERR,ERR,ERR,ERR,ERR,ERR,ERR,ERR,ERR,ERR,ERR,ERR,ERR,ERR,ERR,ERR,ERR,ERR,ERR,ERR,ERR,ERR,ERR,ERR,ERR,0.0,2.7184312818759872e+23,-100793952.0,0.0,0.0,1.3936040501711995e+18,7.805,0.0,0,0,4,0,7116,0.0,100,0.0,0.0,0.0,0.0,0.0,0,0,0,0,0.0,0,0,0,0,0,0,0,0,0,0,0,0,0,0,0,0,0,0,0,0,0,0,0,0,0,0,0,0,0,0,0,0,0,31,40,40,71,65476,0,300,0,0,8,21553,0.0,-107605600.0,0.0,0.0,0.0,0.0,0.0,0.0,0.0,0.0,0.0,0.0,0.0,0.0,0.0,0.0,0.0,0.0,0.0,0.0,0.0,0.0,-2.004,-2.004,-2.004,0.0,0.0,0.0,0.0,0.0,6267.0,-0.0,6928.0,0.0,2.7184312818759872e+23,-0.0,2.718430741444032e+23,0.0,0.0,0.0,0.0,69,89221.172,89220.953,0.0,0.0,0.0,0.0,0.0,0.0,0.0,0,0,0,0.0,0.0,0.0,0.0,0.0,0.0,0.0,0.0,0.0,0.0,0.0,0.0,0.0,0.0,0.0,0.0,0,-107875648.0,69,0.0,138,0.0,0.0,0,13107,17040,13107,17049,13107,17043,0,0,0,70,68,100,2.7302359370752657e+23,71.2,2.7302370179391762e+23,74.2,2.7302370179391762e+23,74.0,1,49,50,180,13107,52429,0,0,0.0,0.0,0.0,0.0,-0.0,67.0,0.0,162057.094,0.0,751,0,739,0,0,0,721,0,766,0,736,0,742,0,742,0,712,0,7520,0.032,82678120448.0,0.0,0.0,784,16797,-0.0,162057.094,-114818.039,-0.0,0.133,6.909358625270745e+28,30.0,65.0,35,0.0,0.0,0.0,0.0,0.0,0.0,0.0,0.0,0.0,0.0,0.0,0.0,0.0,0.0,0.0,0.0,69.2,0,150,71,55,65476,0,300,0,1,8,20529,65476,0,0,40632,65.0,0.0,0.0,0.0,0.0,0.0
2026-09-04T20:22:44,ERR,ERR,ERR,ERR,ERR,ERR,ERR,ERR,ERR,ERR,ERR,ERR,ERR,ERR,ERR,ERR,ERR,ERR,ERR,ERR,ERR,ERR,ERR,ERR,ERR,ERR,ERR,ERR,ERR,ERR,ERR,ERR,ERR,ERR,ERR,ERR,ERR,ERR,ERR,ERR,ERR,ERR,ERR,ERR,ERR,ERR,ERR,ERR,ERR,ERR,ERR,ERR,ERR,ERR,ERR,ERR,ERR,ERR,ERR,ERR,ERR,ERR,ERR,ERR,ERR,ERR,ERR,ERR,ERR,ERR,ERR,ERR,ERR,ERR,ERR,ERR,ERR,ERR,ERR,ERR,ERR,ERR,ERR,ERR,ERR,ERR,ERR,ERR,ERR,ERR,ERR,ERR,ERR,ERR,ERR,ERR,ERR,ERR,ERR,ERR,ERR,ERR,ERR,ERR,ERR,ERR,ERR,ERR,ERR,ERR,ERR,ERR,ERR,ERR,ERR,ERR,ERR,ERR,ERR,ERR,ERR,ERR,ERR,ERR,ERR,0.0,2.7184312818759872e+23,-100793952.0,0.0,0.0,1.3936040501711995e+18,7.805,0.0,0,0,4,0,7116,0.0,100,0.0,0.0,0.0,0.0,0.0,0,0,0,0,0.0,0,0,0,0,0,0,0,0,0,0,0,0,0,0,0,0,0,0,0,0,0,0,0,0,0,0,0,0,0,0,0,0,0,31,40,40,71,65476,0,300,0,0,8,21553,0.0,-107605600.0,0.0,0.0,0.0,0.0,0.0,0.0,0.0,0.0,0.0,0.0,0.0,0.0,0.0,0.0,0.0,0.0,0.0,0.0,0.0,0.0,-2.004,-2.004,-2.004,0.0,0.0,0.0,0.0,0.0,6267.0,-0.0,6928.0,0.0,2.7184312818759872e+23,-0.0,2.718430741444032e+23,0.0,0.0,0.0,0.0,69,89221.172,89220.953,0.0,0.0,0.0,0.0,0.0,0.0,0.0,0,0,0,0.0,0.0,0.0,0.0,0.0,0.0,0.0,0.0,0.0,0.0,0.0,0.0,0.0,0.0,0.0,0.0,0,-107875648.0,69,0.0,138,0.0,0.0,0,13107,17040,13107,17049,13107,17043,0,0,0,70,68,100,2.7302359370752657e+23,71.2,2.7302370179391762e+23,74.2,2.7302370179391762e+23,74.0,1,49,50,180,13107,52429,0,0,0.0,0.0,0.0,0.0,-0.0,67.0,0.0,162057.094,0.0,751,0,739,0,0,0,721,0,766,0,736,0,742,0,742,0,712,0,7520,0.032,82678120448.0,0.0,0.0,784,16797,-0.0,162057.094,-114818.039,-0.0,0.133,6.909358625270745e+28,30.0,65.0,35,0.0,0.0,0.0,0.0,0.0,0.0,0.0,0.0,0.0,0.0,0.0,0.0,0.0,0.0,0.0,0.0,69.2,0,150,71,55,65476,0,300,0,1,8,20529,65476,0,0,40632,65.0,0.0,0.0,0.0,0.0,0.0
2026-09-04T20:22:45,ERR,ERR,ERR,ERR,ERR,ERR,ERR,ERR,ERR,ERR,ERR,ERR,ERR,ERR,ERR,ERR,ERR,ERR,ERR,ERR,ERR,ERR,ERR,ERR,ERR,ERR,ERR,ERR,ERR,ERR,ERR,ERR,ERR,ERR,ERR,ERR,ERR,ERR,ERR,ERR,ERR,ERR,ERR,ERR,ERR,ERR,ERR,ERR,ERR,ERR,ERR,ERR,ERR,ERR,ERR,ERR,ERR,ERR,ERR,ERR,ERR,ERR,ERR,ERR,ERR,ERR,ERR,ERR,ERR,ERR,ERR,ERR,ERR,ERR,ERR,ERR,ERR,ERR,ERR,ERR,ERR,ERR,ERR,ERR,ERR,ERR,ERR,ERR,ERR,ERR,ERR,ERR,ERR,ERR,ERR,ERR,ERR,ERR,ERR,ERR,ERR,ERR,ERR,ERR,ERR,ERR,ERR,ERR,ERR,ERR,ERR,ERR,ERR,ERR,ERR,ERR,ERR,ERR,ERR,ERR,ERR,ERR,ERR,ERR,ERR,0.0,2.7184312818759872e+23,-100793952.0,0.0,0.0,1.3936040501711995e+18,7.805,0.0,0,0,4,0,7116,0.0,100,0.0,0.0,0.0,0.0,0.0,0,0,0,0,0.0,0,0,0,0,0,0,0,0,0,0,0,0,0,0,0,0,0,0,0,0,0,0,0,0,0,0,0,0,0,0,0,0,0,31,40,40,71,65476,0,300,0,0,8,21553,0.0,-107605600.0,0.0,0.0,0.0,0.0,0.0,0.0,0.0,0.0,0.0,0.0,0.0,0.0,0.0,0.0,0.0,0.0,0.0,0.0,0.0,0.0,0.0,-2.004,-2.004,-2.004,0.0,0.0,0.0,0.0,6270.0,-0.0,6933.0,2.718430741444032e+23,2.7184312818759872e+23,-0.0,0.0,0.0,0.0,0.0,0.0,69,107615408.0,4.066872547480485e+29,0.0,0.0,0.0,0.0,0.0,0.0,0.0,0,0,0,0.0,0.0,0.0,0.0,0.0,0.0,0.0,0.0,0.0,0.0,0.0,0.0,0.0,0.0,0.0,0.0,0,-107875648.0,69,0.0,138,0.0,-109447200.0,0,13107,17040,13107,17049,13107,17043,0,0,0,70,68,100,2.7302359370752657e+23,71.2,2.7302370179391762e+23,74.2,2.7302370179391762e+23,74.0,1,49,50,180,13107,52429,0,0,0.0,0.0,0.0,0.0,-0.0,67.0,0.0,162057.094,0.0,751,0,739,0,0,0,721,0,766,0,736,0,742,0,742,0,712,0,7520,0.032,82678120448.0,0.0,0.0,784,16797,-0.0,162057.094,-114818.039,-0.0,0.133,6.909358625270745e+28,30.0,65.0,35,0.0,0.0,0.0,0.0,0.0,0.0,0.0,0.0,0.0,0.0,0.0,0.0,0.0,0.0,0.0,0.0,69.2,0,150,71,55,65476,0,300,0,1,8,20529,65476,0,0,40632,65.0,0.0,0.0,0.0,0.0,0.0
2026-09-04T20:22:46,ERR,ERR,ERR,ERR,ERR,ERR,ERR,ERR,ERR,ERR,ERR,ERR,ERR,ERR,ERR,ERR,ERR,ERR,ERR,ERR,ERR,ERR,ERR,ERR,ERR,ERR,ERR,ERR,ERR,ERR,ERR,ERR,ERR,ERR,ERR,ERR,ERR,ERR,ERR,ERR,ERR,ERR,ERR,ERR,ERR,ERR,ERR,ERR,ERR,ERR,ERR,ERR,ERR,ERR,ERR,ERR,ERR,ERR,ERR,ERR,ERR,ERR,ERR,ERR,ERR,ERR,ERR,ERR,ERR,ERR,ERR,ERR,ERR,ERR,ERR,ERR,ERR,ERR,ERR,ERR,ERR,ERR,ERR,ERR,ERR,ERR,ERR,ERR,ERR,ERR,ERR,ERR,ERR,ERR,ERR,ERR,ERR,ERR,ERR,ERR,ERR,ERR,ERR,ERR,ERR,ERR,ERR,ERR,ERR,ERR,ERR,ERR,ERR,ERR,ERR,ERR,ERR,ERR,ERR,ERR,ERR,ERR,ERR,ERR,ERR,0.0,2.7184312818759872e+23,-100793952.0,0.0,0.0,1.3936040501711995e+18,7.805,0.0,0,0,4,0,7116,0.0,100,0.0,0.0,0.0,0.0,0.0,0,0,0,0,0.0,0,0,0,0,0,0,0,0,0,0,0,0,0,0,0,0,0,0,0,0,0,0,0,0,0,0,0,0,0,0,0,0,0,31,40,40,71,65476,0,300,0,0,8,21553,0.0,-107605600.0,0.0,0.0,0.0,0.0,0.0,0.0,0.0,0.0,0.0,0.0,0.0,0.0,0.0,0.0,0.0,0.0,0.0,0.0,0.0,0.0,0.0,-2.004,-2.004,-2.004,0.0,0.0,0.0,0.0,6270.0,-0.0,6933.0,2.718430741444032e+23,2.7184312818759872e+23,-0.0,0.0,0.0,0.0,0.0,0.0,69,107615408.0,4.066872547480485e+29,0.0,0.0,0.0,0.0,0.0,0.0,0.0,0,0,0,0.0,0.0,0.0,0.0,0.0,0.0,0.0,0.0,0.0,0.0,0.0,0.0,0.0,0.0,0.0,0.0,0,-107875648.0,69,0.0,138,0.0,-109447200.0,0,13107,17040,13107,17049,13107,17043,0,0,0,70,68,100,2.7302359370752657e+23,71.2,2.7302370179391762e+23,74.2,2.7302370179391762e+23,74.0,1,49,50,180,13107,52429,0,0,0.0,0.0,0.0,0.0,-0.0,67.0,0.0,162057.094,0.0,751,0,739,0,0,0,721,0,766,0,736,0,742,0,741,0,712,0,7520,0.032,79456894976.0,0.0,0.0,784,16797,-0.0,162057.094,-114818.039,-0.0,0.133,6.909358625270745e+28,30.0,65.0,35,0.0,0.0,0.0,0.0,0.0,0.0,0.0,0.0,0.0,0.0,0.0,0.0,0.0,0.0,0.0,0.0,69.2,0,150,71,55,65476,0,300,0,1,8,20529,65476,0,0,40632,65.0,0.0,0.0,0.0,0.0,0.0
2026-09-04T20:22:47,ERR,ERR,ERR,ERR,ERR,ERR,ERR,ERR,ERR,ERR,ERR,ERR,ERR,ERR,ERR,ERR,ERR,ERR,ERR,ERR,ERR,ERR,ERR,ERR,ERR,ERR,ERR,ERR,ERR,ERR,ERR,ERR,ERR,ERR,ERR,ERR,ERR,ERR,ERR,ERR,ERR,ERR,ERR,ERR,ERR,ERR,ERR,ERR,ERR,ERR,ERR,ERR,ERR,ERR,ERR,ERR,ERR,ERR,ERR,ERR,ERR,ERR,ERR,ERR,ERR,ERR,ERR,ERR,ERR,ERR,ERR,ERR,ERR,ERR,ERR,ERR,ERR,ERR,ERR,ERR,ERR,ERR,ERR,ERR,ERR,ERR,ERR,ERR,ERR,ERR,ERR,ERR,ERR,ERR,ERR,ERR,ERR,ERR,ERR,ERR,ERR,ERR,ERR,ERR,ERR,ERR,ERR,ERR,ERR,ERR,ERR,ERR,ERR,ERR,ERR,ERR,ERR,ERR,ERR,ERR,ERR,ERR,ERR,ERR,ERR,0.0,2.7184312818759872e+23,-100793952.0,0.0,0.0,1.3936040501711995e+18,7.805,0.0,0,0,4,0,7116,0.0,100,0.0,0.0,0.0,0.0,0.0,0,0,0,0,0.0,0,0,0,0,0,0,0,0,0,0,0,0,0,0,0,0,0,0,0,0,0,0,0,0,0,0,0,0,0,0,0,0,0,31,40,40,71,65476,0,300,0,0,8,21553,0.0,-107605600.0,0.0,0.0,0.0,0.0,0.0,0.0,0.0,0.0,0.0,0.0,0.0,0.0,0.0,0.0,0.0,0.0,0.0,0.0,0.0,0.0,0.0,-2.004,-2.004,-2.004,0.0,0.0,0.0,0.0,6270.0,-0.0,6933.0,2.718430741444032e+23,2.7184312818759872e+23,-0.0,0.0,0.0,0.0,0.0,0.0,69,107615408.0,4.066872547480485e+29,0.0,0.0,0.0,0.0,0.0,0.0,0.0,0,0,0,0.0,0.0,0.0,0.0,0.0,0.0,0.0,0.0,0.0,0.0,0.0,0.0,0.0,0.0,0.0,0.0,0,-107875648.0,69,0.0,138,0.0,-109447200.0,0,13107,17040,13107,17049,13107,17043,0,0,0,70,68,100,2.7302359370752657e+23,71.2,2.7302370179391762e+23,74.2,2.7302370179391762e+23,74.0,1,49,50,180,13107,52429,0,0,0.0,0.0,0.0,0.0,-0.0,67.0,0.0,162057.094,0.0,751,0,739,0,0,0,721,0,766,0,736,0,742,0,741,0,712,0,7520,0.032,79456894976.0,0.0,0.0,784,16797,-0.0,162057.094,-114818.039,-0.0,0.133,6.909358625270745e+28,30.0,65.0,35,0.0,0.0,0.0,0.0,0.0,0.0,0.0,0.0,0.0,0.0,0.0,0.0,0.0,0.0,0.0,0.0,69.2,0,150,71,55,65476,0,300,0,1,8,20529,65476,0,0,40632,65.0,0.0,0.0,0.0,0.0,0.0
2026-09-04T20:22:48,ERR,ERR,ERR,ERR,ERR,ERR,ERR,ERR,ERR,ERR,ERR,ERR,ERR,ERR,ERR,ERR,ERR,ERR,ERR,ERR,ERR,ERR,ERR,ERR,ERR,ERR,ERR,ERR,ERR,ERR,ERR,ERR,ERR,ERR,ERR,ERR,ERR,ERR,ERR,ERR,ERR,ERR,ERR,ERR,ERR,ERR,ERR,ERR,ERR,ERR,ERR,ERR,ERR,ERR,ERR,ERR,ERR,ERR,ERR,ERR,ERR,ERR,ERR,ERR,ERR,ERR,ERR,ERR,ERR,ERR,ERR,ERR,ERR,ERR,ERR,ERR,ERR,ERR,ERR,ERR,ERR,ERR,ERR,ERR,ERR,ERR,ERR,ERR,ERR,ERR,ERR,ERR,ERR,ERR,ERR,ERR,ERR,ERR,ERR,ERR,ERR,ERR,ERR,ERR,ERR,ERR,ERR,ERR,ERR,ERR,ERR,ERR,ERR,ERR,ERR,ERR,ERR,ERR,ERR,ERR,ERR,ERR,ERR,ERR,ERR,0.0,2.7184312818759872e+23,-100793952.0,0.0,0.0,1.3936040501711995e+18,7.805,0.0,0,0,4,0,7116,0.0,100,0.0,0.0,0.0,0.0,0.0,0,0,0,0,0.0,0,0,0,0,0,0,0,0,0,0,0,0,0,0,0,0,0,0,0,0,0,0,0,0,0,0,0,0,0,0,0,0,0,31,40,40,71,65476,0,300,0,0,8,21553,0.0,-107605600.0,0.0,0.0,0.0,0.0,0.0,0.0,0.0,0.0,0.0,0.0,0.0,0.0,0.0,0.0,0.0,0.0,0.0,0.0,0.0,0.0,0.0,-2.004,-2.004,-2.004,0.0,0.0,0.0,0.0,6270.0,-0.0,6933.0,2.718430741444032e+23,2.7184312818759872e+23,-0.0,0.0,0.0,0.0,0.0,0.0,69,107615408.0,4.066872547480485e+29,0.0,0.0,0.0,0.0,0.0,0.0,0.0,0,0,0,0.0,0.0,0.0,0.0,0.0,0.0,0.0,0.0,0.0,0.0,0.0,0.0,0.0,0.0,0.0,0.0,0,-107875648.0,69,0.0,138,0.0,-109447200.0,0,13107,17040,13107,17049,13107,17043,0,0,0,70,68,100,2.7302359370752657e+23,71.2,2.7302370179391762e+23,74.2,2.7302370179391762e+23,74.0,1,49,50,180,13107,52429,0,0,0.0,0.0,0.0,0.0,-0.0,67.0,0.0,162057.094,0.0,751,0,739,0,0,0,721,0,766,0,736,0,742,0,741,0,712,0,7520,0.032,79456894976.0,0.0,0.0,784,16797,-0.0,162057.094,-114818.039,-0.0,0.133,6.909358625270745e+28,30.0,65.0,35,0.0,0.0,0.0,0.0,0.0,0.0,0.0,0.0,0.0,0.0,0.0,0.0,0.0,0.0,0.0,0.0,69.2,0,150,71,55,65476,0,300,0,1,8,20529,65476,0,0,40632,65.0,0.0,0.0,0.0,0.0,0.0
2026-09-04T20:22:49,ERR,ERR,ERR,ERR,ERR,ERR,ERR,ERR,ERR,ERR,ERR,ERR,ERR,ERR,ERR,ERR,ERR,ERR,ERR,ERR,ERR,ERR,ERR,ERR,ERR,ERR,ERR,ERR,ERR,ERR,ERR,ERR,ERR,ERR,ERR,ERR,ERR,ERR,ERR,ERR,ERR,ERR,ERR,ERR,ERR,ERR,ERR,ERR,ERR,ERR,ERR,ERR,ERR,ERR,ERR,ERR,ERR,ERR,ERR,ERR,ERR,ERR,ERR,ERR,ERR,ERR,ERR,ERR,ERR,ERR,ERR,ERR,ERR,ERR,ERR,ERR,ERR,ERR,ERR,ERR,ERR,ERR,ERR,ERR,ERR,ERR,ERR,ERR,ERR,ERR,ERR,ERR,ERR,ERR,ERR,ERR,ERR,ERR,ERR,ERR,ERR,ERR,ERR,ERR,ERR,ERR,ERR,ERR,ERR,ERR,ERR,ERR,ERR,ERR,ERR,ERR,ERR,ERR,ERR,ERR,ERR,ERR,ERR,ERR,ERR,0.0,2.7184312818759872e+23,-100793952.0,0.0,0.0,1.3936040501711995e+18,7.805,0.0,0,0,4,0,7116,0.0,100,0.0,0.0,0.0,0.0,0.0,0,0,0,0,0.0,0,0,0,0,0,0,0,0,0,0,0,0,0,0,0,0,0,0,0,0,0,0,0,0,0,0,0,0,0,0,0,0,0,31,40,40,71,65476,0,300,0,0,8,21553,0.0,-107605600.0,0.0,0.0,0.0,0.0,0.0,0.0,0.0,0.0,0.0,0.0,0.0,0.0,0.0,0.0,0.0,0.0,0.0,0.0,0.0,0.0,0.0,-2.004,-2.004,-2.004,0.0,0.0,0.0,0.0,6270.0,-0.0,6933.0,2.718430741444032e+23,2.7184312818759872e+23,-0.0,0.0,0.0,0.0,0.0,0.0,69,107615408.0,4.066872547480485e+29,0.0,0.0,0.0,0.0,0.0,0.0,0.0,0,0,0,0.0,0.0,0.0,0.0,0.0,0.0,0.0,0.0,0.0,0.0,0.0,0.0,0.0,0.0,0.0,0.0,0,-107875648.0,69,0.0,138,0.0,-109447200.0,0,13107,17040,13107,17049,13107,17043,0,0,0,70,68,100,2.7302359370752657e+23,71.2,2.7302370179391762e+23,74.2,2.7302370179391762e+23,74.0,1,49,50,180,13107,52429,0,0,0.0,0.0,0.0,0.0,-0.0,67.0,0.0,162057.094,0.0,751,0,739,0,0,0,721,0,766,0,736,0,742,0,741,0,712,0,7520,0.032,79456894976.0,0.0,0.0,784,16797,-0.0,162057.094,-114818.039,-0.0,0.133,6.909358625270745e+28,30.0,65.0,35,0.0,0.0,0.0,0.0,0.0,0.0,0.0,0.0,0.0,0.0,0.0,0.0,0.0,0.0,0.0,0.0,69.2,0,150,71,55,65476,0,300,0,1,8,20529,65476,0,0,40632,65.0,0.0,0.0,0.0,0.0,0.0
2026-09-04T20:22:50,ERR,ERR,ERR,ERR,ERR,ERR,ERR,ERR,ERR,ERR,ERR,ERR,ERR,ERR,ERR,ERR,ERR,ERR,ERR,ERR,ERR,ERR,ERR,ERR,ERR,ERR,ERR,ERR,ERR,ERR,ERR,ERR,ERR,ERR,ERR,ERR,ERR,ERR,ERR,ERR,ERR,ERR,ERR,ERR,ERR,ERR,ERR,ERR,ERR,ERR,ERR,ERR,ERR,ERR,ERR,ERR,ERR,ERR,ERR,ERR,ERR,ERR,ERR,ERR,ERR,ERR,ERR,ERR,ERR,ERR,ERR,ERR,ERR,ERR,ERR,ERR,ERR,ERR,ERR,ERR,ERR,ERR,ERR,ERR,ERR,ERR,ERR,ERR,ERR,ERR,ERR,ERR,ERR,ERR,ERR,ERR,ERR,ERR,ERR,ERR,ERR,ERR,ERR,ERR,ERR,ERR,ERR,ERR,ERR,ERR,ERR,ERR,ERR,ERR,ERR,ERR,ERR,ERR,ERR,ERR,ERR,ERR,ERR,ERR,ERR,0.0,2.7184312818759872e+23,-100793952.0,0.0,0.0,1.3936040501711995e+18,7.805,0.0,0,0,4,0,7116,0.0,100,0.0,0.0,0.0,0.0,0.0,0,0,0,0,0.0,0,0,0,0,0,0,0,0,0,0,0,0,0,0,0,0,0,0,0,0,0,0,0,0,0,0,0,0,0,0,0,0,0,31,40,40,71,65476,0,300,0,0,8,21553,0.0,-107605600.0,0.0,0.0,0.0,0.0,0.0,0.0,0.0,0.0,0.0,0.0,0.0,0.0,0.0,0.0,0.0,0.0,0.0,0.0,0.0,0.0,0.0,-2.004,-2.004,-2.004,0.0,0.0,0.0,0.0,6270.0,-0.0,6933.0,2.718430741444032e+23,2.7184312818759872e+23,-0.0,0.0,0.0,0.0,0.0,0.0,69,107615408.0,4.066872547480485e+29,0.0,0.0,0.0,0.0,0.0,0.0,0.0,0,0,0,0.0,0.0,0.0,0.0,0.0,0.0,0.0,0.0,0.0,0.0,0.0,0.0,0.0,0.0,0.0,0.0,0,-107875648.0,69,0.0,138,0.0,-109447200.0,0,13107,17040,13107,17049,13107,17043,0,0,0,70,68,100,2.7302359370752657e+23,71.2,2.7302370179391762e+23,74.2,2.7302370179391762e+23,74.0,1,49,50,180,13107,52429,0,0,0.0,0.0,0.0,0.0,-0.0,67.0,0.0,162057.094,0.0,751,0,739,0,0,0,721,0,766,0,736,0,742,0,741,0,712,0,7520,0.032,79456894976.0,0.0,0.0,784,16797,-0.0,162057.094,-114818.039,-0.0,0.133,6.909358625270745e+28,30.0,65.0,35,0.0,0.0,0.0,0.0,0.0,0.0,0.0,0.0,0.0,0.0,0.0,0.0,0.0,0.0,0.0,0.0,69.2,0,150,71,55,65476,0,300,0,1,8,20529,65476,0,0,40632,65.0,0.0,0.0,0.0,0.0,0.0
2026-09-04T20:22:51,ERR,ERR,ERR,ERR,ERR,ERR,ERR,ERR,ERR,ERR,ERR,ERR,ERR,ERR,ERR,ERR,ERR,ERR,ERR,ERR,ERR,ERR,ERR,ERR,ERR,ERR,ERR,ERR,ERR,ERR,ERR,ERR,ERR,ERR,ERR,ERR,ERR,ERR,ERR,ERR,ERR,ERR,ERR,ERR,ERR,ERR,ERR,ERR,ERR,ERR,ERR,ERR,ERR,ERR,ERR,ERR,ERR,ERR,ERR,ERR,ERR,ERR,ERR,ERR,ERR,ERR,ERR,ERR,ERR,ERR,ERR,ERR,ERR,ERR,ERR,ERR,ERR,ERR,ERR,ERR,ERR,ERR,ERR,ERR,ERR,ERR,ERR,ERR,ERR,ERR,ERR,ERR,ERR,ERR,ERR,ERR,ERR,ERR,ERR,ERR,ERR,ERR,ERR,ERR,ERR,ERR,ERR,ERR,ERR,ERR,ERR,ERR,ERR,ERR,ERR,ERR,ERR,ERR,ERR,ERR,ERR,ERR,ERR,ERR,ERR,0.0,2.7184312818759872e+23,-100793952.0,0.0,0.0,1.3936040501711995e+18,7.805,0.0,0,0,4,0,7116,0.0,100,0.0,0.0,0.0,0.0,0.0,0,0,0,0,0.0,0,0,0,0,0,0,0,0,0,0,0,0,0,0,0,0,0,0,0,0,0,0,0,0,0,0,0,0,0,0,0,0,0,31,40,40,71,65476,0,300,0,0,8,21553,0.0,-107605600.0,0.0,0.0,0.0,0.0,0.0,0.0,0.0,0.0,0.0,0.0,0.0,0.0,0.0,0.0,0.0,0.0,0.0,0.0,0.0,0.0,0.0,-2.004,-2.004,-2.004,0.0,0.0,0.0,0.0,6270.0,-0.0,6933.0,2.718430741444032e+23,2.7184312818759872e+23,-0.0,0.0,0.0,0.0,0.0,0.0,69,107615408.0,4.066872547480485e+29,0.0,0.0,0.0,0.0,0.0,0.0,0.0,0,0,0,0.0,0.0,0.0,0.0,0.0,0.0,0.0,0.0,0.0,0.0,0.0,0.0,0.0,0.0,0.0,0.0,0,-107875648.0,69,0.0,138,0.0,-109447200.0,0,13107,17040,26215,17049,13107,17043,0,0,0,70,68,100,2.7302359370752657e+23,71.2,2.7302370179391762e+23,74.2,2.7302370179391762e+23,74.0,1,49,50,180,13107,52429,0,0,0.0,0.0,0.0,0.0,-0.0,67.0,0.0,162057.094,0.0,751,0,739,0,0,0,721,0,766,0,736,0,742,0,742,0,712,0,7520,0.032,108447924224.0,0.0,0.0,784,16797,-0.0,162057.094,-114818.039,-0.0,0.133,6.909358625270745e+28,30.0,65.0,35,0.0,0.0,0.0,0.0,0.0,0.0,0.0,0.0,0.0,0.0,0.0,0.0,0.0,0.0,0.0,0.0,69.2,0,150,71,55,65476,0,300,0,1,8,20529,65476,0,0,40632,65.0,0.0,0.0,0.0,0.0,0.0
2026-09-04T20:22:52,ERR,ERR,ERR,ERR,ERR,ERR,ERR,ERR,ERR,ERR,ERR,ERR,ERR,ERR,ERR,ERR,ERR,ERR,ERR,ERR,ERR,ERR,ERR,ERR,ERR,ERR,ERR,ERR,ERR,ERR,ERR,ERR,ERR,ERR,ERR,ERR,ERR,ERR,ERR,ERR,ERR,ERR,ERR,ERR,ERR,ERR,ERR,ERR,ERR,ERR,ERR,ERR,ERR,ERR,ERR,ERR,ERR,ERR,ERR,ERR,ERR,ERR,ERR,ERR,ERR,ERR,ERR,ERR,ERR,ERR,ERR,ERR,ERR,ERR,ERR,ERR,ERR,ERR,ERR,ERR,ERR,ERR,ERR,ERR,ERR,ERR,ERR,ERR,ERR,ERR,ERR,ERR,ERR,ERR,ERR,ERR,ERR,ERR,ERR,ERR,ERR,ERR,ERR,ERR,ERR,ERR,ERR,ERR,ERR,ERR,ERR,ERR,ERR,ERR,ERR,ERR,ERR,ERR,ERR,ERR,ERR,ERR,ERR,ERR,ERR,0.0,2.7184312818759872e+23,-100793952.0,0.0,0.0,1.3936040501711995e+18,7.805,0.0,0,0,4,0,7116,0.0,100,0.0,0.0,0.0,0.0,0.0,0,0,0,0,0.0,0,0,0,0,0,0,0,0,0,0,0,0,0,0,0,0,0,0,0,0,0,0,0,0,0,0,0,0,0,0,0,0,0,31,40,40,71,65476,0,300,0,0,8,21553,0.0,-107605600.0,0.0,0.0,0.0,0.0,0.0,0.0,0.0,0.0,0.0,0.0,0.0,0.0,0.0,0.0,0.0,0.0,0.0,0.0,0.0,0.0,0.0,-2.004,-2.004,-2.004,0.0,0.0,0.0,0.0,6270.0,-0.0,6933.0,2.718430741444032e+23,2.7184312818759872e+23,-0.0,0.0,0.0,0.0,0.0,0.0,69,107615408.0,4.066872547480485e+29,0.0,0.0,0.0,0.0,0.0,0.0,0.0,0,0,0,0.0,0.0,0.0,0.0,0.0,0.0,0.0,0.0,0.0,0.0,0.0,0.0,0.0,0.0,0.0,0.0,0,-107875648.0,69,0.0,138,0.0,-109447200.0,0,13107,17040,26215,17049,13107,17043,0,0,0,70,68,100,2.7302359370752657e+23,71.2,2.7302370179391762e+23,74.2,2.7302370179391762e+23,74.0,1,49,50,180,13107,52429,0,0,0.0,0.0,0.0,0.0,-0.0,67.0,0.0,162057.094,0.0,751,0,739,0,0,0,721,0,766,0,736,0,742,0,742,0,712,0,7520,0.032,108447924224.0,0.0,0.0,784,16797,-0.0,162057.094,-114818.039,-0.0,0.133,6.909358625270745e+28,30.0,65.0,35,0.0,0.0,0.0,0.0,0.0,0.0,0.0,0.0,0.0,0.0,0.0,0.0,0.0,0.0,0.0,0.0,69.2,0,150,71,55,65476,0,300,0,1,8,20529,65476,0,0,40632,65.0,0.0,0.0,0.0,0.0,0.0
2026-09-04T20:22:53,ERR,ERR,ERR,ERR,ERR,ERR,ERR,ERR,ERR,ERR,ERR,ERR,ERR,ERR,ERR,ERR,ERR,ERR,ERR,ERR,ERR,ERR,ERR,ERR,ERR,ERR,ERR,ERR,ERR,ERR,ERR,ERR,ERR,ERR,ERR,ERR,ERR,ERR,ERR,ERR,ERR,ERR,ERR,ERR,ERR,ERR,ERR,ERR,ERR,ERR,ERR,ERR,ERR,ERR,ERR,ERR,ERR,ERR,ERR,ERR,ERR,ERR,ERR,ERR,ERR,ERR,ERR,ERR,ERR,ERR,ERR,ERR,ERR,ERR,ERR,ERR,ERR,ERR,ERR,ERR,ERR,ERR,ERR,ERR,ERR,ERR,ERR,ERR,ERR,ERR,ERR,ERR,ERR,ERR,ERR,ERR,ERR,ERR,ERR,ERR,ERR,ERR,ERR,ERR,ERR,ERR,ERR,ERR,ERR,ERR,ERR,ERR,ERR,ERR,ERR,ERR,ERR,ERR,ERR,ERR,ERR,ERR,ERR,ERR,ERR,0.0,0.0,0.0,0.0,0.0,1.3936040501711995e+18,7.805,0.0,0,0,4,0,7116,0.0,100,0.0,0.0,0.0,0.0,0.0,0,0,0,0,0.0,0,0,0,0,0,0,0,0,0,0,0,0,0,0,0,0,0,0,0,0,0,0,0,0,0,0,0,0,0,0,0,0,0,31,40,40,71,65476,0,300,0,0,8,21553,0.0,-107605600.0,0.0,0.0,0.0,0.0,0.0,0.0,0.0,0.0,0.0,0.0,0.0,0.0,0.0,0.0,0.0,0.0,0.0,0.0,0.0,0.0,-2.004,-2.004,-2.004,-2.004,0.0,0.0,0.0,0.0,6243.0,-131351.047,6934.0,0.0,2.7184312818759872e+23,-0.0,2.718430741444032e+23,0.0,0.0,0.0,0.0,69,4.066883125581407e+29,5.84807549020002e+35,0.0,0.0,0.0,0.0,0.0,0.0,0.0,0,0,0,0.0,0.0,0.0,0.0,0.0,0.0,0.0,0.0,0.0,0.0,0.0,0.0,0.0,0.0,0.0,0.0,0,-107875648.0,69,0.0,138,0.0,-109447200.0,0,13107,17040,26215,17049,13107,17043,0,0,0,70,68,100,2.7302359370752657e+23,71.2,2.7302370179391762e+23,74.2,2.7302370179391762e+23,74.0,1,49,50,180,13107,52429,0,0,0.0,0.0,0.0,0.0,-0.0,67.0,0.0,162057.094,0.0,751,0,739,0,0,0,721,0,766,0,736,0,742,0,742,0,712,0,7520,0.032,108447924224.0,0.0,0.0,784,16797,-0.0,162057.094,-114818.039,-0.0,0.133,6.909358625270745e+28,30.0,65.0,35,0.0,0.0,0.0,0.0,0.0,0.0,0.0,0.0,0.0,0.0,0.0,0.0,0.0,0.0,0.0,0.0,69.2,0,150,71,55,65476,0,300,0,1,8,20529,65476,0,0,40632,65.0,0.0,0.0,0.0,0.0,0.0
2026-09-04T20:22:54,ERR,ERR,ERR,ERR,ERR,ERR,ERR,ERR,ERR,ERR,ERR,ERR,ERR,ERR,ERR,ERR,ERR,ERR,ERR,ERR,ERR,ERR,ERR,ERR,ERR,ERR,ERR,ERR,ERR,ERR,ERR,ERR,ERR,ERR,ERR,ERR,ERR,ERR,ERR,ERR,ERR,ERR,ERR,ERR,ERR,ERR,ERR,ERR,ERR,ERR,ERR,ERR,ERR,ERR,ERR,ERR,ERR,ERR,ERR,ERR,ERR,ERR,ERR,ERR,ERR,ERR,ERR,ERR,ERR,ERR,ERR,ERR,ERR,ERR,ERR,ERR,ERR,ERR,ERR,ERR,ERR,ERR,ERR,ERR,ERR,ERR,ERR,ERR,ERR,ERR,ERR,ERR,ERR,ERR,ERR,ERR,ERR,ERR,ERR,ERR,ERR,ERR,ERR,ERR,ERR,ERR,ERR,ERR,ERR,ERR,ERR,ERR,ERR,ERR,ERR,ERR,ERR,ERR,ERR,ERR,ERR,ERR,ERR,ERR,ERR,0.0,0.0,0.0,0.0,0.0,1.3936040501711995e+18,7.805,0.0,0,0,4,0,7116,0.0,100,0.0,0.0,0.0,0.0,0.0,0,0,0,0,0.0,0,0,0,0,0,0,0,0,0,0,0,0,0,0,0,0,0,0,0,0,0,0,0,0,0,0,0,0,0,0,0,0,0,31,40,40,71,65476,0,300,0,0,8,21553,0.0,-107605600.0,0.0,0.0,0.0,0.0,0.0,0.0,0.0,0.0,0.0,0.0,0.0,0.0,0.0,0.0,0.0,0.0,0.0,0.0,0.0,0.0,-2.004,-2.004,-2.004,-2.004,0.0,0.0,0.0,0.0,6243.0,-131351.047,6934.0,0.0,2.7184312818759872e+23,-0.0,2.718430741444032e+23,0.0,0.0,0.0,0.0,69,4.066883125581407e+29,5.84807549020002e+35,0.0,0.0,0.0,0.0,0.0,0.0,0.0,0,0,0,0.0,0.0,0.0,0.0,0.0,0.0,0.0,0.0,0.0,0.0,0.0,0.0,0.0,0.0,0.0,0.0,0,-107875648.0,69,0.0,138,0.0,-109447200.0,0,13107,17040,26215,17049,13107,17043,0,0,0,70,68,100,2.7302359370752657e+23,71.2,2.7302370179391762e+23,74.2,2.7302370179391762e+23,74.0,1,49,50,180,13107,52429,0,0,0.0,0.0,0.0,0.0,-0.0,67.0,0.0,162057.094,0.0,751,0,739,0,0,0,721,0,766,0,736,0,742,0,742,0,712,0,7520,0.032,108447924224.0,0.0,0.0,784,16797,-0.0,162057.094,-114818.039,-0.0,0.133,6.909358625270745e+28,30.0,65.0,35,0.0,0.0,0.0,0.0,0.0,0.0,0.0,0.0,0.0,0.0,0.0,0.0,0.0,0.0,0.0,0.0,69.2,0,150,71,55,65476,0,300,0,1,8,20529,65476,0,0,40632,65.0,0.0,0.0,0.0,0.0,0.0
2026-09-04T20:22:55,ERR,ERR,ERR,ERR,ERR,ERR,ERR,ERR,ERR,ERR,ERR,ERR,ERR,ERR,ERR,ERR,ERR,ERR,ERR,ERR,ERR,ERR,ERR,ERR,ERR,ERR,ERR,ERR,ERR,ERR,ERR,ERR,ERR,ERR,ERR,ERR,ERR,ERR,ERR,ERR,ERR,ERR,ERR,ERR,ERR,ERR,ERR,ERR,ERR,ERR,ERR,ERR,ERR,ERR,ERR,ERR,ERR,ERR,ERR,ERR,ERR,ERR,ERR,ERR,ERR,ERR,ERR,ERR,ERR,ERR,ERR,ERR,ERR,ERR,ERR,ERR,ERR,ERR,ERR,ERR,ERR,ERR,ERR,ERR,ERR,ERR,ERR,ERR,ERR,ERR,ERR,ERR,ERR,ERR,ERR,ERR,ERR,ERR,ERR,ERR,ERR,ERR,ERR,ERR,ERR,ERR,ERR,ERR,ERR,ERR,ERR,ERR,ERR,ERR,ERR,ERR,ERR,ERR,ERR,ERR,ERR,ERR,ERR,ERR,ERR,0.0,0.0,0.0,0.0,0.0,1.3936040501711995e+18,7.805,0.0,0,0,4,0,7116,0.0,100,0.0,0.0,0.0,0.0,0.0,0,0,0,0,0.0,0,0,0,0,0,0,0,0,0,0,0,0,0,0,0,0,0,0,0,0,0,0,0,0,0,0,0,0,0,0,0,0,0,31,40,40,71,65476,0,300,0,0,8,21553,0.0,-107605600.0,0.0,0.0,0.0,0.0,0.0,0.0,0.0,0.0,0.0,0.0,0.0,0.0,0.0,0.0,0.0,0.0,0.0,0.0,0.0,0.0,-2.004,-2.004,-2.004,-2.004,0.0,0.0,0.0,0.0,6243.0,-131351.047,6934.0,0.0,2.7184312818759872e+23,-0.0,2.718430741444032e+23,0.0,0.0,0.0,0.0,69,4.066883125581407e+29,5.84807549020002e+35,0.0,0.0,0.0,0.0,0.0,0.0,0.0,0,0,0,0.0,0.0,0.0,0.0,0.0,0.0,0.0,0.0,0.0,0.0,0.0,0.0,0.0,0.0,0.0,0.0,0,-107875648.0,69,0.0,138,0.0,-109447200.0,0,13107,17040,26215,17049,13107,17043,0,0,0,70,68,100,2.7302359370752657e+23,71.2,2.7302370179391762e+23,74.2,2.7302370179391762e+23,74.0,1,49,50,180,13107,52429,0,0,0.0,0.0,0.0,0.0,-0.0,67.0,0.0,162057.094,0.0,751,0,739,0,0,0,721,0,766,0,736,0,742,0,742,0,712,0,7520,0.032,108447924224.0,0.0,0.0,784,16797,-0.0,162057.094,-114818.039,-0.0,0.133,6.909358625270745e+28,30.0,65.0,35,0.0,0.0,0.0,0.0,0.0,0.0,0.0,0.0,0.0,0.0,0.0,0.0,0.0,0.0,0.0,0.0,69.2,0,150,71,55,65476,0,300,0,1,8,20529,65476,0,0,40632,65.0,0.0,0.0,0.0,0.0,0.0
2026-09-04T20:22:56,ERR,ERR,ERR,ERR,ERR,ERR,ERR,ERR,ERR,ERR,ERR,ERR,ERR,ERR,ERR,ERR,ERR,ERR,ERR,ERR,ERR,ERR,ERR,ERR,ERR,ERR,ERR,ERR,ERR,ERR,ERR,ERR,ERR,ERR,ERR,ERR,ERR,ERR,ERR,ERR,ERR,ERR,ERR,ERR,ERR,ERR,ERR,ERR,ERR,ERR,ERR,ERR,ERR,ERR,ERR,ERR,ERR,ERR,ERR,ERR,ERR,ERR,ERR,ERR,ERR,ERR,ERR,ERR,ERR,ERR,ERR,ERR,ERR,ERR,ERR,ERR,ERR,ERR,ERR,ERR,ERR,ERR,ERR,ERR,ERR,ERR,ERR,ERR,ERR,ERR,ERR,ERR,ERR,ERR,ERR,ERR,ERR,ERR,ERR,ERR,ERR,ERR,ERR,ERR,ERR,ERR,ERR,ERR,ERR,ERR,ERR,ERR,ERR,ERR,ERR,ERR,ERR,ERR,ERR,ERR,ERR,ERR,ERR,ERR,ERR,0.0,0.0,0.0,0.0,0.0,1.3936040501711995e+18,7.805,0.0,0,0,4,0,7116,0.0,100,0.0,0.0,0.0,0.0,0.0,0,0,0,0,0.0,0,0,0,0,0,0,0,0,0,0,0,0,0,0,0,0,0,0,0,0,0,0,0,0,0,0,0,0,0,0,0,0,0,31,40,40,71,65476,0,300,0,0,8,21553,0.0,-107605600.0,0.0,0.0,0.0,0.0,0.0,0.0,0.0,0.0,0.0,0.0,0.0,0.0,0.0,0.0,0.0,0.0,0.0,0.0,0.0,0.0,-2.004,-2.004,-2.004,-2.004,0.0,0.0,0.0,0.0,6243.0,-131351.047,6934.0,0.0,2.7184312818759872e+23,-0.0,2.718430741444032e+23,0.0,0.0,0.0,0.0,69,4.066883125581407e+29,5.84807549020002e+35,0.0,0.0,0.0,0.0,0.0,0.0,0.0,0,0,0,0.0,0.0,0.0,0.0,0.0,0.0,0.0,0.0,0.0,0.0,0.0,0.0,0.0,0.0,0.0,0.0,0,-107875648.0,69,0.0,138,0.0,-109447200.0,0,13107,17040,13107,17049,13107,17043,0,0,0,70,68,100,2.7302359370752657e+23,71.2,2.7302370179391762e+23,74.2,2.7302370179391762e+23,74.0,1,49,50,180,13107,52429,0,0,0.0,0.0,0.0,0.0,-0.0,67.0,0.0,162057.094,0.0,751,0,739,0,0,0,721,0,766,0,736,0,742,0,742,0,712,0,7520,0.032,108447924224.0,0.0,0.0,784,16797,-0.0,162057.094,-114818.039,-0.0,0.133,6.909358625270745e+28,30.0,65.0,35,0.0,0.0,0.0,0.0,0.0,0.0,0.0,0.0,0.0,0.0,0.0,0.0,0.0,0.0,0.0,0.0,69.2,0,150,71,55,65476,0,300,0,1,8,20529,65476,0,0,40632,65.0,0.0,0.0,0.0,0.0,0.0
2026-09-04T20:22:57,ERR,ERR,ERR,ERR,ERR,ERR,ERR,ERR,ERR,ERR,ERR,ERR,ERR,ERR,ERR,ERR,ERR,ERR,ERR,ERR,ERR,ERR,ERR,ERR,ERR,ERR,ERR,ERR,ERR,ERR,ERR,ERR,ERR,ERR,ERR,ERR,ERR,ERR,ERR,ERR,ERR,ERR,ERR,ERR,ERR,ERR,ERR,ERR,ERR,ERR,ERR,ERR,ERR,ERR,ERR,ERR,ERR,ERR,ERR,ERR,ERR,ERR,ERR,ERR,ERR,ERR,ERR,ERR,ERR,ERR,ERR,ERR,ERR,ERR,ERR,ERR,ERR,ERR,ERR,ERR,ERR,ERR,ERR,ERR,ERR,ERR,ERR,ERR,ERR,ERR,ERR,ERR,ERR,ERR,ERR,ERR,ERR,ERR,ERR,ERR,ERR,ERR,ERR,ERR,ERR,ERR,ERR,ERR,ERR,ERR,ERR,ERR,ERR,ERR,ERR,ERR,ERR,ERR,ERR,ERR,ERR,ERR,ERR,ERR,ERR,0.0,0.0,0.0,0.0,0.0,1.3936040501711995e+18,7.805,0.0,0,0,4,0,7116,0.0,100,0.0,0.0,0.0,0.0,0.0,0,0,0,0,0.0,0,0,0,0,0,0,0,0,0,0,0,0,0,0,0,0,0,0,0,0,0,0,0,0,0,0,0,0,0,0,0,0,0,31,40,40,71,65476,0,300,0,0,8,21553,0.0,-107605600.0,0.0,0.0,0.0,0.0,0.0,0.0,0.0,0.0,0.0,0.0,0.0,0.0,0.0,0.0,0.0,0.0,0.0,0.0,0.0,0.0,-2.004,-2.004,-2.004,-2.004,0.0,0.0,0.0,0.0,6243.0,-131351.047,6934.0,0.0,2.7184312818759872e+23,-0.0,2.718430741444032e+23,0.0,0.0,0.0,0.0,69,4.066883125581407e+29,5.84807549020002e+35,0.0,0.0,0.0,0.0,0.0,0.0,0.0,0,0,0,0.0,0.0,0.0,0.0,0.0,0.0,0.0,0.0,0.0,0.0,0.0,0.0,0.0,0.0,0.0,0.0,0,-107875648.0,69,0.0,138,0.0,-109447200.0,0,13107,17040,13107,17049,13107,17043,0,0,0,70,68,100,2.7302359370752657e+23,71.2,2.7302370179391762e+23,74.2,2.7302370179391762e+23,74.0,1,49,50,180,13107,52429,0,0,0.0,0.0,0.0,0.0,-0.0,67.0,0.0,162057.094,0.0,751,0,739,0,0,0,721,0,766,0,736,0,742,0,742,0,712,0,7520,0.032,108447924224.0,0.0,0.0,784,16797,-0.0,162057.094,-114818.039,-0.0,0.133,6.909358625270745e+28,30.0,65.0,35,0.0,0.0,0.0,0.0,0.0,0.0,0.0,0.0,0.0,0.0,0.0,0.0,0.0,0.0,0.0,0.0,69.2,0,150,71,55,65476,0,300,0,1,8,20529,65476,0,0,40632,65.0,0.0,0.0,0.0,0.0,0.0
2026-09-04T20:22:58,ERR,ERR,ERR,ERR,ERR,ERR,ERR,ERR,ERR,ERR,ERR,ERR,ERR,ERR,ERR,ERR,ERR,ERR,ERR,ERR,ERR,ERR,ERR,ERR,ERR,ERR,ERR,ERR,ERR,ERR,ERR,ERR,ERR,ERR,ERR,ERR,ERR,ERR,ERR,ERR,ERR,ERR,ERR,ERR,ERR,ERR,ERR,ERR,ERR,ERR,ERR,ERR,ERR,ERR,ERR,ERR,ERR,ERR,ERR,ERR,ERR,ERR,ERR,ERR,ERR,ERR,ERR,ERR,ERR,ERR,ERR,ERR,ERR,ERR,ERR,ERR,ERR,ERR,ERR,ERR,ERR,ERR,ERR,ERR,ERR,ERR,ERR,ERR,ERR,ERR,ERR,ERR,ERR,ERR,ERR,ERR,ERR,ERR,ERR,ERR,ERR,ERR,ERR,ERR,ERR,ERR,ERR,ERR,ERR,ERR,ERR,ERR,ERR,ERR,ERR,ERR,ERR,ERR,ERR,ERR,ERR,ERR,ERR,ERR,ERR,0.0,0.0,0.0,0.0,0.0,1.3936040501711995e+18,7.805,0.0,0,0,4,0,7116,0.0,100,0.0,0.0,0.0,0.0,0.0,0,0,0,0,0.0,0,0,0,0,0,0,0,0,0,0,0,0,0,0,0,0,0,0,0,0,0,0,0,0,0,0,0,0,0,0,0,0,0,31,40,40,71,65476,0,300,0,0,8,21553,0.0,-107605600.0,0.0,0.0,0.0,0.0,0.0,0.0,0.0,0.0,0.0,0.0,0.0,0.0,0.0,0.0,0.0,0.0,0.0,0.0,0.0,0.0,-2.004,-2.004,-2.004,-2.004,0.0,0.0,0.0,0.0,6243.0,-131351.047,6934.0,0.0,2.7184312818759872e+23,-0.0,2.718430741444032e+23,0.0,0.0,0.0,0.0,69,4.066883125581407e+29,5.84807549020002e+35,0.0,0.0,0.0,0.0,0.0,0.0,0.0,0,0,0,0.0,0.0,0.0,0.0,0.0,0.0,0.0,0.0,0.0,0.0,0.0,0.0,0.0,0.0,0.0,0.0,0,-107875648.0,69,0.0,138,0.0,-109447200.0,0,13107,17040,13107,17049,13107,17043,0,0,0,70,68,100,2.7302359370752657e+23,71.2,2.7302370179391762e+23,74.2,2.7302370179391762e+23,74.0,1,49,50,180,13107,52429,0,0,0.0,0.0,0.0,0.0,-0.0,67.0,0.0,162057.094,0.0,751,0,739,0,0,0,721,0,766,0,736,0,742,0,742,0,712,0,7520,0.032,108447924224.0,0.0,0.0,784,16797,-0.0,162057.094,-114818.039,-0.0,0.133,6.909358625270745e+28,30.0,65.0,35,0.0,0.0,0.0,0.0,0.0,0.0,0.0,0.0,0.0,0.0,0.0,0.0,0.0,0.0,0.0,0.0,69.2,0,150,71,55,65476,0,300,0,1,8,20529,65476,0,0,40632,65.0,0.0,0.0,0.0,0.0,0.0
2026-09-04T20:22:59,ERR,ERR,ERR,ERR,ERR,ERR,ERR,ERR,ERR,ERR,ERR,ERR,ERR,ERR,ERR,ERR,ERR,ERR,ERR,ERR,ERR,ERR,ERR,ERR,ERR,ERR,ERR,ERR,ERR,ERR,ERR,ERR,ERR,ERR,ERR,ERR,ERR,ERR,ERR,ERR,ERR,ERR,ERR,ERR,ERR,ERR,ERR,ERR,ERR,ERR,ERR,ERR,ERR,ERR,ERR,ERR,ERR,ERR,ERR,ERR,ERR,ERR,ERR,ERR,ERR,ERR,ERR,ERR,ERR,ERR,ERR,ERR,ERR,ERR,ERR,ERR,ERR,ERR,ERR,ERR,ERR,ERR,ERR,ERR,ERR,ERR,ERR,ERR,ERR,ERR,ERR,ERR,ERR,ERR,ERR,ERR,ERR,ERR,ERR,ERR,ERR,ERR,ERR,ERR,ERR,ERR,ERR,ERR,ERR,ERR,ERR,ERR,ERR,ERR,ERR,ERR,ERR,ERR,ERR,ERR,ERR,ERR,ERR,ERR,ERR,0.0,2.7184312818759872e+23,-100793952.0,0.0,0.0,1.3936040501711995e+18,7.805,0.0,0,0,4,0,7116,0.0,100,0.0,0.0,0.0,0.0,0.0,0,0,0,0,0.0,0,0,0,0,0,0,0,0,0,0,0,0,0,0,0,0,0,0,0,0,0,0,0,0,0,0,0,0,0,0,0,0,0,31,40,40,71,65476,0,300,0,0,8,21553,0.0,-107605600.0,0.0,0.0,0.0,0.0,0.0,0.0,0.0,0.0,0.0,0.0,0.0,0.0,0.0,0.0,0.0,0.0,0.0,0.0,0.0,0.0,-2.004,-2.004,-2.004,0.0,0.0,0.0,0.0,0.0,6270.0,-0.0,6934.0,0.0,2.7184312818759872e+23,-0.0,0.0,0.0,0.0,0.0,0.0,69,1.9056993230651392e+17,5.84807549020002e+35,0.0,0.0,0.0,0.0,0.0,0.0,0.0,0,0,0,0.0,0.0,0.0,0.0,0.0,0.0,0.0,0.0,0.0,0.0,0.0,0.0,0.0,0.0,0.0,0.0,0,-107875648.0,69,0.0,138,0.0,-109447200.0,0,13107,17040,13107,17049,13107,17043,0,0,0,70,68,100,2.7302359370752657e+23,71.2,2.7302370179391762e+23,74.2,2.7302370179391762e+23,74.0,1,49,50,180,13107,52429,0,0,0.0,0.0,0.0,0.0,-0.0,67.0,0.0,162057.094,0.0,751,0,739,0,0,0,721,0,766,0,736,0,742,0,742,0,712,0,7520,0.032,108447924224.0,0.0,0.0,784,16797,-0.0,162057.094,-114818.039,-0.0,0.133,6.909358625270745e+28,30.0,65.0,35,0.0,0.0,0.0,0.0,0.0,0.0,0.0,0.0,0.0,0.0,0.0,0.0,0.0,0.0,0.0,0.0,69.2,0,150,71,55,65476,0,300,0,1,8,20529,65476,0,0,40632,65.0,0.0,0.0,0.0,0.0,0.0
2026-09-04T20:23:00,ERR,ERR,ERR,ERR,ERR,ERR,ERR,ERR,ERR,ERR,ERR,ERR,ERR,ERR,ERR,ERR,ERR,ERR,ERR,ERR,ERR,ERR,ERR,ERR,ERR,ERR,ERR,ERR,ERR,ERR,ERR,ERR,ERR,ERR,ERR,ERR,ERR,ERR,ERR,ERR,ERR,ERR,ERR,ERR,ERR,ERR,ERR,ERR,ERR,ERR,ERR,ERR,ERR,ERR,ERR,ERR,ERR,ERR,ERR,ERR,ERR,ERR,ERR,ERR,ERR,ERR,ERR,ERR,ERR,ERR,ERR,ERR,ERR,ERR,ERR,ERR,ERR,ERR,ERR,ERR,ERR,ERR,ERR,ERR,ERR,ERR,ERR,ERR,ERR,ERR,ERR,ERR,ERR,ERR,ERR,ERR,ERR,ERR,ERR,ERR,ERR,ERR,ERR,ERR,ERR,ERR,ERR,ERR,ERR,ERR,ERR,ERR,ERR,ERR,ERR,ERR,ERR,ERR,ERR,ERR,ERR,ERR,ERR,ERR,ERR,0.0,2.7184312818759872e+23,-100793952.0,0.0,0.0,1.3936040501711995e+18,7.805,0.0,0,0,4,0,7116,0.0,100,0.0,0.0,0.0,0.0,0.0,0,0,0,0,0.0,0,0,0,0,0,0,0,0,0,0,0,0,0,0,0,0,0,0,0,0,0,0,0,0,0,0,0,0,0,0,0,0,0,31,40,40,71,65476,0,300,0,0,8,21553,0.0,-107605600.0,0.0,0.0,0.0,0.0,0.0,0.0,0.0,0.0,0.0,0.0,0.0,0.0,0.0,0.0,0.0,0.0,0.0,0.0,0.0,0.0,-2.004,-2.004,-2.004,0.0,0.0,0.0,0.0,0.0,6270.0,-0.0,6934.0,0.0,2.7184312818759872e+23,-0.0,0.0,0.0,0.0,0.0,0.0,69,1.9056993230651392e+17,5.84807549020002e+35,0.0,0.0,0.0,0.0,0.0,0.0,0.0,0,0,0,0.0,0.0,0.0,0.0,0.0,0.0,0.0,0.0,0.0,0.0,0.0,0.0,0.0,0.0,0.0,0.0,0,-107875648.0,69,0.0,138,0.0,-109447200.0,0,13107,17040,13107,17049,13107,17043,0,0,0,70,68,100,2.7302359370752657e+23,71.2,2.7302370179391762e+23,74.2,2.7302370179391762e+23,74.0,1,49,50,180,13107,52429,0,0,0.0,0.0,0.0,0.0,-0.0,67.0,0.0,162057.094,0.0,751,0,739,0,0,0,721,0,766,0,736,0,742,0,742,0,712,0,7520,0.032,108447924224.0,0.0,0.0,784,16797,-0.0,162057.094,-114818.039,-0.0,0.133,6.909358625270745e+28,30.0,65.0,35,0.0,0.0,0.0,0.0,0.0,0.0,0.0,0.0,0.0,0.0,0.0,0.0,0.0,0.0,0.0,0.0,69.2,0,150,71,55,65476,0,300,0,1,8,20529,65476,0,0,40632,65.0,0.0,0.0,0.0,0.0,0.0
2026-09-04T20:23:01,ERR,ERR,ERR,ERR,ERR,ERR,ERR,ERR,ERR,ERR,ERR,ERR,ERR,ERR,ERR,ERR,ERR,ERR,ERR,ERR,ERR,ERR,ERR,ERR,ERR,ERR,ERR,ERR,ERR,ERR,ERR,ERR,ERR,ERR,ERR,ERR,ERR,ERR,ERR,ERR,ERR,ERR,ERR,ERR,ERR,ERR,ERR,ERR,ERR,ERR,ERR,ERR,ERR,ERR,ERR,ERR,ERR,ERR,ERR,ERR,ERR,ERR,ERR,ERR,ERR,ERR,ERR,ERR,ERR,ERR,ERR,ERR,ERR,ERR,ERR,ERR,ERR,ERR,ERR,ERR,ERR,ERR,ERR,ERR,ERR,ERR,ERR,ERR,ERR,ERR,ERR,ERR,ERR,ERR,ERR,ERR,ERR,ERR,ERR,ERR,ERR,ERR,ERR,ERR,ERR,ERR,ERR,ERR,ERR,ERR,ERR,ERR,ERR,ERR,ERR,ERR,ERR,ERR,ERR,ERR,ERR,ERR,ERR,ERR,ERR,0.0,2.7184312818759872e+23,-100793952.0,0.0,0.0,1.3936040501711995e+18,7.805,0.0,0,0,4,0,7116,0.0,100,0.0,0.0,0.0,0.0,0.0,0,0,0,0,0.0,0,0,0,0,0,0,0,0,0,0,0,0,0,0,0,0,0,0,0,0,0,0,0,0,0,0,0,0,0,0,0,0,0,31,40,40,71,65476,0,300,0,0,8,21553,0.0,-107605600.0,0.0,0.0,0.0,0.0,0.0,0.0,0.0,0.0,0.0,0.0,0.0,0.0,0.0,0.0,0.0,0.0,0.0,0.0,0.0,0.0,-2.004,-2.004,-2.004,0.0,0.0,0.0,0.0,0.0,6270.0,-0.0,6934.0,0.0,2.7184312818759872e+23,-0.0,0.0,0.0,0.0,0.0,0.0,69,1.9056993230651392e+17,5.84807549020002e+35,0.0,0.0,0.0,0.0,0.0,0.0,0.0,0,0,0,0.0,0.0,0.0,0.0,0.0,0.0,0.0,0.0,0.0,0.0,0.0,0.0,0.0,0.0,0.0,0.0,0,-107875648.0,69,0.0,138,0.0,-109447200.0,0,13107,17040,13107,17049,13107,17043,0,0,0,70,68,100,2.7302359370752657e+23,71.2,2.7302370179391762e+23,74.2,2.7302370179391762e+23,74.0,1,49,50,180,13107,52429,0,0,0.0,0.0,0.0,0.0,-0.0,67.0,0.0,162057.094,0.0,751,0,739,0,0,0,721,0,767,0,736,0,742,0,742,0,712,0,7520,0.032,91268055040.0,0.0,0.0,784,16797,-0.0,162057.094,-114818.039,-0.0,0.133,6.909358625270745e+28,30.0,65.0,35,0.0,0.0,0.0,0.0,0.0,0.0,0.0,0.0,0.0,0.0,0.0,0.0,0.0,0.0,0.0,0.0,69.2,0,150,71,55,65476,0,300,0,1,8,20529,65476,0,0,40632,65.0,0.0,0.0,0.0,0.0,0.0
2026-09-04T20:23:02,ERR,ERR,ERR,ERR,ERR,ERR,ERR,ERR,ERR,ERR,ERR,ERR,ERR,ERR,ERR,ERR,ERR,ERR,ERR,ERR,ERR,ERR,ERR,ERR,ERR,ERR,ERR,ERR,ERR,ERR,ERR,ERR,ERR,ERR,ERR,ERR,ERR,ERR,ERR,ERR,ERR,ERR,ERR,ERR,ERR,ERR,ERR,ERR,ERR,ERR,ERR,ERR,ERR,ERR,ERR,ERR,ERR,ERR,ERR,ERR,ERR,ERR,ERR,ERR,ERR,ERR,ERR,ERR,ERR,ERR,ERR,ERR,ERR,ERR,ERR,ERR,ERR,ERR,ERR,ERR,ERR,ERR,ERR,ERR,ERR,ERR,ERR,ERR,ERR,ERR,ERR,ERR,ERR,ERR,ERR,ERR,ERR,ERR,ERR,ERR,ERR,ERR,ERR,ERR,ERR,ERR,ERR,ERR,ERR,ERR,ERR,ERR,ERR,ERR,ERR,ERR,ERR,ERR,ERR,ERR,ERR,ERR,ERR,ERR,ERR,0.0,2.7184312818759872e+23,-100793952.0,0.0,0.0,1.3936040501711995e+18,7.805,0.0,0,0,4,0,7116,0.0,100,0.0,0.0,0.0,0.0,0.0,0,0,0,0,0.0,0,0,0,0,0,0,0,0,0,0,0,0,0,0,0,0,0,0,0,0,0,0,0,0,0,0,0,0,0,0,0,0,0,31,40,40,71,65476,0,300,0,0,8,21553,0.0,-107605600.0,0.0,0.0,0.0,0.0,0.0,0.0,0.0,0.0,0.0,0.0,0.0,0.0,0.0,0.0,0.0,0.0,0.0,0.0,0.0,0.0,-2.004,-2.004,-2.004,0.0,0.0,0.0,0.0,0.0,6270.0,-0.0,6934.0,0.0,2.7184312818759872e+23,-0.0,0.0,0.0,0.0,0.0,0.0,69,1.9056993230651392e+17,5.84807549020002e+35,0.0,0.0,0.0,0.0,0.0,0.0,0.0,0,0,0,0.0,0.0,0.0,0.0,0.0,0.0,0.0,0.0,0.0,0.0,0.0,0.0,0.0,0.0,0.0,0.0,0,-107875648.0,69,0.0,138,0.0,-109447200.0,0,13107,17040,13107,17049,13107,17043,0,0,0,70,68,100,2.7302359370752657e+23,71.2,2.7302370179391762e+23,74.2,2.7302370179391762e+23,74.0,1,49,50,180,13107,52429,0,0,0.0,0.0,0.0,0.0,-0.0,67.0,0.0,162057.094,0.0,751,0,739,0,0,0,721,0,767,0,736,0,742,0,742,0,712,0,7520,0.032,91268055040.0,0.0,0.0,784,16797,-0.0,162057.094,-114818.039,-0.0,0.133,6.909358625270745e+28,30.0,65.0,35,0.0,0.0,0.0,0.0,0.0,0.0,0.0,0.0,0.0,0.0,0.0,0.0,0.0,0.0,0.0,0.0,69.2,0,150,71,55,65476,0,300,0,1,8,20529,65476,0,0,40632,65.0,0.0,0.0,0.0,0.0,0.0
2026-09-04T20:23:03,ERR,ERR,ERR,ERR,ERR,ERR,ERR,ERR,ERR,ERR,ERR,ERR,ERR,ERR,ERR,ERR,ERR,ERR,ERR,ERR,ERR,ERR,ERR,ERR,ERR,ERR,ERR,ERR,ERR,ERR,ERR,ERR,ERR,ERR,ERR,ERR,ERR,ERR,ERR,ERR,ERR,ERR,ERR,ERR,ERR,ERR,ERR,ERR,ERR,ERR,ERR,ERR,ERR,ERR,ERR,ERR,ERR,ERR,ERR,ERR,ERR,ERR,ERR,ERR,ERR,ERR,ERR,ERR,ERR,ERR,ERR,ERR,ERR,ERR,ERR,ERR,ERR,ERR,ERR,ERR,ERR,ERR,ERR,ERR,ERR,ERR,ERR,ERR,ERR,ERR,ERR,ERR,ERR,ERR,ERR,ERR,ERR,ERR,ERR,ERR,ERR,ERR,ERR,ERR,ERR,ERR,ERR,ERR,ERR,ERR,ERR,ERR,ERR,ERR,ERR,ERR,ERR,ERR,ERR,ERR,ERR,ERR,ERR,ERR,ERR,0.0,2.7184312818759872e+23,-100793952.0,0.0,0.0,1.3936040501711995e+18,7.805,0.0,0,0,4,0,7116,0.0,100,0.0,0.0,0.0,0.0,0.0,0,0,0,0,0.0,0,0,0,0,0,0,0,0,0,0,0,0,0,0,0,0,0,0,0,0,0,0,0,0,0,0,0,0,0,0,0,0,0,31,40,40,71,65476,0,300,0,0,8,21553,0.0,-107605600.0,0.0,0.0,0.0,0.0,0.0,0.0,0.0,0.0,0.0,0.0,0.0,0.0,0.0,0.0,0.0,0.0,0.0,0.0,0.0,0.0,-2.004,-2.004,-2.004,0.0,0.0,0.0,0.0,0.0,6270.0,-0.0,6934.0,0.0,2.7184312818759872e+23,-0.0,0.0,0.0,0.0,0.0,0.0,69,1.9056993230651392e+17,5.84807549020002e+35,0.0,0.0,0.0,0.0,0.0,0.0,0.0,0,0,0,0.0,0.0,0.0,0.0,0.0,0.0,0.0,0.0,0.0,0.0,0.0,0.0,0.0,0.0,0.0,0.0,0,-107875648.0,69,0.0,138,0.0,-109447200.0,0,13107,17040,13107,17049,13107,17043,0,0,0,70,68,100,2.7302359370752657e+23,71.2,2.7302370179391762e+23,74.2,2.7302370179391762e+23,74.0,1,49,50,180,13107,52429,0,0,0.0,0.0,0.0,0.0,-0.0,67.0,0.0,162057.094,0.0,751,0,739,0,0,0,721,0,767,0,736,0,742,0,742,0,712,0,7520,0.032,91268055040.0,0.0,0.0,784,16797,-0.0,162057.094,-114818.039,-0.0,0.133,6.909358625270745e+28,30.0,65.0,35,0.0,0.0,0.0,0.0,0.0,0.0,0.0,0.0,0.0,0.0,0.0,0.0,0.0,0.0,0.0,0.0,69.2,0,150,71,55,65476,0,300,0,1,8,20529,65476,0,0,40632,65.0,0.0,0.0,0.0,0.0,0.0
2026-09-04T20:23:04,ERR,ERR,ERR,ERR,ERR,ERR,ERR,ERR,ERR,ERR,ERR,ERR,ERR,ERR,ERR,ERR,ERR,ERR,ERR,ERR,ERR,ERR,ERR,ERR,ERR,ERR,ERR,ERR,ERR,ERR,ERR,ERR,ERR,ERR,ERR,ERR,ERR,ERR,ERR,ERR,ERR,ERR,ERR,ERR,ERR,ERR,ERR,ERR,ERR,ERR,ERR,ERR,ERR,ERR,ERR,ERR,ERR,ERR,ERR,ERR,ERR,ERR,ERR,ERR,ERR,ERR,ERR,ERR,ERR,ERR,ERR,ERR,ERR,ERR,ERR,ERR,ERR,ERR,ERR,ERR,ERR,ERR,ERR,ERR,ERR,ERR,ERR,ERR,ERR,ERR,ERR,ERR,ERR,ERR,ERR,ERR,ERR,ERR,ERR,ERR,ERR,ERR,ERR,ERR,ERR,ERR,ERR,ERR,ERR,ERR,ERR,ERR,ERR,ERR,ERR,ERR,ERR,ERR,ERR,ERR,ERR,ERR,ERR,ERR,ERR,0.0,2.7184312818759872e+23,-100793952.0,0.0,0.0,1.3936040501711995e+18,7.805,0.0,0,0,4,0,7116,0.0,100,0.0,0.0,0.0,0.0,0.0,0,0,0,0,0.0,0,0,0,0,0,0,0,0,0,0,0,0,0,0,0,0,0,0,0,0,0,0,0,0,0,0,0,0,0,0,0,0,0,31,40,40,71,65476,0,300,0,0,8,21553,0.0,-107605600.0,0.0,0.0,0.0,0.0,0.0,0.0,0.0,0.0,0.0,0.0,0.0,0.0,0.0,0.0,0.0,0.0,0.0,0.0,0.0,0.0,-2.004,-2.004,-2.004,0.0,0.0,0.0,0.0,0.0,6270.0,-0.0,6934.0,0.0,2.7184312818759872e+23,-0.0,0.0,0.0,0.0,0.0,0.0,69,1.9056993230651392e+17,5.84807549020002e+35,0.0,0.0,0.0,0.0,0.0,0.0,0.0,0,0,0,0.0,0.0,0.0,0.0,0.0,0.0,0.0,0.0,0.0,0.0,0.0,0.0,0.0,0.0,0.0,0.0,0,-107875648.0,69,0.0,138,0.0,-109447200.0,0,13107,17040,13107,17049,13107,17043,0,0,0,70,68,100,2.7302359370752657e+23,71.2,2.7302370179391762e+23,74.2,2.7302370179391762e+23,74.0,1,49,50,180,13107,52429,0,0,0.0,0.0,0.0,0.0,-0.0,67.0,0.0,162057.094,0.0,751,0,739,0,0,0,721,0,767,0,736,0,742,0,742,0,712,0,7520,0.032,91268055040.0,0.0,0.0,784,16797,-0.0,162057.094,-114818.039,-0.0,0.133,6.909358625270745e+28,30.0,65.0,35,0.0,0.0,0.0,0.0,0.0,0.0,0.0,0.0,0.0,0.0,0.0,0.0,0.0,0.0,0.0,0.0,69.2,0,150,71,55,65476,0,300,0,1,8,20529,65476,0,0,40632,65.0,0.0,0.0,0.0,0.0,0.0
2026-09-04T20:23:05,ERR,ERR,ERR,ERR,ERR,ERR,ERR,ERR,ERR,ERR,ERR,ERR,ERR,ERR,ERR,ERR,ERR,ERR,ERR,ERR,ERR,ERR,ERR,ERR,ERR,ERR,ERR,ERR,ERR,ERR,ERR,ERR,ERR,ERR,ERR,ERR,ERR,ERR,ERR,ERR,ERR,ERR,ERR,ERR,ERR,ERR,ERR,ERR,ERR,ERR,ERR,ERR,ERR,ERR,ERR,ERR,ERR,ERR,ERR,ERR,ERR,ERR,ERR,ERR,ERR,ERR,ERR,ERR,ERR,ERR,ERR,ERR,ERR,ERR,ERR,ERR,ERR,ERR,ERR,ERR,ERR,ERR,ERR,ERR,ERR,ERR,ERR,ERR,ERR,ERR,ERR,ERR,ERR,ERR,ERR,ERR,ERR,ERR,ERR,ERR,ERR,ERR,ERR,ERR,ERR,ERR,ERR,ERR,ERR,ERR,ERR,ERR,ERR,ERR,ERR,ERR,ERR,ERR,ERR,ERR,ERR,ERR,ERR,ERR,ERR,0.0,2.7184312818759872e+23,-100793952.0,0.0,0.0,1.3936040501711995e+18,7.805,0.0,0,0,4,0,7116,0.0,100,0.0,0.0,0.0,0.0,0.0,0,0,0,0,0.0,0,0,0,0,0,0,0,0,0,0,0,0,0,0,0,0,0,0,0,0,0,0,0,0,0,0,0,0,0,0,0,0,0,31,40,40,71,65476,0,300,0,0,8,21553,0.0,-107605600.0,0.0,0.0,0.0,0.0,0.0,0.0,0.0,0.0,0.0,0.0,0.0,0.0,0.0,0.0,0.0,0.0,0.0,0.0,0.0,0.0,-2.004,-2.004,-2.004,0.0,0.0,0.0,0.0,0.0,6270.0,-0.0,6934.0,0.0,2.7184312818759872e+23,-0.0,0.0,0.0,0.0,0.0,0.0,69,1.9056993230651392e+17,5.84807549020002e+35,0.0,0.0,0.0,0.0,0.0,0.0,0.0,0,0,0,0.0,0.0,0.0,0.0,0.0,0.0,0.0,0.0,0.0,0.0,0.0,0.0,0.0,0.0,0.0,0.0,0,-107875648.0,69,0.0,138,0.0,-109447200.0,0,13107,17040,13107,17049,13107,17043,0,0,0,70,68,100,2.7302359370752657e+23,71.2,2.7302370179391762e+23,74.2,2.7302370179391762e+23,74.0,1,49,50,180,13107,52429,0,0,0.0,0.0,0.0,0.0,-0.0,67.0,0.0,162057.094,0.0,751,0,739,0,0,0,721,0,767,0,736,0,742,0,742,0,712,0,7520,0.032,91268055040.0,0.0,0.0,784,16797,-0.0,162057.094,-114818.039,-0.0,0.133,6.909358625270745e+28,30.0,65.0,35,0.0,0.0,0.0,0.0,0.0,0.0,0.0,0.0,0.0,0.0,0.0,0.0,0.0,0.0,0.0,0.0,69.2,0,150,71,55,65476,0,300,0,1,8,20529,65476,0,0,40632,65.0,0.0,0.0,0.0,0.0,0.0
2026-09-04T20:23:06,ERR,ERR,ERR,ERR,ERR,ERR,ERR,ERR,ERR,ERR,ERR,ERR,ERR,ERR,ERR,ERR,ERR,ERR,ERR,ERR,ERR,ERR,ERR,ERR,ERR,ERR,ERR,ERR,ERR,ERR,ERR,ERR,ERR,ERR,ERR,ERR,ERR,ERR,ERR,ERR,ERR,ERR,ERR,ERR,ERR,ERR,ERR,ERR,ERR,ERR,ERR,ERR,ERR,ERR,ERR,ERR,ERR,ERR,ERR,ERR,ERR,ERR,ERR,ERR,ERR,ERR,ERR,ERR,ERR,ERR,ERR,ERR,ERR,ERR,ERR,ERR,ERR,ERR,ERR,ERR,ERR,ERR,ERR,ERR,ERR,ERR,ERR,ERR,ERR,ERR,ERR,ERR,ERR,ERR,ERR,ERR,ERR,ERR,ERR,ERR,ERR,ERR,ERR,ERR,ERR,ERR,ERR,ERR,ERR,ERR,ERR,ERR,ERR,ERR,ERR,ERR,ERR,ERR,ERR,ERR,ERR,ERR,ERR,ERR,ERR,0.0,2.7184312818759872e+23,-100793952.0,0.0,0.0,1.3936040501711995e+18,7.805,0.0,0,0,4,0,7116,0.0,100,0.0,0.0,0.0,0.0,0.0,0,0,0,0,0.0,0,0,0,0,0,0,0,0,0,0,0,0,0,0,0,0,0,0,0,0,0,0,0,0,0,0,0,0,0,0,0,0,0,31,40,40,71,65476,0,300,0,0,8,21553,0.0,-107605600.0,0.0,0.0,0.0,0.0,0.0,0.0,0.0,0.0,0.0,0.0,0.0,0.0,0.0,0.0,0.0,0.0,0.0,0.0,0.0,0.0,-2.004,-2.004,-2.004,0.0,0.0,0.0,0.0,0.0,6268.0,-0.0,6933.0,0.0,2.7184312818759872e+23,-0.0,2.718430741444032e+23,0.0,0.0,0.0,0.0,69,1.9056993230651392e+17,126840946688.0,0.0,0.0,0.0,0.0,0.0,0.0,0.0,0,0,0,0.0,0.0,0.0,0.0,0.0,0.0,0.0,0.0,0.0,0.0,0.0,0.0,0.0,0.0,0.0,0.0,0,-107875648.0,69,0.0,138,0.0,-109447200.0,0,13107,17040,13107,17049,13107,17043,0,0,0,70,68,100,2.7302359370752657e+23,71.2,0.0,74.2,2.7302370179391762e+23,74.0,1,49,50,180,13107,52429,0,0,0.0,0.0,0.0,0.0,-0.0,67.0,0.0,162057.094,0.0,751,0,739,0,0,0,721,0,766,0,736,0,742,0,742,0,712,0,7520,0.032,93952409600.0,0.0,0.0,784,16797,-0.0,162057.094,-114818.039,-0.0,0.133,6.909358625270745e+28,30.0,65.0,35,0.0,0.0,0.0,0.0,0.0,0.0,0.0,0.0,0.0,0.0,0.0,0.0,0.0,0.0,0.0,0.0,69.2,0,150,71,55,65476,0,300,0,1,8,20529,65476,0,0,40632,65.0,0.0,0.0,0.0,0.0,0.0
2026-09-04T20:23:07,ERR,ERR,ERR,ERR,ERR,ERR,ERR,ERR,ERR,ERR,ERR,ERR,ERR,ERR,ERR,ERR,ERR,ERR,ERR,ERR,ERR,ERR,ERR,ERR,ERR,ERR,ERR,ERR,ERR,ERR,ERR,ERR,ERR,ERR,ERR,ERR,ERR,ERR,ERR,ERR,ERR,ERR,ERR,ERR,ERR,ERR,ERR,ERR,ERR,ERR,ERR,ERR,ERR,ERR,ERR,ERR,ERR,ERR,ERR,ERR,ERR,ERR,ERR,ERR,ERR,ERR,ERR,ERR,ERR,ERR,ERR,ERR,ERR,ERR,ERR,ERR,ERR,ERR,ERR,ERR,ERR,ERR,ERR,ERR,ERR,ERR,ERR,ERR,ERR,ERR,ERR,ERR,ERR,ERR,ERR,ERR,ERR,ERR,ERR,ERR,ERR,ERR,ERR,ERR,ERR,ERR,ERR,ERR,ERR,ERR,ERR,ERR,ERR,ERR,ERR,ERR,ERR,ERR,ERR,ERR,ERR,ERR,ERR,ERR,ERR,0.0,2.7184312818759872e+23,-100793952.0,0.0,0.0,1.3936040501711995e+18,7.805,0.0,0,0,4,0,7116,0.0,100,0.0,0.0,0.0,0.0,0.0,0,0,0,0,0.0,0,0,0,0,0,0,0,0,0,0,0,0,0,0,0,0,0,0,0,0,0,0,0,0,0,0,0,0,0,0,0,0,0,31,40,40,71,65476,0,300,0,0,8,21553,0.0,-107605600.0,0.0,0.0,0.0,0.0,0.0,0.0,0.0,0.0,0.0,0.0,0.0,0.0,0.0,0.0,0.0,0.0,0.0,0.0,0.0,0.0,-2.004,-2.004,-2.004,0.0,0.0,0.0,0.0,0.0,6268.0,-0.0,6933.0,0.0,2.7184312818759872e+23,-0.0,2.718430741444032e+23,0.0,0.0,0.0,0.0,69,1.9056993230651392e+17,126840946688.0,0.0,0.0,0.0,0.0,0.0,0.0,0.0,0,0,0,0.0,0.0,0.0,0.0,0.0,0.0,0.0,0.0,0.0,0.0,0.0,0.0,0.0,0.0,0.0,0.0,0,-107875648.0,69,0.0,138,0.0,-109447200.0,0,13107,17040,13107,17049,13107,17043,0,0,0,70,68,100,2.7302359370752657e+23,71.2,0.0,74.2,2.7302370179391762e+23,74.0,1,49,50,180,13107,52429,0,0,0.0,0.0,0.0,0.0,-0.0,67.0,0.0,162057.094,0.0,751,0,739,0,0,0,721,0,766,0,736,0,742,0,742,0,712,0,7520,0.032,93952409600.0,0.0,0.0,784,16797,-0.0,162057.094,-114818.039,-0.0,0.133,6.909358625270745e+28,30.0,65.0,35,0.0,0.0,0.0,0.0,0.0,0.0,0.0,0.0,0.0,0.0,0.0,0.0,0.0,0.0,0.0,0.0,69.2,0,150,71,55,65476,0,300,0,1,8,20529,65476,0,0,40632,65.0,0.0,0.0,0.0,0.0,0.0
2026-09-04T20:23:08,ERR,ERR,ERR,ERR,ERR,ERR,ERR,ERR,ERR,ERR,ERR,ERR,ERR,ERR,ERR,ERR,ERR,ERR,ERR,ERR,ERR,ERR,ERR,ERR,ERR,ERR,ERR,ERR,ERR,ERR,ERR,ERR,ERR,ERR,ERR,ERR,ERR,ERR,ERR,ERR,ERR,ERR,ERR,ERR,ERR,ERR,ERR,ERR,ERR,ERR,ERR,ERR,ERR,ERR,ERR,ERR,ERR,ERR,ERR,ERR,ERR,ERR,ERR,ERR,ERR,ERR,ERR,ERR,ERR,ERR,ERR,ERR,ERR,ERR,ERR,ERR,ERR,ERR,ERR,ERR,ERR,ERR,ERR,ERR,ERR,ERR,ERR,ERR,ERR,ERR,ERR,ERR,ERR,ERR,ERR,ERR,ERR,ERR,ERR,ERR,ERR,ERR,ERR,ERR,ERR,ERR,ERR,ERR,ERR,ERR,ERR,ERR,ERR,ERR,ERR,ERR,ERR,ERR,ERR,ERR,ERR,ERR,ERR,ERR,ERR,0.0,2.7184312818759872e+23,-100793952.0,0.0,0.0,1.3936040501711995e+18,7.805,0.0,0,0,4,0,7116,0.0,100,0.0,0.0,0.0,0.0,0.0,0,0,0,0,0.0,0,0,0,0,0,0,0,0,0,0,0,0,0,0,0,0,0,0,0,0,0,0,0,0,0,0,0,0,0,0,0,0,0,31,40,40,71,65476,0,300,0,0,8,21553,0.0,-107605600.0,0.0,0.0,0.0,0.0,0.0,0.0,0.0,0.0,0.0,0.0,0.0,0.0,0.0,0.0,0.0,0.0,0.0,0.0,0.0,0.0,-2.004,-2.004,-2.004,0.0,0.0,0.0,0.0,0.0,6268.0,-0.0,6933.0,0.0,2.7184312818759872e+23,-0.0,2.718430741444032e+23,0.0,0.0,0.0,0.0,69,1.9056993230651392e+17,126840946688.0,0.0,0.0,0.0,0.0,0.0,0.0,0.0,0,0,0,0.0,0.0,0.0,0.0,0.0,0.0,0.0,0.0,0.0,0.0,0.0,0.0,0.0,0.0,0.0,0.0,0,-107875648.0,69,0.0,138,0.0,-109447200.0,0,13107,17040,13107,17049,13107,17043,0,0,0,70,68,100,2.7302359370752657e+23,71.2,0.0,74.2,2.7302370179391762e+23,74.0,1,49,50,180,13107,52429,0,0,0.0,0.0,0.0,0.0,-0.0,67.0,0.0,162057.094,0.0,751,0,739,0,0,0,721,0,766,0,736,0,742,0,742,0,712,0,7520,0.032,93952409600.0,0.0,0.0,784,16797,-0.0,162057.094,-114818.039,-0.0,0.133,6.909358625270745e+28,30.0,65.0,35,0.0,0.0,0.0,0.0,0.0,0.0,0.0,0.0,0.0,0.0,0.0,0.0,0.0,0.0,0.0,0.0,69.2,0,150,71,55,65476,0,300,0,1,8,20529,65476,0,0,40632,65.0,0.0,0.0,0.0,0.0,0.0
2026-09-04T20:23:09,ERR,ERR,ERR,ERR,ERR,ERR,ERR,ERR,ERR,ERR,ERR,ERR,ERR,ERR,ERR,ERR,ERR,ERR,ERR,ERR,ERR,ERR,ERR,ERR,ERR,ERR,ERR,ERR,ERR,ERR,ERR,ERR,ERR,ERR,ERR,ERR,ERR,ERR,ERR,ERR,ERR,ERR,ERR,ERR,ERR,ERR,ERR,ERR,ERR,ERR,ERR,ERR,ERR,ERR,ERR,ERR,ERR,ERR,ERR,ERR,ERR,ERR,ERR,ERR,ERR,ERR,ERR,ERR,ERR,ERR,ERR,ERR,ERR,ERR,ERR,ERR,ERR,ERR,ERR,ERR,ERR,ERR,ERR,ERR,ERR,ERR,ERR,ERR,ERR,ERR,ERR,ERR,ERR,ERR,ERR,ERR,ERR,ERR,ERR,ERR,ERR,ERR,ERR,ERR,ERR,ERR,ERR,ERR,ERR,ERR,ERR,ERR,ERR,ERR,ERR,ERR,ERR,ERR,ERR,ERR,ERR,ERR,ERR,ERR,ERR,0.0,2.7184312818759872e+23,-100793952.0,0.0,0.0,1.3936040501711995e+18,7.805,0.0,0,0,4,0,7116,0.0,100,0.0,0.0,0.0,0.0,0.0,0,0,0,0,0.0,0,0,0,0,0,0,0,0,0,0,0,0,0,0,0,0,0,0,0,0,0,0,0,0,0,0,0,0,0,0,0,0,0,31,40,40,71,65476,0,300,0,0,8,21553,0.0,-107605600.0,0.0,0.0,0.0,0.0,0.0,0.0,0.0,0.0,0.0,0.0,0.0,0.0,0.0,0.0,0.0,0.0,0.0,0.0,0.0,0.0,-2.004,-2.004,-2.004,0.0,0.0,0.0,0.0,0.0,6268.0,-0.0,6933.0,0.0,2.7184312818759872e+23,-0.0,2.718430741444032e+23,0.0,0.0,0.0,0.0,69,1.9056993230651392e+17,126840946688.0,0.0,0.0,0.0,0.0,0.0,0.0,0.0,0,0,0,0.0,0.0,0.0,0.0,0.0,0.0,0.0,0.0,0.0,0.0,0.0,0.0,0.0,0.0,0.0,0.0,0,-107875648.0,69,0.0,138,0.0,-109447200.0,0,13107,17040,13107,17049,13107,17043,0,0,0,70,68,100,2.7302359370752657e+23,71.2,0.0,74.2,2.7302370179391762e+23,74.0,1,49,50,180,13107,52429,0,0,0.0,0.0,0.0,0.0,-0.0,67.0,0.0,162057.094,0.0,751,0,739,0,0,0,721,0,766,0,736,0,742,0,742,0,712,0,7520,0.032,93952409600.0,0.0,0.0,784,16797,-0.0,162057.094,-114818.039,-0.0,0.133,6.909358625270745e+28,30.0,65.0,35,0.0,0.0,0.0,0.0,0.0,0.0,0.0,0.0,0.0,0.0,0.0,0.0,0.0,0.0,0.0,0.0,69.2,0,150,71,55,65476,0,300,0,1,8,20529,65476,0,0,40632,65.0,0.0,0.0,0.0,0.0,0.0
2026-09-04T20:23:10,ERR,ERR,ERR,ERR,ERR,ERR,ERR,ERR,ERR,ERR,ERR,ERR,ERR,ERR,ERR,ERR,ERR,ERR,ERR,ERR,ERR,ERR,ERR,ERR,ERR,ERR,ERR,ERR,ERR,ERR,ERR,ERR,ERR,ERR,ERR,ERR,ERR,ERR,ERR,ERR,ERR,ERR,ERR,ERR,ERR,ERR,ERR,ERR,ERR,ERR,ERR,ERR,ERR,ERR,ERR,ERR,ERR,ERR,ERR,ERR,ERR,ERR,ERR,ERR,ERR,ERR,ERR,ERR,ERR,ERR,ERR,ERR,ERR,ERR,ERR,ERR,ERR,ERR,ERR,ERR,ERR,ERR,ERR,ERR,ERR,ERR,ERR,ERR,ERR,ERR,ERR,ERR,ERR,ERR,ERR,ERR,ERR,ERR,ERR,ERR,ERR,ERR,ERR,ERR,ERR,ERR,ERR,ERR,ERR,ERR,ERR,ERR,ERR,ERR,ERR,ERR,ERR,ERR,ERR,ERR,ERR,ERR,ERR,ERR,ERR,0.0,2.7184312818759872e+23,-100793952.0,0.0,0.0,1.3936040501711995e+18,7.805,0.0,0,0,4,0,7116,0.0,100,0.0,0.0,0.0,0.0,0.0,0,0,0,0,0.0,0,0,0,0,0,0,0,0,0,0,0,0,0,0,0,0,0,0,0,0,0,0,0,0,0,0,0,0,0,0,0,0,0,31,40,40,71,65476,0,300,0,0,8,21553,0.0,-107605600.0,0.0,0.0,0.0,0.0,0.0,0.0,0.0,0.0,0.0,0.0,0.0,0.0,0.0,0.0,0.0,0.0,0.0,0.0,0.0,0.0,-2.004,-2.004,-2.004,0.0,0.0,0.0,0.0,0.0,6268.0,-0.0,6933.0,0.0,2.7184312818759872e+23,-0.0,2.718430741444032e+23,0.0,0.0,0.0,0.0,69,1.9056993230651392e+17,126840946688.0,0.0,0.0,0.0,0.0,0.0,0.0,0.0,0,0,0,0.0,0.0,0.0,0.0,0.0,0.0,0.0,0.0,0.0,0.0,0.0,0.0,0.0,0.0,0.0,0.0,0,-107875648.0,69,0.0,138,0.0,-109447200.0,0,13107,17040,13107,17049,13107,17043,0,0,0,70,68,100,2.7302359370752657e+23,71.2,0.0,74.2,2.7302370179391762e+23,74.0,1,49,50,180,13107,52429,0,0,0.0,0.0,0.0,0.0,-0.0,67.0,0.0,162057.094,0.0,751,0,739,0,0,0,721,0,766,0,736,0,742,0,742,0,712,0,7520,0.032,93952409600.0,0.0,0.0,784,16797,-0.0,162057.094,-114818.039,-0.0,0.133,6.909358625270745e+28,30.0,65.0,35,0.0,0.0,0.0,0.0,0.0,0.0,0.0,0.0,0.0,0.0,0.0,0.0,0.0,0.0,0.0,0.0,69.2,0,150,71,55,65476,0,300,0,1,8,20529,65476,0,0,40632,65.0,0.0,0.0,0.0,0.0,0.0
2026-09-04T20:23:11,ERR,ERR,ERR,ERR,ERR,ERR,ERR,ERR,ERR,ERR,ERR,ERR,ERR,ERR,ERR,ERR,ERR,ERR,ERR,ERR,ERR,ERR,ERR,ERR,ERR,ERR,ERR,ERR,ERR,ERR,ERR,ERR,ERR,ERR,ERR,ERR,ERR,ERR,ERR,ERR,ERR,ERR,ERR,ERR,ERR,ERR,ERR,ERR,ERR,ERR,ERR,ERR,ERR,ERR,ERR,ERR,ERR,ERR,ERR,ERR,ERR,ERR,ERR,ERR,ERR,ERR,ERR,ERR,ERR,ERR,ERR,ERR,ERR,ERR,ERR,ERR,ERR,ERR,ERR,ERR,ERR,ERR,ERR,ERR,ERR,ERR,ERR,ERR,ERR,ERR,ERR,ERR,ERR,ERR,ERR,ERR,ERR,ERR,ERR,ERR,ERR,ERR,ERR,ERR,ERR,ERR,ERR,ERR,ERR,ERR,ERR,ERR,ERR,ERR,ERR,ERR,ERR,ERR,ERR,ERR,ERR,ERR,ERR,ERR,ERR,0.0,2.7184312818759872e+23,-100793952.0,0.0,0.0,1.3936040501711995e+18,7.805,0.0,0,0,4,0,7116,0.0,100,0.0,0.0,0.0,0.0,0.0,0,0,0,0,0.0,0,0,0,0,0,0,0,0,0,0,0,0,0,0,0,0,0,0,0,0,0,0,0,0,0,0,0,0,0,0,0,0,0,31,40,40,71,65476,0,300,0,0,8,21553,0.0,-107605600.0,0.0,0.0,0.0,0.0,0.0,0.0,0.0,0.0,0.0,0.0,0.0,0.0,0.0,0.0,0.0,0.0,0.0,0.0,0.0,0.0,-2.004,-2.004,-2.004,0.0,0.0,0.0,0.0,0.0,6268.0,-0.0,6933.0,0.0,2.7184312818759872e+23,-0.0,2.718430741444032e+23,0.0,0.0,0.0,0.0,69,1.9056993230651392e+17,126840946688.0,0.0,0.0,0.0,0.0,0.0,0.0,0.0,0,0,0,0.0,0.0,0.0,0.0,0.0,0.0,0.0,0.0,0.0,0.0,0.0,0.0,0.0,0.0,0.0,0.0,0,-107875648.0,69,0.0,138,0.0,-109447200.0,0,13107,17040,13107,17049,13107,17043,0,0,0,70,68,100,2.7302359370752657e+23,71.1,0.0,74.2,2.7302370179391762e+23,74.0,1,49,50,180,13107,52429,0,0,0.0,0.0,0.0,0.0,-0.0,67.0,0.0,162057.094,0.0,751,0,739,0,0,0,721,0,766,0,736,0,742,0,742,0,712,0,7520,0.032,108447924224.0,0.0,0.0,784,16797,-0.0,162057.094,-114818.039,-0.0,0.133,6.909358625270745e+28,30.0,65.0,35,0.0,0.0,0.0,0.0,0.0,0.0,0.0,0.0,0.0,0.0,0.0,0.0,0.0,0.0,0.0,0.0,69.2,0,150,71,55,65476,0,300,0,1,8,20529,65476,0,0,40632,65.0,0.0,0.0,0.0,0.0,0.0
2026-09-04T20:23:12,ERR,ERR,ERR,ERR,ERR,ERR,ERR,ERR,ERR,ERR,ERR,ERR,ERR,ERR,ERR,ERR,ERR,ERR,ERR,ERR,ERR,ERR,ERR,ERR,ERR,ERR,ERR,ERR,ERR,ERR,ERR,ERR,ERR,ERR,ERR,ERR,ERR,ERR,ERR,ERR,ERR,ERR,ERR,ERR,ERR,ERR,ERR,ERR,ERR,ERR,ERR,ERR,ERR,ERR,ERR,ERR,ERR,ERR,ERR,ERR,ERR,ERR,ERR,ERR,ERR,ERR,ERR,ERR,ERR,ERR,ERR,ERR,ERR,ERR,ERR,ERR,ERR,ERR,ERR,ERR,ERR,ERR,ERR,ERR,ERR,ERR,ERR,ERR,ERR,ERR,ERR,ERR,ERR,ERR,ERR,ERR,ERR,ERR,ERR,ERR,ERR,ERR,ERR,ERR,ERR,ERR,ERR,ERR,ERR,ERR,ERR,ERR,ERR,ERR,ERR,ERR,ERR,ERR,ERR,ERR,ERR,ERR,ERR,ERR,ERR,0.0,2.7184312818759872e+23,-100793952.0,0.0,0.0,1.3936040501711995e+18,7.805,0.0,0,0,4,0,7116,0.0,100,0.0,0.0,0.0,0.0,0.0,0,0,0,0,0.0,0,0,0,0,0,0,0,0,0,0,0,0,0,0,0,0,0,0,0,0,0,0,0,0,0,0,0,0,0,0,0,0,0,31,40,40,71,65476,0,300,0,0,8,21553,0.0,-107605600.0,0.0,0.0,0.0,0.0,0.0,0.0,0.0,0.0,0.0,0.0,0.0,0.0,0.0,0.0,0.0,0.0,0.0,0.0,0.0,0.0,-2.004,-2.004,-2.004,0.0,0.0,0.0,0.0,0.0,6268.0,-0.0,6933.0,0.0,2.7184312818759872e+23,-0.0,2.718430741444032e+23,0.0,0.0,0.0,0.0,69,1.9056993230651392e+17,126840946688.0,0.0,0.0,0.0,0.0,0.0,0.0,0.0,0,0,0,0.0,0.0,0.0,0.0,0.0,0.0,0.0,0.0,0.0,0.0,0.0,0.0,0.0,0.0,0.0,0.0,0,-107875648.0,69,0.0,138,0.0,-109447200.0,0,13107,17040,13107,17049,13107,17043,0,0,0,70,68,100,2.7302359370752657e+23,71.1,0.0,74.2,2.7302370179391762e+23,74.0,1,49,50,180,13107,52429,0,0,0.0,0.0,0.0,0.0,-0.0,67.0,0.0,162057.094,0.0,751,0,739,0,0,0,721,0,766,0,736,0,742,0,742,0,712,0,7520,0.032,108447924224.0,0.0,0.0,784,16797,-0.0,162057.094,-114818.039,-0.0,0.133,6.909358625270745e+28,30.0,65.0,35,0.0,0.0,0.0,0.0,0.0,0.0,0.0,0.0,0.0,0.0,0.0,0.0,0.0,0.0,0.0,0.0,69.2,0,150,71,55,65476,0,300,0,1,8,20529,65476,0,0,40632,65.0,0.0,0.0,0.0,0.0,0.0
2026-09-04T20:23:13,ERR,ERR,ERR,ERR,ERR,ERR,ERR,ERR,ERR,ERR,ERR,ERR,ERR,ERR,ERR,ERR,ERR,ERR,ERR,ERR,ERR,ERR,ERR,ERR,ERR,ERR,ERR,ERR,ERR,ERR,ERR,ERR,ERR,ERR,ERR,ERR,ERR,ERR,ERR,ERR,ERR,ERR,ERR,ERR,ERR,ERR,ERR,ERR,ERR,ERR,ERR,ERR,ERR,ERR,ERR,ERR,ERR,ERR,ERR,ERR,ERR,ERR,ERR,ERR,ERR,ERR,ERR,ERR,ERR,ERR,ERR,ERR,ERR,ERR,ERR,ERR,ERR,ERR,ERR,ERR,ERR,ERR,ERR,ERR,ERR,ERR,ERR,ERR,ERR,ERR,ERR,ERR,ERR,ERR,ERR,ERR,ERR,ERR,ERR,ERR,ERR,ERR,ERR,ERR,ERR,ERR,ERR,ERR,ERR,ERR,ERR,ERR,ERR,ERR,ERR,ERR,ERR,ERR,ERR,ERR,ERR,ERR,ERR,ERR,ERR,0.0,2.7184312818759872e+23,-100793952.0,0.0,0.0,1.3936040501711995e+18,7.805,0.0,0,0,4,0,7116,0.0,100,0.0,0.0,0.0,0.0,0.0,0,0,0,0,0.0,0,0,0,0,0,0,0,0,0,0,0,0,0,0,0,0,0,0,0,0,0,0,0,0,0,0,0,0,0,0,0,0,0,31,40,40,71,65476,0,300,0,0,8,21553,0.0,-107605600.0,0.0,0.0,0.0,0.0,0.0,0.0,0.0,0.0,0.0,0.0,0.0,0.0,-2.596148429267414e+33,0.0,0.0,0.0,0.0,0.0,0.0,0.0,-2.004,-2.004,-2.004,-2.004,0.0,0.0,0.0,0.0,6240.0,1.5879367200059895e+29,6926.0,0.0,2.7184312818759872e+23,-0.0,2.718430741444032e+23,0.0,0.0,0.0,0.0,69,3.222031544164523e+26,0.0,0.0,0.0,0.0,0.0,0.0,0.0,0.0,0,0,0,0.0,0.0,0.0,0.0,0.0,0.0,0.0,0.0,0.0,0.0,0.0,0.0,0.0,0.0,0.0,0.0,0,-107875648.0,69,0.0,138,0.0,-109447200.0,0,13107,17040,13107,17049,13107,17043,0,0,0,70,68,100,2.7302359370752657e+23,71.1,0.0,74.2,2.7302370179391762e+23,74.0,1,49,50,180,13107,52429,0,0,0.0,0.0,0.0,0.0,-0.0,67.0,0.0,162057.094,0.0,751,0,739,0,0,0,721,0,766,0,736,0,742,0,742,0,712,0,7520,0.032,108447924224.0,0.0,0.0,784,16797,-0.0,162057.094,-114818.039,-0.0,0.133,6.909358625270745e+28,30.0,65.0,35,0.0,0.0,0.0,0.0,0.0,0.0,0.0,0.0,0.0,0.0,0.0,0.0,0.0,0.0,0.0,0.0,69.2,0,150,71,55,65476,0,300,0,1,8,20529,65476,0,0,40632,65.0,0.0,0.0,0.0,0.0,0.0
2026-09-04T20:23:14,ERR,ERR,ERR,ERR,ERR,ERR,ERR,ERR,ERR,ERR,ERR,ERR,ERR,ERR,ERR,ERR,ERR,ERR,ERR,ERR,ERR,ERR,ERR,ERR,ERR,ERR,ERR,ERR,ERR,ERR,ERR,ERR,ERR,ERR,ERR,ERR,ERR,ERR,ERR,ERR,ERR,ERR,ERR,ERR,ERR,ERR,ERR,ERR,ERR,ERR,ERR,ERR,ERR,ERR,ERR,ERR,ERR,ERR,ERR,ERR,ERR,ERR,ERR,ERR,ERR,ERR,ERR,ERR,ERR,ERR,ERR,ERR,ERR,ERR,ERR,ERR,ERR,ERR,ERR,ERR,ERR,ERR,ERR,ERR,ERR,ERR,ERR,ERR,ERR,ERR,ERR,ERR,ERR,ERR,ERR,ERR,ERR,ERR,ERR,ERR,ERR,ERR,ERR,ERR,ERR,ERR,ERR,ERR,ERR,ERR,ERR,ERR,ERR,ERR,ERR,ERR,ERR,ERR,ERR,ERR,ERR,ERR,ERR,ERR,ERR,0.0,2.7184312818759872e+23,-100793952.0,0.0,0.0,1.3936040501711995e+18,7.805,0.0,0,0,4,0,7116,0.0,100,0.0,0.0,0.0,0.0,0.0,0,0,0,0,0.0,0,0,0,0,0,0,0,0,0,0,0,0,0,0,0,0,0,0,0,0,0,0,0,0,0,0,0,0,0,0,0,0,0,31,40,40,71,65476,0,300,0,0,8,21553,0.0,-107605600.0,0.0,0.0,0.0,0.0,0.0,0.0,0.0,0.0,0.0,0.0,0.0,0.0,-2.596148429267414e+33,0.0,0.0,0.0,0.0,0.0,0.0,0.0,-2.004,-2.004,-2.004,-2.004,0.0,0.0,0.0,0.0,6240.0,1.5879367200059895e+29,6926.0,0.0,2.7184312818759872e+23,-0.0,2.718430741444032e+23,0.0,0.0,0.0,0.0,69,3.222031544164523e+26,0.0,0.0,0.0,0.0,0.0,0.0,0.0,0.0,0,0,0,0.0,0.0,0.0,0.0,0.0,0.0,0.0,0.0,0.0,0.0,0.0,0.0,0.0,0.0,0.0,0.0,0,-107875648.0,69,0.0,138,0.0,-109447200.0,0,13107,17040,13107,17049,13107,17043,0,0,0,70,68,100,2.7302359370752657e+23,71.1,0.0,74.2,2.7302370179391762e+23,74.0,1,49,50,180,13107,52429,0,0,0.0,0.0,0.0,0.0,-0.0,67.0,0.0,162057.094,0.0,751,0,739,0,0,0,721,0,766,0,736,0,742,0,742,0,712,0,7520,0.032,108447924224.0,0.0,0.0,784,16797,-0.0,162057.094,-114818.039,-0.0,0.133,6.909358625270745e+28,30.0,65.0,35,0.0,0.0,0.0,0.0,0.0,0.0,0.0,0.0,0.0,0.0,0.0,0.0,0.0,0.0,0.0,0.0,69.2,0,150,71,55,65476,0,300,0,1,8,20529,65476,0,0,40632,65.0,0.0,0.0,0.0,0.0,0.0
2026-09-04T20:23:15,ERR,ERR,ERR,ERR,ERR,ERR,ERR,ERR,ERR,ERR,ERR,ERR,ERR,ERR,ERR,ERR,ERR,ERR,ERR,ERR,ERR,ERR,ERR,ERR,ERR,ERR,ERR,ERR,ERR,ERR,ERR,ERR,ERR,ERR,ERR,ERR,ERR,ERR,ERR,ERR,ERR,ERR,ERR,ERR,ERR,ERR,ERR,ERR,ERR,ERR,ERR,ERR,ERR,ERR,ERR,ERR,ERR,ERR,ERR,ERR,ERR,ERR,ERR,ERR,ERR,ERR,ERR,ERR,ERR,ERR,ERR,ERR,ERR,ERR,ERR,ERR,ERR,ERR,ERR,ERR,ERR,ERR,ERR,ERR,ERR,ERR,ERR,ERR,ERR,ERR,ERR,ERR,ERR,ERR,ERR,ERR,ERR,ERR,ERR,ERR,ERR,ERR,ERR,ERR,ERR,ERR,ERR,ERR,ERR,ERR,ERR,ERR,ERR,ERR,ERR,ERR,ERR,ERR,ERR,ERR,ERR,ERR,ERR,ERR,ERR,0.0,2.7184312818759872e+23,-100793952.0,0.0,0.0,1.3936040501711995e+18,7.805,0.0,0,0,4,0,7116,0.0,100,0.0,0.0,0.0,0.0,0.0,0,0,0,0,0.0,0,0,0,0,0,0,0,0,0,0,0,0,0,0,0,0,0,0,0,0,0,0,0,0,0,0,0,0,0,0,0,0,0,31,40,40,71,65476,0,300,0,0,8,21553,0.0,-107605600.0,0.0,0.0,0.0,0.0,0.0,0.0,0.0,0.0,0.0,0.0,0.0,0.0,-2.596148429267414e+33,0.0,0.0,0.0,0.0,0.0,0.0,0.0,-2.004,-2.004,-2.004,-2.004,0.0,0.0,0.0,0.0,6240.0,1.5879367200059895e+29,6926.0,0.0,2.7184312818759872e+23,-0.0,2.718430741444032e+23,0.0,0.0,0.0,0.0,69,3.222031544164523e+26,0.0,0.0,0.0,0.0,0.0,0.0,0.0,0.0,0,0,0,0.0,0.0,0.0,0.0,0.0,0.0,0.0,0.0,0.0,0.0,0.0,0.0,0.0,0.0,0.0,0.0,0,-107875648.0,69,0.0,138,0.0,-109447200.0,0,13107,17040,13107,17049,13107,17043,0,0,0,70,68,100,2.7302359370752657e+23,71.1,0.0,74.2,2.7302370179391762e+23,74.0,1,49,50,180,13107,52429,0,0,0.0,0.0,0.0,0.0,-0.0,67.0,0.0,162057.094,0.0,751,0,739,0,0,0,721,0,766,0,736,0,742,0,742,0,712,0,7520,0.032,108447924224.0,0.0,0.0,784,16797,-0.0,162057.094,-114818.039,-0.0,0.133,6.909358625270745e+28,30.0,65.0,35,0.0,0.0,0.0,0.0,0.0,0.0,0.0,0.0,0.0,0.0,0.0,0.0,0.0,0.0,0.0,0.0,69.2,0,150,71,55,65476,0,300,0,1,8,20529,65476,0,0,40632,65.0,0.0,0.0,0.0,0.0,0.0
2026-09-04T20:23:16,ERR,ERR,ERR,ERR,ERR,ERR,ERR,ERR,ERR,ERR,ERR,ERR,ERR,ERR,ERR,ERR,ERR,ERR,ERR,ERR,ERR,ERR,ERR,ERR,ERR,ERR,ERR,ERR,ERR,ERR,ERR,ERR,ERR,ERR,ERR,ERR,ERR,ERR,ERR,ERR,ERR,ERR,ERR,ERR,ERR,ERR,ERR,ERR,ERR,ERR,ERR,ERR,ERR,ERR,ERR,ERR,ERR,ERR,ERR,ERR,ERR,ERR,ERR,ERR,ERR,ERR,ERR,ERR,ERR,ERR,ERR,ERR,ERR,ERR,ERR,ERR,ERR,ERR,ERR,ERR,ERR,ERR,ERR,ERR,ERR,ERR,ERR,ERR,ERR,ERR,ERR,ERR,ERR,ERR,ERR,ERR,ERR,ERR,ERR,ERR,ERR,ERR,ERR,ERR,ERR,ERR,ERR,ERR,ERR,ERR,ERR,ERR,ERR,ERR,ERR,ERR,ERR,ERR,ERR,ERR,ERR,ERR,ERR,ERR,ERR,0.0,2.7184312818759872e+23,-100793952.0,0.0,0.0,1.3936040501711995e+18,7.805,0.0,0,0,4,0,7116,0.0,100,0.0,0.0,0.0,0.0,0.0,0,0,0,0,0.0,0,0,0,0,0,0,0,0,0,0,0,0,0,0,0,0,0,0,0,0,0,0,0,0,0,0,0,0,0,0,0,0,0,31,40,40,71,65476,0,300,0,0,8,21553,0.0,-107605600.0,0.0,0.0,0.0,0.0,0.0,0.0,0.0,0.0,0.0,0.0,0.0,0.0,-2.596148429267414e+33,0.0,0.0,0.0,0.0,0.0,0.0,0.0,-2.004,-2.004,-2.004,-2.004,0.0,0.0,0.0,0.0,6240.0,1.5879367200059895e+29,6926.0,0.0,2.7184312818759872e+23,-0.0,2.718430741444032e+23,0.0,0.0,0.0,0.0,69,3.222031544164523e+26,0.0,0.0,0.0,0.0,0.0,0.0,0.0,0.0,0,0,0,0.0,0.0,0.0,0.0,0.0,0.0,0.0,0.0,0.0,0.0,0.0,0.0,0.0,0.0,0.0,0.0,0,-107875648.0,69,0.0,138,0.0,-109447200.0,0,13107,17040,13107,17049,13107,17043,0,0,0,70,68,100,2.7302359370752657e+23,71.1,0.0,74.2,2.7302370179391762e+23,74.0,1,49,50,180,13107,52429,0,0,0.0,0.0,0.0,0.0,-0.0,67.0,0.0,162057.094,0.0,751,0,739,0,0,0,721,0,766,0,736,0,742,0,742,0,712,0,7520,0.032,108447924224.0,0.0,0.0,784,16797,-0.0,162057.094,-114818.039,-0.0,0.133,6.909358625270745e+28,30.0,65.0,35,0.0,0.0,0.0,0.0,0.0,0.0,0.0,0.0,0.0,0.0,0.0,0.0,0.0,0.0,0.0,0.0,69.2,0,150,71,55,65476,0,300,0,1,8,20529,65476,0,0,40632,65.0,0.0,0.0,0.0,0.0,0.0
2026-09-04T20:23:17,ERR,ERR,ERR,ERR,ERR,ERR,ERR,ERR,ERR,ERR,ERR,ERR,ERR,ERR,ERR,ERR,ERR,ERR,ERR,ERR,ERR,ERR,ERR,ERR,ERR,ERR,ERR,ERR,ERR,ERR,ERR,ERR,ERR,ERR,ERR,ERR,ERR,ERR,ERR,ERR,ERR,ERR,ERR,ERR,ERR,ERR,ERR,ERR,ERR,ERR,ERR,ERR,ERR,ERR,ERR,ERR,ERR,ERR,ERR,ERR,ERR,ERR,ERR,ERR,ERR,ERR,ERR,ERR,ERR,ERR,ERR,ERR,ERR,ERR,ERR,ERR,ERR,ERR,ERR,ERR,ERR,ERR,ERR,ERR,ERR,ERR,ERR,ERR,ERR,ERR,ERR,ERR,ERR,ERR,ERR,ERR,ERR,ERR,ERR,ERR,ERR,ERR,ERR,ERR,ERR,ERR,ERR,ERR,ERR,ERR,ERR,ERR,ERR,ERR,ERR,ERR,ERR,ERR,ERR,ERR,ERR,ERR,ERR,ERR,ERR,0.0,2.7184312818759872e+23,-100793952.0,0.0,0.0,1.3936040501711995e+18,7.805,0.0,0,0,4,0,7116,0.0,100,0.0,0.0,0.0,0.0,0.0,0,0,0,0,0.0,0,0,0,0,0,0,0,0,0,0,0,0,0,0,0,0,0,0,0,0,0,0,0,0,0,0,0,0,0,0,0,0,0,31,40,40,71,65476,0,300,0,0,8,21553,0.0,-107605600.0,0.0,0.0,0.0,0.0,0.0,0.0,0.0,0.0,0.0,0.0,0.0,0.0,-2.596148429267414e+33,0.0,0.0,0.0,0.0,0.0,0.0,0.0,-2.004,-2.004,-2.004,-2.004,0.0,0.0,0.0,0.0,6240.0,1.5879367200059895e+29,6926.0,0.0,2.7184312818759872e+23,-0.0,2.718430741444032e+23,0.0,0.0,0.0,0.0,69,3.222031544164523e+26,0.0,0.0,0.0,0.0,0.0,0.0,0.0,0.0,0,0,0,0.0,0.0,0.0,0.0,0.0,0.0,0.0,0.0,0.0,0.0,0.0,0.0,0.0,0.0,0.0,0.0,0,-107875648.0,69,0.0,138,0.0,-109447200.0,0,13107,17040,13107,17049,13107,17043,0,0,0,70,68,100,2.7302359370752657e+23,71.2,2.7302370179391762e+23,74.2,2.7302370179391762e+23,74.0,1,49,50,180,13107,52429,0,0,0.0,0.0,0.0,0.0,-0.0,67.0,0.0,162057.094,0.0,751,0,739,0,0,0,721,0,767,0,736,0,742,0,742,0,712,0,7520,0.032,96636764160.0,0.0,0.0,784,16797,-0.0,162057.094,-114818.039,-0.0,0.133,6.909358625270745e+28,30.0,65.0,35,0.0,0.0,0.0,0.0,0.0,0.0,0.0,0.0,0.0,0.0,0.0,0.0,0.0,0.0,0.0,0.0,69.2,0,150,71,55,65476,0,300,0,1,8,20529,65476,0,0,40632,65.0,0.0,0.0,0.0,0.0,0.0
2026-09-04T20:23:18,ERR,ERR,ERR,ERR,ERR,ERR,ERR,ERR,ERR,ERR,ERR,ERR,ERR,ERR,ERR,ERR,ERR,ERR,ERR,ERR,ERR,ERR,ERR,ERR,ERR,ERR,ERR,ERR,ERR,ERR,ERR,ERR,ERR,ERR,ERR,ERR,ERR,ERR,ERR,ERR,ERR,ERR,ERR,ERR,ERR,ERR,ERR,ERR,ERR,ERR,ERR,ERR,ERR,ERR,ERR,ERR,ERR,ERR,ERR,ERR,ERR,ERR,ERR,ERR,ERR,ERR,ERR,ERR,ERR,ERR,ERR,ERR,ERR,ERR,ERR,ERR,ERR,ERR,ERR,ERR,ERR,ERR,ERR,ERR,ERR,ERR,ERR,ERR,ERR,ERR,ERR,ERR,ERR,ERR,ERR,ERR,ERR,ERR,ERR,ERR,ERR,ERR,ERR,ERR,ERR,ERR,ERR,ERR,ERR,ERR,ERR,ERR,ERR,ERR,ERR,ERR,ERR,ERR,ERR,ERR,ERR,ERR,ERR,ERR,ERR,0.0,2.7184312818759872e+23,-100793952.0,0.0,0.0,1.3936040501711995e+18,7.805,0.0,0,0,4,0,7116,0.0,100,0.0,0.0,0.0,0.0,0.0,0,0,0,0,0.0,0,0,0,0,0,0,0,0,0,0,0,0,0,0,0,0,0,0,0,0,0,0,0,0,0,0,0,0,0,0,0,0,0,31,40,40,71,65476,0,300,0,0,8,21553,0.0,-107605600.0,0.0,0.0,0.0,0.0,0.0,0.0,0.0,0.0,0.0,0.0,0.0,0.0,-2.596148429267414e+33,0.0,0.0,0.0,0.0,0.0,0.0,0.0,-2.004,-2.004,-2.004,-2.004,0.0,0.0,0.0,0.0,6240.0,1.5879367200059895e+29,6926.0,0.0,2.7184312818759872e+23,-0.0,2.718430741444032e+23,0.0,0.0,0.0,0.0,69,3.222031544164523e+26,0.0,0.0,0.0,0.0,0.0,0.0,0.0,0.0,0,0,0,0.0,0.0,0.0,0.0,0.0,0.0,0.0,0.0,0.0,0.0,0.0,0.0,0.0,0.0,0.0,0.0,0,-107875648.0,69,0.0,138,0.0,-109447200.0,0,13107,17040,13107,17049,13107,17043,0,0,0,70,68,100,2.7302359370752657e+23,71.2,2.7302370179391762e+23,74.2,2.7302370179391762e+23,74.0,1,49,50,180,13107,52429,0,0,0.0,0.0,0.0,0.0,-0.0,67.0,0.0,162057.094,0.0,751,0,739,0,0,0,721,0,767,0,736,0,742,0,742,0,712,0,7520,0.032,96636764160.0,0.0,0.0,784,16797,-0.0,162057.094,-114818.039,-0.0,0.133,6.909358625270745e+28,30.0,65.0,35,0.0,0.0,0.0,0.0,0.0,0.0,0.0,0.0,0.0,0.0,0.0,0.0,0.0,0.0,0.0,0.0,69.2,0,150,71,55,65476,0,300,0,1,8,20529,65476,0,0,40632,65.0,0.0,0.0,0.0,0.0,0.0
2026-09-04T20:23:19,ERR,ERR,ERR,ERR,ERR,ERR,ERR,ERR,ERR,ERR,ERR,ERR,ERR,ERR,ERR,ERR,ERR,ERR,ERR,ERR,ERR,ERR,ERR,ERR,ERR,ERR,ERR,ERR,ERR,ERR,ERR,ERR,ERR,ERR,ERR,ERR,ERR,ERR,ERR,ERR,ERR,ERR,ERR,ERR,ERR,ERR,ERR,ERR,ERR,ERR,ERR,ERR,ERR,ERR,ERR,ERR,ERR,ERR,ERR,ERR,ERR,ERR,ERR,ERR,ERR,ERR,ERR,ERR,ERR,ERR,ERR,ERR,ERR,ERR,ERR,ERR,ERR,ERR,ERR,ERR,ERR,ERR,ERR,ERR,ERR,ERR,ERR,ERR,ERR,ERR,ERR,ERR,ERR,ERR,ERR,ERR,ERR,ERR,ERR,ERR,ERR,ERR,ERR,ERR,ERR,ERR,ERR,ERR,ERR,ERR,ERR,ERR,ERR,ERR,ERR,ERR,ERR,ERR,ERR,ERR,ERR,ERR,ERR,ERR,ERR,0.0,2.7184312818759872e+23,-100793952.0,0.0,0.0,1.3936040501711995e+18,7.805,0.0,0,0,4,0,7116,0.0,100,0.0,0.0,0.0,0.0,0.0,0,0,0,0,0.0,0,0,0,0,0,0,0,0,0,0,0,0,0,0,0,0,0,0,0,0,0,0,0,0,0,0,0,0,0,0,0,0,0,31,40,40,71,65476,0,300,0,0,8,21553,0.0,-107605600.0,0.0,0.0,0.0,0.0,0.0,0.0,0.0,0.0,0.0,0.0,0.0,0.0,-2.596148429267414e+33,0.0,0.0,0.0,0.0,0.0,0.0,0.0,-2.004,-2.004,-2.004,-2.004,0.0,0.0,0.0,0.0,6240.0,1.5879367200059895e+29,6926.0,0.0,2.7184312818759872e+23,-0.0,2.718430741444032e+23,0.0,0.0,0.0,0.0,69,3.222031544164523e+26,0.0,0.0,0.0,0.0,0.0,0.0,0.0,0.0,0,0,0,0.0,0.0,0.0,0.0,0.0,0.0,0.0,0.0,0.0,0.0,0.0,0.0,0.0,0.0,0.0,0.0,0,-107875648.0,69,0.0,138,0.0,-109447200.0,0,13107,17040,13107,17049,13107,17043,0,0,0,70,68,100,2.7302359370752657e+23,71.2,2.7302370179391762e+23,74.2,2.7302370179391762e+23,74.0,1,49,50,180,13107,52429,0,0,0.0,0.0,0.0,0.0,-0.0,67.0,0.0,162057.094,0.0,751,0,739,0,0,0,721,0,767,0,736,0,742,0,742,0,712,0,7520,0.032,96636764160.0,0.0,0.0,784,16797,-0.0,162057.094,-114818.039,-0.0,0.133,6.909358625270745e+28,30.0,65.0,35,0.0,0.0,0.0,0.0,0.0,0.0,0.0,0.0,0.0,0.0,0.0,0.0,0.0,0.0,0.0,0.0,69.2,0,150,71,55,65476,0,300,0,1,8,20529,65476,0,0,40632,65.0,0.0,0.0,0.0,0.0,0.0
2026-09-04T20:23:20,ERR,ERR,ERR,ERR,ERR,ERR,ERR,ERR,ERR,ERR,ERR,ERR,ERR,ERR,ERR,ERR,ERR,ERR,ERR,ERR,ERR,ERR,ERR,ERR,ERR,ERR,ERR,ERR,ERR,ERR,ERR,ERR,ERR,ERR,ERR,ERR,ERR,ERR,ERR,ERR,ERR,ERR,ERR,ERR,ERR,ERR,ERR,ERR,ERR,ERR,ERR,ERR,ERR,ERR,ERR,ERR,ERR,ERR,ERR,ERR,ERR,ERR,ERR,ERR,ERR,ERR,ERR,ERR,ERR,ERR,ERR,ERR,ERR,ERR,ERR,ERR,ERR,ERR,ERR,ERR,ERR,ERR,ERR,ERR,ERR,ERR,ERR,ERR,ERR,ERR,ERR,ERR,ERR,ERR,ERR,ERR,ERR,ERR,ERR,ERR,ERR,ERR,ERR,ERR,ERR,ERR,ERR,ERR,ERR,ERR,ERR,ERR,ERR,ERR,ERR,ERR,ERR,ERR,ERR,ERR,ERR,ERR,ERR,ERR,ERR,0.0,2.7184312818759872e+23,-100793952.0,0.0,0.0,1.3936040501711995e+18,7.805,0.0,0,0,4,0,7116,0.0,100,0.0,0.0,0.0,0.0,0.0,0,0,0,0,0.0,0,0,0,0,0,0,0,0,0,0,0,0,0,0,0,0,0,0,0,0,0,0,0,0,0,0,0,0,0,0,0,0,0,31,40,40,71,65476,0,300,0,0,8,21553,0.0,-107605600.0,0.0,0.0,0.0,0.0,0.0,0.0,0.0,0.0,0.0,0.0,0.0,0.0,0.0,0.0,0.0,0.0,0.0,0.0,0.0,0.0,-2.004,-2.004,-2.004,0.0,0.0,0.0,0.0,0.0,6266.0,1.0406702088231253e+34,6927.0,0.0,2.7184312818759872e+23,-0.0,2.718430741444032e+23,0.0,0.0,0.0,0.0,69,152018589057024.0,0.0,0.0,0.0,0.0,0.0,0.0,0.0,0.0,0,0,0,0.0,0.0,0.0,0.0,0.0,0.0,0.0,0.0,0.0,0.0,0.0,0.0,0.0,0.0,0.0,0.0,0,-107875648.0,69,0.0,138,0.0,-109447200.0,0,13107,17040,13107,17049,13107,17043,0,0,0,70,68,100,2.7302359370752657e+23,71.2,2.7302370179391762e+23,74.2,2.7302370179391762e+23,74.0,1,49,50,180,13107,52429,0,0,0.0,0.0,0.0,0.0,-0.0,67.0,0.0,162057.094,0.0,751,0,739,0,0,0,721,0,767,0,736,0,742,0,742,0,712,0,7520,0.032,96636764160.0,0.0,0.0,784,16797,-0.0,162057.094,-114818.039,-0.0,0.133,6.909358625270745e+28,30.0,65.0,35,0.0,0.0,0.0,0.0,0.0,0.0,0.0,0.0,0.0,0.0,0.0,0.0,0.0,0.0,0.0,0.0,69.2,0,150,71,55,65476,0,300,0,1,8,20529,65476,0,0,40632,65.0,0.0,0.0,0.0,0.0,0.0
2026-09-04T20:23:21,ERR,ERR,ERR,ERR,ERR,ERR,ERR,ERR,ERR,ERR,ERR,ERR,ERR,ERR,ERR,ERR,ERR,ERR,ERR,ERR,ERR,ERR,ERR,ERR,ERR,ERR,ERR,ERR,ERR,ERR,ERR,ERR,ERR,ERR,ERR,ERR,ERR,ERR,ERR,ERR,ERR,ERR,ERR,ERR,ERR,ERR,ERR,ERR,ERR,ERR,ERR,ERR,ERR,ERR,ERR,ERR,ERR,ERR,ERR,ERR,ERR,ERR,ERR,ERR,ERR,ERR,ERR,ERR,ERR,ERR,ERR,ERR,ERR,ERR,ERR,ERR,ERR,ERR,ERR,ERR,ERR,ERR,ERR,ERR,ERR,ERR,ERR,ERR,ERR,ERR,ERR,ERR,ERR,ERR,ERR,ERR,ERR,ERR,ERR,ERR,ERR,ERR,ERR,ERR,ERR,ERR,ERR,ERR,ERR,ERR,ERR,ERR,ERR,ERR,ERR,ERR,ERR,ERR,ERR,ERR,ERR,ERR,ERR,ERR,ERR,0.0,2.7184312818759872e+23,-100793952.0,0.0,0.0,1.3936040501711995e+18,7.805,0.0,0,0,4,0,7116,0.0,100,0.0,0.0,0.0,0.0,0.0,0,0,0,0,0.0,0,0,0,0,0,0,0,0,0,0,0,0,0,0,0,0,0,0,0,0,0,0,0,0,0,0,0,0,0,0,0,0,0,31,40,40,71,65476,0,300,0,0,8,21553,0.0,-107605600.0,0.0,0.0,0.0,0.0,0.0,0.0,0.0,0.0,0.0,0.0,0.0,0.0,0.0,0.0,0.0,0.0,0.0,0.0,0.0,0.0,-2.004,-2.004,-2.004,0.0,0.0,0.0,0.0,0.0,6266.0,1.0406702088231253e+34,6927.0,0.0,2.7184312818759872e+23,-0.0,2.718430741444032e+23,0.0,0.0,0.0,0.0,69,152018589057024.0,0.0,0.0,0.0,0.0,0.0,0.0,0.0,0.0,0,0,0,0.0,0.0,0.0,0.0,0.0,0.0,0.0,0.0,0.0,0.0,0.0,0.0,0.0,0.0,0.0,0.0,0,-107875648.0,69,0.0,138,0.0,-109447200.0,0,13107,17040,13107,17049,13107,17043,0,0,0,70,68,100,2.7302359370752657e+23,71.1,0.0,74.2,2.7302370179391762e+23,74.0,1,49,50,180,13107,52429,0,0,0.0,0.0,0.0,0.0,-0.0,67.0,0.0,162057.094,0.0,751,0,739,0,0,0,721,0,766,0,736,0,742,0,742,0,712,0,7520,0.032,79456894976.0,0.0,0.0,784,16797,-0.0,162057.094,-114818.039,-0.0,0.133,6.909358625270745e+28,30.0,65.0,35,0.0,0.0,0.0,0.0,0.0,0.0,0.0,0.0,0.0,0.0,0.0,0.0,0.0,0.0,0.0,0.0,69.2,0,150,71,55,65476,0,300,0,1,8,20529,65476,0,0,40632,65.0,0.0,0.0,0.0,0.0,0.0
2026-09-04T20:23:22,ERR,ERR,ERR,ERR,ERR,ERR,ERR,ERR,ERR,ERR,ERR,ERR,ERR,ERR,ERR,ERR,ERR,ERR,ERR,ERR,ERR,ERR,ERR,ERR,ERR,ERR,ERR,ERR,ERR,ERR,ERR,ERR,ERR,ERR,ERR,ERR,ERR,ERR,ERR,ERR,ERR,ERR,ERR,ERR,ERR,ERR,ERR,ERR,ERR,ERR,ERR,ERR,ERR,ERR,ERR,ERR,ERR,ERR,ERR,ERR,ERR,ERR,ERR,ERR,ERR,ERR,ERR,ERR,ERR,ERR,ERR,ERR,ERR,ERR,ERR,ERR,ERR,ERR,ERR,ERR,ERR,ERR,ERR,ERR,ERR,ERR,ERR,ERR,ERR,ERR,ERR,ERR,ERR,ERR,ERR,ERR,ERR,ERR,ERR,ERR,ERR,ERR,ERR,ERR,ERR,ERR,ERR,ERR,ERR,ERR,ERR,ERR,ERR,ERR,ERR,ERR,ERR,ERR,ERR,ERR,ERR,ERR,ERR,ERR,ERR,0.0,2.7184312818759872e+23,-100793952.0,0.0,0.0,1.3936040501711995e+18,7.805,0.0,0,0,4,0,7116,0.0,100,0.0,0.0,0.0,0.0,0.0,0,0,0,0,0.0,0,0,0,0,0,0,0,0,0,0,0,0,0,0,0,0,0,0,0,0,0,0,0,0,0,0,0,0,0,0,0,0,0,31,40,40,71,65476,0,300,0,0,8,21553,0.0,-107605600.0,0.0,0.0,0.0,0.0,0.0,0.0,0.0,0.0,0.0,0.0,0.0,0.0,0.0,0.0,0.0,0.0,0.0,0.0,0.0,0.0,-2.004,-2.004,-2.004,0.0,0.0,0.0,0.0,0.0,6266.0,1.0406702088231253e+34,6927.0,0.0,2.7184312818759872e+23,-0.0,2.718430741444032e+23,0.0,0.0,0.0,0.0,69,152018589057024.0,0.0,0.0,0.0,0.0,0.0,0.0,0.0,0.0,0,0,0,0.0,0.0,0.0,0.0,0.0,0.0,0.0,0.0,0.0,0.0,0.0,0.0,0.0,0.0,0.0,0.0,0,-107875648.0,69,0.0,138,0.0,-109447200.0,0,13107,17040,13107,17049,13107,17043,0,0,0,70,68,100,2.7302359370752657e+23,71.1,0.0,74.2,2.7302370179391762e+23,74.0,1,49,50,180,13107,52429,0,0,0.0,0.0,0.0,0.0,-0.0,67.0,0.0,162057.094,0.0,751,0,739,0,0,0,721,0,766,0,736,0,742,0,742,0,712,0,7520,0.032,79456894976.0,0.0,0.0,784,16797,-0.0,162057.094,-114818.039,-0.0,0.133,6.909358625270745e+28,30.0,65.0,35,0.0,0.0,0.0,0.0,0.0,0.0,0.0,0.0,0.0,0.0,0.0,0.0,0.0,0.0,0.0,0.0,69.2,0,150,71,55,65476,0,300,0,1,8,20529,65476,0,0,40632,65.0,0.0,0.0,0.0,0.0,0.0
2026-09-04T20:23:23,ERR,ERR,ERR,ERR,ERR,ERR,ERR,ERR,ERR,ERR,ERR,ERR,ERR,ERR,ERR,ERR,ERR,ERR,ERR,ERR,ERR,ERR,ERR,ERR,ERR,ERR,ERR,ERR,ERR,ERR,ERR,ERR,ERR,ERR,ERR,ERR,ERR,ERR,ERR,ERR,ERR,ERR,ERR,ERR,ERR,ERR,ERR,ERR,ERR,ERR,ERR,ERR,ERR,ERR,ERR,ERR,ERR,ERR,ERR,ERR,ERR,ERR,ERR,ERR,ERR,ERR,ERR,ERR,ERR,ERR,ERR,ERR,ERR,ERR,ERR,ERR,ERR,ERR,ERR,ERR,ERR,ERR,ERR,ERR,ERR,ERR,ERR,ERR,ERR,ERR,ERR,ERR,ERR,ERR,ERR,ERR,ERR,ERR,ERR,ERR,ERR,ERR,ERR,ERR,ERR,ERR,ERR,ERR,ERR,ERR,ERR,ERR,ERR,ERR,ERR,ERR,ERR,ERR,ERR,ERR,ERR,ERR,ERR,ERR,ERR,0.0,2.7184312818759872e+23,-100793952.0,0.0,0.0,1.3936040501711995e+18,7.805,0.0,0,0,4,0,7116,0.0,100,0.0,0.0,0.0,0.0,0.0,0,0,0,0,0.0,0,0,0,0,0,0,0,0,0,0,0,0,0,0,0,0,0,0,0,0,0,0,0,0,0,0,0,0,0,0,0,0,0,31,40,40,71,65476,0,300,0,0,8,21553,0.0,-107605600.0,0.0,0.0,0.0,0.0,0.0,0.0,0.0,0.0,0.0,0.0,0.0,0.0,0.0,0.0,0.0,0.0,0.0,0.0,0.0,0.0,-2.004,-2.004,-2.004,0.0,0.0,0.0,0.0,0.0,6266.0,1.0406702088231253e+34,6927.0,0.0,2.7184312818759872e+23,-0.0,2.718430741444032e+23,0.0,0.0,0.0,0.0,69,152018589057024.0,0.0,0.0,0.0,0.0,0.0,0.0,0.0,0.0,0,0,0,0.0,0.0,0.0,0.0,0.0,0.0,0.0,0.0,0.0,0.0,0.0,0.0,0.0,0.0,0.0,0.0,0,-107875648.0,69,0.0,138,0.0,-109447200.0,0,13107,17040,13107,17049,13107,17043,0,0,0,70,68,100,2.7302359370752657e+23,71.1,0.0,74.2,2.7302370179391762e+23,74.0,1,49,50,180,13107,52429,0,0,0.0,0.0,0.0,0.0,-0.0,67.0,0.0,162057.094,0.0,751,0,739,0,0,0,721,0,766,0,736,0,742,0,742,0,712,0,7520,0.032,79456894976.0,0.0,0.0,784,16797,-0.0,162057.094,-114818.039,-0.0,0.133,6.909358625270745e+28,30.0,65.0,35,0.0,0.0,0.0,0.0,0.0,0.0,0.0,0.0,0.0,0.0,0.0,0.0,0.0,0.0,0.0,0.0,69.2,0,150,71,55,65476,0,300,0,1,8,20529,65476,0,0,40632,65.0,0.0,0.0,0.0,0.0,0.0
2026-09-04T20:23:24,ERR,ERR,ERR,ERR,ERR,ERR,ERR,ERR,ERR,ERR,ERR,ERR,ERR,ERR,ERR,ERR,ERR,ERR,ERR,ERR,ERR,ERR,ERR,ERR,ERR,ERR,ERR,ERR,ERR,ERR,ERR,ERR,ERR,ERR,ERR,ERR,ERR,ERR,ERR,ERR,ERR,ERR,ERR,ERR,ERR,ERR,ERR,ERR,ERR,ERR,ERR,ERR,ERR,ERR,ERR,ERR,ERR,ERR,ERR,ERR,ERR,ERR,ERR,ERR,ERR,ERR,ERR,ERR,ERR,ERR,ERR,ERR,ERR,ERR,ERR,ERR,ERR,ERR,ERR,ERR,ERR,ERR,ERR,ERR,ERR,ERR,ERR,ERR,ERR,ERR,ERR,ERR,ERR,ERR,ERR,ERR,ERR,ERR,ERR,ERR,ERR,ERR,ERR,ERR,ERR,ERR,ERR,ERR,ERR,ERR,ERR,ERR,ERR,ERR,ERR,ERR,ERR,ERR,ERR,ERR,ERR,ERR,ERR,ERR,ERR,0.0,2.7184312818759872e+23,-100793952.0,0.0,0.0,1.3936040501711995e+18,7.805,0.0,0,0,4,0,7116,0.0,100,0.0,0.0,0.0,0.0,0.0,0,0,0,0,0.0,0,0,0,0,0,0,0,0,0,0,0,0,0,0,0,0,0,0,0,0,0,0,0,0,0,0,0,0,0,0,0,0,0,31,40,40,71,65476,0,300,0,0,8,21553,0.0,-107605600.0,0.0,0.0,0.0,0.0,0.0,0.0,0.0,0.0,0.0,0.0,0.0,0.0,0.0,0.0,0.0,0.0,0.0,0.0,0.0,0.0,-2.004,-2.004,-2.004,0.0,0.0,0.0,0.0,0.0,6266.0,1.0406702088231253e+34,6927.0,0.0,2.7184312818759872e+23,-0.0,2.718430741444032e+23,0.0,0.0,0.0,0.0,69,152018589057024.0,0.0,0.0,0.0,0.0,0.0,0.0,0.0,0.0,0,0,0,0.0,0.0,0.0,0.0,0.0,0.0,0.0,0.0,0.0,0.0,0.0,0.0,0.0,0.0,0.0,0.0,0,-107875648.0,69,0.0,138,0.0,-109447200.0,0,13107,17040,13107,17049,13107,17043,0,0,0,70,68,100,2.7302359370752657e+23,71.1,0.0,74.2,2.7302370179391762e+23,74.0,1,49,50,180,13107,52429,0,0,0.0,0.0,0.0,0.0,-0.0,67.0,0.0,162057.094,0.0,751,0,739,0,0,0,721,0,766,0,736,0,742,0,742,0,712,0,7520,0.032,79456894976.0,0.0,0.0,784,16797,-0.0,162057.094,-114818.039,-0.0,0.133,6.909358625270745e+28,30.0,65.0,35,0.0,0.0,0.0,0.0,0.0,0.0,0.0,0.0,0.0,0.0,0.0,0.0,0.0,0.0,0.0,0.0,69.2,0,150,71,55,65476,0,300,0,1,8,20529,65476,0,0,40632,65.0,0.0,0.0,0.0,0.0,0.0
2026-09-04T20:23:25,ERR,ERR,ERR,ERR,ERR,ERR,ERR,ERR,ERR,ERR,ERR,ERR,ERR,ERR,ERR,ERR,ERR,ERR,ERR,ERR,ERR,ERR,ERR,ERR,ERR,ERR,ERR,ERR,ERR,ERR,ERR,ERR,ERR,ERR,ERR,ERR,ERR,ERR,ERR,ERR,ERR,ERR,ERR,ERR,ERR,ERR,ERR,ERR,ERR,ERR,ERR,ERR,ERR,ERR,ERR,ERR,ERR,ERR,ERR,ERR,ERR,ERR,ERR,ERR,ERR,ERR,ERR,ERR,ERR,ERR,ERR,ERR,ERR,ERR,ERR,ERR,ERR,ERR,ERR,ERR,ERR,ERR,ERR,ERR,ERR,ERR,ERR,ERR,ERR,ERR,ERR,ERR,ERR,ERR,ERR,ERR,ERR,ERR,ERR,ERR,ERR,ERR,ERR,ERR,ERR,ERR,ERR,ERR,ERR,ERR,ERR,ERR,ERR,ERR,ERR,ERR,ERR,ERR,ERR,ERR,ERR,ERR,ERR,ERR,ERR,0.0,2.7184312818759872e+23,-100793952.0,0.0,0.0,1.3936040501711995e+18,7.805,0.0,0,0,4,0,7116,0.0,100,0.0,0.0,0.0,0.0,0.0,0,0,0,0,0.0,0,0,0,0,0,0,0,0,0,0,0,0,0,0,0,0,0,0,0,0,0,0,0,0,0,0,0,0,0,0,0,0,0,31,40,40,71,65476,0,300,0,0,8,21553,0.0,-107605600.0,0.0,0.0,0.0,0.0,0.0,0.0,0.0,0.0,0.0,0.0,0.0,0.0,0.0,0.0,0.0,0.0,0.0,0.0,0.0,0.0,-2.004,-2.004,-2.004,0.0,0.0,0.0,0.0,0.0,6266.0,1.0406702088231253e+34,6927.0,0.0,2.7184312818759872e+23,-0.0,2.718430741444032e+23,0.0,0.0,0.0,0.0,69,152018589057024.0,0.0,0.0,0.0,0.0,0.0,0.0,0.0,0.0,0,0,0,0.0,0.0,0.0,0.0,0.0,0.0,0.0,0.0,0.0,0.0,0.0,0.0,0.0,0.0,0.0,0.0,0,-107875648.0,69,0.0,138,0.0,-109447200.0,0,13107,17040,13107,17049,13107,17043,0,0,0,70,68,100,2.7302359370752657e+23,71.1,0.0,74.2,2.7302370179391762e+23,74.0,1,49,50,180,13107,52429,0,0,0.0,0.0,0.0,0.0,-0.0,67.0,0.0,162057.094,0.0,751,0,739,0,0,0,721,0,766,0,736,0,742,0,742,0,712,0,7520,0.032,79456894976.0,0.0,0.0,784,16797,-0.0,162057.094,-114818.039,-0.0,0.133,6.909358625270745e+28,30.0,65.0,35,0.0,0.0,0.0,0.0,0.0,0.0,0.0,0.0,0.0,0.0,0.0,0.0,0.0,0.0,0.0,0.0,69.2,0,150,71,55,65476,0,300,0,1,8,20529,65476,0,0,40632,65.0,0.0,0.0,0.0,0.0,0.0
2026-09-04T20:23:26,ERR,ERR,ERR,ERR,ERR,ERR,ERR,ERR,ERR,ERR,ERR,ERR,ERR,ERR,ERR,ERR,ERR,ERR,ERR,ERR,ERR,ERR,ERR,ERR,ERR,ERR,ERR,ERR,ERR,ERR,ERR,ERR,ERR,ERR,ERR,ERR,ERR,ERR,ERR,ERR,ERR,ERR,ERR,ERR,ERR,ERR,ERR,ERR,ERR,ERR,ERR,ERR,ERR,ERR,ERR,ERR,ERR,ERR,ERR,ERR,ERR,ERR,ERR,ERR,ERR,ERR,ERR,ERR,ERR,ERR,ERR,ERR,ERR,ERR,ERR,ERR,ERR,ERR,ERR,ERR,ERR,ERR,ERR,ERR,ERR,ERR,ERR,ERR,ERR,ERR,ERR,ERR,ERR,ERR,ERR,ERR,ERR,ERR,ERR,ERR,ERR,ERR,ERR,ERR,ERR,ERR,ERR,ERR,ERR,ERR,ERR,ERR,ERR,ERR,ERR,ERR,ERR,ERR,ERR,ERR,ERR,ERR,ERR,ERR,ERR,0.0,2.7184312818759872e+23,-100793952.0,0.0,0.0,1.3936040501711995e+18,7.805,0.0,0,0,4,0,7116,0.0,100,0.0,0.0,0.0,0.0,0.0,0,0,0,0,0.0,0,0,0,0,0,0,0,0,0,0,0,0,0,0,0,0,0,0,0,0,0,0,0,0,0,0,0,0,0,0,0,0,0,31,40,40,71,65476,0,300,0,0,8,21553,0.0,-107605600.0,0.0,0.0,0.0,0.0,0.0,0.0,0.0,0.0,0.0,0.0,0.0,0.0,0.0,0.0,0.0,0.0,0.0,0.0,0.0,0.0,-2.004,-2.004,-2.004,0.0,0.0,0.0,0.0,0.0,6266.0,1.0406702088231253e+34,6927.0,0.0,2.7184312818759872e+23,-0.0,2.718430741444032e+23,0.0,0.0,0.0,0.0,69,152018589057024.0,0.0,0.0,0.0,0.0,0.0,0.0,0.0,0.0,0,0,0,0.0,0.0,0.0,0.0,0.0,0.0,0.0,0.0,0.0,0.0,0.0,0.0,0.0,0.0,0.0,0.0,0,-107875648.0,69,0.0,138,0.0,-109447200.0,0,13107,17040,13107,17049,13107,17043,0,0,0,70,68,100,2.7302359370752657e+23,71.1,0.0,74.2,2.7302370179391762e+23,74.0,1,49,50,180,13107,52429,0,0,0.0,0.0,0.0,0.0,-0.0,67.0,0.0,162057.094,0.0,751,0,739,0,0,0,721,0,766,0,736,0,742,0,742,0,712,0,7520,0.032,107911053312.0,0.0,0.0,784,16797,-0.0,162057.094,-114818.039,-0.0,0.133,6.909358625270745e+28,30.0,65.0,35,0.0,0.0,0.0,0.0,0.0,0.0,0.0,0.0,0.0,0.0,0.0,0.0,0.0,0.0,0.0,0.0,69.2,0,150,71,55,65476,0,300,0,1,8,20529,65476,0,0,40632,65.0,0.0,0.0,0.0,0.0,0.0
2026-09-04T20:23:27,ERR,ERR,ERR,ERR,ERR,ERR,ERR,ERR,ERR,ERR,ERR,ERR,ERR,ERR,ERR,ERR,ERR,ERR,ERR,ERR,ERR,ERR,ERR,ERR,ERR,ERR,ERR,ERR,ERR,ERR,ERR,ERR,ERR,ERR,ERR,ERR,ERR,ERR,ERR,ERR,ERR,ERR,ERR,ERR,ERR,ERR,ERR,ERR,ERR,ERR,ERR,ERR,ERR,ERR,ERR,ERR,ERR,ERR,ERR,ERR,ERR,ERR,ERR,ERR,ERR,ERR,ERR,ERR,ERR,ERR,ERR,ERR,ERR,ERR,ERR,ERR,ERR,ERR,ERR,ERR,ERR,ERR,ERR,ERR,ERR,ERR,ERR,ERR,ERR,ERR,ERR,ERR,ERR,ERR,ERR,ERR,ERR,ERR,ERR,ERR,ERR,ERR,ERR,ERR,ERR,ERR,ERR,ERR,ERR,ERR,ERR,ERR,ERR,ERR,ERR,ERR,ERR,ERR,ERR,ERR,ERR,ERR,ERR,ERR,ERR,0.0,2.7184312818759872e+23,-100793952.0,0.0,0.0,1.3936040501711995e+18,7.805,0.0,0,0,4,0,7116,0.0,100,0.0,0.0,0.0,0.0,0.0,0,0,0,0,0.0,0,0,0,0,0,0,0,0,0,0,0,0,0,0,0,0,0,0,0,0,0,0,0,0,0,0,0,0,0,0,0,0,0,31,40,40,71,65476,0,300,0,0,8,21553,0.0,-107605600.0,0.0,0.0,0.0,0.0,0.0,0.0,0.0,0.0,0.0,0.0,0.0,0.0,0.0,0.0,0.0,0.0,0.0,0.0,0.0,0.0,-2.004,-2.004,-2.004,0.0,0.0,0.0,0.0,0.0,6302.0,0.0,6915.0,0.0,2.7184312818759872e+23,-0.0,2.718430741444032e+23,0.0,0.0,0.0,0.0,69,2.7184314620199723e+23,0.0,0.0,0.0,0.0,0.0,0.0,0.0,0.0,0,0,0,0.0,0.0,0.0,0.0,0.0,0.0,0.0,0.0,0.0,0.0,0.0,0.0,0.0,0.0,0.0,0.0,0,-107875648.0,69,0.0,138,0.0,-109447200.0,0,13107,17040,13107,17049,13107,17043,0,0,0,70,68,100,2.7302359370752657e+23,71.1,0.0,74.2,2.7302370179391762e+23,74.0,1,49,50,180,13107,52429,0,0,0.0,0.0,0.0,0.0,-0.0,67.0,0.0,162057.094,0.0,751,0,739,0,0,0,721,0,766,0,736,0,742,0,742,0,712,0,7520,0.032,107911053312.0,0.0,0.0,784,16797,-0.0,162057.094,-114818.039,-0.0,0.133,6.909358625270745e+28,30.0,65.0,35,0.0,0.0,0.0,0.0,0.0,0.0,0.0,0.0,0.0,0.0,0.0,0.0,0.0,0.0,0.0,0.0,69.2,0,150,71,55,65476,0,300,0,1,8,20529,65476,0,0,40632,65.0,0.0,0.0,0.0,0.0,0.0
2026-09-04T20:23:28,ERR,ERR,ERR,ERR,ERR,ERR,ERR,ERR,ERR,ERR,ERR,ERR,ERR,ERR,ERR,ERR,ERR,ERR,ERR,ERR,ERR,ERR,ERR,ERR,ERR,ERR,ERR,ERR,ERR,ERR,ERR,ERR,ERR,ERR,ERR,ERR,ERR,ERR,ERR,ERR,ERR,ERR,ERR,ERR,ERR,ERR,ERR,ERR,ERR,ERR,ERR,ERR,ERR,ERR,ERR,ERR,ERR,ERR,ERR,ERR,ERR,ERR,ERR,ERR,ERR,ERR,ERR,ERR,ERR,ERR,ERR,ERR,ERR,ERR,ERR,ERR,ERR,ERR,ERR,ERR,ERR,ERR,ERR,ERR,ERR,ERR,ERR,ERR,ERR,ERR,ERR,ERR,ERR,ERR,ERR,ERR,ERR,ERR,ERR,ERR,ERR,ERR,ERR,ERR,ERR,ERR,ERR,ERR,ERR,ERR,ERR,ERR,ERR,ERR,ERR,ERR,ERR,ERR,ERR,ERR,ERR,ERR,ERR,ERR,ERR,0.0,2.7184312818759872e+23,-100793952.0,0.0,0.0,1.3936040501711995e+18,7.805,0.0,0,0,4,0,7116,0.0,100,0.0,0.0,0.0,0.0,0.0,0,0,0,0,0.0,0,0,0,0,0,0,0,0,0,0,0,0,0,0,0,0,0,0,0,0,0,0,0,0,0,0,0,0,0,0,0,0,0,31,40,40,71,65476,0,300,0,0,8,21553,0.0,-107605600.0,0.0,0.0,0.0,0.0,0.0,0.0,0.0,0.0,0.0,0.0,0.0,0.0,0.0,0.0,0.0,0.0,0.0,0.0,0.0,0.0,-2.004,-2.004,-2.004,0.0,0.0,0.0,0.0,0.0,6302.0,0.0,6915.0,0.0,2.7184312818759872e+23,-0.0,2.718430741444032e+23,0.0,0.0,0.0,0.0,69,2.7184314620199723e+23,0.0,0.0,0.0,0.0,0.0,0.0,0.0,0.0,0,0,0,0.0,0.0,0.0,0.0,0.0,0.0,0.0,0.0,0.0,0.0,0.0,0.0,0.0,0.0,0.0,0.0,0,-107875648.0,69,0.0,138,0.0,-109447200.0,0,13107,17040,13107,17049,13107,17043,0,0,0,70,68,100,2.7302359370752657e+23,71.1,0.0,74.2,2.7302370179391762e+23,74.0,1,49,50,180,13107,52429,0,0,0.0,0.0,0.0,0.0,-0.0,67.0,0.0,162057.094,0.0,751,0,739,0,0,0,721,0,766,0,736,0,742,0,742,0,712,0,7520,0.032,107911053312.0,0.0,0.0,784,16797,-0.0,162057.094,-114818.039,-0.0,0.133,6.909358625270745e+28,30.0,65.0,35,0.0,0.0,0.0,0.0,0.0,0.0,0.0,0.0,0.0,0.0,0.0,0.0,0.0,0.0,0.0,0.0,69.2,0,150,71,55,65476,0,300,0,1,8,20529,65476,0,0,40632,65.0,0.0,0.0,0.0,0.0,0.0
2026-09-04T20:23:29,ERR,ERR,ERR,ERR,ERR,ERR,ERR,ERR,ERR,ERR,ERR,ERR,ERR,ERR,ERR,ERR,ERR,ERR,ERR,ERR,ERR,ERR,ERR,ERR,ERR,ERR,ERR,ERR,ERR,ERR,ERR,ERR,ERR,ERR,ERR,ERR,ERR,ERR,ERR,ERR,ERR,ERR,ERR,ERR,ERR,ERR,ERR,ERR,ERR,ERR,ERR,ERR,ERR,ERR,ERR,ERR,ERR,ERR,ERR,ERR,ERR,ERR,ERR,ERR,ERR,ERR,ERR,ERR,ERR,ERR,ERR,ERR,ERR,ERR,ERR,ERR,ERR,ERR,ERR,ERR,ERR,ERR,ERR,ERR,ERR,ERR,ERR,ERR,ERR,ERR,ERR,ERR,ERR,ERR,ERR,ERR,ERR,ERR,ERR,ERR,ERR,ERR,ERR,ERR,ERR,ERR,ERR,ERR,ERR,ERR,ERR,ERR,ERR,ERR,ERR,ERR,ERR,ERR,ERR,ERR,ERR,ERR,ERR,ERR,ERR,0.0,2.7184312818759872e+23,-100793952.0,0.0,0.0,1.3936040501711995e+18,7.805,0.0,0,0,4,0,7116,0.0,100,0.0,0.0,0.0,0.0,0.0,0,0,0,0,0.0,0,0,0,0,0,0,0,0,0,0,0,0,0,0,0,0,0,0,0,0,0,0,0,0,0,0,0,0,0,0,0,0,0,31,40,40,71,65476,0,300,0,0,8,21553,0.0,-107605600.0,0.0,0.0,0.0,0.0,0.0,0.0,0.0,0.0,0.0,0.0,0.0,0.0,0.0,0.0,0.0,0.0,0.0,0.0,0.0,0.0,-2.004,-2.004,-2.004,0.0,0.0,0.0,0.0,0.0,6302.0,0.0,6915.0,0.0,2.7184312818759872e+23,-0.0,2.718430741444032e+23,0.0,0.0,0.0,0.0,69,2.7184314620199723e+23,0.0,0.0,0.0,0.0,0.0,0.0,0.0,0.0,0,0,0,0.0,0.0,0.0,0.0,0.0,0.0,0.0,0.0,0.0,0.0,0.0,0.0,0.0,0.0,0.0,0.0,0,-107875648.0,69,0.0,138,0.0,-109447200.0,0,13107,17040,13107,17049,13107,17043,0,0,0,70,68,100,2.7302359370752657e+23,71.1,0.0,74.2,2.7302370179391762e+23,74.0,1,49,50,180,13107,52429,0,0,0.0,0.0,0.0,0.0,-0.0,67.0,0.0,162057.094,0.0,751,0,739,0,0,0,721,0,766,0,736,0,742,0,742,0,712,0,7520,0.032,107911053312.0,0.0,0.0,784,16797,-0.0,162057.094,-114818.039,-0.0,0.133,6.909358625270745e+28,30.0,65.0,35,0.0,0.0,0.0,0.0,0.0,0.0,0.0,0.0,0.0,0.0,0.0,0.0,0.0,0.0,0.0,0.0,69.2,0,150,71,55,65476,0,300,0,1,8,20529,65476,0,0,40632,65.0,0.0,0.0,0.0,0.0,0.0
2026-09-04T20:23:30,ERR,ERR,ERR,ERR,ERR,ERR,ERR,ERR,ERR,ERR,ERR,ERR,ERR,ERR,ERR,ERR,ERR,ERR,ERR,ERR,ERR,ERR,ERR,ERR,ERR,ERR,ERR,ERR,ERR,ERR,ERR,ERR,ERR,ERR,ERR,ERR,ERR,ERR,ERR,ERR,ERR,ERR,ERR,ERR,ERR,ERR,ERR,ERR,ERR,ERR,ERR,ERR,ERR,ERR,ERR,ERR,ERR,ERR,ERR,ERR,ERR,ERR,ERR,ERR,ERR,ERR,ERR,ERR,ERR,ERR,ERR,ERR,ERR,ERR,ERR,ERR,ERR,ERR,ERR,ERR,ERR,ERR,ERR,ERR,ERR,ERR,ERR,ERR,ERR,ERR,ERR,ERR,ERR,ERR,ERR,ERR,ERR,ERR,ERR,ERR,ERR,ERR,ERR,ERR,ERR,ERR,ERR,ERR,ERR,ERR,ERR,ERR,ERR,ERR,ERR,ERR,ERR,ERR,ERR,ERR,ERR,ERR,ERR,ERR,ERR,0.0,2.7184312818759872e+23,-100793952.0,0.0,0.0,1.3936040501711995e+18,7.805,0.0,0,0,4,0,7116,0.0,100,0.0,0.0,0.0,0.0,0.0,0,0,0,0,0.0,0,0,0,0,0,0,0,0,0,0,0,0,0,0,0,0,0,0,0,0,0,0,0,0,0,0,0,0,0,0,0,0,0,31,40,40,71,65476,0,300,0,0,8,21553,0.0,-107605600.0,0.0,0.0,0.0,0.0,0.0,0.0,0.0,0.0,0.0,0.0,0.0,0.0,0.0,0.0,0.0,0.0,0.0,0.0,0.0,0.0,-2.004,-2.004,-2.004,0.0,0.0,0.0,0.0,0.0,6302.0,0.0,6915.0,0.0,2.7184312818759872e+23,-0.0,2.718430741444032e+23,0.0,0.0,0.0,0.0,69,2.7184314620199723e+23,0.0,0.0,0.0,0.0,0.0,0.0,0.0,0.0,0,0,0,0.0,0.0,0.0,0.0,0.0,0.0,0.0,0.0,0.0,0.0,0.0,0.0,0.0,0.0,0.0,0.0,0,-107875648.0,69,0.0,138,0.0,-109447200.0,0,13107,17040,13107,17049,13107,17043,0,0,0,70,68,100,2.7302359370752657e+23,71.1,0.0,74.2,2.7302370179391762e+23,74.0,1,49,50,180,13107,52429,0,0,0.0,0.0,0.0,0.0,-0.0,67.0,0.0,162057.094,0.0,751,0,739,0,0,0,721,0,766,0,736,0,742,0,742,0,712,0,7520,0.032,107911053312.0,0.0,0.0,784,16797,-0.0,162057.094,-114818.039,-0.0,0.133,6.909358625270745e+28,30.0,65.0,35,0.0,0.0,0.0,0.0,0.0,0.0,0.0,0.0,0.0,0.0,0.0,0.0,0.0,0.0,0.0,0.0,69.2,0,150,71,55,65476,0,300,0,1,8,20529,65476,0,0,40632,65.0,0.0,0.0,0.0,0.0,0.0
2026-09-04T20:23:31,ERR,ERR,ERR,ERR,ERR,ERR,ERR,ERR,ERR,ERR,ERR,ERR,ERR,ERR,ERR,ERR,ERR,ERR,ERR,ERR,ERR,ERR,ERR,ERR,ERR,ERR,ERR,ERR,ERR,ERR,ERR,ERR,ERR,ERR,ERR,ERR,ERR,ERR,ERR,ERR,ERR,ERR,ERR,ERR,ERR,ERR,ERR,ERR,ERR,ERR,ERR,ERR,ERR,ERR,ERR,ERR,ERR,ERR,ERR,ERR,ERR,ERR,ERR,ERR,ERR,ERR,ERR,ERR,ERR,ERR,ERR,ERR,ERR,ERR,ERR,ERR,ERR,ERR,ERR,ERR,ERR,ERR,ERR,ERR,ERR,ERR,ERR,ERR,ERR,ERR,ERR,ERR,ERR,ERR,ERR,ERR,ERR,ERR,ERR,ERR,ERR,ERR,ERR,ERR,ERR,ERR,ERR,ERR,ERR,ERR,ERR,ERR,ERR,ERR,ERR,ERR,ERR,ERR,ERR,ERR,ERR,ERR,ERR,ERR,ERR,0.0,2.7184312818759872e+23,-100793952.0,0.0,0.0,1.3936040501711995e+18,7.805,0.0,0,0,4,0,7116,0.0,100,0.0,0.0,0.0,0.0,0.0,0,0,0,0,0.0,0,0,0,0,0,0,0,0,0,0,0,0,0,0,0,0,0,0,0,0,0,0,0,0,0,0,0,0,0,0,0,0,0,31,40,40,71,65476,0,300,0,0,8,21553,0.0,-107605600.0,0.0,0.0,0.0,0.0,0.0,0.0,0.0,0.0,0.0,0.0,0.0,0.0,0.0,0.0,0.0,0.0,0.0,0.0,0.0,0.0,-2.004,-2.004,-2.004,0.0,0.0,0.0,0.0,0.0,6302.0,0.0,6915.0,0.0,2.7184312818759872e+23,-0.0,2.718430741444032e+23,0.0,0.0,0.0,0.0,69,2.7184314620199723e+23,0.0,0.0,0.0,0.0,0.0,0.0,0.0,0.0,0,0,0,0.0,0.0,0.0,0.0,0.0,0.0,0.0,0.0,0.0,0.0,0.0,0.0,0.0,0.0,0.0,0.0,0,-107875648.0,69,0.0,138,0.0,-109447200.0,0,13107,17040,13107,17049,13107,17043,0,0,0,70,68,100,2.7302359370752657e+23,71.1,0.0,74.2,2.7302370179391762e+23,74.0,1,49,50,180,13107,52429,0,0,0.0,0.0,0.0,0.0,-0.0,67.0,0.0,162057.094,0.0,751,0,739,0,0,0,721,0,766,0,736,0,742,0,742,0,712,0,7520,0.032,107911053312.0,0.0,0.0,784,16797,-0.0,162057.094,-114818.039,-0.0,0.133,6.909358625270745e+28,30.0,65.0,35,0.0,0.0,0.0,0.0,0.0,0.0,0.0,0.0,0.0,0.0,0.0,0.0,0.0,0.0,0.0,0.0,69.2,0,150,71,55,65476,0,300,0,1,8,20529,65476,0,0,40632,65.0,0.0,0.0,0.0,0.0,0.0
2026-09-04T20:23:32,ERR,ERR,ERR,ERR,ERR,ERR,ERR,ERR,ERR,ERR,ERR,ERR,ERR,ERR,ERR,ERR,ERR,ERR,ERR,ERR,ERR,ERR,ERR,ERR,ERR,ERR,ERR,ERR,ERR,ERR,ERR,ERR,ERR,ERR,ERR,ERR,ERR,ERR,ERR,ERR,ERR,ERR,ERR,ERR,ERR,ERR,ERR,ERR,ERR,ERR,ERR,ERR,ERR,ERR,ERR,ERR,ERR,ERR,ERR,ERR,ERR,ERR,ERR,ERR,ERR,ERR,ERR,ERR,ERR,ERR,ERR,ERR,ERR,ERR,ERR,ERR,ERR,ERR,ERR,ERR,ERR,ERR,ERR,ERR,ERR,ERR,ERR,ERR,ERR,ERR,ERR,ERR,ERR,ERR,ERR,ERR,ERR,ERR,ERR,ERR,ERR,ERR,ERR,ERR,ERR,ERR,ERR,ERR,ERR,ERR,ERR,ERR,ERR,ERR,ERR,ERR,ERR,ERR,ERR,ERR,ERR,ERR,ERR,ERR,ERR,0.0,2.7184312818759872e+23,-100793952.0,0.0,0.0,1.3936040501711995e+18,7.805,0.0,0,0,4,0,7116,0.0,100,0.0,0.0,0.0,0.0,0.0,0,0,0,0,0.0,0,0,0,0,0,0,0,0,0,0,0,0,0,0,0,0,0,0,0,0,0,0,0,0,0,0,0,0,0,0,0,0,0,31,40,40,71,65476,0,300,0,0,8,21553,0.0,-107605600.0,0.0,0.0,0.0,0.0,0.0,0.0,0.0,0.0,0.0,0.0,0.0,0.0,0.0,0.0,0.0,0.0,0.0,0.0,0.0,0.0,-2.004,-2.004,-2.004,0.0,0.0,0.0,0.0,0.0,6302.0,0.0,6915.0,0.0,2.7184312818759872e+23,-0.0,2.718430741444032e+23,0.0,0.0,0.0,0.0,69,2.7184314620199723e+23,0.0,0.0,0.0,0.0,0.0,0.0,0.0,0.0,0,0,0,0.0,0.0,0.0,0.0,0.0,0.0,0.0,0.0,0.0,0.0,0.0,0.0,0.0,0.0,0.0,0.0,0,-107875648.0,69,0.0,138,0.0,-109447200.0,0,13107,17040,26215,17049,13107,17043,0,0,0,70,68,100,2.7302359370752657e+23,71.2,0.0,74.2,2.7302370179391762e+23,74.0,1,49,50,180,13107,52429,0,0,0.0,0.0,0.0,0.0,-0.0,67.0,0.0,162057.094,0.0,751,0,739,0,0,0,721,0,766,0,736,0,742,0,742,0,712,0,7520,0.032,92878667776.0,0.0,0.0,784,16797,-0.0,162057.094,-114818.039,-0.0,0.133,6.909358625270745e+28,30.0,65.0,35,0.0,0.0,0.0,0.0,0.0,0.0,0.0,0.0,0.0,0.0,0.0,0.0,0.0,0.0,0.0,0.0,69.2,0,150,71,55,65476,0,300,0,1,8,20529,65476,0,0,40632,65.0,0.0,0.0,0.0,0.0,0.0
2026-09-04T20:23:33,ERR,ERR,ERR,ERR,ERR,ERR,ERR,ERR,ERR,ERR,ERR,ERR,ERR,ERR,ERR,ERR,ERR,ERR,ERR,ERR,ERR,ERR,ERR,ERR,ERR,ERR,ERR,ERR,ERR,ERR,ERR,ERR,ERR,ERR,ERR,ERR,ERR,ERR,ERR,ERR,ERR,ERR,ERR,ERR,ERR,ERR,ERR,ERR,ERR,ERR,ERR,ERR,ERR,ERR,ERR,ERR,ERR,ERR,ERR,ERR,ERR,ERR,ERR,ERR,ERR,ERR,ERR,ERR,ERR,ERR,ERR,ERR,ERR,ERR,ERR,ERR,ERR,ERR,ERR,ERR,ERR,ERR,ERR,ERR,ERR,ERR,ERR,ERR,ERR,ERR,ERR,ERR,ERR,ERR,ERR,ERR,ERR,ERR,ERR,ERR,ERR,ERR,ERR,ERR,ERR,ERR,ERR,ERR,ERR,ERR,ERR,ERR,ERR,ERR,ERR,ERR,ERR,ERR,ERR,ERR,ERR,ERR,ERR,ERR,ERR,0.0,2.7184312818759872e+23,-100793952.0,0.0,0.0,1.3936040501711995e+18,7.805,0.0,0,0,4,0,7116,0.0,100,0.0,0.0,0.0,0.0,0.0,0,0,0,0,0.0,0,0,0,0,0,0,0,0,0,0,0,0,0,0,0,0,0,0,0,0,0,0,0,0,0,0,0,0,0,0,0,0,0,31,40,40,71,65476,0,300,0,0,8,21553,0.0,-107605600.0,0.0,0.0,0.0,0.0,0.0,0.0,0.0,0.0,0.0,0.0,0.0,0.0,0.0,0.0,0.0,0.0,0.0,0.0,0.0,0.0,-2.004,-2.004,-2.004,0.0,0.0,0.0,0.0,0.0,6302.0,0.0,6915.0,0.0,2.7184312818759872e+23,-0.0,2.718430741444032e+23,0.0,0.0,0.0,0.0,69,2.7184314620199723e+23,0.0,0.0,0.0,0.0,0.0,0.0,0.0,0.0,0,0,0,0.0,0.0,0.0,0.0,0.0,0.0,0.0,0.0,0.0,0.0,0.0,0.0,0.0,0.0,0.0,0.0,0,-107875648.0,69,0.0,138,0.0,-109447200.0,0,13107,17040,26215,17049,13107,17043,0,0,0,70,68,100,2.7302359370752657e+23,71.2,0.0,74.2,2.7302370179391762e+23,74.0,1,49,50,180,13107,52429,0,0,0.0,0.0,0.0,0.0,-0.0,67.0,0.0,162057.094,0.0,751,0,739,0,0,0,721,0,766,0,736,0,742,0,742,0,712,0,7520,0.032,92878667776.0,0.0,0.0,784,16797,-0.0,162057.094,-114818.039,-0.0,0.133,6.909358625270745e+28,30.0,65.0,35,0.0,0.0,0.0,0.0,0.0,0.0,0.0,0.0,0.0,0.0,0.0,0.0,0.0,0.0,0.0,0.0,69.2,0,150,71,55,65476,0,300,0,1,8,20529,65476,0,0,40632,65.0,0.0,0.0,0.0,0.0,0.0
2026-09-04T20:23:34,ERR,ERR,ERR,ERR,ERR,ERR,ERR,ERR,ERR,ERR,ERR,ERR,ERR,ERR,ERR,ERR,ERR,ERR,ERR,ERR,ERR,ERR,ERR,ERR,ERR,ERR,ERR,ERR,ERR,ERR,ERR,ERR,ERR,ERR,ERR,ERR,ERR,ERR,ERR,ERR,ERR,ERR,ERR,ERR,ERR,ERR,ERR,ERR,ERR,ERR,ERR,ERR,ERR,ERR,ERR,ERR,ERR,ERR,ERR,ERR,ERR,ERR,ERR,ERR,ERR,ERR,ERR,ERR,ERR,ERR,ERR,ERR,ERR,ERR,ERR,ERR,ERR,ERR,ERR,ERR,ERR,ERR,ERR,ERR,ERR,ERR,ERR,ERR,ERR,ERR,ERR,ERR,ERR,ERR,ERR,ERR,ERR,ERR,ERR,ERR,ERR,ERR,ERR,ERR,ERR,ERR,ERR,ERR,ERR,ERR,ERR,ERR,ERR,ERR,ERR,ERR,ERR,ERR,ERR,ERR,ERR,ERR,ERR,ERR,ERR,0.0,2.7184312818759872e+23,-100793952.0,0.0,0.0,1.3936040501711995e+18,7.805,0.0,0,0,4,0,7116,0.0,100,0.0,0.0,0.0,0.0,0.0,0,0,0,0,0.0,0,0,0,0,0,0,0,0,0,0,0,0,0,0,0,0,0,0,0,0,0,0,0,0,0,0,0,0,0,0,0,0,0,31,40,40,71,65476,0,300,0,0,8,21553,0.0,-107605600.0,0.0,0.0,0.0,0.0,0.0,0.0,0.0,0.0,0.0,0.0,0.0,0.0,0.0,0.0,0.0,0.0,0.0,0.0,0.0,0.0,-2.004,-2.004,-2.004,-2.004,0.0,0.0,0.0,0.0,6303.0,-0.0,6935.0,0.0,2.7184312818759872e+23,-0.0,0.0,0.0,0.0,0.0,0.0,69,2.7184314620199723e+23,-107615192.0,0.0,0.0,0.0,0.0,0.0,0.0,0.0,0,0,0,0.0,0.0,0.0,0.0,0.0,0.0,0.0,0.0,0.0,0.0,0.0,0.0,0.0,0.0,0.0,0.0,0,-107875648.0,69,0.0,138,0.0,0.0,0,13107,17040,26215,17049,13107,17043,0,0,0,70,68,100,2.7302359370752657e+23,71.2,0.0,74.2,2.7302370179391762e+23,74.0,1,49,50,180,13107,52429,0,0,0.0,0.0,0.0,0.0,-0.0,67.0,0.0,162057.094,0.0,751,0,739,0,0,0,721,0,766,0,736,0,742,0,742,0,712,0,7520,0.032,92878667776.0,0.0,0.0,784,16797,-0.0,162057.094,-114818.039,-0.0,0.133,6.909358625270745e+28,30.0,65.0,35,0.0,0.0,0.0,0.0,0.0,0.0,0.0,0.0,0.0,0.0,0.0,0.0,0.0,0.0,0.0,0.0,69.2,0,150,71,55,65476,0,300,0,1,8,20529,65476,0,0,40632,65.0,0.0,0.0,0.0,0.0,0.0
2026-09-04T20:23:35,ERR,ERR,ERR,ERR,ERR,ERR,ERR,ERR,ERR,ERR,ERR,ERR,ERR,ERR,ERR,ERR,ERR,ERR,ERR,ERR,ERR,ERR,ERR,ERR,ERR,ERR,ERR,ERR,ERR,ERR,ERR,ERR,ERR,ERR,ERR,ERR,ERR,ERR,ERR,ERR,ERR,ERR,ERR,ERR,ERR,ERR,ERR,ERR,ERR,ERR,ERR,ERR,ERR,ERR,ERR,ERR,ERR,ERR,ERR,ERR,ERR,ERR,ERR,ERR,ERR,ERR,ERR,ERR,ERR,ERR,ERR,ERR,ERR,ERR,ERR,ERR,ERR,ERR,ERR,ERR,ERR,ERR,ERR,ERR,ERR,ERR,ERR,ERR,ERR,ERR,ERR,ERR,ERR,ERR,ERR,ERR,ERR,ERR,ERR,ERR,ERR,ERR,ERR,ERR,ERR,ERR,ERR,ERR,ERR,ERR,ERR,ERR,ERR,ERR,ERR,ERR,ERR,ERR,ERR,ERR,ERR,ERR,ERR,ERR,ERR,0.0,2.7184312818759872e+23,-100793952.0,0.0,0.0,1.3936040501711995e+18,7.805,0.0,0,0,4,0,7116,0.0,100,0.0,0.0,0.0,0.0,0.0,0,0,0,0,0.0,0,0,0,0,0,0,0,0,0,0,0,0,0,0,0,0,0,0,0,0,0,0,0,0,0,0,0,0,0,0,0,0,0,31,40,40,71,65476,0,300,0,0,8,21553,0.0,-107605600.0,0.0,0.0,0.0,0.0,0.0,0.0,0.0,0.0,0.0,0.0,0.0,0.0,0.0,0.0,0.0,0.0,0.0,0.0,0.0,0.0,-2.004,-2.004,-2.004,-2.004,0.0,0.0,0.0,0.0,6303.0,-0.0,6935.0,0.0,2.7184312818759872e+23,-0.0,0.0,0.0,0.0,0.0,0.0,69,2.7184314620199723e+23,-107615192.0,0.0,0.0,0.0,0.0,0.0,0.0,0.0,0,0,0,0.0,0.0,0.0,0.0,0.0,0.0,0.0,0.0,0.0,0.0,0.0,0.0,0.0,0.0,0.0,0.0,0,-107875648.0,69,0.0,138,0.0,0.0,0,13107,17040,26215,17049,13107,17043,0,0,0,70,68,100,2.7302359370752657e+23,71.2,0.0,74.2,2.7302370179391762e+23,74.0,1,49,50,180,13107,52429,0,0,0.0,0.0,0.0,0.0,-0.0,67.0,0.0,162057.094,0.0,751,0,739,0,0,0,721,0,766,0,736,0,742,0,742,0,712,0,7520,0.032,92878667776.0,0.0,0.0,784,16797,-0.0,162057.094,-114818.039,-0.0,0.133,6.909358625270745e+28,30.0,65.0,35,0.0,0.0,0.0,0.0,0.0,0.0,0.0,0.0,0.0,0.0,0.0,0.0,0.0,0.0,0.0,0.0,69.2,0,150,71,55,65476,0,300,0,1,8,20529,65476,0,0,40632,65.0,0.0,0.0,0.0,0.0,0.0
2026-09-04T20:23:36,ERR,ERR,ERR,ERR,ERR,ERR,ERR,ERR,ERR,ERR,ERR,ERR,ERR,ERR,ERR,ERR,ERR,ERR,ERR,ERR,ERR,ERR,ERR,ERR,ERR,ERR,ERR,ERR,ERR,ERR,ERR,ERR,ERR,ERR,ERR,ERR,ERR,ERR,ERR,ERR,ERR,ERR,ERR,ERR,ERR,ERR,ERR,ERR,ERR,ERR,ERR,ERR,ERR,ERR,ERR,ERR,ERR,ERR,ERR,ERR,ERR,ERR,ERR,ERR,ERR,ERR,ERR,ERR,ERR,ERR,ERR,ERR,ERR,ERR,ERR,ERR,ERR,ERR,ERR,ERR,ERR,ERR,ERR,ERR,ERR,ERR,ERR,ERR,ERR,ERR,ERR,ERR,ERR,ERR,ERR,ERR,ERR,ERR,ERR,ERR,ERR,ERR,ERR,ERR,ERR,ERR,ERR,ERR,ERR,ERR,ERR,ERR,ERR,ERR,ERR,ERR,ERR,ERR,ERR,ERR,ERR,ERR,ERR,ERR,ERR,0.0,2.7184312818759872e+23,-100793952.0,0.0,0.0,1.3936040501711995e+18,7.805,0.0,0,0,4,0,7116,0.0,100,0.0,0.0,0.0,0.0,0.0,0,0,0,0,0.0,0,0,0,0,0,0,0,0,0,0,0,0,0,0,0,0,0,0,0,0,0,0,0,0,0,0,0,0,0,0,0,0,0,31,40,40,71,65476,0,300,0,0,8,21553,0.0,-107605600.0,0.0,0.0,0.0,0.0,0.0,0.0,0.0,0.0,0.0,0.0,0.0,0.0,0.0,0.0,0.0,0.0,0.0,0.0,0.0,0.0,-2.004,-2.004,-2.004,-2.004,0.0,0.0,0.0,0.0,6303.0,-0.0,6935.0,0.0,2.7184312818759872e+23,-0.0,0.0,0.0,0.0,0.0,0.0,69,2.7184314620199723e+23,-107615192.0,0.0,0.0,0.0,0.0,0.0,0.0,0.0,0,0,0,0.0,0.0,0.0,0.0,0.0,0.0,0.0,0.0,0.0,0.0,0.0,0.0,0.0,0.0,0.0,0.0,0,-107875648.0,69,0.0,138,0.0,0.0,0,13107,17040,13107,17049,13107,17043,0,0,0,70,68,100,2.7302359370752657e+23,71.2,2.7302370179391762e+23,74.2,2.7302370179391762e+23,74.0,1,49,50,180,13107,52429,0,0,0.0,0.0,0.0,0.0,-0.0,67.0,0.0,162057.094,0.0,751,0,739,0,0,0,721,0,766,0,736,0,742,0,741,0,712,0,7520,0.032,107374182400.0,0.0,0.0,784,16797,-0.0,162057.094,-114818.039,-0.0,0.133,6.909358625270745e+28,30.0,65.0,35,0.0,0.0,0.0,0.0,0.0,0.0,0.0,0.0,0.0,0.0,0.0,0.0,0.0,0.0,0.0,0.0,69.2,0,150,71,55,65476,0,300,0,1,8,20529,65476,0,0,40632,65.0,0.0,0.0,0.0,0.0,0.0
2026-09-04T20:23:37,ERR,ERR,ERR,ERR,ERR,ERR,ERR,ERR,ERR,ERR,ERR,ERR,ERR,ERR,ERR,ERR,ERR,ERR,ERR,ERR,ERR,ERR,ERR,ERR,ERR,ERR,ERR,ERR,ERR,ERR,ERR,ERR,ERR,ERR,ERR,ERR,ERR,ERR,ERR,ERR,ERR,ERR,ERR,ERR,ERR,ERR,ERR,ERR,ERR,ERR,ERR,ERR,ERR,ERR,ERR,ERR,ERR,ERR,ERR,ERR,ERR,ERR,ERR,ERR,ERR,ERR,ERR,ERR,ERR,ERR,ERR,ERR,ERR,ERR,ERR,ERR,ERR,ERR,ERR,ERR,ERR,ERR,ERR,ERR,ERR,ERR,ERR,ERR,ERR,ERR,ERR,ERR,ERR,ERR,ERR,ERR,ERR,ERR,ERR,ERR,ERR,ERR,ERR,ERR,ERR,ERR,ERR,ERR,ERR,ERR,ERR,ERR,ERR,ERR,ERR,ERR,ERR,ERR,ERR,ERR,ERR,ERR,ERR,ERR,ERR,0.0,2.7184312818759872e+23,-100793952.0,0.0,0.0,1.3936040501711995e+18,7.805,0.0,0,0,4,0,7116,0.0,100,0.0,0.0,0.0,0.0,0.0,0,0,0,0,0.0,0,0,0,0,0,0,0,0,0,0,0,0,0,0,0,0,0,0,0,0,0,0,0,0,0,0,0,0,0,0,0,0,0,31,40,40,71,65476,0,300,0,0,8,21553,0.0,-107605600.0,0.0,0.0,0.0,0.0,0.0,0.0,0.0,0.0,0.0,0.0,0.0,0.0,0.0,0.0,0.0,0.0,0.0,0.0,0.0,0.0,-2.004,-2.004,-2.004,-2.004,0.0,0.0,0.0,0.0,6303.0,-0.0,6935.0,0.0,2.7184312818759872e+23,-0.0,0.0,0.0,0.0,0.0,0.0,69,2.7184314620199723e+23,-107615192.0,0.0,0.0,0.0,0.0,0.0,0.0,0.0,0,0,0,0.0,0.0,0.0,0.0,0.0,0.0,0.0,0.0,0.0,0.0,0.0,0.0,0.0,0.0,0.0,0.0,0,-107875648.0,69,0.0,138,0.0,0.0,0,13107,17040,13107,17049,13107,17043,0,0,0,70,68,100,2.7302359370752657e+23,71.2,2.7302370179391762e+23,74.2,2.7302370179391762e+23,74.0,1,49,50,180,13107,52429,0,0,0.0,0.0,0.0,0.0,-0.0,67.0,0.0,162057.094,0.0,751,0,739,0,0,0,721,0,766,0,736,0,742,0,741,0,712,0,7520,0.032,107374182400.0,0.0,0.0,784,16797,-0.0,162057.094,-114818.039,-0.0,0.133,6.909358625270745e+28,30.0,65.0,35,0.0,0.0,0.0,0.0,0.0,0.0,0.0,0.0,0.0,0.0,0.0,0.0,0.0,0.0,0.0,0.0,69.2,0,150,71,55,65476,0,300,0,1,8,20529,65476,0,0,40632,65.0,0.0,0.0,0.0,0.0,0.0
2026-09-04T20:23:38,ERR,ERR,ERR,ERR,ERR,ERR,ERR,ERR,ERR,ERR,ERR,ERR,ERR,ERR,ERR,ERR,ERR,ERR,ERR,ERR,ERR,ERR,ERR,ERR,ERR,ERR,ERR,ERR,ERR,ERR,ERR,ERR,ERR,ERR,ERR,ERR,ERR,ERR,ERR,ERR,ERR,ERR,ERR,ERR,ERR,ERR,ERR,ERR,ERR,ERR,ERR,ERR,ERR,ERR,ERR,ERR,ERR,ERR,ERR,ERR,ERR,ERR,ERR,ERR,ERR,ERR,ERR,ERR,ERR,ERR,ERR,ERR,ERR,ERR,ERR,ERR,ERR,ERR,ERR,ERR,ERR,ERR,ERR,ERR,ERR,ERR,ERR,ERR,ERR,ERR,ERR,ERR,ERR,ERR,ERR,ERR,ERR,ERR,ERR,ERR,ERR,ERR,ERR,ERR,ERR,ERR,ERR,ERR,ERR,ERR,ERR,ERR,ERR,ERR,ERR,ERR,ERR,ERR,ERR,ERR,ERR,ERR,ERR,ERR,ERR,0.0,2.7184312818759872e+23,-100793952.0,0.0,0.0,1.3936040501711995e+18,7.805,0.0,0,0,4,0,7116,0.0,100,0.0,0.0,0.0,0.0,0.0,0,0,0,0,0.0,0,0,0,0,0,0,0,0,0,0,0,0,0,0,0,0,0,0,0,0,0,0,0,0,0,0,0,0,0,0,0,0,0,31,40,40,71,65476,0,300,0,0,8,21553,0.0,-107605600.0,0.0,0.0,0.0,0.0,0.0,0.0,0.0,0.0,0.0,0.0,0.0,0.0,0.0,0.0,0.0,0.0,0.0,0.0,0.0,0.0,-2.004,-2.004,-2.004,-2.004,0.0,0.0,0.0,0.0,6303.0,-0.0,6935.0,0.0,2.7184312818759872e+23,-0.0,0.0,0.0,0.0,0.0,0.0,69,2.7184314620199723e+23,-107615192.0,0.0,0.0,0.0,0.0,0.0,0.0,0.0,0,0,0,0.0,0.0,0.0,0.0,0.0,0.0,0.0,0.0,0.0,0.0,0.0,0.0,0.0,0.0,0.0,0.0,0,-107875648.0,69,0.0,138,0.0,0.0,0,13107,17040,13107,17049,13107,17043,0,0,0,70,68,100,2.7302359370752657e+23,71.2,2.7302370179391762e+23,74.2,2.7302370179391762e+23,74.0,1,49,50,180,13107,52429,0,0,0.0,0.0,0.0,0.0,-0.0,67.0,0.0,162057.094,0.0,751,0,739,0,0,0,721,0,766,0,736,0,742,0,741,0,712,0,7520,0.032,107374182400.0,0.0,0.0,784,16797,-0.0,162057.094,-114818.039,-0.0,0.133,6.909358625270745e+28,30.0,65.0,35,0.0,0.0,0.0,0.0,0.0,0.0,0.0,0.0,0.0,0.0,0.0,0.0,0.0,0.0,0.0,0.0,69.2,0,150,71,55,65476,0,300,0,1,8,20529,65476,0,0,40632,65.0,0.0,0.0,0.0,0.0,0.0
2026-09-04T20:23:39,ERR,ERR,ERR,ERR,ERR,ERR,ERR,ERR,ERR,ERR,ERR,ERR,ERR,ERR,ERR,ERR,ERR,ERR,ERR,ERR,ERR,ERR,ERR,ERR,ERR,ERR,ERR,ERR,ERR,ERR,ERR,ERR,ERR,ERR,ERR,ERR,ERR,ERR,ERR,ERR,ERR,ERR,ERR,ERR,ERR,ERR,ERR,ERR,ERR,ERR,ERR,ERR,ERR,ERR,ERR,ERR,ERR,ERR,ERR,ERR,ERR,ERR,ERR,ERR,ERR,ERR,ERR,ERR,ERR,ERR,ERR,ERR,ERR,ERR,ERR,ERR,ERR,ERR,ERR,ERR,ERR,ERR,ERR,ERR,ERR,ERR,ERR,ERR,ERR,ERR,ERR,ERR,ERR,ERR,ERR,ERR,ERR,ERR,ERR,ERR,ERR,ERR,ERR,ERR,ERR,ERR,ERR,ERR,ERR,ERR,ERR,ERR,ERR,ERR,ERR,ERR,ERR,ERR,ERR,ERR,ERR,ERR,ERR,ERR,ERR,0.0,2.7184312818759872e+23,-100793952.0,0.0,0.0,1.3936040501711995e+18,7.805,0.0,0,0,4,0,7116,0.0,100,0.0,0.0,0.0,0.0,0.0,0,0,0,0,0.0,0,0,0,0,0,0,0,0,0,0,0,0,0,0,0,0,0,0,0,0,0,0,0,0,0,0,0,0,0,0,0,0,0,31,40,40,71,65476,0,300,0,0,8,21553,0.0,-107605600.0,0.0,0.0,0.0,0.0,0.0,0.0,0.0,0.0,0.0,0.0,0.0,0.0,0.0,0.0,0.0,0.0,0.0,0.0,0.0,0.0,-2.004,-2.004,-2.004,-2.004,0.0,0.0,0.0,0.0,6303.0,-0.0,6935.0,0.0,2.7184312818759872e+23,-0.0,0.0,0.0,0.0,0.0,0.0,69,2.7184314620199723e+23,-107615192.0,0.0,0.0,0.0,0.0,0.0,0.0,0.0,0,0,0,0.0,0.0,0.0,0.0,0.0,0.0,0.0,0.0,0.0,0.0,0.0,0.0,0.0,0.0,0.0,0.0,0,-107875648.0,69,0.0,138,0.0,0.0,0,13107,17040,13107,17049,13107,17043,0,0,0,70,68,100,2.7302359370752657e+23,71.2,2.7302370179391762e+23,74.2,2.7302370179391762e+23,74.0,1,49,50,180,13107,52429,0,0,0.0,0.0,0.0,0.0,-0.0,67.0,0.0,162057.094,0.0,751,0,739,0,0,0,721,0,766,0,736,0,742,0,741,0,712,0,7520,0.032,107374182400.0,0.0,0.0,784,16797,-0.0,162057.094,-114818.039,-0.0,0.133,6.909358625270745e+28,30.0,65.0,35,0.0,0.0,0.0,0.0,0.0,0.0,0.0,0.0,0.0,0.0,0.0,0.0,0.0,0.0,0.0,0.0,69.2,0,150,71,55,65476,0,300,0,1,8,20529,65476,0,0,40632,65.0,0.0,0.0,0.0,0.0,0.0
2026-09-04T20:23:40,ERR,ERR,ERR,ERR,ERR,ERR,ERR,ERR,ERR,ERR,ERR,ERR,ERR,ERR,ERR,ERR,ERR,ERR,ERR,ERR,ERR,ERR,ERR,ERR,ERR,ERR,ERR,ERR,ERR,ERR,ERR,ERR,ERR,ERR,ERR,ERR,ERR,ERR,ERR,ERR,ERR,ERR,ERR,ERR,ERR,ERR,ERR,ERR,ERR,ERR,ERR,ERR,ERR,ERR,ERR,ERR,ERR,ERR,ERR,ERR,ERR,ERR,ERR,ERR,ERR,ERR,ERR,ERR,ERR,ERR,ERR,ERR,ERR,ERR,ERR,ERR,ERR,ERR,ERR,ERR,ERR,ERR,ERR,ERR,ERR,ERR,ERR,ERR,ERR,ERR,ERR,ERR,ERR,ERR,ERR,ERR,ERR,ERR,ERR,ERR,ERR,ERR,ERR,ERR,ERR,ERR,ERR,ERR,ERR,ERR,ERR,ERR,ERR,ERR,ERR,ERR,ERR,ERR,ERR,ERR,ERR,ERR,ERR,ERR,ERR,0.0,2.7184312818759872e+23,-100793952.0,0.0,0.0,1.3936040501711995e+18,7.805,0.0,0,0,4,0,7116,0.0,100,0.0,0.0,0.0,0.0,0.0,0,0,0,0,0.0,0,0,0,0,0,0,0,0,0,0,0,0,0,0,0,0,0,0,0,0,0,0,0,0,0,0,0,0,0,0,0,0,0,31,40,40,71,65476,0,300,0,0,8,21553,0.0,-107605600.0,0.0,0.0,0.0,0.0,0.0,0.0,0.0,0.0,0.0,0.0,0.0,0.0,0.0,0.0,0.0,0.0,0.0,0.0,0.0,0.0,-2.004,-2.004,-2.004,-2.004,0.0,0.0,0.0,0.0,6303.0,-0.0,6935.0,0.0,2.7184312818759872e+23,-0.0,0.0,0.0,0.0,0.0,0.0,69,2.7184314620199723e+23,-107615192.0,0.0,0.0,0.0,0.0,0.0,0.0,0.0,0,0,0,0.0,0.0,0.0,0.0,0.0,0.0,0.0,0.0,0.0,0.0,0.0,0.0,0.0,0.0,0.0,0.0,0,-107875648.0,69,0.0,138,0.0,0.0,0,13107,17040,13107,17049,13107,17043,0,0,0,70,68,100,2.7302359370752657e+23,71.2,2.7302370179391762e+23,74.2,2.7302370179391762e+23,74.0,1,49,50,180,13107,52429,0,0,0.0,0.0,0.0,0.0,-0.0,67.0,0.0,162057.094,0.0,751,0,739,0,0,0,721,0,766,0,736,0,742,0,741,0,712,0,7520,0.032,107374182400.0,0.0,0.0,784,16797,-0.0,162057.094,-114818.039,-0.0,0.133,6.909358625270745e+28,30.0,65.0,35,0.0,0.0,0.0,0.0,0.0,0.0,0.0,0.0,0.0,0.0,0.0,0.0,0.0,0.0,0.0,0.0,69.2,0,150,71,55,65476,0,300,0,1,8,20529,65476,0,0,40632,65.0,0.0,0.0,0.0,0.0,0.0
2026-09-04T20:23:41,ERR,ERR,ERR,ERR,ERR,ERR,ERR,ERR,ERR,ERR,ERR,ERR,ERR,ERR,ERR,ERR,ERR,ERR,ERR,ERR,ERR,ERR,ERR,ERR,ERR,ERR,ERR,ERR,ERR,ERR,ERR,ERR,ERR,ERR,ERR,ERR,ERR,ERR,ERR,ERR,ERR,ERR,ERR,ERR,ERR,ERR,ERR,ERR,ERR,ERR,ERR,ERR,ERR,ERR,ERR,ERR,ERR,ERR,ERR,ERR,ERR,ERR,ERR,ERR,ERR,ERR,ERR,ERR,ERR,ERR,ERR,ERR,ERR,ERR,ERR,ERR,ERR,ERR,ERR,ERR,ERR,ERR,ERR,ERR,ERR,ERR,ERR,ERR,ERR,ERR,ERR,ERR,ERR,ERR,ERR,ERR,ERR,ERR,ERR,ERR,ERR,ERR,ERR,ERR,ERR,ERR,ERR,ERR,ERR,ERR,ERR,ERR,ERR,ERR,ERR,ERR,ERR,ERR,ERR,ERR,ERR,ERR,ERR,ERR,ERR,0.0,2.7184312818759872e+23,-100793952.0,0.0,0.0,1.3936040501711995e+18,7.805,0.0,0,0,4,0,7116,0.0,100,0.0,0.0,0.0,0.0,0.0,0,0,0,0,0.0,0,0,0,0,0,0,0,0,0,0,0,0,0,0,0,0,0,0,0,0,0,0,0,0,0,0,0,0,0,0,0,0,0,31,40,40,71,65476,0,300,0,0,8,21553,0.0,-107605600.0,0.0,0.0,0.0,0.0,0.0,0.0,0.0,0.0,0.0,0.0,0.0,0.0,0.0,0.0,0.0,0.0,0.0,0.0,0.0,0.0,-2.004,-2.004,-2.004,-2.004,0.0,0.0,0.0,0.0,6335.0,1.587937097795308e+29,6926.0,0.0,2.7184312818759872e+23,2.7184303811560617e+23,2.718430741444032e+23,0.0,0.0,0.0,0.0,69,2.308841773246825e+20,-0.0,0.0,0.0,0.0,0.0,0.0,0.0,0.0,0,0,0,0.0,0.0,0.0,0.0,0.0,0.0,0.0,0.0,0.0,0.0,0.0,0.0,0.0,0.0,0.0,0.0,0,-107875648.0,69,0.0,138,0.0,-109447200.0,0,13107,17040,13107,17049,13107,17043,0,0,0,70,68,100,2.7302359370752657e+23,71.1,0.0,74.2,2.7302370179391762e+23,74.0,1,49,50,180,13107,52429,0,0,0.0,0.0,0.0,0.0,-0.0,67.0,0.0,162057.094,0.0,751,0,739,0,0,0,721,0,766,0,736,0,742,0,741,0,712,0,7520,0.032,79456894976.0,0.0,0.0,784,16797,-0.0,162057.094,-114818.039,-0.0,0.133,6.909358625270745e+28,30.0,65.0,35,0.0,0.0,0.0,0.0,0.0,0.0,0.0,0.0,0.0,0.0,0.0,0.0,0.0,0.0,0.0,0.0,69.2,0,150,71,55,65476,0,300,0,1,8,20529,65476,0,0,40632,65.0,0.0,0.0,0.0,0.0,0.0
2026-09-04T20:23:42,ERR,ERR,ERR,ERR,ERR,ERR,ERR,ERR,ERR,ERR,ERR,ERR,ERR,ERR,ERR,ERR,ERR,ERR,ERR,ERR,ERR,ERR,ERR,ERR,ERR,ERR,ERR,ERR,ERR,ERR,ERR,ERR,ERR,ERR,ERR,ERR,ERR,ERR,ERR,ERR,ERR,ERR,ERR,ERR,ERR,ERR,ERR,ERR,ERR,ERR,ERR,ERR,ERR,ERR,ERR,ERR,ERR,ERR,ERR,ERR,ERR,ERR,ERR,ERR,ERR,ERR,ERR,ERR,ERR,ERR,ERR,ERR,ERR,ERR,ERR,ERR,ERR,ERR,ERR,ERR,ERR,ERR,ERR,ERR,ERR,ERR,ERR,ERR,ERR,ERR,ERR,ERR,ERR,ERR,ERR,ERR,ERR,ERR,ERR,ERR,ERR,ERR,ERR,ERR,ERR,ERR,ERR,ERR,ERR,ERR,ERR,ERR,ERR,ERR,ERR,ERR,ERR,ERR,ERR,ERR,ERR,ERR,ERR,ERR,ERR,0.0,2.7184312818759872e+23,-100793952.0,0.0,0.0,1.3936040501711995e+18,7.805,0.0,0,0,4,0,7116,0.0,100,0.0,0.0,0.0,0.0,0.0,0,0,0,0,0.0,0,0,0,0,0,0,0,0,0,0,0,0,0,0,0,0,0,0,0,0,0,0,0,0,0,0,0,0,0,0,0,0,0,31,40,40,71,65476,0,300,0,0,8,21553,0.0,-107605600.0,0.0,0.0,0.0,0.0,0.0,0.0,0.0,0.0,0.0,0.0,0.0,0.0,0.0,0.0,0.0,0.0,0.0,0.0,0.0,0.0,-2.004,-2.004,-2.004,-2.004,0.0,0.0,0.0,0.0,6335.0,1.587937097795308e+29,6926.0,0.0,2.7184312818759872e+23,2.7184303811560617e+23,2.718430741444032e+23,0.0,0.0,0.0,0.0,69,2.308841773246825e+20,-0.0,0.0,0.0,0.0,0.0,0.0,0.0,0.0,0,0,0,0.0,0.0,0.0,0.0,0.0,0.0,0.0,0.0,0.0,0.0,0.0,0.0,0.0,0.0,0.0,0.0,0,-107875648.0,69,0.0,138,0.0,-109447200.0,0,13107,17040,13107,17049,13107,17043,0,0,0,70,68,100,2.7302359370752657e+23,71.1,0.0,74.2,2.7302370179391762e+23,74.0,1,49,50,180,13107,52429,0,0,0.0,0.0,0.0,0.0,-0.0,67.0,0.0,162057.094,0.0,751,0,739,0,0,0,721,0,766,0,736,0,742,0,741,0,712,0,7520,0.032,79456894976.0,0.0,0.0,784,16797,-0.0,162057.094,-114818.039,-0.0,0.133,6.909358625270745e+28,30.0,65.0,35,0.0,0.0,0.0,0.0,0.0,0.0,0.0,0.0,0.0,0.0,0.0,0.0,0.0,0.0,0.0,0.0,69.2,0,150,71,55,65476,0,300,0,1,8,20529,65476,0,0,40632,65.0,0.0,0.0,0.0,0.0,0.0
2026-09-04T20:23:43,ERR,ERR,ERR,ERR,ERR,ERR,ERR,ERR,ERR,ERR,ERR,ERR,ERR,ERR,ERR,ERR,ERR,ERR,ERR,ERR,ERR,ERR,ERR,ERR,ERR,ERR,ERR,ERR,ERR,ERR,ERR,ERR,ERR,ERR,ERR,ERR,ERR,ERR,ERR,ERR,ERR,ERR,ERR,ERR,ERR,ERR,ERR,ERR,ERR,ERR,ERR,ERR,ERR,ERR,ERR,ERR,ERR,ERR,ERR,ERR,ERR,ERR,ERR,ERR,ERR,ERR,ERR,ERR,ERR,ERR,ERR,ERR,ERR,ERR,ERR,ERR,ERR,ERR,ERR,ERR,ERR,ERR,ERR,ERR,ERR,ERR,ERR,ERR,ERR,ERR,ERR,ERR,ERR,ERR,ERR,ERR,ERR,ERR,ERR,ERR,ERR,ERR,ERR,ERR,ERR,ERR,ERR,ERR,ERR,ERR,ERR,ERR,ERR,ERR,ERR,ERR,ERR,ERR,ERR,ERR,ERR,ERR,ERR,ERR,ERR,0.0,2.7184312818759872e+23,-100793952.0,0.0,0.0,1.3936040501711995e+18,7.805,0.0,0,0,4,0,7116,0.0,100,0.0,0.0,0.0,0.0,0.0,0,0,0,0,0.0,0,0,0,0,0,0,0,0,0,0,0,0,0,0,0,0,0,0,0,0,0,0,0,0,0,0,0,0,0,0,0,0,0,31,40,40,71,65476,0,300,0,0,8,21553,0.0,-107605600.0,0.0,0.0,0.0,0.0,0.0,0.0,0.0,0.0,0.0,0.0,0.0,0.0,0.0,0.0,0.0,0.0,0.0,0.0,0.0,0.0,-2.004,-2.004,-2.004,-2.004,0.0,0.0,0.0,0.0,6335.0,1.587937097795308e+29,6926.0,0.0,2.7184312818759872e+23,2.7184303811560617e+23,2.718430741444032e+23,0.0,0.0,0.0,0.0,69,2.308841773246825e+20,-0.0,0.0,0.0,0.0,0.0,0.0,0.0,0.0,0,0,0,0.0,0.0,0.0,0.0,0.0,0.0,0.0,0.0,0.0,0.0,0.0,0.0,0.0,0.0,0.0,0.0,0,-107875648.0,69,0.0,138,0.0,-109447200.0,0,13107,17040,13107,17049,13107,17043,0,0,0,70,68,100,2.7302359370752657e+23,71.1,0.0,74.2,2.7302370179391762e+23,74.0,1,49,50,180,13107,52429,0,0,0.0,0.0,0.0,0.0,-0.0,67.0,0.0,162057.094,0.0,751,0,739,0,0,0,721,0,766,0,736,0,742,0,741,0,712,0,7520,0.032,79456894976.0,0.0,0.0,784,16797,-0.0,162057.094,-114818.039,-0.0,0.133,6.909358625270745e+28,30.0,65.0,35,0.0,0.0,0.0,0.0,0.0,0.0,0.0,0.0,0.0,0.0,0.0,0.0,0.0,0.0,0.0,0.0,69.2,0,150,71,55,65476,0,300,0,1,8,20529,65476,0,0,40632,65.0,0.0,0.0,0.0,0.0,0.0
2026-09-04T20:23:44,ERR,ERR,ERR,ERR,ERR,ERR,ERR,ERR,ERR,ERR,ERR,ERR,ERR,ERR,ERR,ERR,ERR,ERR,ERR,ERR,ERR,ERR,ERR,ERR,ERR,ERR,ERR,ERR,ERR,ERR,ERR,ERR,ERR,ERR,ERR,ERR,ERR,ERR,ERR,ERR,ERR,ERR,ERR,ERR,ERR,ERR,ERR,ERR,ERR,ERR,ERR,ERR,ERR,ERR,ERR,ERR,ERR,ERR,ERR,ERR,ERR,ERR,ERR,ERR,ERR,ERR,ERR,ERR,ERR,ERR,ERR,ERR,ERR,ERR,ERR,ERR,ERR,ERR,ERR,ERR,ERR,ERR,ERR,ERR,ERR,ERR,ERR,ERR,ERR,ERR,ERR,ERR,ERR,ERR,ERR,ERR,ERR,ERR,ERR,ERR,ERR,ERR,ERR,ERR,ERR,ERR,ERR,ERR,ERR,ERR,ERR,ERR,ERR,ERR,ERR,ERR,ERR,ERR,ERR,ERR,ERR,ERR,ERR,ERR,ERR,0.0,2.7184312818759872e+23,-100793952.0,0.0,0.0,1.3936040501711995e+18,7.805,0.0,0,0,4,0,7116,0.0,100,0.0,0.0,0.0,0.0,0.0,0,0,0,0,0.0,0,0,0,0,0,0,0,0,0,0,0,0,0,0,0,0,0,0,0,0,0,0,0,0,0,0,0,0,0,0,0,0,0,31,40,40,71,65476,0,300,0,0,8,21553,0.0,-107605600.0,0.0,0.0,0.0,0.0,0.0,0.0,0.0,0.0,0.0,0.0,0.0,0.0,0.0,0.0,0.0,0.0,0.0,0.0,0.0,0.0,-2.004,-2.004,-2.004,-2.004,0.0,0.0,0.0,0.0,6335.0,1.587937097795308e+29,6926.0,0.0,2.7184312818759872e+23,2.7184303811560617e+23,2.718430741444032e+23,0.0,0.0,0.0,0.0,69,2.308841773246825e+20,-0.0,0.0,0.0,0.0,0.0,0.0,0.0,0.0,0,0,0,0.0,0.0,0.0,0.0,0.0,0.0,0.0,0.0,0.0,0.0,0.0,0.0,0.0,0.0,0.0,0.0,0,-107875648.0,69,0.0,138,0.0,-109447200.0,0,13107,17040,13107,17049,13107,17043,0,0,0,70,68,100,2.7302359370752657e+23,71.1,0.0,74.2,2.7302370179391762e+23,74.0,1,49,50,180,13107,52429,0,0,0.0,0.0,0.0,0.0,-0.0,67.0,0.0,162057.094,0.0,751,0,739,0,0,0,721,0,766,0,736,0,742,0,741,0,712,0,7520,0.032,79456894976.0,0.0,0.0,784,16797,-0.0,162057.094,-114818.039,-0.0,0.133,6.909358625270745e+28,30.0,65.0,35,0.0,0.0,0.0,0.0,0.0,0.0,0.0,0.0,0.0,0.0,0.0,0.0,0.0,0.0,0.0,0.0,69.2,0,150,71,55,65476,0,300,0,1,8,20529,65476,0,0,40632,65.0,0.0,0.0,0.0,0.0,0.0
2026-09-04T20:23:45,ERR,ERR,ERR,ERR,ERR,ERR,ERR,ERR,ERR,ERR,ERR,ERR,ERR,ERR,ERR,ERR,ERR,ERR,ERR,ERR,ERR,ERR,ERR,ERR,ERR,ERR,ERR,ERR,ERR,ERR,ERR,ERR,ERR,ERR,ERR,ERR,ERR,ERR,ERR,ERR,ERR,ERR,ERR,ERR,ERR,ERR,ERR,ERR,ERR,ERR,ERR,ERR,ERR,ERR,ERR,ERR,ERR,ERR,ERR,ERR,ERR,ERR,ERR,ERR,ERR,ERR,ERR,ERR,ERR,ERR,ERR,ERR,ERR,ERR,ERR,ERR,ERR,ERR,ERR,ERR,ERR,ERR,ERR,ERR,ERR,ERR,ERR,ERR,ERR,ERR,ERR,ERR,ERR,ERR,ERR,ERR,ERR,ERR,ERR,ERR,ERR,ERR,ERR,ERR,ERR,ERR,ERR,ERR,ERR,ERR,ERR,ERR,ERR,ERR,ERR,ERR,ERR,ERR,ERR,ERR,ERR,ERR,ERR,ERR,ERR,0.0,2.7184312818759872e+23,-100793952.0,0.0,0.0,1.3936040501711995e+18,7.805,0.0,0,0,4,0,7116,0.0,100,0.0,0.0,0.0,0.0,0.0,0,0,0,0,0.0,0,0,0,0,0,0,0,0,0,0,0,0,0,0,0,0,0,0,0,0,0,0,0,0,0,0,0,0,0,0,0,0,0,31,40,40,71,65476,0,300,0,0,8,21553,0.0,-107605600.0,0.0,0.0,0.0,0.0,0.0,0.0,0.0,0.0,0.0,0.0,0.0,0.0,0.0,0.0,0.0,0.0,0.0,0.0,0.0,0.0,-2.004,-2.004,-2.004,-2.004,0.0,0.0,0.0,0.0,6335.0,1.587937097795308e+29,6926.0,0.0,2.7184312818759872e+23,2.7184303811560617e+23,2.718430741444032e+23,0.0,0.0,0.0,0.0,69,2.308841773246825e+20,-0.0,0.0,0.0,0.0,0.0,0.0,0.0,0.0,0,0,0,0.0,0.0,0.0,0.0,0.0,0.0,0.0,0.0,0.0,0.0,0.0,0.0,0.0,0.0,0.0,0.0,0,-107875648.0,69,0.0,138,0.0,-109447200.0,0,13107,17040,13107,17049,13107,17043,0,0,0,70,68,100,2.7302359370752657e+23,71.1,0.0,74.2,2.7302370179391762e+23,74.0,1,49,50,180,13107,52429,0,0,0.0,0.0,0.0,0.0,-0.0,67.0,0.0,162057.094,0.0,751,0,739,0,0,0,721,0,766,0,736,0,742,0,741,0,712,0,7520,0.032,79456894976.0,0.0,0.0,784,16797,-0.0,162057.094,-114818.039,-0.0,0.133,6.909358625270745e+28,30.0,65.0,35,0.0,0.0,0.0,0.0,0.0,0.0,0.0,0.0,0.0,0.0,0.0,0.0,0.0,0.0,0.0,0.0,69.2,0,150,71,55,65476,0,300,0,1,8,20529,65476,0,0,40632,65.0,0.0,0.0,0.0,0.0,0.0
2026-09-04T20:23:46,ERR,ERR,ERR,ERR,ERR,ERR,ERR,ERR,ERR,ERR,ERR,ERR,ERR,ERR,ERR,ERR,ERR,ERR,ERR,ERR,ERR,ERR,ERR,ERR,ERR,ERR,ERR,ERR,ERR,ERR,ERR,ERR,ERR,ERR,ERR,ERR,ERR,ERR,ERR,ERR,ERR,ERR,ERR,ERR,ERR,ERR,ERR,ERR,ERR,ERR,ERR,ERR,ERR,ERR,ERR,ERR,ERR,ERR,ERR,ERR,ERR,ERR,ERR,ERR,ERR,ERR,ERR,ERR,ERR,ERR,ERR,ERR,ERR,ERR,ERR,ERR,ERR,ERR,ERR,ERR,ERR,ERR,ERR,ERR,ERR,ERR,ERR,ERR,ERR,ERR,ERR,ERR,ERR,ERR,ERR,ERR,ERR,ERR,ERR,ERR,ERR,ERR,ERR,ERR,ERR,ERR,ERR,ERR,ERR,ERR,ERR,ERR,ERR,ERR,ERR,ERR,ERR,ERR,ERR,ERR,ERR,ERR,ERR,ERR,ERR,0.0,2.7184312818759872e+23,-100793952.0,0.0,0.0,1.3936040501711995e+18,7.805,0.0,0,0,4,0,7116,0.0,100,0.0,0.0,0.0,0.0,0.0,0,0,0,0,0.0,0,0,0,0,0,0,0,0,0,0,0,0,0,0,0,0,0,0,0,0,0,0,0,0,0,0,0,0,0,0,0,0,0,31,40,40,71,65476,0,300,0,0,8,21553,0.0,-107605600.0,0.0,0.0,0.0,0.0,0.0,0.0,0.0,0.0,0.0,0.0,0.0,0.0,0.0,0.0,0.0,0.0,0.0,0.0,0.0,0.0,-2.004,-2.004,-2.004,-2.004,0.0,0.0,0.0,0.0,6335.0,1.587937097795308e+29,6926.0,0.0,2.7184312818759872e+23,2.7184303811560617e+23,2.718430741444032e+23,0.0,0.0,0.0,0.0,69,2.308841773246825e+20,-0.0,0.0,0.0,0.0,0.0,0.0,0.0,0.0,0,0,0,0.0,0.0,0.0,0.0,0.0,0.0,0.0,0.0,0.0,0.0,0.0,0.0,0.0,0.0,0.0,0.0,0,-107875648.0,69,0.0,138,0.0,-109447200.0,0,13107,17040,13107,17049,13107,17043,0,0,0,70,68,100,2.7302359370752657e+23,71.1,0.0,74.2,2.7302370179391762e+23,74.0,1,49,50,180,13107,52429,0,0,0.0,0.0,0.0,0.0,-0.0,67.0,0.0,162057.094,0.0,751,0,739,0,0,0,721,0,766,0,736,0,742,0,741,0,712,0,7520,0.032,79456894976.0,0.0,0.0,784,16797,-0.0,162057.094,-114818.039,-0.0,0.133,6.909358625270745e+28,30.0,65.0,35,0.0,0.0,0.0,0.0,0.0,0.0,0.0,0.0,0.0,0.0,0.0,0.0,0.0,0.0,0.0,0.0,69.2,0,150,71,55,65476,0,300,0,1,8,20529,65476,0,0,40632,65.0,0.0,0.0,0.0,0.0,0.0
2026-09-04T20:23:47,ERR,ERR,ERR,ERR,ERR,ERR,ERR,ERR,ERR,ERR,ERR,ERR,ERR,ERR,ERR,ERR,ERR,ERR,ERR,ERR,ERR,ERR,ERR,ERR,ERR,ERR,ERR,ERR,ERR,ERR,ERR,ERR,ERR,ERR,ERR,ERR,ERR,ERR,ERR,ERR,ERR,ERR,ERR,ERR,ERR,ERR,ERR,ERR,ERR,ERR,ERR,ERR,ERR,ERR,ERR,ERR,ERR,ERR,ERR,ERR,ERR,ERR,ERR,ERR,ERR,ERR,ERR,ERR,ERR,ERR,ERR,ERR,ERR,ERR,ERR,ERR,ERR,ERR,ERR,ERR,ERR,ERR,ERR,ERR,ERR,ERR,ERR,ERR,ERR,ERR,ERR,ERR,ERR,ERR,ERR,ERR,ERR,ERR,ERR,ERR,ERR,ERR,ERR,ERR,ERR,ERR,ERR,ERR,ERR,ERR,ERR,ERR,ERR,ERR,ERR,ERR,ERR,ERR,ERR,ERR,ERR,ERR,ERR,ERR,ERR,0.0,2.7184312818759872e+23,-100793952.0,0.0,0.0,1.3936040501711995e+18,7.805,0.0,0,0,4,0,7116,0.0,100,0.0,0.0,0.0,0.0,0.0,0,0,0,0,0.0,0,0,0,0,0,0,0,0,0,0,0,0,0,0,0,0,0,0,0,0,0,0,0,0,0,0,0,0,0,0,0,0,0,31,40,40,71,65476,0,300,0,0,8,21553,0.0,-107605600.0,0.0,0.0,0.0,0.0,0.0,0.0,0.0,0.0,0.0,0.0,0.0,0.0,0.0,0.0,0.0,0.0,0.0,0.0,0.0,0.0,-2.004,-2.004,-2.004,-2.004,0.0,0.0,0.0,0.0,6335.0,1.587937097795308e+29,6926.0,0.0,2.7184312818759872e+23,2.7184303811560617e+23,2.718430741444032e+23,0.0,0.0,0.0,0.0,69,2.308841773246825e+20,-0.0,0.0,0.0,0.0,0.0,0.0,0.0,0.0,0,0,0,0.0,0.0,0.0,0.0,0.0,0.0,0.0,0.0,0.0,0.0,0.0,0.0,0.0,0.0,0.0,0.0,0,-107875648.0,69,0.0,138,0.0,-109447200.0,0,13107,17040,13107,17049,13107,17043,0,0,0,70,68,100,2.7302359370752657e+23,71.2,0.0,74.2,2.7302370179391762e+23,74.0,1,49,50,180,13107,52429,0,0,0.0,0.0,0.0,0.0,-0.0,67.0,0.0,162057.094,0.0,751,0,739,0,0,0,721,0,766,0,736,0,742,0,741,0,712,0,7520,0.032,79993765888.0,0.0,0.0,784,16797,-0.0,162057.094,-114818.039,-0.0,0.133,6.909358625270745e+28,30.0,65.0,35,0.0,0.0,0.0,0.0,0.0,0.0,0.0,0.0,0.0,0.0,0.0,0.0,0.0,0.0,0.0,0.0,69.2,0,150,71,55,65476,0,300,0,1,8,20529,65476,0,0,40632,65.0,0.0,0.0,0.0,0.0,0.0
2026-09-04T20:23:48,ERR,ERR,ERR,ERR,ERR,ERR,ERR,ERR,ERR,ERR,ERR,ERR,ERR,ERR,ERR,ERR,ERR,ERR,ERR,ERR,ERR,ERR,ERR,ERR,ERR,ERR,ERR,ERR,ERR,ERR,ERR,ERR,ERR,ERR,ERR,ERR,ERR,ERR,ERR,ERR,ERR,ERR,ERR,ERR,ERR,ERR,ERR,ERR,ERR,ERR,ERR,ERR,ERR,ERR,ERR,ERR,ERR,ERR,ERR,ERR,ERR,ERR,ERR,ERR,ERR,ERR,ERR,ERR,ERR,ERR,ERR,ERR,ERR,ERR,ERR,ERR,ERR,ERR,ERR,ERR,ERR,ERR,ERR,ERR,ERR,ERR,ERR,ERR,ERR,ERR,ERR,ERR,ERR,ERR,ERR,ERR,ERR,ERR,ERR,ERR,ERR,ERR,ERR,ERR,ERR,ERR,ERR,ERR,ERR,ERR,ERR,ERR,ERR,ERR,ERR,ERR,ERR,ERR,ERR,ERR,ERR,ERR,ERR,ERR,ERR,0.0,2.7184312818759872e+23,-100793952.0,0.0,0.0,1.3936040501711995e+18,7.805,0.0,0,0,4,0,7116,0.0,100,0.0,0.0,0.0,0.0,0.0,0,0,0,0,0.0,0,0,0,0,0,0,0,0,0,0,0,0,0,0,0,0,0,0,0,0,0,0,0,0,0,0,0,0,0,0,0,0,0,31,40,40,71,65476,0,300,0,0,8,21553,0.0,-107605600.0,0.0,0.0,0.0,0.0,0.0,0.0,0.0,0.0,0.0,0.0,0.0,0.0,0.0,0.0,0.0,0.0,0.0,0.0,0.0,0.0,-2.004,-2.004,-2.004,-2.004,0.0,0.0,0.0,0.0,6331.0,-0.0,6934.0,0.0,2.7184312818759872e+23,2.7184303811560617e+23,2.718430741444032e+23,0.0,0.0,0.0,0.0,69,71.63,-4.950421634474044e+32,0.0,0.0,0.0,0.0,0.0,0.0,0.0,0,0,0,0.0,0.0,0.0,0.0,0.0,0.0,0.0,0.0,0.0,0.0,0.0,0.0,0.0,0.0,0.0,0.0,0,-107875648.0,69,0.0,138,0.0,0.0,0,13107,17040,13107,17049,13107,17043,0,0,0,70,68,100,2.7302359370752657e+23,71.2,0.0,74.2,2.7302370179391762e+23,74.0,1,49,50,180,13107,52429,0,0,0.0,0.0,0.0,0.0,-0.0,67.0,0.0,162057.094,0.0,751,0,739,0,0,0,721,0,766,0,736,0,742,0,741,0,712,0,7520,0.032,79993765888.0,0.0,0.0,784,16797,-0.0,162057.094,-114818.039,-0.0,0.133,6.909358625270745e+28,30.0,65.0,35,0.0,0.0,0.0,0.0,0.0,0.0,0.0,0.0,0.0,0.0,0.0,0.0,0.0,0.0,0.0,0.0,69.2,0,150,71,55,65476,0,300,0,1,8,20529,65476,0,0,40632,65.0,0.0,0.0,0.0,0.0,0.0
2026-09-04T20:23:49,ERR,ERR,ERR,ERR,ERR,ERR,ERR,ERR,ERR,ERR,ERR,ERR,ERR,ERR,ERR,ERR,ERR,ERR,ERR,ERR,ERR,ERR,ERR,ERR,ERR,ERR,ERR,ERR,ERR,ERR,ERR,ERR,ERR,ERR,ERR,ERR,ERR,ERR,ERR,ERR,ERR,ERR,ERR,ERR,ERR,ERR,ERR,ERR,ERR,ERR,ERR,ERR,ERR,ERR,ERR,ERR,ERR,ERR,ERR,ERR,ERR,ERR,ERR,ERR,ERR,ERR,ERR,ERR,ERR,ERR,ERR,ERR,ERR,ERR,ERR,ERR,ERR,ERR,ERR,ERR,ERR,ERR,ERR,ERR,ERR,ERR,ERR,ERR,ERR,ERR,ERR,ERR,ERR,ERR,ERR,ERR,ERR,ERR,ERR,ERR,ERR,ERR,ERR,ERR,ERR,ERR,ERR,ERR,ERR,ERR,ERR,ERR,ERR,ERR,ERR,ERR,ERR,ERR,ERR,ERR,ERR,ERR,ERR,ERR,ERR,0.0,2.7184312818759872e+23,-100793952.0,0.0,0.0,1.3936040501711995e+18,7.805,0.0,0,0,4,0,7116,0.0,100,0.0,0.0,0.0,0.0,0.0,0,0,0,0,0.0,0,0,0,0,0,0,0,0,0,0,0,0,0,0,0,0,0,0,0,0,0,0,0,0,0,0,0,0,0,0,0,0,0,31,40,40,71,65476,0,300,0,0,8,21553,0.0,-107605600.0,0.0,0.0,0.0,0.0,0.0,0.0,0.0,0.0,0.0,0.0,0.0,0.0,0.0,0.0,0.0,0.0,0.0,0.0,0.0,0.0,-2.004,-2.004,-2.004,-2.004,0.0,0.0,0.0,0.0,6331.0,-0.0,6934.0,0.0,2.7184312818759872e+23,2.7184303811560617e+23,2.718430741444032e+23,0.0,0.0,0.0,0.0,69,71.63,-4.950421634474044e+32,0.0,0.0,0.0,0.0,0.0,0.0,0.0,0,0,0,0.0,0.0,0.0,0.0,0.0,0.0,0.0,0.0,0.0,0.0,0.0,0.0,0.0,0.0,0.0,0.0,0,-107875648.0,69,0.0,138,0.0,0.0,0,13107,17040,13107,17049,13107,17043,0,0,0,70,68,100,2.7302359370752657e+23,71.2,0.0,74.2,2.7302370179391762e+23,74.0,1,49,50,180,13107,52429,0,0,0.0,0.0,0.0,0.0,-0.0,67.0,0.0,162057.094,0.0,751,0,739,0,0,0,721,0,766,0,736,0,742,0,741,0,712,0,7520,0.032,79993765888.0,0.0,0.0,784,16797,-0.0,162057.094,-114818.039,-0.0,0.133,6.909358625270745e+28,30.0,65.0,35,0.0,0.0,0.0,0.0,0.0,0.0,0.0,0.0,0.0,0.0,0.0,0.0,0.0,0.0,0.0,0.0,69.2,0,150,71,55,65476,0,300,0,1,8,20529,65476,0,0,40632,65.0,0.0,0.0,0.0,0.0,0.0
2026-09-04T20:23:50,ERR,ERR,ERR,ERR,ERR,ERR,ERR,ERR,ERR,ERR,ERR,ERR,ERR,ERR,ERR,ERR,ERR,ERR,ERR,ERR,ERR,ERR,ERR,ERR,ERR,ERR,ERR,ERR,ERR,ERR,ERR,ERR,ERR,ERR,ERR,ERR,ERR,ERR,ERR,ERR,ERR,ERR,ERR,ERR,ERR,ERR,ERR,ERR,ERR,ERR,ERR,ERR,ERR,ERR,ERR,ERR,ERR,ERR,ERR,ERR,ERR,ERR,ERR,ERR,ERR,ERR,ERR,ERR,ERR,ERR,ERR,ERR,ERR,ERR,ERR,ERR,ERR,ERR,ERR,ERR,ERR,ERR,ERR,ERR,ERR,ERR,ERR,ERR,ERR,ERR,ERR,ERR,ERR,ERR,ERR,ERR,ERR,ERR,ERR,ERR,ERR,ERR,ERR,ERR,ERR,ERR,ERR,ERR,ERR,ERR,ERR,ERR,ERR,ERR,ERR,ERR,ERR,ERR,ERR,ERR,ERR,ERR,ERR,ERR,ERR,0.0,2.7184312818759872e+23,-100793952.0,0.0,0.0,1.3936040501711995e+18,7.805,0.0,0,0,4,0,7116,0.0,100,0.0,0.0,0.0,0.0,0.0,0,0,0,0,0.0,0,0,0,0,0,0,0,0,0,0,0,0,0,0,0,0,0,0,0,0,0,0,0,0,0,0,0,0,0,0,0,0,0,31,40,40,71,65476,0,300,0,0,8,21553,0.0,-107605600.0,0.0,0.0,0.0,0.0,0.0,0.0,0.0,0.0,0.0,0.0,0.0,0.0,0.0,0.0,0.0,0.0,0.0,0.0,0.0,0.0,-2.004,-2.004,-2.004,-2.004,0.0,0.0,0.0,0.0,6331.0,-0.0,6934.0,0.0,2.7184312818759872e+23,2.7184303811560617e+23,2.718430741444032e+23,0.0,0.0,0.0,0.0,69,71.63,-4.950421634474044e+32,0.0,0.0,0.0,0.0,0.0,0.0,0.0,0,0,0,0.0,0.0,0.0,0.0,0.0,0.0,0.0,0.0,0.0,0.0,0.0,0.0,0.0,0.0,0.0,0.0,0,-107875648.0,69,0.0,138,0.0,0.0,0,13107,17040,13107,17049,13107,17043,0,0,0,70,68,100,2.7302359370752657e+23,71.2,0.0,74.2,2.7302370179391762e+23,74.0,1,49,50,180,13107,52429,0,0,0.0,0.0,0.0,0.0,-0.0,67.0,0.0,162057.094,0.0,751,0,739,0,0,0,721,0,766,0,736,0,742,0,741,0,712,0,7520,0.032,78920024064.0,0.0,0.0,784,16797,-0.0,162057.094,-114818.039,-0.0,0.133,6.909358625270745e+28,30.0,65.0,35,0.0,0.0,0.0,0.0,0.0,0.0,0.0,0.0,0.0,0.0,0.0,0.0,0.0,0.0,0.0,0.0,69.2,0,150,71,55,65476,0,300,0,1,8,20529,65476,0,0,40632,65.0,0.0,0.0,0.0,0.0,0.0
2026-09-04T20:23:51,ERR,ERR,ERR,ERR,ERR,ERR,ERR,ERR,ERR,ERR,ERR,ERR,ERR,ERR,ERR,ERR,ERR,ERR,ERR,ERR,ERR,ERR,ERR,ERR,ERR,ERR,ERR,ERR,ERR,ERR,ERR,ERR,ERR,ERR,ERR,ERR,ERR,ERR,ERR,ERR,ERR,ERR,ERR,ERR,ERR,ERR,ERR,ERR,ERR,ERR,ERR,ERR,ERR,ERR,ERR,ERR,ERR,ERR,ERR,ERR,ERR,ERR,ERR,ERR,ERR,ERR,ERR,ERR,ERR,ERR,ERR,ERR,ERR,ERR,ERR,ERR,ERR,ERR,ERR,ERR,ERR,ERR,ERR,ERR,ERR,ERR,ERR,ERR,ERR,ERR,ERR,ERR,ERR,ERR,ERR,ERR,ERR,ERR,ERR,ERR,ERR,ERR,ERR,ERR,ERR,ERR,ERR,ERR,ERR,ERR,ERR,ERR,ERR,ERR,ERR,ERR,ERR,ERR,ERR,ERR,ERR,ERR,ERR,ERR,ERR,0.0,2.7184312818759872e+23,-100793952.0,0.0,0.0,1.3936040501711995e+18,7.805,0.0,0,0,4,0,7116,0.0,100,0.0,0.0,0.0,0.0,0.0,0,0,0,0,0.0,0,0,0,0,0,0,0,0,0,0,0,0,0,0,0,0,0,0,0,0,0,0,0,0,0,0,0,0,0,0,0,0,0,31,40,40,71,65476,0,300,0,0,8,21553,0.0,-107605600.0,0.0,0.0,0.0,0.0,0.0,0.0,0.0,0.0,0.0,0.0,0.0,0.0,0.0,0.0,0.0,0.0,0.0,0.0,0.0,0.0,-2.004,-2.004,-2.004,-2.004,0.0,0.0,0.0,0.0,6331.0,-0.0,6934.0,0.0,2.7184312818759872e+23,2.7184303811560617e+23,2.718430741444032e+23,0.0,0.0,0.0,0.0,69,71.63,-4.950421634474044e+32,0.0,0.0,0.0,0.0,0.0,0.0,0.0,0,0,0,0.0,0.0,0.0,0.0,0.0,0.0,0.0,0.0,0.0,0.0,0.0,0.0,0.0,0.0,0.0,0.0,0,-107875648.0,69,0.0,138,0.0,0.0,0,13107,17040,13107,17049,13107,17043,0,0,0,70,68,100,2.7302359370752657e+23,71.2,0.0,74.2,2.7302370179391762e+23,74.0,1,49,50,180,13107,52429,0,0,0.0,0.0,0.0,0.0,-0.0,67.0,0.0,162057.094,0.0,751,0,739,0,0,0,721,0,766,0,736,0,742,0,741,0,712,0,7520,0.032,78920024064.0,0.0,0.0,784,16797,-0.0,162057.094,-114818.039,-0.0,0.133,6.909358625270745e+28,30.0,65.0,35,0.0,0.0,0.0,0.0,0.0,0.0,0.0,0.0,0.0,0.0,0.0,0.0,0.0,0.0,0.0,0.0,69.2,0,150,71,55,65476,0,300,0,1,8,20529,65476,0,0,40632,65.0,0.0,0.0,0.0,0.0,0.0
2026-09-04T20:23:52,ERR,ERR,ERR,ERR,ERR,ERR,ERR,ERR,ERR,ERR,ERR,ERR,ERR,ERR,ERR,ERR,ERR,ERR,ERR,ERR,ERR,ERR,ERR,ERR,ERR,ERR,ERR,ERR,ERR,ERR,ERR,ERR,ERR,ERR,ERR,ERR,ERR,ERR,ERR,ERR,ERR,ERR,ERR,ERR,ERR,ERR,ERR,ERR,ERR,ERR,ERR,ERR,ERR,ERR,ERR,ERR,ERR,ERR,ERR,ERR,ERR,ERR,ERR,ERR,ERR,ERR,ERR,ERR,ERR,ERR,ERR,ERR,ERR,ERR,ERR,ERR,ERR,ERR,ERR,ERR,ERR,ERR,ERR,ERR,ERR,ERR,ERR,ERR,ERR,ERR,ERR,ERR,ERR,ERR,ERR,ERR,ERR,ERR,ERR,ERR,ERR,ERR,ERR,ERR,ERR,ERR,ERR,ERR,ERR,ERR,ERR,ERR,ERR,ERR,ERR,ERR,ERR,ERR,ERR,ERR,ERR,ERR,ERR,ERR,ERR,0.0,2.7184312818759872e+23,-100793952.0,0.0,0.0,1.3936040501711995e+18,7.805,0.0,0,0,4,0,7116,0.0,100,0.0,0.0,0.0,0.0,0.0,0,0,0,0,0.0,0,0,0,0,0,0,0,0,0,0,0,0,0,0,0,0,0,0,0,0,0,0,0,0,0,0,0,0,0,0,0,0,0,31,40,40,71,65476,0,300,0,0,8,21553,0.0,-107605600.0,0.0,0.0,0.0,0.0,0.0,0.0,0.0,0.0,0.0,0.0,0.0,0.0,0.0,0.0,0.0,0.0,0.0,0.0,0.0,0.0,-2.004,-2.004,-2.004,-2.004,0.0,0.0,0.0,0.0,6331.0,-0.0,6934.0,0.0,2.7184312818759872e+23,2.7184303811560617e+23,2.718430741444032e+23,0.0,0.0,0.0,0.0,69,71.63,-4.950421634474044e+32,0.0,0.0,0.0,0.0,0.0,0.0,0.0,0,0,0,0.0,0.0,0.0,0.0,0.0,0.0,0.0,0.0,0.0,0.0,0.0,0.0,0.0,0.0,0.0,0.0,0,-107875648.0,69,0.0,138,0.0,0.0,0,13107,17040,13107,17049,13107,17043,0,0,0,70,68,100,2.7302359370752657e+23,71.2,0.0,74.2,2.7302370179391762e+23,74.0,1,49,50,180,13107,52429,0,0,0.0,0.0,0.0,0.0,-0.0,67.0,0.0,162057.094,0.0,751,0,739,0,0,0,721,0,766,0,736,0,742,0,741,0,712,0,7520,0.032,78920024064.0,0.0,0.0,784,16797,-0.0,162057.094,-114818.039,-0.0,0.133,6.909358625270745e+28,30.0,65.0,35,0.0,0.0,0.0,0.0,0.0,0.0,0.0,0.0,0.0,0.0,0.0,0.0,0.0,0.0,0.0,0.0,69.2,0,150,71,55,65476,0,300,0,1,8,20529,65476,0,0,40632,65.0,0.0,0.0,0.0,0.0,0.0
2026-09-04T20:23:53,ERR,ERR,ERR,ERR,ERR,ERR,ERR,ERR,ERR,ERR,ERR,ERR,ERR,ERR,ERR,ERR,ERR,ERR,ERR,ERR,ERR,ERR,ERR,ERR,ERR,ERR,ERR,ERR,ERR,ERR,ERR,ERR,ERR,ERR,ERR,ERR,ERR,ERR,ERR,ERR,ERR,ERR,ERR,ERR,ERR,ERR,ERR,ERR,ERR,ERR,ERR,ERR,ERR,ERR,ERR,ERR,ERR,ERR,ERR,ERR,ERR,ERR,ERR,ERR,ERR,ERR,ERR,ERR,ERR,ERR,ERR,ERR,ERR,ERR,ERR,ERR,ERR,ERR,ERR,ERR,ERR,ERR,ERR,ERR,ERR,ERR,ERR,ERR,ERR,ERR,ERR,ERR,ERR,ERR,ERR,ERR,ERR,ERR,ERR,ERR,ERR,ERR,ERR,ERR,ERR,ERR,ERR,ERR,ERR,ERR,ERR,ERR,ERR,ERR,ERR,ERR,ERR,ERR,ERR,ERR,ERR,ERR,ERR,ERR,ERR,0.0,2.7184312818759872e+23,-100793952.0,0.0,0.0,1.3936040501711995e+18,7.805,0.0,0,0,4,0,7116,0.0,100,0.0,0.0,0.0,0.0,0.0,0,0,0,0,0.0,0,0,0,0,0,0,0,0,0,0,0,0,0,0,0,0,0,0,0,0,0,0,0,0,0,0,0,0,0,0,0,0,0,31,40,40,71,65476,0,300,0,0,8,21553,0.0,-107605600.0,0.0,0.0,0.0,0.0,0.0,0.0,0.0,0.0,0.0,0.0,0.0,0.0,0.0,0.0,0.0,0.0,0.0,0.0,0.0,0.0,-2.004,-2.004,-2.004,-2.004,0.0,0.0,0.0,0.0,6331.0,-0.0,6934.0,0.0,2.7184312818759872e+23,2.7184303811560617e+23,2.718430741444032e+23,0.0,0.0,0.0,0.0,69,71.63,-4.950421634474044e+32,0.0,0.0,0.0,0.0,0.0,0.0,0.0,0,0,0,0.0,0.0,0.0,0.0,0.0,0.0,0.0,0.0,0.0,0.0,0.0,0.0,0.0,0.0,0.0,0.0,0,-107875648.0,69,0.0,138,0.0,0.0,0,13107,17040,13107,17049,13107,17043,0,0,0,70,68,100,2.7302359370752657e+23,71.2,0.0,74.2,2.7302370179391762e+23,74.0,1,49,50,180,13107,52429,0,0,0.0,0.0,0.0,0.0,-0.0,67.0,0.0,162057.094,0.0,751,0,739,0,0,0,721,0,766,0,736,0,742,0,741,0,712,0,7520,0.032,78920024064.0,0.0,0.0,784,16797,-0.0,162057.094,-114818.039,-0.0,0.133,6.909358625270745e+28,30.0,65.0,35,0.0,0.0,0.0,0.0,0.0,0.0,0.0,0.0,0.0,0.0,0.0,0.0,0.0,0.0,0.0,0.0,69.2,0,150,71,55,65476,0,300,0,1,8,20529,65476,0,0,40632,65.0,0.0,0.0,0.0,0.0,0.0
2026-09-04T20:23:54,ERR,ERR,ERR,ERR,ERR,ERR,ERR,ERR,ERR,ERR,ERR,ERR,ERR,ERR,ERR,ERR,ERR,ERR,ERR,ERR,ERR,ERR,ERR,ERR,ERR,ERR,ERR,ERR,ERR,ERR,ERR,ERR,ERR,ERR,ERR,ERR,ERR,ERR,ERR,ERR,ERR,ERR,ERR,ERR,ERR,ERR,ERR,ERR,ERR,ERR,ERR,ERR,ERR,ERR,ERR,ERR,ERR,ERR,ERR,ERR,ERR,ERR,ERR,ERR,ERR,ERR,ERR,ERR,ERR,ERR,ERR,ERR,ERR,ERR,ERR,ERR,ERR,ERR,ERR,ERR,ERR,ERR,ERR,ERR,ERR,ERR,ERR,ERR,ERR,ERR,ERR,ERR,ERR,ERR,ERR,ERR,ERR,ERR,ERR,ERR,ERR,ERR,ERR,ERR,ERR,ERR,ERR,ERR,ERR,ERR,ERR,ERR,ERR,ERR,ERR,ERR,ERR,ERR,ERR,ERR,ERR,ERR,ERR,ERR,ERR,0.0,2.7184312818759872e+23,-100793952.0,0.0,0.0,1.3936040501711995e+18,7.805,0.0,0,0,4,0,7116,0.0,100,0.0,0.0,0.0,0.0,0.0,0,0,0,0,0.0,0,0,0,0,0,0,0,0,0,0,0,0,0,0,0,0,0,0,0,0,0,0,0,0,0,0,0,0,0,0,0,0,0,31,40,40,71,65476,0,300,0,0,8,21553,0.0,-107605600.0,0.0,0.0,0.0,0.0,0.0,0.0,0.0,0.0,0.0,0.0,0.0,0.0,-2.596148429267414e+33,0.0,0.0,0.0,0.0,0.0,0.0,0.0,-2.004,-2.004,-2.004,0.0,0.0,0.0,0.0,0.0,6335.0,-8608224256.0,6938.0,0.0,2.7184312818759872e+23,-0.0,0.0,0.0,0.0,0.0,0.0,69,126841176064.0,0.0,0.0,0.0,0.0,0.0,0.0,0.0,0.0,0,0,0,0.0,0.0,0.0,0.0,0.0,0.0,0.0,0.0,0.0,0.0,0.0,0.0,0.0,0.0,0.0,0.0,0,-107875648.0,69,0.0,138,0.0,0.0,0,13107,17040,13107,17049,13107,17043,0,0,0,70,68,100,2.7302359370752657e+23,71.2,0.0,74.2,2.7302370179391762e+23,74.0,1,49,50,180,13107,52429,0,0,0.0,0.0,0.0,0.0,-0.0,67.0,0.0,162057.094,0.0,751,0,739,0,0,0,721,0,766,0,736,0,742,0,741,0,712,0,7520,0.032,78920024064.0,0.0,0.0,784,16797,-0.0,162057.094,-114818.039,-0.0,0.133,6.909358625270745e+28,30.0,65.0,35,0.0,0.0,0.0,0.0,0.0,0.0,0.0,0.0,0.0,0.0,0.0,0.0,0.0,0.0,0.0,0.0,69.2,0,150,71,55,65476,0,300,0,1,8,20529,65476,0,0,40632,65.0,0.0,0.0,0.0,0.0,0.0
2026-09-04T20:23:55,ERR,ERR,ERR,ERR,ERR,ERR,ERR,ERR,ERR,ERR,ERR,ERR,ERR,ERR,ERR,ERR,ERR,ERR,ERR,ERR,ERR,ERR,ERR,ERR,ERR,ERR,ERR,ERR,ERR,ERR,ERR,ERR,ERR,ERR,ERR,ERR,ERR,ERR,ERR,ERR,ERR,ERR,ERR,ERR,ERR,ERR,ERR,ERR,ERR,ERR,ERR,ERR,ERR,ERR,ERR,ERR,ERR,ERR,ERR,ERR,ERR,ERR,ERR,ERR,ERR,ERR,ERR,ERR,ERR,ERR,ERR,ERR,ERR,ERR,ERR,ERR,ERR,ERR,ERR,ERR,ERR,ERR,ERR,ERR,ERR,ERR,ERR,ERR,ERR,ERR,ERR,ERR,ERR,ERR,ERR,ERR,ERR,ERR,ERR,ERR,ERR,ERR,ERR,ERR,ERR,ERR,ERR,ERR,ERR,ERR,ERR,ERR,ERR,ERR,ERR,ERR,ERR,ERR,ERR,ERR,ERR,ERR,ERR,ERR,ERR,0.0,2.7184312818759872e+23,-100793952.0,0.0,0.0,1.3936040501711995e+18,7.805,0.0,0,0,4,0,7116,0.0,100,0.0,0.0,0.0,0.0,0.0,0,0,0,0,0.0,0,0,0,0,0,0,0,0,0,0,0,0,0,0,0,0,0,0,0,0,0,0,0,0,0,0,0,0,0,0,0,0,0,31,40,40,71,65476,0,300,0,0,8,21553,0.0,-107605600.0,0.0,0.0,0.0,0.0,0.0,0.0,0.0,0.0,0.0,0.0,0.0,0.0,-2.596148429267414e+33,0.0,0.0,0.0,0.0,0.0,0.0,0.0,-2.004,-2.004,-2.004,0.0,0.0,0.0,0.0,0.0,6335.0,-8608224256.0,6938.0,0.0,2.7184312818759872e+23,-0.0,0.0,0.0,0.0,0.0,0.0,69,126841176064.0,0.0,0.0,0.0,0.0,0.0,0.0,0.0,0.0,0,0,0,0.0,0.0,0.0,0.0,0.0,0.0,0.0,0.0,0.0,0.0,0.0,0.0,0.0,0.0,0.0,0.0,0,-107875648.0,69,0.0,138,0.0,0.0,0,13107,17040,13107,17049,13107,17043,0,0,0,70,68,100,2.7302359370752657e+23,71.2,0.0,74.2,2.7302370179391762e+23,74.0,1,49,50,180,13107,52429,0,0,0.0,0.0,0.0,0.0,-0.0,67.0,0.0,162057.094,0.0,751,0,739,0,0,0,721,0,766,0,736,0,742,0,741,0,712,0,7520,0.032,78920024064.0,0.0,0.0,784,16797,-0.0,162057.094,-114818.039,-0.0,0.133,6.909358625270745e+28,30.0,65.0,35,0.0,0.0,0.0,0.0,0.0,0.0,0.0,0.0,0.0,0.0,0.0,0.0,0.0,0.0,0.0,0.0,69.2,0,150,71,55,65476,0,300,0,1,8,20529,65476,0,0,40632,65.0,0.0,0.0,0.0,0.0,0.0
2026-09-04T20:23:56,ERR,ERR,ERR,ERR,ERR,ERR,ERR,ERR,ERR,ERR,ERR,ERR,ERR,ERR,ERR,ERR,ERR,ERR,ERR,ERR,ERR,ERR,ERR,ERR,ERR,ERR,ERR,ERR,ERR,ERR,ERR,ERR,ERR,ERR,ERR,ERR,ERR,ERR,ERR,ERR,ERR,ERR,ERR,ERR,ERR,ERR,ERR,ERR,ERR,ERR,ERR,ERR,ERR,ERR,ERR,ERR,ERR,ERR,ERR,ERR,ERR,ERR,ERR,ERR,ERR,ERR,ERR,ERR,ERR,ERR,ERR,ERR,ERR,ERR,ERR,ERR,ERR,ERR,ERR,ERR,ERR,ERR,ERR,ERR,ERR,ERR,ERR,ERR,ERR,ERR,ERR,ERR,ERR,ERR,ERR,ERR,ERR,ERR,ERR,ERR,ERR,ERR,ERR,ERR,ERR,ERR,ERR,ERR,ERR,ERR,ERR,ERR,ERR,ERR,ERR,ERR,ERR,ERR,ERR,ERR,ERR,ERR,ERR,ERR,ERR,0.0,2.7184312818759872e+23,-100793952.0,0.0,0.0,1.3936040501711995e+18,7.805,0.0,0,0,4,0,7116,0.0,100,0.0,0.0,0.0,0.0,0.0,0,0,0,0,0.0,0,0,0,0,0,0,0,0,0,0,0,0,0,0,0,0,0,0,0,0,0,0,0,0,0,0,0,0,0,0,0,0,0,31,40,40,71,65476,0,300,0,0,8,21553,0.0,-107605600.0,0.0,0.0,0.0,0.0,0.0,0.0,0.0,0.0,0.0,0.0,0.0,0.0,-2.596148429267414e+33,0.0,0.0,0.0,0.0,0.0,0.0,0.0,-2.004,-2.004,-2.004,0.0,0.0,0.0,0.0,0.0,6335.0,-8608224256.0,6938.0,0.0,2.7184312818759872e+23,-0.0,0.0,0.0,0.0,0.0,0.0,69,126841176064.0,0.0,0.0,0.0,0.0,0.0,0.0,0.0,0.0,0,0,0,0.0,0.0,0.0,0.0,0.0,0.0,0.0,0.0,0.0,0.0,0.0,0.0,0.0,0.0,0.0,0.0,0,-107875648.0,69,0.0,138,0.0,0.0,0,13107,17040,13107,17049,13107,17043,0,0,0,70,68,100,2.7302359370752657e+23,71.1,0.0,74.2,2.7302370179391762e+23,74.0,1,49,50,180,13107,52429,0,0,0.0,0.0,0.0,0.0,-0.0,67.0,0.0,162057.094,0.0,751,0,739,0,0,0,721,0,766,0,736,0,742,0,742,0,712,0,7520,0.032,78920024064.0,0.0,0.0,784,16797,-0.0,162057.094,-114818.039,-0.0,0.133,6.909358625270745e+28,30.0,65.0,35,0.0,0.0,0.0,0.0,0.0,0.0,0.0,0.0,0.0,0.0,0.0,0.0,0.0,0.0,0.0,0.0,69.2,0,150,71,55,65476,0,300,0,1,8,20529,65476,0,0,40632,65.0,0.0,0.0,0.0,0.0,0.0
2026-09-04T20:23:57,ERR,ERR,ERR,ERR,ERR,ERR,ERR,ERR,ERR,ERR,ERR,ERR,ERR,ERR,ERR,ERR,ERR,ERR,ERR,ERR,ERR,ERR,ERR,ERR,ERR,ERR,ERR,ERR,ERR,ERR,ERR,ERR,ERR,ERR,ERR,ERR,ERR,ERR,ERR,ERR,ERR,ERR,ERR,ERR,ERR,ERR,ERR,ERR,ERR,ERR,ERR,ERR,ERR,ERR,ERR,ERR,ERR,ERR,ERR,ERR,ERR,ERR,ERR,ERR,ERR,ERR,ERR,ERR,ERR,ERR,ERR,ERR,ERR,ERR,ERR,ERR,ERR,ERR,ERR,ERR,ERR,ERR,ERR,ERR,ERR,ERR,ERR,ERR,ERR,ERR,ERR,ERR,ERR,ERR,ERR,ERR,ERR,ERR,ERR,ERR,ERR,ERR,ERR,ERR,ERR,ERR,ERR,ERR,ERR,ERR,ERR,ERR,ERR,ERR,ERR,ERR,ERR,ERR,ERR,ERR,ERR,ERR,ERR,ERR,ERR,0.0,2.7184312818759872e+23,-100793952.0,0.0,0.0,1.3936040501711995e+18,7.805,0.0,0,0,4,0,7116,0.0,100,0.0,0.0,0.0,0.0,0.0,0,0,0,0,0.0,0,0,0,0,0,0,0,0,0,0,0,0,0,0,0,0,0,0,0,0,0,0,0,0,0,0,0,0,0,0,0,0,0,31,40,40,71,65476,0,300,0,0,8,21553,0.0,-107605600.0,0.0,0.0,0.0,0.0,0.0,0.0,0.0,0.0,0.0,0.0,0.0,0.0,-2.596148429267414e+33,0.0,0.0,0.0,0.0,0.0,0.0,0.0,-2.004,-2.004,-2.004,0.0,0.0,0.0,0.0,0.0,6335.0,-8608224256.0,6938.0,0.0,2.7184312818759872e+23,-0.0,0.0,0.0,0.0,0.0,0.0,69,126841176064.0,0.0,0.0,0.0,0.0,0.0,0.0,0.0,0.0,0,0,0,0.0,0.0,0.0,0.0,0.0,0.0,0.0,0.0,0.0,0.0,0.0,0.0,0.0,0.0,0.0,0.0,0,-107875648.0,69,0.0,138,0.0,0.0,0,13107,17040,13107,17049,13107,17043,0,0,0,70,68,100,2.7302359370752657e+23,71.1,0.0,74.2,2.7302370179391762e+23,74.0,1,49,50,180,13107,52429,0,0,0.0,0.0,0.0,0.0,-0.0,67.0,0.0,162057.094,0.0,751,0,739,0,0,0,721,0,766,0,736,0,742,0,742,0,712,0,7520,0.032,78920024064.0,0.0,0.0,784,16797,-0.0,162057.094,-114818.039,-0.0,0.133,6.909358625270745e+28,30.0,65.0,35,0.0,0.0,0.0,0.0,0.0,0.0,0.0,0.0,0.0,0.0,0.0,0.0,0.0,0.0,0.0,0.0,69.6,0,150,71,55,65476,0,300,0,1,8,20529,65476,0,0,40632,65.0,0.0,0.0,0.0,0.0,0.0
2026-09-04T20:23:58,ERR,ERR,ERR,ERR,ERR,ERR,ERR,ERR,ERR,ERR,ERR,ERR,ERR,ERR,ERR,ERR,ERR,ERR,ERR,ERR,ERR,ERR,ERR,ERR,ERR,ERR,ERR,ERR,ERR,ERR,ERR,ERR,ERR,ERR,ERR,ERR,ERR,ERR,ERR,ERR,ERR,ERR,ERR,ERR,ERR,ERR,ERR,ERR,ERR,ERR,ERR,ERR,ERR,ERR,ERR,ERR,ERR,ERR,ERR,ERR,ERR,ERR,ERR,ERR,ERR,ERR,ERR,ERR,ERR,ERR,ERR,ERR,ERR,ERR,ERR,ERR,ERR,ERR,ERR,ERR,ERR,ERR,ERR,ERR,ERR,ERR,ERR,ERR,ERR,ERR,ERR,ERR,ERR,ERR,ERR,ERR,ERR,ERR,ERR,ERR,ERR,ERR,ERR,ERR,ERR,ERR,ERR,ERR,ERR,ERR,ERR,ERR,ERR,ERR,ERR,ERR,ERR,ERR,ERR,ERR,ERR,ERR,ERR,ERR,ERR,0.0,2.7184312818759872e+23,-100793952.0,0.0,0.0,1.3936040501711995e+18,7.805,0.0,0,0,4,0,7116,0.0,100,0.0,0.0,0.0,0.0,0.0,0,0,0,0,0.0,0,0,0,0,0,0,0,0,0,0,0,0,0,0,0,0,0,0,0,0,0,0,0,0,0,0,0,0,0,0,0,0,0,31,40,40,71,65476,0,300,0,0,8,21553,0.0,-107605600.0,0.0,0.0,0.0,0.0,0.0,0.0,0.0,0.0,0.0,0.0,0.0,0.0,-2.596148429267414e+33,0.0,0.0,0.0,0.0,0.0,0.0,0.0,-2.004,-2.004,-2.004,0.0,0.0,0.0,0.0,0.0,6335.0,-8608224256.0,6938.0,0.0,2.7184312818759872e+23,-0.0,0.0,0.0,0.0,0.0,0.0,69,126841176064.0,0.0,0.0,0.0,0.0,0.0,0.0,0.0,0.0,0,0,0,0.0,0.0,0.0,0.0,0.0,0.0,0.0,0.0,0.0,0.0,0.0,0.0,0.0,0.0,0.0,0.0,0,-107875648.0,69,0.0,138,0.0,0.0,0,13107,17040,13107,17049,13107,17043,0,0,0,70,68,100,2.7302359370752657e+23,71.1,0.0,74.2,2.7302370179391762e+23,74.0,1,49,50,180,13107,52429,0,0,0.0,0.0,0.0,0.0,-0.0,67.0,0.0,162057.094,0.0,751,0,739,0,0,0,721,0,766,0,736,0,742,0,742,0,712,0,7520,0.032,78920024064.0,0.0,0.0,784,16797,-0.0,162057.094,-114818.039,-0.0,0.133,6.909358625270745e+28,30.0,65.0,35,0.0,0.0,0.0,0.0,0.0,0.0,0.0,0.0,0.0,0.0,0.0,0.0,0.0,0.0,0.0,0.0,69.6,0,150,71,55,65476,0,300,0,1,8,20529,65476,0,0,40632,65.0,0.0,0.0,0.0,0.0,0.0
2026-09-04T20:23:59,ERR,ERR,ERR,ERR,ERR,ERR,ERR,ERR,ERR,ERR,ERR,ERR,ERR,ERR,ERR,ERR,ERR,ERR,ERR,ERR,ERR,ERR,ERR,ERR,ERR,ERR,ERR,ERR,ERR,ERR,ERR,ERR,ERR,ERR,ERR,ERR,ERR,ERR,ERR,ERR,ERR,ERR,ERR,ERR,ERR,ERR,ERR,ERR,ERR,ERR,ERR,ERR,ERR,ERR,ERR,ERR,ERR,ERR,ERR,ERR,ERR,ERR,ERR,ERR,ERR,ERR,ERR,ERR,ERR,ERR,ERR,ERR,ERR,ERR,ERR,ERR,ERR,ERR,ERR,ERR,ERR,ERR,ERR,ERR,ERR,ERR,ERR,ERR,ERR,ERR,ERR,ERR,ERR,ERR,ERR,ERR,ERR,ERR,ERR,ERR,ERR,ERR,ERR,ERR,ERR,ERR,ERR,ERR,ERR,ERR,ERR,ERR,ERR,ERR,ERR,ERR,ERR,ERR,ERR,ERR,ERR,ERR,ERR,ERR,ERR,0.0,2.7184312818759872e+23,-100793952.0,0.0,0.0,1.3936040501711995e+18,7.805,0.0,0,0,4,0,7116,0.0,100,0.0,0.0,0.0,0.0,0.0,0,0,0,0,0.0,0,0,0,0,0,0,0,0,0,0,0,0,0,0,0,0,0,0,0,0,0,0,0,0,0,0,0,0,0,0,0,0,0,31,40,40,71,65476,0,300,0,0,8,21553,0.0,-107605600.0,0.0,0.0,0.0,0.0,0.0,0.0,0.0,0.0,0.0,0.0,0.0,0.0,-2.596148429267414e+33,0.0,0.0,0.0,0.0,0.0,0.0,0.0,-2.004,-2.004,-2.004,0.0,0.0,0.0,0.0,0.0,6335.0,-8608224256.0,6938.0,0.0,2.7184312818759872e+23,-0.0,0.0,0.0,0.0,0.0,0.0,69,126841176064.0,0.0,0.0,0.0,0.0,0.0,0.0,0.0,0.0,0,0,0,0.0,0.0,0.0,0.0,0.0,0.0,0.0,0.0,0.0,0.0,0.0,0.0,0.0,0.0,0.0,0.0,0,-107875648.0,69,0.0,138,0.0,0.0,0,13107,17040,13107,17049,13107,17043,0,0,0,70,68,100,2.7302359370752657e+23,71.1,0.0,74.2,2.7302370179391762e+23,74.0,1,49,50,180,13107,52429,0,0,0.0,0.0,0.0,0.0,-0.0,67.0,0.0,162057.094,0.0,751,0,739,0,0,0,721,0,766,0,736,0,742,0,742,0,712,0,7520,0.032,78920024064.0,0.0,0.0,784,16797,-0.0,162057.094,-114818.039,-0.0,0.133,6.909358625270745e+28,30.0,65.0,35,0.0,0.0,0.0,0.0,0.0,0.0,0.0,0.0,0.0,0.0,0.0,0.0,0.0,0.0,0.0,0.0,69.6,0,150,71,55,65476,0,300,0,1,8,20529,65476,0,0,40632,65.0,0.0,0.0,0.0,0.0,0.0
2026-09-04T20:24:00,ERR,ERR,ERR,ERR,ERR,ERR,ERR,ERR,ERR,ERR,ERR,ERR,ERR,ERR,ERR,ERR,ERR,ERR,ERR,ERR,ERR,ERR,ERR,ERR,ERR,ERR,ERR,ERR,ERR,ERR,ERR,ERR,ERR,ERR,ERR,ERR,ERR,ERR,ERR,ERR,ERR,ERR,ERR,ERR,ERR,ERR,ERR,ERR,ERR,ERR,ERR,ERR,ERR,ERR,ERR,ERR,ERR,ERR,ERR,ERR,ERR,ERR,ERR,ERR,ERR,ERR,ERR,ERR,ERR,ERR,ERR,ERR,ERR,ERR,ERR,ERR,ERR,ERR,ERR,ERR,ERR,ERR,ERR,ERR,ERR,ERR,ERR,ERR,ERR,ERR,ERR,ERR,ERR,ERR,ERR,ERR,ERR,ERR,ERR,ERR,ERR,ERR,ERR,ERR,ERR,ERR,ERR,ERR,ERR,ERR,ERR,ERR,ERR,ERR,ERR,ERR,ERR,ERR,ERR,ERR,ERR,ERR,ERR,ERR,ERR,0.0,2.7184312818759872e+23,-100793952.0,0.0,0.0,1.3936040501711995e+18,7.805,0.0,0,0,4,0,7116,0.0,100,0.0,0.0,0.0,0.0,0.0,0,0,0,0,0.0,0,0,0,0,0,0,0,0,0,0,0,0,0,0,0,0,0,0,0,0,0,0,0,0,0,0,0,0,0,0,0,0,0,31,40,40,71,65476,0,300,0,0,8,21553,0.0,-107605600.0,0.0,0.0,0.0,0.0,0.0,0.0,0.0,0.0,0.0,0.0,0.0,0.0,-2.596148429267414e+33,0.0,0.0,0.0,0.0,0.0,0.0,0.0,-2.004,-2.004,-2.004,0.0,0.0,0.0,0.0,0.0,6335.0,-8608224256.0,6938.0,0.0,2.7184312818759872e+23,-0.0,0.0,0.0,0.0,0.0,0.0,69,126841176064.0,0.0,0.0,0.0,0.0,0.0,0.0,0.0,0.0,0,0,0,0.0,0.0,0.0,0.0,0.0,0.0,0.0,0.0,0.0,0.0,0.0,0.0,0.0,0.0,0.0,0.0,0,-107875648.0,69,0.0,138,0.0,0.0,0,13107,17040,13107,17049,13107,17043,0,0,0,70,68,100,2.7302359370752657e+23,71.1,0.0,74.2,2.7302370179391762e+23,74.0,1,49,50,180,13107,52429,0,0,0.0,0.0,0.0,0.0,-0.0,67.0,0.0,162057.094,0.0,751,0,739,0,0,0,721,0,766,0,736,0,742,0,742,0,712,0,7520,0.032,78920024064.0,0.0,0.0,784,16797,-0.0,162057.094,-114818.039,-0.0,0.133,6.909358625270745e+28,30.0,65.0,35,0.0,0.0,0.0,0.0,0.0,0.0,0.0,0.0,0.0,0.0,0.0,0.0,0.0,0.0,0.0,0.0,69.2,0,150,71,55,65476,0,300,0,1,8,20529,65476,0,0,40632,65.0,0.0,0.0,0.0,0.0,0.0
2026-09-04T20:24:01,ERR,ERR,ERR,ERR,ERR,ERR,ERR,ERR,ERR,ERR,ERR,ERR,ERR,ERR,ERR,ERR,ERR,ERR,ERR,ERR,ERR,ERR,ERR,ERR,ERR,ERR,ERR,ERR,ERR,ERR,ERR,ERR,ERR,ERR,ERR,ERR,ERR,ERR,ERR,ERR,ERR,ERR,ERR,ERR,ERR,ERR,ERR,ERR,ERR,ERR,ERR,ERR,ERR,ERR,ERR,ERR,ERR,ERR,ERR,ERR,ERR,ERR,ERR,ERR,ERR,ERR,ERR,ERR,ERR,ERR,ERR,ERR,ERR,ERR,ERR,ERR,ERR,ERR,ERR,ERR,ERR,ERR,ERR,ERR,ERR,ERR,ERR,ERR,ERR,ERR,ERR,ERR,ERR,ERR,ERR,ERR,ERR,ERR,ERR,ERR,ERR,ERR,ERR,ERR,ERR,ERR,ERR,ERR,ERR,ERR,ERR,ERR,ERR,ERR,ERR,ERR,ERR,ERR,ERR,ERR,ERR,ERR,ERR,ERR,ERR,0.0,2.7184312818759872e+23,-100793952.0,0.0,0.0,1.3936040501711995e+18,7.805,0.0,0,0,4,0,7116,0.0,100,0.0,0.0,0.0,0.0,0.0,0,0,0,0,0.0,0,0,0,0,0,0,0,0,0,0,0,0,0,0,0,0,0,0,0,0,0,0,0,0,0,0,0,0,0,0,0,0,0,31,40,40,71,65476,0,300,0,0,8,21553,0.0,-107605600.0,0.0,0.0,0.0,0.0,0.0,0.0,0.0,0.0,0.0,0.0,0.0,0.0,-2.596148429267414e+33,0.0,0.0,0.0,0.0,0.0,0.0,0.0,-2.004,-2.004,-2.004,0.0,0.0,0.0,0.0,0.0,6335.0,-8608224256.0,6938.0,0.0,2.7184312818759872e+23,-0.0,0.0,0.0,0.0,0.0,0.0,69,126841176064.0,0.0,0.0,0.0,0.0,0.0,0.0,0.0,0.0,0,0,0,0.0,0.0,0.0,0.0,0.0,0.0,0.0,0.0,0.0,0.0,0.0,0.0,0.0,0.0,0.0,0.0,0,-107875648.0,69,0.0,138,0.0,0.0,0,13107,17040,13107,17049,13107,17043,0,0,0,70,68,100,2.7302359370752657e+23,71.2,2.7302370179391762e+23,74.2,2.7302370179391762e+23,74.0,1,49,50,180,13107,52429,0,0,0.0,0.0,0.0,0.0,-0.0,67.0,0.0,162057.094,0.0,751,0,739,0,0,0,721,0,766,0,736,0,742,0,741,0,712,0,7520,0.032,88046829568.0,0.0,0.0,784,16797,-0.0,162057.094,-114818.039,-0.0,0.133,6.909358625270745e+28,30.0,65.0,35,0.0,0.0,0.0,0.0,0.0,0.0,0.0,0.0,0.0,0.0,0.0,0.0,0.0,0.0,0.0,0.0,69.2,0,150,71,55,65476,0,300,0,1,8,20529,65476,0,0,40632,65.0,0.0,0.0,0.0,0.0,0.0
2026-09-04T20:24:02,ERR,ERR,ERR,ERR,ERR,ERR,ERR,ERR,ERR,ERR,ERR,ERR,ERR,ERR,ERR,ERR,ERR,ERR,ERR,ERR,ERR,ERR,ERR,ERR,ERR,ERR,ERR,ERR,ERR,ERR,ERR,ERR,ERR,ERR,ERR,ERR,ERR,ERR,ERR,ERR,ERR,ERR,ERR,ERR,ERR,ERR,ERR,ERR,ERR,ERR,ERR,ERR,ERR,ERR,ERR,ERR,ERR,ERR,ERR,ERR,ERR,ERR,ERR,ERR,ERR,ERR,ERR,ERR,ERR,ERR,ERR,ERR,ERR,ERR,ERR,ERR,ERR,ERR,ERR,ERR,ERR,ERR,ERR,ERR,ERR,ERR,ERR,ERR,ERR,ERR,ERR,ERR,ERR,ERR,ERR,ERR,ERR,ERR,ERR,ERR,ERR,ERR,ERR,ERR,ERR,ERR,ERR,ERR,ERR,ERR,ERR,ERR,ERR,ERR,ERR,ERR,ERR,ERR,ERR,ERR,ERR,ERR,ERR,ERR,ERR,0.0,2.7184312818759872e+23,-100793952.0,0.0,0.0,1.3936040501711995e+18,7.805,0.0,0,0,4,0,7116,0.0,100,0.0,0.0,0.0,0.0,0.0,0,0,0,0,0.0,0,0,0,0,0,0,0,0,0,0,0,0,0,0,0,0,0,0,0,0,0,0,0,0,0,0,0,0,0,0,0,0,0,31,40,40,71,65476,0,300,0,0,8,21553,0.0,-107605600.0,0.0,0.0,0.0,0.0,0.0,0.0,0.0,0.0,0.0,0.0,0.0,0.0,0.0,0.0,0.0,0.0,0.0,0.0,0.0,0.0,-2.004,-2.004,-2.004,-2.004,0.0,0.0,0.0,0.0,6364.0,0.0,6917.0,0.0,2.7184312818759872e+23,-0.0,0.0,0.0,0.0,0.0,0.0,69,1.9056993230651392e+17,-0.0,0.0,0.0,0.0,0.0,0.0,0.0,0.0,0,0,0,0.0,0.0,0.0,0.0,0.0,0.0,0.0,0.0,0.0,0.0,0.0,0.0,0.0,0.0,0.0,0.0,0,-107875648.0,69,0.0,138,0.0,-109447200.0,0,13107,17040,13107,17049,13107,17043,0,0,0,70,68,100,2.7302359370752657e+23,71.2,2.7302370179391762e+23,74.2,2.7302370179391762e+23,74.0,1,49,50,180,13107,52429,0,0,0.0,0.0,0.0,0.0,-0.0,67.0,0.0,162057.094,0.0,751,0,739,0,0,0,721,0,766,0,736,0,742,0,741,0,712,0,7520,0.032,88046829568.0,0.0,0.0,784,16797,-0.0,162057.094,-114818.039,-0.0,0.133,6.909358625270745e+28,30.0,65.0,35,0.0,0.0,0.0,0.0,0.0,0.0,0.0,0.0,0.0,0.0,0.0,0.0,0.0,0.0,0.0,0.0,69.2,0,150,71,55,65476,0,300,0,1,8,20529,65476,0,0,40632,65.0,0.0,0.0,0.0,0.0,0.0
2026-09-04T20:24:03,ERR,ERR,ERR,ERR,ERR,ERR,ERR,ERR,ERR,ERR,ERR,ERR,ERR,ERR,ERR,ERR,ERR,ERR,ERR,ERR,ERR,ERR,ERR,ERR,ERR,ERR,ERR,ERR,ERR,ERR,ERR,ERR,ERR,ERR,ERR,ERR,ERR,ERR,ERR,ERR,ERR,ERR,ERR,ERR,ERR,ERR,ERR,ERR,ERR,ERR,ERR,ERR,ERR,ERR,ERR,ERR,ERR,ERR,ERR,ERR,ERR,ERR,ERR,ERR,ERR,ERR,ERR,ERR,ERR,ERR,ERR,ERR,ERR,ERR,ERR,ERR,ERR,ERR,ERR,ERR,ERR,ERR,ERR,ERR,ERR,ERR,ERR,ERR,ERR,ERR,ERR,ERR,ERR,ERR,ERR,ERR,ERR,ERR,ERR,ERR,ERR,ERR,ERR,ERR,ERR,ERR,ERR,ERR,ERR,ERR,ERR,ERR,ERR,ERR,ERR,ERR,ERR,ERR,ERR,ERR,ERR,ERR,ERR,ERR,ERR,0.0,2.7184312818759872e+23,-100793952.0,0.0,0.0,1.3936040501711995e+18,7.805,0.0,0,0,4,0,7116,0.0,100,0.0,0.0,0.0,0.0,0.0,0,0,0,0,0.0,0,0,0,0,0,0,0,0,0,0,0,0,0,0,0,0,0,0,0,0,0,0,0,0,0,0,0,0,0,0,0,0,0,31,40,40,71,65476,0,300,0,0,8,21553,0.0,-107605600.0,0.0,0.0,0.0,0.0,0.0,0.0,0.0,0.0,0.0,0.0,0.0,0.0,0.0,0.0,0.0,0.0,0.0,0.0,0.0,0.0,-2.004,-2.004,-2.004,-2.004,0.0,0.0,0.0,0.0,6364.0,0.0,6917.0,0.0,2.7184312818759872e+23,-0.0,0.0,0.0,0.0,0.0,0.0,69,1.9056993230651392e+17,-0.0,0.0,0.0,0.0,0.0,0.0,0.0,0.0,0,0,0,0.0,0.0,0.0,0.0,0.0,0.0,0.0,0.0,0.0,0.0,0.0,0.0,0.0,0.0,0.0,0.0,0,-107875648.0,69,0.0,138,0.0,-109447200.0,0,13107,17040,13107,17049,13107,17043,0,0,0,70,68,100,2.7302359370752657e+23,71.2,2.7302370179391762e+23,74.2,2.7302370179391762e+23,74.0,1,49,50,180,13107,52429,0,0,0.0,0.0,0.0,0.0,-0.0,67.0,0.0,162057.094,0.0,751,0,739,0,0,0,721,0,766,0,736,0,742,0,741,0,712,0,7520,0.032,88046829568.0,0.0,0.0,784,16797,-0.0,162057.094,-114818.039,-0.0,0.133,6.909358625270745e+28,30.0,65.0,35,0.0,0.0,0.0,0.0,0.0,0.0,0.0,0.0,0.0,0.0,0.0,0.0,0.0,0.0,0.0,0.0,69.2,0,150,71,55,65476,0,300,0,1,8,20529,65476,0,0,40632,65.0,0.0,0.0,0.0,0.0,0.0
2026-09-04T20:24:04,ERR,ERR,ERR,ERR,ERR,ERR,ERR,ERR,ERR,ERR,ERR,ERR,ERR,ERR,ERR,ERR,ERR,ERR,ERR,ERR,ERR,ERR,ERR,ERR,ERR,ERR,ERR,ERR,ERR,ERR,ERR,ERR,ERR,ERR,ERR,ERR,ERR,ERR,ERR,ERR,ERR,ERR,ERR,ERR,ERR,ERR,ERR,ERR,ERR,ERR,ERR,ERR,ERR,ERR,ERR,ERR,ERR,ERR,ERR,ERR,ERR,ERR,ERR,ERR,ERR,ERR,ERR,ERR,ERR,ERR,ERR,ERR,ERR,ERR,ERR,ERR,ERR,ERR,ERR,ERR,ERR,ERR,ERR,ERR,ERR,ERR,ERR,ERR,ERR,ERR,ERR,ERR,ERR,ERR,ERR,ERR,ERR,ERR,ERR,ERR,ERR,ERR,ERR,ERR,ERR,ERR,ERR,ERR,ERR,ERR,ERR,ERR,ERR,ERR,ERR,ERR,ERR,ERR,ERR,ERR,ERR,ERR,ERR,ERR,ERR,0.0,2.7184312818759872e+23,-100793952.0,0.0,0.0,1.3936040501711995e+18,7.805,0.0,0,0,4,0,7116,0.0,100,0.0,0.0,0.0,0.0,0.0,0,0,0,0,0.0,0,0,0,0,0,0,0,0,0,0,0,0,0,0,0,0,0,0,0,0,0,0,0,0,0,0,0,0,0,0,0,0,0,31,40,40,71,65476,0,300,0,0,8,21553,0.0,-107605600.0,0.0,0.0,0.0,0.0,0.0,0.0,0.0,0.0,0.0,0.0,0.0,0.0,0.0,0.0,0.0,0.0,0.0,0.0,0.0,0.0,-2.004,-2.004,-2.004,-2.004,0.0,0.0,0.0,0.0,6364.0,0.0,6917.0,0.0,2.7184312818759872e+23,-0.0,0.0,0.0,0.0,0.0,0.0,69,1.9056993230651392e+17,-0.0,0.0,0.0,0.0,0.0,0.0,0.0,0.0,0,0,0,0.0,0.0,0.0,0.0,0.0,0.0,0.0,0.0,0.0,0.0,0.0,0.0,0.0,0.0,0.0,0.0,0,-107875648.0,69,0.0,138,0.0,-109447200.0,0,13107,17040,13107,17049,13107,17043,0,0,0,70,68,100,2.7302359370752657e+23,71.2,2.7302370179391762e+23,74.2,2.7302370179391762e+23,74.0,1,49,50,180,13107,52429,0,0,0.0,0.0,0.0,0.0,-0.0,67.0,0.0,162057.094,0.0,751,0,739,0,0,0,721,0,766,0,736,0,742,0,741,0,712,0,7520,0.032,88046829568.0,0.0,0.0,784,16797,-0.0,162057.094,-114818.039,-0.0,0.133,6.909358625270745e+28,30.0,65.0,35,0.0,0.0,0.0,0.0,0.0,0.0,0.0,0.0,0.0,0.0,0.0,0.0,0.0,0.0,0.0,0.0,69.2,0,150,71,55,65476,0,300,0,1,8,20529,65476,0,0,40632,65.0,0.0,0.0,0.0,0.0,0.0
2026-09-04T20:24:05,ERR,ERR,ERR,ERR,ERR,ERR,ERR,ERR,ERR,ERR,ERR,ERR,ERR,ERR,ERR,ERR,ERR,ERR,ERR,ERR,ERR,ERR,ERR,ERR,ERR,ERR,ERR,ERR,ERR,ERR,ERR,ERR,ERR,ERR,ERR,ERR,ERR,ERR,ERR,ERR,ERR,ERR,ERR,ERR,ERR,ERR,ERR,ERR,ERR,ERR,ERR,ERR,ERR,ERR,ERR,ERR,ERR,ERR,ERR,ERR,ERR,ERR,ERR,ERR,ERR,ERR,ERR,ERR,ERR,ERR,ERR,ERR,ERR,ERR,ERR,ERR,ERR,ERR,ERR,ERR,ERR,ERR,ERR,ERR,ERR,ERR,ERR,ERR,ERR,ERR,ERR,ERR,ERR,ERR,ERR,ERR,ERR,ERR,ERR,ERR,ERR,ERR,ERR,ERR,ERR,ERR,ERR,ERR,ERR,ERR,ERR,ERR,ERR,ERR,ERR,ERR,ERR,ERR,ERR,ERR,ERR,ERR,ERR,ERR,ERR,0.0,2.7184312818759872e+23,-100793952.0,0.0,0.0,1.3936040501711995e+18,7.805,0.0,0,0,4,0,7116,0.0,100,0.0,0.0,0.0,0.0,0.0,0,0,0,0,0.0,0,0,0,0,0,0,0,0,0,0,0,0,0,0,0,0,0,0,0,0,0,0,0,0,0,0,0,0,0,0,0,0,0,31,40,40,71,65476,0,300,0,0,8,21553,0.0,-107605600.0,0.0,0.0,0.0,0.0,0.0,0.0,0.0,0.0,0.0,0.0,0.0,0.0,0.0,0.0,0.0,0.0,0.0,0.0,0.0,0.0,-2.004,-2.004,-2.004,-2.004,0.0,0.0,0.0,0.0,6364.0,0.0,6917.0,0.0,2.7184312818759872e+23,-0.0,0.0,0.0,0.0,0.0,0.0,69,1.9056993230651392e+17,-0.0,0.0,0.0,0.0,0.0,0.0,0.0,0.0,0,0,0,0.0,0.0,0.0,0.0,0.0,0.0,0.0,0.0,0.0,0.0,0.0,0.0,0.0,0.0,0.0,0.0,0,-107875648.0,69,0.0,138,0.0,-109447200.0,0,13107,17040,13107,17049,13107,17043,0,0,0,70,68,100,2.7302359370752657e+23,71.2,2.7302370179391762e+23,74.2,2.7302370179391762e+23,74.0,1,49,50,180,13107,52429,0,0,0.0,0.0,0.0,0.0,-0.0,67.0,0.0,162057.094,0.0,751,0,739,0,0,0,721,0,766,0,736,0,742,0,741,0,712,0,7520,0.032,88046829568.0,0.0,0.0,784,16797,-0.0,162057.094,-114818.039,-0.0,0.133,6.909358625270745e+28,30.0,65.0,35,0.0,0.0,0.0,0.0,0.0,0.0,0.0,0.0,0.0,0.0,0.0,0.0,0.0,0.0,0.0,0.0,69.2,0,150,71,55,65476,0,300,0,1,8,20529,65476,0,0,40632,65.0,0.0,0.0,0.0,0.0,0.0
2026-09-04T20:24:06,ERR,ERR,ERR,ERR,ERR,ERR,ERR,ERR,ERR,ERR,ERR,ERR,ERR,ERR,ERR,ERR,ERR,ERR,ERR,ERR,ERR,ERR,ERR,ERR,ERR,ERR,ERR,ERR,ERR,ERR,ERR,ERR,ERR,ERR,ERR,ERR,ERR,ERR,ERR,ERR,ERR,ERR,ERR,ERR,ERR,ERR,ERR,ERR,ERR,ERR,ERR,ERR,ERR,ERR,ERR,ERR,ERR,ERR,ERR,ERR,ERR,ERR,ERR,ERR,ERR,ERR,ERR,ERR,ERR,ERR,ERR,ERR,ERR,ERR,ERR,ERR,ERR,ERR,ERR,ERR,ERR,ERR,ERR,ERR,ERR,ERR,ERR,ERR,ERR,ERR,ERR,ERR,ERR,ERR,ERR,ERR,ERR,ERR,ERR,ERR,ERR,ERR,ERR,ERR,ERR,ERR,ERR,ERR,ERR,ERR,ERR,ERR,ERR,ERR,ERR,ERR,ERR,ERR,ERR,ERR,ERR,ERR,ERR,ERR,ERR,0.0,2.7184312818759872e+23,-100793952.0,0.0,0.0,1.3936040501711995e+18,7.805,0.0,0,0,4,0,7116,0.0,100,0.0,0.0,0.0,0.0,0.0,0,0,0,0,0.0,0,0,0,0,0,0,0,0,0,0,0,0,0,0,0,0,0,0,0,0,0,0,0,0,0,0,0,0,0,0,0,0,0,31,40,40,71,65476,0,300,0,0,8,21553,0.0,-107605600.0,0.0,0.0,0.0,0.0,0.0,0.0,0.0,0.0,0.0,0.0,0.0,0.0,0.0,0.0,0.0,0.0,0.0,0.0,0.0,0.0,-2.004,-2.004,-2.004,-2.004,0.0,0.0,0.0,0.0,6364.0,0.0,6917.0,0.0,2.7184312818759872e+23,-0.0,0.0,0.0,0.0,0.0,0.0,69,1.9056993230651392e+17,-0.0,0.0,0.0,0.0,0.0,0.0,0.0,0.0,0,0,0,0.0,0.0,0.0,0.0,0.0,0.0,0.0,0.0,0.0,0.0,0.0,0.0,0.0,0.0,0.0,0.0,0,-107875648.0,69,0.0,138,0.0,-109447200.0,0,13107,17040,13107,17049,13107,17043,0,0,0,70,68,100,2.7302359370752657e+23,71.2,2.7302370179391762e+23,74.2,2.7302370179391762e+23,74.0,1,49,50,180,13107,52429,0,0,0.0,0.0,0.0,0.0,-0.0,67.0,0.0,162057.094,0.0,751,0,739,0,0,0,721,0,766,0,736,0,742,0,741,0,712,0,7520,0.032,88046829568.0,0.0,0.0,784,16797,-0.0,162057.094,-114818.039,-0.0,0.133,6.909358625270745e+28,30.0,65.0,35,0.0,0.0,0.0,0.0,0.0,0.0,0.0,0.0,0.0,0.0,0.0,0.0,0.0,0.0,0.0,0.0,69.2,0,150,71,55,65476,0,300,0,1,8,20529,65476,0,0,40632,65.0,0.0,0.0,0.0,0.0,0.0
2026-09-04T20:24:07,ERR,ERR,ERR,ERR,ERR,ERR,ERR,ERR,ERR,ERR,ERR,ERR,ERR,ERR,ERR,ERR,ERR,ERR,ERR,ERR,ERR,ERR,ERR,ERR,ERR,ERR,ERR,ERR,ERR,ERR,ERR,ERR,ERR,ERR,ERR,ERR,ERR,ERR,ERR,ERR,ERR,ERR,ERR,ERR,ERR,ERR,ERR,ERR,ERR,ERR,ERR,ERR,ERR,ERR,ERR,ERR,ERR,ERR,ERR,ERR,ERR,ERR,ERR,ERR,ERR,ERR,ERR,ERR,ERR,ERR,ERR,ERR,ERR,ERR,ERR,ERR,ERR,ERR,ERR,ERR,ERR,ERR,ERR,ERR,ERR,ERR,ERR,ERR,ERR,ERR,ERR,ERR,ERR,ERR,ERR,ERR,ERR,ERR,ERR,ERR,ERR,ERR,ERR,ERR,ERR,ERR,ERR,ERR,ERR,ERR,ERR,ERR,ERR,ERR,ERR,ERR,ERR,ERR,ERR,ERR,ERR,ERR,ERR,ERR,ERR,0.0,2.7184312818759872e+23,-100793952.0,0.0,0.0,1.3936040501711995e+18,7.805,0.0,0,0,4,0,7116,0.0,100,0.0,0.0,0.0,0.0,0.0,0,0,0,0,0.0,0,0,0,0,0,0,0,0,0,0,0,0,0,0,0,0,0,0,0,0,0,0,0,0,0,0,0,0,0,0,0,0,0,31,40,40,71,65476,0,300,0,0,8,21553,0.0,-107605600.0,0.0,0.0,0.0,0.0,0.0,0.0,0.0,0.0,0.0,0.0,0.0,0.0,0.0,0.0,0.0,0.0,0.0,0.0,0.0,0.0,-2.004,-2.004,-2.004,-2.004,0.0,0.0,0.0,0.0,6364.0,0.0,6917.0,0.0,2.7184312818759872e+23,-0.0,0.0,0.0,0.0,0.0,0.0,69,1.9056993230651392e+17,-0.0,0.0,0.0,0.0,0.0,0.0,0.0,0.0,0,0,0,0.0,0.0,0.0,0.0,0.0,0.0,0.0,0.0,0.0,0.0,0.0,0.0,0.0,0.0,0.0,0.0,0,-107875648.0,69,0.0,138,0.0,-109447200.0,0,13107,17040,13107,17049,13107,17043,0,0,0,70,68,100,2.7302359370752657e+23,71.1,0.0,74.2,2.7302370179391762e+23,74.0,1,49,50,180,13107,52429,0,0,0.0,0.0,0.0,0.0,-0.0,67.0,0.0,162057.094,0.0,751,0,739,0,0,0,721,0,766,0,736,0,742,0,742,0,712,0,7520,0.032,108447924224.0,0.0,0.0,784,16797,-0.0,162057.094,-114818.039,-0.0,0.133,6.909358625270745e+28,30.0,65.0,35,0.0,0.0,0.0,0.0,0.0,0.0,0.0,0.0,0.0,0.0,0.0,0.0,0.0,0.0,0.0,0.0,69.2,0,150,71,55,65476,0,300,0,1,8,20529,65476,0,0,40632,65.0,0.0,0.0,0.0,0.0,0.0
2026-09-04T20:24:08,ERR,ERR,ERR,ERR,ERR,ERR,ERR,ERR,ERR,ERR,ERR,ERR,ERR,ERR,ERR,ERR,ERR,ERR,ERR,ERR,ERR,ERR,ERR,ERR,ERR,ERR,ERR,ERR,ERR,ERR,ERR,ERR,ERR,ERR,ERR,ERR,ERR,ERR,ERR,ERR,ERR,ERR,ERR,ERR,ERR,ERR,ERR,ERR,ERR,ERR,ERR,ERR,ERR,ERR,ERR,ERR,ERR,ERR,ERR,ERR,ERR,ERR,ERR,ERR,ERR,ERR,ERR,ERR,ERR,ERR,ERR,ERR,ERR,ERR,ERR,ERR,ERR,ERR,ERR,ERR,ERR,ERR,ERR,ERR,ERR,ERR,ERR,ERR,ERR,ERR,ERR,ERR,ERR,ERR,ERR,ERR,ERR,ERR,ERR,ERR,ERR,ERR,ERR,ERR,ERR,ERR,ERR,ERR,ERR,ERR,ERR,ERR,ERR,ERR,ERR,ERR,ERR,ERR,ERR,ERR,ERR,ERR,ERR,ERR,ERR,0.0,2.7184312818759872e+23,-100793952.0,0.0,0.0,1.3936040501711995e+18,7.805,0.0,0,0,4,0,7116,0.0,100,0.0,0.0,0.0,0.0,0.0,0,0,0,0,0.0,0,0,0,0,0,0,0,0,0,0,0,0,0,0,0,0,0,0,0,0,0,0,0,0,0,0,0,0,0,0,0,0,0,31,40,40,71,65476,0,300,0,0,8,21553,0.0,-107605600.0,0.0,0.0,0.0,0.0,0.0,0.0,0.0,0.0,0.0,0.0,0.0,0.0,0.0,0.0,0.0,0.0,0.0,0.0,0.0,0.0,-2.004,-2.004,-2.004,-2.004,0.0,0.0,0.0,0.0,6364.0,0.0,6917.0,0.0,2.7184312818759872e+23,-0.0,0.0,0.0,0.0,0.0,0.0,69,1.9056993230651392e+17,-0.0,0.0,0.0,0.0,0.0,0.0,0.0,0.0,0,0,0,0.0,0.0,0.0,0.0,0.0,0.0,0.0,0.0,0.0,0.0,0.0,0.0,0.0,0.0,0.0,0.0,0,-107875648.0,69,0.0,138,0.0,-109447200.0,0,13107,17040,13107,17049,13107,17043,0,0,0,70,68,100,2.7302359370752657e+23,71.1,0.0,74.2,2.7302370179391762e+23,74.0,1,49,50,180,13107,52429,0,0,0.0,0.0,0.0,0.0,-0.0,67.0,0.0,162057.094,0.0,751,0,739,0,0,0,721,0,766,0,736,0,742,0,742,0,712,0,7520,0.032,108447924224.0,0.0,0.0,784,16797,-0.0,162057.094,-114818.039,-0.0,0.133,6.909358625270745e+28,30.0,65.0,35,0.0,0.0,0.0,0.0,0.0,0.0,0.0,0.0,0.0,0.0,0.0,0.0,0.0,0.0,0.0,0.0,69.2,0,150,71,55,65476,0,300,0,1,8,20529,65476,0,0,40632,65.0,0.0,0.0,0.0,0.0,0.0
2026-09-04T20:24:09,ERR,ERR,ERR,ERR,ERR,ERR,ERR,ERR,ERR,ERR,ERR,ERR,ERR,ERR,ERR,ERR,ERR,ERR,ERR,ERR,ERR,ERR,ERR,ERR,ERR,ERR,ERR,ERR,ERR,ERR,ERR,ERR,ERR,ERR,ERR,ERR,ERR,ERR,ERR,ERR,ERR,ERR,ERR,ERR,ERR,ERR,ERR,ERR,ERR,ERR,ERR,ERR,ERR,ERR,ERR,ERR,ERR,ERR,ERR,ERR,ERR,ERR,ERR,ERR,ERR,ERR,ERR,ERR,ERR,ERR,ERR,ERR,ERR,ERR,ERR,ERR,ERR,ERR,ERR,ERR,ERR,ERR,ERR,ERR,ERR,ERR,ERR,ERR,ERR,ERR,ERR,ERR,ERR,ERR,ERR,ERR,ERR,ERR,ERR,ERR,ERR,ERR,ERR,ERR,ERR,ERR,ERR,ERR,ERR,ERR,ERR,ERR,ERR,ERR,ERR,ERR,ERR,ERR,ERR,ERR,ERR,ERR,ERR,ERR,ERR,0.0,2.7184312818759872e+23,-100793952.0,0.0,0.0,1.3936040501711995e+18,7.805,0.0,0,0,4,0,7116,0.0,100,0.0,0.0,0.0,0.0,0.0,0,0,0,0,0.0,0,0,0,0,0,0,0,0,0,0,0,0,0,0,0,0,0,0,0,0,0,0,0,0,0,0,0,0,0,0,0,0,0,31,40,40,71,65476,0,300,0,0,8,21553,0.0,-107605600.0,0.0,0.0,0.0,0.0,0.0,0.0,0.0,0.0,0.0,0.0,0.0,0.0,0.0,0.0,0.0,0.0,0.0,0.0,0.0,0.0,-2.004,-2.004,-2.004,-2.004,0.0,0.0,0.0,0.0,6334.0,-0.0,6932.0,0.0,2.7184312818759872e+23,2.7184303811560617e+23,0.0,0.0,0.0,0.0,0.0,69,1.9056993230651392e+17,-4.950421634474044e+32,0.0,0.0,0.0,0.0,0.0,0.0,0.0,0,0,0,0.0,0.0,0.0,0.0,0.0,0.0,0.0,0.0,0.0,0.0,0.0,0.0,0.0,0.0,0.0,0.0,0,-107875648.0,69,0.0,138,0.0,-109447200.0,0,13107,17040,13107,17049,13107,17043,0,0,0,70,68,100,2.7302359370752657e+23,71.1,0.0,74.2,2.7302370179391762e+23,74.0,1,49,50,180,13107,52429,0,0,0.0,0.0,0.0,0.0,-0.0,67.0,0.0,162057.094,0.0,751,0,739,0,0,0,721,0,766,0,736,0,742,0,742,0,712,0,7520,0.032,108447924224.0,0.0,0.0,784,16797,-0.0,162057.094,-114818.039,-0.0,0.133,6.909358625270745e+28,30.0,65.0,35,0.0,0.0,0.0,0.0,0.0,0.0,0.0,0.0,0.0,0.0,0.0,0.0,0.0,0.0,0.0,0.0,69.2,0,150,71,55,65476,0,300,0,1,8,20529,65476,0,0,40632,65.0,0.0,0.0,0.0,0.0,0.0
2026-09-04T20:24:10,ERR,ERR,ERR,ERR,ERR,ERR,ERR,ERR,ERR,ERR,ERR,ERR,ERR,ERR,ERR,ERR,ERR,ERR,ERR,ERR,ERR,ERR,ERR,ERR,ERR,ERR,ERR,ERR,ERR,ERR,ERR,ERR,ERR,ERR,ERR,ERR,ERR,ERR,ERR,ERR,ERR,ERR,ERR,ERR,ERR,ERR,ERR,ERR,ERR,ERR,ERR,ERR,ERR,ERR,ERR,ERR,ERR,ERR,ERR,ERR,ERR,ERR,ERR,ERR,ERR,ERR,ERR,ERR,ERR,ERR,ERR,ERR,ERR,ERR,ERR,ERR,ERR,ERR,ERR,ERR,ERR,ERR,ERR,ERR,ERR,ERR,ERR,ERR,ERR,ERR,ERR,ERR,ERR,ERR,ERR,ERR,ERR,ERR,ERR,ERR,ERR,ERR,ERR,ERR,ERR,ERR,ERR,ERR,ERR,ERR,ERR,ERR,ERR,ERR,ERR,ERR,ERR,ERR,ERR,ERR,ERR,ERR,ERR,ERR,ERR,0.0,2.7184312818759872e+23,-100793952.0,0.0,0.0,1.3936040501711995e+18,7.805,0.0,0,0,4,0,7116,0.0,100,0.0,0.0,0.0,0.0,0.0,0,0,0,0,0.0,0,0,0,0,0,0,0,0,0,0,0,0,0,0,0,0,0,0,0,0,0,0,0,0,0,0,0,0,0,0,0,0,0,31,40,40,71,65476,0,300,0,0,8,21553,0.0,-107605600.0,0.0,0.0,0.0,0.0,0.0,0.0,0.0,0.0,0.0,0.0,0.0,0.0,0.0,0.0,0.0,0.0,0.0,0.0,0.0,0.0,-2.004,-2.004,-2.004,-2.004,0.0,0.0,0.0,0.0,6334.0,-0.0,6932.0,0.0,2.7184312818759872e+23,2.7184303811560617e+23,0.0,0.0,0.0,0.0,0.0,69,1.9056993230651392e+17,-4.950421634474044e+32,0.0,0.0,0.0,0.0,0.0,0.0,0.0,0,0,0,0.0,0.0,0.0,0.0,0.0,0.0,0.0,0.0,0.0,0.0,0.0,0.0,0.0,0.0,0.0,0.0,0,-107875648.0,69,0.0,138,0.0,-109447200.0,0,13107,17040,13107,17049,13107,17043,0,0,0,70,68,100,2.7302359370752657e+23,71.1,0.0,74.2,2.7302370179391762e+23,74.0,1,49,50,180,13107,52429,0,0,0.0,0.0,0.0,0.0,-0.0,67.0,0.0,162057.094,0.0,751,0,739,0,0,0,721,0,766,0,736,0,742,0,742,0,712,0,7520,0.032,108447924224.0,0.0,0.0,784,16797,-0.0,162057.094,-114818.039,-0.0,0.133,6.909358625270745e+28,30.0,65.0,35,0.0,0.0,0.0,0.0,0.0,0.0,0.0,0.0,0.0,0.0,0.0,0.0,0.0,0.0,0.0,0.0,69.2,0,150,71,55,65476,0,300,0,1,8,20529,65476,0,0,40632,65.0,0.0,0.0,0.0,0.0,0.0
2026-09-04T20:24:11,ERR,ERR,ERR,ERR,ERR,ERR,ERR,ERR,ERR,ERR,ERR,ERR,ERR,ERR,ERR,ERR,ERR,ERR,ERR,ERR,ERR,ERR,ERR,ERR,ERR,ERR,ERR,ERR,ERR,ERR,ERR,ERR,ERR,ERR,ERR,ERR,ERR,ERR,ERR,ERR,ERR,ERR,ERR,ERR,ERR,ERR,ERR,ERR,ERR,ERR,ERR,ERR,ERR,ERR,ERR,ERR,ERR,ERR,ERR,ERR,ERR,ERR,ERR,ERR,ERR,ERR,ERR,ERR,ERR,ERR,ERR,ERR,ERR,ERR,ERR,ERR,ERR,ERR,ERR,ERR,ERR,ERR,ERR,ERR,ERR,ERR,ERR,ERR,ERR,ERR,ERR,ERR,ERR,ERR,ERR,ERR,ERR,ERR,ERR,ERR,ERR,ERR,ERR,ERR,ERR,ERR,ERR,ERR,ERR,ERR,ERR,ERR,ERR,ERR,ERR,ERR,ERR,ERR,ERR,ERR,ERR,ERR,ERR,ERR,ERR,0.0,2.7184312818759872e+23,-100793952.0,0.0,0.0,1.3936040501711995e+18,7.805,0.0,0,0,4,0,7116,0.0,100,0.0,0.0,0.0,0.0,0.0,0,0,0,0,0.0,0,0,0,0,0,0,0,0,0,0,0,0,0,0,0,0,0,0,0,0,0,0,0,0,0,0,0,0,0,0,0,0,0,31,40,40,71,65476,0,300,0,0,8,21553,0.0,-107605600.0,0.0,0.0,0.0,0.0,0.0,0.0,0.0,0.0,0.0,0.0,0.0,0.0,0.0,0.0,0.0,0.0,0.0,0.0,0.0,0.0,-2.004,-2.004,-2.004,-2.004,0.0,0.0,0.0,0.0,6334.0,-0.0,6932.0,0.0,2.7184312818759872e+23,2.7184303811560617e+23,0.0,0.0,0.0,0.0,0.0,69,1.9056993230651392e+17,-4.950421634474044e+32,0.0,0.0,0.0,0.0,0.0,0.0,0.0,0,0,0,0.0,0.0,0.0,0.0,0.0,0.0,0.0,0.0,0.0,0.0,0.0,0.0,0.0,0.0,0.0,0.0,0,-107875648.0,69,0.0,138,0.0,-109447200.0,0,13107,17040,13107,17049,13107,17043,0,0,0,70,68,100,2.7302359370752657e+23,71.1,0.0,74.2,2.7302370179391762e+23,74.0,1,49,50,180,13107,52429,0,0,0.0,0.0,0.0,0.0,-0.0,67.0,0.0,162057.094,0.0,751,0,739,0,0,0,721,0,766,0,736,0,742,0,742,0,712,0,7520,0.032,108447924224.0,0.0,0.0,784,16797,-0.0,162057.094,-114818.039,-0.0,0.133,6.909358625270745e+28,30.0,65.0,35,0.0,0.0,0.0,0.0,0.0,0.0,0.0,0.0,0.0,0.0,0.0,0.0,0.0,0.0,0.0,0.0,69.2,0,150,71,55,65476,0,300,0,1,8,20529,65476,0,0,40632,65.0,0.0,0.0,0.0,0.0,0.0
2026-09-04T20:24:12,ERR,ERR,ERR,ERR,ERR,ERR,ERR,ERR,ERR,ERR,ERR,ERR,ERR,ERR,ERR,ERR,ERR,ERR,ERR,ERR,ERR,ERR,ERR,ERR,ERR,ERR,ERR,ERR,ERR,ERR,ERR,ERR,ERR,ERR,ERR,ERR,ERR,ERR,ERR,ERR,ERR,ERR,ERR,ERR,ERR,ERR,ERR,ERR,ERR,ERR,ERR,ERR,ERR,ERR,ERR,ERR,ERR,ERR,ERR,ERR,ERR,ERR,ERR,ERR,ERR,ERR,ERR,ERR,ERR,ERR,ERR,ERR,ERR,ERR,ERR,ERR,ERR,ERR,ERR,ERR,ERR,ERR,ERR,ERR,ERR,ERR,ERR,ERR,ERR,ERR,ERR,ERR,ERR,ERR,ERR,ERR,ERR,ERR,ERR,ERR,ERR,ERR,ERR,ERR,ERR,ERR,ERR,ERR,ERR,ERR,ERR,ERR,ERR,ERR,ERR,ERR,ERR,ERR,ERR,ERR,ERR,ERR,ERR,ERR,ERR,0.0,2.7184312818759872e+23,-100793952.0,0.0,0.0,1.3936040501711995e+18,7.805,0.0,0,0,4,0,7116,0.0,100,0.0,0.0,0.0,0.0,0.0,0,0,0,0,0.0,0,0,0,0,0,0,0,0,0,0,0,0,0,0,0,0,0,0,0,0,0,0,0,0,0,0,0,0,0,0,0,0,0,31,40,40,71,65476,0,300,0,0,8,21553,0.0,-107605600.0,0.0,0.0,0.0,0.0,0.0,0.0,0.0,0.0,0.0,0.0,0.0,0.0,0.0,0.0,0.0,0.0,0.0,0.0,0.0,0.0,-2.004,-2.004,-2.004,-2.004,0.0,0.0,0.0,0.0,6334.0,-0.0,6932.0,0.0,2.7184312818759872e+23,2.7184303811560617e+23,0.0,0.0,0.0,0.0,0.0,69,1.9056993230651392e+17,-4.950421634474044e+32,0.0,0.0,0.0,0.0,0.0,0.0,0.0,0,0,0,0.0,0.0,0.0,0.0,0.0,0.0,0.0,0.0,0.0,0.0,0.0,0.0,0.0,0.0,0.0,0.0,0,-107875648.0,69,0.0,138,0.0,-109447200.0,0,13107,17040,13107,17049,13107,17043,0,0,0,70,68,100,2.7302359370752657e+23,71.2,0.0,74.2,2.7302370179391762e+23,74.0,1,49,50,180,13107,52429,0,0,0.0,0.0,0.0,0.0,-0.0,67.0,0.0,162057.094,0.0,751,0,739,0,0,0,721,0,766,0,736,0,742,0,741,0,712,0,7520,0.032,79993765888.0,0.0,0.0,784,16797,-0.0,162057.094,-114818.039,-0.0,0.133,6.909358625270745e+28,30.0,65.0,35,0.0,0.0,0.0,0.0,0.0,0.0,0.0,0.0,0.0,0.0,0.0,0.0,0.0,0.0,0.0,0.0,69.2,0,150,71,55,65476,0,300,0,1,8,20529,65476,0,0,40632,65.0,0.0,0.0,0.0,0.0,0.0
2026-09-04T20:24:13,ERR,ERR,ERR,ERR,ERR,ERR,ERR,ERR,ERR,ERR,ERR,ERR,ERR,ERR,ERR,ERR,ERR,ERR,ERR,ERR,ERR,ERR,ERR,ERR,ERR,ERR,ERR,ERR,ERR,ERR,ERR,ERR,ERR,ERR,ERR,ERR,ERR,ERR,ERR,ERR,ERR,ERR,ERR,ERR,ERR,ERR,ERR,ERR,ERR,ERR,ERR,ERR,ERR,ERR,ERR,ERR,ERR,ERR,ERR,ERR,ERR,ERR,ERR,ERR,ERR,ERR,ERR,ERR,ERR,ERR,ERR,ERR,ERR,ERR,ERR,ERR,ERR,ERR,ERR,ERR,ERR,ERR,ERR,ERR,ERR,ERR,ERR,ERR,ERR,ERR,ERR,ERR,ERR,ERR,ERR,ERR,ERR,ERR,ERR,ERR,ERR,ERR,ERR,ERR,ERR,ERR,ERR,ERR,ERR,ERR,ERR,ERR,ERR,ERR,ERR,ERR,ERR,ERR,ERR,ERR,ERR,ERR,ERR,ERR,ERR,0.0,2.7184312818759872e+23,-100793952.0,0.0,0.0,1.3936040501711995e+18,7.805,0.0,0,0,4,0,7116,0.0,100,0.0,0.0,0.0,0.0,0.0,0,0,0,0,0.0,0,0,0,0,0,0,0,0,0,0,0,0,0,0,0,0,0,0,0,0,0,0,0,0,0,0,0,0,0,0,0,0,0,31,40,40,71,65476,0,300,0,0,8,21553,0.0,-107605600.0,0.0,0.0,0.0,0.0,0.0,0.0,0.0,0.0,0.0,0.0,0.0,0.0,0.0,0.0,0.0,0.0,0.0,0.0,0.0,0.0,-2.004,-2.004,-2.004,-2.004,0.0,0.0,0.0,0.0,6334.0,-0.0,6932.0,0.0,2.7184312818759872e+23,2.7184303811560617e+23,0.0,0.0,0.0,0.0,0.0,69,1.9056993230651392e+17,-4.950421634474044e+32,0.0,0.0,0.0,0.0,0.0,0.0,0.0,0,0,0,0.0,0.0,0.0,0.0,0.0,0.0,0.0,0.0,0.0,0.0,0.0,0.0,0.0,0.0,0.0,0.0,0,-107875648.0,69,0.0,138,0.0,-109447200.0,0,13107,17040,13107,17049,13107,17043,0,0,0,70,68,100,2.7302359370752657e+23,71.2,0.0,74.2,2.7302370179391762e+23,74.0,1,49,50,180,13107,52429,0,0,0.0,0.0,0.0,0.0,-0.0,67.0,0.0,162057.094,0.0,751,0,739,0,0,0,721,0,766,0,736,0,742,0,741,0,712,0,7520,0.032,79993765888.0,0.0,0.0,784,16797,-0.0,162057.094,-114818.039,-0.0,0.133,6.909358625270745e+28,30.0,65.0,35,0.0,0.0,0.0,0.0,0.0,0.0,0.0,0.0,0.0,0.0,0.0,0.0,0.0,0.0,0.0,0.0,69.2,0,150,71,55,65476,0,300,0,1,8,20529,65476,0,0,40632,65.0,0.0,0.0,0.0,0.0,0.0
2026-09-04T20:24:14,ERR,ERR,ERR,ERR,ERR,ERR,ERR,ERR,ERR,ERR,ERR,ERR,ERR,ERR,ERR,ERR,ERR,ERR,ERR,ERR,ERR,ERR,ERR,ERR,ERR,ERR,ERR,ERR,ERR,ERR,ERR,ERR,ERR,ERR,ERR,ERR,ERR,ERR,ERR,ERR,ERR,ERR,ERR,ERR,ERR,ERR,ERR,ERR,ERR,ERR,ERR,ERR,ERR,ERR,ERR,ERR,ERR,ERR,ERR,ERR,ERR,ERR,ERR,ERR,ERR,ERR,ERR,ERR,ERR,ERR,ERR,ERR,ERR,ERR,ERR,ERR,ERR,ERR,ERR,ERR,ERR,ERR,ERR,ERR,ERR,ERR,ERR,ERR,ERR,ERR,ERR,ERR,ERR,ERR,ERR,ERR,ERR,ERR,ERR,ERR,ERR,ERR,ERR,ERR,ERR,ERR,ERR,ERR,ERR,ERR,ERR,ERR,ERR,ERR,ERR,ERR,ERR,ERR,ERR,ERR,ERR,ERR,ERR,ERR,ERR,0.0,2.7184312818759872e+23,-100793952.0,0.0,0.0,1.3936040501711995e+18,7.805,0.0,0,0,4,0,7116,0.0,100,0.0,0.0,0.0,0.0,0.0,0,0,0,0,0.0,0,0,0,0,0,0,0,0,0,0,0,0,0,0,0,0,0,0,0,0,0,0,0,0,0,0,0,0,0,0,0,0,0,31,40,40,71,65476,0,300,0,0,8,21553,0.0,-107605600.0,0.0,0.0,0.0,0.0,0.0,0.0,0.0,0.0,0.0,0.0,0.0,0.0,0.0,0.0,0.0,0.0,0.0,0.0,0.0,0.0,-2.004,-2.004,-2.004,-2.004,0.0,0.0,0.0,0.0,6334.0,-0.0,6932.0,0.0,2.7184312818759872e+23,2.7184303811560617e+23,0.0,0.0,0.0,0.0,0.0,69,1.9056993230651392e+17,-4.950421634474044e+32,0.0,0.0,0.0,0.0,0.0,0.0,0.0,0,0,0,0.0,0.0,0.0,0.0,0.0,0.0,0.0,0.0,0.0,0.0,0.0,0.0,0.0,0.0,0.0,0.0,0,-107875648.0,69,0.0,138,0.0,-109447200.0,0,13107,17040,13107,17049,13107,17043,0,0,0,70,68,100,2.7302359370752657e+23,71.2,0.0,74.2,2.7302370179391762e+23,74.0,1,49,50,180,13107,52429,0,0,0.0,0.0,0.0,0.0,-0.0,67.0,0.0,162057.094,0.0,751,0,739,0,0,0,721,0,766,0,736,0,742,0,741,0,712,0,7520,0.032,79993765888.0,0.0,0.0,784,16797,-0.0,162057.094,-114818.039,-0.0,0.133,6.909358625270745e+28,30.0,65.0,35,0.0,0.0,0.0,0.0,0.0,0.0,0.0,0.0,0.0,0.0,0.0,0.0,0.0,0.0,0.0,0.0,69.2,0,150,71,55,65476,0,300,0,1,8,20529,65476,0,0,40632,65.0,0.0,0.0,0.0,0.0,0.0
2026-09-04T20:24:15,ERR,ERR,ERR,ERR,ERR,ERR,ERR,ERR,ERR,ERR,ERR,ERR,ERR,ERR,ERR,ERR,ERR,ERR,ERR,ERR,ERR,ERR,ERR,ERR,ERR,ERR,ERR,ERR,ERR,ERR,ERR,ERR,ERR,ERR,ERR,ERR,ERR,ERR,ERR,ERR,ERR,ERR,ERR,ERR,ERR,ERR,ERR,ERR,ERR,ERR,ERR,ERR,ERR,ERR,ERR,ERR,ERR,ERR,ERR,ERR,ERR,ERR,ERR,ERR,ERR,ERR,ERR,ERR,ERR,ERR,ERR,ERR,ERR,ERR,ERR,ERR,ERR,ERR,ERR,ERR,ERR,ERR,ERR,ERR,ERR,ERR,ERR,ERR,ERR,ERR,ERR,ERR,ERR,ERR,ERR,ERR,ERR,ERR,ERR,ERR,ERR,ERR,ERR,ERR,ERR,ERR,ERR,ERR,ERR,ERR,ERR,ERR,ERR,ERR,ERR,ERR,ERR,ERR,ERR,ERR,ERR,ERR,ERR,ERR,ERR,0.0,2.7184312818759872e+23,-100793952.0,0.0,0.0,1.3936040501711995e+18,7.805,0.0,0,0,4,0,7116,0.0,100,0.0,0.0,0.0,0.0,0.0,0,0,0,0,0.0,0,0,0,0,0,0,0,0,0,0,0,0,0,0,0,0,0,0,0,0,0,0,0,0,0,0,0,0,0,0,0,0,0,31,40,40,71,65476,0,300,0,0,8,21553,0.0,-107605600.0,0.0,0.0,0.0,0.0,0.0,0.0,0.0,0.0,0.0,0.0,0.0,0.0,0.0,0.0,0.0,0.0,0.0,0.0,0.0,0.0,-2.004,-2.004,-2.004,-2.004,0.0,0.0,0.0,0.0,6334.0,-0.0,6932.0,0.0,2.7184312818759872e+23,2.7184303811560617e+23,0.0,0.0,0.0,0.0,0.0,69,1.9056993230651392e+17,-4.950421634474044e+32,0.0,0.0,0.0,0.0,0.0,0.0,0.0,0,0,0,0.0,0.0,0.0,0.0,0.0,0.0,0.0,0.0,0.0,0.0,0.0,0.0,0.0,0.0,0.0,0.0,0,-107875648.0,69,0.0,138,0.0,-109447200.0,0,13107,17040,13107,17049,13107,17043,0,0,0,70,68,100,2.7302359370752657e+23,71.2,0.0,74.2,2.7302370179391762e+23,74.0,1,49,50,180,13107,52429,0,0,0.0,0.0,0.0,0.0,-0.0,67.0,0.0,162057.094,0.0,751,0,739,0,0,0,721,0,766,0,736,0,742,0,741,0,712,0,7520,0.032,79993765888.0,0.0,0.0,784,16797,-0.0,162057.094,-114818.039,-0.0,0.133,6.909358625270745e+28,30.0,65.0,35,0.0,0.0,0.0,0.0,0.0,0.0,0.0,0.0,0.0,0.0,0.0,0.0,0.0,0.0,0.0,0.0,69.6,0,150,71,55,65476,0,300,0,1,8,20529,65476,0,0,40632,65.0,0.0,0.0,0.0,0.0,0.0
2026-09-04T20:24:16,ERR,ERR,ERR,ERR,ERR,ERR,ERR,ERR,ERR,ERR,ERR,ERR,ERR,ERR,ERR,ERR,ERR,ERR,ERR,ERR,ERR,ERR,ERR,ERR,ERR,ERR,ERR,ERR,ERR,ERR,ERR,ERR,ERR,ERR,ERR,ERR,ERR,ERR,ERR,ERR,ERR,ERR,ERR,ERR,ERR,ERR,ERR,ERR,ERR,ERR,ERR,ERR,ERR,ERR,ERR,ERR,ERR,ERR,ERR,ERR,ERR,ERR,ERR,ERR,ERR,ERR,ERR,ERR,ERR,ERR,ERR,ERR,ERR,ERR,ERR,ERR,ERR,ERR,ERR,ERR,ERR,ERR,ERR,ERR,ERR,ERR,ERR,ERR,ERR,ERR,ERR,ERR,ERR,ERR,ERR,ERR,ERR,ERR,ERR,ERR,ERR,ERR,ERR,ERR,ERR,ERR,ERR,ERR,ERR,ERR,ERR,ERR,ERR,ERR,ERR,ERR,ERR,ERR,ERR,ERR,ERR,ERR,ERR,ERR,ERR,0.0,2.7184312818759872e+23,-100793952.0,0.0,0.0,1.3936040501711995e+18,7.805,0.0,0,0,4,0,7116,0.0,100,0.0,0.0,0.0,0.0,0.0,0,0,0,0,0.0,0,0,0,0,0,0,0,0,0,0,0,0,0,0,0,0,0,0,0,0,0,0,0,0,0,0,0,0,0,0,0,0,0,31,40,40,71,65476,0,300,0,0,8,21553,0.0,-107605600.0,0.0,0.0,0.0,0.0,0.0,0.0,0.0,0.0,0.0,0.0,0.0,0.0,0.0,0.0,0.0,0.0,0.0,0.0,0.0,0.0,-2.004,-2.004,-2.004,-2.004,0.0,0.0,0.0,0.0,6334.0,-0.0,6932.0,0.0,2.7184312818759872e+23,2.7184303811560617e+23,0.0,0.0,0.0,0.0,0.0,69,1.9056993230651392e+17,-4.950421634474044e+32,0.0,0.0,0.0,0.0,0.0,0.0,0.0,0,0,0,0.0,0.0,0.0,0.0,0.0,0.0,0.0,0.0,0.0,0.0,0.0,0.0,0.0,0.0,0.0,0.0,0,-107875648.0,69,0.0,138,0.0,-109447200.0,0,13107,17040,13107,17049,13107,17043,0,0,0,70,68,100,2.7302359370752657e+23,71.2,0.0,74.2,2.7302370179391762e+23,74.0,1,49,50,180,13107,52429,0,0,0.0,0.0,0.0,0.0,-0.0,67.0,0.0,162057.094,0.0,751,0,739,0,0,0,721,0,766,0,736,0,742,0,741,0,712,0,7520,0.032,79993765888.0,0.0,0.0,784,16797,-0.0,162057.094,-114818.039,-0.0,0.133,6.909358625270745e+28,30.0,65.0,35,0.0,0.0,0.0,0.0,0.0,0.0,0.0,0.0,0.0,0.0,0.0,0.0,0.0,0.0,0.0,0.0,69.6,0,150,71,55,65476,0,300,0,1,8,20529,65476,0,0,40632,65.0,0.0,0.0,0.0,0.0,0.0
2026-09-04T20:24:17,ERR,ERR,ERR,ERR,ERR,ERR,ERR,ERR,ERR,ERR,ERR,ERR,ERR,ERR,ERR,ERR,ERR,ERR,ERR,ERR,ERR,ERR,ERR,ERR,ERR,ERR,ERR,ERR,ERR,ERR,ERR,ERR,ERR,ERR,ERR,ERR,ERR,ERR,ERR,ERR,ERR,ERR,ERR,ERR,ERR,ERR,ERR,ERR,ERR,ERR,ERR,ERR,ERR,ERR,ERR,ERR,ERR,ERR,ERR,ERR,ERR,ERR,ERR,ERR,ERR,ERR,ERR,ERR,ERR,ERR,ERR,ERR,ERR,ERR,ERR,ERR,ERR,ERR,ERR,ERR,ERR,ERR,ERR,ERR,ERR,ERR,ERR,ERR,ERR,ERR,ERR,ERR,ERR,ERR,ERR,ERR,ERR,ERR,ERR,ERR,ERR,ERR,ERR,ERR,ERR,ERR,ERR,ERR,ERR,ERR,ERR,ERR,ERR,ERR,ERR,ERR,ERR,ERR,ERR,ERR,ERR,ERR,ERR,ERR,ERR,0.0,2.7184312818759872e+23,-100793952.0,0.0,0.0,1.3936040501711995e+18,7.805,0.0,0,0,4,0,7116,0.0,100,0.0,0.0,0.0,0.0,0.0,0,0,0,0,0.0,0,0,0,0,0,0,0,0,0,0,0,0,0,0,0,0,0,0,0,0,0,0,0,0,0,0,0,0,0,0,0,0,0,31,40,40,71,65476,0,300,0,0,8,21553,0.0,-107605600.0,0.0,0.0,0.0,0.0,0.0,0.0,0.0,0.0,0.0,0.0,0.0,0.0,0.0,0.0,0.0,0.0,0.0,0.0,0.0,0.0,-2.004,-2.004,-0.0,-2.004,0.0,0.0,0.0,0.0,6272.0,1.0406703326171292e+34,6927.0,0.0,2.7184312818759872e+23,-0.0,0.0,0.0,0.0,0.0,0.0,69,2.7184314620199723e+23,4.066872925269804e+29,0.0,0.0,0.0,0.0,0.0,0.0,0.0,0,0,0,0.0,0.0,0.0,0.0,0.0,0.0,0.0,0.0,0.0,0.0,0.0,0.0,0.0,0.0,0.0,0.0,0,-107875648.0,69,0.0,138,0.0,-109447200.0,0,13107,17040,13107,17049,13107,17043,0,0,0,70,68,100,2.7302359370752657e+23,71.2,0.0,74.2,2.7302370179391762e+23,74.0,1,49,50,180,13107,52429,0,0,0.0,0.0,0.0,0.0,-0.0,67.0,0.0,162057.094,0.0,751,0,739,0,0,0,721,0,766,0,736,0,742,0,741,0,712,0,7520,0.032,79993765888.0,0.0,0.0,784,16797,-0.0,162057.094,-114818.039,-0.0,0.133,6.909358625270745e+28,30.0,65.0,35,0.0,0.0,0.0,0.0,0.0,0.0,0.0,0.0,0.0,0.0,0.0,0.0,0.0,0.0,0.0,0.0,69.6,0,150,71,55,65476,0,300,0,1,8,20529,65476,0,0,40632,65.0,0.0,0.0,0.0,0.0,0.0
2026-09-04T20:24:18,ERR,ERR,ERR,ERR,ERR,ERR,ERR,ERR,ERR,ERR,ERR,ERR,ERR,ERR,ERR,ERR,ERR,ERR,ERR,ERR,ERR,ERR,ERR,ERR,ERR,ERR,ERR,ERR,ERR,ERR,ERR,ERR,ERR,ERR,ERR,ERR,ERR,ERR,ERR,ERR,ERR,ERR,ERR,ERR,ERR,ERR,ERR,ERR,ERR,ERR,ERR,ERR,ERR,ERR,ERR,ERR,ERR,ERR,ERR,ERR,ERR,ERR,ERR,ERR,ERR,ERR,ERR,ERR,ERR,ERR,ERR,ERR,ERR,ERR,ERR,ERR,ERR,ERR,ERR,ERR,ERR,ERR,ERR,ERR,ERR,ERR,ERR,ERR,ERR,ERR,ERR,ERR,ERR,ERR,ERR,ERR,ERR,ERR,ERR,ERR,ERR,ERR,ERR,ERR,ERR,ERR,ERR,ERR,ERR,ERR,ERR,ERR,ERR,ERR,ERR,ERR,ERR,ERR,ERR,ERR,ERR,ERR,ERR,ERR,ERR,0.0,2.7184312818759872e+23,-100793952.0,0.0,0.0,1.3936040501711995e+18,7.805,0.0,0,0,4,0,7116,0.0,100,0.0,0.0,0.0,0.0,0.0,0,0,0,0,0.0,0,0,0,0,0,0,0,0,0,0,0,0,0,0,0,0,0,0,0,0,0,0,0,0,0,0,0,0,0,0,0,0,0,31,40,40,71,65476,0,300,0,0,8,21553,0.0,-107605600.0,0.0,0.0,0.0,0.0,0.0,0.0,0.0,0.0,0.0,0.0,0.0,0.0,0.0,0.0,0.0,0.0,0.0,0.0,0.0,0.0,-2.004,-2.004,-0.0,-2.004,0.0,0.0,0.0,0.0,6272.0,1.0406703326171292e+34,6927.0,0.0,2.7184312818759872e+23,-0.0,0.0,0.0,0.0,0.0,0.0,69,2.7184314620199723e+23,4.066872925269804e+29,0.0,0.0,0.0,0.0,0.0,0.0,0.0,0,0,0,0.0,0.0,0.0,0.0,0.0,0.0,0.0,0.0,0.0,0.0,0.0,0.0,0.0,0.0,0.0,0.0,0,-107875648.0,69,0.0,138,0.0,-109447200.0,0,13107,17040,13107,17049,13107,17043,0,0,0,70,68,100,2.7302359370752657e+23,71.1,2.7302370179391762e+23,74.2,2.7302370179391762e+23,74.0,1,49,50,180,13107,52429,0,0,0.0,0.0,0.0,0.0,-0.0,67.0,0.0,162057.094,0.0,751,0,739,0,0,0,721,0,766,0,736,0,742,0,741,0,712,0,7520,0.032,88046829568.0,0.0,0.0,784,16797,-0.0,162057.094,-114818.039,-0.0,0.133,6.909358625270745e+28,30.0,65.0,35,0.0,0.0,0.0,0.0,0.0,0.0,0.0,0.0,0.0,0.0,0.0,0.0,0.0,0.0,0.0,0.0,69.2,0,150,71,55,65476,0,300,0,1,8,20529,65476,0,0,40632,65.0,0.0,0.0,0.0,0.0,0.0
2026-09-04T20:24:19,ERR,ERR,ERR,ERR,ERR,ERR,ERR,ERR,ERR,ERR,ERR,ERR,ERR,ERR,ERR,ERR,ERR,ERR,ERR,ERR,ERR,ERR,ERR,ERR,ERR,ERR,ERR,ERR,ERR,ERR,ERR,ERR,ERR,ERR,ERR,ERR,ERR,ERR,ERR,ERR,ERR,ERR,ERR,ERR,ERR,ERR,ERR,ERR,ERR,ERR,ERR,ERR,ERR,ERR,ERR,ERR,ERR,ERR,ERR,ERR,ERR,ERR,ERR,ERR,ERR,ERR,ERR,ERR,ERR,ERR,ERR,ERR,ERR,ERR,ERR,ERR,ERR,ERR,ERR,ERR,ERR,ERR,ERR,ERR,ERR,ERR,ERR,ERR,ERR,ERR,ERR,ERR,ERR,ERR,ERR,ERR,ERR,ERR,ERR,ERR,ERR,ERR,ERR,ERR,ERR,ERR,ERR,ERR,ERR,ERR,ERR,ERR,ERR,ERR,ERR,ERR,ERR,ERR,ERR,ERR,ERR,ERR,ERR,ERR,ERR,0.0,2.7184312818759872e+23,-100793952.0,0.0,0.0,1.3936040501711995e+18,7.805,0.0,0,0,4,0,7116,0.0,100,0.0,0.0,0.0,0.0,0.0,0,0,0,0,0.0,0,0,0,0,0,0,0,0,0,0,0,0,0,0,0,0,0,0,0,0,0,0,0,0,0,0,0,0,0,0,0,0,0,31,40,40,71,65476,0,300,0,0,8,21553,0.0,-107605600.0,0.0,0.0,0.0,0.0,0.0,0.0,0.0,0.0,0.0,0.0,0.0,0.0,0.0,0.0,0.0,0.0,0.0,0.0,0.0,0.0,-2.004,-2.004,-0.0,-2.004,0.0,0.0,0.0,0.0,6272.0,1.0406703326171292e+34,6927.0,0.0,2.7184312818759872e+23,-0.0,0.0,0.0,0.0,0.0,0.0,69,2.7184314620199723e+23,4.066872925269804e+29,0.0,0.0,0.0,0.0,0.0,0.0,0.0,0,0,0,0.0,0.0,0.0,0.0,0.0,0.0,0.0,0.0,0.0,0.0,0.0,0.0,0.0,0.0,0.0,0.0,0,-107875648.0,69,0.0,138,0.0,-109447200.0,0,13107,17040,13107,17049,13107,17043,0,0,0,70,68,100,2.7302359370752657e+23,71.1,2.7302370179391762e+23,74.2,2.7302370179391762e+23,74.0,1,49,50,180,13107,52429,0,0,0.0,0.0,0.0,0.0,-0.0,67.0,0.0,162057.094,0.0,751,0,739,0,0,0,721,0,766,0,736,0,742,0,741,0,712,0,7520,0.032,88046829568.0,0.0,0.0,784,16797,-0.0,162057.094,-114818.039,-0.0,0.133,6.909358625270745e+28,30.0,65.0,35,0.0,0.0,0.0,0.0,0.0,0.0,0.0,0.0,0.0,0.0,0.0,0.0,0.0,0.0,0.0,0.0,69.2,0,150,71,55,65476,0,300,0,1,8,20529,65476,0,0,40632,65.0,0.0,0.0,0.0,0.0,0.0
2026-09-04T20:24:20,ERR,ERR,ERR,ERR,ERR,ERR,ERR,ERR,ERR,ERR,ERR,ERR,ERR,ERR,ERR,ERR,ERR,ERR,ERR,ERR,ERR,ERR,ERR,ERR,ERR,ERR,ERR,ERR,ERR,ERR,ERR,ERR,ERR,ERR,ERR,ERR,ERR,ERR,ERR,ERR,ERR,ERR,ERR,ERR,ERR,ERR,ERR,ERR,ERR,ERR,ERR,ERR,ERR,ERR,ERR,ERR,ERR,ERR,ERR,ERR,ERR,ERR,ERR,ERR,ERR,ERR,ERR,ERR,ERR,ERR,ERR,ERR,ERR,ERR,ERR,ERR,ERR,ERR,ERR,ERR,ERR,ERR,ERR,ERR,ERR,ERR,ERR,ERR,ERR,ERR,ERR,ERR,ERR,ERR,ERR,ERR,ERR,ERR,ERR,ERR,ERR,ERR,ERR,ERR,ERR,ERR,ERR,ERR,ERR,ERR,ERR,ERR,ERR,ERR,ERR,ERR,ERR,ERR,ERR,ERR,ERR,ERR,ERR,ERR,ERR,0.0,2.7184312818759872e+23,-100793952.0,0.0,0.0,1.3936040501711995e+18,7.805,0.0,0,0,4,0,7116,0.0,100,0.0,0.0,0.0,0.0,0.0,0,0,0,0,0.0,0,0,0,0,0,0,0,0,0,0,0,0,0,0,0,0,0,0,0,0,0,0,0,0,0,0,0,0,0,0,0,0,0,31,40,40,71,65476,0,300,0,0,8,21553,0.0,-107605600.0,0.0,0.0,0.0,0.0,0.0,0.0,0.0,0.0,0.0,0.0,0.0,0.0,0.0,0.0,0.0,0.0,0.0,0.0,0.0,0.0,-2.004,-2.004,-0.0,-2.004,0.0,0.0,0.0,0.0,6272.0,1.0406703326171292e+34,6927.0,0.0,2.7184312818759872e+23,-0.0,0.0,0.0,0.0,0.0,0.0,69,2.7184314620199723e+23,4.066872925269804e+29,0.0,0.0,0.0,0.0,0.0,0.0,0.0,0,0,0,0.0,0.0,0.0,0.0,0.0,0.0,0.0,0.0,0.0,0.0,0.0,0.0,0.0,0.0,0.0,0.0,0,-107875648.0,69,0.0,138,0.0,-109447200.0,0,13107,17040,13107,17049,13107,17043,0,0,0,70,68,100,2.7302359370752657e+23,71.1,2.7302370179391762e+23,74.2,2.7302370179391762e+23,74.0,1,49,50,180,13107,52429,0,0,0.0,0.0,0.0,0.0,-0.0,67.0,0.0,162057.094,0.0,751,0,739,0,0,0,721,0,766,0,736,0,742,0,741,0,712,0,7520,0.032,88046829568.0,0.0,0.0,784,16797,-0.0,162057.094,-114818.039,-0.0,0.133,6.909358625270745e+28,30.0,65.0,35,0.0,0.0,0.0,0.0,0.0,0.0,0.0,0.0,0.0,0.0,0.0,0.0,0.0,0.0,0.0,0.0,69.2,0,150,71,55,65476,0,300,0,1,8,20529,65476,0,0,40632,65.0,0.0,0.0,0.0,0.0,0.0
2026-09-04T20:24:21,ERR,ERR,ERR,ERR,ERR,ERR,ERR,ERR,ERR,ERR,ERR,ERR,ERR,ERR,ERR,ERR,ERR,ERR,ERR,ERR,ERR,ERR,ERR,ERR,ERR,ERR,ERR,ERR,ERR,ERR,ERR,ERR,ERR,ERR,ERR,ERR,ERR,ERR,ERR,ERR,ERR,ERR,ERR,ERR,ERR,ERR,ERR,ERR,ERR,ERR,ERR,ERR,ERR,ERR,ERR,ERR,ERR,ERR,ERR,ERR,ERR,ERR,ERR,ERR,ERR,ERR,ERR,ERR,ERR,ERR,ERR,ERR,ERR,ERR,ERR,ERR,ERR,ERR,ERR,ERR,ERR,ERR,ERR,ERR,ERR,ERR,ERR,ERR,ERR,ERR,ERR,ERR,ERR,ERR,ERR,ERR,ERR,ERR,ERR,ERR,ERR,ERR,ERR,ERR,ERR,ERR,ERR,ERR,ERR,ERR,ERR,ERR,ERR,ERR,ERR,ERR,ERR,ERR,ERR,ERR,ERR,ERR,ERR,ERR,ERR,0.0,2.7184312818759872e+23,-100793952.0,0.0,0.0,1.3936040501711995e+18,7.805,0.0,0,0,4,0,7116,0.0,100,0.0,0.0,0.0,0.0,0.0,0,0,0,0,0.0,0,0,0,0,0,0,0,0,0,0,0,0,0,0,0,0,0,0,0,0,0,0,0,0,0,0,0,0,0,0,0,0,0,31,40,40,71,65476,0,300,0,0,8,21553,0.0,-107605600.0,0.0,0.0,0.0,0.0,0.0,0.0,0.0,0.0,0.0,0.0,0.0,0.0,0.0,0.0,0.0,0.0,0.0,0.0,0.0,0.0,-2.004,-2.004,-0.0,-2.004,0.0,0.0,0.0,0.0,6272.0,1.0406703326171292e+34,6927.0,0.0,2.7184312818759872e+23,-0.0,0.0,0.0,0.0,0.0,0.0,69,2.7184314620199723e+23,4.066872925269804e+29,0.0,0.0,0.0,0.0,0.0,0.0,0.0,0,0,0,0.0,0.0,0.0,0.0,0.0,0.0,0.0,0.0,0.0,0.0,0.0,0.0,0.0,0.0,0.0,0.0,0,-107875648.0,69,0.0,138,0.0,-109447200.0,0,13107,17040,13107,17049,13107,17043,0,0,0,70,68,100,2.7302359370752657e+23,71.1,2.7302370179391762e+23,74.2,2.7302370179391762e+23,74.0,1,49,50,180,13107,52429,0,0,0.0,0.0,0.0,0.0,-0.0,67.0,0.0,162057.094,0.0,751,0,739,0,0,0,721,0,766,0,736,0,742,0,741,0,712,0,7520,0.032,88046829568.0,0.0,0.0,784,16797,-0.0,162057.094,-114818.039,-0.0,0.133,6.909358625270745e+28,30.0,65.0,35,0.0,0.0,0.0,0.0,0.0,0.0,0.0,0.0,0.0,0.0,0.0,0.0,0.0,0.0,0.0,0.0,69.2,0,150,71,55,65476,0,300,0,1,8,20529,65476,0,0,40632,65.0,0.0,0.0,0.0,0.0,0.0
2026-09-04T20:24:22,ERR,ERR,ERR,ERR,ERR,ERR,ERR,ERR,ERR,ERR,ERR,ERR,ERR,ERR,ERR,ERR,ERR,ERR,ERR,ERR,ERR,ERR,ERR,ERR,ERR,ERR,ERR,ERR,ERR,ERR,ERR,ERR,ERR,ERR,ERR,ERR,ERR,ERR,ERR,ERR,ERR,ERR,ERR,ERR,ERR,ERR,ERR,ERR,ERR,ERR,ERR,ERR,ERR,ERR,ERR,ERR,ERR,ERR,ERR,ERR,ERR,ERR,ERR,ERR,ERR,ERR,ERR,ERR,ERR,ERR,ERR,ERR,ERR,ERR,ERR,ERR,ERR,ERR,ERR,ERR,ERR,ERR,ERR,ERR,ERR,ERR,ERR,ERR,ERR,ERR,ERR,ERR,ERR,ERR,ERR,ERR,ERR,ERR,ERR,ERR,ERR,ERR,ERR,ERR,ERR,ERR,ERR,ERR,ERR,ERR,ERR,ERR,ERR,ERR,ERR,ERR,ERR,ERR,ERR,ERR,ERR,ERR,ERR,ERR,ERR,0.0,2.7184312818759872e+23,-100793952.0,0.0,0.0,1.3936040501711995e+18,7.805,0.0,0,0,4,0,7116,0.0,100,0.0,0.0,0.0,0.0,0.0,0,0,0,0,0.0,0,0,0,0,0,0,0,0,0,0,0,0,0,0,0,0,0,0,0,0,0,0,0,0,0,0,0,0,0,0,0,0,0,31,40,40,71,65476,0,300,0,0,8,21553,0.0,-107605600.0,0.0,0.0,0.0,0.0,0.0,0.0,0.0,0.0,0.0,0.0,0.0,0.0,0.0,0.0,0.0,0.0,0.0,0.0,0.0,0.0,-2.004,-2.004,-0.0,-2.004,0.0,0.0,0.0,0.0,6272.0,1.0406703326171292e+34,6927.0,0.0,2.7184312818759872e+23,-0.0,0.0,0.0,0.0,0.0,0.0,69,2.7184314620199723e+23,4.066872925269804e+29,0.0,0.0,0.0,0.0,0.0,0.0,0.0,0,0,0,0.0,0.0,0.0,0.0,0.0,0.0,0.0,0.0,0.0,0.0,0.0,0.0,0.0,0.0,0.0,0.0,0,-107875648.0,69,0.0,138,0.0,-109447200.0,0,13107,17040,26215,17049,13107,17043,0,0,0,70,68,100,2.7302359370752657e+23,71.1,0.0,74.2,2.7302370179391762e+23,74.0,1,49,50,180,13107,52429,0,0,0.0,0.0,0.0,0.0,-0.0,67.0,0.0,162057.094,0.0,751,0,739,0,0,0,721,0,766,0,736,0,742,0,742,0,712,0,7520,0.032,85362475008.0,0.0,0.0,784,16797,-0.0,162057.094,-114818.039,-0.0,0.133,6.909358625270745e+28,30.0,65.0,35,0.0,0.0,0.0,0.0,0.0,0.0,0.0,0.0,0.0,0.0,0.0,0.0,0.0,0.0,0.0,0.0,69.2,0,150,71,55,65476,0,300,0,1,8,20529,65476,0,0,40632,65.0,0.0,0.0,0.0,0.0,0.0
2026-09-04T20:24:23,ERR,ERR,ERR,ERR,ERR,ERR,ERR,ERR,ERR,ERR,ERR,ERR,ERR,ERR,ERR,ERR,ERR,ERR,ERR,ERR,ERR,ERR,ERR,ERR,ERR,ERR,ERR,ERR,ERR,ERR,ERR,ERR,ERR,ERR,ERR,ERR,ERR,ERR,ERR,ERR,ERR,ERR,ERR,ERR,ERR,ERR,ERR,ERR,ERR,ERR,ERR,ERR,ERR,ERR,ERR,ERR,ERR,ERR,ERR,ERR,ERR,ERR,ERR,ERR,ERR,ERR,ERR,ERR,ERR,ERR,ERR,ERR,ERR,ERR,ERR,ERR,ERR,ERR,ERR,ERR,ERR,ERR,ERR,ERR,ERR,ERR,ERR,ERR,ERR,ERR,ERR,ERR,ERR,ERR,ERR,ERR,ERR,ERR,ERR,ERR,ERR,ERR,ERR,ERR,ERR,ERR,ERR,ERR,ERR,ERR,ERR,ERR,ERR,ERR,ERR,ERR,ERR,ERR,ERR,ERR,ERR,ERR,ERR,ERR,ERR,0.0,2.7184312818759872e+23,-100793952.0,0.0,0.0,1.3936040501711995e+18,7.805,0.0,0,0,4,0,7116,0.0,100,0.0,0.0,0.0,0.0,0.0,0,0,0,0,0.0,0,0,0,0,0,0,0,0,0,0,0,0,0,0,0,0,0,0,0,0,0,0,0,0,0,0,0,0,0,0,0,0,0,31,40,40,71,65476,0,300,0,0,8,21553,0.0,-107605600.0,0.0,0.0,0.0,0.0,0.0,0.0,0.0,0.0,0.0,0.0,0.0,0.0,0.0,0.0,0.0,0.0,0.0,0.0,0.0,0.0,-2.004,-2.004,-0.0,-2.004,0.0,0.0,0.0,0.0,6272.0,1.0406703326171292e+34,6927.0,0.0,2.7184312818759872e+23,-0.0,0.0,0.0,0.0,0.0,0.0,69,2.7184314620199723e+23,4.066872925269804e+29,0.0,0.0,0.0,0.0,0.0,0.0,0.0,0,0,0,0.0,0.0,0.0,0.0,0.0,0.0,0.0,0.0,0.0,0.0,0.0,0.0,0.0,0.0,0.0,0.0,0,-107875648.0,69,0.0,138,0.0,-109447200.0,0,13107,17040,26215,17049,13107,17043,0,0,0,70,68,100,2.7302359370752657e+23,71.1,0.0,74.2,2.7302370179391762e+23,74.0,1,49,50,180,13107,52429,0,0,0.0,0.0,0.0,0.0,-0.0,67.0,0.0,162057.094,0.0,751,0,739,0,0,0,721,0,766,0,736,0,742,0,742,0,712,0,7520,0.032,85362475008.0,0.0,0.0,784,16797,-0.0,162057.094,-114818.039,-0.0,0.133,6.909358625270745e+28,30.0,65.0,35,0.0,0.0,0.0,0.0,0.0,0.0,0.0,0.0,0.0,0.0,0.0,0.0,0.0,0.0,0.0,0.0,69.2,0,150,71,55,65476,0,300,0,1,8,20529,65476,0,0,40632,65.0,0.0,0.0,0.0,0.0,0.0
2026-09-04T20:24:24,ERR,ERR,ERR,ERR,ERR,ERR,ERR,ERR,ERR,ERR,ERR,ERR,ERR,ERR,ERR,ERR,ERR,ERR,ERR,ERR,ERR,ERR,ERR,ERR,ERR,ERR,ERR,ERR,ERR,ERR,ERR,ERR,ERR,ERR,ERR,ERR,ERR,ERR,ERR,ERR,ERR,ERR,ERR,ERR,ERR,ERR,ERR,ERR,ERR,ERR,ERR,ERR,ERR,ERR,ERR,ERR,ERR,ERR,ERR,ERR,ERR,ERR,ERR,ERR,ERR,ERR,ERR,ERR,ERR,ERR,ERR,ERR,ERR,ERR,ERR,ERR,ERR,ERR,ERR,ERR,ERR,ERR,ERR,ERR,ERR,ERR,ERR,ERR,ERR,ERR,ERR,ERR,ERR,ERR,ERR,ERR,ERR,ERR,ERR,ERR,ERR,ERR,ERR,ERR,ERR,ERR,ERR,ERR,ERR,ERR,ERR,ERR,ERR,ERR,ERR,ERR,ERR,ERR,ERR,ERR,ERR,ERR,ERR,ERR,ERR,0.0,2.7184312818759872e+23,-100793952.0,0.0,0.0,1.3936040501711995e+18,7.805,0.0,0,0,4,0,7116,0.0,100,0.0,0.0,0.0,0.0,0.0,0,0,0,0,0.0,0,0,0,0,0,0,0,0,0,0,0,0,0,0,0,0,0,0,0,0,0,0,0,0,0,0,0,0,0,0,0,0,0,31,40,40,71,65476,0,300,0,0,8,21553,0.0,-107605600.0,0.0,0.0,0.0,0.0,0.0,0.0,0.0,0.0,0.0,0.0,0.0,0.0,0.0,0.0,0.0,0.0,0.0,0.0,0.0,0.0,-2.004,-2.004,-0.0,0.0,0.0,0.0,0.0,0.0,6267.0,-0.0,6934.0,0.0,2.7184312818759872e+23,2.7184303811560617e+23,0.0,0.0,0.0,0.0,0.0,69,152018589057024.0,126840946688.0,0.0,0.0,0.0,0.0,0.0,0.0,0.0,0,0,0,0.0,0.0,0.0,0.0,0.0,0.0,0.0,0.0,0.0,0.0,0.0,0.0,0.0,0.0,0.0,0.0,0,-107875648.0,69,0.0,138,0.0,-109447200.0,0,13107,17040,26215,17049,13107,17043,0,0,0,70,68,100,2.7302359370752657e+23,71.1,0.0,74.2,2.7302370179391762e+23,74.0,1,49,50,180,13107,52429,0,0,0.0,0.0,0.0,0.0,-0.0,67.0,0.0,162057.094,0.0,751,0,739,0,0,0,721,0,766,0,736,0,742,0,742,0,712,0,7520,0.032,85362475008.0,0.0,0.0,784,16797,-0.0,162057.094,-114818.039,-0.0,0.133,6.909358625270745e+28,30.0,65.0,35,0.0,0.0,0.0,0.0,0.0,0.0,0.0,0.0,0.0,0.0,0.0,0.0,0.0,0.0,0.0,0.0,69.2,0,150,71,55,65476,0,300,0,1,8,20529,65476,0,0,40632,65.0,0.0,0.0,0.0,0.0,0.0
2026-09-04T20:24:25,ERR,ERR,ERR,ERR,ERR,ERR,ERR,ERR,ERR,ERR,ERR,ERR,ERR,ERR,ERR,ERR,ERR,ERR,ERR,ERR,ERR,ERR,ERR,ERR,ERR,ERR,ERR,ERR,ERR,ERR,ERR,ERR,ERR,ERR,ERR,ERR,ERR,ERR,ERR,ERR,ERR,ERR,ERR,ERR,ERR,ERR,ERR,ERR,ERR,ERR,ERR,ERR,ERR,ERR,ERR,ERR,ERR,ERR,ERR,ERR,ERR,ERR,ERR,ERR,ERR,ERR,ERR,ERR,ERR,ERR,ERR,ERR,ERR,ERR,ERR,ERR,ERR,ERR,ERR,ERR,ERR,ERR,ERR,ERR,ERR,ERR,ERR,ERR,ERR,ERR,ERR,ERR,ERR,ERR,ERR,ERR,ERR,ERR,ERR,ERR,ERR,ERR,ERR,ERR,ERR,ERR,ERR,ERR,ERR,ERR,ERR,ERR,ERR,ERR,ERR,ERR,ERR,ERR,ERR,ERR,ERR,ERR,ERR,ERR,ERR,0.0,2.7184312818759872e+23,-100793952.0,0.0,0.0,1.3936040501711995e+18,7.805,0.0,0,0,4,0,7116,0.0,100,0.0,0.0,0.0,0.0,0.0,0,0,0,0,0.0,0,0,0,0,0,0,0,0,0,0,0,0,0,0,0,0,0,0,0,0,0,0,0,0,0,0,0,0,0,0,0,0,0,31,40,40,71,65476,0,300,0,0,8,21553,0.0,-107605600.0,0.0,0.0,0.0,0.0,0.0,0.0,0.0,0.0,0.0,0.0,0.0,0.0,0.0,0.0,0.0,0.0,0.0,0.0,0.0,0.0,-2.004,-2.004,-0.0,0.0,0.0,0.0,0.0,0.0,6267.0,-0.0,6934.0,0.0,2.7184312818759872e+23,2.7184303811560617e+23,0.0,0.0,0.0,0.0,0.0,69,152018589057024.0,126840946688.0,0.0,0.0,0.0,0.0,0.0,0.0,0.0,0,0,0,0.0,0.0,0.0,0.0,0.0,0.0,0.0,0.0,0.0,0.0,0.0,0.0,0.0,0.0,0.0,0.0,0,-107875648.0,69,0.0,138,0.0,-109447200.0,0,13107,17040,26215,17049,13107,17043,0,0,0,70,68,100,2.7302359370752657e+23,71.1,0.0,74.2,2.7302370179391762e+23,74.0,1,49,50,180,13107,52429,0,0,0.0,0.0,0.0,0.0,-0.0,67.0,0.0,162057.094,0.0,751,0,739,0,0,0,721,0,766,0,736,0,742,0,742,0,712,0,7520,0.032,85362475008.0,0.0,0.0,784,16797,-0.0,162057.094,-114818.039,-0.0,0.133,6.909358625270745e+28,30.0,65.0,35,0.0,0.0,0.0,0.0,0.0,0.0,0.0,0.0,0.0,0.0,0.0,0.0,0.0,0.0,0.0,0.0,69.2,0,150,71,55,65476,0,300,0,1,8,20529,65476,0,0,40632,65.0,0.0,0.0,0.0,0.0,0.0
2026-09-04T20:24:26,ERR,ERR,ERR,ERR,ERR,ERR,ERR,ERR,ERR,ERR,ERR,ERR,ERR,ERR,ERR,ERR,ERR,ERR,ERR,ERR,ERR,ERR,ERR,ERR,ERR,ERR,ERR,ERR,ERR,ERR,ERR,ERR,ERR,ERR,ERR,ERR,ERR,ERR,ERR,ERR,ERR,ERR,ERR,ERR,ERR,ERR,ERR,ERR,ERR,ERR,ERR,ERR,ERR,ERR,ERR,ERR,ERR,ERR,ERR,ERR,ERR,ERR,ERR,ERR,ERR,ERR,ERR,ERR,ERR,ERR,ERR,ERR,ERR,ERR,ERR,ERR,ERR,ERR,ERR,ERR,ERR,ERR,ERR,ERR,ERR,ERR,ERR,ERR,ERR,ERR,ERR,ERR,ERR,ERR,ERR,ERR,ERR,ERR,ERR,ERR,ERR,ERR,ERR,ERR,ERR,ERR,ERR,ERR,ERR,ERR,ERR,ERR,ERR,ERR,ERR,ERR,ERR,ERR,ERR,ERR,ERR,ERR,ERR,ERR,ERR,0.0,2.7184312818759872e+23,-100793952.0,0.0,0.0,1.3936040501711995e+18,7.805,0.0,0,0,4,0,7116,0.0,100,0.0,0.0,0.0,0.0,0.0,0,0,0,0,0.0,0,0,0,0,0,0,0,0,0,0,0,0,0,0,0,0,0,0,0,0,0,0,0,0,0,0,0,0,0,0,0,0,0,31,40,40,71,65476,0,300,0,0,8,21553,0.0,-107605600.0,0.0,0.0,0.0,0.0,0.0,0.0,0.0,0.0,0.0,0.0,0.0,0.0,0.0,0.0,0.0,0.0,0.0,0.0,0.0,0.0,-2.004,-2.004,-0.0,0.0,0.0,0.0,0.0,0.0,6267.0,-0.0,6934.0,0.0,2.7184312818759872e+23,2.7184303811560617e+23,0.0,0.0,0.0,0.0,0.0,69,152018589057024.0,126840946688.0,0.0,0.0,0.0,0.0,0.0,0.0,0.0,0,0,0,0.0,0.0,0.0,0.0,0.0,0.0,0.0,0.0,0.0,0.0,0.0,0.0,0.0,0.0,0.0,0.0,0,-107875648.0,69,0.0,138,0.0,-109447200.0,0,13107,17040,26215,17049,13107,17043,0,0,0,70,68,100,2.7302359370752657e+23,71.1,0.0,74.2,2.7302370179391762e+23,74.0,1,49,50,180,13107,52429,0,0,0.0,0.0,0.0,0.0,-0.0,67.0,0.0,162057.094,0.0,751,0,739,0,0,0,721,0,766,0,736,0,742,0,742,0,712,0,7520,0.032,85362475008.0,0.0,0.0,784,16797,-0.0,162057.094,-114818.039,-0.0,0.133,6.909358625270745e+28,30.0,65.0,35,0.0,0.0,0.0,0.0,0.0,0.0,0.0,0.0,0.0,0.0,0.0,0.0,0.0,0.0,0.0,0.0,69.2,0,150,71,55,65476,0,300,0,1,8,20529,65476,0,0,40632,65.0,0.0,0.0,0.0,0.0,0.0
2026-09-04T20:24:27,ERR,ERR,ERR,ERR,ERR,ERR,ERR,ERR,ERR,ERR,ERR,ERR,ERR,ERR,ERR,ERR,ERR,ERR,ERR,ERR,ERR,ERR,ERR,ERR,ERR,ERR,ERR,ERR,ERR,ERR,ERR,ERR,ERR,ERR,ERR,ERR,ERR,ERR,ERR,ERR,ERR,ERR,ERR,ERR,ERR,ERR,ERR,ERR,ERR,ERR,ERR,ERR,ERR,ERR,ERR,ERR,ERR,ERR,ERR,ERR,ERR,ERR,ERR,ERR,ERR,ERR,ERR,ERR,ERR,ERR,ERR,ERR,ERR,ERR,ERR,ERR,ERR,ERR,ERR,ERR,ERR,ERR,ERR,ERR,ERR,ERR,ERR,ERR,ERR,ERR,ERR,ERR,ERR,ERR,ERR,ERR,ERR,ERR,ERR,ERR,ERR,ERR,ERR,ERR,ERR,ERR,ERR,ERR,ERR,ERR,ERR,ERR,ERR,ERR,ERR,ERR,ERR,ERR,ERR,ERR,ERR,ERR,ERR,ERR,ERR,0.0,2.7184312818759872e+23,-100793952.0,0.0,0.0,1.3936040501711995e+18,7.805,0.0,0,0,4,0,7116,0.0,100,0.0,0.0,0.0,0.0,0.0,0,0,0,0,0.0,0,0,0,0,0,0,0,0,0,0,0,0,0,0,0,0,0,0,0,0,0,0,0,0,0,0,0,0,0,0,0,0,0,31,40,40,71,65476,0,300,0,0,8,21553,0.0,-107605600.0,0.0,0.0,0.0,0.0,0.0,0.0,0.0,0.0,0.0,0.0,0.0,0.0,0.0,0.0,0.0,0.0,0.0,0.0,0.0,0.0,-2.004,-2.004,-0.0,0.0,0.0,0.0,0.0,0.0,6267.0,-0.0,6934.0,0.0,2.7184312818759872e+23,2.7184303811560617e+23,0.0,0.0,0.0,0.0,0.0,69,152018589057024.0,126840946688.0,0.0,0.0,0.0,0.0,0.0,0.0,0.0,0,0,0,0.0,0.0,0.0,0.0,0.0,0.0,0.0,0.0,0.0,0.0,0.0,0.0,0.0,0.0,0.0,0.0,0,-107875648.0,69,0.0,138,0.0,-109447200.0,0,13107,17040,26215,17049,13107,17043,0,0,0,70,68,100,2.7302359370752657e+23,71.1,0.0,74.2,2.7302370179391762e+23,74.0,1,49,50,180,13107,52429,0,0,0.0,0.0,0.0,0.0,-0.0,67.0,0.0,162057.094,0.0,751,0,739,0,0,0,721,0,766,0,736,0,742,0,742,0,712,0,7520,0.032,85362475008.0,0.0,0.0,784,16797,-0.0,162057.094,-114818.039,-0.0,0.133,6.909358625270745e+28,30.0,65.0,35,0.0,0.0,0.0,0.0,0.0,0.0,0.0,0.0,0.0,0.0,0.0,0.0,0.0,0.0,0.0,0.0,69.2,0,150,71,55,65476,0,300,0,1,8,20529,65476,0,0,40632,65.0,0.0,0.0,0.0,0.0,0.0
2026-09-04T20:24:28,ERR,ERR,ERR,ERR,ERR,ERR,ERR,ERR,ERR,ERR,ERR,ERR,ERR,ERR,ERR,ERR,ERR,ERR,ERR,ERR,ERR,ERR,ERR,ERR,ERR,ERR,ERR,ERR,ERR,ERR,ERR,ERR,ERR,ERR,ERR,ERR,ERR,ERR,ERR,ERR,ERR,ERR,ERR,ERR,ERR,ERR,ERR,ERR,ERR,ERR,ERR,ERR,ERR,ERR,ERR,ERR,ERR,ERR,ERR,ERR,ERR,ERR,ERR,ERR,ERR,ERR,ERR,ERR,ERR,ERR,ERR,ERR,ERR,ERR,ERR,ERR,ERR,ERR,ERR,ERR,ERR,ERR,ERR,ERR,ERR,ERR,ERR,ERR,ERR,ERR,ERR,ERR,ERR,ERR,ERR,ERR,ERR,ERR,ERR,ERR,ERR,ERR,ERR,ERR,ERR,ERR,ERR,ERR,ERR,ERR,ERR,ERR,ERR,ERR,ERR,ERR,ERR,ERR,ERR,ERR,ERR,ERR,ERR,ERR,ERR,0.0,2.7184312818759872e+23,-100793952.0,0.0,0.0,1.3936040501711995e+18,7.805,0.0,0,0,4,0,7116,0.0,100,0.0,0.0,0.0,0.0,0.0,0,0,0,0,0.0,0,0,0,0,0,0,0,0,0,0,0,0,0,0,0,0,0,0,0,0,0,0,0,0,0,0,0,0,0,0,0,0,0,31,40,40,71,65476,0,300,0,0,8,21553,0.0,-107605600.0,0.0,0.0,0.0,0.0,0.0,0.0,0.0,0.0,0.0,0.0,0.0,0.0,0.0,0.0,0.0,0.0,0.0,0.0,0.0,0.0,-2.004,-2.004,-0.0,0.0,0.0,0.0,0.0,0.0,6267.0,-0.0,6934.0,0.0,2.7184312818759872e+23,2.7184303811560617e+23,0.0,0.0,0.0,0.0,0.0,69,152018589057024.0,126840946688.0,0.0,0.0,0.0,0.0,0.0,0.0,0.0,0,0,0,0.0,0.0,0.0,0.0,0.0,0.0,0.0,0.0,0.0,0.0,0.0,0.0,0.0,0.0,0.0,0.0,0,-107875648.0,69,0.0,138,0.0,-109447200.0,0,13107,17040,13107,17049,13107,17043,0,0,0,70,68,100,2.7302359370752657e+23,71.2,2.7302370179391762e+23,74.2,2.7302370179391762e+23,74.0,1,49,50,180,13107,52429,0,0,0.0,0.0,0.0,0.0,-0.0,67.0,0.0,162057.094,0.0,751,0,739,0,0,0,721,0,766,0,736,0,742,0,742,0,712,0,7520,0.032,91268055040.0,0.0,0.0,784,16797,-0.0,162057.094,-114818.039,-0.0,0.133,6.909358625270745e+28,30.0,65.0,35,0.0,0.0,0.0,0.0,0.0,0.0,0.0,0.0,0.0,0.0,0.0,0.0,0.0,0.0,0.0,0.0,69.2,0,150,71,55,65476,0,300,0,1,8,20529,65476,0,0,40632,65.0,0.0,0.0,0.0,0.0,0.0
2026-09-04T20:24:29,ERR,ERR,ERR,ERR,ERR,ERR,ERR,ERR,ERR,ERR,ERR,ERR,ERR,ERR,ERR,ERR,ERR,ERR,ERR,ERR,ERR,ERR,ERR,ERR,ERR,ERR,ERR,ERR,ERR,ERR,ERR,ERR,ERR,ERR,ERR,ERR,ERR,ERR,ERR,ERR,ERR,ERR,ERR,ERR,ERR,ERR,ERR,ERR,ERR,ERR,ERR,ERR,ERR,ERR,ERR,ERR,ERR,ERR,ERR,ERR,ERR,ERR,ERR,ERR,ERR,ERR,ERR,ERR,ERR,ERR,ERR,ERR,ERR,ERR,ERR,ERR,ERR,ERR,ERR,ERR,ERR,ERR,ERR,ERR,ERR,ERR,ERR,ERR,ERR,ERR,ERR,ERR,ERR,ERR,ERR,ERR,ERR,ERR,ERR,ERR,ERR,ERR,ERR,ERR,ERR,ERR,ERR,ERR,ERR,ERR,ERR,ERR,ERR,ERR,ERR,ERR,ERR,ERR,ERR,ERR,ERR,ERR,ERR,ERR,ERR,0.0,2.7184312818759872e+23,-100793952.0,0.0,0.0,1.3936040501711995e+18,7.805,0.0,0,0,4,0,7116,0.0,100,0.0,0.0,0.0,0.0,0.0,0,0,0,0,0.0,0,0,0,0,0,0,0,0,0,0,0,0,0,0,0,0,0,0,0,0,0,0,0,0,0,0,0,0,0,0,0,0,0,31,40,40,71,65476,0,300,0,0,8,21553,0.0,-107605600.0,0.0,0.0,0.0,0.0,0.0,0.0,0.0,0.0,0.0,0.0,0.0,0.0,0.0,0.0,0.0,0.0,0.0,0.0,0.0,0.0,-2.004,-2.004,-0.0,0.0,0.0,0.0,0.0,0.0,6267.0,-0.0,6934.0,0.0,2.7184312818759872e+23,2.7184303811560617e+23,0.0,0.0,0.0,0.0,0.0,69,152018589057024.0,126840946688.0,0.0,0.0,0.0,0.0,0.0,0.0,0.0,0,0,0,0.0,0.0,0.0,0.0,0.0,0.0,0.0,0.0,0.0,0.0,0.0,0.0,0.0,0.0,0.0,0.0,0,-107875648.0,69,0.0,138,0.0,-109447200.0,0,13107,17040,13107,17049,13107,17043,0,0,0,70,68,100,2.7302359370752657e+23,71.2,2.7302370179391762e+23,74.2,2.7302370179391762e+23,74.0,1,49,50,180,13107,52429,0,0,0.0,0.0,0.0,0.0,-0.0,67.0,0.0,162057.094,0.0,751,0,739,0,0,0,721,0,766,0,736,0,742,0,742,0,712,0,7520,0.032,91268055040.0,0.0,0.0,784,16797,-0.0,162057.094,-114818.039,-0.0,0.133,6.909358625270745e+28,30.0,65.0,35,0.0,0.0,0.0,0.0,0.0,0.0,0.0,0.0,0.0,0.0,0.0,0.0,0.0,0.0,0.0,0.0,69.2,0,150,71,55,65476,0,300,0,1,8,20529,65476,0,0,40632,65.0,0.0,0.0,0.0,0.0,0.0
2026-09-04T20:24:30,ERR,ERR,ERR,ERR,ERR,ERR,ERR,ERR,ERR,ERR,ERR,ERR,ERR,ERR,ERR,ERR,ERR,ERR,ERR,ERR,ERR,ERR,ERR,ERR,ERR,ERR,ERR,ERR,ERR,ERR,ERR,ERR,ERR,ERR,ERR,ERR,ERR,ERR,ERR,ERR,ERR,ERR,ERR,ERR,ERR,ERR,ERR,ERR,ERR,ERR,ERR,ERR,ERR,ERR,ERR,ERR,ERR,ERR,ERR,ERR,ERR,ERR,ERR,ERR,ERR,ERR,ERR,ERR,ERR,ERR,ERR,ERR,ERR,ERR,ERR,ERR,ERR,ERR,ERR,ERR,ERR,ERR,ERR,ERR,ERR,ERR,ERR,ERR,ERR,ERR,ERR,ERR,ERR,ERR,ERR,ERR,ERR,ERR,ERR,ERR,ERR,ERR,ERR,ERR,ERR,ERR,ERR,ERR,ERR,ERR,ERR,ERR,ERR,ERR,ERR,ERR,ERR,ERR,ERR,ERR,ERR,ERR,ERR,ERR,ERR,0.0,2.7184312818759872e+23,-100793952.0,0.0,0.0,1.3936040501711995e+18,7.805,0.0,0,0,4,0,7116,0.0,100,0.0,0.0,0.0,0.0,0.0,0,0,0,0,0.0,0,0,0,0,0,0,0,0,0,0,0,0,0,0,0,0,0,0,0,0,0,0,0,0,0,0,0,0,0,0,0,0,0,31,40,40,71,65476,0,300,0,0,8,21553,0.0,-107605600.0,0.0,0.0,0.0,0.0,0.0,0.0,0.0,0.0,0.0,0.0,0.0,0.0,0.0,0.0,0.0,0.0,0.0,0.0,0.0,0.0,-2.004,-2.004,-0.0,0.0,0.0,0.0,0.0,0.0,6267.0,-0.0,6934.0,0.0,2.7184312818759872e+23,2.7184303811560617e+23,0.0,0.0,0.0,0.0,0.0,69,152018589057024.0,126840946688.0,0.0,0.0,0.0,0.0,0.0,0.0,0.0,0,0,0,0.0,0.0,0.0,0.0,0.0,0.0,0.0,0.0,0.0,0.0,0.0,0.0,0.0,0.0,0.0,0.0,0,-107875648.0,69,0.0,138,0.0,-109447200.0,0,13107,17040,13107,17049,13107,17043,0,0,0,70,68,100,2.7302359370752657e+23,71.2,2.7302370179391762e+23,74.2,2.7302370179391762e+23,74.0,1,49,50,180,13107,52429,0,0,0.0,0.0,0.0,0.0,-0.0,67.0,0.0,162057.094,0.0,751,0,739,0,0,0,721,0,766,0,736,0,742,0,742,0,712,0,7520,0.032,91268055040.0,0.0,0.0,784,16797,-0.0,162057.094,-114818.039,-0.0,0.133,6.909358625270745e+28,30.0,65.0,35,0.0,0.0,0.0,0.0,0.0,0.0,0.0,0.0,0.0,0.0,0.0,0.0,0.0,0.0,0.0,0.0,69.6,0,150,71,55,65476,0,300,0,1,8,20529,65476,0,0,40632,65.0,0.0,0.0,0.0,0.0,0.0
2026-09-04T20:24:31,ERR,ERR,ERR,ERR,ERR,ERR,ERR,ERR,ERR,ERR,ERR,ERR,ERR,ERR,ERR,ERR,ERR,ERR,ERR,ERR,ERR,ERR,ERR,ERR,ERR,ERR,ERR,ERR,ERR,ERR,ERR,ERR,ERR,ERR,ERR,ERR,ERR,ERR,ERR,ERR,ERR,ERR,ERR,ERR,ERR,ERR,ERR,ERR,ERR,ERR,ERR,ERR,ERR,ERR,ERR,ERR,ERR,ERR,ERR,ERR,ERR,ERR,ERR,ERR,ERR,ERR,ERR,ERR,ERR,ERR,ERR,ERR,ERR,ERR,ERR,ERR,ERR,ERR,ERR,ERR,ERR,ERR,ERR,ERR,ERR,ERR,ERR,ERR,ERR,ERR,ERR,ERR,ERR,ERR,ERR,ERR,ERR,ERR,ERR,ERR,ERR,ERR,ERR,ERR,ERR,ERR,ERR,ERR,ERR,ERR,ERR,ERR,ERR,ERR,ERR,ERR,ERR,ERR,ERR,ERR,ERR,ERR,ERR,ERR,ERR,0.0,2.7184312818759872e+23,-100793952.0,0.0,0.0,1.3936040501711995e+18,7.805,0.0,0,0,4,0,7116,0.0,100,0.0,0.0,0.0,0.0,0.0,0,0,0,0,0.0,0,0,0,0,0,0,0,0,0,0,0,0,0,0,0,0,0,0,0,0,0,0,0,0,0,0,0,0,0,0,0,0,0,31,40,40,71,65476,0,300,0,0,8,21553,0.0,-107605600.0,0.0,0.0,0.0,0.0,0.0,0.0,0.0,0.0,0.0,0.0,0.0,0.0,0.0,0.0,0.0,0.0,0.0,0.0,0.0,0.0,-2.004,-0.0,-2.004,-2.004,0.0,0.0,0.0,0.0,6267.0,2.004,6920.0,0.0,2.7184312818759872e+23,-0.0,0.0,0.0,0.0,0.0,0.0,69,71.63,-3.22202084505296e+26,0.0,0.0,0.0,0.0,0.0,0.0,0.0,0,0,0,0.0,0.0,0.0,0.0,0.0,0.0,0.0,0.0,0.0,0.0,0.0,0.0,0.0,0.0,0.0,0.0,0,-107875648.0,69,0.0,138,0.0,0.0,0,13107,17040,13107,17049,13107,17043,0,0,0,70,68,100,2.7302359370752657e+23,71.2,2.7302370179391762e+23,74.2,2.7302370179391762e+23,74.0,1,49,50,180,13107,52429,0,0,0.0,0.0,0.0,0.0,-0.0,67.0,0.0,162057.094,0.0,751,0,739,0,0,0,721,0,766,0,736,0,742,0,742,0,712,0,7520,0.032,91268055040.0,0.0,0.0,784,16797,-0.0,162057.094,-114818.039,-0.0,0.133,6.909358625270745e+28,30.0,65.0,35,0.0,0.0,0.0,0.0,0.0,0.0,0.0,0.0,0.0,0.0,0.0,0.0,0.0,0.0,0.0,0.0,69.6,0,150,71,55,65476,0,300,0,1,8,20529,65476,0,0,40632,65.0,0.0,0.0,0.0,0.0,0.0
2026-09-04T20:24:32,ERR,ERR,ERR,ERR,ERR,ERR,ERR,ERR,ERR,ERR,ERR,ERR,ERR,ERR,ERR,ERR,ERR,ERR,ERR,ERR,ERR,ERR,ERR,ERR,ERR,ERR,ERR,ERR,ERR,ERR,ERR,ERR,ERR,ERR,ERR,ERR,ERR,ERR,ERR,ERR,ERR,ERR,ERR,ERR,ERR,ERR,ERR,ERR,ERR,ERR,ERR,ERR,ERR,ERR,ERR,ERR,ERR,ERR,ERR,ERR,ERR,ERR,ERR,ERR,ERR,ERR,ERR,ERR,ERR,ERR,ERR,ERR,ERR,ERR,ERR,ERR,ERR,ERR,ERR,ERR,ERR,ERR,ERR,ERR,ERR,ERR,ERR,ERR,ERR,ERR,ERR,ERR,ERR,ERR,ERR,ERR,ERR,ERR,ERR,ERR,ERR,ERR,ERR,ERR,ERR,ERR,ERR,ERR,ERR,ERR,ERR,ERR,ERR,ERR,ERR,ERR,ERR,ERR,ERR,ERR,ERR,ERR,ERR,ERR,ERR,0.0,2.7184312818759872e+23,-100793952.0,0.0,0.0,1.3936040501711995e+18,7.805,0.0,0,0,4,0,7116,0.0,100,0.0,0.0,0.0,0.0,0.0,0,0,0,0,0.0,0,0,0,0,0,0,0,0,0,0,0,0,0,0,0,0,0,0,0,0,0,0,0,0,0,0,0,0,0,0,0,0,0,31,40,40,71,65476,0,300,0,0,8,21553,0.0,-107605600.0,0.0,0.0,0.0,0.0,0.0,0.0,0.0,0.0,0.0,0.0,0.0,0.0,0.0,0.0,0.0,0.0,0.0,0.0,0.0,0.0,-2.004,-0.0,-2.004,-2.004,0.0,0.0,0.0,0.0,6267.0,2.004,6920.0,0.0,2.7184312818759872e+23,-0.0,0.0,0.0,0.0,0.0,0.0,69,71.63,-3.22202084505296e+26,0.0,0.0,0.0,0.0,0.0,0.0,0.0,0,0,0,0.0,0.0,0.0,0.0,0.0,0.0,0.0,0.0,0.0,0.0,0.0,0.0,0.0,0.0,0.0,0.0,0,-107875648.0,69,0.0,138,0.0,0.0,0,13107,17040,13107,17049,13107,17043,0,0,0,70,68,100,2.7302359370752657e+23,71.2,2.7302370179391762e+23,74.2,2.7302370179391762e+23,74.0,1,49,50,180,13107,52429,0,0,0.0,0.0,0.0,0.0,-0.0,67.0,0.0,162057.094,0.0,751,0,739,0,0,0,721,0,766,0,736,0,742,0,742,0,712,0,7520,0.032,91268055040.0,0.0,0.0,784,16797,-0.0,162057.094,-114818.039,-0.0,0.133,6.909358625270745e+28,30.0,65.0,35,0.0,0.0,0.0,0.0,0.0,0.0,0.0,0.0,0.0,0.0,0.0,0.0,0.0,0.0,0.0,0.0,69.6,0,150,71,55,65476,0,300,0,1,8,20529,65476,0,0,40632,65.0,0.0,0.0,0.0,0.0,0.0
2026-09-04T20:24:33,ERR,ERR,ERR,ERR,ERR,ERR,ERR,ERR,ERR,ERR,ERR,ERR,ERR,ERR,ERR,ERR,ERR,ERR,ERR,ERR,ERR,ERR,ERR,ERR,ERR,ERR,ERR,ERR,ERR,ERR,ERR,ERR,ERR,ERR,ERR,ERR,ERR,ERR,ERR,ERR,ERR,ERR,ERR,ERR,ERR,ERR,ERR,ERR,ERR,ERR,ERR,ERR,ERR,ERR,ERR,ERR,ERR,ERR,ERR,ERR,ERR,ERR,ERR,ERR,ERR,ERR,ERR,ERR,ERR,ERR,ERR,ERR,ERR,ERR,ERR,ERR,ERR,ERR,ERR,ERR,ERR,ERR,ERR,ERR,ERR,ERR,ERR,ERR,ERR,ERR,ERR,ERR,ERR,ERR,ERR,ERR,ERR,ERR,ERR,ERR,ERR,ERR,ERR,ERR,ERR,ERR,ERR,ERR,ERR,ERR,ERR,ERR,ERR,ERR,ERR,ERR,ERR,ERR,ERR,ERR,ERR,ERR,ERR,ERR,ERR,0.0,2.7184312818759872e+23,-100793952.0,0.0,0.0,1.3936040501711995e+18,7.805,0.0,0,0,4,0,7116,0.0,100,0.0,0.0,0.0,0.0,0.0,0,0,0,0,0.0,0,0,0,0,0,0,0,0,0,0,0,0,0,0,0,0,0,0,0,0,0,0,0,0,0,0,0,0,0,0,0,0,0,31,40,40,71,65476,0,300,0,0,8,21553,0.0,-107605600.0,0.0,0.0,0.0,0.0,0.0,0.0,0.0,0.0,0.0,0.0,0.0,0.0,0.0,0.0,0.0,0.0,0.0,0.0,0.0,0.0,-2.004,-0.0,-2.004,-2.004,0.0,0.0,0.0,0.0,6267.0,2.004,6920.0,0.0,2.7184312818759872e+23,-0.0,0.0,0.0,0.0,0.0,0.0,69,71.63,-3.22202084505296e+26,0.0,0.0,0.0,0.0,0.0,0.0,0.0,0,0,0,0.0,0.0,0.0,0.0,0.0,0.0,0.0,0.0,0.0,0.0,0.0,0.0,0.0,0.0,0.0,0.0,0,-107875648.0,69,0.0,138,0.0,0.0,0,13107,17040,13107,17049,13107,17043,0,0,0,70,68,100,2.7302359370752657e+23,71.2,2.7302370179391762e+23,74.2,2.7302370179391762e+23,74.0,1,49,50,180,13107,52429,0,0,0.0,0.0,0.0,0.0,-0.0,67.0,0.0,162057.094,0.0,751,0,739,0,0,0,721,0,766,0,736,0,742,0,742,0,712,0,7520,0.032,79456894976.0,0.0,0.0,784,16797,-0.0,162057.094,-114818.039,-0.0,0.133,6.909358625270745e+28,30.0,65.0,35,0.0,0.0,0.0,0.0,0.0,0.0,0.0,0.0,0.0,0.0,0.0,0.0,0.0,0.0,0.0,0.0,69.2,0,150,71,55,65476,0,300,0,1,8,20529,65476,0,0,40632,65.0,0.0,0.0,0.0,0.0,0.0
2026-09-04T20:24:34,ERR,ERR,ERR,ERR,ERR,ERR,ERR,ERR,ERR,ERR,ERR,ERR,ERR,ERR,ERR,ERR,ERR,ERR,ERR,ERR,ERR,ERR,ERR,ERR,ERR,ERR,ERR,ERR,ERR,ERR,ERR,ERR,ERR,ERR,ERR,ERR,ERR,ERR,ERR,ERR,ERR,ERR,ERR,ERR,ERR,ERR,ERR,ERR,ERR,ERR,ERR,ERR,ERR,ERR,ERR,ERR,ERR,ERR,ERR,ERR,ERR,ERR,ERR,ERR,ERR,ERR,ERR,ERR,ERR,ERR,ERR,ERR,ERR,ERR,ERR,ERR,ERR,ERR,ERR,ERR,ERR,ERR,ERR,ERR,ERR,ERR,ERR,ERR,ERR,ERR,ERR,ERR,ERR,ERR,ERR,ERR,ERR,ERR,ERR,ERR,ERR,ERR,ERR,ERR,ERR,ERR,ERR,ERR,ERR,ERR,ERR,ERR,ERR,ERR,ERR,ERR,ERR,ERR,ERR,ERR,ERR,ERR,ERR,ERR,ERR,0.0,2.7184312818759872e+23,-100793952.0,0.0,0.0,1.3936040501711995e+18,7.805,0.0,0,0,4,0,7116,0.0,100,0.0,0.0,0.0,0.0,0.0,0,0,0,0,0.0,0,0,0,0,0,0,0,0,0,0,0,0,0,0,0,0,0,0,0,0,0,0,0,0,0,0,0,0,0,0,0,0,0,31,40,40,71,65476,0,300,0,0,8,21553,0.0,-107605600.0,0.0,0.0,0.0,0.0,0.0,0.0,0.0,0.0,0.0,0.0,0.0,0.0,0.0,0.0,0.0,0.0,0.0,0.0,0.0,0.0,-2.004,-0.0,-2.004,-2.004,0.0,0.0,0.0,0.0,6267.0,2.004,6920.0,0.0,2.7184312818759872e+23,-0.0,0.0,0.0,0.0,0.0,0.0,69,71.63,-3.22202084505296e+26,0.0,0.0,0.0,0.0,0.0,0.0,0.0,0,0,0,0.0,0.0,0.0,0.0,0.0,0.0,0.0,0.0,0.0,0.0,0.0,0.0,0.0,0.0,0.0,0.0,0,-107875648.0,69,0.0,138,0.0,0.0,0,13107,17040,13107,17049,13107,17043,0,0,0,70,68,100,2.7302359370752657e+23,71.2,2.7302370179391762e+23,74.2,2.7302370179391762e+23,74.0,1,49,50,180,13107,52429,0,0,0.0,0.0,0.0,0.0,-0.0,67.0,0.0,162057.094,0.0,751,0,739,0,0,0,721,0,766,0,736,0,742,0,742,0,712,0,7520,0.032,79456894976.0,0.0,0.0,784,16797,-0.0,162057.094,-114818.039,-0.0,0.133,6.909358625270745e+28,30.0,65.0,35,0.0,0.0,0.0,0.0,0.0,0.0,0.0,0.0,0.0,0.0,0.0,0.0,0.0,0.0,0.0,0.0,69.2,0,150,71,55,65476,0,300,0,1,8,20529,65476,0,0,40632,65.0,0.0,0.0,0.0,0.0,0.0
2026-09-04T20:24:35,ERR,ERR,ERR,ERR,ERR,ERR,ERR,ERR,ERR,ERR,ERR,ERR,ERR,ERR,ERR,ERR,ERR,ERR,ERR,ERR,ERR,ERR,ERR,ERR,ERR,ERR,ERR,ERR,ERR,ERR,ERR,ERR,ERR,ERR,ERR,ERR,ERR,ERR,ERR,ERR,ERR,ERR,ERR,ERR,ERR,ERR,ERR,ERR,ERR,ERR,ERR,ERR,ERR,ERR,ERR,ERR,ERR,ERR,ERR,ERR,ERR,ERR,ERR,ERR,ERR,ERR,ERR,ERR,ERR,ERR,ERR,ERR,ERR,ERR,ERR,ERR,ERR,ERR,ERR,ERR,ERR,ERR,ERR,ERR,ERR,ERR,ERR,ERR,ERR,ERR,ERR,ERR,ERR,ERR,ERR,ERR,ERR,ERR,ERR,ERR,ERR,ERR,ERR,ERR,ERR,ERR,ERR,ERR,ERR,ERR,ERR,ERR,ERR,ERR,ERR,ERR,ERR,ERR,ERR,ERR,ERR,ERR,ERR,ERR,ERR,0.0,2.7184312818759872e+23,-100793952.0,0.0,0.0,1.3936040501711995e+18,7.805,0.0,0,0,4,0,7116,0.0,100,0.0,0.0,0.0,0.0,0.0,0,0,0,0,0.0,0,0,0,0,0,0,0,0,0,0,0,0,0,0,0,0,0,0,0,0,0,0,0,0,0,0,0,0,0,0,0,0,0,31,40,40,71,65476,0,300,0,0,8,21553,0.0,-107605600.0,0.0,0.0,0.0,0.0,0.0,0.0,0.0,0.0,0.0,0.0,0.0,0.0,0.0,0.0,0.0,0.0,0.0,0.0,0.0,0.0,-2.004,-0.0,-2.004,-2.004,0.0,0.0,0.0,0.0,6267.0,2.004,6920.0,0.0,2.7184312818759872e+23,-0.0,0.0,0.0,0.0,0.0,0.0,69,71.63,-3.22202084505296e+26,0.0,0.0,0.0,0.0,0.0,0.0,0.0,0,0,0,0.0,0.0,0.0,0.0,0.0,0.0,0.0,0.0,0.0,0.0,0.0,0.0,0.0,0.0,0.0,0.0,0,-107875648.0,69,0.0,138,0.0,0.0,0,13107,17040,13107,17049,13107,17043,0,0,0,70,68,100,2.7302359370752657e+23,71.2,2.7302370179391762e+23,74.2,2.7302370179391762e+23,74.0,1,49,50,180,13107,52429,0,0,0.0,0.0,0.0,0.0,-0.0,67.0,0.0,162057.094,0.0,751,0,739,0,0,0,721,0,766,0,736,0,742,0,742,0,712,0,7520,0.032,79456894976.0,0.0,0.0,784,16797,-0.0,162057.094,-114818.039,-0.0,0.133,6.909358625270745e+28,30.0,65.0,35,0.0,0.0,0.0,0.0,0.0,0.0,0.0,0.0,0.0,0.0,0.0,0.0,0.0,0.0,0.0,0.0,69.2,0,150,71,55,65476,0,300,0,1,8,20529,65476,0,0,40632,65.0,0.0,0.0,0.0,0.0,0.0
2026-09-04T20:24:36,ERR,ERR,ERR,ERR,ERR,ERR,ERR,ERR,ERR,ERR,ERR,ERR,ERR,ERR,ERR,ERR,ERR,ERR,ERR,ERR,ERR,ERR,ERR,ERR,ERR,ERR,ERR,ERR,ERR,ERR,ERR,ERR,ERR,ERR,ERR,ERR,ERR,ERR,ERR,ERR,ERR,ERR,ERR,ERR,ERR,ERR,ERR,ERR,ERR,ERR,ERR,ERR,ERR,ERR,ERR,ERR,ERR,ERR,ERR,ERR,ERR,ERR,ERR,ERR,ERR,ERR,ERR,ERR,ERR,ERR,ERR,ERR,ERR,ERR,ERR,ERR,ERR,ERR,ERR,ERR,ERR,ERR,ERR,ERR,ERR,ERR,ERR,ERR,ERR,ERR,ERR,ERR,ERR,ERR,ERR,ERR,ERR,ERR,ERR,ERR,ERR,ERR,ERR,ERR,ERR,ERR,ERR,ERR,ERR,ERR,ERR,ERR,ERR,ERR,ERR,ERR,ERR,ERR,ERR,ERR,ERR,ERR,ERR,ERR,ERR,0.0,2.7184312818759872e+23,-100793952.0,0.0,0.0,1.3936040501711995e+18,7.805,0.0,0,0,4,0,7116,0.0,100,0.0,0.0,0.0,0.0,0.0,0,0,0,0,0.0,0,0,0,0,0,0,0,0,0,0,0,0,0,0,0,0,0,0,0,0,0,0,0,0,0,0,0,0,0,0,0,0,0,31,40,40,71,65476,0,300,0,0,8,21553,0.0,-107605600.0,0.0,0.0,0.0,0.0,0.0,0.0,0.0,0.0,0.0,0.0,0.0,0.0,0.0,0.0,0.0,0.0,0.0,0.0,0.0,0.0,-2.004,-0.0,-2.004,-2.004,0.0,0.0,0.0,0.0,6267.0,2.004,6920.0,0.0,2.7184312818759872e+23,-0.0,0.0,0.0,0.0,0.0,0.0,69,71.63,-3.22202084505296e+26,0.0,0.0,0.0,0.0,0.0,0.0,0.0,0,0,0,0.0,0.0,0.0,0.0,0.0,0.0,0.0,0.0,0.0,0.0,0.0,0.0,0.0,0.0,0.0,0.0,0,-107875648.0,69,0.0,138,0.0,0.0,0,13107,17040,13107,17049,13107,17043,0,0,0,70,68,100,2.7302359370752657e+23,71.2,2.7302370179391762e+23,74.2,2.7302370179391762e+23,74.0,1,49,50,180,13107,52429,0,0,0.0,0.0,0.0,0.0,-0.0,67.0,0.0,162057.094,0.0,751,0,739,0,0,0,721,0,766,0,736,0,742,0,742,0,712,0,7520,0.032,79456894976.0,0.0,0.0,784,16797,-0.0,162057.094,-114818.039,-0.0,0.133,6.909358625270745e+28,30.0,65.0,35,0.0,0.0,0.0,0.0,0.0,0.0,0.0,0.0,0.0,0.0,0.0,0.0,0.0,0.0,0.0,0.0,69.2,0,150,71,55,65476,0,300,0,1,8,20529,65476,0,0,40632,65.0,0.0,0.0,0.0,0.0,0.0
2026-09-04T20:24:37,ERR,ERR,ERR,ERR,ERR,ERR,ERR,ERR,ERR,ERR,ERR,ERR,ERR,ERR,ERR,ERR,ERR,ERR,ERR,ERR,ERR,ERR,ERR,ERR,ERR,ERR,ERR,ERR,ERR,ERR,ERR,ERR,ERR,ERR,ERR,ERR,ERR,ERR,ERR,ERR,ERR,ERR,ERR,ERR,ERR,ERR,ERR,ERR,ERR,ERR,ERR,ERR,ERR,ERR,ERR,ERR,ERR,ERR,ERR,ERR,ERR,ERR,ERR,ERR,ERR,ERR,ERR,ERR,ERR,ERR,ERR,ERR,ERR,ERR,ERR,ERR,ERR,ERR,ERR,ERR,ERR,ERR,ERR,ERR,ERR,ERR,ERR,ERR,ERR,ERR,ERR,ERR,ERR,ERR,ERR,ERR,ERR,ERR,ERR,ERR,ERR,ERR,ERR,ERR,ERR,ERR,ERR,ERR,ERR,ERR,ERR,ERR,ERR,ERR,ERR,ERR,ERR,ERR,ERR,ERR,ERR,ERR,ERR,ERR,ERR,0.0,2.7184312818759872e+23,-100793952.0,0.0,0.0,1.3936040501711995e+18,7.805,0.0,0,0,4,0,7116,0.0,100,0.0,0.0,0.0,0.0,0.0,0,0,0,0,0.0,0,0,0,0,0,0,0,0,0,0,0,0,0,0,0,0,0,0,0,0,0,0,0,0,0,0,0,0,0,0,0,0,0,31,40,40,71,65476,0,300,0,0,8,21553,0.0,-107605600.0,0.0,0.0,0.0,0.0,0.0,0.0,0.0,0.0,0.0,0.0,0.0,0.0,0.0,0.0,0.0,0.0,0.0,0.0,0.0,0.0,-2.004,-0.0,-2.004,-2.004,0.0,0.0,0.0,0.0,6267.0,2.004,6920.0,0.0,2.7184312818759872e+23,-0.0,0.0,0.0,0.0,0.0,0.0,69,71.63,-3.22202084505296e+26,0.0,0.0,0.0,0.0,0.0,0.0,0.0,0,0,0,0.0,0.0,0.0,0.0,0.0,0.0,0.0,0.0,0.0,0.0,0.0,0.0,0.0,0.0,0.0,0.0,0,-107875648.0,69,0.0,138,0.0,0.0,0,13107,17040,13107,17049,13107,17043,0,0,0,70,68,100,2.7302359370752657e+23,71.2,2.7302370179391762e+23,74.2,2.7302370179391762e+23,74.0,1,49,50,180,13107,52429,0,0,0.0,0.0,0.0,0.0,-0.0,67.0,0.0,162057.094,0.0,751,0,739,0,0,0,721,0,766,0,736,0,742,0,742,0,712,0,7520,0.032,79456894976.0,0.0,0.0,784,16797,-0.0,162057.094,-114818.039,-0.0,0.133,6.909358625270745e+28,30.0,65.0,35,0.0,0.0,0.0,0.0,0.0,0.0,0.0,0.0,0.0,0.0,0.0,0.0,0.0,0.0,0.0,0.0,69.2,0,150,71,55,65476,0,300,0,1,8,20529,65476,0,0,40632,65.0,0.0,0.0,0.0,0.0,0.0
2026-09-04T20:24:38,ERR,ERR,ERR,ERR,ERR,ERR,ERR,ERR,ERR,ERR,ERR,ERR,ERR,ERR,ERR,ERR,ERR,ERR,ERR,ERR,ERR,ERR,ERR,ERR,ERR,ERR,ERR,ERR,ERR,ERR,ERR,ERR,ERR,ERR,ERR,ERR,ERR,ERR,ERR,ERR,ERR,ERR,ERR,ERR,ERR,ERR,ERR,ERR,ERR,ERR,ERR,ERR,ERR,ERR,ERR,ERR,ERR,ERR,ERR,ERR,ERR,ERR,ERR,ERR,ERR,ERR,ERR,ERR,ERR,ERR,ERR,ERR,ERR,ERR,ERR,ERR,ERR,ERR,ERR,ERR,ERR,ERR,ERR,ERR,ERR,ERR,ERR,ERR,ERR,ERR,ERR,ERR,ERR,ERR,ERR,ERR,ERR,ERR,ERR,ERR,ERR,ERR,ERR,ERR,ERR,ERR,ERR,ERR,ERR,ERR,ERR,ERR,ERR,ERR,ERR,ERR,ERR,ERR,ERR,ERR,ERR,ERR,ERR,ERR,ERR,0.0,2.7184312818759872e+23,-100793952.0,0.0,0.0,1.3936040501711995e+18,7.805,0.0,0,0,4,0,7116,0.0,100,0.0,0.0,0.0,0.0,0.0,0,0,0,0,0.0,0,0,0,0,0,0,0,0,0,0,0,0,0,0,0,0,0,0,0,0,0,0,0,0,0,0,0,0,0,0,0,0,0,31,40,40,71,65476,0,300,0,0,8,21553,0.0,-107605600.0,0.0,0.0,0.0,0.0,0.0,0.0,0.0,0.0,0.0,0.0,0.0,0.0,0.0,0.0,0.0,0.0,0.0,0.0,0.0,0.0,-2.004,-0.0,-2.004,-2.004,0.0,0.0,0.0,0.0,6267.0,2.004,6920.0,0.0,2.7184312818759872e+23,-0.0,0.0,0.0,0.0,0.0,0.0,69,71.63,-3.22202084505296e+26,0.0,0.0,0.0,0.0,0.0,0.0,0.0,0,0,0,0.0,0.0,0.0,0.0,0.0,0.0,0.0,0.0,0.0,0.0,0.0,0.0,0.0,0.0,0.0,0.0,0,-107875648.0,69,0.0,138,0.0,0.0,0,13107,17040,13107,17049,13107,17043,0,0,0,70,68,100,2.7302359370752657e+23,71.2,2.7302370179391762e+23,74.2,2.7302370179391762e+23,74.0,1,49,50,180,13107,52429,0,0,0.0,0.0,0.0,0.0,-0.0,67.0,0.0,162057.094,0.0,751,0,739,0,0,0,721,0,766,0,736,0,742,0,742,0,712,0,7520,0.032,79456894976.0,0.0,0.0,784,16797,-0.0,162057.094,-114818.039,-0.0,0.133,6.909358625270745e+28,30.0,65.0,35,0.0,0.0,0.0,0.0,0.0,0.0,0.0,0.0,0.0,0.0,0.0,0.0,0.0,0.0,0.0,0.0,69.2,0,150,71,55,65476,0,300,0,1,8,20529,65476,0,0,40632,65.0,0.0,0.0,0.0,0.0,0.0
2026-09-04T20:24:39,ERR,ERR,ERR,ERR,ERR,ERR,ERR,ERR,ERR,ERR,ERR,ERR,ERR,ERR,ERR,ERR,ERR,ERR,ERR,ERR,ERR,ERR,ERR,ERR,ERR,ERR,ERR,ERR,ERR,ERR,ERR,ERR,ERR,ERR,ERR,ERR,ERR,ERR,ERR,ERR,ERR,ERR,ERR,ERR,ERR,ERR,ERR,ERR,ERR,ERR,ERR,ERR,ERR,ERR,ERR,ERR,ERR,ERR,ERR,ERR,ERR,ERR,ERR,ERR,ERR,ERR,ERR,ERR,ERR,ERR,ERR,ERR,ERR,ERR,ERR,ERR,ERR,ERR,ERR,ERR,ERR,ERR,ERR,ERR,ERR,ERR,ERR,ERR,ERR,ERR,ERR,ERR,ERR,ERR,ERR,ERR,ERR,ERR,ERR,ERR,ERR,ERR,ERR,ERR,ERR,ERR,ERR,ERR,ERR,ERR,ERR,ERR,ERR,ERR,ERR,ERR,ERR,ERR,ERR,ERR,ERR,ERR,ERR,ERR,ERR,0.0,2.7184312818759872e+23,-100793952.0,0.0,0.0,1.3936040501711995e+18,7.805,0.0,0,0,4,0,7116,0.0,100,0.0,0.0,0.0,0.0,0.0,0,0,0,0,0.0,0,0,0,0,0,0,0,0,0,0,0,0,0,0,0,0,0,0,0,0,0,0,0,0,0,0,0,0,0,0,0,0,0,31,40,40,71,65476,0,300,0,0,8,21553,0.0,-107605600.0,0.0,0.0,0.0,0.0,0.0,0.0,0.0,0.0,0.0,0.0,0.0,0.0,0.0,0.0,0.0,0.0,0.0,0.0,0.0,0.0,-2.004,-0.0,-2.004,0.0,0.0,0.0,0.0,0.0,6266.0,-1.5879367200059895e+29,6942.0,0.0,2.7184312818759872e+23,-0.0,0.0,0.0,0.0,0.0,0.0,69,126841176064.0,-152018119294976.0,0.0,0.0,0.0,0.0,0.0,0.0,0.0,0,0,0,0.0,0.0,0.0,0.0,0.0,0.0,0.0,0.0,0.0,0.0,0.0,0.0,0.0,0.0,0.0,0.0,0,-107875648.0,69,0.0,138,0.0,0.0,0,13107,17040,13107,17049,13107,17043,0,0,0,70,68,100,2.7302359370752657e+23,71.1,0.0,74.2,2.7302370179391762e+23,74.0,1,49,50,180,13107,52429,0,0,0.0,0.0,0.0,0.0,-0.0,67.0,0.0,162057.094,0.0,751,0,739,0,0,0,721,0,766,0,736,0,742,0,741,0,712,0,7520,0.032,108447924224.0,0.0,0.0,784,16797,-0.0,162057.094,-114818.039,-0.0,0.133,6.909358625270745e+28,30.0,65.0,35,0.0,0.0,0.0,0.0,0.0,0.0,0.0,0.0,0.0,0.0,0.0,0.0,0.0,0.0,0.0,0.0,69.2,0,150,71,55,65476,0,300,0,1,8,20529,65476,0,0,40632,65.0,0.0,0.0,0.0,0.0,0.0
2026-09-04T20:24:40,ERR,ERR,ERR,ERR,ERR,ERR,ERR,ERR,ERR,ERR,ERR,ERR,ERR,ERR,ERR,ERR,ERR,ERR,ERR,ERR,ERR,ERR,ERR,ERR,ERR,ERR,ERR,ERR,ERR,ERR,ERR,ERR,ERR,ERR,ERR,ERR,ERR,ERR,ERR,ERR,ERR,ERR,ERR,ERR,ERR,ERR,ERR,ERR,ERR,ERR,ERR,ERR,ERR,ERR,ERR,ERR,ERR,ERR,ERR,ERR,ERR,ERR,ERR,ERR,ERR,ERR,ERR,ERR,ERR,ERR,ERR,ERR,ERR,ERR,ERR,ERR,ERR,ERR,ERR,ERR,ERR,ERR,ERR,ERR,ERR,ERR,ERR,ERR,ERR,ERR,ERR,ERR,ERR,ERR,ERR,ERR,ERR,ERR,ERR,ERR,ERR,ERR,ERR,ERR,ERR,ERR,ERR,ERR,ERR,ERR,ERR,ERR,ERR,ERR,ERR,ERR,ERR,ERR,ERR,ERR,ERR,ERR,ERR,ERR,ERR,0.0,2.7184312818759872e+23,-100793952.0,0.0,0.0,1.3936040501711995e+18,7.805,0.0,0,0,4,0,7116,0.0,100,0.0,0.0,0.0,0.0,0.0,0,0,0,0,0.0,0,0,0,0,0,0,0,0,0,0,0,0,0,0,0,0,0,0,0,0,0,0,0,0,0,0,0,0,0,0,0,0,0,31,40,40,71,65476,0,300,0,0,8,21553,0.0,-107605600.0,0.0,0.0,0.0,0.0,0.0,0.0,0.0,0.0,0.0,0.0,0.0,0.0,0.0,0.0,0.0,0.0,0.0,0.0,0.0,0.0,-2.004,-0.0,-2.004,0.0,0.0,0.0,0.0,0.0,6266.0,-1.5879367200059895e+29,6942.0,0.0,2.7184312818759872e+23,-0.0,0.0,0.0,0.0,0.0,0.0,69,126841176064.0,-152018119294976.0,0.0,0.0,0.0,0.0,0.0,0.0,0.0,0,0,0,0.0,0.0,0.0,0.0,0.0,0.0,0.0,0.0,0.0,0.0,0.0,0.0,0.0,0.0,0.0,0.0,0,-107875648.0,69,0.0,138,0.0,0.0,0,13107,17040,13107,17049,13107,17043,0,0,0,70,68,100,2.7302359370752657e+23,71.1,0.0,74.2,2.7302370179391762e+23,74.0,1,49,50,180,13107,52429,0,0,0.0,0.0,0.0,0.0,-0.0,67.0,0.0,162057.094,0.0,751,0,739,0,0,0,721,0,766,0,736,0,742,0,741,0,712,0,7520,0.032,108447924224.0,0.0,0.0,784,16797,-0.0,162057.094,-114818.039,-0.0,0.133,6.909358625270745e+28,30.0,65.0,35,0.0,0.0,0.0,0.0,0.0,0.0,0.0,0.0,0.0,0.0,0.0,0.0,0.0,0.0,0.0,0.0,69.2,0,150,71,55,65476,0,300,0,1,8,20529,65476,0,0,40632,65.0,0.0,0.0,0.0,0.0,0.0
2026-09-04T20:24:41,ERR,ERR,ERR,ERR,ERR,ERR,ERR,ERR,ERR,ERR,ERR,ERR,ERR,ERR,ERR,ERR,ERR,ERR,ERR,ERR,ERR,ERR,ERR,ERR,ERR,ERR,ERR,ERR,ERR,ERR,ERR,ERR,ERR,ERR,ERR,ERR,ERR,ERR,ERR,ERR,ERR,ERR,ERR,ERR,ERR,ERR,ERR,ERR,ERR,ERR,ERR,ERR,ERR,ERR,ERR,ERR,ERR,ERR,ERR,ERR,ERR,ERR,ERR,ERR,ERR,ERR,ERR,ERR,ERR,ERR,ERR,ERR,ERR,ERR,ERR,ERR,ERR,ERR,ERR,ERR,ERR,ERR,ERR,ERR,ERR,ERR,ERR,ERR,ERR,ERR,ERR,ERR,ERR,ERR,ERR,ERR,ERR,ERR,ERR,ERR,ERR,ERR,ERR,ERR,ERR,ERR,ERR,ERR,ERR,ERR,ERR,ERR,ERR,ERR,ERR,ERR,ERR,ERR,ERR,ERR,ERR,ERR,ERR,ERR,ERR,0.0,2.7184312818759872e+23,-100793952.0,0.0,0.0,1.3936040501711995e+18,7.805,0.0,0,0,4,0,7116,0.0,100,0.0,0.0,0.0,0.0,0.0,0,0,0,0,0.0,0,0,0,0,0,0,0,0,0,0,0,0,0,0,0,0,0,0,0,0,0,0,0,0,0,0,0,0,0,0,0,0,0,31,40,40,71,65476,0,300,0,0,8,21553,0.0,-107605600.0,0.0,0.0,0.0,0.0,0.0,0.0,0.0,0.0,0.0,0.0,0.0,0.0,0.0,0.0,0.0,0.0,0.0,0.0,0.0,0.0,-2.004,-0.0,-2.004,0.0,0.0,0.0,0.0,0.0,6266.0,-1.5879367200059895e+29,6942.0,0.0,2.7184312818759872e+23,-0.0,0.0,0.0,0.0,0.0,0.0,69,126841176064.0,-152018119294976.0,0.0,0.0,0.0,0.0,0.0,0.0,0.0,0,0,0,0.0,0.0,0.0,0.0,0.0,0.0,0.0,0.0,0.0,0.0,0.0,0.0,0.0,0.0,0.0,0.0,0,-107875648.0,69,0.0,138,0.0,0.0,0,13107,17040,13107,17049,13107,17043,0,0,0,70,68,100,2.7302359370752657e+23,71.1,0.0,74.2,2.7302370179391762e+23,74.0,1,49,50,180,13107,52429,0,0,0.0,0.0,0.0,0.0,-0.0,67.0,0.0,162057.094,0.0,751,0,739,0,0,0,721,0,766,0,736,0,742,0,741,0,712,0,7520,0.032,108447924224.0,0.0,0.0,784,16797,-0.0,162057.094,-114818.039,-0.0,0.133,6.909358625270745e+28,30.0,65.0,35,0.0,0.0,0.0,0.0,0.0,0.0,0.0,0.0,0.0,0.0,0.0,0.0,0.0,0.0,0.0,0.0,69.2,0,150,71,55,65476,0,300,0,1,8,20529,65476,0,0,40632,65.0,0.0,0.0,0.0,0.0,0.0
2026-09-04T20:24:42,ERR,ERR,ERR,ERR,ERR,ERR,ERR,ERR,ERR,ERR,ERR,ERR,ERR,ERR,ERR,ERR,ERR,ERR,ERR,ERR,ERR,ERR,ERR,ERR,ERR,ERR,ERR,ERR,ERR,ERR,ERR,ERR,ERR,ERR,ERR,ERR,ERR,ERR,ERR,ERR,ERR,ERR,ERR,ERR,ERR,ERR,ERR,ERR,ERR,ERR,ERR,ERR,ERR,ERR,ERR,ERR,ERR,ERR,ERR,ERR,ERR,ERR,ERR,ERR,ERR,ERR,ERR,ERR,ERR,ERR,ERR,ERR,ERR,ERR,ERR,ERR,ERR,ERR,ERR,ERR,ERR,ERR,ERR,ERR,ERR,ERR,ERR,ERR,ERR,ERR,ERR,ERR,ERR,ERR,ERR,ERR,ERR,ERR,ERR,ERR,ERR,ERR,ERR,ERR,ERR,ERR,ERR,ERR,ERR,ERR,ERR,ERR,ERR,ERR,ERR,ERR,ERR,ERR,ERR,ERR,ERR,ERR,ERR,ERR,ERR,0.0,2.7184312818759872e+23,-100793952.0,0.0,0.0,1.3936040501711995e+18,7.805,0.0,0,0,4,0,7116,0.0,100,0.0,0.0,0.0,0.0,0.0,0,0,0,0,0.0,0,0,0,0,0,0,0,0,0,0,0,0,0,0,0,0,0,0,0,0,0,0,0,0,0,0,0,0,0,0,0,0,0,31,40,40,71,65476,0,300,0,0,8,21553,0.0,-107605600.0,0.0,0.0,0.0,0.0,0.0,0.0,0.0,0.0,0.0,0.0,0.0,0.0,0.0,0.0,0.0,0.0,0.0,0.0,0.0,0.0,-2.004,-0.0,-2.004,0.0,0.0,0.0,0.0,0.0,6266.0,-1.5879367200059895e+29,6942.0,0.0,2.7184312818759872e+23,-0.0,0.0,0.0,0.0,0.0,0.0,69,126841176064.0,-152018119294976.0,0.0,0.0,0.0,0.0,0.0,0.0,0.0,0,0,0,0.0,0.0,0.0,0.0,0.0,0.0,0.0,0.0,0.0,0.0,0.0,0.0,0.0,0.0,0.0,0.0,0,-107875648.0,69,0.0,138,0.0,0.0,0,13107,17040,13107,17049,13107,17043,0,0,0,70,68,100,2.7302359370752657e+23,71.1,0.0,74.2,2.7302370179391762e+23,74.0,1,49,50,180,13107,52429,0,0,0.0,0.0,0.0,0.0,-0.0,67.0,0.0,162057.094,0.0,751,0,739,0,0,0,721,0,766,0,736,0,742,0,741,0,712,0,7520,0.032,108447924224.0,0.0,0.0,784,16797,-0.0,162057.094,-114818.039,-0.0,0.133,6.909358625270745e+28,30.0,65.0,35,0.0,0.0,0.0,0.0,0.0,0.0,0.0,0.0,0.0,0.0,0.0,0.0,0.0,0.0,0.0,0.0,69.2,0,150,71,55,65476,0,300,0,1,8,20529,65476,0,0,40632,65.0,0.0,0.0,0.0,0.0,0.0
2026-09-04T20:24:43,ERR,ERR,ERR,ERR,ERR,ERR,ERR,ERR,ERR,ERR,ERR,ERR,ERR,ERR,ERR,ERR,ERR,ERR,ERR,ERR,ERR,ERR,ERR,ERR,ERR,ERR,ERR,ERR,ERR,ERR,ERR,ERR,ERR,ERR,ERR,ERR,ERR,ERR,ERR,ERR,ERR,ERR,ERR,ERR,ERR,ERR,ERR,ERR,ERR,ERR,ERR,ERR,ERR,ERR,ERR,ERR,ERR,ERR,ERR,ERR,ERR,ERR,ERR,ERR,ERR,ERR,ERR,ERR,ERR,ERR,ERR,ERR,ERR,ERR,ERR,ERR,ERR,ERR,ERR,ERR,ERR,ERR,ERR,ERR,ERR,ERR,ERR,ERR,ERR,ERR,ERR,ERR,ERR,ERR,ERR,ERR,ERR,ERR,ERR,ERR,ERR,ERR,ERR,ERR,ERR,ERR,ERR,ERR,ERR,ERR,ERR,ERR,ERR,ERR,ERR,ERR,ERR,ERR,ERR,ERR,ERR,ERR,ERR,ERR,ERR,0.0,2.7184312818759872e+23,-100793952.0,0.0,0.0,1.3936040501711995e+18,7.805,0.0,0,0,4,0,7116,0.0,100,0.0,0.0,0.0,0.0,0.0,0,0,0,0,0.0,0,0,0,0,0,0,0,0,0,0,0,0,0,0,0,0,0,0,0,0,0,0,0,0,0,0,0,0,0,0,0,0,0,31,40,40,71,65476,0,300,0,0,8,21553,0.0,-107605600.0,0.0,0.0,0.0,0.0,0.0,0.0,0.0,0.0,0.0,0.0,0.0,0.0,0.0,0.0,0.0,0.0,0.0,0.0,0.0,0.0,-2.004,-0.0,-2.004,0.0,0.0,0.0,0.0,0.0,6266.0,-1.5879367200059895e+29,6942.0,0.0,2.7184312818759872e+23,-0.0,0.0,0.0,0.0,0.0,0.0,69,126841176064.0,-152018119294976.0,0.0,0.0,0.0,0.0,0.0,0.0,0.0,0,0,0,0.0,0.0,0.0,0.0,0.0,0.0,0.0,0.0,0.0,0.0,0.0,0.0,0.0,0.0,0.0,0.0,0,-107875648.0,69,0.0,138,0.0,0.0,0,13107,17040,13107,17049,13107,17043,0,0,0,70,68,100,2.7302359370752657e+23,71.1,0.0,74.2,2.7302370179391762e+23,74.0,1,49,50,180,13107,52429,0,0,0.0,0.0,0.0,0.0,-0.0,67.0,0.0,162057.094,0.0,751,0,739,0,0,0,721,0,766,0,736,0,742,0,741,0,712,0,7520,0.032,108447924224.0,0.0,0.0,784,16797,-0.0,162057.094,-114818.039,-0.0,0.133,6.909358625270745e+28,30.0,65.0,35,0.0,0.0,0.0,0.0,0.0,0.0,0.0,0.0,0.0,0.0,0.0,0.0,0.0,0.0,0.0,0.0,69.2,0,150,71,55,65476,0,300,0,1,8,20529,65476,0,0,40632,65.0,0.0,0.0,0.0,0.0,0.0
2026-09-04T20:24:44,ERR,ERR,ERR,ERR,ERR,ERR,ERR,ERR,ERR,ERR,ERR,ERR,ERR,ERR,ERR,ERR,ERR,ERR,ERR,ERR,ERR,ERR,ERR,ERR,ERR,ERR,ERR,ERR,ERR,ERR,ERR,ERR,ERR,ERR,ERR,ERR,ERR,ERR,ERR,ERR,ERR,ERR,ERR,ERR,ERR,ERR,ERR,ERR,ERR,ERR,ERR,ERR,ERR,ERR,ERR,ERR,ERR,ERR,ERR,ERR,ERR,ERR,ERR,ERR,ERR,ERR,ERR,ERR,ERR,ERR,ERR,ERR,ERR,ERR,ERR,ERR,ERR,ERR,ERR,ERR,ERR,ERR,ERR,ERR,ERR,ERR,ERR,ERR,ERR,ERR,ERR,ERR,ERR,ERR,ERR,ERR,ERR,ERR,ERR,ERR,ERR,ERR,ERR,ERR,ERR,ERR,ERR,ERR,ERR,ERR,ERR,ERR,ERR,ERR,ERR,ERR,ERR,ERR,ERR,ERR,ERR,ERR,ERR,ERR,ERR,0.0,2.7184312818759872e+23,-100793952.0,0.0,0.0,1.3936040501711995e+18,7.805,0.0,0,0,4,0,7116,0.0,100,0.0,0.0,0.0,0.0,0.0,0,0,0,0,0.0,0,0,0,0,0,0,0,0,0,0,0,0,0,0,0,0,0,0,0,0,0,0,0,0,0,0,0,0,0,0,0,0,0,31,40,40,71,65476,0,300,0,0,8,21553,0.0,-107605600.0,0.0,0.0,0.0,0.0,0.0,0.0,0.0,0.0,0.0,0.0,0.0,0.0,0.0,0.0,0.0,0.0,0.0,0.0,0.0,0.0,-2.004,-0.0,-2.004,0.0,0.0,0.0,0.0,0.0,6266.0,-1.5879367200059895e+29,6942.0,0.0,2.7184312818759872e+23,-0.0,0.0,0.0,0.0,0.0,0.0,69,126841176064.0,-152018119294976.0,0.0,0.0,0.0,0.0,0.0,0.0,0.0,0,0,0,0.0,0.0,0.0,0.0,0.0,0.0,0.0,0.0,0.0,0.0,0.0,0.0,0.0,0.0,0.0,0.0,0,-107875648.0,69,0.0,138,0.0,0.0,0,13107,17040,13107,17049,13107,17043,0,0,0,70,68,100,2.7302359370752657e+23,71.2,2.7302370179391762e+23,74.2,2.7302370179391762e+23,74.0,1,49,50,180,13107,52429,0,0,0.0,0.0,0.0,0.0,-0.0,67.0,0.0,162057.094,0.0,751,0,739,0,0,0,721,0,766,0,736,0,742,0,742,0,712,0,7520,0.032,107911053312.0,0.0,0.0,784,16797,-0.0,162057.094,-114818.039,-0.0,0.133,6.909358625270745e+28,30.0,65.0,35,0.0,0.0,0.0,0.0,0.0,0.0,0.0,0.0,0.0,0.0,0.0,0.0,0.0,0.0,0.0,0.0,69.2,0,150,71,55,65476,0,300,0,1,8,20529,65476,0,0,40632,65.0,0.0,0.0,0.0,0.0,0.0
2026-09-04T20:24:45,ERR,ERR,ERR,ERR,ERR,ERR,ERR,ERR,ERR,ERR,ERR,ERR,ERR,ERR,ERR,ERR,ERR,ERR,ERR,ERR,ERR,ERR,ERR,ERR,ERR,ERR,ERR,ERR,ERR,ERR,ERR,ERR,ERR,ERR,ERR,ERR,ERR,ERR,ERR,ERR,ERR,ERR,ERR,ERR,ERR,ERR,ERR,ERR,ERR,ERR,ERR,ERR,ERR,ERR,ERR,ERR,ERR,ERR,ERR,ERR,ERR,ERR,ERR,ERR,ERR,ERR,ERR,ERR,ERR,ERR,ERR,ERR,ERR,ERR,ERR,ERR,ERR,ERR,ERR,ERR,ERR,ERR,ERR,ERR,ERR,ERR,ERR,ERR,ERR,ERR,ERR,ERR,ERR,ERR,ERR,ERR,ERR,ERR,ERR,ERR,ERR,ERR,ERR,ERR,ERR,ERR,ERR,ERR,ERR,ERR,ERR,ERR,ERR,ERR,ERR,ERR,ERR,ERR,ERR,ERR,ERR,ERR,ERR,ERR,ERR,0.0,2.7184312818759872e+23,-100793952.0,0.0,0.0,1.3936040501711995e+18,7.805,0.0,0,0,4,0,7116,0.0,100,0.0,0.0,0.0,0.0,0.0,0,0,0,0,0.0,0,0,0,0,0,0,0,0,0,0,0,0,0,0,0,0,0,0,0,0,0,0,0,0,0,0,0,0,0,0,0,0,0,31,40,40,71,65476,0,300,0,0,8,21553,0.0,-107605600.0,0.0,0.0,0.0,0.0,0.0,0.0,0.0,0.0,0.0,0.0,0.0,0.0,0.0,0.0,0.0,0.0,0.0,0.0,0.0,0.0,-2.004,-0.0,-2.004,0.0,0.0,0.0,0.0,0.0,6266.0,-1.5879367200059895e+29,6942.0,0.0,2.7184312818759872e+23,-0.0,0.0,0.0,0.0,0.0,0.0,69,126841176064.0,-152018119294976.0,0.0,0.0,0.0,0.0,0.0,0.0,0.0,0,0,0,0.0,0.0,0.0,0.0,0.0,0.0,0.0,0.0,0.0,0.0,0.0,0.0,0.0,0.0,0.0,0.0,0,-107875648.0,69,0.0,138,0.0,0.0,0,13107,17040,13107,17049,13107,17043,0,0,0,70,68,100,2.7302359370752657e+23,71.2,2.7302370179391762e+23,74.2,2.7302370179391762e+23,74.0,1,49,50,180,13107,52429,0,0,0.0,0.0,0.0,0.0,-0.0,67.0,0.0,162057.094,0.0,751,0,739,0,0,0,721,0,766,0,736,0,742,0,742,0,712,0,7520,0.032,107911053312.0,0.0,0.0,784,16797,-0.0,162057.094,-114818.039,-0.0,0.133,6.909358625270745e+28,30.0,65.0,35,0.0,0.0,0.0,0.0,0.0,0.0,0.0,0.0,0.0,0.0,0.0,0.0,0.0,0.0,0.0,0.0,69.2,0,150,71,55,65476,0,300,0,1,8,20529,65476,0,0,40632,65.0,0.0,0.0,0.0,0.0,0.0
2026-09-04T20:24:46,ERR,ERR,ERR,ERR,ERR,ERR,ERR,ERR,ERR,ERR,ERR,ERR,ERR,ERR,ERR,ERR,ERR,ERR,ERR,ERR,ERR,ERR,ERR,ERR,ERR,ERR,ERR,ERR,ERR,ERR,ERR,ERR,ERR,ERR,ERR,ERR,ERR,ERR,ERR,ERR,ERR,ERR,ERR,ERR,ERR,ERR,ERR,ERR,ERR,ERR,ERR,ERR,ERR,ERR,ERR,ERR,ERR,ERR,ERR,ERR,ERR,ERR,ERR,ERR,ERR,ERR,ERR,ERR,ERR,ERR,ERR,ERR,ERR,ERR,ERR,ERR,ERR,ERR,ERR,ERR,ERR,ERR,ERR,ERR,ERR,ERR,ERR,ERR,ERR,ERR,ERR,ERR,ERR,ERR,ERR,ERR,ERR,ERR,ERR,ERR,ERR,ERR,ERR,ERR,ERR,ERR,ERR,ERR,ERR,ERR,ERR,ERR,ERR,ERR,ERR,ERR,ERR,ERR,ERR,ERR,ERR,ERR,ERR,ERR,ERR,0.0,0.0,0.0,0.0,0.0,1.3936040501711995e+18,7.805,0.0,0,0,4,0,7116,0.0,100,0.0,0.0,0.0,0.0,0.0,0,0,0,0,0.0,0,0,0,0,0,0,0,0,0,0,0,0,0,0,0,0,0,0,0,0,0,0,0,0,0,0,0,0,0,0,0,0,0,31,40,40,71,65476,0,300,0,0,8,21553,0.0,-107605600.0,0.0,0.0,0.0,0.0,0.0,0.0,0.0,0.0,0.0,0.0,0.0,0.0,0.0,0.0,0.0,0.0,0.0,0.0,0.0,0.0,-2.004,-2.004,-2.004,-2.004,0.0,0.0,0.0,0.0,6297.0,2.004,6923.0,0.0,2.7184312818759872e+23,2.7184303811560617e+23,0.0,0.0,0.0,0.0,0.0,69,0.0,126840954880.0,0.0,0.0,0.0,0.0,0.0,0.0,0.0,0,0,0,0.0,0.0,0.0,0.0,0.0,0.0,0.0,0.0,0.0,0.0,0.0,0.0,0.0,0.0,0.0,0.0,0,-107875648.0,69,0.0,138,0.0,0.0,0,13107,17040,13107,17049,13107,17043,0,0,0,70,68,100,2.7302359370752657e+23,71.2,2.7302370179391762e+23,74.2,2.7302370179391762e+23,74.0,1,49,50,180,13107,52429,0,0,0.0,0.0,0.0,0.0,-0.0,67.0,0.0,162057.094,0.0,751,0,739,0,0,0,721,0,766,0,736,0,742,0,742,0,712,0,7520,0.032,107911053312.0,0.0,0.0,784,16797,-0.0,162057.094,-114818.039,-0.0,0.133,6.909358625270745e+28,30.0,65.0,35,0.0,0.0,0.0,0.0,0.0,0.0,0.0,0.0,0.0,0.0,0.0,0.0,0.0,0.0,0.0,0.0,69.2,0,150,71,55,65476,0,300,0,1,8,20529,65476,0,0,40632,65.0,0.0,0.0,0.0,0.0,0.0
2026-09-04T20:24:47,ERR,ERR,ERR,ERR,ERR,ERR,ERR,ERR,ERR,ERR,ERR,ERR,ERR,ERR,ERR,ERR,ERR,ERR,ERR,ERR,ERR,ERR,ERR,ERR,ERR,ERR,ERR,ERR,ERR,ERR,ERR,ERR,ERR,ERR,ERR,ERR,ERR,ERR,ERR,ERR,ERR,ERR,ERR,ERR,ERR,ERR,ERR,ERR,ERR,ERR,ERR,ERR,ERR,ERR,ERR,ERR,ERR,ERR,ERR,ERR,ERR,ERR,ERR,ERR,ERR,ERR,ERR,ERR,ERR,ERR,ERR,ERR,ERR,ERR,ERR,ERR,ERR,ERR,ERR,ERR,ERR,ERR,ERR,ERR,ERR,ERR,ERR,ERR,ERR,ERR,ERR,ERR,ERR,ERR,ERR,ERR,ERR,ERR,ERR,ERR,ERR,ERR,ERR,ERR,ERR,ERR,ERR,ERR,ERR,ERR,ERR,ERR,ERR,ERR,ERR,ERR,ERR,ERR,ERR,ERR,ERR,ERR,ERR,ERR,ERR,0.0,0.0,0.0,0.0,0.0,1.3936040501711995e+18,7.805,0.0,0,0,4,0,7116,0.0,100,0.0,0.0,0.0,0.0,0.0,0,0,0,0,0.0,0,0,0,0,0,0,0,0,0,0,0,0,0,0,0,0,0,0,0,0,0,0,0,0,0,0,0,0,0,0,0,0,0,31,40,40,71,65476,0,300,0,0,8,21553,0.0,-107605600.0,0.0,0.0,0.0,0.0,0.0,0.0,0.0,0.0,0.0,0.0,0.0,0.0,0.0,0.0,0.0,0.0,0.0,0.0,0.0,0.0,-2.004,-2.004,-2.004,-2.004,0.0,0.0,0.0,0.0,6297.0,2.004,6923.0,0.0,2.7184312818759872e+23,2.7184303811560617e+23,0.0,0.0,0.0,0.0,0.0,69,0.0,126840954880.0,0.0,0.0,0.0,0.0,0.0,0.0,0.0,0,0,0,0.0,0.0,0.0,0.0,0.0,0.0,0.0,0.0,0.0,0.0,0.0,0.0,0.0,0.0,0.0,0.0,0,-107875648.0,69,0.0,138,0.0,0.0,0,13107,17040,13107,17049,13107,17043,0,0,0,70,68,100,2.7302359370752657e+23,71.2,2.7302370179391762e+23,74.2,2.7302370179391762e+23,74.0,1,49,50,180,13107,52429,0,0,0.0,0.0,0.0,0.0,-0.0,67.0,0.0,162057.094,0.0,751,0,739,0,0,0,721,0,766,0,736,0,742,0,742,0,712,0,7520,0.032,107911053312.0,0.0,0.0,784,16797,-0.0,162057.094,-114818.039,-0.0,0.133,6.909358625270745e+28,30.0,65.0,35,0.0,0.0,0.0,0.0,0.0,0.0,0.0,0.0,0.0,0.0,0.0,0.0,0.0,0.0,0.0,0.0,69.2,0,150,71,55,65476,0,300,0,1,8,20529,65476,0,0,40632,65.0,0.0,0.0,0.0,0.0,0.0
2026-09-04T20:24:48,ERR,ERR,ERR,ERR,ERR,ERR,ERR,ERR,ERR,ERR,ERR,ERR,ERR,ERR,ERR,ERR,ERR,ERR,ERR,ERR,ERR,ERR,ERR,ERR,ERR,ERR,ERR,ERR,ERR,ERR,ERR,ERR,ERR,ERR,ERR,ERR,ERR,ERR,ERR,ERR,ERR,ERR,ERR,ERR,ERR,ERR,ERR,ERR,ERR,ERR,ERR,ERR,ERR,ERR,ERR,ERR,ERR,ERR,ERR,ERR,ERR,ERR,ERR,ERR,ERR,ERR,ERR,ERR,ERR,ERR,ERR,ERR,ERR,ERR,ERR,ERR,ERR,ERR,ERR,ERR,ERR,ERR,ERR,ERR,ERR,ERR,ERR,ERR,ERR,ERR,ERR,ERR,ERR,ERR,ERR,ERR,ERR,ERR,ERR,ERR,ERR,ERR,ERR,ERR,ERR,ERR,ERR,ERR,ERR,ERR,ERR,ERR,ERR,ERR,ERR,ERR,ERR,ERR,ERR,ERR,ERR,ERR,ERR,ERR,ERR,0.0,0.0,0.0,0.0,0.0,1.3936040501711995e+18,7.805,0.0,0,0,4,0,7116,0.0,100,0.0,0.0,0.0,0.0,0.0,0,0,0,0,0.0,0,0,0,0,0,0,0,0,0,0,0,0,0,0,0,0,0,0,0,0,0,0,0,0,0,0,0,0,0,0,0,0,0,31,40,40,71,65476,0,300,0,0,8,21553,0.0,-107605600.0,0.0,0.0,0.0,0.0,0.0,0.0,0.0,0.0,0.0,0.0,0.0,0.0,0.0,0.0,0.0,0.0,0.0,0.0,0.0,0.0,-2.004,-2.004,-2.004,-2.004,0.0,0.0,0.0,0.0,6297.0,2.004,6923.0,0.0,2.7184312818759872e+23,2.7184303811560617e+23,0.0,0.0,0.0,0.0,0.0,69,0.0,126840954880.0,0.0,0.0,0.0,0.0,0.0,0.0,0.0,0,0,0,0.0,0.0,0.0,0.0,0.0,0.0,0.0,0.0,0.0,0.0,0.0,0.0,0.0,0.0,0.0,0.0,0,-107875648.0,69,0.0,138,0.0,0.0,0,13107,17040,13107,17049,13107,17043,0,0,0,70,68,100,2.7302359370752657e+23,71.1,2.7302370179391762e+23,74.2,2.7302370179391762e+23,74.0,1,49,50,180,13107,52429,0,0,0.0,0.0,0.0,0.0,-0.0,67.0,0.0,162057.094,0.0,751,0,739,0,0,0,721,0,766,0,736,0,742,0,742,0,712,0,7520,0.032,103616086016.0,0.0,0.0,784,16797,-0.0,162057.094,-114818.039,-0.0,0.133,6.909358625270745e+28,30.0,65.0,35,0.0,0.0,0.0,0.0,0.0,0.0,0.0,0.0,0.0,0.0,0.0,0.0,0.0,0.0,0.0,0.0,69.2,0,150,71,55,65476,0,300,0,1,8,20529,65476,0,0,40632,65.0,0.0,0.0,0.0,0.0,0.0
2026-09-04T20:24:49,ERR,ERR,ERR,ERR,ERR,ERR,ERR,ERR,ERR,ERR,ERR,ERR,ERR,ERR,ERR,ERR,ERR,ERR,ERR,ERR,ERR,ERR,ERR,ERR,ERR,ERR,ERR,ERR,ERR,ERR,ERR,ERR,ERR,ERR,ERR,ERR,ERR,ERR,ERR,ERR,ERR,ERR,ERR,ERR,ERR,ERR,ERR,ERR,ERR,ERR,ERR,ERR,ERR,ERR,ERR,ERR,ERR,ERR,ERR,ERR,ERR,ERR,ERR,ERR,ERR,ERR,ERR,ERR,ERR,ERR,ERR,ERR,ERR,ERR,ERR,ERR,ERR,ERR,ERR,ERR,ERR,ERR,ERR,ERR,ERR,ERR,ERR,ERR,ERR,ERR,ERR,ERR,ERR,ERR,ERR,ERR,ERR,ERR,ERR,ERR,ERR,ERR,ERR,ERR,ERR,ERR,ERR,ERR,ERR,ERR,ERR,ERR,ERR,ERR,ERR,ERR,ERR,ERR,ERR,ERR,ERR,ERR,ERR,ERR,ERR,0.0,0.0,0.0,0.0,0.0,1.3936040501711995e+18,7.805,0.0,0,0,4,0,7116,0.0,100,0.0,0.0,0.0,0.0,0.0,0,0,0,0,0.0,0,0,0,0,0,0,0,0,0,0,0,0,0,0,0,0,0,0,0,0,0,0,0,0,0,0,0,0,0,0,0,0,0,31,40,40,71,65476,0,300,0,0,8,21553,0.0,-107605600.0,0.0,0.0,0.0,0.0,0.0,0.0,0.0,0.0,0.0,0.0,0.0,0.0,0.0,0.0,0.0,0.0,0.0,0.0,0.0,0.0,-2.004,-2.004,-2.004,-2.004,0.0,0.0,0.0,0.0,6297.0,2.004,6923.0,0.0,2.7184312818759872e+23,2.7184303811560617e+23,0.0,0.0,0.0,0.0,0.0,69,0.0,126840954880.0,0.0,0.0,0.0,0.0,0.0,0.0,0.0,0,0,0,0.0,0.0,0.0,0.0,0.0,0.0,0.0,0.0,0.0,0.0,0.0,0.0,0.0,0.0,0.0,0.0,0,-107875648.0,69,0.0,138,0.0,0.0,0,13107,17040,13107,17049,13107,17043,0,0,0,70,68,100,2.7302359370752657e+23,71.1,2.7302370179391762e+23,74.2,2.7302370179391762e+23,74.0,1,49,50,180,13107,52429,0,0,0.0,0.0,0.0,0.0,-0.0,67.0,0.0,162057.094,0.0,751,0,739,0,0,0,721,0,766,0,736,0,742,0,742,0,712,0,7520,0.032,103616086016.0,0.0,0.0,784,16797,-0.0,162057.094,-114818.039,-0.0,0.133,6.909358625270745e+28,30.0,65.0,35,0.0,0.0,0.0,0.0,0.0,0.0,0.0,0.0,0.0,0.0,0.0,0.0,0.0,0.0,0.0,0.0,69.2,0,150,71,55,65476,0,300,0,1,8,20529,65476,0,0,40632,65.0,0.0,0.0,0.0,0.0,0.0
2026-09-04T20:24:50,ERR,ERR,ERR,ERR,ERR,ERR,ERR,ERR,ERR,ERR,ERR,ERR,ERR,ERR,ERR,ERR,ERR,ERR,ERR,ERR,ERR,ERR,ERR,ERR,ERR,ERR,ERR,ERR,ERR,ERR,ERR,ERR,ERR,ERR,ERR,ERR,ERR,ERR,ERR,ERR,ERR,ERR,ERR,ERR,ERR,ERR,ERR,ERR,ERR,ERR,ERR,ERR,ERR,ERR,ERR,ERR,ERR,ERR,ERR,ERR,ERR,ERR,ERR,ERR,ERR,ERR,ERR,ERR,ERR,ERR,ERR,ERR,ERR,ERR,ERR,ERR,ERR,ERR,ERR,ERR,ERR,ERR,ERR,ERR,ERR,ERR,ERR,ERR,ERR,ERR,ERR,ERR,ERR,ERR,ERR,ERR,ERR,ERR,ERR,ERR,ERR,ERR,ERR,ERR,ERR,ERR,ERR,ERR,ERR,ERR,ERR,ERR,ERR,ERR,ERR,ERR,ERR,ERR,ERR,ERR,ERR,ERR,ERR,ERR,ERR,0.0,0.0,0.0,0.0,0.0,1.3936040501711995e+18,7.805,0.0,0,0,4,0,7116,0.0,100,0.0,0.0,0.0,0.0,0.0,0,0,0,0,0.0,0,0,0,0,0,0,0,0,0,0,0,0,0,0,0,0,0,0,0,0,0,0,0,0,0,0,0,0,0,0,0,0,0,31,40,40,71,65476,0,300,0,0,8,21553,0.0,-107605600.0,0.0,0.0,0.0,0.0,0.0,0.0,0.0,0.0,0.0,0.0,0.0,0.0,0.0,0.0,0.0,0.0,0.0,0.0,0.0,0.0,-2.004,-2.004,-2.004,-2.004,0.0,0.0,0.0,0.0,6297.0,2.004,6923.0,0.0,2.7184312818759872e+23,2.7184303811560617e+23,0.0,0.0,0.0,0.0,0.0,69,0.0,126840954880.0,0.0,0.0,0.0,0.0,0.0,0.0,0.0,0,0,0,0.0,0.0,0.0,0.0,0.0,0.0,0.0,0.0,0.0,0.0,0.0,0.0,0.0,0.0,0.0,0.0,0,-107875648.0,69,0.0,138,0.0,0.0,0,13107,17040,13107,17049,13107,17043,0,0,0,70,68,100,2.7302359370752657e+23,71.1,2.7302370179391762e+23,74.2,2.7302370179391762e+23,74.0,1,49,50,180,13107,52429,0,0,0.0,0.0,0.0,0.0,-0.0,67.0,0.0,162057.094,0.0,751,0,739,0,0,0,721,0,766,0,736,0,742,0,742,0,712,0,7520,0.032,103616086016.0,0.0,0.0,784,16797,-0.0,162057.094,-114818.039,-0.0,0.133,6.909358625270745e+28,30.0,65.0,35,0.0,0.0,0.0,0.0,0.0,0.0,0.0,0.0,0.0,0.0,0.0,0.0,0.0,0.0,0.0,0.0,69.2,0,150,71,55,65476,0,300,0,1,8,20529,65476,0,0,40632,65.0,0.0,0.0,0.0,0.0,0.0
2026-09-04T20:24:51,ERR,ERR,ERR,ERR,ERR,ERR,ERR,ERR,ERR,ERR,ERR,ERR,ERR,ERR,ERR,ERR,ERR,ERR,ERR,ERR,ERR,ERR,ERR,ERR,ERR,ERR,ERR,ERR,ERR,ERR,ERR,ERR,ERR,ERR,ERR,ERR,ERR,ERR,ERR,ERR,ERR,ERR,ERR,ERR,ERR,ERR,ERR,ERR,ERR,ERR,ERR,ERR,ERR,ERR,ERR,ERR,ERR,ERR,ERR,ERR,ERR,ERR,ERR,ERR,ERR,ERR,ERR,ERR,ERR,ERR,ERR,ERR,ERR,ERR,ERR,ERR,ERR,ERR,ERR,ERR,ERR,ERR,ERR,ERR,ERR,ERR,ERR,ERR,ERR,ERR,ERR,ERR,ERR,ERR,ERR,ERR,ERR,ERR,ERR,ERR,ERR,ERR,ERR,ERR,ERR,ERR,ERR,ERR,ERR,ERR,ERR,ERR,ERR,ERR,ERR,ERR,ERR,ERR,ERR,ERR,ERR,ERR,ERR,ERR,ERR,0.0,0.0,0.0,0.0,0.0,1.3936040501711995e+18,7.805,0.0,0,0,4,0,7116,0.0,100,0.0,0.0,0.0,0.0,0.0,0,0,0,0,0.0,0,0,0,0,0,0,0,0,0,0,0,0,0,0,0,0,0,0,0,0,0,0,0,0,0,0,0,0,0,0,0,0,0,31,40,40,71,65476,0,300,0,0,8,21553,0.0,-107605600.0,0.0,0.0,0.0,0.0,0.0,0.0,0.0,0.0,0.0,0.0,0.0,0.0,0.0,0.0,0.0,0.0,0.0,0.0,0.0,0.0,-2.004,-2.004,-2.004,-2.004,0.0,0.0,0.0,0.0,6297.0,2.004,6923.0,0.0,2.7184312818759872e+23,2.7184303811560617e+23,0.0,0.0,0.0,0.0,0.0,69,0.0,126840954880.0,0.0,0.0,0.0,0.0,0.0,0.0,0.0,0,0,0,0.0,0.0,0.0,0.0,0.0,0.0,0.0,0.0,0.0,0.0,0.0,0.0,0.0,0.0,0.0,0.0,0,-107875648.0,69,0.0,138,0.0,0.0,0,13107,17040,13107,17049,13107,17043,0,0,0,70,68,100,2.7302359370752657e+23,71.1,2.7302370179391762e+23,74.2,2.7302370179391762e+23,74.0,1,49,50,180,13107,52429,0,0,0.0,0.0,0.0,0.0,-0.0,67.0,0.0,162057.094,0.0,751,0,739,0,0,0,721,0,766,0,736,0,742,0,742,0,712,0,7520,0.032,103616086016.0,0.0,0.0,784,16797,-0.0,162057.094,-114818.039,-0.0,0.133,6.909358625270745e+28,30.0,65.0,35,0.0,0.0,0.0,0.0,0.0,0.0,0.0,0.0,0.0,0.0,0.0,0.0,0.0,0.0,0.0,0.0,69.2,0,150,71,55,65476,0,300,0,1,8,20529,65476,0,0,40632,65.0,0.0,0.0,0.0,0.0,0.0
2026-09-04T20:24:52,ERR,ERR,ERR,ERR,ERR,ERR,ERR,ERR,ERR,ERR,ERR,ERR,ERR,ERR,ERR,ERR,ERR,ERR,ERR,ERR,ERR,ERR,ERR,ERR,ERR,ERR,ERR,ERR,ERR,ERR,ERR,ERR,ERR,ERR,ERR,ERR,ERR,ERR,ERR,ERR,ERR,ERR,ERR,ERR,ERR,ERR,ERR,ERR,ERR,ERR,ERR,ERR,ERR,ERR,ERR,ERR,ERR,ERR,ERR,ERR,ERR,ERR,ERR,ERR,ERR,ERR,ERR,ERR,ERR,ERR,ERR,ERR,ERR,ERR,ERR,ERR,ERR,ERR,ERR,ERR,ERR,ERR,ERR,ERR,ERR,ERR,ERR,ERR,ERR,ERR,ERR,ERR,ERR,ERR,ERR,ERR,ERR,ERR,ERR,ERR,ERR,ERR,ERR,ERR,ERR,ERR,ERR,ERR,ERR,ERR,ERR,ERR,ERR,ERR,ERR,ERR,ERR,ERR,ERR,ERR,ERR,ERR,ERR,ERR,ERR,0.0,2.7184312818759872e+23,-100793952.0,0.0,0.0,1.3936040501711995e+18,7.805,0.0,0,0,4,0,7116,0.0,100,0.0,0.0,0.0,0.0,0.0,0,0,0,0,0.0,0,0,0,0,0,0,0,0,0,0,0,0,0,0,0,0,0,0,0,0,0,0,0,0,0,0,0,0,0,0,0,0,0,31,40,40,71,65476,0,300,0,0,8,21553,0.0,-107605600.0,0.0,0.0,0.0,0.0,0.0,0.0,0.0,0.0,0.0,0.0,0.0,0.0,0.0,0.0,0.0,0.0,0.0,0.0,0.0,0.0,-2.004,-2.004,-2.004,-2.004,0.0,0.0,0.0,0.0,6297.0,-2.004,6936.0,0.0,2.7184312818759872e+23,-0.0,0.0,0.0,0.0,0.0,0.0,69,71.63,-152018136072192.0,0.0,0.0,0.0,0.0,0.0,0.0,0.0,0,0,0,0.0,0.0,0.0,0.0,0.0,0.0,0.0,0.0,0.0,0.0,0.0,0.0,0.0,0.0,0.0,0.0,0,-107875648.0,69,0.0,138,0.0,-109447200.0,0,13107,17040,13107,17049,13107,17043,0,0,0,70,68,100,2.7302359370752657e+23,71.1,2.7302370179391762e+23,74.2,2.7302370179391762e+23,74.0,1,49,50,180,13107,52429,0,0,0.0,0.0,0.0,0.0,-0.0,67.0,0.0,162057.094,0.0,751,0,739,0,0,0,721,0,766,0,736,0,742,0,742,0,712,0,7520,0.032,103616086016.0,0.0,0.0,784,16797,-0.0,162057.094,-114818.039,-0.0,0.133,6.909358625270745e+28,30.0,65.0,35,0.0,0.0,0.0,0.0,0.0,0.0,0.0,0.0,0.0,0.0,0.0,0.0,0.0,0.0,0.0,0.0,69.2,0,150,71,55,65476,0,300,0,1,8,20529,65476,0,0,40632,65.0,0.0,0.0,0.0,0.0,0.0
2026-09-04T20:24:53,ERR,ERR,ERR,ERR,ERR,ERR,ERR,ERR,ERR,ERR,ERR,ERR,ERR,ERR,ERR,ERR,ERR,ERR,ERR,ERR,ERR,ERR,ERR,ERR,ERR,ERR,ERR,ERR,ERR,ERR,ERR,ERR,ERR,ERR,ERR,ERR,ERR,ERR,ERR,ERR,ERR,ERR,ERR,ERR,ERR,ERR,ERR,ERR,ERR,ERR,ERR,ERR,ERR,ERR,ERR,ERR,ERR,ERR,ERR,ERR,ERR,ERR,ERR,ERR,ERR,ERR,ERR,ERR,ERR,ERR,ERR,ERR,ERR,ERR,ERR,ERR,ERR,ERR,ERR,ERR,ERR,ERR,ERR,ERR,ERR,ERR,ERR,ERR,ERR,ERR,ERR,ERR,ERR,ERR,ERR,ERR,ERR,ERR,ERR,ERR,ERR,ERR,ERR,ERR,ERR,ERR,ERR,ERR,ERR,ERR,ERR,ERR,ERR,ERR,ERR,ERR,ERR,ERR,ERR,ERR,ERR,ERR,ERR,ERR,ERR,0.0,2.7184312818759872e+23,-100793952.0,0.0,0.0,1.3936040501711995e+18,7.805,0.0,0,0,4,0,7116,0.0,100,0.0,0.0,0.0,0.0,0.0,0,0,0,0,0.0,0,0,0,0,0,0,0,0,0,0,0,0,0,0,0,0,0,0,0,0,0,0,0,0,0,0,0,0,0,0,0,0,0,31,40,40,71,65476,0,300,0,0,8,21553,0.0,-107605600.0,0.0,0.0,0.0,0.0,0.0,0.0,0.0,0.0,0.0,0.0,0.0,0.0,0.0,0.0,0.0,0.0,0.0,0.0,0.0,0.0,-2.004,-2.004,-2.004,-2.004,0.0,0.0,0.0,0.0,6297.0,-2.004,6936.0,0.0,2.7184312818759872e+23,-0.0,0.0,0.0,0.0,0.0,0.0,69,71.63,-152018136072192.0,0.0,0.0,0.0,0.0,0.0,0.0,0.0,0,0,0,0.0,0.0,0.0,0.0,0.0,0.0,0.0,0.0,0.0,0.0,0.0,0.0,0.0,0.0,0.0,0.0,0,-107875648.0,69,0.0,138,0.0,-109447200.0,0,13107,17040,13107,17049,13107,17043,0,0,0,70,68,100,2.7302359370752657e+23,71.1,2.7302370179391762e+23,74.2,2.7302370179391762e+23,74.0,1,49,50,180,13107,52429,0,0,0.0,0.0,0.0,0.0,-0.0,67.0,0.0,162057.094,0.0,751,0,739,0,0,0,721,0,766,0,736,0,742,0,742,0,712,0,7520,0.032,103616086016.0,0.0,0.0,784,16797,-0.0,162057.094,-114818.039,-0.0,0.133,6.909358625270745e+28,30.0,65.0,35,0.0,0.0,0.0,0.0,0.0,0.0,0.0,0.0,0.0,0.0,0.0,0.0,0.0,0.0,0.0,0.0,69.2,0,150,71,55,65476,0,300,0,1,8,20529,65476,0,0,40632,65.0,0.0,0.0,0.0,0.0,0.0
2026-09-04T20:24:54,ERR,ERR,ERR,ERR,ERR,ERR,ERR,ERR,ERR,ERR,ERR,ERR,ERR,ERR,ERR,ERR,ERR,ERR,ERR,ERR,ERR,ERR,ERR,ERR,ERR,ERR,ERR,ERR,ERR,ERR,ERR,ERR,ERR,ERR,ERR,ERR,ERR,ERR,ERR,ERR,ERR,ERR,ERR,ERR,ERR,ERR,ERR,ERR,ERR,ERR,ERR,ERR,ERR,ERR,ERR,ERR,ERR,ERR,ERR,ERR,ERR,ERR,ERR,ERR,ERR,ERR,ERR,ERR,ERR,ERR,ERR,ERR,ERR,ERR,ERR,ERR,ERR,ERR,ERR,ERR,ERR,ERR,ERR,ERR,ERR,ERR,ERR,ERR,ERR,ERR,ERR,ERR,ERR,ERR,ERR,ERR,ERR,ERR,ERR,ERR,ERR,ERR,ERR,ERR,ERR,ERR,ERR,ERR,ERR,ERR,ERR,ERR,ERR,ERR,ERR,ERR,ERR,ERR,ERR,ERR,ERR,ERR,ERR,ERR,ERR,0.0,2.7184312818759872e+23,-100793952.0,0.0,0.0,1.3936040501711995e+18,7.805,0.0,0,0,4,0,7116,0.0,100,0.0,0.0,0.0,0.0,0.0,0,0,0,0,0.0,0,0,0,0,0,0,0,0,0,0,0,0,0,0,0,0,0,0,0,0,0,0,0,0,0,0,0,0,0,0,0,0,0,31,40,40,71,65476,0,300,0,0,8,21553,0.0,-107605600.0,0.0,0.0,0.0,0.0,0.0,0.0,0.0,0.0,0.0,0.0,0.0,0.0,0.0,0.0,0.0,0.0,0.0,0.0,0.0,0.0,-2.004,-2.004,-2.004,-2.004,0.0,0.0,0.0,0.0,6297.0,-2.004,6936.0,0.0,2.7184312818759872e+23,-0.0,0.0,0.0,0.0,0.0,0.0,69,71.63,-152018136072192.0,0.0,0.0,0.0,0.0,0.0,0.0,0.0,0,0,0,0.0,0.0,0.0,0.0,0.0,0.0,0.0,0.0,0.0,0.0,0.0,0.0,0.0,0.0,0.0,0.0,0,-107875648.0,69,0.0,138,0.0,-109447200.0,0,13107,17040,13107,17049,13107,17043,0,0,0,70,68,100,2.7302359370752657e+23,71.1,0.0,74.2,2.7302370179391762e+23,74.0,1,49,50,180,13107,52429,0,0,0.0,0.0,0.0,0.0,-0.0,67.0,0.0,162057.094,0.0,751,0,739,0,0,0,721,0,766,0,736,0,742,0,741,0,712,0,7520,0.032,79456894976.0,0.0,0.0,784,16797,-0.0,162057.094,-114818.039,-0.0,0.133,6.909358625270745e+28,30.0,65.0,35,0.0,0.0,0.0,0.0,0.0,0.0,0.0,0.0,0.0,0.0,0.0,0.0,0.0,0.0,0.0,0.0,69.2,0,150,71,55,65476,0,300,0,1,8,20529,65476,0,0,40632,65.0,0.0,0.0,0.0,0.0,0.0
2026-09-04T20:24:55,ERR,ERR,ERR,ERR,ERR,ERR,ERR,ERR,ERR,ERR,ERR,ERR,ERR,ERR,ERR,ERR,ERR,ERR,ERR,ERR,ERR,ERR,ERR,ERR,ERR,ERR,ERR,ERR,ERR,ERR,ERR,ERR,ERR,ERR,ERR,ERR,ERR,ERR,ERR,ERR,ERR,ERR,ERR,ERR,ERR,ERR,ERR,ERR,ERR,ERR,ERR,ERR,ERR,ERR,ERR,ERR,ERR,ERR,ERR,ERR,ERR,ERR,ERR,ERR,ERR,ERR,ERR,ERR,ERR,ERR,ERR,ERR,ERR,ERR,ERR,ERR,ERR,ERR,ERR,ERR,ERR,ERR,ERR,ERR,ERR,ERR,ERR,ERR,ERR,ERR,ERR,ERR,ERR,ERR,ERR,ERR,ERR,ERR,ERR,ERR,ERR,ERR,ERR,ERR,ERR,ERR,ERR,ERR,ERR,ERR,ERR,ERR,ERR,ERR,ERR,ERR,ERR,ERR,ERR,ERR,ERR,ERR,ERR,ERR,ERR,0.0,2.7184312818759872e+23,-100793952.0,0.0,0.0,1.3936040501711995e+18,7.805,0.0,0,0,4,0,7116,0.0,100,0.0,0.0,0.0,0.0,0.0,0,0,0,0,0.0,0,0,0,0,0,0,0,0,0,0,0,0,0,0,0,0,0,0,0,0,0,0,0,0,0,0,0,0,0,0,0,0,0,31,40,40,71,65476,0,300,0,0,8,21553,0.0,-107605600.0,0.0,0.0,0.0,0.0,0.0,0.0,0.0,0.0,0.0,0.0,0.0,0.0,0.0,0.0,0.0,0.0,0.0,0.0,0.0,0.0,-2.004,-2.004,-2.004,-2.004,0.0,0.0,0.0,0.0,6297.0,-2.004,6936.0,0.0,2.7184312818759872e+23,-0.0,0.0,0.0,0.0,0.0,0.0,69,71.63,-152018136072192.0,0.0,0.0,0.0,0.0,0.0,0.0,0.0,0,0,0,0.0,0.0,0.0,0.0,0.0,0.0,0.0,0.0,0.0,0.0,0.0,0.0,0.0,0.0,0.0,0.0,0,-107875648.0,69,0.0,138,0.0,-109447200.0,0,13107,17040,13107,17049,13107,17043,0,0,0,70,68,100,2.7302359370752657e+23,71.1,0.0,74.2,2.7302370179391762e+23,74.0,1,49,50,180,13107,52429,0,0,0.0,0.0,0.0,0.0,-0.0,67.0,0.0,162057.094,0.0,751,0,739,0,0,0,721,0,766,0,736,0,742,0,741,0,712,0,7520,0.032,79456894976.0,0.0,0.0,784,16797,-0.0,162057.094,-114818.039,-0.0,0.133,6.909358625270745e+28,30.0,65.0,35,0.0,0.0,0.0,0.0,0.0,0.0,0.0,0.0,0.0,0.0,0.0,0.0,0.0,0.0,0.0,0.0,69.2,0,150,71,55,65476,0,300,0,1,8,20529,65476,0,0,40632,65.0,0.0,0.0,0.0,0.0,0.0
2026-09-04T20:24:56,ERR,ERR,ERR,ERR,ERR,ERR,ERR,ERR,ERR,ERR,ERR,ERR,ERR,ERR,ERR,ERR,ERR,ERR,ERR,ERR,ERR,ERR,ERR,ERR,ERR,ERR,ERR,ERR,ERR,ERR,ERR,ERR,ERR,ERR,ERR,ERR,ERR,ERR,ERR,ERR,ERR,ERR,ERR,ERR,ERR,ERR,ERR,ERR,ERR,ERR,ERR,ERR,ERR,ERR,ERR,ERR,ERR,ERR,ERR,ERR,ERR,ERR,ERR,ERR,ERR,ERR,ERR,ERR,ERR,ERR,ERR,ERR,ERR,ERR,ERR,ERR,ERR,ERR,ERR,ERR,ERR,ERR,ERR,ERR,ERR,ERR,ERR,ERR,ERR,ERR,ERR,ERR,ERR,ERR,ERR,ERR,ERR,ERR,ERR,ERR,ERR,ERR,ERR,ERR,ERR,ERR,ERR,ERR,ERR,ERR,ERR,ERR,ERR,ERR,ERR,ERR,ERR,ERR,ERR,ERR,ERR,ERR,ERR,ERR,ERR,0.0,2.7184312818759872e+23,-100793952.0,0.0,0.0,1.3936040501711995e+18,7.805,0.0,0,0,4,0,7116,0.0,100,0.0,0.0,0.0,0.0,0.0,0,0,0,0,0.0,0,0,0,0,0,0,0,0,0,0,0,0,0,0,0,0,0,0,0,0,0,0,0,0,0,0,0,0,0,0,0,0,0,31,40,40,71,65476,0,300,0,0,8,21553,0.0,-107605600.0,0.0,0.0,0.0,0.0,0.0,0.0,0.0,0.0,0.0,0.0,0.0,0.0,0.0,0.0,0.0,0.0,0.0,0.0,0.0,0.0,-2.004,-2.004,-2.004,-2.004,0.0,0.0,0.0,0.0,6297.0,-2.004,6936.0,0.0,2.7184312818759872e+23,-0.0,0.0,0.0,0.0,0.0,0.0,69,71.63,-152018136072192.0,0.0,0.0,0.0,0.0,0.0,0.0,0.0,0,0,0,0.0,0.0,0.0,0.0,0.0,0.0,0.0,0.0,0.0,0.0,0.0,0.0,0.0,0.0,0.0,0.0,0,-107875648.0,69,0.0,138,0.0,-109447200.0,0,13107,17040,13107,17049,13107,17043,0,0,0,70,68,100,2.7302359370752657e+23,71.1,0.0,74.2,2.7302370179391762e+23,74.0,1,49,50,180,13107,52429,0,0,0.0,0.0,0.0,0.0,-0.0,67.0,0.0,162057.094,0.0,751,0,739,0,0,0,721,0,766,0,736,0,742,0,741,0,712,0,7520,0.032,79456894976.0,0.0,0.0,784,16797,-0.0,162057.094,-114818.039,-0.0,0.133,6.909358625270745e+28,30.0,65.0,35,0.0,0.0,0.0,0.0,0.0,0.0,0.0,0.0,0.0,0.0,0.0,0.0,0.0,0.0,0.0,0.0,69.2,0,150,71,55,65476,0,300,0,1,8,20529,65476,0,0,40632,65.0,0.0,0.0,0.0,0.0,0.0
2026-09-04T20:24:57,ERR,ERR,ERR,ERR,ERR,ERR,ERR,ERR,ERR,ERR,ERR,ERR,ERR,ERR,ERR,ERR,ERR,ERR,ERR,ERR,ERR,ERR,ERR,ERR,ERR,ERR,ERR,ERR,ERR,ERR,ERR,ERR,ERR,ERR,ERR,ERR,ERR,ERR,ERR,ERR,ERR,ERR,ERR,ERR,ERR,ERR,ERR,ERR,ERR,ERR,ERR,ERR,ERR,ERR,ERR,ERR,ERR,ERR,ERR,ERR,ERR,ERR,ERR,ERR,ERR,ERR,ERR,ERR,ERR,ERR,ERR,ERR,ERR,ERR,ERR,ERR,ERR,ERR,ERR,ERR,ERR,ERR,ERR,ERR,ERR,ERR,ERR,ERR,ERR,ERR,ERR,ERR,ERR,ERR,ERR,ERR,ERR,ERR,ERR,ERR,ERR,ERR,ERR,ERR,ERR,ERR,ERR,ERR,ERR,ERR,ERR,ERR,ERR,ERR,ERR,ERR,ERR,ERR,ERR,ERR,ERR,ERR,ERR,ERR,ERR,0.0,2.7184312818759872e+23,-100793952.0,0.0,0.0,1.3936040501711995e+18,7.805,0.0,0,0,4,0,7116,0.0,100,0.0,0.0,0.0,0.0,0.0,0,0,0,0,0.0,0,0,0,0,0,0,0,0,0,0,0,0,0,0,0,0,0,0,0,0,0,0,0,0,0,0,0,0,0,0,0,0,0,31,40,40,71,65476,0,300,0,0,8,21553,0.0,-107605600.0,0.0,0.0,0.0,0.0,0.0,0.0,0.0,0.0,0.0,0.0,0.0,0.0,0.0,0.0,0.0,0.0,0.0,0.0,0.0,0.0,-2.004,-2.004,-2.004,-2.004,0.0,0.0,0.0,0.0,6297.0,-2.004,6936.0,0.0,2.7184312818759872e+23,-0.0,0.0,0.0,0.0,0.0,0.0,69,71.63,-152018136072192.0,0.0,0.0,0.0,0.0,0.0,0.0,0.0,0,0,0,0.0,0.0,0.0,0.0,0.0,0.0,0.0,0.0,0.0,0.0,0.0,0.0,0.0,0.0,0.0,0.0,0,-107875648.0,69,0.0,138,0.0,-109447200.0,0,13107,17040,13107,17049,13107,17043,0,0,0,70,68,100,2.7302359370752657e+23,71.1,0.0,74.2,2.7302370179391762e+23,74.0,1,49,50,180,13107,52429,0,0,0.0,0.0,0.0,0.0,-0.0,67.0,0.0,162057.094,0.0,751,0,739,0,0,0,721,0,766,0,736,0,742,0,741,0,712,0,7520,0.032,79456894976.0,0.0,0.0,784,16797,-0.0,162057.094,-114818.039,-0.0,0.133,6.909358625270745e+28,30.0,65.0,35,0.0,0.0,0.0,0.0,0.0,0.0,0.0,0.0,0.0,0.0,0.0,0.0,0.0,0.0,0.0,0.0,69.6,0,150,71,55,65476,0,300,0,1,8,20529,65476,0,0,40632,65.0,0.0,0.0,0.0,0.0,0.0
2026-09-04T20:24:58,ERR,ERR,ERR,ERR,ERR,ERR,ERR,ERR,ERR,ERR,ERR,ERR,ERR,ERR,ERR,ERR,ERR,ERR,ERR,ERR,ERR,ERR,ERR,ERR,ERR,ERR,ERR,ERR,ERR,ERR,ERR,ERR,ERR,ERR,ERR,ERR,ERR,ERR,ERR,ERR,ERR,ERR,ERR,ERR,ERR,ERR,ERR,ERR,ERR,ERR,ERR,ERR,ERR,ERR,ERR,ERR,ERR,ERR,ERR,ERR,ERR,ERR,ERR,ERR,ERR,ERR,ERR,ERR,ERR,ERR,ERR,ERR,ERR,ERR,ERR,ERR,ERR,ERR,ERR,ERR,ERR,ERR,ERR,ERR,ERR,ERR,ERR,ERR,ERR,ERR,ERR,ERR,ERR,ERR,ERR,ERR,ERR,ERR,ERR,ERR,ERR,ERR,ERR,ERR,ERR,ERR,ERR,ERR,ERR,ERR,ERR,ERR,ERR,ERR,ERR,ERR,ERR,ERR,ERR,ERR,ERR,ERR,ERR,ERR,ERR,0.0,2.7184312818759872e+23,-100793952.0,0.0,0.0,1.3936040501711995e+18,7.805,0.0,0,0,4,0,7116,0.0,100,0.0,0.0,0.0,0.0,0.0,0,0,0,0,0.0,0,0,0,0,0,0,0,0,0,0,0,0,0,0,0,0,0,0,0,0,0,0,0,0,0,0,0,0,0,0,0,0,0,31,40,40,71,65476,0,300,0,0,8,21553,0.0,-107605600.0,0.0,0.0,0.0,0.0,0.0,0.0,0.0,0.0,0.0,0.0,0.0,0.0,0.0,0.0,0.0,0.0,0.0,0.0,0.0,0.0,-2.004,-2.004,-2.004,-2.004,0.0,0.0,0.0,0.0,6297.0,-2.004,6936.0,0.0,2.7184312818759872e+23,-0.0,0.0,0.0,0.0,0.0,0.0,69,71.63,-152018136072192.0,0.0,0.0,0.0,0.0,0.0,0.0,0.0,0,0,0,0.0,0.0,0.0,0.0,0.0,0.0,0.0,0.0,0.0,0.0,0.0,0.0,0.0,0.0,0.0,0.0,0,-107875648.0,69,0.0,138,0.0,-109447200.0,0,13107,17040,13107,17049,13107,17043,0,0,0,70,68,100,2.7302359370752657e+23,71.1,0.0,74.2,2.7302370179391762e+23,74.0,1,49,50,180,13107,52429,0,0,0.0,0.0,0.0,0.0,-0.0,67.0,0.0,162057.094,0.0,751,0,739,0,0,0,721,0,766,0,736,0,742,0,741,0,712,0,7520,0.032,79456894976.0,0.0,0.0,784,16797,-0.0,162057.094,-114818.039,-0.0,0.133,6.909358625270745e+28,30.0,65.0,35,0.0,0.0,0.0,0.0,0.0,0.0,0.0,0.0,0.0,0.0,0.0,0.0,0.0,0.0,0.0,0.0,69.6,0,150,71,55,65476,0,300,0,1,8,20529,65476,0,0,40632,65.0,0.0,0.0,0.0,0.0,0.0
2026-09-04T20:24:59,ERR,ERR,ERR,ERR,ERR,ERR,ERR,ERR,ERR,ERR,ERR,ERR,ERR,ERR,ERR,ERR,ERR,ERR,ERR,ERR,ERR,ERR,ERR,ERR,ERR,ERR,ERR,ERR,ERR,ERR,ERR,ERR,ERR,ERR,ERR,ERR,ERR,ERR,ERR,ERR,ERR,ERR,ERR,ERR,ERR,ERR,ERR,ERR,ERR,ERR,ERR,ERR,ERR,ERR,ERR,ERR,ERR,ERR,ERR,ERR,ERR,ERR,ERR,ERR,ERR,ERR,ERR,ERR,ERR,ERR,ERR,ERR,ERR,ERR,ERR,ERR,ERR,ERR,ERR,ERR,ERR,ERR,ERR,ERR,ERR,ERR,ERR,ERR,ERR,ERR,ERR,ERR,ERR,ERR,ERR,ERR,ERR,ERR,ERR,ERR,ERR,ERR,ERR,ERR,ERR,ERR,ERR,ERR,ERR,ERR,ERR,ERR,ERR,ERR,ERR,ERR,ERR,ERR,ERR,ERR,ERR,ERR,ERR,ERR,ERR,0.0,2.7184312818759872e+23,-100793952.0,0.0,0.0,1.3936040501711995e+18,7.805,0.0,0,0,4,0,7116,0.0,100,0.0,0.0,0.0,0.0,0.0,0,0,0,0,0.0,0,0,0,0,0,0,0,0,0,0,0,0,0,0,0,0,0,0,0,0,0,0,0,0,0,0,0,0,0,0,0,0,0,31,40,40,71,65476,0,300,0,0,8,21553,0.0,-107605600.0,0.0,0.0,0.0,0.0,0.0,0.0,0.0,0.0,0.0,0.0,0.0,0.0,0.0,0.0,0.0,0.0,0.0,0.0,0.0,0.0,-2.004,-2.004,-2.004,-2.004,0.0,0.0,0.0,0.0,6297.0,-2.004,6936.0,0.0,2.7184312818759872e+23,-0.0,0.0,0.0,0.0,0.0,0.0,69,71.63,-152018136072192.0,0.0,0.0,0.0,0.0,0.0,0.0,0.0,0,0,0,0.0,0.0,0.0,0.0,0.0,0.0,0.0,0.0,0.0,0.0,0.0,0.0,0.0,0.0,0.0,0.0,0,-107875648.0,69,0.0,138,0.0,-109447200.0,0,13107,17040,13107,17049,13107,17043,0,0,0,70,68,100,2.7302359370752657e+23,71.2,2.7302370179391762e+23,74.2,2.7302370179391762e+23,74.0,1,49,50,180,13107,52429,0,0,0.0,0.0,0.0,0.0,-0.0,67.0,0.0,162057.094,0.0,751,0,739,0,0,0,721,0,766,0,736,0,742,0,741,0,712,0,7520,0.032,79456894976.0,0.0,0.0,784,16797,-0.0,162057.094,-114818.039,-0.0,0.133,6.909358625270745e+28,30.0,65.0,35,0.0,0.0,0.0,0.0,0.0,0.0,0.0,0.0,0.0,0.0,0.0,0.0,0.0,0.0,0.0,0.0,69.6,0,150,71,55,65476,0,300,0,1,8,20529,65476,0,0,40632,65.0,0.0,0.0,0.0,0.0,0.0
2026-09-04T20:25:00,ERR,ERR,ERR,ERR,ERR,ERR,ERR,ERR,ERR,ERR,ERR,ERR,ERR,ERR,ERR,ERR,ERR,ERR,ERR,ERR,ERR,ERR,ERR,ERR,ERR,ERR,ERR,ERR,ERR,ERR,ERR,ERR,ERR,ERR,ERR,ERR,ERR,ERR,ERR,ERR,ERR,ERR,ERR,ERR,ERR,ERR,ERR,ERR,ERR,ERR,ERR,ERR,ERR,ERR,ERR,ERR,ERR,ERR,ERR,ERR,ERR,ERR,ERR,ERR,ERR,ERR,ERR,ERR,ERR,ERR,ERR,ERR,ERR,ERR,ERR,ERR,ERR,ERR,ERR,ERR,ERR,ERR,ERR,ERR,ERR,ERR,ERR,ERR,ERR,ERR,ERR,ERR,ERR,ERR,ERR,ERR,ERR,ERR,ERR,ERR,ERR,ERR,ERR,ERR,ERR,ERR,ERR,ERR,ERR,ERR,ERR,ERR,ERR,ERR,ERR,ERR,ERR,ERR,ERR,ERR,ERR,ERR,ERR,ERR,ERR,0.0,0.0,0.0,0.0,0.0,1.3936040501711995e+18,7.805,0.0,0,0,4,0,7116,0.0,100,0.0,0.0,0.0,0.0,0.0,0,0,0,0,0.0,0,0,0,0,0,0,0,0,0,0,0,0,0,0,0,0,0,0,0,0,0,0,0,0,0,0,0,0,0,0,0,0,0,31,40,40,71,65476,0,300,0,0,8,21553,0.0,-107605600.0,0.0,0.0,0.0,0.0,0.0,0.0,0.0,0.0,0.0,0.0,0.0,0.0,0.0,0.0,0.0,0.0,0.0,0.0,0.0,0.0,-2.004,-2.004,-0.0,0.0,0.0,0.0,0.0,0.0,6296.0,-564148517732352.0,6939.0,0.0,2.7184312818759872e+23,-0.0,0.0,0.0,0.0,0.0,0.0,69,107615408.0,-3.222021582922723e+26,0.0,0.0,0.0,0.0,0.0,0.0,0.0,0,0,0,0.0,0.0,0.0,0.0,0.0,0.0,0.0,0.0,0.0,0.0,0.0,0.0,0.0,0.0,0.0,0.0,0,-107875648.0,69,0.0,138,0.0,-109447200.0,0,13107,17040,13107,17049,13107,17043,0,0,0,70,68,100,2.7302359370752657e+23,71.2,2.7302370179391762e+23,74.2,2.7302370179391762e+23,74.0,1,49,50,180,13107,52429,0,0,0.0,0.0,0.0,0.0,-0.0,67.0,0.0,162057.094,0.0,751,0,739,0,0,0,721,0,766,0,736,0,742,0,741,0,712,0,7520,0.032,79456894976.0,0.0,0.0,784,16797,-0.0,162057.094,-114818.039,-0.0,0.133,6.909358625270745e+28,30.0,65.0,35,0.0,0.0,0.0,0.0,0.0,0.0,0.0,0.0,0.0,0.0,0.0,0.0,0.0,0.0,0.0,0.0,69.2,0,150,71,55,65476,0,300,0,1,8,20529,65476,0,0,40632,65.0,0.0,0.0,0.0,0.0,0.0
2026-09-04T20:25:01,ERR,ERR,ERR,ERR,ERR,ERR,ERR,ERR,ERR,ERR,ERR,ERR,ERR,ERR,ERR,ERR,ERR,ERR,ERR,ERR,ERR,ERR,ERR,ERR,ERR,ERR,ERR,ERR,ERR,ERR,ERR,ERR,ERR,ERR,ERR,ERR,ERR,ERR,ERR,ERR,ERR,ERR,ERR,ERR,ERR,ERR,ERR,ERR,ERR,ERR,ERR,ERR,ERR,ERR,ERR,ERR,ERR,ERR,ERR,ERR,ERR,ERR,ERR,ERR,ERR,ERR,ERR,ERR,ERR,ERR,ERR,ERR,ERR,ERR,ERR,ERR,ERR,ERR,ERR,ERR,ERR,ERR,ERR,ERR,ERR,ERR,ERR,ERR,ERR,ERR,ERR,ERR,ERR,ERR,ERR,ERR,ERR,ERR,ERR,ERR,ERR,ERR,ERR,ERR,ERR,ERR,ERR,ERR,ERR,ERR,ERR,ERR,ERR,ERR,ERR,ERR,ERR,ERR,ERR,ERR,ERR,ERR,ERR,ERR,ERR,0.0,0.0,0.0,0.0,0.0,1.3936040501711995e+18,7.805,0.0,0,0,4,0,7116,0.0,100,0.0,0.0,0.0,0.0,0.0,0,0,0,0,0.0,0,0,0,0,0,0,0,0,0,0,0,0,0,0,0,0,0,0,0,0,0,0,0,0,0,0,0,0,0,0,0,0,0,31,40,40,71,65476,0,300,0,0,8,21553,0.0,-107605600.0,0.0,0.0,0.0,0.0,0.0,0.0,0.0,0.0,0.0,0.0,0.0,0.0,0.0,0.0,0.0,0.0,0.0,0.0,0.0,0.0,-2.004,-2.004,-0.0,0.0,0.0,0.0,0.0,0.0,6296.0,-564148517732352.0,6939.0,0.0,2.7184312818759872e+23,-0.0,0.0,0.0,0.0,0.0,0.0,69,107615408.0,-3.222021582922723e+26,0.0,0.0,0.0,0.0,0.0,0.0,0.0,0,0,0,0.0,0.0,0.0,0.0,0.0,0.0,0.0,0.0,0.0,0.0,0.0,0.0,0.0,0.0,0.0,0.0,0,-107875648.0,69,0.0,138,0.0,-109447200.0,0,13107,17040,13107,17049,13107,17043,0,0,0,70,68,100,2.7302359370752657e+23,71.2,2.7302370179391762e+23,74.2,2.7302370179391762e+23,74.0,1,49,50,180,13107,52429,0,0,0.0,0.0,0.0,0.0,-0.0,67.0,0.0,162057.094,0.0,751,0,739,0,0,0,721,0,766,0,736,0,742,0,741,0,712,0,7520,0.032,79456894976.0,0.0,0.0,784,16797,-0.0,162057.094,-114818.039,-0.0,0.133,6.909358625270745e+28,30.0,65.0,35,0.0,0.0,0.0,0.0,0.0,0.0,0.0,0.0,0.0,0.0,0.0,0.0,0.0,0.0,0.0,0.0,69.2,0,150,71,55,65476,0,300,0,1,8,20529,65476,0,0,40632,65.0,0.0,0.0,0.0,0.0,0.0
2026-09-04T20:25:02,ERR,ERR,ERR,ERR,ERR,ERR,ERR,ERR,ERR,ERR,ERR,ERR,ERR,ERR,ERR,ERR,ERR,ERR,ERR,ERR,ERR,ERR,ERR,ERR,ERR,ERR,ERR,ERR,ERR,ERR,ERR,ERR,ERR,ERR,ERR,ERR,ERR,ERR,ERR,ERR,ERR,ERR,ERR,ERR,ERR,ERR,ERR,ERR,ERR,ERR,ERR,ERR,ERR,ERR,ERR,ERR,ERR,ERR,ERR,ERR,ERR,ERR,ERR,ERR,ERR,ERR,ERR,ERR,ERR,ERR,ERR,ERR,ERR,ERR,ERR,ERR,ERR,ERR,ERR,ERR,ERR,ERR,ERR,ERR,ERR,ERR,ERR,ERR,ERR,ERR,ERR,ERR,ERR,ERR,ERR,ERR,ERR,ERR,ERR,ERR,ERR,ERR,ERR,ERR,ERR,ERR,ERR,ERR,ERR,ERR,ERR,ERR,ERR,ERR,ERR,ERR,ERR,ERR,ERR,ERR,ERR,ERR,ERR,ERR,ERR,0.0,0.0,0.0,0.0,0.0,1.3936040501711995e+18,7.805,0.0,0,0,4,0,7116,0.0,100,0.0,0.0,0.0,0.0,0.0,0,0,0,0,0.0,0,0,0,0,0,0,0,0,0,0,0,0,0,0,0,0,0,0,0,0,0,0,0,0,0,0,0,0,0,0,0,0,0,31,40,40,71,65476,0,300,0,0,8,21553,0.0,-107605600.0,0.0,0.0,0.0,0.0,0.0,0.0,0.0,0.0,0.0,0.0,0.0,0.0,0.0,0.0,0.0,0.0,0.0,0.0,0.0,0.0,-2.004,-2.004,-0.0,0.0,0.0,0.0,0.0,0.0,6296.0,-564148517732352.0,6939.0,0.0,2.7184312818759872e+23,-0.0,0.0,0.0,0.0,0.0,0.0,69,107615408.0,-3.222021582922723e+26,0.0,0.0,0.0,0.0,0.0,0.0,0.0,0,0,0,0.0,0.0,0.0,0.0,0.0,0.0,0.0,0.0,0.0,0.0,0.0,0.0,0.0,0.0,0.0,0.0,0,-107875648.0,69,0.0,138,0.0,-109447200.0,0,13107,17040,13107,17049,13107,17043,0,0,0,70,68,100,2.7302359370752657e+23,71.2,2.7302370179391762e+23,74.2,2.7302370179391762e+23,74.0,1,49,50,180,13107,52429,0,0,0.0,0.0,0.0,0.0,-0.0,67.0,0.0,162057.094,0.0,751,0,739,0,0,0,721,0,766,0,736,0,742,0,741,0,712,0,7520,0.032,79456894976.0,0.0,0.0,784,16797,-0.0,162057.094,-114818.039,-0.0,0.133,6.909358625270745e+28,30.0,65.0,35,0.0,0.0,0.0,0.0,0.0,0.0,0.0,0.0,0.0,0.0,0.0,0.0,0.0,0.0,0.0,0.0,69.6,0,150,71,55,65476,0,300,0,1,8,20529,65476,0,0,40632,65.0,0.0,0.0,0.0,0.0,0.0
2026-09-04T20:25:03,ERR,ERR,ERR,ERR,ERR,ERR,ERR,ERR,ERR,ERR,ERR,ERR,ERR,ERR,ERR,ERR,ERR,ERR,ERR,ERR,ERR,ERR,ERR,ERR,ERR,ERR,ERR,ERR,ERR,ERR,ERR,ERR,ERR,ERR,ERR,ERR,ERR,ERR,ERR,ERR,ERR,ERR,ERR,ERR,ERR,ERR,ERR,ERR,ERR,ERR,ERR,ERR,ERR,ERR,ERR,ERR,ERR,ERR,ERR,ERR,ERR,ERR,ERR,ERR,ERR,ERR,ERR,ERR,ERR,ERR,ERR,ERR,ERR,ERR,ERR,ERR,ERR,ERR,ERR,ERR,ERR,ERR,ERR,ERR,ERR,ERR,ERR,ERR,ERR,ERR,ERR,ERR,ERR,ERR,ERR,ERR,ERR,ERR,ERR,ERR,ERR,ERR,ERR,ERR,ERR,ERR,ERR,ERR,ERR,ERR,ERR,ERR,ERR,ERR,ERR,ERR,ERR,ERR,ERR,ERR,ERR,ERR,ERR,ERR,ERR,0.0,0.0,0.0,0.0,0.0,1.3936040501711995e+18,7.805,0.0,0,0,4,0,7116,0.0,100,0.0,0.0,0.0,0.0,0.0,0,0,0,0,0.0,0,0,0,0,0,0,0,0,0,0,0,0,0,0,0,0,0,0,0,0,0,0,0,0,0,0,0,0,0,0,0,0,0,31,40,40,71,65476,0,300,0,0,8,21553,0.0,-107605600.0,0.0,0.0,0.0,0.0,0.0,0.0,0.0,0.0,0.0,0.0,0.0,0.0,0.0,0.0,0.0,0.0,0.0,0.0,0.0,0.0,-2.004,-2.004,-0.0,0.0,0.0,0.0,0.0,0.0,6296.0,-564148517732352.0,6939.0,0.0,2.7184312818759872e+23,-0.0,0.0,0.0,0.0,0.0,0.0,69,107615408.0,-3.222021582922723e+26,0.0,0.0,0.0,0.0,0.0,0.0,0.0,0,0,0,0.0,0.0,0.0,0.0,0.0,0.0,0.0,0.0,0.0,0.0,0.0,0.0,0.0,0.0,0.0,0.0,0,-107875648.0,69,0.0,138,0.0,-109447200.0,0,13107,17040,13107,17049,13107,17043,0,0,0,70,68,100,2.7302359370752657e+23,71.2,2.7302370179391762e+23,74.2,2.7302370179391762e+23,74.0,1,49,50,180,13107,52429,0,0,0.0,0.0,0.0,0.0,-0.0,67.0,0.0,162057.094,0.0,751,0,739,0,0,0,721,0,766,0,736,0,742,0,741,0,712,0,7520,0.032,79456894976.0,0.0,0.0,784,16797,-0.0,162057.094,-114818.039,-0.0,0.133,6.909358625270745e+28,30.0,65.0,35,0.0,0.0,0.0,0.0,0.0,0.0,0.0,0.0,0.0,0.0,0.0,0.0,0.0,0.0,0.0,0.0,69.6,0,150,71,55,65476,0,300,0,1,8,20529,65476,0,0,40632,65.0,0.0,0.0,0.0,0.0,0.0
2026-09-04T20:25:04,ERR,ERR,ERR,ERR,ERR,ERR,ERR,ERR,ERR,ERR,ERR,ERR,ERR,ERR,ERR,ERR,ERR,ERR,ERR,ERR,ERR,ERR,ERR,ERR,ERR,ERR,ERR,ERR,ERR,ERR,ERR,ERR,ERR,ERR,ERR,ERR,ERR,ERR,ERR,ERR,ERR,ERR,ERR,ERR,ERR,ERR,ERR,ERR,ERR,ERR,ERR,ERR,ERR,ERR,ERR,ERR,ERR,ERR,ERR,ERR,ERR,ERR,ERR,ERR,ERR,ERR,ERR,ERR,ERR,ERR,ERR,ERR,ERR,ERR,ERR,ERR,ERR,ERR,ERR,ERR,ERR,ERR,ERR,ERR,ERR,ERR,ERR,ERR,ERR,ERR,ERR,ERR,ERR,ERR,ERR,ERR,ERR,ERR,ERR,ERR,ERR,ERR,ERR,ERR,ERR,ERR,ERR,ERR,ERR,ERR,ERR,ERR,ERR,ERR,ERR,ERR,ERR,ERR,ERR,ERR,ERR,ERR,ERR,ERR,ERR,0.0,0.0,0.0,0.0,0.0,1.3936040501711995e+18,7.805,0.0,0,0,4,0,7116,0.0,100,0.0,0.0,0.0,0.0,0.0,0,0,0,0,0.0,0,0,0,0,0,0,0,0,0,0,0,0,0,0,0,0,0,0,0,0,0,0,0,0,0,0,0,0,0,0,0,0,0,31,40,40,71,65476,0,300,0,0,8,21553,0.0,-107605600.0,0.0,0.0,0.0,0.0,0.0,0.0,0.0,0.0,0.0,0.0,0.0,0.0,0.0,0.0,0.0,0.0,0.0,0.0,0.0,0.0,-2.004,-2.004,-0.0,0.0,0.0,0.0,0.0,0.0,6296.0,-564148517732352.0,6939.0,0.0,2.7184312818759872e+23,-0.0,0.0,0.0,0.0,0.0,0.0,69,107615408.0,-3.222021582922723e+26,0.0,0.0,0.0,0.0,0.0,0.0,0.0,0,0,0,0.0,0.0,0.0,0.0,0.0,0.0,0.0,0.0,0.0,0.0,0.0,0.0,0.0,0.0,0.0,0.0,0,-107875648.0,69,0.0,138,0.0,-109447200.0,0,13107,17040,13107,17049,13107,17043,0,0,0,70,68,100,2.7302359370752657e+23,71.2,2.7302370179391762e+23,74.2,2.7302370179391762e+23,74.0,1,49,50,180,13107,52429,0,0,0.0,0.0,0.0,0.0,-0.0,67.0,0.0,162057.094,0.0,751,0,739,0,0,0,721,0,766,0,736,0,742,0,742,0,712,0,7520,0.032,79456894976.0,0.0,0.0,784,16797,-0.0,162057.094,-114818.039,-0.0,0.133,6.909358625270745e+28,30.0,65.0,35,0.0,0.0,0.0,0.0,0.0,0.0,0.0,0.0,0.0,0.0,0.0,0.0,0.0,0.0,0.0,0.0,69.2,0,150,71,55,65476,0,300,0,1,8,20529,65476,0,0,40632,65.0,0.0,0.0,0.0,0.0,0.0
2026-09-04T20:25:05,ERR,ERR,ERR,ERR,ERR,ERR,ERR,ERR,ERR,ERR,ERR,ERR,ERR,ERR,ERR,ERR,ERR,ERR,ERR,ERR,ERR,ERR,ERR,ERR,ERR,ERR,ERR,ERR,ERR,ERR,ERR,ERR,ERR,ERR,ERR,ERR,ERR,ERR,ERR,ERR,ERR,ERR,ERR,ERR,ERR,ERR,ERR,ERR,ERR,ERR,ERR,ERR,ERR,ERR,ERR,ERR,ERR,ERR,ERR,ERR,ERR,ERR,ERR,ERR,ERR,ERR,ERR,ERR,ERR,ERR,ERR,ERR,ERR,ERR,ERR,ERR,ERR,ERR,ERR,ERR,ERR,ERR,ERR,ERR,ERR,ERR,ERR,ERR,ERR,ERR,ERR,ERR,ERR,ERR,ERR,ERR,ERR,ERR,ERR,ERR,ERR,ERR,ERR,ERR,ERR,ERR,ERR,ERR,ERR,ERR,ERR,ERR,ERR,ERR,ERR,ERR,ERR,ERR,ERR,ERR,ERR,ERR,ERR,ERR,ERR,0.0,0.0,0.0,0.0,0.0,1.3936040501711995e+18,7.805,0.0,0,0,4,0,7116,0.0,100,0.0,0.0,0.0,0.0,0.0,0,0,0,0,0.0,0,0,0,0,0,0,0,0,0,0,0,0,0,0,0,0,0,0,0,0,0,0,0,0,0,0,0,0,0,0,0,0,0,31,40,40,71,65476,0,300,0,0,8,21553,0.0,-107605600.0,0.0,0.0,0.0,0.0,0.0,0.0,0.0,0.0,0.0,0.0,0.0,0.0,0.0,0.0,0.0,0.0,0.0,0.0,0.0,0.0,-2.004,-2.004,-0.0,0.0,0.0,0.0,0.0,0.0,6296.0,-564148517732352.0,6939.0,0.0,2.7184312818759872e+23,-0.0,0.0,0.0,0.0,0.0,0.0,69,107615408.0,-3.222021582922723e+26,0.0,0.0,0.0,0.0,0.0,0.0,0.0,0,0,0,0.0,0.0,0.0,0.0,0.0,0.0,0.0,0.0,0.0,0.0,0.0,0.0,0.0,0.0,0.0,0.0,0,-107875648.0,69,0.0,138,0.0,-109447200.0,0,13107,17040,13107,17049,13107,17043,0,0,0,70,68,100,2.7302359370752657e+23,71.2,2.7302370179391762e+23,74.2,2.7302370179391762e+23,74.0,1,49,50,180,13107,52429,0,0,0.0,0.0,0.0,0.0,-0.0,67.0,0.0,162057.094,0.0,751,0,739,0,0,0,721,0,766,0,736,0,742,0,742,0,712,0,7520,0.032,79456894976.0,0.0,0.0,784,16797,-0.0,162057.094,-114818.039,-0.0,0.133,6.909358625270745e+28,30.0,65.0,35,0.0,0.0,0.0,0.0,0.0,0.0,0.0,0.0,0.0,0.0,0.0,0.0,0.0,0.0,0.0,0.0,69.2,0,150,71,55,65476,0,300,0,1,8,20529,65476,0,0,40632,65.0,0.0,0.0,0.0,0.0,0.0
2026-09-04T20:25:06,ERR,ERR,ERR,ERR,ERR,ERR,ERR,ERR,ERR,ERR,ERR,ERR,ERR,ERR,ERR,ERR,ERR,ERR,ERR,ERR,ERR,ERR,ERR,ERR,ERR,ERR,ERR,ERR,ERR,ERR,ERR,ERR,ERR,ERR,ERR,ERR,ERR,ERR,ERR,ERR,ERR,ERR,ERR,ERR,ERR,ERR,ERR,ERR,ERR,ERR,ERR,ERR,ERR,ERR,ERR,ERR,ERR,ERR,ERR,ERR,ERR,ERR,ERR,ERR,ERR,ERR,ERR,ERR,ERR,ERR,ERR,ERR,ERR,ERR,ERR,ERR,ERR,ERR,ERR,ERR,ERR,ERR,ERR,ERR,ERR,ERR,ERR,ERR,ERR,ERR,ERR,ERR,ERR,ERR,ERR,ERR,ERR,ERR,ERR,ERR,ERR,ERR,ERR,ERR,ERR,ERR,ERR,ERR,ERR,ERR,ERR,ERR,ERR,ERR,ERR,ERR,ERR,ERR,ERR,ERR,ERR,ERR,ERR,ERR,ERR,0.0,0.0,0.0,0.0,0.0,1.3936040501711995e+18,7.805,0.0,0,0,4,0,7116,0.0,100,0.0,0.0,0.0,0.0,0.0,0,0,0,0,0.0,0,0,0,0,0,0,0,0,0,0,0,0,0,0,0,0,0,0,0,0,0,0,0,0,0,0,0,0,0,0,0,0,0,31,40,40,71,65476,0,300,0,0,8,21553,0.0,-107605600.0,0.0,0.0,0.0,0.0,0.0,0.0,0.0,0.0,0.0,0.0,0.0,0.0,0.0,0.0,0.0,0.0,0.0,0.0,0.0,0.0,-2.004,-2.004,-0.0,0.0,0.0,0.0,0.0,0.0,6296.0,-564148517732352.0,6939.0,0.0,2.7184312818759872e+23,-0.0,0.0,0.0,0.0,0.0,0.0,69,107615408.0,-3.222021582922723e+26,0.0,0.0,0.0,0.0,0.0,0.0,0.0,0,0,0,0.0,0.0,0.0,0.0,0.0,0.0,0.0,0.0,0.0,0.0,0.0,0.0,0.0,0.0,0.0,0.0,0,-107875648.0,69,0.0,138,0.0,-109447200.0,0,13107,17040,13107,17049,13107,17043,0,0,0,70,68,100,2.7302359370752657e+23,71.2,2.7302370179391762e+23,74.2,2.7302370179391762e+23,74.0,1,49,50,180,13107,52429,0,0,0.0,0.0,0.0,0.0,-0.0,67.0,0.0,162057.094,0.0,751,0,739,0,0,0,721,0,766,0,736,0,742,0,742,0,712,0,7520,0.032,79456894976.0,0.0,0.0,784,16797,-0.0,162057.094,-114818.039,-0.0,0.133,6.909358625270745e+28,30.0,65.0,35,0.0,0.0,0.0,0.0,0.0,0.0,0.0,0.0,0.0,0.0,0.0,0.0,0.0,0.0,0.0,0.0,69.2,0,150,71,55,65476,0,300,0,1,8,20529,65476,0,0,40632,65.0,0.0,0.0,0.0,0.0,0.0
2026-09-04T20:25:07,ERR,ERR,ERR,ERR,ERR,ERR,ERR,ERR,ERR,ERR,ERR,ERR,ERR,ERR,ERR,ERR,ERR,ERR,ERR,ERR,ERR,ERR,ERR,ERR,ERR,ERR,ERR,ERR,ERR,ERR,ERR,ERR,ERR,ERR,ERR,ERR,ERR,ERR,ERR,ERR,ERR,ERR,ERR,ERR,ERR,ERR,ERR,ERR,ERR,ERR,ERR,ERR,ERR,ERR,ERR,ERR,ERR,ERR,ERR,ERR,ERR,ERR,ERR,ERR,ERR,ERR,ERR,ERR,ERR,ERR,ERR,ERR,ERR,ERR,ERR,ERR,ERR,ERR,ERR,ERR,ERR,ERR,ERR,ERR,ERR,ERR,ERR,ERR,ERR,ERR,ERR,ERR,ERR,ERR,ERR,ERR,ERR,ERR,ERR,ERR,ERR,ERR,ERR,ERR,ERR,ERR,ERR,ERR,ERR,ERR,ERR,ERR,ERR,ERR,ERR,ERR,ERR,ERR,ERR,ERR,ERR,ERR,ERR,ERR,ERR,0.0,2.7184312818759872e+23,-100793952.0,0.0,0.0,1.3936040501711995e+18,7.805,0.0,0,0,4,0,7116,0.0,100,0.0,0.0,0.0,0.0,0.0,0,0,0,0,0.0,0,0,0,0,0,0,0,0,0,0,0,0,0,0,0,0,0,0,0,0,0,0,0,0,0,0,0,0,0,0,0,0,0,31,40,40,71,65476,0,300,0,0,8,21553,0.0,-107605600.0,0.0,0.0,0.0,0.0,0.0,0.0,0.0,0.0,0.0,0.0,0.0,0.0,0.0,0.0,0.0,0.0,0.0,0.0,0.0,0.0,-2.004,-2.004,-2.004,-2.004,0.0,0.0,0.0,0.0,6301.0,-0.0,6934.0,0.0,2.7184312818759872e+23,-0.0,0.0,0.0,0.0,0.0,0.0,69,89221.172,-71.63,0.0,0.0,0.0,0.0,0.0,0.0,0.0,0,0,0,0.0,0.0,0.0,0.0,0.0,0.0,0.0,0.0,0.0,0.0,0.0,0.0,0.0,0.0,0.0,0.0,0,-107875648.0,69,0.0,138,0.0,0.0,0,13107,17040,13107,17049,13107,17043,0,0,0,70,68,100,2.7302359370752657e+23,71.2,2.7302370179391762e+23,74.2,2.7302370179391762e+23,74.0,1,49,50,180,13107,52429,0,0,0.0,0.0,0.0,0.0,-0.0,67.0,0.0,162057.094,0.0,751,0,739,0,0,0,721,0,766,0,736,0,742,0,742,0,712,0,7520,0.032,79456894976.0,0.0,0.0,784,16797,-0.0,162057.094,-114818.039,-0.0,0.133,6.909358625270745e+28,30.0,65.0,35,0.0,0.0,0.0,0.0,0.0,0.0,0.0,0.0,0.0,0.0,0.0,0.0,0.0,0.0,0.0,0.0,69.2,0,150,71,55,65476,0,300,0,1,8,20529,65476,0,0,40632,65.0,0.0,0.0,0.0,0.0,0.0
2026-09-04T20:25:08,ERR,ERR,ERR,ERR,ERR,ERR,ERR,ERR,ERR,ERR,ERR,ERR,ERR,ERR,ERR,ERR,ERR,ERR,ERR,ERR,ERR,ERR,ERR,ERR,ERR,ERR,ERR,ERR,ERR,ERR,ERR,ERR,ERR,ERR,ERR,ERR,ERR,ERR,ERR,ERR,ERR,ERR,ERR,ERR,ERR,ERR,ERR,ERR,ERR,ERR,ERR,ERR,ERR,ERR,ERR,ERR,ERR,ERR,ERR,ERR,ERR,ERR,ERR,ERR,ERR,ERR,ERR,ERR,ERR,ERR,ERR,ERR,ERR,ERR,ERR,ERR,ERR,ERR,ERR,ERR,ERR,ERR,ERR,ERR,ERR,ERR,ERR,ERR,ERR,ERR,ERR,ERR,ERR,ERR,ERR,ERR,ERR,ERR,ERR,ERR,ERR,ERR,ERR,ERR,ERR,ERR,ERR,ERR,ERR,ERR,ERR,ERR,ERR,ERR,ERR,ERR,ERR,ERR,ERR,ERR,ERR,ERR,ERR,ERR,ERR,0.0,2.7184312818759872e+23,-100793952.0,0.0,0.0,1.3936040501711995e+18,7.805,0.0,0,0,4,0,7116,0.0,100,0.0,0.0,0.0,0.0,0.0,0,0,0,0,0.0,0,0,0,0,0,0,0,0,0,0,0,0,0,0,0,0,0,0,0,0,0,0,0,0,0,0,0,0,0,0,0,0,0,31,40,40,71,65476,0,300,0,0,8,21553,0.0,-107605600.0,0.0,0.0,0.0,0.0,0.0,0.0,0.0,0.0,0.0,0.0,0.0,0.0,0.0,0.0,0.0,0.0,0.0,0.0,0.0,0.0,-2.004,-2.004,-2.004,-2.004,0.0,0.0,0.0,0.0,6301.0,-0.0,6934.0,0.0,2.7184312818759872e+23,-0.0,0.0,0.0,0.0,0.0,0.0,69,89221.172,-71.63,0.0,0.0,0.0,0.0,0.0,0.0,0.0,0,0,0,0.0,0.0,0.0,0.0,0.0,0.0,0.0,0.0,0.0,0.0,0.0,0.0,0.0,0.0,0.0,0.0,0,-107875648.0,69,0.0,138,0.0,0.0,0,13107,17040,13107,17049,13107,17043,0,0,0,70,68,100,2.7302359370752657e+23,71.2,2.7302370179391762e+23,74.2,2.7302370179391762e+23,74.0,1,49,50,180,13107,52429,0,0,0.0,0.0,0.0,0.0,-0.0,67.0,0.0,162057.094,0.0,751,0,739,0,0,0,721,0,766,0,736,0,742,0,742,0,712,0,7520,0.032,79456894976.0,0.0,0.0,784,16797,-0.0,162057.094,-114818.039,-0.0,0.133,6.909358625270745e+28,30.0,65.0,35,0.0,0.0,0.0,0.0,0.0,0.0,0.0,0.0,0.0,0.0,0.0,0.0,0.0,0.0,0.0,0.0,69.2,0,150,71,55,65476,0,300,0,1,8,20529,65476,0,0,40632,65.0,0.0,0.0,0.0,0.0,0.0
2026-09-04T20:25:09,ERR,ERR,ERR,ERR,ERR,ERR,ERR,ERR,ERR,ERR,ERR,ERR,ERR,ERR,ERR,ERR,ERR,ERR,ERR,ERR,ERR,ERR,ERR,ERR,ERR,ERR,ERR,ERR,ERR,ERR,ERR,ERR,ERR,ERR,ERR,ERR,ERR,ERR,ERR,ERR,ERR,ERR,ERR,ERR,ERR,ERR,ERR,ERR,ERR,ERR,ERR,ERR,ERR,ERR,ERR,ERR,ERR,ERR,ERR,ERR,ERR,ERR,ERR,ERR,ERR,ERR,ERR,ERR,ERR,ERR,ERR,ERR,ERR,ERR,ERR,ERR,ERR,ERR,ERR,ERR,ERR,ERR,ERR,ERR,ERR,ERR,ERR,ERR,ERR,ERR,ERR,ERR,ERR,ERR,ERR,ERR,ERR,ERR,ERR,ERR,ERR,ERR,ERR,ERR,ERR,ERR,ERR,ERR,ERR,ERR,ERR,ERR,ERR,ERR,ERR,ERR,ERR,ERR,ERR,ERR,ERR,ERR,ERR,ERR,ERR,0.0,2.7184312818759872e+23,-100793952.0,0.0,0.0,1.3936040501711995e+18,7.805,0.0,0,0,4,0,7116,0.0,100,0.0,0.0,0.0,0.0,0.0,0,0,0,0,0.0,0,0,0,0,0,0,0,0,0,0,0,0,0,0,0,0,0,0,0,0,0,0,0,0,0,0,0,0,0,0,0,0,0,31,40,40,71,65476,0,300,0,0,8,21553,0.0,-107605600.0,0.0,0.0,0.0,0.0,0.0,0.0,0.0,0.0,0.0,0.0,0.0,0.0,0.0,0.0,0.0,0.0,0.0,0.0,0.0,0.0,-2.004,-2.004,-2.004,-2.004,0.0,0.0,0.0,0.0,6301.0,-0.0,6934.0,0.0,2.7184312818759872e+23,-0.0,0.0,0.0,0.0,0.0,0.0,69,89221.172,-71.63,0.0,0.0,0.0,0.0,0.0,0.0,0.0,0,0,0,0.0,0.0,0.0,0.0,0.0,0.0,0.0,0.0,0.0,0.0,0.0,0.0,0.0,0.0,0.0,0.0,0,-107875648.0,69,0.0,138,0.0,0.0,0,13107,17040,13107,17049,13107,17043,0,0,0,70,68,100,2.7302359370752657e+23,71.2,2.7302370179391762e+23,74.2,2.7302370179391762e+23,74.0,1,49,50,180,13107,52429,0,0,0.0,0.0,0.0,0.0,-0.0,67.0,0.0,162057.094,0.0,751,0,739,0,0,0,721,0,766,0,736,0,742,0,742,0,712,0,7520,0.032,107911053312.0,0.0,0.0,784,16797,-0.0,162057.094,-114818.039,-0.0,0.133,6.909358625270745e+28,30.0,65.0,35,0.0,0.0,0.0,0.0,0.0,0.0,0.0,0.0,0.0,0.0,0.0,0.0,0.0,0.0,0.0,0.0,69.2,0,150,71,55,65476,0,300,0,1,8,20529,65476,0,0,40632,65.0,0.0,0.0,0.0,0.0,0.0
2026-09-04T20:25:10,ERR,ERR,ERR,ERR,ERR,ERR,ERR,ERR,ERR,ERR,ERR,ERR,ERR,ERR,ERR,ERR,ERR,ERR,ERR,ERR,ERR,ERR,ERR,ERR,ERR,ERR,ERR,ERR,ERR,ERR,ERR,ERR,ERR,ERR,ERR,ERR,ERR,ERR,ERR,ERR,ERR,ERR,ERR,ERR,ERR,ERR,ERR,ERR,ERR,ERR,ERR,ERR,ERR,ERR,ERR,ERR,ERR,ERR,ERR,ERR,ERR,ERR,ERR,ERR,ERR,ERR,ERR,ERR,ERR,ERR,ERR,ERR,ERR,ERR,ERR,ERR,ERR,ERR,ERR,ERR,ERR,ERR,ERR,ERR,ERR,ERR,ERR,ERR,ERR,ERR,ERR,ERR,ERR,ERR,ERR,ERR,ERR,ERR,ERR,ERR,ERR,ERR,ERR,ERR,ERR,ERR,ERR,ERR,ERR,ERR,ERR,ERR,ERR,ERR,ERR,ERR,ERR,ERR,ERR,ERR,ERR,ERR,ERR,ERR,ERR,0.0,2.7184312818759872e+23,-100793952.0,0.0,0.0,1.3936040501711995e+18,7.805,0.0,0,0,4,0,7116,0.0,100,0.0,0.0,0.0,0.0,0.0,0,0,0,0,0.0,0,0,0,0,0,0,0,0,0,0,0,0,0,0,0,0,0,0,0,0,0,0,0,0,0,0,0,0,0,0,0,0,0,31,40,40,71,65476,0,300,0,0,8,21553,0.0,-107605600.0,0.0,0.0,0.0,0.0,0.0,0.0,0.0,0.0,0.0,0.0,0.0,0.0,0.0,0.0,0.0,0.0,0.0,0.0,0.0,0.0,-2.004,-2.004,-2.004,-2.004,0.0,0.0,0.0,0.0,6301.0,-0.0,6934.0,0.0,2.7184312818759872e+23,-0.0,0.0,0.0,0.0,0.0,0.0,69,89221.172,-71.63,0.0,0.0,0.0,0.0,0.0,0.0,0.0,0,0,0,0.0,0.0,0.0,0.0,0.0,0.0,0.0,0.0,0.0,0.0,0.0,0.0,0.0,0.0,0.0,0.0,0,-107875648.0,69,0.0,138,0.0,0.0,0,13107,17040,13107,17049,13107,17043,0,0,0,70,68,100,2.7302359370752657e+23,71.2,2.7302370179391762e+23,74.2,2.7302370179391762e+23,74.0,1,49,50,180,13107,52429,0,0,0.0,0.0,0.0,0.0,-0.0,67.0,0.0,162057.094,0.0,751,0,739,0,0,0,721,0,766,0,736,0,742,0,742,0,712,0,7520,0.032,107911053312.0,0.0,0.0,784,16797,-0.0,162057.094,-114818.039,-0.0,0.133,6.909358625270745e+28,30.0,65.0,35,0.0,0.0,0.0,0.0,0.0,0.0,0.0,0.0,0.0,0.0,0.0,0.0,0.0,0.0,0.0,0.0,69.2,0,150,71,55,65476,0,300,0,1,8,20529,65476,0,0,40632,65.0,0.0,0.0,0.0,0.0,0.0
2026-09-04T20:25:11,ERR,ERR,ERR,ERR,ERR,ERR,ERR,ERR,ERR,ERR,ERR,ERR,ERR,ERR,ERR,ERR,ERR,ERR,ERR,ERR,ERR,ERR,ERR,ERR,ERR,ERR,ERR,ERR,ERR,ERR,ERR,ERR,ERR,ERR,ERR,ERR,ERR,ERR,ERR,ERR,ERR,ERR,ERR,ERR,ERR,ERR,ERR,ERR,ERR,ERR,ERR,ERR,ERR,ERR,ERR,ERR,ERR,ERR,ERR,ERR,ERR,ERR,ERR,ERR,ERR,ERR,ERR,ERR,ERR,ERR,ERR,ERR,ERR,ERR,ERR,ERR,ERR,ERR,ERR,ERR,ERR,ERR,ERR,ERR,ERR,ERR,ERR,ERR,ERR,ERR,ERR,ERR,ERR,ERR,ERR,ERR,ERR,ERR,ERR,ERR,ERR,ERR,ERR,ERR,ERR,ERR,ERR,ERR,ERR,ERR,ERR,ERR,ERR,ERR,ERR,ERR,ERR,ERR,ERR,ERR,ERR,ERR,ERR,ERR,ERR,0.0,2.7184312818759872e+23,-100793952.0,0.0,0.0,1.3936040501711995e+18,7.805,0.0,0,0,4,0,7116,0.0,100,0.0,0.0,0.0,0.0,0.0,0,0,0,0,0.0,0,0,0,0,0,0,0,0,0,0,0,0,0,0,0,0,0,0,0,0,0,0,0,0,0,0,0,0,0,0,0,0,0,31,40,40,71,65476,0,300,0,0,8,21553,0.0,-107605600.0,0.0,0.0,0.0,0.0,0.0,0.0,0.0,0.0,0.0,0.0,0.0,0.0,0.0,0.0,0.0,0.0,0.0,0.0,0.0,0.0,-2.004,-2.004,-2.004,-2.004,0.0,0.0,0.0,0.0,6301.0,-0.0,6934.0,0.0,2.7184312818759872e+23,-0.0,0.0,0.0,0.0,0.0,0.0,69,89221.172,-71.63,0.0,0.0,0.0,0.0,0.0,0.0,0.0,0,0,0,0.0,0.0,0.0,0.0,0.0,0.0,0.0,0.0,0.0,0.0,0.0,0.0,0.0,0.0,0.0,0.0,0,-107875648.0,69,0.0,138,0.0,0.0,0,13107,17040,13107,17049,13107,17043,0,0,0,70,68,100,2.7302359370752657e+23,71.2,2.7302370179391762e+23,74.2,2.7302370179391762e+23,74.0,1,49,50,180,13107,52429,0,0,0.0,0.0,0.0,0.0,-0.0,67.0,0.0,162057.094,0.0,751,0,739,0,0,0,721,0,766,0,736,0,742,0,742,0,712,0,7520,0.032,107911053312.0,0.0,0.0,784,16797,-0.0,162057.094,-114818.039,-0.0,0.133,6.909358625270745e+28,30.0,65.0,35,0.0,0.0,0.0,0.0,0.0,0.0,0.0,0.0,0.0,0.0,0.0,0.0,0.0,0.0,0.0,0.0,69.2,0,150,71,55,65476,0,300,0,1,8,20529,65476,0,0,40632,65.0,0.0,0.0,0.0,0.0,0.0
2026-09-04T20:25:12,ERR,ERR,ERR,ERR,ERR,ERR,ERR,ERR,ERR,ERR,ERR,ERR,ERR,ERR,ERR,ERR,ERR,ERR,ERR,ERR,ERR,ERR,ERR,ERR,ERR,ERR,ERR,ERR,ERR,ERR,ERR,ERR,ERR,ERR,ERR,ERR,ERR,ERR,ERR,ERR,ERR,ERR,ERR,ERR,ERR,ERR,ERR,ERR,ERR,ERR,ERR,ERR,ERR,ERR,ERR,ERR,ERR,ERR,ERR,ERR,ERR,ERR,ERR,ERR,ERR,ERR,ERR,ERR,ERR,ERR,ERR,ERR,ERR,ERR,ERR,ERR,ERR,ERR,ERR,ERR,ERR,ERR,ERR,ERR,ERR,ERR,ERR,ERR,ERR,ERR,ERR,ERR,ERR,ERR,ERR,ERR,ERR,ERR,ERR,ERR,ERR,ERR,ERR,ERR,ERR,ERR,ERR,ERR,ERR,ERR,ERR,ERR,ERR,ERR,ERR,ERR,ERR,ERR,ERR,ERR,ERR,ERR,ERR,ERR,ERR,0.0,2.7184312818759872e+23,-100793952.0,0.0,0.0,1.3936040501711995e+18,7.805,0.0,0,0,4,0,7116,0.0,100,0.0,0.0,0.0,0.0,0.0,0,0,0,0,0.0,0,0,0,0,0,0,0,0,0,0,0,0,0,0,0,0,0,0,0,0,0,0,0,0,0,0,0,0,0,0,0,0,0,31,40,40,71,65476,0,300,0,0,8,21553,0.0,-107605600.0,0.0,0.0,0.0,0.0,0.0,0.0,0.0,0.0,0.0,0.0,0.0,0.0,0.0,0.0,0.0,0.0,0.0,0.0,0.0,0.0,-2.004,-2.004,-2.004,-2.004,0.0,0.0,0.0,0.0,6301.0,-0.0,6934.0,0.0,2.7184312818759872e+23,-0.0,0.0,0.0,0.0,0.0,0.0,69,89221.172,-71.63,0.0,0.0,0.0,0.0,0.0,0.0,0.0,0,0,0,0.0,0.0,0.0,0.0,0.0,0.0,0.0,0.0,0.0,0.0,0.0,0.0,0.0,0.0,0.0,0.0,0,-107875648.0,69,0.0,138,0.0,0.0,0,13107,17040,13107,17049,13107,17043,0,0,0,70,68,100,2.7302359370752657e+23,71.2,2.7302370179391762e+23,74.2,2.7302370179391762e+23,74.0,1,49,50,180,13107,52429,0,0,0.0,0.0,0.0,0.0,-0.0,67.0,0.0,162057.094,0.0,751,0,739,0,0,0,721,0,766,0,736,0,742,0,742,0,712,0,7520,0.032,107911053312.0,0.0,0.0,784,16797,-0.0,162057.094,-114818.039,-0.0,0.133,6.909358625270745e+28,30.0,65.0,35,0.0,0.0,0.0,0.0,0.0,0.0,0.0,0.0,0.0,0.0,0.0,0.0,0.0,0.0,0.0,0.0,69.2,0,150,71,55,65476,0,300,0,1,8,20529,65476,0,0,40632,65.0,0.0,0.0,0.0,0.0,0.0
2026-09-04T20:25:13,ERR,ERR,ERR,ERR,ERR,ERR,ERR,ERR,ERR,ERR,ERR,ERR,ERR,ERR,ERR,ERR,ERR,ERR,ERR,ERR,ERR,ERR,ERR,ERR,ERR,ERR,ERR,ERR,ERR,ERR,ERR,ERR,ERR,ERR,ERR,ERR,ERR,ERR,ERR,ERR,ERR,ERR,ERR,ERR,ERR,ERR,ERR,ERR,ERR,ERR,ERR,ERR,ERR,ERR,ERR,ERR,ERR,ERR,ERR,ERR,ERR,ERR,ERR,ERR,ERR,ERR,ERR,ERR,ERR,ERR,ERR,ERR,ERR,ERR,ERR,ERR,ERR,ERR,ERR,ERR,ERR,ERR,ERR,ERR,ERR,ERR,ERR,ERR,ERR,ERR,ERR,ERR,ERR,ERR,ERR,ERR,ERR,ERR,ERR,ERR,ERR,ERR,ERR,ERR,ERR,ERR,ERR,ERR,ERR,ERR,ERR,ERR,ERR,ERR,ERR,ERR,ERR,ERR,ERR,ERR,ERR,ERR,ERR,ERR,ERR,0.0,2.7184312818759872e+23,-100793952.0,0.0,0.0,1.3936040501711995e+18,7.805,0.0,0,0,4,0,7116,0.0,100,0.0,0.0,0.0,0.0,0.0,0,0,0,0,0.0,0,0,0,0,0,0,0,0,0,0,0,0,0,0,0,0,0,0,0,0,0,0,0,0,0,0,0,0,0,0,0,0,0,31,40,40,71,65476,0,300,0,0,8,21553,0.0,-107605600.0,0.0,0.0,0.0,0.0,0.0,0.0,0.0,0.0,0.0,0.0,0.0,0.0,0.0,0.0,0.0,0.0,0.0,0.0,0.0,0.0,-2.004,-2.004,-2.004,-2.004,0.0,0.0,0.0,0.0,6301.0,-0.0,6934.0,0.0,2.7184312818759872e+23,-0.0,0.0,0.0,0.0,0.0,0.0,69,89221.172,-71.63,0.0,0.0,0.0,0.0,0.0,0.0,0.0,0,0,0,0.0,0.0,0.0,0.0,0.0,0.0,0.0,0.0,0.0,0.0,0.0,0.0,0.0,0.0,0.0,0.0,0,-107875648.0,69,0.0,138,0.0,0.0,0,13107,17040,13107,17049,13107,17043,0,0,0,70,68,100,2.7302359370752657e+23,71.2,2.7302370179391762e+23,74.2,2.7302370179391762e+23,74.0,1,49,50,180,13107,52429,0,0,0.0,0.0,0.0,0.0,-0.0,67.0,0.0,162057.094,0.0,751,0,739,0,0,0,721,0,766,0,736,0,742,0,742,0,712,0,7520,0.032,107911053312.0,0.0,0.0,784,16797,-0.0,162057.094,-114818.039,-0.0,0.133,6.909358625270745e+28,30.0,65.0,35,0.0,0.0,0.0,0.0,0.0,0.0,0.0,0.0,0.0,0.0,0.0,0.0,0.0,0.0,0.0,0.0,69.2,0,150,71,55,65476,0,300,0,1,8,20529,65476,0,0,40632,65.0,0.0,0.0,0.0,0.0,0.0
2026-09-04T20:25:14,ERR,ERR,ERR,ERR,ERR,ERR,ERR,ERR,ERR,ERR,ERR,ERR,ERR,ERR,ERR,ERR,ERR,ERR,ERR,ERR,ERR,ERR,ERR,ERR,ERR,ERR,ERR,ERR,ERR,ERR,ERR,ERR,ERR,ERR,ERR,ERR,ERR,ERR,ERR,ERR,ERR,ERR,ERR,ERR,ERR,ERR,ERR,ERR,ERR,ERR,ERR,ERR,ERR,ERR,ERR,ERR,ERR,ERR,ERR,ERR,ERR,ERR,ERR,ERR,ERR,ERR,ERR,ERR,ERR,ERR,ERR,ERR,ERR,ERR,ERR,ERR,ERR,ERR,ERR,ERR,ERR,ERR,ERR,ERR,ERR,ERR,ERR,ERR,ERR,ERR,ERR,ERR,ERR,ERR,ERR,ERR,ERR,ERR,ERR,ERR,ERR,ERR,ERR,ERR,ERR,ERR,ERR,ERR,ERR,ERR,ERR,ERR,ERR,ERR,ERR,ERR,ERR,ERR,ERR,ERR,ERR,ERR,ERR,ERR,ERR,0.0,2.7184312818759872e+23,-100793952.0,0.0,0.0,1.3936040501711995e+18,7.805,0.0,0,0,4,0,7116,0.0,100,0.0,0.0,0.0,0.0,0.0,0,0,0,0,0.0,0,0,0,0,0,0,0,0,0,0,0,0,0,0,0,0,0,0,0,0,0,0,0,0,0,0,0,0,0,0,0,0,0,31,40,40,71,65476,0,300,0,0,8,21553,0.0,-107605600.0,0.0,0.0,0.0,0.0,0.0,0.0,0.0,0.0,0.0,0.0,0.0,0.0,0.0,0.0,0.0,0.0,0.0,0.0,0.0,0.0,-2.004,-2.004,-0.0,0.0,0.0,0.0,0.0,0.0,6294.0,0.0,6914.0,0.0,2.7184312818759872e+23,2.7184303811560617e+23,0.0,0.0,0.0,0.0,0.0,69,71.63,0.059,0.0,0.0,0.0,0.0,0.0,0.0,0.0,0,0,0,0.0,0.0,0.0,0.0,0.0,0.0,0.0,0.0,0.0,0.0,0.0,0.0,0.0,0.0,0.0,0.0,0,-107875648.0,69,0.0,138,0.0,-109447200.0,0,13107,17040,13107,17049,13107,17043,0,0,0,70,68,100,2.7302359370752657e+23,71.2,2.7302370179391762e+23,74.2,2.7302370179391762e+23,74.0,1,49,50,180,13107,52429,0,0,0.0,0.0,0.0,0.0,-0.0,67.0,0.0,162057.094,0.0,751,0,739,0,0,0,721,0,766,0,736,0,742,0,742,0,712,0,7520,0.032,107911053312.0,0.0,0.0,784,16797,-0.0,162057.094,-114818.039,-0.0,0.133,6.909358625270745e+28,30.0,65.0,35,0.0,0.0,0.0,0.0,0.0,0.0,0.0,0.0,0.0,0.0,0.0,0.0,0.0,0.0,0.0,0.0,69.6,0,150,71,55,65476,0,300,0,1,8,20529,65476,0,0,40632,65.0,0.0,0.0,0.0,0.0,0.0
2026-09-04T20:25:15,ERR,ERR,ERR,ERR,ERR,ERR,ERR,ERR,ERR,ERR,ERR,ERR,ERR,ERR,ERR,ERR,ERR,ERR,ERR,ERR,ERR,ERR,ERR,ERR,ERR,ERR,ERR,ERR,ERR,ERR,ERR,ERR,ERR,ERR,ERR,ERR,ERR,ERR,ERR,ERR,ERR,ERR,ERR,ERR,ERR,ERR,ERR,ERR,ERR,ERR,ERR,ERR,ERR,ERR,ERR,ERR,ERR,ERR,ERR,ERR,ERR,ERR,ERR,ERR,ERR,ERR,ERR,ERR,ERR,ERR,ERR,ERR,ERR,ERR,ERR,ERR,ERR,ERR,ERR,ERR,ERR,ERR,ERR,ERR,ERR,ERR,ERR,ERR,ERR,ERR,ERR,ERR,ERR,ERR,ERR,ERR,ERR,ERR,ERR,ERR,ERR,ERR,ERR,ERR,ERR,ERR,ERR,ERR,ERR,ERR,ERR,ERR,ERR,ERR,ERR,ERR,ERR,ERR,ERR,ERR,ERR,ERR,ERR,ERR,ERR,0.0,2.7184312818759872e+23,-100793952.0,0.0,0.0,1.3936040501711995e+18,7.805,0.0,0,0,4,0,7116,0.0,100,0.0,0.0,0.0,0.0,0.0,0,0,0,0,0.0,0,0,0,0,0,0,0,0,0,0,0,0,0,0,0,0,0,0,0,0,0,0,0,0,0,0,0,0,0,0,0,0,0,31,40,40,71,65476,0,300,0,0,8,21553,0.0,-107605600.0,0.0,0.0,0.0,0.0,0.0,0.0,0.0,0.0,0.0,0.0,0.0,0.0,0.0,0.0,0.0,0.0,0.0,0.0,0.0,0.0,-2.004,-2.004,-0.0,0.0,0.0,0.0,0.0,0.0,6294.0,0.0,6914.0,0.0,2.7184312818759872e+23,2.7184303811560617e+23,0.0,0.0,0.0,0.0,0.0,69,71.63,0.059,0.0,0.0,0.0,0.0,0.0,0.0,0.0,0,0,0,0.0,0.0,0.0,0.0,0.0,0.0,0.0,0.0,0.0,0.0,0.0,0.0,0.0,0.0,0.0,0.0,0,-107875648.0,69,0.0,138,0.0,-109447200.0,0,13107,17040,13107,17049,13107,17043,0,0,0,70,68,100,2.7302359370752657e+23,71.2,2.7302370179391762e+23,74.2,2.7302370179391762e+23,74.0,1,49,50,180,13107,52429,0,0,0.0,0.0,0.0,0.0,-0.0,67.0,0.0,162057.094,0.0,751,0,739,0,0,0,721,0,766,0,736,0,742,0,741,0,712,0,7520,0.032,93952409600.0,0.0,0.0,784,16797,-0.0,162057.094,-114818.039,-0.0,0.133,6.909358625270745e+28,30.0,65.0,35,0.0,0.0,0.0,0.0,0.0,0.0,0.0,0.0,0.0,0.0,0.0,0.0,0.0,0.0,0.0,0.0,69.6,0,150,71,55,65476,0,300,0,1,8,20529,65476,0,0,40632,65.0,0.0,0.0,0.0,0.0,0.0
2026-09-04T20:25:16,ERR,ERR,ERR,ERR,ERR,ERR,ERR,ERR,ERR,ERR,ERR,ERR,ERR,ERR,ERR,ERR,ERR,ERR,ERR,ERR,ERR,ERR,ERR,ERR,ERR,ERR,ERR,ERR,ERR,ERR,ERR,ERR,ERR,ERR,ERR,ERR,ERR,ERR,ERR,ERR,ERR,ERR,ERR,ERR,ERR,ERR,ERR,ERR,ERR,ERR,ERR,ERR,ERR,ERR,ERR,ERR,ERR,ERR,ERR,ERR,ERR,ERR,ERR,ERR,ERR,ERR,ERR,ERR,ERR,ERR,ERR,ERR,ERR,ERR,ERR,ERR,ERR,ERR,ERR,ERR,ERR,ERR,ERR,ERR,ERR,ERR,ERR,ERR,ERR,ERR,ERR,ERR,ERR,ERR,ERR,ERR,ERR,ERR,ERR,ERR,ERR,ERR,ERR,ERR,ERR,ERR,ERR,ERR,ERR,ERR,ERR,ERR,ERR,ERR,ERR,ERR,ERR,ERR,ERR,ERR,ERR,ERR,ERR,ERR,ERR,0.0,2.7184312818759872e+23,-100793952.0,0.0,0.0,1.3936040501711995e+18,7.805,0.0,0,0,4,0,7116,0.0,100,0.0,0.0,0.0,0.0,0.0,0,0,0,0,0.0,0,0,0,0,0,0,0,0,0,0,0,0,0,0,0,0,0,0,0,0,0,0,0,0,0,0,0,0,0,0,0,0,0,31,40,40,71,65476,0,300,0,0,8,21553,0.0,-107605600.0,0.0,0.0,0.0,0.0,0.0,0.0,0.0,0.0,0.0,0.0,0.0,0.0,0.0,0.0,0.0,0.0,0.0,0.0,0.0,0.0,-2.004,-2.004,-0.0,0.0,0.0,0.0,0.0,0.0,6294.0,0.0,6914.0,0.0,2.7184312818759872e+23,2.7184303811560617e+23,0.0,0.0,0.0,0.0,0.0,69,71.63,0.059,0.0,0.0,0.0,0.0,0.0,0.0,0.0,0,0,0,0.0,0.0,0.0,0.0,0.0,0.0,0.0,0.0,0.0,0.0,0.0,0.0,0.0,0.0,0.0,0.0,0,-107875648.0,69,0.0,138,0.0,-109447200.0,0,13107,17040,13107,17049,13107,17043,0,0,0,70,68,100,2.7302359370752657e+23,71.2,2.7302370179391762e+23,74.2,2.7302370179391762e+23,74.0,1,49,50,180,13107,52429,0,0,0.0,0.0,0.0,0.0,-0.0,67.0,0.0,162057.094,0.0,751,0,739,0,0,0,721,0,766,0,736,0,742,0,741,0,712,0,7520,0.032,93952409600.0,0.0,0.0,784,16797,-0.0,162057.094,-114818.039,-0.0,0.133,6.909358625270745e+28,30.0,65.0,35,0.0,0.0,0.0,0.0,0.0,0.0,0.0,0.0,0.0,0.0,0.0,0.0,0.0,0.0,0.0,0.0,69.6,0,150,71,55,65476,0,300,0,1,8,20529,65476,0,0,40632,65.0,0.0,0.0,0.0,0.0,0.0
2026-09-04T20:25:17,ERR,ERR,ERR,ERR,ERR,ERR,ERR,ERR,ERR,ERR,ERR,ERR,ERR,ERR,ERR,ERR,ERR,ERR,ERR,ERR,ERR,ERR,ERR,ERR,ERR,ERR,ERR,ERR,ERR,ERR,ERR,ERR,ERR,ERR,ERR,ERR,ERR,ERR,ERR,ERR,ERR,ERR,ERR,ERR,ERR,ERR,ERR,ERR,ERR,ERR,ERR,ERR,ERR,ERR,ERR,ERR,ERR,ERR,ERR,ERR,ERR,ERR,ERR,ERR,ERR,ERR,ERR,ERR,ERR,ERR,ERR,ERR,ERR,ERR,ERR,ERR,ERR,ERR,ERR,ERR,ERR,ERR,ERR,ERR,ERR,ERR,ERR,ERR,ERR,ERR,ERR,ERR,ERR,ERR,ERR,ERR,ERR,ERR,ERR,ERR,ERR,ERR,ERR,ERR,ERR,ERR,ERR,ERR,ERR,ERR,ERR,ERR,ERR,ERR,ERR,ERR,ERR,ERR,ERR,ERR,ERR,ERR,ERR,ERR,ERR,0.0,2.7184312818759872e+23,-100793952.0,0.0,0.0,1.3936040501711995e+18,7.805,0.0,0,0,4,0,7116,0.0,100,0.0,0.0,0.0,0.0,0.0,0,0,0,0,0.0,0,0,0,0,0,0,0,0,0,0,0,0,0,0,0,0,0,0,0,0,0,0,0,0,0,0,0,0,0,0,0,0,0,31,40,40,71,65476,0,300,0,0,8,21553,0.0,-107605600.0,0.0,0.0,0.0,0.0,0.0,0.0,0.0,0.0,0.0,0.0,0.0,0.0,0.0,0.0,0.0,0.0,0.0,0.0,0.0,0.0,-2.004,-2.004,-0.0,0.0,0.0,0.0,0.0,0.0,6294.0,0.0,6914.0,0.0,2.7184312818759872e+23,2.7184303811560617e+23,0.0,0.0,0.0,0.0,0.0,69,71.63,0.059,0.0,0.0,0.0,0.0,0.0,0.0,0.0,0,0,0,0.0,0.0,0.0,0.0,0.0,0.0,0.0,0.0,0.0,0.0,0.0,0.0,0.0,0.0,0.0,0.0,0,-107875648.0,69,0.0,138,0.0,-109447200.0,0,13107,17040,13107,17049,13107,17043,0,0,0,70,68,100,2.7302359370752657e+23,71.2,2.7302370179391762e+23,74.2,2.7302370179391762e+23,74.0,1,49,50,180,13107,52429,0,0,0.0,0.0,0.0,0.0,-0.0,67.0,0.0,162057.094,0.0,751,0,739,0,0,0,721,0,766,0,736,0,742,0,741,0,712,0,7520,0.032,93952409600.0,0.0,0.0,784,16797,-0.0,162057.094,-114818.039,-0.0,0.133,6.909358625270745e+28,30.0,65.0,35,0.0,0.0,0.0,0.0,0.0,0.0,0.0,0.0,0.0,0.0,0.0,0.0,0.0,0.0,0.0,0.0,69.2,0,150,71,55,65476,0,300,0,1,8,20529,65476,0,0,40632,65.0,0.0,0.0,0.0,0.0,0.0
2026-09-04T20:25:18,ERR,ERR,ERR,ERR,ERR,ERR,ERR,ERR,ERR,ERR,ERR,ERR,ERR,ERR,ERR,ERR,ERR,ERR,ERR,ERR,ERR,ERR,ERR,ERR,ERR,ERR,ERR,ERR,ERR,ERR,ERR,ERR,ERR,ERR,ERR,ERR,ERR,ERR,ERR,ERR,ERR,ERR,ERR,ERR,ERR,ERR,ERR,ERR,ERR,ERR,ERR,ERR,ERR,ERR,ERR,ERR,ERR,ERR,ERR,ERR,ERR,ERR,ERR,ERR,ERR,ERR,ERR,ERR,ERR,ERR,ERR,ERR,ERR,ERR,ERR,ERR,ERR,ERR,ERR,ERR,ERR,ERR,ERR,ERR,ERR,ERR,ERR,ERR,ERR,ERR,ERR,ERR,ERR,ERR,ERR,ERR,ERR,ERR,ERR,ERR,ERR,ERR,ERR,ERR,ERR,ERR,ERR,ERR,ERR,ERR,ERR,ERR,ERR,ERR,ERR,ERR,ERR,ERR,ERR,ERR,ERR,ERR,ERR,ERR,ERR,0.0,2.7184312818759872e+23,-100793952.0,0.0,0.0,1.3936040501711995e+18,7.805,0.0,0,0,4,0,7116,0.0,100,0.0,0.0,0.0,0.0,0.0,0,0,0,0,0.0,0,0,0,0,0,0,0,0,0,0,0,0,0,0,0,0,0,0,0,0,0,0,0,0,0,0,0,0,0,0,0,0,0,31,40,40,71,65476,0,300,0,0,8,21553,0.0,-107605600.0,0.0,0.0,0.0,0.0,0.0,0.0,0.0,0.0,0.0,0.0,0.0,0.0,0.0,0.0,0.0,0.0,0.0,0.0,0.0,0.0,-2.004,-2.004,-0.0,0.0,0.0,0.0,0.0,0.0,6294.0,0.0,6914.0,0.0,2.7184312818759872e+23,2.7184303811560617e+23,0.0,0.0,0.0,0.0,0.0,69,71.63,0.059,0.0,0.0,0.0,0.0,0.0,0.0,0.0,0,0,0,0.0,0.0,0.0,0.0,0.0,0.0,0.0,0.0,0.0,0.0,0.0,0.0,0.0,0.0,0.0,0.0,0,-107875648.0,69,0.0,138,0.0,-109447200.0,0,13107,17040,13107,17049,13107,17043,0,0,0,70,68,100,2.7302359370752657e+23,71.2,2.7302370179391762e+23,74.2,2.7302370179391762e+23,74.0,1,49,50,180,13107,52429,0,0,0.0,0.0,0.0,0.0,-0.0,67.0,0.0,162057.094,0.0,751,0,739,0,0,0,721,0,766,0,736,0,742,0,741,0,712,0,7520,0.032,93952409600.0,0.0,0.0,784,16797,-0.0,162057.094,-114818.039,-0.0,0.133,6.909358625270745e+28,30.0,65.0,35,0.0,0.0,0.0,0.0,0.0,0.0,0.0,0.0,0.0,0.0,0.0,0.0,0.0,0.0,0.0,0.0,69.2,0,150,71,55,65476,0,300,0,1,8,20529,65476,0,0,40632,65.0,0.0,0.0,0.0,0.0,0.0
2026-09-04T20:25:19,ERR,ERR,ERR,ERR,ERR,ERR,ERR,ERR,ERR,ERR,ERR,ERR,ERR,ERR,ERR,ERR,ERR,ERR,ERR,ERR,ERR,ERR,ERR,ERR,ERR,ERR,ERR,ERR,ERR,ERR,ERR,ERR,ERR,ERR,ERR,ERR,ERR,ERR,ERR,ERR,ERR,ERR,ERR,ERR,ERR,ERR,ERR,ERR,ERR,ERR,ERR,ERR,ERR,ERR,ERR,ERR,ERR,ERR,ERR,ERR,ERR,ERR,ERR,ERR,ERR,ERR,ERR,ERR,ERR,ERR,ERR,ERR,ERR,ERR,ERR,ERR,ERR,ERR,ERR,ERR,ERR,ERR,ERR,ERR,ERR,ERR,ERR,ERR,ERR,ERR,ERR,ERR,ERR,ERR,ERR,ERR,ERR,ERR,ERR,ERR,ERR,ERR,ERR,ERR,ERR,ERR,ERR,ERR,ERR,ERR,ERR,ERR,ERR,ERR,ERR,ERR,ERR,ERR,ERR,ERR,ERR,ERR,ERR,ERR,ERR,0.0,2.7184312818759872e+23,-100793952.0,0.0,0.0,1.3936040501711995e+18,7.805,0.0,0,0,4,0,7116,0.0,100,0.0,0.0,0.0,0.0,0.0,0,0,0,0,0.0,0,0,0,0,0,0,0,0,0,0,0,0,0,0,0,0,0,0,0,0,0,0,0,0,0,0,0,0,0,0,0,0,0,31,40,40,71,65476,0,300,0,0,8,21553,0.0,-107605600.0,0.0,0.0,0.0,0.0,0.0,0.0,0.0,0.0,0.0,0.0,0.0,0.0,0.0,0.0,0.0,0.0,0.0,0.0,0.0,0.0,-2.004,-2.004,-0.0,0.0,0.0,0.0,0.0,0.0,6294.0,0.0,6914.0,0.0,2.7184312818759872e+23,2.7184303811560617e+23,0.0,0.0,0.0,0.0,0.0,69,71.63,0.059,0.0,0.0,0.0,0.0,0.0,0.0,0.0,0,0,0,0.0,0.0,0.0,0.0,0.0,0.0,0.0,0.0,0.0,0.0,0.0,0.0,0.0,0.0,0.0,0.0,0,-107875648.0,69,0.0,138,0.0,-109447200.0,0,13107,17040,13107,17049,13107,17043,0,0,0,70,68,100,2.7302359370752657e+23,71.2,2.7302370179391762e+23,74.2,2.7302370179391762e+23,74.0,1,49,50,180,13107,52429,0,0,0.0,0.0,0.0,0.0,-0.0,67.0,0.0,162057.094,0.0,751,0,739,0,0,0,721,0,766,0,736,0,742,0,741,0,712,0,7520,0.032,93952409600.0,0.0,0.0,784,16797,-0.0,162057.094,-114818.039,-0.0,0.133,6.909358625270745e+28,30.0,65.0,35,0.0,0.0,0.0,0.0,0.0,0.0,0.0,0.0,0.0,0.0,0.0,0.0,0.0,0.0,0.0,0.0,69.2,0,150,71,55,65476,0,300,0,1,8,20529,65476,0,0,40632,65.0,0.0,0.0,0.0,0.0,0.0
2026-09-04T20:25:20,ERR,ERR,ERR,ERR,ERR,ERR,ERR,ERR,ERR,ERR,ERR,ERR,ERR,ERR,ERR,ERR,ERR,ERR,ERR,ERR,ERR,ERR,ERR,ERR,ERR,ERR,ERR,ERR,ERR,ERR,ERR,ERR,ERR,ERR,ERR,ERR,ERR,ERR,ERR,ERR,ERR,ERR,ERR,ERR,ERR,ERR,ERR,ERR,ERR,ERR,ERR,ERR,ERR,ERR,ERR,ERR,ERR,ERR,ERR,ERR,ERR,ERR,ERR,ERR,ERR,ERR,ERR,ERR,ERR,ERR,ERR,ERR,ERR,ERR,ERR,ERR,ERR,ERR,ERR,ERR,ERR,ERR,ERR,ERR,ERR,ERR,ERR,ERR,ERR,ERR,ERR,ERR,ERR,ERR,ERR,ERR,ERR,ERR,ERR,ERR,ERR,ERR,ERR,ERR,ERR,ERR,ERR,ERR,ERR,ERR,ERR,ERR,ERR,ERR,ERR,ERR,ERR,ERR,ERR,ERR,ERR,ERR,ERR,ERR,ERR,0.0,2.7184312818759872e+23,-100793952.0,0.0,0.0,1.3936040501711995e+18,7.805,0.0,0,0,4,0,7116,0.0,100,0.0,0.0,0.0,0.0,0.0,0,0,0,0,0.0,0,0,0,0,0,0,0,0,0,0,0,0,0,0,0,0,0,0,0,0,0,0,0,0,0,0,0,0,0,0,0,0,0,31,40,40,71,65476,0,300,0,0,8,21553,0.0,-107605600.0,0.0,0.0,0.0,0.0,0.0,0.0,0.0,0.0,0.0,0.0,0.0,0.0,0.0,0.0,0.0,0.0,0.0,0.0,0.0,0.0,-2.004,-2.004,-0.0,0.0,0.0,0.0,0.0,0.0,6294.0,0.0,6914.0,0.0,2.7184312818759872e+23,2.7184303811560617e+23,0.0,0.0,0.0,0.0,0.0,69,71.63,0.059,0.0,0.0,0.0,0.0,0.0,0.0,0.0,0,0,0,0.0,0.0,0.0,0.0,0.0,0.0,0.0,0.0,0.0,0.0,0.0,0.0,0.0,0.0,0.0,0.0,0,-107875648.0,69,0.0,138,0.0,-109447200.0,0,13107,17040,13107,17049,13107,17043,0,0,0,70,68,100,2.7302359370752657e+23,71.1,0.0,74.2,2.7302370179391762e+23,74.0,1,49,50,180,13107,52429,0,0,0.0,0.0,0.0,0.0,-0.0,67.0,0.0,162057.094,0.0,751,0,739,0,0,0,721,0,766,0,736,0,742,0,742,0,712,0,7520,0.032,78920024064.0,0.0,0.0,784,16797,-0.0,162057.094,-114818.039,-0.0,0.133,6.909358625270745e+28,30.0,65.0,35,0.0,0.0,0.0,0.0,0.0,0.0,0.0,0.0,0.0,0.0,0.0,0.0,0.0,0.0,0.0,0.0,69.2,0,150,71,55,65476,0,300,0,1,8,20529,65476,0,0,40632,65.0,0.0,0.0,0.0,0.0,0.0
2026-09-04T20:25:21,ERR,ERR,ERR,ERR,ERR,ERR,ERR,ERR,ERR,ERR,ERR,ERR,ERR,ERR,ERR,ERR,ERR,ERR,ERR,ERR,ERR,ERR,ERR,ERR,ERR,ERR,ERR,ERR,ERR,ERR,ERR,ERR,ERR,ERR,ERR,ERR,ERR,ERR,ERR,ERR,ERR,ERR,ERR,ERR,ERR,ERR,ERR,ERR,ERR,ERR,ERR,ERR,ERR,ERR,ERR,ERR,ERR,ERR,ERR,ERR,ERR,ERR,ERR,ERR,ERR,ERR,ERR,ERR,ERR,ERR,ERR,ERR,ERR,ERR,ERR,ERR,ERR,ERR,ERR,ERR,ERR,ERR,ERR,ERR,ERR,ERR,ERR,ERR,ERR,ERR,ERR,ERR,ERR,ERR,ERR,ERR,ERR,ERR,ERR,ERR,ERR,ERR,ERR,ERR,ERR,ERR,ERR,ERR,ERR,ERR,ERR,ERR,ERR,ERR,ERR,ERR,ERR,ERR,ERR,ERR,ERR,ERR,ERR,ERR,ERR,0.0,2.7184312818759872e+23,-100793952.0,0.0,0.0,1.3936040501711995e+18,7.805,0.0,0,0,4,0,7116,0.0,100,0.0,0.0,0.0,0.0,0.0,0,0,0,0,0.0,0,0,0,0,0,0,0,0,0,0,0,0,0,0,0,0,0,0,0,0,0,0,0,0,0,0,0,0,0,0,0,0,0,31,40,40,71,65476,0,300,0,0,8,21553,0.0,-107605600.0,0.0,0.0,0.0,0.0,0.0,0.0,0.0,0.0,0.0,0.0,0.0,0.0,0.0,0.0,0.0,0.0,0.0,0.0,0.0,0.0,-2.004,-2.004,-0.0,0.0,0.0,0.0,0.0,0.0,6294.0,0.0,6914.0,0.0,2.7184312818759872e+23,2.7184303811560617e+23,0.0,0.0,0.0,0.0,0.0,69,71.63,0.059,0.0,0.0,0.0,0.0,0.0,0.0,0.0,0,0,0,0.0,0.0,0.0,0.0,0.0,0.0,0.0,0.0,0.0,0.0,0.0,0.0,0.0,0.0,0.0,0.0,0,-107875648.0,69,0.0,138,0.0,-109447200.0,0,13107,17040,13107,17049,13107,17043,0,0,0,70,68,100,2.7302359370752657e+23,71.1,0.0,74.2,2.7302370179391762e+23,74.0,1,49,50,180,13107,52429,0,0,0.0,0.0,0.0,0.0,-0.0,67.0,0.0,162057.094,0.0,751,0,739,0,0,0,721,0,766,0,736,0,742,0,742,0,712,0,7520,0.032,78920024064.0,0.0,0.0,784,16797,-0.0,162057.094,-114818.039,-0.0,0.133,6.909358625270745e+28,30.0,65.0,35,0.0,0.0,0.0,0.0,0.0,0.0,0.0,0.0,0.0,0.0,0.0,0.0,0.0,0.0,0.0,0.0,69.2,0,150,71,55,65476,0,300,0,1,8,20529,65476,0,0,40632,65.0,0.0,0.0,0.0,0.0,0.0
2026-09-04T20:25:22,ERR,ERR,ERR,ERR,ERR,ERR,ERR,ERR,ERR,ERR,ERR,ERR,ERR,ERR,ERR,ERR,ERR,ERR,ERR,ERR,ERR,ERR,ERR,ERR,ERR,ERR,ERR,ERR,ERR,ERR,ERR,ERR,ERR,ERR,ERR,ERR,ERR,ERR,ERR,ERR,ERR,ERR,ERR,ERR,ERR,ERR,ERR,ERR,ERR,ERR,ERR,ERR,ERR,ERR,ERR,ERR,ERR,ERR,ERR,ERR,ERR,ERR,ERR,ERR,ERR,ERR,ERR,ERR,ERR,ERR,ERR,ERR,ERR,ERR,ERR,ERR,ERR,ERR,ERR,ERR,ERR,ERR,ERR,ERR,ERR,ERR,ERR,ERR,ERR,ERR,ERR,ERR,ERR,ERR,ERR,ERR,ERR,ERR,ERR,ERR,ERR,ERR,ERR,ERR,ERR,ERR,ERR,ERR,ERR,ERR,ERR,ERR,ERR,ERR,ERR,ERR,ERR,ERR,ERR,ERR,ERR,ERR,ERR,ERR,ERR,0.0,2.7184312818759872e+23,-100793952.0,0.0,0.0,1.3936040501711995e+18,7.805,0.0,0,0,4,0,7116,0.0,100,0.0,0.0,0.0,0.0,0.0,0,0,0,0,0.0,0,0,0,0,0,0,0,0,0,0,0,0,0,0,0,0,0,0,0,0,0,0,0,0,0,0,0,0,0,0,0,0,0,31,40,40,71,65476,0,300,0,0,8,21553,0.0,-107605600.0,0.0,0.0,0.0,0.0,0.0,0.0,0.0,0.0,0.0,0.0,0.0,0.0,0.0,0.0,0.0,0.0,0.0,0.0,0.0,0.0,-2.004,-2.004,-0.0,-2.004,0.0,0.0,0.0,0.0,6331.0,3.697204165615393e+19,6924.0,0.0,0.0,2.7184303811560617e+23,2.718430741444032e+23,0.0,0.0,0.0,0.0,69,107615408.0,-0.0,0.0,0.0,0.0,0.0,0.0,0.0,0.0,0,0,0,0.0,0.0,0.0,0.0,0.0,0.0,0.0,0.0,0.0,0.0,0.0,0.0,0.0,0.0,0.0,0.0,0,-107875648.0,69,0.0,138,0.0,0.0,0,13107,17040,13107,17049,13107,17043,0,0,0,70,68,100,2.7302359370752657e+23,71.1,0.0,74.2,2.7302370179391762e+23,74.0,1,49,50,180,13107,52429,0,0,0.0,0.0,0.0,0.0,-0.0,67.0,0.0,162057.094,0.0,751,0,739,0,0,0,721,0,766,0,736,0,742,0,742,0,712,0,7520,0.032,78920024064.0,0.0,0.0,784,16797,-0.0,162057.094,-114818.039,-0.0,0.133,6.909358625270745e+28,30.0,65.0,35,0.0,0.0,0.0,0.0,0.0,0.0,0.0,0.0,0.0,0.0,0.0,0.0,0.0,0.0,0.0,0.0,69.2,0,150,71,55,65476,0,300,0,1,8,20529,65476,0,0,40632,65.0,0.0,0.0,0.0,0.0,0.0
2026-09-04T20:25:23,ERR,ERR,ERR,ERR,ERR,ERR,ERR,ERR,ERR,ERR,ERR,ERR,ERR,ERR,ERR,ERR,ERR,ERR,ERR,ERR,ERR,ERR,ERR,ERR,ERR,ERR,ERR,ERR,ERR,ERR,ERR,ERR,ERR,ERR,ERR,ERR,ERR,ERR,ERR,ERR,ERR,ERR,ERR,ERR,ERR,ERR,ERR,ERR,ERR,ERR,ERR,ERR,ERR,ERR,ERR,ERR,ERR,ERR,ERR,ERR,ERR,ERR,ERR,ERR,ERR,ERR,ERR,ERR,ERR,ERR,ERR,ERR,ERR,ERR,ERR,ERR,ERR,ERR,ERR,ERR,ERR,ERR,ERR,ERR,ERR,ERR,ERR,ERR,ERR,ERR,ERR,ERR,ERR,ERR,ERR,ERR,ERR,ERR,ERR,ERR,ERR,ERR,ERR,ERR,ERR,ERR,ERR,ERR,ERR,ERR,ERR,ERR,ERR,ERR,ERR,ERR,ERR,ERR,ERR,ERR,ERR,ERR,ERR,ERR,ERR,0.0,2.7184312818759872e+23,-100793952.0,0.0,0.0,1.3936040501711995e+18,7.805,0.0,0,0,4,0,7116,0.0,100,0.0,0.0,0.0,0.0,0.0,0,0,0,0,0.0,0,0,0,0,0,0,0,0,0,0,0,0,0,0,0,0,0,0,0,0,0,0,0,0,0,0,0,0,0,0,0,0,0,31,40,40,71,65476,0,300,0,0,8,21553,0.0,-107605600.0,0.0,0.0,0.0,0.0,0.0,0.0,0.0,0.0,0.0,0.0,0.0,0.0,0.0,0.0,0.0,0.0,0.0,0.0,0.0,0.0,-2.004,-2.004,-0.0,-2.004,0.0,0.0,0.0,0.0,6331.0,3.697204165615393e+19,6924.0,0.0,0.0,2.7184303811560617e+23,2.718430741444032e+23,0.0,0.0,0.0,0.0,69,107615408.0,-0.0,0.0,0.0,0.0,0.0,0.0,0.0,0.0,0,0,0,0.0,0.0,0.0,0.0,0.0,0.0,0.0,0.0,0.0,0.0,0.0,0.0,0.0,0.0,0.0,0.0,0,-107875648.0,69,0.0,138,0.0,0.0,0,13107,17040,13107,17049,13107,17043,0,0,0,70,68,100,2.7302359370752657e+23,71.1,0.0,74.2,2.7302370179391762e+23,74.0,1,49,50,180,13107,52429,0,0,0.0,0.0,0.0,0.0,-0.0,67.0,0.0,162057.094,0.0,751,0,739,0,0,0,721,0,766,0,736,0,742,0,742,0,712,0,7520,0.032,78920024064.0,0.0,0.0,784,16797,-0.0,162057.094,-114818.039,-0.0,0.133,6.909358625270745e+28,30.0,65.0,35,0.0,0.0,0.0,0.0,0.0,0.0,0.0,0.0,0.0,0.0,0.0,0.0,0.0,0.0,0.0,0.0,69.2,0,150,71,55,65476,0,300,0,1,8,20529,65476,0,0,40632,65.0,0.0,0.0,0.0,0.0,0.0
2026-09-04T20:25:24,ERR,ERR,ERR,ERR,ERR,ERR,ERR,ERR,ERR,ERR,ERR,ERR,ERR,ERR,ERR,ERR,ERR,ERR,ERR,ERR,ERR,ERR,ERR,ERR,ERR,ERR,ERR,ERR,ERR,ERR,ERR,ERR,ERR,ERR,ERR,ERR,ERR,ERR,ERR,ERR,ERR,ERR,ERR,ERR,ERR,ERR,ERR,ERR,ERR,ERR,ERR,ERR,ERR,ERR,ERR,ERR,ERR,ERR,ERR,ERR,ERR,ERR,ERR,ERR,ERR,ERR,ERR,ERR,ERR,ERR,ERR,ERR,ERR,ERR,ERR,ERR,ERR,ERR,ERR,ERR,ERR,ERR,ERR,ERR,ERR,ERR,ERR,ERR,ERR,ERR,ERR,ERR,ERR,ERR,ERR,ERR,ERR,ERR,ERR,ERR,ERR,ERR,ERR,ERR,ERR,ERR,ERR,ERR,ERR,ERR,ERR,ERR,ERR,ERR,ERR,ERR,ERR,ERR,ERR,ERR,ERR,ERR,ERR,ERR,ERR,0.0,2.7184312818759872e+23,-100793952.0,0.0,0.0,1.3936040501711995e+18,7.805,0.0,0,0,4,0,7116,0.0,100,0.0,0.0,0.0,0.0,0.0,0,0,0,0,0.0,0,0,0,0,0,0,0,0,0,0,0,0,0,0,0,0,0,0,0,0,0,0,0,0,0,0,0,0,0,0,0,0,0,31,40,40,71,65476,0,300,0,0,8,21553,0.0,-107605600.0,0.0,0.0,0.0,0.0,0.0,0.0,0.0,0.0,0.0,0.0,0.0,0.0,0.0,0.0,0.0,0.0,0.0,0.0,0.0,0.0,-2.004,-2.004,-0.0,-2.004,0.0,0.0,0.0,0.0,6331.0,3.697204165615393e+19,6924.0,0.0,0.0,2.7184303811560617e+23,2.718430741444032e+23,0.0,0.0,0.0,0.0,69,107615408.0,-0.0,0.0,0.0,0.0,0.0,0.0,0.0,0.0,0,0,0,0.0,0.0,0.0,0.0,0.0,0.0,0.0,0.0,0.0,0.0,0.0,0.0,0.0,0.0,0.0,0.0,0,-107875648.0,69,0.0,138,0.0,0.0,0,13107,17040,13107,17049,13107,17043,0,0,0,70,68,100,2.7302359370752657e+23,71.1,0.0,74.2,2.7302370179391762e+23,74.0,1,49,50,180,13107,52429,0,0,0.0,0.0,0.0,0.0,-0.0,67.0,0.0,162057.094,0.0,751,0,739,0,0,0,721,0,766,0,736,0,742,0,742,0,712,0,7520,0.032,78920024064.0,0.0,0.0,784,16797,-0.0,162057.094,-114818.039,-0.0,0.133,6.909358625270745e+28,30.0,65.0,35,0.0,0.0,0.0,0.0,0.0,0.0,0.0,0.0,0.0,0.0,0.0,0.0,0.0,0.0,0.0,0.0,69.2,0,150,71,55,65476,0,300,0,1,8,20529,65476,0,0,40632,65.0,0.0,0.0,0.0,0.0,0.0
2026-09-04T20:25:25,ERR,ERR,ERR,ERR,ERR,ERR,ERR,ERR,ERR,ERR,ERR,ERR,ERR,ERR,ERR,ERR,ERR,ERR,ERR,ERR,ERR,ERR,ERR,ERR,ERR,ERR,ERR,ERR,ERR,ERR,ERR,ERR,ERR,ERR,ERR,ERR,ERR,ERR,ERR,ERR,ERR,ERR,ERR,ERR,ERR,ERR,ERR,ERR,ERR,ERR,ERR,ERR,ERR,ERR,ERR,ERR,ERR,ERR,ERR,ERR,ERR,ERR,ERR,ERR,ERR,ERR,ERR,ERR,ERR,ERR,ERR,ERR,ERR,ERR,ERR,ERR,ERR,ERR,ERR,ERR,ERR,ERR,ERR,ERR,ERR,ERR,ERR,ERR,ERR,ERR,ERR,ERR,ERR,ERR,ERR,ERR,ERR,ERR,ERR,ERR,ERR,ERR,ERR,ERR,ERR,ERR,ERR,ERR,ERR,ERR,ERR,ERR,ERR,ERR,ERR,ERR,ERR,ERR,ERR,ERR,ERR,ERR,ERR,ERR,ERR,0.0,2.7184312818759872e+23,-100793952.0,0.0,0.0,1.3936040501711995e+18,7.805,0.0,0,0,4,0,7116,0.0,100,0.0,0.0,0.0,0.0,0.0,0,0,0,0,0.0,0,0,0,0,0,0,0,0,0,0,0,0,0,0,0,0,0,0,0,0,0,0,0,0,0,0,0,0,0,0,0,0,0,31,40,40,71,65476,0,300,0,0,8,21553,0.0,-107605600.0,0.0,0.0,0.0,0.0,0.0,0.0,0.0,0.0,0.0,0.0,0.0,0.0,0.0,0.0,0.0,0.0,0.0,0.0,0.0,0.0,-2.004,-2.004,-0.0,-2.004,0.0,0.0,0.0,0.0,6331.0,3.697204165615393e+19,6924.0,0.0,0.0,2.7184303811560617e+23,2.718430741444032e+23,0.0,0.0,0.0,0.0,69,107615408.0,-0.0,0.0,0.0,0.0,0.0,0.0,0.0,0.0,0,0,0,0.0,0.0,0.0,0.0,0.0,0.0,0.0,0.0,0.0,0.0,0.0,0.0,0.0,0.0,0.0,0.0,0,-107875648.0,69,0.0,138,0.0,0.0,0,13107,17040,13107,17049,13107,17043,0,0,0,70,68,100,2.7302359370752657e+23,71.1,0.0,74.2,2.7302370179391762e+23,74.0,1,49,50,180,13107,52429,0,0,0.0,0.0,0.0,0.0,-0.0,67.0,0.0,162057.094,0.0,751,0,739,0,0,0,721,0,766,0,736,0,742,0,742,0,712,0,7520,0.032,78920024064.0,0.0,0.0,784,16797,-0.0,162057.094,-114818.039,-0.0,0.133,6.909358625270745e+28,30.0,65.0,35,0.0,0.0,0.0,0.0,0.0,0.0,0.0,0.0,0.0,0.0,0.0,0.0,0.0,0.0,0.0,0.0,69.2,0,150,71,55,65476,0,300,0,1,8,20529,65476,0,0,40632,65.0,0.0,0.0,0.0,0.0,0.0
2026-09-04T20:25:26,ERR,ERR,ERR,ERR,ERR,ERR,ERR,ERR,ERR,ERR,ERR,ERR,ERR,ERR,ERR,ERR,ERR,ERR,ERR,ERR,ERR,ERR,ERR,ERR,ERR,ERR,ERR,ERR,ERR,ERR,ERR,ERR,ERR,ERR,ERR,ERR,ERR,ERR,ERR,ERR,ERR,ERR,ERR,ERR,ERR,ERR,ERR,ERR,ERR,ERR,ERR,ERR,ERR,ERR,ERR,ERR,ERR,ERR,ERR,ERR,ERR,ERR,ERR,ERR,ERR,ERR,ERR,ERR,ERR,ERR,ERR,ERR,ERR,ERR,ERR,ERR,ERR,ERR,ERR,ERR,ERR,ERR,ERR,ERR,ERR,ERR,ERR,ERR,ERR,ERR,ERR,ERR,ERR,ERR,ERR,ERR,ERR,ERR,ERR,ERR,ERR,ERR,ERR,ERR,ERR,ERR,ERR,ERR,ERR,ERR,ERR,ERR,ERR,ERR,ERR,ERR,ERR,ERR,ERR,ERR,ERR,ERR,ERR,ERR,ERR,0.0,2.7184312818759872e+23,-100793952.0,0.0,0.0,1.3936040501711995e+18,7.805,0.0,0,0,4,0,7116,0.0,100,0.0,0.0,0.0,0.0,0.0,0,0,0,0,0.0,0,0,0,0,0,0,0,0,0,0,0,0,0,0,0,0,0,0,0,0,0,0,0,0,0,0,0,0,0,0,0,0,0,31,40,40,71,65476,0,300,0,0,8,21553,0.0,-107605600.0,0.0,0.0,0.0,0.0,0.0,0.0,0.0,0.0,0.0,0.0,0.0,0.0,0.0,0.0,0.0,0.0,0.0,0.0,0.0,0.0,-2.004,-2.004,-0.0,-2.004,0.0,0.0,0.0,0.0,6331.0,3.697204165615393e+19,6924.0,0.0,0.0,2.7184303811560617e+23,2.718430741444032e+23,0.0,0.0,0.0,0.0,69,107615408.0,-0.0,0.0,0.0,0.0,0.0,0.0,0.0,0.0,0,0,0,0.0,0.0,0.0,0.0,0.0,0.0,0.0,0.0,0.0,0.0,0.0,0.0,0.0,0.0,0.0,0.0,0,-107875648.0,69,0.0,138,0.0,0.0,0,13107,17040,13107,17049,13107,17043,0,0,0,70,68,100,2.7302359370752657e+23,71.1,0.0,74.2,2.7302370179391762e+23,74.0,1,49,50,180,13107,52429,0,0,0.0,0.0,0.0,0.0,-0.0,67.0,0.0,162057.094,0.0,751,0,739,0,0,0,721,0,766,0,736,0,742,0,742,0,712,0,7520,0.032,90731184128.0,0.0,0.0,784,16797,-0.0,162057.094,-114818.039,-0.0,0.133,6.909358625270745e+28,30.0,65.0,35,0.0,0.0,0.0,0.0,0.0,0.0,0.0,0.0,0.0,0.0,0.0,0.0,0.0,0.0,0.0,0.0,69.2,0,150,71,55,65476,0,300,0,1,8,20529,65476,0,0,40632,65.0,0.0,0.0,0.0,0.0,0.0
2026-09-04T20:25:27,ERR,ERR,ERR,ERR,ERR,ERR,ERR,ERR,ERR,ERR,ERR,ERR,ERR,ERR,ERR,ERR,ERR,ERR,ERR,ERR,ERR,ERR,ERR,ERR,ERR,ERR,ERR,ERR,ERR,ERR,ERR,ERR,ERR,ERR,ERR,ERR,ERR,ERR,ERR,ERR,ERR,ERR,ERR,ERR,ERR,ERR,ERR,ERR,ERR,ERR,ERR,ERR,ERR,ERR,ERR,ERR,ERR,ERR,ERR,ERR,ERR,ERR,ERR,ERR,ERR,ERR,ERR,ERR,ERR,ERR,ERR,ERR,ERR,ERR,ERR,ERR,ERR,ERR,ERR,ERR,ERR,ERR,ERR,ERR,ERR,ERR,ERR,ERR,ERR,ERR,ERR,ERR,ERR,ERR,ERR,ERR,ERR,ERR,ERR,ERR,ERR,ERR,ERR,ERR,ERR,ERR,ERR,ERR,ERR,ERR,ERR,ERR,ERR,ERR,ERR,ERR,ERR,ERR,ERR,ERR,ERR,ERR,ERR,ERR,ERR,0.0,2.7184312818759872e+23,-100793952.0,0.0,0.0,1.3936040501711995e+18,7.805,0.0,0,0,4,0,7116,0.0,100,0.0,0.0,0.0,0.0,0.0,0,0,0,0,0.0,0,0,0,0,0,0,0,0,0,0,0,0,0,0,0,0,0,0,0,0,0,0,0,0,0,0,0,0,0,0,0,0,0,31,40,40,71,65476,0,300,0,0,8,21553,0.0,-107605600.0,0.0,0.0,0.0,0.0,0.0,0.0,0.0,0.0,0.0,0.0,0.0,0.0,0.0,0.0,0.0,0.0,0.0,0.0,0.0,0.0,-2.004,-2.004,-0.0,-2.004,0.0,0.0,0.0,0.0,6331.0,3.697204165615393e+19,6924.0,0.0,0.0,2.7184303811560617e+23,2.718430741444032e+23,0.0,0.0,0.0,0.0,69,107615408.0,-0.0,0.0,0.0,0.0,0.0,0.0,0.0,0.0,0,0,0,0.0,0.0,0.0,0.0,0.0,0.0,0.0,0.0,0.0,0.0,0.0,0.0,0.0,0.0,0.0,0.0,0,-107875648.0,69,0.0,138,0.0,0.0,0,13107,17040,13107,17049,13107,17043,0,0,0,70,68,100,2.7302359370752657e+23,71.1,0.0,74.2,2.7302370179391762e+23,74.0,1,49,50,180,13107,52429,0,0,0.0,0.0,0.0,0.0,-0.0,67.0,0.0,162057.094,0.0,751,0,739,0,0,0,721,0,766,0,736,0,742,0,742,0,712,0,7520,0.032,90731184128.0,0.0,0.0,784,16797,-0.0,162057.094,-114818.039,-0.0,0.133,6.909358625270745e+28,30.0,65.0,35,0.0,0.0,0.0,0.0,0.0,0.0,0.0,0.0,0.0,0.0,0.0,0.0,0.0,0.0,0.0,0.0,69.6,0,150,71,55,65476,0,300,0,1,8,20529,65476,0,0,40632,65.0,0.0,0.0,0.0,0.0,0.0
2026-09-04T20:25:28,ERR,ERR,ERR,ERR,ERR,ERR,ERR,ERR,ERR,ERR,ERR,ERR,ERR,ERR,ERR,ERR,ERR,ERR,ERR,ERR,ERR,ERR,ERR,ERR,ERR,ERR,ERR,ERR,ERR,ERR,ERR,ERR,ERR,ERR,ERR,ERR,ERR,ERR,ERR,ERR,ERR,ERR,ERR,ERR,ERR,ERR,ERR,ERR,ERR,ERR,ERR,ERR,ERR,ERR,ERR,ERR,ERR,ERR,ERR,ERR,ERR,ERR,ERR,ERR,ERR,ERR,ERR,ERR,ERR,ERR,ERR,ERR,ERR,ERR,ERR,ERR,ERR,ERR,ERR,ERR,ERR,ERR,ERR,ERR,ERR,ERR,ERR,ERR,ERR,ERR,ERR,ERR,ERR,ERR,ERR,ERR,ERR,ERR,ERR,ERR,ERR,ERR,ERR,ERR,ERR,ERR,ERR,ERR,ERR,ERR,ERR,ERR,ERR,ERR,ERR,ERR,ERR,ERR,ERR,ERR,ERR,ERR,ERR,ERR,ERR,0.0,2.7184312818759872e+23,-100793952.0,0.0,0.0,1.3936040501711995e+18,7.805,0.0,0,0,4,0,7116,0.0,100,0.0,0.0,0.0,0.0,0.0,0,0,0,0,0.0,0,0,0,0,0,0,0,0,0,0,0,0,0,0,0,0,0,0,0,0,0,0,0,0,0,0,0,0,0,0,0,0,0,31,40,40,71,65476,0,300,0,0,8,21553,0.0,-107605600.0,0.0,0.0,0.0,0.0,0.0,0.0,0.0,0.0,0.0,0.0,0.0,0.0,0.0,0.0,0.0,0.0,0.0,0.0,0.0,0.0,-2.004,-2.004,-0.0,-2.004,0.0,0.0,0.0,0.0,6331.0,3.697204165615393e+19,6924.0,0.0,0.0,2.7184303811560617e+23,2.718430741444032e+23,0.0,0.0,0.0,0.0,69,107615408.0,-0.0,0.0,0.0,0.0,0.0,0.0,0.0,0.0,0,0,0,0.0,0.0,0.0,0.0,0.0,0.0,0.0,0.0,0.0,0.0,0.0,0.0,0.0,0.0,0.0,0.0,0,-107875648.0,69,0.0,138,0.0,0.0,0,13107,17040,13107,17049,13107,17043,0,0,0,70,68,100,2.7302359370752657e+23,71.1,0.0,74.2,2.7302370179391762e+23,74.0,1,49,50,180,13107,52429,0,0,0.0,0.0,0.0,0.0,-0.0,67.0,0.0,162057.094,0.0,751,0,739,0,0,0,721,0,766,0,736,0,742,0,742,0,712,0,7520,0.032,90731184128.0,0.0,0.0,784,16797,-0.0,162057.094,-114818.039,-0.0,0.133,6.909358625270745e+28,30.0,65.0,35,0.0,0.0,0.0,0.0,0.0,0.0,0.0,0.0,0.0,0.0,0.0,0.0,0.0,0.0,0.0,0.0,69.6,0,150,71,55,65476,0,300,0,1,8,20529,65476,0,0,40632,65.0,0.0,0.0,0.0,0.0,0.0
2026-09-04T20:25:29,ERR,ERR,ERR,ERR,ERR,ERR,ERR,ERR,ERR,ERR,ERR,ERR,ERR,ERR,ERR,ERR,ERR,ERR,ERR,ERR,ERR,ERR,ERR,ERR,ERR,ERR,ERR,ERR,ERR,ERR,ERR,ERR,ERR,ERR,ERR,ERR,ERR,ERR,ERR,ERR,ERR,ERR,ERR,ERR,ERR,ERR,ERR,ERR,ERR,ERR,ERR,ERR,ERR,ERR,ERR,ERR,ERR,ERR,ERR,ERR,ERR,ERR,ERR,ERR,ERR,ERR,ERR,ERR,ERR,ERR,ERR,ERR,ERR,ERR,ERR,ERR,ERR,ERR,ERR,ERR,ERR,ERR,ERR,ERR,ERR,ERR,ERR,ERR,ERR,ERR,ERR,ERR,ERR,ERR,ERR,ERR,ERR,ERR,ERR,ERR,ERR,ERR,ERR,ERR,ERR,ERR,ERR,ERR,ERR,ERR,ERR,ERR,ERR,ERR,ERR,ERR,ERR,ERR,ERR,ERR,ERR,ERR,ERR,ERR,ERR,0.0,2.7184312818759872e+23,-100793952.0,0.0,0.0,1.3936040501711995e+18,7.805,0.0,0,0,4,0,7116,0.0,100,0.0,0.0,0.0,0.0,0.0,0,0,0,0,0.0,0,0,0,0,0,0,0,0,0,0,0,0,0,0,0,0,0,0,0,0,0,0,0,0,0,0,0,0,0,0,0,0,0,31,40,40,71,65476,0,300,0,0,8,21553,0.0,-107605600.0,0.0,0.0,0.0,0.0,0.0,0.0,0.0,0.0,0.0,0.0,0.0,0.0,0.0,0.0,0.0,0.0,0.0,0.0,0.0,0.0,-2.004,-2.004,-0.0,-2.004,0.0,0.0,0.0,0.0,6331.0,-0.0,6930.0,0.0,2.7184312818759872e+23,2.7184303811560617e+23,0.0,0.0,0.0,0.0,0.0,69,152018589057024.0,-2.3088371992784536e+20,0.0,0.0,0.0,0.0,0.0,0.0,0.0,0,0,0,0.0,0.0,0.0,0.0,0.0,0.0,0.0,0.0,0.0,0.0,0.0,0.0,0.0,0.0,0.0,0.0,0,-107875648.0,69,0.0,138,0.0,0.0,0,13107,17040,13107,17049,13107,17043,0,0,0,70,68,100,2.7302359370752657e+23,71.1,0.0,74.2,2.7302370179391762e+23,74.0,1,49,50,180,13107,52429,0,0,0.0,0.0,0.0,0.0,-0.0,67.0,0.0,162057.094,0.0,751,0,739,0,0,0,721,0,766,0,736,0,742,0,742,0,712,0,7520,0.032,90731184128.0,0.0,0.0,784,16797,-0.0,162057.094,-114818.039,-0.0,0.133,6.909358625270745e+28,30.0,65.0,35,0.0,0.0,0.0,0.0,0.0,0.0,0.0,0.0,0.0,0.0,0.0,0.0,0.0,0.0,0.0,0.0,69.2,0,150,71,55,65476,0,300,0,1,8,20529,65476,0,0,40632,65.0,0.0,0.0,0.0,0.0,0.0
2026-09-04T20:25:30,ERR,ERR,ERR,ERR,ERR,ERR,ERR,ERR,ERR,ERR,ERR,ERR,ERR,ERR,ERR,ERR,ERR,ERR,ERR,ERR,ERR,ERR,ERR,ERR,ERR,ERR,ERR,ERR,ERR,ERR,ERR,ERR,ERR,ERR,ERR,ERR,ERR,ERR,ERR,ERR,ERR,ERR,ERR,ERR,ERR,ERR,ERR,ERR,ERR,ERR,ERR,ERR,ERR,ERR,ERR,ERR,ERR,ERR,ERR,ERR,ERR,ERR,ERR,ERR,ERR,ERR,ERR,ERR,ERR,ERR,ERR,ERR,ERR,ERR,ERR,ERR,ERR,ERR,ERR,ERR,ERR,ERR,ERR,ERR,ERR,ERR,ERR,ERR,ERR,ERR,ERR,ERR,ERR,ERR,ERR,ERR,ERR,ERR,ERR,ERR,ERR,ERR,ERR,ERR,ERR,ERR,ERR,ERR,ERR,ERR,ERR,ERR,ERR,ERR,ERR,ERR,ERR,ERR,ERR,ERR,ERR,ERR,ERR,ERR,ERR,0.0,2.7184312818759872e+23,-100793952.0,0.0,0.0,1.3936040501711995e+18,7.805,0.0,0,0,4,0,7116,0.0,100,0.0,0.0,0.0,0.0,0.0,0,0,0,0,0.0,0,0,0,0,0,0,0,0,0,0,0,0,0,0,0,0,0,0,0,0,0,0,0,0,0,0,0,0,0,0,0,0,0,31,40,40,71,65476,0,300,0,0,8,21553,0.0,-107605600.0,0.0,0.0,0.0,0.0,0.0,0.0,0.0,0.0,0.0,0.0,0.0,0.0,0.0,0.0,0.0,0.0,0.0,0.0,0.0,0.0,-2.004,-2.004,-0.0,-2.004,0.0,0.0,0.0,0.0,6331.0,-0.0,6930.0,0.0,2.7184312818759872e+23,2.7184303811560617e+23,0.0,0.0,0.0,0.0,0.0,69,152018589057024.0,-2.3088371992784536e+20,0.0,0.0,0.0,0.0,0.0,0.0,0.0,0,0,0,0.0,0.0,0.0,0.0,0.0,0.0,0.0,0.0,0.0,0.0,0.0,0.0,0.0,0.0,0.0,0.0,0,-107875648.0,69,0.0,138,0.0,0.0,0,13107,17040,13107,17049,13107,17043,0,0,0,70,68,100,2.7302359370752657e+23,71.1,0.0,74.2,2.7302370179391762e+23,74.0,1,49,50,180,13107,52429,0,0,0.0,0.0,0.0,0.0,-0.0,67.0,0.0,162057.094,0.0,751,0,739,0,0,0,721,0,766,0,736,0,742,0,742,0,712,0,7520,0.032,90731184128.0,0.0,0.0,784,16797,-0.0,162057.094,-114818.039,-0.0,0.133,6.909358625270745e+28,30.0,65.0,35,0.0,0.0,0.0,0.0,0.0,0.0,0.0,0.0,0.0,0.0,0.0,0.0,0.0,0.0,0.0,0.0,69.2,0,150,71,55,65476,0,300,0,1,8,20529,65476,0,0,40632,65.0,0.0,0.0,0.0,0.0,0.0
2026-09-04T20:25:31,ERR,ERR,ERR,ERR,ERR,ERR,ERR,ERR,ERR,ERR,ERR,ERR,ERR,ERR,ERR,ERR,ERR,ERR,ERR,ERR,ERR,ERR,ERR,ERR,ERR,ERR,ERR,ERR,ERR,ERR,ERR,ERR,ERR,ERR,ERR,ERR,ERR,ERR,ERR,ERR,ERR,ERR,ERR,ERR,ERR,ERR,ERR,ERR,ERR,ERR,ERR,ERR,ERR,ERR,ERR,ERR,ERR,ERR,ERR,ERR,ERR,ERR,ERR,ERR,ERR,ERR,ERR,ERR,ERR,ERR,ERR,ERR,ERR,ERR,ERR,ERR,ERR,ERR,ERR,ERR,ERR,ERR,ERR,ERR,ERR,ERR,ERR,ERR,ERR,ERR,ERR,ERR,ERR,ERR,ERR,ERR,ERR,ERR,ERR,ERR,ERR,ERR,ERR,ERR,ERR,ERR,ERR,ERR,ERR,ERR,ERR,ERR,ERR,ERR,ERR,ERR,ERR,ERR,ERR,ERR,ERR,ERR,ERR,ERR,ERR,0.0,2.7184312818759872e+23,-100793952.0,0.0,0.0,1.3936040501711995e+18,7.805,0.0,0,0,4,0,7116,0.0,100,0.0,0.0,0.0,0.0,0.0,0,0,0,0,0.0,0,0,0,0,0,0,0,0,0,0,0,0,0,0,0,0,0,0,0,0,0,0,0,0,0,0,0,0,0,0,0,0,0,31,40,40,71,65476,0,300,0,0,8,21553,0.0,-107605600.0,0.0,0.0,0.0,0.0,0.0,0.0,0.0,0.0,0.0,0.0,0.0,0.0,0.0,0.0,0.0,0.0,0.0,0.0,0.0,0.0,-2.004,-2.004,-0.0,-2.004,0.0,0.0,0.0,0.0,6331.0,-0.0,6930.0,0.0,2.7184312818759872e+23,2.7184303811560617e+23,0.0,0.0,0.0,0.0,0.0,69,152018589057024.0,-2.3088371992784536e+20,0.0,0.0,0.0,0.0,0.0,0.0,0.0,0,0,0,0.0,0.0,0.0,0.0,0.0,0.0,0.0,0.0,0.0,0.0,0.0,0.0,0.0,0.0,0.0,0.0,0,-107875648.0,69,0.0,138,0.0,0.0,0,13107,17040,13107,17049,13107,17043,0,0,0,70,68,100,2.7302359370752657e+23,71.2,2.7302370179391762e+23,74.2,2.7302370179391762e+23,74.0,1,49,50,180,13107,52429,0,0,0.0,0.0,0.0,0.0,-0.0,67.0,0.0,162057.094,0.0,751,0,739,0,0,0,721,0,766,0,736,0,742,0,742,0,712,0,7520,0.032,108447924224.0,0.0,0.0,784,16797,-0.0,162057.094,-114818.039,-0.0,0.133,6.909358625270745e+28,30.0,65.0,35,0.0,0.0,0.0,0.0,0.0,0.0,0.0,0.0,0.0,0.0,0.0,0.0,0.0,0.0,0.0,0.0,69.2,0,150,71,55,65476,0,300,0,1,8,20529,65476,0,0,40632,65.0,0.0,0.0,0.0,0.0,0.0
2026-09-04T20:25:32,ERR,ERR,ERR,ERR,ERR,ERR,ERR,ERR,ERR,ERR,ERR,ERR,ERR,ERR,ERR,ERR,ERR,ERR,ERR,ERR,ERR,ERR,ERR,ERR,ERR,ERR,ERR,ERR,ERR,ERR,ERR,ERR,ERR,ERR,ERR,ERR,ERR,ERR,ERR,ERR,ERR,ERR,ERR,ERR,ERR,ERR,ERR,ERR,ERR,ERR,ERR,ERR,ERR,ERR,ERR,ERR,ERR,ERR,ERR,ERR,ERR,ERR,ERR,ERR,ERR,ERR,ERR,ERR,ERR,ERR,ERR,ERR,ERR,ERR,ERR,ERR,ERR,ERR,ERR,ERR,ERR,ERR,ERR,ERR,ERR,ERR,ERR,ERR,ERR,ERR,ERR,ERR,ERR,ERR,ERR,ERR,ERR,ERR,ERR,ERR,ERR,ERR,ERR,ERR,ERR,ERR,ERR,ERR,ERR,ERR,ERR,ERR,ERR,ERR,ERR,ERR,ERR,ERR,ERR,ERR,ERR,ERR,ERR,ERR,ERR,0.0,2.7184312818759872e+23,-100793952.0,0.0,0.0,1.3936040501711995e+18,7.805,0.0,0,0,4,0,7116,0.0,100,0.0,0.0,0.0,0.0,0.0,0,0,0,0,0.0,0,0,0,0,0,0,0,0,0,0,0,0,0,0,0,0,0,0,0,0,0,0,0,0,0,0,0,0,0,0,0,0,0,31,40,40,71,65476,0,300,0,0,8,21553,0.0,-107605600.0,0.0,0.0,0.0,0.0,0.0,0.0,0.0,0.0,0.0,0.0,0.0,0.0,0.0,0.0,0.0,0.0,0.0,0.0,0.0,0.0,-2.004,-2.004,-0.0,-2.004,0.0,0.0,0.0,0.0,6331.0,-0.0,6930.0,0.0,2.7184312818759872e+23,2.7184303811560617e+23,0.0,0.0,0.0,0.0,0.0,69,152018589057024.0,-2.3088371992784536e+20,0.0,0.0,0.0,0.0,0.0,0.0,0.0,0,0,0,0.0,0.0,0.0,0.0,0.0,0.0,0.0,0.0,0.0,0.0,0.0,0.0,0.0,0.0,0.0,0.0,0,-107875648.0,69,0.0,138,0.0,0.0,0,13107,17040,13107,17049,13107,17043,0,0,0,70,68,100,2.7302359370752657e+23,71.2,2.7302370179391762e+23,74.2,2.7302370179391762e+23,74.0,1,49,50,180,13107,52429,0,0,0.0,0.0,0.0,0.0,-0.0,67.0,0.0,162057.094,0.0,751,0,739,0,0,0,721,0,766,0,736,0,742,0,742,0,712,0,7520,0.032,108447924224.0,0.0,0.0,784,16797,-0.0,162057.094,-114818.039,-0.0,0.133,6.909358625270745e+28,30.0,65.0,35,0.0,0.0,0.0,0.0,0.0,0.0,0.0,0.0,0.0,0.0,0.0,0.0,0.0,0.0,0.0,0.0,69.2,0,150,71,55,65476,0,300,0,1,8,20529,65476,0,0,40632,65.0,0.0,0.0,0.0,0.0,0.0
2026-09-04T20:25:33,ERR,ERR,ERR,ERR,ERR,ERR,ERR,ERR,ERR,ERR,ERR,ERR,ERR,ERR,ERR,ERR,ERR,ERR,ERR,ERR,ERR,ERR,ERR,ERR,ERR,ERR,ERR,ERR,ERR,ERR,ERR,ERR,ERR,ERR,ERR,ERR,ERR,ERR,ERR,ERR,ERR,ERR,ERR,ERR,ERR,ERR,ERR,ERR,ERR,ERR,ERR,ERR,ERR,ERR,ERR,ERR,ERR,ERR,ERR,ERR,ERR,ERR,ERR,ERR,ERR,ERR,ERR,ERR,ERR,ERR,ERR,ERR,ERR,ERR,ERR,ERR,ERR,ERR,ERR,ERR,ERR,ERR,ERR,ERR,ERR,ERR,ERR,ERR,ERR,ERR,ERR,ERR,ERR,ERR,ERR,ERR,ERR,ERR,ERR,ERR,ERR,ERR,ERR,ERR,ERR,ERR,ERR,ERR,ERR,ERR,ERR,ERR,ERR,ERR,ERR,ERR,ERR,ERR,ERR,ERR,ERR,ERR,ERR,ERR,ERR,0.0,2.7184312818759872e+23,-100793952.0,0.0,0.0,1.3936040501711995e+18,7.805,0.0,0,0,4,0,7116,0.0,100,0.0,0.0,0.0,0.0,0.0,0,0,0,0,0.0,0,0,0,0,0,0,0,0,0,0,0,0,0,0,0,0,0,0,0,0,0,0,0,0,0,0,0,0,0,0,0,0,0,31,40,40,71,65476,0,300,0,0,8,21553,0.0,-107605600.0,0.0,0.0,0.0,0.0,0.0,0.0,0.0,0.0,0.0,0.0,0.0,0.0,0.0,0.0,0.0,0.0,0.0,0.0,0.0,0.0,-2.004,-2.004,-0.0,-2.004,0.0,0.0,0.0,0.0,6331.0,-0.0,6930.0,0.0,2.7184312818759872e+23,2.7184303811560617e+23,0.0,0.0,0.0,0.0,0.0,69,152018589057024.0,-2.3088371992784536e+20,0.0,0.0,0.0,0.0,0.0,0.0,0.0,0,0,0,0.0,0.0,0.0,0.0,0.0,0.0,0.0,0.0,0.0,0.0,0.0,0.0,0.0,0.0,0.0,0.0,0,-107875648.0,69,0.0,138,0.0,0.0,0,13107,17040,13107,17049,13107,17043,0,0,0,70,68,100,2.7302359370752657e+23,71.2,2.7302370179391762e+23,74.2,2.7302370179391762e+23,74.0,1,49,50,180,13107,52429,0,0,0.0,0.0,0.0,0.0,-0.0,67.0,0.0,162057.094,0.0,751,0,739,0,0,0,721,0,766,0,736,0,742,0,742,0,712,0,7520,0.032,108447924224.0,0.0,0.0,784,16797,-0.0,162057.094,-114818.039,-0.0,0.133,6.909358625270745e+28,30.0,65.0,35,0.0,0.0,0.0,0.0,0.0,0.0,0.0,0.0,0.0,0.0,0.0,0.0,0.0,0.0,0.0,0.0,69.2,0,150,71,55,65476,0,300,0,1,8,20529,65476,0,0,40632,65.0,0.0,0.0,0.0,0.0,0.0
2026-09-04T20:25:34,ERR,ERR,ERR,ERR,ERR,ERR,ERR,ERR,ERR,ERR,ERR,ERR,ERR,ERR,ERR,ERR,ERR,ERR,ERR,ERR,ERR,ERR,ERR,ERR,ERR,ERR,ERR,ERR,ERR,ERR,ERR,ERR,ERR,ERR,ERR,ERR,ERR,ERR,ERR,ERR,ERR,ERR,ERR,ERR,ERR,ERR,ERR,ERR,ERR,ERR,ERR,ERR,ERR,ERR,ERR,ERR,ERR,ERR,ERR,ERR,ERR,ERR,ERR,ERR,ERR,ERR,ERR,ERR,ERR,ERR,ERR,ERR,ERR,ERR,ERR,ERR,ERR,ERR,ERR,ERR,ERR,ERR,ERR,ERR,ERR,ERR,ERR,ERR,ERR,ERR,ERR,ERR,ERR,ERR,ERR,ERR,ERR,ERR,ERR,ERR,ERR,ERR,ERR,ERR,ERR,ERR,ERR,ERR,ERR,ERR,ERR,ERR,ERR,ERR,ERR,ERR,ERR,ERR,ERR,ERR,ERR,ERR,ERR,ERR,ERR,0.0,2.7184312818759872e+23,-100793952.0,0.0,0.0,1.3936040501711995e+18,7.805,0.0,0,0,4,0,7116,0.0,100,0.0,0.0,0.0,0.0,0.0,0,0,0,0,0.0,0,0,0,0,0,0,0,0,0,0,0,0,0,0,0,0,0,0,0,0,0,0,0,0,0,0,0,0,0,0,0,0,0,31,40,40,71,65476,0,300,0,0,8,21553,0.0,-107605600.0,0.0,0.0,0.0,0.0,0.0,0.0,0.0,0.0,0.0,0.0,0.0,0.0,0.0,0.0,0.0,0.0,0.0,0.0,0.0,0.0,-2.004,-2.004,-0.0,-2.004,0.0,0.0,0.0,0.0,6331.0,-0.0,6930.0,0.0,2.7184312818759872e+23,2.7184303811560617e+23,0.0,0.0,0.0,0.0,0.0,69,152018589057024.0,-2.3088371992784536e+20,0.0,0.0,0.0,0.0,0.0,0.0,0.0,0,0,0,0.0,0.0,0.0,0.0,0.0,0.0,0.0,0.0,0.0,0.0,0.0,0.0,0.0,0.0,0.0,0.0,0,-107875648.0,69,0.0,138,0.0,0.0,0,13107,17040,13107,17049,13107,17043,0,0,0,70,68,100,2.7302359370752657e+23,71.2,2.7302370179391762e+23,74.2,2.7302370179391762e+23,74.0,1,49,50,180,13107,52429,0,0,0.0,0.0,0.0,0.0,-0.0,67.0,0.0,162057.094,0.0,751,0,739,0,0,0,721,0,766,0,736,0,742,0,742,0,712,0,7520,0.032,108447924224.0,0.0,0.0,784,16797,-0.0,162057.094,-114818.039,-0.0,0.133,6.909358625270745e+28,30.0,65.0,35,0.0,0.0,0.0,0.0,0.0,0.0,0.0,0.0,0.0,0.0,0.0,0.0,0.0,0.0,0.0,0.0,69.6,0,150,71,55,65476,0,300,0,1,8,20529,65476,0,0,40632,65.0,0.0,0.0,0.0,0.0,0.0
2026-09-04T20:25:35,ERR,ERR,ERR,ERR,ERR,ERR,ERR,ERR,ERR,ERR,ERR,ERR,ERR,ERR,ERR,ERR,ERR,ERR,ERR,ERR,ERR,ERR,ERR,ERR,ERR,ERR,ERR,ERR,ERR,ERR,ERR,ERR,ERR,ERR,ERR,ERR,ERR,ERR,ERR,ERR,ERR,ERR,ERR,ERR,ERR,ERR,ERR,ERR,ERR,ERR,ERR,ERR,ERR,ERR,ERR,ERR,ERR,ERR,ERR,ERR,ERR,ERR,ERR,ERR,ERR,ERR,ERR,ERR,ERR,ERR,ERR,ERR,ERR,ERR,ERR,ERR,ERR,ERR,ERR,ERR,ERR,ERR,ERR,ERR,ERR,ERR,ERR,ERR,ERR,ERR,ERR,ERR,ERR,ERR,ERR,ERR,ERR,ERR,ERR,ERR,ERR,ERR,ERR,ERR,ERR,ERR,ERR,ERR,ERR,ERR,ERR,ERR,ERR,ERR,ERR,ERR,ERR,ERR,ERR,ERR,ERR,ERR,ERR,ERR,ERR,0.0,2.7184312818759872e+23,-100793952.0,0.0,0.0,1.3936040501711995e+18,7.805,0.0,0,0,4,0,7116,0.0,100,0.0,0.0,0.0,0.0,0.0,0,0,0,0,0.0,0,0,0,0,0,0,0,0,0,0,0,0,0,0,0,0,0,0,0,0,0,0,0,0,0,0,0,0,0,0,0,0,0,31,40,40,71,65476,0,300,0,0,8,21553,0.0,-107605600.0,0.0,0.0,0.0,0.0,0.0,0.0,0.0,0.0,0.0,0.0,0.0,0.0,0.0,0.0,0.0,0.0,0.0,0.0,0.0,0.0,-2.004,-2.004,-0.0,-2.004,0.0,0.0,0.0,0.0,6331.0,-0.0,6930.0,0.0,2.7184312818759872e+23,2.7184303811560617e+23,0.0,0.0,0.0,0.0,0.0,69,152018589057024.0,-2.3088371992784536e+20,0.0,0.0,0.0,0.0,0.0,0.0,0.0,0,0,0,0.0,0.0,0.0,0.0,0.0,0.0,0.0,0.0,0.0,0.0,0.0,0.0,0.0,0.0,0.0,0.0,0,-107875648.0,69,0.0,138,0.0,0.0,0,13107,17040,13107,17049,13107,17043,0,0,0,70,68,100,2.7302359370752657e+23,71.2,2.7302370179391762e+23,74.2,2.7302370179391762e+23,74.0,1,49,50,180,13107,52429,0,0,0.0,0.0,0.0,0.0,-0.0,67.0,0.0,162057.094,0.0,751,0,739,0,0,0,721,0,766,0,736,0,742,0,742,0,712,0,7520,0.032,96099893248.0,0.0,0.0,784,16797,-0.0,162057.094,-114818.039,-0.0,0.133,6.909358625270745e+28,30.0,65.0,35,0.0,0.0,0.0,0.0,0.0,0.0,0.0,0.0,0.0,0.0,0.0,0.0,0.0,0.0,0.0,0.0,69.6,0,150,71,55,65476,0,300,0,1,8,20529,65476,0,0,40632,65.0,0.0,0.0,0.0,0.0,0.0
2026-09-04T20:25:36,ERR,ERR,ERR,ERR,ERR,ERR,ERR,ERR,ERR,ERR,ERR,ERR,ERR,ERR,ERR,ERR,ERR,ERR,ERR,ERR,ERR,ERR,ERR,ERR,ERR,ERR,ERR,ERR,ERR,ERR,ERR,ERR,ERR,ERR,ERR,ERR,ERR,ERR,ERR,ERR,ERR,ERR,ERR,ERR,ERR,ERR,ERR,ERR,ERR,ERR,ERR,ERR,ERR,ERR,ERR,ERR,ERR,ERR,ERR,ERR,ERR,ERR,ERR,ERR,ERR,ERR,ERR,ERR,ERR,ERR,ERR,ERR,ERR,ERR,ERR,ERR,ERR,ERR,ERR,ERR,ERR,ERR,ERR,ERR,ERR,ERR,ERR,ERR,ERR,ERR,ERR,ERR,ERR,ERR,ERR,ERR,ERR,ERR,ERR,ERR,ERR,ERR,ERR,ERR,ERR,ERR,ERR,ERR,ERR,ERR,ERR,ERR,ERR,ERR,ERR,ERR,ERR,ERR,ERR,ERR,ERR,ERR,ERR,ERR,ERR,0.0,2.7184312818759872e+23,-100793952.0,0.0,0.0,1.3936040501711995e+18,7.805,0.0,0,0,4,0,7116,0.0,100,0.0,0.0,0.0,0.0,0.0,0,0,0,0,0.0,0,0,0,0,0,0,0,0,0,0,0,0,0,0,0,0,0,0,0,0,0,0,0,0,0,0,0,0,0,0,0,0,0,31,40,40,71,65476,0,300,0,0,8,21553,0.0,-107605600.0,0.0,0.0,0.0,0.0,0.0,0.0,0.0,0.0,0.0,0.0,0.0,0.0,0.0,0.0,0.0,0.0,0.0,0.0,0.0,0.0,-2.004,-0.0,-0.0,-2.004,0.0,0.0,0.0,0.0,6328.0,-0.0,6928.0,0.0,2.7184312818759872e+23,-0.0,2.718430741444032e+23,0.0,0.0,0.0,0.0,69,0.0,-107615200.0,0.0,0.0,0.0,0.0,0.0,0.0,0.0,0,0,0,0.0,0.0,0.0,0.0,0.0,0.0,0.0,0.0,0.0,0.0,0.0,0.0,0.0,0.0,0.0,0.0,0,-107875648.0,69,0.0,138,0.0,0.0,0,13107,17040,13107,17049,13107,17043,0,0,0,70,68,100,2.7302359370752657e+23,71.2,2.7302370179391762e+23,74.2,2.7302370179391762e+23,74.0,1,49,50,180,13107,52429,0,0,0.0,0.0,0.0,0.0,-0.0,67.0,0.0,162057.094,0.0,751,0,739,0,0,0,721,0,766,0,736,0,742,0,742,0,712,0,7520,0.032,96099893248.0,0.0,0.0,784,16797,-0.0,162057.094,-114818.039,-0.0,0.133,6.909358625270745e+28,30.0,65.0,35,0.0,0.0,0.0,0.0,0.0,0.0,0.0,0.0,0.0,0.0,0.0,0.0,0.0,0.0,0.0,0.0,69.2,0,150,71,55,65476,0,300,0,1,8,20529,65476,0,0,40632,65.0,0.0,0.0,0.0,0.0,0.0
2026-09-04T20:25:37,ERR,ERR,ERR,ERR,ERR,ERR,ERR,ERR,ERR,ERR,ERR,ERR,ERR,ERR,ERR,ERR,ERR,ERR,ERR,ERR,ERR,ERR,ERR,ERR,ERR,ERR,ERR,ERR,ERR,ERR,ERR,ERR,ERR,ERR,ERR,ERR,ERR,ERR,ERR,ERR,ERR,ERR,ERR,ERR,ERR,ERR,ERR,ERR,ERR,ERR,ERR,ERR,ERR,ERR,ERR,ERR,ERR,ERR,ERR,ERR,ERR,ERR,ERR,ERR,ERR,ERR,ERR,ERR,ERR,ERR,ERR,ERR,ERR,ERR,ERR,ERR,ERR,ERR,ERR,ERR,ERR,ERR,ERR,ERR,ERR,ERR,ERR,ERR,ERR,ERR,ERR,ERR,ERR,ERR,ERR,ERR,ERR,ERR,ERR,ERR,ERR,ERR,ERR,ERR,ERR,ERR,ERR,ERR,ERR,ERR,ERR,ERR,ERR,ERR,ERR,ERR,ERR,ERR,ERR,ERR,ERR,ERR,ERR,ERR,ERR,0.0,2.7184312818759872e+23,-100793952.0,0.0,0.0,1.3936040501711995e+18,7.805,0.0,0,0,4,0,7116,0.0,100,0.0,0.0,0.0,0.0,0.0,0,0,0,0,0.0,0,0,0,0,0,0,0,0,0,0,0,0,0,0,0,0,0,0,0,0,0,0,0,0,0,0,0,0,0,0,0,0,0,31,40,40,71,65476,0,300,0,0,8,21553,0.0,-107605600.0,0.0,0.0,0.0,0.0,0.0,0.0,0.0,0.0,0.0,0.0,0.0,0.0,0.0,0.0,0.0,0.0,0.0,0.0,0.0,0.0,-2.004,-0.0,-0.0,-2.004,0.0,0.0,0.0,0.0,6328.0,-0.0,6928.0,0.0,2.7184312818759872e+23,-0.0,2.718430741444032e+23,0.0,0.0,0.0,0.0,69,0.0,-107615200.0,0.0,0.0,0.0,0.0,0.0,0.0,0.0,0,0,0,0.0,0.0,0.0,0.0,0.0,0.0,0.0,0.0,0.0,0.0,0.0,0.0,0.0,0.0,0.0,0.0,0,-107875648.0,69,0.0,138,0.0,0.0,0,13107,17040,13107,17049,13107,17043,0,0,0,70,68,100,2.7302359370752657e+23,71.2,2.7302370179391762e+23,74.2,2.7302370179391762e+23,74.0,1,49,50,180,13107,52429,0,0,0.0,0.0,0.0,0.0,-0.0,67.0,0.0,162057.094,0.0,751,0,739,0,0,0,721,0,766,0,736,0,742,0,742,0,712,0,7520,0.032,96099893248.0,0.0,0.0,784,16797,-0.0,162057.094,-114818.039,-0.0,0.133,6.909358625270745e+28,30.0,65.0,35,0.0,0.0,0.0,0.0,0.0,0.0,0.0,0.0,0.0,0.0,0.0,0.0,0.0,0.0,0.0,0.0,69.2,0,150,71,55,65476,0,300,0,1,8,20529,65476,0,0,40632,65.0,0.0,0.0,0.0,0.0,0.0
2026-09-04T20:25:38,ERR,ERR,ERR,ERR,ERR,ERR,ERR,ERR,ERR,ERR,ERR,ERR,ERR,ERR,ERR,ERR,ERR,ERR,ERR,ERR,ERR,ERR,ERR,ERR,ERR,ERR,ERR,ERR,ERR,ERR,ERR,ERR,ERR,ERR,ERR,ERR,ERR,ERR,ERR,ERR,ERR,ERR,ERR,ERR,ERR,ERR,ERR,ERR,ERR,ERR,ERR,ERR,ERR,ERR,ERR,ERR,ERR,ERR,ERR,ERR,ERR,ERR,ERR,ERR,ERR,ERR,ERR,ERR,ERR,ERR,ERR,ERR,ERR,ERR,ERR,ERR,ERR,ERR,ERR,ERR,ERR,ERR,ERR,ERR,ERR,ERR,ERR,ERR,ERR,ERR,ERR,ERR,ERR,ERR,ERR,ERR,ERR,ERR,ERR,ERR,ERR,ERR,ERR,ERR,ERR,ERR,ERR,ERR,ERR,ERR,ERR,ERR,ERR,ERR,ERR,ERR,ERR,ERR,ERR,ERR,ERR,ERR,ERR,ERR,ERR,0.0,2.7184312818759872e+23,-100793952.0,0.0,0.0,1.3936040501711995e+18,7.805,0.0,0,0,4,0,7116,0.0,100,0.0,0.0,0.0,0.0,0.0,0,0,0,0,0.0,0,0,0,0,0,0,0,0,0,0,0,0,0,0,0,0,0,0,0,0,0,0,0,0,0,0,0,0,0,0,0,0,0,31,40,40,71,65476,0,300,0,0,8,21553,0.0,-107605600.0,0.0,0.0,0.0,0.0,0.0,0.0,0.0,0.0,0.0,0.0,0.0,0.0,0.0,0.0,0.0,0.0,0.0,0.0,0.0,0.0,-2.004,-0.0,-0.0,-2.004,0.0,0.0,0.0,0.0,6328.0,-0.0,6928.0,0.0,2.7184312818759872e+23,-0.0,2.718430741444032e+23,0.0,0.0,0.0,0.0,69,0.0,-107615200.0,0.0,0.0,0.0,0.0,0.0,0.0,0.0,0,0,0,0.0,0.0,0.0,0.0,0.0,0.0,0.0,0.0,0.0,0.0,0.0,0.0,0.0,0.0,0.0,0.0,0,-107875648.0,69,0.0,138,0.0,0.0,0,13107,17040,13107,17049,13107,17043,0,0,0,70,68,100,2.7302359370752657e+23,71.2,2.7302370179391762e+23,74.2,2.7302370179391762e+23,74.0,1,49,50,180,13107,52429,0,0,0.0,0.0,0.0,0.0,-0.0,67.0,0.0,162057.094,0.0,751,0,739,0,0,0,721,0,766,0,736,0,742,0,742,0,712,0,7520,0.032,96099893248.0,0.0,0.0,784,16797,-0.0,162057.094,-114818.039,-0.0,0.133,6.909358625270745e+28,30.0,65.0,35,0.0,0.0,0.0,0.0,0.0,0.0,0.0,0.0,0.0,0.0,0.0,0.0,0.0,0.0,0.0,0.0,69.2,0,150,71,55,65476,0,300,0,1,8,20529,65476,0,0,40632,65.0,0.0,0.0,0.0,0.0,0.0
2026-09-04T20:25:39,ERR,ERR,ERR,ERR,ERR,ERR,ERR,ERR,ERR,ERR,ERR,ERR,ERR,ERR,ERR,ERR,ERR,ERR,ERR,ERR,ERR,ERR,ERR,ERR,ERR,ERR,ERR,ERR,ERR,ERR,ERR,ERR,ERR,ERR,ERR,ERR,ERR,ERR,ERR,ERR,ERR,ERR,ERR,ERR,ERR,ERR,ERR,ERR,ERR,ERR,ERR,ERR,ERR,ERR,ERR,ERR,ERR,ERR,ERR,ERR,ERR,ERR,ERR,ERR,ERR,ERR,ERR,ERR,ERR,ERR,ERR,ERR,ERR,ERR,ERR,ERR,ERR,ERR,ERR,ERR,ERR,ERR,ERR,ERR,ERR,ERR,ERR,ERR,ERR,ERR,ERR,ERR,ERR,ERR,ERR,ERR,ERR,ERR,ERR,ERR,ERR,ERR,ERR,ERR,ERR,ERR,ERR,ERR,ERR,ERR,ERR,ERR,ERR,ERR,ERR,ERR,ERR,ERR,ERR,ERR,ERR,ERR,ERR,ERR,ERR,0.0,2.7184312818759872e+23,-100793952.0,0.0,0.0,1.3936040501711995e+18,7.805,0.0,0,0,4,0,7116,0.0,100,0.0,0.0,0.0,0.0,0.0,0,0,0,0,0.0,0,0,0,0,0,0,0,0,0,0,0,0,0,0,0,0,0,0,0,0,0,0,0,0,0,0,0,0,0,0,0,0,0,31,40,40,71,65476,0,300,0,0,8,21553,0.0,-107605600.0,0.0,0.0,0.0,0.0,0.0,0.0,0.0,0.0,0.0,0.0,0.0,0.0,0.0,0.0,0.0,0.0,0.0,0.0,0.0,0.0,-2.004,-0.0,-0.0,-2.004,0.0,0.0,0.0,0.0,6328.0,-0.0,6928.0,0.0,2.7184312818759872e+23,-0.0,2.718430741444032e+23,0.0,0.0,0.0,0.0,69,0.0,-107615200.0,0.0,0.0,0.0,0.0,0.0,0.0,0.0,0,0,0,0.0,0.0,0.0,0.0,0.0,0.0,0.0,0.0,0.0,0.0,0.0,0.0,0.0,0.0,0.0,0.0,0,-107875648.0,69,0.0,138,0.0,0.0,0,13107,17040,13107,17049,13107,17043,0,0,0,70,68,100,2.7302359370752657e+23,71.2,2.7302370179391762e+23,74.2,2.7302370179391762e+23,74.0,1,49,50,180,13107,52429,0,0,0.0,0.0,0.0,0.0,-0.0,67.0,0.0,162057.094,0.0,751,0,739,0,0,0,721,0,766,0,736,0,742,0,742,0,712,0,7520,0.032,96099893248.0,0.0,0.0,784,16797,-0.0,162057.094,-114818.039,-0.0,0.133,6.909358625270745e+28,30.0,65.0,35,0.0,0.0,0.0,0.0,0.0,0.0,0.0,0.0,0.0,0.0,0.0,0.0,0.0,0.0,0.0,0.0,69.2,0,150,71,55,65476,0,300,0,1,8,20529,65476,0,0,40632,65.0,0.0,0.0,0.0,0.0,0.0
2026-09-04T20:25:40,ERR,ERR,ERR,ERR,ERR,ERR,ERR,ERR,ERR,ERR,ERR,ERR,ERR,ERR,ERR,ERR,ERR,ERR,ERR,ERR,ERR,ERR,ERR,ERR,ERR,ERR,ERR,ERR,ERR,ERR,ERR,ERR,ERR,ERR,ERR,ERR,ERR,ERR,ERR,ERR,ERR,ERR,ERR,ERR,ERR,ERR,ERR,ERR,ERR,ERR,ERR,ERR,ERR,ERR,ERR,ERR,ERR,ERR,ERR,ERR,ERR,ERR,ERR,ERR,ERR,ERR,ERR,ERR,ERR,ERR,ERR,ERR,ERR,ERR,ERR,ERR,ERR,ERR,ERR,ERR,ERR,ERR,ERR,ERR,ERR,ERR,ERR,ERR,ERR,ERR,ERR,ERR,ERR,ERR,ERR,ERR,ERR,ERR,ERR,ERR,ERR,ERR,ERR,ERR,ERR,ERR,ERR,ERR,ERR,ERR,ERR,ERR,ERR,ERR,ERR,ERR,ERR,ERR,ERR,ERR,ERR,ERR,ERR,ERR,ERR,0.0,2.7184312818759872e+23,-100793952.0,0.0,0.0,1.3936040501711995e+18,7.805,0.0,0,0,4,0,7116,0.0,100,0.0,0.0,0.0,0.0,0.0,0,0,0,0,0.0,0,0,0,0,0,0,0,0,0,0,0,0,0,0,0,0,0,0,0,0,0,0,0,0,0,0,0,0,0,0,0,0,0,31,40,40,71,65476,0,300,0,0,8,21553,0.0,-107605600.0,0.0,0.0,0.0,0.0,0.0,0.0,0.0,0.0,0.0,0.0,0.0,0.0,0.0,0.0,0.0,0.0,0.0,0.0,0.0,0.0,-2.004,-0.0,-0.0,-2.004,0.0,0.0,0.0,0.0,6328.0,-0.0,6928.0,0.0,2.7184312818759872e+23,-0.0,2.718430741444032e+23,0.0,0.0,0.0,0.0,69,0.0,-107615200.0,0.0,0.0,0.0,0.0,0.0,0.0,0.0,0,0,0,0.0,0.0,0.0,0.0,0.0,0.0,0.0,0.0,0.0,0.0,0.0,0.0,0.0,0.0,0.0,0.0,0,-107875648.0,69,0.0,138,0.0,0.0,0,13107,17040,13107,17049,13107,17043,0,0,0,70,68,100,2.7302359370752657e+23,71.2,2.7302370179391762e+23,74.2,2.7302370179391762e+23,74.0,1,49,50,180,13107,52429,0,0,0.0,0.0,0.0,0.0,-0.0,67.0,0.0,162057.094,0.0,751,0,739,0,0,0,721,0,766,0,736,0,742,0,742,0,712,0,7520,0.032,96099893248.0,0.0,0.0,784,16797,-0.0,162057.094,-114818.039,-0.0,0.133,6.909358625270745e+28,30.0,65.0,35,0.0,0.0,0.0,0.0,0.0,0.0,0.0,0.0,0.0,0.0,0.0,0.0,0.0,0.0,0.0,0.0,69.2,0,150,71,55,65476,0,300,0,1,8,20529,65476,0,0,40632,65.0,0.0,0.0,0.0,0.0,0.0
2026-09-04T20:25:41,ERR,ERR,ERR,ERR,ERR,ERR,ERR,ERR,ERR,ERR,ERR,ERR,ERR,ERR,ERR,ERR,ERR,ERR,ERR,ERR,ERR,ERR,ERR,ERR,ERR,ERR,ERR,ERR,ERR,ERR,ERR,ERR,ERR,ERR,ERR,ERR,ERR,ERR,ERR,ERR,ERR,ERR,ERR,ERR,ERR,ERR,ERR,ERR,ERR,ERR,ERR,ERR,ERR,ERR,ERR,ERR,ERR,ERR,ERR,ERR,ERR,ERR,ERR,ERR,ERR,ERR,ERR,ERR,ERR,ERR,ERR,ERR,ERR,ERR,ERR,ERR,ERR,ERR,ERR,ERR,ERR,ERR,ERR,ERR,ERR,ERR,ERR,ERR,ERR,ERR,ERR,ERR,ERR,ERR,ERR,ERR,ERR,ERR,ERR,ERR,ERR,ERR,ERR,ERR,ERR,ERR,ERR,ERR,ERR,ERR,ERR,ERR,ERR,ERR,ERR,ERR,ERR,ERR,ERR,ERR,ERR,ERR,ERR,ERR,ERR,0.0,2.7184312818759872e+23,-100793952.0,0.0,0.0,1.3936040501711995e+18,7.805,0.0,0,0,4,0,7116,0.0,100,0.0,0.0,0.0,0.0,0.0,0,0,0,0,0.0,0,0,0,0,0,0,0,0,0,0,0,0,0,0,0,0,0,0,0,0,0,0,0,0,0,0,0,0,0,0,0,0,0,31,40,40,71,65476,0,300,0,0,8,21553,0.0,-107605600.0,0.0,0.0,0.0,0.0,0.0,0.0,0.0,0.0,0.0,0.0,0.0,0.0,0.0,0.0,0.0,0.0,0.0,0.0,0.0,0.0,-2.004,-0.0,-0.0,-2.004,0.0,0.0,0.0,0.0,6328.0,-0.0,6928.0,0.0,2.7184312818759872e+23,-0.0,2.718430741444032e+23,0.0,0.0,0.0,0.0,69,0.0,-107615200.0,0.0,0.0,0.0,0.0,0.0,0.0,0.0,0,0,0,0.0,0.0,0.0,0.0,0.0,0.0,0.0,0.0,0.0,0.0,0.0,0.0,0.0,0.0,0.0,0.0,0,-107875648.0,69,0.0,138,0.0,0.0,0,13107,17040,13107,17049,13107,17043,0,0,0,70,68,100,2.7302359370752657e+23,71.2,2.7302370179391762e+23,74.2,2.7302370179391762e+23,74.0,1,49,50,180,13107,52429,0,0,0.0,0.0,0.0,0.0,-0.0,67.0,0.0,162057.094,0.0,751,0,739,0,0,0,721,0,766,0,736,0,742,0,742,0,712,0,7520,0.032,79456894976.0,0.0,0.0,784,16797,-0.0,162057.094,-114818.039,-0.0,0.133,6.909358625270745e+28,30.0,65.0,35,0.0,0.0,0.0,0.0,0.0,0.0,0.0,0.0,0.0,0.0,0.0,0.0,0.0,0.0,0.0,0.0,69.6,0,150,71,55,65476,0,300,0,1,8,20529,65476,0,0,40632,65.0,0.0,0.0,0.0,0.0,0.0
2026-09-04T20:25:42,ERR,ERR,ERR,ERR,ERR,ERR,ERR,ERR,ERR,ERR,ERR,ERR,ERR,ERR,ERR,ERR,ERR,ERR,ERR,ERR,ERR,ERR,ERR,ERR,ERR,ERR,ERR,ERR,ERR,ERR,ERR,ERR,ERR,ERR,ERR,ERR,ERR,ERR,ERR,ERR,ERR,ERR,ERR,ERR,ERR,ERR,ERR,ERR,ERR,ERR,ERR,ERR,ERR,ERR,ERR,ERR,ERR,ERR,ERR,ERR,ERR,ERR,ERR,ERR,ERR,ERR,ERR,ERR,ERR,ERR,ERR,ERR,ERR,ERR,ERR,ERR,ERR,ERR,ERR,ERR,ERR,ERR,ERR,ERR,ERR,ERR,ERR,ERR,ERR,ERR,ERR,ERR,ERR,ERR,ERR,ERR,ERR,ERR,ERR,ERR,ERR,ERR,ERR,ERR,ERR,ERR,ERR,ERR,ERR,ERR,ERR,ERR,ERR,ERR,ERR,ERR,ERR,ERR,ERR,ERR,ERR,ERR,ERR,ERR,ERR,0.0,2.7184312818759872e+23,-100793952.0,0.0,0.0,1.3936040501711995e+18,7.805,0.0,0,0,4,0,7116,0.0,100,0.0,0.0,0.0,0.0,0.0,0,0,0,0,0.0,0,0,0,0,0,0,0,0,0,0,0,0,0,0,0,0,0,0,0,0,0,0,0,0,0,0,0,0,0,0,0,0,0,31,40,40,71,65476,0,300,0,0,8,21553,0.0,-107605600.0,0.0,0.0,0.0,0.0,0.0,0.0,0.0,0.0,0.0,0.0,0.0,0.0,0.0,0.0,0.0,0.0,0.0,0.0,0.0,0.0,-2.004,-0.0,-0.0,-2.004,0.0,0.0,0.0,0.0,6328.0,-0.0,6928.0,0.0,2.7184312818759872e+23,-0.0,2.718430741444032e+23,0.0,0.0,0.0,0.0,69,0.0,-107615200.0,0.0,0.0,0.0,0.0,0.0,0.0,0.0,0,0,0,0.0,0.0,0.0,0.0,0.0,0.0,0.0,0.0,0.0,0.0,0.0,0.0,0.0,0.0,0.0,0.0,0,-107875648.0,69,0.0,138,0.0,0.0,0,13107,17040,13107,17049,13107,17043,0,0,0,70,68,100,2.7302359370752657e+23,71.2,2.7302370179391762e+23,74.2,2.7302370179391762e+23,74.0,1,49,50,180,13107,52429,0,0,0.0,0.0,0.0,0.0,-0.0,67.0,0.0,162057.094,0.0,751,0,739,0,0,0,721,0,766,0,736,0,742,0,742,0,712,0,7520,0.032,79456894976.0,0.0,0.0,784,16797,-0.0,162057.094,-114818.039,-0.0,0.133,6.909358625270745e+28,30.0,65.0,35,0.0,0.0,0.0,0.0,0.0,0.0,0.0,0.0,0.0,0.0,0.0,0.0,0.0,0.0,0.0,0.0,69.6,0,150,71,55,65476,0,300,0,1,8,20529,65476,0,0,40632,65.0,0.0,0.0,0.0,0.0,0.0
2026-09-04T20:25:43,ERR,ERR,ERR,ERR,ERR,ERR,ERR,ERR,ERR,ERR,ERR,ERR,ERR,ERR,ERR,ERR,ERR,ERR,ERR,ERR,ERR,ERR,ERR,ERR,ERR,ERR,ERR,ERR,ERR,ERR,ERR,ERR,ERR,ERR,ERR,ERR,ERR,ERR,ERR,ERR,ERR,ERR,ERR,ERR,ERR,ERR,ERR,ERR,ERR,ERR,ERR,ERR,ERR,ERR,ERR,ERR,ERR,ERR,ERR,ERR,ERR,ERR,ERR,ERR,ERR,ERR,ERR,ERR,ERR,ERR,ERR,ERR,ERR,ERR,ERR,ERR,ERR,ERR,ERR,ERR,ERR,ERR,ERR,ERR,ERR,ERR,ERR,ERR,ERR,ERR,ERR,ERR,ERR,ERR,ERR,ERR,ERR,ERR,ERR,ERR,ERR,ERR,ERR,ERR,ERR,ERR,ERR,ERR,ERR,ERR,ERR,ERR,ERR,ERR,ERR,ERR,ERR,ERR,ERR,ERR,ERR,ERR,ERR,ERR,ERR,0.0,2.7184312818759872e+23,-100793952.0,0.0,0.0,1.3936040501711995e+18,7.805,0.0,0,0,4,0,7116,0.0,100,0.0,0.0,0.0,0.0,0.0,0,0,0,0,0.0,0,0,0,0,0,0,0,0,0,0,0,0,0,0,0,0,0,0,0,0,0,0,0,0,0,0,0,0,0,0,0,0,0,31,40,40,71,65476,0,300,0,0,8,21553,0.0,-107605600.0,0.0,0.0,0.0,0.0,0.0,0.0,0.0,0.0,0.0,0.0,0.0,0.0,0.0,0.0,0.0,0.0,0.0,0.0,0.0,0.0,-2.004,-2.004,-2.004,-2.004,0.0,0.0,0.0,0.0,6329.0,-0.0,6928.0,0.0,2.7184312818759872e+23,2.7184303811560617e+23,0.0,0.0,0.0,0.0,0.0,69,0.0,-0.0,0.0,0.0,0.0,0.0,0.0,0.0,0.0,0,0,0,0.0,0.0,0.0,0.0,0.0,0.0,0.0,0.0,0.0,0.0,0.0,0.0,0.0,0.0,0.0,0.0,0,-107875648.0,69,0.0,138,0.0,0.0,0,13107,17040,13107,17049,13107,17043,0,0,0,70,68,100,2.7302359370752657e+23,71.2,2.7302370179391762e+23,74.2,2.7302370179391762e+23,74.0,1,49,50,180,13107,52429,0,0,0.0,0.0,0.0,0.0,-0.0,67.0,0.0,162057.094,0.0,751,0,739,0,0,0,721,0,766,0,736,0,742,0,742,0,712,0,7520,0.032,79456894976.0,0.0,0.0,784,16797,-0.0,162057.094,-114818.039,-0.0,0.133,6.909358625270745e+28,30.0,65.0,35,0.0,0.0,0.0,0.0,0.0,0.0,0.0,0.0,0.0,0.0,0.0,0.0,0.0,0.0,0.0,0.0,69.6,0,150,71,55,65476,0,300,0,1,8,20529,65476,0,0,40632,65.0,0.0,0.0,0.0,0.0,0.0
2026-09-04T20:25:44,ERR,ERR,ERR,ERR,ERR,ERR,ERR,ERR,ERR,ERR,ERR,ERR,ERR,ERR,ERR,ERR,ERR,ERR,ERR,ERR,ERR,ERR,ERR,ERR,ERR,ERR,ERR,ERR,ERR,ERR,ERR,ERR,ERR,ERR,ERR,ERR,ERR,ERR,ERR,ERR,ERR,ERR,ERR,ERR,ERR,ERR,ERR,ERR,ERR,ERR,ERR,ERR,ERR,ERR,ERR,ERR,ERR,ERR,ERR,ERR,ERR,ERR,ERR,ERR,ERR,ERR,ERR,ERR,ERR,ERR,ERR,ERR,ERR,ERR,ERR,ERR,ERR,ERR,ERR,ERR,ERR,ERR,ERR,ERR,ERR,ERR,ERR,ERR,ERR,ERR,ERR,ERR,ERR,ERR,ERR,ERR,ERR,ERR,ERR,ERR,ERR,ERR,ERR,ERR,ERR,ERR,ERR,ERR,ERR,ERR,ERR,ERR,ERR,ERR,ERR,ERR,ERR,ERR,ERR,ERR,ERR,ERR,ERR,ERR,ERR,0.0,2.7184312818759872e+23,-100793952.0,0.0,0.0,1.3936040501711995e+18,7.805,0.0,0,0,4,0,7116,0.0,100,0.0,0.0,0.0,0.0,0.0,0,0,0,0,0.0,0,0,0,0,0,0,0,0,0,0,0,0,0,0,0,0,0,0,0,0,0,0,0,0,0,0,0,0,0,0,0,0,0,31,40,40,71,65476,0,300,0,0,8,21553,0.0,-107605600.0,0.0,0.0,0.0,0.0,0.0,0.0,0.0,0.0,0.0,0.0,0.0,0.0,0.0,0.0,0.0,0.0,0.0,0.0,0.0,0.0,-2.004,-2.004,-2.004,-2.004,0.0,0.0,0.0,0.0,6329.0,-0.0,6928.0,0.0,2.7184312818759872e+23,2.7184303811560617e+23,0.0,0.0,0.0,0.0,0.0,69,0.0,-0.0,0.0,0.0,0.0,0.0,0.0,0.0,0.0,0,0,0,0.0,0.0,0.0,0.0,0.0,0.0,0.0,0.0,0.0,0.0,0.0,0.0,0.0,0.0,0.0,0.0,0,-107875648.0,69,0.0,138,0.0,0.0,0,13107,17040,13107,17049,13107,17043,0,0,0,70,68,100,2.7302359370752657e+23,71.2,2.7302370179391762e+23,74.2,2.7302370179391762e+23,74.0,1,49,50,180,13107,52429,0,0,0.0,0.0,0.0,0.0,-0.0,67.0,0.0,162057.094,0.0,751,0,739,0,0,0,721,0,766,0,736,0,742,0,742,0,712,0,7520,0.032,79456894976.0,0.0,0.0,784,16797,-0.0,162057.094,-114818.039,-0.0,0.133,6.909358625270745e+28,30.0,65.0,35,0.0,0.0,0.0,0.0,0.0,0.0,0.0,0.0,0.0,0.0,0.0,0.0,0.0,0.0,0.0,0.0,69.2,0,150,71,55,65476,0,300,0,1,8,20529,65476,0,0,40632,65.0,0.0,0.0,0.0,0.0,0.0
2026-09-04T20:25:45,ERR,ERR,ERR,ERR,ERR,ERR,ERR,ERR,ERR,ERR,ERR,ERR,ERR,ERR,ERR,ERR,ERR,ERR,ERR,ERR,ERR,ERR,ERR,ERR,ERR,ERR,ERR,ERR,ERR,ERR,ERR,ERR,ERR,ERR,ERR,ERR,ERR,ERR,ERR,ERR,ERR,ERR,ERR,ERR,ERR,ERR,ERR,ERR,ERR,ERR,ERR,ERR,ERR,ERR,ERR,ERR,ERR,ERR,ERR,ERR,ERR,ERR,ERR,ERR,ERR,ERR,ERR,ERR,ERR,ERR,ERR,ERR,ERR,ERR,ERR,ERR,ERR,ERR,ERR,ERR,ERR,ERR,ERR,ERR,ERR,ERR,ERR,ERR,ERR,ERR,ERR,ERR,ERR,ERR,ERR,ERR,ERR,ERR,ERR,ERR,ERR,ERR,ERR,ERR,ERR,ERR,ERR,ERR,ERR,ERR,ERR,ERR,ERR,ERR,ERR,ERR,ERR,ERR,ERR,ERR,ERR,ERR,ERR,ERR,ERR,0.0,2.7184312818759872e+23,-100793952.0,0.0,0.0,1.3936040501711995e+18,7.805,0.0,0,0,4,0,7116,0.0,100,0.0,0.0,0.0,0.0,0.0,0,0,0,0,0.0,0,0,0,0,0,0,0,0,0,0,0,0,0,0,0,0,0,0,0,0,0,0,0,0,0,0,0,0,0,0,0,0,0,31,40,40,71,65476,0,300,0,0,8,21553,0.0,-107605600.0,0.0,0.0,0.0,0.0,0.0,0.0,0.0,0.0,0.0,0.0,0.0,0.0,0.0,0.0,0.0,0.0,0.0,0.0,0.0,0.0,-2.004,-2.004,-2.004,-2.004,0.0,0.0,0.0,0.0,6329.0,-0.0,6928.0,0.0,2.7184312818759872e+23,2.7184303811560617e+23,0.0,0.0,0.0,0.0,0.0,69,0.0,-0.0,0.0,0.0,0.0,0.0,0.0,0.0,0.0,0,0,0,0.0,0.0,0.0,0.0,0.0,0.0,0.0,0.0,0.0,0.0,0.0,0.0,0.0,0.0,0.0,0.0,0,-107875648.0,69,0.0,138,0.0,0.0,0,13107,17040,13107,17049,13107,17043,0,0,0,70,68,100,2.7302359370752657e+23,71.2,2.7302370179391762e+23,74.2,2.7302370179391762e+23,74.0,1,49,50,180,13107,52429,0,0,0.0,0.0,0.0,0.0,-0.0,67.0,0.0,162057.094,0.0,751,0,739,0,0,0,721,0,766,0,736,0,742,0,742,0,712,0,7520,0.032,79456894976.0,0.0,0.0,784,16797,-0.0,162057.094,-114818.039,-0.0,0.133,6.909358625270745e+28,30.0,65.0,35,0.0,0.0,0.0,0.0,0.0,0.0,0.0,0.0,0.0,0.0,0.0,0.0,0.0,0.0,0.0,0.0,69.2,0,150,71,55,65476,0,300,0,1,8,20529,65476,0,0,40632,65.0,0.0,0.0,0.0,0.0,0.0
2026-09-04T20:25:46,ERR,ERR,ERR,ERR,ERR,ERR,ERR,ERR,ERR,ERR,ERR,ERR,ERR,ERR,ERR,ERR,ERR,ERR,ERR,ERR,ERR,ERR,ERR,ERR,ERR,ERR,ERR,ERR,ERR,ERR,ERR,ERR,ERR,ERR,ERR,ERR,ERR,ERR,ERR,ERR,ERR,ERR,ERR,ERR,ERR,ERR,ERR,ERR,ERR,ERR,ERR,ERR,ERR,ERR,ERR,ERR,ERR,ERR,ERR,ERR,ERR,ERR,ERR,ERR,ERR,ERR,ERR,ERR,ERR,ERR,ERR,ERR,ERR,ERR,ERR,ERR,ERR,ERR,ERR,ERR,ERR,ERR,ERR,ERR,ERR,ERR,ERR,ERR,ERR,ERR,ERR,ERR,ERR,ERR,ERR,ERR,ERR,ERR,ERR,ERR,ERR,ERR,ERR,ERR,ERR,ERR,ERR,ERR,ERR,ERR,ERR,ERR,ERR,ERR,ERR,ERR,ERR,ERR,ERR,ERR,ERR,ERR,ERR,ERR,ERR,0.0,2.7184312818759872e+23,-100793952.0,0.0,0.0,1.3936040501711995e+18,7.805,0.0,0,0,4,0,7116,0.0,100,0.0,0.0,0.0,0.0,0.0,0,0,0,0,0.0,0,0,0,0,0,0,0,0,0,0,0,0,0,0,0,0,0,0,0,0,0,0,0,0,0,0,0,0,0,0,0,0,0,31,40,40,71,65476,0,300,0,0,8,21553,0.0,-107605600.0,0.0,0.0,0.0,0.0,0.0,0.0,0.0,0.0,0.0,0.0,0.0,0.0,0.0,0.0,0.0,0.0,0.0,0.0,0.0,0.0,-2.004,-2.004,-2.004,-2.004,0.0,0.0,0.0,0.0,6329.0,-0.0,6928.0,0.0,2.7184312818759872e+23,2.7184303811560617e+23,0.0,0.0,0.0,0.0,0.0,69,0.0,-0.0,0.0,0.0,0.0,0.0,0.0,0.0,0.0,0,0,0,0.0,0.0,0.0,0.0,0.0,0.0,0.0,0.0,0.0,0.0,0.0,0.0,0.0,0.0,0.0,0.0,0,-107875648.0,69,0.0,138,0.0,0.0,0,13107,17040,13107,17049,13107,17043,0,0,0,70,68,100,2.7302359370752657e+23,71.2,0.0,74.2,2.7302370179391762e+23,74.0,1,49,50,180,13107,52429,0,0,0.0,0.0,0.0,0.0,-0.0,67.0,0.0,162057.094,0.0,751,0,739,0,0,0,721,0,766,0,736,0,742,0,742,0,712,0,7520,0.032,82141249536.0,0.0,0.0,784,16797,-0.0,162057.094,-114818.039,-0.0,0.133,6.909358625270745e+28,30.0,65.0,35,0.0,0.0,0.0,0.0,0.0,0.0,0.0,0.0,0.0,0.0,0.0,0.0,0.0,0.0,0.0,0.0,69.2,0,150,71,55,65476,0,300,0,1,8,20529,65476,0,0,40632,65.0,0.0,0.0,0.0,0.0,0.0
2026-09-04T20:25:47,ERR,ERR,ERR,ERR,ERR,ERR,ERR,ERR,ERR,ERR,ERR,ERR,ERR,ERR,ERR,ERR,ERR,ERR,ERR,ERR,ERR,ERR,ERR,ERR,ERR,ERR,ERR,ERR,ERR,ERR,ERR,ERR,ERR,ERR,ERR,ERR,ERR,ERR,ERR,ERR,ERR,ERR,ERR,ERR,ERR,ERR,ERR,ERR,ERR,ERR,ERR,ERR,ERR,ERR,ERR,ERR,ERR,ERR,ERR,ERR,ERR,ERR,ERR,ERR,ERR,ERR,ERR,ERR,ERR,ERR,ERR,ERR,ERR,ERR,ERR,ERR,ERR,ERR,ERR,ERR,ERR,ERR,ERR,ERR,ERR,ERR,ERR,ERR,ERR,ERR,ERR,ERR,ERR,ERR,ERR,ERR,ERR,ERR,ERR,ERR,ERR,ERR,ERR,ERR,ERR,ERR,ERR,ERR,ERR,ERR,ERR,ERR,ERR,ERR,ERR,ERR,ERR,ERR,ERR,ERR,ERR,ERR,ERR,ERR,ERR,0.0,2.7184312818759872e+23,-100793952.0,0.0,0.0,1.3936040501711995e+18,7.805,0.0,0,0,4,0,7116,0.0,100,0.0,0.0,0.0,0.0,0.0,0,0,0,0,0.0,0,0,0,0,0,0,0,0,0,0,0,0,0,0,0,0,0,0,0,0,0,0,0,0,0,0,0,0,0,0,0,0,0,31,40,40,71,65476,0,300,0,0,8,21553,0.0,-107605600.0,0.0,0.0,0.0,0.0,0.0,0.0,0.0,0.0,0.0,0.0,0.0,0.0,0.0,0.0,0.0,0.0,0.0,0.0,0.0,0.0,-2.004,-2.004,-2.004,-2.004,0.0,0.0,0.0,0.0,6329.0,-0.0,6928.0,0.0,2.7184312818759872e+23,2.7184303811560617e+23,0.0,0.0,0.0,0.0,0.0,69,0.0,-0.0,0.0,0.0,0.0,0.0,0.0,0.0,0.0,0,0,0,0.0,0.0,0.0,0.0,0.0,0.0,0.0,0.0,0.0,0.0,0.0,0.0,0.0,0.0,0.0,0.0,0,-107875648.0,69,0.0,138,0.0,0.0,0,13107,17040,13107,17049,13107,17043,0,0,0,70,68,100,2.7302359370752657e+23,71.2,0.0,74.2,2.7302370179391762e+23,74.0,1,49,50,180,13107,52429,0,0,0.0,0.0,0.0,0.0,-0.0,67.0,0.0,162057.094,0.0,751,0,739,0,0,0,721,0,766,0,736,0,742,0,742,0,712,0,7520,0.032,82141249536.0,0.0,0.0,784,16797,-0.0,162057.094,-114818.039,-0.0,0.133,6.909358625270745e+28,30.0,65.0,35,0.0,0.0,0.0,0.0,0.0,0.0,0.0,0.0,0.0,0.0,0.0,0.0,0.0,0.0,0.0,0.0,69.2,0,150,71,55,65476,0,300,0,1,8,20529,65476,0,0,40632,65.0,0.0,0.0,0.0,0.0,0.0
2026-09-04T20:25:48,ERR,ERR,ERR,ERR,ERR,ERR,ERR,ERR,ERR,ERR,ERR,ERR,ERR,ERR,ERR,ERR,ERR,ERR,ERR,ERR,ERR,ERR,ERR,ERR,ERR,ERR,ERR,ERR,ERR,ERR,ERR,ERR,ERR,ERR,ERR,ERR,ERR,ERR,ERR,ERR,ERR,ERR,ERR,ERR,ERR,ERR,ERR,ERR,ERR,ERR,ERR,ERR,ERR,ERR,ERR,ERR,ERR,ERR,ERR,ERR,ERR,ERR,ERR,ERR,ERR,ERR,ERR,ERR,ERR,ERR,ERR,ERR,ERR,ERR,ERR,ERR,ERR,ERR,ERR,ERR,ERR,ERR,ERR,ERR,ERR,ERR,ERR,ERR,ERR,ERR,ERR,ERR,ERR,ERR,ERR,ERR,ERR,ERR,ERR,ERR,ERR,ERR,ERR,ERR,ERR,ERR,ERR,ERR,ERR,ERR,ERR,ERR,ERR,ERR,ERR,ERR,ERR,ERR,ERR,ERR,ERR,ERR,ERR,ERR,ERR,0.0,2.7184312818759872e+23,-100793952.0,0.0,0.0,1.3936040501711995e+18,7.805,0.0,0,0,4,0,7116,0.0,100,0.0,0.0,0.0,0.0,0.0,0,0,0,0,0.0,0,0,0,0,0,0,0,0,0,0,0,0,0,0,0,0,0,0,0,0,0,0,0,0,0,0,0,0,0,0,0,0,0,31,40,40,71,65476,0,300,0,0,8,21553,0.0,-107605600.0,0.0,0.0,0.0,0.0,0.0,0.0,0.0,0.0,0.0,0.0,0.0,0.0,0.0,0.0,0.0,0.0,0.0,0.0,0.0,0.0,-2.004,-2.004,-2.004,-2.004,0.0,0.0,0.0,0.0,6329.0,-0.0,6928.0,0.0,2.7184312818759872e+23,2.7184303811560617e+23,0.0,0.0,0.0,0.0,0.0,69,0.0,-0.0,0.0,0.0,0.0,0.0,0.0,0.0,0.0,0,0,0,0.0,0.0,0.0,0.0,0.0,0.0,0.0,0.0,0.0,0.0,0.0,0.0,0.0,0.0,0.0,0.0,0,-107875648.0,69,0.0,138,0.0,0.0,0,13107,17040,13107,17049,13107,17043,0,0,0,70,68,100,2.7302359370752657e+23,71.2,0.0,74.2,2.7302370179391762e+23,74.0,1,49,50,180,13107,52429,0,0,0.0,0.0,0.0,0.0,-0.0,67.0,0.0,162057.094,0.0,751,0,739,0,0,0,721,0,766,0,736,0,742,0,742,0,712,0,7520,0.032,82141249536.0,0.0,0.0,784,16797,-0.0,162057.094,-114818.039,-0.0,0.133,6.909358625270745e+28,30.0,65.0,35,0.0,0.0,0.0,0.0,0.0,0.0,0.0,0.0,0.0,0.0,0.0,0.0,0.0,0.0,0.0,0.0,69.2,0,150,71,55,65476,0,300,0,1,8,20529,65476,0,0,40632,65.0,0.0,0.0,0.0,0.0,0.0
2026-09-04T20:25:49,ERR,ERR,ERR,ERR,ERR,ERR,ERR,ERR,ERR,ERR,ERR,ERR,ERR,ERR,ERR,ERR,ERR,ERR,ERR,ERR,ERR,ERR,ERR,ERR,ERR,ERR,ERR,ERR,ERR,ERR,ERR,ERR,ERR,ERR,ERR,ERR,ERR,ERR,ERR,ERR,ERR,ERR,ERR,ERR,ERR,ERR,ERR,ERR,ERR,ERR,ERR,ERR,ERR,ERR,ERR,ERR,ERR,ERR,ERR,ERR,ERR,ERR,ERR,ERR,ERR,ERR,ERR,ERR,ERR,ERR,ERR,ERR,ERR,ERR,ERR,ERR,ERR,ERR,ERR,ERR,ERR,ERR,ERR,ERR,ERR,ERR,ERR,ERR,ERR,ERR,ERR,ERR,ERR,ERR,ERR,ERR,ERR,ERR,ERR,ERR,ERR,ERR,ERR,ERR,ERR,ERR,ERR,ERR,ERR,ERR,ERR,ERR,ERR,ERR,ERR,ERR,ERR,ERR,ERR,ERR,ERR,ERR,ERR,ERR,ERR,0.0,2.7184312818759872e+23,-100793952.0,0.0,0.0,1.3936040501711995e+18,7.805,0.0,0,0,4,0,7116,0.0,100,0.0,0.0,0.0,0.0,0.0,0,0,0,0,0.0,0,0,0,0,0,0,0,0,0,0,0,0,0,0,0,0,0,0,0,0,0,0,0,0,0,0,0,0,0,0,0,0,0,31,40,40,71,65476,0,300,0,0,8,21553,0.0,-107605600.0,0.0,0.0,0.0,0.0,0.0,0.0,0.0,0.0,0.0,0.0,0.0,0.0,0.0,0.0,0.0,0.0,0.0,0.0,0.0,0.0,-2.004,-2.004,-2.004,-2.004,0.0,0.0,0.0,0.0,6329.0,-0.0,6928.0,0.0,2.7184312818759872e+23,2.7184303811560617e+23,0.0,0.0,0.0,0.0,0.0,69,0.0,-0.0,0.0,0.0,0.0,0.0,0.0,0.0,0.0,0,0,0,0.0,0.0,0.0,0.0,0.0,0.0,0.0,0.0,0.0,0.0,0.0,0.0,0.0,0.0,0.0,0.0,0,-107875648.0,69,0.0,138,0.0,0.0,0,13107,17040,13107,17049,13107,17043,0,0,0,70,68,100,2.7302359370752657e+23,71.2,0.0,74.2,2.7302370179391762e+23,74.0,1,49,50,180,13107,52429,0,0,0.0,0.0,0.0,0.0,-0.0,67.0,0.0,162057.094,0.0,751,0,739,0,0,0,721,0,766,0,736,0,742,0,742,0,712,0,7520,0.032,82141249536.0,0.0,0.0,784,16797,-0.0,162057.094,-114818.039,-0.0,0.133,6.909358625270745e+28,30.0,65.0,35,0.0,0.0,0.0,0.0,0.0,0.0,0.0,0.0,0.0,0.0,0.0,0.0,0.0,0.0,0.0,0.0,69.2,0,150,71,55,65476,0,300,0,1,8,20529,65476,0,0,40632,65.0,0.0,0.0,0.0,0.0,0.0
2026-09-04T20:25:50,ERR,ERR,ERR,ERR,ERR,ERR,ERR,ERR,ERR,ERR,ERR,ERR,ERR,ERR,ERR,ERR,ERR,ERR,ERR,ERR,ERR,ERR,ERR,ERR,ERR,ERR,ERR,ERR,ERR,ERR,ERR,ERR,ERR,ERR,ERR,ERR,ERR,ERR,ERR,ERR,ERR,ERR,ERR,ERR,ERR,ERR,ERR,ERR,ERR,ERR,ERR,ERR,ERR,ERR,ERR,ERR,ERR,ERR,ERR,ERR,ERR,ERR,ERR,ERR,ERR,ERR,ERR,ERR,ERR,ERR,ERR,ERR,ERR,ERR,ERR,ERR,ERR,ERR,ERR,ERR,ERR,ERR,ERR,ERR,ERR,ERR,ERR,ERR,ERR,ERR,ERR,ERR,ERR,ERR,ERR,ERR,ERR,ERR,ERR,ERR,ERR,ERR,ERR,ERR,ERR,ERR,ERR,ERR,ERR,ERR,ERR,ERR,ERR,ERR,ERR,ERR,ERR,ERR,ERR,ERR,ERR,ERR,ERR,ERR,ERR,0.0,2.7184312818759872e+23,-100793952.0,0.0,0.0,1.3936040501711995e+18,7.805,0.0,0,0,4,0,7116,0.0,100,0.0,0.0,0.0,0.0,0.0,0,0,0,0,0.0,0,0,0,0,0,0,0,0,0,0,0,0,0,0,0,0,0,0,0,0,0,0,0,0,0,0,0,0,0,0,0,0,0,31,40,40,71,65476,0,300,0,0,8,21553,0.0,-107605600.0,0.0,0.0,0.0,0.0,0.0,0.0,0.0,0.0,0.0,0.0,0.0,0.0,0.0,0.0,0.0,0.0,0.0,0.0,0.0,0.0,-2.004,-2.004,-0.0,-2.004,0.0,0.0,0.0,0.0,6330.0,-0.0,6929.0,0.0,2.7184312818759872e+23,-0.0,2.718430741444032e+23,0.0,0.0,0.0,0.0,69,0.0,-152018152849408.0,0.0,0.0,0.0,0.0,0.0,0.0,0.0,0,0,0,0.0,0.0,0.0,0.0,0.0,0.0,0.0,0.0,0.0,0.0,0.0,0.0,0.0,0.0,0.0,0.0,0,-107875648.0,69,0.0,138,0.0,-109447200.0,0,13107,17040,13107,17049,13107,17043,0,0,0,70,68,100,2.7302359370752657e+23,71.2,0.0,74.2,2.7302370179391762e+23,74.0,1,49,50,180,13107,52429,0,0,0.0,0.0,0.0,0.0,-0.0,67.0,0.0,162057.094,0.0,751,0,739,0,0,0,721,0,766,0,736,0,742,0,742,0,712,0,7520,0.032,82141249536.0,0.0,0.0,784,16797,-0.0,162057.094,-114818.039,-0.0,0.133,6.909358625270745e+28,30.0,65.0,35,0.0,0.0,0.0,0.0,0.0,0.0,0.0,0.0,0.0,0.0,0.0,0.0,0.0,0.0,0.0,0.0,69.2,0,150,71,55,65476,0,300,0,1,8,20529,65476,0,0,40632,65.0,0.0,0.0,0.0,0.0,0.0
2026-09-04T20:25:51,ERR,ERR,ERR,ERR,ERR,ERR,ERR,ERR,ERR,ERR,ERR,ERR,ERR,ERR,ERR,ERR,ERR,ERR,ERR,ERR,ERR,ERR,ERR,ERR,ERR,ERR,ERR,ERR,ERR,ERR,ERR,ERR,ERR,ERR,ERR,ERR,ERR,ERR,ERR,ERR,ERR,ERR,ERR,ERR,ERR,ERR,ERR,ERR,ERR,ERR,ERR,ERR,ERR,ERR,ERR,ERR,ERR,ERR,ERR,ERR,ERR,ERR,ERR,ERR,ERR,ERR,ERR,ERR,ERR,ERR,ERR,ERR,ERR,ERR,ERR,ERR,ERR,ERR,ERR,ERR,ERR,ERR,ERR,ERR,ERR,ERR,ERR,ERR,ERR,ERR,ERR,ERR,ERR,ERR,ERR,ERR,ERR,ERR,ERR,ERR,ERR,ERR,ERR,ERR,ERR,ERR,ERR,ERR,ERR,ERR,ERR,ERR,ERR,ERR,ERR,ERR,ERR,ERR,ERR,ERR,ERR,ERR,ERR,ERR,ERR,0.0,2.7184312818759872e+23,-100793952.0,0.0,0.0,1.3936040501711995e+18,7.805,0.0,0,0,4,0,7116,0.0,100,0.0,0.0,0.0,0.0,0.0,0,0,0,0,0.0,0,0,0,0,0,0,0,0,0,0,0,0,0,0,0,0,0,0,0,0,0,0,0,0,0,0,0,0,0,0,0,0,0,31,40,40,71,65476,0,300,0,0,8,21553,0.0,-107605600.0,0.0,0.0,0.0,0.0,0.0,0.0,0.0,0.0,0.0,0.0,0.0,0.0,0.0,0.0,0.0,0.0,0.0,0.0,0.0,0.0,-2.004,-2.004,-0.0,-2.004,0.0,0.0,0.0,0.0,6330.0,-0.0,6929.0,0.0,2.7184312818759872e+23,-0.0,2.718430741444032e+23,0.0,0.0,0.0,0.0,69,0.0,-152018152849408.0,0.0,0.0,0.0,0.0,0.0,0.0,0.0,0,0,0,0.0,0.0,0.0,0.0,0.0,0.0,0.0,0.0,0.0,0.0,0.0,0.0,0.0,0.0,0.0,0.0,0,-107875648.0,69,0.0,138,0.0,-109447200.0,0,13107,17040,13107,17049,13107,17043,0,0,0,70,68,100,2.7302359370752657e+23,71.2,0.0,74.2,2.7302370179391762e+23,74.0,1,49,50,180,13107,52429,0,0,0.0,0.0,0.0,0.0,-0.0,67.0,0.0,162057.094,0.0,751,0,739,0,0,0,721,0,766,0,736,0,742,0,742,0,712,0,7520,0.032,82141249536.0,0.0,0.0,784,16797,-0.0,162057.094,-114818.039,-0.0,0.133,6.909358625270745e+28,30.0,65.0,35,0.0,0.0,0.0,0.0,0.0,0.0,0.0,0.0,0.0,0.0,0.0,0.0,0.0,0.0,0.0,0.0,69.2,0,150,71,55,65476,0,300,0,1,8,20529,65476,0,0,40632,65.0,0.0,0.0,0.0,0.0,0.0
2026-09-04T20:25:52,ERR,ERR,ERR,ERR,ERR,ERR,ERR,ERR,ERR,ERR,ERR,ERR,ERR,ERR,ERR,ERR,ERR,ERR,ERR,ERR,ERR,ERR,ERR,ERR,ERR,ERR,ERR,ERR,ERR,ERR,ERR,ERR,ERR,ERR,ERR,ERR,ERR,ERR,ERR,ERR,ERR,ERR,ERR,ERR,ERR,ERR,ERR,ERR,ERR,ERR,ERR,ERR,ERR,ERR,ERR,ERR,ERR,ERR,ERR,ERR,ERR,ERR,ERR,ERR,ERR,ERR,ERR,ERR,ERR,ERR,ERR,ERR,ERR,ERR,ERR,ERR,ERR,ERR,ERR,ERR,ERR,ERR,ERR,ERR,ERR,ERR,ERR,ERR,ERR,ERR,ERR,ERR,ERR,ERR,ERR,ERR,ERR,ERR,ERR,ERR,ERR,ERR,ERR,ERR,ERR,ERR,ERR,ERR,ERR,ERR,ERR,ERR,ERR,ERR,ERR,ERR,ERR,ERR,ERR,ERR,ERR,ERR,ERR,ERR,ERR,0.0,2.7184312818759872e+23,-100793952.0,0.0,0.0,1.3936040501711995e+18,7.805,0.0,0,0,4,0,7116,0.0,100,0.0,0.0,0.0,0.0,0.0,0,0,0,0,0.0,0,0,0,0,0,0,0,0,0,0,0,0,0,0,0,0,0,0,0,0,0,0,0,0,0,0,0,0,0,0,0,0,0,31,40,40,71,65476,0,300,0,0,8,21553,0.0,-107605600.0,0.0,0.0,0.0,0.0,0.0,0.0,0.0,0.0,0.0,0.0,0.0,0.0,0.0,0.0,0.0,0.0,0.0,0.0,0.0,0.0,-2.004,-2.004,-0.0,-2.004,0.0,0.0,0.0,0.0,6330.0,-0.0,6929.0,0.0,2.7184312818759872e+23,-0.0,2.718430741444032e+23,0.0,0.0,0.0,0.0,69,0.0,-152018152849408.0,0.0,0.0,0.0,0.0,0.0,0.0,0.0,0,0,0,0.0,0.0,0.0,0.0,0.0,0.0,0.0,0.0,0.0,0.0,0.0,0.0,0.0,0.0,0.0,0.0,0,-107875648.0,69,0.0,138,0.0,-109447200.0,0,13107,17040,13107,17049,13107,17043,0,0,0,70,68,100,2.7302359370752657e+23,71.2,2.7302370179391762e+23,74.2,2.7302370179391762e+23,74.0,1,49,50,180,13107,52429,0,0,0.0,0.0,0.0,0.0,-0.0,67.0,0.0,162057.094,0.0,751,0,739,0,0,0,721,0,766,0,736,0,742,0,742,0,712,0,7520,0.032,79456894976.0,0.0,0.0,784,16797,-0.0,162057.094,-114818.039,-0.0,0.133,6.909358625270745e+28,30.0,65.0,35,0.0,0.0,0.0,0.0,0.0,0.0,0.0,0.0,0.0,0.0,0.0,0.0,0.0,0.0,0.0,0.0,69.2,0,150,71,55,65476,0,300,0,1,8,20529,65476,0,0,40632,65.0,0.0,0.0,0.0,0.0,0.0
2026-09-04T20:25:53,ERR,ERR,ERR,ERR,ERR,ERR,ERR,ERR,ERR,ERR,ERR,ERR,ERR,ERR,ERR,ERR,ERR,ERR,ERR,ERR,ERR,ERR,ERR,ERR,ERR,ERR,ERR,ERR,ERR,ERR,ERR,ERR,ERR,ERR,ERR,ERR,ERR,ERR,ERR,ERR,ERR,ERR,ERR,ERR,ERR,ERR,ERR,ERR,ERR,ERR,ERR,ERR,ERR,ERR,ERR,ERR,ERR,ERR,ERR,ERR,ERR,ERR,ERR,ERR,ERR,ERR,ERR,ERR,ERR,ERR,ERR,ERR,ERR,ERR,ERR,ERR,ERR,ERR,ERR,ERR,ERR,ERR,ERR,ERR,ERR,ERR,ERR,ERR,ERR,ERR,ERR,ERR,ERR,ERR,ERR,ERR,ERR,ERR,ERR,ERR,ERR,ERR,ERR,ERR,ERR,ERR,ERR,ERR,ERR,ERR,ERR,ERR,ERR,ERR,ERR,ERR,ERR,ERR,ERR,ERR,ERR,ERR,ERR,ERR,ERR,0.0,2.7184312818759872e+23,-100793952.0,0.0,0.0,1.3936040501711995e+18,7.805,0.0,0,0,4,0,7116,0.0,100,0.0,0.0,0.0,0.0,0.0,0,0,0,0,0.0,0,0,0,0,0,0,0,0,0,0,0,0,0,0,0,0,0,0,0,0,0,0,0,0,0,0,0,0,0,0,0,0,0,31,40,40,71,65476,0,300,0,0,8,21553,0.0,-107605600.0,0.0,0.0,0.0,0.0,0.0,0.0,0.0,0.0,0.0,0.0,0.0,0.0,0.0,0.0,0.0,0.0,0.0,0.0,0.0,0.0,-2.004,-2.004,-0.0,-2.004,0.0,0.0,0.0,0.0,6330.0,-0.0,6929.0,0.0,2.7184312818759872e+23,-0.0,2.718430741444032e+23,0.0,0.0,0.0,0.0,69,0.0,-152018152849408.0,0.0,0.0,0.0,0.0,0.0,0.0,0.0,0,0,0,0.0,0.0,0.0,0.0,0.0,0.0,0.0,0.0,0.0,0.0,0.0,0.0,0.0,0.0,0.0,0.0,0,-107875648.0,69,0.0,138,0.0,-109447200.0,0,13107,17040,13107,17049,13107,17043,0,0,0,70,68,100,2.7302359370752657e+23,71.2,2.7302370179391762e+23,74.2,2.7302370179391762e+23,74.0,1,49,50,180,13107,52429,0,0,0.0,0.0,0.0,0.0,-0.0,67.0,0.0,162057.094,0.0,751,0,739,0,0,0,721,0,766,0,736,0,742,0,742,0,712,0,7520,0.032,79456894976.0,0.0,0.0,784,16797,-0.0,162057.094,-114818.039,-0.0,0.133,6.909358625270745e+28,30.0,65.0,35,0.0,0.0,0.0,0.0,0.0,0.0,0.0,0.0,0.0,0.0,0.0,0.0,0.0,0.0,0.0,0.0,69.2,0,150,71,55,65476,0,300,0,1,8,20529,65476,0,0,40632,65.0,0.0,0.0,0.0,0.0,0.0
2026-09-04T20:25:54,ERR,ERR,ERR,ERR,ERR,ERR,ERR,ERR,ERR,ERR,ERR,ERR,ERR,ERR,ERR,ERR,ERR,ERR,ERR,ERR,ERR,ERR,ERR,ERR,ERR,ERR,ERR,ERR,ERR,ERR,ERR,ERR,ERR,ERR,ERR,ERR,ERR,ERR,ERR,ERR,ERR,ERR,ERR,ERR,ERR,ERR,ERR,ERR,ERR,ERR,ERR,ERR,ERR,ERR,ERR,ERR,ERR,ERR,ERR,ERR,ERR,ERR,ERR,ERR,ERR,ERR,ERR,ERR,ERR,ERR,ERR,ERR,ERR,ERR,ERR,ERR,ERR,ERR,ERR,ERR,ERR,ERR,ERR,ERR,ERR,ERR,ERR,ERR,ERR,ERR,ERR,ERR,ERR,ERR,ERR,ERR,ERR,ERR,ERR,ERR,ERR,ERR,ERR,ERR,ERR,ERR,ERR,ERR,ERR,ERR,ERR,ERR,ERR,ERR,ERR,ERR,ERR,ERR,ERR,ERR,ERR,ERR,ERR,ERR,ERR,0.0,2.7184312818759872e+23,-100793952.0,0.0,0.0,1.3936040501711995e+18,7.805,0.0,0,0,4,0,7116,0.0,100,0.0,0.0,0.0,0.0,0.0,0,0,0,0,0.0,0,0,0,0,0,0,0,0,0,0,0,0,0,0,0,0,0,0,0,0,0,0,0,0,0,0,0,0,0,0,0,0,0,31,40,40,71,65476,0,300,0,0,8,21553,0.0,-107605600.0,0.0,0.0,0.0,0.0,0.0,0.0,0.0,0.0,0.0,0.0,0.0,0.0,0.0,0.0,0.0,0.0,0.0,0.0,0.0,0.0,-2.004,-2.004,-0.0,-2.004,0.0,0.0,0.0,0.0,6330.0,-0.0,6929.0,0.0,2.7184312818759872e+23,-0.0,2.718430741444032e+23,0.0,0.0,0.0,0.0,69,0.0,-152018152849408.0,0.0,0.0,0.0,0.0,0.0,0.0,0.0,0,0,0,0.0,0.0,0.0,0.0,0.0,0.0,0.0,0.0,0.0,0.0,0.0,0.0,0.0,0.0,0.0,0.0,0,-107875648.0,69,0.0,138,0.0,-109447200.0,0,13107,17040,13107,17049,13107,17043,0,0,0,70,68,100,2.7302359370752657e+23,71.2,2.7302370179391762e+23,74.2,2.7302370179391762e+23,74.0,1,49,50,180,13107,52429,0,0,0.0,0.0,0.0,0.0,-0.0,67.0,0.0,162057.094,0.0,751,0,739,0,0,0,721,0,766,0,736,0,742,0,742,0,712,0,7520,0.032,79456894976.0,0.0,0.0,784,16797,-0.0,162057.094,-114818.039,-0.0,0.133,6.909358625270745e+28,30.0,65.0,35,0.0,0.0,0.0,0.0,0.0,0.0,0.0,0.0,0.0,0.0,0.0,0.0,0.0,0.0,0.0,0.0,69.2,0,150,71,55,65476,0,300,0,1,8,20529,65476,0,0,40632,65.0,0.0,0.0,0.0,0.0,0.0
2026-09-04T20:25:55,ERR,ERR,ERR,ERR,ERR,ERR,ERR,ERR,ERR,ERR,ERR,ERR,ERR,ERR,ERR,ERR,ERR,ERR,ERR,ERR,ERR,ERR,ERR,ERR,ERR,ERR,ERR,ERR,ERR,ERR,ERR,ERR,ERR,ERR,ERR,ERR,ERR,ERR,ERR,ERR,ERR,ERR,ERR,ERR,ERR,ERR,ERR,ERR,ERR,ERR,ERR,ERR,ERR,ERR,ERR,ERR,ERR,ERR,ERR,ERR,ERR,ERR,ERR,ERR,ERR,ERR,ERR,ERR,ERR,ERR,ERR,ERR,ERR,ERR,ERR,ERR,ERR,ERR,ERR,ERR,ERR,ERR,ERR,ERR,ERR,ERR,ERR,ERR,ERR,ERR,ERR,ERR,ERR,ERR,ERR,ERR,ERR,ERR,ERR,ERR,ERR,ERR,ERR,ERR,ERR,ERR,ERR,ERR,ERR,ERR,ERR,ERR,ERR,ERR,ERR,ERR,ERR,ERR,ERR,ERR,ERR,ERR,ERR,ERR,ERR,0.0,2.7184312818759872e+23,-100793952.0,0.0,0.0,1.3936040501711995e+18,7.805,0.0,0,0,4,0,7116,0.0,100,0.0,0.0,0.0,0.0,0.0,0,0,0,0,0.0,0,0,0,0,0,0,0,0,0,0,0,0,0,0,0,0,0,0,0,0,0,0,0,0,0,0,0,0,0,0,0,0,0,31,40,40,71,65476,0,300,0,0,8,21553,0.0,-107605600.0,0.0,0.0,0.0,0.0,0.0,0.0,0.0,0.0,0.0,0.0,0.0,0.0,0.0,0.0,0.0,0.0,0.0,0.0,0.0,0.0,-2.004,-2.004,-0.0,-2.004,0.0,0.0,0.0,0.0,6330.0,-0.0,6929.0,0.0,2.7184312818759872e+23,-0.0,2.718430741444032e+23,0.0,0.0,0.0,0.0,69,0.0,-152018152849408.0,0.0,0.0,0.0,0.0,0.0,0.0,0.0,0,0,0,0.0,0.0,0.0,0.0,0.0,0.0,0.0,0.0,0.0,0.0,0.0,0.0,0.0,0.0,0.0,0.0,0,-107875648.0,69,0.0,138,0.0,-109447200.0,0,13107,17040,13107,17049,13107,17043,0,0,0,70,68,100,2.7302359370752657e+23,71.2,2.7302370179391762e+23,74.2,2.7302370179391762e+23,74.0,1,49,50,180,13107,52429,0,0,0.0,0.0,0.0,0.0,-0.0,67.0,0.0,162057.094,0.0,751,0,739,0,0,0,721,0,766,0,736,0,742,0,742,0,712,0,7520,0.032,79456894976.0,0.0,0.0,784,16797,-0.0,162057.094,-114818.039,-0.0,0.133,6.909358625270745e+28,30.0,65.0,35,0.0,0.0,0.0,0.0,0.0,0.0,0.0,0.0,0.0,0.0,0.0,0.0,0.0,0.0,0.0,0.0,69.2,0,150,71,55,65476,0,300,0,1,8,20529,65476,0,0,40632,65.0,0.0,0.0,0.0,0.0,0.0
2026-09-04T20:25:56,ERR,ERR,ERR,ERR,ERR,ERR,ERR,ERR,ERR,ERR,ERR,ERR,ERR,ERR,ERR,ERR,ERR,ERR,ERR,ERR,ERR,ERR,ERR,ERR,ERR,ERR,ERR,ERR,ERR,ERR,ERR,ERR,ERR,ERR,ERR,ERR,ERR,ERR,ERR,ERR,ERR,ERR,ERR,ERR,ERR,ERR,ERR,ERR,ERR,ERR,ERR,ERR,ERR,ERR,ERR,ERR,ERR,ERR,ERR,ERR,ERR,ERR,ERR,ERR,ERR,ERR,ERR,ERR,ERR,ERR,ERR,ERR,ERR,ERR,ERR,ERR,ERR,ERR,ERR,ERR,ERR,ERR,ERR,ERR,ERR,ERR,ERR,ERR,ERR,ERR,ERR,ERR,ERR,ERR,ERR,ERR,ERR,ERR,ERR,ERR,ERR,ERR,ERR,ERR,ERR,ERR,ERR,ERR,ERR,ERR,ERR,ERR,ERR,ERR,ERR,ERR,ERR,ERR,ERR,ERR,ERR,ERR,ERR,ERR,ERR,0.0,2.7184312818759872e+23,-100793952.0,0.0,0.0,1.3936040501711995e+18,7.805,0.0,0,0,4,0,7116,0.0,100,0.0,0.0,0.0,0.0,0.0,0,0,0,0,0.0,0,0,0,0,0,0,0,0,0,0,0,0,0,0,0,0,0,0,0,0,0,0,0,0,0,0,0,0,0,0,0,0,0,31,40,40,71,65476,0,300,0,0,8,21553,0.0,-107605600.0,0.0,0.0,0.0,0.0,0.0,0.0,0.0,0.0,0.0,0.0,0.0,0.0,0.0,0.0,0.0,0.0,0.0,0.0,0.0,0.0,-2.004,-2.004,-0.0,-2.004,0.0,0.0,0.0,0.0,6330.0,-0.0,6929.0,0.0,2.7184312818759872e+23,-0.0,2.718430741444032e+23,0.0,0.0,0.0,0.0,69,0.0,-152018152849408.0,0.0,0.0,0.0,0.0,0.0,0.0,0.0,0,0,0,0.0,0.0,0.0,0.0,0.0,0.0,0.0,0.0,0.0,0.0,0.0,0.0,0.0,0.0,0.0,0.0,0,-107875648.0,69,0.0,138,0.0,-109447200.0,0,13107,17040,13107,17049,13107,17043,0,0,0,70,68,100,2.7302359370752657e+23,71.2,2.7302370179391762e+23,74.2,2.7302370179391762e+23,74.0,1,49,50,180,13107,52429,0,0,0.0,0.0,0.0,0.0,-0.0,67.0,0.0,162057.094,0.0,751,0,739,0,0,0,721,0,766,0,736,0,742,0,742,0,712,0,7520,0.032,79456894976.0,0.0,0.0,784,16797,-0.0,162057.094,-114818.039,-0.0,0.133,6.909358625270745e+28,30.0,65.0,35,0.0,0.0,0.0,0.0,0.0,0.0,0.0,0.0,0.0,0.0,0.0,0.0,0.0,0.0,0.0,0.0,69.2,0,150,71,55,65476,0,300,0,1,8,20529,65476,0,0,40632,65.0,0.0,0.0,0.0,0.0,0.0
2026-09-04T20:25:57,ERR,ERR,ERR,ERR,ERR,ERR,ERR,ERR,ERR,ERR,ERR,ERR,ERR,ERR,ERR,ERR,ERR,ERR,ERR,ERR,ERR,ERR,ERR,ERR,ERR,ERR,ERR,ERR,ERR,ERR,ERR,ERR,ERR,ERR,ERR,ERR,ERR,ERR,ERR,ERR,ERR,ERR,ERR,ERR,ERR,ERR,ERR,ERR,ERR,ERR,ERR,ERR,ERR,ERR,ERR,ERR,ERR,ERR,ERR,ERR,ERR,ERR,ERR,ERR,ERR,ERR,ERR,ERR,ERR,ERR,ERR,ERR,ERR,ERR,ERR,ERR,ERR,ERR,ERR,ERR,ERR,ERR,ERR,ERR,ERR,ERR,ERR,ERR,ERR,ERR,ERR,ERR,ERR,ERR,ERR,ERR,ERR,ERR,ERR,ERR,ERR,ERR,ERR,ERR,ERR,ERR,ERR,ERR,ERR,ERR,ERR,ERR,ERR,ERR,ERR,ERR,ERR,ERR,ERR,ERR,ERR,ERR,ERR,ERR,ERR,0.0,2.7184312818759872e+23,-100793952.0,0.0,0.0,1.3936040501711995e+18,7.805,0.0,0,0,4,0,7116,0.0,100,0.0,0.0,0.0,0.0,0.0,0,0,0,0,0.0,0,0,0,0,0,0,0,0,0,0,0,0,0,0,0,0,0,0,0,0,0,0,0,0,0,0,0,0,0,0,0,0,0,31,40,40,71,65476,0,300,0,0,8,21553,0.0,-107605600.0,0.0,0.0,0.0,0.0,0.0,0.0,0.0,0.0,0.0,0.0,0.0,0.0,0.0,0.0,0.0,0.0,0.0,0.0,0.0,0.0,-2.004,-2.004,-0.0,-2.004,0.0,0.0,0.0,0.0,6330.0,-0.0,6929.0,0.0,2.7184312818759872e+23,-0.0,2.718430741444032e+23,0.0,0.0,0.0,0.0,69,0.0,-152018152849408.0,0.0,0.0,0.0,0.0,0.0,0.0,0.0,0,0,0,0.0,0.0,0.0,0.0,0.0,0.0,0.0,0.0,0.0,0.0,0.0,0.0,0.0,0.0,0.0,0.0,0,-107875648.0,69,0.0,138,0.0,-109447200.0,0,13107,17040,13107,17049,13107,17043,0,0,0,70,68,100,2.7302359370752657e+23,71.2,2.7302370179391762e+23,74.2,2.7302370179391762e+23,74.0,1,49,50,180,13107,52429,0,0,0.0,0.0,0.0,0.0,-0.0,67.0,0.0,162057.094,0.0,751,0,739,0,0,0,721,0,766,0,736,0,742,0,741,0,712,0,7520,0.032,79456894976.0,0.0,0.0,784,16797,-0.0,162057.094,-114818.039,-0.0,0.133,6.909358625270745e+28,30.0,65.0,35,0.0,0.0,0.0,0.0,0.0,0.0,0.0,0.0,0.0,0.0,0.0,0.0,0.0,0.0,0.0,0.0,69.2,0,150,71,55,65476,0,300,0,1,8,20529,65476,0,0,40632,65.0,0.0,0.0,0.0,0.0,0.0
2026-09-04T20:25:58,ERR,ERR,ERR,ERR,ERR,ERR,ERR,ERR,ERR,ERR,ERR,ERR,ERR,ERR,ERR,ERR,ERR,ERR,ERR,ERR,ERR,ERR,ERR,ERR,ERR,ERR,ERR,ERR,ERR,ERR,ERR,ERR,ERR,ERR,ERR,ERR,ERR,ERR,ERR,ERR,ERR,ERR,ERR,ERR,ERR,ERR,ERR,ERR,ERR,ERR,ERR,ERR,ERR,ERR,ERR,ERR,ERR,ERR,ERR,ERR,ERR,ERR,ERR,ERR,ERR,ERR,ERR,ERR,ERR,ERR,ERR,ERR,ERR,ERR,ERR,ERR,ERR,ERR,ERR,ERR,ERR,ERR,ERR,ERR,ERR,ERR,ERR,ERR,ERR,ERR,ERR,ERR,ERR,ERR,ERR,ERR,ERR,ERR,ERR,ERR,ERR,ERR,ERR,ERR,ERR,ERR,ERR,ERR,ERR,ERR,ERR,ERR,ERR,ERR,ERR,ERR,ERR,ERR,ERR,ERR,ERR,ERR,ERR,ERR,ERR,0.0,2.7184312818759872e+23,-100793952.0,0.0,0.0,1.3936040501711995e+18,7.805,0.0,0,0,4,0,7116,0.0,100,0.0,0.0,0.0,0.0,0.0,0,0,0,0,0.0,0,0,0,0,0,0,0,0,0,0,0,0,0,0,0,0,0,0,0,0,0,0,0,0,0,0,0,0,0,0,0,0,0,31,40,40,71,65476,0,300,0,0,8,21553,0.0,-107605600.0,0.0,0.0,0.0,0.0,0.0,0.0,0.0,0.0,0.0,0.0,0.0,0.0,0.0,0.0,0.0,0.0,0.0,0.0,0.0,0.0,-2.004,-2.004,-2.004,-2.004,0.0,0.0,0.0,0.0,6328.0,1.587937097795308e+29,6926.0,0.0,2.7184312818759872e+23,2.7184303811560617e+23,0.0,0.0,0.0,0.0,0.0,69,89221.172,5.848076282481645e+35,0.0,0.0,0.0,0.0,0.0,0.0,0.0,0,0,0,0.0,0.0,0.0,0.0,0.0,0.0,0.0,0.0,0.0,0.0,0.0,0.0,0.0,0.0,0.0,0.0,0,-107875648.0,69,0.0,138,0.0,0.0,0,13107,17040,13107,17049,13107,17043,0,0,0,70,68,100,2.7302359370752657e+23,71.2,2.7302370179391762e+23,74.2,2.7302370179391762e+23,74.0,1,49,50,180,13107,52429,0,0,0.0,0.0,0.0,0.0,-0.0,67.0,0.0,162057.094,0.0,751,0,739,0,0,0,721,0,766,0,736,0,742,0,741,0,712,0,7520,0.032,79456894976.0,0.0,0.0,784,16797,-0.0,162057.094,-114818.039,-0.0,0.133,6.909358625270745e+28,30.0,65.0,35,0.0,0.0,0.0,0.0,0.0,0.0,0.0,0.0,0.0,0.0,0.0,0.0,0.0,0.0,0.0,0.0,69.2,0,150,71,55,65476,0,300,0,1,8,20529,65476,0,0,40632,65.0,0.0,0.0,0.0,0.0,0.0
2026-09-04T20:25:59,ERR,ERR,ERR,ERR,ERR,ERR,ERR,ERR,ERR,ERR,ERR,ERR,ERR,ERR,ERR,ERR,ERR,ERR,ERR,ERR,ERR,ERR,ERR,ERR,ERR,ERR,ERR,ERR,ERR,ERR,ERR,ERR,ERR,ERR,ERR,ERR,ERR,ERR,ERR,ERR,ERR,ERR,ERR,ERR,ERR,ERR,ERR,ERR,ERR,ERR,ERR,ERR,ERR,ERR,ERR,ERR,ERR,ERR,ERR,ERR,ERR,ERR,ERR,ERR,ERR,ERR,ERR,ERR,ERR,ERR,ERR,ERR,ERR,ERR,ERR,ERR,ERR,ERR,ERR,ERR,ERR,ERR,ERR,ERR,ERR,ERR,ERR,ERR,ERR,ERR,ERR,ERR,ERR,ERR,ERR,ERR,ERR,ERR,ERR,ERR,ERR,ERR,ERR,ERR,ERR,ERR,ERR,ERR,ERR,ERR,ERR,ERR,ERR,ERR,ERR,ERR,ERR,ERR,ERR,ERR,ERR,ERR,ERR,ERR,ERR,0.0,2.7184312818759872e+23,-100793952.0,0.0,0.0,1.3936040501711995e+18,7.805,0.0,0,0,4,0,7116,0.0,100,0.0,0.0,0.0,0.0,0.0,0,0,0,0,0.0,0,0,0,0,0,0,0,0,0,0,0,0,0,0,0,0,0,0,0,0,0,0,0,0,0,0,0,0,0,0,0,0,0,31,40,40,71,65476,0,300,0,0,8,21553,0.0,-107605600.0,0.0,0.0,0.0,0.0,0.0,0.0,0.0,0.0,0.0,0.0,0.0,0.0,0.0,0.0,0.0,0.0,0.0,0.0,0.0,0.0,-2.004,-2.004,-2.004,-2.004,0.0,0.0,0.0,0.0,6328.0,1.587937097795308e+29,6926.0,0.0,2.7184312818759872e+23,2.7184303811560617e+23,0.0,0.0,0.0,0.0,0.0,69,89221.172,5.848076282481645e+35,0.0,0.0,0.0,0.0,0.0,0.0,0.0,0,0,0,0.0,0.0,0.0,0.0,0.0,0.0,0.0,0.0,0.0,0.0,0.0,0.0,0.0,0.0,0.0,0.0,0,-107875648.0,69,0.0,138,0.0,0.0,0,13107,17040,13107,17049,13107,17043,0,0,0,70,68,100,2.7302359370752657e+23,71.2,2.7302370179391762e+23,74.2,2.7302370179391762e+23,74.0,1,49,50,180,13107,52429,0,0,0.0,0.0,0.0,0.0,-0.0,67.0,0.0,162057.094,0.0,751,0,739,0,0,0,721,0,766,0,736,0,742,0,741,0,712,0,7520,0.032,79456894976.0,0.0,0.0,784,16797,-0.0,162057.094,-114818.039,-0.0,0.133,6.909358625270745e+28,30.0,65.0,35,0.0,0.0,0.0,0.0,0.0,0.0,0.0,0.0,0.0,0.0,0.0,0.0,0.0,0.0,0.0,0.0,69.2,0,150,71,55,65476,0,300,0,1,8,20529,65476,0,0,40632,65.0,0.0,0.0,0.0,0.0,0.0
2026-09-04T20:26:00,ERR,ERR,ERR,ERR,ERR,ERR,ERR,ERR,ERR,ERR,ERR,ERR,ERR,ERR,ERR,ERR,ERR,ERR,ERR,ERR,ERR,ERR,ERR,ERR,ERR,ERR,ERR,ERR,ERR,ERR,ERR,ERR,ERR,ERR,ERR,ERR,ERR,ERR,ERR,ERR,ERR,ERR,ERR,ERR,ERR,ERR,ERR,ERR,ERR,ERR,ERR,ERR,ERR,ERR,ERR,ERR,ERR,ERR,ERR,ERR,ERR,ERR,ERR,ERR,ERR,ERR,ERR,ERR,ERR,ERR,ERR,ERR,ERR,ERR,ERR,ERR,ERR,ERR,ERR,ERR,ERR,ERR,ERR,ERR,ERR,ERR,ERR,ERR,ERR,ERR,ERR,ERR,ERR,ERR,ERR,ERR,ERR,ERR,ERR,ERR,ERR,ERR,ERR,ERR,ERR,ERR,ERR,ERR,ERR,ERR,ERR,ERR,ERR,ERR,ERR,ERR,ERR,ERR,ERR,ERR,ERR,ERR,ERR,ERR,ERR,0.0,2.7184312818759872e+23,-100793952.0,0.0,0.0,1.3936040501711995e+18,7.805,0.0,0,0,4,0,7116,0.0,100,0.0,0.0,0.0,0.0,0.0,0,0,0,0,0.0,0,0,0,0,0,0,0,0,0,0,0,0,0,0,0,0,0,0,0,0,0,0,0,0,0,0,0,0,0,0,0,0,0,31,40,40,71,65476,0,300,0,0,8,21553,0.0,-107605600.0,0.0,0.0,0.0,0.0,0.0,0.0,0.0,0.0,0.0,0.0,0.0,0.0,0.0,0.0,0.0,0.0,0.0,0.0,0.0,0.0,-2.004,-2.004,-2.004,-2.004,0.0,0.0,0.0,0.0,6328.0,1.587937097795308e+29,6926.0,0.0,2.7184312818759872e+23,2.7184303811560617e+23,0.0,0.0,0.0,0.0,0.0,69,89221.172,5.848076282481645e+35,0.0,0.0,0.0,0.0,0.0,0.0,0.0,0,0,0,0.0,0.0,0.0,0.0,0.0,0.0,0.0,0.0,0.0,0.0,0.0,0.0,0.0,0.0,0.0,0.0,0,-107875648.0,69,0.0,138,0.0,0.0,0,13107,17040,13107,17049,13107,17043,0,0,0,70,68,100,2.7302359370752657e+23,71.2,2.7302370179391762e+23,74.2,2.7302370179391762e+23,74.0,1,49,50,180,13107,52429,0,0,0.0,0.0,0.0,0.0,-0.0,67.0,0.0,162057.094,0.0,751,0,739,0,0,0,721,0,766,0,736,0,742,0,741,0,712,0,7520,0.032,79456894976.0,0.0,0.0,784,16797,-0.0,162057.094,-114818.039,-0.0,0.133,6.909358625270745e+28,30.0,65.0,35,0.0,0.0,0.0,0.0,0.0,0.0,0.0,0.0,0.0,0.0,0.0,0.0,0.0,0.0,0.0,0.0,69.2,0,150,71,55,65476,0,300,0,1,8,20529,65476,0,0,40632,65.0,0.0,0.0,0.0,0.0,0.0
2026-09-04T20:26:01,ERR,ERR,ERR,ERR,ERR,ERR,ERR,ERR,ERR,ERR,ERR,ERR,ERR,ERR,ERR,ERR,ERR,ERR,ERR,ERR,ERR,ERR,ERR,ERR,ERR,ERR,ERR,ERR,ERR,ERR,ERR,ERR,ERR,ERR,ERR,ERR,ERR,ERR,ERR,ERR,ERR,ERR,ERR,ERR,ERR,ERR,ERR,ERR,ERR,ERR,ERR,ERR,ERR,ERR,ERR,ERR,ERR,ERR,ERR,ERR,ERR,ERR,ERR,ERR,ERR,ERR,ERR,ERR,ERR,ERR,ERR,ERR,ERR,ERR,ERR,ERR,ERR,ERR,ERR,ERR,ERR,ERR,ERR,ERR,ERR,ERR,ERR,ERR,ERR,ERR,ERR,ERR,ERR,ERR,ERR,ERR,ERR,ERR,ERR,ERR,ERR,ERR,ERR,ERR,ERR,ERR,ERR,ERR,ERR,ERR,ERR,ERR,ERR,ERR,ERR,ERR,ERR,ERR,ERR,ERR,ERR,ERR,ERR,ERR,ERR,0.0,2.7184312818759872e+23,-100793952.0,0.0,0.0,1.3936040501711995e+18,7.805,0.0,0,0,4,0,7116,0.0,100,0.0,0.0,0.0,0.0,0.0,0,0,0,0,0.0,0,0,0,0,0,0,0,0,0,0,0,0,0,0,0,0,0,0,0,0,0,0,0,0,0,0,0,0,0,0,0,0,0,31,40,40,71,65476,0,300,0,0,8,21553,0.0,-107605600.0,0.0,0.0,0.0,0.0,0.0,0.0,0.0,0.0,0.0,0.0,0.0,0.0,0.0,0.0,0.0,0.0,0.0,0.0,0.0,0.0,-2.004,-2.004,-2.004,-2.004,0.0,0.0,0.0,0.0,6328.0,1.587937097795308e+29,6926.0,0.0,2.7184312818759872e+23,2.7184303811560617e+23,0.0,0.0,0.0,0.0,0.0,69,89221.172,5.848076282481645e+35,0.0,0.0,0.0,0.0,0.0,0.0,0.0,0,0,0,0.0,0.0,0.0,0.0,0.0,0.0,0.0,0.0,0.0,0.0,0.0,0.0,0.0,0.0,0.0,0.0,0,-107875648.0,69,0.0,138,0.0,0.0,0,13107,17040,13107,17049,13107,17043,0,0,0,70,68,100,2.7302359370752657e+23,71.2,2.7302370179391762e+23,74.2,2.7302370179391762e+23,74.0,1,49,50,180,13107,52429,0,0,0.0,0.0,0.0,0.0,-0.0,67.0,0.0,162057.094,0.0,751,0,739,0,0,0,721,0,766,0,736,0,742,0,741,0,712,0,7520,0.032,79456894976.0,0.0,0.0,784,16797,-0.0,162057.094,-114818.039,-0.0,0.133,6.909358625270745e+28,30.0,65.0,35,0.0,0.0,0.0,0.0,0.0,0.0,0.0,0.0,0.0,0.0,0.0,0.0,0.0,0.0,0.0,0.0,69.2,0,150,71,55,65476,0,300,0,1,8,20529,65476,0,0,40632,65.0,0.0,0.0,0.0,0.0,0.0
2026-09-04T20:26:02,ERR,ERR,ERR,ERR,ERR,ERR,ERR,ERR,ERR,ERR,ERR,ERR,ERR,ERR,ERR,ERR,ERR,ERR,ERR,ERR,ERR,ERR,ERR,ERR,ERR,ERR,ERR,ERR,ERR,ERR,ERR,ERR,ERR,ERR,ERR,ERR,ERR,ERR,ERR,ERR,ERR,ERR,ERR,ERR,ERR,ERR,ERR,ERR,ERR,ERR,ERR,ERR,ERR,ERR,ERR,ERR,ERR,ERR,ERR,ERR,ERR,ERR,ERR,ERR,ERR,ERR,ERR,ERR,ERR,ERR,ERR,ERR,ERR,ERR,ERR,ERR,ERR,ERR,ERR,ERR,ERR,ERR,ERR,ERR,ERR,ERR,ERR,ERR,ERR,ERR,ERR,ERR,ERR,ERR,ERR,ERR,ERR,ERR,ERR,ERR,ERR,ERR,ERR,ERR,ERR,ERR,ERR,ERR,ERR,ERR,ERR,ERR,ERR,ERR,ERR,ERR,ERR,ERR,ERR,ERR,ERR,ERR,ERR,ERR,ERR,0.0,2.7184312818759872e+23,-100793952.0,0.0,0.0,1.3936040501711995e+18,7.805,0.0,0,0,4,0,7116,0.0,100,0.0,0.0,0.0,0.0,0.0,0,0,0,0,0.0,0,0,0,0,0,0,0,0,0,0,0,0,0,0,0,0,0,0,0,0,0,0,0,0,0,0,0,0,0,0,0,0,0,31,40,40,71,65476,0,300,0,0,8,21553,0.0,-107605600.0,0.0,0.0,0.0,0.0,0.0,0.0,0.0,0.0,0.0,0.0,0.0,0.0,0.0,0.0,0.0,0.0,0.0,0.0,0.0,0.0,-2.004,-2.004,-2.004,-2.004,0.0,0.0,0.0,0.0,6328.0,1.587937097795308e+29,6926.0,0.0,2.7184312818759872e+23,2.7184303811560617e+23,0.0,0.0,0.0,0.0,0.0,69,89221.172,5.848076282481645e+35,0.0,0.0,0.0,0.0,0.0,0.0,0.0,0,0,0,0.0,0.0,0.0,0.0,0.0,0.0,0.0,0.0,0.0,0.0,0.0,0.0,0.0,0.0,0.0,0.0,0,-107875648.0,69,0.0,138,0.0,0.0,0,13107,17040,13107,17049,13107,17043,0,0,0,70,68,100,2.7302359370752657e+23,71.2,2.7302370179391762e+23,74.2,2.7302370179391762e+23,74.0,1,49,50,180,13107,52429,0,0,0.0,0.0,0.0,0.0,-0.0,67.0,0.0,162057.094,0.0,751,0,739,0,0,0,721,0,766,0,736,0,742,0,741,0,712,0,7520,0.032,79456894976.0,0.0,0.0,784,16797,-0.0,162057.094,-114818.039,-0.0,0.133,6.909358625270745e+28,30.0,65.0,35,0.0,0.0,0.0,0.0,0.0,0.0,0.0,0.0,0.0,0.0,0.0,0.0,0.0,0.0,0.0,0.0,69.2,0,150,71,55,65476,0,300,0,1,8,20529,65476,0,0,40632,65.0,0.0,0.0,0.0,0.0,0.0
2026-09-04T20:26:03,ERR,ERR,ERR,ERR,ERR,ERR,ERR,ERR,ERR,ERR,ERR,ERR,ERR,ERR,ERR,ERR,ERR,ERR,ERR,ERR,ERR,ERR,ERR,ERR,ERR,ERR,ERR,ERR,ERR,ERR,ERR,ERR,ERR,ERR,ERR,ERR,ERR,ERR,ERR,ERR,ERR,ERR,ERR,ERR,ERR,ERR,ERR,ERR,ERR,ERR,ERR,ERR,ERR,ERR,ERR,ERR,ERR,ERR,ERR,ERR,ERR,ERR,ERR,ERR,ERR,ERR,ERR,ERR,ERR,ERR,ERR,ERR,ERR,ERR,ERR,ERR,ERR,ERR,ERR,ERR,ERR,ERR,ERR,ERR,ERR,ERR,ERR,ERR,ERR,ERR,ERR,ERR,ERR,ERR,ERR,ERR,ERR,ERR,ERR,ERR,ERR,ERR,ERR,ERR,ERR,ERR,ERR,ERR,ERR,ERR,ERR,ERR,ERR,ERR,ERR,ERR,ERR,ERR,ERR,ERR,ERR,ERR,ERR,ERR,ERR,0.0,2.7184312818759872e+23,-100793952.0,0.0,0.0,1.3936040501711995e+18,7.805,0.0,0,0,4,0,7116,0.0,100,0.0,0.0,0.0,0.0,0.0,0,0,0,0,0.0,0,0,0,0,0,0,0,0,0,0,0,0,0,0,0,0,0,0,0,0,0,0,0,0,0,0,0,0,0,0,0,0,0,31,40,40,71,65476,0,300,0,0,8,21553,0.0,-107605600.0,0.0,0.0,0.0,0.0,0.0,0.0,0.0,0.0,0.0,0.0,0.0,0.0,0.0,0.0,0.0,0.0,0.0,0.0,0.0,0.0,-2.004,-2.004,-2.004,-2.004,0.0,0.0,0.0,0.0,6328.0,1.587937097795308e+29,6926.0,0.0,2.7184312818759872e+23,2.7184303811560617e+23,0.0,0.0,0.0,0.0,0.0,69,89221.172,5.848076282481645e+35,0.0,0.0,0.0,0.0,0.0,0.0,0.0,0,0,0,0.0,0.0,0.0,0.0,0.0,0.0,0.0,0.0,0.0,0.0,0.0,0.0,0.0,0.0,0.0,0.0,0,-107875648.0,69,0.0,138,0.0,0.0,0,13107,17040,13107,17049,13107,17043,0,0,0,70,68,100,2.7302359370752657e+23,71.2,2.7302370179391762e+23,74.2,2.7302370179391762e+23,74.0,1,49,50,180,13107,52429,0,0,0.0,0.0,0.0,0.0,-0.0,67.0,0.0,162057.094,0.0,751,0,739,0,0,0,721,0,766,0,736,0,742,0,741,0,712,0,7520,0.032,90731184128.0,0.0,0.0,784,16797,-0.0,162057.094,-114818.039,-0.0,0.133,6.909358625270745e+28,30.0,65.0,35,0.0,0.0,0.0,0.0,0.0,0.0,0.0,0.0,0.0,0.0,0.0,0.0,0.0,0.0,0.0,0.0,69.2,0,150,71,55,65476,0,300,0,1,8,20529,65476,0,0,40632,65.0,0.0,0.0,0.0,0.0,0.0
2026-09-04T20:26:04,ERR,ERR,ERR,ERR,ERR,ERR,ERR,ERR,ERR,ERR,ERR,ERR,ERR,ERR,ERR,ERR,ERR,ERR,ERR,ERR,ERR,ERR,ERR,ERR,ERR,ERR,ERR,ERR,ERR,ERR,ERR,ERR,ERR,ERR,ERR,ERR,ERR,ERR,ERR,ERR,ERR,ERR,ERR,ERR,ERR,ERR,ERR,ERR,ERR,ERR,ERR,ERR,ERR,ERR,ERR,ERR,ERR,ERR,ERR,ERR,ERR,ERR,ERR,ERR,ERR,ERR,ERR,ERR,ERR,ERR,ERR,ERR,ERR,ERR,ERR,ERR,ERR,ERR,ERR,ERR,ERR,ERR,ERR,ERR,ERR,ERR,ERR,ERR,ERR,ERR,ERR,ERR,ERR,ERR,ERR,ERR,ERR,ERR,ERR,ERR,ERR,ERR,ERR,ERR,ERR,ERR,ERR,ERR,ERR,ERR,ERR,ERR,ERR,ERR,ERR,ERR,ERR,ERR,ERR,ERR,ERR,ERR,ERR,ERR,ERR,0.0,2.7184312818759872e+23,-100793952.0,0.0,0.0,1.3936040501711995e+18,7.805,0.0,0,0,4,0,7116,0.0,100,0.0,0.0,0.0,0.0,0.0,0,0,0,0,0.0,0,0,0,0,0,0,0,0,0,0,0,0,0,0,0,0,0,0,0,0,0,0,0,0,0,0,0,0,0,0,0,0,0,31,40,40,71,65476,0,300,0,0,8,21553,0.0,-107605600.0,0.0,0.0,0.0,0.0,0.0,0.0,0.0,0.0,0.0,0.0,0.0,0.0,0.0,0.0,0.0,0.0,0.0,0.0,0.0,0.0,-2.004,-2.004,-2.004,-2.004,0.0,0.0,0.0,0.0,6328.0,1.587937097795308e+29,6926.0,0.0,2.7184312818759872e+23,2.7184303811560617e+23,0.0,0.0,0.0,0.0,0.0,69,89221.172,5.848076282481645e+35,0.0,0.0,0.0,0.0,0.0,0.0,0.0,0,0,0,0.0,0.0,0.0,0.0,0.0,0.0,0.0,0.0,0.0,0.0,0.0,0.0,0.0,0.0,0.0,0.0,0,-107875648.0,69,0.0,138,0.0,0.0,0,13107,17040,13107,17049,13107,17043,0,0,0,70,68,100,2.7302359370752657e+23,71.2,2.7302370179391762e+23,74.2,2.7302370179391762e+23,74.0,1,49,50,180,13107,52429,0,0,0.0,0.0,0.0,0.0,-0.0,67.0,0.0,162057.094,0.0,751,0,739,0,0,0,721,0,766,0,736,0,742,0,741,0,712,0,7520,0.032,90731184128.0,0.0,0.0,784,16797,-0.0,162057.094,-114818.039,-0.0,0.133,6.909358625270745e+28,30.0,65.0,35,0.0,0.0,0.0,0.0,0.0,0.0,0.0,0.0,0.0,0.0,0.0,0.0,0.0,0.0,0.0,0.0,69.6,0,150,71,55,65476,0,300,0,1,8,20529,65476,0,0,40632,65.0,0.0,0.0,0.0,0.0,0.0
2026-09-04T20:26:05,ERR,ERR,ERR,ERR,ERR,ERR,ERR,ERR,ERR,ERR,ERR,ERR,ERR,ERR,ERR,ERR,ERR,ERR,ERR,ERR,ERR,ERR,ERR,ERR,ERR,ERR,ERR,ERR,ERR,ERR,ERR,ERR,ERR,ERR,ERR,ERR,ERR,ERR,ERR,ERR,ERR,ERR,ERR,ERR,ERR,ERR,ERR,ERR,ERR,ERR,ERR,ERR,ERR,ERR,ERR,ERR,ERR,ERR,ERR,ERR,ERR,ERR,ERR,ERR,ERR,ERR,ERR,ERR,ERR,ERR,ERR,ERR,ERR,ERR,ERR,ERR,ERR,ERR,ERR,ERR,ERR,ERR,ERR,ERR,ERR,ERR,ERR,ERR,ERR,ERR,ERR,ERR,ERR,ERR,ERR,ERR,ERR,ERR,ERR,ERR,ERR,ERR,ERR,ERR,ERR,ERR,ERR,ERR,ERR,ERR,ERR,ERR,ERR,ERR,ERR,ERR,ERR,ERR,ERR,ERR,ERR,ERR,ERR,ERR,ERR,0.0,2.7184312818759872e+23,-100793952.0,0.0,0.0,1.3936040501711995e+18,7.805,0.0,0,0,4,0,7116,0.0,100,0.0,0.0,0.0,0.0,0.0,0,0,0,0,0.0,0,0,0,0,0,0,0,0,0,0,0,0,0,0,0,0,0,0,0,0,0,0,0,0,0,0,0,0,0,0,0,0,0,31,40,40,71,65476,0,300,0,0,8,21553,0.0,-107605600.0,0.0,0.0,0.0,0.0,0.0,0.0,0.0,0.0,0.0,0.0,0.0,0.0,0.0,0.0,0.0,0.0,0.0,0.0,0.0,0.0,-2.004,-0.0,-0.0,-2.004,0.0,0.0,0.0,0.0,6292.0,-2.004,6936.0,0.0,2.7184312818759872e+23,2.7184303811560617e+23,0.0,0.0,0.0,0.0,0.0,69,0.0,-152018136072192.0,0.0,0.0,0.0,0.0,0.0,0.0,0.0,0,0,0,0.0,0.0,0.0,0.0,0.0,0.0,0.0,0.0,0.0,0.0,0.0,0.0,0.0,0.0,0.0,0.0,0,-107875648.0,69,0.0,138,0.0,0.0,0,13107,17040,13107,17049,13107,17043,0,0,0,70,68,100,2.7302359370752657e+23,71.2,2.7302370179391762e+23,74.2,2.7302370179391762e+23,74.0,1,49,50,180,13107,52429,0,0,0.0,0.0,0.0,0.0,-0.0,67.0,0.0,162057.094,0.0,751,0,739,0,0,0,721,0,766,0,736,0,742,0,741,0,712,0,7520,0.032,90731184128.0,0.0,0.0,784,16797,-0.0,162057.094,-114818.039,-0.0,0.133,6.909358625270745e+28,30.0,65.0,35,0.0,0.0,0.0,0.0,0.0,0.0,0.0,0.0,0.0,0.0,0.0,0.0,0.0,0.0,0.0,0.0,69.6,0,150,71,55,65476,0,300,0,1,8,20529,65476,0,0,40632,65.0,0.0,0.0,0.0,0.0,0.0
2026-09-04T20:26:06,ERR,ERR,ERR,ERR,ERR,ERR,ERR,ERR,ERR,ERR,ERR,ERR,ERR,ERR,ERR,ERR,ERR,ERR,ERR,ERR,ERR,ERR,ERR,ERR,ERR,ERR,ERR,ERR,ERR,ERR,ERR,ERR,ERR,ERR,ERR,ERR,ERR,ERR,ERR,ERR,ERR,ERR,ERR,ERR,ERR,ERR,ERR,ERR,ERR,ERR,ERR,ERR,ERR,ERR,ERR,ERR,ERR,ERR,ERR,ERR,ERR,ERR,ERR,ERR,ERR,ERR,ERR,ERR,ERR,ERR,ERR,ERR,ERR,ERR,ERR,ERR,ERR,ERR,ERR,ERR,ERR,ERR,ERR,ERR,ERR,ERR,ERR,ERR,ERR,ERR,ERR,ERR,ERR,ERR,ERR,ERR,ERR,ERR,ERR,ERR,ERR,ERR,ERR,ERR,ERR,ERR,ERR,ERR,ERR,ERR,ERR,ERR,ERR,ERR,ERR,ERR,ERR,ERR,ERR,ERR,ERR,ERR,ERR,ERR,ERR,0.0,2.7184312818759872e+23,-100793952.0,0.0,0.0,1.3936040501711995e+18,7.805,0.0,0,0,4,0,7116,0.0,100,0.0,0.0,0.0,0.0,0.0,0,0,0,0,0.0,0,0,0,0,0,0,0,0,0,0,0,0,0,0,0,0,0,0,0,0,0,0,0,0,0,0,0,0,0,0,0,0,0,31,40,40,71,65476,0,300,0,0,8,21553,0.0,-107605600.0,0.0,0.0,0.0,0.0,0.0,0.0,0.0,0.0,0.0,0.0,0.0,0.0,0.0,0.0,0.0,0.0,0.0,0.0,0.0,0.0,-2.004,-0.0,-0.0,-2.004,0.0,0.0,0.0,0.0,6292.0,-2.004,6936.0,0.0,2.7184312818759872e+23,2.7184303811560617e+23,0.0,0.0,0.0,0.0,0.0,69,0.0,-152018136072192.0,0.0,0.0,0.0,0.0,0.0,0.0,0.0,0,0,0,0.0,0.0,0.0,0.0,0.0,0.0,0.0,0.0,0.0,0.0,0.0,0.0,0.0,0.0,0.0,0.0,0,-107875648.0,69,0.0,138,0.0,0.0,0,13107,17040,13107,17049,13107,17043,0,0,0,70,68,100,2.7302359370752657e+23,71.2,2.7302370179391762e+23,74.2,2.7302370179391762e+23,74.0,1,49,50,180,13107,52429,0,0,0.0,0.0,0.0,0.0,-0.0,67.0,0.0,162057.094,0.0,751,0,739,0,0,0,721,0,766,0,736,0,742,0,741,0,712,0,7520,0.032,90731184128.0,0.0,0.0,784,16797,-0.0,162057.094,-114818.039,-0.0,0.133,6.909358625270745e+28,30.0,65.0,35,0.0,0.0,0.0,0.0,0.0,0.0,0.0,0.0,0.0,0.0,0.0,0.0,0.0,0.0,0.0,0.0,69.6,0,150,71,55,65476,0,300,0,1,8,20529,65476,0,0,40632,65.0,0.0,0.0,0.0,0.0,0.0
2026-09-04T20:26:07,ERR,ERR,ERR,ERR,ERR,ERR,ERR,ERR,ERR,ERR,ERR,ERR,ERR,ERR,ERR,ERR,ERR,ERR,ERR,ERR,ERR,ERR,ERR,ERR,ERR,ERR,ERR,ERR,ERR,ERR,ERR,ERR,ERR,ERR,ERR,ERR,ERR,ERR,ERR,ERR,ERR,ERR,ERR,ERR,ERR,ERR,ERR,ERR,ERR,ERR,ERR,ERR,ERR,ERR,ERR,ERR,ERR,ERR,ERR,ERR,ERR,ERR,ERR,ERR,ERR,ERR,ERR,ERR,ERR,ERR,ERR,ERR,ERR,ERR,ERR,ERR,ERR,ERR,ERR,ERR,ERR,ERR,ERR,ERR,ERR,ERR,ERR,ERR,ERR,ERR,ERR,ERR,ERR,ERR,ERR,ERR,ERR,ERR,ERR,ERR,ERR,ERR,ERR,ERR,ERR,ERR,ERR,ERR,ERR,ERR,ERR,ERR,ERR,ERR,ERR,ERR,ERR,ERR,ERR,ERR,ERR,ERR,ERR,ERR,ERR,0.0,2.7184312818759872e+23,-100793952.0,0.0,0.0,1.3936040501711995e+18,7.805,0.0,0,0,4,0,7116,0.0,100,0.0,0.0,0.0,0.0,0.0,0,0,0,0,0.0,0,0,0,0,0,0,0,0,0,0,0,0,0,0,0,0,0,0,0,0,0,0,0,0,0,0,0,0,0,0,0,0,0,31,40,40,71,65476,0,300,0,0,8,21553,0.0,-107605600.0,0.0,0.0,0.0,0.0,0.0,0.0,0.0,0.0,0.0,0.0,0.0,0.0,0.0,0.0,0.0,0.0,0.0,0.0,0.0,0.0,-2.004,-0.0,-0.0,-2.004,0.0,0.0,0.0,0.0,6292.0,-2.004,6936.0,0.0,2.7184312818759872e+23,2.7184303811560617e+23,0.0,0.0,0.0,0.0,0.0,69,0.0,-152018136072192.0,0.0,0.0,0.0,0.0,0.0,0.0,0.0,0,0,0,0.0,0.0,0.0,0.0,0.0,0.0,0.0,0.0,0.0,0.0,0.0,0.0,0.0,0.0,0.0,0.0,0,-107875648.0,69,0.0,138,0.0,0.0,0,13107,17040,13107,17049,13107,17043,0,0,0,70,68,100,2.7302359370752657e+23,71.2,2.7302370179391762e+23,74.2,2.7302370179391762e+23,74.0,1,49,50,180,13107,52429,0,0,0.0,0.0,0.0,0.0,-0.0,67.0,0.0,162057.094,0.0,751,0,739,0,0,0,721,0,766,0,736,0,742,0,741,0,712,0,7520,0.032,90731184128.0,0.0,0.0,784,16797,-0.0,162057.094,-114818.039,-0.0,0.133,6.909358625270745e+28,30.0,65.0,35,0.0,0.0,0.0,0.0,0.0,0.0,0.0,0.0,0.0,0.0,0.0,0.0,0.0,0.0,0.0,0.0,69.2,0,150,71,55,65476,0,300,0,1,8,20529,65476,0,0,40632,65.0,0.0,0.0,0.0,0.0,0.0
2026-09-04T20:26:08,ERR,ERR,ERR,ERR,ERR,ERR,ERR,ERR,ERR,ERR,ERR,ERR,ERR,ERR,ERR,ERR,ERR,ERR,ERR,ERR,ERR,ERR,ERR,ERR,ERR,ERR,ERR,ERR,ERR,ERR,ERR,ERR,ERR,ERR,ERR,ERR,ERR,ERR,ERR,ERR,ERR,ERR,ERR,ERR,ERR,ERR,ERR,ERR,ERR,ERR,ERR,ERR,ERR,ERR,ERR,ERR,ERR,ERR,ERR,ERR,ERR,ERR,ERR,ERR,ERR,ERR,ERR,ERR,ERR,ERR,ERR,ERR,ERR,ERR,ERR,ERR,ERR,ERR,ERR,ERR,ERR,ERR,ERR,ERR,ERR,ERR,ERR,ERR,ERR,ERR,ERR,ERR,ERR,ERR,ERR,ERR,ERR,ERR,ERR,ERR,ERR,ERR,ERR,ERR,ERR,ERR,ERR,ERR,ERR,ERR,ERR,ERR,ERR,ERR,ERR,ERR,ERR,ERR,ERR,ERR,ERR,ERR,ERR,ERR,ERR,0.0,2.7184312818759872e+23,-100793952.0,0.0,0.0,1.3936040501711995e+18,7.805,0.0,0,0,4,0,7116,0.0,100,0.0,0.0,0.0,0.0,0.0,0,0,0,0,0.0,0,0,0,0,0,0,0,0,0,0,0,0,0,0,0,0,0,0,0,0,0,0,0,0,0,0,0,0,0,0,0,0,0,31,40,40,71,65476,0,300,0,0,8,21553,0.0,-107605600.0,0.0,0.0,0.0,0.0,0.0,0.0,0.0,0.0,0.0,0.0,0.0,0.0,0.0,0.0,0.0,0.0,0.0,0.0,0.0,0.0,-2.004,-0.0,-0.0,-2.004,0.0,0.0,0.0,0.0,6292.0,-2.004,6936.0,0.0,2.7184312818759872e+23,2.7184303811560617e+23,0.0,0.0,0.0,0.0,0.0,69,0.0,-152018136072192.0,0.0,0.0,0.0,0.0,0.0,0.0,0.0,0,0,0,0.0,0.0,0.0,0.0,0.0,0.0,0.0,0.0,0.0,0.0,0.0,0.0,0.0,0.0,0.0,0.0,0,-107875648.0,69,0.0,138,0.0,0.0,0,13107,17040,13107,17049,13107,17043,0,0,0,70,68,100,2.7302359370752657e+23,71.2,0.0,74.2,2.7302370179391762e+23,74.0,1,49,50,180,13107,52429,0,0,0.0,0.0,0.0,0.0,-0.0,67.0,0.0,162057.094,0.0,751,0,739,0,0,0,721,0,766,0,736,0,742,0,741,0,712,0,7520,0.032,96636764160.0,0.0,0.0,784,16797,-0.0,162057.094,-114818.039,-0.0,0.133,6.909358625270745e+28,30.0,65.0,35,0.0,0.0,0.0,0.0,0.0,0.0,0.0,0.0,0.0,0.0,0.0,0.0,0.0,0.0,0.0,0.0,69.2,0,150,71,55,65476,0,300,0,1,8,20529,65476,0,0,40632,65.0,0.0,0.0,0.0,0.0,0.0
2026-09-04T20:26:09,ERR,ERR,ERR,ERR,ERR,ERR,ERR,ERR,ERR,ERR,ERR,ERR,ERR,ERR,ERR,ERR,ERR,ERR,ERR,ERR,ERR,ERR,ERR,ERR,ERR,ERR,ERR,ERR,ERR,ERR,ERR,ERR,ERR,ERR,ERR,ERR,ERR,ERR,ERR,ERR,ERR,ERR,ERR,ERR,ERR,ERR,ERR,ERR,ERR,ERR,ERR,ERR,ERR,ERR,ERR,ERR,ERR,ERR,ERR,ERR,ERR,ERR,ERR,ERR,ERR,ERR,ERR,ERR,ERR,ERR,ERR,ERR,ERR,ERR,ERR,ERR,ERR,ERR,ERR,ERR,ERR,ERR,ERR,ERR,ERR,ERR,ERR,ERR,ERR,ERR,ERR,ERR,ERR,ERR,ERR,ERR,ERR,ERR,ERR,ERR,ERR,ERR,ERR,ERR,ERR,ERR,ERR,ERR,ERR,ERR,ERR,ERR,ERR,ERR,ERR,ERR,ERR,ERR,ERR,ERR,ERR,ERR,ERR,ERR,ERR,0.0,2.7184312818759872e+23,-100793952.0,0.0,0.0,1.3936040501711995e+18,7.805,0.0,0,0,4,0,7116,0.0,100,0.0,0.0,0.0,0.0,0.0,0,0,0,0,0.0,0,0,0,0,0,0,0,0,0,0,0,0,0,0,0,0,0,0,0,0,0,0,0,0,0,0,0,0,0,0,0,0,0,31,40,40,71,65476,0,300,0,0,8,21553,0.0,-107605600.0,0.0,0.0,0.0,0.0,0.0,0.0,0.0,0.0,0.0,0.0,0.0,0.0,0.0,0.0,0.0,0.0,0.0,0.0,0.0,0.0,-2.004,-0.0,-0.0,-2.004,0.0,0.0,0.0,0.0,6292.0,-2.004,6936.0,0.0,2.7184312818759872e+23,2.7184303811560617e+23,0.0,0.0,0.0,0.0,0.0,69,0.0,-152018136072192.0,0.0,0.0,0.0,0.0,0.0,0.0,0.0,0,0,0,0.0,0.0,0.0,0.0,0.0,0.0,0.0,0.0,0.0,0.0,0.0,0.0,0.0,0.0,0.0,0.0,0,-107875648.0,69,0.0,138,0.0,0.0,0,13107,17040,13107,17049,13107,17043,0,0,0,70,68,100,2.7302359370752657e+23,71.2,0.0,74.2,2.7302370179391762e+23,74.0,1,49,50,180,13107,52429,0,0,0.0,0.0,0.0,0.0,-0.0,67.0,0.0,162057.094,0.0,751,0,739,0,0,0,721,0,766,0,736,0,742,0,741,0,712,0,7520,0.032,96636764160.0,0.0,0.0,784,16797,-0.0,162057.094,-114818.039,-0.0,0.133,6.909358625270745e+28,30.0,65.0,35,0.0,0.0,0.0,0.0,0.0,0.0,0.0,0.0,0.0,0.0,0.0,0.0,0.0,0.0,0.0,0.0,69.2,0,150,71,55,65476,0,300,0,1,8,20529,65476,0,0,40632,65.0,0.0,0.0,0.0,0.0,0.0
2026-09-04T20:26:10,ERR,ERR,ERR,ERR,ERR,ERR,ERR,ERR,ERR,ERR,ERR,ERR,ERR,ERR,ERR,ERR,ERR,ERR,ERR,ERR,ERR,ERR,ERR,ERR,ERR,ERR,ERR,ERR,ERR,ERR,ERR,ERR,ERR,ERR,ERR,ERR,ERR,ERR,ERR,ERR,ERR,ERR,ERR,ERR,ERR,ERR,ERR,ERR,ERR,ERR,ERR,ERR,ERR,ERR,ERR,ERR,ERR,ERR,ERR,ERR,ERR,ERR,ERR,ERR,ERR,ERR,ERR,ERR,ERR,ERR,ERR,ERR,ERR,ERR,ERR,ERR,ERR,ERR,ERR,ERR,ERR,ERR,ERR,ERR,ERR,ERR,ERR,ERR,ERR,ERR,ERR,ERR,ERR,ERR,ERR,ERR,ERR,ERR,ERR,ERR,ERR,ERR,ERR,ERR,ERR,ERR,ERR,ERR,ERR,ERR,ERR,ERR,ERR,ERR,ERR,ERR,ERR,ERR,ERR,ERR,ERR,ERR,ERR,ERR,ERR,0.0,2.7184312818759872e+23,-100793952.0,0.0,0.0,1.3936040501711995e+18,7.805,0.0,0,0,4,0,7116,0.0,100,0.0,0.0,0.0,0.0,0.0,0,0,0,0,0.0,0,0,0,0,0,0,0,0,0,0,0,0,0,0,0,0,0,0,0,0,0,0,0,0,0,0,0,0,0,0,0,0,0,31,40,40,71,65476,0,300,0,0,8,21553,0.0,-107605600.0,0.0,0.0,0.0,0.0,0.0,0.0,0.0,0.0,0.0,0.0,0.0,0.0,0.0,0.0,0.0,0.0,0.0,0.0,0.0,0.0,-2.004,-0.0,-0.0,-2.004,0.0,0.0,0.0,0.0,6292.0,-2.004,6936.0,0.0,2.7184312818759872e+23,2.7184303811560617e+23,0.0,0.0,0.0,0.0,0.0,69,0.0,-152018136072192.0,0.0,0.0,0.0,0.0,0.0,0.0,0.0,0,0,0,0.0,0.0,0.0,0.0,0.0,0.0,0.0,0.0,0.0,0.0,0.0,0.0,0.0,0.0,0.0,0.0,0,-107875648.0,69,0.0,138,0.0,0.0,0,13107,17040,13107,17049,13107,17043,0,0,0,70,68,100,2.7302359370752657e+23,71.2,0.0,74.2,2.7302370179391762e+23,74.0,1,49,50,180,13107,52429,0,0,0.0,0.0,0.0,0.0,-0.0,67.0,0.0,162057.094,0.0,751,0,739,0,0,0,721,0,766,0,736,0,742,0,741,0,712,0,7520,0.032,96636764160.0,0.0,0.0,784,16797,-0.0,162057.094,-114818.039,-0.0,0.133,6.909358625270745e+28,30.0,65.0,35,0.0,0.0,0.0,0.0,0.0,0.0,0.0,0.0,0.0,0.0,0.0,0.0,0.0,0.0,0.0,0.0,69.2,0,150,71,55,65476,0,300,0,1,8,20529,65476,0,0,40632,65.0,0.0,0.0,0.0,0.0,0.0
2026-09-04T20:26:11,ERR,ERR,ERR,ERR,ERR,ERR,ERR,ERR,ERR,ERR,ERR,ERR,ERR,ERR,ERR,ERR,ERR,ERR,ERR,ERR,ERR,ERR,ERR,ERR,ERR,ERR,ERR,ERR,ERR,ERR,ERR,ERR,ERR,ERR,ERR,ERR,ERR,ERR,ERR,ERR,ERR,ERR,ERR,ERR,ERR,ERR,ERR,ERR,ERR,ERR,ERR,ERR,ERR,ERR,ERR,ERR,ERR,ERR,ERR,ERR,ERR,ERR,ERR,ERR,ERR,ERR,ERR,ERR,ERR,ERR,ERR,ERR,ERR,ERR,ERR,ERR,ERR,ERR,ERR,ERR,ERR,ERR,ERR,ERR,ERR,ERR,ERR,ERR,ERR,ERR,ERR,ERR,ERR,ERR,ERR,ERR,ERR,ERR,ERR,ERR,ERR,ERR,ERR,ERR,ERR,ERR,ERR,ERR,ERR,ERR,ERR,ERR,ERR,ERR,ERR,ERR,ERR,ERR,ERR,ERR,ERR,ERR,ERR,ERR,ERR,0.0,2.7184312818759872e+23,-100793952.0,0.0,0.0,1.3936040501711995e+18,7.805,0.0,0,0,4,0,7116,0.0,100,0.0,0.0,0.0,0.0,0.0,0,0,0,0,0.0,0,0,0,0,0,0,0,0,0,0,0,0,0,0,0,0,0,0,0,0,0,0,0,0,0,0,0,0,0,0,0,0,0,31,40,40,71,65476,0,300,0,0,8,21553,0.0,-107605600.0,0.0,0.0,0.0,0.0,0.0,0.0,0.0,0.0,0.0,0.0,0.0,0.0,0.0,0.0,0.0,0.0,0.0,0.0,0.0,0.0,-2.004,-0.0,-0.0,-2.004,0.0,0.0,0.0,0.0,6292.0,-2.004,6936.0,0.0,2.7184312818759872e+23,2.7184303811560617e+23,0.0,0.0,0.0,0.0,0.0,69,0.0,-152018136072192.0,0.0,0.0,0.0,0.0,0.0,0.0,0.0,0,0,0,0.0,0.0,0.0,0.0,0.0,0.0,0.0,0.0,0.0,0.0,0.0,0.0,0.0,0.0,0.0,0.0,0,-107875648.0,69,0.0,138,0.0,0.0,0,13107,17040,13107,17049,13107,17043,0,0,0,70,68,100,2.7302359370752657e+23,71.2,0.0,74.2,2.7302370179391762e+23,74.0,1,49,50,180,13107,52429,0,0,0.0,0.0,0.0,0.0,-0.0,67.0,0.0,162057.094,0.0,751,0,739,0,0,0,721,0,766,0,736,0,742,0,741,0,712,0,7520,0.032,96636764160.0,0.0,0.0,784,16797,-0.0,162057.094,-114818.039,-0.0,0.133,6.909358625270745e+28,30.0,65.0,35,0.0,0.0,0.0,0.0,0.0,0.0,0.0,0.0,0.0,0.0,0.0,0.0,0.0,0.0,0.0,0.0,69.2,0,150,71,55,65476,0,300,0,1,8,20529,65476,0,0,40632,65.0,0.0,0.0,0.0,0.0,0.0
2026-09-04T20:26:12,ERR,ERR,ERR,ERR,ERR,ERR,ERR,ERR,ERR,ERR,ERR,ERR,ERR,ERR,ERR,ERR,ERR,ERR,ERR,ERR,ERR,ERR,ERR,ERR,ERR,ERR,ERR,ERR,ERR,ERR,ERR,ERR,ERR,ERR,ERR,ERR,ERR,ERR,ERR,ERR,ERR,ERR,ERR,ERR,ERR,ERR,ERR,ERR,ERR,ERR,ERR,ERR,ERR,ERR,ERR,ERR,ERR,ERR,ERR,ERR,ERR,ERR,ERR,ERR,ERR,ERR,ERR,ERR,ERR,ERR,ERR,ERR,ERR,ERR,ERR,ERR,ERR,ERR,ERR,ERR,ERR,ERR,ERR,ERR,ERR,ERR,ERR,ERR,ERR,ERR,ERR,ERR,ERR,ERR,ERR,ERR,ERR,ERR,ERR,ERR,ERR,ERR,ERR,ERR,ERR,ERR,ERR,ERR,ERR,ERR,ERR,ERR,ERR,ERR,ERR,ERR,ERR,ERR,ERR,ERR,ERR,ERR,ERR,ERR,ERR,0.0,2.7184312818759872e+23,-100793952.0,0.0,0.0,1.3936040501711995e+18,7.805,0.0,0,0,4,0,7116,0.0,100,0.0,0.0,0.0,0.0,0.0,0,0,0,0,0.0,0,0,0,0,0,0,0,0,0,0,0,0,0,0,0,0,0,0,0,0,0,0,0,0,0,0,0,0,0,0,0,0,0,31,40,40,71,65476,0,300,0,0,8,21553,0.0,-107605600.0,0.0,0.0,0.0,0.0,0.0,0.0,0.0,0.0,0.0,0.0,0.0,0.0,0.0,0.0,0.0,0.0,0.0,0.0,0.0,0.0,-2.004,-0.0,-0.0,-2.004,0.0,0.0,0.0,0.0,6292.0,-2.004,6936.0,0.0,2.7184312818759872e+23,2.7184303811560617e+23,0.0,0.0,0.0,0.0,0.0,69,0.0,-152018136072192.0,0.0,0.0,0.0,0.0,0.0,0.0,0.0,0,0,0,0.0,0.0,0.0,0.0,0.0,0.0,0.0,0.0,0.0,0.0,0.0,0.0,0.0,0.0,0.0,0.0,0,-107875648.0,69,0.0,138,0.0,0.0,0,13107,17040,13107,17049,13107,17043,0,0,0,70,68,100,2.7302359370752657e+23,71.2,0.0,74.2,2.7302370179391762e+23,74.0,1,49,50,180,13107,52429,0,0,0.0,0.0,0.0,0.0,-0.0,67.0,0.0,162057.094,0.0,751,0,739,0,0,0,721,0,766,0,736,0,742,0,741,0,712,0,7520,0.032,96636764160.0,0.0,0.0,784,16797,-0.0,162057.094,-114818.039,-0.0,0.133,6.909358625270745e+28,30.0,65.0,35,0.0,0.0,0.0,0.0,0.0,0.0,0.0,0.0,0.0,0.0,0.0,0.0,0.0,0.0,0.0,0.0,69.2,0,150,71,55,65476,0,300,0,1,8,20529,65476,0,0,40632,65.0,0.0,0.0,0.0,0.0,0.0
2026-09-04T20:26:13,ERR,ERR,ERR,ERR,ERR,ERR,ERR,ERR,ERR,ERR,ERR,ERR,ERR,ERR,ERR,ERR,ERR,ERR,ERR,ERR,ERR,ERR,ERR,ERR,ERR,ERR,ERR,ERR,ERR,ERR,ERR,ERR,ERR,ERR,ERR,ERR,ERR,ERR,ERR,ERR,ERR,ERR,ERR,ERR,ERR,ERR,ERR,ERR,ERR,ERR,ERR,ERR,ERR,ERR,ERR,ERR,ERR,ERR,ERR,ERR,ERR,ERR,ERR,ERR,ERR,ERR,ERR,ERR,ERR,ERR,ERR,ERR,ERR,ERR,ERR,ERR,ERR,ERR,ERR,ERR,ERR,ERR,ERR,ERR,ERR,ERR,ERR,ERR,ERR,ERR,ERR,ERR,ERR,ERR,ERR,ERR,ERR,ERR,ERR,ERR,ERR,ERR,ERR,ERR,ERR,ERR,ERR,ERR,ERR,ERR,ERR,ERR,ERR,ERR,ERR,ERR,ERR,ERR,ERR,ERR,ERR,ERR,ERR,ERR,ERR,0.0,2.7184312818759872e+23,-100793952.0,0.0,0.0,1.3936040501711995e+18,7.805,0.0,0,0,4,0,7116,0.0,100,0.0,0.0,0.0,0.0,0.0,0,0,0,0,0.0,0,0,0,0,0,0,0,0,0,0,0,0,0,0,0,0,0,0,0,0,0,0,0,0,0,0,0,0,0,0,0,0,0,31,40,40,71,65476,0,300,0,0,8,21553,0.0,-107605600.0,0.0,0.0,0.0,0.0,0.0,0.0,0.0,0.0,0.0,0.0,0.0,0.0,0.0,0.0,0.0,0.0,0.0,0.0,0.0,0.0,-2.004,-2.004,-0.0,-2.004,0.0,0.0,0.0,0.0,6293.0,0.0,6918.0,0.0,2.7184312818759872e+23,2.7184303811560617e+23,0.0,0.0,0.0,0.0,0.0,69,0.059,0.0,0.0,0.0,0.0,0.0,0.0,0.0,0.0,0,0,0,0.0,0.0,0.0,0.0,0.0,0.0,0.0,0.0,0.0,0.0,0.0,0.0,0.0,0.0,0.0,0.0,0,-107875648.0,69,0.0,138,0.0,0.0,0,13107,17040,13107,17049,13107,17043,0,0,0,70,68,100,2.7302359370752657e+23,71.2,0.0,74.2,2.7302370179391762e+23,74.0,1,49,50,180,13107,52429,0,0,0.0,0.0,0.0,0.0,-0.0,67.0,0.0,162057.094,0.0,751,0,739,0,0,0,721,0,766,0,736,0,742,0,741,0,712,0,7520,0.032,96636764160.0,0.0,0.0,784,16797,-0.0,162057.094,-114818.039,-0.0,0.133,6.909358625270745e+28,30.0,65.0,35,0.0,0.0,0.0,0.0,0.0,0.0,0.0,0.0,0.0,0.0,0.0,0.0,0.0,0.0,0.0,0.0,69.2,0,150,71,55,65476,0,300,0,1,8,20529,65476,0,0,40632,65.0,0.0,0.0,0.0,0.0,0.0
2026-09-04T20:26:14,ERR,ERR,ERR,ERR,ERR,ERR,ERR,ERR,ERR,ERR,ERR,ERR,ERR,ERR,ERR,ERR,ERR,ERR,ERR,ERR,ERR,ERR,ERR,ERR,ERR,ERR,ERR,ERR,ERR,ERR,ERR,ERR,ERR,ERR,ERR,ERR,ERR,ERR,ERR,ERR,ERR,ERR,ERR,ERR,ERR,ERR,ERR,ERR,ERR,ERR,ERR,ERR,ERR,ERR,ERR,ERR,ERR,ERR,ERR,ERR,ERR,ERR,ERR,ERR,ERR,ERR,ERR,ERR,ERR,ERR,ERR,ERR,ERR,ERR,ERR,ERR,ERR,ERR,ERR,ERR,ERR,ERR,ERR,ERR,ERR,ERR,ERR,ERR,ERR,ERR,ERR,ERR,ERR,ERR,ERR,ERR,ERR,ERR,ERR,ERR,ERR,ERR,ERR,ERR,ERR,ERR,ERR,ERR,ERR,ERR,ERR,ERR,ERR,ERR,ERR,ERR,ERR,ERR,ERR,ERR,ERR,ERR,ERR,ERR,ERR,0.0,2.7184312818759872e+23,-100793952.0,0.0,0.0,1.3936040501711995e+18,7.805,0.0,0,0,4,0,7116,0.0,100,0.0,0.0,0.0,0.0,0.0,0,0,0,0,0.0,0,0,0,0,0,0,0,0,0,0,0,0,0,0,0,0,0,0,0,0,0,0,0,0,0,0,0,0,0,0,0,0,0,31,40,40,71,65476,0,300,0,0,8,21553,0.0,-107605600.0,0.0,0.0,0.0,0.0,0.0,0.0,0.0,0.0,0.0,0.0,0.0,0.0,0.0,0.0,0.0,0.0,0.0,0.0,0.0,0.0,-2.004,-2.004,-0.0,-2.004,0.0,0.0,0.0,0.0,6293.0,0.0,6918.0,0.0,2.7184312818759872e+23,2.7184303811560617e+23,0.0,0.0,0.0,0.0,0.0,69,0.059,0.0,0.0,0.0,0.0,0.0,0.0,0.0,0.0,0,0,0,0.0,0.0,0.0,0.0,0.0,0.0,0.0,0.0,0.0,0.0,0.0,0.0,0.0,0.0,0.0,0.0,0,-107875648.0,69,0.0,138,0.0,0.0,0,13107,17040,13107,17049,13107,17043,0,0,0,70,68,100,2.7302359370752657e+23,71.2,2.7302370179391762e+23,74.2,2.7302370179391762e+23,74.0,1,49,50,180,13107,52429,0,0,0.0,0.0,0.0,0.0,-0.0,67.0,0.0,162057.094,0.0,751,0,739,0,0,0,721,0,766,0,736,0,742,0,741,0,712,0,7520,0.032,78920024064.0,0.0,0.0,784,16797,-0.0,162057.094,-114818.039,-0.0,0.133,6.909358625270745e+28,30.0,65.0,35,0.0,0.0,0.0,0.0,0.0,0.0,0.0,0.0,0.0,0.0,0.0,0.0,0.0,0.0,0.0,0.0,69.2,0,150,71,55,65476,0,300,0,1,8,20529,65476,0,0,40632,65.0,0.0,0.0,0.0,0.0,0.0
2026-09-04T20:26:15,ERR,ERR,ERR,ERR,ERR,ERR,ERR,ERR,ERR,ERR,ERR,ERR,ERR,ERR,ERR,ERR,ERR,ERR,ERR,ERR,ERR,ERR,ERR,ERR,ERR,ERR,ERR,ERR,ERR,ERR,ERR,ERR,ERR,ERR,ERR,ERR,ERR,ERR,ERR,ERR,ERR,ERR,ERR,ERR,ERR,ERR,ERR,ERR,ERR,ERR,ERR,ERR,ERR,ERR,ERR,ERR,ERR,ERR,ERR,ERR,ERR,ERR,ERR,ERR,ERR,ERR,ERR,ERR,ERR,ERR,ERR,ERR,ERR,ERR,ERR,ERR,ERR,ERR,ERR,ERR,ERR,ERR,ERR,ERR,ERR,ERR,ERR,ERR,ERR,ERR,ERR,ERR,ERR,ERR,ERR,ERR,ERR,ERR,ERR,ERR,ERR,ERR,ERR,ERR,ERR,ERR,ERR,ERR,ERR,ERR,ERR,ERR,ERR,ERR,ERR,ERR,ERR,ERR,ERR,ERR,ERR,ERR,ERR,ERR,ERR,0.0,2.7184312818759872e+23,-100793952.0,0.0,0.0,1.3936040501711995e+18,7.805,0.0,0,0,4,0,7116,0.0,100,0.0,0.0,0.0,0.0,0.0,0,0,0,0,0.0,0,0,0,0,0,0,0,0,0,0,0,0,0,0,0,0,0,0,0,0,0,0,0,0,0,0,0,0,0,0,0,0,0,31,40,40,71,65476,0,300,0,0,8,21553,0.0,-107605600.0,0.0,0.0,0.0,0.0,0.0,0.0,0.0,0.0,0.0,0.0,0.0,0.0,0.0,0.0,0.0,0.0,0.0,0.0,0.0,0.0,-2.004,-2.004,-0.0,-2.004,0.0,0.0,0.0,0.0,6293.0,0.0,6918.0,0.0,2.7184312818759872e+23,2.7184303811560617e+23,0.0,0.0,0.0,0.0,0.0,69,0.059,0.0,0.0,0.0,0.0,0.0,0.0,0.0,0.0,0,0,0,0.0,0.0,0.0,0.0,0.0,0.0,0.0,0.0,0.0,0.0,0.0,0.0,0.0,0.0,0.0,0.0,0,-107875648.0,69,0.0,138,0.0,0.0,0,13107,17040,13107,17049,13107,17043,0,0,0,70,68,100,2.7302359370752657e+23,71.2,2.7302370179391762e+23,74.2,2.7302370179391762e+23,74.0,1,49,50,180,13107,52429,0,0,0.0,0.0,0.0,0.0,-0.0,67.0,0.0,162057.094,0.0,751,0,739,0,0,0,721,0,766,0,736,0,742,0,741,0,712,0,7520,0.032,78920024064.0,0.0,0.0,784,16797,-0.0,162057.094,-114818.039,-0.0,0.133,6.909358625270745e+28,30.0,65.0,35,0.0,0.0,0.0,0.0,0.0,0.0,0.0,0.0,0.0,0.0,0.0,0.0,0.0,0.0,0.0,0.0,69.2,0,150,71,55,65476,0,300,0,1,8,20529,65476,0,0,40632,65.0,0.0,0.0,0.0,0.0,0.0
2026-09-04T20:26:16,ERR,ERR,ERR,ERR,ERR,ERR,ERR,ERR,ERR,ERR,ERR,ERR,ERR,ERR,ERR,ERR,ERR,ERR,ERR,ERR,ERR,ERR,ERR,ERR,ERR,ERR,ERR,ERR,ERR,ERR,ERR,ERR,ERR,ERR,ERR,ERR,ERR,ERR,ERR,ERR,ERR,ERR,ERR,ERR,ERR,ERR,ERR,ERR,ERR,ERR,ERR,ERR,ERR,ERR,ERR,ERR,ERR,ERR,ERR,ERR,ERR,ERR,ERR,ERR,ERR,ERR,ERR,ERR,ERR,ERR,ERR,ERR,ERR,ERR,ERR,ERR,ERR,ERR,ERR,ERR,ERR,ERR,ERR,ERR,ERR,ERR,ERR,ERR,ERR,ERR,ERR,ERR,ERR,ERR,ERR,ERR,ERR,ERR,ERR,ERR,ERR,ERR,ERR,ERR,ERR,ERR,ERR,ERR,ERR,ERR,ERR,ERR,ERR,ERR,ERR,ERR,ERR,ERR,ERR,ERR,ERR,ERR,ERR,ERR,ERR,0.0,2.7184312818759872e+23,-100793952.0,0.0,0.0,1.3936040501711995e+18,7.805,0.0,0,0,4,0,7116,0.0,100,0.0,0.0,0.0,0.0,0.0,0,0,0,0,0.0,0,0,0,0,0,0,0,0,0,0,0,0,0,0,0,0,0,0,0,0,0,0,0,0,0,0,0,0,0,0,0,0,0,31,40,40,71,65476,0,300,0,0,8,21553,0.0,-107605600.0,0.0,0.0,0.0,0.0,0.0,0.0,0.0,0.0,0.0,0.0,0.0,0.0,0.0,0.0,0.0,0.0,0.0,0.0,0.0,0.0,-2.004,-2.004,-0.0,-2.004,0.0,0.0,0.0,0.0,6293.0,0.0,6918.0,0.0,2.7184312818759872e+23,2.7184303811560617e+23,0.0,0.0,0.0,0.0,0.0,69,0.059,0.0,0.0,0.0,0.0,0.0,0.0,0.0,0.0,0,0,0,0.0,0.0,0.0,0.0,0.0,0.0,0.0,0.0,0.0,0.0,0.0,0.0,0.0,0.0,0.0,0.0,0,-107875648.0,69,0.0,138,0.0,0.0,0,13107,17040,13107,17049,13107,17043,0,0,0,70,68,100,2.7302359370752657e+23,71.2,2.7302370179391762e+23,74.2,2.7302370179391762e+23,74.0,1,49,50,180,13107,52429,0,0,0.0,0.0,0.0,0.0,-0.0,67.0,0.0,162057.094,0.0,751,0,739,0,0,0,721,0,766,0,736,0,742,0,741,0,712,0,7520,0.032,78920024064.0,0.0,0.0,784,16797,-0.0,162057.094,-114818.039,-0.0,0.133,6.909358625270745e+28,30.0,65.0,35,0.0,0.0,0.0,0.0,0.0,0.0,0.0,0.0,0.0,0.0,0.0,0.0,0.0,0.0,0.0,0.0,69.2,0,150,71,55,65476,0,300,0,1,8,20529,65476,0,0,40632,65.0,0.0,0.0,0.0,0.0,0.0
2026-09-04T20:26:17,ERR,ERR,ERR,ERR,ERR,ERR,ERR,ERR,ERR,ERR,ERR,ERR,ERR,ERR,ERR,ERR,ERR,ERR,ERR,ERR,ERR,ERR,ERR,ERR,ERR,ERR,ERR,ERR,ERR,ERR,ERR,ERR,ERR,ERR,ERR,ERR,ERR,ERR,ERR,ERR,ERR,ERR,ERR,ERR,ERR,ERR,ERR,ERR,ERR,ERR,ERR,ERR,ERR,ERR,ERR,ERR,ERR,ERR,ERR,ERR,ERR,ERR,ERR,ERR,ERR,ERR,ERR,ERR,ERR,ERR,ERR,ERR,ERR,ERR,ERR,ERR,ERR,ERR,ERR,ERR,ERR,ERR,ERR,ERR,ERR,ERR,ERR,ERR,ERR,ERR,ERR,ERR,ERR,ERR,ERR,ERR,ERR,ERR,ERR,ERR,ERR,ERR,ERR,ERR,ERR,ERR,ERR,ERR,ERR,ERR,ERR,ERR,ERR,ERR,ERR,ERR,ERR,ERR,ERR,ERR,ERR,ERR,ERR,ERR,ERR,0.0,2.7184312818759872e+23,-100793952.0,0.0,0.0,1.3936040501711995e+18,7.805,0.0,0,0,4,0,7116,0.0,100,0.0,0.0,0.0,0.0,0.0,0,0,0,0,0.0,0,0,0,0,0,0,0,0,0,0,0,0,0,0,0,0,0,0,0,0,0,0,0,0,0,0,0,0,0,0,0,0,0,31,40,40,71,65476,0,300,0,0,8,21553,0.0,-107605600.0,0.0,0.0,0.0,0.0,0.0,0.0,0.0,0.0,0.0,0.0,0.0,0.0,0.0,0.0,0.0,0.0,0.0,0.0,0.0,0.0,-2.004,-2.004,-0.0,-2.004,0.0,0.0,0.0,0.0,6293.0,0.0,6918.0,0.0,2.7184312818759872e+23,2.7184303811560617e+23,0.0,0.0,0.0,0.0,0.0,69,0.059,0.0,0.0,0.0,0.0,0.0,0.0,0.0,0.0,0,0,0,0.0,0.0,0.0,0.0,0.0,0.0,0.0,0.0,0.0,0.0,0.0,0.0,0.0,0.0,0.0,0.0,0,-107875648.0,69,0.0,138,0.0,0.0,0,13107,17040,13107,17049,13107,17043,0,0,0,70,68,100,2.7302359370752657e+23,71.2,2.7302370179391762e+23,74.2,2.7302370179391762e+23,74.0,1,49,50,180,13107,52429,0,0,0.0,0.0,0.0,0.0,-0.0,67.0,0.0,162057.094,0.0,751,0,739,0,0,0,721,0,766,0,736,0,742,0,741,0,712,0,7520,0.032,78920024064.0,0.0,0.0,784,16797,-0.0,162057.094,-114818.039,-0.0,0.133,6.909358625270745e+28,30.0,65.0,35,0.0,0.0,0.0,0.0,0.0,0.0,0.0,0.0,0.0,0.0,0.0,0.0,0.0,0.0,0.0,0.0,69.2,0,150,71,55,65476,0,300,0,1,8,20529,65476,0,0,40632,65.0,0.0,0.0,0.0,0.0,0.0
2026-09-04T20:26:18,ERR,ERR,ERR,ERR,ERR,ERR,ERR,ERR,ERR,ERR,ERR,ERR,ERR,ERR,ERR,ERR,ERR,ERR,ERR,ERR,ERR,ERR,ERR,ERR,ERR,ERR,ERR,ERR,ERR,ERR,ERR,ERR,ERR,ERR,ERR,ERR,ERR,ERR,ERR,ERR,ERR,ERR,ERR,ERR,ERR,ERR,ERR,ERR,ERR,ERR,ERR,ERR,ERR,ERR,ERR,ERR,ERR,ERR,ERR,ERR,ERR,ERR,ERR,ERR,ERR,ERR,ERR,ERR,ERR,ERR,ERR,ERR,ERR,ERR,ERR,ERR,ERR,ERR,ERR,ERR,ERR,ERR,ERR,ERR,ERR,ERR,ERR,ERR,ERR,ERR,ERR,ERR,ERR,ERR,ERR,ERR,ERR,ERR,ERR,ERR,ERR,ERR,ERR,ERR,ERR,ERR,ERR,ERR,ERR,ERR,ERR,ERR,ERR,ERR,ERR,ERR,ERR,ERR,ERR,ERR,ERR,ERR,ERR,ERR,ERR,0.0,2.7184312818759872e+23,-100793952.0,0.0,0.0,1.3936040501711995e+18,7.805,0.0,0,0,4,0,7116,0.0,100,0.0,0.0,0.0,0.0,0.0,0,0,0,0,0.0,0,0,0,0,0,0,0,0,0,0,0,0,0,0,0,0,0,0,0,0,0,0,0,0,0,0,0,0,0,0,0,0,0,31,40,40,71,65476,0,300,0,0,8,21553,0.0,-107605600.0,0.0,0.0,0.0,0.0,0.0,0.0,0.0,0.0,0.0,0.0,0.0,0.0,0.0,0.0,0.0,0.0,0.0,0.0,0.0,0.0,-2.004,-2.004,-0.0,-2.004,0.0,0.0,0.0,0.0,6293.0,0.0,6918.0,0.0,2.7184312818759872e+23,2.7184303811560617e+23,0.0,0.0,0.0,0.0,0.0,69,0.059,0.0,0.0,0.0,0.0,0.0,0.0,0.0,0.0,0,0,0,0.0,0.0,0.0,0.0,0.0,0.0,0.0,0.0,0.0,0.0,0.0,0.0,0.0,0.0,0.0,0.0,0,-107875648.0,69,0.0,138,0.0,0.0,0,13107,17040,13107,17049,13107,17043,0,0,0,70,68,100,2.7302359370752657e+23,71.2,2.7302370179391762e+23,74.2,2.7302370179391762e+23,74.0,1,49,50,180,13107,52429,0,0,0.0,0.0,0.0,0.0,-0.0,67.0,0.0,162057.094,0.0,751,0,739,0,0,0,721,0,766,0,736,0,742,0,741,0,712,0,7520,0.032,78920024064.0,0.0,0.0,784,16797,-0.0,162057.094,-114818.039,-0.0,0.133,6.909358625270745e+28,30.0,65.0,35,0.0,0.0,0.0,0.0,0.0,0.0,0.0,0.0,0.0,0.0,0.0,0.0,0.0,0.0,0.0,0.0,69.2,0,150,71,55,65476,0,300,0,1,8,20529,65476,0,0,40632,65.0,0.0,0.0,0.0,0.0,0.0
2026-09-04T20:26:19,ERR,ERR,ERR,ERR,ERR,ERR,ERR,ERR,ERR,ERR,ERR,ERR,ERR,ERR,ERR,ERR,ERR,ERR,ERR,ERR,ERR,ERR,ERR,ERR,ERR,ERR,ERR,ERR,ERR,ERR,ERR,ERR,ERR,ERR,ERR,ERR,ERR,ERR,ERR,ERR,ERR,ERR,ERR,ERR,ERR,ERR,ERR,ERR,ERR,ERR,ERR,ERR,ERR,ERR,ERR,ERR,ERR,ERR,ERR,ERR,ERR,ERR,ERR,ERR,ERR,ERR,ERR,ERR,ERR,ERR,ERR,ERR,ERR,ERR,ERR,ERR,ERR,ERR,ERR,ERR,ERR,ERR,ERR,ERR,ERR,ERR,ERR,ERR,ERR,ERR,ERR,ERR,ERR,ERR,ERR,ERR,ERR,ERR,ERR,ERR,ERR,ERR,ERR,ERR,ERR,ERR,ERR,ERR,ERR,ERR,ERR,ERR,ERR,ERR,ERR,ERR,ERR,ERR,ERR,ERR,ERR,ERR,ERR,ERR,ERR,0.0,2.7184312818759872e+23,-100793952.0,0.0,0.0,1.3936040501711995e+18,7.805,0.0,0,0,4,0,7116,0.0,100,0.0,0.0,0.0,0.0,0.0,0,0,0,0,0.0,0,0,0,0,0,0,0,0,0,0,0,0,0,0,0,0,0,0,0,0,0,0,0,0,0,0,0,0,0,0,0,0,0,31,40,40,71,65476,0,300,0,0,8,21553,0.0,-107605600.0,0.0,0.0,0.0,0.0,0.0,0.0,0.0,0.0,0.0,0.0,0.0,0.0,0.0,0.0,0.0,0.0,0.0,0.0,0.0,0.0,-2.004,-2.004,-0.0,-2.004,0.0,0.0,0.0,0.0,6293.0,0.0,6918.0,0.0,2.7184312818759872e+23,2.7184303811560617e+23,0.0,0.0,0.0,0.0,0.0,69,0.059,0.0,0.0,0.0,0.0,0.0,0.0,0.0,0.0,0,0,0,0.0,0.0,0.0,0.0,0.0,0.0,0.0,0.0,0.0,0.0,0.0,0.0,0.0,0.0,0.0,0.0,0,-107875648.0,69,0.0,138,0.0,0.0,0,13107,17040,13107,17049,13107,17043,0,0,0,70,68,100,2.7302359370752657e+23,71.2,2.7302370179391762e+23,74.2,2.7302370179391762e+23,74.0,1,49,50,180,13107,52429,0,0,0.0,0.0,0.0,0.0,-0.0,67.0,0.0,162057.094,0.0,751,0,739,0,0,0,721,0,766,0,736,0,742,0,742,0,712,0,7520,0.032,79993765888.0,0.0,0.0,784,16797,-0.0,162057.094,-114818.039,-0.0,0.133,6.909358625270745e+28,30.0,65.0,35,0.0,0.0,0.0,0.0,0.0,0.0,0.0,0.0,0.0,0.0,0.0,0.0,0.0,0.0,0.0,0.0,69.2,0,150,71,55,65476,0,300,0,1,8,20529,65476,0,0,40632,65.0,0.0,0.0,0.0,0.0,0.0
2026-09-04T20:26:20,ERR,ERR,ERR,ERR,ERR,ERR,ERR,ERR,ERR,ERR,ERR,ERR,ERR,ERR,ERR,ERR,ERR,ERR,ERR,ERR,ERR,ERR,ERR,ERR,ERR,ERR,ERR,ERR,ERR,ERR,ERR,ERR,ERR,ERR,ERR,ERR,ERR,ERR,ERR,ERR,ERR,ERR,ERR,ERR,ERR,ERR,ERR,ERR,ERR,ERR,ERR,ERR,ERR,ERR,ERR,ERR,ERR,ERR,ERR,ERR,ERR,ERR,ERR,ERR,ERR,ERR,ERR,ERR,ERR,ERR,ERR,ERR,ERR,ERR,ERR,ERR,ERR,ERR,ERR,ERR,ERR,ERR,ERR,ERR,ERR,ERR,ERR,ERR,ERR,ERR,ERR,ERR,ERR,ERR,ERR,ERR,ERR,ERR,ERR,ERR,ERR,ERR,ERR,ERR,ERR,ERR,ERR,ERR,ERR,ERR,ERR,ERR,ERR,ERR,ERR,ERR,ERR,ERR,ERR,ERR,ERR,ERR,ERR,ERR,ERR,0.0,2.7184312818759872e+23,-100793952.0,0.0,0.0,1.3936040501711995e+18,7.805,0.0,0,0,4,0,7116,0.0,100,0.0,0.0,0.0,0.0,0.0,0,0,0,0,0.0,0,0,0,0,0,0,0,0,0,0,0,0,0,0,0,0,0,0,0,0,0,0,0,0,0,0,0,0,0,0,0,0,0,31,40,40,71,65476,0,300,0,0,8,21553,0.0,-107605600.0,0.0,0.0,0.0,0.0,0.0,0.0,0.0,0.0,0.0,0.0,0.0,0.0,0.0,0.0,0.0,0.0,0.0,0.0,0.0,0.0,-2.004,-2.004,-2.004,-2.004,0.0,0.0,0.0,0.0,6264.0,-131351.047,6937.0,0.0,2.7184312818759872e+23,-0.0,0.0,0.0,0.0,0.0,0.0,69,89221.172,-0.0,0.0,0.0,0.0,0.0,0.0,0.0,0.0,0,0,0,0.0,0.0,0.0,0.0,0.0,0.0,0.0,0.0,0.0,0.0,0.0,0.0,0.0,0.0,0.0,0.0,0,-107875648.0,69,0.0,138,0.0,0.0,0,13107,17040,13107,17049,13107,17043,0,0,0,70,68,100,2.7302359370752657e+23,71.2,2.7302370179391762e+23,74.2,2.7302370179391762e+23,74.0,1,49,50,180,13107,52429,0,0,0.0,0.0,0.0,0.0,-0.0,67.0,0.0,162057.094,0.0,751,0,739,0,0,0,721,0,766,0,736,0,742,0,742,0,712,0,7520,0.032,79993765888.0,0.0,0.0,784,16797,-0.0,162057.094,-114818.039,-0.0,0.133,6.909358625270745e+28,30.0,65.0,35,0.0,0.0,0.0,0.0,0.0,0.0,0.0,0.0,0.0,0.0,0.0,0.0,0.0,0.0,0.0,0.0,69.2,0,150,71,55,65476,0,300,0,1,8,20529,65476,0,0,40632,65.0,0.0,0.0,0.0,0.0,0.0
2026-09-04T20:26:21,ERR,ERR,ERR,ERR,ERR,ERR,ERR,ERR,ERR,ERR,ERR,ERR,ERR,ERR,ERR,ERR,ERR,ERR,ERR,ERR,ERR,ERR,ERR,ERR,ERR,ERR,ERR,ERR,ERR,ERR,ERR,ERR,ERR,ERR,ERR,ERR,ERR,ERR,ERR,ERR,ERR,ERR,ERR,ERR,ERR,ERR,ERR,ERR,ERR,ERR,ERR,ERR,ERR,ERR,ERR,ERR,ERR,ERR,ERR,ERR,ERR,ERR,ERR,ERR,ERR,ERR,ERR,ERR,ERR,ERR,ERR,ERR,ERR,ERR,ERR,ERR,ERR,ERR,ERR,ERR,ERR,ERR,ERR,ERR,ERR,ERR,ERR,ERR,ERR,ERR,ERR,ERR,ERR,ERR,ERR,ERR,ERR,ERR,ERR,ERR,ERR,ERR,ERR,ERR,ERR,ERR,ERR,ERR,ERR,ERR,ERR,ERR,ERR,ERR,ERR,ERR,ERR,ERR,ERR,ERR,ERR,ERR,ERR,ERR,ERR,0.0,2.7184312818759872e+23,-100793952.0,0.0,0.0,1.3936040501711995e+18,7.805,0.0,0,0,4,0,7116,0.0,100,0.0,0.0,0.0,0.0,0.0,0,0,0,0,0.0,0,0,0,0,0,0,0,0,0,0,0,0,0,0,0,0,0,0,0,0,0,0,0,0,0,0,0,0,0,0,0,0,0,31,40,40,71,65476,0,300,0,0,8,21553,0.0,-107605600.0,0.0,0.0,0.0,0.0,0.0,0.0,0.0,0.0,0.0,0.0,0.0,0.0,0.0,0.0,0.0,0.0,0.0,0.0,0.0,0.0,-2.004,-2.004,-2.004,-2.004,0.0,0.0,0.0,0.0,6264.0,-131351.047,6937.0,0.0,2.7184312818759872e+23,-0.0,0.0,0.0,0.0,0.0,0.0,69,89221.172,-0.0,0.0,0.0,0.0,0.0,0.0,0.0,0.0,0,0,0,0.0,0.0,0.0,0.0,0.0,0.0,0.0,0.0,0.0,0.0,0.0,0.0,0.0,0.0,0.0,0.0,0,-107875648.0,69,0.0,138,0.0,0.0,0,13107,17040,13107,17049,13107,17043,0,0,0,70,68,100,2.7302359370752657e+23,71.2,2.7302370179391762e+23,74.2,2.7302370179391762e+23,74.0,1,49,50,180,13107,52429,0,0,0.0,0.0,0.0,0.0,-0.0,67.0,0.0,162057.094,0.0,751,0,739,0,0,0,721,0,766,0,736,0,742,0,742,0,712,0,7520,0.032,79993765888.0,0.0,0.0,784,16797,-0.0,162057.094,-114818.039,-0.0,0.133,6.909358625270745e+28,30.0,65.0,35,0.0,0.0,0.0,0.0,0.0,0.0,0.0,0.0,0.0,0.0,0.0,0.0,0.0,0.0,0.0,0.0,69.2,0,150,71,55,65476,0,300,0,1,8,20529,65476,0,0,40632,65.0,0.0,0.0,0.0,0.0,0.0
2026-09-04T20:26:22,ERR,ERR,ERR,ERR,ERR,ERR,ERR,ERR,ERR,ERR,ERR,ERR,ERR,ERR,ERR,ERR,ERR,ERR,ERR,ERR,ERR,ERR,ERR,ERR,ERR,ERR,ERR,ERR,ERR,ERR,ERR,ERR,ERR,ERR,ERR,ERR,ERR,ERR,ERR,ERR,ERR,ERR,ERR,ERR,ERR,ERR,ERR,ERR,ERR,ERR,ERR,ERR,ERR,ERR,ERR,ERR,ERR,ERR,ERR,ERR,ERR,ERR,ERR,ERR,ERR,ERR,ERR,ERR,ERR,ERR,ERR,ERR,ERR,ERR,ERR,ERR,ERR,ERR,ERR,ERR,ERR,ERR,ERR,ERR,ERR,ERR,ERR,ERR,ERR,ERR,ERR,ERR,ERR,ERR,ERR,ERR,ERR,ERR,ERR,ERR,ERR,ERR,ERR,ERR,ERR,ERR,ERR,ERR,ERR,ERR,ERR,ERR,ERR,ERR,ERR,ERR,ERR,ERR,ERR,ERR,ERR,ERR,ERR,ERR,ERR,0.0,2.7184312818759872e+23,-100793952.0,0.0,0.0,1.3936040501711995e+18,7.805,0.0,0,0,4,0,7116,0.0,100,0.0,0.0,0.0,0.0,0.0,0,0,0,0,0.0,0,0,0,0,0,0,0,0,0,0,0,0,0,0,0,0,0,0,0,0,0,0,0,0,0,0,0,0,0,0,0,0,0,31,40,40,71,65476,0,300,0,0,8,21553,0.0,-107605600.0,0.0,0.0,0.0,0.0,0.0,0.0,0.0,0.0,0.0,0.0,0.0,0.0,0.0,0.0,0.0,0.0,0.0,0.0,0.0,0.0,-2.004,-2.004,-2.004,-2.004,0.0,0.0,0.0,0.0,6264.0,-131351.047,6937.0,0.0,2.7184312818759872e+23,-0.0,0.0,0.0,0.0,0.0,0.0,69,89221.172,-0.0,0.0,0.0,0.0,0.0,0.0,0.0,0.0,0,0,0,0.0,0.0,0.0,0.0,0.0,0.0,0.0,0.0,0.0,0.0,0.0,0.0,0.0,0.0,0.0,0.0,0,-107875648.0,69,0.0,138,0.0,0.0,0,13107,17040,13107,17049,13107,17043,0,0,0,70,68,100,2.7302359370752657e+23,71.2,2.7302370179391762e+23,74.2,2.7302370179391762e+23,74.0,1,49,50,180,13107,52429,0,0,0.0,0.0,0.0,0.0,-0.0,67.0,0.0,162057.094,0.0,751,0,739,0,0,0,721,0,766,0,736,0,742,0,742,0,712,0,7520,0.032,79993765888.0,0.0,0.0,784,16797,-0.0,162057.094,-114818.039,-0.0,0.133,6.909358625270745e+28,30.0,65.0,35,0.0,0.0,0.0,0.0,0.0,0.0,0.0,0.0,0.0,0.0,0.0,0.0,0.0,0.0,0.0,0.0,69.6,0,150,71,55,65476,0,300,0,1,8,20529,65476,0,0,40632,65.0,0.0,0.0,0.0,0.0,0.0
2026-09-04T20:26:23,ERR,ERR,ERR,ERR,ERR,ERR,ERR,ERR,ERR,ERR,ERR,ERR,ERR,ERR,ERR,ERR,ERR,ERR,ERR,ERR,ERR,ERR,ERR,ERR,ERR,ERR,ERR,ERR,ERR,ERR,ERR,ERR,ERR,ERR,ERR,ERR,ERR,ERR,ERR,ERR,ERR,ERR,ERR,ERR,ERR,ERR,ERR,ERR,ERR,ERR,ERR,ERR,ERR,ERR,ERR,ERR,ERR,ERR,ERR,ERR,ERR,ERR,ERR,ERR,ERR,ERR,ERR,ERR,ERR,ERR,ERR,ERR,ERR,ERR,ERR,ERR,ERR,ERR,ERR,ERR,ERR,ERR,ERR,ERR,ERR,ERR,ERR,ERR,ERR,ERR,ERR,ERR,ERR,ERR,ERR,ERR,ERR,ERR,ERR,ERR,ERR,ERR,ERR,ERR,ERR,ERR,ERR,ERR,ERR,ERR,ERR,ERR,ERR,ERR,ERR,ERR,ERR,ERR,ERR,ERR,ERR,ERR,ERR,ERR,ERR,0.0,2.7184312818759872e+23,-100793952.0,0.0,0.0,1.3936040501711995e+18,7.805,0.0,0,0,4,0,7116,0.0,100,0.0,0.0,0.0,0.0,0.0,0,0,0,0,0.0,0,0,0,0,0,0,0,0,0,0,0,0,0,0,0,0,0,0,0,0,0,0,0,0,0,0,0,0,0,0,0,0,0,31,40,40,71,65476,0,300,0,0,8,21553,0.0,-107605600.0,0.0,0.0,0.0,0.0,0.0,0.0,0.0,0.0,0.0,0.0,0.0,0.0,0.0,0.0,0.0,0.0,0.0,0.0,0.0,0.0,-2.004,-2.004,-2.004,-2.004,0.0,0.0,0.0,0.0,6264.0,-131351.047,6937.0,0.0,2.7184312818759872e+23,-0.0,0.0,0.0,0.0,0.0,0.0,69,89221.172,-0.0,0.0,0.0,0.0,0.0,0.0,0.0,0.0,0,0,0,0.0,0.0,0.0,0.0,0.0,0.0,0.0,0.0,0.0,0.0,0.0,0.0,0.0,0.0,0.0,0.0,0,-107875648.0,69,0.0,138,0.0,0.0,0,13107,17040,13107,17049,13107,17043,0,0,0,70,68,100,2.7302359370752657e+23,71.2,2.7302370179391762e+23,74.2,2.7302370179391762e+23,74.0,1,49,50,180,13107,52429,0,0,0.0,0.0,0.0,0.0,-0.0,67.0,0.0,162057.094,0.0,751,0,739,0,0,0,721,0,766,0,736,0,742,0,742,0,712,0,7520,0.032,79993765888.0,0.0,0.0,784,16797,-0.0,162057.094,-114818.039,-0.0,0.133,6.909358625270745e+28,30.0,65.0,35,0.0,0.0,0.0,0.0,0.0,0.0,0.0,0.0,0.0,0.0,0.0,0.0,0.0,0.0,0.0,0.0,69.6,0,150,71,55,65476,0,300,0,1,8,20529,65476,0,0,40632,65.0,0.0,0.0,0.0,0.0,0.0
2026-09-04T20:26:24,ERR,ERR,ERR,ERR,ERR,ERR,ERR,ERR,ERR,ERR,ERR,ERR,ERR,ERR,ERR,ERR,ERR,ERR,ERR,ERR,ERR,ERR,ERR,ERR,ERR,ERR,ERR,ERR,ERR,ERR,ERR,ERR,ERR,ERR,ERR,ERR,ERR,ERR,ERR,ERR,ERR,ERR,ERR,ERR,ERR,ERR,ERR,ERR,ERR,ERR,ERR,ERR,ERR,ERR,ERR,ERR,ERR,ERR,ERR,ERR,ERR,ERR,ERR,ERR,ERR,ERR,ERR,ERR,ERR,ERR,ERR,ERR,ERR,ERR,ERR,ERR,ERR,ERR,ERR,ERR,ERR,ERR,ERR,ERR,ERR,ERR,ERR,ERR,ERR,ERR,ERR,ERR,ERR,ERR,ERR,ERR,ERR,ERR,ERR,ERR,ERR,ERR,ERR,ERR,ERR,ERR,ERR,ERR,ERR,ERR,ERR,ERR,ERR,ERR,ERR,ERR,ERR,ERR,ERR,ERR,ERR,ERR,ERR,ERR,ERR,0.0,2.7184312818759872e+23,-100793952.0,0.0,0.0,1.3936040501711995e+18,7.805,0.0,0,0,4,0,7116,0.0,100,0.0,0.0,0.0,0.0,0.0,0,0,0,0,0.0,0,0,0,0,0,0,0,0,0,0,0,0,0,0,0,0,0,0,0,0,0,0,0,0,0,0,0,0,0,0,0,0,0,31,40,40,71,65476,0,300,0,0,8,21553,0.0,-107605600.0,0.0,0.0,0.0,0.0,0.0,0.0,0.0,0.0,0.0,0.0,0.0,0.0,0.0,0.0,0.0,0.0,0.0,0.0,0.0,0.0,-2.004,-2.004,-2.004,-2.004,0.0,0.0,0.0,0.0,6264.0,-131351.047,6937.0,0.0,2.7184312818759872e+23,-0.0,0.0,0.0,0.0,0.0,0.0,69,89221.172,-0.0,0.0,0.0,0.0,0.0,0.0,0.0,0.0,0,0,0,0.0,0.0,0.0,0.0,0.0,0.0,0.0,0.0,0.0,0.0,0.0,0.0,0.0,0.0,0.0,0.0,0,-107875648.0,69,0.0,138,0.0,0.0,0,13107,17040,13107,17049,13107,17043,0,0,0,70,68,100,2.7302359370752657e+23,71.2,2.7302370179391762e+23,74.2,2.7302370179391762e+23,74.0,1,49,50,180,13107,52429,0,0,0.0,0.0,0.0,0.0,-0.0,67.0,0.0,162057.094,0.0,751,0,739,0,0,0,721,0,766,0,736,0,742,0,742,0,712,0,7520,0.032,79993765888.0,0.0,0.0,784,16797,-0.0,162057.094,-114818.039,-0.0,0.133,6.909358625270745e+28,30.0,65.0,35,0.0,0.0,0.0,0.0,0.0,0.0,0.0,0.0,0.0,0.0,0.0,0.0,0.0,0.0,0.0,0.0,69.6,0,150,71,55,65476,0,300,0,1,8,20529,65476,0,0,40632,65.0,0.0,0.0,0.0,0.0,0.0
2026-09-04T20:26:25,ERR,ERR,ERR,ERR,ERR,ERR,ERR,ERR,ERR,ERR,ERR,ERR,ERR,ERR,ERR,ERR,ERR,ERR,ERR,ERR,ERR,ERR,ERR,ERR,ERR,ERR,ERR,ERR,ERR,ERR,ERR,ERR,ERR,ERR,ERR,ERR,ERR,ERR,ERR,ERR,ERR,ERR,ERR,ERR,ERR,ERR,ERR,ERR,ERR,ERR,ERR,ERR,ERR,ERR,ERR,ERR,ERR,ERR,ERR,ERR,ERR,ERR,ERR,ERR,ERR,ERR,ERR,ERR,ERR,ERR,ERR,ERR,ERR,ERR,ERR,ERR,ERR,ERR,ERR,ERR,ERR,ERR,ERR,ERR,ERR,ERR,ERR,ERR,ERR,ERR,ERR,ERR,ERR,ERR,ERR,ERR,ERR,ERR,ERR,ERR,ERR,ERR,ERR,ERR,ERR,ERR,ERR,ERR,ERR,ERR,ERR,ERR,ERR,ERR,ERR,ERR,ERR,ERR,ERR,ERR,ERR,ERR,ERR,ERR,ERR,0.0,2.7184312818759872e+23,-100793952.0,0.0,0.0,1.3936040501711995e+18,7.805,0.0,0,0,4,0,7116,0.0,100,0.0,0.0,0.0,0.0,0.0,0,0,0,0,0.0,0,0,0,0,0,0,0,0,0,0,0,0,0,0,0,0,0,0,0,0,0,0,0,0,0,0,0,0,0,0,0,0,0,31,40,40,71,65476,0,300,0,0,8,21553,0.0,-107605600.0,0.0,0.0,0.0,0.0,0.0,0.0,0.0,0.0,0.0,0.0,0.0,0.0,0.0,0.0,0.0,0.0,0.0,0.0,0.0,0.0,-2.004,-2.004,-2.004,-2.004,0.0,0.0,0.0,0.0,6264.0,-131351.047,6937.0,0.0,2.7184312818759872e+23,-0.0,0.0,0.0,0.0,0.0,0.0,69,89221.172,-0.0,0.0,0.0,0.0,0.0,0.0,0.0,0.0,0,0,0,0.0,0.0,0.0,0.0,0.0,0.0,0.0,0.0,0.0,0.0,0.0,0.0,0.0,0.0,0.0,0.0,0,-107875648.0,69,0.0,138,0.0,0.0,0,13107,17040,13107,17049,13107,17043,0,0,0,70,68,100,2.7302359370752657e+23,71.2,2.7302370179391762e+23,74.2,2.7302370179391762e+23,74.0,1,49,50,180,13107,52429,0,0,0.0,0.0,0.0,0.0,-0.0,67.0,0.0,162057.094,0.0,751,0,739,0,0,0,721,0,766,0,736,0,742,0,741,0,712,0,7520,0.032,79456894976.0,0.0,0.0,784,16797,-0.0,162057.094,-114818.039,-0.0,0.133,6.909358625270745e+28,30.0,65.0,35,0.0,0.0,0.0,0.0,0.0,0.0,0.0,0.0,0.0,0.0,0.0,0.0,0.0,0.0,0.0,0.0,69.2,0,150,71,55,65476,0,300,0,1,8,20529,65476,0,0,40632,65.0,0.0,0.0,0.0,0.0,0.0
2026-09-04T20:26:26,ERR,ERR,ERR,ERR,ERR,ERR,ERR,ERR,ERR,ERR,ERR,ERR,ERR,ERR,ERR,ERR,ERR,ERR,ERR,ERR,ERR,ERR,ERR,ERR,ERR,ERR,ERR,ERR,ERR,ERR,ERR,ERR,ERR,ERR,ERR,ERR,ERR,ERR,ERR,ERR,ERR,ERR,ERR,ERR,ERR,ERR,ERR,ERR,ERR,ERR,ERR,ERR,ERR,ERR,ERR,ERR,ERR,ERR,ERR,ERR,ERR,ERR,ERR,ERR,ERR,ERR,ERR,ERR,ERR,ERR,ERR,ERR,ERR,ERR,ERR,ERR,ERR,ERR,ERR,ERR,ERR,ERR,ERR,ERR,ERR,ERR,ERR,ERR,ERR,ERR,ERR,ERR,ERR,ERR,ERR,ERR,ERR,ERR,ERR,ERR,ERR,ERR,ERR,ERR,ERR,ERR,ERR,ERR,ERR,ERR,ERR,ERR,ERR,ERR,ERR,ERR,ERR,ERR,ERR,ERR,ERR,ERR,ERR,ERR,ERR,0.0,2.7184312818759872e+23,-100793952.0,0.0,0.0,1.3936040501711995e+18,7.805,0.0,0,0,4,0,7116,0.0,100,0.0,0.0,0.0,0.0,0.0,0,0,0,0,0.0,0,0,0,0,0,0,0,0,0,0,0,0,0,0,0,0,0,0,0,0,0,0,0,0,0,0,0,0,0,0,0,0,0,31,40,40,71,65476,0,300,0,0,8,21553,0.0,-107605600.0,0.0,0.0,0.0,0.0,0.0,0.0,0.0,0.0,0.0,0.0,0.0,0.0,0.0,0.0,0.0,0.0,0.0,0.0,0.0,0.0,-2.004,-2.004,-2.004,-2.004,0.0,0.0,0.0,0.0,6264.0,-131351.047,6937.0,0.0,2.7184312818759872e+23,-0.0,0.0,0.0,0.0,0.0,0.0,69,89221.172,-0.0,0.0,0.0,0.0,0.0,0.0,0.0,0.0,0,0,0,0.0,0.0,0.0,0.0,0.0,0.0,0.0,0.0,0.0,0.0,0.0,0.0,0.0,0.0,0.0,0.0,0,-107875648.0,69,0.0,138,0.0,0.0,0,13107,17040,13107,17049,13107,17043,0,0,0,70,68,100,2.7302359370752657e+23,71.2,2.7302370179391762e+23,74.2,2.7302370179391762e+23,74.0,1,49,50,180,13107,52429,0,0,0.0,0.0,0.0,0.0,-0.0,67.0,0.0,162057.094,0.0,751,0,739,0,0,0,721,0,766,0,736,0,742,0,741,0,712,0,7520,0.032,79456894976.0,0.0,0.0,784,16797,-0.0,162057.094,-114818.039,-0.0,0.133,6.909358625270745e+28,30.0,65.0,35,0.0,0.0,0.0,0.0,0.0,0.0,0.0,0.0,0.0,0.0,0.0,0.0,0.0,0.0,0.0,0.0,69.2,0,150,71,55,65476,0,300,0,1,8,20529,65476,0,0,40632,65.0,0.0,0.0,0.0,0.0,0.0
2026-09-04T20:26:27,ERR,ERR,ERR,ERR,ERR,ERR,ERR,ERR,ERR,ERR,ERR,ERR,ERR,ERR,ERR,ERR,ERR,ERR,ERR,ERR,ERR,ERR,ERR,ERR,ERR,ERR,ERR,ERR,ERR,ERR,ERR,ERR,ERR,ERR,ERR,ERR,ERR,ERR,ERR,ERR,ERR,ERR,ERR,ERR,ERR,ERR,ERR,ERR,ERR,ERR,ERR,ERR,ERR,ERR,ERR,ERR,ERR,ERR,ERR,ERR,ERR,ERR,ERR,ERR,ERR,ERR,ERR,ERR,ERR,ERR,ERR,ERR,ERR,ERR,ERR,ERR,ERR,ERR,ERR,ERR,ERR,ERR,ERR,ERR,ERR,ERR,ERR,ERR,ERR,ERR,ERR,ERR,ERR,ERR,ERR,ERR,ERR,ERR,ERR,ERR,ERR,ERR,ERR,ERR,ERR,ERR,ERR,ERR,ERR,ERR,ERR,ERR,ERR,ERR,ERR,ERR,ERR,ERR,ERR,ERR,ERR,ERR,ERR,ERR,ERR,0.0,2.7184312818759872e+23,-100793952.0,0.0,0.0,1.3936040501711995e+18,7.805,0.0,0,0,4,0,7116,0.0,100,0.0,0.0,0.0,0.0,0.0,0,0,0,0,0.0,0,0,0,0,0,0,0,0,0,0,0,0,0,0,0,0,0,0,0,0,0,0,0,0,0,0,0,0,0,0,0,0,0,31,40,40,71,65476,0,300,0,0,8,21553,0.0,-107605600.0,0.0,0.0,0.0,0.0,0.0,0.0,0.0,0.0,0.0,0.0,0.0,0.0,0.0,0.0,0.0,0.0,0.0,0.0,0.0,0.0,-2.004,-2.004,-2.004,-2.004,0.0,0.0,0.0,0.0,6264.0,-131351.047,6937.0,0.0,2.7184312818759872e+23,-0.0,0.0,0.0,0.0,0.0,0.0,69,89221.172,-0.0,0.0,0.0,0.0,0.0,0.0,0.0,0.0,0,0,0,0.0,0.0,0.0,0.0,0.0,0.0,0.0,0.0,0.0,0.0,0.0,0.0,0.0,0.0,0.0,0.0,0,-107875648.0,69,0.0,138,0.0,0.0,0,13107,17040,13107,17049,13107,17043,0,0,0,70,68,100,2.7302359370752657e+23,71.2,2.7302370179391762e+23,74.2,2.7302370179391762e+23,74.0,1,49,50,180,13107,52429,0,0,0.0,0.0,0.0,0.0,-0.0,67.0,0.0,162057.094,0.0,751,0,739,0,0,0,721,0,766,0,736,0,742,0,741,0,712,0,7520,0.032,79456894976.0,0.0,0.0,784,16797,-0.0,162057.094,-114818.039,-0.0,0.133,6.909358625270745e+28,30.0,65.0,35,0.0,0.0,0.0,0.0,0.0,0.0,0.0,0.0,0.0,0.0,0.0,0.0,0.0,0.0,0.0,0.0,69.2,0,150,71,55,65476,0,300,0,1,8,20529,65476,0,0,40632,65.0,0.0,0.0,0.0,0.0,0.0
2026-09-04T20:26:28,ERR,ERR,ERR,ERR,ERR,ERR,ERR,ERR,ERR,ERR,ERR,ERR,ERR,ERR,ERR,ERR,ERR,ERR,ERR,ERR,ERR,ERR,ERR,ERR,ERR,ERR,ERR,ERR,ERR,ERR,ERR,ERR,ERR,ERR,ERR,ERR,ERR,ERR,ERR,ERR,ERR,ERR,ERR,ERR,ERR,ERR,ERR,ERR,ERR,ERR,ERR,ERR,ERR,ERR,ERR,ERR,ERR,ERR,ERR,ERR,ERR,ERR,ERR,ERR,ERR,ERR,ERR,ERR,ERR,ERR,ERR,ERR,ERR,ERR,ERR,ERR,ERR,ERR,ERR,ERR,ERR,ERR,ERR,ERR,ERR,ERR,ERR,ERR,ERR,ERR,ERR,ERR,ERR,ERR,ERR,ERR,ERR,ERR,ERR,ERR,ERR,ERR,ERR,ERR,ERR,ERR,ERR,ERR,ERR,ERR,ERR,ERR,ERR,ERR,ERR,ERR,ERR,ERR,ERR,ERR,ERR,ERR,ERR,ERR,ERR,0.0,2.7184312818759872e+23,-100793952.0,0.0,0.0,1.3936040501711995e+18,7.805,0.0,0,0,4,0,7116,0.0,100,0.0,0.0,0.0,0.0,0.0,0,0,0,0,0.0,0,0,0,0,0,0,0,0,0,0,0,0,0,0,0,0,0,0,0,0,0,0,0,0,0,0,0,0,0,0,0,0,0,31,40,40,71,65476,0,300,0,0,8,21553,0.0,-107605600.0,0.0,0.0,0.0,0.0,0.0,0.0,0.0,0.0,0.0,0.0,0.0,0.0,0.0,0.0,0.0,0.0,0.0,0.0,0.0,0.0,-2.004,-2.004,-0.0,-2.004,0.0,0.0,0.0,0.0,6296.0,0.0,6917.0,0.0,0.0,2.7184303811560617e+23,0.0,0.0,0.0,0.0,0.0,69,0.059,0.0,0.0,0.0,0.0,0.0,0.0,0.0,0.0,0,0,0,0.0,0.0,0.0,0.0,0.0,0.0,0.0,0.0,0.0,0.0,0.0,0.0,0.0,0.0,0.0,0.0,0,-107875648.0,69,0.0,138,0.0,0.0,0,13107,17040,13107,17049,13107,17043,0,0,0,70,68,100,2.7302359370752657e+23,71.2,2.7302370179391762e+23,74.2,2.7302370179391762e+23,74.0,1,49,50,180,13107,52429,0,0,0.0,0.0,0.0,0.0,-0.0,67.0,0.0,162057.094,0.0,751,0,739,0,0,0,721,0,766,0,736,0,742,0,741,0,712,0,7520,0.032,79456894976.0,0.0,0.0,784,16797,-0.0,162057.094,-114818.039,-0.0,0.133,6.909358625270745e+28,30.0,65.0,35,0.0,0.0,0.0,0.0,0.0,0.0,0.0,0.0,0.0,0.0,0.0,0.0,0.0,0.0,0.0,0.0,69.2,0,150,71,55,65476,0,300,0,1,8,20529,65476,0,0,40632,65.0,0.0,0.0,0.0,0.0,0.0
2026-09-04T20:26:29,ERR,ERR,ERR,ERR,ERR,ERR,ERR,ERR,ERR,ERR,ERR,ERR,ERR,ERR,ERR,ERR,ERR,ERR,ERR,ERR,ERR,ERR,ERR,ERR,ERR,ERR,ERR,ERR,ERR,ERR,ERR,ERR,ERR,ERR,ERR,ERR,ERR,ERR,ERR,ERR,ERR,ERR,ERR,ERR,ERR,ERR,ERR,ERR,ERR,ERR,ERR,ERR,ERR,ERR,ERR,ERR,ERR,ERR,ERR,ERR,ERR,ERR,ERR,ERR,ERR,ERR,ERR,ERR,ERR,ERR,ERR,ERR,ERR,ERR,ERR,ERR,ERR,ERR,ERR,ERR,ERR,ERR,ERR,ERR,ERR,ERR,ERR,ERR,ERR,ERR,ERR,ERR,ERR,ERR,ERR,ERR,ERR,ERR,ERR,ERR,ERR,ERR,ERR,ERR,ERR,ERR,ERR,ERR,ERR,ERR,ERR,ERR,ERR,ERR,ERR,ERR,ERR,ERR,ERR,ERR,ERR,ERR,ERR,ERR,ERR,0.0,2.7184312818759872e+23,-100793952.0,0.0,0.0,1.3936040501711995e+18,7.805,0.0,0,0,4,0,7116,0.0,100,0.0,0.0,0.0,0.0,0.0,0,0,0,0,0.0,0,0,0,0,0,0,0,0,0,0,0,0,0,0,0,0,0,0,0,0,0,0,0,0,0,0,0,0,0,0,0,0,0,31,40,40,71,65476,0,300,0,0,8,21553,0.0,-107605600.0,0.0,0.0,0.0,0.0,0.0,0.0,0.0,0.0,0.0,0.0,0.0,0.0,0.0,0.0,0.0,0.0,0.0,0.0,0.0,0.0,-2.004,-2.004,-0.0,-2.004,0.0,0.0,0.0,0.0,6296.0,0.0,6917.0,0.0,0.0,2.7184303811560617e+23,0.0,0.0,0.0,0.0,0.0,69,0.059,0.0,0.0,0.0,0.0,0.0,0.0,0.0,0.0,0,0,0,0.0,0.0,0.0,0.0,0.0,0.0,0.0,0.0,0.0,0.0,0.0,0.0,0.0,0.0,0.0,0.0,0,-107875648.0,69,0.0,138,0.0,0.0,0,13107,17040,13107,17049,13107,17043,0,0,0,70,68,100,2.7302359370752657e+23,71.2,2.7302370179391762e+23,74.2,2.7302370179391762e+23,74.0,1,49,50,180,13107,52429,0,0,0.0,0.0,0.0,0.0,-0.0,67.0,0.0,162057.094,0.0,751,0,739,0,0,0,721,0,766,0,736,0,742,0,741,0,712,0,7520,0.032,79456894976.0,0.0,0.0,784,16797,-0.0,162057.094,-114818.039,-0.0,0.133,6.909358625270745e+28,30.0,65.0,35,0.0,0.0,0.0,0.0,0.0,0.0,0.0,0.0,0.0,0.0,0.0,0.0,0.0,0.0,0.0,0.0,69.2,0,150,71,55,65476,0,300,0,1,8,20529,65476,0,0,40632,65.0,0.0,0.0,0.0,0.0,0.0
2026-09-04T20:26:30,ERR,ERR,ERR,ERR,ERR,ERR,ERR,ERR,ERR,ERR,ERR,ERR,ERR,ERR,ERR,ERR,ERR,ERR,ERR,ERR,ERR,ERR,ERR,ERR,ERR,ERR,ERR,ERR,ERR,ERR,ERR,ERR,ERR,ERR,ERR,ERR,ERR,ERR,ERR,ERR,ERR,ERR,ERR,ERR,ERR,ERR,ERR,ERR,ERR,ERR,ERR,ERR,ERR,ERR,ERR,ERR,ERR,ERR,ERR,ERR,ERR,ERR,ERR,ERR,ERR,ERR,ERR,ERR,ERR,ERR,ERR,ERR,ERR,ERR,ERR,ERR,ERR,ERR,ERR,ERR,ERR,ERR,ERR,ERR,ERR,ERR,ERR,ERR,ERR,ERR,ERR,ERR,ERR,ERR,ERR,ERR,ERR,ERR,ERR,ERR,ERR,ERR,ERR,ERR,ERR,ERR,ERR,ERR,ERR,ERR,ERR,ERR,ERR,ERR,ERR,ERR,ERR,ERR,ERR,ERR,ERR,ERR,ERR,ERR,ERR,0.0,2.7184312818759872e+23,-100793952.0,0.0,0.0,1.3936040501711995e+18,7.805,0.0,0,0,4,0,7116,0.0,100,0.0,0.0,0.0,0.0,0.0,0,0,0,0,0.0,0,0,0,0,0,0,0,0,0,0,0,0,0,0,0,0,0,0,0,0,0,0,0,0,0,0,0,0,0,0,0,0,0,31,40,40,71,65476,0,300,0,0,8,21553,0.0,-107605600.0,0.0,0.0,0.0,0.0,0.0,0.0,0.0,0.0,0.0,0.0,0.0,0.0,0.0,0.0,0.0,0.0,0.0,0.0,0.0,0.0,-2.004,-2.004,-0.0,-2.004,0.0,0.0,0.0,0.0,6296.0,0.0,6917.0,0.0,0.0,2.7184303811560617e+23,0.0,0.0,0.0,0.0,0.0,69,0.059,0.0,0.0,0.0,0.0,0.0,0.0,0.0,0.0,0,0,0,0.0,0.0,0.0,0.0,0.0,0.0,0.0,0.0,0.0,0.0,0.0,0.0,0.0,0.0,0.0,0.0,0,-107875648.0,69,0.0,138,0.0,0.0,0,13107,17040,13107,17049,13107,17043,0,0,0,70,68,100,2.7302359370752657e+23,71.1,0.0,74.2,2.7302370179391762e+23,74.0,1,49,50,180,13107,52429,0,0,0.0,0.0,0.0,0.0,-0.0,67.0,0.0,162057.094,0.0,750,0,739,0,0,0,721,0,766,0,736,0,742,0,742,0,712,0,7520,0.032,90731184128.0,0.0,0.0,784,16797,-0.0,162057.094,-114818.039,-0.0,0.133,6.909358625270745e+28,30.0,65.0,35,0.0,0.0,0.0,0.0,0.0,0.0,0.0,0.0,0.0,0.0,0.0,0.0,0.0,0.0,0.0,0.0,69.2,0,150,71,55,65476,0,300,0,1,8,20529,65476,0,0,40632,65.0,0.0,0.0,0.0,0.0,0.0
2026-09-04T20:26:31,ERR,ERR,ERR,ERR,ERR,ERR,ERR,ERR,ERR,ERR,ERR,ERR,ERR,ERR,ERR,ERR,ERR,ERR,ERR,ERR,ERR,ERR,ERR,ERR,ERR,ERR,ERR,ERR,ERR,ERR,ERR,ERR,ERR,ERR,ERR,ERR,ERR,ERR,ERR,ERR,ERR,ERR,ERR,ERR,ERR,ERR,ERR,ERR,ERR,ERR,ERR,ERR,ERR,ERR,ERR,ERR,ERR,ERR,ERR,ERR,ERR,ERR,ERR,ERR,ERR,ERR,ERR,ERR,ERR,ERR,ERR,ERR,ERR,ERR,ERR,ERR,ERR,ERR,ERR,ERR,ERR,ERR,ERR,ERR,ERR,ERR,ERR,ERR,ERR,ERR,ERR,ERR,ERR,ERR,ERR,ERR,ERR,ERR,ERR,ERR,ERR,ERR,ERR,ERR,ERR,ERR,ERR,ERR,ERR,ERR,ERR,ERR,ERR,ERR,ERR,ERR,ERR,ERR,ERR,ERR,ERR,ERR,ERR,ERR,ERR,0.0,2.7184312818759872e+23,-100793952.0,0.0,0.0,1.3936040501711995e+18,7.805,0.0,0,0,4,0,7116,0.0,100,0.0,0.0,0.0,0.0,0.0,0,0,0,0,0.0,0,0,0,0,0,0,0,0,0,0,0,0,0,0,0,0,0,0,0,0,0,0,0,0,0,0,0,0,0,0,0,0,0,31,40,40,71,65476,0,300,0,0,8,21553,0.0,-107605600.0,0.0,0.0,0.0,0.0,0.0,0.0,0.0,0.0,0.0,0.0,0.0,0.0,0.0,0.0,0.0,0.0,0.0,0.0,0.0,0.0,-2.004,-2.004,-0.0,-2.004,0.0,0.0,0.0,0.0,6296.0,0.0,6917.0,0.0,0.0,2.7184303811560617e+23,0.0,0.0,0.0,0.0,0.0,69,0.059,0.0,0.0,0.0,0.0,0.0,0.0,0.0,0.0,0,0,0,0.0,0.0,0.0,0.0,0.0,0.0,0.0,0.0,0.0,0.0,0.0,0.0,0.0,0.0,0.0,0.0,0,-107875648.0,69,0.0,138,0.0,0.0,0,13107,17040,13107,17049,13107,17043,0,0,0,70,68,100,2.7302359370752657e+23,71.1,0.0,74.2,2.7302370179391762e+23,74.0,1,49,50,180,13107,52429,0,0,0.0,0.0,0.0,0.0,-0.0,67.0,0.0,162057.094,0.0,750,0,739,0,0,0,721,0,766,0,736,0,742,0,742,0,712,0,7520,0.032,90731184128.0,0.0,0.0,784,16797,-0.0,162057.094,-114818.039,-0.0,0.133,6.909358625270745e+28,30.0,65.0,35,0.0,0.0,0.0,0.0,0.0,0.0,0.0,0.0,0.0,0.0,0.0,0.0,0.0,0.0,0.0,0.0,69.2,0,150,71,55,65476,0,300,0,1,8,20529,65476,0,0,40632,65.0,0.0,0.0,0.0,0.0,0.0
2026-09-04T20:26:32,ERR,ERR,ERR,ERR,ERR,ERR,ERR,ERR,ERR,ERR,ERR,ERR,ERR,ERR,ERR,ERR,ERR,ERR,ERR,ERR,ERR,ERR,ERR,ERR,ERR,ERR,ERR,ERR,ERR,ERR,ERR,ERR,ERR,ERR,ERR,ERR,ERR,ERR,ERR,ERR,ERR,ERR,ERR,ERR,ERR,ERR,ERR,ERR,ERR,ERR,ERR,ERR,ERR,ERR,ERR,ERR,ERR,ERR,ERR,ERR,ERR,ERR,ERR,ERR,ERR,ERR,ERR,ERR,ERR,ERR,ERR,ERR,ERR,ERR,ERR,ERR,ERR,ERR,ERR,ERR,ERR,ERR,ERR,ERR,ERR,ERR,ERR,ERR,ERR,ERR,ERR,ERR,ERR,ERR,ERR,ERR,ERR,ERR,ERR,ERR,ERR,ERR,ERR,ERR,ERR,ERR,ERR,ERR,ERR,ERR,ERR,ERR,ERR,ERR,ERR,ERR,ERR,ERR,ERR,ERR,ERR,ERR,ERR,ERR,ERR,0.0,2.7184312818759872e+23,-100793952.0,0.0,0.0,1.3936040501711995e+18,7.805,0.0,0,0,4,0,7116,0.0,100,0.0,0.0,0.0,0.0,0.0,0,0,0,0,0.0,0,0,0,0,0,0,0,0,0,0,0,0,0,0,0,0,0,0,0,0,0,0,0,0,0,0,0,0,0,0,0,0,0,31,40,40,71,65476,0,300,0,0,8,21553,0.0,-107605600.0,0.0,0.0,0.0,0.0,0.0,0.0,0.0,0.0,0.0,0.0,0.0,0.0,0.0,0.0,0.0,0.0,0.0,0.0,0.0,0.0,-2.004,-2.004,-0.0,-2.004,0.0,0.0,0.0,0.0,6296.0,0.0,6917.0,0.0,0.0,2.7184303811560617e+23,0.0,0.0,0.0,0.0,0.0,69,0.059,0.0,0.0,0.0,0.0,0.0,0.0,0.0,0.0,0,0,0,0.0,0.0,0.0,0.0,0.0,0.0,0.0,0.0,0.0,0.0,0.0,0.0,0.0,0.0,0.0,0.0,0,-107875648.0,69,0.0,138,0.0,0.0,0,13107,17040,13107,17049,13107,17043,0,0,0,70,68,100,2.7302359370752657e+23,71.1,0.0,74.2,2.7302370179391762e+23,74.0,1,49,50,180,13107,52429,0,0,0.0,0.0,0.0,0.0,-0.0,67.0,0.0,162057.094,0.0,750,0,739,0,0,0,721,0,766,0,736,0,742,0,742,0,712,0,7520,0.032,90731184128.0,0.0,0.0,784,16797,-0.0,162057.094,-114818.039,-0.0,0.133,6.909358625270745e+28,30.0,65.0,35,0.0,0.0,0.0,0.0,0.0,0.0,0.0,0.0,0.0,0.0,0.0,0.0,0.0,0.0,0.0,0.0,69.2,0,150,71,55,65476,0,300,0,1,8,20529,65476,0,0,40632,65.0,0.0,0.0,0.0,0.0,0.0
2026-09-04T20:26:33,ERR,ERR,ERR,ERR,ERR,ERR,ERR,ERR,ERR,ERR,ERR,ERR,ERR,ERR,ERR,ERR,ERR,ERR,ERR,ERR,ERR,ERR,ERR,ERR,ERR,ERR,ERR,ERR,ERR,ERR,ERR,ERR,ERR,ERR,ERR,ERR,ERR,ERR,ERR,ERR,ERR,ERR,ERR,ERR,ERR,ERR,ERR,ERR,ERR,ERR,ERR,ERR,ERR,ERR,ERR,ERR,ERR,ERR,ERR,ERR,ERR,ERR,ERR,ERR,ERR,ERR,ERR,ERR,ERR,ERR,ERR,ERR,ERR,ERR,ERR,ERR,ERR,ERR,ERR,ERR,ERR,ERR,ERR,ERR,ERR,ERR,ERR,ERR,ERR,ERR,ERR,ERR,ERR,ERR,ERR,ERR,ERR,ERR,ERR,ERR,ERR,ERR,ERR,ERR,ERR,ERR,ERR,ERR,ERR,ERR,ERR,ERR,ERR,ERR,ERR,ERR,ERR,ERR,ERR,ERR,ERR,ERR,ERR,ERR,ERR,0.0,2.7184312818759872e+23,-100793952.0,0.0,0.0,1.3936040501711995e+18,7.805,0.0,0,0,4,0,7116,0.0,100,0.0,0.0,0.0,0.0,0.0,0,0,0,0,0.0,0,0,0,0,0,0,0,0,0,0,0,0,0,0,0,0,0,0,0,0,0,0,0,0,0,0,0,0,0,0,0,0,0,31,40,40,71,65476,0,300,0,0,8,21553,0.0,-107605600.0,0.0,0.0,0.0,0.0,0.0,0.0,0.0,0.0,0.0,0.0,0.0,0.0,0.0,0.0,0.0,0.0,0.0,0.0,0.0,0.0,-2.004,-2.004,-0.0,-2.004,0.0,0.0,0.0,0.0,6296.0,0.0,6917.0,0.0,0.0,2.7184303811560617e+23,0.0,0.0,0.0,0.0,0.0,69,0.059,0.0,0.0,0.0,0.0,0.0,0.0,0.0,0.0,0,0,0,0.0,0.0,0.0,0.0,0.0,0.0,0.0,0.0,0.0,0.0,0.0,0.0,0.0,0.0,0.0,0.0,0,-107875648.0,69,0.0,138,0.0,0.0,0,13107,17040,13107,17049,13107,17043,0,0,0,70,68,100,2.7302359370752657e+23,71.1,0.0,74.2,2.7302370179391762e+23,74.0,1,49,50,180,13107,52429,0,0,0.0,0.0,0.0,0.0,-0.0,67.0,0.0,162057.094,0.0,750,0,739,0,0,0,721,0,766,0,736,0,742,0,742,0,712,0,7520,0.032,90731184128.0,0.0,0.0,784,16797,-0.0,162057.094,-114818.039,-0.0,0.133,6.909358625270745e+28,30.0,65.0,35,0.0,0.0,0.0,0.0,0.0,0.0,0.0,0.0,0.0,0.0,0.0,0.0,0.0,0.0,0.0,0.0,69.2,0,150,71,55,65476,0,300,0,1,8,20529,65476,0,0,40632,65.0,0.0,0.0,0.0,0.0,0.0
2026-09-04T20:26:34,ERR,ERR,ERR,ERR,ERR,ERR,ERR,ERR,ERR,ERR,ERR,ERR,ERR,ERR,ERR,ERR,ERR,ERR,ERR,ERR,ERR,ERR,ERR,ERR,ERR,ERR,ERR,ERR,ERR,ERR,ERR,ERR,ERR,ERR,ERR,ERR,ERR,ERR,ERR,ERR,ERR,ERR,ERR,ERR,ERR,ERR,ERR,ERR,ERR,ERR,ERR,ERR,ERR,ERR,ERR,ERR,ERR,ERR,ERR,ERR,ERR,ERR,ERR,ERR,ERR,ERR,ERR,ERR,ERR,ERR,ERR,ERR,ERR,ERR,ERR,ERR,ERR,ERR,ERR,ERR,ERR,ERR,ERR,ERR,ERR,ERR,ERR,ERR,ERR,ERR,ERR,ERR,ERR,ERR,ERR,ERR,ERR,ERR,ERR,ERR,ERR,ERR,ERR,ERR,ERR,ERR,ERR,ERR,ERR,ERR,ERR,ERR,ERR,ERR,ERR,ERR,ERR,ERR,ERR,ERR,ERR,ERR,ERR,ERR,ERR,0.0,2.7184312818759872e+23,-100793952.0,0.0,0.0,1.3936040501711995e+18,7.805,0.0,0,0,4,0,7116,0.0,100,0.0,0.0,0.0,0.0,0.0,0,0,0,0,0.0,0,0,0,0,0,0,0,0,0,0,0,0,0,0,0,0,0,0,0,0,0,0,0,0,0,0,0,0,0,0,0,0,0,31,40,40,71,65476,0,300,0,0,8,21553,0.0,-107605600.0,0.0,0.0,0.0,0.0,0.0,0.0,0.0,0.0,0.0,0.0,0.0,0.0,0.0,0.0,0.0,0.0,0.0,0.0,0.0,0.0,-2.004,-2.004,-0.0,-2.004,0.0,0.0,0.0,0.0,6296.0,0.0,6917.0,0.0,0.0,2.7184303811560617e+23,0.0,0.0,0.0,0.0,0.0,69,0.059,0.0,0.0,0.0,0.0,0.0,0.0,0.0,0.0,0,0,0,0.0,0.0,0.0,0.0,0.0,0.0,0.0,0.0,0.0,0.0,0.0,0.0,0.0,0.0,0.0,0.0,0,-107875648.0,69,0.0,138,0.0,0.0,0,13107,17040,13107,17049,13107,17043,0,0,0,70,68,100,2.7302359370752657e+23,71.1,0.0,74.2,2.7302370179391762e+23,74.0,1,49,50,180,13107,52429,0,0,0.0,0.0,0.0,0.0,-0.0,67.0,0.0,162057.094,0.0,750,0,739,0,0,0,721,0,766,0,736,0,742,0,742,0,712,0,7520,0.032,90731184128.0,0.0,0.0,784,16797,-0.0,162057.094,-114818.039,-0.0,0.133,6.909358625270745e+28,30.0,65.0,35,0.0,0.0,0.0,0.0,0.0,0.0,0.0,0.0,0.0,0.0,0.0,0.0,0.0,0.0,0.0,0.0,69.2,0,150,71,55,65476,0,300,0,1,8,20529,65476,0,0,40632,65.0,0.0,0.0,0.0,0.0,0.0
2026-09-04T20:26:35,ERR,ERR,ERR,ERR,ERR,ERR,ERR,ERR,ERR,ERR,ERR,ERR,ERR,ERR,ERR,ERR,ERR,ERR,ERR,ERR,ERR,ERR,ERR,ERR,ERR,ERR,ERR,ERR,ERR,ERR,ERR,ERR,ERR,ERR,ERR,ERR,ERR,ERR,ERR,ERR,ERR,ERR,ERR,ERR,ERR,ERR,ERR,ERR,ERR,ERR,ERR,ERR,ERR,ERR,ERR,ERR,ERR,ERR,ERR,ERR,ERR,ERR,ERR,ERR,ERR,ERR,ERR,ERR,ERR,ERR,ERR,ERR,ERR,ERR,ERR,ERR,ERR,ERR,ERR,ERR,ERR,ERR,ERR,ERR,ERR,ERR,ERR,ERR,ERR,ERR,ERR,ERR,ERR,ERR,ERR,ERR,ERR,ERR,ERR,ERR,ERR,ERR,ERR,ERR,ERR,ERR,ERR,ERR,ERR,ERR,ERR,ERR,ERR,ERR,ERR,ERR,ERR,ERR,ERR,ERR,ERR,ERR,ERR,ERR,ERR,0.0,0.0,0.0,0.0,0.0,1.3936040501711995e+18,7.805,0.0,0,0,4,0,7116,0.0,100,0.0,0.0,0.0,0.0,0.0,0,0,0,0,0.0,0,0,0,0,0,0,0,0,0,0,0,0,0,0,0,0,0,0,0,0,0,0,0,0,0,0,0,0,0,0,0,0,0,31,40,40,71,65476,0,300,0,0,8,21553,0.0,-107605600.0,0.0,0.0,0.0,0.0,0.0,0.0,0.0,0.0,0.0,0.0,0.0,0.0,0.0,0.0,0.0,0.0,0.0,0.0,0.0,0.0,-2.004,-0.0,-2.004,-2.004,0.0,0.0,0.0,0.0,6296.0,-2.422999433747328e+24,6941.0,0.0,0.0,2.7184303811560617e+23,0.0,0.0,0.0,0.0,0.0,69,71.63,0.0,0.0,0.0,0.0,0.0,0.0,0.0,0.0,0,0,0,0.0,0.0,0.0,0.0,0.0,0.0,0.0,0.0,0.0,0.0,0.0,0.0,0.0,0.0,0.0,0.0,0,-107875648.0,69,0.0,138,0.0,-109447200.0,0,13107,17040,13107,17049,13107,17043,0,0,0,70,68,100,2.7302359370752657e+23,71.2,2.7302370179391762e+23,74.2,2.7302370179391762e+23,74.0,1,49,50,180,13107,52429,0,0,0.0,0.0,0.0,0.0,-0.0,67.0,0.0,162057.094,0.0,751,0,739,0,0,0,721,0,766,0,736,0,742,0,741,0,712,0,7520,0.032,100394860544.0,0.0,0.0,784,16797,-0.0,162057.094,-114818.039,-0.0,0.133,6.909358625270745e+28,30.0,65.0,35,0.0,0.0,0.0,0.0,0.0,0.0,0.0,0.0,0.0,0.0,0.0,0.0,0.0,0.0,0.0,0.0,69.6,0,150,71,55,65476,0,300,0,1,8,20529,65476,0,0,40632,65.0,0.0,0.0,0.0,0.0,0.0
2026-09-04T20:26:36,ERR,ERR,ERR,ERR,ERR,ERR,ERR,ERR,ERR,ERR,ERR,ERR,ERR,ERR,ERR,ERR,ERR,ERR,ERR,ERR,ERR,ERR,ERR,ERR,ERR,ERR,ERR,ERR,ERR,ERR,ERR,ERR,ERR,ERR,ERR,ERR,ERR,ERR,ERR,ERR,ERR,ERR,ERR,ERR,ERR,ERR,ERR,ERR,ERR,ERR,ERR,ERR,ERR,ERR,ERR,ERR,ERR,ERR,ERR,ERR,ERR,ERR,ERR,ERR,ERR,ERR,ERR,ERR,ERR,ERR,ERR,ERR,ERR,ERR,ERR,ERR,ERR,ERR,ERR,ERR,ERR,ERR,ERR,ERR,ERR,ERR,ERR,ERR,ERR,ERR,ERR,ERR,ERR,ERR,ERR,ERR,ERR,ERR,ERR,ERR,ERR,ERR,ERR,ERR,ERR,ERR,ERR,ERR,ERR,ERR,ERR,ERR,ERR,ERR,ERR,ERR,ERR,ERR,ERR,ERR,ERR,ERR,ERR,ERR,ERR,0.0,0.0,0.0,0.0,0.0,1.3936040501711995e+18,7.805,0.0,0,0,4,0,7116,0.0,100,0.0,0.0,0.0,0.0,0.0,0,0,0,0,0.0,0,0,0,0,0,0,0,0,0,0,0,0,0,0,0,0,0,0,0,0,0,0,0,0,0,0,0,0,0,0,0,0,0,31,40,40,71,65476,0,300,0,0,8,21553,0.0,-107605600.0,0.0,0.0,0.0,0.0,0.0,0.0,0.0,0.0,0.0,0.0,0.0,0.0,0.0,0.0,0.0,0.0,0.0,0.0,0.0,0.0,-2.004,-0.0,-2.004,-2.004,0.0,0.0,0.0,0.0,6296.0,-2.422999433747328e+24,6941.0,0.0,0.0,2.7184303811560617e+23,0.0,0.0,0.0,0.0,0.0,69,71.63,0.0,0.0,0.0,0.0,0.0,0.0,0.0,0.0,0,0,0,0.0,0.0,0.0,0.0,0.0,0.0,0.0,0.0,0.0,0.0,0.0,0.0,0.0,0.0,0.0,0.0,0,-107875648.0,69,0.0,138,0.0,-109447200.0,0,13107,17040,13107,17049,13107,17043,0,0,0,70,68,100,2.7302359370752657e+23,71.2,2.7302370179391762e+23,74.2,2.7302370179391762e+23,74.0,1,49,50,180,13107,52429,0,0,0.0,0.0,0.0,0.0,-0.0,67.0,0.0,162057.094,0.0,751,0,739,0,0,0,721,0,766,0,736,0,742,0,741,0,712,0,7520,0.032,100394860544.0,0.0,0.0,784,16797,-0.0,162057.094,-114818.039,-0.0,0.133,6.909358625270745e+28,30.0,65.0,35,0.0,0.0,0.0,0.0,0.0,0.0,0.0,0.0,0.0,0.0,0.0,0.0,0.0,0.0,0.0,0.0,69.6,0,150,71,55,65476,0,300,0,1,8,20529,65476,0,0,40632,65.0,0.0,0.0,0.0,0.0,0.0
2026-09-04T20:26:37,ERR,ERR,ERR,ERR,ERR,ERR,ERR,ERR,ERR,ERR,ERR,ERR,ERR,ERR,ERR,ERR,ERR,ERR,ERR,ERR,ERR,ERR,ERR,ERR,ERR,ERR,ERR,ERR,ERR,ERR,ERR,ERR,ERR,ERR,ERR,ERR,ERR,ERR,ERR,ERR,ERR,ERR,ERR,ERR,ERR,ERR,ERR,ERR,ERR,ERR,ERR,ERR,ERR,ERR,ERR,ERR,ERR,ERR,ERR,ERR,ERR,ERR,ERR,ERR,ERR,ERR,ERR,ERR,ERR,ERR,ERR,ERR,ERR,ERR,ERR,ERR,ERR,ERR,ERR,ERR,ERR,ERR,ERR,ERR,ERR,ERR,ERR,ERR,ERR,ERR,ERR,ERR,ERR,ERR,ERR,ERR,ERR,ERR,ERR,ERR,ERR,ERR,ERR,ERR,ERR,ERR,ERR,ERR,ERR,ERR,ERR,ERR,ERR,ERR,ERR,ERR,ERR,ERR,ERR,ERR,ERR,ERR,ERR,ERR,ERR,0.0,0.0,0.0,0.0,0.0,1.3936040501711995e+18,7.805,0.0,0,0,4,0,7116,0.0,100,0.0,0.0,0.0,0.0,0.0,0,0,0,0,0.0,0,0,0,0,0,0,0,0,0,0,0,0,0,0,0,0,0,0,0,0,0,0,0,0,0,0,0,0,0,0,0,0,0,31,40,40,71,65476,0,300,0,0,8,21553,0.0,-107605600.0,0.0,0.0,0.0,0.0,0.0,0.0,0.0,0.0,0.0,0.0,0.0,0.0,0.0,0.0,0.0,0.0,0.0,0.0,0.0,0.0,-2.004,-0.0,-2.004,-2.004,0.0,0.0,0.0,0.0,6296.0,-2.422999433747328e+24,6941.0,0.0,0.0,2.7184303811560617e+23,0.0,0.0,0.0,0.0,0.0,69,71.63,0.0,0.0,0.0,0.0,0.0,0.0,0.0,0.0,0,0,0,0.0,0.0,0.0,0.0,0.0,0.0,0.0,0.0,0.0,0.0,0.0,0.0,0.0,0.0,0.0,0.0,0,-107875648.0,69,0.0,138,0.0,-109447200.0,0,13107,17040,13107,17049,13107,17043,0,0,0,70,68,100,2.7302359370752657e+23,71.2,2.7302370179391762e+23,74.2,2.7302370179391762e+23,74.0,1,49,50,180,13107,52429,0,0,0.0,0.0,0.0,0.0,-0.0,67.0,0.0,162057.094,0.0,751,0,739,0,0,0,721,0,766,0,736,0,742,0,741,0,712,0,7520,0.032,100394860544.0,0.0,0.0,784,16797,-0.0,162057.094,-114818.039,-0.0,0.133,6.909358625270745e+28,30.0,65.0,35,0.0,0.0,0.0,0.0,0.0,0.0,0.0,0.0,0.0,0.0,0.0,0.0,0.0,0.0,0.0,0.0,69.2,0,150,71,55,65476,0,300,0,1,8,20529,65476,0,0,40632,65.0,0.0,0.0,0.0,0.0,0.0
2026-09-04T20:26:38,ERR,ERR,ERR,ERR,ERR,ERR,ERR,ERR,ERR,ERR,ERR,ERR,ERR,ERR,ERR,ERR,ERR,ERR,ERR,ERR,ERR,ERR,ERR,ERR,ERR,ERR,ERR,ERR,ERR,ERR,ERR,ERR,ERR,ERR,ERR,ERR,ERR,ERR,ERR,ERR,ERR,ERR,ERR,ERR,ERR,ERR,ERR,ERR,ERR,ERR,ERR,ERR,ERR,ERR,ERR,ERR,ERR,ERR,ERR,ERR,ERR,ERR,ERR,ERR,ERR,ERR,ERR,ERR,ERR,ERR,ERR,ERR,ERR,ERR,ERR,ERR,ERR,ERR,ERR,ERR,ERR,ERR,ERR,ERR,ERR,ERR,ERR,ERR,ERR,ERR,ERR,ERR,ERR,ERR,ERR,ERR,ERR,ERR,ERR,ERR,ERR,ERR,ERR,ERR,ERR,ERR,ERR,ERR,ERR,ERR,ERR,ERR,ERR,ERR,ERR,ERR,ERR,ERR,ERR,ERR,ERR,ERR,ERR,ERR,ERR,0.0,0.0,0.0,0.0,0.0,1.3936040501711995e+18,7.805,0.0,0,0,4,0,7116,0.0,100,0.0,0.0,0.0,0.0,0.0,0,0,0,0,0.0,0,0,0,0,0,0,0,0,0,0,0,0,0,0,0,0,0,0,0,0,0,0,0,0,0,0,0,0,0,0,0,0,0,31,40,40,71,65476,0,300,0,0,8,21553,0.0,-107605600.0,0.0,0.0,0.0,0.0,0.0,0.0,0.0,0.0,0.0,0.0,0.0,0.0,0.0,0.0,0.0,0.0,0.0,0.0,0.0,0.0,-2.004,-0.0,-2.004,-2.004,0.0,0.0,0.0,0.0,6296.0,-2.422999433747328e+24,6941.0,0.0,0.0,2.7184303811560617e+23,0.0,0.0,0.0,0.0,0.0,69,71.63,0.0,0.0,0.0,0.0,0.0,0.0,0.0,0.0,0,0,0,0.0,0.0,0.0,0.0,0.0,0.0,0.0,0.0,0.0,0.0,0.0,0.0,0.0,0.0,0.0,0.0,0,-107875648.0,69,0.0,138,0.0,-109447200.0,0,13107,17040,13107,17049,13107,17043,0,0,0,70,68,100,2.7302359370752657e+23,71.2,2.7302370179391762e+23,74.2,2.7302370179391762e+23,74.0,1,49,50,180,13107,52429,0,0,0.0,0.0,0.0,0.0,-0.0,67.0,0.0,162057.094,0.0,751,0,739,0,0,0,721,0,766,0,736,0,742,0,741,0,712,0,7520,0.032,100394860544.0,0.0,0.0,784,16797,-0.0,162057.094,-114818.039,-0.0,0.133,6.909358625270745e+28,30.0,65.0,35,0.0,0.0,0.0,0.0,0.0,0.0,0.0,0.0,0.0,0.0,0.0,0.0,0.0,0.0,0.0,0.0,69.2,0,150,71,55,65476,0,300,0,1,8,20529,65476,0,0,40632,65.0,0.0,0.0,0.0,0.0,0.0
2026-09-04T20:26:39,ERR,ERR,ERR,ERR,ERR,ERR,ERR,ERR,ERR,ERR,ERR,ERR,ERR,ERR,ERR,ERR,ERR,ERR,ERR,ERR,ERR,ERR,ERR,ERR,ERR,ERR,ERR,ERR,ERR,ERR,ERR,ERR,ERR,ERR,ERR,ERR,ERR,ERR,ERR,ERR,ERR,ERR,ERR,ERR,ERR,ERR,ERR,ERR,ERR,ERR,ERR,ERR,ERR,ERR,ERR,ERR,ERR,ERR,ERR,ERR,ERR,ERR,ERR,ERR,ERR,ERR,ERR,ERR,ERR,ERR,ERR,ERR,ERR,ERR,ERR,ERR,ERR,ERR,ERR,ERR,ERR,ERR,ERR,ERR,ERR,ERR,ERR,ERR,ERR,ERR,ERR,ERR,ERR,ERR,ERR,ERR,ERR,ERR,ERR,ERR,ERR,ERR,ERR,ERR,ERR,ERR,ERR,ERR,ERR,ERR,ERR,ERR,ERR,ERR,ERR,ERR,ERR,ERR,ERR,ERR,ERR,ERR,ERR,ERR,ERR,0.0,0.0,0.0,0.0,0.0,1.3936040501711995e+18,7.805,0.0,0,0,4,0,7116,0.0,100,0.0,0.0,0.0,0.0,0.0,0,0,0,0,0.0,0,0,0,0,0,0,0,0,0,0,0,0,0,0,0,0,0,0,0,0,0,0,0,0,0,0,0,0,0,0,0,0,0,31,40,40,71,65476,0,300,0,0,8,21553,0.0,-107605600.0,0.0,0.0,0.0,0.0,0.0,0.0,0.0,0.0,0.0,0.0,0.0,0.0,0.0,0.0,0.0,0.0,0.0,0.0,0.0,0.0,-2.004,-0.0,-2.004,-2.004,0.0,0.0,0.0,0.0,6296.0,-2.422999433747328e+24,6941.0,0.0,0.0,2.7184303811560617e+23,0.0,0.0,0.0,0.0,0.0,69,71.63,0.0,0.0,0.0,0.0,0.0,0.0,0.0,0.0,0,0,0,0.0,0.0,0.0,0.0,0.0,0.0,0.0,0.0,0.0,0.0,0.0,0.0,0.0,0.0,0.0,0.0,0,-107875648.0,69,0.0,138,0.0,-109447200.0,0,13107,17040,13107,17049,13107,17043,0,0,0,70,68,100,2.7302359370752657e+23,71.2,2.7302370179391762e+23,74.2,2.7302370179391762e+23,74.0,1,49,50,180,13107,52429,0,0,0.0,0.0,0.0,0.0,-0.0,67.0,0.0,162057.094,0.0,751,0,739,0,0,0,721,0,766,0,736,0,742,0,741,0,712,0,7520,0.032,100394860544.0,0.0,0.0,784,16797,-0.0,162057.094,-114818.039,-0.0,0.133,6.909358625270745e+28,30.0,65.0,35,0.0,0.0,0.0,0.0,0.0,0.0,0.0,0.0,0.0,0.0,0.0,0.0,0.0,0.0,0.0,0.0,69.2,0,150,71,55,65476,0,300,0,1,8,20529,65476,0,0,40632,65.0,0.0,0.0,0.0,0.0,0.0
2026-09-04T20:26:40,ERR,ERR,ERR,ERR,ERR,ERR,ERR,ERR,ERR,ERR,ERR,ERR,ERR,ERR,ERR,ERR,ERR,ERR,ERR,ERR,ERR,ERR,ERR,ERR,ERR,ERR,ERR,ERR,ERR,ERR,ERR,ERR,ERR,ERR,ERR,ERR,ERR,ERR,ERR,ERR,ERR,ERR,ERR,ERR,ERR,ERR,ERR,ERR,ERR,ERR,ERR,ERR,ERR,ERR,ERR,ERR,ERR,ERR,ERR,ERR,ERR,ERR,ERR,ERR,ERR,ERR,ERR,ERR,ERR,ERR,ERR,ERR,ERR,ERR,ERR,ERR,ERR,ERR,ERR,ERR,ERR,ERR,ERR,ERR,ERR,ERR,ERR,ERR,ERR,ERR,ERR,ERR,ERR,ERR,ERR,ERR,ERR,ERR,ERR,ERR,ERR,ERR,ERR,ERR,ERR,ERR,ERR,ERR,ERR,ERR,ERR,ERR,ERR,ERR,ERR,ERR,ERR,ERR,ERR,ERR,ERR,ERR,ERR,ERR,ERR,0.0,0.0,0.0,0.0,0.0,1.3936040501711995e+18,7.805,0.0,0,0,4,0,7116,0.0,100,0.0,0.0,0.0,0.0,0.0,0,0,0,0,0.0,0,0,0,0,0,0,0,0,0,0,0,0,0,0,0,0,0,0,0,0,0,0,0,0,0,0,0,0,0,0,0,0,0,31,40,40,71,65476,0,300,0,0,8,21553,0.0,-107605600.0,0.0,0.0,0.0,0.0,0.0,0.0,0.0,0.0,0.0,0.0,0.0,0.0,0.0,0.0,0.0,0.0,0.0,0.0,0.0,0.0,-2.004,-0.0,-2.004,-2.004,0.0,0.0,0.0,0.0,6296.0,-2.422999433747328e+24,6941.0,0.0,0.0,2.7184303811560617e+23,0.0,0.0,0.0,0.0,0.0,69,71.63,0.0,0.0,0.0,0.0,0.0,0.0,0.0,0.0,0,0,0,0.0,0.0,0.0,0.0,0.0,0.0,0.0,0.0,0.0,0.0,0.0,0.0,0.0,0.0,0.0,0.0,0,-107875648.0,69,0.0,138,0.0,-109447200.0,0,13107,17040,13107,17049,13107,17043,0,0,0,70,68,100,2.7302359370752657e+23,71.2,2.7302370179391762e+23,74.2,2.7302370179391762e+23,74.0,1,49,50,180,13107,52429,0,0,0.0,0.0,0.0,0.0,-0.0,67.0,0.0,162057.094,0.0,751,0,739,0,0,0,721,0,766,0,736,0,742,0,741,0,712,0,7520,0.032,100394860544.0,0.0,0.0,784,16797,-0.0,162057.094,-114818.039,-0.0,0.133,6.909358625270745e+28,30.0,65.0,35,0.0,0.0,0.0,0.0,0.0,0.0,0.0,0.0,0.0,0.0,0.0,0.0,0.0,0.0,0.0,0.0,69.2,0,150,71,55,65476,0,300,0,1,8,20529,65476,0,0,40632,65.0,0.0,0.0,0.0,0.0,0.0
2026-09-04T20:26:41,ERR,ERR,ERR,ERR,ERR,ERR,ERR,ERR,ERR,ERR,ERR,ERR,ERR,ERR,ERR,ERR,ERR,ERR,ERR,ERR,ERR,ERR,ERR,ERR,ERR,ERR,ERR,ERR,ERR,ERR,ERR,ERR,ERR,ERR,ERR,ERR,ERR,ERR,ERR,ERR,ERR,ERR,ERR,ERR,ERR,ERR,ERR,ERR,ERR,ERR,ERR,ERR,ERR,ERR,ERR,ERR,ERR,ERR,ERR,ERR,ERR,ERR,ERR,ERR,ERR,ERR,ERR,ERR,ERR,ERR,ERR,ERR,ERR,ERR,ERR,ERR,ERR,ERR,ERR,ERR,ERR,ERR,ERR,ERR,ERR,ERR,ERR,ERR,ERR,ERR,ERR,ERR,ERR,ERR,ERR,ERR,ERR,ERR,ERR,ERR,ERR,ERR,ERR,ERR,ERR,ERR,ERR,ERR,ERR,ERR,ERR,ERR,ERR,ERR,ERR,ERR,ERR,ERR,ERR,ERR,ERR,ERR,ERR,ERR,ERR,0.0,0.0,0.0,0.0,0.0,1.3936040501711995e+18,7.805,0.0,0,0,4,0,7116,0.0,100,0.0,0.0,0.0,0.0,0.0,0,0,0,0,0.0,0,0,0,0,0,0,0,0,0,0,0,0,0,0,0,0,0,0,0,0,0,0,0,0,0,0,0,0,0,0,0,0,0,31,40,40,71,65476,0,300,0,0,8,21553,0.0,-107605600.0,0.0,0.0,0.0,0.0,0.0,0.0,0.0,0.0,0.0,0.0,0.0,0.0,0.0,0.0,0.0,0.0,0.0,0.0,0.0,0.0,-2.004,-0.0,-2.004,-2.004,0.0,0.0,0.0,0.0,6296.0,-2.422999433747328e+24,6941.0,0.0,0.0,2.7184303811560617e+23,0.0,0.0,0.0,0.0,0.0,69,71.63,0.0,0.0,0.0,0.0,0.0,0.0,0.0,0.0,0,0,0,0.0,0.0,0.0,0.0,0.0,0.0,0.0,0.0,0.0,0.0,0.0,0.0,0.0,0.0,0.0,0.0,0,-107875648.0,69,0.0,138,0.0,-109447200.0,0,13107,17040,13107,17049,13107,17043,0,0,0,70,68,100,2.7302359370752657e+23,71.1,0.0,74.2,2.7302370179391762e+23,74.0,1,49,50,180,13107,52429,0,0,0.0,0.0,0.0,0.0,-0.0,67.0,0.0,162057.094,0.0,751,0,739,0,0,0,721,0,766,0,736,0,742,0,742,0,712,0,7520,0.032,96636764160.0,0.0,0.0,784,16797,-0.0,162057.094,-114818.039,-0.0,0.133,6.909358625270745e+28,30.0,65.0,35,0.0,0.0,0.0,0.0,0.0,0.0,0.0,0.0,0.0,0.0,0.0,0.0,0.0,0.0,0.0,0.0,69.2,0,150,71,55,65476,0,300,0,1,8,20529,65476,0,0,40632,65.0,0.0,0.0,0.0,0.0,0.0
2026-09-04T20:26:42,ERR,ERR,ERR,ERR,ERR,ERR,ERR,ERR,ERR,ERR,ERR,ERR,ERR,ERR,ERR,ERR,ERR,ERR,ERR,ERR,ERR,ERR,ERR,ERR,ERR,ERR,ERR,ERR,ERR,ERR,ERR,ERR,ERR,ERR,ERR,ERR,ERR,ERR,ERR,ERR,ERR,ERR,ERR,ERR,ERR,ERR,ERR,ERR,ERR,ERR,ERR,ERR,ERR,ERR,ERR,ERR,ERR,ERR,ERR,ERR,ERR,ERR,ERR,ERR,ERR,ERR,ERR,ERR,ERR,ERR,ERR,ERR,ERR,ERR,ERR,ERR,ERR,ERR,ERR,ERR,ERR,ERR,ERR,ERR,ERR,ERR,ERR,ERR,ERR,ERR,ERR,ERR,ERR,ERR,ERR,ERR,ERR,ERR,ERR,ERR,ERR,ERR,ERR,ERR,ERR,ERR,ERR,ERR,ERR,ERR,ERR,ERR,ERR,ERR,ERR,ERR,ERR,ERR,ERR,ERR,ERR,ERR,ERR,ERR,ERR,0.0,0.0,0.0,0.0,0.0,1.3936040501711995e+18,7.805,0.0,0,0,4,0,7116,0.0,100,0.0,0.0,0.0,0.0,0.0,0,0,0,0,0.0,0,0,0,0,0,0,0,0,0,0,0,0,0,0,0,0,0,0,0,0,0,0,0,0,0,0,0,0,0,0,0,0,0,31,40,40,71,65476,0,300,0,0,8,21553,0.0,-107605600.0,0.0,0.0,0.0,0.0,0.0,0.0,0.0,0.0,0.0,0.0,0.0,0.0,0.0,0.0,0.0,0.0,0.0,0.0,0.0,0.0,-2.004,-0.0,-2.004,-2.004,0.0,0.0,0.0,0.0,6296.0,-2.422999433747328e+24,6941.0,0.0,0.0,2.7184303811560617e+23,0.0,0.0,0.0,0.0,0.0,69,71.63,0.0,0.0,0.0,0.0,0.0,0.0,0.0,0.0,0,0,0,0.0,0.0,0.0,0.0,0.0,0.0,0.0,0.0,0.0,0.0,0.0,0.0,0.0,0.0,0.0,0.0,0,-107875648.0,69,0.0,138,0.0,-109447200.0,0,13107,17040,13107,17049,13107,17043,0,0,0,70,68,100,2.7302359370752657e+23,71.1,0.0,74.2,2.7302370179391762e+23,74.0,1,49,50,180,13107,52429,0,0,0.0,0.0,0.0,0.0,-0.0,67.0,0.0,162057.094,0.0,751,0,739,0,0,0,721,0,766,0,736,0,742,0,742,0,712,0,7520,0.032,96636764160.0,0.0,0.0,784,16797,-0.0,162057.094,-114818.039,-0.0,0.133,6.909358625270745e+28,30.0,65.0,35,0.0,0.0,0.0,0.0,0.0,0.0,0.0,0.0,0.0,0.0,0.0,0.0,0.0,0.0,0.0,0.0,69.2,0,150,71,55,65476,0,300,0,1,8,20529,65476,0,0,40632,65.0,0.0,0.0,0.0,0.0,0.0
2026-09-04T20:26:43,ERR,ERR,ERR,ERR,ERR,ERR,ERR,ERR,ERR,ERR,ERR,ERR,ERR,ERR,ERR,ERR,ERR,ERR,ERR,ERR,ERR,ERR,ERR,ERR,ERR,ERR,ERR,ERR,ERR,ERR,ERR,ERR,ERR,ERR,ERR,ERR,ERR,ERR,ERR,ERR,ERR,ERR,ERR,ERR,ERR,ERR,ERR,ERR,ERR,ERR,ERR,ERR,ERR,ERR,ERR,ERR,ERR,ERR,ERR,ERR,ERR,ERR,ERR,ERR,ERR,ERR,ERR,ERR,ERR,ERR,ERR,ERR,ERR,ERR,ERR,ERR,ERR,ERR,ERR,ERR,ERR,ERR,ERR,ERR,ERR,ERR,ERR,ERR,ERR,ERR,ERR,ERR,ERR,ERR,ERR,ERR,ERR,ERR,ERR,ERR,ERR,ERR,ERR,ERR,ERR,ERR,ERR,ERR,ERR,ERR,ERR,ERR,ERR,ERR,ERR,ERR,ERR,ERR,ERR,ERR,ERR,ERR,ERR,ERR,ERR,0.0,2.7184312818759872e+23,-100793952.0,0.0,0.0,1.3936040501711995e+18,7.805,0.0,0,0,4,0,7116,0.0,100,0.0,0.0,0.0,0.0,0.0,0,0,0,0,0.0,0,0,0,0,0,0,0,0,0,0,0,0,0,0,0,0,0,0,0,0,0,0,0,0,0,0,0,0,0,0,0,0,0,31,40,40,71,65476,0,300,0,0,8,21553,0.0,-107605600.0,0.0,0.0,0.0,0.0,0.0,0.0,0.0,0.0,0.0,0.0,0.0,0.0,0.0,0.0,0.0,0.0,0.0,0.0,0.0,0.0,-2.004,-2.004,-0.0,-2.004,0.0,0.0,0.0,0.0,6332.0,-0.0,6932.0,0.0,2.7184312818759872e+23,2.7184303811560617e+23,0.0,0.0,0.0,0.0,0.0,69,126841176064.0,-4.950421634474044e+32,0.0,0.0,0.0,0.0,0.0,0.0,0.0,0,0,0,0.0,0.0,0.0,0.0,0.0,0.0,0.0,0.0,0.0,0.0,0.0,0.0,0.0,0.0,0.0,0.0,0,-107875648.0,69,0.0,138,0.0,0.0,0,13107,17040,13107,17049,13107,17043,0,0,0,70,68,100,2.7302359370752657e+23,71.1,0.0,74.2,2.7302370179391762e+23,74.0,1,49,50,180,13107,52429,0,0,0.0,0.0,0.0,0.0,-0.0,67.0,0.0,162057.094,0.0,751,0,739,0,0,0,721,0,766,0,736,0,742,0,742,0,712,0,7520,0.032,96636764160.0,0.0,0.0,784,16797,-0.0,162057.094,-114818.039,-0.0,0.133,6.909358625270745e+28,30.0,65.0,35,0.0,0.0,0.0,0.0,0.0,0.0,0.0,0.0,0.0,0.0,0.0,0.0,0.0,0.0,0.0,0.0,69.2,0,150,71,55,65476,0,300,0,1,8,20529,65476,0,0,40632,65.0,0.0,0.0,0.0,0.0,0.0
2026-09-04T20:26:44,ERR,ERR,ERR,ERR,ERR,ERR,ERR,ERR,ERR,ERR,ERR,ERR,ERR,ERR,ERR,ERR,ERR,ERR,ERR,ERR,ERR,ERR,ERR,ERR,ERR,ERR,ERR,ERR,ERR,ERR,ERR,ERR,ERR,ERR,ERR,ERR,ERR,ERR,ERR,ERR,ERR,ERR,ERR,ERR,ERR,ERR,ERR,ERR,ERR,ERR,ERR,ERR,ERR,ERR,ERR,ERR,ERR,ERR,ERR,ERR,ERR,ERR,ERR,ERR,ERR,ERR,ERR,ERR,ERR,ERR,ERR,ERR,ERR,ERR,ERR,ERR,ERR,ERR,ERR,ERR,ERR,ERR,ERR,ERR,ERR,ERR,ERR,ERR,ERR,ERR,ERR,ERR,ERR,ERR,ERR,ERR,ERR,ERR,ERR,ERR,ERR,ERR,ERR,ERR,ERR,ERR,ERR,ERR,ERR,ERR,ERR,ERR,ERR,ERR,ERR,ERR,ERR,ERR,ERR,ERR,ERR,ERR,ERR,ERR,ERR,0.0,2.7184312818759872e+23,-100793952.0,0.0,0.0,1.3936040501711995e+18,7.805,0.0,0,0,4,0,7116,0.0,100,0.0,0.0,0.0,0.0,0.0,0,0,0,0,0.0,0,0,0,0,0,0,0,0,0,0,0,0,0,0,0,0,0,0,0,0,0,0,0,0,0,0,0,0,0,0,0,0,0,31,40,40,71,65476,0,300,0,0,8,21553,0.0,-107605600.0,0.0,0.0,0.0,0.0,0.0,0.0,0.0,0.0,0.0,0.0,0.0,0.0,0.0,0.0,0.0,0.0,0.0,0.0,0.0,0.0,-2.004,-2.004,-0.0,-2.004,0.0,0.0,0.0,0.0,6332.0,-0.0,6932.0,0.0,2.7184312818759872e+23,2.7184303811560617e+23,0.0,0.0,0.0,0.0,0.0,69,126841176064.0,-4.950421634474044e+32,0.0,0.0,0.0,0.0,0.0,0.0,0.0,0,0,0,0.0,0.0,0.0,0.0,0.0,0.0,0.0,0.0,0.0,0.0,0.0,0.0,0.0,0.0,0.0,0.0,0,-107875648.0,69,0.0,138,0.0,0.0,0,13107,17040,13107,17049,13107,17043,0,0,0,70,68,100,2.7302359370752657e+23,71.1,0.0,74.2,2.7302370179391762e+23,74.0,1,49,50,180,13107,52429,0,0,0.0,0.0,0.0,0.0,-0.0,67.0,0.0,162057.094,0.0,751,0,739,0,0,0,721,0,766,0,736,0,742,0,742,0,712,0,7520,0.032,96636764160.0,0.0,0.0,784,16797,-0.0,162057.094,-114818.039,-0.0,0.133,6.909358625270745e+28,30.0,65.0,35,0.0,0.0,0.0,0.0,0.0,0.0,0.0,0.0,0.0,0.0,0.0,0.0,0.0,0.0,0.0,0.0,69.2,0,150,71,55,65476,0,300,0,1,8,20529,65476,0,0,40632,65.0,0.0,0.0,0.0,0.0,0.0
2026-09-04T20:26:45,ERR,ERR,ERR,ERR,ERR,ERR,ERR,ERR,ERR,ERR,ERR,ERR,ERR,ERR,ERR,ERR,ERR,ERR,ERR,ERR,ERR,ERR,ERR,ERR,ERR,ERR,ERR,ERR,ERR,ERR,ERR,ERR,ERR,ERR,ERR,ERR,ERR,ERR,ERR,ERR,ERR,ERR,ERR,ERR,ERR,ERR,ERR,ERR,ERR,ERR,ERR,ERR,ERR,ERR,ERR,ERR,ERR,ERR,ERR,ERR,ERR,ERR,ERR,ERR,ERR,ERR,ERR,ERR,ERR,ERR,ERR,ERR,ERR,ERR,ERR,ERR,ERR,ERR,ERR,ERR,ERR,ERR,ERR,ERR,ERR,ERR,ERR,ERR,ERR,ERR,ERR,ERR,ERR,ERR,ERR,ERR,ERR,ERR,ERR,ERR,ERR,ERR,ERR,ERR,ERR,ERR,ERR,ERR,ERR,ERR,ERR,ERR,ERR,ERR,ERR,ERR,ERR,ERR,ERR,ERR,ERR,ERR,ERR,ERR,ERR,0.0,2.7184312818759872e+23,-100793952.0,0.0,0.0,1.3936040501711995e+18,7.805,0.0,0,0,4,0,7116,0.0,100,0.0,0.0,0.0,0.0,0.0,0,0,0,0,0.0,0,0,0,0,0,0,0,0,0,0,0,0,0,0,0,0,0,0,0,0,0,0,0,0,0,0,0,0,0,0,0,0,0,31,40,40,71,65476,0,300,0,0,8,21553,0.0,-107605600.0,0.0,0.0,0.0,0.0,0.0,0.0,0.0,0.0,0.0,0.0,0.0,0.0,0.0,0.0,0.0,0.0,0.0,0.0,0.0,0.0,-2.004,-2.004,-0.0,-2.004,0.0,0.0,0.0,0.0,6332.0,-0.0,6932.0,0.0,2.7184312818759872e+23,2.7184303811560617e+23,0.0,0.0,0.0,0.0,0.0,69,126841176064.0,-4.950421634474044e+32,0.0,0.0,0.0,0.0,0.0,0.0,0.0,0,0,0,0.0,0.0,0.0,0.0,0.0,0.0,0.0,0.0,0.0,0.0,0.0,0.0,0.0,0.0,0.0,0.0,0,-107875648.0,69,0.0,138,0.0,0.0,0,13107,17040,13107,17049,13107,17043,0,0,0,70,68,100,2.7302359370752657e+23,71.1,0.0,74.2,2.7302370179391762e+23,74.0,1,49,50,180,13107,52429,0,0,0.0,0.0,0.0,0.0,-0.0,67.0,0.0,162057.094,0.0,751,0,739,0,0,0,721,0,766,0,736,0,742,0,742,0,712,0,7520,0.032,96636764160.0,0.0,0.0,784,16797,-0.0,162057.094,-114818.039,-0.0,0.133,6.909358625270745e+28,30.0,65.0,35,0.0,0.0,0.0,0.0,0.0,0.0,0.0,0.0,0.0,0.0,0.0,0.0,0.0,0.0,0.0,0.0,69.2,0,150,71,55,65476,0,300,0,1,8,20529,65476,0,0,40632,65.0,0.0,0.0,0.0,0.0,0.0
2026-09-04T20:26:46,ERR,ERR,ERR,ERR,ERR,ERR,ERR,ERR,ERR,ERR,ERR,ERR,ERR,ERR,ERR,ERR,ERR,ERR,ERR,ERR,ERR,ERR,ERR,ERR,ERR,ERR,ERR,ERR,ERR,ERR,ERR,ERR,ERR,ERR,ERR,ERR,ERR,ERR,ERR,ERR,ERR,ERR,ERR,ERR,ERR,ERR,ERR,ERR,ERR,ERR,ERR,ERR,ERR,ERR,ERR,ERR,ERR,ERR,ERR,ERR,ERR,ERR,ERR,ERR,ERR,ERR,ERR,ERR,ERR,ERR,ERR,ERR,ERR,ERR,ERR,ERR,ERR,ERR,ERR,ERR,ERR,ERR,ERR,ERR,ERR,ERR,ERR,ERR,ERR,ERR,ERR,ERR,ERR,ERR,ERR,ERR,ERR,ERR,ERR,ERR,ERR,ERR,ERR,ERR,ERR,ERR,ERR,ERR,ERR,ERR,ERR,ERR,ERR,ERR,ERR,ERR,ERR,ERR,ERR,ERR,ERR,ERR,ERR,ERR,ERR,0.0,2.7184312818759872e+23,-100793952.0,0.0,0.0,1.3936040501711995e+18,7.805,0.0,0,0,4,0,7116,0.0,100,0.0,0.0,0.0,0.0,0.0,0,0,0,0,0.0,0,0,0,0,0,0,0,0,0,0,0,0,0,0,0,0,0,0,0,0,0,0,0,0,0,0,0,0,0,0,0,0,0,31,40,40,71,65476,0,300,0,0,8,21553,0.0,-107605600.0,0.0,0.0,0.0,0.0,0.0,0.0,0.0,0.0,0.0,0.0,0.0,0.0,0.0,0.0,0.0,0.0,0.0,0.0,0.0,0.0,-2.004,-2.004,-0.0,-2.004,0.0,0.0,0.0,0.0,6332.0,-0.0,6932.0,0.0,2.7184312818759872e+23,2.7184303811560617e+23,0.0,0.0,0.0,0.0,0.0,69,126841176064.0,-4.950421634474044e+32,0.0,0.0,0.0,0.0,0.0,0.0,0.0,0,0,0,0.0,0.0,0.0,0.0,0.0,0.0,0.0,0.0,0.0,0.0,0.0,0.0,0.0,0.0,0.0,0.0,0,-107875648.0,69,0.0,138,0.0,0.0,0,13107,17040,13107,17049,13107,17043,0,0,0,70,68,100,2.7302359370752657e+23,71.2,2.7302370179391762e+23,74.2,2.7302370179391762e+23,74.0,1,49,50,180,13107,52429,0,0,0.0,0.0,0.0,0.0,-0.0,67.0,0.0,162057.094,0.0,751,0,739,0,0,0,721,0,766,0,736,0,742,0,741,0,712,0,7520,0.032,85362475008.0,0.0,0.0,784,16797,-0.0,162057.094,-114818.039,-0.0,0.133,6.909358625270745e+28,30.0,65.0,35,0.0,0.0,0.0,0.0,0.0,0.0,0.0,0.0,0.0,0.0,0.0,0.0,0.0,0.0,0.0,0.0,69.2,0,150,71,55,65476,0,300,0,1,8,20529,65476,0,0,40632,65.0,0.0,0.0,0.0,0.0,0.0
2026-09-04T20:26:47,ERR,ERR,ERR,ERR,ERR,ERR,ERR,ERR,ERR,ERR,ERR,ERR,ERR,ERR,ERR,ERR,ERR,ERR,ERR,ERR,ERR,ERR,ERR,ERR,ERR,ERR,ERR,ERR,ERR,ERR,ERR,ERR,ERR,ERR,ERR,ERR,ERR,ERR,ERR,ERR,ERR,ERR,ERR,ERR,ERR,ERR,ERR,ERR,ERR,ERR,ERR,ERR,ERR,ERR,ERR,ERR,ERR,ERR,ERR,ERR,ERR,ERR,ERR,ERR,ERR,ERR,ERR,ERR,ERR,ERR,ERR,ERR,ERR,ERR,ERR,ERR,ERR,ERR,ERR,ERR,ERR,ERR,ERR,ERR,ERR,ERR,ERR,ERR,ERR,ERR,ERR,ERR,ERR,ERR,ERR,ERR,ERR,ERR,ERR,ERR,ERR,ERR,ERR,ERR,ERR,ERR,ERR,ERR,ERR,ERR,ERR,ERR,ERR,ERR,ERR,ERR,ERR,ERR,ERR,ERR,ERR,ERR,ERR,ERR,ERR,0.0,2.7184312818759872e+23,-100793952.0,0.0,0.0,1.3936040501711995e+18,7.805,0.0,0,0,4,0,7116,0.0,100,0.0,0.0,0.0,0.0,0.0,0,0,0,0,0.0,0,0,0,0,0,0,0,0,0,0,0,0,0,0,0,0,0,0,0,0,0,0,0,0,0,0,0,0,0,0,0,0,0,31,40,40,71,65476,0,300,0,0,8,21553,0.0,-107605600.0,0.0,0.0,0.0,0.0,0.0,0.0,0.0,0.0,0.0,0.0,0.0,0.0,0.0,0.0,0.0,0.0,0.0,0.0,0.0,0.0,-2.004,-2.004,-0.0,-2.004,0.0,0.0,0.0,0.0,6332.0,-0.0,6932.0,0.0,2.7184312818759872e+23,2.7184303811560617e+23,0.0,0.0,0.0,0.0,0.0,69,126841176064.0,-4.950421634474044e+32,0.0,0.0,0.0,0.0,0.0,0.0,0.0,0,0,0,0.0,0.0,0.0,0.0,0.0,0.0,0.0,0.0,0.0,0.0,0.0,0.0,0.0,0.0,0.0,0.0,0,-107875648.0,69,0.0,138,0.0,0.0,0,13107,17040,13107,17049,13107,17043,0,0,0,70,68,100,2.7302359370752657e+23,71.2,2.7302370179391762e+23,74.2,2.7302370179391762e+23,74.0,1,49,50,180,13107,52429,0,0,0.0,0.0,0.0,0.0,-0.0,67.0,0.0,162057.094,0.0,751,0,739,0,0,0,721,0,766,0,736,0,742,0,741,0,712,0,7520,0.032,85362475008.0,0.0,0.0,784,16797,-0.0,162057.094,-114818.039,-0.0,0.133,6.909358625270745e+28,30.0,65.0,35,0.0,0.0,0.0,0.0,0.0,0.0,0.0,0.0,0.0,0.0,0.0,0.0,0.0,0.0,0.0,0.0,69.2,0,150,71,55,65476,0,300,0,1,8,20529,65476,0,0,40632,65.0,0.0,0.0,0.0,0.0,0.0
2026-09-04T20:26:48,ERR,ERR,ERR,ERR,ERR,ERR,ERR,ERR,ERR,ERR,ERR,ERR,ERR,ERR,ERR,ERR,ERR,ERR,ERR,ERR,ERR,ERR,ERR,ERR,ERR,ERR,ERR,ERR,ERR,ERR,ERR,ERR,ERR,ERR,ERR,ERR,ERR,ERR,ERR,ERR,ERR,ERR,ERR,ERR,ERR,ERR,ERR,ERR,ERR,ERR,ERR,ERR,ERR,ERR,ERR,ERR,ERR,ERR,ERR,ERR,ERR,ERR,ERR,ERR,ERR,ERR,ERR,ERR,ERR,ERR,ERR,ERR,ERR,ERR,ERR,ERR,ERR,ERR,ERR,ERR,ERR,ERR,ERR,ERR,ERR,ERR,ERR,ERR,ERR,ERR,ERR,ERR,ERR,ERR,ERR,ERR,ERR,ERR,ERR,ERR,ERR,ERR,ERR,ERR,ERR,ERR,ERR,ERR,ERR,ERR,ERR,ERR,ERR,ERR,ERR,ERR,ERR,ERR,ERR,ERR,ERR,ERR,ERR,ERR,ERR,0.0,2.7184312818759872e+23,-100793952.0,0.0,0.0,1.3936040501711995e+18,7.805,0.0,0,0,4,0,7116,0.0,100,0.0,0.0,0.0,0.0,0.0,0,0,0,0,0.0,0,0,0,0,0,0,0,0,0,0,0,0,0,0,0,0,0,0,0,0,0,0,0,0,0,0,0,0,0,0,0,0,0,31,40,40,71,65476,0,300,0,0,8,21553,0.0,-107605600.0,0.0,0.0,0.0,0.0,0.0,0.0,0.0,0.0,0.0,0.0,0.0,0.0,0.0,0.0,0.0,0.0,0.0,0.0,0.0,0.0,-2.004,-2.004,-0.0,-2.004,0.0,0.0,0.0,0.0,6332.0,-0.0,6932.0,0.0,2.7184312818759872e+23,2.7184303811560617e+23,0.0,0.0,0.0,0.0,0.0,69,126841176064.0,-4.950421634474044e+32,0.0,0.0,0.0,0.0,0.0,0.0,0.0,0,0,0,0.0,0.0,0.0,0.0,0.0,0.0,0.0,0.0,0.0,0.0,0.0,0.0,0.0,0.0,0.0,0.0,0,-107875648.0,69,0.0,138,0.0,0.0,0,13107,17040,13107,17049,13107,17043,0,0,0,70,68,100,2.7302359370752657e+23,71.2,2.7302370179391762e+23,74.2,2.7302370179391762e+23,74.0,1,49,50,180,13107,52429,0,0,0.0,0.0,0.0,0.0,-0.0,67.0,0.0,162057.094,0.0,751,0,739,0,0,0,721,0,766,0,736,0,742,0,741,0,712,0,7520,0.032,85362475008.0,0.0,0.0,784,16797,-0.0,162057.094,-114818.039,-0.0,0.133,6.909358625270745e+28,30.0,65.0,35,0.0,0.0,0.0,0.0,0.0,0.0,0.0,0.0,0.0,0.0,0.0,0.0,0.0,0.0,0.0,0.0,69.2,0,150,71,55,65476,0,300,0,1,8,20529,65476,0,0,40632,65.0,0.0,0.0,0.0,0.0,0.0
2026-09-04T20:26:49,ERR,ERR,ERR,ERR,ERR,ERR,ERR,ERR,ERR,ERR,ERR,ERR,ERR,ERR,ERR,ERR,ERR,ERR,ERR,ERR,ERR,ERR,ERR,ERR,ERR,ERR,ERR,ERR,ERR,ERR,ERR,ERR,ERR,ERR,ERR,ERR,ERR,ERR,ERR,ERR,ERR,ERR,ERR,ERR,ERR,ERR,ERR,ERR,ERR,ERR,ERR,ERR,ERR,ERR,ERR,ERR,ERR,ERR,ERR,ERR,ERR,ERR,ERR,ERR,ERR,ERR,ERR,ERR,ERR,ERR,ERR,ERR,ERR,ERR,ERR,ERR,ERR,ERR,ERR,ERR,ERR,ERR,ERR,ERR,ERR,ERR,ERR,ERR,ERR,ERR,ERR,ERR,ERR,ERR,ERR,ERR,ERR,ERR,ERR,ERR,ERR,ERR,ERR,ERR,ERR,ERR,ERR,ERR,ERR,ERR,ERR,ERR,ERR,ERR,ERR,ERR,ERR,ERR,ERR,ERR,ERR,ERR,ERR,ERR,ERR,0.0,2.7184312818759872e+23,-100793952.0,0.0,0.0,1.3936040501711995e+18,7.805,0.0,0,0,4,0,7116,0.0,100,0.0,0.0,0.0,0.0,0.0,0,0,0,0,0.0,0,0,0,0,0,0,0,0,0,0,0,0,0,0,0,0,0,0,0,0,0,0,0,0,0,0,0,0,0,0,0,0,0,31,40,40,71,65476,0,300,0,0,8,21553,0.0,-107605600.0,0.0,0.0,0.0,0.0,0.0,0.0,0.0,0.0,0.0,0.0,0.0,0.0,0.0,0.0,0.0,0.0,0.0,0.0,0.0,0.0,-2.004,-2.004,-0.0,-2.004,0.0,0.0,0.0,0.0,6332.0,-0.0,6932.0,0.0,2.7184312818759872e+23,2.7184303811560617e+23,0.0,0.0,0.0,0.0,0.0,69,126841176064.0,-4.950421634474044e+32,0.0,0.0,0.0,0.0,0.0,0.0,0.0,0,0,0,0.0,0.0,0.0,0.0,0.0,0.0,0.0,0.0,0.0,0.0,0.0,0.0,0.0,0.0,0.0,0.0,0,-107875648.0,69,0.0,138,0.0,0.0,0,13107,17040,13107,17049,13107,17043,0,0,0,70,68,100,2.7302359370752657e+23,71.2,2.7302370179391762e+23,74.2,2.7302370179391762e+23,74.0,1,49,50,180,13107,52429,0,0,0.0,0.0,0.0,0.0,-0.0,67.0,0.0,162057.094,0.0,751,0,739,0,0,0,721,0,766,0,736,0,742,0,741,0,712,0,7520,0.032,85362475008.0,0.0,0.0,784,16797,-0.0,162057.094,-114818.039,-0.0,0.133,6.909358625270745e+28,30.0,65.0,35,0.0,0.0,0.0,0.0,0.0,0.0,0.0,0.0,0.0,0.0,0.0,0.0,0.0,0.0,0.0,0.0,69.2,0,150,71,55,65476,0,300,0,1,8,20529,65476,0,0,40632,65.0,0.0,0.0,0.0,0.0,0.0
2026-09-04T20:26:50,ERR,ERR,ERR,ERR,ERR,ERR,ERR,ERR,ERR,ERR,ERR,ERR,ERR,ERR,ERR,ERR,ERR,ERR,ERR,ERR,ERR,ERR,ERR,ERR,ERR,ERR,ERR,ERR,ERR,ERR,ERR,ERR,ERR,ERR,ERR,ERR,ERR,ERR,ERR,ERR,ERR,ERR,ERR,ERR,ERR,ERR,ERR,ERR,ERR,ERR,ERR,ERR,ERR,ERR,ERR,ERR,ERR,ERR,ERR,ERR,ERR,ERR,ERR,ERR,ERR,ERR,ERR,ERR,ERR,ERR,ERR,ERR,ERR,ERR,ERR,ERR,ERR,ERR,ERR,ERR,ERR,ERR,ERR,ERR,ERR,ERR,ERR,ERR,ERR,ERR,ERR,ERR,ERR,ERR,ERR,ERR,ERR,ERR,ERR,ERR,ERR,ERR,ERR,ERR,ERR,ERR,ERR,ERR,ERR,ERR,ERR,ERR,ERR,ERR,ERR,ERR,ERR,ERR,ERR,ERR,ERR,ERR,ERR,ERR,ERR,0.0,0.0,0.0,0.0,0.0,1.3936040501711995e+18,7.805,0.0,0,0,4,0,7116,0.0,100,0.0,0.0,0.0,0.0,0.0,0,0,0,0,0.0,0,0,0,0,0,0,0,0,0,0,0,0,0,0,0,0,0,0,0,0,0,0,0,0,0,0,0,0,0,0,0,0,0,31,40,40,71,65476,0,300,0,0,8,21553,0.0,-107605600.0,0.0,0.0,0.0,0.0,0.0,0.0,0.0,0.0,0.0,0.0,0.0,0.0,0.0,0.0,0.0,0.0,0.0,0.0,0.0,0.0,-2.004,-0.0,-2.004,-2.004,0.0,0.0,0.0,0.0,6327.0,2.422999721977704e+24,6925.0,0.0,2.7184312818759872e+23,-0.0,0.0,0.0,0.0,0.0,0.0,69,71.63,-0.0,0.0,0.0,0.0,0.0,0.0,0.0,0.0,0,0,0,0.0,0.0,0.0,0.0,0.0,0.0,0.0,0.0,0.0,0.0,0.0,0.0,0.0,0.0,0.0,0.0,0,-107875648.0,69,0.0,138,0.0,0.0,0,13107,17040,13107,17049,13107,17043,0,0,0,70,68,100,2.7302359370752657e+23,71.2,2.7302370179391762e+23,74.2,2.7302370179391762e+23,74.0,1,49,50,180,13107,52429,0,0,0.0,0.0,0.0,0.0,-0.0,67.0,0.0,162057.094,0.0,751,0,739,0,0,0,721,0,766,0,736,0,742,0,741,0,712,0,7520,0.032,85362475008.0,0.0,0.0,784,16797,-0.0,162057.094,-114818.039,-0.0,0.133,6.909358625270745e+28,30.0,65.0,35,0.0,0.0,0.0,0.0,0.0,0.0,0.0,0.0,0.0,0.0,0.0,0.0,0.0,0.0,0.0,0.0,69.2,0,150,71,55,65476,0,300,0,1,8,20529,65476,0,0,40632,65.0,0.0,0.0,0.0,0.0,0.0
2026-09-04T20:26:51,ERR,ERR,ERR,ERR,ERR,ERR,ERR,ERR,ERR,ERR,ERR,ERR,ERR,ERR,ERR,ERR,ERR,ERR,ERR,ERR,ERR,ERR,ERR,ERR,ERR,ERR,ERR,ERR,ERR,ERR,ERR,ERR,ERR,ERR,ERR,ERR,ERR,ERR,ERR,ERR,ERR,ERR,ERR,ERR,ERR,ERR,ERR,ERR,ERR,ERR,ERR,ERR,ERR,ERR,ERR,ERR,ERR,ERR,ERR,ERR,ERR,ERR,ERR,ERR,ERR,ERR,ERR,ERR,ERR,ERR,ERR,ERR,ERR,ERR,ERR,ERR,ERR,ERR,ERR,ERR,ERR,ERR,ERR,ERR,ERR,ERR,ERR,ERR,ERR,ERR,ERR,ERR,ERR,ERR,ERR,ERR,ERR,ERR,ERR,ERR,ERR,ERR,ERR,ERR,ERR,ERR,ERR,ERR,ERR,ERR,ERR,ERR,ERR,ERR,ERR,ERR,ERR,ERR,ERR,ERR,ERR,ERR,ERR,ERR,ERR,0.0,0.0,0.0,0.0,0.0,1.3936040501711995e+18,7.805,0.0,0,0,4,0,7116,0.0,100,0.0,0.0,0.0,0.0,0.0,0,0,0,0,0.0,0,0,0,0,0,0,0,0,0,0,0,0,0,0,0,0,0,0,0,0,0,0,0,0,0,0,0,0,0,0,0,0,0,31,40,40,71,65476,0,300,0,0,8,21553,0.0,-107605600.0,0.0,0.0,0.0,0.0,0.0,0.0,0.0,0.0,0.0,0.0,0.0,0.0,0.0,0.0,0.0,0.0,0.0,0.0,0.0,0.0,-2.004,-0.0,-2.004,-2.004,0.0,0.0,0.0,0.0,6327.0,2.422999721977704e+24,6925.0,0.0,2.7184312818759872e+23,-0.0,0.0,0.0,0.0,0.0,0.0,69,71.63,-0.0,0.0,0.0,0.0,0.0,0.0,0.0,0.0,0,0,0,0.0,0.0,0.0,0.0,0.0,0.0,0.0,0.0,0.0,0.0,0.0,0.0,0.0,0.0,0.0,0.0,0,-107875648.0,69,0.0,138,0.0,0.0,0,13107,17040,13107,17049,13107,17043,0,0,0,70,68,100,2.7302359370752657e+23,71.2,2.7302370179391762e+23,74.2,2.7302370179391762e+23,74.0,1,49,50,180,13107,52429,0,0,0.0,0.0,0.0,0.0,-0.0,67.0,0.0,162057.094,0.0,751,0,739,0,0,0,721,0,766,0,736,0,742,0,741,0,712,0,7520,0.032,85362475008.0,0.0,0.0,784,16797,-0.0,162057.094,-114818.039,-0.0,0.133,6.909358625270745e+28,30.0,65.0,35,0.0,0.0,0.0,0.0,0.0,0.0,0.0,0.0,0.0,0.0,0.0,0.0,0.0,0.0,0.0,0.0,69.2,0,150,71,55,65476,0,300,0,1,8,20529,65476,0,0,40632,65.0,0.0,0.0,0.0,0.0,0.0
2026-09-04T20:26:52,ERR,ERR,ERR,ERR,ERR,ERR,ERR,ERR,ERR,ERR,ERR,ERR,ERR,ERR,ERR,ERR,ERR,ERR,ERR,ERR,ERR,ERR,ERR,ERR,ERR,ERR,ERR,ERR,ERR,ERR,ERR,ERR,ERR,ERR,ERR,ERR,ERR,ERR,ERR,ERR,ERR,ERR,ERR,ERR,ERR,ERR,ERR,ERR,ERR,ERR,ERR,ERR,ERR,ERR,ERR,ERR,ERR,ERR,ERR,ERR,ERR,ERR,ERR,ERR,ERR,ERR,ERR,ERR,ERR,ERR,ERR,ERR,ERR,ERR,ERR,ERR,ERR,ERR,ERR,ERR,ERR,ERR,ERR,ERR,ERR,ERR,ERR,ERR,ERR,ERR,ERR,ERR,ERR,ERR,ERR,ERR,ERR,ERR,ERR,ERR,ERR,ERR,ERR,ERR,ERR,ERR,ERR,ERR,ERR,ERR,ERR,ERR,ERR,ERR,ERR,ERR,ERR,ERR,ERR,ERR,ERR,ERR,ERR,ERR,ERR,0.0,0.0,0.0,0.0,0.0,1.3936040501711995e+18,7.805,0.0,0,0,4,0,7116,0.0,100,0.0,0.0,0.0,0.0,0.0,0,0,0,0,0.0,0,0,0,0,0,0,0,0,0,0,0,0,0,0,0,0,0,0,0,0,0,0,0,0,0,0,0,0,0,0,0,0,0,31,40,40,71,65476,0,300,0,0,8,21553,0.0,-107605600.0,0.0,0.0,0.0,0.0,0.0,0.0,0.0,0.0,0.0,0.0,0.0,0.0,0.0,0.0,0.0,0.0,0.0,0.0,0.0,0.0,-2.004,-0.0,-2.004,-2.004,0.0,0.0,0.0,0.0,6327.0,2.422999721977704e+24,6925.0,0.0,2.7184312818759872e+23,-0.0,0.0,0.0,0.0,0.0,0.0,69,71.63,-0.0,0.0,0.0,0.0,0.0,0.0,0.0,0.0,0,0,0,0.0,0.0,0.0,0.0,0.0,0.0,0.0,0.0,0.0,0.0,0.0,0.0,0.0,0.0,0.0,0.0,0,-107875648.0,69,0.0,138,0.0,0.0,0,13107,17040,13107,17049,13107,17043,0,0,0,70,68,100,2.7302359370752657e+23,71.1,2.7302370179391762e+23,74.2,2.7302370179391762e+23,74.0,1,49,50,180,13107,52429,0,0,0.0,0.0,0.0,0.0,-0.0,67.0,0.0,162057.094,0.0,751,0,739,0,0,0,721,0,766,0,736,0,742,0,741,0,712,0,7520,0.032,79993765888.0,0.0,0.0,784,16797,-0.0,162057.094,-114818.039,-0.0,0.133,6.909358625270745e+28,30.0,65.0,35,0.0,0.0,0.0,0.0,0.0,0.0,0.0,0.0,0.0,0.0,0.0,0.0,0.0,0.0,0.0,0.0,69.2,0,150,71,55,65476,0,300,0,1,8,20529,65476,0,0,40632,65.0,0.0,0.0,0.0,0.0,0.0
2026-09-04T20:26:53,ERR,ERR,ERR,ERR,ERR,ERR,ERR,ERR,ERR,ERR,ERR,ERR,ERR,ERR,ERR,ERR,ERR,ERR,ERR,ERR,ERR,ERR,ERR,ERR,ERR,ERR,ERR,ERR,ERR,ERR,ERR,ERR,ERR,ERR,ERR,ERR,ERR,ERR,ERR,ERR,ERR,ERR,ERR,ERR,ERR,ERR,ERR,ERR,ERR,ERR,ERR,ERR,ERR,ERR,ERR,ERR,ERR,ERR,ERR,ERR,ERR,ERR,ERR,ERR,ERR,ERR,ERR,ERR,ERR,ERR,ERR,ERR,ERR,ERR,ERR,ERR,ERR,ERR,ERR,ERR,ERR,ERR,ERR,ERR,ERR,ERR,ERR,ERR,ERR,ERR,ERR,ERR,ERR,ERR,ERR,ERR,ERR,ERR,ERR,ERR,ERR,ERR,ERR,ERR,ERR,ERR,ERR,ERR,ERR,ERR,ERR,ERR,ERR,ERR,ERR,ERR,ERR,ERR,ERR,ERR,ERR,ERR,ERR,ERR,ERR,0.0,0.0,0.0,0.0,0.0,1.3936040501711995e+18,7.805,0.0,0,0,4,0,7116,0.0,100,0.0,0.0,0.0,0.0,0.0,0,0,0,0,0.0,0,0,0,0,0,0,0,0,0,0,0,0,0,0,0,0,0,0,0,0,0,0,0,0,0,0,0,0,0,0,0,0,0,31,40,40,71,65476,0,300,0,0,8,21553,0.0,-107605600.0,0.0,0.0,0.0,0.0,0.0,0.0,0.0,0.0,0.0,0.0,0.0,0.0,0.0,0.0,0.0,0.0,0.0,0.0,0.0,0.0,-2.004,-0.0,-2.004,-2.004,0.0,0.0,0.0,0.0,6327.0,2.422999721977704e+24,6925.0,0.0,2.7184312818759872e+23,-0.0,0.0,0.0,0.0,0.0,0.0,69,71.63,-0.0,0.0,0.0,0.0,0.0,0.0,0.0,0.0,0,0,0,0.0,0.0,0.0,0.0,0.0,0.0,0.0,0.0,0.0,0.0,0.0,0.0,0.0,0.0,0.0,0.0,0,-107875648.0,69,0.0,138,0.0,0.0,0,13107,17040,13107,17049,13107,17043,0,0,0,70,68,100,2.7302359370752657e+23,71.1,2.7302370179391762e+23,74.2,2.7302370179391762e+23,74.0,1,49,50,180,13107,52429,0,0,0.0,0.0,0.0,0.0,-0.0,67.0,0.0,162057.094,0.0,751,0,739,0,0,0,721,0,766,0,736,0,742,0,741,0,712,0,7520,0.032,79993765888.0,0.0,0.0,784,16797,-0.0,162057.094,-114818.039,-0.0,0.133,6.909358625270745e+28,30.0,65.0,35,0.0,0.0,0.0,0.0,0.0,0.0,0.0,0.0,0.0,0.0,0.0,0.0,0.0,0.0,0.0,0.0,69.2,0,150,71,55,65476,0,300,0,1,8,20529,65476,0,0,40632,65.0,0.0,0.0,0.0,0.0,0.0
2026-09-04T20:26:54,ERR,ERR,ERR,ERR,ERR,ERR,ERR,ERR,ERR,ERR,ERR,ERR,ERR,ERR,ERR,ERR,ERR,ERR,ERR,ERR,ERR,ERR,ERR,ERR,ERR,ERR,ERR,ERR,ERR,ERR,ERR,ERR,ERR,ERR,ERR,ERR,ERR,ERR,ERR,ERR,ERR,ERR,ERR,ERR,ERR,ERR,ERR,ERR,ERR,ERR,ERR,ERR,ERR,ERR,ERR,ERR,ERR,ERR,ERR,ERR,ERR,ERR,ERR,ERR,ERR,ERR,ERR,ERR,ERR,ERR,ERR,ERR,ERR,ERR,ERR,ERR,ERR,ERR,ERR,ERR,ERR,ERR,ERR,ERR,ERR,ERR,ERR,ERR,ERR,ERR,ERR,ERR,ERR,ERR,ERR,ERR,ERR,ERR,ERR,ERR,ERR,ERR,ERR,ERR,ERR,ERR,ERR,ERR,ERR,ERR,ERR,ERR,ERR,ERR,ERR,ERR,ERR,ERR,ERR,ERR,ERR,ERR,ERR,ERR,ERR,0.0,0.0,0.0,0.0,0.0,1.3936040501711995e+18,7.805,0.0,0,0,4,0,7116,0.0,100,0.0,0.0,0.0,0.0,0.0,0,0,0,0,0.0,0,0,0,0,0,0,0,0,0,0,0,0,0,0,0,0,0,0,0,0,0,0,0,0,0,0,0,0,0,0,0,0,0,31,40,40,71,65476,0,300,0,0,8,21553,0.0,-107605600.0,0.0,0.0,0.0,0.0,0.0,0.0,0.0,0.0,0.0,0.0,0.0,0.0,0.0,0.0,0.0,0.0,0.0,0.0,0.0,0.0,-2.004,-0.0,-2.004,-2.004,0.0,0.0,0.0,0.0,6327.0,2.422999721977704e+24,6925.0,0.0,2.7184312818759872e+23,-0.0,0.0,0.0,0.0,0.0,0.0,69,71.63,-0.0,0.0,0.0,0.0,0.0,0.0,0.0,0.0,0,0,0,0.0,0.0,0.0,0.0,0.0,0.0,0.0,0.0,0.0,0.0,0.0,0.0,0.0,0.0,0.0,0.0,0,-107875648.0,69,0.0,138,0.0,0.0,0,13107,17040,13107,17049,13107,17043,0,0,0,70,68,100,2.7302359370752657e+23,71.1,2.7302370179391762e+23,74.2,2.7302370179391762e+23,74.0,1,49,50,180,13107,52429,0,0,0.0,0.0,0.0,0.0,-0.0,67.0,0.0,162057.094,0.0,751,0,739,0,0,0,721,0,766,0,736,0,742,0,741,0,712,0,7520,0.032,79993765888.0,0.0,0.0,784,16797,-0.0,162057.094,-114818.039,-0.0,0.133,6.909358625270745e+28,30.0,65.0,35,0.0,0.0,0.0,0.0,0.0,0.0,0.0,0.0,0.0,0.0,0.0,0.0,0.0,0.0,0.0,0.0,69.2,0,150,71,55,65476,0,300,0,1,8,20529,65476,0,0,40632,65.0,0.0,0.0,0.0,0.0,0.0
2026-09-04T20:26:55,ERR,ERR,ERR,ERR,ERR,ERR,ERR,ERR,ERR,ERR,ERR,ERR,ERR,ERR,ERR,ERR,ERR,ERR,ERR,ERR,ERR,ERR,ERR,ERR,ERR,ERR,ERR,ERR,ERR,ERR,ERR,ERR,ERR,ERR,ERR,ERR,ERR,ERR,ERR,ERR,ERR,ERR,ERR,ERR,ERR,ERR,ERR,ERR,ERR,ERR,ERR,ERR,ERR,ERR,ERR,ERR,ERR,ERR,ERR,ERR,ERR,ERR,ERR,ERR,ERR,ERR,ERR,ERR,ERR,ERR,ERR,ERR,ERR,ERR,ERR,ERR,ERR,ERR,ERR,ERR,ERR,ERR,ERR,ERR,ERR,ERR,ERR,ERR,ERR,ERR,ERR,ERR,ERR,ERR,ERR,ERR,ERR,ERR,ERR,ERR,ERR,ERR,ERR,ERR,ERR,ERR,ERR,ERR,ERR,ERR,ERR,ERR,ERR,ERR,ERR,ERR,ERR,ERR,ERR,ERR,ERR,ERR,ERR,ERR,ERR,0.0,0.0,0.0,0.0,0.0,1.3936040501711995e+18,7.805,0.0,0,0,4,0,7116,0.0,100,0.0,0.0,0.0,0.0,0.0,0,0,0,0,0.0,0,0,0,0,0,0,0,0,0,0,0,0,0,0,0,0,0,0,0,0,0,0,0,0,0,0,0,0,0,0,0,0,0,31,40,40,71,65476,0,300,0,0,8,21553,0.0,-107605600.0,0.0,0.0,0.0,0.0,0.0,0.0,0.0,0.0,0.0,0.0,0.0,0.0,0.0,0.0,0.0,0.0,0.0,0.0,0.0,0.0,-2.004,-0.0,-2.004,-2.004,0.0,0.0,0.0,0.0,6327.0,2.422999721977704e+24,6925.0,0.0,2.7184312818759872e+23,-0.0,0.0,0.0,0.0,0.0,0.0,69,71.63,-0.0,0.0,0.0,0.0,0.0,0.0,0.0,0.0,0,0,0,0.0,0.0,0.0,0.0,0.0,0.0,0.0,0.0,0.0,0.0,0.0,0.0,0.0,0.0,0.0,0.0,0,-107875648.0,69,0.0,138,0.0,0.0,0,13107,17040,13107,17049,13107,17043,0,0,0,70,68,100,2.7302359370752657e+23,71.1,2.7302370179391762e+23,74.2,2.7302370179391762e+23,74.0,1,49,50,180,13107,52429,0,0,0.0,0.0,0.0,0.0,-0.0,67.0,0.0,162057.094,0.0,751,0,739,0,0,0,721,0,766,0,736,0,742,0,741,0,712,0,7520,0.032,79993765888.0,0.0,0.0,784,16797,-0.0,162057.094,-114818.039,-0.0,0.133,6.909358625270745e+28,30.0,65.0,35,0.0,0.0,0.0,0.0,0.0,0.0,0.0,0.0,0.0,0.0,0.0,0.0,0.0,0.0,0.0,0.0,69.2,0,150,71,55,65476,0,300,0,1,8,20529,65476,0,0,40632,65.0,0.0,0.0,0.0,0.0,0.0
2026-09-04T20:26:56,ERR,ERR,ERR,ERR,ERR,ERR,ERR,ERR,ERR,ERR,ERR,ERR,ERR,ERR,ERR,ERR,ERR,ERR,ERR,ERR,ERR,ERR,ERR,ERR,ERR,ERR,ERR,ERR,ERR,ERR,ERR,ERR,ERR,ERR,ERR,ERR,ERR,ERR,ERR,ERR,ERR,ERR,ERR,ERR,ERR,ERR,ERR,ERR,ERR,ERR,ERR,ERR,ERR,ERR,ERR,ERR,ERR,ERR,ERR,ERR,ERR,ERR,ERR,ERR,ERR,ERR,ERR,ERR,ERR,ERR,ERR,ERR,ERR,ERR,ERR,ERR,ERR,ERR,ERR,ERR,ERR,ERR,ERR,ERR,ERR,ERR,ERR,ERR,ERR,ERR,ERR,ERR,ERR,ERR,ERR,ERR,ERR,ERR,ERR,ERR,ERR,ERR,ERR,ERR,ERR,ERR,ERR,ERR,ERR,ERR,ERR,ERR,ERR,ERR,ERR,ERR,ERR,ERR,ERR,ERR,ERR,ERR,ERR,ERR,ERR,0.0,0.0,0.0,0.0,0.0,1.3936040501711995e+18,7.805,0.0,0,0,4,0,7116,0.0,100,0.0,0.0,0.0,0.0,0.0,0,0,0,0,0.0,0,0,0,0,0,0,0,0,0,0,0,0,0,0,0,0,0,0,0,0,0,0,0,0,0,0,0,0,0,0,0,0,0,31,40,40,71,65476,0,300,0,0,8,21553,0.0,-107605600.0,0.0,0.0,0.0,0.0,0.0,0.0,0.0,0.0,0.0,0.0,0.0,0.0,0.0,0.0,0.0,0.0,0.0,0.0,0.0,0.0,-2.004,-0.0,-2.004,-2.004,0.0,0.0,0.0,0.0,6327.0,2.422999721977704e+24,6925.0,0.0,2.7184312818759872e+23,-0.0,0.0,0.0,0.0,0.0,0.0,69,71.63,-0.0,0.0,0.0,0.0,0.0,0.0,0.0,0.0,0,0,0,0.0,0.0,0.0,0.0,0.0,0.0,0.0,0.0,0.0,0.0,0.0,0.0,0.0,0.0,0.0,0.0,0,-107875648.0,69,0.0,138,0.0,0.0,0,13107,17040,13107,17049,13107,17043,0,0,0,70,68,100,2.7302359370752657e+23,71.1,2.7302370179391762e+23,74.2,2.7302370179391762e+23,74.0,1,49,50,180,13107,52429,0,0,0.0,0.0,0.0,0.0,-0.0,67.0,0.0,162057.094,0.0,751,0,739,0,0,0,721,0,766,0,736,0,742,0,741,0,712,0,7520,0.032,79993765888.0,0.0,0.0,784,16797,-0.0,162057.094,-114818.039,-0.0,0.133,6.909358625270745e+28,30.0,65.0,35,0.0,0.0,0.0,0.0,0.0,0.0,0.0,0.0,0.0,0.0,0.0,0.0,0.0,0.0,0.0,0.0,69.2,0,150,71,55,65476,0,300,0,1,8,20529,65476,0,0,40632,65.0,0.0,0.0,0.0,0.0,0.0
2026-09-04T20:26:57,ERR,ERR,ERR,ERR,ERR,ERR,ERR,ERR,ERR,ERR,ERR,ERR,ERR,ERR,ERR,ERR,ERR,ERR,ERR,ERR,ERR,ERR,ERR,ERR,ERR,ERR,ERR,ERR,ERR,ERR,ERR,ERR,ERR,ERR,ERR,ERR,ERR,ERR,ERR,ERR,ERR,ERR,ERR,ERR,ERR,ERR,ERR,ERR,ERR,ERR,ERR,ERR,ERR,ERR,ERR,ERR,ERR,ERR,ERR,ERR,ERR,ERR,ERR,ERR,ERR,ERR,ERR,ERR,ERR,ERR,ERR,ERR,ERR,ERR,ERR,ERR,ERR,ERR,ERR,ERR,ERR,ERR,ERR,ERR,ERR,ERR,ERR,ERR,ERR,ERR,ERR,ERR,ERR,ERR,ERR,ERR,ERR,ERR,ERR,ERR,ERR,ERR,ERR,ERR,ERR,ERR,ERR,ERR,ERR,ERR,ERR,ERR,ERR,ERR,ERR,ERR,ERR,ERR,ERR,ERR,ERR,ERR,ERR,ERR,ERR,0.0,0.0,0.0,0.0,0.0,1.3936040501711995e+18,7.805,0.0,0,0,4,0,7116,0.0,100,0.0,0.0,0.0,0.0,0.0,0,0,0,0,0.0,0,0,0,0,0,0,0,0,0,0,0,0,0,0,0,0,0,0,0,0,0,0,0,0,0,0,0,0,0,0,0,0,0,31,40,40,71,65476,0,300,0,0,8,21553,0.0,-107605600.0,0.0,0.0,0.0,0.0,0.0,0.0,0.0,0.0,0.0,0.0,0.0,0.0,0.0,0.0,0.0,0.0,0.0,0.0,0.0,0.0,-2.004,-0.0,-2.004,-2.004,0.0,0.0,0.0,0.0,6327.0,2.422999721977704e+24,6925.0,0.0,2.7184312818759872e+23,-0.0,0.0,0.0,0.0,0.0,0.0,69,71.63,-0.0,0.0,0.0,0.0,0.0,0.0,0.0,0.0,0,0,0,0.0,0.0,0.0,0.0,0.0,0.0,0.0,0.0,0.0,0.0,0.0,0.0,0.0,0.0,0.0,0.0,0,-107875648.0,69,0.0,138,0.0,0.0,0,13107,17040,13107,17049,13107,17043,0,0,0,70,68,100,2.7302359370752657e+23,71.2,2.7302370179391762e+23,74.2,2.7302370179391762e+23,74.0,1,49,50,180,13107,52429,0,0,0.0,0.0,0.0,0.0,-0.0,67.0,0.0,162057.094,0.0,751,0,739,0,0,0,721,0,766,0,736,0,742,0,741,0,712,0,7520,0.032,107911053312.0,0.0,0.0,784,16797,-0.0,162057.094,-114818.039,-0.0,0.133,6.909358625270745e+28,30.0,65.0,35,0.0,0.0,0.0,0.0,0.0,0.0,0.0,0.0,0.0,0.0,0.0,0.0,0.0,0.0,0.0,0.0,69.2,0,150,71,55,65476,0,300,0,1,8,20529,65476,0,0,40632,65.0,0.0,0.0,0.0,0.0,0.0
2026-09-04T20:26:58,ERR,ERR,ERR,ERR,ERR,ERR,ERR,ERR,ERR,ERR,ERR,ERR,ERR,ERR,ERR,ERR,ERR,ERR,ERR,ERR,ERR,ERR,ERR,ERR,ERR,ERR,ERR,ERR,ERR,ERR,ERR,ERR,ERR,ERR,ERR,ERR,ERR,ERR,ERR,ERR,ERR,ERR,ERR,ERR,ERR,ERR,ERR,ERR,ERR,ERR,ERR,ERR,ERR,ERR,ERR,ERR,ERR,ERR,ERR,ERR,ERR,ERR,ERR,ERR,ERR,ERR,ERR,ERR,ERR,ERR,ERR,ERR,ERR,ERR,ERR,ERR,ERR,ERR,ERR,ERR,ERR,ERR,ERR,ERR,ERR,ERR,ERR,ERR,ERR,ERR,ERR,ERR,ERR,ERR,ERR,ERR,ERR,ERR,ERR,ERR,ERR,ERR,ERR,ERR,ERR,ERR,ERR,ERR,ERR,ERR,ERR,ERR,ERR,ERR,ERR,ERR,ERR,ERR,ERR,ERR,ERR,ERR,ERR,ERR,ERR,0.0,0.0,0.0,0.0,0.0,1.3936040501711995e+18,7.805,0.0,0,0,4,0,7116,0.0,100,0.0,0.0,0.0,0.0,0.0,0,0,0,0,0.0,0,0,0,0,0,0,0,0,0,0,0,0,0,0,0,0,0,0,0,0,0,0,0,0,0,0,0,0,0,0,0,0,0,31,40,40,71,65476,0,300,0,0,8,21553,0.0,-107605600.0,0.0,0.0,0.0,0.0,0.0,0.0,0.0,0.0,0.0,0.0,0.0,0.0,0.0,0.0,0.0,0.0,0.0,0.0,0.0,0.0,-2.004,-0.0,-0.0,-2.004,0.0,0.0,0.0,0.0,6292.0,564148517732352.0,6923.0,0.0,2.7184312818759872e+23,2.7184303811560617e+23,0.0,0.0,0.0,0.0,0.0,69,0.0,126840954880.0,0.0,0.0,0.0,0.0,0.0,0.0,0.0,0,0,0,0.0,0.0,0.0,0.0,0.0,0.0,0.0,0.0,0.0,0.0,0.0,0.0,0.0,0.0,0.0,0.0,0,-107875648.0,69,0.0,138,0.0,0.0,0,13107,17040,13107,17049,13107,17043,0,0,0,70,68,100,2.7302359370752657e+23,71.2,2.7302370179391762e+23,74.2,2.7302370179391762e+23,74.0,1,49,50,180,13107,52429,0,0,0.0,0.0,0.0,0.0,-0.0,67.0,0.0,162057.094,0.0,751,0,739,0,0,0,721,0,766,0,736,0,742,0,741,0,712,0,7520,0.032,107911053312.0,0.0,0.0,784,16797,-0.0,162057.094,-114818.039,-0.0,0.133,6.909358625270745e+28,30.0,65.0,35,0.0,0.0,0.0,0.0,0.0,0.0,0.0,0.0,0.0,0.0,0.0,0.0,0.0,0.0,0.0,0.0,69.2,0,150,71,55,65476,0,300,0,1,8,20529,65476,0,0,40632,65.0,0.0,0.0,0.0,0.0,0.0
2026-09-04T20:26:59,ERR,ERR,ERR,ERR,ERR,ERR,ERR,ERR,ERR,ERR,ERR,ERR,ERR,ERR,ERR,ERR,ERR,ERR,ERR,ERR,ERR,ERR,ERR,ERR,ERR,ERR,ERR,ERR,ERR,ERR,ERR,ERR,ERR,ERR,ERR,ERR,ERR,ERR,ERR,ERR,ERR,ERR,ERR,ERR,ERR,ERR,ERR,ERR,ERR,ERR,ERR,ERR,ERR,ERR,ERR,ERR,ERR,ERR,ERR,ERR,ERR,ERR,ERR,ERR,ERR,ERR,ERR,ERR,ERR,ERR,ERR,ERR,ERR,ERR,ERR,ERR,ERR,ERR,ERR,ERR,ERR,ERR,ERR,ERR,ERR,ERR,ERR,ERR,ERR,ERR,ERR,ERR,ERR,ERR,ERR,ERR,ERR,ERR,ERR,ERR,ERR,ERR,ERR,ERR,ERR,ERR,ERR,ERR,ERR,ERR,ERR,ERR,ERR,ERR,ERR,ERR,ERR,ERR,ERR,ERR,ERR,ERR,ERR,ERR,ERR,0.0,0.0,0.0,0.0,0.0,1.3936040501711995e+18,7.805,0.0,0,0,4,0,7116,0.0,100,0.0,0.0,0.0,0.0,0.0,0,0,0,0,0.0,0,0,0,0,0,0,0,0,0,0,0,0,0,0,0,0,0,0,0,0,0,0,0,0,0,0,0,0,0,0,0,0,0,31,40,40,71,65476,0,300,0,0,8,21553,0.0,-107605600.0,0.0,0.0,0.0,0.0,0.0,0.0,0.0,0.0,0.0,0.0,0.0,0.0,0.0,0.0,0.0,0.0,0.0,0.0,0.0,0.0,-2.004,-0.0,-0.0,-2.004,0.0,0.0,0.0,0.0,6292.0,564148517732352.0,6923.0,0.0,2.7184312818759872e+23,2.7184303811560617e+23,0.0,0.0,0.0,0.0,0.0,69,0.0,126840954880.0,0.0,0.0,0.0,0.0,0.0,0.0,0.0,0,0,0,0.0,0.0,0.0,0.0,0.0,0.0,0.0,0.0,0.0,0.0,0.0,0.0,0.0,0.0,0.0,0.0,0,-107875648.0,69,0.0,138,0.0,0.0,0,13107,17040,13107,17049,13107,17043,0,0,0,70,68,100,2.7302359370752657e+23,71.2,2.7302370179391762e+23,74.2,2.7302370179391762e+23,74.0,1,49,50,180,13107,52429,0,0,0.0,0.0,0.0,0.0,-0.0,67.0,0.0,162057.094,0.0,751,0,739,0,0,0,721,0,766,0,736,0,742,0,741,0,712,0,7520,0.032,107911053312.0,0.0,0.0,784,16797,-0.0,162057.094,-114818.039,-0.0,0.133,6.909358625270745e+28,30.0,65.0,35,0.0,0.0,0.0,0.0,0.0,0.0,0.0,0.0,0.0,0.0,0.0,0.0,0.0,0.0,0.0,0.0,69.2,0,150,71,55,65476,0,300,0,1,8,20529,65476,0,0,40632,65.0,0.0,0.0,0.0,0.0,0.0
2026-09-04T20:27:00,ERR,ERR,ERR,ERR,ERR,ERR,ERR,ERR,ERR,ERR,ERR,ERR,ERR,ERR,ERR,ERR,ERR,ERR,ERR,ERR,ERR,ERR,ERR,ERR,ERR,ERR,ERR,ERR,ERR,ERR,ERR,ERR,ERR,ERR,ERR,ERR,ERR,ERR,ERR,ERR,ERR,ERR,ERR,ERR,ERR,ERR,ERR,ERR,ERR,ERR,ERR,ERR,ERR,ERR,ERR,ERR,ERR,ERR,ERR,ERR,ERR,ERR,ERR,ERR,ERR,ERR,ERR,ERR,ERR,ERR,ERR,ERR,ERR,ERR,ERR,ERR,ERR,ERR,ERR,ERR,ERR,ERR,ERR,ERR,ERR,ERR,ERR,ERR,ERR,ERR,ERR,ERR,ERR,ERR,ERR,ERR,ERR,ERR,ERR,ERR,ERR,ERR,ERR,ERR,ERR,ERR,ERR,ERR,ERR,ERR,ERR,ERR,ERR,ERR,ERR,ERR,ERR,ERR,ERR,ERR,ERR,ERR,ERR,ERR,ERR,0.0,0.0,0.0,0.0,0.0,1.3936040501711995e+18,7.805,0.0,0,0,4,0,7116,0.0,100,0.0,0.0,0.0,0.0,0.0,0,0,0,0,0.0,0,0,0,0,0,0,0,0,0,0,0,0,0,0,0,0,0,0,0,0,0,0,0,0,0,0,0,0,0,0,0,0,0,31,40,40,71,65476,0,300,0,0,8,21553,0.0,-107605600.0,0.0,0.0,0.0,0.0,0.0,0.0,0.0,0.0,0.0,0.0,0.0,0.0,0.0,0.0,0.0,0.0,0.0,0.0,0.0,0.0,-2.004,-0.0,-0.0,-2.004,0.0,0.0,0.0,0.0,6292.0,564148517732352.0,6923.0,0.0,2.7184312818759872e+23,2.7184303811560617e+23,0.0,0.0,0.0,0.0,0.0,69,0.0,126840954880.0,0.0,0.0,0.0,0.0,0.0,0.0,0.0,0,0,0,0.0,0.0,0.0,0.0,0.0,0.0,0.0,0.0,0.0,0.0,0.0,0.0,0.0,0.0,0.0,0.0,0,-107875648.0,69,0.0,138,0.0,0.0,0,13107,17040,13107,17049,13107,17043,0,0,0,70,68,100,2.7302359370752657e+23,71.2,2.7302370179391762e+23,74.2,2.7302370179391762e+23,74.0,1,49,50,180,13107,52429,0,0,0.0,0.0,0.0,0.0,-0.0,67.0,0.0,162057.094,0.0,751,0,739,0,0,0,721,0,766,0,736,0,742,0,741,0,712,0,7520,0.032,107911053312.0,0.0,0.0,784,16797,-0.0,162057.094,-114818.039,-0.0,0.133,6.909358625270745e+28,30.0,65.0,35,0.0,0.0,0.0,0.0,0.0,0.0,0.0,0.0,0.0,0.0,0.0,0.0,0.0,0.0,0.0,0.0,69.2,0,150,71,55,65476,0,300,0,1,8,20529,65476,0,0,40632,65.0,0.0,0.0,0.0,0.0,0.0
2026-09-04T20:27:01,ERR,ERR,ERR,ERR,ERR,ERR,ERR,ERR,ERR,ERR,ERR,ERR,ERR,ERR,ERR,ERR,ERR,ERR,ERR,ERR,ERR,ERR,ERR,ERR,ERR,ERR,ERR,ERR,ERR,ERR,ERR,ERR,ERR,ERR,ERR,ERR,ERR,ERR,ERR,ERR,ERR,ERR,ERR,ERR,ERR,ERR,ERR,ERR,ERR,ERR,ERR,ERR,ERR,ERR,ERR,ERR,ERR,ERR,ERR,ERR,ERR,ERR,ERR,ERR,ERR,ERR,ERR,ERR,ERR,ERR,ERR,ERR,ERR,ERR,ERR,ERR,ERR,ERR,ERR,ERR,ERR,ERR,ERR,ERR,ERR,ERR,ERR,ERR,ERR,ERR,ERR,ERR,ERR,ERR,ERR,ERR,ERR,ERR,ERR,ERR,ERR,ERR,ERR,ERR,ERR,ERR,ERR,ERR,ERR,ERR,ERR,ERR,ERR,ERR,ERR,ERR,ERR,ERR,ERR,ERR,ERR,ERR,ERR,ERR,ERR,0.0,0.0,0.0,0.0,0.0,1.3936040501711995e+18,7.805,0.0,0,0,4,0,7116,0.0,100,0.0,0.0,0.0,0.0,0.0,0,0,0,0,0.0,0,0,0,0,0,0,0,0,0,0,0,0,0,0,0,0,0,0,0,0,0,0,0,0,0,0,0,0,0,0,0,0,0,31,40,40,71,65476,0,300,0,0,8,21553,0.0,-107605600.0,0.0,0.0,0.0,0.0,0.0,0.0,0.0,0.0,0.0,0.0,0.0,0.0,0.0,0.0,0.0,0.0,0.0,0.0,0.0,0.0,-2.004,-0.0,-0.0,-2.004,0.0,0.0,0.0,0.0,6292.0,564148517732352.0,6923.0,0.0,2.7184312818759872e+23,2.7184303811560617e+23,0.0,0.0,0.0,0.0,0.0,69,0.0,126840954880.0,0.0,0.0,0.0,0.0,0.0,0.0,0.0,0,0,0,0.0,0.0,0.0,0.0,0.0,0.0,0.0,0.0,0.0,0.0,0.0,0.0,0.0,0.0,0.0,0.0,0,-107875648.0,69,0.0,138,0.0,0.0,0,13107,17040,13107,17049,13107,17043,0,0,0,70,68,100,2.7302359370752657e+23,71.2,2.7302370179391762e+23,74.2,2.7302370179391762e+23,74.0,1,49,50,180,13107,52429,0,0,0.0,0.0,0.0,0.0,-0.0,67.0,0.0,162057.094,0.0,751,0,739,0,0,0,721,0,766,0,736,0,742,0,741,0,712,0,7520,0.032,107911053312.0,0.0,0.0,784,16797,-0.0,162057.094,-114818.039,-0.0,0.133,6.909358625270745e+28,30.0,65.0,35,0.0,0.0,0.0,0.0,0.0,0.0,0.0,0.0,0.0,0.0,0.0,0.0,0.0,0.0,0.0,0.0,69.2,0,150,71,55,65476,0,300,0,1,8,20529,65476,0,0,40632,65.0,0.0,0.0,0.0,0.0,0.0
2026-09-04T20:27:02,ERR,ERR,ERR,ERR,ERR,ERR,ERR,ERR,ERR,ERR,ERR,ERR,ERR,ERR,ERR,ERR,ERR,ERR,ERR,ERR,ERR,ERR,ERR,ERR,ERR,ERR,ERR,ERR,ERR,ERR,ERR,ERR,ERR,ERR,ERR,ERR,ERR,ERR,ERR,ERR,ERR,ERR,ERR,ERR,ERR,ERR,ERR,ERR,ERR,ERR,ERR,ERR,ERR,ERR,ERR,ERR,ERR,ERR,ERR,ERR,ERR,ERR,ERR,ERR,ERR,ERR,ERR,ERR,ERR,ERR,ERR,ERR,ERR,ERR,ERR,ERR,ERR,ERR,ERR,ERR,ERR,ERR,ERR,ERR,ERR,ERR,ERR,ERR,ERR,ERR,ERR,ERR,ERR,ERR,ERR,ERR,ERR,ERR,ERR,ERR,ERR,ERR,ERR,ERR,ERR,ERR,ERR,ERR,ERR,ERR,ERR,ERR,ERR,ERR,ERR,ERR,ERR,ERR,ERR,ERR,ERR,ERR,ERR,ERR,ERR,0.0,0.0,0.0,0.0,0.0,1.3936040501711995e+18,7.805,0.0,0,0,4,0,7116,0.0,100,0.0,0.0,0.0,0.0,0.0,0,0,0,0,0.0,0,0,0,0,0,0,0,0,0,0,0,0,0,0,0,0,0,0,0,0,0,0,0,0,0,0,0,0,0,0,0,0,0,31,40,40,71,65476,0,300,0,0,8,21553,0.0,-107605600.0,0.0,0.0,0.0,0.0,0.0,0.0,0.0,0.0,0.0,0.0,0.0,0.0,0.0,0.0,0.0,0.0,0.0,0.0,0.0,0.0,-2.004,-0.0,-0.0,-2.004,0.0,0.0,0.0,0.0,6292.0,564148517732352.0,6923.0,0.0,2.7184312818759872e+23,2.7184303811560617e+23,0.0,0.0,0.0,0.0,0.0,69,0.0,126840954880.0,0.0,0.0,0.0,0.0,0.0,0.0,0.0,0,0,0,0.0,0.0,0.0,0.0,0.0,0.0,0.0,0.0,0.0,0.0,0.0,0.0,0.0,0.0,0.0,0.0,0,-107875648.0,69,0.0,138,0.0,0.0,0,13107,17040,13107,17049,13107,17043,0,0,0,70,68,100,2.7302359370752657e+23,71.1,0.0,74.2,2.7302370179391762e+23,74.0,1,49,50,180,13107,52429,0,0,0.0,0.0,0.0,0.0,-0.0,67.0,0.0,162057.094,0.0,751,0,739,0,0,0,721,0,766,0,736,0,742,0,741,0,712,0,7520,0.032,93952409600.0,0.0,0.0,784,16797,-0.0,162057.094,-114818.039,-0.0,0.133,6.909358625270745e+28,30.0,65.0,35,0.0,0.0,0.0,0.0,0.0,0.0,0.0,0.0,0.0,0.0,0.0,0.0,0.0,0.0,0.0,0.0,69.2,0,150,71,55,65476,0,300,0,1,8,20529,65476,0,0,40632,65.0,0.0,0.0,0.0,0.0,0.0
2026-09-04T20:27:03,ERR,ERR,ERR,ERR,ERR,ERR,ERR,ERR,ERR,ERR,ERR,ERR,ERR,ERR,ERR,ERR,ERR,ERR,ERR,ERR,ERR,ERR,ERR,ERR,ERR,ERR,ERR,ERR,ERR,ERR,ERR,ERR,ERR,ERR,ERR,ERR,ERR,ERR,ERR,ERR,ERR,ERR,ERR,ERR,ERR,ERR,ERR,ERR,ERR,ERR,ERR,ERR,ERR,ERR,ERR,ERR,ERR,ERR,ERR,ERR,ERR,ERR,ERR,ERR,ERR,ERR,ERR,ERR,ERR,ERR,ERR,ERR,ERR,ERR,ERR,ERR,ERR,ERR,ERR,ERR,ERR,ERR,ERR,ERR,ERR,ERR,ERR,ERR,ERR,ERR,ERR,ERR,ERR,ERR,ERR,ERR,ERR,ERR,ERR,ERR,ERR,ERR,ERR,ERR,ERR,ERR,ERR,ERR,ERR,ERR,ERR,ERR,ERR,ERR,ERR,ERR,ERR,ERR,ERR,ERR,ERR,ERR,ERR,ERR,ERR,0.0,0.0,0.0,0.0,0.0,1.3936040501711995e+18,7.805,0.0,0,0,4,0,7116,0.0,100,0.0,0.0,0.0,0.0,0.0,0,0,0,0,0.0,0,0,0,0,0,0,0,0,0,0,0,0,0,0,0,0,0,0,0,0,0,0,0,0,0,0,0,0,0,0,0,0,0,31,40,40,71,65476,0,300,0,0,8,21553,0.0,-107605600.0,0.0,0.0,0.0,0.0,0.0,0.0,0.0,0.0,0.0,0.0,0.0,0.0,0.0,0.0,0.0,0.0,0.0,0.0,0.0,0.0,-2.004,-0.0,-0.0,-2.004,0.0,0.0,0.0,0.0,6292.0,564148517732352.0,6923.0,0.0,2.7184312818759872e+23,2.7184303811560617e+23,0.0,0.0,0.0,0.0,0.0,69,0.0,126840954880.0,0.0,0.0,0.0,0.0,0.0,0.0,0.0,0,0,0,0.0,0.0,0.0,0.0,0.0,0.0,0.0,0.0,0.0,0.0,0.0,0.0,0.0,0.0,0.0,0.0,0,-107875648.0,69,0.0,138,0.0,0.0,0,13107,17040,13107,17049,13107,17043,0,0,0,70,68,100,2.7302359370752657e+23,71.1,0.0,74.2,2.7302370179391762e+23,74.0,1,49,50,180,13107,52429,0,0,0.0,0.0,0.0,0.0,-0.0,67.0,0.0,162057.094,0.0,751,0,739,0,0,0,721,0,766,0,736,0,742,0,741,0,712,0,7520,0.032,93952409600.0,0.0,0.0,784,16797,-0.0,162057.094,-114818.039,-0.0,0.133,6.909358625270745e+28,30.0,65.0,35,0.0,0.0,0.0,0.0,0.0,0.0,0.0,0.0,0.0,0.0,0.0,0.0,0.0,0.0,0.0,0.0,69.2,0,150,71,55,65476,0,300,0,1,8,20529,65476,0,0,40632,65.0,0.0,0.0,0.0,0.0,0.0
2026-09-04T20:27:04,ERR,ERR,ERR,ERR,ERR,ERR,ERR,ERR,ERR,ERR,ERR,ERR,ERR,ERR,ERR,ERR,ERR,ERR,ERR,ERR,ERR,ERR,ERR,ERR,ERR,ERR,ERR,ERR,ERR,ERR,ERR,ERR,ERR,ERR,ERR,ERR,ERR,ERR,ERR,ERR,ERR,ERR,ERR,ERR,ERR,ERR,ERR,ERR,ERR,ERR,ERR,ERR,ERR,ERR,ERR,ERR,ERR,ERR,ERR,ERR,ERR,ERR,ERR,ERR,ERR,ERR,ERR,ERR,ERR,ERR,ERR,ERR,ERR,ERR,ERR,ERR,ERR,ERR,ERR,ERR,ERR,ERR,ERR,ERR,ERR,ERR,ERR,ERR,ERR,ERR,ERR,ERR,ERR,ERR,ERR,ERR,ERR,ERR,ERR,ERR,ERR,ERR,ERR,ERR,ERR,ERR,ERR,ERR,ERR,ERR,ERR,ERR,ERR,ERR,ERR,ERR,ERR,ERR,ERR,ERR,ERR,ERR,ERR,ERR,ERR,0.0,0.0,0.0,0.0,0.0,1.3936040501711995e+18,7.805,0.0,0,0,4,0,7116,0.0,100,0.0,0.0,0.0,0.0,0.0,0,0,0,0,0.0,0,0,0,0,0,0,0,0,0,0,0,0,0,0,0,0,0,0,0,0,0,0,0,0,0,0,0,0,0,0,0,0,0,31,40,40,71,65476,0,300,0,0,8,21553,0.0,-107605600.0,0.0,0.0,0.0,0.0,0.0,0.0,0.0,0.0,0.0,0.0,0.0,0.0,0.0,0.0,0.0,0.0,0.0,0.0,0.0,0.0,-2.004,-0.0,-0.0,-2.004,0.0,0.0,0.0,0.0,6292.0,564148517732352.0,6923.0,0.0,2.7184312818759872e+23,2.7184303811560617e+23,0.0,0.0,0.0,0.0,0.0,69,0.0,126840954880.0,0.0,0.0,0.0,0.0,0.0,0.0,0.0,0,0,0,0.0,0.0,0.0,0.0,0.0,0.0,0.0,0.0,0.0,0.0,0.0,0.0,0.0,0.0,0.0,0.0,0,-107875648.0,69,0.0,138,0.0,0.0,0,13107,17040,13107,17049,13107,17043,0,0,0,70,68,100,2.7302359370752657e+23,71.1,0.0,74.2,2.7302370179391762e+23,74.0,1,49,50,180,13107,52429,0,0,0.0,0.0,0.0,0.0,-0.0,67.0,0.0,162057.094,0.0,751,0,739,0,0,0,721,0,766,0,736,0,742,0,741,0,712,0,7520,0.032,93952409600.0,0.0,0.0,784,16797,-0.0,162057.094,-114818.039,-0.0,0.133,6.909358625270745e+28,30.0,65.0,35,0.0,0.0,0.0,0.0,0.0,0.0,0.0,0.0,0.0,0.0,0.0,0.0,0.0,0.0,0.0,0.0,69.2,0,150,71,55,65476,0,300,0,1,8,20529,65476,0,0,40632,65.0,0.0,0.0,0.0,0.0,0.0
2026-09-04T20:27:05,ERR,ERR,ERR,ERR,ERR,ERR,ERR,ERR,ERR,ERR,ERR,ERR,ERR,ERR,ERR,ERR,ERR,ERR,ERR,ERR,ERR,ERR,ERR,ERR,ERR,ERR,ERR,ERR,ERR,ERR,ERR,ERR,ERR,ERR,ERR,ERR,ERR,ERR,ERR,ERR,ERR,ERR,ERR,ERR,ERR,ERR,ERR,ERR,ERR,ERR,ERR,ERR,ERR,ERR,ERR,ERR,ERR,ERR,ERR,ERR,ERR,ERR,ERR,ERR,ERR,ERR,ERR,ERR,ERR,ERR,ERR,ERR,ERR,ERR,ERR,ERR,ERR,ERR,ERR,ERR,ERR,ERR,ERR,ERR,ERR,ERR,ERR,ERR,ERR,ERR,ERR,ERR,ERR,ERR,ERR,ERR,ERR,ERR,ERR,ERR,ERR,ERR,ERR,ERR,ERR,ERR,ERR,ERR,ERR,ERR,ERR,ERR,ERR,ERR,ERR,ERR,ERR,ERR,ERR,ERR,ERR,ERR,ERR,ERR,ERR,0.0,0.0,0.0,0.0,0.0,1.3936040501711995e+18,7.805,0.0,0,0,4,0,7116,0.0,100,0.0,0.0,0.0,0.0,0.0,0,0,0,0,0.0,0,0,0,0,0,0,0,0,0,0,0,0,0,0,0,0,0,0,0,0,0,0,0,0,0,0,0,0,0,0,0,0,0,31,40,40,71,65476,0,300,0,0,8,21553,0.0,-107605600.0,0.0,0.0,0.0,0.0,0.0,0.0,0.0,0.0,0.0,0.0,0.0,0.0,0.0,0.0,0.0,0.0,0.0,0.0,0.0,0.0,-2.004,-0.0,-2.004,-2.004,0.0,0.0,0.0,0.0,6300.0,0.0,6917.0,0.0,2.7184312818759872e+23,2.7184303811560617e+23,0.0,0.0,0.0,0.0,0.0,69,152018589057024.0,-4.950420860761519e+32,0.0,0.0,0.0,0.0,0.0,0.0,0.0,0,0,0,0.0,0.0,0.0,0.0,0.0,0.0,0.0,0.0,0.0,0.0,0.0,0.0,0.0,0.0,0.0,0.0,0,-107875648.0,69,0.0,138,0.0,0.0,0,13107,17040,13107,17049,13107,17043,0,0,0,70,68,100,2.7302359370752657e+23,71.1,0.0,74.2,2.7302370179391762e+23,74.0,1,49,50,180,13107,52429,0,0,0.0,0.0,0.0,0.0,-0.0,67.0,0.0,162057.094,0.0,751,0,739,0,0,0,721,0,766,0,736,0,742,0,741,0,712,0,7520,0.032,93952409600.0,0.0,0.0,784,16797,-0.0,162057.094,-114818.039,-0.0,0.133,6.909358625270745e+28,30.0,65.0,35,0.0,0.0,0.0,0.0,0.0,0.0,0.0,0.0,0.0,0.0,0.0,0.0,0.0,0.0,0.0,0.0,69.2,0,150,71,55,65476,0,300,0,1,8,20529,65476,0,0,40632,65.0,0.0,0.0,0.0,0.0,0.0
2026-09-04T20:27:06,ERR,ERR,ERR,ERR,ERR,ERR,ERR,ERR,ERR,ERR,ERR,ERR,ERR,ERR,ERR,ERR,ERR,ERR,ERR,ERR,ERR,ERR,ERR,ERR,ERR,ERR,ERR,ERR,ERR,ERR,ERR,ERR,ERR,ERR,ERR,ERR,ERR,ERR,ERR,ERR,ERR,ERR,ERR,ERR,ERR,ERR,ERR,ERR,ERR,ERR,ERR,ERR,ERR,ERR,ERR,ERR,ERR,ERR,ERR,ERR,ERR,ERR,ERR,ERR,ERR,ERR,ERR,ERR,ERR,ERR,ERR,ERR,ERR,ERR,ERR,ERR,ERR,ERR,ERR,ERR,ERR,ERR,ERR,ERR,ERR,ERR,ERR,ERR,ERR,ERR,ERR,ERR,ERR,ERR,ERR,ERR,ERR,ERR,ERR,ERR,ERR,ERR,ERR,ERR,ERR,ERR,ERR,ERR,ERR,ERR,ERR,ERR,ERR,ERR,ERR,ERR,ERR,ERR,ERR,ERR,ERR,ERR,ERR,ERR,ERR,0.0,0.0,0.0,0.0,0.0,1.3936040501711995e+18,7.805,0.0,0,0,4,0,7116,0.0,100,0.0,0.0,0.0,0.0,0.0,0,0,0,0,0.0,0,0,0,0,0,0,0,0,0,0,0,0,0,0,0,0,0,0,0,0,0,0,0,0,0,0,0,0,0,0,0,0,0,31,40,40,71,65476,0,300,0,0,8,21553,0.0,-107605600.0,0.0,0.0,0.0,0.0,0.0,0.0,0.0,0.0,0.0,0.0,0.0,0.0,0.0,0.0,0.0,0.0,0.0,0.0,0.0,0.0,-2.004,-0.0,-2.004,-2.004,0.0,0.0,0.0,0.0,6300.0,0.0,6917.0,0.0,2.7184312818759872e+23,2.7184303811560617e+23,0.0,0.0,0.0,0.0,0.0,69,152018589057024.0,-4.950420860761519e+32,0.0,0.0,0.0,0.0,0.0,0.0,0.0,0,0,0,0.0,0.0,0.0,0.0,0.0,0.0,0.0,0.0,0.0,0.0,0.0,0.0,0.0,0.0,0.0,0.0,0,-107875648.0,69,0.0,138,0.0,0.0,0,13107,17040,13107,17049,13107,17043,0,0,0,70,68,100,2.7302359370752657e+23,71.1,0.0,74.2,2.7302370179391762e+23,74.0,1,49,50,180,13107,52429,0,0,0.0,0.0,0.0,0.0,-0.0,67.0,0.0,162057.094,0.0,751,0,739,0,0,0,721,0,766,0,736,0,742,0,741,0,712,0,7520,0.032,93952409600.0,0.0,0.0,784,16797,-0.0,162057.094,-114818.039,-0.0,0.133,6.909358625270745e+28,30.0,65.0,35,0.0,0.0,0.0,0.0,0.0,0.0,0.0,0.0,0.0,0.0,0.0,0.0,0.0,0.0,0.0,0.0,69.2,0,150,71,55,65476,0,300,0,1,8,20529,65476,0,0,40632,65.0,0.0,0.0,0.0,0.0,0.0
2026-09-04T20:27:07,ERR,ERR,ERR,ERR,ERR,ERR,ERR,ERR,ERR,ERR,ERR,ERR,ERR,ERR,ERR,ERR,ERR,ERR,ERR,ERR,ERR,ERR,ERR,ERR,ERR,ERR,ERR,ERR,ERR,ERR,ERR,ERR,ERR,ERR,ERR,ERR,ERR,ERR,ERR,ERR,ERR,ERR,ERR,ERR,ERR,ERR,ERR,ERR,ERR,ERR,ERR,ERR,ERR,ERR,ERR,ERR,ERR,ERR,ERR,ERR,ERR,ERR,ERR,ERR,ERR,ERR,ERR,ERR,ERR,ERR,ERR,ERR,ERR,ERR,ERR,ERR,ERR,ERR,ERR,ERR,ERR,ERR,ERR,ERR,ERR,ERR,ERR,ERR,ERR,ERR,ERR,ERR,ERR,ERR,ERR,ERR,ERR,ERR,ERR,ERR,ERR,ERR,ERR,ERR,ERR,ERR,ERR,ERR,ERR,ERR,ERR,ERR,ERR,ERR,ERR,ERR,ERR,ERR,ERR,ERR,ERR,ERR,ERR,ERR,ERR,0.0,0.0,0.0,0.0,0.0,1.3936040501711995e+18,7.805,0.0,0,0,4,0,7116,0.0,100,0.0,0.0,0.0,0.0,0.0,0,0,0,0,0.0,0,0,0,0,0,0,0,0,0,0,0,0,0,0,0,0,0,0,0,0,0,0,0,0,0,0,0,0,0,0,0,0,0,31,40,40,71,65476,0,300,0,0,8,21553,0.0,-107605600.0,0.0,0.0,0.0,0.0,0.0,0.0,0.0,0.0,0.0,0.0,0.0,0.0,0.0,0.0,0.0,0.0,0.0,0.0,0.0,0.0,-2.004,-0.0,-2.004,-2.004,0.0,0.0,0.0,0.0,6300.0,0.0,6917.0,0.0,2.7184312818759872e+23,2.7184303811560617e+23,0.0,0.0,0.0,0.0,0.0,69,152018589057024.0,-4.950420860761519e+32,0.0,0.0,0.0,0.0,0.0,0.0,0.0,0,0,0,0.0,0.0,0.0,0.0,0.0,0.0,0.0,0.0,0.0,0.0,0.0,0.0,0.0,0.0,0.0,0.0,0,-107875648.0,69,0.0,138,0.0,0.0,0,13107,17040,13107,17049,13107,17043,0,0,0,70,68,100,2.7302359370752657e+23,71.1,0.0,74.2,2.7302370179391762e+23,74.0,1,49,50,180,13107,52429,0,0,0.0,0.0,0.0,0.0,-0.0,67.0,0.0,162057.094,0.0,751,0,739,0,0,0,721,0,766,0,736,0,742,0,741,0,712,0,7520,0.032,93952409600.0,0.0,0.0,784,16797,-0.0,162057.094,-114818.039,-0.0,0.133,6.909358625270745e+28,30.0,65.0,35,0.0,0.0,0.0,0.0,0.0,0.0,0.0,0.0,0.0,0.0,0.0,0.0,0.0,0.0,0.0,0.0,69.2,0,150,71,55,65476,0,300,0,1,8,20529,65476,0,0,40632,65.0,0.0,0.0,0.0,0.0,0.0
2026-09-04T20:27:08,ERR,ERR,ERR,ERR,ERR,ERR,ERR,ERR,ERR,ERR,ERR,ERR,ERR,ERR,ERR,ERR,ERR,ERR,ERR,ERR,ERR,ERR,ERR,ERR,ERR,ERR,ERR,ERR,ERR,ERR,ERR,ERR,ERR,ERR,ERR,ERR,ERR,ERR,ERR,ERR,ERR,ERR,ERR,ERR,ERR,ERR,ERR,ERR,ERR,ERR,ERR,ERR,ERR,ERR,ERR,ERR,ERR,ERR,ERR,ERR,ERR,ERR,ERR,ERR,ERR,ERR,ERR,ERR,ERR,ERR,ERR,ERR,ERR,ERR,ERR,ERR,ERR,ERR,ERR,ERR,ERR,ERR,ERR,ERR,ERR,ERR,ERR,ERR,ERR,ERR,ERR,ERR,ERR,ERR,ERR,ERR,ERR,ERR,ERR,ERR,ERR,ERR,ERR,ERR,ERR,ERR,ERR,ERR,ERR,ERR,ERR,ERR,ERR,ERR,ERR,ERR,ERR,ERR,ERR,ERR,ERR,ERR,ERR,ERR,ERR,0.0,0.0,0.0,0.0,0.0,1.3936040501711995e+18,7.805,0.0,0,0,4,0,7116,0.0,100,0.0,0.0,0.0,0.0,0.0,0,0,0,0,0.0,0,0,0,0,0,0,0,0,0,0,0,0,0,0,0,0,0,0,0,0,0,0,0,0,0,0,0,0,0,0,0,0,0,31,40,40,71,65476,0,300,0,0,8,21553,0.0,-107605600.0,0.0,0.0,0.0,0.0,0.0,0.0,0.0,0.0,0.0,0.0,0.0,0.0,0.0,0.0,0.0,0.0,0.0,0.0,0.0,0.0,-2.004,-0.0,-2.004,-2.004,0.0,0.0,0.0,0.0,6300.0,0.0,6917.0,0.0,2.7184312818759872e+23,2.7184303811560617e+23,0.0,0.0,0.0,0.0,0.0,69,152018589057024.0,-4.950420860761519e+32,0.0,0.0,0.0,0.0,0.0,0.0,0.0,0,0,0,0.0,0.0,0.0,0.0,0.0,0.0,0.0,0.0,0.0,0.0,0.0,0.0,0.0,0.0,0.0,0.0,0,-107875648.0,69,0.0,138,0.0,0.0,0,13107,17040,13107,17049,13107,17043,0,0,0,70,68,100,2.7302359370752657e+23,71.1,0.0,74.2,2.7302370179391762e+23,74.0,1,49,50,180,13107,52429,0,0,0.0,0.0,0.0,0.0,-0.0,67.0,0.0,162057.094,0.0,751,0,739,0,0,0,721,0,766,0,736,0,742,0,742,0,712,0,7520,0.032,79456894976.0,0.0,0.0,784,16797,-0.0,162057.094,-114818.039,-0.0,0.133,6.909358625270745e+28,30.0,65.0,35,0.0,0.0,0.0,0.0,0.0,0.0,0.0,0.0,0.0,0.0,0.0,0.0,0.0,0.0,0.0,0.0,69.2,0,150,71,55,65476,0,300,0,1,8,20529,65476,0,0,40632,65.0,0.0,0.0,0.0,0.0,0.0
2026-09-04T20:27:09,ERR,ERR,ERR,ERR,ERR,ERR,ERR,ERR,ERR,ERR,ERR,ERR,ERR,ERR,ERR,ERR,ERR,ERR,ERR,ERR,ERR,ERR,ERR,ERR,ERR,ERR,ERR,ERR,ERR,ERR,ERR,ERR,ERR,ERR,ERR,ERR,ERR,ERR,ERR,ERR,ERR,ERR,ERR,ERR,ERR,ERR,ERR,ERR,ERR,ERR,ERR,ERR,ERR,ERR,ERR,ERR,ERR,ERR,ERR,ERR,ERR,ERR,ERR,ERR,ERR,ERR,ERR,ERR,ERR,ERR,ERR,ERR,ERR,ERR,ERR,ERR,ERR,ERR,ERR,ERR,ERR,ERR,ERR,ERR,ERR,ERR,ERR,ERR,ERR,ERR,ERR,ERR,ERR,ERR,ERR,ERR,ERR,ERR,ERR,ERR,ERR,ERR,ERR,ERR,ERR,ERR,ERR,ERR,ERR,ERR,ERR,ERR,ERR,ERR,ERR,ERR,ERR,ERR,ERR,ERR,ERR,ERR,ERR,ERR,ERR,0.0,0.0,0.0,0.0,0.0,1.3936040501711995e+18,7.805,0.0,0,0,4,0,7116,0.0,100,0.0,0.0,0.0,0.0,0.0,0,0,0,0,0.0,0,0,0,0,0,0,0,0,0,0,0,0,0,0,0,0,0,0,0,0,0,0,0,0,0,0,0,0,0,0,0,0,0,31,40,40,71,65476,0,300,0,0,8,21553,0.0,-107605600.0,0.0,0.0,0.0,0.0,0.0,0.0,0.0,0.0,0.0,0.0,0.0,0.0,0.0,0.0,0.0,0.0,0.0,0.0,0.0,0.0,-2.004,-0.0,-2.004,-2.004,0.0,0.0,0.0,0.0,6300.0,0.0,6917.0,0.0,2.7184312818759872e+23,2.7184303811560617e+23,0.0,0.0,0.0,0.0,0.0,69,152018589057024.0,-4.950420860761519e+32,0.0,0.0,0.0,0.0,0.0,0.0,0.0,0,0,0,0.0,0.0,0.0,0.0,0.0,0.0,0.0,0.0,0.0,0.0,0.0,0.0,0.0,0.0,0.0,0.0,0,-107875648.0,69,0.0,138,0.0,0.0,0,13107,17040,13107,17049,13107,17043,0,0,0,70,68,100,2.7302359370752657e+23,71.1,0.0,74.2,2.7302370179391762e+23,74.0,1,49,50,180,13107,52429,0,0,0.0,0.0,0.0,0.0,-0.0,67.0,0.0,162057.094,0.0,751,0,739,0,0,0,721,0,766,0,736,0,742,0,742,0,712,0,7520,0.032,79456894976.0,0.0,0.0,784,16797,-0.0,162057.094,-114818.039,-0.0,0.133,6.909358625270745e+28,30.0,65.0,35,0.0,0.0,0.0,0.0,0.0,0.0,0.0,0.0,0.0,0.0,0.0,0.0,0.0,0.0,0.0,0.0,69.2,0,150,71,55,65476,0,300,0,1,8,20529,65476,0,0,40632,65.0,0.0,0.0,0.0,0.0,0.0
2026-09-04T20:27:10,ERR,ERR,ERR,ERR,ERR,ERR,ERR,ERR,ERR,ERR,ERR,ERR,ERR,ERR,ERR,ERR,ERR,ERR,ERR,ERR,ERR,ERR,ERR,ERR,ERR,ERR,ERR,ERR,ERR,ERR,ERR,ERR,ERR,ERR,ERR,ERR,ERR,ERR,ERR,ERR,ERR,ERR,ERR,ERR,ERR,ERR,ERR,ERR,ERR,ERR,ERR,ERR,ERR,ERR,ERR,ERR,ERR,ERR,ERR,ERR,ERR,ERR,ERR,ERR,ERR,ERR,ERR,ERR,ERR,ERR,ERR,ERR,ERR,ERR,ERR,ERR,ERR,ERR,ERR,ERR,ERR,ERR,ERR,ERR,ERR,ERR,ERR,ERR,ERR,ERR,ERR,ERR,ERR,ERR,ERR,ERR,ERR,ERR,ERR,ERR,ERR,ERR,ERR,ERR,ERR,ERR,ERR,ERR,ERR,ERR,ERR,ERR,ERR,ERR,ERR,ERR,ERR,ERR,ERR,ERR,ERR,ERR,ERR,ERR,ERR,0.0,0.0,0.0,0.0,0.0,1.3936040501711995e+18,7.805,0.0,0,0,4,0,7116,0.0,100,0.0,0.0,0.0,0.0,0.0,0,0,0,0,0.0,0,0,0,0,0,0,0,0,0,0,0,0,0,0,0,0,0,0,0,0,0,0,0,0,0,0,0,0,0,0,0,0,0,31,40,40,71,65476,0,300,0,0,8,21553,0.0,-107605600.0,0.0,0.0,0.0,0.0,0.0,0.0,0.0,0.0,0.0,0.0,0.0,0.0,0.0,0.0,0.0,0.0,0.0,0.0,0.0,0.0,-2.004,-0.0,-2.004,-2.004,0.0,0.0,0.0,0.0,6300.0,0.0,6917.0,0.0,2.7184312818759872e+23,2.7184303811560617e+23,0.0,0.0,0.0,0.0,0.0,69,152018589057024.0,-4.950420860761519e+32,0.0,0.0,0.0,0.0,0.0,0.0,0.0,0,0,0,0.0,0.0,0.0,0.0,0.0,0.0,0.0,0.0,0.0,0.0,0.0,0.0,0.0,0.0,0.0,0.0,0,-107875648.0,69,0.0,138,0.0,0.0,0,13107,17040,13107,17049,13107,17043,0,0,0,70,68,100,2.7302359370752657e+23,71.1,0.0,74.2,2.7302370179391762e+23,74.0,1,49,50,180,13107,52429,0,0,0.0,0.0,0.0,0.0,-0.0,67.0,0.0,162057.094,0.0,751,0,739,0,0,0,721,0,766,0,736,0,742,0,742,0,712,0,7520,0.032,79456894976.0,0.0,0.0,784,16797,-0.0,162057.094,-114818.039,-0.0,0.133,6.909358625270745e+28,30.0,65.0,35,0.0,0.0,0.0,0.0,0.0,0.0,0.0,0.0,0.0,0.0,0.0,0.0,0.0,0.0,0.0,0.0,69.2,0,150,71,55,65476,0,300,0,1,8,20529,65476,0,0,40632,65.0,0.0,0.0,0.0,0.0,0.0
2026-09-04T20:27:11,ERR,ERR,ERR,ERR,ERR,ERR,ERR,ERR,ERR,ERR,ERR,ERR,ERR,ERR,ERR,ERR,ERR,ERR,ERR,ERR,ERR,ERR,ERR,ERR,ERR,ERR,ERR,ERR,ERR,ERR,ERR,ERR,ERR,ERR,ERR,ERR,ERR,ERR,ERR,ERR,ERR,ERR,ERR,ERR,ERR,ERR,ERR,ERR,ERR,ERR,ERR,ERR,ERR,ERR,ERR,ERR,ERR,ERR,ERR,ERR,ERR,ERR,ERR,ERR,ERR,ERR,ERR,ERR,ERR,ERR,ERR,ERR,ERR,ERR,ERR,ERR,ERR,ERR,ERR,ERR,ERR,ERR,ERR,ERR,ERR,ERR,ERR,ERR,ERR,ERR,ERR,ERR,ERR,ERR,ERR,ERR,ERR,ERR,ERR,ERR,ERR,ERR,ERR,ERR,ERR,ERR,ERR,ERR,ERR,ERR,ERR,ERR,ERR,ERR,ERR,ERR,ERR,ERR,ERR,ERR,ERR,ERR,ERR,ERR,ERR,0.0,0.0,0.0,0.0,0.0,1.3936040501711995e+18,7.805,0.0,0,0,4,0,7116,0.0,100,0.0,0.0,0.0,0.0,0.0,0,0,0,0,0.0,0,0,0,0,0,0,0,0,0,0,0,0,0,0,0,0,0,0,0,0,0,0,0,0,0,0,0,0,0,0,0,0,0,31,40,40,71,65476,0,300,0,0,8,21553,0.0,-107605600.0,0.0,0.0,0.0,0.0,0.0,0.0,0.0,0.0,0.0,0.0,0.0,0.0,0.0,0.0,0.0,0.0,0.0,0.0,0.0,0.0,-2.004,-0.0,-2.004,-2.004,0.0,0.0,0.0,0.0,6300.0,0.0,6917.0,0.0,2.7184312818759872e+23,2.7184303811560617e+23,0.0,0.0,0.0,0.0,0.0,69,152018589057024.0,-4.950420860761519e+32,0.0,0.0,0.0,0.0,0.0,0.0,0.0,0,0,0,0.0,0.0,0.0,0.0,0.0,0.0,0.0,0.0,0.0,0.0,0.0,0.0,0.0,0.0,0.0,0.0,0,-107875648.0,69,0.0,138,0.0,0.0,0,13107,17040,13107,17049,13107,17043,0,0,0,70,68,100,2.7302359370752657e+23,71.1,0.0,74.2,2.7302370179391762e+23,74.0,1,49,50,180,13107,52429,0,0,0.0,0.0,0.0,0.0,-0.0,67.0,0.0,162057.094,0.0,751,0,739,0,0,0,721,0,766,0,736,0,742,0,742,0,712,0,7520,0.032,79456894976.0,0.0,0.0,784,16797,-0.0,162057.094,-114818.039,-0.0,0.133,6.909358625270745e+28,30.0,65.0,35,0.0,0.0,0.0,0.0,0.0,0.0,0.0,0.0,0.0,0.0,0.0,0.0,0.0,0.0,0.0,0.0,69.2,0,150,71,55,65476,0,300,0,1,8,20529,65476,0,0,40632,65.0,0.0,0.0,0.0,0.0,0.0
2026-09-04T20:27:12,ERR,ERR,ERR,ERR,ERR,ERR,ERR,ERR,ERR,ERR,ERR,ERR,ERR,ERR,ERR,ERR,ERR,ERR,ERR,ERR,ERR,ERR,ERR,ERR,ERR,ERR,ERR,ERR,ERR,ERR,ERR,ERR,ERR,ERR,ERR,ERR,ERR,ERR,ERR,ERR,ERR,ERR,ERR,ERR,ERR,ERR,ERR,ERR,ERR,ERR,ERR,ERR,ERR,ERR,ERR,ERR,ERR,ERR,ERR,ERR,ERR,ERR,ERR,ERR,ERR,ERR,ERR,ERR,ERR,ERR,ERR,ERR,ERR,ERR,ERR,ERR,ERR,ERR,ERR,ERR,ERR,ERR,ERR,ERR,ERR,ERR,ERR,ERR,ERR,ERR,ERR,ERR,ERR,ERR,ERR,ERR,ERR,ERR,ERR,ERR,ERR,ERR,ERR,ERR,ERR,ERR,ERR,ERR,ERR,ERR,ERR,ERR,ERR,ERR,ERR,ERR,ERR,ERR,ERR,ERR,ERR,ERR,ERR,ERR,ERR,0.0,0.0,0.0,0.0,0.0,1.3936040501711995e+18,7.805,0.0,0,0,4,0,7116,0.0,100,0.0,0.0,0.0,0.0,0.0,0,0,0,0,0.0,0,0,0,0,0,0,0,0,0,0,0,0,0,0,0,0,0,0,0,0,0,0,0,0,0,0,0,0,0,0,0,0,0,31,40,40,71,65476,0,300,0,0,8,21553,0.0,-107605600.0,0.0,0.0,0.0,0.0,0.0,0.0,0.0,0.0,0.0,0.0,0.0,0.0,0.0,0.0,0.0,0.0,0.0,0.0,0.0,0.0,-2.004,-2.004,-0.0,-2.004,0.0,0.0,0.0,0.0,6261.0,-2.004,6936.0,0.0,0.0,2.7184303811560617e+23,0.0,0.0,0.0,0.0,0.0,69,0.0,4.066872547480485e+29,0.0,0.0,0.0,0.0,0.0,0.0,0.0,0,0,0,0.0,0.0,0.0,0.0,0.0,0.0,0.0,0.0,0.0,0.0,0.0,0.0,0.0,0.0,0.0,0.0,0,-107875648.0,69,0.0,138,0.0,0.0,0,13107,17040,13107,17049,13107,17043,0,0,0,70,68,100,2.7302359370752657e+23,71.1,0.0,74.2,2.7302370179391762e+23,74.0,1,49,50,180,13107,52429,0,0,0.0,0.0,0.0,0.0,-0.0,67.0,0.0,162057.094,0.0,751,0,739,0,0,0,721,0,766,0,736,0,742,0,742,0,712,0,7520,0.032,79456894976.0,0.0,0.0,784,16797,-0.0,162057.094,-114818.039,-0.0,0.133,6.909358625270745e+28,30.0,65.0,35,0.0,0.0,0.0,0.0,0.0,0.0,0.0,0.0,0.0,0.0,0.0,0.0,0.0,0.0,0.0,0.0,69.2,0,150,71,55,65476,0,300,0,1,8,20529,65476,0,0,40632,65.0,0.0,0.0,0.0,0.0,0.0
2026-09-04T20:27:13,ERR,ERR,ERR,ERR,ERR,ERR,ERR,ERR,ERR,ERR,ERR,ERR,ERR,ERR,ERR,ERR,ERR,ERR,ERR,ERR,ERR,ERR,ERR,ERR,ERR,ERR,ERR,ERR,ERR,ERR,ERR,ERR,ERR,ERR,ERR,ERR,ERR,ERR,ERR,ERR,ERR,ERR,ERR,ERR,ERR,ERR,ERR,ERR,ERR,ERR,ERR,ERR,ERR,ERR,ERR,ERR,ERR,ERR,ERR,ERR,ERR,ERR,ERR,ERR,ERR,ERR,ERR,ERR,ERR,ERR,ERR,ERR,ERR,ERR,ERR,ERR,ERR,ERR,ERR,ERR,ERR,ERR,ERR,ERR,ERR,ERR,ERR,ERR,ERR,ERR,ERR,ERR,ERR,ERR,ERR,ERR,ERR,ERR,ERR,ERR,ERR,ERR,ERR,ERR,ERR,ERR,ERR,ERR,ERR,ERR,ERR,ERR,ERR,ERR,ERR,ERR,ERR,ERR,ERR,ERR,ERR,ERR,ERR,ERR,ERR,0.0,0.0,0.0,0.0,0.0,1.3936040501711995e+18,7.805,0.0,0,0,4,0,7116,0.0,100,0.0,0.0,0.0,0.0,0.0,0,0,0,0,0.0,0,0,0,0,0,0,0,0,0,0,0,0,0,0,0,0,0,0,0,0,0,0,0,0,0,0,0,0,0,0,0,0,0,31,40,40,71,65476,0,300,0,0,8,21553,0.0,-107605600.0,0.0,0.0,0.0,0.0,0.0,0.0,0.0,0.0,0.0,0.0,0.0,0.0,0.0,0.0,0.0,0.0,0.0,0.0,0.0,0.0,-2.004,-2.004,-0.0,-2.004,0.0,0.0,0.0,0.0,6261.0,-2.004,6936.0,0.0,0.0,2.7184303811560617e+23,0.0,0.0,0.0,0.0,0.0,69,0.0,4.066872547480485e+29,0.0,0.0,0.0,0.0,0.0,0.0,0.0,0,0,0,0.0,0.0,0.0,0.0,0.0,0.0,0.0,0.0,0.0,0.0,0.0,0.0,0.0,0.0,0.0,0.0,0,-107875648.0,69,0.0,138,0.0,0.0,0,13107,17040,13107,17049,13107,17043,0,0,0,70,68,100,2.7302359370752657e+23,71.1,0.0,74.2,2.7302370179391762e+23,74.0,1,49,50,180,13107,52429,0,0,0.0,0.0,0.0,0.0,-0.0,67.0,0.0,162057.094,0.0,751,0,739,0,0,0,721,0,766,0,736,0,742,0,741,0,712,0,7520,0.032,107911053312.0,0.0,0.0,784,16797,-0.0,162057.094,-114818.039,-0.0,0.133,6.909358625270745e+28,30.0,65.0,35,0.0,0.0,0.0,0.0,0.0,0.0,0.0,0.0,0.0,0.0,0.0,0.0,0.0,0.0,0.0,0.0,69.2,0,150,71,55,65476,0,300,0,1,8,20529,65476,0,0,40632,65.0,0.0,0.0,0.0,0.0,0.0
2026-09-04T20:27:14,ERR,ERR,ERR,ERR,ERR,ERR,ERR,ERR,ERR,ERR,ERR,ERR,ERR,ERR,ERR,ERR,ERR,ERR,ERR,ERR,ERR,ERR,ERR,ERR,ERR,ERR,ERR,ERR,ERR,ERR,ERR,ERR,ERR,ERR,ERR,ERR,ERR,ERR,ERR,ERR,ERR,ERR,ERR,ERR,ERR,ERR,ERR,ERR,ERR,ERR,ERR,ERR,ERR,ERR,ERR,ERR,ERR,ERR,ERR,ERR,ERR,ERR,ERR,ERR,ERR,ERR,ERR,ERR,ERR,ERR,ERR,ERR,ERR,ERR,ERR,ERR,ERR,ERR,ERR,ERR,ERR,ERR,ERR,ERR,ERR,ERR,ERR,ERR,ERR,ERR,ERR,ERR,ERR,ERR,ERR,ERR,ERR,ERR,ERR,ERR,ERR,ERR,ERR,ERR,ERR,ERR,ERR,ERR,ERR,ERR,ERR,ERR,ERR,ERR,ERR,ERR,ERR,ERR,ERR,ERR,ERR,ERR,ERR,ERR,ERR,0.0,0.0,0.0,0.0,0.0,1.3936040501711995e+18,7.805,0.0,0,0,4,0,7116,0.0,100,0.0,0.0,0.0,0.0,0.0,0,0,0,0,0.0,0,0,0,0,0,0,0,0,0,0,0,0,0,0,0,0,0,0,0,0,0,0,0,0,0,0,0,0,0,0,0,0,0,31,40,40,71,65476,0,300,0,0,8,21553,0.0,-107605600.0,0.0,0.0,0.0,0.0,0.0,0.0,0.0,0.0,0.0,0.0,0.0,0.0,0.0,0.0,0.0,0.0,0.0,0.0,0.0,0.0,-2.004,-2.004,-0.0,-2.004,0.0,0.0,0.0,0.0,6261.0,-2.004,6936.0,0.0,0.0,2.7184303811560617e+23,0.0,0.0,0.0,0.0,0.0,69,0.0,4.066872547480485e+29,0.0,0.0,0.0,0.0,0.0,0.0,0.0,0,0,0,0.0,0.0,0.0,0.0,0.0,0.0,0.0,0.0,0.0,0.0,0.0,0.0,0.0,0.0,0.0,0.0,0,-107875648.0,69,0.0,138,0.0,0.0,0,13107,17040,13107,17049,13107,17043,0,0,0,70,68,100,2.7302359370752657e+23,71.1,0.0,74.2,2.7302370179391762e+23,74.0,1,49,50,180,13107,52429,0,0,0.0,0.0,0.0,0.0,-0.0,67.0,0.0,162057.094,0.0,751,0,739,0,0,0,721,0,766,0,736,0,742,0,741,0,712,0,7520,0.032,107911053312.0,0.0,0.0,784,16797,-0.0,162057.094,-114818.039,-0.0,0.133,6.909358625270745e+28,30.0,65.0,35,0.0,0.0,0.0,0.0,0.0,0.0,0.0,0.0,0.0,0.0,0.0,0.0,0.0,0.0,0.0,0.0,69.2,0,150,71,55,65476,0,300,0,1,8,20529,65476,0,0,40632,65.0,0.0,0.0,0.0,0.0,0.0
2026-09-04T20:27:15,ERR,ERR,ERR,ERR,ERR,ERR,ERR,ERR,ERR,ERR,ERR,ERR,ERR,ERR,ERR,ERR,ERR,ERR,ERR,ERR,ERR,ERR,ERR,ERR,ERR,ERR,ERR,ERR,ERR,ERR,ERR,ERR,ERR,ERR,ERR,ERR,ERR,ERR,ERR,ERR,ERR,ERR,ERR,ERR,ERR,ERR,ERR,ERR,ERR,ERR,ERR,ERR,ERR,ERR,ERR,ERR,ERR,ERR,ERR,ERR,ERR,ERR,ERR,ERR,ERR,ERR,ERR,ERR,ERR,ERR,ERR,ERR,ERR,ERR,ERR,ERR,ERR,ERR,ERR,ERR,ERR,ERR,ERR,ERR,ERR,ERR,ERR,ERR,ERR,ERR,ERR,ERR,ERR,ERR,ERR,ERR,ERR,ERR,ERR,ERR,ERR,ERR,ERR,ERR,ERR,ERR,ERR,ERR,ERR,ERR,ERR,ERR,ERR,ERR,ERR,ERR,ERR,ERR,ERR,ERR,ERR,ERR,ERR,ERR,ERR,0.0,0.0,0.0,0.0,0.0,1.3936040501711995e+18,7.805,0.0,0,0,4,0,7116,0.0,100,0.0,0.0,0.0,0.0,0.0,0,0,0,0,0.0,0,0,0,0,0,0,0,0,0,0,0,0,0,0,0,0,0,0,0,0,0,0,0,0,0,0,0,0,0,0,0,0,0,31,40,40,71,65476,0,300,0,0,8,21553,0.0,-107605600.0,0.0,0.0,0.0,0.0,0.0,0.0,0.0,0.0,0.0,0.0,0.0,0.0,0.0,0.0,0.0,0.0,0.0,0.0,0.0,0.0,-2.004,-2.004,-0.0,-2.004,0.0,0.0,0.0,0.0,6261.0,-2.004,6936.0,0.0,0.0,2.7184303811560617e+23,0.0,0.0,0.0,0.0,0.0,69,0.0,4.066872547480485e+29,0.0,0.0,0.0,0.0,0.0,0.0,0.0,0,0,0,0.0,0.0,0.0,0.0,0.0,0.0,0.0,0.0,0.0,0.0,0.0,0.0,0.0,0.0,0.0,0.0,0,-107875648.0,69,0.0,138,0.0,0.0,0,13107,17040,13107,17049,13107,17043,0,0,0,70,68,100,2.7302359370752657e+23,71.1,0.0,74.2,2.7302370179391762e+23,74.0,1,49,50,180,13107,52429,0,0,0.0,0.0,0.0,0.0,-0.0,67.0,0.0,162057.094,0.0,751,0,739,0,0,0,721,0,766,0,736,0,742,0,741,0,712,0,7520,0.032,107911053312.0,0.0,0.0,784,16797,-0.0,162057.094,-114818.039,-0.0,0.133,6.909358625270745e+28,30.0,65.0,35,0.0,0.0,0.0,0.0,0.0,0.0,0.0,0.0,0.0,0.0,0.0,0.0,0.0,0.0,0.0,0.0,69.6,0,150,71,55,65476,0,300,0,1,8,20529,65476,0,0,40632,65.0,0.0,0.0,0.0,0.0,0.0
2026-09-04T20:27:16,ERR,ERR,ERR,ERR,ERR,ERR,ERR,ERR,ERR,ERR,ERR,ERR,ERR,ERR,ERR,ERR,ERR,ERR,ERR,ERR,ERR,ERR,ERR,ERR,ERR,ERR,ERR,ERR,ERR,ERR,ERR,ERR,ERR,ERR,ERR,ERR,ERR,ERR,ERR,ERR,ERR,ERR,ERR,ERR,ERR,ERR,ERR,ERR,ERR,ERR,ERR,ERR,ERR,ERR,ERR,ERR,ERR,ERR,ERR,ERR,ERR,ERR,ERR,ERR,ERR,ERR,ERR,ERR,ERR,ERR,ERR,ERR,ERR,ERR,ERR,ERR,ERR,ERR,ERR,ERR,ERR,ERR,ERR,ERR,ERR,ERR,ERR,ERR,ERR,ERR,ERR,ERR,ERR,ERR,ERR,ERR,ERR,ERR,ERR,ERR,ERR,ERR,ERR,ERR,ERR,ERR,ERR,ERR,ERR,ERR,ERR,ERR,ERR,ERR,ERR,ERR,ERR,ERR,ERR,ERR,ERR,ERR,ERR,ERR,ERR,0.0,0.0,0.0,0.0,0.0,1.3936040501711995e+18,7.805,0.0,0,0,4,0,7116,0.0,100,0.0,0.0,0.0,0.0,0.0,0,0,0,0,0.0,0,0,0,0,0,0,0,0,0,0,0,0,0,0,0,0,0,0,0,0,0,0,0,0,0,0,0,0,0,0,0,0,0,31,40,40,71,65476,0,300,0,0,8,21553,0.0,-107605600.0,0.0,0.0,0.0,0.0,0.0,0.0,0.0,0.0,0.0,0.0,0.0,0.0,0.0,0.0,0.0,0.0,0.0,0.0,0.0,0.0,-2.004,-2.004,-0.0,-2.004,0.0,0.0,0.0,0.0,6261.0,-2.004,6936.0,0.0,0.0,2.7184303811560617e+23,0.0,0.0,0.0,0.0,0.0,69,0.0,4.066872547480485e+29,0.0,0.0,0.0,0.0,0.0,0.0,0.0,0,0,0,0.0,0.0,0.0,0.0,0.0,0.0,0.0,0.0,0.0,0.0,0.0,0.0,0.0,0.0,0.0,0.0,0,-107875648.0,69,0.0,138,0.0,0.0,0,13107,17040,13107,17049,13107,17043,0,0,0,70,68,100,2.7302359370752657e+23,71.1,0.0,74.2,2.7302370179391762e+23,74.0,1,49,50,180,13107,52429,0,0,0.0,0.0,0.0,0.0,-0.0,67.0,0.0,162057.094,0.0,751,0,739,0,0,0,721,0,766,0,736,0,742,0,741,0,712,0,7520,0.032,107911053312.0,0.0,0.0,784,16797,-0.0,162057.094,-114818.039,-0.0,0.133,6.909358625270745e+28,30.0,65.0,35,0.0,0.0,0.0,0.0,0.0,0.0,0.0,0.0,0.0,0.0,0.0,0.0,0.0,0.0,0.0,0.0,69.6,0,150,71,55,65476,0,300,0,1,8,20529,65476,0,0,40632,65.0,0.0,0.0,0.0,0.0,0.0
2026-09-04T20:27:17,ERR,ERR,ERR,ERR,ERR,ERR,ERR,ERR,ERR,ERR,ERR,ERR,ERR,ERR,ERR,ERR,ERR,ERR,ERR,ERR,ERR,ERR,ERR,ERR,ERR,ERR,ERR,ERR,ERR,ERR,ERR,ERR,ERR,ERR,ERR,ERR,ERR,ERR,ERR,ERR,ERR,ERR,ERR,ERR,ERR,ERR,ERR,ERR,ERR,ERR,ERR,ERR,ERR,ERR,ERR,ERR,ERR,ERR,ERR,ERR,ERR,ERR,ERR,ERR,ERR,ERR,ERR,ERR,ERR,ERR,ERR,ERR,ERR,ERR,ERR,ERR,ERR,ERR,ERR,ERR,ERR,ERR,ERR,ERR,ERR,ERR,ERR,ERR,ERR,ERR,ERR,ERR,ERR,ERR,ERR,ERR,ERR,ERR,ERR,ERR,ERR,ERR,ERR,ERR,ERR,ERR,ERR,ERR,ERR,ERR,ERR,ERR,ERR,ERR,ERR,ERR,ERR,ERR,ERR,ERR,ERR,ERR,ERR,ERR,ERR,0.0,0.0,0.0,0.0,0.0,1.3936040501711995e+18,7.805,0.0,0,0,4,0,7116,0.0,100,0.0,0.0,0.0,0.0,0.0,0,0,0,0,0.0,0,0,0,0,0,0,0,0,0,0,0,0,0,0,0,0,0,0,0,0,0,0,0,0,0,0,0,0,0,0,0,0,0,31,40,40,71,65476,0,300,0,0,8,21553,0.0,-107605600.0,0.0,0.0,0.0,0.0,0.0,0.0,0.0,0.0,0.0,0.0,0.0,0.0,0.0,0.0,0.0,0.0,0.0,0.0,0.0,0.0,-2.004,-2.004,-0.0,-2.004,0.0,0.0,0.0,0.0,6261.0,-2.004,6936.0,0.0,0.0,2.7184303811560617e+23,0.0,0.0,0.0,0.0,0.0,69,0.0,4.066872547480485e+29,0.0,0.0,0.0,0.0,0.0,0.0,0.0,0,0,0,0.0,0.0,0.0,0.0,0.0,0.0,0.0,0.0,0.0,0.0,0.0,0.0,0.0,0.0,0.0,0.0,0,-107875648.0,69,0.0,138,0.0,0.0,0,13107,17040,13107,17049,13107,17043,0,0,0,70,68,100,2.7302359370752657e+23,71.1,0.0,74.2,2.7302370179391762e+23,74.0,1,49,50,180,13107,52429,0,0,0.0,0.0,0.0,0.0,-0.0,67.0,0.0,162057.094,0.0,751,0,739,0,0,0,721,0,766,0,736,0,742,0,741,0,712,0,7520,0.032,107911053312.0,0.0,0.0,784,16797,-0.0,162057.094,-114818.039,-0.0,0.133,6.909358625270745e+28,30.0,65.0,35,0.0,0.0,0.0,0.0,0.0,0.0,0.0,0.0,0.0,0.0,0.0,0.0,0.0,0.0,0.0,0.0,69.6,0,150,71,55,65476,0,300,0,1,8,20529,65476,0,0,40632,65.0,0.0,0.0,0.0,0.0,0.0
2026-09-04T20:27:18,ERR,ERR,ERR,ERR,ERR,ERR,ERR,ERR,ERR,ERR,ERR,ERR,ERR,ERR,ERR,ERR,ERR,ERR,ERR,ERR,ERR,ERR,ERR,ERR,ERR,ERR,ERR,ERR,ERR,ERR,ERR,ERR,ERR,ERR,ERR,ERR,ERR,ERR,ERR,ERR,ERR,ERR,ERR,ERR,ERR,ERR,ERR,ERR,ERR,ERR,ERR,ERR,ERR,ERR,ERR,ERR,ERR,ERR,ERR,ERR,ERR,ERR,ERR,ERR,ERR,ERR,ERR,ERR,ERR,ERR,ERR,ERR,ERR,ERR,ERR,ERR,ERR,ERR,ERR,ERR,ERR,ERR,ERR,ERR,ERR,ERR,ERR,ERR,ERR,ERR,ERR,ERR,ERR,ERR,ERR,ERR,ERR,ERR,ERR,ERR,ERR,ERR,ERR,ERR,ERR,ERR,ERR,ERR,ERR,ERR,ERR,ERR,ERR,ERR,ERR,ERR,ERR,ERR,ERR,ERR,ERR,ERR,ERR,ERR,ERR,0.0,0.0,0.0,0.0,0.0,1.3936040501711995e+18,7.805,0.0,0,0,4,0,7116,0.0,100,0.0,0.0,0.0,0.0,0.0,0,0,0,0,0.0,0,0,0,0,0,0,0,0,0,0,0,0,0,0,0,0,0,0,0,0,0,0,0,0,0,0,0,0,0,0,0,0,0,31,40,40,71,65476,0,300,0,0,8,21553,0.0,-107605600.0,0.0,0.0,0.0,0.0,0.0,0.0,0.0,0.0,0.0,0.0,0.0,0.0,0.0,0.0,0.0,0.0,0.0,0.0,0.0,0.0,-2.004,-2.004,-0.0,-2.004,0.0,0.0,0.0,0.0,6261.0,-2.004,6936.0,0.0,0.0,2.7184303811560617e+23,0.0,0.0,0.0,0.0,0.0,69,0.0,4.066872547480485e+29,0.0,0.0,0.0,0.0,0.0,0.0,0.0,0,0,0,0.0,0.0,0.0,0.0,0.0,0.0,0.0,0.0,0.0,0.0,0.0,0.0,0.0,0.0,0.0,0.0,0,-107875648.0,69,0.0,138,0.0,0.0,0,13107,17040,13107,17049,13107,17043,0,0,0,70,68,100,2.7302359370752657e+23,71.1,0.0,74.2,2.7302370179391762e+23,74.0,1,49,50,180,13107,52429,0,0,0.0,0.0,0.0,0.0,-0.0,67.0,0.0,162057.094,0.0,751,0,739,0,0,0,721,0,766,0,736,0,742,0,741,0,712,0,7520,0.032,107911053312.0,0.0,0.0,784,16797,-0.0,162057.094,-114818.039,-0.0,0.133,6.909358625270745e+28,30.0,65.0,35,0.0,0.0,0.0,0.0,0.0,0.0,0.0,0.0,0.0,0.0,0.0,0.0,0.0,0.0,0.0,0.0,69.2,0,150,71,55,65476,0,300,0,1,8,20529,65476,0,0,40632,65.0,0.0,0.0,0.0,0.0,0.0
2026-09-04T20:27:19,ERR,ERR,ERR,ERR,ERR,ERR,ERR,ERR,ERR,ERR,ERR,ERR,ERR,ERR,ERR,ERR,ERR,ERR,ERR,ERR,ERR,ERR,ERR,ERR,ERR,ERR,ERR,ERR,ERR,ERR,ERR,ERR,ERR,ERR,ERR,ERR,ERR,ERR,ERR,ERR,ERR,ERR,ERR,ERR,ERR,ERR,ERR,ERR,ERR,ERR,ERR,ERR,ERR,ERR,ERR,ERR,ERR,ERR,ERR,ERR,ERR,ERR,ERR,ERR,ERR,ERR,ERR,ERR,ERR,ERR,ERR,ERR,ERR,ERR,ERR,ERR,ERR,ERR,ERR,ERR,ERR,ERR,ERR,ERR,ERR,ERR,ERR,ERR,ERR,ERR,ERR,ERR,ERR,ERR,ERR,ERR,ERR,ERR,ERR,ERR,ERR,ERR,ERR,ERR,ERR,ERR,ERR,ERR,ERR,ERR,ERR,ERR,ERR,ERR,ERR,ERR,ERR,ERR,ERR,ERR,ERR,ERR,ERR,ERR,ERR,0.0,0.0,0.0,0.0,0.0,1.3936040501711995e+18,7.805,0.0,0,0,4,0,7116,0.0,100,0.0,0.0,0.0,0.0,0.0,0,0,0,0,0.0,0,0,0,0,0,0,0,0,0,0,0,0,0,0,0,0,0,0,0,0,0,0,0,0,0,0,0,0,0,0,0,0,0,31,40,40,71,65476,0,300,0,0,8,21553,0.0,-107605600.0,0.0,0.0,0.0,0.0,0.0,0.0,0.0,0.0,0.0,0.0,0.0,0.0,0.0,0.0,0.0,0.0,0.0,0.0,0.0,0.0,-2.004,-2.004,-0.0,-2.004,0.0,0.0,0.0,0.0,6261.0,-2.004,6936.0,0.0,0.0,2.7184303811560617e+23,0.0,0.0,0.0,0.0,0.0,69,0.0,4.066872547480485e+29,0.0,0.0,0.0,0.0,0.0,0.0,0.0,0,0,0,0.0,0.0,0.0,0.0,0.0,0.0,0.0,0.0,0.0,0.0,0.0,0.0,0.0,0.0,0.0,0.0,0,-107875648.0,69,0.0,138,0.0,0.0,0,13107,17040,13107,17049,13107,17043,0,0,0,70,68,100,2.7302359370752657e+23,71.2,2.7302370179391762e+23,74.2,2.7302370179391762e+23,74.0,1,49,50,180,13107,52429,0,0,0.0,0.0,0.0,0.0,-0.0,67.0,0.0,162057.094,0.0,751,0,739,0,0,0,721,0,766,0,736,0,742,0,741,0,712,0,7520,0.032,79456894976.0,0.0,0.0,784,16797,-0.0,162057.094,-114818.039,-0.0,0.133,6.909358625270745e+28,30.0,65.0,35,0.0,0.0,0.0,0.0,0.0,0.0,0.0,0.0,0.0,0.0,0.0,0.0,0.0,0.0,0.0,0.0,69.2,0,150,71,55,65476,0,300,0,1,8,20529,65476,0,0,40632,65.0,0.0,0.0,0.0,0.0,0.0
2026-09-04T20:27:20,ERR,ERR,ERR,ERR,ERR,ERR,ERR,ERR,ERR,ERR,ERR,ERR,ERR,ERR,ERR,ERR,ERR,ERR,ERR,ERR,ERR,ERR,ERR,ERR,ERR,ERR,ERR,ERR,ERR,ERR,ERR,ERR,ERR,ERR,ERR,ERR,ERR,ERR,ERR,ERR,ERR,ERR,ERR,ERR,ERR,ERR,ERR,ERR,ERR,ERR,ERR,ERR,ERR,ERR,ERR,ERR,ERR,ERR,ERR,ERR,ERR,ERR,ERR,ERR,ERR,ERR,ERR,ERR,ERR,ERR,ERR,ERR,ERR,ERR,ERR,ERR,ERR,ERR,ERR,ERR,ERR,ERR,ERR,ERR,ERR,ERR,ERR,ERR,ERR,ERR,ERR,ERR,ERR,ERR,ERR,ERR,ERR,ERR,ERR,ERR,ERR,ERR,ERR,ERR,ERR,ERR,ERR,ERR,ERR,ERR,ERR,ERR,ERR,ERR,ERR,ERR,ERR,ERR,ERR,ERR,ERR,ERR,ERR,ERR,ERR,0.0,2.7184312818759872e+23,-100793952.0,0.0,0.0,1.3936040501711995e+18,7.805,0.0,0,0,4,0,7116,0.0,100,0.0,0.0,0.0,0.0,0.0,0,0,0,0,0.0,0,0,0,0,0,0,0,0,0,0,0,0,0,0,0,0,0,0,0,0,0,0,0,0,0,0,0,0,0,0,0,0,0,31,40,40,71,65476,0,300,0,0,8,21553,0.0,-107605600.0,0.0,0.0,0.0,0.0,0.0,0.0,0.0,0.0,0.0,0.0,0.0,0.0,0.0,0.0,0.0,0.0,0.0,0.0,0.0,0.0,-2.004,-0.0,-0.0,-2.004,0.0,0.0,0.0,0.0,6258.0,2.004,6920.0,0.0,0.0,2.7184303811560617e+23,0.0,0.0,0.0,0.0,0.0,69,0.0,-3.22202084505296e+26,0.0,0.0,0.0,0.0,0.0,0.0,0.0,0,0,0,0.0,0.0,0.0,0.0,0.0,0.0,0.0,0.0,0.0,0.0,0.0,0.0,0.0,0.0,0.0,0.0,0,-107875648.0,69,0.0,138,0.0,-109447200.0,0,13107,17040,13107,17049,13107,17043,0,0,0,70,68,100,2.7302359370752657e+23,71.2,2.7302370179391762e+23,74.2,2.7302370179391762e+23,74.0,1,49,50,180,13107,52429,0,0,0.0,0.0,0.0,0.0,-0.0,67.0,0.0,162057.094,0.0,751,0,739,0,0,0,721,0,766,0,736,0,742,0,741,0,712,0,7520,0.032,79456894976.0,0.0,0.0,784,16797,-0.0,162057.094,-114818.039,-0.0,0.133,6.909358625270745e+28,30.0,65.0,35,0.0,0.0,0.0,0.0,0.0,0.0,0.0,0.0,0.0,0.0,0.0,0.0,0.0,0.0,0.0,0.0,69.2,0,150,71,55,65476,0,300,0,1,8,20529,65476,0,0,40632,65.0,0.0,0.0,0.0,0.0,0.0
2026-09-04T20:27:21,ERR,ERR,ERR,ERR,ERR,ERR,ERR,ERR,ERR,ERR,ERR,ERR,ERR,ERR,ERR,ERR,ERR,ERR,ERR,ERR,ERR,ERR,ERR,ERR,ERR,ERR,ERR,ERR,ERR,ERR,ERR,ERR,ERR,ERR,ERR,ERR,ERR,ERR,ERR,ERR,ERR,ERR,ERR,ERR,ERR,ERR,ERR,ERR,ERR,ERR,ERR,ERR,ERR,ERR,ERR,ERR,ERR,ERR,ERR,ERR,ERR,ERR,ERR,ERR,ERR,ERR,ERR,ERR,ERR,ERR,ERR,ERR,ERR,ERR,ERR,ERR,ERR,ERR,ERR,ERR,ERR,ERR,ERR,ERR,ERR,ERR,ERR,ERR,ERR,ERR,ERR,ERR,ERR,ERR,ERR,ERR,ERR,ERR,ERR,ERR,ERR,ERR,ERR,ERR,ERR,ERR,ERR,ERR,ERR,ERR,ERR,ERR,ERR,ERR,ERR,ERR,ERR,ERR,ERR,ERR,ERR,ERR,ERR,ERR,ERR,0.0,2.7184312818759872e+23,-100793952.0,0.0,0.0,1.3936040501711995e+18,7.805,0.0,0,0,4,0,7116,0.0,100,0.0,0.0,0.0,0.0,0.0,0,0,0,0,0.0,0,0,0,0,0,0,0,0,0,0,0,0,0,0,0,0,0,0,0,0,0,0,0,0,0,0,0,0,0,0,0,0,0,31,40,40,71,65476,0,300,0,0,8,21553,0.0,-107605600.0,0.0,0.0,0.0,0.0,0.0,0.0,0.0,0.0,0.0,0.0,0.0,0.0,0.0,0.0,0.0,0.0,0.0,0.0,0.0,0.0,-2.004,-0.0,-0.0,-2.004,0.0,0.0,0.0,0.0,6258.0,2.004,6920.0,0.0,0.0,2.7184303811560617e+23,0.0,0.0,0.0,0.0,0.0,69,0.0,-3.22202084505296e+26,0.0,0.0,0.0,0.0,0.0,0.0,0.0,0,0,0,0.0,0.0,0.0,0.0,0.0,0.0,0.0,0.0,0.0,0.0,0.0,0.0,0.0,0.0,0.0,0.0,0,-107875648.0,69,0.0,138,0.0,-109447200.0,0,13107,17040,13107,17049,13107,17043,0,0,0,70,68,100,2.7302359370752657e+23,71.2,2.7302370179391762e+23,74.2,2.7302370179391762e+23,74.0,1,49,50,180,13107,52429,0,0,0.0,0.0,0.0,0.0,-0.0,67.0,0.0,162057.094,0.0,751,0,739,0,0,0,721,0,766,0,736,0,742,0,741,0,712,0,7520,0.032,79456894976.0,0.0,0.0,784,16797,-0.0,162057.094,-114818.039,-0.0,0.133,6.909358625270745e+28,30.0,65.0,35,0.0,0.0,0.0,0.0,0.0,0.0,0.0,0.0,0.0,0.0,0.0,0.0,0.0,0.0,0.0,0.0,69.2,0,150,71,55,65476,0,300,0,1,8,20529,65476,0,0,40632,65.0,0.0,0.0,0.0,0.0,0.0
2026-09-04T20:27:22,ERR,ERR,ERR,ERR,ERR,ERR,ERR,ERR,ERR,ERR,ERR,ERR,ERR,ERR,ERR,ERR,ERR,ERR,ERR,ERR,ERR,ERR,ERR,ERR,ERR,ERR,ERR,ERR,ERR,ERR,ERR,ERR,ERR,ERR,ERR,ERR,ERR,ERR,ERR,ERR,ERR,ERR,ERR,ERR,ERR,ERR,ERR,ERR,ERR,ERR,ERR,ERR,ERR,ERR,ERR,ERR,ERR,ERR,ERR,ERR,ERR,ERR,ERR,ERR,ERR,ERR,ERR,ERR,ERR,ERR,ERR,ERR,ERR,ERR,ERR,ERR,ERR,ERR,ERR,ERR,ERR,ERR,ERR,ERR,ERR,ERR,ERR,ERR,ERR,ERR,ERR,ERR,ERR,ERR,ERR,ERR,ERR,ERR,ERR,ERR,ERR,ERR,ERR,ERR,ERR,ERR,ERR,ERR,ERR,ERR,ERR,ERR,ERR,ERR,ERR,ERR,ERR,ERR,ERR,ERR,ERR,ERR,ERR,ERR,ERR,0.0,2.7184312818759872e+23,-100793952.0,0.0,0.0,1.3936040501711995e+18,7.805,0.0,0,0,4,0,7116,0.0,100,0.0,0.0,0.0,0.0,0.0,0,0,0,0,0.0,0,0,0,0,0,0,0,0,0,0,0,0,0,0,0,0,0,0,0,0,0,0,0,0,0,0,0,0,0,0,0,0,0,31,40,40,71,65476,0,300,0,0,8,21553,0.0,-107605600.0,0.0,0.0,0.0,0.0,0.0,0.0,0.0,0.0,0.0,0.0,0.0,0.0,0.0,0.0,0.0,0.0,0.0,0.0,0.0,0.0,-2.004,-0.0,-0.0,-2.004,0.0,0.0,0.0,0.0,6258.0,2.004,6920.0,0.0,0.0,2.7184303811560617e+23,0.0,0.0,0.0,0.0,0.0,69,0.0,-3.22202084505296e+26,0.0,0.0,0.0,0.0,0.0,0.0,0.0,0,0,0,0.0,0.0,0.0,0.0,0.0,0.0,0.0,0.0,0.0,0.0,0.0,0.0,0.0,0.0,0.0,0.0,0,-107875648.0,69,0.0,138,0.0,-109447200.0,0,13107,17040,13107,17049,13107,17043,0,0,0,70,68,100,2.7302359370752657e+23,71.2,2.7302370179391762e+23,74.2,2.7302370179391762e+23,74.0,1,49,50,180,13107,52429,0,0,0.0,0.0,0.0,0.0,-0.0,67.0,0.0,162057.094,0.0,751,0,739,0,0,0,721,0,766,0,736,0,742,0,741,0,712,0,7520,0.032,79456894976.0,0.0,0.0,784,16797,-0.0,162057.094,-114818.039,-0.0,0.133,6.909358625270745e+28,30.0,65.0,35,0.0,0.0,0.0,0.0,0.0,0.0,0.0,0.0,0.0,0.0,0.0,0.0,0.0,0.0,0.0,0.0,69.2,0,150,71,55,65476,0,300,0,1,8,20529,65476,0,0,40632,65.0,0.0,0.0,0.0,0.0,0.0
2026-09-04T20:27:23,ERR,ERR,ERR,ERR,ERR,ERR,ERR,ERR,ERR,ERR,ERR,ERR,ERR,ERR,ERR,ERR,ERR,ERR,ERR,ERR,ERR,ERR,ERR,ERR,ERR,ERR,ERR,ERR,ERR,ERR,ERR,ERR,ERR,ERR,ERR,ERR,ERR,ERR,ERR,ERR,ERR,ERR,ERR,ERR,ERR,ERR,ERR,ERR,ERR,ERR,ERR,ERR,ERR,ERR,ERR,ERR,ERR,ERR,ERR,ERR,ERR,ERR,ERR,ERR,ERR,ERR,ERR,ERR,ERR,ERR,ERR,ERR,ERR,ERR,ERR,ERR,ERR,ERR,ERR,ERR,ERR,ERR,ERR,ERR,ERR,ERR,ERR,ERR,ERR,ERR,ERR,ERR,ERR,ERR,ERR,ERR,ERR,ERR,ERR,ERR,ERR,ERR,ERR,ERR,ERR,ERR,ERR,ERR,ERR,ERR,ERR,ERR,ERR,ERR,ERR,ERR,ERR,ERR,ERR,ERR,ERR,ERR,ERR,ERR,ERR,0.0,2.7184312818759872e+23,-100793952.0,0.0,0.0,1.3936040501711995e+18,7.805,0.0,0,0,4,0,7116,0.0,100,0.0,0.0,0.0,0.0,0.0,0,0,0,0,0.0,0,0,0,0,0,0,0,0,0,0,0,0,0,0,0,0,0,0,0,0,0,0,0,0,0,0,0,0,0,0,0,0,0,31,40,40,71,65476,0,300,0,0,8,21553,0.0,-107605600.0,0.0,0.0,0.0,0.0,0.0,0.0,0.0,0.0,0.0,0.0,0.0,0.0,0.0,0.0,0.0,0.0,0.0,0.0,0.0,0.0,-2.004,-0.0,-0.0,-2.004,0.0,0.0,0.0,0.0,6258.0,2.004,6920.0,0.0,0.0,2.7184303811560617e+23,0.0,0.0,0.0,0.0,0.0,69,0.0,-3.22202084505296e+26,0.0,0.0,0.0,0.0,0.0,0.0,0.0,0,0,0,0.0,0.0,0.0,0.0,0.0,0.0,0.0,0.0,0.0,0.0,0.0,0.0,0.0,0.0,0.0,0.0,0,-107875648.0,69,0.0,138,0.0,-109447200.0,0,13107,17040,13107,17049,13107,17043,0,0,0,70,68,100,2.7302359370752657e+23,71.2,2.7302370179391762e+23,74.2,2.7302370179391762e+23,74.0,1,49,50,180,13107,52429,0,0,0.0,0.0,0.0,0.0,-0.0,67.0,0.0,162057.094,0.0,751,0,739,0,0,0,721,0,766,0,736,0,742,0,741,0,712,0,7520,0.032,78920024064.0,0.0,0.0,784,16797,-0.0,162057.094,-114818.039,-0.0,0.133,6.909358625270745e+28,30.0,65.0,35,0.0,0.0,0.0,0.0,0.0,0.0,0.0,0.0,0.0,0.0,0.0,0.0,0.0,0.0,0.0,0.0,69.2,0,150,71,55,65476,0,300,0,1,8,20529,65476,0,0,40632,65.0,0.0,0.0,0.0,0.0,0.0
2026-09-04T20:27:24,ERR,ERR,ERR,ERR,ERR,ERR,ERR,ERR,ERR,ERR,ERR,ERR,ERR,ERR,ERR,ERR,ERR,ERR,ERR,ERR,ERR,ERR,ERR,ERR,ERR,ERR,ERR,ERR,ERR,ERR,ERR,ERR,ERR,ERR,ERR,ERR,ERR,ERR,ERR,ERR,ERR,ERR,ERR,ERR,ERR,ERR,ERR,ERR,ERR,ERR,ERR,ERR,ERR,ERR,ERR,ERR,ERR,ERR,ERR,ERR,ERR,ERR,ERR,ERR,ERR,ERR,ERR,ERR,ERR,ERR,ERR,ERR,ERR,ERR,ERR,ERR,ERR,ERR,ERR,ERR,ERR,ERR,ERR,ERR,ERR,ERR,ERR,ERR,ERR,ERR,ERR,ERR,ERR,ERR,ERR,ERR,ERR,ERR,ERR,ERR,ERR,ERR,ERR,ERR,ERR,ERR,ERR,ERR,ERR,ERR,ERR,ERR,ERR,ERR,ERR,ERR,ERR,ERR,ERR,ERR,ERR,ERR,ERR,ERR,ERR,0.0,2.7184312818759872e+23,-100793952.0,0.0,0.0,1.3936040501711995e+18,7.805,0.0,0,0,4,0,7116,0.0,100,0.0,0.0,0.0,0.0,0.0,0,0,0,0,0.0,0,0,0,0,0,0,0,0,0,0,0,0,0,0,0,0,0,0,0,0,0,0,0,0,0,0,0,0,0,0,0,0,0,31,40,40,71,65476,0,300,0,0,8,21553,0.0,-107605600.0,0.0,0.0,0.0,0.0,0.0,0.0,0.0,0.0,0.0,0.0,0.0,0.0,0.0,0.0,0.0,0.0,0.0,0.0,0.0,0.0,-2.004,-0.0,-0.0,-2.004,0.0,0.0,0.0,0.0,6258.0,2.004,6920.0,0.0,0.0,2.7184303811560617e+23,0.0,0.0,0.0,0.0,0.0,69,0.0,-3.22202084505296e+26,0.0,0.0,0.0,0.0,0.0,0.0,0.0,0,0,0,0.0,0.0,0.0,0.0,0.0,0.0,0.0,0.0,0.0,0.0,0.0,0.0,0.0,0.0,0.0,0.0,0,-107875648.0,69,0.0,138,0.0,-109447200.0,0,13107,17040,13107,17049,13107,17043,0,0,0,70,68,100,2.7302359370752657e+23,71.2,2.7302370179391762e+23,74.2,2.7302370179391762e+23,74.0,1,49,50,180,13107,52429,0,0,0.0,0.0,0.0,0.0,-0.0,67.0,0.0,162057.094,0.0,751,0,739,0,0,0,721,0,766,0,736,0,742,0,741,0,712,0,7520,0.032,78920024064.0,0.0,0.0,784,16797,-0.0,162057.094,-114818.039,-0.0,0.133,6.909358625270745e+28,30.0,65.0,35,0.0,0.0,0.0,0.0,0.0,0.0,0.0,0.0,0.0,0.0,0.0,0.0,0.0,0.0,0.0,0.0,69.6,0,150,71,55,65476,0,300,0,1,8,20529,65476,0,0,40632,65.0,0.0,0.0,0.0,0.0,0.0
2026-09-04T20:27:25,ERR,ERR,ERR,ERR,ERR,ERR,ERR,ERR,ERR,ERR,ERR,ERR,ERR,ERR,ERR,ERR,ERR,ERR,ERR,ERR,ERR,ERR,ERR,ERR,ERR,ERR,ERR,ERR,ERR,ERR,ERR,ERR,ERR,ERR,ERR,ERR,ERR,ERR,ERR,ERR,ERR,ERR,ERR,ERR,ERR,ERR,ERR,ERR,ERR,ERR,ERR,ERR,ERR,ERR,ERR,ERR,ERR,ERR,ERR,ERR,ERR,ERR,ERR,ERR,ERR,ERR,ERR,ERR,ERR,ERR,ERR,ERR,ERR,ERR,ERR,ERR,ERR,ERR,ERR,ERR,ERR,ERR,ERR,ERR,ERR,ERR,ERR,ERR,ERR,ERR,ERR,ERR,ERR,ERR,ERR,ERR,ERR,ERR,ERR,ERR,ERR,ERR,ERR,ERR,ERR,ERR,ERR,ERR,ERR,ERR,ERR,ERR,ERR,ERR,ERR,ERR,ERR,ERR,ERR,ERR,ERR,ERR,ERR,ERR,ERR,0.0,2.7184312818759872e+23,-100793952.0,0.0,0.0,1.3936040501711995e+18,7.805,0.0,0,0,4,0,7116,0.0,100,0.0,0.0,0.0,0.0,0.0,0,0,0,0,0.0,0,0,0,0,0,0,0,0,0,0,0,0,0,0,0,0,0,0,0,0,0,0,0,0,0,0,0,0,0,0,0,0,0,31,40,40,71,65476,0,300,0,0,8,21553,0.0,-107605600.0,0.0,0.0,0.0,0.0,0.0,0.0,0.0,0.0,0.0,0.0,0.0,0.0,0.0,0.0,0.0,0.0,0.0,0.0,0.0,0.0,-2.004,-0.0,-0.0,-2.004,0.0,0.0,0.0,0.0,6258.0,2.004,6920.0,0.0,0.0,2.7184303811560617e+23,0.0,0.0,0.0,0.0,0.0,69,0.0,-3.22202084505296e+26,0.0,0.0,0.0,0.0,0.0,0.0,0.0,0,0,0,0.0,0.0,0.0,0.0,0.0,0.0,0.0,0.0,0.0,0.0,0.0,0.0,0.0,0.0,0.0,0.0,0,-107875648.0,69,0.0,138,0.0,-109447200.0,0,13107,17040,13107,17049,13107,17043,0,0,0,70,68,100,2.7302359370752657e+23,71.2,2.7302370179391762e+23,74.2,2.7302370179391762e+23,74.0,1,49,50,180,13107,52429,0,0,0.0,0.0,0.0,0.0,-0.0,67.0,0.0,162057.094,0.0,751,0,739,0,0,0,721,0,766,0,736,0,742,0,741,0,712,0,7520,0.032,78920024064.0,0.0,0.0,784,16797,-0.0,162057.094,-114818.039,-0.0,0.133,6.909358625270745e+28,30.0,65.0,35,0.0,0.0,0.0,0.0,0.0,0.0,0.0,0.0,0.0,0.0,0.0,0.0,0.0,0.0,0.0,0.0,69.6,0,150,71,55,65476,0,300,0,1,8,20529,65476,0,0,40632,65.0,0.0,0.0,0.0,0.0,0.0
2026-09-04T20:27:26,ERR,ERR,ERR,ERR,ERR,ERR,ERR,ERR,ERR,ERR,ERR,ERR,ERR,ERR,ERR,ERR,ERR,ERR,ERR,ERR,ERR,ERR,ERR,ERR,ERR,ERR,ERR,ERR,ERR,ERR,ERR,ERR,ERR,ERR,ERR,ERR,ERR,ERR,ERR,ERR,ERR,ERR,ERR,ERR,ERR,ERR,ERR,ERR,ERR,ERR,ERR,ERR,ERR,ERR,ERR,ERR,ERR,ERR,ERR,ERR,ERR,ERR,ERR,ERR,ERR,ERR,ERR,ERR,ERR,ERR,ERR,ERR,ERR,ERR,ERR,ERR,ERR,ERR,ERR,ERR,ERR,ERR,ERR,ERR,ERR,ERR,ERR,ERR,ERR,ERR,ERR,ERR,ERR,ERR,ERR,ERR,ERR,ERR,ERR,ERR,ERR,ERR,ERR,ERR,ERR,ERR,ERR,ERR,ERR,ERR,ERR,ERR,ERR,ERR,ERR,ERR,ERR,ERR,ERR,ERR,ERR,ERR,ERR,ERR,ERR,0.0,0.0,0.0,0.0,0.0,1.3936040501711995e+18,7.805,0.0,0,0,4,0,7116,0.0,100,0.0,0.0,0.0,0.0,0.0,0,0,0,0,0.0,0,0,0,0,0,0,0,0,0,0,0,0,0,0,0,0,0,0,0,0,0,0,0,0,0,0,0,0,0,0,0,0,0,31,40,40,71,65476,0,300,0,0,8,21553,0.0,-107605600.0,0.0,0.0,0.0,0.0,0.0,0.0,0.0,0.0,0.0,0.0,0.0,0.0,0.0,0.0,0.0,0.0,0.0,0.0,0.0,0.0,-2.004,-2.004,-0.0,-2.004,0.0,0.0,0.0,0.0,6258.0,1.0406702088231253e+34,6927.0,0.0,0.0,2.7184303811560617e+23,0.0,0.0,0.0,0.0,0.0,69,0.0,126840946688.0,0.0,0.0,0.0,0.0,0.0,0.0,0.0,0,0,0,0.0,0.0,0.0,0.0,0.0,0.0,0.0,0.0,0.0,0.0,0.0,0.0,0.0,0.0,0.0,0.0,0,-107875648.0,69,0.0,138,0.0,0.0,0,13107,17040,13107,17049,13107,17043,0,0,0,70,68,100,2.7302359370752657e+23,71.2,2.7302370179391762e+23,74.2,2.7302370179391762e+23,74.0,1,49,50,180,13107,52429,0,0,0.0,0.0,0.0,0.0,-0.0,67.0,0.0,162057.094,0.0,751,0,739,0,0,0,721,0,766,0,736,0,742,0,741,0,712,0,7520,0.032,78920024064.0,0.0,0.0,784,16797,-0.0,162057.094,-114818.039,-0.0,0.133,6.909358625270745e+28,30.0,65.0,35,0.0,0.0,0.0,0.0,0.0,0.0,0.0,0.0,0.0,0.0,0.0,0.0,0.0,0.0,0.0,0.0,69.6,0,150,71,55,65476,0,300,0,1,8,20529,65476,0,0,40632,65.0,0.0,0.0,0.0,0.0,0.0
2026-09-04T20:27:27,ERR,ERR,ERR,ERR,ERR,ERR,ERR,ERR,ERR,ERR,ERR,ERR,ERR,ERR,ERR,ERR,ERR,ERR,ERR,ERR,ERR,ERR,ERR,ERR,ERR,ERR,ERR,ERR,ERR,ERR,ERR,ERR,ERR,ERR,ERR,ERR,ERR,ERR,ERR,ERR,ERR,ERR,ERR,ERR,ERR,ERR,ERR,ERR,ERR,ERR,ERR,ERR,ERR,ERR,ERR,ERR,ERR,ERR,ERR,ERR,ERR,ERR,ERR,ERR,ERR,ERR,ERR,ERR,ERR,ERR,ERR,ERR,ERR,ERR,ERR,ERR,ERR,ERR,ERR,ERR,ERR,ERR,ERR,ERR,ERR,ERR,ERR,ERR,ERR,ERR,ERR,ERR,ERR,ERR,ERR,ERR,ERR,ERR,ERR,ERR,ERR,ERR,ERR,ERR,ERR,ERR,ERR,ERR,ERR,ERR,ERR,ERR,ERR,ERR,ERR,ERR,ERR,ERR,ERR,ERR,ERR,ERR,ERR,ERR,ERR,0.0,0.0,0.0,0.0,0.0,1.3936040501711995e+18,7.805,0.0,0,0,4,0,7116,0.0,100,0.0,0.0,0.0,0.0,0.0,0,0,0,0,0.0,0,0,0,0,0,0,0,0,0,0,0,0,0,0,0,0,0,0,0,0,0,0,0,0,0,0,0,0,0,0,0,0,0,31,40,40,71,65476,0,300,0,0,8,21553,0.0,-107605600.0,0.0,0.0,0.0,0.0,0.0,0.0,0.0,0.0,0.0,0.0,0.0,0.0,0.0,0.0,0.0,0.0,0.0,0.0,0.0,0.0,-2.004,-2.004,-0.0,-2.004,0.0,0.0,0.0,0.0,6258.0,1.0406702088231253e+34,6927.0,0.0,0.0,2.7184303811560617e+23,0.0,0.0,0.0,0.0,0.0,69,0.0,126840946688.0,0.0,0.0,0.0,0.0,0.0,0.0,0.0,0,0,0,0.0,0.0,0.0,0.0,0.0,0.0,0.0,0.0,0.0,0.0,0.0,0.0,0.0,0.0,0.0,0.0,0,-107875648.0,69,0.0,138,0.0,0.0,0,13107,17040,13107,17049,13107,17043,0,0,0,70,68,100,2.7302359370752657e+23,71.2,2.7302370179391762e+23,74.2,2.7302370179391762e+23,74.0,1,49,50,180,13107,52429,0,0,0.0,0.0,0.0,0.0,-0.0,67.0,0.0,162057.094,0.0,751,0,739,0,0,0,721,0,766,0,736,0,742,0,741,0,712,0,7520,0.032,78920024064.0,0.0,0.0,784,16797,-0.0,162057.094,-114818.039,-0.0,0.133,6.909358625270745e+28,30.0,65.0,35,0.0,0.0,0.0,0.0,0.0,0.0,0.0,0.0,0.0,0.0,0.0,0.0,0.0,0.0,0.0,0.0,69.2,0,150,71,55,65476,0,300,0,1,8,20529,65476,0,0,40632,65.0,0.0,0.0,0.0,0.0,0.0
2026-09-04T20:27:28,ERR,ERR,ERR,ERR,ERR,ERR,ERR,ERR,ERR,ERR,ERR,ERR,ERR,ERR,ERR,ERR,ERR,ERR,ERR,ERR,ERR,ERR,ERR,ERR,ERR,ERR,ERR,ERR,ERR,ERR,ERR,ERR,ERR,ERR,ERR,ERR,ERR,ERR,ERR,ERR,ERR,ERR,ERR,ERR,ERR,ERR,ERR,ERR,ERR,ERR,ERR,ERR,ERR,ERR,ERR,ERR,ERR,ERR,ERR,ERR,ERR,ERR,ERR,ERR,ERR,ERR,ERR,ERR,ERR,ERR,ERR,ERR,ERR,ERR,ERR,ERR,ERR,ERR,ERR,ERR,ERR,ERR,ERR,ERR,ERR,ERR,ERR,ERR,ERR,ERR,ERR,ERR,ERR,ERR,ERR,ERR,ERR,ERR,ERR,ERR,ERR,ERR,ERR,ERR,ERR,ERR,ERR,ERR,ERR,ERR,ERR,ERR,ERR,ERR,ERR,ERR,ERR,ERR,ERR,ERR,ERR,ERR,ERR,ERR,ERR,0.0,0.0,0.0,0.0,0.0,1.3936040501711995e+18,7.805,0.0,0,0,4,0,7116,0.0,100,0.0,0.0,0.0,0.0,0.0,0,0,0,0,0.0,0,0,0,0,0,0,0,0,0,0,0,0,0,0,0,0,0,0,0,0,0,0,0,0,0,0,0,0,0,0,0,0,0,31,40,40,71,65476,0,300,0,0,8,21553,0.0,-107605600.0,0.0,0.0,0.0,0.0,0.0,0.0,0.0,0.0,0.0,0.0,0.0,0.0,0.0,0.0,0.0,0.0,0.0,0.0,0.0,0.0,-2.004,-2.004,-0.0,-2.004,0.0,0.0,0.0,0.0,6258.0,1.0406702088231253e+34,6927.0,0.0,0.0,2.7184303811560617e+23,0.0,0.0,0.0,0.0,0.0,69,0.0,126840946688.0,0.0,0.0,0.0,0.0,0.0,0.0,0.0,0,0,0,0.0,0.0,0.0,0.0,0.0,0.0,0.0,0.0,0.0,0.0,0.0,0.0,0.0,0.0,0.0,0.0,0,-107875648.0,69,0.0,138,0.0,0.0,0,13107,17040,13107,17049,13107,17043,0,0,0,70,68,100,2.7302359370752657e+23,71.1,0.0,74.2,2.7302370179391762e+23,74.0,1,49,50,180,13107,52429,0,0,0.0,0.0,0.0,0.0,-0.0,67.0,0.0,162057.094,0.0,751,0,739,0,0,0,721,0,766,0,736,0,742,0,741,0,712,0,7520,0.032,99321118720.0,0.0,0.0,784,16797,-0.0,162057.094,-114818.039,-0.0,0.133,6.909358625270745e+28,30.0,65.0,35,0.0,0.0,0.0,0.0,0.0,0.0,0.0,0.0,0.0,0.0,0.0,0.0,0.0,0.0,0.0,0.0,69.2,0,150,71,55,65476,0,300,0,1,8,20529,65476,0,0,40632,65.0,0.0,0.0,0.0,0.0,0.0
2026-09-04T20:27:29,ERR,ERR,ERR,ERR,ERR,ERR,ERR,ERR,ERR,ERR,ERR,ERR,ERR,ERR,ERR,ERR,ERR,ERR,ERR,ERR,ERR,ERR,ERR,ERR,ERR,ERR,ERR,ERR,ERR,ERR,ERR,ERR,ERR,ERR,ERR,ERR,ERR,ERR,ERR,ERR,ERR,ERR,ERR,ERR,ERR,ERR,ERR,ERR,ERR,ERR,ERR,ERR,ERR,ERR,ERR,ERR,ERR,ERR,ERR,ERR,ERR,ERR,ERR,ERR,ERR,ERR,ERR,ERR,ERR,ERR,ERR,ERR,ERR,ERR,ERR,ERR,ERR,ERR,ERR,ERR,ERR,ERR,ERR,ERR,ERR,ERR,ERR,ERR,ERR,ERR,ERR,ERR,ERR,ERR,ERR,ERR,ERR,ERR,ERR,ERR,ERR,ERR,ERR,ERR,ERR,ERR,ERR,ERR,ERR,ERR,ERR,ERR,ERR,ERR,ERR,ERR,ERR,ERR,ERR,ERR,ERR,ERR,ERR,ERR,ERR,0.0,0.0,0.0,0.0,0.0,1.3936040501711995e+18,7.805,0.0,0,0,4,0,7116,0.0,100,0.0,0.0,0.0,0.0,0.0,0,0,0,0,0.0,0,0,0,0,0,0,0,0,0,0,0,0,0,0,0,0,0,0,0,0,0,0,0,0,0,0,0,0,0,0,0,0,0,31,40,40,71,65476,0,300,0,0,8,21553,0.0,-107605600.0,0.0,0.0,0.0,0.0,0.0,0.0,0.0,0.0,0.0,0.0,0.0,0.0,0.0,0.0,0.0,0.0,0.0,0.0,0.0,0.0,-2.004,-2.004,-0.0,-2.004,0.0,0.0,0.0,0.0,6258.0,1.0406702088231253e+34,6927.0,0.0,0.0,2.7184303811560617e+23,0.0,0.0,0.0,0.0,0.0,69,0.0,126840946688.0,0.0,0.0,0.0,0.0,0.0,0.0,0.0,0,0,0,0.0,0.0,0.0,0.0,0.0,0.0,0.0,0.0,0.0,0.0,0.0,0.0,0.0,0.0,0.0,0.0,0,-107875648.0,69,0.0,138,0.0,0.0,0,13107,17040,13107,17049,13107,17043,0,0,0,70,68,100,2.7302359370752657e+23,71.1,0.0,74.2,2.7302370179391762e+23,74.0,1,49,50,180,13107,52429,0,0,0.0,0.0,0.0,0.0,-0.0,67.0,0.0,162057.094,0.0,751,0,739,0,0,0,721,0,766,0,736,0,742,0,741,0,712,0,7520,0.032,99321118720.0,0.0,0.0,784,16797,-0.0,162057.094,-114818.039,-0.0,0.133,6.909358625270745e+28,30.0,65.0,35,0.0,0.0,0.0,0.0,0.0,0.0,0.0,0.0,0.0,0.0,0.0,0.0,0.0,0.0,0.0,0.0,69.2,0,150,71,55,65476,0,300,0,1,8,20529,65476,0,0,40632,65.0,0.0,0.0,0.0,0.0,0.0
2026-09-04T20:27:30,ERR,ERR,ERR,ERR,ERR,ERR,ERR,ERR,ERR,ERR,ERR,ERR,ERR,ERR,ERR,ERR,ERR,ERR,ERR,ERR,ERR,ERR,ERR,ERR,ERR,ERR,ERR,ERR,ERR,ERR,ERR,ERR,ERR,ERR,ERR,ERR,ERR,ERR,ERR,ERR,ERR,ERR,ERR,ERR,ERR,ERR,ERR,ERR,ERR,ERR,ERR,ERR,ERR,ERR,ERR,ERR,ERR,ERR,ERR,ERR,ERR,ERR,ERR,ERR,ERR,ERR,ERR,ERR,ERR,ERR,ERR,ERR,ERR,ERR,ERR,ERR,ERR,ERR,ERR,ERR,ERR,ERR,ERR,ERR,ERR,ERR,ERR,ERR,ERR,ERR,ERR,ERR,ERR,ERR,ERR,ERR,ERR,ERR,ERR,ERR,ERR,ERR,ERR,ERR,ERR,ERR,ERR,ERR,ERR,ERR,ERR,ERR,ERR,ERR,ERR,ERR,ERR,ERR,ERR,ERR,ERR,ERR,ERR,ERR,ERR,0.0,0.0,0.0,0.0,0.0,1.3936040501711995e+18,7.805,0.0,0,0,4,0,7116,0.0,100,0.0,0.0,0.0,0.0,0.0,0,0,0,0,0.0,0,0,0,0,0,0,0,0,0,0,0,0,0,0,0,0,0,0,0,0,0,0,0,0,0,0,0,0,0,0,0,0,0,31,40,40,71,65476,0,300,0,0,8,21553,0.0,-107605600.0,0.0,0.0,0.0,0.0,0.0,0.0,0.0,0.0,0.0,0.0,0.0,0.0,0.0,0.0,0.0,0.0,0.0,0.0,0.0,0.0,-2.004,-2.004,-0.0,-2.004,0.0,0.0,0.0,0.0,6258.0,1.0406702088231253e+34,6927.0,0.0,0.0,2.7184303811560617e+23,0.0,0.0,0.0,0.0,0.0,69,0.0,126840946688.0,0.0,0.0,0.0,0.0,0.0,0.0,0.0,0,0,0,0.0,0.0,0.0,0.0,0.0,0.0,0.0,0.0,0.0,0.0,0.0,0.0,0.0,0.0,0.0,0.0,0,-107875648.0,69,0.0,138,0.0,0.0,0,13107,17040,13107,17049,13107,17043,0,0,0,70,68,100,2.7302359370752657e+23,71.1,0.0,74.2,2.7302370179391762e+23,74.0,1,49,50,180,13107,52429,0,0,0.0,0.0,0.0,0.0,-0.0,67.0,0.0,162057.094,0.0,751,0,739,0,0,0,721,0,766,0,736,0,742,0,741,0,712,0,7520,0.032,99321118720.0,0.0,0.0,784,16797,-0.0,162057.094,-114818.039,-0.0,0.133,6.909358625270745e+28,30.0,65.0,35,0.0,0.0,0.0,0.0,0.0,0.0,0.0,0.0,0.0,0.0,0.0,0.0,0.0,0.0,0.0,0.0,69.2,0,150,71,55,65476,0,300,0,1,8,20529,65476,0,0,40632,65.0,0.0,0.0,0.0,0.0,0.0
2026-09-04T20:27:31,ERR,ERR,ERR,ERR,ERR,ERR,ERR,ERR,ERR,ERR,ERR,ERR,ERR,ERR,ERR,ERR,ERR,ERR,ERR,ERR,ERR,ERR,ERR,ERR,ERR,ERR,ERR,ERR,ERR,ERR,ERR,ERR,ERR,ERR,ERR,ERR,ERR,ERR,ERR,ERR,ERR,ERR,ERR,ERR,ERR,ERR,ERR,ERR,ERR,ERR,ERR,ERR,ERR,ERR,ERR,ERR,ERR,ERR,ERR,ERR,ERR,ERR,ERR,ERR,ERR,ERR,ERR,ERR,ERR,ERR,ERR,ERR,ERR,ERR,ERR,ERR,ERR,ERR,ERR,ERR,ERR,ERR,ERR,ERR,ERR,ERR,ERR,ERR,ERR,ERR,ERR,ERR,ERR,ERR,ERR,ERR,ERR,ERR,ERR,ERR,ERR,ERR,ERR,ERR,ERR,ERR,ERR,ERR,ERR,ERR,ERR,ERR,ERR,ERR,ERR,ERR,ERR,ERR,ERR,ERR,ERR,ERR,ERR,ERR,ERR,0.0,0.0,0.0,0.0,0.0,1.3936040501711995e+18,7.805,0.0,0,0,4,0,7116,0.0,100,0.0,0.0,0.0,0.0,0.0,0,0,0,0,0.0,0,0,0,0,0,0,0,0,0,0,0,0,0,0,0,0,0,0,0,0,0,0,0,0,0,0,0,0,0,0,0,0,0,31,40,40,71,65476,0,300,0,0,8,21553,0.0,-107605600.0,0.0,0.0,0.0,0.0,0.0,0.0,0.0,0.0,0.0,0.0,0.0,0.0,0.0,0.0,0.0,0.0,0.0,0.0,0.0,0.0,-2.004,-2.004,-0.0,-2.004,0.0,0.0,0.0,0.0,6258.0,1.0406702088231253e+34,6927.0,0.0,0.0,2.7184303811560617e+23,0.0,0.0,0.0,0.0,0.0,69,0.0,126840946688.0,0.0,0.0,0.0,0.0,0.0,0.0,0.0,0,0,0,0.0,0.0,0.0,0.0,0.0,0.0,0.0,0.0,0.0,0.0,0.0,0.0,0.0,0.0,0.0,0.0,0,-107875648.0,69,0.0,138,0.0,0.0,0,13107,17040,13107,17049,13107,17043,0,0,0,70,68,100,2.7302359370752657e+23,71.1,0.0,74.2,2.7302370179391762e+23,74.0,1,49,50,180,13107,52429,0,0,0.0,0.0,0.0,0.0,-0.0,67.0,0.0,162057.094,0.0,751,0,739,0,0,0,721,0,766,0,736,0,742,0,741,0,712,0,7520,0.032,99321118720.0,0.0,0.0,784,16797,-0.0,162057.094,-114818.039,-0.0,0.133,6.909358625270745e+28,30.0,65.0,35,0.0,0.0,0.0,0.0,0.0,0.0,0.0,0.0,0.0,0.0,0.0,0.0,0.0,0.0,0.0,0.0,69.2,0,150,71,55,65476,0,300,0,1,8,20529,65476,0,0,40632,65.0,0.0,0.0,0.0,0.0,0.0
2026-09-04T20:27:32,ERR,ERR,ERR,ERR,ERR,ERR,ERR,ERR,ERR,ERR,ERR,ERR,ERR,ERR,ERR,ERR,ERR,ERR,ERR,ERR,ERR,ERR,ERR,ERR,ERR,ERR,ERR,ERR,ERR,ERR,ERR,ERR,ERR,ERR,ERR,ERR,ERR,ERR,ERR,ERR,ERR,ERR,ERR,ERR,ERR,ERR,ERR,ERR,ERR,ERR,ERR,ERR,ERR,ERR,ERR,ERR,ERR,ERR,ERR,ERR,ERR,ERR,ERR,ERR,ERR,ERR,ERR,ERR,ERR,ERR,ERR,ERR,ERR,ERR,ERR,ERR,ERR,ERR,ERR,ERR,ERR,ERR,ERR,ERR,ERR,ERR,ERR,ERR,ERR,ERR,ERR,ERR,ERR,ERR,ERR,ERR,ERR,ERR,ERR,ERR,ERR,ERR,ERR,ERR,ERR,ERR,ERR,ERR,ERR,ERR,ERR,ERR,ERR,ERR,ERR,ERR,ERR,ERR,ERR,ERR,ERR,ERR,ERR,ERR,ERR,0.0,0.0,0.0,0.0,0.0,1.3936040501711995e+18,7.805,0.0,0,0,4,0,7116,0.0,100,0.0,0.0,0.0,0.0,0.0,0,0,0,0,0.0,0,0,0,0,0,0,0,0,0,0,0,0,0,0,0,0,0,0,0,0,0,0,0,0,0,0,0,0,0,0,0,0,0,31,40,40,71,65476,0,300,0,0,8,21553,0.0,-107605600.0,0.0,0.0,0.0,0.0,0.0,0.0,0.0,0.0,0.0,0.0,0.0,0.0,0.0,0.0,0.0,0.0,0.0,0.0,0.0,0.0,-2.004,-0.0,-0.0,-2.004,0.0,0.0,0.0,0.0,6291.0,564148517732352.0,6929.0,0.0,0.0,2.7184303811560617e+23,0.0,0.0,0.0,0.0,0.0,69,0.0,-0.0,0.0,0.0,0.0,0.0,0.0,0.0,0.0,0,0,0,0.0,0.0,0.0,0.0,0.0,0.0,0.0,0.0,0.0,0.0,0.0,0.0,0.0,0.0,0.0,0.0,0,-107875648.0,69,0.0,138,0.0,0.0,0,13107,17040,13107,17049,13107,17043,0,0,0,70,68,100,2.7302359370752657e+23,71.1,0.0,74.2,2.7302370179391762e+23,74.0,1,49,50,180,13107,52429,0,0,0.0,0.0,0.0,0.0,-0.0,67.0,0.0,162057.094,0.0,751,0,739,0,0,0,721,0,766,0,736,0,742,0,741,0,712,0,7520,0.032,99321118720.0,0.0,0.0,784,16797,-0.0,162057.094,-114818.039,-0.0,0.133,6.909358625270745e+28,30.0,65.0,35,0.0,0.0,0.0,0.0,0.0,0.0,0.0,0.0,0.0,0.0,0.0,0.0,0.0,0.0,0.0,0.0,69.2,0,150,71,55,65476,0,300,0,1,8,20529,65476,0,0,40632,65.0,0.0,0.0,0.0,0.0,0.0
2026-09-04T20:27:33,ERR,ERR,ERR,ERR,ERR,ERR,ERR,ERR,ERR,ERR,ERR,ERR,ERR,ERR,ERR,ERR,ERR,ERR,ERR,ERR,ERR,ERR,ERR,ERR,ERR,ERR,ERR,ERR,ERR,ERR,ERR,ERR,ERR,ERR,ERR,ERR,ERR,ERR,ERR,ERR,ERR,ERR,ERR,ERR,ERR,ERR,ERR,ERR,ERR,ERR,ERR,ERR,ERR,ERR,ERR,ERR,ERR,ERR,ERR,ERR,ERR,ERR,ERR,ERR,ERR,ERR,ERR,ERR,ERR,ERR,ERR,ERR,ERR,ERR,ERR,ERR,ERR,ERR,ERR,ERR,ERR,ERR,ERR,ERR,ERR,ERR,ERR,ERR,ERR,ERR,ERR,ERR,ERR,ERR,ERR,ERR,ERR,ERR,ERR,ERR,ERR,ERR,ERR,ERR,ERR,ERR,ERR,ERR,ERR,ERR,ERR,ERR,ERR,ERR,ERR,ERR,ERR,ERR,ERR,ERR,ERR,ERR,ERR,ERR,ERR,0.0,0.0,0.0,0.0,0.0,1.3936040501711995e+18,7.805,0.0,0,0,4,0,7116,0.0,100,0.0,0.0,0.0,0.0,0.0,0,0,0,0,0.0,0,0,0,0,0,0,0,0,0,0,0,0,0,0,0,0,0,0,0,0,0,0,0,0,0,0,0,0,0,0,0,0,0,31,40,40,71,65476,0,300,0,0,8,21553,0.0,-107605600.0,0.0,0.0,0.0,0.0,0.0,0.0,0.0,0.0,0.0,0.0,0.0,0.0,0.0,0.0,0.0,0.0,0.0,0.0,0.0,0.0,-2.004,-0.0,-0.0,-2.004,0.0,0.0,0.0,0.0,6291.0,564148517732352.0,6929.0,0.0,0.0,2.7184303811560617e+23,0.0,0.0,0.0,0.0,0.0,69,0.0,-0.0,0.0,0.0,0.0,0.0,0.0,0.0,0.0,0,0,0,0.0,0.0,0.0,0.0,0.0,0.0,0.0,0.0,0.0,0.0,0.0,0.0,0.0,0.0,0.0,0.0,0,-107875648.0,69,0.0,138,0.0,0.0,0,13107,17040,13107,17049,13107,17043,0,0,0,70,68,100,2.7302359370752657e+23,71.2,2.7302370179391762e+23,74.2,2.7302370179391762e+23,74.0,1,49,50,180,13107,52429,0,0,0.0,0.0,0.0,0.0,-0.0,67.0,0.0,162057.094,0.0,751,0,739,0,0,0,721,0,766,0,736,0,742,0,742,0,712,0,7520,0.032,82141249536.0,0.0,0.0,784,16797,-0.0,162057.094,-114818.039,-0.0,0.133,6.909358625270745e+28,30.0,65.0,35,0.0,0.0,0.0,0.0,0.0,0.0,0.0,0.0,0.0,0.0,0.0,0.0,0.0,0.0,0.0,0.0,69.2,0,150,71,55,65476,0,300,0,1,8,20529,65476,0,0,40632,65.0,0.0,0.0,0.0,0.0,0.0
2026-09-04T20:27:34,ERR,ERR,ERR,ERR,ERR,ERR,ERR,ERR,ERR,ERR,ERR,ERR,ERR,ERR,ERR,ERR,ERR,ERR,ERR,ERR,ERR,ERR,ERR,ERR,ERR,ERR,ERR,ERR,ERR,ERR,ERR,ERR,ERR,ERR,ERR,ERR,ERR,ERR,ERR,ERR,ERR,ERR,ERR,ERR,ERR,ERR,ERR,ERR,ERR,ERR,ERR,ERR,ERR,ERR,ERR,ERR,ERR,ERR,ERR,ERR,ERR,ERR,ERR,ERR,ERR,ERR,ERR,ERR,ERR,ERR,ERR,ERR,ERR,ERR,ERR,ERR,ERR,ERR,ERR,ERR,ERR,ERR,ERR,ERR,ERR,ERR,ERR,ERR,ERR,ERR,ERR,ERR,ERR,ERR,ERR,ERR,ERR,ERR,ERR,ERR,ERR,ERR,ERR,ERR,ERR,ERR,ERR,ERR,ERR,ERR,ERR,ERR,ERR,ERR,ERR,ERR,ERR,ERR,ERR,ERR,ERR,ERR,ERR,ERR,ERR,0.0,0.0,0.0,0.0,0.0,1.3936040501711995e+18,7.805,0.0,0,0,4,0,7116,0.0,100,0.0,0.0,0.0,0.0,0.0,0,0,0,0,0.0,0,0,0,0,0,0,0,0,0,0,0,0,0,0,0,0,0,0,0,0,0,0,0,0,0,0,0,0,0,0,0,0,0,31,40,40,71,65476,0,300,0,0,8,21553,0.0,-107605600.0,0.0,0.0,0.0,0.0,0.0,0.0,0.0,0.0,0.0,0.0,0.0,0.0,0.0,0.0,0.0,0.0,0.0,0.0,0.0,0.0,-2.004,-0.0,-0.0,-2.004,0.0,0.0,0.0,0.0,6291.0,564148517732352.0,6929.0,0.0,0.0,2.7184303811560617e+23,0.0,0.0,0.0,0.0,0.0,69,0.0,-0.0,0.0,0.0,0.0,0.0,0.0,0.0,0.0,0,0,0,0.0,0.0,0.0,0.0,0.0,0.0,0.0,0.0,0.0,0.0,0.0,0.0,0.0,0.0,0.0,0.0,0,-107875648.0,69,0.0,138,0.0,0.0,0,13107,17040,13107,17049,13107,17043,0,0,0,70,68,100,2.7302359370752657e+23,71.2,2.7302370179391762e+23,74.2,2.7302370179391762e+23,74.0,1,49,50,180,13107,52429,0,0,0.0,0.0,0.0,0.0,-0.0,67.0,0.0,162057.094,0.0,751,0,739,0,0,0,721,0,766,0,736,0,742,0,742,0,712,0,7520,0.032,82141249536.0,0.0,0.0,784,16797,-0.0,162057.094,-114818.039,-0.0,0.133,6.909358625270745e+28,30.0,65.0,35,0.0,0.0,0.0,0.0,0.0,0.0,0.0,0.0,0.0,0.0,0.0,0.0,0.0,0.0,0.0,0.0,69.2,0,150,71,55,65476,0,300,0,1,8,20529,65476,0,0,40632,65.0,0.0,0.0,0.0,0.0,0.0
2026-09-04T20:27:35,ERR,ERR,ERR,ERR,ERR,ERR,ERR,ERR,ERR,ERR,ERR,ERR,ERR,ERR,ERR,ERR,ERR,ERR,ERR,ERR,ERR,ERR,ERR,ERR,ERR,ERR,ERR,ERR,ERR,ERR,ERR,ERR,ERR,ERR,ERR,ERR,ERR,ERR,ERR,ERR,ERR,ERR,ERR,ERR,ERR,ERR,ERR,ERR,ERR,ERR,ERR,ERR,ERR,ERR,ERR,ERR,ERR,ERR,ERR,ERR,ERR,ERR,ERR,ERR,ERR,ERR,ERR,ERR,ERR,ERR,ERR,ERR,ERR,ERR,ERR,ERR,ERR,ERR,ERR,ERR,ERR,ERR,ERR,ERR,ERR,ERR,ERR,ERR,ERR,ERR,ERR,ERR,ERR,ERR,ERR,ERR,ERR,ERR,ERR,ERR,ERR,ERR,ERR,ERR,ERR,ERR,ERR,ERR,ERR,ERR,ERR,ERR,ERR,ERR,ERR,ERR,ERR,ERR,ERR,ERR,ERR,ERR,ERR,ERR,ERR,0.0,0.0,0.0,0.0,0.0,1.3936040501711995e+18,7.805,0.0,0,0,4,0,7116,0.0,100,0.0,0.0,0.0,0.0,0.0,0,0,0,0,0.0,0,0,0,0,0,0,0,0,0,0,0,0,0,0,0,0,0,0,0,0,0,0,0,0,0,0,0,0,0,0,0,0,0,31,40,40,71,65476,0,300,0,0,8,21553,0.0,-107605600.0,0.0,0.0,0.0,0.0,0.0,0.0,0.0,0.0,0.0,0.0,0.0,0.0,0.0,0.0,0.0,0.0,0.0,0.0,0.0,0.0,-2.004,-0.0,-0.0,-2.004,0.0,0.0,0.0,0.0,6291.0,564148517732352.0,6929.0,0.0,0.0,2.7184303811560617e+23,0.0,0.0,0.0,0.0,0.0,69,0.0,-0.0,0.0,0.0,0.0,0.0,0.0,0.0,0.0,0,0,0,0.0,0.0,0.0,0.0,0.0,0.0,0.0,0.0,0.0,0.0,0.0,0.0,0.0,0.0,0.0,0.0,0,-107875648.0,69,0.0,138,0.0,0.0,0,13107,17040,13107,17049,13107,17043,0,0,0,70,68,100,2.7302359370752657e+23,71.2,2.7302370179391762e+23,74.2,2.7302370179391762e+23,74.0,1,49,50,180,13107,52429,0,0,0.0,0.0,0.0,0.0,-0.0,67.0,0.0,162057.094,0.0,751,0,739,0,0,0,721,0,766,0,736,0,742,0,742,0,712,0,7520,0.032,82141249536.0,0.0,0.0,784,16797,-0.0,162057.094,-114818.039,-0.0,0.133,6.909358625270745e+28,30.0,65.0,35,0.0,0.0,0.0,0.0,0.0,0.0,0.0,0.0,0.0,0.0,0.0,0.0,0.0,0.0,0.0,0.0,69.2,0,150,71,55,65476,0,300,0,1,8,20529,65476,0,0,40632,65.0,0.0,0.0,0.0,0.0,0.0
2026-09-04T20:27:36,ERR,ERR,ERR,ERR,ERR,ERR,ERR,ERR,ERR,ERR,ERR,ERR,ERR,ERR,ERR,ERR,ERR,ERR,ERR,ERR,ERR,ERR,ERR,ERR,ERR,ERR,ERR,ERR,ERR,ERR,ERR,ERR,ERR,ERR,ERR,ERR,ERR,ERR,ERR,ERR,ERR,ERR,ERR,ERR,ERR,ERR,ERR,ERR,ERR,ERR,ERR,ERR,ERR,ERR,ERR,ERR,ERR,ERR,ERR,ERR,ERR,ERR,ERR,ERR,ERR,ERR,ERR,ERR,ERR,ERR,ERR,ERR,ERR,ERR,ERR,ERR,ERR,ERR,ERR,ERR,ERR,ERR,ERR,ERR,ERR,ERR,ERR,ERR,ERR,ERR,ERR,ERR,ERR,ERR,ERR,ERR,ERR,ERR,ERR,ERR,ERR,ERR,ERR,ERR,ERR,ERR,ERR,ERR,ERR,ERR,ERR,ERR,ERR,ERR,ERR,ERR,ERR,ERR,ERR,ERR,ERR,ERR,ERR,ERR,ERR,0.0,0.0,0.0,0.0,0.0,1.3936040501711995e+18,7.805,0.0,0,0,4,0,7116,0.0,100,0.0,0.0,0.0,0.0,0.0,0,0,0,0,0.0,0,0,0,0,0,0,0,0,0,0,0,0,0,0,0,0,0,0,0,0,0,0,0,0,0,0,0,0,0,0,0,0,0,31,40,40,71,65476,0,300,0,0,8,21553,0.0,-107605600.0,0.0,0.0,0.0,0.0,0.0,0.0,0.0,0.0,0.0,0.0,0.0,0.0,0.0,0.0,0.0,0.0,0.0,0.0,0.0,0.0,-2.004,-0.0,-0.0,-2.004,0.0,0.0,0.0,0.0,6291.0,564148517732352.0,6929.0,0.0,0.0,2.7184303811560617e+23,0.0,0.0,0.0,0.0,0.0,69,0.0,-0.0,0.0,0.0,0.0,0.0,0.0,0.0,0.0,0,0,0,0.0,0.0,0.0,0.0,0.0,0.0,0.0,0.0,0.0,0.0,0.0,0.0,0.0,0.0,0.0,0.0,0,-107875648.0,69,0.0,138,0.0,0.0,0,13107,17040,13107,17049,13107,17043,0,0,0,70,68,100,2.7302359370752657e+23,71.2,2.7302370179391762e+23,74.2,2.7302370179391762e+23,74.0,1,49,50,180,13107,52429,0,0,0.0,0.0,0.0,0.0,-0.0,67.0,0.0,162057.094,0.0,751,0,739,0,0,0,721,0,766,0,736,0,742,0,742,0,712,0,7520,0.032,82141249536.0,0.0,0.0,784,16797,-0.0,162057.094,-114818.039,-0.0,0.133,6.909358625270745e+28,30.0,65.0,35,0.0,0.0,0.0,0.0,0.0,0.0,0.0,0.0,0.0,0.0,0.0,0.0,0.0,0.0,0.0,0.0,69.2,0,150,71,55,65476,0,300,0,1,8,20529,65476,0,0,40632,65.0,0.0,0.0,0.0,0.0,0.0
2026-09-04T20:27:37,ERR,ERR,ERR,ERR,ERR,ERR,ERR,ERR,ERR,ERR,ERR,ERR,ERR,ERR,ERR,ERR,ERR,ERR,ERR,ERR,ERR,ERR,ERR,ERR,ERR,ERR,ERR,ERR,ERR,ERR,ERR,ERR,ERR,ERR,ERR,ERR,ERR,ERR,ERR,ERR,ERR,ERR,ERR,ERR,ERR,ERR,ERR,ERR,ERR,ERR,ERR,ERR,ERR,ERR,ERR,ERR,ERR,ERR,ERR,ERR,ERR,ERR,ERR,ERR,ERR,ERR,ERR,ERR,ERR,ERR,ERR,ERR,ERR,ERR,ERR,ERR,ERR,ERR,ERR,ERR,ERR,ERR,ERR,ERR,ERR,ERR,ERR,ERR,ERR,ERR,ERR,ERR,ERR,ERR,ERR,ERR,ERR,ERR,ERR,ERR,ERR,ERR,ERR,ERR,ERR,ERR,ERR,ERR,ERR,ERR,ERR,ERR,ERR,ERR,ERR,ERR,ERR,ERR,ERR,ERR,ERR,ERR,ERR,ERR,ERR,0.0,0.0,0.0,0.0,0.0,1.3936040501711995e+18,7.805,0.0,0,0,4,0,7116,0.0,100,0.0,0.0,0.0,0.0,0.0,0,0,0,0,0.0,0,0,0,0,0,0,0,0,0,0,0,0,0,0,0,0,0,0,0,0,0,0,0,0,0,0,0,0,0,0,0,0,0,31,40,40,71,65476,0,300,0,0,8,21553,0.0,-107605600.0,0.0,0.0,0.0,0.0,0.0,0.0,0.0,0.0,0.0,0.0,0.0,0.0,0.0,0.0,0.0,0.0,0.0,0.0,0.0,0.0,-2.004,-0.0,-0.0,-2.004,0.0,0.0,0.0,0.0,6291.0,564148517732352.0,6929.0,0.0,0.0,2.7184303811560617e+23,0.0,0.0,0.0,0.0,0.0,69,0.0,-0.0,0.0,0.0,0.0,0.0,0.0,0.0,0.0,0,0,0,0.0,0.0,0.0,0.0,0.0,0.0,0.0,0.0,0.0,0.0,0.0,0.0,0.0,0.0,0.0,0.0,0,-107875648.0,69,0.0,138,0.0,0.0,0,13107,17040,13107,17049,13107,17043,0,0,0,70,68,100,2.7302359370752657e+23,71.2,2.7302370179391762e+23,74.2,2.7302370179391762e+23,74.0,1,49,50,180,13107,52429,0,0,0.0,0.0,0.0,0.0,-0.0,67.0,0.0,162057.094,0.0,751,0,739,0,0,0,721,0,766,0,736,0,742,0,742,0,712,0,7520,0.032,82141249536.0,0.0,0.0,784,16797,-0.0,162057.094,-114818.039,-0.0,0.133,6.909358625270745e+28,30.0,65.0,35,0.0,0.0,0.0,0.0,0.0,0.0,0.0,0.0,0.0,0.0,0.0,0.0,0.0,0.0,0.0,0.0,69.2,0,150,71,55,65476,0,300,0,1,8,20529,65476,0,0,40632,65.0,0.0,0.0,0.0,0.0,0.0
2026-09-04T20:27:38,ERR,ERR,ERR,ERR,ERR,ERR,ERR,ERR,ERR,ERR,ERR,ERR,ERR,ERR,ERR,ERR,ERR,ERR,ERR,ERR,ERR,ERR,ERR,ERR,ERR,ERR,ERR,ERR,ERR,ERR,ERR,ERR,ERR,ERR,ERR,ERR,ERR,ERR,ERR,ERR,ERR,ERR,ERR,ERR,ERR,ERR,ERR,ERR,ERR,ERR,ERR,ERR,ERR,ERR,ERR,ERR,ERR,ERR,ERR,ERR,ERR,ERR,ERR,ERR,ERR,ERR,ERR,ERR,ERR,ERR,ERR,ERR,ERR,ERR,ERR,ERR,ERR,ERR,ERR,ERR,ERR,ERR,ERR,ERR,ERR,ERR,ERR,ERR,ERR,ERR,ERR,ERR,ERR,ERR,ERR,ERR,ERR,ERR,ERR,ERR,ERR,ERR,ERR,ERR,ERR,ERR,ERR,ERR,ERR,ERR,ERR,ERR,ERR,ERR,ERR,ERR,ERR,ERR,ERR,ERR,ERR,ERR,ERR,ERR,ERR,0.0,0.0,0.0,0.0,0.0,1.3936040501711995e+18,7.805,0.0,0,0,4,0,7116,0.0,100,0.0,0.0,0.0,0.0,0.0,0,0,0,0,0.0,0,0,0,0,0,0,0,0,0,0,0,0,0,0,0,0,0,0,0,0,0,0,0,0,0,0,0,0,0,0,0,0,0,31,40,40,71,65476,0,300,0,0,8,21553,0.0,-107605600.0,0.0,0.0,0.0,0.0,0.0,0.0,0.0,0.0,0.0,0.0,0.0,0.0,0.0,0.0,0.0,0.0,0.0,0.0,0.0,0.0,-2.004,-0.0,-0.0,-2.004,0.0,0.0,0.0,0.0,6291.0,564148517732352.0,6929.0,0.0,0.0,2.7184303811560617e+23,0.0,0.0,0.0,0.0,0.0,69,0.0,-0.0,0.0,0.0,0.0,0.0,0.0,0.0,0.0,0,0,0,0.0,0.0,0.0,0.0,0.0,0.0,0.0,0.0,0.0,0.0,0.0,0.0,0.0,0.0,0.0,0.0,0,-107875648.0,69,0.0,138,0.0,0.0,0,13107,17040,13107,17049,13107,17043,0,0,0,70,68,100,2.7302359370752657e+23,71.1,2.7302370179391762e+23,74.2,2.7302370179391762e+23,74.0,1,49,50,180,13107,52429,0,0,0.0,0.0,0.0,0.0,-0.0,67.0,0.0,162057.094,0.0,751,0,739,0,0,0,721,0,766,0,736,0,742,0,741,0,712,0,7520,0.032,79456894976.0,0.0,0.0,784,16797,-0.0,162057.094,-114818.039,-0.0,0.133,6.909358625270745e+28,30.0,65.0,35,0.0,0.0,0.0,0.0,0.0,0.0,0.0,0.0,0.0,0.0,0.0,0.0,0.0,0.0,0.0,0.0,69.2,0,150,71,55,65476,0,300,0,1,8,20529,65476,0,0,40632,65.0,0.0,0.0,0.0,0.0,0.0
2026-09-04T20:27:39,ERR,ERR,ERR,ERR,ERR,ERR,ERR,ERR,ERR,ERR,ERR,ERR,ERR,ERR,ERR,ERR,ERR,ERR,ERR,ERR,ERR,ERR,ERR,ERR,ERR,ERR,ERR,ERR,ERR,ERR,ERR,ERR,ERR,ERR,ERR,ERR,ERR,ERR,ERR,ERR,ERR,ERR,ERR,ERR,ERR,ERR,ERR,ERR,ERR,ERR,ERR,ERR,ERR,ERR,ERR,ERR,ERR,ERR,ERR,ERR,ERR,ERR,ERR,ERR,ERR,ERR,ERR,ERR,ERR,ERR,ERR,ERR,ERR,ERR,ERR,ERR,ERR,ERR,ERR,ERR,ERR,ERR,ERR,ERR,ERR,ERR,ERR,ERR,ERR,ERR,ERR,ERR,ERR,ERR,ERR,ERR,ERR,ERR,ERR,ERR,ERR,ERR,ERR,ERR,ERR,ERR,ERR,ERR,ERR,ERR,ERR,ERR,ERR,ERR,ERR,ERR,ERR,ERR,ERR,ERR,ERR,ERR,ERR,ERR,ERR,0.0,0.0,0.0,0.0,0.0,1.3936040501711995e+18,7.805,0.0,0,0,4,0,7116,0.0,100,0.0,0.0,0.0,0.0,0.0,0,0,0,0,0.0,0,0,0,0,0,0,0,0,0,0,0,0,0,0,0,0,0,0,0,0,0,0,0,0,0,0,0,0,0,0,0,0,0,31,40,40,71,65476,0,300,0,0,8,21553,0.0,-107605600.0,0.0,0.0,0.0,0.0,0.0,0.0,0.0,0.0,0.0,0.0,0.0,0.0,0.0,0.0,0.0,0.0,0.0,0.0,0.0,0.0,-2.004,-0.0,-0.0,-2.004,0.0,0.0,0.0,0.0,6291.0,564148517732352.0,6929.0,0.0,0.0,2.7184303811560617e+23,0.0,0.0,0.0,0.0,0.0,69,0.0,-0.0,0.0,0.0,0.0,0.0,0.0,0.0,0.0,0,0,0,0.0,0.0,0.0,0.0,0.0,0.0,0.0,0.0,0.0,0.0,0.0,0.0,0.0,0.0,0.0,0.0,0,-107875648.0,69,0.0,138,0.0,0.0,0,13107,17040,13107,17049,13107,17043,0,0,0,70,68,100,2.7302359370752657e+23,71.1,2.7302370179391762e+23,74.2,2.7302370179391762e+23,74.0,1,49,50,180,13107,52429,0,0,0.0,0.0,0.0,0.0,-0.0,67.0,0.0,162057.094,0.0,751,0,739,0,0,0,721,0,766,0,736,0,742,0,741,0,712,0,7520,0.032,79456894976.0,0.0,0.0,784,16797,-0.0,162057.094,-114818.039,-0.0,0.133,6.909358625270745e+28,30.0,65.0,35,0.0,0.0,0.0,0.0,0.0,0.0,0.0,0.0,0.0,0.0,0.0,0.0,0.0,0.0,0.0,0.0,69.2,0,150,71,55,65476,0,300,0,1,8,20529,65476,0,0,40632,65.0,0.0,0.0,0.0,0.0,0.0
2026-09-04T20:27:40,ERR,ERR,ERR,ERR,ERR,ERR,ERR,ERR,ERR,ERR,ERR,ERR,ERR,ERR,ERR,ERR,ERR,ERR,ERR,ERR,ERR,ERR,ERR,ERR,ERR,ERR,ERR,ERR,ERR,ERR,ERR,ERR,ERR,ERR,ERR,ERR,ERR,ERR,ERR,ERR,ERR,ERR,ERR,ERR,ERR,ERR,ERR,ERR,ERR,ERR,ERR,ERR,ERR,ERR,ERR,ERR,ERR,ERR,ERR,ERR,ERR,ERR,ERR,ERR,ERR,ERR,ERR,ERR,ERR,ERR,ERR,ERR,ERR,ERR,ERR,ERR,ERR,ERR,ERR,ERR,ERR,ERR,ERR,ERR,ERR,ERR,ERR,ERR,ERR,ERR,ERR,ERR,ERR,ERR,ERR,ERR,ERR,ERR,ERR,ERR,ERR,ERR,ERR,ERR,ERR,ERR,ERR,ERR,ERR,ERR,ERR,ERR,ERR,ERR,ERR,ERR,ERR,ERR,ERR,ERR,ERR,ERR,ERR,ERR,ERR,0.0,2.7184312818759872e+23,-100793952.0,0.0,0.0,1.3936040501711995e+18,7.805,0.0,0,0,4,0,7116,0.0,100,0.0,0.0,0.0,0.0,0.0,0,0,0,0,0.0,0,0,0,0,0,0,0,0,0,0,0,0,0,0,0,0,0,0,0,0,0,0,0,0,0,0,0,0,0,0,0,0,0,31,40,40,71,65476,0,300,0,0,8,21553,0.0,-107605600.0,0.0,0.0,0.0,0.0,0.0,0.0,0.0,0.0,0.0,0.0,0.0,0.0,0.0,0.0,0.0,0.0,0.0,0.0,0.0,0.0,-2.004,-2.004,-2.004,-2.004,0.0,0.0,0.0,0.0,6291.0,0.0,6912.0,0.0,0.0,-0.0,0.0,0.0,0.0,0.0,0.0,69,0.0,0.0,0.0,0.0,0.0,0.0,0.0,0.0,0.0,0,0,0,0.0,0.0,0.0,0.0,0.0,0.0,0.0,0.0,0.0,0.0,0.0,0.0,0.0,0.0,0.0,0.0,0,-107875648.0,69,0.0,138,0.0,0.0,0,13107,17040,13107,17049,13107,17043,0,0,0,70,68,100,2.7302359370752657e+23,71.1,2.7302370179391762e+23,74.2,2.7302370179391762e+23,74.0,1,49,50,180,13107,52429,0,0,0.0,0.0,0.0,0.0,-0.0,67.0,0.0,162057.094,0.0,751,0,739,0,0,0,721,0,766,0,736,0,742,0,741,0,712,0,7520,0.032,79456894976.0,0.0,0.0,784,16797,-0.0,162057.094,-114818.039,-0.0,0.133,6.909358625270745e+28,30.0,65.0,35,0.0,0.0,0.0,0.0,0.0,0.0,0.0,0.0,0.0,0.0,0.0,0.0,0.0,0.0,0.0,0.0,69.2,0,150,71,55,65476,0,300,0,1,8,20529,65476,0,0,40632,65.0,0.0,0.0,0.0,0.0,0.0
2026-09-04T20:27:41,ERR,ERR,ERR,ERR,ERR,ERR,ERR,ERR,ERR,ERR,ERR,ERR,ERR,ERR,ERR,ERR,ERR,ERR,ERR,ERR,ERR,ERR,ERR,ERR,ERR,ERR,ERR,ERR,ERR,ERR,ERR,ERR,ERR,ERR,ERR,ERR,ERR,ERR,ERR,ERR,ERR,ERR,ERR,ERR,ERR,ERR,ERR,ERR,ERR,ERR,ERR,ERR,ERR,ERR,ERR,ERR,ERR,ERR,ERR,ERR,ERR,ERR,ERR,ERR,ERR,ERR,ERR,ERR,ERR,ERR,ERR,ERR,ERR,ERR,ERR,ERR,ERR,ERR,ERR,ERR,ERR,ERR,ERR,ERR,ERR,ERR,ERR,ERR,ERR,ERR,ERR,ERR,ERR,ERR,ERR,ERR,ERR,ERR,ERR,ERR,ERR,ERR,ERR,ERR,ERR,ERR,ERR,ERR,ERR,ERR,ERR,ERR,ERR,ERR,ERR,ERR,ERR,ERR,ERR,ERR,ERR,ERR,ERR,ERR,ERR,0.0,2.7184312818759872e+23,-100793952.0,0.0,0.0,1.3936040501711995e+18,7.805,0.0,0,0,4,0,7116,0.0,100,0.0,0.0,0.0,0.0,0.0,0,0,0,0,0.0,0,0,0,0,0,0,0,0,0,0,0,0,0,0,0,0,0,0,0,0,0,0,0,0,0,0,0,0,0,0,0,0,0,31,40,40,71,65476,0,300,0,0,8,21553,0.0,-107605600.0,0.0,0.0,0.0,0.0,0.0,0.0,0.0,0.0,0.0,0.0,0.0,0.0,0.0,0.0,0.0,0.0,0.0,0.0,0.0,0.0,-2.004,-2.004,-2.004,-2.004,0.0,0.0,0.0,0.0,6291.0,0.0,6912.0,0.0,0.0,-0.0,0.0,0.0,0.0,0.0,0.0,69,0.0,0.0,0.0,0.0,0.0,0.0,0.0,0.0,0.0,0,0,0,0.0,0.0,0.0,0.0,0.0,0.0,0.0,0.0,0.0,0.0,0.0,0.0,0.0,0.0,0.0,0.0,0,-107875648.0,69,0.0,138,0.0,0.0,0,13107,17040,13107,17049,13107,17043,0,0,0,70,68,100,2.7302359370752657e+23,71.1,2.7302370179391762e+23,74.2,2.7302370179391762e+23,74.0,1,49,50,180,13107,52429,0,0,0.0,0.0,0.0,0.0,-0.0,67.0,0.0,162057.094,0.0,751,0,739,0,0,0,721,0,766,0,736,0,742,0,741,0,712,0,7520,0.032,79456894976.0,0.0,0.0,784,16797,-0.0,162057.094,-114818.039,-0.0,0.133,6.909358625270745e+28,30.0,65.0,35,0.0,0.0,0.0,0.0,0.0,0.0,0.0,0.0,0.0,0.0,0.0,0.0,0.0,0.0,0.0,0.0,69.2,0,150,71,55,65476,0,300,0,1,8,20529,65476,0,0,40632,65.0,0.0,0.0,0.0,0.0,0.0
2026-09-04T20:27:42,ERR,ERR,ERR,ERR,ERR,ERR,ERR,ERR,ERR,ERR,ERR,ERR,ERR,ERR,ERR,ERR,ERR,ERR,ERR,ERR,ERR,ERR,ERR,ERR,ERR,ERR,ERR,ERR,ERR,ERR,ERR,ERR,ERR,ERR,ERR,ERR,ERR,ERR,ERR,ERR,ERR,ERR,ERR,ERR,ERR,ERR,ERR,ERR,ERR,ERR,ERR,ERR,ERR,ERR,ERR,ERR,ERR,ERR,ERR,ERR,ERR,ERR,ERR,ERR,ERR,ERR,ERR,ERR,ERR,ERR,ERR,ERR,ERR,ERR,ERR,ERR,ERR,ERR,ERR,ERR,ERR,ERR,ERR,ERR,ERR,ERR,ERR,ERR,ERR,ERR,ERR,ERR,ERR,ERR,ERR,ERR,ERR,ERR,ERR,ERR,ERR,ERR,ERR,ERR,ERR,ERR,ERR,ERR,ERR,ERR,ERR,ERR,ERR,ERR,ERR,ERR,ERR,ERR,ERR,ERR,ERR,ERR,ERR,ERR,ERR,0.0,2.7184312818759872e+23,-100793952.0,0.0,0.0,1.3936040501711995e+18,7.805,0.0,0,0,4,0,7116,0.0,100,0.0,0.0,0.0,0.0,0.0,0,0,0,0,0.0,0,0,0,0,0,0,0,0,0,0,0,0,0,0,0,0,0,0,0,0,0,0,0,0,0,0,0,0,0,0,0,0,0,31,40,40,71,65476,0,300,0,0,8,21553,0.0,-107605600.0,0.0,0.0,0.0,0.0,0.0,0.0,0.0,0.0,0.0,0.0,0.0,0.0,0.0,0.0,0.0,0.0,0.0,0.0,0.0,0.0,-2.004,-2.004,-2.004,-2.004,0.0,0.0,0.0,0.0,6291.0,0.0,6912.0,0.0,0.0,-0.0,0.0,0.0,0.0,0.0,0.0,69,0.0,0.0,0.0,0.0,0.0,0.0,0.0,0.0,0.0,0,0,0,0.0,0.0,0.0,0.0,0.0,0.0,0.0,0.0,0.0,0.0,0.0,0.0,0.0,0.0,0.0,0.0,0,-107875648.0,69,0.0,138,0.0,0.0,0,13107,17040,13107,17049,13107,17043,0,0,0,70,68,100,2.7302359370752657e+23,71.1,2.7302370179391762e+23,74.2,2.7302370179391762e+23,74.0,1,49,50,180,13107,52429,0,0,0.0,0.0,0.0,0.0,-0.0,67.0,0.0,162057.094,0.0,751,0,739,0,0,0,721,0,766,0,736,0,742,0,741,0,712,0,7520,0.032,79456894976.0,0.0,0.0,784,16797,-0.0,162057.094,-114818.039,-0.0,0.133,6.909358625270745e+28,30.0,65.0,35,0.0,0.0,0.0,0.0,0.0,0.0,0.0,0.0,0.0,0.0,0.0,0.0,0.0,0.0,0.0,0.0,69.2,0,150,71,55,65476,0,300,0,1,8,20529,65476,0,0,40632,65.0,0.0,0.0,0.0,0.0,0.0
2026-09-04T20:27:43,ERR,ERR,ERR,ERR,ERR,ERR,ERR,ERR,ERR,ERR,ERR,ERR,ERR,ERR,ERR,ERR,ERR,ERR,ERR,ERR,ERR,ERR,ERR,ERR,ERR,ERR,ERR,ERR,ERR,ERR,ERR,ERR,ERR,ERR,ERR,ERR,ERR,ERR,ERR,ERR,ERR,ERR,ERR,ERR,ERR,ERR,ERR,ERR,ERR,ERR,ERR,ERR,ERR,ERR,ERR,ERR,ERR,ERR,ERR,ERR,ERR,ERR,ERR,ERR,ERR,ERR,ERR,ERR,ERR,ERR,ERR,ERR,ERR,ERR,ERR,ERR,ERR,ERR,ERR,ERR,ERR,ERR,ERR,ERR,ERR,ERR,ERR,ERR,ERR,ERR,ERR,ERR,ERR,ERR,ERR,ERR,ERR,ERR,ERR,ERR,ERR,ERR,ERR,ERR,ERR,ERR,ERR,ERR,ERR,ERR,ERR,ERR,ERR,ERR,ERR,ERR,ERR,ERR,ERR,ERR,ERR,ERR,ERR,ERR,ERR,0.0,2.7184312818759872e+23,-100793952.0,0.0,0.0,1.3936040501711995e+18,7.805,0.0,0,0,4,0,7116,0.0,100,0.0,0.0,0.0,0.0,0.0,0,0,0,0,0.0,0,0,0,0,0,0,0,0,0,0,0,0,0,0,0,0,0,0,0,0,0,0,0,0,0,0,0,0,0,0,0,0,0,31,40,40,71,65476,0,300,0,0,8,21553,0.0,-107605600.0,0.0,0.0,0.0,0.0,0.0,0.0,0.0,0.0,0.0,0.0,0.0,0.0,0.0,0.0,0.0,0.0,0.0,0.0,0.0,0.0,-2.004,-2.004,-2.004,-2.004,0.0,0.0,0.0,0.0,6291.0,0.0,6912.0,0.0,0.0,-0.0,0.0,0.0,0.0,0.0,0.0,69,0.0,0.0,0.0,0.0,0.0,0.0,0.0,0.0,0.0,0,0,0,0.0,0.0,0.0,0.0,0.0,0.0,0.0,0.0,0.0,0.0,0.0,0.0,0.0,0.0,0.0,0.0,0,-107875648.0,69,0.0,138,0.0,0.0,0,13107,17040,13107,17049,13107,17043,0,0,0,70,68,100,2.7302359370752657e+23,71.1,2.7302370179391762e+23,74.2,2.7302370179391762e+23,74.0,1,49,50,180,13107,52429,0,0,0.0,0.0,0.0,0.0,-0.0,67.0,0.0,162057.094,0.0,751,0,739,0,0,0,721,0,766,0,736,0,742,0,741,0,712,0,7520,0.032,79456894976.0,0.0,0.0,784,16797,-0.0,162057.094,-114818.039,-0.0,0.133,6.909358625270745e+28,30.0,65.0,35,0.0,0.0,0.0,0.0,0.0,0.0,0.0,0.0,0.0,0.0,0.0,0.0,0.0,0.0,0.0,0.0,69.2,0,150,71,55,65476,0,300,0,1,8,20529,65476,0,0,40632,65.0,0.0,0.0,0.0,0.0,0.0
2026-09-04T20:27:44,ERR,ERR,ERR,ERR,ERR,ERR,ERR,ERR,ERR,ERR,ERR,ERR,ERR,ERR,ERR,ERR,ERR,ERR,ERR,ERR,ERR,ERR,ERR,ERR,ERR,ERR,ERR,ERR,ERR,ERR,ERR,ERR,ERR,ERR,ERR,ERR,ERR,ERR,ERR,ERR,ERR,ERR,ERR,ERR,ERR,ERR,ERR,ERR,ERR,ERR,ERR,ERR,ERR,ERR,ERR,ERR,ERR,ERR,ERR,ERR,ERR,ERR,ERR,ERR,ERR,ERR,ERR,ERR,ERR,ERR,ERR,ERR,ERR,ERR,ERR,ERR,ERR,ERR,ERR,ERR,ERR,ERR,ERR,ERR,ERR,ERR,ERR,ERR,ERR,ERR,ERR,ERR,ERR,ERR,ERR,ERR,ERR,ERR,ERR,ERR,ERR,ERR,ERR,ERR,ERR,ERR,ERR,ERR,ERR,ERR,ERR,ERR,ERR,ERR,ERR,ERR,ERR,ERR,ERR,ERR,ERR,ERR,ERR,ERR,ERR,0.0,2.7184312818759872e+23,-100793952.0,0.0,0.0,1.3936040501711995e+18,7.805,0.0,0,0,4,0,7116,0.0,100,0.0,0.0,0.0,0.0,0.0,0,0,0,0,0.0,0,0,0,0,0,0,0,0,0,0,0,0,0,0,0,0,0,0,0,0,0,0,0,0,0,0,0,0,0,0,0,0,0,31,40,40,71,65476,0,300,0,0,8,21553,0.0,-107605600.0,0.0,0.0,0.0,0.0,0.0,0.0,0.0,0.0,0.0,0.0,0.0,0.0,0.0,0.0,0.0,0.0,0.0,0.0,0.0,0.0,-2.004,-2.004,-2.004,-2.004,0.0,0.0,0.0,0.0,6291.0,0.0,6912.0,0.0,0.0,-0.0,0.0,0.0,0.0,0.0,0.0,69,0.0,0.0,0.0,0.0,0.0,0.0,0.0,0.0,0.0,0,0,0,0.0,0.0,0.0,0.0,0.0,0.0,0.0,0.0,0.0,0.0,0.0,0.0,0.0,0.0,0.0,0.0,0,-107875648.0,69,0.0,138,0.0,0.0,0,13107,17040,13107,17049,13107,17043,0,0,0,70,68,100,2.7302359370752657e+23,71.1,2.7302370179391762e+23,74.2,2.7302370179391762e+23,74.0,1,49,50,180,13107,52429,0,0,0.0,0.0,0.0,0.0,-0.0,67.0,0.0,162057.094,0.0,751,0,739,0,0,0,721,0,766,0,736,0,742,0,742,0,712,0,7520,0.032,102542344192.0,0.0,0.0,784,16797,-0.0,162057.094,-114818.039,-0.0,0.133,6.909358625270745e+28,30.0,65.0,35,0.0,0.0,0.0,0.0,0.0,0.0,0.0,0.0,0.0,0.0,0.0,0.0,0.0,0.0,0.0,0.0,69.2,0,150,71,55,65476,0,300,0,1,8,20529,65476,0,0,40632,65.0,0.0,0.0,0.0,0.0,0.0
2026-09-04T20:27:45,ERR,ERR,ERR,ERR,ERR,ERR,ERR,ERR,ERR,ERR,ERR,ERR,ERR,ERR,ERR,ERR,ERR,ERR,ERR,ERR,ERR,ERR,ERR,ERR,ERR,ERR,ERR,ERR,ERR,ERR,ERR,ERR,ERR,ERR,ERR,ERR,ERR,ERR,ERR,ERR,ERR,ERR,ERR,ERR,ERR,ERR,ERR,ERR,ERR,ERR,ERR,ERR,ERR,ERR,ERR,ERR,ERR,ERR,ERR,ERR,ERR,ERR,ERR,ERR,ERR,ERR,ERR,ERR,ERR,ERR,ERR,ERR,ERR,ERR,ERR,ERR,ERR,ERR,ERR,ERR,ERR,ERR,ERR,ERR,ERR,ERR,ERR,ERR,ERR,ERR,ERR,ERR,ERR,ERR,ERR,ERR,ERR,ERR,ERR,ERR,ERR,ERR,ERR,ERR,ERR,ERR,ERR,ERR,ERR,ERR,ERR,ERR,ERR,ERR,ERR,ERR,ERR,ERR,ERR,ERR,ERR,ERR,ERR,ERR,ERR,0.0,2.7184312818759872e+23,-100793952.0,0.0,0.0,1.3936040501711995e+18,7.805,0.0,0,0,4,0,7116,0.0,100,0.0,0.0,0.0,0.0,0.0,0,0,0,0,0.0,0,0,0,0,0,0,0,0,0,0,0,0,0,0,0,0,0,0,0,0,0,0,0,0,0,0,0,0,0,0,0,0,0,31,40,40,71,65476,0,300,0,0,8,21553,0.0,-107605600.0,0.0,0.0,0.0,0.0,0.0,0.0,0.0,0.0,0.0,0.0,0.0,0.0,0.0,0.0,0.0,0.0,0.0,0.0,0.0,0.0,-2.004,-2.004,-2.004,-2.004,0.0,0.0,0.0,0.0,6291.0,0.0,6912.0,0.0,0.0,-0.0,0.0,0.0,0.0,0.0,0.0,69,0.0,0.0,0.0,0.0,0.0,0.0,0.0,0.0,0.0,0,0,0,0.0,0.0,0.0,0.0,0.0,0.0,0.0,0.0,0.0,0.0,0.0,0.0,0.0,0.0,0.0,0.0,0,-107875648.0,69,0.0,138,0.0,0.0,0,13107,17040,13107,17049,13107,17043,0,0,0,70,68,100,2.7302359370752657e+23,71.1,2.7302370179391762e+23,74.2,2.7302370179391762e+23,74.0,1,49,50,180,13107,52429,0,0,0.0,0.0,0.0,0.0,-0.0,67.0,0.0,162057.094,0.0,751,0,739,0,0,0,721,0,766,0,736,0,742,0,742,0,712,0,7520,0.032,102542344192.0,0.0,0.0,784,16797,-0.0,162057.094,-114818.039,-0.0,0.133,6.909358625270745e+28,30.0,65.0,35,0.0,0.0,0.0,0.0,0.0,0.0,0.0,0.0,0.0,0.0,0.0,0.0,0.0,0.0,0.0,0.0,69.2,0,150,71,55,65476,0,300,0,1,8,20529,65476,0,0,40632,65.0,0.0,0.0,0.0,0.0,0.0
2026-09-04T20:27:46,ERR,ERR,ERR,ERR,ERR,ERR,ERR,ERR,ERR,ERR,ERR,ERR,ERR,ERR,ERR,ERR,ERR,ERR,ERR,ERR,ERR,ERR,ERR,ERR,ERR,ERR,ERR,ERR,ERR,ERR,ERR,ERR,ERR,ERR,ERR,ERR,ERR,ERR,ERR,ERR,ERR,ERR,ERR,ERR,ERR,ERR,ERR,ERR,ERR,ERR,ERR,ERR,ERR,ERR,ERR,ERR,ERR,ERR,ERR,ERR,ERR,ERR,ERR,ERR,ERR,ERR,ERR,ERR,ERR,ERR,ERR,ERR,ERR,ERR,ERR,ERR,ERR,ERR,ERR,ERR,ERR,ERR,ERR,ERR,ERR,ERR,ERR,ERR,ERR,ERR,ERR,ERR,ERR,ERR,ERR,ERR,ERR,ERR,ERR,ERR,ERR,ERR,ERR,ERR,ERR,ERR,ERR,ERR,ERR,ERR,ERR,ERR,ERR,ERR,ERR,ERR,ERR,ERR,ERR,ERR,ERR,ERR,ERR,ERR,ERR,0.0,2.7184312818759872e+23,-100793952.0,0.0,0.0,1.3936040501711995e+18,7.805,0.0,0,0,4,0,7116,0.0,100,0.0,0.0,0.0,0.0,0.0,0,0,0,0,0.0,0,0,0,0,0,0,0,0,0,0,0,0,0,0,0,0,0,0,0,0,0,0,0,0,0,0,0,0,0,0,0,0,0,31,40,40,71,65476,0,300,0,0,8,21553,0.0,-107605600.0,0.0,0.0,0.0,0.0,0.0,0.0,0.0,0.0,0.0,0.0,0.0,0.0,0.0,0.0,0.0,0.0,0.0,0.0,0.0,0.0,-2.004,-2.004,-2.004,-2.004,0.0,0.0,0.0,0.0,6291.0,0.0,6912.0,0.0,0.0,-0.0,0.0,0.0,0.0,0.0,0.0,69,0.0,0.0,0.0,0.0,0.0,0.0,0.0,0.0,0.0,0,0,0,0.0,0.0,0.0,0.0,0.0,0.0,0.0,0.0,0.0,0.0,0.0,0.0,0.0,0.0,0.0,0.0,0,-107875648.0,69,0.0,138,0.0,0.0,0,13107,17040,13107,17049,13107,17043,0,0,0,70,68,100,2.7302359370752657e+23,71.1,2.7302370179391762e+23,74.2,2.7302370179391762e+23,74.0,1,49,50,180,13107,52429,0,0,0.0,0.0,0.0,0.0,-0.0,67.0,0.0,162057.094,0.0,751,0,739,0,0,0,721,0,766,0,736,0,742,0,742,0,712,0,7520,0.032,102542344192.0,0.0,0.0,784,16797,-0.0,162057.094,-114818.039,-0.0,0.133,6.909358625270745e+28,30.0,65.0,35,0.0,0.0,0.0,0.0,0.0,0.0,0.0,0.0,0.0,0.0,0.0,0.0,0.0,0.0,0.0,0.0,69.2,0,150,71,55,65476,0,300,0,1,8,20529,65476,0,0,40632,65.0,0.0,0.0,0.0,0.0,0.0
2026-09-04T20:27:47,ERR,ERR,ERR,ERR,ERR,ERR,ERR,ERR,ERR,ERR,ERR,ERR,ERR,ERR,ERR,ERR,ERR,ERR,ERR,ERR,ERR,ERR,ERR,ERR,ERR,ERR,ERR,ERR,ERR,ERR,ERR,ERR,ERR,ERR,ERR,ERR,ERR,ERR,ERR,ERR,ERR,ERR,ERR,ERR,ERR,ERR,ERR,ERR,ERR,ERR,ERR,ERR,ERR,ERR,ERR,ERR,ERR,ERR,ERR,ERR,ERR,ERR,ERR,ERR,ERR,ERR,ERR,ERR,ERR,ERR,ERR,ERR,ERR,ERR,ERR,ERR,ERR,ERR,ERR,ERR,ERR,ERR,ERR,ERR,ERR,ERR,ERR,ERR,ERR,ERR,ERR,ERR,ERR,ERR,ERR,ERR,ERR,ERR,ERR,ERR,ERR,ERR,ERR,ERR,ERR,ERR,ERR,ERR,ERR,ERR,ERR,ERR,ERR,ERR,ERR,ERR,ERR,ERR,ERR,ERR,ERR,ERR,ERR,ERR,ERR,0.0,0.0,0.0,0.0,0.0,1.3936040501711995e+18,7.805,0.0,0,0,4,0,7116,0.0,100,0.0,0.0,0.0,0.0,0.0,0,0,0,0,0.0,0,0,0,0,0,0,0,0,0,0,0,0,0,0,0,0,0,0,0,0,0,0,0,0,0,0,0,0,0,0,0,0,0,31,40,40,71,65476,0,300,0,0,8,21553,0.0,-107605600.0,0.0,0.0,0.0,0.0,0.0,0.0,0.0,0.0,0.0,0.0,0.0,0.0,0.0,0.0,0.0,0.0,0.0,0.0,0.0,0.0,-2.004,-0.0,-0.0,-2.004,0.0,0.0,0.0,0.0,6324.0,-0.0,6930.0,0.0,0.0,2.7184303811560617e+23,0.0,0.0,0.0,0.0,0.0,69,0.0,0.0,0.0,0.0,0.0,0.0,0.0,0.0,0.0,0,0,0,0.0,0.0,0.0,0.0,0.0,0.0,0.0,0.0,0.0,0.0,0.0,0.0,0.0,0.0,0.0,0.0,0,-107875648.0,69,0.0,138,0.0,0.0,0,13107,17040,13107,17049,13107,17043,0,0,0,70,68,100,2.7302359370752657e+23,71.1,2.7302370179391762e+23,74.2,2.7302370179391762e+23,74.0,1,49,50,180,13107,52429,0,0,0.0,0.0,0.0,0.0,-0.0,67.0,0.0,162057.094,0.0,751,0,739,0,0,0,721,0,766,0,736,0,742,0,742,0,712,0,7520,0.032,102542344192.0,0.0,0.0,784,16797,-0.0,162057.094,-114818.039,-0.0,0.133,6.909358625270745e+28,30.0,65.0,35,0.0,0.0,0.0,0.0,0.0,0.0,0.0,0.0,0.0,0.0,0.0,0.0,0.0,0.0,0.0,0.0,69.2,0,150,71,55,65476,0,300,0,1,8,20529,65476,0,0,40632,65.0,0.0,0.0,0.0,0.0,0.0
2026-09-04T20:27:48,ERR,ERR,ERR,ERR,ERR,ERR,ERR,ERR,ERR,ERR,ERR,ERR,ERR,ERR,ERR,ERR,ERR,ERR,ERR,ERR,ERR,ERR,ERR,ERR,ERR,ERR,ERR,ERR,ERR,ERR,ERR,ERR,ERR,ERR,ERR,ERR,ERR,ERR,ERR,ERR,ERR,ERR,ERR,ERR,ERR,ERR,ERR,ERR,ERR,ERR,ERR,ERR,ERR,ERR,ERR,ERR,ERR,ERR,ERR,ERR,ERR,ERR,ERR,ERR,ERR,ERR,ERR,ERR,ERR,ERR,ERR,ERR,ERR,ERR,ERR,ERR,ERR,ERR,ERR,ERR,ERR,ERR,ERR,ERR,ERR,ERR,ERR,ERR,ERR,ERR,ERR,ERR,ERR,ERR,ERR,ERR,ERR,ERR,ERR,ERR,ERR,ERR,ERR,ERR,ERR,ERR,ERR,ERR,ERR,ERR,ERR,ERR,ERR,ERR,ERR,ERR,ERR,ERR,ERR,ERR,ERR,ERR,ERR,ERR,ERR,0.0,0.0,0.0,0.0,0.0,1.3936040501711995e+18,7.805,0.0,0,0,4,0,7116,0.0,100,0.0,0.0,0.0,0.0,0.0,0,0,0,0,0.0,0,0,0,0,0,0,0,0,0,0,0,0,0,0,0,0,0,0,0,0,0,0,0,0,0,0,0,0,0,0,0,0,0,31,40,40,71,65476,0,300,0,0,8,21553,0.0,-107605600.0,0.0,0.0,0.0,0.0,0.0,0.0,0.0,0.0,0.0,0.0,0.0,0.0,0.0,0.0,0.0,0.0,0.0,0.0,0.0,0.0,-2.004,-0.0,-0.0,-2.004,0.0,0.0,0.0,0.0,6324.0,-0.0,6930.0,0.0,0.0,2.7184303811560617e+23,0.0,0.0,0.0,0.0,0.0,69,0.0,0.0,0.0,0.0,0.0,0.0,0.0,0.0,0.0,0,0,0,0.0,0.0,0.0,0.0,0.0,0.0,0.0,0.0,0.0,0.0,0.0,0.0,0.0,0.0,0.0,0.0,0,-107875648.0,69,0.0,138,0.0,0.0,0,13107,17040,13107,17049,13107,17043,0,0,0,70,68,100,2.7302359370752657e+23,71.1,2.7302370179391762e+23,74.2,2.7302370179391762e+23,74.0,1,49,50,180,13107,52429,0,0,0.0,0.0,0.0,0.0,-0.0,67.0,0.0,162057.094,0.0,751,0,739,0,0,0,721,0,766,0,736,0,742,0,742,0,712,0,7520,0.032,102542344192.0,0.0,0.0,784,16797,-0.0,162057.094,-114818.039,-0.0,0.133,6.909358625270745e+28,30.0,65.0,35,0.0,0.0,0.0,0.0,0.0,0.0,0.0,0.0,0.0,0.0,0.0,0.0,0.0,0.0,0.0,0.0,69.2,0,150,71,55,65476,0,300,0,1,8,20529,65476,0,0,40632,65.0,0.0,0.0,0.0,0.0,0.0
2026-09-04T20:27:49,ERR,ERR,ERR,ERR,ERR,ERR,ERR,ERR,ERR,ERR,ERR,ERR,ERR,ERR,ERR,ERR,ERR,ERR,ERR,ERR,ERR,ERR,ERR,ERR,ERR,ERR,ERR,ERR,ERR,ERR,ERR,ERR,ERR,ERR,ERR,ERR,ERR,ERR,ERR,ERR,ERR,ERR,ERR,ERR,ERR,ERR,ERR,ERR,ERR,ERR,ERR,ERR,ERR,ERR,ERR,ERR,ERR,ERR,ERR,ERR,ERR,ERR,ERR,ERR,ERR,ERR,ERR,ERR,ERR,ERR,ERR,ERR,ERR,ERR,ERR,ERR,ERR,ERR,ERR,ERR,ERR,ERR,ERR,ERR,ERR,ERR,ERR,ERR,ERR,ERR,ERR,ERR,ERR,ERR,ERR,ERR,ERR,ERR,ERR,ERR,ERR,ERR,ERR,ERR,ERR,ERR,ERR,ERR,ERR,ERR,ERR,ERR,ERR,ERR,ERR,ERR,ERR,ERR,ERR,ERR,ERR,ERR,ERR,ERR,ERR,0.0,0.0,0.0,0.0,0.0,1.3936040501711995e+18,7.805,0.0,0,0,4,0,7116,0.0,100,0.0,0.0,0.0,0.0,0.0,0,0,0,0,0.0,0,0,0,0,0,0,0,0,0,0,0,0,0,0,0,0,0,0,0,0,0,0,0,0,0,0,0,0,0,0,0,0,0,31,40,40,71,65476,0,300,0,0,8,21553,0.0,-107605600.0,0.0,0.0,0.0,0.0,0.0,0.0,0.0,0.0,0.0,0.0,0.0,0.0,0.0,0.0,0.0,0.0,0.0,0.0,0.0,0.0,-2.004,-0.0,-0.0,-2.004,0.0,0.0,0.0,0.0,6324.0,-0.0,6930.0,0.0,0.0,2.7184303811560617e+23,0.0,0.0,0.0,0.0,0.0,69,0.0,0.0,0.0,0.0,0.0,0.0,0.0,0.0,0.0,0,0,0,0.0,0.0,0.0,0.0,0.0,0.0,0.0,0.0,0.0,0.0,0.0,0.0,0.0,0.0,0.0,0.0,0,-107875648.0,69,0.0,138,0.0,0.0,0,13107,17040,13107,17049,13107,17043,0,0,0,70,68,100,2.7302359370752657e+23,71.2,0.0,74.2,2.7302370179391762e+23,74.0,1,49,50,180,13107,52429,0,0,0.0,0.0,0.0,0.0,-0.0,67.0,0.0,162057.094,0.0,751,0,739,0,0,0,721,0,766,0,736,0,742,0,741,0,712,0,7520,0.032,96636764160.0,0.0,0.0,784,16797,-0.0,162057.094,-114818.039,-0.0,0.133,6.909358625270745e+28,30.0,65.0,35,0.0,0.0,0.0,0.0,0.0,0.0,0.0,0.0,0.0,0.0,0.0,0.0,0.0,0.0,0.0,0.0,69.2,0,150,71,55,65476,0,300,0,1,8,20529,65476,0,0,40632,65.0,0.0,0.0,0.0,0.0,0.0
2026-09-04T20:27:50,ERR,ERR,ERR,ERR,ERR,ERR,ERR,ERR,ERR,ERR,ERR,ERR,ERR,ERR,ERR,ERR,ERR,ERR,ERR,ERR,ERR,ERR,ERR,ERR,ERR,ERR,ERR,ERR,ERR,ERR,ERR,ERR,ERR,ERR,ERR,ERR,ERR,ERR,ERR,ERR,ERR,ERR,ERR,ERR,ERR,ERR,ERR,ERR,ERR,ERR,ERR,ERR,ERR,ERR,ERR,ERR,ERR,ERR,ERR,ERR,ERR,ERR,ERR,ERR,ERR,ERR,ERR,ERR,ERR,ERR,ERR,ERR,ERR,ERR,ERR,ERR,ERR,ERR,ERR,ERR,ERR,ERR,ERR,ERR,ERR,ERR,ERR,ERR,ERR,ERR,ERR,ERR,ERR,ERR,ERR,ERR,ERR,ERR,ERR,ERR,ERR,ERR,ERR,ERR,ERR,ERR,ERR,ERR,ERR,ERR,ERR,ERR,ERR,ERR,ERR,ERR,ERR,ERR,ERR,ERR,ERR,ERR,ERR,ERR,ERR,0.0,0.0,0.0,0.0,0.0,1.3936040501711995e+18,7.805,0.0,0,0,4,0,7116,0.0,100,0.0,0.0,0.0,0.0,0.0,0,0,0,0,0.0,0,0,0,0,0,0,0,0,0,0,0,0,0,0,0,0,0,0,0,0,0,0,0,0,0,0,0,0,0,0,0,0,0,31,40,40,71,65476,0,300,0,0,8,21553,0.0,-107605600.0,0.0,0.0,0.0,0.0,0.0,0.0,0.0,0.0,0.0,0.0,0.0,0.0,0.0,0.0,0.0,0.0,0.0,0.0,0.0,0.0,-2.004,-0.0,-0.0,-2.004,0.0,0.0,0.0,0.0,6324.0,-0.0,6930.0,0.0,0.0,2.7184303811560617e+23,0.0,0.0,0.0,0.0,0.0,69,0.0,0.0,0.0,0.0,0.0,0.0,0.0,0.0,0.0,0,0,0,0.0,0.0,0.0,0.0,0.0,0.0,0.0,0.0,0.0,0.0,0.0,0.0,0.0,0.0,0.0,0.0,0,-107875648.0,69,0.0,138,0.0,0.0,0,13107,17040,13107,17049,13107,17043,0,0,0,70,68,100,2.7302359370752657e+23,71.2,0.0,74.2,2.7302370179391762e+23,74.0,1,49,50,180,13107,52429,0,0,0.0,0.0,0.0,0.0,-0.0,67.0,0.0,162057.094,0.0,751,0,739,0,0,0,721,0,766,0,736,0,742,0,741,0,712,0,7520,0.032,96636764160.0,0.0,0.0,784,16797,-0.0,162057.094,-114818.039,-0.0,0.133,6.909358625270745e+28,30.0,65.0,35,0.0,0.0,0.0,0.0,0.0,0.0,0.0,0.0,0.0,0.0,0.0,0.0,0.0,0.0,0.0,0.0,69.2,0,150,71,55,65476,0,300,0,1,8,20529,65476,0,0,40632,65.0,0.0,0.0,0.0,0.0,0.0
2026-09-04T20:27:51,ERR,ERR,ERR,ERR,ERR,ERR,ERR,ERR,ERR,ERR,ERR,ERR,ERR,ERR,ERR,ERR,ERR,ERR,ERR,ERR,ERR,ERR,ERR,ERR,ERR,ERR,ERR,ERR,ERR,ERR,ERR,ERR,ERR,ERR,ERR,ERR,ERR,ERR,ERR,ERR,ERR,ERR,ERR,ERR,ERR,ERR,ERR,ERR,ERR,ERR,ERR,ERR,ERR,ERR,ERR,ERR,ERR,ERR,ERR,ERR,ERR,ERR,ERR,ERR,ERR,ERR,ERR,ERR,ERR,ERR,ERR,ERR,ERR,ERR,ERR,ERR,ERR,ERR,ERR,ERR,ERR,ERR,ERR,ERR,ERR,ERR,ERR,ERR,ERR,ERR,ERR,ERR,ERR,ERR,ERR,ERR,ERR,ERR,ERR,ERR,ERR,ERR,ERR,ERR,ERR,ERR,ERR,ERR,ERR,ERR,ERR,ERR,ERR,ERR,ERR,ERR,ERR,ERR,ERR,ERR,ERR,ERR,ERR,ERR,ERR,0.0,0.0,0.0,0.0,0.0,1.3936040501711995e+18,7.805,0.0,0,0,4,0,7116,0.0,100,0.0,0.0,0.0,0.0,0.0,0,0,0,0,0.0,0,0,0,0,0,0,0,0,0,0,0,0,0,0,0,0,0,0,0,0,0,0,0,0,0,0,0,0,0,0,0,0,0,31,40,40,71,65476,0,300,0,0,8,21553,0.0,-107605600.0,0.0,0.0,0.0,0.0,0.0,0.0,0.0,0.0,0.0,0.0,0.0,0.0,0.0,0.0,0.0,0.0,0.0,0.0,0.0,0.0,-2.004,-0.0,-0.0,-2.004,0.0,0.0,0.0,0.0,6324.0,-0.0,6930.0,0.0,0.0,2.7184303811560617e+23,0.0,0.0,0.0,0.0,0.0,69,0.0,0.0,0.0,0.0,0.0,0.0,0.0,0.0,0.0,0,0,0,0.0,0.0,0.0,0.0,0.0,0.0,0.0,0.0,0.0,0.0,0.0,0.0,0.0,0.0,0.0,0.0,0,-107875648.0,69,0.0,138,0.0,0.0,0,13107,17040,13107,17049,13107,17043,0,0,0,70,68,100,2.7302359370752657e+23,71.2,0.0,74.2,2.7302370179391762e+23,74.0,1,49,50,180,13107,52429,0,0,0.0,0.0,0.0,0.0,-0.0,67.0,0.0,162057.094,0.0,751,0,739,0,0,0,721,0,766,0,736,0,742,0,741,0,712,0,7520,0.032,96636764160.0,0.0,0.0,784,16797,-0.0,162057.094,-114818.039,-0.0,0.133,6.909358625270745e+28,30.0,65.0,35,0.0,0.0,0.0,0.0,0.0,0.0,0.0,0.0,0.0,0.0,0.0,0.0,0.0,0.0,0.0,0.0,69.2,0,150,71,55,65476,0,300,0,1,8,20529,65476,0,0,40632,65.0,0.0,0.0,0.0,0.0,0.0
2026-09-04T20:27:52,ERR,ERR,ERR,ERR,ERR,ERR,ERR,ERR,ERR,ERR,ERR,ERR,ERR,ERR,ERR,ERR,ERR,ERR,ERR,ERR,ERR,ERR,ERR,ERR,ERR,ERR,ERR,ERR,ERR,ERR,ERR,ERR,ERR,ERR,ERR,ERR,ERR,ERR,ERR,ERR,ERR,ERR,ERR,ERR,ERR,ERR,ERR,ERR,ERR,ERR,ERR,ERR,ERR,ERR,ERR,ERR,ERR,ERR,ERR,ERR,ERR,ERR,ERR,ERR,ERR,ERR,ERR,ERR,ERR,ERR,ERR,ERR,ERR,ERR,ERR,ERR,ERR,ERR,ERR,ERR,ERR,ERR,ERR,ERR,ERR,ERR,ERR,ERR,ERR,ERR,ERR,ERR,ERR,ERR,ERR,ERR,ERR,ERR,ERR,ERR,ERR,ERR,ERR,ERR,ERR,ERR,ERR,ERR,ERR,ERR,ERR,ERR,ERR,ERR,ERR,ERR,ERR,ERR,ERR,ERR,ERR,ERR,ERR,ERR,ERR,0.0,0.0,0.0,0.0,0.0,1.3936040501711995e+18,7.805,0.0,0,0,4,0,7116,0.0,100,0.0,0.0,0.0,0.0,0.0,0,0,0,0,0.0,0,0,0,0,0,0,0,0,0,0,0,0,0,0,0,0,0,0,0,0,0,0,0,0,0,0,0,0,0,0,0,0,0,31,40,40,71,65476,0,300,0,0,8,21553,0.0,-107605600.0,0.0,0.0,0.0,0.0,0.0,0.0,0.0,0.0,0.0,0.0,0.0,0.0,0.0,0.0,0.0,0.0,0.0,0.0,0.0,0.0,-2.004,-0.0,-0.0,-2.004,0.0,0.0,0.0,0.0,6324.0,-0.0,6930.0,0.0,0.0,2.7184303811560617e+23,0.0,0.0,0.0,0.0,0.0,69,0.0,0.0,0.0,0.0,0.0,0.0,0.0,0.0,0.0,0,0,0,0.0,0.0,0.0,0.0,0.0,0.0,0.0,0.0,0.0,0.0,0.0,0.0,0.0,0.0,0.0,0.0,0,-107875648.0,69,0.0,138,0.0,0.0,0,13107,17040,13107,17049,13107,17043,0,0,0,70,68,100,2.7302359370752657e+23,71.2,0.0,74.2,2.7302370179391762e+23,74.0,1,49,50,180,13107,52429,0,0,0.0,0.0,0.0,0.0,-0.0,67.0,0.0,162057.094,0.0,751,0,739,0,0,0,721,0,766,0,736,0,742,0,741,0,712,0,7520,0.032,96636764160.0,0.0,0.0,784,16797,-0.0,162057.094,-114818.039,-0.0,0.133,6.909358625270745e+28,30.0,65.0,35,0.0,0.0,0.0,0.0,0.0,0.0,0.0,0.0,0.0,0.0,0.0,0.0,0.0,0.0,0.0,0.0,69.2,0,150,71,55,65476,0,300,0,1,8,20529,65476,0,0,40632,65.0,0.0,0.0,0.0,0.0,0.0
2026-09-04T20:27:53,ERR,ERR,ERR,ERR,ERR,ERR,ERR,ERR,ERR,ERR,ERR,ERR,ERR,ERR,ERR,ERR,ERR,ERR,ERR,ERR,ERR,ERR,ERR,ERR,ERR,ERR,ERR,ERR,ERR,ERR,ERR,ERR,ERR,ERR,ERR,ERR,ERR,ERR,ERR,ERR,ERR,ERR,ERR,ERR,ERR,ERR,ERR,ERR,ERR,ERR,ERR,ERR,ERR,ERR,ERR,ERR,ERR,ERR,ERR,ERR,ERR,ERR,ERR,ERR,ERR,ERR,ERR,ERR,ERR,ERR,ERR,ERR,ERR,ERR,ERR,ERR,ERR,ERR,ERR,ERR,ERR,ERR,ERR,ERR,ERR,ERR,ERR,ERR,ERR,ERR,ERR,ERR,ERR,ERR,ERR,ERR,ERR,ERR,ERR,ERR,ERR,ERR,ERR,ERR,ERR,ERR,ERR,ERR,ERR,ERR,ERR,ERR,ERR,ERR,ERR,ERR,ERR,ERR,ERR,ERR,ERR,ERR,ERR,ERR,ERR,0.0,0.0,0.0,0.0,0.0,1.3936040501711995e+18,7.805,0.0,0,0,4,0,7116,0.0,100,0.0,0.0,0.0,0.0,0.0,0,0,0,0,0.0,0,0,0,0,0,0,0,0,0,0,0,0,0,0,0,0,0,0,0,0,0,0,0,0,0,0,0,0,0,0,0,0,0,31,40,40,71,65476,0,300,0,0,8,21553,0.0,-107605600.0,0.0,0.0,0.0,0.0,0.0,0.0,0.0,0.0,0.0,0.0,0.0,0.0,0.0,0.0,0.0,0.0,0.0,0.0,0.0,0.0,-2.004,-0.0,-0.0,-2.004,0.0,0.0,0.0,0.0,6324.0,-0.0,6930.0,0.0,0.0,2.7184303811560617e+23,0.0,0.0,0.0,0.0,0.0,69,0.0,0.0,0.0,0.0,0.0,0.0,0.0,0.0,0.0,0,0,0,0.0,0.0,0.0,0.0,0.0,0.0,0.0,0.0,0.0,0.0,0.0,0.0,0.0,0.0,0.0,0.0,0,-107875648.0,69,0.0,138,0.0,0.0,0,13107,17040,13107,17049,13107,17043,0,0,0,70,68,100,2.7302359370752657e+23,71.2,0.0,74.2,2.7302370179391762e+23,74.0,1,49,50,180,13107,52429,0,0,0.0,0.0,0.0,0.0,-0.0,67.0,0.0,162057.094,0.0,751,0,739,0,0,0,721,0,766,0,736,0,742,0,741,0,712,0,7520,0.032,96636764160.0,0.0,0.0,784,16797,-0.0,162057.094,-114818.039,-0.0,0.133,6.909358625270745e+28,30.0,65.0,35,0.0,0.0,0.0,0.0,0.0,0.0,0.0,0.0,0.0,0.0,0.0,0.0,0.0,0.0,0.0,0.0,69.2,0,150,71,55,65476,0,300,0,1,8,20529,65476,0,0,40632,65.0,0.0,0.0,0.0,0.0,0.0
2026-09-04T20:27:54,ERR,ERR,ERR,ERR,ERR,ERR,ERR,ERR,ERR,ERR,ERR,ERR,ERR,ERR,ERR,ERR,ERR,ERR,ERR,ERR,ERR,ERR,ERR,ERR,ERR,ERR,ERR,ERR,ERR,ERR,ERR,ERR,ERR,ERR,ERR,ERR,ERR,ERR,ERR,ERR,ERR,ERR,ERR,ERR,ERR,ERR,ERR,ERR,ERR,ERR,ERR,ERR,ERR,ERR,ERR,ERR,ERR,ERR,ERR,ERR,ERR,ERR,ERR,ERR,ERR,ERR,ERR,ERR,ERR,ERR,ERR,ERR,ERR,ERR,ERR,ERR,ERR,ERR,ERR,ERR,ERR,ERR,ERR,ERR,ERR,ERR,ERR,ERR,ERR,ERR,ERR,ERR,ERR,ERR,ERR,ERR,ERR,ERR,ERR,ERR,ERR,ERR,ERR,ERR,ERR,ERR,ERR,ERR,ERR,ERR,ERR,ERR,ERR,ERR,ERR,ERR,ERR,ERR,ERR,ERR,ERR,ERR,ERR,ERR,ERR,0.0,0.0,0.0,0.0,0.0,1.3936040501711995e+18,7.805,0.0,0,0,4,0,7116,0.0,100,0.0,0.0,0.0,0.0,0.0,0,0,0,0,0.0,0,0,0,0,0,0,0,0,0,0,0,0,0,0,0,0,0,0,0,0,0,0,0,0,0,0,0,0,0,0,0,0,0,31,40,40,71,65476,0,300,0,0,8,21553,0.0,-107605600.0,0.0,0.0,0.0,0.0,0.0,0.0,0.0,0.0,0.0,0.0,0.0,0.0,0.0,0.0,0.0,0.0,0.0,0.0,0.0,0.0,-2.004,-0.0,-0.0,-2.004,0.0,0.0,0.0,0.0,6324.0,-0.0,6930.0,0.0,0.0,2.7184303811560617e+23,0.0,0.0,0.0,0.0,0.0,69,0.0,0.0,0.0,0.0,0.0,0.0,0.0,0.0,0.0,0,0,0,0.0,0.0,0.0,0.0,0.0,0.0,0.0,0.0,0.0,0.0,0.0,0.0,0.0,0.0,0.0,0.0,0,-107875648.0,69,0.0,138,0.0,0.0,0,13107,17040,13107,17049,13107,17043,0,0,0,70,68,100,2.7302359370752657e+23,71.2,0.0,74.2,2.7302370179391762e+23,74.0,1,49,50,180,13107,52429,0,0,0.0,0.0,0.0,0.0,-0.0,67.0,0.0,162057.094,0.0,751,0,739,0,0,0,721,0,766,0,736,0,742,0,741,0,712,0,7520,0.032,96636764160.0,0.0,0.0,784,16797,-0.0,162057.094,-114818.039,-0.0,0.133,6.909358625270745e+28,30.0,65.0,35,0.0,0.0,0.0,0.0,0.0,0.0,0.0,0.0,0.0,0.0,0.0,0.0,0.0,0.0,0.0,0.0,69.2,0,150,71,55,65476,0,300,0,1,8,20529,65476,0,0,40632,65.0,0.0,0.0,0.0,0.0,0.0
2026-09-04T20:27:55,ERR,ERR,ERR,ERR,ERR,ERR,ERR,ERR,ERR,ERR,ERR,ERR,ERR,ERR,ERR,ERR,ERR,ERR,ERR,ERR,ERR,ERR,ERR,ERR,ERR,ERR,ERR,ERR,ERR,ERR,ERR,ERR,ERR,ERR,ERR,ERR,ERR,ERR,ERR,ERR,ERR,ERR,ERR,ERR,ERR,ERR,ERR,ERR,ERR,ERR,ERR,ERR,ERR,ERR,ERR,ERR,ERR,ERR,ERR,ERR,ERR,ERR,ERR,ERR,ERR,ERR,ERR,ERR,ERR,ERR,ERR,ERR,ERR,ERR,ERR,ERR,ERR,ERR,ERR,ERR,ERR,ERR,ERR,ERR,ERR,ERR,ERR,ERR,ERR,ERR,ERR,ERR,ERR,ERR,ERR,ERR,ERR,ERR,ERR,ERR,ERR,ERR,ERR,ERR,ERR,ERR,ERR,ERR,ERR,ERR,ERR,ERR,ERR,ERR,ERR,ERR,ERR,ERR,ERR,ERR,ERR,ERR,ERR,ERR,ERR,0.0,0.0,0.0,0.0,0.0,1.3936040501711995e+18,7.805,0.0,0,0,4,0,7116,0.0,100,0.0,0.0,0.0,0.0,0.0,0,0,0,0,0.0,0,0,0,0,0,0,0,0,0,0,0,0,0,0,0,0,0,0,0,0,0,0,0,0,0,0,0,0,0,0,0,0,0,31,40,40,71,65476,0,300,0,0,8,21553,0.0,-107605600.0,0.0,0.0,0.0,0.0,0.0,0.0,0.0,0.0,0.0,0.0,0.0,0.0,0.0,0.0,0.0,0.0,0.0,0.0,0.0,0.0,-2.004,-0.0,-0.0,-2.004,0.0,0.0,0.0,0.0,6326.0,-8608224256.0,6938.0,0.0,2.7184312818759872e+23,2.7184303811560617e+23,0.0,0.0,0.0,0.0,0.0,69,0.0,0.0,0.0,0.0,0.0,0.0,0.0,0.0,0.0,0,0,0,0.0,0.0,0.0,0.0,0.0,0.0,0.0,0.0,0.0,0.0,0.0,0.0,0.0,0.0,0.0,0.0,0,-107875648.0,69,0.0,138,0.0,0.0,0,13107,17040,13107,17049,13107,17043,0,0,0,70,68,100,2.7302359370752657e+23,71.1,0.0,74.2,2.7302370179391762e+23,74.0,1,49,50,180,13107,52429,0,0,0.0,0.0,0.0,0.0,-0.0,67.0,0.0,162057.094,0.0,751,0,739,0,0,0,721,0,766,0,736,0,742,0,742,0,712,0,7520,0.032,96636764160.0,0.0,0.0,784,16797,-0.0,162057.094,-114818.039,-0.0,0.133,6.909358625270745e+28,30.0,65.0,35,0.0,0.0,0.0,0.0,0.0,0.0,0.0,0.0,0.0,0.0,0.0,0.0,0.0,0.0,0.0,0.0,69.2,0,150,71,55,65476,0,300,0,1,8,20529,65476,0,0,40632,65.0,0.0,0.0,0.0,0.0,0.0
2026-09-04T20:27:56,ERR,ERR,ERR,ERR,ERR,ERR,ERR,ERR,ERR,ERR,ERR,ERR,ERR,ERR,ERR,ERR,ERR,ERR,ERR,ERR,ERR,ERR,ERR,ERR,ERR,ERR,ERR,ERR,ERR,ERR,ERR,ERR,ERR,ERR,ERR,ERR,ERR,ERR,ERR,ERR,ERR,ERR,ERR,ERR,ERR,ERR,ERR,ERR,ERR,ERR,ERR,ERR,ERR,ERR,ERR,ERR,ERR,ERR,ERR,ERR,ERR,ERR,ERR,ERR,ERR,ERR,ERR,ERR,ERR,ERR,ERR,ERR,ERR,ERR,ERR,ERR,ERR,ERR,ERR,ERR,ERR,ERR,ERR,ERR,ERR,ERR,ERR,ERR,ERR,ERR,ERR,ERR,ERR,ERR,ERR,ERR,ERR,ERR,ERR,ERR,ERR,ERR,ERR,ERR,ERR,ERR,ERR,ERR,ERR,ERR,ERR,ERR,ERR,ERR,ERR,ERR,ERR,ERR,ERR,ERR,ERR,ERR,ERR,ERR,ERR,0.0,0.0,0.0,0.0,0.0,1.3936040501711995e+18,7.805,0.0,0,0,4,0,7116,0.0,100,0.0,0.0,0.0,0.0,0.0,0,0,0,0,0.0,0,0,0,0,0,0,0,0,0,0,0,0,0,0,0,0,0,0,0,0,0,0,0,0,0,0,0,0,0,0,0,0,0,31,40,40,71,65476,0,300,0,0,8,21553,0.0,-107605600.0,0.0,0.0,0.0,0.0,0.0,0.0,0.0,0.0,0.0,0.0,0.0,0.0,0.0,0.0,0.0,0.0,0.0,0.0,0.0,0.0,-2.004,-0.0,-0.0,-2.004,0.0,0.0,0.0,0.0,6326.0,-8608224256.0,6938.0,0.0,2.7184312818759872e+23,2.7184303811560617e+23,0.0,0.0,0.0,0.0,0.0,69,0.0,0.0,0.0,0.0,0.0,0.0,0.0,0.0,0.0,0,0,0,0.0,0.0,0.0,0.0,0.0,0.0,0.0,0.0,0.0,0.0,0.0,0.0,0.0,0.0,0.0,0.0,0,-107875648.0,69,0.0,138,0.0,0.0,0,13107,17040,13107,17049,13107,17043,0,0,0,70,68,100,2.7302359370752657e+23,71.1,0.0,74.2,2.7302370179391762e+23,74.0,1,49,50,180,13107,52429,0,0,0.0,0.0,0.0,0.0,-0.0,67.0,0.0,162057.094,0.0,751,0,739,0,0,0,721,0,766,0,736,0,742,0,742,0,712,0,7520,0.032,96636764160.0,0.0,0.0,784,16797,-0.0,162057.094,-114818.039,-0.0,0.133,6.909358625270745e+28,30.0,65.0,35,0.0,0.0,0.0,0.0,0.0,0.0,0.0,0.0,0.0,0.0,0.0,0.0,0.0,0.0,0.0,0.0,69.2,0,150,71,55,65476,0,300,0,1,8,20529,65476,0,0,40632,65.0,0.0,0.0,0.0,0.0,0.0
2026-09-04T20:27:57,ERR,ERR,ERR,ERR,ERR,ERR,ERR,ERR,ERR,ERR,ERR,ERR,ERR,ERR,ERR,ERR,ERR,ERR,ERR,ERR,ERR,ERR,ERR,ERR,ERR,ERR,ERR,ERR,ERR,ERR,ERR,ERR,ERR,ERR,ERR,ERR,ERR,ERR,ERR,ERR,ERR,ERR,ERR,ERR,ERR,ERR,ERR,ERR,ERR,ERR,ERR,ERR,ERR,ERR,ERR,ERR,ERR,ERR,ERR,ERR,ERR,ERR,ERR,ERR,ERR,ERR,ERR,ERR,ERR,ERR,ERR,ERR,ERR,ERR,ERR,ERR,ERR,ERR,ERR,ERR,ERR,ERR,ERR,ERR,ERR,ERR,ERR,ERR,ERR,ERR,ERR,ERR,ERR,ERR,ERR,ERR,ERR,ERR,ERR,ERR,ERR,ERR,ERR,ERR,ERR,ERR,ERR,ERR,ERR,ERR,ERR,ERR,ERR,ERR,ERR,ERR,ERR,ERR,ERR,ERR,ERR,ERR,ERR,ERR,ERR,0.0,0.0,0.0,0.0,0.0,1.3936040501711995e+18,7.805,0.0,0,0,4,0,7116,0.0,100,0.0,0.0,0.0,0.0,0.0,0,0,0,0,0.0,0,0,0,0,0,0,0,0,0,0,0,0,0,0,0,0,0,0,0,0,0,0,0,0,0,0,0,0,0,0,0,0,0,31,40,40,71,65476,0,300,0,0,8,21553,0.0,-107605600.0,0.0,0.0,0.0,0.0,0.0,0.0,0.0,0.0,0.0,0.0,0.0,0.0,0.0,0.0,0.0,0.0,0.0,0.0,0.0,0.0,-2.004,-0.0,-0.0,-2.004,0.0,0.0,0.0,0.0,6326.0,-8608224256.0,6938.0,0.0,2.7184312818759872e+23,2.7184303811560617e+23,0.0,0.0,0.0,0.0,0.0,69,0.0,0.0,0.0,0.0,0.0,0.0,0.0,0.0,0.0,0,0,0,0.0,0.0,0.0,0.0,0.0,0.0,0.0,0.0,0.0,0.0,0.0,0.0,0.0,0.0,0.0,0.0,0,-107875648.0,69,0.0,138,0.0,0.0,0,13107,17040,13107,17049,13107,17043,0,0,0,70,68,100,2.7302359370752657e+23,71.1,0.0,74.2,2.7302370179391762e+23,74.0,1,49,50,180,13107,52429,0,0,0.0,0.0,0.0,0.0,-0.0,67.0,0.0,162057.094,0.0,751,0,739,0,0,0,721,0,766,0,736,0,742,0,742,0,712,0,7520,0.032,96636764160.0,0.0,0.0,784,16797,-0.0,162057.094,-114818.039,-0.0,0.133,6.909358625270745e+28,30.0,65.0,35,0.0,0.0,0.0,0.0,0.0,0.0,0.0,0.0,0.0,0.0,0.0,0.0,0.0,0.0,0.0,0.0,69.2,0,150,71,55,65476,0,300,0,1,8,20529,65476,0,0,40632,65.0,0.0,0.0,0.0,0.0,0.0
2026-09-04T20:27:58,ERR,ERR,ERR,ERR,ERR,ERR,ERR,ERR,ERR,ERR,ERR,ERR,ERR,ERR,ERR,ERR,ERR,ERR,ERR,ERR,ERR,ERR,ERR,ERR,ERR,ERR,ERR,ERR,ERR,ERR,ERR,ERR,ERR,ERR,ERR,ERR,ERR,ERR,ERR,ERR,ERR,ERR,ERR,ERR,ERR,ERR,ERR,ERR,ERR,ERR,ERR,ERR,ERR,ERR,ERR,ERR,ERR,ERR,ERR,ERR,ERR,ERR,ERR,ERR,ERR,ERR,ERR,ERR,ERR,ERR,ERR,ERR,ERR,ERR,ERR,ERR,ERR,ERR,ERR,ERR,ERR,ERR,ERR,ERR,ERR,ERR,ERR,ERR,ERR,ERR,ERR,ERR,ERR,ERR,ERR,ERR,ERR,ERR,ERR,ERR,ERR,ERR,ERR,ERR,ERR,ERR,ERR,ERR,ERR,ERR,ERR,ERR,ERR,ERR,ERR,ERR,ERR,ERR,ERR,ERR,ERR,ERR,ERR,ERR,ERR,0.0,0.0,0.0,0.0,0.0,1.3936040501711995e+18,7.805,0.0,0,0,4,0,7116,0.0,100,0.0,0.0,0.0,0.0,0.0,0,0,0,0,0.0,0,0,0,0,0,0,0,0,0,0,0,0,0,0,0,0,0,0,0,0,0,0,0,0,0,0,0,0,0,0,0,0,0,31,40,40,71,65476,0,300,0,0,8,21553,0.0,-107605600.0,0.0,0.0,0.0,0.0,0.0,0.0,0.0,0.0,0.0,0.0,0.0,0.0,0.0,0.0,0.0,0.0,0.0,0.0,0.0,0.0,-2.004,-0.0,-0.0,-2.004,0.0,0.0,0.0,0.0,6326.0,-8608224256.0,6938.0,0.0,2.7184312818759872e+23,2.7184303811560617e+23,0.0,0.0,0.0,0.0,0.0,69,0.0,0.0,0.0,0.0,0.0,0.0,0.0,0.0,0.0,0,0,0,0.0,0.0,0.0,0.0,0.0,0.0,0.0,0.0,0.0,0.0,0.0,0.0,0.0,0.0,0.0,0.0,0,-107875648.0,69,0.0,138,0.0,0.0,0,13107,17040,13107,17049,13107,17043,0,0,0,70,68,100,2.7302359370752657e+23,71.1,0.0,74.2,2.7302370179391762e+23,74.0,1,49,50,180,13107,52429,0,0,0.0,0.0,0.0,0.0,-0.0,67.0,0.0,162057.094,0.0,751,0,739,0,0,0,721,0,766,0,736,0,742,0,742,0,712,0,7520,0.032,96636764160.0,0.0,0.0,784,16797,-0.0,162057.094,-114818.039,-0.0,0.133,6.909358625270745e+28,30.0,65.0,35,0.0,0.0,0.0,0.0,0.0,0.0,0.0,0.0,0.0,0.0,0.0,0.0,0.0,0.0,0.0,0.0,69.2,0,150,71,55,65476,0,300,0,1,8,20529,65476,0,0,40632,65.0,0.0,0.0,0.0,0.0,0.0
2026-09-04T20:27:59,ERR,ERR,ERR,ERR,ERR,ERR,ERR,ERR,ERR,ERR,ERR,ERR,ERR,ERR,ERR,ERR,ERR,ERR,ERR,ERR,ERR,ERR,ERR,ERR,ERR,ERR,ERR,ERR,ERR,ERR,ERR,ERR,ERR,ERR,ERR,ERR,ERR,ERR,ERR,ERR,ERR,ERR,ERR,ERR,ERR,ERR,ERR,ERR,ERR,ERR,ERR,ERR,ERR,ERR,ERR,ERR,ERR,ERR,ERR,ERR,ERR,ERR,ERR,ERR,ERR,ERR,ERR,ERR,ERR,ERR,ERR,ERR,ERR,ERR,ERR,ERR,ERR,ERR,ERR,ERR,ERR,ERR,ERR,ERR,ERR,ERR,ERR,ERR,ERR,ERR,ERR,ERR,ERR,ERR,ERR,ERR,ERR,ERR,ERR,ERR,ERR,ERR,ERR,ERR,ERR,ERR,ERR,ERR,ERR,ERR,ERR,ERR,ERR,ERR,ERR,ERR,ERR,ERR,ERR,ERR,ERR,ERR,ERR,ERR,ERR,0.0,0.0,0.0,0.0,0.0,1.3936040501711995e+18,7.805,0.0,0,0,4,0,7116,0.0,100,0.0,0.0,0.0,0.0,0.0,0,0,0,0,0.0,0,0,0,0,0,0,0,0,0,0,0,0,0,0,0,0,0,0,0,0,0,0,0,0,0,0,0,0,0,0,0,0,0,31,40,40,71,65476,0,300,0,0,8,21553,0.0,-107605600.0,0.0,0.0,0.0,0.0,0.0,0.0,0.0,0.0,0.0,0.0,0.0,0.0,0.0,0.0,0.0,0.0,0.0,0.0,0.0,0.0,-2.004,-0.0,-0.0,-2.004,0.0,0.0,0.0,0.0,6326.0,-8608224256.0,6938.0,0.0,2.7184312818759872e+23,2.7184303811560617e+23,0.0,0.0,0.0,0.0,0.0,69,0.0,0.0,0.0,0.0,0.0,0.0,0.0,0.0,0.0,0,0,0,0.0,0.0,0.0,0.0,0.0,0.0,0.0,0.0,0.0,0.0,0.0,0.0,0.0,0.0,0.0,0.0,0,-107875648.0,69,0.0,138,0.0,0.0,0,13107,17040,13107,17049,13107,17043,0,0,0,70,68,100,2.7302359370752657e+23,71.1,0.0,74.2,2.7302370179391762e+23,74.0,1,49,50,180,13107,52429,0,0,0.0,0.0,0.0,0.0,-0.0,67.0,0.0,162057.094,0.0,751,0,739,0,0,0,721,0,766,0,736,0,742,0,742,0,712,0,7520,0.032,96636764160.0,0.0,0.0,784,16797,-0.0,162057.094,-114818.039,-0.0,0.133,6.909358625270745e+28,30.0,65.0,35,0.0,0.0,0.0,0.0,0.0,0.0,0.0,0.0,0.0,0.0,0.0,0.0,0.0,0.0,0.0,0.0,69.2,0,150,71,55,65476,0,300,0,1,8,20529,65476,0,0,40632,65.0,0.0,0.0,0.0,0.0,0.0
2026-09-04T20:28:00,ERR,ERR,ERR,ERR,ERR,ERR,ERR,ERR,ERR,ERR,ERR,ERR,ERR,ERR,ERR,ERR,ERR,ERR,ERR,ERR,ERR,ERR,ERR,ERR,ERR,ERR,ERR,ERR,ERR,ERR,ERR,ERR,ERR,ERR,ERR,ERR,ERR,ERR,ERR,ERR,ERR,ERR,ERR,ERR,ERR,ERR,ERR,ERR,ERR,ERR,ERR,ERR,ERR,ERR,ERR,ERR,ERR,ERR,ERR,ERR,ERR,ERR,ERR,ERR,ERR,ERR,ERR,ERR,ERR,ERR,ERR,ERR,ERR,ERR,ERR,ERR,ERR,ERR,ERR,ERR,ERR,ERR,ERR,ERR,ERR,ERR,ERR,ERR,ERR,ERR,ERR,ERR,ERR,ERR,ERR,ERR,ERR,ERR,ERR,ERR,ERR,ERR,ERR,ERR,ERR,ERR,ERR,ERR,ERR,ERR,ERR,ERR,ERR,ERR,ERR,ERR,ERR,ERR,ERR,ERR,ERR,ERR,ERR,ERR,ERR,0.0,0.0,0.0,0.0,0.0,1.3936040501711995e+18,7.805,0.0,0,0,4,0,7116,0.0,100,0.0,0.0,0.0,0.0,0.0,0,0,0,0,0.0,0,0,0,0,0,0,0,0,0,0,0,0,0,0,0,0,0,0,0,0,0,0,0,0,0,0,0,0,0,0,0,0,0,31,40,40,71,65476,0,300,0,0,8,21553,0.0,-107605600.0,0.0,0.0,0.0,0.0,0.0,0.0,0.0,0.0,0.0,0.0,0.0,0.0,0.0,0.0,0.0,0.0,0.0,0.0,0.0,0.0,-2.004,-0.0,-0.0,-2.004,0.0,0.0,0.0,0.0,6326.0,-8608224256.0,6938.0,0.0,2.7184312818759872e+23,2.7184303811560617e+23,0.0,0.0,0.0,0.0,0.0,69,0.0,0.0,0.0,0.0,0.0,0.0,0.0,0.0,0.0,0,0,0,0.0,0.0,0.0,0.0,0.0,0.0,0.0,0.0,0.0,0.0,0.0,0.0,0.0,0.0,0.0,0.0,0,-107875648.0,69,0.0,138,0.0,0.0,0,13107,17040,13107,17049,13107,17043,0,0,0,70,68,100,2.7302359370752657e+23,71.1,0.0,74.2,2.7302370179391762e+23,74.0,1,49,50,180,13107,52429,0,0,0.0,0.0,0.0,0.0,-0.0,67.0,0.0,162057.094,0.0,751,0,739,0,0,0,721,0,766,0,736,0,742,0,741,0,712,0,7520,0.032,78920024064.0,0.0,0.0,784,16797,-0.0,162057.094,-114818.039,-0.0,0.133,6.909358625270745e+28,30.0,65.0,35,0.0,0.0,0.0,0.0,0.0,0.0,0.0,0.0,0.0,0.0,0.0,0.0,0.0,0.0,0.0,0.0,69.2,0,150,71,55,65476,0,300,0,1,8,20529,65476,0,0,40632,65.0,0.0,0.0,0.0,0.0,0.0
2026-09-04T20:28:01,ERR,ERR,ERR,ERR,ERR,ERR,ERR,ERR,ERR,ERR,ERR,ERR,ERR,ERR,ERR,ERR,ERR,ERR,ERR,ERR,ERR,ERR,ERR,ERR,ERR,ERR,ERR,ERR,ERR,ERR,ERR,ERR,ERR,ERR,ERR,ERR,ERR,ERR,ERR,ERR,ERR,ERR,ERR,ERR,ERR,ERR,ERR,ERR,ERR,ERR,ERR,ERR,ERR,ERR,ERR,ERR,ERR,ERR,ERR,ERR,ERR,ERR,ERR,ERR,ERR,ERR,ERR,ERR,ERR,ERR,ERR,ERR,ERR,ERR,ERR,ERR,ERR,ERR,ERR,ERR,ERR,ERR,ERR,ERR,ERR,ERR,ERR,ERR,ERR,ERR,ERR,ERR,ERR,ERR,ERR,ERR,ERR,ERR,ERR,ERR,ERR,ERR,ERR,ERR,ERR,ERR,ERR,ERR,ERR,ERR,ERR,ERR,ERR,ERR,ERR,ERR,ERR,ERR,ERR,ERR,ERR,ERR,ERR,ERR,ERR,0.0,0.0,0.0,0.0,0.0,1.3936040501711995e+18,7.805,0.0,0,0,4,0,7116,0.0,100,0.0,0.0,0.0,0.0,0.0,0,0,0,0,0.0,0,0,0,0,0,0,0,0,0,0,0,0,0,0,0,0,0,0,0,0,0,0,0,0,0,0,0,0,0,0,0,0,0,31,40,40,71,65476,0,300,0,0,8,21553,0.0,-107605600.0,0.0,0.0,0.0,0.0,0.0,0.0,0.0,0.0,0.0,0.0,0.0,0.0,0.0,0.0,0.0,0.0,0.0,0.0,0.0,0.0,-2.004,-0.0,-0.0,-2.004,0.0,0.0,0.0,0.0,6326.0,-8608224256.0,6938.0,0.0,2.7184312818759872e+23,2.7184303811560617e+23,0.0,0.0,0.0,0.0,0.0,69,0.0,0.0,0.0,0.0,0.0,0.0,0.0,0.0,0.0,0,0,0,0.0,0.0,0.0,0.0,0.0,0.0,0.0,0.0,0.0,0.0,0.0,0.0,0.0,0.0,0.0,0.0,0,-107875648.0,69,0.0,138,0.0,0.0,0,13107,17040,13107,17049,13107,17043,0,0,0,70,68,100,2.7302359370752657e+23,71.1,0.0,74.2,2.7302370179391762e+23,74.0,1,49,50,180,13107,52429,0,0,0.0,0.0,0.0,0.0,-0.0,67.0,0.0,162057.094,0.0,751,0,739,0,0,0,721,0,766,0,736,0,742,0,741,0,712,0,7520,0.032,78920024064.0,0.0,0.0,784,16797,-0.0,162057.094,-114818.039,-0.0,0.133,6.909358625270745e+28,30.0,65.0,35,0.0,0.0,0.0,0.0,0.0,0.0,0.0,0.0,0.0,0.0,0.0,0.0,0.0,0.0,0.0,0.0,69.2,0,150,71,55,65476,0,300,0,1,8,20529,65476,0,0,40632,65.0,0.0,0.0,0.0,0.0,0.0
2026-09-04T20:28:02,ERR,ERR,ERR,ERR,ERR,ERR,ERR,ERR,ERR,ERR,ERR,ERR,ERR,ERR,ERR,ERR,ERR,ERR,ERR,ERR,ERR,ERR,ERR,ERR,ERR,ERR,ERR,ERR,ERR,ERR,ERR,ERR,ERR,ERR,ERR,ERR,ERR,ERR,ERR,ERR,ERR,ERR,ERR,ERR,ERR,ERR,ERR,ERR,ERR,ERR,ERR,ERR,ERR,ERR,ERR,ERR,ERR,ERR,ERR,ERR,ERR,ERR,ERR,ERR,ERR,ERR,ERR,ERR,ERR,ERR,ERR,ERR,ERR,ERR,ERR,ERR,ERR,ERR,ERR,ERR,ERR,ERR,ERR,ERR,ERR,ERR,ERR,ERR,ERR,ERR,ERR,ERR,ERR,ERR,ERR,ERR,ERR,ERR,ERR,ERR,ERR,ERR,ERR,ERR,ERR,ERR,ERR,ERR,ERR,ERR,ERR,ERR,ERR,ERR,ERR,ERR,ERR,ERR,ERR,ERR,ERR,ERR,ERR,ERR,ERR,0.0,2.7184312818759872e+23,-100793952.0,0.0,0.0,1.3936040501711995e+18,7.805,0.0,0,0,4,0,7116,0.0,100,0.0,0.0,0.0,0.0,0.0,0,0,0,0,0.0,0,0,0,0,0,0,0,0,0,0,0,0,0,0,0,0,0,0,0,0,0,0,0,0,0,0,0,0,0,0,0,0,0,31,40,40,71,65476,0,300,0,0,8,21553,0.0,-107605600.0,0.0,0.0,0.0,0.0,0.0,0.0,0.0,0.0,0.0,0.0,0.0,0.0,0.0,0.0,0.0,0.0,0.0,0.0,0.0,0.0,-2.004,-0.0,-0.0,-2.004,0.0,0.0,0.0,0.0,6324.0,-1.0406704564111331e+34,6943.0,0.0,0.0,2.7184303811560617e+23,0.0,0.0,0.0,0.0,0.0,69,0.0,2.718426958420345e+23,0.0,0.0,0.0,0.0,0.0,0.0,0.0,0,0,0,0.0,0.0,0.0,0.0,0.0,0.0,0.0,0.0,0.0,0.0,0.0,0.0,0.0,0.0,0.0,0.0,0,-107875648.0,69,0.0,138,0.0,0.0,0,13107,17040,13107,17049,13107,17043,0,0,0,70,68,100,2.7302359370752657e+23,71.1,0.0,74.2,2.7302370179391762e+23,74.0,1,49,50,180,13107,52429,0,0,0.0,0.0,0.0,0.0,-0.0,67.0,0.0,162057.094,0.0,751,0,739,0,0,0,721,0,766,0,736,0,742,0,741,0,712,0,7520,0.032,78920024064.0,0.0,0.0,784,16797,-0.0,162057.094,-114818.039,-0.0,0.133,6.909358625270745e+28,30.0,65.0,35,0.0,0.0,0.0,0.0,0.0,0.0,0.0,0.0,0.0,0.0,0.0,0.0,0.0,0.0,0.0,0.0,69.2,0,150,71,55,65476,0,300,0,1,8,20529,65476,0,0,40632,65.0,0.0,0.0,0.0,0.0,0.0
2026-09-04T20:28:03,ERR,ERR,ERR,ERR,ERR,ERR,ERR,ERR,ERR,ERR,ERR,ERR,ERR,ERR,ERR,ERR,ERR,ERR,ERR,ERR,ERR,ERR,ERR,ERR,ERR,ERR,ERR,ERR,ERR,ERR,ERR,ERR,ERR,ERR,ERR,ERR,ERR,ERR,ERR,ERR,ERR,ERR,ERR,ERR,ERR,ERR,ERR,ERR,ERR,ERR,ERR,ERR,ERR,ERR,ERR,ERR,ERR,ERR,ERR,ERR,ERR,ERR,ERR,ERR,ERR,ERR,ERR,ERR,ERR,ERR,ERR,ERR,ERR,ERR,ERR,ERR,ERR,ERR,ERR,ERR,ERR,ERR,ERR,ERR,ERR,ERR,ERR,ERR,ERR,ERR,ERR,ERR,ERR,ERR,ERR,ERR,ERR,ERR,ERR,ERR,ERR,ERR,ERR,ERR,ERR,ERR,ERR,ERR,ERR,ERR,ERR,ERR,ERR,ERR,ERR,ERR,ERR,ERR,ERR,ERR,ERR,ERR,ERR,ERR,ERR,0.0,2.7184312818759872e+23,-100793952.0,0.0,0.0,1.3936040501711995e+18,7.805,0.0,0,0,4,0,7116,0.0,100,0.0,0.0,0.0,0.0,0.0,0,0,0,0,0.0,0,0,0,0,0,0,0,0,0,0,0,0,0,0,0,0,0,0,0,0,0,0,0,0,0,0,0,0,0,0,0,0,0,31,40,40,71,65476,0,300,0,0,8,21553,0.0,-107605600.0,0.0,0.0,0.0,0.0,0.0,0.0,0.0,0.0,0.0,0.0,0.0,0.0,0.0,0.0,0.0,0.0,0.0,0.0,0.0,0.0,-2.004,-0.0,-0.0,-2.004,0.0,0.0,0.0,0.0,6324.0,-1.0406704564111331e+34,6943.0,0.0,0.0,2.7184303811560617e+23,0.0,0.0,0.0,0.0,0.0,69,0.0,2.718426958420345e+23,0.0,0.0,0.0,0.0,0.0,0.0,0.0,0,0,0,0.0,0.0,0.0,0.0,0.0,0.0,0.0,0.0,0.0,0.0,0.0,0.0,0.0,0.0,0.0,0.0,0,-107875648.0,69,0.0,138,0.0,0.0,0,13107,17040,13107,17049,13107,17043,0,0,0,70,68,100,2.7302359370752657e+23,71.1,0.0,74.2,2.7302370179391762e+23,74.0,1,49,50,180,13107,52429,0,0,0.0,0.0,0.0,0.0,-0.0,67.0,0.0,162057.094,0.0,751,0,739,0,0,0,721,0,766,0,736,0,742,0,741,0,712,0,7520,0.032,78920024064.0,0.0,0.0,784,16797,-0.0,162057.094,-114818.039,-0.0,0.133,6.909358625270745e+28,30.0,65.0,35,0.0,0.0,0.0,0.0,0.0,0.0,0.0,0.0,0.0,0.0,0.0,0.0,0.0,0.0,0.0,0.0,69.2,0,150,71,55,65476,0,300,0,1,8,20529,65476,0,0,40632,65.0,0.0,0.0,0.0,0.0,0.0
2026-09-04T20:28:04,ERR,ERR,ERR,ERR,ERR,ERR,ERR,ERR,ERR,ERR,ERR,ERR,ERR,ERR,ERR,ERR,ERR,ERR,ERR,ERR,ERR,ERR,ERR,ERR,ERR,ERR,ERR,ERR,ERR,ERR,ERR,ERR,ERR,ERR,ERR,ERR,ERR,ERR,ERR,ERR,ERR,ERR,ERR,ERR,ERR,ERR,ERR,ERR,ERR,ERR,ERR,ERR,ERR,ERR,ERR,ERR,ERR,ERR,ERR,ERR,ERR,ERR,ERR,ERR,ERR,ERR,ERR,ERR,ERR,ERR,ERR,ERR,ERR,ERR,ERR,ERR,ERR,ERR,ERR,ERR,ERR,ERR,ERR,ERR,ERR,ERR,ERR,ERR,ERR,ERR,ERR,ERR,ERR,ERR,ERR,ERR,ERR,ERR,ERR,ERR,ERR,ERR,ERR,ERR,ERR,ERR,ERR,ERR,ERR,ERR,ERR,ERR,ERR,ERR,ERR,ERR,ERR,ERR,ERR,ERR,ERR,ERR,ERR,ERR,ERR,0.0,2.7184312818759872e+23,-100793952.0,0.0,0.0,1.3936040501711995e+18,7.805,0.0,0,0,4,0,7116,0.0,100,0.0,0.0,0.0,0.0,0.0,0,0,0,0,0.0,0,0,0,0,0,0,0,0,0,0,0,0,0,0,0,0,0,0,0,0,0,0,0,0,0,0,0,0,0,0,0,0,0,31,40,40,71,65476,0,300,0,0,8,21553,0.0,-107605600.0,0.0,0.0,0.0,0.0,0.0,0.0,0.0,0.0,0.0,0.0,0.0,0.0,0.0,0.0,0.0,0.0,0.0,0.0,0.0,0.0,-2.004,-0.0,-0.0,-2.004,0.0,0.0,0.0,0.0,6324.0,-1.0406704564111331e+34,6943.0,0.0,0.0,2.7184303811560617e+23,0.0,0.0,0.0,0.0,0.0,69,0.0,2.718426958420345e+23,0.0,0.0,0.0,0.0,0.0,0.0,0.0,0,0,0,0.0,0.0,0.0,0.0,0.0,0.0,0.0,0.0,0.0,0.0,0.0,0.0,0.0,0.0,0.0,0.0,0,-107875648.0,69,0.0,138,0.0,0.0,0,13107,17040,13107,17049,13107,17043,0,0,0,70,68,100,2.7302359370752657e+23,71.1,0.0,74.2,2.7302370179391762e+23,74.0,1,49,50,180,13107,52429,0,0,0.0,0.0,0.0,0.0,-0.0,67.0,0.0,162057.094,0.0,751,0,739,0,0,0,721,0,766,0,736,0,742,0,741,0,712,0,7520,0.032,78920024064.0,0.0,0.0,784,16797,-0.0,162057.094,-114818.039,-0.0,0.133,6.909358625270745e+28,30.0,65.0,35,0.0,0.0,0.0,0.0,0.0,0.0,0.0,0.0,0.0,0.0,0.0,0.0,0.0,0.0,0.0,0.0,69.6,0,150,71,55,65476,0,300,0,1,8,20529,65476,0,0,40632,65.0,0.0,0.0,0.0,0.0,0.0
2026-09-04T20:28:05,ERR,ERR,ERR,ERR,ERR,ERR,ERR,ERR,ERR,ERR,ERR,ERR,ERR,ERR,ERR,ERR,ERR,ERR,ERR,ERR,ERR,ERR,ERR,ERR,ERR,ERR,ERR,ERR,ERR,ERR,ERR,ERR,ERR,ERR,ERR,ERR,ERR,ERR,ERR,ERR,ERR,ERR,ERR,ERR,ERR,ERR,ERR,ERR,ERR,ERR,ERR,ERR,ERR,ERR,ERR,ERR,ERR,ERR,ERR,ERR,ERR,ERR,ERR,ERR,ERR,ERR,ERR,ERR,ERR,ERR,ERR,ERR,ERR,ERR,ERR,ERR,ERR,ERR,ERR,ERR,ERR,ERR,ERR,ERR,ERR,ERR,ERR,ERR,ERR,ERR,ERR,ERR,ERR,ERR,ERR,ERR,ERR,ERR,ERR,ERR,ERR,ERR,ERR,ERR,ERR,ERR,ERR,ERR,ERR,ERR,ERR,ERR,ERR,ERR,ERR,ERR,ERR,ERR,ERR,ERR,ERR,ERR,ERR,ERR,ERR,0.0,2.7184312818759872e+23,-100793952.0,0.0,0.0,1.3936040501711995e+18,7.805,0.0,0,0,4,0,7116,0.0,100,0.0,0.0,0.0,0.0,0.0,0,0,0,0,0.0,0,0,0,0,0,0,0,0,0,0,0,0,0,0,0,0,0,0,0,0,0,0,0,0,0,0,0,0,0,0,0,0,0,31,40,40,71,65476,0,300,0,0,8,21553,0.0,-107605600.0,0.0,0.0,0.0,0.0,0.0,0.0,0.0,0.0,0.0,0.0,0.0,0.0,0.0,0.0,0.0,0.0,0.0,0.0,0.0,0.0,-2.004,-0.0,-0.0,-2.004,0.0,0.0,0.0,0.0,6324.0,-1.0406704564111331e+34,6943.0,0.0,0.0,2.7184303811560617e+23,0.0,0.0,0.0,0.0,0.0,69,0.0,2.718426958420345e+23,0.0,0.0,0.0,0.0,0.0,0.0,0.0,0,0,0,0.0,0.0,0.0,0.0,0.0,0.0,0.0,0.0,0.0,0.0,0.0,0.0,0.0,0.0,0.0,0.0,0,-107875648.0,69,0.0,138,0.0,0.0,0,13107,17040,13107,17049,13107,17043,0,0,0,70,68,100,2.7302359370752657e+23,71.1,0.0,74.2,2.7302370179391762e+23,74.0,1,49,50,180,13107,52429,0,0,0.0,0.0,0.0,0.0,-0.0,67.0,0.0,162057.094,0.0,751,0,739,0,0,0,721,0,766,0,736,0,742,0,742,0,712,0,7520,0.032,79456894976.0,0.0,0.0,784,16797,-0.0,162057.094,-114818.039,-0.0,0.133,6.909358625270745e+28,30.0,65.0,35,0.0,0.0,0.0,0.0,0.0,0.0,0.0,0.0,0.0,0.0,0.0,0.0,0.0,0.0,0.0,0.0,69.6,0,150,71,55,65476,0,300,0,1,8,20529,65476,0,0,40632,65.0,0.0,0.0,0.0,0.0,0.0
2026-09-04T20:28:06,ERR,ERR,ERR,ERR,ERR,ERR,ERR,ERR,ERR,ERR,ERR,ERR,ERR,ERR,ERR,ERR,ERR,ERR,ERR,ERR,ERR,ERR,ERR,ERR,ERR,ERR,ERR,ERR,ERR,ERR,ERR,ERR,ERR,ERR,ERR,ERR,ERR,ERR,ERR,ERR,ERR,ERR,ERR,ERR,ERR,ERR,ERR,ERR,ERR,ERR,ERR,ERR,ERR,ERR,ERR,ERR,ERR,ERR,ERR,ERR,ERR,ERR,ERR,ERR,ERR,ERR,ERR,ERR,ERR,ERR,ERR,ERR,ERR,ERR,ERR,ERR,ERR,ERR,ERR,ERR,ERR,ERR,ERR,ERR,ERR,ERR,ERR,ERR,ERR,ERR,ERR,ERR,ERR,ERR,ERR,ERR,ERR,ERR,ERR,ERR,ERR,ERR,ERR,ERR,ERR,ERR,ERR,ERR,ERR,ERR,ERR,ERR,ERR,ERR,ERR,ERR,ERR,ERR,ERR,ERR,ERR,ERR,ERR,ERR,ERR,0.0,2.7184312818759872e+23,-100793952.0,0.0,0.0,1.3936040501711995e+18,7.805,0.0,0,0,4,0,7116,0.0,100,0.0,0.0,0.0,0.0,0.0,0,0,0,0,0.0,0,0,0,0,0,0,0,0,0,0,0,0,0,0,0,0,0,0,0,0,0,0,0,0,0,0,0,0,0,0,0,0,0,31,40,40,71,65476,0,300,0,0,8,21553,0.0,-107605600.0,0.0,0.0,0.0,0.0,0.0,0.0,0.0,0.0,0.0,0.0,0.0,0.0,0.0,0.0,0.0,0.0,0.0,0.0,0.0,0.0,-2.004,-0.0,-0.0,-2.004,0.0,0.0,0.0,0.0,6324.0,-1.0406704564111331e+34,6943.0,0.0,0.0,2.7184303811560617e+23,0.0,0.0,0.0,0.0,0.0,69,0.0,2.718426958420345e+23,0.0,0.0,0.0,0.0,0.0,0.0,0.0,0,0,0,0.0,0.0,0.0,0.0,0.0,0.0,0.0,0.0,0.0,0.0,0.0,0.0,0.0,0.0,0.0,0.0,0,-107875648.0,69,0.0,138,0.0,0.0,0,13107,17040,13107,17049,13107,17043,0,0,0,70,68,100,2.7302359370752657e+23,71.1,0.0,74.2,2.7302370179391762e+23,74.0,1,49,50,180,13107,52429,0,0,0.0,0.0,0.0,0.0,-0.0,67.0,0.0,162057.094,0.0,751,0,739,0,0,0,721,0,766,0,736,0,742,0,742,0,712,0,7520,0.032,79456894976.0,0.0,0.0,784,16797,-0.0,162057.094,-114818.039,-0.0,0.133,6.909358625270745e+28,30.0,65.0,35,0.0,0.0,0.0,0.0,0.0,0.0,0.0,0.0,0.0,0.0,0.0,0.0,0.0,0.0,0.0,0.0,69.2,0,150,71,55,65476,0,300,0,1,8,20529,65476,0,0,40632,65.0,0.0,0.0,0.0,0.0,0.0
2026-09-04T20:28:07,ERR,ERR,ERR,ERR,ERR,ERR,ERR,ERR,ERR,ERR,ERR,ERR,ERR,ERR,ERR,ERR,ERR,ERR,ERR,ERR,ERR,ERR,ERR,ERR,ERR,ERR,ERR,ERR,ERR,ERR,ERR,ERR,ERR,ERR,ERR,ERR,ERR,ERR,ERR,ERR,ERR,ERR,ERR,ERR,ERR,ERR,ERR,ERR,ERR,ERR,ERR,ERR,ERR,ERR,ERR,ERR,ERR,ERR,ERR,ERR,ERR,ERR,ERR,ERR,ERR,ERR,ERR,ERR,ERR,ERR,ERR,ERR,ERR,ERR,ERR,ERR,ERR,ERR,ERR,ERR,ERR,ERR,ERR,ERR,ERR,ERR,ERR,ERR,ERR,ERR,ERR,ERR,ERR,ERR,ERR,ERR,ERR,ERR,ERR,ERR,ERR,ERR,ERR,ERR,ERR,ERR,ERR,ERR,ERR,ERR,ERR,ERR,ERR,ERR,ERR,ERR,ERR,ERR,ERR,ERR,ERR,ERR,ERR,ERR,ERR,0.0,2.7184312818759872e+23,-100793952.0,0.0,0.0,1.3936040501711995e+18,7.805,0.0,0,0,4,0,7116,0.0,100,0.0,0.0,0.0,0.0,0.0,0,0,0,0,0.0,0,0,0,0,0,0,0,0,0,0,0,0,0,0,0,0,0,0,0,0,0,0,0,0,0,0,0,0,0,0,0,0,0,31,40,40,71,65476,0,300,0,0,8,21553,0.0,-107605600.0,0.0,0.0,0.0,0.0,0.0,0.0,0.0,0.0,0.0,0.0,0.0,0.0,0.0,0.0,0.0,0.0,0.0,0.0,0.0,0.0,-2.004,-0.0,-0.0,-2.004,0.0,0.0,0.0,0.0,6324.0,-1.0406704564111331e+34,6943.0,0.0,0.0,2.7184303811560617e+23,0.0,0.0,0.0,0.0,0.0,69,0.0,2.718426958420345e+23,0.0,0.0,0.0,0.0,0.0,0.0,0.0,0,0,0,0.0,0.0,0.0,0.0,0.0,0.0,0.0,0.0,0.0,0.0,0.0,0.0,0.0,0.0,0.0,0.0,0,-107875648.0,69,0.0,138,0.0,0.0,0,13107,17040,13107,17049,13107,17043,0,0,0,70,68,100,2.7302359370752657e+23,71.1,0.0,74.2,2.7302370179391762e+23,74.0,1,49,50,180,13107,52429,0,0,0.0,0.0,0.0,0.0,-0.0,67.0,0.0,162057.094,0.0,751,0,739,0,0,0,721,0,766,0,736,0,742,0,742,0,712,0,7520,0.032,79456894976.0,0.0,0.0,784,16797,-0.0,162057.094,-114818.039,-0.0,0.133,6.909358625270745e+28,30.0,65.0,35,0.0,0.0,0.0,0.0,0.0,0.0,0.0,0.0,0.0,0.0,0.0,0.0,0.0,0.0,0.0,0.0,69.2,0,150,71,55,65476,0,300,0,1,8,20529,65476,0,0,40632,65.0,0.0,0.0,0.0,0.0,0.0
2026-09-04T20:28:08,ERR,ERR,ERR,ERR,ERR,ERR,ERR,ERR,ERR,ERR,ERR,ERR,ERR,ERR,ERR,ERR,ERR,ERR,ERR,ERR,ERR,ERR,ERR,ERR,ERR,ERR,ERR,ERR,ERR,ERR,ERR,ERR,ERR,ERR,ERR,ERR,ERR,ERR,ERR,ERR,ERR,ERR,ERR,ERR,ERR,ERR,ERR,ERR,ERR,ERR,ERR,ERR,ERR,ERR,ERR,ERR,ERR,ERR,ERR,ERR,ERR,ERR,ERR,ERR,ERR,ERR,ERR,ERR,ERR,ERR,ERR,ERR,ERR,ERR,ERR,ERR,ERR,ERR,ERR,ERR,ERR,ERR,ERR,ERR,ERR,ERR,ERR,ERR,ERR,ERR,ERR,ERR,ERR,ERR,ERR,ERR,ERR,ERR,ERR,ERR,ERR,ERR,ERR,ERR,ERR,ERR,ERR,ERR,ERR,ERR,ERR,ERR,ERR,ERR,ERR,ERR,ERR,ERR,ERR,ERR,ERR,ERR,ERR,ERR,ERR,0.0,2.7184312818759872e+23,-100793952.0,0.0,0.0,1.3936040501711995e+18,7.805,0.0,0,0,4,0,7116,0.0,100,0.0,0.0,0.0,0.0,0.0,0,0,0,0,0.0,0,0,0,0,0,0,0,0,0,0,0,0,0,0,0,0,0,0,0,0,0,0,0,0,0,0,0,0,0,0,0,0,0,31,40,40,71,65476,0,300,0,0,8,21553,0.0,-107605600.0,0.0,0.0,0.0,0.0,0.0,0.0,0.0,0.0,0.0,0.0,0.0,0.0,0.0,0.0,0.0,0.0,0.0,0.0,0.0,0.0,-2.004,-0.0,-0.0,-2.004,0.0,0.0,0.0,0.0,6324.0,-1.0406704564111331e+34,6943.0,0.0,0.0,2.7184303811560617e+23,0.0,0.0,0.0,0.0,0.0,69,0.0,2.718426958420345e+23,0.0,0.0,0.0,0.0,0.0,0.0,0.0,0,0,0,0.0,0.0,0.0,0.0,0.0,0.0,0.0,0.0,0.0,0.0,0.0,0.0,0.0,0.0,0.0,0.0,0,-107875648.0,69,0.0,138,0.0,0.0,0,13107,17040,13107,17049,13107,17043,0,0,0,70,68,100,2.7302359370752657e+23,71.1,0.0,74.2,2.7302370179391762e+23,74.0,1,49,50,180,13107,52429,0,0,0.0,0.0,0.0,0.0,-0.0,67.0,0.0,162057.094,0.0,751,0,739,0,0,0,721,0,766,0,736,0,742,0,742,0,712,0,7520,0.032,79456894976.0,0.0,0.0,784,16797,-0.0,162057.094,-114818.039,-0.0,0.133,6.909358625270745e+28,30.0,65.0,35,0.0,0.0,0.0,0.0,0.0,0.0,0.0,0.0,0.0,0.0,0.0,0.0,0.0,0.0,0.0,0.0,69.2,0,150,71,55,65476,0,300,0,1,8,20529,65476,0,0,40632,65.0,0.0,0.0,0.0,0.0,0.0
2026-09-04T20:28:09,ERR,ERR,ERR,ERR,ERR,ERR,ERR,ERR,ERR,ERR,ERR,ERR,ERR,ERR,ERR,ERR,ERR,ERR,ERR,ERR,ERR,ERR,ERR,ERR,ERR,ERR,ERR,ERR,ERR,ERR,ERR,ERR,ERR,ERR,ERR,ERR,ERR,ERR,ERR,ERR,ERR,ERR,ERR,ERR,ERR,ERR,ERR,ERR,ERR,ERR,ERR,ERR,ERR,ERR,ERR,ERR,ERR,ERR,ERR,ERR,ERR,ERR,ERR,ERR,ERR,ERR,ERR,ERR,ERR,ERR,ERR,ERR,ERR,ERR,ERR,ERR,ERR,ERR,ERR,ERR,ERR,ERR,ERR,ERR,ERR,ERR,ERR,ERR,ERR,ERR,ERR,ERR,ERR,ERR,ERR,ERR,ERR,ERR,ERR,ERR,ERR,ERR,ERR,ERR,ERR,ERR,ERR,ERR,ERR,ERR,ERR,ERR,ERR,ERR,ERR,ERR,ERR,ERR,ERR,ERR,ERR,ERR,ERR,ERR,ERR,0.0,0.0,0.0,0.0,0.0,1.3936040501711995e+18,7.805,0.0,0,0,4,0,7116,0.0,100,0.0,0.0,0.0,0.0,0.0,0,0,0,0,0.0,0,0,0,0,0,0,0,0,0,0,0,0,0,0,0,0,0,0,0,0,0,0,0,0,0,0,0,0,0,0,0,0,0,31,40,40,71,65476,0,300,0,0,8,21553,0.0,-107605600.0,0.0,0.0,0.0,0.0,0.0,0.0,0.0,0.0,0.0,0.0,0.0,0.0,0.0,0.0,0.0,0.0,0.0,0.0,0.0,0.0,-2.004,-0.0,-0.0,-2.004,0.0,0.0,0.0,0.0,6327.0,-0.0,6931.0,0.0,0.0,2.7184303811560617e+23,0.0,0.0,0.0,0.0,0.0,69,0.0,-3.222021951857604e+26,0.0,0.0,0.0,0.0,0.0,0.0,0.0,0,0,0,0.0,0.0,0.0,0.0,0.0,0.0,0.0,0.0,0.0,0.0,0.0,0.0,0.0,0.0,0.0,0.0,0,-107875648.0,69,0.0,138,0.0,0.0,0,13107,17040,13107,17049,13107,17043,0,0,0,70,68,100,2.7302359370752657e+23,71.1,0.0,74.2,2.7302370179391762e+23,74.0,1,49,50,180,13107,52429,0,0,0.0,0.0,0.0,0.0,-0.0,67.0,0.0,162057.094,0.0,751,0,739,0,0,0,721,0,766,0,736,0,742,0,742,0,712,0,7520,0.032,79456894976.0,0.0,0.0,784,16797,-0.0,162057.094,-114818.039,-0.0,0.133,6.909358625270745e+28,30.0,65.0,35,0.0,0.0,0.0,0.0,0.0,0.0,0.0,0.0,0.0,0.0,0.0,0.0,0.0,0.0,0.0,0.0,69.6,0,150,71,55,65476,0,300,0,1,8,20529,65476,0,0,40632,65.0,0.0,0.0,0.0,0.0,0.0
2026-09-04T20:28:10,ERR,ERR,ERR,ERR,ERR,ERR,ERR,ERR,ERR,ERR,ERR,ERR,ERR,ERR,ERR,ERR,ERR,ERR,ERR,ERR,ERR,ERR,ERR,ERR,ERR,ERR,ERR,ERR,ERR,ERR,ERR,ERR,ERR,ERR,ERR,ERR,ERR,ERR,ERR,ERR,ERR,ERR,ERR,ERR,ERR,ERR,ERR,ERR,ERR,ERR,ERR,ERR,ERR,ERR,ERR,ERR,ERR,ERR,ERR,ERR,ERR,ERR,ERR,ERR,ERR,ERR,ERR,ERR,ERR,ERR,ERR,ERR,ERR,ERR,ERR,ERR,ERR,ERR,ERR,ERR,ERR,ERR,ERR,ERR,ERR,ERR,ERR,ERR,ERR,ERR,ERR,ERR,ERR,ERR,ERR,ERR,ERR,ERR,ERR,ERR,ERR,ERR,ERR,ERR,ERR,ERR,ERR,ERR,ERR,ERR,ERR,ERR,ERR,ERR,ERR,ERR,ERR,ERR,ERR,ERR,ERR,ERR,ERR,ERR,ERR,0.0,0.0,0.0,0.0,0.0,1.3936040501711995e+18,7.805,0.0,0,0,4,0,7116,0.0,100,0.0,0.0,0.0,0.0,0.0,0,0,0,0,0.0,0,0,0,0,0,0,0,0,0,0,0,0,0,0,0,0,0,0,0,0,0,0,0,0,0,0,0,0,0,0,0,0,0,31,40,40,71,65476,0,300,0,0,8,21553,0.0,-107605600.0,0.0,0.0,0.0,0.0,0.0,0.0,0.0,0.0,0.0,0.0,0.0,0.0,0.0,0.0,0.0,0.0,0.0,0.0,0.0,0.0,-2.004,-0.0,-0.0,-2.004,0.0,0.0,0.0,0.0,6327.0,-0.0,6931.0,0.0,0.0,2.7184303811560617e+23,0.0,0.0,0.0,0.0,0.0,69,0.0,-3.222021951857604e+26,0.0,0.0,0.0,0.0,0.0,0.0,0.0,0,0,0,0.0,0.0,0.0,0.0,0.0,0.0,0.0,0.0,0.0,0.0,0.0,0.0,0.0,0.0,0.0,0.0,0,-107875648.0,69,0.0,138,0.0,0.0,0,13107,17040,13107,17049,13107,17043,0,0,0,70,68,100,2.7302359370752657e+23,71.1,0.0,74.2,2.7302370179391762e+23,74.0,1,49,50,180,13107,52429,0,0,0.0,0.0,0.0,0.0,-0.0,67.0,0.0,162057.094,0.0,751,0,739,0,0,0,721,0,766,0,736,0,742,0,741,0,712,0,7520,0.032,79456894976.0,0.0,0.0,784,16797,-0.0,162057.094,-114818.039,-0.0,0.133,6.909358625270745e+28,30.0,65.0,35,0.0,0.0,0.0,0.0,0.0,0.0,0.0,0.0,0.0,0.0,0.0,0.0,0.0,0.0,0.0,0.0,69.6,0,150,71,55,65476,0,300,0,1,8,20529,65476,0,0,40632,65.0,0.0,0.0,0.0,0.0,0.0
2026-09-04T20:28:11,ERR,ERR,ERR,ERR,ERR,ERR,ERR,ERR,ERR,ERR,ERR,ERR,ERR,ERR,ERR,ERR,ERR,ERR,ERR,ERR,ERR,ERR,ERR,ERR,ERR,ERR,ERR,ERR,ERR,ERR,ERR,ERR,ERR,ERR,ERR,ERR,ERR,ERR,ERR,ERR,ERR,ERR,ERR,ERR,ERR,ERR,ERR,ERR,ERR,ERR,ERR,ERR,ERR,ERR,ERR,ERR,ERR,ERR,ERR,ERR,ERR,ERR,ERR,ERR,ERR,ERR,ERR,ERR,ERR,ERR,ERR,ERR,ERR,ERR,ERR,ERR,ERR,ERR,ERR,ERR,ERR,ERR,ERR,ERR,ERR,ERR,ERR,ERR,ERR,ERR,ERR,ERR,ERR,ERR,ERR,ERR,ERR,ERR,ERR,ERR,ERR,ERR,ERR,ERR,ERR,ERR,ERR,ERR,ERR,ERR,ERR,ERR,ERR,ERR,ERR,ERR,ERR,ERR,ERR,ERR,ERR,ERR,ERR,ERR,ERR,0.0,0.0,0.0,0.0,0.0,1.3936040501711995e+18,7.805,0.0,0,0,4,0,7116,0.0,100,0.0,0.0,0.0,0.0,0.0,0,0,0,0,0.0,0,0,0,0,0,0,0,0,0,0,0,0,0,0,0,0,0,0,0,0,0,0,0,0,0,0,0,0,0,0,0,0,0,31,40,40,71,65476,0,300,0,0,8,21553,0.0,-107605600.0,0.0,0.0,0.0,0.0,0.0,0.0,0.0,0.0,0.0,0.0,0.0,0.0,0.0,0.0,0.0,0.0,0.0,0.0,0.0,0.0,-2.004,-0.0,-0.0,-2.004,0.0,0.0,0.0,0.0,6327.0,-0.0,6931.0,0.0,0.0,2.7184303811560617e+23,0.0,0.0,0.0,0.0,0.0,69,0.0,-3.222021951857604e+26,0.0,0.0,0.0,0.0,0.0,0.0,0.0,0,0,0,0.0,0.0,0.0,0.0,0.0,0.0,0.0,0.0,0.0,0.0,0.0,0.0,0.0,0.0,0.0,0.0,0,-107875648.0,69,0.0,138,0.0,0.0,0,13107,17040,13107,17049,13107,17043,0,0,0,70,68,100,2.7302359370752657e+23,71.1,0.0,74.2,2.7302370179391762e+23,74.0,1,49,50,180,13107,52429,0,0,0.0,0.0,0.0,0.0,-0.0,67.0,0.0,162057.094,0.0,751,0,739,0,0,0,721,0,766,0,736,0,742,0,741,0,712,0,7520,0.032,79456894976.0,0.0,0.0,784,16797,-0.0,162057.094,-114818.039,-0.0,0.133,6.909358625270745e+28,30.0,65.0,35,0.0,0.0,0.0,0.0,0.0,0.0,0.0,0.0,0.0,0.0,0.0,0.0,0.0,0.0,0.0,0.0,69.2,0,150,71,55,65476,0,300,0,1,8,20529,65476,0,0,40632,65.0,0.0,0.0,0.0,0.0,0.0
2026-09-04T20:28:12,ERR,ERR,ERR,ERR,ERR,ERR,ERR,ERR,ERR,ERR,ERR,ERR,ERR,ERR,ERR,ERR,ERR,ERR,ERR,ERR,ERR,ERR,ERR,ERR,ERR,ERR,ERR,ERR,ERR,ERR,ERR,ERR,ERR,ERR,ERR,ERR,ERR,ERR,ERR,ERR,ERR,ERR,ERR,ERR,ERR,ERR,ERR,ERR,ERR,ERR,ERR,ERR,ERR,ERR,ERR,ERR,ERR,ERR,ERR,ERR,ERR,ERR,ERR,ERR,ERR,ERR,ERR,ERR,ERR,ERR,ERR,ERR,ERR,ERR,ERR,ERR,ERR,ERR,ERR,ERR,ERR,ERR,ERR,ERR,ERR,ERR,ERR,ERR,ERR,ERR,ERR,ERR,ERR,ERR,ERR,ERR,ERR,ERR,ERR,ERR,ERR,ERR,ERR,ERR,ERR,ERR,ERR,ERR,ERR,ERR,ERR,ERR,ERR,ERR,ERR,ERR,ERR,ERR,ERR,ERR,ERR,ERR,ERR,ERR,ERR,0.0,0.0,0.0,0.0,0.0,1.3936040501711995e+18,7.805,0.0,0,0,4,0,7116,0.0,100,0.0,0.0,0.0,0.0,0.0,0,0,0,0,0.0,0,0,0,0,0,0,0,0,0,0,0,0,0,0,0,0,0,0,0,0,0,0,0,0,0,0,0,0,0,0,0,0,0,31,40,40,71,65476,0,300,0,0,8,21553,0.0,-107605600.0,0.0,0.0,0.0,0.0,0.0,0.0,0.0,0.0,0.0,0.0,0.0,0.0,0.0,0.0,0.0,0.0,0.0,0.0,0.0,0.0,-2.004,-0.0,-0.0,-2.004,0.0,0.0,0.0,0.0,6327.0,-0.0,6931.0,0.0,0.0,2.7184303811560617e+23,0.0,0.0,0.0,0.0,0.0,69,0.0,-3.222021951857604e+26,0.0,0.0,0.0,0.0,0.0,0.0,0.0,0,0,0,0.0,0.0,0.0,0.0,0.0,0.0,0.0,0.0,0.0,0.0,0.0,0.0,0.0,0.0,0.0,0.0,0,-107875648.0,69,0.0,138,0.0,0.0,0,13107,17040,13107,17049,13107,17043,0,0,0,70,68,100,2.7302359370752657e+23,71.1,0.0,74.2,2.7302370179391762e+23,74.0,1,49,50,180,13107,52429,0,0,0.0,0.0,0.0,0.0,-0.0,67.0,0.0,162057.094,0.0,751,0,739,0,0,0,721,0,766,0,736,0,742,0,741,0,712,0,7520,0.032,79456894976.0,0.0,0.0,784,16797,-0.0,162057.094,-114818.039,-0.0,0.133,6.909358625270745e+28,30.0,65.0,35,0.0,0.0,0.0,0.0,0.0,0.0,0.0,0.0,0.0,0.0,0.0,0.0,0.0,0.0,0.0,0.0,69.2,0,150,71,55,65476,0,300,0,1,8,20529,65476,0,0,40632,65.0,0.0,0.0,0.0,0.0,0.0
2026-09-04T20:28:13,ERR,ERR,ERR,ERR,ERR,ERR,ERR,ERR,ERR,ERR,ERR,ERR,ERR,ERR,ERR,ERR,ERR,ERR,ERR,ERR,ERR,ERR,ERR,ERR,ERR,ERR,ERR,ERR,ERR,ERR,ERR,ERR,ERR,ERR,ERR,ERR,ERR,ERR,ERR,ERR,ERR,ERR,ERR,ERR,ERR,ERR,ERR,ERR,ERR,ERR,ERR,ERR,ERR,ERR,ERR,ERR,ERR,ERR,ERR,ERR,ERR,ERR,ERR,ERR,ERR,ERR,ERR,ERR,ERR,ERR,ERR,ERR,ERR,ERR,ERR,ERR,ERR,ERR,ERR,ERR,ERR,ERR,ERR,ERR,ERR,ERR,ERR,ERR,ERR,ERR,ERR,ERR,ERR,ERR,ERR,ERR,ERR,ERR,ERR,ERR,ERR,ERR,ERR,ERR,ERR,ERR,ERR,ERR,ERR,ERR,ERR,ERR,ERR,ERR,ERR,ERR,ERR,ERR,ERR,ERR,ERR,ERR,ERR,ERR,ERR,0.0,0.0,0.0,0.0,0.0,1.3936040501711995e+18,7.805,0.0,0,0,4,0,7116,0.0,100,0.0,0.0,0.0,0.0,0.0,0,0,0,0,0.0,0,0,0,0,0,0,0,0,0,0,0,0,0,0,0,0,0,0,0,0,0,0,0,0,0,0,0,0,0,0,0,0,0,31,40,40,71,65476,0,300,0,0,8,21553,0.0,-107605600.0,0.0,0.0,0.0,0.0,0.0,0.0,0.0,0.0,0.0,0.0,0.0,0.0,0.0,0.0,0.0,0.0,0.0,0.0,0.0,0.0,-2.004,-0.0,-0.0,-2.004,0.0,0.0,0.0,0.0,6327.0,-0.0,6931.0,0.0,0.0,2.7184303811560617e+23,0.0,0.0,0.0,0.0,0.0,69,0.0,-3.222021951857604e+26,0.0,0.0,0.0,0.0,0.0,0.0,0.0,0,0,0,0.0,0.0,0.0,0.0,0.0,0.0,0.0,0.0,0.0,0.0,0.0,0.0,0.0,0.0,0.0,0.0,0,-107875648.0,69,0.0,138,0.0,0.0,0,13107,17040,13107,17049,13107,17043,0,0,0,70,68,100,2.7302359370752657e+23,71.1,0.0,74.2,2.7302370179391762e+23,74.0,1,49,50,180,13107,52429,0,0,0.0,0.0,0.0,0.0,-0.0,67.0,0.0,162057.094,0.0,751,0,739,0,0,0,721,0,766,0,736,0,742,0,741,0,712,0,7520,0.032,79456894976.0,0.0,0.0,784,16797,-0.0,162057.094,-114818.039,-0.0,0.133,6.909358625270745e+28,30.0,65.0,35,0.0,0.0,0.0,0.0,0.0,0.0,0.0,0.0,0.0,0.0,0.0,0.0,0.0,0.0,0.0,0.0,69.2,0,150,71,55,65476,0,300,0,1,8,20529,65476,0,0,40632,65.0,0.0,0.0,0.0,0.0,0.0
2026-09-04T20:28:14,ERR,ERR,ERR,ERR,ERR,ERR,ERR,ERR,ERR,ERR,ERR,ERR,ERR,ERR,ERR,ERR,ERR,ERR,ERR,ERR,ERR,ERR,ERR,ERR,ERR,ERR,ERR,ERR,ERR,ERR,ERR,ERR,ERR,ERR,ERR,ERR,ERR,ERR,ERR,ERR,ERR,ERR,ERR,ERR,ERR,ERR,ERR,ERR,ERR,ERR,ERR,ERR,ERR,ERR,ERR,ERR,ERR,ERR,ERR,ERR,ERR,ERR,ERR,ERR,ERR,ERR,ERR,ERR,ERR,ERR,ERR,ERR,ERR,ERR,ERR,ERR,ERR,ERR,ERR,ERR,ERR,ERR,ERR,ERR,ERR,ERR,ERR,ERR,ERR,ERR,ERR,ERR,ERR,ERR,ERR,ERR,ERR,ERR,ERR,ERR,ERR,ERR,ERR,ERR,ERR,ERR,ERR,ERR,ERR,ERR,ERR,ERR,ERR,ERR,ERR,ERR,ERR,ERR,ERR,ERR,ERR,ERR,ERR,ERR,ERR,0.0,0.0,0.0,0.0,0.0,1.3936040501711995e+18,7.805,0.0,0,0,4,0,7116,0.0,100,0.0,0.0,0.0,0.0,0.0,0,0,0,0,0.0,0,0,0,0,0,0,0,0,0,0,0,0,0,0,0,0,0,0,0,0,0,0,0,0,0,0,0,0,0,0,0,0,0,31,40,40,71,65476,0,300,0,0,8,21553,0.0,-107605600.0,0.0,0.0,0.0,0.0,0.0,0.0,0.0,0.0,0.0,0.0,0.0,0.0,0.0,0.0,0.0,0.0,0.0,0.0,0.0,0.0,-2.004,-0.0,-0.0,-2.004,0.0,0.0,0.0,0.0,6327.0,-0.0,6931.0,0.0,0.0,2.7184303811560617e+23,0.0,0.0,0.0,0.0,0.0,69,0.0,-3.222021951857604e+26,0.0,0.0,0.0,0.0,0.0,0.0,0.0,0,0,0,0.0,0.0,0.0,0.0,0.0,0.0,0.0,0.0,0.0,0.0,0.0,0.0,0.0,0.0,0.0,0.0,0,-107875648.0,69,0.0,138,0.0,0.0,0,13107,17040,13107,17049,13107,17043,0,0,0,70,68,100,2.7302359370752657e+23,71.1,0.0,74.2,2.7302370179391762e+23,74.0,1,49,50,180,13107,52429,0,0,0.0,0.0,0.0,0.0,-0.0,67.0,0.0,162057.094,0.0,751,0,739,0,0,0,721,0,766,0,736,0,742,0,741,0,712,0,7520,0.032,79456894976.0,0.0,0.0,784,16797,-0.0,162057.094,-114818.039,-0.0,0.133,6.909358625270745e+28,30.0,65.0,35,0.0,0.0,0.0,0.0,0.0,0.0,0.0,0.0,0.0,0.0,0.0,0.0,0.0,0.0,0.0,0.0,69.2,0,150,71,55,65476,0,300,0,1,8,20529,65476,0,0,40632,65.0,0.0,0.0,0.0,0.0,0.0
2026-09-04T20:28:15,ERR,ERR,ERR,ERR,ERR,ERR,ERR,ERR,ERR,ERR,ERR,ERR,ERR,ERR,ERR,ERR,ERR,ERR,ERR,ERR,ERR,ERR,ERR,ERR,ERR,ERR,ERR,ERR,ERR,ERR,ERR,ERR,ERR,ERR,ERR,ERR,ERR,ERR,ERR,ERR,ERR,ERR,ERR,ERR,ERR,ERR,ERR,ERR,ERR,ERR,ERR,ERR,ERR,ERR,ERR,ERR,ERR,ERR,ERR,ERR,ERR,ERR,ERR,ERR,ERR,ERR,ERR,ERR,ERR,ERR,ERR,ERR,ERR,ERR,ERR,ERR,ERR,ERR,ERR,ERR,ERR,ERR,ERR,ERR,ERR,ERR,ERR,ERR,ERR,ERR,ERR,ERR,ERR,ERR,ERR,ERR,ERR,ERR,ERR,ERR,ERR,ERR,ERR,ERR,ERR,ERR,ERR,ERR,ERR,ERR,ERR,ERR,ERR,ERR,ERR,ERR,ERR,ERR,ERR,ERR,ERR,ERR,ERR,ERR,ERR,0.0,0.0,0.0,0.0,0.0,1.3936040501711995e+18,7.805,0.0,0,0,4,0,7116,0.0,100,0.0,0.0,0.0,0.0,0.0,0,0,0,0,0.0,0,0,0,0,0,0,0,0,0,0,0,0,0,0,0,0,0,0,0,0,0,0,0,0,0,0,0,0,0,0,0,0,0,31,40,40,71,65476,0,300,0,0,8,21553,0.0,-107605600.0,0.0,0.0,0.0,0.0,0.0,0.0,0.0,0.0,0.0,0.0,0.0,0.0,0.0,0.0,0.0,0.0,0.0,0.0,0.0,0.0,-2.004,-0.0,-0.0,-2.004,0.0,0.0,0.0,0.0,6327.0,-0.0,6931.0,0.0,0.0,2.7184303811560617e+23,0.0,0.0,0.0,0.0,0.0,69,0.0,-3.222021951857604e+26,0.0,0.0,0.0,0.0,0.0,0.0,0.0,0,0,0,0.0,0.0,0.0,0.0,0.0,0.0,0.0,0.0,0.0,0.0,0.0,0.0,0.0,0.0,0.0,0.0,0,-107875648.0,69,0.0,138,0.0,0.0,0,13107,17040,13107,17049,13107,17043,0,0,0,70,68,100,2.7302359370752657e+23,71.1,0.0,74.2,2.7302370179391762e+23,74.0,1,49,50,180,13107,52429,0,0,0.0,0.0,0.0,0.0,-0.0,67.0,0.0,162057.094,0.0,751,0,739,0,0,0,721,0,766,0,736,0,742,0,741,0,712,0,7520,0.032,79456894976.0,0.0,0.0,784,16797,-0.0,162057.094,-114818.039,-0.0,0.133,6.909358625270745e+28,30.0,65.0,35,0.0,0.0,0.0,0.0,0.0,0.0,0.0,0.0,0.0,0.0,0.0,0.0,0.0,0.0,0.0,0.0,69.2,0,150,71,55,65476,0,300,0,1,8,20529,65476,0,0,40632,65.0,0.0,0.0,0.0,0.0,0.0
2026-09-04T20:28:16,ERR,ERR,ERR,ERR,ERR,ERR,ERR,ERR,ERR,ERR,ERR,ERR,ERR,ERR,ERR,ERR,ERR,ERR,ERR,ERR,ERR,ERR,ERR,ERR,ERR,ERR,ERR,ERR,ERR,ERR,ERR,ERR,ERR,ERR,ERR,ERR,ERR,ERR,ERR,ERR,ERR,ERR,ERR,ERR,ERR,ERR,ERR,ERR,ERR,ERR,ERR,ERR,ERR,ERR,ERR,ERR,ERR,ERR,ERR,ERR,ERR,ERR,ERR,ERR,ERR,ERR,ERR,ERR,ERR,ERR,ERR,ERR,ERR,ERR,ERR,ERR,ERR,ERR,ERR,ERR,ERR,ERR,ERR,ERR,ERR,ERR,ERR,ERR,ERR,ERR,ERR,ERR,ERR,ERR,ERR,ERR,ERR,ERR,ERR,ERR,ERR,ERR,ERR,ERR,ERR,ERR,ERR,ERR,ERR,ERR,ERR,ERR,ERR,ERR,ERR,ERR,ERR,ERR,ERR,ERR,ERR,ERR,ERR,ERR,ERR,0.0,0.0,0.0,0.0,0.0,1.3936040501711995e+18,7.805,0.0,0,0,4,0,7116,0.0,100,0.0,0.0,0.0,0.0,0.0,0,0,0,0,0.0,0,0,0,0,0,0,0,0,0,0,0,0,0,0,0,0,0,0,0,0,0,0,0,0,0,0,0,0,0,0,0,0,0,31,40,40,71,65476,0,300,0,0,8,21553,0.0,-107605600.0,0.0,0.0,0.0,0.0,0.0,0.0,0.0,0.0,0.0,0.0,0.0,0.0,0.0,0.0,0.0,0.0,0.0,0.0,0.0,0.0,-2.004,-0.0,-0.0,-2.004,0.0,0.0,0.0,0.0,6327.0,-0.0,6931.0,0.0,0.0,2.7184303811560617e+23,0.0,0.0,0.0,0.0,0.0,69,0.0,-3.222021951857604e+26,0.0,0.0,0.0,0.0,0.0,0.0,0.0,0,0,0,0.0,0.0,0.0,0.0,0.0,0.0,0.0,0.0,0.0,0.0,0.0,0.0,0.0,0.0,0.0,0.0,0,-107875648.0,69,0.0,138,0.0,0.0,0,13107,17040,13107,17049,13107,17043,0,0,0,70,68,100,2.7302359370752657e+23,71.2,0.0,74.2,2.7302370179391762e+23,74.0,1,49,50,180,13107,52429,0,0,0.0,0.0,0.0,0.0,-0.0,67.0,0.0,162057.094,0.0,751,0,739,0,0,0,721,0,766,0,736,0,742,0,741,0,712,0,7520,0.032,81604378624.0,0.0,0.0,784,16797,-0.0,162057.094,-114818.039,-0.0,0.133,6.909358625270745e+28,30.0,65.0,35,0.0,0.0,0.0,0.0,0.0,0.0,0.0,0.0,0.0,0.0,0.0,0.0,0.0,0.0,0.0,0.0,69.6,0,150,71,55,65476,0,300,0,1,8,20529,65476,0,0,40632,65.0,0.0,0.0,0.0,0.0,0.0
2026-09-04T20:28:17,ERR,ERR,ERR,ERR,ERR,ERR,ERR,ERR,ERR,ERR,ERR,ERR,ERR,ERR,ERR,ERR,ERR,ERR,ERR,ERR,ERR,ERR,ERR,ERR,ERR,ERR,ERR,ERR,ERR,ERR,ERR,ERR,ERR,ERR,ERR,ERR,ERR,ERR,ERR,ERR,ERR,ERR,ERR,ERR,ERR,ERR,ERR,ERR,ERR,ERR,ERR,ERR,ERR,ERR,ERR,ERR,ERR,ERR,ERR,ERR,ERR,ERR,ERR,ERR,ERR,ERR,ERR,ERR,ERR,ERR,ERR,ERR,ERR,ERR,ERR,ERR,ERR,ERR,ERR,ERR,ERR,ERR,ERR,ERR,ERR,ERR,ERR,ERR,ERR,ERR,ERR,ERR,ERR,ERR,ERR,ERR,ERR,ERR,ERR,ERR,ERR,ERR,ERR,ERR,ERR,ERR,ERR,ERR,ERR,ERR,ERR,ERR,ERR,ERR,ERR,ERR,ERR,ERR,ERR,ERR,ERR,ERR,ERR,ERR,ERR,0.0,0.0,0.0,0.0,0.0,1.3936040501711995e+18,7.805,0.0,0,0,4,0,7116,0.0,100,0.0,0.0,0.0,0.0,0.0,0,0,0,0,0.0,0,0,0,0,0,0,0,0,0,0,0,0,0,0,0,0,0,0,0,0,0,0,0,0,0,0,0,0,0,0,0,0,0,31,40,40,71,65476,0,300,0,0,8,21553,0.0,-107605600.0,0.0,0.0,0.0,0.0,0.0,0.0,0.0,0.0,0.0,0.0,0.0,0.0,0.0,0.0,0.0,0.0,0.0,0.0,0.0,0.0,-2.004,-2.004,-2.004,-2.004,0.0,0.0,0.0,0.0,6293.0,-3.697203725810742e+19,6940.0,0.0,0.0,2.7184303811560617e+23,0.0,0.0,0.0,0.0,0.0,69,0.0,0.0,0.0,0.0,0.0,0.0,0.0,0.0,0.0,0,0,0,0.0,0.0,0.0,0.0,0.0,0.0,0.0,0.0,0.0,0.0,0.0,0.0,0.0,0.0,0.0,0.0,0,-107875648.0,69,0.0,138,0.0,0.0,0,13107,17040,13107,17049,13107,17043,0,0,0,70,68,100,2.7302359370752657e+23,71.2,0.0,74.2,2.7302370179391762e+23,74.0,1,49,50,180,13107,52429,0,0,0.0,0.0,0.0,0.0,-0.0,67.0,0.0,162057.094,0.0,751,0,739,0,0,0,721,0,766,0,736,0,742,0,741,0,712,0,7520,0.032,81604378624.0,0.0,0.0,784,16797,-0.0,162057.094,-114818.039,-0.0,0.133,6.909358625270745e+28,30.0,65.0,35,0.0,0.0,0.0,0.0,0.0,0.0,0.0,0.0,0.0,0.0,0.0,0.0,0.0,0.0,0.0,0.0,69.6,0,150,71,55,65476,0,300,0,1,8,20529,65476,0,0,40632,65.0,0.0,0.0,0.0,0.0,0.0
2026-09-04T20:28:18,ERR,ERR,ERR,ERR,ERR,ERR,ERR,ERR,ERR,ERR,ERR,ERR,ERR,ERR,ERR,ERR,ERR,ERR,ERR,ERR,ERR,ERR,ERR,ERR,ERR,ERR,ERR,ERR,ERR,ERR,ERR,ERR,ERR,ERR,ERR,ERR,ERR,ERR,ERR,ERR,ERR,ERR,ERR,ERR,ERR,ERR,ERR,ERR,ERR,ERR,ERR,ERR,ERR,ERR,ERR,ERR,ERR,ERR,ERR,ERR,ERR,ERR,ERR,ERR,ERR,ERR,ERR,ERR,ERR,ERR,ERR,ERR,ERR,ERR,ERR,ERR,ERR,ERR,ERR,ERR,ERR,ERR,ERR,ERR,ERR,ERR,ERR,ERR,ERR,ERR,ERR,ERR,ERR,ERR,ERR,ERR,ERR,ERR,ERR,ERR,ERR,ERR,ERR,ERR,ERR,ERR,ERR,ERR,ERR,ERR,ERR,ERR,ERR,ERR,ERR,ERR,ERR,ERR,ERR,ERR,ERR,ERR,ERR,ERR,ERR,0.0,0.0,0.0,0.0,0.0,1.3936040501711995e+18,7.805,0.0,0,0,4,0,7116,0.0,100,0.0,0.0,0.0,0.0,0.0,0,0,0,0,0.0,0,0,0,0,0,0,0,0,0,0,0,0,0,0,0,0,0,0,0,0,0,0,0,0,0,0,0,0,0,0,0,0,0,31,40,40,71,65476,0,300,0,0,8,21553,0.0,-107605600.0,0.0,0.0,0.0,0.0,0.0,0.0,0.0,0.0,0.0,0.0,0.0,0.0,0.0,0.0,0.0,0.0,0.0,0.0,0.0,0.0,-2.004,-2.004,-2.004,-2.004,0.0,0.0,0.0,0.0,6293.0,-3.697203725810742e+19,6940.0,0.0,0.0,2.7184303811560617e+23,0.0,0.0,0.0,0.0,0.0,69,0.0,0.0,0.0,0.0,0.0,0.0,0.0,0.0,0.0,0,0,0,0.0,0.0,0.0,0.0,0.0,0.0,0.0,0.0,0.0,0.0,0.0,0.0,0.0,0.0,0.0,0.0,0,-107875648.0,69,0.0,138,0.0,0.0,0,13107,17040,13107,17049,13107,17043,0,0,0,70,68,100,2.7302359370752657e+23,71.2,0.0,74.2,2.7302370179391762e+23,74.0,1,49,50,180,13107,52429,0,0,0.0,0.0,0.0,0.0,-0.0,67.0,0.0,162057.094,0.0,751,0,739,0,0,0,721,0,766,0,736,0,742,0,741,0,712,0,7520,0.032,81604378624.0,0.0,0.0,784,16797,-0.0,162057.094,-114818.039,-0.0,0.133,6.909358625270745e+28,30.0,65.0,35,0.0,0.0,0.0,0.0,0.0,0.0,0.0,0.0,0.0,0.0,0.0,0.0,0.0,0.0,0.0,0.0,69.6,0,150,71,55,65476,0,300,0,1,8,20529,65476,0,0,40632,65.0,0.0,0.0,0.0,0.0,0.0
2026-09-04T20:28:19,ERR,ERR,ERR,ERR,ERR,ERR,ERR,ERR,ERR,ERR,ERR,ERR,ERR,ERR,ERR,ERR,ERR,ERR,ERR,ERR,ERR,ERR,ERR,ERR,ERR,ERR,ERR,ERR,ERR,ERR,ERR,ERR,ERR,ERR,ERR,ERR,ERR,ERR,ERR,ERR,ERR,ERR,ERR,ERR,ERR,ERR,ERR,ERR,ERR,ERR,ERR,ERR,ERR,ERR,ERR,ERR,ERR,ERR,ERR,ERR,ERR,ERR,ERR,ERR,ERR,ERR,ERR,ERR,ERR,ERR,ERR,ERR,ERR,ERR,ERR,ERR,ERR,ERR,ERR,ERR,ERR,ERR,ERR,ERR,ERR,ERR,ERR,ERR,ERR,ERR,ERR,ERR,ERR,ERR,ERR,ERR,ERR,ERR,ERR,ERR,ERR,ERR,ERR,ERR,ERR,ERR,ERR,ERR,ERR,ERR,ERR,ERR,ERR,ERR,ERR,ERR,ERR,ERR,ERR,ERR,ERR,ERR,ERR,ERR,ERR,0.0,0.0,0.0,0.0,0.0,1.3936040501711995e+18,7.805,0.0,0,0,4,0,7116,0.0,100,0.0,0.0,0.0,0.0,0.0,0,0,0,0,0.0,0,0,0,0,0,0,0,0,0,0,0,0,0,0,0,0,0,0,0,0,0,0,0,0,0,0,0,0,0,0,0,0,0,31,40,40,71,65476,0,300,0,0,8,21553,0.0,-107605600.0,0.0,0.0,0.0,0.0,0.0,0.0,0.0,0.0,0.0,0.0,0.0,0.0,0.0,0.0,0.0,0.0,0.0,0.0,0.0,0.0,-2.004,-2.004,-2.004,-2.004,0.0,0.0,0.0,0.0,6293.0,-3.697203725810742e+19,6940.0,0.0,0.0,2.7184303811560617e+23,0.0,0.0,0.0,0.0,0.0,69,0.0,0.0,0.0,0.0,0.0,0.0,0.0,0.0,0.0,0,0,0,0.0,0.0,0.0,0.0,0.0,0.0,0.0,0.0,0.0,0.0,0.0,0.0,0.0,0.0,0.0,0.0,0,-107875648.0,69,0.0,138,0.0,0.0,0,13107,17040,13107,17049,13107,17043,0,0,0,70,68,100,2.7302359370752657e+23,71.2,0.0,74.2,2.7302370179391762e+23,74.0,1,49,50,180,13107,52429,0,0,0.0,0.0,0.0,0.0,-0.0,67.0,0.0,162057.094,0.0,751,0,739,0,0,0,721,0,766,0,736,0,742,0,741,0,712,0,7520,0.032,81604378624.0,0.0,0.0,784,16797,-0.0,162057.094,-114818.039,-0.0,0.133,6.909358625270745e+28,30.0,65.0,35,0.0,0.0,0.0,0.0,0.0,0.0,0.0,0.0,0.0,0.0,0.0,0.0,0.0,0.0,0.0,0.0,69.2,0,150,71,55,65476,0,300,0,1,8,20529,65476,0,0,40632,65.0,0.0,0.0,0.0,0.0,0.0
2026-09-04T20:28:20,ERR,ERR,ERR,ERR,ERR,ERR,ERR,ERR,ERR,ERR,ERR,ERR,ERR,ERR,ERR,ERR,ERR,ERR,ERR,ERR,ERR,ERR,ERR,ERR,ERR,ERR,ERR,ERR,ERR,ERR,ERR,ERR,ERR,ERR,ERR,ERR,ERR,ERR,ERR,ERR,ERR,ERR,ERR,ERR,ERR,ERR,ERR,ERR,ERR,ERR,ERR,ERR,ERR,ERR,ERR,ERR,ERR,ERR,ERR,ERR,ERR,ERR,ERR,ERR,ERR,ERR,ERR,ERR,ERR,ERR,ERR,ERR,ERR,ERR,ERR,ERR,ERR,ERR,ERR,ERR,ERR,ERR,ERR,ERR,ERR,ERR,ERR,ERR,ERR,ERR,ERR,ERR,ERR,ERR,ERR,ERR,ERR,ERR,ERR,ERR,ERR,ERR,ERR,ERR,ERR,ERR,ERR,ERR,ERR,ERR,ERR,ERR,ERR,ERR,ERR,ERR,ERR,ERR,ERR,ERR,ERR,ERR,ERR,ERR,ERR,0.0,0.0,0.0,0.0,0.0,1.3936040501711995e+18,7.805,0.0,0,0,4,0,7116,0.0,100,0.0,0.0,0.0,0.0,0.0,0,0,0,0,0.0,0,0,0,0,0,0,0,0,0,0,0,0,0,0,0,0,0,0,0,0,0,0,0,0,0,0,0,0,0,0,0,0,0,31,40,40,71,65476,0,300,0,0,8,21553,0.0,-107605600.0,0.0,0.0,0.0,0.0,0.0,0.0,0.0,0.0,0.0,0.0,0.0,0.0,0.0,0.0,0.0,0.0,0.0,0.0,0.0,0.0,-2.004,-2.004,-2.004,-2.004,0.0,0.0,0.0,0.0,6293.0,-3.697203725810742e+19,6940.0,0.0,0.0,2.7184303811560617e+23,0.0,0.0,0.0,0.0,0.0,69,0.0,0.0,0.0,0.0,0.0,0.0,0.0,0.0,0.0,0,0,0,0.0,0.0,0.0,0.0,0.0,0.0,0.0,0.0,0.0,0.0,0.0,0.0,0.0,0.0,0.0,0.0,0,-107875648.0,69,0.0,138,0.0,0.0,0,13107,17040,13107,17049,13107,17043,0,0,0,70,68,100,2.7302359370752657e+23,71.2,0.0,74.2,2.7302370179391762e+23,74.0,1,49,50,180,13107,52429,0,0,0.0,0.0,0.0,0.0,-0.0,67.0,0.0,162057.094,0.0,751,0,739,0,0,0,721,0,766,0,736,0,742,0,741,0,712,0,7520,0.032,81604378624.0,0.0,0.0,784,16797,-0.0,162057.094,-114818.039,-0.0,0.133,6.909358625270745e+28,30.0,65.0,35,0.0,0.0,0.0,0.0,0.0,0.0,0.0,0.0,0.0,0.0,0.0,0.0,0.0,0.0,0.0,0.0,69.2,0,150,71,55,65476,0,300,0,1,8,20529,65476,0,0,40632,65.0,0.0,0.0,0.0,0.0,0.0
2026-09-04T20:28:21,ERR,ERR,ERR,ERR,ERR,ERR,ERR,ERR,ERR,ERR,ERR,ERR,ERR,ERR,ERR,ERR,ERR,ERR,ERR,ERR,ERR,ERR,ERR,ERR,ERR,ERR,ERR,ERR,ERR,ERR,ERR,ERR,ERR,ERR,ERR,ERR,ERR,ERR,ERR,ERR,ERR,ERR,ERR,ERR,ERR,ERR,ERR,ERR,ERR,ERR,ERR,ERR,ERR,ERR,ERR,ERR,ERR,ERR,ERR,ERR,ERR,ERR,ERR,ERR,ERR,ERR,ERR,ERR,ERR,ERR,ERR,ERR,ERR,ERR,ERR,ERR,ERR,ERR,ERR,ERR,ERR,ERR,ERR,ERR,ERR,ERR,ERR,ERR,ERR,ERR,ERR,ERR,ERR,ERR,ERR,ERR,ERR,ERR,ERR,ERR,ERR,ERR,ERR,ERR,ERR,ERR,ERR,ERR,ERR,ERR,ERR,ERR,ERR,ERR,ERR,ERR,ERR,ERR,ERR,ERR,ERR,ERR,ERR,ERR,ERR,0.0,0.0,0.0,0.0,0.0,1.3936040501711995e+18,7.805,0.0,0,0,4,0,7116,0.0,100,0.0,0.0,0.0,0.0,0.0,0,0,0,0,0.0,0,0,0,0,0,0,0,0,0,0,0,0,0,0,0,0,0,0,0,0,0,0,0,0,0,0,0,0,0,0,0,0,0,31,40,40,71,65476,0,300,0,0,8,21553,0.0,-107605600.0,0.0,0.0,0.0,0.0,0.0,0.0,0.0,0.0,0.0,0.0,0.0,0.0,0.0,0.0,0.0,0.0,0.0,0.0,0.0,0.0,-2.004,-2.004,-2.004,-2.004,0.0,0.0,0.0,0.0,6293.0,-3.697203725810742e+19,6940.0,0.0,0.0,2.7184303811560617e+23,0.0,0.0,0.0,0.0,0.0,69,0.0,0.0,0.0,0.0,0.0,0.0,0.0,0.0,0.0,0,0,0,0.0,0.0,0.0,0.0,0.0,0.0,0.0,0.0,0.0,0.0,0.0,0.0,0.0,0.0,0.0,0.0,0,-107875648.0,69,0.0,138,0.0,0.0,0,13107,17040,13107,17049,13107,17043,0,0,0,70,68,100,2.7302359370752657e+23,71.2,2.7302370179391762e+23,74.2,2.7302370179391762e+23,74.0,1,49,50,180,13107,52429,0,0,0.0,0.0,0.0,0.0,-0.0,67.0,0.0,162057.094,0.0,751,0,739,0,0,0,721,0,766,0,736,0,742,0,741,0,712,0,7520,0.032,102005473280.0,0.0,0.0,784,16797,-0.0,162057.094,-114818.039,-0.0,0.133,6.909358625270745e+28,30.0,65.0,35,0.0,0.0,0.0,0.0,0.0,0.0,0.0,0.0,0.0,0.0,0.0,0.0,0.0,0.0,0.0,0.0,69.2,0,150,71,55,65476,0,300,0,1,8,20529,65476,0,0,40632,65.0,0.0,0.0,0.0,0.0,0.0
2026-09-04T20:28:22,ERR,ERR,ERR,ERR,ERR,ERR,ERR,ERR,ERR,ERR,ERR,ERR,ERR,ERR,ERR,ERR,ERR,ERR,ERR,ERR,ERR,ERR,ERR,ERR,ERR,ERR,ERR,ERR,ERR,ERR,ERR,ERR,ERR,ERR,ERR,ERR,ERR,ERR,ERR,ERR,ERR,ERR,ERR,ERR,ERR,ERR,ERR,ERR,ERR,ERR,ERR,ERR,ERR,ERR,ERR,ERR,ERR,ERR,ERR,ERR,ERR,ERR,ERR,ERR,ERR,ERR,ERR,ERR,ERR,ERR,ERR,ERR,ERR,ERR,ERR,ERR,ERR,ERR,ERR,ERR,ERR,ERR,ERR,ERR,ERR,ERR,ERR,ERR,ERR,ERR,ERR,ERR,ERR,ERR,ERR,ERR,ERR,ERR,ERR,ERR,ERR,ERR,ERR,ERR,ERR,ERR,ERR,ERR,ERR,ERR,ERR,ERR,ERR,ERR,ERR,ERR,ERR,ERR,ERR,ERR,ERR,ERR,ERR,ERR,ERR,0.0,0.0,0.0,0.0,0.0,1.3936040501711995e+18,7.805,0.0,0,0,4,0,7116,0.0,100,0.0,0.0,0.0,0.0,0.0,0,0,0,0,0.0,0,0,0,0,0,0,0,0,0,0,0,0,0,0,0,0,0,0,0,0,0,0,0,0,0,0,0,0,0,0,0,0,0,31,40,40,71,65476,0,300,0,0,8,21553,0.0,-107605600.0,0.0,0.0,0.0,0.0,0.0,0.0,0.0,0.0,0.0,0.0,0.0,0.0,0.0,0.0,0.0,0.0,0.0,0.0,0.0,0.0,-2.004,-2.004,-2.004,-2.004,0.0,0.0,0.0,0.0,6293.0,-3.697203725810742e+19,6940.0,0.0,0.0,2.7184303811560617e+23,0.0,0.0,0.0,0.0,0.0,69,0.0,0.0,0.0,0.0,0.0,0.0,0.0,0.0,0.0,0,0,0,0.0,0.0,0.0,0.0,0.0,0.0,0.0,0.0,0.0,0.0,0.0,0.0,0.0,0.0,0.0,0.0,0,-107875648.0,69,0.0,138,0.0,0.0,0,13107,17040,13107,17049,13107,17043,0,0,0,70,68,100,2.7302359370752657e+23,71.2,2.7302370179391762e+23,74.2,2.7302370179391762e+23,74.0,1,49,50,180,13107,52429,0,0,0.0,0.0,0.0,0.0,-0.0,67.0,0.0,162057.094,0.0,751,0,739,0,0,0,721,0,766,0,736,0,742,0,741,0,712,0,7520,0.032,102005473280.0,0.0,0.0,784,16797,-0.0,162057.094,-114818.039,-0.0,0.133,6.909358625270745e+28,30.0,65.0,35,0.0,0.0,0.0,0.0,0.0,0.0,0.0,0.0,0.0,0.0,0.0,0.0,0.0,0.0,0.0,0.0,69.2,0,150,71,55,65476,0,300,0,1,8,20529,65476,0,0,40632,65.0,0.0,0.0,0.0,0.0,0.0
2026-09-04T20:28:23,ERR,ERR,ERR,ERR,ERR,ERR,ERR,ERR,ERR,ERR,ERR,ERR,ERR,ERR,ERR,ERR,ERR,ERR,ERR,ERR,ERR,ERR,ERR,ERR,ERR,ERR,ERR,ERR,ERR,ERR,ERR,ERR,ERR,ERR,ERR,ERR,ERR,ERR,ERR,ERR,ERR,ERR,ERR,ERR,ERR,ERR,ERR,ERR,ERR,ERR,ERR,ERR,ERR,ERR,ERR,ERR,ERR,ERR,ERR,ERR,ERR,ERR,ERR,ERR,ERR,ERR,ERR,ERR,ERR,ERR,ERR,ERR,ERR,ERR,ERR,ERR,ERR,ERR,ERR,ERR,ERR,ERR,ERR,ERR,ERR,ERR,ERR,ERR,ERR,ERR,ERR,ERR,ERR,ERR,ERR,ERR,ERR,ERR,ERR,ERR,ERR,ERR,ERR,ERR,ERR,ERR,ERR,ERR,ERR,ERR,ERR,ERR,ERR,ERR,ERR,ERR,ERR,ERR,ERR,ERR,ERR,ERR,ERR,ERR,ERR,0.0,0.0,0.0,0.0,0.0,1.3936040501711995e+18,7.805,0.0,0,0,4,0,7116,0.0,100,0.0,0.0,0.0,0.0,0.0,0,0,0,0,0.0,0,0,0,0,0,0,0,0,0,0,0,0,0,0,0,0,0,0,0,0,0,0,0,0,0,0,0,0,0,0,0,0,0,31,40,40,71,65476,0,300,0,0,8,21553,0.0,-107605600.0,0.0,0.0,0.0,0.0,0.0,0.0,0.0,0.0,0.0,0.0,0.0,0.0,0.0,0.0,0.0,0.0,0.0,0.0,0.0,0.0,-2.004,-2.004,-2.004,-2.004,0.0,0.0,0.0,0.0,6293.0,-3.697203725810742e+19,6940.0,0.0,0.0,2.7184303811560617e+23,0.0,0.0,0.0,0.0,0.0,69,0.0,0.0,0.0,0.0,0.0,0.0,0.0,0.0,0.0,0,0,0,0.0,0.0,0.0,0.0,0.0,0.0,0.0,0.0,0.0,0.0,0.0,0.0,0.0,0.0,0.0,0.0,0,-107875648.0,69,0.0,138,0.0,0.0,0,13107,17040,13107,17049,13107,17043,0,0,0,70,68,100,2.7302359370752657e+23,71.2,2.7302370179391762e+23,74.2,2.7302370179391762e+23,74.0,1,49,50,180,13107,52429,0,0,0.0,0.0,0.0,0.0,-0.0,67.0,0.0,162057.094,0.0,751,0,739,0,0,0,721,0,766,0,736,0,742,0,741,0,712,0,7520,0.032,102005473280.0,0.0,0.0,784,16797,-0.0,162057.094,-114818.039,-0.0,0.133,6.909358625270745e+28,30.0,65.0,35,0.0,0.0,0.0,0.0,0.0,0.0,0.0,0.0,0.0,0.0,0.0,0.0,0.0,0.0,0.0,0.0,69.2,0,150,71,55,65476,0,300,0,1,8,20529,65476,0,0,40632,65.0,0.0,0.0,0.0,0.0,0.0
2026-09-04T20:28:24,ERR,ERR,ERR,ERR,ERR,ERR,ERR,ERR,ERR,ERR,ERR,ERR,ERR,ERR,ERR,ERR,ERR,ERR,ERR,ERR,ERR,ERR,ERR,ERR,ERR,ERR,ERR,ERR,ERR,ERR,ERR,ERR,ERR,ERR,ERR,ERR,ERR,ERR,ERR,ERR,ERR,ERR,ERR,ERR,ERR,ERR,ERR,ERR,ERR,ERR,ERR,ERR,ERR,ERR,ERR,ERR,ERR,ERR,ERR,ERR,ERR,ERR,ERR,ERR,ERR,ERR,ERR,ERR,ERR,ERR,ERR,ERR,ERR,ERR,ERR,ERR,ERR,ERR,ERR,ERR,ERR,ERR,ERR,ERR,ERR,ERR,ERR,ERR,ERR,ERR,ERR,ERR,ERR,ERR,ERR,ERR,ERR,ERR,ERR,ERR,ERR,ERR,ERR,ERR,ERR,ERR,ERR,ERR,ERR,ERR,ERR,ERR,ERR,ERR,ERR,ERR,ERR,ERR,ERR,ERR,ERR,ERR,ERR,ERR,ERR,0.0,0.0,0.0,0.0,0.0,1.3936040501711995e+18,7.805,0.0,0,0,4,0,7116,0.0,100,0.0,0.0,0.0,0.0,0.0,0,0,0,0,0.0,0,0,0,0,0,0,0,0,0,0,0,0,0,0,0,0,0,0,0,0,0,0,0,0,0,0,0,0,0,0,0,0,0,31,40,40,71,65476,0,300,0,0,8,21553,0.0,-107605600.0,0.0,0.0,0.0,0.0,0.0,0.0,0.0,0.0,0.0,0.0,0.0,0.0,0.0,0.0,0.0,0.0,0.0,0.0,0.0,0.0,-2.004,-0.0,-0.0,-2.004,0.0,0.0,0.0,0.0,6294.0,-564148517732352.0,6939.0,0.0,0.0,-0.0,0.0,0.0,0.0,0.0,0.0,69,0.0,-4.9504212476177815e+32,0.0,0.0,0.0,0.0,0.0,0.0,0.0,0,0,0,0.0,0.0,0.0,0.0,0.0,0.0,0.0,0.0,0.0,0.0,0.0,0.0,0.0,0.0,0.0,0.0,0,-107875648.0,69,0.0,138,0.0,0.0,0,13107,17040,13107,17049,13107,17043,0,0,0,70,68,100,2.7302359370752657e+23,71.2,2.7302370179391762e+23,74.2,2.7302370179391762e+23,74.0,1,49,50,180,13107,52429,0,0,0.0,0.0,0.0,0.0,-0.0,67.0,0.0,162057.094,0.0,751,0,739,0,0,0,721,0,766,0,736,0,742,0,741,0,712,0,7520,0.032,102005473280.0,0.0,0.0,784,16797,-0.0,162057.094,-114818.039,-0.0,0.133,6.909358625270745e+28,30.0,65.0,35,0.0,0.0,0.0,0.0,0.0,0.0,0.0,0.0,0.0,0.0,0.0,0.0,0.0,0.0,0.0,0.0,69.2,0,150,71,55,65476,0,300,0,1,8,20529,65476,0,0,40632,65.0,0.0,0.0,0.0,0.0,0.0
2026-09-04T20:28:25,ERR,ERR,ERR,ERR,ERR,ERR,ERR,ERR,ERR,ERR,ERR,ERR,ERR,ERR,ERR,ERR,ERR,ERR,ERR,ERR,ERR,ERR,ERR,ERR,ERR,ERR,ERR,ERR,ERR,ERR,ERR,ERR,ERR,ERR,ERR,ERR,ERR,ERR,ERR,ERR,ERR,ERR,ERR,ERR,ERR,ERR,ERR,ERR,ERR,ERR,ERR,ERR,ERR,ERR,ERR,ERR,ERR,ERR,ERR,ERR,ERR,ERR,ERR,ERR,ERR,ERR,ERR,ERR,ERR,ERR,ERR,ERR,ERR,ERR,ERR,ERR,ERR,ERR,ERR,ERR,ERR,ERR,ERR,ERR,ERR,ERR,ERR,ERR,ERR,ERR,ERR,ERR,ERR,ERR,ERR,ERR,ERR,ERR,ERR,ERR,ERR,ERR,ERR,ERR,ERR,ERR,ERR,ERR,ERR,ERR,ERR,ERR,ERR,ERR,ERR,ERR,ERR,ERR,ERR,ERR,ERR,ERR,ERR,ERR,ERR,0.0,0.0,0.0,0.0,0.0,1.3936040501711995e+18,7.805,0.0,0,0,4,0,7116,0.0,100,0.0,0.0,0.0,0.0,0.0,0,0,0,0,0.0,0,0,0,0,0,0,0,0,0,0,0,0,0,0,0,0,0,0,0,0,0,0,0,0,0,0,0,0,0,0,0,0,0,31,40,40,71,65476,0,300,0,0,8,21553,0.0,-107605600.0,0.0,0.0,0.0,0.0,0.0,0.0,0.0,0.0,0.0,0.0,0.0,0.0,0.0,0.0,0.0,0.0,0.0,0.0,0.0,0.0,-2.004,-0.0,-0.0,-2.004,0.0,0.0,0.0,0.0,6294.0,-564148517732352.0,6939.0,0.0,0.0,-0.0,0.0,0.0,0.0,0.0,0.0,69,0.0,-4.9504212476177815e+32,0.0,0.0,0.0,0.0,0.0,0.0,0.0,0,0,0,0.0,0.0,0.0,0.0,0.0,0.0,0.0,0.0,0.0,0.0,0.0,0.0,0.0,0.0,0.0,0.0,0,-107875648.0,69,0.0,138,0.0,0.0,0,13107,17040,13107,17049,13107,17043,0,0,0,70,68,100,2.7302359370752657e+23,71.2,2.7302370179391762e+23,74.2,2.7302370179391762e+23,74.0,1,49,50,180,13107,52429,0,0,0.0,0.0,0.0,0.0,-0.0,67.0,0.0,162057.094,0.0,751,0,739,0,0,0,721,0,766,0,736,0,742,0,741,0,712,0,7520,0.032,102005473280.0,0.0,0.0,784,16797,-0.0,162057.094,-114818.039,-0.0,0.133,6.909358625270745e+28,30.0,65.0,35,0.0,0.0,0.0,0.0,0.0,0.0,0.0,0.0,0.0,0.0,0.0,0.0,0.0,0.0,0.0,0.0,69.2,0,150,71,55,65476,0,300,0,1,8,20529,65476,0,0,40632,65.0,0.0,0.0,0.0,0.0,0.0
2026-09-04T20:28:26,ERR,ERR,ERR,ERR,ERR,ERR,ERR,ERR,ERR,ERR,ERR,ERR,ERR,ERR,ERR,ERR,ERR,ERR,ERR,ERR,ERR,ERR,ERR,ERR,ERR,ERR,ERR,ERR,ERR,ERR,ERR,ERR,ERR,ERR,ERR,ERR,ERR,ERR,ERR,ERR,ERR,ERR,ERR,ERR,ERR,ERR,ERR,ERR,ERR,ERR,ERR,ERR,ERR,ERR,ERR,ERR,ERR,ERR,ERR,ERR,ERR,ERR,ERR,ERR,ERR,ERR,ERR,ERR,ERR,ERR,ERR,ERR,ERR,ERR,ERR,ERR,ERR,ERR,ERR,ERR,ERR,ERR,ERR,ERR,ERR,ERR,ERR,ERR,ERR,ERR,ERR,ERR,ERR,ERR,ERR,ERR,ERR,ERR,ERR,ERR,ERR,ERR,ERR,ERR,ERR,ERR,ERR,ERR,ERR,ERR,ERR,ERR,ERR,ERR,ERR,ERR,ERR,ERR,ERR,ERR,ERR,ERR,ERR,ERR,ERR,0.0,0.0,0.0,0.0,0.0,1.3936040501711995e+18,7.805,0.0,0,0,4,0,7116,0.0,100,0.0,0.0,0.0,0.0,0.0,0,0,0,0,0.0,0,0,0,0,0,0,0,0,0,0,0,0,0,0,0,0,0,0,0,0,0,0,0,0,0,0,0,0,0,0,0,0,0,31,40,40,71,65476,0,300,0,0,8,21553,0.0,-107605600.0,0.0,0.0,0.0,0.0,0.0,0.0,0.0,0.0,0.0,0.0,0.0,0.0,0.0,0.0,0.0,0.0,0.0,0.0,0.0,0.0,-2.004,-0.0,-0.0,-2.004,0.0,0.0,0.0,0.0,6294.0,-564148517732352.0,6939.0,0.0,0.0,-0.0,0.0,0.0,0.0,0.0,0.0,69,0.0,-4.9504212476177815e+32,0.0,0.0,0.0,0.0,0.0,0.0,0.0,0,0,0,0.0,0.0,0.0,0.0,0.0,0.0,0.0,0.0,0.0,0.0,0.0,0.0,0.0,0.0,0.0,0.0,0,-107875648.0,69,0.0,138,0.0,0.0,0,13107,17040,13107,17049,13107,17043,0,0,0,70,68,100,2.7302359370752657e+23,71.1,0.0,74.2,2.7302370179391762e+23,74.0,1,49,50,180,13107,52429,0,0,0.0,0.0,0.0,0.0,-0.0,67.0,0.0,162057.094,0.0,751,0,739,0,0,0,721,0,766,0,736,0,742,0,742,0,712,0,7520,0.032,79456894976.0,0.0,0.0,784,16797,-0.0,162057.094,-114818.039,-0.0,0.133,6.909358625270745e+28,30.0,65.0,35,0.0,0.0,0.0,0.0,0.0,0.0,0.0,0.0,0.0,0.0,0.0,0.0,0.0,0.0,0.0,0.0,69.2,0,150,71,55,65476,0,300,0,1,8,20529,65476,0,0,40632,65.0,0.0,0.0,0.0,0.0,0.0
2026-09-04T20:28:27,ERR,ERR,ERR,ERR,ERR,ERR,ERR,ERR,ERR,ERR,ERR,ERR,ERR,ERR,ERR,ERR,ERR,ERR,ERR,ERR,ERR,ERR,ERR,ERR,ERR,ERR,ERR,ERR,ERR,ERR,ERR,ERR,ERR,ERR,ERR,ERR,ERR,ERR,ERR,ERR,ERR,ERR,ERR,ERR,ERR,ERR,ERR,ERR,ERR,ERR,ERR,ERR,ERR,ERR,ERR,ERR,ERR,ERR,ERR,ERR,ERR,ERR,ERR,ERR,ERR,ERR,ERR,ERR,ERR,ERR,ERR,ERR,ERR,ERR,ERR,ERR,ERR,ERR,ERR,ERR,ERR,ERR,ERR,ERR,ERR,ERR,ERR,ERR,ERR,ERR,ERR,ERR,ERR,ERR,ERR,ERR,ERR,ERR,ERR,ERR,ERR,ERR,ERR,ERR,ERR,ERR,ERR,ERR,ERR,ERR,ERR,ERR,ERR,ERR,ERR,ERR,ERR,ERR,ERR,ERR,ERR,ERR,ERR,ERR,ERR,0.0,0.0,0.0,0.0,0.0,1.3936040501711995e+18,7.805,0.0,0,0,4,0,7116,0.0,100,0.0,0.0,0.0,0.0,0.0,0,0,0,0,0.0,0,0,0,0,0,0,0,0,0,0,0,0,0,0,0,0,0,0,0,0,0,0,0,0,0,0,0,0,0,0,0,0,0,31,40,40,71,65476,0,300,0,0,8,21553,0.0,-107605600.0,0.0,0.0,0.0,0.0,0.0,0.0,0.0,0.0,0.0,0.0,0.0,0.0,0.0,0.0,0.0,0.0,0.0,0.0,0.0,0.0,-2.004,-0.0,-0.0,-2.004,0.0,0.0,0.0,0.0,6294.0,-564148517732352.0,6939.0,0.0,0.0,-0.0,0.0,0.0,0.0,0.0,0.0,69,0.0,-4.9504212476177815e+32,0.0,0.0,0.0,0.0,0.0,0.0,0.0,0,0,0,0.0,0.0,0.0,0.0,0.0,0.0,0.0,0.0,0.0,0.0,0.0,0.0,0.0,0.0,0.0,0.0,0,-107875648.0,69,0.0,138,0.0,0.0,0,13107,17040,13107,17049,13107,17043,0,0,0,70,68,100,2.7302359370752657e+23,71.1,0.0,74.2,2.7302370179391762e+23,74.0,1,49,50,180,13107,52429,0,0,0.0,0.0,0.0,0.0,-0.0,67.0,0.0,162057.094,0.0,751,0,739,0,0,0,721,0,766,0,736,0,742,0,742,0,712,0,7520,0.032,79456894976.0,0.0,0.0,784,16797,-0.0,162057.094,-114818.039,-0.0,0.133,6.909358625270745e+28,30.0,65.0,35,0.0,0.0,0.0,0.0,0.0,0.0,0.0,0.0,0.0,0.0,0.0,0.0,0.0,0.0,0.0,0.0,69.2,0,150,71,55,65476,0,300,0,1,8,20529,65476,0,0,40632,65.0,0.0,0.0,0.0,0.0,0.0
2026-09-04T20:28:28,ERR,ERR,ERR,ERR,ERR,ERR,ERR,ERR,ERR,ERR,ERR,ERR,ERR,ERR,ERR,ERR,ERR,ERR,ERR,ERR,ERR,ERR,ERR,ERR,ERR,ERR,ERR,ERR,ERR,ERR,ERR,ERR,ERR,ERR,ERR,ERR,ERR,ERR,ERR,ERR,ERR,ERR,ERR,ERR,ERR,ERR,ERR,ERR,ERR,ERR,ERR,ERR,ERR,ERR,ERR,ERR,ERR,ERR,ERR,ERR,ERR,ERR,ERR,ERR,ERR,ERR,ERR,ERR,ERR,ERR,ERR,ERR,ERR,ERR,ERR,ERR,ERR,ERR,ERR,ERR,ERR,ERR,ERR,ERR,ERR,ERR,ERR,ERR,ERR,ERR,ERR,ERR,ERR,ERR,ERR,ERR,ERR,ERR,ERR,ERR,ERR,ERR,ERR,ERR,ERR,ERR,ERR,ERR,ERR,ERR,ERR,ERR,ERR,ERR,ERR,ERR,ERR,ERR,ERR,ERR,ERR,ERR,ERR,ERR,ERR,0.0,0.0,0.0,0.0,0.0,1.3936040501711995e+18,7.805,0.0,0,0,4,0,7116,0.0,100,0.0,0.0,0.0,0.0,0.0,0,0,0,0,0.0,0,0,0,0,0,0,0,0,0,0,0,0,0,0,0,0,0,0,0,0,0,0,0,0,0,0,0,0,0,0,0,0,0,31,40,40,71,65476,0,300,0,0,8,21553,0.0,-107605600.0,0.0,0.0,0.0,0.0,0.0,0.0,0.0,0.0,0.0,0.0,0.0,0.0,0.0,0.0,0.0,0.0,0.0,0.0,0.0,0.0,-2.004,-0.0,-0.0,-2.004,0.0,0.0,0.0,0.0,6294.0,-564148517732352.0,6939.0,0.0,0.0,-0.0,0.0,0.0,0.0,0.0,0.0,69,0.0,-4.9504212476177815e+32,0.0,0.0,0.0,0.0,0.0,0.0,0.0,0,0,0,0.0,0.0,0.0,0.0,0.0,0.0,0.0,0.0,0.0,0.0,0.0,0.0,0.0,0.0,0.0,0.0,0,-107875648.0,69,0.0,138,0.0,0.0,0,13107,17040,13107,17049,13107,17043,0,0,0,70,68,100,2.7302359370752657e+23,71.1,0.0,74.2,2.7302370179391762e+23,74.0,1,49,50,180,13107,52429,0,0,0.0,0.0,0.0,0.0,-0.0,67.0,0.0,162057.094,0.0,751,0,739,0,0,0,721,0,766,0,736,0,742,0,742,0,712,0,7520,0.032,79456894976.0,0.0,0.0,784,16797,-0.0,162057.094,-114818.039,-0.0,0.133,6.909358625270745e+28,30.0,65.0,35,0.0,0.0,0.0,0.0,0.0,0.0,0.0,0.0,0.0,0.0,0.0,0.0,0.0,0.0,0.0,0.0,69.2,0,150,71,55,65476,0,300,0,1,8,20529,65476,0,0,40632,65.0,0.0,0.0,0.0,0.0,0.0
2026-09-04T20:28:29,ERR,ERR,ERR,ERR,ERR,ERR,ERR,ERR,ERR,ERR,ERR,ERR,ERR,ERR,ERR,ERR,ERR,ERR,ERR,ERR,ERR,ERR,ERR,ERR,ERR,ERR,ERR,ERR,ERR,ERR,ERR,ERR,ERR,ERR,ERR,ERR,ERR,ERR,ERR,ERR,ERR,ERR,ERR,ERR,ERR,ERR,ERR,ERR,ERR,ERR,ERR,ERR,ERR,ERR,ERR,ERR,ERR,ERR,ERR,ERR,ERR,ERR,ERR,ERR,ERR,ERR,ERR,ERR,ERR,ERR,ERR,ERR,ERR,ERR,ERR,ERR,ERR,ERR,ERR,ERR,ERR,ERR,ERR,ERR,ERR,ERR,ERR,ERR,ERR,ERR,ERR,ERR,ERR,ERR,ERR,ERR,ERR,ERR,ERR,ERR,ERR,ERR,ERR,ERR,ERR,ERR,ERR,ERR,ERR,ERR,ERR,ERR,ERR,ERR,ERR,ERR,ERR,ERR,ERR,ERR,ERR,ERR,ERR,ERR,ERR,0.0,0.0,0.0,0.0,0.0,1.3936040501711995e+18,7.805,0.0,0,0,4,0,7116,0.0,100,0.0,0.0,0.0,0.0,0.0,0,0,0,0,0.0,0,0,0,0,0,0,0,0,0,0,0,0,0,0,0,0,0,0,0,0,0,0,0,0,0,0,0,0,0,0,0,0,0,31,40,40,71,65476,0,300,0,0,8,21553,0.0,-107605600.0,0.0,0.0,0.0,0.0,0.0,0.0,0.0,0.0,0.0,0.0,0.0,0.0,0.0,0.0,0.0,0.0,0.0,0.0,0.0,0.0,-2.004,-0.0,-0.0,-2.004,0.0,0.0,0.0,0.0,6294.0,-564148517732352.0,6939.0,0.0,0.0,-0.0,0.0,0.0,0.0,0.0,0.0,69,0.0,-4.9504212476177815e+32,0.0,0.0,0.0,0.0,0.0,0.0,0.0,0,0,0,0.0,0.0,0.0,0.0,0.0,0.0,0.0,0.0,0.0,0.0,0.0,0.0,0.0,0.0,0.0,0.0,0,-107875648.0,69,0.0,138,0.0,0.0,0,13107,17040,13107,17049,13107,17043,0,0,0,70,68,100,2.7302359370752657e+23,71.1,0.0,74.2,2.7302370179391762e+23,74.0,1,49,50,180,13107,52429,0,0,0.0,0.0,0.0,0.0,-0.0,67.0,0.0,162057.094,0.0,751,0,739,0,0,0,721,0,766,0,736,0,742,0,742,0,712,0,7520,0.032,79456894976.0,0.0,0.0,784,16797,-0.0,162057.094,-114818.039,-0.0,0.133,6.909358625270745e+28,30.0,65.0,35,0.0,0.0,0.0,0.0,0.0,0.0,0.0,0.0,0.0,0.0,0.0,0.0,0.0,0.0,0.0,0.0,69.2,0,150,71,55,65476,0,300,0,1,8,20529,65476,0,0,40632,65.0,0.0,0.0,0.0,0.0,0.0
2026-09-04T20:28:30,ERR,ERR,ERR,ERR,ERR,ERR,ERR,ERR,ERR,ERR,ERR,ERR,ERR,ERR,ERR,ERR,ERR,ERR,ERR,ERR,ERR,ERR,ERR,ERR,ERR,ERR,ERR,ERR,ERR,ERR,ERR,ERR,ERR,ERR,ERR,ERR,ERR,ERR,ERR,ERR,ERR,ERR,ERR,ERR,ERR,ERR,ERR,ERR,ERR,ERR,ERR,ERR,ERR,ERR,ERR,ERR,ERR,ERR,ERR,ERR,ERR,ERR,ERR,ERR,ERR,ERR,ERR,ERR,ERR,ERR,ERR,ERR,ERR,ERR,ERR,ERR,ERR,ERR,ERR,ERR,ERR,ERR,ERR,ERR,ERR,ERR,ERR,ERR,ERR,ERR,ERR,ERR,ERR,ERR,ERR,ERR,ERR,ERR,ERR,ERR,ERR,ERR,ERR,ERR,ERR,ERR,ERR,ERR,ERR,ERR,ERR,ERR,ERR,ERR,ERR,ERR,ERR,ERR,ERR,ERR,ERR,ERR,ERR,ERR,ERR,0.0,0.0,0.0,0.0,0.0,1.3936040501711995e+18,7.805,0.0,0,0,4,0,7116,0.0,100,0.0,0.0,0.0,0.0,0.0,0,0,0,0,0.0,0,0,0,0,0,0,0,0,0,0,0,0,0,0,0,0,0,0,0,0,0,0,0,0,0,0,0,0,0,0,0,0,0,31,40,40,71,65476,0,300,0,0,8,21553,0.0,-107605600.0,0.0,0.0,0.0,0.0,0.0,0.0,0.0,0.0,0.0,0.0,0.0,0.0,0.0,0.0,0.0,0.0,0.0,0.0,0.0,0.0,-2.004,-0.0,-0.0,-2.004,0.0,0.0,0.0,0.0,6294.0,-564148517732352.0,6939.0,0.0,0.0,-0.0,0.0,0.0,0.0,0.0,0.0,69,0.0,-4.9504212476177815e+32,0.0,0.0,0.0,0.0,0.0,0.0,0.0,0,0,0,0.0,0.0,0.0,0.0,0.0,0.0,0.0,0.0,0.0,0.0,0.0,0.0,0.0,0.0,0.0,0.0,0,-107875648.0,69,0.0,138,0.0,0.0,0,13107,17040,13107,17049,13107,17043,0,0,0,70,68,100,2.7302359370752657e+23,71.1,0.0,74.2,2.7302370179391762e+23,74.0,1,49,50,180,13107,52429,0,0,0.0,0.0,0.0,0.0,-0.0,67.0,0.0,162057.094,0.0,751,0,739,0,0,0,721,0,766,0,736,0,742,0,742,0,712,0,7520,0.032,79456894976.0,0.0,0.0,784,16797,-0.0,162057.094,-114818.039,-0.0,0.133,6.909358625270745e+28,30.0,65.0,35,0.0,0.0,0.0,0.0,0.0,0.0,0.0,0.0,0.0,0.0,0.0,0.0,0.0,0.0,0.0,0.0,69.2,0,150,71,55,65476,0,300,0,1,8,20529,65476,0,0,40632,65.0,0.0,0.0,0.0,0.0,0.0
2026-09-04T20:28:31,ERR,ERR,ERR,ERR,ERR,ERR,ERR,ERR,ERR,ERR,ERR,ERR,ERR,ERR,ERR,ERR,ERR,ERR,ERR,ERR,ERR,ERR,ERR,ERR,ERR,ERR,ERR,ERR,ERR,ERR,ERR,ERR,ERR,ERR,ERR,ERR,ERR,ERR,ERR,ERR,ERR,ERR,ERR,ERR,ERR,ERR,ERR,ERR,ERR,ERR,ERR,ERR,ERR,ERR,ERR,ERR,ERR,ERR,ERR,ERR,ERR,ERR,ERR,ERR,ERR,ERR,ERR,ERR,ERR,ERR,ERR,ERR,ERR,ERR,ERR,ERR,ERR,ERR,ERR,ERR,ERR,ERR,ERR,ERR,ERR,ERR,ERR,ERR,ERR,ERR,ERR,ERR,ERR,ERR,ERR,ERR,ERR,ERR,ERR,ERR,ERR,ERR,ERR,ERR,ERR,ERR,ERR,ERR,ERR,ERR,ERR,ERR,ERR,ERR,ERR,ERR,ERR,ERR,ERR,ERR,ERR,ERR,ERR,ERR,ERR,0.0,0.0,0.0,0.0,0.0,1.3936040501711995e+18,7.805,0.0,0,0,4,0,7116,0.0,100,0.0,0.0,0.0,0.0,0.0,0,0,0,0,0.0,0,0,0,0,0,0,0,0,0,0,0,0,0,0,0,0,0,0,0,0,0,0,0,0,0,0,0,0,0,0,0,0,0,31,40,40,71,65476,0,300,0,0,8,21553,0.0,-107605600.0,0.0,0.0,0.0,0.0,0.0,0.0,0.0,0.0,0.0,0.0,0.0,0.0,0.0,0.0,0.0,0.0,0.0,0.0,0.0,0.0,-2.004,-0.0,-0.0,-2.004,0.0,0.0,0.0,0.0,6322.0,0.0,6919.0,0.0,0.0,2.7184303811560617e+23,0.0,0.0,0.0,0.0,0.0,69,0.0,4.0668733030591226e+29,0.0,0.0,0.0,0.0,0.0,0.0,0.0,0,0,0,0.0,0.0,0.0,0.0,0.0,0.0,0.0,0.0,0.0,0.0,0.0,0.0,0.0,0.0,0.0,0.0,0,-107875648.0,69,0.0,138,0.0,0.0,0,13107,17040,13107,17049,13107,17043,0,0,0,70,68,100,2.7302359370752657e+23,71.1,0.0,74.2,2.7302370179391762e+23,74.0,1,49,50,180,13107,52429,0,0,0.0,0.0,0.0,0.0,-0.0,67.0,0.0,162057.094,0.0,751,0,739,0,0,0,721,0,766,0,736,0,742,0,742,0,712,0,7520,0.032,79456894976.0,0.0,0.0,784,16797,-0.0,162057.094,-114818.039,-0.0,0.133,6.909358625270745e+28,30.0,65.0,35,0.0,0.0,0.0,0.0,0.0,0.0,0.0,0.0,0.0,0.0,0.0,0.0,0.0,0.0,0.0,0.0,69.2,0,150,71,55,65476,0,300,0,1,8,20529,65476,0,0,40632,65.0,0.0,0.0,0.0,0.0,0.0
2026-09-04T20:28:32,ERR,ERR,ERR,ERR,ERR,ERR,ERR,ERR,ERR,ERR,ERR,ERR,ERR,ERR,ERR,ERR,ERR,ERR,ERR,ERR,ERR,ERR,ERR,ERR,ERR,ERR,ERR,ERR,ERR,ERR,ERR,ERR,ERR,ERR,ERR,ERR,ERR,ERR,ERR,ERR,ERR,ERR,ERR,ERR,ERR,ERR,ERR,ERR,ERR,ERR,ERR,ERR,ERR,ERR,ERR,ERR,ERR,ERR,ERR,ERR,ERR,ERR,ERR,ERR,ERR,ERR,ERR,ERR,ERR,ERR,ERR,ERR,ERR,ERR,ERR,ERR,ERR,ERR,ERR,ERR,ERR,ERR,ERR,ERR,ERR,ERR,ERR,ERR,ERR,ERR,ERR,ERR,ERR,ERR,ERR,ERR,ERR,ERR,ERR,ERR,ERR,ERR,ERR,ERR,ERR,ERR,ERR,ERR,ERR,ERR,ERR,ERR,ERR,ERR,ERR,ERR,ERR,ERR,ERR,ERR,ERR,ERR,ERR,ERR,ERR,0.0,0.0,0.0,0.0,0.0,1.3936040501711995e+18,7.805,0.0,0,0,4,0,7116,0.0,100,0.0,0.0,0.0,0.0,0.0,0,0,0,0,0.0,0,0,0,0,0,0,0,0,0,0,0,0,0,0,0,0,0,0,0,0,0,0,0,0,0,0,0,0,0,0,0,0,0,31,40,40,71,65476,0,300,0,0,8,21553,0.0,-107605600.0,0.0,0.0,0.0,0.0,0.0,0.0,0.0,0.0,0.0,0.0,0.0,0.0,0.0,0.0,0.0,0.0,0.0,0.0,0.0,0.0,-2.004,-0.0,-0.0,-2.004,0.0,0.0,0.0,0.0,6322.0,0.0,6919.0,0.0,0.0,2.7184303811560617e+23,0.0,0.0,0.0,0.0,0.0,69,0.0,4.0668733030591226e+29,0.0,0.0,0.0,0.0,0.0,0.0,0.0,0,0,0,0.0,0.0,0.0,0.0,0.0,0.0,0.0,0.0,0.0,0.0,0.0,0.0,0.0,0.0,0.0,0.0,0,-107875648.0,69,0.0,138,0.0,0.0,0,13107,17040,13107,17049,13107,17043,0,0,0,70,68,100,2.7302359370752657e+23,71.1,0.0,74.2,2.7302370179391762e+23,74.0,1,49,50,180,13107,52429,0,0,0.0,0.0,0.0,0.0,-0.0,67.0,0.0,162057.094,0.0,751,0,739,0,0,0,721,0,766,0,736,0,742,0,741,0,712,0,7520,0.032,79456894976.0,0.0,0.0,784,16797,-0.0,162057.094,-114818.039,-0.0,0.133,6.909358625270745e+28,30.0,65.0,35,0.0,0.0,0.0,0.0,0.0,0.0,0.0,0.0,0.0,0.0,0.0,0.0,0.0,0.0,0.0,0.0,69.2,0,150,71,55,65476,0,300,0,1,8,20529,65476,0,0,40632,65.0,0.0,0.0,0.0,0.0,0.0
2026-09-04T20:28:33,ERR,ERR,ERR,ERR,ERR,ERR,ERR,ERR,ERR,ERR,ERR,ERR,ERR,ERR,ERR,ERR,ERR,ERR,ERR,ERR,ERR,ERR,ERR,ERR,ERR,ERR,ERR,ERR,ERR,ERR,ERR,ERR,ERR,ERR,ERR,ERR,ERR,ERR,ERR,ERR,ERR,ERR,ERR,ERR,ERR,ERR,ERR,ERR,ERR,ERR,ERR,ERR,ERR,ERR,ERR,ERR,ERR,ERR,ERR,ERR,ERR,ERR,ERR,ERR,ERR,ERR,ERR,ERR,ERR,ERR,ERR,ERR,ERR,ERR,ERR,ERR,ERR,ERR,ERR,ERR,ERR,ERR,ERR,ERR,ERR,ERR,ERR,ERR,ERR,ERR,ERR,ERR,ERR,ERR,ERR,ERR,ERR,ERR,ERR,ERR,ERR,ERR,ERR,ERR,ERR,ERR,ERR,ERR,ERR,ERR,ERR,ERR,ERR,ERR,ERR,ERR,ERR,ERR,ERR,ERR,ERR,ERR,ERR,ERR,ERR,0.0,0.0,0.0,0.0,0.0,1.3936040501711995e+18,7.805,0.0,0,0,4,0,7116,0.0,100,0.0,0.0,0.0,0.0,0.0,0,0,0,0,0.0,0,0,0,0,0,0,0,0,0,0,0,0,0,0,0,0,0,0,0,0,0,0,0,0,0,0,0,0,0,0,0,0,0,31,40,40,71,65476,0,300,0,0,8,21553,0.0,-107605600.0,0.0,0.0,0.0,0.0,0.0,0.0,0.0,0.0,0.0,0.0,0.0,0.0,0.0,0.0,0.0,0.0,0.0,0.0,0.0,0.0,-2.004,-0.0,-0.0,-2.004,0.0,0.0,0.0,0.0,6322.0,0.0,6919.0,0.0,0.0,2.7184303811560617e+23,0.0,0.0,0.0,0.0,0.0,69,0.0,4.0668733030591226e+29,0.0,0.0,0.0,0.0,0.0,0.0,0.0,0,0,0,0.0,0.0,0.0,0.0,0.0,0.0,0.0,0.0,0.0,0.0,0.0,0.0,0.0,0.0,0.0,0.0,0,-107875648.0,69,0.0,138,0.0,0.0,0,13107,17040,13107,17049,13107,17043,0,0,0,70,68,100,2.7302359370752657e+23,71.1,0.0,74.2,2.7302370179391762e+23,74.0,1,49,50,180,13107,52429,0,0,0.0,0.0,0.0,0.0,-0.0,67.0,0.0,162057.094,0.0,751,0,739,0,0,0,721,0,766,0,736,0,742,0,741,0,712,0,7520,0.032,79456894976.0,0.0,0.0,784,16797,-0.0,162057.094,-114818.039,-0.0,0.133,6.909358625270745e+28,30.0,65.0,35,0.0,0.0,0.0,0.0,0.0,0.0,0.0,0.0,0.0,0.0,0.0,0.0,0.0,0.0,0.0,0.0,69.2,0,150,71,55,65476,0,300,0,1,8,20529,65476,0,0,40632,65.0,0.0,0.0,0.0,0.0,0.0
2026-09-04T20:28:34,ERR,ERR,ERR,ERR,ERR,ERR,ERR,ERR,ERR,ERR,ERR,ERR,ERR,ERR,ERR,ERR,ERR,ERR,ERR,ERR,ERR,ERR,ERR,ERR,ERR,ERR,ERR,ERR,ERR,ERR,ERR,ERR,ERR,ERR,ERR,ERR,ERR,ERR,ERR,ERR,ERR,ERR,ERR,ERR,ERR,ERR,ERR,ERR,ERR,ERR,ERR,ERR,ERR,ERR,ERR,ERR,ERR,ERR,ERR,ERR,ERR,ERR,ERR,ERR,ERR,ERR,ERR,ERR,ERR,ERR,ERR,ERR,ERR,ERR,ERR,ERR,ERR,ERR,ERR,ERR,ERR,ERR,ERR,ERR,ERR,ERR,ERR,ERR,ERR,ERR,ERR,ERR,ERR,ERR,ERR,ERR,ERR,ERR,ERR,ERR,ERR,ERR,ERR,ERR,ERR,ERR,ERR,ERR,ERR,ERR,ERR,ERR,ERR,ERR,ERR,ERR,ERR,ERR,ERR,ERR,ERR,ERR,ERR,ERR,ERR,0.0,0.0,0.0,0.0,0.0,1.3936040501711995e+18,7.805,0.0,0,0,4,0,7116,0.0,100,0.0,0.0,0.0,0.0,0.0,0,0,0,0,0.0,0,0,0,0,0,0,0,0,0,0,0,0,0,0,0,0,0,0,0,0,0,0,0,0,0,0,0,0,0,0,0,0,0,31,40,40,71,65476,0,300,0,0,8,21553,0.0,-107605600.0,0.0,0.0,0.0,0.0,0.0,0.0,0.0,0.0,0.0,0.0,0.0,0.0,0.0,0.0,0.0,0.0,0.0,0.0,0.0,0.0,-2.004,-0.0,-0.0,-2.004,0.0,0.0,0.0,0.0,6322.0,0.0,6919.0,0.0,0.0,2.7184303811560617e+23,0.0,0.0,0.0,0.0,0.0,69,0.0,4.0668733030591226e+29,0.0,0.0,0.0,0.0,0.0,0.0,0.0,0,0,0,0.0,0.0,0.0,0.0,0.0,0.0,0.0,0.0,0.0,0.0,0.0,0.0,0.0,0.0,0.0,0.0,0,-107875648.0,69,0.0,138,0.0,0.0,0,13107,17040,13107,17049,13107,17043,0,0,0,70,68,100,2.7302359370752657e+23,71.1,0.0,74.2,2.7302370179391762e+23,74.0,1,49,50,180,13107,52429,0,0,0.0,0.0,0.0,0.0,-0.0,67.0,0.0,162057.094,0.0,751,0,739,0,0,0,721,0,766,0,736,0,742,0,741,0,712,0,7520,0.032,79456894976.0,0.0,0.0,784,16797,-0.0,162057.094,-114818.039,-0.0,0.133,6.909358625270745e+28,30.0,65.0,35,0.0,0.0,0.0,0.0,0.0,0.0,0.0,0.0,0.0,0.0,0.0,0.0,0.0,0.0,0.0,0.0,69.2,0,150,71,55,65476,0,300,0,1,8,20529,65476,0,0,40632,65.0,0.0,0.0,0.0,0.0,0.0
2026-09-04T20:28:35,ERR,ERR,ERR,ERR,ERR,ERR,ERR,ERR,ERR,ERR,ERR,ERR,ERR,ERR,ERR,ERR,ERR,ERR,ERR,ERR,ERR,ERR,ERR,ERR,ERR,ERR,ERR,ERR,ERR,ERR,ERR,ERR,ERR,ERR,ERR,ERR,ERR,ERR,ERR,ERR,ERR,ERR,ERR,ERR,ERR,ERR,ERR,ERR,ERR,ERR,ERR,ERR,ERR,ERR,ERR,ERR,ERR,ERR,ERR,ERR,ERR,ERR,ERR,ERR,ERR,ERR,ERR,ERR,ERR,ERR,ERR,ERR,ERR,ERR,ERR,ERR,ERR,ERR,ERR,ERR,ERR,ERR,ERR,ERR,ERR,ERR,ERR,ERR,ERR,ERR,ERR,ERR,ERR,ERR,ERR,ERR,ERR,ERR,ERR,ERR,ERR,ERR,ERR,ERR,ERR,ERR,ERR,ERR,ERR,ERR,ERR,ERR,ERR,ERR,ERR,ERR,ERR,ERR,ERR,ERR,ERR,ERR,ERR,ERR,ERR,0.0,0.0,0.0,0.0,0.0,1.3936040501711995e+18,7.805,0.0,0,0,4,0,7116,0.0,100,0.0,0.0,0.0,0.0,0.0,0,0,0,0,0.0,0,0,0,0,0,0,0,0,0,0,0,0,0,0,0,0,0,0,0,0,0,0,0,0,0,0,0,0,0,0,0,0,0,31,40,40,71,65476,0,300,0,0,8,21553,0.0,-107605600.0,0.0,0.0,0.0,0.0,0.0,0.0,0.0,0.0,0.0,0.0,0.0,0.0,0.0,0.0,0.0,0.0,0.0,0.0,0.0,0.0,-2.004,-0.0,-0.0,-2.004,0.0,0.0,0.0,0.0,6322.0,0.0,6919.0,0.0,0.0,2.7184303811560617e+23,0.0,0.0,0.0,0.0,0.0,69,0.0,4.0668733030591226e+29,0.0,0.0,0.0,0.0,0.0,0.0,0.0,0,0,0,0.0,0.0,0.0,0.0,0.0,0.0,0.0,0.0,0.0,0.0,0.0,0.0,0.0,0.0,0.0,0.0,0,-107875648.0,69,0.0,138,0.0,0.0,0,13107,17040,13107,17049,13107,17043,0,0,0,70,68,100,2.7302359370752657e+23,71.1,0.0,74.2,2.7302370179391762e+23,74.0,1,49,50,180,13107,52429,0,0,0.0,0.0,0.0,0.0,-0.0,67.0,0.0,162057.094,0.0,751,0,739,0,0,0,721,0,766,0,736,0,742,0,741,0,712,0,7520,0.032,79456894976.0,0.0,0.0,784,16797,-0.0,162057.094,-114818.039,-0.0,0.133,6.909358625270745e+28,30.0,65.0,35,0.0,0.0,0.0,0.0,0.0,0.0,0.0,0.0,0.0,0.0,0.0,0.0,0.0,0.0,0.0,0.0,69.2,0,150,71,55,65476,0,300,0,1,8,20529,65476,0,0,40632,65.0,0.0,0.0,0.0,0.0,0.0
2026-09-04T20:28:36,ERR,ERR,ERR,ERR,ERR,ERR,ERR,ERR,ERR,ERR,ERR,ERR,ERR,ERR,ERR,ERR,ERR,ERR,ERR,ERR,ERR,ERR,ERR,ERR,ERR,ERR,ERR,ERR,ERR,ERR,ERR,ERR,ERR,ERR,ERR,ERR,ERR,ERR,ERR,ERR,ERR,ERR,ERR,ERR,ERR,ERR,ERR,ERR,ERR,ERR,ERR,ERR,ERR,ERR,ERR,ERR,ERR,ERR,ERR,ERR,ERR,ERR,ERR,ERR,ERR,ERR,ERR,ERR,ERR,ERR,ERR,ERR,ERR,ERR,ERR,ERR,ERR,ERR,ERR,ERR,ERR,ERR,ERR,ERR,ERR,ERR,ERR,ERR,ERR,ERR,ERR,ERR,ERR,ERR,ERR,ERR,ERR,ERR,ERR,ERR,ERR,ERR,ERR,ERR,ERR,ERR,ERR,ERR,ERR,ERR,ERR,ERR,ERR,ERR,ERR,ERR,ERR,ERR,ERR,ERR,ERR,ERR,ERR,ERR,ERR,0.0,0.0,0.0,0.0,0.0,1.3936040501711995e+18,7.805,0.0,0,0,4,0,7116,0.0,100,0.0,0.0,0.0,0.0,0.0,0,0,0,0,0.0,0,0,0,0,0,0,0,0,0,0,0,0,0,0,0,0,0,0,0,0,0,0,0,0,0,0,0,0,0,0,0,0,0,31,40,40,71,65476,0,300,0,0,8,21553,0.0,-107605600.0,0.0,0.0,0.0,0.0,0.0,0.0,0.0,0.0,0.0,0.0,0.0,0.0,0.0,0.0,0.0,0.0,0.0,0.0,0.0,0.0,-2.004,-0.0,-0.0,-2.004,0.0,0.0,0.0,0.0,6322.0,0.0,6919.0,0.0,0.0,2.7184303811560617e+23,0.0,0.0,0.0,0.0,0.0,69,0.0,4.0668733030591226e+29,0.0,0.0,0.0,0.0,0.0,0.0,0.0,0,0,0,0.0,0.0,0.0,0.0,0.0,0.0,0.0,0.0,0.0,0.0,0.0,0.0,0.0,0.0,0.0,0.0,0,-107875648.0,69,0.0,138,0.0,0.0,0,13107,17040,13107,17049,13107,17043,0,0,0,70,68,100,2.7302359370752657e+23,71.1,0.0,74.2,2.7302370179391762e+23,74.0,1,49,50,180,13107,52429,0,0,0.0,0.0,0.0,0.0,-0.0,67.0,0.0,162057.094,0.0,751,0,739,0,0,0,721,0,766,0,736,0,742,0,741,0,712,0,7520,0.032,79456894976.0,0.0,0.0,784,16797,-0.0,162057.094,-114818.039,-0.0,0.133,6.909358625270745e+28,30.0,65.0,35,0.0,0.0,0.0,0.0,0.0,0.0,0.0,0.0,0.0,0.0,0.0,0.0,0.0,0.0,0.0,0.0,69.2,0,150,71,55,65476,0,300,0,1,8,20529,65476,0,0,40632,65.0,0.0,0.0,0.0,0.0,0.0
2026-09-04T20:28:37,ERR,ERR,ERR,ERR,ERR,ERR,ERR,ERR,ERR,ERR,ERR,ERR,ERR,ERR,ERR,ERR,ERR,ERR,ERR,ERR,ERR,ERR,ERR,ERR,ERR,ERR,ERR,ERR,ERR,ERR,ERR,ERR,ERR,ERR,ERR,ERR,ERR,ERR,ERR,ERR,ERR,ERR,ERR,ERR,ERR,ERR,ERR,ERR,ERR,ERR,ERR,ERR,ERR,ERR,ERR,ERR,ERR,ERR,ERR,ERR,ERR,ERR,ERR,ERR,ERR,ERR,ERR,ERR,ERR,ERR,ERR,ERR,ERR,ERR,ERR,ERR,ERR,ERR,ERR,ERR,ERR,ERR,ERR,ERR,ERR,ERR,ERR,ERR,ERR,ERR,ERR,ERR,ERR,ERR,ERR,ERR,ERR,ERR,ERR,ERR,ERR,ERR,ERR,ERR,ERR,ERR,ERR,ERR,ERR,ERR,ERR,ERR,ERR,ERR,ERR,ERR,ERR,ERR,ERR,ERR,ERR,ERR,ERR,ERR,ERR,0.0,0.0,0.0,0.0,0.0,1.3936040501711995e+18,7.805,0.0,0,0,4,0,7116,0.0,100,0.0,0.0,0.0,0.0,0.0,0,0,0,0,0.0,0,0,0,0,0,0,0,0,0,0,0,0,0,0,0,0,0,0,0,0,0,0,0,0,0,0,0,0,0,0,0,0,0,31,40,40,71,65476,0,300,0,0,8,21553,0.0,-107605600.0,0.0,0.0,0.0,0.0,0.0,0.0,0.0,0.0,0.0,0.0,0.0,0.0,0.0,0.0,0.0,0.0,0.0,0.0,0.0,0.0,-2.004,-0.0,-0.0,-2.004,0.0,0.0,0.0,0.0,6322.0,0.0,6919.0,0.0,0.0,2.7184303811560617e+23,0.0,0.0,0.0,0.0,0.0,69,0.0,4.0668733030591226e+29,0.0,0.0,0.0,0.0,0.0,0.0,0.0,0,0,0,0.0,0.0,0.0,0.0,0.0,0.0,0.0,0.0,0.0,0.0,0.0,0.0,0.0,0.0,0.0,0.0,0,-107875648.0,69,0.0,138,0.0,0.0,0,13107,17040,13107,17049,13107,17043,0,0,0,70,68,100,2.7302359370752657e+23,71.1,2.7302370179391762e+23,74.2,2.7302370179391762e+23,74.0,1,49,50,180,13107,52429,0,0,0.0,0.0,0.0,0.0,-0.0,67.0,0.0,162057.094,0.0,751,0,739,0,0,0,721,0,766,0,736,0,742,0,741,0,712,0,7520,0.032,79456894976.0,0.0,0.0,784,16797,-0.0,162057.094,-114818.039,-0.0,0.133,6.909358625270745e+28,30.0,65.0,35,0.0,0.0,0.0,0.0,0.0,0.0,0.0,0.0,0.0,0.0,0.0,0.0,0.0,0.0,0.0,0.0,69.2,0,150,71,55,65476,0,300,0,1,8,20529,65476,0,0,40632,65.0,0.0,0.0,0.0,0.0,0.0
2026-09-04T20:28:38,ERR,ERR,ERR,ERR,ERR,ERR,ERR,ERR,ERR,ERR,ERR,ERR,ERR,ERR,ERR,ERR,ERR,ERR,ERR,ERR,ERR,ERR,ERR,ERR,ERR,ERR,ERR,ERR,ERR,ERR,ERR,ERR,ERR,ERR,ERR,ERR,ERR,ERR,ERR,ERR,ERR,ERR,ERR,ERR,ERR,ERR,ERR,ERR,ERR,ERR,ERR,ERR,ERR,ERR,ERR,ERR,ERR,ERR,ERR,ERR,ERR,ERR,ERR,ERR,ERR,ERR,ERR,ERR,ERR,ERR,ERR,ERR,ERR,ERR,ERR,ERR,ERR,ERR,ERR,ERR,ERR,ERR,ERR,ERR,ERR,ERR,ERR,ERR,ERR,ERR,ERR,ERR,ERR,ERR,ERR,ERR,ERR,ERR,ERR,ERR,ERR,ERR,ERR,ERR,ERR,ERR,ERR,ERR,ERR,ERR,ERR,ERR,ERR,ERR,ERR,ERR,ERR,ERR,ERR,ERR,ERR,ERR,ERR,ERR,ERR,0.0,0.0,0.0,0.0,0.0,1.3936040501711995e+18,7.805,0.0,0,0,4,0,7116,0.0,100,0.0,0.0,0.0,0.0,0.0,0,0,0,0,0.0,0,0,0,0,0,0,0,0,0,0,0,0,0,0,0,0,0,0,0,0,0,0,0,0,0,0,0,0,0,0,0,0,0,31,40,40,71,65476,0,300,0,0,8,21553,0.0,-107605600.0,0.0,0.0,0.0,0.0,0.0,0.0,0.0,0.0,0.0,0.0,0.0,0.0,0.0,0.0,0.0,0.0,0.0,0.0,0.0,0.0,-2.004,-0.0,-0.0,-2.004,0.0,0.0,0.0,0.0,6322.0,0.0,6919.0,0.0,0.0,2.7184303811560617e+23,0.0,0.0,0.0,0.0,0.0,69,0.0,4.0668733030591226e+29,0.0,0.0,0.0,0.0,0.0,0.0,0.0,0,0,0,0.0,0.0,0.0,0.0,0.0,0.0,0.0,0.0,0.0,0.0,0.0,0.0,0.0,0.0,0.0,0.0,0,-107875648.0,69,0.0,138,0.0,0.0,0,13107,17040,13107,17049,13107,17043,0,0,0,70,68,100,2.7302359370752657e+23,71.1,2.7302370179391762e+23,74.2,2.7302370179391762e+23,74.0,1,49,50,180,13107,52429,0,0,0.0,0.0,0.0,0.0,-0.0,67.0,0.0,162057.094,0.0,751,0,739,0,0,0,721,0,766,0,736,0,742,0,741,0,712,0,7520,0.032,79456894976.0,0.0,0.0,784,16797,-0.0,162057.094,-114818.039,-0.0,0.133,6.909358625270745e+28,30.0,65.0,35,0.0,0.0,0.0,0.0,0.0,0.0,0.0,0.0,0.0,0.0,0.0,0.0,0.0,0.0,0.0,0.0,69.2,0,150,71,55,65476,0,300,0,1,8,20529,65476,0,0,40632,65.0,0.0,0.0,0.0,0.0,0.0
2026-09-04T20:28:39,ERR,ERR,ERR,ERR,ERR,ERR,ERR,ERR,ERR,ERR,ERR,ERR,ERR,ERR,ERR,ERR,ERR,ERR,ERR,ERR,ERR,ERR,ERR,ERR,ERR,ERR,ERR,ERR,ERR,ERR,ERR,ERR,ERR,ERR,ERR,ERR,ERR,ERR,ERR,ERR,ERR,ERR,ERR,ERR,ERR,ERR,ERR,ERR,ERR,ERR,ERR,ERR,ERR,ERR,ERR,ERR,ERR,ERR,ERR,ERR,ERR,ERR,ERR,ERR,ERR,ERR,ERR,ERR,ERR,ERR,ERR,ERR,ERR,ERR,ERR,ERR,ERR,ERR,ERR,ERR,ERR,ERR,ERR,ERR,ERR,ERR,ERR,ERR,ERR,ERR,ERR,ERR,ERR,ERR,ERR,ERR,ERR,ERR,ERR,ERR,ERR,ERR,ERR,ERR,ERR,ERR,ERR,ERR,ERR,ERR,ERR,ERR,ERR,ERR,ERR,ERR,ERR,ERR,ERR,ERR,ERR,ERR,ERR,ERR,ERR,0.0,0.0,0.0,0.0,0.0,1.3936040501711995e+18,7.805,0.0,0,0,4,0,7116,0.0,100,0.0,0.0,0.0,0.0,0.0,0,0,0,0,0.0,0,0,0,0,0,0,0,0,0,0,0,0,0,0,0,0,0,0,0,0,0,0,0,0,0,0,0,0,0,0,0,0,0,31,40,40,71,65476,0,300,0,0,8,21553,0.0,-107605600.0,0.0,0.0,0.0,0.0,0.0,0.0,0.0,0.0,0.0,0.0,0.0,0.0,0.0,0.0,0.0,0.0,0.0,0.0,0.0,0.0,-2.004,-0.0,-0.0,-2.004,0.0,0.0,0.0,0.0,6329.0,3.697204165615393e+19,6924.0,0.0,0.0,2.7184303811560617e+23,0.0,0.0,0.0,0.0,0.0,69,71.63,-0.0,0.0,0.0,0.0,0.0,0.0,0.0,0.0,0,0,0,0.0,0.0,0.0,0.0,0.0,0.0,0.0,0.0,0.0,0.0,0.0,0.0,0.0,0.0,0.0,0.0,0,-107875648.0,69,0.0,138,0.0,0.0,0,13107,17040,13107,17049,13107,17043,0,0,0,70,68,100,2.7302359370752657e+23,71.1,2.7302370179391762e+23,74.2,2.7302370179391762e+23,74.0,1,49,50,180,13107,52429,0,0,0.0,0.0,0.0,0.0,-0.0,67.0,0.0,162057.094,0.0,751,0,739,0,0,0,721,0,766,0,736,0,742,0,741,0,712,0,7520,0.032,79456894976.0,0.0,0.0,784,16797,-0.0,162057.094,-114818.039,-0.0,0.133,6.909358625270745e+28,30.0,65.0,35,0.0,0.0,0.0,0.0,0.0,0.0,0.0,0.0,0.0,0.0,0.0,0.0,0.0,0.0,0.0,0.0,69.2,0,150,71,55,65476,0,300,0,1,8,20529,65476,0,0,40632,65.0,0.0,0.0,0.0,0.0,0.0
2026-09-04T20:28:40,ERR,ERR,ERR,ERR,ERR,ERR,ERR,ERR,ERR,ERR,ERR,ERR,ERR,ERR,ERR,ERR,ERR,ERR,ERR,ERR,ERR,ERR,ERR,ERR,ERR,ERR,ERR,ERR,ERR,ERR,ERR,ERR,ERR,ERR,ERR,ERR,ERR,ERR,ERR,ERR,ERR,ERR,ERR,ERR,ERR,ERR,ERR,ERR,ERR,ERR,ERR,ERR,ERR,ERR,ERR,ERR,ERR,ERR,ERR,ERR,ERR,ERR,ERR,ERR,ERR,ERR,ERR,ERR,ERR,ERR,ERR,ERR,ERR,ERR,ERR,ERR,ERR,ERR,ERR,ERR,ERR,ERR,ERR,ERR,ERR,ERR,ERR,ERR,ERR,ERR,ERR,ERR,ERR,ERR,ERR,ERR,ERR,ERR,ERR,ERR,ERR,ERR,ERR,ERR,ERR,ERR,ERR,ERR,ERR,ERR,ERR,ERR,ERR,ERR,ERR,ERR,ERR,ERR,ERR,ERR,ERR,ERR,ERR,ERR,ERR,0.0,0.0,0.0,0.0,0.0,1.3936040501711995e+18,7.805,0.0,0,0,4,0,7116,0.0,100,0.0,0.0,0.0,0.0,0.0,0,0,0,0,0.0,0,0,0,0,0,0,0,0,0,0,0,0,0,0,0,0,0,0,0,0,0,0,0,0,0,0,0,0,0,0,0,0,0,31,40,40,71,65476,0,300,0,0,8,21553,0.0,-107605600.0,0.0,0.0,0.0,0.0,0.0,0.0,0.0,0.0,0.0,0.0,0.0,0.0,0.0,0.0,0.0,0.0,0.0,0.0,0.0,0.0,-2.004,-0.0,-0.0,-2.004,0.0,0.0,0.0,0.0,6329.0,3.697204165615393e+19,6924.0,0.0,0.0,2.7184303811560617e+23,0.0,0.0,0.0,0.0,0.0,69,71.63,-0.0,0.0,0.0,0.0,0.0,0.0,0.0,0.0,0,0,0,0.0,0.0,0.0,0.0,0.0,0.0,0.0,0.0,0.0,0.0,0.0,0.0,0.0,0.0,0.0,0.0,0,-107875648.0,69,0.0,138,0.0,0.0,0,13107,17040,13107,17049,13107,17043,0,0,0,70,68,100,2.7302359370752657e+23,71.1,2.7302370179391762e+23,74.2,2.7302370179391762e+23,74.0,1,49,50,180,13107,52429,0,0,0.0,0.0,0.0,0.0,-0.0,67.0,0.0,162057.094,0.0,751,0,739,0,0,0,721,0,766,0,736,0,742,0,741,0,712,0,7520,0.032,79456894976.0,0.0,0.0,784,16797,-0.0,162057.094,-114818.039,-0.0,0.133,6.909358625270745e+28,30.0,65.0,35,0.0,0.0,0.0,0.0,0.0,0.0,0.0,0.0,0.0,0.0,0.0,0.0,0.0,0.0,0.0,0.0,69.2,0,150,71,55,65476,0,300,0,1,8,20529,65476,0,0,40632,65.0,0.0,0.0,0.0,0.0,0.0
2026-09-04T20:28:41,ERR,ERR,ERR,ERR,ERR,ERR,ERR,ERR,ERR,ERR,ERR,ERR,ERR,ERR,ERR,ERR,ERR,ERR,ERR,ERR,ERR,ERR,ERR,ERR,ERR,ERR,ERR,ERR,ERR,ERR,ERR,ERR,ERR,ERR,ERR,ERR,ERR,ERR,ERR,ERR,ERR,ERR,ERR,ERR,ERR,ERR,ERR,ERR,ERR,ERR,ERR,ERR,ERR,ERR,ERR,ERR,ERR,ERR,ERR,ERR,ERR,ERR,ERR,ERR,ERR,ERR,ERR,ERR,ERR,ERR,ERR,ERR,ERR,ERR,ERR,ERR,ERR,ERR,ERR,ERR,ERR,ERR,ERR,ERR,ERR,ERR,ERR,ERR,ERR,ERR,ERR,ERR,ERR,ERR,ERR,ERR,ERR,ERR,ERR,ERR,ERR,ERR,ERR,ERR,ERR,ERR,ERR,ERR,ERR,ERR,ERR,ERR,ERR,ERR,ERR,ERR,ERR,ERR,ERR,ERR,ERR,ERR,ERR,ERR,ERR,0.0,0.0,0.0,0.0,0.0,1.3936040501711995e+18,7.805,0.0,0,0,4,0,7116,0.0,100,0.0,0.0,0.0,0.0,0.0,0,0,0,0,0.0,0,0,0,0,0,0,0,0,0,0,0,0,0,0,0,0,0,0,0,0,0,0,0,0,0,0,0,0,0,0,0,0,0,31,40,40,71,65476,0,300,0,0,8,21553,0.0,-107605600.0,0.0,0.0,0.0,0.0,0.0,0.0,0.0,0.0,0.0,0.0,0.0,0.0,0.0,0.0,0.0,0.0,0.0,0.0,0.0,0.0,-2.004,-0.0,-0.0,-2.004,0.0,0.0,0.0,0.0,6329.0,3.697204165615393e+19,6924.0,0.0,0.0,2.7184303811560617e+23,0.0,0.0,0.0,0.0,0.0,69,71.63,-0.0,0.0,0.0,0.0,0.0,0.0,0.0,0.0,0,0,0,0.0,0.0,0.0,0.0,0.0,0.0,0.0,0.0,0.0,0.0,0.0,0.0,0.0,0.0,0.0,0.0,0,-107875648.0,69,0.0,138,0.0,0.0,0,13107,17040,13107,17049,13107,17043,0,0,0,70,68,100,2.7302359370752657e+23,71.1,2.7302370179391762e+23,74.2,2.7302370179391762e+23,74.0,1,49,50,180,13107,52429,0,0,0.0,0.0,0.0,0.0,-0.0,67.0,0.0,162057.094,0.0,751,0,739,0,0,0,721,0,766,0,736,0,742,0,741,0,712,0,7520,0.032,79456894976.0,0.0,0.0,784,16797,-0.0,162057.094,-114818.039,-0.0,0.133,6.909358625270745e+28,30.0,65.0,35,0.0,0.0,0.0,0.0,0.0,0.0,0.0,0.0,0.0,0.0,0.0,0.0,0.0,0.0,0.0,0.0,69.2,0,150,71,55,65476,0,300,0,1,8,20529,65476,0,0,40632,65.0,0.0,0.0,0.0,0.0,0.0
2026-09-04T20:28:42,ERR,ERR,ERR,ERR,ERR,ERR,ERR,ERR,ERR,ERR,ERR,ERR,ERR,ERR,ERR,ERR,ERR,ERR,ERR,ERR,ERR,ERR,ERR,ERR,ERR,ERR,ERR,ERR,ERR,ERR,ERR,ERR,ERR,ERR,ERR,ERR,ERR,ERR,ERR,ERR,ERR,ERR,ERR,ERR,ERR,ERR,ERR,ERR,ERR,ERR,ERR,ERR,ERR,ERR,ERR,ERR,ERR,ERR,ERR,ERR,ERR,ERR,ERR,ERR,ERR,ERR,ERR,ERR,ERR,ERR,ERR,ERR,ERR,ERR,ERR,ERR,ERR,ERR,ERR,ERR,ERR,ERR,ERR,ERR,ERR,ERR,ERR,ERR,ERR,ERR,ERR,ERR,ERR,ERR,ERR,ERR,ERR,ERR,ERR,ERR,ERR,ERR,ERR,ERR,ERR,ERR,ERR,ERR,ERR,ERR,ERR,ERR,ERR,ERR,ERR,ERR,ERR,ERR,ERR,ERR,ERR,ERR,ERR,ERR,ERR,0.0,0.0,0.0,0.0,0.0,1.3936040501711995e+18,7.805,0.0,0,0,4,0,7116,0.0,100,0.0,0.0,0.0,0.0,0.0,0,0,0,0,0.0,0,0,0,0,0,0,0,0,0,0,0,0,0,0,0,0,0,0,0,0,0,0,0,0,0,0,0,0,0,0,0,0,0,31,40,40,71,65476,0,300,0,0,8,21553,0.0,-107605600.0,0.0,0.0,0.0,0.0,0.0,0.0,0.0,0.0,0.0,0.0,0.0,0.0,0.0,0.0,0.0,0.0,0.0,0.0,0.0,0.0,-2.004,-0.0,-0.0,-2.004,0.0,0.0,0.0,0.0,6329.0,3.697204165615393e+19,6924.0,0.0,0.0,2.7184303811560617e+23,0.0,0.0,0.0,0.0,0.0,69,71.63,-0.0,0.0,0.0,0.0,0.0,0.0,0.0,0.0,0,0,0,0.0,0.0,0.0,0.0,0.0,0.0,0.0,0.0,0.0,0.0,0.0,0.0,0.0,0.0,0.0,0.0,0,-107875648.0,69,0.0,138,0.0,0.0,0,13107,17040,13107,17049,13107,17043,0,0,0,70,68,100,2.7302359370752657e+23,71.1,2.7302370179391762e+23,74.2,2.7302370179391762e+23,74.0,1,49,50,180,13107,52429,0,0,0.0,0.0,0.0,0.0,-0.0,67.0,0.0,162057.094,0.0,751,0,739,0,0,0,721,0,766,0,736,0,742,0,741,0,712,0,7520,0.032,79456894976.0,0.0,0.0,784,16797,-0.0,162057.094,-114818.039,-0.0,0.133,6.909358625270745e+28,30.0,65.0,35,0.0,0.0,0.0,0.0,0.0,0.0,0.0,0.0,0.0,0.0,0.0,0.0,0.0,0.0,0.0,0.0,69.2,0,150,71,55,65476,0,300,0,1,8,20529,65476,0,0,40632,65.0,0.0,0.0,0.0,0.0,0.0
2026-09-04T20:28:43,ERR,ERR,ERR,ERR,ERR,ERR,ERR,ERR,ERR,ERR,ERR,ERR,ERR,ERR,ERR,ERR,ERR,ERR,ERR,ERR,ERR,ERR,ERR,ERR,ERR,ERR,ERR,ERR,ERR,ERR,ERR,ERR,ERR,ERR,ERR,ERR,ERR,ERR,ERR,ERR,ERR,ERR,ERR,ERR,ERR,ERR,ERR,ERR,ERR,ERR,ERR,ERR,ERR,ERR,ERR,ERR,ERR,ERR,ERR,ERR,ERR,ERR,ERR,ERR,ERR,ERR,ERR,ERR,ERR,ERR,ERR,ERR,ERR,ERR,ERR,ERR,ERR,ERR,ERR,ERR,ERR,ERR,ERR,ERR,ERR,ERR,ERR,ERR,ERR,ERR,ERR,ERR,ERR,ERR,ERR,ERR,ERR,ERR,ERR,ERR,ERR,ERR,ERR,ERR,ERR,ERR,ERR,ERR,ERR,ERR,ERR,ERR,ERR,ERR,ERR,ERR,ERR,ERR,ERR,ERR,ERR,ERR,ERR,ERR,ERR,0.0,0.0,0.0,0.0,0.0,1.3936040501711995e+18,7.805,0.0,0,0,4,0,7116,0.0,100,0.0,0.0,0.0,0.0,0.0,0,0,0,0,0.0,0,0,0,0,0,0,0,0,0,0,0,0,0,0,0,0,0,0,0,0,0,0,0,0,0,0,0,0,0,0,0,0,0,31,40,40,71,65476,0,300,0,0,8,21553,0.0,-107605600.0,0.0,0.0,0.0,0.0,0.0,0.0,0.0,0.0,0.0,0.0,0.0,0.0,0.0,0.0,0.0,0.0,0.0,0.0,0.0,0.0,-2.004,-0.0,-0.0,-2.004,0.0,0.0,0.0,0.0,6329.0,3.697204165615393e+19,6924.0,0.0,0.0,2.7184303811560617e+23,0.0,0.0,0.0,0.0,0.0,69,71.63,-0.0,0.0,0.0,0.0,0.0,0.0,0.0,0.0,0,0,0,0.0,0.0,0.0,0.0,0.0,0.0,0.0,0.0,0.0,0.0,0.0,0.0,0.0,0.0,0.0,0.0,0,-107875648.0,69,0.0,138,0.0,0.0,0,13107,17040,13107,17049,13107,17043,0,0,0,70,68,100,2.7302359370752657e+23,71.1,0.0,74.2,2.7302370179391762e+23,74.0,1,49,50,180,13107,52429,0,0,0.0,0.0,0.0,0.0,-0.0,67.0,0.0,162057.094,0.0,751,0,739,0,0,0,721,0,766,0,736,0,742,0,741,0,712,0,7520,0.032,78920024064.0,0.0,0.0,784,16797,-0.0,162057.094,-114818.039,-0.0,0.133,6.909358625270745e+28,30.0,65.0,35,0.0,0.0,0.0,0.0,0.0,0.0,0.0,0.0,0.0,0.0,0.0,0.0,0.0,0.0,0.0,0.0,69.2,0,150,71,55,65476,0,300,0,1,8,20529,65476,0,0,40632,65.0,0.0,0.0,0.0,0.0,0.0
2026-09-04T20:28:44,ERR,ERR,ERR,ERR,ERR,ERR,ERR,ERR,ERR,ERR,ERR,ERR,ERR,ERR,ERR,ERR,ERR,ERR,ERR,ERR,ERR,ERR,ERR,ERR,ERR,ERR,ERR,ERR,ERR,ERR,ERR,ERR,ERR,ERR,ERR,ERR,ERR,ERR,ERR,ERR,ERR,ERR,ERR,ERR,ERR,ERR,ERR,ERR,ERR,ERR,ERR,ERR,ERR,ERR,ERR,ERR,ERR,ERR,ERR,ERR,ERR,ERR,ERR,ERR,ERR,ERR,ERR,ERR,ERR,ERR,ERR,ERR,ERR,ERR,ERR,ERR,ERR,ERR,ERR,ERR,ERR,ERR,ERR,ERR,ERR,ERR,ERR,ERR,ERR,ERR,ERR,ERR,ERR,ERR,ERR,ERR,ERR,ERR,ERR,ERR,ERR,ERR,ERR,ERR,ERR,ERR,ERR,ERR,ERR,ERR,ERR,ERR,ERR,ERR,ERR,ERR,ERR,ERR,ERR,ERR,ERR,ERR,ERR,ERR,ERR,0.0,0.0,0.0,0.0,0.0,1.3936040501711995e+18,7.805,0.0,0,0,4,0,7116,0.0,100,0.0,0.0,0.0,0.0,0.0,0,0,0,0,0.0,0,0,0,0,0,0,0,0,0,0,0,0,0,0,0,0,0,0,0,0,0,0,0,0,0,0,0,0,0,0,0,0,0,31,40,40,71,65476,0,300,0,0,8,21553,0.0,-107605600.0,0.0,0.0,0.0,0.0,0.0,0.0,0.0,0.0,0.0,0.0,0.0,0.0,0.0,0.0,0.0,0.0,0.0,0.0,0.0,0.0,-2.004,-0.0,-0.0,-2.004,0.0,0.0,0.0,0.0,6329.0,3.697204165615393e+19,6924.0,0.0,0.0,2.7184303811560617e+23,0.0,0.0,0.0,0.0,0.0,69,71.63,-0.0,0.0,0.0,0.0,0.0,0.0,0.0,0.0,0,0,0,0.0,0.0,0.0,0.0,0.0,0.0,0.0,0.0,0.0,0.0,0.0,0.0,0.0,0.0,0.0,0.0,0,-107875648.0,69,0.0,138,0.0,0.0,0,13107,17040,13107,17049,13107,17043,0,0,0,70,68,100,2.7302359370752657e+23,71.1,0.0,74.2,2.7302370179391762e+23,74.0,1,49,50,180,13107,52429,0,0,0.0,0.0,0.0,0.0,-0.0,67.0,0.0,162057.094,0.0,751,0,739,0,0,0,721,0,766,0,736,0,742,0,741,0,712,0,7520,0.032,78920024064.0,0.0,0.0,784,16797,-0.0,162057.094,-114818.039,-0.0,0.133,6.909358625270745e+28,30.0,65.0,35,0.0,0.0,0.0,0.0,0.0,0.0,0.0,0.0,0.0,0.0,0.0,0.0,0.0,0.0,0.0,0.0,69.2,0,150,71,55,65476,0,300,0,1,8,20529,65476,0,0,40632,65.0,0.0,0.0,0.0,0.0,0.0
2026-09-04T20:28:45,ERR,ERR,ERR,ERR,ERR,ERR,ERR,ERR,ERR,ERR,ERR,ERR,ERR,ERR,ERR,ERR,ERR,ERR,ERR,ERR,ERR,ERR,ERR,ERR,ERR,ERR,ERR,ERR,ERR,ERR,ERR,ERR,ERR,ERR,ERR,ERR,ERR,ERR,ERR,ERR,ERR,ERR,ERR,ERR,ERR,ERR,ERR,ERR,ERR,ERR,ERR,ERR,ERR,ERR,ERR,ERR,ERR,ERR,ERR,ERR,ERR,ERR,ERR,ERR,ERR,ERR,ERR,ERR,ERR,ERR,ERR,ERR,ERR,ERR,ERR,ERR,ERR,ERR,ERR,ERR,ERR,ERR,ERR,ERR,ERR,ERR,ERR,ERR,ERR,ERR,ERR,ERR,ERR,ERR,ERR,ERR,ERR,ERR,ERR,ERR,ERR,ERR,ERR,ERR,ERR,ERR,ERR,ERR,ERR,ERR,ERR,ERR,ERR,ERR,ERR,ERR,ERR,ERR,ERR,ERR,ERR,ERR,ERR,ERR,ERR,0.0,0.0,0.0,0.0,0.0,1.3936040501711995e+18,7.805,0.0,0,0,4,0,7116,0.0,100,0.0,0.0,0.0,0.0,0.0,0,0,0,0,0.0,0,0,0,0,0,0,0,0,0,0,0,0,0,0,0,0,0,0,0,0,0,0,0,0,0,0,0,0,0,0,0,0,0,31,40,40,71,65476,0,300,0,0,8,21553,0.0,-107605600.0,0.0,0.0,0.0,0.0,0.0,0.0,0.0,0.0,0.0,0.0,0.0,0.0,0.0,0.0,0.0,0.0,0.0,0.0,0.0,0.0,-2.004,-0.0,-0.0,-2.004,0.0,0.0,0.0,0.0,6329.0,3.697204165615393e+19,6924.0,0.0,0.0,2.7184303811560617e+23,0.0,0.0,0.0,0.0,0.0,69,71.63,-0.0,0.0,0.0,0.0,0.0,0.0,0.0,0.0,0,0,0,0.0,0.0,0.0,0.0,0.0,0.0,0.0,0.0,0.0,0.0,0.0,0.0,0.0,0.0,0.0,0.0,0,-107875648.0,69,0.0,138,0.0,0.0,0,13107,17040,13107,17049,13107,17043,0,0,0,70,68,100,2.7302359370752657e+23,71.1,0.0,74.2,2.7302370179391762e+23,74.0,1,49,50,180,13107,52429,0,0,0.0,0.0,0.0,0.0,-0.0,67.0,0.0,162057.094,0.0,751,0,739,0,0,0,721,0,766,0,736,0,742,0,741,0,712,0,7520,0.032,78920024064.0,0.0,0.0,784,16797,-0.0,162057.094,-114818.039,-0.0,0.133,6.909358625270745e+28,30.0,65.0,35,0.0,0.0,0.0,0.0,0.0,0.0,0.0,0.0,0.0,0.0,0.0,0.0,0.0,0.0,0.0,0.0,69.2,0,150,71,55,65476,0,300,0,1,8,20529,65476,0,0,40632,65.0,0.0,0.0,0.0,0.0,0.0
2026-09-04T20:28:46,ERR,ERR,ERR,ERR,ERR,ERR,ERR,ERR,ERR,ERR,ERR,ERR,ERR,ERR,ERR,ERR,ERR,ERR,ERR,ERR,ERR,ERR,ERR,ERR,ERR,ERR,ERR,ERR,ERR,ERR,ERR,ERR,ERR,ERR,ERR,ERR,ERR,ERR,ERR,ERR,ERR,ERR,ERR,ERR,ERR,ERR,ERR,ERR,ERR,ERR,ERR,ERR,ERR,ERR,ERR,ERR,ERR,ERR,ERR,ERR,ERR,ERR,ERR,ERR,ERR,ERR,ERR,ERR,ERR,ERR,ERR,ERR,ERR,ERR,ERR,ERR,ERR,ERR,ERR,ERR,ERR,ERR,ERR,ERR,ERR,ERR,ERR,ERR,ERR,ERR,ERR,ERR,ERR,ERR,ERR,ERR,ERR,ERR,ERR,ERR,ERR,ERR,ERR,ERR,ERR,ERR,ERR,ERR,ERR,ERR,ERR,ERR,ERR,ERR,ERR,ERR,ERR,ERR,ERR,ERR,ERR,ERR,ERR,ERR,ERR,0.0,0.0,0.0,0.0,0.0,1.3936040501711995e+18,7.805,0.0,0,0,4,0,7116,0.0,100,0.0,0.0,0.0,0.0,0.0,0,0,0,0,0.0,0,0,0,0,0,0,0,0,0,0,0,0,0,0,0,0,0,0,0,0,0,0,0,0,0,0,0,0,0,0,0,0,0,31,40,40,71,65476,0,300,0,0,8,21553,0.0,-107605600.0,0.0,0.0,0.0,0.0,0.0,0.0,0.0,0.0,0.0,0.0,0.0,0.0,0.0,0.0,0.0,0.0,0.0,0.0,0.0,0.0,-2.004,-2.004,-0.0,-2.004,0.0,0.0,0.0,0.0,6329.0,131351.078,6921.0,0.0,0.0,-0.0,0.0,0.0,0.0,0.0,0.0,69,71.63,-0.0,0.0,0.0,0.0,0.0,0.0,0.0,0.0,0,0,0,0.0,0.0,0.0,0.0,0.0,0.0,0.0,0.0,0.0,0.0,0.0,0.0,0.0,0.0,0.0,0.0,0,-107875648.0,69,0.0,138,0.0,0.0,0,13107,17040,13107,17049,13107,17043,0,0,0,70,68,100,2.7302359370752657e+23,71.1,0.0,74.2,2.7302370179391762e+23,74.0,1,49,50,180,13107,52429,0,0,0.0,0.0,0.0,0.0,-0.0,67.0,0.0,162057.094,0.0,751,0,739,0,0,0,721,0,766,0,736,0,742,0,741,0,712,0,7520,0.032,78920024064.0,0.0,0.0,784,16797,-0.0,162057.094,-114818.039,-0.0,0.133,6.909358625270745e+28,30.0,65.0,35,0.0,0.0,0.0,0.0,0.0,0.0,0.0,0.0,0.0,0.0,0.0,0.0,0.0,0.0,0.0,0.0,69.2,0,150,71,55,65476,0,300,0,1,8,20529,65476,0,0,40632,65.0,0.0,0.0,0.0,0.0,0.0
2026-09-04T20:28:47,ERR,ERR,ERR,ERR,ERR,ERR,ERR,ERR,ERR,ERR,ERR,ERR,ERR,ERR,ERR,ERR,ERR,ERR,ERR,ERR,ERR,ERR,ERR,ERR,ERR,ERR,ERR,ERR,ERR,ERR,ERR,ERR,ERR,ERR,ERR,ERR,ERR,ERR,ERR,ERR,ERR,ERR,ERR,ERR,ERR,ERR,ERR,ERR,ERR,ERR,ERR,ERR,ERR,ERR,ERR,ERR,ERR,ERR,ERR,ERR,ERR,ERR,ERR,ERR,ERR,ERR,ERR,ERR,ERR,ERR,ERR,ERR,ERR,ERR,ERR,ERR,ERR,ERR,ERR,ERR,ERR,ERR,ERR,ERR,ERR,ERR,ERR,ERR,ERR,ERR,ERR,ERR,ERR,ERR,ERR,ERR,ERR,ERR,ERR,ERR,ERR,ERR,ERR,ERR,ERR,ERR,ERR,ERR,ERR,ERR,ERR,ERR,ERR,ERR,ERR,ERR,ERR,ERR,ERR,ERR,ERR,ERR,ERR,ERR,ERR,0.0,0.0,0.0,0.0,0.0,1.3936040501711995e+18,7.805,0.0,0,0,4,0,7116,0.0,100,0.0,0.0,0.0,0.0,0.0,0,0,0,0,0.0,0,0,0,0,0,0,0,0,0,0,0,0,0,0,0,0,0,0,0,0,0,0,0,0,0,0,0,0,0,0,0,0,0,31,40,40,71,65476,0,300,0,0,8,21553,0.0,-107605600.0,0.0,0.0,0.0,0.0,0.0,0.0,0.0,0.0,0.0,0.0,0.0,0.0,0.0,0.0,0.0,0.0,0.0,0.0,0.0,0.0,-2.004,-2.004,-0.0,-2.004,0.0,0.0,0.0,0.0,6329.0,131351.078,6921.0,0.0,0.0,-0.0,0.0,0.0,0.0,0.0,0.0,69,71.63,-0.0,0.0,0.0,0.0,0.0,0.0,0.0,0.0,0,0,0,0.0,0.0,0.0,0.0,0.0,0.0,0.0,0.0,0.0,0.0,0.0,0.0,0.0,0.0,0.0,0.0,0,-107875648.0,69,0.0,138,0.0,0.0,0,13107,17040,13107,17049,13107,17043,0,0,0,70,68,100,2.7302359370752657e+23,71.1,0.0,74.2,2.7302370179391762e+23,74.0,1,49,50,180,13107,52429,0,0,0.0,0.0,0.0,0.0,-0.0,67.0,0.0,162057.094,0.0,751,0,739,0,0,0,721,0,766,0,736,0,742,0,741,0,712,0,7520,0.032,78920024064.0,0.0,0.0,784,16797,-0.0,162057.094,-114818.039,-0.0,0.133,6.909358625270745e+28,30.0,65.0,35,0.0,0.0,0.0,0.0,0.0,0.0,0.0,0.0,0.0,0.0,0.0,0.0,0.0,0.0,0.0,0.0,69.2,0,150,71,55,65476,0,300,0,1,8,20529,65476,0,0,40632,65.0,0.0,0.0,0.0,0.0,0.0
2026-09-04T20:28:48,ERR,ERR,ERR,ERR,ERR,ERR,ERR,ERR,ERR,ERR,ERR,ERR,ERR,ERR,ERR,ERR,ERR,ERR,ERR,ERR,ERR,ERR,ERR,ERR,ERR,ERR,ERR,ERR,ERR,ERR,ERR,ERR,ERR,ERR,ERR,ERR,ERR,ERR,ERR,ERR,ERR,ERR,ERR,ERR,ERR,ERR,ERR,ERR,ERR,ERR,ERR,ERR,ERR,ERR,ERR,ERR,ERR,ERR,ERR,ERR,ERR,ERR,ERR,ERR,ERR,ERR,ERR,ERR,ERR,ERR,ERR,ERR,ERR,ERR,ERR,ERR,ERR,ERR,ERR,ERR,ERR,ERR,ERR,ERR,ERR,ERR,ERR,ERR,ERR,ERR,ERR,ERR,ERR,ERR,ERR,ERR,ERR,ERR,ERR,ERR,ERR,ERR,ERR,ERR,ERR,ERR,ERR,ERR,ERR,ERR,ERR,ERR,ERR,ERR,ERR,ERR,ERR,ERR,ERR,ERR,ERR,ERR,ERR,ERR,ERR,0.0,0.0,0.0,0.0,0.0,1.3936040501711995e+18,7.805,0.0,0,0,4,0,7116,0.0,100,0.0,0.0,0.0,0.0,0.0,0,0,0,0,0.0,0,0,0,0,0,0,0,0,0,0,0,0,0,0,0,0,0,0,0,0,0,0,0,0,0,0,0,0,0,0,0,0,0,31,40,40,71,65476,0,300,0,0,8,21553,0.0,-107605600.0,0.0,0.0,0.0,0.0,0.0,0.0,0.0,0.0,0.0,0.0,0.0,0.0,0.0,0.0,0.0,0.0,0.0,0.0,0.0,0.0,-2.004,-2.004,-0.0,-2.004,0.0,0.0,0.0,0.0,6329.0,131351.078,6921.0,0.0,0.0,-0.0,0.0,0.0,0.0,0.0,0.0,69,71.63,-0.0,0.0,0.0,0.0,0.0,0.0,0.0,0.0,0,0,0,0.0,0.0,0.0,0.0,0.0,0.0,0.0,0.0,0.0,0.0,0.0,0.0,0.0,0.0,0.0,0.0,0,-107875648.0,69,0.0,138,0.0,0.0,0,13107,17040,13107,17049,13107,17043,0,0,0,70,68,100,2.7302359370752657e+23,71.1,0.0,74.2,2.7302370179391762e+23,74.0,1,49,50,180,13107,52429,0,0,0.0,0.0,0.0,0.0,-0.0,67.0,0.0,162057.094,0.0,751,0,739,0,0,0,721,0,766,0,736,0,742,0,741,0,712,0,7520,0.032,104689827840.0,0.0,0.0,784,16797,-0.0,162057.094,-114818.039,-0.0,0.133,6.909358625270745e+28,30.0,65.0,35,0.0,0.0,0.0,0.0,0.0,0.0,0.0,0.0,0.0,0.0,0.0,0.0,0.0,0.0,0.0,0.0,69.2,0,150,71,55,65476,0,300,0,1,8,20529,65476,0,0,40632,65.0,0.0,0.0,0.0,0.0,0.0
2026-09-04T20:28:49,ERR,ERR,ERR,ERR,ERR,ERR,ERR,ERR,ERR,ERR,ERR,ERR,ERR,ERR,ERR,ERR,ERR,ERR,ERR,ERR,ERR,ERR,ERR,ERR,ERR,ERR,ERR,ERR,ERR,ERR,ERR,ERR,ERR,ERR,ERR,ERR,ERR,ERR,ERR,ERR,ERR,ERR,ERR,ERR,ERR,ERR,ERR,ERR,ERR,ERR,ERR,ERR,ERR,ERR,ERR,ERR,ERR,ERR,ERR,ERR,ERR,ERR,ERR,ERR,ERR,ERR,ERR,ERR,ERR,ERR,ERR,ERR,ERR,ERR,ERR,ERR,ERR,ERR,ERR,ERR,ERR,ERR,ERR,ERR,ERR,ERR,ERR,ERR,ERR,ERR,ERR,ERR,ERR,ERR,ERR,ERR,ERR,ERR,ERR,ERR,ERR,ERR,ERR,ERR,ERR,ERR,ERR,ERR,ERR,ERR,ERR,ERR,ERR,ERR,ERR,ERR,ERR,ERR,ERR,ERR,ERR,ERR,ERR,ERR,ERR,0.0,0.0,0.0,0.0,0.0,1.3936040501711995e+18,7.805,0.0,0,0,4,0,7116,0.0,100,0.0,0.0,0.0,0.0,0.0,0,0,0,0,0.0,0,0,0,0,0,0,0,0,0,0,0,0,0,0,0,0,0,0,0,0,0,0,0,0,0,0,0,0,0,0,0,0,0,31,40,40,71,65476,0,300,0,0,8,21553,0.0,-107605600.0,0.0,0.0,0.0,0.0,0.0,0.0,0.0,0.0,0.0,0.0,0.0,0.0,0.0,0.0,0.0,0.0,0.0,0.0,0.0,0.0,-2.004,-2.004,-0.0,-2.004,0.0,0.0,0.0,0.0,6329.0,131351.078,6921.0,0.0,0.0,-0.0,0.0,0.0,0.0,0.0,0.0,69,71.63,-0.0,0.0,0.0,0.0,0.0,0.0,0.0,0.0,0,0,0,0.0,0.0,0.0,0.0,0.0,0.0,0.0,0.0,0.0,0.0,0.0,0.0,0.0,0.0,0.0,0.0,0,-107875648.0,69,0.0,138,0.0,0.0,0,13107,17040,13107,17049,13107,17043,0,0,0,70,68,100,2.7302359370752657e+23,71.1,0.0,74.2,2.7302370179391762e+23,74.0,1,49,50,180,13107,52429,0,0,0.0,0.0,0.0,0.0,-0.0,67.0,0.0,162057.094,0.0,751,0,739,0,0,0,721,0,766,0,736,0,742,0,741,0,712,0,7520,0.032,104689827840.0,0.0,0.0,784,16797,-0.0,162057.094,-114818.039,-0.0,0.133,6.909358625270745e+28,30.0,65.0,35,0.0,0.0,0.0,0.0,0.0,0.0,0.0,0.0,0.0,0.0,0.0,0.0,0.0,0.0,0.0,0.0,69.2,0,150,71,55,65476,0,300,0,1,8,20529,65476,0,0,40632,65.0,0.0,0.0,0.0,0.0,0.0
2026-09-04T20:28:50,ERR,ERR,ERR,ERR,ERR,ERR,ERR,ERR,ERR,ERR,ERR,ERR,ERR,ERR,ERR,ERR,ERR,ERR,ERR,ERR,ERR,ERR,ERR,ERR,ERR,ERR,ERR,ERR,ERR,ERR,ERR,ERR,ERR,ERR,ERR,ERR,ERR,ERR,ERR,ERR,ERR,ERR,ERR,ERR,ERR,ERR,ERR,ERR,ERR,ERR,ERR,ERR,ERR,ERR,ERR,ERR,ERR,ERR,ERR,ERR,ERR,ERR,ERR,ERR,ERR,ERR,ERR,ERR,ERR,ERR,ERR,ERR,ERR,ERR,ERR,ERR,ERR,ERR,ERR,ERR,ERR,ERR,ERR,ERR,ERR,ERR,ERR,ERR,ERR,ERR,ERR,ERR,ERR,ERR,ERR,ERR,ERR,ERR,ERR,ERR,ERR,ERR,ERR,ERR,ERR,ERR,ERR,ERR,ERR,ERR,ERR,ERR,ERR,ERR,ERR,ERR,ERR,ERR,ERR,ERR,ERR,ERR,ERR,ERR,ERR,0.0,0.0,0.0,0.0,0.0,1.3936040501711995e+18,7.805,0.0,0,0,4,0,7116,0.0,100,0.0,0.0,0.0,0.0,0.0,0,0,0,0,0.0,0,0,0,0,0,0,0,0,0,0,0,0,0,0,0,0,0,0,0,0,0,0,0,0,0,0,0,0,0,0,0,0,0,31,40,40,71,65476,0,300,0,0,8,21553,0.0,-107605600.0,0.0,0.0,0.0,0.0,0.0,0.0,0.0,0.0,0.0,0.0,0.0,0.0,0.0,0.0,0.0,0.0,0.0,0.0,0.0,0.0,-2.004,-2.004,-0.0,-2.004,0.0,0.0,0.0,0.0,6329.0,131351.078,6921.0,0.0,0.0,-0.0,0.0,0.0,0.0,0.0,0.0,69,71.63,-0.0,0.0,0.0,0.0,0.0,0.0,0.0,0.0,0,0,0,0.0,0.0,0.0,0.0,0.0,0.0,0.0,0.0,0.0,0.0,0.0,0.0,0.0,0.0,0.0,0.0,0,-107875648.0,69,0.0,138,0.0,0.0,0,13107,17040,13107,17049,13107,17043,0,0,0,70,68,100,2.7302359370752657e+23,71.1,0.0,74.2,2.7302370179391762e+23,74.0,1,49,50,180,13107,52429,0,0,0.0,0.0,0.0,0.0,-0.0,67.0,0.0,162057.094,0.0,751,0,739,0,0,0,721,0,766,0,736,0,742,0,741,0,712,0,7520,0.032,104689827840.0,0.0,0.0,784,16797,-0.0,162057.094,-114818.039,-0.0,0.133,6.909358625270745e+28,30.0,65.0,35,0.0,0.0,0.0,0.0,0.0,0.0,0.0,0.0,0.0,0.0,0.0,0.0,0.0,0.0,0.0,0.0,69.6,0,150,71,55,65476,0,300,0,1,8,20529,65476,0,0,40632,65.0,0.0,0.0,0.0,0.0,0.0
2026-09-04T20:28:51,ERR,ERR,ERR,ERR,ERR,ERR,ERR,ERR,ERR,ERR,ERR,ERR,ERR,ERR,ERR,ERR,ERR,ERR,ERR,ERR,ERR,ERR,ERR,ERR,ERR,ERR,ERR,ERR,ERR,ERR,ERR,ERR,ERR,ERR,ERR,ERR,ERR,ERR,ERR,ERR,ERR,ERR,ERR,ERR,ERR,ERR,ERR,ERR,ERR,ERR,ERR,ERR,ERR,ERR,ERR,ERR,ERR,ERR,ERR,ERR,ERR,ERR,ERR,ERR,ERR,ERR,ERR,ERR,ERR,ERR,ERR,ERR,ERR,ERR,ERR,ERR,ERR,ERR,ERR,ERR,ERR,ERR,ERR,ERR,ERR,ERR,ERR,ERR,ERR,ERR,ERR,ERR,ERR,ERR,ERR,ERR,ERR,ERR,ERR,ERR,ERR,ERR,ERR,ERR,ERR,ERR,ERR,ERR,ERR,ERR,ERR,ERR,ERR,ERR,ERR,ERR,ERR,ERR,ERR,ERR,ERR,ERR,ERR,ERR,ERR,0.0,0.0,0.0,0.0,0.0,1.3936040501711995e+18,7.805,0.0,0,0,4,0,7116,0.0,100,0.0,0.0,0.0,0.0,0.0,0,0,0,0,0.0,0,0,0,0,0,0,0,0,0,0,0,0,0,0,0,0,0,0,0,0,0,0,0,0,0,0,0,0,0,0,0,0,0,31,40,40,71,65476,0,300,0,0,8,21553,0.0,-107605600.0,0.0,0.0,0.0,0.0,0.0,0.0,0.0,0.0,0.0,0.0,0.0,0.0,0.0,0.0,0.0,0.0,0.0,0.0,0.0,0.0,-2.004,-2.004,-0.0,-2.004,0.0,0.0,0.0,0.0,6329.0,131351.078,6921.0,0.0,0.0,-0.0,0.0,0.0,0.0,0.0,0.0,69,71.63,-0.0,0.0,0.0,0.0,0.0,0.0,0.0,0.0,0,0,0,0.0,0.0,0.0,0.0,0.0,0.0,0.0,0.0,0.0,0.0,0.0,0.0,0.0,0.0,0.0,0.0,0,-107875648.0,69,0.0,138,0.0,0.0,0,13107,17040,13107,17049,13107,17043,0,0,0,70,68,100,2.7302359370752657e+23,71.1,0.0,74.2,2.7302370179391762e+23,74.0,1,49,50,180,13107,52429,0,0,0.0,0.0,0.0,0.0,-0.0,67.0,0.0,162057.094,0.0,751,0,739,0,0,0,721,0,766,0,736,0,742,0,741,0,712,0,7520,0.032,104689827840.0,0.0,0.0,784,16797,-0.0,162057.094,-114818.039,-0.0,0.133,6.909358625270745e+28,30.0,65.0,35,0.0,0.0,0.0,0.0,0.0,0.0,0.0,0.0,0.0,0.0,0.0,0.0,0.0,0.0,0.0,0.0,69.6,0,150,71,55,65476,0,300,0,1,8,20529,65476,0,0,40632,65.0,0.0,0.0,0.0,0.0,0.0
2026-09-04T20:28:52,ERR,ERR,ERR,ERR,ERR,ERR,ERR,ERR,ERR,ERR,ERR,ERR,ERR,ERR,ERR,ERR,ERR,ERR,ERR,ERR,ERR,ERR,ERR,ERR,ERR,ERR,ERR,ERR,ERR,ERR,ERR,ERR,ERR,ERR,ERR,ERR,ERR,ERR,ERR,ERR,ERR,ERR,ERR,ERR,ERR,ERR,ERR,ERR,ERR,ERR,ERR,ERR,ERR,ERR,ERR,ERR,ERR,ERR,ERR,ERR,ERR,ERR,ERR,ERR,ERR,ERR,ERR,ERR,ERR,ERR,ERR,ERR,ERR,ERR,ERR,ERR,ERR,ERR,ERR,ERR,ERR,ERR,ERR,ERR,ERR,ERR,ERR,ERR,ERR,ERR,ERR,ERR,ERR,ERR,ERR,ERR,ERR,ERR,ERR,ERR,ERR,ERR,ERR,ERR,ERR,ERR,ERR,ERR,ERR,ERR,ERR,ERR,ERR,ERR,ERR,ERR,ERR,ERR,ERR,ERR,ERR,ERR,ERR,ERR,ERR,0.0,0.0,0.0,0.0,0.0,1.3936040501711995e+18,7.805,0.0,0,0,4,0,7116,0.0,100,0.0,0.0,0.0,0.0,0.0,0,0,0,0,0.0,0,0,0,0,0,0,0,0,0,0,0,0,0,0,0,0,0,0,0,0,0,0,0,0,0,0,0,0,0,0,0,0,0,31,40,40,71,65476,0,300,0,0,8,21553,0.0,-107605600.0,0.0,0.0,0.0,0.0,0.0,0.0,0.0,0.0,0.0,0.0,0.0,0.0,0.0,0.0,0.0,0.0,0.0,0.0,0.0,0.0,-2.004,-2.004,-0.0,-2.004,0.0,0.0,0.0,0.0,6329.0,131351.078,6921.0,0.0,0.0,-0.0,0.0,0.0,0.0,0.0,0.0,69,71.63,-0.0,0.0,0.0,0.0,0.0,0.0,0.0,0.0,0,0,0,0.0,0.0,0.0,0.0,0.0,0.0,0.0,0.0,0.0,0.0,0.0,0.0,0.0,0.0,0.0,0.0,0,-107875648.0,69,0.0,138,0.0,0.0,0,13107,17040,13107,17049,13107,17043,0,0,0,70,68,100,2.7302359370752657e+23,71.1,0.0,74.2,2.7302370179391762e+23,74.0,1,49,50,180,13107,52429,0,0,0.0,0.0,0.0,0.0,-0.0,67.0,0.0,162057.094,0.0,751,0,739,0,0,0,721,0,766,0,736,0,742,0,741,0,712,0,7520,0.032,104689827840.0,0.0,0.0,784,16797,-0.0,162057.094,-114818.039,-0.0,0.133,6.909358625270745e+28,30.0,65.0,35,0.0,0.0,0.0,0.0,0.0,0.0,0.0,0.0,0.0,0.0,0.0,0.0,0.0,0.0,0.0,0.0,69.2,0,150,71,55,65476,0,300,0,1,8,20529,65476,0,0,40632,65.0,0.0,0.0,0.0,0.0,0.0
2026-09-04T20:28:53,ERR,ERR,ERR,ERR,ERR,ERR,ERR,ERR,ERR,ERR,ERR,ERR,ERR,ERR,ERR,ERR,ERR,ERR,ERR,ERR,ERR,ERR,ERR,ERR,ERR,ERR,ERR,ERR,ERR,ERR,ERR,ERR,ERR,ERR,ERR,ERR,ERR,ERR,ERR,ERR,ERR,ERR,ERR,ERR,ERR,ERR,ERR,ERR,ERR,ERR,ERR,ERR,ERR,ERR,ERR,ERR,ERR,ERR,ERR,ERR,ERR,ERR,ERR,ERR,ERR,ERR,ERR,ERR,ERR,ERR,ERR,ERR,ERR,ERR,ERR,ERR,ERR,ERR,ERR,ERR,ERR,ERR,ERR,ERR,ERR,ERR,ERR,ERR,ERR,ERR,ERR,ERR,ERR,ERR,ERR,ERR,ERR,ERR,ERR,ERR,ERR,ERR,ERR,ERR,ERR,ERR,ERR,ERR,ERR,ERR,ERR,ERR,ERR,ERR,ERR,ERR,ERR,ERR,ERR,ERR,ERR,ERR,ERR,ERR,ERR,0.0,0.0,0.0,0.0,0.0,1.3936040501711995e+18,7.805,0.0,0,0,4,0,7116,0.0,100,0.0,0.0,0.0,0.0,0.0,0,0,0,0,0.0,0,0,0,0,0,0,0,0,0,0,0,0,0,0,0,0,0,0,0,0,0,0,0,0,0,0,0,0,0,0,0,0,0,31,40,40,71,65476,0,300,0,0,8,21553,0.0,-107605600.0,0.0,0.0,0.0,0.0,0.0,0.0,0.0,0.0,0.0,0.0,0.0,0.0,0.0,0.0,0.0,0.0,0.0,0.0,0.0,0.0,-2.004,-2.004,-0.0,-2.004,0.0,0.0,0.0,0.0,6329.0,131351.078,6921.0,0.0,0.0,-0.0,0.0,0.0,0.0,0.0,0.0,69,71.63,-0.0,0.0,0.0,0.0,0.0,0.0,0.0,0.0,0,0,0,0.0,0.0,0.0,0.0,0.0,0.0,0.0,0.0,0.0,0.0,0.0,0.0,0.0,0.0,0.0,0.0,0,-107875648.0,69,0.0,138,0.0,0.0,0,13107,17040,13107,17049,13107,17043,0,0,0,70,68,100,2.7302359370752657e+23,71.1,0.0,74.2,2.7302370179391762e+23,74.0,1,49,50,180,13107,52429,0,0,0.0,0.0,0.0,0.0,-0.0,67.0,0.0,162057.094,0.0,751,0,739,0,0,0,721,0,766,0,736,0,742,0,741,0,712,0,7520,0.032,104689827840.0,0.0,0.0,784,16797,-0.0,162057.094,-114818.039,-0.0,0.133,6.909358625270745e+28,30.0,65.0,35,0.0,0.0,0.0,0.0,0.0,0.0,0.0,0.0,0.0,0.0,0.0,0.0,0.0,0.0,0.0,0.0,69.2,0,150,71,55,65476,0,300,0,1,8,20529,65476,0,0,40632,65.0,0.0,0.0,0.0,0.0,0.0
2026-09-04T20:28:54,ERR,ERR,ERR,ERR,ERR,ERR,ERR,ERR,ERR,ERR,ERR,ERR,ERR,ERR,ERR,ERR,ERR,ERR,ERR,ERR,ERR,ERR,ERR,ERR,ERR,ERR,ERR,ERR,ERR,ERR,ERR,ERR,ERR,ERR,ERR,ERR,ERR,ERR,ERR,ERR,ERR,ERR,ERR,ERR,ERR,ERR,ERR,ERR,ERR,ERR,ERR,ERR,ERR,ERR,ERR,ERR,ERR,ERR,ERR,ERR,ERR,ERR,ERR,ERR,ERR,ERR,ERR,ERR,ERR,ERR,ERR,ERR,ERR,ERR,ERR,ERR,ERR,ERR,ERR,ERR,ERR,ERR,ERR,ERR,ERR,ERR,ERR,ERR,ERR,ERR,ERR,ERR,ERR,ERR,ERR,ERR,ERR,ERR,ERR,ERR,ERR,ERR,ERR,ERR,ERR,ERR,ERR,ERR,ERR,ERR,ERR,ERR,ERR,ERR,ERR,ERR,ERR,ERR,ERR,ERR,ERR,ERR,ERR,ERR,ERR,0.0,0.0,0.0,0.0,0.0,1.3936040501711995e+18,7.805,0.0,0,0,4,0,7116,0.0,100,0.0,0.0,0.0,0.0,0.0,0,0,0,0,0.0,0,0,0,0,0,0,0,0,0,0,0,0,0,0,0,0,0,0,0,0,0,0,0,0,0,0,0,0,0,0,0,0,0,31,40,40,71,65476,0,300,0,0,8,21553,0.0,-107605600.0,0.0,0.0,0.0,0.0,0.0,0.0,0.0,0.0,0.0,0.0,0.0,0.0,0.0,0.0,0.0,0.0,0.0,0.0,0.0,0.0,-2.004,-0.0,-2.004,-2.004,0.0,0.0,0.0,0.0,6324.0,1.587937097795308e+29,6922.0,0.0,0.0,2.7184303811560617e+23,0.0,0.0,0.0,0.0,0.0,69,0.0,-0.0,0.0,0.0,0.0,0.0,0.0,0.0,0.0,0,0,0,0.0,0.0,0.0,0.0,0.0,0.0,0.0,0.0,0.0,0.0,0.0,0.0,0.0,0.0,0.0,0.0,0,-107875648.0,69,0.0,138,0.0,0.0,0,13107,17040,13107,17049,13107,17043,0,0,0,70,68,100,2.7302359370752657e+23,71.1,0.0,74.2,2.7302370179391762e+23,74.0,1,49,50,180,13107,52429,0,0,0.0,0.0,0.0,0.0,-0.0,67.0,0.0,162057.094,0.0,751,0,739,0,0,0,721,0,766,0,736,0,742,0,741,0,712,0,7520,0.032,99321118720.0,0.0,0.0,784,16797,-0.0,162057.094,-114818.039,-0.0,0.133,6.909358625270745e+28,30.0,65.0,35,0.0,0.0,0.0,0.0,0.0,0.0,0.0,0.0,0.0,0.0,0.0,0.0,0.0,0.0,0.0,0.0,69.2,0,150,71,55,65476,0,300,0,1,8,20529,65476,0,0,40632,65.0,0.0,0.0,0.0,0.0,0.0
2026-09-04T20:28:55,ERR,ERR,ERR,ERR,ERR,ERR,ERR,ERR,ERR,ERR,ERR,ERR,ERR,ERR,ERR,ERR,ERR,ERR,ERR,ERR,ERR,ERR,ERR,ERR,ERR,ERR,ERR,ERR,ERR,ERR,ERR,ERR,ERR,ERR,ERR,ERR,ERR,ERR,ERR,ERR,ERR,ERR,ERR,ERR,ERR,ERR,ERR,ERR,ERR,ERR,ERR,ERR,ERR,ERR,ERR,ERR,ERR,ERR,ERR,ERR,ERR,ERR,ERR,ERR,ERR,ERR,ERR,ERR,ERR,ERR,ERR,ERR,ERR,ERR,ERR,ERR,ERR,ERR,ERR,ERR,ERR,ERR,ERR,ERR,ERR,ERR,ERR,ERR,ERR,ERR,ERR,ERR,ERR,ERR,ERR,ERR,ERR,ERR,ERR,ERR,ERR,ERR,ERR,ERR,ERR,ERR,ERR,ERR,ERR,ERR,ERR,ERR,ERR,ERR,ERR,ERR,ERR,ERR,ERR,ERR,ERR,ERR,ERR,ERR,ERR,0.0,0.0,0.0,0.0,0.0,1.3936040501711995e+18,7.805,0.0,0,0,4,0,7116,0.0,100,0.0,0.0,0.0,0.0,0.0,0,0,0,0,0.0,0,0,0,0,0,0,0,0,0,0,0,0,0,0,0,0,0,0,0,0,0,0,0,0,0,0,0,0,0,0,0,0,0,31,40,40,71,65476,0,300,0,0,8,21553,0.0,-107605600.0,0.0,0.0,0.0,0.0,0.0,0.0,0.0,0.0,0.0,0.0,0.0,0.0,0.0,0.0,0.0,0.0,0.0,0.0,0.0,0.0,-2.004,-0.0,-2.004,-2.004,0.0,0.0,0.0,0.0,6324.0,1.587937097795308e+29,6922.0,0.0,0.0,2.7184303811560617e+23,0.0,0.0,0.0,0.0,0.0,69,0.0,-0.0,0.0,0.0,0.0,0.0,0.0,0.0,0.0,0,0,0,0.0,0.0,0.0,0.0,0.0,0.0,0.0,0.0,0.0,0.0,0.0,0.0,0.0,0.0,0.0,0.0,0,-107875648.0,69,0.0,138,0.0,0.0,0,13107,17040,13107,17049,13107,17043,0,0,0,70,68,100,2.7302359370752657e+23,71.1,0.0,74.2,2.7302370179391762e+23,74.0,1,49,50,180,13107,52429,0,0,0.0,0.0,0.0,0.0,-0.0,67.0,0.0,162057.094,0.0,751,0,739,0,0,0,721,0,766,0,736,0,742,0,741,0,712,0,7520,0.032,99321118720.0,0.0,0.0,784,16797,-0.0,162057.094,-114818.039,-0.0,0.133,6.909358625270745e+28,30.0,65.0,35,0.0,0.0,0.0,0.0,0.0,0.0,0.0,0.0,0.0,0.0,0.0,0.0,0.0,0.0,0.0,0.0,69.2,0,150,71,55,65476,0,300,0,1,8,20529,65476,0,0,40632,65.0,0.0,0.0,0.0,0.0,0.0
2026-09-04T20:28:56,ERR,ERR,ERR,ERR,ERR,ERR,ERR,ERR,ERR,ERR,ERR,ERR,ERR,ERR,ERR,ERR,ERR,ERR,ERR,ERR,ERR,ERR,ERR,ERR,ERR,ERR,ERR,ERR,ERR,ERR,ERR,ERR,ERR,ERR,ERR,ERR,ERR,ERR,ERR,ERR,ERR,ERR,ERR,ERR,ERR,ERR,ERR,ERR,ERR,ERR,ERR,ERR,ERR,ERR,ERR,ERR,ERR,ERR,ERR,ERR,ERR,ERR,ERR,ERR,ERR,ERR,ERR,ERR,ERR,ERR,ERR,ERR,ERR,ERR,ERR,ERR,ERR,ERR,ERR,ERR,ERR,ERR,ERR,ERR,ERR,ERR,ERR,ERR,ERR,ERR,ERR,ERR,ERR,ERR,ERR,ERR,ERR,ERR,ERR,ERR,ERR,ERR,ERR,ERR,ERR,ERR,ERR,ERR,ERR,ERR,ERR,ERR,ERR,ERR,ERR,ERR,ERR,ERR,ERR,ERR,ERR,ERR,ERR,ERR,ERR,0.0,0.0,0.0,0.0,0.0,1.3936040501711995e+18,7.805,0.0,0,0,4,0,7116,0.0,100,0.0,0.0,0.0,0.0,0.0,0,0,0,0,0.0,0,0,0,0,0,0,0,0,0,0,0,0,0,0,0,0,0,0,0,0,0,0,0,0,0,0,0,0,0,0,0,0,0,31,40,40,71,65476,0,300,0,0,8,21553,0.0,-107605600.0,0.0,0.0,0.0,0.0,0.0,0.0,0.0,0.0,0.0,0.0,0.0,0.0,0.0,0.0,0.0,0.0,0.0,0.0,0.0,0.0,-2.004,-0.0,-2.004,-2.004,0.0,0.0,0.0,0.0,6324.0,1.587937097795308e+29,6922.0,0.0,0.0,2.7184303811560617e+23,0.0,0.0,0.0,0.0,0.0,69,0.0,-0.0,0.0,0.0,0.0,0.0,0.0,0.0,0.0,0,0,0,0.0,0.0,0.0,0.0,0.0,0.0,0.0,0.0,0.0,0.0,0.0,0.0,0.0,0.0,0.0,0.0,0,-107875648.0,69,0.0,138,0.0,0.0,0,13107,17040,13107,17049,13107,17043,0,0,0,70,68,100,2.7302359370752657e+23,71.1,0.0,74.2,2.7302370179391762e+23,74.0,1,49,50,180,13107,52429,0,0,0.0,0.0,0.0,0.0,-0.0,67.0,0.0,162057.094,0.0,751,0,739,0,0,0,721,0,766,0,736,0,742,0,741,0,712,0,7520,0.032,99321118720.0,0.0,0.0,784,16797,-0.0,162057.094,-114818.039,-0.0,0.133,6.909358625270745e+28,30.0,65.0,35,0.0,0.0,0.0,0.0,0.0,0.0,0.0,0.0,0.0,0.0,0.0,0.0,0.0,0.0,0.0,0.0,69.2,0,150,71,55,65476,0,300,0,1,8,20529,65476,0,0,40632,65.0,0.0,0.0,0.0,0.0,0.0
2026-09-04T20:28:57,ERR,ERR,ERR,ERR,ERR,ERR,ERR,ERR,ERR,ERR,ERR,ERR,ERR,ERR,ERR,ERR,ERR,ERR,ERR,ERR,ERR,ERR,ERR,ERR,ERR,ERR,ERR,ERR,ERR,ERR,ERR,ERR,ERR,ERR,ERR,ERR,ERR,ERR,ERR,ERR,ERR,ERR,ERR,ERR,ERR,ERR,ERR,ERR,ERR,ERR,ERR,ERR,ERR,ERR,ERR,ERR,ERR,ERR,ERR,ERR,ERR,ERR,ERR,ERR,ERR,ERR,ERR,ERR,ERR,ERR,ERR,ERR,ERR,ERR,ERR,ERR,ERR,ERR,ERR,ERR,ERR,ERR,ERR,ERR,ERR,ERR,ERR,ERR,ERR,ERR,ERR,ERR,ERR,ERR,ERR,ERR,ERR,ERR,ERR,ERR,ERR,ERR,ERR,ERR,ERR,ERR,ERR,ERR,ERR,ERR,ERR,ERR,ERR,ERR,ERR,ERR,ERR,ERR,ERR,ERR,ERR,ERR,ERR,ERR,ERR,0.0,0.0,0.0,0.0,0.0,1.3936040501711995e+18,7.805,0.0,0,0,4,0,7116,0.0,100,0.0,0.0,0.0,0.0,0.0,0,0,0,0,0.0,0,0,0,0,0,0,0,0,0,0,0,0,0,0,0,0,0,0,0,0,0,0,0,0,0,0,0,0,0,0,0,0,0,31,40,40,71,65476,0,300,0,0,8,21553,0.0,-107605600.0,0.0,0.0,0.0,0.0,0.0,0.0,0.0,0.0,0.0,0.0,0.0,0.0,0.0,0.0,0.0,0.0,0.0,0.0,0.0,0.0,-2.004,-0.0,-2.004,-2.004,0.0,0.0,0.0,0.0,6324.0,1.587937097795308e+29,6922.0,0.0,0.0,2.7184303811560617e+23,0.0,0.0,0.0,0.0,0.0,69,0.0,-0.0,0.0,0.0,0.0,0.0,0.0,0.0,0.0,0,0,0,0.0,0.0,0.0,0.0,0.0,0.0,0.0,0.0,0.0,0.0,0.0,0.0,0.0,0.0,0.0,0.0,0,-107875648.0,69,0.0,138,0.0,0.0,0,13107,17040,13107,17049,13107,17043,0,0,0,70,68,100,2.7302359370752657e+23,71.1,0.0,74.2,2.7302370179391762e+23,74.0,1,49,50,180,13107,52429,0,0,0.0,0.0,0.0,0.0,-0.0,67.0,0.0,162057.094,0.0,751,0,739,0,0,0,721,0,766,0,736,0,742,0,741,0,712,0,7520,0.032,99321118720.0,0.0,0.0,784,16797,-0.0,162057.094,-114818.039,-0.0,0.133,6.909358625270745e+28,30.0,65.0,35,0.0,0.0,0.0,0.0,0.0,0.0,0.0,0.0,0.0,0.0,0.0,0.0,0.0,0.0,0.0,0.0,69.2,0,150,71,55,65476,0,300,0,1,8,20529,65476,0,0,40632,65.0,0.0,0.0,0.0,0.0,0.0
2026-09-04T20:28:58,ERR,ERR,ERR,ERR,ERR,ERR,ERR,ERR,ERR,ERR,ERR,ERR,ERR,ERR,ERR,ERR,ERR,ERR,ERR,ERR,ERR,ERR,ERR,ERR,ERR,ERR,ERR,ERR,ERR,ERR,ERR,ERR,ERR,ERR,ERR,ERR,ERR,ERR,ERR,ERR,ERR,ERR,ERR,ERR,ERR,ERR,ERR,ERR,ERR,ERR,ERR,ERR,ERR,ERR,ERR,ERR,ERR,ERR,ERR,ERR,ERR,ERR,ERR,ERR,ERR,ERR,ERR,ERR,ERR,ERR,ERR,ERR,ERR,ERR,ERR,ERR,ERR,ERR,ERR,ERR,ERR,ERR,ERR,ERR,ERR,ERR,ERR,ERR,ERR,ERR,ERR,ERR,ERR,ERR,ERR,ERR,ERR,ERR,ERR,ERR,ERR,ERR,ERR,ERR,ERR,ERR,ERR,ERR,ERR,ERR,ERR,ERR,ERR,ERR,ERR,ERR,ERR,ERR,ERR,ERR,ERR,ERR,ERR,ERR,ERR,0.0,0.0,0.0,0.0,0.0,1.3936040501711995e+18,7.805,0.0,0,0,4,0,7116,0.0,100,0.0,0.0,0.0,0.0,0.0,0,0,0,0,0.0,0,0,0,0,0,0,0,0,0,0,0,0,0,0,0,0,0,0,0,0,0,0,0,0,0,0,0,0,0,0,0,0,0,31,40,40,71,65476,0,300,0,0,8,21553,0.0,-107605600.0,0.0,0.0,0.0,0.0,0.0,0.0,0.0,0.0,0.0,0.0,0.0,0.0,0.0,0.0,0.0,0.0,0.0,0.0,0.0,0.0,-2.004,-0.0,-2.004,-2.004,0.0,0.0,0.0,0.0,6324.0,1.587937097795308e+29,6922.0,0.0,0.0,2.7184303811560617e+23,0.0,0.0,0.0,0.0,0.0,69,0.0,-0.0,0.0,0.0,0.0,0.0,0.0,0.0,0.0,0,0,0,0.0,0.0,0.0,0.0,0.0,0.0,0.0,0.0,0.0,0.0,0.0,0.0,0.0,0.0,0.0,0.0,0,-107875648.0,69,0.0,138,0.0,0.0,0,13107,17040,13107,17049,13107,17043,0,0,0,70,68,100,2.7302359370752657e+23,71.1,0.0,74.2,2.7302370179391762e+23,74.0,1,49,50,180,13107,52429,0,0,0.0,0.0,0.0,0.0,-0.0,67.0,0.0,162057.094,0.0,751,0,739,0,0,0,721,0,766,0,736,0,742,0,741,0,712,0,7520,0.032,99321118720.0,0.0,0.0,784,16797,-0.0,162057.094,-114818.039,-0.0,0.133,6.909358625270745e+28,30.0,65.0,35,0.0,0.0,0.0,0.0,0.0,0.0,0.0,0.0,0.0,0.0,0.0,0.0,0.0,0.0,0.0,0.0,69.2,0,150,71,55,65476,0,300,0,1,8,20529,65476,0,0,40632,65.0,0.0,0.0,0.0,0.0,0.0
2026-09-04T20:28:59,ERR,ERR,ERR,ERR,ERR,ERR,ERR,ERR,ERR,ERR,ERR,ERR,ERR,ERR,ERR,ERR,ERR,ERR,ERR,ERR,ERR,ERR,ERR,ERR,ERR,ERR,ERR,ERR,ERR,ERR,ERR,ERR,ERR,ERR,ERR,ERR,ERR,ERR,ERR,ERR,ERR,ERR,ERR,ERR,ERR,ERR,ERR,ERR,ERR,ERR,ERR,ERR,ERR,ERR,ERR,ERR,ERR,ERR,ERR,ERR,ERR,ERR,ERR,ERR,ERR,ERR,ERR,ERR,ERR,ERR,ERR,ERR,ERR,ERR,ERR,ERR,ERR,ERR,ERR,ERR,ERR,ERR,ERR,ERR,ERR,ERR,ERR,ERR,ERR,ERR,ERR,ERR,ERR,ERR,ERR,ERR,ERR,ERR,ERR,ERR,ERR,ERR,ERR,ERR,ERR,ERR,ERR,ERR,ERR,ERR,ERR,ERR,ERR,ERR,ERR,ERR,ERR,ERR,ERR,ERR,ERR,ERR,ERR,ERR,ERR,0.0,0.0,0.0,0.0,0.0,1.3936040501711995e+18,7.805,0.0,0,0,4,0,7116,0.0,100,0.0,0.0,0.0,0.0,0.0,0,0,0,0,0.0,0,0,0,0,0,0,0,0,0,0,0,0,0,0,0,0,0,0,0,0,0,0,0,0,0,0,0,0,0,0,0,0,0,31,40,40,71,65476,0,300,0,0,8,21553,0.0,-107605600.0,0.0,0.0,0.0,0.0,0.0,0.0,0.0,0.0,0.0,0.0,0.0,0.0,0.0,0.0,0.0,0.0,0.0,0.0,0.0,0.0,-2.004,-0.0,-2.004,-2.004,0.0,0.0,0.0,0.0,6324.0,1.587937097795308e+29,6922.0,0.0,0.0,2.7184303811560617e+23,0.0,0.0,0.0,0.0,0.0,69,0.0,-0.0,0.0,0.0,0.0,0.0,0.0,0.0,0.0,0,0,0,0.0,0.0,0.0,0.0,0.0,0.0,0.0,0.0,0.0,0.0,0.0,0.0,0.0,0.0,0.0,0.0,0,-107875648.0,69,0.0,138,0.0,0.0,0,13107,17040,13107,17049,13107,17043,0,0,0,70,68,100,2.7302359370752657e+23,71.1,0.0,74.2,2.7302370179391762e+23,74.0,1,49,50,180,13107,52429,0,0,0.0,0.0,0.0,0.0,-0.0,67.0,0.0,162057.094,0.0,751,0,739,0,0,0,721,0,766,0,736,0,742,0,741,0,712,0,7520,0.032,99857989632.0,0.0,0.0,784,16797,-0.0,162057.094,-114818.039,-0.0,0.133,6.909358625270745e+28,30.0,65.0,35,0.0,0.0,0.0,0.0,0.0,0.0,0.0,0.0,0.0,0.0,0.0,0.0,0.0,0.0,0.0,0.0,69.2,0,150,71,55,65476,0,300,0,1,8,20529,65476,0,0,40632,65.0,0.0,0.0,0.0,0.0,0.0
2026-09-04T20:29:00,ERR,ERR,ERR,ERR,ERR,ERR,ERR,ERR,ERR,ERR,ERR,ERR,ERR,ERR,ERR,ERR,ERR,ERR,ERR,ERR,ERR,ERR,ERR,ERR,ERR,ERR,ERR,ERR,ERR,ERR,ERR,ERR,ERR,ERR,ERR,ERR,ERR,ERR,ERR,ERR,ERR,ERR,ERR,ERR,ERR,ERR,ERR,ERR,ERR,ERR,ERR,ERR,ERR,ERR,ERR,ERR,ERR,ERR,ERR,ERR,ERR,ERR,ERR,ERR,ERR,ERR,ERR,ERR,ERR,ERR,ERR,ERR,ERR,ERR,ERR,ERR,ERR,ERR,ERR,ERR,ERR,ERR,ERR,ERR,ERR,ERR,ERR,ERR,ERR,ERR,ERR,ERR,ERR,ERR,ERR,ERR,ERR,ERR,ERR,ERR,ERR,ERR,ERR,ERR,ERR,ERR,ERR,ERR,ERR,ERR,ERR,ERR,ERR,ERR,ERR,ERR,ERR,ERR,ERR,ERR,ERR,ERR,ERR,ERR,ERR,0.0,0.0,0.0,0.0,0.0,1.3936040501711995e+18,7.805,0.0,0,0,4,0,7116,0.0,100,0.0,0.0,0.0,0.0,0.0,0,0,0,0,0.0,0,0,0,0,0,0,0,0,0,0,0,0,0,0,0,0,0,0,0,0,0,0,0,0,0,0,0,0,0,0,0,0,0,31,40,40,71,65476,0,300,0,0,8,21553,0.0,-107605600.0,0.0,0.0,0.0,0.0,0.0,0.0,0.0,0.0,0.0,0.0,0.0,0.0,0.0,0.0,0.0,0.0,0.0,0.0,0.0,0.0,-2.004,-0.0,-2.004,-2.004,0.0,0.0,0.0,0.0,6324.0,1.587937097795308e+29,6922.0,0.0,0.0,2.7184303811560617e+23,0.0,0.0,0.0,0.0,0.0,69,0.0,-0.0,0.0,0.0,0.0,0.0,0.0,0.0,0.0,0,0,0,0.0,0.0,0.0,0.0,0.0,0.0,0.0,0.0,0.0,0.0,0.0,0.0,0.0,0.0,0.0,0.0,0,-107875648.0,69,0.0,138,0.0,0.0,0,13107,17040,13107,17049,13107,17043,0,0,0,70,68,100,2.7302359370752657e+23,71.1,0.0,74.2,2.7302370179391762e+23,74.0,1,49,50,180,13107,52429,0,0,0.0,0.0,0.0,0.0,-0.0,67.0,0.0,162057.094,0.0,751,0,739,0,0,0,721,0,766,0,736,0,742,0,741,0,712,0,7520,0.032,99857989632.0,0.0,0.0,784,16797,-0.0,162057.094,-114818.039,-0.0,0.133,6.909358625270745e+28,30.0,65.0,35,0.0,0.0,0.0,0.0,0.0,0.0,0.0,0.0,0.0,0.0,0.0,0.0,0.0,0.0,0.0,0.0,69.6,0,150,71,55,65476,0,300,0,1,8,20529,65476,0,0,40632,65.0,0.0,0.0,0.0,0.0,0.0
2026-09-04T20:29:01,ERR,ERR,ERR,ERR,ERR,ERR,ERR,ERR,ERR,ERR,ERR,ERR,ERR,ERR,ERR,ERR,ERR,ERR,ERR,ERR,ERR,ERR,ERR,ERR,ERR,ERR,ERR,ERR,ERR,ERR,ERR,ERR,ERR,ERR,ERR,ERR,ERR,ERR,ERR,ERR,ERR,ERR,ERR,ERR,ERR,ERR,ERR,ERR,ERR,ERR,ERR,ERR,ERR,ERR,ERR,ERR,ERR,ERR,ERR,ERR,ERR,ERR,ERR,ERR,ERR,ERR,ERR,ERR,ERR,ERR,ERR,ERR,ERR,ERR,ERR,ERR,ERR,ERR,ERR,ERR,ERR,ERR,ERR,ERR,ERR,ERR,ERR,ERR,ERR,ERR,ERR,ERR,ERR,ERR,ERR,ERR,ERR,ERR,ERR,ERR,ERR,ERR,ERR,ERR,ERR,ERR,ERR,ERR,ERR,ERR,ERR,ERR,ERR,ERR,ERR,ERR,ERR,ERR,ERR,ERR,ERR,ERR,ERR,ERR,ERR,0.0,0.0,0.0,0.0,0.0,1.3936040501711995e+18,7.805,0.0,0,0,4,0,7116,0.0,100,0.0,0.0,0.0,0.0,0.0,0,0,0,0,0.0,0,0,0,0,0,0,0,0,0,0,0,0,0,0,0,0,0,0,0,0,0,0,0,0,0,0,0,0,0,0,0,0,0,31,40,40,71,65476,0,300,0,0,8,21553,0.0,-107605600.0,0.0,0.0,0.0,0.0,0.0,0.0,0.0,0.0,0.0,0.0,0.0,0.0,0.0,0.0,0.0,0.0,0.0,0.0,0.0,0.0,-2.004,-0.0,-0.0,-2.004,0.0,0.0,0.0,0.0,6319.0,0.0,6916.0,0.0,0.0,2.7184303811560617e+23,0.0,0.0,0.0,0.0,0.0,69,0.0,126840963072.0,0.0,0.0,0.0,0.0,0.0,0.0,0.0,0,0,0,0.0,0.0,0.0,0.0,0.0,0.0,0.0,0.0,0.0,0.0,0.0,0.0,0.0,0.0,0.0,0.0,0,-107875648.0,69,0.0,138,0.0,0.0,0,13107,17040,13107,17049,13107,17043,0,0,0,70,68,100,2.7302359370752657e+23,71.1,0.0,74.2,2.7302370179391762e+23,74.0,1,49,50,180,13107,52429,0,0,0.0,0.0,0.0,0.0,-0.0,67.0,0.0,162057.094,0.0,751,0,739,0,0,0,721,0,766,0,736,0,742,0,741,0,712,0,7520,0.032,99857989632.0,0.0,0.0,784,16797,-0.0,162057.094,-114818.039,-0.0,0.133,6.909358625270745e+28,30.0,65.0,35,0.0,0.0,0.0,0.0,0.0,0.0,0.0,0.0,0.0,0.0,0.0,0.0,0.0,0.0,0.0,0.0,69.6,0,150,71,55,65476,0,300,0,1,8,20529,65476,0,0,40632,65.0,0.0,0.0,0.0,0.0,0.0
2026-09-04T20:29:02,ERR,ERR,ERR,ERR,ERR,ERR,ERR,ERR,ERR,ERR,ERR,ERR,ERR,ERR,ERR,ERR,ERR,ERR,ERR,ERR,ERR,ERR,ERR,ERR,ERR,ERR,ERR,ERR,ERR,ERR,ERR,ERR,ERR,ERR,ERR,ERR,ERR,ERR,ERR,ERR,ERR,ERR,ERR,ERR,ERR,ERR,ERR,ERR,ERR,ERR,ERR,ERR,ERR,ERR,ERR,ERR,ERR,ERR,ERR,ERR,ERR,ERR,ERR,ERR,ERR,ERR,ERR,ERR,ERR,ERR,ERR,ERR,ERR,ERR,ERR,ERR,ERR,ERR,ERR,ERR,ERR,ERR,ERR,ERR,ERR,ERR,ERR,ERR,ERR,ERR,ERR,ERR,ERR,ERR,ERR,ERR,ERR,ERR,ERR,ERR,ERR,ERR,ERR,ERR,ERR,ERR,ERR,ERR,ERR,ERR,ERR,ERR,ERR,ERR,ERR,ERR,ERR,ERR,ERR,ERR,ERR,ERR,ERR,ERR,ERR,0.0,0.0,0.0,0.0,0.0,1.3936040501711995e+18,7.805,0.0,0,0,4,0,7116,0.0,100,0.0,0.0,0.0,0.0,0.0,0,0,0,0,0.0,0,0,0,0,0,0,0,0,0,0,0,0,0,0,0,0,0,0,0,0,0,0,0,0,0,0,0,0,0,0,0,0,0,31,40,40,71,65476,0,300,0,0,8,21553,0.0,-107605600.0,0.0,0.0,0.0,0.0,0.0,0.0,0.0,0.0,0.0,0.0,0.0,0.0,0.0,0.0,0.0,0.0,0.0,0.0,0.0,0.0,-2.004,-0.0,-0.0,-2.004,0.0,0.0,0.0,0.0,6319.0,0.0,6916.0,0.0,0.0,2.7184303811560617e+23,0.0,0.0,0.0,0.0,0.0,69,0.0,126840963072.0,0.0,0.0,0.0,0.0,0.0,0.0,0.0,0,0,0,0.0,0.0,0.0,0.0,0.0,0.0,0.0,0.0,0.0,0.0,0.0,0.0,0.0,0.0,0.0,0.0,0,-107875648.0,69,0.0,138,0.0,0.0,0,13107,17040,13107,17049,13107,17043,0,0,0,70,68,100,2.7302359370752657e+23,71.1,0.0,74.2,2.7302370179391762e+23,74.0,1,49,50,180,13107,52429,0,0,0.0,0.0,0.0,0.0,-0.0,67.0,0.0,162057.094,0.0,751,0,739,0,0,0,721,0,766,0,736,0,742,0,741,0,712,0,7520,0.032,99857989632.0,0.0,0.0,784,16797,-0.0,162057.094,-114818.039,-0.0,0.133,6.909358625270745e+28,30.0,65.0,35,0.0,0.0,0.0,0.0,0.0,0.0,0.0,0.0,0.0,0.0,0.0,0.0,0.0,0.0,0.0,0.0,69.2,0,150,71,55,65476,0,300,0,1,8,20529,65476,0,0,40632,65.0,0.0,0.0,0.0,0.0,0.0
2026-09-04T20:29:03,ERR,ERR,ERR,ERR,ERR,ERR,ERR,ERR,ERR,ERR,ERR,ERR,ERR,ERR,ERR,ERR,ERR,ERR,ERR,ERR,ERR,ERR,ERR,ERR,ERR,ERR,ERR,ERR,ERR,ERR,ERR,ERR,ERR,ERR,ERR,ERR,ERR,ERR,ERR,ERR,ERR,ERR,ERR,ERR,ERR,ERR,ERR,ERR,ERR,ERR,ERR,ERR,ERR,ERR,ERR,ERR,ERR,ERR,ERR,ERR,ERR,ERR,ERR,ERR,ERR,ERR,ERR,ERR,ERR,ERR,ERR,ERR,ERR,ERR,ERR,ERR,ERR,ERR,ERR,ERR,ERR,ERR,ERR,ERR,ERR,ERR,ERR,ERR,ERR,ERR,ERR,ERR,ERR,ERR,ERR,ERR,ERR,ERR,ERR,ERR,ERR,ERR,ERR,ERR,ERR,ERR,ERR,ERR,ERR,ERR,ERR,ERR,ERR,ERR,ERR,ERR,ERR,ERR,ERR,ERR,ERR,ERR,ERR,ERR,ERR,0.0,0.0,0.0,0.0,0.0,1.3936040501711995e+18,7.805,0.0,0,0,4,0,7116,0.0,100,0.0,0.0,0.0,0.0,0.0,0,0,0,0,0.0,0,0,0,0,0,0,0,0,0,0,0,0,0,0,0,0,0,0,0,0,0,0,0,0,0,0,0,0,0,0,0,0,0,31,40,40,71,65476,0,300,0,0,8,21553,0.0,-107605600.0,0.0,0.0,0.0,0.0,0.0,0.0,0.0,0.0,0.0,0.0,0.0,0.0,0.0,0.0,0.0,0.0,0.0,0.0,0.0,0.0,-2.004,-0.0,-0.0,-2.004,0.0,0.0,0.0,0.0,6319.0,0.0,6916.0,0.0,0.0,2.7184303811560617e+23,0.0,0.0,0.0,0.0,0.0,69,0.0,126840963072.0,0.0,0.0,0.0,0.0,0.0,0.0,0.0,0,0,0,0.0,0.0,0.0,0.0,0.0,0.0,0.0,0.0,0.0,0.0,0.0,0.0,0.0,0.0,0.0,0.0,0,-107875648.0,69,0.0,138,0.0,0.0,0,13107,17040,13107,17049,13107,17043,0,0,0,70,68,100,2.7302359370752657e+23,71.1,0.0,74.2,2.7302370179391762e+23,74.0,1,49,50,180,13107,52429,0,0,0.0,0.0,0.0,0.0,-0.0,67.0,0.0,162057.094,0.0,751,0,739,0,0,0,721,0,766,0,736,0,742,0,741,0,712,0,7520,0.032,99857989632.0,0.0,0.0,784,16797,-0.0,162057.094,-114818.039,-0.0,0.133,6.909358625270745e+28,30.0,65.0,35,0.0,0.0,0.0,0.0,0.0,0.0,0.0,0.0,0.0,0.0,0.0,0.0,0.0,0.0,0.0,0.0,69.2,0,150,71,55,65476,0,300,0,1,8,20529,65476,0,0,40632,65.0,0.0,0.0,0.0,0.0,0.0
2026-09-04T20:29:04,ERR,ERR,ERR,ERR,ERR,ERR,ERR,ERR,ERR,ERR,ERR,ERR,ERR,ERR,ERR,ERR,ERR,ERR,ERR,ERR,ERR,ERR,ERR,ERR,ERR,ERR,ERR,ERR,ERR,ERR,ERR,ERR,ERR,ERR,ERR,ERR,ERR,ERR,ERR,ERR,ERR,ERR,ERR,ERR,ERR,ERR,ERR,ERR,ERR,ERR,ERR,ERR,ERR,ERR,ERR,ERR,ERR,ERR,ERR,ERR,ERR,ERR,ERR,ERR,ERR,ERR,ERR,ERR,ERR,ERR,ERR,ERR,ERR,ERR,ERR,ERR,ERR,ERR,ERR,ERR,ERR,ERR,ERR,ERR,ERR,ERR,ERR,ERR,ERR,ERR,ERR,ERR,ERR,ERR,ERR,ERR,ERR,ERR,ERR,ERR,ERR,ERR,ERR,ERR,ERR,ERR,ERR,ERR,ERR,ERR,ERR,ERR,ERR,ERR,ERR,ERR,ERR,ERR,ERR,ERR,ERR,ERR,ERR,ERR,ERR,0.0,0.0,0.0,0.0,0.0,1.3936040501711995e+18,7.805,0.0,0,0,4,0,7116,0.0,100,0.0,0.0,0.0,0.0,0.0,0,0,0,0,0.0,0,0,0,0,0,0,0,0,0,0,0,0,0,0,0,0,0,0,0,0,0,0,0,0,0,0,0,0,0,0,0,0,0,31,40,40,71,65476,0,300,0,0,8,21553,0.0,-107605600.0,0.0,0.0,0.0,0.0,0.0,0.0,0.0,0.0,0.0,0.0,0.0,0.0,0.0,0.0,0.0,0.0,0.0,0.0,0.0,0.0,-2.004,-0.0,-0.0,-2.004,0.0,0.0,0.0,0.0,6319.0,0.0,6916.0,0.0,0.0,2.7184303811560617e+23,0.0,0.0,0.0,0.0,0.0,69,0.0,126840963072.0,0.0,0.0,0.0,0.0,0.0,0.0,0.0,0,0,0,0.0,0.0,0.0,0.0,0.0,0.0,0.0,0.0,0.0,0.0,0.0,0.0,0.0,0.0,0.0,0.0,0,-107875648.0,69,0.0,138,0.0,0.0,0,13107,17040,13107,17049,13107,17043,0,0,0,70,68,100,2.7302359370752657e+23,71.1,0.0,74.2,2.7302370179391762e+23,74.0,1,49,50,180,13107,52429,0,0,0.0,0.0,0.0,0.0,-0.0,67.0,0.0,162057.094,0.0,751,0,739,0,0,0,721,0,766,0,736,0,742,0,741,0,712,0,7520,0.032,99857989632.0,0.0,0.0,784,16797,-0.0,162057.094,-114818.039,-0.0,0.133,6.909358625270745e+28,30.0,65.0,35,0.0,0.0,0.0,0.0,0.0,0.0,0.0,0.0,0.0,0.0,0.0,0.0,0.0,0.0,0.0,0.0,69.2,0,150,71,55,65476,0,300,0,1,8,20529,65476,0,0,40632,65.0,0.0,0.0,0.0,0.0,0.0
2026-09-04T20:29:05,ERR,ERR,ERR,ERR,ERR,ERR,ERR,ERR,ERR,ERR,ERR,ERR,ERR,ERR,ERR,ERR,ERR,ERR,ERR,ERR,ERR,ERR,ERR,ERR,ERR,ERR,ERR,ERR,ERR,ERR,ERR,ERR,ERR,ERR,ERR,ERR,ERR,ERR,ERR,ERR,ERR,ERR,ERR,ERR,ERR,ERR,ERR,ERR,ERR,ERR,ERR,ERR,ERR,ERR,ERR,ERR,ERR,ERR,ERR,ERR,ERR,ERR,ERR,ERR,ERR,ERR,ERR,ERR,ERR,ERR,ERR,ERR,ERR,ERR,ERR,ERR,ERR,ERR,ERR,ERR,ERR,ERR,ERR,ERR,ERR,ERR,ERR,ERR,ERR,ERR,ERR,ERR,ERR,ERR,ERR,ERR,ERR,ERR,ERR,ERR,ERR,ERR,ERR,ERR,ERR,ERR,ERR,ERR,ERR,ERR,ERR,ERR,ERR,ERR,ERR,ERR,ERR,ERR,ERR,ERR,ERR,ERR,ERR,ERR,ERR,0.0,0.0,0.0,0.0,0.0,1.3936040501711995e+18,7.805,0.0,0,0,4,0,7116,0.0,100,0.0,0.0,0.0,0.0,0.0,0,0,0,0,0.0,0,0,0,0,0,0,0,0,0,0,0,0,0,0,0,0,0,0,0,0,0,0,0,0,0,0,0,0,0,0,0,0,0,31,40,40,71,65476,0,300,0,0,8,21553,0.0,-107605600.0,0.0,0.0,0.0,0.0,0.0,0.0,0.0,0.0,0.0,0.0,0.0,0.0,0.0,0.0,0.0,0.0,0.0,0.0,0.0,0.0,-2.004,-0.0,-0.0,-2.004,0.0,0.0,0.0,0.0,6319.0,0.0,6916.0,0.0,0.0,2.7184303811560617e+23,0.0,0.0,0.0,0.0,0.0,69,0.0,126840963072.0,0.0,0.0,0.0,0.0,0.0,0.0,0.0,0,0,0,0.0,0.0,0.0,0.0,0.0,0.0,0.0,0.0,0.0,0.0,0.0,0.0,0.0,0.0,0.0,0.0,0,-107875648.0,69,0.0,138,0.0,0.0,0,13107,17040,13107,17049,13107,17043,0,0,0,70,68,100,2.7302359370752657e+23,71.2,2.7302370179391762e+23,74.2,2.7302370179391762e+23,74.0,1,49,50,180,13107,52429,0,0,0.0,0.0,0.0,0.0,-0.0,67.0,0.0,162057.094,0.0,751,0,739,0,0,0,721,0,766,0,736,0,742,0,742,0,712,0,7520,0.032,79456894976.0,0.0,0.0,784,16797,-0.0,162057.094,-114818.039,-0.0,0.133,6.909358625270745e+28,30.0,65.0,35,0.0,0.0,0.0,0.0,0.0,0.0,0.0,0.0,0.0,0.0,0.0,0.0,0.0,0.0,0.0,0.0,69.2,0,150,71,55,65476,0,300,0,1,8,20529,65476,0,0,40632,65.0,0.0,0.0,0.0,0.0,0.0
2026-09-04T20:29:06,ERR,ERR,ERR,ERR,ERR,ERR,ERR,ERR,ERR,ERR,ERR,ERR,ERR,ERR,ERR,ERR,ERR,ERR,ERR,ERR,ERR,ERR,ERR,ERR,ERR,ERR,ERR,ERR,ERR,ERR,ERR,ERR,ERR,ERR,ERR,ERR,ERR,ERR,ERR,ERR,ERR,ERR,ERR,ERR,ERR,ERR,ERR,ERR,ERR,ERR,ERR,ERR,ERR,ERR,ERR,ERR,ERR,ERR,ERR,ERR,ERR,ERR,ERR,ERR,ERR,ERR,ERR,ERR,ERR,ERR,ERR,ERR,ERR,ERR,ERR,ERR,ERR,ERR,ERR,ERR,ERR,ERR,ERR,ERR,ERR,ERR,ERR,ERR,ERR,ERR,ERR,ERR,ERR,ERR,ERR,ERR,ERR,ERR,ERR,ERR,ERR,ERR,ERR,ERR,ERR,ERR,ERR,ERR,ERR,ERR,ERR,ERR,ERR,ERR,ERR,ERR,ERR,ERR,ERR,ERR,ERR,ERR,ERR,ERR,ERR,0.0,0.0,0.0,0.0,0.0,1.3936040501711995e+18,7.805,0.0,0,0,4,0,7116,0.0,100,0.0,0.0,0.0,0.0,0.0,0,0,0,0,0.0,0,0,0,0,0,0,0,0,0,0,0,0,0,0,0,0,0,0,0,0,0,0,0,0,0,0,0,0,0,0,0,0,0,31,40,40,71,65476,0,300,0,0,8,21553,0.0,-107605600.0,0.0,0.0,0.0,0.0,0.0,0.0,0.0,0.0,0.0,0.0,0.0,0.0,0.0,0.0,0.0,0.0,0.0,0.0,0.0,0.0,-2.004,-0.0,-0.0,-2.004,0.0,0.0,0.0,0.0,6319.0,0.0,6916.0,0.0,0.0,2.7184303811560617e+23,0.0,0.0,0.0,0.0,0.0,69,0.0,126840963072.0,0.0,0.0,0.0,0.0,0.0,0.0,0.0,0,0,0,0.0,0.0,0.0,0.0,0.0,0.0,0.0,0.0,0.0,0.0,0.0,0.0,0.0,0.0,0.0,0.0,0,-107875648.0,69,0.0,138,0.0,0.0,0,13107,17040,13107,17049,13107,17043,0,0,0,70,68,100,2.7302359370752657e+23,71.2,2.7302370179391762e+23,74.2,2.7302370179391762e+23,74.0,1,49,50,180,13107,52429,0,0,0.0,0.0,0.0,0.0,-0.0,67.0,0.0,162057.094,0.0,751,0,739,0,0,0,721,0,766,0,736,0,742,0,742,0,712,0,7520,0.032,79456894976.0,0.0,0.0,784,16797,-0.0,162057.094,-114818.039,-0.0,0.133,6.909358625270745e+28,30.0,65.0,35,0.0,0.0,0.0,0.0,0.0,0.0,0.0,0.0,0.0,0.0,0.0,0.0,0.0,0.0,0.0,0.0,69.2,0,150,71,55,65476,0,300,0,1,8,20529,65476,0,0,40632,65.0,0.0,0.0,0.0,0.0,0.0
2026-09-04T20:29:07,ERR,ERR,ERR,ERR,ERR,ERR,ERR,ERR,ERR,ERR,ERR,ERR,ERR,ERR,ERR,ERR,ERR,ERR,ERR,ERR,ERR,ERR,ERR,ERR,ERR,ERR,ERR,ERR,ERR,ERR,ERR,ERR,ERR,ERR,ERR,ERR,ERR,ERR,ERR,ERR,ERR,ERR,ERR,ERR,ERR,ERR,ERR,ERR,ERR,ERR,ERR,ERR,ERR,ERR,ERR,ERR,ERR,ERR,ERR,ERR,ERR,ERR,ERR,ERR,ERR,ERR,ERR,ERR,ERR,ERR,ERR,ERR,ERR,ERR,ERR,ERR,ERR,ERR,ERR,ERR,ERR,ERR,ERR,ERR,ERR,ERR,ERR,ERR,ERR,ERR,ERR,ERR,ERR,ERR,ERR,ERR,ERR,ERR,ERR,ERR,ERR,ERR,ERR,ERR,ERR,ERR,ERR,ERR,ERR,ERR,ERR,ERR,ERR,ERR,ERR,ERR,ERR,ERR,ERR,ERR,ERR,ERR,ERR,ERR,ERR,0.0,0.0,0.0,0.0,0.0,1.3936040501711995e+18,7.805,0.0,0,0,4,0,7116,0.0,100,0.0,0.0,0.0,0.0,0.0,0,0,0,0,0.0,0,0,0,0,0,0,0,0,0,0,0,0,0,0,0,0,0,0,0,0,0,0,0,0,0,0,0,0,0,0,0,0,0,31,40,40,71,65476,0,300,0,0,8,21553,0.0,-107605600.0,0.0,0.0,0.0,0.0,0.0,0.0,0.0,0.0,0.0,0.0,0.0,0.0,0.0,0.0,0.0,0.0,0.0,0.0,0.0,0.0,-2.004,-0.0,-0.0,-2.004,0.0,0.0,0.0,0.0,6319.0,0.0,6916.0,0.0,0.0,2.7184303811560617e+23,0.0,0.0,0.0,0.0,0.0,69,0.0,126840963072.0,0.0,0.0,0.0,0.0,0.0,0.0,0.0,0,0,0,0.0,0.0,0.0,0.0,0.0,0.0,0.0,0.0,0.0,0.0,0.0,0.0,0.0,0.0,0.0,0.0,0,-107875648.0,69,0.0,138,0.0,0.0,0,13107,17040,13107,17049,13107,17043,0,0,0,70,68,100,2.7302359370752657e+23,71.2,2.7302370179391762e+23,74.2,2.7302370179391762e+23,74.0,1,49,50,180,13107,52429,0,0,0.0,0.0,0.0,0.0,-0.0,67.0,0.0,162057.094,0.0,751,0,739,0,0,0,721,0,766,0,736,0,742,0,742,0,712,0,7520,0.032,79456894976.0,0.0,0.0,784,16797,-0.0,162057.094,-114818.039,-0.0,0.133,6.909358625270745e+28,30.0,65.0,35,0.0,0.0,0.0,0.0,0.0,0.0,0.0,0.0,0.0,0.0,0.0,0.0,0.0,0.0,0.0,0.0,69.2,0,150,71,55,65476,0,300,0,1,8,20529,65476,0,0,40632,65.0,0.0,0.0,0.0,0.0,0.0
2026-09-04T20:29:08,ERR,ERR,ERR,ERR,ERR,ERR,ERR,ERR,ERR,ERR,ERR,ERR,ERR,ERR,ERR,ERR,ERR,ERR,ERR,ERR,ERR,ERR,ERR,ERR,ERR,ERR,ERR,ERR,ERR,ERR,ERR,ERR,ERR,ERR,ERR,ERR,ERR,ERR,ERR,ERR,ERR,ERR,ERR,ERR,ERR,ERR,ERR,ERR,ERR,ERR,ERR,ERR,ERR,ERR,ERR,ERR,ERR,ERR,ERR,ERR,ERR,ERR,ERR,ERR,ERR,ERR,ERR,ERR,ERR,ERR,ERR,ERR,ERR,ERR,ERR,ERR,ERR,ERR,ERR,ERR,ERR,ERR,ERR,ERR,ERR,ERR,ERR,ERR,ERR,ERR,ERR,ERR,ERR,ERR,ERR,ERR,ERR,ERR,ERR,ERR,ERR,ERR,ERR,ERR,ERR,ERR,ERR,ERR,ERR,ERR,ERR,ERR,ERR,ERR,ERR,ERR,ERR,ERR,ERR,ERR,ERR,ERR,ERR,ERR,ERR,0.0,0.0,0.0,0.0,0.0,1.3936040501711995e+18,7.805,0.0,0,0,4,0,7116,0.0,100,0.0,0.0,0.0,0.0,0.0,0,0,0,0,0.0,0,0,0,0,0,0,0,0,0,0,0,0,0,0,0,0,0,0,0,0,0,0,0,0,0,0,0,0,0,0,0,0,0,31,40,40,71,65476,0,300,0,0,8,21553,0.0,-107605600.0,0.0,0.0,0.0,0.0,0.0,0.0,0.0,0.0,0.0,0.0,0.0,0.0,0.0,0.0,0.0,0.0,0.0,0.0,0.0,0.0,-2.004,-0.0,-0.0,-2.004,0.0,0.0,0.0,0.0,6323.0,2.422999721977704e+24,6925.0,0.0,0.0,2.7184303811560617e+23,0.0,0.0,0.0,0.0,0.0,69,0.0,-0.0,0.0,0.0,0.0,0.0,0.0,0.0,0.0,0,0,0,0.0,0.0,0.0,0.0,0.0,0.0,0.0,0.0,0.0,0.0,0.0,0.0,0.0,0.0,0.0,0.0,0,-107875648.0,69,0.0,138,0.0,0.0,0,13107,17040,13107,17049,13107,17043,0,0,0,70,68,100,2.7302359370752657e+23,71.2,2.7302370179391762e+23,74.2,2.7302370179391762e+23,74.0,1,49,50,180,13107,52429,0,0,0.0,0.0,0.0,0.0,-0.0,67.0,0.0,162057.094,0.0,751,0,739,0,0,0,721,0,766,0,736,0,742,0,742,0,712,0,7520,0.032,79456894976.0,0.0,0.0,784,16797,-0.0,162057.094,-114818.039,-0.0,0.133,6.909358625270745e+28,30.0,65.0,35,0.0,0.0,0.0,0.0,0.0,0.0,0.0,0.0,0.0,0.0,0.0,0.0,0.0,0.0,0.0,0.0,69.2,0,150,71,55,65476,0,300,0,1,8,20529,65476,0,0,40632,65.0,0.0,0.0,0.0,0.0,0.0
2026-09-04T20:29:09,ERR,ERR,ERR,ERR,ERR,ERR,ERR,ERR,ERR,ERR,ERR,ERR,ERR,ERR,ERR,ERR,ERR,ERR,ERR,ERR,ERR,ERR,ERR,ERR,ERR,ERR,ERR,ERR,ERR,ERR,ERR,ERR,ERR,ERR,ERR,ERR,ERR,ERR,ERR,ERR,ERR,ERR,ERR,ERR,ERR,ERR,ERR,ERR,ERR,ERR,ERR,ERR,ERR,ERR,ERR,ERR,ERR,ERR,ERR,ERR,ERR,ERR,ERR,ERR,ERR,ERR,ERR,ERR,ERR,ERR,ERR,ERR,ERR,ERR,ERR,ERR,ERR,ERR,ERR,ERR,ERR,ERR,ERR,ERR,ERR,ERR,ERR,ERR,ERR,ERR,ERR,ERR,ERR,ERR,ERR,ERR,ERR,ERR,ERR,ERR,ERR,ERR,ERR,ERR,ERR,ERR,ERR,ERR,ERR,ERR,ERR,ERR,ERR,ERR,ERR,ERR,ERR,ERR,ERR,ERR,ERR,ERR,ERR,ERR,ERR,0.0,0.0,0.0,0.0,0.0,1.3936040501711995e+18,7.805,0.0,0,0,4,0,7116,0.0,100,0.0,0.0,0.0,0.0,0.0,0,0,0,0,0.0,0,0,0,0,0,0,0,0,0,0,0,0,0,0,0,0,0,0,0,0,0,0,0,0,0,0,0,0,0,0,0,0,0,31,40,40,71,65476,0,300,0,0,8,21553,0.0,-107605600.0,0.0,0.0,0.0,0.0,0.0,0.0,0.0,0.0,0.0,0.0,0.0,0.0,0.0,0.0,0.0,0.0,0.0,0.0,0.0,0.0,-2.004,-0.0,-0.0,-2.004,0.0,0.0,0.0,0.0,6323.0,2.422999721977704e+24,6925.0,0.0,0.0,2.7184303811560617e+23,0.0,0.0,0.0,0.0,0.0,69,0.0,-0.0,0.0,0.0,0.0,0.0,0.0,0.0,0.0,0,0,0,0.0,0.0,0.0,0.0,0.0,0.0,0.0,0.0,0.0,0.0,0.0,0.0,0.0,0.0,0.0,0.0,0,-107875648.0,69,0.0,138,0.0,0.0,0,13107,17040,13107,17049,13107,17043,0,0,0,70,68,100,2.7302359370752657e+23,71.2,0.0,74.2,2.7302370179391762e+23,74.0,1,49,50,180,13107,52429,0,0,0.0,0.0,0.0,0.0,-0.0,67.0,0.0,162057.094,0.0,750,0,739,0,0,0,721,0,766,0,736,0,742,0,742,0,712,0,7520,0.032,79456894976.0,0.0,0.0,784,16797,-0.0,162057.094,-114818.039,-0.0,0.133,6.909358625270745e+28,30.0,65.0,35,0.0,0.0,0.0,0.0,0.0,0.0,0.0,0.0,0.0,0.0,0.0,0.0,0.0,0.0,0.0,0.0,69.2,0,150,71,55,65476,0,300,0,1,8,20529,65476,0,0,40632,65.0,0.0,0.0,0.0,0.0,0.0
2026-09-04T20:29:10,ERR,ERR,ERR,ERR,ERR,ERR,ERR,ERR,ERR,ERR,ERR,ERR,ERR,ERR,ERR,ERR,ERR,ERR,ERR,ERR,ERR,ERR,ERR,ERR,ERR,ERR,ERR,ERR,ERR,ERR,ERR,ERR,ERR,ERR,ERR,ERR,ERR,ERR,ERR,ERR,ERR,ERR,ERR,ERR,ERR,ERR,ERR,ERR,ERR,ERR,ERR,ERR,ERR,ERR,ERR,ERR,ERR,ERR,ERR,ERR,ERR,ERR,ERR,ERR,ERR,ERR,ERR,ERR,ERR,ERR,ERR,ERR,ERR,ERR,ERR,ERR,ERR,ERR,ERR,ERR,ERR,ERR,ERR,ERR,ERR,ERR,ERR,ERR,ERR,ERR,ERR,ERR,ERR,ERR,ERR,ERR,ERR,ERR,ERR,ERR,ERR,ERR,ERR,ERR,ERR,ERR,ERR,ERR,ERR,ERR,ERR,ERR,ERR,ERR,ERR,ERR,ERR,ERR,ERR,ERR,ERR,ERR,ERR,ERR,ERR,0.0,0.0,0.0,0.0,0.0,1.3936040501711995e+18,7.805,0.0,0,0,4,0,7116,0.0,100,0.0,0.0,0.0,0.0,0.0,0,0,0,0,0.0,0,0,0,0,0,0,0,0,0,0,0,0,0,0,0,0,0,0,0,0,0,0,0,0,0,0,0,0,0,0,0,0,0,31,40,40,71,65476,0,300,0,0,8,21553,0.0,-107605600.0,0.0,0.0,0.0,0.0,0.0,0.0,0.0,0.0,0.0,0.0,0.0,0.0,0.0,0.0,0.0,0.0,0.0,0.0,0.0,0.0,-2.004,-0.0,-0.0,-2.004,0.0,0.0,0.0,0.0,6323.0,2.422999721977704e+24,6925.0,0.0,0.0,2.7184303811560617e+23,0.0,0.0,0.0,0.0,0.0,69,0.0,-0.0,0.0,0.0,0.0,0.0,0.0,0.0,0.0,0,0,0,0.0,0.0,0.0,0.0,0.0,0.0,0.0,0.0,0.0,0.0,0.0,0.0,0.0,0.0,0.0,0.0,0,-107875648.0,69,0.0,138,0.0,0.0,0,13107,17040,13107,17049,13107,17043,0,0,0,70,68,100,2.7302359370752657e+23,71.2,0.0,74.2,2.7302370179391762e+23,74.0,1,49,50,180,13107,52429,0,0,0.0,0.0,0.0,0.0,-0.0,67.0,0.0,162057.094,0.0,750,0,739,0,0,0,721,0,766,0,736,0,742,0,742,0,712,0,7520,0.032,79456894976.0,0.0,0.0,784,16797,-0.0,162057.094,-114818.039,-0.0,0.133,6.909358625270745e+28,30.0,65.0,35,0.0,0.0,0.0,0.0,0.0,0.0,0.0,0.0,0.0,0.0,0.0,0.0,0.0,0.0,0.0,0.0,69.2,0,150,71,55,65476,0,300,0,1,8,20529,65476,0,0,40632,65.0,0.0,0.0,0.0,0.0,0.0
2026-09-04T20:29:11,ERR,ERR,ERR,ERR,ERR,ERR,ERR,ERR,ERR,ERR,ERR,ERR,ERR,ERR,ERR,ERR,ERR,ERR,ERR,ERR,ERR,ERR,ERR,ERR,ERR,ERR,ERR,ERR,ERR,ERR,ERR,ERR,ERR,ERR,ERR,ERR,ERR,ERR,ERR,ERR,ERR,ERR,ERR,ERR,ERR,ERR,ERR,ERR,ERR,ERR,ERR,ERR,ERR,ERR,ERR,ERR,ERR,ERR,ERR,ERR,ERR,ERR,ERR,ERR,ERR,ERR,ERR,ERR,ERR,ERR,ERR,ERR,ERR,ERR,ERR,ERR,ERR,ERR,ERR,ERR,ERR,ERR,ERR,ERR,ERR,ERR,ERR,ERR,ERR,ERR,ERR,ERR,ERR,ERR,ERR,ERR,ERR,ERR,ERR,ERR,ERR,ERR,ERR,ERR,ERR,ERR,ERR,ERR,ERR,ERR,ERR,ERR,ERR,ERR,ERR,ERR,ERR,ERR,ERR,ERR,ERR,ERR,ERR,ERR,ERR,0.0,0.0,0.0,0.0,0.0,1.3936040501711995e+18,7.805,0.0,0,0,4,0,7116,0.0,100,0.0,0.0,0.0,0.0,0.0,0,0,0,0,0.0,0,0,0,0,0,0,0,0,0,0,0,0,0,0,0,0,0,0,0,0,0,0,0,0,0,0,0,0,0,0,0,0,0,31,40,40,71,65476,0,300,0,0,8,21553,0.0,-107605600.0,0.0,0.0,0.0,0.0,0.0,0.0,0.0,0.0,0.0,0.0,0.0,0.0,0.0,0.0,0.0,0.0,0.0,0.0,0.0,0.0,-2.004,-0.0,-0.0,-2.004,0.0,0.0,0.0,0.0,6323.0,2.422999721977704e+24,6925.0,0.0,0.0,2.7184303811560617e+23,0.0,0.0,0.0,0.0,0.0,69,0.0,-0.0,0.0,0.0,0.0,0.0,0.0,0.0,0.0,0,0,0,0.0,0.0,0.0,0.0,0.0,0.0,0.0,0.0,0.0,0.0,0.0,0.0,0.0,0.0,0.0,0.0,0,-107875648.0,69,0.0,138,0.0,0.0,0,13107,17040,13107,17049,13107,17043,0,0,0,70,68,100,2.7302359370752657e+23,71.2,0.0,74.2,2.7302370179391762e+23,74.0,1,49,50,180,13107,52429,0,0,0.0,0.0,0.0,0.0,-0.0,67.0,0.0,162057.094,0.0,750,0,739,0,0,0,721,0,766,0,736,0,742,0,742,0,712,0,7520,0.032,79456894976.0,0.0,0.0,784,16797,-0.0,162057.094,-114818.039,-0.0,0.133,6.909358625270745e+28,30.0,65.0,35,0.0,0.0,0.0,0.0,0.0,0.0,0.0,0.0,0.0,0.0,0.0,0.0,0.0,0.0,0.0,0.0,69.2,0,150,71,55,65476,0,300,0,1,8,20529,65476,0,0,40632,65.0,0.0,0.0,0.0,0.0,0.0
2026-09-04T20:29:12,ERR,ERR,ERR,ERR,ERR,ERR,ERR,ERR,ERR,ERR,ERR,ERR,ERR,ERR,ERR,ERR,ERR,ERR,ERR,ERR,ERR,ERR,ERR,ERR,ERR,ERR,ERR,ERR,ERR,ERR,ERR,ERR,ERR,ERR,ERR,ERR,ERR,ERR,ERR,ERR,ERR,ERR,ERR,ERR,ERR,ERR,ERR,ERR,ERR,ERR,ERR,ERR,ERR,ERR,ERR,ERR,ERR,ERR,ERR,ERR,ERR,ERR,ERR,ERR,ERR,ERR,ERR,ERR,ERR,ERR,ERR,ERR,ERR,ERR,ERR,ERR,ERR,ERR,ERR,ERR,ERR,ERR,ERR,ERR,ERR,ERR,ERR,ERR,ERR,ERR,ERR,ERR,ERR,ERR,ERR,ERR,ERR,ERR,ERR,ERR,ERR,ERR,ERR,ERR,ERR,ERR,ERR,ERR,ERR,ERR,ERR,ERR,ERR,ERR,ERR,ERR,ERR,ERR,ERR,ERR,ERR,ERR,ERR,ERR,ERR,0.0,0.0,0.0,0.0,0.0,1.3936040501711995e+18,7.805,0.0,0,0,4,0,7116,0.0,100,0.0,0.0,0.0,0.0,0.0,0,0,0,0,0.0,0,0,0,0,0,0,0,0,0,0,0,0,0,0,0,0,0,0,0,0,0,0,0,0,0,0,0,0,0,0,0,0,0,31,40,40,71,65476,0,300,0,0,8,21553,0.0,-107605600.0,0.0,0.0,0.0,0.0,0.0,0.0,0.0,0.0,0.0,0.0,0.0,0.0,0.0,0.0,0.0,0.0,0.0,0.0,0.0,0.0,-2.004,-0.0,-0.0,-2.004,0.0,0.0,0.0,0.0,6323.0,2.422999721977704e+24,6925.0,0.0,0.0,2.7184303811560617e+23,0.0,0.0,0.0,0.0,0.0,69,0.0,-0.0,0.0,0.0,0.0,0.0,0.0,0.0,0.0,0,0,0,0.0,0.0,0.0,0.0,0.0,0.0,0.0,0.0,0.0,0.0,0.0,0.0,0.0,0.0,0.0,0.0,0,-107875648.0,69,0.0,138,0.0,0.0,0,13107,17040,13107,17049,13107,17043,0,0,0,70,68,100,2.7302359370752657e+23,71.2,0.0,74.2,2.7302370179391762e+23,74.0,1,49,50,180,13107,52429,0,0,0.0,0.0,0.0,0.0,-0.0,67.0,0.0,162057.094,0.0,750,0,739,0,0,0,721,0,766,0,736,0,742,0,742,0,712,0,7520,0.032,79456894976.0,0.0,0.0,784,16797,-0.0,162057.094,-114818.039,-0.0,0.133,6.909358625270745e+28,30.0,65.0,35,0.0,0.0,0.0,0.0,0.0,0.0,0.0,0.0,0.0,0.0,0.0,0.0,0.0,0.0,0.0,0.0,69.6,0,150,71,55,65476,0,300,0,1,8,20529,65476,0,0,40632,65.0,0.0,0.0,0.0,0.0,0.0
2026-09-04T20:29:13,ERR,ERR,ERR,ERR,ERR,ERR,ERR,ERR,ERR,ERR,ERR,ERR,ERR,ERR,ERR,ERR,ERR,ERR,ERR,ERR,ERR,ERR,ERR,ERR,ERR,ERR,ERR,ERR,ERR,ERR,ERR,ERR,ERR,ERR,ERR,ERR,ERR,ERR,ERR,ERR,ERR,ERR,ERR,ERR,ERR,ERR,ERR,ERR,ERR,ERR,ERR,ERR,ERR,ERR,ERR,ERR,ERR,ERR,ERR,ERR,ERR,ERR,ERR,ERR,ERR,ERR,ERR,ERR,ERR,ERR,ERR,ERR,ERR,ERR,ERR,ERR,ERR,ERR,ERR,ERR,ERR,ERR,ERR,ERR,ERR,ERR,ERR,ERR,ERR,ERR,ERR,ERR,ERR,ERR,ERR,ERR,ERR,ERR,ERR,ERR,ERR,ERR,ERR,ERR,ERR,ERR,ERR,ERR,ERR,ERR,ERR,ERR,ERR,ERR,ERR,ERR,ERR,ERR,ERR,ERR,ERR,ERR,ERR,ERR,ERR,0.0,0.0,0.0,0.0,0.0,1.3936040501711995e+18,7.805,0.0,0,0,4,0,7116,0.0,100,0.0,0.0,0.0,0.0,0.0,0,0,0,0,0.0,0,0,0,0,0,0,0,0,0,0,0,0,0,0,0,0,0,0,0,0,0,0,0,0,0,0,0,0,0,0,0,0,0,31,40,40,71,65476,0,300,0,0,8,21553,0.0,-107605600.0,0.0,0.0,0.0,0.0,0.0,0.0,0.0,0.0,0.0,0.0,0.0,0.0,0.0,0.0,0.0,0.0,0.0,0.0,0.0,0.0,-2.004,-0.0,-0.0,-2.004,0.0,0.0,0.0,0.0,6323.0,2.422999721977704e+24,6925.0,0.0,0.0,2.7184303811560617e+23,0.0,0.0,0.0,0.0,0.0,69,0.0,-0.0,0.0,0.0,0.0,0.0,0.0,0.0,0.0,0,0,0,0.0,0.0,0.0,0.0,0.0,0.0,0.0,0.0,0.0,0.0,0.0,0.0,0.0,0.0,0.0,0.0,0,-107875648.0,69,0.0,138,0.0,0.0,0,13107,17040,13107,17049,13107,17043,0,0,0,70,68,100,2.7302359370752657e+23,71.2,0.0,74.2,2.7302370179391762e+23,74.0,1,49,50,180,13107,52429,0,0,0.0,0.0,0.0,0.0,-0.0,67.0,0.0,162057.094,0.0,750,0,739,0,0,0,721,0,766,0,736,0,742,0,742,0,712,0,7520,0.032,79456894976.0,0.0,0.0,784,16797,-0.0,162057.094,-114818.039,-0.0,0.133,6.909358625270745e+28,30.0,65.0,35,0.0,0.0,0.0,0.0,0.0,0.0,0.0,0.0,0.0,0.0,0.0,0.0,0.0,0.0,0.0,0.0,69.6,0,150,71,55,65476,0,300,0,1,8,20529,65476,0,0,40632,65.0,0.0,0.0,0.0,0.0,0.0
2026-09-04T20:29:14,ERR,ERR,ERR,ERR,ERR,ERR,ERR,ERR,ERR,ERR,ERR,ERR,ERR,ERR,ERR,ERR,ERR,ERR,ERR,ERR,ERR,ERR,ERR,ERR,ERR,ERR,ERR,ERR,ERR,ERR,ERR,ERR,ERR,ERR,ERR,ERR,ERR,ERR,ERR,ERR,ERR,ERR,ERR,ERR,ERR,ERR,ERR,ERR,ERR,ERR,ERR,ERR,ERR,ERR,ERR,ERR,ERR,ERR,ERR,ERR,ERR,ERR,ERR,ERR,ERR,ERR,ERR,ERR,ERR,ERR,ERR,ERR,ERR,ERR,ERR,ERR,ERR,ERR,ERR,ERR,ERR,ERR,ERR,ERR,ERR,ERR,ERR,ERR,ERR,ERR,ERR,ERR,ERR,ERR,ERR,ERR,ERR,ERR,ERR,ERR,ERR,ERR,ERR,ERR,ERR,ERR,ERR,ERR,ERR,ERR,ERR,ERR,ERR,ERR,ERR,ERR,ERR,ERR,ERR,ERR,ERR,ERR,ERR,ERR,ERR,0.0,0.0,0.0,0.0,0.0,1.3936040501711995e+18,7.805,0.0,0,0,4,0,7116,0.0,100,0.0,0.0,0.0,0.0,0.0,0,0,0,0,0.0,0,0,0,0,0,0,0,0,0,0,0,0,0,0,0,0,0,0,0,0,0,0,0,0,0,0,0,0,0,0,0,0,0,31,40,40,71,65476,0,300,0,0,8,21553,0.0,-107605600.0,0.0,0.0,0.0,0.0,0.0,0.0,0.0,0.0,0.0,0.0,0.0,0.0,0.0,0.0,0.0,0.0,0.0,0.0,0.0,0.0,-2.004,-0.0,-0.0,-2.004,0.0,0.0,0.0,0.0,6323.0,2.422999721977704e+24,6925.0,0.0,0.0,2.7184303811560617e+23,0.0,0.0,0.0,0.0,0.0,69,0.0,-0.0,0.0,0.0,0.0,0.0,0.0,0.0,0.0,0,0,0,0.0,0.0,0.0,0.0,0.0,0.0,0.0,0.0,0.0,0.0,0.0,0.0,0.0,0.0,0.0,0.0,0,-107875648.0,69,0.0,138,0.0,0.0,0,13107,17040,13107,17049,13107,17043,0,0,0,70,68,100,2.7302359370752657e+23,71.2,0.0,74.2,2.7302370179391762e+23,74.0,1,49,50,180,13107,52429,0,0,0.0,0.0,0.0,0.0,-0.0,67.0,0.0,162057.094,0.0,750,0,739,0,0,0,721,0,766,0,736,0,742,0,742,0,712,0,7520,0.032,79456894976.0,0.0,0.0,784,16797,-0.0,162057.094,-114818.039,-0.0,0.133,6.909358625270745e+28,30.0,65.0,35,0.0,0.0,0.0,0.0,0.0,0.0,0.0,0.0,0.0,0.0,0.0,0.0,0.0,0.0,0.0,0.0,69.2,0,150,71,55,65476,0,300,0,1,8,20529,65476,0,0,40632,65.0,0.0,0.0,0.0,0.0,0.0
2026-09-04T20:29:15,ERR,ERR,ERR,ERR,ERR,ERR,ERR,ERR,ERR,ERR,ERR,ERR,ERR,ERR,ERR,ERR,ERR,ERR,ERR,ERR,ERR,ERR,ERR,ERR,ERR,ERR,ERR,ERR,ERR,ERR,ERR,ERR,ERR,ERR,ERR,ERR,ERR,ERR,ERR,ERR,ERR,ERR,ERR,ERR,ERR,ERR,ERR,ERR,ERR,ERR,ERR,ERR,ERR,ERR,ERR,ERR,ERR,ERR,ERR,ERR,ERR,ERR,ERR,ERR,ERR,ERR,ERR,ERR,ERR,ERR,ERR,ERR,ERR,ERR,ERR,ERR,ERR,ERR,ERR,ERR,ERR,ERR,ERR,ERR,ERR,ERR,ERR,ERR,ERR,ERR,ERR,ERR,ERR,ERR,ERR,ERR,ERR,ERR,ERR,ERR,ERR,ERR,ERR,ERR,ERR,ERR,ERR,ERR,ERR,ERR,ERR,ERR,ERR,ERR,ERR,ERR,ERR,ERR,ERR,ERR,ERR,ERR,ERR,ERR,ERR,0.0,0.0,0.0,0.0,0.0,1.3936040501711995e+18,7.805,0.0,0,0,4,0,7116,0.0,100,0.0,0.0,0.0,0.0,0.0,0,0,0,0,0.0,0,0,0,0,0,0,0,0,0,0,0,0,0,0,0,0,0,0,0,0,0,0,0,0,0,0,0,0,0,0,0,0,0,31,40,40,71,65476,0,300,0,0,8,21553,0.0,-107605600.0,0.0,0.0,0.0,0.0,0.0,0.0,0.0,0.0,0.0,0.0,0.0,0.0,0.0,0.0,0.0,0.0,0.0,0.0,0.0,0.0,-2.004,-0.0,-0.0,-2.004,0.0,0.0,0.0,0.0,6324.0,0.0,6915.0,0.0,2.7184312818759872e+23,2.7184303811560617e+23,0.0,0.0,0.0,0.0,0.0,69,0.0,89220.969,0.0,0.0,0.0,0.0,0.0,0.0,0.0,0,0,0,0.0,0.0,0.0,0.0,0.0,0.0,0.0,0.0,0.0,0.0,0.0,0.0,0.0,0.0,0.0,0.0,0,-107875648.0,69,0.0,138,0.0,0.0,0,13107,17040,13107,17049,13107,17043,0,0,0,70,68,100,2.7302359370752657e+23,71.1,2.7302370179391762e+23,74.2,2.7302370179391762e+23,74.0,1,49,50,180,13107,52429,0,0,0.0,0.0,0.0,0.0,-0.0,67.0,0.0,162057.094,0.0,751,0,739,0,0,0,721,0,766,0,736,0,742,0,742,0,712,0,7520,0.032,79993765888.0,0.0,0.0,784,16797,-0.0,162057.094,-114818.039,-0.0,0.133,6.909358625270745e+28,30.0,65.0,35,0.0,0.0,0.0,0.0,0.0,0.0,0.0,0.0,0.0,0.0,0.0,0.0,0.0,0.0,0.0,0.0,69.2,0,150,71,55,65476,0,300,0,1,8,20529,65476,0,0,40632,65.0,0.0,0.0,0.0,0.0,0.0
2026-09-04T20:29:16,ERR,ERR,ERR,ERR,ERR,ERR,ERR,ERR,ERR,ERR,ERR,ERR,ERR,ERR,ERR,ERR,ERR,ERR,ERR,ERR,ERR,ERR,ERR,ERR,ERR,ERR,ERR,ERR,ERR,ERR,ERR,ERR,ERR,ERR,ERR,ERR,ERR,ERR,ERR,ERR,ERR,ERR,ERR,ERR,ERR,ERR,ERR,ERR,ERR,ERR,ERR,ERR,ERR,ERR,ERR,ERR,ERR,ERR,ERR,ERR,ERR,ERR,ERR,ERR,ERR,ERR,ERR,ERR,ERR,ERR,ERR,ERR,ERR,ERR,ERR,ERR,ERR,ERR,ERR,ERR,ERR,ERR,ERR,ERR,ERR,ERR,ERR,ERR,ERR,ERR,ERR,ERR,ERR,ERR,ERR,ERR,ERR,ERR,ERR,ERR,ERR,ERR,ERR,ERR,ERR,ERR,ERR,ERR,ERR,ERR,ERR,ERR,ERR,ERR,ERR,ERR,ERR,ERR,ERR,ERR,ERR,ERR,ERR,ERR,ERR,0.0,0.0,0.0,0.0,0.0,1.3936040501711995e+18,7.805,0.0,0,0,4,0,7116,0.0,100,0.0,0.0,0.0,0.0,0.0,0,0,0,0,0.0,0,0,0,0,0,0,0,0,0,0,0,0,0,0,0,0,0,0,0,0,0,0,0,0,0,0,0,0,0,0,0,0,0,31,40,40,71,65476,0,300,0,0,8,21553,0.0,-107605600.0,0.0,0.0,0.0,0.0,0.0,0.0,0.0,0.0,0.0,0.0,0.0,0.0,0.0,0.0,0.0,0.0,0.0,0.0,0.0,0.0,-2.004,-0.0,-0.0,-2.004,0.0,0.0,0.0,0.0,6324.0,0.0,6915.0,0.0,2.7184312818759872e+23,2.7184303811560617e+23,0.0,0.0,0.0,0.0,0.0,69,0.0,89220.969,0.0,0.0,0.0,0.0,0.0,0.0,0.0,0,0,0,0.0,0.0,0.0,0.0,0.0,0.0,0.0,0.0,0.0,0.0,0.0,0.0,0.0,0.0,0.0,0.0,0,-107875648.0,69,0.0,138,0.0,0.0,0,13107,17040,13107,17049,13107,17043,0,0,0,70,68,100,2.7302359370752657e+23,71.1,2.7302370179391762e+23,74.2,2.7302370179391762e+23,74.0,1,49,50,180,13107,52429,0,0,0.0,0.0,0.0,0.0,-0.0,67.0,0.0,162057.094,0.0,751,0,739,0,0,0,721,0,766,0,736,0,742,0,742,0,712,0,7520,0.032,79993765888.0,0.0,0.0,784,16797,-0.0,162057.094,-114818.039,-0.0,0.133,6.909358625270745e+28,30.0,65.0,35,0.0,0.0,0.0,0.0,0.0,0.0,0.0,0.0,0.0,0.0,0.0,0.0,0.0,0.0,0.0,0.0,69.2,0,150,71,55,65476,0,300,0,1,8,20529,65476,0,0,40632,65.0,0.0,0.0,0.0,0.0,0.0
2026-09-04T20:29:17,ERR,ERR,ERR,ERR,ERR,ERR,ERR,ERR,ERR,ERR,ERR,ERR,ERR,ERR,ERR,ERR,ERR,ERR,ERR,ERR,ERR,ERR,ERR,ERR,ERR,ERR,ERR,ERR,ERR,ERR,ERR,ERR,ERR,ERR,ERR,ERR,ERR,ERR,ERR,ERR,ERR,ERR,ERR,ERR,ERR,ERR,ERR,ERR,ERR,ERR,ERR,ERR,ERR,ERR,ERR,ERR,ERR,ERR,ERR,ERR,ERR,ERR,ERR,ERR,ERR,ERR,ERR,ERR,ERR,ERR,ERR,ERR,ERR,ERR,ERR,ERR,ERR,ERR,ERR,ERR,ERR,ERR,ERR,ERR,ERR,ERR,ERR,ERR,ERR,ERR,ERR,ERR,ERR,ERR,ERR,ERR,ERR,ERR,ERR,ERR,ERR,ERR,ERR,ERR,ERR,ERR,ERR,ERR,ERR,ERR,ERR,ERR,ERR,ERR,ERR,ERR,ERR,ERR,ERR,ERR,ERR,ERR,ERR,ERR,ERR,0.0,0.0,0.0,0.0,0.0,1.3936040501711995e+18,7.805,0.0,0,0,4,0,7116,0.0,100,0.0,0.0,0.0,0.0,0.0,0,0,0,0,0.0,0,0,0,0,0,0,0,0,0,0,0,0,0,0,0,0,0,0,0,0,0,0,0,0,0,0,0,0,0,0,0,0,0,31,40,40,71,65476,0,300,0,0,8,21553,0.0,-107605600.0,0.0,0.0,0.0,0.0,0.0,0.0,0.0,0.0,0.0,0.0,0.0,0.0,0.0,0.0,0.0,0.0,0.0,0.0,0.0,0.0,-2.004,-0.0,-0.0,-2.004,0.0,0.0,0.0,0.0,6324.0,0.0,6915.0,0.0,2.7184312818759872e+23,2.7184303811560617e+23,0.0,0.0,0.0,0.0,0.0,69,0.0,89220.969,0.0,0.0,0.0,0.0,0.0,0.0,0.0,0,0,0,0.0,0.0,0.0,0.0,0.0,0.0,0.0,0.0,0.0,0.0,0.0,0.0,0.0,0.0,0.0,0.0,0,-107875648.0,69,0.0,138,0.0,0.0,0,13107,17040,13107,17049,13107,17043,0,0,0,70,68,100,2.7302359370752657e+23,71.1,2.7302370179391762e+23,74.2,2.7302370179391762e+23,74.0,1,49,50,180,13107,52429,0,0,0.0,0.0,0.0,0.0,-0.0,67.0,0.0,162057.094,0.0,751,0,739,0,0,0,721,0,766,0,736,0,742,0,742,0,712,0,7520,0.032,79993765888.0,0.0,0.0,784,16797,-0.0,162057.094,-114818.039,-0.0,0.133,6.909358625270745e+28,30.0,65.0,35,0.0,0.0,0.0,0.0,0.0,0.0,0.0,0.0,0.0,0.0,0.0,0.0,0.0,0.0,0.0,0.0,69.2,0,150,71,55,65476,0,300,0,1,8,20529,65476,0,0,40632,65.0,0.0,0.0,0.0,0.0,0.0
2026-09-04T20:29:18,ERR,ERR,ERR,ERR,ERR,ERR,ERR,ERR,ERR,ERR,ERR,ERR,ERR,ERR,ERR,ERR,ERR,ERR,ERR,ERR,ERR,ERR,ERR,ERR,ERR,ERR,ERR,ERR,ERR,ERR,ERR,ERR,ERR,ERR,ERR,ERR,ERR,ERR,ERR,ERR,ERR,ERR,ERR,ERR,ERR,ERR,ERR,ERR,ERR,ERR,ERR,ERR,ERR,ERR,ERR,ERR,ERR,ERR,ERR,ERR,ERR,ERR,ERR,ERR,ERR,ERR,ERR,ERR,ERR,ERR,ERR,ERR,ERR,ERR,ERR,ERR,ERR,ERR,ERR,ERR,ERR,ERR,ERR,ERR,ERR,ERR,ERR,ERR,ERR,ERR,ERR,ERR,ERR,ERR,ERR,ERR,ERR,ERR,ERR,ERR,ERR,ERR,ERR,ERR,ERR,ERR,ERR,ERR,ERR,ERR,ERR,ERR,ERR,ERR,ERR,ERR,ERR,ERR,ERR,ERR,ERR,ERR,ERR,ERR,ERR,0.0,0.0,0.0,0.0,0.0,1.3936040501711995e+18,7.805,0.0,0,0,4,0,7116,0.0,100,0.0,0.0,0.0,0.0,0.0,0,0,0,0,0.0,0,0,0,0,0,0,0,0,0,0,0,0,0,0,0,0,0,0,0,0,0,0,0,0,0,0,0,0,0,0,0,0,0,31,40,40,71,65476,0,300,0,0,8,21553,0.0,-107605600.0,0.0,0.0,0.0,0.0,0.0,0.0,0.0,0.0,0.0,0.0,0.0,0.0,0.0,0.0,0.0,0.0,0.0,0.0,0.0,0.0,-2.004,-0.0,-0.0,-2.004,0.0,0.0,0.0,0.0,6324.0,0.0,6915.0,0.0,2.7184312818759872e+23,2.7184303811560617e+23,0.0,0.0,0.0,0.0,0.0,69,0.0,89220.969,0.0,0.0,0.0,0.0,0.0,0.0,0.0,0,0,0,0.0,0.0,0.0,0.0,0.0,0.0,0.0,0.0,0.0,0.0,0.0,0.0,0.0,0.0,0.0,0.0,0,-107875648.0,69,0.0,138,0.0,0.0,0,13107,17040,13107,17049,13107,17043,0,0,0,70,68,100,2.7302359370752657e+23,71.1,2.7302370179391762e+23,74.2,2.7302370179391762e+23,74.0,1,49,50,180,13107,52429,0,0,0.0,0.0,0.0,0.0,-0.0,67.0,0.0,162057.094,0.0,751,0,739,0,0,0,721,0,766,0,736,0,742,0,742,0,712,0,7520,0.032,79993765888.0,0.0,0.0,784,16797,-0.0,162057.094,-114818.039,-0.0,0.133,6.909358625270745e+28,30.0,65.0,35,0.0,0.0,0.0,0.0,0.0,0.0,0.0,0.0,0.0,0.0,0.0,0.0,0.0,0.0,0.0,0.0,69.2,0,150,71,55,65476,0,300,0,1,8,20529,65476,0,0,40632,65.0,0.0,0.0,0.0,0.0,0.0
2026-09-04T20:29:19,ERR,ERR,ERR,ERR,ERR,ERR,ERR,ERR,ERR,ERR,ERR,ERR,ERR,ERR,ERR,ERR,ERR,ERR,ERR,ERR,ERR,ERR,ERR,ERR,ERR,ERR,ERR,ERR,ERR,ERR,ERR,ERR,ERR,ERR,ERR,ERR,ERR,ERR,ERR,ERR,ERR,ERR,ERR,ERR,ERR,ERR,ERR,ERR,ERR,ERR,ERR,ERR,ERR,ERR,ERR,ERR,ERR,ERR,ERR,ERR,ERR,ERR,ERR,ERR,ERR,ERR,ERR,ERR,ERR,ERR,ERR,ERR,ERR,ERR,ERR,ERR,ERR,ERR,ERR,ERR,ERR,ERR,ERR,ERR,ERR,ERR,ERR,ERR,ERR,ERR,ERR,ERR,ERR,ERR,ERR,ERR,ERR,ERR,ERR,ERR,ERR,ERR,ERR,ERR,ERR,ERR,ERR,ERR,ERR,ERR,ERR,ERR,ERR,ERR,ERR,ERR,ERR,ERR,ERR,ERR,ERR,ERR,ERR,ERR,ERR,0.0,0.0,0.0,0.0,0.0,1.3936040501711995e+18,7.805,0.0,0,0,4,0,7116,0.0,100,0.0,0.0,0.0,0.0,0.0,0,0,0,0,0.0,0,0,0,0,0,0,0,0,0,0,0,0,0,0,0,0,0,0,0,0,0,0,0,0,0,0,0,0,0,0,0,0,0,31,40,40,71,65476,0,300,0,0,8,21553,0.0,-107605600.0,0.0,0.0,0.0,0.0,0.0,0.0,0.0,0.0,0.0,0.0,0.0,0.0,0.0,0.0,0.0,0.0,0.0,0.0,0.0,0.0,-2.004,-0.0,-0.0,-2.004,0.0,0.0,0.0,0.0,6324.0,0.0,6915.0,0.0,2.7184312818759872e+23,2.7184303811560617e+23,0.0,0.0,0.0,0.0,0.0,69,0.0,89220.969,0.0,0.0,0.0,0.0,0.0,0.0,0.0,0,0,0,0.0,0.0,0.0,0.0,0.0,0.0,0.0,0.0,0.0,0.0,0.0,0.0,0.0,0.0,0.0,0.0,0,-107875648.0,69,0.0,138,0.0,0.0,0,13107,17040,13107,17049,13107,17043,0,0,0,70,68,100,2.7302359370752657e+23,71.1,2.7302370179391762e+23,74.2,2.7302370179391762e+23,74.0,1,49,50,180,13107,52429,0,0,0.0,0.0,0.0,0.0,-0.0,67.0,0.0,162057.094,0.0,751,0,739,0,0,0,721,0,766,0,736,0,742,0,742,0,712,0,7520,0.032,79993765888.0,0.0,0.0,784,16797,-0.0,162057.094,-114818.039,-0.0,0.133,6.909358625270745e+28,30.0,65.0,35,0.0,0.0,0.0,0.0,0.0,0.0,0.0,0.0,0.0,0.0,0.0,0.0,0.0,0.0,0.0,0.0,69.2,0,150,71,55,65476,0,300,0,1,8,20529,65476,0,0,40632,65.0,0.0,0.0,0.0,0.0,0.0
2026-09-04T20:29:20,ERR,ERR,ERR,ERR,ERR,ERR,ERR,ERR,ERR,ERR,ERR,ERR,ERR,ERR,ERR,ERR,ERR,ERR,ERR,ERR,ERR,ERR,ERR,ERR,ERR,ERR,ERR,ERR,ERR,ERR,ERR,ERR,ERR,ERR,ERR,ERR,ERR,ERR,ERR,ERR,ERR,ERR,ERR,ERR,ERR,ERR,ERR,ERR,ERR,ERR,ERR,ERR,ERR,ERR,ERR,ERR,ERR,ERR,ERR,ERR,ERR,ERR,ERR,ERR,ERR,ERR,ERR,ERR,ERR,ERR,ERR,ERR,ERR,ERR,ERR,ERR,ERR,ERR,ERR,ERR,ERR,ERR,ERR,ERR,ERR,ERR,ERR,ERR,ERR,ERR,ERR,ERR,ERR,ERR,ERR,ERR,ERR,ERR,ERR,ERR,ERR,ERR,ERR,ERR,ERR,ERR,ERR,ERR,ERR,ERR,ERR,ERR,ERR,ERR,ERR,ERR,ERR,ERR,ERR,ERR,ERR,ERR,ERR,ERR,ERR,0.0,0.0,0.0,0.0,0.0,1.3936040501711995e+18,7.805,0.0,0,0,4,0,7116,0.0,100,0.0,0.0,0.0,0.0,0.0,0,0,0,0,0.0,0,0,0,0,0,0,0,0,0,0,0,0,0,0,0,0,0,0,0,0,0,0,0,0,0,0,0,0,0,0,0,0,0,31,40,40,71,65476,0,300,0,0,8,21553,0.0,-107605600.0,0.0,0.0,0.0,0.0,0.0,0.0,0.0,0.0,0.0,0.0,0.0,0.0,0.0,0.0,0.0,0.0,0.0,0.0,0.0,0.0,-2.004,-0.0,-0.0,-2.004,0.0,0.0,0.0,0.0,6324.0,0.0,6915.0,0.0,2.7184312818759872e+23,2.7184303811560617e+23,0.0,0.0,0.0,0.0,0.0,69,0.0,89220.969,0.0,0.0,0.0,0.0,0.0,0.0,0.0,0,0,0,0.0,0.0,0.0,0.0,0.0,0.0,0.0,0.0,0.0,0.0,0.0,0.0,0.0,0.0,0.0,0.0,0,-107875648.0,69,0.0,138,0.0,0.0,0,13107,17040,13107,17049,13107,17043,0,0,0,70,68,100,2.7302359370752657e+23,71.1,2.7302370179391762e+23,74.2,2.7302370179391762e+23,74.0,1,49,50,180,13107,52429,0,0,0.0,0.0,0.0,0.0,-0.0,67.0,0.0,162057.094,0.0,751,0,739,0,0,0,721,0,766,0,736,0,742,0,741,0,712,0,7520,0.032,96636764160.0,0.0,0.0,784,16797,-0.0,162057.094,-114818.039,-0.0,0.133,6.909358625270745e+28,30.0,65.0,35,0.0,0.0,0.0,0.0,0.0,0.0,0.0,0.0,0.0,0.0,0.0,0.0,0.0,0.0,0.0,0.0,69.2,0,150,71,55,65476,0,300,0,1,8,20529,65476,0,0,40632,65.0,0.0,0.0,0.0,0.0,0.0
2026-09-04T20:29:21,ERR,ERR,ERR,ERR,ERR,ERR,ERR,ERR,ERR,ERR,ERR,ERR,ERR,ERR,ERR,ERR,ERR,ERR,ERR,ERR,ERR,ERR,ERR,ERR,ERR,ERR,ERR,ERR,ERR,ERR,ERR,ERR,ERR,ERR,ERR,ERR,ERR,ERR,ERR,ERR,ERR,ERR,ERR,ERR,ERR,ERR,ERR,ERR,ERR,ERR,ERR,ERR,ERR,ERR,ERR,ERR,ERR,ERR,ERR,ERR,ERR,ERR,ERR,ERR,ERR,ERR,ERR,ERR,ERR,ERR,ERR,ERR,ERR,ERR,ERR,ERR,ERR,ERR,ERR,ERR,ERR,ERR,ERR,ERR,ERR,ERR,ERR,ERR,ERR,ERR,ERR,ERR,ERR,ERR,ERR,ERR,ERR,ERR,ERR,ERR,ERR,ERR,ERR,ERR,ERR,ERR,ERR,ERR,ERR,ERR,ERR,ERR,ERR,ERR,ERR,ERR,ERR,ERR,ERR,ERR,ERR,ERR,ERR,ERR,ERR,0.0,0.0,0.0,0.0,0.0,1.3936040501711995e+18,7.805,0.0,0,0,4,0,7116,0.0,100,0.0,0.0,0.0,0.0,0.0,0,0,0,0,0.0,0,0,0,0,0,0,0,0,0,0,0,0,0,0,0,0,0,0,0,0,0,0,0,0,0,0,0,0,0,0,0,0,0,31,40,40,71,65476,0,300,0,0,8,21553,0.0,-107605600.0,0.0,0.0,0.0,0.0,0.0,0.0,0.0,0.0,0.0,0.0,0.0,0.0,0.0,0.0,0.0,0.0,0.0,0.0,0.0,0.0,-2.004,-0.0,-0.0,-2.004,0.0,0.0,0.0,0.0,6324.0,0.0,6915.0,0.0,2.7184312818759872e+23,2.7184303811560617e+23,0.0,0.0,0.0,0.0,0.0,69,0.0,89220.969,0.0,0.0,0.0,0.0,0.0,0.0,0.0,0,0,0,0.0,0.0,0.0,0.0,0.0,0.0,0.0,0.0,0.0,0.0,0.0,0.0,0.0,0.0,0.0,0.0,0,-107875648.0,69,0.0,138,0.0,0.0,0,13107,17040,13107,17049,13107,17043,0,0,0,70,68,100,2.7302359370752657e+23,71.1,2.7302370179391762e+23,74.2,2.7302370179391762e+23,74.0,1,49,50,180,13107,52429,0,0,0.0,0.0,0.0,0.0,-0.0,67.0,0.0,162057.094,0.0,751,0,739,0,0,0,721,0,766,0,736,0,742,0,741,0,712,0,7520,0.032,96636764160.0,0.0,0.0,784,16797,-0.0,162057.094,-114818.039,-0.0,0.133,6.909358625270745e+28,30.0,65.0,35,0.0,0.0,0.0,0.0,0.0,0.0,0.0,0.0,0.0,0.0,0.0,0.0,0.0,0.0,0.0,0.0,69.2,0,150,71,55,65476,0,300,0,1,8,20529,65476,0,0,40632,65.0,0.0,0.0,0.0,0.0,0.0
2026-09-04T20:29:22,ERR,ERR,ERR,ERR,ERR,ERR,ERR,ERR,ERR,ERR,ERR,ERR,ERR,ERR,ERR,ERR,ERR,ERR,ERR,ERR,ERR,ERR,ERR,ERR,ERR,ERR,ERR,ERR,ERR,ERR,ERR,ERR,ERR,ERR,ERR,ERR,ERR,ERR,ERR,ERR,ERR,ERR,ERR,ERR,ERR,ERR,ERR,ERR,ERR,ERR,ERR,ERR,ERR,ERR,ERR,ERR,ERR,ERR,ERR,ERR,ERR,ERR,ERR,ERR,ERR,ERR,ERR,ERR,ERR,ERR,ERR,ERR,ERR,ERR,ERR,ERR,ERR,ERR,ERR,ERR,ERR,ERR,ERR,ERR,ERR,ERR,ERR,ERR,ERR,ERR,ERR,ERR,ERR,ERR,ERR,ERR,ERR,ERR,ERR,ERR,ERR,ERR,ERR,ERR,ERR,ERR,ERR,ERR,ERR,ERR,ERR,ERR,ERR,ERR,ERR,ERR,ERR,ERR,ERR,ERR,ERR,ERR,ERR,ERR,ERR,0.0,0.0,0.0,0.0,0.0,1.3936040501711995e+18,7.805,0.0,0,0,4,0,7116,0.0,100,0.0,0.0,0.0,0.0,0.0,0,0,0,0,0.0,0,0,0,0,0,0,0,0,0,0,0,0,0,0,0,0,0,0,0,0,0,0,0,0,0,0,0,0,0,0,0,0,0,31,40,40,71,65476,0,300,0,0,8,21553,0.0,-107605600.0,0.0,0.0,0.0,0.0,0.0,0.0,0.0,0.0,0.0,0.0,0.0,0.0,0.0,0.0,0.0,0.0,0.0,0.0,0.0,0.0,-2.004,-0.0,-0.0,-2.004,0.0,0.0,0.0,0.0,6324.0,0.0,6915.0,0.0,2.7184312818759872e+23,2.7184303811560617e+23,0.0,0.0,0.0,0.0,0.0,69,0.0,89220.969,0.0,0.0,0.0,0.0,0.0,0.0,0.0,0,0,0,0.0,0.0,0.0,0.0,0.0,0.0,0.0,0.0,0.0,0.0,0.0,0.0,0.0,0.0,0.0,0.0,0,-107875648.0,69,0.0,138,0.0,0.0,0,13107,17040,13107,17049,13107,17043,0,0,0,70,68,100,2.7302359370752657e+23,71.1,2.7302370179391762e+23,74.2,2.7302370179391762e+23,74.0,1,49,50,180,13107,52429,0,0,0.0,0.0,0.0,0.0,-0.0,67.0,0.0,162057.094,0.0,751,0,739,0,0,0,721,0,766,0,736,0,742,0,741,0,712,0,7520,0.032,96636764160.0,0.0,0.0,784,16797,-0.0,162057.094,-114818.039,-0.0,0.133,6.909358625270745e+28,30.0,65.0,35,0.0,0.0,0.0,0.0,0.0,0.0,0.0,0.0,0.0,0.0,0.0,0.0,0.0,0.0,0.0,0.0,69.2,0,150,71,55,65476,0,300,0,1,8,20529,65476,0,0,40632,65.0,0.0,0.0,0.0,0.0,0.0
2026-09-04T20:29:23,ERR,ERR,ERR,ERR,ERR,ERR,ERR,ERR,ERR,ERR,ERR,ERR,ERR,ERR,ERR,ERR,ERR,ERR,ERR,ERR,ERR,ERR,ERR,ERR,ERR,ERR,ERR,ERR,ERR,ERR,ERR,ERR,ERR,ERR,ERR,ERR,ERR,ERR,ERR,ERR,ERR,ERR,ERR,ERR,ERR,ERR,ERR,ERR,ERR,ERR,ERR,ERR,ERR,ERR,ERR,ERR,ERR,ERR,ERR,ERR,ERR,ERR,ERR,ERR,ERR,ERR,ERR,ERR,ERR,ERR,ERR,ERR,ERR,ERR,ERR,ERR,ERR,ERR,ERR,ERR,ERR,ERR,ERR,ERR,ERR,ERR,ERR,ERR,ERR,ERR,ERR,ERR,ERR,ERR,ERR,ERR,ERR,ERR,ERR,ERR,ERR,ERR,ERR,ERR,ERR,ERR,ERR,ERR,ERR,ERR,ERR,ERR,ERR,ERR,ERR,ERR,ERR,ERR,ERR,ERR,ERR,ERR,ERR,ERR,ERR,0.0,0.0,0.0,0.0,0.0,1.3936040501711995e+18,7.805,0.0,0,0,4,0,7116,0.0,100,0.0,0.0,0.0,0.0,0.0,0,0,0,0,0.0,0,0,0,0,0,0,0,0,0,0,0,0,0,0,0,0,0,0,0,0,0,0,0,0,0,0,0,0,0,0,0,0,0,31,40,40,71,65476,0,300,0,0,8,21553,0.0,-107605600.0,0.0,0.0,0.0,0.0,0.0,0.0,0.0,0.0,0.0,0.0,0.0,0.0,0.0,0.0,0.0,0.0,0.0,0.0,0.0,0.0,-2.004,-0.0,-0.0,-2.004,0.0,0.0,0.0,0.0,6292.0,-3.697203725810742e+19,6942.0,0.0,0.0,2.7184303811560617e+23,0.0,0.0,0.0,0.0,0.0,69,0.0,0.0,0.0,0.0,0.0,0.0,0.0,0.0,0.0,0,0,0,0.0,0.0,0.0,0.0,0.0,0.0,0.0,0.0,0.0,0.0,0.0,0.0,0.0,0.0,0.0,0.0,0,-107875648.0,69,0.0,138,0.0,0.0,0,13107,17040,13107,17049,13107,17043,0,0,0,70,68,100,2.7302359370752657e+23,71.1,2.7302370179391762e+23,74.2,2.7302370179391762e+23,74.0,1,49,50,180,13107,52429,0,0,0.0,0.0,0.0,0.0,-0.0,67.0,0.0,162057.094,0.0,751,0,739,0,0,0,721,0,766,0,736,0,742,0,741,0,712,0,7520,0.032,96636764160.0,0.0,0.0,784,16797,-0.0,162057.094,-114818.039,-0.0,0.133,6.909358625270745e+28,30.0,65.0,35,0.0,0.0,0.0,0.0,0.0,0.0,0.0,0.0,0.0,0.0,0.0,0.0,0.0,0.0,0.0,0.0,69.2,0,150,71,55,65476,0,300,0,1,8,20529,65476,0,0,40632,65.0,0.0,0.0,0.0,0.0,0.0
2026-09-04T20:29:24,ERR,ERR,ERR,ERR,ERR,ERR,ERR,ERR,ERR,ERR,ERR,ERR,ERR,ERR,ERR,ERR,ERR,ERR,ERR,ERR,ERR,ERR,ERR,ERR,ERR,ERR,ERR,ERR,ERR,ERR,ERR,ERR,ERR,ERR,ERR,ERR,ERR,ERR,ERR,ERR,ERR,ERR,ERR,ERR,ERR,ERR,ERR,ERR,ERR,ERR,ERR,ERR,ERR,ERR,ERR,ERR,ERR,ERR,ERR,ERR,ERR,ERR,ERR,ERR,ERR,ERR,ERR,ERR,ERR,ERR,ERR,ERR,ERR,ERR,ERR,ERR,ERR,ERR,ERR,ERR,ERR,ERR,ERR,ERR,ERR,ERR,ERR,ERR,ERR,ERR,ERR,ERR,ERR,ERR,ERR,ERR,ERR,ERR,ERR,ERR,ERR,ERR,ERR,ERR,ERR,ERR,ERR,ERR,ERR,ERR,ERR,ERR,ERR,ERR,ERR,ERR,ERR,ERR,ERR,ERR,ERR,ERR,ERR,ERR,ERR,0.0,0.0,0.0,0.0,0.0,1.3936040501711995e+18,7.805,0.0,0,0,4,0,7116,0.0,100,0.0,0.0,0.0,0.0,0.0,0,0,0,0,0.0,0,0,0,0,0,0,0,0,0,0,0,0,0,0,0,0,0,0,0,0,0,0,0,0,0,0,0,0,0,0,0,0,0,31,40,40,71,65476,0,300,0,0,8,21553,0.0,-107605600.0,0.0,0.0,0.0,0.0,0.0,0.0,0.0,0.0,0.0,0.0,0.0,0.0,0.0,0.0,0.0,0.0,0.0,0.0,0.0,0.0,-2.004,-0.0,-0.0,-2.004,0.0,0.0,0.0,0.0,6292.0,-3.697203725810742e+19,6942.0,0.0,0.0,2.7184303811560617e+23,0.0,0.0,0.0,0.0,0.0,69,0.0,0.0,0.0,0.0,0.0,0.0,0.0,0.0,0.0,0,0,0,0.0,0.0,0.0,0.0,0.0,0.0,0.0,0.0,0.0,0.0,0.0,0.0,0.0,0.0,0.0,0.0,0,-107875648.0,69,0.0,138,0.0,0.0,0,13107,17040,13107,17049,13107,17043,0,0,0,70,68,100,2.7302359370752657e+23,71.1,2.7302370179391762e+23,74.2,2.7302370179391762e+23,74.0,1,49,50,180,13107,52429,0,0,0.0,0.0,0.0,0.0,-0.0,67.0,0.0,162057.094,0.0,751,0,739,0,0,0,721,0,766,0,736,0,742,0,741,0,712,0,7520,0.032,96636764160.0,0.0,0.0,784,16797,-0.0,162057.094,-114818.039,-0.0,0.133,6.909358625270745e+28,30.0,65.0,35,0.0,0.0,0.0,0.0,0.0,0.0,0.0,0.0,0.0,0.0,0.0,0.0,0.0,0.0,0.0,0.0,69.2,0,150,71,55,65476,0,300,0,1,8,20529,65476,0,0,40632,65.0,0.0,0.0,0.0,0.0,0.0
2026-09-04T20:29:25,ERR,ERR,ERR,ERR,ERR,ERR,ERR,ERR,ERR,ERR,ERR,ERR,ERR,ERR,ERR,ERR,ERR,ERR,ERR,ERR,ERR,ERR,ERR,ERR,ERR,ERR,ERR,ERR,ERR,ERR,ERR,ERR,ERR,ERR,ERR,ERR,ERR,ERR,ERR,ERR,ERR,ERR,ERR,ERR,ERR,ERR,ERR,ERR,ERR,ERR,ERR,ERR,ERR,ERR,ERR,ERR,ERR,ERR,ERR,ERR,ERR,ERR,ERR,ERR,ERR,ERR,ERR,ERR,ERR,ERR,ERR,ERR,ERR,ERR,ERR,ERR,ERR,ERR,ERR,ERR,ERR,ERR,ERR,ERR,ERR,ERR,ERR,ERR,ERR,ERR,ERR,ERR,ERR,ERR,ERR,ERR,ERR,ERR,ERR,ERR,ERR,ERR,ERR,ERR,ERR,ERR,ERR,ERR,ERR,ERR,ERR,ERR,ERR,ERR,ERR,ERR,ERR,ERR,ERR,ERR,ERR,ERR,ERR,ERR,ERR,0.0,0.0,0.0,0.0,0.0,1.3936040501711995e+18,7.805,0.0,0,0,4,0,7116,0.0,100,0.0,0.0,0.0,0.0,0.0,0,0,0,0,0.0,0,0,0,0,0,0,0,0,0,0,0,0,0,0,0,0,0,0,0,0,0,0,0,0,0,0,0,0,0,0,0,0,0,31,40,40,71,65476,0,300,0,0,8,21553,0.0,-107605600.0,0.0,0.0,0.0,0.0,0.0,0.0,0.0,0.0,0.0,0.0,0.0,0.0,0.0,0.0,0.0,0.0,0.0,0.0,0.0,0.0,-2.004,-0.0,-0.0,-2.004,0.0,0.0,0.0,0.0,6292.0,-3.697203725810742e+19,6942.0,0.0,0.0,2.7184303811560617e+23,0.0,0.0,0.0,0.0,0.0,69,0.0,0.0,0.0,0.0,0.0,0.0,0.0,0.0,0.0,0,0,0,0.0,0.0,0.0,0.0,0.0,0.0,0.0,0.0,0.0,0.0,0.0,0.0,0.0,0.0,0.0,0.0,0,-107875648.0,69,0.0,138,0.0,0.0,0,13107,17040,13107,17049,13107,17043,0,0,0,70,68,100,2.7302359370752657e+23,71.1,2.7302370179391762e+23,74.2,2.7302370179391762e+23,74.0,1,49,50,180,13107,52429,0,0,0.0,0.0,0.0,0.0,-0.0,67.0,0.0,162057.094,0.0,751,0,739,0,0,0,721,0,766,0,736,0,742,0,741,0,712,0,7520,0.032,96636764160.0,0.0,0.0,784,16797,-0.0,162057.094,-114818.039,-0.0,0.133,6.909358625270745e+28,30.0,65.0,35,0.0,0.0,0.0,0.0,0.0,0.0,0.0,0.0,0.0,0.0,0.0,0.0,0.0,0.0,0.0,0.0,69.2,0,150,71,55,65476,0,300,0,1,8,20529,65476,0,0,40632,65.0,0.0,0.0,0.0,0.0,0.0
2026-09-04T20:29:26,ERR,ERR,ERR,ERR,ERR,ERR,ERR,ERR,ERR,ERR,ERR,ERR,ERR,ERR,ERR,ERR,ERR,ERR,ERR,ERR,ERR,ERR,ERR,ERR,ERR,ERR,ERR,ERR,ERR,ERR,ERR,ERR,ERR,ERR,ERR,ERR,ERR,ERR,ERR,ERR,ERR,ERR,ERR,ERR,ERR,ERR,ERR,ERR,ERR,ERR,ERR,ERR,ERR,ERR,ERR,ERR,ERR,ERR,ERR,ERR,ERR,ERR,ERR,ERR,ERR,ERR,ERR,ERR,ERR,ERR,ERR,ERR,ERR,ERR,ERR,ERR,ERR,ERR,ERR,ERR,ERR,ERR,ERR,ERR,ERR,ERR,ERR,ERR,ERR,ERR,ERR,ERR,ERR,ERR,ERR,ERR,ERR,ERR,ERR,ERR,ERR,ERR,ERR,ERR,ERR,ERR,ERR,ERR,ERR,ERR,ERR,ERR,ERR,ERR,ERR,ERR,ERR,ERR,ERR,ERR,ERR,ERR,ERR,ERR,ERR,0.0,0.0,0.0,0.0,0.0,1.3936040501711995e+18,7.805,0.0,0,0,4,0,7116,0.0,100,0.0,0.0,0.0,0.0,0.0,0,0,0,0,0.0,0,0,0,0,0,0,0,0,0,0,0,0,0,0,0,0,0,0,0,0,0,0,0,0,0,0,0,0,0,0,0,0,0,31,40,40,71,65476,0,300,0,0,8,21553,0.0,-107605600.0,0.0,0.0,0.0,0.0,0.0,0.0,0.0,0.0,0.0,0.0,0.0,0.0,0.0,0.0,0.0,0.0,0.0,0.0,0.0,0.0,-2.004,-0.0,-0.0,-2.004,0.0,0.0,0.0,0.0,6292.0,-3.697203725810742e+19,6942.0,0.0,0.0,2.7184303811560617e+23,0.0,0.0,0.0,0.0,0.0,69,0.0,0.0,0.0,0.0,0.0,0.0,0.0,0.0,0.0,0,0,0,0.0,0.0,0.0,0.0,0.0,0.0,0.0,0.0,0.0,0.0,0.0,0.0,0.0,0.0,0.0,0.0,0,-107875648.0,69,0.0,138,0.0,0.0,0,13107,17040,13107,17049,13107,17043,0,0,0,70,68,100,2.7302359370752657e+23,71.2,2.7302370179391762e+23,74.2,2.7302370179391762e+23,74.0,1,49,50,180,13107,52429,0,0,0.0,0.0,0.0,0.0,-0.0,67.0,0.0,162057.094,0.0,751,0,739,0,0,0,721,0,766,0,736,0,742,0,741,0,712,0,7520,0.032,102542344192.0,0.0,0.0,784,16797,-0.0,162057.094,-114818.039,-0.0,0.133,6.909358625270745e+28,30.0,65.0,35,0.0,0.0,0.0,0.0,0.0,0.0,0.0,0.0,0.0,0.0,0.0,0.0,0.0,0.0,0.0,0.0,69.2,0,150,71,55,65476,0,300,0,1,8,20529,65476,0,0,40632,65.0,0.0,0.0,0.0,0.0,0.0
2026-09-04T20:29:27,ERR,ERR,ERR,ERR,ERR,ERR,ERR,ERR,ERR,ERR,ERR,ERR,ERR,ERR,ERR,ERR,ERR,ERR,ERR,ERR,ERR,ERR,ERR,ERR,ERR,ERR,ERR,ERR,ERR,ERR,ERR,ERR,ERR,ERR,ERR,ERR,ERR,ERR,ERR,ERR,ERR,ERR,ERR,ERR,ERR,ERR,ERR,ERR,ERR,ERR,ERR,ERR,ERR,ERR,ERR,ERR,ERR,ERR,ERR,ERR,ERR,ERR,ERR,ERR,ERR,ERR,ERR,ERR,ERR,ERR,ERR,ERR,ERR,ERR,ERR,ERR,ERR,ERR,ERR,ERR,ERR,ERR,ERR,ERR,ERR,ERR,ERR,ERR,ERR,ERR,ERR,ERR,ERR,ERR,ERR,ERR,ERR,ERR,ERR,ERR,ERR,ERR,ERR,ERR,ERR,ERR,ERR,ERR,ERR,ERR,ERR,ERR,ERR,ERR,ERR,ERR,ERR,ERR,ERR,ERR,ERR,ERR,ERR,ERR,ERR,0.0,0.0,0.0,0.0,0.0,1.3936040501711995e+18,7.805,0.0,0,0,4,0,7116,0.0,100,0.0,0.0,0.0,0.0,0.0,0,0,0,0,0.0,0,0,0,0,0,0,0,0,0,0,0,0,0,0,0,0,0,0,0,0,0,0,0,0,0,0,0,0,0,0,0,0,0,31,40,40,71,65476,0,300,0,0,8,21553,0.0,-107605600.0,0.0,0.0,0.0,0.0,0.0,0.0,0.0,0.0,0.0,0.0,0.0,0.0,0.0,0.0,0.0,0.0,0.0,0.0,0.0,0.0,-2.004,-0.0,-0.0,-2.004,0.0,0.0,0.0,0.0,6292.0,-3.697203725810742e+19,6942.0,0.0,0.0,2.7184303811560617e+23,0.0,0.0,0.0,0.0,0.0,69,0.0,0.0,0.0,0.0,0.0,0.0,0.0,0.0,0.0,0,0,0,0.0,0.0,0.0,0.0,0.0,0.0,0.0,0.0,0.0,0.0,0.0,0.0,0.0,0.0,0.0,0.0,0,-107875648.0,69,0.0,138,0.0,0.0,0,13107,17040,13107,17049,13107,17043,0,0,0,70,68,100,2.7302359370752657e+23,71.2,2.7302370179391762e+23,74.2,2.7302370179391762e+23,74.0,1,49,50,180,13107,52429,0,0,0.0,0.0,0.0,0.0,-0.0,67.0,0.0,162057.094,0.0,751,0,739,0,0,0,721,0,766,0,736,0,742,0,741,0,712,0,7520,0.032,102542344192.0,0.0,0.0,784,16797,-0.0,162057.094,-114818.039,-0.0,0.133,6.909358625270745e+28,30.0,65.0,35,0.0,0.0,0.0,0.0,0.0,0.0,0.0,0.0,0.0,0.0,0.0,0.0,0.0,0.0,0.0,0.0,69.6,0,150,71,55,65476,0,300,0,1,8,20529,65476,0,0,40632,65.0,0.0,0.0,0.0,0.0,0.0
2026-09-04T20:29:28,ERR,ERR,ERR,ERR,ERR,ERR,ERR,ERR,ERR,ERR,ERR,ERR,ERR,ERR,ERR,ERR,ERR,ERR,ERR,ERR,ERR,ERR,ERR,ERR,ERR,ERR,ERR,ERR,ERR,ERR,ERR,ERR,ERR,ERR,ERR,ERR,ERR,ERR,ERR,ERR,ERR,ERR,ERR,ERR,ERR,ERR,ERR,ERR,ERR,ERR,ERR,ERR,ERR,ERR,ERR,ERR,ERR,ERR,ERR,ERR,ERR,ERR,ERR,ERR,ERR,ERR,ERR,ERR,ERR,ERR,ERR,ERR,ERR,ERR,ERR,ERR,ERR,ERR,ERR,ERR,ERR,ERR,ERR,ERR,ERR,ERR,ERR,ERR,ERR,ERR,ERR,ERR,ERR,ERR,ERR,ERR,ERR,ERR,ERR,ERR,ERR,ERR,ERR,ERR,ERR,ERR,ERR,ERR,ERR,ERR,ERR,ERR,ERR,ERR,ERR,ERR,ERR,ERR,ERR,ERR,ERR,ERR,ERR,ERR,ERR,0.0,0.0,0.0,0.0,0.0,1.3936040501711995e+18,7.805,0.0,0,0,4,0,7116,0.0,100,0.0,0.0,0.0,0.0,0.0,0,0,0,0,0.0,0,0,0,0,0,0,0,0,0,0,0,0,0,0,0,0,0,0,0,0,0,0,0,0,0,0,0,0,0,0,0,0,0,31,40,40,71,65476,0,300,0,0,8,21553,0.0,-107605600.0,0.0,0.0,0.0,0.0,0.0,0.0,0.0,0.0,0.0,0.0,0.0,0.0,0.0,0.0,0.0,0.0,0.0,0.0,0.0,0.0,-2.004,-0.0,-0.0,-2.004,0.0,0.0,0.0,0.0,6292.0,-3.697203725810742e+19,6942.0,0.0,0.0,2.7184303811560617e+23,0.0,0.0,0.0,0.0,0.0,69,0.0,0.0,0.0,0.0,0.0,0.0,0.0,0.0,0.0,0,0,0,0.0,0.0,0.0,0.0,0.0,0.0,0.0,0.0,0.0,0.0,0.0,0.0,0.0,0.0,0.0,0.0,0,-107875648.0,69,0.0,138,0.0,0.0,0,13107,17040,13107,17049,13107,17043,0,0,0,70,68,100,2.7302359370752657e+23,71.2,2.7302370179391762e+23,74.2,2.7302370179391762e+23,74.0,1,49,50,180,13107,52429,0,0,0.0,0.0,0.0,0.0,-0.0,67.0,0.0,162057.094,0.0,751,0,739,0,0,0,721,0,766,0,736,0,742,0,741,0,712,0,7520,0.032,102542344192.0,0.0,0.0,784,16797,-0.0,162057.094,-114818.039,-0.0,0.133,6.909358625270745e+28,30.0,65.0,35,0.0,0.0,0.0,0.0,0.0,0.0,0.0,0.0,0.0,0.0,0.0,0.0,0.0,0.0,0.0,0.0,69.6,0,150,71,55,65476,0,300,0,1,8,20529,65476,0,0,40632,65.0,0.0,0.0,0.0,0.0,0.0
2026-09-04T20:29:29,ERR,ERR,ERR,ERR,ERR,ERR,ERR,ERR,ERR,ERR,ERR,ERR,ERR,ERR,ERR,ERR,ERR,ERR,ERR,ERR,ERR,ERR,ERR,ERR,ERR,ERR,ERR,ERR,ERR,ERR,ERR,ERR,ERR,ERR,ERR,ERR,ERR,ERR,ERR,ERR,ERR,ERR,ERR,ERR,ERR,ERR,ERR,ERR,ERR,ERR,ERR,ERR,ERR,ERR,ERR,ERR,ERR,ERR,ERR,ERR,ERR,ERR,ERR,ERR,ERR,ERR,ERR,ERR,ERR,ERR,ERR,ERR,ERR,ERR,ERR,ERR,ERR,ERR,ERR,ERR,ERR,ERR,ERR,ERR,ERR,ERR,ERR,ERR,ERR,ERR,ERR,ERR,ERR,ERR,ERR,ERR,ERR,ERR,ERR,ERR,ERR,ERR,ERR,ERR,ERR,ERR,ERR,ERR,ERR,ERR,ERR,ERR,ERR,ERR,ERR,ERR,ERR,ERR,ERR,ERR,ERR,ERR,ERR,ERR,ERR,0.0,0.0,0.0,0.0,0.0,1.3936040501711995e+18,7.805,0.0,0,0,4,0,7116,0.0,100,0.0,0.0,0.0,0.0,0.0,0,0,0,0,0.0,0,0,0,0,0,0,0,0,0,0,0,0,0,0,0,0,0,0,0,0,0,0,0,0,0,0,0,0,0,0,0,0,0,31,40,40,71,65476,0,300,0,0,8,21553,0.0,-107605600.0,0.0,0.0,0.0,0.0,0.0,0.0,0.0,0.0,0.0,0.0,0.0,0.0,0.0,0.0,0.0,0.0,0.0,0.0,0.0,0.0,-2.004,-0.0,-0.0,-2.004,0.0,0.0,0.0,0.0,6292.0,-3.697203725810742e+19,6942.0,0.0,0.0,2.7184303811560617e+23,0.0,0.0,0.0,0.0,0.0,69,0.0,0.0,0.0,0.0,0.0,0.0,0.0,0.0,0.0,0,0,0,0.0,0.0,0.0,0.0,0.0,0.0,0.0,0.0,0.0,0.0,0.0,0.0,0.0,0.0,0.0,0.0,0,-107875648.0,69,0.0,138,0.0,0.0,0,13107,17040,13107,17049,13107,17043,0,0,0,70,68,100,2.7302359370752657e+23,71.2,2.7302370179391762e+23,74.2,2.7302370179391762e+23,74.0,1,49,50,180,13107,52429,0,0,0.0,0.0,0.0,0.0,-0.0,67.0,0.0,162057.094,0.0,751,0,739,0,0,0,721,0,766,0,736,0,742,0,741,0,712,0,7520,0.032,102542344192.0,0.0,0.0,784,16797,-0.0,162057.094,-114818.039,-0.0,0.133,6.909358625270745e+28,30.0,65.0,35,0.0,0.0,0.0,0.0,0.0,0.0,0.0,0.0,0.0,0.0,0.0,0.0,0.0,0.0,0.0,0.0,69.6,0,150,71,55,65476,0,300,0,1,8,20529,65476,0,0,40632,65.0,0.0,0.0,0.0,0.0,0.0
2026-09-04T20:29:30,ERR,ERR,ERR,ERR,ERR,ERR,ERR,ERR,ERR,ERR,ERR,ERR,ERR,ERR,ERR,ERR,ERR,ERR,ERR,ERR,ERR,ERR,ERR,ERR,ERR,ERR,ERR,ERR,ERR,ERR,ERR,ERR,ERR,ERR,ERR,ERR,ERR,ERR,ERR,ERR,ERR,ERR,ERR,ERR,ERR,ERR,ERR,ERR,ERR,ERR,ERR,ERR,ERR,ERR,ERR,ERR,ERR,ERR,ERR,ERR,ERR,ERR,ERR,ERR,ERR,ERR,ERR,ERR,ERR,ERR,ERR,ERR,ERR,ERR,ERR,ERR,ERR,ERR,ERR,ERR,ERR,ERR,ERR,ERR,ERR,ERR,ERR,ERR,ERR,ERR,ERR,ERR,ERR,ERR,ERR,ERR,ERR,ERR,ERR,ERR,ERR,ERR,ERR,ERR,ERR,ERR,ERR,ERR,ERR,ERR,ERR,ERR,ERR,ERR,ERR,ERR,ERR,ERR,ERR,ERR,ERR,ERR,ERR,ERR,ERR,0.0,0.0,0.0,0.0,0.0,1.3936040501711995e+18,7.805,0.0,0,0,4,0,7116,0.0,100,0.0,0.0,0.0,0.0,0.0,0,0,0,0,0.0,0,0,0,0,0,0,0,0,0,0,0,0,0,0,0,0,0,0,0,0,0,0,0,0,0,0,0,0,0,0,0,0,0,31,40,40,71,65476,0,300,0,0,8,21553,0.0,-107605600.0,0.0,0.0,0.0,0.0,0.0,0.0,0.0,0.0,0.0,0.0,0.0,0.0,0.0,0.0,0.0,0.0,0.0,0.0,0.0,0.0,-2.004,-0.0,-0.0,-2.004,0.0,0.0,0.0,0.0,6293.0,-2.004,6936.0,0.0,0.0,2.7184303811560617e+23,0.0,0.0,0.0,0.0,0.0,69,0.0,-152018136072192.0,0.0,0.0,0.0,0.0,0.0,0.0,0.0,0,0,0,0.0,0.0,0.0,0.0,0.0,0.0,0.0,0.0,0.0,0.0,0.0,0.0,0.0,0.0,0.0,0.0,0,-107875648.0,69,0.0,138,0.0,-109447200.0,0,13107,17040,13107,17049,13107,17043,0,0,0,70,68,100,2.7302359370752657e+23,71.2,2.7302370179391762e+23,74.2,2.7302370179391762e+23,74.0,1,49,50,180,13107,52429,0,0,0.0,0.0,0.0,0.0,-0.0,67.0,0.0,162057.094,0.0,751,0,739,0,0,0,721,0,766,0,736,0,742,0,741,0,712,0,7520,0.032,102542344192.0,0.0,0.0,784,16797,-0.0,162057.094,-114818.039,-0.0,0.133,6.909358625270745e+28,30.0,65.0,35,0.0,0.0,0.0,0.0,0.0,0.0,0.0,0.0,0.0,0.0,0.0,0.0,0.0,0.0,0.0,0.0,69.2,0,150,71,55,65476,0,300,0,1,8,20529,65476,0,0,40632,65.0,0.0,0.0,0.0,0.0,0.0
2026-09-04T20:29:31,ERR,ERR,ERR,ERR,ERR,ERR,ERR,ERR,ERR,ERR,ERR,ERR,ERR,ERR,ERR,ERR,ERR,ERR,ERR,ERR,ERR,ERR,ERR,ERR,ERR,ERR,ERR,ERR,ERR,ERR,ERR,ERR,ERR,ERR,ERR,ERR,ERR,ERR,ERR,ERR,ERR,ERR,ERR,ERR,ERR,ERR,ERR,ERR,ERR,ERR,ERR,ERR,ERR,ERR,ERR,ERR,ERR,ERR,ERR,ERR,ERR,ERR,ERR,ERR,ERR,ERR,ERR,ERR,ERR,ERR,ERR,ERR,ERR,ERR,ERR,ERR,ERR,ERR,ERR,ERR,ERR,ERR,ERR,ERR,ERR,ERR,ERR,ERR,ERR,ERR,ERR,ERR,ERR,ERR,ERR,ERR,ERR,ERR,ERR,ERR,ERR,ERR,ERR,ERR,ERR,ERR,ERR,ERR,ERR,ERR,ERR,ERR,ERR,ERR,ERR,ERR,ERR,ERR,ERR,ERR,ERR,ERR,ERR,ERR,ERR,0.0,0.0,0.0,0.0,0.0,1.3936040501711995e+18,7.805,0.0,0,0,4,0,7116,0.0,100,0.0,0.0,0.0,0.0,0.0,0,0,0,0,0.0,0,0,0,0,0,0,0,0,0,0,0,0,0,0,0,0,0,0,0,0,0,0,0,0,0,0,0,0,0,0,0,0,0,31,40,40,71,65476,0,300,0,0,8,21553,0.0,-107605600.0,0.0,0.0,0.0,0.0,0.0,0.0,0.0,0.0,0.0,0.0,0.0,0.0,0.0,0.0,0.0,0.0,0.0,0.0,0.0,0.0,-2.004,-0.0,-0.0,-2.004,0.0,0.0,0.0,0.0,6293.0,-2.004,6936.0,0.0,0.0,2.7184303811560617e+23,0.0,0.0,0.0,0.0,0.0,69,0.0,-152018136072192.0,0.0,0.0,0.0,0.0,0.0,0.0,0.0,0,0,0,0.0,0.0,0.0,0.0,0.0,0.0,0.0,0.0,0.0,0.0,0.0,0.0,0.0,0.0,0.0,0.0,0,-107875648.0,69,0.0,138,0.0,-109447200.0,0,13107,17040,13107,17049,13107,17043,0,0,0,70,68,100,2.7302359370752657e+23,71.2,2.7302370179391762e+23,74.2,2.7302370179391762e+23,74.0,1,49,50,180,13107,52429,0,0,0.0,0.0,0.0,0.0,-0.0,67.0,0.0,162057.094,0.0,751,0,739,0,0,0,721,0,766,0,736,0,742,0,741,0,712,0,7520,0.032,79456894976.0,0.0,0.0,784,16797,-0.0,162057.094,-114818.039,-0.0,0.133,6.909358625270745e+28,30.0,65.0,35,0.0,0.0,0.0,0.0,0.0,0.0,0.0,0.0,0.0,0.0,0.0,0.0,0.0,0.0,0.0,0.0,69.2,0,150,71,55,65476,0,300,0,1,8,20529,65476,0,0,40632,65.0,0.0,0.0,0.0,0.0,0.0
2026-09-04T20:29:32,ERR,ERR,ERR,ERR,ERR,ERR,ERR,ERR,ERR,ERR,ERR,ERR,ERR,ERR,ERR,ERR,ERR,ERR,ERR,ERR,ERR,ERR,ERR,ERR,ERR,ERR,ERR,ERR,ERR,ERR,ERR,ERR,ERR,ERR,ERR,ERR,ERR,ERR,ERR,ERR,ERR,ERR,ERR,ERR,ERR,ERR,ERR,ERR,ERR,ERR,ERR,ERR,ERR,ERR,ERR,ERR,ERR,ERR,ERR,ERR,ERR,ERR,ERR,ERR,ERR,ERR,ERR,ERR,ERR,ERR,ERR,ERR,ERR,ERR,ERR,ERR,ERR,ERR,ERR,ERR,ERR,ERR,ERR,ERR,ERR,ERR,ERR,ERR,ERR,ERR,ERR,ERR,ERR,ERR,ERR,ERR,ERR,ERR,ERR,ERR,ERR,ERR,ERR,ERR,ERR,ERR,ERR,ERR,ERR,ERR,ERR,ERR,ERR,ERR,ERR,ERR,ERR,ERR,ERR,ERR,ERR,ERR,ERR,ERR,ERR,0.0,0.0,0.0,0.0,0.0,1.3936040501711995e+18,7.805,0.0,0,0,4,0,7116,0.0,100,0.0,0.0,0.0,0.0,0.0,0,0,0,0,0.0,0,0,0,0,0,0,0,0,0,0,0,0,0,0,0,0,0,0,0,0,0,0,0,0,0,0,0,0,0,0,0,0,0,31,40,40,71,65476,0,300,0,0,8,21553,0.0,-107605600.0,0.0,0.0,0.0,0.0,0.0,0.0,0.0,0.0,0.0,0.0,0.0,0.0,0.0,0.0,0.0,0.0,0.0,0.0,0.0,0.0,-2.004,-0.0,-0.0,-2.004,0.0,0.0,0.0,0.0,6293.0,-2.004,6936.0,0.0,0.0,2.7184303811560617e+23,0.0,0.0,0.0,0.0,0.0,69,0.0,-152018136072192.0,0.0,0.0,0.0,0.0,0.0,0.0,0.0,0,0,0,0.0,0.0,0.0,0.0,0.0,0.0,0.0,0.0,0.0,0.0,0.0,0.0,0.0,0.0,0.0,0.0,0,-107875648.0,69,0.0,138,0.0,-109447200.0,0,13107,17040,13107,17049,13107,17043,0,0,0,70,68,100,2.7302359370752657e+23,71.2,2.7302370179391762e+23,74.2,2.7302370179391762e+23,74.0,1,49,50,180,13107,52429,0,0,0.0,0.0,0.0,0.0,-0.0,67.0,0.0,162057.094,0.0,751,0,739,0,0,0,721,0,766,0,736,0,742,0,741,0,712,0,7520,0.032,79456894976.0,0.0,0.0,784,16797,-0.0,162057.094,-114818.039,-0.0,0.133,6.909358625270745e+28,30.0,65.0,35,0.0,0.0,0.0,0.0,0.0,0.0,0.0,0.0,0.0,0.0,0.0,0.0,0.0,0.0,0.0,0.0,69.6,0,150,71,55,65476,0,300,0,1,8,20529,65476,0,0,40632,65.0,0.0,0.0,0.0,0.0,0.0
2026-09-04T20:29:33,ERR,ERR,ERR,ERR,ERR,ERR,ERR,ERR,ERR,ERR,ERR,ERR,ERR,ERR,ERR,ERR,ERR,ERR,ERR,ERR,ERR,ERR,ERR,ERR,ERR,ERR,ERR,ERR,ERR,ERR,ERR,ERR,ERR,ERR,ERR,ERR,ERR,ERR,ERR,ERR,ERR,ERR,ERR,ERR,ERR,ERR,ERR,ERR,ERR,ERR,ERR,ERR,ERR,ERR,ERR,ERR,ERR,ERR,ERR,ERR,ERR,ERR,ERR,ERR,ERR,ERR,ERR,ERR,ERR,ERR,ERR,ERR,ERR,ERR,ERR,ERR,ERR,ERR,ERR,ERR,ERR,ERR,ERR,ERR,ERR,ERR,ERR,ERR,ERR,ERR,ERR,ERR,ERR,ERR,ERR,ERR,ERR,ERR,ERR,ERR,ERR,ERR,ERR,ERR,ERR,ERR,ERR,ERR,ERR,ERR,ERR,ERR,ERR,ERR,ERR,ERR,ERR,ERR,ERR,ERR,ERR,ERR,ERR,ERR,ERR,0.0,0.0,0.0,0.0,0.0,1.3936040501711995e+18,7.805,0.0,0,0,4,0,7116,0.0,100,0.0,0.0,0.0,0.0,0.0,0,0,0,0,0.0,0,0,0,0,0,0,0,0,0,0,0,0,0,0,0,0,0,0,0,0,0,0,0,0,0,0,0,0,0,0,0,0,0,31,40,40,71,65476,0,300,0,0,8,21553,0.0,-107605600.0,0.0,0.0,0.0,0.0,0.0,0.0,0.0,0.0,0.0,0.0,0.0,0.0,0.0,0.0,0.0,0.0,0.0,0.0,0.0,0.0,-2.004,-0.0,-0.0,-2.004,0.0,0.0,0.0,0.0,6293.0,-2.004,6936.0,0.0,0.0,2.7184303811560617e+23,0.0,0.0,0.0,0.0,0.0,69,0.0,-152018136072192.0,0.0,0.0,0.0,0.0,0.0,0.0,0.0,0,0,0,0.0,0.0,0.0,0.0,0.0,0.0,0.0,0.0,0.0,0.0,0.0,0.0,0.0,0.0,0.0,0.0,0,-107875648.0,69,0.0,138,0.0,-109447200.0,0,13107,17040,13107,17049,13107,17043,0,0,0,70,68,100,2.7302359370752657e+23,71.2,2.7302370179391762e+23,74.2,2.7302370179391762e+23,74.0,1,49,50,180,13107,52429,0,0,0.0,0.0,0.0,0.0,-0.0,67.0,0.0,162057.094,0.0,751,0,739,0,0,0,721,0,766,0,736,0,742,0,741,0,712,0,7520,0.032,79456894976.0,0.0,0.0,784,16797,-0.0,162057.094,-114818.039,-0.0,0.133,6.909358625270745e+28,30.0,65.0,35,0.0,0.0,0.0,0.0,0.0,0.0,0.0,0.0,0.0,0.0,0.0,0.0,0.0,0.0,0.0,0.0,69.6,0,150,71,55,65476,0,300,0,1,8,20529,65476,0,0,40632,65.0,0.0,0.0,0.0,0.0,0.0
2026-09-04T20:29:34,ERR,ERR,ERR,ERR,ERR,ERR,ERR,ERR,ERR,ERR,ERR,ERR,ERR,ERR,ERR,ERR,ERR,ERR,ERR,ERR,ERR,ERR,ERR,ERR,ERR,ERR,ERR,ERR,ERR,ERR,ERR,ERR,ERR,ERR,ERR,ERR,ERR,ERR,ERR,ERR,ERR,ERR,ERR,ERR,ERR,ERR,ERR,ERR,ERR,ERR,ERR,ERR,ERR,ERR,ERR,ERR,ERR,ERR,ERR,ERR,ERR,ERR,ERR,ERR,ERR,ERR,ERR,ERR,ERR,ERR,ERR,ERR,ERR,ERR,ERR,ERR,ERR,ERR,ERR,ERR,ERR,ERR,ERR,ERR,ERR,ERR,ERR,ERR,ERR,ERR,ERR,ERR,ERR,ERR,ERR,ERR,ERR,ERR,ERR,ERR,ERR,ERR,ERR,ERR,ERR,ERR,ERR,ERR,ERR,ERR,ERR,ERR,ERR,ERR,ERR,ERR,ERR,ERR,ERR,ERR,ERR,ERR,ERR,ERR,ERR,0.0,0.0,0.0,0.0,0.0,1.3936040501711995e+18,7.805,0.0,0,0,4,0,7116,0.0,100,0.0,0.0,0.0,0.0,0.0,0,0,0,0,0.0,0,0,0,0,0,0,0,0,0,0,0,0,0,0,0,0,0,0,0,0,0,0,0,0,0,0,0,0,0,0,0,0,0,31,40,40,71,65476,0,300,0,0,8,21553,0.0,-107605600.0,0.0,0.0,0.0,0.0,0.0,0.0,0.0,0.0,0.0,0.0,0.0,0.0,0.0,0.0,0.0,0.0,0.0,0.0,0.0,0.0,-2.004,-0.0,-0.0,-2.004,0.0,0.0,0.0,0.0,6293.0,-2.004,6936.0,0.0,0.0,2.7184303811560617e+23,0.0,0.0,0.0,0.0,0.0,69,0.0,-152018136072192.0,0.0,0.0,0.0,0.0,0.0,0.0,0.0,0,0,0,0.0,0.0,0.0,0.0,0.0,0.0,0.0,0.0,0.0,0.0,0.0,0.0,0.0,0.0,0.0,0.0,0,-107875648.0,69,0.0,138,0.0,-109447200.0,0,13107,17040,13107,17049,13107,17043,0,0,0,70,68,100,2.7302359370752657e+23,71.2,2.7302370179391762e+23,74.2,2.7302370179391762e+23,74.0,1,49,50,180,13107,52429,0,0,0.0,0.0,0.0,0.0,-0.0,67.0,0.0,162057.094,0.0,751,0,739,0,0,0,721,0,766,0,736,0,742,0,741,0,712,0,7520,0.032,79456894976.0,0.0,0.0,784,16797,-0.0,162057.094,-114818.039,-0.0,0.133,6.909358625270745e+28,30.0,65.0,35,0.0,0.0,0.0,0.0,0.0,0.0,0.0,0.0,0.0,0.0,0.0,0.0,0.0,0.0,0.0,0.0,69.6,0,150,71,55,65476,0,300,0,1,8,20529,65476,0,0,40632,65.0,0.0,0.0,0.0,0.0,0.0
2026-09-04T20:29:35,ERR,ERR,ERR,ERR,ERR,ERR,ERR,ERR,ERR,ERR,ERR,ERR,ERR,ERR,ERR,ERR,ERR,ERR,ERR,ERR,ERR,ERR,ERR,ERR,ERR,ERR,ERR,ERR,ERR,ERR,ERR,ERR,ERR,ERR,ERR,ERR,ERR,ERR,ERR,ERR,ERR,ERR,ERR,ERR,ERR,ERR,ERR,ERR,ERR,ERR,ERR,ERR,ERR,ERR,ERR,ERR,ERR,ERR,ERR,ERR,ERR,ERR,ERR,ERR,ERR,ERR,ERR,ERR,ERR,ERR,ERR,ERR,ERR,ERR,ERR,ERR,ERR,ERR,ERR,ERR,ERR,ERR,ERR,ERR,ERR,ERR,ERR,ERR,ERR,ERR,ERR,ERR,ERR,ERR,ERR,ERR,ERR,ERR,ERR,ERR,ERR,ERR,ERR,ERR,ERR,ERR,ERR,ERR,ERR,ERR,ERR,ERR,ERR,ERR,ERR,ERR,ERR,ERR,ERR,ERR,ERR,ERR,ERR,ERR,ERR,0.0,0.0,0.0,0.0,0.0,1.3936040501711995e+18,7.805,0.0,0,0,4,0,7116,0.0,100,0.0,0.0,0.0,0.0,0.0,0,0,0,0,0.0,0,0,0,0,0,0,0,0,0,0,0,0,0,0,0,0,0,0,0,0,0,0,0,0,0,0,0,0,0,0,0,0,0,31,40,40,71,65476,0,300,0,0,8,21553,0.0,-107605600.0,0.0,0.0,0.0,0.0,0.0,0.0,0.0,0.0,0.0,0.0,0.0,0.0,0.0,0.0,0.0,0.0,0.0,0.0,0.0,0.0,-2.004,-0.0,-0.0,-2.004,0.0,0.0,0.0,0.0,6293.0,-2.004,6936.0,0.0,0.0,2.7184303811560617e+23,0.0,0.0,0.0,0.0,0.0,69,0.0,-152018136072192.0,0.0,0.0,0.0,0.0,0.0,0.0,0.0,0,0,0,0.0,0.0,0.0,0.0,0.0,0.0,0.0,0.0,0.0,0.0,0.0,0.0,0.0,0.0,0.0,0.0,0,-107875648.0,69,0.0,138,0.0,-109447200.0,0,13107,17040,13107,17049,13107,17043,0,0,0,70,68,100,2.7302359370752657e+23,71.2,2.7302370179391762e+23,74.2,2.7302370179391762e+23,74.0,1,49,50,180,13107,52429,0,0,0.0,0.0,0.0,0.0,-0.0,67.0,0.0,162057.094,0.0,751,0,739,0,0,0,721,0,766,0,736,0,742,0,741,0,712,0,7520,0.032,79456894976.0,0.0,0.0,784,16797,-0.0,162057.094,-114818.039,-0.0,0.133,6.909358625270745e+28,30.0,65.0,35,0.0,0.0,0.0,0.0,0.0,0.0,0.0,0.0,0.0,0.0,0.0,0.0,0.0,0.0,0.0,0.0,69.2,0,150,71,55,65476,0,300,0,1,8,20529,65476,0,0,40632,65.0,0.0,0.0,0.0,0.0,0.0
2026-09-04T20:29:36,ERR,ERR,ERR,ERR,ERR,ERR,ERR,ERR,ERR,ERR,ERR,ERR,ERR,ERR,ERR,ERR,ERR,ERR,ERR,ERR,ERR,ERR,ERR,ERR,ERR,ERR,ERR,ERR,ERR,ERR,ERR,ERR,ERR,ERR,ERR,ERR,ERR,ERR,ERR,ERR,ERR,ERR,ERR,ERR,ERR,ERR,ERR,ERR,ERR,ERR,ERR,ERR,ERR,ERR,ERR,ERR,ERR,ERR,ERR,ERR,ERR,ERR,ERR,ERR,ERR,ERR,ERR,ERR,ERR,ERR,ERR,ERR,ERR,ERR,ERR,ERR,ERR,ERR,ERR,ERR,ERR,ERR,ERR,ERR,ERR,ERR,ERR,ERR,ERR,ERR,ERR,ERR,ERR,ERR,ERR,ERR,ERR,ERR,ERR,ERR,ERR,ERR,ERR,ERR,ERR,ERR,ERR,ERR,ERR,ERR,ERR,ERR,ERR,ERR,ERR,ERR,ERR,ERR,ERR,ERR,ERR,ERR,ERR,ERR,ERR,0.0,0.0,0.0,0.0,0.0,1.3936040501711995e+18,7.805,0.0,0,0,4,0,7116,0.0,100,0.0,0.0,0.0,0.0,0.0,0,0,0,0,0.0,0,0,0,0,0,0,0,0,0,0,0,0,0,0,0,0,0,0,0,0,0,0,0,0,0,0,0,0,0,0,0,0,0,31,40,40,71,65476,0,300,0,0,8,21553,0.0,-107605600.0,0.0,0.0,0.0,0.0,0.0,0.0,0.0,0.0,0.0,0.0,0.0,0.0,0.0,0.0,0.0,0.0,0.0,0.0,0.0,0.0,-2.004,-0.0,-0.0,-2.004,0.0,0.0,0.0,0.0,6293.0,-2.004,6936.0,0.0,0.0,2.7184303811560617e+23,0.0,0.0,0.0,0.0,0.0,69,0.0,-152018136072192.0,0.0,0.0,0.0,0.0,0.0,0.0,0.0,0,0,0,0.0,0.0,0.0,0.0,0.0,0.0,0.0,0.0,0.0,0.0,0.0,0.0,0.0,0.0,0.0,0.0,0,-107875648.0,69,0.0,138,0.0,-109447200.0,0,13107,17040,13107,17049,13107,17043,0,0,0,70,68,100,2.7302359370752657e+23,71.2,2.7302370179391762e+23,74.2,2.7302370179391762e+23,74.0,1,49,50,180,13107,52429,0,0,0.0,0.0,0.0,0.0,-0.0,67.0,0.0,162057.094,0.0,751,0,739,0,0,0,721,0,766,0,736,0,742,0,741,0,712,0,7520,0.032,79456894976.0,0.0,0.0,784,16797,-0.0,162057.094,-114818.039,-0.0,0.133,6.909358625270745e+28,30.0,65.0,35,0.0,0.0,0.0,0.0,0.0,0.0,0.0,0.0,0.0,0.0,0.0,0.0,0.0,0.0,0.0,0.0,69.2,0,150,71,55,65476,0,300,0,1,8,20529,65476,0,0,40632,65.0,0.0,0.0,0.0,0.0,0.0
2026-09-04T20:29:37,ERR,ERR,ERR,ERR,ERR,ERR,ERR,ERR,ERR,ERR,ERR,ERR,ERR,ERR,ERR,ERR,ERR,ERR,ERR,ERR,ERR,ERR,ERR,ERR,ERR,ERR,ERR,ERR,ERR,ERR,ERR,ERR,ERR,ERR,ERR,ERR,ERR,ERR,ERR,ERR,ERR,ERR,ERR,ERR,ERR,ERR,ERR,ERR,ERR,ERR,ERR,ERR,ERR,ERR,ERR,ERR,ERR,ERR,ERR,ERR,ERR,ERR,ERR,ERR,ERR,ERR,ERR,ERR,ERR,ERR,ERR,ERR,ERR,ERR,ERR,ERR,ERR,ERR,ERR,ERR,ERR,ERR,ERR,ERR,ERR,ERR,ERR,ERR,ERR,ERR,ERR,ERR,ERR,ERR,ERR,ERR,ERR,ERR,ERR,ERR,ERR,ERR,ERR,ERR,ERR,ERR,ERR,ERR,ERR,ERR,ERR,ERR,ERR,ERR,ERR,ERR,ERR,ERR,ERR,ERR,ERR,ERR,ERR,ERR,ERR,0.0,0.0,0.0,0.0,0.0,1.3936040501711995e+18,7.805,0.0,0,0,4,0,7116,0.0,100,0.0,0.0,0.0,0.0,0.0,0,0,0,0,0.0,0,0,0,0,0,0,0,0,0,0,0,0,0,0,0,0,0,0,0,0,0,0,0,0,0,0,0,0,0,0,0,0,0,31,40,40,71,65476,0,300,0,0,8,21553,0.0,-107605600.0,0.0,0.0,0.0,0.0,0.0,0.0,0.0,0.0,0.0,0.0,0.0,0.0,0.0,0.0,0.0,0.0,0.0,0.0,0.0,0.0,-2.004,-0.0,-0.0,-2.004,0.0,0.0,0.0,0.0,6293.0,-2.004,6936.0,0.0,0.0,2.7184303811560617e+23,0.0,0.0,0.0,0.0,0.0,69,0.0,-152018136072192.0,0.0,0.0,0.0,0.0,0.0,0.0,0.0,0,0,0,0.0,0.0,0.0,0.0,0.0,0.0,0.0,0.0,0.0,0.0,0.0,0.0,0.0,0.0,0.0,0.0,0,-107875648.0,69,0.0,138,0.0,-109447200.0,0,13107,17040,13107,17049,13107,17043,0,0,0,70,68,100,2.7302359370752657e+23,71.2,2.7302370179391762e+23,74.2,2.7302370179391762e+23,74.0,1,49,50,180,13107,52429,0,0,0.0,0.0,0.0,0.0,-0.0,67.0,0.0,162057.094,0.0,751,0,739,0,0,0,721,0,766,0,736,0,742,0,741,0,712,0,7520,0.032,79456894976.0,0.0,0.0,784,16797,-0.0,162057.094,-114818.039,-0.0,0.133,6.909358625270745e+28,30.0,65.0,35,0.0,0.0,0.0,0.0,0.0,0.0,0.0,0.0,0.0,0.0,0.0,0.0,0.0,0.0,0.0,0.0,69.2,0,150,71,55,65476,0,300,0,1,8,20529,65476,0,0,40632,65.0,0.0,0.0,0.0,0.0,0.0
2026-09-04T20:29:38,ERR,ERR,ERR,ERR,ERR,ERR,ERR,ERR,ERR,ERR,ERR,ERR,ERR,ERR,ERR,ERR,ERR,ERR,ERR,ERR,ERR,ERR,ERR,ERR,ERR,ERR,ERR,ERR,ERR,ERR,ERR,ERR,ERR,ERR,ERR,ERR,ERR,ERR,ERR,ERR,ERR,ERR,ERR,ERR,ERR,ERR,ERR,ERR,ERR,ERR,ERR,ERR,ERR,ERR,ERR,ERR,ERR,ERR,ERR,ERR,ERR,ERR,ERR,ERR,ERR,ERR,ERR,ERR,ERR,ERR,ERR,ERR,ERR,ERR,ERR,ERR,ERR,ERR,ERR,ERR,ERR,ERR,ERR,ERR,ERR,ERR,ERR,ERR,ERR,ERR,ERR,ERR,ERR,ERR,ERR,ERR,ERR,ERR,ERR,ERR,ERR,ERR,ERR,ERR,ERR,ERR,ERR,ERR,ERR,ERR,ERR,ERR,ERR,ERR,ERR,ERR,ERR,ERR,ERR,ERR,ERR,ERR,ERR,ERR,ERR,0.0,0.0,0.0,0.0,0.0,1.3936040501711995e+18,7.805,0.0,0,0,4,0,7116,0.0,100,0.0,0.0,0.0,0.0,0.0,0,0,0,0,0.0,0,0,0,0,0,0,0,0,0,0,0,0,0,0,0,0,0,0,0,0,0,0,0,0,0,0,0,0,0,0,0,0,0,31,40,40,71,65476,0,300,0,0,8,21553,0.0,-107605600.0,0.0,0.0,0.0,0.0,0.0,0.0,0.0,0.0,0.0,0.0,0.0,0.0,0.0,0.0,0.0,0.0,0.0,0.0,0.0,0.0,-2.004,-0.0,-0.0,-2.004,0.0,0.0,0.0,0.0,6290.0,-0.0,6934.0,0.0,0.0,2.7184303811560617e+23,0.0,0.0,0.0,0.0,0.0,69,0.0,-0.0,0.0,0.0,0.0,0.0,0.0,0.0,0.0,0,0,0,0.0,0.0,0.0,0.0,0.0,0.0,0.0,0.0,0.0,0.0,0.0,0.0,0.0,0.0,0.0,0.0,0,-107875648.0,69,0.0,138,0.0,0.0,0,13107,17040,13107,17049,13107,17043,0,0,0,70,68,100,2.7302359370752657e+23,71.2,2.7302370179391762e+23,74.2,2.7302370179391762e+23,74.0,1,49,50,180,13107,52429,0,0,0.0,0.0,0.0,0.0,-0.0,67.0,0.0,162057.094,0.0,751,0,739,0,0,0,721,0,766,0,736,0,742,0,741,0,712,0,7520,0.032,79456894976.0,0.0,0.0,784,16797,-0.0,162057.094,-114818.039,-0.0,0.133,6.909358625270745e+28,30.0,65.0,35,0.0,0.0,0.0,0.0,0.0,0.0,0.0,0.0,0.0,0.0,0.0,0.0,0.0,0.0,0.0,0.0,69.2,0,150,71,55,65476,0,300,0,1,8,20529,65476,0,0,40632,65.0,0.0,0.0,0.0,0.0,0.0
2026-09-04T20:29:39,ERR,ERR,ERR,ERR,ERR,ERR,ERR,ERR,ERR,ERR,ERR,ERR,ERR,ERR,ERR,ERR,ERR,ERR,ERR,ERR,ERR,ERR,ERR,ERR,ERR,ERR,ERR,ERR,ERR,ERR,ERR,ERR,ERR,ERR,ERR,ERR,ERR,ERR,ERR,ERR,ERR,ERR,ERR,ERR,ERR,ERR,ERR,ERR,ERR,ERR,ERR,ERR,ERR,ERR,ERR,ERR,ERR,ERR,ERR,ERR,ERR,ERR,ERR,ERR,ERR,ERR,ERR,ERR,ERR,ERR,ERR,ERR,ERR,ERR,ERR,ERR,ERR,ERR,ERR,ERR,ERR,ERR,ERR,ERR,ERR,ERR,ERR,ERR,ERR,ERR,ERR,ERR,ERR,ERR,ERR,ERR,ERR,ERR,ERR,ERR,ERR,ERR,ERR,ERR,ERR,ERR,ERR,ERR,ERR,ERR,ERR,ERR,ERR,ERR,ERR,ERR,ERR,ERR,ERR,ERR,ERR,ERR,ERR,ERR,ERR,0.0,0.0,0.0,0.0,0.0,1.3936040501711995e+18,7.805,0.0,0,0,4,0,7116,0.0,100,0.0,0.0,0.0,0.0,0.0,0,0,0,0,0.0,0,0,0,0,0,0,0,0,0,0,0,0,0,0,0,0,0,0,0,0,0,0,0,0,0,0,0,0,0,0,0,0,0,31,40,40,71,65476,0,300,0,0,8,21553,0.0,-107605600.0,0.0,0.0,0.0,0.0,0.0,0.0,0.0,0.0,0.0,0.0,0.0,0.0,0.0,0.0,0.0,0.0,0.0,0.0,0.0,0.0,-2.004,-0.0,-0.0,-2.004,0.0,0.0,0.0,0.0,6290.0,-0.0,6934.0,0.0,0.0,2.7184303811560617e+23,0.0,0.0,0.0,0.0,0.0,69,0.0,-0.0,0.0,0.0,0.0,0.0,0.0,0.0,0.0,0,0,0,0.0,0.0,0.0,0.0,0.0,0.0,0.0,0.0,0.0,0.0,0.0,0.0,0.0,0.0,0.0,0.0,0,-107875648.0,69,0.0,138,0.0,0.0,0,13107,17040,13107,17049,13107,17043,0,0,0,70,68,100,2.7302359370752657e+23,71.2,2.7302370179391762e+23,74.2,2.7302370179391762e+23,74.0,1,49,50,180,13107,52429,0,0,0.0,0.0,0.0,0.0,-0.0,67.0,0.0,162057.094,0.0,751,0,739,0,0,0,721,0,766,0,736,0,742,0,741,0,712,0,7520,0.032,79456894976.0,0.0,0.0,784,16797,-0.0,162057.094,-114818.039,-0.0,0.133,6.909358625270745e+28,30.0,65.0,35,0.0,0.0,0.0,0.0,0.0,0.0,0.0,0.0,0.0,0.0,0.0,0.0,0.0,0.0,0.0,0.0,69.2,0,150,71,55,65476,0,300,0,1,8,20529,65476,0,0,40632,65.0,0.0,0.0,0.0,0.0,0.0
2026-09-04T20:29:40,ERR,ERR,ERR,ERR,ERR,ERR,ERR,ERR,ERR,ERR,ERR,ERR,ERR,ERR,ERR,ERR,ERR,ERR,ERR,ERR,ERR,ERR,ERR,ERR,ERR,ERR,ERR,ERR,ERR,ERR,ERR,ERR,ERR,ERR,ERR,ERR,ERR,ERR,ERR,ERR,ERR,ERR,ERR,ERR,ERR,ERR,ERR,ERR,ERR,ERR,ERR,ERR,ERR,ERR,ERR,ERR,ERR,ERR,ERR,ERR,ERR,ERR,ERR,ERR,ERR,ERR,ERR,ERR,ERR,ERR,ERR,ERR,ERR,ERR,ERR,ERR,ERR,ERR,ERR,ERR,ERR,ERR,ERR,ERR,ERR,ERR,ERR,ERR,ERR,ERR,ERR,ERR,ERR,ERR,ERR,ERR,ERR,ERR,ERR,ERR,ERR,ERR,ERR,ERR,ERR,ERR,ERR,ERR,ERR,ERR,ERR,ERR,ERR,ERR,ERR,ERR,ERR,ERR,ERR,ERR,ERR,ERR,ERR,ERR,ERR,0.0,0.0,0.0,0.0,0.0,1.3936040501711995e+18,7.805,0.0,0,0,4,0,7116,0.0,100,0.0,0.0,0.0,0.0,0.0,0,0,0,0,0.0,0,0,0,0,0,0,0,0,0,0,0,0,0,0,0,0,0,0,0,0,0,0,0,0,0,0,0,0,0,0,0,0,0,31,40,40,71,65476,0,300,0,0,8,21553,0.0,-107605600.0,0.0,0.0,0.0,0.0,0.0,0.0,0.0,0.0,0.0,0.0,0.0,0.0,0.0,0.0,0.0,0.0,0.0,0.0,0.0,0.0,-2.004,-0.0,-0.0,-2.004,0.0,0.0,0.0,0.0,6290.0,-0.0,6934.0,0.0,0.0,2.7184303811560617e+23,0.0,0.0,0.0,0.0,0.0,69,0.0,-0.0,0.0,0.0,0.0,0.0,0.0,0.0,0.0,0,0,0,0.0,0.0,0.0,0.0,0.0,0.0,0.0,0.0,0.0,0.0,0.0,0.0,0.0,0.0,0.0,0.0,0,-107875648.0,69,0.0,138,0.0,0.0,0,13107,17040,13107,17049,13107,17043,0,0,0,70,68,100,2.7302359370752657e+23,71.2,2.7302370179391762e+23,74.2,2.7302370179391762e+23,74.0,1,49,50,180,13107,52429,0,0,0.0,0.0,0.0,0.0,-0.0,67.0,0.0,162057.094,0.0,751,0,739,0,0,0,721,0,766,0,736,0,742,0,741,0,712,0,7520,0.032,79456894976.0,0.0,0.0,784,16797,-0.0,162057.094,-114818.039,-0.0,0.133,6.909358625270745e+28,30.0,65.0,35,0.0,0.0,0.0,0.0,0.0,0.0,0.0,0.0,0.0,0.0,0.0,0.0,0.0,0.0,0.0,0.0,69.2,0,150,71,55,65476,0,300,0,1,8,20529,65476,0,0,40632,65.0,0.0,0.0,0.0,0.0,0.0
2026-09-04T20:29:41,ERR,ERR,ERR,ERR,ERR,ERR,ERR,ERR,ERR,ERR,ERR,ERR,ERR,ERR,ERR,ERR,ERR,ERR,ERR,ERR,ERR,ERR,ERR,ERR,ERR,ERR,ERR,ERR,ERR,ERR,ERR,ERR,ERR,ERR,ERR,ERR,ERR,ERR,ERR,ERR,ERR,ERR,ERR,ERR,ERR,ERR,ERR,ERR,ERR,ERR,ERR,ERR,ERR,ERR,ERR,ERR,ERR,ERR,ERR,ERR,ERR,ERR,ERR,ERR,ERR,ERR,ERR,ERR,ERR,ERR,ERR,ERR,ERR,ERR,ERR,ERR,ERR,ERR,ERR,ERR,ERR,ERR,ERR,ERR,ERR,ERR,ERR,ERR,ERR,ERR,ERR,ERR,ERR,ERR,ERR,ERR,ERR,ERR,ERR,ERR,ERR,ERR,ERR,ERR,ERR,ERR,ERR,ERR,ERR,ERR,ERR,ERR,ERR,ERR,ERR,ERR,ERR,ERR,ERR,ERR,ERR,ERR,ERR,ERR,ERR,0.0,0.0,0.0,0.0,0.0,1.3936040501711995e+18,7.805,0.0,0,0,4,0,7116,0.0,100,0.0,0.0,0.0,0.0,0.0,0,0,0,0,0.0,0,0,0,0,0,0,0,0,0,0,0,0,0,0,0,0,0,0,0,0,0,0,0,0,0,0,0,0,0,0,0,0,0,31,40,40,71,65476,0,300,0,0,8,21553,0.0,-107605600.0,0.0,0.0,0.0,0.0,0.0,0.0,0.0,0.0,0.0,0.0,0.0,0.0,0.0,0.0,0.0,0.0,0.0,0.0,0.0,0.0,-2.004,-0.0,-0.0,-2.004,0.0,0.0,0.0,0.0,6290.0,-0.0,6934.0,0.0,0.0,2.7184303811560617e+23,0.0,0.0,0.0,0.0,0.0,69,0.0,-0.0,0.0,0.0,0.0,0.0,0.0,0.0,0.0,0,0,0,0.0,0.0,0.0,0.0,0.0,0.0,0.0,0.0,0.0,0.0,0.0,0.0,0.0,0.0,0.0,0.0,0,-107875648.0,69,0.0,138,0.0,0.0,0,13107,17040,13107,17049,13107,17043,0,0,0,70,68,100,2.7302359370752657e+23,71.2,2.7302370179391762e+23,74.2,2.7302370179391762e+23,74.0,1,49,50,180,13107,52429,0,0,0.0,0.0,0.0,0.0,-0.0,67.0,0.0,162057.094,0.0,751,0,739,0,0,0,721,0,766,0,736,0,742,0,741,0,712,0,7520,0.032,79456894976.0,0.0,0.0,784,16797,-0.0,162057.094,-114818.039,-0.0,0.133,6.909358625270745e+28,30.0,65.0,35,0.0,0.0,0.0,0.0,0.0,0.0,0.0,0.0,0.0,0.0,0.0,0.0,0.0,0.0,0.0,0.0,69.2,0,150,71,55,65476,0,300,0,1,8,20529,65476,0,0,40632,65.0,0.0,0.0,0.0,0.0,0.0
2026-09-04T20:29:42,ERR,ERR,ERR,ERR,ERR,ERR,ERR,ERR,ERR,ERR,ERR,ERR,ERR,ERR,ERR,ERR,ERR,ERR,ERR,ERR,ERR,ERR,ERR,ERR,ERR,ERR,ERR,ERR,ERR,ERR,ERR,ERR,ERR,ERR,ERR,ERR,ERR,ERR,ERR,ERR,ERR,ERR,ERR,ERR,ERR,ERR,ERR,ERR,ERR,ERR,ERR,ERR,ERR,ERR,ERR,ERR,ERR,ERR,ERR,ERR,ERR,ERR,ERR,ERR,ERR,ERR,ERR,ERR,ERR,ERR,ERR,ERR,ERR,ERR,ERR,ERR,ERR,ERR,ERR,ERR,ERR,ERR,ERR,ERR,ERR,ERR,ERR,ERR,ERR,ERR,ERR,ERR,ERR,ERR,ERR,ERR,ERR,ERR,ERR,ERR,ERR,ERR,ERR,ERR,ERR,ERR,ERR,ERR,ERR,ERR,ERR,ERR,ERR,ERR,ERR,ERR,ERR,ERR,ERR,ERR,ERR,ERR,ERR,ERR,ERR,0.0,0.0,0.0,0.0,0.0,1.3936040501711995e+18,7.805,0.0,0,0,4,0,7116,0.0,100,0.0,0.0,0.0,0.0,0.0,0,0,0,0,0.0,0,0,0,0,0,0,0,0,0,0,0,0,0,0,0,0,0,0,0,0,0,0,0,0,0,0,0,0,0,0,0,0,0,31,40,40,71,65476,0,300,0,0,8,21553,0.0,-107605600.0,0.0,0.0,0.0,0.0,0.0,0.0,0.0,0.0,0.0,0.0,0.0,0.0,0.0,0.0,0.0,0.0,0.0,0.0,0.0,0.0,-2.004,-0.0,-0.0,-2.004,0.0,0.0,0.0,0.0,6290.0,-0.0,6934.0,0.0,0.0,2.7184303811560617e+23,0.0,0.0,0.0,0.0,0.0,69,0.0,-0.0,0.0,0.0,0.0,0.0,0.0,0.0,0.0,0,0,0,0.0,0.0,0.0,0.0,0.0,0.0,0.0,0.0,0.0,0.0,0.0,0.0,0.0,0.0,0.0,0.0,0,-107875648.0,69,0.0,138,0.0,0.0,0,13107,17040,13107,17049,13107,17043,0,0,0,70,68,100,2.7302359370752657e+23,71.1,0.0,74.2,2.7302370179391762e+23,74.0,1,49,50,180,13107,52429,0,0,0.0,0.0,0.0,0.0,-0.0,67.0,0.0,162057.094,0.0,750,0,739,0,0,0,721,0,766,0,736,0,742,0,741,0,712,0,7520,0.032,79456894976.0,0.0,0.0,784,16797,-0.0,162057.094,-114818.039,-0.0,0.133,6.909358625270745e+28,30.0,65.0,35,0.0,0.0,0.0,0.0,0.0,0.0,0.0,0.0,0.0,0.0,0.0,0.0,0.0,0.0,0.0,0.0,69.2,0,150,71,55,65476,0,300,0,1,8,20529,65476,0,0,40632,65.0,0.0,0.0,0.0,0.0,0.0
2026-09-04T20:29:43,ERR,ERR,ERR,ERR,ERR,ERR,ERR,ERR,ERR,ERR,ERR,ERR,ERR,ERR,ERR,ERR,ERR,ERR,ERR,ERR,ERR,ERR,ERR,ERR,ERR,ERR,ERR,ERR,ERR,ERR,ERR,ERR,ERR,ERR,ERR,ERR,ERR,ERR,ERR,ERR,ERR,ERR,ERR,ERR,ERR,ERR,ERR,ERR,ERR,ERR,ERR,ERR,ERR,ERR,ERR,ERR,ERR,ERR,ERR,ERR,ERR,ERR,ERR,ERR,ERR,ERR,ERR,ERR,ERR,ERR,ERR,ERR,ERR,ERR,ERR,ERR,ERR,ERR,ERR,ERR,ERR,ERR,ERR,ERR,ERR,ERR,ERR,ERR,ERR,ERR,ERR,ERR,ERR,ERR,ERR,ERR,ERR,ERR,ERR,ERR,ERR,ERR,ERR,ERR,ERR,ERR,ERR,ERR,ERR,ERR,ERR,ERR,ERR,ERR,ERR,ERR,ERR,ERR,ERR,ERR,ERR,ERR,ERR,ERR,ERR,0.0,0.0,0.0,0.0,0.0,1.3936040501711995e+18,7.805,0.0,0,0,4,0,7116,0.0,100,0.0,0.0,0.0,0.0,0.0,0,0,0,0,0.0,0,0,0,0,0,0,0,0,0,0,0,0,0,0,0,0,0,0,0,0,0,0,0,0,0,0,0,0,0,0,0,0,0,31,40,40,71,65476,0,300,0,0,8,21553,0.0,-107605600.0,0.0,0.0,0.0,0.0,0.0,0.0,0.0,0.0,0.0,0.0,0.0,0.0,0.0,0.0,0.0,0.0,0.0,0.0,0.0,0.0,-2.004,-0.0,-0.0,-2.004,0.0,0.0,0.0,0.0,6290.0,-0.0,6934.0,0.0,0.0,2.7184303811560617e+23,0.0,0.0,0.0,0.0,0.0,69,0.0,-0.0,0.0,0.0,0.0,0.0,0.0,0.0,0.0,0,0,0,0.0,0.0,0.0,0.0,0.0,0.0,0.0,0.0,0.0,0.0,0.0,0.0,0.0,0.0,0.0,0.0,0,-107875648.0,69,0.0,138,0.0,0.0,0,13107,17040,13107,17049,13107,17043,0,0,0,70,68,100,2.7302359370752657e+23,71.1,0.0,74.2,2.7302370179391762e+23,74.0,1,49,50,180,13107,52429,0,0,0.0,0.0,0.0,0.0,-0.0,67.0,0.0,162057.094,0.0,750,0,739,0,0,0,721,0,766,0,736,0,742,0,741,0,712,0,7520,0.032,79456894976.0,0.0,0.0,784,16797,-0.0,162057.094,-114818.039,-0.0,0.133,6.909358625270745e+28,30.0,65.0,35,0.0,0.0,0.0,0.0,0.0,0.0,0.0,0.0,0.0,0.0,0.0,0.0,0.0,0.0,0.0,0.0,69.2,0,150,71,55,65476,0,300,0,1,8,20529,65476,0,0,40632,65.0,0.0,0.0,0.0,0.0,0.0
2026-09-04T20:29:44,ERR,ERR,ERR,ERR,ERR,ERR,ERR,ERR,ERR,ERR,ERR,ERR,ERR,ERR,ERR,ERR,ERR,ERR,ERR,ERR,ERR,ERR,ERR,ERR,ERR,ERR,ERR,ERR,ERR,ERR,ERR,ERR,ERR,ERR,ERR,ERR,ERR,ERR,ERR,ERR,ERR,ERR,ERR,ERR,ERR,ERR,ERR,ERR,ERR,ERR,ERR,ERR,ERR,ERR,ERR,ERR,ERR,ERR,ERR,ERR,ERR,ERR,ERR,ERR,ERR,ERR,ERR,ERR,ERR,ERR,ERR,ERR,ERR,ERR,ERR,ERR,ERR,ERR,ERR,ERR,ERR,ERR,ERR,ERR,ERR,ERR,ERR,ERR,ERR,ERR,ERR,ERR,ERR,ERR,ERR,ERR,ERR,ERR,ERR,ERR,ERR,ERR,ERR,ERR,ERR,ERR,ERR,ERR,ERR,ERR,ERR,ERR,ERR,ERR,ERR,ERR,ERR,ERR,ERR,ERR,ERR,ERR,ERR,ERR,ERR,0.0,0.0,0.0,0.0,0.0,1.3936040501711995e+18,7.805,0.0,0,0,4,0,7116,0.0,100,0.0,0.0,0.0,0.0,0.0,0,0,0,0,0.0,0,0,0,0,0,0,0,0,0,0,0,0,0,0,0,0,0,0,0,0,0,0,0,0,0,0,0,0,0,0,0,0,0,31,40,40,71,65476,0,300,0,0,8,21553,0.0,-107605600.0,0.0,0.0,0.0,0.0,0.0,0.0,0.0,0.0,0.0,0.0,0.0,0.0,0.0,0.0,0.0,0.0,0.0,0.0,0.0,0.0,-2.004,-0.0,-0.0,-2.004,0.0,0.0,0.0,0.0,6290.0,-0.0,6934.0,0.0,0.0,2.7184303811560617e+23,0.0,0.0,0.0,0.0,0.0,69,0.0,-0.0,0.0,0.0,0.0,0.0,0.0,0.0,0.0,0,0,0,0.0,0.0,0.0,0.0,0.0,0.0,0.0,0.0,0.0,0.0,0.0,0.0,0.0,0.0,0.0,0.0,0,-107875648.0,69,0.0,138,0.0,0.0,0,13107,17040,13107,17049,13107,17043,0,0,0,70,68,100,2.7302359370752657e+23,71.1,0.0,74.2,2.7302370179391762e+23,74.0,1,49,50,180,13107,52429,0,0,0.0,0.0,0.0,0.0,-0.0,67.0,0.0,162057.094,0.0,750,0,739,0,0,0,721,0,766,0,736,0,742,0,741,0,712,0,7520,0.032,79456894976.0,0.0,0.0,784,16797,-0.0,162057.094,-114818.039,-0.0,0.133,6.909358625270745e+28,30.0,65.0,35,0.0,0.0,0.0,0.0,0.0,0.0,0.0,0.0,0.0,0.0,0.0,0.0,0.0,0.0,0.0,0.0,69.2,0,150,71,55,65476,0,300,0,1,8,20529,65476,0,0,40632,65.0,0.0,0.0,0.0,0.0,0.0
2026-09-04T20:29:45,ERR,ERR,ERR,ERR,ERR,ERR,ERR,ERR,ERR,ERR,ERR,ERR,ERR,ERR,ERR,ERR,ERR,ERR,ERR,ERR,ERR,ERR,ERR,ERR,ERR,ERR,ERR,ERR,ERR,ERR,ERR,ERR,ERR,ERR,ERR,ERR,ERR,ERR,ERR,ERR,ERR,ERR,ERR,ERR,ERR,ERR,ERR,ERR,ERR,ERR,ERR,ERR,ERR,ERR,ERR,ERR,ERR,ERR,ERR,ERR,ERR,ERR,ERR,ERR,ERR,ERR,ERR,ERR,ERR,ERR,ERR,ERR,ERR,ERR,ERR,ERR,ERR,ERR,ERR,ERR,ERR,ERR,ERR,ERR,ERR,ERR,ERR,ERR,ERR,ERR,ERR,ERR,ERR,ERR,ERR,ERR,ERR,ERR,ERR,ERR,ERR,ERR,ERR,ERR,ERR,ERR,ERR,ERR,ERR,ERR,ERR,ERR,ERR,ERR,ERR,ERR,ERR,ERR,ERR,ERR,ERR,ERR,ERR,ERR,ERR,0.0,0.0,0.0,0.0,0.0,1.3936040501711995e+18,7.805,0.0,0,0,4,0,7116,0.0,100,0.0,0.0,0.0,0.0,0.0,0,0,0,0,0.0,0,0,0,0,0,0,0,0,0,0,0,0,0,0,0,0,0,0,0,0,0,0,0,0,0,0,0,0,0,0,0,0,0,31,40,40,71,65476,0,300,0,0,8,21553,0.0,-107605600.0,0.0,0.0,0.0,0.0,0.0,0.0,0.0,0.0,0.0,0.0,0.0,0.0,0.0,0.0,0.0,0.0,0.0,0.0,0.0,0.0,-2.004,-0.0,-0.0,-2.004,0.0,0.0,0.0,0.0,6289.0,-1.587936908900649e+29,6942.0,0.0,0.0,2.7184303811560617e+23,0.0,0.0,0.0,0.0,0.0,69,0.0,0.0,0.0,0.0,0.0,0.0,0.0,0.0,0.0,0,0,0,0.0,0.0,0.0,0.0,0.0,0.0,0.0,0.0,0.0,0.0,0.0,0.0,0.0,0.0,0.0,0.0,0,-107875648.0,69,0.0,138,0.0,-109447200.0,0,13107,17040,13107,17049,13107,17043,0,0,0,70,68,100,2.7302359370752657e+23,71.1,0.0,74.2,2.7302370179391762e+23,74.0,1,49,50,180,13107,52429,0,0,0.0,0.0,0.0,0.0,-0.0,67.0,0.0,162057.094,0.0,750,0,739,0,0,0,721,0,766,0,736,0,742,0,741,0,712,0,7520,0.032,79456894976.0,0.0,0.0,784,16797,-0.0,162057.094,-114818.039,-0.0,0.133,6.909358625270745e+28,30.0,65.0,35,0.0,0.0,0.0,0.0,0.0,0.0,0.0,0.0,0.0,0.0,0.0,0.0,0.0,0.0,0.0,0.0,69.2,0,150,71,55,65476,0,300,0,1,8,20529,65476,0,0,40632,65.0,0.0,0.0,0.0,0.0,0.0
2026-09-04T20:29:46,ERR,ERR,ERR,ERR,ERR,ERR,ERR,ERR,ERR,ERR,ERR,ERR,ERR,ERR,ERR,ERR,ERR,ERR,ERR,ERR,ERR,ERR,ERR,ERR,ERR,ERR,ERR,ERR,ERR,ERR,ERR,ERR,ERR,ERR,ERR,ERR,ERR,ERR,ERR,ERR,ERR,ERR,ERR,ERR,ERR,ERR,ERR,ERR,ERR,ERR,ERR,ERR,ERR,ERR,ERR,ERR,ERR,ERR,ERR,ERR,ERR,ERR,ERR,ERR,ERR,ERR,ERR,ERR,ERR,ERR,ERR,ERR,ERR,ERR,ERR,ERR,ERR,ERR,ERR,ERR,ERR,ERR,ERR,ERR,ERR,ERR,ERR,ERR,ERR,ERR,ERR,ERR,ERR,ERR,ERR,ERR,ERR,ERR,ERR,ERR,ERR,ERR,ERR,ERR,ERR,ERR,ERR,ERR,ERR,ERR,ERR,ERR,ERR,ERR,ERR,ERR,ERR,ERR,ERR,ERR,ERR,ERR,ERR,ERR,ERR,0.0,0.0,0.0,0.0,0.0,1.3936040501711995e+18,7.805,0.0,0,0,4,0,7116,0.0,100,0.0,0.0,0.0,0.0,0.0,0,0,0,0,0.0,0,0,0,0,0,0,0,0,0,0,0,0,0,0,0,0,0,0,0,0,0,0,0,0,0,0,0,0,0,0,0,0,0,31,40,40,71,65476,0,300,0,0,8,21553,0.0,-107605600.0,0.0,0.0,0.0,0.0,0.0,0.0,0.0,0.0,0.0,0.0,0.0,0.0,0.0,0.0,0.0,0.0,0.0,0.0,0.0,0.0,-2.004,-0.0,-0.0,-2.004,0.0,0.0,0.0,0.0,6289.0,-1.587936908900649e+29,6942.0,0.0,0.0,2.7184303811560617e+23,0.0,0.0,0.0,0.0,0.0,69,0.0,0.0,0.0,0.0,0.0,0.0,0.0,0.0,0.0,0,0,0,0.0,0.0,0.0,0.0,0.0,0.0,0.0,0.0,0.0,0.0,0.0,0.0,0.0,0.0,0.0,0.0,0,-107875648.0,69,0.0,138,0.0,-109447200.0,0,13107,17040,13107,17049,13107,17043,0,0,0,70,68,100,2.7302359370752657e+23,71.1,0.0,74.2,2.7302370179391762e+23,74.0,1,49,50,180,13107,52429,0,0,0.0,0.0,0.0,0.0,-0.0,67.0,0.0,162057.094,0.0,750,0,739,0,0,0,721,0,766,0,736,0,742,0,741,0,712,0,7520,0.032,79456894976.0,0.0,0.0,784,16797,-0.0,162057.094,-114818.039,-0.0,0.133,6.909358625270745e+28,30.0,65.0,35,0.0,0.0,0.0,0.0,0.0,0.0,0.0,0.0,0.0,0.0,0.0,0.0,0.0,0.0,0.0,0.0,69.2,0,150,71,55,65476,0,300,0,1,8,20529,65476,0,0,40632,65.0,0.0,0.0,0.0,0.0,0.0
2026-09-04T20:29:47,ERR,ERR,ERR,ERR,ERR,ERR,ERR,ERR,ERR,ERR,ERR,ERR,ERR,ERR,ERR,ERR,ERR,ERR,ERR,ERR,ERR,ERR,ERR,ERR,ERR,ERR,ERR,ERR,ERR,ERR,ERR,ERR,ERR,ERR,ERR,ERR,ERR,ERR,ERR,ERR,ERR,ERR,ERR,ERR,ERR,ERR,ERR,ERR,ERR,ERR,ERR,ERR,ERR,ERR,ERR,ERR,ERR,ERR,ERR,ERR,ERR,ERR,ERR,ERR,ERR,ERR,ERR,ERR,ERR,ERR,ERR,ERR,ERR,ERR,ERR,ERR,ERR,ERR,ERR,ERR,ERR,ERR,ERR,ERR,ERR,ERR,ERR,ERR,ERR,ERR,ERR,ERR,ERR,ERR,ERR,ERR,ERR,ERR,ERR,ERR,ERR,ERR,ERR,ERR,ERR,ERR,ERR,ERR,ERR,ERR,ERR,ERR,ERR,ERR,ERR,ERR,ERR,ERR,ERR,ERR,ERR,ERR,ERR,ERR,ERR,0.0,0.0,0.0,0.0,0.0,1.3936040501711995e+18,7.805,0.0,0,0,4,0,7116,0.0,100,0.0,0.0,0.0,0.0,0.0,0,0,0,0,0.0,0,0,0,0,0,0,0,0,0,0,0,0,0,0,0,0,0,0,0,0,0,0,0,0,0,0,0,0,0,0,0,0,0,31,40,40,71,65476,0,300,0,0,8,21553,0.0,-107605600.0,0.0,0.0,0.0,0.0,0.0,0.0,0.0,0.0,0.0,0.0,0.0,0.0,0.0,0.0,0.0,0.0,0.0,0.0,0.0,0.0,-2.004,-0.0,-0.0,-2.004,0.0,0.0,0.0,0.0,6289.0,-1.587936908900649e+29,6942.0,0.0,0.0,2.7184303811560617e+23,0.0,0.0,0.0,0.0,0.0,69,0.0,0.0,0.0,0.0,0.0,0.0,0.0,0.0,0.0,0,0,0,0.0,0.0,0.0,0.0,0.0,0.0,0.0,0.0,0.0,0.0,0.0,0.0,0.0,0.0,0.0,0.0,0,-107875648.0,69,0.0,138,0.0,-109447200.0,0,13107,17040,13107,17049,13107,17043,0,0,0,70,68,100,2.7302359370752657e+23,71.1,0.0,74.2,2.7302370179391762e+23,74.0,1,49,50,180,13107,52429,0,0,0.0,0.0,0.0,0.0,-0.0,67.0,0.0,162057.094,0.0,750,0,739,0,0,0,721,0,766,0,736,0,742,0,741,0,712,0,7520,0.032,79456894976.0,0.0,0.0,784,16797,-0.0,162057.094,-114818.039,-0.0,0.133,6.909358625270745e+28,30.0,65.0,35,0.0,0.0,0.0,0.0,0.0,0.0,0.0,0.0,0.0,0.0,0.0,0.0,0.0,0.0,0.0,0.0,69.2,0,150,71,55,65476,0,300,0,1,8,20529,65476,0,0,40632,65.0,0.0,0.0,0.0,0.0,0.0
2026-09-04T20:29:48,ERR,ERR,ERR,ERR,ERR,ERR,ERR,ERR,ERR,ERR,ERR,ERR,ERR,ERR,ERR,ERR,ERR,ERR,ERR,ERR,ERR,ERR,ERR,ERR,ERR,ERR,ERR,ERR,ERR,ERR,ERR,ERR,ERR,ERR,ERR,ERR,ERR,ERR,ERR,ERR,ERR,ERR,ERR,ERR,ERR,ERR,ERR,ERR,ERR,ERR,ERR,ERR,ERR,ERR,ERR,ERR,ERR,ERR,ERR,ERR,ERR,ERR,ERR,ERR,ERR,ERR,ERR,ERR,ERR,ERR,ERR,ERR,ERR,ERR,ERR,ERR,ERR,ERR,ERR,ERR,ERR,ERR,ERR,ERR,ERR,ERR,ERR,ERR,ERR,ERR,ERR,ERR,ERR,ERR,ERR,ERR,ERR,ERR,ERR,ERR,ERR,ERR,ERR,ERR,ERR,ERR,ERR,ERR,ERR,ERR,ERR,ERR,ERR,ERR,ERR,ERR,ERR,ERR,ERR,ERR,ERR,ERR,ERR,ERR,ERR,0.0,0.0,0.0,0.0,0.0,1.3936040501711995e+18,7.805,0.0,0,0,4,0,7116,0.0,100,0.0,0.0,0.0,0.0,0.0,0,0,0,0,0.0,0,0,0,0,0,0,0,0,0,0,0,0,0,0,0,0,0,0,0,0,0,0,0,0,0,0,0,0,0,0,0,0,0,31,40,40,71,65476,0,300,0,0,8,21553,0.0,-107605600.0,0.0,0.0,0.0,0.0,0.0,0.0,0.0,0.0,0.0,0.0,0.0,0.0,0.0,0.0,0.0,0.0,0.0,0.0,0.0,0.0,-2.004,-0.0,-0.0,-2.004,0.0,0.0,0.0,0.0,6289.0,-1.587936908900649e+29,6942.0,0.0,0.0,2.7184303811560617e+23,0.0,0.0,0.0,0.0,0.0,69,0.0,0.0,0.0,0.0,0.0,0.0,0.0,0.0,0.0,0,0,0,0.0,0.0,0.0,0.0,0.0,0.0,0.0,0.0,0.0,0.0,0.0,0.0,0.0,0.0,0.0,0.0,0,-107875648.0,69,0.0,138,0.0,-109447200.0,0,13107,17040,13107,17049,13107,17043,0,0,0,70,68,100,2.7302359370752657e+23,71.1,0.0,74.2,2.7302370179391762e+23,74.0,1,49,50,180,13107,52429,0,0,0.0,0.0,0.0,0.0,-0.0,67.0,0.0,162057.094,0.0,751,0,739,0,0,0,721,0,766,0,736,0,742,0,741,0,712,0,7520,0.032,79456894976.0,0.0,0.0,784,16797,-0.0,162057.094,-114818.039,-0.0,0.133,6.909358625270745e+28,30.0,65.0,35,0.0,0.0,0.0,0.0,0.0,0.0,0.0,0.0,0.0,0.0,0.0,0.0,0.0,0.0,0.0,0.0,69.2,0,150,71,55,65476,0,300,0,1,8,20529,65476,0,0,40632,65.0,0.0,0.0,0.0,0.0,0.0
2026-09-04T20:29:49,ERR,ERR,ERR,ERR,ERR,ERR,ERR,ERR,ERR,ERR,ERR,ERR,ERR,ERR,ERR,ERR,ERR,ERR,ERR,ERR,ERR,ERR,ERR,ERR,ERR,ERR,ERR,ERR,ERR,ERR,ERR,ERR,ERR,ERR,ERR,ERR,ERR,ERR,ERR,ERR,ERR,ERR,ERR,ERR,ERR,ERR,ERR,ERR,ERR,ERR,ERR,ERR,ERR,ERR,ERR,ERR,ERR,ERR,ERR,ERR,ERR,ERR,ERR,ERR,ERR,ERR,ERR,ERR,ERR,ERR,ERR,ERR,ERR,ERR,ERR,ERR,ERR,ERR,ERR,ERR,ERR,ERR,ERR,ERR,ERR,ERR,ERR,ERR,ERR,ERR,ERR,ERR,ERR,ERR,ERR,ERR,ERR,ERR,ERR,ERR,ERR,ERR,ERR,ERR,ERR,ERR,ERR,ERR,ERR,ERR,ERR,ERR,ERR,ERR,ERR,ERR,ERR,ERR,ERR,ERR,ERR,ERR,ERR,ERR,ERR,0.0,0.0,0.0,0.0,0.0,1.3936040501711995e+18,7.805,0.0,0,0,4,0,7116,0.0,100,0.0,0.0,0.0,0.0,0.0,0,0,0,0,0.0,0,0,0,0,0,0,0,0,0,0,0,0,0,0,0,0,0,0,0,0,0,0,0,0,0,0,0,0,0,0,0,0,0,31,40,40,71,65476,0,300,0,0,8,21553,0.0,-107605600.0,0.0,0.0,0.0,0.0,0.0,0.0,0.0,0.0,0.0,0.0,0.0,0.0,0.0,0.0,0.0,0.0,0.0,0.0,0.0,0.0,-2.004,-0.0,-0.0,-2.004,0.0,0.0,0.0,0.0,6289.0,-1.587936908900649e+29,6942.0,0.0,0.0,2.7184303811560617e+23,0.0,0.0,0.0,0.0,0.0,69,0.0,0.0,0.0,0.0,0.0,0.0,0.0,0.0,0.0,0,0,0,0.0,0.0,0.0,0.0,0.0,0.0,0.0,0.0,0.0,0.0,0.0,0.0,0.0,0.0,0.0,0.0,0,-107875648.0,69,0.0,138,0.0,-109447200.0,0,13107,17040,13107,17049,13107,17043,0,0,0,70,68,100,2.7302359370752657e+23,71.1,0.0,74.2,2.7302370179391762e+23,74.0,1,49,50,180,13107,52429,0,0,0.0,0.0,0.0,0.0,-0.0,67.0,0.0,162057.094,0.0,751,0,739,0,0,0,721,0,766,0,736,0,742,0,741,0,712,0,7520,0.032,79456894976.0,0.0,0.0,784,16797,-0.0,162057.094,-114818.039,-0.0,0.133,6.909358625270745e+28,30.0,65.0,35,0.0,0.0,0.0,0.0,0.0,0.0,0.0,0.0,0.0,0.0,0.0,0.0,0.0,0.0,0.0,0.0,69.2,0,150,71,55,65476,0,300,0,1,8,20529,65476,0,0,40632,65.0,0.0,0.0,0.0,0.0,0.0
2026-09-04T20:29:50,ERR,ERR,ERR,ERR,ERR,ERR,ERR,ERR,ERR,ERR,ERR,ERR,ERR,ERR,ERR,ERR,ERR,ERR,ERR,ERR,ERR,ERR,ERR,ERR,ERR,ERR,ERR,ERR,ERR,ERR,ERR,ERR,ERR,ERR,ERR,ERR,ERR,ERR,ERR,ERR,ERR,ERR,ERR,ERR,ERR,ERR,ERR,ERR,ERR,ERR,ERR,ERR,ERR,ERR,ERR,ERR,ERR,ERR,ERR,ERR,ERR,ERR,ERR,ERR,ERR,ERR,ERR,ERR,ERR,ERR,ERR,ERR,ERR,ERR,ERR,ERR,ERR,ERR,ERR,ERR,ERR,ERR,ERR,ERR,ERR,ERR,ERR,ERR,ERR,ERR,ERR,ERR,ERR,ERR,ERR,ERR,ERR,ERR,ERR,ERR,ERR,ERR,ERR,ERR,ERR,ERR,ERR,ERR,ERR,ERR,ERR,ERR,ERR,ERR,ERR,ERR,ERR,ERR,ERR,ERR,ERR,ERR,ERR,ERR,ERR,0.0,0.0,0.0,0.0,0.0,1.3936040501711995e+18,7.805,0.0,0,0,4,0,7116,0.0,100,0.0,0.0,0.0,0.0,0.0,0,0,0,0,0.0,0,0,0,0,0,0,0,0,0,0,0,0,0,0,0,0,0,0,0,0,0,0,0,0,0,0,0,0,0,0,0,0,0,31,40,40,71,65476,0,300,0,0,8,21553,0.0,-107605600.0,0.0,0.0,0.0,0.0,0.0,0.0,0.0,0.0,0.0,0.0,0.0,0.0,0.0,0.0,0.0,0.0,0.0,0.0,0.0,0.0,-2.004,-0.0,-0.0,-2.004,0.0,0.0,0.0,0.0,6289.0,-1.587936908900649e+29,6942.0,0.0,0.0,2.7184303811560617e+23,0.0,0.0,0.0,0.0,0.0,69,0.0,0.0,0.0,0.0,0.0,0.0,0.0,0.0,0.0,0,0,0,0.0,0.0,0.0,0.0,0.0,0.0,0.0,0.0,0.0,0.0,0.0,0.0,0.0,0.0,0.0,0.0,0,-107875648.0,69,0.0,138,0.0,-109447200.0,0,13107,17040,13107,17049,13107,17043,0,0,0,70,68,100,2.7302359370752657e+23,71.1,0.0,74.2,2.7302370179391762e+23,74.0,1,49,50,180,13107,52429,0,0,0.0,0.0,0.0,0.0,-0.0,67.0,0.0,162057.094,0.0,751,0,739,0,0,0,721,0,766,0,736,0,742,0,741,0,712,0,7520,0.032,79456894976.0,0.0,0.0,784,16797,-0.0,162057.094,-114818.039,-0.0,0.133,6.909358625270745e+28,30.0,65.0,35,0.0,0.0,0.0,0.0,0.0,0.0,0.0,0.0,0.0,0.0,0.0,0.0,0.0,0.0,0.0,0.0,69.6,0,150,71,55,65476,0,300,0,1,8,20529,65476,0,0,40632,65.0,0.0,0.0,0.0,0.0,0.0
2026-09-04T20:29:51,ERR,ERR,ERR,ERR,ERR,ERR,ERR,ERR,ERR,ERR,ERR,ERR,ERR,ERR,ERR,ERR,ERR,ERR,ERR,ERR,ERR,ERR,ERR,ERR,ERR,ERR,ERR,ERR,ERR,ERR,ERR,ERR,ERR,ERR,ERR,ERR,ERR,ERR,ERR,ERR,ERR,ERR,ERR,ERR,ERR,ERR,ERR,ERR,ERR,ERR,ERR,ERR,ERR,ERR,ERR,ERR,ERR,ERR,ERR,ERR,ERR,ERR,ERR,ERR,ERR,ERR,ERR,ERR,ERR,ERR,ERR,ERR,ERR,ERR,ERR,ERR,ERR,ERR,ERR,ERR,ERR,ERR,ERR,ERR,ERR,ERR,ERR,ERR,ERR,ERR,ERR,ERR,ERR,ERR,ERR,ERR,ERR,ERR,ERR,ERR,ERR,ERR,ERR,ERR,ERR,ERR,ERR,ERR,ERR,ERR,ERR,ERR,ERR,ERR,ERR,ERR,ERR,ERR,ERR,ERR,ERR,ERR,ERR,ERR,ERR,0.0,0.0,0.0,0.0,0.0,1.3936040501711995e+18,7.805,0.0,0,0,4,0,7116,0.0,100,0.0,0.0,0.0,0.0,0.0,0,0,0,0,0.0,0,0,0,0,0,0,0,0,0,0,0,0,0,0,0,0,0,0,0,0,0,0,0,0,0,0,0,0,0,0,0,0,0,31,40,40,71,65476,0,300,0,0,8,21553,0.0,-107605600.0,0.0,0.0,0.0,0.0,0.0,0.0,0.0,0.0,0.0,0.0,0.0,0.0,0.0,0.0,0.0,0.0,0.0,0.0,0.0,0.0,-2.004,-0.0,-0.0,-2.004,0.0,0.0,0.0,0.0,6289.0,-1.587936908900649e+29,6942.0,0.0,0.0,2.7184303811560617e+23,0.0,0.0,0.0,0.0,0.0,69,0.0,0.0,0.0,0.0,0.0,0.0,0.0,0.0,0.0,0,0,0,0.0,0.0,0.0,0.0,0.0,0.0,0.0,0.0,0.0,0.0,0.0,0.0,0.0,0.0,0.0,0.0,0,-107875648.0,69,0.0,138,0.0,-109447200.0,0,13107,17040,13107,17049,13107,17043,0,0,0,70,68,100,2.7302359370752657e+23,71.1,0.0,74.2,2.7302370179391762e+23,74.0,1,49,50,180,13107,52429,0,0,0.0,0.0,0.0,0.0,-0.0,67.0,0.0,162057.094,0.0,751,0,739,0,0,0,721,0,766,0,736,0,742,0,741,0,712,0,7520,0.032,79456894976.0,0.0,0.0,784,16797,-0.0,162057.094,-114818.039,-0.0,0.133,6.909358625270745e+28,30.0,65.0,35,0.0,0.0,0.0,0.0,0.0,0.0,0.0,0.0,0.0,0.0,0.0,0.0,0.0,0.0,0.0,0.0,69.6,0,150,71,55,65476,0,300,0,1,8,20529,65476,0,0,40632,65.0,0.0,0.0,0.0,0.0,0.0
2026-09-04T20:29:52,ERR,ERR,ERR,ERR,ERR,ERR,ERR,ERR,ERR,ERR,ERR,ERR,ERR,ERR,ERR,ERR,ERR,ERR,ERR,ERR,ERR,ERR,ERR,ERR,ERR,ERR,ERR,ERR,ERR,ERR,ERR,ERR,ERR,ERR,ERR,ERR,ERR,ERR,ERR,ERR,ERR,ERR,ERR,ERR,ERR,ERR,ERR,ERR,ERR,ERR,ERR,ERR,ERR,ERR,ERR,ERR,ERR,ERR,ERR,ERR,ERR,ERR,ERR,ERR,ERR,ERR,ERR,ERR,ERR,ERR,ERR,ERR,ERR,ERR,ERR,ERR,ERR,ERR,ERR,ERR,ERR,ERR,ERR,ERR,ERR,ERR,ERR,ERR,ERR,ERR,ERR,ERR,ERR,ERR,ERR,ERR,ERR,ERR,ERR,ERR,ERR,ERR,ERR,ERR,ERR,ERR,ERR,ERR,ERR,ERR,ERR,ERR,ERR,ERR,ERR,ERR,ERR,ERR,ERR,ERR,ERR,ERR,ERR,ERR,ERR,0.0,0.0,0.0,0.0,0.0,1.3936040501711995e+18,7.805,0.0,0,0,4,0,7116,0.0,100,0.0,0.0,0.0,0.0,0.0,0,0,0,0,0.0,0,0,0,0,0,0,0,0,0,0,0,0,0,0,0,0,0,0,0,0,0,0,0,0,0,0,0,0,0,0,0,0,0,31,40,40,71,65476,0,300,0,0,8,21553,0.0,-107605600.0,0.0,0.0,0.0,0.0,0.0,0.0,0.0,0.0,0.0,0.0,0.0,0.0,0.0,0.0,0.0,0.0,0.0,0.0,0.0,0.0,-2.004,-0.0,-0.0,-2.004,0.0,0.0,0.0,0.0,6289.0,-1.587936908900649e+29,6942.0,0.0,0.0,2.7184303811560617e+23,0.0,0.0,0.0,0.0,0.0,69,0.0,0.0,0.0,0.0,0.0,0.0,0.0,0.0,0.0,0,0,0,0.0,0.0,0.0,0.0,0.0,0.0,0.0,0.0,0.0,0.0,0.0,0.0,0.0,0.0,0.0,0.0,0,-107875648.0,69,0.0,138,0.0,-109447200.0,0,13107,17040,13107,17049,13107,17043,0,0,0,70,68,100,2.7302359370752657e+23,71.1,0.0,74.2,2.7302370179391762e+23,74.0,1,49,50,180,13107,52429,0,0,0.0,0.0,0.0,0.0,-0.0,67.0,0.0,162057.094,0.0,751,0,739,0,0,0,721,0,766,0,736,0,742,0,741,0,712,0,7520,0.032,79456894976.0,0.0,0.0,784,16797,-0.0,162057.094,-114818.039,-0.0,0.133,6.909358625270745e+28,30.0,65.0,35,0.0,0.0,0.0,0.0,0.0,0.0,0.0,0.0,0.0,0.0,0.0,0.0,0.0,0.0,0.0,0.0,69.6,0,150,71,55,65476,0,300,0,1,8,20529,65476,0,0,40632,65.0,0.0,0.0,0.0,0.0,0.0
2026-09-04T20:29:53,ERR,ERR,ERR,ERR,ERR,ERR,ERR,ERR,ERR,ERR,ERR,ERR,ERR,ERR,ERR,ERR,ERR,ERR,ERR,ERR,ERR,ERR,ERR,ERR,ERR,ERR,ERR,ERR,ERR,ERR,ERR,ERR,ERR,ERR,ERR,ERR,ERR,ERR,ERR,ERR,ERR,ERR,ERR,ERR,ERR,ERR,ERR,ERR,ERR,ERR,ERR,ERR,ERR,ERR,ERR,ERR,ERR,ERR,ERR,ERR,ERR,ERR,ERR,ERR,ERR,ERR,ERR,ERR,ERR,ERR,ERR,ERR,ERR,ERR,ERR,ERR,ERR,ERR,ERR,ERR,ERR,ERR,ERR,ERR,ERR,ERR,ERR,ERR,ERR,ERR,ERR,ERR,ERR,ERR,ERR,ERR,ERR,ERR,ERR,ERR,ERR,ERR,ERR,ERR,ERR,ERR,ERR,ERR,ERR,ERR,ERR,ERR,ERR,ERR,ERR,ERR,ERR,ERR,ERR,ERR,ERR,ERR,ERR,ERR,ERR,0.0,0.0,0.0,0.0,0.0,1.3936040501711995e+18,7.805,0.0,0,0,4,0,7116,0.0,100,0.0,0.0,0.0,0.0,0.0,0,0,0,0,0.0,0,0,0,0,0,0,0,0,0,0,0,0,0,0,0,0,0,0,0,0,0,0,0,0,0,0,0,0,0,0,0,0,0,31,40,40,71,65476,0,300,0,0,8,21553,0.0,-107605600.0,0.0,0.0,0.0,0.0,0.0,0.0,0.0,0.0,0.0,0.0,0.0,0.0,0.0,0.0,0.0,0.0,0.0,0.0,0.0,0.0,-2.004,-0.0,-0.0,-2.004,0.0,0.0,0.0,0.0,6323.0,0.0,6913.0,0.0,0.0,2.7184303811560617e+23,0.0,0.0,0.0,0.0,0.0,69,0.0,0.0,0.0,0.0,0.0,0.0,0.0,0.0,0.0,0,0,0,0.0,0.0,0.0,0.0,0.0,0.0,0.0,0.0,0.0,0.0,0.0,0.0,0.0,0.0,0.0,0.0,0,-107875648.0,69,0.0,138,0.0,0.0,0,13107,17040,13107,17049,13107,17043,0,0,0,70,68,100,2.7302359370752657e+23,71.2,0.0,74.2,2.7302370179391762e+23,74.0,1,49,50,180,13107,52429,0,0,0.0,0.0,0.0,0.0,-0.0,67.0,0.0,162057.094,0.0,751,0,739,0,0,0,721,0,766,0,736,0,742,0,741,0,712,0,7520,0.032,87509958656.0,0.0,0.0,784,16797,-0.0,162057.094,-114818.039,-0.0,0.133,6.909358625270745e+28,30.0,65.0,35,0.0,0.0,0.0,0.0,0.0,0.0,0.0,0.0,0.0,0.0,0.0,0.0,0.0,0.0,0.0,0.0,69.6,0,150,71,55,65476,0,300,0,1,8,20529,65476,0,0,40632,65.0,0.0,0.0,0.0,0.0,0.0
2026-09-04T20:29:54,ERR,ERR,ERR,ERR,ERR,ERR,ERR,ERR,ERR,ERR,ERR,ERR,ERR,ERR,ERR,ERR,ERR,ERR,ERR,ERR,ERR,ERR,ERR,ERR,ERR,ERR,ERR,ERR,ERR,ERR,ERR,ERR,ERR,ERR,ERR,ERR,ERR,ERR,ERR,ERR,ERR,ERR,ERR,ERR,ERR,ERR,ERR,ERR,ERR,ERR,ERR,ERR,ERR,ERR,ERR,ERR,ERR,ERR,ERR,ERR,ERR,ERR,ERR,ERR,ERR,ERR,ERR,ERR,ERR,ERR,ERR,ERR,ERR,ERR,ERR,ERR,ERR,ERR,ERR,ERR,ERR,ERR,ERR,ERR,ERR,ERR,ERR,ERR,ERR,ERR,ERR,ERR,ERR,ERR,ERR,ERR,ERR,ERR,ERR,ERR,ERR,ERR,ERR,ERR,ERR,ERR,ERR,ERR,ERR,ERR,ERR,ERR,ERR,ERR,ERR,ERR,ERR,ERR,ERR,ERR,ERR,ERR,ERR,ERR,ERR,0.0,0.0,0.0,0.0,0.0,1.3936040501711995e+18,7.805,0.0,0,0,4,0,7116,0.0,100,0.0,0.0,0.0,0.0,0.0,0,0,0,0,0.0,0,0,0,0,0,0,0,0,0,0,0,0,0,0,0,0,0,0,0,0,0,0,0,0,0,0,0,0,0,0,0,0,0,31,40,40,71,65476,0,300,0,0,8,21553,0.0,-107605600.0,0.0,0.0,0.0,0.0,0.0,0.0,0.0,0.0,0.0,0.0,0.0,0.0,0.0,0.0,0.0,0.0,0.0,0.0,0.0,0.0,-2.004,-0.0,-0.0,-2.004,0.0,0.0,0.0,0.0,6323.0,0.0,6913.0,0.0,0.0,2.7184303811560617e+23,0.0,0.0,0.0,0.0,0.0,69,0.0,0.0,0.0,0.0,0.0,0.0,0.0,0.0,0.0,0,0,0,0.0,0.0,0.0,0.0,0.0,0.0,0.0,0.0,0.0,0.0,0.0,0.0,0.0,0.0,0.0,0.0,0,-107875648.0,69,0.0,138,0.0,0.0,0,13107,17040,13107,17049,13107,17043,0,0,0,70,68,100,2.7302359370752657e+23,71.2,0.0,74.2,2.7302370179391762e+23,74.0,1,49,50,180,13107,52429,0,0,0.0,0.0,0.0,0.0,-0.0,67.0,0.0,162057.094,0.0,751,0,739,0,0,0,721,0,766,0,736,0,742,0,741,0,712,0,7520,0.032,87509958656.0,0.0,0.0,784,16797,-0.0,162057.094,-114818.039,-0.0,0.133,6.909358625270745e+28,30.0,65.0,35,0.0,0.0,0.0,0.0,0.0,0.0,0.0,0.0,0.0,0.0,0.0,0.0,0.0,0.0,0.0,0.0,69.6,0,150,71,55,65476,0,300,0,1,8,20529,65476,0,0,40632,65.0,0.0,0.0,0.0,0.0,0.0
2026-09-04T20:29:55,ERR,ERR,ERR,ERR,ERR,ERR,ERR,ERR,ERR,ERR,ERR,ERR,ERR,ERR,ERR,ERR,ERR,ERR,ERR,ERR,ERR,ERR,ERR,ERR,ERR,ERR,ERR,ERR,ERR,ERR,ERR,ERR,ERR,ERR,ERR,ERR,ERR,ERR,ERR,ERR,ERR,ERR,ERR,ERR,ERR,ERR,ERR,ERR,ERR,ERR,ERR,ERR,ERR,ERR,ERR,ERR,ERR,ERR,ERR,ERR,ERR,ERR,ERR,ERR,ERR,ERR,ERR,ERR,ERR,ERR,ERR,ERR,ERR,ERR,ERR,ERR,ERR,ERR,ERR,ERR,ERR,ERR,ERR,ERR,ERR,ERR,ERR,ERR,ERR,ERR,ERR,ERR,ERR,ERR,ERR,ERR,ERR,ERR,ERR,ERR,ERR,ERR,ERR,ERR,ERR,ERR,ERR,ERR,ERR,ERR,ERR,ERR,ERR,ERR,ERR,ERR,ERR,ERR,ERR,ERR,ERR,ERR,ERR,ERR,ERR,0.0,0.0,0.0,0.0,0.0,1.3936040501711995e+18,7.805,0.0,0,0,4,0,7116,0.0,100,0.0,0.0,0.0,0.0,0.0,0,0,0,0,0.0,0,0,0,0,0,0,0,0,0,0,0,0,0,0,0,0,0,0,0,0,0,0,0,0,0,0,0,0,0,0,0,0,0,31,40,40,71,65476,0,300,0,0,8,21553,0.0,-107605600.0,0.0,0.0,0.0,0.0,0.0,0.0,0.0,0.0,0.0,0.0,0.0,0.0,0.0,0.0,0.0,0.0,0.0,0.0,0.0,0.0,-2.004,-0.0,-0.0,-2.004,0.0,0.0,0.0,0.0,6323.0,0.0,6913.0,0.0,0.0,2.7184303811560617e+23,0.0,0.0,0.0,0.0,0.0,69,0.0,0.0,0.0,0.0,0.0,0.0,0.0,0.0,0.0,0,0,0,0.0,0.0,0.0,0.0,0.0,0.0,0.0,0.0,0.0,0.0,0.0,0.0,0.0,0.0,0.0,0.0,0,-107875648.0,69,0.0,138,0.0,0.0,0,13107,17040,13107,17049,13107,17043,0,0,0,70,68,100,2.7302359370752657e+23,71.2,0.0,74.2,2.7302370179391762e+23,74.0,1,49,50,180,13107,52429,0,0,0.0,0.0,0.0,0.0,-0.0,67.0,0.0,162057.094,0.0,751,0,739,0,0,0,721,0,766,0,736,0,742,0,741,0,712,0,7520,0.032,87509958656.0,0.0,0.0,784,16797,-0.0,162057.094,-114818.039,-0.0,0.133,6.909358625270745e+28,30.0,65.0,35,0.0,0.0,0.0,0.0,0.0,0.0,0.0,0.0,0.0,0.0,0.0,0.0,0.0,0.0,0.0,0.0,69.6,0,150,71,55,65476,0,300,0,1,8,20529,65476,0,0,40632,65.0,0.0,0.0,0.0,0.0,0.0
2026-09-04T20:29:56,ERR,ERR,ERR,ERR,ERR,ERR,ERR,ERR,ERR,ERR,ERR,ERR,ERR,ERR,ERR,ERR,ERR,ERR,ERR,ERR,ERR,ERR,ERR,ERR,ERR,ERR,ERR,ERR,ERR,ERR,ERR,ERR,ERR,ERR,ERR,ERR,ERR,ERR,ERR,ERR,ERR,ERR,ERR,ERR,ERR,ERR,ERR,ERR,ERR,ERR,ERR,ERR,ERR,ERR,ERR,ERR,ERR,ERR,ERR,ERR,ERR,ERR,ERR,ERR,ERR,ERR,ERR,ERR,ERR,ERR,ERR,ERR,ERR,ERR,ERR,ERR,ERR,ERR,ERR,ERR,ERR,ERR,ERR,ERR,ERR,ERR,ERR,ERR,ERR,ERR,ERR,ERR,ERR,ERR,ERR,ERR,ERR,ERR,ERR,ERR,ERR,ERR,ERR,ERR,ERR,ERR,ERR,ERR,ERR,ERR,ERR,ERR,ERR,ERR,ERR,ERR,ERR,ERR,ERR,ERR,ERR,ERR,ERR,ERR,ERR,0.0,0.0,0.0,0.0,0.0,1.3936040501711995e+18,7.805,0.0,0,0,4,0,7116,0.0,100,0.0,0.0,0.0,0.0,0.0,0,0,0,0,0.0,0,0,0,0,0,0,0,0,0,0,0,0,0,0,0,0,0,0,0,0,0,0,0,0,0,0,0,0,0,0,0,0,0,31,40,40,71,65476,0,300,0,0,8,21553,0.0,-107605600.0,0.0,0.0,0.0,0.0,0.0,0.0,0.0,0.0,0.0,0.0,0.0,0.0,0.0,0.0,0.0,0.0,0.0,0.0,0.0,0.0,-2.004,-0.0,-0.0,-2.004,0.0,0.0,0.0,0.0,6323.0,0.0,6913.0,0.0,0.0,2.7184303811560617e+23,0.0,0.0,0.0,0.0,0.0,69,0.0,0.0,0.0,0.0,0.0,0.0,0.0,0.0,0.0,0,0,0,0.0,0.0,0.0,0.0,0.0,0.0,0.0,0.0,0.0,0.0,0.0,0.0,0.0,0.0,0.0,0.0,0,-107875648.0,69,0.0,138,0.0,0.0,0,13107,17040,13107,17049,13107,17043,0,0,0,70,68,100,2.7302359370752657e+23,71.2,0.0,74.2,2.7302370179391762e+23,74.0,1,49,50,180,13107,52429,0,0,0.0,0.0,0.0,0.0,-0.0,67.0,0.0,162057.094,0.0,751,0,739,0,0,0,721,0,766,0,736,0,742,0,741,0,712,0,7520,0.032,87509958656.0,0.0,0.0,784,16797,-0.0,162057.094,-114818.039,-0.0,0.133,6.909358625270745e+28,30.0,65.0,35,0.0,0.0,0.0,0.0,0.0,0.0,0.0,0.0,0.0,0.0,0.0,0.0,0.0,0.0,0.0,0.0,69.6,0,150,71,55,65476,0,300,0,1,8,20529,65476,0,0,40632,65.0,0.0,0.0,0.0,0.0,0.0
2026-09-04T20:29:57,ERR,ERR,ERR,ERR,ERR,ERR,ERR,ERR,ERR,ERR,ERR,ERR,ERR,ERR,ERR,ERR,ERR,ERR,ERR,ERR,ERR,ERR,ERR,ERR,ERR,ERR,ERR,ERR,ERR,ERR,ERR,ERR,ERR,ERR,ERR,ERR,ERR,ERR,ERR,ERR,ERR,ERR,ERR,ERR,ERR,ERR,ERR,ERR,ERR,ERR,ERR,ERR,ERR,ERR,ERR,ERR,ERR,ERR,ERR,ERR,ERR,ERR,ERR,ERR,ERR,ERR,ERR,ERR,ERR,ERR,ERR,ERR,ERR,ERR,ERR,ERR,ERR,ERR,ERR,ERR,ERR,ERR,ERR,ERR,ERR,ERR,ERR,ERR,ERR,ERR,ERR,ERR,ERR,ERR,ERR,ERR,ERR,ERR,ERR,ERR,ERR,ERR,ERR,ERR,ERR,ERR,ERR,ERR,ERR,ERR,ERR,ERR,ERR,ERR,ERR,ERR,ERR,ERR,ERR,ERR,ERR,ERR,ERR,ERR,ERR,0.0,0.0,0.0,0.0,0.0,1.3936040501711995e+18,7.805,0.0,0,0,4,0,7116,0.0,100,0.0,0.0,0.0,0.0,0.0,0,0,0,0,0.0,0,0,0,0,0,0,0,0,0,0,0,0,0,0,0,0,0,0,0,0,0,0,0,0,0,0,0,0,0,0,0,0,0,31,40,40,71,65476,0,300,0,0,8,21553,0.0,-107605600.0,0.0,0.0,0.0,0.0,0.0,0.0,0.0,0.0,0.0,0.0,0.0,0.0,0.0,0.0,0.0,0.0,0.0,0.0,0.0,0.0,-2.004,-0.0,-0.0,-2.004,0.0,0.0,0.0,0.0,6323.0,0.0,6913.0,0.0,0.0,2.7184303811560617e+23,0.0,0.0,0.0,0.0,0.0,69,0.0,0.0,0.0,0.0,0.0,0.0,0.0,0.0,0.0,0,0,0,0.0,0.0,0.0,0.0,0.0,0.0,0.0,0.0,0.0,0.0,0.0,0.0,0.0,0.0,0.0,0.0,0,-107875648.0,69,0.0,138,0.0,0.0,0,13107,17040,13107,17049,13107,17043,0,0,0,70,68,100,2.7302359370752657e+23,71.2,0.0,74.2,2.7302370179391762e+23,74.0,1,49,50,180,13107,52429,0,0,0.0,0.0,0.0,0.0,-0.0,67.0,0.0,162057.094,0.0,751,0,739,0,0,0,721,0,766,0,736,0,742,0,741,0,712,0,7520,0.032,87509958656.0,0.0,0.0,784,16797,-0.0,162057.094,-114818.039,-0.0,0.133,6.909358625270745e+28,30.0,65.0,35,0.0,0.0,0.0,0.0,0.0,0.0,0.0,0.0,0.0,0.0,0.0,0.0,0.0,0.0,0.0,0.0,69.6,0,150,71,55,65476,0,300,0,1,8,20529,65476,0,0,40632,65.0,0.0,0.0,0.0,0.0,0.0
2026-09-04T20:29:58,ERR,ERR,ERR,ERR,ERR,ERR,ERR,ERR,ERR,ERR,ERR,ERR,ERR,ERR,ERR,ERR,ERR,ERR,ERR,ERR,ERR,ERR,ERR,ERR,ERR,ERR,ERR,ERR,ERR,ERR,ERR,ERR,ERR,ERR,ERR,ERR,ERR,ERR,ERR,ERR,ERR,ERR,ERR,ERR,ERR,ERR,ERR,ERR,ERR,ERR,ERR,ERR,ERR,ERR,ERR,ERR,ERR,ERR,ERR,ERR,ERR,ERR,ERR,ERR,ERR,ERR,ERR,ERR,ERR,ERR,ERR,ERR,ERR,ERR,ERR,ERR,ERR,ERR,ERR,ERR,ERR,ERR,ERR,ERR,ERR,ERR,ERR,ERR,ERR,ERR,ERR,ERR,ERR,ERR,ERR,ERR,ERR,ERR,ERR,ERR,ERR,ERR,ERR,ERR,ERR,ERR,ERR,ERR,ERR,ERR,ERR,ERR,ERR,ERR,ERR,ERR,ERR,ERR,ERR,ERR,ERR,ERR,ERR,ERR,ERR,0.0,0.0,0.0,0.0,0.0,1.3936040501711995e+18,7.805,0.0,0,0,4,0,7116,0.0,100,0.0,0.0,0.0,0.0,0.0,0,0,0,0,0.0,0,0,0,0,0,0,0,0,0,0,0,0,0,0,0,0,0,0,0,0,0,0,0,0,0,0,0,0,0,0,0,0,0,31,40,40,71,65476,0,300,0,0,8,21553,0.0,-107605600.0,0.0,0.0,0.0,0.0,0.0,0.0,0.0,0.0,0.0,0.0,0.0,0.0,0.0,0.0,0.0,0.0,0.0,0.0,0.0,0.0,-2.004,-0.0,-0.0,-2.004,0.0,0.0,0.0,0.0,6323.0,0.0,6913.0,0.0,0.0,2.7184303811560617e+23,0.0,0.0,0.0,0.0,0.0,69,0.0,0.0,0.0,0.0,0.0,0.0,0.0,0.0,0.0,0,0,0,0.0,0.0,0.0,0.0,0.0,0.0,0.0,0.0,0.0,0.0,0.0,0.0,0.0,0.0,0.0,0.0,0,-107875648.0,69,0.0,138,0.0,0.0,0,13107,17040,13107,17049,13107,17043,0,0,0,70,68,100,2.7302359370752657e+23,71.2,0.0,74.2,2.7302370179391762e+23,74.0,1,49,50,180,13107,52429,0,0,0.0,0.0,0.0,0.0,-0.0,67.0,0.0,162057.094,0.0,751,0,739,0,0,0,721,0,766,0,736,0,742,0,741,0,712,0,7520,0.032,87509958656.0,0.0,0.0,784,16797,-0.0,162057.094,-114818.039,-0.0,0.133,6.909358625270745e+28,30.0,65.0,35,0.0,0.0,0.0,0.0,0.0,0.0,0.0,0.0,0.0,0.0,0.0,0.0,0.0,0.0,0.0,0.0,69.2,0,150,71,55,65476,0,300,0,1,8,20529,65476,0,0,40632,65.0,0.0,0.0,0.0,0.0,0.0
2026-09-04T20:29:59,ERR,ERR,ERR,ERR,ERR,ERR,ERR,ERR,ERR,ERR,ERR,ERR,ERR,ERR,ERR,ERR,ERR,ERR,ERR,ERR,ERR,ERR,ERR,ERR,ERR,ERR,ERR,ERR,ERR,ERR,ERR,ERR,ERR,ERR,ERR,ERR,ERR,ERR,ERR,ERR,ERR,ERR,ERR,ERR,ERR,ERR,ERR,ERR,ERR,ERR,ERR,ERR,ERR,ERR,ERR,ERR,ERR,ERR,ERR,ERR,ERR,ERR,ERR,ERR,ERR,ERR,ERR,ERR,ERR,ERR,ERR,ERR,ERR,ERR,ERR,ERR,ERR,ERR,ERR,ERR,ERR,ERR,ERR,ERR,ERR,ERR,ERR,ERR,ERR,ERR,ERR,ERR,ERR,ERR,ERR,ERR,ERR,ERR,ERR,ERR,ERR,ERR,ERR,ERR,ERR,ERR,ERR,ERR,ERR,ERR,ERR,ERR,ERR,ERR,ERR,ERR,ERR,ERR,ERR,ERR,ERR,ERR,ERR,ERR,ERR,0.0,0.0,0.0,0.0,0.0,1.3936040501711995e+18,7.805,0.0,0,0,4,0,7116,0.0,100,0.0,0.0,0.0,0.0,0.0,0,0,0,0,0.0,0,0,0,0,0,0,0,0,0,0,0,0,0,0,0,0,0,0,0,0,0,0,0,0,0,0,0,0,0,0,0,0,0,31,40,40,71,65476,0,300,0,0,8,21553,0.0,-107605600.0,0.0,0.0,0.0,0.0,0.0,0.0,0.0,0.0,0.0,0.0,0.0,0.0,0.0,0.0,0.0,0.0,0.0,0.0,0.0,0.0,-2.004,-0.0,-0.0,-2.004,0.0,0.0,0.0,0.0,6323.0,0.0,6913.0,0.0,0.0,2.7184303811560617e+23,0.0,0.0,0.0,0.0,0.0,69,0.0,0.0,0.0,0.0,0.0,0.0,0.0,0.0,0.0,0,0,0,0.0,0.0,0.0,0.0,0.0,0.0,0.0,0.0,0.0,0.0,0.0,0.0,0.0,0.0,0.0,0.0,0,-107875648.0,69,0.0,138,0.0,0.0,0,13107,17040,13107,17049,13107,17043,0,0,0,70,68,100,2.7302359370752657e+23,71.1,0.0,74.2,2.7302370179391762e+23,74.0,1,49,50,180,13107,52429,0,0,0.0,0.0,0.0,0.0,-0.0,67.0,0.0,162057.094,0.0,751,0,739,0,0,0,721,0,766,0,736,0,742,0,741,0,712,0,7520,0.032,95026151424.0,0.0,0.0,784,16797,-0.0,162057.094,-114818.039,-0.0,0.133,6.909358625270745e+28,30.0,65.0,35,0.0,0.0,0.0,0.0,0.0,0.0,0.0,0.0,0.0,0.0,0.0,0.0,0.0,0.0,0.0,0.0,69.2,0,150,71,55,65476,0,300,0,1,8,20529,65476,0,0,40632,65.0,0.0,0.0,0.0,0.0,0.0
2026-09-04T20:30:00,ERR,ERR,ERR,ERR,ERR,ERR,ERR,ERR,ERR,ERR,ERR,ERR,ERR,ERR,ERR,ERR,ERR,ERR,ERR,ERR,ERR,ERR,ERR,ERR,ERR,ERR,ERR,ERR,ERR,ERR,ERR,ERR,ERR,ERR,ERR,ERR,ERR,ERR,ERR,ERR,ERR,ERR,ERR,ERR,ERR,ERR,ERR,ERR,ERR,ERR,ERR,ERR,ERR,ERR,ERR,ERR,ERR,ERR,ERR,ERR,ERR,ERR,ERR,ERR,ERR,ERR,ERR,ERR,ERR,ERR,ERR,ERR,ERR,ERR,ERR,ERR,ERR,ERR,ERR,ERR,ERR,ERR,ERR,ERR,ERR,ERR,ERR,ERR,ERR,ERR,ERR,ERR,ERR,ERR,ERR,ERR,ERR,ERR,ERR,ERR,ERR,ERR,ERR,ERR,ERR,ERR,ERR,ERR,ERR,ERR,ERR,ERR,ERR,ERR,ERR,ERR,ERR,ERR,ERR,ERR,ERR,ERR,ERR,ERR,ERR,0.0,0.0,0.0,0.0,0.0,1.3936040501711995e+18,7.805,0.0,0,0,4,0,7116,0.0,100,0.0,0.0,0.0,0.0,0.0,0,0,0,0,0.0,0,0,0,0,0,0,0,0,0,0,0,0,0,0,0,0,0,0,0,0,0,0,0,0,0,0,0,0,0,0,0,0,0,31,40,40,71,65476,0,300,0,0,8,21553,0.0,-107605600.0,0.0,0.0,0.0,0.0,0.0,0.0,0.0,0.0,0.0,0.0,0.0,0.0,0.0,0.0,0.0,0.0,0.0,0.0,0.0,0.0,-2.004,-0.0,-0.0,-2.004,0.0,0.0,0.0,0.0,6293.0,-0.0,6934.0,0.0,0.0,2.7184303811560617e+23,0.0,0.0,0.0,0.0,0.0,69,0.0,-71.63,0.0,0.0,0.0,0.0,0.0,0.0,0.0,0,0,0,0.0,0.0,0.0,0.0,0.0,0.0,0.0,0.0,0.0,0.0,0.0,0.0,0.0,0.0,0.0,0.0,0,-107875648.0,69,0.0,138,0.0,0.0,0,13107,17040,13107,17049,13107,17043,0,0,0,70,68,100,2.7302359370752657e+23,71.1,0.0,74.2,2.7302370179391762e+23,74.0,1,49,50,180,13107,52429,0,0,0.0,0.0,0.0,0.0,-0.0,67.0,0.0,162057.094,0.0,751,0,739,0,0,0,721,0,766,0,736,0,742,0,741,0,712,0,7520,0.032,95026151424.0,0.0,0.0,784,16797,-0.0,162057.094,-114818.039,-0.0,0.133,6.909358625270745e+28,30.0,65.0,35,0.0,0.0,0.0,0.0,0.0,0.0,0.0,0.0,0.0,0.0,0.0,0.0,0.0,0.0,0.0,0.0,69.2,0,150,71,55,65476,0,300,0,1,8,20529,65476,0,0,40632,65.0,0.0,0.0,0.0,0.0,0.0
2026-09-04T20:30:01,ERR,ERR,ERR,ERR,ERR,ERR,ERR,ERR,ERR,ERR,ERR,ERR,ERR,ERR,ERR,ERR,ERR,ERR,ERR,ERR,ERR,ERR,ERR,ERR,ERR,ERR,ERR,ERR,ERR,ERR,ERR,ERR,ERR,ERR,ERR,ERR,ERR,ERR,ERR,ERR,ERR,ERR,ERR,ERR,ERR,ERR,ERR,ERR,ERR,ERR,ERR,ERR,ERR,ERR,ERR,ERR,ERR,ERR,ERR,ERR,ERR,ERR,ERR,ERR,ERR,ERR,ERR,ERR,ERR,ERR,ERR,ERR,ERR,ERR,ERR,ERR,ERR,ERR,ERR,ERR,ERR,ERR,ERR,ERR,ERR,ERR,ERR,ERR,ERR,ERR,ERR,ERR,ERR,ERR,ERR,ERR,ERR,ERR,ERR,ERR,ERR,ERR,ERR,ERR,ERR,ERR,ERR,ERR,ERR,ERR,ERR,ERR,ERR,ERR,ERR,ERR,ERR,ERR,ERR,ERR,ERR,ERR,ERR,ERR,ERR,0.0,0.0,0.0,0.0,0.0,1.3936040501711995e+18,7.805,0.0,0,0,4,0,7116,0.0,100,0.0,0.0,0.0,0.0,0.0,0,0,0,0,0.0,0,0,0,0,0,0,0,0,0,0,0,0,0,0,0,0,0,0,0,0,0,0,0,0,0,0,0,0,0,0,0,0,0,31,40,40,71,65476,0,300,0,0,8,21553,0.0,-107605600.0,0.0,0.0,0.0,0.0,0.0,0.0,0.0,0.0,0.0,0.0,0.0,0.0,0.0,0.0,0.0,0.0,0.0,0.0,0.0,0.0,-2.004,-0.0,-0.0,-2.004,0.0,0.0,0.0,0.0,6293.0,-0.0,6934.0,0.0,0.0,2.7184303811560617e+23,0.0,0.0,0.0,0.0,0.0,69,0.0,-71.63,0.0,0.0,0.0,0.0,0.0,0.0,0.0,0,0,0,0.0,0.0,0.0,0.0,0.0,0.0,0.0,0.0,0.0,0.0,0.0,0.0,0.0,0.0,0.0,0.0,0,-107875648.0,69,0.0,138,0.0,0.0,0,13107,17040,13107,17049,13107,17043,0,0,0,70,68,100,2.7302359370752657e+23,71.1,0.0,74.2,2.7302370179391762e+23,74.0,1,49,50,180,13107,52429,0,0,0.0,0.0,0.0,0.0,-0.0,67.0,0.0,162057.094,0.0,751,0,739,0,0,0,721,0,766,0,736,0,742,0,741,0,712,0,7520,0.032,95026151424.0,0.0,0.0,784,16797,-0.0,162057.094,-114818.039,-0.0,0.133,6.909358625270745e+28,30.0,65.0,35,0.0,0.0,0.0,0.0,0.0,0.0,0.0,0.0,0.0,0.0,0.0,0.0,0.0,0.0,0.0,0.0,69.2,0,150,71,55,65476,0,300,0,1,8,20529,65476,0,0,40632,65.0,0.0,0.0,0.0,0.0,0.0
2026-09-04T20:30:02,ERR,ERR,ERR,ERR,ERR,ERR,ERR,ERR,ERR,ERR,ERR,ERR,ERR,ERR,ERR,ERR,ERR,ERR,ERR,ERR,ERR,ERR,ERR,ERR,ERR,ERR,ERR,ERR,ERR,ERR,ERR,ERR,ERR,ERR,ERR,ERR,ERR,ERR,ERR,ERR,ERR,ERR,ERR,ERR,ERR,ERR,ERR,ERR,ERR,ERR,ERR,ERR,ERR,ERR,ERR,ERR,ERR,ERR,ERR,ERR,ERR,ERR,ERR,ERR,ERR,ERR,ERR,ERR,ERR,ERR,ERR,ERR,ERR,ERR,ERR,ERR,ERR,ERR,ERR,ERR,ERR,ERR,ERR,ERR,ERR,ERR,ERR,ERR,ERR,ERR,ERR,ERR,ERR,ERR,ERR,ERR,ERR,ERR,ERR,ERR,ERR,ERR,ERR,ERR,ERR,ERR,ERR,ERR,ERR,ERR,ERR,ERR,ERR,ERR,ERR,ERR,ERR,ERR,ERR,ERR,ERR,ERR,ERR,ERR,ERR,0.0,0.0,0.0,0.0,0.0,1.3936040501711995e+18,7.805,0.0,0,0,4,0,7116,0.0,100,0.0,0.0,0.0,0.0,0.0,0,0,0,0,0.0,0,0,0,0,0,0,0,0,0,0,0,0,0,0,0,0,0,0,0,0,0,0,0,0,0,0,0,0,0,0,0,0,0,31,40,40,71,65476,0,300,0,0,8,21553,0.0,-107605600.0,0.0,0.0,0.0,0.0,0.0,0.0,0.0,0.0,0.0,0.0,0.0,0.0,0.0,0.0,0.0,0.0,0.0,0.0,0.0,0.0,-2.004,-0.0,-0.0,-2.004,0.0,0.0,0.0,0.0,6293.0,-0.0,6934.0,0.0,0.0,2.7184303811560617e+23,0.0,0.0,0.0,0.0,0.0,69,0.0,-71.63,0.0,0.0,0.0,0.0,0.0,0.0,0.0,0,0,0,0.0,0.0,0.0,0.0,0.0,0.0,0.0,0.0,0.0,0.0,0.0,0.0,0.0,0.0,0.0,0.0,0,-107875648.0,69,0.0,138,0.0,0.0,0,13107,17040,13107,17049,13107,17043,0,0,0,70,68,100,2.7302359370752657e+23,71.1,0.0,74.2,2.7302370179391762e+23,74.0,1,49,50,180,13107,52429,0,0,0.0,0.0,0.0,0.0,-0.0,67.0,0.0,162057.094,0.0,751,0,739,0,0,0,721,0,766,0,736,0,742,0,741,0,712,0,7520,0.032,95026151424.0,0.0,0.0,784,16797,-0.0,162057.094,-114818.039,-0.0,0.133,6.909358625270745e+28,30.0,65.0,35,0.0,0.0,0.0,0.0,0.0,0.0,0.0,0.0,0.0,0.0,0.0,0.0,0.0,0.0,0.0,0.0,69.2,0,150,71,55,65476,0,300,0,1,8,20529,65476,0,0,40632,65.0,0.0,0.0,0.0,0.0,0.0
2026-09-04T20:30:03,ERR,ERR,ERR,ERR,ERR,ERR,ERR,ERR,ERR,ERR,ERR,ERR,ERR,ERR,ERR,ERR,ERR,ERR,ERR,ERR,ERR,ERR,ERR,ERR,ERR,ERR,ERR,ERR,ERR,ERR,ERR,ERR,ERR,ERR,ERR,ERR,ERR,ERR,ERR,ERR,ERR,ERR,ERR,ERR,ERR,ERR,ERR,ERR,ERR,ERR,ERR,ERR,ERR,ERR,ERR,ERR,ERR,ERR,ERR,ERR,ERR,ERR,ERR,ERR,ERR,ERR,ERR,ERR,ERR,ERR,ERR,ERR,ERR,ERR,ERR,ERR,ERR,ERR,ERR,ERR,ERR,ERR,ERR,ERR,ERR,ERR,ERR,ERR,ERR,ERR,ERR,ERR,ERR,ERR,ERR,ERR,ERR,ERR,ERR,ERR,ERR,ERR,ERR,ERR,ERR,ERR,ERR,ERR,ERR,ERR,ERR,ERR,ERR,ERR,ERR,ERR,ERR,ERR,ERR,ERR,ERR,ERR,ERR,ERR,ERR,0.0,0.0,0.0,0.0,0.0,1.3936040501711995e+18,7.805,0.0,0,0,4,0,7116,0.0,100,0.0,0.0,0.0,0.0,0.0,0,0,0,0,0.0,0,0,0,0,0,0,0,0,0,0,0,0,0,0,0,0,0,0,0,0,0,0,0,0,0,0,0,0,0,0,0,0,0,31,40,40,71,65476,0,300,0,0,8,21553,0.0,-107605600.0,0.0,0.0,0.0,0.0,0.0,0.0,0.0,0.0,0.0,0.0,0.0,0.0,0.0,0.0,0.0,0.0,0.0,0.0,0.0,0.0,-2.004,-0.0,-0.0,-2.004,0.0,0.0,0.0,0.0,6293.0,-0.0,6934.0,0.0,0.0,2.7184303811560617e+23,0.0,0.0,0.0,0.0,0.0,69,0.0,-71.63,0.0,0.0,0.0,0.0,0.0,0.0,0.0,0,0,0,0.0,0.0,0.0,0.0,0.0,0.0,0.0,0.0,0.0,0.0,0.0,0.0,0.0,0.0,0.0,0.0,0,-107875648.0,69,0.0,138,0.0,0.0,0,13107,17040,13107,17049,13107,17043,0,0,0,70,68,100,2.7302359370752657e+23,71.1,0.0,74.2,2.7302370179391762e+23,74.0,1,49,50,180,13107,52429,0,0,0.0,0.0,0.0,0.0,-0.0,67.0,0.0,162057.094,0.0,751,0,739,0,0,0,721,0,766,0,736,0,742,0,741,0,712,0,7520,0.032,95026151424.0,0.0,0.0,784,16797,-0.0,162057.094,-114818.039,-0.0,0.133,6.909358625270745e+28,30.0,65.0,35,0.0,0.0,0.0,0.0,0.0,0.0,0.0,0.0,0.0,0.0,0.0,0.0,0.0,0.0,0.0,0.0,69.6,0,150,71,55,65476,0,300,0,1,8,20529,65476,0,0,40632,65.0,0.0,0.0,0.0,0.0,0.0
2026-09-04T20:30:04,ERR,ERR,ERR,ERR,ERR,ERR,ERR,ERR,ERR,ERR,ERR,ERR,ERR,ERR,ERR,ERR,ERR,ERR,ERR,ERR,ERR,ERR,ERR,ERR,ERR,ERR,ERR,ERR,ERR,ERR,ERR,ERR,ERR,ERR,ERR,ERR,ERR,ERR,ERR,ERR,ERR,ERR,ERR,ERR,ERR,ERR,ERR,ERR,ERR,ERR,ERR,ERR,ERR,ERR,ERR,ERR,ERR,ERR,ERR,ERR,ERR,ERR,ERR,ERR,ERR,ERR,ERR,ERR,ERR,ERR,ERR,ERR,ERR,ERR,ERR,ERR,ERR,ERR,ERR,ERR,ERR,ERR,ERR,ERR,ERR,ERR,ERR,ERR,ERR,ERR,ERR,ERR,ERR,ERR,ERR,ERR,ERR,ERR,ERR,ERR,ERR,ERR,ERR,ERR,ERR,ERR,ERR,ERR,ERR,ERR,ERR,ERR,ERR,ERR,ERR,ERR,ERR,ERR,ERR,ERR,ERR,ERR,ERR,ERR,ERR,0.0,0.0,0.0,0.0,0.0,1.3936040501711995e+18,7.805,0.0,0,0,4,0,7116,0.0,100,0.0,0.0,0.0,0.0,0.0,0,0,0,0,0.0,0,0,0,0,0,0,0,0,0,0,0,0,0,0,0,0,0,0,0,0,0,0,0,0,0,0,0,0,0,0,0,0,0,31,40,40,71,65476,0,300,0,0,8,21553,0.0,-107605600.0,0.0,0.0,0.0,0.0,0.0,0.0,0.0,0.0,0.0,0.0,0.0,0.0,0.0,0.0,0.0,0.0,0.0,0.0,0.0,0.0,-2.004,-0.0,-0.0,-2.004,0.0,0.0,0.0,0.0,6293.0,-0.0,6934.0,0.0,0.0,2.7184303811560617e+23,0.0,0.0,0.0,0.0,0.0,69,0.0,-71.63,0.0,0.0,0.0,0.0,0.0,0.0,0.0,0,0,0,0.0,0.0,0.0,0.0,0.0,0.0,0.0,0.0,0.0,0.0,0.0,0.0,0.0,0.0,0.0,0.0,0,-107875648.0,69,0.0,138,0.0,0.0,0,13107,17040,13107,17049,13107,17043,0,0,0,70,68,100,2.7302359370752657e+23,71.1,2.7302370179391762e+23,74.2,2.7302370179391762e+23,74.0,1,49,50,180,13107,52429,0,0,0.0,0.0,0.0,0.0,-0.0,67.0,0.0,162057.094,0.0,750,0,739,0,0,0,721,0,766,0,736,0,742,0,742,0,712,0,7520,0.032,79456894976.0,0.0,0.0,784,16797,-0.0,162057.094,-114818.039,-0.0,0.133,6.909358625270745e+28,30.0,65.0,35,0.0,0.0,0.0,0.0,0.0,0.0,0.0,0.0,0.0,0.0,0.0,0.0,0.0,0.0,0.0,0.0,69.6,0,150,71,55,65476,0,300,0,1,8,20529,65476,0,0,40632,65.0,0.0,0.0,0.0,0.0,0.0
2026-09-04T20:30:05,ERR,ERR,ERR,ERR,ERR,ERR,ERR,ERR,ERR,ERR,ERR,ERR,ERR,ERR,ERR,ERR,ERR,ERR,ERR,ERR,ERR,ERR,ERR,ERR,ERR,ERR,ERR,ERR,ERR,ERR,ERR,ERR,ERR,ERR,ERR,ERR,ERR,ERR,ERR,ERR,ERR,ERR,ERR,ERR,ERR,ERR,ERR,ERR,ERR,ERR,ERR,ERR,ERR,ERR,ERR,ERR,ERR,ERR,ERR,ERR,ERR,ERR,ERR,ERR,ERR,ERR,ERR,ERR,ERR,ERR,ERR,ERR,ERR,ERR,ERR,ERR,ERR,ERR,ERR,ERR,ERR,ERR,ERR,ERR,ERR,ERR,ERR,ERR,ERR,ERR,ERR,ERR,ERR,ERR,ERR,ERR,ERR,ERR,ERR,ERR,ERR,ERR,ERR,ERR,ERR,ERR,ERR,ERR,ERR,ERR,ERR,ERR,ERR,ERR,ERR,ERR,ERR,ERR,ERR,ERR,ERR,ERR,ERR,ERR,ERR,0.0,0.0,0.0,0.0,0.0,1.3936040501711995e+18,7.805,0.0,0,0,4,0,7116,0.0,100,0.0,0.0,0.0,0.0,0.0,0,0,0,0,0.0,0,0,0,0,0,0,0,0,0,0,0,0,0,0,0,0,0,0,0,0,0,0,0,0,0,0,0,0,0,0,0,0,0,31,40,40,71,65476,0,300,0,0,8,21553,0.0,-107605600.0,0.0,0.0,0.0,0.0,0.0,0.0,0.0,0.0,0.0,0.0,0.0,0.0,0.0,0.0,0.0,0.0,0.0,0.0,0.0,0.0,-2.004,-0.0,-0.0,-2.004,0.0,0.0,0.0,0.0,6293.0,-0.0,6934.0,0.0,0.0,2.7184303811560617e+23,0.0,0.0,0.0,0.0,0.0,69,0.0,-71.63,0.0,0.0,0.0,0.0,0.0,0.0,0.0,0,0,0,0.0,0.0,0.0,0.0,0.0,0.0,0.0,0.0,0.0,0.0,0.0,0.0,0.0,0.0,0.0,0.0,0,-107875648.0,69,0.0,138,0.0,0.0,0,13107,17040,13107,17049,13107,17043,0,0,0,70,68,100,2.7302359370752657e+23,71.1,2.7302370179391762e+23,74.2,2.7302370179391762e+23,74.0,1,49,50,180,13107,52429,0,0,0.0,0.0,0.0,0.0,-0.0,67.0,0.0,162057.094,0.0,750,0,739,0,0,0,721,0,766,0,736,0,742,0,742,0,712,0,7520,0.032,79456894976.0,0.0,0.0,784,16797,-0.0,162057.094,-114818.039,-0.0,0.133,6.909358625270745e+28,30.0,65.0,35,0.0,0.0,0.0,0.0,0.0,0.0,0.0,0.0,0.0,0.0,0.0,0.0,0.0,0.0,0.0,0.0,69.2,0,150,71,55,65476,0,300,0,1,8,20529,65476,0,0,40632,65.0,0.0,0.0,0.0,0.0,0.0
2026-09-04T20:30:06,ERR,ERR,ERR,ERR,ERR,ERR,ERR,ERR,ERR,ERR,ERR,ERR,ERR,ERR,ERR,ERR,ERR,ERR,ERR,ERR,ERR,ERR,ERR,ERR,ERR,ERR,ERR,ERR,ERR,ERR,ERR,ERR,ERR,ERR,ERR,ERR,ERR,ERR,ERR,ERR,ERR,ERR,ERR,ERR,ERR,ERR,ERR,ERR,ERR,ERR,ERR,ERR,ERR,ERR,ERR,ERR,ERR,ERR,ERR,ERR,ERR,ERR,ERR,ERR,ERR,ERR,ERR,ERR,ERR,ERR,ERR,ERR,ERR,ERR,ERR,ERR,ERR,ERR,ERR,ERR,ERR,ERR,ERR,ERR,ERR,ERR,ERR,ERR,ERR,ERR,ERR,ERR,ERR,ERR,ERR,ERR,ERR,ERR,ERR,ERR,ERR,ERR,ERR,ERR,ERR,ERR,ERR,ERR,ERR,ERR,ERR,ERR,ERR,ERR,ERR,ERR,ERR,ERR,ERR,ERR,ERR,ERR,ERR,ERR,ERR,0.0,0.0,0.0,0.0,0.0,1.3936040501711995e+18,7.805,0.0,0,0,4,0,7116,0.0,100,0.0,0.0,0.0,0.0,0.0,0,0,0,0,0.0,0,0,0,0,0,0,0,0,0,0,0,0,0,0,0,0,0,0,0,0,0,0,0,0,0,0,0,0,0,0,0,0,0,31,40,40,71,65476,0,300,0,0,8,21553,0.0,-107605600.0,0.0,0.0,0.0,0.0,0.0,0.0,0.0,0.0,0.0,0.0,0.0,0.0,0.0,0.0,0.0,0.0,0.0,0.0,0.0,0.0,-2.004,-0.0,-0.0,-2.004,0.0,0.0,0.0,0.0,6293.0,-0.0,6934.0,0.0,0.0,2.7184303811560617e+23,0.0,0.0,0.0,0.0,0.0,69,0.0,-71.63,0.0,0.0,0.0,0.0,0.0,0.0,0.0,0,0,0,0.0,0.0,0.0,0.0,0.0,0.0,0.0,0.0,0.0,0.0,0.0,0.0,0.0,0.0,0.0,0.0,0,-107875648.0,69,0.0,138,0.0,0.0,0,13107,17040,13107,17049,13107,17043,0,0,0,70,68,100,2.7302359370752657e+23,71.1,2.7302370179391762e+23,74.2,2.7302370179391762e+23,74.0,1,49,50,180,13107,52429,0,0,0.0,0.0,0.0,0.0,-0.0,67.0,0.0,162057.094,0.0,750,0,739,0,0,0,721,0,766,0,736,0,742,0,742,0,712,0,7520,0.032,79456894976.0,0.0,0.0,784,16797,-0.0,162057.094,-114818.039,-0.0,0.133,6.909358625270745e+28,30.0,65.0,35,0.0,0.0,0.0,0.0,0.0,0.0,0.0,0.0,0.0,0.0,0.0,0.0,0.0,0.0,0.0,0.0,69.2,0,150,71,55,65476,0,300,0,1,8,20529,65476,0,0,40632,65.0,0.0,0.0,0.0,0.0,0.0
2026-09-04T20:30:07,ERR,ERR,ERR,ERR,ERR,ERR,ERR,ERR,ERR,ERR,ERR,ERR,ERR,ERR,ERR,ERR,ERR,ERR,ERR,ERR,ERR,ERR,ERR,ERR,ERR,ERR,ERR,ERR,ERR,ERR,ERR,ERR,ERR,ERR,ERR,ERR,ERR,ERR,ERR,ERR,ERR,ERR,ERR,ERR,ERR,ERR,ERR,ERR,ERR,ERR,ERR,ERR,ERR,ERR,ERR,ERR,ERR,ERR,ERR,ERR,ERR,ERR,ERR,ERR,ERR,ERR,ERR,ERR,ERR,ERR,ERR,ERR,ERR,ERR,ERR,ERR,ERR,ERR,ERR,ERR,ERR,ERR,ERR,ERR,ERR,ERR,ERR,ERR,ERR,ERR,ERR,ERR,ERR,ERR,ERR,ERR,ERR,ERR,ERR,ERR,ERR,ERR,ERR,ERR,ERR,ERR,ERR,ERR,ERR,ERR,ERR,ERR,ERR,ERR,ERR,ERR,ERR,ERR,ERR,ERR,ERR,ERR,ERR,ERR,ERR,0.0,0.0,0.0,0.0,0.0,1.3936040501711995e+18,7.805,0.0,0,0,4,0,7116,0.0,100,0.0,0.0,0.0,0.0,0.0,0,0,0,0,0.0,0,0,0,0,0,0,0,0,0,0,0,0,0,0,0,0,0,0,0,0,0,0,0,0,0,0,0,0,0,0,0,0,0,31,40,40,71,65476,0,300,0,0,8,21553,0.0,-107605600.0,0.0,0.0,0.0,0.0,0.0,0.0,0.0,0.0,0.0,0.0,0.0,0.0,0.0,0.0,0.0,0.0,0.0,0.0,0.0,0.0,-2.004,-0.0,-0.0,-2.004,0.0,0.0,0.0,0.0,6293.0,-0.0,6934.0,0.0,0.0,2.7184303811560617e+23,0.0,0.0,0.0,0.0,0.0,69,0.0,-71.63,0.0,0.0,0.0,0.0,0.0,0.0,0.0,0,0,0,0.0,0.0,0.0,0.0,0.0,0.0,0.0,0.0,0.0,0.0,0.0,0.0,0.0,0.0,0.0,0.0,0,-107875648.0,69,0.0,138,0.0,0.0,0,13107,17040,13107,17049,13107,17043,0,0,0,70,68,100,2.7302359370752657e+23,71.1,2.7302370179391762e+23,74.2,2.7302370179391762e+23,74.0,1,49,50,180,13107,52429,0,0,0.0,0.0,0.0,0.0,-0.0,67.0,0.0,162057.094,0.0,750,0,739,0,0,0,721,0,766,0,736,0,742,0,742,0,712,0,7520,0.032,79456894976.0,0.0,0.0,784,16797,-0.0,162057.094,-114818.039,-0.0,0.133,6.909358625270745e+28,30.0,65.0,35,0.0,0.0,0.0,0.0,0.0,0.0,0.0,0.0,0.0,0.0,0.0,0.0,0.0,0.0,0.0,0.0,69.2,0,150,71,55,65476,0,300,0,1,8,20529,65476,0,0,40632,65.0,0.0,0.0,0.0,0.0,0.0
2026-09-04T20:30:08,ERR,ERR,ERR,ERR,ERR,ERR,ERR,ERR,ERR,ERR,ERR,ERR,ERR,ERR,ERR,ERR,ERR,ERR,ERR,ERR,ERR,ERR,ERR,ERR,ERR,ERR,ERR,ERR,ERR,ERR,ERR,ERR,ERR,ERR,ERR,ERR,ERR,ERR,ERR,ERR,ERR,ERR,ERR,ERR,ERR,ERR,ERR,ERR,ERR,ERR,ERR,ERR,ERR,ERR,ERR,ERR,ERR,ERR,ERR,ERR,ERR,ERR,ERR,ERR,ERR,ERR,ERR,ERR,ERR,ERR,ERR,ERR,ERR,ERR,ERR,ERR,ERR,ERR,ERR,ERR,ERR,ERR,ERR,ERR,ERR,ERR,ERR,ERR,ERR,ERR,ERR,ERR,ERR,ERR,ERR,ERR,ERR,ERR,ERR,ERR,ERR,ERR,ERR,ERR,ERR,ERR,ERR,ERR,ERR,ERR,ERR,ERR,ERR,ERR,ERR,ERR,ERR,ERR,ERR,ERR,ERR,ERR,ERR,ERR,ERR,0.0,0.0,0.0,0.0,0.0,1.3936040501711995e+18,7.805,0.0,0,0,4,0,7116,0.0,100,0.0,0.0,0.0,0.0,0.0,0,0,0,0,0.0,0,0,0,0,0,0,0,0,0,0,0,0,0,0,0,0,0,0,0,0,0,0,0,0,0,0,0,0,0,0,0,0,0,31,40,40,71,65476,0,300,0,0,8,21553,0.0,-107605600.0,0.0,0.0,0.0,0.0,0.0,0.0,0.0,0.0,0.0,0.0,0.0,0.0,0.0,0.0,0.0,0.0,0.0,0.0,0.0,0.0,-2.004,-0.0,-0.0,-2.004,0.0,0.0,0.0,0.0,6289.0,0.0,6913.0,0.0,0.0,2.7184303811560617e+23,0.0,0.0,0.0,0.0,0.0,69,0.0,-152018119294976.0,0.0,0.0,0.0,0.0,0.0,0.0,0.0,0,0,0,0.0,0.0,0.0,0.0,0.0,0.0,0.0,0.0,0.0,0.0,0.0,0.0,0.0,0.0,0.0,0.0,0,-107875648.0,69,0.0,138,0.0,0.0,0,13107,17040,13107,17049,13107,17043,0,0,0,70,68,100,2.7302359370752657e+23,71.1,2.7302370179391762e+23,74.2,2.7302370179391762e+23,74.0,1,49,50,180,13107,52429,0,0,0.0,0.0,0.0,0.0,-0.0,67.0,0.0,162057.094,0.0,750,0,739,0,0,0,721,0,766,0,736,0,742,0,742,0,712,0,7520,0.032,79456894976.0,0.0,0.0,784,16797,-0.0,162057.094,-114818.039,-0.0,0.133,6.909358625270745e+28,30.0,65.0,35,0.0,0.0,0.0,0.0,0.0,0.0,0.0,0.0,0.0,0.0,0.0,0.0,0.0,0.0,0.0,0.0,69.2,0,150,71,55,65476,0,300,0,1,8,20529,65476,0,0,40632,65.0,0.0,0.0,0.0,0.0,0.0
2026-09-04T20:30:09,ERR,ERR,ERR,ERR,ERR,ERR,ERR,ERR,ERR,ERR,ERR,ERR,ERR,ERR,ERR,ERR,ERR,ERR,ERR,ERR,ERR,ERR,ERR,ERR,ERR,ERR,ERR,ERR,ERR,ERR,ERR,ERR,ERR,ERR,ERR,ERR,ERR,ERR,ERR,ERR,ERR,ERR,ERR,ERR,ERR,ERR,ERR,ERR,ERR,ERR,ERR,ERR,ERR,ERR,ERR,ERR,ERR,ERR,ERR,ERR,ERR,ERR,ERR,ERR,ERR,ERR,ERR,ERR,ERR,ERR,ERR,ERR,ERR,ERR,ERR,ERR,ERR,ERR,ERR,ERR,ERR,ERR,ERR,ERR,ERR,ERR,ERR,ERR,ERR,ERR,ERR,ERR,ERR,ERR,ERR,ERR,ERR,ERR,ERR,ERR,ERR,ERR,ERR,ERR,ERR,ERR,ERR,ERR,ERR,ERR,ERR,ERR,ERR,ERR,ERR,ERR,ERR,ERR,ERR,ERR,ERR,ERR,ERR,ERR,ERR,0.0,0.0,0.0,0.0,0.0,1.3936040501711995e+18,7.805,0.0,0,0,4,0,7116,0.0,100,0.0,0.0,0.0,0.0,0.0,0,0,0,0,0.0,0,0,0,0,0,0,0,0,0,0,0,0,0,0,0,0,0,0,0,0,0,0,0,0,0,0,0,0,0,0,0,0,0,31,40,40,71,65476,0,300,0,0,8,21553,0.0,-107605600.0,0.0,0.0,0.0,0.0,0.0,0.0,0.0,0.0,0.0,0.0,0.0,0.0,0.0,0.0,0.0,0.0,0.0,0.0,0.0,0.0,-2.004,-0.0,-0.0,-2.004,0.0,0.0,0.0,0.0,6289.0,0.0,6913.0,0.0,0.0,2.7184303811560617e+23,0.0,0.0,0.0,0.0,0.0,69,0.0,-152018119294976.0,0.0,0.0,0.0,0.0,0.0,0.0,0.0,0,0,0,0.0,0.0,0.0,0.0,0.0,0.0,0.0,0.0,0.0,0.0,0.0,0.0,0.0,0.0,0.0,0.0,0,-107875648.0,69,0.0,138,0.0,0.0,0,13107,17040,13107,17049,13107,17043,0,0,0,70,68,100,2.7302359370752657e+23,71.1,0.0,74.2,2.7302370179391762e+23,74.0,1,49,50,180,13107,52429,0,0,0.0,0.0,0.0,0.0,-0.0,67.0,0.0,162057.094,0.0,750,0,739,0,0,0,721,0,766,0,736,0,742,0,741,0,712,0,7520,0.032,78920024064.0,0.0,0.0,784,16797,-0.0,162057.094,-114818.039,-0.0,0.133,6.909358625270745e+28,30.0,65.0,35,0.0,0.0,0.0,0.0,0.0,0.0,0.0,0.0,0.0,0.0,0.0,0.0,0.0,0.0,0.0,0.0,69.2,0,150,71,55,65476,0,300,0,1,8,20529,65476,0,0,40632,65.0,0.0,0.0,0.0,0.0,0.0
2026-09-04T20:30:10,ERR,ERR,ERR,ERR,ERR,ERR,ERR,ERR,ERR,ERR,ERR,ERR,ERR,ERR,ERR,ERR,ERR,ERR,ERR,ERR,ERR,ERR,ERR,ERR,ERR,ERR,ERR,ERR,ERR,ERR,ERR,ERR,ERR,ERR,ERR,ERR,ERR,ERR,ERR,ERR,ERR,ERR,ERR,ERR,ERR,ERR,ERR,ERR,ERR,ERR,ERR,ERR,ERR,ERR,ERR,ERR,ERR,ERR,ERR,ERR,ERR,ERR,ERR,ERR,ERR,ERR,ERR,ERR,ERR,ERR,ERR,ERR,ERR,ERR,ERR,ERR,ERR,ERR,ERR,ERR,ERR,ERR,ERR,ERR,ERR,ERR,ERR,ERR,ERR,ERR,ERR,ERR,ERR,ERR,ERR,ERR,ERR,ERR,ERR,ERR,ERR,ERR,ERR,ERR,ERR,ERR,ERR,ERR,ERR,ERR,ERR,ERR,ERR,ERR,ERR,ERR,ERR,ERR,ERR,ERR,ERR,ERR,ERR,ERR,ERR,0.0,0.0,0.0,0.0,0.0,1.3936040501711995e+18,7.805,0.0,0,0,4,0,7116,0.0,100,0.0,0.0,0.0,0.0,0.0,0,0,0,0,0.0,0,0,0,0,0,0,0,0,0,0,0,0,0,0,0,0,0,0,0,0,0,0,0,0,0,0,0,0,0,0,0,0,0,31,40,40,71,65476,0,300,0,0,8,21553,0.0,-107605600.0,0.0,0.0,0.0,0.0,0.0,0.0,0.0,0.0,0.0,0.0,0.0,0.0,0.0,0.0,0.0,0.0,0.0,0.0,0.0,0.0,-2.004,-0.0,-0.0,-2.004,0.0,0.0,0.0,0.0,6289.0,0.0,6913.0,0.0,0.0,2.7184303811560617e+23,0.0,0.0,0.0,0.0,0.0,69,0.0,-152018119294976.0,0.0,0.0,0.0,0.0,0.0,0.0,0.0,0,0,0,0.0,0.0,0.0,0.0,0.0,0.0,0.0,0.0,0.0,0.0,0.0,0.0,0.0,0.0,0.0,0.0,0,-107875648.0,69,0.0,138,0.0,0.0,0,13107,17040,13107,17049,13107,17043,0,0,0,70,68,100,2.7302359370752657e+23,71.1,0.0,74.2,2.7302370179391762e+23,74.0,1,49,50,180,13107,52429,0,0,0.0,0.0,0.0,0.0,-0.0,67.0,0.0,162057.094,0.0,750,0,739,0,0,0,721,0,766,0,736,0,742,0,741,0,712,0,7520,0.032,78920024064.0,0.0,0.0,784,16797,-0.0,162057.094,-114818.039,-0.0,0.133,6.909358625270745e+28,30.0,65.0,35,0.0,0.0,0.0,0.0,0.0,0.0,0.0,0.0,0.0,0.0,0.0,0.0,0.0,0.0,0.0,0.0,69.6,0,150,71,55,65476,0,300,0,1,8,20529,65476,0,0,40632,65.0,0.0,0.0,0.0,0.0,0.0
2026-09-04T20:30:11,ERR,ERR,ERR,ERR,ERR,ERR,ERR,ERR,ERR,ERR,ERR,ERR,ERR,ERR,ERR,ERR,ERR,ERR,ERR,ERR,ERR,ERR,ERR,ERR,ERR,ERR,ERR,ERR,ERR,ERR,ERR,ERR,ERR,ERR,ERR,ERR,ERR,ERR,ERR,ERR,ERR,ERR,ERR,ERR,ERR,ERR,ERR,ERR,ERR,ERR,ERR,ERR,ERR,ERR,ERR,ERR,ERR,ERR,ERR,ERR,ERR,ERR,ERR,ERR,ERR,ERR,ERR,ERR,ERR,ERR,ERR,ERR,ERR,ERR,ERR,ERR,ERR,ERR,ERR,ERR,ERR,ERR,ERR,ERR,ERR,ERR,ERR,ERR,ERR,ERR,ERR,ERR,ERR,ERR,ERR,ERR,ERR,ERR,ERR,ERR,ERR,ERR,ERR,ERR,ERR,ERR,ERR,ERR,ERR,ERR,ERR,ERR,ERR,ERR,ERR,ERR,ERR,ERR,ERR,ERR,ERR,ERR,ERR,ERR,ERR,0.0,0.0,0.0,0.0,0.0,1.3936040501711995e+18,7.805,0.0,0,0,4,0,7116,0.0,100,0.0,0.0,0.0,0.0,0.0,0,0,0,0,0.0,0,0,0,0,0,0,0,0,0,0,0,0,0,0,0,0,0,0,0,0,0,0,0,0,0,0,0,0,0,0,0,0,0,31,40,40,71,65476,0,300,0,0,8,21553,0.0,-107605600.0,0.0,0.0,0.0,0.0,0.0,0.0,0.0,0.0,0.0,0.0,0.0,0.0,0.0,0.0,0.0,0.0,0.0,0.0,0.0,0.0,-2.004,-0.0,-0.0,-2.004,0.0,0.0,0.0,0.0,6289.0,0.0,6913.0,0.0,0.0,2.7184303811560617e+23,0.0,0.0,0.0,0.0,0.0,69,0.0,-152018119294976.0,0.0,0.0,0.0,0.0,0.0,0.0,0.0,0,0,0,0.0,0.0,0.0,0.0,0.0,0.0,0.0,0.0,0.0,0.0,0.0,0.0,0.0,0.0,0.0,0.0,0,-107875648.0,69,0.0,138,0.0,0.0,0,13107,17040,13107,17049,13107,17043,0,0,0,70,68,100,2.7302359370752657e+23,71.1,0.0,74.2,2.7302370179391762e+23,74.0,1,49,50,180,13107,52429,0,0,0.0,0.0,0.0,0.0,-0.0,67.0,0.0,162057.094,0.0,750,0,739,0,0,0,721,0,766,0,736,0,742,0,741,0,712,0,7520,0.032,78920024064.0,0.0,0.0,784,16797,-0.0,162057.094,-114818.039,-0.0,0.133,6.909358625270745e+28,30.0,65.0,35,0.0,0.0,0.0,0.0,0.0,0.0,0.0,0.0,0.0,0.0,0.0,0.0,0.0,0.0,0.0,0.0,69.6,0,150,71,55,65476,0,300,0,1,8,20529,65476,0,0,40632,65.0,0.0,0.0,0.0,0.0,0.0
2026-09-04T20:30:12,ERR,ERR,ERR,ERR,ERR,ERR,ERR,ERR,ERR,ERR,ERR,ERR,ERR,ERR,ERR,ERR,ERR,ERR,ERR,ERR,ERR,ERR,ERR,ERR,ERR,ERR,ERR,ERR,ERR,ERR,ERR,ERR,ERR,ERR,ERR,ERR,ERR,ERR,ERR,ERR,ERR,ERR,ERR,ERR,ERR,ERR,ERR,ERR,ERR,ERR,ERR,ERR,ERR,ERR,ERR,ERR,ERR,ERR,ERR,ERR,ERR,ERR,ERR,ERR,ERR,ERR,ERR,ERR,ERR,ERR,ERR,ERR,ERR,ERR,ERR,ERR,ERR,ERR,ERR,ERR,ERR,ERR,ERR,ERR,ERR,ERR,ERR,ERR,ERR,ERR,ERR,ERR,ERR,ERR,ERR,ERR,ERR,ERR,ERR,ERR,ERR,ERR,ERR,ERR,ERR,ERR,ERR,ERR,ERR,ERR,ERR,ERR,ERR,ERR,ERR,ERR,ERR,ERR,ERR,ERR,ERR,ERR,ERR,ERR,ERR,0.0,0.0,0.0,0.0,0.0,1.3936040501711995e+18,7.805,0.0,0,0,4,0,7116,0.0,100,0.0,0.0,0.0,0.0,0.0,0,0,0,0,0.0,0,0,0,0,0,0,0,0,0,0,0,0,0,0,0,0,0,0,0,0,0,0,0,0,0,0,0,0,0,0,0,0,0,31,40,40,71,65476,0,300,0,0,8,21553,0.0,-107605600.0,0.0,0.0,0.0,0.0,0.0,0.0,0.0,0.0,0.0,0.0,0.0,0.0,0.0,0.0,0.0,0.0,0.0,0.0,0.0,0.0,-2.004,-0.0,-0.0,-2.004,0.0,0.0,0.0,0.0,6289.0,0.0,6913.0,0.0,0.0,2.7184303811560617e+23,0.0,0.0,0.0,0.0,0.0,69,0.0,-152018119294976.0,0.0,0.0,0.0,0.0,0.0,0.0,0.0,0,0,0,0.0,0.0,0.0,0.0,0.0,0.0,0.0,0.0,0.0,0.0,0.0,0.0,0.0,0.0,0.0,0.0,0,-107875648.0,69,0.0,138,0.0,0.0,0,13107,17040,13107,17049,13107,17043,0,0,0,70,68,100,2.7302359370752657e+23,71.1,0.0,74.2,2.7302370179391762e+23,74.0,1,49,50,180,13107,52429,0,0,0.0,0.0,0.0,0.0,-0.0,67.0,0.0,162057.094,0.0,750,0,739,0,0,0,721,0,766,0,736,0,742,0,741,0,712,0,7520,0.032,78920024064.0,0.0,0.0,784,16797,-0.0,162057.094,-114818.039,-0.0,0.133,6.909358625270745e+28,30.0,65.0,35,0.0,0.0,0.0,0.0,0.0,0.0,0.0,0.0,0.0,0.0,0.0,0.0,0.0,0.0,0.0,0.0,69.6,0,150,71,55,65476,0,300,0,1,8,20529,65476,0,0,40632,65.0,0.0,0.0,0.0,0.0,0.0
2026-09-04T20:30:13,ERR,ERR,ERR,ERR,ERR,ERR,ERR,ERR,ERR,ERR,ERR,ERR,ERR,ERR,ERR,ERR,ERR,ERR,ERR,ERR,ERR,ERR,ERR,ERR,ERR,ERR,ERR,ERR,ERR,ERR,ERR,ERR,ERR,ERR,ERR,ERR,ERR,ERR,ERR,ERR,ERR,ERR,ERR,ERR,ERR,ERR,ERR,ERR,ERR,ERR,ERR,ERR,ERR,ERR,ERR,ERR,ERR,ERR,ERR,ERR,ERR,ERR,ERR,ERR,ERR,ERR,ERR,ERR,ERR,ERR,ERR,ERR,ERR,ERR,ERR,ERR,ERR,ERR,ERR,ERR,ERR,ERR,ERR,ERR,ERR,ERR,ERR,ERR,ERR,ERR,ERR,ERR,ERR,ERR,ERR,ERR,ERR,ERR,ERR,ERR,ERR,ERR,ERR,ERR,ERR,ERR,ERR,ERR,ERR,ERR,ERR,ERR,ERR,ERR,ERR,ERR,ERR,ERR,ERR,ERR,ERR,ERR,ERR,ERR,ERR,0.0,0.0,0.0,0.0,0.0,1.3936040501711995e+18,7.805,0.0,0,0,4,0,7116,0.0,100,0.0,0.0,0.0,0.0,0.0,0,0,0,0,0.0,0,0,0,0,0,0,0,0,0,0,0,0,0,0,0,0,0,0,0,0,0,0,0,0,0,0,0,0,0,0,0,0,0,31,40,40,71,65476,0,300,0,0,8,21553,0.0,-107605600.0,0.0,0.0,0.0,0.0,0.0,0.0,0.0,0.0,0.0,0.0,0.0,0.0,0.0,0.0,0.0,0.0,0.0,0.0,0.0,0.0,-2.004,-0.0,-0.0,-2.004,0.0,0.0,0.0,0.0,6289.0,0.0,6913.0,0.0,0.0,2.7184303811560617e+23,0.0,0.0,0.0,0.0,0.0,69,0.0,-152018119294976.0,0.0,0.0,0.0,0.0,0.0,0.0,0.0,0,0,0,0.0,0.0,0.0,0.0,0.0,0.0,0.0,0.0,0.0,0.0,0.0,0.0,0.0,0.0,0.0,0.0,0,-107875648.0,69,0.0,138,0.0,0.0,0,13107,17040,13107,17049,13107,17043,0,0,0,70,68,100,2.7302359370752657e+23,71.1,0.0,74.2,2.7302370179391762e+23,74.0,1,49,50,180,13107,52429,0,0,0.0,0.0,0.0,0.0,-0.0,67.0,0.0,162057.094,0.0,750,0,739,0,0,0,721,0,766,0,736,0,742,0,741,0,712,0,7520,0.032,78920024064.0,0.0,0.0,784,16797,-0.0,162057.094,-114818.039,-0.0,0.133,6.909358625270745e+28,30.0,65.0,35,0.0,0.0,0.0,0.0,0.0,0.0,0.0,0.0,0.0,0.0,0.0,0.0,0.0,0.0,0.0,0.0,69.6,0,150,71,55,65476,0,300,0,1,8,20529,65476,0,0,40632,65.0,0.0,0.0,0.0,0.0,0.0
2026-09-04T20:30:14,ERR,ERR,ERR,ERR,ERR,ERR,ERR,ERR,ERR,ERR,ERR,ERR,ERR,ERR,ERR,ERR,ERR,ERR,ERR,ERR,ERR,ERR,ERR,ERR,ERR,ERR,ERR,ERR,ERR,ERR,ERR,ERR,ERR,ERR,ERR,ERR,ERR,ERR,ERR,ERR,ERR,ERR,ERR,ERR,ERR,ERR,ERR,ERR,ERR,ERR,ERR,ERR,ERR,ERR,ERR,ERR,ERR,ERR,ERR,ERR,ERR,ERR,ERR,ERR,ERR,ERR,ERR,ERR,ERR,ERR,ERR,ERR,ERR,ERR,ERR,ERR,ERR,ERR,ERR,ERR,ERR,ERR,ERR,ERR,ERR,ERR,ERR,ERR,ERR,ERR,ERR,ERR,ERR,ERR,ERR,ERR,ERR,ERR,ERR,ERR,ERR,ERR,ERR,ERR,ERR,ERR,ERR,ERR,ERR,ERR,ERR,ERR,ERR,ERR,ERR,ERR,ERR,ERR,ERR,ERR,ERR,ERR,ERR,ERR,ERR,0.0,0.0,0.0,0.0,0.0,1.3936040501711995e+18,7.805,0.0,0,0,4,0,7116,0.0,100,0.0,0.0,0.0,0.0,0.0,0,0,0,0,0.0,0,0,0,0,0,0,0,0,0,0,0,0,0,0,0,0,0,0,0,0,0,0,0,0,0,0,0,0,0,0,0,0,0,31,40,40,71,65476,0,300,0,0,8,21553,0.0,-107605600.0,0.0,0.0,0.0,0.0,0.0,0.0,0.0,0.0,0.0,0.0,0.0,0.0,0.0,0.0,0.0,0.0,0.0,0.0,0.0,0.0,-2.004,-0.0,-0.0,-2.004,0.0,0.0,0.0,0.0,6289.0,0.0,6913.0,0.0,0.0,2.7184303811560617e+23,0.0,0.0,0.0,0.0,0.0,69,0.0,-152018119294976.0,0.0,0.0,0.0,0.0,0.0,0.0,0.0,0,0,0,0.0,0.0,0.0,0.0,0.0,0.0,0.0,0.0,0.0,0.0,0.0,0.0,0.0,0.0,0.0,0.0,0,-107875648.0,69,0.0,138,0.0,0.0,0,13107,17040,13107,17049,13107,17043,0,0,0,70,68,100,2.7302359370752657e+23,71.1,0.0,74.2,2.7302370179391762e+23,74.0,1,49,50,180,13107,52429,0,0,0.0,0.0,0.0,0.0,-0.0,67.0,0.0,162057.094,0.0,750,0,739,0,0,0,721,0,766,0,736,0,742,0,741,0,712,0,7520,0.032,78920024064.0,0.0,0.0,784,16797,-0.0,162057.094,-114818.039,-0.0,0.133,6.909358625270745e+28,30.0,65.0,35,0.0,0.0,0.0,0.0,0.0,0.0,0.0,0.0,0.0,0.0,0.0,0.0,0.0,0.0,0.0,0.0,69.6,0,150,71,55,65476,0,300,0,1,8,20529,65476,0,0,40632,65.0,0.0,0.0,0.0,0.0,0.0
2026-09-04T20:30:15,ERR,ERR,ERR,ERR,ERR,ERR,ERR,ERR,ERR,ERR,ERR,ERR,ERR,ERR,ERR,ERR,ERR,ERR,ERR,ERR,ERR,ERR,ERR,ERR,ERR,ERR,ERR,ERR,ERR,ERR,ERR,ERR,ERR,ERR,ERR,ERR,ERR,ERR,ERR,ERR,ERR,ERR,ERR,ERR,ERR,ERR,ERR,ERR,ERR,ERR,ERR,ERR,ERR,ERR,ERR,ERR,ERR,ERR,ERR,ERR,ERR,ERR,ERR,ERR,ERR,ERR,ERR,ERR,ERR,ERR,ERR,ERR,ERR,ERR,ERR,ERR,ERR,ERR,ERR,ERR,ERR,ERR,ERR,ERR,ERR,ERR,ERR,ERR,ERR,ERR,ERR,ERR,ERR,ERR,ERR,ERR,ERR,ERR,ERR,ERR,ERR,ERR,ERR,ERR,ERR,ERR,ERR,ERR,ERR,ERR,ERR,ERR,ERR,ERR,ERR,ERR,ERR,ERR,ERR,ERR,ERR,ERR,ERR,ERR,ERR,0.0,0.0,0.0,0.0,0.0,1.3936040501711995e+18,7.805,0.0,0,0,4,0,7116,0.0,100,0.0,0.0,0.0,0.0,0.0,0,0,0,0,0.0,0,0,0,0,0,0,0,0,0,0,0,0,0,0,0,0,0,0,0,0,0,0,0,0,0,0,0,0,0,0,0,0,0,31,40,40,71,65476,0,300,0,0,8,21553,0.0,-107605600.0,0.0,0.0,0.0,0.0,0.0,0.0,0.0,0.0,0.0,0.0,0.0,0.0,0.0,0.0,0.0,0.0,0.0,0.0,0.0,0.0,-2.004,-0.0,-0.0,-2.004,0.0,0.0,0.0,0.0,6257.0,-0.0,6930.0,0.0,0.0,2.7184303811560617e+23,0.0,0.0,0.0,0.0,0.0,69,0.0,126840946688.0,0.0,0.0,0.0,0.0,0.0,0.0,0.0,0,0,0,0.0,0.0,0.0,0.0,0.0,0.0,0.0,0.0,0.0,0.0,0.0,0.0,0.0,0.0,0.0,0.0,0,-107875648.0,69,0.0,138,0.0,0.0,0,13107,17040,13107,17049,13107,17043,0,0,0,70,68,100,2.7302359370752657e+23,71.1,0.0,74.2,2.7302370179391762e+23,74.0,1,49,50,180,13107,52429,0,0,0.0,0.0,0.0,0.0,-0.0,67.0,0.0,162057.094,0.0,751,0,739,0,0,0,721,0,766,0,736,0,742,0,742,0,712,0,7520,0.032,79456894976.0,0.0,0.0,784,16797,-0.0,162057.094,-114818.039,-0.0,0.133,6.909358625270745e+28,30.0,65.0,35,0.0,0.0,0.0,0.0,0.0,0.0,0.0,0.0,0.0,0.0,0.0,0.0,0.0,0.0,0.0,0.0,69.6,0,150,71,55,65476,0,300,0,1,8,20529,65476,0,0,40632,65.0,0.0,0.0,0.0,0.0,0.0
2026-09-04T20:30:16,ERR,ERR,ERR,ERR,ERR,ERR,ERR,ERR,ERR,ERR,ERR,ERR,ERR,ERR,ERR,ERR,ERR,ERR,ERR,ERR,ERR,ERR,ERR,ERR,ERR,ERR,ERR,ERR,ERR,ERR,ERR,ERR,ERR,ERR,ERR,ERR,ERR,ERR,ERR,ERR,ERR,ERR,ERR,ERR,ERR,ERR,ERR,ERR,ERR,ERR,ERR,ERR,ERR,ERR,ERR,ERR,ERR,ERR,ERR,ERR,ERR,ERR,ERR,ERR,ERR,ERR,ERR,ERR,ERR,ERR,ERR,ERR,ERR,ERR,ERR,ERR,ERR,ERR,ERR,ERR,ERR,ERR,ERR,ERR,ERR,ERR,ERR,ERR,ERR,ERR,ERR,ERR,ERR,ERR,ERR,ERR,ERR,ERR,ERR,ERR,ERR,ERR,ERR,ERR,ERR,ERR,ERR,ERR,ERR,ERR,ERR,ERR,ERR,ERR,ERR,ERR,ERR,ERR,ERR,ERR,ERR,ERR,ERR,ERR,ERR,0.0,0.0,0.0,0.0,0.0,1.3936040501711995e+18,7.805,0.0,0,0,4,0,7116,0.0,100,0.0,0.0,0.0,0.0,0.0,0,0,0,0,0.0,0,0,0,0,0,0,0,0,0,0,0,0,0,0,0,0,0,0,0,0,0,0,0,0,0,0,0,0,0,0,0,0,0,31,40,40,71,65476,0,300,0,0,8,21553,0.0,-107605600.0,0.0,0.0,0.0,0.0,0.0,0.0,0.0,0.0,0.0,0.0,0.0,0.0,0.0,0.0,0.0,0.0,0.0,0.0,0.0,0.0,-2.004,-0.0,-0.0,-2.004,0.0,0.0,0.0,0.0,6257.0,-0.0,6930.0,0.0,0.0,2.7184303811560617e+23,0.0,0.0,0.0,0.0,0.0,69,0.0,126840946688.0,0.0,0.0,0.0,0.0,0.0,0.0,0.0,0,0,0,0.0,0.0,0.0,0.0,0.0,0.0,0.0,0.0,0.0,0.0,0.0,0.0,0.0,0.0,0.0,0.0,0,-107875648.0,69,0.0,138,0.0,0.0,0,13107,17040,13107,17049,13107,17043,0,0,0,70,68,100,2.7302359370752657e+23,71.1,0.0,74.2,2.7302370179391762e+23,74.0,1,49,50,180,13107,52429,0,0,0.0,0.0,0.0,0.0,-0.0,67.0,0.0,162057.094,0.0,751,0,739,0,0,0,721,0,766,0,736,0,742,0,742,0,712,0,7520,0.032,79456894976.0,0.0,0.0,784,16797,-0.0,162057.094,-114818.039,-0.0,0.133,6.909358625270745e+28,30.0,65.0,35,0.0,0.0,0.0,0.0,0.0,0.0,0.0,0.0,0.0,0.0,0.0,0.0,0.0,0.0,0.0,0.0,69.6,0,150,71,55,65476,0,300,0,1,8,20529,65476,0,0,40632,65.0,0.0,0.0,0.0,0.0,0.0
2026-09-04T20:30:17,ERR,ERR,ERR,ERR,ERR,ERR,ERR,ERR,ERR,ERR,ERR,ERR,ERR,ERR,ERR,ERR,ERR,ERR,ERR,ERR,ERR,ERR,ERR,ERR,ERR,ERR,ERR,ERR,ERR,ERR,ERR,ERR,ERR,ERR,ERR,ERR,ERR,ERR,ERR,ERR,ERR,ERR,ERR,ERR,ERR,ERR,ERR,ERR,ERR,ERR,ERR,ERR,ERR,ERR,ERR,ERR,ERR,ERR,ERR,ERR,ERR,ERR,ERR,ERR,ERR,ERR,ERR,ERR,ERR,ERR,ERR,ERR,ERR,ERR,ERR,ERR,ERR,ERR,ERR,ERR,ERR,ERR,ERR,ERR,ERR,ERR,ERR,ERR,ERR,ERR,ERR,ERR,ERR,ERR,ERR,ERR,ERR,ERR,ERR,ERR,ERR,ERR,ERR,ERR,ERR,ERR,ERR,ERR,ERR,ERR,ERR,ERR,ERR,ERR,ERR,ERR,ERR,ERR,ERR,ERR,ERR,ERR,ERR,ERR,ERR,0.0,0.0,0.0,0.0,0.0,1.3936040501711995e+18,7.805,0.0,0,0,4,0,7116,0.0,100,0.0,0.0,0.0,0.0,0.0,0,0,0,0,0.0,0,0,0,0,0,0,0,0,0,0,0,0,0,0,0,0,0,0,0,0,0,0,0,0,0,0,0,0,0,0,0,0,0,31,40,40,71,65476,0,300,0,0,8,21553,0.0,-107605600.0,0.0,0.0,0.0,0.0,0.0,0.0,0.0,0.0,0.0,0.0,0.0,0.0,0.0,0.0,0.0,0.0,0.0,0.0,0.0,0.0,-2.004,-0.0,-0.0,-2.004,0.0,0.0,0.0,0.0,6257.0,-0.0,6930.0,0.0,0.0,2.7184303811560617e+23,0.0,0.0,0.0,0.0,0.0,69,0.0,126840946688.0,0.0,0.0,0.0,0.0,0.0,0.0,0.0,0,0,0,0.0,0.0,0.0,0.0,0.0,0.0,0.0,0.0,0.0,0.0,0.0,0.0,0.0,0.0,0.0,0.0,0,-107875648.0,69,0.0,138,0.0,0.0,0,13107,17040,13107,17049,13107,17043,0,0,0,70,68,100,2.7302359370752657e+23,71.1,0.0,74.2,2.7302370179391762e+23,74.0,1,49,50,180,13107,52429,0,0,0.0,0.0,0.0,0.0,-0.0,67.0,0.0,162057.094,0.0,751,0,739,0,0,0,721,0,766,0,736,0,742,0,742,0,712,0,7520,0.032,79456894976.0,0.0,0.0,784,16797,-0.0,162057.094,-114818.039,-0.0,0.133,6.909358625270745e+28,30.0,65.0,35,0.0,0.0,0.0,0.0,0.0,0.0,0.0,0.0,0.0,0.0,0.0,0.0,0.0,0.0,0.0,0.0,69.6,0,150,71,55,65476,0,300,0,1,8,20529,65476,0,0,40632,65.0,0.0,0.0,0.0,0.0,0.0
2026-09-04T20:30:18,ERR,ERR,ERR,ERR,ERR,ERR,ERR,ERR,ERR,ERR,ERR,ERR,ERR,ERR,ERR,ERR,ERR,ERR,ERR,ERR,ERR,ERR,ERR,ERR,ERR,ERR,ERR,ERR,ERR,ERR,ERR,ERR,ERR,ERR,ERR,ERR,ERR,ERR,ERR,ERR,ERR,ERR,ERR,ERR,ERR,ERR,ERR,ERR,ERR,ERR,ERR,ERR,ERR,ERR,ERR,ERR,ERR,ERR,ERR,ERR,ERR,ERR,ERR,ERR,ERR,ERR,ERR,ERR,ERR,ERR,ERR,ERR,ERR,ERR,ERR,ERR,ERR,ERR,ERR,ERR,ERR,ERR,ERR,ERR,ERR,ERR,ERR,ERR,ERR,ERR,ERR,ERR,ERR,ERR,ERR,ERR,ERR,ERR,ERR,ERR,ERR,ERR,ERR,ERR,ERR,ERR,ERR,ERR,ERR,ERR,ERR,ERR,ERR,ERR,ERR,ERR,ERR,ERR,ERR,ERR,ERR,ERR,ERR,ERR,ERR,0.0,0.0,0.0,0.0,0.0,1.3936040501711995e+18,7.805,0.0,0,0,4,0,7116,0.0,100,0.0,0.0,0.0,0.0,0.0,0,0,0,0,0.0,0,0,0,0,0,0,0,0,0,0,0,0,0,0,0,0,0,0,0,0,0,0,0,0,0,0,0,0,0,0,0,0,0,31,40,40,71,65476,0,300,0,0,8,21553,0.0,-107605600.0,0.0,0.0,0.0,0.0,0.0,0.0,0.0,0.0,0.0,0.0,0.0,0.0,0.0,0.0,0.0,0.0,0.0,0.0,0.0,0.0,-2.004,-0.0,-0.0,-2.004,0.0,0.0,0.0,0.0,6257.0,-0.0,6930.0,0.0,0.0,2.7184303811560617e+23,0.0,0.0,0.0,0.0,0.0,69,0.0,126840946688.0,0.0,0.0,0.0,0.0,0.0,0.0,0.0,0,0,0,0.0,0.0,0.0,0.0,0.0,0.0,0.0,0.0,0.0,0.0,0.0,0.0,0.0,0.0,0.0,0.0,0,-107875648.0,69,0.0,138,0.0,0.0,0,13107,17040,13107,17049,13107,17043,0,0,0,70,68,100,2.7302359370752657e+23,71.1,0.0,74.2,2.7302370179391762e+23,74.0,1,49,50,180,13107,52429,0,0,0.0,0.0,0.0,0.0,-0.0,67.0,0.0,162057.094,0.0,751,0,739,0,0,0,721,0,766,0,736,0,742,0,742,0,712,0,7520,0.032,79456894976.0,0.0,0.0,784,16797,-0.0,162057.094,-114818.039,-0.0,0.133,6.909358625270745e+28,30.0,65.0,35,0.0,0.0,0.0,0.0,0.0,0.0,0.0,0.0,0.0,0.0,0.0,0.0,0.0,0.0,0.0,0.0,69.2,0,150,71,55,65476,0,300,0,1,8,20529,65476,0,0,40632,65.0,0.0,0.0,0.0,0.0,0.0
2026-09-04T20:30:19,ERR,ERR,ERR,ERR,ERR,ERR,ERR,ERR,ERR,ERR,ERR,ERR,ERR,ERR,ERR,ERR,ERR,ERR,ERR,ERR,ERR,ERR,ERR,ERR,ERR,ERR,ERR,ERR,ERR,ERR,ERR,ERR,ERR,ERR,ERR,ERR,ERR,ERR,ERR,ERR,ERR,ERR,ERR,ERR,ERR,ERR,ERR,ERR,ERR,ERR,ERR,ERR,ERR,ERR,ERR,ERR,ERR,ERR,ERR,ERR,ERR,ERR,ERR,ERR,ERR,ERR,ERR,ERR,ERR,ERR,ERR,ERR,ERR,ERR,ERR,ERR,ERR,ERR,ERR,ERR,ERR,ERR,ERR,ERR,ERR,ERR,ERR,ERR,ERR,ERR,ERR,ERR,ERR,ERR,ERR,ERR,ERR,ERR,ERR,ERR,ERR,ERR,ERR,ERR,ERR,ERR,ERR,ERR,ERR,ERR,ERR,ERR,ERR,ERR,ERR,ERR,ERR,ERR,ERR,ERR,ERR,ERR,ERR,ERR,ERR,0.0,0.0,0.0,0.0,0.0,1.3936040501711995e+18,7.805,0.0,0,0,4,0,7116,0.0,100,0.0,0.0,0.0,0.0,0.0,0,0,0,0,0.0,0,0,0,0,0,0,0,0,0,0,0,0,0,0,0,0,0,0,0,0,0,0,0,0,0,0,0,0,0,0,0,0,0,31,40,40,71,65476,0,300,0,0,8,21553,0.0,-107605600.0,0.0,0.0,0.0,0.0,0.0,0.0,0.0,0.0,0.0,0.0,0.0,0.0,0.0,0.0,0.0,0.0,0.0,0.0,0.0,0.0,-2.004,-0.0,-0.0,-2.004,0.0,0.0,0.0,0.0,6257.0,-0.0,6930.0,0.0,0.0,2.7184303811560617e+23,0.0,0.0,0.0,0.0,0.0,69,0.0,126840946688.0,0.0,0.0,0.0,0.0,0.0,0.0,0.0,0,0,0,0.0,0.0,0.0,0.0,0.0,0.0,0.0,0.0,0.0,0.0,0.0,0.0,0.0,0.0,0.0,0.0,0,-107875648.0,69,0.0,138,0.0,0.0,0,13107,17040,13107,17049,13107,17043,0,0,0,70,68,100,2.7302359370752657e+23,71.1,0.0,74.2,2.7302370179391762e+23,74.0,1,49,50,180,13107,52429,0,0,0.0,0.0,0.0,0.0,-0.0,67.0,0.0,162057.094,0.0,751,0,739,0,0,0,721,0,766,0,736,0,742,0,742,0,712,0,7520,0.032,79456894976.0,0.0,0.0,784,16797,-0.0,162057.094,-114818.039,-0.0,0.133,6.909358625270745e+28,30.0,65.0,35,0.0,0.0,0.0,0.0,0.0,0.0,0.0,0.0,0.0,0.0,0.0,0.0,0.0,0.0,0.0,0.0,69.2,0,150,71,55,65476,0,300,0,1,8,20529,65476,0,0,40632,65.0,0.0,0.0,0.0,0.0,0.0
2026-09-04T20:30:20,ERR,ERR,ERR,ERR,ERR,ERR,ERR,ERR,ERR,ERR,ERR,ERR,ERR,ERR,ERR,ERR,ERR,ERR,ERR,ERR,ERR,ERR,ERR,ERR,ERR,ERR,ERR,ERR,ERR,ERR,ERR,ERR,ERR,ERR,ERR,ERR,ERR,ERR,ERR,ERR,ERR,ERR,ERR,ERR,ERR,ERR,ERR,ERR,ERR,ERR,ERR,ERR,ERR,ERR,ERR,ERR,ERR,ERR,ERR,ERR,ERR,ERR,ERR,ERR,ERR,ERR,ERR,ERR,ERR,ERR,ERR,ERR,ERR,ERR,ERR,ERR,ERR,ERR,ERR,ERR,ERR,ERR,ERR,ERR,ERR,ERR,ERR,ERR,ERR,ERR,ERR,ERR,ERR,ERR,ERR,ERR,ERR,ERR,ERR,ERR,ERR,ERR,ERR,ERR,ERR,ERR,ERR,ERR,ERR,ERR,ERR,ERR,ERR,ERR,ERR,ERR,ERR,ERR,ERR,ERR,ERR,ERR,ERR,ERR,ERR,0.0,0.0,0.0,0.0,0.0,1.3936040501711995e+18,7.805,0.0,0,0,4,0,7116,0.0,100,0.0,0.0,0.0,0.0,0.0,0,0,0,0,0.0,0,0,0,0,0,0,0,0,0,0,0,0,0,0,0,0,0,0,0,0,0,0,0,0,0,0,0,0,0,0,0,0,0,31,40,40,71,65476,0,300,0,0,8,21553,0.0,-107605600.0,0.0,0.0,0.0,0.0,0.0,0.0,0.0,0.0,0.0,0.0,0.0,0.0,0.0,0.0,0.0,0.0,0.0,0.0,0.0,0.0,-2.004,-0.0,-0.0,-2.004,0.0,0.0,0.0,0.0,6257.0,-0.0,6930.0,0.0,0.0,2.7184303811560617e+23,0.0,0.0,0.0,0.0,0.0,69,0.0,126840946688.0,0.0,0.0,0.0,0.0,0.0,0.0,0.0,0,0,0,0.0,0.0,0.0,0.0,0.0,0.0,0.0,0.0,0.0,0.0,0.0,0.0,0.0,0.0,0.0,0.0,0,-107875648.0,69,0.0,138,0.0,0.0,0,13107,17040,13107,17049,13107,17043,0,0,0,70,68,100,2.7302359370752657e+23,71.2,0.0,74.2,2.7302370179391762e+23,74.0,1,49,50,180,0,52429,0,0,0.0,0.0,0.0,0.0,-0.0,67.0,0.0,162057.094,0.0,751,0,739,0,0,0,721,0,766,0,736,0,742,0,741,0,712,0,7520,0.032,78920024064.0,0.0,0.0,784,16797,-0.0,162057.094,-114818.039,-0.0,0.133,6.909358625270745e+28,30.0,65.0,35,0.0,0.0,0.0,0.0,0.0,0.0,0.0,0.0,0.0,0.0,0.0,0.0,0.0,0.0,0.0,0.0,69.2,0,150,71,55,65476,0,300,0,1,8,20529,65476,0,0,40632,65.0,0.0,0.0,0.0,0.0,0.0
2026-09-04T20:30:21,ERR,ERR,ERR,ERR,ERR,ERR,ERR,ERR,ERR,ERR,ERR,ERR,ERR,ERR,ERR,ERR,ERR,ERR,ERR,ERR,ERR,ERR,ERR,ERR,ERR,ERR,ERR,ERR,ERR,ERR,ERR,ERR,ERR,ERR,ERR,ERR,ERR,ERR,ERR,ERR,ERR,ERR,ERR,ERR,ERR,ERR,ERR,ERR,ERR,ERR,ERR,ERR,ERR,ERR,ERR,ERR,ERR,ERR,ERR,ERR,ERR,ERR,ERR,ERR,ERR,ERR,ERR,ERR,ERR,ERR,ERR,ERR,ERR,ERR,ERR,ERR,ERR,ERR,ERR,ERR,ERR,ERR,ERR,ERR,ERR,ERR,ERR,ERR,ERR,ERR,ERR,ERR,ERR,ERR,ERR,ERR,ERR,ERR,ERR,ERR,ERR,ERR,ERR,ERR,ERR,ERR,ERR,ERR,ERR,ERR,ERR,ERR,ERR,ERR,ERR,ERR,ERR,ERR,ERR,ERR,ERR,ERR,ERR,ERR,ERR,0.0,0.0,0.0,0.0,0.0,1.3936040501711995e+18,7.805,0.0,0,0,4,0,7116,0.0,100,0.0,0.0,0.0,0.0,0.0,0,0,0,0,0.0,0,0,0,0,0,0,0,0,0,0,0,0,0,0,0,0,0,0,0,0,0,0,0,0,0,0,0,0,0,0,0,0,0,31,40,40,71,65476,0,300,0,0,8,21553,0.0,-107605600.0,0.0,0.0,0.0,0.0,0.0,0.0,0.0,0.0,0.0,0.0,0.0,0.0,0.0,0.0,0.0,0.0,0.0,0.0,0.0,0.0,-2.004,-0.0,-0.0,-2.004,0.0,0.0,0.0,0.0,6257.0,-0.0,6930.0,0.0,0.0,2.7184303811560617e+23,0.0,0.0,0.0,0.0,0.0,69,0.0,126840946688.0,0.0,0.0,0.0,0.0,0.0,0.0,0.0,0,0,0,0.0,0.0,0.0,0.0,0.0,0.0,0.0,0.0,0.0,0.0,0.0,0.0,0.0,0.0,0.0,0.0,0,-107875648.0,69,0.0,138,0.0,0.0,0,13107,17040,13107,17049,13107,17043,0,0,0,70,68,100,2.7302359370752657e+23,71.2,0.0,74.2,2.7302370179391762e+23,74.0,1,49,50,180,0,52429,0,0,0.0,0.0,0.0,0.0,-0.0,67.0,0.0,162057.094,0.0,751,0,739,0,0,0,721,0,766,0,736,0,742,0,741,0,712,0,7520,0.032,78920024064.0,0.0,0.0,784,16797,-0.0,162057.094,-114818.039,-0.0,0.133,6.909358625270745e+28,30.0,65.0,35,0.0,0.0,0.0,0.0,0.0,0.0,0.0,0.0,0.0,0.0,0.0,0.0,0.0,0.0,0.0,0.0,69.6,0,150,71,55,65476,0,300,0,1,8,20529,65476,0,0,40632,65.0,0.0,0.0,0.0,0.0,0.0
2026-09-04T20:30:22,ERR,ERR,ERR,ERR,ERR,ERR,ERR,ERR,ERR,ERR,ERR,ERR,ERR,ERR,ERR,ERR,ERR,ERR,ERR,ERR,ERR,ERR,ERR,ERR,ERR,ERR,ERR,ERR,ERR,ERR,ERR,ERR,ERR,ERR,ERR,ERR,ERR,ERR,ERR,ERR,ERR,ERR,ERR,ERR,ERR,ERR,ERR,ERR,ERR,ERR,ERR,ERR,ERR,ERR,ERR,ERR,ERR,ERR,ERR,ERR,ERR,ERR,ERR,ERR,ERR,ERR,ERR,ERR,ERR,ERR,ERR,ERR,ERR,ERR,ERR,ERR,ERR,ERR,ERR,ERR,ERR,ERR,ERR,ERR,ERR,ERR,ERR,ERR,ERR,ERR,ERR,ERR,ERR,ERR,ERR,ERR,ERR,ERR,ERR,ERR,ERR,ERR,ERR,ERR,ERR,ERR,ERR,ERR,ERR,ERR,ERR,ERR,ERR,ERR,ERR,ERR,ERR,ERR,ERR,ERR,ERR,ERR,ERR,ERR,ERR,0.0,0.0,0.0,0.0,0.0,1.3936040501711995e+18,7.805,0.0,0,0,4,0,7116,0.0,100,0.0,0.0,0.0,0.0,0.0,0,0,0,0,0.0,0,0,0,0,0,0,0,0,0,0,0,0,0,0,0,0,0,0,0,0,0,0,0,0,0,0,0,0,0,0,0,0,0,31,40,40,71,65476,0,300,0,0,8,21553,0.0,-107605600.0,0.0,0.0,0.0,0.0,0.0,0.0,0.0,0.0,0.0,0.0,0.0,0.0,0.0,0.0,0.0,0.0,0.0,0.0,0.0,0.0,-2.004,-0.0,-0.0,-2.004,0.0,0.0,0.0,0.0,6257.0,-0.0,6930.0,0.0,0.0,2.7184303811560617e+23,0.0,0.0,0.0,0.0,0.0,69,0.0,126840946688.0,0.0,0.0,0.0,0.0,0.0,0.0,0.0,0,0,0,0.0,0.0,0.0,0.0,0.0,0.0,0.0,0.0,0.0,0.0,0.0,0.0,0.0,0.0,0.0,0.0,0,-107875648.0,69,0.0,138,0.0,0.0,0,13107,17040,13107,17049,13107,17043,0,0,0,70,68,100,2.7302359370752657e+23,71.2,0.0,74.2,2.7302370179391762e+23,74.0,1,49,50,180,0,52429,0,0,0.0,0.0,0.0,0.0,-0.0,67.0,0.0,162057.094,0.0,751,0,739,0,0,0,721,0,766,0,736,0,742,0,741,0,712,0,7520,0.032,78920024064.0,0.0,0.0,784,16797,-0.0,162057.094,-114818.039,-0.0,0.133,6.909358625270745e+28,30.0,65.0,35,0.0,0.0,0.0,0.0,0.0,0.0,0.0,0.0,0.0,0.0,0.0,0.0,0.0,0.0,0.0,0.0,69.6,0,150,71,55,65476,0,300,0,1,8,20529,65476,0,0,40632,65.0,0.0,0.0,0.0,0.0,0.0
2026-09-04T20:30:23,ERR,ERR,ERR,ERR,ERR,ERR,ERR,ERR,ERR,ERR,ERR,ERR,ERR,ERR,ERR,ERR,ERR,ERR,ERR,ERR,ERR,ERR,ERR,ERR,ERR,ERR,ERR,ERR,ERR,ERR,ERR,ERR,ERR,ERR,ERR,ERR,ERR,ERR,ERR,ERR,ERR,ERR,ERR,ERR,ERR,ERR,ERR,ERR,ERR,ERR,ERR,ERR,ERR,ERR,ERR,ERR,ERR,ERR,ERR,ERR,ERR,ERR,ERR,ERR,ERR,ERR,ERR,ERR,ERR,ERR,ERR,ERR,ERR,ERR,ERR,ERR,ERR,ERR,ERR,ERR,ERR,ERR,ERR,ERR,ERR,ERR,ERR,ERR,ERR,ERR,ERR,ERR,ERR,ERR,ERR,ERR,ERR,ERR,ERR,ERR,ERR,ERR,ERR,ERR,ERR,ERR,ERR,ERR,ERR,ERR,ERR,ERR,ERR,ERR,ERR,ERR,ERR,ERR,ERR,ERR,ERR,ERR,ERR,ERR,ERR,0.0,0.0,0.0,0.0,0.0,1.3936040501711995e+18,7.805,0.0,0,0,4,0,7116,0.0,100,0.0,0.0,0.0,0.0,0.0,0,0,0,0,0.0,0,0,0,0,0,0,0,0,0,0,0,0,0,0,0,0,0,0,0,0,0,0,0,0,0,0,0,0,0,0,0,0,0,31,40,40,71,65476,0,300,0,0,8,21553,0.0,-107605600.0,0.0,0.0,0.0,0.0,0.0,0.0,0.0,0.0,0.0,0.0,0.0,0.0,0.0,0.0,0.0,0.0,0.0,0.0,0.0,0.0,-2.004,-0.0,-0.0,-2.004,0.0,0.0,0.0,0.0,6256.0,-131351.047,6937.0,0.0,0.0,2.7184303811560617e+23,0.0,0.0,0.0,0.0,0.0,69,0.0,-0.0,0.0,0.0,0.0,0.0,0.0,0.0,0.0,0,0,0,0.0,0.0,0.0,0.0,0.0,0.0,0.0,0.0,0.0,0.0,0.0,0.0,0.0,0.0,0.0,0.0,0,-107875648.0,69,0.0,138,0.0,0.0,0,13107,17040,13107,17049,13107,17043,0,0,0,70,68,100,2.7302359370752657e+23,71.2,0.0,74.2,2.7302370179391762e+23,74.0,1,49,50,180,0,52429,0,0,0.0,0.0,0.0,0.0,-0.0,67.0,0.0,162057.094,0.0,751,0,739,0,0,0,721,0,766,0,736,0,742,0,741,0,712,0,7520,0.032,78920024064.0,0.0,0.0,784,16797,-0.0,162057.094,-114818.039,-0.0,0.133,6.909358625270745e+28,30.0,65.0,35,0.0,0.0,0.0,0.0,0.0,0.0,0.0,0.0,0.0,0.0,0.0,0.0,0.0,0.0,0.0,0.0,69.2,0,150,71,55,65476,0,300,0,1,8,20529,65476,0,0,40632,65.0,0.0,0.0,0.0,0.0,0.0
2026-09-04T20:30:24,ERR,ERR,ERR,ERR,ERR,ERR,ERR,ERR,ERR,ERR,ERR,ERR,ERR,ERR,ERR,ERR,ERR,ERR,ERR,ERR,ERR,ERR,ERR,ERR,ERR,ERR,ERR,ERR,ERR,ERR,ERR,ERR,ERR,ERR,ERR,ERR,ERR,ERR,ERR,ERR,ERR,ERR,ERR,ERR,ERR,ERR,ERR,ERR,ERR,ERR,ERR,ERR,ERR,ERR,ERR,ERR,ERR,ERR,ERR,ERR,ERR,ERR,ERR,ERR,ERR,ERR,ERR,ERR,ERR,ERR,ERR,ERR,ERR,ERR,ERR,ERR,ERR,ERR,ERR,ERR,ERR,ERR,ERR,ERR,ERR,ERR,ERR,ERR,ERR,ERR,ERR,ERR,ERR,ERR,ERR,ERR,ERR,ERR,ERR,ERR,ERR,ERR,ERR,ERR,ERR,ERR,ERR,ERR,ERR,ERR,ERR,ERR,ERR,ERR,ERR,ERR,ERR,ERR,ERR,ERR,ERR,ERR,ERR,ERR,ERR,0.0,0.0,0.0,0.0,0.0,1.3936040501711995e+18,7.805,0.0,0,0,4,0,7116,0.0,100,0.0,0.0,0.0,0.0,0.0,0,0,0,0,0.0,0,0,0,0,0,0,0,0,0,0,0,0,0,0,0,0,0,0,0,0,0,0,0,0,0,0,0,0,0,0,0,0,0,31,40,40,71,65476,0,300,0,0,8,21553,0.0,-107605600.0,0.0,0.0,0.0,0.0,0.0,0.0,0.0,0.0,0.0,0.0,0.0,0.0,0.0,0.0,0.0,0.0,0.0,0.0,0.0,0.0,-2.004,-0.0,-0.0,-2.004,0.0,0.0,0.0,0.0,6256.0,-131351.047,6937.0,0.0,0.0,2.7184303811560617e+23,0.0,0.0,0.0,0.0,0.0,69,0.0,-0.0,0.0,0.0,0.0,0.0,0.0,0.0,0.0,0,0,0,0.0,0.0,0.0,0.0,0.0,0.0,0.0,0.0,0.0,0.0,0.0,0.0,0.0,0.0,0.0,0.0,0,-107875648.0,69,0.0,138,0.0,0.0,0,13107,17040,13107,17049,13107,17043,0,0,0,70,68,100,2.7302359370752657e+23,71.2,0.0,74.2,2.7302370179391762e+23,74.0,1,49,50,180,0,52429,0,0,0.0,0.0,0.0,0.0,-0.0,67.0,0.0,162057.094,0.0,751,0,739,0,0,0,721,0,766,0,736,0,742,0,741,0,712,0,7520,0.032,78920024064.0,0.0,0.0,784,16797,-0.0,162057.094,-114818.039,-0.0,0.133,6.909358625270745e+28,30.0,65.0,35,0.0,0.0,0.0,0.0,0.0,0.0,0.0,0.0,0.0,0.0,0.0,0.0,0.0,0.0,0.0,0.0,69.2,0,150,71,55,65476,0,300,0,1,8,20529,65476,0,0,40632,65.0,0.0,0.0,0.0,0.0,0.0
2026-09-04T20:30:25,ERR,ERR,ERR,ERR,ERR,ERR,ERR,ERR,ERR,ERR,ERR,ERR,ERR,ERR,ERR,ERR,ERR,ERR,ERR,ERR,ERR,ERR,ERR,ERR,ERR,ERR,ERR,ERR,ERR,ERR,ERR,ERR,ERR,ERR,ERR,ERR,ERR,ERR,ERR,ERR,ERR,ERR,ERR,ERR,ERR,ERR,ERR,ERR,ERR,ERR,ERR,ERR,ERR,ERR,ERR,ERR,ERR,ERR,ERR,ERR,ERR,ERR,ERR,ERR,ERR,ERR,ERR,ERR,ERR,ERR,ERR,ERR,ERR,ERR,ERR,ERR,ERR,ERR,ERR,ERR,ERR,ERR,ERR,ERR,ERR,ERR,ERR,ERR,ERR,ERR,ERR,ERR,ERR,ERR,ERR,ERR,ERR,ERR,ERR,ERR,ERR,ERR,ERR,ERR,ERR,ERR,ERR,ERR,ERR,ERR,ERR,ERR,ERR,ERR,ERR,ERR,ERR,ERR,ERR,ERR,ERR,ERR,ERR,ERR,ERR,0.0,0.0,0.0,0.0,0.0,1.3936040501711995e+18,7.805,0.0,0,0,4,0,7116,0.0,100,0.0,0.0,0.0,0.0,0.0,0,0,0,0,0.0,0,0,0,0,0,0,0,0,0,0,0,0,0,0,0,0,0,0,0,0,0,0,0,0,0,0,0,0,0,0,0,0,0,31,40,40,71,65476,0,300,0,0,8,21553,0.0,-107605600.0,0.0,0.0,0.0,0.0,0.0,0.0,0.0,0.0,0.0,0.0,0.0,0.0,0.0,0.0,0.0,0.0,0.0,0.0,0.0,0.0,-2.004,-0.0,-0.0,-2.004,0.0,0.0,0.0,0.0,6256.0,-131351.047,6937.0,0.0,0.0,2.7184303811560617e+23,0.0,0.0,0.0,0.0,0.0,69,0.0,-0.0,0.0,0.0,0.0,0.0,0.0,0.0,0.0,0,0,0,0.0,0.0,0.0,0.0,0.0,0.0,0.0,0.0,0.0,0.0,0.0,0.0,0.0,0.0,0.0,0.0,0,-107875648.0,69,0.0,138,0.0,0.0,0,13107,17040,13107,17049,13107,17043,0,0,0,70,68,100,2.7302359370752657e+23,71.2,0.0,74.2,2.7302370179391762e+23,74.0,1,49,50,180,0,52429,0,0,0.0,0.0,0.0,0.0,-0.0,67.0,0.0,162057.094,0.0,751,0,739,0,0,0,721,0,766,0,736,0,742,0,741,0,712,0,7520,0.032,78920024064.0,0.0,0.0,784,16797,-0.0,162057.094,-114818.039,-0.0,0.133,6.909358625270745e+28,30.0,65.0,35,0.0,0.0,0.0,0.0,0.0,0.0,0.0,0.0,0.0,0.0,0.0,0.0,0.0,0.0,0.0,0.0,69.2,0,150,71,55,65476,0,300,0,1,8,20529,65476,0,0,40632,65.0,0.0,0.0,0.0,0.0,0.0
2026-09-04T20:30:26,ERR,ERR,ERR,ERR,ERR,ERR,ERR,ERR,ERR,ERR,ERR,ERR,ERR,ERR,ERR,ERR,ERR,ERR,ERR,ERR,ERR,ERR,ERR,ERR,ERR,ERR,ERR,ERR,ERR,ERR,ERR,ERR,ERR,ERR,ERR,ERR,ERR,ERR,ERR,ERR,ERR,ERR,ERR,ERR,ERR,ERR,ERR,ERR,ERR,ERR,ERR,ERR,ERR,ERR,ERR,ERR,ERR,ERR,ERR,ERR,ERR,ERR,ERR,ERR,ERR,ERR,ERR,ERR,ERR,ERR,ERR,ERR,ERR,ERR,ERR,ERR,ERR,ERR,ERR,ERR,ERR,ERR,ERR,ERR,ERR,ERR,ERR,ERR,ERR,ERR,ERR,ERR,ERR,ERR,ERR,ERR,ERR,ERR,ERR,ERR,ERR,ERR,ERR,ERR,ERR,ERR,ERR,ERR,ERR,ERR,ERR,ERR,ERR,ERR,ERR,ERR,ERR,ERR,ERR,ERR,ERR,ERR,ERR,ERR,ERR,0.0,0.0,0.0,0.0,0.0,1.3936040501711995e+18,7.805,0.0,0,0,4,0,7116,0.0,100,0.0,0.0,0.0,0.0,0.0,0,0,0,0,0.0,0,0,0,0,0,0,0,0,0,0,0,0,0,0,0,0,0,0,0,0,0,0,0,0,0,0,0,0,0,0,0,0,0,31,40,40,71,65476,0,300,0,0,8,21553,0.0,-107605600.0,0.0,0.0,0.0,0.0,0.0,0.0,0.0,0.0,0.0,0.0,0.0,0.0,0.0,0.0,0.0,0.0,0.0,0.0,0.0,0.0,-2.004,-0.0,-0.0,-2.004,0.0,0.0,0.0,0.0,6256.0,-131351.047,6937.0,0.0,0.0,2.7184303811560617e+23,0.0,0.0,0.0,0.0,0.0,69,0.0,-0.0,0.0,0.0,0.0,0.0,0.0,0.0,0.0,0,0,0,0.0,0.0,0.0,0.0,0.0,0.0,0.0,0.0,0.0,0.0,0.0,0.0,0.0,0.0,0.0,0.0,0,-107875648.0,69,0.0,138,0.0,0.0,0,13107,17040,13107,17049,13107,17043,0,0,0,70,68,100,2.7302359370752657e+23,71.1,0.0,74.2,2.7302370179391762e+23,74.0,1,49,50,180,0,52429,0,0,0.0,0.0,0.0,0.0,-0.0,67.0,0.0,162057.094,0.0,751,0,739,0,0,0,721,0,766,0,736,0,742,0,742,0,712,0,7520,0.032,79456894976.0,0.0,0.0,784,16797,-0.0,162057.094,-114818.039,-0.0,0.133,6.909358625270745e+28,30.0,65.0,35,0.0,0.0,0.0,0.0,0.0,0.0,0.0,0.0,0.0,0.0,0.0,0.0,0.0,0.0,0.0,0.0,69.2,0,150,71,55,65476,0,300,0,1,8,20529,65476,0,0,40632,65.0,0.0,0.0,0.0,0.0,0.0
2026-09-04T20:30:27,ERR,ERR,ERR,ERR,ERR,ERR,ERR,ERR,ERR,ERR,ERR,ERR,ERR,ERR,ERR,ERR,ERR,ERR,ERR,ERR,ERR,ERR,ERR,ERR,ERR,ERR,ERR,ERR,ERR,ERR,ERR,ERR,ERR,ERR,ERR,ERR,ERR,ERR,ERR,ERR,ERR,ERR,ERR,ERR,ERR,ERR,ERR,ERR,ERR,ERR,ERR,ERR,ERR,ERR,ERR,ERR,ERR,ERR,ERR,ERR,ERR,ERR,ERR,ERR,ERR,ERR,ERR,ERR,ERR,ERR,ERR,ERR,ERR,ERR,ERR,ERR,ERR,ERR,ERR,ERR,ERR,ERR,ERR,ERR,ERR,ERR,ERR,ERR,ERR,ERR,ERR,ERR,ERR,ERR,ERR,ERR,ERR,ERR,ERR,ERR,ERR,ERR,ERR,ERR,ERR,ERR,ERR,ERR,ERR,ERR,ERR,ERR,ERR,ERR,ERR,ERR,ERR,ERR,ERR,ERR,ERR,ERR,ERR,ERR,ERR,0.0,0.0,0.0,0.0,0.0,1.3936040501711995e+18,7.805,0.0,0,0,4,0,7116,0.0,100,0.0,0.0,0.0,0.0,0.0,0,0,0,0,0.0,0,0,0,0,0,0,0,0,0,0,0,0,0,0,0,0,0,0,0,0,0,0,0,0,0,0,0,0,0,0,0,0,0,31,40,40,71,65476,0,300,0,0,8,21553,0.0,-107605600.0,0.0,0.0,0.0,0.0,0.0,0.0,0.0,0.0,0.0,0.0,0.0,0.0,0.0,0.0,0.0,0.0,0.0,0.0,0.0,0.0,-2.004,-0.0,-0.0,-2.004,0.0,0.0,0.0,0.0,6256.0,-131351.047,6937.0,0.0,0.0,2.7184303811560617e+23,0.0,0.0,0.0,0.0,0.0,69,0.0,-0.0,0.0,0.0,0.0,0.0,0.0,0.0,0.0,0,0,0,0.0,0.0,0.0,0.0,0.0,0.0,0.0,0.0,0.0,0.0,0.0,0.0,0.0,0.0,0.0,0.0,0,-107875648.0,69,0.0,138,0.0,0.0,0,13107,17040,13107,17049,13107,17043,0,0,0,70,68,100,2.7302359370752657e+23,71.1,0.0,74.2,2.7302370179391762e+23,74.0,1,49,50,180,0,52429,0,0,0.0,0.0,0.0,0.0,-0.0,67.0,0.0,162057.094,0.0,751,0,739,0,0,0,721,0,766,0,736,0,742,0,742,0,712,0,7520,0.032,79456894976.0,0.0,0.0,784,16797,-0.0,162057.094,-114818.039,-0.0,0.133,6.909358625270745e+28,30.0,65.0,35,0.0,0.0,0.0,0.0,0.0,0.0,0.0,0.0,0.0,0.0,0.0,0.0,0.0,0.0,0.0,0.0,69.2,0,150,71,55,65476,0,300,0,1,8,20529,65476,0,0,40632,65.0,0.0,0.0,0.0,0.0,0.0
2026-09-04T20:30:28,ERR,ERR,ERR,ERR,ERR,ERR,ERR,ERR,ERR,ERR,ERR,ERR,ERR,ERR,ERR,ERR,ERR,ERR,ERR,ERR,ERR,ERR,ERR,ERR,ERR,ERR,ERR,ERR,ERR,ERR,ERR,ERR,ERR,ERR,ERR,ERR,ERR,ERR,ERR,ERR,ERR,ERR,ERR,ERR,ERR,ERR,ERR,ERR,ERR,ERR,ERR,ERR,ERR,ERR,ERR,ERR,ERR,ERR,ERR,ERR,ERR,ERR,ERR,ERR,ERR,ERR,ERR,ERR,ERR,ERR,ERR,ERR,ERR,ERR,ERR,ERR,ERR,ERR,ERR,ERR,ERR,ERR,ERR,ERR,ERR,ERR,ERR,ERR,ERR,ERR,ERR,ERR,ERR,ERR,ERR,ERR,ERR,ERR,ERR,ERR,ERR,ERR,ERR,ERR,ERR,ERR,ERR,ERR,ERR,ERR,ERR,ERR,ERR,ERR,ERR,ERR,ERR,ERR,ERR,ERR,ERR,ERR,ERR,ERR,ERR,0.0,0.0,0.0,0.0,0.0,1.3936040501711995e+18,7.805,0.0,0,0,4,0,7116,0.0,100,0.0,0.0,0.0,0.0,0.0,0,0,0,0,0.0,0,0,0,0,0,0,0,0,0,0,0,0,0,0,0,0,0,0,0,0,0,0,0,0,0,0,0,0,0,0,0,0,0,31,40,40,71,65476,0,300,0,0,8,21553,0.0,-107605600.0,0.0,0.0,0.0,0.0,0.0,0.0,0.0,0.0,0.0,0.0,0.0,0.0,0.0,0.0,0.0,0.0,0.0,0.0,0.0,0.0,-2.004,-0.0,-0.0,-2.004,0.0,0.0,0.0,0.0,6256.0,-131351.047,6937.0,0.0,0.0,2.7184303811560617e+23,0.0,0.0,0.0,0.0,0.0,69,0.0,-0.0,0.0,0.0,0.0,0.0,0.0,0.0,0.0,0,0,0,0.0,0.0,0.0,0.0,0.0,0.0,0.0,0.0,0.0,0.0,0.0,0.0,0.0,0.0,0.0,0.0,0,-107875648.0,69,0.0,138,0.0,0.0,0,13107,17040,13107,17049,13107,17043,0,0,0,70,68,100,2.7302359370752657e+23,71.1,0.0,74.2,2.7302370179391762e+23,74.0,1,49,50,180,0,52429,0,0,0.0,0.0,0.0,0.0,-0.0,67.0,0.0,162057.094,0.0,751,0,739,0,0,0,721,0,766,0,736,0,742,0,742,0,712,0,7520,0.032,79456894976.0,0.0,0.0,784,16797,-0.0,162057.094,-114818.039,-0.0,0.133,6.909358625270745e+28,30.0,65.0,35,0.0,0.0,0.0,0.0,0.0,0.0,0.0,0.0,0.0,0.0,0.0,0.0,0.0,0.0,0.0,0.0,69.6,0,150,71,55,65476,0,300,0,1,8,20529,65476,0,0,40632,65.0,0.0,0.0,0.0,0.0,0.0
2026-09-04T20:30:29,ERR,ERR,ERR,ERR,ERR,ERR,ERR,ERR,ERR,ERR,ERR,ERR,ERR,ERR,ERR,ERR,ERR,ERR,ERR,ERR,ERR,ERR,ERR,ERR,ERR,ERR,ERR,ERR,ERR,ERR,ERR,ERR,ERR,ERR,ERR,ERR,ERR,ERR,ERR,ERR,ERR,ERR,ERR,ERR,ERR,ERR,ERR,ERR,ERR,ERR,ERR,ERR,ERR,ERR,ERR,ERR,ERR,ERR,ERR,ERR,ERR,ERR,ERR,ERR,ERR,ERR,ERR,ERR,ERR,ERR,ERR,ERR,ERR,ERR,ERR,ERR,ERR,ERR,ERR,ERR,ERR,ERR,ERR,ERR,ERR,ERR,ERR,ERR,ERR,ERR,ERR,ERR,ERR,ERR,ERR,ERR,ERR,ERR,ERR,ERR,ERR,ERR,ERR,ERR,ERR,ERR,ERR,ERR,ERR,ERR,ERR,ERR,ERR,ERR,ERR,ERR,ERR,ERR,ERR,ERR,ERR,ERR,ERR,ERR,ERR,0.0,0.0,0.0,0.0,0.0,1.3936040501711995e+18,7.805,0.0,0,0,4,0,7116,0.0,100,0.0,0.0,0.0,0.0,0.0,0,0,0,0,0.0,0,0,0,0,0,0,0,0,0,0,0,0,0,0,0,0,0,0,0,0,0,0,0,0,0,0,0,0,0,0,0,0,0,31,40,40,71,65476,0,300,0,0,8,21553,0.0,-107605600.0,0.0,0.0,0.0,0.0,0.0,0.0,0.0,0.0,0.0,0.0,0.0,0.0,0.0,0.0,0.0,0.0,0.0,0.0,0.0,0.0,-2.004,-0.0,-0.0,-2.004,0.0,0.0,0.0,0.0,6256.0,-131351.047,6937.0,0.0,0.0,2.7184303811560617e+23,0.0,0.0,0.0,0.0,0.0,69,0.0,-0.0,0.0,0.0,0.0,0.0,0.0,0.0,0.0,0,0,0,0.0,0.0,0.0,0.0,0.0,0.0,0.0,0.0,0.0,0.0,0.0,0.0,0.0,0.0,0.0,0.0,0,-107875648.0,69,0.0,138,0.0,0.0,0,13107,17040,13107,17049,13107,17043,0,0,0,70,68,100,2.7302359370752657e+23,71.1,0.0,74.2,2.7302370179391762e+23,74.0,1,49,50,180,0,52429,0,0,0.0,0.0,0.0,0.0,-0.0,67.0,0.0,162057.094,0.0,751,0,739,0,0,0,721,0,766,0,736,0,742,0,742,0,712,0,7520,0.032,79456894976.0,0.0,0.0,784,16797,-0.0,162057.094,-114818.039,-0.0,0.133,6.909358625270745e+28,30.0,65.0,35,0.0,0.0,0.0,0.0,0.0,0.0,0.0,0.0,0.0,0.0,0.0,0.0,0.0,0.0,0.0,0.0,69.6,0,150,71,55,65476,0,300,0,1,8,20529,65476,0,0,40632,65.0,0.0,0.0,0.0,0.0,0.0
2026-09-04T20:30:30,ERR,ERR,ERR,ERR,ERR,ERR,ERR,ERR,ERR,ERR,ERR,ERR,ERR,ERR,ERR,ERR,ERR,ERR,ERR,ERR,ERR,ERR,ERR,ERR,ERR,ERR,ERR,ERR,ERR,ERR,ERR,ERR,ERR,ERR,ERR,ERR,ERR,ERR,ERR,ERR,ERR,ERR,ERR,ERR,ERR,ERR,ERR,ERR,ERR,ERR,ERR,ERR,ERR,ERR,ERR,ERR,ERR,ERR,ERR,ERR,ERR,ERR,ERR,ERR,ERR,ERR,ERR,ERR,ERR,ERR,ERR,ERR,ERR,ERR,ERR,ERR,ERR,ERR,ERR,ERR,ERR,ERR,ERR,ERR,ERR,ERR,ERR,ERR,ERR,ERR,ERR,ERR,ERR,ERR,ERR,ERR,ERR,ERR,ERR,ERR,ERR,ERR,ERR,ERR,ERR,ERR,ERR,ERR,ERR,ERR,ERR,ERR,ERR,ERR,ERR,ERR,ERR,ERR,ERR,ERR,ERR,ERR,ERR,ERR,ERR,0.0,0.0,0.0,0.0,0.0,1.3936040501711995e+18,7.805,0.0,0,0,4,0,7116,0.0,100,0.0,0.0,0.0,0.0,0.0,0,0,0,0,0.0,0,0,0,0,0,0,0,0,0,0,0,0,0,0,0,0,0,0,0,0,0,0,0,0,0,0,0,0,0,0,0,0,0,31,40,40,71,65476,0,300,0,0,8,21553,0.0,-107605600.0,0.0,0.0,0.0,0.0,0.0,0.0,0.0,0.0,0.0,0.0,0.0,0.0,0.0,0.0,0.0,0.0,0.0,0.0,0.0,0.0,-2.004,-0.0,-0.0,-2.004,0.0,0.0,0.0,0.0,6292.0,-0.0,6935.0,0.0,0.0,2.7184303811560617e+23,0.0,0.0,0.0,0.0,0.0,69,0.0,-107615192.0,0.0,0.0,0.0,0.0,0.0,0.0,0.0,0,0,0,0.0,0.0,0.0,0.0,0.0,0.0,0.0,0.0,0.0,0.0,0.0,0.0,0.0,0.0,0.0,0.0,0,-107875648.0,69,0.0,138,0.0,0.0,0,13107,17040,13107,17049,13107,17043,0,0,0,70,68,100,2.7302359370752657e+23,71.1,0.0,74.2,2.7302370179391762e+23,74.0,1,49,50,180,0,52429,0,0,0.0,0.0,0.0,0.0,-0.0,67.0,0.0,162057.094,0.0,751,0,739,0,0,0,721,0,766,0,736,0,742,0,742,0,712,0,7520,0.032,79456894976.0,0.0,0.0,784,16797,-0.0,162057.094,-114818.039,-0.0,0.133,6.909358625270745e+28,30.0,65.0,35,0.0,0.0,0.0,0.0,0.0,0.0,0.0,0.0,0.0,0.0,0.0,0.0,0.0,0.0,0.0,0.0,69.6,0,150,71,55,65476,0,300,0,1,8,20529,65476,0,0,40632,65.0,0.0,0.0,0.0,0.0,0.0
2026-09-04T20:30:31,ERR,ERR,ERR,ERR,ERR,ERR,ERR,ERR,ERR,ERR,ERR,ERR,ERR,ERR,ERR,ERR,ERR,ERR,ERR,ERR,ERR,ERR,ERR,ERR,ERR,ERR,ERR,ERR,ERR,ERR,ERR,ERR,ERR,ERR,ERR,ERR,ERR,ERR,ERR,ERR,ERR,ERR,ERR,ERR,ERR,ERR,ERR,ERR,ERR,ERR,ERR,ERR,ERR,ERR,ERR,ERR,ERR,ERR,ERR,ERR,ERR,ERR,ERR,ERR,ERR,ERR,ERR,ERR,ERR,ERR,ERR,ERR,ERR,ERR,ERR,ERR,ERR,ERR,ERR,ERR,ERR,ERR,ERR,ERR,ERR,ERR,ERR,ERR,ERR,ERR,ERR,ERR,ERR,ERR,ERR,ERR,ERR,ERR,ERR,ERR,ERR,ERR,ERR,ERR,ERR,ERR,ERR,ERR,ERR,ERR,ERR,ERR,ERR,ERR,ERR,ERR,ERR,ERR,ERR,ERR,ERR,ERR,ERR,ERR,ERR,0.0,0.0,0.0,0.0,0.0,1.3936040501711995e+18,7.805,0.0,0,0,4,0,7116,0.0,100,0.0,0.0,0.0,0.0,0.0,0,0,0,0,0.0,0,0,0,0,0,0,0,0,0,0,0,0,0,0,0,0,0,0,0,0,0,0,0,0,0,0,0,0,0,0,0,0,0,31,40,40,71,65476,0,300,0,0,8,21553,0.0,-107605600.0,0.0,0.0,0.0,0.0,0.0,0.0,0.0,0.0,0.0,0.0,0.0,0.0,0.0,0.0,0.0,0.0,0.0,0.0,0.0,0.0,-2.004,-0.0,-0.0,-2.004,0.0,0.0,0.0,0.0,6292.0,-0.0,6935.0,0.0,0.0,2.7184303811560617e+23,0.0,0.0,0.0,0.0,0.0,69,0.0,-107615192.0,0.0,0.0,0.0,0.0,0.0,0.0,0.0,0,0,0,0.0,0.0,0.0,0.0,0.0,0.0,0.0,0.0,0.0,0.0,0.0,0.0,0.0,0.0,0.0,0.0,0,-107875648.0,69,0.0,138,0.0,0.0,0,13107,17040,13107,17049,13107,17043,0,0,0,70,68,100,2.7302359370752657e+23,71.2,2.7302370179391762e+23,74.2,2.7302370179391762e+23,74.0,1,49,50,180,13107,52429,0,0,0.0,0.0,0.0,0.0,-0.0,67.0,0.0,162057.094,0.0,750,0,739,0,0,0,721,0,766,0,736,0,742,0,741,0,712,0,7520,0.032,78383153152.0,0.0,0.0,784,16797,-0.0,162057.094,-114818.039,-0.0,0.133,6.909358625270745e+28,30.0,65.0,35,0.0,0.0,0.0,0.0,0.0,0.0,0.0,0.0,0.0,0.0,0.0,0.0,0.0,0.0,0.0,0.0,69.6,0,150,71,55,65476,0,300,0,1,8,20529,65476,0,0,40632,65.0,0.0,0.0,0.0,0.0,0.0
2026-09-04T20:30:32,ERR,ERR,ERR,ERR,ERR,ERR,ERR,ERR,ERR,ERR,ERR,ERR,ERR,ERR,ERR,ERR,ERR,ERR,ERR,ERR,ERR,ERR,ERR,ERR,ERR,ERR,ERR,ERR,ERR,ERR,ERR,ERR,ERR,ERR,ERR,ERR,ERR,ERR,ERR,ERR,ERR,ERR,ERR,ERR,ERR,ERR,ERR,ERR,ERR,ERR,ERR,ERR,ERR,ERR,ERR,ERR,ERR,ERR,ERR,ERR,ERR,ERR,ERR,ERR,ERR,ERR,ERR,ERR,ERR,ERR,ERR,ERR,ERR,ERR,ERR,ERR,ERR,ERR,ERR,ERR,ERR,ERR,ERR,ERR,ERR,ERR,ERR,ERR,ERR,ERR,ERR,ERR,ERR,ERR,ERR,ERR,ERR,ERR,ERR,ERR,ERR,ERR,ERR,ERR,ERR,ERR,ERR,ERR,ERR,ERR,ERR,ERR,ERR,ERR,ERR,ERR,ERR,ERR,ERR,ERR,ERR,ERR,ERR,ERR,ERR,0.0,0.0,0.0,0.0,0.0,1.3936040501711995e+18,7.805,0.0,0,0,4,0,7116,0.0,100,0.0,0.0,0.0,0.0,0.0,0,0,0,0,0.0,0,0,0,0,0,0,0,0,0,0,0,0,0,0,0,0,0,0,0,0,0,0,0,0,0,0,0,0,0,0,0,0,0,31,40,40,71,65476,0,300,0,0,8,21553,0.0,-107605600.0,0.0,0.0,0.0,0.0,0.0,0.0,0.0,0.0,0.0,0.0,0.0,0.0,0.0,0.0,0.0,0.0,0.0,0.0,0.0,0.0,-2.004,-0.0,-0.0,-2.004,0.0,0.0,0.0,0.0,6292.0,-0.0,6935.0,0.0,0.0,2.7184303811560617e+23,0.0,0.0,0.0,0.0,0.0,69,0.0,-107615192.0,0.0,0.0,0.0,0.0,0.0,0.0,0.0,0,0,0,0.0,0.0,0.0,0.0,0.0,0.0,0.0,0.0,0.0,0.0,0.0,0.0,0.0,0.0,0.0,0.0,0,-107875648.0,69,0.0,138,0.0,0.0,0,13107,17040,13107,17049,13107,17043,0,0,0,70,68,100,2.7302359370752657e+23,71.2,2.7302370179391762e+23,74.2,2.7302370179391762e+23,74.0,1,49,50,180,13107,52429,0,0,0.0,0.0,0.0,0.0,-0.0,67.0,0.0,162057.094,0.0,750,0,739,0,0,0,721,0,766,0,736,0,742,0,741,0,712,0,7520,0.032,78383153152.0,0.0,0.0,784,16797,-0.0,162057.094,-114818.039,-0.0,0.133,6.909358625270745e+28,30.0,65.0,35,0.0,0.0,0.0,0.0,0.0,0.0,0.0,0.0,0.0,0.0,0.0,0.0,0.0,0.0,0.0,0.0,69.6,0,150,71,55,65476,0,300,0,1,8,20529,65476,0,0,40632,65.0,0.0,0.0,0.0,0.0,0.0
2026-09-04T20:30:33,ERR,ERR,ERR,ERR,ERR,ERR,ERR,ERR,ERR,ERR,ERR,ERR,ERR,ERR,ERR,ERR,ERR,ERR,ERR,ERR,ERR,ERR,ERR,ERR,ERR,ERR,ERR,ERR,ERR,ERR,ERR,ERR,ERR,ERR,ERR,ERR,ERR,ERR,ERR,ERR,ERR,ERR,ERR,ERR,ERR,ERR,ERR,ERR,ERR,ERR,ERR,ERR,ERR,ERR,ERR,ERR,ERR,ERR,ERR,ERR,ERR,ERR,ERR,ERR,ERR,ERR,ERR,ERR,ERR,ERR,ERR,ERR,ERR,ERR,ERR,ERR,ERR,ERR,ERR,ERR,ERR,ERR,ERR,ERR,ERR,ERR,ERR,ERR,ERR,ERR,ERR,ERR,ERR,ERR,ERR,ERR,ERR,ERR,ERR,ERR,ERR,ERR,ERR,ERR,ERR,ERR,ERR,ERR,ERR,ERR,ERR,ERR,ERR,ERR,ERR,ERR,ERR,ERR,ERR,ERR,ERR,ERR,ERR,ERR,ERR,0.0,0.0,0.0,0.0,0.0,1.3936040501711995e+18,7.805,0.0,0,0,4,0,7116,0.0,100,0.0,0.0,0.0,0.0,0.0,0,0,0,0,0.0,0,0,0,0,0,0,0,0,0,0,0,0,0,0,0,0,0,0,0,0,0,0,0,0,0,0,0,0,0,0,0,0,0,31,40,40,71,65476,0,300,0,0,8,21553,0.0,-107605600.0,0.0,0.0,0.0,0.0,0.0,0.0,0.0,0.0,0.0,0.0,0.0,0.0,0.0,0.0,0.0,0.0,0.0,0.0,0.0,0.0,-2.004,-0.0,-0.0,-2.004,0.0,0.0,0.0,0.0,6292.0,-0.0,6935.0,0.0,0.0,2.7184303811560617e+23,0.0,0.0,0.0,0.0,0.0,69,0.0,-107615192.0,0.0,0.0,0.0,0.0,0.0,0.0,0.0,0,0,0,0.0,0.0,0.0,0.0,0.0,0.0,0.0,0.0,0.0,0.0,0.0,0.0,0.0,0.0,0.0,0.0,0,-107875648.0,69,0.0,138,0.0,0.0,0,13107,17040,13107,17049,13107,17043,0,0,0,70,68,100,2.7302359370752657e+23,71.2,2.7302370179391762e+23,74.2,2.7302370179391762e+23,74.0,1,49,50,180,13107,52429,0,0,0.0,0.0,0.0,0.0,-0.0,67.0,0.0,162057.094,0.0,750,0,739,0,0,0,721,0,766,0,736,0,742,0,741,0,712,0,7520,0.032,78383153152.0,0.0,0.0,784,16797,-0.0,162057.094,-114818.039,-0.0,0.133,6.909358625270745e+28,30.0,65.0,35,0.0,0.0,0.0,0.0,0.0,0.0,0.0,0.0,0.0,0.0,0.0,0.0,0.0,0.0,0.0,0.0,69.2,0,150,71,55,65476,0,300,0,1,8,20529,65476,0,0,40632,65.0,0.0,0.0,0.0,0.0,0.0
2026-09-04T20:30:34,ERR,ERR,ERR,ERR,ERR,ERR,ERR,ERR,ERR,ERR,ERR,ERR,ERR,ERR,ERR,ERR,ERR,ERR,ERR,ERR,ERR,ERR,ERR,ERR,ERR,ERR,ERR,ERR,ERR,ERR,ERR,ERR,ERR,ERR,ERR,ERR,ERR,ERR,ERR,ERR,ERR,ERR,ERR,ERR,ERR,ERR,ERR,ERR,ERR,ERR,ERR,ERR,ERR,ERR,ERR,ERR,ERR,ERR,ERR,ERR,ERR,ERR,ERR,ERR,ERR,ERR,ERR,ERR,ERR,ERR,ERR,ERR,ERR,ERR,ERR,ERR,ERR,ERR,ERR,ERR,ERR,ERR,ERR,ERR,ERR,ERR,ERR,ERR,ERR,ERR,ERR,ERR,ERR,ERR,ERR,ERR,ERR,ERR,ERR,ERR,ERR,ERR,ERR,ERR,ERR,ERR,ERR,ERR,ERR,ERR,ERR,ERR,ERR,ERR,ERR,ERR,ERR,ERR,ERR,ERR,ERR,ERR,ERR,ERR,ERR,0.0,0.0,0.0,0.0,0.0,1.3936040501711995e+18,7.805,0.0,0,0,4,0,7116,0.0,100,0.0,0.0,0.0,0.0,0.0,0,0,0,0,0.0,0,0,0,0,0,0,0,0,0,0,0,0,0,0,0,0,0,0,0,0,0,0,0,0,0,0,0,0,0,0,0,0,0,31,40,40,71,65476,0,300,0,0,8,21553,0.0,-107605600.0,0.0,0.0,0.0,0.0,0.0,0.0,0.0,0.0,0.0,0.0,0.0,0.0,0.0,0.0,0.0,0.0,0.0,0.0,0.0,0.0,-2.004,-0.0,-0.0,-2.004,0.0,0.0,0.0,0.0,6292.0,-0.0,6935.0,0.0,0.0,2.7184303811560617e+23,0.0,0.0,0.0,0.0,0.0,69,0.0,-107615192.0,0.0,0.0,0.0,0.0,0.0,0.0,0.0,0,0,0,0.0,0.0,0.0,0.0,0.0,0.0,0.0,0.0,0.0,0.0,0.0,0.0,0.0,0.0,0.0,0.0,0,-107875648.0,69,0.0,138,0.0,0.0,0,13107,17040,13107,17049,13107,17043,0,0,0,70,68,100,2.7302359370752657e+23,71.2,2.7302370179391762e+23,74.2,2.7302370179391762e+23,74.0,1,49,50,180,13107,52429,0,0,0.0,0.0,0.0,0.0,-0.0,67.0,0.0,162057.094,0.0,750,0,739,0,0,0,721,0,766,0,736,0,742,0,741,0,712,0,7520,0.032,78383153152.0,0.0,0.0,784,16797,-0.0,162057.094,-114818.039,-0.0,0.133,6.909358625270745e+28,30.0,65.0,35,0.0,0.0,0.0,0.0,0.0,0.0,0.0,0.0,0.0,0.0,0.0,0.0,0.0,0.0,0.0,0.0,69.2,0,150,71,55,65476,0,300,0,1,8,20529,65476,0,0,40632,65.0,0.0,0.0,0.0,0.0,0.0
2026-09-04T20:30:35,ERR,ERR,ERR,ERR,ERR,ERR,ERR,ERR,ERR,ERR,ERR,ERR,ERR,ERR,ERR,ERR,ERR,ERR,ERR,ERR,ERR,ERR,ERR,ERR,ERR,ERR,ERR,ERR,ERR,ERR,ERR,ERR,ERR,ERR,ERR,ERR,ERR,ERR,ERR,ERR,ERR,ERR,ERR,ERR,ERR,ERR,ERR,ERR,ERR,ERR,ERR,ERR,ERR,ERR,ERR,ERR,ERR,ERR,ERR,ERR,ERR,ERR,ERR,ERR,ERR,ERR,ERR,ERR,ERR,ERR,ERR,ERR,ERR,ERR,ERR,ERR,ERR,ERR,ERR,ERR,ERR,ERR,ERR,ERR,ERR,ERR,ERR,ERR,ERR,ERR,ERR,ERR,ERR,ERR,ERR,ERR,ERR,ERR,ERR,ERR,ERR,ERR,ERR,ERR,ERR,ERR,ERR,ERR,ERR,ERR,ERR,ERR,ERR,ERR,ERR,ERR,ERR,ERR,ERR,ERR,ERR,ERR,ERR,ERR,ERR,0.0,0.0,0.0,0.0,0.0,1.3936040501711995e+18,7.805,0.0,0,0,4,0,7116,0.0,100,0.0,0.0,0.0,0.0,0.0,0,0,0,0,0.0,0,0,0,0,0,0,0,0,0,0,0,0,0,0,0,0,0,0,0,0,0,0,0,0,0,0,0,0,0,0,0,0,0,31,40,40,71,65476,0,300,0,0,8,21553,0.0,-107605600.0,0.0,0.0,0.0,0.0,0.0,0.0,0.0,0.0,0.0,0.0,0.0,0.0,0.0,0.0,0.0,0.0,0.0,0.0,0.0,0.0,-2.004,-0.0,-0.0,-2.004,0.0,0.0,0.0,0.0,6292.0,-0.0,6935.0,0.0,0.0,2.7184303811560617e+23,0.0,0.0,0.0,0.0,0.0,69,0.0,-107615192.0,0.0,0.0,0.0,0.0,0.0,0.0,0.0,0,0,0,0.0,0.0,0.0,0.0,0.0,0.0,0.0,0.0,0.0,0.0,0.0,0.0,0.0,0.0,0.0,0.0,0,-107875648.0,69,0.0,138,0.0,0.0,0,13107,17040,13107,17049,13107,17043,0,0,0,70,68,100,2.7302359370752657e+23,71.2,2.7302370179391762e+23,74.2,2.7302370179391762e+23,74.0,1,49,50,180,13107,52429,0,0,0.0,0.0,0.0,0.0,-0.0,67.0,0.0,162057.094,0.0,750,0,739,0,0,0,721,0,766,0,736,0,742,0,741,0,712,0,7520,0.032,78383153152.0,0.0,0.0,784,16797,-0.0,162057.094,-114818.039,-0.0,0.133,6.909358625270745e+28,30.0,65.0,35,0.0,0.0,0.0,0.0,0.0,0.0,0.0,0.0,0.0,0.0,0.0,0.0,0.0,0.0,0.0,0.0,69.2,0,150,71,55,65476,0,300,0,1,8,20529,65476,0,0,40632,65.0,0.0,0.0,0.0,0.0,0.0
2026-09-04T20:30:36,ERR,ERR,ERR,ERR,ERR,ERR,ERR,ERR,ERR,ERR,ERR,ERR,ERR,ERR,ERR,ERR,ERR,ERR,ERR,ERR,ERR,ERR,ERR,ERR,ERR,ERR,ERR,ERR,ERR,ERR,ERR,ERR,ERR,ERR,ERR,ERR,ERR,ERR,ERR,ERR,ERR,ERR,ERR,ERR,ERR,ERR,ERR,ERR,ERR,ERR,ERR,ERR,ERR,ERR,ERR,ERR,ERR,ERR,ERR,ERR,ERR,ERR,ERR,ERR,ERR,ERR,ERR,ERR,ERR,ERR,ERR,ERR,ERR,ERR,ERR,ERR,ERR,ERR,ERR,ERR,ERR,ERR,ERR,ERR,ERR,ERR,ERR,ERR,ERR,ERR,ERR,ERR,ERR,ERR,ERR,ERR,ERR,ERR,ERR,ERR,ERR,ERR,ERR,ERR,ERR,ERR,ERR,ERR,ERR,ERR,ERR,ERR,ERR,ERR,ERR,ERR,ERR,ERR,ERR,ERR,ERR,ERR,ERR,ERR,ERR,0.0,0.0,0.0,0.0,0.0,1.3936040501711995e+18,7.805,0.0,0,0,4,0,7116,0.0,100,0.0,0.0,0.0,0.0,0.0,0,0,0,0,0.0,0,0,0,0,0,0,0,0,0,0,0,0,0,0,0,0,0,0,0,0,0,0,0,0,0,0,0,0,0,0,0,0,0,31,40,40,71,65476,0,300,0,0,8,21553,0.0,-107605600.0,0.0,0.0,0.0,0.0,0.0,0.0,0.0,0.0,0.0,0.0,0.0,0.0,0.0,0.0,0.0,0.0,0.0,0.0,0.0,0.0,-2.004,-0.0,-0.0,-2.004,0.0,0.0,0.0,0.0,6292.0,-0.0,6935.0,0.0,0.0,2.7184303811560617e+23,0.0,0.0,0.0,0.0,0.0,69,0.0,-107615192.0,0.0,0.0,0.0,0.0,0.0,0.0,0.0,0,0,0,0.0,0.0,0.0,0.0,0.0,0.0,0.0,0.0,0.0,0.0,0.0,0.0,0.0,0.0,0.0,0.0,0,-107875648.0,69,0.0,138,0.0,0.0,0,13107,17040,13107,17049,13107,17043,0,0,0,70,68,100,2.7302359370752657e+23,71.2,2.7302370179391762e+23,74.2,2.7302370179391762e+23,74.0,1,49,50,180,13107,52429,0,0,0.0,0.0,0.0,0.0,-0.0,67.0,0.0,162057.094,0.0,750,0,739,0,0,0,721,0,766,0,736,0,742,0,741,0,712,0,7520,0.032,78383153152.0,0.0,0.0,784,16797,-0.0,162057.094,-114818.039,-0.0,0.133,6.909358625270745e+28,30.0,65.0,35,0.0,0.0,0.0,0.0,0.0,0.0,0.0,0.0,0.0,0.0,0.0,0.0,0.0,0.0,0.0,0.0,69.2,0,150,71,55,65476,0,300,0,1,8,20529,65476,0,0,40632,65.0,0.0,0.0,0.0,0.0,0.0
2026-09-04T20:30:37,ERR,ERR,ERR,ERR,ERR,ERR,ERR,ERR,ERR,ERR,ERR,ERR,ERR,ERR,ERR,ERR,ERR,ERR,ERR,ERR,ERR,ERR,ERR,ERR,ERR,ERR,ERR,ERR,ERR,ERR,ERR,ERR,ERR,ERR,ERR,ERR,ERR,ERR,ERR,ERR,ERR,ERR,ERR,ERR,ERR,ERR,ERR,ERR,ERR,ERR,ERR,ERR,ERR,ERR,ERR,ERR,ERR,ERR,ERR,ERR,ERR,ERR,ERR,ERR,ERR,ERR,ERR,ERR,ERR,ERR,ERR,ERR,ERR,ERR,ERR,ERR,ERR,ERR,ERR,ERR,ERR,ERR,ERR,ERR,ERR,ERR,ERR,ERR,ERR,ERR,ERR,ERR,ERR,ERR,ERR,ERR,ERR,ERR,ERR,ERR,ERR,ERR,ERR,ERR,ERR,ERR,ERR,ERR,ERR,ERR,ERR,ERR,ERR,ERR,ERR,ERR,ERR,ERR,ERR,ERR,ERR,ERR,ERR,ERR,ERR,0.0,0.0,0.0,0.0,0.0,1.3936040501711995e+18,7.805,0.0,0,0,4,0,7116,0.0,100,0.0,0.0,0.0,0.0,0.0,0,0,0,0,0.0,0,0,0,0,0,0,0,0,0,0,0,0,0,0,0,0,0,0,0,0,0,0,0,0,0,0,0,0,0,0,0,0,0,31,40,40,71,65476,0,300,0,0,8,21553,0.0,-107605600.0,0.0,0.0,0.0,0.0,0.0,0.0,0.0,0.0,0.0,0.0,0.0,0.0,0.0,0.0,0.0,0.0,0.0,0.0,0.0,0.0,-2.004,-0.0,-0.0,-2.004,0.0,0.0,0.0,0.0,6292.0,-0.0,6935.0,0.0,0.0,2.7184303811560617e+23,0.0,0.0,0.0,0.0,0.0,69,0.0,-107615192.0,0.0,0.0,0.0,0.0,0.0,0.0,0.0,0,0,0,0.0,0.0,0.0,0.0,0.0,0.0,0.0,0.0,0.0,0.0,0.0,0.0,0.0,0.0,0.0,0.0,0,-107875648.0,69,0.0,138,0.0,0.0,0,13107,17040,13107,17049,13107,17043,0,0,0,70,68,100,2.7302359370752657e+23,71.1,0.0,74.2,2.7302370179391762e+23,74.0,1,49,50,180,13107,52429,0,0,0.0,0.0,0.0,0.0,-0.0,67.0,0.0,162057.094,0.0,751,0,739,0,0,0,721,0,766,0,736,0,742,0,741,0,712,0,7520,0.032,79993765888.0,0.0,0.0,784,16797,-0.0,162057.094,-114818.039,-0.0,0.133,6.909358625270745e+28,30.0,65.0,35,0.0,0.0,0.0,0.0,0.0,0.0,0.0,0.0,0.0,0.0,0.0,0.0,0.0,0.0,0.0,0.0,69.2,0,150,71,55,65476,0,300,0,1,8,20529,65476,0,0,40632,65.0,0.0,0.0,0.0,0.0,0.0
2026-09-04T20:30:38,ERR,ERR,ERR,ERR,ERR,ERR,ERR,ERR,ERR,ERR,ERR,ERR,ERR,ERR,ERR,ERR,ERR,ERR,ERR,ERR,ERR,ERR,ERR,ERR,ERR,ERR,ERR,ERR,ERR,ERR,ERR,ERR,ERR,ERR,ERR,ERR,ERR,ERR,ERR,ERR,ERR,ERR,ERR,ERR,ERR,ERR,ERR,ERR,ERR,ERR,ERR,ERR,ERR,ERR,ERR,ERR,ERR,ERR,ERR,ERR,ERR,ERR,ERR,ERR,ERR,ERR,ERR,ERR,ERR,ERR,ERR,ERR,ERR,ERR,ERR,ERR,ERR,ERR,ERR,ERR,ERR,ERR,ERR,ERR,ERR,ERR,ERR,ERR,ERR,ERR,ERR,ERR,ERR,ERR,ERR,ERR,ERR,ERR,ERR,ERR,ERR,ERR,ERR,ERR,ERR,ERR,ERR,ERR,ERR,ERR,ERR,ERR,ERR,ERR,ERR,ERR,ERR,ERR,ERR,ERR,ERR,ERR,ERR,ERR,ERR,0.0,0.0,0.0,0.0,0.0,1.3936040501711995e+18,7.805,0.0,0,0,4,0,7116,0.0,100,0.0,0.0,0.0,0.0,0.0,0,0,0,0,0.0,0,0,0,0,0,0,0,0,0,0,0,0,0,0,0,0,0,0,0,0,0,0,0,0,0,0,0,0,0,0,0,0,0,31,40,40,71,65476,0,300,0,0,8,21553,0.0,-107605600.0,0.0,0.0,0.0,0.0,0.0,0.0,0.0,0.0,0.0,0.0,0.0,0.0,0.0,0.0,0.0,0.0,0.0,0.0,0.0,0.0,-2.004,-0.0,-0.0,-2.004,0.0,0.0,0.0,0.0,6321.0,0.0,6916.0,0.0,0.0,2.7184303811560617e+23,0.0,0.0,0.0,0.0,0.0,69,0.0,126840963072.0,0.0,0.0,0.0,0.0,0.0,0.0,0.0,0,0,0,0.0,0.0,0.0,0.0,0.0,0.0,0.0,0.0,0.0,0.0,0.0,0.0,0.0,0.0,0.0,0.0,0,-107875648.0,69,0.0,138,0.0,0.0,0,13107,17040,13107,17049,13107,17043,0,0,0,70,68,100,2.7302359370752657e+23,71.1,0.0,74.2,2.7302370179391762e+23,74.0,1,49,50,180,13107,52429,0,0,0.0,0.0,0.0,0.0,-0.0,67.0,0.0,162057.094,0.0,751,0,739,0,0,0,721,0,766,0,736,0,742,0,741,0,712,0,7520,0.032,79993765888.0,0.0,0.0,784,16797,-0.0,162057.094,-114818.039,-0.0,0.133,6.909358625270745e+28,30.0,65.0,35,0.0,0.0,0.0,0.0,0.0,0.0,0.0,0.0,0.0,0.0,0.0,0.0,0.0,0.0,0.0,0.0,69.6,0,150,71,55,65476,0,300,0,1,8,20529,65476,0,0,40632,65.0,0.0,0.0,0.0,0.0,0.0
2026-09-04T20:30:39,ERR,ERR,ERR,ERR,ERR,ERR,ERR,ERR,ERR,ERR,ERR,ERR,ERR,ERR,ERR,ERR,ERR,ERR,ERR,ERR,ERR,ERR,ERR,ERR,ERR,ERR,ERR,ERR,ERR,ERR,ERR,ERR,ERR,ERR,ERR,ERR,ERR,ERR,ERR,ERR,ERR,ERR,ERR,ERR,ERR,ERR,ERR,ERR,ERR,ERR,ERR,ERR,ERR,ERR,ERR,ERR,ERR,ERR,ERR,ERR,ERR,ERR,ERR,ERR,ERR,ERR,ERR,ERR,ERR,ERR,ERR,ERR,ERR,ERR,ERR,ERR,ERR,ERR,ERR,ERR,ERR,ERR,ERR,ERR,ERR,ERR,ERR,ERR,ERR,ERR,ERR,ERR,ERR,ERR,ERR,ERR,ERR,ERR,ERR,ERR,ERR,ERR,ERR,ERR,ERR,ERR,ERR,ERR,ERR,ERR,ERR,ERR,ERR,ERR,ERR,ERR,ERR,ERR,ERR,ERR,ERR,ERR,ERR,ERR,ERR,0.0,0.0,0.0,0.0,0.0,1.3936040501711995e+18,7.805,0.0,0,0,4,0,7116,0.0,100,0.0,0.0,0.0,0.0,0.0,0,0,0,0,0.0,0,0,0,0,0,0,0,0,0,0,0,0,0,0,0,0,0,0,0,0,0,0,0,0,0,0,0,0,0,0,0,0,0,31,40,40,71,65476,0,300,0,0,8,21553,0.0,-107605600.0,0.0,0.0,0.0,0.0,0.0,0.0,0.0,0.0,0.0,0.0,0.0,0.0,0.0,0.0,0.0,0.0,0.0,0.0,0.0,0.0,-2.004,-0.0,-0.0,-2.004,0.0,0.0,0.0,0.0,6321.0,0.0,6916.0,0.0,0.0,2.7184303811560617e+23,0.0,0.0,0.0,0.0,0.0,69,0.0,126840963072.0,0.0,0.0,0.0,0.0,0.0,0.0,0.0,0,0,0,0.0,0.0,0.0,0.0,0.0,0.0,0.0,0.0,0.0,0.0,0.0,0.0,0.0,0.0,0.0,0.0,0,-107875648.0,69,0.0,138,0.0,0.0,0,13107,17040,13107,17049,13107,17043,0,0,0,70,68,100,2.7302359370752657e+23,71.1,0.0,74.2,2.7302370179391762e+23,74.0,1,49,50,180,13107,52429,0,0,0.0,0.0,0.0,0.0,-0.0,67.0,0.0,162057.094,0.0,751,0,739,0,0,0,721,0,766,0,736,0,742,0,741,0,712,0,7520,0.032,79993765888.0,0.0,0.0,784,16797,-0.0,162057.094,-114818.039,-0.0,0.133,6.909358625270745e+28,30.0,65.0,35,0.0,0.0,0.0,0.0,0.0,0.0,0.0,0.0,0.0,0.0,0.0,0.0,0.0,0.0,0.0,0.0,69.6,0,150,71,55,65476,0,300,0,1,8,20529,65476,0,0,40632,65.0,0.0,0.0,0.0,0.0,0.0
2026-09-04T20:30:40,ERR,ERR,ERR,ERR,ERR,ERR,ERR,ERR,ERR,ERR,ERR,ERR,ERR,ERR,ERR,ERR,ERR,ERR,ERR,ERR,ERR,ERR,ERR,ERR,ERR,ERR,ERR,ERR,ERR,ERR,ERR,ERR,ERR,ERR,ERR,ERR,ERR,ERR,ERR,ERR,ERR,ERR,ERR,ERR,ERR,ERR,ERR,ERR,ERR,ERR,ERR,ERR,ERR,ERR,ERR,ERR,ERR,ERR,ERR,ERR,ERR,ERR,ERR,ERR,ERR,ERR,ERR,ERR,ERR,ERR,ERR,ERR,ERR,ERR,ERR,ERR,ERR,ERR,ERR,ERR,ERR,ERR,ERR,ERR,ERR,ERR,ERR,ERR,ERR,ERR,ERR,ERR,ERR,ERR,ERR,ERR,ERR,ERR,ERR,ERR,ERR,ERR,ERR,ERR,ERR,ERR,ERR,ERR,ERR,ERR,ERR,ERR,ERR,ERR,ERR,ERR,ERR,ERR,ERR,ERR,ERR,ERR,ERR,ERR,ERR,0.0,0.0,0.0,0.0,0.0,1.3936040501711995e+18,7.805,0.0,0,0,4,0,7116,0.0,100,0.0,0.0,0.0,0.0,0.0,0,0,0,0,0.0,0,0,0,0,0,0,0,0,0,0,0,0,0,0,0,0,0,0,0,0,0,0,0,0,0,0,0,0,0,0,0,0,0,31,40,40,71,65476,0,300,0,0,8,21553,0.0,-107605600.0,0.0,0.0,0.0,0.0,0.0,0.0,0.0,0.0,0.0,0.0,0.0,0.0,0.0,0.0,0.0,0.0,0.0,0.0,0.0,0.0,-2.004,-0.0,-0.0,-2.004,0.0,0.0,0.0,0.0,6321.0,0.0,6916.0,0.0,0.0,2.7184303811560617e+23,0.0,0.0,0.0,0.0,0.0,69,0.0,126840963072.0,0.0,0.0,0.0,0.0,0.0,0.0,0.0,0,0,0,0.0,0.0,0.0,0.0,0.0,0.0,0.0,0.0,0.0,0.0,0.0,0.0,0.0,0.0,0.0,0.0,0,-107875648.0,69,0.0,138,0.0,0.0,0,13107,17040,13107,17049,13107,17043,0,0,0,70,68,100,2.7302359370752657e+23,71.1,0.0,74.2,2.7302370179391762e+23,74.0,1,49,50,180,13107,52429,0,0,0.0,0.0,0.0,0.0,-0.0,67.0,0.0,162057.094,0.0,751,0,739,0,0,0,721,0,766,0,736,0,742,0,741,0,712,0,7520,0.032,79993765888.0,0.0,0.0,784,16797,-0.0,162057.094,-114818.039,-0.0,0.133,6.909358625270745e+28,30.0,65.0,35,0.0,0.0,0.0,0.0,0.0,0.0,0.0,0.0,0.0,0.0,0.0,0.0,0.0,0.0,0.0,0.0,69.6,0,150,71,55,65476,0,300,0,1,8,20529,65476,0,0,40632,65.0,0.0,0.0,0.0,0.0,0.0
2026-09-04T20:30:41,ERR,ERR,ERR,ERR,ERR,ERR,ERR,ERR,ERR,ERR,ERR,ERR,ERR,ERR,ERR,ERR,ERR,ERR,ERR,ERR,ERR,ERR,ERR,ERR,ERR,ERR,ERR,ERR,ERR,ERR,ERR,ERR,ERR,ERR,ERR,ERR,ERR,ERR,ERR,ERR,ERR,ERR,ERR,ERR,ERR,ERR,ERR,ERR,ERR,ERR,ERR,ERR,ERR,ERR,ERR,ERR,ERR,ERR,ERR,ERR,ERR,ERR,ERR,ERR,ERR,ERR,ERR,ERR,ERR,ERR,ERR,ERR,ERR,ERR,ERR,ERR,ERR,ERR,ERR,ERR,ERR,ERR,ERR,ERR,ERR,ERR,ERR,ERR,ERR,ERR,ERR,ERR,ERR,ERR,ERR,ERR,ERR,ERR,ERR,ERR,ERR,ERR,ERR,ERR,ERR,ERR,ERR,ERR,ERR,ERR,ERR,ERR,ERR,ERR,ERR,ERR,ERR,ERR,ERR,ERR,ERR,ERR,ERR,ERR,ERR,0.0,0.0,0.0,0.0,0.0,1.3936040501711995e+18,7.805,0.0,0,0,4,0,7116,0.0,100,0.0,0.0,0.0,0.0,0.0,0,0,0,0,0.0,0,0,0,0,0,0,0,0,0,0,0,0,0,0,0,0,0,0,0,0,0,0,0,0,0,0,0,0,0,0,0,0,0,31,40,40,71,65476,0,300,0,0,8,21553,0.0,-107605600.0,0.0,0.0,0.0,0.0,0.0,0.0,0.0,0.0,0.0,0.0,0.0,0.0,0.0,0.0,0.0,0.0,0.0,0.0,0.0,0.0,-2.004,-0.0,-0.0,-2.004,0.0,0.0,0.0,0.0,6321.0,0.0,6916.0,0.0,0.0,2.7184303811560617e+23,0.0,0.0,0.0,0.0,0.0,69,0.0,126840963072.0,0.0,0.0,0.0,0.0,0.0,0.0,0.0,0,0,0,0.0,0.0,0.0,0.0,0.0,0.0,0.0,0.0,0.0,0.0,0.0,0.0,0.0,0.0,0.0,0.0,0,-107875648.0,69,0.0,138,0.0,0.0,0,13107,17040,13107,17049,13107,17043,0,0,0,70,68,100,2.7302359370752657e+23,71.1,0.0,74.2,2.7302370179391762e+23,74.0,1,49,50,180,13107,52429,0,0,0.0,0.0,0.0,0.0,-0.0,67.0,0.0,162057.094,0.0,751,0,739,0,0,0,721,0,766,0,736,0,742,0,741,0,712,0,7520,0.032,79993765888.0,0.0,0.0,784,16797,-0.0,162057.094,-114818.039,-0.0,0.133,6.909358625270745e+28,30.0,65.0,35,0.0,0.0,0.0,0.0,0.0,0.0,0.0,0.0,0.0,0.0,0.0,0.0,0.0,0.0,0.0,0.0,69.2,0,150,71,55,65476,0,300,0,1,8,20529,65476,0,0,40632,65.0,0.0,0.0,0.0,0.0,0.0
2026-09-04T20:30:42,ERR,ERR,ERR,ERR,ERR,ERR,ERR,ERR,ERR,ERR,ERR,ERR,ERR,ERR,ERR,ERR,ERR,ERR,ERR,ERR,ERR,ERR,ERR,ERR,ERR,ERR,ERR,ERR,ERR,ERR,ERR,ERR,ERR,ERR,ERR,ERR,ERR,ERR,ERR,ERR,ERR,ERR,ERR,ERR,ERR,ERR,ERR,ERR,ERR,ERR,ERR,ERR,ERR,ERR,ERR,ERR,ERR,ERR,ERR,ERR,ERR,ERR,ERR,ERR,ERR,ERR,ERR,ERR,ERR,ERR,ERR,ERR,ERR,ERR,ERR,ERR,ERR,ERR,ERR,ERR,ERR,ERR,ERR,ERR,ERR,ERR,ERR,ERR,ERR,ERR,ERR,ERR,ERR,ERR,ERR,ERR,ERR,ERR,ERR,ERR,ERR,ERR,ERR,ERR,ERR,ERR,ERR,ERR,ERR,ERR,ERR,ERR,ERR,ERR,ERR,ERR,ERR,ERR,ERR,ERR,ERR,ERR,ERR,ERR,ERR,0.0,0.0,0.0,0.0,0.0,1.3936040501711995e+18,7.805,0.0,0,0,4,0,7116,0.0,100,0.0,0.0,0.0,0.0,0.0,0,0,0,0,0.0,0,0,0,0,0,0,0,0,0,0,0,0,0,0,0,0,0,0,0,0,0,0,0,0,0,0,0,0,0,0,0,0,0,31,40,40,71,65476,0,300,0,0,8,21553,0.0,-107605600.0,0.0,0.0,0.0,0.0,0.0,0.0,0.0,0.0,0.0,0.0,0.0,0.0,0.0,0.0,0.0,0.0,0.0,0.0,0.0,0.0,-2.004,-0.0,-0.0,-2.004,0.0,0.0,0.0,0.0,6321.0,0.0,6916.0,0.0,0.0,2.7184303811560617e+23,0.0,0.0,0.0,0.0,0.0,69,0.0,126840963072.0,0.0,0.0,0.0,0.0,0.0,0.0,0.0,0,0,0,0.0,0.0,0.0,0.0,0.0,0.0,0.0,0.0,0.0,0.0,0.0,0.0,0.0,0.0,0.0,0.0,0,-107875648.0,69,0.0,138,0.0,0.0,0,13107,17040,13107,17049,13107,17043,0,0,0,70,68,100,2.7302359370752657e+23,71.1,0.0,74.2,2.7302370179391762e+23,74.0,1,49,50,180,13107,52429,0,0,0.0,0.0,0.0,0.0,-0.0,67.0,0.0,162057.094,0.0,750,0,739,0,0,0,721,0,766,0,736,0,742,0,741,0,712,0,7520,0.032,78920024064.0,0.0,0.0,784,16797,-0.0,162057.094,-114818.039,-0.0,0.133,6.909358625270745e+28,30.0,65.0,35,0.0,0.0,0.0,0.0,0.0,0.0,0.0,0.0,0.0,0.0,0.0,0.0,0.0,0.0,0.0,0.0,69.2,0,150,71,55,65476,0,300,0,1,8,20529,65476,0,0,40632,65.0,0.0,0.0,0.0,0.0,0.0
2026-09-04T20:30:43,ERR,ERR,ERR,ERR,ERR,ERR,ERR,ERR,ERR,ERR,ERR,ERR,ERR,ERR,ERR,ERR,ERR,ERR,ERR,ERR,ERR,ERR,ERR,ERR,ERR,ERR,ERR,ERR,ERR,ERR,ERR,ERR,ERR,ERR,ERR,ERR,ERR,ERR,ERR,ERR,ERR,ERR,ERR,ERR,ERR,ERR,ERR,ERR,ERR,ERR,ERR,ERR,ERR,ERR,ERR,ERR,ERR,ERR,ERR,ERR,ERR,ERR,ERR,ERR,ERR,ERR,ERR,ERR,ERR,ERR,ERR,ERR,ERR,ERR,ERR,ERR,ERR,ERR,ERR,ERR,ERR,ERR,ERR,ERR,ERR,ERR,ERR,ERR,ERR,ERR,ERR,ERR,ERR,ERR,ERR,ERR,ERR,ERR,ERR,ERR,ERR,ERR,ERR,ERR,ERR,ERR,ERR,ERR,ERR,ERR,ERR,ERR,ERR,ERR,ERR,ERR,ERR,ERR,ERR,ERR,ERR,ERR,ERR,ERR,ERR,0.0,0.0,0.0,0.0,0.0,1.3936040501711995e+18,7.805,0.0,0,0,4,0,7116,0.0,100,0.0,0.0,0.0,0.0,0.0,0,0,0,0,0.0,0,0,0,0,0,0,0,0,0,0,0,0,0,0,0,0,0,0,0,0,0,0,0,0,0,0,0,0,0,0,0,0,0,31,40,40,71,65476,0,300,0,0,8,21553,0.0,-107605600.0,0.0,0.0,0.0,0.0,0.0,0.0,0.0,0.0,0.0,0.0,0.0,0.0,0.0,0.0,0.0,0.0,0.0,0.0,0.0,0.0,-2.004,-0.0,-0.0,-2.004,0.0,0.0,0.0,0.0,6321.0,0.0,6916.0,0.0,0.0,2.7184303811560617e+23,0.0,0.0,0.0,0.0,0.0,69,0.0,126840963072.0,0.0,0.0,0.0,0.0,0.0,0.0,0.0,0,0,0,0.0,0.0,0.0,0.0,0.0,0.0,0.0,0.0,0.0,0.0,0.0,0.0,0.0,0.0,0.0,0.0,0,-107875648.0,69,0.0,138,0.0,0.0,0,13107,17040,13107,17049,13107,17043,0,0,0,70,68,100,2.7302359370752657e+23,71.1,0.0,74.2,2.7302370179391762e+23,74.0,1,49,50,180,13107,52429,0,0,0.0,0.0,0.0,0.0,-0.0,67.0,0.0,162057.094,0.0,750,0,739,0,0,0,721,0,766,0,736,0,742,0,741,0,712,0,7520,0.032,78920024064.0,0.0,0.0,784,16797,-0.0,162057.094,-114818.039,-0.0,0.133,6.909358625270745e+28,30.0,65.0,35,0.0,0.0,0.0,0.0,0.0,0.0,0.0,0.0,0.0,0.0,0.0,0.0,0.0,0.0,0.0,0.0,69.2,0,150,71,55,65476,0,300,0,1,8,20529,65476,0,0,40632,65.0,0.0,0.0,0.0,0.0,0.0
2026-09-04T20:30:44,ERR,ERR,ERR,ERR,ERR,ERR,ERR,ERR,ERR,ERR,ERR,ERR,ERR,ERR,ERR,ERR,ERR,ERR,ERR,ERR,ERR,ERR,ERR,ERR,ERR,ERR,ERR,ERR,ERR,ERR,ERR,ERR,ERR,ERR,ERR,ERR,ERR,ERR,ERR,ERR,ERR,ERR,ERR,ERR,ERR,ERR,ERR,ERR,ERR,ERR,ERR,ERR,ERR,ERR,ERR,ERR,ERR,ERR,ERR,ERR,ERR,ERR,ERR,ERR,ERR,ERR,ERR,ERR,ERR,ERR,ERR,ERR,ERR,ERR,ERR,ERR,ERR,ERR,ERR,ERR,ERR,ERR,ERR,ERR,ERR,ERR,ERR,ERR,ERR,ERR,ERR,ERR,ERR,ERR,ERR,ERR,ERR,ERR,ERR,ERR,ERR,ERR,ERR,ERR,ERR,ERR,ERR,ERR,ERR,ERR,ERR,ERR,ERR,ERR,ERR,ERR,ERR,ERR,ERR,ERR,ERR,ERR,ERR,ERR,ERR,0.0,0.0,0.0,0.0,0.0,1.3936040501711995e+18,7.805,0.0,0,0,4,0,7116,0.0,100,0.0,0.0,0.0,0.0,0.0,0,0,0,0,0.0,0,0,0,0,0,0,0,0,0,0,0,0,0,0,0,0,0,0,0,0,0,0,0,0,0,0,0,0,0,0,0,0,0,31,40,40,71,65476,0,300,0,0,8,21553,0.0,-107605600.0,0.0,0.0,0.0,0.0,0.0,0.0,0.0,0.0,0.0,0.0,0.0,0.0,0.0,0.0,0.0,0.0,0.0,0.0,0.0,0.0,-2.004,-0.0,-0.0,-2.004,0.0,0.0,0.0,0.0,6321.0,0.0,6916.0,0.0,0.0,2.7184303811560617e+23,0.0,0.0,0.0,0.0,0.0,69,0.0,126840963072.0,0.0,0.0,0.0,0.0,0.0,0.0,0.0,0,0,0,0.0,0.0,0.0,0.0,0.0,0.0,0.0,0.0,0.0,0.0,0.0,0.0,0.0,0.0,0.0,0.0,0,-107875648.0,69,0.0,138,0.0,0.0,0,13107,17040,13107,17049,13107,17043,0,0,0,70,68,100,2.7302359370752657e+23,71.1,0.0,74.2,2.7302370179391762e+23,74.0,1,49,50,180,13107,52429,0,0,0.0,0.0,0.0,0.0,-0.0,67.0,0.0,162057.094,0.0,750,0,739,0,0,0,721,0,766,0,736,0,742,0,741,0,712,0,7520,0.032,78920024064.0,0.0,0.0,784,16797,-0.0,162057.094,-114818.039,-0.0,0.133,6.909358625270745e+28,30.0,65.0,35,0.0,0.0,0.0,0.0,0.0,0.0,0.0,0.0,0.0,0.0,0.0,0.0,0.0,0.0,0.0,0.0,69.2,0,150,71,55,65476,0,300,0,1,8,20529,65476,0,0,40632,65.0,0.0,0.0,0.0,0.0,0.0
2026-09-04T20:30:45,ERR,ERR,ERR,ERR,ERR,ERR,ERR,ERR,ERR,ERR,ERR,ERR,ERR,ERR,ERR,ERR,ERR,ERR,ERR,ERR,ERR,ERR,ERR,ERR,ERR,ERR,ERR,ERR,ERR,ERR,ERR,ERR,ERR,ERR,ERR,ERR,ERR,ERR,ERR,ERR,ERR,ERR,ERR,ERR,ERR,ERR,ERR,ERR,ERR,ERR,ERR,ERR,ERR,ERR,ERR,ERR,ERR,ERR,ERR,ERR,ERR,ERR,ERR,ERR,ERR,ERR,ERR,ERR,ERR,ERR,ERR,ERR,ERR,ERR,ERR,ERR,ERR,ERR,ERR,ERR,ERR,ERR,ERR,ERR,ERR,ERR,ERR,ERR,ERR,ERR,ERR,ERR,ERR,ERR,ERR,ERR,ERR,ERR,ERR,ERR,ERR,ERR,ERR,ERR,ERR,ERR,ERR,ERR,ERR,ERR,ERR,ERR,ERR,ERR,ERR,ERR,ERR,ERR,ERR,ERR,ERR,ERR,ERR,ERR,ERR,0.0,0.0,0.0,0.0,0.0,1.3936040501711995e+18,7.805,0.0,0,0,4,0,7116,0.0,100,0.0,0.0,0.0,0.0,0.0,0,0,0,0,0.0,0,0,0,0,0,0,0,0,0,0,0,0,0,0,0,0,0,0,0,0,0,0,0,0,0,0,0,0,0,0,0,0,0,31,40,40,71,65476,0,300,0,0,8,21553,0.0,-107605600.0,0.0,0.0,0.0,0.0,0.0,0.0,0.0,0.0,0.0,0.0,0.0,0.0,0.0,0.0,0.0,0.0,0.0,0.0,0.0,0.0,-2.004,-0.0,-0.0,-2.004,0.0,0.0,0.0,0.0,6322.0,1.587937097795308e+29,6926.0,0.0,0.0,2.7184303811560617e+23,0.0,0.0,0.0,0.0,0.0,69,0.0,-0.0,0.0,0.0,0.0,0.0,0.0,0.0,0.0,0,0,0,0.0,0.0,0.0,0.0,0.0,0.0,0.0,0.0,0.0,0.0,0.0,0.0,0.0,0.0,0.0,0.0,0,-107875648.0,69,0.0,138,0.0,0.0,0,13107,17040,13107,17049,13107,17043,0,0,0,70,68,100,2.7302359370752657e+23,71.1,0.0,74.2,2.7302370179391762e+23,74.0,1,49,50,180,13107,52429,0,0,0.0,0.0,0.0,0.0,-0.0,67.0,0.0,162057.094,0.0,750,0,739,0,0,0,721,0,766,0,736,0,742,0,741,0,712,0,7520,0.032,78920024064.0,0.0,0.0,784,16797,-0.0,162057.094,-114818.039,-0.0,0.133,6.909358625270745e+28,30.0,65.0,35,0.0,0.0,0.0,0.0,0.0,0.0,0.0,0.0,0.0,0.0,0.0,0.0,0.0,0.0,0.0,0.0,69.2,0,150,71,55,65476,0,300,0,1,8,20529,65476,0,0,40632,65.0,0.0,0.0,0.0,0.0,0.0
2026-09-04T20:30:46,ERR,ERR,ERR,ERR,ERR,ERR,ERR,ERR,ERR,ERR,ERR,ERR,ERR,ERR,ERR,ERR,ERR,ERR,ERR,ERR,ERR,ERR,ERR,ERR,ERR,ERR,ERR,ERR,ERR,ERR,ERR,ERR,ERR,ERR,ERR,ERR,ERR,ERR,ERR,ERR,ERR,ERR,ERR,ERR,ERR,ERR,ERR,ERR,ERR,ERR,ERR,ERR,ERR,ERR,ERR,ERR,ERR,ERR,ERR,ERR,ERR,ERR,ERR,ERR,ERR,ERR,ERR,ERR,ERR,ERR,ERR,ERR,ERR,ERR,ERR,ERR,ERR,ERR,ERR,ERR,ERR,ERR,ERR,ERR,ERR,ERR,ERR,ERR,ERR,ERR,ERR,ERR,ERR,ERR,ERR,ERR,ERR,ERR,ERR,ERR,ERR,ERR,ERR,ERR,ERR,ERR,ERR,ERR,ERR,ERR,ERR,ERR,ERR,ERR,ERR,ERR,ERR,ERR,ERR,ERR,ERR,ERR,ERR,ERR,ERR,0.0,0.0,0.0,0.0,0.0,1.3936040501711995e+18,7.805,0.0,0,0,4,0,7116,0.0,100,0.0,0.0,0.0,0.0,0.0,0,0,0,0,0.0,0,0,0,0,0,0,0,0,0,0,0,0,0,0,0,0,0,0,0,0,0,0,0,0,0,0,0,0,0,0,0,0,0,31,40,40,71,65476,0,300,0,0,8,21553,0.0,-107605600.0,0.0,0.0,0.0,0.0,0.0,0.0,0.0,0.0,0.0,0.0,0.0,0.0,0.0,0.0,0.0,0.0,0.0,0.0,0.0,0.0,-2.004,-0.0,-0.0,-2.004,0.0,0.0,0.0,0.0,6322.0,1.587937097795308e+29,6926.0,0.0,0.0,2.7184303811560617e+23,0.0,0.0,0.0,0.0,0.0,69,0.0,-0.0,0.0,0.0,0.0,0.0,0.0,0.0,0.0,0,0,0,0.0,0.0,0.0,0.0,0.0,0.0,0.0,0.0,0.0,0.0,0.0,0.0,0.0,0.0,0.0,0.0,0,-107875648.0,69,0.0,138,0.0,0.0,0,13107,17040,13107,17049,13107,17043,0,0,0,70,68,100,2.7302359370752657e+23,71.1,0.0,74.2,2.7302370179391762e+23,74.0,1,49,50,180,13107,52429,0,0,0.0,0.0,0.0,0.0,-0.0,67.0,0.0,162057.094,0.0,750,0,739,0,0,0,721,0,766,0,736,0,742,0,741,0,712,0,7520,0.032,78920024064.0,0.0,0.0,784,16797,-0.0,162057.094,-114818.039,-0.0,0.133,6.909358625270745e+28,30.0,65.0,35,0.0,0.0,0.0,0.0,0.0,0.0,0.0,0.0,0.0,0.0,0.0,0.0,0.0,0.0,0.0,0.0,69.2,0,150,71,55,65476,0,300,0,1,8,20529,65476,0,0,40632,65.0,0.0,0.0,0.0,0.0,0.0
2026-09-04T20:30:47,ERR,ERR,ERR,ERR,ERR,ERR,ERR,ERR,ERR,ERR,ERR,ERR,ERR,ERR,ERR,ERR,ERR,ERR,ERR,ERR,ERR,ERR,ERR,ERR,ERR,ERR,ERR,ERR,ERR,ERR,ERR,ERR,ERR,ERR,ERR,ERR,ERR,ERR,ERR,ERR,ERR,ERR,ERR,ERR,ERR,ERR,ERR,ERR,ERR,ERR,ERR,ERR,ERR,ERR,ERR,ERR,ERR,ERR,ERR,ERR,ERR,ERR,ERR,ERR,ERR,ERR,ERR,ERR,ERR,ERR,ERR,ERR,ERR,ERR,ERR,ERR,ERR,ERR,ERR,ERR,ERR,ERR,ERR,ERR,ERR,ERR,ERR,ERR,ERR,ERR,ERR,ERR,ERR,ERR,ERR,ERR,ERR,ERR,ERR,ERR,ERR,ERR,ERR,ERR,ERR,ERR,ERR,ERR,ERR,ERR,ERR,ERR,ERR,ERR,ERR,ERR,ERR,ERR,ERR,ERR,ERR,ERR,ERR,ERR,ERR,0.0,0.0,0.0,0.0,0.0,1.3936040501711995e+18,7.805,0.0,0,0,4,0,7116,0.0,100,0.0,0.0,0.0,0.0,0.0,0,0,0,0,0.0,0,0,0,0,0,0,0,0,0,0,0,0,0,0,0,0,0,0,0,0,0,0,0,0,0,0,0,0,0,0,0,0,0,31,40,40,71,65476,0,300,0,0,8,21553,0.0,-107605600.0,0.0,0.0,0.0,0.0,0.0,0.0,0.0,0.0,0.0,0.0,0.0,0.0,0.0,0.0,0.0,0.0,0.0,0.0,0.0,0.0,-2.004,-0.0,-0.0,-2.004,0.0,0.0,0.0,0.0,6322.0,1.587937097795308e+29,6926.0,0.0,0.0,2.7184303811560617e+23,0.0,0.0,0.0,0.0,0.0,69,0.0,-0.0,0.0,0.0,0.0,0.0,0.0,0.0,0.0,0,0,0,0.0,0.0,0.0,0.0,0.0,0.0,0.0,0.0,0.0,0.0,0.0,0.0,0.0,0.0,0.0,0.0,0,-107875648.0,69,0.0,138,0.0,0.0,0,13107,17040,13107,17049,13107,17043,0,0,0,70,68,100,2.7302359370752657e+23,71.1,0.0,74.2,2.7302370179391762e+23,74.0,1,49,50,180,13107,52429,0,0,0.0,0.0,0.0,0.0,-0.0,67.0,0.0,162057.094,0.0,750,0,739,0,0,0,721,0,766,0,736,0,742,0,741,0,712,0,7520,0.032,78920024064.0,0.0,0.0,784,16797,-0.0,162057.094,-114818.039,-0.0,0.133,6.909358625270745e+28,30.0,65.0,35,0.0,0.0,0.0,0.0,0.0,0.0,0.0,0.0,0.0,0.0,0.0,0.0,0.0,0.0,0.0,0.0,69.2,0,150,71,55,65476,0,300,0,1,8,20529,65476,0,0,40632,65.0,0.0,0.0,0.0,0.0,0.0
2026-09-04T20:30:48,ERR,ERR,ERR,ERR,ERR,ERR,ERR,ERR,ERR,ERR,ERR,ERR,ERR,ERR,ERR,ERR,ERR,ERR,ERR,ERR,ERR,ERR,ERR,ERR,ERR,ERR,ERR,ERR,ERR,ERR,ERR,ERR,ERR,ERR,ERR,ERR,ERR,ERR,ERR,ERR,ERR,ERR,ERR,ERR,ERR,ERR,ERR,ERR,ERR,ERR,ERR,ERR,ERR,ERR,ERR,ERR,ERR,ERR,ERR,ERR,ERR,ERR,ERR,ERR,ERR,ERR,ERR,ERR,ERR,ERR,ERR,ERR,ERR,ERR,ERR,ERR,ERR,ERR,ERR,ERR,ERR,ERR,ERR,ERR,ERR,ERR,ERR,ERR,ERR,ERR,ERR,ERR,ERR,ERR,ERR,ERR,ERR,ERR,ERR,ERR,ERR,ERR,ERR,ERR,ERR,ERR,ERR,ERR,ERR,ERR,ERR,ERR,ERR,ERR,ERR,ERR,ERR,ERR,ERR,ERR,ERR,ERR,ERR,ERR,ERR,0.0,0.0,0.0,0.0,0.0,1.3936040501711995e+18,7.805,0.0,0,0,4,0,7116,0.0,100,0.0,0.0,0.0,0.0,0.0,0,0,0,0,0.0,0,0,0,0,0,0,0,0,0,0,0,0,0,0,0,0,0,0,0,0,0,0,0,0,0,0,0,0,0,0,0,0,0,31,40,40,71,65476,0,300,0,0,8,21553,0.0,-107605600.0,0.0,0.0,0.0,0.0,0.0,0.0,0.0,0.0,0.0,0.0,0.0,0.0,0.0,0.0,0.0,0.0,0.0,0.0,0.0,0.0,-2.004,-0.0,-0.0,-2.004,0.0,0.0,0.0,0.0,6322.0,1.587937097795308e+29,6926.0,0.0,0.0,2.7184303811560617e+23,0.0,0.0,0.0,0.0,0.0,69,0.0,-0.0,0.0,0.0,0.0,0.0,0.0,0.0,0.0,0,0,0,0.0,0.0,0.0,0.0,0.0,0.0,0.0,0.0,0.0,0.0,0.0,0.0,0.0,0.0,0.0,0.0,0,-107875648.0,69,0.0,138,0.0,0.0,0,13107,17040,13107,17049,13107,17043,0,0,0,70,68,100,2.7302359370752657e+23,71.1,2.7302370179391762e+23,74.2,2.7302370179391762e+23,74.0,1,49,50,180,0,52429,0,0,0.0,0.0,0.0,0.0,-0.0,67.0,0.0,162057.094,0.0,751,0,739,0,0,0,721,0,766,0,736,0,742,0,741,0,712,0,7520,0.032,79456894976.0,0.0,0.0,784,16797,-0.0,162057.094,-114818.039,-0.0,0.133,6.909358625270745e+28,30.0,65.0,35,0.0,0.0,0.0,0.0,0.0,0.0,0.0,0.0,0.0,0.0,0.0,0.0,0.0,0.0,0.0,0.0,69.2,0,150,71,55,65476,0,300,0,1,8,20529,65476,0,0,40632,65.0,0.0,0.0,0.0,0.0,0.0
2026-09-04T20:30:49,ERR,ERR,ERR,ERR,ERR,ERR,ERR,ERR,ERR,ERR,ERR,ERR,ERR,ERR,ERR,ERR,ERR,ERR,ERR,ERR,ERR,ERR,ERR,ERR,ERR,ERR,ERR,ERR,ERR,ERR,ERR,ERR,ERR,ERR,ERR,ERR,ERR,ERR,ERR,ERR,ERR,ERR,ERR,ERR,ERR,ERR,ERR,ERR,ERR,ERR,ERR,ERR,ERR,ERR,ERR,ERR,ERR,ERR,ERR,ERR,ERR,ERR,ERR,ERR,ERR,ERR,ERR,ERR,ERR,ERR,ERR,ERR,ERR,ERR,ERR,ERR,ERR,ERR,ERR,ERR,ERR,ERR,ERR,ERR,ERR,ERR,ERR,ERR,ERR,ERR,ERR,ERR,ERR,ERR,ERR,ERR,ERR,ERR,ERR,ERR,ERR,ERR,ERR,ERR,ERR,ERR,ERR,ERR,ERR,ERR,ERR,ERR,ERR,ERR,ERR,ERR,ERR,ERR,ERR,ERR,ERR,ERR,ERR,ERR,ERR,0.0,0.0,0.0,0.0,0.0,1.3936040501711995e+18,7.805,0.0,0,0,4,0,7116,0.0,100,0.0,0.0,0.0,0.0,0.0,0,0,0,0,0.0,0,0,0,0,0,0,0,0,0,0,0,0,0,0,0,0,0,0,0,0,0,0,0,0,0,0,0,0,0,0,0,0,0,31,40,40,71,65476,0,300,0,0,8,21553,0.0,-107605600.0,0.0,0.0,0.0,0.0,0.0,0.0,0.0,0.0,0.0,0.0,0.0,0.0,0.0,0.0,0.0,0.0,0.0,0.0,0.0,0.0,-2.004,-0.0,-0.0,-2.004,0.0,0.0,0.0,0.0,6322.0,1.587937097795308e+29,6926.0,0.0,0.0,2.7184303811560617e+23,0.0,0.0,0.0,0.0,0.0,69,0.0,-0.0,0.0,0.0,0.0,0.0,0.0,0.0,0.0,0,0,0,0.0,0.0,0.0,0.0,0.0,0.0,0.0,0.0,0.0,0.0,0.0,0.0,0.0,0.0,0.0,0.0,0,-107875648.0,69,0.0,138,0.0,0.0,0,13107,17040,13107,17049,13107,17043,0,0,0,70,68,100,2.7302359370752657e+23,71.1,2.7302370179391762e+23,74.2,2.7302370179391762e+23,74.0,1,49,50,180,0,52429,0,0,0.0,0.0,0.0,0.0,-0.0,67.0,0.0,162057.094,0.0,751,0,739,0,0,0,721,0,766,0,736,0,742,0,741,0,712,0,7520,0.032,79456894976.0,0.0,0.0,784,16797,-0.0,162057.094,-114818.039,-0.0,0.133,6.909358625270745e+28,30.0,65.0,35,0.0,0.0,0.0,0.0,0.0,0.0,0.0,0.0,0.0,0.0,0.0,0.0,0.0,0.0,0.0,0.0,69.6,0,150,71,55,65476,0,300,0,1,8,20529,65476,0,0,40632,65.0,0.0,0.0,0.0,0.0,0.0
2026-09-04T20:30:50,ERR,ERR,ERR,ERR,ERR,ERR,ERR,ERR,ERR,ERR,ERR,ERR,ERR,ERR,ERR,ERR,ERR,ERR,ERR,ERR,ERR,ERR,ERR,ERR,ERR,ERR,ERR,ERR,ERR,ERR,ERR,ERR,ERR,ERR,ERR,ERR,ERR,ERR,ERR,ERR,ERR,ERR,ERR,ERR,ERR,ERR,ERR,ERR,ERR,ERR,ERR,ERR,ERR,ERR,ERR,ERR,ERR,ERR,ERR,ERR,ERR,ERR,ERR,ERR,ERR,ERR,ERR,ERR,ERR,ERR,ERR,ERR,ERR,ERR,ERR,ERR,ERR,ERR,ERR,ERR,ERR,ERR,ERR,ERR,ERR,ERR,ERR,ERR,ERR,ERR,ERR,ERR,ERR,ERR,ERR,ERR,ERR,ERR,ERR,ERR,ERR,ERR,ERR,ERR,ERR,ERR,ERR,ERR,ERR,ERR,ERR,ERR,ERR,ERR,ERR,ERR,ERR,ERR,ERR,ERR,ERR,ERR,ERR,ERR,ERR,0.0,0.0,0.0,0.0,0.0,1.3936040501711995e+18,7.805,0.0,0,0,4,0,7116,0.0,100,0.0,0.0,0.0,0.0,0.0,0,0,0,0,0.0,0,0,0,0,0,0,0,0,0,0,0,0,0,0,0,0,0,0,0,0,0,0,0,0,0,0,0,0,0,0,0,0,0,31,40,40,71,65476,0,300,0,0,8,21553,0.0,-107605600.0,0.0,0.0,0.0,0.0,0.0,0.0,0.0,0.0,0.0,0.0,0.0,0.0,0.0,0.0,0.0,0.0,0.0,0.0,0.0,0.0,-2.004,-0.0,-0.0,-2.004,0.0,0.0,0.0,0.0,6322.0,1.587937097795308e+29,6926.0,0.0,0.0,2.7184303811560617e+23,0.0,0.0,0.0,0.0,0.0,69,0.0,-0.0,0.0,0.0,0.0,0.0,0.0,0.0,0.0,0,0,0,0.0,0.0,0.0,0.0,0.0,0.0,0.0,0.0,0.0,0.0,0.0,0.0,0.0,0.0,0.0,0.0,0,-107875648.0,69,0.0,138,0.0,0.0,0,13107,17040,13107,17049,13107,17043,0,0,0,70,68,100,2.7302359370752657e+23,71.1,2.7302370179391762e+23,74.2,2.7302370179391762e+23,74.0,1,49,50,180,0,52429,0,0,0.0,0.0,0.0,0.0,-0.0,67.0,0.0,162057.094,0.0,751,0,739,0,0,0,721,0,766,0,736,0,742,0,741,0,712,0,7520,0.032,79456894976.0,0.0,0.0,784,16797,-0.0,162057.094,-114818.039,-0.0,0.133,6.909358625270745e+28,30.0,65.0,35,0.0,0.0,0.0,0.0,0.0,0.0,0.0,0.0,0.0,0.0,0.0,0.0,0.0,0.0,0.0,0.0,69.6,0,150,71,55,65476,0,300,0,1,8,20529,65476,0,0,40632,65.0,0.0,0.0,0.0,0.0,0.0
2026-09-04T20:30:51,ERR,ERR,ERR,ERR,ERR,ERR,ERR,ERR,ERR,ERR,ERR,ERR,ERR,ERR,ERR,ERR,ERR,ERR,ERR,ERR,ERR,ERR,ERR,ERR,ERR,ERR,ERR,ERR,ERR,ERR,ERR,ERR,ERR,ERR,ERR,ERR,ERR,ERR,ERR,ERR,ERR,ERR,ERR,ERR,ERR,ERR,ERR,ERR,ERR,ERR,ERR,ERR,ERR,ERR,ERR,ERR,ERR,ERR,ERR,ERR,ERR,ERR,ERR,ERR,ERR,ERR,ERR,ERR,ERR,ERR,ERR,ERR,ERR,ERR,ERR,ERR,ERR,ERR,ERR,ERR,ERR,ERR,ERR,ERR,ERR,ERR,ERR,ERR,ERR,ERR,ERR,ERR,ERR,ERR,ERR,ERR,ERR,ERR,ERR,ERR,ERR,ERR,ERR,ERR,ERR,ERR,ERR,ERR,ERR,ERR,ERR,ERR,ERR,ERR,ERR,ERR,ERR,ERR,ERR,ERR,ERR,ERR,ERR,ERR,ERR,0.0,0.0,0.0,0.0,0.0,1.3936040501711995e+18,7.805,0.0,0,0,4,0,7116,0.0,100,0.0,0.0,0.0,0.0,0.0,0,0,0,0,0.0,0,0,0,0,0,0,0,0,0,0,0,0,0,0,0,0,0,0,0,0,0,0,0,0,0,0,0,0,0,0,0,0,0,31,40,40,71,65476,0,300,0,0,8,21553,0.0,-107605600.0,0.0,0.0,0.0,0.0,0.0,0.0,0.0,0.0,0.0,0.0,0.0,0.0,0.0,0.0,0.0,0.0,0.0,0.0,0.0,0.0,-2.004,-0.0,-0.0,-2.004,0.0,0.0,0.0,0.0,6322.0,1.587937097795308e+29,6926.0,0.0,0.0,2.7184303811560617e+23,0.0,0.0,0.0,0.0,0.0,69,0.0,-0.0,0.0,0.0,0.0,0.0,0.0,0.0,0.0,0,0,0,0.0,0.0,0.0,0.0,0.0,0.0,0.0,0.0,0.0,0.0,0.0,0.0,0.0,0.0,0.0,0.0,0,-107875648.0,69,0.0,138,0.0,0.0,0,13107,17040,13107,17049,13107,17043,0,0,0,70,68,100,2.7302359370752657e+23,71.1,2.7302370179391762e+23,74.2,2.7302370179391762e+23,74.0,1,49,50,180,0,52429,0,0,0.0,0.0,0.0,0.0,-0.0,67.0,0.0,162057.094,0.0,751,0,739,0,0,0,721,0,766,0,736,0,742,0,741,0,712,0,7520,0.032,79456894976.0,0.0,0.0,784,16797,-0.0,162057.094,-114818.039,-0.0,0.133,6.909358625270745e+28,30.0,65.0,35,0.0,0.0,0.0,0.0,0.0,0.0,0.0,0.0,0.0,0.0,0.0,0.0,0.0,0.0,0.0,0.0,69.2,0,150,71,55,65476,0,300,0,1,8,20529,65476,0,0,40632,65.0,0.0,0.0,0.0,0.0,0.0
2026-09-04T20:30:52,ERR,ERR,ERR,ERR,ERR,ERR,ERR,ERR,ERR,ERR,ERR,ERR,ERR,ERR,ERR,ERR,ERR,ERR,ERR,ERR,ERR,ERR,ERR,ERR,ERR,ERR,ERR,ERR,ERR,ERR,ERR,ERR,ERR,ERR,ERR,ERR,ERR,ERR,ERR,ERR,ERR,ERR,ERR,ERR,ERR,ERR,ERR,ERR,ERR,ERR,ERR,ERR,ERR,ERR,ERR,ERR,ERR,ERR,ERR,ERR,ERR,ERR,ERR,ERR,ERR,ERR,ERR,ERR,ERR,ERR,ERR,ERR,ERR,ERR,ERR,ERR,ERR,ERR,ERR,ERR,ERR,ERR,ERR,ERR,ERR,ERR,ERR,ERR,ERR,ERR,ERR,ERR,ERR,ERR,ERR,ERR,ERR,ERR,ERR,ERR,ERR,ERR,ERR,ERR,ERR,ERR,ERR,ERR,ERR,ERR,ERR,ERR,ERR,ERR,ERR,ERR,ERR,ERR,ERR,ERR,ERR,ERR,ERR,ERR,ERR,0.0,0.0,0.0,0.0,0.0,1.3936040501711995e+18,7.805,0.0,0,0,4,0,7116,0.0,100,0.0,0.0,0.0,0.0,0.0,0,0,0,0,0.0,0,0,0,0,0,0,0,0,0,0,0,0,0,0,0,0,0,0,0,0,0,0,0,0,0,0,0,0,0,0,0,0,0,31,40,40,71,65476,0,300,0,0,8,21553,0.0,-107605600.0,0.0,0.0,0.0,0.0,0.0,0.0,0.0,0.0,0.0,0.0,0.0,0.0,-2.596148429267414e+33,0.0,0.0,0.0,0.0,0.0,0.0,0.0,-2.004,-0.0,-0.0,-2.004,0.0,0.0,0.0,0.0,6325.0,0.0,6912.0,0.0,0.0,2.7184303811560617e+23,0.0,0.0,0.0,0.0,0.0,69,0.0,0.0,0.0,0.0,0.0,0.0,0.0,0.0,0.0,0,0,0,0.0,0.0,0.0,0.0,0.0,0.0,0.0,0.0,0.0,0.0,0.0,0.0,0.0,0.0,0.0,0.0,0,-107875648.0,69,0.0,138,0.0,0.0,0,13107,17040,13107,17049,13107,17043,0,0,0,70,68,100,2.7302359370752657e+23,71.1,2.7302370179391762e+23,74.2,2.7302370179391762e+23,74.0,1,49,50,180,0,52429,0,0,0.0,0.0,0.0,0.0,-0.0,67.0,0.0,162057.094,0.0,751,0,739,0,0,0,721,0,766,0,736,0,742,0,741,0,712,0,7520,0.032,79456894976.0,0.0,0.0,784,16797,-0.0,162057.094,-114818.039,-0.0,0.133,6.909358625270745e+28,30.0,65.0,35,0.0,0.0,0.0,0.0,0.0,0.0,0.0,0.0,0.0,0.0,0.0,0.0,0.0,0.0,0.0,0.0,69.2,0,150,71,55,65476,0,300,0,1,8,20529,65476,0,0,40632,65.0,0.0,0.0,0.0,0.0,0.0
2026-09-04T20:30:53,ERR,ERR,ERR,ERR,ERR,ERR,ERR,ERR,ERR,ERR,ERR,ERR,ERR,ERR,ERR,ERR,ERR,ERR,ERR,ERR,ERR,ERR,ERR,ERR,ERR,ERR,ERR,ERR,ERR,ERR,ERR,ERR,ERR,ERR,ERR,ERR,ERR,ERR,ERR,ERR,ERR,ERR,ERR,ERR,ERR,ERR,ERR,ERR,ERR,ERR,ERR,ERR,ERR,ERR,ERR,ERR,ERR,ERR,ERR,ERR,ERR,ERR,ERR,ERR,ERR,ERR,ERR,ERR,ERR,ERR,ERR,ERR,ERR,ERR,ERR,ERR,ERR,ERR,ERR,ERR,ERR,ERR,ERR,ERR,ERR,ERR,ERR,ERR,ERR,ERR,ERR,ERR,ERR,ERR,ERR,ERR,ERR,ERR,ERR,ERR,ERR,ERR,ERR,ERR,ERR,ERR,ERR,ERR,ERR,ERR,ERR,ERR,ERR,ERR,ERR,ERR,ERR,ERR,ERR,ERR,ERR,ERR,ERR,ERR,ERR,0.0,0.0,0.0,0.0,0.0,1.3936040501711995e+18,7.805,0.0,0,0,4,0,7116,0.0,100,0.0,0.0,0.0,0.0,0.0,0,0,0,0,0.0,0,0,0,0,0,0,0,0,0,0,0,0,0,0,0,0,0,0,0,0,0,0,0,0,0,0,0,0,0,0,0,0,0,31,40,40,71,65476,0,300,0,0,8,21553,0.0,-107605600.0,0.0,0.0,0.0,0.0,0.0,0.0,0.0,0.0,0.0,0.0,0.0,0.0,-2.596148429267414e+33,0.0,0.0,0.0,0.0,0.0,0.0,0.0,-2.004,-0.0,-0.0,-2.004,0.0,0.0,0.0,0.0,6325.0,0.0,6912.0,0.0,0.0,2.7184303811560617e+23,0.0,0.0,0.0,0.0,0.0,69,0.0,0.0,0.0,0.0,0.0,0.0,0.0,0.0,0.0,0,0,0,0.0,0.0,0.0,0.0,0.0,0.0,0.0,0.0,0.0,0.0,0.0,0.0,0.0,0.0,0.0,0.0,0,-107875648.0,69,0.0,138,0.0,0.0,0,13107,17040,13107,17049,13107,17043,0,0,0,70,68,100,2.7302359370752657e+23,71.1,2.7302370179391762e+23,74.2,2.7302370179391762e+23,74.0,1,49,50,180,13107,52429,0,0,0.0,0.0,0.0,0.0,-0.0,67.0,0.0,162057.094,0.0,751,0,739,0,0,0,721,0,766,0,736,0,742,0,741,0,712,0,7520,0.032,78920024064.0,0.0,0.0,784,16797,-0.0,162057.094,-114818.039,-0.0,0.133,6.909358625270745e+28,30.0,65.0,35,0.0,0.0,0.0,0.0,0.0,0.0,0.0,0.0,0.0,0.0,0.0,0.0,0.0,0.0,0.0,0.0,69.2,0,150,71,55,65476,0,300,0,1,8,20529,65476,0,0,40632,65.0,0.0,0.0,0.0,0.0,0.0
2026-09-04T20:30:54,ERR,ERR,ERR,ERR,ERR,ERR,ERR,ERR,ERR,ERR,ERR,ERR,ERR,ERR,ERR,ERR,ERR,ERR,ERR,ERR,ERR,ERR,ERR,ERR,ERR,ERR,ERR,ERR,ERR,ERR,ERR,ERR,ERR,ERR,ERR,ERR,ERR,ERR,ERR,ERR,ERR,ERR,ERR,ERR,ERR,ERR,ERR,ERR,ERR,ERR,ERR,ERR,ERR,ERR,ERR,ERR,ERR,ERR,ERR,ERR,ERR,ERR,ERR,ERR,ERR,ERR,ERR,ERR,ERR,ERR,ERR,ERR,ERR,ERR,ERR,ERR,ERR,ERR,ERR,ERR,ERR,ERR,ERR,ERR,ERR,ERR,ERR,ERR,ERR,ERR,ERR,ERR,ERR,ERR,ERR,ERR,ERR,ERR,ERR,ERR,ERR,ERR,ERR,ERR,ERR,ERR,ERR,ERR,ERR,ERR,ERR,ERR,ERR,ERR,ERR,ERR,ERR,ERR,ERR,ERR,ERR,ERR,ERR,ERR,ERR,0.0,0.0,0.0,0.0,0.0,1.3936040501711995e+18,7.805,0.0,0,0,4,0,7116,0.0,100,0.0,0.0,0.0,0.0,0.0,0,0,0,0,0.0,0,0,0,0,0,0,0,0,0,0,0,0,0,0,0,0,0,0,0,0,0,0,0,0,0,0,0,0,0,0,0,0,0,31,40,40,71,65476,0,300,0,0,8,21553,0.0,-107605600.0,0.0,0.0,0.0,0.0,0.0,0.0,0.0,0.0,0.0,0.0,0.0,0.0,-2.596148429267414e+33,0.0,0.0,0.0,0.0,0.0,0.0,0.0,-2.004,-0.0,-0.0,-2.004,0.0,0.0,0.0,0.0,6325.0,0.0,6912.0,0.0,0.0,2.7184303811560617e+23,0.0,0.0,0.0,0.0,0.0,69,0.0,0.0,0.0,0.0,0.0,0.0,0.0,0.0,0.0,0,0,0,0.0,0.0,0.0,0.0,0.0,0.0,0.0,0.0,0.0,0.0,0.0,0.0,0.0,0.0,0.0,0.0,0,-107875648.0,69,0.0,138,0.0,0.0,0,13107,17040,13107,17049,13107,17043,0,0,0,70,68,100,2.7302359370752657e+23,71.1,2.7302370179391762e+23,74.2,2.7302370179391762e+23,74.0,1,49,50,180,13107,52429,0,0,0.0,0.0,0.0,0.0,-0.0,67.0,0.0,162057.094,0.0,751,0,739,0,0,0,721,0,766,0,736,0,742,0,741,0,712,0,7520,0.032,78920024064.0,0.0,0.0,784,16797,-0.0,162057.094,-114818.039,-0.0,0.133,6.909358625270745e+28,30.0,65.0,35,0.0,0.0,0.0,0.0,0.0,0.0,0.0,0.0,0.0,0.0,0.0,0.0,0.0,0.0,0.0,0.0,69.2,0,150,71,55,65476,0,300,0,1,8,20529,65476,0,0,40632,65.0,0.0,0.0,0.0,0.0,0.0
2026-09-04T20:30:55,ERR,ERR,ERR,ERR,ERR,ERR,ERR,ERR,ERR,ERR,ERR,ERR,ERR,ERR,ERR,ERR,ERR,ERR,ERR,ERR,ERR,ERR,ERR,ERR,ERR,ERR,ERR,ERR,ERR,ERR,ERR,ERR,ERR,ERR,ERR,ERR,ERR,ERR,ERR,ERR,ERR,ERR,ERR,ERR,ERR,ERR,ERR,ERR,ERR,ERR,ERR,ERR,ERR,ERR,ERR,ERR,ERR,ERR,ERR,ERR,ERR,ERR,ERR,ERR,ERR,ERR,ERR,ERR,ERR,ERR,ERR,ERR,ERR,ERR,ERR,ERR,ERR,ERR,ERR,ERR,ERR,ERR,ERR,ERR,ERR,ERR,ERR,ERR,ERR,ERR,ERR,ERR,ERR,ERR,ERR,ERR,ERR,ERR,ERR,ERR,ERR,ERR,ERR,ERR,ERR,ERR,ERR,ERR,ERR,ERR,ERR,ERR,ERR,ERR,ERR,ERR,ERR,ERR,ERR,ERR,ERR,ERR,ERR,ERR,ERR,0.0,0.0,0.0,0.0,0.0,1.3936040501711995e+18,7.805,0.0,0,0,4,0,7116,0.0,100,0.0,0.0,0.0,0.0,0.0,0,0,0,0,0.0,0,0,0,0,0,0,0,0,0,0,0,0,0,0,0,0,0,0,0,0,0,0,0,0,0,0,0,0,0,0,0,0,0,31,40,40,71,65476,0,300,0,0,8,21553,0.0,-107605600.0,0.0,0.0,0.0,0.0,0.0,0.0,0.0,0.0,0.0,0.0,0.0,0.0,-2.596148429267414e+33,0.0,0.0,0.0,0.0,0.0,0.0,0.0,-2.004,-0.0,-0.0,-2.004,0.0,0.0,0.0,0.0,6325.0,0.0,6912.0,0.0,0.0,2.7184303811560617e+23,0.0,0.0,0.0,0.0,0.0,69,0.0,0.0,0.0,0.0,0.0,0.0,0.0,0.0,0.0,0,0,0,0.0,0.0,0.0,0.0,0.0,0.0,0.0,0.0,0.0,0.0,0.0,0.0,0.0,0.0,0.0,0.0,0,-107875648.0,69,0.0,138,0.0,0.0,0,13107,17040,13107,17049,13107,17043,0,0,0,70,68,100,2.7302359370752657e+23,71.1,2.7302370179391762e+23,74.2,2.7302370179391762e+23,74.0,1,49,50,180,13107,52429,0,0,0.0,0.0,0.0,0.0,-0.0,67.0,0.0,162057.094,0.0,751,0,739,0,0,0,721,0,766,0,736,0,742,0,741,0,712,0,7520,0.032,78920024064.0,0.0,0.0,784,16797,-0.0,162057.094,-114818.039,-0.0,0.133,6.909358625270745e+28,30.0,65.0,35,0.0,0.0,0.0,0.0,0.0,0.0,0.0,0.0,0.0,0.0,0.0,0.0,0.0,0.0,0.0,0.0,69.2,0,150,71,55,65476,0,300,0,1,8,20529,65476,0,0,40632,65.0,0.0,0.0,0.0,0.0,0.0
2026-09-04T20:30:56,ERR,ERR,ERR,ERR,ERR,ERR,ERR,ERR,ERR,ERR,ERR,ERR,ERR,ERR,ERR,ERR,ERR,ERR,ERR,ERR,ERR,ERR,ERR,ERR,ERR,ERR,ERR,ERR,ERR,ERR,ERR,ERR,ERR,ERR,ERR,ERR,ERR,ERR,ERR,ERR,ERR,ERR,ERR,ERR,ERR,ERR,ERR,ERR,ERR,ERR,ERR,ERR,ERR,ERR,ERR,ERR,ERR,ERR,ERR,ERR,ERR,ERR,ERR,ERR,ERR,ERR,ERR,ERR,ERR,ERR,ERR,ERR,ERR,ERR,ERR,ERR,ERR,ERR,ERR,ERR,ERR,ERR,ERR,ERR,ERR,ERR,ERR,ERR,ERR,ERR,ERR,ERR,ERR,ERR,ERR,ERR,ERR,ERR,ERR,ERR,ERR,ERR,ERR,ERR,ERR,ERR,ERR,ERR,ERR,ERR,ERR,ERR,ERR,ERR,ERR,ERR,ERR,ERR,ERR,ERR,ERR,ERR,ERR,ERR,ERR,0.0,0.0,0.0,0.0,0.0,1.3936040501711995e+18,7.805,0.0,0,0,4,0,7116,0.0,100,0.0,0.0,0.0,0.0,0.0,0,0,0,0,0.0,0,0,0,0,0,0,0,0,0,0,0,0,0,0,0,0,0,0,0,0,0,0,0,0,0,0,0,0,0,0,0,0,0,31,40,40,71,65476,0,300,0,0,8,21553,0.0,-107605600.0,0.0,0.0,0.0,0.0,0.0,0.0,0.0,0.0,0.0,0.0,0.0,0.0,-2.596148429267414e+33,0.0,0.0,0.0,0.0,0.0,0.0,0.0,-2.004,-0.0,-0.0,-2.004,0.0,0.0,0.0,0.0,6325.0,0.0,6912.0,0.0,0.0,2.7184303811560617e+23,0.0,0.0,0.0,0.0,0.0,69,0.0,0.0,0.0,0.0,0.0,0.0,0.0,0.0,0.0,0,0,0,0.0,0.0,0.0,0.0,0.0,0.0,0.0,0.0,0.0,0.0,0.0,0.0,0.0,0.0,0.0,0.0,0,-107875648.0,69,0.0,138,0.0,0.0,0,13107,17040,13107,17049,13107,17043,0,0,0,70,68,100,2.7302359370752657e+23,71.1,2.7302370179391762e+23,74.2,2.7302370179391762e+23,74.0,1,49,50,180,13107,52429,0,0,0.0,0.0,0.0,0.0,-0.0,67.0,0.0,162057.094,0.0,751,0,739,0,0,0,721,0,766,0,736,0,742,0,741,0,712,0,7520,0.032,78920024064.0,0.0,0.0,784,16797,-0.0,162057.094,-114818.039,-0.0,0.133,6.909358625270745e+28,30.0,65.0,35,0.0,0.0,0.0,0.0,0.0,0.0,0.0,0.0,0.0,0.0,0.0,0.0,0.0,0.0,0.0,0.0,69.2,0,150,71,55,65476,0,300,0,1,8,20529,65476,0,0,40632,65.0,0.0,0.0,0.0,0.0,0.0
2026-09-04T20:30:57,ERR,ERR,ERR,ERR,ERR,ERR,ERR,ERR,ERR,ERR,ERR,ERR,ERR,ERR,ERR,ERR,ERR,ERR,ERR,ERR,ERR,ERR,ERR,ERR,ERR,ERR,ERR,ERR,ERR,ERR,ERR,ERR,ERR,ERR,ERR,ERR,ERR,ERR,ERR,ERR,ERR,ERR,ERR,ERR,ERR,ERR,ERR,ERR,ERR,ERR,ERR,ERR,ERR,ERR,ERR,ERR,ERR,ERR,ERR,ERR,ERR,ERR,ERR,ERR,ERR,ERR,ERR,ERR,ERR,ERR,ERR,ERR,ERR,ERR,ERR,ERR,ERR,ERR,ERR,ERR,ERR,ERR,ERR,ERR,ERR,ERR,ERR,ERR,ERR,ERR,ERR,ERR,ERR,ERR,ERR,ERR,ERR,ERR,ERR,ERR,ERR,ERR,ERR,ERR,ERR,ERR,ERR,ERR,ERR,ERR,ERR,ERR,ERR,ERR,ERR,ERR,ERR,ERR,ERR,ERR,ERR,ERR,ERR,ERR,ERR,0.0,0.0,0.0,0.0,0.0,1.3936040501711995e+18,7.805,0.0,0,0,4,0,7116,0.0,100,0.0,0.0,0.0,0.0,0.0,0,0,0,0,0.0,0,0,0,0,0,0,0,0,0,0,0,0,0,0,0,0,0,0,0,0,0,0,0,0,0,0,0,0,0,0,0,0,0,31,40,40,71,65476,0,300,0,0,8,21553,0.0,-107605600.0,0.0,0.0,0.0,0.0,0.0,0.0,0.0,0.0,0.0,0.0,0.0,0.0,-2.596148429267414e+33,0.0,0.0,0.0,0.0,0.0,0.0,0.0,-2.004,-0.0,-0.0,-2.004,0.0,0.0,0.0,0.0,6325.0,0.0,6912.0,0.0,0.0,2.7184303811560617e+23,0.0,0.0,0.0,0.0,0.0,69,0.0,0.0,0.0,0.0,0.0,0.0,0.0,0.0,0.0,0,0,0,0.0,0.0,0.0,0.0,0.0,0.0,0.0,0.0,0.0,0.0,0.0,0.0,0.0,0.0,0.0,0.0,0,-107875648.0,69,0.0,138,0.0,0.0,0,13107,17040,13107,17049,13107,17043,0,0,0,70,68,100,2.7302359370752657e+23,71.1,2.7302370179391762e+23,74.2,2.7302370179391762e+23,74.0,1,49,50,180,13107,52429,0,0,0.0,0.0,0.0,0.0,-0.0,67.0,0.0,162057.094,0.0,751,0,739,0,0,0,721,0,766,0,736,0,742,0,741,0,712,0,7520,0.032,78920024064.0,0.0,0.0,784,16797,-0.0,162057.094,-114818.039,-0.0,0.133,6.909358625270745e+28,30.0,65.0,35,0.0,0.0,0.0,0.0,0.0,0.0,0.0,0.0,0.0,0.0,0.0,0.0,0.0,0.0,0.0,0.0,69.2,0,150,71,55,65476,0,300,0,1,8,20529,65476,0,0,40632,65.0,0.0,0.0,0.0,0.0,0.0
2026-09-04T20:30:58,ERR,ERR,ERR,ERR,ERR,ERR,ERR,ERR,ERR,ERR,ERR,ERR,ERR,ERR,ERR,ERR,ERR,ERR,ERR,ERR,ERR,ERR,ERR,ERR,ERR,ERR,ERR,ERR,ERR,ERR,ERR,ERR,ERR,ERR,ERR,ERR,ERR,ERR,ERR,ERR,ERR,ERR,ERR,ERR,ERR,ERR,ERR,ERR,ERR,ERR,ERR,ERR,ERR,ERR,ERR,ERR,ERR,ERR,ERR,ERR,ERR,ERR,ERR,ERR,ERR,ERR,ERR,ERR,ERR,ERR,ERR,ERR,ERR,ERR,ERR,ERR,ERR,ERR,ERR,ERR,ERR,ERR,ERR,ERR,ERR,ERR,ERR,ERR,ERR,ERR,ERR,ERR,ERR,ERR,ERR,ERR,ERR,ERR,ERR,ERR,ERR,ERR,ERR,ERR,ERR,ERR,ERR,ERR,ERR,ERR,ERR,ERR,ERR,ERR,ERR,ERR,ERR,ERR,ERR,ERR,ERR,ERR,ERR,ERR,ERR,0.0,0.0,0.0,0.0,0.0,1.3936040501711995e+18,7.805,0.0,0,0,4,0,7116,0.0,100,0.0,0.0,0.0,0.0,0.0,0,0,0,0,0.0,0,0,0,0,0,0,0,0,0,0,0,0,0,0,0,0,0,0,0,0,0,0,0,0,0,0,0,0,0,0,0,0,0,31,40,40,71,65476,0,300,0,0,8,21553,0.0,-107605600.0,0.0,0.0,0.0,0.0,0.0,0.0,0.0,0.0,0.0,0.0,0.0,0.0,-2.596148429267414e+33,0.0,0.0,0.0,0.0,0.0,0.0,0.0,-2.004,-0.0,-0.0,-2.004,0.0,0.0,0.0,0.0,6325.0,0.0,6912.0,0.0,0.0,2.7184303811560617e+23,0.0,0.0,0.0,0.0,0.0,69,0.0,0.0,0.0,0.0,0.0,0.0,0.0,0.0,0.0,0,0,0,0.0,0.0,0.0,0.0,0.0,0.0,0.0,0.0,0.0,0.0,0.0,0.0,0.0,0.0,0.0,0.0,0,-107875648.0,69,0.0,138,0.0,0.0,0,13107,17040,13107,17049,13107,17043,0,0,0,70,68,100,2.7302359370752657e+23,71.1,2.7302370179391762e+23,74.2,2.7302370179391762e+23,74.0,1,49,50,180,13107,52429,0,0,0.0,0.0,0.0,0.0,-0.0,67.0,0.0,162057.094,0.0,750,0,739,0,0,0,721,0,766,0,736,0,742,0,741,0,712,0,7520,0.032,78920024064.0,0.0,0.0,784,16797,-0.0,162057.094,-114818.039,-0.0,0.133,6.909358625270745e+28,30.0,65.0,35,0.0,0.0,0.0,0.0,0.0,0.0,0.0,0.0,0.0,0.0,0.0,0.0,0.0,0.0,0.0,0.0,69.2,0,150,71,55,65476,0,300,0,1,8,20529,65476,0,0,40632,65.0,0.0,0.0,0.0,0.0,0.0
2026-09-04T20:30:59,ERR,ERR,ERR,ERR,ERR,ERR,ERR,ERR,ERR,ERR,ERR,ERR,ERR,ERR,ERR,ERR,ERR,ERR,ERR,ERR,ERR,ERR,ERR,ERR,ERR,ERR,ERR,ERR,ERR,ERR,ERR,ERR,ERR,ERR,ERR,ERR,ERR,ERR,ERR,ERR,ERR,ERR,ERR,ERR,ERR,ERR,ERR,ERR,ERR,ERR,ERR,ERR,ERR,ERR,ERR,ERR,ERR,ERR,ERR,ERR,ERR,ERR,ERR,ERR,ERR,ERR,ERR,ERR,ERR,ERR,ERR,ERR,ERR,ERR,ERR,ERR,ERR,ERR,ERR,ERR,ERR,ERR,ERR,ERR,ERR,ERR,ERR,ERR,ERR,ERR,ERR,ERR,ERR,ERR,ERR,ERR,ERR,ERR,ERR,ERR,ERR,ERR,ERR,ERR,ERR,ERR,ERR,ERR,ERR,ERR,ERR,ERR,ERR,ERR,ERR,ERR,ERR,ERR,ERR,ERR,ERR,ERR,ERR,ERR,ERR,0.0,0.0,0.0,0.0,0.0,1.3936040501711995e+18,7.805,0.0,0,0,4,0,7116,0.0,100,0.0,0.0,0.0,0.0,0.0,0,0,0,0,0.0,0,0,0,0,0,0,0,0,0,0,0,0,0,0,0,0,0,0,0,0,0,0,0,0,0,0,0,0,0,0,0,0,0,31,40,40,71,65476,0,300,0,0,8,21553,0.0,-107605600.0,0.0,0.0,0.0,0.0,0.0,0.0,0.0,0.0,0.0,0.0,0.0,0.0,-2.596148429267414e+33,0.0,0.0,0.0,0.0,0.0,0.0,0.0,-2.004,-0.0,-0.0,-2.004,0.0,0.0,0.0,0.0,6325.0,0.0,6912.0,0.0,0.0,2.7184303811560617e+23,0.0,0.0,0.0,0.0,0.0,69,0.0,0.0,0.0,0.0,0.0,0.0,0.0,0.0,0.0,0,0,0,0.0,0.0,0.0,0.0,0.0,0.0,0.0,0.0,0.0,0.0,0.0,0.0,0.0,0.0,0.0,0.0,0,-107875648.0,69,0.0,138,0.0,0.0,0,13107,17040,13107,17049,13107,17043,0,0,0,70,68,100,2.7302359370752657e+23,71.1,2.7302370179391762e+23,74.2,2.7302370179391762e+23,74.0,1,49,50,180,13107,52429,0,0,0.0,0.0,0.0,0.0,-0.0,67.0,0.0,162057.094,0.0,750,0,739,0,0,0,721,0,766,0,736,0,742,0,741,0,712,0,7520,0.032,78920024064.0,0.0,0.0,784,16797,-0.0,162057.094,-114818.039,-0.0,0.133,6.909358625270745e+28,30.0,65.0,35,0.0,0.0,0.0,0.0,0.0,0.0,0.0,0.0,0.0,0.0,0.0,0.0,0.0,0.0,0.0,0.0,69.2,0,150,71,55,65476,0,300,0,1,8,20529,65476,0,0,40632,65.0,0.0,0.0,0.0,0.0,0.0
2026-09-04T20:31:00,ERR,ERR,ERR,ERR,ERR,ERR,ERR,ERR,ERR,ERR,ERR,ERR,ERR,ERR,ERR,ERR,ERR,ERR,ERR,ERR,ERR,ERR,ERR,ERR,ERR,ERR,ERR,ERR,ERR,ERR,ERR,ERR,ERR,ERR,ERR,ERR,ERR,ERR,ERR,ERR,ERR,ERR,ERR,ERR,ERR,ERR,ERR,ERR,ERR,ERR,ERR,ERR,ERR,ERR,ERR,ERR,ERR,ERR,ERR,ERR,ERR,ERR,ERR,ERR,ERR,ERR,ERR,ERR,ERR,ERR,ERR,ERR,ERR,ERR,ERR,ERR,ERR,ERR,ERR,ERR,ERR,ERR,ERR,ERR,ERR,ERR,ERR,ERR,ERR,ERR,ERR,ERR,ERR,ERR,ERR,ERR,ERR,ERR,ERR,ERR,ERR,ERR,ERR,ERR,ERR,ERR,ERR,ERR,ERR,ERR,ERR,ERR,ERR,ERR,ERR,ERR,ERR,ERR,ERR,ERR,ERR,ERR,ERR,ERR,ERR,0.0,0.0,0.0,0.0,0.0,1.3936040501711995e+18,7.805,0.0,0,0,4,0,7116,0.0,100,0.0,0.0,0.0,0.0,0.0,0,0,0,0,0.0,0,0,0,0,0,0,0,0,0,0,0,0,0,0,0,0,0,0,0,0,0,0,0,0,0,0,0,0,0,0,0,0,0,31,40,40,71,65476,0,300,0,0,8,21553,0.0,-107605600.0,0.0,0.0,0.0,0.0,0.0,0.0,0.0,0.0,0.0,0.0,0.0,0.0,0.0,0.0,0.0,0.0,0.0,0.0,0.0,0.0,-2.004,-0.0,-0.0,-2.004,0.0,0.0,0.0,0.0,6291.0,1.0406703326171292e+34,6927.0,0.0,0.0,2.7184303811560617e+23,0.0,0.0,0.0,0.0,0.0,69,0.0,5.8480758863408324e+35,0.0,0.0,0.0,0.0,0.0,0.0,0.0,0,0,0,0.0,0.0,0.0,0.0,0.0,0.0,0.0,0.0,0.0,0.0,0.0,0.0,0.0,0.0,0.0,0.0,0,-107875648.0,69,0.0,138,0.0,0.0,0,13107,17040,13107,17049,13107,17043,0,0,0,70,68,100,2.7302359370752657e+23,71.1,2.7302370179391762e+23,74.2,2.7302370179391762e+23,74.0,1,49,50,180,13107,52429,0,0,0.0,0.0,0.0,0.0,-0.0,67.0,0.0,162057.094,0.0,750,0,739,0,0,0,721,0,766,0,736,0,742,0,741,0,712,0,7520,0.032,78920024064.0,0.0,0.0,784,16797,-0.0,162057.094,-114818.039,-0.0,0.133,6.909358625270745e+28,30.0,65.0,35,0.0,0.0,0.0,0.0,0.0,0.0,0.0,0.0,0.0,0.0,0.0,0.0,0.0,0.0,0.0,0.0,69.2,0,150,71,55,65476,0,300,0,1,8,20529,65476,0,0,40632,65.0,0.0,0.0,0.0,0.0,0.0
2026-09-04T20:31:01,ERR,ERR,ERR,ERR,ERR,ERR,ERR,ERR,ERR,ERR,ERR,ERR,ERR,ERR,ERR,ERR,ERR,ERR,ERR,ERR,ERR,ERR,ERR,ERR,ERR,ERR,ERR,ERR,ERR,ERR,ERR,ERR,ERR,ERR,ERR,ERR,ERR,ERR,ERR,ERR,ERR,ERR,ERR,ERR,ERR,ERR,ERR,ERR,ERR,ERR,ERR,ERR,ERR,ERR,ERR,ERR,ERR,ERR,ERR,ERR,ERR,ERR,ERR,ERR,ERR,ERR,ERR,ERR,ERR,ERR,ERR,ERR,ERR,ERR,ERR,ERR,ERR,ERR,ERR,ERR,ERR,ERR,ERR,ERR,ERR,ERR,ERR,ERR,ERR,ERR,ERR,ERR,ERR,ERR,ERR,ERR,ERR,ERR,ERR,ERR,ERR,ERR,ERR,ERR,ERR,ERR,ERR,ERR,ERR,ERR,ERR,ERR,ERR,ERR,ERR,ERR,ERR,ERR,ERR,ERR,ERR,ERR,ERR,ERR,ERR,0.0,0.0,0.0,0.0,0.0,1.3936040501711995e+18,7.805,0.0,0,0,4,0,7116,0.0,100,0.0,0.0,0.0,0.0,0.0,0,0,0,0,0.0,0,0,0,0,0,0,0,0,0,0,0,0,0,0,0,0,0,0,0,0,0,0,0,0,0,0,0,0,0,0,0,0,0,31,40,40,71,65476,0,300,0,0,8,21553,0.0,-107605600.0,0.0,0.0,0.0,0.0,0.0,0.0,0.0,0.0,0.0,0.0,0.0,0.0,0.0,0.0,0.0,0.0,0.0,0.0,0.0,0.0,-2.004,-0.0,-0.0,-2.004,0.0,0.0,0.0,0.0,6291.0,1.0406703326171292e+34,6927.0,0.0,0.0,2.7184303811560617e+23,0.0,0.0,0.0,0.0,0.0,69,0.0,5.8480758863408324e+35,0.0,0.0,0.0,0.0,0.0,0.0,0.0,0,0,0,0.0,0.0,0.0,0.0,0.0,0.0,0.0,0.0,0.0,0.0,0.0,0.0,0.0,0.0,0.0,0.0,0,-107875648.0,69,0.0,138,0.0,0.0,0,13107,17040,13107,17049,13107,17043,0,0,0,70,68,100,2.7302359370752657e+23,71.1,2.7302370179391762e+23,74.2,2.7302370179391762e+23,74.0,1,49,50,180,13107,52429,0,0,0.0,0.0,0.0,0.0,-0.0,67.0,0.0,162057.094,0.0,750,0,739,0,0,0,721,0,766,0,736,0,742,0,741,0,712,0,7520,0.032,78920024064.0,0.0,0.0,784,16797,-0.0,162057.094,-114818.039,-0.0,0.133,6.909358625270745e+28,30.0,65.0,35,0.0,0.0,0.0,0.0,0.0,0.0,0.0,0.0,0.0,0.0,0.0,0.0,0.0,0.0,0.0,0.0,69.2,0,150,71,55,65476,0,300,0,1,8,20529,65476,0,0,40632,65.0,0.0,0.0,0.0,0.0,0.0
2026-09-04T20:31:02,ERR,ERR,ERR,ERR,ERR,ERR,ERR,ERR,ERR,ERR,ERR,ERR,ERR,ERR,ERR,ERR,ERR,ERR,ERR,ERR,ERR,ERR,ERR,ERR,ERR,ERR,ERR,ERR,ERR,ERR,ERR,ERR,ERR,ERR,ERR,ERR,ERR,ERR,ERR,ERR,ERR,ERR,ERR,ERR,ERR,ERR,ERR,ERR,ERR,ERR,ERR,ERR,ERR,ERR,ERR,ERR,ERR,ERR,ERR,ERR,ERR,ERR,ERR,ERR,ERR,ERR,ERR,ERR,ERR,ERR,ERR,ERR,ERR,ERR,ERR,ERR,ERR,ERR,ERR,ERR,ERR,ERR,ERR,ERR,ERR,ERR,ERR,ERR,ERR,ERR,ERR,ERR,ERR,ERR,ERR,ERR,ERR,ERR,ERR,ERR,ERR,ERR,ERR,ERR,ERR,ERR,ERR,ERR,ERR,ERR,ERR,ERR,ERR,ERR,ERR,ERR,ERR,ERR,ERR,ERR,ERR,ERR,ERR,ERR,ERR,0.0,0.0,0.0,0.0,0.0,1.3936040501711995e+18,7.805,0.0,0,0,4,0,7116,0.0,100,0.0,0.0,0.0,0.0,0.0,0,0,0,0,0.0,0,0,0,0,0,0,0,0,0,0,0,0,0,0,0,0,0,0,0,0,0,0,0,0,0,0,0,0,0,0,0,0,0,31,40,40,71,65476,0,300,0,0,8,21553,0.0,-107605600.0,0.0,0.0,0.0,0.0,0.0,0.0,0.0,0.0,0.0,0.0,0.0,0.0,0.0,0.0,0.0,0.0,0.0,0.0,0.0,0.0,-2.004,-0.0,-0.0,-2.004,0.0,0.0,0.0,0.0,6291.0,1.0406703326171292e+34,6927.0,0.0,0.0,2.7184303811560617e+23,0.0,0.0,0.0,0.0,0.0,69,0.0,5.8480758863408324e+35,0.0,0.0,0.0,0.0,0.0,0.0,0.0,0,0,0,0.0,0.0,0.0,0.0,0.0,0.0,0.0,0.0,0.0,0.0,0.0,0.0,0.0,0.0,0.0,0.0,0,-107875648.0,69,0.0,138,0.0,0.0,0,13107,17040,13107,17049,13107,17043,0,0,0,70,68,100,2.7302359370752657e+23,71.1,2.7302370179391762e+23,74.2,2.7302370179391762e+23,74.0,1,49,50,180,13107,52429,0,0,0.0,0.0,0.0,0.0,-0.0,67.0,0.0,162057.094,0.0,750,0,739,0,0,0,721,0,766,0,736,0,742,0,741,0,712,0,7520,0.032,78920024064.0,0.0,0.0,784,16797,-0.0,162057.094,-114818.039,-0.0,0.133,6.909358625270745e+28,30.0,65.0,35,0.0,0.0,0.0,0.0,0.0,0.0,0.0,0.0,0.0,0.0,0.0,0.0,0.0,0.0,0.0,0.0,69.2,0,150,71,55,65476,0,300,0,1,8,20529,65476,0,0,40632,65.0,0.0,0.0,0.0,0.0,0.0
2026-09-04T20:31:03,ERR,ERR,ERR,ERR,ERR,ERR,ERR,ERR,ERR,ERR,ERR,ERR,ERR,ERR,ERR,ERR,ERR,ERR,ERR,ERR,ERR,ERR,ERR,ERR,ERR,ERR,ERR,ERR,ERR,ERR,ERR,ERR,ERR,ERR,ERR,ERR,ERR,ERR,ERR,ERR,ERR,ERR,ERR,ERR,ERR,ERR,ERR,ERR,ERR,ERR,ERR,ERR,ERR,ERR,ERR,ERR,ERR,ERR,ERR,ERR,ERR,ERR,ERR,ERR,ERR,ERR,ERR,ERR,ERR,ERR,ERR,ERR,ERR,ERR,ERR,ERR,ERR,ERR,ERR,ERR,ERR,ERR,ERR,ERR,ERR,ERR,ERR,ERR,ERR,ERR,ERR,ERR,ERR,ERR,ERR,ERR,ERR,ERR,ERR,ERR,ERR,ERR,ERR,ERR,ERR,ERR,ERR,ERR,ERR,ERR,ERR,ERR,ERR,ERR,ERR,ERR,ERR,ERR,ERR,ERR,ERR,ERR,ERR,ERR,ERR,0.0,0.0,0.0,0.0,0.0,1.3936040501711995e+18,7.805,0.0,0,0,4,0,7116,0.0,100,0.0,0.0,0.0,0.0,0.0,0,0,0,0,0.0,0,0,0,0,0,0,0,0,0,0,0,0,0,0,0,0,0,0,0,0,0,0,0,0,0,0,0,0,0,0,0,0,0,31,40,40,71,65476,0,300,0,0,8,21553,0.0,-107605600.0,0.0,0.0,0.0,0.0,0.0,0.0,0.0,0.0,0.0,0.0,0.0,0.0,0.0,0.0,0.0,0.0,0.0,0.0,0.0,0.0,-2.004,-0.0,-0.0,-2.004,0.0,0.0,0.0,0.0,6291.0,1.0406703326171292e+34,6927.0,0.0,0.0,2.7184303811560617e+23,0.0,0.0,0.0,0.0,0.0,69,0.0,5.8480758863408324e+35,0.0,0.0,0.0,0.0,0.0,0.0,0.0,0,0,0,0.0,0.0,0.0,0.0,0.0,0.0,0.0,0.0,0.0,0.0,0.0,0.0,0.0,0.0,0.0,0.0,0,-107875648.0,69,0.0,138,0.0,0.0,0,13107,17040,13107,17049,13107,17043,0,0,0,70,68,100,2.7302359370752657e+23,71.1,2.7302370179391762e+23,74.2,2.7302370179391762e+23,74.0,1,49,50,180,13107,52429,0,0,0.0,0.0,0.0,0.0,-0.0,67.0,0.0,162057.094,0.0,750,0,739,0,0,0,721,0,766,0,736,0,742,0,741,0,712,0,7520,0.032,78920024064.0,0.0,0.0,784,16797,-0.0,162057.094,-114818.039,-0.0,0.133,6.909358625270745e+28,30.0,65.0,35,0.0,0.0,0.0,0.0,0.0,0.0,0.0,0.0,0.0,0.0,0.0,0.0,0.0,0.0,0.0,0.0,69.2,0,150,71,55,65476,0,300,0,1,8,20529,65476,0,0,40632,65.0,0.0,0.0,0.0,0.0,0.0
2026-09-04T20:31:04,ERR,ERR,ERR,ERR,ERR,ERR,ERR,ERR,ERR,ERR,ERR,ERR,ERR,ERR,ERR,ERR,ERR,ERR,ERR,ERR,ERR,ERR,ERR,ERR,ERR,ERR,ERR,ERR,ERR,ERR,ERR,ERR,ERR,ERR,ERR,ERR,ERR,ERR,ERR,ERR,ERR,ERR,ERR,ERR,ERR,ERR,ERR,ERR,ERR,ERR,ERR,ERR,ERR,ERR,ERR,ERR,ERR,ERR,ERR,ERR,ERR,ERR,ERR,ERR,ERR,ERR,ERR,ERR,ERR,ERR,ERR,ERR,ERR,ERR,ERR,ERR,ERR,ERR,ERR,ERR,ERR,ERR,ERR,ERR,ERR,ERR,ERR,ERR,ERR,ERR,ERR,ERR,ERR,ERR,ERR,ERR,ERR,ERR,ERR,ERR,ERR,ERR,ERR,ERR,ERR,ERR,ERR,ERR,ERR,ERR,ERR,ERR,ERR,ERR,ERR,ERR,ERR,ERR,ERR,ERR,ERR,ERR,ERR,ERR,ERR,0.0,0.0,0.0,0.0,0.0,1.3936040501711995e+18,7.805,0.0,0,0,4,0,7116,0.0,100,0.0,0.0,0.0,0.0,0.0,0,0,0,0,0.0,0,0,0,0,0,0,0,0,0,0,0,0,0,0,0,0,0,0,0,0,0,0,0,0,0,0,0,0,0,0,0,0,0,31,40,40,71,65476,0,300,0,0,8,21553,0.0,-107605600.0,0.0,0.0,0.0,0.0,0.0,0.0,0.0,0.0,0.0,0.0,0.0,0.0,0.0,0.0,0.0,0.0,0.0,0.0,0.0,0.0,-2.004,-0.0,-0.0,-2.004,0.0,0.0,0.0,0.0,6291.0,1.0406703326171292e+34,6927.0,0.0,0.0,2.7184303811560617e+23,0.0,0.0,0.0,0.0,0.0,69,0.0,5.8480758863408324e+35,0.0,0.0,0.0,0.0,0.0,0.0,0.0,0,0,0,0.0,0.0,0.0,0.0,0.0,0.0,0.0,0.0,0.0,0.0,0.0,0.0,0.0,0.0,0.0,0.0,0,-107875648.0,69,0.0,138,0.0,0.0,0,13107,17040,13107,17049,13107,17043,0,0,0,70,68,100,2.7302359370752657e+23,71.2,0.0,74.2,2.7302370179391762e+23,74.0,1,49,50,180,13107,52429,0,0,0.0,0.0,0.0,0.0,-0.0,67.0,0.0,162057.094,0.0,751,0,739,0,0,0,721,0,766,0,736,0,742,0,741,0,712,0,7520,0.032,78920024064.0,0.0,0.0,784,16797,-0.0,162057.094,-114818.039,-0.0,0.133,6.909358625270745e+28,30.0,65.0,35,0.0,0.0,0.0,0.0,0.0,0.0,0.0,0.0,0.0,0.0,0.0,0.0,0.0,0.0,0.0,0.0,69.2,0,150,71,55,65476,0,300,0,1,8,20529,65476,0,0,40632,65.0,0.0,0.0,0.0,0.0,0.0
2026-09-04T20:31:05,ERR,ERR,ERR,ERR,ERR,ERR,ERR,ERR,ERR,ERR,ERR,ERR,ERR,ERR,ERR,ERR,ERR,ERR,ERR,ERR,ERR,ERR,ERR,ERR,ERR,ERR,ERR,ERR,ERR,ERR,ERR,ERR,ERR,ERR,ERR,ERR,ERR,ERR,ERR,ERR,ERR,ERR,ERR,ERR,ERR,ERR,ERR,ERR,ERR,ERR,ERR,ERR,ERR,ERR,ERR,ERR,ERR,ERR,ERR,ERR,ERR,ERR,ERR,ERR,ERR,ERR,ERR,ERR,ERR,ERR,ERR,ERR,ERR,ERR,ERR,ERR,ERR,ERR,ERR,ERR,ERR,ERR,ERR,ERR,ERR,ERR,ERR,ERR,ERR,ERR,ERR,ERR,ERR,ERR,ERR,ERR,ERR,ERR,ERR,ERR,ERR,ERR,ERR,ERR,ERR,ERR,ERR,ERR,ERR,ERR,ERR,ERR,ERR,ERR,ERR,ERR,ERR,ERR,ERR,ERR,ERR,ERR,ERR,ERR,ERR,0.0,0.0,0.0,0.0,0.0,1.3936040501711995e+18,7.805,0.0,0,0,4,0,7116,0.0,100,0.0,0.0,0.0,0.0,0.0,0,0,0,0,0.0,0,0,0,0,0,0,0,0,0,0,0,0,0,0,0,0,0,0,0,0,0,0,0,0,0,0,0,0,0,0,0,0,0,31,40,40,71,65476,0,300,0,0,8,21553,0.0,-107605600.0,0.0,0.0,0.0,0.0,0.0,0.0,0.0,0.0,0.0,0.0,0.0,0.0,0.0,0.0,0.0,0.0,0.0,0.0,0.0,0.0,-2.004,-0.0,-0.0,-2.004,0.0,0.0,0.0,0.0,6291.0,1.0406703326171292e+34,6927.0,0.0,0.0,2.7184303811560617e+23,0.0,0.0,0.0,0.0,0.0,69,0.0,5.8480758863408324e+35,0.0,0.0,0.0,0.0,0.0,0.0,0.0,0,0,0,0.0,0.0,0.0,0.0,0.0,0.0,0.0,0.0,0.0,0.0,0.0,0.0,0.0,0.0,0.0,0.0,0,-107875648.0,69,0.0,138,0.0,0.0,0,13107,17040,13107,17049,13107,17043,0,0,0,70,68,100,2.7302359370752657e+23,71.2,0.0,74.2,2.7302370179391762e+23,74.0,1,49,50,180,13107,52429,0,0,0.0,0.0,0.0,0.0,-0.0,67.0,0.0,162057.094,0.0,751,0,739,0,0,0,721,0,766,0,736,0,742,0,741,0,712,0,7520,0.032,78920024064.0,0.0,0.0,784,16797,-0.0,162057.094,-114818.039,-0.0,0.133,6.909358625270745e+28,30.0,65.0,35,0.0,0.0,0.0,0.0,0.0,0.0,0.0,0.0,0.0,0.0,0.0,0.0,0.0,0.0,0.0,0.0,69.2,0,150,71,55,65476,0,300,0,1,8,20529,65476,0,0,40632,65.0,0.0,0.0,0.0,0.0,0.0
2026-09-04T20:31:06,ERR,ERR,ERR,ERR,ERR,ERR,ERR,ERR,ERR,ERR,ERR,ERR,ERR,ERR,ERR,ERR,ERR,ERR,ERR,ERR,ERR,ERR,ERR,ERR,ERR,ERR,ERR,ERR,ERR,ERR,ERR,ERR,ERR,ERR,ERR,ERR,ERR,ERR,ERR,ERR,ERR,ERR,ERR,ERR,ERR,ERR,ERR,ERR,ERR,ERR,ERR,ERR,ERR,ERR,ERR,ERR,ERR,ERR,ERR,ERR,ERR,ERR,ERR,ERR,ERR,ERR,ERR,ERR,ERR,ERR,ERR,ERR,ERR,ERR,ERR,ERR,ERR,ERR,ERR,ERR,ERR,ERR,ERR,ERR,ERR,ERR,ERR,ERR,ERR,ERR,ERR,ERR,ERR,ERR,ERR,ERR,ERR,ERR,ERR,ERR,ERR,ERR,ERR,ERR,ERR,ERR,ERR,ERR,ERR,ERR,ERR,ERR,ERR,ERR,ERR,ERR,ERR,ERR,ERR,ERR,ERR,ERR,ERR,ERR,ERR,0.0,0.0,0.0,0.0,0.0,1.3936040501711995e+18,7.805,0.0,0,0,4,0,7116,0.0,100,0.0,0.0,0.0,0.0,0.0,0,0,0,0,0.0,0,0,0,0,0,0,0,0,0,0,0,0,0,0,0,0,0,0,0,0,0,0,0,0,0,0,0,0,0,0,0,0,0,31,40,40,71,65476,0,300,0,0,8,21553,0.0,-107605600.0,0.0,0.0,0.0,0.0,0.0,0.0,0.0,0.0,0.0,0.0,0.0,0.0,0.0,0.0,0.0,0.0,0.0,0.0,0.0,0.0,-2.004,-0.0,-0.0,-2.004,0.0,0.0,0.0,0.0,6291.0,1.0406703326171292e+34,6927.0,0.0,0.0,2.7184303811560617e+23,0.0,0.0,0.0,0.0,0.0,69,0.0,5.8480758863408324e+35,0.0,0.0,0.0,0.0,0.0,0.0,0.0,0,0,0,0.0,0.0,0.0,0.0,0.0,0.0,0.0,0.0,0.0,0.0,0.0,0.0,0.0,0.0,0.0,0.0,0,-107875648.0,69,0.0,138,0.0,0.0,0,13107,17040,13107,17049,13107,17043,0,0,0,70,68,100,2.7302359370752657e+23,71.2,0.0,74.2,2.7302370179391762e+23,74.0,1,49,50,180,13107,52429,0,0,0.0,0.0,0.0,0.0,-0.0,67.0,0.0,162057.094,0.0,751,0,739,0,0,0,721,0,766,0,736,0,742,0,741,0,712,0,7520,0.032,78920024064.0,0.0,0.0,784,16797,-0.0,162057.094,-114818.039,-0.0,0.133,6.909358625270745e+28,30.0,65.0,35,0.0,0.0,0.0,0.0,0.0,0.0,0.0,0.0,0.0,0.0,0.0,0.0,0.0,0.0,0.0,0.0,69.2,0,150,71,55,65476,0,300,0,1,8,20529,65476,0,0,40632,65.0,0.0,0.0,0.0,0.0,0.0
2026-09-04T20:31:07,ERR,ERR,ERR,ERR,ERR,ERR,ERR,ERR,ERR,ERR,ERR,ERR,ERR,ERR,ERR,ERR,ERR,ERR,ERR,ERR,ERR,ERR,ERR,ERR,ERR,ERR,ERR,ERR,ERR,ERR,ERR,ERR,ERR,ERR,ERR,ERR,ERR,ERR,ERR,ERR,ERR,ERR,ERR,ERR,ERR,ERR,ERR,ERR,ERR,ERR,ERR,ERR,ERR,ERR,ERR,ERR,ERR,ERR,ERR,ERR,ERR,ERR,ERR,ERR,ERR,ERR,ERR,ERR,ERR,ERR,ERR,ERR,ERR,ERR,ERR,ERR,ERR,ERR,ERR,ERR,ERR,ERR,ERR,ERR,ERR,ERR,ERR,ERR,ERR,ERR,ERR,ERR,ERR,ERR,ERR,ERR,ERR,ERR,ERR,ERR,ERR,ERR,ERR,ERR,ERR,ERR,ERR,ERR,ERR,ERR,ERR,ERR,ERR,ERR,ERR,ERR,ERR,ERR,ERR,ERR,ERR,ERR,ERR,ERR,ERR,0.0,0.0,0.0,0.0,0.0,1.3936040501711995e+18,7.805,0.0,0,0,4,0,7116,0.0,100,0.0,0.0,0.0,0.0,0.0,0,0,0,0,0.0,0,0,0,0,0,0,0,0,0,0,0,0,0,0,0,0,0,0,0,0,0,0,0,0,0,0,0,0,0,0,0,0,0,31,40,40,71,65476,0,300,0,0,8,21553,0.0,-107605600.0,0.0,0.0,0.0,0.0,0.0,0.0,0.0,0.0,0.0,0.0,0.0,0.0,0.0,0.0,0.0,0.0,0.0,0.0,0.0,0.0,-2.004,-0.0,-0.0,-2.004,0.0,0.0,0.0,0.0,6289.0,-0.0,6928.0,0.0,0.0,2.7184303811560617e+23,0.0,0.0,0.0,0.0,0.0,69,0.0,5.8480758863408324e+35,0.0,0.0,0.0,0.0,0.0,0.0,0.0,0,0,0,0.0,0.0,0.0,0.0,0.0,0.0,0.0,0.0,0.0,0.0,0.0,0.0,0.0,0.0,0.0,0.0,0,-107875648.0,69,0.0,138,0.0,0.0,0,13107,17040,13107,17049,13107,17043,0,0,0,70,68,100,2.7302359370752657e+23,71.2,0.0,74.2,2.7302370179391762e+23,74.0,1,49,50,180,13107,52429,0,0,0.0,0.0,0.0,0.0,-0.0,67.0,0.0,162057.094,0.0,751,0,739,0,0,0,721,0,766,0,736,0,742,0,741,0,712,0,7520,0.032,78920024064.0,0.0,0.0,784,16797,-0.0,162057.094,-114818.039,-0.0,0.133,6.909358625270745e+28,30.0,65.0,35,0.0,0.0,0.0,0.0,0.0,0.0,0.0,0.0,0.0,0.0,0.0,0.0,0.0,0.0,0.0,0.0,69.2,0,150,71,55,65476,0,300,0,1,8,20529,65476,0,0,40632,65.0,0.0,0.0,0.0,0.0,0.0
2026-09-04T20:31:08,ERR,ERR,ERR,ERR,ERR,ERR,ERR,ERR,ERR,ERR,ERR,ERR,ERR,ERR,ERR,ERR,ERR,ERR,ERR,ERR,ERR,ERR,ERR,ERR,ERR,ERR,ERR,ERR,ERR,ERR,ERR,ERR,ERR,ERR,ERR,ERR,ERR,ERR,ERR,ERR,ERR,ERR,ERR,ERR,ERR,ERR,ERR,ERR,ERR,ERR,ERR,ERR,ERR,ERR,ERR,ERR,ERR,ERR,ERR,ERR,ERR,ERR,ERR,ERR,ERR,ERR,ERR,ERR,ERR,ERR,ERR,ERR,ERR,ERR,ERR,ERR,ERR,ERR,ERR,ERR,ERR,ERR,ERR,ERR,ERR,ERR,ERR,ERR,ERR,ERR,ERR,ERR,ERR,ERR,ERR,ERR,ERR,ERR,ERR,ERR,ERR,ERR,ERR,ERR,ERR,ERR,ERR,ERR,ERR,ERR,ERR,ERR,ERR,ERR,ERR,ERR,ERR,ERR,ERR,ERR,ERR,ERR,ERR,ERR,ERR,0.0,0.0,0.0,0.0,0.0,1.3936040501711995e+18,7.805,0.0,0,0,4,0,7116,0.0,100,0.0,0.0,0.0,0.0,0.0,0,0,0,0,0.0,0,0,0,0,0,0,0,0,0,0,0,0,0,0,0,0,0,0,0,0,0,0,0,0,0,0,0,0,0,0,0,0,0,31,40,40,71,65476,0,300,0,0,8,21553,0.0,-107605600.0,0.0,0.0,0.0,0.0,0.0,0.0,0.0,0.0,0.0,0.0,0.0,0.0,0.0,0.0,0.0,0.0,0.0,0.0,0.0,0.0,-2.004,-0.0,-0.0,-2.004,0.0,0.0,0.0,0.0,6289.0,-0.0,6928.0,0.0,0.0,2.7184303811560617e+23,0.0,0.0,0.0,0.0,0.0,69,0.0,5.8480758863408324e+35,0.0,0.0,0.0,0.0,0.0,0.0,0.0,0,0,0,0.0,0.0,0.0,0.0,0.0,0.0,0.0,0.0,0.0,0.0,0.0,0.0,0.0,0.0,0.0,0.0,0,-107875648.0,69,0.0,138,0.0,0.0,0,13107,17040,13107,17049,13107,17043,0,0,0,70,68,100,2.7302359370752657e+23,71.2,0.0,74.2,2.7302370179391762e+23,74.0,1,49,50,180,13107,52429,0,0,0.0,0.0,0.0,0.0,-0.0,67.0,0.0,162057.094,0.0,751,0,739,0,0,0,721,0,766,0,736,0,742,0,741,0,712,0,7520,0.032,78920024064.0,0.0,0.0,784,16797,-0.0,162057.094,-114818.039,-0.0,0.133,6.909358625270745e+28,30.0,65.0,35,0.0,0.0,0.0,0.0,0.0,0.0,0.0,0.0,0.0,0.0,0.0,0.0,0.0,0.0,0.0,0.0,69.2,0,150,71,55,65476,0,300,0,1,8,20529,65476,0,0,40632,65.0,0.0,0.0,0.0,0.0,0.0
2026-09-04T20:31:09,ERR,ERR,ERR,ERR,ERR,ERR,ERR,ERR,ERR,ERR,ERR,ERR,ERR,ERR,ERR,ERR,ERR,ERR,ERR,ERR,ERR,ERR,ERR,ERR,ERR,ERR,ERR,ERR,ERR,ERR,ERR,ERR,ERR,ERR,ERR,ERR,ERR,ERR,ERR,ERR,ERR,ERR,ERR,ERR,ERR,ERR,ERR,ERR,ERR,ERR,ERR,ERR,ERR,ERR,ERR,ERR,ERR,ERR,ERR,ERR,ERR,ERR,ERR,ERR,ERR,ERR,ERR,ERR,ERR,ERR,ERR,ERR,ERR,ERR,ERR,ERR,ERR,ERR,ERR,ERR,ERR,ERR,ERR,ERR,ERR,ERR,ERR,ERR,ERR,ERR,ERR,ERR,ERR,ERR,ERR,ERR,ERR,ERR,ERR,ERR,ERR,ERR,ERR,ERR,ERR,ERR,ERR,ERR,ERR,ERR,ERR,ERR,ERR,ERR,ERR,ERR,ERR,ERR,ERR,ERR,ERR,ERR,ERR,ERR,ERR,0.0,0.0,0.0,0.0,0.0,1.3936040501711995e+18,7.805,0.0,0,0,4,0,7116,0.0,100,0.0,0.0,0.0,0.0,0.0,0,0,0,0,0.0,0,0,0,0,0,0,0,0,0,0,0,0,0,0,0,0,0,0,0,0,0,0,0,0,0,0,0,0,0,0,0,0,0,31,40,40,71,65476,0,300,0,0,8,21553,0.0,-107605600.0,0.0,0.0,0.0,0.0,0.0,0.0,0.0,0.0,0.0,0.0,0.0,0.0,0.0,0.0,0.0,0.0,0.0,0.0,0.0,0.0,-2.004,-0.0,-0.0,-2.004,0.0,0.0,0.0,0.0,6289.0,-0.0,6928.0,0.0,0.0,2.7184303811560617e+23,0.0,0.0,0.0,0.0,0.0,69,0.0,5.8480758863408324e+35,0.0,0.0,0.0,0.0,0.0,0.0,0.0,0,0,0,0.0,0.0,0.0,0.0,0.0,0.0,0.0,0.0,0.0,0.0,0.0,0.0,0.0,0.0,0.0,0.0,0,-107875648.0,69,0.0,138,0.0,0.0,0,13107,17040,13107,17049,13107,17043,0,0,0,70,68,100,2.7302359370752657e+23,71.2,2.7302370179391762e+23,74.2,2.7302370179391762e+23,74.0,1,49,50,180,0,52429,0,0,0.0,0.0,0.0,0.0,-0.0,67.0,0.0,162057.094,0.0,751,0,739,0,0,0,721,0,766,0,736,0,742,0,741,0,712,0,7520,0.032,78920024064.0,0.0,0.0,784,16797,-0.0,162057.094,-114818.039,-0.0,0.133,6.909358625270745e+28,30.0,65.0,35,0.0,0.0,0.0,0.0,0.0,0.0,0.0,0.0,0.0,0.0,0.0,0.0,0.0,0.0,0.0,0.0,69.2,0,150,71,55,65476,0,300,0,1,8,20529,65476,0,0,40632,65.0,0.0,0.0,0.0,0.0,0.0
2026-09-04T20:31:10,ERR,ERR,ERR,ERR,ERR,ERR,ERR,ERR,ERR,ERR,ERR,ERR,ERR,ERR,ERR,ERR,ERR,ERR,ERR,ERR,ERR,ERR,ERR,ERR,ERR,ERR,ERR,ERR,ERR,ERR,ERR,ERR,ERR,ERR,ERR,ERR,ERR,ERR,ERR,ERR,ERR,ERR,ERR,ERR,ERR,ERR,ERR,ERR,ERR,ERR,ERR,ERR,ERR,ERR,ERR,ERR,ERR,ERR,ERR,ERR,ERR,ERR,ERR,ERR,ERR,ERR,ERR,ERR,ERR,ERR,ERR,ERR,ERR,ERR,ERR,ERR,ERR,ERR,ERR,ERR,ERR,ERR,ERR,ERR,ERR,ERR,ERR,ERR,ERR,ERR,ERR,ERR,ERR,ERR,ERR,ERR,ERR,ERR,ERR,ERR,ERR,ERR,ERR,ERR,ERR,ERR,ERR,ERR,ERR,ERR,ERR,ERR,ERR,ERR,ERR,ERR,ERR,ERR,ERR,ERR,ERR,ERR,ERR,ERR,ERR,0.0,0.0,0.0,0.0,0.0,1.3936040501711995e+18,7.805,0.0,0,0,4,0,7116,0.0,100,0.0,0.0,0.0,0.0,0.0,0,0,0,0,0.0,0,0,0,0,0,0,0,0,0,0,0,0,0,0,0,0,0,0,0,0,0,0,0,0,0,0,0,0,0,0,0,0,0,31,40,40,71,65476,0,300,0,0,8,21553,0.0,-107605600.0,0.0,0.0,0.0,0.0,0.0,0.0,0.0,0.0,0.0,0.0,0.0,0.0,0.0,0.0,0.0,0.0,0.0,0.0,0.0,0.0,-2.004,-0.0,-0.0,-2.004,0.0,0.0,0.0,0.0,6289.0,-0.0,6928.0,0.0,0.0,2.7184303811560617e+23,0.0,0.0,0.0,0.0,0.0,69,0.0,5.8480758863408324e+35,0.0,0.0,0.0,0.0,0.0,0.0,0.0,0,0,0,0.0,0.0,0.0,0.0,0.0,0.0,0.0,0.0,0.0,0.0,0.0,0.0,0.0,0.0,0.0,0.0,0,-107875648.0,69,0.0,138,0.0,0.0,0,13107,17040,13107,17049,13107,17043,0,0,0,70,68,100,2.7302359370752657e+23,71.2,2.7302370179391762e+23,74.2,2.7302370179391762e+23,74.0,1,49,50,180,0,52429,0,0,0.0,0.0,0.0,0.0,-0.0,67.0,0.0,162057.094,0.0,751,0,739,0,0,0,721,0,766,0,736,0,742,0,741,0,712,0,7520,0.032,78920024064.0,0.0,0.0,784,16797,-0.0,162057.094,-114818.039,-0.0,0.133,6.909358625270745e+28,30.0,65.0,35,0.0,0.0,0.0,0.0,0.0,0.0,0.0,0.0,0.0,0.0,0.0,0.0,0.0,0.0,0.0,0.0,69.2,0,150,71,55,65476,0,300,0,1,8,20529,65476,0,0,40632,65.0,0.0,0.0,0.0,0.0,0.0
2026-09-04T20:31:11,ERR,ERR,ERR,ERR,ERR,ERR,ERR,ERR,ERR,ERR,ERR,ERR,ERR,ERR,ERR,ERR,ERR,ERR,ERR,ERR,ERR,ERR,ERR,ERR,ERR,ERR,ERR,ERR,ERR,ERR,ERR,ERR,ERR,ERR,ERR,ERR,ERR,ERR,ERR,ERR,ERR,ERR,ERR,ERR,ERR,ERR,ERR,ERR,ERR,ERR,ERR,ERR,ERR,ERR,ERR,ERR,ERR,ERR,ERR,ERR,ERR,ERR,ERR,ERR,ERR,ERR,ERR,ERR,ERR,ERR,ERR,ERR,ERR,ERR,ERR,ERR,ERR,ERR,ERR,ERR,ERR,ERR,ERR,ERR,ERR,ERR,ERR,ERR,ERR,ERR,ERR,ERR,ERR,ERR,ERR,ERR,ERR,ERR,ERR,ERR,ERR,ERR,ERR,ERR,ERR,ERR,ERR,ERR,ERR,ERR,ERR,ERR,ERR,ERR,ERR,ERR,ERR,ERR,ERR,ERR,ERR,ERR,ERR,ERR,ERR,0.0,0.0,0.0,0.0,0.0,1.3936040501711995e+18,7.805,0.0,0,0,4,0,7116,0.0,100,0.0,0.0,0.0,0.0,0.0,0,0,0,0,0.0,0,0,0,0,0,0,0,0,0,0,0,0,0,0,0,0,0,0,0,0,0,0,0,0,0,0,0,0,0,0,0,0,0,31,40,40,71,65476,0,300,0,0,8,21553,0.0,-107605600.0,0.0,0.0,0.0,0.0,0.0,0.0,0.0,0.0,0.0,0.0,0.0,0.0,0.0,0.0,0.0,0.0,0.0,0.0,0.0,0.0,-2.004,-0.0,-0.0,-2.004,0.0,0.0,0.0,0.0,6289.0,-0.0,6928.0,0.0,0.0,2.7184303811560617e+23,0.0,0.0,0.0,0.0,0.0,69,0.0,5.8480758863408324e+35,0.0,0.0,0.0,0.0,0.0,0.0,0.0,0,0,0,0.0,0.0,0.0,0.0,0.0,0.0,0.0,0.0,0.0,0.0,0.0,0.0,0.0,0.0,0.0,0.0,0,-107875648.0,69,0.0,138,0.0,0.0,0,13107,17040,13107,17049,13107,17043,0,0,0,70,68,100,2.7302359370752657e+23,71.2,2.7302370179391762e+23,74.2,2.7302370179391762e+23,74.0,1,49,50,180,0,52429,0,0,0.0,0.0,0.0,0.0,-0.0,67.0,0.0,162057.094,0.0,751,0,739,0,0,0,721,0,766,0,736,0,742,0,741,0,712,0,7520,0.032,78920024064.0,0.0,0.0,784,16797,-0.0,162057.094,-114818.039,-0.0,0.133,6.909358625270745e+28,30.0,65.0,35,0.0,0.0,0.0,0.0,0.0,0.0,0.0,0.0,0.0,0.0,0.0,0.0,0.0,0.0,0.0,0.0,69.2,0,150,71,55,65476,0,300,0,1,8,20529,65476,0,0,40632,65.0,0.0,0.0,0.0,0.0,0.0
2026-09-04T20:31:12,ERR,ERR,ERR,ERR,ERR,ERR,ERR,ERR,ERR,ERR,ERR,ERR,ERR,ERR,ERR,ERR,ERR,ERR,ERR,ERR,ERR,ERR,ERR,ERR,ERR,ERR,ERR,ERR,ERR,ERR,ERR,ERR,ERR,ERR,ERR,ERR,ERR,ERR,ERR,ERR,ERR,ERR,ERR,ERR,ERR,ERR,ERR,ERR,ERR,ERR,ERR,ERR,ERR,ERR,ERR,ERR,ERR,ERR,ERR,ERR,ERR,ERR,ERR,ERR,ERR,ERR,ERR,ERR,ERR,ERR,ERR,ERR,ERR,ERR,ERR,ERR,ERR,ERR,ERR,ERR,ERR,ERR,ERR,ERR,ERR,ERR,ERR,ERR,ERR,ERR,ERR,ERR,ERR,ERR,ERR,ERR,ERR,ERR,ERR,ERR,ERR,ERR,ERR,ERR,ERR,ERR,ERR,ERR,ERR,ERR,ERR,ERR,ERR,ERR,ERR,ERR,ERR,ERR,ERR,ERR,ERR,ERR,ERR,ERR,ERR,0.0,0.0,0.0,0.0,0.0,1.3936040501711995e+18,7.805,0.0,0,0,4,0,7116,0.0,100,0.0,0.0,0.0,0.0,0.0,0,0,0,0,0.0,0,0,0,0,0,0,0,0,0,0,0,0,0,0,0,0,0,0,0,0,0,0,0,0,0,0,0,0,0,0,0,0,0,31,40,40,71,65476,0,300,0,0,8,21553,0.0,-107605600.0,0.0,0.0,0.0,0.0,0.0,0.0,0.0,0.0,0.0,0.0,0.0,0.0,0.0,0.0,0.0,0.0,0.0,0.0,0.0,0.0,-2.004,-0.0,-0.0,-2.004,0.0,0.0,0.0,0.0,6289.0,-0.0,6928.0,0.0,0.0,2.7184303811560617e+23,0.0,0.0,0.0,0.0,0.0,69,0.0,5.8480758863408324e+35,0.0,0.0,0.0,0.0,0.0,0.0,0.0,0,0,0,0.0,0.0,0.0,0.0,0.0,0.0,0.0,0.0,0.0,0.0,0.0,0.0,0.0,0.0,0.0,0.0,0,-107875648.0,69,0.0,138,0.0,0.0,0,13107,17040,13107,17049,13107,17043,0,0,0,70,68,100,2.7302359370752657e+23,71.2,2.7302370179391762e+23,74.2,2.7302370179391762e+23,74.0,1,49,50,180,0,52429,0,0,0.0,0.0,0.0,0.0,-0.0,67.0,0.0,162057.094,0.0,751,0,739,0,0,0,721,0,766,0,736,0,742,0,741,0,712,0,7520,0.032,78920024064.0,0.0,0.0,784,16797,-0.0,162057.094,-114818.039,-0.0,0.133,6.909358625270745e+28,30.0,65.0,35,0.0,0.0,0.0,0.0,0.0,0.0,0.0,0.0,0.0,0.0,0.0,0.0,0.0,0.0,0.0,0.0,69.2,0,150,71,55,65476,0,300,0,1,8,20529,65476,0,0,40632,65.0,0.0,0.0,0.0,0.0,0.0
2026-09-04T20:31:13,ERR,ERR,ERR,ERR,ERR,ERR,ERR,ERR,ERR,ERR,ERR,ERR,ERR,ERR,ERR,ERR,ERR,ERR,ERR,ERR,ERR,ERR,ERR,ERR,ERR,ERR,ERR,ERR,ERR,ERR,ERR,ERR,ERR,ERR,ERR,ERR,ERR,ERR,ERR,ERR,ERR,ERR,ERR,ERR,ERR,ERR,ERR,ERR,ERR,ERR,ERR,ERR,ERR,ERR,ERR,ERR,ERR,ERR,ERR,ERR,ERR,ERR,ERR,ERR,ERR,ERR,ERR,ERR,ERR,ERR,ERR,ERR,ERR,ERR,ERR,ERR,ERR,ERR,ERR,ERR,ERR,ERR,ERR,ERR,ERR,ERR,ERR,ERR,ERR,ERR,ERR,ERR,ERR,ERR,ERR,ERR,ERR,ERR,ERR,ERR,ERR,ERR,ERR,ERR,ERR,ERR,ERR,ERR,ERR,ERR,ERR,ERR,ERR,ERR,ERR,ERR,ERR,ERR,ERR,ERR,ERR,ERR,ERR,ERR,ERR,0.0,0.0,0.0,0.0,0.0,1.3936040501711995e+18,7.805,0.0,0,0,4,0,7116,0.0,100,0.0,0.0,0.0,0.0,0.0,0,0,0,0,0.0,0,0,0,0,0,0,0,0,0,0,0,0,0,0,0,0,0,0,0,0,0,0,0,0,0,0,0,0,0,0,0,0,0,31,40,40,71,65476,0,300,0,0,8,21553,0.0,-107605600.0,0.0,0.0,0.0,0.0,0.0,0.0,0.0,0.0,0.0,0.0,0.0,0.0,0.0,0.0,0.0,0.0,0.0,0.0,0.0,0.0,-2.004,-0.0,-0.0,-2.004,0.0,0.0,0.0,0.0,6289.0,-0.0,6928.0,0.0,0.0,2.7184303811560617e+23,0.0,0.0,0.0,0.0,0.0,69,0.0,5.8480758863408324e+35,0.0,0.0,0.0,0.0,0.0,0.0,0.0,0,0,0,0.0,0.0,0.0,0.0,0.0,0.0,0.0,0.0,0.0,0.0,0.0,0.0,0.0,0.0,0.0,0.0,0,-107875648.0,69,0.0,138,0.0,0.0,0,13107,17040,13107,17049,13107,17043,0,0,0,70,68,100,2.7302359370752657e+23,71.2,2.7302370179391762e+23,74.2,2.7302370179391762e+23,74.0,1,49,50,180,0,52429,0,0,0.0,0.0,0.0,0.0,-0.0,67.0,0.0,162057.094,0.0,751,0,739,0,0,0,721,0,766,0,736,0,742,0,741,0,712,0,7520,0.032,78920024064.0,0.0,0.0,784,16797,-0.0,162057.094,-114818.039,-0.0,0.133,6.909358625270745e+28,30.0,65.0,35,0.0,0.0,0.0,0.0,0.0,0.0,0.0,0.0,0.0,0.0,0.0,0.0,0.0,0.0,0.0,0.0,69.2,0,150,71,55,65476,0,300,0,1,8,20529,65476,0,0,40632,65.0,0.0,0.0,0.0,0.0,0.0
2026-09-04T20:31:14,ERR,ERR,ERR,ERR,ERR,ERR,ERR,ERR,ERR,ERR,ERR,ERR,ERR,ERR,ERR,ERR,ERR,ERR,ERR,ERR,ERR,ERR,ERR,ERR,ERR,ERR,ERR,ERR,ERR,ERR,ERR,ERR,ERR,ERR,ERR,ERR,ERR,ERR,ERR,ERR,ERR,ERR,ERR,ERR,ERR,ERR,ERR,ERR,ERR,ERR,ERR,ERR,ERR,ERR,ERR,ERR,ERR,ERR,ERR,ERR,ERR,ERR,ERR,ERR,ERR,ERR,ERR,ERR,ERR,ERR,ERR,ERR,ERR,ERR,ERR,ERR,ERR,ERR,ERR,ERR,ERR,ERR,ERR,ERR,ERR,ERR,ERR,ERR,ERR,ERR,ERR,ERR,ERR,ERR,ERR,ERR,ERR,ERR,ERR,ERR,ERR,ERR,ERR,ERR,ERR,ERR,ERR,ERR,ERR,ERR,ERR,ERR,ERR,ERR,ERR,ERR,ERR,ERR,ERR,ERR,ERR,ERR,ERR,ERR,ERR,0.0,0.0,0.0,0.0,0.0,1.3936040501711995e+18,7.805,0.0,0,0,4,0,7116,0.0,100,0.0,0.0,0.0,0.0,0.0,0,0,0,0,0.0,0,0,0,0,0,0,0,0,0,0,0,0,0,0,0,0,0,0,0,0,0,0,0,0,0,0,0,0,0,0,0,0,0,31,40,40,71,65476,0,300,0,0,8,21553,0.0,-107605600.0,0.0,0.0,0.0,0.0,0.0,0.0,0.0,0.0,0.0,0.0,0.0,0.0,0.0,0.0,0.0,0.0,0.0,0.0,0.0,0.0,-2.004,-0.0,-0.0,-2.004,0.0,0.0,0.0,0.0,6289.0,-0.0,6928.0,0.0,0.0,2.7184303811560617e+23,0.0,0.0,0.0,0.0,0.0,69,0.0,5.8480758863408324e+35,0.0,0.0,0.0,0.0,0.0,0.0,0.0,0,0,0,0.0,0.0,0.0,0.0,0.0,0.0,0.0,0.0,0.0,0.0,0.0,0.0,0.0,0.0,0.0,0.0,0,-107875648.0,69,0.0,138,0.0,0.0,0,13107,17040,13107,17049,13107,17043,0,0,0,70,68,100,2.7302359370752657e+23,71.2,2.7302370179391762e+23,74.2,2.7302370179391762e+23,74.0,1,49,50,180,0,52429,0,0,0.0,0.0,0.0,0.0,-0.0,67.0,0.0,162057.094,0.0,751,0,739,0,0,0,721,0,766,0,736,0,742,0,741,0,712,0,7520,0.032,78920024064.0,0.0,0.0,784,16797,-0.0,162057.094,-114818.039,-0.0,0.133,6.909358625270745e+28,30.0,65.0,35,0.0,0.0,0.0,0.0,0.0,0.0,0.0,0.0,0.0,0.0,0.0,0.0,0.0,0.0,0.0,0.0,69.2,0,150,71,55,65476,0,300,0,1,8,20529,65476,0,0,40632,65.0,0.0,0.0,0.0,0.0,0.0
2026-09-04T20:31:15,ERR,ERR,ERR,ERR,ERR,ERR,ERR,ERR,ERR,ERR,ERR,ERR,ERR,ERR,ERR,ERR,ERR,ERR,ERR,ERR,ERR,ERR,ERR,ERR,ERR,ERR,ERR,ERR,ERR,ERR,ERR,ERR,ERR,ERR,ERR,ERR,ERR,ERR,ERR,ERR,ERR,ERR,ERR,ERR,ERR,ERR,ERR,ERR,ERR,ERR,ERR,ERR,ERR,ERR,ERR,ERR,ERR,ERR,ERR,ERR,ERR,ERR,ERR,ERR,ERR,ERR,ERR,ERR,ERR,ERR,ERR,ERR,ERR,ERR,ERR,ERR,ERR,ERR,ERR,ERR,ERR,ERR,ERR,ERR,ERR,ERR,ERR,ERR,ERR,ERR,ERR,ERR,ERR,ERR,ERR,ERR,ERR,ERR,ERR,ERR,ERR,ERR,ERR,ERR,ERR,ERR,ERR,ERR,ERR,ERR,ERR,ERR,ERR,ERR,ERR,ERR,ERR,ERR,ERR,ERR,ERR,ERR,ERR,ERR,ERR,0.0,0.0,0.0,0.0,0.0,1.3936040501711995e+18,7.805,0.0,0,0,4,0,7116,0.0,100,0.0,0.0,0.0,0.0,0.0,0,0,0,0,0.0,0,0,0,0,0,0,0,0,0,0,0,0,0,0,0,0,0,0,0,0,0,0,0,0,0,0,0,0,0,0,0,0,0,31,40,40,71,65476,0,300,0,0,8,21553,0.0,-107605600.0,0.0,0.0,0.0,0.0,0.0,0.0,0.0,0.0,0.0,0.0,0.0,0.0,0.0,0.0,0.0,0.0,0.0,0.0,0.0,0.0,-2.004,-0.0,-0.0,-2.004,0.0,0.0,0.0,0.0,6292.0,-0.0,6930.0,0.0,0.0,2.7184303811560617e+23,0.0,0.0,0.0,0.0,0.0,69,0.0,-0.0,0.0,0.0,0.0,0.0,0.0,0.0,0.0,0,0,0,0.0,0.0,0.0,0.0,0.0,0.0,0.0,0.0,0.0,0.0,0.0,0.0,0.0,0.0,0.0,0.0,0,-107875648.0,69,0.0,138,0.0,0.0,0,13107,17040,13107,17049,13107,17043,0,0,0,70,68,100,2.7302359370752657e+23,71.1,0.0,74.2,2.7302370179391762e+23,74.0,1,49,50,180,0,52429,0,0,0.0,0.0,0.0,0.0,-0.0,67.0,0.0,162057.094,0.0,751,0,739,0,0,0,721,0,766,0,736,0,742,0,741,0,712,0,7520,0.032,79456894976.0,0.0,0.0,784,16797,-0.0,162057.094,-114818.039,-0.0,0.133,6.909358625270745e+28,30.0,65.0,35,0.0,0.0,0.0,0.0,0.0,0.0,0.0,0.0,0.0,0.0,0.0,0.0,0.0,0.0,0.0,0.0,69.2,0,150,71,55,65476,0,300,0,1,8,20529,65476,0,0,40632,65.0,0.0,0.0,0.0,0.0,0.0
2026-09-04T20:31:16,ERR,ERR,ERR,ERR,ERR,ERR,ERR,ERR,ERR,ERR,ERR,ERR,ERR,ERR,ERR,ERR,ERR,ERR,ERR,ERR,ERR,ERR,ERR,ERR,ERR,ERR,ERR,ERR,ERR,ERR,ERR,ERR,ERR,ERR,ERR,ERR,ERR,ERR,ERR,ERR,ERR,ERR,ERR,ERR,ERR,ERR,ERR,ERR,ERR,ERR,ERR,ERR,ERR,ERR,ERR,ERR,ERR,ERR,ERR,ERR,ERR,ERR,ERR,ERR,ERR,ERR,ERR,ERR,ERR,ERR,ERR,ERR,ERR,ERR,ERR,ERR,ERR,ERR,ERR,ERR,ERR,ERR,ERR,ERR,ERR,ERR,ERR,ERR,ERR,ERR,ERR,ERR,ERR,ERR,ERR,ERR,ERR,ERR,ERR,ERR,ERR,ERR,ERR,ERR,ERR,ERR,ERR,ERR,ERR,ERR,ERR,ERR,ERR,ERR,ERR,ERR,ERR,ERR,ERR,ERR,ERR,ERR,ERR,ERR,ERR,0.0,0.0,0.0,0.0,0.0,1.3936040501711995e+18,7.805,0.0,0,0,4,0,7116,0.0,100,0.0,0.0,0.0,0.0,0.0,0,0,0,0,0.0,0,0,0,0,0,0,0,0,0,0,0,0,0,0,0,0,0,0,0,0,0,0,0,0,0,0,0,0,0,0,0,0,0,31,40,40,71,65476,0,300,0,0,8,21553,0.0,-107605600.0,0.0,0.0,0.0,0.0,0.0,0.0,0.0,0.0,0.0,0.0,0.0,0.0,0.0,0.0,0.0,0.0,0.0,0.0,0.0,0.0,-2.004,-0.0,-0.0,-2.004,0.0,0.0,0.0,0.0,6292.0,-0.0,6930.0,0.0,0.0,2.7184303811560617e+23,0.0,0.0,0.0,0.0,0.0,69,0.0,-0.0,0.0,0.0,0.0,0.0,0.0,0.0,0.0,0,0,0,0.0,0.0,0.0,0.0,0.0,0.0,0.0,0.0,0.0,0.0,0.0,0.0,0.0,0.0,0.0,0.0,0,-107875648.0,69,0.0,138,0.0,0.0,0,13107,17040,13107,17049,13107,17043,0,0,0,70,68,100,2.7302359370752657e+23,71.1,0.0,74.2,2.7302370179391762e+23,74.0,1,49,50,180,0,52429,0,0,0.0,0.0,0.0,0.0,-0.0,67.0,0.0,162057.094,0.0,751,0,739,0,0,0,721,0,766,0,736,0,742,0,741,0,712,0,7520,0.032,79456894976.0,0.0,0.0,784,16797,-0.0,162057.094,-114818.039,-0.0,0.133,6.909358625270745e+28,30.0,65.0,35,0.0,0.0,0.0,0.0,0.0,0.0,0.0,0.0,0.0,0.0,0.0,0.0,0.0,0.0,0.0,0.0,69.2,0,150,71,55,65476,0,300,0,1,8,20529,65476,0,0,40632,65.0,0.0,0.0,0.0,0.0,0.0
2026-09-04T20:31:17,ERR,ERR,ERR,ERR,ERR,ERR,ERR,ERR,ERR,ERR,ERR,ERR,ERR,ERR,ERR,ERR,ERR,ERR,ERR,ERR,ERR,ERR,ERR,ERR,ERR,ERR,ERR,ERR,ERR,ERR,ERR,ERR,ERR,ERR,ERR,ERR,ERR,ERR,ERR,ERR,ERR,ERR,ERR,ERR,ERR,ERR,ERR,ERR,ERR,ERR,ERR,ERR,ERR,ERR,ERR,ERR,ERR,ERR,ERR,ERR,ERR,ERR,ERR,ERR,ERR,ERR,ERR,ERR,ERR,ERR,ERR,ERR,ERR,ERR,ERR,ERR,ERR,ERR,ERR,ERR,ERR,ERR,ERR,ERR,ERR,ERR,ERR,ERR,ERR,ERR,ERR,ERR,ERR,ERR,ERR,ERR,ERR,ERR,ERR,ERR,ERR,ERR,ERR,ERR,ERR,ERR,ERR,ERR,ERR,ERR,ERR,ERR,ERR,ERR,ERR,ERR,ERR,ERR,ERR,ERR,ERR,ERR,ERR,ERR,ERR,0.0,0.0,0.0,0.0,0.0,1.3936040501711995e+18,7.805,0.0,0,0,4,0,7116,0.0,100,0.0,0.0,0.0,0.0,0.0,0,0,0,0,0.0,0,0,0,0,0,0,0,0,0,0,0,0,0,0,0,0,0,0,0,0,0,0,0,0,0,0,0,0,0,0,0,0,0,31,40,40,71,65476,0,300,0,0,8,21553,0.0,-107605600.0,0.0,0.0,0.0,0.0,0.0,0.0,0.0,0.0,0.0,0.0,0.0,0.0,0.0,0.0,0.0,0.0,0.0,0.0,0.0,0.0,-2.004,-0.0,-0.0,-2.004,0.0,0.0,0.0,0.0,6292.0,-0.0,6930.0,0.0,0.0,2.7184303811560617e+23,0.0,0.0,0.0,0.0,0.0,69,0.0,-0.0,0.0,0.0,0.0,0.0,0.0,0.0,0.0,0,0,0,0.0,0.0,0.0,0.0,0.0,0.0,0.0,0.0,0.0,0.0,0.0,0.0,0.0,0.0,0.0,0.0,0,-107875648.0,69,0.0,138,0.0,0.0,0,13107,17040,13107,17049,13107,17043,0,0,0,70,68,100,2.7302359370752657e+23,71.1,0.0,74.2,2.7302370179391762e+23,74.0,1,49,50,180,0,52429,0,0,0.0,0.0,0.0,0.0,-0.0,67.0,0.0,162057.094,0.0,751,0,739,0,0,0,721,0,766,0,736,0,742,0,741,0,712,0,7520,0.032,79456894976.0,0.0,0.0,784,16797,-0.0,162057.094,-114818.039,-0.0,0.133,6.909358625270745e+28,30.0,65.0,35,0.0,0.0,0.0,0.0,0.0,0.0,0.0,0.0,0.0,0.0,0.0,0.0,0.0,0.0,0.0,0.0,69.2,0,150,71,55,65476,0,300,0,1,8,20529,65476,0,0,40632,65.0,0.0,0.0,0.0,0.0,0.0
2026-09-04T20:31:18,ERR,ERR,ERR,ERR,ERR,ERR,ERR,ERR,ERR,ERR,ERR,ERR,ERR,ERR,ERR,ERR,ERR,ERR,ERR,ERR,ERR,ERR,ERR,ERR,ERR,ERR,ERR,ERR,ERR,ERR,ERR,ERR,ERR,ERR,ERR,ERR,ERR,ERR,ERR,ERR,ERR,ERR,ERR,ERR,ERR,ERR,ERR,ERR,ERR,ERR,ERR,ERR,ERR,ERR,ERR,ERR,ERR,ERR,ERR,ERR,ERR,ERR,ERR,ERR,ERR,ERR,ERR,ERR,ERR,ERR,ERR,ERR,ERR,ERR,ERR,ERR,ERR,ERR,ERR,ERR,ERR,ERR,ERR,ERR,ERR,ERR,ERR,ERR,ERR,ERR,ERR,ERR,ERR,ERR,ERR,ERR,ERR,ERR,ERR,ERR,ERR,ERR,ERR,ERR,ERR,ERR,ERR,ERR,ERR,ERR,ERR,ERR,ERR,ERR,ERR,ERR,ERR,ERR,ERR,ERR,ERR,ERR,ERR,ERR,ERR,0.0,0.0,0.0,0.0,0.0,1.3936040501711995e+18,7.805,0.0,0,0,4,0,7116,0.0,100,0.0,0.0,0.0,0.0,0.0,0,0,0,0,0.0,0,0,0,0,0,0,0,0,0,0,0,0,0,0,0,0,0,0,0,0,0,0,0,0,0,0,0,0,0,0,0,0,0,31,40,40,71,65476,0,300,0,0,8,21553,0.0,-107605600.0,0.0,0.0,0.0,0.0,0.0,0.0,0.0,0.0,0.0,0.0,0.0,0.0,0.0,0.0,0.0,0.0,0.0,0.0,0.0,0.0,-2.004,-0.0,-0.0,-2.004,0.0,0.0,0.0,0.0,6292.0,-0.0,6930.0,0.0,0.0,2.7184303811560617e+23,0.0,0.0,0.0,0.0,0.0,69,0.0,-0.0,0.0,0.0,0.0,0.0,0.0,0.0,0.0,0,0,0,0.0,0.0,0.0,0.0,0.0,0.0,0.0,0.0,0.0,0.0,0.0,0.0,0.0,0.0,0.0,0.0,0,-107875648.0,69,0.0,138,0.0,0.0,0,13107,17040,13107,17049,13107,17043,0,0,0,70,68,100,2.7302359370752657e+23,71.1,0.0,74.2,2.7302370179391762e+23,74.0,1,49,50,180,0,52429,0,0,0.0,0.0,0.0,0.0,-0.0,67.0,0.0,162057.094,0.0,751,0,739,0,0,0,721,0,766,0,736,0,742,0,741,0,712,0,7520,0.032,79456894976.0,0.0,0.0,784,16797,-0.0,162057.094,-114818.039,-0.0,0.133,6.909358625270745e+28,30.0,65.0,35,0.0,0.0,0.0,0.0,0.0,0.0,0.0,0.0,0.0,0.0,0.0,0.0,0.0,0.0,0.0,0.0,69.2,0,150,71,55,65476,0,300,0,1,8,20529,65476,0,0,40632,65.0,0.0,0.0,0.0,0.0,0.0
2026-09-04T20:31:19,ERR,ERR,ERR,ERR,ERR,ERR,ERR,ERR,ERR,ERR,ERR,ERR,ERR,ERR,ERR,ERR,ERR,ERR,ERR,ERR,ERR,ERR,ERR,ERR,ERR,ERR,ERR,ERR,ERR,ERR,ERR,ERR,ERR,ERR,ERR,ERR,ERR,ERR,ERR,ERR,ERR,ERR,ERR,ERR,ERR,ERR,ERR,ERR,ERR,ERR,ERR,ERR,ERR,ERR,ERR,ERR,ERR,ERR,ERR,ERR,ERR,ERR,ERR,ERR,ERR,ERR,ERR,ERR,ERR,ERR,ERR,ERR,ERR,ERR,ERR,ERR,ERR,ERR,ERR,ERR,ERR,ERR,ERR,ERR,ERR,ERR,ERR,ERR,ERR,ERR,ERR,ERR,ERR,ERR,ERR,ERR,ERR,ERR,ERR,ERR,ERR,ERR,ERR,ERR,ERR,ERR,ERR,ERR,ERR,ERR,ERR,ERR,ERR,ERR,ERR,ERR,ERR,ERR,ERR,ERR,ERR,ERR,ERR,ERR,ERR,0.0,0.0,0.0,0.0,0.0,1.3936040501711995e+18,7.805,0.0,0,0,4,0,7116,0.0,100,0.0,0.0,0.0,0.0,0.0,0,0,0,0,0.0,0,0,0,0,0,0,0,0,0,0,0,0,0,0,0,0,0,0,0,0,0,0,0,0,0,0,0,0,0,0,0,0,0,31,40,40,71,65476,0,300,0,0,8,21553,0.0,-107605600.0,0.0,0.0,0.0,0.0,0.0,0.0,0.0,0.0,0.0,0.0,0.0,0.0,0.0,0.0,0.0,0.0,0.0,0.0,0.0,0.0,-2.004,-0.0,-0.0,-2.004,0.0,0.0,0.0,0.0,6292.0,-0.0,6930.0,0.0,0.0,2.7184303811560617e+23,0.0,0.0,0.0,0.0,0.0,69,0.0,-0.0,0.0,0.0,0.0,0.0,0.0,0.0,0.0,0,0,0,0.0,0.0,0.0,0.0,0.0,0.0,0.0,0.0,0.0,0.0,0.0,0.0,0.0,0.0,0.0,0.0,0,-107875648.0,69,0.0,138,0.0,0.0,0,13107,17040,13107,17049,13107,17043,0,0,0,70,68,100,2.7302359370752657e+23,71.1,0.0,74.2,2.7302370179391762e+23,74.0,1,49,50,180,0,52429,0,0,0.0,0.0,0.0,0.0,-0.0,67.0,0.0,162057.094,0.0,751,0,739,0,0,0,721,0,766,0,736,0,742,0,741,0,712,0,7520,0.032,79456894976.0,0.0,0.0,784,16797,-0.0,162057.094,-114818.039,-0.0,0.133,6.909358625270745e+28,30.0,65.0,35,0.0,0.0,0.0,0.0,0.0,0.0,0.0,0.0,0.0,0.0,0.0,0.0,0.0,0.0,0.0,0.0,69.2,0,150,71,55,65476,0,300,0,1,8,20529,65476,0,0,40632,65.0,0.0,0.0,0.0,0.0,0.0
2026-09-04T20:31:20,ERR,ERR,ERR,ERR,ERR,ERR,ERR,ERR,ERR,ERR,ERR,ERR,ERR,ERR,ERR,ERR,ERR,ERR,ERR,ERR,ERR,ERR,ERR,ERR,ERR,ERR,ERR,ERR,ERR,ERR,ERR,ERR,ERR,ERR,ERR,ERR,ERR,ERR,ERR,ERR,ERR,ERR,ERR,ERR,ERR,ERR,ERR,ERR,ERR,ERR,ERR,ERR,ERR,ERR,ERR,ERR,ERR,ERR,ERR,ERR,ERR,ERR,ERR,ERR,ERR,ERR,ERR,ERR,ERR,ERR,ERR,ERR,ERR,ERR,ERR,ERR,ERR,ERR,ERR,ERR,ERR,ERR,ERR,ERR,ERR,ERR,ERR,ERR,ERR,ERR,ERR,ERR,ERR,ERR,ERR,ERR,ERR,ERR,ERR,ERR,ERR,ERR,ERR,ERR,ERR,ERR,ERR,ERR,ERR,ERR,ERR,ERR,ERR,ERR,ERR,ERR,ERR,ERR,ERR,ERR,ERR,ERR,ERR,ERR,ERR,0.0,0.0,0.0,0.0,0.0,1.3936040501711995e+18,7.805,0.0,0,0,4,0,7116,0.0,100,0.0,0.0,0.0,0.0,0.0,0,0,0,0,0.0,0,0,0,0,0,0,0,0,0,0,0,0,0,0,0,0,0,0,0,0,0,0,0,0,0,0,0,0,0,0,0,0,0,31,40,40,71,65476,0,300,0,0,8,21553,0.0,-107605600.0,0.0,0.0,0.0,0.0,0.0,0.0,0.0,0.0,0.0,0.0,0.0,0.0,0.0,0.0,0.0,0.0,0.0,0.0,0.0,0.0,-2.004,-0.0,-0.0,-2.004,0.0,0.0,0.0,0.0,6292.0,-0.0,6930.0,0.0,0.0,2.7184303811560617e+23,0.0,0.0,0.0,0.0,0.0,69,0.0,-0.0,0.0,0.0,0.0,0.0,0.0,0.0,0.0,0,0,0,0.0,0.0,0.0,0.0,0.0,0.0,0.0,0.0,0.0,0.0,0.0,0.0,0.0,0.0,0.0,0.0,0,-107875648.0,69,0.0,138,0.0,0.0,0,13107,17040,13107,17049,13107,17043,0,0,0,70,68,100,2.7302359370752657e+23,71.1,0.0,74.2,2.7302370179391762e+23,74.0,1,49,50,180,13107,52429,0,0,0.0,0.0,0.0,0.0,-0.0,67.0,0.0,162057.094,0.0,751,0,739,0,0,0,721,0,766,0,736,0,742,0,741,0,712,0,7520,0.032,79456894976.0,0.0,0.0,784,16797,-0.0,162057.094,-114818.039,-0.0,0.133,6.909358625270745e+28,30.0,65.0,35,0.0,0.0,0.0,0.0,0.0,0.0,0.0,0.0,0.0,0.0,0.0,0.0,0.0,0.0,0.0,0.0,69.2,0,150,71,55,65476,0,300,0,1,8,20529,65476,0,0,40632,65.0,0.0,0.0,0.0,0.0,0.0
2026-09-04T20:31:21,ERR,ERR,ERR,ERR,ERR,ERR,ERR,ERR,ERR,ERR,ERR,ERR,ERR,ERR,ERR,ERR,ERR,ERR,ERR,ERR,ERR,ERR,ERR,ERR,ERR,ERR,ERR,ERR,ERR,ERR,ERR,ERR,ERR,ERR,ERR,ERR,ERR,ERR,ERR,ERR,ERR,ERR,ERR,ERR,ERR,ERR,ERR,ERR,ERR,ERR,ERR,ERR,ERR,ERR,ERR,ERR,ERR,ERR,ERR,ERR,ERR,ERR,ERR,ERR,ERR,ERR,ERR,ERR,ERR,ERR,ERR,ERR,ERR,ERR,ERR,ERR,ERR,ERR,ERR,ERR,ERR,ERR,ERR,ERR,ERR,ERR,ERR,ERR,ERR,ERR,ERR,ERR,ERR,ERR,ERR,ERR,ERR,ERR,ERR,ERR,ERR,ERR,ERR,ERR,ERR,ERR,ERR,ERR,ERR,ERR,ERR,ERR,ERR,ERR,ERR,ERR,ERR,ERR,ERR,ERR,ERR,ERR,ERR,ERR,ERR,0.0,0.0,0.0,0.0,0.0,1.3936040501711995e+18,7.805,0.0,0,0,4,0,7116,0.0,100,0.0,0.0,0.0,0.0,0.0,0,0,0,0,0.0,0,0,0,0,0,0,0,0,0,0,0,0,0,0,0,0,0,0,0,0,0,0,0,0,0,0,0,0,0,0,0,0,0,31,40,40,71,65476,0,300,0,0,8,21553,0.0,-107605600.0,0.0,0.0,0.0,0.0,0.0,0.0,0.0,0.0,0.0,0.0,0.0,0.0,0.0,0.0,0.0,0.0,0.0,0.0,0.0,0.0,-2.004,-0.0,-0.0,-2.004,0.0,0.0,0.0,0.0,6292.0,-0.0,6930.0,0.0,0.0,2.7184303811560617e+23,0.0,0.0,0.0,0.0,0.0,69,0.0,-0.0,0.0,0.0,0.0,0.0,0.0,0.0,0.0,0,0,0,0.0,0.0,0.0,0.0,0.0,0.0,0.0,0.0,0.0,0.0,0.0,0.0,0.0,0.0,0.0,0.0,0,-107875648.0,69,0.0,138,0.0,0.0,0,13107,17040,13107,17049,13107,17043,0,0,0,70,68,100,2.7302359370752657e+23,71.1,0.0,74.2,2.7302370179391762e+23,74.0,1,49,50,180,13107,52429,0,0,0.0,0.0,0.0,0.0,-0.0,67.0,0.0,162057.094,0.0,751,0,739,0,0,0,721,0,766,0,736,0,742,0,741,0,712,0,7520,0.032,79456894976.0,0.0,0.0,784,16797,-0.0,162057.094,-114818.039,-0.0,0.133,6.909358625270745e+28,30.0,65.0,35,0.0,0.0,0.0,0.0,0.0,0.0,0.0,0.0,0.0,0.0,0.0,0.0,0.0,0.0,0.0,0.0,69.2,0,150,71,55,65476,0,300,0,1,8,20529,65476,0,0,40632,65.0,0.0,0.0,0.0,0.0,0.0
2026-09-04T20:31:22,ERR,ERR,ERR,ERR,ERR,ERR,ERR,ERR,ERR,ERR,ERR,ERR,ERR,ERR,ERR,ERR,ERR,ERR,ERR,ERR,ERR,ERR,ERR,ERR,ERR,ERR,ERR,ERR,ERR,ERR,ERR,ERR,ERR,ERR,ERR,ERR,ERR,ERR,ERR,ERR,ERR,ERR,ERR,ERR,ERR,ERR,ERR,ERR,ERR,ERR,ERR,ERR,ERR,ERR,ERR,ERR,ERR,ERR,ERR,ERR,ERR,ERR,ERR,ERR,ERR,ERR,ERR,ERR,ERR,ERR,ERR,ERR,ERR,ERR,ERR,ERR,ERR,ERR,ERR,ERR,ERR,ERR,ERR,ERR,ERR,ERR,ERR,ERR,ERR,ERR,ERR,ERR,ERR,ERR,ERR,ERR,ERR,ERR,ERR,ERR,ERR,ERR,ERR,ERR,ERR,ERR,ERR,ERR,ERR,ERR,ERR,ERR,ERR,ERR,ERR,ERR,ERR,ERR,ERR,ERR,ERR,ERR,ERR,ERR,ERR,0.0,0.0,0.0,0.0,0.0,1.3936040501711995e+18,7.805,0.0,0,0,4,0,7116,0.0,100,0.0,0.0,0.0,0.0,0.0,0,0,0,0,0.0,0,0,0,0,0,0,0,0,0,0,0,0,0,0,0,0,0,0,0,0,0,0,0,0,0,0,0,0,0,0,0,0,0,31,40,40,71,65476,0,300,0,0,8,21553,0.0,-107605600.0,0.0,0.0,0.0,0.0,0.0,0.0,0.0,0.0,0.0,0.0,0.0,0.0,0.0,0.0,0.0,0.0,0.0,0.0,0.0,0.0,-2.004,-0.0,-0.0,-2.004,0.0,0.0,0.0,0.0,6286.0,-0.0,6931.0,0.0,0.0,2.7184303811560617e+23,0.0,0.0,0.0,0.0,0.0,69,0.0,-107615192.0,0.0,0.0,0.0,0.0,0.0,0.0,0.0,0,0,0,0.0,0.0,0.0,0.0,0.0,0.0,0.0,0.0,0.0,0.0,0.0,0.0,0.0,0.0,0.0,0.0,0,-107875648.0,69,0.0,138,0.0,0.0,0,13107,17040,13107,17049,13107,17043,0,0,0,70,68,100,2.7302359370752657e+23,71.1,0.0,74.2,2.7302370179391762e+23,74.0,1,49,50,180,13107,52429,0,0,0.0,0.0,0.0,0.0,-0.0,67.0,0.0,162057.094,0.0,751,0,739,0,0,0,721,0,766,0,736,0,742,0,741,0,712,0,7520,0.032,79456894976.0,0.0,0.0,784,16797,-0.0,162057.094,-114818.039,-0.0,0.133,6.909358625270745e+28,30.0,65.0,35,0.0,0.0,0.0,0.0,0.0,0.0,0.0,0.0,0.0,0.0,0.0,0.0,0.0,0.0,0.0,0.0,69.2,0,150,71,55,65476,0,300,0,1,8,20529,65476,0,0,40632,65.0,0.0,0.0,0.0,0.0,0.0
2026-09-04T20:31:23,ERR,ERR,ERR,ERR,ERR,ERR,ERR,ERR,ERR,ERR,ERR,ERR,ERR,ERR,ERR,ERR,ERR,ERR,ERR,ERR,ERR,ERR,ERR,ERR,ERR,ERR,ERR,ERR,ERR,ERR,ERR,ERR,ERR,ERR,ERR,ERR,ERR,ERR,ERR,ERR,ERR,ERR,ERR,ERR,ERR,ERR,ERR,ERR,ERR,ERR,ERR,ERR,ERR,ERR,ERR,ERR,ERR,ERR,ERR,ERR,ERR,ERR,ERR,ERR,ERR,ERR,ERR,ERR,ERR,ERR,ERR,ERR,ERR,ERR,ERR,ERR,ERR,ERR,ERR,ERR,ERR,ERR,ERR,ERR,ERR,ERR,ERR,ERR,ERR,ERR,ERR,ERR,ERR,ERR,ERR,ERR,ERR,ERR,ERR,ERR,ERR,ERR,ERR,ERR,ERR,ERR,ERR,ERR,ERR,ERR,ERR,ERR,ERR,ERR,ERR,ERR,ERR,ERR,ERR,ERR,ERR,ERR,ERR,ERR,ERR,0.0,0.0,0.0,0.0,0.0,1.3936040501711995e+18,7.805,0.0,0,0,4,0,7116,0.0,100,0.0,0.0,0.0,0.0,0.0,0,0,0,0,0.0,0,0,0,0,0,0,0,0,0,0,0,0,0,0,0,0,0,0,0,0,0,0,0,0,0,0,0,0,0,0,0,0,0,31,40,40,71,65476,0,300,0,0,8,21553,0.0,-107605600.0,0.0,0.0,0.0,0.0,0.0,0.0,0.0,0.0,0.0,0.0,0.0,0.0,0.0,0.0,0.0,0.0,0.0,0.0,0.0,0.0,-2.004,-0.0,-0.0,-2.004,0.0,0.0,0.0,0.0,6286.0,-0.0,6931.0,0.0,0.0,2.7184303811560617e+23,0.0,0.0,0.0,0.0,0.0,69,0.0,-107615192.0,0.0,0.0,0.0,0.0,0.0,0.0,0.0,0,0,0,0.0,0.0,0.0,0.0,0.0,0.0,0.0,0.0,0.0,0.0,0.0,0.0,0.0,0.0,0.0,0.0,0,-107875648.0,69,0.0,138,0.0,0.0,0,13107,17040,13107,17049,13107,17043,0,0,0,70,68,100,2.7302359370752657e+23,71.1,0.0,74.2,2.7302370179391762e+23,74.0,1,49,50,180,13107,52429,0,0,0.0,0.0,0.0,0.0,-0.0,67.0,0.0,162057.094,0.0,751,0,739,0,0,0,721,0,766,0,736,0,742,0,741,0,712,0,7520,0.032,79456894976.0,0.0,0.0,784,16797,-0.0,162057.094,-114818.039,-0.0,0.133,6.909358625270745e+28,30.0,65.0,35,0.0,0.0,0.0,0.0,0.0,0.0,0.0,0.0,0.0,0.0,0.0,0.0,0.0,0.0,0.0,0.0,69.2,0,150,71,55,65476,0,300,0,1,8,20529,65476,0,0,40632,65.0,0.0,0.0,0.0,0.0,0.0
2026-09-04T20:31:24,ERR,ERR,ERR,ERR,ERR,ERR,ERR,ERR,ERR,ERR,ERR,ERR,ERR,ERR,ERR,ERR,ERR,ERR,ERR,ERR,ERR,ERR,ERR,ERR,ERR,ERR,ERR,ERR,ERR,ERR,ERR,ERR,ERR,ERR,ERR,ERR,ERR,ERR,ERR,ERR,ERR,ERR,ERR,ERR,ERR,ERR,ERR,ERR,ERR,ERR,ERR,ERR,ERR,ERR,ERR,ERR,ERR,ERR,ERR,ERR,ERR,ERR,ERR,ERR,ERR,ERR,ERR,ERR,ERR,ERR,ERR,ERR,ERR,ERR,ERR,ERR,ERR,ERR,ERR,ERR,ERR,ERR,ERR,ERR,ERR,ERR,ERR,ERR,ERR,ERR,ERR,ERR,ERR,ERR,ERR,ERR,ERR,ERR,ERR,ERR,ERR,ERR,ERR,ERR,ERR,ERR,ERR,ERR,ERR,ERR,ERR,ERR,ERR,ERR,ERR,ERR,ERR,ERR,ERR,ERR,ERR,ERR,ERR,ERR,ERR,0.0,0.0,0.0,0.0,0.0,1.3936040501711995e+18,7.805,0.0,0,0,4,0,7116,0.0,100,0.0,0.0,0.0,0.0,0.0,0,0,0,0,0.0,0,0,0,0,0,0,0,0,0,0,0,0,0,0,0,0,0,0,0,0,0,0,0,0,0,0,0,0,0,0,0,0,0,31,40,40,71,65476,0,300,0,0,8,21553,0.0,-107605600.0,0.0,0.0,0.0,0.0,0.0,0.0,0.0,0.0,0.0,0.0,0.0,0.0,0.0,0.0,0.0,0.0,0.0,0.0,0.0,0.0,-2.004,-0.0,-0.0,-2.004,0.0,0.0,0.0,0.0,6286.0,-0.0,6931.0,0.0,0.0,2.7184303811560617e+23,0.0,0.0,0.0,0.0,0.0,69,0.0,-107615192.0,0.0,0.0,0.0,0.0,0.0,0.0,0.0,0,0,0,0.0,0.0,0.0,0.0,0.0,0.0,0.0,0.0,0.0,0.0,0.0,0.0,0.0,0.0,0.0,0.0,0,-107875648.0,69,0.0,138,0.0,0.0,0,13107,17040,13107,17049,13107,17043,0,0,0,70,68,100,2.7302359370752657e+23,71.1,0.0,74.2,2.7302370179391762e+23,74.0,1,49,50,180,13107,52429,0,0,0.0,0.0,0.0,0.0,-0.0,67.0,0.0,162057.094,0.0,751,0,739,0,0,0,721,0,766,0,736,0,742,0,741,0,712,0,7520,0.032,79456894976.0,0.0,0.0,784,16797,-0.0,162057.094,-114818.039,-0.0,0.133,6.909358625270745e+28,30.0,65.0,35,0.0,0.0,0.0,0.0,0.0,0.0,0.0,0.0,0.0,0.0,0.0,0.0,0.0,0.0,0.0,0.0,69.2,0,150,71,55,65476,0,300,0,1,8,20529,65476,0,0,40632,65.0,0.0,0.0,0.0,0.0,0.0
2026-09-04T20:31:25,ERR,ERR,ERR,ERR,ERR,ERR,ERR,ERR,ERR,ERR,ERR,ERR,ERR,ERR,ERR,ERR,ERR,ERR,ERR,ERR,ERR,ERR,ERR,ERR,ERR,ERR,ERR,ERR,ERR,ERR,ERR,ERR,ERR,ERR,ERR,ERR,ERR,ERR,ERR,ERR,ERR,ERR,ERR,ERR,ERR,ERR,ERR,ERR,ERR,ERR,ERR,ERR,ERR,ERR,ERR,ERR,ERR,ERR,ERR,ERR,ERR,ERR,ERR,ERR,ERR,ERR,ERR,ERR,ERR,ERR,ERR,ERR,ERR,ERR,ERR,ERR,ERR,ERR,ERR,ERR,ERR,ERR,ERR,ERR,ERR,ERR,ERR,ERR,ERR,ERR,ERR,ERR,ERR,ERR,ERR,ERR,ERR,ERR,ERR,ERR,ERR,ERR,ERR,ERR,ERR,ERR,ERR,ERR,ERR,ERR,ERR,ERR,ERR,ERR,ERR,ERR,ERR,ERR,ERR,ERR,ERR,ERR,ERR,ERR,ERR,0.0,0.0,0.0,0.0,0.0,1.3936040501711995e+18,7.805,0.0,0,0,4,0,7116,0.0,100,0.0,0.0,0.0,0.0,0.0,0,0,0,0,0.0,0,0,0,0,0,0,0,0,0,0,0,0,0,0,0,0,0,0,0,0,0,0,0,0,0,0,0,0,0,0,0,0,0,31,40,40,71,65476,0,300,0,0,8,21553,0.0,-107605600.0,0.0,0.0,0.0,0.0,0.0,0.0,0.0,0.0,0.0,0.0,0.0,0.0,0.0,0.0,0.0,0.0,0.0,0.0,0.0,0.0,-2.004,-0.0,-0.0,-2.004,0.0,0.0,0.0,0.0,6286.0,-0.0,6931.0,0.0,0.0,2.7184303811560617e+23,0.0,0.0,0.0,0.0,0.0,69,0.0,-107615192.0,0.0,0.0,0.0,0.0,0.0,0.0,0.0,0,0,0,0.0,0.0,0.0,0.0,0.0,0.0,0.0,0.0,0.0,0.0,0.0,0.0,0.0,0.0,0.0,0.0,0,-107875648.0,69,0.0,138,0.0,0.0,0,13107,17040,13107,17049,13107,17043,0,0,0,70,68,100,2.7302359370752657e+23,71.1,0.0,74.2,2.7302370179391762e+23,74.0,1,49,50,180,13107,52429,0,0,0.0,0.0,0.0,0.0,-0.0,67.0,0.0,162057.094,0.0,751,0,739,0,0,0,721,0,766,0,736,0,742,0,741,0,712,0,7520,0.032,79456894976.0,0.0,0.0,784,16797,-0.0,162057.094,-114818.039,-0.0,0.133,6.909358625270745e+28,30.0,65.0,35,0.0,0.0,0.0,0.0,0.0,0.0,0.0,0.0,0.0,0.0,0.0,0.0,0.0,0.0,0.0,0.0,69.2,0,150,71,55,65476,0,300,0,1,8,20529,65476,0,0,40632,65.0,0.0,0.0,0.0,0.0,0.0
2026-09-04T20:31:26,ERR,ERR,ERR,ERR,ERR,ERR,ERR,ERR,ERR,ERR,ERR,ERR,ERR,ERR,ERR,ERR,ERR,ERR,ERR,ERR,ERR,ERR,ERR,ERR,ERR,ERR,ERR,ERR,ERR,ERR,ERR,ERR,ERR,ERR,ERR,ERR,ERR,ERR,ERR,ERR,ERR,ERR,ERR,ERR,ERR,ERR,ERR,ERR,ERR,ERR,ERR,ERR,ERR,ERR,ERR,ERR,ERR,ERR,ERR,ERR,ERR,ERR,ERR,ERR,ERR,ERR,ERR,ERR,ERR,ERR,ERR,ERR,ERR,ERR,ERR,ERR,ERR,ERR,ERR,ERR,ERR,ERR,ERR,ERR,ERR,ERR,ERR,ERR,ERR,ERR,ERR,ERR,ERR,ERR,ERR,ERR,ERR,ERR,ERR,ERR,ERR,ERR,ERR,ERR,ERR,ERR,ERR,ERR,ERR,ERR,ERR,ERR,ERR,ERR,ERR,ERR,ERR,ERR,ERR,ERR,ERR,ERR,ERR,ERR,ERR,0.0,0.0,0.0,0.0,0.0,1.3936040501711995e+18,7.805,0.0,0,0,4,0,7116,0.0,100,0.0,0.0,0.0,0.0,0.0,0,0,0,0,0.0,0,0,0,0,0,0,0,0,0,0,0,0,0,0,0,0,0,0,0,0,0,0,0,0,0,0,0,0,0,0,0,0,0,31,40,40,71,65476,0,300,0,0,8,21553,0.0,-107605600.0,0.0,0.0,0.0,0.0,0.0,0.0,0.0,0.0,0.0,0.0,0.0,0.0,0.0,0.0,0.0,0.0,0.0,0.0,0.0,0.0,-2.004,-0.0,-0.0,-2.004,0.0,0.0,0.0,0.0,6286.0,-0.0,6931.0,0.0,0.0,2.7184303811560617e+23,0.0,0.0,0.0,0.0,0.0,69,0.0,-107615192.0,0.0,0.0,0.0,0.0,0.0,0.0,0.0,0,0,0,0.0,0.0,0.0,0.0,0.0,0.0,0.0,0.0,0.0,0.0,0.0,0.0,0.0,0.0,0.0,0.0,0,-107875648.0,69,0.0,138,0.0,0.0,0,13107,17040,13107,17049,13107,17043,0,0,0,70,68,100,2.7302359370752657e+23,71.1,0.0,74.2,2.7302370179391762e+23,74.0,1,49,50,180,13107,52429,0,0,0.0,0.0,0.0,0.0,-0.0,67.0,0.0,162057.094,0.0,751,0,739,0,0,0,721,0,766,0,736,0,742,0,741,0,712,0,7520,0.032,79456894976.0,0.0,0.0,784,16797,-0.0,162057.094,-114818.039,-0.0,0.133,6.909358625270745e+28,30.0,65.0,35,0.0,0.0,0.0,0.0,0.0,0.0,0.0,0.0,0.0,0.0,0.0,0.0,0.0,0.0,0.0,0.0,69.2,0,150,71,55,65476,0,300,0,1,8,20529,65476,0,0,40632,65.0,0.0,0.0,0.0,0.0,0.0
2026-09-04T20:31:27,ERR,ERR,ERR,ERR,ERR,ERR,ERR,ERR,ERR,ERR,ERR,ERR,ERR,ERR,ERR,ERR,ERR,ERR,ERR,ERR,ERR,ERR,ERR,ERR,ERR,ERR,ERR,ERR,ERR,ERR,ERR,ERR,ERR,ERR,ERR,ERR,ERR,ERR,ERR,ERR,ERR,ERR,ERR,ERR,ERR,ERR,ERR,ERR,ERR,ERR,ERR,ERR,ERR,ERR,ERR,ERR,ERR,ERR,ERR,ERR,ERR,ERR,ERR,ERR,ERR,ERR,ERR,ERR,ERR,ERR,ERR,ERR,ERR,ERR,ERR,ERR,ERR,ERR,ERR,ERR,ERR,ERR,ERR,ERR,ERR,ERR,ERR,ERR,ERR,ERR,ERR,ERR,ERR,ERR,ERR,ERR,ERR,ERR,ERR,ERR,ERR,ERR,ERR,ERR,ERR,ERR,ERR,ERR,ERR,ERR,ERR,ERR,ERR,ERR,ERR,ERR,ERR,ERR,ERR,ERR,ERR,ERR,ERR,ERR,ERR,0.0,0.0,0.0,0.0,0.0,1.3936040501711995e+18,7.805,0.0,0,0,4,0,7116,0.0,100,0.0,0.0,0.0,0.0,0.0,0,0,0,0,0.0,0,0,0,0,0,0,0,0,0,0,0,0,0,0,0,0,0,0,0,0,0,0,0,0,0,0,0,0,0,0,0,0,0,31,40,40,71,65476,0,300,0,0,8,21553,0.0,-107605600.0,0.0,0.0,0.0,0.0,0.0,0.0,0.0,0.0,0.0,0.0,0.0,0.0,0.0,0.0,0.0,0.0,0.0,0.0,0.0,0.0,-2.004,-0.0,-0.0,-2.004,0.0,0.0,0.0,0.0,6286.0,-0.0,6931.0,0.0,0.0,2.7184303811560617e+23,0.0,0.0,0.0,0.0,0.0,69,0.0,-107615192.0,0.0,0.0,0.0,0.0,0.0,0.0,0.0,0,0,0,0.0,0.0,0.0,0.0,0.0,0.0,0.0,0.0,0.0,0.0,0.0,0.0,0.0,0.0,0.0,0.0,0,-107875648.0,69,0.0,138,0.0,0.0,0,13107,17040,13107,17049,13107,17043,0,0,0,70,68,100,2.7302359370752657e+23,71.1,0.0,74.2,2.7302370179391762e+23,74.0,1,49,50,180,13107,52429,0,0,0.0,0.0,0.0,0.0,-0.0,67.0,0.0,162057.094,0.0,751,0,739,0,0,0,721,0,766,0,736,0,742,0,741,0,712,0,7520,0.032,79456894976.0,0.0,0.0,784,16797,-0.0,162057.094,-114818.039,-0.0,0.133,6.909358625270745e+28,30.0,65.0,35,0.0,0.0,0.0,0.0,0.0,0.0,0.0,0.0,0.0,0.0,0.0,0.0,0.0,0.0,0.0,0.0,69.2,0,150,71,55,65476,0,300,0,1,8,20529,65476,0,0,40632,65.0,0.0,0.0,0.0,0.0,0.0
2026-09-04T20:31:28,ERR,ERR,ERR,ERR,ERR,ERR,ERR,ERR,ERR,ERR,ERR,ERR,ERR,ERR,ERR,ERR,ERR,ERR,ERR,ERR,ERR,ERR,ERR,ERR,ERR,ERR,ERR,ERR,ERR,ERR,ERR,ERR,ERR,ERR,ERR,ERR,ERR,ERR,ERR,ERR,ERR,ERR,ERR,ERR,ERR,ERR,ERR,ERR,ERR,ERR,ERR,ERR,ERR,ERR,ERR,ERR,ERR,ERR,ERR,ERR,ERR,ERR,ERR,ERR,ERR,ERR,ERR,ERR,ERR,ERR,ERR,ERR,ERR,ERR,ERR,ERR,ERR,ERR,ERR,ERR,ERR,ERR,ERR,ERR,ERR,ERR,ERR,ERR,ERR,ERR,ERR,ERR,ERR,ERR,ERR,ERR,ERR,ERR,ERR,ERR,ERR,ERR,ERR,ERR,ERR,ERR,ERR,ERR,ERR,ERR,ERR,ERR,ERR,ERR,ERR,ERR,ERR,ERR,ERR,ERR,ERR,ERR,ERR,ERR,ERR,0.0,0.0,0.0,0.0,0.0,1.3936040501711995e+18,7.805,0.0,0,0,4,0,7116,0.0,100,0.0,0.0,0.0,0.0,0.0,0,0,0,0,0.0,0,0,0,0,0,0,0,0,0,0,0,0,0,0,0,0,0,0,0,0,0,0,0,0,0,0,0,0,0,0,0,0,0,31,40,40,71,65476,0,300,0,0,8,21553,0.0,-107605600.0,0.0,0.0,0.0,0.0,0.0,0.0,0.0,0.0,0.0,0.0,0.0,0.0,0.0,0.0,0.0,0.0,0.0,0.0,0.0,0.0,-2.004,-0.0,-0.0,-2.004,0.0,0.0,0.0,0.0,6286.0,-0.0,6931.0,0.0,0.0,2.7184303811560617e+23,0.0,0.0,0.0,0.0,0.0,69,0.0,-107615192.0,0.0,0.0,0.0,0.0,0.0,0.0,0.0,0,0,0,0.0,0.0,0.0,0.0,0.0,0.0,0.0,0.0,0.0,0.0,0.0,0.0,0.0,0.0,0.0,0.0,0,-107875648.0,69,0.0,138,0.0,0.0,0,13107,17040,13107,17049,13107,17043,0,0,0,70,68,100,2.7302359370752657e+23,71.1,0.0,74.2,2.7302370179391762e+23,74.0,1,49,50,180,13107,52429,0,0,0.0,0.0,0.0,0.0,-0.0,67.0,0.0,162057.094,0.0,751,0,739,0,0,0,721,0,766,0,736,0,742,0,741,0,712,0,7520,0.032,79456894976.0,0.0,0.0,784,16797,-0.0,162057.094,-114818.039,-0.0,0.133,6.909358625270745e+28,30.0,65.0,35,0.0,0.0,0.0,0.0,0.0,0.0,0.0,0.0,0.0,0.0,0.0,0.0,0.0,0.0,0.0,0.0,69.2,0,150,71,55,65476,0,300,0,1,8,20529,65476,0,0,40632,65.0,0.0,0.0,0.0,0.0,0.0
2026-09-04T20:31:29,ERR,ERR,ERR,ERR,ERR,ERR,ERR,ERR,ERR,ERR,ERR,ERR,ERR,ERR,ERR,ERR,ERR,ERR,ERR,ERR,ERR,ERR,ERR,ERR,ERR,ERR,ERR,ERR,ERR,ERR,ERR,ERR,ERR,ERR,ERR,ERR,ERR,ERR,ERR,ERR,ERR,ERR,ERR,ERR,ERR,ERR,ERR,ERR,ERR,ERR,ERR,ERR,ERR,ERR,ERR,ERR,ERR,ERR,ERR,ERR,ERR,ERR,ERR,ERR,ERR,ERR,ERR,ERR,ERR,ERR,ERR,ERR,ERR,ERR,ERR,ERR,ERR,ERR,ERR,ERR,ERR,ERR,ERR,ERR,ERR,ERR,ERR,ERR,ERR,ERR,ERR,ERR,ERR,ERR,ERR,ERR,ERR,ERR,ERR,ERR,ERR,ERR,ERR,ERR,ERR,ERR,ERR,ERR,ERR,ERR,ERR,ERR,ERR,ERR,ERR,ERR,ERR,ERR,ERR,ERR,ERR,ERR,ERR,ERR,ERR,0.0,0.0,0.0,0.0,0.0,1.3936040501711995e+18,7.805,0.0,0,0,4,0,7116,0.0,100,0.0,0.0,0.0,0.0,0.0,0,0,0,0,0.0,0,0,0,0,0,0,0,0,0,0,0,0,0,0,0,0,0,0,0,0,0,0,0,0,0,0,0,0,0,0,0,0,0,31,40,40,71,65476,0,300,0,0,8,21553,0.0,-107605600.0,0.0,0.0,0.0,0.0,0.0,0.0,0.0,0.0,0.0,0.0,0.0,0.0,0.0,0.0,0.0,0.0,0.0,0.0,0.0,0.0,-2.004,-0.0,-0.0,-2.004,0.0,0.0,0.0,0.0,6286.0,-0.0,6931.0,0.0,0.0,2.7184303811560617e+23,0.0,0.0,0.0,0.0,0.0,69,0.0,-107615192.0,0.0,0.0,0.0,0.0,0.0,0.0,0.0,0,0,0,0.0,0.0,0.0,0.0,0.0,0.0,0.0,0.0,0.0,0.0,0.0,0.0,0.0,0.0,0.0,0.0,0,-107875648.0,69,0.0,138,0.0,0.0,0,13107,17040,13107,17049,13107,17043,0,0,0,70,68,100,2.7302359370752657e+23,71.1,0.0,74.2,2.7302370179391762e+23,74.0,1,49,50,180,13107,52429,0,0,0.0,0.0,0.0,0.0,-0.0,67.0,0.0,162057.094,0.0,751,0,739,0,0,0,721,0,766,0,736,0,742,0,741,0,712,0,7520,0.032,79456894976.0,0.0,0.0,784,16797,-0.0,162057.094,-114818.039,-0.0,0.133,6.909358625270745e+28,30.0,65.0,35,0.0,0.0,0.0,0.0,0.0,0.0,0.0,0.0,0.0,0.0,0.0,0.0,0.0,0.0,0.0,0.0,69.2,0,150,71,55,65476,0,300,0,1,8,20529,65476,0,0,40632,65.0,0.0,0.0,0.0,0.0,0.0
2026-09-04T20:31:30,ERR,ERR,ERR,ERR,ERR,ERR,ERR,ERR,ERR,ERR,ERR,ERR,ERR,ERR,ERR,ERR,ERR,ERR,ERR,ERR,ERR,ERR,ERR,ERR,ERR,ERR,ERR,ERR,ERR,ERR,ERR,ERR,ERR,ERR,ERR,ERR,ERR,ERR,ERR,ERR,ERR,ERR,ERR,ERR,ERR,ERR,ERR,ERR,ERR,ERR,ERR,ERR,ERR,ERR,ERR,ERR,ERR,ERR,ERR,ERR,ERR,ERR,ERR,ERR,ERR,ERR,ERR,ERR,ERR,ERR,ERR,ERR,ERR,ERR,ERR,ERR,ERR,ERR,ERR,ERR,ERR,ERR,ERR,ERR,ERR,ERR,ERR,ERR,ERR,ERR,ERR,ERR,ERR,ERR,ERR,ERR,ERR,ERR,ERR,ERR,ERR,ERR,ERR,ERR,ERR,ERR,ERR,ERR,ERR,ERR,ERR,ERR,ERR,ERR,ERR,ERR,ERR,ERR,ERR,ERR,ERR,ERR,ERR,ERR,ERR,0.0,0.0,0.0,0.0,0.0,1.3936040501711995e+18,7.805,0.0,0,0,4,0,7116,0.0,100,0.0,0.0,0.0,0.0,0.0,0,0,0,0,0.0,0,0,0,0,0,0,0,0,0,0,0,0,0,0,0,0,0,0,0,0,0,0,0,0,0,0,0,0,0,0,0,0,0,31,40,40,71,65476,0,300,0,0,8,21553,0.0,-107605600.0,0.0,0.0,0.0,0.0,0.0,0.0,0.0,0.0,0.0,0.0,0.0,0.0,0.0,0.0,0.0,0.0,0.0,0.0,0.0,0.0,-2.004,-0.0,-0.0,-2.004,0.0,0.0,0.0,0.0,6322.0,0.0,6913.0,0.0,0.0,2.7184303811560617e+23,0.0,0.0,0.0,0.0,0.0,69,0.0,0.0,0.0,0.0,0.0,0.0,0.0,0.0,0.0,0,0,0,0.0,0.0,0.0,0.0,0.0,0.0,0.0,0.0,0.0,0.0,0.0,0.0,0.0,0.0,0.0,0.0,0,-107875648.0,69,0.0,138,0.0,0.0,0,13107,17040,13107,17049,13107,17043,0,0,0,70,68,100,2.7302359370752657e+23,71.1,0.0,74.2,2.7302370179391762e+23,74.0,1,49,50,180,13107,52429,0,0,0.0,0.0,0.0,0.0,-0.0,67.0,0.0,162057.094,0.0,751,0,739,0,0,0,721,0,766,0,736,0,742,0,741,0,712,0,7520,0.032,79456894976.0,0.0,0.0,784,16797,-0.0,162057.094,-114818.039,-0.0,0.133,6.909358625270745e+28,30.0,65.0,35,0.0,0.0,0.0,0.0,0.0,0.0,0.0,0.0,0.0,0.0,0.0,0.0,0.0,0.0,0.0,0.0,69.2,0,150,71,55,65476,0,300,0,1,8,20529,65476,0,0,40632,65.0,0.0,0.0,0.0,0.0,0.0
2026-09-04T20:31:31,ERR,ERR,ERR,ERR,ERR,ERR,ERR,ERR,ERR,ERR,ERR,ERR,ERR,ERR,ERR,ERR,ERR,ERR,ERR,ERR,ERR,ERR,ERR,ERR,ERR,ERR,ERR,ERR,ERR,ERR,ERR,ERR,ERR,ERR,ERR,ERR,ERR,ERR,ERR,ERR,ERR,ERR,ERR,ERR,ERR,ERR,ERR,ERR,ERR,ERR,ERR,ERR,ERR,ERR,ERR,ERR,ERR,ERR,ERR,ERR,ERR,ERR,ERR,ERR,ERR,ERR,ERR,ERR,ERR,ERR,ERR,ERR,ERR,ERR,ERR,ERR,ERR,ERR,ERR,ERR,ERR,ERR,ERR,ERR,ERR,ERR,ERR,ERR,ERR,ERR,ERR,ERR,ERR,ERR,ERR,ERR,ERR,ERR,ERR,ERR,ERR,ERR,ERR,ERR,ERR,ERR,ERR,ERR,ERR,ERR,ERR,ERR,ERR,ERR,ERR,ERR,ERR,ERR,ERR,ERR,ERR,ERR,ERR,ERR,ERR,0.0,0.0,0.0,0.0,0.0,1.3936040501711995e+18,7.805,0.0,0,0,4,0,7116,0.0,100,0.0,0.0,0.0,0.0,0.0,0,0,0,0,0.0,0,0,0,0,0,0,0,0,0,0,0,0,0,0,0,0,0,0,0,0,0,0,0,0,0,0,0,0,0,0,0,0,0,31,40,40,71,65476,0,300,0,0,8,21553,0.0,-107605600.0,0.0,0.0,0.0,0.0,0.0,0.0,0.0,0.0,0.0,0.0,0.0,0.0,0.0,0.0,0.0,0.0,0.0,0.0,0.0,0.0,-2.004,-0.0,-0.0,-2.004,0.0,0.0,0.0,0.0,6322.0,0.0,6913.0,0.0,0.0,2.7184303811560617e+23,0.0,0.0,0.0,0.0,0.0,69,0.0,0.0,0.0,0.0,0.0,0.0,0.0,0.0,0.0,0,0,0,0.0,0.0,0.0,0.0,0.0,0.0,0.0,0.0,0.0,0.0,0.0,0.0,0.0,0.0,0.0,0.0,0,-107875648.0,69,0.0,138,0.0,0.0,0,13107,17040,13107,17049,13107,17043,0,0,0,70,68,100,2.7302359370752657e+23,71.1,2.7302370179391762e+23,74.2,2.7302370179391762e+23,74.0,1,49,50,180,13107,52429,0,0,0.0,0.0,0.0,0.0,-0.0,67.0,0.0,162057.094,0.0,751,0,739,0,0,0,721,0,766,0,736,0,742,0,741,0,712,0,7520,0.032,79456894976.0,0.0,0.0,784,16797,-0.0,162057.094,-114818.039,-0.0,0.133,6.909358625270745e+28,30.0,65.0,35,0.0,0.0,0.0,0.0,0.0,0.0,0.0,0.0,0.0,0.0,0.0,0.0,0.0,0.0,0.0,0.0,69.2,0,150,71,55,65476,0,300,0,1,8,20529,65476,0,0,40632,65.0,0.0,0.0,0.0,0.0,0.0
2026-09-04T20:31:32,ERR,ERR,ERR,ERR,ERR,ERR,ERR,ERR,ERR,ERR,ERR,ERR,ERR,ERR,ERR,ERR,ERR,ERR,ERR,ERR,ERR,ERR,ERR,ERR,ERR,ERR,ERR,ERR,ERR,ERR,ERR,ERR,ERR,ERR,ERR,ERR,ERR,ERR,ERR,ERR,ERR,ERR,ERR,ERR,ERR,ERR,ERR,ERR,ERR,ERR,ERR,ERR,ERR,ERR,ERR,ERR,ERR,ERR,ERR,ERR,ERR,ERR,ERR,ERR,ERR,ERR,ERR,ERR,ERR,ERR,ERR,ERR,ERR,ERR,ERR,ERR,ERR,ERR,ERR,ERR,ERR,ERR,ERR,ERR,ERR,ERR,ERR,ERR,ERR,ERR,ERR,ERR,ERR,ERR,ERR,ERR,ERR,ERR,ERR,ERR,ERR,ERR,ERR,ERR,ERR,ERR,ERR,ERR,ERR,ERR,ERR,ERR,ERR,ERR,ERR,ERR,ERR,ERR,ERR,ERR,ERR,ERR,ERR,ERR,ERR,0.0,0.0,0.0,0.0,0.0,1.3936040501711995e+18,7.805,0.0,0,0,4,0,7116,0.0,100,0.0,0.0,0.0,0.0,0.0,0,0,0,0,0.0,0,0,0,0,0,0,0,0,0,0,0,0,0,0,0,0,0,0,0,0,0,0,0,0,0,0,0,0,0,0,0,0,0,31,40,40,71,65476,0,300,0,0,8,21553,0.0,-107605600.0,0.0,0.0,0.0,0.0,0.0,0.0,0.0,0.0,0.0,0.0,0.0,0.0,0.0,0.0,0.0,0.0,0.0,0.0,0.0,0.0,-2.004,-0.0,-0.0,-2.004,0.0,0.0,0.0,0.0,6322.0,0.0,6913.0,0.0,0.0,2.7184303811560617e+23,0.0,0.0,0.0,0.0,0.0,69,0.0,0.0,0.0,0.0,0.0,0.0,0.0,0.0,0.0,0,0,0,0.0,0.0,0.0,0.0,0.0,0.0,0.0,0.0,0.0,0.0,0.0,0.0,0.0,0.0,0.0,0.0,0,-107875648.0,69,0.0,138,0.0,0.0,0,13107,17040,13107,17049,13107,17043,0,0,0,70,68,100,2.7302359370752657e+23,71.1,2.7302370179391762e+23,74.2,2.7302370179391762e+23,74.0,1,49,50,180,13107,52429,0,0,0.0,0.0,0.0,0.0,-0.0,67.0,0.0,162057.094,0.0,751,0,739,0,0,0,721,0,766,0,736,0,742,0,741,0,712,0,7520,0.032,79456894976.0,0.0,0.0,784,16797,-0.0,162057.094,-114818.039,-0.0,0.133,6.909358625270745e+28,30.0,65.0,35,0.0,0.0,0.0,0.0,0.0,0.0,0.0,0.0,0.0,0.0,0.0,0.0,0.0,0.0,0.0,0.0,69.2,0,150,71,55,65476,0,300,0,1,8,20529,65476,0,0,40632,65.0,0.0,0.0,0.0,0.0,0.0
2026-09-04T20:31:33,ERR,ERR,ERR,ERR,ERR,ERR,ERR,ERR,ERR,ERR,ERR,ERR,ERR,ERR,ERR,ERR,ERR,ERR,ERR,ERR,ERR,ERR,ERR,ERR,ERR,ERR,ERR,ERR,ERR,ERR,ERR,ERR,ERR,ERR,ERR,ERR,ERR,ERR,ERR,ERR,ERR,ERR,ERR,ERR,ERR,ERR,ERR,ERR,ERR,ERR,ERR,ERR,ERR,ERR,ERR,ERR,ERR,ERR,ERR,ERR,ERR,ERR,ERR,ERR,ERR,ERR,ERR,ERR,ERR,ERR,ERR,ERR,ERR,ERR,ERR,ERR,ERR,ERR,ERR,ERR,ERR,ERR,ERR,ERR,ERR,ERR,ERR,ERR,ERR,ERR,ERR,ERR,ERR,ERR,ERR,ERR,ERR,ERR,ERR,ERR,ERR,ERR,ERR,ERR,ERR,ERR,ERR,ERR,ERR,ERR,ERR,ERR,ERR,ERR,ERR,ERR,ERR,ERR,ERR,ERR,ERR,ERR,ERR,ERR,ERR,0.0,0.0,0.0,0.0,0.0,1.3936040501711995e+18,7.805,0.0,0,0,4,0,7116,0.0,100,0.0,0.0,0.0,0.0,0.0,0,0,0,0,0.0,0,0,0,0,0,0,0,0,0,0,0,0,0,0,0,0,0,0,0,0,0,0,0,0,0,0,0,0,0,0,0,0,0,31,40,40,71,65476,0,300,0,0,8,21553,0.0,-107605600.0,0.0,0.0,0.0,0.0,0.0,0.0,0.0,0.0,0.0,0.0,0.0,0.0,0.0,0.0,0.0,0.0,0.0,0.0,0.0,0.0,-2.004,-0.0,-0.0,-2.004,0.0,0.0,0.0,0.0,6322.0,0.0,6913.0,0.0,0.0,2.7184303811560617e+23,0.0,0.0,0.0,0.0,0.0,69,0.0,0.0,0.0,0.0,0.0,0.0,0.0,0.0,0.0,0,0,0,0.0,0.0,0.0,0.0,0.0,0.0,0.0,0.0,0.0,0.0,0.0,0.0,0.0,0.0,0.0,0.0,0,-107875648.0,69,0.0,138,0.0,0.0,0,13107,17040,13107,17049,13107,17043,0,0,0,70,68,100,2.7302359370752657e+23,71.1,2.7302370179391762e+23,74.2,2.7302370179391762e+23,74.0,1,49,50,180,13107,52429,0,0,0.0,0.0,0.0,0.0,-0.0,67.0,0.0,162057.094,0.0,751,0,739,0,0,0,721,0,766,0,736,0,742,0,741,0,712,0,7520,0.032,79456894976.0,0.0,0.0,784,16797,-0.0,162057.094,-114818.039,-0.0,0.133,6.909358625270745e+28,30.0,65.0,35,0.0,0.0,0.0,0.0,0.0,0.0,0.0,0.0,0.0,0.0,0.0,0.0,0.0,0.0,0.0,0.0,69.2,0,150,71,55,65476,0,300,0,1,8,20529,65476,0,0,40632,65.0,0.0,0.0,0.0,0.0,0.0
2026-09-04T20:31:34,ERR,ERR,ERR,ERR,ERR,ERR,ERR,ERR,ERR,ERR,ERR,ERR,ERR,ERR,ERR,ERR,ERR,ERR,ERR,ERR,ERR,ERR,ERR,ERR,ERR,ERR,ERR,ERR,ERR,ERR,ERR,ERR,ERR,ERR,ERR,ERR,ERR,ERR,ERR,ERR,ERR,ERR,ERR,ERR,ERR,ERR,ERR,ERR,ERR,ERR,ERR,ERR,ERR,ERR,ERR,ERR,ERR,ERR,ERR,ERR,ERR,ERR,ERR,ERR,ERR,ERR,ERR,ERR,ERR,ERR,ERR,ERR,ERR,ERR,ERR,ERR,ERR,ERR,ERR,ERR,ERR,ERR,ERR,ERR,ERR,ERR,ERR,ERR,ERR,ERR,ERR,ERR,ERR,ERR,ERR,ERR,ERR,ERR,ERR,ERR,ERR,ERR,ERR,ERR,ERR,ERR,ERR,ERR,ERR,ERR,ERR,ERR,ERR,ERR,ERR,ERR,ERR,ERR,ERR,ERR,ERR,ERR,ERR,ERR,ERR,0.0,0.0,0.0,0.0,0.0,1.3936040501711995e+18,7.805,0.0,0,0,4,0,7116,0.0,100,0.0,0.0,0.0,0.0,0.0,0,0,0,0,0.0,0,0,0,0,0,0,0,0,0,0,0,0,0,0,0,0,0,0,0,0,0,0,0,0,0,0,0,0,0,0,0,0,0,31,40,40,71,65476,0,300,0,0,8,21553,0.0,-107605600.0,0.0,0.0,0.0,0.0,0.0,0.0,0.0,0.0,0.0,0.0,0.0,0.0,0.0,0.0,0.0,0.0,0.0,0.0,0.0,0.0,-2.004,-0.0,-0.0,-2.004,0.0,0.0,0.0,0.0,6322.0,0.0,6913.0,0.0,0.0,2.7184303811560617e+23,0.0,0.0,0.0,0.0,0.0,69,0.0,0.0,0.0,0.0,0.0,0.0,0.0,0.0,0.0,0,0,0,0.0,0.0,0.0,0.0,0.0,0.0,0.0,0.0,0.0,0.0,0.0,0.0,0.0,0.0,0.0,0.0,0,-107875648.0,69,0.0,138,0.0,0.0,0,13107,17040,13107,17049,13107,17043,0,0,0,70,68,100,2.7302359370752657e+23,71.1,2.7302370179391762e+23,74.2,2.7302370179391762e+23,74.0,1,49,50,180,13107,52429,0,0,0.0,0.0,0.0,0.0,-0.0,67.0,0.0,162057.094,0.0,751,0,739,0,0,0,721,0,766,0,736,0,742,0,741,0,712,0,7520,0.032,79456894976.0,0.0,0.0,784,16797,-0.0,162057.094,-114818.039,-0.0,0.133,6.909358625270745e+28,30.0,65.0,35,0.0,0.0,0.0,0.0,0.0,0.0,0.0,0.0,0.0,0.0,0.0,0.0,0.0,0.0,0.0,0.0,69.2,0,150,71,55,65476,0,300,0,1,8,20529,65476,0,0,40632,65.0,0.0,0.0,0.0,0.0,0.0
2026-09-04T20:31:35,ERR,ERR,ERR,ERR,ERR,ERR,ERR,ERR,ERR,ERR,ERR,ERR,ERR,ERR,ERR,ERR,ERR,ERR,ERR,ERR,ERR,ERR,ERR,ERR,ERR,ERR,ERR,ERR,ERR,ERR,ERR,ERR,ERR,ERR,ERR,ERR,ERR,ERR,ERR,ERR,ERR,ERR,ERR,ERR,ERR,ERR,ERR,ERR,ERR,ERR,ERR,ERR,ERR,ERR,ERR,ERR,ERR,ERR,ERR,ERR,ERR,ERR,ERR,ERR,ERR,ERR,ERR,ERR,ERR,ERR,ERR,ERR,ERR,ERR,ERR,ERR,ERR,ERR,ERR,ERR,ERR,ERR,ERR,ERR,ERR,ERR,ERR,ERR,ERR,ERR,ERR,ERR,ERR,ERR,ERR,ERR,ERR,ERR,ERR,ERR,ERR,ERR,ERR,ERR,ERR,ERR,ERR,ERR,ERR,ERR,ERR,ERR,ERR,ERR,ERR,ERR,ERR,ERR,ERR,ERR,ERR,ERR,ERR,ERR,ERR,0.0,0.0,0.0,0.0,0.0,1.3936040501711995e+18,7.805,0.0,0,0,4,0,7116,0.0,100,0.0,0.0,0.0,0.0,0.0,0,0,0,0,0.0,0,0,0,0,0,0,0,0,0,0,0,0,0,0,0,0,0,0,0,0,0,0,0,0,0,0,0,0,0,0,0,0,0,31,40,40,71,65476,0,300,0,0,8,21553,0.0,-107605600.0,0.0,0.0,0.0,0.0,0.0,0.0,0.0,0.0,0.0,0.0,0.0,0.0,0.0,0.0,0.0,0.0,0.0,0.0,0.0,0.0,-2.004,-0.0,-0.0,-2.004,0.0,0.0,0.0,0.0,6322.0,0.0,6913.0,0.0,0.0,2.7184303811560617e+23,0.0,0.0,0.0,0.0,0.0,69,0.0,0.0,0.0,0.0,0.0,0.0,0.0,0.0,0.0,0,0,0,0.0,0.0,0.0,0.0,0.0,0.0,0.0,0.0,0.0,0.0,0.0,0.0,0.0,0.0,0.0,0.0,0,-107875648.0,69,0.0,138,0.0,0.0,0,13107,17040,13107,17049,13107,17043,0,0,0,70,68,100,2.7302359370752657e+23,71.1,2.7302370179391762e+23,74.2,2.7302370179391762e+23,74.0,1,49,50,180,13107,52429,0,0,0.0,0.0,0.0,0.0,-0.0,67.0,0.0,162057.094,0.0,751,0,739,0,0,0,721,0,766,0,736,0,742,0,741,0,712,0,7520,0.032,79456894976.0,0.0,0.0,784,16797,-0.0,162057.094,-114818.039,-0.0,0.133,6.909358625270745e+28,30.0,65.0,35,0.0,0.0,0.0,0.0,0.0,0.0,0.0,0.0,0.0,0.0,0.0,0.0,0.0,0.0,0.0,0.0,69.2,0,150,71,55,65476,0,300,0,1,8,20529,65476,0,0,40632,65.0,0.0,0.0,0.0,0.0,0.0
2026-09-04T20:31:36,ERR,ERR,ERR,ERR,ERR,ERR,ERR,ERR,ERR,ERR,ERR,ERR,ERR,ERR,ERR,ERR,ERR,ERR,ERR,ERR,ERR,ERR,ERR,ERR,ERR,ERR,ERR,ERR,ERR,ERR,ERR,ERR,ERR,ERR,ERR,ERR,ERR,ERR,ERR,ERR,ERR,ERR,ERR,ERR,ERR,ERR,ERR,ERR,ERR,ERR,ERR,ERR,ERR,ERR,ERR,ERR,ERR,ERR,ERR,ERR,ERR,ERR,ERR,ERR,ERR,ERR,ERR,ERR,ERR,ERR,ERR,ERR,ERR,ERR,ERR,ERR,ERR,ERR,ERR,ERR,ERR,ERR,ERR,ERR,ERR,ERR,ERR,ERR,ERR,ERR,ERR,ERR,ERR,ERR,ERR,ERR,ERR,ERR,ERR,ERR,ERR,ERR,ERR,ERR,ERR,ERR,ERR,ERR,ERR,ERR,ERR,ERR,ERR,ERR,ERR,ERR,ERR,ERR,ERR,ERR,ERR,ERR,ERR,ERR,ERR,0.0,0.0,0.0,0.0,0.0,1.3936040501711995e+18,7.805,0.0,0,0,4,0,7116,0.0,100,0.0,0.0,0.0,0.0,0.0,0,0,0,0,0.0,0,0,0,0,0,0,0,0,0,0,0,0,0,0,0,0,0,0,0,0,0,0,0,0,0,0,0,0,0,0,0,0,0,31,40,40,71,65476,0,300,0,0,8,21553,0.0,-107605600.0,0.0,0.0,0.0,0.0,0.0,0.0,0.0,0.0,0.0,0.0,0.0,0.0,0.0,0.0,0.0,0.0,0.0,0.0,0.0,0.0,-2.004,-0.0,-0.0,-2.004,0.0,0.0,0.0,0.0,6322.0,0.0,6913.0,0.0,0.0,2.7184303811560617e+23,0.0,0.0,0.0,0.0,0.0,69,0.0,0.0,0.0,0.0,0.0,0.0,0.0,0.0,0.0,0,0,0,0.0,0.0,0.0,0.0,0.0,0.0,0.0,0.0,0.0,0.0,0.0,0.0,0.0,0.0,0.0,0.0,0,-107875648.0,69,0.0,138,0.0,0.0,0,13107,17040,13107,17049,13107,17043,0,0,0,70,68,100,2.7302359370752657e+23,71.2,0.0,74.2,2.7302370179391762e+23,74.0,1,49,50,180,13107,52429,0,0,0.0,0.0,0.0,0.0,-0.0,67.0,0.0,162057.094,0.0,751,0,739,0,0,0,721,0,766,0,736,0,742,0,741,0,712,0,7520,0.032,79456894976.0,0.0,0.0,784,16797,-0.0,162057.094,-114818.039,-0.0,0.133,6.909358625270745e+28,30.0,65.0,35,0.0,0.0,0.0,0.0,0.0,0.0,0.0,0.0,0.0,0.0,0.0,0.0,0.0,0.0,0.0,0.0,69.2,0,150,71,55,65476,0,300,0,1,8,20529,65476,0,0,40632,65.0,0.0,0.0,0.0,0.0,0.0
2026-09-04T20:31:37,ERR,ERR,ERR,ERR,ERR,ERR,ERR,ERR,ERR,ERR,ERR,ERR,ERR,ERR,ERR,ERR,ERR,ERR,ERR,ERR,ERR,ERR,ERR,ERR,ERR,ERR,ERR,ERR,ERR,ERR,ERR,ERR,ERR,ERR,ERR,ERR,ERR,ERR,ERR,ERR,ERR,ERR,ERR,ERR,ERR,ERR,ERR,ERR,ERR,ERR,ERR,ERR,ERR,ERR,ERR,ERR,ERR,ERR,ERR,ERR,ERR,ERR,ERR,ERR,ERR,ERR,ERR,ERR,ERR,ERR,ERR,ERR,ERR,ERR,ERR,ERR,ERR,ERR,ERR,ERR,ERR,ERR,ERR,ERR,ERR,ERR,ERR,ERR,ERR,ERR,ERR,ERR,ERR,ERR,ERR,ERR,ERR,ERR,ERR,ERR,ERR,ERR,ERR,ERR,ERR,ERR,ERR,ERR,ERR,ERR,ERR,ERR,ERR,ERR,ERR,ERR,ERR,ERR,ERR,ERR,ERR,ERR,ERR,ERR,ERR,0.0,0.0,0.0,0.0,0.0,1.3936040501711995e+18,7.805,0.0,0,0,4,0,7116,0.0,100,0.0,0.0,0.0,0.0,0.0,0,0,0,0,0.0,0,0,0,0,0,0,0,0,0,0,0,0,0,0,0,0,0,0,0,0,0,0,0,0,0,0,0,0,0,0,0,0,0,31,40,40,71,65476,0,300,0,0,8,21553,0.0,-107605600.0,0.0,0.0,0.0,0.0,0.0,0.0,0.0,0.0,0.0,0.0,0.0,0.0,0.0,0.0,0.0,0.0,0.0,0.0,0.0,0.0,-2.004,-0.0,-0.0,-2.004,0.0,0.0,0.0,0.0,6324.0,0.0,6914.0,0.0,0.0,2.7184303811560617e+23,0.0,0.0,0.0,0.0,0.0,69,0.0,1.9056948562991514e+17,0.0,0.0,0.0,0.0,0.0,0.0,0.0,0,0,0,0.0,0.0,0.0,0.0,0.0,0.0,0.0,0.0,0.0,0.0,0.0,0.0,0.0,0.0,0.0,0.0,0,-107875648.0,69,0.0,138,0.0,0.0,0,13107,17040,13107,17049,13107,17043,0,0,0,70,68,100,2.7302359370752657e+23,71.2,0.0,74.2,2.7302370179391762e+23,74.0,1,49,50,180,13107,52429,0,0,0.0,0.0,0.0,0.0,-0.0,67.0,0.0,162057.094,0.0,751,0,739,0,0,0,721,0,766,0,736,0,742,0,741,0,712,0,7520,0.032,79456894976.0,0.0,0.0,784,16797,-0.0,162057.094,-114818.039,-0.0,0.133,6.909358625270745e+28,30.0,65.0,35,0.0,0.0,0.0,0.0,0.0,0.0,0.0,0.0,0.0,0.0,0.0,0.0,0.0,0.0,0.0,0.0,69.2,0,150,71,55,65476,0,300,0,1,8,20529,65476,0,0,40632,65.0,0.0,0.0,0.0,0.0,0.0
2026-09-04T20:31:38,ERR,ERR,ERR,ERR,ERR,ERR,ERR,ERR,ERR,ERR,ERR,ERR,ERR,ERR,ERR,ERR,ERR,ERR,ERR,ERR,ERR,ERR,ERR,ERR,ERR,ERR,ERR,ERR,ERR,ERR,ERR,ERR,ERR,ERR,ERR,ERR,ERR,ERR,ERR,ERR,ERR,ERR,ERR,ERR,ERR,ERR,ERR,ERR,ERR,ERR,ERR,ERR,ERR,ERR,ERR,ERR,ERR,ERR,ERR,ERR,ERR,ERR,ERR,ERR,ERR,ERR,ERR,ERR,ERR,ERR,ERR,ERR,ERR,ERR,ERR,ERR,ERR,ERR,ERR,ERR,ERR,ERR,ERR,ERR,ERR,ERR,ERR,ERR,ERR,ERR,ERR,ERR,ERR,ERR,ERR,ERR,ERR,ERR,ERR,ERR,ERR,ERR,ERR,ERR,ERR,ERR,ERR,ERR,ERR,ERR,ERR,ERR,ERR,ERR,ERR,ERR,ERR,ERR,ERR,ERR,ERR,ERR,ERR,ERR,ERR,0.0,0.0,0.0,0.0,0.0,1.3936040501711995e+18,7.805,0.0,0,0,4,0,7116,0.0,100,0.0,0.0,0.0,0.0,0.0,0,0,0,0,0.0,0,0,0,0,0,0,0,0,0,0,0,0,0,0,0,0,0,0,0,0,0,0,0,0,0,0,0,0,0,0,0,0,0,31,40,40,71,65476,0,300,0,0,8,21553,0.0,-107605600.0,0.0,0.0,0.0,0.0,0.0,0.0,0.0,0.0,0.0,0.0,0.0,0.0,0.0,0.0,0.0,0.0,0.0,0.0,0.0,0.0,-2.004,-0.0,-0.0,-2.004,0.0,0.0,0.0,0.0,6324.0,0.0,6914.0,0.0,0.0,2.7184303811560617e+23,0.0,0.0,0.0,0.0,0.0,69,0.0,1.9056948562991514e+17,0.0,0.0,0.0,0.0,0.0,0.0,0.0,0,0,0,0.0,0.0,0.0,0.0,0.0,0.0,0.0,0.0,0.0,0.0,0.0,0.0,0.0,0.0,0.0,0.0,0,-107875648.0,69,0.0,138,0.0,0.0,0,13107,17040,13107,17049,13107,17043,0,0,0,70,68,100,2.7302359370752657e+23,71.2,0.0,74.2,2.7302370179391762e+23,74.0,1,49,50,180,13107,52429,0,0,0.0,0.0,0.0,0.0,-0.0,67.0,0.0,162057.094,0.0,751,0,739,0,0,0,721,0,766,0,736,0,742,0,741,0,712,0,7520,0.032,79456894976.0,0.0,0.0,784,16797,-0.0,162057.094,-114818.039,-0.0,0.133,6.909358625270745e+28,30.0,65.0,35,0.0,0.0,0.0,0.0,0.0,0.0,0.0,0.0,0.0,0.0,0.0,0.0,0.0,0.0,0.0,0.0,69.2,0,150,71,55,65476,0,300,0,1,8,20529,65476,0,0,40632,65.0,0.0,0.0,0.0,0.0,0.0
2026-09-04T20:31:39,ERR,ERR,ERR,ERR,ERR,ERR,ERR,ERR,ERR,ERR,ERR,ERR,ERR,ERR,ERR,ERR,ERR,ERR,ERR,ERR,ERR,ERR,ERR,ERR,ERR,ERR,ERR,ERR,ERR,ERR,ERR,ERR,ERR,ERR,ERR,ERR,ERR,ERR,ERR,ERR,ERR,ERR,ERR,ERR,ERR,ERR,ERR,ERR,ERR,ERR,ERR,ERR,ERR,ERR,ERR,ERR,ERR,ERR,ERR,ERR,ERR,ERR,ERR,ERR,ERR,ERR,ERR,ERR,ERR,ERR,ERR,ERR,ERR,ERR,ERR,ERR,ERR,ERR,ERR,ERR,ERR,ERR,ERR,ERR,ERR,ERR,ERR,ERR,ERR,ERR,ERR,ERR,ERR,ERR,ERR,ERR,ERR,ERR,ERR,ERR,ERR,ERR,ERR,ERR,ERR,ERR,ERR,ERR,ERR,ERR,ERR,ERR,ERR,ERR,ERR,ERR,ERR,ERR,ERR,ERR,ERR,ERR,ERR,ERR,ERR,0.0,0.0,0.0,0.0,0.0,1.3936040501711995e+18,7.805,0.0,0,0,4,0,7116,0.0,100,0.0,0.0,0.0,0.0,0.0,0,0,0,0,0.0,0,0,0,0,0,0,0,0,0,0,0,0,0,0,0,0,0,0,0,0,0,0,0,0,0,0,0,0,0,0,0,0,0,31,40,40,71,65476,0,300,0,0,8,21553,0.0,-107605600.0,0.0,0.0,0.0,0.0,0.0,0.0,0.0,0.0,0.0,0.0,0.0,0.0,0.0,0.0,0.0,0.0,0.0,0.0,0.0,0.0,-2.004,-0.0,-0.0,-2.004,0.0,0.0,0.0,0.0,6324.0,0.0,6914.0,0.0,0.0,2.7184303811560617e+23,0.0,0.0,0.0,0.0,0.0,69,0.0,1.9056948562991514e+17,0.0,0.0,0.0,0.0,0.0,0.0,0.0,0,0,0,0.0,0.0,0.0,0.0,0.0,0.0,0.0,0.0,0.0,0.0,0.0,0.0,0.0,0.0,0.0,0.0,0,-107875648.0,69,0.0,138,0.0,0.0,0,13107,17040,13107,17049,13107,17043,0,0,0,70,68,100,2.7302359370752657e+23,71.2,0.0,74.2,2.7302370179391762e+23,74.0,1,49,50,180,13107,52429,0,0,0.0,0.0,0.0,0.0,-0.0,67.0,0.0,162057.094,0.0,751,0,739,0,0,0,721,0,766,0,736,0,742,0,741,0,712,0,7520,0.032,79456894976.0,0.0,0.0,784,16797,-0.0,162057.094,-114818.039,-0.0,0.133,6.909358625270745e+28,30.0,65.0,35,0.0,0.0,0.0,0.0,0.0,0.0,0.0,0.0,0.0,0.0,0.0,0.0,0.0,0.0,0.0,0.0,69.2,0,150,71,55,65476,0,300,0,1,8,20529,65476,0,0,40632,65.0,0.0,0.0,0.0,0.0,0.0
2026-09-04T20:31:40,ERR,ERR,ERR,ERR,ERR,ERR,ERR,ERR,ERR,ERR,ERR,ERR,ERR,ERR,ERR,ERR,ERR,ERR,ERR,ERR,ERR,ERR,ERR,ERR,ERR,ERR,ERR,ERR,ERR,ERR,ERR,ERR,ERR,ERR,ERR,ERR,ERR,ERR,ERR,ERR,ERR,ERR,ERR,ERR,ERR,ERR,ERR,ERR,ERR,ERR,ERR,ERR,ERR,ERR,ERR,ERR,ERR,ERR,ERR,ERR,ERR,ERR,ERR,ERR,ERR,ERR,ERR,ERR,ERR,ERR,ERR,ERR,ERR,ERR,ERR,ERR,ERR,ERR,ERR,ERR,ERR,ERR,ERR,ERR,ERR,ERR,ERR,ERR,ERR,ERR,ERR,ERR,ERR,ERR,ERR,ERR,ERR,ERR,ERR,ERR,ERR,ERR,ERR,ERR,ERR,ERR,ERR,ERR,ERR,ERR,ERR,ERR,ERR,ERR,ERR,ERR,ERR,ERR,ERR,ERR,ERR,ERR,ERR,ERR,ERR,0.0,0.0,0.0,0.0,0.0,1.3936040501711995e+18,7.805,0.0,0,0,4,0,7116,0.0,100,0.0,0.0,0.0,0.0,0.0,0,0,0,0,0.0,0,0,0,0,0,0,0,0,0,0,0,0,0,0,0,0,0,0,0,0,0,0,0,0,0,0,0,0,0,0,0,0,0,31,40,40,71,65476,0,300,0,0,8,21553,0.0,-107605600.0,0.0,0.0,0.0,0.0,0.0,0.0,0.0,0.0,0.0,0.0,0.0,0.0,0.0,0.0,0.0,0.0,0.0,0.0,0.0,0.0,-2.004,-0.0,-0.0,-2.004,0.0,0.0,0.0,0.0,6324.0,0.0,6914.0,0.0,0.0,2.7184303811560617e+23,0.0,0.0,0.0,0.0,0.0,69,0.0,1.9056948562991514e+17,0.0,0.0,0.0,0.0,0.0,0.0,0.0,0,0,0,0.0,0.0,0.0,0.0,0.0,0.0,0.0,0.0,0.0,0.0,0.0,0.0,0.0,0.0,0.0,0.0,0,-107875648.0,69,0.0,138,0.0,0.0,0,13107,17040,13107,17049,13107,17043,0,0,0,70,68,100,2.7302359370752657e+23,71.2,0.0,74.2,2.7302370179391762e+23,74.0,1,49,50,180,13107,52429,0,0,0.0,0.0,0.0,0.0,-0.0,67.0,0.0,162057.094,0.0,751,0,739,0,0,0,721,0,766,0,736,0,742,0,741,0,712,0,7520,0.032,79456894976.0,0.0,0.0,784,16797,-0.0,162057.094,-114818.039,-0.0,0.133,6.909358625270745e+28,30.0,65.0,35,0.0,0.0,0.0,0.0,0.0,0.0,0.0,0.0,0.0,0.0,0.0,0.0,0.0,0.0,0.0,0.0,69.2,0,150,71,55,65476,0,300,0,1,8,20529,65476,0,0,40632,65.0,0.0,0.0,0.0,0.0,0.0
2026-09-04T20:31:41,ERR,ERR,ERR,ERR,ERR,ERR,ERR,ERR,ERR,ERR,ERR,ERR,ERR,ERR,ERR,ERR,ERR,ERR,ERR,ERR,ERR,ERR,ERR,ERR,ERR,ERR,ERR,ERR,ERR,ERR,ERR,ERR,ERR,ERR,ERR,ERR,ERR,ERR,ERR,ERR,ERR,ERR,ERR,ERR,ERR,ERR,ERR,ERR,ERR,ERR,ERR,ERR,ERR,ERR,ERR,ERR,ERR,ERR,ERR,ERR,ERR,ERR,ERR,ERR,ERR,ERR,ERR,ERR,ERR,ERR,ERR,ERR,ERR,ERR,ERR,ERR,ERR,ERR,ERR,ERR,ERR,ERR,ERR,ERR,ERR,ERR,ERR,ERR,ERR,ERR,ERR,ERR,ERR,ERR,ERR,ERR,ERR,ERR,ERR,ERR,ERR,ERR,ERR,ERR,ERR,ERR,ERR,ERR,ERR,ERR,ERR,ERR,ERR,ERR,ERR,ERR,ERR,ERR,ERR,ERR,ERR,ERR,ERR,ERR,ERR,0.0,0.0,0.0,0.0,0.0,1.3936040501711995e+18,7.805,0.0,0,0,4,0,7116,0.0,100,0.0,0.0,0.0,0.0,0.0,0,0,0,0,0.0,0,0,0,0,0,0,0,0,0,0,0,0,0,0,0,0,0,0,0,0,0,0,0,0,0,0,0,0,0,0,0,0,0,31,40,40,71,65476,0,300,0,0,8,21553,0.0,-107605600.0,0.0,0.0,0.0,0.0,0.0,0.0,0.0,0.0,0.0,0.0,0.0,0.0,0.0,0.0,0.0,0.0,0.0,0.0,0.0,0.0,-2.004,-0.0,-0.0,-2.004,0.0,0.0,0.0,0.0,6324.0,0.0,6914.0,0.0,0.0,2.7184303811560617e+23,0.0,0.0,0.0,0.0,0.0,69,0.0,1.9056948562991514e+17,0.0,0.0,0.0,0.0,0.0,0.0,0.0,0,0,0,0.0,0.0,0.0,0.0,0.0,0.0,0.0,0.0,0.0,0.0,0.0,0.0,0.0,0.0,0.0,0.0,0,-107875648.0,69,0.0,138,0.0,0.0,0,13107,17040,13107,17049,13107,17043,0,0,0,70,68,100,2.7302359370752657e+23,71.2,0.0,74.2,2.7302370179391762e+23,74.0,1,49,50,180,13107,52429,0,0,0.0,0.0,0.0,0.0,-0.0,67.0,0.0,162057.094,0.0,751,0,739,0,0,0,721,0,766,0,736,0,742,0,741,0,712,0,7520,0.032,79456894976.0,0.0,0.0,784,16797,-0.0,162057.094,-114818.039,-0.0,0.133,6.909358625270745e+28,30.0,65.0,35,0.0,0.0,0.0,0.0,0.0,0.0,0.0,0.0,0.0,0.0,0.0,0.0,0.0,0.0,0.0,0.0,69.2,0,150,71,55,65476,0,300,0,1,8,20529,65476,0,0,40632,65.0,0.0,0.0,0.0,0.0,0.0
2026-09-04T20:31:42,ERR,ERR,ERR,ERR,ERR,ERR,ERR,ERR,ERR,ERR,ERR,ERR,ERR,ERR,ERR,ERR,ERR,ERR,ERR,ERR,ERR,ERR,ERR,ERR,ERR,ERR,ERR,ERR,ERR,ERR,ERR,ERR,ERR,ERR,ERR,ERR,ERR,ERR,ERR,ERR,ERR,ERR,ERR,ERR,ERR,ERR,ERR,ERR,ERR,ERR,ERR,ERR,ERR,ERR,ERR,ERR,ERR,ERR,ERR,ERR,ERR,ERR,ERR,ERR,ERR,ERR,ERR,ERR,ERR,ERR,ERR,ERR,ERR,ERR,ERR,ERR,ERR,ERR,ERR,ERR,ERR,ERR,ERR,ERR,ERR,ERR,ERR,ERR,ERR,ERR,ERR,ERR,ERR,ERR,ERR,ERR,ERR,ERR,ERR,ERR,ERR,ERR,ERR,ERR,ERR,ERR,ERR,ERR,ERR,ERR,ERR,ERR,ERR,ERR,ERR,ERR,ERR,ERR,ERR,ERR,ERR,ERR,ERR,ERR,ERR,0.0,0.0,0.0,0.0,0.0,1.3936040501711995e+18,7.805,0.0,0,0,4,0,7116,0.0,100,0.0,0.0,0.0,0.0,0.0,0,0,0,0,0.0,0,0,0,0,0,0,0,0,0,0,0,0,0,0,0,0,0,0,0,0,0,0,0,0,0,0,0,0,0,0,0,0,0,31,40,40,71,65476,0,300,0,0,8,21553,0.0,-107605600.0,0.0,0.0,0.0,0.0,0.0,0.0,0.0,0.0,0.0,0.0,0.0,0.0,0.0,0.0,0.0,0.0,0.0,0.0,0.0,0.0,-2.004,-0.0,-0.0,-2.004,0.0,0.0,0.0,0.0,6324.0,0.0,6914.0,0.0,0.0,2.7184303811560617e+23,0.0,0.0,0.0,0.0,0.0,69,0.0,1.9056948562991514e+17,0.0,0.0,0.0,0.0,0.0,0.0,0.0,0,0,0,0.0,0.0,0.0,0.0,0.0,0.0,0.0,0.0,0.0,0.0,0.0,0.0,0.0,0.0,0.0,0.0,0,-107875648.0,69,0.0,138,0.0,0.0,0,13107,17040,13107,17049,13107,17043,0,0,0,70,68,100,2.7302359370752657e+23,71.2,0.0,74.2,2.7302370179391762e+23,74.0,1,49,50,180,13107,52429,0,0,0.0,0.0,0.0,0.0,-0.0,67.0,0.0,162057.094,0.0,751,0,739,0,0,0,721,0,766,0,736,0,742,0,741,0,712,0,7520,0.032,79456894976.0,0.0,0.0,784,16797,-0.0,162057.094,-114818.039,-0.0,0.133,6.909358625270745e+28,30.0,65.0,35,0.0,0.0,0.0,0.0,0.0,0.0,0.0,0.0,0.0,0.0,0.0,0.0,0.0,0.0,0.0,0.0,69.2,0,150,71,55,65476,0,300,0,1,8,20529,65476,0,0,40632,65.0,0.0,0.0,0.0,0.0,0.0
2026-09-04T20:31:43,ERR,ERR,ERR,ERR,ERR,ERR,ERR,ERR,ERR,ERR,ERR,ERR,ERR,ERR,ERR,ERR,ERR,ERR,ERR,ERR,ERR,ERR,ERR,ERR,ERR,ERR,ERR,ERR,ERR,ERR,ERR,ERR,ERR,ERR,ERR,ERR,ERR,ERR,ERR,ERR,ERR,ERR,ERR,ERR,ERR,ERR,ERR,ERR,ERR,ERR,ERR,ERR,ERR,ERR,ERR,ERR,ERR,ERR,ERR,ERR,ERR,ERR,ERR,ERR,ERR,ERR,ERR,ERR,ERR,ERR,ERR,ERR,ERR,ERR,ERR,ERR,ERR,ERR,ERR,ERR,ERR,ERR,ERR,ERR,ERR,ERR,ERR,ERR,ERR,ERR,ERR,ERR,ERR,ERR,ERR,ERR,ERR,ERR,ERR,ERR,ERR,ERR,ERR,ERR,ERR,ERR,ERR,ERR,ERR,ERR,ERR,ERR,ERR,ERR,ERR,ERR,ERR,ERR,ERR,ERR,ERR,ERR,ERR,ERR,ERR,0.0,0.0,0.0,0.0,0.0,1.3936040501711995e+18,7.805,0.0,0,0,4,0,7116,0.0,100,0.0,0.0,0.0,0.0,0.0,0,0,0,0,0.0,0,0,0,0,0,0,0,0,0,0,0,0,0,0,0,0,0,0,0,0,0,0,0,0,0,0,0,0,0,0,0,0,0,31,40,40,71,65476,0,300,0,0,8,21553,0.0,-107605600.0,0.0,0.0,0.0,0.0,0.0,0.0,0.0,0.0,0.0,0.0,0.0,0.0,0.0,0.0,0.0,0.0,0.0,0.0,0.0,0.0,-2.004,-0.0,-0.0,-2.004,0.0,0.0,0.0,0.0,6324.0,0.0,6914.0,0.0,0.0,2.7184303811560617e+23,0.0,0.0,0.0,0.0,0.0,69,0.0,1.9056948562991514e+17,0.0,0.0,0.0,0.0,0.0,0.0,0.0,0,0,0,0.0,0.0,0.0,0.0,0.0,0.0,0.0,0.0,0.0,0.0,0.0,0.0,0.0,0.0,0.0,0.0,0,-107875648.0,69,0.0,138,0.0,0.0,0,13107,17040,13107,17049,13107,17043,0,0,0,70,68,100,2.7302359370752657e+23,71.2,0.0,74.2,2.7302370179391762e+23,74.0,1,49,50,180,13107,52429,0,0,0.0,0.0,0.0,0.0,-0.0,67.0,0.0,162057.094,0.0,751,0,739,0,0,0,721,0,766,0,736,0,742,0,741,0,712,0,7520,0.032,79456894976.0,0.0,0.0,784,16797,-0.0,162057.094,-114818.039,-0.0,0.133,6.909358625270745e+28,30.0,65.0,35,0.0,0.0,0.0,0.0,0.0,0.0,0.0,0.0,0.0,0.0,0.0,0.0,0.0,0.0,0.0,0.0,69.2,0,150,71,55,65476,0,300,0,1,8,20529,65476,0,0,40632,65.0,0.0,0.0,0.0,0.0,0.0
2026-09-04T20:31:44,ERR,ERR,ERR,ERR,ERR,ERR,ERR,ERR,ERR,ERR,ERR,ERR,ERR,ERR,ERR,ERR,ERR,ERR,ERR,ERR,ERR,ERR,ERR,ERR,ERR,ERR,ERR,ERR,ERR,ERR,ERR,ERR,ERR,ERR,ERR,ERR,ERR,ERR,ERR,ERR,ERR,ERR,ERR,ERR,ERR,ERR,ERR,ERR,ERR,ERR,ERR,ERR,ERR,ERR,ERR,ERR,ERR,ERR,ERR,ERR,ERR,ERR,ERR,ERR,ERR,ERR,ERR,ERR,ERR,ERR,ERR,ERR,ERR,ERR,ERR,ERR,ERR,ERR,ERR,ERR,ERR,ERR,ERR,ERR,ERR,ERR,ERR,ERR,ERR,ERR,ERR,ERR,ERR,ERR,ERR,ERR,ERR,ERR,ERR,ERR,ERR,ERR,ERR,ERR,ERR,ERR,ERR,ERR,ERR,ERR,ERR,ERR,ERR,ERR,ERR,ERR,ERR,ERR,ERR,ERR,ERR,ERR,ERR,ERR,ERR,0.0,0.0,0.0,0.0,0.0,1.3936040501711995e+18,7.805,0.0,0,0,4,0,7116,0.0,100,0.0,0.0,0.0,0.0,0.0,0,0,0,0,0.0,0,0,0,0,0,0,0,0,0,0,0,0,0,0,0,0,0,0,0,0,0,0,0,0,0,0,0,0,0,0,0,0,0,31,40,40,71,65476,0,300,0,0,8,21553,0.0,-107605600.0,0.0,0.0,0.0,0.0,0.0,0.0,0.0,0.0,0.0,0.0,0.0,0.0,0.0,0.0,0.0,0.0,0.0,0.0,0.0,0.0,-2.004,-0.0,-0.0,-2.004,0.0,0.0,0.0,0.0,6289.0,-2.422999433747328e+24,6940.0,0.0,0.0,2.7184303811560617e+23,0.0,0.0,0.0,0.0,0.0,69,0.0,0.0,0.0,0.0,0.0,0.0,0.0,0.0,0.0,0,0,0,0.0,0.0,0.0,0.0,0.0,0.0,0.0,0.0,0.0,0.0,0.0,0.0,0.0,0.0,0.0,0.0,0,-107875648.0,69,0.0,138,0.0,0.0,0,13107,17040,13107,17049,13107,17043,0,0,0,70,68,100,2.7302359370752657e+23,71.2,0.0,74.2,2.7302370179391762e+23,74.0,1,49,50,180,13107,52429,0,0,0.0,0.0,0.0,0.0,-0.0,67.0,0.0,162057.094,0.0,751,0,739,0,0,0,721,0,766,0,736,0,742,0,741,0,712,0,7520,0.032,79456894976.0,0.0,0.0,784,16797,-0.0,162057.094,-114818.039,-0.0,0.133,6.909358625270745e+28,30.0,65.0,35,0.0,0.0,0.0,0.0,0.0,0.0,0.0,0.0,0.0,0.0,0.0,0.0,0.0,0.0,0.0,0.0,69.2,0,150,71,55,65476,0,300,0,1,8,20529,65476,0,0,40632,65.0,0.0,0.0,0.0,0.0,0.0
2026-09-04T20:31:45,ERR,ERR,ERR,ERR,ERR,ERR,ERR,ERR,ERR,ERR,ERR,ERR,ERR,ERR,ERR,ERR,ERR,ERR,ERR,ERR,ERR,ERR,ERR,ERR,ERR,ERR,ERR,ERR,ERR,ERR,ERR,ERR,ERR,ERR,ERR,ERR,ERR,ERR,ERR,ERR,ERR,ERR,ERR,ERR,ERR,ERR,ERR,ERR,ERR,ERR,ERR,ERR,ERR,ERR,ERR,ERR,ERR,ERR,ERR,ERR,ERR,ERR,ERR,ERR,ERR,ERR,ERR,ERR,ERR,ERR,ERR,ERR,ERR,ERR,ERR,ERR,ERR,ERR,ERR,ERR,ERR,ERR,ERR,ERR,ERR,ERR,ERR,ERR,ERR,ERR,ERR,ERR,ERR,ERR,ERR,ERR,ERR,ERR,ERR,ERR,ERR,ERR,ERR,ERR,ERR,ERR,ERR,ERR,ERR,ERR,ERR,ERR,ERR,ERR,ERR,ERR,ERR,ERR,ERR,ERR,ERR,ERR,ERR,ERR,ERR,0.0,0.0,0.0,0.0,0.0,1.3936040501711995e+18,7.805,0.0,0,0,4,0,7116,0.0,100,0.0,0.0,0.0,0.0,0.0,0,0,0,0,0.0,0,0,0,0,0,0,0,0,0,0,0,0,0,0,0,0,0,0,0,0,0,0,0,0,0,0,0,0,0,0,0,0,0,31,40,40,71,65476,0,300,0,0,8,21553,0.0,-107605600.0,0.0,0.0,0.0,0.0,0.0,0.0,0.0,0.0,0.0,0.0,0.0,0.0,0.0,0.0,0.0,0.0,0.0,0.0,0.0,0.0,-2.004,-0.0,-0.0,-2.004,0.0,0.0,0.0,0.0,6289.0,-2.422999433747328e+24,6940.0,0.0,0.0,2.7184303811560617e+23,0.0,0.0,0.0,0.0,0.0,69,0.0,0.0,0.0,0.0,0.0,0.0,0.0,0.0,0.0,0,0,0,0.0,0.0,0.0,0.0,0.0,0.0,0.0,0.0,0.0,0.0,0.0,0.0,0.0,0.0,0.0,0.0,0,-107875648.0,69,0.0,138,0.0,0.0,0,13107,17040,13107,17049,13107,17043,0,0,0,70,68,100,2.7302359370752657e+23,71.2,0.0,74.2,2.7302370179391762e+23,74.0,1,49,50,180,13107,52429,0,0,0.0,0.0,0.0,0.0,-0.0,67.0,0.0,162057.094,0.0,751,0,739,0,0,0,721,0,766,0,736,0,742,0,741,0,712,0,7520,0.032,79456894976.0,0.0,0.0,784,16797,-0.0,162057.094,-114818.039,-0.0,0.133,6.909358625270745e+28,30.0,65.0,35,0.0,0.0,0.0,0.0,0.0,0.0,0.0,0.0,0.0,0.0,0.0,0.0,0.0,0.0,0.0,0.0,69.2,0,150,71,55,65476,0,300,0,1,8,20529,65476,0,0,40632,65.0,0.0,0.0,0.0,0.0,0.0
2026-09-04T20:31:46,ERR,ERR,ERR,ERR,ERR,ERR,ERR,ERR,ERR,ERR,ERR,ERR,ERR,ERR,ERR,ERR,ERR,ERR,ERR,ERR,ERR,ERR,ERR,ERR,ERR,ERR,ERR,ERR,ERR,ERR,ERR,ERR,ERR,ERR,ERR,ERR,ERR,ERR,ERR,ERR,ERR,ERR,ERR,ERR,ERR,ERR,ERR,ERR,ERR,ERR,ERR,ERR,ERR,ERR,ERR,ERR,ERR,ERR,ERR,ERR,ERR,ERR,ERR,ERR,ERR,ERR,ERR,ERR,ERR,ERR,ERR,ERR,ERR,ERR,ERR,ERR,ERR,ERR,ERR,ERR,ERR,ERR,ERR,ERR,ERR,ERR,ERR,ERR,ERR,ERR,ERR,ERR,ERR,ERR,ERR,ERR,ERR,ERR,ERR,ERR,ERR,ERR,ERR,ERR,ERR,ERR,ERR,ERR,ERR,ERR,ERR,ERR,ERR,ERR,ERR,ERR,ERR,ERR,ERR,ERR,ERR,ERR,ERR,ERR,ERR,0.0,0.0,0.0,0.0,0.0,1.3936040501711995e+18,7.805,0.0,0,0,4,0,7116,0.0,100,0.0,0.0,0.0,0.0,0.0,0,0,0,0,0.0,0,0,0,0,0,0,0,0,0,0,0,0,0,0,0,0,0,0,0,0,0,0,0,0,0,0,0,0,0,0,0,0,0,31,40,40,71,65476,0,300,0,0,8,21553,0.0,-107605600.0,0.0,0.0,0.0,0.0,0.0,0.0,0.0,0.0,0.0,0.0,0.0,0.0,0.0,0.0,0.0,0.0,0.0,0.0,0.0,0.0,-2.004,-0.0,-0.0,-2.004,0.0,0.0,0.0,0.0,6289.0,-2.422999433747328e+24,6940.0,0.0,0.0,2.7184303811560617e+23,0.0,0.0,0.0,0.0,0.0,69,0.0,0.0,0.0,0.0,0.0,0.0,0.0,0.0,0.0,0,0,0,0.0,0.0,0.0,0.0,0.0,0.0,0.0,0.0,0.0,0.0,0.0,0.0,0.0,0.0,0.0,0.0,0,-107875648.0,69,0.0,138,0.0,0.0,0,13107,17040,13107,17049,13107,17043,0,0,0,70,68,100,2.7302359370752657e+23,71.2,0.0,74.2,2.7302370179391762e+23,74.0,1,49,50,180,13107,52429,0,0,0.0,0.0,0.0,0.0,-0.0,67.0,0.0,162057.094,0.0,751,0,739,0,0,0,721,0,766,0,736,0,742,0,741,0,712,0,7520,0.032,79456894976.0,0.0,0.0,784,16797,-0.0,162057.094,-114818.039,-0.0,0.133,6.909358625270745e+28,30.0,65.0,35,0.0,0.0,0.0,0.0,0.0,0.0,0.0,0.0,0.0,0.0,0.0,0.0,0.0,0.0,0.0,0.0,69.2,0,150,71,55,65476,0,300,0,1,8,20529,65476,0,0,40632,65.0,0.0,0.0,0.0,0.0,0.0
2026-09-04T20:31:47,ERR,ERR,ERR,ERR,ERR,ERR,ERR,ERR,ERR,ERR,ERR,ERR,ERR,ERR,ERR,ERR,ERR,ERR,ERR,ERR,ERR,ERR,ERR,ERR,ERR,ERR,ERR,ERR,ERR,ERR,ERR,ERR,ERR,ERR,ERR,ERR,ERR,ERR,ERR,ERR,ERR,ERR,ERR,ERR,ERR,ERR,ERR,ERR,ERR,ERR,ERR,ERR,ERR,ERR,ERR,ERR,ERR,ERR,ERR,ERR,ERR,ERR,ERR,ERR,ERR,ERR,ERR,ERR,ERR,ERR,ERR,ERR,ERR,ERR,ERR,ERR,ERR,ERR,ERR,ERR,ERR,ERR,ERR,ERR,ERR,ERR,ERR,ERR,ERR,ERR,ERR,ERR,ERR,ERR,ERR,ERR,ERR,ERR,ERR,ERR,ERR,ERR,ERR,ERR,ERR,ERR,ERR,ERR,ERR,ERR,ERR,ERR,ERR,ERR,ERR,ERR,ERR,ERR,ERR,ERR,ERR,ERR,ERR,ERR,ERR,0.0,0.0,0.0,0.0,0.0,1.3936040501711995e+18,7.805,0.0,0,0,4,0,7116,0.0,100,0.0,0.0,0.0,0.0,0.0,0,0,0,0,0.0,0,0,0,0,0,0,0,0,0,0,0,0,0,0,0,0,0,0,0,0,0,0,0,0,0,0,0,0,0,0,0,0,0,31,40,40,71,65476,0,300,0,0,8,21553,0.0,-107605600.0,0.0,0.0,0.0,0.0,0.0,0.0,0.0,0.0,0.0,0.0,0.0,0.0,0.0,0.0,0.0,0.0,0.0,0.0,0.0,0.0,-2.004,-0.0,-0.0,-2.004,0.0,0.0,0.0,0.0,6289.0,-2.422999433747328e+24,6940.0,0.0,0.0,2.7184303811560617e+23,0.0,0.0,0.0,0.0,0.0,69,0.0,0.0,0.0,0.0,0.0,0.0,0.0,0.0,0.0,0,0,0,0.0,0.0,0.0,0.0,0.0,0.0,0.0,0.0,0.0,0.0,0.0,0.0,0.0,0.0,0.0,0.0,0,-107875648.0,69,0.0,138,0.0,0.0,0,13107,17040,13107,17049,13107,17043,0,0,0,70,68,100,2.7302359370752657e+23,71.1,2.7302370179391762e+23,74.2,2.7302370179391762e+23,74.0,1,49,50,180,0,52429,0,0,0.0,0.0,0.0,0.0,-0.0,67.0,0.0,162057.094,0.0,751,0,739,0,0,0,721,0,766,0,736,0,742,0,741,0,712,0,7520,0.032,78920024064.0,0.0,0.0,784,16797,-0.0,162057.094,-114818.039,-0.0,0.133,6.909358625270745e+28,30.0,65.0,35,0.0,0.0,0.0,0.0,0.0,0.0,0.0,0.0,0.0,0.0,0.0,0.0,0.0,0.0,0.0,0.0,69.2,0,150,71,55,65476,0,300,0,1,8,20529,65476,0,0,40632,65.0,0.0,0.0,0.0,0.0,0.0
2026-09-04T20:31:48,ERR,ERR,ERR,ERR,ERR,ERR,ERR,ERR,ERR,ERR,ERR,ERR,ERR,ERR,ERR,ERR,ERR,ERR,ERR,ERR,ERR,ERR,ERR,ERR,ERR,ERR,ERR,ERR,ERR,ERR,ERR,ERR,ERR,ERR,ERR,ERR,ERR,ERR,ERR,ERR,ERR,ERR,ERR,ERR,ERR,ERR,ERR,ERR,ERR,ERR,ERR,ERR,ERR,ERR,ERR,ERR,ERR,ERR,ERR,ERR,ERR,ERR,ERR,ERR,ERR,ERR,ERR,ERR,ERR,ERR,ERR,ERR,ERR,ERR,ERR,ERR,ERR,ERR,ERR,ERR,ERR,ERR,ERR,ERR,ERR,ERR,ERR,ERR,ERR,ERR,ERR,ERR,ERR,ERR,ERR,ERR,ERR,ERR,ERR,ERR,ERR,ERR,ERR,ERR,ERR,ERR,ERR,ERR,ERR,ERR,ERR,ERR,ERR,ERR,ERR,ERR,ERR,ERR,ERR,ERR,ERR,ERR,ERR,ERR,ERR,0.0,0.0,0.0,0.0,0.0,1.3936040501711995e+18,7.805,0.0,0,0,4,0,7116,0.0,100,0.0,0.0,0.0,0.0,0.0,0,0,0,0,0.0,0,0,0,0,0,0,0,0,0,0,0,0,0,0,0,0,0,0,0,0,0,0,0,0,0,0,0,0,0,0,0,0,0,31,40,40,71,65476,0,300,0,0,8,21553,0.0,-107605600.0,0.0,0.0,0.0,0.0,0.0,0.0,0.0,0.0,0.0,0.0,0.0,0.0,0.0,0.0,0.0,0.0,0.0,0.0,0.0,0.0,-2.004,-0.0,-0.0,-2.004,0.0,0.0,0.0,0.0,6289.0,-2.422999433747328e+24,6940.0,0.0,0.0,2.7184303811560617e+23,0.0,0.0,0.0,0.0,0.0,69,0.0,0.0,0.0,0.0,0.0,0.0,0.0,0.0,0.0,0,0,0,0.0,0.0,0.0,0.0,0.0,0.0,0.0,0.0,0.0,0.0,0.0,0.0,0.0,0.0,0.0,0.0,0,-107875648.0,69,0.0,138,0.0,0.0,0,13107,17040,13107,17049,13107,17043,0,0,0,70,68,100,2.7302359370752657e+23,71.1,2.7302370179391762e+23,74.2,2.7302370179391762e+23,74.0,1,49,50,180,0,52429,0,0,0.0,0.0,0.0,0.0,-0.0,67.0,0.0,162057.094,0.0,751,0,739,0,0,0,721,0,766,0,736,0,742,0,741,0,712,0,7520,0.032,78920024064.0,0.0,0.0,784,16797,-0.0,162057.094,-114818.039,-0.0,0.133,6.909358625270745e+28,30.0,65.0,35,0.0,0.0,0.0,0.0,0.0,0.0,0.0,0.0,0.0,0.0,0.0,0.0,0.0,0.0,0.0,0.0,69.2,0,150,71,55,65476,0,300,0,1,8,20529,65476,0,0,40632,65.0,0.0,0.0,0.0,0.0,0.0
2026-09-04T20:31:49,ERR,ERR,ERR,ERR,ERR,ERR,ERR,ERR,ERR,ERR,ERR,ERR,ERR,ERR,ERR,ERR,ERR,ERR,ERR,ERR,ERR,ERR,ERR,ERR,ERR,ERR,ERR,ERR,ERR,ERR,ERR,ERR,ERR,ERR,ERR,ERR,ERR,ERR,ERR,ERR,ERR,ERR,ERR,ERR,ERR,ERR,ERR,ERR,ERR,ERR,ERR,ERR,ERR,ERR,ERR,ERR,ERR,ERR,ERR,ERR,ERR,ERR,ERR,ERR,ERR,ERR,ERR,ERR,ERR,ERR,ERR,ERR,ERR,ERR,ERR,ERR,ERR,ERR,ERR,ERR,ERR,ERR,ERR,ERR,ERR,ERR,ERR,ERR,ERR,ERR,ERR,ERR,ERR,ERR,ERR,ERR,ERR,ERR,ERR,ERR,ERR,ERR,ERR,ERR,ERR,ERR,ERR,ERR,ERR,ERR,ERR,ERR,ERR,ERR,ERR,ERR,ERR,ERR,ERR,ERR,ERR,ERR,ERR,ERR,ERR,0.0,0.0,0.0,0.0,0.0,1.3936040501711995e+18,7.805,0.0,0,0,4,0,7116,0.0,100,0.0,0.0,0.0,0.0,0.0,0,0,0,0,0.0,0,0,0,0,0,0,0,0,0,0,0,0,0,0,0,0,0,0,0,0,0,0,0,0,0,0,0,0,0,0,0,0,0,31,40,40,71,65476,0,300,0,0,8,21553,0.0,-107605600.0,0.0,0.0,0.0,0.0,0.0,0.0,0.0,0.0,0.0,0.0,0.0,0.0,0.0,0.0,0.0,0.0,0.0,0.0,0.0,0.0,-2.004,-0.0,-0.0,-2.004,0.0,0.0,0.0,0.0,6289.0,-2.422999433747328e+24,6940.0,0.0,0.0,2.7184303811560617e+23,0.0,0.0,0.0,0.0,0.0,69,0.0,0.0,0.0,0.0,0.0,0.0,0.0,0.0,0.0,0,0,0,0.0,0.0,0.0,0.0,0.0,0.0,0.0,0.0,0.0,0.0,0.0,0.0,0.0,0.0,0.0,0.0,0,-107875648.0,69,0.0,138,0.0,0.0,0,13107,17040,13107,17049,13107,17043,0,0,0,70,68,100,2.7302359370752657e+23,71.1,2.7302370179391762e+23,74.2,2.7302370179391762e+23,74.0,1,49,50,180,0,52429,0,0,0.0,0.0,0.0,0.0,-0.0,67.0,0.0,162057.094,0.0,751,0,739,0,0,0,721,0,766,0,736,0,742,0,741,0,712,0,7520,0.032,78920024064.0,0.0,0.0,784,16797,-0.0,162057.094,-114818.039,-0.0,0.133,6.909358625270745e+28,30.0,65.0,35,0.0,0.0,0.0,0.0,0.0,0.0,0.0,0.0,0.0,0.0,0.0,0.0,0.0,0.0,0.0,0.0,69.2,0,150,71,55,65476,0,300,0,1,8,20529,65476,0,0,40632,65.0,0.0,0.0,0.0,0.0,0.0
2026-09-04T20:31:50,ERR,ERR,ERR,ERR,ERR,ERR,ERR,ERR,ERR,ERR,ERR,ERR,ERR,ERR,ERR,ERR,ERR,ERR,ERR,ERR,ERR,ERR,ERR,ERR,ERR,ERR,ERR,ERR,ERR,ERR,ERR,ERR,ERR,ERR,ERR,ERR,ERR,ERR,ERR,ERR,ERR,ERR,ERR,ERR,ERR,ERR,ERR,ERR,ERR,ERR,ERR,ERR,ERR,ERR,ERR,ERR,ERR,ERR,ERR,ERR,ERR,ERR,ERR,ERR,ERR,ERR,ERR,ERR,ERR,ERR,ERR,ERR,ERR,ERR,ERR,ERR,ERR,ERR,ERR,ERR,ERR,ERR,ERR,ERR,ERR,ERR,ERR,ERR,ERR,ERR,ERR,ERR,ERR,ERR,ERR,ERR,ERR,ERR,ERR,ERR,ERR,ERR,ERR,ERR,ERR,ERR,ERR,ERR,ERR,ERR,ERR,ERR,ERR,ERR,ERR,ERR,ERR,ERR,ERR,ERR,ERR,ERR,ERR,ERR,ERR,0.0,0.0,0.0,0.0,0.0,1.3936040501711995e+18,7.805,0.0,0,0,4,0,7116,0.0,100,0.0,0.0,0.0,0.0,0.0,0,0,0,0,0.0,0,0,0,0,0,0,0,0,0,0,0,0,0,0,0,0,0,0,0,0,0,0,0,0,0,0,0,0,0,0,0,0,0,31,40,40,71,65476,0,300,0,0,8,21553,0.0,-107605600.0,0.0,0.0,0.0,0.0,0.0,0.0,0.0,0.0,0.0,0.0,0.0,0.0,0.0,0.0,0.0,0.0,0.0,0.0,0.0,0.0,-2.004,-0.0,-0.0,-2.004,0.0,0.0,0.0,0.0,6289.0,-2.422999433747328e+24,6940.0,0.0,0.0,2.7184303811560617e+23,0.0,0.0,0.0,0.0,0.0,69,0.0,0.0,0.0,0.0,0.0,0.0,0.0,0.0,0.0,0,0,0,0.0,0.0,0.0,0.0,0.0,0.0,0.0,0.0,0.0,0.0,0.0,0.0,0.0,0.0,0.0,0.0,0,-107875648.0,69,0.0,138,0.0,0.0,0,13107,17040,13107,17049,13107,17043,0,0,0,70,68,100,2.7302359370752657e+23,71.1,2.7302370179391762e+23,74.2,2.7302370179391762e+23,74.0,1,49,50,180,0,52429,0,0,0.0,0.0,0.0,0.0,-0.0,67.0,0.0,162057.094,0.0,751,0,739,0,0,0,721,0,766,0,736,0,742,0,741,0,712,0,7520,0.032,78920024064.0,0.0,0.0,784,16797,-0.0,162057.094,-114818.039,-0.0,0.133,6.909358625270745e+28,30.0,65.0,35,0.0,0.0,0.0,0.0,0.0,0.0,0.0,0.0,0.0,0.0,0.0,0.0,0.0,0.0,0.0,0.0,69.2,0,150,71,55,65476,0,300,0,1,8,20529,65476,0,0,40632,65.0,0.0,0.0,0.0,0.0,0.0
2026-09-04T20:31:51,ERR,ERR,ERR,ERR,ERR,ERR,ERR,ERR,ERR,ERR,ERR,ERR,ERR,ERR,ERR,ERR,ERR,ERR,ERR,ERR,ERR,ERR,ERR,ERR,ERR,ERR,ERR,ERR,ERR,ERR,ERR,ERR,ERR,ERR,ERR,ERR,ERR,ERR,ERR,ERR,ERR,ERR,ERR,ERR,ERR,ERR,ERR,ERR,ERR,ERR,ERR,ERR,ERR,ERR,ERR,ERR,ERR,ERR,ERR,ERR,ERR,ERR,ERR,ERR,ERR,ERR,ERR,ERR,ERR,ERR,ERR,ERR,ERR,ERR,ERR,ERR,ERR,ERR,ERR,ERR,ERR,ERR,ERR,ERR,ERR,ERR,ERR,ERR,ERR,ERR,ERR,ERR,ERR,ERR,ERR,ERR,ERR,ERR,ERR,ERR,ERR,ERR,ERR,ERR,ERR,ERR,ERR,ERR,ERR,ERR,ERR,ERR,ERR,ERR,ERR,ERR,ERR,ERR,ERR,ERR,ERR,ERR,ERR,ERR,ERR,0.0,0.0,0.0,0.0,0.0,1.3936040501711995e+18,7.805,0.0,0,0,4,0,7116,0.0,100,0.0,0.0,0.0,0.0,0.0,0,0,0,0,0.0,0,0,0,0,0,0,0,0,0,0,0,0,0,0,0,0,0,0,0,0,0,0,0,0,0,0,0,0,0,0,0,0,0,31,40,40,71,65476,0,300,0,0,8,21553,0.0,-107605600.0,0.0,0.0,0.0,0.0,0.0,0.0,0.0,0.0,0.0,0.0,0.0,0.0,0.0,0.0,0.0,0.0,0.0,0.0,0.0,0.0,-2.004,-0.0,-0.0,-2.004,0.0,0.0,0.0,0.0,6289.0,-2.422999433747328e+24,6940.0,0.0,0.0,2.7184303811560617e+23,0.0,0.0,0.0,0.0,0.0,69,0.0,0.0,0.0,0.0,0.0,0.0,0.0,0.0,0.0,0,0,0,0.0,0.0,0.0,0.0,0.0,0.0,0.0,0.0,0.0,0.0,0.0,0.0,0.0,0.0,0.0,0.0,0,-107875648.0,69,0.0,138,0.0,0.0,0,13107,17040,13107,17049,13107,17043,0,0,0,70,68,100,2.7302359370752657e+23,71.1,2.7302370179391762e+23,74.2,2.7302370179391762e+23,74.0,1,49,50,180,0,52429,0,0,0.0,0.0,0.0,0.0,-0.0,67.0,0.0,162057.094,0.0,751,0,739,0,0,0,721,0,766,0,736,0,742,0,741,0,712,0,7520,0.032,78920024064.0,0.0,0.0,784,16797,-0.0,162057.094,-114818.039,-0.0,0.133,6.909358625270745e+28,30.0,65.0,35,0.0,0.0,0.0,0.0,0.0,0.0,0.0,0.0,0.0,0.0,0.0,0.0,0.0,0.0,0.0,0.0,69.2,0,150,71,55,65476,0,300,0,1,8,20529,65476,0,0,40632,65.0,0.0,0.0,0.0,0.0,0.0
2026-09-04T20:31:52,ERR,ERR,ERR,ERR,ERR,ERR,ERR,ERR,ERR,ERR,ERR,ERR,ERR,ERR,ERR,ERR,ERR,ERR,ERR,ERR,ERR,ERR,ERR,ERR,ERR,ERR,ERR,ERR,ERR,ERR,ERR,ERR,ERR,ERR,ERR,ERR,ERR,ERR,ERR,ERR,ERR,ERR,ERR,ERR,ERR,ERR,ERR,ERR,ERR,ERR,ERR,ERR,ERR,ERR,ERR,ERR,ERR,ERR,ERR,ERR,ERR,ERR,ERR,ERR,ERR,ERR,ERR,ERR,ERR,ERR,ERR,ERR,ERR,ERR,ERR,ERR,ERR,ERR,ERR,ERR,ERR,ERR,ERR,ERR,ERR,ERR,ERR,ERR,ERR,ERR,ERR,ERR,ERR,ERR,ERR,ERR,ERR,ERR,ERR,ERR,ERR,ERR,ERR,ERR,ERR,ERR,ERR,ERR,ERR,ERR,ERR,ERR,ERR,ERR,ERR,ERR,ERR,ERR,ERR,ERR,ERR,ERR,ERR,ERR,ERR,0.0,0.0,0.0,0.0,0.0,1.3936040501711995e+18,7.805,0.0,0,0,4,0,7116,0.0,100,0.0,0.0,0.0,0.0,0.0,0,0,0,0,0.0,0,0,0,0,0,0,0,0,0,0,0,0,0,0,0,0,0,0,0,0,0,0,0,0,0,0,0,0,0,0,0,0,0,31,40,40,71,65476,0,300,0,0,8,21553,0.0,-107605600.0,0.0,0.0,0.0,0.0,0.0,0.0,0.0,0.0,0.0,0.0,0.0,0.0,0.0,0.0,0.0,0.0,0.0,0.0,0.0,0.0,-2.004,-0.0,-0.0,-2.004,0.0,0.0,0.0,0.0,6285.0,-131351.062,6937.0,0.0,0.0,2.7184303811560617e+23,0.0,0.0,0.0,0.0,0.0,69,0.0,-2.308837023356593e+20,0.0,0.0,0.0,0.0,0.0,0.0,0.0,0,0,0,0.0,0.0,0.0,0.0,0.0,0.0,0.0,0.0,0.0,0.0,0.0,0.0,0.0,0.0,0.0,0.0,0,-107875648.0,69,0.0,138,0.0,0.0,0,13107,17040,13107,17049,13107,17043,0,0,0,70,68,100,2.7302359370752657e+23,71.1,2.7302370179391762e+23,74.2,2.7302370179391762e+23,74.0,1,49,50,180,0,52429,0,0,0.0,0.0,0.0,0.0,-0.0,67.0,0.0,162057.094,0.0,751,0,739,0,0,0,721,0,766,0,736,0,742,0,741,0,712,0,7520,0.032,78920024064.0,0.0,0.0,784,16797,-0.0,162057.094,-114818.039,-0.0,0.133,6.909358625270745e+28,30.0,65.0,35,0.0,0.0,0.0,0.0,0.0,0.0,0.0,0.0,0.0,0.0,0.0,0.0,0.0,0.0,0.0,0.0,69.2,0,150,71,55,65476,0,300,0,1,8,20529,65476,0,0,40632,65.0,0.0,0.0,0.0,0.0,0.0
2026-09-04T20:31:53,ERR,ERR,ERR,ERR,ERR,ERR,ERR,ERR,ERR,ERR,ERR,ERR,ERR,ERR,ERR,ERR,ERR,ERR,ERR,ERR,ERR,ERR,ERR,ERR,ERR,ERR,ERR,ERR,ERR,ERR,ERR,ERR,ERR,ERR,ERR,ERR,ERR,ERR,ERR,ERR,ERR,ERR,ERR,ERR,ERR,ERR,ERR,ERR,ERR,ERR,ERR,ERR,ERR,ERR,ERR,ERR,ERR,ERR,ERR,ERR,ERR,ERR,ERR,ERR,ERR,ERR,ERR,ERR,ERR,ERR,ERR,ERR,ERR,ERR,ERR,ERR,ERR,ERR,ERR,ERR,ERR,ERR,ERR,ERR,ERR,ERR,ERR,ERR,ERR,ERR,ERR,ERR,ERR,ERR,ERR,ERR,ERR,ERR,ERR,ERR,ERR,ERR,ERR,ERR,ERR,ERR,ERR,ERR,ERR,ERR,ERR,ERR,ERR,ERR,ERR,ERR,ERR,ERR,ERR,ERR,ERR,ERR,ERR,ERR,ERR,0.0,0.0,0.0,0.0,0.0,1.3936040501711995e+18,7.805,0.0,0,0,4,0,7116,0.0,100,0.0,0.0,0.0,0.0,0.0,0,0,0,0,0.0,0,0,0,0,0,0,0,0,0,0,0,0,0,0,0,0,0,0,0,0,0,0,0,0,0,0,0,0,0,0,0,0,0,31,40,40,71,65476,0,300,0,0,8,21553,0.0,-107605600.0,0.0,0.0,0.0,0.0,0.0,0.0,0.0,0.0,0.0,0.0,0.0,0.0,0.0,0.0,0.0,0.0,0.0,0.0,0.0,0.0,-2.004,-0.0,-0.0,-2.004,0.0,0.0,0.0,0.0,6285.0,-131351.062,6937.0,0.0,0.0,2.7184303811560617e+23,0.0,0.0,0.0,0.0,0.0,69,0.0,-2.308837023356593e+20,0.0,0.0,0.0,0.0,0.0,0.0,0.0,0,0,0,0.0,0.0,0.0,0.0,0.0,0.0,0.0,0.0,0.0,0.0,0.0,0.0,0.0,0.0,0.0,0.0,0,-107875648.0,69,0.0,138,0.0,0.0,0,13107,17040,13107,17049,13107,17043,0,0,0,70,68,100,2.7302359370752657e+23,71.1,0.0,74.2,2.7302370179391762e+23,74.0,1,49,50,180,0,52429,0,0,0.0,0.0,0.0,0.0,-0.0,67.0,0.0,162057.094,0.0,751,0,739,0,0,0,721,0,766,0,736,0,742,0,741,0,712,0,7520,0.032,79456894976.0,0.0,0.0,784,16797,-0.0,162057.094,-114818.039,-0.0,0.133,6.909358625270745e+28,30.0,65.0,35,0.0,0.0,0.0,0.0,0.0,0.0,0.0,0.0,0.0,0.0,0.0,0.0,0.0,0.0,0.0,0.0,69.2,0,150,71,55,65476,0,300,0,1,8,20529,65476,0,0,40632,65.0,0.0,0.0,0.0,0.0,0.0
2026-09-04T20:31:54,ERR,ERR,ERR,ERR,ERR,ERR,ERR,ERR,ERR,ERR,ERR,ERR,ERR,ERR,ERR,ERR,ERR,ERR,ERR,ERR,ERR,ERR,ERR,ERR,ERR,ERR,ERR,ERR,ERR,ERR,ERR,ERR,ERR,ERR,ERR,ERR,ERR,ERR,ERR,ERR,ERR,ERR,ERR,ERR,ERR,ERR,ERR,ERR,ERR,ERR,ERR,ERR,ERR,ERR,ERR,ERR,ERR,ERR,ERR,ERR,ERR,ERR,ERR,ERR,ERR,ERR,ERR,ERR,ERR,ERR,ERR,ERR,ERR,ERR,ERR,ERR,ERR,ERR,ERR,ERR,ERR,ERR,ERR,ERR,ERR,ERR,ERR,ERR,ERR,ERR,ERR,ERR,ERR,ERR,ERR,ERR,ERR,ERR,ERR,ERR,ERR,ERR,ERR,ERR,ERR,ERR,ERR,ERR,ERR,ERR,ERR,ERR,ERR,ERR,ERR,ERR,ERR,ERR,ERR,ERR,ERR,ERR,ERR,ERR,ERR,0.0,0.0,0.0,0.0,0.0,1.3936040501711995e+18,7.805,0.0,0,0,4,0,7116,0.0,100,0.0,0.0,0.0,0.0,0.0,0,0,0,0,0.0,0,0,0,0,0,0,0,0,0,0,0,0,0,0,0,0,0,0,0,0,0,0,0,0,0,0,0,0,0,0,0,0,0,31,40,40,71,65476,0,300,0,0,8,21553,0.0,-107605600.0,0.0,0.0,0.0,0.0,0.0,0.0,0.0,0.0,0.0,0.0,0.0,0.0,0.0,0.0,0.0,0.0,0.0,0.0,0.0,0.0,-2.004,-0.0,-0.0,-2.004,0.0,0.0,0.0,0.0,6285.0,-131351.062,6937.0,0.0,0.0,2.7184303811560617e+23,0.0,0.0,0.0,0.0,0.0,69,0.0,-2.308837023356593e+20,0.0,0.0,0.0,0.0,0.0,0.0,0.0,0,0,0,0.0,0.0,0.0,0.0,0.0,0.0,0.0,0.0,0.0,0.0,0.0,0.0,0.0,0.0,0.0,0.0,0,-107875648.0,69,0.0,138,0.0,0.0,0,13107,17040,13107,17049,13107,17043,0,0,0,70,68,100,2.7302359370752657e+23,71.1,0.0,74.2,2.7302370179391762e+23,74.0,1,49,50,180,0,52429,0,0,0.0,0.0,0.0,0.0,-0.0,67.0,0.0,162057.094,0.0,751,0,739,0,0,0,721,0,766,0,736,0,742,0,741,0,712,0,7520,0.032,79456894976.0,0.0,0.0,784,16797,-0.0,162057.094,-114818.039,-0.0,0.133,6.909358625270745e+28,30.0,65.0,35,0.0,0.0,0.0,0.0,0.0,0.0,0.0,0.0,0.0,0.0,0.0,0.0,0.0,0.0,0.0,0.0,69.2,0,150,71,55,65476,0,300,0,1,8,20529,65476,0,0,40632,65.0,0.0,0.0,0.0,0.0,0.0
2026-09-04T20:31:55,ERR,ERR,ERR,ERR,ERR,ERR,ERR,ERR,ERR,ERR,ERR,ERR,ERR,ERR,ERR,ERR,ERR,ERR,ERR,ERR,ERR,ERR,ERR,ERR,ERR,ERR,ERR,ERR,ERR,ERR,ERR,ERR,ERR,ERR,ERR,ERR,ERR,ERR,ERR,ERR,ERR,ERR,ERR,ERR,ERR,ERR,ERR,ERR,ERR,ERR,ERR,ERR,ERR,ERR,ERR,ERR,ERR,ERR,ERR,ERR,ERR,ERR,ERR,ERR,ERR,ERR,ERR,ERR,ERR,ERR,ERR,ERR,ERR,ERR,ERR,ERR,ERR,ERR,ERR,ERR,ERR,ERR,ERR,ERR,ERR,ERR,ERR,ERR,ERR,ERR,ERR,ERR,ERR,ERR,ERR,ERR,ERR,ERR,ERR,ERR,ERR,ERR,ERR,ERR,ERR,ERR,ERR,ERR,ERR,ERR,ERR,ERR,ERR,ERR,ERR,ERR,ERR,ERR,ERR,ERR,ERR,ERR,ERR,ERR,ERR,0.0,0.0,0.0,0.0,0.0,1.3936040501711995e+18,7.805,0.0,0,0,4,0,7116,0.0,100,0.0,0.0,0.0,0.0,0.0,0,0,0,0,0.0,0,0,0,0,0,0,0,0,0,0,0,0,0,0,0,0,0,0,0,0,0,0,0,0,0,0,0,0,0,0,0,0,0,31,40,40,71,65476,0,300,0,0,8,21553,0.0,-107605600.0,0.0,0.0,0.0,0.0,0.0,0.0,0.0,0.0,0.0,0.0,0.0,0.0,0.0,0.0,0.0,0.0,0.0,0.0,0.0,0.0,-2.004,-0.0,-0.0,-2.004,0.0,0.0,0.0,0.0,6285.0,-131351.062,6937.0,0.0,0.0,2.7184303811560617e+23,0.0,0.0,0.0,0.0,0.0,69,0.0,-2.308837023356593e+20,0.0,0.0,0.0,0.0,0.0,0.0,0.0,0,0,0,0.0,0.0,0.0,0.0,0.0,0.0,0.0,0.0,0.0,0.0,0.0,0.0,0.0,0.0,0.0,0.0,0,-107875648.0,69,0.0,138,0.0,0.0,0,13107,17040,13107,17049,13107,17043,0,0,0,70,68,100,2.7302359370752657e+23,71.1,0.0,74.2,2.7302370179391762e+23,74.0,1,49,50,180,0,52429,0,0,0.0,0.0,0.0,0.0,-0.0,67.0,0.0,162057.094,0.0,751,0,739,0,0,0,721,0,766,0,736,0,742,0,741,0,712,0,7520,0.032,79456894976.0,0.0,0.0,784,16797,-0.0,162057.094,-114818.039,-0.0,0.133,6.909358625270745e+28,30.0,65.0,35,0.0,0.0,0.0,0.0,0.0,0.0,0.0,0.0,0.0,0.0,0.0,0.0,0.0,0.0,0.0,0.0,69.2,0,150,71,55,65476,0,300,0,1,8,20529,65476,0,0,40632,65.0,0.0,0.0,0.0,0.0,0.0
2026-09-04T20:31:56,ERR,ERR,ERR,ERR,ERR,ERR,ERR,ERR,ERR,ERR,ERR,ERR,ERR,ERR,ERR,ERR,ERR,ERR,ERR,ERR,ERR,ERR,ERR,ERR,ERR,ERR,ERR,ERR,ERR,ERR,ERR,ERR,ERR,ERR,ERR,ERR,ERR,ERR,ERR,ERR,ERR,ERR,ERR,ERR,ERR,ERR,ERR,ERR,ERR,ERR,ERR,ERR,ERR,ERR,ERR,ERR,ERR,ERR,ERR,ERR,ERR,ERR,ERR,ERR,ERR,ERR,ERR,ERR,ERR,ERR,ERR,ERR,ERR,ERR,ERR,ERR,ERR,ERR,ERR,ERR,ERR,ERR,ERR,ERR,ERR,ERR,ERR,ERR,ERR,ERR,ERR,ERR,ERR,ERR,ERR,ERR,ERR,ERR,ERR,ERR,ERR,ERR,ERR,ERR,ERR,ERR,ERR,ERR,ERR,ERR,ERR,ERR,ERR,ERR,ERR,ERR,ERR,ERR,ERR,ERR,ERR,ERR,ERR,ERR,ERR,0.0,0.0,0.0,0.0,0.0,1.3936040501711995e+18,7.805,0.0,0,0,4,0,7116,0.0,100,0.0,0.0,0.0,0.0,0.0,0,0,0,0,0.0,0,0,0,0,0,0,0,0,0,0,0,0,0,0,0,0,0,0,0,0,0,0,0,0,0,0,0,0,0,0,0,0,0,31,40,40,71,65476,0,300,0,0,8,21553,0.0,-107605600.0,0.0,0.0,0.0,0.0,0.0,0.0,0.0,0.0,0.0,0.0,0.0,0.0,0.0,0.0,0.0,0.0,0.0,0.0,0.0,0.0,-2.004,-0.0,-0.0,-2.004,0.0,0.0,0.0,0.0,6285.0,-131351.062,6937.0,0.0,0.0,2.7184303811560617e+23,0.0,0.0,0.0,0.0,0.0,69,0.0,-2.308837023356593e+20,0.0,0.0,0.0,0.0,0.0,0.0,0.0,0,0,0,0.0,0.0,0.0,0.0,0.0,0.0,0.0,0.0,0.0,0.0,0.0,0.0,0.0,0.0,0.0,0.0,0,-107875648.0,69,0.0,138,0.0,0.0,0,13107,17040,13107,17049,13107,17043,0,0,0,70,68,100,2.7302359370752657e+23,71.1,0.0,74.2,2.7302370179391762e+23,74.0,1,49,50,180,0,52429,0,0,0.0,0.0,0.0,0.0,-0.0,67.0,0.0,162057.094,0.0,751,0,739,0,0,0,721,0,766,0,736,0,742,0,741,0,712,0,7520,0.032,79456894976.0,0.0,0.0,784,16797,-0.0,162057.094,-114818.039,-0.0,0.133,6.909358625270745e+28,30.0,65.0,35,0.0,0.0,0.0,0.0,0.0,0.0,0.0,0.0,0.0,0.0,0.0,0.0,0.0,0.0,0.0,0.0,69.2,0,150,71,55,65476,0,300,0,1,8,20529,65476,0,0,40632,65.0,0.0,0.0,0.0,0.0,0.0
2026-09-04T20:31:57,ERR,ERR,ERR,ERR,ERR,ERR,ERR,ERR,ERR,ERR,ERR,ERR,ERR,ERR,ERR,ERR,ERR,ERR,ERR,ERR,ERR,ERR,ERR,ERR,ERR,ERR,ERR,ERR,ERR,ERR,ERR,ERR,ERR,ERR,ERR,ERR,ERR,ERR,ERR,ERR,ERR,ERR,ERR,ERR,ERR,ERR,ERR,ERR,ERR,ERR,ERR,ERR,ERR,ERR,ERR,ERR,ERR,ERR,ERR,ERR,ERR,ERR,ERR,ERR,ERR,ERR,ERR,ERR,ERR,ERR,ERR,ERR,ERR,ERR,ERR,ERR,ERR,ERR,ERR,ERR,ERR,ERR,ERR,ERR,ERR,ERR,ERR,ERR,ERR,ERR,ERR,ERR,ERR,ERR,ERR,ERR,ERR,ERR,ERR,ERR,ERR,ERR,ERR,ERR,ERR,ERR,ERR,ERR,ERR,ERR,ERR,ERR,ERR,ERR,ERR,ERR,ERR,ERR,ERR,ERR,ERR,ERR,ERR,ERR,ERR,0.0,0.0,0.0,0.0,0.0,1.3936040501711995e+18,7.805,0.0,0,0,4,0,7116,0.0,100,0.0,0.0,0.0,0.0,0.0,0,0,0,0,0.0,0,0,0,0,0,0,0,0,0,0,0,0,0,0,0,0,0,0,0,0,0,0,0,0,0,0,0,0,0,0,0,0,0,31,40,40,71,65476,0,300,0,0,8,21553,0.0,-107605600.0,0.0,0.0,0.0,0.0,0.0,0.0,0.0,0.0,0.0,0.0,0.0,0.0,0.0,0.0,0.0,0.0,0.0,0.0,0.0,0.0,-2.004,-0.0,-0.0,-2.004,0.0,0.0,0.0,0.0,6285.0,-131351.062,6937.0,0.0,0.0,2.7184303811560617e+23,0.0,0.0,0.0,0.0,0.0,69,0.0,-2.308837023356593e+20,0.0,0.0,0.0,0.0,0.0,0.0,0.0,0,0,0,0.0,0.0,0.0,0.0,0.0,0.0,0.0,0.0,0.0,0.0,0.0,0.0,0.0,0.0,0.0,0.0,0,-107875648.0,69,0.0,138,0.0,0.0,0,13107,17040,13107,17049,13107,17043,0,0,0,70,68,100,2.7302359370752657e+23,71.1,0.0,74.2,2.7302370179391762e+23,74.0,1,49,50,180,0,52429,0,0,0.0,0.0,0.0,0.0,-0.0,67.0,0.0,162057.094,0.0,751,0,739,0,0,0,721,0,766,0,736,0,742,0,741,0,712,0,7520,0.032,79456894976.0,0.0,0.0,784,16797,-0.0,162057.094,-114818.039,-0.0,0.133,6.909358625270745e+28,30.0,65.0,35,0.0,0.0,0.0,0.0,0.0,0.0,0.0,0.0,0.0,0.0,0.0,0.0,0.0,0.0,0.0,0.0,69.2,0,150,71,55,65476,0,300,0,1,8,20529,65476,0,0,40632,65.0,0.0,0.0,0.0,0.0,0.0
2026-09-04T20:31:58,ERR,ERR,ERR,ERR,ERR,ERR,ERR,ERR,ERR,ERR,ERR,ERR,ERR,ERR,ERR,ERR,ERR,ERR,ERR,ERR,ERR,ERR,ERR,ERR,ERR,ERR,ERR,ERR,ERR,ERR,ERR,ERR,ERR,ERR,ERR,ERR,ERR,ERR,ERR,ERR,ERR,ERR,ERR,ERR,ERR,ERR,ERR,ERR,ERR,ERR,ERR,ERR,ERR,ERR,ERR,ERR,ERR,ERR,ERR,ERR,ERR,ERR,ERR,ERR,ERR,ERR,ERR,ERR,ERR,ERR,ERR,ERR,ERR,ERR,ERR,ERR,ERR,ERR,ERR,ERR,ERR,ERR,ERR,ERR,ERR,ERR,ERR,ERR,ERR,ERR,ERR,ERR,ERR,ERR,ERR,ERR,ERR,ERR,ERR,ERR,ERR,ERR,ERR,ERR,ERR,ERR,ERR,ERR,ERR,ERR,ERR,ERR,ERR,ERR,ERR,ERR,ERR,ERR,ERR,ERR,ERR,ERR,ERR,ERR,ERR,0.0,0.0,0.0,0.0,0.0,1.3936040501711995e+18,7.805,0.0,0,0,4,0,7116,0.0,100,0.0,0.0,0.0,0.0,0.0,0,0,0,0,0.0,0,0,0,0,0,0,0,0,0,0,0,0,0,0,0,0,0,0,0,0,0,0,0,0,0,0,0,0,0,0,0,0,0,31,40,40,71,65476,0,300,0,0,8,21553,0.0,-107605600.0,0.0,0.0,0.0,0.0,0.0,0.0,0.0,0.0,0.0,0.0,0.0,0.0,0.0,0.0,0.0,0.0,0.0,0.0,0.0,0.0,-2.004,-0.0,-0.0,-2.004,0.0,0.0,0.0,0.0,6285.0,-131351.062,6937.0,0.0,0.0,2.7184303811560617e+23,0.0,0.0,0.0,0.0,0.0,69,0.0,-2.308837023356593e+20,0.0,0.0,0.0,0.0,0.0,0.0,0.0,0,0,0,0.0,0.0,0.0,0.0,0.0,0.0,0.0,0.0,0.0,0.0,0.0,0.0,0.0,0.0,0.0,0.0,0,-107875648.0,69,0.0,138,0.0,0.0,0,13107,17040,13107,17049,13107,17043,0,0,0,70,68,100,2.7302359370752657e+23,71.1,0.0,74.2,2.7302370179391762e+23,74.0,1,49,50,180,0,52429,0,0,0.0,0.0,0.0,0.0,-0.0,67.0,0.0,162057.094,0.0,751,0,739,0,0,0,721,0,766,0,736,0,742,0,742,0,712,0,7520,0.032,78920024064.0,0.0,0.0,784,16797,-0.0,162057.094,-114818.039,-0.0,0.133,6.909358625270745e+28,30.0,65.0,35,0.0,0.0,0.0,0.0,0.0,0.0,0.0,0.0,0.0,0.0,0.0,0.0,0.0,0.0,0.0,0.0,69.2,0,150,71,55,65476,0,300,0,1,8,20529,65476,0,0,40632,65.0,0.0,0.0,0.0,0.0,0.0
2026-09-04T20:31:59,ERR,ERR,ERR,ERR,ERR,ERR,ERR,ERR,ERR,ERR,ERR,ERR,ERR,ERR,ERR,ERR,ERR,ERR,ERR,ERR,ERR,ERR,ERR,ERR,ERR,ERR,ERR,ERR,ERR,ERR,ERR,ERR,ERR,ERR,ERR,ERR,ERR,ERR,ERR,ERR,ERR,ERR,ERR,ERR,ERR,ERR,ERR,ERR,ERR,ERR,ERR,ERR,ERR,ERR,ERR,ERR,ERR,ERR,ERR,ERR,ERR,ERR,ERR,ERR,ERR,ERR,ERR,ERR,ERR,ERR,ERR,ERR,ERR,ERR,ERR,ERR,ERR,ERR,ERR,ERR,ERR,ERR,ERR,ERR,ERR,ERR,ERR,ERR,ERR,ERR,ERR,ERR,ERR,ERR,ERR,ERR,ERR,ERR,ERR,ERR,ERR,ERR,ERR,ERR,ERR,ERR,ERR,ERR,ERR,ERR,ERR,ERR,ERR,ERR,ERR,ERR,ERR,ERR,ERR,ERR,ERR,ERR,ERR,ERR,ERR,0.0,0.0,0.0,0.0,0.0,1.3936040501711995e+18,7.805,0.0,0,0,4,0,7116,0.0,100,0.0,0.0,0.0,0.0,0.0,0,0,0,0,0.0,0,0,0,0,0,0,0,0,0,0,0,0,0,0,0,0,0,0,0,0,0,0,0,0,0,0,0,0,0,0,0,0,0,31,40,40,71,65476,0,300,0,0,8,21553,0.0,-107605600.0,0.0,0.0,0.0,0.0,0.0,0.0,0.0,0.0,0.0,0.0,0.0,0.0,0.0,0.0,0.0,0.0,0.0,0.0,0.0,0.0,-2.004,-0.0,-0.0,-2.004,0.0,0.0,0.0,0.0,6285.0,-0.0,6935.0,0.0,0.0,2.7184303811560617e+23,0.0,0.0,0.0,0.0,0.0,69,-5.848086186001959e+35,-107615192.0,0.0,0.0,0.0,0.0,0.0,0.0,0.0,0,0,0,0.0,0.0,0.0,0.0,0.0,0.0,0.0,0.0,0.0,0.0,0.0,0.0,0.0,0.0,0.0,0.0,0,-107875648.0,69,0.0,138,0.0,0.0,0,13107,17040,13107,17049,13107,17043,0,0,0,70,68,100,2.7302359370752657e+23,71.1,0.0,74.2,2.7302370179391762e+23,74.0,1,49,50,180,0,52429,0,0,0.0,0.0,0.0,0.0,-0.0,67.0,0.0,162057.094,0.0,751,0,739,0,0,0,721,0,766,0,736,0,742,0,742,0,712,0,7520,0.032,78920024064.0,0.0,0.0,784,16797,-0.0,162057.094,-114818.039,-0.0,0.133,6.909358625270745e+28,30.0,65.0,35,0.0,0.0,0.0,0.0,0.0,0.0,0.0,0.0,0.0,0.0,0.0,0.0,0.0,0.0,0.0,0.0,69.2,0,150,71,55,65476,0,300,0,1,8,20529,65476,0,0,40632,65.0,0.0,0.0,0.0,0.0,0.0
2026-09-04T20:32:00,ERR,ERR,ERR,ERR,ERR,ERR,ERR,ERR,ERR,ERR,ERR,ERR,ERR,ERR,ERR,ERR,ERR,ERR,ERR,ERR,ERR,ERR,ERR,ERR,ERR,ERR,ERR,ERR,ERR,ERR,ERR,ERR,ERR,ERR,ERR,ERR,ERR,ERR,ERR,ERR,ERR,ERR,ERR,ERR,ERR,ERR,ERR,ERR,ERR,ERR,ERR,ERR,ERR,ERR,ERR,ERR,ERR,ERR,ERR,ERR,ERR,ERR,ERR,ERR,ERR,ERR,ERR,ERR,ERR,ERR,ERR,ERR,ERR,ERR,ERR,ERR,ERR,ERR,ERR,ERR,ERR,ERR,ERR,ERR,ERR,ERR,ERR,ERR,ERR,ERR,ERR,ERR,ERR,ERR,ERR,ERR,ERR,ERR,ERR,ERR,ERR,ERR,ERR,ERR,ERR,ERR,ERR,ERR,ERR,ERR,ERR,ERR,ERR,ERR,ERR,ERR,ERR,ERR,ERR,ERR,ERR,ERR,ERR,ERR,ERR,0.0,0.0,0.0,0.0,0.0,1.3936040501711995e+18,7.805,0.0,0,0,4,0,7116,0.0,100,0.0,0.0,0.0,0.0,0.0,0,0,0,0,0.0,0,0,0,0,0,0,0,0,0,0,0,0,0,0,0,0,0,0,0,0,0,0,0,0,0,0,0,0,0,0,0,0,0,31,40,40,71,65476,0,300,0,0,8,21553,0.0,-107605600.0,0.0,0.0,0.0,0.0,0.0,0.0,0.0,0.0,0.0,0.0,0.0,0.0,0.0,0.0,0.0,0.0,0.0,0.0,0.0,0.0,-2.004,-0.0,-0.0,-2.004,0.0,0.0,0.0,0.0,6285.0,-0.0,6935.0,0.0,0.0,2.7184303811560617e+23,0.0,0.0,0.0,0.0,0.0,69,-5.848086186001959e+35,-107615192.0,0.0,0.0,0.0,0.0,0.0,0.0,0.0,0,0,0,0.0,0.0,0.0,0.0,0.0,0.0,0.0,0.0,0.0,0.0,0.0,0.0,0.0,0.0,0.0,0.0,0,-107875648.0,69,0.0,138,0.0,0.0,0,13107,17040,13107,17049,13107,17043,0,0,0,70,68,100,2.7302359370752657e+23,71.1,0.0,74.2,2.7302370179391762e+23,74.0,1,49,50,180,0,52429,0,0,0.0,0.0,0.0,0.0,-0.0,67.0,0.0,162057.094,0.0,751,0,739,0,0,0,721,0,766,0,736,0,742,0,742,0,712,0,7520,0.032,78920024064.0,0.0,0.0,784,16797,-0.0,162057.094,-114818.039,-0.0,0.133,6.909358625270745e+28,30.0,65.0,35,0.0,0.0,0.0,0.0,0.0,0.0,0.0,0.0,0.0,0.0,0.0,0.0,0.0,0.0,0.0,0.0,69.2,0,150,71,55,65476,0,300,0,1,8,20529,65476,0,0,40632,65.0,0.0,0.0,0.0,0.0,0.0
2026-09-04T20:32:01,ERR,ERR,ERR,ERR,ERR,ERR,ERR,ERR,ERR,ERR,ERR,ERR,ERR,ERR,ERR,ERR,ERR,ERR,ERR,ERR,ERR,ERR,ERR,ERR,ERR,ERR,ERR,ERR,ERR,ERR,ERR,ERR,ERR,ERR,ERR,ERR,ERR,ERR,ERR,ERR,ERR,ERR,ERR,ERR,ERR,ERR,ERR,ERR,ERR,ERR,ERR,ERR,ERR,ERR,ERR,ERR,ERR,ERR,ERR,ERR,ERR,ERR,ERR,ERR,ERR,ERR,ERR,ERR,ERR,ERR,ERR,ERR,ERR,ERR,ERR,ERR,ERR,ERR,ERR,ERR,ERR,ERR,ERR,ERR,ERR,ERR,ERR,ERR,ERR,ERR,ERR,ERR,ERR,ERR,ERR,ERR,ERR,ERR,ERR,ERR,ERR,ERR,ERR,ERR,ERR,ERR,ERR,ERR,ERR,ERR,ERR,ERR,ERR,ERR,ERR,ERR,ERR,ERR,ERR,ERR,ERR,ERR,ERR,ERR,ERR,0.0,0.0,0.0,0.0,0.0,1.3936040501711995e+18,7.805,0.0,0,0,4,0,7116,0.0,100,0.0,0.0,0.0,0.0,0.0,0,0,0,0,0.0,0,0,0,0,0,0,0,0,0,0,0,0,0,0,0,0,0,0,0,0,0,0,0,0,0,0,0,0,0,0,0,0,0,31,40,40,71,65476,0,300,0,0,8,21553,0.0,-107605600.0,0.0,0.0,0.0,0.0,0.0,0.0,0.0,0.0,0.0,0.0,0.0,0.0,0.0,0.0,0.0,0.0,0.0,0.0,0.0,0.0,-2.004,-0.0,-0.0,-2.004,0.0,0.0,0.0,0.0,6285.0,-0.0,6935.0,0.0,0.0,2.7184303811560617e+23,0.0,0.0,0.0,0.0,0.0,69,-5.848086186001959e+35,-107615192.0,0.0,0.0,0.0,0.0,0.0,0.0,0.0,0,0,0,0.0,0.0,0.0,0.0,0.0,0.0,0.0,0.0,0.0,0.0,0.0,0.0,0.0,0.0,0.0,0.0,0,-107875648.0,69,0.0,138,0.0,0.0,0,13107,17040,13107,17049,13107,17043,0,0,0,70,68,100,2.7302359370752657e+23,71.1,0.0,74.2,2.7302370179391762e+23,74.0,1,49,50,180,0,52429,0,0,0.0,0.0,0.0,0.0,-0.0,67.0,0.0,162057.094,0.0,751,0,739,0,0,0,721,0,766,0,736,0,742,0,742,0,712,0,7520,0.032,78920024064.0,0.0,0.0,784,16797,-0.0,162057.094,-114818.039,-0.0,0.133,6.909358625270745e+28,30.0,65.0,35,0.0,0.0,0.0,0.0,0.0,0.0,0.0,0.0,0.0,0.0,0.0,0.0,0.0,0.0,0.0,0.0,69.2,0,150,71,55,65476,0,300,0,1,8,20529,65476,0,0,40632,65.0,0.0,0.0,0.0,0.0,0.0
2026-09-04T20:32:02,ERR,ERR,ERR,ERR,ERR,ERR,ERR,ERR,ERR,ERR,ERR,ERR,ERR,ERR,ERR,ERR,ERR,ERR,ERR,ERR,ERR,ERR,ERR,ERR,ERR,ERR,ERR,ERR,ERR,ERR,ERR,ERR,ERR,ERR,ERR,ERR,ERR,ERR,ERR,ERR,ERR,ERR,ERR,ERR,ERR,ERR,ERR,ERR,ERR,ERR,ERR,ERR,ERR,ERR,ERR,ERR,ERR,ERR,ERR,ERR,ERR,ERR,ERR,ERR,ERR,ERR,ERR,ERR,ERR,ERR,ERR,ERR,ERR,ERR,ERR,ERR,ERR,ERR,ERR,ERR,ERR,ERR,ERR,ERR,ERR,ERR,ERR,ERR,ERR,ERR,ERR,ERR,ERR,ERR,ERR,ERR,ERR,ERR,ERR,ERR,ERR,ERR,ERR,ERR,ERR,ERR,ERR,ERR,ERR,ERR,ERR,ERR,ERR,ERR,ERR,ERR,ERR,ERR,ERR,ERR,ERR,ERR,ERR,ERR,ERR,0.0,0.0,0.0,0.0,0.0,1.3936040501711995e+18,7.805,0.0,0,0,4,0,7116,0.0,100,0.0,0.0,0.0,0.0,0.0,0,0,0,0,0.0,0,0,0,0,0,0,0,0,0,0,0,0,0,0,0,0,0,0,0,0,0,0,0,0,0,0,0,0,0,0,0,0,0,31,40,40,71,65476,0,300,0,0,8,21553,0.0,-107605600.0,0.0,0.0,0.0,0.0,0.0,0.0,0.0,0.0,0.0,0.0,0.0,0.0,0.0,0.0,0.0,0.0,0.0,0.0,0.0,0.0,-2.004,-0.0,-0.0,-2.004,0.0,0.0,0.0,0.0,6285.0,-0.0,6935.0,0.0,0.0,2.7184303811560617e+23,0.0,0.0,0.0,0.0,0.0,69,-5.848086186001959e+35,-107615192.0,0.0,0.0,0.0,0.0,0.0,0.0,0.0,0,0,0,0.0,0.0,0.0,0.0,0.0,0.0,0.0,0.0,0.0,0.0,0.0,0.0,0.0,0.0,0.0,0.0,0,-107875648.0,69,0.0,138,0.0,0.0,0,13107,17040,13107,17049,13107,17043,0,0,0,70,68,100,2.7302359370752657e+23,71.1,0.0,74.2,2.7302370179391762e+23,74.0,1,49,50,180,0,52429,0,0,0.0,0.0,0.0,0.0,-0.0,67.0,0.0,162057.094,0.0,751,0,739,0,0,0,721,0,766,0,736,0,742,0,742,0,712,0,7520,0.032,78920024064.0,0.0,0.0,784,16797,-0.0,162057.094,-114818.039,-0.0,0.133,6.909358625270745e+28,30.0,65.0,35,0.0,0.0,0.0,0.0,0.0,0.0,0.0,0.0,0.0,0.0,0.0,0.0,0.0,0.0,0.0,0.0,69.2,0,150,71,55,65476,0,300,0,1,8,20529,65476,0,0,40632,65.0,0.0,0.0,0.0,0.0,0.0
2026-09-04T20:32:03,ERR,ERR,ERR,ERR,ERR,ERR,ERR,ERR,ERR,ERR,ERR,ERR,ERR,ERR,ERR,ERR,ERR,ERR,ERR,ERR,ERR,ERR,ERR,ERR,ERR,ERR,ERR,ERR,ERR,ERR,ERR,ERR,ERR,ERR,ERR,ERR,ERR,ERR,ERR,ERR,ERR,ERR,ERR,ERR,ERR,ERR,ERR,ERR,ERR,ERR,ERR,ERR,ERR,ERR,ERR,ERR,ERR,ERR,ERR,ERR,ERR,ERR,ERR,ERR,ERR,ERR,ERR,ERR,ERR,ERR,ERR,ERR,ERR,ERR,ERR,ERR,ERR,ERR,ERR,ERR,ERR,ERR,ERR,ERR,ERR,ERR,ERR,ERR,ERR,ERR,ERR,ERR,ERR,ERR,ERR,ERR,ERR,ERR,ERR,ERR,ERR,ERR,ERR,ERR,ERR,ERR,ERR,ERR,ERR,ERR,ERR,ERR,ERR,ERR,ERR,ERR,ERR,ERR,ERR,ERR,ERR,ERR,ERR,ERR,ERR,0.0,0.0,0.0,0.0,0.0,1.3936040501711995e+18,7.805,0.0,0,0,4,0,7116,0.0,100,0.0,0.0,0.0,0.0,0.0,0,0,0,0,0.0,0,0,0,0,0,0,0,0,0,0,0,0,0,0,0,0,0,0,0,0,0,0,0,0,0,0,0,0,0,0,0,0,0,31,40,40,71,65476,0,300,0,0,8,21553,0.0,-107605600.0,0.0,0.0,0.0,0.0,0.0,0.0,0.0,0.0,0.0,0.0,0.0,0.0,0.0,0.0,0.0,0.0,0.0,0.0,0.0,0.0,-2.004,-0.0,-0.0,-2.004,0.0,0.0,0.0,0.0,6285.0,-0.0,6935.0,0.0,0.0,2.7184303811560617e+23,0.0,0.0,0.0,0.0,0.0,69,-5.848086186001959e+35,-107615192.0,0.0,0.0,0.0,0.0,0.0,0.0,0.0,0,0,0,0.0,0.0,0.0,0.0,0.0,0.0,0.0,0.0,0.0,0.0,0.0,0.0,0.0,0.0,0.0,0.0,0,-107875648.0,69,0.0,138,0.0,0.0,0,13107,17040,13107,17049,13107,17043,0,0,0,70,68,100,2.7302359370752657e+23,71.1,0.0,74.2,2.7302370179391762e+23,74.0,1,49,50,180,0,52429,0,0,0.0,0.0,0.0,0.0,-0.0,67.0,0.0,162057.094,0.0,751,0,739,0,0,0,721,0,766,0,736,0,742,0,742,0,712,0,7520,0.032,78920024064.0,0.0,0.0,784,16797,-0.0,162057.094,-114818.039,-0.0,0.133,6.909358625270745e+28,30.0,65.0,35,0.0,0.0,0.0,0.0,0.0,0.0,0.0,0.0,0.0,0.0,0.0,0.0,0.0,0.0,0.0,0.0,69.2,0,150,71,55,65476,0,300,0,1,8,20529,65476,0,0,40632,65.0,0.0,0.0,0.0,0.0,0.0
2026-09-04T20:32:04,ERR,ERR,ERR,ERR,ERR,ERR,ERR,ERR,ERR,ERR,ERR,ERR,ERR,ERR,ERR,ERR,ERR,ERR,ERR,ERR,ERR,ERR,ERR,ERR,ERR,ERR,ERR,ERR,ERR,ERR,ERR,ERR,ERR,ERR,ERR,ERR,ERR,ERR,ERR,ERR,ERR,ERR,ERR,ERR,ERR,ERR,ERR,ERR,ERR,ERR,ERR,ERR,ERR,ERR,ERR,ERR,ERR,ERR,ERR,ERR,ERR,ERR,ERR,ERR,ERR,ERR,ERR,ERR,ERR,ERR,ERR,ERR,ERR,ERR,ERR,ERR,ERR,ERR,ERR,ERR,ERR,ERR,ERR,ERR,ERR,ERR,ERR,ERR,ERR,ERR,ERR,ERR,ERR,ERR,ERR,ERR,ERR,ERR,ERR,ERR,ERR,ERR,ERR,ERR,ERR,ERR,ERR,ERR,ERR,ERR,ERR,ERR,ERR,ERR,ERR,ERR,ERR,ERR,ERR,ERR,ERR,ERR,ERR,ERR,ERR,0.0,0.0,0.0,0.0,0.0,1.3936040501711995e+18,7.805,0.0,0,0,4,0,7116,0.0,100,0.0,0.0,0.0,0.0,0.0,0,0,0,0,0.0,0,0,0,0,0,0,0,0,0,0,0,0,0,0,0,0,0,0,0,0,0,0,0,0,0,0,0,0,0,0,0,0,0,31,40,40,71,65476,0,300,0,0,8,21553,0.0,-107605600.0,0.0,0.0,0.0,0.0,0.0,0.0,0.0,0.0,0.0,0.0,0.0,0.0,0.0,0.0,0.0,0.0,0.0,0.0,0.0,0.0,-2.004,-0.0,-0.0,-2.004,0.0,0.0,0.0,0.0,6285.0,-0.0,6935.0,0.0,0.0,2.7184303811560617e+23,0.0,0.0,0.0,0.0,0.0,69,-5.848086186001959e+35,-107615192.0,0.0,0.0,0.0,0.0,0.0,0.0,0.0,0,0,0,0.0,0.0,0.0,0.0,0.0,0.0,0.0,0.0,0.0,0.0,0.0,0.0,0.0,0.0,0.0,0.0,0,-107875648.0,69,0.0,138,0.0,0.0,0,13107,17040,13107,17049,13107,17043,0,0,0,70,68,100,2.7302359370752657e+23,71.1,2.7302370179391762e+23,74.2,2.7302370179391762e+23,74.0,1,49,50,180,13107,52429,0,0,0.0,0.0,0.0,0.0,-0.0,67.0,0.0,162057.094,0.0,750,0,739,0,0,0,721,0,766,0,736,0,742,0,741,0,712,0,7520,0.032,79456894976.0,0.0,0.0,784,16797,-0.0,162057.094,-114818.039,-0.0,0.133,6.909358625270745e+28,30.0,65.0,35,0.0,0.0,0.0,0.0,0.0,0.0,0.0,0.0,0.0,0.0,0.0,0.0,0.0,0.0,0.0,0.0,69.2,0,150,71,55,65476,0,300,0,1,8,20529,65476,0,0,40632,65.0,0.0,0.0,0.0,0.0,0.0
2026-09-04T20:32:05,ERR,ERR,ERR,ERR,ERR,ERR,ERR,ERR,ERR,ERR,ERR,ERR,ERR,ERR,ERR,ERR,ERR,ERR,ERR,ERR,ERR,ERR,ERR,ERR,ERR,ERR,ERR,ERR,ERR,ERR,ERR,ERR,ERR,ERR,ERR,ERR,ERR,ERR,ERR,ERR,ERR,ERR,ERR,ERR,ERR,ERR,ERR,ERR,ERR,ERR,ERR,ERR,ERR,ERR,ERR,ERR,ERR,ERR,ERR,ERR,ERR,ERR,ERR,ERR,ERR,ERR,ERR,ERR,ERR,ERR,ERR,ERR,ERR,ERR,ERR,ERR,ERR,ERR,ERR,ERR,ERR,ERR,ERR,ERR,ERR,ERR,ERR,ERR,ERR,ERR,ERR,ERR,ERR,ERR,ERR,ERR,ERR,ERR,ERR,ERR,ERR,ERR,ERR,ERR,ERR,ERR,ERR,ERR,ERR,ERR,ERR,ERR,ERR,ERR,ERR,ERR,ERR,ERR,ERR,ERR,ERR,ERR,ERR,ERR,ERR,0.0,0.0,0.0,0.0,0.0,1.3936040501711995e+18,7.805,0.0,0,0,4,0,7116,0.0,100,0.0,0.0,0.0,0.0,0.0,0,0,0,0,0.0,0,0,0,0,0,0,0,0,0,0,0,0,0,0,0,0,0,0,0,0,0,0,0,0,0,0,0,0,0,0,0,0,0,31,40,40,71,65476,0,300,0,0,8,21553,0.0,-107605600.0,0.0,0.0,0.0,0.0,0.0,0.0,0.0,0.0,0.0,0.0,0.0,0.0,0.0,0.0,0.0,0.0,0.0,0.0,0.0,0.0,-2.004,-0.0,-0.0,-2.004,0.0,0.0,0.0,0.0,6285.0,-0.0,6935.0,0.0,0.0,2.7184303811560617e+23,0.0,0.0,0.0,0.0,0.0,69,-5.848086186001959e+35,-107615192.0,0.0,0.0,0.0,0.0,0.0,0.0,0.0,0,0,0,0.0,0.0,0.0,0.0,0.0,0.0,0.0,0.0,0.0,0.0,0.0,0.0,0.0,0.0,0.0,0.0,0,-107875648.0,69,0.0,138,0.0,0.0,0,13107,17040,13107,17049,13107,17043,0,0,0,70,68,100,2.7302359370752657e+23,71.1,2.7302370179391762e+23,74.2,2.7302370179391762e+23,74.0,1,49,50,180,13107,52429,0,0,0.0,0.0,0.0,0.0,-0.0,67.0,0.0,162057.094,0.0,750,0,739,0,0,0,721,0,766,0,736,0,742,0,741,0,712,0,7520,0.032,79456894976.0,0.0,0.0,784,16797,-0.0,162057.094,-114818.039,-0.0,0.133,6.909358625270745e+28,30.0,65.0,35,0.0,0.0,0.0,0.0,0.0,0.0,0.0,0.0,0.0,0.0,0.0,0.0,0.0,0.0,0.0,0.0,69.2,0,150,71,55,65476,0,300,0,1,8,20529,65476,0,0,40632,65.0,0.0,0.0,0.0,0.0,0.0
2026-09-04T20:32:06,ERR,ERR,ERR,ERR,ERR,ERR,ERR,ERR,ERR,ERR,ERR,ERR,ERR,ERR,ERR,ERR,ERR,ERR,ERR,ERR,ERR,ERR,ERR,ERR,ERR,ERR,ERR,ERR,ERR,ERR,ERR,ERR,ERR,ERR,ERR,ERR,ERR,ERR,ERR,ERR,ERR,ERR,ERR,ERR,ERR,ERR,ERR,ERR,ERR,ERR,ERR,ERR,ERR,ERR,ERR,ERR,ERR,ERR,ERR,ERR,ERR,ERR,ERR,ERR,ERR,ERR,ERR,ERR,ERR,ERR,ERR,ERR,ERR,ERR,ERR,ERR,ERR,ERR,ERR,ERR,ERR,ERR,ERR,ERR,ERR,ERR,ERR,ERR,ERR,ERR,ERR,ERR,ERR,ERR,ERR,ERR,ERR,ERR,ERR,ERR,ERR,ERR,ERR,ERR,ERR,ERR,ERR,ERR,ERR,ERR,ERR,ERR,ERR,ERR,ERR,ERR,ERR,ERR,ERR,ERR,ERR,ERR,ERR,ERR,ERR,0.0,0.0,0.0,0.0,0.0,1.3936040501711995e+18,7.805,0.0,0,0,4,0,7116,0.0,100,0.0,0.0,0.0,0.0,0.0,0,0,0,0,0.0,0,0,0,0,0,0,0,0,0,0,0,0,0,0,0,0,0,0,0,0,0,0,0,0,0,0,0,0,0,0,0,0,0,31,40,40,71,65476,0,300,0,0,8,21553,0.0,-107605600.0,0.0,0.0,0.0,0.0,0.0,0.0,0.0,0.0,0.0,0.0,0.0,0.0,0.0,0.0,0.0,0.0,0.0,0.0,0.0,0.0,-2.004,-0.0,-0.0,-2.004,0.0,0.0,0.0,0.0,6285.0,-0.0,6935.0,0.0,0.0,2.7184303811560617e+23,0.0,0.0,0.0,0.0,0.0,69,-5.848086186001959e+35,-107615192.0,0.0,0.0,0.0,0.0,0.0,0.0,0.0,0,0,0,0.0,0.0,0.0,0.0,0.0,0.0,0.0,0.0,0.0,0.0,0.0,0.0,0.0,0.0,0.0,0.0,0,-107875648.0,69,0.0,138,0.0,0.0,0,13107,17040,13107,17049,13107,17043,0,0,0,70,68,100,2.7302359370752657e+23,71.1,2.7302370179391762e+23,74.2,2.7302370179391762e+23,74.0,1,49,50,180,13107,52429,0,0,0.0,0.0,0.0,0.0,-0.0,67.0,0.0,162057.094,0.0,750,0,739,0,0,0,721,0,766,0,736,0,742,0,741,0,712,0,7520,0.032,79456894976.0,0.0,0.0,784,16797,-0.0,162057.094,-114818.039,-0.0,0.133,6.909358625270745e+28,30.0,65.0,35,0.0,0.0,0.0,0.0,0.0,0.0,0.0,0.0,0.0,0.0,0.0,0.0,0.0,0.0,0.0,0.0,69.2,0,150,71,55,65476,0,300,0,1,8,20529,65476,0,0,40632,65.0,0.0,0.0,0.0,0.0,0.0
2026-09-04T20:32:07,ERR,ERR,ERR,ERR,ERR,ERR,ERR,ERR,ERR,ERR,ERR,ERR,ERR,ERR,ERR,ERR,ERR,ERR,ERR,ERR,ERR,ERR,ERR,ERR,ERR,ERR,ERR,ERR,ERR,ERR,ERR,ERR,ERR,ERR,ERR,ERR,ERR,ERR,ERR,ERR,ERR,ERR,ERR,ERR,ERR,ERR,ERR,ERR,ERR,ERR,ERR,ERR,ERR,ERR,ERR,ERR,ERR,ERR,ERR,ERR,ERR,ERR,ERR,ERR,ERR,ERR,ERR,ERR,ERR,ERR,ERR,ERR,ERR,ERR,ERR,ERR,ERR,ERR,ERR,ERR,ERR,ERR,ERR,ERR,ERR,ERR,ERR,ERR,ERR,ERR,ERR,ERR,ERR,ERR,ERR,ERR,ERR,ERR,ERR,ERR,ERR,ERR,ERR,ERR,ERR,ERR,ERR,ERR,ERR,ERR,ERR,ERR,ERR,ERR,ERR,ERR,ERR,ERR,ERR,ERR,ERR,ERR,ERR,ERR,ERR,0.0,0.0,0.0,0.0,0.0,1.3936040501711995e+18,7.805,0.0,0,0,4,0,7116,0.0,100,0.0,0.0,0.0,0.0,0.0,0,0,0,0,0.0,0,0,0,0,0,0,0,0,0,0,0,0,0,0,0,0,0,0,0,0,0,0,0,0,0,0,0,0,0,0,0,0,0,31,40,40,71,65476,0,300,0,0,8,21553,0.0,-107605600.0,0.0,0.0,0.0,0.0,0.0,0.0,0.0,0.0,0.0,0.0,0.0,0.0,0.0,0.0,0.0,0.0,0.0,0.0,0.0,0.0,-2.004,-0.0,-0.0,-2.004,0.0,0.0,0.0,0.0,6288.0,2.004,6920.0,0.0,0.0,2.7184303811560617e+23,0.0,0.0,0.0,0.0,0.0,69,0.0,0.0,0.0,0.0,0.0,0.0,0.0,0.0,0.0,0,0,0,0.0,0.0,0.0,0.0,0.0,0.0,0.0,0.0,0.0,0.0,0.0,0.0,0.0,0.0,0.0,0.0,0,-107875648.0,69,0.0,138,0.0,0.0,0,13107,17040,13107,17049,13107,17043,0,0,0,70,68,100,2.7302359370752657e+23,71.1,2.7302370179391762e+23,74.2,2.7302370179391762e+23,74.0,1,49,50,180,13107,52429,0,0,0.0,0.0,0.0,0.0,-0.0,67.0,0.0,162057.094,0.0,750,0,739,0,0,0,721,0,766,0,736,0,742,0,741,0,712,0,7520,0.032,79456894976.0,0.0,0.0,784,16797,-0.0,162057.094,-114818.039,-0.0,0.133,6.909358625270745e+28,30.0,65.0,35,0.0,0.0,0.0,0.0,0.0,0.0,0.0,0.0,0.0,0.0,0.0,0.0,0.0,0.0,0.0,0.0,69.6,0,150,71,55,65476,0,300,0,1,8,20529,65476,0,0,40632,65.0,0.0,0.0,0.0,0.0,0.0
2026-09-04T20:32:08,ERR,ERR,ERR,ERR,ERR,ERR,ERR,ERR,ERR,ERR,ERR,ERR,ERR,ERR,ERR,ERR,ERR,ERR,ERR,ERR,ERR,ERR,ERR,ERR,ERR,ERR,ERR,ERR,ERR,ERR,ERR,ERR,ERR,ERR,ERR,ERR,ERR,ERR,ERR,ERR,ERR,ERR,ERR,ERR,ERR,ERR,ERR,ERR,ERR,ERR,ERR,ERR,ERR,ERR,ERR,ERR,ERR,ERR,ERR,ERR,ERR,ERR,ERR,ERR,ERR,ERR,ERR,ERR,ERR,ERR,ERR,ERR,ERR,ERR,ERR,ERR,ERR,ERR,ERR,ERR,ERR,ERR,ERR,ERR,ERR,ERR,ERR,ERR,ERR,ERR,ERR,ERR,ERR,ERR,ERR,ERR,ERR,ERR,ERR,ERR,ERR,ERR,ERR,ERR,ERR,ERR,ERR,ERR,ERR,ERR,ERR,ERR,ERR,ERR,ERR,ERR,ERR,ERR,ERR,ERR,ERR,ERR,ERR,ERR,ERR,0.0,0.0,0.0,0.0,0.0,1.3936040501711995e+18,7.805,0.0,0,0,4,0,7116,0.0,100,0.0,0.0,0.0,0.0,0.0,0,0,0,0,0.0,0,0,0,0,0,0,0,0,0,0,0,0,0,0,0,0,0,0,0,0,0,0,0,0,0,0,0,0,0,0,0,0,0,31,40,40,71,65476,0,300,0,0,8,21553,0.0,-107605600.0,0.0,0.0,0.0,0.0,0.0,0.0,0.0,0.0,0.0,0.0,0.0,0.0,0.0,0.0,0.0,0.0,0.0,0.0,0.0,0.0,-2.004,-0.0,-0.0,-2.004,0.0,0.0,0.0,0.0,6288.0,2.004,6920.0,0.0,0.0,2.7184303811560617e+23,0.0,0.0,0.0,0.0,0.0,69,0.0,0.0,0.0,0.0,0.0,0.0,0.0,0.0,0.0,0,0,0,0.0,0.0,0.0,0.0,0.0,0.0,0.0,0.0,0.0,0.0,0.0,0.0,0.0,0.0,0.0,0.0,0,-107875648.0,69,0.0,138,0.0,0.0,0,13107,17040,13107,17049,13107,17043,0,0,0,70,68,100,2.7302359370752657e+23,71.1,2.7302370179391762e+23,74.2,2.7302370179391762e+23,74.0,1,49,50,180,13107,52429,0,0,0.0,0.0,0.0,0.0,-0.0,67.0,0.0,162057.094,0.0,750,0,739,0,0,0,721,0,766,0,736,0,742,0,741,0,712,0,7520,0.032,79456894976.0,0.0,0.0,784,16797,-0.0,162057.094,-114818.039,-0.0,0.133,6.909358625270745e+28,30.0,65.0,35,0.0,0.0,0.0,0.0,0.0,0.0,0.0,0.0,0.0,0.0,0.0,0.0,0.0,0.0,0.0,0.0,69.6,0,150,71,55,65476,0,300,0,1,8,20529,65476,0,0,40632,65.0,0.0,0.0,0.0,0.0,0.0
2026-09-04T20:32:09,ERR,ERR,ERR,ERR,ERR,ERR,ERR,ERR,ERR,ERR,ERR,ERR,ERR,ERR,ERR,ERR,ERR,ERR,ERR,ERR,ERR,ERR,ERR,ERR,ERR,ERR,ERR,ERR,ERR,ERR,ERR,ERR,ERR,ERR,ERR,ERR,ERR,ERR,ERR,ERR,ERR,ERR,ERR,ERR,ERR,ERR,ERR,ERR,ERR,ERR,ERR,ERR,ERR,ERR,ERR,ERR,ERR,ERR,ERR,ERR,ERR,ERR,ERR,ERR,ERR,ERR,ERR,ERR,ERR,ERR,ERR,ERR,ERR,ERR,ERR,ERR,ERR,ERR,ERR,ERR,ERR,ERR,ERR,ERR,ERR,ERR,ERR,ERR,ERR,ERR,ERR,ERR,ERR,ERR,ERR,ERR,ERR,ERR,ERR,ERR,ERR,ERR,ERR,ERR,ERR,ERR,ERR,ERR,ERR,ERR,ERR,ERR,ERR,ERR,ERR,ERR,ERR,ERR,ERR,ERR,ERR,ERR,ERR,ERR,ERR,0.0,0.0,0.0,0.0,0.0,1.3936040501711995e+18,7.805,0.0,0,0,4,0,7116,0.0,100,0.0,0.0,0.0,0.0,0.0,0,0,0,0,0.0,0,0,0,0,0,0,0,0,0,0,0,0,0,0,0,0,0,0,0,0,0,0,0,0,0,0,0,0,0,0,0,0,0,31,40,40,71,65476,0,300,0,0,8,21553,0.0,-107605600.0,0.0,0.0,0.0,0.0,0.0,0.0,0.0,0.0,0.0,0.0,0.0,0.0,0.0,0.0,0.0,0.0,0.0,0.0,0.0,0.0,-2.004,-0.0,-0.0,-2.004,0.0,0.0,0.0,0.0,6288.0,2.004,6920.0,0.0,0.0,2.7184303811560617e+23,0.0,0.0,0.0,0.0,0.0,69,0.0,0.0,0.0,0.0,0.0,0.0,0.0,0.0,0.0,0,0,0,0.0,0.0,0.0,0.0,0.0,0.0,0.0,0.0,0.0,0.0,0.0,0.0,0.0,0.0,0.0,0.0,0,-107875648.0,69,0.0,138,0.0,0.0,0,13107,17040,13107,17049,13107,17043,0,0,0,70,68,100,2.7302359370752657e+23,71.1,0.0,74.2,2.7302370179391762e+23,74.0,1,49,50,180,13107,52429,0,0,0.0,0.0,0.0,0.0,-0.0,67.0,0.0,162057.094,0.0,751,0,739,0,0,0,721,0,766,0,736,0,742,0,742,0,712,0,7520,0.032,79456894976.0,0.0,0.0,784,16797,-0.0,162057.094,-114818.039,-0.0,0.133,6.909358625270745e+28,30.0,65.0,35,0.0,0.0,0.0,0.0,0.0,0.0,0.0,0.0,0.0,0.0,0.0,0.0,0.0,0.0,0.0,0.0,69.6,0,150,71,55,65476,0,300,0,1,8,20529,65476,0,0,40632,65.0,0.0,0.0,0.0,0.0,0.0
2026-09-04T20:32:10,ERR,ERR,ERR,ERR,ERR,ERR,ERR,ERR,ERR,ERR,ERR,ERR,ERR,ERR,ERR,ERR,ERR,ERR,ERR,ERR,ERR,ERR,ERR,ERR,ERR,ERR,ERR,ERR,ERR,ERR,ERR,ERR,ERR,ERR,ERR,ERR,ERR,ERR,ERR,ERR,ERR,ERR,ERR,ERR,ERR,ERR,ERR,ERR,ERR,ERR,ERR,ERR,ERR,ERR,ERR,ERR,ERR,ERR,ERR,ERR,ERR,ERR,ERR,ERR,ERR,ERR,ERR,ERR,ERR,ERR,ERR,ERR,ERR,ERR,ERR,ERR,ERR,ERR,ERR,ERR,ERR,ERR,ERR,ERR,ERR,ERR,ERR,ERR,ERR,ERR,ERR,ERR,ERR,ERR,ERR,ERR,ERR,ERR,ERR,ERR,ERR,ERR,ERR,ERR,ERR,ERR,ERR,ERR,ERR,ERR,ERR,ERR,ERR,ERR,ERR,ERR,ERR,ERR,ERR,ERR,ERR,ERR,ERR,ERR,ERR,0.0,0.0,0.0,0.0,0.0,1.3936040501711995e+18,7.805,0.0,0,0,4,0,7116,0.0,100,0.0,0.0,0.0,0.0,0.0,0,0,0,0,0.0,0,0,0,0,0,0,0,0,0,0,0,0,0,0,0,0,0,0,0,0,0,0,0,0,0,0,0,0,0,0,0,0,0,31,40,40,71,65476,0,300,0,0,8,21553,0.0,-107605600.0,0.0,0.0,0.0,0.0,0.0,0.0,0.0,0.0,0.0,0.0,0.0,0.0,0.0,0.0,0.0,0.0,0.0,0.0,0.0,0.0,-2.004,-0.0,-0.0,-2.004,0.0,0.0,0.0,0.0,6288.0,2.004,6920.0,0.0,0.0,2.7184303811560617e+23,0.0,0.0,0.0,0.0,0.0,69,0.0,0.0,0.0,0.0,0.0,0.0,0.0,0.0,0.0,0,0,0,0.0,0.0,0.0,0.0,0.0,0.0,0.0,0.0,0.0,0.0,0.0,0.0,0.0,0.0,0.0,0.0,0,-107875648.0,69,0.0,138,0.0,0.0,0,13107,17040,13107,17049,13107,17043,0,0,0,70,68,100,2.7302359370752657e+23,71.1,0.0,74.2,2.7302370179391762e+23,74.0,1,49,50,180,13107,52429,0,0,0.0,0.0,0.0,0.0,-0.0,67.0,0.0,162057.094,0.0,751,0,739,0,0,0,721,0,766,0,736,0,742,0,742,0,712,0,7520,0.032,79456894976.0,0.0,0.0,784,16797,-0.0,162057.094,-114818.039,-0.0,0.133,6.909358625270745e+28,30.0,65.0,35,0.0,0.0,0.0,0.0,0.0,0.0,0.0,0.0,0.0,0.0,0.0,0.0,0.0,0.0,0.0,0.0,69.2,0,150,71,55,65476,0,300,0,1,8,20529,65476,0,0,40632,65.0,0.0,0.0,0.0,0.0,0.0
2026-09-04T20:32:11,ERR,ERR,ERR,ERR,ERR,ERR,ERR,ERR,ERR,ERR,ERR,ERR,ERR,ERR,ERR,ERR,ERR,ERR,ERR,ERR,ERR,ERR,ERR,ERR,ERR,ERR,ERR,ERR,ERR,ERR,ERR,ERR,ERR,ERR,ERR,ERR,ERR,ERR,ERR,ERR,ERR,ERR,ERR,ERR,ERR,ERR,ERR,ERR,ERR,ERR,ERR,ERR,ERR,ERR,ERR,ERR,ERR,ERR,ERR,ERR,ERR,ERR,ERR,ERR,ERR,ERR,ERR,ERR,ERR,ERR,ERR,ERR,ERR,ERR,ERR,ERR,ERR,ERR,ERR,ERR,ERR,ERR,ERR,ERR,ERR,ERR,ERR,ERR,ERR,ERR,ERR,ERR,ERR,ERR,ERR,ERR,ERR,ERR,ERR,ERR,ERR,ERR,ERR,ERR,ERR,ERR,ERR,ERR,ERR,ERR,ERR,ERR,ERR,ERR,ERR,ERR,ERR,ERR,ERR,ERR,ERR,ERR,ERR,ERR,ERR,0.0,0.0,0.0,0.0,0.0,1.3936040501711995e+18,7.805,0.0,0,0,4,0,7116,0.0,100,0.0,0.0,0.0,0.0,0.0,0,0,0,0,0.0,0,0,0,0,0,0,0,0,0,0,0,0,0,0,0,0,0,0,0,0,0,0,0,0,0,0,0,0,0,0,0,0,0,31,40,40,71,65476,0,300,0,0,8,21553,0.0,-107605600.0,0.0,0.0,0.0,0.0,0.0,0.0,0.0,0.0,0.0,0.0,0.0,0.0,0.0,0.0,0.0,0.0,0.0,0.0,0.0,0.0,-2.004,-0.0,-0.0,-2.004,0.0,0.0,0.0,0.0,6288.0,2.004,6920.0,0.0,0.0,2.7184303811560617e+23,0.0,0.0,0.0,0.0,0.0,69,0.0,0.0,0.0,0.0,0.0,0.0,0.0,0.0,0.0,0,0,0,0.0,0.0,0.0,0.0,0.0,0.0,0.0,0.0,0.0,0.0,0.0,0.0,0.0,0.0,0.0,0.0,0,-107875648.0,69,0.0,138,0.0,0.0,0,13107,17040,13107,17049,13107,17043,0,0,0,70,68,100,2.7302359370752657e+23,71.1,0.0,74.2,2.7302370179391762e+23,74.0,1,49,50,180,13107,52429,0,0,0.0,0.0,0.0,0.0,-0.0,67.0,0.0,162057.094,0.0,751,0,739,0,0,0,721,0,766,0,736,0,742,0,742,0,712,0,7520,0.032,79456894976.0,0.0,0.0,784,16797,-0.0,162057.094,-114818.039,-0.0,0.133,6.909358625270745e+28,30.0,65.0,35,0.0,0.0,0.0,0.0,0.0,0.0,0.0,0.0,0.0,0.0,0.0,0.0,0.0,0.0,0.0,0.0,69.2,0,150,71,55,65476,0,300,0,1,8,20529,65476,0,0,40632,65.0,0.0,0.0,0.0,0.0,0.0
2026-09-04T20:32:12,ERR,ERR,ERR,ERR,ERR,ERR,ERR,ERR,ERR,ERR,ERR,ERR,ERR,ERR,ERR,ERR,ERR,ERR,ERR,ERR,ERR,ERR,ERR,ERR,ERR,ERR,ERR,ERR,ERR,ERR,ERR,ERR,ERR,ERR,ERR,ERR,ERR,ERR,ERR,ERR,ERR,ERR,ERR,ERR,ERR,ERR,ERR,ERR,ERR,ERR,ERR,ERR,ERR,ERR,ERR,ERR,ERR,ERR,ERR,ERR,ERR,ERR,ERR,ERR,ERR,ERR,ERR,ERR,ERR,ERR,ERR,ERR,ERR,ERR,ERR,ERR,ERR,ERR,ERR,ERR,ERR,ERR,ERR,ERR,ERR,ERR,ERR,ERR,ERR,ERR,ERR,ERR,ERR,ERR,ERR,ERR,ERR,ERR,ERR,ERR,ERR,ERR,ERR,ERR,ERR,ERR,ERR,ERR,ERR,ERR,ERR,ERR,ERR,ERR,ERR,ERR,ERR,ERR,ERR,ERR,ERR,ERR,ERR,ERR,ERR,0.0,0.0,0.0,0.0,0.0,1.3936040501711995e+18,7.805,0.0,0,0,4,0,7116,0.0,100,0.0,0.0,0.0,0.0,0.0,0,0,0,0,0.0,0,0,0,0,0,0,0,0,0,0,0,0,0,0,0,0,0,0,0,0,0,0,0,0,0,0,0,0,0,0,0,0,0,31,40,40,71,65476,0,300,0,0,8,21553,0.0,-107605600.0,0.0,0.0,0.0,0.0,0.0,0.0,0.0,0.0,0.0,0.0,0.0,0.0,0.0,0.0,0.0,0.0,0.0,0.0,0.0,0.0,-2.004,-0.0,-0.0,-2.004,0.0,0.0,0.0,0.0,6288.0,2.004,6920.0,0.0,0.0,2.7184303811560617e+23,0.0,0.0,0.0,0.0,0.0,69,0.0,0.0,0.0,0.0,0.0,0.0,0.0,0.0,0.0,0,0,0,0.0,0.0,0.0,0.0,0.0,0.0,0.0,0.0,0.0,0.0,0.0,0.0,0.0,0.0,0.0,0.0,0,-107875648.0,69,0.0,138,0.0,0.0,0,13107,17040,13107,17049,13107,17043,0,0,0,70,68,100,2.7302359370752657e+23,71.1,0.0,74.2,2.7302370179391762e+23,74.0,1,49,50,180,13107,52429,0,0,0.0,0.0,0.0,0.0,-0.0,67.0,0.0,162057.094,0.0,751,0,739,0,0,0,721,0,766,0,736,0,742,0,742,0,712,0,7520,0.032,79456894976.0,0.0,0.0,784,16797,-0.0,162057.094,-114818.039,-0.0,0.133,6.909358625270745e+28,30.0,65.0,35,0.0,0.0,0.0,0.0,0.0,0.0,0.0,0.0,0.0,0.0,0.0,0.0,0.0,0.0,0.0,0.0,69.2,0,150,71,55,65476,0,300,0,1,8,20529,65476,0,0,40632,65.0,0.0,0.0,0.0,0.0,0.0
2026-09-04T20:32:13,ERR,ERR,ERR,ERR,ERR,ERR,ERR,ERR,ERR,ERR,ERR,ERR,ERR,ERR,ERR,ERR,ERR,ERR,ERR,ERR,ERR,ERR,ERR,ERR,ERR,ERR,ERR,ERR,ERR,ERR,ERR,ERR,ERR,ERR,ERR,ERR,ERR,ERR,ERR,ERR,ERR,ERR,ERR,ERR,ERR,ERR,ERR,ERR,ERR,ERR,ERR,ERR,ERR,ERR,ERR,ERR,ERR,ERR,ERR,ERR,ERR,ERR,ERR,ERR,ERR,ERR,ERR,ERR,ERR,ERR,ERR,ERR,ERR,ERR,ERR,ERR,ERR,ERR,ERR,ERR,ERR,ERR,ERR,ERR,ERR,ERR,ERR,ERR,ERR,ERR,ERR,ERR,ERR,ERR,ERR,ERR,ERR,ERR,ERR,ERR,ERR,ERR,ERR,ERR,ERR,ERR,ERR,ERR,ERR,ERR,ERR,ERR,ERR,ERR,ERR,ERR,ERR,ERR,ERR,ERR,ERR,ERR,ERR,ERR,ERR,0.0,0.0,0.0,0.0,0.0,1.3936040501711995e+18,7.805,0.0,0,0,4,0,7116,0.0,100,0.0,0.0,0.0,0.0,0.0,0,0,0,0,0.0,0,0,0,0,0,0,0,0,0,0,0,0,0,0,0,0,0,0,0,0,0,0,0,0,0,0,0,0,0,0,0,0,0,31,40,40,71,65476,0,300,0,0,8,21553,0.0,-107605600.0,0.0,0.0,0.0,0.0,0.0,0.0,0.0,0.0,0.0,0.0,0.0,0.0,0.0,0.0,0.0,0.0,0.0,0.0,0.0,0.0,-2.004,-0.0,-0.0,-2.004,0.0,0.0,0.0,0.0,6288.0,2.004,6920.0,0.0,0.0,2.7184303811560617e+23,0.0,0.0,0.0,0.0,0.0,69,0.0,0.0,0.0,0.0,0.0,0.0,0.0,0.0,0.0,0,0,0,0.0,0.0,0.0,0.0,0.0,0.0,0.0,0.0,0.0,0.0,0.0,0.0,0.0,0.0,0.0,0.0,0,-107875648.0,69,0.0,138,0.0,0.0,0,13107,17040,13107,17049,13107,17043,0,0,0,70,68,100,2.7302359370752657e+23,71.1,0.0,74.2,2.7302370179391762e+23,74.0,1,49,50,180,13107,52429,0,0,0.0,0.0,0.0,0.0,-0.0,67.0,0.0,162057.094,0.0,751,0,739,0,0,0,721,0,766,0,736,0,742,0,742,0,712,0,7520,0.032,79456894976.0,0.0,0.0,784,16797,-0.0,162057.094,-114818.039,-0.0,0.133,6.909358625270745e+28,30.0,65.0,35,0.0,0.0,0.0,0.0,0.0,0.0,0.0,0.0,0.0,0.0,0.0,0.0,0.0,0.0,0.0,0.0,69.2,0,150,71,55,65476,0,300,0,1,8,20529,65476,0,0,40632,65.0,0.0,0.0,0.0,0.0,0.0
2026-09-04T20:32:14,ERR,ERR,ERR,ERR,ERR,ERR,ERR,ERR,ERR,ERR,ERR,ERR,ERR,ERR,ERR,ERR,ERR,ERR,ERR,ERR,ERR,ERR,ERR,ERR,ERR,ERR,ERR,ERR,ERR,ERR,ERR,ERR,ERR,ERR,ERR,ERR,ERR,ERR,ERR,ERR,ERR,ERR,ERR,ERR,ERR,ERR,ERR,ERR,ERR,ERR,ERR,ERR,ERR,ERR,ERR,ERR,ERR,ERR,ERR,ERR,ERR,ERR,ERR,ERR,ERR,ERR,ERR,ERR,ERR,ERR,ERR,ERR,ERR,ERR,ERR,ERR,ERR,ERR,ERR,ERR,ERR,ERR,ERR,ERR,ERR,ERR,ERR,ERR,ERR,ERR,ERR,ERR,ERR,ERR,ERR,ERR,ERR,ERR,ERR,ERR,ERR,ERR,ERR,ERR,ERR,ERR,ERR,ERR,ERR,ERR,ERR,ERR,ERR,ERR,ERR,ERR,ERR,ERR,ERR,ERR,ERR,ERR,ERR,ERR,ERR,0.0,0.0,0.0,0.0,0.0,1.3936040501711995e+18,7.805,0.0,0,0,4,0,7116,0.0,100,0.0,0.0,0.0,0.0,0.0,0,0,0,0,0.0,0,0,0,0,0,0,0,0,0,0,0,0,0,0,0,0,0,0,0,0,0,0,0,0,0,0,0,0,0,0,0,0,0,31,40,40,71,65476,0,300,0,0,8,21553,0.0,-107605600.0,0.0,0.0,0.0,0.0,0.0,0.0,0.0,0.0,0.0,0.0,0.0,0.0,0.0,0.0,0.0,0.0,0.0,0.0,0.0,0.0,-2.004,-0.0,-0.0,-2.004,0.0,0.0,0.0,0.0,6283.0,0.0,6915.0,0.0,0.0,2.7184303811560617e+23,0.0,0.0,0.0,0.0,0.0,69,0.0,0.0,0.0,0.0,0.0,0.0,0.0,0.0,0.0,0,0,0,0.0,0.0,0.0,0.0,0.0,0.0,0.0,0.0,0.0,0.0,0.0,0.0,0.0,0.0,0.0,0.0,0,-107875648.0,69,0.0,138,0.0,0.0,0,13107,17040,13107,17049,13107,17043,0,0,0,70,68,100,2.7302359370752657e+23,71.1,0.0,74.2,2.7302370179391762e+23,74.0,1,49,50,180,13107,52429,0,0,0.0,0.0,0.0,0.0,-0.0,67.0,0.0,162057.094,0.0,751,0,739,0,0,0,721,0,766,0,736,0,742,0,742,0,712,0,7520,0.032,79456894976.0,0.0,0.0,784,16797,-0.0,162057.094,-114818.039,-0.0,0.133,6.909358625270745e+28,30.0,65.0,35,0.0,0.0,0.0,0.0,0.0,0.0,0.0,0.0,0.0,0.0,0.0,0.0,0.0,0.0,0.0,0.0,69.2,0,150,71,55,65476,0,300,0,1,8,20529,65476,0,0,40632,65.0,0.0,0.0,0.0,0.0,0.0
2026-09-04T20:32:15,ERR,ERR,ERR,ERR,ERR,ERR,ERR,ERR,ERR,ERR,ERR,ERR,ERR,ERR,ERR,ERR,ERR,ERR,ERR,ERR,ERR,ERR,ERR,ERR,ERR,ERR,ERR,ERR,ERR,ERR,ERR,ERR,ERR,ERR,ERR,ERR,ERR,ERR,ERR,ERR,ERR,ERR,ERR,ERR,ERR,ERR,ERR,ERR,ERR,ERR,ERR,ERR,ERR,ERR,ERR,ERR,ERR,ERR,ERR,ERR,ERR,ERR,ERR,ERR,ERR,ERR,ERR,ERR,ERR,ERR,ERR,ERR,ERR,ERR,ERR,ERR,ERR,ERR,ERR,ERR,ERR,ERR,ERR,ERR,ERR,ERR,ERR,ERR,ERR,ERR,ERR,ERR,ERR,ERR,ERR,ERR,ERR,ERR,ERR,ERR,ERR,ERR,ERR,ERR,ERR,ERR,ERR,ERR,ERR,ERR,ERR,ERR,ERR,ERR,ERR,ERR,ERR,ERR,ERR,ERR,ERR,ERR,ERR,ERR,ERR,0.0,0.0,0.0,0.0,0.0,1.3936040501711995e+18,7.805,0.0,0,0,4,0,7116,0.0,100,0.0,0.0,0.0,0.0,0.0,0,0,0,0,0.0,0,0,0,0,0,0,0,0,0,0,0,0,0,0,0,0,0,0,0,0,0,0,0,0,0,0,0,0,0,0,0,0,0,31,40,40,71,65476,0,300,0,0,8,21553,0.0,-107605600.0,0.0,0.0,0.0,0.0,0.0,0.0,0.0,0.0,0.0,0.0,0.0,0.0,0.0,0.0,0.0,0.0,0.0,0.0,0.0,0.0,-2.004,-0.0,-0.0,-2.004,0.0,0.0,0.0,0.0,6283.0,0.0,6915.0,0.0,0.0,2.7184303811560617e+23,0.0,0.0,0.0,0.0,0.0,69,0.0,0.0,0.0,0.0,0.0,0.0,0.0,0.0,0.0,0,0,0,0.0,0.0,0.0,0.0,0.0,0.0,0.0,0.0,0.0,0.0,0.0,0.0,0.0,0.0,0.0,0.0,0,-107875648.0,69,0.0,138,0.0,0.0,0,13107,17040,13107,17049,13107,17043,0,0,0,70,68,100,2.7302359370752657e+23,71.1,0.0,74.2,2.7302370179391762e+23,74.0,1,49,50,180,13107,52429,0,0,0.0,0.0,0.0,0.0,-0.0,67.0,0.0,162057.094,0.0,751,0,739,0,0,0,721,0,766,0,736,0,742,0,742,0,712,0,7520,0.032,78920024064.0,0.0,0.0,784,16797,-0.0,162057.094,-114818.039,-0.0,0.133,6.909358625270745e+28,30.0,65.0,35,0.0,0.0,0.0,0.0,0.0,0.0,0.0,0.0,0.0,0.0,0.0,0.0,0.0,0.0,0.0,0.0,69.2,0,150,71,55,65476,0,300,0,1,8,20529,65476,0,0,40632,65.0,0.0,0.0,0.0,0.0,0.0
2026-09-04T20:32:16,ERR,ERR,ERR,ERR,ERR,ERR,ERR,ERR,ERR,ERR,ERR,ERR,ERR,ERR,ERR,ERR,ERR,ERR,ERR,ERR,ERR,ERR,ERR,ERR,ERR,ERR,ERR,ERR,ERR,ERR,ERR,ERR,ERR,ERR,ERR,ERR,ERR,ERR,ERR,ERR,ERR,ERR,ERR,ERR,ERR,ERR,ERR,ERR,ERR,ERR,ERR,ERR,ERR,ERR,ERR,ERR,ERR,ERR,ERR,ERR,ERR,ERR,ERR,ERR,ERR,ERR,ERR,ERR,ERR,ERR,ERR,ERR,ERR,ERR,ERR,ERR,ERR,ERR,ERR,ERR,ERR,ERR,ERR,ERR,ERR,ERR,ERR,ERR,ERR,ERR,ERR,ERR,ERR,ERR,ERR,ERR,ERR,ERR,ERR,ERR,ERR,ERR,ERR,ERR,ERR,ERR,ERR,ERR,ERR,ERR,ERR,ERR,ERR,ERR,ERR,ERR,ERR,ERR,ERR,ERR,ERR,ERR,ERR,ERR,ERR,0.0,0.0,0.0,0.0,0.0,1.3936040501711995e+18,7.805,0.0,0,0,4,0,7116,0.0,100,0.0,0.0,0.0,0.0,0.0,0,0,0,0,0.0,0,0,0,0,0,0,0,0,0,0,0,0,0,0,0,0,0,0,0,0,0,0,0,0,0,0,0,0,0,0,0,0,0,31,40,40,71,65476,0,300,0,0,8,21553,0.0,-107605600.0,0.0,0.0,0.0,0.0,0.0,0.0,0.0,0.0,0.0,0.0,0.0,0.0,0.0,0.0,0.0,0.0,0.0,0.0,0.0,0.0,-2.004,-0.0,-0.0,-2.004,0.0,0.0,0.0,0.0,6283.0,0.0,6915.0,0.0,0.0,2.7184303811560617e+23,0.0,0.0,0.0,0.0,0.0,69,0.0,0.0,0.0,0.0,0.0,0.0,0.0,0.0,0.0,0,0,0,0.0,0.0,0.0,0.0,0.0,0.0,0.0,0.0,0.0,0.0,0.0,0.0,0.0,0.0,0.0,0.0,0,-107875648.0,69,0.0,138,0.0,0.0,0,13107,17040,13107,17049,13107,17043,0,0,0,70,68,100,2.7302359370752657e+23,71.1,0.0,74.2,2.7302370179391762e+23,74.0,1,49,50,180,13107,52429,0,0,0.0,0.0,0.0,0.0,-0.0,67.0,0.0,162057.094,0.0,751,0,739,0,0,0,721,0,766,0,736,0,742,0,742,0,712,0,7520,0.032,78920024064.0,0.0,0.0,784,16797,-0.0,162057.094,-114818.039,-0.0,0.133,6.909358625270745e+28,30.0,65.0,35,0.0,0.0,0.0,0.0,0.0,0.0,0.0,0.0,0.0,0.0,0.0,0.0,0.0,0.0,0.0,0.0,69.2,0,150,71,55,65476,0,300,0,1,8,20529,65476,0,0,40632,65.0,0.0,0.0,0.0,0.0,0.0
2026-09-04T20:32:17,ERR,ERR,ERR,ERR,ERR,ERR,ERR,ERR,ERR,ERR,ERR,ERR,ERR,ERR,ERR,ERR,ERR,ERR,ERR,ERR,ERR,ERR,ERR,ERR,ERR,ERR,ERR,ERR,ERR,ERR,ERR,ERR,ERR,ERR,ERR,ERR,ERR,ERR,ERR,ERR,ERR,ERR,ERR,ERR,ERR,ERR,ERR,ERR,ERR,ERR,ERR,ERR,ERR,ERR,ERR,ERR,ERR,ERR,ERR,ERR,ERR,ERR,ERR,ERR,ERR,ERR,ERR,ERR,ERR,ERR,ERR,ERR,ERR,ERR,ERR,ERR,ERR,ERR,ERR,ERR,ERR,ERR,ERR,ERR,ERR,ERR,ERR,ERR,ERR,ERR,ERR,ERR,ERR,ERR,ERR,ERR,ERR,ERR,ERR,ERR,ERR,ERR,ERR,ERR,ERR,ERR,ERR,ERR,ERR,ERR,ERR,ERR,ERR,ERR,ERR,ERR,ERR,ERR,ERR,ERR,ERR,ERR,ERR,ERR,ERR,0.0,0.0,0.0,0.0,0.0,1.3936040501711995e+18,7.805,0.0,0,0,4,0,7116,0.0,100,0.0,0.0,0.0,0.0,0.0,0,0,0,0,0.0,0,0,0,0,0,0,0,0,0,0,0,0,0,0,0,0,0,0,0,0,0,0,0,0,0,0,0,0,0,0,0,0,0,31,40,40,71,65476,0,300,0,0,8,21553,0.0,-107605600.0,0.0,0.0,0.0,0.0,0.0,0.0,0.0,0.0,0.0,0.0,0.0,0.0,0.0,0.0,0.0,0.0,0.0,0.0,0.0,0.0,-2.004,-0.0,-0.0,-2.004,0.0,0.0,0.0,0.0,6283.0,0.0,6915.0,0.0,0.0,2.7184303811560617e+23,0.0,0.0,0.0,0.0,0.0,69,0.0,0.0,0.0,0.0,0.0,0.0,0.0,0.0,0.0,0,0,0,0.0,0.0,0.0,0.0,0.0,0.0,0.0,0.0,0.0,0.0,0.0,0.0,0.0,0.0,0.0,0.0,0,-107875648.0,69,0.0,138,0.0,0.0,0,13107,17040,13107,17049,13107,17043,0,0,0,70,68,100,2.7302359370752657e+23,71.1,0.0,74.2,2.7302370179391762e+23,74.0,1,49,50,180,13107,52429,0,0,0.0,0.0,0.0,0.0,-0.0,67.0,0.0,162057.094,0.0,751,0,739,0,0,0,721,0,766,0,736,0,742,0,742,0,712,0,7520,0.032,78920024064.0,0.0,0.0,784,16797,-0.0,162057.094,-114818.039,-0.0,0.133,6.909358625270745e+28,30.0,65.0,35,0.0,0.0,0.0,0.0,0.0,0.0,0.0,0.0,0.0,0.0,0.0,0.0,0.0,0.0,0.0,0.0,69.2,0,150,71,55,65476,0,300,0,1,8,20529,65476,0,0,40632,65.0,0.0,0.0,0.0,0.0,0.0
2026-09-04T20:32:18,ERR,ERR,ERR,ERR,ERR,ERR,ERR,ERR,ERR,ERR,ERR,ERR,ERR,ERR,ERR,ERR,ERR,ERR,ERR,ERR,ERR,ERR,ERR,ERR,ERR,ERR,ERR,ERR,ERR,ERR,ERR,ERR,ERR,ERR,ERR,ERR,ERR,ERR,ERR,ERR,ERR,ERR,ERR,ERR,ERR,ERR,ERR,ERR,ERR,ERR,ERR,ERR,ERR,ERR,ERR,ERR,ERR,ERR,ERR,ERR,ERR,ERR,ERR,ERR,ERR,ERR,ERR,ERR,ERR,ERR,ERR,ERR,ERR,ERR,ERR,ERR,ERR,ERR,ERR,ERR,ERR,ERR,ERR,ERR,ERR,ERR,ERR,ERR,ERR,ERR,ERR,ERR,ERR,ERR,ERR,ERR,ERR,ERR,ERR,ERR,ERR,ERR,ERR,ERR,ERR,ERR,ERR,ERR,ERR,ERR,ERR,ERR,ERR,ERR,ERR,ERR,ERR,ERR,ERR,ERR,ERR,ERR,ERR,ERR,ERR,0.0,0.0,0.0,0.0,0.0,1.3936040501711995e+18,7.805,0.0,0,0,4,0,7116,0.0,100,0.0,0.0,0.0,0.0,0.0,0,0,0,0,0.0,0,0,0,0,0,0,0,0,0,0,0,0,0,0,0,0,0,0,0,0,0,0,0,0,0,0,0,0,0,0,0,0,0,31,40,40,71,65476,0,300,0,0,8,21553,0.0,-107605600.0,0.0,0.0,0.0,0.0,0.0,0.0,0.0,0.0,0.0,0.0,0.0,0.0,0.0,0.0,0.0,0.0,0.0,0.0,0.0,0.0,-2.004,-0.0,-0.0,-2.004,0.0,0.0,0.0,0.0,6283.0,0.0,6915.0,0.0,0.0,2.7184303811560617e+23,0.0,0.0,0.0,0.0,0.0,69,0.0,0.0,0.0,0.0,0.0,0.0,0.0,0.0,0.0,0,0,0,0.0,0.0,0.0,0.0,0.0,0.0,0.0,0.0,0.0,0.0,0.0,0.0,0.0,0.0,0.0,0.0,0,-107875648.0,69,0.0,138,0.0,0.0,0,13107,17040,13107,17049,13107,17043,0,0,0,70,68,100,2.7302359370752657e+23,71.1,0.0,74.2,2.7302370179391762e+23,74.0,1,49,50,180,13107,52429,0,0,0.0,0.0,0.0,0.0,-0.0,67.0,0.0,162057.094,0.0,751,0,739,0,0,0,721,0,766,0,736,0,742,0,742,0,712,0,7520,0.032,78920024064.0,0.0,0.0,784,16797,-0.0,162057.094,-114818.039,-0.0,0.133,6.909358625270745e+28,30.0,65.0,35,0.0,0.0,0.0,0.0,0.0,0.0,0.0,0.0,0.0,0.0,0.0,0.0,0.0,0.0,0.0,0.0,69.2,0,150,71,55,65476,0,300,0,1,8,20529,65476,0,0,40632,65.0,0.0,0.0,0.0,0.0,0.0
2026-09-04T20:32:19,ERR,ERR,ERR,ERR,ERR,ERR,ERR,ERR,ERR,ERR,ERR,ERR,ERR,ERR,ERR,ERR,ERR,ERR,ERR,ERR,ERR,ERR,ERR,ERR,ERR,ERR,ERR,ERR,ERR,ERR,ERR,ERR,ERR,ERR,ERR,ERR,ERR,ERR,ERR,ERR,ERR,ERR,ERR,ERR,ERR,ERR,ERR,ERR,ERR,ERR,ERR,ERR,ERR,ERR,ERR,ERR,ERR,ERR,ERR,ERR,ERR,ERR,ERR,ERR,ERR,ERR,ERR,ERR,ERR,ERR,ERR,ERR,ERR,ERR,ERR,ERR,ERR,ERR,ERR,ERR,ERR,ERR,ERR,ERR,ERR,ERR,ERR,ERR,ERR,ERR,ERR,ERR,ERR,ERR,ERR,ERR,ERR,ERR,ERR,ERR,ERR,ERR,ERR,ERR,ERR,ERR,ERR,ERR,ERR,ERR,ERR,ERR,ERR,ERR,ERR,ERR,ERR,ERR,ERR,ERR,ERR,ERR,ERR,ERR,ERR,0.0,0.0,0.0,0.0,0.0,1.3936040501711995e+18,7.805,0.0,0,0,4,0,7116,0.0,100,0.0,0.0,0.0,0.0,0.0,0,0,0,0,0.0,0,0,0,0,0,0,0,0,0,0,0,0,0,0,0,0,0,0,0,0,0,0,0,0,0,0,0,0,0,0,0,0,0,31,40,40,71,65476,0,300,0,0,8,21553,0.0,-107605600.0,0.0,0.0,0.0,0.0,0.0,0.0,0.0,0.0,0.0,0.0,0.0,0.0,0.0,0.0,0.0,0.0,0.0,0.0,0.0,0.0,-2.004,-0.0,-0.0,-2.004,0.0,0.0,0.0,0.0,6283.0,0.0,6915.0,0.0,0.0,2.7184303811560617e+23,0.0,0.0,0.0,0.0,0.0,69,0.0,0.0,0.0,0.0,0.0,0.0,0.0,0.0,0.0,0,0,0,0.0,0.0,0.0,0.0,0.0,0.0,0.0,0.0,0.0,0.0,0.0,0.0,0.0,0.0,0.0,0.0,0,-107875648.0,69,0.0,138,0.0,0.0,0,13107,17040,13107,17049,13107,17043,0,0,0,70,68,100,2.7302359370752657e+23,71.1,0.0,74.2,2.7302370179391762e+23,74.0,1,49,50,180,13107,52429,0,0,0.0,0.0,0.0,0.0,-0.0,67.0,0.0,162057.094,0.0,751,0,739,0,0,0,721,0,766,0,736,0,742,0,742,0,712,0,7520,0.032,78920024064.0,0.0,0.0,784,16797,-0.0,162057.094,-114818.039,-0.0,0.133,6.909358625270745e+28,30.0,65.0,35,0.0,0.0,0.0,0.0,0.0,0.0,0.0,0.0,0.0,0.0,0.0,0.0,0.0,0.0,0.0,0.0,69.2,0,150,71,55,65476,0,300,0,1,8,20529,65476,0,0,40632,65.0,0.0,0.0,0.0,0.0,0.0
2026-09-04T20:32:20,ERR,ERR,ERR,ERR,ERR,ERR,ERR,ERR,ERR,ERR,ERR,ERR,ERR,ERR,ERR,ERR,ERR,ERR,ERR,ERR,ERR,ERR,ERR,ERR,ERR,ERR,ERR,ERR,ERR,ERR,ERR,ERR,ERR,ERR,ERR,ERR,ERR,ERR,ERR,ERR,ERR,ERR,ERR,ERR,ERR,ERR,ERR,ERR,ERR,ERR,ERR,ERR,ERR,ERR,ERR,ERR,ERR,ERR,ERR,ERR,ERR,ERR,ERR,ERR,ERR,ERR,ERR,ERR,ERR,ERR,ERR,ERR,ERR,ERR,ERR,ERR,ERR,ERR,ERR,ERR,ERR,ERR,ERR,ERR,ERR,ERR,ERR,ERR,ERR,ERR,ERR,ERR,ERR,ERR,ERR,ERR,ERR,ERR,ERR,ERR,ERR,ERR,ERR,ERR,ERR,ERR,ERR,ERR,ERR,ERR,ERR,ERR,ERR,ERR,ERR,ERR,ERR,ERR,ERR,ERR,ERR,ERR,ERR,ERR,ERR,0.0,0.0,0.0,0.0,0.0,1.3936040501711995e+18,7.805,0.0,0,0,4,0,7116,0.0,100,0.0,0.0,0.0,0.0,0.0,0,0,0,0,0.0,0,0,0,0,0,0,0,0,0,0,0,0,0,0,0,0,0,0,0,0,0,0,0,0,0,0,0,0,0,0,0,0,0,31,40,40,71,65476,0,300,0,0,8,21553,0.0,-107605600.0,0.0,0.0,0.0,0.0,0.0,0.0,0.0,0.0,0.0,0.0,0.0,0.0,0.0,0.0,0.0,0.0,0.0,0.0,0.0,0.0,-2.004,-0.0,-0.0,-2.004,0.0,0.0,0.0,0.0,6283.0,0.0,6915.0,0.0,0.0,2.7184303811560617e+23,0.0,0.0,0.0,0.0,0.0,69,0.0,0.0,0.0,0.0,0.0,0.0,0.0,0.0,0.0,0,0,0,0.0,0.0,0.0,0.0,0.0,0.0,0.0,0.0,0.0,0.0,0.0,0.0,0.0,0.0,0.0,0.0,0,-107875648.0,69,0.0,138,0.0,0.0,0,13107,17040,13107,17049,13107,17043,0,0,0,70,68,100,2.7302359370752657e+23,71.2,2.7302370179391762e+23,74.2,2.7302370179391762e+23,74.0,1,49,50,180,0,52429,0,0,0.0,0.0,0.0,0.0,-0.0,67.0,0.0,162057.094,0.0,750,0,739,0,0,0,721,0,766,0,736,0,742,0,741,0,712,0,7520,0.032,79456894976.0,0.0,0.0,784,16797,-0.0,162057.094,-114818.039,-0.0,0.133,6.909358625270745e+28,30.0,65.0,35,0.0,0.0,0.0,0.0,0.0,0.0,0.0,0.0,0.0,0.0,0.0,0.0,0.0,0.0,0.0,0.0,69.2,0,150,71,55,65476,0,300,0,1,8,20529,65476,0,0,40632,65.0,0.0,0.0,0.0,0.0,0.0
2026-09-04T20:32:21,ERR,ERR,ERR,ERR,ERR,ERR,ERR,ERR,ERR,ERR,ERR,ERR,ERR,ERR,ERR,ERR,ERR,ERR,ERR,ERR,ERR,ERR,ERR,ERR,ERR,ERR,ERR,ERR,ERR,ERR,ERR,ERR,ERR,ERR,ERR,ERR,ERR,ERR,ERR,ERR,ERR,ERR,ERR,ERR,ERR,ERR,ERR,ERR,ERR,ERR,ERR,ERR,ERR,ERR,ERR,ERR,ERR,ERR,ERR,ERR,ERR,ERR,ERR,ERR,ERR,ERR,ERR,ERR,ERR,ERR,ERR,ERR,ERR,ERR,ERR,ERR,ERR,ERR,ERR,ERR,ERR,ERR,ERR,ERR,ERR,ERR,ERR,ERR,ERR,ERR,ERR,ERR,ERR,ERR,ERR,ERR,ERR,ERR,ERR,ERR,ERR,ERR,ERR,ERR,ERR,ERR,ERR,ERR,ERR,ERR,ERR,ERR,ERR,ERR,ERR,ERR,ERR,ERR,ERR,ERR,ERR,ERR,ERR,ERR,ERR,0.0,0.0,0.0,0.0,0.0,1.3936040501711995e+18,7.805,0.0,0,0,4,0,7116,0.0,100,0.0,0.0,0.0,0.0,0.0,0,0,0,0,0.0,0,0,0,0,0,0,0,0,0,0,0,0,0,0,0,0,0,0,0,0,0,0,0,0,0,0,0,0,0,0,0,0,0,31,40,40,71,65476,0,300,0,0,8,21553,0.0,-107605600.0,0.0,0.0,0.0,0.0,0.0,0.0,0.0,0.0,0.0,0.0,0.0,0.0,0.0,0.0,0.0,0.0,0.0,0.0,0.0,0.0,-2.004,-0.0,-0.0,-2.004,0.0,0.0,0.0,0.0,6283.0,0.0,6915.0,0.0,0.0,2.7184303811560617e+23,0.0,0.0,0.0,0.0,0.0,69,0.0,0.0,0.0,0.0,0.0,0.0,0.0,0.0,0.0,0,0,0,0.0,0.0,0.0,0.0,0.0,0.0,0.0,0.0,0.0,0.0,0.0,0.0,0.0,0.0,0.0,0.0,0,-107875648.0,69,0.0,138,0.0,0.0,0,13107,17040,13107,17049,13107,17043,0,0,0,70,68,100,2.7302359370752657e+23,71.2,2.7302370179391762e+23,74.2,2.7302370179391762e+23,74.0,1,49,50,180,0,52429,0,0,0.0,0.0,0.0,0.0,-0.0,67.0,0.0,162057.094,0.0,750,0,739,0,0,0,721,0,766,0,736,0,742,0,741,0,712,0,7520,0.032,79456894976.0,0.0,0.0,784,16797,-0.0,162057.094,-114818.039,-0.0,0.133,6.909358625270745e+28,30.0,65.0,35,0.0,0.0,0.0,0.0,0.0,0.0,0.0,0.0,0.0,0.0,0.0,0.0,0.0,0.0,0.0,0.0,69.2,0,150,71,55,65476,0,300,0,1,8,20529,65476,0,0,40632,65.0,0.0,0.0,0.0,0.0,0.0
2026-09-04T20:32:22,ERR,ERR,ERR,ERR,ERR,ERR,ERR,ERR,ERR,ERR,ERR,ERR,ERR,ERR,ERR,ERR,ERR,ERR,ERR,ERR,ERR,ERR,ERR,ERR,ERR,ERR,ERR,ERR,ERR,ERR,ERR,ERR,ERR,ERR,ERR,ERR,ERR,ERR,ERR,ERR,ERR,ERR,ERR,ERR,ERR,ERR,ERR,ERR,ERR,ERR,ERR,ERR,ERR,ERR,ERR,ERR,ERR,ERR,ERR,ERR,ERR,ERR,ERR,ERR,ERR,ERR,ERR,ERR,ERR,ERR,ERR,ERR,ERR,ERR,ERR,ERR,ERR,ERR,ERR,ERR,ERR,ERR,ERR,ERR,ERR,ERR,ERR,ERR,ERR,ERR,ERR,ERR,ERR,ERR,ERR,ERR,ERR,ERR,ERR,ERR,ERR,ERR,ERR,ERR,ERR,ERR,ERR,ERR,ERR,ERR,ERR,ERR,ERR,ERR,ERR,ERR,ERR,ERR,ERR,ERR,ERR,ERR,ERR,ERR,ERR,0.0,0.0,0.0,0.0,0.0,1.3936040501711995e+18,7.805,0.0,0,0,4,0,7116,0.0,100,0.0,0.0,0.0,0.0,0.0,0,0,0,0,0.0,0,0,0,0,0,0,0,0,0,0,0,0,0,0,0,0,0,0,0,0,0,0,0,0,0,0,0,0,0,0,0,0,0,31,40,40,71,65476,0,300,0,0,8,21553,0.0,-107605600.0,0.0,0.0,0.0,0.0,0.0,0.0,0.0,0.0,0.0,0.0,0.0,0.0,0.0,0.0,0.0,0.0,0.0,0.0,0.0,0.0,-2.004,-0.0,-0.0,-2.004,0.0,0.0,0.0,0.0,6288.0,-0.0,6932.0,0.0,0.0,2.7184303811560617e+23,0.0,0.0,0.0,0.0,0.0,69,0.0,-0.0,0.0,0.0,0.0,0.0,0.0,0.0,0.0,0,0,0,0.0,0.0,0.0,0.0,0.0,0.0,0.0,0.0,0.0,0.0,0.0,0.0,0.0,0.0,0.0,0.0,0,-107875648.0,69,0.0,138,0.0,0.0,0,13107,17040,13107,17049,13107,17043,0,0,0,70,68,100,2.7302359370752657e+23,71.2,2.7302370179391762e+23,74.2,2.7302370179391762e+23,74.0,1,49,50,180,0,52429,0,0,0.0,0.0,0.0,0.0,-0.0,67.0,0.0,162057.094,0.0,750,0,739,0,0,0,721,0,766,0,736,0,742,0,741,0,712,0,7520,0.032,79456894976.0,0.0,0.0,784,16797,-0.0,162057.094,-114818.039,-0.0,0.133,6.909358625270745e+28,30.0,65.0,35,0.0,0.0,0.0,0.0,0.0,0.0,0.0,0.0,0.0,0.0,0.0,0.0,0.0,0.0,0.0,0.0,69.2,0,150,71,55,65476,0,300,0,1,8,20529,65476,0,0,40632,65.0,0.0,0.0,0.0,0.0,0.0
2026-09-04T20:32:23,ERR,ERR,ERR,ERR,ERR,ERR,ERR,ERR,ERR,ERR,ERR,ERR,ERR,ERR,ERR,ERR,ERR,ERR,ERR,ERR,ERR,ERR,ERR,ERR,ERR,ERR,ERR,ERR,ERR,ERR,ERR,ERR,ERR,ERR,ERR,ERR,ERR,ERR,ERR,ERR,ERR,ERR,ERR,ERR,ERR,ERR,ERR,ERR,ERR,ERR,ERR,ERR,ERR,ERR,ERR,ERR,ERR,ERR,ERR,ERR,ERR,ERR,ERR,ERR,ERR,ERR,ERR,ERR,ERR,ERR,ERR,ERR,ERR,ERR,ERR,ERR,ERR,ERR,ERR,ERR,ERR,ERR,ERR,ERR,ERR,ERR,ERR,ERR,ERR,ERR,ERR,ERR,ERR,ERR,ERR,ERR,ERR,ERR,ERR,ERR,ERR,ERR,ERR,ERR,ERR,ERR,ERR,ERR,ERR,ERR,ERR,ERR,ERR,ERR,ERR,ERR,ERR,ERR,ERR,ERR,ERR,ERR,ERR,ERR,ERR,0.0,0.0,0.0,0.0,0.0,1.3936040501711995e+18,7.805,0.0,0,0,4,0,7116,0.0,100,0.0,0.0,0.0,0.0,0.0,0,0,0,0,0.0,0,0,0,0,0,0,0,0,0,0,0,0,0,0,0,0,0,0,0,0,0,0,0,0,0,0,0,0,0,0,0,0,0,31,40,40,71,65476,0,300,0,0,8,21553,0.0,-107605600.0,0.0,0.0,0.0,0.0,0.0,0.0,0.0,0.0,0.0,0.0,0.0,0.0,0.0,0.0,0.0,0.0,0.0,0.0,0.0,0.0,-2.004,-0.0,-0.0,-2.004,0.0,0.0,0.0,0.0,6288.0,-0.0,6932.0,0.0,0.0,2.7184303811560617e+23,0.0,0.0,0.0,0.0,0.0,69,0.0,-0.0,0.0,0.0,0.0,0.0,0.0,0.0,0.0,0,0,0,0.0,0.0,0.0,0.0,0.0,0.0,0.0,0.0,0.0,0.0,0.0,0.0,0.0,0.0,0.0,0.0,0,-107875648.0,69,0.0,138,0.0,0.0,0,13107,17040,13107,17049,13107,17043,0,0,0,70,68,100,2.7302359370752657e+23,71.2,2.7302370179391762e+23,74.2,2.7302370179391762e+23,74.0,1,49,50,180,0,52429,0,0,0.0,0.0,0.0,0.0,-0.0,67.0,0.0,162057.094,0.0,750,0,739,0,0,0,721,0,766,0,736,0,742,0,741,0,712,0,7520,0.032,79456894976.0,0.0,0.0,784,16797,-0.0,162057.094,-114818.039,-0.0,0.133,6.909358625270745e+28,30.0,65.0,35,0.0,0.0,0.0,0.0,0.0,0.0,0.0,0.0,0.0,0.0,0.0,0.0,0.0,0.0,0.0,0.0,69.2,0,150,71,55,65476,0,300,0,1,8,20529,65476,0,0,40632,65.0,0.0,0.0,0.0,0.0,0.0
2026-09-04T20:32:24,ERR,ERR,ERR,ERR,ERR,ERR,ERR,ERR,ERR,ERR,ERR,ERR,ERR,ERR,ERR,ERR,ERR,ERR,ERR,ERR,ERR,ERR,ERR,ERR,ERR,ERR,ERR,ERR,ERR,ERR,ERR,ERR,ERR,ERR,ERR,ERR,ERR,ERR,ERR,ERR,ERR,ERR,ERR,ERR,ERR,ERR,ERR,ERR,ERR,ERR,ERR,ERR,ERR,ERR,ERR,ERR,ERR,ERR,ERR,ERR,ERR,ERR,ERR,ERR,ERR,ERR,ERR,ERR,ERR,ERR,ERR,ERR,ERR,ERR,ERR,ERR,ERR,ERR,ERR,ERR,ERR,ERR,ERR,ERR,ERR,ERR,ERR,ERR,ERR,ERR,ERR,ERR,ERR,ERR,ERR,ERR,ERR,ERR,ERR,ERR,ERR,ERR,ERR,ERR,ERR,ERR,ERR,ERR,ERR,ERR,ERR,ERR,ERR,ERR,ERR,ERR,ERR,ERR,ERR,ERR,ERR,ERR,ERR,ERR,ERR,0.0,0.0,0.0,0.0,0.0,1.3936040501711995e+18,7.805,0.0,0,0,4,0,7116,0.0,100,0.0,0.0,0.0,0.0,0.0,0,0,0,0,0.0,0,0,0,0,0,0,0,0,0,0,0,0,0,0,0,0,0,0,0,0,0,0,0,0,0,0,0,0,0,0,0,0,0,31,40,40,71,65476,0,300,0,0,8,21553,0.0,-107605600.0,0.0,0.0,0.0,0.0,0.0,0.0,0.0,0.0,0.0,0.0,0.0,0.0,0.0,0.0,0.0,0.0,0.0,0.0,0.0,0.0,-2.004,-0.0,-0.0,-2.004,0.0,0.0,0.0,0.0,6288.0,-0.0,6932.0,0.0,0.0,2.7184303811560617e+23,0.0,0.0,0.0,0.0,0.0,69,0.0,-0.0,0.0,0.0,0.0,0.0,0.0,0.0,0.0,0,0,0,0.0,0.0,0.0,0.0,0.0,0.0,0.0,0.0,0.0,0.0,0.0,0.0,0.0,0.0,0.0,0.0,0,-107875648.0,69,0.0,138,0.0,0.0,0,13107,17040,13107,17049,13107,17043,0,0,0,70,68,100,2.7302359370752657e+23,71.2,2.7302370179391762e+23,74.2,2.7302370179391762e+23,74.0,1,49,50,180,0,52429,0,0,0.0,0.0,0.0,0.0,-0.0,67.0,0.0,162057.094,0.0,750,0,739,0,0,0,721,0,766,0,736,0,742,0,741,0,712,0,7520,0.032,79456894976.0,0.0,0.0,784,16797,-0.0,162057.094,-114818.039,-0.0,0.133,6.909358625270745e+28,30.0,65.0,35,0.0,0.0,0.0,0.0,0.0,0.0,0.0,0.0,0.0,0.0,0.0,0.0,0.0,0.0,0.0,0.0,69.2,0,150,71,55,65476,0,300,0,1,8,20529,65476,0,0,40632,65.0,0.0,0.0,0.0,0.0,0.0
2026-09-04T20:32:25,ERR,ERR,ERR,ERR,ERR,ERR,ERR,ERR,ERR,ERR,ERR,ERR,ERR,ERR,ERR,ERR,ERR,ERR,ERR,ERR,ERR,ERR,ERR,ERR,ERR,ERR,ERR,ERR,ERR,ERR,ERR,ERR,ERR,ERR,ERR,ERR,ERR,ERR,ERR,ERR,ERR,ERR,ERR,ERR,ERR,ERR,ERR,ERR,ERR,ERR,ERR,ERR,ERR,ERR,ERR,ERR,ERR,ERR,ERR,ERR,ERR,ERR,ERR,ERR,ERR,ERR,ERR,ERR,ERR,ERR,ERR,ERR,ERR,ERR,ERR,ERR,ERR,ERR,ERR,ERR,ERR,ERR,ERR,ERR,ERR,ERR,ERR,ERR,ERR,ERR,ERR,ERR,ERR,ERR,ERR,ERR,ERR,ERR,ERR,ERR,ERR,ERR,ERR,ERR,ERR,ERR,ERR,ERR,ERR,ERR,ERR,ERR,ERR,ERR,ERR,ERR,ERR,ERR,ERR,ERR,ERR,ERR,ERR,ERR,ERR,0.0,0.0,0.0,0.0,0.0,1.3936040501711995e+18,7.805,0.0,0,0,4,0,7116,0.0,100,0.0,0.0,0.0,0.0,0.0,0,0,0,0,0.0,0,0,0,0,0,0,0,0,0,0,0,0,0,0,0,0,0,0,0,0,0,0,0,0,0,0,0,0,0,0,0,0,0,31,40,40,71,65476,0,300,0,0,8,21553,0.0,-107605600.0,0.0,0.0,0.0,0.0,0.0,0.0,0.0,0.0,0.0,0.0,0.0,0.0,0.0,0.0,0.0,0.0,0.0,0.0,0.0,0.0,-2.004,-0.0,-0.0,-2.004,0.0,0.0,0.0,0.0,6288.0,-0.0,6932.0,0.0,0.0,2.7184303811560617e+23,0.0,0.0,0.0,0.0,0.0,69,0.0,-0.0,0.0,0.0,0.0,0.0,0.0,0.0,0.0,0,0,0,0.0,0.0,0.0,0.0,0.0,0.0,0.0,0.0,0.0,0.0,0.0,0.0,0.0,0.0,0.0,0.0,0,-107875648.0,69,0.0,138,0.0,0.0,0,13107,17040,13107,17049,13107,17043,0,0,0,70,68,100,2.7302359370752657e+23,71.1,0.0,74.2,2.7302370179391762e+23,74.0,1,49,50,180,13107,52429,0,0,0.0,0.0,0.0,0.0,-0.0,67.0,0.0,162057.094,0.0,750,0,739,0,0,0,721,0,766,0,736,0,742,0,741,0,712,0,7520,0.032,79456894976.0,0.0,0.0,784,16797,-0.0,162057.094,-114818.039,-0.0,0.133,6.909358625270745e+28,30.0,65.0,35,0.0,0.0,0.0,0.0,0.0,0.0,0.0,0.0,0.0,0.0,0.0,0.0,0.0,0.0,0.0,0.0,69.2,0,150,71,55,65476,0,300,0,1,8,20529,65476,0,0,40632,65.0,0.0,0.0,0.0,0.0,0.0
2026-09-04T20:32:26,ERR,ERR,ERR,ERR,ERR,ERR,ERR,ERR,ERR,ERR,ERR,ERR,ERR,ERR,ERR,ERR,ERR,ERR,ERR,ERR,ERR,ERR,ERR,ERR,ERR,ERR,ERR,ERR,ERR,ERR,ERR,ERR,ERR,ERR,ERR,ERR,ERR,ERR,ERR,ERR,ERR,ERR,ERR,ERR,ERR,ERR,ERR,ERR,ERR,ERR,ERR,ERR,ERR,ERR,ERR,ERR,ERR,ERR,ERR,ERR,ERR,ERR,ERR,ERR,ERR,ERR,ERR,ERR,ERR,ERR,ERR,ERR,ERR,ERR,ERR,ERR,ERR,ERR,ERR,ERR,ERR,ERR,ERR,ERR,ERR,ERR,ERR,ERR,ERR,ERR,ERR,ERR,ERR,ERR,ERR,ERR,ERR,ERR,ERR,ERR,ERR,ERR,ERR,ERR,ERR,ERR,ERR,ERR,ERR,ERR,ERR,ERR,ERR,ERR,ERR,ERR,ERR,ERR,ERR,ERR,ERR,ERR,ERR,ERR,ERR,0.0,0.0,0.0,0.0,0.0,1.3936040501711995e+18,7.805,0.0,0,0,4,0,7116,0.0,100,0.0,0.0,0.0,0.0,0.0,0,0,0,0,0.0,0,0,0,0,0,0,0,0,0,0,0,0,0,0,0,0,0,0,0,0,0,0,0,0,0,0,0,0,0,0,0,0,0,31,40,40,71,65476,0,300,0,0,8,21553,0.0,-107605600.0,0.0,0.0,0.0,0.0,0.0,0.0,0.0,0.0,0.0,0.0,0.0,0.0,0.0,0.0,0.0,0.0,0.0,0.0,0.0,0.0,-2.004,-0.0,-0.0,-2.004,0.0,0.0,0.0,0.0,6288.0,-0.0,6932.0,0.0,0.0,2.7184303811560617e+23,0.0,0.0,0.0,0.0,0.0,69,0.0,-0.0,0.0,0.0,0.0,0.0,0.0,0.0,0.0,0,0,0,0.0,0.0,0.0,0.0,0.0,0.0,0.0,0.0,0.0,0.0,0.0,0.0,0.0,0.0,0.0,0.0,0,-107875648.0,69,0.0,138,0.0,0.0,0,13107,17040,13107,17049,13107,17043,0,0,0,70,68,100,2.7302359370752657e+23,71.1,0.0,74.2,2.7302370179391762e+23,74.0,1,49,50,180,13107,52429,0,0,0.0,0.0,0.0,0.0,-0.0,67.0,0.0,162057.094,0.0,750,0,739,0,0,0,721,0,766,0,736,0,742,0,741,0,712,0,7520,0.032,79456894976.0,0.0,0.0,784,16797,-0.0,162057.094,-114818.039,-0.0,0.133,6.909358625270745e+28,30.0,65.0,35,0.0,0.0,0.0,0.0,0.0,0.0,0.0,0.0,0.0,0.0,0.0,0.0,0.0,0.0,0.0,0.0,69.2,0,150,71,55,65476,0,300,0,1,8,20529,65476,0,0,40632,65.0,0.0,0.0,0.0,0.0,0.0
2026-09-04T20:32:27,ERR,ERR,ERR,ERR,ERR,ERR,ERR,ERR,ERR,ERR,ERR,ERR,ERR,ERR,ERR,ERR,ERR,ERR,ERR,ERR,ERR,ERR,ERR,ERR,ERR,ERR,ERR,ERR,ERR,ERR,ERR,ERR,ERR,ERR,ERR,ERR,ERR,ERR,ERR,ERR,ERR,ERR,ERR,ERR,ERR,ERR,ERR,ERR,ERR,ERR,ERR,ERR,ERR,ERR,ERR,ERR,ERR,ERR,ERR,ERR,ERR,ERR,ERR,ERR,ERR,ERR,ERR,ERR,ERR,ERR,ERR,ERR,ERR,ERR,ERR,ERR,ERR,ERR,ERR,ERR,ERR,ERR,ERR,ERR,ERR,ERR,ERR,ERR,ERR,ERR,ERR,ERR,ERR,ERR,ERR,ERR,ERR,ERR,ERR,ERR,ERR,ERR,ERR,ERR,ERR,ERR,ERR,ERR,ERR,ERR,ERR,ERR,ERR,ERR,ERR,ERR,ERR,ERR,ERR,ERR,ERR,ERR,ERR,ERR,ERR,0.0,0.0,0.0,0.0,0.0,1.3936040501711995e+18,7.805,0.0,0,0,4,0,7116,0.0,100,0.0,0.0,0.0,0.0,0.0,0,0,0,0,0.0,0,0,0,0,0,0,0,0,0,0,0,0,0,0,0,0,0,0,0,0,0,0,0,0,0,0,0,0,0,0,0,0,0,31,40,40,71,65476,0,300,0,0,8,21553,0.0,-107605600.0,0.0,0.0,0.0,0.0,0.0,0.0,0.0,0.0,0.0,0.0,0.0,0.0,0.0,0.0,0.0,0.0,0.0,0.0,0.0,0.0,-2.004,-0.0,-0.0,-2.004,0.0,0.0,0.0,0.0,6288.0,-0.0,6932.0,0.0,0.0,2.7184303811560617e+23,0.0,0.0,0.0,0.0,0.0,69,0.0,-0.0,0.0,0.0,0.0,0.0,0.0,0.0,0.0,0,0,0,0.0,0.0,0.0,0.0,0.0,0.0,0.0,0.0,0.0,0.0,0.0,0.0,0.0,0.0,0.0,0.0,0,-107875648.0,69,0.0,138,0.0,0.0,0,13107,17040,13107,17049,13107,17043,0,0,0,70,68,100,2.7302359370752657e+23,71.1,0.0,74.2,2.7302370179391762e+23,74.0,1,49,50,180,13107,52429,0,0,0.0,0.0,0.0,0.0,-0.0,67.0,0.0,162057.094,0.0,750,0,739,0,0,0,721,0,766,0,736,0,742,0,741,0,712,0,7520,0.032,79456894976.0,0.0,0.0,784,16797,-0.0,162057.094,-114818.039,-0.0,0.133,6.909358625270745e+28,30.0,65.0,35,0.0,0.0,0.0,0.0,0.0,0.0,0.0,0.0,0.0,0.0,0.0,0.0,0.0,0.0,0.0,0.0,69.2,0,150,71,55,65476,0,300,0,1,8,20529,65476,0,0,40632,65.0,0.0,0.0,0.0,0.0,0.0
2026-09-04T20:32:28,ERR,ERR,ERR,ERR,ERR,ERR,ERR,ERR,ERR,ERR,ERR,ERR,ERR,ERR,ERR,ERR,ERR,ERR,ERR,ERR,ERR,ERR,ERR,ERR,ERR,ERR,ERR,ERR,ERR,ERR,ERR,ERR,ERR,ERR,ERR,ERR,ERR,ERR,ERR,ERR,ERR,ERR,ERR,ERR,ERR,ERR,ERR,ERR,ERR,ERR,ERR,ERR,ERR,ERR,ERR,ERR,ERR,ERR,ERR,ERR,ERR,ERR,ERR,ERR,ERR,ERR,ERR,ERR,ERR,ERR,ERR,ERR,ERR,ERR,ERR,ERR,ERR,ERR,ERR,ERR,ERR,ERR,ERR,ERR,ERR,ERR,ERR,ERR,ERR,ERR,ERR,ERR,ERR,ERR,ERR,ERR,ERR,ERR,ERR,ERR,ERR,ERR,ERR,ERR,ERR,ERR,ERR,ERR,ERR,ERR,ERR,ERR,ERR,ERR,ERR,ERR,ERR,ERR,ERR,ERR,ERR,ERR,ERR,ERR,ERR,0.0,0.0,0.0,0.0,0.0,1.3936040501711995e+18,7.805,0.0,0,0,4,0,7116,0.0,100,0.0,0.0,0.0,0.0,0.0,0,0,0,0,0.0,0,0,0,0,0,0,0,0,0,0,0,0,0,0,0,0,0,0,0,0,0,0,0,0,0,0,0,0,0,0,0,0,0,31,40,40,71,65476,0,300,0,0,8,21553,0.0,-107605600.0,0.0,0.0,0.0,0.0,0.0,0.0,0.0,0.0,0.0,0.0,0.0,0.0,0.0,0.0,0.0,0.0,0.0,0.0,0.0,0.0,-2.004,-0.0,-0.0,-2.004,0.0,0.0,0.0,0.0,6288.0,-131351.062,6937.0,0.0,0.0,2.7184303811560617e+23,0.0,0.0,0.0,0.0,0.0,69,0.0,-2.308837023356593e+20,0.0,0.0,0.0,0.0,0.0,0.0,0.0,0,0,0,0.0,0.0,0.0,0.0,0.0,0.0,0.0,0.0,0.0,0.0,0.0,0.0,0.0,0.0,0.0,0.0,0,-107875648.0,69,0.0,138,0.0,0.0,0,13107,17040,13107,17049,13107,17043,0,0,0,70,68,100,2.7302359370752657e+23,71.1,0.0,74.2,2.7302370179391762e+23,74.0,1,49,50,180,13107,52429,0,0,0.0,0.0,0.0,0.0,-0.0,67.0,0.0,162057.094,0.0,750,0,739,0,0,0,721,0,766,0,736,0,742,0,741,0,712,0,7520,0.032,79456894976.0,0.0,0.0,784,16797,-0.0,162057.094,-114818.039,-0.0,0.133,6.909358625270745e+28,30.0,65.0,35,0.0,0.0,0.0,0.0,0.0,0.0,0.0,0.0,0.0,0.0,0.0,0.0,0.0,0.0,0.0,0.0,69.2,0,150,71,55,65476,0,300,0,1,8,20529,65476,0,0,40632,65.0,0.0,0.0,0.0,0.0,0.0
2026-09-04T20:32:29,ERR,ERR,ERR,ERR,ERR,ERR,ERR,ERR,ERR,ERR,ERR,ERR,ERR,ERR,ERR,ERR,ERR,ERR,ERR,ERR,ERR,ERR,ERR,ERR,ERR,ERR,ERR,ERR,ERR,ERR,ERR,ERR,ERR,ERR,ERR,ERR,ERR,ERR,ERR,ERR,ERR,ERR,ERR,ERR,ERR,ERR,ERR,ERR,ERR,ERR,ERR,ERR,ERR,ERR,ERR,ERR,ERR,ERR,ERR,ERR,ERR,ERR,ERR,ERR,ERR,ERR,ERR,ERR,ERR,ERR,ERR,ERR,ERR,ERR,ERR,ERR,ERR,ERR,ERR,ERR,ERR,ERR,ERR,ERR,ERR,ERR,ERR,ERR,ERR,ERR,ERR,ERR,ERR,ERR,ERR,ERR,ERR,ERR,ERR,ERR,ERR,ERR,ERR,ERR,ERR,ERR,ERR,ERR,ERR,ERR,ERR,ERR,ERR,ERR,ERR,ERR,ERR,ERR,ERR,ERR,ERR,ERR,ERR,ERR,ERR,0.0,0.0,0.0,0.0,0.0,1.3936040501711995e+18,7.805,0.0,0,0,4,0,7116,0.0,100,0.0,0.0,0.0,0.0,0.0,0,0,0,0,0.0,0,0,0,0,0,0,0,0,0,0,0,0,0,0,0,0,0,0,0,0,0,0,0,0,0,0,0,0,0,0,0,0,0,31,40,40,71,65476,0,300,0,0,8,21553,0.0,-107605600.0,0.0,0.0,0.0,0.0,0.0,0.0,0.0,0.0,0.0,0.0,0.0,0.0,0.0,0.0,0.0,0.0,0.0,0.0,0.0,0.0,-2.004,-0.0,-0.0,-2.004,0.0,0.0,0.0,0.0,6288.0,-131351.062,6937.0,0.0,0.0,2.7184303811560617e+23,0.0,0.0,0.0,0.0,0.0,69,0.0,-2.308837023356593e+20,0.0,0.0,0.0,0.0,0.0,0.0,0.0,0,0,0,0.0,0.0,0.0,0.0,0.0,0.0,0.0,0.0,0.0,0.0,0.0,0.0,0.0,0.0,0.0,0.0,0,-107875648.0,69,0.0,138,0.0,0.0,0,13107,17040,13107,17049,13107,17043,0,0,0,70,68,100,2.7302359370752657e+23,71.2,2.7302370179391762e+23,74.2,2.7302370179391762e+23,74.0,1,49,50,180,13107,52429,0,0,0.0,0.0,0.0,0.0,-0.0,67.0,0.0,162057.094,0.0,750,0,739,0,0,0,721,0,766,0,736,0,742,0,741,0,712,0,7520,0.032,78920024064.0,0.0,0.0,784,16797,-0.0,162057.094,-114818.039,-0.0,0.133,6.909358625270745e+28,30.0,65.0,35,0.0,0.0,0.0,0.0,0.0,0.0,0.0,0.0,0.0,0.0,0.0,0.0,0.0,0.0,0.0,0.0,69.2,0,150,71,55,65476,0,300,0,1,8,20529,65476,0,0,40632,65.0,0.0,0.0,0.0,0.0,0.0
2026-09-04T20:32:30,ERR,ERR,ERR,ERR,ERR,ERR,ERR,ERR,ERR,ERR,ERR,ERR,ERR,ERR,ERR,ERR,ERR,ERR,ERR,ERR,ERR,ERR,ERR,ERR,ERR,ERR,ERR,ERR,ERR,ERR,ERR,ERR,ERR,ERR,ERR,ERR,ERR,ERR,ERR,ERR,ERR,ERR,ERR,ERR,ERR,ERR,ERR,ERR,ERR,ERR,ERR,ERR,ERR,ERR,ERR,ERR,ERR,ERR,ERR,ERR,ERR,ERR,ERR,ERR,ERR,ERR,ERR,ERR,ERR,ERR,ERR,ERR,ERR,ERR,ERR,ERR,ERR,ERR,ERR,ERR,ERR,ERR,ERR,ERR,ERR,ERR,ERR,ERR,ERR,ERR,ERR,ERR,ERR,ERR,ERR,ERR,ERR,ERR,ERR,ERR,ERR,ERR,ERR,ERR,ERR,ERR,ERR,ERR,ERR,ERR,ERR,ERR,ERR,ERR,ERR,ERR,ERR,ERR,ERR,ERR,ERR,ERR,ERR,ERR,ERR,0.0,0.0,0.0,0.0,0.0,1.3936040501711995e+18,7.805,0.0,0,0,4,0,7116,0.0,100,0.0,0.0,0.0,0.0,0.0,0,0,0,0,0.0,0,0,0,0,0,0,0,0,0,0,0,0,0,0,0,0,0,0,0,0,0,0,0,0,0,0,0,0,0,0,0,0,0,31,40,40,71,65476,0,300,0,0,8,21553,0.0,-107605600.0,0.0,0.0,0.0,0.0,0.0,0.0,0.0,0.0,0.0,0.0,0.0,0.0,0.0,0.0,0.0,0.0,0.0,0.0,0.0,0.0,-2.004,-0.0,-0.0,-2.004,0.0,0.0,0.0,0.0,6288.0,-131351.062,6937.0,0.0,0.0,2.7184303811560617e+23,0.0,0.0,0.0,0.0,0.0,69,0.0,-2.308837023356593e+20,0.0,0.0,0.0,0.0,0.0,0.0,0.0,0,0,0,0.0,0.0,0.0,0.0,0.0,0.0,0.0,0.0,0.0,0.0,0.0,0.0,0.0,0.0,0.0,0.0,0,-107875648.0,69,0.0,138,0.0,0.0,0,13107,17040,13107,17049,13107,17043,0,0,0,70,68,100,2.7302359370752657e+23,71.2,2.7302370179391762e+23,74.2,2.7302370179391762e+23,74.0,1,49,50,180,13107,52429,0,0,0.0,0.0,0.0,0.0,-0.0,67.0,0.0,162057.094,0.0,750,0,739,0,0,0,721,0,766,0,736,0,742,0,741,0,712,0,7520,0.032,78920024064.0,0.0,0.0,784,16797,-0.0,162057.094,-114818.039,-0.0,0.133,6.909358625270745e+28,30.0,65.0,35,0.0,0.0,0.0,0.0,0.0,0.0,0.0,0.0,0.0,0.0,0.0,0.0,0.0,0.0,0.0,0.0,69.2,0,150,71,55,65476,0,300,0,1,8,20529,65476,0,0,40632,65.0,0.0,0.0,0.0,0.0,0.0
2026-09-04T20:32:31,ERR,ERR,ERR,ERR,ERR,ERR,ERR,ERR,ERR,ERR,ERR,ERR,ERR,ERR,ERR,ERR,ERR,ERR,ERR,ERR,ERR,ERR,ERR,ERR,ERR,ERR,ERR,ERR,ERR,ERR,ERR,ERR,ERR,ERR,ERR,ERR,ERR,ERR,ERR,ERR,ERR,ERR,ERR,ERR,ERR,ERR,ERR,ERR,ERR,ERR,ERR,ERR,ERR,ERR,ERR,ERR,ERR,ERR,ERR,ERR,ERR,ERR,ERR,ERR,ERR,ERR,ERR,ERR,ERR,ERR,ERR,ERR,ERR,ERR,ERR,ERR,ERR,ERR,ERR,ERR,ERR,ERR,ERR,ERR,ERR,ERR,ERR,ERR,ERR,ERR,ERR,ERR,ERR,ERR,ERR,ERR,ERR,ERR,ERR,ERR,ERR,ERR,ERR,ERR,ERR,ERR,ERR,ERR,ERR,ERR,ERR,ERR,ERR,ERR,ERR,ERR,ERR,ERR,ERR,ERR,ERR,ERR,ERR,ERR,ERR,0.0,0.0,0.0,0.0,0.0,1.3936040501711995e+18,7.805,0.0,0,0,4,0,7116,0.0,100,0.0,0.0,0.0,0.0,0.0,0,0,0,0,0.0,0,0,0,0,0,0,0,0,0,0,0,0,0,0,0,0,0,0,0,0,0,0,0,0,0,0,0,0,0,0,0,0,0,31,40,40,71,65476,0,300,0,0,8,21553,0.0,-107605600.0,0.0,0.0,0.0,0.0,0.0,0.0,0.0,0.0,0.0,0.0,0.0,0.0,0.0,0.0,0.0,0.0,0.0,0.0,0.0,0.0,-2.004,-0.0,-0.0,-2.004,0.0,0.0,0.0,0.0,6288.0,-131351.062,6937.0,0.0,0.0,2.7184303811560617e+23,0.0,0.0,0.0,0.0,0.0,69,0.0,-2.308837023356593e+20,0.0,0.0,0.0,0.0,0.0,0.0,0.0,0,0,0,0.0,0.0,0.0,0.0,0.0,0.0,0.0,0.0,0.0,0.0,0.0,0.0,0.0,0.0,0.0,0.0,0,-107875648.0,69,0.0,138,0.0,0.0,0,13107,17040,13107,17049,13107,17043,0,0,0,70,68,100,2.7302359370752657e+23,71.2,2.7302370179391762e+23,74.2,2.7302370179391762e+23,74.0,1,49,50,180,13107,52429,0,0,0.0,0.0,0.0,0.0,-0.0,67.0,0.0,162057.094,0.0,750,0,739,0,0,0,721,0,766,0,736,0,742,0,741,0,712,0,7520,0.032,78920024064.0,0.0,0.0,784,16797,-0.0,162057.094,-114818.039,-0.0,0.133,6.909358625270745e+28,30.0,65.0,35,0.0,0.0,0.0,0.0,0.0,0.0,0.0,0.0,0.0,0.0,0.0,0.0,0.0,0.0,0.0,0.0,69.2,0,150,71,55,65476,0,300,0,1,8,20529,65476,0,0,40632,65.0,0.0,0.0,0.0,0.0,0.0
2026-09-04T20:32:32,ERR,ERR,ERR,ERR,ERR,ERR,ERR,ERR,ERR,ERR,ERR,ERR,ERR,ERR,ERR,ERR,ERR,ERR,ERR,ERR,ERR,ERR,ERR,ERR,ERR,ERR,ERR,ERR,ERR,ERR,ERR,ERR,ERR,ERR,ERR,ERR,ERR,ERR,ERR,ERR,ERR,ERR,ERR,ERR,ERR,ERR,ERR,ERR,ERR,ERR,ERR,ERR,ERR,ERR,ERR,ERR,ERR,ERR,ERR,ERR,ERR,ERR,ERR,ERR,ERR,ERR,ERR,ERR,ERR,ERR,ERR,ERR,ERR,ERR,ERR,ERR,ERR,ERR,ERR,ERR,ERR,ERR,ERR,ERR,ERR,ERR,ERR,ERR,ERR,ERR,ERR,ERR,ERR,ERR,ERR,ERR,ERR,ERR,ERR,ERR,ERR,ERR,ERR,ERR,ERR,ERR,ERR,ERR,ERR,ERR,ERR,ERR,ERR,ERR,ERR,ERR,ERR,ERR,ERR,ERR,ERR,ERR,ERR,ERR,ERR,0.0,0.0,0.0,0.0,0.0,1.3936040501711995e+18,7.805,0.0,0,0,4,0,7116,0.0,100,0.0,0.0,0.0,0.0,0.0,0,0,0,0,0.0,0,0,0,0,0,0,0,0,0,0,0,0,0,0,0,0,0,0,0,0,0,0,0,0,0,0,0,0,0,0,0,0,0,31,40,40,71,65476,0,300,0,0,8,21553,0.0,-107605600.0,0.0,0.0,0.0,0.0,0.0,0.0,0.0,0.0,0.0,0.0,0.0,0.0,0.0,0.0,0.0,0.0,0.0,0.0,0.0,0.0,-2.004,-0.0,-0.0,-2.004,0.0,0.0,0.0,0.0,6288.0,-131351.062,6937.0,0.0,0.0,2.7184303811560617e+23,0.0,0.0,0.0,0.0,0.0,69,0.0,-2.308837023356593e+20,0.0,0.0,0.0,0.0,0.0,0.0,0.0,0,0,0,0.0,0.0,0.0,0.0,0.0,0.0,0.0,0.0,0.0,0.0,0.0,0.0,0.0,0.0,0.0,0.0,0,-107875648.0,69,0.0,138,0.0,0.0,0,13107,17040,13107,17049,13107,17043,0,0,0,70,68,100,2.7302359370752657e+23,71.2,2.7302370179391762e+23,74.2,2.7302370179391762e+23,74.0,1,49,50,180,13107,52429,0,0,0.0,0.0,0.0,0.0,-0.0,67.0,0.0,162057.094,0.0,750,0,739,0,0,0,721,0,766,0,736,0,742,0,741,0,712,0,7520,0.032,78920024064.0,0.0,0.0,784,16797,-0.0,162057.094,-114818.039,-0.0,0.133,6.909358625270745e+28,30.0,65.0,35,0.0,0.0,0.0,0.0,0.0,0.0,0.0,0.0,0.0,0.0,0.0,0.0,0.0,0.0,0.0,0.0,69.2,0,150,71,55,65476,0,300,0,1,8,20529,65476,0,0,40632,65.0,0.0,0.0,0.0,0.0,0.0
2026-09-04T20:32:33,ERR,ERR,ERR,ERR,ERR,ERR,ERR,ERR,ERR,ERR,ERR,ERR,ERR,ERR,ERR,ERR,ERR,ERR,ERR,ERR,ERR,ERR,ERR,ERR,ERR,ERR,ERR,ERR,ERR,ERR,ERR,ERR,ERR,ERR,ERR,ERR,ERR,ERR,ERR,ERR,ERR,ERR,ERR,ERR,ERR,ERR,ERR,ERR,ERR,ERR,ERR,ERR,ERR,ERR,ERR,ERR,ERR,ERR,ERR,ERR,ERR,ERR,ERR,ERR,ERR,ERR,ERR,ERR,ERR,ERR,ERR,ERR,ERR,ERR,ERR,ERR,ERR,ERR,ERR,ERR,ERR,ERR,ERR,ERR,ERR,ERR,ERR,ERR,ERR,ERR,ERR,ERR,ERR,ERR,ERR,ERR,ERR,ERR,ERR,ERR,ERR,ERR,ERR,ERR,ERR,ERR,ERR,ERR,ERR,ERR,ERR,ERR,ERR,ERR,ERR,ERR,ERR,ERR,ERR,ERR,ERR,ERR,ERR,ERR,ERR,0.0,0.0,0.0,0.0,0.0,1.3936040501711995e+18,7.805,0.0,0,0,4,0,7116,0.0,100,0.0,0.0,0.0,0.0,0.0,0,0,0,0,0.0,0,0,0,0,0,0,0,0,0,0,0,0,0,0,0,0,0,0,0,0,0,0,0,0,0,0,0,0,0,0,0,0,0,31,40,40,71,65476,0,300,0,0,8,21553,0.0,-107605600.0,0.0,0.0,0.0,0.0,0.0,0.0,0.0,0.0,0.0,0.0,0.0,0.0,0.0,0.0,0.0,0.0,0.0,0.0,0.0,0.0,-2.004,-0.0,-0.0,-2.004,0.0,0.0,0.0,0.0,6288.0,-131351.062,6937.0,0.0,0.0,2.7184303811560617e+23,0.0,0.0,0.0,0.0,0.0,69,0.0,-2.308837023356593e+20,0.0,0.0,0.0,0.0,0.0,0.0,0.0,0,0,0,0.0,0.0,0.0,0.0,0.0,0.0,0.0,0.0,0.0,0.0,0.0,0.0,0.0,0.0,0.0,0.0,0,-107875648.0,69,0.0,138,0.0,0.0,0,13107,17040,13107,17049,13107,17043,0,0,0,70,68,100,2.7302359370752657e+23,71.2,2.7302370179391762e+23,74.2,2.7302370179391762e+23,74.0,1,49,50,180,13107,52429,0,0,0.0,0.0,0.0,0.0,-0.0,67.0,0.0,162057.094,0.0,750,0,739,0,0,0,721,0,766,0,736,0,742,0,741,0,712,0,7520,0.032,78920024064.0,0.0,0.0,784,16797,-0.0,162057.094,-114818.039,-0.0,0.133,6.909358625270745e+28,30.0,65.0,35,0.0,0.0,0.0,0.0,0.0,0.0,0.0,0.0,0.0,0.0,0.0,0.0,0.0,0.0,0.0,0.0,69.2,0,150,71,55,65476,0,300,0,1,8,20529,65476,0,0,40632,65.0,0.0,0.0,0.0,0.0,0.0
2026-09-04T20:32:34,ERR,ERR,ERR,ERR,ERR,ERR,ERR,ERR,ERR,ERR,ERR,ERR,ERR,ERR,ERR,ERR,ERR,ERR,ERR,ERR,ERR,ERR,ERR,ERR,ERR,ERR,ERR,ERR,ERR,ERR,ERR,ERR,ERR,ERR,ERR,ERR,ERR,ERR,ERR,ERR,ERR,ERR,ERR,ERR,ERR,ERR,ERR,ERR,ERR,ERR,ERR,ERR,ERR,ERR,ERR,ERR,ERR,ERR,ERR,ERR,ERR,ERR,ERR,ERR,ERR,ERR,ERR,ERR,ERR,ERR,ERR,ERR,ERR,ERR,ERR,ERR,ERR,ERR,ERR,ERR,ERR,ERR,ERR,ERR,ERR,ERR,ERR,ERR,ERR,ERR,ERR,ERR,ERR,ERR,ERR,ERR,ERR,ERR,ERR,ERR,ERR,ERR,ERR,ERR,ERR,ERR,ERR,ERR,ERR,ERR,ERR,ERR,ERR,ERR,ERR,ERR,ERR,ERR,ERR,ERR,ERR,ERR,ERR,ERR,ERR,0.0,0.0,0.0,0.0,0.0,1.3936040501711995e+18,7.805,0.0,0,0,4,0,7116,0.0,100,0.0,0.0,0.0,0.0,0.0,0,0,0,0,0.0,0,0,0,0,0,0,0,0,0,0,0,0,0,0,0,0,0,0,0,0,0,0,0,0,0,0,0,0,0,0,0,0,0,31,40,40,71,65476,0,300,0,0,8,21553,0.0,-107605600.0,0.0,0.0,0.0,0.0,0.0,0.0,0.0,0.0,0.0,0.0,0.0,0.0,0.0,0.0,0.0,0.0,0.0,0.0,0.0,0.0,-2.004,-0.0,-0.0,-2.004,0.0,0.0,0.0,0.0,6288.0,-131351.062,6937.0,0.0,0.0,2.7184303811560617e+23,0.0,0.0,0.0,0.0,0.0,69,0.0,-2.308837023356593e+20,0.0,0.0,0.0,0.0,0.0,0.0,0.0,0,0,0,0.0,0.0,0.0,0.0,0.0,0.0,0.0,0.0,0.0,0.0,0.0,0.0,0.0,0.0,0.0,0.0,0,-107875648.0,69,0.0,138,0.0,0.0,0,13107,17040,13107,17049,13107,17043,0,0,0,70,68,100,2.7302359370752657e+23,71.2,2.7302370179391762e+23,74.2,2.7302370179391762e+23,74.0,1,49,50,180,13107,52429,0,0,0.0,0.0,0.0,0.0,-0.0,67.0,0.0,162057.094,0.0,750,0,739,0,0,0,721,0,766,0,736,0,742,0,741,0,712,0,7520,0.032,78920024064.0,0.0,0.0,784,16797,-0.0,162057.094,-114818.039,-0.0,0.133,6.909358625270745e+28,30.0,65.0,35,0.0,0.0,0.0,0.0,0.0,0.0,0.0,0.0,0.0,0.0,0.0,0.0,0.0,0.0,0.0,0.0,69.2,0,150,71,55,65476,0,300,0,1,8,20529,65476,0,0,40632,65.0,0.0,0.0,0.0,0.0,0.0
2026-09-04T20:32:35,ERR,ERR,ERR,ERR,ERR,ERR,ERR,ERR,ERR,ERR,ERR,ERR,ERR,ERR,ERR,ERR,ERR,ERR,ERR,ERR,ERR,ERR,ERR,ERR,ERR,ERR,ERR,ERR,ERR,ERR,ERR,ERR,ERR,ERR,ERR,ERR,ERR,ERR,ERR,ERR,ERR,ERR,ERR,ERR,ERR,ERR,ERR,ERR,ERR,ERR,ERR,ERR,ERR,ERR,ERR,ERR,ERR,ERR,ERR,ERR,ERR,ERR,ERR,ERR,ERR,ERR,ERR,ERR,ERR,ERR,ERR,ERR,ERR,ERR,ERR,ERR,ERR,ERR,ERR,ERR,ERR,ERR,ERR,ERR,ERR,ERR,ERR,ERR,ERR,ERR,ERR,ERR,ERR,ERR,ERR,ERR,ERR,ERR,ERR,ERR,ERR,ERR,ERR,ERR,ERR,ERR,ERR,ERR,ERR,ERR,ERR,ERR,ERR,ERR,ERR,ERR,ERR,ERR,ERR,ERR,ERR,ERR,ERR,ERR,ERR,0.0,0.0,0.0,0.0,0.0,1.3936040501711995e+18,7.805,0.0,0,0,4,0,7116,0.0,100,0.0,0.0,0.0,0.0,0.0,0,0,0,0,0.0,0,0,0,0,0,0,0,0,0,0,0,0,0,0,0,0,0,0,0,0,0,0,0,0,0,0,0,0,0,0,0,0,0,31,40,40,71,65476,0,300,0,0,8,21553,0.0,-107605600.0,0.0,0.0,0.0,0.0,0.0,0.0,0.0,0.0,0.0,0.0,0.0,0.0,0.0,0.0,0.0,0.0,0.0,0.0,0.0,0.0,-2.004,-0.0,-0.0,-2.004,0.0,0.0,0.0,0.0,6282.0,0.0,6919.0,0.0,0.0,2.7184303811560617e+23,0.0,0.0,0.0,0.0,0.0,69,-4.950431305880601e+32,0.0,0.0,0.0,0.0,0.0,0.0,0.0,0.0,0,0,0,0.0,0.0,0.0,0.0,0.0,0.0,0.0,0.0,0.0,0.0,0.0,0.0,0.0,0.0,0.0,0.0,0,-107875648.0,69,0.0,138,0.0,0.0,0,13107,17040,13107,17049,13107,17043,0,0,0,70,68,100,2.7302359370752657e+23,71.1,0.0,74.2,2.7302370179391762e+23,74.0,1,49,50,180,0,52429,0,0,0.0,0.0,0.0,0.0,-0.0,67.0,0.0,162057.094,0.0,751,0,739,0,0,0,721,0,766,0,736,0,742,0,741,0,712,0,7520,0.032,79456894976.0,0.0,0.0,784,16797,-0.0,162057.094,-114818.039,-0.0,0.133,6.909358625270745e+28,30.0,65.0,35,0.0,0.0,0.0,0.0,0.0,0.0,0.0,0.0,0.0,0.0,0.0,0.0,0.0,0.0,0.0,0.0,69.2,0,150,71,55,65476,0,300,0,1,8,20529,65476,0,0,40632,65.0,0.0,0.0,0.0,0.0,0.0
2026-09-04T20:32:36,ERR,ERR,ERR,ERR,ERR,ERR,ERR,ERR,ERR,ERR,ERR,ERR,ERR,ERR,ERR,ERR,ERR,ERR,ERR,ERR,ERR,ERR,ERR,ERR,ERR,ERR,ERR,ERR,ERR,ERR,ERR,ERR,ERR,ERR,ERR,ERR,ERR,ERR,ERR,ERR,ERR,ERR,ERR,ERR,ERR,ERR,ERR,ERR,ERR,ERR,ERR,ERR,ERR,ERR,ERR,ERR,ERR,ERR,ERR,ERR,ERR,ERR,ERR,ERR,ERR,ERR,ERR,ERR,ERR,ERR,ERR,ERR,ERR,ERR,ERR,ERR,ERR,ERR,ERR,ERR,ERR,ERR,ERR,ERR,ERR,ERR,ERR,ERR,ERR,ERR,ERR,ERR,ERR,ERR,ERR,ERR,ERR,ERR,ERR,ERR,ERR,ERR,ERR,ERR,ERR,ERR,ERR,ERR,ERR,ERR,ERR,ERR,ERR,ERR,ERR,ERR,ERR,ERR,ERR,ERR,ERR,ERR,ERR,ERR,ERR,0.0,0.0,0.0,0.0,0.0,1.3936040501711995e+18,7.805,0.0,0,0,4,0,7116,0.0,100,0.0,0.0,0.0,0.0,0.0,0,0,0,0,0.0,0,0,0,0,0,0,0,0,0,0,0,0,0,0,0,0,0,0,0,0,0,0,0,0,0,0,0,0,0,0,0,0,0,31,40,40,71,65476,0,300,0,0,8,21553,0.0,-107605600.0,0.0,0.0,0.0,0.0,0.0,0.0,0.0,0.0,0.0,0.0,0.0,0.0,0.0,0.0,0.0,0.0,0.0,0.0,0.0,0.0,-2.004,-0.0,-0.0,-2.004,0.0,0.0,0.0,0.0,6282.0,0.0,6919.0,0.0,0.0,2.7184303811560617e+23,0.0,0.0,0.0,0.0,0.0,69,-4.950431305880601e+32,0.0,0.0,0.0,0.0,0.0,0.0,0.0,0.0,0,0,0,0.0,0.0,0.0,0.0,0.0,0.0,0.0,0.0,0.0,0.0,0.0,0.0,0.0,0.0,0.0,0.0,0,-107875648.0,69,0.0,138,0.0,0.0,0,13107,17040,13107,17049,13107,17043,0,0,0,70,68,100,2.7302359370752657e+23,71.1,0.0,74.2,2.7302370179391762e+23,74.0,1,49,50,180,0,52429,0,0,0.0,0.0,0.0,0.0,-0.0,67.0,0.0,162057.094,0.0,751,0,739,0,0,0,721,0,766,0,736,0,742,0,741,0,712,0,7520,0.032,79456894976.0,0.0,0.0,784,16797,-0.0,162057.094,-114818.039,-0.0,0.133,6.909358625270745e+28,30.0,65.0,35,0.0,0.0,0.0,0.0,0.0,0.0,0.0,0.0,0.0,0.0,0.0,0.0,0.0,0.0,0.0,0.0,69.2,0,150,71,55,65476,0,300,0,1,8,20529,65476,0,0,40632,65.0,0.0,0.0,0.0,0.0,0.0
2026-09-04T20:32:37,ERR,ERR,ERR,ERR,ERR,ERR,ERR,ERR,ERR,ERR,ERR,ERR,ERR,ERR,ERR,ERR,ERR,ERR,ERR,ERR,ERR,ERR,ERR,ERR,ERR,ERR,ERR,ERR,ERR,ERR,ERR,ERR,ERR,ERR,ERR,ERR,ERR,ERR,ERR,ERR,ERR,ERR,ERR,ERR,ERR,ERR,ERR,ERR,ERR,ERR,ERR,ERR,ERR,ERR,ERR,ERR,ERR,ERR,ERR,ERR,ERR,ERR,ERR,ERR,ERR,ERR,ERR,ERR,ERR,ERR,ERR,ERR,ERR,ERR,ERR,ERR,ERR,ERR,ERR,ERR,ERR,ERR,ERR,ERR,ERR,ERR,ERR,ERR,ERR,ERR,ERR,ERR,ERR,ERR,ERR,ERR,ERR,ERR,ERR,ERR,ERR,ERR,ERR,ERR,ERR,ERR,ERR,ERR,ERR,ERR,ERR,ERR,ERR,ERR,ERR,ERR,ERR,ERR,ERR,ERR,ERR,ERR,ERR,ERR,ERR,0.0,0.0,0.0,0.0,0.0,1.3936040501711995e+18,7.805,0.0,0,0,4,0,7116,0.0,100,0.0,0.0,0.0,0.0,0.0,0,0,0,0,0.0,0,0,0,0,0,0,0,0,0,0,0,0,0,0,0,0,0,0,0,0,0,0,0,0,0,0,0,0,0,0,0,0,0,31,40,40,71,65476,0,300,0,0,8,21553,0.0,-107605600.0,0.0,0.0,0.0,0.0,0.0,0.0,0.0,0.0,0.0,0.0,0.0,0.0,0.0,0.0,0.0,0.0,0.0,0.0,0.0,0.0,-2.004,-0.0,-0.0,-2.004,0.0,0.0,0.0,0.0,6282.0,0.0,6919.0,0.0,0.0,2.7184303811560617e+23,0.0,0.0,0.0,0.0,0.0,69,-4.950431305880601e+32,0.0,0.0,0.0,0.0,0.0,0.0,0.0,0.0,0,0,0,0.0,0.0,0.0,0.0,0.0,0.0,0.0,0.0,0.0,0.0,0.0,0.0,0.0,0.0,0.0,0.0,0,-107875648.0,69,0.0,138,0.0,0.0,0,13107,17040,13107,17049,13107,17043,0,0,0,70,68,100,2.7302359370752657e+23,71.1,0.0,74.2,2.7302370179391762e+23,74.0,1,49,50,180,0,52429,0,0,0.0,0.0,0.0,0.0,-0.0,67.0,0.0,162057.094,0.0,751,0,739,0,0,0,721,0,766,0,736,0,742,0,741,0,712,0,7520,0.032,79456894976.0,0.0,0.0,784,16797,-0.0,162057.094,-114818.039,-0.0,0.133,6.909358625270745e+28,30.0,65.0,35,0.0,0.0,0.0,0.0,0.0,0.0,0.0,0.0,0.0,0.0,0.0,0.0,0.0,0.0,0.0,0.0,69.2,0,150,71,55,65476,0,300,0,1,8,20529,65476,0,0,40632,65.0,0.0,0.0,0.0,0.0,0.0
2026-09-04T20:32:38,ERR,ERR,ERR,ERR,ERR,ERR,ERR,ERR,ERR,ERR,ERR,ERR,ERR,ERR,ERR,ERR,ERR,ERR,ERR,ERR,ERR,ERR,ERR,ERR,ERR,ERR,ERR,ERR,ERR,ERR,ERR,ERR,ERR,ERR,ERR,ERR,ERR,ERR,ERR,ERR,ERR,ERR,ERR,ERR,ERR,ERR,ERR,ERR,ERR,ERR,ERR,ERR,ERR,ERR,ERR,ERR,ERR,ERR,ERR,ERR,ERR,ERR,ERR,ERR,ERR,ERR,ERR,ERR,ERR,ERR,ERR,ERR,ERR,ERR,ERR,ERR,ERR,ERR,ERR,ERR,ERR,ERR,ERR,ERR,ERR,ERR,ERR,ERR,ERR,ERR,ERR,ERR,ERR,ERR,ERR,ERR,ERR,ERR,ERR,ERR,ERR,ERR,ERR,ERR,ERR,ERR,ERR,ERR,ERR,ERR,ERR,ERR,ERR,ERR,ERR,ERR,ERR,ERR,ERR,ERR,ERR,ERR,ERR,ERR,ERR,0.0,0.0,0.0,0.0,0.0,1.3936040501711995e+18,7.805,0.0,0,0,4,0,7116,0.0,100,0.0,0.0,0.0,0.0,0.0,0,0,0,0,0.0,0,0,0,0,0,0,0,0,0,0,0,0,0,0,0,0,0,0,0,0,0,0,0,0,0,0,0,0,0,0,0,0,0,31,40,40,71,65476,0,300,0,0,8,21553,0.0,-107605600.0,0.0,0.0,0.0,0.0,0.0,0.0,0.0,0.0,0.0,0.0,0.0,0.0,0.0,0.0,0.0,0.0,0.0,0.0,0.0,0.0,-2.004,-0.0,-0.0,-2.004,0.0,0.0,0.0,0.0,6282.0,0.0,6919.0,0.0,0.0,2.7184303811560617e+23,0.0,0.0,0.0,0.0,0.0,69,-4.950431305880601e+32,0.0,0.0,0.0,0.0,0.0,0.0,0.0,0.0,0,0,0,0.0,0.0,0.0,0.0,0.0,0.0,0.0,0.0,0.0,0.0,0.0,0.0,0.0,0.0,0.0,0.0,0,-107875648.0,69,0.0,138,0.0,0.0,0,13107,17040,13107,17049,13107,17043,0,0,0,70,68,100,2.7302359370752657e+23,71.1,0.0,74.2,2.7302370179391762e+23,74.0,1,49,50,180,0,52429,0,0,0.0,0.0,0.0,0.0,-0.0,67.0,0.0,162057.094,0.0,751,0,739,0,0,0,721,0,766,0,736,0,742,0,741,0,712,0,7520,0.032,79456894976.0,0.0,0.0,784,16797,-0.0,162057.094,-114818.039,-0.0,0.133,6.909358625270745e+28,30.0,65.0,35,0.0,0.0,0.0,0.0,0.0,0.0,0.0,0.0,0.0,0.0,0.0,0.0,0.0,0.0,0.0,0.0,69.2,0,150,71,55,65476,0,300,0,1,8,20529,65476,0,0,40632,65.0,0.0,0.0,0.0,0.0,0.0
2026-09-04T20:32:39,ERR,ERR,ERR,ERR,ERR,ERR,ERR,ERR,ERR,ERR,ERR,ERR,ERR,ERR,ERR,ERR,ERR,ERR,ERR,ERR,ERR,ERR,ERR,ERR,ERR,ERR,ERR,ERR,ERR,ERR,ERR,ERR,ERR,ERR,ERR,ERR,ERR,ERR,ERR,ERR,ERR,ERR,ERR,ERR,ERR,ERR,ERR,ERR,ERR,ERR,ERR,ERR,ERR,ERR,ERR,ERR,ERR,ERR,ERR,ERR,ERR,ERR,ERR,ERR,ERR,ERR,ERR,ERR,ERR,ERR,ERR,ERR,ERR,ERR,ERR,ERR,ERR,ERR,ERR,ERR,ERR,ERR,ERR,ERR,ERR,ERR,ERR,ERR,ERR,ERR,ERR,ERR,ERR,ERR,ERR,ERR,ERR,ERR,ERR,ERR,ERR,ERR,ERR,ERR,ERR,ERR,ERR,ERR,ERR,ERR,ERR,ERR,ERR,ERR,ERR,ERR,ERR,ERR,ERR,ERR,ERR,ERR,ERR,ERR,ERR,0.0,0.0,0.0,0.0,0.0,1.3936040501711995e+18,7.805,0.0,0,0,4,0,7116,0.0,100,0.0,0.0,0.0,0.0,0.0,0,0,0,0,0.0,0,0,0,0,0,0,0,0,0,0,0,0,0,0,0,0,0,0,0,0,0,0,0,0,0,0,0,0,0,0,0,0,0,31,40,40,71,65476,0,300,0,0,8,21553,0.0,-107605600.0,0.0,0.0,0.0,0.0,0.0,0.0,0.0,0.0,0.0,0.0,0.0,0.0,0.0,0.0,0.0,0.0,0.0,0.0,0.0,0.0,-2.004,-0.0,-0.0,-2.004,0.0,0.0,0.0,0.0,6282.0,0.0,6919.0,0.0,0.0,2.7184303811560617e+23,0.0,0.0,0.0,0.0,0.0,69,-4.950431305880601e+32,0.0,0.0,0.0,0.0,0.0,0.0,0.0,0.0,0,0,0,0.0,0.0,0.0,0.0,0.0,0.0,0.0,0.0,0.0,0.0,0.0,0.0,0.0,0.0,0.0,0.0,0,-107875648.0,69,0.0,138,0.0,0.0,0,13107,17040,13107,17049,13107,17043,0,0,0,70,68,100,2.7302359370752657e+23,71.1,0.0,74.2,2.7302370179391762e+23,74.0,1,49,50,180,0,52429,0,0,0.0,0.0,0.0,0.0,-0.0,67.0,0.0,162057.094,0.0,751,0,739,0,0,0,721,0,766,0,736,0,742,0,741,0,712,0,7520,0.032,79456894976.0,0.0,0.0,784,16797,-0.0,162057.094,-114818.039,-0.0,0.133,6.909358625270745e+28,30.0,65.0,35,0.0,0.0,0.0,0.0,0.0,0.0,0.0,0.0,0.0,0.0,0.0,0.0,0.0,0.0,0.0,0.0,69.2,0,150,71,55,65476,0,300,0,1,8,20529,65476,0,0,40632,65.0,0.0,0.0,0.0,0.0,0.0
2026-09-04T20:32:40,ERR,ERR,ERR,ERR,ERR,ERR,ERR,ERR,ERR,ERR,ERR,ERR,ERR,ERR,ERR,ERR,ERR,ERR,ERR,ERR,ERR,ERR,ERR,ERR,ERR,ERR,ERR,ERR,ERR,ERR,ERR,ERR,ERR,ERR,ERR,ERR,ERR,ERR,ERR,ERR,ERR,ERR,ERR,ERR,ERR,ERR,ERR,ERR,ERR,ERR,ERR,ERR,ERR,ERR,ERR,ERR,ERR,ERR,ERR,ERR,ERR,ERR,ERR,ERR,ERR,ERR,ERR,ERR,ERR,ERR,ERR,ERR,ERR,ERR,ERR,ERR,ERR,ERR,ERR,ERR,ERR,ERR,ERR,ERR,ERR,ERR,ERR,ERR,ERR,ERR,ERR,ERR,ERR,ERR,ERR,ERR,ERR,ERR,ERR,ERR,ERR,ERR,ERR,ERR,ERR,ERR,ERR,ERR,ERR,ERR,ERR,ERR,ERR,ERR,ERR,ERR,ERR,ERR,ERR,ERR,ERR,ERR,ERR,ERR,ERR,0.0,0.0,0.0,0.0,0.0,1.3936040501711995e+18,7.805,0.0,0,0,4,0,7116,0.0,100,0.0,0.0,0.0,0.0,0.0,0,0,0,0,0.0,0,0,0,0,0,0,0,0,0,0,0,0,0,0,0,0,0,0,0,0,0,0,0,0,0,0,0,0,0,0,0,0,0,31,40,40,71,65476,0,300,0,0,8,21553,0.0,-107605600.0,0.0,0.0,0.0,0.0,0.0,0.0,0.0,0.0,0.0,0.0,0.0,0.0,0.0,0.0,0.0,0.0,0.0,0.0,0.0,0.0,-2.004,-0.0,-0.0,-2.004,0.0,0.0,0.0,0.0,6282.0,0.0,6919.0,0.0,0.0,2.7184303811560617e+23,0.0,0.0,0.0,0.0,0.0,69,-4.950431305880601e+32,0.0,0.0,0.0,0.0,0.0,0.0,0.0,0.0,0,0,0,0.0,0.0,0.0,0.0,0.0,0.0,0.0,0.0,0.0,0.0,0.0,0.0,0.0,0.0,0.0,0.0,0,-107875648.0,69,0.0,138,0.0,0.0,0,13107,17040,13107,17049,13107,17043,0,0,0,70,68,100,2.7302359370752657e+23,71.2,2.7302370179391762e+23,74.2,2.7302370179391762e+23,74.0,1,49,50,180,0,52429,0,0,0.0,0.0,0.0,0.0,-0.0,67.0,0.0,162057.094,0.0,751,0,739,0,0,0,721,0,766,0,736,0,742,0,741,0,712,0,7520,0.032,78920024064.0,0.0,0.0,784,16797,-0.0,162057.094,-114818.039,-0.0,0.133,6.909358625270745e+28,30.0,65.0,35,0.0,0.0,0.0,0.0,0.0,0.0,0.0,0.0,0.0,0.0,0.0,0.0,0.0,0.0,0.0,0.0,69.2,0,150,71,55,65476,0,300,0,1,8,20529,65476,0,0,40632,65.0,0.0,0.0,0.0,0.0,0.0
2026-09-04T20:32:41,ERR,ERR,ERR,ERR,ERR,ERR,ERR,ERR,ERR,ERR,ERR,ERR,ERR,ERR,ERR,ERR,ERR,ERR,ERR,ERR,ERR,ERR,ERR,ERR,ERR,ERR,ERR,ERR,ERR,ERR,ERR,ERR,ERR,ERR,ERR,ERR,ERR,ERR,ERR,ERR,ERR,ERR,ERR,ERR,ERR,ERR,ERR,ERR,ERR,ERR,ERR,ERR,ERR,ERR,ERR,ERR,ERR,ERR,ERR,ERR,ERR,ERR,ERR,ERR,ERR,ERR,ERR,ERR,ERR,ERR,ERR,ERR,ERR,ERR,ERR,ERR,ERR,ERR,ERR,ERR,ERR,ERR,ERR,ERR,ERR,ERR,ERR,ERR,ERR,ERR,ERR,ERR,ERR,ERR,ERR,ERR,ERR,ERR,ERR,ERR,ERR,ERR,ERR,ERR,ERR,ERR,ERR,ERR,ERR,ERR,ERR,ERR,ERR,ERR,ERR,ERR,ERR,ERR,ERR,ERR,ERR,ERR,ERR,ERR,ERR,0.0,0.0,0.0,0.0,0.0,1.3936040501711995e+18,7.805,0.0,0,0,4,0,7116,0.0,100,0.0,0.0,0.0,0.0,0.0,0,0,0,0,0.0,0,0,0,0,0,0,0,0,0,0,0,0,0,0,0,0,0,0,0,0,0,0,0,0,0,0,0,0,0,0,0,0,0,31,40,40,71,65476,0,300,0,0,8,21553,0.0,-107605600.0,0.0,0.0,0.0,0.0,0.0,0.0,0.0,0.0,0.0,0.0,0.0,0.0,0.0,0.0,0.0,0.0,0.0,0.0,0.0,0.0,-2.004,-0.0,-0.0,-2.004,0.0,0.0,0.0,0.0,6282.0,0.0,6919.0,0.0,0.0,2.7184303811560617e+23,0.0,0.0,0.0,0.0,0.0,69,-4.950431305880601e+32,0.0,0.0,0.0,0.0,0.0,0.0,0.0,0.0,0,0,0,0.0,0.0,0.0,0.0,0.0,0.0,0.0,0.0,0.0,0.0,0.0,0.0,0.0,0.0,0.0,0.0,0,-107875648.0,69,0.0,138,0.0,0.0,0,13107,17040,13107,17049,13107,17043,0,0,0,70,68,100,2.7302359370752657e+23,71.2,2.7302370179391762e+23,74.2,2.7302370179391762e+23,74.0,1,49,50,180,0,52429,0,0,0.0,0.0,0.0,0.0,-0.0,67.0,0.0,162057.094,0.0,751,0,739,0,0,0,721,0,766,0,736,0,742,0,741,0,712,0,7520,0.032,78920024064.0,0.0,0.0,784,16797,-0.0,162057.094,-114818.039,-0.0,0.133,6.909358625270745e+28,30.0,65.0,35,0.0,0.0,0.0,0.0,0.0,0.0,0.0,0.0,0.0,0.0,0.0,0.0,0.0,0.0,0.0,0.0,69.2,0,150,71,55,65476,0,300,0,1,8,20529,65476,0,0,40632,65.0,0.0,0.0,0.0,0.0,0.0
2026-09-04T20:32:42,ERR,ERR,ERR,ERR,ERR,ERR,ERR,ERR,ERR,ERR,ERR,ERR,ERR,ERR,ERR,ERR,ERR,ERR,ERR,ERR,ERR,ERR,ERR,ERR,ERR,ERR,ERR,ERR,ERR,ERR,ERR,ERR,ERR,ERR,ERR,ERR,ERR,ERR,ERR,ERR,ERR,ERR,ERR,ERR,ERR,ERR,ERR,ERR,ERR,ERR,ERR,ERR,ERR,ERR,ERR,ERR,ERR,ERR,ERR,ERR,ERR,ERR,ERR,ERR,ERR,ERR,ERR,ERR,ERR,ERR,ERR,ERR,ERR,ERR,ERR,ERR,ERR,ERR,ERR,ERR,ERR,ERR,ERR,ERR,ERR,ERR,ERR,ERR,ERR,ERR,ERR,ERR,ERR,ERR,ERR,ERR,ERR,ERR,ERR,ERR,ERR,ERR,ERR,ERR,ERR,ERR,ERR,ERR,ERR,ERR,ERR,ERR,ERR,ERR,ERR,ERR,ERR,ERR,ERR,ERR,ERR,ERR,ERR,ERR,ERR,0.0,0.0,0.0,0.0,0.0,1.3936040501711995e+18,7.805,0.0,0,0,4,0,7116,0.0,100,0.0,0.0,0.0,0.0,0.0,0,0,0,0,0.0,0,0,0,0,0,0,0,0,0,0,0,0,0,0,0,0,0,0,0,0,0,0,0,0,0,0,0,0,0,0,0,0,0,31,40,40,71,65476,0,300,0,0,8,21553,0.0,-107605600.0,0.0,0.0,0.0,0.0,0.0,0.0,0.0,0.0,0.0,0.0,0.0,0.0,0.0,0.0,0.0,0.0,0.0,0.0,0.0,0.0,-2.004,-0.0,-0.0,-2.004,0.0,0.0,0.0,0.0,6282.0,0.0,6919.0,0.0,0.0,2.7184303811560617e+23,0.0,0.0,0.0,0.0,0.0,69,-4.950431305880601e+32,0.0,0.0,0.0,0.0,0.0,0.0,0.0,0.0,0,0,0,0.0,0.0,0.0,0.0,0.0,0.0,0.0,0.0,0.0,0.0,0.0,0.0,0.0,0.0,0.0,0.0,0,-107875648.0,69,0.0,138,0.0,0.0,0,13107,17040,13107,17049,13107,17043,0,0,0,70,68,100,2.7302359370752657e+23,71.2,2.7302370179391762e+23,74.2,2.7302370179391762e+23,74.0,1,49,50,180,0,52429,0,0,0.0,0.0,0.0,0.0,-0.0,67.0,0.0,162057.094,0.0,751,0,739,0,0,0,721,0,766,0,736,0,742,0,741,0,712,0,7520,0.032,78920024064.0,0.0,0.0,784,16797,-0.0,162057.094,-114818.039,-0.0,0.133,6.909358625270745e+28,30.0,65.0,35,0.0,0.0,0.0,0.0,0.0,0.0,0.0,0.0,0.0,0.0,0.0,0.0,0.0,0.0,0.0,0.0,69.2,0,150,71,55,65476,0,300,0,1,8,20529,65476,0,0,40632,65.0,0.0,0.0,0.0,0.0,0.0
2026-09-04T20:32:43,ERR,ERR,ERR,ERR,ERR,ERR,ERR,ERR,ERR,ERR,ERR,ERR,ERR,ERR,ERR,ERR,ERR,ERR,ERR,ERR,ERR,ERR,ERR,ERR,ERR,ERR,ERR,ERR,ERR,ERR,ERR,ERR,ERR,ERR,ERR,ERR,ERR,ERR,ERR,ERR,ERR,ERR,ERR,ERR,ERR,ERR,ERR,ERR,ERR,ERR,ERR,ERR,ERR,ERR,ERR,ERR,ERR,ERR,ERR,ERR,ERR,ERR,ERR,ERR,ERR,ERR,ERR,ERR,ERR,ERR,ERR,ERR,ERR,ERR,ERR,ERR,ERR,ERR,ERR,ERR,ERR,ERR,ERR,ERR,ERR,ERR,ERR,ERR,ERR,ERR,ERR,ERR,ERR,ERR,ERR,ERR,ERR,ERR,ERR,ERR,ERR,ERR,ERR,ERR,ERR,ERR,ERR,ERR,ERR,ERR,ERR,ERR,ERR,ERR,ERR,ERR,ERR,ERR,ERR,ERR,ERR,ERR,ERR,ERR,ERR,0.0,0.0,0.0,0.0,0.0,1.3936040501711995e+18,7.805,0.0,0,0,4,0,7116,0.0,100,0.0,0.0,0.0,0.0,0.0,0,0,0,0,0.0,0,0,0,0,0,0,0,0,0,0,0,0,0,0,0,0,0,0,0,0,0,0,0,0,0,0,0,0,0,0,0,0,0,31,40,40,71,65476,0,300,0,0,8,21553,0.0,-107605600.0,0.0,0.0,0.0,0.0,0.0,0.0,0.0,0.0,0.0,0.0,0.0,0.0,0.0,0.0,0.0,0.0,0.0,0.0,0.0,0.0,-2.004,-0.0,-0.0,-2.004,0.0,0.0,0.0,0.0,6283.0,0.0,6916.0,0.0,0.0,2.7184303811560617e+23,0.0,0.0,0.0,0.0,0.0,69,-4.066882747792088e+29,0.0,0.0,0.0,0.0,0.0,0.0,0.0,0.0,0,0,0,0.0,0.0,0.0,0.0,0.0,0.0,0.0,0.0,0.0,0.0,0.0,0.0,0.0,0.0,0.0,0.0,0,-107875648.0,69,0.0,138,0.0,0.0,0,13107,17040,13107,17049,13107,17043,0,0,0,70,68,100,2.7302359370752657e+23,71.2,2.7302370179391762e+23,74.2,2.7302370179391762e+23,74.0,1,49,50,180,0,52429,0,0,0.0,0.0,0.0,0.0,-0.0,67.0,0.0,162057.094,0.0,751,0,739,0,0,0,721,0,766,0,736,0,742,0,741,0,712,0,7520,0.032,78920024064.0,0.0,0.0,784,16797,-0.0,162057.094,-114818.039,-0.0,0.133,6.909358625270745e+28,30.0,65.0,35,0.0,0.0,0.0,0.0,0.0,0.0,0.0,0.0,0.0,0.0,0.0,0.0,0.0,0.0,0.0,0.0,69.2,0,150,71,55,65476,0,300,0,1,8,20529,65476,0,0,40632,65.0,0.0,0.0,0.0,0.0,0.0
2026-09-04T20:32:44,ERR,ERR,ERR,ERR,ERR,ERR,ERR,ERR,ERR,ERR,ERR,ERR,ERR,ERR,ERR,ERR,ERR,ERR,ERR,ERR,ERR,ERR,ERR,ERR,ERR,ERR,ERR,ERR,ERR,ERR,ERR,ERR,ERR,ERR,ERR,ERR,ERR,ERR,ERR,ERR,ERR,ERR,ERR,ERR,ERR,ERR,ERR,ERR,ERR,ERR,ERR,ERR,ERR,ERR,ERR,ERR,ERR,ERR,ERR,ERR,ERR,ERR,ERR,ERR,ERR,ERR,ERR,ERR,ERR,ERR,ERR,ERR,ERR,ERR,ERR,ERR,ERR,ERR,ERR,ERR,ERR,ERR,ERR,ERR,ERR,ERR,ERR,ERR,ERR,ERR,ERR,ERR,ERR,ERR,ERR,ERR,ERR,ERR,ERR,ERR,ERR,ERR,ERR,ERR,ERR,ERR,ERR,ERR,ERR,ERR,ERR,ERR,ERR,ERR,ERR,ERR,ERR,ERR,ERR,ERR,ERR,ERR,ERR,ERR,ERR,0.0,0.0,0.0,0.0,0.0,1.3936040501711995e+18,7.805,0.0,0,0,4,0,7116,0.0,100,0.0,0.0,0.0,0.0,0.0,0,0,0,0,0.0,0,0,0,0,0,0,0,0,0,0,0,0,0,0,0,0,0,0,0,0,0,0,0,0,0,0,0,0,0,0,0,0,0,31,40,40,71,65476,0,300,0,0,8,21553,0.0,-107605600.0,0.0,0.0,0.0,0.0,0.0,0.0,0.0,0.0,0.0,0.0,0.0,0.0,0.0,0.0,0.0,0.0,0.0,0.0,0.0,0.0,-2.004,-0.0,-0.0,-2.004,0.0,0.0,0.0,0.0,6283.0,0.0,6916.0,0.0,0.0,2.7184303811560617e+23,0.0,0.0,0.0,0.0,0.0,69,-4.066882747792088e+29,0.0,0.0,0.0,0.0,0.0,0.0,0.0,0.0,0,0,0,0.0,0.0,0.0,0.0,0.0,0.0,0.0,0.0,0.0,0.0,0.0,0.0,0.0,0.0,0.0,0.0,0,-107875648.0,69,0.0,138,0.0,0.0,0,13107,17040,13107,17049,13107,17043,0,0,0,70,68,100,2.7302359370752657e+23,71.2,2.7302370179391762e+23,74.2,2.7302370179391762e+23,74.0,1,49,50,180,0,52429,0,0,0.0,0.0,0.0,0.0,-0.0,67.0,0.0,162057.094,0.0,751,0,739,0,0,0,721,0,766,0,736,0,742,0,741,0,712,0,7520,0.032,78920024064.0,0.0,0.0,784,16797,-0.0,162057.094,-114818.039,-0.0,0.133,6.909358625270745e+28,30.0,65.0,35,0.0,0.0,0.0,0.0,0.0,0.0,0.0,0.0,0.0,0.0,0.0,0.0,0.0,0.0,0.0,0.0,69.6,0,150,71,55,65476,0,300,0,1,8,20529,65476,0,0,40632,65.0,0.0,0.0,0.0,0.0,0.0
2026-09-04T20:32:45,ERR,ERR,ERR,ERR,ERR,ERR,ERR,ERR,ERR,ERR,ERR,ERR,ERR,ERR,ERR,ERR,ERR,ERR,ERR,ERR,ERR,ERR,ERR,ERR,ERR,ERR,ERR,ERR,ERR,ERR,ERR,ERR,ERR,ERR,ERR,ERR,ERR,ERR,ERR,ERR,ERR,ERR,ERR,ERR,ERR,ERR,ERR,ERR,ERR,ERR,ERR,ERR,ERR,ERR,ERR,ERR,ERR,ERR,ERR,ERR,ERR,ERR,ERR,ERR,ERR,ERR,ERR,ERR,ERR,ERR,ERR,ERR,ERR,ERR,ERR,ERR,ERR,ERR,ERR,ERR,ERR,ERR,ERR,ERR,ERR,ERR,ERR,ERR,ERR,ERR,ERR,ERR,ERR,ERR,ERR,ERR,ERR,ERR,ERR,ERR,ERR,ERR,ERR,ERR,ERR,ERR,ERR,ERR,ERR,ERR,ERR,ERR,ERR,ERR,ERR,ERR,ERR,ERR,ERR,ERR,ERR,ERR,ERR,ERR,ERR,0.0,0.0,0.0,0.0,0.0,1.3936040501711995e+18,7.805,0.0,0,0,4,0,7116,0.0,100,0.0,0.0,0.0,0.0,0.0,0,0,0,0,0.0,0,0,0,0,0,0,0,0,0,0,0,0,0,0,0,0,0,0,0,0,0,0,0,0,0,0,0,0,0,0,0,0,0,31,40,40,71,65476,0,300,0,0,8,21553,0.0,-107605600.0,0.0,0.0,0.0,0.0,0.0,0.0,0.0,0.0,0.0,0.0,0.0,0.0,0.0,0.0,0.0,0.0,0.0,0.0,0.0,0.0,-2.004,-0.0,-0.0,-2.004,0.0,0.0,0.0,0.0,6283.0,0.0,6916.0,0.0,0.0,2.7184303811560617e+23,0.0,0.0,0.0,0.0,0.0,69,-4.066882747792088e+29,0.0,0.0,0.0,0.0,0.0,0.0,0.0,0.0,0,0,0,0.0,0.0,0.0,0.0,0.0,0.0,0.0,0.0,0.0,0.0,0.0,0.0,0.0,0.0,0.0,0.0,0,-107875648.0,69,0.0,138,0.0,0.0,0,13107,17040,13107,17049,13107,17043,0,0,0,70,68,100,2.7302359370752657e+23,71.1,0.0,74.2,2.7302370179391762e+23,74.0,1,49,50,180,13107,52429,0,0,0.0,0.0,0.0,0.0,-0.0,67.0,0.0,162057.094,0.0,750,0,739,0,0,0,721,0,766,0,736,0,742,0,741,0,712,0,7520,0.032,79456894976.0,0.0,0.0,784,16797,-0.0,162057.094,-114818.039,-0.0,0.133,6.909358625270745e+28,30.0,65.0,35,0.0,0.0,0.0,0.0,0.0,0.0,0.0,0.0,0.0,0.0,0.0,0.0,0.0,0.0,0.0,0.0,69.6,0,150,71,55,65476,0,300,0,1,8,20529,65476,0,0,40632,65.0,0.0,0.0,0.0,0.0,0.0
2026-09-04T20:32:46,ERR,ERR,ERR,ERR,ERR,ERR,ERR,ERR,ERR,ERR,ERR,ERR,ERR,ERR,ERR,ERR,ERR,ERR,ERR,ERR,ERR,ERR,ERR,ERR,ERR,ERR,ERR,ERR,ERR,ERR,ERR,ERR,ERR,ERR,ERR,ERR,ERR,ERR,ERR,ERR,ERR,ERR,ERR,ERR,ERR,ERR,ERR,ERR,ERR,ERR,ERR,ERR,ERR,ERR,ERR,ERR,ERR,ERR,ERR,ERR,ERR,ERR,ERR,ERR,ERR,ERR,ERR,ERR,ERR,ERR,ERR,ERR,ERR,ERR,ERR,ERR,ERR,ERR,ERR,ERR,ERR,ERR,ERR,ERR,ERR,ERR,ERR,ERR,ERR,ERR,ERR,ERR,ERR,ERR,ERR,ERR,ERR,ERR,ERR,ERR,ERR,ERR,ERR,ERR,ERR,ERR,ERR,ERR,ERR,ERR,ERR,ERR,ERR,ERR,ERR,ERR,ERR,ERR,ERR,ERR,ERR,ERR,ERR,ERR,ERR,0.0,0.0,0.0,0.0,0.0,1.3936040501711995e+18,7.805,0.0,0,0,4,0,7116,0.0,100,0.0,0.0,0.0,0.0,0.0,0,0,0,0,0.0,0,0,0,0,0,0,0,0,0,0,0,0,0,0,0,0,0,0,0,0,0,0,0,0,0,0,0,0,0,0,0,0,0,31,40,40,71,65476,0,300,0,0,8,21553,0.0,-107605600.0,0.0,0.0,0.0,0.0,0.0,0.0,0.0,0.0,0.0,0.0,0.0,0.0,0.0,0.0,0.0,0.0,0.0,0.0,0.0,0.0,-2.004,-0.0,-0.0,-2.004,0.0,0.0,0.0,0.0,6283.0,0.0,6916.0,0.0,0.0,2.7184303811560617e+23,0.0,0.0,0.0,0.0,0.0,69,-4.066882747792088e+29,0.0,0.0,0.0,0.0,0.0,0.0,0.0,0.0,0,0,0,0.0,0.0,0.0,0.0,0.0,0.0,0.0,0.0,0.0,0.0,0.0,0.0,0.0,0.0,0.0,0.0,0,-107875648.0,69,0.0,138,0.0,0.0,0,13107,17040,13107,17049,13107,17043,0,0,0,70,68,100,2.7302359370752657e+23,71.1,0.0,74.2,2.7302370179391762e+23,74.0,1,49,50,180,13107,52429,0,0,0.0,0.0,0.0,0.0,-0.0,67.0,0.0,162057.094,0.0,750,0,739,0,0,0,721,0,766,0,736,0,742,0,741,0,712,0,7520,0.032,79456894976.0,0.0,0.0,784,16797,-0.0,162057.094,-114818.039,-0.0,0.133,6.909358625270745e+28,30.0,65.0,35,0.0,0.0,0.0,0.0,0.0,0.0,0.0,0.0,0.0,0.0,0.0,0.0,0.0,0.0,0.0,0.0,69.2,0,150,71,55,65476,0,300,0,1,8,20529,65476,0,0,40632,65.0,0.0,0.0,0.0,0.0,0.0
2026-09-04T20:32:47,ERR,ERR,ERR,ERR,ERR,ERR,ERR,ERR,ERR,ERR,ERR,ERR,ERR,ERR,ERR,ERR,ERR,ERR,ERR,ERR,ERR,ERR,ERR,ERR,ERR,ERR,ERR,ERR,ERR,ERR,ERR,ERR,ERR,ERR,ERR,ERR,ERR,ERR,ERR,ERR,ERR,ERR,ERR,ERR,ERR,ERR,ERR,ERR,ERR,ERR,ERR,ERR,ERR,ERR,ERR,ERR,ERR,ERR,ERR,ERR,ERR,ERR,ERR,ERR,ERR,ERR,ERR,ERR,ERR,ERR,ERR,ERR,ERR,ERR,ERR,ERR,ERR,ERR,ERR,ERR,ERR,ERR,ERR,ERR,ERR,ERR,ERR,ERR,ERR,ERR,ERR,ERR,ERR,ERR,ERR,ERR,ERR,ERR,ERR,ERR,ERR,ERR,ERR,ERR,ERR,ERR,ERR,ERR,ERR,ERR,ERR,ERR,ERR,ERR,ERR,ERR,ERR,ERR,ERR,ERR,ERR,ERR,ERR,ERR,ERR,0.0,0.0,0.0,0.0,0.0,1.3936040501711995e+18,7.805,0.0,0,0,4,0,7116,0.0,100,0.0,0.0,0.0,0.0,0.0,0,0,0,0,0.0,0,0,0,0,0,0,0,0,0,0,0,0,0,0,0,0,0,0,0,0,0,0,0,0,0,0,0,0,0,0,0,0,0,31,40,40,71,65476,0,300,0,0,8,21553,0.0,-107605600.0,0.0,0.0,0.0,0.0,0.0,0.0,0.0,0.0,0.0,0.0,0.0,0.0,0.0,0.0,0.0,0.0,0.0,0.0,0.0,0.0,-2.004,-0.0,-0.0,-2.004,0.0,0.0,0.0,0.0,6283.0,0.0,6916.0,0.0,0.0,2.7184303811560617e+23,0.0,0.0,0.0,0.0,0.0,69,-4.066882747792088e+29,0.0,0.0,0.0,0.0,0.0,0.0,0.0,0.0,0,0,0,0.0,0.0,0.0,0.0,0.0,0.0,0.0,0.0,0.0,0.0,0.0,0.0,0.0,0.0,0.0,0.0,0,-107875648.0,69,0.0,138,0.0,0.0,0,13107,17040,13107,17049,13107,17043,0,0,0,70,68,100,2.7302359370752657e+23,71.1,0.0,74.2,2.7302370179391762e+23,74.0,1,49,50,180,13107,52429,0,0,0.0,0.0,0.0,0.0,-0.0,67.0,0.0,162057.094,0.0,750,0,739,0,0,0,721,0,766,0,736,0,742,0,741,0,712,0,7520,0.032,79456894976.0,0.0,0.0,784,16797,-0.0,162057.094,-114818.039,-0.0,0.133,6.909358625270745e+28,30.0,65.0,35,0.0,0.0,0.0,0.0,0.0,0.0,0.0,0.0,0.0,0.0,0.0,0.0,0.0,0.0,0.0,0.0,69.2,0,150,71,55,65476,0,300,0,1,8,20529,65476,0,0,40632,65.0,0.0,0.0,0.0,0.0,0.0
2026-09-04T20:32:48,ERR,ERR,ERR,ERR,ERR,ERR,ERR,ERR,ERR,ERR,ERR,ERR,ERR,ERR,ERR,ERR,ERR,ERR,ERR,ERR,ERR,ERR,ERR,ERR,ERR,ERR,ERR,ERR,ERR,ERR,ERR,ERR,ERR,ERR,ERR,ERR,ERR,ERR,ERR,ERR,ERR,ERR,ERR,ERR,ERR,ERR,ERR,ERR,ERR,ERR,ERR,ERR,ERR,ERR,ERR,ERR,ERR,ERR,ERR,ERR,ERR,ERR,ERR,ERR,ERR,ERR,ERR,ERR,ERR,ERR,ERR,ERR,ERR,ERR,ERR,ERR,ERR,ERR,ERR,ERR,ERR,ERR,ERR,ERR,ERR,ERR,ERR,ERR,ERR,ERR,ERR,ERR,ERR,ERR,ERR,ERR,ERR,ERR,ERR,ERR,ERR,ERR,ERR,ERR,ERR,ERR,ERR,ERR,ERR,ERR,ERR,ERR,ERR,ERR,ERR,ERR,ERR,ERR,ERR,ERR,ERR,ERR,ERR,ERR,ERR,0.0,0.0,0.0,0.0,0.0,1.3936040501711995e+18,7.805,0.0,0,0,4,0,7116,0.0,100,0.0,0.0,0.0,0.0,0.0,0,0,0,0,0.0,0,0,0,0,0,0,0,0,0,0,0,0,0,0,0,0,0,0,0,0,0,0,0,0,0,0,0,0,0,0,0,0,0,31,40,40,71,65476,0,300,0,0,8,21553,0.0,-107605600.0,0.0,0.0,0.0,0.0,0.0,0.0,0.0,0.0,0.0,0.0,0.0,0.0,0.0,0.0,0.0,0.0,0.0,0.0,0.0,0.0,-2.004,-0.0,-0.0,-2.004,0.0,0.0,0.0,0.0,6283.0,0.0,6916.0,0.0,0.0,2.7184303811560617e+23,0.0,0.0,0.0,0.0,0.0,69,-4.066882747792088e+29,0.0,0.0,0.0,0.0,0.0,0.0,0.0,0.0,0,0,0,0.0,0.0,0.0,0.0,0.0,0.0,0.0,0.0,0.0,0.0,0.0,0.0,0.0,0.0,0.0,0.0,0,-107875648.0,69,0.0,138,0.0,0.0,0,13107,17040,13107,17049,13107,17043,0,0,0,70,68,100,2.7302359370752657e+23,71.1,0.0,74.2,2.7302370179391762e+23,74.0,1,49,50,180,13107,52429,0,0,0.0,0.0,0.0,0.0,-0.0,67.0,0.0,162057.094,0.0,750,0,739,0,0,0,721,0,766,0,736,0,742,0,741,0,712,0,7520,0.032,79456894976.0,0.0,0.0,784,16797,-0.0,162057.094,-114818.039,-0.0,0.133,6.909358625270745e+28,30.0,65.0,35,0.0,0.0,0.0,0.0,0.0,0.0,0.0,0.0,0.0,0.0,0.0,0.0,0.0,0.0,0.0,0.0,69.2,0,150,71,55,65476,0,300,0,1,8,20529,65476,0,0,40632,65.0,0.0,0.0,0.0,0.0,0.0
2026-09-04T20:32:49,ERR,ERR,ERR,ERR,ERR,ERR,ERR,ERR,ERR,ERR,ERR,ERR,ERR,ERR,ERR,ERR,ERR,ERR,ERR,ERR,ERR,ERR,ERR,ERR,ERR,ERR,ERR,ERR,ERR,ERR,ERR,ERR,ERR,ERR,ERR,ERR,ERR,ERR,ERR,ERR,ERR,ERR,ERR,ERR,ERR,ERR,ERR,ERR,ERR,ERR,ERR,ERR,ERR,ERR,ERR,ERR,ERR,ERR,ERR,ERR,ERR,ERR,ERR,ERR,ERR,ERR,ERR,ERR,ERR,ERR,ERR,ERR,ERR,ERR,ERR,ERR,ERR,ERR,ERR,ERR,ERR,ERR,ERR,ERR,ERR,ERR,ERR,ERR,ERR,ERR,ERR,ERR,ERR,ERR,ERR,ERR,ERR,ERR,ERR,ERR,ERR,ERR,ERR,ERR,ERR,ERR,ERR,ERR,ERR,ERR,ERR,ERR,ERR,ERR,ERR,ERR,ERR,ERR,ERR,ERR,ERR,ERR,ERR,ERR,ERR,0.0,0.0,0.0,0.0,0.0,1.3936040501711995e+18,7.805,0.0,0,0,4,0,7116,0.0,100,0.0,0.0,0.0,0.0,0.0,0,0,0,0,0.0,0,0,0,0,0,0,0,0,0,0,0,0,0,0,0,0,0,0,0,0,0,0,0,0,0,0,0,0,0,0,0,0,0,31,40,40,71,65476,0,300,0,0,8,21553,0.0,-107605600.0,0.0,0.0,0.0,0.0,0.0,0.0,0.0,0.0,0.0,0.0,0.0,0.0,0.0,0.0,0.0,0.0,0.0,0.0,0.0,0.0,-2.004,-0.0,-0.0,-2.004,0.0,0.0,0.0,0.0,6283.0,0.0,6916.0,0.0,0.0,2.7184303811560617e+23,0.0,0.0,0.0,0.0,0.0,69,-4.066882747792088e+29,0.0,0.0,0.0,0.0,0.0,0.0,0.0,0.0,0,0,0,0.0,0.0,0.0,0.0,0.0,0.0,0.0,0.0,0.0,0.0,0.0,0.0,0.0,0.0,0.0,0.0,0,-107875648.0,69,0.0,138,0.0,0.0,0,13107,17040,13107,17049,13107,17043,0,0,0,70,68,100,2.7302359370752657e+23,71.1,0.0,74.2,2.7302370179391762e+23,74.0,1,49,50,180,13107,52429,0,0,0.0,0.0,0.0,0.0,-0.0,67.0,0.0,162057.094,0.0,750,0,739,0,0,0,721,0,766,0,736,0,742,0,741,0,712,0,7520,0.032,79456894976.0,0.0,0.0,784,16797,-0.0,162057.094,-114818.039,-0.0,0.133,6.909358625270745e+28,30.0,65.0,35,0.0,0.0,0.0,0.0,0.0,0.0,0.0,0.0,0.0,0.0,0.0,0.0,0.0,0.0,0.0,0.0,69.2,0,150,71,55,65476,0,300,0,1,8,20529,65476,0,0,40632,65.0,0.0,0.0,0.0,0.0,0.0
2026-09-04T20:32:50,ERR,ERR,ERR,ERR,ERR,ERR,ERR,ERR,ERR,ERR,ERR,ERR,ERR,ERR,ERR,ERR,ERR,ERR,ERR,ERR,ERR,ERR,ERR,ERR,ERR,ERR,ERR,ERR,ERR,ERR,ERR,ERR,ERR,ERR,ERR,ERR,ERR,ERR,ERR,ERR,ERR,ERR,ERR,ERR,ERR,ERR,ERR,ERR,ERR,ERR,ERR,ERR,ERR,ERR,ERR,ERR,ERR,ERR,ERR,ERR,ERR,ERR,ERR,ERR,ERR,ERR,ERR,ERR,ERR,ERR,ERR,ERR,ERR,ERR,ERR,ERR,ERR,ERR,ERR,ERR,ERR,ERR,ERR,ERR,ERR,ERR,ERR,ERR,ERR,ERR,ERR,ERR,ERR,ERR,ERR,ERR,ERR,ERR,ERR,ERR,ERR,ERR,ERR,ERR,ERR,ERR,ERR,ERR,ERR,ERR,ERR,ERR,ERR,ERR,ERR,ERR,ERR,ERR,ERR,ERR,ERR,ERR,ERR,ERR,ERR,0.0,0.0,0.0,0.0,0.0,1.3936040501711995e+18,7.805,0.0,0,0,4,0,7116,0.0,100,0.0,0.0,0.0,0.0,0.0,0,0,0,0,0.0,0,0,0,0,0,0,0,0,0,0,0,0,0,0,0,0,0,0,0,0,0,0,0,0,0,0,0,0,0,0,0,0,0,31,40,40,71,65476,0,300,0,0,8,21553,0.0,-107605600.0,0.0,0.0,0.0,0.0,0.0,0.0,0.0,0.0,0.0,0.0,0.0,0.0,0.0,0.0,0.0,0.0,0.0,0.0,0.0,0.0,-2.004,-0.0,-0.0,-2.004,0.0,0.0,0.0,0.0,6288.0,-0.0,6929.0,0.0,0.0,2.7184303811560617e+23,0.0,0.0,0.0,0.0,0.0,69,0.0,-0.0,0.0,0.0,0.0,0.0,0.0,0.0,0.0,0,0,0,0.0,0.0,0.0,0.0,0.0,0.0,0.0,0.0,0.0,0.0,0.0,0.0,0.0,0.0,0.0,0.0,0,-107875648.0,69,0.0,138,0.0,0.0,0,13107,17040,13107,17049,13107,17043,0,0,0,70,68,100,2.7302359370752657e+23,71.1,0.0,74.2,2.7302370179391762e+23,74.0,1,49,50,180,13107,52429,0,0,0.0,0.0,0.0,0.0,-0.0,67.0,0.0,162057.094,0.0,750,0,739,0,0,0,721,0,766,0,736,0,742,0,741,0,712,0,7520,0.032,79456894976.0,0.0,0.0,784,16797,-0.0,162057.094,-114818.039,-0.0,0.133,6.909358625270745e+28,30.0,65.0,35,0.0,0.0,0.0,0.0,0.0,0.0,0.0,0.0,0.0,0.0,0.0,0.0,0.0,0.0,0.0,0.0,69.2,0,150,71,55,65476,0,300,0,1,8,20529,65476,0,0,40632,65.0,0.0,0.0,0.0,0.0,0.0
2026-09-04T20:32:51,ERR,ERR,ERR,ERR,ERR,ERR,ERR,ERR,ERR,ERR,ERR,ERR,ERR,ERR,ERR,ERR,ERR,ERR,ERR,ERR,ERR,ERR,ERR,ERR,ERR,ERR,ERR,ERR,ERR,ERR,ERR,ERR,ERR,ERR,ERR,ERR,ERR,ERR,ERR,ERR,ERR,ERR,ERR,ERR,ERR,ERR,ERR,ERR,ERR,ERR,ERR,ERR,ERR,ERR,ERR,ERR,ERR,ERR,ERR,ERR,ERR,ERR,ERR,ERR,ERR,ERR,ERR,ERR,ERR,ERR,ERR,ERR,ERR,ERR,ERR,ERR,ERR,ERR,ERR,ERR,ERR,ERR,ERR,ERR,ERR,ERR,ERR,ERR,ERR,ERR,ERR,ERR,ERR,ERR,ERR,ERR,ERR,ERR,ERR,ERR,ERR,ERR,ERR,ERR,ERR,ERR,ERR,ERR,ERR,ERR,ERR,ERR,ERR,ERR,ERR,ERR,ERR,ERR,ERR,ERR,ERR,ERR,ERR,ERR,ERR,0.0,0.0,0.0,0.0,0.0,1.3936040501711995e+18,7.805,0.0,0,0,4,0,7116,0.0,100,0.0,0.0,0.0,0.0,0.0,0,0,0,0,0.0,0,0,0,0,0,0,0,0,0,0,0,0,0,0,0,0,0,0,0,0,0,0,0,0,0,0,0,0,0,0,0,0,0,31,40,40,71,65476,0,300,0,0,8,21553,0.0,-107605600.0,0.0,0.0,0.0,0.0,0.0,0.0,0.0,0.0,0.0,0.0,0.0,0.0,0.0,0.0,0.0,0.0,0.0,0.0,0.0,0.0,-2.004,-0.0,-0.0,-2.004,0.0,0.0,0.0,0.0,6288.0,-0.0,6929.0,0.0,0.0,2.7184303811560617e+23,0.0,0.0,0.0,0.0,0.0,69,0.0,-0.0,0.0,0.0,0.0,0.0,0.0,0.0,0.0,0,0,0,0.0,0.0,0.0,0.0,0.0,0.0,0.0,0.0,0.0,0.0,0.0,0.0,0.0,0.0,0.0,0.0,0,-107875648.0,69,0.0,138,0.0,0.0,0,13107,17040,13107,17049,13107,17043,0,0,0,70,68,100,2.7302359370752657e+23,71.1,0.0,74.2,2.7302370179391762e+23,74.0,1,49,50,180,13107,52429,0,0,0.0,0.0,0.0,0.0,-0.0,67.0,0.0,162057.094,0.0,751,0,739,0,0,0,721,0,766,0,736,0,742,0,741,0,712,0,7520,0.032,79993765888.0,0.0,0.0,784,16797,-0.0,162057.094,-114818.039,-0.0,0.133,6.909358625270745e+28,30.0,65.0,35,0.0,0.0,0.0,0.0,0.0,0.0,0.0,0.0,0.0,0.0,0.0,0.0,0.0,0.0,0.0,0.0,69.2,0,150,71,55,65476,0,300,0,1,8,20529,65476,0,0,40632,65.0,0.0,0.0,0.0,0.0,0.0
2026-09-04T20:32:52,ERR,ERR,ERR,ERR,ERR,ERR,ERR,ERR,ERR,ERR,ERR,ERR,ERR,ERR,ERR,ERR,ERR,ERR,ERR,ERR,ERR,ERR,ERR,ERR,ERR,ERR,ERR,ERR,ERR,ERR,ERR,ERR,ERR,ERR,ERR,ERR,ERR,ERR,ERR,ERR,ERR,ERR,ERR,ERR,ERR,ERR,ERR,ERR,ERR,ERR,ERR,ERR,ERR,ERR,ERR,ERR,ERR,ERR,ERR,ERR,ERR,ERR,ERR,ERR,ERR,ERR,ERR,ERR,ERR,ERR,ERR,ERR,ERR,ERR,ERR,ERR,ERR,ERR,ERR,ERR,ERR,ERR,ERR,ERR,ERR,ERR,ERR,ERR,ERR,ERR,ERR,ERR,ERR,ERR,ERR,ERR,ERR,ERR,ERR,ERR,ERR,ERR,ERR,ERR,ERR,ERR,ERR,ERR,ERR,ERR,ERR,ERR,ERR,ERR,ERR,ERR,ERR,ERR,ERR,ERR,ERR,ERR,ERR,ERR,ERR,0.0,0.0,0.0,0.0,0.0,1.3936040501711995e+18,7.805,0.0,0,0,4,0,7116,0.0,100,0.0,0.0,0.0,0.0,0.0,0,0,0,0,0.0,0,0,0,0,0,0,0,0,0,0,0,0,0,0,0,0,0,0,0,0,0,0,0,0,0,0,0,0,0,0,0,0,0,31,40,40,71,65476,0,300,0,0,8,21553,0.0,-107605600.0,0.0,0.0,0.0,0.0,0.0,0.0,0.0,0.0,0.0,0.0,0.0,0.0,0.0,0.0,0.0,0.0,0.0,0.0,0.0,0.0,-2.004,-0.0,-0.0,-2.004,0.0,0.0,0.0,0.0,6288.0,-0.0,6929.0,0.0,0.0,2.7184303811560617e+23,0.0,0.0,0.0,0.0,0.0,69,0.0,-0.0,0.0,0.0,0.0,0.0,0.0,0.0,0.0,0,0,0,0.0,0.0,0.0,0.0,0.0,0.0,0.0,0.0,0.0,0.0,0.0,0.0,0.0,0.0,0.0,0.0,0,-107875648.0,69,0.0,138,0.0,0.0,0,13107,17040,13107,17049,13107,17043,0,0,0,70,68,100,2.7302359370752657e+23,71.1,0.0,74.2,2.7302370179391762e+23,74.0,1,49,50,180,13107,52429,0,0,0.0,0.0,0.0,0.0,-0.0,67.0,0.0,162057.094,0.0,751,0,739,0,0,0,721,0,766,0,736,0,742,0,741,0,712,0,7520,0.032,79993765888.0,0.0,0.0,784,16797,-0.0,162057.094,-114818.039,-0.0,0.133,6.909358625270745e+28,30.0,65.0,35,0.0,0.0,0.0,0.0,0.0,0.0,0.0,0.0,0.0,0.0,0.0,0.0,0.0,0.0,0.0,0.0,69.2,0,150,71,55,65476,0,300,0,1,8,20529,65476,0,0,40632,65.0,0.0,0.0,0.0,0.0,0.0
2026-09-04T20:32:53,ERR,ERR,ERR,ERR,ERR,ERR,ERR,ERR,ERR,ERR,ERR,ERR,ERR,ERR,ERR,ERR,ERR,ERR,ERR,ERR,ERR,ERR,ERR,ERR,ERR,ERR,ERR,ERR,ERR,ERR,ERR,ERR,ERR,ERR,ERR,ERR,ERR,ERR,ERR,ERR,ERR,ERR,ERR,ERR,ERR,ERR,ERR,ERR,ERR,ERR,ERR,ERR,ERR,ERR,ERR,ERR,ERR,ERR,ERR,ERR,ERR,ERR,ERR,ERR,ERR,ERR,ERR,ERR,ERR,ERR,ERR,ERR,ERR,ERR,ERR,ERR,ERR,ERR,ERR,ERR,ERR,ERR,ERR,ERR,ERR,ERR,ERR,ERR,ERR,ERR,ERR,ERR,ERR,ERR,ERR,ERR,ERR,ERR,ERR,ERR,ERR,ERR,ERR,ERR,ERR,ERR,ERR,ERR,ERR,ERR,ERR,ERR,ERR,ERR,ERR,ERR,ERR,ERR,ERR,ERR,ERR,ERR,ERR,ERR,ERR,0.0,0.0,0.0,0.0,0.0,1.3936040501711995e+18,7.805,0.0,0,0,4,0,7116,0.0,100,0.0,0.0,0.0,0.0,0.0,0,0,0,0,0.0,0,0,0,0,0,0,0,0,0,0,0,0,0,0,0,0,0,0,0,0,0,0,0,0,0,0,0,0,0,0,0,0,0,31,40,40,71,65476,0,300,0,0,8,21553,0.0,-107605600.0,0.0,0.0,0.0,0.0,0.0,0.0,0.0,0.0,0.0,0.0,0.0,0.0,0.0,0.0,0.0,0.0,0.0,0.0,0.0,0.0,-2.004,-0.0,-0.0,-2.004,0.0,0.0,0.0,0.0,6288.0,-0.0,6929.0,0.0,0.0,2.7184303811560617e+23,0.0,0.0,0.0,0.0,0.0,69,0.0,-0.0,0.0,0.0,0.0,0.0,0.0,0.0,0.0,0,0,0,0.0,0.0,0.0,0.0,0.0,0.0,0.0,0.0,0.0,0.0,0.0,0.0,0.0,0.0,0.0,0.0,0,-107875648.0,69,0.0,138,0.0,0.0,0,13107,17040,13107,17049,13107,17043,0,0,0,70,68,100,2.7302359370752657e+23,71.1,0.0,74.2,2.7302370179391762e+23,74.0,1,49,50,180,13107,52429,0,0,0.0,0.0,0.0,0.0,-0.0,67.0,0.0,162057.094,0.0,751,0,739,0,0,0,721,0,766,0,736,0,742,0,741,0,712,0,7520,0.032,79993765888.0,0.0,0.0,784,16797,-0.0,162057.094,-114818.039,-0.0,0.133,6.909358625270745e+28,30.0,65.0,35,0.0,0.0,0.0,0.0,0.0,0.0,0.0,0.0,0.0,0.0,0.0,0.0,0.0,0.0,0.0,0.0,69.2,0,150,71,55,65476,0,300,0,1,8,20529,65476,0,0,40632,65.0,0.0,0.0,0.0,0.0,0.0
2026-09-04T20:32:54,ERR,ERR,ERR,ERR,ERR,ERR,ERR,ERR,ERR,ERR,ERR,ERR,ERR,ERR,ERR,ERR,ERR,ERR,ERR,ERR,ERR,ERR,ERR,ERR,ERR,ERR,ERR,ERR,ERR,ERR,ERR,ERR,ERR,ERR,ERR,ERR,ERR,ERR,ERR,ERR,ERR,ERR,ERR,ERR,ERR,ERR,ERR,ERR,ERR,ERR,ERR,ERR,ERR,ERR,ERR,ERR,ERR,ERR,ERR,ERR,ERR,ERR,ERR,ERR,ERR,ERR,ERR,ERR,ERR,ERR,ERR,ERR,ERR,ERR,ERR,ERR,ERR,ERR,ERR,ERR,ERR,ERR,ERR,ERR,ERR,ERR,ERR,ERR,ERR,ERR,ERR,ERR,ERR,ERR,ERR,ERR,ERR,ERR,ERR,ERR,ERR,ERR,ERR,ERR,ERR,ERR,ERR,ERR,ERR,ERR,ERR,ERR,ERR,ERR,ERR,ERR,ERR,ERR,ERR,ERR,ERR,ERR,ERR,ERR,ERR,0.0,0.0,0.0,0.0,0.0,1.3936040501711995e+18,7.805,0.0,0,0,4,0,7116,0.0,100,0.0,0.0,0.0,0.0,0.0,0,0,0,0,0.0,0,0,0,0,0,0,0,0,0,0,0,0,0,0,0,0,0,0,0,0,0,0,0,0,0,0,0,0,0,0,0,0,0,31,40,40,71,65476,0,300,0,0,8,21553,0.0,-107605600.0,0.0,0.0,0.0,0.0,0.0,0.0,0.0,0.0,0.0,0.0,0.0,0.0,0.0,0.0,0.0,0.0,0.0,0.0,0.0,0.0,-2.004,-0.0,-0.0,-2.004,0.0,0.0,0.0,0.0,6288.0,-0.0,6929.0,0.0,0.0,2.7184303811560617e+23,0.0,0.0,0.0,0.0,0.0,69,0.0,-0.0,0.0,0.0,0.0,0.0,0.0,0.0,0.0,0,0,0,0.0,0.0,0.0,0.0,0.0,0.0,0.0,0.0,0.0,0.0,0.0,0.0,0.0,0.0,0.0,0.0,0,-107875648.0,69,0.0,138,0.0,0.0,0,13107,17040,13107,17049,13107,17043,0,0,0,70,68,100,2.7302359370752657e+23,71.1,0.0,74.2,2.7302370179391762e+23,74.0,1,49,50,180,13107,52429,0,0,0.0,0.0,0.0,0.0,-0.0,67.0,0.0,162057.094,0.0,751,0,739,0,0,0,721,0,766,0,736,0,742,0,741,0,712,0,7520,0.032,79993765888.0,0.0,0.0,784,16797,-0.0,162057.094,-114818.039,-0.0,0.133,6.909358625270745e+28,30.0,65.0,35,0.0,0.0,0.0,0.0,0.0,0.0,0.0,0.0,0.0,0.0,0.0,0.0,0.0,0.0,0.0,0.0,69.2,0,150,71,55,65476,0,300,0,1,8,20529,65476,0,0,40632,65.0,0.0,0.0,0.0,0.0,0.0
2026-09-04T20:32:55,ERR,ERR,ERR,ERR,ERR,ERR,ERR,ERR,ERR,ERR,ERR,ERR,ERR,ERR,ERR,ERR,ERR,ERR,ERR,ERR,ERR,ERR,ERR,ERR,ERR,ERR,ERR,ERR,ERR,ERR,ERR,ERR,ERR,ERR,ERR,ERR,ERR,ERR,ERR,ERR,ERR,ERR,ERR,ERR,ERR,ERR,ERR,ERR,ERR,ERR,ERR,ERR,ERR,ERR,ERR,ERR,ERR,ERR,ERR,ERR,ERR,ERR,ERR,ERR,ERR,ERR,ERR,ERR,ERR,ERR,ERR,ERR,ERR,ERR,ERR,ERR,ERR,ERR,ERR,ERR,ERR,ERR,ERR,ERR,ERR,ERR,ERR,ERR,ERR,ERR,ERR,ERR,ERR,ERR,ERR,ERR,ERR,ERR,ERR,ERR,ERR,ERR,ERR,ERR,ERR,ERR,ERR,ERR,ERR,ERR,ERR,ERR,ERR,ERR,ERR,ERR,ERR,ERR,ERR,ERR,ERR,ERR,ERR,ERR,ERR,0.0,0.0,0.0,0.0,0.0,1.3936040501711995e+18,7.805,0.0,0,0,4,0,7116,0.0,100,0.0,0.0,0.0,0.0,0.0,0,0,0,0,0.0,0,0,0,0,0,0,0,0,0,0,0,0,0,0,0,0,0,0,0,0,0,0,0,0,0,0,0,0,0,0,0,0,0,31,40,40,71,65476,0,300,0,0,8,21553,0.0,-107605600.0,0.0,0.0,0.0,0.0,0.0,0.0,0.0,0.0,0.0,0.0,0.0,0.0,0.0,0.0,0.0,0.0,0.0,0.0,0.0,0.0,-2.004,-0.0,-0.0,-2.004,0.0,0.0,0.0,0.0,6288.0,-0.0,6929.0,0.0,0.0,2.7184303811560617e+23,0.0,0.0,0.0,0.0,0.0,69,0.0,-0.0,0.0,0.0,0.0,0.0,0.0,0.0,0.0,0,0,0,0.0,0.0,0.0,0.0,0.0,0.0,0.0,0.0,0.0,0.0,0.0,0.0,0.0,0.0,0.0,0.0,0,-107875648.0,69,0.0,138,0.0,0.0,0,13107,17040,13107,17049,13107,17043,0,0,0,70,68,100,2.7302359370752657e+23,71.1,0.0,74.2,2.7302370179391762e+23,74.0,1,49,50,180,0,52429,0,0,0.0,0.0,0.0,0.0,-0.0,67.0,0.0,162057.094,0.0,751,0,739,0,0,0,721,0,766,0,736,0,742,0,741,0,712,0,7520,0.032,79456894976.0,0.0,0.0,784,16797,-0.0,162057.094,-114818.039,-0.0,0.133,6.909358625270745e+28,30.0,65.0,35,0.0,0.0,0.0,0.0,0.0,0.0,0.0,0.0,0.0,0.0,0.0,0.0,0.0,0.0,0.0,0.0,69.6,0,150,71,55,65476,0,300,0,1,8,20529,65476,0,0,40632,65.0,0.0,0.0,0.0,0.0,0.0
2026-09-04T20:32:56,ERR,ERR,ERR,ERR,ERR,ERR,ERR,ERR,ERR,ERR,ERR,ERR,ERR,ERR,ERR,ERR,ERR,ERR,ERR,ERR,ERR,ERR,ERR,ERR,ERR,ERR,ERR,ERR,ERR,ERR,ERR,ERR,ERR,ERR,ERR,ERR,ERR,ERR,ERR,ERR,ERR,ERR,ERR,ERR,ERR,ERR,ERR,ERR,ERR,ERR,ERR,ERR,ERR,ERR,ERR,ERR,ERR,ERR,ERR,ERR,ERR,ERR,ERR,ERR,ERR,ERR,ERR,ERR,ERR,ERR,ERR,ERR,ERR,ERR,ERR,ERR,ERR,ERR,ERR,ERR,ERR,ERR,ERR,ERR,ERR,ERR,ERR,ERR,ERR,ERR,ERR,ERR,ERR,ERR,ERR,ERR,ERR,ERR,ERR,ERR,ERR,ERR,ERR,ERR,ERR,ERR,ERR,ERR,ERR,ERR,ERR,ERR,ERR,ERR,ERR,ERR,ERR,ERR,ERR,ERR,ERR,ERR,ERR,ERR,ERR,0.0,0.0,0.0,0.0,0.0,1.3936040501711995e+18,7.805,0.0,0,0,4,0,7116,0.0,100,0.0,0.0,0.0,0.0,0.0,0,0,0,0,0.0,0,0,0,0,0,0,0,0,0,0,0,0,0,0,0,0,0,0,0,0,0,0,0,0,0,0,0,0,0,0,0,0,0,31,40,40,71,65476,0,300,0,0,8,21553,0.0,-107605600.0,0.0,0.0,0.0,0.0,0.0,0.0,0.0,0.0,0.0,0.0,0.0,0.0,0.0,0.0,0.0,0.0,0.0,0.0,0.0,0.0,-2.004,-0.0,-0.0,-2.004,0.0,0.0,0.0,0.0,6287.0,0.0,6915.0,0.0,0.0,2.7184303811560617e+23,0.0,0.0,0.0,0.0,0.0,69,0.0,0.0,0.0,0.0,0.0,0.0,0.0,0.0,0.0,0,0,0,0.0,0.0,0.0,0.0,0.0,0.0,0.0,0.0,0.0,0.0,0.0,0.0,0.0,0.0,0.0,0.0,0,-107875648.0,69,0.0,138,0.0,0.0,0,13107,17040,13107,17049,13107,17043,0,0,0,70,68,100,2.7302359370752657e+23,71.1,0.0,74.2,2.7302370179391762e+23,74.0,1,49,50,180,0,52429,0,0,0.0,0.0,0.0,0.0,-0.0,67.0,0.0,162057.094,0.0,751,0,739,0,0,0,721,0,766,0,736,0,742,0,741,0,712,0,7520,0.032,79456894976.0,0.0,0.0,784,16797,-0.0,162057.094,-114818.039,-0.0,0.133,6.909358625270745e+28,30.0,65.0,35,0.0,0.0,0.0,0.0,0.0,0.0,0.0,0.0,0.0,0.0,0.0,0.0,0.0,0.0,0.0,0.0,69.6,0,150,71,55,65476,0,300,0,1,8,20529,65476,0,0,40632,65.0,0.0,0.0,0.0,0.0,0.0
2026-09-04T20:32:57,ERR,ERR,ERR,ERR,ERR,ERR,ERR,ERR,ERR,ERR,ERR,ERR,ERR,ERR,ERR,ERR,ERR,ERR,ERR,ERR,ERR,ERR,ERR,ERR,ERR,ERR,ERR,ERR,ERR,ERR,ERR,ERR,ERR,ERR,ERR,ERR,ERR,ERR,ERR,ERR,ERR,ERR,ERR,ERR,ERR,ERR,ERR,ERR,ERR,ERR,ERR,ERR,ERR,ERR,ERR,ERR,ERR,ERR,ERR,ERR,ERR,ERR,ERR,ERR,ERR,ERR,ERR,ERR,ERR,ERR,ERR,ERR,ERR,ERR,ERR,ERR,ERR,ERR,ERR,ERR,ERR,ERR,ERR,ERR,ERR,ERR,ERR,ERR,ERR,ERR,ERR,ERR,ERR,ERR,ERR,ERR,ERR,ERR,ERR,ERR,ERR,ERR,ERR,ERR,ERR,ERR,ERR,ERR,ERR,ERR,ERR,ERR,ERR,ERR,ERR,ERR,ERR,ERR,ERR,ERR,ERR,ERR,ERR,ERR,ERR,0.0,0.0,0.0,0.0,0.0,1.3936040501711995e+18,7.805,0.0,0,0,4,0,7116,0.0,100,0.0,0.0,0.0,0.0,0.0,0,0,0,0,0.0,0,0,0,0,0,0,0,0,0,0,0,0,0,0,0,0,0,0,0,0,0,0,0,0,0,0,0,0,0,0,0,0,0,31,40,40,71,65476,0,300,0,0,8,21553,0.0,-107605600.0,0.0,0.0,0.0,0.0,0.0,0.0,0.0,0.0,0.0,0.0,0.0,0.0,0.0,0.0,0.0,0.0,0.0,0.0,0.0,0.0,-2.004,-0.0,-0.0,-2.004,0.0,0.0,0.0,0.0,6287.0,0.0,6915.0,0.0,0.0,2.7184303811560617e+23,0.0,0.0,0.0,0.0,0.0,69,0.0,0.0,0.0,0.0,0.0,0.0,0.0,0.0,0.0,0,0,0,0.0,0.0,0.0,0.0,0.0,0.0,0.0,0.0,0.0,0.0,0.0,0.0,0.0,0.0,0.0,0.0,0,-107875648.0,69,0.0,138,0.0,0.0,0,13107,17040,13107,17049,13107,17043,0,0,0,70,68,100,2.7302359370752657e+23,71.1,0.0,74.2,2.7302370179391762e+23,74.0,1,49,50,180,0,52429,0,0,0.0,0.0,0.0,0.0,-0.0,67.0,0.0,162057.094,0.0,751,0,739,0,0,0,721,0,766,0,736,0,742,0,741,0,712,0,7520,0.032,79456894976.0,0.0,0.0,784,16797,-0.0,162057.094,-114818.039,-0.0,0.133,6.909358625270745e+28,30.0,65.0,35,0.0,0.0,0.0,0.0,0.0,0.0,0.0,0.0,0.0,0.0,0.0,0.0,0.0,0.0,0.0,0.0,69.6,0,150,71,55,65476,0,300,0,1,8,20529,65476,0,0,40632,65.0,0.0,0.0,0.0,0.0,0.0
2026-09-04T20:32:58,ERR,ERR,ERR,ERR,ERR,ERR,ERR,ERR,ERR,ERR,ERR,ERR,ERR,ERR,ERR,ERR,ERR,ERR,ERR,ERR,ERR,ERR,ERR,ERR,ERR,ERR,ERR,ERR,ERR,ERR,ERR,ERR,ERR,ERR,ERR,ERR,ERR,ERR,ERR,ERR,ERR,ERR,ERR,ERR,ERR,ERR,ERR,ERR,ERR,ERR,ERR,ERR,ERR,ERR,ERR,ERR,ERR,ERR,ERR,ERR,ERR,ERR,ERR,ERR,ERR,ERR,ERR,ERR,ERR,ERR,ERR,ERR,ERR,ERR,ERR,ERR,ERR,ERR,ERR,ERR,ERR,ERR,ERR,ERR,ERR,ERR,ERR,ERR,ERR,ERR,ERR,ERR,ERR,ERR,ERR,ERR,ERR,ERR,ERR,ERR,ERR,ERR,ERR,ERR,ERR,ERR,ERR,ERR,ERR,ERR,ERR,ERR,ERR,ERR,ERR,ERR,ERR,ERR,ERR,ERR,ERR,ERR,ERR,ERR,ERR,0.0,0.0,0.0,0.0,0.0,1.3936040501711995e+18,7.805,0.0,0,0,4,0,7116,0.0,100,0.0,0.0,0.0,0.0,0.0,0,0,0,0,0.0,0,0,0,0,0,0,0,0,0,0,0,0,0,0,0,0,0,0,0,0,0,0,0,0,0,0,0,0,0,0,0,0,0,31,40,40,71,65476,0,300,0,0,8,21553,0.0,-107605600.0,0.0,0.0,0.0,0.0,0.0,0.0,0.0,0.0,0.0,0.0,0.0,0.0,0.0,0.0,0.0,0.0,0.0,0.0,0.0,0.0,-2.004,-0.0,-0.0,-2.004,0.0,0.0,0.0,0.0,6287.0,0.0,6915.0,0.0,0.0,2.7184303811560617e+23,0.0,0.0,0.0,0.0,0.0,69,0.0,0.0,0.0,0.0,0.0,0.0,0.0,0.0,0.0,0,0,0,0.0,0.0,0.0,0.0,0.0,0.0,0.0,0.0,0.0,0.0,0.0,0.0,0.0,0.0,0.0,0.0,0,-107875648.0,69,0.0,138,0.0,0.0,0,13107,17040,13107,17049,13107,17043,0,0,0,70,68,100,2.7302359370752657e+23,71.1,0.0,74.2,2.7302370179391762e+23,74.0,1,49,50,180,0,52429,0,0,0.0,0.0,0.0,0.0,-0.0,67.0,0.0,162057.094,0.0,751,0,739,0,0,0,721,0,766,0,736,0,742,0,741,0,712,0,7520,0.032,79456894976.0,0.0,0.0,784,16797,-0.0,162057.094,-114818.039,-0.0,0.133,6.909358625270745e+28,30.0,65.0,35,0.0,0.0,0.0,0.0,0.0,0.0,0.0,0.0,0.0,0.0,0.0,0.0,0.0,0.0,0.0,0.0,69.2,0,150,71,55,65476,0,300,0,1,8,20529,65476,0,0,40632,65.0,0.0,0.0,0.0,0.0,0.0
2026-09-04T20:32:59,ERR,ERR,ERR,ERR,ERR,ERR,ERR,ERR,ERR,ERR,ERR,ERR,ERR,ERR,ERR,ERR,ERR,ERR,ERR,ERR,ERR,ERR,ERR,ERR,ERR,ERR,ERR,ERR,ERR,ERR,ERR,ERR,ERR,ERR,ERR,ERR,ERR,ERR,ERR,ERR,ERR,ERR,ERR,ERR,ERR,ERR,ERR,ERR,ERR,ERR,ERR,ERR,ERR,ERR,ERR,ERR,ERR,ERR,ERR,ERR,ERR,ERR,ERR,ERR,ERR,ERR,ERR,ERR,ERR,ERR,ERR,ERR,ERR,ERR,ERR,ERR,ERR,ERR,ERR,ERR,ERR,ERR,ERR,ERR,ERR,ERR,ERR,ERR,ERR,ERR,ERR,ERR,ERR,ERR,ERR,ERR,ERR,ERR,ERR,ERR,ERR,ERR,ERR,ERR,ERR,ERR,ERR,ERR,ERR,ERR,ERR,ERR,ERR,ERR,ERR,ERR,ERR,ERR,ERR,ERR,ERR,ERR,ERR,ERR,ERR,0.0,0.0,0.0,0.0,0.0,1.3936040501711995e+18,7.805,0.0,0,0,4,0,7116,0.0,100,0.0,0.0,0.0,0.0,0.0,0,0,0,0,0.0,0,0,0,0,0,0,0,0,0,0,0,0,0,0,0,0,0,0,0,0,0,0,0,0,0,0,0,0,0,0,0,0,0,31,40,40,71,65476,0,300,0,0,8,21553,0.0,-107605600.0,0.0,0.0,0.0,0.0,0.0,0.0,0.0,0.0,0.0,0.0,0.0,0.0,0.0,0.0,0.0,0.0,0.0,0.0,0.0,0.0,-2.004,-0.0,-0.0,-2.004,0.0,0.0,0.0,0.0,6287.0,0.0,6915.0,0.0,0.0,2.7184303811560617e+23,0.0,0.0,0.0,0.0,0.0,69,0.0,0.0,0.0,0.0,0.0,0.0,0.0,0.0,0.0,0,0,0,0.0,0.0,0.0,0.0,0.0,0.0,0.0,0.0,0.0,0.0,0.0,0.0,0.0,0.0,0.0,0.0,0,-107875648.0,69,0.0,138,0.0,0.0,0,13107,17040,13107,17049,13107,17043,0,0,0,70,68,100,2.7302359370752657e+23,71.1,0.0,74.2,2.7302370179391762e+23,74.0,1,49,50,180,0,52429,0,0,0.0,0.0,0.0,0.0,-0.0,67.0,0.0,162057.094,0.0,751,0,739,0,0,0,721,0,766,0,736,0,742,0,741,0,712,0,7520,0.032,79456894976.0,0.0,0.0,784,16797,-0.0,162057.094,-114818.039,-0.0,0.133,6.909358625270745e+28,30.0,65.0,35,0.0,0.0,0.0,0.0,0.0,0.0,0.0,0.0,0.0,0.0,0.0,0.0,0.0,0.0,0.0,0.0,69.2,0,150,71,55,65476,0,300,0,1,8,20529,65476,0,0,40632,65.0,0.0,0.0,0.0,0.0,0.0
2026-09-04T20:33:00,ERR,ERR,ERR,ERR,ERR,ERR,ERR,ERR,ERR,ERR,ERR,ERR,ERR,ERR,ERR,ERR,ERR,ERR,ERR,ERR,ERR,ERR,ERR,ERR,ERR,ERR,ERR,ERR,ERR,ERR,ERR,ERR,ERR,ERR,ERR,ERR,ERR,ERR,ERR,ERR,ERR,ERR,ERR,ERR,ERR,ERR,ERR,ERR,ERR,ERR,ERR,ERR,ERR,ERR,ERR,ERR,ERR,ERR,ERR,ERR,ERR,ERR,ERR,ERR,ERR,ERR,ERR,ERR,ERR,ERR,ERR,ERR,ERR,ERR,ERR,ERR,ERR,ERR,ERR,ERR,ERR,ERR,ERR,ERR,ERR,ERR,ERR,ERR,ERR,ERR,ERR,ERR,ERR,ERR,ERR,ERR,ERR,ERR,ERR,ERR,ERR,ERR,ERR,ERR,ERR,ERR,ERR,ERR,ERR,ERR,ERR,ERR,ERR,ERR,ERR,ERR,ERR,ERR,ERR,ERR,ERR,ERR,ERR,ERR,ERR,0.0,0.0,0.0,0.0,0.0,1.3936040501711995e+18,7.805,0.0,0,0,4,0,7116,0.0,100,0.0,0.0,0.0,0.0,0.0,0,0,0,0,0.0,0,0,0,0,0,0,0,0,0,0,0,0,0,0,0,0,0,0,0,0,0,0,0,0,0,0,0,0,0,0,0,0,0,31,40,40,71,65476,0,300,0,0,8,21553,0.0,-107605600.0,0.0,0.0,0.0,0.0,0.0,0.0,0.0,0.0,0.0,0.0,0.0,0.0,0.0,0.0,0.0,0.0,0.0,0.0,0.0,0.0,-2.004,-0.0,-0.0,-2.004,0.0,0.0,0.0,0.0,6287.0,0.0,6915.0,0.0,0.0,2.7184303811560617e+23,0.0,0.0,0.0,0.0,0.0,69,0.0,0.0,0.0,0.0,0.0,0.0,0.0,0.0,0.0,0,0,0,0.0,0.0,0.0,0.0,0.0,0.0,0.0,0.0,0.0,0.0,0.0,0.0,0.0,0.0,0.0,0.0,0,-107875648.0,69,0.0,138,0.0,0.0,0,13107,17040,13107,17049,13107,17043,0,0,0,70,68,100,2.7302359370752657e+23,71.2,2.7302370179391762e+23,74.2,2.7302370179391762e+23,74.0,1,49,50,180,0,52429,0,0,0.0,0.0,0.0,0.0,-0.0,67.0,0.0,162057.094,0.0,750,0,739,0,0,0,721,0,766,0,736,0,742,0,741,0,712,0,7520,0.032,79456894976.0,0.0,0.0,784,16797,-0.0,162057.094,-114818.039,-0.0,0.133,6.909358625270745e+28,30.0,65.0,35,0.0,0.0,0.0,0.0,0.0,0.0,0.0,0.0,0.0,0.0,0.0,0.0,0.0,0.0,0.0,0.0,69.2,0,150,71,55,65476,0,300,0,1,8,20529,65476,0,0,40632,65.0,0.0,0.0,0.0,0.0,0.0
2026-09-04T20:33:01,ERR,ERR,ERR,ERR,ERR,ERR,ERR,ERR,ERR,ERR,ERR,ERR,ERR,ERR,ERR,ERR,ERR,ERR,ERR,ERR,ERR,ERR,ERR,ERR,ERR,ERR,ERR,ERR,ERR,ERR,ERR,ERR,ERR,ERR,ERR,ERR,ERR,ERR,ERR,ERR,ERR,ERR,ERR,ERR,ERR,ERR,ERR,ERR,ERR,ERR,ERR,ERR,ERR,ERR,ERR,ERR,ERR,ERR,ERR,ERR,ERR,ERR,ERR,ERR,ERR,ERR,ERR,ERR,ERR,ERR,ERR,ERR,ERR,ERR,ERR,ERR,ERR,ERR,ERR,ERR,ERR,ERR,ERR,ERR,ERR,ERR,ERR,ERR,ERR,ERR,ERR,ERR,ERR,ERR,ERR,ERR,ERR,ERR,ERR,ERR,ERR,ERR,ERR,ERR,ERR,ERR,ERR,ERR,ERR,ERR,ERR,ERR,ERR,ERR,ERR,ERR,ERR,ERR,ERR,ERR,ERR,ERR,ERR,ERR,ERR,0.0,0.0,0.0,0.0,0.0,1.3936040501711995e+18,7.805,0.0,0,0,4,0,7116,0.0,100,0.0,0.0,0.0,0.0,0.0,0,0,0,0,0.0,0,0,0,0,0,0,0,0,0,0,0,0,0,0,0,0,0,0,0,0,0,0,0,0,0,0,0,0,0,0,0,0,0,31,40,40,71,65476,0,300,0,0,8,21553,0.0,-107605600.0,0.0,0.0,0.0,0.0,0.0,0.0,0.0,0.0,0.0,0.0,0.0,0.0,0.0,0.0,0.0,0.0,0.0,0.0,0.0,0.0,-2.004,-0.0,-0.0,-2.004,0.0,0.0,0.0,0.0,6287.0,0.0,6915.0,0.0,0.0,2.7184303811560617e+23,0.0,0.0,0.0,0.0,0.0,69,0.0,0.0,0.0,0.0,0.0,0.0,0.0,0.0,0.0,0,0,0,0.0,0.0,0.0,0.0,0.0,0.0,0.0,0.0,0.0,0.0,0.0,0.0,0.0,0.0,0.0,0.0,0,-107875648.0,69,0.0,138,0.0,0.0,0,13107,17040,13107,17049,13107,17043,0,0,0,70,68,100,2.7302359370752657e+23,71.2,2.7302370179391762e+23,74.2,2.7302370179391762e+23,74.0,1,49,50,180,0,52429,0,0,0.0,0.0,0.0,0.0,-0.0,67.0,0.0,162057.094,0.0,750,0,739,0,0,0,721,0,766,0,736,0,742,0,741,0,712,0,7520,0.032,79456894976.0,0.0,0.0,784,16797,-0.0,162057.094,-114818.039,-0.0,0.133,6.909358625270745e+28,30.0,65.0,35,0.0,0.0,0.0,0.0,0.0,0.0,0.0,0.0,0.0,0.0,0.0,0.0,0.0,0.0,0.0,0.0,69.2,0,150,71,55,65476,0,300,0,1,8,20529,65476,0,0,40632,65.0,0.0,0.0,0.0,0.0,0.0
2026-09-04T20:33:02,ERR,ERR,ERR,ERR,ERR,ERR,ERR,ERR,ERR,ERR,ERR,ERR,ERR,ERR,ERR,ERR,ERR,ERR,ERR,ERR,ERR,ERR,ERR,ERR,ERR,ERR,ERR,ERR,ERR,ERR,ERR,ERR,ERR,ERR,ERR,ERR,ERR,ERR,ERR,ERR,ERR,ERR,ERR,ERR,ERR,ERR,ERR,ERR,ERR,ERR,ERR,ERR,ERR,ERR,ERR,ERR,ERR,ERR,ERR,ERR,ERR,ERR,ERR,ERR,ERR,ERR,ERR,ERR,ERR,ERR,ERR,ERR,ERR,ERR,ERR,ERR,ERR,ERR,ERR,ERR,ERR,ERR,ERR,ERR,ERR,ERR,ERR,ERR,ERR,ERR,ERR,ERR,ERR,ERR,ERR,ERR,ERR,ERR,ERR,ERR,ERR,ERR,ERR,ERR,ERR,ERR,ERR,ERR,ERR,ERR,ERR,ERR,ERR,ERR,ERR,ERR,ERR,ERR,ERR,ERR,ERR,ERR,ERR,ERR,ERR,0.0,0.0,0.0,0.0,0.0,1.3936040501711995e+18,7.805,0.0,0,0,4,0,7116,0.0,100,0.0,0.0,0.0,0.0,0.0,0,0,0,0,0.0,0,0,0,0,0,0,0,0,0,0,0,0,0,0,0,0,0,0,0,0,0,0,0,0,0,0,0,0,0,0,0,0,0,31,40,40,71,65476,0,300,0,0,8,21553,0.0,-107605600.0,0.0,0.0,0.0,0.0,0.0,0.0,0.0,0.0,0.0,0.0,0.0,0.0,0.0,0.0,0.0,0.0,0.0,0.0,0.0,0.0,-2.004,-0.0,-0.0,-2.004,0.0,0.0,0.0,0.0,6287.0,0.0,6915.0,0.0,0.0,2.7184303811560617e+23,0.0,0.0,0.0,0.0,0.0,69,0.0,0.0,0.0,0.0,0.0,0.0,0.0,0.0,0.0,0,0,0,0.0,0.0,0.0,0.0,0.0,0.0,0.0,0.0,0.0,0.0,0.0,0.0,0.0,0.0,0.0,0.0,0,-107875648.0,69,0.0,138,0.0,0.0,0,13107,17040,13107,17049,13107,17043,0,0,0,70,68,100,2.7302359370752657e+23,71.2,2.7302370179391762e+23,74.2,2.7302370179391762e+23,74.0,1,49,50,180,0,52429,0,0,0.0,0.0,0.0,0.0,-0.0,67.0,0.0,162057.094,0.0,750,0,739,0,0,0,721,0,766,0,736,0,742,0,741,0,712,0,7520,0.032,79456894976.0,0.0,0.0,784,16797,-0.0,162057.094,-114818.039,-0.0,0.133,6.909358625270745e+28,30.0,65.0,35,0.0,0.0,0.0,0.0,0.0,0.0,0.0,0.0,0.0,0.0,0.0,0.0,0.0,0.0,0.0,0.0,69.2,0,150,71,55,65476,0,300,0,1,8,20529,65476,0,0,40632,65.0,0.0,0.0,0.0,0.0,0.0
2026-09-04T20:33:03,ERR,ERR,ERR,ERR,ERR,ERR,ERR,ERR,ERR,ERR,ERR,ERR,ERR,ERR,ERR,ERR,ERR,ERR,ERR,ERR,ERR,ERR,ERR,ERR,ERR,ERR,ERR,ERR,ERR,ERR,ERR,ERR,ERR,ERR,ERR,ERR,ERR,ERR,ERR,ERR,ERR,ERR,ERR,ERR,ERR,ERR,ERR,ERR,ERR,ERR,ERR,ERR,ERR,ERR,ERR,ERR,ERR,ERR,ERR,ERR,ERR,ERR,ERR,ERR,ERR,ERR,ERR,ERR,ERR,ERR,ERR,ERR,ERR,ERR,ERR,ERR,ERR,ERR,ERR,ERR,ERR,ERR,ERR,ERR,ERR,ERR,ERR,ERR,ERR,ERR,ERR,ERR,ERR,ERR,ERR,ERR,ERR,ERR,ERR,ERR,ERR,ERR,ERR,ERR,ERR,ERR,ERR,ERR,ERR,ERR,ERR,ERR,ERR,ERR,ERR,ERR,ERR,ERR,ERR,ERR,ERR,ERR,ERR,ERR,ERR,0.0,0.0,0.0,0.0,0.0,1.3936040501711995e+18,7.805,0.0,0,0,4,0,7116,0.0,100,0.0,0.0,0.0,0.0,0.0,0,0,0,0,0.0,0,0,0,0,0,0,0,0,0,0,0,0,0,0,0,0,0,0,0,0,0,0,0,0,0,0,0,0,0,0,0,0,0,31,40,40,71,65476,0,300,0,0,8,21553,0.0,-107605600.0,0.0,0.0,0.0,0.0,0.0,0.0,0.0,0.0,0.0,0.0,0.0,0.0,0.0,0.0,0.0,0.0,0.0,0.0,0.0,0.0,-2.004,-0.0,-0.0,-2.004,0.0,0.0,0.0,0.0,6287.0,0.0,6915.0,0.0,0.0,2.7184303811560617e+23,0.0,0.0,0.0,0.0,0.0,69,0.0,0.0,0.0,0.0,0.0,0.0,0.0,0.0,0.0,0,0,0,0.0,0.0,0.0,0.0,0.0,0.0,0.0,0.0,0.0,0.0,0.0,0.0,0.0,0.0,0.0,0.0,0,-107875648.0,69,0.0,138,0.0,0.0,0,13107,17040,13107,17049,13107,17043,0,0,0,70,68,100,2.7302359370752657e+23,71.2,2.7302370179391762e+23,74.2,2.7302370179391762e+23,74.0,1,49,50,180,0,52429,0,0,0.0,0.0,0.0,0.0,-0.0,67.0,0.0,162057.094,0.0,750,0,739,0,0,0,721,0,766,0,736,0,742,0,741,0,712,0,7520,0.032,79456894976.0,0.0,0.0,784,16797,-0.0,162057.094,-114818.039,-0.0,0.133,6.909358625270745e+28,30.0,65.0,35,0.0,0.0,0.0,0.0,0.0,0.0,0.0,0.0,0.0,0.0,0.0,0.0,0.0,0.0,0.0,0.0,69.6,0,150,71,55,65476,0,300,0,1,8,20529,65476,0,0,40632,65.0,0.0,0.0,0.0,0.0,0.0
2026-09-04T20:33:04,ERR,ERR,ERR,ERR,ERR,ERR,ERR,ERR,ERR,ERR,ERR,ERR,ERR,ERR,ERR,ERR,ERR,ERR,ERR,ERR,ERR,ERR,ERR,ERR,ERR,ERR,ERR,ERR,ERR,ERR,ERR,ERR,ERR,ERR,ERR,ERR,ERR,ERR,ERR,ERR,ERR,ERR,ERR,ERR,ERR,ERR,ERR,ERR,ERR,ERR,ERR,ERR,ERR,ERR,ERR,ERR,ERR,ERR,ERR,ERR,ERR,ERR,ERR,ERR,ERR,ERR,ERR,ERR,ERR,ERR,ERR,ERR,ERR,ERR,ERR,ERR,ERR,ERR,ERR,ERR,ERR,ERR,ERR,ERR,ERR,ERR,ERR,ERR,ERR,ERR,ERR,ERR,ERR,ERR,ERR,ERR,ERR,ERR,ERR,ERR,ERR,ERR,ERR,ERR,ERR,ERR,ERR,ERR,ERR,ERR,ERR,ERR,ERR,ERR,ERR,ERR,ERR,ERR,ERR,ERR,ERR,ERR,ERR,ERR,ERR,0.0,0.0,0.0,0.0,0.0,1.3936040501711995e+18,7.805,0.0,0,0,4,0,7116,0.0,100,0.0,0.0,0.0,0.0,0.0,0,0,0,0,0.0,0,0,0,0,0,0,0,0,0,0,0,0,0,0,0,0,0,0,0,0,0,0,0,0,0,0,0,0,0,0,0,0,0,31,40,40,71,65476,0,300,0,0,8,21553,0.0,-107605600.0,0.0,0.0,0.0,0.0,0.0,0.0,0.0,0.0,0.0,0.0,0.0,0.0,0.0,0.0,0.0,0.0,0.0,0.0,0.0,0.0,-2.004,-0.0,-0.0,-2.004,0.0,0.0,0.0,0.0,6254.0,-2.422999145516952e+24,6941.0,0.0,0.0,2.7184303811560617e+23,0.0,0.0,0.0,0.0,0.0,69,0.0,-107615184.0,0.0,0.0,0.0,0.0,0.0,0.0,0.0,0,0,0,0.0,0.0,0.0,0.0,0.0,0.0,0.0,0.0,0.0,0.0,0.0,0.0,0.0,0.0,0.0,0.0,0,-107875648.0,69,0.0,138,0.0,0.0,0,13107,17040,13107,17049,13107,17043,0,0,0,70,68,100,2.7302359370752657e+23,71.2,2.7302370179391762e+23,74.2,2.7302370179391762e+23,74.0,1,49,50,180,0,52429,0,0,0.0,0.0,0.0,0.0,-0.0,67.0,0.0,162057.094,0.0,750,0,739,0,0,0,721,0,766,0,736,0,742,0,741,0,712,0,7520,0.032,79456894976.0,0.0,0.0,784,16797,-0.0,162057.094,-114818.039,-0.0,0.133,6.909358625270745e+28,30.0,65.0,35,0.0,0.0,0.0,0.0,0.0,0.0,0.0,0.0,0.0,0.0,0.0,0.0,0.0,0.0,0.0,0.0,69.6,0,150,71,55,65476,0,300,0,1,8,20529,65476,0,0,40632,65.0,0.0,0.0,0.0,0.0,0.0
2026-09-04T20:33:05,ERR,ERR,ERR,ERR,ERR,ERR,ERR,ERR,ERR,ERR,ERR,ERR,ERR,ERR,ERR,ERR,ERR,ERR,ERR,ERR,ERR,ERR,ERR,ERR,ERR,ERR,ERR,ERR,ERR,ERR,ERR,ERR,ERR,ERR,ERR,ERR,ERR,ERR,ERR,ERR,ERR,ERR,ERR,ERR,ERR,ERR,ERR,ERR,ERR,ERR,ERR,ERR,ERR,ERR,ERR,ERR,ERR,ERR,ERR,ERR,ERR,ERR,ERR,ERR,ERR,ERR,ERR,ERR,ERR,ERR,ERR,ERR,ERR,ERR,ERR,ERR,ERR,ERR,ERR,ERR,ERR,ERR,ERR,ERR,ERR,ERR,ERR,ERR,ERR,ERR,ERR,ERR,ERR,ERR,ERR,ERR,ERR,ERR,ERR,ERR,ERR,ERR,ERR,ERR,ERR,ERR,ERR,ERR,ERR,ERR,ERR,ERR,ERR,ERR,ERR,ERR,ERR,ERR,ERR,ERR,ERR,ERR,ERR,ERR,ERR,0.0,0.0,0.0,0.0,0.0,1.3936040501711995e+18,7.805,0.0,0,0,4,0,7116,0.0,100,0.0,0.0,0.0,0.0,0.0,0,0,0,0,0.0,0,0,0,0,0,0,0,0,0,0,0,0,0,0,0,0,0,0,0,0,0,0,0,0,0,0,0,0,0,0,0,0,0,31,40,40,71,65476,0,300,0,0,8,21553,0.0,-107605600.0,0.0,0.0,0.0,0.0,0.0,0.0,0.0,0.0,0.0,0.0,0.0,0.0,0.0,0.0,0.0,0.0,0.0,0.0,0.0,0.0,-2.004,-0.0,-0.0,-2.004,0.0,0.0,0.0,0.0,6254.0,-2.422999145516952e+24,6941.0,0.0,0.0,2.7184303811560617e+23,0.0,0.0,0.0,0.0,0.0,69,0.0,-107615184.0,0.0,0.0,0.0,0.0,0.0,0.0,0.0,0,0,0,0.0,0.0,0.0,0.0,0.0,0.0,0.0,0.0,0.0,0.0,0.0,0.0,0.0,0.0,0.0,0.0,0,-107875648.0,69,0.0,138,0.0,0.0,0,13107,17040,13107,17049,13107,17043,0,0,0,70,68,100,2.7302359370752657e+23,71.2,2.7302370179391762e+23,74.2,2.7302370179391762e+23,74.0,1,49,50,180,0,52429,0,0,0.0,0.0,0.0,0.0,-0.0,67.0,0.0,162057.094,0.0,750,0,739,0,0,0,721,0,766,0,736,0,742,0,741,0,712,0,7520,0.032,79456894976.0,0.0,0.0,784,16797,-0.0,162057.094,-114818.039,-0.0,0.133,6.909358625270745e+28,30.0,65.0,35,0.0,0.0,0.0,0.0,0.0,0.0,0.0,0.0,0.0,0.0,0.0,0.0,0.0,0.0,0.0,0.0,69.6,0,150,71,55,65476,0,300,0,1,8,20529,65476,0,0,40632,65.0,0.0,0.0,0.0,0.0,0.0
2026-09-04T20:33:06,ERR,ERR,ERR,ERR,ERR,ERR,ERR,ERR,ERR,ERR,ERR,ERR,ERR,ERR,ERR,ERR,ERR,ERR,ERR,ERR,ERR,ERR,ERR,ERR,ERR,ERR,ERR,ERR,ERR,ERR,ERR,ERR,ERR,ERR,ERR,ERR,ERR,ERR,ERR,ERR,ERR,ERR,ERR,ERR,ERR,ERR,ERR,ERR,ERR,ERR,ERR,ERR,ERR,ERR,ERR,ERR,ERR,ERR,ERR,ERR,ERR,ERR,ERR,ERR,ERR,ERR,ERR,ERR,ERR,ERR,ERR,ERR,ERR,ERR,ERR,ERR,ERR,ERR,ERR,ERR,ERR,ERR,ERR,ERR,ERR,ERR,ERR,ERR,ERR,ERR,ERR,ERR,ERR,ERR,ERR,ERR,ERR,ERR,ERR,ERR,ERR,ERR,ERR,ERR,ERR,ERR,ERR,ERR,ERR,ERR,ERR,ERR,ERR,ERR,ERR,ERR,ERR,ERR,ERR,ERR,ERR,ERR,ERR,ERR,ERR,0.0,0.0,0.0,0.0,0.0,1.3936040501711995e+18,7.805,0.0,0,0,4,0,7116,0.0,100,0.0,0.0,0.0,0.0,0.0,0,0,0,0,0.0,0,0,0,0,0,0,0,0,0,0,0,0,0,0,0,0,0,0,0,0,0,0,0,0,0,0,0,0,0,0,0,0,0,31,40,40,71,65476,0,300,0,0,8,21553,0.0,-107605600.0,0.0,0.0,0.0,0.0,0.0,0.0,0.0,0.0,0.0,0.0,0.0,0.0,0.0,0.0,0.0,0.0,0.0,0.0,0.0,0.0,-2.004,-0.0,-0.0,-2.004,0.0,0.0,0.0,0.0,6254.0,-2.422999145516952e+24,6941.0,0.0,0.0,2.7184303811560617e+23,0.0,0.0,0.0,0.0,0.0,69,0.0,-107615184.0,0.0,0.0,0.0,0.0,0.0,0.0,0.0,0,0,0,0.0,0.0,0.0,0.0,0.0,0.0,0.0,0.0,0.0,0.0,0.0,0.0,0.0,0.0,0.0,0.0,0,-107875648.0,69,0.0,138,0.0,0.0,0,13107,17040,13107,17049,13107,17043,0,0,0,70,68,100,2.7302359370752657e+23,71.1,0.0,74.2,2.7302370179391762e+23,74.0,1,49,50,180,13107,52429,0,0,0.0,0.0,0.0,0.0,-0.0,67.0,0.0,162057.094,0.0,751,0,739,0,0,0,721,0,766,0,736,0,742,0,742,0,712,0,7520,0.032,79456894976.0,0.0,0.0,784,16797,-0.0,162057.094,-114818.039,-0.0,0.133,6.909358625270745e+28,30.0,65.0,35,0.0,0.0,0.0,0.0,0.0,0.0,0.0,0.0,0.0,0.0,0.0,0.0,0.0,0.0,0.0,0.0,69.2,0,150,71,55,65476,0,300,0,1,8,20529,65476,0,0,40632,65.0,0.0,0.0,0.0,0.0,0.0
2026-09-04T20:33:07,ERR,ERR,ERR,ERR,ERR,ERR,ERR,ERR,ERR,ERR,ERR,ERR,ERR,ERR,ERR,ERR,ERR,ERR,ERR,ERR,ERR,ERR,ERR,ERR,ERR,ERR,ERR,ERR,ERR,ERR,ERR,ERR,ERR,ERR,ERR,ERR,ERR,ERR,ERR,ERR,ERR,ERR,ERR,ERR,ERR,ERR,ERR,ERR,ERR,ERR,ERR,ERR,ERR,ERR,ERR,ERR,ERR,ERR,ERR,ERR,ERR,ERR,ERR,ERR,ERR,ERR,ERR,ERR,ERR,ERR,ERR,ERR,ERR,ERR,ERR,ERR,ERR,ERR,ERR,ERR,ERR,ERR,ERR,ERR,ERR,ERR,ERR,ERR,ERR,ERR,ERR,ERR,ERR,ERR,ERR,ERR,ERR,ERR,ERR,ERR,ERR,ERR,ERR,ERR,ERR,ERR,ERR,ERR,ERR,ERR,ERR,ERR,ERR,ERR,ERR,ERR,ERR,ERR,ERR,ERR,ERR,ERR,ERR,ERR,ERR,0.0,0.0,0.0,0.0,0.0,1.3936040501711995e+18,7.805,0.0,0,0,4,0,7116,0.0,100,0.0,0.0,0.0,0.0,0.0,0,0,0,0,0.0,0,0,0,0,0,0,0,0,0,0,0,0,0,0,0,0,0,0,0,0,0,0,0,0,0,0,0,0,0,0,0,0,0,31,40,40,71,65476,0,300,0,0,8,21553,0.0,-107605600.0,0.0,0.0,0.0,0.0,0.0,0.0,0.0,0.0,0.0,0.0,0.0,0.0,0.0,0.0,0.0,0.0,0.0,0.0,0.0,0.0,-2.004,-0.0,-0.0,-2.004,0.0,0.0,0.0,0.0,6254.0,-2.422999145516952e+24,6941.0,0.0,0.0,2.7184303811560617e+23,0.0,0.0,0.0,0.0,0.0,69,0.0,-107615184.0,0.0,0.0,0.0,0.0,0.0,0.0,0.0,0,0,0,0.0,0.0,0.0,0.0,0.0,0.0,0.0,0.0,0.0,0.0,0.0,0.0,0.0,0.0,0.0,0.0,0,-107875648.0,69,0.0,138,0.0,0.0,0,13107,17040,13107,17049,13107,17043,0,0,0,70,68,100,2.7302359370752657e+23,71.1,0.0,74.2,2.7302370179391762e+23,74.0,1,49,50,180,13107,52429,0,0,0.0,0.0,0.0,0.0,-0.0,67.0,0.0,162057.094,0.0,751,0,739,0,0,0,721,0,766,0,736,0,742,0,742,0,712,0,7520,0.032,79456894976.0,0.0,0.0,784,16797,-0.0,162057.094,-114818.039,-0.0,0.133,6.909358625270745e+28,30.0,65.0,35,0.0,0.0,0.0,0.0,0.0,0.0,0.0,0.0,0.0,0.0,0.0,0.0,0.0,0.0,0.0,0.0,69.2,0,150,71,55,65476,0,300,0,1,8,20529,65476,0,0,40632,65.0,0.0,0.0,0.0,0.0,0.0
2026-09-04T20:33:08,ERR,ERR,ERR,ERR,ERR,ERR,ERR,ERR,ERR,ERR,ERR,ERR,ERR,ERR,ERR,ERR,ERR,ERR,ERR,ERR,ERR,ERR,ERR,ERR,ERR,ERR,ERR,ERR,ERR,ERR,ERR,ERR,ERR,ERR,ERR,ERR,ERR,ERR,ERR,ERR,ERR,ERR,ERR,ERR,ERR,ERR,ERR,ERR,ERR,ERR,ERR,ERR,ERR,ERR,ERR,ERR,ERR,ERR,ERR,ERR,ERR,ERR,ERR,ERR,ERR,ERR,ERR,ERR,ERR,ERR,ERR,ERR,ERR,ERR,ERR,ERR,ERR,ERR,ERR,ERR,ERR,ERR,ERR,ERR,ERR,ERR,ERR,ERR,ERR,ERR,ERR,ERR,ERR,ERR,ERR,ERR,ERR,ERR,ERR,ERR,ERR,ERR,ERR,ERR,ERR,ERR,ERR,ERR,ERR,ERR,ERR,ERR,ERR,ERR,ERR,ERR,ERR,ERR,ERR,ERR,ERR,ERR,ERR,ERR,ERR,0.0,0.0,0.0,0.0,0.0,1.3936040501711995e+18,7.805,0.0,0,0,4,0,7116,0.0,100,0.0,0.0,0.0,0.0,0.0,0,0,0,0,0.0,0,0,0,0,0,0,0,0,0,0,0,0,0,0,0,0,0,0,0,0,0,0,0,0,0,0,0,0,0,0,0,0,0,31,40,40,71,65476,0,300,0,0,8,21553,0.0,-107605600.0,0.0,0.0,0.0,0.0,0.0,0.0,0.0,0.0,0.0,0.0,0.0,0.0,0.0,0.0,0.0,0.0,0.0,0.0,0.0,0.0,-2.004,-0.0,-0.0,-2.004,0.0,0.0,0.0,0.0,6254.0,-2.422999145516952e+24,6941.0,0.0,0.0,2.7184303811560617e+23,0.0,0.0,0.0,0.0,0.0,69,0.0,-107615184.0,0.0,0.0,0.0,0.0,0.0,0.0,0.0,0,0,0,0.0,0.0,0.0,0.0,0.0,0.0,0.0,0.0,0.0,0.0,0.0,0.0,0.0,0.0,0.0,0.0,0,-107875648.0,69,0.0,138,0.0,0.0,0,13107,17040,13107,17049,13107,17043,0,0,0,70,68,100,2.7302359370752657e+23,71.1,0.0,74.2,2.7302370179391762e+23,74.0,1,49,50,180,13107,52429,0,0,0.0,0.0,0.0,0.0,-0.0,67.0,0.0,162057.094,0.0,751,0,739,0,0,0,721,0,766,0,736,0,742,0,742,0,712,0,7520,0.032,79456894976.0,0.0,0.0,784,16797,-0.0,162057.094,-114818.039,-0.0,0.133,6.909358625270745e+28,30.0,65.0,35,0.0,0.0,0.0,0.0,0.0,0.0,0.0,0.0,0.0,0.0,0.0,0.0,0.0,0.0,0.0,0.0,69.2,0,150,71,55,65476,0,300,0,1,8,20529,65476,0,0,40632,65.0,0.0,0.0,0.0,0.0,0.0
2026-09-04T20:33:09,ERR,ERR,ERR,ERR,ERR,ERR,ERR,ERR,ERR,ERR,ERR,ERR,ERR,ERR,ERR,ERR,ERR,ERR,ERR,ERR,ERR,ERR,ERR,ERR,ERR,ERR,ERR,ERR,ERR,ERR,ERR,ERR,ERR,ERR,ERR,ERR,ERR,ERR,ERR,ERR,ERR,ERR,ERR,ERR,ERR,ERR,ERR,ERR,ERR,ERR,ERR,ERR,ERR,ERR,ERR,ERR,ERR,ERR,ERR,ERR,ERR,ERR,ERR,ERR,ERR,ERR,ERR,ERR,ERR,ERR,ERR,ERR,ERR,ERR,ERR,ERR,ERR,ERR,ERR,ERR,ERR,ERR,ERR,ERR,ERR,ERR,ERR,ERR,ERR,ERR,ERR,ERR,ERR,ERR,ERR,ERR,ERR,ERR,ERR,ERR,ERR,ERR,ERR,ERR,ERR,ERR,ERR,ERR,ERR,ERR,ERR,ERR,ERR,ERR,ERR,ERR,ERR,ERR,ERR,ERR,ERR,ERR,ERR,ERR,ERR,0.0,0.0,0.0,0.0,0.0,1.3936040501711995e+18,7.805,0.0,0,0,4,0,7116,0.0,100,0.0,0.0,0.0,0.0,0.0,0,0,0,0,0.0,0,0,0,0,0,0,0,0,0,0,0,0,0,0,0,0,0,0,0,0,0,0,0,0,0,0,0,0,0,0,0,0,0,31,40,40,71,65476,0,300,0,0,8,21553,0.0,-107605600.0,0.0,0.0,0.0,0.0,0.0,0.0,0.0,0.0,0.0,0.0,0.0,0.0,0.0,0.0,0.0,0.0,0.0,0.0,0.0,0.0,-2.004,-0.0,-0.0,-2.004,0.0,0.0,0.0,0.0,6254.0,-2.422999145516952e+24,6941.0,0.0,0.0,2.7184303811560617e+23,0.0,0.0,0.0,0.0,0.0,69,0.0,-107615184.0,0.0,0.0,0.0,0.0,0.0,0.0,0.0,0,0,0,0.0,0.0,0.0,0.0,0.0,0.0,0.0,0.0,0.0,0.0,0.0,0.0,0.0,0.0,0.0,0.0,0,-107875648.0,69,0.0,138,0.0,0.0,0,13107,17040,13107,17049,13107,17043,0,0,0,70,68,100,2.7302359370752657e+23,71.1,0.0,74.2,2.7302370179391762e+23,74.0,1,49,50,180,13107,52429,0,0,0.0,0.0,0.0,0.0,-0.0,67.0,0.0,162057.094,0.0,751,0,739,0,0,0,721,0,766,0,736,0,742,0,742,0,712,0,7520,0.032,79456894976.0,0.0,0.0,784,16797,-0.0,162057.094,-114818.039,-0.0,0.133,6.909358625270745e+28,30.0,65.0,35,0.0,0.0,0.0,0.0,0.0,0.0,0.0,0.0,0.0,0.0,0.0,0.0,0.0,0.0,0.0,0.0,69.2,0,150,71,55,65476,0,300,0,1,8,20529,65476,0,0,40632,65.0,0.0,0.0,0.0,0.0,0.0
2026-09-04T20:33:10,ERR,ERR,ERR,ERR,ERR,ERR,ERR,ERR,ERR,ERR,ERR,ERR,ERR,ERR,ERR,ERR,ERR,ERR,ERR,ERR,ERR,ERR,ERR,ERR,ERR,ERR,ERR,ERR,ERR,ERR,ERR,ERR,ERR,ERR,ERR,ERR,ERR,ERR,ERR,ERR,ERR,ERR,ERR,ERR,ERR,ERR,ERR,ERR,ERR,ERR,ERR,ERR,ERR,ERR,ERR,ERR,ERR,ERR,ERR,ERR,ERR,ERR,ERR,ERR,ERR,ERR,ERR,ERR,ERR,ERR,ERR,ERR,ERR,ERR,ERR,ERR,ERR,ERR,ERR,ERR,ERR,ERR,ERR,ERR,ERR,ERR,ERR,ERR,ERR,ERR,ERR,ERR,ERR,ERR,ERR,ERR,ERR,ERR,ERR,ERR,ERR,ERR,ERR,ERR,ERR,ERR,ERR,ERR,ERR,ERR,ERR,ERR,ERR,ERR,ERR,ERR,ERR,ERR,ERR,ERR,ERR,ERR,ERR,ERR,ERR,0.0,0.0,0.0,0.0,0.0,1.3936040501711995e+18,7.805,0.0,0,0,4,0,7116,0.0,100,0.0,0.0,0.0,0.0,0.0,0,0,0,0,0.0,0,0,0,0,0,0,0,0,0,0,0,0,0,0,0,0,0,0,0,0,0,0,0,0,0,0,0,0,0,0,0,0,0,31,40,40,71,65476,0,300,0,0,8,21553,0.0,-107605600.0,0.0,0.0,0.0,0.0,0.0,0.0,0.0,0.0,0.0,0.0,0.0,0.0,0.0,0.0,0.0,0.0,0.0,0.0,0.0,0.0,-2.004,-0.0,-0.0,-2.004,0.0,0.0,0.0,0.0,6254.0,-2.422999145516952e+24,6941.0,0.0,0.0,2.7184303811560617e+23,0.0,0.0,0.0,0.0,0.0,69,0.0,-107615184.0,0.0,0.0,0.0,0.0,0.0,0.0,0.0,0,0,0,0.0,0.0,0.0,0.0,0.0,0.0,0.0,0.0,0.0,0.0,0.0,0.0,0.0,0.0,0.0,0.0,0,-107875648.0,69,0.0,138,0.0,0.0,0,13107,17040,13107,17049,13107,17043,0,0,0,70,68,100,2.7302359370752657e+23,71.1,0.0,74.2,2.7302370179391762e+23,74.0,1,49,50,180,13107,52429,0,0,0.0,0.0,0.0,0.0,-0.0,67.0,0.0,162057.094,0.0,751,0,739,0,0,0,721,0,766,0,736,0,742,0,742,0,712,0,7520,0.032,79456894976.0,0.0,0.0,784,16797,-0.0,162057.094,-114818.039,-0.0,0.133,6.909358625270745e+28,30.0,65.0,35,0.0,0.0,0.0,0.0,0.0,0.0,0.0,0.0,0.0,0.0,0.0,0.0,0.0,0.0,0.0,0.0,69.2,0,150,71,55,65476,0,300,0,1,8,20529,65476,0,0,40632,65.0,0.0,0.0,0.0,0.0,0.0
2026-09-04T20:33:11,ERR,ERR,ERR,ERR,ERR,ERR,ERR,ERR,ERR,ERR,ERR,ERR,ERR,ERR,ERR,ERR,ERR,ERR,ERR,ERR,ERR,ERR,ERR,ERR,ERR,ERR,ERR,ERR,ERR,ERR,ERR,ERR,ERR,ERR,ERR,ERR,ERR,ERR,ERR,ERR,ERR,ERR,ERR,ERR,ERR,ERR,ERR,ERR,ERR,ERR,ERR,ERR,ERR,ERR,ERR,ERR,ERR,ERR,ERR,ERR,ERR,ERR,ERR,ERR,ERR,ERR,ERR,ERR,ERR,ERR,ERR,ERR,ERR,ERR,ERR,ERR,ERR,ERR,ERR,ERR,ERR,ERR,ERR,ERR,ERR,ERR,ERR,ERR,ERR,ERR,ERR,ERR,ERR,ERR,ERR,ERR,ERR,ERR,ERR,ERR,ERR,ERR,ERR,ERR,ERR,ERR,ERR,ERR,ERR,ERR,ERR,ERR,ERR,ERR,ERR,ERR,ERR,ERR,ERR,ERR,ERR,ERR,ERR,ERR,ERR,0.0,0.0,0.0,0.0,0.0,1.3936040501711995e+18,7.805,0.0,0,0,4,0,7116,0.0,100,0.0,0.0,0.0,0.0,0.0,0,0,0,0,0.0,0,0,0,0,0,0,0,0,0,0,0,0,0,0,0,0,0,0,0,0,0,0,0,0,0,0,0,0,0,0,0,0,0,31,40,40,71,65476,0,300,0,0,8,21553,0.0,-107605600.0,0.0,0.0,0.0,0.0,0.0,0.0,0.0,0.0,0.0,0.0,0.0,0.0,-2.596148429267414e+33,0.0,0.0,0.0,0.0,0.0,0.0,0.0,-2.004,-0.0,-0.0,-2.004,0.0,0.0,0.0,0.0,6260.0,0.0,6912.0,0.0,0.0,2.7184303811560617e+23,0.0,0.0,0.0,0.0,0.0,69,0.0,-2.3088368474347327e+20,0.0,0.0,0.0,0.0,0.0,0.0,0.0,0,0,0,0.0,0.0,0.0,0.0,0.0,0.0,0.0,0.0,0.0,0.0,0.0,0.0,0.0,0.0,0.0,0.0,0,-107875648.0,69,0.0,138,0.0,0.0,0,13107,17040,13107,17049,13107,17043,0,0,0,70,68,100,2.7302359370752657e+23,71.2,2.7302370179391762e+23,74.2,2.7302370179391762e+23,74.0,1,49,50,180,0,52429,0,0,0.0,0.0,0.0,0.0,-0.0,67.0,0.0,162057.094,0.0,751,0,739,0,0,0,721,0,766,0,736,0,742,0,741,0,712,0,7520,0.032,78920024064.0,0.0,0.0,784,16797,-0.0,162057.094,-114818.039,-0.0,0.133,6.909358625270745e+28,30.0,65.0,35,0.0,0.0,0.0,0.0,0.0,0.0,0.0,0.0,0.0,0.0,0.0,0.0,0.0,0.0,0.0,0.0,69.2,0,150,71,55,65476,0,300,0,1,8,20529,65476,0,0,40632,65.0,0.0,0.0,0.0,0.0,0.0
2026-09-04T20:33:12,ERR,ERR,ERR,ERR,ERR,ERR,ERR,ERR,ERR,ERR,ERR,ERR,ERR,ERR,ERR,ERR,ERR,ERR,ERR,ERR,ERR,ERR,ERR,ERR,ERR,ERR,ERR,ERR,ERR,ERR,ERR,ERR,ERR,ERR,ERR,ERR,ERR,ERR,ERR,ERR,ERR,ERR,ERR,ERR,ERR,ERR,ERR,ERR,ERR,ERR,ERR,ERR,ERR,ERR,ERR,ERR,ERR,ERR,ERR,ERR,ERR,ERR,ERR,ERR,ERR,ERR,ERR,ERR,ERR,ERR,ERR,ERR,ERR,ERR,ERR,ERR,ERR,ERR,ERR,ERR,ERR,ERR,ERR,ERR,ERR,ERR,ERR,ERR,ERR,ERR,ERR,ERR,ERR,ERR,ERR,ERR,ERR,ERR,ERR,ERR,ERR,ERR,ERR,ERR,ERR,ERR,ERR,ERR,ERR,ERR,ERR,ERR,ERR,ERR,ERR,ERR,ERR,ERR,ERR,ERR,ERR,ERR,ERR,ERR,ERR,0.0,0.0,0.0,0.0,0.0,1.3936040501711995e+18,7.805,0.0,0,0,4,0,7116,0.0,100,0.0,0.0,0.0,0.0,0.0,0,0,0,0,0.0,0,0,0,0,0,0,0,0,0,0,0,0,0,0,0,0,0,0,0,0,0,0,0,0,0,0,0,0,0,0,0,0,0,31,40,40,71,65476,0,300,0,0,8,21553,0.0,-107605600.0,0.0,0.0,0.0,0.0,0.0,0.0,0.0,0.0,0.0,0.0,0.0,0.0,-2.596148429267414e+33,0.0,0.0,0.0,0.0,0.0,0.0,0.0,-2.004,-0.0,-0.0,-2.004,0.0,0.0,0.0,0.0,6260.0,0.0,6912.0,0.0,0.0,2.7184303811560617e+23,0.0,0.0,0.0,0.0,0.0,69,0.0,-2.3088368474347327e+20,0.0,0.0,0.0,0.0,0.0,0.0,0.0,0,0,0,0.0,0.0,0.0,0.0,0.0,0.0,0.0,0.0,0.0,0.0,0.0,0.0,0.0,0.0,0.0,0.0,0,-107875648.0,69,0.0,138,0.0,0.0,0,13107,17040,13107,17049,13107,17043,0,0,0,70,68,100,2.7302359370752657e+23,71.2,2.7302370179391762e+23,74.2,2.7302370179391762e+23,74.0,1,49,50,180,0,52429,0,0,0.0,0.0,0.0,0.0,-0.0,67.0,0.0,162057.094,0.0,751,0,739,0,0,0,721,0,766,0,736,0,742,0,741,0,712,0,7520,0.032,78920024064.0,0.0,0.0,784,16797,-0.0,162057.094,-114818.039,-0.0,0.133,6.909358625270745e+28,30.0,65.0,35,0.0,0.0,0.0,0.0,0.0,0.0,0.0,0.0,0.0,0.0,0.0,0.0,0.0,0.0,0.0,0.0,69.2,0,150,71,55,65476,0,300,0,1,8,20529,65476,0,0,40632,65.0,0.0,0.0,0.0,0.0,0.0
2026-09-04T20:33:13,ERR,ERR,ERR,ERR,ERR,ERR,ERR,ERR,ERR,ERR,ERR,ERR,ERR,ERR,ERR,ERR,ERR,ERR,ERR,ERR,ERR,ERR,ERR,ERR,ERR,ERR,ERR,ERR,ERR,ERR,ERR,ERR,ERR,ERR,ERR,ERR,ERR,ERR,ERR,ERR,ERR,ERR,ERR,ERR,ERR,ERR,ERR,ERR,ERR,ERR,ERR,ERR,ERR,ERR,ERR,ERR,ERR,ERR,ERR,ERR,ERR,ERR,ERR,ERR,ERR,ERR,ERR,ERR,ERR,ERR,ERR,ERR,ERR,ERR,ERR,ERR,ERR,ERR,ERR,ERR,ERR,ERR,ERR,ERR,ERR,ERR,ERR,ERR,ERR,ERR,ERR,ERR,ERR,ERR,ERR,ERR,ERR,ERR,ERR,ERR,ERR,ERR,ERR,ERR,ERR,ERR,ERR,ERR,ERR,ERR,ERR,ERR,ERR,ERR,ERR,ERR,ERR,ERR,ERR,ERR,ERR,ERR,ERR,ERR,ERR,0.0,0.0,0.0,0.0,0.0,1.3936040501711995e+18,7.805,0.0,0,0,4,0,7116,0.0,100,0.0,0.0,0.0,0.0,0.0,0,0,0,0,0.0,0,0,0,0,0,0,0,0,0,0,0,0,0,0,0,0,0,0,0,0,0,0,0,0,0,0,0,0,0,0,0,0,0,31,40,40,71,65476,0,300,0,0,8,21553,0.0,-107605600.0,0.0,0.0,0.0,0.0,0.0,0.0,0.0,0.0,0.0,0.0,0.0,0.0,-2.596148429267414e+33,0.0,0.0,0.0,0.0,0.0,0.0,0.0,-2.004,-0.0,-0.0,-2.004,0.0,0.0,0.0,0.0,6260.0,0.0,6912.0,0.0,0.0,2.7184303811560617e+23,0.0,0.0,0.0,0.0,0.0,69,0.0,-2.3088368474347327e+20,0.0,0.0,0.0,0.0,0.0,0.0,0.0,0,0,0,0.0,0.0,0.0,0.0,0.0,0.0,0.0,0.0,0.0,0.0,0.0,0.0,0.0,0.0,0.0,0.0,0,-107875648.0,69,0.0,138,0.0,0.0,0,13107,17040,13107,17049,13107,17043,0,0,0,70,68,100,2.7302359370752657e+23,71.2,2.7302370179391762e+23,74.2,2.7302370179391762e+23,74.0,1,49,50,180,0,52429,0,0,0.0,0.0,0.0,0.0,-0.0,67.0,0.0,162057.094,0.0,751,0,739,0,0,0,721,0,766,0,736,0,742,0,741,0,712,0,7520,0.032,78920024064.0,0.0,0.0,784,16797,-0.0,162057.094,-114818.039,-0.0,0.133,6.909358625270745e+28,30.0,65.0,35,0.0,0.0,0.0,0.0,0.0,0.0,0.0,0.0,0.0,0.0,0.0,0.0,0.0,0.0,0.0,0.0,69.6,0,150,71,55,65476,0,300,0,1,8,20529,65476,0,0,40632,65.0,0.0,0.0,0.0,0.0,0.0
2026-09-04T20:33:14,ERR,ERR,ERR,ERR,ERR,ERR,ERR,ERR,ERR,ERR,ERR,ERR,ERR,ERR,ERR,ERR,ERR,ERR,ERR,ERR,ERR,ERR,ERR,ERR,ERR,ERR,ERR,ERR,ERR,ERR,ERR,ERR,ERR,ERR,ERR,ERR,ERR,ERR,ERR,ERR,ERR,ERR,ERR,ERR,ERR,ERR,ERR,ERR,ERR,ERR,ERR,ERR,ERR,ERR,ERR,ERR,ERR,ERR,ERR,ERR,ERR,ERR,ERR,ERR,ERR,ERR,ERR,ERR,ERR,ERR,ERR,ERR,ERR,ERR,ERR,ERR,ERR,ERR,ERR,ERR,ERR,ERR,ERR,ERR,ERR,ERR,ERR,ERR,ERR,ERR,ERR,ERR,ERR,ERR,ERR,ERR,ERR,ERR,ERR,ERR,ERR,ERR,ERR,ERR,ERR,ERR,ERR,ERR,ERR,ERR,ERR,ERR,ERR,ERR,ERR,ERR,ERR,ERR,ERR,ERR,ERR,ERR,ERR,ERR,ERR,0.0,0.0,0.0,0.0,0.0,1.3936040501711995e+18,7.805,0.0,0,0,4,0,7116,0.0,100,0.0,0.0,0.0,0.0,0.0,0,0,0,0,0.0,0,0,0,0,0,0,0,0,0,0,0,0,0,0,0,0,0,0,0,0,0,0,0,0,0,0,0,0,0,0,0,0,0,31,40,40,71,65476,0,300,0,0,8,21553,0.0,-107605600.0,0.0,0.0,0.0,0.0,0.0,0.0,0.0,0.0,0.0,0.0,0.0,0.0,-2.596148429267414e+33,0.0,0.0,0.0,0.0,0.0,0.0,0.0,-2.004,-0.0,-0.0,-2.004,0.0,0.0,0.0,0.0,6260.0,0.0,6912.0,0.0,0.0,2.7184303811560617e+23,0.0,0.0,0.0,0.0,0.0,69,0.0,-2.3088368474347327e+20,0.0,0.0,0.0,0.0,0.0,0.0,0.0,0,0,0,0.0,0.0,0.0,0.0,0.0,0.0,0.0,0.0,0.0,0.0,0.0,0.0,0.0,0.0,0.0,0.0,0,-107875648.0,69,0.0,138,0.0,0.0,0,13107,17040,13107,17049,13107,17043,0,0,0,70,68,100,2.7302359370752657e+23,71.2,2.7302370179391762e+23,74.2,2.7302370179391762e+23,74.0,1,49,50,180,0,52429,0,0,0.0,0.0,0.0,0.0,-0.0,67.0,0.0,162057.094,0.0,751,0,739,0,0,0,721,0,766,0,736,0,742,0,741,0,712,0,7520,0.032,78920024064.0,0.0,0.0,784,16797,-0.0,162057.094,-114818.039,-0.0,0.133,6.909358625270745e+28,30.0,65.0,35,0.0,0.0,0.0,0.0,0.0,0.0,0.0,0.0,0.0,0.0,0.0,0.0,0.0,0.0,0.0,0.0,69.6,0,150,71,55,65476,0,300,0,1,8,20529,65476,0,0,40632,65.0,0.0,0.0,0.0,0.0,0.0
2026-09-04T20:33:15,ERR,ERR,ERR,ERR,ERR,ERR,ERR,ERR,ERR,ERR,ERR,ERR,ERR,ERR,ERR,ERR,ERR,ERR,ERR,ERR,ERR,ERR,ERR,ERR,ERR,ERR,ERR,ERR,ERR,ERR,ERR,ERR,ERR,ERR,ERR,ERR,ERR,ERR,ERR,ERR,ERR,ERR,ERR,ERR,ERR,ERR,ERR,ERR,ERR,ERR,ERR,ERR,ERR,ERR,ERR,ERR,ERR,ERR,ERR,ERR,ERR,ERR,ERR,ERR,ERR,ERR,ERR,ERR,ERR,ERR,ERR,ERR,ERR,ERR,ERR,ERR,ERR,ERR,ERR,ERR,ERR,ERR,ERR,ERR,ERR,ERR,ERR,ERR,ERR,ERR,ERR,ERR,ERR,ERR,ERR,ERR,ERR,ERR,ERR,ERR,ERR,ERR,ERR,ERR,ERR,ERR,ERR,ERR,ERR,ERR,ERR,ERR,ERR,ERR,ERR,ERR,ERR,ERR,ERR,ERR,ERR,ERR,ERR,ERR,ERR,0.0,0.0,0.0,0.0,0.0,1.3936040501711995e+18,7.805,0.0,0,0,4,0,7116,0.0,100,0.0,0.0,0.0,0.0,0.0,0,0,0,0,0.0,0,0,0,0,0,0,0,0,0,0,0,0,0,0,0,0,0,0,0,0,0,0,0,0,0,0,0,0,0,0,0,0,0,31,40,40,71,65476,0,300,0,0,8,21553,0.0,-107605600.0,0.0,0.0,0.0,0.0,0.0,0.0,0.0,0.0,0.0,0.0,0.0,0.0,-2.596148429267414e+33,0.0,0.0,0.0,0.0,0.0,0.0,0.0,-2.004,-0.0,-0.0,-2.004,0.0,0.0,0.0,0.0,6260.0,0.0,6912.0,0.0,0.0,2.7184303811560617e+23,0.0,0.0,0.0,0.0,0.0,69,0.0,-2.3088368474347327e+20,0.0,0.0,0.0,0.0,0.0,0.0,0.0,0,0,0,0.0,0.0,0.0,0.0,0.0,0.0,0.0,0.0,0.0,0.0,0.0,0.0,0.0,0.0,0.0,0.0,0,-107875648.0,69,0.0,138,0.0,0.0,0,13107,17040,13107,17049,13107,17043,0,0,0,70,68,100,2.7302359370752657e+23,71.2,2.7302370179391762e+23,74.2,2.7302370179391762e+23,74.0,1,49,50,180,0,52429,0,0,0.0,0.0,0.0,0.0,-0.0,67.0,0.0,162057.094,0.0,751,0,739,0,0,0,721,0,766,0,736,0,742,0,741,0,712,0,7520,0.032,78920024064.0,0.0,0.0,784,16797,-0.0,162057.094,-114818.039,-0.0,0.133,6.909358625270745e+28,30.0,65.0,35,0.0,0.0,0.0,0.0,0.0,0.0,0.0,0.0,0.0,0.0,0.0,0.0,0.0,0.0,0.0,0.0,69.6,0,150,71,55,65476,0,300,0,1,8,20529,65476,0,0,40632,65.0,0.0,0.0,0.0,0.0,0.0
2026-09-04T20:33:16,ERR,ERR,ERR,ERR,ERR,ERR,ERR,ERR,ERR,ERR,ERR,ERR,ERR,ERR,ERR,ERR,ERR,ERR,ERR,ERR,ERR,ERR,ERR,ERR,ERR,ERR,ERR,ERR,ERR,ERR,ERR,ERR,ERR,ERR,ERR,ERR,ERR,ERR,ERR,ERR,ERR,ERR,ERR,ERR,ERR,ERR,ERR,ERR,ERR,ERR,ERR,ERR,ERR,ERR,ERR,ERR,ERR,ERR,ERR,ERR,ERR,ERR,ERR,ERR,ERR,ERR,ERR,ERR,ERR,ERR,ERR,ERR,ERR,ERR,ERR,ERR,ERR,ERR,ERR,ERR,ERR,ERR,ERR,ERR,ERR,ERR,ERR,ERR,ERR,ERR,ERR,ERR,ERR,ERR,ERR,ERR,ERR,ERR,ERR,ERR,ERR,ERR,ERR,ERR,ERR,ERR,ERR,ERR,ERR,ERR,ERR,ERR,ERR,ERR,ERR,ERR,ERR,ERR,ERR,ERR,ERR,ERR,ERR,ERR,ERR,0.0,0.0,0.0,0.0,0.0,1.3936040501711995e+18,7.805,0.0,0,0,4,0,7116,0.0,100,0.0,0.0,0.0,0.0,0.0,0,0,0,0,0.0,0,0,0,0,0,0,0,0,0,0,0,0,0,0,0,0,0,0,0,0,0,0,0,0,0,0,0,0,0,0,0,0,0,31,40,40,71,65476,0,300,0,0,8,21553,0.0,-107605600.0,0.0,0.0,0.0,0.0,0.0,0.0,0.0,0.0,0.0,0.0,0.0,0.0,-2.596148429267414e+33,0.0,0.0,0.0,0.0,0.0,0.0,0.0,-2.004,-0.0,-0.0,-2.004,0.0,0.0,0.0,0.0,6260.0,0.0,6912.0,0.0,0.0,2.7184303811560617e+23,0.0,0.0,0.0,0.0,0.0,69,0.0,-2.3088368474347327e+20,0.0,0.0,0.0,0.0,0.0,0.0,0.0,0,0,0,0.0,0.0,0.0,0.0,0.0,0.0,0.0,0.0,0.0,0.0,0.0,0.0,0.0,0.0,0.0,0.0,0,-107875648.0,69,0.0,138,0.0,0.0,0,13107,17040,13107,17049,13107,17043,0,0,0,70,68,100,2.7302359370752657e+23,71.2,2.7302370179391762e+23,74.2,2.7302370179391762e+23,74.0,1,49,50,180,0,52429,0,0,0.0,0.0,0.0,0.0,-0.0,67.0,0.0,162057.094,0.0,751,0,739,0,0,0,721,0,766,0,736,0,742,0,741,0,712,0,7520,0.032,78920024064.0,0.0,0.0,784,16797,-0.0,162057.094,-114818.039,-0.0,0.133,6.909358625270745e+28,30.0,65.0,35,0.0,0.0,0.0,0.0,0.0,0.0,0.0,0.0,0.0,0.0,0.0,0.0,0.0,0.0,0.0,0.0,69.2,0,150,71,55,65476,0,300,0,1,8,20529,65476,0,0,40632,65.0,0.0,0.0,0.0,0.0,0.0
2026-09-04T20:33:17,ERR,ERR,ERR,ERR,ERR,ERR,ERR,ERR,ERR,ERR,ERR,ERR,ERR,ERR,ERR,ERR,ERR,ERR,ERR,ERR,ERR,ERR,ERR,ERR,ERR,ERR,ERR,ERR,ERR,ERR,ERR,ERR,ERR,ERR,ERR,ERR,ERR,ERR,ERR,ERR,ERR,ERR,ERR,ERR,ERR,ERR,ERR,ERR,ERR,ERR,ERR,ERR,ERR,ERR,ERR,ERR,ERR,ERR,ERR,ERR,ERR,ERR,ERR,ERR,ERR,ERR,ERR,ERR,ERR,ERR,ERR,ERR,ERR,ERR,ERR,ERR,ERR,ERR,ERR,ERR,ERR,ERR,ERR,ERR,ERR,ERR,ERR,ERR,ERR,ERR,ERR,ERR,ERR,ERR,ERR,ERR,ERR,ERR,ERR,ERR,ERR,ERR,ERR,ERR,ERR,ERR,ERR,ERR,ERR,ERR,ERR,ERR,ERR,ERR,ERR,ERR,ERR,ERR,ERR,ERR,ERR,ERR,ERR,ERR,ERR,0.0,0.0,0.0,0.0,0.0,1.3936040501711995e+18,7.805,0.0,0,0,4,0,7116,0.0,100,0.0,0.0,0.0,0.0,0.0,0,0,0,0,0.0,0,0,0,0,0,0,0,0,0,0,0,0,0,0,0,0,0,0,0,0,0,0,0,0,0,0,0,0,0,0,0,0,0,31,40,40,71,65476,0,300,0,0,8,21553,0.0,-107605600.0,0.0,0.0,0.0,0.0,0.0,0.0,0.0,0.0,0.0,0.0,0.0,0.0,-2.596148429267414e+33,0.0,0.0,0.0,0.0,0.0,0.0,0.0,-2.004,-0.0,-0.0,-2.004,0.0,0.0,0.0,0.0,6260.0,0.0,6912.0,0.0,0.0,2.7184303811560617e+23,0.0,0.0,0.0,0.0,0.0,69,0.0,-2.3088368474347327e+20,0.0,0.0,0.0,0.0,0.0,0.0,0.0,0,0,0,0.0,0.0,0.0,0.0,0.0,0.0,0.0,0.0,0.0,0.0,0.0,0.0,0.0,0.0,0.0,0.0,0,-107875648.0,69,0.0,138,0.0,0.0,0,13107,17040,13107,17049,13107,17043,0,0,0,70,68,100,2.7302359370752657e+23,71.1,0.0,74.2,2.7302370179391762e+23,74.0,1,49,50,180,13107,52429,0,0,0.0,0.0,0.0,0.0,-0.0,67.0,0.0,162057.094,0.0,750,0,739,0,0,0,721,0,766,0,736,0,742,0,741,0,712,0,7520,0.032,79456894976.0,0.0,0.0,784,16797,-0.0,162057.094,-114818.039,-0.0,0.133,6.909358625270745e+28,30.0,65.0,35,0.0,0.0,0.0,0.0,0.0,0.0,0.0,0.0,0.0,0.0,0.0,0.0,0.0,0.0,0.0,0.0,69.2,0,150,71,55,65476,0,300,0,1,8,20529,65476,0,0,40632,65.0,0.0,0.0,0.0,0.0,0.0
2026-09-04T20:33:18,ERR,ERR,ERR,ERR,ERR,ERR,ERR,ERR,ERR,ERR,ERR,ERR,ERR,ERR,ERR,ERR,ERR,ERR,ERR,ERR,ERR,ERR,ERR,ERR,ERR,ERR,ERR,ERR,ERR,ERR,ERR,ERR,ERR,ERR,ERR,ERR,ERR,ERR,ERR,ERR,ERR,ERR,ERR,ERR,ERR,ERR,ERR,ERR,ERR,ERR,ERR,ERR,ERR,ERR,ERR,ERR,ERR,ERR,ERR,ERR,ERR,ERR,ERR,ERR,ERR,ERR,ERR,ERR,ERR,ERR,ERR,ERR,ERR,ERR,ERR,ERR,ERR,ERR,ERR,ERR,ERR,ERR,ERR,ERR,ERR,ERR,ERR,ERR,ERR,ERR,ERR,ERR,ERR,ERR,ERR,ERR,ERR,ERR,ERR,ERR,ERR,ERR,ERR,ERR,ERR,ERR,ERR,ERR,ERR,ERR,ERR,ERR,ERR,ERR,ERR,ERR,ERR,ERR,ERR,ERR,ERR,ERR,ERR,ERR,ERR,0.0,0.0,0.0,0.0,0.0,1.3936040501711995e+18,7.805,0.0,0,0,4,0,7116,0.0,100,0.0,0.0,0.0,0.0,0.0,0,0,0,0,0.0,0,0,0,0,0,0,0,0,0,0,0,0,0,0,0,0,0,0,0,0,0,0,0,0,0,0,0,0,0,0,0,0,0,31,40,40,71,65476,0,300,0,0,8,21553,0.0,-107605600.0,0.0,0.0,0.0,0.0,0.0,0.0,0.0,0.0,0.0,0.0,0.0,0.0,0.0,0.0,0.0,0.0,0.0,0.0,0.0,0.0,-2.004,-0.0,-0.0,-2.004,0.0,0.0,0.0,0.0,6283.0,-0.0,6930.0,0.0,0.0,2.7184303811560617e+23,0.0,0.0,0.0,0.0,0.0,69,0.0,-0.0,0.0,0.0,0.0,0.0,0.0,0.0,0.0,0,0,0,0.0,0.0,0.0,0.0,0.0,0.0,0.0,0.0,0.0,0.0,0.0,0.0,0.0,0.0,0.0,0.0,0,-107875648.0,69,0.0,138,0.0,0.0,0,13107,17040,13107,17049,13107,17043,0,0,0,70,68,100,2.7302359370752657e+23,71.1,0.0,74.2,2.7302370179391762e+23,74.0,1,49,50,180,13107,52429,0,0,0.0,0.0,0.0,0.0,-0.0,67.0,0.0,162057.094,0.0,750,0,739,0,0,0,721,0,766,0,736,0,742,0,741,0,712,0,7520,0.032,79456894976.0,0.0,0.0,784,16797,-0.0,162057.094,-114818.039,-0.0,0.133,6.909358625270745e+28,30.0,65.0,35,0.0,0.0,0.0,0.0,0.0,0.0,0.0,0.0,0.0,0.0,0.0,0.0,0.0,0.0,0.0,0.0,69.2,0,150,71,55,65476,0,300,0,1,8,20529,65476,0,0,40632,65.0,0.0,0.0,0.0,0.0,0.0
2026-09-04T20:33:19,ERR,ERR,ERR,ERR,ERR,ERR,ERR,ERR,ERR,ERR,ERR,ERR,ERR,ERR,ERR,ERR,ERR,ERR,ERR,ERR,ERR,ERR,ERR,ERR,ERR,ERR,ERR,ERR,ERR,ERR,ERR,ERR,ERR,ERR,ERR,ERR,ERR,ERR,ERR,ERR,ERR,ERR,ERR,ERR,ERR,ERR,ERR,ERR,ERR,ERR,ERR,ERR,ERR,ERR,ERR,ERR,ERR,ERR,ERR,ERR,ERR,ERR,ERR,ERR,ERR,ERR,ERR,ERR,ERR,ERR,ERR,ERR,ERR,ERR,ERR,ERR,ERR,ERR,ERR,ERR,ERR,ERR,ERR,ERR,ERR,ERR,ERR,ERR,ERR,ERR,ERR,ERR,ERR,ERR,ERR,ERR,ERR,ERR,ERR,ERR,ERR,ERR,ERR,ERR,ERR,ERR,ERR,ERR,ERR,ERR,ERR,ERR,ERR,ERR,ERR,ERR,ERR,ERR,ERR,ERR,ERR,ERR,ERR,ERR,ERR,0.0,0.0,0.0,0.0,0.0,1.3936040501711995e+18,7.805,0.0,0,0,4,0,7116,0.0,100,0.0,0.0,0.0,0.0,0.0,0,0,0,0,0.0,0,0,0,0,0,0,0,0,0,0,0,0,0,0,0,0,0,0,0,0,0,0,0,0,0,0,0,0,0,0,0,0,0,31,40,40,71,65476,0,300,0,0,8,21553,0.0,-107605600.0,0.0,0.0,0.0,0.0,0.0,0.0,0.0,0.0,0.0,0.0,0.0,0.0,0.0,0.0,0.0,0.0,0.0,0.0,0.0,0.0,-2.004,-0.0,-0.0,-2.004,0.0,0.0,0.0,0.0,6283.0,-0.0,6930.0,0.0,0.0,2.7184303811560617e+23,0.0,0.0,0.0,0.0,0.0,69,0.0,-0.0,0.0,0.0,0.0,0.0,0.0,0.0,0.0,0,0,0,0.0,0.0,0.0,0.0,0.0,0.0,0.0,0.0,0.0,0.0,0.0,0.0,0.0,0.0,0.0,0.0,0,-107875648.0,69,0.0,138,0.0,0.0,0,13107,17040,13107,17049,13107,17043,0,0,0,70,68,100,2.7302359370752657e+23,71.1,0.0,74.2,2.7302370179391762e+23,74.0,1,49,50,180,13107,52429,0,0,0.0,0.0,0.0,0.0,-0.0,67.0,0.0,162057.094,0.0,750,0,739,0,0,0,721,0,766,0,736,0,742,0,741,0,712,0,7520,0.032,79456894976.0,0.0,0.0,784,16797,-0.0,162057.094,-114818.039,-0.0,0.133,6.909358625270745e+28,30.0,65.0,35,0.0,0.0,0.0,0.0,0.0,0.0,0.0,0.0,0.0,0.0,0.0,0.0,0.0,0.0,0.0,0.0,69.2,0,150,71,55,65476,0,300,0,1,8,20529,65476,0,0,40632,65.0,0.0,0.0,0.0,0.0,0.0
2026-09-04T20:33:20,ERR,ERR,ERR,ERR,ERR,ERR,ERR,ERR,ERR,ERR,ERR,ERR,ERR,ERR,ERR,ERR,ERR,ERR,ERR,ERR,ERR,ERR,ERR,ERR,ERR,ERR,ERR,ERR,ERR,ERR,ERR,ERR,ERR,ERR,ERR,ERR,ERR,ERR,ERR,ERR,ERR,ERR,ERR,ERR,ERR,ERR,ERR,ERR,ERR,ERR,ERR,ERR,ERR,ERR,ERR,ERR,ERR,ERR,ERR,ERR,ERR,ERR,ERR,ERR,ERR,ERR,ERR,ERR,ERR,ERR,ERR,ERR,ERR,ERR,ERR,ERR,ERR,ERR,ERR,ERR,ERR,ERR,ERR,ERR,ERR,ERR,ERR,ERR,ERR,ERR,ERR,ERR,ERR,ERR,ERR,ERR,ERR,ERR,ERR,ERR,ERR,ERR,ERR,ERR,ERR,ERR,ERR,ERR,ERR,ERR,ERR,ERR,ERR,ERR,ERR,ERR,ERR,ERR,ERR,ERR,ERR,ERR,ERR,ERR,ERR,0.0,0.0,0.0,0.0,0.0,1.3936040501711995e+18,7.805,0.0,0,0,4,0,7116,0.0,100,0.0,0.0,0.0,0.0,0.0,0,0,0,0,0.0,0,0,0,0,0,0,0,0,0,0,0,0,0,0,0,0,0,0,0,0,0,0,0,0,0,0,0,0,0,0,0,0,0,31,40,40,71,65476,0,300,0,0,8,21553,0.0,-107605600.0,0.0,0.0,0.0,0.0,0.0,0.0,0.0,0.0,0.0,0.0,0.0,0.0,0.0,0.0,0.0,0.0,0.0,0.0,0.0,0.0,-2.004,-0.0,-0.0,-2.004,0.0,0.0,0.0,0.0,6283.0,-0.0,6930.0,0.0,0.0,2.7184303811560617e+23,0.0,0.0,0.0,0.0,0.0,69,0.0,-0.0,0.0,0.0,0.0,0.0,0.0,0.0,0.0,0,0,0,0.0,0.0,0.0,0.0,0.0,0.0,0.0,0.0,0.0,0.0,0.0,0.0,0.0,0.0,0.0,0.0,0,-107875648.0,69,0.0,138,0.0,0.0,0,13107,17040,13107,17049,13107,17043,0,0,0,70,68,100,2.7302359370752657e+23,71.1,0.0,74.2,2.7302370179391762e+23,74.0,1,49,50,180,13107,52429,0,0,0.0,0.0,0.0,0.0,-0.0,67.0,0.0,162057.094,0.0,750,0,739,0,0,0,721,0,766,0,736,0,742,0,741,0,712,0,7520,0.032,79456894976.0,0.0,0.0,784,16797,-0.0,162057.094,-114818.039,-0.0,0.133,6.909358625270745e+28,30.0,65.0,35,0.0,0.0,0.0,0.0,0.0,0.0,0.0,0.0,0.0,0.0,0.0,0.0,0.0,0.0,0.0,0.0,69.2,0,150,71,55,65476,0,300,0,1,8,20529,65476,0,0,40632,65.0,0.0,0.0,0.0,0.0,0.0
2026-09-04T20:33:21,ERR,ERR,ERR,ERR,ERR,ERR,ERR,ERR,ERR,ERR,ERR,ERR,ERR,ERR,ERR,ERR,ERR,ERR,ERR,ERR,ERR,ERR,ERR,ERR,ERR,ERR,ERR,ERR,ERR,ERR,ERR,ERR,ERR,ERR,ERR,ERR,ERR,ERR,ERR,ERR,ERR,ERR,ERR,ERR,ERR,ERR,ERR,ERR,ERR,ERR,ERR,ERR,ERR,ERR,ERR,ERR,ERR,ERR,ERR,ERR,ERR,ERR,ERR,ERR,ERR,ERR,ERR,ERR,ERR,ERR,ERR,ERR,ERR,ERR,ERR,ERR,ERR,ERR,ERR,ERR,ERR,ERR,ERR,ERR,ERR,ERR,ERR,ERR,ERR,ERR,ERR,ERR,ERR,ERR,ERR,ERR,ERR,ERR,ERR,ERR,ERR,ERR,ERR,ERR,ERR,ERR,ERR,ERR,ERR,ERR,ERR,ERR,ERR,ERR,ERR,ERR,ERR,ERR,ERR,ERR,ERR,ERR,ERR,ERR,ERR,0.0,0.0,0.0,0.0,0.0,1.3936040501711995e+18,7.805,0.0,0,0,4,0,7116,0.0,100,0.0,0.0,0.0,0.0,0.0,0,0,0,0,0.0,0,0,0,0,0,0,0,0,0,0,0,0,0,0,0,0,0,0,0,0,0,0,0,0,0,0,0,0,0,0,0,0,0,31,40,40,71,65476,0,300,0,0,8,21553,0.0,-107605600.0,0.0,0.0,0.0,0.0,0.0,0.0,0.0,0.0,0.0,0.0,0.0,0.0,0.0,0.0,0.0,0.0,0.0,0.0,0.0,0.0,-2.004,-0.0,-0.0,-2.004,0.0,0.0,0.0,0.0,6283.0,-0.0,6930.0,0.0,0.0,2.7184303811560617e+23,0.0,0.0,0.0,0.0,0.0,69,0.0,-0.0,0.0,0.0,0.0,0.0,0.0,0.0,0.0,0,0,0,0.0,0.0,0.0,0.0,0.0,0.0,0.0,0.0,0.0,0.0,0.0,0.0,0.0,0.0,0.0,0.0,0,-107875648.0,69,0.0,138,0.0,0.0,0,13107,17040,13107,17049,13107,17043,0,0,0,70,68,100,2.7302359370752657e+23,71.1,0.0,74.2,2.7302370179391762e+23,74.0,1,49,50,180,13107,52429,0,0,0.0,0.0,0.0,0.0,-0.0,67.0,0.0,162057.094,0.0,750,0,739,0,0,0,721,0,766,0,736,0,742,0,741,0,712,0,7520,0.032,79456894976.0,0.0,0.0,784,16797,-0.0,162057.094,-114818.039,-0.0,0.133,6.909358625270745e+28,30.0,65.0,35,0.0,0.0,0.0,0.0,0.0,0.0,0.0,0.0,0.0,0.0,0.0,0.0,0.0,0.0,0.0,0.0,69.2,0,150,71,55,65476,0,300,0,1,8,20529,65476,0,0,40632,65.0,0.0,0.0,0.0,0.0,0.0
2026-09-04T20:33:22,ERR,ERR,ERR,ERR,ERR,ERR,ERR,ERR,ERR,ERR,ERR,ERR,ERR,ERR,ERR,ERR,ERR,ERR,ERR,ERR,ERR,ERR,ERR,ERR,ERR,ERR,ERR,ERR,ERR,ERR,ERR,ERR,ERR,ERR,ERR,ERR,ERR,ERR,ERR,ERR,ERR,ERR,ERR,ERR,ERR,ERR,ERR,ERR,ERR,ERR,ERR,ERR,ERR,ERR,ERR,ERR,ERR,ERR,ERR,ERR,ERR,ERR,ERR,ERR,ERR,ERR,ERR,ERR,ERR,ERR,ERR,ERR,ERR,ERR,ERR,ERR,ERR,ERR,ERR,ERR,ERR,ERR,ERR,ERR,ERR,ERR,ERR,ERR,ERR,ERR,ERR,ERR,ERR,ERR,ERR,ERR,ERR,ERR,ERR,ERR,ERR,ERR,ERR,ERR,ERR,ERR,ERR,ERR,ERR,ERR,ERR,ERR,ERR,ERR,ERR,ERR,ERR,ERR,ERR,ERR,ERR,ERR,ERR,ERR,ERR,0.0,0.0,0.0,0.0,0.0,1.3936040501711995e+18,7.805,0.0,0,0,4,0,7116,0.0,100,0.0,0.0,0.0,0.0,0.0,0,0,0,0,0.0,0,0,0,0,0,0,0,0,0,0,0,0,0,0,0,0,0,0,0,0,0,0,0,0,0,0,0,0,0,0,0,0,0,31,40,40,71,65476,0,300,0,0,8,21553,0.0,-107605600.0,0.0,0.0,0.0,0.0,0.0,0.0,0.0,0.0,0.0,0.0,0.0,0.0,0.0,0.0,0.0,0.0,0.0,0.0,0.0,0.0,-2.004,-0.0,-0.0,-2.004,0.0,0.0,0.0,0.0,6283.0,-0.0,6930.0,0.0,0.0,2.7184303811560617e+23,0.0,0.0,0.0,0.0,0.0,69,0.0,-0.0,0.0,0.0,0.0,0.0,0.0,0.0,0.0,0,0,0,0.0,0.0,0.0,0.0,0.0,0.0,0.0,0.0,0.0,0.0,0.0,0.0,0.0,0.0,0.0,0.0,0,-107875648.0,69,0.0,138,0.0,0.0,0,13107,17040,13107,17049,13107,17043,0,0,0,70,68,100,2.7302359370752657e+23,71.1,0.0,74.2,2.7302370179391762e+23,74.0,1,49,50,180,0,52429,0,0,0.0,0.0,0.0,0.0,-0.0,67.0,0.0,162057.094,0.0,751,0,739,0,0,0,721,0,766,0,736,0,742,0,741,0,712,0,7520,0.032,78920024064.0,0.0,0.0,784,16797,-0.0,162057.094,-114818.039,-0.0,0.133,6.909358625270745e+28,30.0,65.0,35,0.0,0.0,0.0,0.0,0.0,0.0,0.0,0.0,0.0,0.0,0.0,0.0,0.0,0.0,0.0,0.0,69.2,0,150,71,55,65476,0,300,0,1,8,20529,65476,0,0,40632,65.0,0.0,0.0,0.0,0.0,0.0
2026-09-04T20:33:23,ERR,ERR,ERR,ERR,ERR,ERR,ERR,ERR,ERR,ERR,ERR,ERR,ERR,ERR,ERR,ERR,ERR,ERR,ERR,ERR,ERR,ERR,ERR,ERR,ERR,ERR,ERR,ERR,ERR,ERR,ERR,ERR,ERR,ERR,ERR,ERR,ERR,ERR,ERR,ERR,ERR,ERR,ERR,ERR,ERR,ERR,ERR,ERR,ERR,ERR,ERR,ERR,ERR,ERR,ERR,ERR,ERR,ERR,ERR,ERR,ERR,ERR,ERR,ERR,ERR,ERR,ERR,ERR,ERR,ERR,ERR,ERR,ERR,ERR,ERR,ERR,ERR,ERR,ERR,ERR,ERR,ERR,ERR,ERR,ERR,ERR,ERR,ERR,ERR,ERR,ERR,ERR,ERR,ERR,ERR,ERR,ERR,ERR,ERR,ERR,ERR,ERR,ERR,ERR,ERR,ERR,ERR,ERR,ERR,ERR,ERR,ERR,ERR,ERR,ERR,ERR,ERR,ERR,ERR,ERR,ERR,ERR,ERR,ERR,ERR,0.0,0.0,0.0,0.0,0.0,1.3936040501711995e+18,7.805,0.0,0,0,4,0,7116,0.0,100,0.0,0.0,0.0,0.0,0.0,0,0,0,0,0.0,0,0,0,0,0,0,0,0,0,0,0,0,0,0,0,0,0,0,0,0,0,0,0,0,0,0,0,0,0,0,0,0,0,31,40,40,71,65476,0,300,0,0,8,21553,0.0,-107605600.0,0.0,0.0,0.0,0.0,0.0,0.0,0.0,0.0,0.0,0.0,0.0,0.0,0.0,0.0,0.0,0.0,0.0,0.0,0.0,0.0,-2.004,-0.0,-0.0,-2.004,0.0,0.0,0.0,0.0,6283.0,-0.0,6930.0,0.0,0.0,2.7184303811560617e+23,0.0,0.0,0.0,0.0,0.0,69,0.0,-0.0,0.0,0.0,0.0,0.0,0.0,0.0,0.0,0,0,0,0.0,0.0,0.0,0.0,0.0,0.0,0.0,0.0,0.0,0.0,0.0,0.0,0.0,0.0,0.0,0.0,0,-107875648.0,69,0.0,138,0.0,0.0,0,13107,17040,13107,17049,13107,17043,0,0,0,70,68,100,2.7302359370752657e+23,71.1,0.0,74.2,2.7302370179391762e+23,74.0,1,49,50,180,0,52429,0,0,0.0,0.0,0.0,0.0,-0.0,67.0,0.0,162057.094,0.0,751,0,739,0,0,0,721,0,766,0,736,0,742,0,741,0,712,0,7520,0.032,78920024064.0,0.0,0.0,784,16797,-0.0,162057.094,-114818.039,-0.0,0.133,6.909358625270745e+28,30.0,65.0,35,0.0,0.0,0.0,0.0,0.0,0.0,0.0,0.0,0.0,0.0,0.0,0.0,0.0,0.0,0.0,0.0,69.2,0,150,71,55,65476,0,300,0,1,8,20529,65476,0,0,40632,65.0,0.0,0.0,0.0,0.0,0.0
2026-09-04T20:33:24,ERR,ERR,ERR,ERR,ERR,ERR,ERR,ERR,ERR,ERR,ERR,ERR,ERR,ERR,ERR,ERR,ERR,ERR,ERR,ERR,ERR,ERR,ERR,ERR,ERR,ERR,ERR,ERR,ERR,ERR,ERR,ERR,ERR,ERR,ERR,ERR,ERR,ERR,ERR,ERR,ERR,ERR,ERR,ERR,ERR,ERR,ERR,ERR,ERR,ERR,ERR,ERR,ERR,ERR,ERR,ERR,ERR,ERR,ERR,ERR,ERR,ERR,ERR,ERR,ERR,ERR,ERR,ERR,ERR,ERR,ERR,ERR,ERR,ERR,ERR,ERR,ERR,ERR,ERR,ERR,ERR,ERR,ERR,ERR,ERR,ERR,ERR,ERR,ERR,ERR,ERR,ERR,ERR,ERR,ERR,ERR,ERR,ERR,ERR,ERR,ERR,ERR,ERR,ERR,ERR,ERR,ERR,ERR,ERR,ERR,ERR,ERR,ERR,ERR,ERR,ERR,ERR,ERR,ERR,ERR,ERR,ERR,ERR,ERR,ERR,0.0,0.0,0.0,0.0,0.0,1.3936040501711995e+18,7.805,0.0,0,0,4,0,7116,0.0,100,0.0,0.0,0.0,0.0,0.0,0,0,0,0,0.0,0,0,0,0,0,0,0,0,0,0,0,0,0,0,0,0,0,0,0,0,0,0,0,0,0,0,0,0,0,0,0,0,0,31,40,40,71,65476,0,300,0,0,8,21553,0.0,-107605600.0,0.0,0.0,0.0,0.0,0.0,0.0,0.0,0.0,0.0,0.0,0.0,0.0,0.0,0.0,0.0,0.0,0.0,0.0,0.0,0.0,-2.004,-0.0,-0.0,-2.004,0.0,0.0,0.0,0.0,6283.0,-0.0,6930.0,0.0,0.0,2.7184303811560617e+23,0.0,0.0,0.0,0.0,0.0,69,0.0,-0.0,0.0,0.0,0.0,0.0,0.0,0.0,0.0,0,0,0,0.0,0.0,0.0,0.0,0.0,0.0,0.0,0.0,0.0,0.0,0.0,0.0,0.0,0.0,0.0,0.0,0,-107875648.0,69,0.0,138,0.0,0.0,0,13107,17040,13107,17049,13107,17043,0,0,0,70,68,100,2.7302359370752657e+23,71.1,0.0,74.2,2.7302370179391762e+23,74.0,1,49,50,180,0,52429,0,0,0.0,0.0,0.0,0.0,-0.0,67.0,0.0,162057.094,0.0,751,0,739,0,0,0,721,0,766,0,736,0,742,0,741,0,712,0,7520,0.032,78920024064.0,0.0,0.0,784,16797,-0.0,162057.094,-114818.039,-0.0,0.133,6.909358625270745e+28,30.0,65.0,35,0.0,0.0,0.0,0.0,0.0,0.0,0.0,0.0,0.0,0.0,0.0,0.0,0.0,0.0,0.0,0.0,69.2,0,150,71,55,65476,0,300,0,1,8,20529,65476,0,0,40632,65.0,0.0,0.0,0.0,0.0,0.0
2026-09-04T20:33:25,ERR,ERR,ERR,ERR,ERR,ERR,ERR,ERR,ERR,ERR,ERR,ERR,ERR,ERR,ERR,ERR,ERR,ERR,ERR,ERR,ERR,ERR,ERR,ERR,ERR,ERR,ERR,ERR,ERR,ERR,ERR,ERR,ERR,ERR,ERR,ERR,ERR,ERR,ERR,ERR,ERR,ERR,ERR,ERR,ERR,ERR,ERR,ERR,ERR,ERR,ERR,ERR,ERR,ERR,ERR,ERR,ERR,ERR,ERR,ERR,ERR,ERR,ERR,ERR,ERR,ERR,ERR,ERR,ERR,ERR,ERR,ERR,ERR,ERR,ERR,ERR,ERR,ERR,ERR,ERR,ERR,ERR,ERR,ERR,ERR,ERR,ERR,ERR,ERR,ERR,ERR,ERR,ERR,ERR,ERR,ERR,ERR,ERR,ERR,ERR,ERR,ERR,ERR,ERR,ERR,ERR,ERR,ERR,ERR,ERR,ERR,ERR,ERR,ERR,ERR,ERR,ERR,ERR,ERR,ERR,ERR,ERR,ERR,ERR,ERR,0.0,0.0,0.0,0.0,0.0,1.3936040501711995e+18,7.805,0.0,0,0,4,0,7116,0.0,100,0.0,0.0,0.0,0.0,0.0,0,0,0,0,0.0,0,0,0,0,0,0,0,0,0,0,0,0,0,0,0,0,0,0,0,0,0,0,0,0,0,0,0,0,0,0,0,0,0,31,40,40,71,65476,0,300,0,0,8,21553,0.0,-107605600.0,0.0,0.0,0.0,0.0,0.0,0.0,0.0,0.0,0.0,0.0,0.0,0.0,0.0,0.0,0.0,0.0,0.0,0.0,0.0,0.0,-2.004,-0.0,-0.0,-2.004,0.0,0.0,0.0,0.0,6283.0,-0.0,6930.0,0.0,0.0,2.7184303811560617e+23,0.0,0.0,0.0,0.0,0.0,69,0.0,-0.0,0.0,0.0,0.0,0.0,0.0,0.0,0.0,0,0,0,0.0,0.0,0.0,0.0,0.0,0.0,0.0,0.0,0.0,0.0,0.0,0.0,0.0,0.0,0.0,0.0,0,-107875648.0,69,0.0,138,0.0,0.0,0,13107,17040,13107,17049,13107,17043,0,0,0,70,68,100,2.7302359370752657e+23,71.1,0.0,74.2,2.7302370179391762e+23,74.0,1,49,50,180,0,52429,0,0,0.0,0.0,0.0,0.0,-0.0,67.0,0.0,162057.094,0.0,751,0,739,0,0,0,721,0,766,0,736,0,742,0,741,0,712,0,7520,0.032,78920024064.0,0.0,0.0,784,16797,-0.0,162057.094,-114818.039,-0.0,0.133,6.909358625270745e+28,30.0,65.0,35,0.0,0.0,0.0,0.0,0.0,0.0,0.0,0.0,0.0,0.0,0.0,0.0,0.0,0.0,0.0,0.0,69.2,0,150,71,55,65476,0,300,0,1,8,20529,65476,0,0,40632,65.0,0.0,0.0,0.0,0.0,0.0
2026-09-04T20:33:26,ERR,ERR,ERR,ERR,ERR,ERR,ERR,ERR,ERR,ERR,ERR,ERR,ERR,ERR,ERR,ERR,ERR,ERR,ERR,ERR,ERR,ERR,ERR,ERR,ERR,ERR,ERR,ERR,ERR,ERR,ERR,ERR,ERR,ERR,ERR,ERR,ERR,ERR,ERR,ERR,ERR,ERR,ERR,ERR,ERR,ERR,ERR,ERR,ERR,ERR,ERR,ERR,ERR,ERR,ERR,ERR,ERR,ERR,ERR,ERR,ERR,ERR,ERR,ERR,ERR,ERR,ERR,ERR,ERR,ERR,ERR,ERR,ERR,ERR,ERR,ERR,ERR,ERR,ERR,ERR,ERR,ERR,ERR,ERR,ERR,ERR,ERR,ERR,ERR,ERR,ERR,ERR,ERR,ERR,ERR,ERR,ERR,ERR,ERR,ERR,ERR,ERR,ERR,ERR,ERR,ERR,ERR,ERR,ERR,ERR,ERR,ERR,ERR,ERR,ERR,ERR,ERR,ERR,ERR,ERR,ERR,ERR,ERR,ERR,ERR,0.0,0.0,0.0,0.0,0.0,1.3936040501711995e+18,7.805,0.0,0,0,4,0,7116,0.0,100,0.0,0.0,0.0,0.0,0.0,0,0,0,0,0.0,0,0,0,0,0,0,0,0,0,0,0,0,0,0,0,0,0,0,0,0,0,0,0,0,0,0,0,0,0,0,0,0,0,31,40,40,71,65476,0,300,0,0,8,21553,0.0,-107605600.0,0.0,0.0,0.0,0.0,0.0,0.0,0.0,0.0,0.0,0.0,0.0,0.0,0.0,0.0,0.0,0.0,0.0,0.0,0.0,0.0,-2.004,-0.0,-0.0,-2.004,0.0,0.0,0.0,0.0,6287.0,-0.0,6934.0,0.0,0.0,2.7184303811560617e+23,0.0,0.0,0.0,0.0,0.0,69,0.0,-71.63,0.0,0.0,0.0,0.0,0.0,0.0,0.0,0,0,0,0.0,0.0,0.0,0.0,0.0,0.0,0.0,0.0,0.0,0.0,0.0,0.0,0.0,0.0,0.0,0.0,0,-107875648.0,69,0.0,138,0.0,0.0,0,13107,17040,13107,17049,13107,17043,0,0,0,70,68,100,2.7302359370752657e+23,71.1,0.0,74.2,2.7302370179391762e+23,74.0,1,49,50,180,0,52429,0,0,0.0,0.0,0.0,0.0,-0.0,67.0,0.0,162057.094,0.0,751,0,739,0,0,0,721,0,766,0,736,0,742,0,741,0,712,0,7520,0.032,78920024064.0,0.0,0.0,784,16797,-0.0,162057.094,-114818.039,-0.0,0.133,6.909358625270745e+28,30.0,65.0,35,0.0,0.0,0.0,0.0,0.0,0.0,0.0,0.0,0.0,0.0,0.0,0.0,0.0,0.0,0.0,0.0,69.2,0,150,71,55,65476,0,300,0,1,8,20529,65476,0,0,40632,65.0,0.0,0.0,0.0,0.0,0.0
2026-09-04T20:33:27,ERR,ERR,ERR,ERR,ERR,ERR,ERR,ERR,ERR,ERR,ERR,ERR,ERR,ERR,ERR,ERR,ERR,ERR,ERR,ERR,ERR,ERR,ERR,ERR,ERR,ERR,ERR,ERR,ERR,ERR,ERR,ERR,ERR,ERR,ERR,ERR,ERR,ERR,ERR,ERR,ERR,ERR,ERR,ERR,ERR,ERR,ERR,ERR,ERR,ERR,ERR,ERR,ERR,ERR,ERR,ERR,ERR,ERR,ERR,ERR,ERR,ERR,ERR,ERR,ERR,ERR,ERR,ERR,ERR,ERR,ERR,ERR,ERR,ERR,ERR,ERR,ERR,ERR,ERR,ERR,ERR,ERR,ERR,ERR,ERR,ERR,ERR,ERR,ERR,ERR,ERR,ERR,ERR,ERR,ERR,ERR,ERR,ERR,ERR,ERR,ERR,ERR,ERR,ERR,ERR,ERR,ERR,ERR,ERR,ERR,ERR,ERR,ERR,ERR,ERR,ERR,ERR,ERR,ERR,ERR,ERR,ERR,ERR,ERR,ERR,0.0,0.0,0.0,0.0,0.0,1.3936040501711995e+18,7.805,0.0,0,0,4,0,7116,0.0,100,0.0,0.0,0.0,0.0,0.0,0,0,0,0,0.0,0,0,0,0,0,0,0,0,0,0,0,0,0,0,0,0,0,0,0,0,0,0,0,0,0,0,0,0,0,0,0,0,0,31,40,40,71,65476,0,300,0,0,8,21553,0.0,-107605600.0,0.0,0.0,0.0,0.0,0.0,0.0,0.0,0.0,0.0,0.0,0.0,0.0,0.0,0.0,0.0,0.0,0.0,0.0,0.0,0.0,-2.004,-0.0,-0.0,-2.004,0.0,0.0,0.0,0.0,6287.0,-0.0,6934.0,0.0,0.0,2.7184303811560617e+23,0.0,0.0,0.0,0.0,0.0,69,0.0,-71.63,0.0,0.0,0.0,0.0,0.0,0.0,0.0,0,0,0,0.0,0.0,0.0,0.0,0.0,0.0,0.0,0.0,0.0,0.0,0.0,0.0,0.0,0.0,0.0,0.0,0,-107875648.0,69,0.0,138,0.0,0.0,0,13107,17040,13107,17049,13107,17043,0,0,0,70,68,100,2.7302359370752657e+23,71.1,0.0,74.2,2.7302370179391762e+23,74.0,1,49,50,180,0,52429,0,0,0.0,0.0,0.0,0.0,-0.0,67.0,0.0,162057.094,0.0,751,0,739,0,0,0,721,0,766,0,736,0,742,0,741,0,712,0,7520,0.032,78920024064.0,0.0,0.0,784,16797,-0.0,162057.094,-114818.039,-0.0,0.133,6.909358625270745e+28,30.0,65.0,35,0.0,0.0,0.0,0.0,0.0,0.0,0.0,0.0,0.0,0.0,0.0,0.0,0.0,0.0,0.0,0.0,69.2,0,150,71,55,65476,0,300,0,1,8,20529,65476,0,0,40632,65.0,0.0,0.0,0.0,0.0,0.0
2026-09-04T20:33:28,ERR,ERR,ERR,ERR,ERR,ERR,ERR,ERR,ERR,ERR,ERR,ERR,ERR,ERR,ERR,ERR,ERR,ERR,ERR,ERR,ERR,ERR,ERR,ERR,ERR,ERR,ERR,ERR,ERR,ERR,ERR,ERR,ERR,ERR,ERR,ERR,ERR,ERR,ERR,ERR,ERR,ERR,ERR,ERR,ERR,ERR,ERR,ERR,ERR,ERR,ERR,ERR,ERR,ERR,ERR,ERR,ERR,ERR,ERR,ERR,ERR,ERR,ERR,ERR,ERR,ERR,ERR,ERR,ERR,ERR,ERR,ERR,ERR,ERR,ERR,ERR,ERR,ERR,ERR,ERR,ERR,ERR,ERR,ERR,ERR,ERR,ERR,ERR,ERR,ERR,ERR,ERR,ERR,ERR,ERR,ERR,ERR,ERR,ERR,ERR,ERR,ERR,ERR,ERR,ERR,ERR,ERR,ERR,ERR,ERR,ERR,ERR,ERR,ERR,ERR,ERR,ERR,ERR,ERR,ERR,ERR,ERR,ERR,ERR,ERR,0.0,0.0,0.0,0.0,0.0,1.3936040501711995e+18,7.805,0.0,0,0,4,0,7116,0.0,100,0.0,0.0,0.0,0.0,0.0,0,0,0,0,0.0,0,0,0,0,0,0,0,0,0,0,0,0,0,0,0,0,0,0,0,0,0,0,0,0,0,0,0,0,0,0,0,0,0,31,40,40,71,65476,0,300,0,0,8,21553,0.0,-107605600.0,0.0,0.0,0.0,0.0,0.0,0.0,0.0,0.0,0.0,0.0,0.0,0.0,0.0,0.0,0.0,0.0,0.0,0.0,0.0,0.0,-2.004,-0.0,-0.0,-2.004,0.0,0.0,0.0,0.0,6287.0,-0.0,6934.0,0.0,0.0,2.7184303811560617e+23,0.0,0.0,0.0,0.0,0.0,69,0.0,-71.63,0.0,0.0,0.0,0.0,0.0,0.0,0.0,0,0,0,0.0,0.0,0.0,0.0,0.0,0.0,0.0,0.0,0.0,0.0,0.0,0.0,0.0,0.0,0.0,0.0,0,-107875648.0,69,0.0,138,0.0,0.0,0,13107,17040,13107,17049,13107,17043,0,0,0,70,68,100,2.7302359370752657e+23,71.2,0.0,74.2,2.7302370179391762e+23,74.0,1,49,50,180,13107,52429,0,0,0.0,0.0,0.0,0.0,-0.0,67.0,0.0,162057.094,0.0,750,0,739,0,0,0,721,0,766,0,736,0,742,0,741,0,712,0,7520,0.032,78920024064.0,0.0,0.0,784,16797,-0.0,162057.094,-114818.039,-0.0,0.133,6.909358625270745e+28,30.0,65.0,35,0.0,0.0,0.0,0.0,0.0,0.0,0.0,0.0,0.0,0.0,0.0,0.0,0.0,0.0,0.0,0.0,69.2,0,150,71,55,65476,0,300,0,1,8,20529,65476,0,0,40632,65.0,0.0,0.0,0.0,0.0,0.0
2026-09-04T20:33:29,ERR,ERR,ERR,ERR,ERR,ERR,ERR,ERR,ERR,ERR,ERR,ERR,ERR,ERR,ERR,ERR,ERR,ERR,ERR,ERR,ERR,ERR,ERR,ERR,ERR,ERR,ERR,ERR,ERR,ERR,ERR,ERR,ERR,ERR,ERR,ERR,ERR,ERR,ERR,ERR,ERR,ERR,ERR,ERR,ERR,ERR,ERR,ERR,ERR,ERR,ERR,ERR,ERR,ERR,ERR,ERR,ERR,ERR,ERR,ERR,ERR,ERR,ERR,ERR,ERR,ERR,ERR,ERR,ERR,ERR,ERR,ERR,ERR,ERR,ERR,ERR,ERR,ERR,ERR,ERR,ERR,ERR,ERR,ERR,ERR,ERR,ERR,ERR,ERR,ERR,ERR,ERR,ERR,ERR,ERR,ERR,ERR,ERR,ERR,ERR,ERR,ERR,ERR,ERR,ERR,ERR,ERR,ERR,ERR,ERR,ERR,ERR,ERR,ERR,ERR,ERR,ERR,ERR,ERR,ERR,ERR,ERR,ERR,ERR,ERR,0.0,0.0,0.0,0.0,0.0,1.3936040501711995e+18,7.805,0.0,0,0,4,0,7116,0.0,100,0.0,0.0,0.0,0.0,0.0,0,0,0,0,0.0,0,0,0,0,0,0,0,0,0,0,0,0,0,0,0,0,0,0,0,0,0,0,0,0,0,0,0,0,0,0,0,0,0,31,40,40,71,65476,0,300,0,0,8,21553,0.0,-107605600.0,0.0,0.0,0.0,0.0,0.0,0.0,0.0,0.0,0.0,0.0,0.0,0.0,0.0,0.0,0.0,0.0,0.0,0.0,0.0,0.0,-2.004,-0.0,-0.0,-2.004,0.0,0.0,0.0,0.0,6287.0,-0.0,6934.0,0.0,0.0,2.7184303811560617e+23,0.0,0.0,0.0,0.0,0.0,69,0.0,-71.63,0.0,0.0,0.0,0.0,0.0,0.0,0.0,0,0,0,0.0,0.0,0.0,0.0,0.0,0.0,0.0,0.0,0.0,0.0,0.0,0.0,0.0,0.0,0.0,0.0,0,-107875648.0,69,0.0,138,0.0,0.0,0,13107,17040,13107,17049,13107,17043,0,0,0,70,68,100,2.7302359370752657e+23,71.2,0.0,74.2,2.7302370179391762e+23,74.0,1,49,50,180,13107,52429,0,0,0.0,0.0,0.0,0.0,-0.0,67.0,0.0,162057.094,0.0,750,0,739,0,0,0,721,0,766,0,736,0,742,0,741,0,712,0,7520,0.032,78920024064.0,0.0,0.0,784,16797,-0.0,162057.094,-114818.039,-0.0,0.133,6.909358625270745e+28,30.0,65.0,35,0.0,0.0,0.0,0.0,0.0,0.0,0.0,0.0,0.0,0.0,0.0,0.0,0.0,0.0,0.0,0.0,69.2,0,150,71,55,65476,0,300,0,1,8,20529,65476,0,0,40632,65.0,0.0,0.0,0.0,0.0,0.0
2026-09-04T20:33:30,ERR,ERR,ERR,ERR,ERR,ERR,ERR,ERR,ERR,ERR,ERR,ERR,ERR,ERR,ERR,ERR,ERR,ERR,ERR,ERR,ERR,ERR,ERR,ERR,ERR,ERR,ERR,ERR,ERR,ERR,ERR,ERR,ERR,ERR,ERR,ERR,ERR,ERR,ERR,ERR,ERR,ERR,ERR,ERR,ERR,ERR,ERR,ERR,ERR,ERR,ERR,ERR,ERR,ERR,ERR,ERR,ERR,ERR,ERR,ERR,ERR,ERR,ERR,ERR,ERR,ERR,ERR,ERR,ERR,ERR,ERR,ERR,ERR,ERR,ERR,ERR,ERR,ERR,ERR,ERR,ERR,ERR,ERR,ERR,ERR,ERR,ERR,ERR,ERR,ERR,ERR,ERR,ERR,ERR,ERR,ERR,ERR,ERR,ERR,ERR,ERR,ERR,ERR,ERR,ERR,ERR,ERR,ERR,ERR,ERR,ERR,ERR,ERR,ERR,ERR,ERR,ERR,ERR,ERR,ERR,ERR,ERR,ERR,ERR,ERR,0.0,0.0,0.0,0.0,0.0,1.3936040501711995e+18,7.805,0.0,0,0,4,0,7116,0.0,100,0.0,0.0,0.0,0.0,0.0,0,0,0,0,0.0,0,0,0,0,0,0,0,0,0,0,0,0,0,0,0,0,0,0,0,0,0,0,0,0,0,0,0,0,0,0,0,0,0,31,40,40,71,65476,0,300,0,0,8,21553,0.0,-107605600.0,0.0,0.0,0.0,0.0,0.0,0.0,0.0,0.0,0.0,0.0,0.0,0.0,0.0,0.0,0.0,0.0,0.0,0.0,0.0,0.0,-2.004,-0.0,-0.0,-2.004,0.0,0.0,0.0,0.0,6287.0,-0.0,6934.0,0.0,0.0,2.7184303811560617e+23,0.0,0.0,0.0,0.0,0.0,69,0.0,-71.63,0.0,0.0,0.0,0.0,0.0,0.0,0.0,0,0,0,0.0,0.0,0.0,0.0,0.0,0.0,0.0,0.0,0.0,0.0,0.0,0.0,0.0,0.0,0.0,0.0,0,-107875648.0,69,0.0,138,0.0,0.0,0,13107,17040,13107,17049,13107,17043,0,0,0,70,68,100,2.7302359370752657e+23,71.2,0.0,74.2,2.7302370179391762e+23,74.0,1,49,50,180,13107,52429,0,0,0.0,0.0,0.0,0.0,-0.0,67.0,0.0,162057.094,0.0,750,0,739,0,0,0,721,0,766,0,736,0,742,0,741,0,712,0,7520,0.032,78920024064.0,0.0,0.0,784,16797,-0.0,162057.094,-114818.039,-0.0,0.133,6.909358625270745e+28,30.0,65.0,35,0.0,0.0,0.0,0.0,0.0,0.0,0.0,0.0,0.0,0.0,0.0,0.0,0.0,0.0,0.0,0.0,69.2,0,150,71,55,65476,0,300,0,1,8,20529,65476,0,0,40632,65.0,0.0,0.0,0.0,0.0,0.0
2026-09-04T20:33:31,ERR,ERR,ERR,ERR,ERR,ERR,ERR,ERR,ERR,ERR,ERR,ERR,ERR,ERR,ERR,ERR,ERR,ERR,ERR,ERR,ERR,ERR,ERR,ERR,ERR,ERR,ERR,ERR,ERR,ERR,ERR,ERR,ERR,ERR,ERR,ERR,ERR,ERR,ERR,ERR,ERR,ERR,ERR,ERR,ERR,ERR,ERR,ERR,ERR,ERR,ERR,ERR,ERR,ERR,ERR,ERR,ERR,ERR,ERR,ERR,ERR,ERR,ERR,ERR,ERR,ERR,ERR,ERR,ERR,ERR,ERR,ERR,ERR,ERR,ERR,ERR,ERR,ERR,ERR,ERR,ERR,ERR,ERR,ERR,ERR,ERR,ERR,ERR,ERR,ERR,ERR,ERR,ERR,ERR,ERR,ERR,ERR,ERR,ERR,ERR,ERR,ERR,ERR,ERR,ERR,ERR,ERR,ERR,ERR,ERR,ERR,ERR,ERR,ERR,ERR,ERR,ERR,ERR,ERR,ERR,ERR,ERR,ERR,ERR,ERR,0.0,0.0,0.0,0.0,0.0,1.3936040501711995e+18,7.805,0.0,0,0,4,0,7116,0.0,100,0.0,0.0,0.0,0.0,0.0,0,0,0,0,0.0,0,0,0,0,0,0,0,0,0,0,0,0,0,0,0,0,0,0,0,0,0,0,0,0,0,0,0,0,0,0,0,0,0,31,40,40,71,65476,0,300,0,0,8,21553,0.0,-107605600.0,0.0,0.0,0.0,0.0,0.0,0.0,0.0,0.0,0.0,0.0,0.0,0.0,0.0,0.0,0.0,0.0,0.0,0.0,0.0,0.0,-2.004,-0.0,-0.0,-2.004,0.0,0.0,0.0,0.0,6287.0,-0.0,6934.0,0.0,0.0,2.7184303811560617e+23,0.0,0.0,0.0,0.0,0.0,69,0.0,-71.63,0.0,0.0,0.0,0.0,0.0,0.0,0.0,0,0,0,0.0,0.0,0.0,0.0,0.0,0.0,0.0,0.0,0.0,0.0,0.0,0.0,0.0,0.0,0.0,0.0,0,-107875648.0,69,0.0,138,0.0,0.0,0,13107,17040,13107,17049,13107,17043,0,0,0,70,68,100,2.7302359370752657e+23,71.2,0.0,74.2,2.7302370179391762e+23,74.0,1,49,50,180,13107,52429,0,0,0.0,0.0,0.0,0.0,-0.0,67.0,0.0,162057.094,0.0,750,0,739,0,0,0,721,0,766,0,736,0,742,0,741,0,712,0,7520,0.032,78920024064.0,0.0,0.0,784,16797,-0.0,162057.094,-114818.039,-0.0,0.133,6.909358625270745e+28,30.0,65.0,35,0.0,0.0,0.0,0.0,0.0,0.0,0.0,0.0,0.0,0.0,0.0,0.0,0.0,0.0,0.0,0.0,69.2,0,150,71,55,65476,0,300,0,1,8,20529,65476,0,0,40632,65.0,0.0,0.0,0.0,0.0,0.0
2026-09-04T20:33:32,ERR,ERR,ERR,ERR,ERR,ERR,ERR,ERR,ERR,ERR,ERR,ERR,ERR,ERR,ERR,ERR,ERR,ERR,ERR,ERR,ERR,ERR,ERR,ERR,ERR,ERR,ERR,ERR,ERR,ERR,ERR,ERR,ERR,ERR,ERR,ERR,ERR,ERR,ERR,ERR,ERR,ERR,ERR,ERR,ERR,ERR,ERR,ERR,ERR,ERR,ERR,ERR,ERR,ERR,ERR,ERR,ERR,ERR,ERR,ERR,ERR,ERR,ERR,ERR,ERR,ERR,ERR,ERR,ERR,ERR,ERR,ERR,ERR,ERR,ERR,ERR,ERR,ERR,ERR,ERR,ERR,ERR,ERR,ERR,ERR,ERR,ERR,ERR,ERR,ERR,ERR,ERR,ERR,ERR,ERR,ERR,ERR,ERR,ERR,ERR,ERR,ERR,ERR,ERR,ERR,ERR,ERR,ERR,ERR,ERR,ERR,ERR,ERR,ERR,ERR,ERR,ERR,ERR,ERR,ERR,ERR,ERR,ERR,ERR,ERR,0.0,0.0,0.0,0.0,0.0,1.3936040501711995e+18,7.805,0.0,0,0,4,0,7116,0.0,100,0.0,0.0,0.0,0.0,0.0,0,0,0,0,0.0,0,0,0,0,0,0,0,0,0,0,0,0,0,0,0,0,0,0,0,0,0,0,0,0,0,0,0,0,0,0,0,0,0,31,40,40,71,65476,0,300,0,0,8,21553,0.0,-107605600.0,0.0,0.0,0.0,0.0,0.0,0.0,0.0,0.0,0.0,0.0,0.0,0.0,0.0,0.0,0.0,0.0,0.0,0.0,0.0,0.0,-2.004,-0.0,-0.0,-2.004,0.0,0.0,0.0,0.0,6287.0,-0.0,6934.0,0.0,0.0,2.7184303811560617e+23,0.0,0.0,0.0,0.0,0.0,69,0.0,-71.63,0.0,0.0,0.0,0.0,0.0,0.0,0.0,0,0,0,0.0,0.0,0.0,0.0,0.0,0.0,0.0,0.0,0.0,0.0,0.0,0.0,0.0,0.0,0.0,0.0,0,-107875648.0,69,0.0,138,0.0,0.0,0,13107,17040,13107,17049,13107,17043,0,0,0,70,68,100,2.7302359370752657e+23,71.2,0.0,74.2,2.7302370179391762e+23,74.0,1,49,50,180,13107,52429,0,0,0.0,0.0,0.0,0.0,-0.0,67.0,0.0,162057.094,0.0,750,0,739,0,0,0,721,0,766,0,736,0,742,0,741,0,712,0,7520,0.032,78920024064.0,0.0,0.0,784,16797,-0.0,162057.094,-114818.039,-0.0,0.133,6.909358625270745e+28,30.0,65.0,35,0.0,0.0,0.0,0.0,0.0,0.0,0.0,0.0,0.0,0.0,0.0,0.0,0.0,0.0,0.0,0.0,69.2,0,150,71,55,65476,0,300,0,1,8,20529,65476,0,0,40632,65.0,0.0,0.0,0.0,0.0,0.0
2026-09-04T20:33:33,ERR,ERR,ERR,ERR,ERR,ERR,ERR,ERR,ERR,ERR,ERR,ERR,ERR,ERR,ERR,ERR,ERR,ERR,ERR,ERR,ERR,ERR,ERR,ERR,ERR,ERR,ERR,ERR,ERR,ERR,ERR,ERR,ERR,ERR,ERR,ERR,ERR,ERR,ERR,ERR,ERR,ERR,ERR,ERR,ERR,ERR,ERR,ERR,ERR,ERR,ERR,ERR,ERR,ERR,ERR,ERR,ERR,ERR,ERR,ERR,ERR,ERR,ERR,ERR,ERR,ERR,ERR,ERR,ERR,ERR,ERR,ERR,ERR,ERR,ERR,ERR,ERR,ERR,ERR,ERR,ERR,ERR,ERR,ERR,ERR,ERR,ERR,ERR,ERR,ERR,ERR,ERR,ERR,ERR,ERR,ERR,ERR,ERR,ERR,ERR,ERR,ERR,ERR,ERR,ERR,ERR,ERR,ERR,ERR,ERR,ERR,ERR,ERR,ERR,ERR,ERR,ERR,ERR,ERR,ERR,ERR,ERR,ERR,ERR,ERR,0.0,0.0,0.0,0.0,0.0,1.3936040501711995e+18,7.805,0.0,0,0,4,0,7116,0.0,100,0.0,0.0,0.0,0.0,0.0,0,0,0,0,0.0,0,0,0,0,0,0,0,0,0,0,0,0,0,0,0,0,0,0,0,0,0,0,0,0,0,0,0,0,0,0,0,0,0,31,40,40,71,65476,0,300,0,0,8,21553,0.0,-107605600.0,0.0,0.0,0.0,0.0,0.0,0.0,0.0,0.0,0.0,0.0,0.0,0.0,0.0,0.0,0.0,0.0,0.0,0.0,0.0,0.0,-2.004,-0.0,-0.0,-2.004,0.0,0.0,0.0,0.0,6281.0,131351.062,6921.0,0.0,0.0,2.7184303811560617e+23,0.0,0.0,0.0,0.0,0.0,69,-4.066882747792088e+29,0.059,0.0,0.0,0.0,0.0,0.0,0.0,0.0,0,0,0,0.0,0.0,0.0,0.0,0.0,0.0,0.0,0.0,0.0,0.0,0.0,0.0,0.0,0.0,0.0,0.0,0,-107875648.0,69,0.0,138,0.0,0.0,0,13107,17040,13107,17049,13107,17043,0,0,0,70,68,100,2.7302359370752657e+23,71.2,0.0,74.2,2.7302370179391762e+23,74.0,1,49,50,180,0,52429,0,0,0.0,0.0,0.0,0.0,-0.0,67.0,0.0,162057.094,0.0,750,0,739,0,0,0,721,0,766,0,736,0,742,0,742,0,712,0,7520,0.032,79456894976.0,0.0,0.0,784,16797,-0.0,162057.094,-114818.039,-0.0,0.133,6.909358625270745e+28,30.0,65.0,35,0.0,0.0,0.0,0.0,0.0,0.0,0.0,0.0,0.0,0.0,0.0,0.0,0.0,0.0,0.0,0.0,69.2,0,150,71,55,65476,0,300,0,1,8,20529,65476,0,0,40632,65.0,0.0,0.0,0.0,0.0,0.0
2026-09-04T20:33:34,ERR,ERR,ERR,ERR,ERR,ERR,ERR,ERR,ERR,ERR,ERR,ERR,ERR,ERR,ERR,ERR,ERR,ERR,ERR,ERR,ERR,ERR,ERR,ERR,ERR,ERR,ERR,ERR,ERR,ERR,ERR,ERR,ERR,ERR,ERR,ERR,ERR,ERR,ERR,ERR,ERR,ERR,ERR,ERR,ERR,ERR,ERR,ERR,ERR,ERR,ERR,ERR,ERR,ERR,ERR,ERR,ERR,ERR,ERR,ERR,ERR,ERR,ERR,ERR,ERR,ERR,ERR,ERR,ERR,ERR,ERR,ERR,ERR,ERR,ERR,ERR,ERR,ERR,ERR,ERR,ERR,ERR,ERR,ERR,ERR,ERR,ERR,ERR,ERR,ERR,ERR,ERR,ERR,ERR,ERR,ERR,ERR,ERR,ERR,ERR,ERR,ERR,ERR,ERR,ERR,ERR,ERR,ERR,ERR,ERR,ERR,ERR,ERR,ERR,ERR,ERR,ERR,ERR,ERR,ERR,ERR,ERR,ERR,ERR,ERR,0.0,0.0,0.0,0.0,0.0,1.3936040501711995e+18,7.805,0.0,0,0,4,0,7116,0.0,100,0.0,0.0,0.0,0.0,0.0,0,0,0,0,0.0,0,0,0,0,0,0,0,0,0,0,0,0,0,0,0,0,0,0,0,0,0,0,0,0,0,0,0,0,0,0,0,0,0,31,40,40,71,65476,0,300,0,0,8,21553,0.0,-107605600.0,0.0,0.0,0.0,0.0,0.0,0.0,0.0,0.0,0.0,0.0,0.0,0.0,0.0,0.0,0.0,0.0,0.0,0.0,0.0,0.0,-2.004,-0.0,-0.0,-2.004,0.0,0.0,0.0,0.0,6281.0,131351.062,6921.0,0.0,0.0,2.7184303811560617e+23,0.0,0.0,0.0,0.0,0.0,69,-4.066882747792088e+29,0.059,0.0,0.0,0.0,0.0,0.0,0.0,0.0,0,0,0,0.0,0.0,0.0,0.0,0.0,0.0,0.0,0.0,0.0,0.0,0.0,0.0,0.0,0.0,0.0,0.0,0,-107875648.0,69,0.0,138,0.0,0.0,0,13107,17040,13107,17049,13107,17043,0,0,0,70,68,100,2.7302359370752657e+23,71.2,0.0,74.2,2.7302370179391762e+23,74.0,1,49,50,180,0,52429,0,0,0.0,0.0,0.0,0.0,-0.0,67.0,0.0,162057.094,0.0,750,0,739,0,0,0,721,0,766,0,736,0,742,0,742,0,712,0,7520,0.032,79456894976.0,0.0,0.0,784,16797,-0.0,162057.094,-114818.039,-0.0,0.133,6.909358625270745e+28,30.0,65.0,35,0.0,0.0,0.0,0.0,0.0,0.0,0.0,0.0,0.0,0.0,0.0,0.0,0.0,0.0,0.0,0.0,69.6,0,150,71,55,65476,0,300,0,1,8,20529,65476,0,0,40632,65.0,0.0,0.0,0.0,0.0,0.0
2026-09-04T20:33:35,ERR,ERR,ERR,ERR,ERR,ERR,ERR,ERR,ERR,ERR,ERR,ERR,ERR,ERR,ERR,ERR,ERR,ERR,ERR,ERR,ERR,ERR,ERR,ERR,ERR,ERR,ERR,ERR,ERR,ERR,ERR,ERR,ERR,ERR,ERR,ERR,ERR,ERR,ERR,ERR,ERR,ERR,ERR,ERR,ERR,ERR,ERR,ERR,ERR,ERR,ERR,ERR,ERR,ERR,ERR,ERR,ERR,ERR,ERR,ERR,ERR,ERR,ERR,ERR,ERR,ERR,ERR,ERR,ERR,ERR,ERR,ERR,ERR,ERR,ERR,ERR,ERR,ERR,ERR,ERR,ERR,ERR,ERR,ERR,ERR,ERR,ERR,ERR,ERR,ERR,ERR,ERR,ERR,ERR,ERR,ERR,ERR,ERR,ERR,ERR,ERR,ERR,ERR,ERR,ERR,ERR,ERR,ERR,ERR,ERR,ERR,ERR,ERR,ERR,ERR,ERR,ERR,ERR,ERR,ERR,ERR,ERR,ERR,ERR,ERR,0.0,0.0,0.0,0.0,0.0,1.3936040501711995e+18,7.805,0.0,0,0,4,0,7116,0.0,100,0.0,0.0,0.0,0.0,0.0,0,0,0,0,0.0,0,0,0,0,0,0,0,0,0,0,0,0,0,0,0,0,0,0,0,0,0,0,0,0,0,0,0,0,0,0,0,0,0,31,40,40,71,65476,0,300,0,0,8,21553,0.0,-107605600.0,0.0,0.0,0.0,0.0,0.0,0.0,0.0,0.0,0.0,0.0,0.0,0.0,0.0,0.0,0.0,0.0,0.0,0.0,0.0,0.0,-2.004,-0.0,-0.0,-2.004,0.0,0.0,0.0,0.0,6281.0,131351.062,6921.0,0.0,0.0,2.7184303811560617e+23,0.0,0.0,0.0,0.0,0.0,69,-4.066882747792088e+29,0.059,0.0,0.0,0.0,0.0,0.0,0.0,0.0,0,0,0,0.0,0.0,0.0,0.0,0.0,0.0,0.0,0.0,0.0,0.0,0.0,0.0,0.0,0.0,0.0,0.0,0,-107875648.0,69,0.0,138,0.0,0.0,0,13107,17040,13107,17049,13107,17043,0,0,0,70,68,100,2.7302359370752657e+23,71.2,0.0,74.2,2.7302370179391762e+23,74.0,1,49,50,180,0,52429,0,0,0.0,0.0,0.0,0.0,-0.0,67.0,0.0,162057.094,0.0,750,0,739,0,0,0,721,0,766,0,736,0,742,0,742,0,712,0,7520,0.032,79456894976.0,0.0,0.0,784,16797,-0.0,162057.094,-114818.039,-0.0,0.133,6.909358625270745e+28,30.0,65.0,35,0.0,0.0,0.0,0.0,0.0,0.0,0.0,0.0,0.0,0.0,0.0,0.0,0.0,0.0,0.0,0.0,69.6,0,150,71,55,65476,0,300,0,1,8,20529,65476,0,0,40632,65.0,0.0,0.0,0.0,0.0,0.0
2026-09-04T20:33:36,ERR,ERR,ERR,ERR,ERR,ERR,ERR,ERR,ERR,ERR,ERR,ERR,ERR,ERR,ERR,ERR,ERR,ERR,ERR,ERR,ERR,ERR,ERR,ERR,ERR,ERR,ERR,ERR,ERR,ERR,ERR,ERR,ERR,ERR,ERR,ERR,ERR,ERR,ERR,ERR,ERR,ERR,ERR,ERR,ERR,ERR,ERR,ERR,ERR,ERR,ERR,ERR,ERR,ERR,ERR,ERR,ERR,ERR,ERR,ERR,ERR,ERR,ERR,ERR,ERR,ERR,ERR,ERR,ERR,ERR,ERR,ERR,ERR,ERR,ERR,ERR,ERR,ERR,ERR,ERR,ERR,ERR,ERR,ERR,ERR,ERR,ERR,ERR,ERR,ERR,ERR,ERR,ERR,ERR,ERR,ERR,ERR,ERR,ERR,ERR,ERR,ERR,ERR,ERR,ERR,ERR,ERR,ERR,ERR,ERR,ERR,ERR,ERR,ERR,ERR,ERR,ERR,ERR,ERR,ERR,ERR,ERR,ERR,ERR,ERR,0.0,0.0,0.0,0.0,0.0,1.3936040501711995e+18,7.805,0.0,0,0,4,0,7116,0.0,100,0.0,0.0,0.0,0.0,0.0,0,0,0,0,0.0,0,0,0,0,0,0,0,0,0,0,0,0,0,0,0,0,0,0,0,0,0,0,0,0,0,0,0,0,0,0,0,0,0,31,40,40,71,65476,0,300,0,0,8,21553,0.0,-107605600.0,0.0,0.0,0.0,0.0,0.0,0.0,0.0,0.0,0.0,0.0,0.0,0.0,0.0,0.0,0.0,0.0,0.0,0.0,0.0,0.0,-2.004,-0.0,-0.0,-2.004,0.0,0.0,0.0,0.0,6281.0,131351.062,6921.0,0.0,0.0,2.7184303811560617e+23,0.0,0.0,0.0,0.0,0.0,69,-4.066882747792088e+29,0.059,0.0,0.0,0.0,0.0,0.0,0.0,0.0,0,0,0,0.0,0.0,0.0,0.0,0.0,0.0,0.0,0.0,0.0,0.0,0.0,0.0,0.0,0.0,0.0,0.0,0,-107875648.0,69,0.0,138,0.0,0.0,0,13107,17040,13107,17049,13107,17043,0,0,0,70,68,100,2.7302359370752657e+23,71.2,0.0,74.2,2.7302370179391762e+23,74.0,1,49,50,180,0,52429,0,0,0.0,0.0,0.0,0.0,-0.0,67.0,0.0,162057.094,0.0,750,0,739,0,0,0,721,0,766,0,736,0,742,0,742,0,712,0,7520,0.032,79456894976.0,0.0,0.0,784,16797,-0.0,162057.094,-114818.039,-0.0,0.133,6.909358625270745e+28,30.0,65.0,35,0.0,0.0,0.0,0.0,0.0,0.0,0.0,0.0,0.0,0.0,0.0,0.0,0.0,0.0,0.0,0.0,69.2,0,150,71,55,65476,0,300,0,1,8,20529,65476,0,0,40632,65.0,0.0,0.0,0.0,0.0,0.0
2026-09-04T20:33:37,ERR,ERR,ERR,ERR,ERR,ERR,ERR,ERR,ERR,ERR,ERR,ERR,ERR,ERR,ERR,ERR,ERR,ERR,ERR,ERR,ERR,ERR,ERR,ERR,ERR,ERR,ERR,ERR,ERR,ERR,ERR,ERR,ERR,ERR,ERR,ERR,ERR,ERR,ERR,ERR,ERR,ERR,ERR,ERR,ERR,ERR,ERR,ERR,ERR,ERR,ERR,ERR,ERR,ERR,ERR,ERR,ERR,ERR,ERR,ERR,ERR,ERR,ERR,ERR,ERR,ERR,ERR,ERR,ERR,ERR,ERR,ERR,ERR,ERR,ERR,ERR,ERR,ERR,ERR,ERR,ERR,ERR,ERR,ERR,ERR,ERR,ERR,ERR,ERR,ERR,ERR,ERR,ERR,ERR,ERR,ERR,ERR,ERR,ERR,ERR,ERR,ERR,ERR,ERR,ERR,ERR,ERR,ERR,ERR,ERR,ERR,ERR,ERR,ERR,ERR,ERR,ERR,ERR,ERR,ERR,ERR,ERR,ERR,ERR,ERR,0.0,0.0,0.0,0.0,0.0,1.3936040501711995e+18,7.805,0.0,0,0,4,0,7116,0.0,100,0.0,0.0,0.0,0.0,0.0,0,0,0,0,0.0,0,0,0,0,0,0,0,0,0,0,0,0,0,0,0,0,0,0,0,0,0,0,0,0,0,0,0,0,0,0,0,0,0,31,40,40,71,65476,0,300,0,0,8,21553,0.0,-107605600.0,0.0,0.0,0.0,0.0,0.0,0.0,0.0,0.0,0.0,0.0,0.0,0.0,0.0,0.0,0.0,0.0,0.0,0.0,0.0,0.0,-2.004,-0.0,-0.0,-2.004,0.0,0.0,0.0,0.0,6281.0,131351.062,6921.0,0.0,0.0,2.7184303811560617e+23,0.0,0.0,0.0,0.0,0.0,69,-4.066882747792088e+29,0.059,0.0,0.0,0.0,0.0,0.0,0.0,0.0,0,0,0,0.0,0.0,0.0,0.0,0.0,0.0,0.0,0.0,0.0,0.0,0.0,0.0,0.0,0.0,0.0,0.0,0,-107875648.0,69,0.0,138,0.0,0.0,0,13107,17040,13107,17049,13107,17043,0,0,0,70,68,100,2.7302359370752657e+23,71.2,0.0,74.2,2.7302370179391762e+23,74.0,1,49,50,180,0,52429,0,0,0.0,0.0,0.0,0.0,-0.0,67.0,0.0,162057.094,0.0,750,0,739,0,0,0,721,0,766,0,736,0,742,0,742,0,712,0,7520,0.032,79456894976.0,0.0,0.0,784,16797,-0.0,162057.094,-114818.039,-0.0,0.133,6.909358625270745e+28,30.0,65.0,35,0.0,0.0,0.0,0.0,0.0,0.0,0.0,0.0,0.0,0.0,0.0,0.0,0.0,0.0,0.0,0.0,69.2,0,150,71,55,65476,0,300,0,1,8,20529,65476,0,0,40632,65.0,0.0,0.0,0.0,0.0,0.0
2026-09-04T20:33:38,ERR,ERR,ERR,ERR,ERR,ERR,ERR,ERR,ERR,ERR,ERR,ERR,ERR,ERR,ERR,ERR,ERR,ERR,ERR,ERR,ERR,ERR,ERR,ERR,ERR,ERR,ERR,ERR,ERR,ERR,ERR,ERR,ERR,ERR,ERR,ERR,ERR,ERR,ERR,ERR,ERR,ERR,ERR,ERR,ERR,ERR,ERR,ERR,ERR,ERR,ERR,ERR,ERR,ERR,ERR,ERR,ERR,ERR,ERR,ERR,ERR,ERR,ERR,ERR,ERR,ERR,ERR,ERR,ERR,ERR,ERR,ERR,ERR,ERR,ERR,ERR,ERR,ERR,ERR,ERR,ERR,ERR,ERR,ERR,ERR,ERR,ERR,ERR,ERR,ERR,ERR,ERR,ERR,ERR,ERR,ERR,ERR,ERR,ERR,ERR,ERR,ERR,ERR,ERR,ERR,ERR,ERR,ERR,ERR,ERR,ERR,ERR,ERR,ERR,ERR,ERR,ERR,ERR,ERR,ERR,ERR,ERR,ERR,ERR,ERR,0.0,0.0,0.0,0.0,0.0,1.3936040501711995e+18,7.805,0.0,0,0,4,0,7116,0.0,100,0.0,0.0,0.0,0.0,0.0,0,0,0,0,0.0,0,0,0,0,0,0,0,0,0,0,0,0,0,0,0,0,0,0,0,0,0,0,0,0,0,0,0,0,0,0,0,0,0,31,40,40,71,65476,0,300,0,0,8,21553,0.0,-107605600.0,0.0,0.0,0.0,0.0,0.0,0.0,0.0,0.0,0.0,0.0,0.0,0.0,0.0,0.0,0.0,0.0,0.0,0.0,0.0,0.0,-2.004,-0.0,-0.0,-2.004,0.0,0.0,0.0,0.0,6281.0,131351.062,6921.0,0.0,0.0,2.7184303811560617e+23,0.0,0.0,0.0,0.0,0.0,69,-4.066882747792088e+29,0.059,0.0,0.0,0.0,0.0,0.0,0.0,0.0,0,0,0,0.0,0.0,0.0,0.0,0.0,0.0,0.0,0.0,0.0,0.0,0.0,0.0,0.0,0.0,0.0,0.0,0,-107875648.0,69,0.0,138,0.0,0.0,0,13107,17040,13107,17049,13107,17043,0,0,0,70,68,100,2.7302359370752657e+23,71.2,0.0,74.2,2.7302370179391762e+23,74.0,1,49,50,180,0,52429,0,0,0.0,0.0,0.0,0.0,-0.0,67.0,0.0,162057.094,0.0,750,0,739,0,0,0,721,0,766,0,736,0,742,0,742,0,712,0,7520,0.032,79456894976.0,0.0,0.0,784,16797,-0.0,162057.094,-114818.039,-0.0,0.133,6.909358625270745e+28,30.0,65.0,35,0.0,0.0,0.0,0.0,0.0,0.0,0.0,0.0,0.0,0.0,0.0,0.0,0.0,0.0,0.0,0.0,69.2,0,150,71,55,65476,0,300,0,1,8,20529,65476,0,0,40632,65.0,0.0,0.0,0.0,0.0,0.0
2026-09-04T20:33:39,ERR,ERR,ERR,ERR,ERR,ERR,ERR,ERR,ERR,ERR,ERR,ERR,ERR,ERR,ERR,ERR,ERR,ERR,ERR,ERR,ERR,ERR,ERR,ERR,ERR,ERR,ERR,ERR,ERR,ERR,ERR,ERR,ERR,ERR,ERR,ERR,ERR,ERR,ERR,ERR,ERR,ERR,ERR,ERR,ERR,ERR,ERR,ERR,ERR,ERR,ERR,ERR,ERR,ERR,ERR,ERR,ERR,ERR,ERR,ERR,ERR,ERR,ERR,ERR,ERR,ERR,ERR,ERR,ERR,ERR,ERR,ERR,ERR,ERR,ERR,ERR,ERR,ERR,ERR,ERR,ERR,ERR,ERR,ERR,ERR,ERR,ERR,ERR,ERR,ERR,ERR,ERR,ERR,ERR,ERR,ERR,ERR,ERR,ERR,ERR,ERR,ERR,ERR,ERR,ERR,ERR,ERR,ERR,ERR,ERR,ERR,ERR,ERR,ERR,ERR,ERR,ERR,ERR,ERR,ERR,ERR,ERR,ERR,ERR,ERR,0.0,0.0,0.0,0.0,0.0,1.3936040501711995e+18,7.805,0.0,0,0,4,0,7116,0.0,100,0.0,0.0,0.0,0.0,0.0,0,0,0,0,0.0,0,0,0,0,0,0,0,0,0,0,0,0,0,0,0,0,0,0,0,0,0,0,0,0,0,0,0,0,0,0,0,0,0,31,40,40,71,65476,0,300,0,0,8,21553,0.0,-107605600.0,0.0,0.0,0.0,0.0,0.0,0.0,0.0,0.0,0.0,0.0,0.0,0.0,0.0,0.0,0.0,0.0,0.0,0.0,0.0,0.0,-2.004,-0.0,-0.0,-2.004,0.0,0.0,0.0,0.0,6281.0,131351.062,6921.0,0.0,0.0,2.7184303811560617e+23,0.0,0.0,0.0,0.0,0.0,69,-4.066882747792088e+29,0.059,0.0,0.0,0.0,0.0,0.0,0.0,0.0,0,0,0,0.0,0.0,0.0,0.0,0.0,0.0,0.0,0.0,0.0,0.0,0.0,0.0,0.0,0.0,0.0,0.0,0,-107875648.0,69,0.0,138,0.0,0.0,0,13107,17040,13107,17049,13107,17043,0,0,0,70,68,100,2.7302359370752657e+23,71.1,0.0,74.2,2.7302370179391762e+23,74.0,1,49,50,180,0,52429,0,0,0.0,0.0,0.0,0.0,-0.0,67.0,0.0,162057.094,0.0,751,0,739,0,0,0,721,0,766,0,736,0,742,0,742,0,712,0,7520,0.032,78920024064.0,0.0,0.0,784,16797,-0.0,162057.094,-114818.039,-0.0,0.133,6.909358625270745e+28,30.0,65.0,35,0.0,0.0,0.0,0.0,0.0,0.0,0.0,0.0,0.0,0.0,0.0,0.0,0.0,0.0,0.0,0.0,69.2,0,150,71,55,65476,0,300,0,1,8,20529,65476,0,0,40632,65.0,0.0,0.0,0.0,0.0,0.0
2026-09-04T20:33:40,ERR,ERR,ERR,ERR,ERR,ERR,ERR,ERR,ERR,ERR,ERR,ERR,ERR,ERR,ERR,ERR,ERR,ERR,ERR,ERR,ERR,ERR,ERR,ERR,ERR,ERR,ERR,ERR,ERR,ERR,ERR,ERR,ERR,ERR,ERR,ERR,ERR,ERR,ERR,ERR,ERR,ERR,ERR,ERR,ERR,ERR,ERR,ERR,ERR,ERR,ERR,ERR,ERR,ERR,ERR,ERR,ERR,ERR,ERR,ERR,ERR,ERR,ERR,ERR,ERR,ERR,ERR,ERR,ERR,ERR,ERR,ERR,ERR,ERR,ERR,ERR,ERR,ERR,ERR,ERR,ERR,ERR,ERR,ERR,ERR,ERR,ERR,ERR,ERR,ERR,ERR,ERR,ERR,ERR,ERR,ERR,ERR,ERR,ERR,ERR,ERR,ERR,ERR,ERR,ERR,ERR,ERR,ERR,ERR,ERR,ERR,ERR,ERR,ERR,ERR,ERR,ERR,ERR,ERR,ERR,ERR,ERR,ERR,ERR,ERR,0.0,0.0,0.0,0.0,0.0,1.3936040501711995e+18,7.805,0.0,0,0,4,0,7116,0.0,100,0.0,0.0,0.0,0.0,0.0,0,0,0,0,0.0,0,0,0,0,0,0,0,0,0,0,0,0,0,0,0,0,0,0,0,0,0,0,0,0,0,0,0,0,0,0,0,0,0,31,40,40,71,65476,0,300,0,0,8,21553,0.0,-107605600.0,0.0,0.0,0.0,0.0,0.0,0.0,0.0,0.0,0.0,0.0,0.0,0.0,0.0,0.0,0.0,0.0,0.0,0.0,0.0,0.0,-2.004,-0.0,-0.0,-2.004,0.0,0.0,0.0,0.0,6281.0,131351.062,6921.0,0.0,0.0,2.7184303811560617e+23,0.0,0.0,0.0,0.0,0.0,69,-4.066882747792088e+29,0.059,0.0,0.0,0.0,0.0,0.0,0.0,0.0,0,0,0,0.0,0.0,0.0,0.0,0.0,0.0,0.0,0.0,0.0,0.0,0.0,0.0,0.0,0.0,0.0,0.0,0,-107875648.0,69,0.0,138,0.0,0.0,0,13107,17040,13107,17049,13107,17043,0,0,0,70,68,100,2.7302359370752657e+23,71.1,0.0,74.2,2.7302370179391762e+23,74.0,1,49,50,180,0,52429,0,0,0.0,0.0,0.0,0.0,-0.0,67.0,0.0,162057.094,0.0,751,0,739,0,0,0,721,0,766,0,736,0,742,0,742,0,712,0,7520,0.032,78920024064.0,0.0,0.0,784,16797,-0.0,162057.094,-114818.039,-0.0,0.133,6.909358625270745e+28,30.0,65.0,35,0.0,0.0,0.0,0.0,0.0,0.0,0.0,0.0,0.0,0.0,0.0,0.0,0.0,0.0,0.0,0.0,69.2,0,150,71,55,65476,0,300,0,1,8,20529,65476,0,0,40632,65.0,0.0,0.0,0.0,0.0,0.0
2026-09-04T20:33:41,ERR,ERR,ERR,ERR,ERR,ERR,ERR,ERR,ERR,ERR,ERR,ERR,ERR,ERR,ERR,ERR,ERR,ERR,ERR,ERR,ERR,ERR,ERR,ERR,ERR,ERR,ERR,ERR,ERR,ERR,ERR,ERR,ERR,ERR,ERR,ERR,ERR,ERR,ERR,ERR,ERR,ERR,ERR,ERR,ERR,ERR,ERR,ERR,ERR,ERR,ERR,ERR,ERR,ERR,ERR,ERR,ERR,ERR,ERR,ERR,ERR,ERR,ERR,ERR,ERR,ERR,ERR,ERR,ERR,ERR,ERR,ERR,ERR,ERR,ERR,ERR,ERR,ERR,ERR,ERR,ERR,ERR,ERR,ERR,ERR,ERR,ERR,ERR,ERR,ERR,ERR,ERR,ERR,ERR,ERR,ERR,ERR,ERR,ERR,ERR,ERR,ERR,ERR,ERR,ERR,ERR,ERR,ERR,ERR,ERR,ERR,ERR,ERR,ERR,ERR,ERR,ERR,ERR,ERR,ERR,ERR,ERR,ERR,ERR,ERR,0.0,0.0,0.0,0.0,0.0,1.3936040501711995e+18,7.805,0.0,0,0,4,0,7116,0.0,100,0.0,0.0,0.0,0.0,0.0,0,0,0,0,0.0,0,0,0,0,0,0,0,0,0,0,0,0,0,0,0,0,0,0,0,0,0,0,0,0,0,0,0,0,0,0,0,0,0,31,40,40,71,65476,0,300,0,0,8,21553,0.0,-107605600.0,0.0,0.0,0.0,0.0,0.0,0.0,0.0,0.0,0.0,0.0,0.0,0.0,0.0,0.0,0.0,0.0,0.0,0.0,0.0,0.0,-2.004,-0.0,-0.0,-2.004,0.0,0.0,0.0,0.0,6290.0,0.0,6915.0,0.0,0.0,2.7184303811560617e+23,0.0,0.0,0.0,0.0,0.0,69,0.0,0.0,0.0,0.0,0.0,0.0,0.0,0.0,0.0,0,0,0,0.0,0.0,0.0,0.0,0.0,0.0,0.0,0.0,0.0,0.0,0.0,0.0,0.0,0.0,0.0,0.0,0,-107875648.0,69,0.0,138,0.0,0.0,0,13107,17040,13107,17049,13107,17043,0,0,0,70,68,100,2.7302359370752657e+23,71.1,0.0,74.2,2.7302370179391762e+23,74.0,1,49,50,180,0,52429,0,0,0.0,0.0,0.0,0.0,-0.0,67.0,0.0,162057.094,0.0,751,0,739,0,0,0,721,0,766,0,736,0,742,0,742,0,712,0,7520,0.032,78920024064.0,0.0,0.0,784,16797,-0.0,162057.094,-114818.039,-0.0,0.133,6.909358625270745e+28,30.0,65.0,35,0.0,0.0,0.0,0.0,0.0,0.0,0.0,0.0,0.0,0.0,0.0,0.0,0.0,0.0,0.0,0.0,69.2,0,150,71,55,65476,0,300,0,1,8,20529,65476,0,0,40632,65.0,0.0,0.0,0.0,0.0,0.0
2026-09-04T20:33:42,ERR,ERR,ERR,ERR,ERR,ERR,ERR,ERR,ERR,ERR,ERR,ERR,ERR,ERR,ERR,ERR,ERR,ERR,ERR,ERR,ERR,ERR,ERR,ERR,ERR,ERR,ERR,ERR,ERR,ERR,ERR,ERR,ERR,ERR,ERR,ERR,ERR,ERR,ERR,ERR,ERR,ERR,ERR,ERR,ERR,ERR,ERR,ERR,ERR,ERR,ERR,ERR,ERR,ERR,ERR,ERR,ERR,ERR,ERR,ERR,ERR,ERR,ERR,ERR,ERR,ERR,ERR,ERR,ERR,ERR,ERR,ERR,ERR,ERR,ERR,ERR,ERR,ERR,ERR,ERR,ERR,ERR,ERR,ERR,ERR,ERR,ERR,ERR,ERR,ERR,ERR,ERR,ERR,ERR,ERR,ERR,ERR,ERR,ERR,ERR,ERR,ERR,ERR,ERR,ERR,ERR,ERR,ERR,ERR,ERR,ERR,ERR,ERR,ERR,ERR,ERR,ERR,ERR,ERR,ERR,ERR,ERR,ERR,ERR,ERR,0.0,0.0,0.0,0.0,0.0,1.3936040501711995e+18,7.805,0.0,0,0,4,0,7116,0.0,100,0.0,0.0,0.0,0.0,0.0,0,0,0,0,0.0,0,0,0,0,0,0,0,0,0,0,0,0,0,0,0,0,0,0,0,0,0,0,0,0,0,0,0,0,0,0,0,0,0,31,40,40,71,65476,0,300,0,0,8,21553,0.0,-107605600.0,0.0,0.0,0.0,0.0,0.0,0.0,0.0,0.0,0.0,0.0,0.0,0.0,0.0,0.0,0.0,0.0,0.0,0.0,0.0,0.0,-2.004,-0.0,-0.0,-2.004,0.0,0.0,0.0,0.0,6290.0,0.0,6915.0,0.0,0.0,2.7184303811560617e+23,0.0,0.0,0.0,0.0,0.0,69,0.0,0.0,0.0,0.0,0.0,0.0,0.0,0.0,0.0,0,0,0,0.0,0.0,0.0,0.0,0.0,0.0,0.0,0.0,0.0,0.0,0.0,0.0,0.0,0.0,0.0,0.0,0,-107875648.0,69,0.0,138,0.0,0.0,0,13107,17040,13107,17049,13107,17043,0,0,0,70,68,100,2.7302359370752657e+23,71.1,0.0,74.2,2.7302370179391762e+23,74.0,1,49,50,180,0,52429,0,0,0.0,0.0,0.0,0.0,-0.0,67.0,0.0,162057.094,0.0,751,0,739,0,0,0,721,0,766,0,736,0,742,0,742,0,712,0,7520,0.032,78920024064.0,0.0,0.0,784,16797,-0.0,162057.094,-114818.039,-0.0,0.133,6.909358625270745e+28,30.0,65.0,35,0.0,0.0,0.0,0.0,0.0,0.0,0.0,0.0,0.0,0.0,0.0,0.0,0.0,0.0,0.0,0.0,69.2,0,150,71,55,65476,0,300,0,1,8,20529,65476,0,0,40632,65.0,0.0,0.0,0.0,0.0,0.0
2026-09-04T20:33:43,ERR,ERR,ERR,ERR,ERR,ERR,ERR,ERR,ERR,ERR,ERR,ERR,ERR,ERR,ERR,ERR,ERR,ERR,ERR,ERR,ERR,ERR,ERR,ERR,ERR,ERR,ERR,ERR,ERR,ERR,ERR,ERR,ERR,ERR,ERR,ERR,ERR,ERR,ERR,ERR,ERR,ERR,ERR,ERR,ERR,ERR,ERR,ERR,ERR,ERR,ERR,ERR,ERR,ERR,ERR,ERR,ERR,ERR,ERR,ERR,ERR,ERR,ERR,ERR,ERR,ERR,ERR,ERR,ERR,ERR,ERR,ERR,ERR,ERR,ERR,ERR,ERR,ERR,ERR,ERR,ERR,ERR,ERR,ERR,ERR,ERR,ERR,ERR,ERR,ERR,ERR,ERR,ERR,ERR,ERR,ERR,ERR,ERR,ERR,ERR,ERR,ERR,ERR,ERR,ERR,ERR,ERR,ERR,ERR,ERR,ERR,ERR,ERR,ERR,ERR,ERR,ERR,ERR,ERR,ERR,ERR,ERR,ERR,ERR,ERR,0.0,0.0,0.0,0.0,0.0,1.3936040501711995e+18,7.805,0.0,0,0,4,0,7116,0.0,100,0.0,0.0,0.0,0.0,0.0,0,0,0,0,0.0,0,0,0,0,0,0,0,0,0,0,0,0,0,0,0,0,0,0,0,0,0,0,0,0,0,0,0,0,0,0,0,0,0,31,40,40,71,65476,0,300,0,0,8,21553,0.0,-107605600.0,0.0,0.0,0.0,0.0,0.0,0.0,0.0,0.0,0.0,0.0,0.0,0.0,0.0,0.0,0.0,0.0,0.0,0.0,0.0,0.0,-2.004,-0.0,-0.0,-2.004,0.0,0.0,0.0,0.0,6290.0,0.0,6915.0,0.0,0.0,2.7184303811560617e+23,0.0,0.0,0.0,0.0,0.0,69,0.0,0.0,0.0,0.0,0.0,0.0,0.0,0.0,0.0,0,0,0,0.0,0.0,0.0,0.0,0.0,0.0,0.0,0.0,0.0,0.0,0.0,0.0,0.0,0.0,0.0,0.0,0,-107875648.0,69,0.0,138,0.0,0.0,0,13107,17040,13107,17049,13107,17043,0,0,0,70,68,100,2.7302359370752657e+23,71.1,0.0,74.2,2.7302370179391762e+23,74.0,1,49,50,180,0,52429,0,0,0.0,0.0,0.0,0.0,-0.0,67.0,0.0,162057.094,0.0,751,0,739,0,0,0,721,0,766,0,736,0,742,0,742,0,712,0,7520,0.032,78920024064.0,0.0,0.0,784,16797,-0.0,162057.094,-114818.039,-0.0,0.133,6.909358625270745e+28,30.0,65.0,35,0.0,0.0,0.0,0.0,0.0,0.0,0.0,0.0,0.0,0.0,0.0,0.0,0.0,0.0,0.0,0.0,69.2,0,150,71,55,65476,0,300,0,1,8,20529,65476,0,0,40632,65.0,0.0,0.0,0.0,0.0,0.0
2026-09-04T20:33:44,ERR,ERR,ERR,ERR,ERR,ERR,ERR,ERR,ERR,ERR,ERR,ERR,ERR,ERR,ERR,ERR,ERR,ERR,ERR,ERR,ERR,ERR,ERR,ERR,ERR,ERR,ERR,ERR,ERR,ERR,ERR,ERR,ERR,ERR,ERR,ERR,ERR,ERR,ERR,ERR,ERR,ERR,ERR,ERR,ERR,ERR,ERR,ERR,ERR,ERR,ERR,ERR,ERR,ERR,ERR,ERR,ERR,ERR,ERR,ERR,ERR,ERR,ERR,ERR,ERR,ERR,ERR,ERR,ERR,ERR,ERR,ERR,ERR,ERR,ERR,ERR,ERR,ERR,ERR,ERR,ERR,ERR,ERR,ERR,ERR,ERR,ERR,ERR,ERR,ERR,ERR,ERR,ERR,ERR,ERR,ERR,ERR,ERR,ERR,ERR,ERR,ERR,ERR,ERR,ERR,ERR,ERR,ERR,ERR,ERR,ERR,ERR,ERR,ERR,ERR,ERR,ERR,ERR,ERR,ERR,ERR,ERR,ERR,ERR,ERR,0.0,0.0,0.0,0.0,0.0,1.3936040501711995e+18,7.805,0.0,0,0,4,0,7116,0.0,100,0.0,0.0,0.0,0.0,0.0,0,0,0,0,0.0,0,0,0,0,0,0,0,0,0,0,0,0,0,0,0,0,0,0,0,0,0,0,0,0,0,0,0,0,0,0,0,0,0,31,40,40,71,65476,0,300,0,0,8,21553,0.0,-107605600.0,0.0,0.0,0.0,0.0,0.0,0.0,0.0,0.0,0.0,0.0,0.0,0.0,0.0,0.0,0.0,0.0,0.0,0.0,0.0,0.0,-2.004,-0.0,-0.0,-2.004,0.0,0.0,0.0,0.0,6290.0,0.0,6915.0,0.0,0.0,2.7184303811560617e+23,0.0,0.0,0.0,0.0,0.0,69,0.0,0.0,0.0,0.0,0.0,0.0,0.0,0.0,0.0,0,0,0,0.0,0.0,0.0,0.0,0.0,0.0,0.0,0.0,0.0,0.0,0.0,0.0,0.0,0.0,0.0,0.0,0,-107875648.0,69,0.0,138,0.0,0.0,0,13107,17040,13107,17049,13107,17043,0,0,0,70,68,100,2.7302359370752657e+23,71.1,0.0,74.2,2.7302370179391762e+23,74.0,1,49,50,180,0,52429,0,0,0.0,0.0,0.0,0.0,-0.0,67.0,0.0,162057.094,0.0,750,0,739,0,0,0,721,0,766,0,736,0,742,0,741,0,712,0,7520,0.032,78920024064.0,0.0,0.0,784,16797,-0.0,162057.094,-114818.039,-0.0,0.133,6.909358625270745e+28,30.0,65.0,35,0.0,0.0,0.0,0.0,0.0,0.0,0.0,0.0,0.0,0.0,0.0,0.0,0.0,0.0,0.0,0.0,69.2,0,150,71,55,65476,0,300,0,1,8,20529,65476,0,0,40632,65.0,0.0,0.0,0.0,0.0,0.0
2026-09-04T20:33:45,ERR,ERR,ERR,ERR,ERR,ERR,ERR,ERR,ERR,ERR,ERR,ERR,ERR,ERR,ERR,ERR,ERR,ERR,ERR,ERR,ERR,ERR,ERR,ERR,ERR,ERR,ERR,ERR,ERR,ERR,ERR,ERR,ERR,ERR,ERR,ERR,ERR,ERR,ERR,ERR,ERR,ERR,ERR,ERR,ERR,ERR,ERR,ERR,ERR,ERR,ERR,ERR,ERR,ERR,ERR,ERR,ERR,ERR,ERR,ERR,ERR,ERR,ERR,ERR,ERR,ERR,ERR,ERR,ERR,ERR,ERR,ERR,ERR,ERR,ERR,ERR,ERR,ERR,ERR,ERR,ERR,ERR,ERR,ERR,ERR,ERR,ERR,ERR,ERR,ERR,ERR,ERR,ERR,ERR,ERR,ERR,ERR,ERR,ERR,ERR,ERR,ERR,ERR,ERR,ERR,ERR,ERR,ERR,ERR,ERR,ERR,ERR,ERR,ERR,ERR,ERR,ERR,ERR,ERR,ERR,ERR,ERR,ERR,ERR,ERR,0.0,0.0,0.0,0.0,0.0,1.3936040501711995e+18,7.805,0.0,0,0,4,0,7116,0.0,100,0.0,0.0,0.0,0.0,0.0,0,0,0,0,0.0,0,0,0,0,0,0,0,0,0,0,0,0,0,0,0,0,0,0,0,0,0,0,0,0,0,0,0,0,0,0,0,0,0,31,40,40,71,65476,0,300,0,0,8,21553,0.0,-107605600.0,0.0,0.0,0.0,0.0,0.0,0.0,0.0,0.0,0.0,0.0,0.0,0.0,0.0,0.0,0.0,0.0,0.0,0.0,0.0,0.0,-2.004,-0.0,-0.0,-2.004,0.0,0.0,0.0,0.0,6290.0,0.0,6915.0,0.0,0.0,2.7184303811560617e+23,0.0,0.0,0.0,0.0,0.0,69,0.0,0.0,0.0,0.0,0.0,0.0,0.0,0.0,0.0,0,0,0,0.0,0.0,0.0,0.0,0.0,0.0,0.0,0.0,0.0,0.0,0.0,0.0,0.0,0.0,0.0,0.0,0,-107875648.0,69,0.0,138,0.0,0.0,0,13107,17040,13107,17049,13107,17043,0,0,0,70,68,100,2.7302359370752657e+23,71.1,0.0,74.2,2.7302370179391762e+23,74.0,1,49,50,180,0,52429,0,0,0.0,0.0,0.0,0.0,-0.0,67.0,0.0,162057.094,0.0,750,0,739,0,0,0,721,0,766,0,736,0,742,0,741,0,712,0,7520,0.032,78920024064.0,0.0,0.0,784,16797,-0.0,162057.094,-114818.039,-0.0,0.133,6.909358625270745e+28,30.0,65.0,35,0.0,0.0,0.0,0.0,0.0,0.0,0.0,0.0,0.0,0.0,0.0,0.0,0.0,0.0,0.0,0.0,69.2,0,150,71,55,65476,0,300,0,1,8,20529,65476,0,0,40632,65.0,0.0,0.0,0.0,0.0,0.0
2026-09-04T20:33:46,ERR,ERR,ERR,ERR,ERR,ERR,ERR,ERR,ERR,ERR,ERR,ERR,ERR,ERR,ERR,ERR,ERR,ERR,ERR,ERR,ERR,ERR,ERR,ERR,ERR,ERR,ERR,ERR,ERR,ERR,ERR,ERR,ERR,ERR,ERR,ERR,ERR,ERR,ERR,ERR,ERR,ERR,ERR,ERR,ERR,ERR,ERR,ERR,ERR,ERR,ERR,ERR,ERR,ERR,ERR,ERR,ERR,ERR,ERR,ERR,ERR,ERR,ERR,ERR,ERR,ERR,ERR,ERR,ERR,ERR,ERR,ERR,ERR,ERR,ERR,ERR,ERR,ERR,ERR,ERR,ERR,ERR,ERR,ERR,ERR,ERR,ERR,ERR,ERR,ERR,ERR,ERR,ERR,ERR,ERR,ERR,ERR,ERR,ERR,ERR,ERR,ERR,ERR,ERR,ERR,ERR,ERR,ERR,ERR,ERR,ERR,ERR,ERR,ERR,ERR,ERR,ERR,ERR,ERR,ERR,ERR,ERR,ERR,ERR,ERR,0.0,0.0,0.0,0.0,0.0,1.3936040501711995e+18,7.805,0.0,0,0,4,0,7116,0.0,100,0.0,0.0,0.0,0.0,0.0,0,0,0,0,0.0,0,0,0,0,0,0,0,0,0,0,0,0,0,0,0,0,0,0,0,0,0,0,0,0,0,0,0,0,0,0,0,0,0,31,40,40,71,65476,0,300,0,0,8,21553,0.0,-107605600.0,0.0,0.0,0.0,0.0,0.0,0.0,0.0,0.0,0.0,0.0,0.0,0.0,0.0,0.0,0.0,0.0,0.0,0.0,0.0,0.0,-2.004,-0.0,-0.0,-2.004,0.0,0.0,0.0,0.0,6290.0,0.0,6915.0,0.0,0.0,2.7184303811560617e+23,0.0,0.0,0.0,0.0,0.0,69,0.0,0.0,0.0,0.0,0.0,0.0,0.0,0.0,0.0,0,0,0,0.0,0.0,0.0,0.0,0.0,0.0,0.0,0.0,0.0,0.0,0.0,0.0,0.0,0.0,0.0,0.0,0,-107875648.0,69,0.0,138,0.0,0.0,0,13107,17040,13107,17049,13107,17043,0,0,0,70,68,100,2.7302359370752657e+23,71.1,0.0,74.2,2.7302370179391762e+23,74.0,1,49,50,180,0,52429,0,0,0.0,0.0,0.0,0.0,-0.0,67.0,0.0,162057.094,0.0,750,0,739,0,0,0,721,0,766,0,736,0,742,0,741,0,712,0,7520,0.032,78920024064.0,0.0,0.0,784,16797,-0.0,162057.094,-114818.039,-0.0,0.133,6.909358625270745e+28,30.0,65.0,35,0.0,0.0,0.0,0.0,0.0,0.0,0.0,0.0,0.0,0.0,0.0,0.0,0.0,0.0,0.0,0.0,69.2,0,150,71,55,65476,0,300,0,1,8,20529,65476,0,0,40632,65.0,0.0,0.0,0.0,0.0,0.0
2026-09-04T20:33:47,ERR,ERR,ERR,ERR,ERR,ERR,ERR,ERR,ERR,ERR,ERR,ERR,ERR,ERR,ERR,ERR,ERR,ERR,ERR,ERR,ERR,ERR,ERR,ERR,ERR,ERR,ERR,ERR,ERR,ERR,ERR,ERR,ERR,ERR,ERR,ERR,ERR,ERR,ERR,ERR,ERR,ERR,ERR,ERR,ERR,ERR,ERR,ERR,ERR,ERR,ERR,ERR,ERR,ERR,ERR,ERR,ERR,ERR,ERR,ERR,ERR,ERR,ERR,ERR,ERR,ERR,ERR,ERR,ERR,ERR,ERR,ERR,ERR,ERR,ERR,ERR,ERR,ERR,ERR,ERR,ERR,ERR,ERR,ERR,ERR,ERR,ERR,ERR,ERR,ERR,ERR,ERR,ERR,ERR,ERR,ERR,ERR,ERR,ERR,ERR,ERR,ERR,ERR,ERR,ERR,ERR,ERR,ERR,ERR,ERR,ERR,ERR,ERR,ERR,ERR,ERR,ERR,ERR,ERR,ERR,ERR,ERR,ERR,ERR,ERR,0.0,0.0,0.0,0.0,0.0,1.3936040501711995e+18,7.805,0.0,0,0,4,0,7116,0.0,100,0.0,0.0,0.0,0.0,0.0,0,0,0,0,0.0,0,0,0,0,0,0,0,0,0,0,0,0,0,0,0,0,0,0,0,0,0,0,0,0,0,0,0,0,0,0,0,0,0,31,40,40,71,65476,0,300,0,0,8,21553,0.0,-107605600.0,0.0,0.0,0.0,0.0,0.0,0.0,0.0,0.0,0.0,0.0,0.0,0.0,0.0,0.0,0.0,0.0,0.0,0.0,0.0,0.0,-2.004,-0.0,-0.0,-2.004,0.0,0.0,0.0,0.0,6290.0,0.0,6915.0,0.0,0.0,2.7184303811560617e+23,0.0,0.0,0.0,0.0,0.0,69,0.0,0.0,0.0,0.0,0.0,0.0,0.0,0.0,0.0,0,0,0,0.0,0.0,0.0,0.0,0.0,0.0,0.0,0.0,0.0,0.0,0.0,0.0,0.0,0.0,0.0,0.0,0,-107875648.0,69,0.0,138,0.0,0.0,0,13107,17040,13107,17049,13107,17043,0,0,0,70,68,100,2.7302359370752657e+23,71.1,0.0,74.2,2.7302370179391762e+23,74.0,1,49,50,180,0,52429,0,0,0.0,0.0,0.0,0.0,-0.0,67.0,0.0,162057.094,0.0,750,0,739,0,0,0,721,0,766,0,736,0,742,0,741,0,712,0,7520,0.032,78920024064.0,0.0,0.0,784,16797,-0.0,162057.094,-114818.039,-0.0,0.133,6.909358625270745e+28,30.0,65.0,35,0.0,0.0,0.0,0.0,0.0,0.0,0.0,0.0,0.0,0.0,0.0,0.0,0.0,0.0,0.0,0.0,69.2,0,150,71,55,65476,0,300,0,1,8,20529,65476,0,0,40632,65.0,0.0,0.0,0.0,0.0,0.0
2026-09-04T20:33:48,ERR,ERR,ERR,ERR,ERR,ERR,ERR,ERR,ERR,ERR,ERR,ERR,ERR,ERR,ERR,ERR,ERR,ERR,ERR,ERR,ERR,ERR,ERR,ERR,ERR,ERR,ERR,ERR,ERR,ERR,ERR,ERR,ERR,ERR,ERR,ERR,ERR,ERR,ERR,ERR,ERR,ERR,ERR,ERR,ERR,ERR,ERR,ERR,ERR,ERR,ERR,ERR,ERR,ERR,ERR,ERR,ERR,ERR,ERR,ERR,ERR,ERR,ERR,ERR,ERR,ERR,ERR,ERR,ERR,ERR,ERR,ERR,ERR,ERR,ERR,ERR,ERR,ERR,ERR,ERR,ERR,ERR,ERR,ERR,ERR,ERR,ERR,ERR,ERR,ERR,ERR,ERR,ERR,ERR,ERR,ERR,ERR,ERR,ERR,ERR,ERR,ERR,ERR,ERR,ERR,ERR,ERR,ERR,ERR,ERR,ERR,ERR,ERR,ERR,ERR,ERR,ERR,ERR,ERR,ERR,ERR,ERR,ERR,ERR,ERR,0.0,0.0,0.0,0.0,0.0,1.3936040501711995e+18,7.805,0.0,0,0,4,0,7116,0.0,100,0.0,0.0,0.0,0.0,0.0,0,0,0,0,0.0,0,0,0,0,0,0,0,0,0,0,0,0,0,0,0,0,0,0,0,0,0,0,0,0,0,0,0,0,0,0,0,0,0,31,40,40,71,65476,0,300,0,0,8,21553,0.0,-107605600.0,0.0,0.0,0.0,0.0,0.0,0.0,0.0,0.0,0.0,0.0,0.0,0.0,0.0,0.0,0.0,0.0,0.0,0.0,0.0,0.0,-2.004,-0.0,-0.0,-2.004,0.0,0.0,0.0,0.0,6254.0,-0.0,6932.0,0.0,0.0,2.7184303811560617e+23,0.0,0.0,0.0,0.0,0.0,69,0.0,2.7184264179883896e+23,0.0,0.0,0.0,0.0,0.0,0.0,0.0,0,0,0,0.0,0.0,0.0,0.0,0.0,0.0,0.0,0.0,0.0,0.0,0.0,0.0,0.0,0.0,0.0,0.0,0,-107875648.0,69,0.0,138,0.0,0.0,0,13107,17040,13107,17049,13107,17043,0,0,0,70,68,100,2.7302359370752657e+23,71.1,0.0,74.2,2.7302370179391762e+23,74.0,1,49,50,180,0,52429,0,0,0.0,0.0,0.0,0.0,-0.0,67.0,0.0,162057.094,0.0,750,0,739,0,0,0,721,0,766,0,736,0,742,0,741,0,712,0,7520,0.032,78920024064.0,0.0,0.0,784,16797,-0.0,162057.094,-114818.039,-0.0,0.133,6.909358625270745e+28,30.0,65.0,35,0.0,0.0,0.0,0.0,0.0,0.0,0.0,0.0,0.0,0.0,0.0,0.0,0.0,0.0,0.0,0.0,69.2,0,150,71,55,65476,0,300,0,1,8,20529,65476,0,0,40632,65.0,0.0,0.0,0.0,0.0,0.0
2026-09-04T20:33:49,ERR,ERR,ERR,ERR,ERR,ERR,ERR,ERR,ERR,ERR,ERR,ERR,ERR,ERR,ERR,ERR,ERR,ERR,ERR,ERR,ERR,ERR,ERR,ERR,ERR,ERR,ERR,ERR,ERR,ERR,ERR,ERR,ERR,ERR,ERR,ERR,ERR,ERR,ERR,ERR,ERR,ERR,ERR,ERR,ERR,ERR,ERR,ERR,ERR,ERR,ERR,ERR,ERR,ERR,ERR,ERR,ERR,ERR,ERR,ERR,ERR,ERR,ERR,ERR,ERR,ERR,ERR,ERR,ERR,ERR,ERR,ERR,ERR,ERR,ERR,ERR,ERR,ERR,ERR,ERR,ERR,ERR,ERR,ERR,ERR,ERR,ERR,ERR,ERR,ERR,ERR,ERR,ERR,ERR,ERR,ERR,ERR,ERR,ERR,ERR,ERR,ERR,ERR,ERR,ERR,ERR,ERR,ERR,ERR,ERR,ERR,ERR,ERR,ERR,ERR,ERR,ERR,ERR,ERR,ERR,ERR,ERR,ERR,ERR,ERR,0.0,0.0,0.0,0.0,0.0,1.3936040501711995e+18,7.805,0.0,0,0,4,0,7116,0.0,100,0.0,0.0,0.0,0.0,0.0,0,0,0,0,0.0,0,0,0,0,0,0,0,0,0,0,0,0,0,0,0,0,0,0,0,0,0,0,0,0,0,0,0,0,0,0,0,0,0,31,40,40,71,65476,0,300,0,0,8,21553,0.0,-107605600.0,0.0,0.0,0.0,0.0,0.0,0.0,0.0,0.0,0.0,0.0,0.0,0.0,0.0,0.0,0.0,0.0,0.0,0.0,0.0,0.0,-2.004,-0.0,-0.0,-2.004,0.0,0.0,0.0,0.0,6254.0,-0.0,6932.0,0.0,0.0,2.7184303811560617e+23,0.0,0.0,0.0,0.0,0.0,69,0.0,2.7184264179883896e+23,0.0,0.0,0.0,0.0,0.0,0.0,0.0,0,0,0,0.0,0.0,0.0,0.0,0.0,0.0,0.0,0.0,0.0,0.0,0.0,0.0,0.0,0.0,0.0,0.0,0,-107875648.0,69,0.0,138,0.0,0.0,0,13107,17040,13107,17049,13107,17043,0,0,0,70,68,100,2.7302359370752657e+23,71.2,2.7302370179391762e+23,74.2,2.7302370179391762e+23,74.0,1,49,50,180,0,52429,0,0,0.0,0.0,0.0,0.0,-0.0,67.0,0.0,162057.094,0.0,750,0,739,0,0,0,721,0,766,0,736,0,742,0,741,0,712,0,7520,0.032,78920024064.0,0.0,0.0,784,16797,-0.0,162057.094,-114818.039,-0.0,0.133,6.909358625270745e+28,30.0,65.0,35,0.0,0.0,0.0,0.0,0.0,0.0,0.0,0.0,0.0,0.0,0.0,0.0,0.0,0.0,0.0,0.0,69.6,0,150,71,55,65476,0,300,0,1,8,20529,65476,0,0,40632,65.0,0.0,0.0,0.0,0.0,0.0
2026-09-04T20:33:50,ERR,ERR,ERR,ERR,ERR,ERR,ERR,ERR,ERR,ERR,ERR,ERR,ERR,ERR,ERR,ERR,ERR,ERR,ERR,ERR,ERR,ERR,ERR,ERR,ERR,ERR,ERR,ERR,ERR,ERR,ERR,ERR,ERR,ERR,ERR,ERR,ERR,ERR,ERR,ERR,ERR,ERR,ERR,ERR,ERR,ERR,ERR,ERR,ERR,ERR,ERR,ERR,ERR,ERR,ERR,ERR,ERR,ERR,ERR,ERR,ERR,ERR,ERR,ERR,ERR,ERR,ERR,ERR,ERR,ERR,ERR,ERR,ERR,ERR,ERR,ERR,ERR,ERR,ERR,ERR,ERR,ERR,ERR,ERR,ERR,ERR,ERR,ERR,ERR,ERR,ERR,ERR,ERR,ERR,ERR,ERR,ERR,ERR,ERR,ERR,ERR,ERR,ERR,ERR,ERR,ERR,ERR,ERR,ERR,ERR,ERR,ERR,ERR,ERR,ERR,ERR,ERR,ERR,ERR,ERR,ERR,ERR,ERR,ERR,ERR,0.0,0.0,0.0,0.0,0.0,1.3936040501711995e+18,7.805,0.0,0,0,4,0,7116,0.0,100,0.0,0.0,0.0,0.0,0.0,0,0,0,0,0.0,0,0,0,0,0,0,0,0,0,0,0,0,0,0,0,0,0,0,0,0,0,0,0,0,0,0,0,0,0,0,0,0,0,31,40,40,71,65476,0,300,0,0,8,21553,0.0,-107605600.0,0.0,0.0,0.0,0.0,0.0,0.0,0.0,0.0,0.0,0.0,0.0,0.0,0.0,0.0,0.0,0.0,0.0,0.0,0.0,0.0,-2.004,-0.0,-0.0,-2.004,0.0,0.0,0.0,0.0,6254.0,-0.0,6932.0,0.0,0.0,2.7184303811560617e+23,0.0,0.0,0.0,0.0,0.0,69,0.0,2.7184264179883896e+23,0.0,0.0,0.0,0.0,0.0,0.0,0.0,0,0,0,0.0,0.0,0.0,0.0,0.0,0.0,0.0,0.0,0.0,0.0,0.0,0.0,0.0,0.0,0.0,0.0,0,-107875648.0,69,0.0,138,0.0,0.0,0,13107,17040,13107,17049,13107,17043,0,0,0,70,68,100,2.7302359370752657e+23,71.2,2.7302370179391762e+23,74.2,2.7302370179391762e+23,74.0,1,49,50,180,0,52429,0,0,0.0,0.0,0.0,0.0,-0.0,67.0,0.0,162057.094,0.0,750,0,739,0,0,0,721,0,766,0,736,0,742,0,741,0,712,0,7520,0.032,78920024064.0,0.0,0.0,784,16797,-0.0,162057.094,-114818.039,-0.0,0.133,6.909358625270745e+28,30.0,65.0,35,0.0,0.0,0.0,0.0,0.0,0.0,0.0,0.0,0.0,0.0,0.0,0.0,0.0,0.0,0.0,0.0,69.6,0,150,71,55,65476,0,300,0,1,8,20529,65476,0,0,40632,65.0,0.0,0.0,0.0,0.0,0.0
2026-09-04T20:33:51,ERR,ERR,ERR,ERR,ERR,ERR,ERR,ERR,ERR,ERR,ERR,ERR,ERR,ERR,ERR,ERR,ERR,ERR,ERR,ERR,ERR,ERR,ERR,ERR,ERR,ERR,ERR,ERR,ERR,ERR,ERR,ERR,ERR,ERR,ERR,ERR,ERR,ERR,ERR,ERR,ERR,ERR,ERR,ERR,ERR,ERR,ERR,ERR,ERR,ERR,ERR,ERR,ERR,ERR,ERR,ERR,ERR,ERR,ERR,ERR,ERR,ERR,ERR,ERR,ERR,ERR,ERR,ERR,ERR,ERR,ERR,ERR,ERR,ERR,ERR,ERR,ERR,ERR,ERR,ERR,ERR,ERR,ERR,ERR,ERR,ERR,ERR,ERR,ERR,ERR,ERR,ERR,ERR,ERR,ERR,ERR,ERR,ERR,ERR,ERR,ERR,ERR,ERR,ERR,ERR,ERR,ERR,ERR,ERR,ERR,ERR,ERR,ERR,ERR,ERR,ERR,ERR,ERR,ERR,ERR,ERR,ERR,ERR,ERR,ERR,0.0,0.0,0.0,0.0,0.0,1.3936040501711995e+18,7.805,0.0,0,0,4,0,7116,0.0,100,0.0,0.0,0.0,0.0,0.0,0,0,0,0,0.0,0,0,0,0,0,0,0,0,0,0,0,0,0,0,0,0,0,0,0,0,0,0,0,0,0,0,0,0,0,0,0,0,0,31,40,40,71,65476,0,300,0,0,8,21553,0.0,-107605600.0,0.0,0.0,0.0,0.0,0.0,0.0,0.0,0.0,0.0,0.0,0.0,0.0,0.0,0.0,0.0,0.0,0.0,0.0,0.0,0.0,-2.004,-0.0,-0.0,-2.004,0.0,0.0,0.0,0.0,6254.0,-0.0,6932.0,0.0,0.0,2.7184303811560617e+23,0.0,0.0,0.0,0.0,0.0,69,0.0,2.7184264179883896e+23,0.0,0.0,0.0,0.0,0.0,0.0,0.0,0,0,0,0.0,0.0,0.0,0.0,0.0,0.0,0.0,0.0,0.0,0.0,0.0,0.0,0.0,0.0,0.0,0.0,0,-107875648.0,69,0.0,138,0.0,0.0,0,13107,17040,13107,17049,13107,17043,0,0,0,70,68,100,2.7302359370752657e+23,71.2,2.7302370179391762e+23,74.2,2.7302370179391762e+23,74.0,1,49,50,180,0,52429,0,0,0.0,0.0,0.0,0.0,-0.0,67.0,0.0,162057.094,0.0,750,0,739,0,0,0,721,0,766,0,736,0,742,0,741,0,712,0,7520,0.032,78920024064.0,0.0,0.0,784,16797,-0.0,162057.094,-114818.039,-0.0,0.133,6.909358625270745e+28,30.0,65.0,35,0.0,0.0,0.0,0.0,0.0,0.0,0.0,0.0,0.0,0.0,0.0,0.0,0.0,0.0,0.0,0.0,69.2,0,150,71,55,65476,0,300,0,1,8,20529,65476,0,0,40632,65.0,0.0,0.0,0.0,0.0,0.0
2026-09-04T20:33:52,ERR,ERR,ERR,ERR,ERR,ERR,ERR,ERR,ERR,ERR,ERR,ERR,ERR,ERR,ERR,ERR,ERR,ERR,ERR,ERR,ERR,ERR,ERR,ERR,ERR,ERR,ERR,ERR,ERR,ERR,ERR,ERR,ERR,ERR,ERR,ERR,ERR,ERR,ERR,ERR,ERR,ERR,ERR,ERR,ERR,ERR,ERR,ERR,ERR,ERR,ERR,ERR,ERR,ERR,ERR,ERR,ERR,ERR,ERR,ERR,ERR,ERR,ERR,ERR,ERR,ERR,ERR,ERR,ERR,ERR,ERR,ERR,ERR,ERR,ERR,ERR,ERR,ERR,ERR,ERR,ERR,ERR,ERR,ERR,ERR,ERR,ERR,ERR,ERR,ERR,ERR,ERR,ERR,ERR,ERR,ERR,ERR,ERR,ERR,ERR,ERR,ERR,ERR,ERR,ERR,ERR,ERR,ERR,ERR,ERR,ERR,ERR,ERR,ERR,ERR,ERR,ERR,ERR,ERR,ERR,ERR,ERR,ERR,ERR,ERR,0.0,0.0,0.0,0.0,0.0,1.3936040501711995e+18,7.805,0.0,0,0,4,0,7116,0.0,100,0.0,0.0,0.0,0.0,0.0,0,0,0,0,0.0,0,0,0,0,0,0,0,0,0,0,0,0,0,0,0,0,0,0,0,0,0,0,0,0,0,0,0,0,0,0,0,0,0,31,40,40,71,65476,0,300,0,0,8,21553,0.0,-107605600.0,0.0,0.0,0.0,0.0,0.0,0.0,0.0,0.0,0.0,0.0,0.0,0.0,0.0,0.0,0.0,0.0,0.0,0.0,0.0,0.0,-2.004,-0.0,-0.0,-2.004,0.0,0.0,0.0,0.0,6254.0,-0.0,6932.0,0.0,0.0,2.7184303811560617e+23,0.0,0.0,0.0,0.0,0.0,69,0.0,2.7184264179883896e+23,0.0,0.0,0.0,0.0,0.0,0.0,0.0,0,0,0,0.0,0.0,0.0,0.0,0.0,0.0,0.0,0.0,0.0,0.0,0.0,0.0,0.0,0.0,0.0,0.0,0,-107875648.0,69,0.0,138,0.0,0.0,0,13107,17040,13107,17049,13107,17043,0,0,0,70,68,100,2.7302359370752657e+23,71.2,2.7302370179391762e+23,74.2,2.7302370179391762e+23,74.0,1,49,50,180,0,52429,0,0,0.0,0.0,0.0,0.0,-0.0,67.0,0.0,162057.094,0.0,750,0,739,0,0,0,721,0,766,0,736,0,742,0,741,0,712,0,7520,0.032,78920024064.0,0.0,0.0,784,16797,-0.0,162057.094,-114818.039,-0.0,0.133,6.909358625270745e+28,30.0,65.0,35,0.0,0.0,0.0,0.0,0.0,0.0,0.0,0.0,0.0,0.0,0.0,0.0,0.0,0.0,0.0,0.0,69.2,0,150,71,55,65476,0,300,0,1,8,20529,65476,0,0,40632,65.0,0.0,0.0,0.0,0.0,0.0
2026-09-04T20:33:53,ERR,ERR,ERR,ERR,ERR,ERR,ERR,ERR,ERR,ERR,ERR,ERR,ERR,ERR,ERR,ERR,ERR,ERR,ERR,ERR,ERR,ERR,ERR,ERR,ERR,ERR,ERR,ERR,ERR,ERR,ERR,ERR,ERR,ERR,ERR,ERR,ERR,ERR,ERR,ERR,ERR,ERR,ERR,ERR,ERR,ERR,ERR,ERR,ERR,ERR,ERR,ERR,ERR,ERR,ERR,ERR,ERR,ERR,ERR,ERR,ERR,ERR,ERR,ERR,ERR,ERR,ERR,ERR,ERR,ERR,ERR,ERR,ERR,ERR,ERR,ERR,ERR,ERR,ERR,ERR,ERR,ERR,ERR,ERR,ERR,ERR,ERR,ERR,ERR,ERR,ERR,ERR,ERR,ERR,ERR,ERR,ERR,ERR,ERR,ERR,ERR,ERR,ERR,ERR,ERR,ERR,ERR,ERR,ERR,ERR,ERR,ERR,ERR,ERR,ERR,ERR,ERR,ERR,ERR,ERR,ERR,ERR,ERR,ERR,ERR,0.0,0.0,0.0,0.0,0.0,1.3936040501711995e+18,7.805,0.0,0,0,4,0,7116,0.0,100,0.0,0.0,0.0,0.0,0.0,0,0,0,0,0.0,0,0,0,0,0,0,0,0,0,0,0,0,0,0,0,0,0,0,0,0,0,0,0,0,0,0,0,0,0,0,0,0,0,31,40,40,71,65476,0,300,0,0,8,21553,0.0,-107605600.0,0.0,0.0,0.0,0.0,0.0,0.0,0.0,0.0,0.0,0.0,0.0,0.0,0.0,0.0,0.0,0.0,0.0,0.0,0.0,0.0,-2.004,-0.0,-0.0,-2.004,0.0,0.0,0.0,0.0,6254.0,-0.0,6932.0,0.0,0.0,2.7184303811560617e+23,0.0,0.0,0.0,0.0,0.0,69,0.0,2.7184264179883896e+23,0.0,0.0,0.0,0.0,0.0,0.0,0.0,0,0,0,0.0,0.0,0.0,0.0,0.0,0.0,0.0,0.0,0.0,0.0,0.0,0.0,0.0,0.0,0.0,0.0,0,-107875648.0,69,0.0,138,0.0,0.0,0,13107,17040,13107,17049,13107,17043,0,0,0,70,68,100,2.7302359370752657e+23,71.2,2.7302370179391762e+23,74.2,2.7302370179391762e+23,74.0,1,49,50,180,0,52429,0,0,0.0,0.0,0.0,0.0,-0.0,67.0,0.0,162057.094,0.0,750,0,739,0,0,0,721,0,766,0,736,0,742,0,741,0,712,0,7520,0.032,78920024064.0,0.0,0.0,784,16797,-0.0,162057.094,-114818.039,-0.0,0.133,6.909358625270745e+28,30.0,65.0,35,0.0,0.0,0.0,0.0,0.0,0.0,0.0,0.0,0.0,0.0,0.0,0.0,0.0,0.0,0.0,0.0,69.2,0,150,71,55,65476,0,300,0,1,8,20529,65476,0,0,40632,65.0,0.0,0.0,0.0,0.0,0.0
2026-09-04T20:33:54,ERR,ERR,ERR,ERR,ERR,ERR,ERR,ERR,ERR,ERR,ERR,ERR,ERR,ERR,ERR,ERR,ERR,ERR,ERR,ERR,ERR,ERR,ERR,ERR,ERR,ERR,ERR,ERR,ERR,ERR,ERR,ERR,ERR,ERR,ERR,ERR,ERR,ERR,ERR,ERR,ERR,ERR,ERR,ERR,ERR,ERR,ERR,ERR,ERR,ERR,ERR,ERR,ERR,ERR,ERR,ERR,ERR,ERR,ERR,ERR,ERR,ERR,ERR,ERR,ERR,ERR,ERR,ERR,ERR,ERR,ERR,ERR,ERR,ERR,ERR,ERR,ERR,ERR,ERR,ERR,ERR,ERR,ERR,ERR,ERR,ERR,ERR,ERR,ERR,ERR,ERR,ERR,ERR,ERR,ERR,ERR,ERR,ERR,ERR,ERR,ERR,ERR,ERR,ERR,ERR,ERR,ERR,ERR,ERR,ERR,ERR,ERR,ERR,ERR,ERR,ERR,ERR,ERR,ERR,ERR,ERR,ERR,ERR,ERR,ERR,0.0,0.0,0.0,0.0,0.0,1.3936040501711995e+18,7.805,0.0,0,0,4,0,7116,0.0,100,0.0,0.0,0.0,0.0,0.0,0,0,0,0,0.0,0,0,0,0,0,0,0,0,0,0,0,0,0,0,0,0,0,0,0,0,0,0,0,0,0,0,0,0,0,0,0,0,0,31,40,40,71,65476,0,300,0,0,8,21553,0.0,-107605600.0,0.0,0.0,0.0,0.0,0.0,0.0,0.0,0.0,0.0,0.0,0.0,0.0,0.0,0.0,0.0,0.0,0.0,0.0,0.0,0.0,-2.004,-0.0,-0.0,-2.004,0.0,0.0,0.0,0.0,6254.0,-0.0,6932.0,0.0,0.0,2.7184303811560617e+23,0.0,0.0,0.0,0.0,0.0,69,0.0,2.7184264179883896e+23,0.0,0.0,0.0,0.0,0.0,0.0,0.0,0,0,0,0.0,0.0,0.0,0.0,0.0,0.0,0.0,0.0,0.0,0.0,0.0,0.0,0.0,0.0,0.0,0.0,0,-107875648.0,69,0.0,138,0.0,0.0,0,13107,17040,13107,17049,13107,17043,0,0,0,70,68,100,2.7302359370752657e+23,71.2,2.7302370179391762e+23,74.2,2.7302370179391762e+23,74.0,1,49,50,180,0,52429,0,0,0.0,0.0,0.0,0.0,-0.0,67.0,0.0,162057.094,0.0,750,0,739,0,0,0,721,0,766,0,736,0,742,0,741,0,712,0,7520,0.032,79456894976.0,0.0,0.0,784,16797,-0.0,162057.094,-114818.039,-0.0,0.133,6.909358625270745e+28,30.0,65.0,35,0.0,0.0,0.0,0.0,0.0,0.0,0.0,0.0,0.0,0.0,0.0,0.0,0.0,0.0,0.0,0.0,69.2,0,150,71,55,65476,0,300,0,1,8,20529,65476,0,0,40632,65.0,0.0,0.0,0.0,0.0,0.0
2026-09-04T20:33:55,ERR,ERR,ERR,ERR,ERR,ERR,ERR,ERR,ERR,ERR,ERR,ERR,ERR,ERR,ERR,ERR,ERR,ERR,ERR,ERR,ERR,ERR,ERR,ERR,ERR,ERR,ERR,ERR,ERR,ERR,ERR,ERR,ERR,ERR,ERR,ERR,ERR,ERR,ERR,ERR,ERR,ERR,ERR,ERR,ERR,ERR,ERR,ERR,ERR,ERR,ERR,ERR,ERR,ERR,ERR,ERR,ERR,ERR,ERR,ERR,ERR,ERR,ERR,ERR,ERR,ERR,ERR,ERR,ERR,ERR,ERR,ERR,ERR,ERR,ERR,ERR,ERR,ERR,ERR,ERR,ERR,ERR,ERR,ERR,ERR,ERR,ERR,ERR,ERR,ERR,ERR,ERR,ERR,ERR,ERR,ERR,ERR,ERR,ERR,ERR,ERR,ERR,ERR,ERR,ERR,ERR,ERR,ERR,ERR,ERR,ERR,ERR,ERR,ERR,ERR,ERR,ERR,ERR,ERR,ERR,ERR,ERR,ERR,ERR,ERR,0.0,0.0,0.0,0.0,0.0,1.3936040501711995e+18,7.805,0.0,0,0,4,0,7116,0.0,100,0.0,0.0,0.0,0.0,0.0,0,0,0,0,0.0,0,0,0,0,0,0,0,0,0,0,0,0,0,0,0,0,0,0,0,0,0,0,0,0,0,0,0,0,0,0,0,0,0,31,40,40,71,65476,0,300,0,0,8,21553,0.0,-107605600.0,0.0,0.0,0.0,0.0,0.0,0.0,0.0,0.0,0.0,0.0,0.0,0.0,0.0,0.0,0.0,0.0,0.0,0.0,0.0,0.0,-2.004,-0.0,-0.0,-2.004,0.0,0.0,0.0,0.0,6254.0,0.0,6917.0,0.0,0.0,2.7184303811560617e+23,0.0,0.0,0.0,0.0,0.0,69,0.0,-107615176.0,0.0,0.0,0.0,0.0,0.0,0.0,0.0,0,0,0,0.0,0.0,0.0,0.0,0.0,0.0,0.0,0.0,0.0,0.0,0.0,0.0,0.0,0.0,0.0,0.0,0,-107875648.0,69,0.0,138,0.0,0.0,0,13107,17040,13107,17049,13107,17043,0,0,0,70,68,100,2.7302359370752657e+23,71.2,2.7302370179391762e+23,74.2,2.7302370179391762e+23,74.0,1,49,50,180,0,52429,0,0,0.0,0.0,0.0,0.0,-0.0,67.0,0.0,162057.094,0.0,750,0,739,0,0,0,721,0,766,0,736,0,742,0,741,0,712,0,7520,0.032,79456894976.0,0.0,0.0,784,16797,-0.0,162057.094,-114818.039,-0.0,0.133,6.909358625270745e+28,30.0,65.0,35,0.0,0.0,0.0,0.0,0.0,0.0,0.0,0.0,0.0,0.0,0.0,0.0,0.0,0.0,0.0,0.0,69.2,0,150,71,55,65476,0,300,0,1,8,20529,65476,0,0,40632,65.0,0.0,0.0,0.0,0.0,0.0
2026-09-04T20:33:56,ERR,ERR,ERR,ERR,ERR,ERR,ERR,ERR,ERR,ERR,ERR,ERR,ERR,ERR,ERR,ERR,ERR,ERR,ERR,ERR,ERR,ERR,ERR,ERR,ERR,ERR,ERR,ERR,ERR,ERR,ERR,ERR,ERR,ERR,ERR,ERR,ERR,ERR,ERR,ERR,ERR,ERR,ERR,ERR,ERR,ERR,ERR,ERR,ERR,ERR,ERR,ERR,ERR,ERR,ERR,ERR,ERR,ERR,ERR,ERR,ERR,ERR,ERR,ERR,ERR,ERR,ERR,ERR,ERR,ERR,ERR,ERR,ERR,ERR,ERR,ERR,ERR,ERR,ERR,ERR,ERR,ERR,ERR,ERR,ERR,ERR,ERR,ERR,ERR,ERR,ERR,ERR,ERR,ERR,ERR,ERR,ERR,ERR,ERR,ERR,ERR,ERR,ERR,ERR,ERR,ERR,ERR,ERR,ERR,ERR,ERR,ERR,ERR,ERR,ERR,ERR,ERR,ERR,ERR,ERR,ERR,ERR,ERR,ERR,ERR,0.0,0.0,0.0,0.0,0.0,1.3936040501711995e+18,7.805,0.0,0,0,4,0,7116,0.0,100,0.0,0.0,0.0,0.0,0.0,0,0,0,0,0.0,0,0,0,0,0,0,0,0,0,0,0,0,0,0,0,0,0,0,0,0,0,0,0,0,0,0,0,0,0,0,0,0,0,31,40,40,71,65476,0,300,0,0,8,21553,0.0,-107605600.0,0.0,0.0,0.0,0.0,0.0,0.0,0.0,0.0,0.0,0.0,0.0,0.0,0.0,0.0,0.0,0.0,0.0,0.0,0.0,0.0,-2.004,-0.0,-0.0,-2.004,0.0,0.0,0.0,0.0,6254.0,0.0,6917.0,0.0,0.0,2.7184303811560617e+23,0.0,0.0,0.0,0.0,0.0,69,0.0,-107615176.0,0.0,0.0,0.0,0.0,0.0,0.0,0.0,0,0,0,0.0,0.0,0.0,0.0,0.0,0.0,0.0,0.0,0.0,0.0,0.0,0.0,0.0,0.0,0.0,0.0,0,-107875648.0,69,0.0,138,0.0,0.0,0,13107,17040,13107,17049,13107,17043,0,0,0,70,68,100,2.7302359370752657e+23,71.2,2.7302370179391762e+23,74.2,2.7302370179391762e+23,74.0,1,49,50,180,0,52429,0,0,0.0,0.0,0.0,0.0,-0.0,67.0,0.0,162057.094,0.0,750,0,739,0,0,0,721,0,766,0,736,0,742,0,741,0,712,0,7520,0.032,79456894976.0,0.0,0.0,784,16797,-0.0,162057.094,-114818.039,-0.0,0.133,6.909358625270745e+28,30.0,65.0,35,0.0,0.0,0.0,0.0,0.0,0.0,0.0,0.0,0.0,0.0,0.0,0.0,0.0,0.0,0.0,0.0,69.2,0,150,71,55,65476,0,300,0,1,8,20529,65476,0,0,40632,65.0,0.0,0.0,0.0,0.0,0.0
2026-09-04T20:33:57,ERR,ERR,ERR,ERR,ERR,ERR,ERR,ERR,ERR,ERR,ERR,ERR,ERR,ERR,ERR,ERR,ERR,ERR,ERR,ERR,ERR,ERR,ERR,ERR,ERR,ERR,ERR,ERR,ERR,ERR,ERR,ERR,ERR,ERR,ERR,ERR,ERR,ERR,ERR,ERR,ERR,ERR,ERR,ERR,ERR,ERR,ERR,ERR,ERR,ERR,ERR,ERR,ERR,ERR,ERR,ERR,ERR,ERR,ERR,ERR,ERR,ERR,ERR,ERR,ERR,ERR,ERR,ERR,ERR,ERR,ERR,ERR,ERR,ERR,ERR,ERR,ERR,ERR,ERR,ERR,ERR,ERR,ERR,ERR,ERR,ERR,ERR,ERR,ERR,ERR,ERR,ERR,ERR,ERR,ERR,ERR,ERR,ERR,ERR,ERR,ERR,ERR,ERR,ERR,ERR,ERR,ERR,ERR,ERR,ERR,ERR,ERR,ERR,ERR,ERR,ERR,ERR,ERR,ERR,ERR,ERR,ERR,ERR,ERR,ERR,0.0,0.0,0.0,0.0,0.0,1.3936040501711995e+18,7.805,0.0,0,0,4,0,7116,0.0,100,0.0,0.0,0.0,0.0,0.0,0,0,0,0,0.0,0,0,0,0,0,0,0,0,0,0,0,0,0,0,0,0,0,0,0,0,0,0,0,0,0,0,0,0,0,0,0,0,0,31,40,40,71,65476,0,300,0,0,8,21553,0.0,-107605600.0,0.0,0.0,0.0,0.0,0.0,0.0,0.0,0.0,0.0,0.0,0.0,0.0,0.0,0.0,0.0,0.0,0.0,0.0,0.0,0.0,-2.004,-0.0,-0.0,-2.004,0.0,0.0,0.0,0.0,6254.0,0.0,6917.0,0.0,0.0,2.7184303811560617e+23,0.0,0.0,0.0,0.0,0.0,69,0.0,-107615176.0,0.0,0.0,0.0,0.0,0.0,0.0,0.0,0,0,0,0.0,0.0,0.0,0.0,0.0,0.0,0.0,0.0,0.0,0.0,0.0,0.0,0.0,0.0,0.0,0.0,0,-107875648.0,69,0.0,138,0.0,0.0,0,13107,17040,13107,17049,13107,17043,0,0,0,70,68,100,2.7302359370752657e+23,71.2,2.7302370179391762e+23,74.2,2.7302370179391762e+23,74.0,1,49,50,180,0,52429,0,0,0.0,0.0,0.0,0.0,-0.0,67.0,0.0,162057.094,0.0,750,0,739,0,0,0,721,0,766,0,736,0,742,0,741,0,712,0,7520,0.032,79456894976.0,0.0,0.0,784,16797,-0.0,162057.094,-114818.039,-0.0,0.133,6.909358625270745e+28,30.0,65.0,35,0.0,0.0,0.0,0.0,0.0,0.0,0.0,0.0,0.0,0.0,0.0,0.0,0.0,0.0,0.0,0.0,69.2,0,150,71,55,65476,0,300,0,1,8,20529,65476,0,0,40632,65.0,0.0,0.0,0.0,0.0,0.0
2026-09-04T20:33:58,ERR,ERR,ERR,ERR,ERR,ERR,ERR,ERR,ERR,ERR,ERR,ERR,ERR,ERR,ERR,ERR,ERR,ERR,ERR,ERR,ERR,ERR,ERR,ERR,ERR,ERR,ERR,ERR,ERR,ERR,ERR,ERR,ERR,ERR,ERR,ERR,ERR,ERR,ERR,ERR,ERR,ERR,ERR,ERR,ERR,ERR,ERR,ERR,ERR,ERR,ERR,ERR,ERR,ERR,ERR,ERR,ERR,ERR,ERR,ERR,ERR,ERR,ERR,ERR,ERR,ERR,ERR,ERR,ERR,ERR,ERR,ERR,ERR,ERR,ERR,ERR,ERR,ERR,ERR,ERR,ERR,ERR,ERR,ERR,ERR,ERR,ERR,ERR,ERR,ERR,ERR,ERR,ERR,ERR,ERR,ERR,ERR,ERR,ERR,ERR,ERR,ERR,ERR,ERR,ERR,ERR,ERR,ERR,ERR,ERR,ERR,ERR,ERR,ERR,ERR,ERR,ERR,ERR,ERR,ERR,ERR,ERR,ERR,ERR,ERR,0.0,0.0,0.0,0.0,0.0,1.3936040501711995e+18,7.805,0.0,0,0,4,0,7116,0.0,100,0.0,0.0,0.0,0.0,0.0,0,0,0,0,0.0,0,0,0,0,0,0,0,0,0,0,0,0,0,0,0,0,0,0,0,0,0,0,0,0,0,0,0,0,0,0,0,0,0,31,40,40,71,65476,0,300,0,0,8,21553,0.0,-107605600.0,0.0,0.0,0.0,0.0,0.0,0.0,0.0,0.0,0.0,0.0,0.0,0.0,0.0,0.0,0.0,0.0,0.0,0.0,0.0,0.0,-2.004,-0.0,-0.0,-2.004,0.0,0.0,0.0,0.0,6254.0,0.0,6917.0,0.0,0.0,2.7184303811560617e+23,0.0,0.0,0.0,0.0,0.0,69,0.0,-107615176.0,0.0,0.0,0.0,0.0,0.0,0.0,0.0,0,0,0,0.0,0.0,0.0,0.0,0.0,0.0,0.0,0.0,0.0,0.0,0.0,0.0,0.0,0.0,0.0,0.0,0,-107875648.0,69,0.0,138,0.0,0.0,0,13107,17040,13107,17049,13107,17043,0,0,0,70,68,100,2.7302359370752657e+23,71.2,2.7302370179391762e+23,74.2,2.7302370179391762e+23,74.0,1,49,50,180,0,52429,0,0,0.0,0.0,0.0,0.0,-0.0,67.0,0.0,162057.094,0.0,750,0,739,0,0,0,721,0,766,0,736,0,742,0,741,0,712,0,7520,0.032,79456894976.0,0.0,0.0,784,16797,-0.0,162057.094,-114818.039,-0.0,0.133,6.909358625270745e+28,30.0,65.0,35,0.0,0.0,0.0,0.0,0.0,0.0,0.0,0.0,0.0,0.0,0.0,0.0,0.0,0.0,0.0,0.0,69.2,0,150,71,55,65476,0,300,0,1,8,20529,65476,0,0,40632,65.0,0.0,0.0,0.0,0.0,0.0
2026-09-04T20:33:59,ERR,ERR,ERR,ERR,ERR,ERR,ERR,ERR,ERR,ERR,ERR,ERR,ERR,ERR,ERR,ERR,ERR,ERR,ERR,ERR,ERR,ERR,ERR,ERR,ERR,ERR,ERR,ERR,ERR,ERR,ERR,ERR,ERR,ERR,ERR,ERR,ERR,ERR,ERR,ERR,ERR,ERR,ERR,ERR,ERR,ERR,ERR,ERR,ERR,ERR,ERR,ERR,ERR,ERR,ERR,ERR,ERR,ERR,ERR,ERR,ERR,ERR,ERR,ERR,ERR,ERR,ERR,ERR,ERR,ERR,ERR,ERR,ERR,ERR,ERR,ERR,ERR,ERR,ERR,ERR,ERR,ERR,ERR,ERR,ERR,ERR,ERR,ERR,ERR,ERR,ERR,ERR,ERR,ERR,ERR,ERR,ERR,ERR,ERR,ERR,ERR,ERR,ERR,ERR,ERR,ERR,ERR,ERR,ERR,ERR,ERR,ERR,ERR,ERR,ERR,ERR,ERR,ERR,ERR,ERR,ERR,ERR,ERR,ERR,ERR,0.0,0.0,0.0,0.0,0.0,1.3936040501711995e+18,7.805,0.0,0,0,4,0,7116,0.0,100,0.0,0.0,0.0,0.0,0.0,0,0,0,0,0.0,0,0,0,0,0,0,0,0,0,0,0,0,0,0,0,0,0,0,0,0,0,0,0,0,0,0,0,0,0,0,0,0,0,31,40,40,71,65476,0,300,0,0,8,21553,0.0,-107605600.0,0.0,0.0,0.0,0.0,0.0,0.0,0.0,0.0,0.0,0.0,0.0,0.0,0.0,0.0,0.0,0.0,0.0,0.0,0.0,0.0,-2.004,-0.0,-0.0,-2.004,0.0,0.0,0.0,0.0,6254.0,0.0,6917.0,0.0,0.0,2.7184303811560617e+23,0.0,0.0,0.0,0.0,0.0,69,0.0,-107615176.0,0.0,0.0,0.0,0.0,0.0,0.0,0.0,0,0,0,0.0,0.0,0.0,0.0,0.0,0.0,0.0,0.0,0.0,0.0,0.0,0.0,0.0,0.0,0.0,0.0,0,-107875648.0,69,0.0,138,0.0,0.0,0,13107,17040,13107,17049,13107,17043,0,0,0,70,68,100,2.7302359370752657e+23,71.1,0.0,74.2,2.7302370179391762e+23,74.0,1,49,50,180,0,52429,0,0,0.0,0.0,0.0,0.0,-0.0,67.0,0.0,162057.094,0.0,750,0,739,0,0,0,721,0,766,0,736,0,742,0,742,0,712,0,7520,0.032,79993765888.0,0.0,0.0,784,16797,-0.0,162057.094,-114818.039,-0.0,0.133,6.909358625270745e+28,30.0,65.0,35,0.0,0.0,0.0,0.0,0.0,0.0,0.0,0.0,0.0,0.0,0.0,0.0,0.0,0.0,0.0,0.0,69.2,0,150,71,55,65476,0,300,0,1,8,20529,65476,0,0,40632,65.0,0.0,0.0,0.0,0.0,0.0
2026-09-04T20:34:00,ERR,ERR,ERR,ERR,ERR,ERR,ERR,ERR,ERR,ERR,ERR,ERR,ERR,ERR,ERR,ERR,ERR,ERR,ERR,ERR,ERR,ERR,ERR,ERR,ERR,ERR,ERR,ERR,ERR,ERR,ERR,ERR,ERR,ERR,ERR,ERR,ERR,ERR,ERR,ERR,ERR,ERR,ERR,ERR,ERR,ERR,ERR,ERR,ERR,ERR,ERR,ERR,ERR,ERR,ERR,ERR,ERR,ERR,ERR,ERR,ERR,ERR,ERR,ERR,ERR,ERR,ERR,ERR,ERR,ERR,ERR,ERR,ERR,ERR,ERR,ERR,ERR,ERR,ERR,ERR,ERR,ERR,ERR,ERR,ERR,ERR,ERR,ERR,ERR,ERR,ERR,ERR,ERR,ERR,ERR,ERR,ERR,ERR,ERR,ERR,ERR,ERR,ERR,ERR,ERR,ERR,ERR,ERR,ERR,ERR,ERR,ERR,ERR,ERR,ERR,ERR,ERR,ERR,ERR,ERR,ERR,ERR,ERR,ERR,ERR,0.0,0.0,0.0,0.0,0.0,1.3936040501711995e+18,7.805,0.0,0,0,4,0,7116,0.0,100,0.0,0.0,0.0,0.0,0.0,0,0,0,0,0.0,0,0,0,0,0,0,0,0,0,0,0,0,0,0,0,0,0,0,0,0,0,0,0,0,0,0,0,0,0,0,0,0,0,31,40,40,71,65476,0,300,0,0,8,21553,0.0,-107605600.0,0.0,0.0,0.0,0.0,0.0,0.0,0.0,0.0,0.0,0.0,0.0,0.0,0.0,0.0,0.0,0.0,0.0,0.0,0.0,0.0,-2.004,-0.0,-0.0,-2.004,0.0,0.0,0.0,0.0,6254.0,0.0,6917.0,0.0,0.0,2.7184303811560617e+23,0.0,0.0,0.0,0.0,0.0,69,0.0,-107615176.0,0.0,0.0,0.0,0.0,0.0,0.0,0.0,0,0,0,0.0,0.0,0.0,0.0,0.0,0.0,0.0,0.0,0.0,0.0,0.0,0.0,0.0,0.0,0.0,0.0,0,-107875648.0,69,0.0,138,0.0,0.0,0,13107,17040,13107,17049,13107,17043,0,0,0,70,68,100,2.7302359370752657e+23,71.1,0.0,74.2,2.7302370179391762e+23,74.0,1,49,50,180,0,52429,0,0,0.0,0.0,0.0,0.0,-0.0,67.0,0.0,162057.094,0.0,750,0,739,0,0,0,721,0,766,0,736,0,742,0,742,0,712,0,7520,0.032,79993765888.0,0.0,0.0,784,16797,-0.0,162057.094,-114818.039,-0.0,0.133,6.909358625270745e+28,30.0,65.0,35,0.0,0.0,0.0,0.0,0.0,0.0,0.0,0.0,0.0,0.0,0.0,0.0,0.0,0.0,0.0,0.0,69.2,0,150,71,55,65476,0,300,0,1,8,20529,65476,0,0,40632,65.0,0.0,0.0,0.0,0.0,0.0
2026-09-04T20:34:01,ERR,ERR,ERR,ERR,ERR,ERR,ERR,ERR,ERR,ERR,ERR,ERR,ERR,ERR,ERR,ERR,ERR,ERR,ERR,ERR,ERR,ERR,ERR,ERR,ERR,ERR,ERR,ERR,ERR,ERR,ERR,ERR,ERR,ERR,ERR,ERR,ERR,ERR,ERR,ERR,ERR,ERR,ERR,ERR,ERR,ERR,ERR,ERR,ERR,ERR,ERR,ERR,ERR,ERR,ERR,ERR,ERR,ERR,ERR,ERR,ERR,ERR,ERR,ERR,ERR,ERR,ERR,ERR,ERR,ERR,ERR,ERR,ERR,ERR,ERR,ERR,ERR,ERR,ERR,ERR,ERR,ERR,ERR,ERR,ERR,ERR,ERR,ERR,ERR,ERR,ERR,ERR,ERR,ERR,ERR,ERR,ERR,ERR,ERR,ERR,ERR,ERR,ERR,ERR,ERR,ERR,ERR,ERR,ERR,ERR,ERR,ERR,ERR,ERR,ERR,ERR,ERR,ERR,ERR,ERR,ERR,ERR,ERR,ERR,ERR,0.0,0.0,0.0,0.0,0.0,1.3936040501711995e+18,7.805,0.0,0,0,4,0,7116,0.0,100,0.0,0.0,0.0,0.0,0.0,0,0,0,0,0.0,0,0,0,0,0,0,0,0,0,0,0,0,0,0,0,0,0,0,0,0,0,0,0,0,0,0,0,0,0,0,0,0,0,31,40,40,71,65476,0,300,0,0,8,21553,0.0,-107605600.0,0.0,0.0,0.0,0.0,0.0,0.0,0.0,0.0,0.0,0.0,0.0,0.0,0.0,0.0,0.0,0.0,0.0,0.0,0.0,0.0,-2.004,-0.0,-0.0,-2.004,0.0,0.0,0.0,0.0,6254.0,0.0,6917.0,0.0,0.0,2.7184303811560617e+23,0.0,0.0,0.0,0.0,0.0,69,0.0,-107615176.0,0.0,0.0,0.0,0.0,0.0,0.0,0.0,0,0,0,0.0,0.0,0.0,0.0,0.0,0.0,0.0,0.0,0.0,0.0,0.0,0.0,0.0,0.0,0.0,0.0,0,-107875648.0,69,0.0,138,0.0,0.0,0,13107,17040,13107,17049,13107,17043,0,0,0,70,68,100,2.7302359370752657e+23,71.1,0.0,74.2,2.7302370179391762e+23,74.0,1,49,50,180,0,52429,0,0,0.0,0.0,0.0,0.0,-0.0,67.0,0.0,162057.094,0.0,750,0,739,0,0,0,721,0,766,0,736,0,742,0,742,0,712,0,7520,0.032,79993765888.0,0.0,0.0,784,16797,-0.0,162057.094,-114818.039,-0.0,0.133,6.909358625270745e+28,30.0,65.0,35,0.0,0.0,0.0,0.0,0.0,0.0,0.0,0.0,0.0,0.0,0.0,0.0,0.0,0.0,0.0,0.0,69.6,0,150,71,55,65476,0,300,0,1,8,20529,65476,0,0,40632,65.0,0.0,0.0,0.0,0.0,0.0
2026-09-04T20:34:02,ERR,ERR,ERR,ERR,ERR,ERR,ERR,ERR,ERR,ERR,ERR,ERR,ERR,ERR,ERR,ERR,ERR,ERR,ERR,ERR,ERR,ERR,ERR,ERR,ERR,ERR,ERR,ERR,ERR,ERR,ERR,ERR,ERR,ERR,ERR,ERR,ERR,ERR,ERR,ERR,ERR,ERR,ERR,ERR,ERR,ERR,ERR,ERR,ERR,ERR,ERR,ERR,ERR,ERR,ERR,ERR,ERR,ERR,ERR,ERR,ERR,ERR,ERR,ERR,ERR,ERR,ERR,ERR,ERR,ERR,ERR,ERR,ERR,ERR,ERR,ERR,ERR,ERR,ERR,ERR,ERR,ERR,ERR,ERR,ERR,ERR,ERR,ERR,ERR,ERR,ERR,ERR,ERR,ERR,ERR,ERR,ERR,ERR,ERR,ERR,ERR,ERR,ERR,ERR,ERR,ERR,ERR,ERR,ERR,ERR,ERR,ERR,ERR,ERR,ERR,ERR,ERR,ERR,ERR,ERR,ERR,ERR,ERR,ERR,ERR,0.0,0.0,0.0,0.0,0.0,1.3936040501711995e+18,7.805,0.0,0,0,4,0,7116,0.0,100,0.0,0.0,0.0,0.0,0.0,0,0,0,0,0.0,0,0,0,0,0,0,0,0,0,0,0,0,0,0,0,0,0,0,0,0,0,0,0,0,0,0,0,0,0,0,0,0,0,31,40,40,71,65476,0,300,0,0,8,21553,0.0,-107605600.0,0.0,0.0,0.0,0.0,0.0,0.0,0.0,0.0,0.0,0.0,0.0,0.0,0.0,0.0,0.0,0.0,0.0,0.0,0.0,0.0,-2.004,-0.0,-0.0,-2.004,0.0,0.0,0.0,0.0,6224.0,-3.69720284620144e+19,6940.0,0.0,0.0,2.7184303811560617e+23,0.0,0.0,0.0,0.0,0.0,69,0.0,4.066872169691167e+29,0.0,0.0,0.0,0.0,0.0,0.0,0.0,0,0,0,0.0,0.0,0.0,0.0,0.0,0.0,0.0,0.0,0.0,0.0,0.0,0.0,0.0,0.0,0.0,0.0,0,-107875648.0,69,0.0,138,0.0,0.0,0,13107,17040,13107,17049,13107,17043,0,0,0,70,68,100,2.7302359370752657e+23,71.1,0.0,74.2,2.7302370179391762e+23,74.0,1,49,50,180,0,52429,0,0,0.0,0.0,0.0,0.0,-0.0,67.0,0.0,162057.094,0.0,750,0,739,0,0,0,721,0,766,0,736,0,742,0,742,0,712,0,7520,0.032,79993765888.0,0.0,0.0,784,16797,-0.0,162057.094,-114818.039,-0.0,0.133,6.909358625270745e+28,30.0,65.0,35,0.0,0.0,0.0,0.0,0.0,0.0,0.0,0.0,0.0,0.0,0.0,0.0,0.0,0.0,0.0,0.0,69.6,0,150,71,55,65476,0,300,0,1,8,20529,65476,0,0,40632,65.0,0.0,0.0,0.0,0.0,0.0
2026-09-04T20:34:03,ERR,ERR,ERR,ERR,ERR,ERR,ERR,ERR,ERR,ERR,ERR,ERR,ERR,ERR,ERR,ERR,ERR,ERR,ERR,ERR,ERR,ERR,ERR,ERR,ERR,ERR,ERR,ERR,ERR,ERR,ERR,ERR,ERR,ERR,ERR,ERR,ERR,ERR,ERR,ERR,ERR,ERR,ERR,ERR,ERR,ERR,ERR,ERR,ERR,ERR,ERR,ERR,ERR,ERR,ERR,ERR,ERR,ERR,ERR,ERR,ERR,ERR,ERR,ERR,ERR,ERR,ERR,ERR,ERR,ERR,ERR,ERR,ERR,ERR,ERR,ERR,ERR,ERR,ERR,ERR,ERR,ERR,ERR,ERR,ERR,ERR,ERR,ERR,ERR,ERR,ERR,ERR,ERR,ERR,ERR,ERR,ERR,ERR,ERR,ERR,ERR,ERR,ERR,ERR,ERR,ERR,ERR,ERR,ERR,ERR,ERR,ERR,ERR,ERR,ERR,ERR,ERR,ERR,ERR,ERR,ERR,ERR,ERR,ERR,ERR,0.0,0.0,0.0,0.0,0.0,1.3936040501711995e+18,7.805,0.0,0,0,4,0,7116,0.0,100,0.0,0.0,0.0,0.0,0.0,0,0,0,0,0.0,0,0,0,0,0,0,0,0,0,0,0,0,0,0,0,0,0,0,0,0,0,0,0,0,0,0,0,0,0,0,0,0,0,31,40,40,71,65476,0,300,0,0,8,21553,0.0,-107605600.0,0.0,0.0,0.0,0.0,0.0,0.0,0.0,0.0,0.0,0.0,0.0,0.0,0.0,0.0,0.0,0.0,0.0,0.0,0.0,0.0,-2.004,-0.0,-0.0,-2.004,0.0,0.0,0.0,0.0,6224.0,-3.69720284620144e+19,6940.0,0.0,0.0,2.7184303811560617e+23,0.0,0.0,0.0,0.0,0.0,69,0.0,4.066872169691167e+29,0.0,0.0,0.0,0.0,0.0,0.0,0.0,0,0,0,0.0,0.0,0.0,0.0,0.0,0.0,0.0,0.0,0.0,0.0,0.0,0.0,0.0,0.0,0.0,0.0,0,-107875648.0,69,0.0,138,0.0,0.0,0,13107,17040,13107,17049,13107,17043,0,0,0,70,68,100,2.7302359370752657e+23,71.1,0.0,74.2,2.7302370179391762e+23,74.0,1,49,50,180,0,52429,0,0,0.0,0.0,0.0,0.0,-0.0,67.0,0.0,162057.094,0.0,750,0,739,0,0,0,721,0,766,0,736,0,742,0,742,0,712,0,7520,0.032,79993765888.0,0.0,0.0,784,16797,-0.0,162057.094,-114818.039,-0.0,0.133,6.909358625270745e+28,30.0,65.0,35,0.0,0.0,0.0,0.0,0.0,0.0,0.0,0.0,0.0,0.0,0.0,0.0,0.0,0.0,0.0,0.0,69.2,0,150,71,55,65476,0,300,0,1,8,20529,65476,0,0,40632,65.0,0.0,0.0,0.0,0.0,0.0
2026-09-04T20:34:04,ERR,ERR,ERR,ERR,ERR,ERR,ERR,ERR,ERR,ERR,ERR,ERR,ERR,ERR,ERR,ERR,ERR,ERR,ERR,ERR,ERR,ERR,ERR,ERR,ERR,ERR,ERR,ERR,ERR,ERR,ERR,ERR,ERR,ERR,ERR,ERR,ERR,ERR,ERR,ERR,ERR,ERR,ERR,ERR,ERR,ERR,ERR,ERR,ERR,ERR,ERR,ERR,ERR,ERR,ERR,ERR,ERR,ERR,ERR,ERR,ERR,ERR,ERR,ERR,ERR,ERR,ERR,ERR,ERR,ERR,ERR,ERR,ERR,ERR,ERR,ERR,ERR,ERR,ERR,ERR,ERR,ERR,ERR,ERR,ERR,ERR,ERR,ERR,ERR,ERR,ERR,ERR,ERR,ERR,ERR,ERR,ERR,ERR,ERR,ERR,ERR,ERR,ERR,ERR,ERR,ERR,ERR,ERR,ERR,ERR,ERR,ERR,ERR,ERR,ERR,ERR,ERR,ERR,ERR,ERR,ERR,ERR,ERR,ERR,ERR,0.0,0.0,0.0,0.0,0.0,1.3936040501711995e+18,7.805,0.0,0,0,4,0,7116,0.0,100,0.0,0.0,0.0,0.0,0.0,0,0,0,0,0.0,0,0,0,0,0,0,0,0,0,0,0,0,0,0,0,0,0,0,0,0,0,0,0,0,0,0,0,0,0,0,0,0,0,31,40,40,71,65476,0,300,0,0,8,21553,0.0,-107605600.0,0.0,0.0,0.0,0.0,0.0,0.0,0.0,0.0,0.0,0.0,0.0,0.0,0.0,0.0,0.0,0.0,0.0,0.0,0.0,0.0,-2.004,-0.0,-0.0,-2.004,0.0,0.0,0.0,0.0,6224.0,-3.69720284620144e+19,6940.0,0.0,0.0,2.7184303811560617e+23,0.0,0.0,0.0,0.0,0.0,69,0.0,4.066872169691167e+29,0.0,0.0,0.0,0.0,0.0,0.0,0.0,0,0,0,0.0,0.0,0.0,0.0,0.0,0.0,0.0,0.0,0.0,0.0,0.0,0.0,0.0,0.0,0.0,0.0,0,-107875648.0,69,0.0,138,0.0,0.0,0,13107,17040,13107,17049,13107,17043,0,0,0,70,68,100,2.7302359370752657e+23,71.1,0.0,74.2,2.7302370179391762e+23,74.0,1,49,50,180,0,52429,0,0,0.0,0.0,0.0,0.0,-0.0,67.0,0.0,162057.094,0.0,750,0,739,0,0,0,721,0,766,0,736,0,742,0,742,0,712,0,7520,0.032,79993765888.0,0.0,0.0,784,16797,-0.0,162057.094,-114818.039,-0.0,0.133,6.909358625270745e+28,30.0,65.0,35,0.0,0.0,0.0,0.0,0.0,0.0,0.0,0.0,0.0,0.0,0.0,0.0,0.0,0.0,0.0,0.0,69.2,0,150,71,55,65476,0,300,0,1,8,20529,65476,0,0,40632,65.0,0.0,0.0,0.0,0.0,0.0
2026-09-04T20:34:05,ERR,ERR,ERR,ERR,ERR,ERR,ERR,ERR,ERR,ERR,ERR,ERR,ERR,ERR,ERR,ERR,ERR,ERR,ERR,ERR,ERR,ERR,ERR,ERR,ERR,ERR,ERR,ERR,ERR,ERR,ERR,ERR,ERR,ERR,ERR,ERR,ERR,ERR,ERR,ERR,ERR,ERR,ERR,ERR,ERR,ERR,ERR,ERR,ERR,ERR,ERR,ERR,ERR,ERR,ERR,ERR,ERR,ERR,ERR,ERR,ERR,ERR,ERR,ERR,ERR,ERR,ERR,ERR,ERR,ERR,ERR,ERR,ERR,ERR,ERR,ERR,ERR,ERR,ERR,ERR,ERR,ERR,ERR,ERR,ERR,ERR,ERR,ERR,ERR,ERR,ERR,ERR,ERR,ERR,ERR,ERR,ERR,ERR,ERR,ERR,ERR,ERR,ERR,ERR,ERR,ERR,ERR,ERR,ERR,ERR,ERR,ERR,ERR,ERR,ERR,ERR,ERR,ERR,ERR,ERR,ERR,ERR,ERR,ERR,ERR,0.0,0.0,0.0,0.0,0.0,1.3936040501711995e+18,7.805,0.0,0,0,4,0,7116,0.0,100,0.0,0.0,0.0,0.0,0.0,0,0,0,0,0.0,0,0,0,0,0,0,0,0,0,0,0,0,0,0,0,0,0,0,0,0,0,0,0,0,0,0,0,0,0,0,0,0,0,31,40,40,71,65476,0,300,0,0,8,21553,0.0,-107605600.0,0.0,0.0,0.0,0.0,0.0,0.0,0.0,0.0,0.0,0.0,0.0,0.0,0.0,0.0,0.0,0.0,0.0,0.0,0.0,0.0,-2.004,-0.0,-0.0,-2.004,0.0,0.0,0.0,0.0,6224.0,-3.69720284620144e+19,6940.0,0.0,0.0,2.7184303811560617e+23,0.0,0.0,0.0,0.0,0.0,69,0.0,4.066872169691167e+29,0.0,0.0,0.0,0.0,0.0,0.0,0.0,0,0,0,0.0,0.0,0.0,0.0,0.0,0.0,0.0,0.0,0.0,0.0,0.0,0.0,0.0,0.0,0.0,0.0,0,-107875648.0,69,0.0,138,0.0,0.0,0,13107,17040,13107,17049,13107,17043,0,0,0,70,68,100,2.7302359370752657e+23,71.1,0.0,74.2,2.7302370179391762e+23,74.0,1,49,50,180,13107,52429,0,0,0.0,0.0,0.0,0.0,-0.0,67.0,0.0,162057.094,0.0,750,0,739,0,0,0,721,0,766,0,736,0,742,0,741,0,712,0,7520,0.032,79456894976.0,0.0,0.0,784,16797,-0.0,162057.094,-114818.039,-0.0,0.133,6.909358625270745e+28,30.0,65.0,35,0.0,0.0,0.0,0.0,0.0,0.0,0.0,0.0,0.0,0.0,0.0,0.0,0.0,0.0,0.0,0.0,69.2,0,150,71,55,65476,0,300,0,1,8,20529,65476,0,0,40632,65.0,0.0,0.0,0.0,0.0,0.0
2026-09-04T20:34:06,ERR,ERR,ERR,ERR,ERR,ERR,ERR,ERR,ERR,ERR,ERR,ERR,ERR,ERR,ERR,ERR,ERR,ERR,ERR,ERR,ERR,ERR,ERR,ERR,ERR,ERR,ERR,ERR,ERR,ERR,ERR,ERR,ERR,ERR,ERR,ERR,ERR,ERR,ERR,ERR,ERR,ERR,ERR,ERR,ERR,ERR,ERR,ERR,ERR,ERR,ERR,ERR,ERR,ERR,ERR,ERR,ERR,ERR,ERR,ERR,ERR,ERR,ERR,ERR,ERR,ERR,ERR,ERR,ERR,ERR,ERR,ERR,ERR,ERR,ERR,ERR,ERR,ERR,ERR,ERR,ERR,ERR,ERR,ERR,ERR,ERR,ERR,ERR,ERR,ERR,ERR,ERR,ERR,ERR,ERR,ERR,ERR,ERR,ERR,ERR,ERR,ERR,ERR,ERR,ERR,ERR,ERR,ERR,ERR,ERR,ERR,ERR,ERR,ERR,ERR,ERR,ERR,ERR,ERR,ERR,ERR,ERR,ERR,ERR,ERR,0.0,0.0,0.0,0.0,0.0,1.3936040501711995e+18,7.805,0.0,0,0,4,0,7116,0.0,100,0.0,0.0,0.0,0.0,0.0,0,0,0,0,0.0,0,0,0,0,0,0,0,0,0,0,0,0,0,0,0,0,0,0,0,0,0,0,0,0,0,0,0,0,0,0,0,0,0,31,40,40,71,65476,0,300,0,0,8,21553,0.0,-107605600.0,0.0,0.0,0.0,0.0,0.0,0.0,0.0,0.0,0.0,0.0,0.0,0.0,0.0,0.0,0.0,0.0,0.0,0.0,0.0,0.0,-2.004,-0.0,-0.0,-2.004,0.0,0.0,0.0,0.0,6224.0,-3.69720284620144e+19,6940.0,0.0,0.0,2.7184303811560617e+23,0.0,0.0,0.0,0.0,0.0,69,0.0,4.066872169691167e+29,0.0,0.0,0.0,0.0,0.0,0.0,0.0,0,0,0,0.0,0.0,0.0,0.0,0.0,0.0,0.0,0.0,0.0,0.0,0.0,0.0,0.0,0.0,0.0,0.0,0,-107875648.0,69,0.0,138,0.0,0.0,0,13107,17040,13107,17049,13107,17043,0,0,0,70,68,100,2.7302359370752657e+23,71.1,0.0,74.2,2.7302370179391762e+23,74.0,1,49,50,180,13107,52429,0,0,0.0,0.0,0.0,0.0,-0.0,67.0,0.0,162057.094,0.0,750,0,739,0,0,0,721,0,766,0,736,0,742,0,741,0,712,0,7520,0.032,79456894976.0,0.0,0.0,784,16797,-0.0,162057.094,-114818.039,-0.0,0.133,6.909358625270745e+28,30.0,65.0,35,0.0,0.0,0.0,0.0,0.0,0.0,0.0,0.0,0.0,0.0,0.0,0.0,0.0,0.0,0.0,0.0,69.6,0,150,71,55,65476,0,300,0,1,8,20529,65476,0,0,40632,65.0,0.0,0.0,0.0,0.0,0.0
2026-09-04T20:34:07,ERR,ERR,ERR,ERR,ERR,ERR,ERR,ERR,ERR,ERR,ERR,ERR,ERR,ERR,ERR,ERR,ERR,ERR,ERR,ERR,ERR,ERR,ERR,ERR,ERR,ERR,ERR,ERR,ERR,ERR,ERR,ERR,ERR,ERR,ERR,ERR,ERR,ERR,ERR,ERR,ERR,ERR,ERR,ERR,ERR,ERR,ERR,ERR,ERR,ERR,ERR,ERR,ERR,ERR,ERR,ERR,ERR,ERR,ERR,ERR,ERR,ERR,ERR,ERR,ERR,ERR,ERR,ERR,ERR,ERR,ERR,ERR,ERR,ERR,ERR,ERR,ERR,ERR,ERR,ERR,ERR,ERR,ERR,ERR,ERR,ERR,ERR,ERR,ERR,ERR,ERR,ERR,ERR,ERR,ERR,ERR,ERR,ERR,ERR,ERR,ERR,ERR,ERR,ERR,ERR,ERR,ERR,ERR,ERR,ERR,ERR,ERR,ERR,ERR,ERR,ERR,ERR,ERR,ERR,ERR,ERR,ERR,ERR,ERR,ERR,0.0,0.0,0.0,0.0,0.0,1.3936040501711995e+18,7.805,0.0,0,0,4,0,7116,0.0,100,0.0,0.0,0.0,0.0,0.0,0,0,0,0,0.0,0,0,0,0,0,0,0,0,0,0,0,0,0,0,0,0,0,0,0,0,0,0,0,0,0,0,0,0,0,0,0,0,0,31,40,40,71,65476,0,300,0,0,8,21553,0.0,-107605600.0,0.0,0.0,0.0,0.0,0.0,0.0,0.0,0.0,0.0,0.0,0.0,0.0,0.0,0.0,0.0,0.0,0.0,0.0,0.0,0.0,-2.004,-0.0,-0.0,-2.004,0.0,0.0,0.0,0.0,6224.0,-3.69720284620144e+19,6940.0,0.0,0.0,2.7184303811560617e+23,0.0,0.0,0.0,0.0,0.0,69,0.0,4.066872169691167e+29,0.0,0.0,0.0,0.0,0.0,0.0,0.0,0,0,0,0.0,0.0,0.0,0.0,0.0,0.0,0.0,0.0,0.0,0.0,0.0,0.0,0.0,0.0,0.0,0.0,0,-107875648.0,69,0.0,138,0.0,0.0,0,13107,17040,13107,17049,13107,17043,0,0,0,70,68,100,2.7302359370752657e+23,71.1,0.0,74.2,2.7302370179391762e+23,74.0,1,49,50,180,13107,52429,0,0,0.0,0.0,0.0,0.0,-0.0,67.0,0.0,162057.094,0.0,750,0,739,0,0,0,721,0,766,0,736,0,742,0,741,0,712,0,7520,0.032,79456894976.0,0.0,0.0,784,16797,-0.0,162057.094,-114818.039,-0.0,0.133,6.909358625270745e+28,30.0,65.0,35,0.0,0.0,0.0,0.0,0.0,0.0,0.0,0.0,0.0,0.0,0.0,0.0,0.0,0.0,0.0,0.0,69.6,0,150,71,55,65476,0,300,0,1,8,20529,65476,0,0,40632,65.0,0.0,0.0,0.0,0.0,0.0
2026-09-04T20:34:08,ERR,ERR,ERR,ERR,ERR,ERR,ERR,ERR,ERR,ERR,ERR,ERR,ERR,ERR,ERR,ERR,ERR,ERR,ERR,ERR,ERR,ERR,ERR,ERR,ERR,ERR,ERR,ERR,ERR,ERR,ERR,ERR,ERR,ERR,ERR,ERR,ERR,ERR,ERR,ERR,ERR,ERR,ERR,ERR,ERR,ERR,ERR,ERR,ERR,ERR,ERR,ERR,ERR,ERR,ERR,ERR,ERR,ERR,ERR,ERR,ERR,ERR,ERR,ERR,ERR,ERR,ERR,ERR,ERR,ERR,ERR,ERR,ERR,ERR,ERR,ERR,ERR,ERR,ERR,ERR,ERR,ERR,ERR,ERR,ERR,ERR,ERR,ERR,ERR,ERR,ERR,ERR,ERR,ERR,ERR,ERR,ERR,ERR,ERR,ERR,ERR,ERR,ERR,ERR,ERR,ERR,ERR,ERR,ERR,ERR,ERR,ERR,ERR,ERR,ERR,ERR,ERR,ERR,ERR,ERR,ERR,ERR,ERR,ERR,ERR,0.0,0.0,0.0,0.0,0.0,1.3936040501711995e+18,7.805,0.0,0,0,4,0,7116,0.0,100,0.0,0.0,0.0,0.0,0.0,0,0,0,0,0.0,0,0,0,0,0,0,0,0,0,0,0,0,0,0,0,0,0,0,0,0,0,0,0,0,0,0,0,0,0,0,0,0,0,31,40,40,71,65476,0,300,0,0,8,21553,0.0,-107605600.0,0.0,0.0,0.0,0.0,0.0,0.0,0.0,0.0,0.0,0.0,0.0,0.0,0.0,0.0,0.0,0.0,0.0,0.0,0.0,0.0,-2.004,-0.0,-0.0,-2.004,0.0,0.0,0.0,0.0,6224.0,-3.69720284620144e+19,6940.0,0.0,0.0,2.7184303811560617e+23,0.0,0.0,0.0,0.0,0.0,69,0.0,4.066872169691167e+29,0.0,0.0,0.0,0.0,0.0,0.0,0.0,0,0,0,0.0,0.0,0.0,0.0,0.0,0.0,0.0,0.0,0.0,0.0,0.0,0.0,0.0,0.0,0.0,0.0,0,-107875648.0,69,0.0,138,0.0,0.0,0,13107,17040,13107,17049,13107,17043,0,0,0,70,68,100,2.7302359370752657e+23,71.1,0.0,74.2,2.7302370179391762e+23,74.0,1,49,50,180,13107,52429,0,0,0.0,0.0,0.0,0.0,-0.0,67.0,0.0,162057.094,0.0,750,0,739,0,0,0,721,0,766,0,736,0,742,0,741,0,712,0,7520,0.032,79456894976.0,0.0,0.0,784,16797,-0.0,162057.094,-114818.039,-0.0,0.133,6.909358625270745e+28,30.0,65.0,35,0.0,0.0,0.0,0.0,0.0,0.0,0.0,0.0,0.0,0.0,0.0,0.0,0.0,0.0,0.0,0.0,69.2,0,150,71,55,65476,0,300,0,1,8,20529,65476,0,0,40632,65.0,0.0,0.0,0.0,0.0,0.0
2026-09-04T20:34:09,ERR,ERR,ERR,ERR,ERR,ERR,ERR,ERR,ERR,ERR,ERR,ERR,ERR,ERR,ERR,ERR,ERR,ERR,ERR,ERR,ERR,ERR,ERR,ERR,ERR,ERR,ERR,ERR,ERR,ERR,ERR,ERR,ERR,ERR,ERR,ERR,ERR,ERR,ERR,ERR,ERR,ERR,ERR,ERR,ERR,ERR,ERR,ERR,ERR,ERR,ERR,ERR,ERR,ERR,ERR,ERR,ERR,ERR,ERR,ERR,ERR,ERR,ERR,ERR,ERR,ERR,ERR,ERR,ERR,ERR,ERR,ERR,ERR,ERR,ERR,ERR,ERR,ERR,ERR,ERR,ERR,ERR,ERR,ERR,ERR,ERR,ERR,ERR,ERR,ERR,ERR,ERR,ERR,ERR,ERR,ERR,ERR,ERR,ERR,ERR,ERR,ERR,ERR,ERR,ERR,ERR,ERR,ERR,ERR,ERR,ERR,ERR,ERR,ERR,ERR,ERR,ERR,ERR,ERR,ERR,ERR,ERR,ERR,ERR,ERR,0.0,0.0,0.0,0.0,0.0,1.3936040501711995e+18,7.805,0.0,0,0,4,0,7116,0.0,100,0.0,0.0,0.0,0.0,0.0,0,0,0,0,0.0,0,0,0,0,0,0,0,0,0,0,0,0,0,0,0,0,0,0,0,0,0,0,0,0,0,0,0,0,0,0,0,0,0,31,40,40,71,65476,0,300,0,0,8,21553,0.0,-107605600.0,0.0,0.0,0.0,0.0,0.0,0.0,0.0,0.0,0.0,0.0,0.0,0.0,0.0,0.0,0.0,0.0,0.0,0.0,0.0,0.0,-2.004,-0.0,-0.0,-2.004,0.0,0.0,0.0,0.0,6224.0,-3.69720284620144e+19,6940.0,0.0,0.0,2.7184303811560617e+23,0.0,0.0,0.0,0.0,0.0,69,0.0,4.066872169691167e+29,0.0,0.0,0.0,0.0,0.0,0.0,0.0,0,0,0,0.0,0.0,0.0,0.0,0.0,0.0,0.0,0.0,0.0,0.0,0.0,0.0,0.0,0.0,0.0,0.0,0,-107875648.0,69,0.0,138,0.0,0.0,0,13107,17040,13107,17049,13107,17043,0,0,0,70,68,100,2.7302359370752657e+23,71.1,0.0,74.2,2.7302370179391762e+23,74.0,1,49,50,180,13107,52429,0,0,0.0,0.0,0.0,0.0,-0.0,67.0,0.0,162057.094,0.0,750,0,739,0,0,0,721,0,766,0,736,0,742,0,741,0,712,0,7520,0.032,79456894976.0,0.0,0.0,784,16797,-0.0,162057.094,-114818.039,-0.0,0.133,6.909358625270745e+28,30.0,65.0,35,0.0,0.0,0.0,0.0,0.0,0.0,0.0,0.0,0.0,0.0,0.0,0.0,0.0,0.0,0.0,0.0,69.2,0,150,71,55,65476,0,300,0,1,8,20529,65476,0,0,40632,65.0,0.0,0.0,0.0,0.0,0.0
2026-09-04T20:34:10,ERR,ERR,ERR,ERR,ERR,ERR,ERR,ERR,ERR,ERR,ERR,ERR,ERR,ERR,ERR,ERR,ERR,ERR,ERR,ERR,ERR,ERR,ERR,ERR,ERR,ERR,ERR,ERR,ERR,ERR,ERR,ERR,ERR,ERR,ERR,ERR,ERR,ERR,ERR,ERR,ERR,ERR,ERR,ERR,ERR,ERR,ERR,ERR,ERR,ERR,ERR,ERR,ERR,ERR,ERR,ERR,ERR,ERR,ERR,ERR,ERR,ERR,ERR,ERR,ERR,ERR,ERR,ERR,ERR,ERR,ERR,ERR,ERR,ERR,ERR,ERR,ERR,ERR,ERR,ERR,ERR,ERR,ERR,ERR,ERR,ERR,ERR,ERR,ERR,ERR,ERR,ERR,ERR,ERR,ERR,ERR,ERR,ERR,ERR,ERR,ERR,ERR,ERR,ERR,ERR,ERR,ERR,ERR,ERR,ERR,ERR,ERR,ERR,ERR,ERR,ERR,ERR,ERR,ERR,ERR,ERR,ERR,ERR,ERR,ERR,0.0,0.0,0.0,0.0,0.0,1.3936040501711995e+18,7.805,0.0,0,0,4,0,7116,0.0,100,0.0,0.0,0.0,0.0,0.0,0,0,0,0,0.0,0,0,0,0,0,0,0,0,0,0,0,0,0,0,0,0,0,0,0,0,0,0,0,0,0,0,0,0,0,0,0,0,0,31,40,40,71,65476,0,300,0,0,8,21553,0.0,-107605600.0,0.0,0.0,0.0,0.0,0.0,0.0,0.0,0.0,0.0,0.0,0.0,0.0,0.0,0.0,0.0,0.0,0.0,0.0,0.0,0.0,-2.004,-0.0,-0.0,-2.004,0.0,0.0,0.0,0.0,6220.0,-3.69720284620144e+19,6940.0,0.0,0.0,2.7184303811560617e+23,0.0,0.0,0.0,0.0,0.0,69,0.0,5.848075094059207e+35,0.0,0.0,0.0,0.0,0.0,0.0,0.0,0,0,0,0.0,0.0,0.0,0.0,0.0,0.0,0.0,0.0,0.0,0.0,0.0,0.0,0.0,0.0,0.0,0.0,0,-107875648.0,69,0.0,138,0.0,0.0,0,13107,17040,13107,17049,13107,17043,0,0,0,70,68,100,2.7302359370752657e+23,71.1,0.0,74.2,2.7302370179391762e+23,74.0,1,49,50,180,0,52429,0,0,0.0,0.0,0.0,0.0,-0.0,67.0,0.0,162057.094,0.0,750,0,739,0,0,0,721,0,766,0,736,0,742,0,741,0,712,0,7520,0.032,78920024064.0,0.0,0.0,784,16797,-0.0,162057.094,-114818.039,-0.0,0.133,6.909358625270745e+28,30.0,65.0,35,0.0,0.0,0.0,0.0,0.0,0.0,0.0,0.0,0.0,0.0,0.0,0.0,0.0,0.0,0.0,0.0,69.2,0,150,71,55,65476,0,300,0,1,8,20529,65476,0,0,40632,65.0,0.0,0.0,0.0,0.0,0.0
2026-09-04T20:34:11,ERR,ERR,ERR,ERR,ERR,ERR,ERR,ERR,ERR,ERR,ERR,ERR,ERR,ERR,ERR,ERR,ERR,ERR,ERR,ERR,ERR,ERR,ERR,ERR,ERR,ERR,ERR,ERR,ERR,ERR,ERR,ERR,ERR,ERR,ERR,ERR,ERR,ERR,ERR,ERR,ERR,ERR,ERR,ERR,ERR,ERR,ERR,ERR,ERR,ERR,ERR,ERR,ERR,ERR,ERR,ERR,ERR,ERR,ERR,ERR,ERR,ERR,ERR,ERR,ERR,ERR,ERR,ERR,ERR,ERR,ERR,ERR,ERR,ERR,ERR,ERR,ERR,ERR,ERR,ERR,ERR,ERR,ERR,ERR,ERR,ERR,ERR,ERR,ERR,ERR,ERR,ERR,ERR,ERR,ERR,ERR,ERR,ERR,ERR,ERR,ERR,ERR,ERR,ERR,ERR,ERR,ERR,ERR,ERR,ERR,ERR,ERR,ERR,ERR,ERR,ERR,ERR,ERR,ERR,ERR,ERR,ERR,ERR,ERR,ERR,0.0,0.0,0.0,0.0,0.0,1.3936040501711995e+18,7.805,0.0,0,0,4,0,7116,0.0,100,0.0,0.0,0.0,0.0,0.0,0,0,0,0,0.0,0,0,0,0,0,0,0,0,0,0,0,0,0,0,0,0,0,0,0,0,0,0,0,0,0,0,0,0,0,0,0,0,0,31,40,40,71,65476,0,300,0,0,8,21553,0.0,-107605600.0,0.0,0.0,0.0,0.0,0.0,0.0,0.0,0.0,0.0,0.0,0.0,0.0,0.0,0.0,0.0,0.0,0.0,0.0,0.0,0.0,-2.004,-0.0,-0.0,-2.004,0.0,0.0,0.0,0.0,6220.0,-3.69720284620144e+19,6940.0,0.0,0.0,2.7184303811560617e+23,0.0,0.0,0.0,0.0,0.0,69,0.0,5.848075094059207e+35,0.0,0.0,0.0,0.0,0.0,0.0,0.0,0,0,0,0.0,0.0,0.0,0.0,0.0,0.0,0.0,0.0,0.0,0.0,0.0,0.0,0.0,0.0,0.0,0.0,0,-107875648.0,69,0.0,138,0.0,0.0,0,13107,17040,13107,17049,13107,17043,0,0,0,70,68,100,2.7302359370752657e+23,71.1,0.0,74.2,2.7302370179391762e+23,74.0,1,49,50,180,0,52429,0,0,0.0,0.0,0.0,0.0,-0.0,67.0,0.0,162057.094,0.0,750,0,739,0,0,0,721,0,766,0,736,0,742,0,741,0,712,0,7520,0.032,78920024064.0,0.0,0.0,784,16797,-0.0,162057.094,-114818.039,-0.0,0.133,6.909358625270745e+28,30.0,65.0,35,0.0,0.0,0.0,0.0,0.0,0.0,0.0,0.0,0.0,0.0,0.0,0.0,0.0,0.0,0.0,0.0,69.2,0,150,71,55,65476,0,300,0,1,8,20529,65476,0,0,40632,65.0,0.0,0.0,0.0,0.0,0.0
2026-09-04T20:34:12,ERR,ERR,ERR,ERR,ERR,ERR,ERR,ERR,ERR,ERR,ERR,ERR,ERR,ERR,ERR,ERR,ERR,ERR,ERR,ERR,ERR,ERR,ERR,ERR,ERR,ERR,ERR,ERR,ERR,ERR,ERR,ERR,ERR,ERR,ERR,ERR,ERR,ERR,ERR,ERR,ERR,ERR,ERR,ERR,ERR,ERR,ERR,ERR,ERR,ERR,ERR,ERR,ERR,ERR,ERR,ERR,ERR,ERR,ERR,ERR,ERR,ERR,ERR,ERR,ERR,ERR,ERR,ERR,ERR,ERR,ERR,ERR,ERR,ERR,ERR,ERR,ERR,ERR,ERR,ERR,ERR,ERR,ERR,ERR,ERR,ERR,ERR,ERR,ERR,ERR,ERR,ERR,ERR,ERR,ERR,ERR,ERR,ERR,ERR,ERR,ERR,ERR,ERR,ERR,ERR,ERR,ERR,ERR,ERR,ERR,ERR,ERR,ERR,ERR,ERR,ERR,ERR,ERR,ERR,ERR,ERR,ERR,ERR,ERR,ERR,0.0,0.0,0.0,0.0,0.0,1.3936040501711995e+18,7.805,0.0,0,0,4,0,7116,0.0,100,0.0,0.0,0.0,0.0,0.0,0,0,0,0,0.0,0,0,0,0,0,0,0,0,0,0,0,0,0,0,0,0,0,0,0,0,0,0,0,0,0,0,0,0,0,0,0,0,0,31,40,40,71,65476,0,300,0,0,8,21553,0.0,-107605600.0,0.0,0.0,0.0,0.0,0.0,0.0,0.0,0.0,0.0,0.0,0.0,0.0,0.0,0.0,0.0,0.0,0.0,0.0,0.0,0.0,-2.004,-0.0,-0.0,-2.004,0.0,0.0,0.0,0.0,6220.0,-3.69720284620144e+19,6940.0,0.0,0.0,2.7184303811560617e+23,0.0,0.0,0.0,0.0,0.0,69,0.0,5.848075094059207e+35,0.0,0.0,0.0,0.0,0.0,0.0,0.0,0,0,0,0.0,0.0,0.0,0.0,0.0,0.0,0.0,0.0,0.0,0.0,0.0,0.0,0.0,0.0,0.0,0.0,0,-107875648.0,69,0.0,138,0.0,0.0,0,13107,17040,13107,17049,13107,17043,0,0,0,70,68,100,2.7302359370752657e+23,71.1,0.0,74.2,2.7302370179391762e+23,74.0,1,49,50,180,0,52429,0,0,0.0,0.0,0.0,0.0,-0.0,67.0,0.0,162057.094,0.0,750,0,739,0,0,0,721,0,766,0,736,0,742,0,741,0,712,0,7520,0.032,78920024064.0,0.0,0.0,784,16797,-0.0,162057.094,-114818.039,-0.0,0.133,6.909358625270745e+28,30.0,65.0,35,0.0,0.0,0.0,0.0,0.0,0.0,0.0,0.0,0.0,0.0,0.0,0.0,0.0,0.0,0.0,0.0,69.2,0,150,71,55,65476,0,300,0,1,8,20529,65476,0,0,40632,65.0,0.0,0.0,0.0,0.0,0.0
2026-09-04T20:34:13,ERR,ERR,ERR,ERR,ERR,ERR,ERR,ERR,ERR,ERR,ERR,ERR,ERR,ERR,ERR,ERR,ERR,ERR,ERR,ERR,ERR,ERR,ERR,ERR,ERR,ERR,ERR,ERR,ERR,ERR,ERR,ERR,ERR,ERR,ERR,ERR,ERR,ERR,ERR,ERR,ERR,ERR,ERR,ERR,ERR,ERR,ERR,ERR,ERR,ERR,ERR,ERR,ERR,ERR,ERR,ERR,ERR,ERR,ERR,ERR,ERR,ERR,ERR,ERR,ERR,ERR,ERR,ERR,ERR,ERR,ERR,ERR,ERR,ERR,ERR,ERR,ERR,ERR,ERR,ERR,ERR,ERR,ERR,ERR,ERR,ERR,ERR,ERR,ERR,ERR,ERR,ERR,ERR,ERR,ERR,ERR,ERR,ERR,ERR,ERR,ERR,ERR,ERR,ERR,ERR,ERR,ERR,ERR,ERR,ERR,ERR,ERR,ERR,ERR,ERR,ERR,ERR,ERR,ERR,ERR,ERR,ERR,ERR,ERR,ERR,0.0,0.0,0.0,0.0,0.0,1.3936040501711995e+18,7.805,0.0,0,0,4,0,7116,0.0,100,0.0,0.0,0.0,0.0,0.0,0,0,0,0,0.0,0,0,0,0,0,0,0,0,0,0,0,0,0,0,0,0,0,0,0,0,0,0,0,0,0,0,0,0,0,0,0,0,0,31,40,40,71,65476,0,300,0,0,8,21553,0.0,-107605600.0,0.0,0.0,0.0,0.0,0.0,0.0,0.0,0.0,0.0,0.0,0.0,0.0,0.0,0.0,0.0,0.0,0.0,0.0,0.0,0.0,-2.004,-0.0,-0.0,-2.004,0.0,0.0,0.0,0.0,6220.0,-3.69720284620144e+19,6940.0,0.0,0.0,2.7184303811560617e+23,0.0,0.0,0.0,0.0,0.0,69,0.0,5.848075094059207e+35,0.0,0.0,0.0,0.0,0.0,0.0,0.0,0,0,0,0.0,0.0,0.0,0.0,0.0,0.0,0.0,0.0,0.0,0.0,0.0,0.0,0.0,0.0,0.0,0.0,0,-107875648.0,69,0.0,138,0.0,0.0,0,13107,17040,13107,17049,13107,17043,0,0,0,70,68,100,2.7302359370752657e+23,71.1,0.0,74.2,2.7302370179391762e+23,74.0,1,49,50,180,0,52429,0,0,0.0,0.0,0.0,0.0,-0.0,67.0,0.0,162057.094,0.0,750,0,739,0,0,0,721,0,766,0,736,0,742,0,741,0,712,0,7520,0.032,78920024064.0,0.0,0.0,784,16797,-0.0,162057.094,-114818.039,-0.0,0.133,6.909358625270745e+28,30.0,65.0,35,0.0,0.0,0.0,0.0,0.0,0.0,0.0,0.0,0.0,0.0,0.0,0.0,0.0,0.0,0.0,0.0,69.6,0,150,71,55,65476,0,300,0,1,8,20529,65476,0,0,40632,65.0,0.0,0.0,0.0,0.0,0.0
2026-09-04T20:34:14,ERR,ERR,ERR,ERR,ERR,ERR,ERR,ERR,ERR,ERR,ERR,ERR,ERR,ERR,ERR,ERR,ERR,ERR,ERR,ERR,ERR,ERR,ERR,ERR,ERR,ERR,ERR,ERR,ERR,ERR,ERR,ERR,ERR,ERR,ERR,ERR,ERR,ERR,ERR,ERR,ERR,ERR,ERR,ERR,ERR,ERR,ERR,ERR,ERR,ERR,ERR,ERR,ERR,ERR,ERR,ERR,ERR,ERR,ERR,ERR,ERR,ERR,ERR,ERR,ERR,ERR,ERR,ERR,ERR,ERR,ERR,ERR,ERR,ERR,ERR,ERR,ERR,ERR,ERR,ERR,ERR,ERR,ERR,ERR,ERR,ERR,ERR,ERR,ERR,ERR,ERR,ERR,ERR,ERR,ERR,ERR,ERR,ERR,ERR,ERR,ERR,ERR,ERR,ERR,ERR,ERR,ERR,ERR,ERR,ERR,ERR,ERR,ERR,ERR,ERR,ERR,ERR,ERR,ERR,ERR,ERR,ERR,ERR,ERR,ERR,0.0,0.0,0.0,0.0,0.0,1.3936040501711995e+18,7.805,0.0,0,0,4,0,7116,0.0,100,0.0,0.0,0.0,0.0,0.0,0,0,0,0,0.0,0,0,0,0,0,0,0,0,0,0,0,0,0,0,0,0,0,0,0,0,0,0,0,0,0,0,0,0,0,0,0,0,0,31,40,40,71,65476,0,300,0,0,8,21553,0.0,-107605600.0,0.0,0.0,0.0,0.0,0.0,0.0,0.0,0.0,0.0,0.0,0.0,0.0,0.0,0.0,0.0,0.0,0.0,0.0,0.0,0.0,-2.004,-0.0,-0.0,-2.004,0.0,0.0,0.0,0.0,6220.0,-3.69720284620144e+19,6940.0,0.0,0.0,2.7184303811560617e+23,0.0,0.0,0.0,0.0,0.0,69,0.0,5.848075094059207e+35,0.0,0.0,0.0,0.0,0.0,0.0,0.0,0,0,0,0.0,0.0,0.0,0.0,0.0,0.0,0.0,0.0,0.0,0.0,0.0,0.0,0.0,0.0,0.0,0.0,0,-107875648.0,69,0.0,138,0.0,0.0,0,13107,17040,13107,17049,13107,17043,0,0,0,70,68,100,2.7302359370752657e+23,71.1,0.0,74.2,2.7302370179391762e+23,74.0,1,49,50,180,0,52429,0,0,0.0,0.0,0.0,0.0,-0.0,67.0,0.0,162057.094,0.0,750,0,739,0,0,0,721,0,766,0,736,0,742,0,741,0,712,0,7520,0.032,78920024064.0,0.0,0.0,784,16797,-0.0,162057.094,-114818.039,-0.0,0.133,6.909358625270745e+28,30.0,65.0,35,0.0,0.0,0.0,0.0,0.0,0.0,0.0,0.0,0.0,0.0,0.0,0.0,0.0,0.0,0.0,0.0,69.6,0,150,71,55,65476,0,300,0,1,8,20529,65476,0,0,40632,65.0,0.0,0.0,0.0,0.0,0.0
2026-09-04T20:34:15,ERR,ERR,ERR,ERR,ERR,ERR,ERR,ERR,ERR,ERR,ERR,ERR,ERR,ERR,ERR,ERR,ERR,ERR,ERR,ERR,ERR,ERR,ERR,ERR,ERR,ERR,ERR,ERR,ERR,ERR,ERR,ERR,ERR,ERR,ERR,ERR,ERR,ERR,ERR,ERR,ERR,ERR,ERR,ERR,ERR,ERR,ERR,ERR,ERR,ERR,ERR,ERR,ERR,ERR,ERR,ERR,ERR,ERR,ERR,ERR,ERR,ERR,ERR,ERR,ERR,ERR,ERR,ERR,ERR,ERR,ERR,ERR,ERR,ERR,ERR,ERR,ERR,ERR,ERR,ERR,ERR,ERR,ERR,ERR,ERR,ERR,ERR,ERR,ERR,ERR,ERR,ERR,ERR,ERR,ERR,ERR,ERR,ERR,ERR,ERR,ERR,ERR,ERR,ERR,ERR,ERR,ERR,ERR,ERR,ERR,ERR,ERR,ERR,ERR,ERR,ERR,ERR,ERR,ERR,ERR,ERR,ERR,ERR,ERR,ERR,0.0,0.0,0.0,0.0,0.0,1.3936040501711995e+18,7.805,0.0,0,0,4,0,7116,0.0,100,0.0,0.0,0.0,0.0,0.0,0,0,0,0,0.0,0,0,0,0,0,0,0,0,0,0,0,0,0,0,0,0,0,0,0,0,0,0,0,0,0,0,0,0,0,0,0,0,0,31,40,40,71,65476,0,300,0,0,8,21553,0.0,-107605600.0,0.0,0.0,0.0,0.0,0.0,0.0,0.0,0.0,0.0,0.0,0.0,0.0,0.0,0.0,0.0,0.0,0.0,0.0,0.0,0.0,-2.004,-0.0,-0.0,-2.004,0.0,0.0,0.0,0.0,6220.0,-3.69720284620144e+19,6940.0,0.0,0.0,2.7184303811560617e+23,0.0,0.0,0.0,0.0,0.0,69,0.0,5.848075094059207e+35,0.0,0.0,0.0,0.0,0.0,0.0,0.0,0,0,0,0.0,0.0,0.0,0.0,0.0,0.0,0.0,0.0,0.0,0.0,0.0,0.0,0.0,0.0,0.0,0.0,0,-107875648.0,69,0.0,138,0.0,0.0,0,13107,17040,13107,17049,13107,17043,0,0,0,70,68,100,2.7302359370752657e+23,71.2,0.0,74.2,2.7302370179391762e+23,74.0,1,49,50,180,13107,52429,0,0,0.0,0.0,0.0,0.0,-0.0,67.0,0.0,162057.094,0.0,751,0,739,0,0,0,721,0,766,0,736,0,742,0,741,0,712,0,7520,0.032,79456894976.0,0.0,0.0,784,16797,-0.0,162057.094,-114818.039,-0.0,0.133,6.909358625270745e+28,30.0,65.0,35,0.0,0.0,0.0,0.0,0.0,0.0,0.0,0.0,0.0,0.0,0.0,0.0,0.0,0.0,0.0,0.0,69.2,0,150,71,55,65476,0,300,0,1,8,20529,65476,0,0,40632,65.0,0.0,0.0,0.0,0.0,0.0
2026-09-04T20:34:16,ERR,ERR,ERR,ERR,ERR,ERR,ERR,ERR,ERR,ERR,ERR,ERR,ERR,ERR,ERR,ERR,ERR,ERR,ERR,ERR,ERR,ERR,ERR,ERR,ERR,ERR,ERR,ERR,ERR,ERR,ERR,ERR,ERR,ERR,ERR,ERR,ERR,ERR,ERR,ERR,ERR,ERR,ERR,ERR,ERR,ERR,ERR,ERR,ERR,ERR,ERR,ERR,ERR,ERR,ERR,ERR,ERR,ERR,ERR,ERR,ERR,ERR,ERR,ERR,ERR,ERR,ERR,ERR,ERR,ERR,ERR,ERR,ERR,ERR,ERR,ERR,ERR,ERR,ERR,ERR,ERR,ERR,ERR,ERR,ERR,ERR,ERR,ERR,ERR,ERR,ERR,ERR,ERR,ERR,ERR,ERR,ERR,ERR,ERR,ERR,ERR,ERR,ERR,ERR,ERR,ERR,ERR,ERR,ERR,ERR,ERR,ERR,ERR,ERR,ERR,ERR,ERR,ERR,ERR,ERR,ERR,ERR,ERR,ERR,ERR,0.0,0.0,0.0,0.0,0.0,1.3936040501711995e+18,7.805,0.0,0,0,4,0,7116,0.0,100,0.0,0.0,0.0,0.0,0.0,0,0,0,0,0.0,0,0,0,0,0,0,0,0,0,0,0,0,0,0,0,0,0,0,0,0,0,0,0,0,0,0,0,0,0,0,0,0,0,31,40,40,71,65476,0,300,0,0,8,21553,0.0,-107605600.0,0.0,0.0,0.0,0.0,0.0,0.0,0.0,0.0,0.0,0.0,0.0,0.0,0.0,0.0,0.0,0.0,0.0,0.0,0.0,0.0,-2.004,-0.0,-0.0,-2.004,0.0,0.0,0.0,0.0,6219.0,-131351.031,6937.0,0.0,0.0,2.7184303811560617e+23,0.0,0.0,0.0,0.0,0.0,69,-5.848086186001959e+35,126840938496.0,0.0,0.0,0.0,0.0,0.0,0.0,0.0,0,0,0,0.0,0.0,0.0,0.0,0.0,0.0,0.0,0.0,0.0,0.0,0.0,0.0,0.0,0.0,0.0,0.0,0,-107875648.0,69,0.0,138,0.0,0.0,0,13107,17040,13107,17049,13107,17043,0,0,0,70,68,100,2.7302359370752657e+23,71.2,0.0,74.2,2.7302370179391762e+23,74.0,1,49,50,180,13107,52429,0,0,0.0,0.0,0.0,0.0,-0.0,67.0,0.0,162057.094,0.0,751,0,739,0,0,0,721,0,766,0,736,0,742,0,741,0,712,0,7520,0.032,79456894976.0,0.0,0.0,784,16797,-0.0,162057.094,-114818.039,-0.0,0.133,6.909358625270745e+28,30.0,65.0,35,0.0,0.0,0.0,0.0,0.0,0.0,0.0,0.0,0.0,0.0,0.0,0.0,0.0,0.0,0.0,0.0,69.2,0,150,71,55,65476,0,300,0,1,8,20529,65476,0,0,40632,65.0,0.0,0.0,0.0,0.0,0.0
2026-09-04T20:34:17,ERR,ERR,ERR,ERR,ERR,ERR,ERR,ERR,ERR,ERR,ERR,ERR,ERR,ERR,ERR,ERR,ERR,ERR,ERR,ERR,ERR,ERR,ERR,ERR,ERR,ERR,ERR,ERR,ERR,ERR,ERR,ERR,ERR,ERR,ERR,ERR,ERR,ERR,ERR,ERR,ERR,ERR,ERR,ERR,ERR,ERR,ERR,ERR,ERR,ERR,ERR,ERR,ERR,ERR,ERR,ERR,ERR,ERR,ERR,ERR,ERR,ERR,ERR,ERR,ERR,ERR,ERR,ERR,ERR,ERR,ERR,ERR,ERR,ERR,ERR,ERR,ERR,ERR,ERR,ERR,ERR,ERR,ERR,ERR,ERR,ERR,ERR,ERR,ERR,ERR,ERR,ERR,ERR,ERR,ERR,ERR,ERR,ERR,ERR,ERR,ERR,ERR,ERR,ERR,ERR,ERR,ERR,ERR,ERR,ERR,ERR,ERR,ERR,ERR,ERR,ERR,ERR,ERR,ERR,ERR,ERR,ERR,ERR,ERR,ERR,0.0,0.0,0.0,0.0,0.0,1.3936040501711995e+18,7.805,0.0,0,0,4,0,7116,0.0,100,0.0,0.0,0.0,0.0,0.0,0,0,0,0,0.0,0,0,0,0,0,0,0,0,0,0,0,0,0,0,0,0,0,0,0,0,0,0,0,0,0,0,0,0,0,0,0,0,0,31,40,40,71,65476,0,300,0,0,8,21553,0.0,-107605600.0,0.0,0.0,0.0,0.0,0.0,0.0,0.0,0.0,0.0,0.0,0.0,0.0,0.0,0.0,0.0,0.0,0.0,0.0,0.0,0.0,-2.004,-0.0,-0.0,-2.004,0.0,0.0,0.0,0.0,6219.0,-131351.031,6937.0,0.0,0.0,2.7184303811560617e+23,0.0,0.0,0.0,0.0,0.0,69,-5.848086186001959e+35,126840938496.0,0.0,0.0,0.0,0.0,0.0,0.0,0.0,0,0,0,0.0,0.0,0.0,0.0,0.0,0.0,0.0,0.0,0.0,0.0,0.0,0.0,0.0,0.0,0.0,0.0,0,-107875648.0,69,0.0,138,0.0,0.0,0,13107,17040,13107,17049,13107,17043,0,0,0,70,68,100,2.7302359370752657e+23,71.2,0.0,74.2,2.7302370179391762e+23,74.0,1,49,50,180,13107,52429,0,0,0.0,0.0,0.0,0.0,-0.0,67.0,0.0,162057.094,0.0,751,0,739,0,0,0,721,0,766,0,736,0,742,0,741,0,712,0,7520,0.032,79456894976.0,0.0,0.0,784,16797,-0.0,162057.094,-114818.039,-0.0,0.133,6.909358625270745e+28,30.0,65.0,35,0.0,0.0,0.0,0.0,0.0,0.0,0.0,0.0,0.0,0.0,0.0,0.0,0.0,0.0,0.0,0.0,69.2,0,150,71,55,65476,0,300,0,1,8,20529,65476,0,0,40632,65.0,0.0,0.0,0.0,0.0,0.0
2026-09-04T20:34:18,ERR,ERR,ERR,ERR,ERR,ERR,ERR,ERR,ERR,ERR,ERR,ERR,ERR,ERR,ERR,ERR,ERR,ERR,ERR,ERR,ERR,ERR,ERR,ERR,ERR,ERR,ERR,ERR,ERR,ERR,ERR,ERR,ERR,ERR,ERR,ERR,ERR,ERR,ERR,ERR,ERR,ERR,ERR,ERR,ERR,ERR,ERR,ERR,ERR,ERR,ERR,ERR,ERR,ERR,ERR,ERR,ERR,ERR,ERR,ERR,ERR,ERR,ERR,ERR,ERR,ERR,ERR,ERR,ERR,ERR,ERR,ERR,ERR,ERR,ERR,ERR,ERR,ERR,ERR,ERR,ERR,ERR,ERR,ERR,ERR,ERR,ERR,ERR,ERR,ERR,ERR,ERR,ERR,ERR,ERR,ERR,ERR,ERR,ERR,ERR,ERR,ERR,ERR,ERR,ERR,ERR,ERR,ERR,ERR,ERR,ERR,ERR,ERR,ERR,ERR,ERR,ERR,ERR,ERR,ERR,ERR,ERR,ERR,ERR,ERR,0.0,0.0,0.0,0.0,0.0,1.3936040501711995e+18,7.805,0.0,0,0,4,0,7116,0.0,100,0.0,0.0,0.0,0.0,0.0,0,0,0,0,0.0,0,0,0,0,0,0,0,0,0,0,0,0,0,0,0,0,0,0,0,0,0,0,0,0,0,0,0,0,0,0,0,0,0,31,40,40,71,65476,0,300,0,0,8,21553,0.0,-107605600.0,0.0,0.0,0.0,0.0,0.0,0.0,0.0,0.0,0.0,0.0,0.0,0.0,0.0,0.0,0.0,0.0,0.0,0.0,0.0,0.0,-2.004,-0.0,-0.0,-2.004,0.0,0.0,0.0,0.0,6219.0,-131351.031,6937.0,0.0,0.0,2.7184303811560617e+23,0.0,0.0,0.0,0.0,0.0,69,-5.848086186001959e+35,126840938496.0,0.0,0.0,0.0,0.0,0.0,0.0,0.0,0,0,0,0.0,0.0,0.0,0.0,0.0,0.0,0.0,0.0,0.0,0.0,0.0,0.0,0.0,0.0,0.0,0.0,0,-107875648.0,69,0.0,138,0.0,0.0,0,13107,17040,13107,17049,13107,17043,0,0,0,70,68,100,2.7302359370752657e+23,71.2,0.0,74.2,2.7302370179391762e+23,74.0,1,49,50,180,13107,52429,0,0,0.0,0.0,0.0,0.0,-0.0,67.0,0.0,162057.094,0.0,751,0,739,0,0,0,721,0,766,0,736,0,742,0,741,0,712,0,7520,0.032,79456894976.0,0.0,0.0,784,16797,-0.0,162057.094,-114818.039,-0.0,0.133,6.909358625270745e+28,30.0,65.0,35,0.0,0.0,0.0,0.0,0.0,0.0,0.0,0.0,0.0,0.0,0.0,0.0,0.0,0.0,0.0,0.0,69.2,0,150,71,55,65476,0,300,0,1,8,20529,65476,0,0,40632,65.0,0.0,0.0,0.0,0.0,0.0
2026-09-04T20:34:19,ERR,ERR,ERR,ERR,ERR,ERR,ERR,ERR,ERR,ERR,ERR,ERR,ERR,ERR,ERR,ERR,ERR,ERR,ERR,ERR,ERR,ERR,ERR,ERR,ERR,ERR,ERR,ERR,ERR,ERR,ERR,ERR,ERR,ERR,ERR,ERR,ERR,ERR,ERR,ERR,ERR,ERR,ERR,ERR,ERR,ERR,ERR,ERR,ERR,ERR,ERR,ERR,ERR,ERR,ERR,ERR,ERR,ERR,ERR,ERR,ERR,ERR,ERR,ERR,ERR,ERR,ERR,ERR,ERR,ERR,ERR,ERR,ERR,ERR,ERR,ERR,ERR,ERR,ERR,ERR,ERR,ERR,ERR,ERR,ERR,ERR,ERR,ERR,ERR,ERR,ERR,ERR,ERR,ERR,ERR,ERR,ERR,ERR,ERR,ERR,ERR,ERR,ERR,ERR,ERR,ERR,ERR,ERR,ERR,ERR,ERR,ERR,ERR,ERR,ERR,ERR,ERR,ERR,ERR,ERR,ERR,ERR,ERR,ERR,ERR,0.0,0.0,0.0,0.0,0.0,1.3936040501711995e+18,7.805,0.0,0,0,4,0,7116,0.0,100,0.0,0.0,0.0,0.0,0.0,0,0,0,0,0.0,0,0,0,0,0,0,0,0,0,0,0,0,0,0,0,0,0,0,0,0,0,0,0,0,0,0,0,0,0,0,0,0,0,31,40,40,71,65476,0,300,0,0,8,21553,0.0,-107605600.0,0.0,0.0,0.0,0.0,0.0,0.0,0.0,0.0,0.0,0.0,0.0,0.0,0.0,0.0,0.0,0.0,0.0,0.0,0.0,0.0,-2.004,-0.0,-0.0,-2.004,0.0,0.0,0.0,0.0,6219.0,-131351.031,6937.0,0.0,0.0,2.7184303811560617e+23,0.0,0.0,0.0,0.0,0.0,69,-5.848086186001959e+35,126840938496.0,0.0,0.0,0.0,0.0,0.0,0.0,0.0,0,0,0,0.0,0.0,0.0,0.0,0.0,0.0,0.0,0.0,0.0,0.0,0.0,0.0,0.0,0.0,0.0,0.0,0,-107875648.0,69,0.0,138,0.0,0.0,0,13107,17040,13107,17049,13107,17043,0,0,0,70,68,100,2.7302359370752657e+23,71.2,0.0,74.2,2.7302370179391762e+23,74.0,1,49,50,180,13107,52429,0,0,0.0,0.0,0.0,0.0,-0.0,67.0,0.0,162057.094,0.0,751,0,739,0,0,0,721,0,766,0,736,0,742,0,741,0,712,0,7520,0.032,79456894976.0,0.0,0.0,784,16797,-0.0,162057.094,-114818.039,-0.0,0.133,6.909358625270745e+28,30.0,65.0,35,0.0,0.0,0.0,0.0,0.0,0.0,0.0,0.0,0.0,0.0,0.0,0.0,0.0,0.0,0.0,0.0,69.2,0,150,71,55,65476,0,300,0,1,8,20529,65476,0,0,40632,65.0,0.0,0.0,0.0,0.0,0.0
2026-09-04T20:34:20,ERR,ERR,ERR,ERR,ERR,ERR,ERR,ERR,ERR,ERR,ERR,ERR,ERR,ERR,ERR,ERR,ERR,ERR,ERR,ERR,ERR,ERR,ERR,ERR,ERR,ERR,ERR,ERR,ERR,ERR,ERR,ERR,ERR,ERR,ERR,ERR,ERR,ERR,ERR,ERR,ERR,ERR,ERR,ERR,ERR,ERR,ERR,ERR,ERR,ERR,ERR,ERR,ERR,ERR,ERR,ERR,ERR,ERR,ERR,ERR,ERR,ERR,ERR,ERR,ERR,ERR,ERR,ERR,ERR,ERR,ERR,ERR,ERR,ERR,ERR,ERR,ERR,ERR,ERR,ERR,ERR,ERR,ERR,ERR,ERR,ERR,ERR,ERR,ERR,ERR,ERR,ERR,ERR,ERR,ERR,ERR,ERR,ERR,ERR,ERR,ERR,ERR,ERR,ERR,ERR,ERR,ERR,ERR,ERR,ERR,ERR,ERR,ERR,ERR,ERR,ERR,ERR,ERR,ERR,ERR,ERR,ERR,ERR,ERR,ERR,0.0,0.0,0.0,0.0,0.0,1.3936040501711995e+18,7.805,0.0,0,0,4,0,7116,0.0,100,0.0,0.0,0.0,0.0,0.0,0,0,0,0,0.0,0,0,0,0,0,0,0,0,0,0,0,0,0,0,0,0,0,0,0,0,0,0,0,0,0,0,0,0,0,0,0,0,0,31,40,40,71,65476,0,300,0,0,8,21553,0.0,-107605600.0,0.0,0.0,0.0,0.0,0.0,0.0,0.0,0.0,0.0,0.0,0.0,0.0,0.0,0.0,0.0,0.0,0.0,0.0,0.0,0.0,-2.004,-0.0,-0.0,-2.004,0.0,0.0,0.0,0.0,6219.0,-131351.031,6937.0,0.0,0.0,2.7184303811560617e+23,0.0,0.0,0.0,0.0,0.0,69,-5.848086186001959e+35,126840938496.0,0.0,0.0,0.0,0.0,0.0,0.0,0.0,0,0,0,0.0,0.0,0.0,0.0,0.0,0.0,0.0,0.0,0.0,0.0,0.0,0.0,0.0,0.0,0.0,0.0,0,-107875648.0,69,0.0,138,0.0,0.0,0,13107,17040,13107,17049,13107,17043,0,0,0,70,68,100,2.7302359370752657e+23,71.2,2.7302370179391762e+23,74.2,2.7302370179391762e+23,74.0,1,49,50,180,0,52429,0,0,0.0,0.0,0.0,0.0,-0.0,67.0,0.0,162057.094,0.0,751,0,739,0,0,0,721,0,766,0,736,0,742,0,741,0,712,0,7520,0.032,79456894976.0,0.0,0.0,784,16797,-0.0,162057.094,-114818.039,-0.0,0.133,6.909358625270745e+28,30.0,65.0,35,0.0,0.0,0.0,0.0,0.0,0.0,0.0,0.0,0.0,0.0,0.0,0.0,0.0,0.0,0.0,0.0,69.2,0,150,71,55,65476,0,300,0,1,8,20529,65476,0,0,40632,65.0,0.0,0.0,0.0,0.0,0.0
2026-09-04T20:34:21,ERR,ERR,ERR,ERR,ERR,ERR,ERR,ERR,ERR,ERR,ERR,ERR,ERR,ERR,ERR,ERR,ERR,ERR,ERR,ERR,ERR,ERR,ERR,ERR,ERR,ERR,ERR,ERR,ERR,ERR,ERR,ERR,ERR,ERR,ERR,ERR,ERR,ERR,ERR,ERR,ERR,ERR,ERR,ERR,ERR,ERR,ERR,ERR,ERR,ERR,ERR,ERR,ERR,ERR,ERR,ERR,ERR,ERR,ERR,ERR,ERR,ERR,ERR,ERR,ERR,ERR,ERR,ERR,ERR,ERR,ERR,ERR,ERR,ERR,ERR,ERR,ERR,ERR,ERR,ERR,ERR,ERR,ERR,ERR,ERR,ERR,ERR,ERR,ERR,ERR,ERR,ERR,ERR,ERR,ERR,ERR,ERR,ERR,ERR,ERR,ERR,ERR,ERR,ERR,ERR,ERR,ERR,ERR,ERR,ERR,ERR,ERR,ERR,ERR,ERR,ERR,ERR,ERR,ERR,ERR,ERR,ERR,ERR,ERR,ERR,0.0,0.0,0.0,0.0,0.0,1.3936040501711995e+18,7.805,0.0,0,0,4,0,7116,0.0,100,0.0,0.0,0.0,0.0,0.0,0,0,0,0,0.0,0,0,0,0,0,0,0,0,0,0,0,0,0,0,0,0,0,0,0,0,0,0,0,0,0,0,0,0,0,0,0,0,0,31,40,40,71,65476,0,300,0,0,8,21553,0.0,-107605600.0,0.0,0.0,0.0,0.0,0.0,0.0,0.0,0.0,0.0,0.0,0.0,0.0,0.0,0.0,0.0,0.0,0.0,0.0,0.0,0.0,-2.004,-0.0,-0.0,-2.004,0.0,0.0,0.0,0.0,6219.0,-131351.031,6937.0,0.0,0.0,2.7184303811560617e+23,0.0,0.0,0.0,0.0,0.0,69,-5.848086186001959e+35,126840938496.0,0.0,0.0,0.0,0.0,0.0,0.0,0.0,0,0,0,0.0,0.0,0.0,0.0,0.0,0.0,0.0,0.0,0.0,0.0,0.0,0.0,0.0,0.0,0.0,0.0,0,-107875648.0,69,0.0,138,0.0,0.0,0,13107,17040,13107,17049,13107,17043,0,0,0,70,68,100,2.7302359370752657e+23,71.2,2.7302370179391762e+23,74.2,2.7302370179391762e+23,74.0,1,49,50,180,0,52429,0,0,0.0,0.0,0.0,0.0,-0.0,67.0,0.0,162057.094,0.0,751,0,739,0,0,0,721,0,766,0,736,0,742,0,741,0,712,0,7520,0.032,79456894976.0,0.0,0.0,784,16797,-0.0,162057.094,-114818.039,-0.0,0.133,6.909358625270745e+28,30.0,65.0,35,0.0,0.0,0.0,0.0,0.0,0.0,0.0,0.0,0.0,0.0,0.0,0.0,0.0,0.0,0.0,0.0,69.2,0,150,71,55,65476,0,300,0,1,8,20529,65476,0,0,40632,65.0,0.0,0.0,0.0,0.0,0.0
2026-09-04T20:34:22,ERR,ERR,ERR,ERR,ERR,ERR,ERR,ERR,ERR,ERR,ERR,ERR,ERR,ERR,ERR,ERR,ERR,ERR,ERR,ERR,ERR,ERR,ERR,ERR,ERR,ERR,ERR,ERR,ERR,ERR,ERR,ERR,ERR,ERR,ERR,ERR,ERR,ERR,ERR,ERR,ERR,ERR,ERR,ERR,ERR,ERR,ERR,ERR,ERR,ERR,ERR,ERR,ERR,ERR,ERR,ERR,ERR,ERR,ERR,ERR,ERR,ERR,ERR,ERR,ERR,ERR,ERR,ERR,ERR,ERR,ERR,ERR,ERR,ERR,ERR,ERR,ERR,ERR,ERR,ERR,ERR,ERR,ERR,ERR,ERR,ERR,ERR,ERR,ERR,ERR,ERR,ERR,ERR,ERR,ERR,ERR,ERR,ERR,ERR,ERR,ERR,ERR,ERR,ERR,ERR,ERR,ERR,ERR,ERR,ERR,ERR,ERR,ERR,ERR,ERR,ERR,ERR,ERR,ERR,ERR,ERR,ERR,ERR,ERR,ERR,0.0,0.0,0.0,0.0,0.0,1.3936040501711995e+18,7.805,0.0,0,0,4,0,7116,0.0,100,0.0,0.0,0.0,0.0,0.0,0,0,0,0,0.0,0,0,0,0,0,0,0,0,0,0,0,0,0,0,0,0,0,0,0,0,0,0,0,0,0,0,0,0,0,0,0,0,0,31,40,40,71,65476,0,300,0,0,8,21553,0.0,-107605600.0,0.0,0.0,0.0,0.0,0.0,0.0,0.0,0.0,0.0,0.0,0.0,0.0,0.0,0.0,0.0,0.0,0.0,0.0,0.0,0.0,-2.004,-0.0,-0.0,-2.004,0.0,0.0,0.0,0.0,6219.0,-131351.031,6937.0,0.0,0.0,2.7184303811560617e+23,0.0,0.0,0.0,0.0,0.0,69,-5.848086186001959e+35,126840938496.0,0.0,0.0,0.0,0.0,0.0,0.0,0.0,0,0,0,0.0,0.0,0.0,0.0,0.0,0.0,0.0,0.0,0.0,0.0,0.0,0.0,0.0,0.0,0.0,0.0,0,-107875648.0,69,0.0,138,0.0,0.0,0,13107,17040,13107,17049,13107,17043,0,0,0,70,68,100,2.7302359370752657e+23,71.2,2.7302370179391762e+23,74.2,2.7302370179391762e+23,74.0,1,49,50,180,0,52429,0,0,0.0,0.0,0.0,0.0,-0.0,67.0,0.0,162057.094,0.0,751,0,739,0,0,0,721,0,766,0,736,0,742,0,741,0,712,0,7520,0.032,79456894976.0,0.0,0.0,784,16797,-0.0,162057.094,-114818.039,-0.0,0.133,6.909358625270745e+28,30.0,65.0,35,0.0,0.0,0.0,0.0,0.0,0.0,0.0,0.0,0.0,0.0,0.0,0.0,0.0,0.0,0.0,0.0,69.2,0,150,71,55,65476,0,300,0,1,8,20529,65476,0,0,40632,65.0,0.0,0.0,0.0,0.0,0.0
2026-09-04T20:34:23,ERR,ERR,ERR,ERR,ERR,ERR,ERR,ERR,ERR,ERR,ERR,ERR,ERR,ERR,ERR,ERR,ERR,ERR,ERR,ERR,ERR,ERR,ERR,ERR,ERR,ERR,ERR,ERR,ERR,ERR,ERR,ERR,ERR,ERR,ERR,ERR,ERR,ERR,ERR,ERR,ERR,ERR,ERR,ERR,ERR,ERR,ERR,ERR,ERR,ERR,ERR,ERR,ERR,ERR,ERR,ERR,ERR,ERR,ERR,ERR,ERR,ERR,ERR,ERR,ERR,ERR,ERR,ERR,ERR,ERR,ERR,ERR,ERR,ERR,ERR,ERR,ERR,ERR,ERR,ERR,ERR,ERR,ERR,ERR,ERR,ERR,ERR,ERR,ERR,ERR,ERR,ERR,ERR,ERR,ERR,ERR,ERR,ERR,ERR,ERR,ERR,ERR,ERR,ERR,ERR,ERR,ERR,ERR,ERR,ERR,ERR,ERR,ERR,ERR,ERR,ERR,ERR,ERR,ERR,ERR,ERR,ERR,ERR,ERR,ERR,0.0,0.0,0.0,0.0,0.0,1.3936040501711995e+18,7.805,0.0,0,0,4,0,7116,0.0,100,0.0,0.0,0.0,0.0,0.0,0,0,0,0,0.0,0,0,0,0,0,0,0,0,0,0,0,0,0,0,0,0,0,0,0,0,0,0,0,0,0,0,0,0,0,0,0,0,0,31,40,40,71,65476,0,300,0,0,8,21553,0.0,-107605600.0,0.0,0.0,0.0,0.0,0.0,0.0,0.0,0.0,0.0,0.0,0.0,0.0,0.0,0.0,0.0,0.0,0.0,0.0,0.0,0.0,-2.004,-0.0,-0.0,-2.004,0.0,0.0,0.0,0.0,6219.0,-131351.031,6937.0,0.0,0.0,2.7184303811560617e+23,0.0,0.0,0.0,0.0,0.0,69,-5.848086186001959e+35,126840938496.0,0.0,0.0,0.0,0.0,0.0,0.0,0.0,0,0,0,0.0,0.0,0.0,0.0,0.0,0.0,0.0,0.0,0.0,0.0,0.0,0.0,0.0,0.0,0.0,0.0,0,-107875648.0,69,0.0,138,0.0,0.0,0,13107,17040,13107,17049,13107,17043,0,0,0,70,68,100,2.7302359370752657e+23,71.2,2.7302370179391762e+23,74.2,2.7302370179391762e+23,74.0,1,49,50,180,0,52429,0,0,0.0,0.0,0.0,0.0,-0.0,67.0,0.0,162057.094,0.0,751,0,739,0,0,0,721,0,766,0,736,0,742,0,741,0,712,0,7520,0.032,79456894976.0,0.0,0.0,784,16797,-0.0,162057.094,-114818.039,-0.0,0.133,6.909358625270745e+28,30.0,65.0,35,0.0,0.0,0.0,0.0,0.0,0.0,0.0,0.0,0.0,0.0,0.0,0.0,0.0,0.0,0.0,0.0,69.2,0,150,71,55,65476,0,300,0,1,8,20529,65476,0,0,40632,65.0,0.0,0.0,0.0,0.0,0.0
2026-09-04T20:34:24,ERR,ERR,ERR,ERR,ERR,ERR,ERR,ERR,ERR,ERR,ERR,ERR,ERR,ERR,ERR,ERR,ERR,ERR,ERR,ERR,ERR,ERR,ERR,ERR,ERR,ERR,ERR,ERR,ERR,ERR,ERR,ERR,ERR,ERR,ERR,ERR,ERR,ERR,ERR,ERR,ERR,ERR,ERR,ERR,ERR,ERR,ERR,ERR,ERR,ERR,ERR,ERR,ERR,ERR,ERR,ERR,ERR,ERR,ERR,ERR,ERR,ERR,ERR,ERR,ERR,ERR,ERR,ERR,ERR,ERR,ERR,ERR,ERR,ERR,ERR,ERR,ERR,ERR,ERR,ERR,ERR,ERR,ERR,ERR,ERR,ERR,ERR,ERR,ERR,ERR,ERR,ERR,ERR,ERR,ERR,ERR,ERR,ERR,ERR,ERR,ERR,ERR,ERR,ERR,ERR,ERR,ERR,ERR,ERR,ERR,ERR,ERR,ERR,ERR,ERR,ERR,ERR,ERR,ERR,ERR,ERR,ERR,ERR,ERR,ERR,0.0,0.0,0.0,0.0,0.0,1.3936040501711995e+18,7.805,0.0,0,0,4,0,7116,0.0,100,0.0,0.0,0.0,0.0,0.0,0,0,0,0,0.0,0,0,0,0,0,0,0,0,0,0,0,0,0,0,0,0,0,0,0,0,0,0,0,0,0,0,0,0,0,0,0,0,0,31,40,40,71,65476,0,300,0,0,8,21553,0.0,-107605600.0,0.0,0.0,0.0,0.0,0.0,0.0,0.0,0.0,0.0,0.0,0.0,0.0,0.0,0.0,0.0,0.0,0.0,0.0,0.0,0.0,-2.004,-0.0,-0.0,-2.004,0.0,0.0,0.0,0.0,6224.0,-0.0,6931.0,0.0,0.0,2.7184303811560617e+23,0.0,0.0,0.0,0.0,0.0,69,0.0,0.0,0.0,0.0,0.0,0.0,0.0,0.0,0.0,0,0,0,0.0,0.0,0.0,0.0,0.0,0.0,0.0,0.0,0.0,0.0,0.0,0.0,0.0,0.0,0.0,0.0,0,-107875648.0,69,0.0,138,0.0,0.0,0,13107,17040,13107,17049,13107,17043,0,0,0,70,68,100,2.7302359370752657e+23,71.2,2.7302370179391762e+23,74.2,2.7302370179391762e+23,74.0,1,49,50,180,0,52429,0,0,0.0,0.0,0.0,0.0,-0.0,67.0,0.0,162057.094,0.0,751,0,739,0,0,0,721,0,766,0,736,0,742,0,741,0,712,0,7520,0.032,79456894976.0,0.0,0.0,784,16797,-0.0,162057.094,-114818.039,-0.0,0.133,6.909358625270745e+28,30.0,65.0,35,0.0,0.0,0.0,0.0,0.0,0.0,0.0,0.0,0.0,0.0,0.0,0.0,0.0,0.0,0.0,0.0,69.2,0,150,71,55,65476,0,300,0,1,8,20529,65476,0,0,40632,65.0,0.0,0.0,0.0,0.0,0.0
2026-09-04T20:34:25,ERR,ERR,ERR,ERR,ERR,ERR,ERR,ERR,ERR,ERR,ERR,ERR,ERR,ERR,ERR,ERR,ERR,ERR,ERR,ERR,ERR,ERR,ERR,ERR,ERR,ERR,ERR,ERR,ERR,ERR,ERR,ERR,ERR,ERR,ERR,ERR,ERR,ERR,ERR,ERR,ERR,ERR,ERR,ERR,ERR,ERR,ERR,ERR,ERR,ERR,ERR,ERR,ERR,ERR,ERR,ERR,ERR,ERR,ERR,ERR,ERR,ERR,ERR,ERR,ERR,ERR,ERR,ERR,ERR,ERR,ERR,ERR,ERR,ERR,ERR,ERR,ERR,ERR,ERR,ERR,ERR,ERR,ERR,ERR,ERR,ERR,ERR,ERR,ERR,ERR,ERR,ERR,ERR,ERR,ERR,ERR,ERR,ERR,ERR,ERR,ERR,ERR,ERR,ERR,ERR,ERR,ERR,ERR,ERR,ERR,ERR,ERR,ERR,ERR,ERR,ERR,ERR,ERR,ERR,ERR,ERR,ERR,ERR,ERR,ERR,0.0,0.0,0.0,0.0,0.0,1.3936040501711995e+18,7.805,0.0,0,0,4,0,7116,0.0,100,0.0,0.0,0.0,0.0,0.0,0,0,0,0,0.0,0,0,0,0,0,0,0,0,0,0,0,0,0,0,0,0,0,0,0,0,0,0,0,0,0,0,0,0,0,0,0,0,0,31,40,40,71,65476,0,300,0,0,8,21553,0.0,-107605600.0,0.0,0.0,0.0,0.0,0.0,0.0,0.0,0.0,0.0,0.0,0.0,0.0,0.0,0.0,0.0,0.0,0.0,0.0,0.0,0.0,-2.004,-0.0,-0.0,-2.004,0.0,0.0,0.0,0.0,6224.0,-0.0,6931.0,0.0,0.0,2.7184303811560617e+23,0.0,0.0,0.0,0.0,0.0,69,0.0,0.0,0.0,0.0,0.0,0.0,0.0,0.0,0.0,0,0,0,0.0,0.0,0.0,0.0,0.0,0.0,0.0,0.0,0.0,0.0,0.0,0.0,0.0,0.0,0.0,0.0,0,-107875648.0,69,0.0,138,0.0,0.0,0,13107,17040,13107,17049,13107,17043,0,0,0,70,68,100,2.7302359370752657e+23,71.1,0.0,74.2,2.7302370179391762e+23,74.0,1,49,50,180,0,52429,0,0,0.0,0.0,0.0,0.0,-0.0,67.0,0.0,162057.094,0.0,751,0,739,0,0,0,721,0,766,0,736,0,742,0,742,0,712,0,7520,0.032,79456894976.0,0.0,0.0,784,16797,-0.0,162057.094,-114818.039,-0.0,0.133,6.909358625270745e+28,30.0,65.0,35,0.0,0.0,0.0,0.0,0.0,0.0,0.0,0.0,0.0,0.0,0.0,0.0,0.0,0.0,0.0,0.0,69.2,0,150,71,55,65476,0,300,0,1,8,20529,65476,0,0,40632,65.0,0.0,0.0,0.0,0.0,0.0
2026-09-04T20:34:26,ERR,ERR,ERR,ERR,ERR,ERR,ERR,ERR,ERR,ERR,ERR,ERR,ERR,ERR,ERR,ERR,ERR,ERR,ERR,ERR,ERR,ERR,ERR,ERR,ERR,ERR,ERR,ERR,ERR,ERR,ERR,ERR,ERR,ERR,ERR,ERR,ERR,ERR,ERR,ERR,ERR,ERR,ERR,ERR,ERR,ERR,ERR,ERR,ERR,ERR,ERR,ERR,ERR,ERR,ERR,ERR,ERR,ERR,ERR,ERR,ERR,ERR,ERR,ERR,ERR,ERR,ERR,ERR,ERR,ERR,ERR,ERR,ERR,ERR,ERR,ERR,ERR,ERR,ERR,ERR,ERR,ERR,ERR,ERR,ERR,ERR,ERR,ERR,ERR,ERR,ERR,ERR,ERR,ERR,ERR,ERR,ERR,ERR,ERR,ERR,ERR,ERR,ERR,ERR,ERR,ERR,ERR,ERR,ERR,ERR,ERR,ERR,ERR,ERR,ERR,ERR,ERR,ERR,ERR,ERR,ERR,ERR,ERR,ERR,ERR,0.0,0.0,0.0,0.0,0.0,1.3936040501711995e+18,7.805,0.0,0,0,4,0,7116,0.0,100,0.0,0.0,0.0,0.0,0.0,0,0,0,0,0.0,0,0,0,0,0,0,0,0,0,0,0,0,0,0,0,0,0,0,0,0,0,0,0,0,0,0,0,0,0,0,0,0,0,31,40,40,71,65476,0,300,0,0,8,21553,0.0,-107605600.0,0.0,0.0,0.0,0.0,0.0,0.0,0.0,0.0,0.0,0.0,0.0,0.0,0.0,0.0,0.0,0.0,0.0,0.0,0.0,0.0,-2.004,-0.0,-0.0,-2.004,0.0,0.0,0.0,0.0,6224.0,-0.0,6931.0,0.0,0.0,2.7184303811560617e+23,0.0,0.0,0.0,0.0,0.0,69,0.0,0.0,0.0,0.0,0.0,0.0,0.0,0.0,0.0,0,0,0,0.0,0.0,0.0,0.0,0.0,0.0,0.0,0.0,0.0,0.0,0.0,0.0,0.0,0.0,0.0,0.0,0,-107875648.0,69,0.0,138,0.0,0.0,0,13107,17040,13107,17049,13107,17043,0,0,0,70,68,100,2.7302359370752657e+23,71.1,0.0,74.2,2.7302370179391762e+23,74.0,1,49,50,180,0,52429,0,0,0.0,0.0,0.0,0.0,-0.0,67.0,0.0,162057.094,0.0,751,0,739,0,0,0,721,0,766,0,736,0,742,0,742,0,712,0,7520,0.032,79456894976.0,0.0,0.0,784,16797,-0.0,162057.094,-114818.039,-0.0,0.133,6.909358625270745e+28,30.0,65.0,35,0.0,0.0,0.0,0.0,0.0,0.0,0.0,0.0,0.0,0.0,0.0,0.0,0.0,0.0,0.0,0.0,69.2,0,150,71,55,65476,0,300,0,1,8,20529,65476,0,0,40632,65.0,0.0,0.0,0.0,0.0,0.0
2026-09-04T20:34:27,ERR,ERR,ERR,ERR,ERR,ERR,ERR,ERR,ERR,ERR,ERR,ERR,ERR,ERR,ERR,ERR,ERR,ERR,ERR,ERR,ERR,ERR,ERR,ERR,ERR,ERR,ERR,ERR,ERR,ERR,ERR,ERR,ERR,ERR,ERR,ERR,ERR,ERR,ERR,ERR,ERR,ERR,ERR,ERR,ERR,ERR,ERR,ERR,ERR,ERR,ERR,ERR,ERR,ERR,ERR,ERR,ERR,ERR,ERR,ERR,ERR,ERR,ERR,ERR,ERR,ERR,ERR,ERR,ERR,ERR,ERR,ERR,ERR,ERR,ERR,ERR,ERR,ERR,ERR,ERR,ERR,ERR,ERR,ERR,ERR,ERR,ERR,ERR,ERR,ERR,ERR,ERR,ERR,ERR,ERR,ERR,ERR,ERR,ERR,ERR,ERR,ERR,ERR,ERR,ERR,ERR,ERR,ERR,ERR,ERR,ERR,ERR,ERR,ERR,ERR,ERR,ERR,ERR,ERR,ERR,ERR,ERR,ERR,ERR,ERR,0.0,0.0,0.0,0.0,0.0,1.3936040501711995e+18,7.805,0.0,0,0,4,0,7116,0.0,100,0.0,0.0,0.0,0.0,0.0,0,0,0,0,0.0,0,0,0,0,0,0,0,0,0,0,0,0,0,0,0,0,0,0,0,0,0,0,0,0,0,0,0,0,0,0,0,0,0,31,40,40,71,65476,0,300,0,0,8,21553,0.0,-107605600.0,0.0,0.0,0.0,0.0,0.0,0.0,0.0,0.0,0.0,0.0,0.0,0.0,0.0,0.0,0.0,0.0,0.0,0.0,0.0,0.0,-2.004,-0.0,-0.0,-2.004,0.0,0.0,0.0,0.0,6224.0,-0.0,6931.0,0.0,0.0,2.7184303811560617e+23,0.0,0.0,0.0,0.0,0.0,69,0.0,0.0,0.0,0.0,0.0,0.0,0.0,0.0,0.0,0,0,0,0.0,0.0,0.0,0.0,0.0,0.0,0.0,0.0,0.0,0.0,0.0,0.0,0.0,0.0,0.0,0.0,0,-107875648.0,69,0.0,138,0.0,0.0,0,13107,17040,13107,17049,13107,17043,0,0,0,70,68,100,2.7302359370752657e+23,71.1,0.0,74.2,2.7302370179391762e+23,74.0,1,49,50,180,0,52429,0,0,0.0,0.0,0.0,0.0,-0.0,67.0,0.0,162057.094,0.0,751,0,739,0,0,0,721,0,766,0,736,0,742,0,742,0,712,0,7520,0.032,79456894976.0,0.0,0.0,784,16797,-0.0,162057.094,-114818.039,-0.0,0.133,6.909358625270745e+28,30.0,65.0,35,0.0,0.0,0.0,0.0,0.0,0.0,0.0,0.0,0.0,0.0,0.0,0.0,0.0,0.0,0.0,0.0,69.2,0,150,71,55,65476,0,300,0,1,8,20529,65476,0,0,40632,65.0,0.0,0.0,0.0,0.0,0.0
2026-09-04T20:34:28,ERR,ERR,ERR,ERR,ERR,ERR,ERR,ERR,ERR,ERR,ERR,ERR,ERR,ERR,ERR,ERR,ERR,ERR,ERR,ERR,ERR,ERR,ERR,ERR,ERR,ERR,ERR,ERR,ERR,ERR,ERR,ERR,ERR,ERR,ERR,ERR,ERR,ERR,ERR,ERR,ERR,ERR,ERR,ERR,ERR,ERR,ERR,ERR,ERR,ERR,ERR,ERR,ERR,ERR,ERR,ERR,ERR,ERR,ERR,ERR,ERR,ERR,ERR,ERR,ERR,ERR,ERR,ERR,ERR,ERR,ERR,ERR,ERR,ERR,ERR,ERR,ERR,ERR,ERR,ERR,ERR,ERR,ERR,ERR,ERR,ERR,ERR,ERR,ERR,ERR,ERR,ERR,ERR,ERR,ERR,ERR,ERR,ERR,ERR,ERR,ERR,ERR,ERR,ERR,ERR,ERR,ERR,ERR,ERR,ERR,ERR,ERR,ERR,ERR,ERR,ERR,ERR,ERR,ERR,ERR,ERR,ERR,ERR,ERR,ERR,0.0,0.0,0.0,0.0,0.0,1.3936040501711995e+18,7.805,0.0,0,0,4,0,7116,0.0,100,0.0,0.0,0.0,0.0,0.0,0,0,0,0,0.0,0,0,0,0,0,0,0,0,0,0,0,0,0,0,0,0,0,0,0,0,0,0,0,0,0,0,0,0,0,0,0,0,0,31,40,40,71,65476,0,300,0,0,8,21553,0.0,-107605600.0,0.0,0.0,0.0,0.0,0.0,0.0,0.0,0.0,0.0,0.0,0.0,0.0,0.0,0.0,0.0,0.0,0.0,0.0,0.0,0.0,-2.004,-0.0,-0.0,-2.004,0.0,0.0,0.0,0.0,6224.0,-0.0,6931.0,0.0,0.0,2.7184303811560617e+23,0.0,0.0,0.0,0.0,0.0,69,0.0,0.0,0.0,0.0,0.0,0.0,0.0,0.0,0.0,0,0,0,0.0,0.0,0.0,0.0,0.0,0.0,0.0,0.0,0.0,0.0,0.0,0.0,0.0,0.0,0.0,0.0,0,-107875648.0,69,0.0,138,0.0,0.0,0,13107,17040,13107,17049,13107,17043,0,0,0,70,68,100,2.7302359370752657e+23,71.1,0.0,74.2,2.7302370179391762e+23,74.0,1,49,50,180,0,52429,0,0,0.0,0.0,0.0,0.0,-0.0,67.0,0.0,162057.094,0.0,751,0,739,0,0,0,721,0,766,0,736,0,742,0,742,0,712,0,7520,0.032,79456894976.0,0.0,0.0,784,16797,-0.0,162057.094,-114818.039,-0.0,0.133,6.909358625270745e+28,30.0,65.0,35,0.0,0.0,0.0,0.0,0.0,0.0,0.0,0.0,0.0,0.0,0.0,0.0,0.0,0.0,0.0,0.0,69.2,0,150,71,55,65476,0,300,0,1,8,20529,65476,0,0,40632,65.0,0.0,0.0,0.0,0.0,0.0
2026-09-04T20:34:29,ERR,ERR,ERR,ERR,ERR,ERR,ERR,ERR,ERR,ERR,ERR,ERR,ERR,ERR,ERR,ERR,ERR,ERR,ERR,ERR,ERR,ERR,ERR,ERR,ERR,ERR,ERR,ERR,ERR,ERR,ERR,ERR,ERR,ERR,ERR,ERR,ERR,ERR,ERR,ERR,ERR,ERR,ERR,ERR,ERR,ERR,ERR,ERR,ERR,ERR,ERR,ERR,ERR,ERR,ERR,ERR,ERR,ERR,ERR,ERR,ERR,ERR,ERR,ERR,ERR,ERR,ERR,ERR,ERR,ERR,ERR,ERR,ERR,ERR,ERR,ERR,ERR,ERR,ERR,ERR,ERR,ERR,ERR,ERR,ERR,ERR,ERR,ERR,ERR,ERR,ERR,ERR,ERR,ERR,ERR,ERR,ERR,ERR,ERR,ERR,ERR,ERR,ERR,ERR,ERR,ERR,ERR,ERR,ERR,ERR,ERR,ERR,ERR,ERR,ERR,ERR,ERR,ERR,ERR,ERR,ERR,ERR,ERR,ERR,ERR,0.0,0.0,0.0,0.0,0.0,1.3936040501711995e+18,7.805,0.0,0,0,4,0,7116,0.0,100,0.0,0.0,0.0,0.0,0.0,0,0,0,0,0.0,0,0,0,0,0,0,0,0,0,0,0,0,0,0,0,0,0,0,0,0,0,0,0,0,0,0,0,0,0,0,0,0,0,31,40,40,71,65476,0,300,0,0,8,21553,0.0,-107605600.0,0.0,0.0,0.0,0.0,0.0,0.0,0.0,0.0,0.0,0.0,0.0,0.0,0.0,0.0,0.0,0.0,0.0,0.0,0.0,0.0,-2.004,-0.0,-0.0,-2.004,0.0,0.0,0.0,0.0,6224.0,-0.0,6931.0,0.0,0.0,2.7184303811560617e+23,0.0,0.0,0.0,0.0,0.0,69,0.0,0.0,0.0,0.0,0.0,0.0,0.0,0.0,0.0,0,0,0,0.0,0.0,0.0,0.0,0.0,0.0,0.0,0.0,0.0,0.0,0.0,0.0,0.0,0.0,0.0,0.0,0,-107875648.0,69,0.0,138,0.0,0.0,0,13107,17040,13107,17049,13107,17043,0,0,0,70,68,100,2.7302359370752657e+23,71.1,0.0,74.2,2.7302370179391762e+23,74.0,1,49,50,180,0,52429,0,0,0.0,0.0,0.0,0.0,-0.0,67.0,0.0,162057.094,0.0,751,0,739,0,0,0,721,0,766,0,736,0,742,0,742,0,712,0,7520,0.032,79456894976.0,0.0,0.0,784,16797,-0.0,162057.094,-114818.039,-0.0,0.133,6.909358625270745e+28,30.0,65.0,35,0.0,0.0,0.0,0.0,0.0,0.0,0.0,0.0,0.0,0.0,0.0,0.0,0.0,0.0,0.0,0.0,69.2,0,150,71,55,65476,0,300,0,1,8,20529,65476,0,0,40632,65.0,0.0,0.0,0.0,0.0,0.0
2026-09-04T20:34:30,ERR,ERR,ERR,ERR,ERR,ERR,ERR,ERR,ERR,ERR,ERR,ERR,ERR,ERR,ERR,ERR,ERR,ERR,ERR,ERR,ERR,ERR,ERR,ERR,ERR,ERR,ERR,ERR,ERR,ERR,ERR,ERR,ERR,ERR,ERR,ERR,ERR,ERR,ERR,ERR,ERR,ERR,ERR,ERR,ERR,ERR,ERR,ERR,ERR,ERR,ERR,ERR,ERR,ERR,ERR,ERR,ERR,ERR,ERR,ERR,ERR,ERR,ERR,ERR,ERR,ERR,ERR,ERR,ERR,ERR,ERR,ERR,ERR,ERR,ERR,ERR,ERR,ERR,ERR,ERR,ERR,ERR,ERR,ERR,ERR,ERR,ERR,ERR,ERR,ERR,ERR,ERR,ERR,ERR,ERR,ERR,ERR,ERR,ERR,ERR,ERR,ERR,ERR,ERR,ERR,ERR,ERR,ERR,ERR,ERR,ERR,ERR,ERR,ERR,ERR,ERR,ERR,ERR,ERR,ERR,ERR,ERR,ERR,ERR,ERR,0.0,0.0,0.0,0.0,0.0,1.3936040501711995e+18,7.805,0.0,0,0,4,0,7116,0.0,100,0.0,0.0,0.0,0.0,0.0,0,0,0,0,0.0,0,0,0,0,0,0,0,0,0,0,0,0,0,0,0,0,0,0,0,0,0,0,0,0,0,0,0,0,0,0,0,0,0,31,40,40,71,65476,0,300,0,0,8,21553,0.0,-107605600.0,0.0,0.0,0.0,0.0,0.0,0.0,0.0,0.0,0.0,0.0,0.0,0.0,0.0,0.0,0.0,0.0,0.0,0.0,0.0,0.0,-2.004,-0.0,-0.0,-2.004,0.0,0.0,0.0,0.0,6224.0,-0.0,6931.0,0.0,0.0,2.7184303811560617e+23,0.0,0.0,0.0,0.0,0.0,69,0.0,0.0,0.0,0.0,0.0,0.0,0.0,0.0,0.0,0,0,0,0.0,0.0,0.0,0.0,0.0,0.0,0.0,0.0,0.0,0.0,0.0,0.0,0.0,0.0,0.0,0.0,0,-107875648.0,69,0.0,138,0.0,0.0,0,13107,17040,13107,17049,13107,17043,0,0,0,70,68,100,2.7302359370752657e+23,71.1,0.0,74.2,2.7302370179391762e+23,74.0,1,49,50,180,0,52429,0,0,0.0,0.0,0.0,0.0,-0.0,67.0,0.0,162057.094,0.0,751,0,739,0,0,0,721,0,766,0,736,0,742,0,742,0,712,0,7520,0.032,79456894976.0,0.0,0.0,784,16797,-0.0,162057.094,-114818.039,-0.0,0.133,6.909358625270745e+28,30.0,65.0,35,0.0,0.0,0.0,0.0,0.0,0.0,0.0,0.0,0.0,0.0,0.0,0.0,0.0,0.0,0.0,0.0,69.6,0,150,71,55,65476,0,300,0,1,8,20529,65476,0,0,40632,65.0,0.0,0.0,0.0,0.0,0.0
2026-09-04T20:34:31,ERR,ERR,ERR,ERR,ERR,ERR,ERR,ERR,ERR,ERR,ERR,ERR,ERR,ERR,ERR,ERR,ERR,ERR,ERR,ERR,ERR,ERR,ERR,ERR,ERR,ERR,ERR,ERR,ERR,ERR,ERR,ERR,ERR,ERR,ERR,ERR,ERR,ERR,ERR,ERR,ERR,ERR,ERR,ERR,ERR,ERR,ERR,ERR,ERR,ERR,ERR,ERR,ERR,ERR,ERR,ERR,ERR,ERR,ERR,ERR,ERR,ERR,ERR,ERR,ERR,ERR,ERR,ERR,ERR,ERR,ERR,ERR,ERR,ERR,ERR,ERR,ERR,ERR,ERR,ERR,ERR,ERR,ERR,ERR,ERR,ERR,ERR,ERR,ERR,ERR,ERR,ERR,ERR,ERR,ERR,ERR,ERR,ERR,ERR,ERR,ERR,ERR,ERR,ERR,ERR,ERR,ERR,ERR,ERR,ERR,ERR,ERR,ERR,ERR,ERR,ERR,ERR,ERR,ERR,ERR,ERR,ERR,ERR,ERR,ERR,0.0,0.0,0.0,0.0,0.0,1.3936040501711995e+18,7.805,0.0,0,0,4,0,7116,0.0,100,0.0,0.0,0.0,0.0,0.0,0,0,0,0,0.0,0,0,0,0,0,0,0,0,0,0,0,0,0,0,0,0,0,0,0,0,0,0,0,0,0,0,0,0,0,0,0,0,0,31,40,40,71,65476,0,300,0,0,8,21553,0.0,-107605600.0,0.0,0.0,0.0,0.0,0.0,0.0,0.0,0.0,0.0,0.0,0.0,0.0,0.0,0.0,0.0,0.0,0.0,0.0,0.0,0.0,-2.004,-0.0,-0.0,-2.004,0.0,0.0,0.0,0.0,6220.0,-564148383514624.0,6941.0,0.0,0.0,2.7184303811560617e+23,0.0,0.0,0.0,0.0,0.0,69,-4.950431305880601e+32,5.848075094059207e+35,0.0,0.0,0.0,0.0,0.0,0.0,0.0,0,0,0,0.0,0.0,0.0,0.0,0.0,0.0,0.0,0.0,0.0,0.0,0.0,0.0,0.0,0.0,0.0,0.0,0,-107875648.0,69,0.0,138,0.0,0.0,0,13107,17040,13107,17049,13107,17043,0,0,0,70,68,100,2.7302359370752657e+23,71.1,0.0,74.2,2.7302370179391762e+23,74.0,1,49,50,180,0,52429,0,0,0.0,0.0,0.0,0.0,-0.0,67.0,0.0,162057.094,0.0,751,0,739,0,0,0,721,0,766,0,736,0,742,0,741,0,712,0,7520,0.032,78920024064.0,0.0,0.0,784,16797,-0.0,162057.094,-114818.039,-0.0,0.133,6.909358625270745e+28,30.0,65.0,35,0.0,0.0,0.0,0.0,0.0,0.0,0.0,0.0,0.0,0.0,0.0,0.0,0.0,0.0,0.0,0.0,69.6,0,150,71,55,65476,0,300,0,1,8,20529,65476,0,0,40632,65.0,0.0,0.0,0.0,0.0,0.0
2026-09-04T20:34:32,ERR,ERR,ERR,ERR,ERR,ERR,ERR,ERR,ERR,ERR,ERR,ERR,ERR,ERR,ERR,ERR,ERR,ERR,ERR,ERR,ERR,ERR,ERR,ERR,ERR,ERR,ERR,ERR,ERR,ERR,ERR,ERR,ERR,ERR,ERR,ERR,ERR,ERR,ERR,ERR,ERR,ERR,ERR,ERR,ERR,ERR,ERR,ERR,ERR,ERR,ERR,ERR,ERR,ERR,ERR,ERR,ERR,ERR,ERR,ERR,ERR,ERR,ERR,ERR,ERR,ERR,ERR,ERR,ERR,ERR,ERR,ERR,ERR,ERR,ERR,ERR,ERR,ERR,ERR,ERR,ERR,ERR,ERR,ERR,ERR,ERR,ERR,ERR,ERR,ERR,ERR,ERR,ERR,ERR,ERR,ERR,ERR,ERR,ERR,ERR,ERR,ERR,ERR,ERR,ERR,ERR,ERR,ERR,ERR,ERR,ERR,ERR,ERR,ERR,ERR,ERR,ERR,ERR,ERR,ERR,ERR,ERR,ERR,ERR,ERR,0.0,0.0,0.0,0.0,0.0,1.3936040501711995e+18,7.805,0.0,0,0,4,0,7116,0.0,100,0.0,0.0,0.0,0.0,0.0,0,0,0,0,0.0,0,0,0,0,0,0,0,0,0,0,0,0,0,0,0,0,0,0,0,0,0,0,0,0,0,0,0,0,0,0,0,0,0,31,40,40,71,65476,0,300,0,0,8,21553,0.0,-107605600.0,0.0,0.0,0.0,0.0,0.0,0.0,0.0,0.0,0.0,0.0,0.0,0.0,0.0,0.0,0.0,0.0,0.0,0.0,0.0,0.0,-2.004,-0.0,-0.0,-2.004,0.0,0.0,0.0,0.0,6220.0,-564148383514624.0,6941.0,0.0,0.0,2.7184303811560617e+23,0.0,0.0,0.0,0.0,0.0,69,-4.950431305880601e+32,5.848075094059207e+35,0.0,0.0,0.0,0.0,0.0,0.0,0.0,0,0,0,0.0,0.0,0.0,0.0,0.0,0.0,0.0,0.0,0.0,0.0,0.0,0.0,0.0,0.0,0.0,0.0,0,-107875648.0,69,0.0,138,0.0,0.0,0,13107,17040,13107,17049,13107,17043,0,0,0,70,68,100,2.7302359370752657e+23,71.1,0.0,74.2,2.7302370179391762e+23,74.0,1,49,50,180,0,52429,0,0,0.0,0.0,0.0,0.0,-0.0,67.0,0.0,162057.094,0.0,751,0,739,0,0,0,721,0,766,0,736,0,742,0,741,0,712,0,7520,0.032,78920024064.0,0.0,0.0,784,16797,-0.0,162057.094,-114818.039,-0.0,0.133,6.909358625270745e+28,30.0,65.0,35,0.0,0.0,0.0,0.0,0.0,0.0,0.0,0.0,0.0,0.0,0.0,0.0,0.0,0.0,0.0,0.0,69.6,0,150,71,55,65476,0,300,0,1,8,20529,65476,0,0,40632,65.0,0.0,0.0,0.0,0.0,0.0
2026-09-04T20:34:33,ERR,ERR,ERR,ERR,ERR,ERR,ERR,ERR,ERR,ERR,ERR,ERR,ERR,ERR,ERR,ERR,ERR,ERR,ERR,ERR,ERR,ERR,ERR,ERR,ERR,ERR,ERR,ERR,ERR,ERR,ERR,ERR,ERR,ERR,ERR,ERR,ERR,ERR,ERR,ERR,ERR,ERR,ERR,ERR,ERR,ERR,ERR,ERR,ERR,ERR,ERR,ERR,ERR,ERR,ERR,ERR,ERR,ERR,ERR,ERR,ERR,ERR,ERR,ERR,ERR,ERR,ERR,ERR,ERR,ERR,ERR,ERR,ERR,ERR,ERR,ERR,ERR,ERR,ERR,ERR,ERR,ERR,ERR,ERR,ERR,ERR,ERR,ERR,ERR,ERR,ERR,ERR,ERR,ERR,ERR,ERR,ERR,ERR,ERR,ERR,ERR,ERR,ERR,ERR,ERR,ERR,ERR,ERR,ERR,ERR,ERR,ERR,ERR,ERR,ERR,ERR,ERR,ERR,ERR,ERR,ERR,ERR,ERR,ERR,ERR,0.0,0.0,0.0,0.0,0.0,1.3936040501711995e+18,7.805,0.0,0,0,4,0,7116,0.0,100,0.0,0.0,0.0,0.0,0.0,0,0,0,0,0.0,0,0,0,0,0,0,0,0,0,0,0,0,0,0,0,0,0,0,0,0,0,0,0,0,0,0,0,0,0,0,0,0,0,31,40,40,71,65476,0,300,0,0,8,21553,0.0,-107605600.0,0.0,0.0,0.0,0.0,0.0,0.0,0.0,0.0,0.0,0.0,0.0,0.0,0.0,0.0,0.0,0.0,0.0,0.0,0.0,0.0,-2.004,-0.0,-0.0,-2.004,0.0,0.0,0.0,0.0,6220.0,-564148383514624.0,6941.0,0.0,0.0,2.7184303811560617e+23,0.0,0.0,0.0,0.0,0.0,69,-4.950431305880601e+32,5.848075094059207e+35,0.0,0.0,0.0,0.0,0.0,0.0,0.0,0,0,0,0.0,0.0,0.0,0.0,0.0,0.0,0.0,0.0,0.0,0.0,0.0,0.0,0.0,0.0,0.0,0.0,0,-107875648.0,69,0.0,138,0.0,0.0,0,13107,17040,13107,17049,13107,17043,0,0,0,70,68,100,2.7302359370752657e+23,71.1,0.0,74.2,2.7302370179391762e+23,74.0,1,49,50,180,0,52429,0,0,0.0,0.0,0.0,0.0,-0.0,67.0,0.0,162057.094,0.0,751,0,739,0,0,0,721,0,766,0,736,0,742,0,741,0,712,0,7520,0.032,78920024064.0,0.0,0.0,784,16797,-0.0,162057.094,-114818.039,-0.0,0.133,6.909358625270745e+28,30.0,65.0,35,0.0,0.0,0.0,0.0,0.0,0.0,0.0,0.0,0.0,0.0,0.0,0.0,0.0,0.0,0.0,0.0,69.6,0,150,71,55,65476,0,300,0,1,8,20529,65476,0,0,40632,65.0,0.0,0.0,0.0,0.0,0.0
2026-09-04T20:34:34,ERR,ERR,ERR,ERR,ERR,ERR,ERR,ERR,ERR,ERR,ERR,ERR,ERR,ERR,ERR,ERR,ERR,ERR,ERR,ERR,ERR,ERR,ERR,ERR,ERR,ERR,ERR,ERR,ERR,ERR,ERR,ERR,ERR,ERR,ERR,ERR,ERR,ERR,ERR,ERR,ERR,ERR,ERR,ERR,ERR,ERR,ERR,ERR,ERR,ERR,ERR,ERR,ERR,ERR,ERR,ERR,ERR,ERR,ERR,ERR,ERR,ERR,ERR,ERR,ERR,ERR,ERR,ERR,ERR,ERR,ERR,ERR,ERR,ERR,ERR,ERR,ERR,ERR,ERR,ERR,ERR,ERR,ERR,ERR,ERR,ERR,ERR,ERR,ERR,ERR,ERR,ERR,ERR,ERR,ERR,ERR,ERR,ERR,ERR,ERR,ERR,ERR,ERR,ERR,ERR,ERR,ERR,ERR,ERR,ERR,ERR,ERR,ERR,ERR,ERR,ERR,ERR,ERR,ERR,ERR,ERR,ERR,ERR,ERR,ERR,0.0,0.0,0.0,0.0,0.0,1.3936040501711995e+18,7.805,0.0,0,0,4,0,7116,0.0,100,0.0,0.0,0.0,0.0,0.0,0,0,0,0,0.0,0,0,0,0,0,0,0,0,0,0,0,0,0,0,0,0,0,0,0,0,0,0,0,0,0,0,0,0,0,0,0,0,0,31,40,40,71,65476,0,300,0,0,8,21553,0.0,-107605600.0,0.0,0.0,0.0,0.0,0.0,0.0,0.0,0.0,0.0,0.0,0.0,0.0,0.0,0.0,0.0,0.0,0.0,0.0,0.0,0.0,-2.004,-0.0,-0.0,-2.004,0.0,0.0,0.0,0.0,6220.0,-564148383514624.0,6941.0,0.0,0.0,2.7184303811560617e+23,0.0,0.0,0.0,0.0,0.0,69,-4.950431305880601e+32,5.848075094059207e+35,0.0,0.0,0.0,0.0,0.0,0.0,0.0,0,0,0,0.0,0.0,0.0,0.0,0.0,0.0,0.0,0.0,0.0,0.0,0.0,0.0,0.0,0.0,0.0,0.0,0,-107875648.0,69,0.0,138,0.0,0.0,0,13107,17040,13107,17049,13107,17043,0,0,0,70,68,100,2.7302359370752657e+23,71.1,0.0,74.2,2.7302370179391762e+23,74.0,1,49,50,180,0,52429,0,0,0.0,0.0,0.0,0.0,-0.0,67.0,0.0,162057.094,0.0,751,0,739,0,0,0,721,0,766,0,736,0,742,0,741,0,712,0,7520,0.032,78920024064.0,0.0,0.0,784,16797,-0.0,162057.094,-114818.039,-0.0,0.133,6.909358625270745e+28,30.0,65.0,35,0.0,0.0,0.0,0.0,0.0,0.0,0.0,0.0,0.0,0.0,0.0,0.0,0.0,0.0,0.0,0.0,69.6,0,150,71,55,65476,0,300,0,1,8,20529,65476,0,0,40632,65.0,0.0,0.0,0.0,0.0,0.0
2026-09-04T20:34:35,ERR,ERR,ERR,ERR,ERR,ERR,ERR,ERR,ERR,ERR,ERR,ERR,ERR,ERR,ERR,ERR,ERR,ERR,ERR,ERR,ERR,ERR,ERR,ERR,ERR,ERR,ERR,ERR,ERR,ERR,ERR,ERR,ERR,ERR,ERR,ERR,ERR,ERR,ERR,ERR,ERR,ERR,ERR,ERR,ERR,ERR,ERR,ERR,ERR,ERR,ERR,ERR,ERR,ERR,ERR,ERR,ERR,ERR,ERR,ERR,ERR,ERR,ERR,ERR,ERR,ERR,ERR,ERR,ERR,ERR,ERR,ERR,ERR,ERR,ERR,ERR,ERR,ERR,ERR,ERR,ERR,ERR,ERR,ERR,ERR,ERR,ERR,ERR,ERR,ERR,ERR,ERR,ERR,ERR,ERR,ERR,ERR,ERR,ERR,ERR,ERR,ERR,ERR,ERR,ERR,ERR,ERR,ERR,ERR,ERR,ERR,ERR,ERR,ERR,ERR,ERR,ERR,ERR,ERR,ERR,ERR,ERR,ERR,ERR,ERR,0.0,0.0,0.0,0.0,0.0,1.3936040501711995e+18,7.805,0.0,0,0,4,0,7116,0.0,100,0.0,0.0,0.0,0.0,0.0,0,0,0,0,0.0,0,0,0,0,0,0,0,0,0,0,0,0,0,0,0,0,0,0,0,0,0,0,0,0,0,0,0,0,0,0,0,0,0,31,40,40,71,65476,0,300,0,0,8,21553,0.0,-107605600.0,0.0,0.0,0.0,0.0,0.0,0.0,0.0,0.0,0.0,0.0,0.0,0.0,0.0,0.0,0.0,0.0,0.0,0.0,0.0,0.0,-2.004,-0.0,-0.0,-2.004,0.0,0.0,0.0,0.0,6220.0,-564148383514624.0,6941.0,0.0,0.0,2.7184303811560617e+23,0.0,0.0,0.0,0.0,0.0,69,-4.950431305880601e+32,5.848075094059207e+35,0.0,0.0,0.0,0.0,0.0,0.0,0.0,0,0,0,0.0,0.0,0.0,0.0,0.0,0.0,0.0,0.0,0.0,0.0,0.0,0.0,0.0,0.0,0.0,0.0,0,-107875648.0,69,0.0,138,0.0,0.0,0,13107,17040,13107,17049,13107,17043,0,0,0,70,68,100,2.7302359370752657e+23,71.1,0.0,74.2,2.7302370179391762e+23,74.0,1,49,50,180,0,52429,0,0,0.0,0.0,0.0,0.0,-0.0,67.0,0.0,162057.094,0.0,751,0,739,0,0,0,721,0,766,0,736,0,742,0,741,0,712,0,7520,0.032,78920024064.0,0.0,0.0,784,16797,-0.0,162057.094,-114818.039,-0.0,0.133,6.909358625270745e+28,30.0,65.0,35,0.0,0.0,0.0,0.0,0.0,0.0,0.0,0.0,0.0,0.0,0.0,0.0,0.0,0.0,0.0,0.0,69.2,0,150,71,55,65476,0,300,0,1,8,20529,65476,0,0,40632,65.0,0.0,0.0,0.0,0.0,0.0
2026-09-04T20:34:36,ERR,ERR,ERR,ERR,ERR,ERR,ERR,ERR,ERR,ERR,ERR,ERR,ERR,ERR,ERR,ERR,ERR,ERR,ERR,ERR,ERR,ERR,ERR,ERR,ERR,ERR,ERR,ERR,ERR,ERR,ERR,ERR,ERR,ERR,ERR,ERR,ERR,ERR,ERR,ERR,ERR,ERR,ERR,ERR,ERR,ERR,ERR,ERR,ERR,ERR,ERR,ERR,ERR,ERR,ERR,ERR,ERR,ERR,ERR,ERR,ERR,ERR,ERR,ERR,ERR,ERR,ERR,ERR,ERR,ERR,ERR,ERR,ERR,ERR,ERR,ERR,ERR,ERR,ERR,ERR,ERR,ERR,ERR,ERR,ERR,ERR,ERR,ERR,ERR,ERR,ERR,ERR,ERR,ERR,ERR,ERR,ERR,ERR,ERR,ERR,ERR,ERR,ERR,ERR,ERR,ERR,ERR,ERR,ERR,ERR,ERR,ERR,ERR,ERR,ERR,ERR,ERR,ERR,ERR,ERR,ERR,ERR,ERR,ERR,ERR,0.0,0.0,0.0,0.0,0.0,1.3936040501711995e+18,7.805,0.0,0,0,4,0,7116,0.0,100,0.0,0.0,0.0,0.0,0.0,0,0,0,0,0.0,0,0,0,0,0,0,0,0,0,0,0,0,0,0,0,0,0,0,0,0,0,0,0,0,0,0,0,0,0,0,0,0,0,31,40,40,71,65476,0,300,0,0,8,21553,0.0,-107605600.0,0.0,0.0,0.0,0.0,0.0,0.0,0.0,0.0,0.0,0.0,0.0,0.0,0.0,0.0,0.0,0.0,0.0,0.0,0.0,0.0,-2.004,-0.0,-0.0,-2.004,0.0,0.0,0.0,0.0,6220.0,-564148383514624.0,6941.0,0.0,0.0,2.7184303811560617e+23,0.0,0.0,0.0,0.0,0.0,69,-4.950431305880601e+32,5.848075094059207e+35,0.0,0.0,0.0,0.0,0.0,0.0,0.0,0,0,0,0.0,0.0,0.0,0.0,0.0,0.0,0.0,0.0,0.0,0.0,0.0,0.0,0.0,0.0,0.0,0.0,0,-107875648.0,69,0.0,138,0.0,0.0,0,13107,17040,13107,17049,13107,17043,0,0,0,70,68,100,2.7302359370752657e+23,71.2,2.7302370179391762e+23,74.2,2.7302370179391762e+23,74.0,1,49,50,180,13107,52429,0,0,0.0,0.0,0.0,0.0,-0.0,67.0,0.0,162057.094,0.0,750,0,739,0,0,0,721,0,766,0,736,0,742,0,741,0,712,0,7520,0.032,78920024064.0,0.0,0.0,784,16797,-0.0,162057.094,-114818.039,-0.0,0.133,6.909358625270745e+28,30.0,65.0,35,0.0,0.0,0.0,0.0,0.0,0.0,0.0,0.0,0.0,0.0,0.0,0.0,0.0,0.0,0.0,0.0,69.2,0,150,71,55,65476,0,300,0,1,8,20529,65476,0,0,40632,65.0,0.0,0.0,0.0,0.0,0.0
2026-09-04T20:34:37,ERR,ERR,ERR,ERR,ERR,ERR,ERR,ERR,ERR,ERR,ERR,ERR,ERR,ERR,ERR,ERR,ERR,ERR,ERR,ERR,ERR,ERR,ERR,ERR,ERR,ERR,ERR,ERR,ERR,ERR,ERR,ERR,ERR,ERR,ERR,ERR,ERR,ERR,ERR,ERR,ERR,ERR,ERR,ERR,ERR,ERR,ERR,ERR,ERR,ERR,ERR,ERR,ERR,ERR,ERR,ERR,ERR,ERR,ERR,ERR,ERR,ERR,ERR,ERR,ERR,ERR,ERR,ERR,ERR,ERR,ERR,ERR,ERR,ERR,ERR,ERR,ERR,ERR,ERR,ERR,ERR,ERR,ERR,ERR,ERR,ERR,ERR,ERR,ERR,ERR,ERR,ERR,ERR,ERR,ERR,ERR,ERR,ERR,ERR,ERR,ERR,ERR,ERR,ERR,ERR,ERR,ERR,ERR,ERR,ERR,ERR,ERR,ERR,ERR,ERR,ERR,ERR,ERR,ERR,ERR,ERR,ERR,ERR,ERR,ERR,0.0,0.0,0.0,0.0,0.0,1.3936040501711995e+18,7.805,0.0,0,0,4,0,7116,0.0,100,0.0,0.0,0.0,0.0,0.0,0,0,0,0,0.0,0,0,0,0,0,0,0,0,0,0,0,0,0,0,0,0,0,0,0,0,0,0,0,0,0,0,0,0,0,0,0,0,0,31,40,40,71,65476,0,300,0,0,8,21553,0.0,-107605600.0,0.0,0.0,0.0,0.0,0.0,0.0,0.0,0.0,0.0,0.0,0.0,0.0,0.0,0.0,0.0,0.0,0.0,0.0,0.0,0.0,-2.004,-0.0,-0.0,-2.004,0.0,0.0,0.0,0.0,6220.0,-564148383514624.0,6941.0,0.0,0.0,2.7184303811560617e+23,0.0,0.0,0.0,0.0,0.0,69,-4.950431305880601e+32,5.848075094059207e+35,0.0,0.0,0.0,0.0,0.0,0.0,0.0,0,0,0,0.0,0.0,0.0,0.0,0.0,0.0,0.0,0.0,0.0,0.0,0.0,0.0,0.0,0.0,0.0,0.0,0,-107875648.0,69,0.0,138,0.0,0.0,0,13107,17040,13107,17049,13107,17043,0,0,0,70,68,100,2.7302359370752657e+23,71.2,2.7302370179391762e+23,74.2,2.7302370179391762e+23,74.0,1,49,50,180,13107,52429,0,0,0.0,0.0,0.0,0.0,-0.0,67.0,0.0,162057.094,0.0,750,0,739,0,0,0,721,0,766,0,736,0,742,0,741,0,712,0,7520,0.032,78920024064.0,0.0,0.0,784,16797,-0.0,162057.094,-114818.039,-0.0,0.133,6.909358625270745e+28,30.0,65.0,35,0.0,0.0,0.0,0.0,0.0,0.0,0.0,0.0,0.0,0.0,0.0,0.0,0.0,0.0,0.0,0.0,69.2,0,150,71,55,65476,0,300,0,1,8,20529,65476,0,0,40632,65.0,0.0,0.0,0.0,0.0,0.0
2026-09-04T20:34:38,ERR,ERR,ERR,ERR,ERR,ERR,ERR,ERR,ERR,ERR,ERR,ERR,ERR,ERR,ERR,ERR,ERR,ERR,ERR,ERR,ERR,ERR,ERR,ERR,ERR,ERR,ERR,ERR,ERR,ERR,ERR,ERR,ERR,ERR,ERR,ERR,ERR,ERR,ERR,ERR,ERR,ERR,ERR,ERR,ERR,ERR,ERR,ERR,ERR,ERR,ERR,ERR,ERR,ERR,ERR,ERR,ERR,ERR,ERR,ERR,ERR,ERR,ERR,ERR,ERR,ERR,ERR,ERR,ERR,ERR,ERR,ERR,ERR,ERR,ERR,ERR,ERR,ERR,ERR,ERR,ERR,ERR,ERR,ERR,ERR,ERR,ERR,ERR,ERR,ERR,ERR,ERR,ERR,ERR,ERR,ERR,ERR,ERR,ERR,ERR,ERR,ERR,ERR,ERR,ERR,ERR,ERR,ERR,ERR,ERR,ERR,ERR,ERR,ERR,ERR,ERR,ERR,ERR,ERR,ERR,ERR,ERR,ERR,ERR,ERR,0.0,0.0,0.0,0.0,0.0,1.3936040501711995e+18,7.805,0.0,0,0,4,0,7116,0.0,100,0.0,0.0,0.0,0.0,0.0,0,0,0,0,0.0,0,0,0,0,0,0,0,0,0,0,0,0,0,0,0,0,0,0,0,0,0,0,0,0,0,0,0,0,0,0,0,0,0,31,40,40,71,65476,0,300,0,0,8,21553,0.0,-107605600.0,0.0,0.0,0.0,0.0,0.0,0.0,0.0,0.0,0.0,0.0,0.0,0.0,0.0,0.0,0.0,0.0,0.0,0.0,0.0,0.0,-2.004,-0.0,-0.0,-2.004,0.0,0.0,0.0,0.0,6249.0,3.697203286006091e+19,6924.0,0.0,0.0,2.7184303811560617e+23,0.0,0.0,0.0,0.0,0.0,69,-4.066882747792088e+29,0.0,0.0,0.0,0.0,0.0,0.0,0.0,0.0,0,0,0,0.0,0.0,0.0,0.0,0.0,0.0,0.0,0.0,0.0,0.0,0.0,0.0,0.0,0.0,0.0,0.0,0,-107875648.0,69,0.0,138,0.0,0.0,0,13107,17040,13107,17049,13107,17043,0,0,0,70,68,100,2.7302359370752657e+23,71.2,2.7302370179391762e+23,74.2,2.7302370179391762e+23,74.0,1,49,50,180,13107,52429,0,0,0.0,0.0,0.0,0.0,-0.0,67.0,0.0,162057.094,0.0,750,0,739,0,0,0,721,0,766,0,736,0,742,0,741,0,712,0,7520,0.032,78920024064.0,0.0,0.0,784,16797,-0.0,162057.094,-114818.039,-0.0,0.133,6.909358625270745e+28,30.0,65.0,35,0.0,0.0,0.0,0.0,0.0,0.0,0.0,0.0,0.0,0.0,0.0,0.0,0.0,0.0,0.0,0.0,69.6,0,150,71,55,65476,0,300,0,1,8,20529,65476,0,0,40632,65.0,0.0,0.0,0.0,0.0,0.0
2026-09-04T20:34:39,ERR,ERR,ERR,ERR,ERR,ERR,ERR,ERR,ERR,ERR,ERR,ERR,ERR,ERR,ERR,ERR,ERR,ERR,ERR,ERR,ERR,ERR,ERR,ERR,ERR,ERR,ERR,ERR,ERR,ERR,ERR,ERR,ERR,ERR,ERR,ERR,ERR,ERR,ERR,ERR,ERR,ERR,ERR,ERR,ERR,ERR,ERR,ERR,ERR,ERR,ERR,ERR,ERR,ERR,ERR,ERR,ERR,ERR,ERR,ERR,ERR,ERR,ERR,ERR,ERR,ERR,ERR,ERR,ERR,ERR,ERR,ERR,ERR,ERR,ERR,ERR,ERR,ERR,ERR,ERR,ERR,ERR,ERR,ERR,ERR,ERR,ERR,ERR,ERR,ERR,ERR,ERR,ERR,ERR,ERR,ERR,ERR,ERR,ERR,ERR,ERR,ERR,ERR,ERR,ERR,ERR,ERR,ERR,ERR,ERR,ERR,ERR,ERR,ERR,ERR,ERR,ERR,ERR,ERR,ERR,ERR,ERR,ERR,ERR,ERR,0.0,0.0,0.0,0.0,0.0,1.3936040501711995e+18,7.805,0.0,0,0,4,0,7116,0.0,100,0.0,0.0,0.0,0.0,0.0,0,0,0,0,0.0,0,0,0,0,0,0,0,0,0,0,0,0,0,0,0,0,0,0,0,0,0,0,0,0,0,0,0,0,0,0,0,0,0,31,40,40,71,65476,0,300,0,0,8,21553,0.0,-107605600.0,0.0,0.0,0.0,0.0,0.0,0.0,0.0,0.0,0.0,0.0,0.0,0.0,0.0,0.0,0.0,0.0,0.0,0.0,0.0,0.0,-2.004,-0.0,-0.0,-2.004,0.0,0.0,0.0,0.0,6249.0,3.697203286006091e+19,6924.0,0.0,0.0,2.7184303811560617e+23,0.0,0.0,0.0,0.0,0.0,69,-4.066882747792088e+29,0.0,0.0,0.0,0.0,0.0,0.0,0.0,0.0,0,0,0,0.0,0.0,0.0,0.0,0.0,0.0,0.0,0.0,0.0,0.0,0.0,0.0,0.0,0.0,0.0,0.0,0,-107875648.0,69,0.0,138,0.0,0.0,0,13107,17040,13107,17049,13107,17043,0,0,0,70,68,100,2.7302359370752657e+23,71.2,2.7302370179391762e+23,74.2,2.7302370179391762e+23,74.0,1,49,50,180,13107,52429,0,0,0.0,0.0,0.0,0.0,-0.0,67.0,0.0,162057.094,0.0,750,0,739,0,0,0,721,0,766,0,736,0,742,0,741,0,712,0,7520,0.032,78920024064.0,0.0,0.0,784,16797,-0.0,162057.094,-114818.039,-0.0,0.133,6.909358625270745e+28,30.0,65.0,35,0.0,0.0,0.0,0.0,0.0,0.0,0.0,0.0,0.0,0.0,0.0,0.0,0.0,0.0,0.0,0.0,69.6,0,150,71,55,65476,0,300,0,1,8,20529,65476,0,0,40632,65.0,0.0,0.0,0.0,0.0,0.0
2026-09-04T20:34:40,ERR,ERR,ERR,ERR,ERR,ERR,ERR,ERR,ERR,ERR,ERR,ERR,ERR,ERR,ERR,ERR,ERR,ERR,ERR,ERR,ERR,ERR,ERR,ERR,ERR,ERR,ERR,ERR,ERR,ERR,ERR,ERR,ERR,ERR,ERR,ERR,ERR,ERR,ERR,ERR,ERR,ERR,ERR,ERR,ERR,ERR,ERR,ERR,ERR,ERR,ERR,ERR,ERR,ERR,ERR,ERR,ERR,ERR,ERR,ERR,ERR,ERR,ERR,ERR,ERR,ERR,ERR,ERR,ERR,ERR,ERR,ERR,ERR,ERR,ERR,ERR,ERR,ERR,ERR,ERR,ERR,ERR,ERR,ERR,ERR,ERR,ERR,ERR,ERR,ERR,ERR,ERR,ERR,ERR,ERR,ERR,ERR,ERR,ERR,ERR,ERR,ERR,ERR,ERR,ERR,ERR,ERR,ERR,ERR,ERR,ERR,ERR,ERR,ERR,ERR,ERR,ERR,ERR,ERR,ERR,ERR,ERR,ERR,ERR,ERR,0.0,0.0,0.0,0.0,0.0,1.3936040501711995e+18,7.805,0.0,0,0,4,0,7116,0.0,100,0.0,0.0,0.0,0.0,0.0,0,0,0,0,0.0,0,0,0,0,0,0,0,0,0,0,0,0,0,0,0,0,0,0,0,0,0,0,0,0,0,0,0,0,0,0,0,0,0,31,40,40,71,65476,0,300,0,0,8,21553,0.0,-107605600.0,0.0,0.0,0.0,0.0,0.0,0.0,0.0,0.0,0.0,0.0,0.0,0.0,0.0,0.0,0.0,0.0,0.0,0.0,0.0,0.0,-2.004,-0.0,-0.0,-2.004,0.0,0.0,0.0,0.0,6249.0,3.697203286006091e+19,6924.0,0.0,0.0,2.7184303811560617e+23,0.0,0.0,0.0,0.0,0.0,69,-4.066882747792088e+29,0.0,0.0,0.0,0.0,0.0,0.0,0.0,0.0,0,0,0,0.0,0.0,0.0,0.0,0.0,0.0,0.0,0.0,0.0,0.0,0.0,0.0,0.0,0.0,0.0,0.0,0,-107875648.0,69,0.0,138,0.0,0.0,0,13107,17040,13107,17049,13107,17043,0,0,0,70,68,100,2.7302359370752657e+23,71.2,2.7302370179391762e+23,74.2,2.7302370179391762e+23,74.0,1,49,50,180,13107,52429,0,0,0.0,0.0,0.0,0.0,-0.0,67.0,0.0,162057.094,0.0,750,0,739,0,0,0,721,0,766,0,736,0,742,0,741,0,712,0,7520,0.032,78920024064.0,0.0,0.0,784,16797,-0.0,162057.094,-114818.039,-0.0,0.133,6.909358625270745e+28,30.0,65.0,35,0.0,0.0,0.0,0.0,0.0,0.0,0.0,0.0,0.0,0.0,0.0,0.0,0.0,0.0,0.0,0.0,69.2,0,150,71,55,65476,0,300,0,1,8,20529,65476,0,0,40632,65.0,0.0,0.0,0.0,0.0,0.0
2026-09-04T20:34:41,ERR,ERR,ERR,ERR,ERR,ERR,ERR,ERR,ERR,ERR,ERR,ERR,ERR,ERR,ERR,ERR,ERR,ERR,ERR,ERR,ERR,ERR,ERR,ERR,ERR,ERR,ERR,ERR,ERR,ERR,ERR,ERR,ERR,ERR,ERR,ERR,ERR,ERR,ERR,ERR,ERR,ERR,ERR,ERR,ERR,ERR,ERR,ERR,ERR,ERR,ERR,ERR,ERR,ERR,ERR,ERR,ERR,ERR,ERR,ERR,ERR,ERR,ERR,ERR,ERR,ERR,ERR,ERR,ERR,ERR,ERR,ERR,ERR,ERR,ERR,ERR,ERR,ERR,ERR,ERR,ERR,ERR,ERR,ERR,ERR,ERR,ERR,ERR,ERR,ERR,ERR,ERR,ERR,ERR,ERR,ERR,ERR,ERR,ERR,ERR,ERR,ERR,ERR,ERR,ERR,ERR,ERR,ERR,ERR,ERR,ERR,ERR,ERR,ERR,ERR,ERR,ERR,ERR,ERR,ERR,ERR,ERR,ERR,ERR,ERR,0.0,0.0,0.0,0.0,0.0,1.3936040501711995e+18,7.805,0.0,0,0,4,0,7116,0.0,100,0.0,0.0,0.0,0.0,0.0,0,0,0,0,0.0,0,0,0,0,0,0,0,0,0,0,0,0,0,0,0,0,0,0,0,0,0,0,0,0,0,0,0,0,0,0,0,0,0,31,40,40,71,65476,0,300,0,0,8,21553,0.0,-107605600.0,0.0,0.0,0.0,0.0,0.0,0.0,0.0,0.0,0.0,0.0,0.0,0.0,0.0,0.0,0.0,0.0,0.0,0.0,0.0,0.0,-2.004,-0.0,-0.0,-2.004,0.0,0.0,0.0,0.0,6249.0,3.697203286006091e+19,6924.0,0.0,0.0,2.7184303811560617e+23,0.0,0.0,0.0,0.0,0.0,69,-4.066882747792088e+29,0.0,0.0,0.0,0.0,0.0,0.0,0.0,0.0,0,0,0,0.0,0.0,0.0,0.0,0.0,0.0,0.0,0.0,0.0,0.0,0.0,0.0,0.0,0.0,0.0,0.0,0,-107875648.0,69,0.0,138,0.0,0.0,0,13107,17040,13107,17049,13107,17043,0,0,0,70,68,100,2.7302359370752657e+23,71.2,2.7302370179391762e+23,74.2,2.7302370179391762e+23,74.0,1,49,50,180,13107,52429,0,0,0.0,0.0,0.0,0.0,-0.0,67.0,0.0,162057.094,0.0,750,0,739,0,0,0,721,0,766,0,736,0,742,0,741,0,712,0,7520,0.032,78920024064.0,0.0,0.0,784,16797,-0.0,162057.094,-114818.039,-0.0,0.133,6.909358625270745e+28,30.0,65.0,35,0.0,0.0,0.0,0.0,0.0,0.0,0.0,0.0,0.0,0.0,0.0,0.0,0.0,0.0,0.0,0.0,69.2,0,150,71,55,65476,0,300,0,1,8,20529,65476,0,0,40632,65.0,0.0,0.0,0.0,0.0,0.0
2026-09-04T20:34:42,ERR,ERR,ERR,ERR,ERR,ERR,ERR,ERR,ERR,ERR,ERR,ERR,ERR,ERR,ERR,ERR,ERR,ERR,ERR,ERR,ERR,ERR,ERR,ERR,ERR,ERR,ERR,ERR,ERR,ERR,ERR,ERR,ERR,ERR,ERR,ERR,ERR,ERR,ERR,ERR,ERR,ERR,ERR,ERR,ERR,ERR,ERR,ERR,ERR,ERR,ERR,ERR,ERR,ERR,ERR,ERR,ERR,ERR,ERR,ERR,ERR,ERR,ERR,ERR,ERR,ERR,ERR,ERR,ERR,ERR,ERR,ERR,ERR,ERR,ERR,ERR,ERR,ERR,ERR,ERR,ERR,ERR,ERR,ERR,ERR,ERR,ERR,ERR,ERR,ERR,ERR,ERR,ERR,ERR,ERR,ERR,ERR,ERR,ERR,ERR,ERR,ERR,ERR,ERR,ERR,ERR,ERR,ERR,ERR,ERR,ERR,ERR,ERR,ERR,ERR,ERR,ERR,ERR,ERR,ERR,ERR,ERR,ERR,ERR,ERR,0.0,0.0,0.0,0.0,0.0,1.3936040501711995e+18,7.805,0.0,0,0,4,0,7116,0.0,100,0.0,0.0,0.0,0.0,0.0,0,0,0,0,0.0,0,0,0,0,0,0,0,0,0,0,0,0,0,0,0,0,0,0,0,0,0,0,0,0,0,0,0,0,0,0,0,0,0,31,40,40,71,65476,0,300,0,0,8,21553,0.0,-107605600.0,0.0,0.0,0.0,0.0,0.0,0.0,0.0,0.0,0.0,0.0,0.0,0.0,0.0,0.0,0.0,0.0,0.0,0.0,0.0,0.0,-2.004,-0.0,-0.0,-2.004,0.0,0.0,0.0,0.0,6249.0,3.697203286006091e+19,6924.0,0.0,0.0,2.7184303811560617e+23,0.0,0.0,0.0,0.0,0.0,69,-4.066882747792088e+29,0.0,0.0,0.0,0.0,0.0,0.0,0.0,0.0,0,0,0,0.0,0.0,0.0,0.0,0.0,0.0,0.0,0.0,0.0,0.0,0.0,0.0,0.0,0.0,0.0,0.0,0,-107875648.0,69,0.0,138,0.0,0.0,0,13107,17040,13107,17049,13107,17043,0,0,0,70,68,100,2.7302359370752657e+23,71.2,2.7302370179391762e+23,74.2,2.7302370179391762e+23,74.0,1,49,50,180,13107,52429,0,0,0.0,0.0,0.0,0.0,-0.0,67.0,0.0,162057.094,0.0,751,0,739,0,0,0,721,0,766,0,736,0,742,0,741,0,712,0,7520,0.032,79456894976.0,0.0,0.0,784,16797,-0.0,162057.094,-114818.039,-0.0,0.133,6.909358625270745e+28,30.0,65.0,35,0.0,0.0,0.0,0.0,0.0,0.0,0.0,0.0,0.0,0.0,0.0,0.0,0.0,0.0,0.0,0.0,69.2,0,150,71,55,65476,0,300,0,1,8,20529,65476,0,0,40632,65.0,0.0,0.0,0.0,0.0,0.0
2026-09-04T20:34:43,ERR,ERR,ERR,ERR,ERR,ERR,ERR,ERR,ERR,ERR,ERR,ERR,ERR,ERR,ERR,ERR,ERR,ERR,ERR,ERR,ERR,ERR,ERR,ERR,ERR,ERR,ERR,ERR,ERR,ERR,ERR,ERR,ERR,ERR,ERR,ERR,ERR,ERR,ERR,ERR,ERR,ERR,ERR,ERR,ERR,ERR,ERR,ERR,ERR,ERR,ERR,ERR,ERR,ERR,ERR,ERR,ERR,ERR,ERR,ERR,ERR,ERR,ERR,ERR,ERR,ERR,ERR,ERR,ERR,ERR,ERR,ERR,ERR,ERR,ERR,ERR,ERR,ERR,ERR,ERR,ERR,ERR,ERR,ERR,ERR,ERR,ERR,ERR,ERR,ERR,ERR,ERR,ERR,ERR,ERR,ERR,ERR,ERR,ERR,ERR,ERR,ERR,ERR,ERR,ERR,ERR,ERR,ERR,ERR,ERR,ERR,ERR,ERR,ERR,ERR,ERR,ERR,ERR,ERR,ERR,ERR,ERR,ERR,ERR,ERR,0.0,0.0,0.0,0.0,0.0,1.3936040501711995e+18,7.805,0.0,0,0,4,0,7116,0.0,100,0.0,0.0,0.0,0.0,0.0,0,0,0,0,0.0,0,0,0,0,0,0,0,0,0,0,0,0,0,0,0,0,0,0,0,0,0,0,0,0,0,0,0,0,0,0,0,0,0,31,40,40,71,65476,0,300,0,0,8,21553,0.0,-107605600.0,0.0,0.0,0.0,0.0,0.0,0.0,0.0,0.0,0.0,0.0,0.0,0.0,0.0,0.0,0.0,0.0,0.0,0.0,0.0,0.0,-2.004,-0.0,-0.0,-2.004,0.0,0.0,0.0,0.0,6249.0,3.697203286006091e+19,6924.0,0.0,0.0,2.7184303811560617e+23,0.0,0.0,0.0,0.0,0.0,69,-4.066882747792088e+29,0.0,0.0,0.0,0.0,0.0,0.0,0.0,0.0,0,0,0,0.0,0.0,0.0,0.0,0.0,0.0,0.0,0.0,0.0,0.0,0.0,0.0,0.0,0.0,0.0,0.0,0,-107875648.0,69,0.0,138,0.0,0.0,0,13107,17040,13107,17049,13107,17043,0,0,0,70,68,100,2.7302359370752657e+23,71.2,2.7302370179391762e+23,74.2,2.7302370179391762e+23,74.0,1,49,50,180,13107,52429,0,0,0.0,0.0,0.0,0.0,-0.0,67.0,0.0,162057.094,0.0,751,0,739,0,0,0,721,0,766,0,736,0,742,0,741,0,712,0,7520,0.032,79456894976.0,0.0,0.0,784,16797,-0.0,162057.094,-114818.039,-0.0,0.133,6.909358625270745e+28,30.0,65.0,35,0.0,0.0,0.0,0.0,0.0,0.0,0.0,0.0,0.0,0.0,0.0,0.0,0.0,0.0,0.0,0.0,69.2,0,150,71,55,65476,0,300,0,1,8,20529,65476,0,0,40632,65.0,0.0,0.0,0.0,0.0,0.0
2026-09-04T20:34:44,ERR,ERR,ERR,ERR,ERR,ERR,ERR,ERR,ERR,ERR,ERR,ERR,ERR,ERR,ERR,ERR,ERR,ERR,ERR,ERR,ERR,ERR,ERR,ERR,ERR,ERR,ERR,ERR,ERR,ERR,ERR,ERR,ERR,ERR,ERR,ERR,ERR,ERR,ERR,ERR,ERR,ERR,ERR,ERR,ERR,ERR,ERR,ERR,ERR,ERR,ERR,ERR,ERR,ERR,ERR,ERR,ERR,ERR,ERR,ERR,ERR,ERR,ERR,ERR,ERR,ERR,ERR,ERR,ERR,ERR,ERR,ERR,ERR,ERR,ERR,ERR,ERR,ERR,ERR,ERR,ERR,ERR,ERR,ERR,ERR,ERR,ERR,ERR,ERR,ERR,ERR,ERR,ERR,ERR,ERR,ERR,ERR,ERR,ERR,ERR,ERR,ERR,ERR,ERR,ERR,ERR,ERR,ERR,ERR,ERR,ERR,ERR,ERR,ERR,ERR,ERR,ERR,ERR,ERR,ERR,ERR,ERR,ERR,ERR,ERR,0.0,0.0,0.0,0.0,0.0,1.3936040501711995e+18,7.805,0.0,0,0,4,0,7116,0.0,100,0.0,0.0,0.0,0.0,0.0,0,0,0,0,0.0,0,0,0,0,0,0,0,0,0,0,0,0,0,0,0,0,0,0,0,0,0,0,0,0,0,0,0,0,0,0,0,0,0,31,40,40,71,65476,0,300,0,0,8,21553,0.0,-107605600.0,0.0,0.0,0.0,0.0,0.0,0.0,0.0,0.0,0.0,0.0,0.0,0.0,0.0,0.0,0.0,0.0,0.0,0.0,0.0,0.0,-2.004,-0.0,-0.0,-2.004,0.0,0.0,0.0,0.0,6249.0,3.697203286006091e+19,6924.0,0.0,0.0,2.7184303811560617e+23,0.0,0.0,0.0,0.0,0.0,69,-4.066882747792088e+29,0.0,0.0,0.0,0.0,0.0,0.0,0.0,0.0,0,0,0,0.0,0.0,0.0,0.0,0.0,0.0,0.0,0.0,0.0,0.0,0.0,0.0,0.0,0.0,0.0,0.0,0,-107875648.0,69,0.0,138,0.0,0.0,0,13107,17040,13107,17049,13107,17043,0,0,0,70,68,100,2.7302359370752657e+23,71.2,2.7302370179391762e+23,74.2,2.7302370179391762e+23,74.0,1,49,50,180,13107,52429,0,0,0.0,0.0,0.0,0.0,-0.0,67.0,0.0,162057.094,0.0,751,0,739,0,0,0,721,0,766,0,736,0,742,0,741,0,712,0,7520,0.032,79456894976.0,0.0,0.0,784,16797,-0.0,162057.094,-114818.039,-0.0,0.133,6.909358625270745e+28,30.0,65.0,35,0.0,0.0,0.0,0.0,0.0,0.0,0.0,0.0,0.0,0.0,0.0,0.0,0.0,0.0,0.0,0.0,69.2,0,150,71,55,65476,0,300,0,1,8,20529,65476,0,0,40632,65.0,0.0,0.0,0.0,0.0,0.0
2026-09-04T20:34:45,ERR,ERR,ERR,ERR,ERR,ERR,ERR,ERR,ERR,ERR,ERR,ERR,ERR,ERR,ERR,ERR,ERR,ERR,ERR,ERR,ERR,ERR,ERR,ERR,ERR,ERR,ERR,ERR,ERR,ERR,ERR,ERR,ERR,ERR,ERR,ERR,ERR,ERR,ERR,ERR,ERR,ERR,ERR,ERR,ERR,ERR,ERR,ERR,ERR,ERR,ERR,ERR,ERR,ERR,ERR,ERR,ERR,ERR,ERR,ERR,ERR,ERR,ERR,ERR,ERR,ERR,ERR,ERR,ERR,ERR,ERR,ERR,ERR,ERR,ERR,ERR,ERR,ERR,ERR,ERR,ERR,ERR,ERR,ERR,ERR,ERR,ERR,ERR,ERR,ERR,ERR,ERR,ERR,ERR,ERR,ERR,ERR,ERR,ERR,ERR,ERR,ERR,ERR,ERR,ERR,ERR,ERR,ERR,ERR,ERR,ERR,ERR,ERR,ERR,ERR,ERR,ERR,ERR,ERR,ERR,ERR,ERR,ERR,ERR,ERR,0.0,0.0,0.0,0.0,0.0,1.3936040501711995e+18,7.805,0.0,0,0,4,0,7116,0.0,100,0.0,0.0,0.0,0.0,0.0,0,0,0,0,0.0,0,0,0,0,0,0,0,0,0,0,0,0,0,0,0,0,0,0,0,0,0,0,0,0,0,0,0,0,0,0,0,0,0,31,40,40,71,65476,0,300,0,0,8,21553,0.0,-107605600.0,0.0,0.0,0.0,0.0,0.0,0.0,0.0,0.0,0.0,0.0,0.0,0.0,0.0,0.0,0.0,0.0,0.0,0.0,0.0,0.0,-2.004,-0.0,-0.0,-2.004,0.0,0.0,0.0,0.0,6249.0,3.697203286006091e+19,6924.0,0.0,0.0,2.7184303811560617e+23,0.0,0.0,0.0,0.0,0.0,69,-4.066882747792088e+29,0.0,0.0,0.0,0.0,0.0,0.0,0.0,0.0,0,0,0,0.0,0.0,0.0,0.0,0.0,0.0,0.0,0.0,0.0,0.0,0.0,0.0,0.0,0.0,0.0,0.0,0,-107875648.0,69,0.0,138,0.0,0.0,0,13107,17040,13107,17049,13107,17043,0,0,0,70,68,100,2.7302359370752657e+23,71.2,2.7302370179391762e+23,74.2,2.7302370179391762e+23,74.0,1,49,50,180,13107,52429,0,0,0.0,0.0,0.0,0.0,-0.0,67.0,0.0,162057.094,0.0,751,0,739,0,0,0,721,0,766,0,736,0,742,0,741,0,712,0,7520,0.032,79456894976.0,0.0,0.0,784,16797,-0.0,162057.094,-114818.039,-0.0,0.133,6.909358625270745e+28,30.0,65.0,35,0.0,0.0,0.0,0.0,0.0,0.0,0.0,0.0,0.0,0.0,0.0,0.0,0.0,0.0,0.0,0.0,69.2,0,150,71,55,65476,0,300,0,1,8,20529,65476,0,0,40632,65.0,0.0,0.0,0.0,0.0,0.0
2026-09-04T20:34:46,ERR,ERR,ERR,ERR,ERR,ERR,ERR,ERR,ERR,ERR,ERR,ERR,ERR,ERR,ERR,ERR,ERR,ERR,ERR,ERR,ERR,ERR,ERR,ERR,ERR,ERR,ERR,ERR,ERR,ERR,ERR,ERR,ERR,ERR,ERR,ERR,ERR,ERR,ERR,ERR,ERR,ERR,ERR,ERR,ERR,ERR,ERR,ERR,ERR,ERR,ERR,ERR,ERR,ERR,ERR,ERR,ERR,ERR,ERR,ERR,ERR,ERR,ERR,ERR,ERR,ERR,ERR,ERR,ERR,ERR,ERR,ERR,ERR,ERR,ERR,ERR,ERR,ERR,ERR,ERR,ERR,ERR,ERR,ERR,ERR,ERR,ERR,ERR,ERR,ERR,ERR,ERR,ERR,ERR,ERR,ERR,ERR,ERR,ERR,ERR,ERR,ERR,ERR,ERR,ERR,ERR,ERR,ERR,ERR,ERR,ERR,ERR,ERR,ERR,ERR,ERR,ERR,ERR,ERR,ERR,ERR,ERR,ERR,ERR,ERR,0.0,0.0,0.0,0.0,0.0,1.3936040501711995e+18,7.805,0.0,0,0,4,0,7116,0.0,100,0.0,0.0,0.0,0.0,0.0,0,0,0,0,0.0,0,0,0,0,0,0,0,0,0,0,0,0,0,0,0,0,0,0,0,0,0,0,0,0,0,0,0,0,0,0,0,0,0,31,40,40,71,65476,0,300,0,0,8,21553,0.0,-107605600.0,0.0,0.0,0.0,0.0,0.0,0.0,0.0,0.0,0.0,0.0,0.0,0.0,0.0,0.0,0.0,0.0,0.0,0.0,0.0,0.0,-2.004,-0.0,-0.0,-2.004,0.0,0.0,0.0,0.0,6253.0,-3.697203286006091e+19,6940.0,0.0,0.0,2.7184303811560617e+23,0.0,0.0,0.0,0.0,0.0,69,0.0,-107615184.0,0.0,0.0,0.0,0.0,0.0,0.0,0.0,0,0,0,0.0,0.0,0.0,0.0,0.0,0.0,0.0,0.0,0.0,0.0,0.0,0.0,0.0,0.0,0.0,0.0,0,-107875648.0,69,0.0,138,0.0,0.0,0,13107,17040,13107,17049,13107,17043,0,0,0,70,68,100,2.7302359370752657e+23,71.2,2.7302370179391762e+23,74.2,2.7302370179391762e+23,74.0,1,49,50,180,13107,52429,0,0,0.0,0.0,0.0,0.0,-0.0,67.0,0.0,162057.094,0.0,751,0,739,0,0,0,721,0,766,0,736,0,742,0,741,0,712,0,7520,0.032,79456894976.0,0.0,0.0,784,16797,-0.0,162057.094,-114818.039,-0.0,0.133,6.909358625270745e+28,30.0,65.0,35,0.0,0.0,0.0,0.0,0.0,0.0,0.0,0.0,0.0,0.0,0.0,0.0,0.0,0.0,0.0,0.0,69.2,0,150,71,55,65476,0,300,0,1,8,20529,65476,0,0,40632,65.0,0.0,0.0,0.0,0.0,0.0
2026-09-04T20:34:47,ERR,ERR,ERR,ERR,ERR,ERR,ERR,ERR,ERR,ERR,ERR,ERR,ERR,ERR,ERR,ERR,ERR,ERR,ERR,ERR,ERR,ERR,ERR,ERR,ERR,ERR,ERR,ERR,ERR,ERR,ERR,ERR,ERR,ERR,ERR,ERR,ERR,ERR,ERR,ERR,ERR,ERR,ERR,ERR,ERR,ERR,ERR,ERR,ERR,ERR,ERR,ERR,ERR,ERR,ERR,ERR,ERR,ERR,ERR,ERR,ERR,ERR,ERR,ERR,ERR,ERR,ERR,ERR,ERR,ERR,ERR,ERR,ERR,ERR,ERR,ERR,ERR,ERR,ERR,ERR,ERR,ERR,ERR,ERR,ERR,ERR,ERR,ERR,ERR,ERR,ERR,ERR,ERR,ERR,ERR,ERR,ERR,ERR,ERR,ERR,ERR,ERR,ERR,ERR,ERR,ERR,ERR,ERR,ERR,ERR,ERR,ERR,ERR,ERR,ERR,ERR,ERR,ERR,ERR,ERR,ERR,ERR,ERR,ERR,ERR,0.0,0.0,0.0,0.0,0.0,1.3936040501711995e+18,7.805,0.0,0,0,4,0,7116,0.0,100,0.0,0.0,0.0,0.0,0.0,0,0,0,0,0.0,0,0,0,0,0,0,0,0,0,0,0,0,0,0,0,0,0,0,0,0,0,0,0,0,0,0,0,0,0,0,0,0,0,31,40,40,71,65476,0,300,0,0,8,21553,0.0,-107605600.0,0.0,0.0,0.0,0.0,0.0,0.0,0.0,0.0,0.0,0.0,0.0,0.0,0.0,0.0,0.0,0.0,0.0,0.0,0.0,0.0,-2.004,-0.0,-0.0,-2.004,0.0,0.0,0.0,0.0,6253.0,-3.697203286006091e+19,6940.0,0.0,0.0,2.7184303811560617e+23,0.0,0.0,0.0,0.0,0.0,69,0.0,-107615184.0,0.0,0.0,0.0,0.0,0.0,0.0,0.0,0,0,0,0.0,0.0,0.0,0.0,0.0,0.0,0.0,0.0,0.0,0.0,0.0,0.0,0.0,0.0,0.0,0.0,0,-107875648.0,69,0.0,138,0.0,0.0,0,13107,17040,13107,17049,13107,17043,0,0,0,70,68,100,2.7302359370752657e+23,71.1,0.0,74.2,2.7302370179391762e+23,74.0,1,49,50,180,0,52429,0,0,0.0,0.0,0.0,0.0,-0.0,67.0,0.0,162057.094,0.0,750,0,739,0,0,0,721,0,766,0,736,0,742,0,741,0,712,0,7520,0.032,79456894976.0,0.0,0.0,784,16797,-0.0,162057.094,-114818.039,-0.0,0.133,6.909358625270745e+28,30.0,65.0,35,0.0,0.0,0.0,0.0,0.0,0.0,0.0,0.0,0.0,0.0,0.0,0.0,0.0,0.0,0.0,0.0,69.2,0,150,71,55,65476,0,300,0,1,8,20529,65476,0,0,40632,65.0,0.0,0.0,0.0,0.0,0.0
2026-09-04T20:34:48,ERR,ERR,ERR,ERR,ERR,ERR,ERR,ERR,ERR,ERR,ERR,ERR,ERR,ERR,ERR,ERR,ERR,ERR,ERR,ERR,ERR,ERR,ERR,ERR,ERR,ERR,ERR,ERR,ERR,ERR,ERR,ERR,ERR,ERR,ERR,ERR,ERR,ERR,ERR,ERR,ERR,ERR,ERR,ERR,ERR,ERR,ERR,ERR,ERR,ERR,ERR,ERR,ERR,ERR,ERR,ERR,ERR,ERR,ERR,ERR,ERR,ERR,ERR,ERR,ERR,ERR,ERR,ERR,ERR,ERR,ERR,ERR,ERR,ERR,ERR,ERR,ERR,ERR,ERR,ERR,ERR,ERR,ERR,ERR,ERR,ERR,ERR,ERR,ERR,ERR,ERR,ERR,ERR,ERR,ERR,ERR,ERR,ERR,ERR,ERR,ERR,ERR,ERR,ERR,ERR,ERR,ERR,ERR,ERR,ERR,ERR,ERR,ERR,ERR,ERR,ERR,ERR,ERR,ERR,ERR,ERR,ERR,ERR,ERR,ERR,0.0,0.0,0.0,0.0,0.0,1.3936040501711995e+18,7.805,0.0,0,0,4,0,7116,0.0,100,0.0,0.0,0.0,0.0,0.0,0,0,0,0,0.0,0,0,0,0,0,0,0,0,0,0,0,0,0,0,0,0,0,0,0,0,0,0,0,0,0,0,0,0,0,0,0,0,0,31,40,40,71,65476,0,300,0,0,8,21553,0.0,-107605600.0,0.0,0.0,0.0,0.0,0.0,0.0,0.0,0.0,0.0,0.0,0.0,0.0,0.0,0.0,0.0,0.0,0.0,0.0,0.0,0.0,-2.004,-0.0,-0.0,-2.004,0.0,0.0,0.0,0.0,6253.0,-3.697203286006091e+19,6940.0,0.0,0.0,2.7184303811560617e+23,0.0,0.0,0.0,0.0,0.0,69,0.0,-107615184.0,0.0,0.0,0.0,0.0,0.0,0.0,0.0,0,0,0,0.0,0.0,0.0,0.0,0.0,0.0,0.0,0.0,0.0,0.0,0.0,0.0,0.0,0.0,0.0,0.0,0,-107875648.0,69,0.0,138,0.0,0.0,0,13107,17040,13107,17049,13107,17043,0,0,0,70,68,100,2.7302359370752657e+23,71.1,0.0,74.2,2.7302370179391762e+23,74.0,1,49,50,180,0,52429,0,0,0.0,0.0,0.0,0.0,-0.0,67.0,0.0,162057.094,0.0,750,0,739,0,0,0,721,0,766,0,736,0,742,0,741,0,712,0,7520,0.032,79456894976.0,0.0,0.0,784,16797,-0.0,162057.094,-114818.039,-0.0,0.133,6.909358625270745e+28,30.0,65.0,35,0.0,0.0,0.0,0.0,0.0,0.0,0.0,0.0,0.0,0.0,0.0,0.0,0.0,0.0,0.0,0.0,69.6,0,150,71,55,65476,0,300,0,1,8,20529,65476,0,0,40632,65.0,0.0,0.0,0.0,0.0,0.0
2026-09-04T20:34:49,ERR,ERR,ERR,ERR,ERR,ERR,ERR,ERR,ERR,ERR,ERR,ERR,ERR,ERR,ERR,ERR,ERR,ERR,ERR,ERR,ERR,ERR,ERR,ERR,ERR,ERR,ERR,ERR,ERR,ERR,ERR,ERR,ERR,ERR,ERR,ERR,ERR,ERR,ERR,ERR,ERR,ERR,ERR,ERR,ERR,ERR,ERR,ERR,ERR,ERR,ERR,ERR,ERR,ERR,ERR,ERR,ERR,ERR,ERR,ERR,ERR,ERR,ERR,ERR,ERR,ERR,ERR,ERR,ERR,ERR,ERR,ERR,ERR,ERR,ERR,ERR,ERR,ERR,ERR,ERR,ERR,ERR,ERR,ERR,ERR,ERR,ERR,ERR,ERR,ERR,ERR,ERR,ERR,ERR,ERR,ERR,ERR,ERR,ERR,ERR,ERR,ERR,ERR,ERR,ERR,ERR,ERR,ERR,ERR,ERR,ERR,ERR,ERR,ERR,ERR,ERR,ERR,ERR,ERR,ERR,ERR,ERR,ERR,ERR,ERR,0.0,0.0,0.0,0.0,0.0,1.3936040501711995e+18,7.805,0.0,0,0,4,0,7116,0.0,100,0.0,0.0,0.0,0.0,0.0,0,0,0,0,0.0,0,0,0,0,0,0,0,0,0,0,0,0,0,0,0,0,0,0,0,0,0,0,0,0,0,0,0,0,0,0,0,0,0,31,40,40,71,65476,0,300,0,0,8,21553,0.0,-107605600.0,0.0,0.0,0.0,0.0,0.0,0.0,0.0,0.0,0.0,0.0,0.0,0.0,0.0,0.0,0.0,0.0,0.0,0.0,0.0,0.0,-2.004,-0.0,-0.0,-2.004,0.0,0.0,0.0,0.0,6253.0,-3.697203286006091e+19,6940.0,0.0,0.0,2.7184303811560617e+23,0.0,0.0,0.0,0.0,0.0,69,0.0,-107615184.0,0.0,0.0,0.0,0.0,0.0,0.0,0.0,0,0,0,0.0,0.0,0.0,0.0,0.0,0.0,0.0,0.0,0.0,0.0,0.0,0.0,0.0,0.0,0.0,0.0,0,-107875648.0,69,0.0,138,0.0,0.0,0,13107,17040,13107,17049,13107,17043,0,0,0,70,68,100,2.7302359370752657e+23,71.1,0.0,74.2,2.7302370179391762e+23,74.0,1,49,50,180,0,52429,0,0,0.0,0.0,0.0,0.0,-0.0,67.0,0.0,162057.094,0.0,750,0,739,0,0,0,721,0,766,0,736,0,742,0,741,0,712,0,7520,0.032,79456894976.0,0.0,0.0,784,16797,-0.0,162057.094,-114818.039,-0.0,0.133,6.909358625270745e+28,30.0,65.0,35,0.0,0.0,0.0,0.0,0.0,0.0,0.0,0.0,0.0,0.0,0.0,0.0,0.0,0.0,0.0,0.0,69.6,0,150,71,55,65476,0,300,0,1,8,20529,65476,0,0,40632,65.0,0.0,0.0,0.0,0.0,0.0
2026-09-04T20:34:50,ERR,ERR,ERR,ERR,ERR,ERR,ERR,ERR,ERR,ERR,ERR,ERR,ERR,ERR,ERR,ERR,ERR,ERR,ERR,ERR,ERR,ERR,ERR,ERR,ERR,ERR,ERR,ERR,ERR,ERR,ERR,ERR,ERR,ERR,ERR,ERR,ERR,ERR,ERR,ERR,ERR,ERR,ERR,ERR,ERR,ERR,ERR,ERR,ERR,ERR,ERR,ERR,ERR,ERR,ERR,ERR,ERR,ERR,ERR,ERR,ERR,ERR,ERR,ERR,ERR,ERR,ERR,ERR,ERR,ERR,ERR,ERR,ERR,ERR,ERR,ERR,ERR,ERR,ERR,ERR,ERR,ERR,ERR,ERR,ERR,ERR,ERR,ERR,ERR,ERR,ERR,ERR,ERR,ERR,ERR,ERR,ERR,ERR,ERR,ERR,ERR,ERR,ERR,ERR,ERR,ERR,ERR,ERR,ERR,ERR,ERR,ERR,ERR,ERR,ERR,ERR,ERR,ERR,ERR,ERR,ERR,ERR,ERR,ERR,ERR,0.0,0.0,0.0,0.0,0.0,1.3936040501711995e+18,7.805,0.0,0,0,4,0,7116,0.0,100,0.0,0.0,0.0,0.0,0.0,0,0,0,0,0.0,0,0,0,0,0,0,0,0,0,0,0,0,0,0,0,0,0,0,0,0,0,0,0,0,0,0,0,0,0,0,0,0,0,31,40,40,71,65476,0,300,0,0,8,21553,0.0,-107605600.0,0.0,0.0,0.0,0.0,0.0,0.0,0.0,0.0,0.0,0.0,0.0,0.0,0.0,0.0,0.0,0.0,0.0,0.0,0.0,0.0,-2.004,-0.0,-0.0,-2.004,0.0,0.0,0.0,0.0,6253.0,-3.697203286006091e+19,6940.0,0.0,0.0,2.7184303811560617e+23,0.0,0.0,0.0,0.0,0.0,69,0.0,-107615184.0,0.0,0.0,0.0,0.0,0.0,0.0,0.0,0,0,0,0.0,0.0,0.0,0.0,0.0,0.0,0.0,0.0,0.0,0.0,0.0,0.0,0.0,0.0,0.0,0.0,0,-107875648.0,69,0.0,138,0.0,0.0,0,13107,17040,13107,17049,13107,17043,0,0,0,70,68,100,2.7302359370752657e+23,71.1,0.0,74.2,2.7302370179391762e+23,74.0,1,49,50,180,0,52429,0,0,0.0,0.0,0.0,0.0,-0.0,67.0,0.0,162057.094,0.0,750,0,739,0,0,0,721,0,766,0,736,0,742,0,741,0,712,0,7520,0.032,79456894976.0,0.0,0.0,784,16797,-0.0,162057.094,-114818.039,-0.0,0.133,6.909358625270745e+28,30.0,65.0,35,0.0,0.0,0.0,0.0,0.0,0.0,0.0,0.0,0.0,0.0,0.0,0.0,0.0,0.0,0.0,0.0,69.2,0,150,71,55,65476,0,300,0,1,8,20529,65476,0,0,40632,65.0,0.0,0.0,0.0,0.0,0.0
2026-09-04T20:34:51,ERR,ERR,ERR,ERR,ERR,ERR,ERR,ERR,ERR,ERR,ERR,ERR,ERR,ERR,ERR,ERR,ERR,ERR,ERR,ERR,ERR,ERR,ERR,ERR,ERR,ERR,ERR,ERR,ERR,ERR,ERR,ERR,ERR,ERR,ERR,ERR,ERR,ERR,ERR,ERR,ERR,ERR,ERR,ERR,ERR,ERR,ERR,ERR,ERR,ERR,ERR,ERR,ERR,ERR,ERR,ERR,ERR,ERR,ERR,ERR,ERR,ERR,ERR,ERR,ERR,ERR,ERR,ERR,ERR,ERR,ERR,ERR,ERR,ERR,ERR,ERR,ERR,ERR,ERR,ERR,ERR,ERR,ERR,ERR,ERR,ERR,ERR,ERR,ERR,ERR,ERR,ERR,ERR,ERR,ERR,ERR,ERR,ERR,ERR,ERR,ERR,ERR,ERR,ERR,ERR,ERR,ERR,ERR,ERR,ERR,ERR,ERR,ERR,ERR,ERR,ERR,ERR,ERR,ERR,ERR,ERR,ERR,ERR,ERR,ERR,0.0,0.0,0.0,0.0,0.0,1.3936040501711995e+18,7.805,0.0,0,0,4,0,7116,0.0,100,0.0,0.0,0.0,0.0,0.0,0,0,0,0,0.0,0,0,0,0,0,0,0,0,0,0,0,0,0,0,0,0,0,0,0,0,0,0,0,0,0,0,0,0,0,0,0,0,0,31,40,40,71,65476,0,300,0,0,8,21553,0.0,-107605600.0,0.0,0.0,0.0,0.0,0.0,0.0,0.0,0.0,0.0,0.0,0.0,0.0,0.0,0.0,0.0,0.0,0.0,0.0,0.0,0.0,-2.004,-0.0,-0.0,-2.004,0.0,0.0,0.0,0.0,6253.0,-3.697203286006091e+19,6940.0,0.0,0.0,2.7184303811560617e+23,0.0,0.0,0.0,0.0,0.0,69,0.0,-107615184.0,0.0,0.0,0.0,0.0,0.0,0.0,0.0,0,0,0,0.0,0.0,0.0,0.0,0.0,0.0,0.0,0.0,0.0,0.0,0.0,0.0,0.0,0.0,0.0,0.0,0,-107875648.0,69,0.0,138,0.0,0.0,0,13107,17040,13107,17049,13107,17043,0,0,0,70,68,100,2.7302359370752657e+23,71.1,0.0,74.2,2.7302370179391762e+23,74.0,1,49,50,180,0,52429,0,0,0.0,0.0,0.0,0.0,-0.0,67.0,0.0,162057.094,0.0,750,0,739,0,0,0,721,0,766,0,736,0,742,0,741,0,712,0,7520,0.032,79456894976.0,0.0,0.0,784,16797,-0.0,162057.094,-114818.039,-0.0,0.133,6.909358625270745e+28,30.0,65.0,35,0.0,0.0,0.0,0.0,0.0,0.0,0.0,0.0,0.0,0.0,0.0,0.0,0.0,0.0,0.0,0.0,69.2,0,150,71,55,65476,0,300,0,1,8,20529,65476,0,0,40632,65.0,0.0,0.0,0.0,0.0,0.0
2026-09-04T20:34:52,ERR,ERR,ERR,ERR,ERR,ERR,ERR,ERR,ERR,ERR,ERR,ERR,ERR,ERR,ERR,ERR,ERR,ERR,ERR,ERR,ERR,ERR,ERR,ERR,ERR,ERR,ERR,ERR,ERR,ERR,ERR,ERR,ERR,ERR,ERR,ERR,ERR,ERR,ERR,ERR,ERR,ERR,ERR,ERR,ERR,ERR,ERR,ERR,ERR,ERR,ERR,ERR,ERR,ERR,ERR,ERR,ERR,ERR,ERR,ERR,ERR,ERR,ERR,ERR,ERR,ERR,ERR,ERR,ERR,ERR,ERR,ERR,ERR,ERR,ERR,ERR,ERR,ERR,ERR,ERR,ERR,ERR,ERR,ERR,ERR,ERR,ERR,ERR,ERR,ERR,ERR,ERR,ERR,ERR,ERR,ERR,ERR,ERR,ERR,ERR,ERR,ERR,ERR,ERR,ERR,ERR,ERR,ERR,ERR,ERR,ERR,ERR,ERR,ERR,ERR,ERR,ERR,ERR,ERR,ERR,ERR,ERR,ERR,ERR,ERR,0.0,0.0,0.0,0.0,0.0,1.3936040501711995e+18,7.805,0.0,0,0,4,0,7116,0.0,100,0.0,0.0,0.0,0.0,0.0,0,0,0,0,0.0,0,0,0,0,0,0,0,0,0,0,0,0,0,0,0,0,0,0,0,0,0,0,0,0,0,0,0,0,0,0,0,0,0,31,40,40,71,65476,0,300,0,0,8,21553,0.0,-107605600.0,0.0,0.0,0.0,0.0,0.0,0.0,0.0,0.0,0.0,0.0,0.0,0.0,0.0,0.0,0.0,0.0,0.0,0.0,0.0,0.0,-2.004,-0.0,-0.0,-2.004,0.0,0.0,0.0,0.0,6253.0,-3.697203286006091e+19,6940.0,0.0,0.0,2.7184303811560617e+23,0.0,0.0,0.0,0.0,0.0,69,0.0,-107615184.0,0.0,0.0,0.0,0.0,0.0,0.0,0.0,0,0,0,0.0,0.0,0.0,0.0,0.0,0.0,0.0,0.0,0.0,0.0,0.0,0.0,0.0,0.0,0.0,0.0,0,-107875648.0,69,0.0,138,0.0,0.0,0,13107,17040,13107,17049,13107,17043,0,0,0,70,68,100,2.7302359370752657e+23,71.2,2.7302370179391762e+23,74.2,2.7302370179391762e+23,74.0,1,49,50,180,13107,52429,0,0,0.0,0.0,0.0,0.0,-0.0,67.0,0.0,162057.094,0.0,750,0,739,0,0,0,721,0,766,0,736,0,742,0,741,0,712,0,7520,0.032,78920024064.0,0.0,0.0,784,16797,-0.0,162057.094,-114818.039,-0.0,0.133,6.909358625270745e+28,30.0,65.0,35,0.0,0.0,0.0,0.0,0.0,0.0,0.0,0.0,0.0,0.0,0.0,0.0,0.0,0.0,0.0,0.0,69.2,0,150,71,55,65476,0,300,0,1,8,20529,65476,0,0,40632,65.0,0.0,0.0,0.0,0.0,0.0
2026-09-04T20:34:53,ERR,ERR,ERR,ERR,ERR,ERR,ERR,ERR,ERR,ERR,ERR,ERR,ERR,ERR,ERR,ERR,ERR,ERR,ERR,ERR,ERR,ERR,ERR,ERR,ERR,ERR,ERR,ERR,ERR,ERR,ERR,ERR,ERR,ERR,ERR,ERR,ERR,ERR,ERR,ERR,ERR,ERR,ERR,ERR,ERR,ERR,ERR,ERR,ERR,ERR,ERR,ERR,ERR,ERR,ERR,ERR,ERR,ERR,ERR,ERR,ERR,ERR,ERR,ERR,ERR,ERR,ERR,ERR,ERR,ERR,ERR,ERR,ERR,ERR,ERR,ERR,ERR,ERR,ERR,ERR,ERR,ERR,ERR,ERR,ERR,ERR,ERR,ERR,ERR,ERR,ERR,ERR,ERR,ERR,ERR,ERR,ERR,ERR,ERR,ERR,ERR,ERR,ERR,ERR,ERR,ERR,ERR,ERR,ERR,ERR,ERR,ERR,ERR,ERR,ERR,ERR,ERR,ERR,ERR,ERR,ERR,ERR,ERR,ERR,ERR,0.0,0.0,0.0,0.0,0.0,1.3936040501711995e+18,7.805,0.0,0,0,4,0,7116,0.0,100,0.0,0.0,0.0,0.0,0.0,0,0,0,0,0.0,0,0,0,0,0,0,0,0,0,0,0,0,0,0,0,0,0,0,0,0,0,0,0,0,0,0,0,0,0,0,0,0,0,31,40,40,71,65476,0,300,0,0,8,21553,0.0,-107605600.0,0.0,0.0,0.0,0.0,0.0,0.0,0.0,0.0,0.0,0.0,0.0,0.0,0.0,0.0,0.0,0.0,0.0,0.0,0.0,0.0,-2.004,-0.0,-0.0,-2.004,0.0,0.0,0.0,0.0,6283.0,-0.0,6929.0,0.0,0.0,2.7184303811560617e+23,0.0,0.0,0.0,0.0,0.0,69,0.0,-0.0,0.0,0.0,0.0,0.0,0.0,0.0,0.0,0,0,0,0.0,0.0,0.0,0.0,0.0,0.0,0.0,0.0,0.0,0.0,0.0,0.0,0.0,0.0,0.0,0.0,0,-107875648.0,69,0.0,138,0.0,0.0,0,13107,17040,13107,17049,13107,17043,0,0,0,70,68,100,2.7302359370752657e+23,71.2,2.7302370179391762e+23,74.2,2.7302370179391762e+23,74.0,1,49,50,180,13107,52429,0,0,0.0,0.0,0.0,0.0,-0.0,67.0,0.0,162057.094,0.0,750,0,739,0,0,0,721,0,766,0,736,0,742,0,741,0,712,0,7520,0.032,78920024064.0,0.0,0.0,784,16797,-0.0,162057.094,-114818.039,-0.0,0.133,6.909358625270745e+28,30.0,65.0,35,0.0,0.0,0.0,0.0,0.0,0.0,0.0,0.0,0.0,0.0,0.0,0.0,0.0,0.0,0.0,0.0,69.6,0,150,71,55,65476,0,300,0,1,8,20529,65476,0,0,40632,65.0,0.0,0.0,0.0,0.0,0.0
2026-09-04T20:34:54,ERR,ERR,ERR,ERR,ERR,ERR,ERR,ERR,ERR,ERR,ERR,ERR,ERR,ERR,ERR,ERR,ERR,ERR,ERR,ERR,ERR,ERR,ERR,ERR,ERR,ERR,ERR,ERR,ERR,ERR,ERR,ERR,ERR,ERR,ERR,ERR,ERR,ERR,ERR,ERR,ERR,ERR,ERR,ERR,ERR,ERR,ERR,ERR,ERR,ERR,ERR,ERR,ERR,ERR,ERR,ERR,ERR,ERR,ERR,ERR,ERR,ERR,ERR,ERR,ERR,ERR,ERR,ERR,ERR,ERR,ERR,ERR,ERR,ERR,ERR,ERR,ERR,ERR,ERR,ERR,ERR,ERR,ERR,ERR,ERR,ERR,ERR,ERR,ERR,ERR,ERR,ERR,ERR,ERR,ERR,ERR,ERR,ERR,ERR,ERR,ERR,ERR,ERR,ERR,ERR,ERR,ERR,ERR,ERR,ERR,ERR,ERR,ERR,ERR,ERR,ERR,ERR,ERR,ERR,ERR,ERR,ERR,ERR,ERR,ERR,0.0,0.0,0.0,0.0,0.0,1.3936040501711995e+18,7.805,0.0,0,0,4,0,7116,0.0,100,0.0,0.0,0.0,0.0,0.0,0,0,0,0,0.0,0,0,0,0,0,0,0,0,0,0,0,0,0,0,0,0,0,0,0,0,0,0,0,0,0,0,0,0,0,0,0,0,0,31,40,40,71,65476,0,300,0,0,8,21553,0.0,-107605600.0,0.0,0.0,0.0,0.0,0.0,0.0,0.0,0.0,0.0,0.0,0.0,0.0,0.0,0.0,0.0,0.0,0.0,0.0,0.0,0.0,-2.004,-0.0,-0.0,-2.004,0.0,0.0,0.0,0.0,6283.0,-0.0,6929.0,0.0,0.0,2.7184303811560617e+23,0.0,0.0,0.0,0.0,0.0,69,0.0,-0.0,0.0,0.0,0.0,0.0,0.0,0.0,0.0,0,0,0,0.0,0.0,0.0,0.0,0.0,0.0,0.0,0.0,0.0,0.0,0.0,0.0,0.0,0.0,0.0,0.0,0,-107875648.0,69,0.0,138,0.0,0.0,0,13107,17040,13107,17049,13107,17043,0,0,0,70,68,100,2.7302359370752657e+23,71.2,2.7302370179391762e+23,74.2,2.7302370179391762e+23,74.0,1,49,50,180,13107,52429,0,0,0.0,0.0,0.0,0.0,-0.0,67.0,0.0,162057.094,0.0,750,0,739,0,0,0,721,0,766,0,736,0,742,0,741,0,712,0,7520,0.032,78920024064.0,0.0,0.0,784,16797,-0.0,162057.094,-114818.039,-0.0,0.133,6.909358625270745e+28,30.0,65.0,35,0.0,0.0,0.0,0.0,0.0,0.0,0.0,0.0,0.0,0.0,0.0,0.0,0.0,0.0,0.0,0.0,69.6,0,150,71,55,65476,0,300,0,1,8,20529,65476,0,0,40632,65.0,0.0,0.0,0.0,0.0,0.0
2026-09-04T20:34:55,ERR,ERR,ERR,ERR,ERR,ERR,ERR,ERR,ERR,ERR,ERR,ERR,ERR,ERR,ERR,ERR,ERR,ERR,ERR,ERR,ERR,ERR,ERR,ERR,ERR,ERR,ERR,ERR,ERR,ERR,ERR,ERR,ERR,ERR,ERR,ERR,ERR,ERR,ERR,ERR,ERR,ERR,ERR,ERR,ERR,ERR,ERR,ERR,ERR,ERR,ERR,ERR,ERR,ERR,ERR,ERR,ERR,ERR,ERR,ERR,ERR,ERR,ERR,ERR,ERR,ERR,ERR,ERR,ERR,ERR,ERR,ERR,ERR,ERR,ERR,ERR,ERR,ERR,ERR,ERR,ERR,ERR,ERR,ERR,ERR,ERR,ERR,ERR,ERR,ERR,ERR,ERR,ERR,ERR,ERR,ERR,ERR,ERR,ERR,ERR,ERR,ERR,ERR,ERR,ERR,ERR,ERR,ERR,ERR,ERR,ERR,ERR,ERR,ERR,ERR,ERR,ERR,ERR,ERR,ERR,ERR,ERR,ERR,ERR,ERR,0.0,0.0,0.0,0.0,0.0,1.3936040501711995e+18,7.805,0.0,0,0,4,0,7116,0.0,100,0.0,0.0,0.0,0.0,0.0,0,0,0,0,0.0,0,0,0,0,0,0,0,0,0,0,0,0,0,0,0,0,0,0,0,0,0,0,0,0,0,0,0,0,0,0,0,0,0,31,40,40,71,65476,0,300,0,0,8,21553,0.0,-107605600.0,0.0,0.0,0.0,0.0,0.0,0.0,0.0,0.0,0.0,0.0,0.0,0.0,0.0,0.0,0.0,0.0,0.0,0.0,0.0,0.0,-2.004,-0.0,-0.0,-2.004,0.0,0.0,0.0,0.0,6283.0,-0.0,6929.0,0.0,0.0,2.7184303811560617e+23,0.0,0.0,0.0,0.0,0.0,69,0.0,-0.0,0.0,0.0,0.0,0.0,0.0,0.0,0.0,0,0,0,0.0,0.0,0.0,0.0,0.0,0.0,0.0,0.0,0.0,0.0,0.0,0.0,0.0,0.0,0.0,0.0,0,-107875648.0,69,0.0,138,0.0,0.0,0,13107,17040,13107,17049,13107,17043,0,0,0,70,68,100,2.7302359370752657e+23,71.2,2.7302370179391762e+23,74.2,2.7302370179391762e+23,74.0,1,49,50,180,13107,52429,0,0,0.0,0.0,0.0,0.0,-0.0,67.0,0.0,162057.094,0.0,750,0,739,0,0,0,721,0,766,0,736,0,742,0,741,0,712,0,7520,0.032,78920024064.0,0.0,0.0,784,16797,-0.0,162057.094,-114818.039,-0.0,0.133,6.909358625270745e+28,30.0,65.0,35,0.0,0.0,0.0,0.0,0.0,0.0,0.0,0.0,0.0,0.0,0.0,0.0,0.0,0.0,0.0,0.0,69.2,0,150,71,55,65476,0,300,0,1,8,20529,65476,0,0,40632,65.0,0.0,0.0,0.0,0.0,0.0
2026-09-04T20:34:56,ERR,ERR,ERR,ERR,ERR,ERR,ERR,ERR,ERR,ERR,ERR,ERR,ERR,ERR,ERR,ERR,ERR,ERR,ERR,ERR,ERR,ERR,ERR,ERR,ERR,ERR,ERR,ERR,ERR,ERR,ERR,ERR,ERR,ERR,ERR,ERR,ERR,ERR,ERR,ERR,ERR,ERR,ERR,ERR,ERR,ERR,ERR,ERR,ERR,ERR,ERR,ERR,ERR,ERR,ERR,ERR,ERR,ERR,ERR,ERR,ERR,ERR,ERR,ERR,ERR,ERR,ERR,ERR,ERR,ERR,ERR,ERR,ERR,ERR,ERR,ERR,ERR,ERR,ERR,ERR,ERR,ERR,ERR,ERR,ERR,ERR,ERR,ERR,ERR,ERR,ERR,ERR,ERR,ERR,ERR,ERR,ERR,ERR,ERR,ERR,ERR,ERR,ERR,ERR,ERR,ERR,ERR,ERR,ERR,ERR,ERR,ERR,ERR,ERR,ERR,ERR,ERR,ERR,ERR,ERR,ERR,ERR,ERR,ERR,ERR,0.0,0.0,0.0,0.0,0.0,1.3936040501711995e+18,7.805,0.0,0,0,4,0,7116,0.0,100,0.0,0.0,0.0,0.0,0.0,0,0,0,0,0.0,0,0,0,0,0,0,0,0,0,0,0,0,0,0,0,0,0,0,0,0,0,0,0,0,0,0,0,0,0,0,0,0,0,31,40,40,71,65476,0,300,0,0,8,21553,0.0,-107605600.0,0.0,0.0,0.0,0.0,0.0,0.0,0.0,0.0,0.0,0.0,0.0,0.0,0.0,0.0,0.0,0.0,0.0,0.0,0.0,0.0,-2.004,-0.0,-0.0,-2.004,0.0,0.0,0.0,0.0,6283.0,-0.0,6929.0,0.0,0.0,2.7184303811560617e+23,0.0,0.0,0.0,0.0,0.0,69,0.0,-0.0,0.0,0.0,0.0,0.0,0.0,0.0,0.0,0,0,0,0.0,0.0,0.0,0.0,0.0,0.0,0.0,0.0,0.0,0.0,0.0,0.0,0.0,0.0,0.0,0.0,0,-107875648.0,69,0.0,138,0.0,0.0,0,13107,17040,13107,17049,13107,17043,0,0,0,70,68,100,2.7302359370752657e+23,71.2,2.7302370179391762e+23,74.2,2.7302370179391762e+23,74.0,1,49,50,180,13107,52429,0,0,0.0,0.0,0.0,0.0,-0.0,67.0,0.0,162057.094,0.0,750,0,739,0,0,0,721,0,766,0,736,0,742,0,741,0,712,0,7520,0.032,78920024064.0,0.0,0.0,784,16797,-0.0,162057.094,-114818.039,-0.0,0.133,6.909358625270745e+28,30.0,65.0,35,0.0,0.0,0.0,0.0,0.0,0.0,0.0,0.0,0.0,0.0,0.0,0.0,0.0,0.0,0.0,0.0,69.2,0,150,71,55,65476,0,300,0,1,8,20529,65476,0,0,40632,65.0,0.0,0.0,0.0,0.0,0.0
2026-09-04T20:34:57,ERR,ERR,ERR,ERR,ERR,ERR,ERR,ERR,ERR,ERR,ERR,ERR,ERR,ERR,ERR,ERR,ERR,ERR,ERR,ERR,ERR,ERR,ERR,ERR,ERR,ERR,ERR,ERR,ERR,ERR,ERR,ERR,ERR,ERR,ERR,ERR,ERR,ERR,ERR,ERR,ERR,ERR,ERR,ERR,ERR,ERR,ERR,ERR,ERR,ERR,ERR,ERR,ERR,ERR,ERR,ERR,ERR,ERR,ERR,ERR,ERR,ERR,ERR,ERR,ERR,ERR,ERR,ERR,ERR,ERR,ERR,ERR,ERR,ERR,ERR,ERR,ERR,ERR,ERR,ERR,ERR,ERR,ERR,ERR,ERR,ERR,ERR,ERR,ERR,ERR,ERR,ERR,ERR,ERR,ERR,ERR,ERR,ERR,ERR,ERR,ERR,ERR,ERR,ERR,ERR,ERR,ERR,ERR,ERR,ERR,ERR,ERR,ERR,ERR,ERR,ERR,ERR,ERR,ERR,ERR,ERR,ERR,ERR,ERR,ERR,0.0,0.0,0.0,0.0,0.0,1.3936040501711995e+18,7.805,0.0,0,0,4,0,7116,0.0,100,0.0,0.0,0.0,0.0,0.0,0,0,0,0,0.0,0,0,0,0,0,0,0,0,0,0,0,0,0,0,0,0,0,0,0,0,0,0,0,0,0,0,0,0,0,0,0,0,0,31,40,40,71,65476,0,300,0,0,8,21553,0.0,-107605600.0,0.0,0.0,0.0,0.0,0.0,0.0,0.0,0.0,0.0,0.0,0.0,0.0,0.0,0.0,0.0,0.0,0.0,0.0,0.0,0.0,-2.004,-0.0,-0.0,-2.004,0.0,0.0,0.0,0.0,6283.0,-0.0,6929.0,0.0,0.0,2.7184303811560617e+23,0.0,0.0,0.0,0.0,0.0,69,0.0,-0.0,0.0,0.0,0.0,0.0,0.0,0.0,0.0,0,0,0,0.0,0.0,0.0,0.0,0.0,0.0,0.0,0.0,0.0,0.0,0.0,0.0,0.0,0.0,0.0,0.0,0,-107875648.0,69,0.0,138,0.0,0.0,0,13107,17040,13107,17049,13107,17043,0,0,0,70,68,100,2.7302359370752657e+23,71.2,2.7302370179391762e+23,74.2,2.7302370179391762e+23,74.0,1,49,50,180,13107,52429,0,0,0.0,0.0,0.0,0.0,-0.0,67.0,0.0,162057.094,0.0,750,0,739,0,0,0,721,0,766,0,736,0,742,0,741,0,712,0,7520,0.032,78920024064.0,0.0,0.0,784,16797,-0.0,162057.094,-114818.039,-0.0,0.133,6.909358625270745e+28,30.0,65.0,35,0.0,0.0,0.0,0.0,0.0,0.0,0.0,0.0,0.0,0.0,0.0,0.0,0.0,0.0,0.0,0.0,69.2,0,150,71,55,65476,0,300,0,1,8,20529,65476,0,0,40632,65.0,0.0,0.0,0.0,0.0,0.0
2026-09-04T20:34:58,ERR,ERR,ERR,ERR,ERR,ERR,ERR,ERR,ERR,ERR,ERR,ERR,ERR,ERR,ERR,ERR,ERR,ERR,ERR,ERR,ERR,ERR,ERR,ERR,ERR,ERR,ERR,ERR,ERR,ERR,ERR,ERR,ERR,ERR,ERR,ERR,ERR,ERR,ERR,ERR,ERR,ERR,ERR,ERR,ERR,ERR,ERR,ERR,ERR,ERR,ERR,ERR,ERR,ERR,ERR,ERR,ERR,ERR,ERR,ERR,ERR,ERR,ERR,ERR,ERR,ERR,ERR,ERR,ERR,ERR,ERR,ERR,ERR,ERR,ERR,ERR,ERR,ERR,ERR,ERR,ERR,ERR,ERR,ERR,ERR,ERR,ERR,ERR,ERR,ERR,ERR,ERR,ERR,ERR,ERR,ERR,ERR,ERR,ERR,ERR,ERR,ERR,ERR,ERR,ERR,ERR,ERR,ERR,ERR,ERR,ERR,ERR,ERR,ERR,ERR,ERR,ERR,ERR,ERR,ERR,ERR,ERR,ERR,ERR,ERR,0.0,0.0,0.0,0.0,0.0,1.3936040501711995e+18,7.805,0.0,0,0,4,0,7116,0.0,100,0.0,0.0,0.0,0.0,0.0,0,0,0,0,0.0,0,0,0,0,0,0,0,0,0,0,0,0,0,0,0,0,0,0,0,0,0,0,0,0,0,0,0,0,0,0,0,0,0,31,40,40,71,65476,0,300,0,0,8,21553,0.0,-107605600.0,0.0,0.0,0.0,0.0,0.0,0.0,0.0,0.0,0.0,0.0,0.0,0.0,0.0,0.0,0.0,0.0,0.0,0.0,0.0,0.0,-2.004,-0.0,-0.0,-2.004,0.0,0.0,0.0,0.0,6283.0,-0.0,6929.0,0.0,0.0,2.7184303811560617e+23,0.0,0.0,0.0,0.0,0.0,69,0.0,-0.0,0.0,0.0,0.0,0.0,0.0,0.0,0.0,0,0,0,0.0,0.0,0.0,0.0,0.0,0.0,0.0,0.0,0.0,0.0,0.0,0.0,0.0,0.0,0.0,0.0,0,-107875648.0,69,0.0,138,0.0,0.0,0,13107,17040,13107,17049,13107,17043,0,0,0,70,68,100,2.7302359370752657e+23,71.2,0.0,74.2,2.7302370179391762e+23,74.0,1,49,50,180,0,52429,0,0,0.0,0.0,0.0,0.0,-0.0,67.0,0.0,162057.094,0.0,751,0,739,0,0,0,721,0,766,0,736,0,742,0,741,0,712,0,7520,0.032,78920024064.0,0.0,0.0,784,16797,-0.0,162057.094,-114818.039,-0.0,0.133,6.909358625270745e+28,30.0,65.0,35,0.0,0.0,0.0,0.0,0.0,0.0,0.0,0.0,0.0,0.0,0.0,0.0,0.0,0.0,0.0,0.0,69.2,0,150,71,55,65476,0,300,0,1,8,20529,65476,0,0,40632,65.0,0.0,0.0,0.0,0.0,0.0
2026-09-04T20:34:59,ERR,ERR,ERR,ERR,ERR,ERR,ERR,ERR,ERR,ERR,ERR,ERR,ERR,ERR,ERR,ERR,ERR,ERR,ERR,ERR,ERR,ERR,ERR,ERR,ERR,ERR,ERR,ERR,ERR,ERR,ERR,ERR,ERR,ERR,ERR,ERR,ERR,ERR,ERR,ERR,ERR,ERR,ERR,ERR,ERR,ERR,ERR,ERR,ERR,ERR,ERR,ERR,ERR,ERR,ERR,ERR,ERR,ERR,ERR,ERR,ERR,ERR,ERR,ERR,ERR,ERR,ERR,ERR,ERR,ERR,ERR,ERR,ERR,ERR,ERR,ERR,ERR,ERR,ERR,ERR,ERR,ERR,ERR,ERR,ERR,ERR,ERR,ERR,ERR,ERR,ERR,ERR,ERR,ERR,ERR,ERR,ERR,ERR,ERR,ERR,ERR,ERR,ERR,ERR,ERR,ERR,ERR,ERR,ERR,ERR,ERR,ERR,ERR,ERR,ERR,ERR,ERR,ERR,ERR,ERR,ERR,ERR,ERR,ERR,ERR,0.0,0.0,0.0,0.0,0.0,1.3936040501711995e+18,7.805,0.0,0,0,4,0,7116,0.0,100,0.0,0.0,0.0,0.0,0.0,0,0,0,0,0.0,0,0,0,0,0,0,0,0,0,0,0,0,0,0,0,0,0,0,0,0,0,0,0,0,0,0,0,0,0,0,0,0,0,31,40,40,71,65476,0,300,0,0,8,21553,0.0,-107605600.0,0.0,0.0,0.0,0.0,0.0,0.0,0.0,0.0,0.0,0.0,0.0,0.0,0.0,0.0,0.0,0.0,0.0,0.0,0.0,0.0,-2.004,-0.0,-0.0,-2.004,0.0,0.0,0.0,0.0,6283.0,-0.0,6929.0,0.0,0.0,2.7184303811560617e+23,0.0,0.0,0.0,0.0,0.0,69,0.0,-0.0,0.0,0.0,0.0,0.0,0.0,0.0,0.0,0,0,0,0.0,0.0,0.0,0.0,0.0,0.0,0.0,0.0,0.0,0.0,0.0,0.0,0.0,0.0,0.0,0.0,0,-107875648.0,69,0.0,138,0.0,0.0,0,13107,17040,13107,17049,13107,17043,0,0,0,70,68,100,2.7302359370752657e+23,71.2,0.0,74.2,2.7302370179391762e+23,74.0,1,49,50,180,0,52429,0,0,0.0,0.0,0.0,0.0,-0.0,67.0,0.0,162057.094,0.0,751,0,739,0,0,0,721,0,766,0,736,0,742,0,741,0,712,0,7520,0.032,78920024064.0,0.0,0.0,784,16797,-0.0,162057.094,-114818.039,-0.0,0.133,6.909358625270745e+28,30.0,65.0,35,0.0,0.0,0.0,0.0,0.0,0.0,0.0,0.0,0.0,0.0,0.0,0.0,0.0,0.0,0.0,0.0,69.2,0,150,71,55,65476,0,300,0,1,8,20529,65476,0,0,40632,65.0,0.0,0.0,0.0,0.0,0.0
2026-09-04T20:35:00,ERR,ERR,ERR,ERR,ERR,ERR,ERR,ERR,ERR,ERR,ERR,ERR,ERR,ERR,ERR,ERR,ERR,ERR,ERR,ERR,ERR,ERR,ERR,ERR,ERR,ERR,ERR,ERR,ERR,ERR,ERR,ERR,ERR,ERR,ERR,ERR,ERR,ERR,ERR,ERR,ERR,ERR,ERR,ERR,ERR,ERR,ERR,ERR,ERR,ERR,ERR,ERR,ERR,ERR,ERR,ERR,ERR,ERR,ERR,ERR,ERR,ERR,ERR,ERR,ERR,ERR,ERR,ERR,ERR,ERR,ERR,ERR,ERR,ERR,ERR,ERR,ERR,ERR,ERR,ERR,ERR,ERR,ERR,ERR,ERR,ERR,ERR,ERR,ERR,ERR,ERR,ERR,ERR,ERR,ERR,ERR,ERR,ERR,ERR,ERR,ERR,ERR,ERR,ERR,ERR,ERR,ERR,ERR,ERR,ERR,ERR,ERR,ERR,ERR,ERR,ERR,ERR,ERR,ERR,ERR,ERR,ERR,ERR,ERR,ERR,0.0,0.0,0.0,0.0,0.0,1.3936040501711995e+18,7.805,0.0,0,0,4,0,7116,0.0,100,0.0,0.0,0.0,0.0,0.0,0,0,0,0,0.0,0,0,0,0,0,0,0,0,0,0,0,0,0,0,0,0,0,0,0,0,0,0,0,0,0,0,0,0,0,0,0,0,0,31,40,40,71,65476,0,300,0,0,8,21553,0.0,-107605600.0,0.0,0.0,0.0,0.0,0.0,0.0,0.0,0.0,0.0,0.0,0.0,0.0,0.0,0.0,0.0,0.0,0.0,0.0,0.0,0.0,-2.004,-0.0,-0.0,-2.004,0.0,0.0,0.0,0.0,6283.0,-0.0,6929.0,0.0,0.0,2.7184303811560617e+23,0.0,0.0,0.0,0.0,0.0,69,0.0,-0.0,0.0,0.0,0.0,0.0,0.0,0.0,0.0,0,0,0,0.0,0.0,0.0,0.0,0.0,0.0,0.0,0.0,0.0,0.0,0.0,0.0,0.0,0.0,0.0,0.0,0,-107875648.0,69,0.0,138,0.0,0.0,0,13107,17040,13107,17049,13107,17043,0,0,0,70,68,100,2.7302359370752657e+23,71.2,0.0,74.2,2.7302370179391762e+23,74.0,1,49,50,180,0,52429,0,0,0.0,0.0,0.0,0.0,-0.0,67.0,0.0,162057.094,0.0,751,0,739,0,0,0,721,0,766,0,736,0,742,0,741,0,712,0,7520,0.032,78920024064.0,0.0,0.0,784,16797,-0.0,162057.094,-114818.039,-0.0,0.133,6.909358625270745e+28,30.0,65.0,35,0.0,0.0,0.0,0.0,0.0,0.0,0.0,0.0,0.0,0.0,0.0,0.0,0.0,0.0,0.0,0.0,69.2,0,150,71,55,65476,0,300,0,1,8,20529,65476,0,0,40632,65.0,0.0,0.0,0.0,0.0,0.0
2026-09-04T20:35:01,ERR,ERR,ERR,ERR,ERR,ERR,ERR,ERR,ERR,ERR,ERR,ERR,ERR,ERR,ERR,ERR,ERR,ERR,ERR,ERR,ERR,ERR,ERR,ERR,ERR,ERR,ERR,ERR,ERR,ERR,ERR,ERR,ERR,ERR,ERR,ERR,ERR,ERR,ERR,ERR,ERR,ERR,ERR,ERR,ERR,ERR,ERR,ERR,ERR,ERR,ERR,ERR,ERR,ERR,ERR,ERR,ERR,ERR,ERR,ERR,ERR,ERR,ERR,ERR,ERR,ERR,ERR,ERR,ERR,ERR,ERR,ERR,ERR,ERR,ERR,ERR,ERR,ERR,ERR,ERR,ERR,ERR,ERR,ERR,ERR,ERR,ERR,ERR,ERR,ERR,ERR,ERR,ERR,ERR,ERR,ERR,ERR,ERR,ERR,ERR,ERR,ERR,ERR,ERR,ERR,ERR,ERR,ERR,ERR,ERR,ERR,ERR,ERR,ERR,ERR,ERR,ERR,ERR,ERR,ERR,ERR,ERR,ERR,ERR,ERR,0.0,0.0,0.0,0.0,0.0,1.3936040501711995e+18,7.805,0.0,0,0,4,0,7116,0.0,100,0.0,0.0,0.0,0.0,0.0,0,0,0,0,0.0,0,0,0,0,0,0,0,0,0,0,0,0,0,0,0,0,0,0,0,0,0,0,0,0,0,0,0,0,0,0,0,0,0,31,40,40,71,65476,0,300,0,0,8,21553,0.0,-107605600.0,0.0,0.0,0.0,0.0,0.0,0.0,0.0,0.0,0.0,0.0,0.0,0.0,0.0,0.0,0.0,0.0,0.0,0.0,0.0,0.0,-2.004,-0.0,-0.0,-2.004,0.0,0.0,0.0,0.0,6284.0,-1.0406703326171292e+34,6943.0,0.0,0.0,2.7184303811560617e+23,0.0,0.0,0.0,0.0,0.0,69,0.0,0.0,0.0,0.0,0.0,0.0,0.0,0.0,0.0,0,0,0,0.0,0.0,0.0,0.0,0.0,0.0,0.0,0.0,0.0,0.0,0.0,0.0,0.0,0.0,0.0,0.0,0,-107875648.0,69,0.0,138,0.0,0.0,0,13107,17040,13107,17049,13107,17043,0,0,0,70,68,100,2.7302359370752657e+23,71.2,0.0,74.2,2.7302370179391762e+23,74.0,1,49,50,180,0,52429,0,0,0.0,0.0,0.0,0.0,-0.0,67.0,0.0,162057.094,0.0,751,0,739,0,0,0,721,0,766,0,736,0,742,0,741,0,712,0,7520,0.032,78920024064.0,0.0,0.0,784,16797,-0.0,162057.094,-114818.039,-0.0,0.133,6.909358625270745e+28,30.0,65.0,35,0.0,0.0,0.0,0.0,0.0,0.0,0.0,0.0,0.0,0.0,0.0,0.0,0.0,0.0,0.0,0.0,69.2,0,150,71,55,65476,0,300,0,1,8,20529,65476,0,0,40632,65.0,0.0,0.0,0.0,0.0,0.0
2026-09-04T20:35:02,ERR,ERR,ERR,ERR,ERR,ERR,ERR,ERR,ERR,ERR,ERR,ERR,ERR,ERR,ERR,ERR,ERR,ERR,ERR,ERR,ERR,ERR,ERR,ERR,ERR,ERR,ERR,ERR,ERR,ERR,ERR,ERR,ERR,ERR,ERR,ERR,ERR,ERR,ERR,ERR,ERR,ERR,ERR,ERR,ERR,ERR,ERR,ERR,ERR,ERR,ERR,ERR,ERR,ERR,ERR,ERR,ERR,ERR,ERR,ERR,ERR,ERR,ERR,ERR,ERR,ERR,ERR,ERR,ERR,ERR,ERR,ERR,ERR,ERR,ERR,ERR,ERR,ERR,ERR,ERR,ERR,ERR,ERR,ERR,ERR,ERR,ERR,ERR,ERR,ERR,ERR,ERR,ERR,ERR,ERR,ERR,ERR,ERR,ERR,ERR,ERR,ERR,ERR,ERR,ERR,ERR,ERR,ERR,ERR,ERR,ERR,ERR,ERR,ERR,ERR,ERR,ERR,ERR,ERR,ERR,ERR,ERR,ERR,ERR,ERR,0.0,0.0,0.0,0.0,0.0,1.3936040501711995e+18,7.805,0.0,0,0,4,0,7116,0.0,100,0.0,0.0,0.0,0.0,0.0,0,0,0,0,0.0,0,0,0,0,0,0,0,0,0,0,0,0,0,0,0,0,0,0,0,0,0,0,0,0,0,0,0,0,0,0,0,0,0,31,40,40,71,65476,0,300,0,0,8,21553,0.0,-107605600.0,0.0,0.0,0.0,0.0,0.0,0.0,0.0,0.0,0.0,0.0,0.0,0.0,0.0,0.0,0.0,0.0,0.0,0.0,0.0,0.0,-2.004,-0.0,-0.0,-2.004,0.0,0.0,0.0,0.0,6284.0,-1.0406703326171292e+34,6943.0,0.0,0.0,2.7184303811560617e+23,0.0,0.0,0.0,0.0,0.0,69,0.0,0.0,0.0,0.0,0.0,0.0,0.0,0.0,0.0,0,0,0,0.0,0.0,0.0,0.0,0.0,0.0,0.0,0.0,0.0,0.0,0.0,0.0,0.0,0.0,0.0,0.0,0,-107875648.0,69,0.0,138,0.0,0.0,0,13107,17040,13107,17049,13107,17043,0,0,0,70,68,100,2.7302359370752657e+23,71.2,0.0,74.2,2.7302370179391762e+23,74.0,1,49,50,180,0,52429,0,0,0.0,0.0,0.0,0.0,-0.0,67.0,0.0,162057.094,0.0,751,0,739,0,0,0,721,0,766,0,736,0,742,0,741,0,712,0,7520,0.032,78920024064.0,0.0,0.0,784,16797,-0.0,162057.094,-114818.039,-0.0,0.133,6.909358625270745e+28,30.0,65.0,35,0.0,0.0,0.0,0.0,0.0,0.0,0.0,0.0,0.0,0.0,0.0,0.0,0.0,0.0,0.0,0.0,69.2,0,150,71,55,65476,0,300,0,1,8,20529,65476,0,0,40632,65.0,0.0,0.0,0.0,0.0,0.0
2026-09-04T20:35:03,ERR,ERR,ERR,ERR,ERR,ERR,ERR,ERR,ERR,ERR,ERR,ERR,ERR,ERR,ERR,ERR,ERR,ERR,ERR,ERR,ERR,ERR,ERR,ERR,ERR,ERR,ERR,ERR,ERR,ERR,ERR,ERR,ERR,ERR,ERR,ERR,ERR,ERR,ERR,ERR,ERR,ERR,ERR,ERR,ERR,ERR,ERR,ERR,ERR,ERR,ERR,ERR,ERR,ERR,ERR,ERR,ERR,ERR,ERR,ERR,ERR,ERR,ERR,ERR,ERR,ERR,ERR,ERR,ERR,ERR,ERR,ERR,ERR,ERR,ERR,ERR,ERR,ERR,ERR,ERR,ERR,ERR,ERR,ERR,ERR,ERR,ERR,ERR,ERR,ERR,ERR,ERR,ERR,ERR,ERR,ERR,ERR,ERR,ERR,ERR,ERR,ERR,ERR,ERR,ERR,ERR,ERR,ERR,ERR,ERR,ERR,ERR,ERR,ERR,ERR,ERR,ERR,ERR,ERR,ERR,ERR,ERR,ERR,ERR,ERR,0.0,0.0,0.0,0.0,0.0,1.3936040501711995e+18,7.805,0.0,0,0,4,0,7116,0.0,100,0.0,0.0,0.0,0.0,0.0,0,0,0,0,0.0,0,0,0,0,0,0,0,0,0,0,0,0,0,0,0,0,0,0,0,0,0,0,0,0,0,0,0,0,0,0,0,0,0,31,40,40,71,65476,0,300,0,0,8,21553,0.0,-107605600.0,0.0,0.0,0.0,0.0,0.0,0.0,0.0,0.0,0.0,0.0,0.0,0.0,0.0,0.0,0.0,0.0,0.0,0.0,0.0,0.0,-2.004,-0.0,-0.0,-2.004,0.0,0.0,0.0,0.0,6284.0,-1.0406703326171292e+34,6943.0,0.0,0.0,2.7184303811560617e+23,0.0,0.0,0.0,0.0,0.0,69,0.0,0.0,0.0,0.0,0.0,0.0,0.0,0.0,0.0,0,0,0,0.0,0.0,0.0,0.0,0.0,0.0,0.0,0.0,0.0,0.0,0.0,0.0,0.0,0.0,0.0,0.0,0,-107875648.0,69,0.0,138,0.0,0.0,0,13107,17040,13107,17049,13107,17043,0,0,0,70,68,100,2.7302359370752657e+23,71.1,0.0,74.2,2.7302370179391762e+23,74.0,1,49,50,180,0,52429,0,0,0.0,0.0,0.0,0.0,-0.0,67.0,0.0,162057.094,0.0,750,0,739,0,0,0,721,0,766,0,736,0,742,0,741,0,712,0,7520,0.032,79456894976.0,0.0,0.0,784,16797,-0.0,162057.094,-114818.039,-0.0,0.133,6.909358625270745e+28,30.0,65.0,35,0.0,0.0,0.0,0.0,0.0,0.0,0.0,0.0,0.0,0.0,0.0,0.0,0.0,0.0,0.0,0.0,69.6,0,150,71,55,65476,0,300,0,1,8,20529,65476,0,0,40632,65.0,0.0,0.0,0.0,0.0,0.0
2026-09-04T20:35:04,ERR,ERR,ERR,ERR,ERR,ERR,ERR,ERR,ERR,ERR,ERR,ERR,ERR,ERR,ERR,ERR,ERR,ERR,ERR,ERR,ERR,ERR,ERR,ERR,ERR,ERR,ERR,ERR,ERR,ERR,ERR,ERR,ERR,ERR,ERR,ERR,ERR,ERR,ERR,ERR,ERR,ERR,ERR,ERR,ERR,ERR,ERR,ERR,ERR,ERR,ERR,ERR,ERR,ERR,ERR,ERR,ERR,ERR,ERR,ERR,ERR,ERR,ERR,ERR,ERR,ERR,ERR,ERR,ERR,ERR,ERR,ERR,ERR,ERR,ERR,ERR,ERR,ERR,ERR,ERR,ERR,ERR,ERR,ERR,ERR,ERR,ERR,ERR,ERR,ERR,ERR,ERR,ERR,ERR,ERR,ERR,ERR,ERR,ERR,ERR,ERR,ERR,ERR,ERR,ERR,ERR,ERR,ERR,ERR,ERR,ERR,ERR,ERR,ERR,ERR,ERR,ERR,ERR,ERR,ERR,ERR,ERR,ERR,ERR,ERR,0.0,0.0,0.0,0.0,0.0,1.3936040501711995e+18,7.805,0.0,0,0,4,0,7116,0.0,100,0.0,0.0,0.0,0.0,0.0,0,0,0,0,0.0,0,0,0,0,0,0,0,0,0,0,0,0,0,0,0,0,0,0,0,0,0,0,0,0,0,0,0,0,0,0,0,0,0,31,40,40,71,65476,0,300,0,0,8,21553,0.0,-107605600.0,0.0,0.0,0.0,0.0,0.0,0.0,0.0,0.0,0.0,0.0,0.0,0.0,0.0,0.0,0.0,0.0,0.0,0.0,0.0,0.0,-2.004,-0.0,-0.0,-2.004,0.0,0.0,0.0,0.0,6284.0,-1.0406703326171292e+34,6943.0,0.0,0.0,2.7184303811560617e+23,0.0,0.0,0.0,0.0,0.0,69,0.0,0.0,0.0,0.0,0.0,0.0,0.0,0.0,0.0,0,0,0,0.0,0.0,0.0,0.0,0.0,0.0,0.0,0.0,0.0,0.0,0.0,0.0,0.0,0.0,0.0,0.0,0,-107875648.0,69,0.0,138,0.0,0.0,0,13107,17040,13107,17049,13107,17043,0,0,0,70,68,100,2.7302359370752657e+23,71.1,0.0,74.2,2.7302370179391762e+23,74.0,1,49,50,180,0,52429,0,0,0.0,0.0,0.0,0.0,-0.0,67.0,0.0,162057.094,0.0,750,0,739,0,0,0,721,0,766,0,736,0,742,0,741,0,712,0,7520,0.032,79456894976.0,0.0,0.0,784,16797,-0.0,162057.094,-114818.039,-0.0,0.133,6.909358625270745e+28,30.0,65.0,35,0.0,0.0,0.0,0.0,0.0,0.0,0.0,0.0,0.0,0.0,0.0,0.0,0.0,0.0,0.0,0.0,69.6,0,150,71,55,65476,0,300,0,1,8,20529,65476,0,0,40632,65.0,0.0,0.0,0.0,0.0,0.0
2026-09-04T20:35:05,ERR,ERR,ERR,ERR,ERR,ERR,ERR,ERR,ERR,ERR,ERR,ERR,ERR,ERR,ERR,ERR,ERR,ERR,ERR,ERR,ERR,ERR,ERR,ERR,ERR,ERR,ERR,ERR,ERR,ERR,ERR,ERR,ERR,ERR,ERR,ERR,ERR,ERR,ERR,ERR,ERR,ERR,ERR,ERR,ERR,ERR,ERR,ERR,ERR,ERR,ERR,ERR,ERR,ERR,ERR,ERR,ERR,ERR,ERR,ERR,ERR,ERR,ERR,ERR,ERR,ERR,ERR,ERR,ERR,ERR,ERR,ERR,ERR,ERR,ERR,ERR,ERR,ERR,ERR,ERR,ERR,ERR,ERR,ERR,ERR,ERR,ERR,ERR,ERR,ERR,ERR,ERR,ERR,ERR,ERR,ERR,ERR,ERR,ERR,ERR,ERR,ERR,ERR,ERR,ERR,ERR,ERR,ERR,ERR,ERR,ERR,ERR,ERR,ERR,ERR,ERR,ERR,ERR,ERR,ERR,ERR,ERR,ERR,ERR,ERR,0.0,0.0,0.0,0.0,0.0,1.3936040501711995e+18,7.805,0.0,0,0,4,0,7116,0.0,100,0.0,0.0,0.0,0.0,0.0,0,0,0,0,0.0,0,0,0,0,0,0,0,0,0,0,0,0,0,0,0,0,0,0,0,0,0,0,0,0,0,0,0,0,0,0,0,0,0,31,40,40,71,65476,0,300,0,0,8,21553,0.0,-107605600.0,0.0,0.0,0.0,0.0,0.0,0.0,0.0,0.0,0.0,0.0,0.0,0.0,0.0,0.0,0.0,0.0,0.0,0.0,0.0,0.0,-2.004,-0.0,-0.0,-2.004,0.0,0.0,0.0,0.0,6284.0,-1.0406703326171292e+34,6943.0,0.0,0.0,2.7184303811560617e+23,0.0,0.0,0.0,0.0,0.0,69,0.0,0.0,0.0,0.0,0.0,0.0,0.0,0.0,0.0,0,0,0,0.0,0.0,0.0,0.0,0.0,0.0,0.0,0.0,0.0,0.0,0.0,0.0,0.0,0.0,0.0,0.0,0,-107875648.0,69,0.0,138,0.0,0.0,0,13107,17040,13107,17049,13107,17043,0,0,0,70,68,100,2.7302359370752657e+23,71.1,0.0,74.2,2.7302370179391762e+23,74.0,1,49,50,180,0,52429,0,0,0.0,0.0,0.0,0.0,-0.0,67.0,0.0,162057.094,0.0,750,0,739,0,0,0,721,0,766,0,736,0,742,0,741,0,712,0,7520,0.032,79456894976.0,0.0,0.0,784,16797,-0.0,162057.094,-114818.039,-0.0,0.133,6.909358625270745e+28,30.0,65.0,35,0.0,0.0,0.0,0.0,0.0,0.0,0.0,0.0,0.0,0.0,0.0,0.0,0.0,0.0,0.0,0.0,69.2,0,150,71,55,65476,0,300,0,1,8,20529,65476,0,0,40632,65.0,0.0,0.0,0.0,0.0,0.0
2026-09-04T20:35:06,ERR,ERR,ERR,ERR,ERR,ERR,ERR,ERR,ERR,ERR,ERR,ERR,ERR,ERR,ERR,ERR,ERR,ERR,ERR,ERR,ERR,ERR,ERR,ERR,ERR,ERR,ERR,ERR,ERR,ERR,ERR,ERR,ERR,ERR,ERR,ERR,ERR,ERR,ERR,ERR,ERR,ERR,ERR,ERR,ERR,ERR,ERR,ERR,ERR,ERR,ERR,ERR,ERR,ERR,ERR,ERR,ERR,ERR,ERR,ERR,ERR,ERR,ERR,ERR,ERR,ERR,ERR,ERR,ERR,ERR,ERR,ERR,ERR,ERR,ERR,ERR,ERR,ERR,ERR,ERR,ERR,ERR,ERR,ERR,ERR,ERR,ERR,ERR,ERR,ERR,ERR,ERR,ERR,ERR,ERR,ERR,ERR,ERR,ERR,ERR,ERR,ERR,ERR,ERR,ERR,ERR,ERR,ERR,ERR,ERR,ERR,ERR,ERR,ERR,ERR,ERR,ERR,ERR,ERR,ERR,ERR,ERR,ERR,ERR,ERR,0.0,0.0,0.0,0.0,0.0,1.3936040501711995e+18,7.805,0.0,0,0,4,0,7116,0.0,100,0.0,0.0,0.0,0.0,0.0,0,0,0,0,0.0,0,0,0,0,0,0,0,0,0,0,0,0,0,0,0,0,0,0,0,0,0,0,0,0,0,0,0,0,0,0,0,0,0,31,40,40,71,65476,0,300,0,0,8,21553,0.0,-107605600.0,0.0,0.0,0.0,0.0,0.0,0.0,0.0,0.0,0.0,0.0,0.0,0.0,0.0,0.0,0.0,0.0,0.0,0.0,0.0,0.0,-2.004,-0.0,-0.0,-2.004,0.0,0.0,0.0,0.0,6284.0,-1.0406703326171292e+34,6943.0,0.0,0.0,2.7184303811560617e+23,0.0,0.0,0.0,0.0,0.0,69,0.0,0.0,0.0,0.0,0.0,0.0,0.0,0.0,0.0,0,0,0,0.0,0.0,0.0,0.0,0.0,0.0,0.0,0.0,0.0,0.0,0.0,0.0,0.0,0.0,0.0,0.0,0,-107875648.0,69,0.0,138,0.0,0.0,0,13107,17040,13107,17049,13107,17043,0,0,0,70,68,100,2.7302359370752657e+23,71.1,0.0,74.2,2.7302370179391762e+23,74.0,1,49,50,180,0,52429,0,0,0.0,0.0,0.0,0.0,-0.0,67.0,0.0,162057.094,0.0,750,0,739,0,0,0,721,0,766,0,736,0,742,0,741,0,712,0,7520,0.032,79456894976.0,0.0,0.0,784,16797,-0.0,162057.094,-114818.039,-0.0,0.133,6.909358625270745e+28,30.0,65.0,35,0.0,0.0,0.0,0.0,0.0,0.0,0.0,0.0,0.0,0.0,0.0,0.0,0.0,0.0,0.0,0.0,69.2,0,150,71,55,65476,0,300,0,1,8,20529,65476,0,0,40632,65.0,0.0,0.0,0.0,0.0,0.0
2026-09-04T20:35:07,ERR,ERR,ERR,ERR,ERR,ERR,ERR,ERR,ERR,ERR,ERR,ERR,ERR,ERR,ERR,ERR,ERR,ERR,ERR,ERR,ERR,ERR,ERR,ERR,ERR,ERR,ERR,ERR,ERR,ERR,ERR,ERR,ERR,ERR,ERR,ERR,ERR,ERR,ERR,ERR,ERR,ERR,ERR,ERR,ERR,ERR,ERR,ERR,ERR,ERR,ERR,ERR,ERR,ERR,ERR,ERR,ERR,ERR,ERR,ERR,ERR,ERR,ERR,ERR,ERR,ERR,ERR,ERR,ERR,ERR,ERR,ERR,ERR,ERR,ERR,ERR,ERR,ERR,ERR,ERR,ERR,ERR,ERR,ERR,ERR,ERR,ERR,ERR,ERR,ERR,ERR,ERR,ERR,ERR,ERR,ERR,ERR,ERR,ERR,ERR,ERR,ERR,ERR,ERR,ERR,ERR,ERR,ERR,ERR,ERR,ERR,ERR,ERR,ERR,ERR,ERR,ERR,ERR,ERR,ERR,ERR,ERR,ERR,ERR,ERR,0.0,0.0,0.0,0.0,0.0,1.3936040501711995e+18,7.805,0.0,0,0,4,0,7116,0.0,100,0.0,0.0,0.0,0.0,0.0,0,0,0,0,0.0,0,0,0,0,0,0,0,0,0,0,0,0,0,0,0,0,0,0,0,0,0,0,0,0,0,0,0,0,0,0,0,0,0,31,40,40,71,65476,0,300,0,0,8,21553,0.0,-107605600.0,0.0,0.0,0.0,0.0,0.0,0.0,0.0,0.0,0.0,0.0,0.0,0.0,0.0,0.0,0.0,0.0,0.0,0.0,0.0,0.0,-2.004,-0.0,-0.0,-2.004,0.0,0.0,0.0,0.0,6284.0,-1.0406703326171292e+34,6943.0,0.0,0.0,2.7184303811560617e+23,0.0,0.0,0.0,0.0,0.0,69,0.0,0.0,0.0,0.0,0.0,0.0,0.0,0.0,0.0,0,0,0,0.0,0.0,0.0,0.0,0.0,0.0,0.0,0.0,0.0,0.0,0.0,0.0,0.0,0.0,0.0,0.0,0,-107875648.0,69,0.0,138,0.0,0.0,0,13107,17040,13107,17049,13107,17043,0,0,0,70,68,100,2.7302359370752657e+23,71.1,0.0,74.2,2.7302370179391762e+23,74.0,1,49,50,180,0,52429,0,0,0.0,0.0,0.0,0.0,-0.0,67.0,0.0,162057.094,0.0,750,0,739,0,0,0,721,0,766,0,736,0,742,0,741,0,712,0,7520,0.032,79456894976.0,0.0,0.0,784,16797,-0.0,162057.094,-114818.039,-0.0,0.133,6.909358625270745e+28,30.0,65.0,35,0.0,0.0,0.0,0.0,0.0,0.0,0.0,0.0,0.0,0.0,0.0,0.0,0.0,0.0,0.0,0.0,69.2,0,150,71,55,65476,0,300,0,1,8,20529,65476,0,0,40632,65.0,0.0,0.0,0.0,0.0,0.0
2026-09-04T20:35:08,ERR,ERR,ERR,ERR,ERR,ERR,ERR,ERR,ERR,ERR,ERR,ERR,ERR,ERR,ERR,ERR,ERR,ERR,ERR,ERR,ERR,ERR,ERR,ERR,ERR,ERR,ERR,ERR,ERR,ERR,ERR,ERR,ERR,ERR,ERR,ERR,ERR,ERR,ERR,ERR,ERR,ERR,ERR,ERR,ERR,ERR,ERR,ERR,ERR,ERR,ERR,ERR,ERR,ERR,ERR,ERR,ERR,ERR,ERR,ERR,ERR,ERR,ERR,ERR,ERR,ERR,ERR,ERR,ERR,ERR,ERR,ERR,ERR,ERR,ERR,ERR,ERR,ERR,ERR,ERR,ERR,ERR,ERR,ERR,ERR,ERR,ERR,ERR,ERR,ERR,ERR,ERR,ERR,ERR,ERR,ERR,ERR,ERR,ERR,ERR,ERR,ERR,ERR,ERR,ERR,ERR,ERR,ERR,ERR,ERR,ERR,ERR,ERR,ERR,ERR,ERR,ERR,ERR,ERR,ERR,ERR,ERR,ERR,ERR,ERR,0.0,0.0,0.0,0.0,0.0,1.3936040501711995e+18,7.805,0.0,0,0,4,0,7116,0.0,100,0.0,0.0,0.0,0.0,0.0,0,0,0,0,0.0,0,0,0,0,0,0,0,0,0,0,0,0,0,0,0,0,0,0,0,0,0,0,0,0,0,0,0,0,0,0,0,0,0,31,40,40,71,65476,0,300,0,0,8,21553,0.0,-107605600.0,0.0,0.0,0.0,0.0,0.0,0.0,0.0,0.0,0.0,0.0,0.0,0.0,0.0,0.0,0.0,0.0,0.0,0.0,0.0,0.0,-2.004,-0.0,-0.0,-2.004,0.0,0.0,0.0,0.0,6315.0,0.0,6913.0,0.0,0.0,2.7184303811560617e+23,0.0,0.0,0.0,0.0,0.0,69,-5.848086186001959e+35,0.0,0.0,0.0,0.0,0.0,0.0,0.0,0.0,0,0,0,0.0,0.0,0.0,0.0,0.0,0.0,0.0,0.0,0.0,0.0,0.0,0.0,0.0,0.0,0.0,0.0,0,-107875648.0,69,0.0,138,0.0,0.0,0,13107,17040,13107,17049,13107,17043,0,0,0,70,68,100,2.7302359370752657e+23,71.1,2.7302370179391762e+23,74.2,2.7302370179391762e+23,74.0,1,49,50,180,0,52429,0,0,0.0,0.0,0.0,0.0,-0.0,67.0,0.0,162057.094,0.0,750,0,739,0,0,0,721,0,766,0,736,0,742,0,742,0,712,0,7520,0.032,79993765888.0,0.0,0.0,784,16797,-0.0,162057.094,-114818.039,-0.0,0.133,6.909358625270745e+28,30.0,65.0,35,0.0,0.0,0.0,0.0,0.0,0.0,0.0,0.0,0.0,0.0,0.0,0.0,0.0,0.0,0.0,0.0,69.2,0,150,71,55,65476,0,300,0,1,8,20529,65476,0,0,40632,65.0,0.0,0.0,0.0,0.0,0.0
2026-09-04T20:35:09,ERR,ERR,ERR,ERR,ERR,ERR,ERR,ERR,ERR,ERR,ERR,ERR,ERR,ERR,ERR,ERR,ERR,ERR,ERR,ERR,ERR,ERR,ERR,ERR,ERR,ERR,ERR,ERR,ERR,ERR,ERR,ERR,ERR,ERR,ERR,ERR,ERR,ERR,ERR,ERR,ERR,ERR,ERR,ERR,ERR,ERR,ERR,ERR,ERR,ERR,ERR,ERR,ERR,ERR,ERR,ERR,ERR,ERR,ERR,ERR,ERR,ERR,ERR,ERR,ERR,ERR,ERR,ERR,ERR,ERR,ERR,ERR,ERR,ERR,ERR,ERR,ERR,ERR,ERR,ERR,ERR,ERR,ERR,ERR,ERR,ERR,ERR,ERR,ERR,ERR,ERR,ERR,ERR,ERR,ERR,ERR,ERR,ERR,ERR,ERR,ERR,ERR,ERR,ERR,ERR,ERR,ERR,ERR,ERR,ERR,ERR,ERR,ERR,ERR,ERR,ERR,ERR,ERR,ERR,ERR,ERR,ERR,ERR,ERR,ERR,0.0,0.0,0.0,0.0,0.0,1.3936040501711995e+18,7.805,0.0,0,0,4,0,7116,0.0,100,0.0,0.0,0.0,0.0,0.0,0,0,0,0,0.0,0,0,0,0,0,0,0,0,0,0,0,0,0,0,0,0,0,0,0,0,0,0,0,0,0,0,0,0,0,0,0,0,0,31,40,40,71,65476,0,300,0,0,8,21553,0.0,-107605600.0,0.0,0.0,0.0,0.0,0.0,0.0,0.0,0.0,0.0,0.0,0.0,0.0,0.0,0.0,0.0,0.0,0.0,0.0,0.0,0.0,-2.004,-0.0,-0.0,-2.004,0.0,0.0,0.0,0.0,6315.0,0.0,6913.0,0.0,0.0,2.7184303811560617e+23,0.0,0.0,0.0,0.0,0.0,69,-5.848086186001959e+35,0.0,0.0,0.0,0.0,0.0,0.0,0.0,0.0,0,0,0,0.0,0.0,0.0,0.0,0.0,0.0,0.0,0.0,0.0,0.0,0.0,0.0,0.0,0.0,0.0,0.0,0,-107875648.0,69,0.0,138,0.0,0.0,0,13107,17040,13107,17049,13107,17043,0,0,0,70,68,100,2.7302359370752657e+23,71.1,2.7302370179391762e+23,74.2,2.7302370179391762e+23,74.0,1,49,50,180,0,52429,0,0,0.0,0.0,0.0,0.0,-0.0,67.0,0.0,162057.094,0.0,750,0,739,0,0,0,721,0,766,0,736,0,742,0,742,0,712,0,7520,0.032,79993765888.0,0.0,0.0,784,16797,-0.0,162057.094,-114818.039,-0.0,0.133,6.909358625270745e+28,30.0,65.0,35,0.0,0.0,0.0,0.0,0.0,0.0,0.0,0.0,0.0,0.0,0.0,0.0,0.0,0.0,0.0,0.0,69.2,0,150,71,55,65476,0,300,0,1,8,20529,65476,0,0,40632,65.0,0.0,0.0,0.0,0.0,0.0
2026-09-04T20:35:10,ERR,ERR,ERR,ERR,ERR,ERR,ERR,ERR,ERR,ERR,ERR,ERR,ERR,ERR,ERR,ERR,ERR,ERR,ERR,ERR,ERR,ERR,ERR,ERR,ERR,ERR,ERR,ERR,ERR,ERR,ERR,ERR,ERR,ERR,ERR,ERR,ERR,ERR,ERR,ERR,ERR,ERR,ERR,ERR,ERR,ERR,ERR,ERR,ERR,ERR,ERR,ERR,ERR,ERR,ERR,ERR,ERR,ERR,ERR,ERR,ERR,ERR,ERR,ERR,ERR,ERR,ERR,ERR,ERR,ERR,ERR,ERR,ERR,ERR,ERR,ERR,ERR,ERR,ERR,ERR,ERR,ERR,ERR,ERR,ERR,ERR,ERR,ERR,ERR,ERR,ERR,ERR,ERR,ERR,ERR,ERR,ERR,ERR,ERR,ERR,ERR,ERR,ERR,ERR,ERR,ERR,ERR,ERR,ERR,ERR,ERR,ERR,ERR,ERR,ERR,ERR,ERR,ERR,ERR,ERR,ERR,ERR,ERR,ERR,ERR,0.0,0.0,0.0,0.0,0.0,1.3936040501711995e+18,7.805,0.0,0,0,4,0,7116,0.0,100,0.0,0.0,0.0,0.0,0.0,0,0,0,0,0.0,0,0,0,0,0,0,0,0,0,0,0,0,0,0,0,0,0,0,0,0,0,0,0,0,0,0,0,0,0,0,0,0,0,31,40,40,71,65476,0,300,0,0,8,21553,0.0,-107605600.0,0.0,0.0,0.0,0.0,0.0,0.0,0.0,0.0,0.0,0.0,0.0,0.0,0.0,0.0,0.0,0.0,0.0,0.0,0.0,0.0,-2.004,-0.0,-0.0,-2.004,0.0,0.0,0.0,0.0,6315.0,0.0,6913.0,0.0,0.0,2.7184303811560617e+23,0.0,0.0,0.0,0.0,0.0,69,-5.848086186001959e+35,0.0,0.0,0.0,0.0,0.0,0.0,0.0,0.0,0,0,0,0.0,0.0,0.0,0.0,0.0,0.0,0.0,0.0,0.0,0.0,0.0,0.0,0.0,0.0,0.0,0.0,0,-107875648.0,69,0.0,138,0.0,0.0,0,13107,17040,13107,17049,13107,17043,0,0,0,70,68,100,2.7302359370752657e+23,71.1,2.7302370179391762e+23,74.2,2.7302370179391762e+23,74.0,1,49,50,180,0,52429,0,0,0.0,0.0,0.0,0.0,-0.0,67.0,0.0,162057.094,0.0,750,0,739,0,0,0,721,0,766,0,736,0,742,0,742,0,712,0,7520,0.032,79993765888.0,0.0,0.0,784,16797,-0.0,162057.094,-114818.039,-0.0,0.133,6.909358625270745e+28,30.0,65.0,35,0.0,0.0,0.0,0.0,0.0,0.0,0.0,0.0,0.0,0.0,0.0,0.0,0.0,0.0,0.0,0.0,69.2,0,150,71,55,65476,0,300,0,1,8,20529,65476,0,0,40632,65.0,0.0,0.0,0.0,0.0,0.0
2026-09-04T20:35:11,ERR,ERR,ERR,ERR,ERR,ERR,ERR,ERR,ERR,ERR,ERR,ERR,ERR,ERR,ERR,ERR,ERR,ERR,ERR,ERR,ERR,ERR,ERR,ERR,ERR,ERR,ERR,ERR,ERR,ERR,ERR,ERR,ERR,ERR,ERR,ERR,ERR,ERR,ERR,ERR,ERR,ERR,ERR,ERR,ERR,ERR,ERR,ERR,ERR,ERR,ERR,ERR,ERR,ERR,ERR,ERR,ERR,ERR,ERR,ERR,ERR,ERR,ERR,ERR,ERR,ERR,ERR,ERR,ERR,ERR,ERR,ERR,ERR,ERR,ERR,ERR,ERR,ERR,ERR,ERR,ERR,ERR,ERR,ERR,ERR,ERR,ERR,ERR,ERR,ERR,ERR,ERR,ERR,ERR,ERR,ERR,ERR,ERR,ERR,ERR,ERR,ERR,ERR,ERR,ERR,ERR,ERR,ERR,ERR,ERR,ERR,ERR,ERR,ERR,ERR,ERR,ERR,ERR,ERR,ERR,ERR,ERR,ERR,ERR,ERR,0.0,0.0,0.0,0.0,0.0,1.3936040501711995e+18,7.805,0.0,0,0,4,0,7116,0.0,100,0.0,0.0,0.0,0.0,0.0,0,0,0,0,0.0,0,0,0,0,0,0,0,0,0,0,0,0,0,0,0,0,0,0,0,0,0,0,0,0,0,0,0,0,0,0,0,0,0,31,40,40,71,65476,0,300,0,0,8,21553,0.0,-107605600.0,0.0,0.0,0.0,0.0,0.0,0.0,0.0,0.0,0.0,0.0,0.0,0.0,0.0,0.0,0.0,0.0,0.0,0.0,0.0,0.0,-2.004,-0.0,-0.0,-2.004,0.0,0.0,0.0,0.0,6315.0,0.0,6913.0,0.0,0.0,2.7184303811560617e+23,0.0,0.0,0.0,0.0,0.0,69,-5.848086186001959e+35,0.0,0.0,0.0,0.0,0.0,0.0,0.0,0.0,0,0,0,0.0,0.0,0.0,0.0,0.0,0.0,0.0,0.0,0.0,0.0,0.0,0.0,0.0,0.0,0.0,0.0,0,-107875648.0,69,0.0,138,0.0,0.0,0,13107,17040,13107,17049,13107,17043,0,0,0,70,68,100,2.7302359370752657e+23,71.1,2.7302370179391762e+23,74.2,2.7302370179391762e+23,74.0,1,49,50,180,0,52429,0,0,0.0,0.0,0.0,0.0,-0.0,67.0,0.0,162057.094,0.0,750,0,739,0,0,0,721,0,766,0,736,0,742,0,742,0,712,0,7520,0.032,79993765888.0,0.0,0.0,784,16797,-0.0,162057.094,-114818.039,-0.0,0.133,6.909358625270745e+28,30.0,65.0,35,0.0,0.0,0.0,0.0,0.0,0.0,0.0,0.0,0.0,0.0,0.0,0.0,0.0,0.0,0.0,0.0,69.2,0,150,71,55,65476,0,300,0,1,8,20529,65476,0,0,40632,65.0,0.0,0.0,0.0,0.0,0.0
2026-09-04T20:35:12,ERR,ERR,ERR,ERR,ERR,ERR,ERR,ERR,ERR,ERR,ERR,ERR,ERR,ERR,ERR,ERR,ERR,ERR,ERR,ERR,ERR,ERR,ERR,ERR,ERR,ERR,ERR,ERR,ERR,ERR,ERR,ERR,ERR,ERR,ERR,ERR,ERR,ERR,ERR,ERR,ERR,ERR,ERR,ERR,ERR,ERR,ERR,ERR,ERR,ERR,ERR,ERR,ERR,ERR,ERR,ERR,ERR,ERR,ERR,ERR,ERR,ERR,ERR,ERR,ERR,ERR,ERR,ERR,ERR,ERR,ERR,ERR,ERR,ERR,ERR,ERR,ERR,ERR,ERR,ERR,ERR,ERR,ERR,ERR,ERR,ERR,ERR,ERR,ERR,ERR,ERR,ERR,ERR,ERR,ERR,ERR,ERR,ERR,ERR,ERR,ERR,ERR,ERR,ERR,ERR,ERR,ERR,ERR,ERR,ERR,ERR,ERR,ERR,ERR,ERR,ERR,ERR,ERR,ERR,ERR,ERR,ERR,ERR,ERR,ERR,0.0,0.0,0.0,0.0,0.0,1.3936040501711995e+18,7.805,0.0,0,0,4,0,7116,0.0,100,0.0,0.0,0.0,0.0,0.0,0,0,0,0,0.0,0,0,0,0,0,0,0,0,0,0,0,0,0,0,0,0,0,0,0,0,0,0,0,0,0,0,0,0,0,0,0,0,0,31,40,40,71,65476,0,300,0,0,8,21553,0.0,-107605600.0,0.0,0.0,0.0,0.0,0.0,0.0,0.0,0.0,0.0,0.0,0.0,0.0,0.0,0.0,0.0,0.0,0.0,0.0,0.0,0.0,-2.004,-0.0,-0.0,-2.004,0.0,0.0,0.0,0.0,6315.0,0.0,6913.0,0.0,0.0,2.7184303811560617e+23,0.0,0.0,0.0,0.0,0.0,69,-5.848086186001959e+35,0.0,0.0,0.0,0.0,0.0,0.0,0.0,0.0,0,0,0,0.0,0.0,0.0,0.0,0.0,0.0,0.0,0.0,0.0,0.0,0.0,0.0,0.0,0.0,0.0,0.0,0,-107875648.0,69,0.0,138,0.0,0.0,0,13107,17040,13107,17049,13107,17043,0,0,0,70,68,100,2.7302359370752657e+23,71.1,2.7302370179391762e+23,74.2,2.7302370179391762e+23,74.0,1,49,50,180,0,52429,0,0,0.0,0.0,0.0,0.0,-0.0,67.0,0.0,162057.094,0.0,750,0,739,0,0,0,721,0,766,0,736,0,742,0,742,0,712,0,7520,0.032,79993765888.0,0.0,0.0,784,16797,-0.0,162057.094,-114818.039,-0.0,0.133,6.909358625270745e+28,30.0,65.0,35,0.0,0.0,0.0,0.0,0.0,0.0,0.0,0.0,0.0,0.0,0.0,0.0,0.0,0.0,0.0,0.0,69.6,0,150,71,55,65476,0,300,0,1,8,20529,65476,0,0,40632,65.0,0.0,0.0,0.0,0.0,0.0
2026-09-04T20:35:13,ERR,ERR,ERR,ERR,ERR,ERR,ERR,ERR,ERR,ERR,ERR,ERR,ERR,ERR,ERR,ERR,ERR,ERR,ERR,ERR,ERR,ERR,ERR,ERR,ERR,ERR,ERR,ERR,ERR,ERR,ERR,ERR,ERR,ERR,ERR,ERR,ERR,ERR,ERR,ERR,ERR,ERR,ERR,ERR,ERR,ERR,ERR,ERR,ERR,ERR,ERR,ERR,ERR,ERR,ERR,ERR,ERR,ERR,ERR,ERR,ERR,ERR,ERR,ERR,ERR,ERR,ERR,ERR,ERR,ERR,ERR,ERR,ERR,ERR,ERR,ERR,ERR,ERR,ERR,ERR,ERR,ERR,ERR,ERR,ERR,ERR,ERR,ERR,ERR,ERR,ERR,ERR,ERR,ERR,ERR,ERR,ERR,ERR,ERR,ERR,ERR,ERR,ERR,ERR,ERR,ERR,ERR,ERR,ERR,ERR,ERR,ERR,ERR,ERR,ERR,ERR,ERR,ERR,ERR,ERR,ERR,ERR,ERR,ERR,ERR,0.0,0.0,0.0,0.0,0.0,1.3936040501711995e+18,7.805,0.0,0,0,4,0,7116,0.0,100,0.0,0.0,0.0,0.0,0.0,0,0,0,0,0.0,0,0,0,0,0,0,0,0,0,0,0,0,0,0,0,0,0,0,0,0,0,0,0,0,0,0,0,0,0,0,0,0,0,31,40,40,71,65476,0,300,0,0,8,21553,0.0,-107605600.0,0.0,0.0,0.0,0.0,0.0,0.0,0.0,0.0,0.0,0.0,0.0,0.0,0.0,0.0,0.0,0.0,0.0,0.0,0.0,0.0,-2.004,-0.0,-0.0,-2.004,0.0,0.0,0.0,0.0,6315.0,0.0,6913.0,0.0,0.0,2.7184303811560617e+23,0.0,0.0,0.0,0.0,0.0,69,-5.848086186001959e+35,0.0,0.0,0.0,0.0,0.0,0.0,0.0,0.0,0,0,0,0.0,0.0,0.0,0.0,0.0,0.0,0.0,0.0,0.0,0.0,0.0,0.0,0.0,0.0,0.0,0.0,0,-107875648.0,69,0.0,138,0.0,0.0,0,13107,17040,13107,17049,13107,17043,0,0,0,70,68,100,2.7302359370752657e+23,71.1,0.0,74.2,2.7302370179391762e+23,74.0,1,49,50,180,0,52429,0,0,0.0,0.0,0.0,0.0,-0.0,67.0,0.0,162057.094,0.0,750,0,739,0,0,0,721,0,766,0,736,0,742,0,741,0,712,0,7520,0.032,78920024064.0,0.0,0.0,784,16797,-0.0,162057.094,-114818.039,-0.0,0.133,6.909358625270745e+28,30.0,65.0,35,0.0,0.0,0.0,0.0,0.0,0.0,0.0,0.0,0.0,0.0,0.0,0.0,0.0,0.0,0.0,0.0,69.6,0,150,71,55,65476,0,300,0,1,8,20529,65476,0,0,40632,65.0,0.0,0.0,0.0,0.0,0.0
2026-09-04T20:35:14,ERR,ERR,ERR,ERR,ERR,ERR,ERR,ERR,ERR,ERR,ERR,ERR,ERR,ERR,ERR,ERR,ERR,ERR,ERR,ERR,ERR,ERR,ERR,ERR,ERR,ERR,ERR,ERR,ERR,ERR,ERR,ERR,ERR,ERR,ERR,ERR,ERR,ERR,ERR,ERR,ERR,ERR,ERR,ERR,ERR,ERR,ERR,ERR,ERR,ERR,ERR,ERR,ERR,ERR,ERR,ERR,ERR,ERR,ERR,ERR,ERR,ERR,ERR,ERR,ERR,ERR,ERR,ERR,ERR,ERR,ERR,ERR,ERR,ERR,ERR,ERR,ERR,ERR,ERR,ERR,ERR,ERR,ERR,ERR,ERR,ERR,ERR,ERR,ERR,ERR,ERR,ERR,ERR,ERR,ERR,ERR,ERR,ERR,ERR,ERR,ERR,ERR,ERR,ERR,ERR,ERR,ERR,ERR,ERR,ERR,ERR,ERR,ERR,ERR,ERR,ERR,ERR,ERR,ERR,ERR,ERR,ERR,ERR,ERR,ERR,0.0,0.0,0.0,0.0,0.0,1.3936040501711995e+18,7.805,0.0,0,0,4,0,7116,0.0,100,0.0,0.0,0.0,0.0,0.0,0,0,0,0,0.0,0,0,0,0,0,0,0,0,0,0,0,0,0,0,0,0,0,0,0,0,0,0,0,0,0,0,0,0,0,0,0,0,0,31,40,40,71,65476,0,300,0,0,8,21553,0.0,-107605600.0,0.0,0.0,0.0,0.0,0.0,0.0,0.0,0.0,0.0,0.0,0.0,0.0,0.0,0.0,0.0,0.0,0.0,0.0,0.0,0.0,-2.004,-0.0,-0.0,-2.004,0.0,0.0,0.0,0.0,6315.0,0.0,6913.0,0.0,0.0,2.7184303811560617e+23,0.0,0.0,0.0,0.0,0.0,69,-5.848086186001959e+35,0.0,0.0,0.0,0.0,0.0,0.0,0.0,0.0,0,0,0,0.0,0.0,0.0,0.0,0.0,0.0,0.0,0.0,0.0,0.0,0.0,0.0,0.0,0.0,0.0,0.0,0,-107875648.0,69,0.0,138,0.0,0.0,0,13107,17040,13107,17049,13107,17043,0,0,0,70,68,100,2.7302359370752657e+23,71.1,0.0,74.2,2.7302370179391762e+23,74.0,1,49,50,180,0,52429,0,0,0.0,0.0,0.0,0.0,-0.0,67.0,0.0,162057.094,0.0,750,0,739,0,0,0,721,0,766,0,736,0,742,0,741,0,712,0,7520,0.032,78920024064.0,0.0,0.0,784,16797,-0.0,162057.094,-114818.039,-0.0,0.133,6.909358625270745e+28,30.0,65.0,35,0.0,0.0,0.0,0.0,0.0,0.0,0.0,0.0,0.0,0.0,0.0,0.0,0.0,0.0,0.0,0.0,69.6,0,150,71,55,65476,0,300,0,1,8,20529,65476,0,0,40632,65.0,0.0,0.0,0.0,0.0,0.0
2026-09-04T20:35:15,ERR,ERR,ERR,ERR,ERR,ERR,ERR,ERR,ERR,ERR,ERR,ERR,ERR,ERR,ERR,ERR,ERR,ERR,ERR,ERR,ERR,ERR,ERR,ERR,ERR,ERR,ERR,ERR,ERR,ERR,ERR,ERR,ERR,ERR,ERR,ERR,ERR,ERR,ERR,ERR,ERR,ERR,ERR,ERR,ERR,ERR,ERR,ERR,ERR,ERR,ERR,ERR,ERR,ERR,ERR,ERR,ERR,ERR,ERR,ERR,ERR,ERR,ERR,ERR,ERR,ERR,ERR,ERR,ERR,ERR,ERR,ERR,ERR,ERR,ERR,ERR,ERR,ERR,ERR,ERR,ERR,ERR,ERR,ERR,ERR,ERR,ERR,ERR,ERR,ERR,ERR,ERR,ERR,ERR,ERR,ERR,ERR,ERR,ERR,ERR,ERR,ERR,ERR,ERR,ERR,ERR,ERR,ERR,ERR,ERR,ERR,ERR,ERR,ERR,ERR,ERR,ERR,ERR,ERR,ERR,ERR,ERR,ERR,ERR,ERR,0.0,0.0,0.0,0.0,0.0,1.3936040501711995e+18,7.805,0.0,0,0,4,0,7116,0.0,100,0.0,0.0,0.0,0.0,0.0,0,0,0,0,0.0,0,0,0,0,0,0,0,0,0,0,0,0,0,0,0,0,0,0,0,0,0,0,0,0,0,0,0,0,0,0,0,0,0,31,40,40,71,65476,0,300,0,0,8,21553,0.0,-107605600.0,0.0,0.0,0.0,0.0,0.0,0.0,0.0,0.0,0.0,0.0,0.0,0.0,0.0,0.0,0.0,0.0,0.0,0.0,0.0,0.0,-2.004,-0.0,-0.0,-2.004,0.0,0.0,0.0,0.0,6284.0,-0.0,6933.0,0.0,0.0,2.7184303811560617e+23,0.0,0.0,0.0,0.0,0.0,69,0.0,-0.0,0.0,0.0,0.0,0.0,0.0,0.0,0.0,0,0,0,0.0,0.0,0.0,0.0,0.0,0.0,0.0,0.0,0.0,0.0,0.0,0.0,0.0,0.0,0.0,0.0,0,-107875648.0,69,0.0,138,0.0,0.0,0,13107,17040,13107,17049,13107,17043,0,0,0,70,68,100,2.7302359370752657e+23,71.1,0.0,74.2,2.7302370179391762e+23,74.0,1,49,50,180,0,52429,0,0,0.0,0.0,0.0,0.0,-0.0,67.0,0.0,162057.094,0.0,750,0,739,0,0,0,721,0,766,0,736,0,742,0,741,0,712,0,7520,0.032,78920024064.0,0.0,0.0,784,16797,-0.0,162057.094,-114818.039,-0.0,0.133,6.909358625270745e+28,30.0,65.0,35,0.0,0.0,0.0,0.0,0.0,0.0,0.0,0.0,0.0,0.0,0.0,0.0,0.0,0.0,0.0,0.0,69.6,0,150,71,55,65476,0,300,0,1,8,20529,65476,0,0,40632,65.0,0.0,0.0,0.0,0.0,0.0
2026-09-04T20:35:16,ERR,ERR,ERR,ERR,ERR,ERR,ERR,ERR,ERR,ERR,ERR,ERR,ERR,ERR,ERR,ERR,ERR,ERR,ERR,ERR,ERR,ERR,ERR,ERR,ERR,ERR,ERR,ERR,ERR,ERR,ERR,ERR,ERR,ERR,ERR,ERR,ERR,ERR,ERR,ERR,ERR,ERR,ERR,ERR,ERR,ERR,ERR,ERR,ERR,ERR,ERR,ERR,ERR,ERR,ERR,ERR,ERR,ERR,ERR,ERR,ERR,ERR,ERR,ERR,ERR,ERR,ERR,ERR,ERR,ERR,ERR,ERR,ERR,ERR,ERR,ERR,ERR,ERR,ERR,ERR,ERR,ERR,ERR,ERR,ERR,ERR,ERR,ERR,ERR,ERR,ERR,ERR,ERR,ERR,ERR,ERR,ERR,ERR,ERR,ERR,ERR,ERR,ERR,ERR,ERR,ERR,ERR,ERR,ERR,ERR,ERR,ERR,ERR,ERR,ERR,ERR,ERR,ERR,ERR,ERR,ERR,ERR,ERR,ERR,ERR,0.0,0.0,0.0,0.0,0.0,1.3936040501711995e+18,7.805,0.0,0,0,4,0,7116,0.0,100,0.0,0.0,0.0,0.0,0.0,0,0,0,0,0.0,0,0,0,0,0,0,0,0,0,0,0,0,0,0,0,0,0,0,0,0,0,0,0,0,0,0,0,0,0,0,0,0,0,31,40,40,71,65476,0,300,0,0,8,21553,0.0,-107605600.0,0.0,0.0,0.0,0.0,0.0,0.0,0.0,0.0,0.0,0.0,0.0,0.0,0.0,0.0,0.0,0.0,0.0,0.0,0.0,0.0,-2.004,-0.0,-0.0,-2.004,0.0,0.0,0.0,0.0,6284.0,-0.0,6933.0,0.0,0.0,2.7184303811560617e+23,0.0,0.0,0.0,0.0,0.0,69,0.0,-0.0,0.0,0.0,0.0,0.0,0.0,0.0,0.0,0,0,0,0.0,0.0,0.0,0.0,0.0,0.0,0.0,0.0,0.0,0.0,0.0,0.0,0.0,0.0,0.0,0.0,0,-107875648.0,69,0.0,138,0.0,0.0,0,13107,17040,13107,17049,13107,17043,0,0,0,70,68,100,2.7302359370752657e+23,71.1,0.0,74.2,2.7302370179391762e+23,74.0,1,49,50,180,0,52429,0,0,0.0,0.0,0.0,0.0,-0.0,67.0,0.0,162057.094,0.0,750,0,739,0,0,0,721,0,766,0,736,0,742,0,741,0,712,0,7520,0.032,78920024064.0,0.0,0.0,784,16797,-0.0,162057.094,-114818.039,-0.0,0.133,6.909358625270745e+28,30.0,65.0,35,0.0,0.0,0.0,0.0,0.0,0.0,0.0,0.0,0.0,0.0,0.0,0.0,0.0,0.0,0.0,0.0,69.6,0,150,71,55,65476,0,300,0,1,8,20529,65476,0,0,40632,65.0,0.0,0.0,0.0,0.0,0.0
2026-09-04T20:35:17,ERR,ERR,ERR,ERR,ERR,ERR,ERR,ERR,ERR,ERR,ERR,ERR,ERR,ERR,ERR,ERR,ERR,ERR,ERR,ERR,ERR,ERR,ERR,ERR,ERR,ERR,ERR,ERR,ERR,ERR,ERR,ERR,ERR,ERR,ERR,ERR,ERR,ERR,ERR,ERR,ERR,ERR,ERR,ERR,ERR,ERR,ERR,ERR,ERR,ERR,ERR,ERR,ERR,ERR,ERR,ERR,ERR,ERR,ERR,ERR,ERR,ERR,ERR,ERR,ERR,ERR,ERR,ERR,ERR,ERR,ERR,ERR,ERR,ERR,ERR,ERR,ERR,ERR,ERR,ERR,ERR,ERR,ERR,ERR,ERR,ERR,ERR,ERR,ERR,ERR,ERR,ERR,ERR,ERR,ERR,ERR,ERR,ERR,ERR,ERR,ERR,ERR,ERR,ERR,ERR,ERR,ERR,ERR,ERR,ERR,ERR,ERR,ERR,ERR,ERR,ERR,ERR,ERR,ERR,ERR,ERR,ERR,ERR,ERR,ERR,0.0,0.0,0.0,0.0,0.0,1.3936040501711995e+18,7.805,0.0,0,0,4,0,7116,0.0,100,0.0,0.0,0.0,0.0,0.0,0,0,0,0,0.0,0,0,0,0,0,0,0,0,0,0,0,0,0,0,0,0,0,0,0,0,0,0,0,0,0,0,0,0,0,0,0,0,0,31,40,40,71,65476,0,300,0,0,8,21553,0.0,-107605600.0,0.0,0.0,0.0,0.0,0.0,0.0,0.0,0.0,0.0,0.0,0.0,0.0,0.0,0.0,0.0,0.0,0.0,0.0,0.0,0.0,-2.004,-0.0,-0.0,-2.004,0.0,0.0,0.0,0.0,6284.0,-0.0,6933.0,0.0,0.0,2.7184303811560617e+23,0.0,0.0,0.0,0.0,0.0,69,0.0,-0.0,0.0,0.0,0.0,0.0,0.0,0.0,0.0,0,0,0,0.0,0.0,0.0,0.0,0.0,0.0,0.0,0.0,0.0,0.0,0.0,0.0,0.0,0.0,0.0,0.0,0,-107875648.0,69,0.0,138,0.0,0.0,0,13107,17040,13107,17049,13107,17043,0,0,0,70,68,100,2.7302359370752657e+23,71.1,0.0,74.2,2.7302370179391762e+23,74.0,1,49,50,180,0,52429,0,0,0.0,0.0,0.0,0.0,-0.0,67.0,0.0,162057.094,0.0,750,0,739,0,0,0,721,0,766,0,736,0,742,0,741,0,712,0,7520,0.032,78920024064.0,0.0,0.0,784,16797,-0.0,162057.094,-114818.039,-0.0,0.133,6.909358625270745e+28,30.0,65.0,35,0.0,0.0,0.0,0.0,0.0,0.0,0.0,0.0,0.0,0.0,0.0,0.0,0.0,0.0,0.0,0.0,69.2,0,150,71,55,65476,0,300,0,1,8,20529,65476,0,0,40632,65.0,0.0,0.0,0.0,0.0,0.0
2026-09-04T20:35:18,ERR,ERR,ERR,ERR,ERR,ERR,ERR,ERR,ERR,ERR,ERR,ERR,ERR,ERR,ERR,ERR,ERR,ERR,ERR,ERR,ERR,ERR,ERR,ERR,ERR,ERR,ERR,ERR,ERR,ERR,ERR,ERR,ERR,ERR,ERR,ERR,ERR,ERR,ERR,ERR,ERR,ERR,ERR,ERR,ERR,ERR,ERR,ERR,ERR,ERR,ERR,ERR,ERR,ERR,ERR,ERR,ERR,ERR,ERR,ERR,ERR,ERR,ERR,ERR,ERR,ERR,ERR,ERR,ERR,ERR,ERR,ERR,ERR,ERR,ERR,ERR,ERR,ERR,ERR,ERR,ERR,ERR,ERR,ERR,ERR,ERR,ERR,ERR,ERR,ERR,ERR,ERR,ERR,ERR,ERR,ERR,ERR,ERR,ERR,ERR,ERR,ERR,ERR,ERR,ERR,ERR,ERR,ERR,ERR,ERR,ERR,ERR,ERR,ERR,ERR,ERR,ERR,ERR,ERR,ERR,ERR,ERR,ERR,ERR,ERR,0.0,0.0,0.0,0.0,0.0,1.3936040501711995e+18,7.805,0.0,0,0,4,0,7116,0.0,100,0.0,0.0,0.0,0.0,0.0,0,0,0,0,0.0,0,0,0,0,0,0,0,0,0,0,0,0,0,0,0,0,0,0,0,0,0,0,0,0,0,0,0,0,0,0,0,0,0,31,40,40,71,65476,0,300,0,0,8,21553,0.0,-107605600.0,0.0,0.0,0.0,0.0,0.0,0.0,0.0,0.0,0.0,0.0,0.0,0.0,0.0,0.0,0.0,0.0,0.0,0.0,0.0,0.0,-2.004,-0.0,-0.0,-2.004,0.0,0.0,0.0,0.0,6284.0,-0.0,6933.0,0.0,0.0,2.7184303811560617e+23,0.0,0.0,0.0,0.0,0.0,69,0.0,-0.0,0.0,0.0,0.0,0.0,0.0,0.0,0.0,0,0,0,0.0,0.0,0.0,0.0,0.0,0.0,0.0,0.0,0.0,0.0,0.0,0.0,0.0,0.0,0.0,0.0,0,-107875648.0,69,0.0,138,0.0,0.0,0,13107,17040,13107,17049,13107,17043,0,0,0,70,68,100,2.7302359370752657e+23,71.1,0.0,74.2,2.7302370179391762e+23,74.0,1,49,50,180,0,52429,0,0,0.0,0.0,0.0,0.0,-0.0,67.0,0.0,162057.094,0.0,751,0,739,0,0,0,721,0,766,0,736,0,742,0,742,0,712,0,7520,0.032,79456894976.0,0.0,0.0,784,16797,-0.0,162057.094,-114818.039,-0.0,0.133,6.909358625270745e+28,30.0,65.0,35,0.0,0.0,0.0,0.0,0.0,0.0,0.0,0.0,0.0,0.0,0.0,0.0,0.0,0.0,0.0,0.0,69.2,0,150,71,55,65476,0,300,0,1,8,20529,65476,0,0,40632,65.0,0.0,0.0,0.0,0.0,0.0
2026-09-04T20:35:19,ERR,ERR,ERR,ERR,ERR,ERR,ERR,ERR,ERR,ERR,ERR,ERR,ERR,ERR,ERR,ERR,ERR,ERR,ERR,ERR,ERR,ERR,ERR,ERR,ERR,ERR,ERR,ERR,ERR,ERR,ERR,ERR,ERR,ERR,ERR,ERR,ERR,ERR,ERR,ERR,ERR,ERR,ERR,ERR,ERR,ERR,ERR,ERR,ERR,ERR,ERR,ERR,ERR,ERR,ERR,ERR,ERR,ERR,ERR,ERR,ERR,ERR,ERR,ERR,ERR,ERR,ERR,ERR,ERR,ERR,ERR,ERR,ERR,ERR,ERR,ERR,ERR,ERR,ERR,ERR,ERR,ERR,ERR,ERR,ERR,ERR,ERR,ERR,ERR,ERR,ERR,ERR,ERR,ERR,ERR,ERR,ERR,ERR,ERR,ERR,ERR,ERR,ERR,ERR,ERR,ERR,ERR,ERR,ERR,ERR,ERR,ERR,ERR,ERR,ERR,ERR,ERR,ERR,ERR,ERR,ERR,ERR,ERR,ERR,ERR,0.0,0.0,0.0,0.0,0.0,1.3936040501711995e+18,7.805,0.0,0,0,4,0,7116,0.0,100,0.0,0.0,0.0,0.0,0.0,0,0,0,0,0.0,0,0,0,0,0,0,0,0,0,0,0,0,0,0,0,0,0,0,0,0,0,0,0,0,0,0,0,0,0,0,0,0,0,31,40,40,71,65476,0,300,0,0,8,21553,0.0,-107605600.0,0.0,0.0,0.0,0.0,0.0,0.0,0.0,0.0,0.0,0.0,0.0,0.0,0.0,0.0,0.0,0.0,0.0,0.0,0.0,0.0,-2.004,-0.0,-0.0,-2.004,0.0,0.0,0.0,0.0,6284.0,-0.0,6933.0,0.0,0.0,2.7184303811560617e+23,0.0,0.0,0.0,0.0,0.0,69,0.0,-0.0,0.0,0.0,0.0,0.0,0.0,0.0,0.0,0,0,0,0.0,0.0,0.0,0.0,0.0,0.0,0.0,0.0,0.0,0.0,0.0,0.0,0.0,0.0,0.0,0.0,0,-107875648.0,69,0.0,138,0.0,0.0,0,13107,17040,13107,17049,13107,17043,0,0,0,70,68,100,2.7302359370752657e+23,71.1,0.0,74.2,2.7302370179391762e+23,74.0,1,49,50,180,0,52429,0,0,0.0,0.0,0.0,0.0,-0.0,67.0,0.0,162057.094,0.0,751,0,739,0,0,0,721,0,766,0,736,0,742,0,742,0,712,0,7520,0.032,79456894976.0,0.0,0.0,784,16797,-0.0,162057.094,-114818.039,-0.0,0.133,6.909358625270745e+28,30.0,65.0,35,0.0,0.0,0.0,0.0,0.0,0.0,0.0,0.0,0.0,0.0,0.0,0.0,0.0,0.0,0.0,0.0,69.2,0,150,71,55,65476,0,300,0,1,8,20529,65476,0,0,40632,65.0,0.0,0.0,0.0,0.0,0.0
2026-09-04T20:35:20,ERR,ERR,ERR,ERR,ERR,ERR,ERR,ERR,ERR,ERR,ERR,ERR,ERR,ERR,ERR,ERR,ERR,ERR,ERR,ERR,ERR,ERR,ERR,ERR,ERR,ERR,ERR,ERR,ERR,ERR,ERR,ERR,ERR,ERR,ERR,ERR,ERR,ERR,ERR,ERR,ERR,ERR,ERR,ERR,ERR,ERR,ERR,ERR,ERR,ERR,ERR,ERR,ERR,ERR,ERR,ERR,ERR,ERR,ERR,ERR,ERR,ERR,ERR,ERR,ERR,ERR,ERR,ERR,ERR,ERR,ERR,ERR,ERR,ERR,ERR,ERR,ERR,ERR,ERR,ERR,ERR,ERR,ERR,ERR,ERR,ERR,ERR,ERR,ERR,ERR,ERR,ERR,ERR,ERR,ERR,ERR,ERR,ERR,ERR,ERR,ERR,ERR,ERR,ERR,ERR,ERR,ERR,ERR,ERR,ERR,ERR,ERR,ERR,ERR,ERR,ERR,ERR,ERR,ERR,ERR,ERR,ERR,ERR,ERR,ERR,0.0,0.0,0.0,0.0,0.0,1.3936040501711995e+18,7.805,0.0,0,0,4,0,7116,0.0,100,0.0,0.0,0.0,0.0,0.0,0,0,0,0,0.0,0,0,0,0,0,0,0,0,0,0,0,0,0,0,0,0,0,0,0,0,0,0,0,0,0,0,0,0,0,0,0,0,0,31,40,40,71,65476,0,300,0,0,8,21553,0.0,-107605600.0,0.0,0.0,0.0,0.0,0.0,0.0,0.0,0.0,0.0,0.0,0.0,0.0,0.0,0.0,0.0,0.0,0.0,0.0,0.0,0.0,-2.004,-0.0,-0.0,-2.004,0.0,0.0,0.0,0.0,6284.0,-0.0,6933.0,0.0,0.0,2.7184303811560617e+23,0.0,0.0,0.0,0.0,0.0,69,0.0,-0.0,0.0,0.0,0.0,0.0,0.0,0.0,0.0,0,0,0,0.0,0.0,0.0,0.0,0.0,0.0,0.0,0.0,0.0,0.0,0.0,0.0,0.0,0.0,0.0,0.0,0,-107875648.0,69,0.0,138,0.0,0.0,0,13107,17040,13107,17049,13107,17043,0,0,0,70,68,100,2.7302359370752657e+23,71.1,0.0,74.2,2.7302370179391762e+23,74.0,1,49,50,180,0,52429,0,0,0.0,0.0,0.0,0.0,-0.0,67.0,0.0,162057.094,0.0,751,0,739,0,0,0,721,0,766,0,736,0,742,0,742,0,712,0,7520,0.032,79456894976.0,0.0,0.0,784,16797,-0.0,162057.094,-114818.039,-0.0,0.133,6.909358625270745e+28,30.0,65.0,35,0.0,0.0,0.0,0.0,0.0,0.0,0.0,0.0,0.0,0.0,0.0,0.0,0.0,0.0,0.0,0.0,69.2,0,150,71,55,65476,0,300,0,1,8,20529,65476,0,0,40632,65.0,0.0,0.0,0.0,0.0,0.0
2026-09-04T20:35:21,ERR,ERR,ERR,ERR,ERR,ERR,ERR,ERR,ERR,ERR,ERR,ERR,ERR,ERR,ERR,ERR,ERR,ERR,ERR,ERR,ERR,ERR,ERR,ERR,ERR,ERR,ERR,ERR,ERR,ERR,ERR,ERR,ERR,ERR,ERR,ERR,ERR,ERR,ERR,ERR,ERR,ERR,ERR,ERR,ERR,ERR,ERR,ERR,ERR,ERR,ERR,ERR,ERR,ERR,ERR,ERR,ERR,ERR,ERR,ERR,ERR,ERR,ERR,ERR,ERR,ERR,ERR,ERR,ERR,ERR,ERR,ERR,ERR,ERR,ERR,ERR,ERR,ERR,ERR,ERR,ERR,ERR,ERR,ERR,ERR,ERR,ERR,ERR,ERR,ERR,ERR,ERR,ERR,ERR,ERR,ERR,ERR,ERR,ERR,ERR,ERR,ERR,ERR,ERR,ERR,ERR,ERR,ERR,ERR,ERR,ERR,ERR,ERR,ERR,ERR,ERR,ERR,ERR,ERR,ERR,ERR,ERR,ERR,ERR,ERR,0.0,0.0,0.0,0.0,0.0,1.3936040501711995e+18,7.805,0.0,0,0,4,0,7116,0.0,100,0.0,0.0,0.0,0.0,0.0,0,0,0,0,0.0,0,0,0,0,0,0,0,0,0,0,0,0,0,0,0,0,0,0,0,0,0,0,0,0,0,0,0,0,0,0,0,0,0,31,40,40,71,65476,0,300,0,0,8,21553,0.0,-107605600.0,0.0,0.0,0.0,0.0,0.0,0.0,0.0,0.0,0.0,0.0,0.0,0.0,0.0,0.0,0.0,0.0,0.0,0.0,0.0,0.0,-2.004,-0.0,-0.0,-2.004,0.0,0.0,0.0,0.0,6284.0,-0.0,6933.0,0.0,0.0,2.7184303811560617e+23,0.0,0.0,0.0,0.0,0.0,69,0.0,-0.0,0.0,0.0,0.0,0.0,0.0,0.0,0.0,0,0,0,0.0,0.0,0.0,0.0,0.0,0.0,0.0,0.0,0.0,0.0,0.0,0.0,0.0,0.0,0.0,0.0,0,-107875648.0,69,0.0,138,0.0,0.0,0,13107,17040,13107,17049,13107,17043,0,0,0,70,68,100,2.7302359370752657e+23,71.1,0.0,74.2,2.7302370179391762e+23,74.0,1,49,50,180,0,52429,0,0,0.0,0.0,0.0,0.0,-0.0,67.0,0.0,162057.094,0.0,751,0,739,0,0,0,721,0,766,0,736,0,742,0,742,0,712,0,7520,0.032,79456894976.0,0.0,0.0,784,16797,-0.0,162057.094,-114818.039,-0.0,0.133,6.909358625270745e+28,30.0,65.0,35,0.0,0.0,0.0,0.0,0.0,0.0,0.0,0.0,0.0,0.0,0.0,0.0,0.0,0.0,0.0,0.0,69.2,0,150,71,55,65476,0,300,0,1,8,20529,65476,0,0,40632,65.0,0.0,0.0,0.0,0.0,0.0
2026-09-04T20:35:22,ERR,ERR,ERR,ERR,ERR,ERR,ERR,ERR,ERR,ERR,ERR,ERR,ERR,ERR,ERR,ERR,ERR,ERR,ERR,ERR,ERR,ERR,ERR,ERR,ERR,ERR,ERR,ERR,ERR,ERR,ERR,ERR,ERR,ERR,ERR,ERR,ERR,ERR,ERR,ERR,ERR,ERR,ERR,ERR,ERR,ERR,ERR,ERR,ERR,ERR,ERR,ERR,ERR,ERR,ERR,ERR,ERR,ERR,ERR,ERR,ERR,ERR,ERR,ERR,ERR,ERR,ERR,ERR,ERR,ERR,ERR,ERR,ERR,ERR,ERR,ERR,ERR,ERR,ERR,ERR,ERR,ERR,ERR,ERR,ERR,ERR,ERR,ERR,ERR,ERR,ERR,ERR,ERR,ERR,ERR,ERR,ERR,ERR,ERR,ERR,ERR,ERR,ERR,ERR,ERR,ERR,ERR,ERR,ERR,ERR,ERR,ERR,ERR,ERR,ERR,ERR,ERR,ERR,ERR,ERR,ERR,ERR,ERR,ERR,ERR,0.0,0.0,0.0,0.0,0.0,1.3936040501711995e+18,7.805,0.0,0,0,4,0,7116,0.0,100,0.0,0.0,0.0,0.0,0.0,0,0,0,0,0.0,0,0,0,0,0,0,0,0,0,0,0,0,0,0,0,0,0,0,0,0,0,0,0,0,0,0,0,0,0,0,0,0,0,31,40,40,71,65476,0,300,0,0,8,21553,0.0,-107605600.0,0.0,0.0,0.0,0.0,0.0,0.0,0.0,0.0,0.0,0.0,0.0,0.0,0.0,0.0,0.0,0.0,0.0,0.0,0.0,0.0,-2.004,-0.0,-0.0,-2.004,0.0,0.0,0.0,0.0,6283.0,1.0406703326171292e+34,6927.0,0.0,0.0,2.7184303811560617e+23,0.0,0.0,0.0,0.0,0.0,69,-3.222031175229641e+26,4.066872925269804e+29,0.0,0.0,0.0,0.0,0.0,0.0,0.0,0,0,0,0.0,0.0,0.0,0.0,0.0,0.0,0.0,0.0,0.0,0.0,0.0,0.0,0.0,0.0,0.0,0.0,0,-107875648.0,69,0.0,138,0.0,0.0,0,13107,17040,13107,17049,13107,17043,0,0,0,70,68,100,2.7302359370752657e+23,71.1,0.0,74.2,2.7302370179391762e+23,74.0,1,49,50,180,0,52429,0,0,0.0,0.0,0.0,0.0,-0.0,67.0,0.0,162057.094,0.0,751,0,739,0,0,0,721,0,766,0,736,0,742,0,742,0,712,0,7520,0.032,79456894976.0,0.0,0.0,784,16797,-0.0,162057.094,-114818.039,-0.0,0.133,6.909358625270745e+28,30.0,65.0,35,0.0,0.0,0.0,0.0,0.0,0.0,0.0,0.0,0.0,0.0,0.0,0.0,0.0,0.0,0.0,0.0,69.6,0,150,71,55,65476,0,300,0,1,8,20529,65476,0,0,40632,65.0,0.0,0.0,0.0,0.0,0.0
2026-09-04T20:35:23,ERR,ERR,ERR,ERR,ERR,ERR,ERR,ERR,ERR,ERR,ERR,ERR,ERR,ERR,ERR,ERR,ERR,ERR,ERR,ERR,ERR,ERR,ERR,ERR,ERR,ERR,ERR,ERR,ERR,ERR,ERR,ERR,ERR,ERR,ERR,ERR,ERR,ERR,ERR,ERR,ERR,ERR,ERR,ERR,ERR,ERR,ERR,ERR,ERR,ERR,ERR,ERR,ERR,ERR,ERR,ERR,ERR,ERR,ERR,ERR,ERR,ERR,ERR,ERR,ERR,ERR,ERR,ERR,ERR,ERR,ERR,ERR,ERR,ERR,ERR,ERR,ERR,ERR,ERR,ERR,ERR,ERR,ERR,ERR,ERR,ERR,ERR,ERR,ERR,ERR,ERR,ERR,ERR,ERR,ERR,ERR,ERR,ERR,ERR,ERR,ERR,ERR,ERR,ERR,ERR,ERR,ERR,ERR,ERR,ERR,ERR,ERR,ERR,ERR,ERR,ERR,ERR,ERR,ERR,ERR,ERR,ERR,ERR,ERR,ERR,0.0,0.0,0.0,0.0,0.0,1.3936040501711995e+18,7.805,0.0,0,0,4,0,7116,0.0,100,0.0,0.0,0.0,0.0,0.0,0,0,0,0,0.0,0,0,0,0,0,0,0,0,0,0,0,0,0,0,0,0,0,0,0,0,0,0,0,0,0,0,0,0,0,0,0,0,0,31,40,40,71,65476,0,300,0,0,8,21553,0.0,-107605600.0,0.0,0.0,0.0,0.0,0.0,0.0,0.0,0.0,0.0,0.0,0.0,0.0,0.0,0.0,0.0,0.0,0.0,0.0,0.0,0.0,-2.004,-0.0,-0.0,-2.004,0.0,0.0,0.0,0.0,6283.0,1.0406703326171292e+34,6927.0,0.0,0.0,2.7184303811560617e+23,0.0,0.0,0.0,0.0,0.0,69,-3.222031175229641e+26,4.066872925269804e+29,0.0,0.0,0.0,0.0,0.0,0.0,0.0,0,0,0,0.0,0.0,0.0,0.0,0.0,0.0,0.0,0.0,0.0,0.0,0.0,0.0,0.0,0.0,0.0,0.0,0,-107875648.0,69,0.0,138,0.0,0.0,0,13107,17040,13107,17049,13107,17043,0,0,0,70,68,100,2.7302359370752657e+23,71.1,0.0,74.2,2.7302370179391762e+23,74.0,1,49,50,180,0,52429,0,0,0.0,0.0,0.0,0.0,-0.0,67.0,0.0,162057.094,0.0,751,0,739,0,0,0,721,0,766,0,736,0,742,0,742,0,712,0,7520,0.032,79456894976.0,0.0,0.0,784,16797,-0.0,162057.094,-114818.039,-0.0,0.133,6.909358625270745e+28,30.0,65.0,35,0.0,0.0,0.0,0.0,0.0,0.0,0.0,0.0,0.0,0.0,0.0,0.0,0.0,0.0,0.0,0.0,69.6,0,150,71,55,65476,0,300,0,1,8,20529,65476,0,0,40632,65.0,0.0,0.0,0.0,0.0,0.0
2026-09-04T20:35:24,ERR,ERR,ERR,ERR,ERR,ERR,ERR,ERR,ERR,ERR,ERR,ERR,ERR,ERR,ERR,ERR,ERR,ERR,ERR,ERR,ERR,ERR,ERR,ERR,ERR,ERR,ERR,ERR,ERR,ERR,ERR,ERR,ERR,ERR,ERR,ERR,ERR,ERR,ERR,ERR,ERR,ERR,ERR,ERR,ERR,ERR,ERR,ERR,ERR,ERR,ERR,ERR,ERR,ERR,ERR,ERR,ERR,ERR,ERR,ERR,ERR,ERR,ERR,ERR,ERR,ERR,ERR,ERR,ERR,ERR,ERR,ERR,ERR,ERR,ERR,ERR,ERR,ERR,ERR,ERR,ERR,ERR,ERR,ERR,ERR,ERR,ERR,ERR,ERR,ERR,ERR,ERR,ERR,ERR,ERR,ERR,ERR,ERR,ERR,ERR,ERR,ERR,ERR,ERR,ERR,ERR,ERR,ERR,ERR,ERR,ERR,ERR,ERR,ERR,ERR,ERR,ERR,ERR,ERR,ERR,ERR,ERR,ERR,ERR,ERR,0.0,0.0,0.0,0.0,0.0,1.3936040501711995e+18,7.805,0.0,0,0,4,0,7116,0.0,100,0.0,0.0,0.0,0.0,0.0,0,0,0,0,0.0,0,0,0,0,0,0,0,0,0,0,0,0,0,0,0,0,0,0,0,0,0,0,0,0,0,0,0,0,0,0,0,0,0,31,40,40,71,65476,0,300,0,0,8,21553,0.0,-107605600.0,0.0,0.0,0.0,0.0,0.0,0.0,0.0,0.0,0.0,0.0,0.0,0.0,0.0,0.0,0.0,0.0,0.0,0.0,0.0,0.0,-2.004,-0.0,-0.0,-2.004,0.0,0.0,0.0,0.0,6283.0,1.0406703326171292e+34,6927.0,0.0,0.0,2.7184303811560617e+23,0.0,0.0,0.0,0.0,0.0,69,-3.222031175229641e+26,4.066872925269804e+29,0.0,0.0,0.0,0.0,0.0,0.0,0.0,0,0,0,0.0,0.0,0.0,0.0,0.0,0.0,0.0,0.0,0.0,0.0,0.0,0.0,0.0,0.0,0.0,0.0,0,-107875648.0,69,0.0,138,0.0,0.0,0,13107,17040,13107,17049,13107,17043,0,0,0,70,68,100,2.7302359370752657e+23,71.1,0.0,74.2,2.7302370179391762e+23,74.0,1,49,50,180,0,52429,0,0,0.0,0.0,0.0,0.0,-0.0,67.0,0.0,162057.094,0.0,750,0,739,0,0,0,721,0,766,0,736,0,742,0,741,0,712,0,7520,0.032,79456894976.0,0.0,0.0,784,16797,-0.0,162057.094,-114818.039,-0.0,0.133,6.909358625270745e+28,30.0,65.0,35,0.0,0.0,0.0,0.0,0.0,0.0,0.0,0.0,0.0,0.0,0.0,0.0,0.0,0.0,0.0,0.0,69.6,0,150,71,55,65476,0,300,0,1,8,20529,65476,0,0,40632,65.0,0.0,0.0,0.0,0.0,0.0
2026-09-04T20:35:25,ERR,ERR,ERR,ERR,ERR,ERR,ERR,ERR,ERR,ERR,ERR,ERR,ERR,ERR,ERR,ERR,ERR,ERR,ERR,ERR,ERR,ERR,ERR,ERR,ERR,ERR,ERR,ERR,ERR,ERR,ERR,ERR,ERR,ERR,ERR,ERR,ERR,ERR,ERR,ERR,ERR,ERR,ERR,ERR,ERR,ERR,ERR,ERR,ERR,ERR,ERR,ERR,ERR,ERR,ERR,ERR,ERR,ERR,ERR,ERR,ERR,ERR,ERR,ERR,ERR,ERR,ERR,ERR,ERR,ERR,ERR,ERR,ERR,ERR,ERR,ERR,ERR,ERR,ERR,ERR,ERR,ERR,ERR,ERR,ERR,ERR,ERR,ERR,ERR,ERR,ERR,ERR,ERR,ERR,ERR,ERR,ERR,ERR,ERR,ERR,ERR,ERR,ERR,ERR,ERR,ERR,ERR,ERR,ERR,ERR,ERR,ERR,ERR,ERR,ERR,ERR,ERR,ERR,ERR,ERR,ERR,ERR,ERR,ERR,ERR,0.0,0.0,0.0,0.0,0.0,1.3936040501711995e+18,7.805,0.0,0,0,4,0,7116,0.0,100,0.0,0.0,0.0,0.0,0.0,0,0,0,0,0.0,0,0,0,0,0,0,0,0,0,0,0,0,0,0,0,0,0,0,0,0,0,0,0,0,0,0,0,0,0,0,0,0,0,31,40,40,71,65476,0,300,0,0,8,21553,0.0,-107605600.0,0.0,0.0,0.0,0.0,0.0,0.0,0.0,0.0,0.0,0.0,0.0,0.0,0.0,0.0,0.0,0.0,0.0,0.0,0.0,0.0,-2.004,-0.0,-0.0,-2.004,0.0,0.0,0.0,0.0,6283.0,1.0406703326171292e+34,6927.0,0.0,0.0,2.7184303811560617e+23,0.0,0.0,0.0,0.0,0.0,69,-3.222031175229641e+26,4.066872925269804e+29,0.0,0.0,0.0,0.0,0.0,0.0,0.0,0,0,0,0.0,0.0,0.0,0.0,0.0,0.0,0.0,0.0,0.0,0.0,0.0,0.0,0.0,0.0,0.0,0.0,0,-107875648.0,69,0.0,138,0.0,0.0,0,13107,17040,13107,17049,13107,17043,0,0,0,70,68,100,2.7302359370752657e+23,71.1,0.0,74.2,2.7302370179391762e+23,74.0,1,49,50,180,0,52429,0,0,0.0,0.0,0.0,0.0,-0.0,67.0,0.0,162057.094,0.0,750,0,739,0,0,0,721,0,766,0,736,0,742,0,741,0,712,0,7520,0.032,79456894976.0,0.0,0.0,784,16797,-0.0,162057.094,-114818.039,-0.0,0.133,6.909358625270745e+28,30.0,65.0,35,0.0,0.0,0.0,0.0,0.0,0.0,0.0,0.0,0.0,0.0,0.0,0.0,0.0,0.0,0.0,0.0,69.2,0,150,71,55,65476,0,300,0,1,8,20529,65476,0,0,40632,65.0,0.0,0.0,0.0,0.0,0.0
2026-09-04T20:35:26,ERR,ERR,ERR,ERR,ERR,ERR,ERR,ERR,ERR,ERR,ERR,ERR,ERR,ERR,ERR,ERR,ERR,ERR,ERR,ERR,ERR,ERR,ERR,ERR,ERR,ERR,ERR,ERR,ERR,ERR,ERR,ERR,ERR,ERR,ERR,ERR,ERR,ERR,ERR,ERR,ERR,ERR,ERR,ERR,ERR,ERR,ERR,ERR,ERR,ERR,ERR,ERR,ERR,ERR,ERR,ERR,ERR,ERR,ERR,ERR,ERR,ERR,ERR,ERR,ERR,ERR,ERR,ERR,ERR,ERR,ERR,ERR,ERR,ERR,ERR,ERR,ERR,ERR,ERR,ERR,ERR,ERR,ERR,ERR,ERR,ERR,ERR,ERR,ERR,ERR,ERR,ERR,ERR,ERR,ERR,ERR,ERR,ERR,ERR,ERR,ERR,ERR,ERR,ERR,ERR,ERR,ERR,ERR,ERR,ERR,ERR,ERR,ERR,ERR,ERR,ERR,ERR,ERR,ERR,ERR,ERR,ERR,ERR,ERR,ERR,0.0,0.0,0.0,0.0,0.0,1.3936040501711995e+18,7.805,0.0,0,0,4,0,7116,0.0,100,0.0,0.0,0.0,0.0,0.0,0,0,0,0,0.0,0,0,0,0,0,0,0,0,0,0,0,0,0,0,0,0,0,0,0,0,0,0,0,0,0,0,0,0,0,0,0,0,0,31,40,40,71,65476,0,300,0,0,8,21553,0.0,-107605600.0,0.0,0.0,0.0,0.0,0.0,0.0,0.0,0.0,0.0,0.0,0.0,0.0,0.0,0.0,0.0,0.0,0.0,0.0,0.0,0.0,-2.004,-0.0,-0.0,-2.004,0.0,0.0,0.0,0.0,6283.0,1.0406703326171292e+34,6927.0,0.0,0.0,2.7184303811560617e+23,0.0,0.0,0.0,0.0,0.0,69,-3.222031175229641e+26,4.066872925269804e+29,0.0,0.0,0.0,0.0,0.0,0.0,0.0,0,0,0,0.0,0.0,0.0,0.0,0.0,0.0,0.0,0.0,0.0,0.0,0.0,0.0,0.0,0.0,0.0,0.0,0,-107875648.0,69,0.0,138,0.0,0.0,0,13107,17040,13107,17049,13107,17043,0,0,0,70,68,100,2.7302359370752657e+23,71.1,0.0,74.2,2.7302370179391762e+23,74.0,1,49,50,180,0,52429,0,0,0.0,0.0,0.0,0.0,-0.0,67.0,0.0,162057.094,0.0,750,0,739,0,0,0,721,0,766,0,736,0,742,0,741,0,712,0,7520,0.032,79456894976.0,0.0,0.0,784,16797,-0.0,162057.094,-114818.039,-0.0,0.133,6.909358625270745e+28,30.0,65.0,35,0.0,0.0,0.0,0.0,0.0,0.0,0.0,0.0,0.0,0.0,0.0,0.0,0.0,0.0,0.0,0.0,69.2,0,150,71,55,65476,0,300,0,1,8,20529,65476,0,0,40632,65.0,0.0,0.0,0.0,0.0,0.0
2026-09-04T20:35:27,ERR,ERR,ERR,ERR,ERR,ERR,ERR,ERR,ERR,ERR,ERR,ERR,ERR,ERR,ERR,ERR,ERR,ERR,ERR,ERR,ERR,ERR,ERR,ERR,ERR,ERR,ERR,ERR,ERR,ERR,ERR,ERR,ERR,ERR,ERR,ERR,ERR,ERR,ERR,ERR,ERR,ERR,ERR,ERR,ERR,ERR,ERR,ERR,ERR,ERR,ERR,ERR,ERR,ERR,ERR,ERR,ERR,ERR,ERR,ERR,ERR,ERR,ERR,ERR,ERR,ERR,ERR,ERR,ERR,ERR,ERR,ERR,ERR,ERR,ERR,ERR,ERR,ERR,ERR,ERR,ERR,ERR,ERR,ERR,ERR,ERR,ERR,ERR,ERR,ERR,ERR,ERR,ERR,ERR,ERR,ERR,ERR,ERR,ERR,ERR,ERR,ERR,ERR,ERR,ERR,ERR,ERR,ERR,ERR,ERR,ERR,ERR,ERR,ERR,ERR,ERR,ERR,ERR,ERR,ERR,ERR,ERR,ERR,ERR,ERR,0.0,0.0,0.0,0.0,0.0,1.3936040501711995e+18,7.805,0.0,0,0,4,0,7116,0.0,100,0.0,0.0,0.0,0.0,0.0,0,0,0,0,0.0,0,0,0,0,0,0,0,0,0,0,0,0,0,0,0,0,0,0,0,0,0,0,0,0,0,0,0,0,0,0,0,0,0,31,40,40,71,65476,0,300,0,0,8,21553,0.0,-107605600.0,0.0,0.0,0.0,0.0,0.0,0.0,0.0,0.0,0.0,0.0,0.0,0.0,0.0,0.0,0.0,0.0,0.0,0.0,0.0,0.0,-2.004,-0.0,-0.0,-2.004,0.0,0.0,0.0,0.0,6283.0,1.0406703326171292e+34,6927.0,0.0,0.0,2.7184303811560617e+23,0.0,0.0,0.0,0.0,0.0,69,-3.222031175229641e+26,4.066872925269804e+29,0.0,0.0,0.0,0.0,0.0,0.0,0.0,0,0,0,0.0,0.0,0.0,0.0,0.0,0.0,0.0,0.0,0.0,0.0,0.0,0.0,0.0,0.0,0.0,0.0,0,-107875648.0,69,0.0,138,0.0,0.0,0,13107,17040,13107,17049,13107,17043,0,0,0,70,68,100,2.7302359370752657e+23,71.1,0.0,74.2,2.7302370179391762e+23,74.0,1,49,50,180,0,52429,0,0,0.0,0.0,0.0,0.0,-0.0,67.0,0.0,162057.094,0.0,750,0,739,0,0,0,721,0,766,0,736,0,742,0,741,0,712,0,7520,0.032,79456894976.0,0.0,0.0,784,16797,-0.0,162057.094,-114818.039,-0.0,0.133,6.909358625270745e+28,30.0,65.0,35,0.0,0.0,0.0,0.0,0.0,0.0,0.0,0.0,0.0,0.0,0.0,0.0,0.0,0.0,0.0,0.0,69.2,0,150,71,55,65476,0,300,0,1,8,20529,65476,0,0,40632,65.0,0.0,0.0,0.0,0.0,0.0
2026-09-04T20:35:28,ERR,ERR,ERR,ERR,ERR,ERR,ERR,ERR,ERR,ERR,ERR,ERR,ERR,ERR,ERR,ERR,ERR,ERR,ERR,ERR,ERR,ERR,ERR,ERR,ERR,ERR,ERR,ERR,ERR,ERR,ERR,ERR,ERR,ERR,ERR,ERR,ERR,ERR,ERR,ERR,ERR,ERR,ERR,ERR,ERR,ERR,ERR,ERR,ERR,ERR,ERR,ERR,ERR,ERR,ERR,ERR,ERR,ERR,ERR,ERR,ERR,ERR,ERR,ERR,ERR,ERR,ERR,ERR,ERR,ERR,ERR,ERR,ERR,ERR,ERR,ERR,ERR,ERR,ERR,ERR,ERR,ERR,ERR,ERR,ERR,ERR,ERR,ERR,ERR,ERR,ERR,ERR,ERR,ERR,ERR,ERR,ERR,ERR,ERR,ERR,ERR,ERR,ERR,ERR,ERR,ERR,ERR,ERR,ERR,ERR,ERR,ERR,ERR,ERR,ERR,ERR,ERR,ERR,ERR,ERR,ERR,ERR,ERR,ERR,ERR,0.0,0.0,0.0,0.0,0.0,1.3936040501711995e+18,7.805,0.0,0,0,4,0,7116,0.0,100,0.0,0.0,0.0,0.0,0.0,0,0,0,0,0.0,0,0,0,0,0,0,0,0,0,0,0,0,0,0,0,0,0,0,0,0,0,0,0,0,0,0,0,0,0,0,0,0,0,31,40,40,71,65476,0,300,0,0,8,21553,0.0,-107605600.0,0.0,0.0,0.0,0.0,0.0,0.0,0.0,0.0,0.0,0.0,0.0,0.0,0.0,0.0,0.0,0.0,0.0,0.0,0.0,0.0,-2.004,-0.0,-0.0,-2.004,0.0,0.0,0.0,0.0,6283.0,1.0406703326171292e+34,6927.0,0.0,0.0,2.7184303811560617e+23,0.0,0.0,0.0,0.0,0.0,69,-3.222031175229641e+26,4.066872925269804e+29,0.0,0.0,0.0,0.0,0.0,0.0,0.0,0,0,0,0.0,0.0,0.0,0.0,0.0,0.0,0.0,0.0,0.0,0.0,0.0,0.0,0.0,0.0,0.0,0.0,0,-107875648.0,69,0.0,138,0.0,0.0,0,13107,17040,13107,17049,13107,17043,0,0,0,70,68,100,2.7302359370752657e+23,71.1,0.0,74.2,2.7302370179391762e+23,74.0,1,49,50,180,0,52429,0,0,0.0,0.0,0.0,0.0,-0.0,67.0,0.0,162057.094,0.0,750,0,739,0,0,0,721,0,766,0,736,0,742,0,741,0,712,0,7520,0.032,79456894976.0,0.0,0.0,784,16797,-0.0,162057.094,-114818.039,-0.0,0.133,6.909358625270745e+28,30.0,65.0,35,0.0,0.0,0.0,0.0,0.0,0.0,0.0,0.0,0.0,0.0,0.0,0.0,0.0,0.0,0.0,0.0,69.2,0,150,71,55,65476,0,300,0,1,8,20529,65476,0,0,40632,65.0,0.0,0.0,0.0,0.0,0.0
2026-09-04T20:35:29,ERR,ERR,ERR,ERR,ERR,ERR,ERR,ERR,ERR,ERR,ERR,ERR,ERR,ERR,ERR,ERR,ERR,ERR,ERR,ERR,ERR,ERR,ERR,ERR,ERR,ERR,ERR,ERR,ERR,ERR,ERR,ERR,ERR,ERR,ERR,ERR,ERR,ERR,ERR,ERR,ERR,ERR,ERR,ERR,ERR,ERR,ERR,ERR,ERR,ERR,ERR,ERR,ERR,ERR,ERR,ERR,ERR,ERR,ERR,ERR,ERR,ERR,ERR,ERR,ERR,ERR,ERR,ERR,ERR,ERR,ERR,ERR,ERR,ERR,ERR,ERR,ERR,ERR,ERR,ERR,ERR,ERR,ERR,ERR,ERR,ERR,ERR,ERR,ERR,ERR,ERR,ERR,ERR,ERR,ERR,ERR,ERR,ERR,ERR,ERR,ERR,ERR,ERR,ERR,ERR,ERR,ERR,ERR,ERR,ERR,ERR,ERR,ERR,ERR,ERR,ERR,ERR,ERR,ERR,ERR,ERR,ERR,ERR,ERR,ERR,0.0,0.0,0.0,0.0,0.0,1.3936040501711995e+18,7.805,0.0,0,0,4,0,7116,0.0,100,0.0,0.0,0.0,0.0,0.0,0,0,0,0,0.0,0,0,0,0,0,0,0,0,0,0,0,0,0,0,0,0,0,0,0,0,0,0,0,0,0,0,0,0,0,0,0,0,0,31,40,40,71,65476,0,300,0,0,8,21553,0.0,-107605600.0,0.0,0.0,0.0,0.0,0.0,0.0,0.0,0.0,0.0,0.0,0.0,0.0,0.0,0.0,0.0,0.0,0.0,0.0,0.0,0.0,-2.004,-0.0,-0.0,-2.004,0.0,0.0,0.0,0.0,6284.0,-1.0406702088231253e+34,6943.0,0.0,0.0,2.7184303811560617e+23,0.0,0.0,0.0,0.0,0.0,69,0.0,-152018119294976.0,0.0,0.0,0.0,0.0,0.0,0.0,0.0,0,0,0,0.0,0.0,0.0,0.0,0.0,0.0,0.0,0.0,0.0,0.0,0.0,0.0,0.0,0.0,0.0,0.0,0,-107875648.0,69,0.0,138,0.0,0.0,0,13107,17040,13107,17049,13107,17043,0,0,0,70,68,100,2.7302359370752657e+23,71.1,0.0,74.2,2.7302370179391762e+23,74.0,1,49,50,180,13107,52429,0,0,0.0,0.0,0.0,0.0,-0.0,67.0,0.0,162057.094,0.0,750,0,739,0,0,0,721,0,766,0,736,0,742,0,741,0,712,0,7520,0.032,78920024064.0,0.0,0.0,784,16797,-0.0,162057.094,-114818.039,-0.0,0.133,6.909358625270745e+28,30.0,65.0,35,0.0,0.0,0.0,0.0,0.0,0.0,0.0,0.0,0.0,0.0,0.0,0.0,0.0,0.0,0.0,0.0,69.2,0,150,71,55,65476,0,300,0,1,8,20529,65476,0,0,40632,65.0,0.0,0.0,0.0,0.0,0.0
2026-09-04T20:35:30,ERR,ERR,ERR,ERR,ERR,ERR,ERR,ERR,ERR,ERR,ERR,ERR,ERR,ERR,ERR,ERR,ERR,ERR,ERR,ERR,ERR,ERR,ERR,ERR,ERR,ERR,ERR,ERR,ERR,ERR,ERR,ERR,ERR,ERR,ERR,ERR,ERR,ERR,ERR,ERR,ERR,ERR,ERR,ERR,ERR,ERR,ERR,ERR,ERR,ERR,ERR,ERR,ERR,ERR,ERR,ERR,ERR,ERR,ERR,ERR,ERR,ERR,ERR,ERR,ERR,ERR,ERR,ERR,ERR,ERR,ERR,ERR,ERR,ERR,ERR,ERR,ERR,ERR,ERR,ERR,ERR,ERR,ERR,ERR,ERR,ERR,ERR,ERR,ERR,ERR,ERR,ERR,ERR,ERR,ERR,ERR,ERR,ERR,ERR,ERR,ERR,ERR,ERR,ERR,ERR,ERR,ERR,ERR,ERR,ERR,ERR,ERR,ERR,ERR,ERR,ERR,ERR,ERR,ERR,ERR,ERR,ERR,ERR,ERR,ERR,0.0,0.0,0.0,0.0,0.0,1.3936040501711995e+18,7.805,0.0,0,0,4,0,7116,0.0,100,0.0,0.0,0.0,0.0,0.0,0,0,0,0,0.0,0,0,0,0,0,0,0,0,0,0,0,0,0,0,0,0,0,0,0,0,0,0,0,0,0,0,0,0,0,0,0,0,0,31,40,40,71,65476,0,300,0,0,8,21553,0.0,-107605600.0,0.0,0.0,0.0,0.0,0.0,0.0,0.0,0.0,0.0,0.0,0.0,0.0,0.0,0.0,0.0,0.0,0.0,0.0,0.0,0.0,-2.004,-0.0,-0.0,-2.004,0.0,0.0,0.0,0.0,6284.0,-1.0406702088231253e+34,6943.0,0.0,0.0,2.7184303811560617e+23,0.0,0.0,0.0,0.0,0.0,69,0.0,-152018119294976.0,0.0,0.0,0.0,0.0,0.0,0.0,0.0,0,0,0,0.0,0.0,0.0,0.0,0.0,0.0,0.0,0.0,0.0,0.0,0.0,0.0,0.0,0.0,0.0,0.0,0,-107875648.0,69,0.0,138,0.0,0.0,0,13107,17040,13107,17049,13107,17043,0,0,0,70,68,100,2.7302359370752657e+23,71.1,0.0,74.2,2.7302370179391762e+23,74.0,1,49,50,180,13107,52429,0,0,0.0,0.0,0.0,0.0,-0.0,67.0,0.0,162057.094,0.0,750,0,739,0,0,0,721,0,766,0,736,0,742,0,741,0,712,0,7520,0.032,78920024064.0,0.0,0.0,784,16797,-0.0,162057.094,-114818.039,-0.0,0.133,6.909358625270745e+28,30.0,65.0,35,0.0,0.0,0.0,0.0,0.0,0.0,0.0,0.0,0.0,0.0,0.0,0.0,0.0,0.0,0.0,0.0,69.2,0,150,71,55,65476,0,300,0,1,8,20529,65476,0,0,40632,65.0,0.0,0.0,0.0,0.0,0.0
2026-09-04T20:35:31,ERR,ERR,ERR,ERR,ERR,ERR,ERR,ERR,ERR,ERR,ERR,ERR,ERR,ERR,ERR,ERR,ERR,ERR,ERR,ERR,ERR,ERR,ERR,ERR,ERR,ERR,ERR,ERR,ERR,ERR,ERR,ERR,ERR,ERR,ERR,ERR,ERR,ERR,ERR,ERR,ERR,ERR,ERR,ERR,ERR,ERR,ERR,ERR,ERR,ERR,ERR,ERR,ERR,ERR,ERR,ERR,ERR,ERR,ERR,ERR,ERR,ERR,ERR,ERR,ERR,ERR,ERR,ERR,ERR,ERR,ERR,ERR,ERR,ERR,ERR,ERR,ERR,ERR,ERR,ERR,ERR,ERR,ERR,ERR,ERR,ERR,ERR,ERR,ERR,ERR,ERR,ERR,ERR,ERR,ERR,ERR,ERR,ERR,ERR,ERR,ERR,ERR,ERR,ERR,ERR,ERR,ERR,ERR,ERR,ERR,ERR,ERR,ERR,ERR,ERR,ERR,ERR,ERR,ERR,ERR,ERR,ERR,ERR,ERR,ERR,0.0,0.0,0.0,0.0,0.0,1.3936040501711995e+18,7.805,0.0,0,0,4,0,7116,0.0,100,0.0,0.0,0.0,0.0,0.0,0,0,0,0,0.0,0,0,0,0,0,0,0,0,0,0,0,0,0,0,0,0,0,0,0,0,0,0,0,0,0,0,0,0,0,0,0,0,0,31,40,40,71,65476,0,300,0,0,8,21553,0.0,-107605600.0,0.0,0.0,0.0,0.0,0.0,0.0,0.0,0.0,0.0,0.0,0.0,0.0,0.0,0.0,0.0,0.0,0.0,0.0,0.0,0.0,-2.004,-0.0,-0.0,-2.004,0.0,0.0,0.0,0.0,6284.0,-1.0406702088231253e+34,6943.0,0.0,0.0,2.7184303811560617e+23,0.0,0.0,0.0,0.0,0.0,69,0.0,-152018119294976.0,0.0,0.0,0.0,0.0,0.0,0.0,0.0,0,0,0,0.0,0.0,0.0,0.0,0.0,0.0,0.0,0.0,0.0,0.0,0.0,0.0,0.0,0.0,0.0,0.0,0,-107875648.0,69,0.0,138,0.0,0.0,0,13107,17040,13107,17049,13107,17043,0,0,0,70,68,100,2.7302359370752657e+23,71.1,0.0,74.2,2.7302370179391762e+23,74.0,1,49,50,180,13107,52429,0,0,0.0,0.0,0.0,0.0,-0.0,67.0,0.0,162057.094,0.0,750,0,739,0,0,0,721,0,766,0,736,0,742,0,741,0,712,0,7520,0.032,78920024064.0,0.0,0.0,784,16797,-0.0,162057.094,-114818.039,-0.0,0.133,6.909358625270745e+28,30.0,65.0,35,0.0,0.0,0.0,0.0,0.0,0.0,0.0,0.0,0.0,0.0,0.0,0.0,0.0,0.0,0.0,0.0,69.2,0,150,71,55,65476,0,300,0,1,8,20529,65476,0,0,40632,65.0,0.0,0.0,0.0,0.0,0.0
2026-09-04T20:35:32,ERR,ERR,ERR,ERR,ERR,ERR,ERR,ERR,ERR,ERR,ERR,ERR,ERR,ERR,ERR,ERR,ERR,ERR,ERR,ERR,ERR,ERR,ERR,ERR,ERR,ERR,ERR,ERR,ERR,ERR,ERR,ERR,ERR,ERR,ERR,ERR,ERR,ERR,ERR,ERR,ERR,ERR,ERR,ERR,ERR,ERR,ERR,ERR,ERR,ERR,ERR,ERR,ERR,ERR,ERR,ERR,ERR,ERR,ERR,ERR,ERR,ERR,ERR,ERR,ERR,ERR,ERR,ERR,ERR,ERR,ERR,ERR,ERR,ERR,ERR,ERR,ERR,ERR,ERR,ERR,ERR,ERR,ERR,ERR,ERR,ERR,ERR,ERR,ERR,ERR,ERR,ERR,ERR,ERR,ERR,ERR,ERR,ERR,ERR,ERR,ERR,ERR,ERR,ERR,ERR,ERR,ERR,ERR,ERR,ERR,ERR,ERR,ERR,ERR,ERR,ERR,ERR,ERR,ERR,ERR,ERR,ERR,ERR,ERR,ERR,0.0,0.0,0.0,0.0,0.0,1.3936040501711995e+18,7.805,0.0,0,0,4,0,7116,0.0,100,0.0,0.0,0.0,0.0,0.0,0,0,0,0,0.0,0,0,0,0,0,0,0,0,0,0,0,0,0,0,0,0,0,0,0,0,0,0,0,0,0,0,0,0,0,0,0,0,0,31,40,40,71,65476,0,300,0,0,8,21553,0.0,-107605600.0,0.0,0.0,0.0,0.0,0.0,0.0,0.0,0.0,0.0,0.0,0.0,0.0,0.0,0.0,0.0,0.0,0.0,0.0,0.0,0.0,-2.004,-0.0,-0.0,-2.004,0.0,0.0,0.0,0.0,6284.0,-1.0406702088231253e+34,6943.0,0.0,0.0,2.7184303811560617e+23,0.0,0.0,0.0,0.0,0.0,69,0.0,-152018119294976.0,0.0,0.0,0.0,0.0,0.0,0.0,0.0,0,0,0,0.0,0.0,0.0,0.0,0.0,0.0,0.0,0.0,0.0,0.0,0.0,0.0,0.0,0.0,0.0,0.0,0,-107875648.0,69,0.0,138,0.0,0.0,0,13107,17040,13107,17049,13107,17043,0,0,0,70,68,100,2.7302359370752657e+23,71.1,0.0,74.2,2.7302370179391762e+23,74.0,1,49,50,180,13107,52429,0,0,0.0,0.0,0.0,0.0,-0.0,67.0,0.0,162057.094,0.0,750,0,739,0,0,0,721,0,766,0,736,0,742,0,741,0,712,0,7520,0.032,78920024064.0,0.0,0.0,784,16797,-0.0,162057.094,-114818.039,-0.0,0.133,6.909358625270745e+28,30.0,65.0,35,0.0,0.0,0.0,0.0,0.0,0.0,0.0,0.0,0.0,0.0,0.0,0.0,0.0,0.0,0.0,0.0,69.2,0,150,71,55,65476,0,300,0,1,8,20529,65476,0,0,40632,65.0,0.0,0.0,0.0,0.0,0.0
2026-09-04T20:35:33,ERR,ERR,ERR,ERR,ERR,ERR,ERR,ERR,ERR,ERR,ERR,ERR,ERR,ERR,ERR,ERR,ERR,ERR,ERR,ERR,ERR,ERR,ERR,ERR,ERR,ERR,ERR,ERR,ERR,ERR,ERR,ERR,ERR,ERR,ERR,ERR,ERR,ERR,ERR,ERR,ERR,ERR,ERR,ERR,ERR,ERR,ERR,ERR,ERR,ERR,ERR,ERR,ERR,ERR,ERR,ERR,ERR,ERR,ERR,ERR,ERR,ERR,ERR,ERR,ERR,ERR,ERR,ERR,ERR,ERR,ERR,ERR,ERR,ERR,ERR,ERR,ERR,ERR,ERR,ERR,ERR,ERR,ERR,ERR,ERR,ERR,ERR,ERR,ERR,ERR,ERR,ERR,ERR,ERR,ERR,ERR,ERR,ERR,ERR,ERR,ERR,ERR,ERR,ERR,ERR,ERR,ERR,ERR,ERR,ERR,ERR,ERR,ERR,ERR,ERR,ERR,ERR,ERR,ERR,ERR,ERR,ERR,ERR,ERR,ERR,0.0,0.0,0.0,0.0,0.0,1.3936040501711995e+18,7.805,0.0,0,0,4,0,7116,0.0,100,0.0,0.0,0.0,0.0,0.0,0,0,0,0,0.0,0,0,0,0,0,0,0,0,0,0,0,0,0,0,0,0,0,0,0,0,0,0,0,0,0,0,0,0,0,0,0,0,0,31,40,40,71,65476,0,300,0,0,8,21553,0.0,-107605600.0,0.0,0.0,0.0,0.0,0.0,0.0,0.0,0.0,0.0,0.0,0.0,0.0,0.0,0.0,0.0,0.0,0.0,0.0,0.0,0.0,-2.004,-0.0,-0.0,-2.004,0.0,0.0,0.0,0.0,6284.0,-1.0406702088231253e+34,6943.0,0.0,0.0,2.7184303811560617e+23,0.0,0.0,0.0,0.0,0.0,69,0.0,-152018119294976.0,0.0,0.0,0.0,0.0,0.0,0.0,0.0,0,0,0,0.0,0.0,0.0,0.0,0.0,0.0,0.0,0.0,0.0,0.0,0.0,0.0,0.0,0.0,0.0,0.0,0,-107875648.0,69,0.0,138,0.0,0.0,0,13107,17040,13107,17049,13107,17043,0,0,0,70,68,100,2.7302359370752657e+23,71.1,0.0,74.2,2.7302370179391762e+23,74.0,1,49,50,180,13107,52429,0,0,0.0,0.0,0.0,0.0,-0.0,67.0,0.0,162057.094,0.0,750,0,739,0,0,0,721,0,766,0,736,0,742,0,741,0,712,0,7520,0.032,78920024064.0,0.0,0.0,784,16797,-0.0,162057.094,-114818.039,-0.0,0.133,6.909358625270745e+28,30.0,65.0,35,0.0,0.0,0.0,0.0,0.0,0.0,0.0,0.0,0.0,0.0,0.0,0.0,0.0,0.0,0.0,0.0,69.2,0,150,71,55,65476,0,300,0,1,8,20529,65476,0,0,40632,65.0,0.0,0.0,0.0,0.0,0.0
2026-09-04T20:35:34,ERR,ERR,ERR,ERR,ERR,ERR,ERR,ERR,ERR,ERR,ERR,ERR,ERR,ERR,ERR,ERR,ERR,ERR,ERR,ERR,ERR,ERR,ERR,ERR,ERR,ERR,ERR,ERR,ERR,ERR,ERR,ERR,ERR,ERR,ERR,ERR,ERR,ERR,ERR,ERR,ERR,ERR,ERR,ERR,ERR,ERR,ERR,ERR,ERR,ERR,ERR,ERR,ERR,ERR,ERR,ERR,ERR,ERR,ERR,ERR,ERR,ERR,ERR,ERR,ERR,ERR,ERR,ERR,ERR,ERR,ERR,ERR,ERR,ERR,ERR,ERR,ERR,ERR,ERR,ERR,ERR,ERR,ERR,ERR,ERR,ERR,ERR,ERR,ERR,ERR,ERR,ERR,ERR,ERR,ERR,ERR,ERR,ERR,ERR,ERR,ERR,ERR,ERR,ERR,ERR,ERR,ERR,ERR,ERR,ERR,ERR,ERR,ERR,ERR,ERR,ERR,ERR,ERR,ERR,ERR,ERR,ERR,ERR,ERR,ERR,0.0,0.0,0.0,0.0,0.0,1.3936040501711995e+18,7.805,0.0,0,0,4,0,7116,0.0,100,0.0,0.0,0.0,0.0,0.0,0,0,0,0,0.0,0,0,0,0,0,0,0,0,0,0,0,0,0,0,0,0,0,0,0,0,0,0,0,0,0,0,0,0,0,0,0,0,0,31,40,40,71,65476,0,300,0,0,8,21553,0.0,-107605600.0,0.0,0.0,0.0,0.0,0.0,0.0,0.0,0.0,0.0,0.0,0.0,0.0,0.0,0.0,0.0,0.0,0.0,0.0,0.0,0.0,-2.004,-0.0,-0.0,-2.004,0.0,0.0,0.0,0.0,6284.0,-1.0406702088231253e+34,6943.0,0.0,0.0,2.7184303811560617e+23,0.0,0.0,0.0,0.0,0.0,69,0.0,-152018119294976.0,0.0,0.0,0.0,0.0,0.0,0.0,0.0,0,0,0,0.0,0.0,0.0,0.0,0.0,0.0,0.0,0.0,0.0,0.0,0.0,0.0,0.0,0.0,0.0,0.0,0,-107875648.0,69,0.0,138,0.0,0.0,0,13107,17040,13107,17049,13107,17043,0,0,0,70,68,100,2.7302359370752657e+23,71.1,0.0,74.2,2.7302370179391762e+23,74.0,1,49,50,180,13107,52429,0,0,0.0,0.0,0.0,0.0,-0.0,67.0,0.0,162057.094,0.0,750,0,739,0,0,0,721,0,766,0,736,0,742,0,741,0,712,0,7520,0.032,78920024064.0,0.0,0.0,784,16797,-0.0,162057.094,-114818.039,-0.0,0.133,6.909358625270745e+28,30.0,65.0,35,0.0,0.0,0.0,0.0,0.0,0.0,0.0,0.0,0.0,0.0,0.0,0.0,0.0,0.0,0.0,0.0,69.2,0,150,71,55,65476,0,300,0,1,8,20529,65476,0,0,40632,65.0,0.0,0.0,0.0,0.0,0.0
2026-09-04T20:35:35,ERR,ERR,ERR,ERR,ERR,ERR,ERR,ERR,ERR,ERR,ERR,ERR,ERR,ERR,ERR,ERR,ERR,ERR,ERR,ERR,ERR,ERR,ERR,ERR,ERR,ERR,ERR,ERR,ERR,ERR,ERR,ERR,ERR,ERR,ERR,ERR,ERR,ERR,ERR,ERR,ERR,ERR,ERR,ERR,ERR,ERR,ERR,ERR,ERR,ERR,ERR,ERR,ERR,ERR,ERR,ERR,ERR,ERR,ERR,ERR,ERR,ERR,ERR,ERR,ERR,ERR,ERR,ERR,ERR,ERR,ERR,ERR,ERR,ERR,ERR,ERR,ERR,ERR,ERR,ERR,ERR,ERR,ERR,ERR,ERR,ERR,ERR,ERR,ERR,ERR,ERR,ERR,ERR,ERR,ERR,ERR,ERR,ERR,ERR,ERR,ERR,ERR,ERR,ERR,ERR,ERR,ERR,ERR,ERR,ERR,ERR,ERR,ERR,ERR,ERR,ERR,ERR,ERR,ERR,ERR,ERR,ERR,ERR,ERR,ERR,0.0,0.0,0.0,0.0,0.0,1.3936040501711995e+18,7.805,0.0,0,0,4,0,7116,0.0,100,0.0,0.0,0.0,0.0,0.0,0,0,0,0,0.0,0,0,0,0,0,0,0,0,0,0,0,0,0,0,0,0,0,0,0,0,0,0,0,0,0,0,0,0,0,0,0,0,0,31,40,40,71,65476,0,300,0,0,8,21553,0.0,-107605600.0,0.0,0.0,0.0,0.0,0.0,0.0,0.0,0.0,0.0,0.0,0.0,0.0,0.0,0.0,0.0,0.0,0.0,0.0,0.0,0.0,-2.004,-0.0,-0.0,-2.004,0.0,0.0,0.0,0.0,6284.0,-1.0406702088231253e+34,6943.0,0.0,0.0,2.7184303811560617e+23,0.0,0.0,0.0,0.0,0.0,69,0.0,-152018119294976.0,0.0,0.0,0.0,0.0,0.0,0.0,0.0,0,0,0,0.0,0.0,0.0,0.0,0.0,0.0,0.0,0.0,0.0,0.0,0.0,0.0,0.0,0.0,0.0,0.0,0,-107875648.0,69,0.0,138,0.0,0.0,0,13107,17040,13107,17049,13107,17043,0,0,0,70,68,100,2.7302359370752657e+23,71.1,0.0,74.2,2.7302370179391762e+23,74.0,1,49,50,180,0,52429,0,0,0.0,0.0,0.0,0.0,-0.0,67.0,0.0,162057.094,0.0,751,0,739,0,0,0,721,0,766,0,736,0,742,0,741,0,712,0,7520,0.032,79456894976.0,0.0,0.0,784,16797,-0.0,162057.094,-114818.039,-0.0,0.133,6.909358625270745e+28,30.0,65.0,35,0.0,0.0,0.0,0.0,0.0,0.0,0.0,0.0,0.0,0.0,0.0,0.0,0.0,0.0,0.0,0.0,69.6,0,150,71,55,65476,0,300,0,1,8,20529,65476,0,0,40632,65.0,0.0,0.0,0.0,0.0,0.0
2026-09-04T20:35:36,ERR,ERR,ERR,ERR,ERR,ERR,ERR,ERR,ERR,ERR,ERR,ERR,ERR,ERR,ERR,ERR,ERR,ERR,ERR,ERR,ERR,ERR,ERR,ERR,ERR,ERR,ERR,ERR,ERR,ERR,ERR,ERR,ERR,ERR,ERR,ERR,ERR,ERR,ERR,ERR,ERR,ERR,ERR,ERR,ERR,ERR,ERR,ERR,ERR,ERR,ERR,ERR,ERR,ERR,ERR,ERR,ERR,ERR,ERR,ERR,ERR,ERR,ERR,ERR,ERR,ERR,ERR,ERR,ERR,ERR,ERR,ERR,ERR,ERR,ERR,ERR,ERR,ERR,ERR,ERR,ERR,ERR,ERR,ERR,ERR,ERR,ERR,ERR,ERR,ERR,ERR,ERR,ERR,ERR,ERR,ERR,ERR,ERR,ERR,ERR,ERR,ERR,ERR,ERR,ERR,ERR,ERR,ERR,ERR,ERR,ERR,ERR,ERR,ERR,ERR,ERR,ERR,ERR,ERR,ERR,ERR,ERR,ERR,ERR,ERR,0.0,0.0,0.0,0.0,0.0,1.3936040501711995e+18,7.805,0.0,0,0,4,0,7116,0.0,100,0.0,0.0,0.0,0.0,0.0,0,0,0,0,0.0,0,0,0,0,0,0,0,0,0,0,0,0,0,0,0,0,0,0,0,0,0,0,0,0,0,0,0,0,0,0,0,0,0,31,40,40,71,65476,0,300,0,0,8,21553,0.0,-107605600.0,0.0,0.0,0.0,0.0,0.0,0.0,0.0,0.0,0.0,0.0,0.0,0.0,0.0,0.0,0.0,0.0,0.0,0.0,0.0,0.0,-2.004,-0.0,-0.0,-2.004,0.0,0.0,0.0,0.0,6284.0,-1.0406702088231253e+34,6943.0,0.0,0.0,2.7184303811560617e+23,0.0,0.0,0.0,0.0,0.0,69,0.0,-152018119294976.0,0.0,0.0,0.0,0.0,0.0,0.0,0.0,0,0,0,0.0,0.0,0.0,0.0,0.0,0.0,0.0,0.0,0.0,0.0,0.0,0.0,0.0,0.0,0.0,0.0,0,-107875648.0,69,0.0,138,0.0,0.0,0,13107,17040,13107,17049,13107,17043,0,0,0,70,68,100,2.7302359370752657e+23,71.1,0.0,74.2,2.7302370179391762e+23,74.0,1,49,50,180,0,52429,0,0,0.0,0.0,0.0,0.0,-0.0,67.0,0.0,162057.094,0.0,751,0,739,0,0,0,721,0,766,0,736,0,742,0,741,0,712,0,7520,0.032,79456894976.0,0.0,0.0,784,16797,-0.0,162057.094,-114818.039,-0.0,0.133,6.909358625270745e+28,30.0,65.0,35,0.0,0.0,0.0,0.0,0.0,0.0,0.0,0.0,0.0,0.0,0.0,0.0,0.0,0.0,0.0,0.0,69.6,0,150,71,55,65476,0,300,0,1,8,20529,65476,0,0,40632,65.0,0.0,0.0,0.0,0.0,0.0
2026-09-04T20:35:37,ERR,ERR,ERR,ERR,ERR,ERR,ERR,ERR,ERR,ERR,ERR,ERR,ERR,ERR,ERR,ERR,ERR,ERR,ERR,ERR,ERR,ERR,ERR,ERR,ERR,ERR,ERR,ERR,ERR,ERR,ERR,ERR,ERR,ERR,ERR,ERR,ERR,ERR,ERR,ERR,ERR,ERR,ERR,ERR,ERR,ERR,ERR,ERR,ERR,ERR,ERR,ERR,ERR,ERR,ERR,ERR,ERR,ERR,ERR,ERR,ERR,ERR,ERR,ERR,ERR,ERR,ERR,ERR,ERR,ERR,ERR,ERR,ERR,ERR,ERR,ERR,ERR,ERR,ERR,ERR,ERR,ERR,ERR,ERR,ERR,ERR,ERR,ERR,ERR,ERR,ERR,ERR,ERR,ERR,ERR,ERR,ERR,ERR,ERR,ERR,ERR,ERR,ERR,ERR,ERR,ERR,ERR,ERR,ERR,ERR,ERR,ERR,ERR,ERR,ERR,ERR,ERR,ERR,ERR,ERR,ERR,ERR,ERR,ERR,ERR,0.0,0.0,0.0,0.0,0.0,1.3936040501711995e+18,7.805,0.0,0,0,4,0,7116,0.0,100,0.0,0.0,0.0,0.0,0.0,0,0,0,0,0.0,0,0,0,0,0,0,0,0,0,0,0,0,0,0,0,0,0,0,0,0,0,0,0,0,0,0,0,0,0,0,0,0,0,31,40,40,71,65476,0,300,0,0,8,21553,0.0,-107605600.0,0.0,0.0,0.0,0.0,0.0,0.0,0.0,0.0,0.0,0.0,0.0,0.0,0.0,0.0,0.0,0.0,0.0,0.0,0.0,0.0,-2.004,-0.0,-0.0,-2.004,0.0,0.0,0.0,0.0,6256.0,-2.004,6936.0,0.0,0.0,2.7184303811560617e+23,0.0,0.0,0.0,0.0,0.0,69,0.0,-0.0,0.0,0.0,0.0,0.0,0.0,0.0,0.0,0,0,0,0.0,0.0,0.0,0.0,0.0,0.0,0.0,0.0,0.0,0.0,0.0,0.0,0.0,0.0,0.0,0.0,0,-107875648.0,69,0.0,138,0.0,0.0,0,13107,17040,13107,17049,13107,17043,0,0,0,70,68,100,2.7302359370752657e+23,71.1,0.0,74.2,2.7302370179391762e+23,74.0,1,49,50,180,0,52429,0,0,0.0,0.0,0.0,0.0,-0.0,67.0,0.0,162057.094,0.0,751,0,739,0,0,0,721,0,766,0,736,0,742,0,741,0,712,0,7520,0.032,79456894976.0,0.0,0.0,784,16797,-0.0,162057.094,-114818.039,-0.0,0.133,6.909358625270745e+28,30.0,65.0,35,0.0,0.0,0.0,0.0,0.0,0.0,0.0,0.0,0.0,0.0,0.0,0.0,0.0,0.0,0.0,0.0,69.6,0,150,71,55,65476,0,300,0,1,8,20529,65476,0,0,40632,65.0,0.0,0.0,0.0,0.0,0.0
2026-09-04T20:35:38,ERR,ERR,ERR,ERR,ERR,ERR,ERR,ERR,ERR,ERR,ERR,ERR,ERR,ERR,ERR,ERR,ERR,ERR,ERR,ERR,ERR,ERR,ERR,ERR,ERR,ERR,ERR,ERR,ERR,ERR,ERR,ERR,ERR,ERR,ERR,ERR,ERR,ERR,ERR,ERR,ERR,ERR,ERR,ERR,ERR,ERR,ERR,ERR,ERR,ERR,ERR,ERR,ERR,ERR,ERR,ERR,ERR,ERR,ERR,ERR,ERR,ERR,ERR,ERR,ERR,ERR,ERR,ERR,ERR,ERR,ERR,ERR,ERR,ERR,ERR,ERR,ERR,ERR,ERR,ERR,ERR,ERR,ERR,ERR,ERR,ERR,ERR,ERR,ERR,ERR,ERR,ERR,ERR,ERR,ERR,ERR,ERR,ERR,ERR,ERR,ERR,ERR,ERR,ERR,ERR,ERR,ERR,ERR,ERR,ERR,ERR,ERR,ERR,ERR,ERR,ERR,ERR,ERR,ERR,ERR,ERR,ERR,ERR,ERR,ERR,0.0,0.0,0.0,0.0,0.0,1.3936040501711995e+18,7.805,0.0,0,0,4,0,7116,0.0,100,0.0,0.0,0.0,0.0,0.0,0,0,0,0,0.0,0,0,0,0,0,0,0,0,0,0,0,0,0,0,0,0,0,0,0,0,0,0,0,0,0,0,0,0,0,0,0,0,0,31,40,40,71,65476,0,300,0,0,8,21553,0.0,-107605600.0,0.0,0.0,0.0,0.0,0.0,0.0,0.0,0.0,0.0,0.0,0.0,0.0,0.0,0.0,0.0,0.0,0.0,0.0,0.0,0.0,-2.004,-0.0,-0.0,-2.004,0.0,0.0,0.0,0.0,6256.0,-2.004,6936.0,0.0,0.0,2.7184303811560617e+23,0.0,0.0,0.0,0.0,0.0,69,0.0,-0.0,0.0,0.0,0.0,0.0,0.0,0.0,0.0,0,0,0,0.0,0.0,0.0,0.0,0.0,0.0,0.0,0.0,0.0,0.0,0.0,0.0,0.0,0.0,0.0,0.0,0,-107875648.0,69,0.0,138,0.0,0.0,0,13107,17040,13107,17049,13107,17043,0,0,0,70,68,100,2.7302359370752657e+23,71.1,0.0,74.2,2.7302370179391762e+23,74.0,1,49,50,180,0,52429,0,0,0.0,0.0,0.0,0.0,-0.0,67.0,0.0,162057.094,0.0,751,0,739,0,0,0,721,0,766,0,736,0,742,0,741,0,712,0,7520,0.032,79456894976.0,0.0,0.0,784,16797,-0.0,162057.094,-114818.039,-0.0,0.133,6.909358625270745e+28,30.0,65.0,35,0.0,0.0,0.0,0.0,0.0,0.0,0.0,0.0,0.0,0.0,0.0,0.0,0.0,0.0,0.0,0.0,69.2,0,150,71,55,65476,0,300,0,1,8,20529,65476,0,0,40632,65.0,0.0,0.0,0.0,0.0,0.0
2026-09-04T20:35:39,ERR,ERR,ERR,ERR,ERR,ERR,ERR,ERR,ERR,ERR,ERR,ERR,ERR,ERR,ERR,ERR,ERR,ERR,ERR,ERR,ERR,ERR,ERR,ERR,ERR,ERR,ERR,ERR,ERR,ERR,ERR,ERR,ERR,ERR,ERR,ERR,ERR,ERR,ERR,ERR,ERR,ERR,ERR,ERR,ERR,ERR,ERR,ERR,ERR,ERR,ERR,ERR,ERR,ERR,ERR,ERR,ERR,ERR,ERR,ERR,ERR,ERR,ERR,ERR,ERR,ERR,ERR,ERR,ERR,ERR,ERR,ERR,ERR,ERR,ERR,ERR,ERR,ERR,ERR,ERR,ERR,ERR,ERR,ERR,ERR,ERR,ERR,ERR,ERR,ERR,ERR,ERR,ERR,ERR,ERR,ERR,ERR,ERR,ERR,ERR,ERR,ERR,ERR,ERR,ERR,ERR,ERR,ERR,ERR,ERR,ERR,ERR,ERR,ERR,ERR,ERR,ERR,ERR,ERR,ERR,ERR,ERR,ERR,ERR,ERR,0.0,0.0,0.0,0.0,0.0,1.3936040501711995e+18,7.805,0.0,0,0,4,0,7116,0.0,100,0.0,0.0,0.0,0.0,0.0,0,0,0,0,0.0,0,0,0,0,0,0,0,0,0,0,0,0,0,0,0,0,0,0,0,0,0,0,0,0,0,0,0,0,0,0,0,0,0,31,40,40,71,65476,0,300,0,0,8,21553,0.0,-107605600.0,0.0,0.0,0.0,0.0,0.0,0.0,0.0,0.0,0.0,0.0,0.0,0.0,0.0,0.0,0.0,0.0,0.0,0.0,0.0,0.0,-2.004,-0.0,-0.0,-2.004,0.0,0.0,0.0,0.0,6256.0,-2.004,6936.0,0.0,0.0,2.7184303811560617e+23,0.0,0.0,0.0,0.0,0.0,69,0.0,-0.0,0.0,0.0,0.0,0.0,0.0,0.0,0.0,0,0,0,0.0,0.0,0.0,0.0,0.0,0.0,0.0,0.0,0.0,0.0,0.0,0.0,0.0,0.0,0.0,0.0,0,-107875648.0,69,0.0,138,0.0,0.0,0,13107,17040,13107,17049,13107,17043,0,0,0,70,68,100,2.7302359370752657e+23,71.1,0.0,74.2,2.7302370179391762e+23,74.0,1,49,50,180,0,52429,0,0,0.0,0.0,0.0,0.0,-0.0,67.0,0.0,162057.094,0.0,751,0,739,0,0,0,721,0,766,0,736,0,742,0,741,0,712,0,7520,0.032,79456894976.0,0.0,0.0,784,16797,-0.0,162057.094,-114818.039,-0.0,0.133,6.909358625270745e+28,30.0,65.0,35,0.0,0.0,0.0,0.0,0.0,0.0,0.0,0.0,0.0,0.0,0.0,0.0,0.0,0.0,0.0,0.0,69.2,0,150,71,55,65476,0,300,0,1,8,20529,65476,0,0,40632,65.0,0.0,0.0,0.0,0.0,0.0
2026-09-04T20:35:40,ERR,ERR,ERR,ERR,ERR,ERR,ERR,ERR,ERR,ERR,ERR,ERR,ERR,ERR,ERR,ERR,ERR,ERR,ERR,ERR,ERR,ERR,ERR,ERR,ERR,ERR,ERR,ERR,ERR,ERR,ERR,ERR,ERR,ERR,ERR,ERR,ERR,ERR,ERR,ERR,ERR,ERR,ERR,ERR,ERR,ERR,ERR,ERR,ERR,ERR,ERR,ERR,ERR,ERR,ERR,ERR,ERR,ERR,ERR,ERR,ERR,ERR,ERR,ERR,ERR,ERR,ERR,ERR,ERR,ERR,ERR,ERR,ERR,ERR,ERR,ERR,ERR,ERR,ERR,ERR,ERR,ERR,ERR,ERR,ERR,ERR,ERR,ERR,ERR,ERR,ERR,ERR,ERR,ERR,ERR,ERR,ERR,ERR,ERR,ERR,ERR,ERR,ERR,ERR,ERR,ERR,ERR,ERR,ERR,ERR,ERR,ERR,ERR,ERR,ERR,ERR,ERR,ERR,ERR,ERR,ERR,ERR,ERR,ERR,ERR,0.0,0.0,0.0,0.0,0.0,1.3936040501711995e+18,7.805,0.0,0,0,4,0,7116,0.0,100,0.0,0.0,0.0,0.0,0.0,0,0,0,0,0.0,0,0,0,0,0,0,0,0,0,0,0,0,0,0,0,0,0,0,0,0,0,0,0,0,0,0,0,0,0,0,0,0,0,31,40,40,71,65476,0,300,0,0,8,21553,0.0,-107605600.0,0.0,0.0,0.0,0.0,0.0,0.0,0.0,0.0,0.0,0.0,0.0,0.0,0.0,0.0,0.0,0.0,0.0,0.0,0.0,0.0,-2.004,-0.0,-0.0,-2.004,0.0,0.0,0.0,0.0,6256.0,-2.004,6936.0,0.0,0.0,2.7184303811560617e+23,0.0,0.0,0.0,0.0,0.0,69,0.0,-0.0,0.0,0.0,0.0,0.0,0.0,0.0,0.0,0,0,0,0.0,0.0,0.0,0.0,0.0,0.0,0.0,0.0,0.0,0.0,0.0,0.0,0.0,0.0,0.0,0.0,0,-107875648.0,69,0.0,138,0.0,0.0,0,13107,17040,13107,17049,13107,17043,0,0,0,70,68,100,2.7302359370752657e+23,71.1,0.0,74.2,2.7302370179391762e+23,74.0,1,49,50,180,0,52429,0,0,0.0,0.0,0.0,0.0,-0.0,67.0,0.0,162057.094,0.0,750,0,739,0,0,0,721,0,766,0,736,0,742,0,741,0,712,0,7520,0.032,79456894976.0,0.0,0.0,784,16797,-0.0,162057.094,-114818.039,-0.0,0.133,6.909358625270745e+28,30.0,65.0,35,0.0,0.0,0.0,0.0,0.0,0.0,0.0,0.0,0.0,0.0,0.0,0.0,0.0,0.0,0.0,0.0,69.2,0,150,71,55,65476,0,300,0,1,8,20529,65476,0,0,40632,65.0,0.0,0.0,0.0,0.0,0.0
2026-09-04T20:35:41,ERR,ERR,ERR,ERR,ERR,ERR,ERR,ERR,ERR,ERR,ERR,ERR,ERR,ERR,ERR,ERR,ERR,ERR,ERR,ERR,ERR,ERR,ERR,ERR,ERR,ERR,ERR,ERR,ERR,ERR,ERR,ERR,ERR,ERR,ERR,ERR,ERR,ERR,ERR,ERR,ERR,ERR,ERR,ERR,ERR,ERR,ERR,ERR,ERR,ERR,ERR,ERR,ERR,ERR,ERR,ERR,ERR,ERR,ERR,ERR,ERR,ERR,ERR,ERR,ERR,ERR,ERR,ERR,ERR,ERR,ERR,ERR,ERR,ERR,ERR,ERR,ERR,ERR,ERR,ERR,ERR,ERR,ERR,ERR,ERR,ERR,ERR,ERR,ERR,ERR,ERR,ERR,ERR,ERR,ERR,ERR,ERR,ERR,ERR,ERR,ERR,ERR,ERR,ERR,ERR,ERR,ERR,ERR,ERR,ERR,ERR,ERR,ERR,ERR,ERR,ERR,ERR,ERR,ERR,ERR,ERR,ERR,ERR,ERR,ERR,0.0,0.0,0.0,0.0,0.0,1.3936040501711995e+18,7.805,0.0,0,0,4,0,7116,0.0,100,0.0,0.0,0.0,0.0,0.0,0,0,0,0,0.0,0,0,0,0,0,0,0,0,0,0,0,0,0,0,0,0,0,0,0,0,0,0,0,0,0,0,0,0,0,0,0,0,0,31,40,40,71,65476,0,300,0,0,8,21553,0.0,-107605600.0,0.0,0.0,0.0,0.0,0.0,0.0,0.0,0.0,0.0,0.0,0.0,0.0,0.0,0.0,0.0,0.0,0.0,0.0,0.0,0.0,-2.004,-0.0,-0.0,-2.004,0.0,0.0,0.0,0.0,6256.0,-2.004,6936.0,0.0,0.0,2.7184303811560617e+23,0.0,0.0,0.0,0.0,0.0,69,0.0,-0.0,0.0,0.0,0.0,0.0,0.0,0.0,0.0,0,0,0,0.0,0.0,0.0,0.0,0.0,0.0,0.0,0.0,0.0,0.0,0.0,0.0,0.0,0.0,0.0,0.0,0,-107875648.0,69,0.0,138,0.0,0.0,0,13107,17040,13107,17049,13107,17043,0,0,0,70,68,100,2.7302359370752657e+23,71.1,0.0,74.2,2.7302370179391762e+23,74.0,1,49,50,180,0,52429,0,0,0.0,0.0,0.0,0.0,-0.0,67.0,0.0,162057.094,0.0,750,0,739,0,0,0,721,0,766,0,736,0,742,0,741,0,712,0,7520,0.032,79456894976.0,0.0,0.0,784,16797,-0.0,162057.094,-114818.039,-0.0,0.133,6.909358625270745e+28,30.0,65.0,35,0.0,0.0,0.0,0.0,0.0,0.0,0.0,0.0,0.0,0.0,0.0,0.0,0.0,0.0,0.0,0.0,69.2,0,150,71,55,65476,0,300,0,1,8,20529,65476,0,0,40632,65.0,0.0,0.0,0.0,0.0,0.0
2026-09-04T20:35:42,ERR,ERR,ERR,ERR,ERR,ERR,ERR,ERR,ERR,ERR,ERR,ERR,ERR,ERR,ERR,ERR,ERR,ERR,ERR,ERR,ERR,ERR,ERR,ERR,ERR,ERR,ERR,ERR,ERR,ERR,ERR,ERR,ERR,ERR,ERR,ERR,ERR,ERR,ERR,ERR,ERR,ERR,ERR,ERR,ERR,ERR,ERR,ERR,ERR,ERR,ERR,ERR,ERR,ERR,ERR,ERR,ERR,ERR,ERR,ERR,ERR,ERR,ERR,ERR,ERR,ERR,ERR,ERR,ERR,ERR,ERR,ERR,ERR,ERR,ERR,ERR,ERR,ERR,ERR,ERR,ERR,ERR,ERR,ERR,ERR,ERR,ERR,ERR,ERR,ERR,ERR,ERR,ERR,ERR,ERR,ERR,ERR,ERR,ERR,ERR,ERR,ERR,ERR,ERR,ERR,ERR,ERR,ERR,ERR,ERR,ERR,ERR,ERR,ERR,ERR,ERR,ERR,ERR,ERR,ERR,ERR,ERR,ERR,ERR,ERR,0.0,0.0,0.0,0.0,0.0,1.3936040501711995e+18,7.805,0.0,0,0,4,0,7116,0.0,100,0.0,0.0,0.0,0.0,0.0,0,0,0,0,0.0,0,0,0,0,0,0,0,0,0,0,0,0,0,0,0,0,0,0,0,0,0,0,0,0,0,0,0,0,0,0,0,0,0,31,40,40,71,65476,0,300,0,0,8,21553,0.0,-107605600.0,0.0,0.0,0.0,0.0,0.0,0.0,0.0,0.0,0.0,0.0,0.0,0.0,0.0,0.0,0.0,0.0,0.0,0.0,0.0,0.0,-2.004,-0.0,-0.0,-2.004,0.0,0.0,0.0,0.0,6256.0,-2.004,6936.0,0.0,0.0,2.7184303811560617e+23,0.0,0.0,0.0,0.0,0.0,69,0.0,-0.0,0.0,0.0,0.0,0.0,0.0,0.0,0.0,0,0,0,0.0,0.0,0.0,0.0,0.0,0.0,0.0,0.0,0.0,0.0,0.0,0.0,0.0,0.0,0.0,0.0,0,-107875648.0,69,0.0,138,0.0,0.0,0,13107,17040,13107,17049,13107,17043,0,0,0,70,68,100,2.7302359370752657e+23,71.1,0.0,74.2,2.7302370179391762e+23,74.0,1,49,50,180,0,52429,0,0,0.0,0.0,0.0,0.0,-0.0,67.0,0.0,162057.094,0.0,750,0,739,0,0,0,721,0,766,0,736,0,742,0,741,0,712,0,7520,0.032,79456894976.0,0.0,0.0,784,16797,-0.0,162057.094,-114818.039,-0.0,0.133,6.909358625270745e+28,30.0,65.0,35,0.0,0.0,0.0,0.0,0.0,0.0,0.0,0.0,0.0,0.0,0.0,0.0,0.0,0.0,0.0,0.0,69.2,0,150,71,55,65476,0,300,0,1,8,20529,65476,0,0,40632,65.0,0.0,0.0,0.0,0.0,0.0
2026-09-04T20:35:43,ERR,ERR,ERR,ERR,ERR,ERR,ERR,ERR,ERR,ERR,ERR,ERR,ERR,ERR,ERR,ERR,ERR,ERR,ERR,ERR,ERR,ERR,ERR,ERR,ERR,ERR,ERR,ERR,ERR,ERR,ERR,ERR,ERR,ERR,ERR,ERR,ERR,ERR,ERR,ERR,ERR,ERR,ERR,ERR,ERR,ERR,ERR,ERR,ERR,ERR,ERR,ERR,ERR,ERR,ERR,ERR,ERR,ERR,ERR,ERR,ERR,ERR,ERR,ERR,ERR,ERR,ERR,ERR,ERR,ERR,ERR,ERR,ERR,ERR,ERR,ERR,ERR,ERR,ERR,ERR,ERR,ERR,ERR,ERR,ERR,ERR,ERR,ERR,ERR,ERR,ERR,ERR,ERR,ERR,ERR,ERR,ERR,ERR,ERR,ERR,ERR,ERR,ERR,ERR,ERR,ERR,ERR,ERR,ERR,ERR,ERR,ERR,ERR,ERR,ERR,ERR,ERR,ERR,ERR,ERR,ERR,ERR,ERR,ERR,ERR,0.0,0.0,0.0,0.0,0.0,1.3936040501711995e+18,7.805,0.0,0,0,4,0,7116,0.0,100,0.0,0.0,0.0,0.0,0.0,0,0,0,0,0.0,0,0,0,0,0,0,0,0,0,0,0,0,0,0,0,0,0,0,0,0,0,0,0,0,0,0,0,0,0,0,0,0,0,31,40,40,71,65476,0,300,0,0,8,21553,0.0,-107605600.0,0.0,0.0,0.0,0.0,0.0,0.0,0.0,0.0,0.0,0.0,0.0,0.0,0.0,0.0,0.0,0.0,0.0,0.0,0.0,0.0,-2.004,-0.0,-0.0,-2.004,0.0,0.0,0.0,0.0,6256.0,-2.004,6936.0,0.0,0.0,2.7184303811560617e+23,0.0,0.0,0.0,0.0,0.0,69,0.0,-0.0,0.0,0.0,0.0,0.0,0.0,0.0,0.0,0,0,0,0.0,0.0,0.0,0.0,0.0,0.0,0.0,0.0,0.0,0.0,0.0,0.0,0.0,0.0,0.0,0.0,0,-107875648.0,69,0.0,138,0.0,0.0,0,13107,17040,13107,17049,13107,17043,0,0,0,70,68,100,2.7302359370752657e+23,71.1,0.0,74.2,2.7302370179391762e+23,74.0,1,49,50,180,0,52429,0,0,0.0,0.0,0.0,0.0,-0.0,67.0,0.0,162057.094,0.0,750,0,739,0,0,0,721,0,766,0,736,0,742,0,741,0,712,0,7520,0.032,79456894976.0,0.0,0.0,784,16797,-0.0,162057.094,-114818.039,-0.0,0.133,6.909358625270745e+28,30.0,65.0,35,0.0,0.0,0.0,0.0,0.0,0.0,0.0,0.0,0.0,0.0,0.0,0.0,0.0,0.0,0.0,0.0,69.6,0,150,71,55,65476,0,300,0,1,8,20529,65476,0,0,40632,65.0,0.0,0.0,0.0,0.0,0.0
2026-09-04T20:35:44,ERR,ERR,ERR,ERR,ERR,ERR,ERR,ERR,ERR,ERR,ERR,ERR,ERR,ERR,ERR,ERR,ERR,ERR,ERR,ERR,ERR,ERR,ERR,ERR,ERR,ERR,ERR,ERR,ERR,ERR,ERR,ERR,ERR,ERR,ERR,ERR,ERR,ERR,ERR,ERR,ERR,ERR,ERR,ERR,ERR,ERR,ERR,ERR,ERR,ERR,ERR,ERR,ERR,ERR,ERR,ERR,ERR,ERR,ERR,ERR,ERR,ERR,ERR,ERR,ERR,ERR,ERR,ERR,ERR,ERR,ERR,ERR,ERR,ERR,ERR,ERR,ERR,ERR,ERR,ERR,ERR,ERR,ERR,ERR,ERR,ERR,ERR,ERR,ERR,ERR,ERR,ERR,ERR,ERR,ERR,ERR,ERR,ERR,ERR,ERR,ERR,ERR,ERR,ERR,ERR,ERR,ERR,ERR,ERR,ERR,ERR,ERR,ERR,ERR,ERR,ERR,ERR,ERR,ERR,ERR,ERR,ERR,ERR,ERR,ERR,0.0,0.0,0.0,0.0,0.0,1.3936040501711995e+18,7.805,0.0,0,0,4,0,7116,0.0,100,0.0,0.0,0.0,0.0,0.0,0,0,0,0,0.0,0,0,0,0,0,0,0,0,0,0,0,0,0,0,0,0,0,0,0,0,0,0,0,0,0,0,0,0,0,0,0,0,0,31,40,40,71,65476,0,300,0,0,8,21553,0.0,-107605600.0,0.0,0.0,0.0,0.0,0.0,0.0,0.0,0.0,0.0,0.0,0.0,0.0,0.0,0.0,0.0,0.0,0.0,0.0,0.0,0.0,-2.004,-0.0,-0.0,-2.004,0.0,0.0,0.0,0.0,6252.0,2.422999145516952e+24,6928.0,0.0,0.0,2.7184303811560617e+23,0.0,0.0,0.0,0.0,0.0,69,-4.066882747792088e+29,0.059,0.0,0.0,0.0,0.0,0.0,0.0,0.0,0,0,0,0.0,0.0,0.0,0.0,0.0,0.0,0.0,0.0,0.0,0.0,0.0,0.0,0.0,0.0,0.0,0.0,0,-107875648.0,69,0.0,138,0.0,0.0,0,13107,17040,13107,17049,13107,17043,0,0,0,70,68,100,2.7302359370752657e+23,71.1,0.0,74.2,2.7302370179391762e+23,74.0,1,49,50,180,0,52429,0,0,0.0,0.0,0.0,0.0,-0.0,67.0,0.0,162057.094,0.0,750,0,739,0,0,0,721,0,766,0,736,0,742,0,741,0,712,0,7520,0.032,79456894976.0,0.0,0.0,784,16797,-0.0,162057.094,-114818.039,-0.0,0.133,6.909358625270745e+28,30.0,65.0,35,0.0,0.0,0.0,0.0,0.0,0.0,0.0,0.0,0.0,0.0,0.0,0.0,0.0,0.0,0.0,0.0,69.6,0,150,71,55,65476,0,300,0,1,8,20529,65476,0,0,40632,65.0,0.0,0.0,0.0,0.0,0.0
2026-09-04T20:35:45,ERR,ERR,ERR,ERR,ERR,ERR,ERR,ERR,ERR,ERR,ERR,ERR,ERR,ERR,ERR,ERR,ERR,ERR,ERR,ERR,ERR,ERR,ERR,ERR,ERR,ERR,ERR,ERR,ERR,ERR,ERR,ERR,ERR,ERR,ERR,ERR,ERR,ERR,ERR,ERR,ERR,ERR,ERR,ERR,ERR,ERR,ERR,ERR,ERR,ERR,ERR,ERR,ERR,ERR,ERR,ERR,ERR,ERR,ERR,ERR,ERR,ERR,ERR,ERR,ERR,ERR,ERR,ERR,ERR,ERR,ERR,ERR,ERR,ERR,ERR,ERR,ERR,ERR,ERR,ERR,ERR,ERR,ERR,ERR,ERR,ERR,ERR,ERR,ERR,ERR,ERR,ERR,ERR,ERR,ERR,ERR,ERR,ERR,ERR,ERR,ERR,ERR,ERR,ERR,ERR,ERR,ERR,ERR,ERR,ERR,ERR,ERR,ERR,ERR,ERR,ERR,ERR,ERR,ERR,ERR,ERR,ERR,ERR,ERR,ERR,0.0,0.0,0.0,0.0,0.0,1.3936040501711995e+18,7.805,0.0,0,0,4,0,7116,0.0,100,0.0,0.0,0.0,0.0,0.0,0,0,0,0,0.0,0,0,0,0,0,0,0,0,0,0,0,0,0,0,0,0,0,0,0,0,0,0,0,0,0,0,0,0,0,0,0,0,0,31,40,40,71,65476,0,300,0,0,8,21553,0.0,-107605600.0,0.0,0.0,0.0,0.0,0.0,0.0,0.0,0.0,0.0,0.0,0.0,0.0,0.0,0.0,0.0,0.0,0.0,0.0,0.0,0.0,-2.004,-0.0,-0.0,-2.004,0.0,0.0,0.0,0.0,6252.0,2.422999145516952e+24,6928.0,0.0,0.0,2.7184303811560617e+23,0.0,0.0,0.0,0.0,0.0,69,-4.066882747792088e+29,0.059,0.0,0.0,0.0,0.0,0.0,0.0,0.0,0,0,0,0.0,0.0,0.0,0.0,0.0,0.0,0.0,0.0,0.0,0.0,0.0,0.0,0.0,0.0,0.0,0.0,0,-107875648.0,69,0.0,138,0.0,0.0,0,13107,17040,13107,17049,13107,17043,0,0,0,70,68,100,2.7302359370752657e+23,71.1,0.0,74.2,2.7302370179391762e+23,74.0,1,49,50,180,0,52429,0,0,0.0,0.0,0.0,0.0,-0.0,67.0,0.0,162057.094,0.0,750,0,739,0,0,0,721,0,766,0,736,0,742,0,741,0,712,0,7520,0.032,79456894976.0,0.0,0.0,784,16797,-0.0,162057.094,-114818.039,-0.0,0.133,6.909358625270745e+28,30.0,65.0,35,0.0,0.0,0.0,0.0,0.0,0.0,0.0,0.0,0.0,0.0,0.0,0.0,0.0,0.0,0.0,0.0,69.6,0,150,71,55,65476,0,300,0,1,8,20529,65476,0,0,40632,65.0,0.0,0.0,0.0,0.0,0.0
2026-09-04T20:35:46,ERR,ERR,ERR,ERR,ERR,ERR,ERR,ERR,ERR,ERR,ERR,ERR,ERR,ERR,ERR,ERR,ERR,ERR,ERR,ERR,ERR,ERR,ERR,ERR,ERR,ERR,ERR,ERR,ERR,ERR,ERR,ERR,ERR,ERR,ERR,ERR,ERR,ERR,ERR,ERR,ERR,ERR,ERR,ERR,ERR,ERR,ERR,ERR,ERR,ERR,ERR,ERR,ERR,ERR,ERR,ERR,ERR,ERR,ERR,ERR,ERR,ERR,ERR,ERR,ERR,ERR,ERR,ERR,ERR,ERR,ERR,ERR,ERR,ERR,ERR,ERR,ERR,ERR,ERR,ERR,ERR,ERR,ERR,ERR,ERR,ERR,ERR,ERR,ERR,ERR,ERR,ERR,ERR,ERR,ERR,ERR,ERR,ERR,ERR,ERR,ERR,ERR,ERR,ERR,ERR,ERR,ERR,ERR,ERR,ERR,ERR,ERR,ERR,ERR,ERR,ERR,ERR,ERR,ERR,ERR,ERR,ERR,ERR,ERR,ERR,0.0,0.0,0.0,0.0,0.0,1.3936040501711995e+18,7.805,0.0,0,0,4,0,7116,0.0,100,0.0,0.0,0.0,0.0,0.0,0,0,0,0,0.0,0,0,0,0,0,0,0,0,0,0,0,0,0,0,0,0,0,0,0,0,0,0,0,0,0,0,0,0,0,0,0,0,0,31,40,40,71,65476,0,300,0,0,8,21553,0.0,-107605600.0,0.0,0.0,0.0,0.0,0.0,0.0,0.0,0.0,0.0,0.0,0.0,0.0,0.0,0.0,0.0,0.0,0.0,0.0,0.0,0.0,-2.004,-0.0,-0.0,-2.004,0.0,0.0,0.0,0.0,6252.0,2.422999145516952e+24,6928.0,0.0,0.0,2.7184303811560617e+23,0.0,0.0,0.0,0.0,0.0,69,-4.066882747792088e+29,0.059,0.0,0.0,0.0,0.0,0.0,0.0,0.0,0,0,0,0.0,0.0,0.0,0.0,0.0,0.0,0.0,0.0,0.0,0.0,0.0,0.0,0.0,0.0,0.0,0.0,0,-107875648.0,69,0.0,138,0.0,0.0,0,13107,17040,13107,17049,13107,17043,0,0,0,70,68,100,2.7302359370752657e+23,71.1,0.0,74.2,2.7302370179391762e+23,74.0,1,49,50,180,13107,52429,0,0,0.0,0.0,0.0,0.0,-0.0,67.0,0.0,162057.094,0.0,750,0,739,0,0,0,721,0,766,0,736,0,742,0,741,0,712,0,7520,0.032,79456894976.0,0.0,0.0,784,16797,-0.0,162057.094,-114818.039,-0.0,0.133,6.909358625270745e+28,30.0,65.0,35,0.0,0.0,0.0,0.0,0.0,0.0,0.0,0.0,0.0,0.0,0.0,0.0,0.0,0.0,0.0,0.0,69.6,0,150,71,55,65476,0,300,0,1,8,20529,65476,0,0,40632,65.0,0.0,0.0,0.0,0.0,0.0
2026-09-04T20:35:47,ERR,ERR,ERR,ERR,ERR,ERR,ERR,ERR,ERR,ERR,ERR,ERR,ERR,ERR,ERR,ERR,ERR,ERR,ERR,ERR,ERR,ERR,ERR,ERR,ERR,ERR,ERR,ERR,ERR,ERR,ERR,ERR,ERR,ERR,ERR,ERR,ERR,ERR,ERR,ERR,ERR,ERR,ERR,ERR,ERR,ERR,ERR,ERR,ERR,ERR,ERR,ERR,ERR,ERR,ERR,ERR,ERR,ERR,ERR,ERR,ERR,ERR,ERR,ERR,ERR,ERR,ERR,ERR,ERR,ERR,ERR,ERR,ERR,ERR,ERR,ERR,ERR,ERR,ERR,ERR,ERR,ERR,ERR,ERR,ERR,ERR,ERR,ERR,ERR,ERR,ERR,ERR,ERR,ERR,ERR,ERR,ERR,ERR,ERR,ERR,ERR,ERR,ERR,ERR,ERR,ERR,ERR,ERR,ERR,ERR,ERR,ERR,ERR,ERR,ERR,ERR,ERR,ERR,ERR,ERR,ERR,ERR,ERR,ERR,ERR,0.0,0.0,0.0,0.0,0.0,1.3936040501711995e+18,7.805,0.0,0,0,4,0,7116,0.0,100,0.0,0.0,0.0,0.0,0.0,0,0,0,0,0.0,0,0,0,0,0,0,0,0,0,0,0,0,0,0,0,0,0,0,0,0,0,0,0,0,0,0,0,0,0,0,0,0,0,31,40,40,71,65476,0,300,0,0,8,21553,0.0,-107605600.0,0.0,0.0,0.0,0.0,0.0,0.0,0.0,0.0,0.0,0.0,0.0,0.0,0.0,0.0,0.0,0.0,0.0,0.0,0.0,0.0,-2.004,-0.0,-0.0,-2.004,0.0,0.0,0.0,0.0,6252.0,2.422999145516952e+24,6928.0,0.0,0.0,2.7184303811560617e+23,0.0,0.0,0.0,0.0,0.0,69,-4.066882747792088e+29,0.059,0.0,0.0,0.0,0.0,0.0,0.0,0.0,0,0,0,0.0,0.0,0.0,0.0,0.0,0.0,0.0,0.0,0.0,0.0,0.0,0.0,0.0,0.0,0.0,0.0,0,-107875648.0,69,0.0,138,0.0,0.0,0,13107,17040,13107,17049,13107,17043,0,0,0,70,68,100,2.7302359370752657e+23,71.1,0.0,74.2,2.7302370179391762e+23,74.0,1,49,50,180,13107,52429,0,0,0.0,0.0,0.0,0.0,-0.0,67.0,0.0,162057.094,0.0,750,0,739,0,0,0,721,0,766,0,736,0,742,0,741,0,712,0,7520,0.032,79456894976.0,0.0,0.0,784,16797,-0.0,162057.094,-114818.039,-0.0,0.133,6.909358625270745e+28,30.0,65.0,35,0.0,0.0,0.0,0.0,0.0,0.0,0.0,0.0,0.0,0.0,0.0,0.0,0.0,0.0,0.0,0.0,69.6,0,150,71,55,65476,0,300,0,1,8,20529,65476,0,0,40632,65.0,0.0,0.0,0.0,0.0,0.0
2026-09-04T20:35:48,ERR,ERR,ERR,ERR,ERR,ERR,ERR,ERR,ERR,ERR,ERR,ERR,ERR,ERR,ERR,ERR,ERR,ERR,ERR,ERR,ERR,ERR,ERR,ERR,ERR,ERR,ERR,ERR,ERR,ERR,ERR,ERR,ERR,ERR,ERR,ERR,ERR,ERR,ERR,ERR,ERR,ERR,ERR,ERR,ERR,ERR,ERR,ERR,ERR,ERR,ERR,ERR,ERR,ERR,ERR,ERR,ERR,ERR,ERR,ERR,ERR,ERR,ERR,ERR,ERR,ERR,ERR,ERR,ERR,ERR,ERR,ERR,ERR,ERR,ERR,ERR,ERR,ERR,ERR,ERR,ERR,ERR,ERR,ERR,ERR,ERR,ERR,ERR,ERR,ERR,ERR,ERR,ERR,ERR,ERR,ERR,ERR,ERR,ERR,ERR,ERR,ERR,ERR,ERR,ERR,ERR,ERR,ERR,ERR,ERR,ERR,ERR,ERR,ERR,ERR,ERR,ERR,ERR,ERR,ERR,ERR,ERR,ERR,ERR,ERR,0.0,0.0,0.0,0.0,0.0,1.3936040501711995e+18,7.805,0.0,0,0,4,0,7116,0.0,100,0.0,0.0,0.0,0.0,0.0,0,0,0,0,0.0,0,0,0,0,0,0,0,0,0,0,0,0,0,0,0,0,0,0,0,0,0,0,0,0,0,0,0,0,0,0,0,0,0,31,40,40,71,65476,0,300,0,0,8,21553,0.0,-107605600.0,0.0,0.0,0.0,0.0,0.0,0.0,0.0,0.0,0.0,0.0,0.0,0.0,0.0,0.0,0.0,0.0,0.0,0.0,0.0,0.0,-2.004,-0.0,-0.0,-2.004,0.0,0.0,0.0,0.0,6252.0,2.422999145516952e+24,6928.0,0.0,0.0,2.7184303811560617e+23,0.0,0.0,0.0,0.0,0.0,69,-4.066882747792088e+29,0.059,0.0,0.0,0.0,0.0,0.0,0.0,0.0,0,0,0,0.0,0.0,0.0,0.0,0.0,0.0,0.0,0.0,0.0,0.0,0.0,0.0,0.0,0.0,0.0,0.0,0,-107875648.0,69,0.0,138,0.0,0.0,0,13107,17040,13107,17049,13107,17043,0,0,0,70,68,100,2.7302359370752657e+23,71.1,0.0,74.2,2.7302370179391762e+23,74.0,1,49,50,180,13107,52429,0,0,0.0,0.0,0.0,0.0,-0.0,67.0,0.0,162057.094,0.0,750,0,739,0,0,0,721,0,766,0,736,0,742,0,741,0,712,0,7520,0.032,79456894976.0,0.0,0.0,784,16797,-0.0,162057.094,-114818.039,-0.0,0.133,6.909358625270745e+28,30.0,65.0,35,0.0,0.0,0.0,0.0,0.0,0.0,0.0,0.0,0.0,0.0,0.0,0.0,0.0,0.0,0.0,0.0,69.2,0,150,71,55,65476,0,300,0,1,8,20529,65476,0,0,40632,65.0,0.0,0.0,0.0,0.0,0.0
2026-09-04T20:35:49,ERR,ERR,ERR,ERR,ERR,ERR,ERR,ERR,ERR,ERR,ERR,ERR,ERR,ERR,ERR,ERR,ERR,ERR,ERR,ERR,ERR,ERR,ERR,ERR,ERR,ERR,ERR,ERR,ERR,ERR,ERR,ERR,ERR,ERR,ERR,ERR,ERR,ERR,ERR,ERR,ERR,ERR,ERR,ERR,ERR,ERR,ERR,ERR,ERR,ERR,ERR,ERR,ERR,ERR,ERR,ERR,ERR,ERR,ERR,ERR,ERR,ERR,ERR,ERR,ERR,ERR,ERR,ERR,ERR,ERR,ERR,ERR,ERR,ERR,ERR,ERR,ERR,ERR,ERR,ERR,ERR,ERR,ERR,ERR,ERR,ERR,ERR,ERR,ERR,ERR,ERR,ERR,ERR,ERR,ERR,ERR,ERR,ERR,ERR,ERR,ERR,ERR,ERR,ERR,ERR,ERR,ERR,ERR,ERR,ERR,ERR,ERR,ERR,ERR,ERR,ERR,ERR,ERR,ERR,ERR,ERR,ERR,ERR,ERR,ERR,0.0,0.0,0.0,0.0,0.0,1.3936040501711995e+18,7.805,0.0,0,0,4,0,7116,0.0,100,0.0,0.0,0.0,0.0,0.0,0,0,0,0,0.0,0,0,0,0,0,0,0,0,0,0,0,0,0,0,0,0,0,0,0,0,0,0,0,0,0,0,0,0,0,0,0,0,0,31,40,40,71,65476,0,300,0,0,8,21553,0.0,-107605600.0,0.0,0.0,0.0,0.0,0.0,0.0,0.0,0.0,0.0,0.0,0.0,0.0,0.0,0.0,0.0,0.0,0.0,0.0,0.0,0.0,-2.004,-0.0,-0.0,-2.004,0.0,0.0,0.0,0.0,6252.0,2.422999145516952e+24,6928.0,0.0,0.0,2.7184303811560617e+23,0.0,0.0,0.0,0.0,0.0,69,-4.066882747792088e+29,0.059,0.0,0.0,0.0,0.0,0.0,0.0,0.0,0,0,0,0.0,0.0,0.0,0.0,0.0,0.0,0.0,0.0,0.0,0.0,0.0,0.0,0.0,0.0,0.0,0.0,0,-107875648.0,69,0.0,138,0.0,0.0,0,13107,17040,13107,17049,13107,17043,0,0,0,70,68,100,2.7302359370752657e+23,71.1,0.0,74.2,2.7302370179391762e+23,74.0,1,49,50,180,13107,52429,0,0,0.0,0.0,0.0,0.0,-0.0,67.0,0.0,162057.094,0.0,750,0,739,0,0,0,721,0,766,0,736,0,742,0,741,0,712,0,7520,0.032,79456894976.0,0.0,0.0,784,16797,-0.0,162057.094,-114818.039,-0.0,0.133,6.909358625270745e+28,30.0,65.0,35,0.0,0.0,0.0,0.0,0.0,0.0,0.0,0.0,0.0,0.0,0.0,0.0,0.0,0.0,0.0,0.0,69.2,0,150,71,55,65476,0,300,0,1,8,20529,65476,0,0,40632,65.0,0.0,0.0,0.0,0.0,0.0
2026-09-04T20:35:50,ERR,ERR,ERR,ERR,ERR,ERR,ERR,ERR,ERR,ERR,ERR,ERR,ERR,ERR,ERR,ERR,ERR,ERR,ERR,ERR,ERR,ERR,ERR,ERR,ERR,ERR,ERR,ERR,ERR,ERR,ERR,ERR,ERR,ERR,ERR,ERR,ERR,ERR,ERR,ERR,ERR,ERR,ERR,ERR,ERR,ERR,ERR,ERR,ERR,ERR,ERR,ERR,ERR,ERR,ERR,ERR,ERR,ERR,ERR,ERR,ERR,ERR,ERR,ERR,ERR,ERR,ERR,ERR,ERR,ERR,ERR,ERR,ERR,ERR,ERR,ERR,ERR,ERR,ERR,ERR,ERR,ERR,ERR,ERR,ERR,ERR,ERR,ERR,ERR,ERR,ERR,ERR,ERR,ERR,ERR,ERR,ERR,ERR,ERR,ERR,ERR,ERR,ERR,ERR,ERR,ERR,ERR,ERR,ERR,ERR,ERR,ERR,ERR,ERR,ERR,ERR,ERR,ERR,ERR,ERR,ERR,ERR,ERR,ERR,ERR,0.0,0.0,0.0,0.0,0.0,1.3936040501711995e+18,7.805,0.0,0,0,4,0,7116,0.0,100,0.0,0.0,0.0,0.0,0.0,0,0,0,0,0.0,0,0,0,0,0,0,0,0,0,0,0,0,0,0,0,0,0,0,0,0,0,0,0,0,0,0,0,0,0,0,0,0,0,31,40,40,71,65476,0,300,0,0,8,21553,0.0,-107605600.0,0.0,0.0,0.0,0.0,0.0,0.0,0.0,0.0,0.0,0.0,0.0,0.0,0.0,0.0,0.0,0.0,0.0,0.0,0.0,0.0,-2.004,-0.0,-0.0,-2.004,0.0,0.0,0.0,0.0,6252.0,2.422999145516952e+24,6928.0,0.0,0.0,2.7184303811560617e+23,0.0,0.0,0.0,0.0,0.0,69,-4.066882747792088e+29,0.059,0.0,0.0,0.0,0.0,0.0,0.0,0.0,0,0,0,0.0,0.0,0.0,0.0,0.0,0.0,0.0,0.0,0.0,0.0,0.0,0.0,0.0,0.0,0.0,0.0,0,-107875648.0,69,0.0,138,0.0,0.0,0,13107,17040,13107,17049,13107,17043,0,0,0,70,68,100,2.7302359370752657e+23,71.1,0.0,74.2,2.7302370179391762e+23,74.0,1,49,50,180,13107,52429,0,0,0.0,0.0,0.0,0.0,-0.0,67.0,0.0,162057.094,0.0,750,0,739,0,0,0,721,0,766,0,736,0,742,0,741,0,712,0,7520,0.032,79456894976.0,0.0,0.0,784,16797,-0.0,162057.094,-114818.039,-0.0,0.133,6.909358625270745e+28,30.0,65.0,35,0.0,0.0,0.0,0.0,0.0,0.0,0.0,0.0,0.0,0.0,0.0,0.0,0.0,0.0,0.0,0.0,69.2,0,150,71,55,65476,0,300,0,1,8,20529,65476,0,0,40632,65.0,0.0,0.0,0.0,0.0,0.0
2026-09-04T20:35:51,ERR,ERR,ERR,ERR,ERR,ERR,ERR,ERR,ERR,ERR,ERR,ERR,ERR,ERR,ERR,ERR,ERR,ERR,ERR,ERR,ERR,ERR,ERR,ERR,ERR,ERR,ERR,ERR,ERR,ERR,ERR,ERR,ERR,ERR,ERR,ERR,ERR,ERR,ERR,ERR,ERR,ERR,ERR,ERR,ERR,ERR,ERR,ERR,ERR,ERR,ERR,ERR,ERR,ERR,ERR,ERR,ERR,ERR,ERR,ERR,ERR,ERR,ERR,ERR,ERR,ERR,ERR,ERR,ERR,ERR,ERR,ERR,ERR,ERR,ERR,ERR,ERR,ERR,ERR,ERR,ERR,ERR,ERR,ERR,ERR,ERR,ERR,ERR,ERR,ERR,ERR,ERR,ERR,ERR,ERR,ERR,ERR,ERR,ERR,ERR,ERR,ERR,ERR,ERR,ERR,ERR,ERR,ERR,ERR,ERR,ERR,ERR,ERR,ERR,ERR,ERR,ERR,ERR,ERR,ERR,ERR,ERR,ERR,ERR,ERR,0.0,0.0,0.0,0.0,0.0,1.3936040501711995e+18,7.805,0.0,0,0,4,0,7116,0.0,100,0.0,0.0,0.0,0.0,0.0,0,0,0,0,0.0,0,0,0,0,0,0,0,0,0,0,0,0,0,0,0,0,0,0,0,0,0,0,0,0,0,0,0,0,0,0,0,0,0,31,40,40,71,65476,0,300,0,0,8,21553,0.0,-107605600.0,0.0,0.0,0.0,0.0,0.0,0.0,0.0,0.0,0.0,0.0,0.0,0.0,0.0,0.0,0.0,0.0,0.0,0.0,0.0,0.0,-2.004,-0.0,-0.0,-2.004,0.0,0.0,0.0,0.0,6252.0,2.422999145516952e+24,6928.0,0.0,0.0,2.7184303811560617e+23,0.0,0.0,0.0,0.0,0.0,69,-4.066882747792088e+29,0.059,0.0,0.0,0.0,0.0,0.0,0.0,0.0,0,0,0,0.0,0.0,0.0,0.0,0.0,0.0,0.0,0.0,0.0,0.0,0.0,0.0,0.0,0.0,0.0,0.0,0,-107875648.0,69,0.0,138,0.0,0.0,0,13107,17040,13107,17049,13107,17043,0,0,0,70,68,100,2.7302359370752657e+23,71.1,0.0,74.2,2.7302370179391762e+23,74.0,1,49,50,180,0,52429,0,0,0.0,0.0,0.0,0.0,-0.0,67.0,0.0,162057.094,0.0,751,0,739,0,0,0,721,0,766,0,736,0,742,0,741,0,712,0,7520,0.032,78920024064.0,0.0,0.0,784,16797,-0.0,162057.094,-114818.039,-0.0,0.133,6.909358625270745e+28,30.0,65.0,35,0.0,0.0,0.0,0.0,0.0,0.0,0.0,0.0,0.0,0.0,0.0,0.0,0.0,0.0,0.0,0.0,69.2,0,150,71,55,65476,0,300,0,1,8,20529,65476,0,0,40632,65.0,0.0,0.0,0.0,0.0,0.0
2026-09-04T20:35:52,ERR,ERR,ERR,ERR,ERR,ERR,ERR,ERR,ERR,ERR,ERR,ERR,ERR,ERR,ERR,ERR,ERR,ERR,ERR,ERR,ERR,ERR,ERR,ERR,ERR,ERR,ERR,ERR,ERR,ERR,ERR,ERR,ERR,ERR,ERR,ERR,ERR,ERR,ERR,ERR,ERR,ERR,ERR,ERR,ERR,ERR,ERR,ERR,ERR,ERR,ERR,ERR,ERR,ERR,ERR,ERR,ERR,ERR,ERR,ERR,ERR,ERR,ERR,ERR,ERR,ERR,ERR,ERR,ERR,ERR,ERR,ERR,ERR,ERR,ERR,ERR,ERR,ERR,ERR,ERR,ERR,ERR,ERR,ERR,ERR,ERR,ERR,ERR,ERR,ERR,ERR,ERR,ERR,ERR,ERR,ERR,ERR,ERR,ERR,ERR,ERR,ERR,ERR,ERR,ERR,ERR,ERR,ERR,ERR,ERR,ERR,ERR,ERR,ERR,ERR,ERR,ERR,ERR,ERR,ERR,ERR,ERR,ERR,ERR,ERR,0.0,0.0,0.0,0.0,0.0,1.3936040501711995e+18,7.805,0.0,0,0,4,0,7116,0.0,100,0.0,0.0,0.0,0.0,0.0,0,0,0,0,0.0,0,0,0,0,0,0,0,0,0,0,0,0,0,0,0,0,0,0,0,0,0,0,0,0,0,0,0,0,0,0,0,0,0,31,40,40,71,65476,0,300,0,0,8,21553,0.0,-107605600.0,0.0,0.0,0.0,0.0,0.0,0.0,0.0,0.0,0.0,0.0,0.0,0.0,0.0,0.0,0.0,0.0,0.0,0.0,0.0,0.0,-2.004,-0.0,-0.0,-2.004,0.0,0.0,0.0,0.0,6283.0,0.0,6917.0,0.0,0.0,2.7184303811560617e+23,0.0,0.0,0.0,0.0,0.0,69,-5.848086186001959e+35,0.0,0.0,0.0,0.0,0.0,0.0,0.0,0.0,0,0,0,0.0,0.0,0.0,0.0,0.0,0.0,0.0,0.0,0.0,0.0,0.0,0.0,0.0,0.0,0.0,0.0,0,-107875648.0,69,0.0,138,0.0,0.0,0,13107,17040,13107,17049,13107,17043,0,0,0,70,68,100,2.7302359370752657e+23,71.1,0.0,74.2,2.7302370179391762e+23,74.0,1,49,50,180,0,52429,0,0,0.0,0.0,0.0,0.0,-0.0,67.0,0.0,162057.094,0.0,751,0,739,0,0,0,721,0,766,0,736,0,742,0,741,0,712,0,7520,0.032,78920024064.0,0.0,0.0,784,16797,-0.0,162057.094,-114818.039,-0.0,0.133,6.909358625270745e+28,30.0,65.0,35,0.0,0.0,0.0,0.0,0.0,0.0,0.0,0.0,0.0,0.0,0.0,0.0,0.0,0.0,0.0,0.0,69.2,0,150,71,55,65476,0,300,0,1,8,20529,65476,0,0,40632,65.0,0.0,0.0,0.0,0.0,0.0
2026-09-04T20:35:53,ERR,ERR,ERR,ERR,ERR,ERR,ERR,ERR,ERR,ERR,ERR,ERR,ERR,ERR,ERR,ERR,ERR,ERR,ERR,ERR,ERR,ERR,ERR,ERR,ERR,ERR,ERR,ERR,ERR,ERR,ERR,ERR,ERR,ERR,ERR,ERR,ERR,ERR,ERR,ERR,ERR,ERR,ERR,ERR,ERR,ERR,ERR,ERR,ERR,ERR,ERR,ERR,ERR,ERR,ERR,ERR,ERR,ERR,ERR,ERR,ERR,ERR,ERR,ERR,ERR,ERR,ERR,ERR,ERR,ERR,ERR,ERR,ERR,ERR,ERR,ERR,ERR,ERR,ERR,ERR,ERR,ERR,ERR,ERR,ERR,ERR,ERR,ERR,ERR,ERR,ERR,ERR,ERR,ERR,ERR,ERR,ERR,ERR,ERR,ERR,ERR,ERR,ERR,ERR,ERR,ERR,ERR,ERR,ERR,ERR,ERR,ERR,ERR,ERR,ERR,ERR,ERR,ERR,ERR,ERR,ERR,ERR,ERR,ERR,ERR,0.0,0.0,0.0,0.0,0.0,1.3936040501711995e+18,7.805,0.0,0,0,4,0,7116,0.0,100,0.0,0.0,0.0,0.0,0.0,0,0,0,0,0.0,0,0,0,0,0,0,0,0,0,0,0,0,0,0,0,0,0,0,0,0,0,0,0,0,0,0,0,0,0,0,0,0,0,31,40,40,71,65476,0,300,0,0,8,21553,0.0,-107605600.0,0.0,0.0,0.0,0.0,0.0,0.0,0.0,0.0,0.0,0.0,0.0,0.0,0.0,0.0,0.0,0.0,0.0,0.0,0.0,0.0,-2.004,-0.0,-0.0,-2.004,0.0,0.0,0.0,0.0,6283.0,0.0,6917.0,0.0,0.0,2.7184303811560617e+23,0.0,0.0,0.0,0.0,0.0,69,-5.848086186001959e+35,0.0,0.0,0.0,0.0,0.0,0.0,0.0,0.0,0,0,0,0.0,0.0,0.0,0.0,0.0,0.0,0.0,0.0,0.0,0.0,0.0,0.0,0.0,0.0,0.0,0.0,0,-107875648.0,69,0.0,138,0.0,0.0,0,13107,17040,13107,17049,13107,17043,0,0,0,70,68,100,2.7302359370752657e+23,71.1,0.0,74.2,2.7302370179391762e+23,74.0,1,49,50,180,0,52429,0,0,0.0,0.0,0.0,0.0,-0.0,67.0,0.0,162057.094,0.0,751,0,739,0,0,0,721,0,766,0,736,0,742,0,741,0,712,0,7520,0.032,78920024064.0,0.0,0.0,784,16797,-0.0,162057.094,-114818.039,-0.0,0.133,6.909358625270745e+28,30.0,65.0,35,0.0,0.0,0.0,0.0,0.0,0.0,0.0,0.0,0.0,0.0,0.0,0.0,0.0,0.0,0.0,0.0,69.2,0,150,71,55,65476,0,300,0,1,8,20529,65476,0,0,40632,65.0,0.0,0.0,0.0,0.0,0.0
2026-09-04T20:35:54,ERR,ERR,ERR,ERR,ERR,ERR,ERR,ERR,ERR,ERR,ERR,ERR,ERR,ERR,ERR,ERR,ERR,ERR,ERR,ERR,ERR,ERR,ERR,ERR,ERR,ERR,ERR,ERR,ERR,ERR,ERR,ERR,ERR,ERR,ERR,ERR,ERR,ERR,ERR,ERR,ERR,ERR,ERR,ERR,ERR,ERR,ERR,ERR,ERR,ERR,ERR,ERR,ERR,ERR,ERR,ERR,ERR,ERR,ERR,ERR,ERR,ERR,ERR,ERR,ERR,ERR,ERR,ERR,ERR,ERR,ERR,ERR,ERR,ERR,ERR,ERR,ERR,ERR,ERR,ERR,ERR,ERR,ERR,ERR,ERR,ERR,ERR,ERR,ERR,ERR,ERR,ERR,ERR,ERR,ERR,ERR,ERR,ERR,ERR,ERR,ERR,ERR,ERR,ERR,ERR,ERR,ERR,ERR,ERR,ERR,ERR,ERR,ERR,ERR,ERR,ERR,ERR,ERR,ERR,ERR,ERR,ERR,ERR,ERR,ERR,0.0,0.0,0.0,0.0,0.0,1.3936040501711995e+18,7.805,0.0,0,0,4,0,7116,0.0,100,0.0,0.0,0.0,0.0,0.0,0,0,0,0,0.0,0,0,0,0,0,0,0,0,0,0,0,0,0,0,0,0,0,0,0,0,0,0,0,0,0,0,0,0,0,0,0,0,0,31,40,40,71,65476,0,300,0,0,8,21553,0.0,-107605600.0,0.0,0.0,0.0,0.0,0.0,0.0,0.0,0.0,0.0,0.0,0.0,0.0,0.0,0.0,0.0,0.0,0.0,0.0,0.0,0.0,-2.004,-0.0,-0.0,-2.004,0.0,0.0,0.0,0.0,6283.0,0.0,6917.0,0.0,0.0,2.7184303811560617e+23,0.0,0.0,0.0,0.0,0.0,69,-5.848086186001959e+35,0.0,0.0,0.0,0.0,0.0,0.0,0.0,0.0,0,0,0,0.0,0.0,0.0,0.0,0.0,0.0,0.0,0.0,0.0,0.0,0.0,0.0,0.0,0.0,0.0,0.0,0,-107875648.0,69,0.0,138,0.0,0.0,0,13107,17040,13107,17049,13107,17043,0,0,0,70,68,100,2.7302359370752657e+23,71.1,0.0,74.2,2.7302370179391762e+23,74.0,1,49,50,180,0,52429,0,0,0.0,0.0,0.0,0.0,-0.0,67.0,0.0,162057.094,0.0,751,0,739,0,0,0,721,0,766,0,736,0,742,0,741,0,712,0,7520,0.032,78920024064.0,0.0,0.0,784,16797,-0.0,162057.094,-114818.039,-0.0,0.133,6.909358625270745e+28,30.0,65.0,35,0.0,0.0,0.0,0.0,0.0,0.0,0.0,0.0,0.0,0.0,0.0,0.0,0.0,0.0,0.0,0.0,69.2,0,150,71,55,65476,0,300,0,1,8,20529,65476,0,0,40632,65.0,0.0,0.0,0.0,0.0,0.0
2026-09-04T20:35:55,ERR,ERR,ERR,ERR,ERR,ERR,ERR,ERR,ERR,ERR,ERR,ERR,ERR,ERR,ERR,ERR,ERR,ERR,ERR,ERR,ERR,ERR,ERR,ERR,ERR,ERR,ERR,ERR,ERR,ERR,ERR,ERR,ERR,ERR,ERR,ERR,ERR,ERR,ERR,ERR,ERR,ERR,ERR,ERR,ERR,ERR,ERR,ERR,ERR,ERR,ERR,ERR,ERR,ERR,ERR,ERR,ERR,ERR,ERR,ERR,ERR,ERR,ERR,ERR,ERR,ERR,ERR,ERR,ERR,ERR,ERR,ERR,ERR,ERR,ERR,ERR,ERR,ERR,ERR,ERR,ERR,ERR,ERR,ERR,ERR,ERR,ERR,ERR,ERR,ERR,ERR,ERR,ERR,ERR,ERR,ERR,ERR,ERR,ERR,ERR,ERR,ERR,ERR,ERR,ERR,ERR,ERR,ERR,ERR,ERR,ERR,ERR,ERR,ERR,ERR,ERR,ERR,ERR,ERR,ERR,ERR,ERR,ERR,ERR,ERR,0.0,0.0,0.0,0.0,0.0,1.3936040501711995e+18,7.805,0.0,0,0,4,0,7116,0.0,100,0.0,0.0,0.0,0.0,0.0,0,0,0,0,0.0,0,0,0,0,0,0,0,0,0,0,0,0,0,0,0,0,0,0,0,0,0,0,0,0,0,0,0,0,0,0,0,0,0,31,40,40,71,65476,0,300,0,0,8,21553,0.0,-107605600.0,0.0,0.0,0.0,0.0,0.0,0.0,0.0,0.0,0.0,0.0,0.0,0.0,0.0,0.0,0.0,0.0,0.0,0.0,0.0,0.0,-2.004,-0.0,-0.0,-2.004,0.0,0.0,0.0,0.0,6283.0,0.0,6917.0,0.0,0.0,2.7184303811560617e+23,0.0,0.0,0.0,0.0,0.0,69,-5.848086186001959e+35,0.0,0.0,0.0,0.0,0.0,0.0,0.0,0.0,0,0,0,0.0,0.0,0.0,0.0,0.0,0.0,0.0,0.0,0.0,0.0,0.0,0.0,0.0,0.0,0.0,0.0,0,-107875648.0,69,0.0,138,0.0,0.0,0,13107,17040,13107,17049,13107,17043,0,0,0,70,68,100,2.7302359370752657e+23,71.1,0.0,74.2,2.7302370179391762e+23,74.0,1,49,50,180,0,52429,0,0,0.0,0.0,0.0,0.0,-0.0,67.0,0.0,162057.094,0.0,751,0,739,0,0,0,721,0,766,0,736,0,742,0,741,0,712,0,7520,0.032,78920024064.0,0.0,0.0,784,16797,-0.0,162057.094,-114818.039,-0.0,0.133,6.909358625270745e+28,30.0,65.0,35,0.0,0.0,0.0,0.0,0.0,0.0,0.0,0.0,0.0,0.0,0.0,0.0,0.0,0.0,0.0,0.0,69.6,0,150,71,55,65476,0,300,0,1,8,20529,65476,0,0,40632,65.0,0.0,0.0,0.0,0.0,0.0
2026-09-04T20:35:56,ERR,ERR,ERR,ERR,ERR,ERR,ERR,ERR,ERR,ERR,ERR,ERR,ERR,ERR,ERR,ERR,ERR,ERR,ERR,ERR,ERR,ERR,ERR,ERR,ERR,ERR,ERR,ERR,ERR,ERR,ERR,ERR,ERR,ERR,ERR,ERR,ERR,ERR,ERR,ERR,ERR,ERR,ERR,ERR,ERR,ERR,ERR,ERR,ERR,ERR,ERR,ERR,ERR,ERR,ERR,ERR,ERR,ERR,ERR,ERR,ERR,ERR,ERR,ERR,ERR,ERR,ERR,ERR,ERR,ERR,ERR,ERR,ERR,ERR,ERR,ERR,ERR,ERR,ERR,ERR,ERR,ERR,ERR,ERR,ERR,ERR,ERR,ERR,ERR,ERR,ERR,ERR,ERR,ERR,ERR,ERR,ERR,ERR,ERR,ERR,ERR,ERR,ERR,ERR,ERR,ERR,ERR,ERR,ERR,ERR,ERR,ERR,ERR,ERR,ERR,ERR,ERR,ERR,ERR,ERR,ERR,ERR,ERR,ERR,ERR,0.0,0.0,0.0,0.0,0.0,1.3936040501711995e+18,7.805,0.0,0,0,4,0,7116,0.0,100,0.0,0.0,0.0,0.0,0.0,0,0,0,0,0.0,0,0,0,0,0,0,0,0,0,0,0,0,0,0,0,0,0,0,0,0,0,0,0,0,0,0,0,0,0,0,0,0,0,31,40,40,71,65476,0,300,0,0,8,21553,0.0,-107605600.0,0.0,0.0,0.0,0.0,0.0,0.0,0.0,0.0,0.0,0.0,0.0,0.0,0.0,0.0,0.0,0.0,0.0,0.0,0.0,0.0,-2.004,-0.0,-0.0,-2.004,0.0,0.0,0.0,0.0,6283.0,0.0,6917.0,0.0,0.0,2.7184303811560617e+23,0.0,0.0,0.0,0.0,0.0,69,-5.848086186001959e+35,0.0,0.0,0.0,0.0,0.0,0.0,0.0,0.0,0,0,0,0.0,0.0,0.0,0.0,0.0,0.0,0.0,0.0,0.0,0.0,0.0,0.0,0.0,0.0,0.0,0.0,0,-107875648.0,69,0.0,138,0.0,0.0,0,13107,17040,13107,17049,13107,17043,0,0,0,70,68,100,2.7302359370752657e+23,71.1,0.0,74.2,2.7302370179391762e+23,74.0,1,49,50,180,13107,52429,0,0,0.0,0.0,0.0,0.0,-0.0,67.0,0.0,162057.094,0.0,750,0,739,0,0,0,721,0,766,0,736,0,742,0,741,0,712,0,7520,0.032,79456894976.0,0.0,0.0,784,16797,-0.0,162057.094,-114818.039,-0.0,0.133,6.909358625270745e+28,30.0,65.0,35,0.0,0.0,0.0,0.0,0.0,0.0,0.0,0.0,0.0,0.0,0.0,0.0,0.0,0.0,0.0,0.0,69.6,0,150,71,55,65476,0,300,0,1,8,20529,65476,0,0,40632,65.0,0.0,0.0,0.0,0.0,0.0
2026-09-04T20:35:57,ERR,ERR,ERR,ERR,ERR,ERR,ERR,ERR,ERR,ERR,ERR,ERR,ERR,ERR,ERR,ERR,ERR,ERR,ERR,ERR,ERR,ERR,ERR,ERR,ERR,ERR,ERR,ERR,ERR,ERR,ERR,ERR,ERR,ERR,ERR,ERR,ERR,ERR,ERR,ERR,ERR,ERR,ERR,ERR,ERR,ERR,ERR,ERR,ERR,ERR,ERR,ERR,ERR,ERR,ERR,ERR,ERR,ERR,ERR,ERR,ERR,ERR,ERR,ERR,ERR,ERR,ERR,ERR,ERR,ERR,ERR,ERR,ERR,ERR,ERR,ERR,ERR,ERR,ERR,ERR,ERR,ERR,ERR,ERR,ERR,ERR,ERR,ERR,ERR,ERR,ERR,ERR,ERR,ERR,ERR,ERR,ERR,ERR,ERR,ERR,ERR,ERR,ERR,ERR,ERR,ERR,ERR,ERR,ERR,ERR,ERR,ERR,ERR,ERR,ERR,ERR,ERR,ERR,ERR,ERR,ERR,ERR,ERR,ERR,ERR,0.0,0.0,0.0,0.0,0.0,1.3936040501711995e+18,7.805,0.0,0,0,4,0,7116,0.0,100,0.0,0.0,0.0,0.0,0.0,0,0,0,0,0.0,0,0,0,0,0,0,0,0,0,0,0,0,0,0,0,0,0,0,0,0,0,0,0,0,0,0,0,0,0,0,0,0,0,31,40,40,71,65476,0,300,0,0,8,21553,0.0,-107605600.0,0.0,0.0,0.0,0.0,0.0,0.0,0.0,0.0,0.0,0.0,0.0,0.0,0.0,0.0,0.0,0.0,0.0,0.0,0.0,0.0,-2.004,-0.0,-0.0,-2.004,0.0,0.0,0.0,0.0,6283.0,0.0,6917.0,0.0,0.0,2.7184303811560617e+23,0.0,0.0,0.0,0.0,0.0,69,-5.848086186001959e+35,0.0,0.0,0.0,0.0,0.0,0.0,0.0,0.0,0,0,0,0.0,0.0,0.0,0.0,0.0,0.0,0.0,0.0,0.0,0.0,0.0,0.0,0.0,0.0,0.0,0.0,0,-107875648.0,69,0.0,138,0.0,0.0,0,13107,17040,13107,17049,13107,17043,0,0,0,70,68,100,2.7302359370752657e+23,71.1,0.0,74.2,2.7302370179391762e+23,74.0,1,49,50,180,13107,52429,0,0,0.0,0.0,0.0,0.0,-0.0,67.0,0.0,162057.094,0.0,750,0,739,0,0,0,721,0,766,0,736,0,742,0,741,0,712,0,7520,0.032,79456894976.0,0.0,0.0,784,16797,-0.0,162057.094,-114818.039,-0.0,0.133,6.909358625270745e+28,30.0,65.0,35,0.0,0.0,0.0,0.0,0.0,0.0,0.0,0.0,0.0,0.0,0.0,0.0,0.0,0.0,0.0,0.0,69.2,0,150,71,55,65476,0,300,0,1,8,20529,65476,0,0,40632,65.0,0.0,0.0,0.0,0.0,0.0
2026-09-04T20:35:58,ERR,ERR,ERR,ERR,ERR,ERR,ERR,ERR,ERR,ERR,ERR,ERR,ERR,ERR,ERR,ERR,ERR,ERR,ERR,ERR,ERR,ERR,ERR,ERR,ERR,ERR,ERR,ERR,ERR,ERR,ERR,ERR,ERR,ERR,ERR,ERR,ERR,ERR,ERR,ERR,ERR,ERR,ERR,ERR,ERR,ERR,ERR,ERR,ERR,ERR,ERR,ERR,ERR,ERR,ERR,ERR,ERR,ERR,ERR,ERR,ERR,ERR,ERR,ERR,ERR,ERR,ERR,ERR,ERR,ERR,ERR,ERR,ERR,ERR,ERR,ERR,ERR,ERR,ERR,ERR,ERR,ERR,ERR,ERR,ERR,ERR,ERR,ERR,ERR,ERR,ERR,ERR,ERR,ERR,ERR,ERR,ERR,ERR,ERR,ERR,ERR,ERR,ERR,ERR,ERR,ERR,ERR,ERR,ERR,ERR,ERR,ERR,ERR,ERR,ERR,ERR,ERR,ERR,ERR,ERR,ERR,ERR,ERR,ERR,ERR,0.0,0.0,0.0,0.0,0.0,1.3936040501711995e+18,7.805,0.0,0,0,4,0,7116,0.0,100,0.0,0.0,0.0,0.0,0.0,0,0,0,0,0.0,0,0,0,0,0,0,0,0,0,0,0,0,0,0,0,0,0,0,0,0,0,0,0,0,0,0,0,0,0,0,0,0,0,31,40,40,71,65476,0,300,0,0,8,21553,0.0,-107605600.0,0.0,0.0,0.0,0.0,0.0,0.0,0.0,0.0,0.0,0.0,0.0,0.0,0.0,0.0,0.0,0.0,0.0,0.0,0.0,0.0,-2.004,-0.0,-0.0,-2.004,0.0,0.0,0.0,0.0,6278.0,1.587936908900649e+29,6926.0,0.0,0.0,2.7184303811560617e+23,0.0,0.0,0.0,0.0,0.0,69,-2.3088415973249647e+20,4.066872925269804e+29,0.0,0.0,0.0,0.0,0.0,0.0,0.0,0,0,0,0.0,0.0,0.0,0.0,0.0,0.0,0.0,0.0,0.0,0.0,0.0,0.0,0.0,0.0,0.0,0.0,0,-107875648.0,69,0.0,138,0.0,0.0,0,13107,17040,13107,17049,13107,17043,0,0,0,70,68,100,2.7302359370752657e+23,71.1,0.0,74.2,2.7302370179391762e+23,74.0,1,49,50,180,13107,52429,0,0,0.0,0.0,0.0,0.0,-0.0,67.0,0.0,162057.094,0.0,750,0,739,0,0,0,721,0,766,0,736,0,742,0,741,0,712,0,7520,0.032,79456894976.0,0.0,0.0,784,16797,-0.0,162057.094,-114818.039,-0.0,0.133,6.909358625270745e+28,30.0,65.0,35,0.0,0.0,0.0,0.0,0.0,0.0,0.0,0.0,0.0,0.0,0.0,0.0,0.0,0.0,0.0,0.0,69.2,0,150,71,55,65476,0,300,0,1,8,20529,65476,0,0,40632,65.0,0.0,0.0,0.0,0.0,0.0
2026-09-04T20:35:59,ERR,ERR,ERR,ERR,ERR,ERR,ERR,ERR,ERR,ERR,ERR,ERR,ERR,ERR,ERR,ERR,ERR,ERR,ERR,ERR,ERR,ERR,ERR,ERR,ERR,ERR,ERR,ERR,ERR,ERR,ERR,ERR,ERR,ERR,ERR,ERR,ERR,ERR,ERR,ERR,ERR,ERR,ERR,ERR,ERR,ERR,ERR,ERR,ERR,ERR,ERR,ERR,ERR,ERR,ERR,ERR,ERR,ERR,ERR,ERR,ERR,ERR,ERR,ERR,ERR,ERR,ERR,ERR,ERR,ERR,ERR,ERR,ERR,ERR,ERR,ERR,ERR,ERR,ERR,ERR,ERR,ERR,ERR,ERR,ERR,ERR,ERR,ERR,ERR,ERR,ERR,ERR,ERR,ERR,ERR,ERR,ERR,ERR,ERR,ERR,ERR,ERR,ERR,ERR,ERR,ERR,ERR,ERR,ERR,ERR,ERR,ERR,ERR,ERR,ERR,ERR,ERR,ERR,ERR,ERR,ERR,ERR,ERR,ERR,ERR,0.0,0.0,0.0,0.0,0.0,1.3936040501711995e+18,7.805,0.0,0,0,4,0,7116,0.0,100,0.0,0.0,0.0,0.0,0.0,0,0,0,0,0.0,0,0,0,0,0,0,0,0,0,0,0,0,0,0,0,0,0,0,0,0,0,0,0,0,0,0,0,0,0,0,0,0,0,31,40,40,71,65476,0,300,0,0,8,21553,0.0,-107605600.0,0.0,0.0,0.0,0.0,0.0,0.0,0.0,0.0,0.0,0.0,0.0,0.0,0.0,0.0,0.0,0.0,0.0,0.0,0.0,0.0,-2.004,-0.0,-0.0,-2.004,0.0,0.0,0.0,0.0,6278.0,1.587936908900649e+29,6926.0,0.0,0.0,2.7184303811560617e+23,0.0,0.0,0.0,0.0,0.0,69,-2.3088415973249647e+20,4.066872925269804e+29,0.0,0.0,0.0,0.0,0.0,0.0,0.0,0,0,0,0.0,0.0,0.0,0.0,0.0,0.0,0.0,0.0,0.0,0.0,0.0,0.0,0.0,0.0,0.0,0.0,0,-107875648.0,69,0.0,138,0.0,0.0,0,13107,17040,13107,17049,13107,17043,0,0,0,70,68,100,2.7302359370752657e+23,71.1,0.0,74.2,2.7302370179391762e+23,74.0,1,49,50,180,0,52429,0,0,0.0,0.0,0.0,0.0,-0.0,67.0,0.0,162057.094,0.0,750,0,739,0,0,0,721,0,766,0,736,0,742,0,741,0,712,0,7520,0.032,79456894976.0,0.0,0.0,784,16797,-0.0,162057.094,-114818.039,-0.0,0.133,6.909358625270745e+28,30.0,65.0,35,0.0,0.0,0.0,0.0,0.0,0.0,0.0,0.0,0.0,0.0,0.0,0.0,0.0,0.0,0.0,0.0,69.6,0,150,71,55,65476,0,300,0,1,8,20529,65476,0,0,40632,65.0,0.0,0.0,0.0,0.0,0.0
2026-09-04T20:36:00,ERR,ERR,ERR,ERR,ERR,ERR,ERR,ERR,ERR,ERR,ERR,ERR,ERR,ERR,ERR,ERR,ERR,ERR,ERR,ERR,ERR,ERR,ERR,ERR,ERR,ERR,ERR,ERR,ERR,ERR,ERR,ERR,ERR,ERR,ERR,ERR,ERR,ERR,ERR,ERR,ERR,ERR,ERR,ERR,ERR,ERR,ERR,ERR,ERR,ERR,ERR,ERR,ERR,ERR,ERR,ERR,ERR,ERR,ERR,ERR,ERR,ERR,ERR,ERR,ERR,ERR,ERR,ERR,ERR,ERR,ERR,ERR,ERR,ERR,ERR,ERR,ERR,ERR,ERR,ERR,ERR,ERR,ERR,ERR,ERR,ERR,ERR,ERR,ERR,ERR,ERR,ERR,ERR,ERR,ERR,ERR,ERR,ERR,ERR,ERR,ERR,ERR,ERR,ERR,ERR,ERR,ERR,ERR,ERR,ERR,ERR,ERR,ERR,ERR,ERR,ERR,ERR,ERR,ERR,ERR,ERR,ERR,ERR,ERR,ERR,0.0,0.0,0.0,0.0,0.0,1.3936040501711995e+18,7.805,0.0,0,0,4,0,7116,0.0,100,0.0,0.0,0.0,0.0,0.0,0,0,0,0,0.0,0,0,0,0,0,0,0,0,0,0,0,0,0,0,0,0,0,0,0,0,0,0,0,0,0,0,0,0,0,0,0,0,0,31,40,40,71,65476,0,300,0,0,8,21553,0.0,-107605600.0,0.0,0.0,0.0,0.0,0.0,0.0,0.0,0.0,0.0,0.0,0.0,0.0,0.0,0.0,0.0,0.0,0.0,0.0,0.0,0.0,-2.004,-0.0,-0.0,-2.004,0.0,0.0,0.0,0.0,6278.0,1.587936908900649e+29,6926.0,0.0,0.0,2.7184303811560617e+23,0.0,0.0,0.0,0.0,0.0,69,-2.3088415973249647e+20,4.066872925269804e+29,0.0,0.0,0.0,0.0,0.0,0.0,0.0,0,0,0,0.0,0.0,0.0,0.0,0.0,0.0,0.0,0.0,0.0,0.0,0.0,0.0,0.0,0.0,0.0,0.0,0,-107875648.0,69,0.0,138,0.0,0.0,0,13107,17040,13107,17049,13107,17043,0,0,0,70,68,100,2.7302359370752657e+23,71.1,0.0,74.2,2.7302370179391762e+23,74.0,1,49,50,180,0,52429,0,0,0.0,0.0,0.0,0.0,-0.0,67.0,0.0,162057.094,0.0,750,0,739,0,0,0,721,0,766,0,736,0,742,0,741,0,712,0,7520,0.032,79456894976.0,0.0,0.0,784,16797,-0.0,162057.094,-114818.039,-0.0,0.133,6.909358625270745e+28,30.0,65.0,35,0.0,0.0,0.0,0.0,0.0,0.0,0.0,0.0,0.0,0.0,0.0,0.0,0.0,0.0,0.0,0.0,69.6,0,150,71,55,65476,0,300,0,1,8,20529,65476,0,0,40632,65.0,0.0,0.0,0.0,0.0,0.0
2026-09-04T20:36:01,ERR,ERR,ERR,ERR,ERR,ERR,ERR,ERR,ERR,ERR,ERR,ERR,ERR,ERR,ERR,ERR,ERR,ERR,ERR,ERR,ERR,ERR,ERR,ERR,ERR,ERR,ERR,ERR,ERR,ERR,ERR,ERR,ERR,ERR,ERR,ERR,ERR,ERR,ERR,ERR,ERR,ERR,ERR,ERR,ERR,ERR,ERR,ERR,ERR,ERR,ERR,ERR,ERR,ERR,ERR,ERR,ERR,ERR,ERR,ERR,ERR,ERR,ERR,ERR,ERR,ERR,ERR,ERR,ERR,ERR,ERR,ERR,ERR,ERR,ERR,ERR,ERR,ERR,ERR,ERR,ERR,ERR,ERR,ERR,ERR,ERR,ERR,ERR,ERR,ERR,ERR,ERR,ERR,ERR,ERR,ERR,ERR,ERR,ERR,ERR,ERR,ERR,ERR,ERR,ERR,ERR,ERR,ERR,ERR,ERR,ERR,ERR,ERR,ERR,ERR,ERR,ERR,ERR,ERR,ERR,ERR,ERR,ERR,ERR,ERR,0.0,0.0,0.0,0.0,0.0,1.3936040501711995e+18,7.805,0.0,0,0,4,0,7116,0.0,100,0.0,0.0,0.0,0.0,0.0,0,0,0,0,0.0,0,0,0,0,0,0,0,0,0,0,0,0,0,0,0,0,0,0,0,0,0,0,0,0,0,0,0,0,0,0,0,0,0,31,40,40,71,65476,0,300,0,0,8,21553,0.0,-107605600.0,0.0,0.0,0.0,0.0,0.0,0.0,0.0,0.0,0.0,0.0,0.0,0.0,0.0,0.0,0.0,0.0,0.0,0.0,0.0,0.0,-2.004,-0.0,-0.0,-2.004,0.0,0.0,0.0,0.0,6278.0,1.587936908900649e+29,6926.0,0.0,0.0,2.7184303811560617e+23,0.0,0.0,0.0,0.0,0.0,69,-2.3088415973249647e+20,4.066872925269804e+29,0.0,0.0,0.0,0.0,0.0,0.0,0.0,0,0,0,0.0,0.0,0.0,0.0,0.0,0.0,0.0,0.0,0.0,0.0,0.0,0.0,0.0,0.0,0.0,0.0,0,-107875648.0,69,0.0,138,0.0,0.0,0,13107,17040,13107,17049,13107,17043,0,0,0,70,68,100,2.7302359370752657e+23,71.1,0.0,74.2,2.7302370179391762e+23,74.0,1,49,50,180,0,52429,0,0,0.0,0.0,0.0,0.0,-0.0,67.0,0.0,162057.094,0.0,750,0,739,0,0,0,721,0,766,0,736,0,742,0,741,0,712,0,7520,0.032,79456894976.0,0.0,0.0,784,16797,-0.0,162057.094,-114818.039,-0.0,0.133,6.909358625270745e+28,30.0,65.0,35,0.0,0.0,0.0,0.0,0.0,0.0,0.0,0.0,0.0,0.0,0.0,0.0,0.0,0.0,0.0,0.0,69.2,0,150,71,55,65476,0,300,0,1,8,20529,65476,0,0,40632,65.0,0.0,0.0,0.0,0.0,0.0
2026-09-04T20:36:02,ERR,ERR,ERR,ERR,ERR,ERR,ERR,ERR,ERR,ERR,ERR,ERR,ERR,ERR,ERR,ERR,ERR,ERR,ERR,ERR,ERR,ERR,ERR,ERR,ERR,ERR,ERR,ERR,ERR,ERR,ERR,ERR,ERR,ERR,ERR,ERR,ERR,ERR,ERR,ERR,ERR,ERR,ERR,ERR,ERR,ERR,ERR,ERR,ERR,ERR,ERR,ERR,ERR,ERR,ERR,ERR,ERR,ERR,ERR,ERR,ERR,ERR,ERR,ERR,ERR,ERR,ERR,ERR,ERR,ERR,ERR,ERR,ERR,ERR,ERR,ERR,ERR,ERR,ERR,ERR,ERR,ERR,ERR,ERR,ERR,ERR,ERR,ERR,ERR,ERR,ERR,ERR,ERR,ERR,ERR,ERR,ERR,ERR,ERR,ERR,ERR,ERR,ERR,ERR,ERR,ERR,ERR,ERR,ERR,ERR,ERR,ERR,ERR,ERR,ERR,ERR,ERR,ERR,ERR,ERR,ERR,ERR,ERR,ERR,ERR,0.0,0.0,0.0,0.0,0.0,1.3936040501711995e+18,7.805,0.0,0,0,4,0,7116,0.0,100,0.0,0.0,0.0,0.0,0.0,0,0,0,0,0.0,0,0,0,0,0,0,0,0,0,0,0,0,0,0,0,0,0,0,0,0,0,0,0,0,0,0,0,0,0,0,0,0,0,31,40,40,71,65476,0,300,0,0,8,21553,0.0,-107605600.0,0.0,0.0,0.0,0.0,0.0,0.0,0.0,0.0,0.0,0.0,0.0,0.0,0.0,0.0,0.0,0.0,0.0,0.0,0.0,0.0,-2.004,-0.0,-0.0,-2.004,0.0,0.0,0.0,0.0,6278.0,1.587936908900649e+29,6926.0,0.0,0.0,2.7184303811560617e+23,0.0,0.0,0.0,0.0,0.0,69,-2.3088415973249647e+20,4.066872925269804e+29,0.0,0.0,0.0,0.0,0.0,0.0,0.0,0,0,0,0.0,0.0,0.0,0.0,0.0,0.0,0.0,0.0,0.0,0.0,0.0,0.0,0.0,0.0,0.0,0.0,0,-107875648.0,69,0.0,138,0.0,0.0,0,13107,17040,13107,17049,13107,17043,0,0,0,70,68,100,2.7302359370752657e+23,71.1,0.0,74.2,2.7302370179391762e+23,74.0,1,49,50,180,0,52429,0,0,0.0,0.0,0.0,0.0,-0.0,67.0,0.0,162057.094,0.0,750,0,739,0,0,0,721,0,766,0,736,0,742,0,741,0,712,0,7520,0.032,79456894976.0,0.0,0.0,784,16797,-0.0,162057.094,-114818.039,-0.0,0.133,6.909358625270745e+28,30.0,65.0,35,0.0,0.0,0.0,0.0,0.0,0.0,0.0,0.0,0.0,0.0,0.0,0.0,0.0,0.0,0.0,0.0,69.2,0,150,71,55,65476,0,300,0,1,8,20529,65476,0,0,40632,65.0,0.0,0.0,0.0,0.0,0.0
2026-09-04T20:36:03,ERR,ERR,ERR,ERR,ERR,ERR,ERR,ERR,ERR,ERR,ERR,ERR,ERR,ERR,ERR,ERR,ERR,ERR,ERR,ERR,ERR,ERR,ERR,ERR,ERR,ERR,ERR,ERR,ERR,ERR,ERR,ERR,ERR,ERR,ERR,ERR,ERR,ERR,ERR,ERR,ERR,ERR,ERR,ERR,ERR,ERR,ERR,ERR,ERR,ERR,ERR,ERR,ERR,ERR,ERR,ERR,ERR,ERR,ERR,ERR,ERR,ERR,ERR,ERR,ERR,ERR,ERR,ERR,ERR,ERR,ERR,ERR,ERR,ERR,ERR,ERR,ERR,ERR,ERR,ERR,ERR,ERR,ERR,ERR,ERR,ERR,ERR,ERR,ERR,ERR,ERR,ERR,ERR,ERR,ERR,ERR,ERR,ERR,ERR,ERR,ERR,ERR,ERR,ERR,ERR,ERR,ERR,ERR,ERR,ERR,ERR,ERR,ERR,ERR,ERR,ERR,ERR,ERR,ERR,ERR,ERR,ERR,ERR,ERR,ERR,0.0,0.0,0.0,0.0,0.0,1.3936040501711995e+18,7.805,0.0,0,0,4,0,7116,0.0,100,0.0,0.0,0.0,0.0,0.0,0,0,0,0,0.0,0,0,0,0,0,0,0,0,0,0,0,0,0,0,0,0,0,0,0,0,0,0,0,0,0,0,0,0,0,0,0,0,0,31,40,40,71,65476,0,300,0,0,8,21553,0.0,-107605600.0,0.0,0.0,0.0,0.0,0.0,0.0,0.0,0.0,0.0,0.0,0.0,0.0,0.0,0.0,0.0,0.0,0.0,0.0,0.0,0.0,-2.004,-0.0,-0.0,-2.004,0.0,0.0,0.0,0.0,6278.0,1.587936908900649e+29,6926.0,0.0,0.0,2.7184303811560617e+23,0.0,0.0,0.0,0.0,0.0,69,-2.3088415973249647e+20,4.066872925269804e+29,0.0,0.0,0.0,0.0,0.0,0.0,0.0,0,0,0,0.0,0.0,0.0,0.0,0.0,0.0,0.0,0.0,0.0,0.0,0.0,0.0,0.0,0.0,0.0,0.0,0,-107875648.0,69,0.0,138,0.0,0.0,0,13107,17040,13107,17049,13107,17043,0,0,0,70,68,100,2.7302359370752657e+23,71.1,0.0,74.2,2.7302370179391762e+23,74.0,1,49,50,180,0,52429,0,0,0.0,0.0,0.0,0.0,-0.0,67.0,0.0,162057.094,0.0,750,0,739,0,0,0,721,0,766,0,736,0,742,0,741,0,712,0,7520,0.032,79456894976.0,0.0,0.0,784,16797,-0.0,162057.094,-114818.039,-0.0,0.133,6.909358625270745e+28,30.0,65.0,35,0.0,0.0,0.0,0.0,0.0,0.0,0.0,0.0,0.0,0.0,0.0,0.0,0.0,0.0,0.0,0.0,69.2,0,150,71,55,65476,0,300,0,1,8,20529,65476,0,0,40632,65.0,0.0,0.0,0.0,0.0,0.0
2026-09-04T20:36:04,ERR,ERR,ERR,ERR,ERR,ERR,ERR,ERR,ERR,ERR,ERR,ERR,ERR,ERR,ERR,ERR,ERR,ERR,ERR,ERR,ERR,ERR,ERR,ERR,ERR,ERR,ERR,ERR,ERR,ERR,ERR,ERR,ERR,ERR,ERR,ERR,ERR,ERR,ERR,ERR,ERR,ERR,ERR,ERR,ERR,ERR,ERR,ERR,ERR,ERR,ERR,ERR,ERR,ERR,ERR,ERR,ERR,ERR,ERR,ERR,ERR,ERR,ERR,ERR,ERR,ERR,ERR,ERR,ERR,ERR,ERR,ERR,ERR,ERR,ERR,ERR,ERR,ERR,ERR,ERR,ERR,ERR,ERR,ERR,ERR,ERR,ERR,ERR,ERR,ERR,ERR,ERR,ERR,ERR,ERR,ERR,ERR,ERR,ERR,ERR,ERR,ERR,ERR,ERR,ERR,ERR,ERR,ERR,ERR,ERR,ERR,ERR,ERR,ERR,ERR,ERR,ERR,ERR,ERR,ERR,ERR,ERR,ERR,ERR,ERR,0.0,0.0,0.0,0.0,0.0,1.3936040501711995e+18,7.805,0.0,0,0,4,0,7116,0.0,100,0.0,0.0,0.0,0.0,0.0,0,0,0,0,0.0,0,0,0,0,0,0,0,0,0,0,0,0,0,0,0,0,0,0,0,0,0,0,0,0,0,0,0,0,0,0,0,0,0,31,40,40,71,65476,0,300,0,0,8,21553,0.0,-107605600.0,0.0,0.0,0.0,0.0,0.0,0.0,0.0,0.0,0.0,0.0,0.0,0.0,0.0,0.0,0.0,0.0,0.0,0.0,0.0,0.0,-2.004,-0.0,-0.0,-2.004,0.0,0.0,0.0,0.0,6284.0,-8608223232.0,6939.0,0.0,0.0,2.7184303811560617e+23,0.0,0.0,0.0,0.0,0.0,69,0.0,-4.9504212476177815e+32,0.0,0.0,0.0,0.0,0.0,0.0,0.0,0,0,0,0.0,0.0,0.0,0.0,0.0,0.0,0.0,0.0,0.0,0.0,0.0,0.0,0.0,0.0,0.0,0.0,0,-107875648.0,69,0.0,138,0.0,0.0,0,13107,17040,13107,17049,13107,17043,0,0,0,70,68,100,2.7302359370752657e+23,71.1,0.0,74.2,2.7302370179391762e+23,74.0,1,49,50,180,0,52429,0,0,0.0,0.0,0.0,0.0,-0.0,67.0,0.0,162057.094,0.0,750,0,739,0,0,0,721,0,766,0,736,0,742,0,741,0,712,0,7520,0.032,79456894976.0,0.0,0.0,784,16797,-0.0,162057.094,-114818.039,-0.0,0.133,6.909358625270745e+28,30.0,65.0,35,0.0,0.0,0.0,0.0,0.0,0.0,0.0,0.0,0.0,0.0,0.0,0.0,0.0,0.0,0.0,0.0,69.2,0,150,71,55,65476,0,300,0,1,8,20529,65476,0,0,40632,65.0,0.0,0.0,0.0,0.0,0.0
2026-09-04T20:36:05,ERR,ERR,ERR,ERR,ERR,ERR,ERR,ERR,ERR,ERR,ERR,ERR,ERR,ERR,ERR,ERR,ERR,ERR,ERR,ERR,ERR,ERR,ERR,ERR,ERR,ERR,ERR,ERR,ERR,ERR,ERR,ERR,ERR,ERR,ERR,ERR,ERR,ERR,ERR,ERR,ERR,ERR,ERR,ERR,ERR,ERR,ERR,ERR,ERR,ERR,ERR,ERR,ERR,ERR,ERR,ERR,ERR,ERR,ERR,ERR,ERR,ERR,ERR,ERR,ERR,ERR,ERR,ERR,ERR,ERR,ERR,ERR,ERR,ERR,ERR,ERR,ERR,ERR,ERR,ERR,ERR,ERR,ERR,ERR,ERR,ERR,ERR,ERR,ERR,ERR,ERR,ERR,ERR,ERR,ERR,ERR,ERR,ERR,ERR,ERR,ERR,ERR,ERR,ERR,ERR,ERR,ERR,ERR,ERR,ERR,ERR,ERR,ERR,ERR,ERR,ERR,ERR,ERR,ERR,ERR,ERR,ERR,ERR,ERR,ERR,0.0,0.0,0.0,0.0,0.0,1.3936040501711995e+18,7.805,0.0,0,0,4,0,7116,0.0,100,0.0,0.0,0.0,0.0,0.0,0,0,0,0,0.0,0,0,0,0,0,0,0,0,0,0,0,0,0,0,0,0,0,0,0,0,0,0,0,0,0,0,0,0,0,0,0,0,0,31,40,40,71,65476,0,300,0,0,8,21553,0.0,-107605600.0,0.0,0.0,0.0,0.0,0.0,0.0,0.0,0.0,0.0,0.0,0.0,0.0,0.0,0.0,0.0,0.0,0.0,0.0,0.0,0.0,-2.004,-0.0,-0.0,-2.004,0.0,0.0,0.0,0.0,6284.0,-8608223232.0,6939.0,0.0,0.0,2.7184303811560617e+23,0.0,0.0,0.0,0.0,0.0,69,0.0,-4.9504212476177815e+32,0.0,0.0,0.0,0.0,0.0,0.0,0.0,0,0,0,0.0,0.0,0.0,0.0,0.0,0.0,0.0,0.0,0.0,0.0,0.0,0.0,0.0,0.0,0.0,0.0,0,-107875648.0,69,0.0,138,0.0,0.0,0,13107,17040,13107,17049,13107,17043,0,0,0,70,68,100,2.7302359370752657e+23,71.1,0.0,74.2,2.7302370179391762e+23,74.0,1,49,50,180,0,52429,0,0,0.0,0.0,0.0,0.0,-0.0,67.0,0.0,162057.094,0.0,750,0,739,0,0,0,721,0,766,0,736,0,742,0,741,0,712,0,7520,0.032,79456894976.0,0.0,0.0,784,16797,-0.0,162057.094,-114818.039,-0.0,0.133,6.909358625270745e+28,30.0,65.0,35,0.0,0.0,0.0,0.0,0.0,0.0,0.0,0.0,0.0,0.0,0.0,0.0,0.0,0.0,0.0,0.0,69.2,0,150,71,55,65476,0,300,0,1,8,20529,65476,0,0,40632,65.0,0.0,0.0,0.0,0.0,0.0
2026-09-04T20:36:06,ERR,ERR,ERR,ERR,ERR,ERR,ERR,ERR,ERR,ERR,ERR,ERR,ERR,ERR,ERR,ERR,ERR,ERR,ERR,ERR,ERR,ERR,ERR,ERR,ERR,ERR,ERR,ERR,ERR,ERR,ERR,ERR,ERR,ERR,ERR,ERR,ERR,ERR,ERR,ERR,ERR,ERR,ERR,ERR,ERR,ERR,ERR,ERR,ERR,ERR,ERR,ERR,ERR,ERR,ERR,ERR,ERR,ERR,ERR,ERR,ERR,ERR,ERR,ERR,ERR,ERR,ERR,ERR,ERR,ERR,ERR,ERR,ERR,ERR,ERR,ERR,ERR,ERR,ERR,ERR,ERR,ERR,ERR,ERR,ERR,ERR,ERR,ERR,ERR,ERR,ERR,ERR,ERR,ERR,ERR,ERR,ERR,ERR,ERR,ERR,ERR,ERR,ERR,ERR,ERR,ERR,ERR,ERR,ERR,ERR,ERR,ERR,ERR,ERR,ERR,ERR,ERR,ERR,ERR,ERR,ERR,ERR,ERR,ERR,ERR,0.0,0.0,0.0,0.0,0.0,1.3936040501711995e+18,7.805,0.0,0,0,4,0,7116,0.0,100,0.0,0.0,0.0,0.0,0.0,0,0,0,0,0.0,0,0,0,0,0,0,0,0,0,0,0,0,0,0,0,0,0,0,0,0,0,0,0,0,0,0,0,0,0,0,0,0,0,31,40,40,71,65476,0,300,0,0,8,21553,0.0,-107605600.0,0.0,0.0,0.0,0.0,0.0,0.0,0.0,0.0,0.0,0.0,0.0,0.0,0.0,0.0,0.0,0.0,0.0,0.0,0.0,0.0,-2.004,-0.0,-0.0,-2.004,0.0,0.0,0.0,0.0,6284.0,-8608223232.0,6939.0,0.0,0.0,2.7184303811560617e+23,0.0,0.0,0.0,0.0,0.0,69,0.0,-4.9504212476177815e+32,0.0,0.0,0.0,0.0,0.0,0.0,0.0,0,0,0,0.0,0.0,0.0,0.0,0.0,0.0,0.0,0.0,0.0,0.0,0.0,0.0,0.0,0.0,0.0,0.0,0,-107875648.0,69,0.0,138,0.0,0.0,0,13107,17040,13107,17049,13107,17043,0,0,0,70,68,100,2.7302359370752657e+23,71.1,0.0,74.2,2.7302370179391762e+23,74.0,1,49,50,180,0,52429,0,0,0.0,0.0,0.0,0.0,-0.0,67.0,0.0,162057.094,0.0,750,0,739,0,0,0,721,0,766,0,736,0,742,0,741,0,712,0,7520,0.032,79456894976.0,0.0,0.0,784,16797,-0.0,162057.094,-114818.039,-0.0,0.133,6.909358625270745e+28,30.0,65.0,35,0.0,0.0,0.0,0.0,0.0,0.0,0.0,0.0,0.0,0.0,0.0,0.0,0.0,0.0,0.0,0.0,69.2,0,150,71,55,65476,0,300,0,1,8,20529,65476,0,0,40632,65.0,0.0,0.0,0.0,0.0,0.0
2026-09-04T20:36:07,ERR,ERR,ERR,ERR,ERR,ERR,ERR,ERR,ERR,ERR,ERR,ERR,ERR,ERR,ERR,ERR,ERR,ERR,ERR,ERR,ERR,ERR,ERR,ERR,ERR,ERR,ERR,ERR,ERR,ERR,ERR,ERR,ERR,ERR,ERR,ERR,ERR,ERR,ERR,ERR,ERR,ERR,ERR,ERR,ERR,ERR,ERR,ERR,ERR,ERR,ERR,ERR,ERR,ERR,ERR,ERR,ERR,ERR,ERR,ERR,ERR,ERR,ERR,ERR,ERR,ERR,ERR,ERR,ERR,ERR,ERR,ERR,ERR,ERR,ERR,ERR,ERR,ERR,ERR,ERR,ERR,ERR,ERR,ERR,ERR,ERR,ERR,ERR,ERR,ERR,ERR,ERR,ERR,ERR,ERR,ERR,ERR,ERR,ERR,ERR,ERR,ERR,ERR,ERR,ERR,ERR,ERR,ERR,ERR,ERR,ERR,ERR,ERR,ERR,ERR,ERR,ERR,ERR,ERR,ERR,ERR,ERR,ERR,ERR,ERR,0.0,0.0,0.0,0.0,0.0,1.3936040501711995e+18,7.805,0.0,0,0,4,0,7116,0.0,100,0.0,0.0,0.0,0.0,0.0,0,0,0,0,0.0,0,0,0,0,0,0,0,0,0,0,0,0,0,0,0,0,0,0,0,0,0,0,0,0,0,0,0,0,0,0,0,0,0,31,40,40,71,65476,0,300,0,0,8,21553,0.0,-107605600.0,0.0,0.0,0.0,0.0,0.0,0.0,0.0,0.0,0.0,0.0,0.0,0.0,0.0,0.0,0.0,0.0,0.0,0.0,0.0,0.0,-2.004,-0.0,-0.0,-2.004,0.0,0.0,0.0,0.0,6284.0,-8608223232.0,6939.0,0.0,0.0,2.7184303811560617e+23,0.0,0.0,0.0,0.0,0.0,69,0.0,-4.9504212476177815e+32,0.0,0.0,0.0,0.0,0.0,0.0,0.0,0,0,0,0.0,0.0,0.0,0.0,0.0,0.0,0.0,0.0,0.0,0.0,0.0,0.0,0.0,0.0,0.0,0.0,0,-107875648.0,69,0.0,138,0.0,0.0,0,13107,17040,13107,17049,13107,17043,0,0,0,70,68,100,2.7302359370752657e+23,71.1,0.0,74.2,2.7302370179391762e+23,74.0,1,49,50,180,0,52429,0,0,0.0,0.0,0.0,0.0,-0.0,67.0,0.0,162057.094,0.0,750,0,739,0,0,0,721,0,766,0,736,0,742,0,741,0,712,0,7520,0.032,79456894976.0,0.0,0.0,784,16797,-0.0,162057.094,-114818.039,-0.0,0.133,6.909358625270745e+28,30.0,65.0,35,0.0,0.0,0.0,0.0,0.0,0.0,0.0,0.0,0.0,0.0,0.0,0.0,0.0,0.0,0.0,0.0,69.2,0,150,71,55,65476,0,300,0,1,8,20529,65476,0,0,40632,65.0,0.0,0.0,0.0,0.0,0.0
2026-09-04T20:36:08,ERR,ERR,ERR,ERR,ERR,ERR,ERR,ERR,ERR,ERR,ERR,ERR,ERR,ERR,ERR,ERR,ERR,ERR,ERR,ERR,ERR,ERR,ERR,ERR,ERR,ERR,ERR,ERR,ERR,ERR,ERR,ERR,ERR,ERR,ERR,ERR,ERR,ERR,ERR,ERR,ERR,ERR,ERR,ERR,ERR,ERR,ERR,ERR,ERR,ERR,ERR,ERR,ERR,ERR,ERR,ERR,ERR,ERR,ERR,ERR,ERR,ERR,ERR,ERR,ERR,ERR,ERR,ERR,ERR,ERR,ERR,ERR,ERR,ERR,ERR,ERR,ERR,ERR,ERR,ERR,ERR,ERR,ERR,ERR,ERR,ERR,ERR,ERR,ERR,ERR,ERR,ERR,ERR,ERR,ERR,ERR,ERR,ERR,ERR,ERR,ERR,ERR,ERR,ERR,ERR,ERR,ERR,ERR,ERR,ERR,ERR,ERR,ERR,ERR,ERR,ERR,ERR,ERR,ERR,ERR,ERR,ERR,ERR,ERR,ERR,0.0,0.0,0.0,0.0,0.0,1.3936040501711995e+18,7.805,0.0,0,0,4,0,7116,0.0,100,0.0,0.0,0.0,0.0,0.0,0,0,0,0,0.0,0,0,0,0,0,0,0,0,0,0,0,0,0,0,0,0,0,0,0,0,0,0,0,0,0,0,0,0,0,0,0,0,0,31,40,40,71,65476,0,300,0,0,8,21553,0.0,-107605600.0,0.0,0.0,0.0,0.0,0.0,0.0,0.0,0.0,0.0,0.0,0.0,0.0,0.0,0.0,0.0,0.0,0.0,0.0,0.0,0.0,-2.004,-0.0,-0.0,-2.004,0.0,0.0,0.0,0.0,6284.0,-8608223232.0,6939.0,0.0,0.0,2.7184303811560617e+23,0.0,0.0,0.0,0.0,0.0,69,0.0,-4.9504212476177815e+32,0.0,0.0,0.0,0.0,0.0,0.0,0.0,0,0,0,0.0,0.0,0.0,0.0,0.0,0.0,0.0,0.0,0.0,0.0,0.0,0.0,0.0,0.0,0.0,0.0,0,-107875648.0,69,0.0,138,0.0,0.0,0,13107,17040,13107,17049,13107,17043,0,0,0,70,68,100,2.7302359370752657e+23,71.1,0.0,74.2,2.7302370179391762e+23,74.0,1,49,50,180,0,52429,0,0,0.0,0.0,0.0,0.0,-0.0,67.0,0.0,162057.094,0.0,750,0,739,0,0,0,721,0,766,0,736,0,742,0,741,0,712,0,7520,0.032,79456894976.0,0.0,0.0,784,16797,-0.0,162057.094,-114818.039,-0.0,0.133,6.909358625270745e+28,30.0,65.0,35,0.0,0.0,0.0,0.0,0.0,0.0,0.0,0.0,0.0,0.0,0.0,0.0,0.0,0.0,0.0,0.0,69.2,0,150,71,55,65476,0,300,0,1,8,20529,65476,0,0,40632,65.0,0.0,0.0,0.0,0.0,0.0
2026-09-04T20:36:09,ERR,ERR,ERR,ERR,ERR,ERR,ERR,ERR,ERR,ERR,ERR,ERR,ERR,ERR,ERR,ERR,ERR,ERR,ERR,ERR,ERR,ERR,ERR,ERR,ERR,ERR,ERR,ERR,ERR,ERR,ERR,ERR,ERR,ERR,ERR,ERR,ERR,ERR,ERR,ERR,ERR,ERR,ERR,ERR,ERR,ERR,ERR,ERR,ERR,ERR,ERR,ERR,ERR,ERR,ERR,ERR,ERR,ERR,ERR,ERR,ERR,ERR,ERR,ERR,ERR,ERR,ERR,ERR,ERR,ERR,ERR,ERR,ERR,ERR,ERR,ERR,ERR,ERR,ERR,ERR,ERR,ERR,ERR,ERR,ERR,ERR,ERR,ERR,ERR,ERR,ERR,ERR,ERR,ERR,ERR,ERR,ERR,ERR,ERR,ERR,ERR,ERR,ERR,ERR,ERR,ERR,ERR,ERR,ERR,ERR,ERR,ERR,ERR,ERR,ERR,ERR,ERR,ERR,ERR,ERR,ERR,ERR,ERR,ERR,ERR,0.0,0.0,0.0,0.0,0.0,1.3936040501711995e+18,7.805,0.0,0,0,4,0,7116,0.0,100,0.0,0.0,0.0,0.0,0.0,0,0,0,0,0.0,0,0,0,0,0,0,0,0,0,0,0,0,0,0,0,0,0,0,0,0,0,0,0,0,0,0,0,0,0,0,0,0,0,31,40,40,71,65476,0,300,0,0,8,21553,0.0,-107605600.0,0.0,0.0,0.0,0.0,0.0,0.0,0.0,0.0,0.0,0.0,0.0,0.0,0.0,0.0,0.0,0.0,0.0,0.0,0.0,0.0,-2.004,-0.0,-0.0,-2.004,0.0,0.0,0.0,0.0,6284.0,-8608223232.0,6939.0,0.0,0.0,2.7184303811560617e+23,0.0,0.0,0.0,0.0,0.0,69,0.0,-4.9504212476177815e+32,0.0,0.0,0.0,0.0,0.0,0.0,0.0,0,0,0,0.0,0.0,0.0,0.0,0.0,0.0,0.0,0.0,0.0,0.0,0.0,0.0,0.0,0.0,0.0,0.0,0,-107875648.0,69,0.0,138,0.0,0.0,0,13107,17040,13107,17049,13107,17043,0,0,0,70,68,100,2.7302359370752657e+23,70.6,0.0,74.2,2.7302370179391762e+23,74.0,1,49,50,180,0,52429,0,0,0.0,0.0,0.0,0.0,-0.0,67.0,0.0,162057.094,0.0,750,0,739,0,0,0,721,0,766,0,736,0,742,0,741,0,712,0,7520,0.032,79456894976.0,0.0,0.0,784,16797,-0.0,162057.094,-114818.039,-0.0,0.133,6.909358625270745e+28,30.0,65.0,35,0.0,0.0,0.0,0.0,0.0,0.0,0.0,0.0,0.0,0.0,0.0,0.0,0.0,0.0,0.0,0.0,69.2,0,150,71,55,65476,0,300,0,1,8,20529,65476,0,0,40632,65.0,0.0,0.0,0.0,0.0,0.0
2026-09-04T20:36:10,ERR,ERR,ERR,ERR,ERR,ERR,ERR,ERR,ERR,ERR,ERR,ERR,ERR,ERR,ERR,ERR,ERR,ERR,ERR,ERR,ERR,ERR,ERR,ERR,ERR,ERR,ERR,ERR,ERR,ERR,ERR,ERR,ERR,ERR,ERR,ERR,ERR,ERR,ERR,ERR,ERR,ERR,ERR,ERR,ERR,ERR,ERR,ERR,ERR,ERR,ERR,ERR,ERR,ERR,ERR,ERR,ERR,ERR,ERR,ERR,ERR,ERR,ERR,ERR,ERR,ERR,ERR,ERR,ERR,ERR,ERR,ERR,ERR,ERR,ERR,ERR,ERR,ERR,ERR,ERR,ERR,ERR,ERR,ERR,ERR,ERR,ERR,ERR,ERR,ERR,ERR,ERR,ERR,ERR,ERR,ERR,ERR,ERR,ERR,ERR,ERR,ERR,ERR,ERR,ERR,ERR,ERR,ERR,ERR,ERR,ERR,ERR,ERR,ERR,ERR,ERR,ERR,ERR,ERR,ERR,ERR,ERR,ERR,ERR,ERR,0.0,0.0,0.0,0.0,0.0,1.3936040501711995e+18,7.805,0.0,0,0,4,0,7116,0.0,100,0.0,0.0,0.0,0.0,0.0,0,0,0,0,0.0,0,0,0,0,0,0,0,0,0,0,0,0,0,0,0,0,0,0,0,0,0,0,0,0,0,0,0,0,0,0,0,0,0,31,40,40,71,65476,0,300,0,0,8,21553,0.0,-107605600.0,0.0,0.0,0.0,0.0,0.0,0.0,0.0,0.0,0.0,0.0,0.0,0.0,0.0,0.0,0.0,0.0,0.0,0.0,0.0,0.0,-2.004,-0.0,-0.0,-2.004,0.0,0.0,0.0,0.0,6284.0,-8608223232.0,6939.0,0.0,0.0,2.7184303811560617e+23,0.0,0.0,0.0,0.0,0.0,69,0.0,-4.9504212476177815e+32,0.0,0.0,0.0,0.0,0.0,0.0,0.0,0,0,0,0.0,0.0,0.0,0.0,0.0,0.0,0.0,0.0,0.0,0.0,0.0,0.0,0.0,0.0,0.0,0.0,0,-107875648.0,69,0.0,138,0.0,0.0,0,13107,17040,13107,17049,13107,17043,0,0,0,70,68,100,2.7302359370752657e+23,70.6,0.0,74.2,2.7302370179391762e+23,74.0,1,49,50,180,0,52429,0,0,0.0,0.0,0.0,0.0,-0.0,67.0,0.0,162057.094,0.0,750,0,739,0,0,0,721,0,766,0,736,0,742,0,741,0,712,0,7520,0.032,79456894976.0,0.0,0.0,784,16797,-0.0,162057.094,-114818.039,-0.0,0.133,6.909358625270745e+28,30.0,65.0,35,0.0,0.0,0.0,0.0,0.0,0.0,0.0,0.0,0.0,0.0,0.0,0.0,0.0,0.0,0.0,0.0,69.2,0,150,71,55,65476,0,300,0,1,8,20529,65476,0,0,40632,65.0,0.0,0.0,0.0,0.0,0.0
2026-09-04T20:36:11,ERR,ERR,ERR,ERR,ERR,ERR,ERR,ERR,ERR,ERR,ERR,ERR,ERR,ERR,ERR,ERR,ERR,ERR,ERR,ERR,ERR,ERR,ERR,ERR,ERR,ERR,ERR,ERR,ERR,ERR,ERR,ERR,ERR,ERR,ERR,ERR,ERR,ERR,ERR,ERR,ERR,ERR,ERR,ERR,ERR,ERR,ERR,ERR,ERR,ERR,ERR,ERR,ERR,ERR,ERR,ERR,ERR,ERR,ERR,ERR,ERR,ERR,ERR,ERR,ERR,ERR,ERR,ERR,ERR,ERR,ERR,ERR,ERR,ERR,ERR,ERR,ERR,ERR,ERR,ERR,ERR,ERR,ERR,ERR,ERR,ERR,ERR,ERR,ERR,ERR,ERR,ERR,ERR,ERR,ERR,ERR,ERR,ERR,ERR,ERR,ERR,ERR,ERR,ERR,ERR,ERR,ERR,ERR,ERR,ERR,ERR,ERR,ERR,ERR,ERR,ERR,ERR,ERR,ERR,ERR,ERR,ERR,ERR,ERR,ERR,0.0,0.0,0.0,0.0,0.0,1.3936040501711995e+18,7.805,0.0,0,0,4,0,7116,0.0,100,0.0,0.0,0.0,0.0,0.0,0,0,0,0,0.0,0,0,0,0,0,0,0,0,0,0,0,0,0,0,0,0,0,0,0,0,0,0,0,0,0,0,0,0,0,0,0,0,0,31,40,40,71,65476,0,300,0,0,8,21553,0.0,-107605600.0,0.0,0.0,0.0,0.0,0.0,0.0,0.0,0.0,0.0,0.0,0.0,0.0,0.0,0.0,0.0,0.0,0.0,0.0,0.0,0.0,-2.004,-0.0,-0.0,-2.004,0.0,0.0,0.0,0.0,6278.0,-564148517732352.0,6939.0,0.0,0.0,2.7184303811560617e+23,0.0,0.0,0.0,0.0,0.0,69,-2.3088415973249647e+20,0.0,0.0,0.0,0.0,0.0,0.0,0.0,0.0,0,0,0,0.0,0.0,0.0,0.0,0.0,0.0,0.0,0.0,0.0,0.0,0.0,0.0,0.0,0.0,0.0,0.0,0,-107875648.0,69,0.0,138,0.0,0.0,0,13107,17040,13107,17049,13107,17043,0,0,0,70,68,100,2.7302359370752657e+23,70.6,0.0,74.2,2.7302370179391762e+23,74.0,1,49,50,180,0,52429,0,0,0.0,0.0,0.0,0.0,-0.0,67.0,0.0,162057.094,0.0,750,0,739,0,0,0,721,0,766,0,736,0,742,0,741,0,712,0,7520,0.032,79456894976.0,0.0,0.0,784,16797,-0.0,162057.094,-114818.039,-0.0,0.133,6.909358625270745e+28,30.0,65.0,35,0.0,0.0,0.0,0.0,0.0,0.0,0.0,0.0,0.0,0.0,0.0,0.0,0.0,0.0,0.0,0.0,69.2,0,150,71,55,65476,0,300,0,1,8,20529,65476,0,0,40632,65.0,0.0,0.0,0.0,0.0,0.0
2026-09-04T20:36:12,ERR,ERR,ERR,ERR,ERR,ERR,ERR,ERR,ERR,ERR,ERR,ERR,ERR,ERR,ERR,ERR,ERR,ERR,ERR,ERR,ERR,ERR,ERR,ERR,ERR,ERR,ERR,ERR,ERR,ERR,ERR,ERR,ERR,ERR,ERR,ERR,ERR,ERR,ERR,ERR,ERR,ERR,ERR,ERR,ERR,ERR,ERR,ERR,ERR,ERR,ERR,ERR,ERR,ERR,ERR,ERR,ERR,ERR,ERR,ERR,ERR,ERR,ERR,ERR,ERR,ERR,ERR,ERR,ERR,ERR,ERR,ERR,ERR,ERR,ERR,ERR,ERR,ERR,ERR,ERR,ERR,ERR,ERR,ERR,ERR,ERR,ERR,ERR,ERR,ERR,ERR,ERR,ERR,ERR,ERR,ERR,ERR,ERR,ERR,ERR,ERR,ERR,ERR,ERR,ERR,ERR,ERR,ERR,ERR,ERR,ERR,ERR,ERR,ERR,ERR,ERR,ERR,ERR,ERR,ERR,ERR,ERR,ERR,ERR,ERR,0.0,0.0,0.0,0.0,0.0,1.3936040501711995e+18,7.805,0.0,0,0,4,0,7116,0.0,100,0.0,0.0,0.0,0.0,0.0,0,0,0,0,0.0,0,0,0,0,0,0,0,0,0,0,0,0,0,0,0,0,0,0,0,0,0,0,0,0,0,0,0,0,0,0,0,0,0,31,40,40,71,65476,0,300,0,0,8,21553,0.0,-107605600.0,0.0,0.0,0.0,0.0,0.0,0.0,0.0,0.0,0.0,0.0,0.0,0.0,0.0,0.0,0.0,0.0,0.0,0.0,0.0,0.0,-2.004,-0.0,-0.0,-2.004,0.0,0.0,0.0,0.0,6278.0,-564148517732352.0,6939.0,0.0,0.0,2.7184303811560617e+23,0.0,0.0,0.0,0.0,0.0,69,-2.3088415973249647e+20,0.0,0.0,0.0,0.0,0.0,0.0,0.0,0.0,0,0,0,0.0,0.0,0.0,0.0,0.0,0.0,0.0,0.0,0.0,0.0,0.0,0.0,0.0,0.0,0.0,0.0,0,-107875648.0,69,0.0,138,0.0,0.0,0,13107,17040,13107,17049,13107,17043,0,0,0,70,68,100,2.7302359370752657e+23,70.6,0.0,74.2,2.7302370179391762e+23,74.0,1,49,50,180,0,52429,0,0,0.0,0.0,0.0,0.0,-0.0,67.0,0.0,162057.094,0.0,750,0,739,0,0,0,721,0,766,0,736,0,742,0,741,0,712,0,7520,0.032,79456894976.0,0.0,0.0,784,16797,-0.0,162057.094,-114818.039,-0.0,0.133,6.909358625270745e+28,30.0,65.0,35,0.0,0.0,0.0,0.0,0.0,0.0,0.0,0.0,0.0,0.0,0.0,0.0,0.0,0.0,0.0,0.0,69.2,0,150,71,55,65476,0,300,0,1,8,20529,65476,0,0,40632,65.0,0.0,0.0,0.0,0.0,0.0
2026-09-04T20:36:13,ERR,ERR,ERR,ERR,ERR,ERR,ERR,ERR,ERR,ERR,ERR,ERR,ERR,ERR,ERR,ERR,ERR,ERR,ERR,ERR,ERR,ERR,ERR,ERR,ERR,ERR,ERR,ERR,ERR,ERR,ERR,ERR,ERR,ERR,ERR,ERR,ERR,ERR,ERR,ERR,ERR,ERR,ERR,ERR,ERR,ERR,ERR,ERR,ERR,ERR,ERR,ERR,ERR,ERR,ERR,ERR,ERR,ERR,ERR,ERR,ERR,ERR,ERR,ERR,ERR,ERR,ERR,ERR,ERR,ERR,ERR,ERR,ERR,ERR,ERR,ERR,ERR,ERR,ERR,ERR,ERR,ERR,ERR,ERR,ERR,ERR,ERR,ERR,ERR,ERR,ERR,ERR,ERR,ERR,ERR,ERR,ERR,ERR,ERR,ERR,ERR,ERR,ERR,ERR,ERR,ERR,ERR,ERR,ERR,ERR,ERR,ERR,ERR,ERR,ERR,ERR,ERR,ERR,ERR,ERR,ERR,ERR,ERR,ERR,ERR,0.0,0.0,0.0,0.0,0.0,1.3936040501711995e+18,7.805,0.0,0,0,4,0,7116,0.0,100,0.0,0.0,0.0,0.0,0.0,0,0,0,0,0.0,0,0,0,0,0,0,0,0,0,0,0,0,0,0,0,0,0,0,0,0,0,0,0,0,0,0,0,0,0,0,0,0,0,31,40,40,71,65476,0,300,0,0,8,21553,0.0,-107605600.0,0.0,0.0,0.0,0.0,0.0,0.0,0.0,0.0,0.0,0.0,0.0,0.0,0.0,0.0,0.0,0.0,0.0,0.0,0.0,0.0,-2.004,-0.0,-0.0,-2.004,0.0,0.0,0.0,0.0,6278.0,-564148517732352.0,6939.0,0.0,0.0,2.7184303811560617e+23,0.0,0.0,0.0,0.0,0.0,69,-2.3088415973249647e+20,0.0,0.0,0.0,0.0,0.0,0.0,0.0,0.0,0,0,0,0.0,0.0,0.0,0.0,0.0,0.0,0.0,0.0,0.0,0.0,0.0,0.0,0.0,0.0,0.0,0.0,0,-107875648.0,69,0.0,138,0.0,0.0,0,13107,17040,13107,17049,13107,17043,0,0,0,70,68,100,2.7302359370752657e+23,71.1,0.0,74.2,2.7302370179391762e+23,74.0,1,49,50,180,13107,52429,0,0,0.0,0.0,0.0,0.0,-0.0,67.0,0.0,162057.094,0.0,750,0,739,0,0,0,721,0,766,0,736,0,742,0,741,0,712,0,7520,0.032,78920024064.0,0.0,0.0,784,16797,-0.0,162057.094,-114818.039,-0.0,0.133,6.909358625270745e+28,30.0,65.0,35,0.0,0.0,0.0,0.0,0.0,0.0,0.0,0.0,0.0,0.0,0.0,0.0,0.0,0.0,0.0,0.0,69.2,0,150,71,55,65476,0,300,0,1,8,20529,65476,0,0,40632,65.0,0.0,0.0,0.0,0.0,0.0
2026-09-04T20:36:14,ERR,ERR,ERR,ERR,ERR,ERR,ERR,ERR,ERR,ERR,ERR,ERR,ERR,ERR,ERR,ERR,ERR,ERR,ERR,ERR,ERR,ERR,ERR,ERR,ERR,ERR,ERR,ERR,ERR,ERR,ERR,ERR,ERR,ERR,ERR,ERR,ERR,ERR,ERR,ERR,ERR,ERR,ERR,ERR,ERR,ERR,ERR,ERR,ERR,ERR,ERR,ERR,ERR,ERR,ERR,ERR,ERR,ERR,ERR,ERR,ERR,ERR,ERR,ERR,ERR,ERR,ERR,ERR,ERR,ERR,ERR,ERR,ERR,ERR,ERR,ERR,ERR,ERR,ERR,ERR,ERR,ERR,ERR,ERR,ERR,ERR,ERR,ERR,ERR,ERR,ERR,ERR,ERR,ERR,ERR,ERR,ERR,ERR,ERR,ERR,ERR,ERR,ERR,ERR,ERR,ERR,ERR,ERR,ERR,ERR,ERR,ERR,ERR,ERR,ERR,ERR,ERR,ERR,ERR,ERR,ERR,ERR,ERR,ERR,ERR,0.0,0.0,0.0,0.0,0.0,1.3936040501711995e+18,7.805,0.0,0,0,4,0,7116,0.0,100,0.0,0.0,0.0,0.0,0.0,0,0,0,0,0.0,0,0,0,0,0,0,0,0,0,0,0,0,0,0,0,0,0,0,0,0,0,0,0,0,0,0,0,0,0,0,0,0,0,31,40,40,71,65476,0,300,0,0,8,21553,0.0,-107605600.0,0.0,0.0,0.0,0.0,0.0,0.0,0.0,0.0,0.0,0.0,0.0,0.0,0.0,0.0,0.0,0.0,0.0,0.0,0.0,0.0,-2.004,-0.0,-0.0,-2.004,0.0,0.0,0.0,0.0,6278.0,-564148517732352.0,6939.0,0.0,0.0,2.7184303811560617e+23,0.0,0.0,0.0,0.0,0.0,69,-2.3088415973249647e+20,0.0,0.0,0.0,0.0,0.0,0.0,0.0,0.0,0,0,0,0.0,0.0,0.0,0.0,0.0,0.0,0.0,0.0,0.0,0.0,0.0,0.0,0.0,0.0,0.0,0.0,0,-107875648.0,69,0.0,138,0.0,0.0,0,13107,17040,13107,17049,13107,17043,0,0,0,70,68,100,2.7302359370752657e+23,71.1,0.0,74.2,2.7302370179391762e+23,74.0,1,49,50,180,13107,52429,0,0,0.0,0.0,0.0,0.0,-0.0,67.0,0.0,162057.094,0.0,750,0,739,0,0,0,721,0,766,0,736,0,742,0,741,0,712,0,7520,0.032,78920024064.0,0.0,0.0,784,16797,-0.0,162057.094,-114818.039,-0.0,0.133,6.909358625270745e+28,30.0,65.0,35,0.0,0.0,0.0,0.0,0.0,0.0,0.0,0.0,0.0,0.0,0.0,0.0,0.0,0.0,0.0,0.0,69.2,0,150,71,55,65476,0,300,0,1,8,20529,65476,0,0,40632,65.0,0.0,0.0,0.0,0.0,0.0
2026-09-04T20:36:15,ERR,ERR,ERR,ERR,ERR,ERR,ERR,ERR,ERR,ERR,ERR,ERR,ERR,ERR,ERR,ERR,ERR,ERR,ERR,ERR,ERR,ERR,ERR,ERR,ERR,ERR,ERR,ERR,ERR,ERR,ERR,ERR,ERR,ERR,ERR,ERR,ERR,ERR,ERR,ERR,ERR,ERR,ERR,ERR,ERR,ERR,ERR,ERR,ERR,ERR,ERR,ERR,ERR,ERR,ERR,ERR,ERR,ERR,ERR,ERR,ERR,ERR,ERR,ERR,ERR,ERR,ERR,ERR,ERR,ERR,ERR,ERR,ERR,ERR,ERR,ERR,ERR,ERR,ERR,ERR,ERR,ERR,ERR,ERR,ERR,ERR,ERR,ERR,ERR,ERR,ERR,ERR,ERR,ERR,ERR,ERR,ERR,ERR,ERR,ERR,ERR,ERR,ERR,ERR,ERR,ERR,ERR,ERR,ERR,ERR,ERR,ERR,ERR,ERR,ERR,ERR,ERR,ERR,ERR,ERR,ERR,ERR,ERR,ERR,ERR,0.0,0.0,0.0,0.0,0.0,1.3936040501711995e+18,7.805,0.0,0,0,4,0,7116,0.0,100,0.0,0.0,0.0,0.0,0.0,0,0,0,0,0.0,0,0,0,0,0,0,0,0,0,0,0,0,0,0,0,0,0,0,0,0,0,0,0,0,0,0,0,0,0,0,0,0,0,31,40,40,71,65476,0,300,0,0,8,21553,0.0,-107605600.0,0.0,0.0,0.0,0.0,0.0,0.0,0.0,0.0,0.0,0.0,0.0,0.0,0.0,0.0,0.0,0.0,0.0,0.0,0.0,0.0,-2.004,-0.0,-0.0,-2.004,0.0,0.0,0.0,0.0,6278.0,-564148517732352.0,6939.0,0.0,0.0,2.7184303811560617e+23,0.0,0.0,0.0,0.0,0.0,69,-2.3088415973249647e+20,0.0,0.0,0.0,0.0,0.0,0.0,0.0,0.0,0,0,0,0.0,0.0,0.0,0.0,0.0,0.0,0.0,0.0,0.0,0.0,0.0,0.0,0.0,0.0,0.0,0.0,0,-107875648.0,69,0.0,138,0.0,0.0,0,13107,17040,13107,17049,13107,17043,0,0,0,70,68,100,2.7302359370752657e+23,71.1,0.0,74.2,2.7302370179391762e+23,74.0,1,49,50,180,13107,52429,0,0,0.0,0.0,0.0,0.0,-0.0,67.0,0.0,162057.094,0.0,750,0,739,0,0,0,721,0,766,0,736,0,742,0,741,0,712,0,7520,0.032,78920024064.0,0.0,0.0,784,16797,-0.0,162057.094,-114818.039,-0.0,0.133,6.909358625270745e+28,30.0,65.0,35,0.0,0.0,0.0,0.0,0.0,0.0,0.0,0.0,0.0,0.0,0.0,0.0,0.0,0.0,0.0,0.0,69.2,0,150,71,55,65476,0,300,0,1,8,20529,65476,0,0,40632,65.0,0.0,0.0,0.0,0.0,0.0
2026-09-04T20:36:16,ERR,ERR,ERR,ERR,ERR,ERR,ERR,ERR,ERR,ERR,ERR,ERR,ERR,ERR,ERR,ERR,ERR,ERR,ERR,ERR,ERR,ERR,ERR,ERR,ERR,ERR,ERR,ERR,ERR,ERR,ERR,ERR,ERR,ERR,ERR,ERR,ERR,ERR,ERR,ERR,ERR,ERR,ERR,ERR,ERR,ERR,ERR,ERR,ERR,ERR,ERR,ERR,ERR,ERR,ERR,ERR,ERR,ERR,ERR,ERR,ERR,ERR,ERR,ERR,ERR,ERR,ERR,ERR,ERR,ERR,ERR,ERR,ERR,ERR,ERR,ERR,ERR,ERR,ERR,ERR,ERR,ERR,ERR,ERR,ERR,ERR,ERR,ERR,ERR,ERR,ERR,ERR,ERR,ERR,ERR,ERR,ERR,ERR,ERR,ERR,ERR,ERR,ERR,ERR,ERR,ERR,ERR,ERR,ERR,ERR,ERR,ERR,ERR,ERR,ERR,ERR,ERR,ERR,ERR,ERR,ERR,ERR,ERR,ERR,ERR,0.0,0.0,0.0,0.0,0.0,1.3936040501711995e+18,7.805,0.0,0,0,4,0,7116,0.0,100,0.0,0.0,0.0,0.0,0.0,0,0,0,0,0.0,0,0,0,0,0,0,0,0,0,0,0,0,0,0,0,0,0,0,0,0,0,0,0,0,0,0,0,0,0,0,0,0,0,31,40,40,71,65476,0,300,0,0,8,21553,0.0,-107605600.0,0.0,0.0,0.0,0.0,0.0,0.0,0.0,0.0,0.0,0.0,0.0,0.0,0.0,0.0,0.0,0.0,0.0,0.0,0.0,0.0,-2.004,-0.0,-0.0,-2.004,0.0,0.0,0.0,0.0,6278.0,-564148517732352.0,6939.0,0.0,0.0,2.7184303811560617e+23,0.0,0.0,0.0,0.0,0.0,69,-2.3088415973249647e+20,0.0,0.0,0.0,0.0,0.0,0.0,0.0,0.0,0,0,0,0.0,0.0,0.0,0.0,0.0,0.0,0.0,0.0,0.0,0.0,0.0,0.0,0.0,0.0,0.0,0.0,0,-107875648.0,69,0.0,138,0.0,0.0,0,13107,17040,13107,17049,13107,17043,0,0,0,70,68,100,2.7302359370752657e+23,71.1,0.0,74.2,2.7302370179391762e+23,74.0,1,49,50,180,13107,52429,0,0,0.0,0.0,0.0,0.0,-0.0,67.0,0.0,162057.094,0.0,750,0,739,0,0,0,721,0,766,0,736,0,742,0,741,0,712,0,7520,0.032,78920024064.0,0.0,0.0,784,16797,-0.0,162057.094,-114818.039,-0.0,0.133,6.909358625270745e+28,30.0,65.0,35,0.0,0.0,0.0,0.0,0.0,0.0,0.0,0.0,0.0,0.0,0.0,0.0,0.0,0.0,0.0,0.0,69.2,0,150,71,55,65476,0,300,0,1,8,20529,65476,0,0,40632,65.0,0.0,0.0,0.0,0.0,0.0
2026-09-04T20:36:17,ERR,ERR,ERR,ERR,ERR,ERR,ERR,ERR,ERR,ERR,ERR,ERR,ERR,ERR,ERR,ERR,ERR,ERR,ERR,ERR,ERR,ERR,ERR,ERR,ERR,ERR,ERR,ERR,ERR,ERR,ERR,ERR,ERR,ERR,ERR,ERR,ERR,ERR,ERR,ERR,ERR,ERR,ERR,ERR,ERR,ERR,ERR,ERR,ERR,ERR,ERR,ERR,ERR,ERR,ERR,ERR,ERR,ERR,ERR,ERR,ERR,ERR,ERR,ERR,ERR,ERR,ERR,ERR,ERR,ERR,ERR,ERR,ERR,ERR,ERR,ERR,ERR,ERR,ERR,ERR,ERR,ERR,ERR,ERR,ERR,ERR,ERR,ERR,ERR,ERR,ERR,ERR,ERR,ERR,ERR,ERR,ERR,ERR,ERR,ERR,ERR,ERR,ERR,ERR,ERR,ERR,ERR,ERR,ERR,ERR,ERR,ERR,ERR,ERR,ERR,ERR,ERR,ERR,ERR,ERR,ERR,ERR,ERR,ERR,ERR,0.0,0.0,0.0,0.0,0.0,1.3936040501711995e+18,7.805,0.0,0,0,4,0,7116,0.0,100,0.0,0.0,0.0,0.0,0.0,0,0,0,0,0.0,0,0,0,0,0,0,0,0,0,0,0,0,0,0,0,0,0,0,0,0,0,0,0,0,0,0,0,0,0,0,0,0,0,31,40,40,71,65476,0,300,0,0,8,21553,0.0,-107605600.0,0.0,0.0,0.0,0.0,0.0,0.0,0.0,0.0,0.0,0.0,0.0,0.0,0.0,0.0,0.0,0.0,0.0,0.0,0.0,0.0,-2.004,-0.0,-0.0,-2.004,0.0,0.0,0.0,0.0,6308.0,0.0,6912.0,0.0,0.0,2.7184303811560617e+23,0.0,0.0,0.0,0.0,0.0,69,-152018572279808.0,0.0,0.0,0.0,0.0,0.0,0.0,0.0,0.0,0,0,0,0.0,0.0,0.0,0.0,0.0,0.0,0.0,0.0,0.0,0.0,0.0,0.0,0.0,0.0,0.0,0.0,0,-107875648.0,69,0.0,138,0.0,0.0,0,13107,17040,13107,17049,13107,17043,0,0,0,70,68,100,2.7302359370752657e+23,71.1,0.0,74.2,2.7302370179391762e+23,74.0,1,49,50,180,13107,52429,0,0,0.0,0.0,0.0,0.0,-0.0,67.0,0.0,162057.094,0.0,750,0,739,0,0,0,721,0,766,0,736,0,742,0,741,0,712,0,7520,0.032,78920024064.0,0.0,0.0,784,16797,-0.0,162057.094,-114818.039,-0.0,0.133,6.909358625270745e+28,30.0,65.0,35,0.0,0.0,0.0,0.0,0.0,0.0,0.0,0.0,0.0,0.0,0.0,0.0,0.0,0.0,0.0,0.0,69.2,0,150,71,55,65476,0,300,0,1,8,20529,65476,0,0,40632,65.0,0.0,0.0,0.0,0.0,0.0
2026-09-04T20:36:18,ERR,ERR,ERR,ERR,ERR,ERR,ERR,ERR,ERR,ERR,ERR,ERR,ERR,ERR,ERR,ERR,ERR,ERR,ERR,ERR,ERR,ERR,ERR,ERR,ERR,ERR,ERR,ERR,ERR,ERR,ERR,ERR,ERR,ERR,ERR,ERR,ERR,ERR,ERR,ERR,ERR,ERR,ERR,ERR,ERR,ERR,ERR,ERR,ERR,ERR,ERR,ERR,ERR,ERR,ERR,ERR,ERR,ERR,ERR,ERR,ERR,ERR,ERR,ERR,ERR,ERR,ERR,ERR,ERR,ERR,ERR,ERR,ERR,ERR,ERR,ERR,ERR,ERR,ERR,ERR,ERR,ERR,ERR,ERR,ERR,ERR,ERR,ERR,ERR,ERR,ERR,ERR,ERR,ERR,ERR,ERR,ERR,ERR,ERR,ERR,ERR,ERR,ERR,ERR,ERR,ERR,ERR,ERR,ERR,ERR,ERR,ERR,ERR,ERR,ERR,ERR,ERR,ERR,ERR,ERR,ERR,ERR,ERR,ERR,ERR,0.0,0.0,0.0,0.0,0.0,1.3936040501711995e+18,7.805,0.0,0,0,4,0,7116,0.0,100,0.0,0.0,0.0,0.0,0.0,0,0,0,0,0.0,0,0,0,0,0,0,0,0,0,0,0,0,0,0,0,0,0,0,0,0,0,0,0,0,0,0,0,0,0,0,0,0,0,31,40,40,71,65476,0,300,0,0,8,21553,0.0,-107605600.0,0.0,0.0,0.0,0.0,0.0,0.0,0.0,0.0,0.0,0.0,0.0,0.0,0.0,0.0,0.0,0.0,0.0,0.0,0.0,0.0,-2.004,-0.0,-0.0,-2.004,0.0,0.0,0.0,0.0,6308.0,0.0,6912.0,0.0,0.0,2.7184303811560617e+23,0.0,0.0,0.0,0.0,0.0,69,-152018572279808.0,0.0,0.0,0.0,0.0,0.0,0.0,0.0,0.0,0,0,0,0.0,0.0,0.0,0.0,0.0,0.0,0.0,0.0,0.0,0.0,0.0,0.0,0.0,0.0,0.0,0.0,0,-107875648.0,69,0.0,138,0.0,0.0,0,13107,17040,13107,17049,13107,17043,0,0,0,70,68,100,2.7302359370752657e+23,71.1,0.0,74.2,2.7302370179391762e+23,74.0,1,49,50,180,0,52429,0,0,0.0,0.0,0.0,0.0,-0.0,67.0,0.0,162057.094,0.0,750,0,739,0,0,0,721,0,766,0,736,0,742,0,741,0,712,0,7520,0.032,78920024064.0,0.0,0.0,784,16797,-0.0,162057.094,-114818.039,-0.0,0.133,6.909358625270745e+28,30.0,65.0,35,0.0,0.0,0.0,0.0,0.0,0.0,0.0,0.0,0.0,0.0,0.0,0.0,0.0,0.0,0.0,0.0,69.2,0,150,71,55,65476,0,300,0,1,8,20529,65476,0,0,40632,65.0,0.0,0.0,0.0,0.0,0.0
2026-09-04T20:36:19,ERR,ERR,ERR,ERR,ERR,ERR,ERR,ERR,ERR,ERR,ERR,ERR,ERR,ERR,ERR,ERR,ERR,ERR,ERR,ERR,ERR,ERR,ERR,ERR,ERR,ERR,ERR,ERR,ERR,ERR,ERR,ERR,ERR,ERR,ERR,ERR,ERR,ERR,ERR,ERR,ERR,ERR,ERR,ERR,ERR,ERR,ERR,ERR,ERR,ERR,ERR,ERR,ERR,ERR,ERR,ERR,ERR,ERR,ERR,ERR,ERR,ERR,ERR,ERR,ERR,ERR,ERR,ERR,ERR,ERR,ERR,ERR,ERR,ERR,ERR,ERR,ERR,ERR,ERR,ERR,ERR,ERR,ERR,ERR,ERR,ERR,ERR,ERR,ERR,ERR,ERR,ERR,ERR,ERR,ERR,ERR,ERR,ERR,ERR,ERR,ERR,ERR,ERR,ERR,ERR,ERR,ERR,ERR,ERR,ERR,ERR,ERR,ERR,ERR,ERR,ERR,ERR,ERR,ERR,ERR,ERR,ERR,ERR,ERR,ERR,0.0,0.0,0.0,0.0,0.0,1.3936040501711995e+18,7.805,0.0,0,0,4,0,7116,0.0,100,0.0,0.0,0.0,0.0,0.0,0,0,0,0,0.0,0,0,0,0,0,0,0,0,0,0,0,0,0,0,0,0,0,0,0,0,0,0,0,0,0,0,0,0,0,0,0,0,0,31,40,40,71,65476,0,300,0,0,8,21553,0.0,-107605600.0,0.0,0.0,0.0,0.0,0.0,0.0,0.0,0.0,0.0,0.0,0.0,0.0,0.0,0.0,0.0,0.0,0.0,0.0,0.0,0.0,-2.004,-0.0,-0.0,-2.004,0.0,0.0,0.0,0.0,6308.0,0.0,6912.0,0.0,0.0,2.7184303811560617e+23,0.0,0.0,0.0,0.0,0.0,69,-152018572279808.0,0.0,0.0,0.0,0.0,0.0,0.0,0.0,0.0,0,0,0,0.0,0.0,0.0,0.0,0.0,0.0,0.0,0.0,0.0,0.0,0.0,0.0,0.0,0.0,0.0,0.0,0,-107875648.0,69,0.0,138,0.0,0.0,0,13107,17040,13107,17049,13107,17043,0,0,0,70,68,100,2.7302359370752657e+23,71.1,0.0,74.2,2.7302370179391762e+23,74.0,1,49,50,180,0,52429,0,0,0.0,0.0,0.0,0.0,-0.0,67.0,0.0,162057.094,0.0,750,0,739,0,0,0,721,0,766,0,736,0,742,0,741,0,712,0,7520,0.032,78920024064.0,0.0,0.0,784,16797,-0.0,162057.094,-114818.039,-0.0,0.133,6.909358625270745e+28,30.0,65.0,35,0.0,0.0,0.0,0.0,0.0,0.0,0.0,0.0,0.0,0.0,0.0,0.0,0.0,0.0,0.0,0.0,69.2,0,150,71,55,65476,0,300,0,1,8,20529,65476,0,0,40632,65.0,0.0,0.0,0.0,0.0,0.0
2026-09-04T20:36:20,ERR,ERR,ERR,ERR,ERR,ERR,ERR,ERR,ERR,ERR,ERR,ERR,ERR,ERR,ERR,ERR,ERR,ERR,ERR,ERR,ERR,ERR,ERR,ERR,ERR,ERR,ERR,ERR,ERR,ERR,ERR,ERR,ERR,ERR,ERR,ERR,ERR,ERR,ERR,ERR,ERR,ERR,ERR,ERR,ERR,ERR,ERR,ERR,ERR,ERR,ERR,ERR,ERR,ERR,ERR,ERR,ERR,ERR,ERR,ERR,ERR,ERR,ERR,ERR,ERR,ERR,ERR,ERR,ERR,ERR,ERR,ERR,ERR,ERR,ERR,ERR,ERR,ERR,ERR,ERR,ERR,ERR,ERR,ERR,ERR,ERR,ERR,ERR,ERR,ERR,ERR,ERR,ERR,ERR,ERR,ERR,ERR,ERR,ERR,ERR,ERR,ERR,ERR,ERR,ERR,ERR,ERR,ERR,ERR,ERR,ERR,ERR,ERR,ERR,ERR,ERR,ERR,ERR,ERR,ERR,ERR,ERR,ERR,ERR,ERR,0.0,0.0,0.0,0.0,0.0,1.3936040501711995e+18,7.805,0.0,0,0,4,0,7116,0.0,100,0.0,0.0,0.0,0.0,0.0,0,0,0,0,0.0,0,0,0,0,0,0,0,0,0,0,0,0,0,0,0,0,0,0,0,0,0,0,0,0,0,0,0,0,0,0,0,0,0,31,40,40,71,65476,0,300,0,0,8,21553,0.0,-107605600.0,0.0,0.0,0.0,0.0,0.0,0.0,0.0,0.0,0.0,0.0,0.0,0.0,0.0,0.0,0.0,0.0,0.0,0.0,0.0,0.0,-2.004,-0.0,-0.0,-2.004,0.0,0.0,0.0,0.0,6308.0,0.0,6912.0,0.0,0.0,2.7184303811560617e+23,0.0,0.0,0.0,0.0,0.0,69,-152018572279808.0,0.0,0.0,0.0,0.0,0.0,0.0,0.0,0.0,0,0,0,0.0,0.0,0.0,0.0,0.0,0.0,0.0,0.0,0.0,0.0,0.0,0.0,0.0,0.0,0.0,0.0,0,-107875648.0,69,0.0,138,0.0,0.0,0,13107,17040,13107,17049,13107,17043,0,0,0,70,68,100,2.7302359370752657e+23,71.1,0.0,74.2,2.7302370179391762e+23,74.0,1,49,50,180,0,52429,0,0,0.0,0.0,0.0,0.0,-0.0,67.0,0.0,162057.094,0.0,750,0,739,0,0,0,721,0,766,0,736,0,742,0,741,0,712,0,7520,0.032,78920024064.0,0.0,0.0,784,16797,-0.0,162057.094,-114818.039,-0.0,0.133,6.909358625270745e+28,30.0,65.0,35,0.0,0.0,0.0,0.0,0.0,0.0,0.0,0.0,0.0,0.0,0.0,0.0,0.0,0.0,0.0,0.0,69.2,0,150,71,55,65476,0,300,0,1,8,20529,65476,0,0,40632,65.0,0.0,0.0,0.0,0.0,0.0
2026-09-04T20:36:21,ERR,ERR,ERR,ERR,ERR,ERR,ERR,ERR,ERR,ERR,ERR,ERR,ERR,ERR,ERR,ERR,ERR,ERR,ERR,ERR,ERR,ERR,ERR,ERR,ERR,ERR,ERR,ERR,ERR,ERR,ERR,ERR,ERR,ERR,ERR,ERR,ERR,ERR,ERR,ERR,ERR,ERR,ERR,ERR,ERR,ERR,ERR,ERR,ERR,ERR,ERR,ERR,ERR,ERR,ERR,ERR,ERR,ERR,ERR,ERR,ERR,ERR,ERR,ERR,ERR,ERR,ERR,ERR,ERR,ERR,ERR,ERR,ERR,ERR,ERR,ERR,ERR,ERR,ERR,ERR,ERR,ERR,ERR,ERR,ERR,ERR,ERR,ERR,ERR,ERR,ERR,ERR,ERR,ERR,ERR,ERR,ERR,ERR,ERR,ERR,ERR,ERR,ERR,ERR,ERR,ERR,ERR,ERR,ERR,ERR,ERR,ERR,ERR,ERR,ERR,ERR,ERR,ERR,ERR,ERR,ERR,ERR,ERR,ERR,ERR,0.0,0.0,0.0,0.0,0.0,1.3936040501711995e+18,7.805,0.0,0,0,4,0,7116,0.0,100,0.0,0.0,0.0,0.0,0.0,0,0,0,0,0.0,0,0,0,0,0,0,0,0,0,0,0,0,0,0,0,0,0,0,0,0,0,0,0,0,0,0,0,0,0,0,0,0,0,31,40,40,71,65476,0,300,0,0,8,21553,0.0,-107605600.0,0.0,0.0,0.0,0.0,0.0,0.0,0.0,0.0,0.0,0.0,0.0,0.0,0.0,0.0,0.0,0.0,0.0,0.0,0.0,0.0,-2.004,-0.0,-0.0,-2.004,0.0,0.0,0.0,0.0,6308.0,0.0,6912.0,0.0,0.0,2.7184303811560617e+23,0.0,0.0,0.0,0.0,0.0,69,-152018572279808.0,0.0,0.0,0.0,0.0,0.0,0.0,0.0,0.0,0,0,0,0.0,0.0,0.0,0.0,0.0,0.0,0.0,0.0,0.0,0.0,0.0,0.0,0.0,0.0,0.0,0.0,0,-107875648.0,69,0.0,138,0.0,0.0,0,13107,17040,13107,17049,13107,17043,0,0,0,70,68,100,2.7302359370752657e+23,71.1,0.0,74.2,2.7302370179391762e+23,74.0,1,49,50,180,0,52429,0,0,0.0,0.0,0.0,0.0,-0.0,67.0,0.0,162057.094,0.0,750,0,739,0,0,0,721,0,766,0,736,0,742,0,741,0,712,0,7520,0.032,78920024064.0,0.0,0.0,784,16797,-0.0,162057.094,-114818.039,-0.0,0.133,6.909358625270745e+28,30.0,65.0,35,0.0,0.0,0.0,0.0,0.0,0.0,0.0,0.0,0.0,0.0,0.0,0.0,0.0,0.0,0.0,0.0,69.2,0,150,71,55,65476,0,300,0,1,8,20529,65476,0,0,40632,65.0,0.0,0.0,0.0,0.0,0.0
2026-09-04T20:36:22,ERR,ERR,ERR,ERR,ERR,ERR,ERR,ERR,ERR,ERR,ERR,ERR,ERR,ERR,ERR,ERR,ERR,ERR,ERR,ERR,ERR,ERR,ERR,ERR,ERR,ERR,ERR,ERR,ERR,ERR,ERR,ERR,ERR,ERR,ERR,ERR,ERR,ERR,ERR,ERR,ERR,ERR,ERR,ERR,ERR,ERR,ERR,ERR,ERR,ERR,ERR,ERR,ERR,ERR,ERR,ERR,ERR,ERR,ERR,ERR,ERR,ERR,ERR,ERR,ERR,ERR,ERR,ERR,ERR,ERR,ERR,ERR,ERR,ERR,ERR,ERR,ERR,ERR,ERR,ERR,ERR,ERR,ERR,ERR,ERR,ERR,ERR,ERR,ERR,ERR,ERR,ERR,ERR,ERR,ERR,ERR,ERR,ERR,ERR,ERR,ERR,ERR,ERR,ERR,ERR,ERR,ERR,ERR,ERR,ERR,ERR,ERR,ERR,ERR,ERR,ERR,ERR,ERR,ERR,ERR,ERR,ERR,ERR,ERR,ERR,0.0,0.0,0.0,0.0,0.0,1.3936040501711995e+18,7.805,0.0,0,0,4,0,7116,0.0,100,0.0,0.0,0.0,0.0,0.0,0,0,0,0,0.0,0,0,0,0,0,0,0,0,0,0,0,0,0,0,0,0,0,0,0,0,0,0,0,0,0,0,0,0,0,0,0,0,0,31,40,40,71,65476,0,300,0,0,8,21553,0.0,-107605600.0,0.0,0.0,0.0,0.0,0.0,0.0,0.0,0.0,0.0,0.0,0.0,0.0,0.0,0.0,0.0,0.0,0.0,0.0,0.0,0.0,-2.004,-0.0,-0.0,-2.004,0.0,0.0,0.0,0.0,6308.0,0.0,6912.0,0.0,0.0,2.7184303811560617e+23,0.0,0.0,0.0,0.0,0.0,69,-152018572279808.0,0.0,0.0,0.0,0.0,0.0,0.0,0.0,0.0,0,0,0,0.0,0.0,0.0,0.0,0.0,0.0,0.0,0.0,0.0,0.0,0.0,0.0,0.0,0.0,0.0,0.0,0,-107875648.0,69,0.0,138,0.0,0.0,0,13107,17040,13107,17049,13107,17043,0,0,0,70,68,100,2.7302359370752657e+23,71.1,0.0,74.2,2.7302370179391762e+23,74.0,1,49,50,180,0,52429,0,0,0.0,0.0,0.0,0.0,-0.0,67.0,0.0,162057.094,0.0,750,0,739,0,0,0,721,0,766,0,736,0,742,0,741,0,712,0,7520,0.032,78920024064.0,0.0,0.0,784,16797,-0.0,162057.094,-114818.039,-0.0,0.133,6.909358625270745e+28,30.0,65.0,35,0.0,0.0,0.0,0.0,0.0,0.0,0.0,0.0,0.0,0.0,0.0,0.0,0.0,0.0,0.0,0.0,69.2,0,150,71,55,65476,0,300,0,1,8,20529,65476,0,0,40632,65.0,0.0,0.0,0.0,0.0,0.0
2026-09-04T20:36:23,ERR,ERR,ERR,ERR,ERR,ERR,ERR,ERR,ERR,ERR,ERR,ERR,ERR,ERR,ERR,ERR,ERR,ERR,ERR,ERR,ERR,ERR,ERR,ERR,ERR,ERR,ERR,ERR,ERR,ERR,ERR,ERR,ERR,ERR,ERR,ERR,ERR,ERR,ERR,ERR,ERR,ERR,ERR,ERR,ERR,ERR,ERR,ERR,ERR,ERR,ERR,ERR,ERR,ERR,ERR,ERR,ERR,ERR,ERR,ERR,ERR,ERR,ERR,ERR,ERR,ERR,ERR,ERR,ERR,ERR,ERR,ERR,ERR,ERR,ERR,ERR,ERR,ERR,ERR,ERR,ERR,ERR,ERR,ERR,ERR,ERR,ERR,ERR,ERR,ERR,ERR,ERR,ERR,ERR,ERR,ERR,ERR,ERR,ERR,ERR,ERR,ERR,ERR,ERR,ERR,ERR,ERR,ERR,ERR,ERR,ERR,ERR,ERR,ERR,ERR,ERR,ERR,ERR,ERR,ERR,ERR,ERR,ERR,ERR,ERR,0.0,0.0,0.0,0.0,0.0,1.3936040501711995e+18,7.805,0.0,0,0,4,0,7116,0.0,100,0.0,0.0,0.0,0.0,0.0,0,0,0,0,0.0,0,0,0,0,0,0,0,0,0,0,0,0,0,0,0,0,0,0,0,0,0,0,0,0,0,0,0,0,0,0,0,0,0,31,40,40,71,65476,0,300,0,0,8,21553,0.0,-107605600.0,0.0,0.0,0.0,0.0,0.0,0.0,0.0,0.0,0.0,0.0,0.0,0.0,0.0,0.0,0.0,0.0,0.0,0.0,0.0,0.0,-2.004,-0.0,-0.0,-2.004,0.0,0.0,0.0,0.0,6308.0,0.0,6912.0,0.0,0.0,2.7184303811560617e+23,0.0,0.0,0.0,0.0,0.0,69,-152018572279808.0,0.0,0.0,0.0,0.0,0.0,0.0,0.0,0.0,0,0,0,0.0,0.0,0.0,0.0,0.0,0.0,0.0,0.0,0.0,0.0,0.0,0.0,0.0,0.0,0.0,0.0,0,-107875648.0,69,0.0,138,0.0,0.0,0,13107,17040,13107,17049,13107,17043,0,0,0,70,68,100,2.7302359370752657e+23,71.1,0.0,74.2,2.7302370179391762e+23,74.0,1,49,50,180,0,52429,0,0,0.0,0.0,0.0,0.0,-0.0,67.0,0.0,162057.094,0.0,751,0,739,0,0,0,721,0,766,0,736,0,742,0,741,0,712,0,7520,0.032,79456894976.0,0.0,0.0,784,16797,-0.0,162057.094,-114818.039,-0.0,0.133,6.909358625270745e+28,30.0,65.0,35,0.0,0.0,0.0,0.0,0.0,0.0,0.0,0.0,0.0,0.0,0.0,0.0,0.0,0.0,0.0,0.0,69.2,0,150,71,55,65476,0,300,0,1,8,20529,65476,0,0,40632,65.0,0.0,0.0,0.0,0.0,0.0
2026-09-04T20:36:24,ERR,ERR,ERR,ERR,ERR,ERR,ERR,ERR,ERR,ERR,ERR,ERR,ERR,ERR,ERR,ERR,ERR,ERR,ERR,ERR,ERR,ERR,ERR,ERR,ERR,ERR,ERR,ERR,ERR,ERR,ERR,ERR,ERR,ERR,ERR,ERR,ERR,ERR,ERR,ERR,ERR,ERR,ERR,ERR,ERR,ERR,ERR,ERR,ERR,ERR,ERR,ERR,ERR,ERR,ERR,ERR,ERR,ERR,ERR,ERR,ERR,ERR,ERR,ERR,ERR,ERR,ERR,ERR,ERR,ERR,ERR,ERR,ERR,ERR,ERR,ERR,ERR,ERR,ERR,ERR,ERR,ERR,ERR,ERR,ERR,ERR,ERR,ERR,ERR,ERR,ERR,ERR,ERR,ERR,ERR,ERR,ERR,ERR,ERR,ERR,ERR,ERR,ERR,ERR,ERR,ERR,ERR,ERR,ERR,ERR,ERR,ERR,ERR,ERR,ERR,ERR,ERR,ERR,ERR,ERR,ERR,ERR,ERR,ERR,ERR,0.0,0.0,0.0,0.0,0.0,1.3936040501711995e+18,7.805,0.0,0,0,4,0,7116,0.0,100,0.0,0.0,0.0,0.0,0.0,0,0,0,0,0.0,0,0,0,0,0,0,0,0,0,0,0,0,0,0,0,0,0,0,0,0,0,0,0,0,0,0,0,0,0,0,0,0,0,31,40,40,71,65476,0,300,0,0,8,21553,0.0,-107605600.0,0.0,0.0,0.0,0.0,0.0,0.0,0.0,0.0,0.0,0.0,0.0,0.0,0.0,0.0,0.0,0.0,0.0,0.0,0.0,0.0,-2.004,-0.0,-0.0,-2.004,0.0,0.0,0.0,0.0,6307.0,0.0,6912.0,0.0,0.0,2.7184303811560617e+23,0.0,0.0,0.0,0.0,0.0,69,-107615400.0,0.0,0.0,0.0,0.0,0.0,0.0,0.0,0.0,0,0,0,0.0,0.0,0.0,0.0,0.0,0.0,0.0,0.0,0.0,0.0,0.0,0.0,0.0,0.0,0.0,0.0,0,-107875648.0,69,0.0,138,0.0,0.0,0,13107,17040,13107,17049,13107,17043,0,0,0,70,68,100,2.7302359370752657e+23,71.1,0.0,74.2,2.7302370179391762e+23,74.0,1,49,50,180,0,52429,0,0,0.0,0.0,0.0,0.0,-0.0,67.0,0.0,162057.094,0.0,751,0,739,0,0,0,721,0,766,0,736,0,742,0,741,0,712,0,7520,0.032,79456894976.0,0.0,0.0,784,16797,-0.0,162057.094,-114818.039,-0.0,0.133,6.909358625270745e+28,30.0,65.0,35,0.0,0.0,0.0,0.0,0.0,0.0,0.0,0.0,0.0,0.0,0.0,0.0,0.0,0.0,0.0,0.0,69.2,0,150,71,55,65476,0,300,0,1,8,20529,65476,0,0,40632,65.0,0.0,0.0,0.0,0.0,0.0
2026-09-04T20:36:25,ERR,ERR,ERR,ERR,ERR,ERR,ERR,ERR,ERR,ERR,ERR,ERR,ERR,ERR,ERR,ERR,ERR,ERR,ERR,ERR,ERR,ERR,ERR,ERR,ERR,ERR,ERR,ERR,ERR,ERR,ERR,ERR,ERR,ERR,ERR,ERR,ERR,ERR,ERR,ERR,ERR,ERR,ERR,ERR,ERR,ERR,ERR,ERR,ERR,ERR,ERR,ERR,ERR,ERR,ERR,ERR,ERR,ERR,ERR,ERR,ERR,ERR,ERR,ERR,ERR,ERR,ERR,ERR,ERR,ERR,ERR,ERR,ERR,ERR,ERR,ERR,ERR,ERR,ERR,ERR,ERR,ERR,ERR,ERR,ERR,ERR,ERR,ERR,ERR,ERR,ERR,ERR,ERR,ERR,ERR,ERR,ERR,ERR,ERR,ERR,ERR,ERR,ERR,ERR,ERR,ERR,ERR,ERR,ERR,ERR,ERR,ERR,ERR,ERR,ERR,ERR,ERR,ERR,ERR,ERR,ERR,ERR,ERR,ERR,ERR,0.0,0.0,0.0,0.0,0.0,1.3936040501711995e+18,7.805,0.0,0,0,4,0,7116,0.0,100,0.0,0.0,0.0,0.0,0.0,0,0,0,0,0.0,0,0,0,0,0,0,0,0,0,0,0,0,0,0,0,0,0,0,0,0,0,0,0,0,0,0,0,0,0,0,0,0,0,31,40,40,71,65476,0,300,0,0,8,21553,0.0,-107605600.0,0.0,0.0,0.0,0.0,0.0,0.0,0.0,0.0,0.0,0.0,0.0,0.0,0.0,0.0,0.0,0.0,0.0,0.0,0.0,0.0,-2.004,-0.0,-0.0,-2.004,0.0,0.0,0.0,0.0,6307.0,0.0,6912.0,0.0,0.0,2.7184303811560617e+23,0.0,0.0,0.0,0.0,0.0,69,-107615400.0,0.0,0.0,0.0,0.0,0.0,0.0,0.0,0.0,0,0,0,0.0,0.0,0.0,0.0,0.0,0.0,0.0,0.0,0.0,0.0,0.0,0.0,0.0,0.0,0.0,0.0,0,-107875648.0,69,0.0,138,0.0,0.0,0,13107,17040,13107,17049,13107,17043,0,0,0,70,68,100,2.7302359370752657e+23,71.1,0.0,74.2,2.7302370179391762e+23,74.0,1,49,50,180,0,52429,0,0,0.0,0.0,0.0,0.0,-0.0,67.0,0.0,162057.094,0.0,751,0,739,0,0,0,721,0,766,0,736,0,742,0,741,0,712,0,7520,0.032,79456894976.0,0.0,0.0,784,16797,-0.0,162057.094,-114818.039,-0.0,0.133,6.909358625270745e+28,30.0,65.0,35,0.0,0.0,0.0,0.0,0.0,0.0,0.0,0.0,0.0,0.0,0.0,0.0,0.0,0.0,0.0,0.0,69.2,0,150,71,55,65476,0,300,0,1,8,20529,65476,0,0,40632,65.0,0.0,0.0,0.0,0.0,0.0
2026-09-04T20:36:26,ERR,ERR,ERR,ERR,ERR,ERR,ERR,ERR,ERR,ERR,ERR,ERR,ERR,ERR,ERR,ERR,ERR,ERR,ERR,ERR,ERR,ERR,ERR,ERR,ERR,ERR,ERR,ERR,ERR,ERR,ERR,ERR,ERR,ERR,ERR,ERR,ERR,ERR,ERR,ERR,ERR,ERR,ERR,ERR,ERR,ERR,ERR,ERR,ERR,ERR,ERR,ERR,ERR,ERR,ERR,ERR,ERR,ERR,ERR,ERR,ERR,ERR,ERR,ERR,ERR,ERR,ERR,ERR,ERR,ERR,ERR,ERR,ERR,ERR,ERR,ERR,ERR,ERR,ERR,ERR,ERR,ERR,ERR,ERR,ERR,ERR,ERR,ERR,ERR,ERR,ERR,ERR,ERR,ERR,ERR,ERR,ERR,ERR,ERR,ERR,ERR,ERR,ERR,ERR,ERR,ERR,ERR,ERR,ERR,ERR,ERR,ERR,ERR,ERR,ERR,ERR,ERR,ERR,ERR,ERR,ERR,ERR,ERR,ERR,ERR,0.0,0.0,0.0,0.0,0.0,1.3936040501711995e+18,7.805,0.0,0,0,4,0,7116,0.0,100,0.0,0.0,0.0,0.0,0.0,0,0,0,0,0.0,0,0,0,0,0,0,0,0,0,0,0,0,0,0,0,0,0,0,0,0,0,0,0,0,0,0,0,0,0,0,0,0,0,31,40,40,71,65476,0,300,0,0,8,21553,0.0,-107605600.0,0.0,0.0,0.0,0.0,0.0,0.0,0.0,0.0,0.0,0.0,0.0,0.0,0.0,0.0,0.0,0.0,0.0,0.0,0.0,0.0,-2.004,-0.0,-0.0,-2.004,0.0,0.0,0.0,0.0,6307.0,0.0,6912.0,0.0,0.0,2.7184303811560617e+23,0.0,0.0,0.0,0.0,0.0,69,-107615400.0,0.0,0.0,0.0,0.0,0.0,0.0,0.0,0.0,0,0,0,0.0,0.0,0.0,0.0,0.0,0.0,0.0,0.0,0.0,0.0,0.0,0.0,0.0,0.0,0.0,0.0,0,-107875648.0,69,0.0,138,0.0,0.0,0,13107,17040,13107,17049,13107,17043,0,0,0,70,68,100,2.7302359370752657e+23,71.1,0.0,74.2,2.7302370179391762e+23,74.0,1,49,50,180,0,52429,0,0,0.0,0.0,0.0,0.0,-0.0,67.0,0.0,162057.094,0.0,751,0,739,0,0,0,721,0,766,0,736,0,742,0,741,0,712,0,7520,0.032,79456894976.0,0.0,0.0,784,16797,-0.0,162057.094,-114818.039,-0.0,0.133,6.909358625270745e+28,30.0,65.0,35,0.0,0.0,0.0,0.0,0.0,0.0,0.0,0.0,0.0,0.0,0.0,0.0,0.0,0.0,0.0,0.0,69.2,0,150,71,55,65476,0,300,0,1,8,20529,65476,0,0,40632,65.0,0.0,0.0,0.0,0.0,0.0
2026-09-04T20:36:27,ERR,ERR,ERR,ERR,ERR,ERR,ERR,ERR,ERR,ERR,ERR,ERR,ERR,ERR,ERR,ERR,ERR,ERR,ERR,ERR,ERR,ERR,ERR,ERR,ERR,ERR,ERR,ERR,ERR,ERR,ERR,ERR,ERR,ERR,ERR,ERR,ERR,ERR,ERR,ERR,ERR,ERR,ERR,ERR,ERR,ERR,ERR,ERR,ERR,ERR,ERR,ERR,ERR,ERR,ERR,ERR,ERR,ERR,ERR,ERR,ERR,ERR,ERR,ERR,ERR,ERR,ERR,ERR,ERR,ERR,ERR,ERR,ERR,ERR,ERR,ERR,ERR,ERR,ERR,ERR,ERR,ERR,ERR,ERR,ERR,ERR,ERR,ERR,ERR,ERR,ERR,ERR,ERR,ERR,ERR,ERR,ERR,ERR,ERR,ERR,ERR,ERR,ERR,ERR,ERR,ERR,ERR,ERR,ERR,ERR,ERR,ERR,ERR,ERR,ERR,ERR,ERR,ERR,ERR,ERR,ERR,ERR,ERR,ERR,ERR,0.0,0.0,0.0,0.0,0.0,1.3936040501711995e+18,7.805,0.0,0,0,4,0,7116,0.0,100,0.0,0.0,0.0,0.0,0.0,0,0,0,0,0.0,0,0,0,0,0,0,0,0,0,0,0,0,0,0,0,0,0,0,0,0,0,0,0,0,0,0,0,0,0,0,0,0,0,31,40,40,71,65476,0,300,0,0,8,21553,0.0,-107605600.0,0.0,0.0,0.0,0.0,0.0,0.0,0.0,0.0,0.0,0.0,0.0,0.0,0.0,0.0,0.0,0.0,0.0,0.0,0.0,0.0,-2.004,-0.0,-0.0,-2.004,0.0,0.0,0.0,0.0,6307.0,0.0,6912.0,0.0,0.0,2.7184303811560617e+23,0.0,0.0,0.0,0.0,0.0,69,-107615400.0,0.0,0.0,0.0,0.0,0.0,0.0,0.0,0.0,0,0,0,0.0,0.0,0.0,0.0,0.0,0.0,0.0,0.0,0.0,0.0,0.0,0.0,0.0,0.0,0.0,0.0,0,-107875648.0,69,0.0,138,0.0,0.0,0,13107,17040,13107,17049,13107,17043,0,0,0,70,68,100,2.7302359370752657e+23,71.1,0.0,74.2,2.7302370179391762e+23,74.0,1,49,50,180,0,52429,0,0,0.0,0.0,0.0,0.0,-0.0,67.0,0.0,162057.094,0.0,751,0,739,0,0,0,721,0,766,0,736,0,742,0,741,0,712,0,7520,0.032,79456894976.0,0.0,0.0,784,16797,-0.0,162057.094,-114818.039,-0.0,0.133,6.909358625270745e+28,30.0,65.0,35,0.0,0.0,0.0,0.0,0.0,0.0,0.0,0.0,0.0,0.0,0.0,0.0,0.0,0.0,0.0,0.0,69.2,0,150,71,55,65476,0,300,0,1,8,20529,65476,0,0,40632,65.0,0.0,0.0,0.0,0.0,0.0
2026-09-04T20:36:28,ERR,ERR,ERR,ERR,ERR,ERR,ERR,ERR,ERR,ERR,ERR,ERR,ERR,ERR,ERR,ERR,ERR,ERR,ERR,ERR,ERR,ERR,ERR,ERR,ERR,ERR,ERR,ERR,ERR,ERR,ERR,ERR,ERR,ERR,ERR,ERR,ERR,ERR,ERR,ERR,ERR,ERR,ERR,ERR,ERR,ERR,ERR,ERR,ERR,ERR,ERR,ERR,ERR,ERR,ERR,ERR,ERR,ERR,ERR,ERR,ERR,ERR,ERR,ERR,ERR,ERR,ERR,ERR,ERR,ERR,ERR,ERR,ERR,ERR,ERR,ERR,ERR,ERR,ERR,ERR,ERR,ERR,ERR,ERR,ERR,ERR,ERR,ERR,ERR,ERR,ERR,ERR,ERR,ERR,ERR,ERR,ERR,ERR,ERR,ERR,ERR,ERR,ERR,ERR,ERR,ERR,ERR,ERR,ERR,ERR,ERR,ERR,ERR,ERR,ERR,ERR,ERR,ERR,ERR,ERR,ERR,ERR,ERR,ERR,ERR,0.0,0.0,0.0,0.0,0.0,1.3936040501711995e+18,7.805,0.0,0,0,4,0,7116,0.0,100,0.0,0.0,0.0,0.0,0.0,0,0,0,0,0.0,0,0,0,0,0,0,0,0,0,0,0,0,0,0,0,0,0,0,0,0,0,0,0,0,0,0,0,0,0,0,0,0,0,31,40,40,71,65476,0,300,0,0,8,21553,0.0,-107605600.0,0.0,0.0,0.0,0.0,0.0,0.0,0.0,0.0,0.0,0.0,0.0,0.0,0.0,0.0,0.0,0.0,0.0,0.0,0.0,0.0,-2.004,-0.0,-0.0,-2.004,0.0,0.0,0.0,0.0,6307.0,0.0,6912.0,0.0,0.0,2.7184303811560617e+23,0.0,0.0,0.0,0.0,0.0,69,-107615400.0,0.0,0.0,0.0,0.0,0.0,0.0,0.0,0.0,0,0,0,0.0,0.0,0.0,0.0,0.0,0.0,0.0,0.0,0.0,0.0,0.0,0.0,0.0,0.0,0.0,0.0,0,-107875648.0,69,0.0,138,0.0,0.0,0,13107,17040,13107,17049,13107,17043,0,0,0,70,68,100,2.7302359370752657e+23,71.1,0.0,74.2,2.7302370179391762e+23,74.0,1,49,50,180,0,52429,0,0,0.0,0.0,0.0,0.0,-0.0,67.0,0.0,162057.094,0.0,751,0,739,0,0,0,721,0,766,0,736,0,742,0,741,0,712,0,7520,0.032,79456894976.0,0.0,0.0,784,16797,-0.0,162057.094,-114818.039,-0.0,0.133,6.909358625270745e+28,30.0,65.0,35,0.0,0.0,0.0,0.0,0.0,0.0,0.0,0.0,0.0,0.0,0.0,0.0,0.0,0.0,0.0,0.0,69.2,0,150,71,55,65476,0,300,0,1,8,20529,65476,0,0,40632,65.0,0.0,0.0,0.0,0.0,0.0
2026-09-04T20:36:29,ERR,ERR,ERR,ERR,ERR,ERR,ERR,ERR,ERR,ERR,ERR,ERR,ERR,ERR,ERR,ERR,ERR,ERR,ERR,ERR,ERR,ERR,ERR,ERR,ERR,ERR,ERR,ERR,ERR,ERR,ERR,ERR,ERR,ERR,ERR,ERR,ERR,ERR,ERR,ERR,ERR,ERR,ERR,ERR,ERR,ERR,ERR,ERR,ERR,ERR,ERR,ERR,ERR,ERR,ERR,ERR,ERR,ERR,ERR,ERR,ERR,ERR,ERR,ERR,ERR,ERR,ERR,ERR,ERR,ERR,ERR,ERR,ERR,ERR,ERR,ERR,ERR,ERR,ERR,ERR,ERR,ERR,ERR,ERR,ERR,ERR,ERR,ERR,ERR,ERR,ERR,ERR,ERR,ERR,ERR,ERR,ERR,ERR,ERR,ERR,ERR,ERR,ERR,ERR,ERR,ERR,ERR,ERR,ERR,ERR,ERR,ERR,ERR,ERR,ERR,ERR,ERR,ERR,ERR,ERR,ERR,ERR,ERR,ERR,ERR,0.0,0.0,0.0,0.0,0.0,1.3936040501711995e+18,7.805,0.0,0,0,4,0,7116,0.0,100,0.0,0.0,0.0,0.0,0.0,0,0,0,0,0.0,0,0,0,0,0,0,0,0,0,0,0,0,0,0,0,0,0,0,0,0,0,0,0,0,0,0,0,0,0,0,0,0,0,31,40,40,71,65476,0,300,0,0,8,21553,0.0,-107605600.0,0.0,0.0,0.0,0.0,0.0,0.0,0.0,0.0,0.0,0.0,0.0,0.0,0.0,0.0,0.0,0.0,0.0,0.0,0.0,0.0,-2.004,-0.0,-0.0,-2.004,0.0,0.0,0.0,0.0,6307.0,0.0,6912.0,0.0,0.0,2.7184303811560617e+23,0.0,0.0,0.0,0.0,0.0,69,-107615400.0,0.0,0.0,0.0,0.0,0.0,0.0,0.0,0.0,0,0,0,0.0,0.0,0.0,0.0,0.0,0.0,0.0,0.0,0.0,0.0,0.0,0.0,0.0,0.0,0.0,0.0,0,-107875648.0,69,0.0,138,0.0,0.0,0,13107,17040,13107,17049,13107,17043,0,0,0,70,68,100,2.7302359370752657e+23,71.1,0.0,74.2,2.7302370179391762e+23,74.0,1,49,50,180,0,52429,0,0,0.0,0.0,0.0,0.0,-0.0,67.0,0.0,162057.094,0.0,750,0,739,0,0,0,721,0,766,0,736,0,742,0,741,0,712,0,7520,0.032,79456894976.0,0.0,0.0,784,16797,-0.0,162057.094,-114818.039,-0.0,0.133,6.909358625270745e+28,30.0,65.0,35,0.0,0.0,0.0,0.0,0.0,0.0,0.0,0.0,0.0,0.0,0.0,0.0,0.0,0.0,0.0,0.0,69.2,0,150,71,55,65476,0,300,0,1,8,20529,65476,0,0,40632,65.0,0.0,0.0,0.0,0.0,0.0
2026-09-04T20:36:30,ERR,ERR,ERR,ERR,ERR,ERR,ERR,ERR,ERR,ERR,ERR,ERR,ERR,ERR,ERR,ERR,ERR,ERR,ERR,ERR,ERR,ERR,ERR,ERR,ERR,ERR,ERR,ERR,ERR,ERR,ERR,ERR,ERR,ERR,ERR,ERR,ERR,ERR,ERR,ERR,ERR,ERR,ERR,ERR,ERR,ERR,ERR,ERR,ERR,ERR,ERR,ERR,ERR,ERR,ERR,ERR,ERR,ERR,ERR,ERR,ERR,ERR,ERR,ERR,ERR,ERR,ERR,ERR,ERR,ERR,ERR,ERR,ERR,ERR,ERR,ERR,ERR,ERR,ERR,ERR,ERR,ERR,ERR,ERR,ERR,ERR,ERR,ERR,ERR,ERR,ERR,ERR,ERR,ERR,ERR,ERR,ERR,ERR,ERR,ERR,ERR,ERR,ERR,ERR,ERR,ERR,ERR,ERR,ERR,ERR,ERR,ERR,ERR,ERR,ERR,ERR,ERR,ERR,ERR,ERR,ERR,ERR,ERR,ERR,ERR,0.0,0.0,0.0,0.0,0.0,1.3936040501711995e+18,7.805,0.0,0,0,4,0,7116,0.0,100,0.0,0.0,0.0,0.0,0.0,0,0,0,0,0.0,0,0,0,0,0,0,0,0,0,0,0,0,0,0,0,0,0,0,0,0,0,0,0,0,0,0,0,0,0,0,0,0,0,31,40,40,71,65476,0,300,0,0,8,21553,0.0,-107605600.0,0.0,0.0,0.0,0.0,0.0,0.0,0.0,0.0,0.0,0.0,0.0,0.0,0.0,0.0,0.0,0.0,0.0,0.0,0.0,0.0,-2.004,-0.0,-0.0,-2.004,0.0,0.0,0.0,0.0,6307.0,0.0,6912.0,0.0,0.0,2.7184303811560617e+23,0.0,0.0,0.0,0.0,0.0,69,-107615400.0,0.0,0.0,0.0,0.0,0.0,0.0,0.0,0.0,0,0,0,0.0,0.0,0.0,0.0,0.0,0.0,0.0,0.0,0.0,0.0,0.0,0.0,0.0,0.0,0.0,0.0,0,-107875648.0,69,0.0,138,0.0,0.0,0,13107,17040,13107,17049,13107,17043,0,0,0,70,68,100,2.7302359370752657e+23,71.1,0.0,74.2,2.7302370179391762e+23,74.0,1,49,50,180,0,52429,0,0,0.0,0.0,0.0,0.0,-0.0,67.0,0.0,162057.094,0.0,750,0,739,0,0,0,721,0,766,0,736,0,742,0,741,0,712,0,7520,0.032,79456894976.0,0.0,0.0,784,16797,-0.0,162057.094,-114818.039,-0.0,0.133,6.909358625270745e+28,30.0,65.0,35,0.0,0.0,0.0,0.0,0.0,0.0,0.0,0.0,0.0,0.0,0.0,0.0,0.0,0.0,0.0,0.0,69.2,0,150,71,55,65476,0,300,0,1,8,20529,65476,0,0,40632,65.0,0.0,0.0,0.0,0.0,0.0
2026-09-04T20:36:31,ERR,ERR,ERR,ERR,ERR,ERR,ERR,ERR,ERR,ERR,ERR,ERR,ERR,ERR,ERR,ERR,ERR,ERR,ERR,ERR,ERR,ERR,ERR,ERR,ERR,ERR,ERR,ERR,ERR,ERR,ERR,ERR,ERR,ERR,ERR,ERR,ERR,ERR,ERR,ERR,ERR,ERR,ERR,ERR,ERR,ERR,ERR,ERR,ERR,ERR,ERR,ERR,ERR,ERR,ERR,ERR,ERR,ERR,ERR,ERR,ERR,ERR,ERR,ERR,ERR,ERR,ERR,ERR,ERR,ERR,ERR,ERR,ERR,ERR,ERR,ERR,ERR,ERR,ERR,ERR,ERR,ERR,ERR,ERR,ERR,ERR,ERR,ERR,ERR,ERR,ERR,ERR,ERR,ERR,ERR,ERR,ERR,ERR,ERR,ERR,ERR,ERR,ERR,ERR,ERR,ERR,ERR,ERR,ERR,ERR,ERR,ERR,ERR,ERR,ERR,ERR,ERR,ERR,ERR,ERR,ERR,ERR,ERR,ERR,ERR,0.0,0.0,0.0,0.0,0.0,1.3936040501711995e+18,7.805,0.0,0,0,4,0,7116,0.0,100,0.0,0.0,0.0,0.0,0.0,0,0,0,0,0.0,0,0,0,0,0,0,0,0,0,0,0,0,0,0,0,0,0,0,0,0,0,0,0,0,0,0,0,0,0,0,0,0,0,31,40,40,71,65476,0,300,0,0,8,21553,0.0,-107605600.0,0.0,0.0,0.0,0.0,0.0,0.0,0.0,0.0,0.0,0.0,0.0,0.0,0.0,0.0,0.0,0.0,0.0,0.0,0.0,0.0,-2.004,2.004,-0.0,-2.004,0.0,0.0,0.0,0.0,6309.0,0.0,6914.0,0.0,0.0,2.7184303811560617e+23,0.0,0.0,0.0,0.0,0.0,69,-152018572279808.0,0.059,0.0,0.0,0.0,0.0,0.0,0.0,0.0,0,0,0,0.0,0.0,0.0,0.0,0.0,0.0,0.0,0.0,0.0,0.0,0.0,0.0,0.0,0.0,0.0,0.0,0,-107875648.0,69,0.0,138,0.0,0.0,0,13107,17040,13107,17049,13107,17043,0,0,0,70,68,100,2.7302359370752657e+23,71.1,0.0,74.2,2.7302370179391762e+23,74.0,1,49,50,180,0,52429,0,0,0.0,0.0,0.0,0.0,-0.0,67.0,0.0,162057.094,0.0,750,0,739,0,0,0,721,0,766,0,736,0,742,0,741,0,712,0,7520,0.032,79456894976.0,0.0,0.0,784,16797,-0.0,162057.094,-114818.039,-0.0,0.133,6.909358625270745e+28,30.0,65.0,35,0.0,0.0,0.0,0.0,0.0,0.0,0.0,0.0,0.0,0.0,0.0,0.0,0.0,0.0,0.0,0.0,69.2,0,150,71,55,65476,0,300,0,1,8,20529,65476,0,0,40632,65.0,0.0,0.0,0.0,0.0,0.0
2026-09-04T20:36:32,ERR,ERR,ERR,ERR,ERR,ERR,ERR,ERR,ERR,ERR,ERR,ERR,ERR,ERR,ERR,ERR,ERR,ERR,ERR,ERR,ERR,ERR,ERR,ERR,ERR,ERR,ERR,ERR,ERR,ERR,ERR,ERR,ERR,ERR,ERR,ERR,ERR,ERR,ERR,ERR,ERR,ERR,ERR,ERR,ERR,ERR,ERR,ERR,ERR,ERR,ERR,ERR,ERR,ERR,ERR,ERR,ERR,ERR,ERR,ERR,ERR,ERR,ERR,ERR,ERR,ERR,ERR,ERR,ERR,ERR,ERR,ERR,ERR,ERR,ERR,ERR,ERR,ERR,ERR,ERR,ERR,ERR,ERR,ERR,ERR,ERR,ERR,ERR,ERR,ERR,ERR,ERR,ERR,ERR,ERR,ERR,ERR,ERR,ERR,ERR,ERR,ERR,ERR,ERR,ERR,ERR,ERR,ERR,ERR,ERR,ERR,ERR,ERR,ERR,ERR,ERR,ERR,ERR,ERR,ERR,ERR,ERR,ERR,ERR,ERR,0.0,0.0,0.0,0.0,0.0,1.3936040501711995e+18,7.805,0.0,0,0,4,0,7116,0.0,100,0.0,0.0,0.0,0.0,0.0,0,0,0,0,0.0,0,0,0,0,0,0,0,0,0,0,0,0,0,0,0,0,0,0,0,0,0,0,0,0,0,0,0,0,0,0,0,0,0,31,40,40,71,65476,0,300,0,0,8,21553,0.0,-107605600.0,0.0,0.0,0.0,0.0,0.0,0.0,0.0,0.0,0.0,0.0,0.0,0.0,0.0,0.0,0.0,0.0,0.0,0.0,0.0,0.0,-2.004,2.004,-0.0,-2.004,0.0,0.0,0.0,0.0,6309.0,0.0,6914.0,0.0,0.0,2.7184303811560617e+23,0.0,0.0,0.0,0.0,0.0,69,-152018572279808.0,0.059,0.0,0.0,0.0,0.0,0.0,0.0,0.0,0,0,0,0.0,0.0,0.0,0.0,0.0,0.0,0.0,0.0,0.0,0.0,0.0,0.0,0.0,0.0,0.0,0.0,0,-107875648.0,69,0.0,138,0.0,0.0,0,13107,17040,13107,17049,13107,17043,0,0,0,70,68,100,2.7302359370752657e+23,71.1,0.0,74.2,2.7302370179391762e+23,74.0,1,49,50,180,0,52429,0,0,0.0,0.0,0.0,0.0,-0.0,67.0,0.0,162057.094,0.0,750,0,739,0,0,0,721,0,766,0,736,0,742,0,741,0,712,0,7520,0.032,79456894976.0,0.0,0.0,784,16797,-0.0,162057.094,-114818.039,-0.0,0.133,6.909358625270745e+28,30.0,65.0,35,0.0,0.0,0.0,0.0,0.0,0.0,0.0,0.0,0.0,0.0,0.0,0.0,0.0,0.0,0.0,0.0,69.6,0,150,71,55,65476,0,300,0,1,8,20529,65476,0,0,40632,65.0,0.0,0.0,0.0,0.0,0.0
2026-09-04T20:36:33,ERR,ERR,ERR,ERR,ERR,ERR,ERR,ERR,ERR,ERR,ERR,ERR,ERR,ERR,ERR,ERR,ERR,ERR,ERR,ERR,ERR,ERR,ERR,ERR,ERR,ERR,ERR,ERR,ERR,ERR,ERR,ERR,ERR,ERR,ERR,ERR,ERR,ERR,ERR,ERR,ERR,ERR,ERR,ERR,ERR,ERR,ERR,ERR,ERR,ERR,ERR,ERR,ERR,ERR,ERR,ERR,ERR,ERR,ERR,ERR,ERR,ERR,ERR,ERR,ERR,ERR,ERR,ERR,ERR,ERR,ERR,ERR,ERR,ERR,ERR,ERR,ERR,ERR,ERR,ERR,ERR,ERR,ERR,ERR,ERR,ERR,ERR,ERR,ERR,ERR,ERR,ERR,ERR,ERR,ERR,ERR,ERR,ERR,ERR,ERR,ERR,ERR,ERR,ERR,ERR,ERR,ERR,ERR,ERR,ERR,ERR,ERR,ERR,ERR,ERR,ERR,ERR,ERR,ERR,ERR,ERR,ERR,ERR,ERR,ERR,0.0,0.0,0.0,0.0,0.0,1.3936040501711995e+18,7.805,0.0,0,0,4,0,7116,0.0,100,0.0,0.0,0.0,0.0,0.0,0,0,0,0,0.0,0,0,0,0,0,0,0,0,0,0,0,0,0,0,0,0,0,0,0,0,0,0,0,0,0,0,0,0,0,0,0,0,0,31,40,40,71,65476,0,300,0,0,8,21553,0.0,-107605600.0,0.0,0.0,0.0,0.0,0.0,0.0,0.0,0.0,0.0,0.0,0.0,0.0,0.0,0.0,0.0,0.0,0.0,0.0,0.0,0.0,-2.004,2.004,-0.0,-2.004,0.0,0.0,0.0,0.0,6309.0,0.0,6914.0,0.0,0.0,2.7184303811560617e+23,0.0,0.0,0.0,0.0,0.0,69,-152018572279808.0,0.059,0.0,0.0,0.0,0.0,0.0,0.0,0.0,0,0,0,0.0,0.0,0.0,0.0,0.0,0.0,0.0,0.0,0.0,0.0,0.0,0.0,0.0,0.0,0.0,0.0,0,-107875648.0,69,0.0,138,0.0,0.0,0,13107,17040,13107,17049,13107,17043,0,0,0,70,68,100,2.7302359370752657e+23,71.1,0.0,74.2,2.7302370179391762e+23,74.0,1,49,50,180,0,52429,0,0,0.0,0.0,0.0,0.0,-0.0,67.0,0.0,162057.094,0.0,750,0,739,0,0,0,721,0,766,0,736,0,742,0,741,0,712,0,7520,0.032,79456894976.0,0.0,0.0,784,16797,-0.0,162057.094,-114818.039,-0.0,0.133,6.909358625270745e+28,30.0,65.0,35,0.0,0.0,0.0,0.0,0.0,0.0,0.0,0.0,0.0,0.0,0.0,0.0,0.0,0.0,0.0,0.0,69.6,0,150,71,55,65476,0,300,0,1,8,20529,65476,0,0,40632,65.0,0.0,0.0,0.0,0.0,0.0
2026-09-04T20:36:34,ERR,ERR,ERR,ERR,ERR,ERR,ERR,ERR,ERR,ERR,ERR,ERR,ERR,ERR,ERR,ERR,ERR,ERR,ERR,ERR,ERR,ERR,ERR,ERR,ERR,ERR,ERR,ERR,ERR,ERR,ERR,ERR,ERR,ERR,ERR,ERR,ERR,ERR,ERR,ERR,ERR,ERR,ERR,ERR,ERR,ERR,ERR,ERR,ERR,ERR,ERR,ERR,ERR,ERR,ERR,ERR,ERR,ERR,ERR,ERR,ERR,ERR,ERR,ERR,ERR,ERR,ERR,ERR,ERR,ERR,ERR,ERR,ERR,ERR,ERR,ERR,ERR,ERR,ERR,ERR,ERR,ERR,ERR,ERR,ERR,ERR,ERR,ERR,ERR,ERR,ERR,ERR,ERR,ERR,ERR,ERR,ERR,ERR,ERR,ERR,ERR,ERR,ERR,ERR,ERR,ERR,ERR,ERR,ERR,ERR,ERR,ERR,ERR,ERR,ERR,ERR,ERR,ERR,ERR,ERR,ERR,ERR,ERR,ERR,ERR,0.0,0.0,0.0,0.0,0.0,1.3936040501711995e+18,7.805,0.0,0,0,4,0,7116,0.0,100,0.0,0.0,0.0,0.0,0.0,0,0,0,0,0.0,0,0,0,0,0,0,0,0,0,0,0,0,0,0,0,0,0,0,0,0,0,0,0,0,0,0,0,0,0,0,0,0,0,31,40,40,71,65476,0,300,0,0,8,21553,0.0,-107605600.0,0.0,0.0,0.0,0.0,0.0,0.0,0.0,0.0,0.0,0.0,0.0,0.0,0.0,0.0,0.0,0.0,0.0,0.0,0.0,0.0,-2.004,2.004,-0.0,-2.004,0.0,0.0,0.0,0.0,6309.0,0.0,6914.0,0.0,0.0,2.7184303811560617e+23,0.0,0.0,0.0,0.0,0.0,69,-152018572279808.0,0.059,0.0,0.0,0.0,0.0,0.0,0.0,0.0,0,0,0,0.0,0.0,0.0,0.0,0.0,0.0,0.0,0.0,0.0,0.0,0.0,0.0,0.0,0.0,0.0,0.0,0,-107875648.0,69,0.0,138,0.0,0.0,0,13107,17040,13107,17049,13107,17043,0,0,0,70,68,100,2.7302359370752657e+23,71.1,0.0,74.2,2.7302370179391762e+23,74.0,1,49,50,180,0,52429,0,0,0.0,0.0,0.0,0.0,-0.0,67.0,0.0,162057.094,0.0,750,0,739,0,0,0,721,0,766,0,736,0,742,0,741,0,712,0,7520,0.032,79456894976.0,0.0,0.0,784,16797,-0.0,162057.094,-114818.039,-0.0,0.133,6.909358625270745e+28,30.0,65.0,35,0.0,0.0,0.0,0.0,0.0,0.0,0.0,0.0,0.0,0.0,0.0,0.0,0.0,0.0,0.0,0.0,69.2,0,150,71,55,65476,0,300,0,1,8,20529,65476,0,0,40632,65.0,0.0,0.0,0.0,0.0,0.0
2026-09-04T20:36:35,ERR,ERR,ERR,ERR,ERR,ERR,ERR,ERR,ERR,ERR,ERR,ERR,ERR,ERR,ERR,ERR,ERR,ERR,ERR,ERR,ERR,ERR,ERR,ERR,ERR,ERR,ERR,ERR,ERR,ERR,ERR,ERR,ERR,ERR,ERR,ERR,ERR,ERR,ERR,ERR,ERR,ERR,ERR,ERR,ERR,ERR,ERR,ERR,ERR,ERR,ERR,ERR,ERR,ERR,ERR,ERR,ERR,ERR,ERR,ERR,ERR,ERR,ERR,ERR,ERR,ERR,ERR,ERR,ERR,ERR,ERR,ERR,ERR,ERR,ERR,ERR,ERR,ERR,ERR,ERR,ERR,ERR,ERR,ERR,ERR,ERR,ERR,ERR,ERR,ERR,ERR,ERR,ERR,ERR,ERR,ERR,ERR,ERR,ERR,ERR,ERR,ERR,ERR,ERR,ERR,ERR,ERR,ERR,ERR,ERR,ERR,ERR,ERR,ERR,ERR,ERR,ERR,ERR,ERR,ERR,ERR,ERR,ERR,ERR,ERR,0.0,0.0,0.0,0.0,0.0,1.3936040501711995e+18,7.805,0.0,0,0,4,0,7116,0.0,100,0.0,0.0,0.0,0.0,0.0,0,0,0,0,0.0,0,0,0,0,0,0,0,0,0,0,0,0,0,0,0,0,0,0,0,0,0,0,0,0,0,0,0,0,0,0,0,0,0,31,40,40,71,65476,0,300,0,0,8,21553,0.0,-107605600.0,0.0,0.0,0.0,0.0,0.0,0.0,0.0,0.0,0.0,0.0,0.0,0.0,0.0,0.0,0.0,0.0,0.0,0.0,0.0,0.0,-2.004,2.004,-0.0,-2.004,0.0,0.0,0.0,0.0,6309.0,0.0,6914.0,0.0,0.0,2.7184303811560617e+23,0.0,0.0,0.0,0.0,0.0,69,-152018572279808.0,0.059,0.0,0.0,0.0,0.0,0.0,0.0,0.0,0,0,0,0.0,0.0,0.0,0.0,0.0,0.0,0.0,0.0,0.0,0.0,0.0,0.0,0.0,0.0,0.0,0.0,0,-107875648.0,69,0.0,138,0.0,0.0,0,13107,17040,13107,17049,13107,17043,0,0,0,70,68,100,2.7302359370752657e+23,71.1,0.0,74.2,2.7302370179391762e+23,74.0,1,49,50,180,0,52429,0,0,0.0,0.0,0.0,0.0,-0.0,67.0,0.0,162057.094,0.0,750,0,739,0,0,0,721,0,766,0,736,0,742,0,741,0,712,0,7520,0.032,79456894976.0,0.0,0.0,784,16797,-0.0,162057.094,-114818.039,-0.0,0.133,6.909358625270745e+28,30.0,65.0,35,0.0,0.0,0.0,0.0,0.0,0.0,0.0,0.0,0.0,0.0,0.0,0.0,0.0,0.0,0.0,0.0,69.2,0,150,71,55,65476,0,300,0,1,8,20529,65476,0,0,40632,65.0,0.0,0.0,0.0,0.0,0.0
2026-09-04T20:36:36,ERR,ERR,ERR,ERR,ERR,ERR,ERR,ERR,ERR,ERR,ERR,ERR,ERR,ERR,ERR,ERR,ERR,ERR,ERR,ERR,ERR,ERR,ERR,ERR,ERR,ERR,ERR,ERR,ERR,ERR,ERR,ERR,ERR,ERR,ERR,ERR,ERR,ERR,ERR,ERR,ERR,ERR,ERR,ERR,ERR,ERR,ERR,ERR,ERR,ERR,ERR,ERR,ERR,ERR,ERR,ERR,ERR,ERR,ERR,ERR,ERR,ERR,ERR,ERR,ERR,ERR,ERR,ERR,ERR,ERR,ERR,ERR,ERR,ERR,ERR,ERR,ERR,ERR,ERR,ERR,ERR,ERR,ERR,ERR,ERR,ERR,ERR,ERR,ERR,ERR,ERR,ERR,ERR,ERR,ERR,ERR,ERR,ERR,ERR,ERR,ERR,ERR,ERR,ERR,ERR,ERR,ERR,ERR,ERR,ERR,ERR,ERR,ERR,ERR,ERR,ERR,ERR,ERR,ERR,ERR,ERR,ERR,ERR,ERR,ERR,0.0,0.0,0.0,0.0,0.0,1.3936040501711995e+18,7.805,0.0,0,0,4,0,7116,0.0,100,0.0,0.0,0.0,0.0,0.0,0,0,0,0,0.0,0,0,0,0,0,0,0,0,0,0,0,0,0,0,0,0,0,0,0,0,0,0,0,0,0,0,0,0,0,0,0,0,0,31,40,40,71,65476,0,300,0,0,8,21553,0.0,-107605600.0,0.0,0.0,0.0,0.0,0.0,0.0,0.0,0.0,0.0,0.0,0.0,0.0,0.0,0.0,0.0,0.0,0.0,0.0,0.0,0.0,-2.004,2.004,-0.0,-2.004,0.0,0.0,0.0,0.0,6309.0,0.0,6914.0,0.0,0.0,2.7184303811560617e+23,0.0,0.0,0.0,0.0,0.0,69,-152018572279808.0,0.059,0.0,0.0,0.0,0.0,0.0,0.0,0.0,0,0,0,0.0,0.0,0.0,0.0,0.0,0.0,0.0,0.0,0.0,0.0,0.0,0.0,0.0,0.0,0.0,0.0,0,-107875648.0,69,0.0,138,0.0,0.0,0,13107,17040,13107,17049,13107,17043,0,0,0,70,68,100,2.7302359370752657e+23,71.1,0.0,74.2,2.7302370179391762e+23,74.0,1,49,50,180,0,52429,0,0,0.0,0.0,0.0,0.0,-0.0,67.0,0.0,162057.094,0.0,750,0,739,0,0,0,721,0,766,0,736,0,742,0,741,0,712,0,7520,0.032,79456894976.0,0.0,0.0,784,16797,-0.0,162057.094,-114818.039,-0.0,0.133,6.909358625270745e+28,30.0,65.0,35,0.0,0.0,0.0,0.0,0.0,0.0,0.0,0.0,0.0,0.0,0.0,0.0,0.0,0.0,0.0,0.0,69.2,0,150,71,55,65476,0,300,0,1,8,20529,65476,0,0,40632,65.0,0.0,0.0,0.0,0.0,0.0
2026-09-04T20:36:37,ERR,ERR,ERR,ERR,ERR,ERR,ERR,ERR,ERR,ERR,ERR,ERR,ERR,ERR,ERR,ERR,ERR,ERR,ERR,ERR,ERR,ERR,ERR,ERR,ERR,ERR,ERR,ERR,ERR,ERR,ERR,ERR,ERR,ERR,ERR,ERR,ERR,ERR,ERR,ERR,ERR,ERR,ERR,ERR,ERR,ERR,ERR,ERR,ERR,ERR,ERR,ERR,ERR,ERR,ERR,ERR,ERR,ERR,ERR,ERR,ERR,ERR,ERR,ERR,ERR,ERR,ERR,ERR,ERR,ERR,ERR,ERR,ERR,ERR,ERR,ERR,ERR,ERR,ERR,ERR,ERR,ERR,ERR,ERR,ERR,ERR,ERR,ERR,ERR,ERR,ERR,ERR,ERR,ERR,ERR,ERR,ERR,ERR,ERR,ERR,ERR,ERR,ERR,ERR,ERR,ERR,ERR,ERR,ERR,ERR,ERR,ERR,ERR,ERR,ERR,ERR,ERR,ERR,ERR,ERR,ERR,ERR,ERR,ERR,ERR,0.0,0.0,0.0,0.0,0.0,1.3936040501711995e+18,7.805,0.0,0,0,4,0,7116,0.0,100,0.0,0.0,0.0,0.0,0.0,0,0,0,0,0.0,0,0,0,0,0,0,0,0,0,0,0,0,0,0,0,0,0,0,0,0,0,0,0,0,0,0,0,0,0,0,0,0,0,31,40,40,71,65476,0,300,0,0,8,21553,0.0,-107605600.0,0.0,0.0,0.0,0.0,0.0,0.0,0.0,0.0,0.0,0.0,0.0,0.0,0.0,0.0,0.0,0.0,0.0,0.0,0.0,0.0,-2.004,2.004,-0.0,-2.004,0.0,0.0,0.0,0.0,6309.0,0.0,6914.0,0.0,0.0,2.7184303811560617e+23,0.0,0.0,0.0,0.0,0.0,69,-152018572279808.0,0.059,0.0,0.0,0.0,0.0,0.0,0.0,0.0,0,0,0,0.0,0.0,0.0,0.0,0.0,0.0,0.0,0.0,0.0,0.0,0.0,0.0,0.0,0.0,0.0,0.0,0,-107875648.0,69,0.0,138,0.0,0.0,0,13107,17040,13107,17049,13107,17043,0,0,0,70,68,100,2.7302359370752657e+23,71.1,0.0,74.2,2.7302370179391762e+23,74.0,1,49,50,180,0,52429,0,0,0.0,0.0,0.0,0.0,-0.0,67.0,0.0,162057.094,0.0,750,0,739,0,0,0,721,0,766,0,736,0,742,0,741,0,712,0,7520,0.032,79456894976.0,0.0,0.0,784,16797,-0.0,162057.094,-114818.039,-0.0,0.133,6.909358625270745e+28,30.0,65.0,35,0.0,0.0,0.0,0.0,0.0,0.0,0.0,0.0,0.0,0.0,0.0,0.0,0.0,0.0,0.0,0.0,69.2,0,150,71,55,65476,0,300,0,1,8,20529,65476,0,0,40632,65.0,0.0,0.0,0.0,0.0,0.0
2026-09-04T20:36:38,ERR,ERR,ERR,ERR,ERR,ERR,ERR,ERR,ERR,ERR,ERR,ERR,ERR,ERR,ERR,ERR,ERR,ERR,ERR,ERR,ERR,ERR,ERR,ERR,ERR,ERR,ERR,ERR,ERR,ERR,ERR,ERR,ERR,ERR,ERR,ERR,ERR,ERR,ERR,ERR,ERR,ERR,ERR,ERR,ERR,ERR,ERR,ERR,ERR,ERR,ERR,ERR,ERR,ERR,ERR,ERR,ERR,ERR,ERR,ERR,ERR,ERR,ERR,ERR,ERR,ERR,ERR,ERR,ERR,ERR,ERR,ERR,ERR,ERR,ERR,ERR,ERR,ERR,ERR,ERR,ERR,ERR,ERR,ERR,ERR,ERR,ERR,ERR,ERR,ERR,ERR,ERR,ERR,ERR,ERR,ERR,ERR,ERR,ERR,ERR,ERR,ERR,ERR,ERR,ERR,ERR,ERR,ERR,ERR,ERR,ERR,ERR,ERR,ERR,ERR,ERR,ERR,ERR,ERR,ERR,ERR,ERR,ERR,ERR,ERR,0.0,0.0,0.0,0.0,0.0,1.3936040501711995e+18,7.805,0.0,0,0,4,0,7116,0.0,100,0.0,0.0,0.0,0.0,0.0,0,0,0,0,0.0,0,0,0,0,0,0,0,0,0,0,0,0,0,0,0,0,0,0,0,0,0,0,0,0,0,0,0,0,0,0,0,0,0,31,40,40,71,65476,0,300,0,0,8,21553,0.0,-107605600.0,0.0,0.0,0.0,0.0,0.0,0.0,0.0,0.0,0.0,0.0,0.0,0.0,0.0,0.0,0.0,0.0,0.0,0.0,0.0,0.0,-2.004,2.004,-0.0,-2.004,0.0,0.0,0.0,0.0,6309.0,0.0,6914.0,0.0,0.0,2.7184303811560617e+23,0.0,0.0,0.0,0.0,0.0,69,-152018572279808.0,0.059,0.0,0.0,0.0,0.0,0.0,0.0,0.0,0,0,0,0.0,0.0,0.0,0.0,0.0,0.0,0.0,0.0,0.0,0.0,0.0,0.0,0.0,0.0,0.0,0.0,0,-107875648.0,69,0.0,138,0.0,0.0,0,13107,17040,13107,17049,13107,17043,0,0,0,70,68,100,2.7302359370752657e+23,71.1,0.0,74.2,2.7302370179391762e+23,74.0,1,49,50,180,0,52429,0,0,0.0,0.0,0.0,0.0,-0.0,67.0,0.0,162057.094,0.0,750,0,739,0,0,0,721,0,766,0,736,0,742,0,741,0,712,0,7520,0.032,79456894976.0,0.0,0.0,784,16797,-0.0,162057.094,-114818.039,-0.0,0.133,6.909358625270745e+28,30.0,65.0,35,0.0,0.0,0.0,0.0,0.0,0.0,0.0,0.0,0.0,0.0,0.0,0.0,0.0,0.0,0.0,0.0,69.2,0,150,71,55,65476,0,300,0,1,8,20529,65476,0,0,40632,65.0,0.0,0.0,0.0,0.0,0.0
2026-09-04T20:36:40,ERR,ERR,ERR,ERR,ERR,ERR,ERR,ERR,ERR,ERR,ERR,ERR,ERR,ERR,ERR,ERR,ERR,ERR,ERR,ERR,ERR,ERR,ERR,ERR,ERR,ERR,ERR,ERR,ERR,ERR,ERR,ERR,ERR,ERR,ERR,ERR,ERR,ERR,ERR,ERR,ERR,ERR,ERR,ERR,ERR,ERR,ERR,ERR,ERR,ERR,ERR,ERR,ERR,ERR,ERR,ERR,ERR,ERR,ERR,ERR,ERR,ERR,ERR,ERR,ERR,ERR,ERR,ERR,ERR,ERR,ERR,ERR,ERR,ERR,ERR,ERR,ERR,ERR,ERR,ERR,ERR,ERR,ERR,ERR,ERR,ERR,ERR,ERR,ERR,ERR,ERR,ERR,ERR,ERR,ERR,ERR,ERR,ERR,ERR,ERR,ERR,ERR,ERR,ERR,ERR,ERR,ERR,ERR,ERR,ERR,ERR,ERR,ERR,ERR,ERR,ERR,ERR,ERR,ERR,ERR,ERR,ERR,ERR,ERR,ERR,0.0,0.0,0.0,0.0,0.0,1.3936040501711995e+18,7.805,0.0,0,0,4,0,7116,0.0,100,0.0,0.0,0.0,0.0,0.0,0,0,0,0,0.0,0,0,0,0,0,0,0,0,0,0,0,0,0,0,0,0,0,0,0,0,0,0,0,0,0,0,0,0,0,0,0,0,0,31,40,40,71,65476,0,300,0,0,8,21553,0.0,-107605600.0,0.0,0.0,0.0,0.0,0.0,0.0,0.0,0.0,0.0,0.0,0.0,0.0,0.0,0.0,0.0,0.0,0.0,0.0,0.0,0.0,-2.004,-0.0,-0.0,-2.004,0.0,0.0,0.0,0.0,6310.0,0.0,6916.0,0.0,0.0,2.7184303811560617e+23,0.0,0.0,0.0,0.0,0.0,69,-1.9056991512664474e+17,126840963072.0,0.0,0.0,0.0,0.0,0.0,0.0,0.0,0,0,0,0.0,0.0,0.0,0.0,0.0,0.0,0.0,0.0,0.0,0.0,0.0,0.0,0.0,0.0,0.0,0.0,0,-107875648.0,69,0.0,138,0.0,0.0,0,13107,17040,13107,17049,13107,17043,0,0,0,70,68,100,2.7302359370752657e+23,71.1,0.0,74.2,2.7302370179391762e+23,74.0,1,49,50,180,0,52429,0,0,0.0,0.0,0.0,0.0,-0.0,67.0,0.0,162057.094,0.0,750,0,739,0,0,0,721,0,766,0,736,0,742,0,741,0,712,0,7520,0.032,79993765888.0,0.0,0.0,784,16797,-0.0,162057.094,-114818.039,-0.0,0.133,6.909358625270745e+28,30.0,65.0,35,0.0,0.0,0.0,0.0,0.0,0.0,0.0,0.0,0.0,0.0,0.0,0.0,0.0,0.0,0.0,0.0,69.6,0,150,71,55,65476,0,300,0,1,8,20529,65476,0,0,40632,65.0,0.0,0.0,0.0,0.0,0.0
2026-09-04T20:36:41,ERR,ERR,ERR,ERR,ERR,ERR,ERR,ERR,ERR,ERR,ERR,ERR,ERR,ERR,ERR,ERR,ERR,ERR,ERR,ERR,ERR,ERR,ERR,ERR,ERR,ERR,ERR,ERR,ERR,ERR,ERR,ERR,ERR,ERR,ERR,ERR,ERR,ERR,ERR,ERR,ERR,ERR,ERR,ERR,ERR,ERR,ERR,ERR,ERR,ERR,ERR,ERR,ERR,ERR,ERR,ERR,ERR,ERR,ERR,ERR,ERR,ERR,ERR,ERR,ERR,ERR,ERR,ERR,ERR,ERR,ERR,ERR,ERR,ERR,ERR,ERR,ERR,ERR,ERR,ERR,ERR,ERR,ERR,ERR,ERR,ERR,ERR,ERR,ERR,ERR,ERR,ERR,ERR,ERR,ERR,ERR,ERR,ERR,ERR,ERR,ERR,ERR,ERR,ERR,ERR,ERR,ERR,ERR,ERR,ERR,ERR,ERR,ERR,ERR,ERR,ERR,ERR,ERR,ERR,ERR,ERR,ERR,ERR,ERR,ERR,0.0,0.0,0.0,0.0,0.0,1.3936040501711995e+18,7.805,0.0,0,0,4,0,7116,0.0,100,0.0,0.0,0.0,0.0,0.0,0,0,0,0,0.0,0,0,0,0,0,0,0,0,0,0,0,0,0,0,0,0,0,0,0,0,0,0,0,0,0,0,0,0,0,0,0,0,0,31,40,40,71,65476,0,300,0,0,8,21553,0.0,-107605600.0,0.0,0.0,0.0,0.0,0.0,0.0,0.0,0.0,0.0,0.0,0.0,0.0,0.0,0.0,0.0,0.0,0.0,0.0,0.0,0.0,-2.004,-0.0,-0.0,-2.004,0.0,0.0,0.0,0.0,6310.0,0.0,6916.0,0.0,0.0,2.7184303811560617e+23,0.0,0.0,0.0,0.0,0.0,69,-1.9056991512664474e+17,126840963072.0,0.0,0.0,0.0,0.0,0.0,0.0,0.0,0,0,0,0.0,0.0,0.0,0.0,0.0,0.0,0.0,0.0,0.0,0.0,0.0,0.0,0.0,0.0,0.0,0.0,0,-107875648.0,69,0.0,138,0.0,0.0,0,13107,17040,13107,17049,13107,17043,0,0,0,70,68,100,2.7302359370752657e+23,71.1,0.0,74.2,2.7302370179391762e+23,74.0,1,49,50,180,0,52429,0,0,0.0,0.0,0.0,0.0,-0.0,67.0,0.0,162057.094,0.0,750,0,739,0,0,0,721,0,766,0,736,0,742,0,741,0,712,0,7520,0.032,79993765888.0,0.0,0.0,784,16797,-0.0,162057.094,-114818.039,-0.0,0.133,6.909358625270745e+28,30.0,65.0,35,0.0,0.0,0.0,0.0,0.0,0.0,0.0,0.0,0.0,0.0,0.0,0.0,0.0,0.0,0.0,0.0,69.6,0,150,71,55,65476,0,300,0,1,8,20529,65476,0,0,40632,65.0,0.0,0.0,0.0,0.0,0.0
2026-09-04T20:36:42,ERR,ERR,ERR,ERR,ERR,ERR,ERR,ERR,ERR,ERR,ERR,ERR,ERR,ERR,ERR,ERR,ERR,ERR,ERR,ERR,ERR,ERR,ERR,ERR,ERR,ERR,ERR,ERR,ERR,ERR,ERR,ERR,ERR,ERR,ERR,ERR,ERR,ERR,ERR,ERR,ERR,ERR,ERR,ERR,ERR,ERR,ERR,ERR,ERR,ERR,ERR,ERR,ERR,ERR,ERR,ERR,ERR,ERR,ERR,ERR,ERR,ERR,ERR,ERR,ERR,ERR,ERR,ERR,ERR,ERR,ERR,ERR,ERR,ERR,ERR,ERR,ERR,ERR,ERR,ERR,ERR,ERR,ERR,ERR,ERR,ERR,ERR,ERR,ERR,ERR,ERR,ERR,ERR,ERR,ERR,ERR,ERR,ERR,ERR,ERR,ERR,ERR,ERR,ERR,ERR,ERR,ERR,ERR,ERR,ERR,ERR,ERR,ERR,ERR,ERR,ERR,ERR,ERR,ERR,ERR,ERR,ERR,ERR,ERR,ERR,0.0,0.0,0.0,0.0,0.0,1.3936040501711995e+18,7.805,0.0,0,0,4,0,7116,0.0,100,0.0,0.0,0.0,0.0,0.0,0,0,0,0,0.0,0,0,0,0,0,0,0,0,0,0,0,0,0,0,0,0,0,0,0,0,0,0,0,0,0,0,0,0,0,0,0,0,0,31,40,40,71,65476,0,300,0,0,8,21553,0.0,-107605600.0,0.0,0.0,0.0,0.0,0.0,0.0,0.0,0.0,0.0,0.0,0.0,0.0,0.0,0.0,0.0,0.0,0.0,0.0,0.0,0.0,-2.004,-0.0,-0.0,-2.004,0.0,0.0,0.0,0.0,6310.0,0.0,6916.0,0.0,0.0,2.7184303811560617e+23,0.0,0.0,0.0,0.0,0.0,69,-1.9056991512664474e+17,126840963072.0,0.0,0.0,0.0,0.0,0.0,0.0,0.0,0,0,0,0.0,0.0,0.0,0.0,0.0,0.0,0.0,0.0,0.0,0.0,0.0,0.0,0.0,0.0,0.0,0.0,0,-107875648.0,69,0.0,138,0.0,0.0,0,13107,17040,13107,17049,13107,17043,0,0,0,70,68,100,2.7302359370752657e+23,71.1,0.0,74.2,2.7302370179391762e+23,74.0,1,49,50,180,0,52429,0,0,0.0,0.0,0.0,0.0,-0.0,67.0,0.0,162057.094,0.0,750,0,739,0,0,0,721,0,766,0,736,0,742,0,741,0,712,0,7520,0.032,79993765888.0,0.0,0.0,784,16797,-0.0,162057.094,-114818.039,-0.0,0.133,6.909358625270745e+28,30.0,65.0,35,0.0,0.0,0.0,0.0,0.0,0.0,0.0,0.0,0.0,0.0,0.0,0.0,0.0,0.0,0.0,0.0,69.6,0,150,71,55,65476,0,300,0,1,8,20529,65476,0,0,40632,65.0,0.0,0.0,0.0,0.0,0.0
2026-09-04T20:36:43,ERR,ERR,ERR,ERR,ERR,ERR,ERR,ERR,ERR,ERR,ERR,ERR,ERR,ERR,ERR,ERR,ERR,ERR,ERR,ERR,ERR,ERR,ERR,ERR,ERR,ERR,ERR,ERR,ERR,ERR,ERR,ERR,ERR,ERR,ERR,ERR,ERR,ERR,ERR,ERR,ERR,ERR,ERR,ERR,ERR,ERR,ERR,ERR,ERR,ERR,ERR,ERR,ERR,ERR,ERR,ERR,ERR,ERR,ERR,ERR,ERR,ERR,ERR,ERR,ERR,ERR,ERR,ERR,ERR,ERR,ERR,ERR,ERR,ERR,ERR,ERR,ERR,ERR,ERR,ERR,ERR,ERR,ERR,ERR,ERR,ERR,ERR,ERR,ERR,ERR,ERR,ERR,ERR,ERR,ERR,ERR,ERR,ERR,ERR,ERR,ERR,ERR,ERR,ERR,ERR,ERR,ERR,ERR,ERR,ERR,ERR,ERR,ERR,ERR,ERR,ERR,ERR,ERR,ERR,ERR,ERR,ERR,ERR,ERR,ERR,0.0,0.0,0.0,0.0,0.0,1.3936040501711995e+18,7.805,0.0,0,0,4,0,7116,0.0,100,0.0,0.0,0.0,0.0,0.0,0,0,0,0,0.0,0,0,0,0,0,0,0,0,0,0,0,0,0,0,0,0,0,0,0,0,0,0,0,0,0,0,0,0,0,0,0,0,0,31,40,40,71,65476,0,300,0,0,8,21553,0.0,-107605600.0,0.0,0.0,0.0,0.0,0.0,0.0,0.0,0.0,0.0,0.0,0.0,0.0,0.0,0.0,0.0,0.0,0.0,0.0,0.0,0.0,-2.004,-0.0,-0.0,-2.004,0.0,0.0,0.0,0.0,6310.0,0.0,6916.0,0.0,0.0,2.7184303811560617e+23,0.0,0.0,0.0,0.0,0.0,69,-1.9056991512664474e+17,126840963072.0,0.0,0.0,0.0,0.0,0.0,0.0,0.0,0,0,0,0.0,0.0,0.0,0.0,0.0,0.0,0.0,0.0,0.0,0.0,0.0,0.0,0.0,0.0,0.0,0.0,0,-107875648.0,69,0.0,138,0.0,0.0,0,13107,17040,13107,17049,13107,17043,0,0,0,70,68,100,2.7302359370752657e+23,71.1,0.0,74.2,2.7302370179391762e+23,74.0,1,49,50,180,0,52429,0,0,0.0,0.0,0.0,0.0,-0.0,67.0,0.0,162057.094,0.0,750,0,739,0,0,0,721,0,766,0,736,0,742,0,741,0,712,0,7520,0.032,79993765888.0,0.0,0.0,784,16797,-0.0,162057.094,-114818.039,-0.0,0.133,6.909358625270745e+28,30.0,65.0,35,0.0,0.0,0.0,0.0,0.0,0.0,0.0,0.0,0.0,0.0,0.0,0.0,0.0,0.0,0.0,0.0,69.2,0,150,71,55,65476,0,300,0,1,8,20529,65476,0,0,40632,65.0,0.0,0.0,0.0,0.0,0.0
2026-09-04T20:36:44,ERR,ERR,ERR,ERR,ERR,ERR,ERR,ERR,ERR,ERR,ERR,ERR,ERR,ERR,ERR,ERR,ERR,ERR,ERR,ERR,ERR,ERR,ERR,ERR,ERR,ERR,ERR,ERR,ERR,ERR,ERR,ERR,ERR,ERR,ERR,ERR,ERR,ERR,ERR,ERR,ERR,ERR,ERR,ERR,ERR,ERR,ERR,ERR,ERR,ERR,ERR,ERR,ERR,ERR,ERR,ERR,ERR,ERR,ERR,ERR,ERR,ERR,ERR,ERR,ERR,ERR,ERR,ERR,ERR,ERR,ERR,ERR,ERR,ERR,ERR,ERR,ERR,ERR,ERR,ERR,ERR,ERR,ERR,ERR,ERR,ERR,ERR,ERR,ERR,ERR,ERR,ERR,ERR,ERR,ERR,ERR,ERR,ERR,ERR,ERR,ERR,ERR,ERR,ERR,ERR,ERR,ERR,ERR,ERR,ERR,ERR,ERR,ERR,ERR,ERR,ERR,ERR,ERR,ERR,ERR,ERR,ERR,ERR,ERR,ERR,0.0,0.0,0.0,0.0,0.0,1.3936040501711995e+18,7.805,0.0,0,0,4,0,7116,0.0,100,0.0,0.0,0.0,0.0,0.0,0,0,0,0,0.0,0,0,0,0,0,0,0,0,0,0,0,0,0,0,0,0,0,0,0,0,0,0,0,0,0,0,0,0,0,0,0,0,0,31,40,40,71,65476,0,300,0,0,8,21553,0.0,-107605600.0,0.0,0.0,0.0,0.0,0.0,0.0,0.0,0.0,0.0,0.0,0.0,0.0,0.0,0.0,0.0,0.0,0.0,0.0,0.0,0.0,-2.004,-0.0,-0.0,-2.004,0.0,0.0,0.0,0.0,6310.0,0.0,6916.0,0.0,0.0,2.7184303811560617e+23,0.0,0.0,0.0,0.0,0.0,69,-1.9056991512664474e+17,126840963072.0,0.0,0.0,0.0,0.0,0.0,0.0,0.0,0,0,0,0.0,0.0,0.0,0.0,0.0,0.0,0.0,0.0,0.0,0.0,0.0,0.0,0.0,0.0,0.0,0.0,0,-107875648.0,69,0.0,138,0.0,0.0,0,13107,17040,13107,17049,13107,17043,0,0,0,70,68,100,2.7302359370752657e+23,71.1,0.0,74.2,2.7302370179391762e+23,74.0,1,49,50,180,0,52429,0,0,0.0,0.0,0.0,0.0,-0.0,67.0,0.0,162057.094,0.0,750,0,739,0,0,0,721,0,766,0,736,0,742,0,741,0,712,0,7520,0.032,79993765888.0,0.0,0.0,784,16797,-0.0,162057.094,-114818.039,-0.0,0.133,6.909358625270745e+28,30.0,65.0,35,0.0,0.0,0.0,0.0,0.0,0.0,0.0,0.0,0.0,0.0,0.0,0.0,0.0,0.0,0.0,0.0,69.2,0,150,71,55,65476,0,300,0,1,8,20529,65476,0,0,40632,65.0,0.0,0.0,0.0,0.0,0.0
2026-09-04T20:36:45,ERR,ERR,ERR,ERR,ERR,ERR,ERR,ERR,ERR,ERR,ERR,ERR,ERR,ERR,ERR,ERR,ERR,ERR,ERR,ERR,ERR,ERR,ERR,ERR,ERR,ERR,ERR,ERR,ERR,ERR,ERR,ERR,ERR,ERR,ERR,ERR,ERR,ERR,ERR,ERR,ERR,ERR,ERR,ERR,ERR,ERR,ERR,ERR,ERR,ERR,ERR,ERR,ERR,ERR,ERR,ERR,ERR,ERR,ERR,ERR,ERR,ERR,ERR,ERR,ERR,ERR,ERR,ERR,ERR,ERR,ERR,ERR,ERR,ERR,ERR,ERR,ERR,ERR,ERR,ERR,ERR,ERR,ERR,ERR,ERR,ERR,ERR,ERR,ERR,ERR,ERR,ERR,ERR,ERR,ERR,ERR,ERR,ERR,ERR,ERR,ERR,ERR,ERR,ERR,ERR,ERR,ERR,ERR,ERR,ERR,ERR,ERR,ERR,ERR,ERR,ERR,ERR,ERR,ERR,ERR,ERR,ERR,ERR,ERR,ERR,0.0,0.0,0.0,0.0,0.0,1.3936040501711995e+18,7.805,0.0,0,0,4,0,7116,0.0,100,0.0,0.0,0.0,0.0,0.0,0,0,0,0,0.0,0,0,0,0,0,0,0,0,0,0,0,0,0,0,0,0,0,0,0,0,0,0,0,0,0,0,0,0,0,0,0,0,0,31,40,40,71,65476,0,300,0,0,8,21553,0.0,-107605600.0,0.0,0.0,0.0,0.0,0.0,0.0,0.0,0.0,0.0,0.0,0.0,0.0,0.0,0.0,0.0,0.0,0.0,0.0,0.0,0.0,-2.004,-0.0,-0.0,-2.004,0.0,0.0,0.0,0.0,6310.0,0.0,6916.0,0.0,0.0,2.7184303811560617e+23,0.0,0.0,0.0,0.0,0.0,69,-1.9056991512664474e+17,126840963072.0,0.0,0.0,0.0,0.0,0.0,0.0,0.0,0,0,0,0.0,0.0,0.0,0.0,0.0,0.0,0.0,0.0,0.0,0.0,0.0,0.0,0.0,0.0,0.0,0.0,0,-107875648.0,69,0.0,138,0.0,0.0,0,13107,17040,13107,17049,13107,17043,0,0,0,70,68,100,2.7302359370752657e+23,71.1,0.0,74.2,2.7302370179391762e+23,74.0,1,49,50,180,0,52429,0,0,0.0,0.0,0.0,0.0,-0.0,67.0,0.0,162057.094,0.0,750,0,739,0,0,0,721,0,766,0,736,0,742,0,741,0,712,0,7520,0.032,79993765888.0,0.0,0.0,784,16797,-0.0,162057.094,-114818.039,-0.0,0.133,6.909358625270745e+28,30.0,65.0,35,0.0,0.0,0.0,0.0,0.0,0.0,0.0,0.0,0.0,0.0,0.0,0.0,0.0,0.0,0.0,0.0,69.6,0,150,71,55,65476,0,300,0,1,8,20529,65476,0,0,40632,65.0,0.0,0.0,0.0,0.0,0.0
2026-09-04T20:36:46,ERR,ERR,ERR,ERR,ERR,ERR,ERR,ERR,ERR,ERR,ERR,ERR,ERR,ERR,ERR,ERR,ERR,ERR,ERR,ERR,ERR,ERR,ERR,ERR,ERR,ERR,ERR,ERR,ERR,ERR,ERR,ERR,ERR,ERR,ERR,ERR,ERR,ERR,ERR,ERR,ERR,ERR,ERR,ERR,ERR,ERR,ERR,ERR,ERR,ERR,ERR,ERR,ERR,ERR,ERR,ERR,ERR,ERR,ERR,ERR,ERR,ERR,ERR,ERR,ERR,ERR,ERR,ERR,ERR,ERR,ERR,ERR,ERR,ERR,ERR,ERR,ERR,ERR,ERR,ERR,ERR,ERR,ERR,ERR,ERR,ERR,ERR,ERR,ERR,ERR,ERR,ERR,ERR,ERR,ERR,ERR,ERR,ERR,ERR,ERR,ERR,ERR,ERR,ERR,ERR,ERR,ERR,ERR,ERR,ERR,ERR,ERR,ERR,ERR,ERR,ERR,ERR,ERR,ERR,ERR,ERR,ERR,ERR,ERR,ERR,0.0,0.0,0.0,0.0,0.0,1.3936040501711995e+18,7.805,0.0,0,0,4,0,7116,0.0,100,0.0,0.0,0.0,0.0,0.0,0,0,0,0,0.0,0,0,0,0,0,0,0,0,0,0,0,0,0,0,0,0,0,0,0,0,0,0,0,0,0,0,0,0,0,0,0,0,0,31,40,40,71,65476,0,300,0,0,8,21553,0.0,-107605600.0,0.0,0.0,0.0,0.0,0.0,0.0,0.0,0.0,0.0,0.0,0.0,0.0,0.0,0.0,0.0,0.0,0.0,0.0,0.0,0.0,-2.004,-0.0,-0.0,-2.004,0.0,0.0,0.0,0.0,6310.0,0.0,6916.0,0.0,0.0,2.7184303811560617e+23,0.0,0.0,0.0,0.0,0.0,69,-1.9056991512664474e+17,126840963072.0,0.0,0.0,0.0,0.0,0.0,0.0,0.0,0,0,0,0.0,0.0,0.0,0.0,0.0,0.0,0.0,0.0,0.0,0.0,0.0,0.0,0.0,0.0,0.0,0.0,0,-107875648.0,69,0.0,138,0.0,0.0,0,13107,17040,13107,17049,13107,17043,0,0,0,70,68,100,2.7302359370752657e+23,71.1,0.0,74.2,2.7302370179391762e+23,74.0,1,49,50,180,0,52429,0,0,0.0,0.0,0.0,0.0,-0.0,67.0,0.0,162057.094,0.0,750,0,739,0,0,0,721,0,766,0,736,0,742,0,741,0,712,0,7520,0.032,78920024064.0,0.0,0.0,784,16797,-0.0,162057.094,-114818.039,-0.0,0.133,6.909358625270745e+28,30.0,65.0,35,0.0,0.0,0.0,0.0,0.0,0.0,0.0,0.0,0.0,0.0,0.0,0.0,0.0,0.0,0.0,0.0,69.6,0,150,71,55,65476,0,300,0,1,8,20529,65476,0,0,40632,65.0,0.0,0.0,0.0,0.0,0.0
2026-09-04T20:36:47,ERR,ERR,ERR,ERR,ERR,ERR,ERR,ERR,ERR,ERR,ERR,ERR,ERR,ERR,ERR,ERR,ERR,ERR,ERR,ERR,ERR,ERR,ERR,ERR,ERR,ERR,ERR,ERR,ERR,ERR,ERR,ERR,ERR,ERR,ERR,ERR,ERR,ERR,ERR,ERR,ERR,ERR,ERR,ERR,ERR,ERR,ERR,ERR,ERR,ERR,ERR,ERR,ERR,ERR,ERR,ERR,ERR,ERR,ERR,ERR,ERR,ERR,ERR,ERR,ERR,ERR,ERR,ERR,ERR,ERR,ERR,ERR,ERR,ERR,ERR,ERR,ERR,ERR,ERR,ERR,ERR,ERR,ERR,ERR,ERR,ERR,ERR,ERR,ERR,ERR,ERR,ERR,ERR,ERR,ERR,ERR,ERR,ERR,ERR,ERR,ERR,ERR,ERR,ERR,ERR,ERR,ERR,ERR,ERR,ERR,ERR,ERR,ERR,ERR,ERR,ERR,ERR,ERR,ERR,ERR,ERR,ERR,ERR,ERR,ERR,0.0,0.0,0.0,0.0,0.0,1.3936040501711995e+18,7.805,0.0,0,0,4,0,7116,0.0,100,0.0,0.0,0.0,0.0,0.0,0,0,0,0,0.0,0,0,0,0,0,0,0,0,0,0,0,0,0,0,0,0,0,0,0,0,0,0,0,0,0,0,0,0,0,0,0,0,0,31,40,40,71,65476,0,300,0,0,8,21553,0.0,-107605600.0,0.0,0.0,0.0,0.0,0.0,0.0,0.0,0.0,0.0,0.0,0.0,0.0,0.0,0.0,0.0,0.0,0.0,0.0,0.0,0.0,-2.004,-0.0,-0.0,-2.004,0.0,0.0,0.0,0.0,6280.0,-3.697203725810742e+19,6940.0,0.0,0.0,2.7184303811560617e+23,0.0,0.0,0.0,0.0,0.0,69,-4.950431305880601e+32,-2.308837023356593e+20,0.0,0.0,0.0,0.0,0.0,0.0,0.0,0,0,0,0.0,0.0,0.0,0.0,0.0,0.0,0.0,0.0,0.0,0.0,0.0,0.0,0.0,0.0,0.0,0.0,0,-107875648.0,69,0.0,138,0.0,0.0,0,13107,17040,13107,17049,13107,17043,0,0,0,70,68,100,2.7302359370752657e+23,71.1,0.0,74.2,2.7302370179391762e+23,74.0,1,49,50,180,0,52429,0,0,0.0,0.0,0.0,0.0,-0.0,67.0,0.0,162057.094,0.0,750,0,739,0,0,0,721,0,766,0,736,0,742,0,741,0,712,0,7520,0.032,78920024064.0,0.0,0.0,784,16797,-0.0,162057.094,-114818.039,-0.0,0.133,6.909358625270745e+28,30.0,65.0,35,0.0,0.0,0.0,0.0,0.0,0.0,0.0,0.0,0.0,0.0,0.0,0.0,0.0,0.0,0.0,0.0,69.6,0,150,71,55,65476,0,300,0,1,8,20529,65476,0,0,40632,65.0,0.0,0.0,0.0,0.0,0.0
2026-09-04T20:36:48,ERR,ERR,ERR,ERR,ERR,ERR,ERR,ERR,ERR,ERR,ERR,ERR,ERR,ERR,ERR,ERR,ERR,ERR,ERR,ERR,ERR,ERR,ERR,ERR,ERR,ERR,ERR,ERR,ERR,ERR,ERR,ERR,ERR,ERR,ERR,ERR,ERR,ERR,ERR,ERR,ERR,ERR,ERR,ERR,ERR,ERR,ERR,ERR,ERR,ERR,ERR,ERR,ERR,ERR,ERR,ERR,ERR,ERR,ERR,ERR,ERR,ERR,ERR,ERR,ERR,ERR,ERR,ERR,ERR,ERR,ERR,ERR,ERR,ERR,ERR,ERR,ERR,ERR,ERR,ERR,ERR,ERR,ERR,ERR,ERR,ERR,ERR,ERR,ERR,ERR,ERR,ERR,ERR,ERR,ERR,ERR,ERR,ERR,ERR,ERR,ERR,ERR,ERR,ERR,ERR,ERR,ERR,ERR,ERR,ERR,ERR,ERR,ERR,ERR,ERR,ERR,ERR,ERR,ERR,ERR,ERR,ERR,ERR,ERR,ERR,0.0,0.0,0.0,0.0,0.0,1.3936040501711995e+18,7.805,0.0,0,0,4,0,7116,0.0,100,0.0,0.0,0.0,0.0,0.0,0,0,0,0,0.0,0,0,0,0,0,0,0,0,0,0,0,0,0,0,0,0,0,0,0,0,0,0,0,0,0,0,0,0,0,0,0,0,0,31,40,40,71,65476,0,300,0,0,8,21553,0.0,-107605600.0,0.0,0.0,0.0,0.0,0.0,0.0,0.0,0.0,0.0,0.0,0.0,0.0,0.0,0.0,0.0,0.0,0.0,0.0,0.0,0.0,-2.004,-0.0,-0.0,-2.004,0.0,0.0,0.0,0.0,6280.0,-3.697203725810742e+19,6940.0,0.0,0.0,2.7184303811560617e+23,0.0,0.0,0.0,0.0,0.0,69,-4.950431305880601e+32,-2.308837023356593e+20,0.0,0.0,0.0,0.0,0.0,0.0,0.0,0,0,0,0.0,0.0,0.0,0.0,0.0,0.0,0.0,0.0,0.0,0.0,0.0,0.0,0.0,0.0,0.0,0.0,0,-107875648.0,69,0.0,138,0.0,0.0,0,13107,17040,13107,17049,13107,17043,0,0,0,70,68,100,2.7302359370752657e+23,71.1,0.0,74.2,2.7302370179391762e+23,74.0,1,49,50,180,0,52429,0,0,0.0,0.0,0.0,0.0,-0.0,67.0,0.0,162057.094,0.0,750,0,739,0,0,0,721,0,766,0,736,0,742,0,741,0,712,0,7520,0.032,78920024064.0,0.0,0.0,784,16797,-0.0,162057.094,-114818.039,-0.0,0.133,6.909358625270745e+28,30.0,65.0,35,0.0,0.0,0.0,0.0,0.0,0.0,0.0,0.0,0.0,0.0,0.0,0.0,0.0,0.0,0.0,0.0,69.2,0,150,71,55,65476,0,300,0,1,8,20529,65476,0,0,40632,65.0,0.0,0.0,0.0,0.0,0.0
2026-09-04T20:36:49,ERR,ERR,ERR,ERR,ERR,ERR,ERR,ERR,ERR,ERR,ERR,ERR,ERR,ERR,ERR,ERR,ERR,ERR,ERR,ERR,ERR,ERR,ERR,ERR,ERR,ERR,ERR,ERR,ERR,ERR,ERR,ERR,ERR,ERR,ERR,ERR,ERR,ERR,ERR,ERR,ERR,ERR,ERR,ERR,ERR,ERR,ERR,ERR,ERR,ERR,ERR,ERR,ERR,ERR,ERR,ERR,ERR,ERR,ERR,ERR,ERR,ERR,ERR,ERR,ERR,ERR,ERR,ERR,ERR,ERR,ERR,ERR,ERR,ERR,ERR,ERR,ERR,ERR,ERR,ERR,ERR,ERR,ERR,ERR,ERR,ERR,ERR,ERR,ERR,ERR,ERR,ERR,ERR,ERR,ERR,ERR,ERR,ERR,ERR,ERR,ERR,ERR,ERR,ERR,ERR,ERR,ERR,ERR,ERR,ERR,ERR,ERR,ERR,ERR,ERR,ERR,ERR,ERR,ERR,ERR,ERR,ERR,ERR,ERR,ERR,0.0,0.0,0.0,0.0,0.0,1.3936040501711995e+18,7.805,0.0,0,0,4,0,7116,0.0,100,0.0,0.0,0.0,0.0,0.0,0,0,0,0,0.0,0,0,0,0,0,0,0,0,0,0,0,0,0,0,0,0,0,0,0,0,0,0,0,0,0,0,0,0,0,0,0,0,0,31,40,40,71,65476,0,300,0,0,8,21553,0.0,-107605600.0,0.0,0.0,0.0,0.0,0.0,0.0,0.0,0.0,0.0,0.0,0.0,0.0,0.0,0.0,0.0,0.0,0.0,0.0,0.0,0.0,-2.004,-0.0,-0.0,-2.004,0.0,0.0,0.0,0.0,6280.0,-3.697203725810742e+19,6940.0,0.0,0.0,2.7184303811560617e+23,0.0,0.0,0.0,0.0,0.0,69,-4.950431305880601e+32,-2.308837023356593e+20,0.0,0.0,0.0,0.0,0.0,0.0,0.0,0,0,0,0.0,0.0,0.0,0.0,0.0,0.0,0.0,0.0,0.0,0.0,0.0,0.0,0.0,0.0,0.0,0.0,0,-107875648.0,69,0.0,138,0.0,0.0,0,13107,17040,13107,17049,13107,17043,0,0,0,70,68,100,2.7302359370752657e+23,71.1,0.0,74.2,2.7302370179391762e+23,74.0,1,49,50,180,0,52429,0,0,0.0,0.0,0.0,0.0,-0.0,67.0,0.0,162057.094,0.0,750,0,739,0,0,0,721,0,766,0,736,0,742,0,741,0,712,0,7520,0.032,78920024064.0,0.0,0.0,784,16797,-0.0,162057.094,-114818.039,-0.0,0.133,6.909358625270745e+28,30.0,65.0,35,0.0,0.0,0.0,0.0,0.0,0.0,0.0,0.0,0.0,0.0,0.0,0.0,0.0,0.0,0.0,0.0,69.2,0,150,71,55,65476,0,300,0,1,8,20529,65476,0,0,40632,65.0,0.0,0.0,0.0,0.0,0.0
2026-09-04T20:36:50,ERR,ERR,ERR,ERR,ERR,ERR,ERR,ERR,ERR,ERR,ERR,ERR,ERR,ERR,ERR,ERR,ERR,ERR,ERR,ERR,ERR,ERR,ERR,ERR,ERR,ERR,ERR,ERR,ERR,ERR,ERR,ERR,ERR,ERR,ERR,ERR,ERR,ERR,ERR,ERR,ERR,ERR,ERR,ERR,ERR,ERR,ERR,ERR,ERR,ERR,ERR,ERR,ERR,ERR,ERR,ERR,ERR,ERR,ERR,ERR,ERR,ERR,ERR,ERR,ERR,ERR,ERR,ERR,ERR,ERR,ERR,ERR,ERR,ERR,ERR,ERR,ERR,ERR,ERR,ERR,ERR,ERR,ERR,ERR,ERR,ERR,ERR,ERR,ERR,ERR,ERR,ERR,ERR,ERR,ERR,ERR,ERR,ERR,ERR,ERR,ERR,ERR,ERR,ERR,ERR,ERR,ERR,ERR,ERR,ERR,ERR,ERR,ERR,ERR,ERR,ERR,ERR,ERR,ERR,ERR,ERR,ERR,ERR,ERR,ERR,0.0,0.0,0.0,0.0,0.0,1.3936040501711995e+18,7.805,0.0,0,0,4,0,7116,0.0,100,0.0,0.0,0.0,0.0,0.0,0,0,0,0,0.0,0,0,0,0,0,0,0,0,0,0,0,0,0,0,0,0,0,0,0,0,0,0,0,0,0,0,0,0,0,0,0,0,0,31,40,40,71,65476,0,300,0,0,8,21553,0.0,-107605600.0,0.0,0.0,0.0,0.0,0.0,0.0,0.0,0.0,0.0,0.0,0.0,0.0,0.0,0.0,0.0,0.0,0.0,0.0,0.0,0.0,-2.004,-0.0,-0.0,-2.004,0.0,0.0,0.0,0.0,6280.0,-3.697203725810742e+19,6940.0,0.0,0.0,2.7184303811560617e+23,0.0,0.0,0.0,0.0,0.0,69,-4.950431305880601e+32,-2.308837023356593e+20,0.0,0.0,0.0,0.0,0.0,0.0,0.0,0,0,0,0.0,0.0,0.0,0.0,0.0,0.0,0.0,0.0,0.0,0.0,0.0,0.0,0.0,0.0,0.0,0.0,0,-107875648.0,69,0.0,138,0.0,0.0,0,13107,17040,13107,17049,13107,17043,0,0,0,70,68,100,2.7302359370752657e+23,71.1,0.0,74.2,2.7302370179391762e+23,74.0,1,49,50,180,0,52429,0,0,0.0,0.0,0.0,0.0,-0.0,67.0,0.0,162057.094,0.0,750,0,739,0,0,0,721,0,766,0,736,0,742,0,741,0,712,0,7520,0.032,78920024064.0,0.0,0.0,784,16797,-0.0,162057.094,-114818.039,-0.0,0.133,6.909358625270745e+28,30.0,65.0,35,0.0,0.0,0.0,0.0,0.0,0.0,0.0,0.0,0.0,0.0,0.0,0.0,0.0,0.0,0.0,0.0,69.2,0,150,71,55,65476,0,300,0,1,8,20529,65476,0,0,40632,65.0,0.0,0.0,0.0,0.0,0.0
2026-09-04T20:36:51,ERR,ERR,ERR,ERR,ERR,ERR,ERR,ERR,ERR,ERR,ERR,ERR,ERR,ERR,ERR,ERR,ERR,ERR,ERR,ERR,ERR,ERR,ERR,ERR,ERR,ERR,ERR,ERR,ERR,ERR,ERR,ERR,ERR,ERR,ERR,ERR,ERR,ERR,ERR,ERR,ERR,ERR,ERR,ERR,ERR,ERR,ERR,ERR,ERR,ERR,ERR,ERR,ERR,ERR,ERR,ERR,ERR,ERR,ERR,ERR,ERR,ERR,ERR,ERR,ERR,ERR,ERR,ERR,ERR,ERR,ERR,ERR,ERR,ERR,ERR,ERR,ERR,ERR,ERR,ERR,ERR,ERR,ERR,ERR,ERR,ERR,ERR,ERR,ERR,ERR,ERR,ERR,ERR,ERR,ERR,ERR,ERR,ERR,ERR,ERR,ERR,ERR,ERR,ERR,ERR,ERR,ERR,ERR,ERR,ERR,ERR,ERR,ERR,ERR,ERR,ERR,ERR,ERR,ERR,ERR,ERR,ERR,ERR,ERR,ERR,0.0,0.0,0.0,0.0,0.0,1.3936040501711995e+18,7.805,0.0,0,0,4,0,7116,0.0,100,0.0,0.0,0.0,0.0,0.0,0,0,0,0,0.0,0,0,0,0,0,0,0,0,0,0,0,0,0,0,0,0,0,0,0,0,0,0,0,0,0,0,0,0,0,0,0,0,0,31,40,40,71,65476,0,300,0,0,8,21553,0.0,-107605600.0,0.0,0.0,0.0,0.0,0.0,0.0,0.0,0.0,0.0,0.0,0.0,0.0,0.0,0.0,0.0,0.0,0.0,0.0,0.0,0.0,-2.004,-0.0,-0.0,-2.004,0.0,0.0,0.0,0.0,6280.0,-3.697203725810742e+19,6940.0,0.0,0.0,2.7184303811560617e+23,0.0,0.0,0.0,0.0,0.0,69,-4.950431305880601e+32,-2.308837023356593e+20,0.0,0.0,0.0,0.0,0.0,0.0,0.0,0,0,0,0.0,0.0,0.0,0.0,0.0,0.0,0.0,0.0,0.0,0.0,0.0,0.0,0.0,0.0,0.0,0.0,0,-107875648.0,69,0.0,138,0.0,0.0,0,13107,17040,13107,17049,13107,17043,0,0,0,70,68,100,2.7302359370752657e+23,71.1,0.0,74.2,2.7302370179391762e+23,74.0,1,49,50,180,0,52429,0,0,0.0,0.0,0.0,0.0,-0.0,67.0,0.0,162057.094,0.0,750,0,739,0,0,0,721,0,766,0,736,0,742,0,741,0,712,0,7520,0.032,78920024064.0,0.0,0.0,784,16797,-0.0,162057.094,-114818.039,-0.0,0.133,6.909358625270745e+28,30.0,65.0,35,0.0,0.0,0.0,0.0,0.0,0.0,0.0,0.0,0.0,0.0,0.0,0.0,0.0,0.0,0.0,0.0,69.2,0,150,71,55,65476,0,300,0,1,8,20529,65476,0,0,40632,65.0,0.0,0.0,0.0,0.0,0.0
2026-09-04T20:36:52,ERR,ERR,ERR,ERR,ERR,ERR,ERR,ERR,ERR,ERR,ERR,ERR,ERR,ERR,ERR,ERR,ERR,ERR,ERR,ERR,ERR,ERR,ERR,ERR,ERR,ERR,ERR,ERR,ERR,ERR,ERR,ERR,ERR,ERR,ERR,ERR,ERR,ERR,ERR,ERR,ERR,ERR,ERR,ERR,ERR,ERR,ERR,ERR,ERR,ERR,ERR,ERR,ERR,ERR,ERR,ERR,ERR,ERR,ERR,ERR,ERR,ERR,ERR,ERR,ERR,ERR,ERR,ERR,ERR,ERR,ERR,ERR,ERR,ERR,ERR,ERR,ERR,ERR,ERR,ERR,ERR,ERR,ERR,ERR,ERR,ERR,ERR,ERR,ERR,ERR,ERR,ERR,ERR,ERR,ERR,ERR,ERR,ERR,ERR,ERR,ERR,ERR,ERR,ERR,ERR,ERR,ERR,ERR,ERR,ERR,ERR,ERR,ERR,ERR,ERR,ERR,ERR,ERR,ERR,ERR,ERR,ERR,ERR,ERR,ERR,0.0,0.0,0.0,0.0,0.0,1.3936040501711995e+18,7.805,0.0,0,0,4,0,7116,0.0,100,0.0,0.0,0.0,0.0,0.0,0,0,0,0,0.0,0,0,0,0,0,0,0,0,0,0,0,0,0,0,0,0,0,0,0,0,0,0,0,0,0,0,0,0,0,0,0,0,0,31,40,40,71,65476,0,300,0,0,8,21553,0.0,-107605600.0,0.0,0.0,0.0,0.0,0.0,0.0,0.0,0.0,0.0,0.0,0.0,0.0,0.0,0.0,0.0,0.0,0.0,0.0,0.0,0.0,-2.004,-0.0,-0.0,-2.004,0.0,0.0,0.0,0.0,6280.0,-3.697203725810742e+19,6940.0,0.0,0.0,2.7184303811560617e+23,0.0,0.0,0.0,0.0,0.0,69,-4.950431305880601e+32,-2.308837023356593e+20,0.0,0.0,0.0,0.0,0.0,0.0,0.0,0,0,0,0.0,0.0,0.0,0.0,0.0,0.0,0.0,0.0,0.0,0.0,0.0,0.0,0.0,0.0,0.0,0.0,0,-107875648.0,69,0.0,138,0.0,0.0,0,13107,17040,13107,17049,13107,17043,0,0,0,70,68,100,2.7302359370752657e+23,71.1,0.0,74.2,2.7302370179391762e+23,74.0,1,49,50,180,0,52429,0,0,0.0,0.0,0.0,0.0,-0.0,67.0,0.0,162057.094,0.0,750,0,739,0,0,0,721,0,766,0,736,0,742,0,741,0,712,0,7520,0.032,78920024064.0,0.0,0.0,784,16797,-0.0,162057.094,-114818.039,-0.0,0.133,6.909358625270745e+28,30.0,65.0,35,0.0,0.0,0.0,0.0,0.0,0.0,0.0,0.0,0.0,0.0,0.0,0.0,0.0,0.0,0.0,0.0,69.2,0,150,71,55,65476,0,300,0,1,8,20529,65476,0,0,40632,65.0,0.0,0.0,0.0,0.0,0.0
2026-09-04T20:36:53,ERR,ERR,ERR,ERR,ERR,ERR,ERR,ERR,ERR,ERR,ERR,ERR,ERR,ERR,ERR,ERR,ERR,ERR,ERR,ERR,ERR,ERR,ERR,ERR,ERR,ERR,ERR,ERR,ERR,ERR,ERR,ERR,ERR,ERR,ERR,ERR,ERR,ERR,ERR,ERR,ERR,ERR,ERR,ERR,ERR,ERR,ERR,ERR,ERR,ERR,ERR,ERR,ERR,ERR,ERR,ERR,ERR,ERR,ERR,ERR,ERR,ERR,ERR,ERR,ERR,ERR,ERR,ERR,ERR,ERR,ERR,ERR,ERR,ERR,ERR,ERR,ERR,ERR,ERR,ERR,ERR,ERR,ERR,ERR,ERR,ERR,ERR,ERR,ERR,ERR,ERR,ERR,ERR,ERR,ERR,ERR,ERR,ERR,ERR,ERR,ERR,ERR,ERR,ERR,ERR,ERR,ERR,ERR,ERR,ERR,ERR,ERR,ERR,ERR,ERR,ERR,ERR,ERR,ERR,ERR,ERR,ERR,ERR,ERR,ERR,0.0,0.0,0.0,0.0,0.0,1.3936040501711995e+18,7.805,0.0,0,0,4,0,7116,0.0,100,0.0,0.0,0.0,0.0,0.0,0,0,0,0,0.0,0,0,0,0,0,0,0,0,0,0,0,0,0,0,0,0,0,0,0,0,0,0,0,0,0,0,0,0,0,0,0,0,0,31,40,40,71,65476,0,300,0,0,8,21553,0.0,-107605600.0,0.0,0.0,0.0,0.0,0.0,0.0,0.0,0.0,0.0,0.0,0.0,0.0,0.0,0.0,0.0,0.0,0.0,0.0,0.0,0.0,-2.004,-0.0,-0.0,-2.004,0.0,0.0,0.0,0.0,6280.0,-3.697203725810742e+19,6940.0,0.0,0.0,2.7184303811560617e+23,0.0,0.0,0.0,0.0,0.0,69,-4.950431305880601e+32,-2.308837023356593e+20,0.0,0.0,0.0,0.0,0.0,0.0,0.0,0,0,0,0.0,0.0,0.0,0.0,0.0,0.0,0.0,0.0,0.0,0.0,0.0,0.0,0.0,0.0,0.0,0.0,0,-107875648.0,69,0.0,138,0.0,0.0,0,13107,17040,13107,17049,13107,17043,0,0,0,70,68,100,2.7302359370752657e+23,71.1,0.0,74.2,2.7302370179391762e+23,74.0,1,49,50,180,0,52429,0,0,0.0,0.0,0.0,0.0,-0.0,67.0,0.0,162057.094,0.0,750,0,739,0,0,0,721,0,766,0,736,0,742,0,741,0,712,0,7520,0.032,78920024064.0,0.0,0.0,784,16797,-0.0,162057.094,-114818.039,-0.0,0.133,6.909358625270745e+28,30.0,65.0,35,0.0,0.0,0.0,0.0,0.0,0.0,0.0,0.0,0.0,0.0,0.0,0.0,0.0,0.0,0.0,0.0,69.6,0,150,71,55,65476,0,300,0,1,8,20529,65476,0,0,40632,65.0,0.0,0.0,0.0,0.0,0.0
2026-09-04T20:36:54,ERR,ERR,ERR,ERR,ERR,ERR,ERR,ERR,ERR,ERR,ERR,ERR,ERR,ERR,ERR,ERR,ERR,ERR,ERR,ERR,ERR,ERR,ERR,ERR,ERR,ERR,ERR,ERR,ERR,ERR,ERR,ERR,ERR,ERR,ERR,ERR,ERR,ERR,ERR,ERR,ERR,ERR,ERR,ERR,ERR,ERR,ERR,ERR,ERR,ERR,ERR,ERR,ERR,ERR,ERR,ERR,ERR,ERR,ERR,ERR,ERR,ERR,ERR,ERR,ERR,ERR,ERR,ERR,ERR,ERR,ERR,ERR,ERR,ERR,ERR,ERR,ERR,ERR,ERR,ERR,ERR,ERR,ERR,ERR,ERR,ERR,ERR,ERR,ERR,ERR,ERR,ERR,ERR,ERR,ERR,ERR,ERR,ERR,ERR,ERR,ERR,ERR,ERR,ERR,ERR,ERR,ERR,ERR,ERR,ERR,ERR,ERR,ERR,ERR,ERR,ERR,ERR,ERR,ERR,ERR,ERR,ERR,ERR,ERR,ERR,0.0,0.0,0.0,0.0,0.0,1.3936040501711995e+18,7.805,0.0,0,0,4,0,7116,0.0,100,0.0,0.0,0.0,0.0,0.0,0,0,0,0,0.0,0,0,0,0,0,0,0,0,0,0,0,0,0,0,0,0,0,0,0,0,0,0,0,0,0,0,0,0,0,0,0,0,0,31,40,40,71,65476,0,300,0,0,8,21553,0.0,-107605600.0,0.0,0.0,0.0,0.0,0.0,0.0,0.0,0.0,0.0,0.0,0.0,0.0,0.0,0.0,0.0,0.0,0.0,0.0,0.0,0.0,-2.004,-0.0,-0.0,-2.004,0.0,0.0,0.0,0.0,6280.0,-3.697203725810742e+19,6940.0,0.0,0.0,2.7184303811560617e+23,0.0,0.0,0.0,0.0,0.0,69,-4.950431305880601e+32,-2.308837023356593e+20,0.0,0.0,0.0,0.0,0.0,0.0,0.0,0,0,0,0.0,0.0,0.0,0.0,0.0,0.0,0.0,0.0,0.0,0.0,0.0,0.0,0.0,0.0,0.0,0.0,0,-107875648.0,69,0.0,138,0.0,0.0,0,13107,17040,13107,17049,13107,17043,0,0,0,70,68,100,2.7302359370752657e+23,71.1,0.0,74.2,2.7302370179391762e+23,74.0,1,49,50,180,0,52429,0,0,0.0,0.0,0.0,0.0,-0.0,67.0,0.0,162057.094,0.0,750,0,739,0,0,0,721,0,766,0,736,0,742,0,741,0,712,0,7520,0.032,78920024064.0,0.0,0.0,784,16797,-0.0,162057.094,-114818.039,-0.0,0.133,6.909358625270745e+28,30.0,65.0,35,0.0,0.0,0.0,0.0,0.0,0.0,0.0,0.0,0.0,0.0,0.0,0.0,0.0,0.0,0.0,0.0,69.6,0,150,71,55,65476,0,300,0,1,8,20529,65476,0,0,40632,65.0,0.0,0.0,0.0,0.0,0.0
2026-09-04T20:36:55,ERR,ERR,ERR,ERR,ERR,ERR,ERR,ERR,ERR,ERR,ERR,ERR,ERR,ERR,ERR,ERR,ERR,ERR,ERR,ERR,ERR,ERR,ERR,ERR,ERR,ERR,ERR,ERR,ERR,ERR,ERR,ERR,ERR,ERR,ERR,ERR,ERR,ERR,ERR,ERR,ERR,ERR,ERR,ERR,ERR,ERR,ERR,ERR,ERR,ERR,ERR,ERR,ERR,ERR,ERR,ERR,ERR,ERR,ERR,ERR,ERR,ERR,ERR,ERR,ERR,ERR,ERR,ERR,ERR,ERR,ERR,ERR,ERR,ERR,ERR,ERR,ERR,ERR,ERR,ERR,ERR,ERR,ERR,ERR,ERR,ERR,ERR,ERR,ERR,ERR,ERR,ERR,ERR,ERR,ERR,ERR,ERR,ERR,ERR,ERR,ERR,ERR,ERR,ERR,ERR,ERR,ERR,ERR,ERR,ERR,ERR,ERR,ERR,ERR,ERR,ERR,ERR,ERR,ERR,ERR,ERR,ERR,ERR,ERR,ERR,0.0,0.0,0.0,0.0,0.0,1.3936040501711995e+18,7.805,0.0,0,0,4,0,7116,0.0,100,0.0,0.0,0.0,0.0,0.0,0,0,0,0,0.0,0,0,0,0,0,0,0,0,0,0,0,0,0,0,0,0,0,0,0,0,0,0,0,0,0,0,0,0,0,0,0,0,0,31,40,40,71,65476,0,300,0,0,8,21553,0.0,-107605600.0,0.0,0.0,0.0,0.0,0.0,0.0,0.0,0.0,0.0,0.0,0.0,0.0,0.0,0.0,0.0,0.0,0.0,0.0,0.0,0.0,-2.004,-0.0,-0.0,-2.004,0.0,0.0,0.0,0.0,6283.0,0.0,6914.0,0.0,0.0,2.7184303811560617e+23,0.0,0.0,0.0,0.0,0.0,69,0.0,0.059,0.0,0.0,0.0,0.0,0.0,0.0,0.0,0,0,0,0.0,0.0,0.0,0.0,0.0,0.0,0.0,0.0,0.0,0.0,0.0,0.0,0.0,0.0,0.0,0.0,0,-107875648.0,69,0.0,138,0.0,0.0,0,13107,17040,13107,17049,13107,17043,0,0,0,70,68,100,2.7302359370752657e+23,71.1,0.0,74.2,2.7302370179391762e+23,74.0,1,49,50,180,0,52429,0,0,0.0,0.0,0.0,0.0,-0.0,67.0,0.0,162057.094,0.0,750,0,739,0,0,0,721,0,766,0,736,0,742,0,741,0,712,0,7520,0.032,78920024064.0,0.0,0.0,784,16797,-0.0,162057.094,-114818.039,-0.0,0.133,6.909358625270745e+28,30.0,65.0,35,0.0,0.0,0.0,0.0,0.0,0.0,0.0,0.0,0.0,0.0,0.0,0.0,0.0,0.0,0.0,0.0,69.6,0,150,71,55,65476,0,300,0,1,8,20529,65476,0,0,40632,65.0,0.0,0.0,0.0,0.0,0.0
2026-09-04T20:36:56,ERR,ERR,ERR,ERR,ERR,ERR,ERR,ERR,ERR,ERR,ERR,ERR,ERR,ERR,ERR,ERR,ERR,ERR,ERR,ERR,ERR,ERR,ERR,ERR,ERR,ERR,ERR,ERR,ERR,ERR,ERR,ERR,ERR,ERR,ERR,ERR,ERR,ERR,ERR,ERR,ERR,ERR,ERR,ERR,ERR,ERR,ERR,ERR,ERR,ERR,ERR,ERR,ERR,ERR,ERR,ERR,ERR,ERR,ERR,ERR,ERR,ERR,ERR,ERR,ERR,ERR,ERR,ERR,ERR,ERR,ERR,ERR,ERR,ERR,ERR,ERR,ERR,ERR,ERR,ERR,ERR,ERR,ERR,ERR,ERR,ERR,ERR,ERR,ERR,ERR,ERR,ERR,ERR,ERR,ERR,ERR,ERR,ERR,ERR,ERR,ERR,ERR,ERR,ERR,ERR,ERR,ERR,ERR,ERR,ERR,ERR,ERR,ERR,ERR,ERR,ERR,ERR,ERR,ERR,ERR,ERR,ERR,ERR,ERR,ERR,0.0,0.0,0.0,0.0,0.0,1.3936040501711995e+18,7.805,0.0,0,0,4,0,7116,0.0,100,0.0,0.0,0.0,0.0,0.0,0,0,0,0,0.0,0,0,0,0,0,0,0,0,0,0,0,0,0,0,0,0,0,0,0,0,0,0,0,0,0,0,0,0,0,0,0,0,0,31,40,40,71,65476,0,300,0,0,8,21553,0.0,-107605600.0,0.0,0.0,0.0,0.0,0.0,0.0,0.0,0.0,0.0,0.0,0.0,0.0,0.0,0.0,0.0,0.0,0.0,0.0,0.0,0.0,-2.004,-0.0,-0.0,-2.004,0.0,0.0,0.0,0.0,6283.0,0.0,6914.0,0.0,0.0,2.7184303811560617e+23,0.0,0.0,0.0,0.0,0.0,69,0.0,0.059,0.0,0.0,0.0,0.0,0.0,0.0,0.0,0,0,0,0.0,0.0,0.0,0.0,0.0,0.0,0.0,0.0,0.0,0.0,0.0,0.0,0.0,0.0,0.0,0.0,0,-107875648.0,69,0.0,138,0.0,0.0,0,13107,17040,13107,17049,13107,17043,0,0,0,70,68,100,2.7302359370752657e+23,71.1,0.0,74.2,2.7302370179391762e+23,74.0,1,49,50,180,0,52429,0,0,0.0,0.0,0.0,0.0,-0.0,67.0,0.0,162057.094,0.0,750,0,739,0,0,0,721,0,766,0,736,0,742,0,741,0,712,0,7520,0.032,78920024064.0,0.0,0.0,784,16797,-0.0,162057.094,-114818.039,-0.0,0.133,6.909358625270745e+28,30.0,65.0,35,0.0,0.0,0.0,0.0,0.0,0.0,0.0,0.0,0.0,0.0,0.0,0.0,0.0,0.0,0.0,0.0,69.2,0,150,71,55,65476,0,300,0,1,8,20529,65476,0,0,40632,65.0,0.0,0.0,0.0,0.0,0.0
2026-09-04T20:36:57,ERR,ERR,ERR,ERR,ERR,ERR,ERR,ERR,ERR,ERR,ERR,ERR,ERR,ERR,ERR,ERR,ERR,ERR,ERR,ERR,ERR,ERR,ERR,ERR,ERR,ERR,ERR,ERR,ERR,ERR,ERR,ERR,ERR,ERR,ERR,ERR,ERR,ERR,ERR,ERR,ERR,ERR,ERR,ERR,ERR,ERR,ERR,ERR,ERR,ERR,ERR,ERR,ERR,ERR,ERR,ERR,ERR,ERR,ERR,ERR,ERR,ERR,ERR,ERR,ERR,ERR,ERR,ERR,ERR,ERR,ERR,ERR,ERR,ERR,ERR,ERR,ERR,ERR,ERR,ERR,ERR,ERR,ERR,ERR,ERR,ERR,ERR,ERR,ERR,ERR,ERR,ERR,ERR,ERR,ERR,ERR,ERR,ERR,ERR,ERR,ERR,ERR,ERR,ERR,ERR,ERR,ERR,ERR,ERR,ERR,ERR,ERR,ERR,ERR,ERR,ERR,ERR,ERR,ERR,ERR,ERR,ERR,ERR,ERR,ERR,0.0,0.0,0.0,0.0,0.0,1.3936040501711995e+18,7.805,0.0,0,0,4,0,7116,0.0,100,0.0,0.0,0.0,0.0,0.0,0,0,0,0,0.0,0,0,0,0,0,0,0,0,0,0,0,0,0,0,0,0,0,0,0,0,0,0,0,0,0,0,0,0,0,0,0,0,0,31,40,40,71,65476,0,300,0,0,8,21553,0.0,-107605600.0,0.0,0.0,0.0,0.0,0.0,0.0,0.0,0.0,0.0,0.0,0.0,0.0,0.0,0.0,0.0,0.0,0.0,0.0,0.0,0.0,-2.004,-0.0,-0.0,-2.004,0.0,0.0,0.0,0.0,6283.0,0.0,6914.0,0.0,0.0,2.7184303811560617e+23,0.0,0.0,0.0,0.0,0.0,69,0.0,0.059,0.0,0.0,0.0,0.0,0.0,0.0,0.0,0,0,0,0.0,0.0,0.0,0.0,0.0,0.0,0.0,0.0,0.0,0.0,0.0,0.0,0.0,0.0,0.0,0.0,0,-107875648.0,69,0.0,138,0.0,0.0,0,13107,17040,13107,17049,13107,17043,0,0,0,70,68,100,2.7302359370752657e+23,71.2,2.7302370179391762e+23,74.2,2.7302370179391762e+23,74.0,1,49,50,180,0,52429,0,0,0.0,0.0,0.0,0.0,-0.0,67.0,0.0,162057.094,0.0,750,0,739,0,0,0,721,0,766,0,736,0,742,0,741,0,712,0,7520,0.032,79456894976.0,0.0,0.0,784,16797,-0.0,162057.094,-114818.039,-0.0,0.133,6.909358625270745e+28,30.0,65.0,35,0.0,0.0,0.0,0.0,0.0,0.0,0.0,0.0,0.0,0.0,0.0,0.0,0.0,0.0,0.0,0.0,69.2,0,150,71,55,65476,0,300,0,1,8,20529,65476,0,0,40632,65.0,0.0,0.0,0.0,0.0,0.0
2026-09-04T20:36:58,ERR,ERR,ERR,ERR,ERR,ERR,ERR,ERR,ERR,ERR,ERR,ERR,ERR,ERR,ERR,ERR,ERR,ERR,ERR,ERR,ERR,ERR,ERR,ERR,ERR,ERR,ERR,ERR,ERR,ERR,ERR,ERR,ERR,ERR,ERR,ERR,ERR,ERR,ERR,ERR,ERR,ERR,ERR,ERR,ERR,ERR,ERR,ERR,ERR,ERR,ERR,ERR,ERR,ERR,ERR,ERR,ERR,ERR,ERR,ERR,ERR,ERR,ERR,ERR,ERR,ERR,ERR,ERR,ERR,ERR,ERR,ERR,ERR,ERR,ERR,ERR,ERR,ERR,ERR,ERR,ERR,ERR,ERR,ERR,ERR,ERR,ERR,ERR,ERR,ERR,ERR,ERR,ERR,ERR,ERR,ERR,ERR,ERR,ERR,ERR,ERR,ERR,ERR,ERR,ERR,ERR,ERR,ERR,ERR,ERR,ERR,ERR,ERR,ERR,ERR,ERR,ERR,ERR,ERR,ERR,ERR,ERR,ERR,ERR,ERR,0.0,0.0,0.0,0.0,0.0,1.3936040501711995e+18,7.805,0.0,0,0,4,0,7116,0.0,100,0.0,0.0,0.0,0.0,0.0,0,0,0,0,0.0,0,0,0,0,0,0,0,0,0,0,0,0,0,0,0,0,0,0,0,0,0,0,0,0,0,0,0,0,0,0,0,0,0,31,40,40,71,65476,0,300,0,0,8,21553,0.0,-107605600.0,0.0,0.0,0.0,0.0,0.0,0.0,0.0,0.0,0.0,0.0,0.0,0.0,0.0,0.0,0.0,0.0,0.0,0.0,0.0,0.0,-2.004,-0.0,-0.0,-2.004,0.0,0.0,0.0,0.0,6283.0,0.0,6914.0,0.0,0.0,2.7184303811560617e+23,0.0,0.0,0.0,0.0,0.0,69,0.0,0.059,0.0,0.0,0.0,0.0,0.0,0.0,0.0,0,0,0,0.0,0.0,0.0,0.0,0.0,0.0,0.0,0.0,0.0,0.0,0.0,0.0,0.0,0.0,0.0,0.0,0,-107875648.0,69,0.0,138,0.0,0.0,0,13107,17040,13107,17049,13107,17043,0,0,0,70,68,100,2.7302359370752657e+23,71.2,2.7302370179391762e+23,74.2,2.7302370179391762e+23,74.0,1,49,50,180,0,52429,0,0,0.0,0.0,0.0,0.0,-0.0,67.0,0.0,162057.094,0.0,750,0,739,0,0,0,721,0,766,0,736,0,742,0,741,0,712,0,7520,0.032,79456894976.0,0.0,0.0,784,16797,-0.0,162057.094,-114818.039,-0.0,0.133,6.909358625270745e+28,30.0,65.0,35,0.0,0.0,0.0,0.0,0.0,0.0,0.0,0.0,0.0,0.0,0.0,0.0,0.0,0.0,0.0,0.0,69.2,0,150,71,55,65476,0,300,0,1,8,20529,65476,0,0,40632,65.0,0.0,0.0,0.0,0.0,0.0
2026-09-04T20:36:59,ERR,ERR,ERR,ERR,ERR,ERR,ERR,ERR,ERR,ERR,ERR,ERR,ERR,ERR,ERR,ERR,ERR,ERR,ERR,ERR,ERR,ERR,ERR,ERR,ERR,ERR,ERR,ERR,ERR,ERR,ERR,ERR,ERR,ERR,ERR,ERR,ERR,ERR,ERR,ERR,ERR,ERR,ERR,ERR,ERR,ERR,ERR,ERR,ERR,ERR,ERR,ERR,ERR,ERR,ERR,ERR,ERR,ERR,ERR,ERR,ERR,ERR,ERR,ERR,ERR,ERR,ERR,ERR,ERR,ERR,ERR,ERR,ERR,ERR,ERR,ERR,ERR,ERR,ERR,ERR,ERR,ERR,ERR,ERR,ERR,ERR,ERR,ERR,ERR,ERR,ERR,ERR,ERR,ERR,ERR,ERR,ERR,ERR,ERR,ERR,ERR,ERR,ERR,ERR,ERR,ERR,ERR,ERR,ERR,ERR,ERR,ERR,ERR,ERR,ERR,ERR,ERR,ERR,ERR,ERR,ERR,ERR,ERR,ERR,ERR,0.0,0.0,0.0,0.0,0.0,1.3936040501711995e+18,7.805,0.0,0,0,4,0,7116,0.0,100,0.0,0.0,0.0,0.0,0.0,0,0,0,0,0.0,0,0,0,0,0,0,0,0,0,0,0,0,0,0,0,0,0,0,0,0,0,0,0,0,0,0,0,0,0,0,0,0,0,31,40,40,71,65476,0,300,0,0,8,21553,0.0,-107605600.0,0.0,0.0,0.0,0.0,0.0,0.0,0.0,0.0,0.0,0.0,0.0,0.0,0.0,0.0,0.0,0.0,0.0,0.0,0.0,0.0,-2.004,-0.0,-0.0,-2.004,0.0,0.0,0.0,0.0,6283.0,0.0,6914.0,0.0,0.0,2.7184303811560617e+23,0.0,0.0,0.0,0.0,0.0,69,0.0,0.059,0.0,0.0,0.0,0.0,0.0,0.0,0.0,0,0,0,0.0,0.0,0.0,0.0,0.0,0.0,0.0,0.0,0.0,0.0,0.0,0.0,0.0,0.0,0.0,0.0,0,-107875648.0,69,0.0,138,0.0,0.0,0,13107,17040,13107,17049,13107,17043,0,0,0,70,68,100,2.7302359370752657e+23,71.2,2.7302370179391762e+23,74.2,2.7302370179391762e+23,74.0,1,49,50,180,0,52429,0,0,0.0,0.0,0.0,0.0,-0.0,67.0,0.0,162057.094,0.0,750,0,739,0,0,0,721,0,766,0,736,0,742,0,741,0,712,0,7520,0.032,79456894976.0,0.0,0.0,784,16797,-0.0,162057.094,-114818.039,-0.0,0.133,6.909358625270745e+28,30.0,65.0,35,0.0,0.0,0.0,0.0,0.0,0.0,0.0,0.0,0.0,0.0,0.0,0.0,0.0,0.0,0.0,0.0,69.2,0,150,71,55,65476,0,300,0,1,8,20529,65476,0,0,40632,65.0,0.0,0.0,0.0,0.0,0.0
2026-09-04T20:37:00,ERR,ERR,ERR,ERR,ERR,ERR,ERR,ERR,ERR,ERR,ERR,ERR,ERR,ERR,ERR,ERR,ERR,ERR,ERR,ERR,ERR,ERR,ERR,ERR,ERR,ERR,ERR,ERR,ERR,ERR,ERR,ERR,ERR,ERR,ERR,ERR,ERR,ERR,ERR,ERR,ERR,ERR,ERR,ERR,ERR,ERR,ERR,ERR,ERR,ERR,ERR,ERR,ERR,ERR,ERR,ERR,ERR,ERR,ERR,ERR,ERR,ERR,ERR,ERR,ERR,ERR,ERR,ERR,ERR,ERR,ERR,ERR,ERR,ERR,ERR,ERR,ERR,ERR,ERR,ERR,ERR,ERR,ERR,ERR,ERR,ERR,ERR,ERR,ERR,ERR,ERR,ERR,ERR,ERR,ERR,ERR,ERR,ERR,ERR,ERR,ERR,ERR,ERR,ERR,ERR,ERR,ERR,ERR,ERR,ERR,ERR,ERR,ERR,ERR,ERR,ERR,ERR,ERR,ERR,ERR,ERR,ERR,ERR,ERR,ERR,0.0,0.0,0.0,0.0,0.0,1.3936040501711995e+18,7.805,0.0,0,0,4,0,7116,0.0,100,0.0,0.0,0.0,0.0,0.0,0,0,0,0,0.0,0,0,0,0,0,0,0,0,0,0,0,0,0,0,0,0,0,0,0,0,0,0,0,0,0,0,0,0,0,0,0,0,0,31,40,40,71,65476,0,300,0,0,8,21553,0.0,-107605600.0,0.0,0.0,0.0,0.0,0.0,0.0,0.0,0.0,0.0,0.0,0.0,0.0,0.0,0.0,0.0,0.0,0.0,0.0,0.0,0.0,-2.004,-0.0,-0.0,-2.004,0.0,0.0,0.0,0.0,6283.0,0.0,6914.0,0.0,0.0,2.7184303811560617e+23,0.0,0.0,0.0,0.0,0.0,69,0.0,0.059,0.0,0.0,0.0,0.0,0.0,0.0,0.0,0,0,0,0.0,0.0,0.0,0.0,0.0,0.0,0.0,0.0,0.0,0.0,0.0,0.0,0.0,0.0,0.0,0.0,0,-107875648.0,69,0.0,138,0.0,0.0,0,13107,17040,13107,17049,13107,17043,0,0,0,70,68,100,2.7302359370752657e+23,71.2,2.7302370179391762e+23,74.2,2.7302370179391762e+23,74.0,1,49,50,180,0,52429,0,0,0.0,0.0,0.0,0.0,-0.0,67.0,0.0,162057.094,0.0,750,0,739,0,0,0,721,0,766,0,736,0,742,0,741,0,712,0,7520,0.032,79456894976.0,0.0,0.0,784,16797,-0.0,162057.094,-114818.039,-0.0,0.133,6.909358625270745e+28,30.0,65.0,35,0.0,0.0,0.0,0.0,0.0,0.0,0.0,0.0,0.0,0.0,0.0,0.0,0.0,0.0,0.0,0.0,69.2,0,150,71,55,65476,0,300,0,1,8,20529,65476,0,0,40632,65.0,0.0,0.0,0.0,0.0,0.0
2026-09-04T20:37:01,ERR,ERR,ERR,ERR,ERR,ERR,ERR,ERR,ERR,ERR,ERR,ERR,ERR,ERR,ERR,ERR,ERR,ERR,ERR,ERR,ERR,ERR,ERR,ERR,ERR,ERR,ERR,ERR,ERR,ERR,ERR,ERR,ERR,ERR,ERR,ERR,ERR,ERR,ERR,ERR,ERR,ERR,ERR,ERR,ERR,ERR,ERR,ERR,ERR,ERR,ERR,ERR,ERR,ERR,ERR,ERR,ERR,ERR,ERR,ERR,ERR,ERR,ERR,ERR,ERR,ERR,ERR,ERR,ERR,ERR,ERR,ERR,ERR,ERR,ERR,ERR,ERR,ERR,ERR,ERR,ERR,ERR,ERR,ERR,ERR,ERR,ERR,ERR,ERR,ERR,ERR,ERR,ERR,ERR,ERR,ERR,ERR,ERR,ERR,ERR,ERR,ERR,ERR,ERR,ERR,ERR,ERR,ERR,ERR,ERR,ERR,ERR,ERR,ERR,ERR,ERR,ERR,ERR,ERR,ERR,ERR,ERR,ERR,ERR,ERR,0.0,0.0,0.0,0.0,0.0,1.3936040501711995e+18,7.805,0.0,0,0,4,0,7116,0.0,100,0.0,0.0,0.0,0.0,0.0,0,0,0,0,0.0,0,0,0,0,0,0,0,0,0,0,0,0,0,0,0,0,0,0,0,0,0,0,0,0,0,0,0,0,0,0,0,0,0,31,40,40,71,65476,0,300,0,0,8,21553,0.0,-107605600.0,0.0,0.0,0.0,0.0,0.0,0.0,0.0,0.0,0.0,0.0,0.0,0.0,0.0,0.0,0.0,0.0,0.0,0.0,0.0,0.0,-2.004,-0.0,-0.0,-2.004,0.0,0.0,0.0,0.0,6283.0,0.0,6914.0,0.0,0.0,2.7184303811560617e+23,0.0,0.0,0.0,0.0,0.0,69,0.0,0.059,0.0,0.0,0.0,0.0,0.0,0.0,0.0,0,0,0,0.0,0.0,0.0,0.0,0.0,0.0,0.0,0.0,0.0,0.0,0.0,0.0,0.0,0.0,0.0,0.0,0,-107875648.0,69,0.0,138,0.0,0.0,0,13107,17040,13107,17049,13107,17043,0,0,0,70,68,100,2.7302359370752657e+23,71.2,2.7302370179391762e+23,74.2,2.7302370179391762e+23,74.0,1,49,50,180,0,52429,0,0,0.0,0.0,0.0,0.0,-0.0,67.0,0.0,162057.094,0.0,750,0,739,0,0,0,721,0,766,0,736,0,742,0,741,0,712,0,7520,0.032,79456894976.0,0.0,0.0,784,16797,-0.0,162057.094,-114818.039,-0.0,0.133,6.909358625270745e+28,30.0,65.0,35,0.0,0.0,0.0,0.0,0.0,0.0,0.0,0.0,0.0,0.0,0.0,0.0,0.0,0.0,0.0,0.0,69.2,0,150,71,55,65476,0,300,0,1,8,20529,65476,0,0,40632,65.0,0.0,0.0,0.0,0.0,0.0
2026-09-04T20:37:02,ERR,ERR,ERR,ERR,ERR,ERR,ERR,ERR,ERR,ERR,ERR,ERR,ERR,ERR,ERR,ERR,ERR,ERR,ERR,ERR,ERR,ERR,ERR,ERR,ERR,ERR,ERR,ERR,ERR,ERR,ERR,ERR,ERR,ERR,ERR,ERR,ERR,ERR,ERR,ERR,ERR,ERR,ERR,ERR,ERR,ERR,ERR,ERR,ERR,ERR,ERR,ERR,ERR,ERR,ERR,ERR,ERR,ERR,ERR,ERR,ERR,ERR,ERR,ERR,ERR,ERR,ERR,ERR,ERR,ERR,ERR,ERR,ERR,ERR,ERR,ERR,ERR,ERR,ERR,ERR,ERR,ERR,ERR,ERR,ERR,ERR,ERR,ERR,ERR,ERR,ERR,ERR,ERR,ERR,ERR,ERR,ERR,ERR,ERR,ERR,ERR,ERR,ERR,ERR,ERR,ERR,ERR,ERR,ERR,ERR,ERR,ERR,ERR,ERR,ERR,ERR,ERR,ERR,ERR,ERR,ERR,ERR,ERR,ERR,ERR,0.0,0.0,0.0,0.0,0.0,1.3936040501711995e+18,7.805,0.0,0,0,4,0,7116,0.0,100,0.0,0.0,0.0,0.0,0.0,0,0,0,0,0.0,0,0,0,0,0,0,0,0,0,0,0,0,0,0,0,0,0,0,0,0,0,0,0,0,0,0,0,0,0,0,0,0,0,31,40,40,71,65476,0,300,0,0,8,21553,0.0,-107605600.0,0.0,0.0,0.0,0.0,0.0,0.0,0.0,0.0,0.0,0.0,0.0,0.0,0.0,0.0,0.0,0.0,0.0,0.0,0.0,0.0,-2.004,-0.0,-0.0,-2.004,0.0,0.0,0.0,0.0,6321.0,-8608224256.0,6938.0,0.0,0.0,2.7184303811560617e+23,0.0,0.0,0.0,0.0,0.0,69,0.0,1.9056950280978432e+17,0.0,0.0,0.0,0.0,0.0,0.0,0.0,0,0,0,0.0,0.0,0.0,0.0,0.0,0.0,0.0,0.0,0.0,0.0,0.0,0.0,0.0,0.0,0.0,0.0,0,-107875648.0,69,0.0,138,0.0,0.0,0,13107,17040,13107,17049,13107,17043,0,0,0,70,68,100,2.7302359370752657e+23,71.2,2.7302370179391762e+23,74.2,2.7302370179391762e+23,74.0,1,49,50,180,0,52429,0,0,0.0,0.0,0.0,0.0,-0.0,67.0,0.0,162057.094,0.0,750,0,739,0,0,0,721,0,766,0,736,0,742,0,742,0,712,0,7520,0.032,79456894976.0,0.0,0.0,784,16797,-0.0,162057.094,-114818.039,-0.0,0.133,6.909358625270745e+28,30.0,65.0,35,0.0,0.0,0.0,0.0,0.0,0.0,0.0,0.0,0.0,0.0,0.0,0.0,0.0,0.0,0.0,0.0,69.2,0,150,71,55,65476,0,300,0,1,8,20529,65476,0,0,40632,65.0,0.0,0.0,0.0,0.0,0.0
2026-09-04T20:37:03,ERR,ERR,ERR,ERR,ERR,ERR,ERR,ERR,ERR,ERR,ERR,ERR,ERR,ERR,ERR,ERR,ERR,ERR,ERR,ERR,ERR,ERR,ERR,ERR,ERR,ERR,ERR,ERR,ERR,ERR,ERR,ERR,ERR,ERR,ERR,ERR,ERR,ERR,ERR,ERR,ERR,ERR,ERR,ERR,ERR,ERR,ERR,ERR,ERR,ERR,ERR,ERR,ERR,ERR,ERR,ERR,ERR,ERR,ERR,ERR,ERR,ERR,ERR,ERR,ERR,ERR,ERR,ERR,ERR,ERR,ERR,ERR,ERR,ERR,ERR,ERR,ERR,ERR,ERR,ERR,ERR,ERR,ERR,ERR,ERR,ERR,ERR,ERR,ERR,ERR,ERR,ERR,ERR,ERR,ERR,ERR,ERR,ERR,ERR,ERR,ERR,ERR,ERR,ERR,ERR,ERR,ERR,ERR,ERR,ERR,ERR,ERR,ERR,ERR,ERR,ERR,ERR,ERR,ERR,ERR,ERR,ERR,ERR,ERR,ERR,0.0,0.0,0.0,0.0,0.0,1.3936040501711995e+18,7.805,0.0,0,0,4,0,7116,0.0,100,0.0,0.0,0.0,0.0,0.0,0,0,0,0,0.0,0,0,0,0,0,0,0,0,0,0,0,0,0,0,0,0,0,0,0,0,0,0,0,0,0,0,0,0,0,0,0,0,0,31,40,40,71,65476,0,300,0,0,8,21553,0.0,-107605600.0,0.0,0.0,0.0,0.0,0.0,0.0,0.0,0.0,0.0,0.0,0.0,0.0,0.0,0.0,0.0,0.0,0.0,0.0,0.0,0.0,-2.004,-0.0,-0.0,-2.004,0.0,0.0,0.0,0.0,6321.0,-8608224256.0,6938.0,0.0,0.0,2.7184303811560617e+23,0.0,0.0,0.0,0.0,0.0,69,0.0,1.9056950280978432e+17,0.0,0.0,0.0,0.0,0.0,0.0,0.0,0,0,0,0.0,0.0,0.0,0.0,0.0,0.0,0.0,0.0,0.0,0.0,0.0,0.0,0.0,0.0,0.0,0.0,0,-107875648.0,69,0.0,138,0.0,0.0,0,13107,17040,13107,17049,13107,17043,0,0,0,70,68,100,2.7302359370752657e+23,71.2,2.7302370179391762e+23,74.2,2.7302370179391762e+23,74.0,1,49,50,180,0,52429,0,0,0.0,0.0,0.0,0.0,-0.0,67.0,0.0,162057.094,0.0,750,0,739,0,0,0,721,0,766,0,736,0,742,0,742,0,712,0,7520,0.032,79456894976.0,0.0,0.0,784,16797,-0.0,162057.094,-114818.039,-0.0,0.133,6.909358625270745e+28,30.0,65.0,35,0.0,0.0,0.0,0.0,0.0,0.0,0.0,0.0,0.0,0.0,0.0,0.0,0.0,0.0,0.0,0.0,69.6,0,150,71,55,65476,0,300,0,1,8,20529,65476,0,0,40632,65.0,0.0,0.0,0.0,0.0,0.0
2026-09-04T20:37:04,ERR,ERR,ERR,ERR,ERR,ERR,ERR,ERR,ERR,ERR,ERR,ERR,ERR,ERR,ERR,ERR,ERR,ERR,ERR,ERR,ERR,ERR,ERR,ERR,ERR,ERR,ERR,ERR,ERR,ERR,ERR,ERR,ERR,ERR,ERR,ERR,ERR,ERR,ERR,ERR,ERR,ERR,ERR,ERR,ERR,ERR,ERR,ERR,ERR,ERR,ERR,ERR,ERR,ERR,ERR,ERR,ERR,ERR,ERR,ERR,ERR,ERR,ERR,ERR,ERR,ERR,ERR,ERR,ERR,ERR,ERR,ERR,ERR,ERR,ERR,ERR,ERR,ERR,ERR,ERR,ERR,ERR,ERR,ERR,ERR,ERR,ERR,ERR,ERR,ERR,ERR,ERR,ERR,ERR,ERR,ERR,ERR,ERR,ERR,ERR,ERR,ERR,ERR,ERR,ERR,ERR,ERR,ERR,ERR,ERR,ERR,ERR,ERR,ERR,ERR,ERR,ERR,ERR,ERR,ERR,ERR,ERR,ERR,ERR,ERR,0.0,0.0,0.0,0.0,0.0,1.3936040501711995e+18,7.805,0.0,0,0,4,0,7116,0.0,100,0.0,0.0,0.0,0.0,0.0,0,0,0,0,0.0,0,0,0,0,0,0,0,0,0,0,0,0,0,0,0,0,0,0,0,0,0,0,0,0,0,0,0,0,0,0,0,0,0,31,40,40,71,65476,0,300,0,0,8,21553,0.0,-107605600.0,0.0,0.0,0.0,0.0,0.0,0.0,0.0,0.0,0.0,0.0,0.0,0.0,0.0,0.0,0.0,0.0,0.0,0.0,0.0,0.0,-2.004,-0.0,-0.0,-2.004,0.0,0.0,0.0,0.0,6321.0,-8608224256.0,6938.0,0.0,0.0,2.7184303811560617e+23,0.0,0.0,0.0,0.0,0.0,69,0.0,1.9056950280978432e+17,0.0,0.0,0.0,0.0,0.0,0.0,0.0,0,0,0,0.0,0.0,0.0,0.0,0.0,0.0,0.0,0.0,0.0,0.0,0.0,0.0,0.0,0.0,0.0,0.0,0,-107875648.0,69,0.0,138,0.0,0.0,0,13107,17040,13107,17049,13107,17043,0,0,0,70,68,100,2.7302359370752657e+23,71.2,2.7302370179391762e+23,74.2,2.7302370179391762e+23,74.0,1,49,50,180,0,52429,0,0,0.0,0.0,0.0,0.0,-0.0,67.0,0.0,162057.094,0.0,750,0,739,0,0,0,721,0,766,0,736,0,742,0,742,0,712,0,7520,0.032,79456894976.0,0.0,0.0,784,16797,-0.0,162057.094,-114818.039,-0.0,0.133,6.909358625270745e+28,30.0,65.0,35,0.0,0.0,0.0,0.0,0.0,0.0,0.0,0.0,0.0,0.0,0.0,0.0,0.0,0.0,0.0,0.0,69.6,0,150,71,55,65476,0,300,0,1,8,20529,65476,0,0,40632,65.0,0.0,0.0,0.0,0.0,0.0
2026-09-04T20:37:05,ERR,ERR,ERR,ERR,ERR,ERR,ERR,ERR,ERR,ERR,ERR,ERR,ERR,ERR,ERR,ERR,ERR,ERR,ERR,ERR,ERR,ERR,ERR,ERR,ERR,ERR,ERR,ERR,ERR,ERR,ERR,ERR,ERR,ERR,ERR,ERR,ERR,ERR,ERR,ERR,ERR,ERR,ERR,ERR,ERR,ERR,ERR,ERR,ERR,ERR,ERR,ERR,ERR,ERR,ERR,ERR,ERR,ERR,ERR,ERR,ERR,ERR,ERR,ERR,ERR,ERR,ERR,ERR,ERR,ERR,ERR,ERR,ERR,ERR,ERR,ERR,ERR,ERR,ERR,ERR,ERR,ERR,ERR,ERR,ERR,ERR,ERR,ERR,ERR,ERR,ERR,ERR,ERR,ERR,ERR,ERR,ERR,ERR,ERR,ERR,ERR,ERR,ERR,ERR,ERR,ERR,ERR,ERR,ERR,ERR,ERR,ERR,ERR,ERR,ERR,ERR,ERR,ERR,ERR,ERR,ERR,ERR,ERR,ERR,ERR,0.0,0.0,0.0,0.0,0.0,1.3936040501711995e+18,7.805,0.0,0,0,4,0,7116,0.0,100,0.0,0.0,0.0,0.0,0.0,0,0,0,0,0.0,0,0,0,0,0,0,0,0,0,0,0,0,0,0,0,0,0,0,0,0,0,0,0,0,0,0,0,0,0,0,0,0,0,31,40,40,71,65476,0,300,0,0,8,21553,0.0,-107605600.0,0.0,0.0,0.0,0.0,0.0,0.0,0.0,0.0,0.0,0.0,0.0,0.0,0.0,0.0,0.0,0.0,0.0,0.0,0.0,0.0,-2.004,-0.0,-0.0,-2.004,0.0,0.0,0.0,0.0,6321.0,-8608224256.0,6938.0,0.0,0.0,2.7184303811560617e+23,0.0,0.0,0.0,0.0,0.0,69,0.0,1.9056950280978432e+17,0.0,0.0,0.0,0.0,0.0,0.0,0.0,0,0,0,0.0,0.0,0.0,0.0,0.0,0.0,0.0,0.0,0.0,0.0,0.0,0.0,0.0,0.0,0.0,0.0,0,-107875648.0,69,0.0,138,0.0,0.0,0,13107,17040,13107,17049,13107,17043,0,0,0,70,68,100,2.7302359370752657e+23,71.2,2.7302370179391762e+23,74.2,2.7302370179391762e+23,74.0,1,49,50,180,0,52429,0,0,0.0,0.0,0.0,0.0,-0.0,67.0,0.0,162057.094,0.0,750,0,739,0,0,0,721,0,766,0,736,0,742,0,742,0,712,0,7520,0.032,79456894976.0,0.0,0.0,784,16797,-0.0,162057.094,-114818.039,-0.0,0.133,6.909358625270745e+28,30.0,65.0,35,0.0,0.0,0.0,0.0,0.0,0.0,0.0,0.0,0.0,0.0,0.0,0.0,0.0,0.0,0.0,0.0,69.6,0,150,71,55,65476,0,300,0,1,8,20529,65476,0,0,40632,65.0,0.0,0.0,0.0,0.0,0.0
2026-09-04T20:37:06,ERR,ERR,ERR,ERR,ERR,ERR,ERR,ERR,ERR,ERR,ERR,ERR,ERR,ERR,ERR,ERR,ERR,ERR,ERR,ERR,ERR,ERR,ERR,ERR,ERR,ERR,ERR,ERR,ERR,ERR,ERR,ERR,ERR,ERR,ERR,ERR,ERR,ERR,ERR,ERR,ERR,ERR,ERR,ERR,ERR,ERR,ERR,ERR,ERR,ERR,ERR,ERR,ERR,ERR,ERR,ERR,ERR,ERR,ERR,ERR,ERR,ERR,ERR,ERR,ERR,ERR,ERR,ERR,ERR,ERR,ERR,ERR,ERR,ERR,ERR,ERR,ERR,ERR,ERR,ERR,ERR,ERR,ERR,ERR,ERR,ERR,ERR,ERR,ERR,ERR,ERR,ERR,ERR,ERR,ERR,ERR,ERR,ERR,ERR,ERR,ERR,ERR,ERR,ERR,ERR,ERR,ERR,ERR,ERR,ERR,ERR,ERR,ERR,ERR,ERR,ERR,ERR,ERR,ERR,ERR,ERR,ERR,ERR,ERR,ERR,0.0,0.0,0.0,0.0,0.0,1.3936040501711995e+18,7.805,0.0,0,0,4,0,7116,0.0,100,0.0,0.0,0.0,0.0,0.0,0,0,0,0,0.0,0,0,0,0,0,0,0,0,0,0,0,0,0,0,0,0,0,0,0,0,0,0,0,0,0,0,0,0,0,0,0,0,0,31,40,40,71,65476,0,300,0,0,8,21553,0.0,-107605600.0,0.0,0.0,0.0,0.0,0.0,0.0,0.0,0.0,0.0,0.0,0.0,0.0,0.0,0.0,0.0,0.0,0.0,0.0,0.0,0.0,-2.004,-0.0,-0.0,-2.004,0.0,0.0,0.0,0.0,6321.0,-8608224256.0,6938.0,0.0,0.0,2.7184303811560617e+23,0.0,0.0,0.0,0.0,0.0,69,0.0,1.9056950280978432e+17,0.0,0.0,0.0,0.0,0.0,0.0,0.0,0,0,0,0.0,0.0,0.0,0.0,0.0,0.0,0.0,0.0,0.0,0.0,0.0,0.0,0.0,0.0,0.0,0.0,0,-107875648.0,69,0.0,138,0.0,0.0,0,13107,17040,13107,17049,13107,17043,0,0,0,70,68,100,2.7302359370752657e+23,71.2,2.7302370179391762e+23,74.2,2.7302370179391762e+23,74.0,1,49,50,180,0,52429,0,0,0.0,0.0,0.0,0.0,-0.0,67.0,0.0,162057.094,0.0,750,0,739,0,0,0,721,0,766,0,736,0,742,0,742,0,712,0,7520,0.032,79456894976.0,0.0,0.0,784,16797,-0.0,162057.094,-114818.039,-0.0,0.133,6.909358625270745e+28,30.0,65.0,35,0.0,0.0,0.0,0.0,0.0,0.0,0.0,0.0,0.0,0.0,0.0,0.0,0.0,0.0,0.0,0.0,69.2,0,150,71,55,65476,0,300,0,1,8,20529,65476,0,0,40632,65.0,0.0,0.0,0.0,0.0,0.0
2026-09-04T20:37:07,ERR,ERR,ERR,ERR,ERR,ERR,ERR,ERR,ERR,ERR,ERR,ERR,ERR,ERR,ERR,ERR,ERR,ERR,ERR,ERR,ERR,ERR,ERR,ERR,ERR,ERR,ERR,ERR,ERR,ERR,ERR,ERR,ERR,ERR,ERR,ERR,ERR,ERR,ERR,ERR,ERR,ERR,ERR,ERR,ERR,ERR,ERR,ERR,ERR,ERR,ERR,ERR,ERR,ERR,ERR,ERR,ERR,ERR,ERR,ERR,ERR,ERR,ERR,ERR,ERR,ERR,ERR,ERR,ERR,ERR,ERR,ERR,ERR,ERR,ERR,ERR,ERR,ERR,ERR,ERR,ERR,ERR,ERR,ERR,ERR,ERR,ERR,ERR,ERR,ERR,ERR,ERR,ERR,ERR,ERR,ERR,ERR,ERR,ERR,ERR,ERR,ERR,ERR,ERR,ERR,ERR,ERR,ERR,ERR,ERR,ERR,ERR,ERR,ERR,ERR,ERR,ERR,ERR,ERR,ERR,ERR,ERR,ERR,ERR,ERR,0.0,0.0,0.0,0.0,0.0,1.3936040501711995e+18,7.805,0.0,0,0,4,0,7116,0.0,100,0.0,0.0,0.0,0.0,0.0,0,0,0,0,0.0,0,0,0,0,0,0,0,0,0,0,0,0,0,0,0,0,0,0,0,0,0,0,0,0,0,0,0,0,0,0,0,0,0,31,40,40,71,65476,0,300,0,0,8,21553,0.0,-107605600.0,0.0,0.0,0.0,0.0,0.0,0.0,0.0,0.0,0.0,0.0,0.0,0.0,0.0,0.0,0.0,0.0,0.0,0.0,0.0,0.0,-2.004,-0.0,-0.0,-2.004,0.0,0.0,0.0,0.0,6321.0,-8608224256.0,6938.0,0.0,0.0,2.7184303811560617e+23,0.0,0.0,0.0,0.0,0.0,69,0.0,1.9056950280978432e+17,0.0,0.0,0.0,0.0,0.0,0.0,0.0,0,0,0,0.0,0.0,0.0,0.0,0.0,0.0,0.0,0.0,0.0,0.0,0.0,0.0,0.0,0.0,0.0,0.0,0,-107875648.0,69,0.0,138,0.0,0.0,0,13107,17040,13107,17049,13107,17043,0,0,0,70,68,100,2.7302359370752657e+23,71.2,2.7302370179391762e+23,74.2,2.7302370179391762e+23,74.0,1,49,50,180,0,52429,0,0,0.0,0.0,0.0,0.0,-0.0,67.0,0.0,162057.094,0.0,750,0,739,0,0,0,721,0,766,0,736,0,742,0,742,0,712,0,7520,0.032,79456894976.0,0.0,0.0,784,16797,-0.0,162057.094,-114818.039,-0.0,0.133,6.909358625270745e+28,30.0,65.0,35,0.0,0.0,0.0,0.0,0.0,0.0,0.0,0.0,0.0,0.0,0.0,0.0,0.0,0.0,0.0,0.0,69.2,0,150,71,55,65476,0,300,0,1,8,20529,65476,0,0,40632,65.0,0.0,0.0,0.0,0.0,0.0
2026-09-04T20:37:08,ERR,ERR,ERR,ERR,ERR,ERR,ERR,ERR,ERR,ERR,ERR,ERR,ERR,ERR,ERR,ERR,ERR,ERR,ERR,ERR,ERR,ERR,ERR,ERR,ERR,ERR,ERR,ERR,ERR,ERR,ERR,ERR,ERR,ERR,ERR,ERR,ERR,ERR,ERR,ERR,ERR,ERR,ERR,ERR,ERR,ERR,ERR,ERR,ERR,ERR,ERR,ERR,ERR,ERR,ERR,ERR,ERR,ERR,ERR,ERR,ERR,ERR,ERR,ERR,ERR,ERR,ERR,ERR,ERR,ERR,ERR,ERR,ERR,ERR,ERR,ERR,ERR,ERR,ERR,ERR,ERR,ERR,ERR,ERR,ERR,ERR,ERR,ERR,ERR,ERR,ERR,ERR,ERR,ERR,ERR,ERR,ERR,ERR,ERR,ERR,ERR,ERR,ERR,ERR,ERR,ERR,ERR,ERR,ERR,ERR,ERR,ERR,ERR,ERR,ERR,ERR,ERR,ERR,ERR,ERR,ERR,ERR,ERR,ERR,ERR,0.0,0.0,0.0,0.0,0.0,1.3936040501711995e+18,7.805,0.0,0,0,4,0,7116,0.0,100,0.0,0.0,0.0,0.0,0.0,0,0,0,0,0.0,0,0,0,0,0,0,0,0,0,0,0,0,0,0,0,0,0,0,0,0,0,0,0,0,0,0,0,0,0,0,0,0,0,31,40,40,71,65476,0,300,0,0,8,21553,0.0,-107605600.0,0.0,0.0,0.0,0.0,0.0,0.0,0.0,0.0,0.0,0.0,0.0,0.0,0.0,0.0,0.0,0.0,0.0,0.0,0.0,0.0,-2.004,-0.0,-0.0,-2.004,0.0,0.0,0.0,0.0,6321.0,-8608224256.0,6938.0,0.0,0.0,2.7184303811560617e+23,0.0,0.0,0.0,0.0,0.0,69,0.0,1.9056950280978432e+17,0.0,0.0,0.0,0.0,0.0,0.0,0.0,0,0,0,0.0,0.0,0.0,0.0,0.0,0.0,0.0,0.0,0.0,0.0,0.0,0.0,0.0,0.0,0.0,0.0,0,-107875648.0,69,0.0,138,0.0,0.0,0,13107,17040,13107,17049,13107,17043,0,0,0,70,68,100,2.7302359370752657e+23,71.1,0.0,74.2,2.7302370179391762e+23,74.0,1,49,50,180,0,52429,0,0,0.0,0.0,0.0,0.0,-0.0,67.0,0.0,162057.094,0.0,750,0,739,0,0,0,721,0,766,0,736,0,742,0,741,0,712,0,7520,0.032,79456894976.0,0.0,0.0,784,16797,-0.0,162057.094,-114818.039,-0.0,0.133,6.909358625270745e+28,30.0,65.0,35,0.0,0.0,0.0,0.0,0.0,0.0,0.0,0.0,0.0,0.0,0.0,0.0,0.0,0.0,0.0,0.0,69.2,0,150,71,55,65476,0,300,0,1,8,20529,65476,0,0,40632,65.0,0.0,0.0,0.0,0.0,0.0
2026-09-04T20:37:09,ERR,ERR,ERR,ERR,ERR,ERR,ERR,ERR,ERR,ERR,ERR,ERR,ERR,ERR,ERR,ERR,ERR,ERR,ERR,ERR,ERR,ERR,ERR,ERR,ERR,ERR,ERR,ERR,ERR,ERR,ERR,ERR,ERR,ERR,ERR,ERR,ERR,ERR,ERR,ERR,ERR,ERR,ERR,ERR,ERR,ERR,ERR,ERR,ERR,ERR,ERR,ERR,ERR,ERR,ERR,ERR,ERR,ERR,ERR,ERR,ERR,ERR,ERR,ERR,ERR,ERR,ERR,ERR,ERR,ERR,ERR,ERR,ERR,ERR,ERR,ERR,ERR,ERR,ERR,ERR,ERR,ERR,ERR,ERR,ERR,ERR,ERR,ERR,ERR,ERR,ERR,ERR,ERR,ERR,ERR,ERR,ERR,ERR,ERR,ERR,ERR,ERR,ERR,ERR,ERR,ERR,ERR,ERR,ERR,ERR,ERR,ERR,ERR,ERR,ERR,ERR,ERR,ERR,ERR,ERR,ERR,ERR,ERR,ERR,ERR,0.0,0.0,0.0,0.0,0.0,1.3936040501711995e+18,7.805,0.0,0,0,4,0,7116,0.0,100,0.0,0.0,0.0,0.0,0.0,0,0,0,0,0.0,0,0,0,0,0,0,0,0,0,0,0,0,0,0,0,0,0,0,0,0,0,0,0,0,0,0,0,0,0,0,0,0,0,31,40,40,71,65476,0,300,0,0,8,21553,0.0,-107605600.0,0.0,0.0,0.0,0.0,0.0,0.0,0.0,0.0,0.0,0.0,0.0,0.0,0.0,0.0,0.0,0.0,0.0,0.0,0.0,0.0,-2.004,-0.0,-0.0,-2.004,0.0,0.0,0.0,0.0,6321.0,-8608224256.0,6938.0,0.0,0.0,2.7184303811560617e+23,0.0,0.0,0.0,0.0,0.0,69,0.0,1.9056950280978432e+17,0.0,0.0,0.0,0.0,0.0,0.0,0.0,0,0,0,0.0,0.0,0.0,0.0,0.0,0.0,0.0,0.0,0.0,0.0,0.0,0.0,0.0,0.0,0.0,0.0,0,-107875648.0,69,0.0,138,0.0,0.0,0,13107,17040,13107,17049,13107,17043,0,0,0,70,68,100,2.7302359370752657e+23,71.1,0.0,74.2,2.7302370179391762e+23,74.0,1,49,50,180,0,52429,0,0,0.0,0.0,0.0,0.0,-0.0,67.0,0.0,162057.094,0.0,750,0,739,0,0,0,721,0,766,0,736,0,742,0,741,0,712,0,7520,0.032,79456894976.0,0.0,0.0,784,16797,-0.0,162057.094,-114818.039,-0.0,0.133,6.909358625270745e+28,30.0,65.0,35,0.0,0.0,0.0,0.0,0.0,0.0,0.0,0.0,0.0,0.0,0.0,0.0,0.0,0.0,0.0,0.0,69.2,0,150,71,55,65476,0,300,0,1,8,20529,65476,0,0,40632,65.0,0.0,0.0,0.0,0.0,0.0
2026-09-04T20:37:10,ERR,ERR,ERR,ERR,ERR,ERR,ERR,ERR,ERR,ERR,ERR,ERR,ERR,ERR,ERR,ERR,ERR,ERR,ERR,ERR,ERR,ERR,ERR,ERR,ERR,ERR,ERR,ERR,ERR,ERR,ERR,ERR,ERR,ERR,ERR,ERR,ERR,ERR,ERR,ERR,ERR,ERR,ERR,ERR,ERR,ERR,ERR,ERR,ERR,ERR,ERR,ERR,ERR,ERR,ERR,ERR,ERR,ERR,ERR,ERR,ERR,ERR,ERR,ERR,ERR,ERR,ERR,ERR,ERR,ERR,ERR,ERR,ERR,ERR,ERR,ERR,ERR,ERR,ERR,ERR,ERR,ERR,ERR,ERR,ERR,ERR,ERR,ERR,ERR,ERR,ERR,ERR,ERR,ERR,ERR,ERR,ERR,ERR,ERR,ERR,ERR,ERR,ERR,ERR,ERR,ERR,ERR,ERR,ERR,ERR,ERR,ERR,ERR,ERR,ERR,ERR,ERR,ERR,ERR,ERR,ERR,ERR,ERR,ERR,ERR,0.0,0.0,0.0,0.0,0.0,1.3936040501711995e+18,7.805,0.0,0,0,4,0,7116,0.0,100,0.0,0.0,0.0,0.0,0.0,0,0,0,0,0.0,0,0,0,0,0,0,0,0,0,0,0,0,0,0,0,0,0,0,0,0,0,0,0,0,0,0,0,0,0,0,0,0,0,31,40,40,71,65476,0,300,0,0,8,21553,0.0,-107605600.0,0.0,0.0,0.0,0.0,0.0,0.0,0.0,0.0,0.0,0.0,0.0,0.0,0.0,0.0,0.0,0.0,0.0,0.0,0.0,0.0,-2.004,-0.0,-0.0,-2.004,0.0,0.0,0.0,0.0,6344.0,2.004,6922.0,0.0,0.0,2.7184303811560617e+23,0.0,0.0,0.0,0.0,0.0,69,-5.848086186001959e+35,-152018169626624.0,0.0,0.0,0.0,0.0,0.0,0.0,0.0,0,0,0,0.0,0.0,0.0,0.0,0.0,0.0,0.0,0.0,0.0,0.0,0.0,0.0,0.0,0.0,0.0,0.0,0,-107875648.0,69,0.0,138,0.0,0.0,0,13107,17040,13107,17049,13107,17043,0,0,0,70,68,100,2.7302359370752657e+23,71.1,0.0,74.2,2.7302370179391762e+23,74.0,1,49,50,180,0,52429,0,0,0.0,0.0,0.0,0.0,-0.0,67.0,0.0,162057.094,0.0,750,0,739,0,0,0,721,0,766,0,736,0,742,0,741,0,712,0,7520,0.032,79456894976.0,0.0,0.0,784,16797,-0.0,162057.094,-114818.039,-0.0,0.133,6.909358625270745e+28,30.0,65.0,35,0.0,0.0,0.0,0.0,0.0,0.0,0.0,0.0,0.0,0.0,0.0,0.0,0.0,0.0,0.0,0.0,69.2,0,150,71,55,65476,0,300,0,1,8,20529,65476,0,0,40632,65.0,0.0,0.0,0.0,0.0,0.0
2026-09-04T20:37:11,ERR,ERR,ERR,ERR,ERR,ERR,ERR,ERR,ERR,ERR,ERR,ERR,ERR,ERR,ERR,ERR,ERR,ERR,ERR,ERR,ERR,ERR,ERR,ERR,ERR,ERR,ERR,ERR,ERR,ERR,ERR,ERR,ERR,ERR,ERR,ERR,ERR,ERR,ERR,ERR,ERR,ERR,ERR,ERR,ERR,ERR,ERR,ERR,ERR,ERR,ERR,ERR,ERR,ERR,ERR,ERR,ERR,ERR,ERR,ERR,ERR,ERR,ERR,ERR,ERR,ERR,ERR,ERR,ERR,ERR,ERR,ERR,ERR,ERR,ERR,ERR,ERR,ERR,ERR,ERR,ERR,ERR,ERR,ERR,ERR,ERR,ERR,ERR,ERR,ERR,ERR,ERR,ERR,ERR,ERR,ERR,ERR,ERR,ERR,ERR,ERR,ERR,ERR,ERR,ERR,ERR,ERR,ERR,ERR,ERR,ERR,ERR,ERR,ERR,ERR,ERR,ERR,ERR,ERR,ERR,ERR,ERR,ERR,ERR,ERR,0.0,0.0,0.0,0.0,0.0,1.3936040501711995e+18,7.805,0.0,0,0,4,0,7116,0.0,100,0.0,0.0,0.0,0.0,0.0,0,0,0,0,0.0,0,0,0,0,0,0,0,0,0,0,0,0,0,0,0,0,0,0,0,0,0,0,0,0,0,0,0,0,0,0,0,0,0,31,40,40,71,65476,0,300,0,0,8,21553,0.0,-107605600.0,0.0,0.0,0.0,0.0,0.0,0.0,0.0,0.0,0.0,0.0,0.0,0.0,0.0,0.0,0.0,0.0,0.0,0.0,0.0,0.0,-2.004,-0.0,-0.0,-2.004,0.0,0.0,0.0,0.0,6344.0,2.004,6922.0,0.0,0.0,2.7184303811560617e+23,0.0,0.0,0.0,0.0,0.0,69,-5.848086186001959e+35,-152018169626624.0,0.0,0.0,0.0,0.0,0.0,0.0,0.0,0,0,0,0.0,0.0,0.0,0.0,0.0,0.0,0.0,0.0,0.0,0.0,0.0,0.0,0.0,0.0,0.0,0.0,0,-107875648.0,69,0.0,138,0.0,0.0,0,13107,17040,13107,17049,13107,17043,0,0,0,70,68,100,2.7302359370752657e+23,71.1,0.0,74.2,2.7302370179391762e+23,74.0,1,49,50,180,0,52429,0,0,0.0,0.0,0.0,0.0,-0.0,67.0,0.0,162057.094,0.0,750,0,739,0,0,0,721,0,766,0,736,0,742,0,741,0,712,0,7520,0.032,79456894976.0,0.0,0.0,784,16797,-0.0,162057.094,-114818.039,-0.0,0.133,6.909358625270745e+28,30.0,65.0,35,0.0,0.0,0.0,0.0,0.0,0.0,0.0,0.0,0.0,0.0,0.0,0.0,0.0,0.0,0.0,0.0,69.2,0,150,71,55,65476,0,300,0,1,8,20529,65476,0,0,40632,65.0,0.0,0.0,0.0,0.0,0.0
2026-09-04T20:37:12,ERR,ERR,ERR,ERR,ERR,ERR,ERR,ERR,ERR,ERR,ERR,ERR,ERR,ERR,ERR,ERR,ERR,ERR,ERR,ERR,ERR,ERR,ERR,ERR,ERR,ERR,ERR,ERR,ERR,ERR,ERR,ERR,ERR,ERR,ERR,ERR,ERR,ERR,ERR,ERR,ERR,ERR,ERR,ERR,ERR,ERR,ERR,ERR,ERR,ERR,ERR,ERR,ERR,ERR,ERR,ERR,ERR,ERR,ERR,ERR,ERR,ERR,ERR,ERR,ERR,ERR,ERR,ERR,ERR,ERR,ERR,ERR,ERR,ERR,ERR,ERR,ERR,ERR,ERR,ERR,ERR,ERR,ERR,ERR,ERR,ERR,ERR,ERR,ERR,ERR,ERR,ERR,ERR,ERR,ERR,ERR,ERR,ERR,ERR,ERR,ERR,ERR,ERR,ERR,ERR,ERR,ERR,ERR,ERR,ERR,ERR,ERR,ERR,ERR,ERR,ERR,ERR,ERR,ERR,ERR,ERR,ERR,ERR,ERR,ERR,0.0,0.0,0.0,0.0,0.0,1.3936040501711995e+18,7.805,0.0,0,0,4,0,7116,0.0,100,0.0,0.0,0.0,0.0,0.0,0,0,0,0,0.0,0,0,0,0,0,0,0,0,0,0,0,0,0,0,0,0,0,0,0,0,0,0,0,0,0,0,0,0,0,0,0,0,0,31,40,40,71,65476,0,300,0,0,8,21553,0.0,-107605600.0,0.0,0.0,0.0,0.0,0.0,0.0,0.0,0.0,0.0,0.0,0.0,0.0,0.0,0.0,0.0,0.0,0.0,0.0,0.0,0.0,-2.004,-0.0,-0.0,-2.004,0.0,0.0,0.0,0.0,6344.0,2.004,6922.0,0.0,0.0,2.7184303811560617e+23,0.0,0.0,0.0,0.0,0.0,69,-5.848086186001959e+35,-152018169626624.0,0.0,0.0,0.0,0.0,0.0,0.0,0.0,0,0,0,0.0,0.0,0.0,0.0,0.0,0.0,0.0,0.0,0.0,0.0,0.0,0.0,0.0,0.0,0.0,0.0,0,-107875648.0,69,0.0,138,0.0,0.0,0,13107,17040,13107,17049,13107,17043,0,0,0,70,68,100,2.7302359370752657e+23,71.1,0.0,74.2,2.7302370179391762e+23,74.0,1,49,50,180,0,52429,0,0,0.0,0.0,0.0,0.0,-0.0,67.0,0.0,162057.094,0.0,750,0,739,0,0,0,721,0,766,0,736,0,742,0,741,0,712,0,7520,0.032,79456894976.0,0.0,0.0,784,16797,-0.0,162057.094,-114818.039,-0.0,0.133,6.909358625270745e+28,30.0,65.0,35,0.0,0.0,0.0,0.0,0.0,0.0,0.0,0.0,0.0,0.0,0.0,0.0,0.0,0.0,0.0,0.0,69.2,0,150,71,55,65476,0,300,0,1,8,20529,65476,0,0,40632,65.0,0.0,0.0,0.0,0.0,0.0
2026-09-04T20:37:13,ERR,ERR,ERR,ERR,ERR,ERR,ERR,ERR,ERR,ERR,ERR,ERR,ERR,ERR,ERR,ERR,ERR,ERR,ERR,ERR,ERR,ERR,ERR,ERR,ERR,ERR,ERR,ERR,ERR,ERR,ERR,ERR,ERR,ERR,ERR,ERR,ERR,ERR,ERR,ERR,ERR,ERR,ERR,ERR,ERR,ERR,ERR,ERR,ERR,ERR,ERR,ERR,ERR,ERR,ERR,ERR,ERR,ERR,ERR,ERR,ERR,ERR,ERR,ERR,ERR,ERR,ERR,ERR,ERR,ERR,ERR,ERR,ERR,ERR,ERR,ERR,ERR,ERR,ERR,ERR,ERR,ERR,ERR,ERR,ERR,ERR,ERR,ERR,ERR,ERR,ERR,ERR,ERR,ERR,ERR,ERR,ERR,ERR,ERR,ERR,ERR,ERR,ERR,ERR,ERR,ERR,ERR,ERR,ERR,ERR,ERR,ERR,ERR,ERR,ERR,ERR,ERR,ERR,ERR,ERR,ERR,ERR,ERR,ERR,ERR,0.0,0.0,0.0,0.0,0.0,1.3936040501711995e+18,7.805,0.0,0,0,4,0,7116,0.0,100,0.0,0.0,0.0,0.0,0.0,0,0,0,0,0.0,0,0,0,0,0,0,0,0,0,0,0,0,0,0,0,0,0,0,0,0,0,0,0,0,0,0,0,0,0,0,0,0,0,31,40,40,71,65476,0,300,0,0,8,21553,0.0,-107605600.0,0.0,0.0,0.0,0.0,0.0,0.0,0.0,0.0,0.0,0.0,0.0,0.0,0.0,0.0,0.0,0.0,0.0,0.0,0.0,0.0,-2.004,-0.0,-0.0,-2.004,0.0,0.0,0.0,0.0,6344.0,2.004,6922.0,0.0,0.0,2.7184303811560617e+23,0.0,0.0,0.0,0.0,0.0,69,-5.848086186001959e+35,-152018169626624.0,0.0,0.0,0.0,0.0,0.0,0.0,0.0,0,0,0,0.0,0.0,0.0,0.0,0.0,0.0,0.0,0.0,0.0,0.0,0.0,0.0,0.0,0.0,0.0,0.0,0,-107875648.0,69,0.0,138,0.0,0.0,0,13107,17040,13107,17049,13107,17043,0,0,0,70,68,100,2.7302359370752657e+23,71.1,0.0,74.2,2.7302370179391762e+23,74.0,1,49,50,180,0,52429,0,0,0.0,0.0,0.0,0.0,-0.0,67.0,0.0,162057.094,0.0,750,0,739,0,0,0,721,0,766,0,736,0,742,0,742,0,712,0,7520,0.032,79993765888.0,0.0,0.0,784,16797,-0.0,162057.094,-114818.039,-0.0,0.133,6.909358625270745e+28,30.0,65.0,35,0.0,0.0,0.0,0.0,0.0,0.0,0.0,0.0,0.0,0.0,0.0,0.0,0.0,0.0,0.0,0.0,69.2,0,150,71,55,65476,0,300,0,1,8,20529,65476,0,0,40632,65.0,0.0,0.0,0.0,0.0,0.0
2026-09-04T20:37:14,ERR,ERR,ERR,ERR,ERR,ERR,ERR,ERR,ERR,ERR,ERR,ERR,ERR,ERR,ERR,ERR,ERR,ERR,ERR,ERR,ERR,ERR,ERR,ERR,ERR,ERR,ERR,ERR,ERR,ERR,ERR,ERR,ERR,ERR,ERR,ERR,ERR,ERR,ERR,ERR,ERR,ERR,ERR,ERR,ERR,ERR,ERR,ERR,ERR,ERR,ERR,ERR,ERR,ERR,ERR,ERR,ERR,ERR,ERR,ERR,ERR,ERR,ERR,ERR,ERR,ERR,ERR,ERR,ERR,ERR,ERR,ERR,ERR,ERR,ERR,ERR,ERR,ERR,ERR,ERR,ERR,ERR,ERR,ERR,ERR,ERR,ERR,ERR,ERR,ERR,ERR,ERR,ERR,ERR,ERR,ERR,ERR,ERR,ERR,ERR,ERR,ERR,ERR,ERR,ERR,ERR,ERR,ERR,ERR,ERR,ERR,ERR,ERR,ERR,ERR,ERR,ERR,ERR,ERR,ERR,ERR,ERR,ERR,ERR,ERR,0.0,0.0,0.0,0.0,0.0,1.3936040501711995e+18,7.805,0.0,0,0,4,0,7116,0.0,100,0.0,0.0,0.0,0.0,0.0,0,0,0,0,0.0,0,0,0,0,0,0,0,0,0,0,0,0,0,0,0,0,0,0,0,0,0,0,0,0,0,0,0,0,0,0,0,0,0,31,40,40,71,65476,0,300,0,0,8,21553,0.0,-107605600.0,0.0,0.0,0.0,0.0,0.0,0.0,0.0,0.0,0.0,0.0,0.0,0.0,0.0,0.0,0.0,0.0,0.0,0.0,0.0,0.0,-2.004,-0.0,-0.0,-2.004,0.0,0.0,0.0,0.0,6344.0,2.004,6922.0,0.0,0.0,2.7184303811560617e+23,0.0,0.0,0.0,0.0,0.0,69,-5.848086186001959e+35,-152018169626624.0,0.0,0.0,0.0,0.0,0.0,0.0,0.0,0,0,0,0.0,0.0,0.0,0.0,0.0,0.0,0.0,0.0,0.0,0.0,0.0,0.0,0.0,0.0,0.0,0.0,0,-107875648.0,69,0.0,138,0.0,0.0,0,13107,17040,13107,17049,13107,17043,0,0,0,70,68,100,2.7302359370752657e+23,71.1,0.0,74.2,2.7302370179391762e+23,74.0,1,49,50,180,0,52429,0,0,0.0,0.0,0.0,0.0,-0.0,67.0,0.0,162057.094,0.0,750,0,739,0,0,0,721,0,766,0,736,0,742,0,742,0,712,0,7520,0.032,79993765888.0,0.0,0.0,784,16797,-0.0,162057.094,-114818.039,-0.0,0.133,6.909358625270745e+28,30.0,65.0,35,0.0,0.0,0.0,0.0,0.0,0.0,0.0,0.0,0.0,0.0,0.0,0.0,0.0,0.0,0.0,0.0,69.2,0,150,71,55,65476,0,300,0,1,8,20529,65476,0,0,40632,65.0,0.0,0.0,0.0,0.0,0.0
2026-09-04T20:37:15,ERR,ERR,ERR,ERR,ERR,ERR,ERR,ERR,ERR,ERR,ERR,ERR,ERR,ERR,ERR,ERR,ERR,ERR,ERR,ERR,ERR,ERR,ERR,ERR,ERR,ERR,ERR,ERR,ERR,ERR,ERR,ERR,ERR,ERR,ERR,ERR,ERR,ERR,ERR,ERR,ERR,ERR,ERR,ERR,ERR,ERR,ERR,ERR,ERR,ERR,ERR,ERR,ERR,ERR,ERR,ERR,ERR,ERR,ERR,ERR,ERR,ERR,ERR,ERR,ERR,ERR,ERR,ERR,ERR,ERR,ERR,ERR,ERR,ERR,ERR,ERR,ERR,ERR,ERR,ERR,ERR,ERR,ERR,ERR,ERR,ERR,ERR,ERR,ERR,ERR,ERR,ERR,ERR,ERR,ERR,ERR,ERR,ERR,ERR,ERR,ERR,ERR,ERR,ERR,ERR,ERR,ERR,ERR,ERR,ERR,ERR,ERR,ERR,ERR,ERR,ERR,ERR,ERR,ERR,ERR,ERR,ERR,ERR,ERR,ERR,0.0,0.0,0.0,0.0,0.0,1.3936040501711995e+18,7.805,0.0,0,0,4,0,7116,0.0,100,0.0,0.0,0.0,0.0,0.0,0,0,0,0,0.0,0,0,0,0,0,0,0,0,0,0,0,0,0,0,0,0,0,0,0,0,0,0,0,0,0,0,0,0,0,0,0,0,0,31,40,40,71,65476,0,300,0,0,8,21553,0.0,-107605600.0,0.0,0.0,0.0,0.0,0.0,0.0,0.0,0.0,0.0,0.0,0.0,0.0,0.0,0.0,0.0,0.0,0.0,0.0,0.0,0.0,-2.004,-0.0,-0.0,-2.004,0.0,0.0,0.0,0.0,6344.0,2.004,6922.0,0.0,0.0,2.7184303811560617e+23,0.0,0.0,0.0,0.0,0.0,69,-5.848086186001959e+35,-152018169626624.0,0.0,0.0,0.0,0.0,0.0,0.0,0.0,0,0,0,0.0,0.0,0.0,0.0,0.0,0.0,0.0,0.0,0.0,0.0,0.0,0.0,0.0,0.0,0.0,0.0,0,-107875648.0,69,0.0,138,0.0,0.0,0,13107,17040,13107,17049,13107,17043,0,0,0,70,68,100,2.7302359370752657e+23,71.1,0.0,74.2,2.7302370179391762e+23,74.0,1,49,50,180,0,52429,0,0,0.0,0.0,0.0,0.0,-0.0,67.0,0.0,162057.094,0.0,750,0,739,0,0,0,721,0,766,0,736,0,742,0,742,0,712,0,7520,0.032,79993765888.0,0.0,0.0,784,16797,-0.0,162057.094,-114818.039,-0.0,0.133,6.909358625270745e+28,30.0,65.0,35,0.0,0.0,0.0,0.0,0.0,0.0,0.0,0.0,0.0,0.0,0.0,0.0,0.0,0.0,0.0,0.0,69.2,0,150,71,55,65476,0,300,0,1,8,20529,65476,0,0,40632,65.0,0.0,0.0,0.0,0.0,0.0
2026-09-04T20:37:16,ERR,ERR,ERR,ERR,ERR,ERR,ERR,ERR,ERR,ERR,ERR,ERR,ERR,ERR,ERR,ERR,ERR,ERR,ERR,ERR,ERR,ERR,ERR,ERR,ERR,ERR,ERR,ERR,ERR,ERR,ERR,ERR,ERR,ERR,ERR,ERR,ERR,ERR,ERR,ERR,ERR,ERR,ERR,ERR,ERR,ERR,ERR,ERR,ERR,ERR,ERR,ERR,ERR,ERR,ERR,ERR,ERR,ERR,ERR,ERR,ERR,ERR,ERR,ERR,ERR,ERR,ERR,ERR,ERR,ERR,ERR,ERR,ERR,ERR,ERR,ERR,ERR,ERR,ERR,ERR,ERR,ERR,ERR,ERR,ERR,ERR,ERR,ERR,ERR,ERR,ERR,ERR,ERR,ERR,ERR,ERR,ERR,ERR,ERR,ERR,ERR,ERR,ERR,ERR,ERR,ERR,ERR,ERR,ERR,ERR,ERR,ERR,ERR,ERR,ERR,ERR,ERR,ERR,ERR,ERR,ERR,ERR,ERR,ERR,ERR,0.0,0.0,0.0,0.0,0.0,1.3936040501711995e+18,7.805,0.0,0,0,4,0,7116,0.0,100,0.0,0.0,0.0,0.0,0.0,0,0,0,0,0.0,0,0,0,0,0,0,0,0,0,0,0,0,0,0,0,0,0,0,0,0,0,0,0,0,0,0,0,0,0,0,0,0,0,31,40,40,71,65476,0,300,0,0,8,21553,0.0,-107605600.0,0.0,0.0,0.0,0.0,0.0,0.0,0.0,0.0,0.0,0.0,0.0,0.0,0.0,0.0,0.0,0.0,0.0,0.0,0.0,0.0,-2.004,-0.0,-0.0,-2.004,0.0,0.0,0.0,0.0,6344.0,2.004,6922.0,0.0,0.0,2.7184303811560617e+23,0.0,0.0,0.0,0.0,0.0,69,-5.848086186001959e+35,-152018169626624.0,0.0,0.0,0.0,0.0,0.0,0.0,0.0,0,0,0,0.0,0.0,0.0,0.0,0.0,0.0,0.0,0.0,0.0,0.0,0.0,0.0,0.0,0.0,0.0,0.0,0,-107875648.0,69,0.0,138,0.0,0.0,0,13107,17040,13107,17049,13107,17043,0,0,0,70,68,100,2.7302359370752657e+23,71.1,0.0,74.2,2.7302370179391762e+23,74.0,1,49,50,180,0,52429,0,0,0.0,0.0,0.0,0.0,-0.0,67.0,0.0,162057.094,0.0,750,0,739,0,0,0,721,0,766,0,736,0,742,0,742,0,712,0,7520,0.032,79993765888.0,0.0,0.0,784,16797,-0.0,162057.094,-114818.039,-0.0,0.133,6.909358625270745e+28,30.0,65.0,35,0.0,0.0,0.0,0.0,0.0,0.0,0.0,0.0,0.0,0.0,0.0,0.0,0.0,0.0,0.0,0.0,69.2,0,150,71,54,65476,0,300,0,1,8,20529,65476,0,0,40632,65.0,0.0,0.0,0.0,0.0,0.0
2026-09-04T20:37:17,ERR,ERR,ERR,ERR,ERR,ERR,ERR,ERR,ERR,ERR,ERR,ERR,ERR,ERR,ERR,ERR,ERR,ERR,ERR,ERR,ERR,ERR,ERR,ERR,ERR,ERR,ERR,ERR,ERR,ERR,ERR,ERR,ERR,ERR,ERR,ERR,ERR,ERR,ERR,ERR,ERR,ERR,ERR,ERR,ERR,ERR,ERR,ERR,ERR,ERR,ERR,ERR,ERR,ERR,ERR,ERR,ERR,ERR,ERR,ERR,ERR,ERR,ERR,ERR,ERR,ERR,ERR,ERR,ERR,ERR,ERR,ERR,ERR,ERR,ERR,ERR,ERR,ERR,ERR,ERR,ERR,ERR,ERR,ERR,ERR,ERR,ERR,ERR,ERR,ERR,ERR,ERR,ERR,ERR,ERR,ERR,ERR,ERR,ERR,ERR,ERR,ERR,ERR,ERR,ERR,ERR,ERR,ERR,ERR,ERR,ERR,ERR,ERR,ERR,ERR,ERR,ERR,ERR,ERR,ERR,ERR,ERR,ERR,ERR,ERR,0.0,0.0,0.0,0.0,0.0,1.3936040501711995e+18,7.805,0.0,0,0,4,0,7116,0.0,100,0.0,0.0,0.0,0.0,0.0,0,0,0,0,0.0,0,0,0,0,0,0,0,0,0,0,0,0,0,0,0,0,0,0,0,0,0,0,0,0,0,0,0,0,0,0,0,0,0,31,40,40,71,65476,0,300,0,0,8,21553,0.0,-107605600.0,0.0,0.0,0.0,0.0,0.0,0.0,0.0,0.0,0.0,0.0,0.0,0.0,0.0,0.0,0.0,0.0,0.0,0.0,0.0,0.0,-2.004,-0.0,-0.0,-2.004,0.0,0.0,0.0,0.0,6319.0,-8608224256.0,6938.0,0.0,0.0,2.7184303811560617e+23,0.0,0.0,0.0,0.0,0.0,69,0.0,0.0,0.0,0.0,0.0,0.0,0.0,0.0,0.0,0,0,0,0.0,0.0,0.0,0.0,0.0,0.0,0.0,0.0,0.0,0.0,0.0,0.0,0.0,0.0,0.0,0.0,0,-107875648.0,69,0.0,138,0.0,0.0,0,13107,17040,13107,17049,13107,17043,0,0,0,70,68,100,2.7302359370752657e+23,71.1,0.0,74.2,2.7302370179391762e+23,74.0,1,49,50,180,0,52429,0,0,0.0,0.0,0.0,0.0,-0.0,67.0,0.0,162057.094,0.0,750,0,739,0,0,0,721,0,766,0,736,0,742,0,742,0,712,0,7520,0.032,79993765888.0,0.0,0.0,784,16797,-0.0,162057.094,-114818.039,-0.0,0.133,6.909358625270745e+28,30.0,65.0,35,0.0,0.0,0.0,0.0,0.0,0.0,0.0,0.0,0.0,0.0,0.0,0.0,0.0,0.0,0.0,0.0,69.2,0,150,71,54,65476,0,300,0,1,8,20529,65476,0,0,40632,65.0,0.0,0.0,0.0,0.0,0.0
2026-09-04T20:37:18,ERR,ERR,ERR,ERR,ERR,ERR,ERR,ERR,ERR,ERR,ERR,ERR,ERR,ERR,ERR,ERR,ERR,ERR,ERR,ERR,ERR,ERR,ERR,ERR,ERR,ERR,ERR,ERR,ERR,ERR,ERR,ERR,ERR,ERR,ERR,ERR,ERR,ERR,ERR,ERR,ERR,ERR,ERR,ERR,ERR,ERR,ERR,ERR,ERR,ERR,ERR,ERR,ERR,ERR,ERR,ERR,ERR,ERR,ERR,ERR,ERR,ERR,ERR,ERR,ERR,ERR,ERR,ERR,ERR,ERR,ERR,ERR,ERR,ERR,ERR,ERR,ERR,ERR,ERR,ERR,ERR,ERR,ERR,ERR,ERR,ERR,ERR,ERR,ERR,ERR,ERR,ERR,ERR,ERR,ERR,ERR,ERR,ERR,ERR,ERR,ERR,ERR,ERR,ERR,ERR,ERR,ERR,ERR,ERR,ERR,ERR,ERR,ERR,ERR,ERR,ERR,ERR,ERR,ERR,ERR,ERR,ERR,ERR,ERR,ERR,0.0,0.0,0.0,0.0,0.0,1.3936040501711995e+18,7.805,0.0,0,0,4,0,7116,0.0,100,0.0,0.0,0.0,0.0,0.0,0,0,0,0,0.0,0,0,0,0,0,0,0,0,0,0,0,0,0,0,0,0,0,0,0,0,0,0,0,0,0,0,0,0,0,0,0,0,0,31,40,40,71,65476,0,300,0,0,8,21553,0.0,-107605600.0,0.0,0.0,0.0,0.0,0.0,0.0,0.0,0.0,0.0,0.0,0.0,0.0,0.0,0.0,0.0,0.0,0.0,0.0,0.0,0.0,-2.004,-0.0,-0.0,-2.004,0.0,0.0,0.0,0.0,6319.0,-8608224256.0,6938.0,0.0,0.0,2.7184303811560617e+23,0.0,0.0,0.0,0.0,0.0,69,0.0,0.0,0.0,0.0,0.0,0.0,0.0,0.0,0.0,0,0,0,0.0,0.0,0.0,0.0,0.0,0.0,0.0,0.0,0.0,0.0,0.0,0.0,0.0,0.0,0.0,0.0,0,-107875648.0,69,0.0,138,0.0,0.0,0,13107,17040,13107,17049,13107,17043,0,0,0,70,68,100,2.7302359370752657e+23,71.1,0.0,74.2,2.7302370179391762e+23,74.0,1,49,50,180,0,52429,0,0,0.0,0.0,0.0,0.0,-0.0,67.0,0.0,162057.094,0.0,750,0,739,0,0,0,721,0,766,0,736,0,742,0,742,0,712,0,7520,0.032,79993765888.0,0.0,0.0,784,16797,-0.0,162057.094,-114818.039,-0.0,0.133,6.909358625270745e+28,30.0,65.0,35,0.0,0.0,0.0,0.0,0.0,0.0,0.0,0.0,0.0,0.0,0.0,0.0,0.0,0.0,0.0,0.0,69.2,0,150,71,54,65476,0,300,0,1,8,20529,65476,0,0,40632,65.0,0.0,0.0,0.0,0.0,0.0
2026-09-04T20:37:19,ERR,ERR,ERR,ERR,ERR,ERR,ERR,ERR,ERR,ERR,ERR,ERR,ERR,ERR,ERR,ERR,ERR,ERR,ERR,ERR,ERR,ERR,ERR,ERR,ERR,ERR,ERR,ERR,ERR,ERR,ERR,ERR,ERR,ERR,ERR,ERR,ERR,ERR,ERR,ERR,ERR,ERR,ERR,ERR,ERR,ERR,ERR,ERR,ERR,ERR,ERR,ERR,ERR,ERR,ERR,ERR,ERR,ERR,ERR,ERR,ERR,ERR,ERR,ERR,ERR,ERR,ERR,ERR,ERR,ERR,ERR,ERR,ERR,ERR,ERR,ERR,ERR,ERR,ERR,ERR,ERR,ERR,ERR,ERR,ERR,ERR,ERR,ERR,ERR,ERR,ERR,ERR,ERR,ERR,ERR,ERR,ERR,ERR,ERR,ERR,ERR,ERR,ERR,ERR,ERR,ERR,ERR,ERR,ERR,ERR,ERR,ERR,ERR,ERR,ERR,ERR,ERR,ERR,ERR,ERR,ERR,ERR,ERR,ERR,ERR,0.0,0.0,0.0,0.0,0.0,1.3936040501711995e+18,7.805,0.0,0,0,4,0,7116,0.0,100,0.0,0.0,0.0,0.0,0.0,0,0,0,0,0.0,0,0,0,0,0,0,0,0,0,0,0,0,0,0,0,0,0,0,0,0,0,0,0,0,0,0,0,0,0,0,0,0,0,31,40,40,71,65476,0,300,0,0,8,21553,0.0,-107605600.0,0.0,0.0,0.0,0.0,0.0,0.0,0.0,0.0,0.0,0.0,0.0,0.0,0.0,0.0,0.0,0.0,0.0,0.0,0.0,0.0,-2.004,-0.0,-0.0,-2.004,0.0,0.0,0.0,0.0,6319.0,-8608224256.0,6938.0,0.0,0.0,2.7184303811560617e+23,0.0,0.0,0.0,0.0,0.0,69,0.0,0.0,0.0,0.0,0.0,0.0,0.0,0.0,0.0,0,0,0,0.0,0.0,0.0,0.0,0.0,0.0,0.0,0.0,0.0,0.0,0.0,0.0,0.0,0.0,0.0,0.0,0,-107875648.0,69,0.0,138,0.0,0.0,0,13107,17040,13107,17049,13107,17043,0,0,0,70,68,100,2.7302359370752657e+23,71.1,0.0,74.2,2.7302370179391762e+23,74.0,1,49,50,180,0,52429,0,0,0.0,0.0,0.0,0.0,-0.0,67.0,0.0,162057.094,0.0,750,0,739,0,0,0,721,0,766,0,736,0,742,0,741,0,712,0,7520,0.032,79456894976.0,0.0,0.0,784,16797,-0.0,162057.094,-114818.039,-0.0,0.133,6.909358625270745e+28,30.0,65.0,35,0.0,0.0,0.0,0.0,0.0,0.0,0.0,0.0,0.0,0.0,0.0,0.0,0.0,0.0,0.0,0.0,69.2,0,150,71,55,65476,0,300,0,1,8,20529,65476,0,0,40632,65.0,0.0,0.0,0.0,0.0,0.0
2026-09-04T20:37:20,ERR,ERR,ERR,ERR,ERR,ERR,ERR,ERR,ERR,ERR,ERR,ERR,ERR,ERR,ERR,ERR,ERR,ERR,ERR,ERR,ERR,ERR,ERR,ERR,ERR,ERR,ERR,ERR,ERR,ERR,ERR,ERR,ERR,ERR,ERR,ERR,ERR,ERR,ERR,ERR,ERR,ERR,ERR,ERR,ERR,ERR,ERR,ERR,ERR,ERR,ERR,ERR,ERR,ERR,ERR,ERR,ERR,ERR,ERR,ERR,ERR,ERR,ERR,ERR,ERR,ERR,ERR,ERR,ERR,ERR,ERR,ERR,ERR,ERR,ERR,ERR,ERR,ERR,ERR,ERR,ERR,ERR,ERR,ERR,ERR,ERR,ERR,ERR,ERR,ERR,ERR,ERR,ERR,ERR,ERR,ERR,ERR,ERR,ERR,ERR,ERR,ERR,ERR,ERR,ERR,ERR,ERR,ERR,ERR,ERR,ERR,ERR,ERR,ERR,ERR,ERR,ERR,ERR,ERR,ERR,ERR,ERR,ERR,ERR,ERR,0.0,0.0,0.0,0.0,0.0,1.3936040501711995e+18,7.805,0.0,0,0,4,0,7116,0.0,100,0.0,0.0,0.0,0.0,0.0,0,0,0,0,0.0,0,0,0,0,0,0,0,0,0,0,0,0,0,0,0,0,0,0,0,0,0,0,0,0,0,0,0,0,0,0,0,0,0,31,40,40,71,65476,0,300,0,0,8,21553,0.0,-107605600.0,0.0,0.0,0.0,0.0,0.0,0.0,0.0,0.0,0.0,0.0,0.0,0.0,0.0,0.0,0.0,0.0,0.0,0.0,0.0,0.0,-2.004,-0.0,-0.0,-2.004,0.0,0.0,0.0,0.0,6319.0,-8608224256.0,6938.0,0.0,0.0,2.7184303811560617e+23,0.0,0.0,0.0,0.0,0.0,69,0.0,0.0,0.0,0.0,0.0,0.0,0.0,0.0,0.0,0,0,0,0.0,0.0,0.0,0.0,0.0,0.0,0.0,0.0,0.0,0.0,0.0,0.0,0.0,0.0,0.0,0.0,0,-107875648.0,69,0.0,138,0.0,0.0,0,13107,17040,13107,17049,13107,17043,0,0,0,70,68,100,2.7302359370752657e+23,71.1,0.0,74.2,2.7302370179391762e+23,74.0,1,49,50,180,0,52429,0,0,0.0,0.0,0.0,0.0,-0.0,67.0,0.0,162057.094,0.0,750,0,739,0,0,0,721,0,766,0,736,0,742,0,741,0,712,0,7520,0.032,79456894976.0,0.0,0.0,784,16797,-0.0,162057.094,-114818.039,-0.0,0.133,6.909358625270745e+28,30.0,65.0,35,0.0,0.0,0.0,0.0,0.0,0.0,0.0,0.0,0.0,0.0,0.0,0.0,0.0,0.0,0.0,0.0,69.2,0,150,71,55,65476,0,300,0,1,8,20529,65476,0,0,40632,65.0,0.0,0.0,0.0,0.0,0.0
2026-09-04T20:37:21,ERR,ERR,ERR,ERR,ERR,ERR,ERR,ERR,ERR,ERR,ERR,ERR,ERR,ERR,ERR,ERR,ERR,ERR,ERR,ERR,ERR,ERR,ERR,ERR,ERR,ERR,ERR,ERR,ERR,ERR,ERR,ERR,ERR,ERR,ERR,ERR,ERR,ERR,ERR,ERR,ERR,ERR,ERR,ERR,ERR,ERR,ERR,ERR,ERR,ERR,ERR,ERR,ERR,ERR,ERR,ERR,ERR,ERR,ERR,ERR,ERR,ERR,ERR,ERR,ERR,ERR,ERR,ERR,ERR,ERR,ERR,ERR,ERR,ERR,ERR,ERR,ERR,ERR,ERR,ERR,ERR,ERR,ERR,ERR,ERR,ERR,ERR,ERR,ERR,ERR,ERR,ERR,ERR,ERR,ERR,ERR,ERR,ERR,ERR,ERR,ERR,ERR,ERR,ERR,ERR,ERR,ERR,ERR,ERR,ERR,ERR,ERR,ERR,ERR,ERR,ERR,ERR,ERR,ERR,ERR,ERR,ERR,ERR,ERR,ERR,0.0,0.0,0.0,0.0,0.0,1.3936040501711995e+18,7.805,0.0,0,0,4,0,7116,0.0,100,0.0,0.0,0.0,0.0,0.0,0,0,0,0,0.0,0,0,0,0,0,0,0,0,0,0,0,0,0,0,0,0,0,0,0,0,0,0,0,0,0,0,0,0,0,0,0,0,0,31,40,40,71,65476,0,300,0,0,8,21553,0.0,-107605600.0,0.0,0.0,0.0,0.0,0.0,0.0,0.0,0.0,0.0,0.0,0.0,0.0,0.0,0.0,0.0,0.0,0.0,0.0,0.0,0.0,-2.004,-0.0,-0.0,-2.004,0.0,0.0,0.0,0.0,6319.0,-8608224256.0,6938.0,0.0,0.0,2.7184303811560617e+23,0.0,0.0,0.0,0.0,0.0,69,0.0,0.0,0.0,0.0,0.0,0.0,0.0,0.0,0.0,0,0,0,0.0,0.0,0.0,0.0,0.0,0.0,0.0,0.0,0.0,0.0,0.0,0.0,0.0,0.0,0.0,0.0,0,-107875648.0,69,0.0,138,0.0,0.0,0,13107,17040,13107,17049,13107,17043,0,0,0,70,68,100,2.7302359370752657e+23,71.1,0.0,74.2,2.7302370179391762e+23,74.0,1,49,50,180,0,52429,0,0,0.0,0.0,0.0,0.0,-0.0,67.0,0.0,162057.094,0.0,750,0,739,0,0,0,721,0,766,0,736,0,742,0,741,0,712,0,7520,0.032,79456894976.0,0.0,0.0,784,16797,-0.0,162057.094,-114818.039,-0.0,0.133,6.909358625270745e+28,30.0,65.0,35,0.0,0.0,0.0,0.0,0.0,0.0,0.0,0.0,0.0,0.0,0.0,0.0,0.0,0.0,0.0,0.0,69.2,0,150,71,54,65476,0,300,0,1,8,20529,65476,0,0,40632,65.0,0.0,0.0,0.0,0.0,0.0
2026-09-04T20:37:22,ERR,ERR,ERR,ERR,ERR,ERR,ERR,ERR,ERR,ERR,ERR,ERR,ERR,ERR,ERR,ERR,ERR,ERR,ERR,ERR,ERR,ERR,ERR,ERR,ERR,ERR,ERR,ERR,ERR,ERR,ERR,ERR,ERR,ERR,ERR,ERR,ERR,ERR,ERR,ERR,ERR,ERR,ERR,ERR,ERR,ERR,ERR,ERR,ERR,ERR,ERR,ERR,ERR,ERR,ERR,ERR,ERR,ERR,ERR,ERR,ERR,ERR,ERR,ERR,ERR,ERR,ERR,ERR,ERR,ERR,ERR,ERR,ERR,ERR,ERR,ERR,ERR,ERR,ERR,ERR,ERR,ERR,ERR,ERR,ERR,ERR,ERR,ERR,ERR,ERR,ERR,ERR,ERR,ERR,ERR,ERR,ERR,ERR,ERR,ERR,ERR,ERR,ERR,ERR,ERR,ERR,ERR,ERR,ERR,ERR,ERR,ERR,ERR,ERR,ERR,ERR,ERR,ERR,ERR,ERR,ERR,ERR,ERR,ERR,ERR,0.0,0.0,0.0,0.0,0.0,1.3936040501711995e+18,7.805,0.0,0,0,4,0,7116,0.0,100,0.0,0.0,0.0,0.0,0.0,0,0,0,0,0.0,0,0,0,0,0,0,0,0,0,0,0,0,0,0,0,0,0,0,0,0,0,0,0,0,0,0,0,0,0,0,0,0,0,31,40,40,71,65476,0,300,0,0,8,21553,0.0,-107605600.0,0.0,0.0,0.0,0.0,0.0,0.0,0.0,0.0,0.0,0.0,0.0,0.0,0.0,0.0,0.0,0.0,0.0,0.0,0.0,0.0,-2.004,-0.0,-0.0,-2.004,0.0,0.0,0.0,0.0,6319.0,-8608224256.0,6938.0,0.0,0.0,2.7184303811560617e+23,0.0,0.0,0.0,0.0,0.0,69,0.0,0.0,0.0,0.0,0.0,0.0,0.0,0.0,0.0,0,0,0,0.0,0.0,0.0,0.0,0.0,0.0,0.0,0.0,0.0,0.0,0.0,0.0,0.0,0.0,0.0,0.0,0,-107875648.0,69,0.0,138,0.0,0.0,0,13107,17040,13107,17049,13107,17043,0,0,0,70,68,100,2.7302359370752657e+23,71.1,0.0,74.2,2.7302370179391762e+23,74.0,1,49,50,180,0,52429,0,0,0.0,0.0,0.0,0.0,-0.0,67.0,0.0,162057.094,0.0,750,0,739,0,0,0,721,0,766,0,736,0,742,0,741,0,712,0,7520,0.032,79456894976.0,0.0,0.0,784,16797,-0.0,162057.094,-114818.039,-0.0,0.133,6.909358625270745e+28,30.0,65.0,35,0.0,0.0,0.0,0.0,0.0,0.0,0.0,0.0,0.0,0.0,0.0,0.0,0.0,0.0,0.0,0.0,69.2,0,150,71,54,65476,0,300,0,1,8,20529,65476,0,0,40632,65.0,0.0,0.0,0.0,0.0,0.0
2026-09-04T20:37:23,ERR,ERR,ERR,ERR,ERR,ERR,ERR,ERR,ERR,ERR,ERR,ERR,ERR,ERR,ERR,ERR,ERR,ERR,ERR,ERR,ERR,ERR,ERR,ERR,ERR,ERR,ERR,ERR,ERR,ERR,ERR,ERR,ERR,ERR,ERR,ERR,ERR,ERR,ERR,ERR,ERR,ERR,ERR,ERR,ERR,ERR,ERR,ERR,ERR,ERR,ERR,ERR,ERR,ERR,ERR,ERR,ERR,ERR,ERR,ERR,ERR,ERR,ERR,ERR,ERR,ERR,ERR,ERR,ERR,ERR,ERR,ERR,ERR,ERR,ERR,ERR,ERR,ERR,ERR,ERR,ERR,ERR,ERR,ERR,ERR,ERR,ERR,ERR,ERR,ERR,ERR,ERR,ERR,ERR,ERR,ERR,ERR,ERR,ERR,ERR,ERR,ERR,ERR,ERR,ERR,ERR,ERR,ERR,ERR,ERR,ERR,ERR,ERR,ERR,ERR,ERR,ERR,ERR,ERR,ERR,ERR,ERR,ERR,ERR,ERR,0.0,0.0,0.0,0.0,0.0,1.3936040501711995e+18,7.805,0.0,0,0,4,0,7116,0.0,100,0.0,0.0,0.0,0.0,0.0,0,0,0,0,0.0,0,0,0,0,0,0,0,0,0,0,0,0,0,0,0,0,0,0,0,0,0,0,0,0,0,0,0,0,0,0,0,0,0,31,40,40,71,65476,0,300,0,0,8,21553,0.0,-107605600.0,0.0,0.0,0.0,0.0,0.0,0.0,0.0,0.0,0.0,0.0,0.0,0.0,0.0,0.0,0.0,0.0,0.0,0.0,0.0,0.0,-2.004,-0.0,-0.0,-2.004,0.0,0.0,0.0,0.0,6319.0,-8608224256.0,6938.0,0.0,0.0,2.7184303811560617e+23,0.0,0.0,0.0,0.0,0.0,69,0.0,0.0,0.0,0.0,0.0,0.0,0.0,0.0,0.0,0,0,0,0.0,0.0,0.0,0.0,0.0,0.0,0.0,0.0,0.0,0.0,0.0,0.0,0.0,0.0,0.0,0.0,0,-107875648.0,69,0.0,138,0.0,0.0,0,13107,17040,13107,17049,13107,17043,0,0,0,70,68,100,2.7302359370752657e+23,71.1,0.0,74.2,2.7302370179391762e+23,74.0,1,49,50,180,0,52429,0,0,0.0,0.0,0.0,0.0,-0.0,67.0,0.0,162057.094,0.0,750,0,739,0,0,0,721,0,766,0,736,0,742,0,741,0,712,0,7520,0.032,79456894976.0,0.0,0.0,784,16797,-0.0,162057.094,-114818.039,-0.0,0.133,6.909358625270745e+28,30.0,65.0,35,0.0,0.0,0.0,0.0,0.0,0.0,0.0,0.0,0.0,0.0,0.0,0.0,0.0,0.0,0.0,0.0,69.2,0,150,71,54,65476,0,300,0,1,8,20529,65476,0,0,40632,65.0,0.0,0.0,0.0,0.0,0.0
2026-09-04T20:37:24,ERR,ERR,ERR,ERR,ERR,ERR,ERR,ERR,ERR,ERR,ERR,ERR,ERR,ERR,ERR,ERR,ERR,ERR,ERR,ERR,ERR,ERR,ERR,ERR,ERR,ERR,ERR,ERR,ERR,ERR,ERR,ERR,ERR,ERR,ERR,ERR,ERR,ERR,ERR,ERR,ERR,ERR,ERR,ERR,ERR,ERR,ERR,ERR,ERR,ERR,ERR,ERR,ERR,ERR,ERR,ERR,ERR,ERR,ERR,ERR,ERR,ERR,ERR,ERR,ERR,ERR,ERR,ERR,ERR,ERR,ERR,ERR,ERR,ERR,ERR,ERR,ERR,ERR,ERR,ERR,ERR,ERR,ERR,ERR,ERR,ERR,ERR,ERR,ERR,ERR,ERR,ERR,ERR,ERR,ERR,ERR,ERR,ERR,ERR,ERR,ERR,ERR,ERR,ERR,ERR,ERR,ERR,ERR,ERR,ERR,ERR,ERR,ERR,ERR,ERR,ERR,ERR,ERR,ERR,ERR,ERR,ERR,ERR,ERR,ERR,0.0,0.0,0.0,0.0,0.0,1.3936040501711995e+18,7.805,0.0,0,0,4,0,7116,0.0,100,0.0,0.0,0.0,0.0,0.0,0,0,0,0,0.0,0,0,0,0,0,0,0,0,0,0,0,0,0,0,0,0,0,0,0,0,0,0,0,0,0,0,0,0,0,0,0,0,0,31,40,40,71,65476,0,300,0,0,8,21553,0.0,-107605600.0,0.0,0.0,0.0,0.0,0.0,0.0,0.0,0.0,0.0,0.0,0.0,0.0,0.0,0.0,0.0,0.0,0.0,0.0,0.0,0.0,-2.004,-0.0,-0.0,-2.004,0.0,0.0,0.0,0.0,6279.0,-8608223232.0,6938.0,0.0,0.0,2.7184303811560617e+23,0.0,0.0,0.0,0.0,0.0,69,-4.950431305880601e+32,-71.63,0.0,0.0,0.0,0.0,0.0,0.0,0.0,0,0,0,0.0,0.0,0.0,0.0,0.0,0.0,0.0,0.0,0.0,0.0,0.0,0.0,0.0,0.0,0.0,0.0,0,-107875648.0,69,0.0,138,0.0,0.0,0,13107,17040,13107,17049,13107,17043,0,0,0,70,68,100,2.7302359370752657e+23,71.1,0.0,74.2,2.7302370179391762e+23,74.0,1,49,50,180,0,52429,0,0,0.0,0.0,0.0,0.0,-0.0,67.0,0.0,162057.094,0.0,750,0,739,0,0,0,721,0,766,0,736,0,742,0,741,0,712,0,7520,0.032,79456894976.0,0.0,0.0,784,16797,-0.0,162057.094,-114818.039,-0.0,0.133,6.909358625270745e+28,30.0,65.0,35,0.0,0.0,0.0,0.0,0.0,0.0,0.0,0.0,0.0,0.0,0.0,0.0,0.0,0.0,0.0,0.0,69.2,0,150,71,54,65476,0,300,0,1,8,20529,65476,0,0,40632,65.0,0.0,0.0,0.0,0.0,0.0
2026-09-04T20:37:25,ERR,ERR,ERR,ERR,ERR,ERR,ERR,ERR,ERR,ERR,ERR,ERR,ERR,ERR,ERR,ERR,ERR,ERR,ERR,ERR,ERR,ERR,ERR,ERR,ERR,ERR,ERR,ERR,ERR,ERR,ERR,ERR,ERR,ERR,ERR,ERR,ERR,ERR,ERR,ERR,ERR,ERR,ERR,ERR,ERR,ERR,ERR,ERR,ERR,ERR,ERR,ERR,ERR,ERR,ERR,ERR,ERR,ERR,ERR,ERR,ERR,ERR,ERR,ERR,ERR,ERR,ERR,ERR,ERR,ERR,ERR,ERR,ERR,ERR,ERR,ERR,ERR,ERR,ERR,ERR,ERR,ERR,ERR,ERR,ERR,ERR,ERR,ERR,ERR,ERR,ERR,ERR,ERR,ERR,ERR,ERR,ERR,ERR,ERR,ERR,ERR,ERR,ERR,ERR,ERR,ERR,ERR,ERR,ERR,ERR,ERR,ERR,ERR,ERR,ERR,ERR,ERR,ERR,ERR,ERR,ERR,ERR,ERR,ERR,ERR,0.0,0.0,0.0,0.0,0.0,1.3936040501711995e+18,7.805,0.0,0,0,4,0,7116,0.0,100,0.0,0.0,0.0,0.0,0.0,0,0,0,0,0.0,0,0,0,0,0,0,0,0,0,0,0,0,0,0,0,0,0,0,0,0,0,0,0,0,0,0,0,0,0,0,0,0,0,31,40,40,71,65476,0,300,0,0,8,21553,0.0,-107605600.0,0.0,0.0,0.0,0.0,0.0,0.0,0.0,0.0,0.0,0.0,0.0,0.0,0.0,0.0,0.0,0.0,0.0,0.0,0.0,0.0,-2.004,-0.0,-0.0,-2.004,0.0,0.0,0.0,0.0,6279.0,-8608223232.0,6938.0,0.0,0.0,2.7184303811560617e+23,0.0,0.0,0.0,0.0,0.0,69,-4.950431305880601e+32,-71.63,0.0,0.0,0.0,0.0,0.0,0.0,0.0,0,0,0,0.0,0.0,0.0,0.0,0.0,0.0,0.0,0.0,0.0,0.0,0.0,0.0,0.0,0.0,0.0,0.0,0,-107875648.0,69,0.0,138,0.0,0.0,0,13107,17040,13107,17049,13107,17043,0,0,0,70,68,100,2.7302359370752657e+23,71.1,0.0,74.2,2.7302370179391762e+23,74.0,1,49,50,180,0,52429,0,0,0.0,0.0,0.0,0.0,-0.0,67.0,0.0,162057.094,0.0,750,0,739,0,0,0,721,0,766,0,736,0,742,0,741,0,712,0,7520,0.032,79456894976.0,0.0,0.0,784,16797,-0.0,162057.094,-114818.039,-0.0,0.133,6.909358625270745e+28,30.0,65.0,35,0.0,0.0,0.0,0.0,0.0,0.0,0.0,0.0,0.0,0.0,0.0,0.0,0.0,0.0,0.0,0.0,69.2,0,150,71,54,65476,0,300,0,1,8,20529,65476,0,0,40632,65.0,0.0,0.0,0.0,0.0,0.0
2026-09-04T20:37:26,ERR,ERR,ERR,ERR,ERR,ERR,ERR,ERR,ERR,ERR,ERR,ERR,ERR,ERR,ERR,ERR,ERR,ERR,ERR,ERR,ERR,ERR,ERR,ERR,ERR,ERR,ERR,ERR,ERR,ERR,ERR,ERR,ERR,ERR,ERR,ERR,ERR,ERR,ERR,ERR,ERR,ERR,ERR,ERR,ERR,ERR,ERR,ERR,ERR,ERR,ERR,ERR,ERR,ERR,ERR,ERR,ERR,ERR,ERR,ERR,ERR,ERR,ERR,ERR,ERR,ERR,ERR,ERR,ERR,ERR,ERR,ERR,ERR,ERR,ERR,ERR,ERR,ERR,ERR,ERR,ERR,ERR,ERR,ERR,ERR,ERR,ERR,ERR,ERR,ERR,ERR,ERR,ERR,ERR,ERR,ERR,ERR,ERR,ERR,ERR,ERR,ERR,ERR,ERR,ERR,ERR,ERR,ERR,ERR,ERR,ERR,ERR,ERR,ERR,ERR,ERR,ERR,ERR,ERR,ERR,ERR,ERR,ERR,ERR,ERR,0.0,0.0,0.0,0.0,0.0,1.3936040501711995e+18,7.805,0.0,0,0,4,0,7116,0.0,100,0.0,0.0,0.0,0.0,0.0,0,0,0,0,0.0,0,0,0,0,0,0,0,0,0,0,0,0,0,0,0,0,0,0,0,0,0,0,0,0,0,0,0,0,0,0,0,0,0,31,40,40,71,65476,0,300,0,0,8,21553,0.0,-107605600.0,0.0,0.0,0.0,0.0,0.0,0.0,0.0,0.0,0.0,0.0,0.0,0.0,0.0,0.0,0.0,0.0,0.0,0.0,0.0,0.0,-2.004,-0.0,-0.0,-2.004,0.0,0.0,0.0,0.0,6279.0,-8608223232.0,6938.0,0.0,0.0,2.7184303811560617e+23,0.0,0.0,0.0,0.0,0.0,69,-4.950431305880601e+32,-71.63,0.0,0.0,0.0,0.0,0.0,0.0,0.0,0,0,0,0.0,0.0,0.0,0.0,0.0,0.0,0.0,0.0,0.0,0.0,0.0,0.0,0.0,0.0,0.0,0.0,0,-107875648.0,69,0.0,138,0.0,0.0,0,13107,17040,13107,17049,13107,17043,0,0,0,70,68,100,2.7302359370752657e+23,71.1,0.0,74.2,2.7302370179391762e+23,74.0,1,49,50,180,0,52429,0,0,0.0,0.0,0.0,0.0,-0.0,67.0,0.0,162057.094,0.0,750,0,739,0,0,0,721,0,766,0,736,0,742,0,741,0,712,0,7520,0.032,79456894976.0,0.0,0.0,784,16797,-0.0,162057.094,-114818.039,-0.0,0.133,6.909358625270745e+28,30.0,65.0,35,0.0,0.0,0.0,0.0,0.0,0.0,0.0,0.0,0.0,0.0,0.0,0.0,0.0,0.0,0.0,0.0,69.2,0,150,71,54,65476,0,300,0,1,8,20529,65476,0,0,40632,65.0,0.0,0.0,0.0,0.0,0.0
2026-09-04T20:37:27,ERR,ERR,ERR,ERR,ERR,ERR,ERR,ERR,ERR,ERR,ERR,ERR,ERR,ERR,ERR,ERR,ERR,ERR,ERR,ERR,ERR,ERR,ERR,ERR,ERR,ERR,ERR,ERR,ERR,ERR,ERR,ERR,ERR,ERR,ERR,ERR,ERR,ERR,ERR,ERR,ERR,ERR,ERR,ERR,ERR,ERR,ERR,ERR,ERR,ERR,ERR,ERR,ERR,ERR,ERR,ERR,ERR,ERR,ERR,ERR,ERR,ERR,ERR,ERR,ERR,ERR,ERR,ERR,ERR,ERR,ERR,ERR,ERR,ERR,ERR,ERR,ERR,ERR,ERR,ERR,ERR,ERR,ERR,ERR,ERR,ERR,ERR,ERR,ERR,ERR,ERR,ERR,ERR,ERR,ERR,ERR,ERR,ERR,ERR,ERR,ERR,ERR,ERR,ERR,ERR,ERR,ERR,ERR,ERR,ERR,ERR,ERR,ERR,ERR,ERR,ERR,ERR,ERR,ERR,ERR,ERR,ERR,ERR,ERR,ERR,0.0,0.0,0.0,0.0,0.0,1.3936040501711995e+18,7.805,0.0,0,0,4,0,7116,0.0,100,0.0,0.0,0.0,0.0,0.0,0,0,0,0,0.0,0,0,0,0,0,0,0,0,0,0,0,0,0,0,0,0,0,0,0,0,0,0,0,0,0,0,0,0,0,0,0,0,0,31,40,40,71,65476,0,300,0,0,8,21553,0.0,-107605600.0,0.0,0.0,0.0,0.0,0.0,0.0,0.0,0.0,0.0,0.0,0.0,0.0,0.0,0.0,0.0,0.0,0.0,0.0,0.0,0.0,-2.004,-0.0,-0.0,-2.004,0.0,0.0,0.0,0.0,6279.0,-8608223232.0,6938.0,0.0,0.0,2.7184303811560617e+23,0.0,0.0,0.0,0.0,0.0,69,-4.950431305880601e+32,-71.63,0.0,0.0,0.0,0.0,0.0,0.0,0.0,0,0,0,0.0,0.0,0.0,0.0,0.0,0.0,0.0,0.0,0.0,0.0,0.0,0.0,0.0,0.0,0.0,0.0,0,-107875648.0,69,0.0,138,0.0,0.0,0,13107,17040,13107,17049,13107,17043,0,0,0,70,68,100,2.7302359370752657e+23,71.1,0.0,74.2,2.7302370179391762e+23,74.0,1,49,50,180,0,52429,0,0,0.0,0.0,0.0,0.0,-0.0,67.0,0.0,162057.094,0.0,750,0,739,0,0,0,721,0,766,0,736,0,742,0,741,0,712,0,7520,0.032,79456894976.0,0.0,0.0,784,16797,-0.0,162057.094,-114818.039,-0.0,0.133,6.909358625270745e+28,30.0,65.0,35,0.0,0.0,0.0,0.0,0.0,0.0,0.0,0.0,0.0,0.0,0.0,0.0,0.0,0.0,0.0,0.0,69.2,0,150,71,54,65476,0,300,0,1,8,20529,65476,0,0,40632,65.0,0.0,0.0,0.0,0.0,0.0
2026-09-04T20:37:28,ERR,ERR,ERR,ERR,ERR,ERR,ERR,ERR,ERR,ERR,ERR,ERR,ERR,ERR,ERR,ERR,ERR,ERR,ERR,ERR,ERR,ERR,ERR,ERR,ERR,ERR,ERR,ERR,ERR,ERR,ERR,ERR,ERR,ERR,ERR,ERR,ERR,ERR,ERR,ERR,ERR,ERR,ERR,ERR,ERR,ERR,ERR,ERR,ERR,ERR,ERR,ERR,ERR,ERR,ERR,ERR,ERR,ERR,ERR,ERR,ERR,ERR,ERR,ERR,ERR,ERR,ERR,ERR,ERR,ERR,ERR,ERR,ERR,ERR,ERR,ERR,ERR,ERR,ERR,ERR,ERR,ERR,ERR,ERR,ERR,ERR,ERR,ERR,ERR,ERR,ERR,ERR,ERR,ERR,ERR,ERR,ERR,ERR,ERR,ERR,ERR,ERR,ERR,ERR,ERR,ERR,ERR,ERR,ERR,ERR,ERR,ERR,ERR,ERR,ERR,ERR,ERR,ERR,ERR,ERR,ERR,ERR,ERR,ERR,ERR,0.0,0.0,0.0,0.0,0.0,1.3936040501711995e+18,7.805,0.0,0,0,4,0,7116,0.0,100,0.0,0.0,0.0,0.0,0.0,0,0,0,0,0.0,0,0,0,0,0,0,0,0,0,0,0,0,0,0,0,0,0,0,0,0,0,0,0,0,0,0,0,0,0,0,0,0,0,31,40,40,71,65476,0,300,0,0,8,21553,0.0,-107605600.0,0.0,0.0,0.0,0.0,0.0,0.0,0.0,0.0,0.0,0.0,0.0,0.0,0.0,0.0,0.0,0.0,0.0,0.0,0.0,0.0,-2.004,-0.0,-0.0,-2.004,0.0,0.0,0.0,0.0,6279.0,-8608223232.0,6938.0,0.0,0.0,2.7184303811560617e+23,0.0,0.0,0.0,0.0,0.0,69,-4.950431305880601e+32,-71.63,0.0,0.0,0.0,0.0,0.0,0.0,0.0,0,0,0,0.0,0.0,0.0,0.0,0.0,0.0,0.0,0.0,0.0,0.0,0.0,0.0,0.0,0.0,0.0,0.0,0,-107875648.0,69,0.0,138,0.0,0.0,0,13107,17040,13107,17049,13107,17043,0,0,0,70,68,100,2.7302359370752657e+23,71.1,0.0,74.2,2.7302370179391762e+23,74.0,1,49,50,180,0,52429,0,0,0.0,0.0,0.0,0.0,-0.0,67.0,0.0,162057.094,0.0,750,0,739,0,0,0,721,0,766,0,736,0,742,0,741,0,712,0,7520,0.032,79456894976.0,0.0,0.0,784,16797,-0.0,162057.094,-114818.039,-0.0,0.133,6.909358625270745e+28,30.0,65.0,35,0.0,0.0,0.0,0.0,0.0,0.0,0.0,0.0,0.0,0.0,0.0,0.0,0.0,0.0,0.0,0.0,69.2,0,150,71,55,65476,0,300,0,1,8,20529,65476,0,0,40632,65.0,0.0,0.0,0.0,0.0,0.0
2026-09-04T20:37:29,ERR,ERR,ERR,ERR,ERR,ERR,ERR,ERR,ERR,ERR,ERR,ERR,ERR,ERR,ERR,ERR,ERR,ERR,ERR,ERR,ERR,ERR,ERR,ERR,ERR,ERR,ERR,ERR,ERR,ERR,ERR,ERR,ERR,ERR,ERR,ERR,ERR,ERR,ERR,ERR,ERR,ERR,ERR,ERR,ERR,ERR,ERR,ERR,ERR,ERR,ERR,ERR,ERR,ERR,ERR,ERR,ERR,ERR,ERR,ERR,ERR,ERR,ERR,ERR,ERR,ERR,ERR,ERR,ERR,ERR,ERR,ERR,ERR,ERR,ERR,ERR,ERR,ERR,ERR,ERR,ERR,ERR,ERR,ERR,ERR,ERR,ERR,ERR,ERR,ERR,ERR,ERR,ERR,ERR,ERR,ERR,ERR,ERR,ERR,ERR,ERR,ERR,ERR,ERR,ERR,ERR,ERR,ERR,ERR,ERR,ERR,ERR,ERR,ERR,ERR,ERR,ERR,ERR,ERR,ERR,ERR,ERR,ERR,ERR,ERR,0.0,0.0,0.0,0.0,0.0,1.3936040501711995e+18,7.805,0.0,0,0,4,0,7116,0.0,100,0.0,0.0,0.0,0.0,0.0,0,0,0,0,0.0,0,0,0,0,0,0,0,0,0,0,0,0,0,0,0,0,0,0,0,0,0,0,0,0,0,0,0,0,0,0,0,0,0,31,40,40,71,65476,0,300,0,0,8,21553,0.0,-107605600.0,0.0,0.0,0.0,0.0,0.0,0.0,0.0,0.0,0.0,0.0,0.0,0.0,0.0,0.0,0.0,0.0,0.0,0.0,0.0,0.0,-2.004,-0.0,-0.0,-2.004,0.0,0.0,0.0,0.0,6279.0,-8608223232.0,6938.0,0.0,0.0,2.7184303811560617e+23,0.0,0.0,0.0,0.0,0.0,69,-4.950431305880601e+32,-71.63,0.0,0.0,0.0,0.0,0.0,0.0,0.0,0,0,0,0.0,0.0,0.0,0.0,0.0,0.0,0.0,0.0,0.0,0.0,0.0,0.0,0.0,0.0,0.0,0.0,0,-107875648.0,69,0.0,138,0.0,0.0,0,13107,17040,13107,17049,13107,17043,0,0,0,70,68,100,2.7302359370752657e+23,71.2,2.7302370179391762e+23,74.2,2.7302370179391762e+23,74.0,1,49,50,180,0,52429,0,0,0.0,0.0,0.0,0.0,-0.0,67.0,0.0,162057.094,0.0,750,0,739,0,0,0,721,0,766,0,736,0,742,0,741,0,712,0,7520,0.032,78920024064.0,0.0,0.0,784,16797,-0.0,162057.094,-114818.039,-0.0,0.133,6.909358625270745e+28,30.0,65.0,35,0.0,0.0,0.0,0.0,0.0,0.0,0.0,0.0,0.0,0.0,0.0,0.0,0.0,0.0,0.0,0.0,69.2,0,150,71,55,65476,0,300,0,1,8,20529,65476,0,0,40632,65.0,0.0,0.0,0.0,0.0,0.0
2026-09-04T20:37:30,ERR,ERR,ERR,ERR,ERR,ERR,ERR,ERR,ERR,ERR,ERR,ERR,ERR,ERR,ERR,ERR,ERR,ERR,ERR,ERR,ERR,ERR,ERR,ERR,ERR,ERR,ERR,ERR,ERR,ERR,ERR,ERR,ERR,ERR,ERR,ERR,ERR,ERR,ERR,ERR,ERR,ERR,ERR,ERR,ERR,ERR,ERR,ERR,ERR,ERR,ERR,ERR,ERR,ERR,ERR,ERR,ERR,ERR,ERR,ERR,ERR,ERR,ERR,ERR,ERR,ERR,ERR,ERR,ERR,ERR,ERR,ERR,ERR,ERR,ERR,ERR,ERR,ERR,ERR,ERR,ERR,ERR,ERR,ERR,ERR,ERR,ERR,ERR,ERR,ERR,ERR,ERR,ERR,ERR,ERR,ERR,ERR,ERR,ERR,ERR,ERR,ERR,ERR,ERR,ERR,ERR,ERR,ERR,ERR,ERR,ERR,ERR,ERR,ERR,ERR,ERR,ERR,ERR,ERR,ERR,ERR,ERR,ERR,ERR,ERR,0.0,0.0,0.0,0.0,0.0,1.3936040501711995e+18,7.805,0.0,0,0,4,0,7116,0.0,100,0.0,0.0,0.0,0.0,0.0,0,0,0,0,0.0,0,0,0,0,0,0,0,0,0,0,0,0,0,0,0,0,0,0,0,0,0,0,0,0,0,0,0,0,0,0,0,0,0,31,40,40,71,65476,0,300,0,0,8,21553,0.0,-107605600.0,0.0,0.0,0.0,0.0,0.0,0.0,0.0,0.0,0.0,0.0,0.0,0.0,0.0,0.0,0.0,0.0,0.0,0.0,0.0,0.0,-2.004,-0.0,-0.0,-2.004,0.0,0.0,0.0,0.0,6279.0,-8608223232.0,6938.0,0.0,0.0,2.7184303811560617e+23,0.0,0.0,0.0,0.0,0.0,69,-4.950431305880601e+32,-71.63,0.0,0.0,0.0,0.0,0.0,0.0,0.0,0,0,0,0.0,0.0,0.0,0.0,0.0,0.0,0.0,0.0,0.0,0.0,0.0,0.0,0.0,0.0,0.0,0.0,0,-107875648.0,69,0.0,138,0.0,0.0,0,13107,17040,13107,17049,13107,17043,0,0,0,70,68,100,2.7302359370752657e+23,71.2,2.7302370179391762e+23,74.2,2.7302370179391762e+23,74.0,1,49,50,180,0,52429,0,0,0.0,0.0,0.0,0.0,-0.0,67.0,0.0,162057.094,0.0,750,0,739,0,0,0,721,0,766,0,736,0,742,0,741,0,712,0,7520,0.032,78920024064.0,0.0,0.0,784,16797,-0.0,162057.094,-114818.039,-0.0,0.133,6.909358625270745e+28,30.0,65.0,35,0.0,0.0,0.0,0.0,0.0,0.0,0.0,0.0,0.0,0.0,0.0,0.0,0.0,0.0,0.0,0.0,69.2,0,150,71,55,65476,0,300,0,1,8,20529,65476,0,0,40632,65.0,0.0,0.0,0.0,0.0,0.0
2026-09-04T20:37:31,ERR,ERR,ERR,ERR,ERR,ERR,ERR,ERR,ERR,ERR,ERR,ERR,ERR,ERR,ERR,ERR,ERR,ERR,ERR,ERR,ERR,ERR,ERR,ERR,ERR,ERR,ERR,ERR,ERR,ERR,ERR,ERR,ERR,ERR,ERR,ERR,ERR,ERR,ERR,ERR,ERR,ERR,ERR,ERR,ERR,ERR,ERR,ERR,ERR,ERR,ERR,ERR,ERR,ERR,ERR,ERR,ERR,ERR,ERR,ERR,ERR,ERR,ERR,ERR,ERR,ERR,ERR,ERR,ERR,ERR,ERR,ERR,ERR,ERR,ERR,ERR,ERR,ERR,ERR,ERR,ERR,ERR,ERR,ERR,ERR,ERR,ERR,ERR,ERR,ERR,ERR,ERR,ERR,ERR,ERR,ERR,ERR,ERR,ERR,ERR,ERR,ERR,ERR,ERR,ERR,ERR,ERR,ERR,ERR,ERR,ERR,ERR,ERR,ERR,ERR,ERR,ERR,ERR,ERR,ERR,ERR,ERR,ERR,ERR,ERR,0.0,0.0,0.0,0.0,0.0,1.3936040501711995e+18,7.805,0.0,0,0,4,0,7116,0.0,100,0.0,0.0,0.0,0.0,0.0,0,0,0,0,0.0,0,0,0,0,0,0,0,0,0,0,0,0,0,0,0,0,0,0,0,0,0,0,0,0,0,0,0,0,0,0,0,0,0,31,40,40,71,65476,0,300,0,0,8,21553,0.0,-107605600.0,0.0,0.0,0.0,0.0,0.0,0.0,0.0,0.0,0.0,0.0,0.0,0.0,0.0,0.0,0.0,0.0,0.0,0.0,0.0,0.0,-2.004,-0.0,-0.0,-2.004,0.0,0.0,0.0,0.0,6279.0,-8608223232.0,6938.0,0.0,0.0,2.7184303811560617e+23,0.0,0.0,0.0,0.0,0.0,69,-4.950431305880601e+32,-71.63,0.0,0.0,0.0,0.0,0.0,0.0,0.0,0,0,0,0.0,0.0,0.0,0.0,0.0,0.0,0.0,0.0,0.0,0.0,0.0,0.0,0.0,0.0,0.0,0.0,0,-107875648.0,69,0.0,138,0.0,0.0,0,13107,17040,13107,17049,13107,17043,0,0,0,70,68,100,2.7302359370752657e+23,71.2,2.7302370179391762e+23,74.2,2.7302370179391762e+23,74.0,1,49,50,180,0,52429,0,0,0.0,0.0,0.0,0.0,-0.0,67.0,0.0,162057.094,0.0,750,0,739,0,0,0,721,0,766,0,736,0,742,0,741,0,712,0,7520,0.032,78920024064.0,0.0,0.0,784,16797,-0.0,162057.094,-114818.039,-0.0,0.133,6.909358625270745e+28,30.0,65.0,35,0.0,0.0,0.0,0.0,0.0,0.0,0.0,0.0,0.0,0.0,0.0,0.0,0.0,0.0,0.0,0.0,69.6,0,150,71,54,65476,0,300,0,1,8,20529,65476,0,0,40632,65.0,0.0,0.0,0.0,0.0,0.0
2026-09-04T20:37:32,ERR,ERR,ERR,ERR,ERR,ERR,ERR,ERR,ERR,ERR,ERR,ERR,ERR,ERR,ERR,ERR,ERR,ERR,ERR,ERR,ERR,ERR,ERR,ERR,ERR,ERR,ERR,ERR,ERR,ERR,ERR,ERR,ERR,ERR,ERR,ERR,ERR,ERR,ERR,ERR,ERR,ERR,ERR,ERR,ERR,ERR,ERR,ERR,ERR,ERR,ERR,ERR,ERR,ERR,ERR,ERR,ERR,ERR,ERR,ERR,ERR,ERR,ERR,ERR,ERR,ERR,ERR,ERR,ERR,ERR,ERR,ERR,ERR,ERR,ERR,ERR,ERR,ERR,ERR,ERR,ERR,ERR,ERR,ERR,ERR,ERR,ERR,ERR,ERR,ERR,ERR,ERR,ERR,ERR,ERR,ERR,ERR,ERR,ERR,ERR,ERR,ERR,ERR,ERR,ERR,ERR,ERR,ERR,ERR,ERR,ERR,ERR,ERR,ERR,ERR,ERR,ERR,ERR,ERR,ERR,ERR,ERR,ERR,ERR,ERR,0.0,0.0,0.0,0.0,0.0,1.3936040501711995e+18,7.805,0.0,0,0,4,0,7116,0.0,100,0.0,0.0,0.0,0.0,0.0,0,0,0,0,0.0,0,0,0,0,0,0,0,0,0,0,0,0,0,0,0,0,0,0,0,0,0,0,0,0,0,0,0,0,0,0,0,0,0,31,40,40,71,65476,0,300,0,0,8,21553,0.0,-107605600.0,0.0,0.0,0.0,0.0,0.0,0.0,0.0,0.0,0.0,0.0,0.0,0.0,0.0,0.0,0.0,0.0,0.0,0.0,0.0,0.0,-2.004,-0.0,-0.0,-2.004,0.0,0.0,0.0,0.0,6285.0,1.0406703326171292e+34,6927.0,0.0,0.0,2.7184303811560617e+23,0.0,0.0,0.0,0.0,0.0,69,0.0,-0.0,0.0,0.0,0.0,0.0,0.0,0.0,0.0,0,0,0,0.0,0.0,0.0,0.0,0.0,0.0,0.0,0.0,0.0,0.0,0.0,0.0,0.0,0.0,0.0,0.0,0,-107875648.0,69,0.0,138,0.0,0.0,0,13107,17040,13107,17049,13107,17043,0,0,0,70,68,100,2.7302359370752657e+23,71.2,2.7302370179391762e+23,74.2,2.7302370179391762e+23,74.0,1,49,50,180,0,52429,0,0,0.0,0.0,0.0,0.0,-0.0,67.0,0.0,162057.094,0.0,750,0,739,0,0,0,721,0,766,0,736,0,742,0,741,0,712,0,7520,0.032,78920024064.0,0.0,0.0,784,16797,-0.0,162057.094,-114818.039,-0.0,0.133,6.909358625270745e+28,30.0,65.0,35,0.0,0.0,0.0,0.0,0.0,0.0,0.0,0.0,0.0,0.0,0.0,0.0,0.0,0.0,0.0,0.0,69.6,0,150,71,54,65476,0,300,0,1,8,20529,65476,0,0,40632,65.0,0.0,0.0,0.0,0.0,0.0
2026-09-04T20:37:33,ERR,ERR,ERR,ERR,ERR,ERR,ERR,ERR,ERR,ERR,ERR,ERR,ERR,ERR,ERR,ERR,ERR,ERR,ERR,ERR,ERR,ERR,ERR,ERR,ERR,ERR,ERR,ERR,ERR,ERR,ERR,ERR,ERR,ERR,ERR,ERR,ERR,ERR,ERR,ERR,ERR,ERR,ERR,ERR,ERR,ERR,ERR,ERR,ERR,ERR,ERR,ERR,ERR,ERR,ERR,ERR,ERR,ERR,ERR,ERR,ERR,ERR,ERR,ERR,ERR,ERR,ERR,ERR,ERR,ERR,ERR,ERR,ERR,ERR,ERR,ERR,ERR,ERR,ERR,ERR,ERR,ERR,ERR,ERR,ERR,ERR,ERR,ERR,ERR,ERR,ERR,ERR,ERR,ERR,ERR,ERR,ERR,ERR,ERR,ERR,ERR,ERR,ERR,ERR,ERR,ERR,ERR,ERR,ERR,ERR,ERR,ERR,ERR,ERR,ERR,ERR,ERR,ERR,ERR,ERR,ERR,ERR,ERR,ERR,ERR,0.0,0.0,0.0,0.0,0.0,1.3936040501711995e+18,7.805,0.0,0,0,4,0,7116,0.0,100,0.0,0.0,0.0,0.0,0.0,0,0,0,0,0.0,0,0,0,0,0,0,0,0,0,0,0,0,0,0,0,0,0,0,0,0,0,0,0,0,0,0,0,0,0,0,0,0,0,31,40,40,71,65476,0,300,0,0,8,21553,0.0,-107605600.0,0.0,0.0,0.0,0.0,0.0,0.0,0.0,0.0,0.0,0.0,0.0,0.0,0.0,0.0,0.0,0.0,0.0,0.0,0.0,0.0,-2.004,-0.0,-0.0,-2.004,0.0,0.0,0.0,0.0,6285.0,1.0406703326171292e+34,6927.0,0.0,0.0,2.7184303811560617e+23,0.0,0.0,0.0,0.0,0.0,69,0.0,-0.0,0.0,0.0,0.0,0.0,0.0,0.0,0.0,0,0,0,0.0,0.0,0.0,0.0,0.0,0.0,0.0,0.0,0.0,0.0,0.0,0.0,0.0,0.0,0.0,0.0,0,-107875648.0,69,0.0,138,0.0,0.0,0,13107,17040,13107,17049,13107,17043,0,0,0,70,68,100,2.7302359370752657e+23,71.2,2.7302370179391762e+23,74.2,2.7302370179391762e+23,74.0,1,49,50,180,0,52429,0,0,0.0,0.0,0.0,0.0,-0.0,67.0,0.0,162057.094,0.0,750,0,739,0,0,0,721,0,766,0,736,0,742,0,741,0,712,0,7520,0.032,78920024064.0,0.0,0.0,784,16797,-0.0,162057.094,-114818.039,-0.0,0.133,6.909358625270745e+28,30.0,65.0,35,0.0,0.0,0.0,0.0,0.0,0.0,0.0,0.0,0.0,0.0,0.0,0.0,0.0,0.0,0.0,0.0,69.2,0,150,71,54,65476,0,300,0,1,8,20529,65476,0,0,40632,65.0,0.0,0.0,0.0,0.0,0.0
2026-09-04T20:37:34,ERR,ERR,ERR,ERR,ERR,ERR,ERR,ERR,ERR,ERR,ERR,ERR,ERR,ERR,ERR,ERR,ERR,ERR,ERR,ERR,ERR,ERR,ERR,ERR,ERR,ERR,ERR,ERR,ERR,ERR,ERR,ERR,ERR,ERR,ERR,ERR,ERR,ERR,ERR,ERR,ERR,ERR,ERR,ERR,ERR,ERR,ERR,ERR,ERR,ERR,ERR,ERR,ERR,ERR,ERR,ERR,ERR,ERR,ERR,ERR,ERR,ERR,ERR,ERR,ERR,ERR,ERR,ERR,ERR,ERR,ERR,ERR,ERR,ERR,ERR,ERR,ERR,ERR,ERR,ERR,ERR,ERR,ERR,ERR,ERR,ERR,ERR,ERR,ERR,ERR,ERR,ERR,ERR,ERR,ERR,ERR,ERR,ERR,ERR,ERR,ERR,ERR,ERR,ERR,ERR,ERR,ERR,ERR,ERR,ERR,ERR,ERR,ERR,ERR,ERR,ERR,ERR,ERR,ERR,ERR,ERR,ERR,ERR,ERR,ERR,0.0,0.0,0.0,0.0,0.0,1.3936040501711995e+18,7.805,0.0,0,0,4,0,7116,0.0,100,0.0,0.0,0.0,0.0,0.0,0,0,0,0,0.0,0,0,0,0,0,0,0,0,0,0,0,0,0,0,0,0,0,0,0,0,0,0,0,0,0,0,0,0,0,0,0,0,0,31,40,40,71,65476,0,300,0,0,8,21553,0.0,-107605600.0,0.0,0.0,0.0,0.0,0.0,0.0,0.0,0.0,0.0,0.0,0.0,0.0,0.0,0.0,0.0,0.0,0.0,0.0,0.0,0.0,-2.004,-0.0,-0.0,-2.004,0.0,0.0,0.0,0.0,6285.0,1.0406703326171292e+34,6927.0,0.0,0.0,2.7184303811560617e+23,0.0,0.0,0.0,0.0,0.0,69,0.0,-0.0,0.0,0.0,0.0,0.0,0.0,0.0,0.0,0,0,0,0.0,0.0,0.0,0.0,0.0,0.0,0.0,0.0,0.0,0.0,0.0,0.0,0.0,0.0,0.0,0.0,0,-107875648.0,69,0.0,138,0.0,0.0,0,13107,17040,13107,17049,13107,17043,0,0,0,70,68,100,2.7302359370752657e+23,71.1,0.0,74.2,2.7302370179391762e+23,74.0,1,49,50,180,0,52429,0,0,0.0,0.0,0.0,0.0,-0.0,67.0,0.0,162057.094,0.0,750,0,739,0,0,0,721,0,766,0,736,0,742,0,742,0,712,0,7520,0.032,79993765888.0,0.0,0.0,784,16797,-0.0,162057.094,-114818.039,-0.0,0.133,6.909358625270745e+28,30.0,65.0,35,0.0,0.0,0.0,0.0,0.0,0.0,0.0,0.0,0.0,0.0,0.0,0.0,0.0,0.0,0.0,0.0,69.2,0,150,71,54,65476,0,300,0,1,8,20529,65476,0,0,40632,65.0,0.0,0.0,0.0,0.0,0.0
2026-09-04T20:37:35,ERR,ERR,ERR,ERR,ERR,ERR,ERR,ERR,ERR,ERR,ERR,ERR,ERR,ERR,ERR,ERR,ERR,ERR,ERR,ERR,ERR,ERR,ERR,ERR,ERR,ERR,ERR,ERR,ERR,ERR,ERR,ERR,ERR,ERR,ERR,ERR,ERR,ERR,ERR,ERR,ERR,ERR,ERR,ERR,ERR,ERR,ERR,ERR,ERR,ERR,ERR,ERR,ERR,ERR,ERR,ERR,ERR,ERR,ERR,ERR,ERR,ERR,ERR,ERR,ERR,ERR,ERR,ERR,ERR,ERR,ERR,ERR,ERR,ERR,ERR,ERR,ERR,ERR,ERR,ERR,ERR,ERR,ERR,ERR,ERR,ERR,ERR,ERR,ERR,ERR,ERR,ERR,ERR,ERR,ERR,ERR,ERR,ERR,ERR,ERR,ERR,ERR,ERR,ERR,ERR,ERR,ERR,ERR,ERR,ERR,ERR,ERR,ERR,ERR,ERR,ERR,ERR,ERR,ERR,ERR,ERR,ERR,ERR,ERR,ERR,0.0,0.0,0.0,0.0,0.0,1.3936040501711995e+18,7.805,0.0,0,0,4,0,7116,0.0,100,0.0,0.0,0.0,0.0,0.0,0,0,0,0,0.0,0,0,0,0,0,0,0,0,0,0,0,0,0,0,0,0,0,0,0,0,0,0,0,0,0,0,0,0,0,0,0,0,0,31,40,40,71,65476,0,300,0,0,8,21553,0.0,-107605600.0,0.0,0.0,0.0,0.0,0.0,0.0,0.0,0.0,0.0,0.0,0.0,0.0,0.0,0.0,0.0,0.0,0.0,0.0,0.0,0.0,-2.004,-0.0,-0.0,-2.004,0.0,0.0,0.0,0.0,6285.0,1.0406703326171292e+34,6927.0,0.0,0.0,2.7184303811560617e+23,0.0,0.0,0.0,0.0,0.0,69,0.0,-0.0,0.0,0.0,0.0,0.0,0.0,0.0,0.0,0,0,0,0.0,0.0,0.0,0.0,0.0,0.0,0.0,0.0,0.0,0.0,0.0,0.0,0.0,0.0,0.0,0.0,0,-107875648.0,69,0.0,138,0.0,0.0,0,13107,17040,13107,17049,13107,17043,0,0,0,70,68,100,2.7302359370752657e+23,71.1,0.0,74.2,2.7302370179391762e+23,74.0,1,49,50,180,0,52429,0,0,0.0,0.0,0.0,0.0,-0.0,67.0,0.0,162057.094,0.0,750,0,739,0,0,0,721,0,766,0,736,0,742,0,742,0,712,0,7520,0.032,79993765888.0,0.0,0.0,784,16797,-0.0,162057.094,-114818.039,-0.0,0.133,6.909358625270745e+28,30.0,65.0,35,0.0,0.0,0.0,0.0,0.0,0.0,0.0,0.0,0.0,0.0,0.0,0.0,0.0,0.0,0.0,0.0,69.2,0,150,71,54,65476,0,300,0,1,8,20529,65476,0,0,40632,65.0,0.0,0.0,0.0,0.0,0.0
2026-09-04T20:37:36,ERR,ERR,ERR,ERR,ERR,ERR,ERR,ERR,ERR,ERR,ERR,ERR,ERR,ERR,ERR,ERR,ERR,ERR,ERR,ERR,ERR,ERR,ERR,ERR,ERR,ERR,ERR,ERR,ERR,ERR,ERR,ERR,ERR,ERR,ERR,ERR,ERR,ERR,ERR,ERR,ERR,ERR,ERR,ERR,ERR,ERR,ERR,ERR,ERR,ERR,ERR,ERR,ERR,ERR,ERR,ERR,ERR,ERR,ERR,ERR,ERR,ERR,ERR,ERR,ERR,ERR,ERR,ERR,ERR,ERR,ERR,ERR,ERR,ERR,ERR,ERR,ERR,ERR,ERR,ERR,ERR,ERR,ERR,ERR,ERR,ERR,ERR,ERR,ERR,ERR,ERR,ERR,ERR,ERR,ERR,ERR,ERR,ERR,ERR,ERR,ERR,ERR,ERR,ERR,ERR,ERR,ERR,ERR,ERR,ERR,ERR,ERR,ERR,ERR,ERR,ERR,ERR,ERR,ERR,ERR,ERR,ERR,ERR,ERR,ERR,0.0,0.0,0.0,0.0,0.0,1.3936040501711995e+18,7.805,0.0,0,0,4,0,7116,0.0,100,0.0,0.0,0.0,0.0,0.0,0,0,0,0,0.0,0,0,0,0,0,0,0,0,0,0,0,0,0,0,0,0,0,0,0,0,0,0,0,0,0,0,0,0,0,0,0,0,0,31,40,40,71,65476,0,300,0,0,8,21553,0.0,-107605600.0,0.0,0.0,0.0,0.0,0.0,0.0,0.0,0.0,0.0,0.0,0.0,0.0,0.0,0.0,0.0,0.0,0.0,0.0,0.0,0.0,-2.004,-0.0,-0.0,-2.004,0.0,0.0,0.0,0.0,6285.0,1.0406703326171292e+34,6927.0,0.0,0.0,2.7184303811560617e+23,0.0,0.0,0.0,0.0,0.0,69,0.0,-0.0,0.0,0.0,0.0,0.0,0.0,0.0,0.0,0,0,0,0.0,0.0,0.0,0.0,0.0,0.0,0.0,0.0,0.0,0.0,0.0,0.0,0.0,0.0,0.0,0.0,0,-107875648.0,69,0.0,138,0.0,0.0,0,13107,17040,13107,17049,13107,17043,0,0,0,70,68,100,2.7302359370752657e+23,71.1,0.0,74.2,2.7302370179391762e+23,74.0,1,49,50,180,0,52429,0,0,0.0,0.0,0.0,0.0,-0.0,67.0,0.0,162057.094,0.0,750,0,739,0,0,0,721,0,766,0,736,0,742,0,742,0,712,0,7520,0.032,79993765888.0,0.0,0.0,784,16797,-0.0,162057.094,-114818.039,-0.0,0.133,6.909358625270745e+28,30.0,65.0,35,0.0,0.0,0.0,0.0,0.0,0.0,0.0,0.0,0.0,0.0,0.0,0.0,0.0,0.0,0.0,0.0,69.2,0,150,71,54,65476,0,300,0,1,8,20529,65476,0,0,40632,65.0,0.0,0.0,0.0,0.0,0.0
2026-09-04T20:37:37,ERR,ERR,ERR,ERR,ERR,ERR,ERR,ERR,ERR,ERR,ERR,ERR,ERR,ERR,ERR,ERR,ERR,ERR,ERR,ERR,ERR,ERR,ERR,ERR,ERR,ERR,ERR,ERR,ERR,ERR,ERR,ERR,ERR,ERR,ERR,ERR,ERR,ERR,ERR,ERR,ERR,ERR,ERR,ERR,ERR,ERR,ERR,ERR,ERR,ERR,ERR,ERR,ERR,ERR,ERR,ERR,ERR,ERR,ERR,ERR,ERR,ERR,ERR,ERR,ERR,ERR,ERR,ERR,ERR,ERR,ERR,ERR,ERR,ERR,ERR,ERR,ERR,ERR,ERR,ERR,ERR,ERR,ERR,ERR,ERR,ERR,ERR,ERR,ERR,ERR,ERR,ERR,ERR,ERR,ERR,ERR,ERR,ERR,ERR,ERR,ERR,ERR,ERR,ERR,ERR,ERR,ERR,ERR,ERR,ERR,ERR,ERR,ERR,ERR,ERR,ERR,ERR,ERR,ERR,ERR,ERR,ERR,ERR,ERR,ERR,0.0,0.0,0.0,0.0,0.0,1.3936040501711995e+18,7.805,0.0,0,0,4,0,7116,0.0,100,0.0,0.0,0.0,0.0,0.0,0,0,0,0,0.0,0,0,0,0,0,0,0,0,0,0,0,0,0,0,0,0,0,0,0,0,0,0,0,0,0,0,0,0,0,0,0,0,0,31,40,40,71,65476,0,300,0,0,8,21553,0.0,-107605600.0,0.0,0.0,0.0,0.0,0.0,0.0,0.0,0.0,0.0,0.0,0.0,0.0,0.0,0.0,0.0,0.0,0.0,0.0,0.0,0.0,-2.004,-0.0,-0.0,-2.004,0.0,0.0,0.0,0.0,6285.0,1.0406703326171292e+34,6927.0,0.0,0.0,2.7184303811560617e+23,0.0,0.0,0.0,0.0,0.0,69,0.0,-0.0,0.0,0.0,0.0,0.0,0.0,0.0,0.0,0,0,0,0.0,0.0,0.0,0.0,0.0,0.0,0.0,0.0,0.0,0.0,0.0,0.0,0.0,0.0,0.0,0.0,0,-107875648.0,69,0.0,138,0.0,0.0,0,13107,17040,13107,17049,13107,17043,0,0,0,70,68,100,2.7302359370752657e+23,71.1,0.0,74.2,2.7302370179391762e+23,74.0,1,49,50,180,0,52429,0,0,0.0,0.0,0.0,0.0,-0.0,67.0,0.0,162057.094,0.0,750,0,739,0,0,0,721,0,766,0,736,0,742,0,742,0,712,0,7520,0.032,79993765888.0,0.0,0.0,784,16797,-0.0,162057.094,-114818.039,-0.0,0.133,6.909358625270745e+28,30.0,65.0,35,0.0,0.0,0.0,0.0,0.0,0.0,0.0,0.0,0.0,0.0,0.0,0.0,0.0,0.0,0.0,0.0,69.2,0,150,71,54,65476,0,300,0,1,8,20529,65476,0,0,40632,65.0,0.0,0.0,0.0,0.0,0.0
2026-09-04T20:37:38,ERR,ERR,ERR,ERR,ERR,ERR,ERR,ERR,ERR,ERR,ERR,ERR,ERR,ERR,ERR,ERR,ERR,ERR,ERR,ERR,ERR,ERR,ERR,ERR,ERR,ERR,ERR,ERR,ERR,ERR,ERR,ERR,ERR,ERR,ERR,ERR,ERR,ERR,ERR,ERR,ERR,ERR,ERR,ERR,ERR,ERR,ERR,ERR,ERR,ERR,ERR,ERR,ERR,ERR,ERR,ERR,ERR,ERR,ERR,ERR,ERR,ERR,ERR,ERR,ERR,ERR,ERR,ERR,ERR,ERR,ERR,ERR,ERR,ERR,ERR,ERR,ERR,ERR,ERR,ERR,ERR,ERR,ERR,ERR,ERR,ERR,ERR,ERR,ERR,ERR,ERR,ERR,ERR,ERR,ERR,ERR,ERR,ERR,ERR,ERR,ERR,ERR,ERR,ERR,ERR,ERR,ERR,ERR,ERR,ERR,ERR,ERR,ERR,ERR,ERR,ERR,ERR,ERR,ERR,ERR,ERR,ERR,ERR,ERR,ERR,0.0,0.0,0.0,0.0,0.0,1.3936040501711995e+18,7.805,0.0,0,0,4,0,7116,0.0,100,0.0,0.0,0.0,0.0,0.0,0,0,0,0,0.0,0,0,0,0,0,0,0,0,0,0,0,0,0,0,0,0,0,0,0,0,0,0,0,0,0,0,0,0,0,0,0,0,0,31,40,40,71,65476,0,300,0,0,8,21553,0.0,-107605600.0,0.0,0.0,0.0,0.0,0.0,0.0,0.0,0.0,0.0,0.0,0.0,0.0,0.0,0.0,0.0,0.0,0.0,0.0,0.0,0.0,-2.004,-0.0,-0.0,-2.004,0.0,0.0,0.0,0.0,6285.0,1.0406703326171292e+34,6927.0,0.0,0.0,2.7184303811560617e+23,0.0,0.0,0.0,0.0,0.0,69,0.0,-0.0,0.0,0.0,0.0,0.0,0.0,0.0,0.0,0,0,0,0.0,0.0,0.0,0.0,0.0,0.0,0.0,0.0,0.0,0.0,0.0,0.0,0.0,0.0,0.0,0.0,0,-107875648.0,69,0.0,138,0.0,0.0,0,13107,17040,13107,17049,13107,17043,0,0,0,70,68,100,2.7302359370752657e+23,71.1,0.0,74.2,2.7302370179391762e+23,74.0,1,49,50,180,0,52429,0,0,0.0,0.0,0.0,0.0,-0.0,67.0,0.0,162057.094,0.0,750,0,739,0,0,0,721,0,766,0,736,0,742,0,742,0,712,0,7520,0.032,79993765888.0,0.0,0.0,784,16797,-0.0,162057.094,-114818.039,-0.0,0.133,6.909358625270745e+28,30.0,65.0,35,0.0,0.0,0.0,0.0,0.0,0.0,0.0,0.0,0.0,0.0,0.0,0.0,0.0,0.0,0.0,0.0,69.2,0,150,71,54,65476,0,300,0,1,8,20529,65476,0,0,40632,65.0,0.0,0.0,0.0,0.0,0.0
2026-09-04T20:37:39,ERR,ERR,ERR,ERR,ERR,ERR,ERR,ERR,ERR,ERR,ERR,ERR,ERR,ERR,ERR,ERR,ERR,ERR,ERR,ERR,ERR,ERR,ERR,ERR,ERR,ERR,ERR,ERR,ERR,ERR,ERR,ERR,ERR,ERR,ERR,ERR,ERR,ERR,ERR,ERR,ERR,ERR,ERR,ERR,ERR,ERR,ERR,ERR,ERR,ERR,ERR,ERR,ERR,ERR,ERR,ERR,ERR,ERR,ERR,ERR,ERR,ERR,ERR,ERR,ERR,ERR,ERR,ERR,ERR,ERR,ERR,ERR,ERR,ERR,ERR,ERR,ERR,ERR,ERR,ERR,ERR,ERR,ERR,ERR,ERR,ERR,ERR,ERR,ERR,ERR,ERR,ERR,ERR,ERR,ERR,ERR,ERR,ERR,ERR,ERR,ERR,ERR,ERR,ERR,ERR,ERR,ERR,ERR,ERR,ERR,ERR,ERR,ERR,ERR,ERR,ERR,ERR,ERR,ERR,ERR,ERR,ERR,ERR,ERR,ERR,0.0,0.0,0.0,0.0,0.0,1.3936040501711995e+18,7.805,0.0,0,0,4,0,7116,0.0,100,0.0,0.0,0.0,0.0,0.0,0,0,0,0,0.0,0,0,0,0,0,0,0,0,0,0,0,0,0,0,0,0,0,0,0,0,0,0,0,0,0,0,0,0,0,0,0,0,0,31,40,40,71,65476,0,300,0,0,8,21553,0.0,-107605600.0,0.0,0.0,0.0,0.0,0.0,0.0,0.0,0.0,0.0,0.0,0.0,0.0,-2.596148429267414e+33,0.0,0.0,0.0,0.0,0.0,0.0,0.0,-2.004,-0.0,-0.0,-2.004,0.0,0.0,0.0,0.0,6282.0,0.0,6919.0,0.0,0.0,2.7184303811560617e+23,0.0,0.0,0.0,0.0,0.0,69,0.0,0.0,0.0,0.0,0.0,0.0,0.0,0.0,0.0,0,0,0,0.0,0.0,0.0,0.0,0.0,0.0,0.0,0.0,0.0,0.0,0.0,0.0,0.0,0.0,0.0,0.0,0,-107875648.0,69,0.0,138,0.0,0.0,0,13107,17040,13107,17049,13107,17043,0,0,0,70,68,100,2.7302359370752657e+23,71.1,0.0,74.2,2.7302370179391762e+23,74.0,1,49,50,180,0,52429,0,0,0.0,0.0,0.0,0.0,-0.0,67.0,0.0,162057.094,0.0,750,0,739,0,0,0,721,0,766,0,736,0,742,0,742,0,712,0,7520,0.032,79993765888.0,0.0,0.0,784,16797,-0.0,162057.094,-114818.039,-0.0,0.133,6.909358625270745e+28,30.0,65.0,35,0.0,0.0,0.0,0.0,0.0,0.0,0.0,0.0,0.0,0.0,0.0,0.0,0.0,0.0,0.0,0.0,69.2,0,150,71,54,65476,0,300,0,1,8,20529,65476,0,0,40632,65.0,0.0,0.0,0.0,0.0,0.0
2026-09-04T20:37:40,ERR,ERR,ERR,ERR,ERR,ERR,ERR,ERR,ERR,ERR,ERR,ERR,ERR,ERR,ERR,ERR,ERR,ERR,ERR,ERR,ERR,ERR,ERR,ERR,ERR,ERR,ERR,ERR,ERR,ERR,ERR,ERR,ERR,ERR,ERR,ERR,ERR,ERR,ERR,ERR,ERR,ERR,ERR,ERR,ERR,ERR,ERR,ERR,ERR,ERR,ERR,ERR,ERR,ERR,ERR,ERR,ERR,ERR,ERR,ERR,ERR,ERR,ERR,ERR,ERR,ERR,ERR,ERR,ERR,ERR,ERR,ERR,ERR,ERR,ERR,ERR,ERR,ERR,ERR,ERR,ERR,ERR,ERR,ERR,ERR,ERR,ERR,ERR,ERR,ERR,ERR,ERR,ERR,ERR,ERR,ERR,ERR,ERR,ERR,ERR,ERR,ERR,ERR,ERR,ERR,ERR,ERR,ERR,ERR,ERR,ERR,ERR,ERR,ERR,ERR,ERR,ERR,ERR,ERR,ERR,ERR,ERR,ERR,ERR,ERR,0.0,0.0,0.0,0.0,0.0,1.3936040501711995e+18,7.805,0.0,0,0,4,0,7116,0.0,100,0.0,0.0,0.0,0.0,0.0,0,0,0,0,0.0,0,0,0,0,0,0,0,0,0,0,0,0,0,0,0,0,0,0,0,0,0,0,0,0,0,0,0,0,0,0,0,0,0,31,40,40,71,65476,0,300,0,0,8,21553,0.0,-107605600.0,0.0,0.0,0.0,0.0,0.0,0.0,0.0,0.0,0.0,0.0,0.0,0.0,-2.596148429267414e+33,0.0,0.0,0.0,0.0,0.0,0.0,0.0,-2.004,-0.0,-0.0,-2.004,0.0,0.0,0.0,0.0,6282.0,0.0,6919.0,0.0,0.0,2.7184303811560617e+23,0.0,0.0,0.0,0.0,0.0,69,0.0,0.0,0.0,0.0,0.0,0.0,0.0,0.0,0.0,0,0,0,0.0,0.0,0.0,0.0,0.0,0.0,0.0,0.0,0.0,0.0,0.0,0.0,0.0,0.0,0.0,0.0,0,-107875648.0,69,0.0,138,0.0,0.0,0,13107,17040,13107,17049,13107,17043,0,0,0,70,68,100,2.7302359370752657e+23,71.1,0.0,74.2,2.7302370179391762e+23,74.0,1,49,50,180,0,52429,0,0,0.0,0.0,0.0,0.0,-0.0,67.0,0.0,162057.094,0.0,750,0,739,0,0,0,721,0,766,0,736,0,742,0,741,0,712,0,7520,0.032,79456894976.0,0.0,0.0,784,16797,-0.0,162057.094,-114818.039,-0.0,0.133,6.909358625270745e+28,30.0,65.0,35,0.0,0.0,0.0,0.0,0.0,0.0,0.0,0.0,0.0,0.0,0.0,0.0,0.0,0.0,0.0,0.0,69.2,0,150,71,54,65476,0,300,0,1,8,20529,65476,0,0,40632,65.0,0.0,0.0,0.0,0.0,0.0
2026-09-04T20:37:41,ERR,ERR,ERR,ERR,ERR,ERR,ERR,ERR,ERR,ERR,ERR,ERR,ERR,ERR,ERR,ERR,ERR,ERR,ERR,ERR,ERR,ERR,ERR,ERR,ERR,ERR,ERR,ERR,ERR,ERR,ERR,ERR,ERR,ERR,ERR,ERR,ERR,ERR,ERR,ERR,ERR,ERR,ERR,ERR,ERR,ERR,ERR,ERR,ERR,ERR,ERR,ERR,ERR,ERR,ERR,ERR,ERR,ERR,ERR,ERR,ERR,ERR,ERR,ERR,ERR,ERR,ERR,ERR,ERR,ERR,ERR,ERR,ERR,ERR,ERR,ERR,ERR,ERR,ERR,ERR,ERR,ERR,ERR,ERR,ERR,ERR,ERR,ERR,ERR,ERR,ERR,ERR,ERR,ERR,ERR,ERR,ERR,ERR,ERR,ERR,ERR,ERR,ERR,ERR,ERR,ERR,ERR,ERR,ERR,ERR,ERR,ERR,ERR,ERR,ERR,ERR,ERR,ERR,ERR,ERR,ERR,ERR,ERR,ERR,ERR,0.0,0.0,0.0,0.0,0.0,1.3936040501711995e+18,7.805,0.0,0,0,4,0,7116,0.0,100,0.0,0.0,0.0,0.0,0.0,0,0,0,0,0.0,0,0,0,0,0,0,0,0,0,0,0,0,0,0,0,0,0,0,0,0,0,0,0,0,0,0,0,0,0,0,0,0,0,31,40,40,71,65476,0,300,0,0,8,21553,0.0,-107605600.0,0.0,0.0,0.0,0.0,0.0,0.0,0.0,0.0,0.0,0.0,0.0,0.0,-2.596148429267414e+33,0.0,0.0,0.0,0.0,0.0,0.0,0.0,-2.004,-0.0,-0.0,-2.004,0.0,0.0,0.0,0.0,6282.0,0.0,6919.0,0.0,0.0,2.7184303811560617e+23,0.0,0.0,0.0,0.0,0.0,69,0.0,0.0,0.0,0.0,0.0,0.0,0.0,0.0,0.0,0,0,0,0.0,0.0,0.0,0.0,0.0,0.0,0.0,0.0,0.0,0.0,0.0,0.0,0.0,0.0,0.0,0.0,0,-107875648.0,69,0.0,138,0.0,0.0,0,13107,17040,13107,17049,13107,17043,0,0,0,70,68,100,2.7302359370752657e+23,71.1,0.0,74.2,2.7302370179391762e+23,74.0,1,49,50,180,0,52429,0,0,0.0,0.0,0.0,0.0,-0.0,67.0,0.0,162057.094,0.0,750,0,739,0,0,0,721,0,766,0,736,0,742,0,741,0,712,0,7520,0.032,79456894976.0,0.0,0.0,784,16797,-0.0,162057.094,-114818.039,-0.0,0.133,6.909358625270745e+28,30.0,65.0,35,0.0,0.0,0.0,0.0,0.0,0.0,0.0,0.0,0.0,0.0,0.0,0.0,0.0,0.0,0.0,0.0,69.2,0,150,71,54,65476,0,300,0,1,8,20529,65476,0,0,40632,65.0,0.0,0.0,0.0,0.0,0.0
2026-09-04T20:37:42,ERR,ERR,ERR,ERR,ERR,ERR,ERR,ERR,ERR,ERR,ERR,ERR,ERR,ERR,ERR,ERR,ERR,ERR,ERR,ERR,ERR,ERR,ERR,ERR,ERR,ERR,ERR,ERR,ERR,ERR,ERR,ERR,ERR,ERR,ERR,ERR,ERR,ERR,ERR,ERR,ERR,ERR,ERR,ERR,ERR,ERR,ERR,ERR,ERR,ERR,ERR,ERR,ERR,ERR,ERR,ERR,ERR,ERR,ERR,ERR,ERR,ERR,ERR,ERR,ERR,ERR,ERR,ERR,ERR,ERR,ERR,ERR,ERR,ERR,ERR,ERR,ERR,ERR,ERR,ERR,ERR,ERR,ERR,ERR,ERR,ERR,ERR,ERR,ERR,ERR,ERR,ERR,ERR,ERR,ERR,ERR,ERR,ERR,ERR,ERR,ERR,ERR,ERR,ERR,ERR,ERR,ERR,ERR,ERR,ERR,ERR,ERR,ERR,ERR,ERR,ERR,ERR,ERR,ERR,ERR,ERR,ERR,ERR,ERR,ERR,0.0,0.0,0.0,0.0,0.0,1.3936040501711995e+18,7.805,0.0,0,0,4,0,7116,0.0,100,0.0,0.0,0.0,0.0,0.0,0,0,0,0,0.0,0,0,0,0,0,0,0,0,0,0,0,0,0,0,0,0,0,0,0,0,0,0,0,0,0,0,0,0,0,0,0,0,0,31,40,40,71,65476,0,300,0,0,8,21553,0.0,-107605600.0,0.0,0.0,0.0,0.0,0.0,0.0,0.0,0.0,0.0,0.0,0.0,0.0,-2.596148429267414e+33,0.0,0.0,0.0,0.0,0.0,0.0,0.0,-2.004,-0.0,-0.0,-2.004,0.0,0.0,0.0,0.0,6282.0,0.0,6919.0,0.0,0.0,2.7184303811560617e+23,0.0,0.0,0.0,0.0,0.0,69,0.0,0.0,0.0,0.0,0.0,0.0,0.0,0.0,0.0,0,0,0,0.0,0.0,0.0,0.0,0.0,0.0,0.0,0.0,0.0,0.0,0.0,0.0,0.0,0.0,0.0,0.0,0,-107875648.0,69,0.0,138,0.0,0.0,0,13107,17040,13107,17049,13107,17043,0,0,0,70,68,100,2.7302359370752657e+23,71.1,0.0,74.2,2.7302370179391762e+23,74.0,1,49,50,180,0,52429,0,0,0.0,0.0,0.0,0.0,-0.0,67.0,0.0,162057.094,0.0,750,0,739,0,0,0,721,0,766,0,736,0,742,0,741,0,712,0,7520,0.032,79456894976.0,0.0,0.0,784,16797,-0.0,162057.094,-114818.039,-0.0,0.133,6.909358625270745e+28,30.0,65.0,35,0.0,0.0,0.0,0.0,0.0,0.0,0.0,0.0,0.0,0.0,0.0,0.0,0.0,0.0,0.0,0.0,69.2,0,150,71,54,65476,0,300,0,1,8,20529,65476,0,0,40632,65.0,0.0,0.0,0.0,0.0,0.0
2026-09-04T20:37:43,ERR,ERR,ERR,ERR,ERR,ERR,ERR,ERR,ERR,ERR,ERR,ERR,ERR,ERR,ERR,ERR,ERR,ERR,ERR,ERR,ERR,ERR,ERR,ERR,ERR,ERR,ERR,ERR,ERR,ERR,ERR,ERR,ERR,ERR,ERR,ERR,ERR,ERR,ERR,ERR,ERR,ERR,ERR,ERR,ERR,ERR,ERR,ERR,ERR,ERR,ERR,ERR,ERR,ERR,ERR,ERR,ERR,ERR,ERR,ERR,ERR,ERR,ERR,ERR,ERR,ERR,ERR,ERR,ERR,ERR,ERR,ERR,ERR,ERR,ERR,ERR,ERR,ERR,ERR,ERR,ERR,ERR,ERR,ERR,ERR,ERR,ERR,ERR,ERR,ERR,ERR,ERR,ERR,ERR,ERR,ERR,ERR,ERR,ERR,ERR,ERR,ERR,ERR,ERR,ERR,ERR,ERR,ERR,ERR,ERR,ERR,ERR,ERR,ERR,ERR,ERR,ERR,ERR,ERR,ERR,ERR,ERR,ERR,ERR,ERR,0.0,0.0,0.0,0.0,0.0,1.3936040501711995e+18,7.805,0.0,0,0,4,0,7116,0.0,100,0.0,0.0,0.0,0.0,0.0,0,0,0,0,0.0,0,0,0,0,0,0,0,0,0,0,0,0,0,0,0,0,0,0,0,0,0,0,0,0,0,0,0,0,0,0,0,0,0,31,40,40,71,65476,0,300,0,0,8,21553,0.0,-107605600.0,0.0,0.0,0.0,0.0,0.0,0.0,0.0,0.0,0.0,0.0,0.0,0.0,-2.596148429267414e+33,0.0,0.0,0.0,0.0,0.0,0.0,0.0,-2.004,-0.0,-0.0,-2.004,0.0,0.0,0.0,0.0,6282.0,0.0,6919.0,0.0,0.0,2.7184303811560617e+23,0.0,0.0,0.0,0.0,0.0,69,0.0,0.0,0.0,0.0,0.0,0.0,0.0,0.0,0.0,0,0,0,0.0,0.0,0.0,0.0,0.0,0.0,0.0,0.0,0.0,0.0,0.0,0.0,0.0,0.0,0.0,0.0,0,-107875648.0,69,0.0,138,0.0,0.0,0,13107,17040,13107,17049,13107,17043,0,0,0,70,68,100,2.7302359370752657e+23,71.1,0.0,74.2,2.7302370179391762e+23,74.0,1,49,50,180,0,52429,0,0,0.0,0.0,0.0,0.0,-0.0,67.0,0.0,162057.094,0.0,750,0,739,0,0,0,721,0,766,0,736,0,742,0,741,0,712,0,7520,0.032,79456894976.0,0.0,0.0,784,16797,-0.0,162057.094,-114818.039,-0.0,0.133,6.909358625270745e+28,30.0,65.0,35,0.0,0.0,0.0,0.0,0.0,0.0,0.0,0.0,0.0,0.0,0.0,0.0,0.0,0.0,0.0,0.0,69.2,0,150,71,54,65476,0,300,0,1,8,20529,65476,0,0,40632,65.0,0.0,0.0,0.0,0.0,0.0
2026-09-04T20:37:44,ERR,ERR,ERR,ERR,ERR,ERR,ERR,ERR,ERR,ERR,ERR,ERR,ERR,ERR,ERR,ERR,ERR,ERR,ERR,ERR,ERR,ERR,ERR,ERR,ERR,ERR,ERR,ERR,ERR,ERR,ERR,ERR,ERR,ERR,ERR,ERR,ERR,ERR,ERR,ERR,ERR,ERR,ERR,ERR,ERR,ERR,ERR,ERR,ERR,ERR,ERR,ERR,ERR,ERR,ERR,ERR,ERR,ERR,ERR,ERR,ERR,ERR,ERR,ERR,ERR,ERR,ERR,ERR,ERR,ERR,ERR,ERR,ERR,ERR,ERR,ERR,ERR,ERR,ERR,ERR,ERR,ERR,ERR,ERR,ERR,ERR,ERR,ERR,ERR,ERR,ERR,ERR,ERR,ERR,ERR,ERR,ERR,ERR,ERR,ERR,ERR,ERR,ERR,ERR,ERR,ERR,ERR,ERR,ERR,ERR,ERR,ERR,ERR,ERR,ERR,ERR,ERR,ERR,ERR,ERR,ERR,ERR,ERR,ERR,ERR,0.0,0.0,0.0,0.0,0.0,1.3936040501711995e+18,7.805,0.0,0,0,4,0,7116,0.0,100,0.0,0.0,0.0,0.0,0.0,0,0,0,0,0.0,0,0,0,0,0,0,0,0,0,0,0,0,0,0,0,0,0,0,0,0,0,0,0,0,0,0,0,0,0,0,0,0,0,31,40,40,71,65476,0,300,0,0,8,21553,0.0,-107605600.0,0.0,0.0,0.0,0.0,0.0,0.0,0.0,0.0,0.0,0.0,0.0,0.0,-2.596148429267414e+33,0.0,0.0,0.0,0.0,0.0,0.0,0.0,-2.004,-0.0,-0.0,-2.004,0.0,0.0,0.0,0.0,6282.0,0.0,6919.0,0.0,0.0,2.7184303811560617e+23,0.0,0.0,0.0,0.0,0.0,69,0.0,0.0,0.0,0.0,0.0,0.0,0.0,0.0,0.0,0,0,0,0.0,0.0,0.0,0.0,0.0,0.0,0.0,0.0,0.0,0.0,0.0,0.0,0.0,0.0,0.0,0.0,0,-107875648.0,69,0.0,138,0.0,0.0,0,13107,17040,13107,17049,13107,17043,0,0,0,70,68,100,2.7302359370752657e+23,71.1,0.0,74.2,2.7302370179391762e+23,74.0,1,49,50,180,0,52429,0,0,0.0,0.0,0.0,0.0,-0.0,67.0,0.0,162057.094,0.0,750,0,739,0,0,0,721,0,766,0,736,0,742,0,741,0,712,0,7520,0.032,79456894976.0,0.0,0.0,784,16797,-0.0,162057.094,-114818.039,-0.0,0.133,6.909358625270745e+28,30.0,65.0,35,0.0,0.0,0.0,0.0,0.0,0.0,0.0,0.0,0.0,0.0,0.0,0.0,0.0,0.0,0.0,0.0,69.6,0,150,71,54,65476,0,300,0,1,8,20529,65476,0,0,40632,65.0,0.0,0.0,0.0,0.0,0.0
2026-09-04T20:37:45,ERR,ERR,ERR,ERR,ERR,ERR,ERR,ERR,ERR,ERR,ERR,ERR,ERR,ERR,ERR,ERR,ERR,ERR,ERR,ERR,ERR,ERR,ERR,ERR,ERR,ERR,ERR,ERR,ERR,ERR,ERR,ERR,ERR,ERR,ERR,ERR,ERR,ERR,ERR,ERR,ERR,ERR,ERR,ERR,ERR,ERR,ERR,ERR,ERR,ERR,ERR,ERR,ERR,ERR,ERR,ERR,ERR,ERR,ERR,ERR,ERR,ERR,ERR,ERR,ERR,ERR,ERR,ERR,ERR,ERR,ERR,ERR,ERR,ERR,ERR,ERR,ERR,ERR,ERR,ERR,ERR,ERR,ERR,ERR,ERR,ERR,ERR,ERR,ERR,ERR,ERR,ERR,ERR,ERR,ERR,ERR,ERR,ERR,ERR,ERR,ERR,ERR,ERR,ERR,ERR,ERR,ERR,ERR,ERR,ERR,ERR,ERR,ERR,ERR,ERR,ERR,ERR,ERR,ERR,ERR,ERR,ERR,ERR,ERR,ERR,0.0,0.0,0.0,0.0,0.0,1.3936040501711995e+18,7.805,0.0,0,0,4,0,7116,0.0,100,0.0,0.0,0.0,0.0,0.0,0,0,0,0,0.0,0,0,0,0,0,0,0,0,0,0,0,0,0,0,0,0,0,0,0,0,0,0,0,0,0,0,0,0,0,0,0,0,0,31,40,40,71,65476,0,300,0,0,8,21553,0.0,-107605600.0,0.0,0.0,0.0,0.0,0.0,0.0,0.0,0.0,0.0,0.0,0.0,0.0,-2.596148429267414e+33,0.0,0.0,0.0,0.0,0.0,0.0,0.0,-2.004,-0.0,-0.0,-2.004,0.0,0.0,0.0,0.0,6282.0,0.0,6919.0,0.0,0.0,2.7184303811560617e+23,0.0,0.0,0.0,0.0,0.0,69,0.0,0.0,0.0,0.0,0.0,0.0,0.0,0.0,0.0,0,0,0,0.0,0.0,0.0,0.0,0.0,0.0,0.0,0.0,0.0,0.0,0.0,0.0,0.0,0.0,0.0,0.0,0,-107875648.0,69,0.0,138,0.0,0.0,0,13107,17040,13107,17049,13107,17043,0,0,0,70,68,100,2.7302359370752657e+23,71.1,0.0,74.2,2.7302370179391762e+23,74.0,1,49,50,180,0,52429,0,0,0.0,0.0,0.0,0.0,-0.0,67.0,0.0,162057.094,0.0,750,0,739,0,0,0,721,0,766,0,736,0,742,0,742,0,712,0,7520,0.032,78920024064.0,0.0,0.0,784,16797,-0.0,162057.094,-114818.039,-0.0,0.133,6.909358625270745e+28,30.0,65.0,35,0.0,0.0,0.0,0.0,0.0,0.0,0.0,0.0,0.0,0.0,0.0,0.0,0.0,0.0,0.0,0.0,69.6,0,150,71,54,65476,0,300,0,1,8,20529,65476,0,0,40632,65.0,0.0,0.0,0.0,0.0,0.0
2026-09-04T20:37:46,ERR,ERR,ERR,ERR,ERR,ERR,ERR,ERR,ERR,ERR,ERR,ERR,ERR,ERR,ERR,ERR,ERR,ERR,ERR,ERR,ERR,ERR,ERR,ERR,ERR,ERR,ERR,ERR,ERR,ERR,ERR,ERR,ERR,ERR,ERR,ERR,ERR,ERR,ERR,ERR,ERR,ERR,ERR,ERR,ERR,ERR,ERR,ERR,ERR,ERR,ERR,ERR,ERR,ERR,ERR,ERR,ERR,ERR,ERR,ERR,ERR,ERR,ERR,ERR,ERR,ERR,ERR,ERR,ERR,ERR,ERR,ERR,ERR,ERR,ERR,ERR,ERR,ERR,ERR,ERR,ERR,ERR,ERR,ERR,ERR,ERR,ERR,ERR,ERR,ERR,ERR,ERR,ERR,ERR,ERR,ERR,ERR,ERR,ERR,ERR,ERR,ERR,ERR,ERR,ERR,ERR,ERR,ERR,ERR,ERR,ERR,ERR,ERR,ERR,ERR,ERR,ERR,ERR,ERR,ERR,ERR,ERR,ERR,ERR,ERR,0.0,0.0,0.0,0.0,0.0,1.3936040501711995e+18,7.805,0.0,0,0,4,0,7116,0.0,100,0.0,0.0,0.0,0.0,0.0,0,0,0,0,0.0,0,0,0,0,0,0,0,0,0,0,0,0,0,0,0,0,0,0,0,0,0,0,0,0,0,0,0,0,0,0,0,0,0,31,40,40,71,65476,0,300,0,0,8,21553,0.0,-107605600.0,0.0,0.0,0.0,0.0,0.0,0.0,0.0,0.0,0.0,0.0,0.0,0.0,0.0,0.0,0.0,0.0,0.0,0.0,0.0,0.0,-2.004,-0.0,-0.0,-2.004,0.0,0.0,0.0,0.0,6245.0,-131351.047,6937.0,0.0,0.0,2.7184303811560617e+23,0.0,0.0,0.0,0.0,0.0,69,-3.222031175229641e+26,-0.0,0.0,0.0,0.0,0.0,0.0,0.0,0.0,0,0,0,0.0,0.0,0.0,0.0,0.0,0.0,0.0,0.0,0.0,0.0,0.0,0.0,0.0,0.0,0.0,0.0,0,-107875648.0,69,0.0,138,0.0,0.0,0,13107,17040,13107,17049,13107,17043,0,0,0,70,68,100,2.7302359370752657e+23,71.1,0.0,74.2,2.7302370179391762e+23,74.0,1,49,50,180,0,52429,0,0,0.0,0.0,0.0,0.0,-0.0,67.0,0.0,162057.094,0.0,750,0,739,0,0,0,721,0,766,0,736,0,742,0,742,0,712,0,7520,0.032,78920024064.0,0.0,0.0,784,16797,-0.0,162057.094,-114818.039,-0.0,0.133,6.909358625270745e+28,30.0,65.0,35,0.0,0.0,0.0,0.0,0.0,0.0,0.0,0.0,0.0,0.0,0.0,0.0,0.0,0.0,0.0,0.0,69.2,0,150,71,54,65476,0,300,0,1,8,20529,65476,0,0,40632,65.0,0.0,0.0,0.0,0.0,0.0
2026-09-04T20:37:47,ERR,ERR,ERR,ERR,ERR,ERR,ERR,ERR,ERR,ERR,ERR,ERR,ERR,ERR,ERR,ERR,ERR,ERR,ERR,ERR,ERR,ERR,ERR,ERR,ERR,ERR,ERR,ERR,ERR,ERR,ERR,ERR,ERR,ERR,ERR,ERR,ERR,ERR,ERR,ERR,ERR,ERR,ERR,ERR,ERR,ERR,ERR,ERR,ERR,ERR,ERR,ERR,ERR,ERR,ERR,ERR,ERR,ERR,ERR,ERR,ERR,ERR,ERR,ERR,ERR,ERR,ERR,ERR,ERR,ERR,ERR,ERR,ERR,ERR,ERR,ERR,ERR,ERR,ERR,ERR,ERR,ERR,ERR,ERR,ERR,ERR,ERR,ERR,ERR,ERR,ERR,ERR,ERR,ERR,ERR,ERR,ERR,ERR,ERR,ERR,ERR,ERR,ERR,ERR,ERR,ERR,ERR,ERR,ERR,ERR,ERR,ERR,ERR,ERR,ERR,ERR,ERR,ERR,ERR,ERR,ERR,ERR,ERR,ERR,ERR,0.0,0.0,0.0,0.0,0.0,1.3936040501711995e+18,7.805,0.0,0,0,4,0,7116,0.0,100,0.0,0.0,0.0,0.0,0.0,0,0,0,0,0.0,0,0,0,0,0,0,0,0,0,0,0,0,0,0,0,0,0,0,0,0,0,0,0,0,0,0,0,0,0,0,0,0,0,31,40,40,71,65476,0,300,0,0,8,21553,0.0,-107605600.0,0.0,0.0,0.0,0.0,0.0,0.0,0.0,0.0,0.0,0.0,0.0,0.0,0.0,0.0,0.0,0.0,0.0,0.0,0.0,0.0,-2.004,-0.0,-0.0,-2.004,0.0,0.0,0.0,0.0,6245.0,-131351.047,6937.0,0.0,0.0,2.7184303811560617e+23,0.0,0.0,0.0,0.0,0.0,69,-3.222031175229641e+26,-0.0,0.0,0.0,0.0,0.0,0.0,0.0,0.0,0,0,0,0.0,0.0,0.0,0.0,0.0,0.0,0.0,0.0,0.0,0.0,0.0,0.0,0.0,0.0,0.0,0.0,0,-107875648.0,69,0.0,138,0.0,0.0,0,13107,17040,13107,17049,13107,17043,0,0,0,70,68,100,2.7302359370752657e+23,71.1,0.0,74.2,2.7302370179391762e+23,74.0,1,49,50,180,0,52429,0,0,0.0,0.0,0.0,0.0,-0.0,67.0,0.0,162057.094,0.0,750,0,739,0,0,0,721,0,766,0,736,0,742,0,742,0,712,0,7520,0.032,78920024064.0,0.0,0.0,784,16797,-0.0,162057.094,-114818.039,-0.0,0.133,6.909358625270745e+28,30.0,65.0,35,0.0,0.0,0.0,0.0,0.0,0.0,0.0,0.0,0.0,0.0,0.0,0.0,0.0,0.0,0.0,0.0,69.2,0,150,71,54,65476,0,300,0,1,8,20529,65476,0,0,40632,65.0,0.0,0.0,0.0,0.0,0.0
2026-09-04T20:37:48,ERR,ERR,ERR,ERR,ERR,ERR,ERR,ERR,ERR,ERR,ERR,ERR,ERR,ERR,ERR,ERR,ERR,ERR,ERR,ERR,ERR,ERR,ERR,ERR,ERR,ERR,ERR,ERR,ERR,ERR,ERR,ERR,ERR,ERR,ERR,ERR,ERR,ERR,ERR,ERR,ERR,ERR,ERR,ERR,ERR,ERR,ERR,ERR,ERR,ERR,ERR,ERR,ERR,ERR,ERR,ERR,ERR,ERR,ERR,ERR,ERR,ERR,ERR,ERR,ERR,ERR,ERR,ERR,ERR,ERR,ERR,ERR,ERR,ERR,ERR,ERR,ERR,ERR,ERR,ERR,ERR,ERR,ERR,ERR,ERR,ERR,ERR,ERR,ERR,ERR,ERR,ERR,ERR,ERR,ERR,ERR,ERR,ERR,ERR,ERR,ERR,ERR,ERR,ERR,ERR,ERR,ERR,ERR,ERR,ERR,ERR,ERR,ERR,ERR,ERR,ERR,ERR,ERR,ERR,ERR,ERR,ERR,ERR,ERR,ERR,0.0,0.0,0.0,0.0,0.0,1.3936040501711995e+18,7.805,0.0,0,0,4,0,7116,0.0,100,0.0,0.0,0.0,0.0,0.0,0,0,0,0,0.0,0,0,0,0,0,0,0,0,0,0,0,0,0,0,0,0,0,0,0,0,0,0,0,0,0,0,0,0,0,0,0,0,0,31,40,40,71,65476,0,300,0,0,8,21553,0.0,-107605600.0,0.0,0.0,0.0,0.0,0.0,0.0,0.0,0.0,0.0,0.0,0.0,0.0,0.0,0.0,0.0,0.0,0.0,0.0,0.0,0.0,-2.004,-0.0,-0.0,-2.004,0.0,0.0,0.0,0.0,6245.0,-131351.047,6937.0,0.0,0.0,2.7184303811560617e+23,0.0,0.0,0.0,0.0,0.0,69,-3.222031175229641e+26,-0.0,0.0,0.0,0.0,0.0,0.0,0.0,0.0,0,0,0,0.0,0.0,0.0,0.0,0.0,0.0,0.0,0.0,0.0,0.0,0.0,0.0,0.0,0.0,0.0,0.0,0,-107875648.0,69,0.0,138,0.0,0.0,0,13107,17040,13107,17049,13107,17043,0,0,0,70,68,100,2.7302359370752657e+23,71.1,0.0,74.2,2.7302370179391762e+23,74.0,1,49,50,180,0,52429,0,0,0.0,0.0,0.0,0.0,-0.0,67.0,0.0,162057.094,0.0,750,0,739,0,0,0,721,0,766,0,736,0,742,0,742,0,712,0,7520,0.032,78920024064.0,0.0,0.0,784,16797,-0.0,162057.094,-114818.039,-0.0,0.133,6.909358625270745e+28,30.0,65.0,35,0.0,0.0,0.0,0.0,0.0,0.0,0.0,0.0,0.0,0.0,0.0,0.0,0.0,0.0,0.0,0.0,69.2,0,150,71,54,65476,0,300,0,1,8,20529,65476,0,0,40632,65.0,0.0,0.0,0.0,0.0,0.0
2026-09-04T20:37:49,ERR,ERR,ERR,ERR,ERR,ERR,ERR,ERR,ERR,ERR,ERR,ERR,ERR,ERR,ERR,ERR,ERR,ERR,ERR,ERR,ERR,ERR,ERR,ERR,ERR,ERR,ERR,ERR,ERR,ERR,ERR,ERR,ERR,ERR,ERR,ERR,ERR,ERR,ERR,ERR,ERR,ERR,ERR,ERR,ERR,ERR,ERR,ERR,ERR,ERR,ERR,ERR,ERR,ERR,ERR,ERR,ERR,ERR,ERR,ERR,ERR,ERR,ERR,ERR,ERR,ERR,ERR,ERR,ERR,ERR,ERR,ERR,ERR,ERR,ERR,ERR,ERR,ERR,ERR,ERR,ERR,ERR,ERR,ERR,ERR,ERR,ERR,ERR,ERR,ERR,ERR,ERR,ERR,ERR,ERR,ERR,ERR,ERR,ERR,ERR,ERR,ERR,ERR,ERR,ERR,ERR,ERR,ERR,ERR,ERR,ERR,ERR,ERR,ERR,ERR,ERR,ERR,ERR,ERR,ERR,ERR,ERR,ERR,ERR,ERR,0.0,0.0,0.0,0.0,0.0,1.3936040501711995e+18,7.805,0.0,0,0,4,0,7116,0.0,100,0.0,0.0,0.0,0.0,0.0,0,0,0,0,0.0,0,0,0,0,0,0,0,0,0,0,0,0,0,0,0,0,0,0,0,0,0,0,0,0,0,0,0,0,0,0,0,0,0,31,40,40,71,65476,0,300,0,0,8,21553,0.0,-107605600.0,0.0,0.0,0.0,0.0,0.0,0.0,0.0,0.0,0.0,0.0,0.0,0.0,0.0,0.0,0.0,0.0,0.0,0.0,0.0,0.0,-2.004,-0.0,-0.0,-2.004,0.0,0.0,0.0,0.0,6245.0,-131351.047,6937.0,0.0,0.0,2.7184303811560617e+23,0.0,0.0,0.0,0.0,0.0,69,-3.222031175229641e+26,-0.0,0.0,0.0,0.0,0.0,0.0,0.0,0.0,0,0,0,0.0,0.0,0.0,0.0,0.0,0.0,0.0,0.0,0.0,0.0,0.0,0.0,0.0,0.0,0.0,0.0,0,-107875648.0,69,0.0,138,0.0,0.0,0,13107,17040,13107,17049,13107,17043,0,0,0,70,68,100,2.7302359370752657e+23,71.1,0.0,74.2,2.7302370179391762e+23,74.0,1,49,50,180,0,52429,0,0,0.0,0.0,0.0,0.0,-0.0,67.0,0.0,162057.094,0.0,750,0,739,0,0,0,721,0,766,0,736,0,742,0,742,0,712,0,7520,0.032,78920024064.0,0.0,0.0,784,16797,-0.0,162057.094,-114818.039,-0.0,0.133,6.909358625270745e+28,30.0,65.0,35,0.0,0.0,0.0,0.0,0.0,0.0,0.0,0.0,0.0,0.0,0.0,0.0,0.0,0.0,0.0,0.0,69.2,0,150,71,54,65476,0,300,0,1,8,20529,65476,0,0,40632,65.0,0.0,0.0,0.0,0.0,0.0
2026-09-04T20:37:50,ERR,ERR,ERR,ERR,ERR,ERR,ERR,ERR,ERR,ERR,ERR,ERR,ERR,ERR,ERR,ERR,ERR,ERR,ERR,ERR,ERR,ERR,ERR,ERR,ERR,ERR,ERR,ERR,ERR,ERR,ERR,ERR,ERR,ERR,ERR,ERR,ERR,ERR,ERR,ERR,ERR,ERR,ERR,ERR,ERR,ERR,ERR,ERR,ERR,ERR,ERR,ERR,ERR,ERR,ERR,ERR,ERR,ERR,ERR,ERR,ERR,ERR,ERR,ERR,ERR,ERR,ERR,ERR,ERR,ERR,ERR,ERR,ERR,ERR,ERR,ERR,ERR,ERR,ERR,ERR,ERR,ERR,ERR,ERR,ERR,ERR,ERR,ERR,ERR,ERR,ERR,ERR,ERR,ERR,ERR,ERR,ERR,ERR,ERR,ERR,ERR,ERR,ERR,ERR,ERR,ERR,ERR,ERR,ERR,ERR,ERR,ERR,ERR,ERR,ERR,ERR,ERR,ERR,ERR,ERR,ERR,ERR,ERR,ERR,ERR,0.0,0.0,0.0,0.0,0.0,1.3936040501711995e+18,7.805,0.0,0,0,4,0,7116,0.0,100,0.0,0.0,0.0,0.0,0.0,0,0,0,0,0.0,0,0,0,0,0,0,0,0,0,0,0,0,0,0,0,0,0,0,0,0,0,0,0,0,0,0,0,0,0,0,0,0,0,31,40,40,71,65476,0,300,0,0,8,21553,0.0,-107605600.0,0.0,0.0,0.0,0.0,0.0,0.0,0.0,0.0,0.0,0.0,0.0,0.0,0.0,0.0,0.0,0.0,0.0,0.0,0.0,0.0,-2.004,-0.0,-0.0,-2.004,0.0,0.0,0.0,0.0,6245.0,-131351.047,6937.0,0.0,0.0,2.7184303811560617e+23,0.0,0.0,0.0,0.0,0.0,69,-3.222031175229641e+26,-0.0,0.0,0.0,0.0,0.0,0.0,0.0,0.0,0,0,0,0.0,0.0,0.0,0.0,0.0,0.0,0.0,0.0,0.0,0.0,0.0,0.0,0.0,0.0,0.0,0.0,0,-107875648.0,69,0.0,138,0.0,0.0,0,13107,17040,13107,17049,13107,17043,0,0,0,70,68,100,2.7302359370752657e+23,71.1,0.0,74.2,2.7302370179391762e+23,74.0,1,49,50,180,0,52429,0,0,0.0,0.0,0.0,0.0,-0.0,67.0,0.0,162057.094,0.0,750,0,739,0,0,0,721,0,766,0,736,0,742,0,742,0,712,0,7520,0.032,78920024064.0,0.0,0.0,784,16797,-0.0,162057.094,-114818.039,-0.0,0.133,6.909358625270745e+28,30.0,65.0,35,0.0,0.0,0.0,0.0,0.0,0.0,0.0,0.0,0.0,0.0,0.0,0.0,0.0,0.0,0.0,0.0,69.2,0,150,71,54,65476,0,300,0,1,8,20529,65476,0,0,40632,65.0,0.0,0.0,0.0,0.0,0.0
2026-09-04T20:37:51,ERR,ERR,ERR,ERR,ERR,ERR,ERR,ERR,ERR,ERR,ERR,ERR,ERR,ERR,ERR,ERR,ERR,ERR,ERR,ERR,ERR,ERR,ERR,ERR,ERR,ERR,ERR,ERR,ERR,ERR,ERR,ERR,ERR,ERR,ERR,ERR,ERR,ERR,ERR,ERR,ERR,ERR,ERR,ERR,ERR,ERR,ERR,ERR,ERR,ERR,ERR,ERR,ERR,ERR,ERR,ERR,ERR,ERR,ERR,ERR,ERR,ERR,ERR,ERR,ERR,ERR,ERR,ERR,ERR,ERR,ERR,ERR,ERR,ERR,ERR,ERR,ERR,ERR,ERR,ERR,ERR,ERR,ERR,ERR,ERR,ERR,ERR,ERR,ERR,ERR,ERR,ERR,ERR,ERR,ERR,ERR,ERR,ERR,ERR,ERR,ERR,ERR,ERR,ERR,ERR,ERR,ERR,ERR,ERR,ERR,ERR,ERR,ERR,ERR,ERR,ERR,ERR,ERR,ERR,ERR,ERR,ERR,ERR,ERR,ERR,0.0,0.0,0.0,0.0,0.0,1.3936040501711995e+18,7.805,0.0,0,0,4,0,7116,0.0,100,0.0,0.0,0.0,0.0,0.0,0,0,0,0,0.0,0,0,0,0,0,0,0,0,0,0,0,0,0,0,0,0,0,0,0,0,0,0,0,0,0,0,0,0,0,0,0,0,0,31,40,40,71,65476,0,300,0,0,8,21553,0.0,-107605600.0,0.0,0.0,0.0,0.0,0.0,0.0,0.0,0.0,0.0,0.0,0.0,0.0,0.0,0.0,0.0,0.0,0.0,0.0,0.0,0.0,-2.004,-0.0,-0.0,-2.004,0.0,0.0,0.0,0.0,6245.0,-131351.047,6937.0,0.0,0.0,2.7184303811560617e+23,0.0,0.0,0.0,0.0,0.0,69,-3.222031175229641e+26,-0.0,0.0,0.0,0.0,0.0,0.0,0.0,0.0,0,0,0,0.0,0.0,0.0,0.0,0.0,0.0,0.0,0.0,0.0,0.0,0.0,0.0,0.0,0.0,0.0,0.0,0,-107875648.0,69,0.0,138,0.0,0.0,0,13107,17040,13107,17049,13107,17043,0,0,0,70,68,100,2.7302359370752657e+23,71.1,0.0,74.2,2.7302370179391762e+23,74.0,1,49,50,180,0,52429,0,0,0.0,0.0,0.0,0.0,-0.0,67.0,0.0,162057.094,0.0,750,0,739,0,0,0,721,0,766,0,736,0,742,0,741,0,712,0,7520,0.032,78383153152.0,0.0,0.0,784,16797,-0.0,162057.094,-114818.039,-0.0,0.133,6.909358625270745e+28,30.0,65.0,35,0.0,0.0,0.0,0.0,0.0,0.0,0.0,0.0,0.0,0.0,0.0,0.0,0.0,0.0,0.0,0.0,69.2,0,150,71,54,65476,0,300,0,1,8,20529,65476,0,0,40632,65.0,0.0,0.0,0.0,0.0,0.0
2026-09-04T20:37:52,ERR,ERR,ERR,ERR,ERR,ERR,ERR,ERR,ERR,ERR,ERR,ERR,ERR,ERR,ERR,ERR,ERR,ERR,ERR,ERR,ERR,ERR,ERR,ERR,ERR,ERR,ERR,ERR,ERR,ERR,ERR,ERR,ERR,ERR,ERR,ERR,ERR,ERR,ERR,ERR,ERR,ERR,ERR,ERR,ERR,ERR,ERR,ERR,ERR,ERR,ERR,ERR,ERR,ERR,ERR,ERR,ERR,ERR,ERR,ERR,ERR,ERR,ERR,ERR,ERR,ERR,ERR,ERR,ERR,ERR,ERR,ERR,ERR,ERR,ERR,ERR,ERR,ERR,ERR,ERR,ERR,ERR,ERR,ERR,ERR,ERR,ERR,ERR,ERR,ERR,ERR,ERR,ERR,ERR,ERR,ERR,ERR,ERR,ERR,ERR,ERR,ERR,ERR,ERR,ERR,ERR,ERR,ERR,ERR,ERR,ERR,ERR,ERR,ERR,ERR,ERR,ERR,ERR,ERR,ERR,ERR,ERR,ERR,ERR,ERR,0.0,0.0,0.0,0.0,0.0,1.3936040501711995e+18,7.805,0.0,0,0,4,0,7116,0.0,100,0.0,0.0,0.0,0.0,0.0,0,0,0,0,0.0,0,0,0,0,0,0,0,0,0,0,0,0,0,0,0,0,0,0,0,0,0,0,0,0,0,0,0,0,0,0,0,0,0,31,40,40,71,65476,0,300,0,0,8,21553,0.0,-107605600.0,0.0,0.0,0.0,0.0,0.0,0.0,0.0,0.0,0.0,0.0,0.0,0.0,0.0,0.0,0.0,0.0,0.0,0.0,0.0,0.0,-2.004,-0.0,-0.0,-2.004,0.0,0.0,0.0,0.0,6245.0,-131351.047,6937.0,0.0,0.0,2.7184303811560617e+23,0.0,0.0,0.0,0.0,0.0,69,-3.222031175229641e+26,-0.0,0.0,0.0,0.0,0.0,0.0,0.0,0.0,0,0,0,0.0,0.0,0.0,0.0,0.0,0.0,0.0,0.0,0.0,0.0,0.0,0.0,0.0,0.0,0.0,0.0,0,-107875648.0,69,0.0,138,0.0,0.0,0,13107,17040,13107,17049,13107,17043,0,0,0,70,68,100,2.7302359370752657e+23,71.1,0.0,74.2,2.7302370179391762e+23,74.0,1,49,50,180,0,52429,0,0,0.0,0.0,0.0,0.0,-0.0,67.0,0.0,162057.094,0.0,750,0,739,0,0,0,721,0,766,0,736,0,742,0,741,0,712,0,7520,0.032,78383153152.0,0.0,0.0,784,16797,-0.0,162057.094,-114818.039,-0.0,0.133,6.909358625270745e+28,30.0,65.0,35,0.0,0.0,0.0,0.0,0.0,0.0,0.0,0.0,0.0,0.0,0.0,0.0,0.0,0.0,0.0,0.0,69.2,0,150,71,54,65476,0,300,0,1,8,20529,65476,0,0,40632,65.0,0.0,0.0,0.0,0.0,0.0
2026-09-04T20:37:53,ERR,ERR,ERR,ERR,ERR,ERR,ERR,ERR,ERR,ERR,ERR,ERR,ERR,ERR,ERR,ERR,ERR,ERR,ERR,ERR,ERR,ERR,ERR,ERR,ERR,ERR,ERR,ERR,ERR,ERR,ERR,ERR,ERR,ERR,ERR,ERR,ERR,ERR,ERR,ERR,ERR,ERR,ERR,ERR,ERR,ERR,ERR,ERR,ERR,ERR,ERR,ERR,ERR,ERR,ERR,ERR,ERR,ERR,ERR,ERR,ERR,ERR,ERR,ERR,ERR,ERR,ERR,ERR,ERR,ERR,ERR,ERR,ERR,ERR,ERR,ERR,ERR,ERR,ERR,ERR,ERR,ERR,ERR,ERR,ERR,ERR,ERR,ERR,ERR,ERR,ERR,ERR,ERR,ERR,ERR,ERR,ERR,ERR,ERR,ERR,ERR,ERR,ERR,ERR,ERR,ERR,ERR,ERR,ERR,ERR,ERR,ERR,ERR,ERR,ERR,ERR,ERR,ERR,ERR,ERR,ERR,ERR,ERR,ERR,ERR,0.0,0.0,0.0,0.0,0.0,1.3936040501711995e+18,7.805,0.0,0,0,4,0,7116,0.0,100,0.0,0.0,0.0,0.0,0.0,0,0,0,0,0.0,0,0,0,0,0,0,0,0,0,0,0,0,0,0,0,0,0,0,0,0,0,0,0,0,0,0,0,0,0,0,0,0,0,31,40,40,71,65476,0,300,0,0,8,21553,0.0,-107605600.0,0.0,0.0,0.0,0.0,0.0,0.0,0.0,0.0,0.0,0.0,0.0,0.0,0.0,0.0,0.0,0.0,0.0,0.0,0.0,0.0,-2.004,-0.0,-0.0,-2.004,0.0,0.0,0.0,0.0,6245.0,-131351.047,6937.0,0.0,0.0,2.7184303811560617e+23,0.0,0.0,0.0,0.0,0.0,69,-3.222031175229641e+26,-0.0,0.0,0.0,0.0,0.0,0.0,0.0,0.0,0,0,0,0.0,0.0,0.0,0.0,0.0,0.0,0.0,0.0,0.0,0.0,0.0,0.0,0.0,0.0,0.0,0.0,0,-107875648.0,69,0.0,138,0.0,0.0,0,13107,17040,13107,17049,13107,17043,0,0,0,70,68,100,2.7302359370752657e+23,71.1,0.0,74.2,2.7302370179391762e+23,74.0,1,49,50,180,0,52429,0,0,0.0,0.0,0.0,0.0,-0.0,67.0,0.0,162057.094,0.0,750,0,739,0,0,0,721,0,766,0,736,0,742,0,741,0,712,0,7520,0.032,78383153152.0,0.0,0.0,784,16797,-0.0,162057.094,-114818.039,-0.0,0.133,6.909358625270745e+28,30.0,65.0,35,0.0,0.0,0.0,0.0,0.0,0.0,0.0,0.0,0.0,0.0,0.0,0.0,0.0,0.0,0.0,0.0,69.2,0,150,71,54,65476,0,300,0,1,8,20529,65476,0,0,40632,65.0,0.0,0.0,0.0,0.0,0.0
2026-09-04T20:37:54,ERR,ERR,ERR,ERR,ERR,ERR,ERR,ERR,ERR,ERR,ERR,ERR,ERR,ERR,ERR,ERR,ERR,ERR,ERR,ERR,ERR,ERR,ERR,ERR,ERR,ERR,ERR,ERR,ERR,ERR,ERR,ERR,ERR,ERR,ERR,ERR,ERR,ERR,ERR,ERR,ERR,ERR,ERR,ERR,ERR,ERR,ERR,ERR,ERR,ERR,ERR,ERR,ERR,ERR,ERR,ERR,ERR,ERR,ERR,ERR,ERR,ERR,ERR,ERR,ERR,ERR,ERR,ERR,ERR,ERR,ERR,ERR,ERR,ERR,ERR,ERR,ERR,ERR,ERR,ERR,ERR,ERR,ERR,ERR,ERR,ERR,ERR,ERR,ERR,ERR,ERR,ERR,ERR,ERR,ERR,ERR,ERR,ERR,ERR,ERR,ERR,ERR,ERR,ERR,ERR,ERR,ERR,ERR,ERR,ERR,ERR,ERR,ERR,ERR,ERR,ERR,ERR,ERR,ERR,ERR,ERR,ERR,ERR,ERR,ERR,0.0,0.0,0.0,0.0,0.0,1.3936040501711995e+18,7.805,0.0,0,0,4,0,7116,0.0,100,0.0,0.0,0.0,0.0,0.0,0,0,0,0,0.0,0,0,0,0,0,0,0,0,0,0,0,0,0,0,0,0,0,0,0,0,0,0,0,0,0,0,0,0,0,0,0,0,0,31,40,40,71,65476,0,300,0,0,8,21553,0.0,-107605600.0,0.0,0.0,0.0,0.0,0.0,0.0,0.0,0.0,0.0,0.0,0.0,0.0,0.0,0.0,0.0,0.0,0.0,0.0,0.0,0.0,-2.004,-0.0,-0.0,-2.004,0.0,0.0,0.0,0.0,6250.0,0.0,6914.0,0.0,0.0,2.7184303811560617e+23,0.0,0.0,0.0,0.0,0.0,69,-2.7184312818759872e+23,-4.950420860761519e+32,0.0,0.0,0.0,0.0,0.0,0.0,0.0,0,0,0,0.0,0.0,0.0,0.0,0.0,0.0,0.0,0.0,0.0,0.0,0.0,0.0,0.0,0.0,0.0,0.0,0,-107875648.0,69,0.0,138,0.0,0.0,0,13107,17040,13107,17049,13107,17043,0,0,0,70,68,100,2.7302359370752657e+23,71.1,0.0,74.2,2.7302370179391762e+23,74.0,1,49,50,180,0,52429,0,0,0.0,0.0,0.0,0.0,-0.0,67.0,0.0,162057.094,0.0,750,0,739,0,0,0,721,0,766,0,736,0,742,0,741,0,712,0,7520,0.032,78383153152.0,0.0,0.0,784,16797,-0.0,162057.094,-114818.039,-0.0,0.133,6.909358625270745e+28,30.0,65.0,35,0.0,0.0,0.0,0.0,0.0,0.0,0.0,0.0,0.0,0.0,0.0,0.0,0.0,0.0,0.0,0.0,69.6,0,150,71,54,65476,0,300,0,1,8,20529,65476,0,0,40632,65.0,0.0,0.0,0.0,0.0,0.0
2026-09-04T20:37:55,ERR,ERR,ERR,ERR,ERR,ERR,ERR,ERR,ERR,ERR,ERR,ERR,ERR,ERR,ERR,ERR,ERR,ERR,ERR,ERR,ERR,ERR,ERR,ERR,ERR,ERR,ERR,ERR,ERR,ERR,ERR,ERR,ERR,ERR,ERR,ERR,ERR,ERR,ERR,ERR,ERR,ERR,ERR,ERR,ERR,ERR,ERR,ERR,ERR,ERR,ERR,ERR,ERR,ERR,ERR,ERR,ERR,ERR,ERR,ERR,ERR,ERR,ERR,ERR,ERR,ERR,ERR,ERR,ERR,ERR,ERR,ERR,ERR,ERR,ERR,ERR,ERR,ERR,ERR,ERR,ERR,ERR,ERR,ERR,ERR,ERR,ERR,ERR,ERR,ERR,ERR,ERR,ERR,ERR,ERR,ERR,ERR,ERR,ERR,ERR,ERR,ERR,ERR,ERR,ERR,ERR,ERR,ERR,ERR,ERR,ERR,ERR,ERR,ERR,ERR,ERR,ERR,ERR,ERR,ERR,ERR,ERR,ERR,ERR,ERR,0.0,0.0,0.0,0.0,0.0,1.3936040501711995e+18,7.805,0.0,0,0,4,0,7116,0.0,100,0.0,0.0,0.0,0.0,0.0,0,0,0,0,0.0,0,0,0,0,0,0,0,0,0,0,0,0,0,0,0,0,0,0,0,0,0,0,0,0,0,0,0,0,0,0,0,0,0,31,40,40,71,65476,0,300,0,0,8,21553,0.0,-107605600.0,0.0,0.0,0.0,0.0,0.0,0.0,0.0,0.0,0.0,0.0,0.0,0.0,0.0,0.0,0.0,0.0,0.0,0.0,0.0,0.0,-2.004,-0.0,-0.0,-2.004,0.0,0.0,0.0,0.0,6250.0,0.0,6914.0,0.0,0.0,2.7184303811560617e+23,0.0,0.0,0.0,0.0,0.0,69,-2.7184312818759872e+23,-4.950420860761519e+32,0.0,0.0,0.0,0.0,0.0,0.0,0.0,0,0,0,0.0,0.0,0.0,0.0,0.0,0.0,0.0,0.0,0.0,0.0,0.0,0.0,0.0,0.0,0.0,0.0,0,-107875648.0,69,0.0,138,0.0,0.0,0,13107,17040,13107,17049,13107,17043,0,0,0,70,68,100,2.7302359370752657e+23,71.1,0.0,74.2,2.7302370179391762e+23,74.0,1,49,50,180,0,52429,0,0,0.0,0.0,0.0,0.0,-0.0,67.0,0.0,162057.094,0.0,750,0,739,0,0,0,721,0,766,0,736,0,742,0,741,0,712,0,7520,0.032,78383153152.0,0.0,0.0,784,16797,-0.0,162057.094,-114818.039,-0.0,0.133,6.909358625270745e+28,30.0,65.0,35,0.0,0.0,0.0,0.0,0.0,0.0,0.0,0.0,0.0,0.0,0.0,0.0,0.0,0.0,0.0,0.0,69.6,0,150,71,54,65476,0,300,0,1,8,20529,65476,0,0,40632,65.0,0.0,0.0,0.0,0.0,0.0
2026-09-04T20:37:56,ERR,ERR,ERR,ERR,ERR,ERR,ERR,ERR,ERR,ERR,ERR,ERR,ERR,ERR,ERR,ERR,ERR,ERR,ERR,ERR,ERR,ERR,ERR,ERR,ERR,ERR,ERR,ERR,ERR,ERR,ERR,ERR,ERR,ERR,ERR,ERR,ERR,ERR,ERR,ERR,ERR,ERR,ERR,ERR,ERR,ERR,ERR,ERR,ERR,ERR,ERR,ERR,ERR,ERR,ERR,ERR,ERR,ERR,ERR,ERR,ERR,ERR,ERR,ERR,ERR,ERR,ERR,ERR,ERR,ERR,ERR,ERR,ERR,ERR,ERR,ERR,ERR,ERR,ERR,ERR,ERR,ERR,ERR,ERR,ERR,ERR,ERR,ERR,ERR,ERR,ERR,ERR,ERR,ERR,ERR,ERR,ERR,ERR,ERR,ERR,ERR,ERR,ERR,ERR,ERR,ERR,ERR,ERR,ERR,ERR,ERR,ERR,ERR,ERR,ERR,ERR,ERR,ERR,ERR,ERR,ERR,ERR,ERR,ERR,ERR,0.0,0.0,0.0,0.0,0.0,1.3936040501711995e+18,7.805,0.0,0,0,4,0,7116,0.0,100,0.0,0.0,0.0,0.0,0.0,0,0,0,0,0.0,0,0,0,0,0,0,0,0,0,0,0,0,0,0,0,0,0,0,0,0,0,0,0,0,0,0,0,0,0,0,0,0,0,31,40,40,71,65476,0,300,0,0,8,21553,0.0,-107605600.0,0.0,0.0,0.0,0.0,0.0,0.0,0.0,0.0,0.0,0.0,0.0,0.0,0.0,0.0,0.0,0.0,0.0,0.0,0.0,0.0,-2.004,-0.0,-0.0,-2.004,0.0,0.0,0.0,0.0,6250.0,0.0,6914.0,0.0,0.0,2.7184303811560617e+23,0.0,0.0,0.0,0.0,0.0,69,-2.7184312818759872e+23,-4.950420860761519e+32,0.0,0.0,0.0,0.0,0.0,0.0,0.0,0,0,0,0.0,0.0,0.0,0.0,0.0,0.0,0.0,0.0,0.0,0.0,0.0,0.0,0.0,0.0,0.0,0.0,0,-107875648.0,69,0.0,138,0.0,0.0,0,13107,17040,13107,17049,13107,17043,0,0,0,70,68,100,2.7302359370752657e+23,71.1,0.0,74.2,2.7302370179391762e+23,74.0,1,49,50,180,0,52429,0,0,0.0,0.0,0.0,0.0,-0.0,67.0,0.0,162057.094,0.0,750,0,739,0,0,0,721,0,766,0,736,0,742,0,741,0,712,0,7520,0.032,78920024064.0,0.0,0.0,784,16797,-0.0,162057.094,-114818.039,-0.0,0.133,6.909358625270745e+28,30.0,65.0,35,0.0,0.0,0.0,0.0,0.0,0.0,0.0,0.0,0.0,0.0,0.0,0.0,0.0,0.0,0.0,0.0,69.2,0,150,71,54,65476,0,300,0,1,8,20529,65476,0,0,40632,65.0,0.0,0.0,0.0,0.0,0.0
2026-09-04T20:37:57,ERR,ERR,ERR,ERR,ERR,ERR,ERR,ERR,ERR,ERR,ERR,ERR,ERR,ERR,ERR,ERR,ERR,ERR,ERR,ERR,ERR,ERR,ERR,ERR,ERR,ERR,ERR,ERR,ERR,ERR,ERR,ERR,ERR,ERR,ERR,ERR,ERR,ERR,ERR,ERR,ERR,ERR,ERR,ERR,ERR,ERR,ERR,ERR,ERR,ERR,ERR,ERR,ERR,ERR,ERR,ERR,ERR,ERR,ERR,ERR,ERR,ERR,ERR,ERR,ERR,ERR,ERR,ERR,ERR,ERR,ERR,ERR,ERR,ERR,ERR,ERR,ERR,ERR,ERR,ERR,ERR,ERR,ERR,ERR,ERR,ERR,ERR,ERR,ERR,ERR,ERR,ERR,ERR,ERR,ERR,ERR,ERR,ERR,ERR,ERR,ERR,ERR,ERR,ERR,ERR,ERR,ERR,ERR,ERR,ERR,ERR,ERR,ERR,ERR,ERR,ERR,ERR,ERR,ERR,ERR,ERR,ERR,ERR,ERR,ERR,0.0,0.0,0.0,0.0,0.0,1.3936040501711995e+18,7.805,0.0,0,0,4,0,7116,0.0,100,0.0,0.0,0.0,0.0,0.0,0,0,0,0,0.0,0,0,0,0,0,0,0,0,0,0,0,0,0,0,0,0,0,0,0,0,0,0,0,0,0,0,0,0,0,0,0,0,0,31,40,40,71,65476,0,300,0,0,8,21553,0.0,-107605600.0,0.0,0.0,0.0,0.0,0.0,0.0,0.0,0.0,0.0,0.0,0.0,0.0,0.0,0.0,0.0,0.0,0.0,0.0,0.0,0.0,-2.004,-0.0,-0.0,-2.004,0.0,0.0,0.0,0.0,6250.0,0.0,6914.0,0.0,0.0,2.7184303811560617e+23,0.0,0.0,0.0,0.0,0.0,69,-2.7184312818759872e+23,-4.950420860761519e+32,0.0,0.0,0.0,0.0,0.0,0.0,0.0,0,0,0,0.0,0.0,0.0,0.0,0.0,0.0,0.0,0.0,0.0,0.0,0.0,0.0,0.0,0.0,0.0,0.0,0,-107875648.0,69,0.0,138,0.0,0.0,0,13107,17040,13107,17049,13107,17043,0,0,0,70,68,100,2.7302359370752657e+23,71.1,0.0,74.2,2.7302370179391762e+23,74.0,1,49,50,180,0,52429,0,0,0.0,0.0,0.0,0.0,-0.0,67.0,0.0,162057.094,0.0,750,0,739,0,0,0,721,0,766,0,736,0,742,0,741,0,712,0,7520,0.032,78920024064.0,0.0,0.0,784,16797,-0.0,162057.094,-114818.039,-0.0,0.133,6.909358625270745e+28,30.0,65.0,35,0.0,0.0,0.0,0.0,0.0,0.0,0.0,0.0,0.0,0.0,0.0,0.0,0.0,0.0,0.0,0.0,69.2,0,150,71,54,65476,0,300,0,1,8,20529,65476,0,0,40632,65.0,0.0,0.0,0.0,0.0,0.0
2026-09-04T20:37:58,ERR,ERR,ERR,ERR,ERR,ERR,ERR,ERR,ERR,ERR,ERR,ERR,ERR,ERR,ERR,ERR,ERR,ERR,ERR,ERR,ERR,ERR,ERR,ERR,ERR,ERR,ERR,ERR,ERR,ERR,ERR,ERR,ERR,ERR,ERR,ERR,ERR,ERR,ERR,ERR,ERR,ERR,ERR,ERR,ERR,ERR,ERR,ERR,ERR,ERR,ERR,ERR,ERR,ERR,ERR,ERR,ERR,ERR,ERR,ERR,ERR,ERR,ERR,ERR,ERR,ERR,ERR,ERR,ERR,ERR,ERR,ERR,ERR,ERR,ERR,ERR,ERR,ERR,ERR,ERR,ERR,ERR,ERR,ERR,ERR,ERR,ERR,ERR,ERR,ERR,ERR,ERR,ERR,ERR,ERR,ERR,ERR,ERR,ERR,ERR,ERR,ERR,ERR,ERR,ERR,ERR,ERR,ERR,ERR,ERR,ERR,ERR,ERR,ERR,ERR,ERR,ERR,ERR,ERR,ERR,ERR,ERR,ERR,ERR,ERR,0.0,0.0,0.0,0.0,0.0,1.3936040501711995e+18,7.805,0.0,0,0,4,0,7116,0.0,100,0.0,0.0,0.0,0.0,0.0,0,0,0,0,0.0,0,0,0,0,0,0,0,0,0,0,0,0,0,0,0,0,0,0,0,0,0,0,0,0,0,0,0,0,0,0,0,0,0,31,40,40,71,65476,0,300,0,0,8,21553,0.0,-107605600.0,0.0,0.0,0.0,0.0,0.0,0.0,0.0,0.0,0.0,0.0,0.0,0.0,0.0,0.0,0.0,0.0,0.0,0.0,0.0,0.0,-2.004,-0.0,-0.0,-2.004,0.0,0.0,0.0,0.0,6250.0,0.0,6914.0,0.0,0.0,2.7184303811560617e+23,0.0,0.0,0.0,0.0,0.0,69,-2.7184312818759872e+23,-4.950420860761519e+32,0.0,0.0,0.0,0.0,0.0,0.0,0.0,0,0,0,0.0,0.0,0.0,0.0,0.0,0.0,0.0,0.0,0.0,0.0,0.0,0.0,0.0,0.0,0.0,0.0,0,-107875648.0,69,0.0,138,0.0,0.0,0,13107,17040,13107,17049,13107,17043,0,0,0,70,68,100,2.7302359370752657e+23,71.1,0.0,74.2,2.7302370179391762e+23,74.0,1,49,50,180,0,52429,0,0,0.0,0.0,0.0,0.0,-0.0,67.0,0.0,162057.094,0.0,750,0,739,0,0,0,721,0,766,0,736,0,742,0,741,0,712,0,7520,0.032,78920024064.0,0.0,0.0,784,16797,-0.0,162057.094,-114818.039,-0.0,0.133,6.909358625270745e+28,30.0,65.0,35,0.0,0.0,0.0,0.0,0.0,0.0,0.0,0.0,0.0,0.0,0.0,0.0,0.0,0.0,0.0,0.0,69.2,0,150,71,54,65476,0,300,0,1,8,20529,65476,0,0,40632,65.0,0.0,0.0,0.0,0.0,0.0
2026-09-04T20:37:59,ERR,ERR,ERR,ERR,ERR,ERR,ERR,ERR,ERR,ERR,ERR,ERR,ERR,ERR,ERR,ERR,ERR,ERR,ERR,ERR,ERR,ERR,ERR,ERR,ERR,ERR,ERR,ERR,ERR,ERR,ERR,ERR,ERR,ERR,ERR,ERR,ERR,ERR,ERR,ERR,ERR,ERR,ERR,ERR,ERR,ERR,ERR,ERR,ERR,ERR,ERR,ERR,ERR,ERR,ERR,ERR,ERR,ERR,ERR,ERR,ERR,ERR,ERR,ERR,ERR,ERR,ERR,ERR,ERR,ERR,ERR,ERR,ERR,ERR,ERR,ERR,ERR,ERR,ERR,ERR,ERR,ERR,ERR,ERR,ERR,ERR,ERR,ERR,ERR,ERR,ERR,ERR,ERR,ERR,ERR,ERR,ERR,ERR,ERR,ERR,ERR,ERR,ERR,ERR,ERR,ERR,ERR,ERR,ERR,ERR,ERR,ERR,ERR,ERR,ERR,ERR,ERR,ERR,ERR,ERR,ERR,ERR,ERR,ERR,ERR,0.0,0.0,0.0,0.0,0.0,1.3936040501711995e+18,7.805,0.0,0,0,4,0,7116,0.0,100,0.0,0.0,0.0,0.0,0.0,0,0,0,0,0.0,0,0,0,0,0,0,0,0,0,0,0,0,0,0,0,0,0,0,0,0,0,0,0,0,0,0,0,0,0,0,0,0,0,31,40,40,71,65476,0,300,0,0,8,21553,0.0,-107605600.0,0.0,0.0,0.0,0.0,0.0,0.0,0.0,0.0,0.0,0.0,0.0,0.0,0.0,0.0,0.0,0.0,0.0,0.0,0.0,0.0,-2.004,-0.0,-0.0,-2.004,0.0,0.0,0.0,0.0,6250.0,0.0,6914.0,0.0,0.0,2.7184303811560617e+23,0.0,0.0,0.0,0.0,0.0,69,-2.7184312818759872e+23,-4.950420860761519e+32,0.0,0.0,0.0,0.0,0.0,0.0,0.0,0,0,0,0.0,0.0,0.0,0.0,0.0,0.0,0.0,0.0,0.0,0.0,0.0,0.0,0.0,0.0,0.0,0.0,0,-107875648.0,69,0.0,138,0.0,0.0,0,13107,17040,13107,17049,13107,17043,0,0,0,70,68,100,2.7302359370752657e+23,71.1,0.0,74.2,2.7302370179391762e+23,74.0,1,49,50,180,0,52429,0,0,0.0,0.0,0.0,0.0,-0.0,67.0,0.0,162057.094,0.0,750,0,739,0,0,0,721,0,766,0,736,0,742,0,741,0,712,0,7520,0.032,78920024064.0,0.0,0.0,784,16797,-0.0,162057.094,-114818.039,-0.0,0.133,6.909358625270745e+28,30.0,65.0,35,0.0,0.0,0.0,0.0,0.0,0.0,0.0,0.0,0.0,0.0,0.0,0.0,0.0,0.0,0.0,0.0,69.2,0,150,71,54,65476,0,300,0,1,8,20529,65476,0,0,40632,65.0,0.0,0.0,0.0,0.0,0.0
2026-09-04T20:38:00,ERR,ERR,ERR,ERR,ERR,ERR,ERR,ERR,ERR,ERR,ERR,ERR,ERR,ERR,ERR,ERR,ERR,ERR,ERR,ERR,ERR,ERR,ERR,ERR,ERR,ERR,ERR,ERR,ERR,ERR,ERR,ERR,ERR,ERR,ERR,ERR,ERR,ERR,ERR,ERR,ERR,ERR,ERR,ERR,ERR,ERR,ERR,ERR,ERR,ERR,ERR,ERR,ERR,ERR,ERR,ERR,ERR,ERR,ERR,ERR,ERR,ERR,ERR,ERR,ERR,ERR,ERR,ERR,ERR,ERR,ERR,ERR,ERR,ERR,ERR,ERR,ERR,ERR,ERR,ERR,ERR,ERR,ERR,ERR,ERR,ERR,ERR,ERR,ERR,ERR,ERR,ERR,ERR,ERR,ERR,ERR,ERR,ERR,ERR,ERR,ERR,ERR,ERR,ERR,ERR,ERR,ERR,ERR,ERR,ERR,ERR,ERR,ERR,ERR,ERR,ERR,ERR,ERR,ERR,ERR,ERR,ERR,ERR,ERR,ERR,0.0,0.0,0.0,0.0,0.0,1.3936040501711995e+18,7.805,0.0,0,0,4,0,7116,0.0,100,0.0,0.0,0.0,0.0,0.0,0,0,0,0,0.0,0,0,0,0,0,0,0,0,0,0,0,0,0,0,0,0,0,0,0,0,0,0,0,0,0,0,0,0,0,0,0,0,0,31,40,40,71,65476,0,300,0,0,8,21553,0.0,-107605600.0,0.0,0.0,0.0,0.0,0.0,0.0,0.0,0.0,0.0,0.0,0.0,0.0,0.0,0.0,0.0,0.0,0.0,0.0,0.0,0.0,-2.004,-0.0,-0.0,-2.004,0.0,0.0,0.0,0.0,6250.0,0.0,6914.0,0.0,0.0,2.7184303811560617e+23,0.0,0.0,0.0,0.0,0.0,69,-2.7184312818759872e+23,-4.950420860761519e+32,0.0,0.0,0.0,0.0,0.0,0.0,0.0,0,0,0,0.0,0.0,0.0,0.0,0.0,0.0,0.0,0.0,0.0,0.0,0.0,0.0,0.0,0.0,0.0,0.0,0,-107875648.0,69,0.0,138,0.0,0.0,0,13107,17040,13107,17049,13107,17043,0,0,0,70,68,100,2.7302359370752657e+23,71.1,0.0,74.2,2.7302370179391762e+23,74.0,1,49,50,180,0,52429,0,0,0.0,0.0,0.0,0.0,-0.0,67.0,0.0,162057.094,0.0,750,0,739,0,0,0,721,0,766,0,736,0,742,0,741,0,712,0,7520,0.032,78920024064.0,0.0,0.0,784,16797,-0.0,162057.094,-114818.039,-0.0,0.133,6.909358625270745e+28,30.0,65.0,35,0.0,0.0,0.0,0.0,0.0,0.0,0.0,0.0,0.0,0.0,0.0,0.0,0.0,0.0,0.0,0.0,69.2,0,150,71,54,65476,0,300,0,1,8,20529,65476,0,0,40632,65.0,0.0,0.0,0.0,0.0,0.0
2026-09-04T20:38:01,ERR,ERR,ERR,ERR,ERR,ERR,ERR,ERR,ERR,ERR,ERR,ERR,ERR,ERR,ERR,ERR,ERR,ERR,ERR,ERR,ERR,ERR,ERR,ERR,ERR,ERR,ERR,ERR,ERR,ERR,ERR,ERR,ERR,ERR,ERR,ERR,ERR,ERR,ERR,ERR,ERR,ERR,ERR,ERR,ERR,ERR,ERR,ERR,ERR,ERR,ERR,ERR,ERR,ERR,ERR,ERR,ERR,ERR,ERR,ERR,ERR,ERR,ERR,ERR,ERR,ERR,ERR,ERR,ERR,ERR,ERR,ERR,ERR,ERR,ERR,ERR,ERR,ERR,ERR,ERR,ERR,ERR,ERR,ERR,ERR,ERR,ERR,ERR,ERR,ERR,ERR,ERR,ERR,ERR,ERR,ERR,ERR,ERR,ERR,ERR,ERR,ERR,ERR,ERR,ERR,ERR,ERR,ERR,ERR,ERR,ERR,ERR,ERR,ERR,ERR,ERR,ERR,ERR,ERR,ERR,ERR,ERR,ERR,ERR,ERR,0.0,0.0,0.0,0.0,0.0,1.3936040501711995e+18,7.805,0.0,0,0,4,0,7116,0.0,100,0.0,0.0,0.0,0.0,0.0,0,0,0,0,0.0,0,0,0,0,0,0,0,0,0,0,0,0,0,0,0,0,0,0,0,0,0,0,0,0,0,0,0,0,0,0,0,0,0,31,40,40,71,65476,0,300,0,0,8,21553,0.0,-107605600.0,0.0,0.0,0.0,0.0,0.0,0.0,0.0,0.0,0.0,0.0,0.0,0.0,0.0,0.0,0.0,0.0,0.0,0.0,0.0,0.0,-2.004,-0.0,-0.0,-2.004,0.0,0.0,0.0,0.0,6280.0,3.697203725810742e+19,6924.0,0.0,0.0,2.7184303811560617e+23,0.0,0.0,0.0,0.0,0.0,69,-3.222031175229641e+26,1.9056946845004595e+17,0.0,0.0,0.0,0.0,0.0,0.0,0.0,0,0,0,0.0,0.0,0.0,0.0,0.0,0.0,0.0,0.0,0.0,0.0,0.0,0.0,0.0,0.0,0.0,0.0,0,-107875648.0,69,0.0,138,0.0,0.0,0,13107,17040,13107,17049,13107,17043,0,0,0,70,68,100,2.7302359370752657e+23,71.1,0.0,74.2,2.7302370179391762e+23,74.0,1,49,50,180,0,52429,0,0,0.0,0.0,0.0,0.0,-0.0,67.0,0.0,162057.094,0.0,750,0,739,0,0,0,721,0,766,0,736,0,742,0,741,0,712,0,7520,0.032,79456894976.0,0.0,0.0,784,16797,-0.0,162057.094,-114818.039,-0.0,0.133,6.909358625270745e+28,30.0,65.0,35,0.0,0.0,0.0,0.0,0.0,0.0,0.0,0.0,0.0,0.0,0.0,0.0,0.0,0.0,0.0,0.0,69.2,0,150,71,54,65476,0,300,0,1,8,20529,65476,0,0,40632,65.0,0.0,0.0,0.0,0.0,0.0
2026-09-04T20:38:02,ERR,ERR,ERR,ERR,ERR,ERR,ERR,ERR,ERR,ERR,ERR,ERR,ERR,ERR,ERR,ERR,ERR,ERR,ERR,ERR,ERR,ERR,ERR,ERR,ERR,ERR,ERR,ERR,ERR,ERR,ERR,ERR,ERR,ERR,ERR,ERR,ERR,ERR,ERR,ERR,ERR,ERR,ERR,ERR,ERR,ERR,ERR,ERR,ERR,ERR,ERR,ERR,ERR,ERR,ERR,ERR,ERR,ERR,ERR,ERR,ERR,ERR,ERR,ERR,ERR,ERR,ERR,ERR,ERR,ERR,ERR,ERR,ERR,ERR,ERR,ERR,ERR,ERR,ERR,ERR,ERR,ERR,ERR,ERR,ERR,ERR,ERR,ERR,ERR,ERR,ERR,ERR,ERR,ERR,ERR,ERR,ERR,ERR,ERR,ERR,ERR,ERR,ERR,ERR,ERR,ERR,ERR,ERR,ERR,ERR,ERR,ERR,ERR,ERR,ERR,ERR,ERR,ERR,ERR,ERR,ERR,ERR,ERR,ERR,ERR,0.0,0.0,0.0,0.0,0.0,1.3936040501711995e+18,7.805,0.0,0,0,4,0,7116,0.0,100,0.0,0.0,0.0,0.0,0.0,0,0,0,0,0.0,0,0,0,0,0,0,0,0,0,0,0,0,0,0,0,0,0,0,0,0,0,0,0,0,0,0,0,0,0,0,0,0,0,31,40,40,71,65476,0,300,0,0,8,21553,0.0,-107605600.0,0.0,0.0,0.0,0.0,0.0,0.0,0.0,0.0,0.0,0.0,0.0,0.0,0.0,0.0,0.0,0.0,0.0,0.0,0.0,0.0,-2.004,-0.0,-0.0,-2.004,0.0,0.0,0.0,0.0,6280.0,3.697203725810742e+19,6924.0,0.0,0.0,2.7184303811560617e+23,0.0,0.0,0.0,0.0,0.0,69,-3.222031175229641e+26,1.9056946845004595e+17,0.0,0.0,0.0,0.0,0.0,0.0,0.0,0,0,0,0.0,0.0,0.0,0.0,0.0,0.0,0.0,0.0,0.0,0.0,0.0,0.0,0.0,0.0,0.0,0.0,0,-107875648.0,69,0.0,138,0.0,0.0,0,13107,17040,13107,17049,13107,17043,0,0,0,70,68,100,2.7302359370752657e+23,71.1,0.0,74.2,2.7302370179391762e+23,74.0,1,49,50,180,0,52429,0,0,0.0,0.0,0.0,0.0,-0.0,67.0,0.0,162057.094,0.0,750,0,739,0,0,0,721,0,766,0,736,0,742,0,741,0,712,0,7520,0.032,79456894976.0,0.0,0.0,784,16797,-0.0,162057.094,-114818.039,-0.0,0.133,6.909358625270745e+28,30.0,65.0,35,0.0,0.0,0.0,0.0,0.0,0.0,0.0,0.0,0.0,0.0,0.0,0.0,0.0,0.0,0.0,0.0,69.2,0,150,71,54,65476,0,300,0,1,8,20529,65476,0,0,40632,65.0,0.0,0.0,0.0,0.0,0.0
2026-09-04T20:38:03,ERR,ERR,ERR,ERR,ERR,ERR,ERR,ERR,ERR,ERR,ERR,ERR,ERR,ERR,ERR,ERR,ERR,ERR,ERR,ERR,ERR,ERR,ERR,ERR,ERR,ERR,ERR,ERR,ERR,ERR,ERR,ERR,ERR,ERR,ERR,ERR,ERR,ERR,ERR,ERR,ERR,ERR,ERR,ERR,ERR,ERR,ERR,ERR,ERR,ERR,ERR,ERR,ERR,ERR,ERR,ERR,ERR,ERR,ERR,ERR,ERR,ERR,ERR,ERR,ERR,ERR,ERR,ERR,ERR,ERR,ERR,ERR,ERR,ERR,ERR,ERR,ERR,ERR,ERR,ERR,ERR,ERR,ERR,ERR,ERR,ERR,ERR,ERR,ERR,ERR,ERR,ERR,ERR,ERR,ERR,ERR,ERR,ERR,ERR,ERR,ERR,ERR,ERR,ERR,ERR,ERR,ERR,ERR,ERR,ERR,ERR,ERR,ERR,ERR,ERR,ERR,ERR,ERR,ERR,ERR,ERR,ERR,ERR,ERR,ERR,0.0,0.0,0.0,0.0,0.0,1.3936040501711995e+18,7.805,0.0,0,0,4,0,7116,0.0,100,0.0,0.0,0.0,0.0,0.0,0,0,0,0,0.0,0,0,0,0,0,0,0,0,0,0,0,0,0,0,0,0,0,0,0,0,0,0,0,0,0,0,0,0,0,0,0,0,0,31,40,40,71,65476,0,300,0,0,8,21553,0.0,-107605600.0,0.0,0.0,0.0,0.0,0.0,0.0,0.0,0.0,0.0,0.0,0.0,0.0,0.0,0.0,0.0,0.0,0.0,0.0,0.0,0.0,-2.004,-0.0,-0.0,-2.004,0.0,0.0,0.0,0.0,6280.0,3.697203725810742e+19,6924.0,0.0,0.0,2.7184303811560617e+23,0.0,0.0,0.0,0.0,0.0,69,-3.222031175229641e+26,1.9056946845004595e+17,0.0,0.0,0.0,0.0,0.0,0.0,0.0,0,0,0,0.0,0.0,0.0,0.0,0.0,0.0,0.0,0.0,0.0,0.0,0.0,0.0,0.0,0.0,0.0,0.0,0,-107875648.0,69,0.0,138,0.0,0.0,0,13107,17040,13107,17049,13107,17043,0,0,0,70,68,100,2.7302359370752657e+23,71.1,0.0,74.2,2.7302370179391762e+23,74.0,1,49,50,180,0,52429,0,0,0.0,0.0,0.0,0.0,-0.0,67.0,0.0,162057.094,0.0,750,0,739,0,0,0,721,0,766,0,736,0,742,0,741,0,712,0,7520,0.032,79456894976.0,0.0,0.0,784,16797,-0.0,162057.094,-114818.039,-0.0,0.133,6.909358625270745e+28,30.0,65.0,35,0.0,0.0,0.0,0.0,0.0,0.0,0.0,0.0,0.0,0.0,0.0,0.0,0.0,0.0,0.0,0.0,69.2,0,150,71,54,65476,0,300,0,1,8,20529,65476,0,0,40632,65.0,0.0,0.0,0.0,0.0,0.0
2026-09-04T20:38:04,ERR,ERR,ERR,ERR,ERR,ERR,ERR,ERR,ERR,ERR,ERR,ERR,ERR,ERR,ERR,ERR,ERR,ERR,ERR,ERR,ERR,ERR,ERR,ERR,ERR,ERR,ERR,ERR,ERR,ERR,ERR,ERR,ERR,ERR,ERR,ERR,ERR,ERR,ERR,ERR,ERR,ERR,ERR,ERR,ERR,ERR,ERR,ERR,ERR,ERR,ERR,ERR,ERR,ERR,ERR,ERR,ERR,ERR,ERR,ERR,ERR,ERR,ERR,ERR,ERR,ERR,ERR,ERR,ERR,ERR,ERR,ERR,ERR,ERR,ERR,ERR,ERR,ERR,ERR,ERR,ERR,ERR,ERR,ERR,ERR,ERR,ERR,ERR,ERR,ERR,ERR,ERR,ERR,ERR,ERR,ERR,ERR,ERR,ERR,ERR,ERR,ERR,ERR,ERR,ERR,ERR,ERR,ERR,ERR,ERR,ERR,ERR,ERR,ERR,ERR,ERR,ERR,ERR,ERR,ERR,ERR,ERR,ERR,ERR,ERR,0.0,0.0,0.0,0.0,0.0,1.3936040501711995e+18,7.805,0.0,0,0,4,0,7116,0.0,100,0.0,0.0,0.0,0.0,0.0,0,0,0,0,0.0,0,0,0,0,0,0,0,0,0,0,0,0,0,0,0,0,0,0,0,0,0,0,0,0,0,0,0,0,0,0,0,0,0,31,40,40,71,65476,0,300,0,0,8,21553,0.0,-107605600.0,0.0,0.0,0.0,0.0,0.0,0.0,0.0,0.0,0.0,0.0,0.0,0.0,0.0,0.0,0.0,0.0,0.0,0.0,0.0,0.0,-2.004,-0.0,-0.0,-2.004,0.0,0.0,0.0,0.0,6280.0,3.697203725810742e+19,6924.0,0.0,0.0,2.7184303811560617e+23,0.0,0.0,0.0,0.0,0.0,69,-3.222031175229641e+26,1.9056946845004595e+17,0.0,0.0,0.0,0.0,0.0,0.0,0.0,0,0,0,0.0,0.0,0.0,0.0,0.0,0.0,0.0,0.0,0.0,0.0,0.0,0.0,0.0,0.0,0.0,0.0,0,-107875648.0,69,0.0,138,0.0,0.0,0,13107,17040,13107,17049,13107,17043,0,0,0,70,68,100,2.7302359370752657e+23,71.1,0.0,74.2,2.7302370179391762e+23,74.0,1,49,50,180,0,52429,0,0,0.0,0.0,0.0,0.0,-0.0,67.0,0.0,162057.094,0.0,750,0,739,0,0,0,721,0,766,0,736,0,742,0,741,0,712,0,7520,0.032,79456894976.0,0.0,0.0,784,16797,-0.0,162057.094,-114818.039,-0.0,0.133,6.909358625270745e+28,30.0,65.0,35,0.0,0.0,0.0,0.0,0.0,0.0,0.0,0.0,0.0,0.0,0.0,0.0,0.0,0.0,0.0,0.0,69.2,0,150,71,54,65476,0,300,0,1,8,20529,65476,0,0,40632,65.0,0.0,0.0,0.0,0.0,0.0
2026-09-04T20:38:05,ERR,ERR,ERR,ERR,ERR,ERR,ERR,ERR,ERR,ERR,ERR,ERR,ERR,ERR,ERR,ERR,ERR,ERR,ERR,ERR,ERR,ERR,ERR,ERR,ERR,ERR,ERR,ERR,ERR,ERR,ERR,ERR,ERR,ERR,ERR,ERR,ERR,ERR,ERR,ERR,ERR,ERR,ERR,ERR,ERR,ERR,ERR,ERR,ERR,ERR,ERR,ERR,ERR,ERR,ERR,ERR,ERR,ERR,ERR,ERR,ERR,ERR,ERR,ERR,ERR,ERR,ERR,ERR,ERR,ERR,ERR,ERR,ERR,ERR,ERR,ERR,ERR,ERR,ERR,ERR,ERR,ERR,ERR,ERR,ERR,ERR,ERR,ERR,ERR,ERR,ERR,ERR,ERR,ERR,ERR,ERR,ERR,ERR,ERR,ERR,ERR,ERR,ERR,ERR,ERR,ERR,ERR,ERR,ERR,ERR,ERR,ERR,ERR,ERR,ERR,ERR,ERR,ERR,ERR,ERR,ERR,ERR,ERR,ERR,ERR,0.0,0.0,0.0,0.0,0.0,1.3936040501711995e+18,7.805,0.0,0,0,4,0,7116,0.0,100,0.0,0.0,0.0,0.0,0.0,0,0,0,0,0.0,0,0,0,0,0,0,0,0,0,0,0,0,0,0,0,0,0,0,0,0,0,0,0,0,0,0,0,0,0,0,0,0,0,31,40,40,71,65476,0,300,0,0,8,21553,0.0,-107605600.0,0.0,0.0,0.0,0.0,0.0,0.0,0.0,0.0,0.0,0.0,0.0,0.0,0.0,0.0,0.0,0.0,0.0,0.0,0.0,0.0,-2.004,-0.0,-0.0,-2.004,0.0,0.0,0.0,0.0,6280.0,3.697203725810742e+19,6924.0,0.0,0.0,2.7184303811560617e+23,0.0,0.0,0.0,0.0,0.0,69,-3.222031175229641e+26,1.9056946845004595e+17,0.0,0.0,0.0,0.0,0.0,0.0,0.0,0,0,0,0.0,0.0,0.0,0.0,0.0,0.0,0.0,0.0,0.0,0.0,0.0,0.0,0.0,0.0,0.0,0.0,0,-107875648.0,69,0.0,138,0.0,0.0,0,13107,17040,13107,17049,13107,17043,0,0,0,70,68,100,2.7302359370752657e+23,71.1,0.0,74.2,2.7302370179391762e+23,74.0,1,49,50,180,0,52429,0,0,0.0,0.0,0.0,0.0,-0.0,67.0,0.0,162057.094,0.0,750,0,739,0,0,0,721,0,766,0,736,0,742,0,741,0,712,0,7520,0.032,79456894976.0,0.0,0.0,784,16797,-0.0,162057.094,-114818.039,-0.0,0.133,6.909358625270745e+28,30.0,65.0,35,0.0,0.0,0.0,0.0,0.0,0.0,0.0,0.0,0.0,0.0,0.0,0.0,0.0,0.0,0.0,0.0,69.2,0,150,71,54,65476,0,300,0,1,8,20529,65476,0,0,40632,65.0,0.0,0.0,0.0,0.0,0.0
2026-09-04T20:38:06,ERR,ERR,ERR,ERR,ERR,ERR,ERR,ERR,ERR,ERR,ERR,ERR,ERR,ERR,ERR,ERR,ERR,ERR,ERR,ERR,ERR,ERR,ERR,ERR,ERR,ERR,ERR,ERR,ERR,ERR,ERR,ERR,ERR,ERR,ERR,ERR,ERR,ERR,ERR,ERR,ERR,ERR,ERR,ERR,ERR,ERR,ERR,ERR,ERR,ERR,ERR,ERR,ERR,ERR,ERR,ERR,ERR,ERR,ERR,ERR,ERR,ERR,ERR,ERR,ERR,ERR,ERR,ERR,ERR,ERR,ERR,ERR,ERR,ERR,ERR,ERR,ERR,ERR,ERR,ERR,ERR,ERR,ERR,ERR,ERR,ERR,ERR,ERR,ERR,ERR,ERR,ERR,ERR,ERR,ERR,ERR,ERR,ERR,ERR,ERR,ERR,ERR,ERR,ERR,ERR,ERR,ERR,ERR,ERR,ERR,ERR,ERR,ERR,ERR,ERR,ERR,ERR,ERR,ERR,ERR,ERR,ERR,ERR,ERR,ERR,0.0,0.0,0.0,0.0,0.0,1.3936040501711995e+18,7.805,0.0,0,0,4,0,7116,0.0,100,0.0,0.0,0.0,0.0,0.0,0,0,0,0,0.0,0,0,0,0,0,0,0,0,0,0,0,0,0,0,0,0,0,0,0,0,0,0,0,0,0,0,0,0,0,0,0,0,0,31,40,40,71,65476,0,300,0,0,8,21553,0.0,-107605600.0,0.0,0.0,0.0,0.0,0.0,0.0,0.0,0.0,0.0,0.0,0.0,0.0,0.0,0.0,0.0,0.0,0.0,0.0,0.0,0.0,-2.004,-0.0,-0.0,-2.004,0.0,0.0,0.0,0.0,6280.0,3.697203725810742e+19,6924.0,0.0,0.0,2.7184303811560617e+23,0.0,0.0,0.0,0.0,0.0,69,-3.222031175229641e+26,1.9056946845004595e+17,0.0,0.0,0.0,0.0,0.0,0.0,0.0,0,0,0,0.0,0.0,0.0,0.0,0.0,0.0,0.0,0.0,0.0,0.0,0.0,0.0,0.0,0.0,0.0,0.0,0,-107875648.0,69,0.0,138,0.0,0.0,0,13107,17040,13107,17049,13107,17043,0,0,0,70,68,100,2.7302359370752657e+23,71.1,0.0,74.2,2.7302370179391762e+23,74.0,1,49,50,180,0,52429,0,0,0.0,0.0,0.0,0.0,-0.0,67.0,0.0,162057.094,0.0,750,0,739,0,0,0,721,0,766,0,736,0,742,0,741,0,712,0,7520,0.032,78920024064.0,0.0,0.0,784,16797,-0.0,162057.094,-114818.039,-0.0,0.133,6.909358625270745e+28,30.0,65.0,35,0.0,0.0,0.0,0.0,0.0,0.0,0.0,0.0,0.0,0.0,0.0,0.0,0.0,0.0,0.0,0.0,69.6,0,150,71,54,65476,0,300,0,1,8,20529,65476,0,0,40632,65.0,0.0,0.0,0.0,0.0,0.0
2026-09-04T20:38:07,ERR,ERR,ERR,ERR,ERR,ERR,ERR,ERR,ERR,ERR,ERR,ERR,ERR,ERR,ERR,ERR,ERR,ERR,ERR,ERR,ERR,ERR,ERR,ERR,ERR,ERR,ERR,ERR,ERR,ERR,ERR,ERR,ERR,ERR,ERR,ERR,ERR,ERR,ERR,ERR,ERR,ERR,ERR,ERR,ERR,ERR,ERR,ERR,ERR,ERR,ERR,ERR,ERR,ERR,ERR,ERR,ERR,ERR,ERR,ERR,ERR,ERR,ERR,ERR,ERR,ERR,ERR,ERR,ERR,ERR,ERR,ERR,ERR,ERR,ERR,ERR,ERR,ERR,ERR,ERR,ERR,ERR,ERR,ERR,ERR,ERR,ERR,ERR,ERR,ERR,ERR,ERR,ERR,ERR,ERR,ERR,ERR,ERR,ERR,ERR,ERR,ERR,ERR,ERR,ERR,ERR,ERR,ERR,ERR,ERR,ERR,ERR,ERR,ERR,ERR,ERR,ERR,ERR,ERR,ERR,ERR,ERR,ERR,ERR,ERR,0.0,0.0,0.0,0.0,0.0,1.3936040501711995e+18,7.805,0.0,0,0,4,0,7116,0.0,100,0.0,0.0,0.0,0.0,0.0,0,0,0,0,0.0,0,0,0,0,0,0,0,0,0,0,0,0,0,0,0,0,0,0,0,0,0,0,0,0,0,0,0,0,0,0,0,0,0,31,40,40,71,65476,0,300,0,0,8,21553,0.0,-107605600.0,0.0,0.0,0.0,0.0,0.0,0.0,0.0,0.0,0.0,0.0,0.0,0.0,0.0,0.0,0.0,0.0,0.0,0.0,0.0,0.0,-2.004,-0.0,-0.0,-2.004,0.0,0.0,0.0,0.0,6280.0,3.697203725810742e+19,6924.0,0.0,0.0,2.7184303811560617e+23,0.0,0.0,0.0,0.0,0.0,69,-3.222031175229641e+26,1.9056946845004595e+17,0.0,0.0,0.0,0.0,0.0,0.0,0.0,0,0,0,0.0,0.0,0.0,0.0,0.0,0.0,0.0,0.0,0.0,0.0,0.0,0.0,0.0,0.0,0.0,0.0,0,-107875648.0,69,0.0,138,0.0,0.0,0,13107,17040,13107,17049,13107,17043,0,0,0,70,68,100,2.7302359370752657e+23,71.1,0.0,74.2,2.7302370179391762e+23,74.0,1,49,50,180,0,52429,0,0,0.0,0.0,0.0,0.0,-0.0,67.0,0.0,162057.094,0.0,750,0,739,0,0,0,721,0,766,0,736,0,742,0,741,0,712,0,7520,0.032,78920024064.0,0.0,0.0,784,16797,-0.0,162057.094,-114818.039,-0.0,0.133,6.909358625270745e+28,30.0,65.0,35,0.0,0.0,0.0,0.0,0.0,0.0,0.0,0.0,0.0,0.0,0.0,0.0,0.0,0.0,0.0,0.0,69.6,0,150,71,54,65476,0,300,0,1,8,20529,65476,0,0,40632,65.0,0.0,0.0,0.0,0.0,0.0
2026-09-04T20:38:08,ERR,ERR,ERR,ERR,ERR,ERR,ERR,ERR,ERR,ERR,ERR,ERR,ERR,ERR,ERR,ERR,ERR,ERR,ERR,ERR,ERR,ERR,ERR,ERR,ERR,ERR,ERR,ERR,ERR,ERR,ERR,ERR,ERR,ERR,ERR,ERR,ERR,ERR,ERR,ERR,ERR,ERR,ERR,ERR,ERR,ERR,ERR,ERR,ERR,ERR,ERR,ERR,ERR,ERR,ERR,ERR,ERR,ERR,ERR,ERR,ERR,ERR,ERR,ERR,ERR,ERR,ERR,ERR,ERR,ERR,ERR,ERR,ERR,ERR,ERR,ERR,ERR,ERR,ERR,ERR,ERR,ERR,ERR,ERR,ERR,ERR,ERR,ERR,ERR,ERR,ERR,ERR,ERR,ERR,ERR,ERR,ERR,ERR,ERR,ERR,ERR,ERR,ERR,ERR,ERR,ERR,ERR,ERR,ERR,ERR,ERR,ERR,ERR,ERR,ERR,ERR,ERR,ERR,ERR,ERR,ERR,ERR,ERR,ERR,ERR,0.0,0.0,0.0,0.0,0.0,1.3936040501711995e+18,7.805,0.0,0,0,4,0,7116,0.0,100,0.0,0.0,0.0,0.0,0.0,0,0,0,0,0.0,0,0,0,0,0,0,0,0,0,0,0,0,0,0,0,0,0,0,0,0,0,0,0,0,0,0,0,0,0,0,0,0,0,31,40,40,71,65476,0,300,0,0,8,21553,0.0,-107605600.0,0.0,0.0,0.0,0.0,0.0,0.0,0.0,0.0,0.0,0.0,0.0,0.0,0.0,0.0,0.0,0.0,0.0,0.0,0.0,0.0,-2.004,-0.0,-0.0,-2.004,0.0,0.0,0.0,0.0,6315.0,0.0,6919.0,0.0,0.0,2.7184303811560617e+23,0.0,0.0,0.0,0.0,0.0,69,0.0,4.0668733030591226e+29,0.0,0.0,0.0,0.0,0.0,0.0,0.0,0,0,0,0.0,0.0,0.0,0.0,0.0,0.0,0.0,0.0,0.0,0.0,0.0,0.0,0.0,0.0,0.0,0.0,0,-107875648.0,69,0.0,138,0.0,0.0,0,13107,17040,13107,17049,13107,17043,0,0,0,70,68,100,2.7302359370752657e+23,71.1,0.0,74.2,2.7302370179391762e+23,74.0,1,49,50,180,0,52429,0,0,0.0,0.0,0.0,0.0,-0.0,67.0,0.0,162057.094,0.0,750,0,739,0,0,0,721,0,766,0,736,0,742,0,741,0,712,0,7520,0.032,78920024064.0,0.0,0.0,784,16797,-0.0,162057.094,-114818.039,-0.0,0.133,6.909358625270745e+28,30.0,65.0,35,0.0,0.0,0.0,0.0,0.0,0.0,0.0,0.0,0.0,0.0,0.0,0.0,0.0,0.0,0.0,0.0,69.2,0,150,71,54,65476,0,300,0,1,8,20529,65476,0,0,40632,65.0,0.0,0.0,0.0,0.0,0.0
2026-09-04T20:38:09,ERR,ERR,ERR,ERR,ERR,ERR,ERR,ERR,ERR,ERR,ERR,ERR,ERR,ERR,ERR,ERR,ERR,ERR,ERR,ERR,ERR,ERR,ERR,ERR,ERR,ERR,ERR,ERR,ERR,ERR,ERR,ERR,ERR,ERR,ERR,ERR,ERR,ERR,ERR,ERR,ERR,ERR,ERR,ERR,ERR,ERR,ERR,ERR,ERR,ERR,ERR,ERR,ERR,ERR,ERR,ERR,ERR,ERR,ERR,ERR,ERR,ERR,ERR,ERR,ERR,ERR,ERR,ERR,ERR,ERR,ERR,ERR,ERR,ERR,ERR,ERR,ERR,ERR,ERR,ERR,ERR,ERR,ERR,ERR,ERR,ERR,ERR,ERR,ERR,ERR,ERR,ERR,ERR,ERR,ERR,ERR,ERR,ERR,ERR,ERR,ERR,ERR,ERR,ERR,ERR,ERR,ERR,ERR,ERR,ERR,ERR,ERR,ERR,ERR,ERR,ERR,ERR,ERR,ERR,ERR,ERR,ERR,ERR,ERR,ERR,0.0,0.0,0.0,0.0,0.0,1.3936040501711995e+18,7.805,0.0,0,0,4,0,7116,0.0,100,0.0,0.0,0.0,0.0,0.0,0,0,0,0,0.0,0,0,0,0,0,0,0,0,0,0,0,0,0,0,0,0,0,0,0,0,0,0,0,0,0,0,0,0,0,0,0,0,0,31,40,40,71,65476,0,300,0,0,8,21553,0.0,-107605600.0,0.0,0.0,0.0,0.0,0.0,0.0,0.0,0.0,0.0,0.0,0.0,0.0,0.0,0.0,0.0,0.0,0.0,0.0,0.0,0.0,-2.004,-0.0,-0.0,-2.004,0.0,0.0,0.0,0.0,6315.0,0.0,6919.0,0.0,0.0,2.7184303811560617e+23,0.0,0.0,0.0,0.0,0.0,69,0.0,4.0668733030591226e+29,0.0,0.0,0.0,0.0,0.0,0.0,0.0,0,0,0,0.0,0.0,0.0,0.0,0.0,0.0,0.0,0.0,0.0,0.0,0.0,0.0,0.0,0.0,0.0,0.0,0,-107875648.0,69,0.0,138,0.0,0.0,0,13107,17040,13107,17049,13107,17043,0,0,0,70,68,100,2.7302359370752657e+23,71.1,0.0,74.2,2.7302370179391762e+23,74.0,1,49,50,180,0,52429,0,0,0.0,0.0,0.0,0.0,-0.0,67.0,0.0,162057.094,0.0,750,0,739,0,0,0,721,0,766,0,736,0,742,0,741,0,712,0,7520,0.032,78920024064.0,0.0,0.0,784,16797,-0.0,162057.094,-114818.039,-0.0,0.133,6.909358625270745e+28,30.0,65.0,35,0.0,0.0,0.0,0.0,0.0,0.0,0.0,0.0,0.0,0.0,0.0,0.0,0.0,0.0,0.0,0.0,69.2,0,150,71,54,65476,0,300,0,1,8,20529,65476,0,0,40632,65.0,0.0,0.0,0.0,0.0,0.0
2026-09-04T20:38:10,ERR,ERR,ERR,ERR,ERR,ERR,ERR,ERR,ERR,ERR,ERR,ERR,ERR,ERR,ERR,ERR,ERR,ERR,ERR,ERR,ERR,ERR,ERR,ERR,ERR,ERR,ERR,ERR,ERR,ERR,ERR,ERR,ERR,ERR,ERR,ERR,ERR,ERR,ERR,ERR,ERR,ERR,ERR,ERR,ERR,ERR,ERR,ERR,ERR,ERR,ERR,ERR,ERR,ERR,ERR,ERR,ERR,ERR,ERR,ERR,ERR,ERR,ERR,ERR,ERR,ERR,ERR,ERR,ERR,ERR,ERR,ERR,ERR,ERR,ERR,ERR,ERR,ERR,ERR,ERR,ERR,ERR,ERR,ERR,ERR,ERR,ERR,ERR,ERR,ERR,ERR,ERR,ERR,ERR,ERR,ERR,ERR,ERR,ERR,ERR,ERR,ERR,ERR,ERR,ERR,ERR,ERR,ERR,ERR,ERR,ERR,ERR,ERR,ERR,ERR,ERR,ERR,ERR,ERR,ERR,ERR,ERR,ERR,ERR,ERR,0.0,0.0,0.0,0.0,0.0,1.3936040501711995e+18,7.805,0.0,0,0,4,0,7116,0.0,100,0.0,0.0,0.0,0.0,0.0,0,0,0,0,0.0,0,0,0,0,0,0,0,0,0,0,0,0,0,0,0,0,0,0,0,0,0,0,0,0,0,0,0,0,0,0,0,0,0,31,40,40,71,65476,0,300,0,0,8,21553,0.0,-107605600.0,0.0,0.0,0.0,0.0,0.0,0.0,0.0,0.0,0.0,0.0,0.0,0.0,0.0,0.0,0.0,0.0,0.0,0.0,0.0,0.0,-2.004,-0.0,-0.0,-2.004,0.0,0.0,0.0,0.0,6315.0,0.0,6919.0,0.0,0.0,2.7184303811560617e+23,0.0,0.0,0.0,0.0,0.0,69,0.0,4.0668733030591226e+29,0.0,0.0,0.0,0.0,0.0,0.0,0.0,0,0,0,0.0,0.0,0.0,0.0,0.0,0.0,0.0,0.0,0.0,0.0,0.0,0.0,0.0,0.0,0.0,0.0,0,-107875648.0,69,0.0,138,0.0,0.0,0,13107,17040,13107,17049,13107,17043,0,0,0,70,68,100,2.7302359370752657e+23,71.1,0.0,74.2,2.7302370179391762e+23,74.0,1,49,50,180,0,52429,0,0,0.0,0.0,0.0,0.0,-0.0,67.0,0.0,162057.094,0.0,750,0,739,0,0,0,721,0,766,0,736,0,742,0,741,0,712,0,7520,0.032,78920024064.0,0.0,0.0,784,16797,-0.0,162057.094,-114818.039,-0.0,0.133,6.909358625270745e+28,30.0,65.0,35,0.0,0.0,0.0,0.0,0.0,0.0,0.0,0.0,0.0,0.0,0.0,0.0,0.0,0.0,0.0,0.0,69.2,0,150,71,54,65476,0,300,0,1,8,20529,65476,0,0,40632,65.0,0.0,0.0,0.0,0.0,0.0
2026-09-04T20:38:11,ERR,ERR,ERR,ERR,ERR,ERR,ERR,ERR,ERR,ERR,ERR,ERR,ERR,ERR,ERR,ERR,ERR,ERR,ERR,ERR,ERR,ERR,ERR,ERR,ERR,ERR,ERR,ERR,ERR,ERR,ERR,ERR,ERR,ERR,ERR,ERR,ERR,ERR,ERR,ERR,ERR,ERR,ERR,ERR,ERR,ERR,ERR,ERR,ERR,ERR,ERR,ERR,ERR,ERR,ERR,ERR,ERR,ERR,ERR,ERR,ERR,ERR,ERR,ERR,ERR,ERR,ERR,ERR,ERR,ERR,ERR,ERR,ERR,ERR,ERR,ERR,ERR,ERR,ERR,ERR,ERR,ERR,ERR,ERR,ERR,ERR,ERR,ERR,ERR,ERR,ERR,ERR,ERR,ERR,ERR,ERR,ERR,ERR,ERR,ERR,ERR,ERR,ERR,ERR,ERR,ERR,ERR,ERR,ERR,ERR,ERR,ERR,ERR,ERR,ERR,ERR,ERR,ERR,ERR,ERR,ERR,ERR,ERR,ERR,ERR,0.0,0.0,0.0,0.0,0.0,1.3936040501711995e+18,7.805,0.0,0,0,4,0,7116,0.0,100,0.0,0.0,0.0,0.0,0.0,0,0,0,0,0.0,0,0,0,0,0,0,0,0,0,0,0,0,0,0,0,0,0,0,0,0,0,0,0,0,0,0,0,0,0,0,0,0,0,31,40,40,71,65476,0,300,0,0,8,21553,0.0,-107605600.0,0.0,0.0,0.0,0.0,0.0,0.0,0.0,0.0,0.0,0.0,0.0,0.0,0.0,0.0,0.0,0.0,0.0,0.0,0.0,0.0,-2.004,-0.0,-0.0,-2.004,0.0,0.0,0.0,0.0,6315.0,0.0,6919.0,0.0,0.0,2.7184303811560617e+23,0.0,0.0,0.0,0.0,0.0,69,0.0,4.0668733030591226e+29,0.0,0.0,0.0,0.0,0.0,0.0,0.0,0,0,0,0.0,0.0,0.0,0.0,0.0,0.0,0.0,0.0,0.0,0.0,0.0,0.0,0.0,0.0,0.0,0.0,0,-107875648.0,69,0.0,138,0.0,0.0,0,13107,17040,13107,17049,13107,17043,0,0,0,70,68,100,2.7302359370752657e+23,71.1,0.0,74.2,2.7302370179391762e+23,74.0,1,49,50,180,0,52429,0,0,0.0,0.0,0.0,0.0,-0.0,67.0,0.0,162057.094,0.0,750,0,739,0,0,0,721,0,766,0,736,0,742,0,741,0,712,0,7520,0.032,78920024064.0,0.0,0.0,784,16797,-0.0,162057.094,-114818.039,-0.0,0.133,6.909358625270745e+28,30.0,65.0,35,0.0,0.0,0.0,0.0,0.0,0.0,0.0,0.0,0.0,0.0,0.0,0.0,0.0,0.0,0.0,0.0,69.2,0,150,71,54,65476,0,300,0,1,8,20529,65476,0,0,40632,65.0,0.0,0.0,0.0,0.0,0.0
2026-09-04T20:38:12,ERR,ERR,ERR,ERR,ERR,ERR,ERR,ERR,ERR,ERR,ERR,ERR,ERR,ERR,ERR,ERR,ERR,ERR,ERR,ERR,ERR,ERR,ERR,ERR,ERR,ERR,ERR,ERR,ERR,ERR,ERR,ERR,ERR,ERR,ERR,ERR,ERR,ERR,ERR,ERR,ERR,ERR,ERR,ERR,ERR,ERR,ERR,ERR,ERR,ERR,ERR,ERR,ERR,ERR,ERR,ERR,ERR,ERR,ERR,ERR,ERR,ERR,ERR,ERR,ERR,ERR,ERR,ERR,ERR,ERR,ERR,ERR,ERR,ERR,ERR,ERR,ERR,ERR,ERR,ERR,ERR,ERR,ERR,ERR,ERR,ERR,ERR,ERR,ERR,ERR,ERR,ERR,ERR,ERR,ERR,ERR,ERR,ERR,ERR,ERR,ERR,ERR,ERR,ERR,ERR,ERR,ERR,ERR,ERR,ERR,ERR,ERR,ERR,ERR,ERR,ERR,ERR,ERR,ERR,ERR,ERR,ERR,ERR,ERR,ERR,0.0,0.0,0.0,0.0,0.0,1.3936040501711995e+18,7.805,0.0,0,0,4,0,7116,0.0,100,0.0,0.0,0.0,0.0,0.0,0,0,0,0,0.0,0,0,0,0,0,0,0,0,0,0,0,0,0,0,0,0,0,0,0,0,0,0,0,0,0,0,0,0,0,0,0,0,0,31,40,40,71,65476,0,300,0,0,8,21553,0.0,-107605600.0,0.0,0.0,0.0,0.0,0.0,0.0,0.0,0.0,0.0,0.0,0.0,0.0,0.0,0.0,0.0,0.0,0.0,0.0,0.0,0.0,-2.004,-0.0,-0.0,-2.004,0.0,0.0,0.0,0.0,6315.0,0.0,6919.0,0.0,0.0,2.7184303811560617e+23,0.0,0.0,0.0,0.0,0.0,69,0.0,4.0668733030591226e+29,0.0,0.0,0.0,0.0,0.0,0.0,0.0,0,0,0,0.0,0.0,0.0,0.0,0.0,0.0,0.0,0.0,0.0,0.0,0.0,0.0,0.0,0.0,0.0,0.0,0,-107875648.0,69,0.0,138,0.0,0.0,0,13107,17040,13107,17049,13107,17043,0,0,0,70,68,100,2.7302359370752657e+23,71.1,0.0,74.2,2.7302370179391762e+23,74.0,1,49,50,180,0,52429,0,0,0.0,0.0,0.0,0.0,-0.0,67.0,0.0,162057.094,0.0,750,0,739,0,0,0,721,0,766,0,736,0,742,0,741,0,712,0,7520,0.032,79456894976.0,0.0,0.0,784,16797,-0.0,162057.094,-114818.039,-0.0,0.133,6.909358625270745e+28,30.0,65.0,35,0.0,0.0,0.0,0.0,0.0,0.0,0.0,0.0,0.0,0.0,0.0,0.0,0.0,0.0,0.0,0.0,69.2,0,150,71,54,65476,0,300,0,1,8,20529,65476,0,0,40632,65.0,0.0,0.0,0.0,0.0,0.0
2026-09-04T20:38:13,ERR,ERR,ERR,ERR,ERR,ERR,ERR,ERR,ERR,ERR,ERR,ERR,ERR,ERR,ERR,ERR,ERR,ERR,ERR,ERR,ERR,ERR,ERR,ERR,ERR,ERR,ERR,ERR,ERR,ERR,ERR,ERR,ERR,ERR,ERR,ERR,ERR,ERR,ERR,ERR,ERR,ERR,ERR,ERR,ERR,ERR,ERR,ERR,ERR,ERR,ERR,ERR,ERR,ERR,ERR,ERR,ERR,ERR,ERR,ERR,ERR,ERR,ERR,ERR,ERR,ERR,ERR,ERR,ERR,ERR,ERR,ERR,ERR,ERR,ERR,ERR,ERR,ERR,ERR,ERR,ERR,ERR,ERR,ERR,ERR,ERR,ERR,ERR,ERR,ERR,ERR,ERR,ERR,ERR,ERR,ERR,ERR,ERR,ERR,ERR,ERR,ERR,ERR,ERR,ERR,ERR,ERR,ERR,ERR,ERR,ERR,ERR,ERR,ERR,ERR,ERR,ERR,ERR,ERR,ERR,ERR,ERR,ERR,ERR,ERR,0.0,0.0,0.0,0.0,0.0,1.3936040501711995e+18,7.805,0.0,0,0,4,0,7116,0.0,100,0.0,0.0,0.0,0.0,0.0,0,0,0,0,0.0,0,0,0,0,0,0,0,0,0,0,0,0,0,0,0,0,0,0,0,0,0,0,0,0,0,0,0,0,0,0,0,0,0,31,40,40,71,65476,0,300,0,0,8,21553,0.0,-107605600.0,0.0,0.0,0.0,0.0,0.0,0.0,0.0,0.0,0.0,0.0,0.0,0.0,0.0,0.0,0.0,0.0,0.0,0.0,0.0,0.0,-2.004,-0.0,-0.0,-2.004,0.0,0.0,0.0,0.0,6315.0,0.0,6919.0,0.0,0.0,2.7184303811560617e+23,0.0,0.0,0.0,0.0,0.0,69,0.0,4.0668733030591226e+29,0.0,0.0,0.0,0.0,0.0,0.0,0.0,0,0,0,0.0,0.0,0.0,0.0,0.0,0.0,0.0,0.0,0.0,0.0,0.0,0.0,0.0,0.0,0.0,0.0,0,-107875648.0,69,0.0,138,0.0,0.0,0,13107,17040,13107,17049,13107,17043,0,0,0,70,68,100,2.7302359370752657e+23,71.1,0.0,74.2,2.7302370179391762e+23,74.0,1,49,50,180,0,52429,0,0,0.0,0.0,0.0,0.0,-0.0,67.0,0.0,162057.094,0.0,750,0,739,0,0,0,721,0,766,0,736,0,742,0,741,0,712,0,7520,0.032,79456894976.0,0.0,0.0,784,16797,-0.0,162057.094,-114818.039,-0.0,0.133,6.909358625270745e+28,30.0,65.0,35,0.0,0.0,0.0,0.0,0.0,0.0,0.0,0.0,0.0,0.0,0.0,0.0,0.0,0.0,0.0,0.0,69.2,0,150,71,54,65476,0,300,0,1,8,20529,65476,0,0,40632,65.0,0.0,0.0,0.0,0.0,0.0
2026-09-04T20:38:14,ERR,ERR,ERR,ERR,ERR,ERR,ERR,ERR,ERR,ERR,ERR,ERR,ERR,ERR,ERR,ERR,ERR,ERR,ERR,ERR,ERR,ERR,ERR,ERR,ERR,ERR,ERR,ERR,ERR,ERR,ERR,ERR,ERR,ERR,ERR,ERR,ERR,ERR,ERR,ERR,ERR,ERR,ERR,ERR,ERR,ERR,ERR,ERR,ERR,ERR,ERR,ERR,ERR,ERR,ERR,ERR,ERR,ERR,ERR,ERR,ERR,ERR,ERR,ERR,ERR,ERR,ERR,ERR,ERR,ERR,ERR,ERR,ERR,ERR,ERR,ERR,ERR,ERR,ERR,ERR,ERR,ERR,ERR,ERR,ERR,ERR,ERR,ERR,ERR,ERR,ERR,ERR,ERR,ERR,ERR,ERR,ERR,ERR,ERR,ERR,ERR,ERR,ERR,ERR,ERR,ERR,ERR,ERR,ERR,ERR,ERR,ERR,ERR,ERR,ERR,ERR,ERR,ERR,ERR,ERR,ERR,ERR,ERR,ERR,ERR,0.0,0.0,0.0,0.0,0.0,1.3936040501711995e+18,7.805,0.0,0,0,4,0,7116,0.0,100,0.0,0.0,0.0,0.0,0.0,0,0,0,0,0.0,0,0,0,0,0,0,0,0,0,0,0,0,0,0,0,0,0,0,0,0,0,0,0,0,0,0,0,0,0,0,0,0,0,31,40,40,71,65476,0,300,0,0,8,21553,0.0,-107605600.0,0.0,0.0,0.0,0.0,0.0,0.0,0.0,0.0,0.0,0.0,0.0,0.0,0.0,0.0,0.0,0.0,0.0,0.0,0.0,0.0,-2.004,-0.0,-0.0,-2.004,0.0,0.0,0.0,0.0,6315.0,0.0,6919.0,0.0,0.0,2.7184303811560617e+23,0.0,0.0,0.0,0.0,0.0,69,0.0,4.0668733030591226e+29,0.0,0.0,0.0,0.0,0.0,0.0,0.0,0,0,0,0.0,0.0,0.0,0.0,0.0,0.0,0.0,0.0,0.0,0.0,0.0,0.0,0.0,0.0,0.0,0.0,0,-107875648.0,69,0.0,138,0.0,0.0,0,13107,17040,13107,17049,13107,17043,0,0,0,70,68,100,2.7302359370752657e+23,71.1,0.0,74.2,2.7302370179391762e+23,74.0,1,49,50,180,0,52429,0,0,0.0,0.0,0.0,0.0,-0.0,67.0,0.0,162057.094,0.0,750,0,739,0,0,0,721,0,766,0,736,0,742,0,741,0,712,0,7520,0.032,79456894976.0,0.0,0.0,784,16797,-0.0,162057.094,-114818.039,-0.0,0.133,6.909358625270745e+28,30.0,65.0,35,0.0,0.0,0.0,0.0,0.0,0.0,0.0,0.0,0.0,0.0,0.0,0.0,0.0,0.0,0.0,0.0,69.2,0,150,71,54,65476,0,300,0,1,8,20529,65476,0,0,40632,65.0,0.0,0.0,0.0,0.0,0.0
2026-09-04T20:38:15,ERR,ERR,ERR,ERR,ERR,ERR,ERR,ERR,ERR,ERR,ERR,ERR,ERR,ERR,ERR,ERR,ERR,ERR,ERR,ERR,ERR,ERR,ERR,ERR,ERR,ERR,ERR,ERR,ERR,ERR,ERR,ERR,ERR,ERR,ERR,ERR,ERR,ERR,ERR,ERR,ERR,ERR,ERR,ERR,ERR,ERR,ERR,ERR,ERR,ERR,ERR,ERR,ERR,ERR,ERR,ERR,ERR,ERR,ERR,ERR,ERR,ERR,ERR,ERR,ERR,ERR,ERR,ERR,ERR,ERR,ERR,ERR,ERR,ERR,ERR,ERR,ERR,ERR,ERR,ERR,ERR,ERR,ERR,ERR,ERR,ERR,ERR,ERR,ERR,ERR,ERR,ERR,ERR,ERR,ERR,ERR,ERR,ERR,ERR,ERR,ERR,ERR,ERR,ERR,ERR,ERR,ERR,ERR,ERR,ERR,ERR,ERR,ERR,ERR,ERR,ERR,ERR,ERR,ERR,ERR,ERR,ERR,ERR,ERR,ERR,0.0,0.0,0.0,0.0,0.0,1.3936040501711995e+18,7.805,0.0,0,0,4,0,7116,0.0,100,0.0,0.0,0.0,0.0,0.0,0,0,0,0,0.0,0,0,0,0,0,0,0,0,0,0,0,0,0,0,0,0,0,0,0,0,0,0,0,0,0,0,0,0,0,0,0,0,0,31,40,40,71,65476,0,300,0,0,8,21553,0.0,-107605600.0,0.0,0.0,0.0,0.0,0.0,0.0,0.0,0.0,0.0,0.0,0.0,0.0,0.0,0.0,0.0,0.0,0.0,0.0,0.0,0.0,-2.004,-0.0,-0.0,-2.004,0.0,0.0,0.0,0.0,6315.0,0.0,6919.0,0.0,0.0,2.7184303811560617e+23,0.0,0.0,0.0,0.0,0.0,69,0.0,4.0668733030591226e+29,0.0,0.0,0.0,0.0,0.0,0.0,0.0,0,0,0,0.0,0.0,0.0,0.0,0.0,0.0,0.0,0.0,0.0,0.0,0.0,0.0,0.0,0.0,0.0,0.0,0,-107875648.0,69,0.0,138,0.0,0.0,0,13107,17040,13107,17049,13107,17043,0,0,0,70,68,100,2.7302359370752657e+23,71.1,0.0,74.2,2.7302370179391762e+23,74.0,1,49,50,180,0,52429,0,0,0.0,0.0,0.0,0.0,-0.0,67.0,0.0,162057.094,0.0,750,0,739,0,0,0,721,0,766,0,736,0,742,0,741,0,712,0,7520,0.032,79456894976.0,0.0,0.0,784,16797,-0.0,162057.094,-114818.039,-0.0,0.133,6.909358625270745e+28,30.0,65.0,35,0.0,0.0,0.0,0.0,0.0,0.0,0.0,0.0,0.0,0.0,0.0,0.0,0.0,0.0,0.0,0.0,69.2,0,150,71,54,65476,0,300,0,1,8,20529,65476,0,0,40632,65.0,0.0,0.0,0.0,0.0,0.0
2026-09-04T20:38:16,ERR,ERR,ERR,ERR,ERR,ERR,ERR,ERR,ERR,ERR,ERR,ERR,ERR,ERR,ERR,ERR,ERR,ERR,ERR,ERR,ERR,ERR,ERR,ERR,ERR,ERR,ERR,ERR,ERR,ERR,ERR,ERR,ERR,ERR,ERR,ERR,ERR,ERR,ERR,ERR,ERR,ERR,ERR,ERR,ERR,ERR,ERR,ERR,ERR,ERR,ERR,ERR,ERR,ERR,ERR,ERR,ERR,ERR,ERR,ERR,ERR,ERR,ERR,ERR,ERR,ERR,ERR,ERR,ERR,ERR,ERR,ERR,ERR,ERR,ERR,ERR,ERR,ERR,ERR,ERR,ERR,ERR,ERR,ERR,ERR,ERR,ERR,ERR,ERR,ERR,ERR,ERR,ERR,ERR,ERR,ERR,ERR,ERR,ERR,ERR,ERR,ERR,ERR,ERR,ERR,ERR,ERR,ERR,ERR,ERR,ERR,ERR,ERR,ERR,ERR,ERR,ERR,ERR,ERR,ERR,ERR,ERR,ERR,ERR,ERR,0.0,0.0,0.0,0.0,0.0,1.3936040501711995e+18,7.805,0.0,0,0,4,0,7116,0.0,100,0.0,0.0,0.0,0.0,0.0,0,0,0,0,0.0,0,0,0,0,0,0,0,0,0,0,0,0,0,0,0,0,0,0,0,0,0,0,0,0,0,0,0,0,0,0,0,0,0,31,40,40,71,65476,0,300,0,0,8,21553,0.0,-107605600.0,0.0,0.0,0.0,0.0,0.0,0.0,0.0,0.0,0.0,0.0,0.0,0.0,0.0,0.0,0.0,0.0,0.0,0.0,0.0,0.0,-2.004,-0.0,-0.0,-2.004,0.0,0.0,0.0,0.0,6344.0,0.0,6917.0,0.0,0.0,2.7184303811560617e+23,0.0,0.0,0.0,0.0,0.0,69,-5.848086186001959e+35,-0.0,0.0,0.0,0.0,0.0,0.0,0.0,0.0,0,0,0,0.0,0.0,0.0,0.0,0.0,0.0,0.0,0.0,0.0,0.0,0.0,0.0,0.0,0.0,0.0,0.0,0,-107875648.0,69,0.0,138,0.0,0.0,0,13107,17040,13107,17049,13107,17043,0,0,0,70,68,100,2.7302359370752657e+23,71.1,0.0,74.2,2.7302370179391762e+23,74.0,1,49,50,180,0,52429,0,0,0.0,0.0,0.0,0.0,-0.0,67.0,0.0,162057.094,0.0,750,0,739,0,0,0,721,0,766,0,736,0,742,0,741,0,712,0,7520,0.032,79456894976.0,0.0,0.0,784,16797,-0.0,162057.094,-114818.039,-0.0,0.133,6.909358625270745e+28,30.0,65.0,35,0.0,0.0,0.0,0.0,0.0,0.0,0.0,0.0,0.0,0.0,0.0,0.0,0.0,0.0,0.0,0.0,69.2,0,150,71,54,65476,0,300,0,1,8,20529,65476,0,0,40632,65.0,0.0,0.0,0.0,0.0,0.0
2026-09-04T20:38:17,ERR,ERR,ERR,ERR,ERR,ERR,ERR,ERR,ERR,ERR,ERR,ERR,ERR,ERR,ERR,ERR,ERR,ERR,ERR,ERR,ERR,ERR,ERR,ERR,ERR,ERR,ERR,ERR,ERR,ERR,ERR,ERR,ERR,ERR,ERR,ERR,ERR,ERR,ERR,ERR,ERR,ERR,ERR,ERR,ERR,ERR,ERR,ERR,ERR,ERR,ERR,ERR,ERR,ERR,ERR,ERR,ERR,ERR,ERR,ERR,ERR,ERR,ERR,ERR,ERR,ERR,ERR,ERR,ERR,ERR,ERR,ERR,ERR,ERR,ERR,ERR,ERR,ERR,ERR,ERR,ERR,ERR,ERR,ERR,ERR,ERR,ERR,ERR,ERR,ERR,ERR,ERR,ERR,ERR,ERR,ERR,ERR,ERR,ERR,ERR,ERR,ERR,ERR,ERR,ERR,ERR,ERR,ERR,ERR,ERR,ERR,ERR,ERR,ERR,ERR,ERR,ERR,ERR,ERR,ERR,ERR,ERR,ERR,ERR,ERR,0.0,0.0,0.0,0.0,0.0,1.3936040501711995e+18,7.805,0.0,0,0,4,0,7116,0.0,100,0.0,0.0,0.0,0.0,0.0,0,0,0,0,0.0,0,0,0,0,0,0,0,0,0,0,0,0,0,0,0,0,0,0,0,0,0,0,0,0,0,0,0,0,0,0,0,0,0,31,40,40,71,65476,0,300,0,0,8,21553,0.0,-107605600.0,0.0,0.0,0.0,0.0,0.0,0.0,0.0,0.0,0.0,0.0,0.0,0.0,0.0,0.0,0.0,0.0,0.0,0.0,0.0,0.0,-2.004,-0.0,-0.0,-2.004,0.0,0.0,0.0,0.0,6344.0,0.0,6917.0,0.0,0.0,2.7184303811560617e+23,0.0,0.0,0.0,0.0,0.0,69,-5.848086186001959e+35,-0.0,0.0,0.0,0.0,0.0,0.0,0.0,0.0,0,0,0,0.0,0.0,0.0,0.0,0.0,0.0,0.0,0.0,0.0,0.0,0.0,0.0,0.0,0.0,0.0,0.0,0,-107875648.0,69,0.0,138,0.0,0.0,0,13107,17040,13107,17049,13107,17043,0,0,0,70,68,100,2.7302359370752657e+23,71.1,0.0,74.2,2.7302370179391762e+23,74.0,1,49,50,180,0,52429,0,0,0.0,0.0,0.0,0.0,-0.0,67.0,0.0,162057.094,0.0,750,0,739,0,0,0,721,0,766,0,736,0,742,0,741,0,712,0,7520,0.032,78920024064.0,0.0,0.0,784,16797,-0.0,162057.094,-114818.039,-0.0,0.133,6.909358625270745e+28,30.0,65.0,35,0.0,0.0,0.0,0.0,0.0,0.0,0.0,0.0,0.0,0.0,0.0,0.0,0.0,0.0,0.0,0.0,69.2,0,150,71,54,65476,0,300,0,1,8,20529,65476,0,0,40632,65.0,0.0,0.0,0.0,0.0,0.0
2026-09-04T20:38:18,ERR,ERR,ERR,ERR,ERR,ERR,ERR,ERR,ERR,ERR,ERR,ERR,ERR,ERR,ERR,ERR,ERR,ERR,ERR,ERR,ERR,ERR,ERR,ERR,ERR,ERR,ERR,ERR,ERR,ERR,ERR,ERR,ERR,ERR,ERR,ERR,ERR,ERR,ERR,ERR,ERR,ERR,ERR,ERR,ERR,ERR,ERR,ERR,ERR,ERR,ERR,ERR,ERR,ERR,ERR,ERR,ERR,ERR,ERR,ERR,ERR,ERR,ERR,ERR,ERR,ERR,ERR,ERR,ERR,ERR,ERR,ERR,ERR,ERR,ERR,ERR,ERR,ERR,ERR,ERR,ERR,ERR,ERR,ERR,ERR,ERR,ERR,ERR,ERR,ERR,ERR,ERR,ERR,ERR,ERR,ERR,ERR,ERR,ERR,ERR,ERR,ERR,ERR,ERR,ERR,ERR,ERR,ERR,ERR,ERR,ERR,ERR,ERR,ERR,ERR,ERR,ERR,ERR,ERR,ERR,ERR,ERR,ERR,ERR,ERR,0.0,0.0,0.0,0.0,0.0,1.3936040501711995e+18,7.805,0.0,0,0,4,0,7116,0.0,100,0.0,0.0,0.0,0.0,0.0,0,0,0,0,0.0,0,0,0,0,0,0,0,0,0,0,0,0,0,0,0,0,0,0,0,0,0,0,0,0,0,0,0,0,0,0,0,0,0,31,40,40,71,65476,0,300,0,0,8,21553,0.0,-107605600.0,0.0,0.0,0.0,0.0,0.0,0.0,0.0,0.0,0.0,0.0,0.0,0.0,0.0,0.0,0.0,0.0,0.0,0.0,0.0,0.0,-2.004,-0.0,-0.0,-2.004,0.0,0.0,0.0,0.0,6344.0,0.0,6917.0,0.0,0.0,2.7184303811560617e+23,0.0,0.0,0.0,0.0,0.0,69,-5.848086186001959e+35,-0.0,0.0,0.0,0.0,0.0,0.0,0.0,0.0,0,0,0,0.0,0.0,0.0,0.0,0.0,0.0,0.0,0.0,0.0,0.0,0.0,0.0,0.0,0.0,0.0,0.0,0,-107875648.0,69,0.0,138,0.0,0.0,0,13107,17040,13107,17049,13107,17043,0,0,0,70,68,100,2.7302359370752657e+23,71.1,0.0,74.2,2.7302370179391762e+23,74.0,1,49,50,180,0,52429,0,0,0.0,0.0,0.0,0.0,-0.0,67.0,0.0,162057.094,0.0,750,0,739,0,0,0,721,0,766,0,736,0,742,0,741,0,712,0,7520,0.032,78920024064.0,0.0,0.0,784,16797,-0.0,162057.094,-114818.039,-0.0,0.133,6.909358625270745e+28,30.0,65.0,35,0.0,0.0,0.0,0.0,0.0,0.0,0.0,0.0,0.0,0.0,0.0,0.0,0.0,0.0,0.0,0.0,69.2,0,150,71,54,65476,0,300,0,1,8,20529,65476,0,0,40632,65.0,0.0,0.0,0.0,0.0,0.0
2026-09-04T20:38:19,ERR,ERR,ERR,ERR,ERR,ERR,ERR,ERR,ERR,ERR,ERR,ERR,ERR,ERR,ERR,ERR,ERR,ERR,ERR,ERR,ERR,ERR,ERR,ERR,ERR,ERR,ERR,ERR,ERR,ERR,ERR,ERR,ERR,ERR,ERR,ERR,ERR,ERR,ERR,ERR,ERR,ERR,ERR,ERR,ERR,ERR,ERR,ERR,ERR,ERR,ERR,ERR,ERR,ERR,ERR,ERR,ERR,ERR,ERR,ERR,ERR,ERR,ERR,ERR,ERR,ERR,ERR,ERR,ERR,ERR,ERR,ERR,ERR,ERR,ERR,ERR,ERR,ERR,ERR,ERR,ERR,ERR,ERR,ERR,ERR,ERR,ERR,ERR,ERR,ERR,ERR,ERR,ERR,ERR,ERR,ERR,ERR,ERR,ERR,ERR,ERR,ERR,ERR,ERR,ERR,ERR,ERR,ERR,ERR,ERR,ERR,ERR,ERR,ERR,ERR,ERR,ERR,ERR,ERR,ERR,ERR,ERR,ERR,ERR,ERR,0.0,0.0,0.0,0.0,0.0,1.3936040501711995e+18,7.805,0.0,0,0,4,0,7116,0.0,100,0.0,0.0,0.0,0.0,0.0,0,0,0,0,0.0,0,0,0,0,0,0,0,0,0,0,0,0,0,0,0,0,0,0,0,0,0,0,0,0,0,0,0,0,0,0,0,0,0,31,40,40,71,65476,0,300,0,0,8,21553,0.0,-107605600.0,0.0,0.0,0.0,0.0,0.0,0.0,0.0,0.0,0.0,0.0,0.0,0.0,0.0,0.0,0.0,0.0,0.0,0.0,0.0,0.0,-2.004,-0.0,-0.0,-2.004,0.0,0.0,0.0,0.0,6344.0,0.0,6917.0,0.0,0.0,2.7184303811560617e+23,0.0,0.0,0.0,0.0,0.0,69,-5.848086186001959e+35,-0.0,0.0,0.0,0.0,0.0,0.0,0.0,0.0,0,0,0,0.0,0.0,0.0,0.0,0.0,0.0,0.0,0.0,0.0,0.0,0.0,0.0,0.0,0.0,0.0,0.0,0,-107875648.0,69,0.0,138,0.0,0.0,0,13107,17040,13107,17049,13107,17043,0,0,0,70,68,100,2.7302359370752657e+23,71.1,0.0,74.2,2.7302370179391762e+23,74.0,1,49,50,180,0,52429,0,0,0.0,0.0,0.0,0.0,-0.0,67.0,0.0,162057.094,0.0,750,0,739,0,0,0,721,0,766,0,736,0,742,0,741,0,712,0,7520,0.032,78920024064.0,0.0,0.0,784,16797,-0.0,162057.094,-114818.039,-0.0,0.133,6.909358625270745e+28,30.0,65.0,35,0.0,0.0,0.0,0.0,0.0,0.0,0.0,0.0,0.0,0.0,0.0,0.0,0.0,0.0,0.0,0.0,69.2,0,150,71,54,65476,0,300,0,1,8,20529,65476,0,0,40632,65.0,0.0,0.0,0.0,0.0,0.0
2026-09-04T20:38:20,ERR,ERR,ERR,ERR,ERR,ERR,ERR,ERR,ERR,ERR,ERR,ERR,ERR,ERR,ERR,ERR,ERR,ERR,ERR,ERR,ERR,ERR,ERR,ERR,ERR,ERR,ERR,ERR,ERR,ERR,ERR,ERR,ERR,ERR,ERR,ERR,ERR,ERR,ERR,ERR,ERR,ERR,ERR,ERR,ERR,ERR,ERR,ERR,ERR,ERR,ERR,ERR,ERR,ERR,ERR,ERR,ERR,ERR,ERR,ERR,ERR,ERR,ERR,ERR,ERR,ERR,ERR,ERR,ERR,ERR,ERR,ERR,ERR,ERR,ERR,ERR,ERR,ERR,ERR,ERR,ERR,ERR,ERR,ERR,ERR,ERR,ERR,ERR,ERR,ERR,ERR,ERR,ERR,ERR,ERR,ERR,ERR,ERR,ERR,ERR,ERR,ERR,ERR,ERR,ERR,ERR,ERR,ERR,ERR,ERR,ERR,ERR,ERR,ERR,ERR,ERR,ERR,ERR,ERR,ERR,ERR,ERR,ERR,ERR,ERR,0.0,0.0,0.0,0.0,0.0,1.3936040501711995e+18,7.805,0.0,0,0,4,0,7116,0.0,100,0.0,0.0,0.0,0.0,0.0,0,0,0,0,0.0,0,0,0,0,0,0,0,0,0,0,0,0,0,0,0,0,0,0,0,0,0,0,0,0,0,0,0,0,0,0,0,0,0,31,40,40,71,65476,0,300,0,0,8,21553,0.0,-107605600.0,0.0,0.0,0.0,0.0,0.0,0.0,0.0,0.0,0.0,0.0,0.0,0.0,0.0,0.0,0.0,0.0,0.0,0.0,0.0,0.0,-2.004,-0.0,-0.0,-2.004,0.0,0.0,0.0,0.0,6344.0,0.0,6917.0,0.0,0.0,2.7184303811560617e+23,0.0,0.0,0.0,0.0,0.0,69,-5.848086186001959e+35,-0.0,0.0,0.0,0.0,0.0,0.0,0.0,0.0,0,0,0,0.0,0.0,0.0,0.0,0.0,0.0,0.0,0.0,0.0,0.0,0.0,0.0,0.0,0.0,0.0,0.0,0,-107875648.0,69,0.0,138,0.0,0.0,0,13107,17040,13107,17049,13107,17043,0,0,0,70,68,100,2.7302359370752657e+23,71.1,0.0,74.2,2.7302370179391762e+23,74.0,1,49,50,180,0,52429,0,0,0.0,0.0,0.0,0.0,-0.0,67.0,0.0,162057.094,0.0,750,0,739,0,0,0,721,0,766,0,736,0,742,0,741,0,712,0,7520,0.032,78920024064.0,0.0,0.0,784,16797,-0.0,162057.094,-114818.039,-0.0,0.133,6.909358625270745e+28,30.0,65.0,35,0.0,0.0,0.0,0.0,0.0,0.0,0.0,0.0,0.0,0.0,0.0,0.0,0.0,0.0,0.0,0.0,69.2,0,150,71,54,65476,0,300,0,1,8,20529,65476,0,0,40632,65.0,0.0,0.0,0.0,0.0,0.0
2026-09-04T20:38:21,ERR,ERR,ERR,ERR,ERR,ERR,ERR,ERR,ERR,ERR,ERR,ERR,ERR,ERR,ERR,ERR,ERR,ERR,ERR,ERR,ERR,ERR,ERR,ERR,ERR,ERR,ERR,ERR,ERR,ERR,ERR,ERR,ERR,ERR,ERR,ERR,ERR,ERR,ERR,ERR,ERR,ERR,ERR,ERR,ERR,ERR,ERR,ERR,ERR,ERR,ERR,ERR,ERR,ERR,ERR,ERR,ERR,ERR,ERR,ERR,ERR,ERR,ERR,ERR,ERR,ERR,ERR,ERR,ERR,ERR,ERR,ERR,ERR,ERR,ERR,ERR,ERR,ERR,ERR,ERR,ERR,ERR,ERR,ERR,ERR,ERR,ERR,ERR,ERR,ERR,ERR,ERR,ERR,ERR,ERR,ERR,ERR,ERR,ERR,ERR,ERR,ERR,ERR,ERR,ERR,ERR,ERR,ERR,ERR,ERR,ERR,ERR,ERR,ERR,ERR,ERR,ERR,ERR,ERR,ERR,ERR,ERR,ERR,ERR,ERR,0.0,0.0,0.0,0.0,0.0,1.3936040501711995e+18,7.805,0.0,0,0,4,0,7116,0.0,100,0.0,0.0,0.0,0.0,0.0,0,0,0,0,0.0,0,0,0,0,0,0,0,0,0,0,0,0,0,0,0,0,0,0,0,0,0,0,0,0,0,0,0,0,0,0,0,0,0,31,40,40,71,65476,0,300,0,0,8,21553,0.0,-107605600.0,0.0,0.0,0.0,0.0,0.0,0.0,0.0,0.0,0.0,0.0,0.0,0.0,0.0,0.0,0.0,0.0,0.0,0.0,0.0,0.0,-2.004,-0.0,-0.0,-2.004,0.0,0.0,0.0,0.0,6344.0,0.0,6917.0,0.0,0.0,2.7184303811560617e+23,0.0,0.0,0.0,0.0,0.0,69,-5.848086186001959e+35,-0.0,0.0,0.0,0.0,0.0,0.0,0.0,0.0,0,0,0,0.0,0.0,0.0,0.0,0.0,0.0,0.0,0.0,0.0,0.0,0.0,0.0,0.0,0.0,0.0,0.0,0,-107875648.0,69,0.0,138,0.0,0.0,0,13107,17040,13107,17049,13107,17043,0,0,0,70,68,100,2.7302359370752657e+23,71.1,0.0,74.2,2.7302370179391762e+23,74.0,1,49,50,180,0,52429,0,0,0.0,0.0,0.0,0.0,-0.0,67.0,0.0,162057.094,0.0,750,0,739,0,0,0,721,0,766,0,736,0,742,0,741,0,712,0,7520,0.032,78920024064.0,0.0,0.0,784,16797,-0.0,162057.094,-114818.039,-0.0,0.133,6.909358625270745e+28,30.0,65.0,35,0.0,0.0,0.0,0.0,0.0,0.0,0.0,0.0,0.0,0.0,0.0,0.0,0.0,0.0,0.0,0.0,69.2,0,150,71,54,65476,0,300,0,1,8,20529,65476,0,0,40632,65.0,0.0,0.0,0.0,0.0,0.0
2026-09-04T20:38:22,ERR,ERR,ERR,ERR,ERR,ERR,ERR,ERR,ERR,ERR,ERR,ERR,ERR,ERR,ERR,ERR,ERR,ERR,ERR,ERR,ERR,ERR,ERR,ERR,ERR,ERR,ERR,ERR,ERR,ERR,ERR,ERR,ERR,ERR,ERR,ERR,ERR,ERR,ERR,ERR,ERR,ERR,ERR,ERR,ERR,ERR,ERR,ERR,ERR,ERR,ERR,ERR,ERR,ERR,ERR,ERR,ERR,ERR,ERR,ERR,ERR,ERR,ERR,ERR,ERR,ERR,ERR,ERR,ERR,ERR,ERR,ERR,ERR,ERR,ERR,ERR,ERR,ERR,ERR,ERR,ERR,ERR,ERR,ERR,ERR,ERR,ERR,ERR,ERR,ERR,ERR,ERR,ERR,ERR,ERR,ERR,ERR,ERR,ERR,ERR,ERR,ERR,ERR,ERR,ERR,ERR,ERR,ERR,ERR,ERR,ERR,ERR,ERR,ERR,ERR,ERR,ERR,ERR,ERR,ERR,ERR,ERR,ERR,ERR,ERR,0.0,0.0,0.0,0.0,0.0,1.3936040501711995e+18,7.805,0.0,0,0,4,0,7116,0.0,100,0.0,0.0,0.0,0.0,0.0,0,0,0,0,0.0,0,0,0,0,0,0,0,0,0,0,0,0,0,0,0,0,0,0,0,0,0,0,0,0,0,0,0,0,0,0,0,0,0,31,40,40,71,65476,0,300,0,0,8,21553,0.0,-107605600.0,0.0,0.0,0.0,0.0,0.0,0.0,0.0,0.0,0.0,0.0,0.0,0.0,0.0,0.0,0.0,0.0,0.0,0.0,0.0,0.0,-2.004,-0.0,-0.0,-2.004,0.0,0.0,0.0,0.0,6344.0,0.0,6917.0,0.0,0.0,2.7184303811560617e+23,0.0,0.0,0.0,0.0,0.0,69,-5.848086186001959e+35,-0.0,0.0,0.0,0.0,0.0,0.0,0.0,0.0,0,0,0,0.0,0.0,0.0,0.0,0.0,0.0,0.0,0.0,0.0,0.0,0.0,0.0,0.0,0.0,0.0,0.0,0,-107875648.0,69,0.0,138,0.0,0.0,0,13107,17040,13107,17049,13107,17043,0,0,0,70,68,100,2.7302359370752657e+23,71.1,0.0,74.2,2.7302370179391762e+23,74.0,1,49,50,180,0,52429,0,0,0.0,0.0,0.0,0.0,-0.0,67.0,0.0,162057.094,0.0,750,0,739,0,0,0,721,0,766,0,736,0,742,0,741,0,712,0,7520,0.032,78920024064.0,0.0,0.0,784,16797,-0.0,162057.094,-114818.039,-0.0,0.133,6.909358625270745e+28,30.0,65.0,35,0.0,0.0,0.0,0.0,0.0,0.0,0.0,0.0,0.0,0.0,0.0,0.0,0.0,0.0,0.0,0.0,69.2,0,150,71,54,65476,0,300,0,1,8,20529,65476,0,0,40632,65.0,0.0,0.0,0.0,0.0,0.0
2026-09-04T20:38:23,ERR,ERR,ERR,ERR,ERR,ERR,ERR,ERR,ERR,ERR,ERR,ERR,ERR,ERR,ERR,ERR,ERR,ERR,ERR,ERR,ERR,ERR,ERR,ERR,ERR,ERR,ERR,ERR,ERR,ERR,ERR,ERR,ERR,ERR,ERR,ERR,ERR,ERR,ERR,ERR,ERR,ERR,ERR,ERR,ERR,ERR,ERR,ERR,ERR,ERR,ERR,ERR,ERR,ERR,ERR,ERR,ERR,ERR,ERR,ERR,ERR,ERR,ERR,ERR,ERR,ERR,ERR,ERR,ERR,ERR,ERR,ERR,ERR,ERR,ERR,ERR,ERR,ERR,ERR,ERR,ERR,ERR,ERR,ERR,ERR,ERR,ERR,ERR,ERR,ERR,ERR,ERR,ERR,ERR,ERR,ERR,ERR,ERR,ERR,ERR,ERR,ERR,ERR,ERR,ERR,ERR,ERR,ERR,ERR,ERR,ERR,ERR,ERR,ERR,ERR,ERR,ERR,ERR,ERR,ERR,ERR,ERR,ERR,ERR,ERR,0.0,0.0,0.0,0.0,0.0,1.3936040501711995e+18,7.805,0.0,0,0,4,0,7116,0.0,100,0.0,0.0,0.0,0.0,0.0,0,0,0,0,0.0,0,0,0,0,0,0,0,0,0,0,0,0,0,0,0,0,0,0,0,0,0,0,0,0,0,0,0,0,0,0,0,0,0,31,40,40,71,65476,0,300,0,0,8,21553,0.0,-107605600.0,0.0,0.0,0.0,0.0,0.0,0.0,0.0,0.0,0.0,0.0,0.0,0.0,0.0,0.0,0.0,0.0,0.0,0.0,0.0,0.0,-2.004,-0.0,-0.0,-2.004,0.0,0.0,0.0,0.0,6317.0,-2.422999721977704e+24,6941.0,0.0,0.0,2.7184303811560617e+23,0.0,0.0,0.0,0.0,0.0,69,0.0,126840971264.0,0.0,0.0,0.0,0.0,0.0,0.0,0.0,0,0,0,0.0,0.0,0.0,0.0,0.0,0.0,0.0,0.0,0.0,0.0,0.0,0.0,0.0,0.0,0.0,0.0,0,-107875648.0,69,0.0,138,0.0,0.0,0,13107,17040,13107,17049,13107,17043,0,0,0,70,68,100,2.7302359370752657e+23,71.1,0.0,74.2,2.7302370179391762e+23,74.0,1,49,50,180,0,52429,0,0,0.0,0.0,0.0,0.0,-0.0,67.0,0.0,162057.094,0.0,750,0,739,0,0,0,721,0,766,0,736,0,742,0,741,0,712,0,7520,0.032,78920024064.0,0.0,0.0,784,16797,-0.0,162057.094,-114818.039,-0.0,0.133,6.909358625270745e+28,30.0,65.0,35,0.0,0.0,0.0,0.0,0.0,0.0,0.0,0.0,0.0,0.0,0.0,0.0,0.0,0.0,0.0,0.0,69.2,0,150,71,54,65476,0,300,0,1,8,20529,65476,0,0,40632,65.0,0.0,0.0,0.0,0.0,0.0
2026-09-04T20:38:24,ERR,ERR,ERR,ERR,ERR,ERR,ERR,ERR,ERR,ERR,ERR,ERR,ERR,ERR,ERR,ERR,ERR,ERR,ERR,ERR,ERR,ERR,ERR,ERR,ERR,ERR,ERR,ERR,ERR,ERR,ERR,ERR,ERR,ERR,ERR,ERR,ERR,ERR,ERR,ERR,ERR,ERR,ERR,ERR,ERR,ERR,ERR,ERR,ERR,ERR,ERR,ERR,ERR,ERR,ERR,ERR,ERR,ERR,ERR,ERR,ERR,ERR,ERR,ERR,ERR,ERR,ERR,ERR,ERR,ERR,ERR,ERR,ERR,ERR,ERR,ERR,ERR,ERR,ERR,ERR,ERR,ERR,ERR,ERR,ERR,ERR,ERR,ERR,ERR,ERR,ERR,ERR,ERR,ERR,ERR,ERR,ERR,ERR,ERR,ERR,ERR,ERR,ERR,ERR,ERR,ERR,ERR,ERR,ERR,ERR,ERR,ERR,ERR,ERR,ERR,ERR,ERR,ERR,ERR,ERR,ERR,ERR,ERR,ERR,ERR,0.0,0.0,0.0,0.0,0.0,1.3936040501711995e+18,7.805,0.0,0,0,4,0,7116,0.0,100,0.0,0.0,0.0,0.0,0.0,0,0,0,0,0.0,0,0,0,0,0,0,0,0,0,0,0,0,0,0,0,0,0,0,0,0,0,0,0,0,0,0,0,0,0,0,0,0,0,31,40,40,71,65476,0,300,0,0,8,21553,0.0,-107605600.0,0.0,0.0,0.0,0.0,0.0,0.0,0.0,0.0,0.0,0.0,0.0,0.0,0.0,0.0,0.0,0.0,0.0,0.0,0.0,0.0,-2.004,-0.0,-0.0,-2.004,0.0,0.0,0.0,0.0,6317.0,-2.422999721977704e+24,6941.0,0.0,0.0,2.7184303811560617e+23,0.0,0.0,0.0,0.0,0.0,69,0.0,126840971264.0,0.0,0.0,0.0,0.0,0.0,0.0,0.0,0,0,0,0.0,0.0,0.0,0.0,0.0,0.0,0.0,0.0,0.0,0.0,0.0,0.0,0.0,0.0,0.0,0.0,0,-107875648.0,69,0.0,138,0.0,0.0,0,13107,17040,13107,17049,13107,17043,0,0,0,70,68,100,2.7302359370752657e+23,71.1,0.0,74.2,2.7302370179391762e+23,74.0,1,49,50,180,0,52429,0,0,0.0,0.0,0.0,0.0,-0.0,67.0,0.0,162057.094,0.0,750,0,739,0,0,0,721,0,766,0,736,0,742,0,741,0,712,0,7520,0.032,78920024064.0,0.0,0.0,784,16797,-0.0,162057.094,-114818.039,-0.0,0.133,6.909358625270745e+28,30.0,65.0,35,0.0,0.0,0.0,0.0,0.0,0.0,0.0,0.0,0.0,0.0,0.0,0.0,0.0,0.0,0.0,0.0,69.6,0,150,71,54,65476,0,300,0,1,8,20529,65476,0,0,40632,65.0,0.0,0.0,0.0,0.0,0.0
2026-09-04T20:38:25,ERR,ERR,ERR,ERR,ERR,ERR,ERR,ERR,ERR,ERR,ERR,ERR,ERR,ERR,ERR,ERR,ERR,ERR,ERR,ERR,ERR,ERR,ERR,ERR,ERR,ERR,ERR,ERR,ERR,ERR,ERR,ERR,ERR,ERR,ERR,ERR,ERR,ERR,ERR,ERR,ERR,ERR,ERR,ERR,ERR,ERR,ERR,ERR,ERR,ERR,ERR,ERR,ERR,ERR,ERR,ERR,ERR,ERR,ERR,ERR,ERR,ERR,ERR,ERR,ERR,ERR,ERR,ERR,ERR,ERR,ERR,ERR,ERR,ERR,ERR,ERR,ERR,ERR,ERR,ERR,ERR,ERR,ERR,ERR,ERR,ERR,ERR,ERR,ERR,ERR,ERR,ERR,ERR,ERR,ERR,ERR,ERR,ERR,ERR,ERR,ERR,ERR,ERR,ERR,ERR,ERR,ERR,ERR,ERR,ERR,ERR,ERR,ERR,ERR,ERR,ERR,ERR,ERR,ERR,ERR,ERR,ERR,ERR,ERR,ERR,0.0,0.0,0.0,0.0,0.0,1.3936040501711995e+18,7.805,0.0,0,0,4,0,7116,0.0,100,0.0,0.0,0.0,0.0,0.0,0,0,0,0,0.0,0,0,0,0,0,0,0,0,0,0,0,0,0,0,0,0,0,0,0,0,0,0,0,0,0,0,0,0,0,0,0,0,0,31,40,40,71,65476,0,300,0,0,8,21553,0.0,-107605600.0,0.0,0.0,0.0,0.0,0.0,0.0,0.0,0.0,0.0,0.0,0.0,0.0,0.0,0.0,0.0,0.0,0.0,0.0,0.0,0.0,-2.004,-0.0,-0.0,-2.004,0.0,0.0,0.0,0.0,6317.0,-2.422999721977704e+24,6941.0,0.0,0.0,2.7184303811560617e+23,0.0,0.0,0.0,0.0,0.0,69,0.0,126840971264.0,0.0,0.0,0.0,0.0,0.0,0.0,0.0,0,0,0,0.0,0.0,0.0,0.0,0.0,0.0,0.0,0.0,0.0,0.0,0.0,0.0,0.0,0.0,0.0,0.0,0,-107875648.0,69,0.0,138,0.0,0.0,0,13107,17040,13107,17049,13107,17043,0,0,0,70,68,100,2.7302359370752657e+23,71.1,0.0,74.2,2.7302370179391762e+23,74.0,1,49,50,180,0,52429,0,0,0.0,0.0,0.0,0.0,-0.0,67.0,0.0,162057.094,0.0,750,0,739,0,0,0,721,0,766,0,736,0,742,0,741,0,712,0,7520,0.032,78920024064.0,0.0,0.0,784,16797,-0.0,162057.094,-114818.039,-0.0,0.133,6.909358625270745e+28,30.0,65.0,35,0.0,0.0,0.0,0.0,0.0,0.0,0.0,0.0,0.0,0.0,0.0,0.0,0.0,0.0,0.0,0.0,69.6,0,150,71,54,65476,0,300,0,1,8,20529,65476,0,0,40632,65.0,0.0,0.0,0.0,0.0,0.0
2026-09-04T20:38:26,ERR,ERR,ERR,ERR,ERR,ERR,ERR,ERR,ERR,ERR,ERR,ERR,ERR,ERR,ERR,ERR,ERR,ERR,ERR,ERR,ERR,ERR,ERR,ERR,ERR,ERR,ERR,ERR,ERR,ERR,ERR,ERR,ERR,ERR,ERR,ERR,ERR,ERR,ERR,ERR,ERR,ERR,ERR,ERR,ERR,ERR,ERR,ERR,ERR,ERR,ERR,ERR,ERR,ERR,ERR,ERR,ERR,ERR,ERR,ERR,ERR,ERR,ERR,ERR,ERR,ERR,ERR,ERR,ERR,ERR,ERR,ERR,ERR,ERR,ERR,ERR,ERR,ERR,ERR,ERR,ERR,ERR,ERR,ERR,ERR,ERR,ERR,ERR,ERR,ERR,ERR,ERR,ERR,ERR,ERR,ERR,ERR,ERR,ERR,ERR,ERR,ERR,ERR,ERR,ERR,ERR,ERR,ERR,ERR,ERR,ERR,ERR,ERR,ERR,ERR,ERR,ERR,ERR,ERR,ERR,ERR,ERR,ERR,ERR,ERR,0.0,0.0,0.0,0.0,0.0,1.3936040501711995e+18,7.805,0.0,0,0,4,0,7116,0.0,100,0.0,0.0,0.0,0.0,0.0,0,0,0,0,0.0,0,0,0,0,0,0,0,0,0,0,0,0,0,0,0,0,0,0,0,0,0,0,0,0,0,0,0,0,0,0,0,0,0,31,40,40,71,65476,0,300,0,0,8,21553,0.0,-107605600.0,0.0,0.0,0.0,0.0,0.0,0.0,0.0,0.0,0.0,0.0,0.0,0.0,0.0,0.0,0.0,0.0,0.0,0.0,0.0,0.0,-2.004,-0.0,-0.0,-2.004,0.0,0.0,0.0,0.0,6317.0,-2.422999721977704e+24,6941.0,0.0,0.0,2.7184303811560617e+23,0.0,0.0,0.0,0.0,0.0,69,0.0,126840971264.0,0.0,0.0,0.0,0.0,0.0,0.0,0.0,0,0,0,0.0,0.0,0.0,0.0,0.0,0.0,0.0,0.0,0.0,0.0,0.0,0.0,0.0,0.0,0.0,0.0,0,-107875648.0,69,0.0,138,0.0,0.0,0,13107,17040,13107,17049,13107,17043,0,0,0,70,68,100,2.7302359370752657e+23,71.1,0.0,74.2,2.7302370179391762e+23,74.0,1,49,50,180,0,52429,0,0,0.0,0.0,0.0,0.0,-0.0,67.0,0.0,162057.094,0.0,750,0,739,0,0,0,721,0,766,0,736,0,742,0,741,0,712,0,7520,0.032,78920024064.0,0.0,0.0,784,16797,-0.0,162057.094,-114818.039,-0.0,0.133,6.909358625270745e+28,30.0,65.0,35,0.0,0.0,0.0,0.0,0.0,0.0,0.0,0.0,0.0,0.0,0.0,0.0,0.0,0.0,0.0,0.0,69.2,0,150,71,54,65476,0,300,0,1,8,20529,65476,0,0,40632,65.0,0.0,0.0,0.0,0.0,0.0
2026-09-04T20:38:27,ERR,ERR,ERR,ERR,ERR,ERR,ERR,ERR,ERR,ERR,ERR,ERR,ERR,ERR,ERR,ERR,ERR,ERR,ERR,ERR,ERR,ERR,ERR,ERR,ERR,ERR,ERR,ERR,ERR,ERR,ERR,ERR,ERR,ERR,ERR,ERR,ERR,ERR,ERR,ERR,ERR,ERR,ERR,ERR,ERR,ERR,ERR,ERR,ERR,ERR,ERR,ERR,ERR,ERR,ERR,ERR,ERR,ERR,ERR,ERR,ERR,ERR,ERR,ERR,ERR,ERR,ERR,ERR,ERR,ERR,ERR,ERR,ERR,ERR,ERR,ERR,ERR,ERR,ERR,ERR,ERR,ERR,ERR,ERR,ERR,ERR,ERR,ERR,ERR,ERR,ERR,ERR,ERR,ERR,ERR,ERR,ERR,ERR,ERR,ERR,ERR,ERR,ERR,ERR,ERR,ERR,ERR,ERR,ERR,ERR,ERR,ERR,ERR,ERR,ERR,ERR,ERR,ERR,ERR,ERR,ERR,ERR,ERR,ERR,ERR,0.0,0.0,0.0,0.0,0.0,1.3936040501711995e+18,7.805,0.0,0,0,4,0,7116,0.0,100,0.0,0.0,0.0,0.0,0.0,0,0,0,0,0.0,0,0,0,0,0,0,0,0,0,0,0,0,0,0,0,0,0,0,0,0,0,0,0,0,0,0,0,0,0,0,0,0,0,31,40,40,71,65476,0,300,0,0,8,21553,0.0,-107605600.0,0.0,0.0,0.0,0.0,0.0,0.0,0.0,0.0,0.0,0.0,0.0,0.0,0.0,0.0,0.0,0.0,0.0,0.0,0.0,0.0,-2.004,-0.0,-0.0,-2.004,0.0,0.0,0.0,0.0,6317.0,-2.422999721977704e+24,6941.0,0.0,0.0,2.7184303811560617e+23,0.0,0.0,0.0,0.0,0.0,69,0.0,126840971264.0,0.0,0.0,0.0,0.0,0.0,0.0,0.0,0,0,0,0.0,0.0,0.0,0.0,0.0,0.0,0.0,0.0,0.0,0.0,0.0,0.0,0.0,0.0,0.0,0.0,0,-107875648.0,69,0.0,138,0.0,0.0,0,13107,17040,13107,17049,13107,17043,0,0,0,70,68,100,2.7302359370752657e+23,71.1,0.0,74.2,2.7302370179391762e+23,74.0,1,49,50,180,0,52429,0,0,0.0,0.0,0.0,0.0,-0.0,67.0,0.0,162057.094,0.0,750,0,739,0,0,0,721,0,766,0,736,0,742,0,741,0,712,0,7520,0.032,78920024064.0,0.0,0.0,784,16797,-0.0,162057.094,-114818.039,-0.0,0.133,6.909358625270745e+28,30.0,65.0,35,0.0,0.0,0.0,0.0,0.0,0.0,0.0,0.0,0.0,0.0,0.0,0.0,0.0,0.0,0.0,0.0,69.2,0,150,71,54,65476,0,300,0,1,8,20529,65476,0,0,40632,65.0,0.0,0.0,0.0,0.0,0.0
2026-09-04T20:38:28,ERR,ERR,ERR,ERR,ERR,ERR,ERR,ERR,ERR,ERR,ERR,ERR,ERR,ERR,ERR,ERR,ERR,ERR,ERR,ERR,ERR,ERR,ERR,ERR,ERR,ERR,ERR,ERR,ERR,ERR,ERR,ERR,ERR,ERR,ERR,ERR,ERR,ERR,ERR,ERR,ERR,ERR,ERR,ERR,ERR,ERR,ERR,ERR,ERR,ERR,ERR,ERR,ERR,ERR,ERR,ERR,ERR,ERR,ERR,ERR,ERR,ERR,ERR,ERR,ERR,ERR,ERR,ERR,ERR,ERR,ERR,ERR,ERR,ERR,ERR,ERR,ERR,ERR,ERR,ERR,ERR,ERR,ERR,ERR,ERR,ERR,ERR,ERR,ERR,ERR,ERR,ERR,ERR,ERR,ERR,ERR,ERR,ERR,ERR,ERR,ERR,ERR,ERR,ERR,ERR,ERR,ERR,ERR,ERR,ERR,ERR,ERR,ERR,ERR,ERR,ERR,ERR,ERR,ERR,ERR,ERR,ERR,ERR,ERR,ERR,0.0,0.0,0.0,0.0,0.0,1.3936040501711995e+18,7.805,0.0,0,0,4,0,7116,0.0,100,0.0,0.0,0.0,0.0,0.0,0,0,0,0,0.0,0,0,0,0,0,0,0,0,0,0,0,0,0,0,0,0,0,0,0,0,0,0,0,0,0,0,0,0,0,0,0,0,0,31,40,40,71,65476,0,300,0,0,8,21553,0.0,-107605600.0,0.0,0.0,0.0,0.0,0.0,0.0,0.0,0.0,0.0,0.0,0.0,0.0,0.0,0.0,0.0,0.0,0.0,0.0,0.0,0.0,-2.004,-0.0,-0.0,-2.004,0.0,0.0,0.0,0.0,6317.0,-2.422999721977704e+24,6941.0,0.0,0.0,2.7184303811560617e+23,0.0,0.0,0.0,0.0,0.0,69,0.0,126840971264.0,0.0,0.0,0.0,0.0,0.0,0.0,0.0,0,0,0,0.0,0.0,0.0,0.0,0.0,0.0,0.0,0.0,0.0,0.0,0.0,0.0,0.0,0.0,0.0,0.0,0,-107875648.0,69,0.0,138,0.0,0.0,0,13107,17040,13107,17049,13107,17043,0,0,0,70,68,100,2.7302359370752657e+23,71.1,0.0,74.2,2.7302370179391762e+23,74.0,1,49,50,180,0,52429,0,0,0.0,0.0,0.0,0.0,-0.0,67.0,0.0,162057.094,0.0,750,0,739,0,0,0,721,0,766,0,736,0,742,0,741,0,712,0,7520,0.032,79456894976.0,0.0,0.0,784,16797,-0.0,162057.094,-114818.039,-0.0,0.133,6.909358625270745e+28,30.0,65.0,35,0.0,0.0,0.0,0.0,0.0,0.0,0.0,0.0,0.0,0.0,0.0,0.0,0.0,0.0,0.0,0.0,69.2,0,150,71,54,65476,0,300,0,1,8,20529,65476,0,0,40632,65.0,0.0,0.0,0.0,0.0,0.0
2026-09-04T20:38:29,ERR,ERR,ERR,ERR,ERR,ERR,ERR,ERR,ERR,ERR,ERR,ERR,ERR,ERR,ERR,ERR,ERR,ERR,ERR,ERR,ERR,ERR,ERR,ERR,ERR,ERR,ERR,ERR,ERR,ERR,ERR,ERR,ERR,ERR,ERR,ERR,ERR,ERR,ERR,ERR,ERR,ERR,ERR,ERR,ERR,ERR,ERR,ERR,ERR,ERR,ERR,ERR,ERR,ERR,ERR,ERR,ERR,ERR,ERR,ERR,ERR,ERR,ERR,ERR,ERR,ERR,ERR,ERR,ERR,ERR,ERR,ERR,ERR,ERR,ERR,ERR,ERR,ERR,ERR,ERR,ERR,ERR,ERR,ERR,ERR,ERR,ERR,ERR,ERR,ERR,ERR,ERR,ERR,ERR,ERR,ERR,ERR,ERR,ERR,ERR,ERR,ERR,ERR,ERR,ERR,ERR,ERR,ERR,ERR,ERR,ERR,ERR,ERR,ERR,ERR,ERR,ERR,ERR,ERR,ERR,ERR,ERR,ERR,ERR,ERR,0.0,0.0,0.0,0.0,0.0,1.3936040501711995e+18,7.805,0.0,0,0,4,0,7116,0.0,100,0.0,0.0,0.0,0.0,0.0,0,0,0,0,0.0,0,0,0,0,0,0,0,0,0,0,0,0,0,0,0,0,0,0,0,0,0,0,0,0,0,0,0,0,0,0,0,0,0,31,40,40,71,65476,0,300,0,0,8,21553,0.0,-107605600.0,0.0,0.0,0.0,0.0,0.0,0.0,0.0,0.0,0.0,0.0,0.0,0.0,0.0,0.0,0.0,0.0,0.0,0.0,0.0,0.0,-2.004,-0.0,-0.0,-2.004,0.0,0.0,0.0,0.0,6317.0,-2.422999721977704e+24,6941.0,0.0,0.0,2.7184303811560617e+23,0.0,0.0,0.0,0.0,0.0,69,0.0,126840971264.0,0.0,0.0,0.0,0.0,0.0,0.0,0.0,0,0,0,0.0,0.0,0.0,0.0,0.0,0.0,0.0,0.0,0.0,0.0,0.0,0.0,0.0,0.0,0.0,0.0,0,-107875648.0,69,0.0,138,0.0,0.0,0,13107,17040,13107,17049,13107,17043,0,0,0,70,68,100,2.7302359370752657e+23,71.1,0.0,74.2,2.7302370179391762e+23,74.0,1,49,50,180,0,52429,0,0,0.0,0.0,0.0,0.0,-0.0,67.0,0.0,162057.094,0.0,750,0,739,0,0,0,721,0,766,0,736,0,742,0,741,0,712,0,7520,0.032,79456894976.0,0.0,0.0,784,16797,-0.0,162057.094,-114818.039,-0.0,0.133,6.909358625270745e+28,30.0,65.0,35,0.0,0.0,0.0,0.0,0.0,0.0,0.0,0.0,0.0,0.0,0.0,0.0,0.0,0.0,0.0,0.0,69.2,0,150,71,54,65476,0,300,0,1,8,20529,65476,0,0,40632,65.0,0.0,0.0,0.0,0.0,0.0
2026-09-04T20:38:30,ERR,ERR,ERR,ERR,ERR,ERR,ERR,ERR,ERR,ERR,ERR,ERR,ERR,ERR,ERR,ERR,ERR,ERR,ERR,ERR,ERR,ERR,ERR,ERR,ERR,ERR,ERR,ERR,ERR,ERR,ERR,ERR,ERR,ERR,ERR,ERR,ERR,ERR,ERR,ERR,ERR,ERR,ERR,ERR,ERR,ERR,ERR,ERR,ERR,ERR,ERR,ERR,ERR,ERR,ERR,ERR,ERR,ERR,ERR,ERR,ERR,ERR,ERR,ERR,ERR,ERR,ERR,ERR,ERR,ERR,ERR,ERR,ERR,ERR,ERR,ERR,ERR,ERR,ERR,ERR,ERR,ERR,ERR,ERR,ERR,ERR,ERR,ERR,ERR,ERR,ERR,ERR,ERR,ERR,ERR,ERR,ERR,ERR,ERR,ERR,ERR,ERR,ERR,ERR,ERR,ERR,ERR,ERR,ERR,ERR,ERR,ERR,ERR,ERR,ERR,ERR,ERR,ERR,ERR,ERR,ERR,ERR,ERR,ERR,ERR,0.0,0.0,0.0,0.0,0.0,1.3936040501711995e+18,7.805,0.0,0,0,4,0,7116,0.0,100,0.0,0.0,0.0,0.0,0.0,0,0,0,0,0.0,0,0,0,0,0,0,0,0,0,0,0,0,0,0,0,0,0,0,0,0,0,0,0,0,0,0,0,0,0,0,0,0,0,31,40,40,71,65476,0,300,0,0,8,21553,0.0,-107605600.0,0.0,0.0,0.0,0.0,0.0,0.0,0.0,0.0,0.0,0.0,0.0,0.0,0.0,0.0,0.0,0.0,0.0,0.0,0.0,0.0,-2.004,-0.0,-0.0,-2.004,0.0,0.0,0.0,0.0,6307.0,3.697204165615393e+19,6924.0,0.0,0.0,2.7184303811560617e+23,0.0,0.0,0.0,0.0,0.0,69,-126841167872.0,-0.0,0.0,0.0,0.0,0.0,0.0,0.0,0.0,0,0,0,0.0,0.0,0.0,0.0,0.0,0.0,0.0,0.0,0.0,0.0,0.0,0.0,0.0,0.0,0.0,0.0,0,-107875648.0,69,0.0,138,0.0,0.0,0,13107,17040,13107,17049,13107,17043,0,0,0,70,68,100,2.7302359370752657e+23,71.1,0.0,74.2,2.7302370179391762e+23,74.0,1,49,50,180,0,52429,0,0,0.0,0.0,0.0,0.0,-0.0,67.0,0.0,162057.094,0.0,750,0,739,0,0,0,721,0,766,0,736,0,742,0,741,0,712,0,7520,0.032,79456894976.0,0.0,0.0,784,16797,-0.0,162057.094,-114818.039,-0.0,0.133,6.909358625270745e+28,30.0,65.0,35,0.0,0.0,0.0,0.0,0.0,0.0,0.0,0.0,0.0,0.0,0.0,0.0,0.0,0.0,0.0,0.0,69.2,0,150,71,54,65476,0,300,0,1,8,20529,65476,0,0,40632,65.0,0.0,0.0,0.0,0.0,0.0
2026-09-04T20:38:31,ERR,ERR,ERR,ERR,ERR,ERR,ERR,ERR,ERR,ERR,ERR,ERR,ERR,ERR,ERR,ERR,ERR,ERR,ERR,ERR,ERR,ERR,ERR,ERR,ERR,ERR,ERR,ERR,ERR,ERR,ERR,ERR,ERR,ERR,ERR,ERR,ERR,ERR,ERR,ERR,ERR,ERR,ERR,ERR,ERR,ERR,ERR,ERR,ERR,ERR,ERR,ERR,ERR,ERR,ERR,ERR,ERR,ERR,ERR,ERR,ERR,ERR,ERR,ERR,ERR,ERR,ERR,ERR,ERR,ERR,ERR,ERR,ERR,ERR,ERR,ERR,ERR,ERR,ERR,ERR,ERR,ERR,ERR,ERR,ERR,ERR,ERR,ERR,ERR,ERR,ERR,ERR,ERR,ERR,ERR,ERR,ERR,ERR,ERR,ERR,ERR,ERR,ERR,ERR,ERR,ERR,ERR,ERR,ERR,ERR,ERR,ERR,ERR,ERR,ERR,ERR,ERR,ERR,ERR,ERR,ERR,ERR,ERR,ERR,ERR,0.0,0.0,0.0,0.0,0.0,1.3936040501711995e+18,7.805,0.0,0,0,4,0,7116,0.0,100,0.0,0.0,0.0,0.0,0.0,0,0,0,0,0.0,0,0,0,0,0,0,0,0,0,0,0,0,0,0,0,0,0,0,0,0,0,0,0,0,0,0,0,0,0,0,0,0,0,31,40,40,71,65476,0,300,0,0,8,21553,0.0,-107605600.0,0.0,0.0,0.0,0.0,0.0,0.0,0.0,0.0,0.0,0.0,0.0,0.0,0.0,0.0,0.0,0.0,0.0,0.0,0.0,0.0,-2.004,-0.0,-0.0,-2.004,0.0,0.0,0.0,0.0,6307.0,3.697204165615393e+19,6924.0,0.0,0.0,2.7184303811560617e+23,0.0,0.0,0.0,0.0,0.0,69,-126841167872.0,-0.0,0.0,0.0,0.0,0.0,0.0,0.0,0.0,0,0,0,0.0,0.0,0.0,0.0,0.0,0.0,0.0,0.0,0.0,0.0,0.0,0.0,0.0,0.0,0.0,0.0,0,-107875648.0,69,0.0,138,0.0,0.0,0,13107,17040,13107,17049,13107,17043,0,0,0,70,68,100,2.7302359370752657e+23,71.1,0.0,74.2,2.7302370179391762e+23,74.0,1,49,50,180,0,52429,0,0,0.0,0.0,0.0,0.0,-0.0,67.0,0.0,162057.094,0.0,750,0,739,0,0,0,721,0,766,0,736,0,742,0,741,0,712,0,7520,0.032,79456894976.0,0.0,0.0,784,16797,-0.0,162057.094,-114818.039,-0.0,0.133,6.909358625270745e+28,30.0,65.0,35,0.0,0.0,0.0,0.0,0.0,0.0,0.0,0.0,0.0,0.0,0.0,0.0,0.0,0.0,0.0,0.0,69.2,0,150,71,54,65476,0,300,0,1,8,20529,65476,0,0,40632,65.0,0.0,0.0,0.0,0.0,0.0
2026-09-04T20:38:32,ERR,ERR,ERR,ERR,ERR,ERR,ERR,ERR,ERR,ERR,ERR,ERR,ERR,ERR,ERR,ERR,ERR,ERR,ERR,ERR,ERR,ERR,ERR,ERR,ERR,ERR,ERR,ERR,ERR,ERR,ERR,ERR,ERR,ERR,ERR,ERR,ERR,ERR,ERR,ERR,ERR,ERR,ERR,ERR,ERR,ERR,ERR,ERR,ERR,ERR,ERR,ERR,ERR,ERR,ERR,ERR,ERR,ERR,ERR,ERR,ERR,ERR,ERR,ERR,ERR,ERR,ERR,ERR,ERR,ERR,ERR,ERR,ERR,ERR,ERR,ERR,ERR,ERR,ERR,ERR,ERR,ERR,ERR,ERR,ERR,ERR,ERR,ERR,ERR,ERR,ERR,ERR,ERR,ERR,ERR,ERR,ERR,ERR,ERR,ERR,ERR,ERR,ERR,ERR,ERR,ERR,ERR,ERR,ERR,ERR,ERR,ERR,ERR,ERR,ERR,ERR,ERR,ERR,ERR,ERR,ERR,ERR,ERR,ERR,ERR,0.0,0.0,0.0,0.0,0.0,1.3936040501711995e+18,7.805,0.0,0,0,4,0,7116,0.0,100,0.0,0.0,0.0,0.0,0.0,0,0,0,0,0.0,0,0,0,0,0,0,0,0,0,0,0,0,0,0,0,0,0,0,0,0,0,0,0,0,0,0,0,0,0,0,0,0,0,31,40,40,71,65476,0,300,0,0,8,21553,0.0,-107605600.0,0.0,0.0,0.0,0.0,0.0,0.0,0.0,0.0,0.0,0.0,0.0,0.0,0.0,0.0,0.0,0.0,0.0,0.0,0.0,0.0,-2.004,-0.0,-0.0,-2.004,0.0,0.0,0.0,0.0,6307.0,3.697204165615393e+19,6924.0,0.0,0.0,2.7184303811560617e+23,0.0,0.0,0.0,0.0,0.0,69,-126841167872.0,-0.0,0.0,0.0,0.0,0.0,0.0,0.0,0.0,0,0,0,0.0,0.0,0.0,0.0,0.0,0.0,0.0,0.0,0.0,0.0,0.0,0.0,0.0,0.0,0.0,0.0,0,-107875648.0,69,0.0,138,0.0,0.0,0,13107,17040,13107,17049,13107,17043,0,0,0,70,68,100,2.7302359370752657e+23,71.1,0.0,74.2,2.7302370179391762e+23,74.0,1,49,50,180,0,52429,0,0,0.0,0.0,0.0,0.0,-0.0,67.0,0.0,162057.094,0.0,750,0,739,0,0,0,721,0,766,0,736,0,742,0,741,0,712,0,7520,0.032,79456894976.0,0.0,0.0,784,16797,-0.0,162057.094,-114818.039,-0.0,0.133,6.909358625270745e+28,30.0,65.0,35,0.0,0.0,0.0,0.0,0.0,0.0,0.0,0.0,0.0,0.0,0.0,0.0,0.0,0.0,0.0,0.0,69.2,0,150,71,54,65476,0,300,0,1,8,20529,65476,0,0,40632,65.0,0.0,0.0,0.0,0.0,0.0
2026-09-04T20:38:33,ERR,ERR,ERR,ERR,ERR,ERR,ERR,ERR,ERR,ERR,ERR,ERR,ERR,ERR,ERR,ERR,ERR,ERR,ERR,ERR,ERR,ERR,ERR,ERR,ERR,ERR,ERR,ERR,ERR,ERR,ERR,ERR,ERR,ERR,ERR,ERR,ERR,ERR,ERR,ERR,ERR,ERR,ERR,ERR,ERR,ERR,ERR,ERR,ERR,ERR,ERR,ERR,ERR,ERR,ERR,ERR,ERR,ERR,ERR,ERR,ERR,ERR,ERR,ERR,ERR,ERR,ERR,ERR,ERR,ERR,ERR,ERR,ERR,ERR,ERR,ERR,ERR,ERR,ERR,ERR,ERR,ERR,ERR,ERR,ERR,ERR,ERR,ERR,ERR,ERR,ERR,ERR,ERR,ERR,ERR,ERR,ERR,ERR,ERR,ERR,ERR,ERR,ERR,ERR,ERR,ERR,ERR,ERR,ERR,ERR,ERR,ERR,ERR,ERR,ERR,ERR,ERR,ERR,ERR,ERR,ERR,ERR,ERR,ERR,ERR,0.0,0.0,0.0,0.0,0.0,1.3936040501711995e+18,7.805,0.0,0,0,4,0,7116,0.0,100,0.0,0.0,0.0,0.0,0.0,0,0,0,0,0.0,0,0,0,0,0,0,0,0,0,0,0,0,0,0,0,0,0,0,0,0,0,0,0,0,0,0,0,0,0,0,0,0,0,31,40,40,71,65476,0,300,0,0,8,21553,0.0,-107605600.0,0.0,0.0,0.0,0.0,0.0,0.0,0.0,0.0,0.0,0.0,0.0,0.0,0.0,0.0,0.0,0.0,0.0,0.0,0.0,0.0,-2.004,-0.0,-0.0,-2.004,0.0,0.0,0.0,0.0,6307.0,3.697204165615393e+19,6924.0,0.0,0.0,2.7184303811560617e+23,0.0,0.0,0.0,0.0,0.0,69,-126841167872.0,-0.0,0.0,0.0,0.0,0.0,0.0,0.0,0.0,0,0,0,0.0,0.0,0.0,0.0,0.0,0.0,0.0,0.0,0.0,0.0,0.0,0.0,0.0,0.0,0.0,0.0,0,-107875648.0,69,0.0,138,0.0,0.0,0,13107,17040,13107,17049,13107,17043,0,0,0,70,68,100,2.7302359370752657e+23,71.1,0.0,74.2,2.7302370179391762e+23,74.0,1,49,50,180,0,52429,0,0,0.0,0.0,0.0,0.0,-0.0,67.0,0.0,162057.094,0.0,750,0,739,0,0,0,721,0,766,0,736,0,742,0,741,0,712,0,7520,0.032,79456894976.0,0.0,0.0,784,16797,-0.0,162057.094,-114818.039,-0.0,0.133,6.909358625270745e+28,30.0,65.0,35,0.0,0.0,0.0,0.0,0.0,0.0,0.0,0.0,0.0,0.0,0.0,0.0,0.0,0.0,0.0,0.0,69.2,0,150,71,54,65476,0,300,0,1,8,20529,65476,0,0,40632,65.0,0.0,0.0,0.0,0.0,0.0
2026-09-04T20:38:34,ERR,ERR,ERR,ERR,ERR,ERR,ERR,ERR,ERR,ERR,ERR,ERR,ERR,ERR,ERR,ERR,ERR,ERR,ERR,ERR,ERR,ERR,ERR,ERR,ERR,ERR,ERR,ERR,ERR,ERR,ERR,ERR,ERR,ERR,ERR,ERR,ERR,ERR,ERR,ERR,ERR,ERR,ERR,ERR,ERR,ERR,ERR,ERR,ERR,ERR,ERR,ERR,ERR,ERR,ERR,ERR,ERR,ERR,ERR,ERR,ERR,ERR,ERR,ERR,ERR,ERR,ERR,ERR,ERR,ERR,ERR,ERR,ERR,ERR,ERR,ERR,ERR,ERR,ERR,ERR,ERR,ERR,ERR,ERR,ERR,ERR,ERR,ERR,ERR,ERR,ERR,ERR,ERR,ERR,ERR,ERR,ERR,ERR,ERR,ERR,ERR,ERR,ERR,ERR,ERR,ERR,ERR,ERR,ERR,ERR,ERR,ERR,ERR,ERR,ERR,ERR,ERR,ERR,ERR,ERR,ERR,ERR,ERR,ERR,ERR,0.0,0.0,0.0,0.0,0.0,1.3936040501711995e+18,7.805,0.0,0,0,4,0,7116,0.0,100,0.0,0.0,0.0,0.0,0.0,0,0,0,0,0.0,0,0,0,0,0,0,0,0,0,0,0,0,0,0,0,0,0,0,0,0,0,0,0,0,0,0,0,0,0,0,0,0,0,31,40,40,71,65476,0,300,0,0,8,21553,0.0,-107605600.0,0.0,0.0,0.0,0.0,0.0,0.0,0.0,0.0,0.0,0.0,0.0,0.0,0.0,0.0,0.0,0.0,0.0,0.0,0.0,0.0,-2.004,-0.0,-0.0,-2.004,0.0,0.0,0.0,0.0,6307.0,3.697204165615393e+19,6924.0,0.0,0.0,2.7184303811560617e+23,0.0,0.0,0.0,0.0,0.0,69,-126841167872.0,-0.0,0.0,0.0,0.0,0.0,0.0,0.0,0.0,0,0,0,0.0,0.0,0.0,0.0,0.0,0.0,0.0,0.0,0.0,0.0,0.0,0.0,0.0,0.0,0.0,0.0,0,-107875648.0,69,0.0,138,0.0,0.0,0,13107,17040,13107,17049,13107,17043,0,0,0,70,68,100,2.7302359370752657e+23,71.1,0.0,74.2,2.7302370179391762e+23,74.0,1,49,50,180,0,52429,0,0,0.0,0.0,0.0,0.0,-0.0,67.0,0.0,162057.094,0.0,750,0,739,0,0,0,721,0,766,0,736,0,742,0,741,0,712,0,7520,0.032,78920024064.0,0.0,0.0,784,16797,-0.0,162057.094,-114818.039,-0.0,0.133,6.909358625270745e+28,30.0,65.0,35,0.0,0.0,0.0,0.0,0.0,0.0,0.0,0.0,0.0,0.0,0.0,0.0,0.0,0.0,0.0,0.0,69.2,0,150,71,54,65476,0,300,0,1,8,20529,65476,0,0,40632,65.0,0.0,0.0,0.0,0.0,0.0
2026-09-04T20:38:35,ERR,ERR,ERR,ERR,ERR,ERR,ERR,ERR,ERR,ERR,ERR,ERR,ERR,ERR,ERR,ERR,ERR,ERR,ERR,ERR,ERR,ERR,ERR,ERR,ERR,ERR,ERR,ERR,ERR,ERR,ERR,ERR,ERR,ERR,ERR,ERR,ERR,ERR,ERR,ERR,ERR,ERR,ERR,ERR,ERR,ERR,ERR,ERR,ERR,ERR,ERR,ERR,ERR,ERR,ERR,ERR,ERR,ERR,ERR,ERR,ERR,ERR,ERR,ERR,ERR,ERR,ERR,ERR,ERR,ERR,ERR,ERR,ERR,ERR,ERR,ERR,ERR,ERR,ERR,ERR,ERR,ERR,ERR,ERR,ERR,ERR,ERR,ERR,ERR,ERR,ERR,ERR,ERR,ERR,ERR,ERR,ERR,ERR,ERR,ERR,ERR,ERR,ERR,ERR,ERR,ERR,ERR,ERR,ERR,ERR,ERR,ERR,ERR,ERR,ERR,ERR,ERR,ERR,ERR,ERR,ERR,ERR,ERR,ERR,ERR,0.0,0.0,0.0,0.0,0.0,1.3936040501711995e+18,7.805,0.0,0,0,4,0,7116,0.0,100,0.0,0.0,0.0,0.0,0.0,0,0,0,0,0.0,0,0,0,0,0,0,0,0,0,0,0,0,0,0,0,0,0,0,0,0,0,0,0,0,0,0,0,0,0,0,0,0,0,31,40,40,71,65476,0,300,0,0,8,21553,0.0,-107605600.0,0.0,0.0,0.0,0.0,0.0,0.0,0.0,0.0,0.0,0.0,0.0,0.0,0.0,0.0,0.0,0.0,0.0,0.0,0.0,0.0,-2.004,-0.0,-0.0,-2.004,0.0,0.0,0.0,0.0,6307.0,3.697204165615393e+19,6924.0,0.0,0.0,2.7184303811560617e+23,0.0,0.0,0.0,0.0,0.0,69,-126841167872.0,-0.0,0.0,0.0,0.0,0.0,0.0,0.0,0.0,0,0,0,0.0,0.0,0.0,0.0,0.0,0.0,0.0,0.0,0.0,0.0,0.0,0.0,0.0,0.0,0.0,0.0,0,-107875648.0,69,0.0,138,0.0,0.0,0,13107,17040,13107,17049,13107,17043,0,0,0,70,68,100,2.7302359370752657e+23,71.1,0.0,74.2,2.7302370179391762e+23,74.0,1,49,50,180,0,52429,0,0,0.0,0.0,0.0,0.0,-0.0,67.0,0.0,162057.094,0.0,750,0,739,0,0,0,721,0,766,0,736,0,742,0,741,0,712,0,7520,0.032,78920024064.0,0.0,0.0,784,16797,-0.0,162057.094,-114818.039,-0.0,0.133,6.909358625270745e+28,30.0,65.0,35,0.0,0.0,0.0,0.0,0.0,0.0,0.0,0.0,0.0,0.0,0.0,0.0,0.0,0.0,0.0,0.0,69.2,0,150,71,54,65476,0,300,0,1,8,20529,65476,0,0,40632,65.0,0.0,0.0,0.0,0.0,0.0
2026-09-04T20:38:36,ERR,ERR,ERR,ERR,ERR,ERR,ERR,ERR,ERR,ERR,ERR,ERR,ERR,ERR,ERR,ERR,ERR,ERR,ERR,ERR,ERR,ERR,ERR,ERR,ERR,ERR,ERR,ERR,ERR,ERR,ERR,ERR,ERR,ERR,ERR,ERR,ERR,ERR,ERR,ERR,ERR,ERR,ERR,ERR,ERR,ERR,ERR,ERR,ERR,ERR,ERR,ERR,ERR,ERR,ERR,ERR,ERR,ERR,ERR,ERR,ERR,ERR,ERR,ERR,ERR,ERR,ERR,ERR,ERR,ERR,ERR,ERR,ERR,ERR,ERR,ERR,ERR,ERR,ERR,ERR,ERR,ERR,ERR,ERR,ERR,ERR,ERR,ERR,ERR,ERR,ERR,ERR,ERR,ERR,ERR,ERR,ERR,ERR,ERR,ERR,ERR,ERR,ERR,ERR,ERR,ERR,ERR,ERR,ERR,ERR,ERR,ERR,ERR,ERR,ERR,ERR,ERR,ERR,ERR,ERR,ERR,ERR,ERR,ERR,ERR,0.0,0.0,0.0,0.0,0.0,1.3936040501711995e+18,7.805,0.0,0,0,4,0,7116,0.0,100,0.0,0.0,0.0,0.0,0.0,0,0,0,0,0.0,0,0,0,0,0,0,0,0,0,0,0,0,0,0,0,0,0,0,0,0,0,0,0,0,0,0,0,0,0,0,0,0,0,31,40,40,71,65476,0,300,0,0,8,21553,0.0,-107605600.0,0.0,0.0,0.0,0.0,0.0,0.0,0.0,0.0,0.0,0.0,0.0,0.0,0.0,0.0,0.0,0.0,0.0,0.0,0.0,0.0,-2.004,-0.0,-0.0,-2.004,0.0,0.0,0.0,0.0,6307.0,3.697204165615393e+19,6924.0,0.0,0.0,2.7184303811560617e+23,0.0,0.0,0.0,0.0,0.0,69,-126841167872.0,-0.0,0.0,0.0,0.0,0.0,0.0,0.0,0.0,0,0,0,0.0,0.0,0.0,0.0,0.0,0.0,0.0,0.0,0.0,0.0,0.0,0.0,0.0,0.0,0.0,0.0,0,-107875648.0,69,0.0,138,0.0,0.0,0,13107,17040,13107,17049,13107,17043,0,0,0,70,68,100,2.7302359370752657e+23,71.1,0.0,74.2,2.7302370179391762e+23,74.0,1,49,50,180,0,52429,0,0,0.0,0.0,0.0,0.0,-0.0,67.0,0.0,162057.094,0.0,750,0,739,0,0,0,721,0,766,0,736,0,742,0,741,0,712,0,7520,0.032,78920024064.0,0.0,0.0,784,16797,-0.0,162057.094,-114818.039,-0.0,0.133,6.909358625270745e+28,30.0,65.0,35,0.0,0.0,0.0,0.0,0.0,0.0,0.0,0.0,0.0,0.0,0.0,0.0,0.0,0.0,0.0,0.0,69.2,0,150,71,54,65476,0,300,0,1,8,20529,65476,0,0,40632,65.0,0.0,0.0,0.0,0.0,0.0
2026-09-04T20:38:37,ERR,ERR,ERR,ERR,ERR,ERR,ERR,ERR,ERR,ERR,ERR,ERR,ERR,ERR,ERR,ERR,ERR,ERR,ERR,ERR,ERR,ERR,ERR,ERR,ERR,ERR,ERR,ERR,ERR,ERR,ERR,ERR,ERR,ERR,ERR,ERR,ERR,ERR,ERR,ERR,ERR,ERR,ERR,ERR,ERR,ERR,ERR,ERR,ERR,ERR,ERR,ERR,ERR,ERR,ERR,ERR,ERR,ERR,ERR,ERR,ERR,ERR,ERR,ERR,ERR,ERR,ERR,ERR,ERR,ERR,ERR,ERR,ERR,ERR,ERR,ERR,ERR,ERR,ERR,ERR,ERR,ERR,ERR,ERR,ERR,ERR,ERR,ERR,ERR,ERR,ERR,ERR,ERR,ERR,ERR,ERR,ERR,ERR,ERR,ERR,ERR,ERR,ERR,ERR,ERR,ERR,ERR,ERR,ERR,ERR,ERR,ERR,ERR,ERR,ERR,ERR,ERR,ERR,ERR,ERR,ERR,ERR,ERR,ERR,ERR,0.0,0.0,0.0,0.0,0.0,1.3936040501711995e+18,7.805,0.0,0,0,4,0,7116,0.0,100,0.0,0.0,0.0,0.0,0.0,0,0,0,0,0.0,0,0,0,0,0,0,0,0,0,0,0,0,0,0,0,0,0,0,0,0,0,0,0,0,0,0,0,0,0,0,0,0,0,31,40,40,71,65476,0,300,0,0,8,21553,0.0,-107605600.0,0.0,0.0,0.0,0.0,0.0,0.0,0.0,0.0,0.0,0.0,0.0,0.0,0.0,0.0,0.0,0.0,0.0,0.0,0.0,0.0,-2.004,-0.0,-0.0,-2.004,0.0,0.0,0.0,0.0,6307.0,3.697204165615393e+19,6924.0,0.0,0.0,2.7184303811560617e+23,0.0,0.0,0.0,0.0,0.0,69,-126841167872.0,-0.0,0.0,0.0,0.0,0.0,0.0,0.0,0.0,0,0,0,0.0,0.0,0.0,0.0,0.0,0.0,0.0,0.0,0.0,0.0,0.0,0.0,0.0,0.0,0.0,0.0,0,-107875648.0,69,0.0,138,0.0,0.0,0,13107,17040,13107,17049,13107,17043,0,0,0,70,68,100,2.7302359370752657e+23,71.1,0.0,74.2,2.7302370179391762e+23,74.0,1,49,50,180,0,52429,0,0,0.0,0.0,0.0,0.0,-0.0,67.0,0.0,162057.094,0.0,750,0,739,0,0,0,721,0,766,0,736,0,742,0,741,0,712,0,7520,0.032,78920024064.0,0.0,0.0,784,16797,-0.0,162057.094,-114818.039,-0.0,0.133,6.909358625270745e+28,30.0,65.0,35,0.0,0.0,0.0,0.0,0.0,0.0,0.0,0.0,0.0,0.0,0.0,0.0,0.0,0.0,0.0,0.0,69.2,0,150,71,54,65476,0,300,0,1,8,20529,65476,0,0,40632,65.0,0.0,0.0,0.0,0.0,0.0
2026-09-04T20:38:38,ERR,ERR,ERR,ERR,ERR,ERR,ERR,ERR,ERR,ERR,ERR,ERR,ERR,ERR,ERR,ERR,ERR,ERR,ERR,ERR,ERR,ERR,ERR,ERR,ERR,ERR,ERR,ERR,ERR,ERR,ERR,ERR,ERR,ERR,ERR,ERR,ERR,ERR,ERR,ERR,ERR,ERR,ERR,ERR,ERR,ERR,ERR,ERR,ERR,ERR,ERR,ERR,ERR,ERR,ERR,ERR,ERR,ERR,ERR,ERR,ERR,ERR,ERR,ERR,ERR,ERR,ERR,ERR,ERR,ERR,ERR,ERR,ERR,ERR,ERR,ERR,ERR,ERR,ERR,ERR,ERR,ERR,ERR,ERR,ERR,ERR,ERR,ERR,ERR,ERR,ERR,ERR,ERR,ERR,ERR,ERR,ERR,ERR,ERR,ERR,ERR,ERR,ERR,ERR,ERR,ERR,ERR,ERR,ERR,ERR,ERR,ERR,ERR,ERR,ERR,ERR,ERR,ERR,ERR,ERR,ERR,ERR,ERR,ERR,ERR,0.0,0.0,0.0,0.0,0.0,1.3936040501711995e+18,7.805,0.0,0,0,4,0,7116,0.0,100,0.0,0.0,0.0,0.0,0.0,0,0,0,0,0.0,0,0,0,0,0,0,0,0,0,0,0,0,0,0,0,0,0,0,0,0,0,0,0,0,0,0,0,0,0,0,0,0,0,31,40,40,71,65476,0,300,0,0,8,21553,0.0,-107605600.0,0.0,0.0,0.0,0.0,0.0,0.0,0.0,0.0,0.0,0.0,0.0,0.0,0.0,0.0,0.0,0.0,0.0,0.0,0.0,0.0,-2.004,-0.0,-0.0,-2.004,0.0,0.0,0.0,0.0,6285.0,-1.587936908900649e+29,6942.0,0.0,0.0,2.7184303811560617e+23,0.0,0.0,0.0,0.0,0.0,69,0.0,0.0,0.0,0.0,0.0,0.0,0.0,0.0,0.0,0,0,0,0.0,0.0,0.0,0.0,0.0,0.0,0.0,0.0,0.0,0.0,0.0,0.0,0.0,0.0,0.0,0.0,0,-107875648.0,69,0.0,138,0.0,0.0,0,13107,17040,13107,17049,13107,17043,0,0,0,70,68,100,2.7302359370752657e+23,71.1,0.0,74.2,2.7302370179391762e+23,74.0,1,49,50,180,0,52429,0,0,0.0,0.0,0.0,0.0,-0.0,67.0,0.0,162057.094,0.0,750,0,739,0,0,0,721,0,766,0,736,0,742,0,741,0,712,0,7520,0.032,78920024064.0,0.0,0.0,784,16797,-0.0,162057.094,-114818.039,-0.0,0.133,6.909358625270745e+28,30.0,65.0,35,0.0,0.0,0.0,0.0,0.0,0.0,0.0,0.0,0.0,0.0,0.0,0.0,0.0,0.0,0.0,0.0,69.2,0,150,71,54,65476,0,300,0,1,8,20529,65476,0,0,40632,65.0,0.0,0.0,0.0,0.0,0.0
2026-09-04T20:38:39,ERR,ERR,ERR,ERR,ERR,ERR,ERR,ERR,ERR,ERR,ERR,ERR,ERR,ERR,ERR,ERR,ERR,ERR,ERR,ERR,ERR,ERR,ERR,ERR,ERR,ERR,ERR,ERR,ERR,ERR,ERR,ERR,ERR,ERR,ERR,ERR,ERR,ERR,ERR,ERR,ERR,ERR,ERR,ERR,ERR,ERR,ERR,ERR,ERR,ERR,ERR,ERR,ERR,ERR,ERR,ERR,ERR,ERR,ERR,ERR,ERR,ERR,ERR,ERR,ERR,ERR,ERR,ERR,ERR,ERR,ERR,ERR,ERR,ERR,ERR,ERR,ERR,ERR,ERR,ERR,ERR,ERR,ERR,ERR,ERR,ERR,ERR,ERR,ERR,ERR,ERR,ERR,ERR,ERR,ERR,ERR,ERR,ERR,ERR,ERR,ERR,ERR,ERR,ERR,ERR,ERR,ERR,ERR,ERR,ERR,ERR,ERR,ERR,ERR,ERR,ERR,ERR,ERR,ERR,ERR,ERR,ERR,ERR,ERR,ERR,0.0,0.0,0.0,0.0,0.0,1.3936040501711995e+18,7.805,0.0,0,0,4,0,7116,0.0,100,0.0,0.0,0.0,0.0,0.0,0,0,0,0,0.0,0,0,0,0,0,0,0,0,0,0,0,0,0,0,0,0,0,0,0,0,0,0,0,0,0,0,0,0,0,0,0,0,0,31,40,40,71,65476,0,300,0,0,8,21553,0.0,-107605600.0,0.0,0.0,0.0,0.0,0.0,0.0,0.0,0.0,0.0,0.0,0.0,0.0,0.0,0.0,0.0,0.0,0.0,0.0,0.0,0.0,-2.004,-0.0,-0.0,-2.004,0.0,0.0,0.0,0.0,6285.0,-1.587936908900649e+29,6942.0,0.0,0.0,2.7184303811560617e+23,0.0,0.0,0.0,0.0,0.0,69,0.0,0.0,0.0,0.0,0.0,0.0,0.0,0.0,0.0,0,0,0,0.0,0.0,0.0,0.0,0.0,0.0,0.0,0.0,0.0,0.0,0.0,0.0,0.0,0.0,0.0,0.0,0,-107875648.0,69,0.0,138,0.0,0.0,0,13107,17040,13107,17049,13107,17043,0,0,0,70,68,100,2.7302359370752657e+23,71.1,0.0,74.2,2.7302370179391762e+23,74.0,1,49,50,180,0,52429,0,0,0.0,0.0,0.0,0.0,-0.0,67.0,0.0,162057.094,0.0,750,0,739,0,0,0,721,0,766,0,736,0,742,0,741,0,712,0,7520,0.032,79456894976.0,0.0,0.0,784,16797,-0.0,162057.094,-114818.039,-0.0,0.133,6.909358625270745e+28,30.0,65.0,35,0.0,0.0,0.0,0.0,0.0,0.0,0.0,0.0,0.0,0.0,0.0,0.0,0.0,0.0,0.0,0.0,69.2,0,150,71,54,65476,0,300,0,1,8,20529,65476,0,0,40632,65.0,0.0,0.0,0.0,0.0,0.0
2026-09-04T20:38:40,ERR,ERR,ERR,ERR,ERR,ERR,ERR,ERR,ERR,ERR,ERR,ERR,ERR,ERR,ERR,ERR,ERR,ERR,ERR,ERR,ERR,ERR,ERR,ERR,ERR,ERR,ERR,ERR,ERR,ERR,ERR,ERR,ERR,ERR,ERR,ERR,ERR,ERR,ERR,ERR,ERR,ERR,ERR,ERR,ERR,ERR,ERR,ERR,ERR,ERR,ERR,ERR,ERR,ERR,ERR,ERR,ERR,ERR,ERR,ERR,ERR,ERR,ERR,ERR,ERR,ERR,ERR,ERR,ERR,ERR,ERR,ERR,ERR,ERR,ERR,ERR,ERR,ERR,ERR,ERR,ERR,ERR,ERR,ERR,ERR,ERR,ERR,ERR,ERR,ERR,ERR,ERR,ERR,ERR,ERR,ERR,ERR,ERR,ERR,ERR,ERR,ERR,ERR,ERR,ERR,ERR,ERR,ERR,ERR,ERR,ERR,ERR,ERR,ERR,ERR,ERR,ERR,ERR,ERR,ERR,ERR,ERR,ERR,ERR,ERR,0.0,0.0,0.0,0.0,0.0,1.3936040501711995e+18,7.805,0.0,0,0,4,0,7116,0.0,100,0.0,0.0,0.0,0.0,0.0,0,0,0,0,0.0,0,0,0,0,0,0,0,0,0,0,0,0,0,0,0,0,0,0,0,0,0,0,0,0,0,0,0,0,0,0,0,0,0,31,40,40,71,65476,0,300,0,0,8,21553,0.0,-107605600.0,0.0,0.0,0.0,0.0,0.0,0.0,0.0,0.0,0.0,0.0,0.0,0.0,0.0,0.0,0.0,0.0,0.0,0.0,0.0,0.0,-2.004,-0.0,-0.0,-2.004,0.0,0.0,0.0,0.0,6285.0,-1.587936908900649e+29,6942.0,0.0,0.0,2.7184303811560617e+23,0.0,0.0,0.0,0.0,0.0,69,0.0,0.0,0.0,0.0,0.0,0.0,0.0,0.0,0.0,0,0,0,0.0,0.0,0.0,0.0,0.0,0.0,0.0,0.0,0.0,0.0,0.0,0.0,0.0,0.0,0.0,0.0,0,-107875648.0,69,0.0,138,0.0,0.0,0,13107,17040,13107,17049,13107,17043,0,0,0,70,68,100,2.7302359370752657e+23,71.1,0.0,74.2,2.7302370179391762e+23,74.0,1,49,50,180,0,52429,0,0,0.0,0.0,0.0,0.0,-0.0,67.0,0.0,162057.094,0.0,750,0,739,0,0,0,721,0,766,0,736,0,742,0,741,0,712,0,7520,0.032,79456894976.0,0.0,0.0,784,16797,-0.0,162057.094,-114818.039,-0.0,0.133,6.909358625270745e+28,30.0,65.0,35,0.0,0.0,0.0,0.0,0.0,0.0,0.0,0.0,0.0,0.0,0.0,0.0,0.0,0.0,0.0,0.0,69.2,0,150,71,54,65476,0,300,0,1,8,20529,65476,0,0,40632,65.0,0.0,0.0,0.0,0.0,0.0
2026-09-04T20:38:41,ERR,ERR,ERR,ERR,ERR,ERR,ERR,ERR,ERR,ERR,ERR,ERR,ERR,ERR,ERR,ERR,ERR,ERR,ERR,ERR,ERR,ERR,ERR,ERR,ERR,ERR,ERR,ERR,ERR,ERR,ERR,ERR,ERR,ERR,ERR,ERR,ERR,ERR,ERR,ERR,ERR,ERR,ERR,ERR,ERR,ERR,ERR,ERR,ERR,ERR,ERR,ERR,ERR,ERR,ERR,ERR,ERR,ERR,ERR,ERR,ERR,ERR,ERR,ERR,ERR,ERR,ERR,ERR,ERR,ERR,ERR,ERR,ERR,ERR,ERR,ERR,ERR,ERR,ERR,ERR,ERR,ERR,ERR,ERR,ERR,ERR,ERR,ERR,ERR,ERR,ERR,ERR,ERR,ERR,ERR,ERR,ERR,ERR,ERR,ERR,ERR,ERR,ERR,ERR,ERR,ERR,ERR,ERR,ERR,ERR,ERR,ERR,ERR,ERR,ERR,ERR,ERR,ERR,ERR,ERR,ERR,ERR,ERR,ERR,ERR,0.0,0.0,0.0,0.0,0.0,1.3936040501711995e+18,7.805,0.0,0,0,4,0,7116,0.0,100,0.0,0.0,0.0,0.0,0.0,0,0,0,0,0.0,0,0,0,0,0,0,0,0,0,0,0,0,0,0,0,0,0,0,0,0,0,0,0,0,0,0,0,0,0,0,0,0,0,31,40,40,71,65476,0,300,0,0,8,21553,0.0,-107605600.0,0.0,0.0,0.0,0.0,0.0,0.0,0.0,0.0,0.0,0.0,0.0,0.0,0.0,0.0,0.0,0.0,0.0,0.0,0.0,0.0,-2.004,-0.0,-0.0,-2.004,0.0,0.0,0.0,0.0,6285.0,-1.587936908900649e+29,6942.0,0.0,0.0,2.7184303811560617e+23,0.0,0.0,0.0,0.0,0.0,69,0.0,0.0,0.0,0.0,0.0,0.0,0.0,0.0,0.0,0,0,0,0.0,0.0,0.0,0.0,0.0,0.0,0.0,0.0,0.0,0.0,0.0,0.0,0.0,0.0,0.0,0.0,0,-107875648.0,69,0.0,138,0.0,0.0,0,13107,17040,13107,17049,13107,17043,0,0,0,70,68,100,2.7302359370752657e+23,71.1,0.0,74.2,2.7302370179391762e+23,74.0,1,49,50,180,0,52429,0,0,0.0,0.0,0.0,0.0,-0.0,67.0,0.0,162057.094,0.0,750,0,739,0,0,0,721,0,766,0,736,0,742,0,741,0,712,0,7520,0.032,79456894976.0,0.0,0.0,784,16797,-0.0,162057.094,-114818.039,-0.0,0.133,6.909358625270745e+28,30.0,65.0,35,0.0,0.0,0.0,0.0,0.0,0.0,0.0,0.0,0.0,0.0,0.0,0.0,0.0,0.0,0.0,0.0,69.2,0,150,71,54,65476,0,300,0,1,8,20529,65476,0,0,40632,65.0,0.0,0.0,0.0,0.0,0.0
2026-09-04T20:38:42,ERR,ERR,ERR,ERR,ERR,ERR,ERR,ERR,ERR,ERR,ERR,ERR,ERR,ERR,ERR,ERR,ERR,ERR,ERR,ERR,ERR,ERR,ERR,ERR,ERR,ERR,ERR,ERR,ERR,ERR,ERR,ERR,ERR,ERR,ERR,ERR,ERR,ERR,ERR,ERR,ERR,ERR,ERR,ERR,ERR,ERR,ERR,ERR,ERR,ERR,ERR,ERR,ERR,ERR,ERR,ERR,ERR,ERR,ERR,ERR,ERR,ERR,ERR,ERR,ERR,ERR,ERR,ERR,ERR,ERR,ERR,ERR,ERR,ERR,ERR,ERR,ERR,ERR,ERR,ERR,ERR,ERR,ERR,ERR,ERR,ERR,ERR,ERR,ERR,ERR,ERR,ERR,ERR,ERR,ERR,ERR,ERR,ERR,ERR,ERR,ERR,ERR,ERR,ERR,ERR,ERR,ERR,ERR,ERR,ERR,ERR,ERR,ERR,ERR,ERR,ERR,ERR,ERR,ERR,ERR,ERR,ERR,ERR,ERR,ERR,0.0,0.0,0.0,0.0,0.0,1.3936040501711995e+18,7.805,0.0,0,0,4,0,7116,0.0,100,0.0,0.0,0.0,0.0,0.0,0,0,0,0,0.0,0,0,0,0,0,0,0,0,0,0,0,0,0,0,0,0,0,0,0,0,0,0,0,0,0,0,0,0,0,0,0,0,0,31,40,40,71,65476,0,300,0,0,8,21553,0.0,-107605600.0,0.0,0.0,0.0,0.0,0.0,0.0,0.0,0.0,0.0,0.0,0.0,0.0,0.0,0.0,0.0,0.0,0.0,0.0,0.0,0.0,-2.004,-0.0,-0.0,-2.004,0.0,0.0,0.0,0.0,6285.0,-1.587936908900649e+29,6942.0,0.0,0.0,2.7184303811560617e+23,0.0,0.0,0.0,0.0,0.0,69,0.0,0.0,0.0,0.0,0.0,0.0,0.0,0.0,0.0,0,0,0,0.0,0.0,0.0,0.0,0.0,0.0,0.0,0.0,0.0,0.0,0.0,0.0,0.0,0.0,0.0,0.0,0,-107875648.0,69,0.0,138,0.0,0.0,0,13107,17040,13107,17049,13107,17043,0,0,0,70,68,100,2.7302359370752657e+23,71.1,0.0,74.2,2.7302370179391762e+23,74.0,1,49,50,180,0,52429,0,0,0.0,0.0,0.0,0.0,-0.0,67.0,0.0,162057.094,0.0,750,0,739,0,0,0,721,0,766,0,736,0,742,0,741,0,712,0,7520,0.032,79456894976.0,0.0,0.0,784,16797,-0.0,162057.094,-114818.039,-0.0,0.133,6.909358625270745e+28,30.0,65.0,35,0.0,0.0,0.0,0.0,0.0,0.0,0.0,0.0,0.0,0.0,0.0,0.0,0.0,0.0,0.0,0.0,69.2,0,150,71,54,65476,0,300,0,1,8,20529,65476,0,0,40632,65.0,0.0,0.0,0.0,0.0,0.0
2026-09-04T20:38:43,ERR,ERR,ERR,ERR,ERR,ERR,ERR,ERR,ERR,ERR,ERR,ERR,ERR,ERR,ERR,ERR,ERR,ERR,ERR,ERR,ERR,ERR,ERR,ERR,ERR,ERR,ERR,ERR,ERR,ERR,ERR,ERR,ERR,ERR,ERR,ERR,ERR,ERR,ERR,ERR,ERR,ERR,ERR,ERR,ERR,ERR,ERR,ERR,ERR,ERR,ERR,ERR,ERR,ERR,ERR,ERR,ERR,ERR,ERR,ERR,ERR,ERR,ERR,ERR,ERR,ERR,ERR,ERR,ERR,ERR,ERR,ERR,ERR,ERR,ERR,ERR,ERR,ERR,ERR,ERR,ERR,ERR,ERR,ERR,ERR,ERR,ERR,ERR,ERR,ERR,ERR,ERR,ERR,ERR,ERR,ERR,ERR,ERR,ERR,ERR,ERR,ERR,ERR,ERR,ERR,ERR,ERR,ERR,ERR,ERR,ERR,ERR,ERR,ERR,ERR,ERR,ERR,ERR,ERR,ERR,ERR,ERR,ERR,ERR,ERR,0.0,0.0,0.0,0.0,0.0,1.3936040501711995e+18,7.805,0.0,0,0,4,0,7116,0.0,100,0.0,0.0,0.0,0.0,0.0,0,0,0,0,0.0,0,0,0,0,0,0,0,0,0,0,0,0,0,0,0,0,0,0,0,0,0,0,0,0,0,0,0,0,0,0,0,0,0,31,40,40,71,65476,0,300,0,0,8,21553,0.0,-107605600.0,0.0,0.0,0.0,0.0,0.0,0.0,0.0,0.0,0.0,0.0,0.0,0.0,0.0,0.0,0.0,0.0,0.0,0.0,0.0,0.0,-2.004,-0.0,-0.0,-2.004,0.0,0.0,0.0,0.0,6285.0,-1.587936908900649e+29,6942.0,0.0,0.0,2.7184303811560617e+23,0.0,0.0,0.0,0.0,0.0,69,0.0,0.0,0.0,0.0,0.0,0.0,0.0,0.0,0.0,0,0,0,0.0,0.0,0.0,0.0,0.0,0.0,0.0,0.0,0.0,0.0,0.0,0.0,0.0,0.0,0.0,0.0,0,-107875648.0,69,0.0,138,0.0,0.0,0,13107,17040,13107,17049,13107,17043,0,0,0,70,68,100,2.7302359370752657e+23,71.1,0.0,74.2,2.7302370179391762e+23,74.0,1,49,50,180,0,52429,0,0,0.0,0.0,0.0,0.0,-0.0,67.0,0.0,162057.094,0.0,750,0,739,0,0,0,721,0,766,0,736,0,742,0,741,0,712,0,7520,0.032,79456894976.0,0.0,0.0,784,16797,-0.0,162057.094,-114818.039,-0.0,0.133,6.909358625270745e+28,30.0,65.0,35,0.0,0.0,0.0,0.0,0.0,0.0,0.0,0.0,0.0,0.0,0.0,0.0,0.0,0.0,0.0,0.0,69.2,0,150,71,54,65476,0,300,0,1,8,20529,65476,0,0,40632,65.0,0.0,0.0,0.0,0.0,0.0
2026-09-04T20:38:44,ERR,ERR,ERR,ERR,ERR,ERR,ERR,ERR,ERR,ERR,ERR,ERR,ERR,ERR,ERR,ERR,ERR,ERR,ERR,ERR,ERR,ERR,ERR,ERR,ERR,ERR,ERR,ERR,ERR,ERR,ERR,ERR,ERR,ERR,ERR,ERR,ERR,ERR,ERR,ERR,ERR,ERR,ERR,ERR,ERR,ERR,ERR,ERR,ERR,ERR,ERR,ERR,ERR,ERR,ERR,ERR,ERR,ERR,ERR,ERR,ERR,ERR,ERR,ERR,ERR,ERR,ERR,ERR,ERR,ERR,ERR,ERR,ERR,ERR,ERR,ERR,ERR,ERR,ERR,ERR,ERR,ERR,ERR,ERR,ERR,ERR,ERR,ERR,ERR,ERR,ERR,ERR,ERR,ERR,ERR,ERR,ERR,ERR,ERR,ERR,ERR,ERR,ERR,ERR,ERR,ERR,ERR,ERR,ERR,ERR,ERR,ERR,ERR,ERR,ERR,ERR,ERR,ERR,ERR,ERR,ERR,ERR,ERR,ERR,ERR,0.0,0.0,0.0,0.0,0.0,1.3936040501711995e+18,7.805,0.0,0,0,4,0,7116,0.0,100,0.0,0.0,0.0,0.0,0.0,0,0,0,0,0.0,0,0,0,0,0,0,0,0,0,0,0,0,0,0,0,0,0,0,0,0,0,0,0,0,0,0,0,0,0,0,0,0,0,31,40,40,71,65476,0,300,0,0,8,21553,0.0,-107605600.0,0.0,0.0,0.0,0.0,0.0,0.0,0.0,0.0,0.0,0.0,0.0,0.0,0.0,0.0,0.0,0.0,0.0,0.0,0.0,0.0,-2.004,-0.0,-0.0,-2.004,0.0,0.0,0.0,0.0,6285.0,-1.587936908900649e+29,6942.0,0.0,0.0,2.7184303811560617e+23,0.0,0.0,0.0,0.0,0.0,69,0.0,0.0,0.0,0.0,0.0,0.0,0.0,0.0,0.0,0,0,0,0.0,0.0,0.0,0.0,0.0,0.0,0.0,0.0,0.0,0.0,0.0,0.0,0.0,0.0,0.0,0.0,0,-107875648.0,69,0.0,138,0.0,0.0,0,13107,17040,13107,17049,13107,17043,0,0,0,70,68,100,2.7302359370752657e+23,71.1,0.0,74.2,2.7302370179391762e+23,74.0,1,49,50,180,0,52429,0,0,0.0,0.0,0.0,0.0,-0.0,67.0,0.0,162057.094,0.0,750,0,739,0,0,0,721,0,766,0,736,0,742,0,741,0,712,0,7520,0.032,79456894976.0,0.0,0.0,784,16797,-0.0,162057.094,-114818.039,-0.0,0.133,6.909358625270745e+28,30.0,65.0,35,0.0,0.0,0.0,0.0,0.0,0.0,0.0,0.0,0.0,0.0,0.0,0.0,0.0,0.0,0.0,0.0,69.2,0,150,71,54,65476,0,300,0,1,8,20529,65476,0,0,40632,65.0,0.0,0.0,0.0,0.0,0.0
2026-09-04T20:38:45,ERR,ERR,ERR,ERR,ERR,ERR,ERR,ERR,ERR,ERR,ERR,ERR,ERR,ERR,ERR,ERR,ERR,ERR,ERR,ERR,ERR,ERR,ERR,ERR,ERR,ERR,ERR,ERR,ERR,ERR,ERR,ERR,ERR,ERR,ERR,ERR,ERR,ERR,ERR,ERR,ERR,ERR,ERR,ERR,ERR,ERR,ERR,ERR,ERR,ERR,ERR,ERR,ERR,ERR,ERR,ERR,ERR,ERR,ERR,ERR,ERR,ERR,ERR,ERR,ERR,ERR,ERR,ERR,ERR,ERR,ERR,ERR,ERR,ERR,ERR,ERR,ERR,ERR,ERR,ERR,ERR,ERR,ERR,ERR,ERR,ERR,ERR,ERR,ERR,ERR,ERR,ERR,ERR,ERR,ERR,ERR,ERR,ERR,ERR,ERR,ERR,ERR,ERR,ERR,ERR,ERR,ERR,ERR,ERR,ERR,ERR,ERR,ERR,ERR,ERR,ERR,ERR,ERR,ERR,ERR,ERR,ERR,ERR,ERR,ERR,0.0,0.0,0.0,0.0,0.0,1.3936040501711995e+18,7.805,0.0,0,0,4,0,7116,0.0,100,0.0,0.0,0.0,0.0,0.0,0,0,0,0,0.0,0,0,0,0,0,0,0,0,0,0,0,0,0,0,0,0,0,0,0,0,0,0,0,0,0,0,0,0,0,0,0,0,0,31,40,40,71,65476,0,300,0,0,8,21553,0.0,-107605600.0,0.0,0.0,0.0,0.0,0.0,0.0,0.0,0.0,0.0,0.0,0.0,0.0,0.0,0.0,0.0,0.0,0.0,0.0,0.0,0.0,-2.004,-0.0,-0.0,-2.004,0.0,0.0,0.0,0.0,6281.0,-131351.062,6937.0,0.0,0.0,2.7184303811560617e+23,0.0,0.0,0.0,0.0,0.0,69,-4.066882747792088e+29,-2.308837023356593e+20,0.0,0.0,0.0,0.0,0.0,0.0,0.0,0,0,0,0.0,0.0,0.0,0.0,0.0,0.0,0.0,0.0,0.0,0.0,0.0,0.0,0.0,0.0,0.0,0.0,0,-107875648.0,69,0.0,138,0.0,0.0,0,13107,17040,13107,17049,13107,17043,0,0,0,70,68,100,2.7302359370752657e+23,71.1,0.0,74.2,2.7302370179391762e+23,74.0,1,49,50,180,0,52429,0,0,0.0,0.0,0.0,0.0,-0.0,67.0,0.0,162057.094,0.0,750,0,739,0,0,0,721,0,766,0,736,0,742,0,741,0,712,0,7520,0.032,79456894976.0,0.0,0.0,784,16797,-0.0,162057.094,-114818.039,-0.0,0.133,6.909358625270745e+28,30.0,65.0,35,0.0,0.0,0.0,0.0,0.0,0.0,0.0,0.0,0.0,0.0,0.0,0.0,0.0,0.0,0.0,0.0,69.2,0,150,71,54,65476,0,300,0,1,8,20529,65476,0,0,40632,65.0,0.0,0.0,0.0,0.0,0.0
2026-09-04T20:38:46,ERR,ERR,ERR,ERR,ERR,ERR,ERR,ERR,ERR,ERR,ERR,ERR,ERR,ERR,ERR,ERR,ERR,ERR,ERR,ERR,ERR,ERR,ERR,ERR,ERR,ERR,ERR,ERR,ERR,ERR,ERR,ERR,ERR,ERR,ERR,ERR,ERR,ERR,ERR,ERR,ERR,ERR,ERR,ERR,ERR,ERR,ERR,ERR,ERR,ERR,ERR,ERR,ERR,ERR,ERR,ERR,ERR,ERR,ERR,ERR,ERR,ERR,ERR,ERR,ERR,ERR,ERR,ERR,ERR,ERR,ERR,ERR,ERR,ERR,ERR,ERR,ERR,ERR,ERR,ERR,ERR,ERR,ERR,ERR,ERR,ERR,ERR,ERR,ERR,ERR,ERR,ERR,ERR,ERR,ERR,ERR,ERR,ERR,ERR,ERR,ERR,ERR,ERR,ERR,ERR,ERR,ERR,ERR,ERR,ERR,ERR,ERR,ERR,ERR,ERR,ERR,ERR,ERR,ERR,ERR,ERR,ERR,ERR,ERR,ERR,0.0,0.0,0.0,0.0,0.0,1.3936040501711995e+18,7.805,0.0,0,0,4,0,7116,0.0,100,0.0,0.0,0.0,0.0,0.0,0,0,0,0,0.0,0,0,0,0,0,0,0,0,0,0,0,0,0,0,0,0,0,0,0,0,0,0,0,0,0,0,0,0,0,0,0,0,0,31,40,40,71,65476,0,300,0,0,8,21553,0.0,-107605600.0,0.0,0.0,0.0,0.0,0.0,0.0,0.0,0.0,0.0,0.0,0.0,0.0,0.0,0.0,0.0,0.0,0.0,0.0,0.0,0.0,-2.004,-0.0,-0.0,-2.004,0.0,0.0,0.0,0.0,6281.0,-131351.062,6937.0,0.0,0.0,2.7184303811560617e+23,0.0,0.0,0.0,0.0,0.0,69,-4.066882747792088e+29,-2.308837023356593e+20,0.0,0.0,0.0,0.0,0.0,0.0,0.0,0,0,0,0.0,0.0,0.0,0.0,0.0,0.0,0.0,0.0,0.0,0.0,0.0,0.0,0.0,0.0,0.0,0.0,0,-107875648.0,69,0.0,138,0.0,0.0,0,13107,17040,13107,17049,13107,17043,0,0,0,70,68,100,2.7302359370752657e+23,71.1,0.0,74.2,2.7302370179391762e+23,74.0,1,49,50,180,0,52429,0,0,0.0,0.0,0.0,0.0,-0.0,67.0,0.0,162057.094,0.0,750,0,739,0,0,0,721,0,766,0,736,0,742,0,741,0,712,0,7520,0.032,79456894976.0,0.0,0.0,784,16797,-0.0,162057.094,-114818.039,-0.0,0.133,6.909358625270745e+28,30.0,65.0,35,0.0,0.0,0.0,0.0,0.0,0.0,0.0,0.0,0.0,0.0,0.0,0.0,0.0,0.0,0.0,0.0,69.2,0,150,71,54,65476,0,300,0,1,8,20529,65476,0,0,40632,65.0,0.0,0.0,0.0,0.0,0.0
2026-09-04T20:38:47,ERR,ERR,ERR,ERR,ERR,ERR,ERR,ERR,ERR,ERR,ERR,ERR,ERR,ERR,ERR,ERR,ERR,ERR,ERR,ERR,ERR,ERR,ERR,ERR,ERR,ERR,ERR,ERR,ERR,ERR,ERR,ERR,ERR,ERR,ERR,ERR,ERR,ERR,ERR,ERR,ERR,ERR,ERR,ERR,ERR,ERR,ERR,ERR,ERR,ERR,ERR,ERR,ERR,ERR,ERR,ERR,ERR,ERR,ERR,ERR,ERR,ERR,ERR,ERR,ERR,ERR,ERR,ERR,ERR,ERR,ERR,ERR,ERR,ERR,ERR,ERR,ERR,ERR,ERR,ERR,ERR,ERR,ERR,ERR,ERR,ERR,ERR,ERR,ERR,ERR,ERR,ERR,ERR,ERR,ERR,ERR,ERR,ERR,ERR,ERR,ERR,ERR,ERR,ERR,ERR,ERR,ERR,ERR,ERR,ERR,ERR,ERR,ERR,ERR,ERR,ERR,ERR,ERR,ERR,ERR,ERR,ERR,ERR,ERR,ERR,0.0,0.0,0.0,0.0,0.0,1.3936040501711995e+18,7.805,0.0,0,0,4,0,7116,0.0,100,0.0,0.0,0.0,0.0,0.0,0,0,0,0,0.0,0,0,0,0,0,0,0,0,0,0,0,0,0,0,0,0,0,0,0,0,0,0,0,0,0,0,0,0,0,0,0,0,0,31,40,40,71,65476,0,300,0,0,8,21553,0.0,-107605600.0,0.0,0.0,0.0,0.0,0.0,0.0,0.0,0.0,0.0,0.0,0.0,0.0,0.0,0.0,0.0,0.0,0.0,0.0,0.0,0.0,-2.004,-0.0,-0.0,-2.004,0.0,0.0,0.0,0.0,6281.0,-131351.062,6937.0,0.0,0.0,2.7184303811560617e+23,0.0,0.0,0.0,0.0,0.0,69,-4.066882747792088e+29,-2.308837023356593e+20,0.0,0.0,0.0,0.0,0.0,0.0,0.0,0,0,0,0.0,0.0,0.0,0.0,0.0,0.0,0.0,0.0,0.0,0.0,0.0,0.0,0.0,0.0,0.0,0.0,0,-107875648.0,69,0.0,138,0.0,0.0,0,13107,17040,13107,17049,13107,17043,0,0,0,70,68,100,2.7302359370752657e+23,71.1,0.0,74.2,2.7302370179391762e+23,74.0,1,49,50,180,0,52429,0,0,0.0,0.0,0.0,0.0,-0.0,67.0,0.0,162057.094,0.0,750,0,739,0,0,0,721,0,766,0,736,0,742,0,741,0,712,0,7520,0.032,79456894976.0,0.0,0.0,784,16797,-0.0,162057.094,-114818.039,-0.0,0.133,6.909358625270745e+28,30.0,65.0,35,0.0,0.0,0.0,0.0,0.0,0.0,0.0,0.0,0.0,0.0,0.0,0.0,0.0,0.0,0.0,0.0,69.6,0,150,71,54,65476,0,300,0,1,8,20529,65476,0,0,40632,65.0,0.0,0.0,0.0,0.0,0.0
2026-09-04T20:38:48,ERR,ERR,ERR,ERR,ERR,ERR,ERR,ERR,ERR,ERR,ERR,ERR,ERR,ERR,ERR,ERR,ERR,ERR,ERR,ERR,ERR,ERR,ERR,ERR,ERR,ERR,ERR,ERR,ERR,ERR,ERR,ERR,ERR,ERR,ERR,ERR,ERR,ERR,ERR,ERR,ERR,ERR,ERR,ERR,ERR,ERR,ERR,ERR,ERR,ERR,ERR,ERR,ERR,ERR,ERR,ERR,ERR,ERR,ERR,ERR,ERR,ERR,ERR,ERR,ERR,ERR,ERR,ERR,ERR,ERR,ERR,ERR,ERR,ERR,ERR,ERR,ERR,ERR,ERR,ERR,ERR,ERR,ERR,ERR,ERR,ERR,ERR,ERR,ERR,ERR,ERR,ERR,ERR,ERR,ERR,ERR,ERR,ERR,ERR,ERR,ERR,ERR,ERR,ERR,ERR,ERR,ERR,ERR,ERR,ERR,ERR,ERR,ERR,ERR,ERR,ERR,ERR,ERR,ERR,ERR,ERR,ERR,ERR,ERR,ERR,0.0,0.0,0.0,0.0,0.0,1.3936040501711995e+18,7.805,0.0,0,0,4,0,7116,0.0,100,0.0,0.0,0.0,0.0,0.0,0,0,0,0,0.0,0,0,0,0,0,0,0,0,0,0,0,0,0,0,0,0,0,0,0,0,0,0,0,0,0,0,0,0,0,0,0,0,0,31,40,40,71,65476,0,300,0,0,8,21553,0.0,-107605600.0,0.0,0.0,0.0,0.0,0.0,0.0,0.0,0.0,0.0,0.0,0.0,0.0,0.0,0.0,0.0,0.0,0.0,0.0,0.0,0.0,-2.004,-0.0,-0.0,-2.004,0.0,0.0,0.0,0.0,6281.0,-131351.062,6937.0,0.0,0.0,2.7184303811560617e+23,0.0,0.0,0.0,0.0,0.0,69,-4.066882747792088e+29,-2.308837023356593e+20,0.0,0.0,0.0,0.0,0.0,0.0,0.0,0,0,0,0.0,0.0,0.0,0.0,0.0,0.0,0.0,0.0,0.0,0.0,0.0,0.0,0.0,0.0,0.0,0.0,0,-107875648.0,69,0.0,138,0.0,0.0,0,13107,17040,13107,17049,13107,17043,0,0,0,70,68,100,2.7302359370752657e+23,71.1,0.0,74.2,2.7302370179391762e+23,74.0,1,49,50,180,0,52429,0,0,0.0,0.0,0.0,0.0,-0.0,67.0,0.0,162057.094,0.0,750,0,739,0,0,0,721,0,766,0,736,0,742,0,741,0,712,0,7520,0.032,79456894976.0,0.0,0.0,784,16797,-0.0,162057.094,-114818.039,-0.0,0.133,6.909358625270745e+28,30.0,65.0,35,0.0,0.0,0.0,0.0,0.0,0.0,0.0,0.0,0.0,0.0,0.0,0.0,0.0,0.0,0.0,0.0,69.6,0,150,71,54,65476,0,300,0,1,8,20529,65476,0,0,40632,65.0,0.0,0.0,0.0,0.0,0.0
2026-09-04T20:38:49,ERR,ERR,ERR,ERR,ERR,ERR,ERR,ERR,ERR,ERR,ERR,ERR,ERR,ERR,ERR,ERR,ERR,ERR,ERR,ERR,ERR,ERR,ERR,ERR,ERR,ERR,ERR,ERR,ERR,ERR,ERR,ERR,ERR,ERR,ERR,ERR,ERR,ERR,ERR,ERR,ERR,ERR,ERR,ERR,ERR,ERR,ERR,ERR,ERR,ERR,ERR,ERR,ERR,ERR,ERR,ERR,ERR,ERR,ERR,ERR,ERR,ERR,ERR,ERR,ERR,ERR,ERR,ERR,ERR,ERR,ERR,ERR,ERR,ERR,ERR,ERR,ERR,ERR,ERR,ERR,ERR,ERR,ERR,ERR,ERR,ERR,ERR,ERR,ERR,ERR,ERR,ERR,ERR,ERR,ERR,ERR,ERR,ERR,ERR,ERR,ERR,ERR,ERR,ERR,ERR,ERR,ERR,ERR,ERR,ERR,ERR,ERR,ERR,ERR,ERR,ERR,ERR,ERR,ERR,ERR,ERR,ERR,ERR,ERR,ERR,0.0,0.0,0.0,0.0,0.0,1.3936040501711995e+18,7.805,0.0,0,0,4,0,7116,0.0,100,0.0,0.0,0.0,0.0,0.0,0,0,0,0,0.0,0,0,0,0,0,0,0,0,0,0,0,0,0,0,0,0,0,0,0,0,0,0,0,0,0,0,0,0,0,0,0,0,0,31,40,40,71,65476,0,300,0,0,8,21553,0.0,-107605600.0,0.0,0.0,0.0,0.0,0.0,0.0,0.0,0.0,0.0,0.0,0.0,0.0,0.0,0.0,0.0,0.0,0.0,0.0,0.0,0.0,-2.004,-0.0,-0.0,-2.004,0.0,0.0,0.0,0.0,6281.0,-131351.062,6937.0,0.0,0.0,2.7184303811560617e+23,0.0,0.0,0.0,0.0,0.0,69,-4.066882747792088e+29,-2.308837023356593e+20,0.0,0.0,0.0,0.0,0.0,0.0,0.0,0,0,0,0.0,0.0,0.0,0.0,0.0,0.0,0.0,0.0,0.0,0.0,0.0,0.0,0.0,0.0,0.0,0.0,0,-107875648.0,69,0.0,138,0.0,0.0,0,13107,17040,13107,17049,13107,17043,0,0,0,70,68,100,2.7302359370752657e+23,71.1,0.0,74.2,2.7302370179391762e+23,74.0,1,49,50,180,0,52429,0,0,0.0,0.0,0.0,0.0,-0.0,67.0,0.0,162057.094,0.0,750,0,739,0,0,0,721,0,766,0,736,0,742,0,741,0,712,0,7520,0.032,79456894976.0,0.0,0.0,784,16797,-0.0,162057.094,-114818.039,-0.0,0.133,6.909358625270745e+28,30.0,65.0,35,0.0,0.0,0.0,0.0,0.0,0.0,0.0,0.0,0.0,0.0,0.0,0.0,0.0,0.0,0.0,0.0,69.6,0,150,71,54,65476,0,300,0,1,8,20529,65476,0,0,40632,65.0,0.0,0.0,0.0,0.0,0.0
2026-09-04T20:38:50,ERR,ERR,ERR,ERR,ERR,ERR,ERR,ERR,ERR,ERR,ERR,ERR,ERR,ERR,ERR,ERR,ERR,ERR,ERR,ERR,ERR,ERR,ERR,ERR,ERR,ERR,ERR,ERR,ERR,ERR,ERR,ERR,ERR,ERR,ERR,ERR,ERR,ERR,ERR,ERR,ERR,ERR,ERR,ERR,ERR,ERR,ERR,ERR,ERR,ERR,ERR,ERR,ERR,ERR,ERR,ERR,ERR,ERR,ERR,ERR,ERR,ERR,ERR,ERR,ERR,ERR,ERR,ERR,ERR,ERR,ERR,ERR,ERR,ERR,ERR,ERR,ERR,ERR,ERR,ERR,ERR,ERR,ERR,ERR,ERR,ERR,ERR,ERR,ERR,ERR,ERR,ERR,ERR,ERR,ERR,ERR,ERR,ERR,ERR,ERR,ERR,ERR,ERR,ERR,ERR,ERR,ERR,ERR,ERR,ERR,ERR,ERR,ERR,ERR,ERR,ERR,ERR,ERR,ERR,ERR,ERR,ERR,ERR,ERR,ERR,0.0,0.0,0.0,0.0,0.0,1.3936040501711995e+18,7.805,0.0,0,0,4,0,7116,0.0,100,0.0,0.0,0.0,0.0,0.0,0,0,0,0,0.0,0,0,0,0,0,0,0,0,0,0,0,0,0,0,0,0,0,0,0,0,0,0,0,0,0,0,0,0,0,0,0,0,0,31,40,40,71,65476,0,300,0,0,8,21553,0.0,-107605600.0,0.0,0.0,0.0,0.0,0.0,0.0,0.0,0.0,0.0,0.0,0.0,0.0,0.0,0.0,0.0,0.0,0.0,0.0,0.0,0.0,-2.004,-0.0,-0.0,-2.004,0.0,0.0,0.0,0.0,6281.0,-131351.062,6937.0,0.0,0.0,2.7184303811560617e+23,0.0,0.0,0.0,0.0,0.0,69,-4.066882747792088e+29,-2.308837023356593e+20,0.0,0.0,0.0,0.0,0.0,0.0,0.0,0,0,0,0.0,0.0,0.0,0.0,0.0,0.0,0.0,0.0,0.0,0.0,0.0,0.0,0.0,0.0,0.0,0.0,0,-107875648.0,69,0.0,138,0.0,0.0,0,13107,17040,13107,17049,13107,17043,0,0,0,70,68,100,2.7302359370752657e+23,71.1,0.0,74.2,2.7302370179391762e+23,74.0,1,49,50,180,0,52429,0,0,0.0,0.0,0.0,0.0,-0.0,67.0,0.0,162057.094,0.0,750,0,739,0,0,0,721,0,766,0,736,0,742,0,741,0,712,0,7520,0.032,78920024064.0,0.0,0.0,784,16797,-0.0,162057.094,-114818.039,-0.0,0.133,6.909358625270745e+28,30.0,65.0,35,0.0,0.0,0.0,0.0,0.0,0.0,0.0,0.0,0.0,0.0,0.0,0.0,0.0,0.0,0.0,0.0,69.6,0,150,71,54,65476,0,300,0,1,8,20529,65476,0,0,40632,65.0,0.0,0.0,0.0,0.0,0.0
2026-09-04T20:38:51,ERR,ERR,ERR,ERR,ERR,ERR,ERR,ERR,ERR,ERR,ERR,ERR,ERR,ERR,ERR,ERR,ERR,ERR,ERR,ERR,ERR,ERR,ERR,ERR,ERR,ERR,ERR,ERR,ERR,ERR,ERR,ERR,ERR,ERR,ERR,ERR,ERR,ERR,ERR,ERR,ERR,ERR,ERR,ERR,ERR,ERR,ERR,ERR,ERR,ERR,ERR,ERR,ERR,ERR,ERR,ERR,ERR,ERR,ERR,ERR,ERR,ERR,ERR,ERR,ERR,ERR,ERR,ERR,ERR,ERR,ERR,ERR,ERR,ERR,ERR,ERR,ERR,ERR,ERR,ERR,ERR,ERR,ERR,ERR,ERR,ERR,ERR,ERR,ERR,ERR,ERR,ERR,ERR,ERR,ERR,ERR,ERR,ERR,ERR,ERR,ERR,ERR,ERR,ERR,ERR,ERR,ERR,ERR,ERR,ERR,ERR,ERR,ERR,ERR,ERR,ERR,ERR,ERR,ERR,ERR,ERR,ERR,ERR,ERR,ERR,0.0,0.0,0.0,0.0,0.0,1.3936040501711995e+18,7.805,0.0,0,0,4,0,7116,0.0,100,0.0,0.0,0.0,0.0,0.0,0,0,0,0,0.0,0,0,0,0,0,0,0,0,0,0,0,0,0,0,0,0,0,0,0,0,0,0,0,0,0,0,0,0,0,0,0,0,0,31,40,40,71,65476,0,300,0,0,8,21553,0.0,-107605600.0,0.0,0.0,0.0,0.0,0.0,0.0,0.0,0.0,0.0,0.0,0.0,0.0,0.0,0.0,0.0,0.0,0.0,0.0,0.0,0.0,-2.004,-0.0,-0.0,-2.004,0.0,0.0,0.0,0.0,6281.0,-131351.062,6937.0,0.0,0.0,2.7184303811560617e+23,0.0,0.0,0.0,0.0,0.0,69,-4.066882747792088e+29,-2.308837023356593e+20,0.0,0.0,0.0,0.0,0.0,0.0,0.0,0,0,0,0.0,0.0,0.0,0.0,0.0,0.0,0.0,0.0,0.0,0.0,0.0,0.0,0.0,0.0,0.0,0.0,0,-107875648.0,69,0.0,138,0.0,0.0,0,13107,17040,13107,17049,13107,17043,0,0,0,70,68,100,2.7302359370752657e+23,71.1,0.0,74.2,2.7302370179391762e+23,74.0,1,49,50,180,0,52429,0,0,0.0,0.0,0.0,0.0,-0.0,67.0,0.0,162057.094,0.0,750,0,739,0,0,0,721,0,766,0,736,0,742,0,741,0,712,0,7520,0.032,78920024064.0,0.0,0.0,784,16797,-0.0,162057.094,-114818.039,-0.0,0.133,6.909358625270745e+28,30.0,65.0,35,0.0,0.0,0.0,0.0,0.0,0.0,0.0,0.0,0.0,0.0,0.0,0.0,0.0,0.0,0.0,0.0,69.6,0,150,71,54,65476,0,300,0,1,8,20529,65476,0,0,40632,65.0,0.0,0.0,0.0,0.0,0.0
2026-09-04T20:38:52,ERR,ERR,ERR,ERR,ERR,ERR,ERR,ERR,ERR,ERR,ERR,ERR,ERR,ERR,ERR,ERR,ERR,ERR,ERR,ERR,ERR,ERR,ERR,ERR,ERR,ERR,ERR,ERR,ERR,ERR,ERR,ERR,ERR,ERR,ERR,ERR,ERR,ERR,ERR,ERR,ERR,ERR,ERR,ERR,ERR,ERR,ERR,ERR,ERR,ERR,ERR,ERR,ERR,ERR,ERR,ERR,ERR,ERR,ERR,ERR,ERR,ERR,ERR,ERR,ERR,ERR,ERR,ERR,ERR,ERR,ERR,ERR,ERR,ERR,ERR,ERR,ERR,ERR,ERR,ERR,ERR,ERR,ERR,ERR,ERR,ERR,ERR,ERR,ERR,ERR,ERR,ERR,ERR,ERR,ERR,ERR,ERR,ERR,ERR,ERR,ERR,ERR,ERR,ERR,ERR,ERR,ERR,ERR,ERR,ERR,ERR,ERR,ERR,ERR,ERR,ERR,ERR,ERR,ERR,ERR,ERR,ERR,ERR,ERR,ERR,0.0,0.0,0.0,0.0,0.0,1.3936040501711995e+18,7.805,0.0,0,0,4,0,7116,0.0,100,0.0,0.0,0.0,0.0,0.0,0,0,0,0,0.0,0,0,0,0,0,0,0,0,0,0,0,0,0,0,0,0,0,0,0,0,0,0,0,0,0,0,0,0,0,0,0,0,0,31,40,40,71,65476,0,300,0,0,8,21553,0.0,-107605600.0,0.0,0.0,0.0,0.0,0.0,0.0,0.0,0.0,0.0,0.0,0.0,0.0,0.0,0.0,0.0,0.0,0.0,0.0,0.0,0.0,-2.004,-0.0,-0.0,-2.004,0.0,0.0,0.0,0.0,6281.0,-131351.062,6937.0,0.0,0.0,2.7184303811560617e+23,0.0,0.0,0.0,0.0,0.0,69,-4.066882747792088e+29,-2.308837023356593e+20,0.0,0.0,0.0,0.0,0.0,0.0,0.0,0,0,0,0.0,0.0,0.0,0.0,0.0,0.0,0.0,0.0,0.0,0.0,0.0,0.0,0.0,0.0,0.0,0.0,0,-107875648.0,69,0.0,138,0.0,0.0,0,13107,17040,13107,17049,13107,17043,0,0,0,70,68,100,2.7302359370752657e+23,71.1,0.0,74.2,2.7302370179391762e+23,74.0,1,49,50,180,0,52429,0,0,0.0,0.0,0.0,0.0,-0.0,67.0,0.0,162057.094,0.0,750,0,739,0,0,0,721,0,766,0,736,0,742,0,741,0,712,0,7520,0.032,78920024064.0,0.0,0.0,784,16797,-0.0,162057.094,-114818.039,-0.0,0.133,6.909358625270745e+28,30.0,65.0,35,0.0,0.0,0.0,0.0,0.0,0.0,0.0,0.0,0.0,0.0,0.0,0.0,0.0,0.0,0.0,0.0,69.6,0,150,71,54,65476,0,300,0,1,8,20529,65476,0,0,40632,65.0,0.0,0.0,0.0,0.0,0.0
2026-09-04T20:38:53,ERR,ERR,ERR,ERR,ERR,ERR,ERR,ERR,ERR,ERR,ERR,ERR,ERR,ERR,ERR,ERR,ERR,ERR,ERR,ERR,ERR,ERR,ERR,ERR,ERR,ERR,ERR,ERR,ERR,ERR,ERR,ERR,ERR,ERR,ERR,ERR,ERR,ERR,ERR,ERR,ERR,ERR,ERR,ERR,ERR,ERR,ERR,ERR,ERR,ERR,ERR,ERR,ERR,ERR,ERR,ERR,ERR,ERR,ERR,ERR,ERR,ERR,ERR,ERR,ERR,ERR,ERR,ERR,ERR,ERR,ERR,ERR,ERR,ERR,ERR,ERR,ERR,ERR,ERR,ERR,ERR,ERR,ERR,ERR,ERR,ERR,ERR,ERR,ERR,ERR,ERR,ERR,ERR,ERR,ERR,ERR,ERR,ERR,ERR,ERR,ERR,ERR,ERR,ERR,ERR,ERR,ERR,ERR,ERR,ERR,ERR,ERR,ERR,ERR,ERR,ERR,ERR,ERR,ERR,ERR,ERR,ERR,ERR,ERR,ERR,0.0,0.0,0.0,0.0,0.0,1.3936040501711995e+18,7.805,0.0,0,0,4,0,7116,0.0,100,0.0,0.0,0.0,0.0,0.0,0,0,0,0,0.0,0,0,0,0,0,0,0,0,0,0,0,0,0,0,0,0,0,0,0,0,0,0,0,0,0,0,0,0,0,0,0,0,0,31,40,40,71,65476,0,300,0,0,8,21553,0.0,-107605600.0,0.0,0.0,0.0,0.0,0.0,0.0,0.0,0.0,0.0,0.0,0.0,0.0,0.0,0.0,0.0,0.0,0.0,0.0,0.0,0.0,-2.004,-0.0,-0.0,-2.004,0.0,0.0,0.0,0.0,6282.0,-0.0,6932.0,0.0,0.0,2.7184303811560617e+23,0.0,0.0,0.0,0.0,0.0,69,-5.848086186001959e+35,-0.0,0.0,0.0,0.0,0.0,0.0,0.0,0.0,0,0,0,0.0,0.0,0.0,0.0,0.0,0.0,0.0,0.0,0.0,0.0,0.0,0.0,0.0,0.0,0.0,0.0,0,-107875648.0,69,0.0,138,0.0,0.0,0,13107,17040,13107,17049,13107,17043,0,0,0,70,68,100,2.7302359370752657e+23,71.1,0.0,74.2,2.7302370179391762e+23,74.0,1,49,50,180,0,52429,0,0,0.0,0.0,0.0,0.0,-0.0,67.0,0.0,162057.094,0.0,750,0,739,0,0,0,721,0,766,0,736,0,742,0,741,0,712,0,7520,0.032,78920024064.0,0.0,0.0,784,16797,-0.0,162057.094,-114818.039,-0.0,0.133,6.909358625270745e+28,30.0,65.0,35,0.0,0.0,0.0,0.0,0.0,0.0,0.0,0.0,0.0,0.0,0.0,0.0,0.0,0.0,0.0,0.0,69.6,0,150,71,54,65476,0,300,0,1,8,20529,65476,0,0,40632,65.0,0.0,0.0,0.0,0.0,0.0
2026-09-04T20:38:54,ERR,ERR,ERR,ERR,ERR,ERR,ERR,ERR,ERR,ERR,ERR,ERR,ERR,ERR,ERR,ERR,ERR,ERR,ERR,ERR,ERR,ERR,ERR,ERR,ERR,ERR,ERR,ERR,ERR,ERR,ERR,ERR,ERR,ERR,ERR,ERR,ERR,ERR,ERR,ERR,ERR,ERR,ERR,ERR,ERR,ERR,ERR,ERR,ERR,ERR,ERR,ERR,ERR,ERR,ERR,ERR,ERR,ERR,ERR,ERR,ERR,ERR,ERR,ERR,ERR,ERR,ERR,ERR,ERR,ERR,ERR,ERR,ERR,ERR,ERR,ERR,ERR,ERR,ERR,ERR,ERR,ERR,ERR,ERR,ERR,ERR,ERR,ERR,ERR,ERR,ERR,ERR,ERR,ERR,ERR,ERR,ERR,ERR,ERR,ERR,ERR,ERR,ERR,ERR,ERR,ERR,ERR,ERR,ERR,ERR,ERR,ERR,ERR,ERR,ERR,ERR,ERR,ERR,ERR,ERR,ERR,ERR,ERR,ERR,ERR,0.0,0.0,0.0,0.0,0.0,1.3936040501711995e+18,7.805,0.0,0,0,4,0,7116,0.0,100,0.0,0.0,0.0,0.0,0.0,0,0,0,0,0.0,0,0,0,0,0,0,0,0,0,0,0,0,0,0,0,0,0,0,0,0,0,0,0,0,0,0,0,0,0,0,0,0,0,31,40,40,71,65476,0,300,0,0,8,21553,0.0,-107605600.0,0.0,0.0,0.0,0.0,0.0,0.0,0.0,0.0,0.0,0.0,0.0,0.0,0.0,0.0,0.0,0.0,0.0,0.0,0.0,0.0,-2.004,-0.0,-0.0,-2.004,0.0,0.0,0.0,0.0,6282.0,-0.0,6932.0,0.0,0.0,2.7184303811560617e+23,0.0,0.0,0.0,0.0,0.0,69,-5.848086186001959e+35,-0.0,0.0,0.0,0.0,0.0,0.0,0.0,0.0,0,0,0,0.0,0.0,0.0,0.0,0.0,0.0,0.0,0.0,0.0,0.0,0.0,0.0,0.0,0.0,0.0,0.0,0,-107875648.0,69,0.0,138,0.0,0.0,0,13107,17040,13107,17049,13107,17043,0,0,0,70,68,100,2.7302359370752657e+23,71.1,0.0,74.2,2.7302370179391762e+23,74.0,1,49,50,180,0,52429,0,0,0.0,0.0,0.0,0.0,-0.0,67.0,0.0,162057.094,0.0,750,0,739,0,0,0,721,0,766,0,736,0,742,0,741,0,712,0,7520,0.032,78920024064.0,0.0,0.0,784,16797,-0.0,162057.094,-114818.039,-0.0,0.133,6.909358625270745e+28,30.0,65.0,35,0.0,0.0,0.0,0.0,0.0,0.0,0.0,0.0,0.0,0.0,0.0,0.0,0.0,0.0,0.0,0.0,69.2,0,150,71,54,65476,0,300,0,1,8,20529,65476,0,0,40632,65.0,0.0,0.0,0.0,0.0,0.0
2026-09-04T20:38:55,ERR,ERR,ERR,ERR,ERR,ERR,ERR,ERR,ERR,ERR,ERR,ERR,ERR,ERR,ERR,ERR,ERR,ERR,ERR,ERR,ERR,ERR,ERR,ERR,ERR,ERR,ERR,ERR,ERR,ERR,ERR,ERR,ERR,ERR,ERR,ERR,ERR,ERR,ERR,ERR,ERR,ERR,ERR,ERR,ERR,ERR,ERR,ERR,ERR,ERR,ERR,ERR,ERR,ERR,ERR,ERR,ERR,ERR,ERR,ERR,ERR,ERR,ERR,ERR,ERR,ERR,ERR,ERR,ERR,ERR,ERR,ERR,ERR,ERR,ERR,ERR,ERR,ERR,ERR,ERR,ERR,ERR,ERR,ERR,ERR,ERR,ERR,ERR,ERR,ERR,ERR,ERR,ERR,ERR,ERR,ERR,ERR,ERR,ERR,ERR,ERR,ERR,ERR,ERR,ERR,ERR,ERR,ERR,ERR,ERR,ERR,ERR,ERR,ERR,ERR,ERR,ERR,ERR,ERR,ERR,ERR,ERR,ERR,ERR,ERR,0.0,0.0,0.0,0.0,0.0,1.3936040501711995e+18,7.805,0.0,0,0,4,0,7116,0.0,100,0.0,0.0,0.0,0.0,0.0,0,0,0,0,0.0,0,0,0,0,0,0,0,0,0,0,0,0,0,0,0,0,0,0,0,0,0,0,0,0,0,0,0,0,0,0,0,0,0,31,40,40,71,65476,0,300,0,0,8,21553,0.0,-107605600.0,0.0,0.0,0.0,0.0,0.0,0.0,0.0,0.0,0.0,0.0,0.0,0.0,0.0,0.0,0.0,0.0,0.0,0.0,0.0,0.0,-2.004,-0.0,-0.0,-2.004,0.0,0.0,0.0,0.0,6282.0,-0.0,6932.0,0.0,0.0,2.7184303811560617e+23,0.0,0.0,0.0,0.0,0.0,69,-5.848086186001959e+35,-0.0,0.0,0.0,0.0,0.0,0.0,0.0,0.0,0,0,0,0.0,0.0,0.0,0.0,0.0,0.0,0.0,0.0,0.0,0.0,0.0,0.0,0.0,0.0,0.0,0.0,0,-107875648.0,69,0.0,138,0.0,0.0,0,13107,17040,13107,17049,13107,17043,0,0,0,70,68,100,2.7302359370752657e+23,71.1,0.0,74.2,2.7302370179391762e+23,74.0,1,49,50,180,0,52429,0,0,0.0,0.0,0.0,0.0,-0.0,67.0,0.0,162057.094,0.0,750,0,739,0,0,0,721,0,766,0,736,0,742,0,741,0,712,0,7520,0.032,79456894976.0,0.0,0.0,784,16797,-0.0,162057.094,-114818.039,-0.0,0.133,6.909358625270745e+28,30.0,65.0,35,0.0,0.0,0.0,0.0,0.0,0.0,0.0,0.0,0.0,0.0,0.0,0.0,0.0,0.0,0.0,0.0,69.2,0,150,71,54,65476,0,300,0,1,8,20529,65476,0,0,40632,65.0,0.0,0.0,0.0,0.0,0.0
2026-09-04T20:38:56,ERR,ERR,ERR,ERR,ERR,ERR,ERR,ERR,ERR,ERR,ERR,ERR,ERR,ERR,ERR,ERR,ERR,ERR,ERR,ERR,ERR,ERR,ERR,ERR,ERR,ERR,ERR,ERR,ERR,ERR,ERR,ERR,ERR,ERR,ERR,ERR,ERR,ERR,ERR,ERR,ERR,ERR,ERR,ERR,ERR,ERR,ERR,ERR,ERR,ERR,ERR,ERR,ERR,ERR,ERR,ERR,ERR,ERR,ERR,ERR,ERR,ERR,ERR,ERR,ERR,ERR,ERR,ERR,ERR,ERR,ERR,ERR,ERR,ERR,ERR,ERR,ERR,ERR,ERR,ERR,ERR,ERR,ERR,ERR,ERR,ERR,ERR,ERR,ERR,ERR,ERR,ERR,ERR,ERR,ERR,ERR,ERR,ERR,ERR,ERR,ERR,ERR,ERR,ERR,ERR,ERR,ERR,ERR,ERR,ERR,ERR,ERR,ERR,ERR,ERR,ERR,ERR,ERR,ERR,ERR,ERR,ERR,ERR,ERR,ERR,0.0,0.0,0.0,0.0,0.0,1.3936040501711995e+18,7.805,0.0,0,0,4,0,7116,0.0,100,0.0,0.0,0.0,0.0,0.0,0,0,0,0,0.0,0,0,0,0,0,0,0,0,0,0,0,0,0,0,0,0,0,0,0,0,0,0,0,0,0,0,0,0,0,0,0,0,0,31,40,40,71,65476,0,300,0,0,8,21553,0.0,-107605600.0,0.0,0.0,0.0,0.0,0.0,0.0,0.0,0.0,0.0,0.0,0.0,0.0,0.0,0.0,0.0,0.0,0.0,0.0,0.0,0.0,-2.004,-0.0,-0.0,-2.004,0.0,0.0,0.0,0.0,6282.0,-0.0,6932.0,0.0,0.0,2.7184303811560617e+23,0.0,0.0,0.0,0.0,0.0,69,-5.848086186001959e+35,-0.0,0.0,0.0,0.0,0.0,0.0,0.0,0.0,0,0,0,0.0,0.0,0.0,0.0,0.0,0.0,0.0,0.0,0.0,0.0,0.0,0.0,0.0,0.0,0.0,0.0,0,-107875648.0,69,0.0,138,0.0,0.0,0,13107,17040,13107,17049,13107,17043,0,0,0,70,68,100,2.7302359370752657e+23,71.1,0.0,74.2,2.7302370179391762e+23,74.0,1,49,50,180,0,52429,0,0,0.0,0.0,0.0,0.0,-0.0,67.0,0.0,162057.094,0.0,750,0,739,0,0,0,721,0,766,0,736,0,742,0,741,0,712,0,7520,0.032,79456894976.0,0.0,0.0,784,16797,-0.0,162057.094,-114818.039,-0.0,0.133,6.909358625270745e+28,30.0,65.0,35,0.0,0.0,0.0,0.0,0.0,0.0,0.0,0.0,0.0,0.0,0.0,0.0,0.0,0.0,0.0,0.0,69.2,0,150,71,54,65476,0,300,0,1,8,20529,65476,0,0,40632,65.0,0.0,0.0,0.0,0.0,0.0
2026-09-04T20:38:57,ERR,ERR,ERR,ERR,ERR,ERR,ERR,ERR,ERR,ERR,ERR,ERR,ERR,ERR,ERR,ERR,ERR,ERR,ERR,ERR,ERR,ERR,ERR,ERR,ERR,ERR,ERR,ERR,ERR,ERR,ERR,ERR,ERR,ERR,ERR,ERR,ERR,ERR,ERR,ERR,ERR,ERR,ERR,ERR,ERR,ERR,ERR,ERR,ERR,ERR,ERR,ERR,ERR,ERR,ERR,ERR,ERR,ERR,ERR,ERR,ERR,ERR,ERR,ERR,ERR,ERR,ERR,ERR,ERR,ERR,ERR,ERR,ERR,ERR,ERR,ERR,ERR,ERR,ERR,ERR,ERR,ERR,ERR,ERR,ERR,ERR,ERR,ERR,ERR,ERR,ERR,ERR,ERR,ERR,ERR,ERR,ERR,ERR,ERR,ERR,ERR,ERR,ERR,ERR,ERR,ERR,ERR,ERR,ERR,ERR,ERR,ERR,ERR,ERR,ERR,ERR,ERR,ERR,ERR,ERR,ERR,ERR,ERR,ERR,ERR,0.0,0.0,0.0,0.0,0.0,1.3936040501711995e+18,7.805,0.0,0,0,4,0,7116,0.0,100,0.0,0.0,0.0,0.0,0.0,0,0,0,0,0.0,0,0,0,0,0,0,0,0,0,0,0,0,0,0,0,0,0,0,0,0,0,0,0,0,0,0,0,0,0,0,0,0,0,31,40,40,71,65476,0,300,0,0,8,21553,0.0,-107605600.0,0.0,0.0,0.0,0.0,0.0,0.0,0.0,0.0,0.0,0.0,0.0,0.0,0.0,0.0,0.0,0.0,0.0,0.0,0.0,0.0,-2.004,-0.0,-0.0,-2.004,0.0,0.0,0.0,0.0,6282.0,-0.0,6932.0,0.0,0.0,2.7184303811560617e+23,0.0,0.0,0.0,0.0,0.0,69,-5.848086186001959e+35,-0.0,0.0,0.0,0.0,0.0,0.0,0.0,0.0,0,0,0,0.0,0.0,0.0,0.0,0.0,0.0,0.0,0.0,0.0,0.0,0.0,0.0,0.0,0.0,0.0,0.0,0,-107875648.0,69,0.0,138,0.0,0.0,0,13107,17040,13107,17049,13107,17043,0,0,0,70,68,100,2.7302359370752657e+23,71.1,0.0,74.2,2.7302370179391762e+23,74.0,1,49,50,180,0,52429,0,0,0.0,0.0,0.0,0.0,-0.0,67.0,0.0,162057.094,0.0,750,0,739,0,0,0,721,0,766,0,736,0,742,0,741,0,712,0,7520,0.032,79456894976.0,0.0,0.0,784,16797,-0.0,162057.094,-114818.039,-0.0,0.133,6.909358625270745e+28,30.0,65.0,35,0.0,0.0,0.0,0.0,0.0,0.0,0.0,0.0,0.0,0.0,0.0,0.0,0.0,0.0,0.0,0.0,69.2,0,150,71,54,65476,0,300,0,1,8,20529,65476,0,0,40632,65.0,0.0,0.0,0.0,0.0,0.0
2026-09-04T20:38:58,ERR,ERR,ERR,ERR,ERR,ERR,ERR,ERR,ERR,ERR,ERR,ERR,ERR,ERR,ERR,ERR,ERR,ERR,ERR,ERR,ERR,ERR,ERR,ERR,ERR,ERR,ERR,ERR,ERR,ERR,ERR,ERR,ERR,ERR,ERR,ERR,ERR,ERR,ERR,ERR,ERR,ERR,ERR,ERR,ERR,ERR,ERR,ERR,ERR,ERR,ERR,ERR,ERR,ERR,ERR,ERR,ERR,ERR,ERR,ERR,ERR,ERR,ERR,ERR,ERR,ERR,ERR,ERR,ERR,ERR,ERR,ERR,ERR,ERR,ERR,ERR,ERR,ERR,ERR,ERR,ERR,ERR,ERR,ERR,ERR,ERR,ERR,ERR,ERR,ERR,ERR,ERR,ERR,ERR,ERR,ERR,ERR,ERR,ERR,ERR,ERR,ERR,ERR,ERR,ERR,ERR,ERR,ERR,ERR,ERR,ERR,ERR,ERR,ERR,ERR,ERR,ERR,ERR,ERR,ERR,ERR,ERR,ERR,ERR,ERR,0.0,0.0,0.0,0.0,0.0,1.3936040501711995e+18,7.805,0.0,0,0,4,0,7116,0.0,100,0.0,0.0,0.0,0.0,0.0,0,0,0,0,0.0,0,0,0,0,0,0,0,0,0,0,0,0,0,0,0,0,0,0,0,0,0,0,0,0,0,0,0,0,0,0,0,0,0,31,40,40,71,65476,0,300,0,0,8,21553,0.0,-107605600.0,0.0,0.0,0.0,0.0,0.0,0.0,0.0,0.0,0.0,0.0,0.0,0.0,0.0,0.0,0.0,0.0,0.0,0.0,0.0,0.0,-2.004,-0.0,-0.0,-2.004,0.0,0.0,0.0,0.0,6282.0,-0.0,6932.0,0.0,0.0,2.7184303811560617e+23,0.0,0.0,0.0,0.0,0.0,69,-5.848086186001959e+35,-0.0,0.0,0.0,0.0,0.0,0.0,0.0,0.0,0,0,0,0.0,0.0,0.0,0.0,0.0,0.0,0.0,0.0,0.0,0.0,0.0,0.0,0.0,0.0,0.0,0.0,0,-107875648.0,69,0.0,138,0.0,0.0,0,13107,17040,13107,17049,13107,17043,0,0,0,70,68,100,2.7302359370752657e+23,71.1,0.0,74.2,2.7302370179391762e+23,74.0,1,49,50,180,0,52429,0,0,0.0,0.0,0.0,0.0,-0.0,67.0,0.0,162057.094,0.0,750,0,739,0,0,0,721,0,766,0,736,0,742,0,741,0,712,0,7520,0.032,79456894976.0,0.0,0.0,784,16797,-0.0,162057.094,-114818.039,-0.0,0.133,6.909358625270745e+28,30.0,65.0,35,0.0,0.0,0.0,0.0,0.0,0.0,0.0,0.0,0.0,0.0,0.0,0.0,0.0,0.0,0.0,0.0,69.2,0,150,71,54,65476,0,300,0,1,8,20529,65476,0,0,40632,65.0,0.0,0.0,0.0,0.0,0.0
2026-09-04T20:38:59,ERR,ERR,ERR,ERR,ERR,ERR,ERR,ERR,ERR,ERR,ERR,ERR,ERR,ERR,ERR,ERR,ERR,ERR,ERR,ERR,ERR,ERR,ERR,ERR,ERR,ERR,ERR,ERR,ERR,ERR,ERR,ERR,ERR,ERR,ERR,ERR,ERR,ERR,ERR,ERR,ERR,ERR,ERR,ERR,ERR,ERR,ERR,ERR,ERR,ERR,ERR,ERR,ERR,ERR,ERR,ERR,ERR,ERR,ERR,ERR,ERR,ERR,ERR,ERR,ERR,ERR,ERR,ERR,ERR,ERR,ERR,ERR,ERR,ERR,ERR,ERR,ERR,ERR,ERR,ERR,ERR,ERR,ERR,ERR,ERR,ERR,ERR,ERR,ERR,ERR,ERR,ERR,ERR,ERR,ERR,ERR,ERR,ERR,ERR,ERR,ERR,ERR,ERR,ERR,ERR,ERR,ERR,ERR,ERR,ERR,ERR,ERR,ERR,ERR,ERR,ERR,ERR,ERR,ERR,ERR,ERR,ERR,ERR,ERR,ERR,0.0,0.0,0.0,0.0,0.0,1.3936040501711995e+18,7.805,0.0,0,0,4,0,7116,0.0,100,0.0,0.0,0.0,0.0,0.0,0,0,0,0,0.0,0,0,0,0,0,0,0,0,0,0,0,0,0,0,0,0,0,0,0,0,0,0,0,0,0,0,0,0,0,0,0,0,0,31,40,40,71,65476,0,300,0,0,8,21553,0.0,-107605600.0,0.0,0.0,0.0,0.0,0.0,0.0,0.0,0.0,0.0,0.0,0.0,0.0,0.0,0.0,0.0,0.0,0.0,0.0,0.0,0.0,-2.004,-0.0,-0.0,-2.004,0.0,0.0,0.0,0.0,6282.0,-0.0,6932.0,0.0,0.0,2.7184303811560617e+23,0.0,0.0,0.0,0.0,0.0,69,-5.848086186001959e+35,-0.0,0.0,0.0,0.0,0.0,0.0,0.0,0.0,0,0,0,0.0,0.0,0.0,0.0,0.0,0.0,0.0,0.0,0.0,0.0,0.0,0.0,0.0,0.0,0.0,0.0,0,-107875648.0,69,0.0,138,0.0,0.0,0,13107,17040,13107,17049,13107,17043,0,0,0,70,68,100,2.7302359370752657e+23,71.1,0.0,74.2,2.7302370179391762e+23,74.0,1,49,50,180,0,52429,0,0,0.0,0.0,0.0,0.0,-0.0,67.0,0.0,162057.094,0.0,750,0,739,0,0,0,721,0,766,0,736,0,742,0,741,0,712,0,7520,0.032,79456894976.0,0.0,0.0,784,16797,-0.0,162057.094,-114818.039,-0.0,0.133,6.909358625270745e+28,30.0,65.0,35,0.0,0.0,0.0,0.0,0.0,0.0,0.0,0.0,0.0,0.0,0.0,0.0,0.0,0.0,0.0,0.0,69.2,0,150,71,54,65476,0,300,0,1,8,20529,65476,0,0,40632,65.0,0.0,0.0,0.0,0.0,0.0
2026-09-04T20:39:00,ERR,ERR,ERR,ERR,ERR,ERR,ERR,ERR,ERR,ERR,ERR,ERR,ERR,ERR,ERR,ERR,ERR,ERR,ERR,ERR,ERR,ERR,ERR,ERR,ERR,ERR,ERR,ERR,ERR,ERR,ERR,ERR,ERR,ERR,ERR,ERR,ERR,ERR,ERR,ERR,ERR,ERR,ERR,ERR,ERR,ERR,ERR,ERR,ERR,ERR,ERR,ERR,ERR,ERR,ERR,ERR,ERR,ERR,ERR,ERR,ERR,ERR,ERR,ERR,ERR,ERR,ERR,ERR,ERR,ERR,ERR,ERR,ERR,ERR,ERR,ERR,ERR,ERR,ERR,ERR,ERR,ERR,ERR,ERR,ERR,ERR,ERR,ERR,ERR,ERR,ERR,ERR,ERR,ERR,ERR,ERR,ERR,ERR,ERR,ERR,ERR,ERR,ERR,ERR,ERR,ERR,ERR,ERR,ERR,ERR,ERR,ERR,ERR,ERR,ERR,ERR,ERR,ERR,ERR,ERR,ERR,ERR,ERR,ERR,ERR,0.0,0.0,0.0,0.0,0.0,1.3936040501711995e+18,7.805,0.0,0,0,4,0,7116,0.0,100,0.0,0.0,0.0,0.0,0.0,0,0,0,0,0.0,0,0,0,0,0,0,0,0,0,0,0,0,0,0,0,0,0,0,0,0,0,0,0,0,0,0,0,0,0,0,0,0,0,31,40,40,71,65476,0,300,0,0,8,21553,0.0,-107605600.0,0.0,0.0,0.0,0.0,0.0,0.0,0.0,0.0,0.0,0.0,0.0,0.0,-2.596148429267414e+33,0.0,0.0,0.0,0.0,0.0,0.0,0.0,-2.004,2.004,-0.0,-2.004,0.0,0.0,0.0,0.0,6278.0,2.004,6920.0,0.0,0.0,2.7184303811560617e+23,0.0,0.0,0.0,0.0,0.0,69,-2.3088415973249647e+20,0.0,0.0,0.0,0.0,0.0,0.0,0.0,0.0,0,0,0,0.0,0.0,0.0,0.0,0.0,0.0,0.0,0.0,0.0,0.0,0.0,0.0,0.0,0.0,0.0,0.0,0,-107875648.0,69,0.0,138,0.0,0.0,0,13107,17040,13107,17049,13107,17043,0,0,0,70,68,100,2.7302359370752657e+23,71.1,0.0,74.2,2.7302370179391762e+23,74.0,1,49,50,180,0,52429,0,0,0.0,0.0,0.0,0.0,-0.0,67.0,0.0,162057.094,0.0,750,0,739,0,0,0,721,0,766,0,736,0,742,0,741,0,712,0,7520,0.032,79456894976.0,0.0,0.0,784,16797,-0.0,162057.094,-114818.039,-0.0,0.133,6.909358625270745e+28,30.0,65.0,35,0.0,0.0,0.0,0.0,0.0,0.0,0.0,0.0,0.0,0.0,0.0,0.0,0.0,0.0,0.0,0.0,69.2,0,150,71,54,65476,0,300,0,1,8,20529,65476,0,0,40632,65.0,0.0,0.0,0.0,0.0,0.0
2026-09-04T20:39:01,ERR,ERR,ERR,ERR,ERR,ERR,ERR,ERR,ERR,ERR,ERR,ERR,ERR,ERR,ERR,ERR,ERR,ERR,ERR,ERR,ERR,ERR,ERR,ERR,ERR,ERR,ERR,ERR,ERR,ERR,ERR,ERR,ERR,ERR,ERR,ERR,ERR,ERR,ERR,ERR,ERR,ERR,ERR,ERR,ERR,ERR,ERR,ERR,ERR,ERR,ERR,ERR,ERR,ERR,ERR,ERR,ERR,ERR,ERR,ERR,ERR,ERR,ERR,ERR,ERR,ERR,ERR,ERR,ERR,ERR,ERR,ERR,ERR,ERR,ERR,ERR,ERR,ERR,ERR,ERR,ERR,ERR,ERR,ERR,ERR,ERR,ERR,ERR,ERR,ERR,ERR,ERR,ERR,ERR,ERR,ERR,ERR,ERR,ERR,ERR,ERR,ERR,ERR,ERR,ERR,ERR,ERR,ERR,ERR,ERR,ERR,ERR,ERR,ERR,ERR,ERR,ERR,ERR,ERR,ERR,ERR,ERR,ERR,ERR,ERR,0.0,0.0,0.0,0.0,0.0,1.3936040501711995e+18,7.805,0.0,0,0,4,0,7116,0.0,100,0.0,0.0,0.0,0.0,0.0,0,0,0,0,0.0,0,0,0,0,0,0,0,0,0,0,0,0,0,0,0,0,0,0,0,0,0,0,0,0,0,0,0,0,0,0,0,0,0,31,40,40,71,65476,0,300,0,0,8,21553,0.0,-107605600.0,0.0,0.0,0.0,0.0,0.0,0.0,0.0,0.0,0.0,0.0,0.0,0.0,-2.596148429267414e+33,0.0,0.0,0.0,0.0,0.0,0.0,0.0,-2.004,2.004,-0.0,-2.004,0.0,0.0,0.0,0.0,6278.0,2.004,6920.0,0.0,0.0,2.7184303811560617e+23,0.0,0.0,0.0,0.0,0.0,69,-2.3088415973249647e+20,0.0,0.0,0.0,0.0,0.0,0.0,0.0,0.0,0,0,0,0.0,0.0,0.0,0.0,0.0,0.0,0.0,0.0,0.0,0.0,0.0,0.0,0.0,0.0,0.0,0.0,0,-107875648.0,69,0.0,138,0.0,0.0,0,13107,17040,13107,17049,13107,17043,0,0,0,70,68,100,2.7302359370752657e+23,71.1,0.0,74.2,2.7302370179391762e+23,74.0,1,49,50,180,0,52429,0,0,0.0,0.0,0.0,0.0,-0.0,67.0,0.0,162057.094,0.0,750,0,739,0,0,0,721,0,766,0,736,0,742,0,741,0,712,0,7520,0.032,78920024064.0,0.0,0.0,784,16797,-0.0,162057.094,-114818.039,-0.0,0.133,6.909358625270745e+28,30.0,65.0,35,0.0,0.0,0.0,0.0,0.0,0.0,0.0,0.0,0.0,0.0,0.0,0.0,0.0,0.0,0.0,0.0,69.2,0,150,71,54,65476,0,300,0,1,8,20529,65476,0,0,40632,65.0,0.0,0.0,0.0,0.0,0.0
2026-09-04T20:39:02,ERR,ERR,ERR,ERR,ERR,ERR,ERR,ERR,ERR,ERR,ERR,ERR,ERR,ERR,ERR,ERR,ERR,ERR,ERR,ERR,ERR,ERR,ERR,ERR,ERR,ERR,ERR,ERR,ERR,ERR,ERR,ERR,ERR,ERR,ERR,ERR,ERR,ERR,ERR,ERR,ERR,ERR,ERR,ERR,ERR,ERR,ERR,ERR,ERR,ERR,ERR,ERR,ERR,ERR,ERR,ERR,ERR,ERR,ERR,ERR,ERR,ERR,ERR,ERR,ERR,ERR,ERR,ERR,ERR,ERR,ERR,ERR,ERR,ERR,ERR,ERR,ERR,ERR,ERR,ERR,ERR,ERR,ERR,ERR,ERR,ERR,ERR,ERR,ERR,ERR,ERR,ERR,ERR,ERR,ERR,ERR,ERR,ERR,ERR,ERR,ERR,ERR,ERR,ERR,ERR,ERR,ERR,ERR,ERR,ERR,ERR,ERR,ERR,ERR,ERR,ERR,ERR,ERR,ERR,ERR,ERR,ERR,ERR,ERR,ERR,0.0,0.0,0.0,0.0,0.0,1.3936040501711995e+18,7.805,0.0,0,0,4,0,7116,0.0,100,0.0,0.0,0.0,0.0,0.0,0,0,0,0,0.0,0,0,0,0,0,0,0,0,0,0,0,0,0,0,0,0,0,0,0,0,0,0,0,0,0,0,0,0,0,0,0,0,0,31,40,40,71,65476,0,300,0,0,8,21553,0.0,-107605600.0,0.0,0.0,0.0,0.0,0.0,0.0,0.0,0.0,0.0,0.0,0.0,0.0,-2.596148429267414e+33,0.0,0.0,0.0,0.0,0.0,0.0,0.0,-2.004,2.004,-0.0,-2.004,0.0,0.0,0.0,0.0,6278.0,2.004,6920.0,0.0,0.0,2.7184303811560617e+23,0.0,0.0,0.0,0.0,0.0,69,-2.3088415973249647e+20,0.0,0.0,0.0,0.0,0.0,0.0,0.0,0.0,0,0,0,0.0,0.0,0.0,0.0,0.0,0.0,0.0,0.0,0.0,0.0,0.0,0.0,0.0,0.0,0.0,0.0,0,-107875648.0,69,0.0,138,0.0,0.0,0,13107,17040,13107,17049,13107,17043,0,0,0,70,68,100,2.7302359370752657e+23,71.1,0.0,74.2,2.7302370179391762e+23,74.0,1,49,50,180,0,52429,0,0,0.0,0.0,0.0,0.0,-0.0,67.0,0.0,162057.094,0.0,750,0,739,0,0,0,721,0,766,0,736,0,742,0,741,0,712,0,7520,0.032,78920024064.0,0.0,0.0,784,16797,-0.0,162057.094,-114818.039,-0.0,0.133,6.909358625270745e+28,30.0,65.0,35,0.0,0.0,0.0,0.0,0.0,0.0,0.0,0.0,0.0,0.0,0.0,0.0,0.0,0.0,0.0,0.0,69.6,0,150,71,54,65476,0,300,0,1,8,20529,65476,0,0,40632,65.0,0.0,0.0,0.0,0.0,0.0
2026-09-04T20:39:03,ERR,ERR,ERR,ERR,ERR,ERR,ERR,ERR,ERR,ERR,ERR,ERR,ERR,ERR,ERR,ERR,ERR,ERR,ERR,ERR,ERR,ERR,ERR,ERR,ERR,ERR,ERR,ERR,ERR,ERR,ERR,ERR,ERR,ERR,ERR,ERR,ERR,ERR,ERR,ERR,ERR,ERR,ERR,ERR,ERR,ERR,ERR,ERR,ERR,ERR,ERR,ERR,ERR,ERR,ERR,ERR,ERR,ERR,ERR,ERR,ERR,ERR,ERR,ERR,ERR,ERR,ERR,ERR,ERR,ERR,ERR,ERR,ERR,ERR,ERR,ERR,ERR,ERR,ERR,ERR,ERR,ERR,ERR,ERR,ERR,ERR,ERR,ERR,ERR,ERR,ERR,ERR,ERR,ERR,ERR,ERR,ERR,ERR,ERR,ERR,ERR,ERR,ERR,ERR,ERR,ERR,ERR,ERR,ERR,ERR,ERR,ERR,ERR,ERR,ERR,ERR,ERR,ERR,ERR,ERR,ERR,ERR,ERR,ERR,ERR,0.0,0.0,0.0,0.0,0.0,1.3936040501711995e+18,7.805,0.0,0,0,4,0,7116,0.0,100,0.0,0.0,0.0,0.0,0.0,0,0,0,0,0.0,0,0,0,0,0,0,0,0,0,0,0,0,0,0,0,0,0,0,0,0,0,0,0,0,0,0,0,0,0,0,0,0,0,31,40,40,71,65476,0,300,0,0,8,21553,0.0,-107605600.0,0.0,0.0,0.0,0.0,0.0,0.0,0.0,0.0,0.0,0.0,0.0,0.0,-2.596148429267414e+33,0.0,0.0,0.0,0.0,0.0,0.0,0.0,-2.004,2.004,-0.0,-2.004,0.0,0.0,0.0,0.0,6278.0,2.004,6920.0,0.0,0.0,2.7184303811560617e+23,0.0,0.0,0.0,0.0,0.0,69,-2.3088415973249647e+20,0.0,0.0,0.0,0.0,0.0,0.0,0.0,0.0,0,0,0,0.0,0.0,0.0,0.0,0.0,0.0,0.0,0.0,0.0,0.0,0.0,0.0,0.0,0.0,0.0,0.0,0,-107875648.0,69,0.0,138,0.0,0.0,0,13107,17040,13107,17049,13107,17043,0,0,0,70,68,100,2.7302359370752657e+23,71.1,0.0,74.2,2.7302370179391762e+23,74.0,1,49,50,180,0,52429,0,0,0.0,0.0,0.0,0.0,-0.0,67.0,0.0,162057.094,0.0,750,0,739,0,0,0,721,0,766,0,736,0,742,0,741,0,712,0,7520,0.032,78920024064.0,0.0,0.0,784,16797,-0.0,162057.094,-114818.039,-0.0,0.133,6.909358625270745e+28,30.0,65.0,35,0.0,0.0,0.0,0.0,0.0,0.0,0.0,0.0,0.0,0.0,0.0,0.0,0.0,0.0,0.0,0.0,69.6,0,150,71,54,65476,0,300,0,1,8,20529,65476,0,0,40632,65.0,0.0,0.0,0.0,0.0,0.0
2026-09-04T20:39:04,ERR,ERR,ERR,ERR,ERR,ERR,ERR,ERR,ERR,ERR,ERR,ERR,ERR,ERR,ERR,ERR,ERR,ERR,ERR,ERR,ERR,ERR,ERR,ERR,ERR,ERR,ERR,ERR,ERR,ERR,ERR,ERR,ERR,ERR,ERR,ERR,ERR,ERR,ERR,ERR,ERR,ERR,ERR,ERR,ERR,ERR,ERR,ERR,ERR,ERR,ERR,ERR,ERR,ERR,ERR,ERR,ERR,ERR,ERR,ERR,ERR,ERR,ERR,ERR,ERR,ERR,ERR,ERR,ERR,ERR,ERR,ERR,ERR,ERR,ERR,ERR,ERR,ERR,ERR,ERR,ERR,ERR,ERR,ERR,ERR,ERR,ERR,ERR,ERR,ERR,ERR,ERR,ERR,ERR,ERR,ERR,ERR,ERR,ERR,ERR,ERR,ERR,ERR,ERR,ERR,ERR,ERR,ERR,ERR,ERR,ERR,ERR,ERR,ERR,ERR,ERR,ERR,ERR,ERR,ERR,ERR,ERR,ERR,ERR,ERR,0.0,0.0,0.0,0.0,0.0,1.3936040501711995e+18,7.805,0.0,0,0,4,0,7116,0.0,100,0.0,0.0,0.0,0.0,0.0,0,0,0,0,0.0,0,0,0,0,0,0,0,0,0,0,0,0,0,0,0,0,0,0,0,0,0,0,0,0,0,0,0,0,0,0,0,0,0,31,40,40,71,65476,0,300,0,0,8,21553,0.0,-107605600.0,0.0,0.0,0.0,0.0,0.0,0.0,0.0,0.0,0.0,0.0,0.0,0.0,-2.596148429267414e+33,0.0,0.0,0.0,0.0,0.0,0.0,0.0,-2.004,2.004,-0.0,-2.004,0.0,0.0,0.0,0.0,6278.0,2.004,6920.0,0.0,0.0,2.7184303811560617e+23,0.0,0.0,0.0,0.0,0.0,69,-2.3088415973249647e+20,0.0,0.0,0.0,0.0,0.0,0.0,0.0,0.0,0,0,0,0.0,0.0,0.0,0.0,0.0,0.0,0.0,0.0,0.0,0.0,0.0,0.0,0.0,0.0,0.0,0.0,0,-107875648.0,69,0.0,138,0.0,0.0,0,13107,17040,13107,17049,13107,17043,0,0,0,70,68,100,2.7302359370752657e+23,71.1,0.0,74.2,2.7302370179391762e+23,74.0,1,49,50,180,0,52429,0,0,0.0,0.0,0.0,0.0,-0.0,67.0,0.0,162057.094,0.0,750,0,739,0,0,0,721,0,766,0,736,0,742,0,741,0,712,0,7520,0.032,78920024064.0,0.0,0.0,784,16797,-0.0,162057.094,-114818.039,-0.0,0.133,6.909358625270745e+28,30.0,65.0,35,0.0,0.0,0.0,0.0,0.0,0.0,0.0,0.0,0.0,0.0,0.0,0.0,0.0,0.0,0.0,0.0,69.2,0,150,71,54,65476,0,300,0,1,8,20529,65476,0,0,40632,65.0,0.0,0.0,0.0,0.0,0.0
2026-09-04T20:39:05,ERR,ERR,ERR,ERR,ERR,ERR,ERR,ERR,ERR,ERR,ERR,ERR,ERR,ERR,ERR,ERR,ERR,ERR,ERR,ERR,ERR,ERR,ERR,ERR,ERR,ERR,ERR,ERR,ERR,ERR,ERR,ERR,ERR,ERR,ERR,ERR,ERR,ERR,ERR,ERR,ERR,ERR,ERR,ERR,ERR,ERR,ERR,ERR,ERR,ERR,ERR,ERR,ERR,ERR,ERR,ERR,ERR,ERR,ERR,ERR,ERR,ERR,ERR,ERR,ERR,ERR,ERR,ERR,ERR,ERR,ERR,ERR,ERR,ERR,ERR,ERR,ERR,ERR,ERR,ERR,ERR,ERR,ERR,ERR,ERR,ERR,ERR,ERR,ERR,ERR,ERR,ERR,ERR,ERR,ERR,ERR,ERR,ERR,ERR,ERR,ERR,ERR,ERR,ERR,ERR,ERR,ERR,ERR,ERR,ERR,ERR,ERR,ERR,ERR,ERR,ERR,ERR,ERR,ERR,ERR,ERR,ERR,ERR,ERR,ERR,0.0,0.0,0.0,0.0,0.0,1.3936040501711995e+18,7.805,0.0,0,0,4,0,7116,0.0,100,0.0,0.0,0.0,0.0,0.0,0,0,0,0,0.0,0,0,0,0,0,0,0,0,0,0,0,0,0,0,0,0,0,0,0,0,0,0,0,0,0,0,0,0,0,0,0,0,0,31,40,40,71,65476,0,300,0,0,8,21553,0.0,-107605600.0,0.0,0.0,0.0,0.0,0.0,0.0,0.0,0.0,0.0,0.0,0.0,0.0,-2.596148429267414e+33,0.0,0.0,0.0,0.0,0.0,0.0,0.0,-2.004,2.004,-0.0,-2.004,0.0,0.0,0.0,0.0,6278.0,2.004,6920.0,0.0,0.0,2.7184303811560617e+23,0.0,0.0,0.0,0.0,0.0,69,-2.3088415973249647e+20,0.0,0.0,0.0,0.0,0.0,0.0,0.0,0.0,0,0,0,0.0,0.0,0.0,0.0,0.0,0.0,0.0,0.0,0.0,0.0,0.0,0.0,0.0,0.0,0.0,0.0,0,-107875648.0,69,0.0,138,0.0,0.0,0,13107,17040,13107,17049,13107,17043,0,0,0,70,68,100,2.7302359370752657e+23,71.1,0.0,74.2,2.7302370179391762e+23,74.0,1,49,50,180,0,52429,0,0,0.0,0.0,0.0,0.0,-0.0,67.0,0.0,162057.094,0.0,750,0,739,0,0,0,721,0,766,0,736,0,742,0,741,0,712,0,7520,0.032,78920024064.0,0.0,0.0,784,16797,-0.0,162057.094,-114818.039,-0.0,0.133,6.909358625270745e+28,30.0,65.0,35,0.0,0.0,0.0,0.0,0.0,0.0,0.0,0.0,0.0,0.0,0.0,0.0,0.0,0.0,0.0,0.0,69.2,0,150,71,54,65476,0,300,0,1,8,20529,65476,0,0,40632,65.0,0.0,0.0,0.0,0.0,0.0
2026-09-04T20:39:06,ERR,ERR,ERR,ERR,ERR,ERR,ERR,ERR,ERR,ERR,ERR,ERR,ERR,ERR,ERR,ERR,ERR,ERR,ERR,ERR,ERR,ERR,ERR,ERR,ERR,ERR,ERR,ERR,ERR,ERR,ERR,ERR,ERR,ERR,ERR,ERR,ERR,ERR,ERR,ERR,ERR,ERR,ERR,ERR,ERR,ERR,ERR,ERR,ERR,ERR,ERR,ERR,ERR,ERR,ERR,ERR,ERR,ERR,ERR,ERR,ERR,ERR,ERR,ERR,ERR,ERR,ERR,ERR,ERR,ERR,ERR,ERR,ERR,ERR,ERR,ERR,ERR,ERR,ERR,ERR,ERR,ERR,ERR,ERR,ERR,ERR,ERR,ERR,ERR,ERR,ERR,ERR,ERR,ERR,ERR,ERR,ERR,ERR,ERR,ERR,ERR,ERR,ERR,ERR,ERR,ERR,ERR,ERR,ERR,ERR,ERR,ERR,ERR,ERR,ERR,ERR,ERR,ERR,ERR,ERR,ERR,ERR,ERR,ERR,ERR,0.0,0.0,0.0,0.0,0.0,1.3936040501711995e+18,7.805,0.0,0,0,4,0,7116,0.0,100,0.0,0.0,0.0,0.0,0.0,0,0,0,0,0.0,0,0,0,0,0,0,0,0,0,0,0,0,0,0,0,0,0,0,0,0,0,0,0,0,0,0,0,0,0,0,0,0,0,31,40,40,71,65476,0,300,0,0,8,21553,0.0,-107605600.0,0.0,0.0,0.0,0.0,0.0,0.0,0.0,0.0,0.0,0.0,0.0,0.0,-2.596148429267414e+33,0.0,0.0,0.0,0.0,0.0,0.0,0.0,-2.004,2.004,-0.0,-2.004,0.0,0.0,0.0,0.0,6278.0,2.004,6920.0,0.0,0.0,2.7184303811560617e+23,0.0,0.0,0.0,0.0,0.0,69,-2.3088415973249647e+20,0.0,0.0,0.0,0.0,0.0,0.0,0.0,0.0,0,0,0,0.0,0.0,0.0,0.0,0.0,0.0,0.0,0.0,0.0,0.0,0.0,0.0,0.0,0.0,0.0,0.0,0,-107875648.0,69,0.0,138,0.0,0.0,0,13107,17040,13107,17049,13107,17043,0,0,0,70,68,100,2.7302359370752657e+23,71.1,0.0,74.2,2.7302370179391762e+23,74.0,1,49,50,180,0,52429,0,0,0.0,0.0,0.0,0.0,-0.0,67.0,0.0,162057.094,0.0,750,0,739,0,0,0,721,0,766,0,736,0,742,0,741,0,712,0,7520,0.032,78920024064.0,0.0,0.0,784,16797,-0.0,162057.094,-114818.039,-0.0,0.133,6.909358625270745e+28,30.0,65.0,35,0.0,0.0,0.0,0.0,0.0,0.0,0.0,0.0,0.0,0.0,0.0,0.0,0.0,0.0,0.0,0.0,69.2,0,150,71,54,65476,0,300,0,1,8,20529,65476,0,0,40632,65.0,0.0,0.0,0.0,0.0,0.0
2026-09-04T20:39:07,ERR,ERR,ERR,ERR,ERR,ERR,ERR,ERR,ERR,ERR,ERR,ERR,ERR,ERR,ERR,ERR,ERR,ERR,ERR,ERR,ERR,ERR,ERR,ERR,ERR,ERR,ERR,ERR,ERR,ERR,ERR,ERR,ERR,ERR,ERR,ERR,ERR,ERR,ERR,ERR,ERR,ERR,ERR,ERR,ERR,ERR,ERR,ERR,ERR,ERR,ERR,ERR,ERR,ERR,ERR,ERR,ERR,ERR,ERR,ERR,ERR,ERR,ERR,ERR,ERR,ERR,ERR,ERR,ERR,ERR,ERR,ERR,ERR,ERR,ERR,ERR,ERR,ERR,ERR,ERR,ERR,ERR,ERR,ERR,ERR,ERR,ERR,ERR,ERR,ERR,ERR,ERR,ERR,ERR,ERR,ERR,ERR,ERR,ERR,ERR,ERR,ERR,ERR,ERR,ERR,ERR,ERR,ERR,ERR,ERR,ERR,ERR,ERR,ERR,ERR,ERR,ERR,ERR,ERR,ERR,ERR,ERR,ERR,ERR,ERR,0.0,0.0,0.0,0.0,0.0,1.3936040501711995e+18,7.805,0.0,0,0,4,0,7116,0.0,100,0.0,0.0,0.0,0.0,0.0,0,0,0,0,0.0,0,0,0,0,0,0,0,0,0,0,0,0,0,0,0,0,0,0,0,0,0,0,0,0,0,0,0,0,0,0,0,0,0,31,40,40,71,65476,0,300,0,0,8,21553,0.0,-107605600.0,0.0,0.0,0.0,0.0,0.0,0.0,0.0,0.0,0.0,0.0,0.0,0.0,-2.596148429267414e+33,0.0,0.0,0.0,0.0,0.0,0.0,0.0,-2.004,2.004,-0.0,-2.004,0.0,0.0,0.0,0.0,6278.0,2.004,6920.0,0.0,0.0,2.7184303811560617e+23,0.0,0.0,0.0,0.0,0.0,69,-2.3088415973249647e+20,0.0,0.0,0.0,0.0,0.0,0.0,0.0,0.0,0,0,0,0.0,0.0,0.0,0.0,0.0,0.0,0.0,0.0,0.0,0.0,0.0,0.0,0.0,0.0,0.0,0.0,0,-107875648.0,69,0.0,138,0.0,0.0,0,13107,17040,13107,17049,13107,17043,0,0,0,70,68,100,2.7302359370752657e+23,71.1,0.0,74.2,2.7302370179391762e+23,74.0,1,49,50,180,0,52429,0,0,0.0,0.0,0.0,0.0,-0.0,67.0,0.0,162057.094,0.0,750,0,739,0,0,0,721,0,766,0,736,0,742,0,741,0,712,0,7520,0.032,78920024064.0,0.0,0.0,784,16797,-0.0,162057.094,-114818.039,-0.0,0.133,6.909358625270745e+28,30.0,65.0,35,0.0,0.0,0.0,0.0,0.0,0.0,0.0,0.0,0.0,0.0,0.0,0.0,0.0,0.0,0.0,0.0,69.2,0,150,71,54,65476,0,300,0,1,8,20529,65476,0,0,40632,65.0,0.0,0.0,0.0,0.0,0.0
2026-09-04T20:39:08,ERR,ERR,ERR,ERR,ERR,ERR,ERR,ERR,ERR,ERR,ERR,ERR,ERR,ERR,ERR,ERR,ERR,ERR,ERR,ERR,ERR,ERR,ERR,ERR,ERR,ERR,ERR,ERR,ERR,ERR,ERR,ERR,ERR,ERR,ERR,ERR,ERR,ERR,ERR,ERR,ERR,ERR,ERR,ERR,ERR,ERR,ERR,ERR,ERR,ERR,ERR,ERR,ERR,ERR,ERR,ERR,ERR,ERR,ERR,ERR,ERR,ERR,ERR,ERR,ERR,ERR,ERR,ERR,ERR,ERR,ERR,ERR,ERR,ERR,ERR,ERR,ERR,ERR,ERR,ERR,ERR,ERR,ERR,ERR,ERR,ERR,ERR,ERR,ERR,ERR,ERR,ERR,ERR,ERR,ERR,ERR,ERR,ERR,ERR,ERR,ERR,ERR,ERR,ERR,ERR,ERR,ERR,ERR,ERR,ERR,ERR,ERR,ERR,ERR,ERR,ERR,ERR,ERR,ERR,ERR,ERR,ERR,ERR,ERR,ERR,0.0,0.0,0.0,0.0,0.0,1.3936040501711995e+18,7.805,0.0,0,0,4,0,7116,0.0,100,0.0,0.0,0.0,0.0,0.0,0,0,0,0,0.0,0,0,0,0,0,0,0,0,0,0,0,0,0,0,0,0,0,0,0,0,0,0,0,0,0,0,0,0,0,0,0,0,0,31,40,40,71,65476,0,300,0,0,8,21553,0.0,-107605600.0,0.0,0.0,0.0,0.0,0.0,0.0,0.0,0.0,0.0,0.0,0.0,0.0,0.0,0.0,0.0,0.0,0.0,0.0,0.0,0.0,-2.004,-0.0,-0.0,-2.004,0.0,0.0,0.0,0.0,6250.0,-2.422999145516952e+24,6941.0,0.0,0.0,2.7184303811560617e+23,0.0,0.0,0.0,0.0,0.0,69,-4.066882747792088e+29,-3.2220212139878414e+26,0.0,0.0,0.0,0.0,0.0,0.0,0.0,0,0,0,0.0,0.0,0.0,0.0,0.0,0.0,0.0,0.0,0.0,0.0,0.0,0.0,0.0,0.0,0.0,0.0,0,-107875648.0,69,0.0,138,0.0,0.0,0,13107,17040,13107,17049,13107,17043,0,0,0,70,68,100,2.7302359370752657e+23,71.1,0.0,74.2,2.7302370179391762e+23,74.0,1,49,50,180,0,52429,0,0,0.0,0.0,0.0,0.0,-0.0,67.0,0.0,162057.094,0.0,750,0,739,0,0,0,721,0,766,0,736,0,742,0,741,0,712,0,7520,0.032,78920024064.0,0.0,0.0,784,16797,-0.0,162057.094,-114818.039,-0.0,0.133,6.909358625270745e+28,30.0,65.0,35,0.0,0.0,0.0,0.0,0.0,0.0,0.0,0.0,0.0,0.0,0.0,0.0,0.0,0.0,0.0,0.0,69.2,0,150,71,54,65476,0,300,0,1,8,20529,65476,0,0,40632,65.0,0.0,0.0,0.0,0.0,0.0
2026-09-04T20:39:09,ERR,ERR,ERR,ERR,ERR,ERR,ERR,ERR,ERR,ERR,ERR,ERR,ERR,ERR,ERR,ERR,ERR,ERR,ERR,ERR,ERR,ERR,ERR,ERR,ERR,ERR,ERR,ERR,ERR,ERR,ERR,ERR,ERR,ERR,ERR,ERR,ERR,ERR,ERR,ERR,ERR,ERR,ERR,ERR,ERR,ERR,ERR,ERR,ERR,ERR,ERR,ERR,ERR,ERR,ERR,ERR,ERR,ERR,ERR,ERR,ERR,ERR,ERR,ERR,ERR,ERR,ERR,ERR,ERR,ERR,ERR,ERR,ERR,ERR,ERR,ERR,ERR,ERR,ERR,ERR,ERR,ERR,ERR,ERR,ERR,ERR,ERR,ERR,ERR,ERR,ERR,ERR,ERR,ERR,ERR,ERR,ERR,ERR,ERR,ERR,ERR,ERR,ERR,ERR,ERR,ERR,ERR,ERR,ERR,ERR,ERR,ERR,ERR,ERR,ERR,ERR,ERR,ERR,ERR,ERR,ERR,ERR,ERR,ERR,ERR,0.0,0.0,0.0,0.0,0.0,1.3936040501711995e+18,7.805,0.0,0,0,4,0,7116,0.0,100,0.0,0.0,0.0,0.0,0.0,0,0,0,0,0.0,0,0,0,0,0,0,0,0,0,0,0,0,0,0,0,0,0,0,0,0,0,0,0,0,0,0,0,0,0,0,0,0,0,31,40,40,71,65476,0,300,0,0,8,21553,0.0,-107605600.0,0.0,0.0,0.0,0.0,0.0,0.0,0.0,0.0,0.0,0.0,0.0,0.0,0.0,0.0,0.0,0.0,0.0,0.0,0.0,0.0,-2.004,-0.0,-0.0,-2.004,0.0,0.0,0.0,0.0,6250.0,-2.422999145516952e+24,6941.0,0.0,0.0,2.7184303811560617e+23,0.0,0.0,0.0,0.0,0.0,69,-4.066882747792088e+29,-3.2220212139878414e+26,0.0,0.0,0.0,0.0,0.0,0.0,0.0,0,0,0,0.0,0.0,0.0,0.0,0.0,0.0,0.0,0.0,0.0,0.0,0.0,0.0,0.0,0.0,0.0,0.0,0,-107875648.0,69,0.0,138,0.0,0.0,0,13107,17040,13107,17049,13107,17043,0,0,0,70,68,100,2.7302359370752657e+23,71.1,0.0,74.2,2.7302370179391762e+23,74.0,1,49,50,180,0,52429,0,0,0.0,0.0,0.0,0.0,-0.0,67.0,0.0,162057.094,0.0,750,0,739,0,0,0,721,0,766,0,736,0,742,0,741,0,712,0,7520,0.032,78920024064.0,0.0,0.0,784,16797,-0.0,162057.094,-114818.039,-0.0,0.133,6.909358625270745e+28,30.0,65.0,35,0.0,0.0,0.0,0.0,0.0,0.0,0.0,0.0,0.0,0.0,0.0,0.0,0.0,0.0,0.0,0.0,69.2,0,150,71,54,65476,0,300,0,1,8,20529,65476,0,0,40632,65.0,0.0,0.0,0.0,0.0,0.0
2026-09-04T20:39:10,ERR,ERR,ERR,ERR,ERR,ERR,ERR,ERR,ERR,ERR,ERR,ERR,ERR,ERR,ERR,ERR,ERR,ERR,ERR,ERR,ERR,ERR,ERR,ERR,ERR,ERR,ERR,ERR,ERR,ERR,ERR,ERR,ERR,ERR,ERR,ERR,ERR,ERR,ERR,ERR,ERR,ERR,ERR,ERR,ERR,ERR,ERR,ERR,ERR,ERR,ERR,ERR,ERR,ERR,ERR,ERR,ERR,ERR,ERR,ERR,ERR,ERR,ERR,ERR,ERR,ERR,ERR,ERR,ERR,ERR,ERR,ERR,ERR,ERR,ERR,ERR,ERR,ERR,ERR,ERR,ERR,ERR,ERR,ERR,ERR,ERR,ERR,ERR,ERR,ERR,ERR,ERR,ERR,ERR,ERR,ERR,ERR,ERR,ERR,ERR,ERR,ERR,ERR,ERR,ERR,ERR,ERR,ERR,ERR,ERR,ERR,ERR,ERR,ERR,ERR,ERR,ERR,ERR,ERR,ERR,ERR,ERR,ERR,ERR,ERR,0.0,0.0,0.0,0.0,0.0,1.3936040501711995e+18,7.805,0.0,0,0,4,0,7116,0.0,100,0.0,0.0,0.0,0.0,0.0,0,0,0,0,0.0,0,0,0,0,0,0,0,0,0,0,0,0,0,0,0,0,0,0,0,0,0,0,0,0,0,0,0,0,0,0,0,0,0,31,40,40,71,65476,0,300,0,0,8,21553,0.0,-107605600.0,0.0,0.0,0.0,0.0,0.0,0.0,0.0,0.0,0.0,0.0,0.0,0.0,0.0,0.0,0.0,0.0,0.0,0.0,0.0,0.0,-2.004,-0.0,-0.0,-2.004,0.0,0.0,0.0,0.0,6250.0,-2.422999145516952e+24,6941.0,0.0,0.0,2.7184303811560617e+23,0.0,0.0,0.0,0.0,0.0,69,-4.066882747792088e+29,-3.2220212139878414e+26,0.0,0.0,0.0,0.0,0.0,0.0,0.0,0,0,0,0.0,0.0,0.0,0.0,0.0,0.0,0.0,0.0,0.0,0.0,0.0,0.0,0.0,0.0,0.0,0.0,0,-107875648.0,69,0.0,138,0.0,0.0,0,13107,17040,13107,17049,13107,17043,0,0,0,70,68,100,2.7302359370752657e+23,71.1,0.0,74.2,2.7302370179391762e+23,74.0,1,49,50,180,0,52429,0,0,0.0,0.0,0.0,0.0,-0.0,67.0,0.0,162057.094,0.0,750,0,739,0,0,0,721,0,766,0,736,0,742,0,741,0,712,0,7520,0.032,78920024064.0,0.0,0.0,784,16797,-0.0,162057.094,-114818.039,-0.0,0.133,6.909358625270745e+28,30.0,65.0,35,0.0,0.0,0.0,0.0,0.0,0.0,0.0,0.0,0.0,0.0,0.0,0.0,0.0,0.0,0.0,0.0,69.2,0,150,71,54,65476,0,300,0,1,8,20529,65476,0,0,40632,65.0,0.0,0.0,0.0,0.0,0.0
2026-09-04T20:39:11,ERR,ERR,ERR,ERR,ERR,ERR,ERR,ERR,ERR,ERR,ERR,ERR,ERR,ERR,ERR,ERR,ERR,ERR,ERR,ERR,ERR,ERR,ERR,ERR,ERR,ERR,ERR,ERR,ERR,ERR,ERR,ERR,ERR,ERR,ERR,ERR,ERR,ERR,ERR,ERR,ERR,ERR,ERR,ERR,ERR,ERR,ERR,ERR,ERR,ERR,ERR,ERR,ERR,ERR,ERR,ERR,ERR,ERR,ERR,ERR,ERR,ERR,ERR,ERR,ERR,ERR,ERR,ERR,ERR,ERR,ERR,ERR,ERR,ERR,ERR,ERR,ERR,ERR,ERR,ERR,ERR,ERR,ERR,ERR,ERR,ERR,ERR,ERR,ERR,ERR,ERR,ERR,ERR,ERR,ERR,ERR,ERR,ERR,ERR,ERR,ERR,ERR,ERR,ERR,ERR,ERR,ERR,ERR,ERR,ERR,ERR,ERR,ERR,ERR,ERR,ERR,ERR,ERR,ERR,ERR,ERR,ERR,ERR,ERR,ERR,0.0,0.0,0.0,0.0,0.0,1.3936040501711995e+18,7.805,0.0,0,0,4,0,7116,0.0,100,0.0,0.0,0.0,0.0,0.0,0,0,0,0,0.0,0,0,0,0,0,0,0,0,0,0,0,0,0,0,0,0,0,0,0,0,0,0,0,0,0,0,0,0,0,0,0,0,0,31,40,40,71,65476,0,300,0,0,8,21553,0.0,-107605600.0,0.0,0.0,0.0,0.0,0.0,0.0,0.0,0.0,0.0,0.0,0.0,0.0,0.0,0.0,0.0,0.0,0.0,0.0,0.0,0.0,-2.004,-0.0,-0.0,-2.004,0.0,0.0,0.0,0.0,6250.0,-2.422999145516952e+24,6941.0,0.0,0.0,2.7184303811560617e+23,0.0,0.0,0.0,0.0,0.0,69,-4.066882747792088e+29,-3.2220212139878414e+26,0.0,0.0,0.0,0.0,0.0,0.0,0.0,0,0,0,0.0,0.0,0.0,0.0,0.0,0.0,0.0,0.0,0.0,0.0,0.0,0.0,0.0,0.0,0.0,0.0,0,-107875648.0,69,0.0,138,0.0,0.0,0,13107,17040,13107,17049,13107,17043,0,0,0,70,68,100,2.7302359370752657e+23,71.1,0.0,74.2,2.7302370179391762e+23,74.0,1,49,50,180,0,52429,0,0,0.0,0.0,0.0,0.0,-0.0,67.0,0.0,162057.094,0.0,750,0,739,0,0,0,721,0,766,0,736,0,742,0,741,0,712,0,7520,0.032,78920024064.0,0.0,0.0,784,16797,-0.0,162057.094,-114818.039,-0.0,0.133,6.909358625270745e+28,30.0,65.0,35,0.0,0.0,0.0,0.0,0.0,0.0,0.0,0.0,0.0,0.0,0.0,0.0,0.0,0.0,0.0,0.0,69.2,0,150,71,54,65476,0,300,0,1,8,20529,65476,0,0,40632,65.0,0.0,0.0,0.0,0.0,0.0
2026-09-04T20:39:12,ERR,ERR,ERR,ERR,ERR,ERR,ERR,ERR,ERR,ERR,ERR,ERR,ERR,ERR,ERR,ERR,ERR,ERR,ERR,ERR,ERR,ERR,ERR,ERR,ERR,ERR,ERR,ERR,ERR,ERR,ERR,ERR,ERR,ERR,ERR,ERR,ERR,ERR,ERR,ERR,ERR,ERR,ERR,ERR,ERR,ERR,ERR,ERR,ERR,ERR,ERR,ERR,ERR,ERR,ERR,ERR,ERR,ERR,ERR,ERR,ERR,ERR,ERR,ERR,ERR,ERR,ERR,ERR,ERR,ERR,ERR,ERR,ERR,ERR,ERR,ERR,ERR,ERR,ERR,ERR,ERR,ERR,ERR,ERR,ERR,ERR,ERR,ERR,ERR,ERR,ERR,ERR,ERR,ERR,ERR,ERR,ERR,ERR,ERR,ERR,ERR,ERR,ERR,ERR,ERR,ERR,ERR,ERR,ERR,ERR,ERR,ERR,ERR,ERR,ERR,ERR,ERR,ERR,ERR,ERR,ERR,ERR,ERR,ERR,ERR,0.0,0.0,0.0,0.0,0.0,1.3936040501711995e+18,7.805,0.0,0,0,4,0,7116,0.0,100,0.0,0.0,0.0,0.0,0.0,0,0,0,0,0.0,0,0,0,0,0,0,0,0,0,0,0,0,0,0,0,0,0,0,0,0,0,0,0,0,0,0,0,0,0,0,0,0,0,31,40,40,71,65476,0,300,0,0,8,21553,0.0,-107605600.0,0.0,0.0,0.0,0.0,0.0,0.0,0.0,0.0,0.0,0.0,0.0,0.0,0.0,0.0,0.0,0.0,0.0,0.0,0.0,0.0,-2.004,-0.0,-0.0,-2.004,0.0,0.0,0.0,0.0,6250.0,-2.422999145516952e+24,6941.0,0.0,0.0,2.7184303811560617e+23,0.0,0.0,0.0,0.0,0.0,69,-4.066882747792088e+29,-3.2220212139878414e+26,0.0,0.0,0.0,0.0,0.0,0.0,0.0,0,0,0,0.0,0.0,0.0,0.0,0.0,0.0,0.0,0.0,0.0,0.0,0.0,0.0,0.0,0.0,0.0,0.0,0,-107875648.0,69,0.0,138,0.0,0.0,0,13107,17040,13107,17049,13107,17043,0,0,0,70,68,100,2.7302359370752657e+23,71.1,0.0,74.2,2.7302370179391762e+23,74.0,1,49,50,180,0,52429,0,0,0.0,0.0,0.0,0.0,-0.0,67.0,0.0,162057.094,0.0,750,0,739,0,0,0,721,0,766,0,736,0,742,0,741,0,712,0,7520,0.032,78920024064.0,0.0,0.0,784,16797,-0.0,162057.094,-114818.039,-0.0,0.133,6.909358625270745e+28,30.0,65.0,35,0.0,0.0,0.0,0.0,0.0,0.0,0.0,0.0,0.0,0.0,0.0,0.0,0.0,0.0,0.0,0.0,69.6,0,150,71,54,65476,0,300,0,1,8,20529,65476,0,0,40632,65.0,0.0,0.0,0.0,0.0,0.0
2026-09-04T20:39:13,ERR,ERR,ERR,ERR,ERR,ERR,ERR,ERR,ERR,ERR,ERR,ERR,ERR,ERR,ERR,ERR,ERR,ERR,ERR,ERR,ERR,ERR,ERR,ERR,ERR,ERR,ERR,ERR,ERR,ERR,ERR,ERR,ERR,ERR,ERR,ERR,ERR,ERR,ERR,ERR,ERR,ERR,ERR,ERR,ERR,ERR,ERR,ERR,ERR,ERR,ERR,ERR,ERR,ERR,ERR,ERR,ERR,ERR,ERR,ERR,ERR,ERR,ERR,ERR,ERR,ERR,ERR,ERR,ERR,ERR,ERR,ERR,ERR,ERR,ERR,ERR,ERR,ERR,ERR,ERR,ERR,ERR,ERR,ERR,ERR,ERR,ERR,ERR,ERR,ERR,ERR,ERR,ERR,ERR,ERR,ERR,ERR,ERR,ERR,ERR,ERR,ERR,ERR,ERR,ERR,ERR,ERR,ERR,ERR,ERR,ERR,ERR,ERR,ERR,ERR,ERR,ERR,ERR,ERR,ERR,ERR,ERR,ERR,ERR,ERR,0.0,0.0,0.0,0.0,0.0,1.3936040501711995e+18,7.805,0.0,0,0,4,0,7116,0.0,100,0.0,0.0,0.0,0.0,0.0,0,0,0,0,0.0,0,0,0,0,0,0,0,0,0,0,0,0,0,0,0,0,0,0,0,0,0,0,0,0,0,0,0,0,0,0,0,0,0,31,40,40,71,65476,0,300,0,0,8,21553,0.0,-107605600.0,0.0,0.0,0.0,0.0,0.0,0.0,0.0,0.0,0.0,0.0,0.0,0.0,0.0,0.0,0.0,0.0,0.0,0.0,0.0,0.0,-2.004,-0.0,-0.0,-2.004,0.0,0.0,0.0,0.0,6250.0,-2.422999145516952e+24,6941.0,0.0,0.0,2.7184303811560617e+23,0.0,0.0,0.0,0.0,0.0,69,-4.066882747792088e+29,-3.2220212139878414e+26,0.0,0.0,0.0,0.0,0.0,0.0,0.0,0,0,0,0.0,0.0,0.0,0.0,0.0,0.0,0.0,0.0,0.0,0.0,0.0,0.0,0.0,0.0,0.0,0.0,0,-107875648.0,69,0.0,138,0.0,0.0,0,13107,17040,13107,17049,13107,17043,0,0,0,70,68,100,2.7302359370752657e+23,71.1,0.0,74.2,2.7302370179391762e+23,74.0,1,49,50,180,0,52429,0,0,0.0,0.0,0.0,0.0,-0.0,67.0,0.0,162057.094,0.0,750,0,739,0,0,0,721,0,766,0,736,0,742,0,741,0,712,0,7520,0.032,78920024064.0,0.0,0.0,784,16797,-0.0,162057.094,-114818.039,-0.0,0.133,6.909358625270745e+28,30.0,65.0,35,0.0,0.0,0.0,0.0,0.0,0.0,0.0,0.0,0.0,0.0,0.0,0.0,0.0,0.0,0.0,0.0,69.6,0,150,71,54,65476,0,300,0,1,8,20529,65476,0,0,40632,65.0,0.0,0.0,0.0,0.0,0.0
2026-09-04T20:39:14,ERR,ERR,ERR,ERR,ERR,ERR,ERR,ERR,ERR,ERR,ERR,ERR,ERR,ERR,ERR,ERR,ERR,ERR,ERR,ERR,ERR,ERR,ERR,ERR,ERR,ERR,ERR,ERR,ERR,ERR,ERR,ERR,ERR,ERR,ERR,ERR,ERR,ERR,ERR,ERR,ERR,ERR,ERR,ERR,ERR,ERR,ERR,ERR,ERR,ERR,ERR,ERR,ERR,ERR,ERR,ERR,ERR,ERR,ERR,ERR,ERR,ERR,ERR,ERR,ERR,ERR,ERR,ERR,ERR,ERR,ERR,ERR,ERR,ERR,ERR,ERR,ERR,ERR,ERR,ERR,ERR,ERR,ERR,ERR,ERR,ERR,ERR,ERR,ERR,ERR,ERR,ERR,ERR,ERR,ERR,ERR,ERR,ERR,ERR,ERR,ERR,ERR,ERR,ERR,ERR,ERR,ERR,ERR,ERR,ERR,ERR,ERR,ERR,ERR,ERR,ERR,ERR,ERR,ERR,ERR,ERR,ERR,ERR,ERR,ERR,0.0,0.0,0.0,0.0,0.0,1.3936040501711995e+18,7.805,0.0,0,0,4,0,7116,0.0,100,0.0,0.0,0.0,0.0,0.0,0,0,0,0,0.0,0,0,0,0,0,0,0,0,0,0,0,0,0,0,0,0,0,0,0,0,0,0,0,0,0,0,0,0,0,0,0,0,0,31,40,40,71,65476,0,300,0,0,8,21553,0.0,-107605600.0,0.0,0.0,0.0,0.0,0.0,0.0,0.0,0.0,0.0,0.0,0.0,0.0,0.0,0.0,0.0,0.0,0.0,0.0,0.0,0.0,-2.004,-0.0,-0.0,-2.004,0.0,0.0,0.0,0.0,6250.0,-2.422999145516952e+24,6941.0,0.0,0.0,2.7184303811560617e+23,0.0,0.0,0.0,0.0,0.0,69,-4.066882747792088e+29,-3.2220212139878414e+26,0.0,0.0,0.0,0.0,0.0,0.0,0.0,0,0,0,0.0,0.0,0.0,0.0,0.0,0.0,0.0,0.0,0.0,0.0,0.0,0.0,0.0,0.0,0.0,0.0,0,-107875648.0,69,0.0,138,0.0,0.0,0,13107,17040,13107,17049,13107,17043,0,0,0,70,68,100,2.7302359370752657e+23,71.1,0.0,74.2,2.7302370179391762e+23,74.0,1,49,50,180,0,52429,0,0,0.0,0.0,0.0,0.0,-0.0,67.0,0.0,162057.094,0.0,750,0,739,0,0,0,721,0,766,0,736,0,742,0,741,0,712,0,7520,0.032,78920024064.0,0.0,0.0,784,16797,-0.0,162057.094,-114818.039,-0.0,0.133,6.909358625270745e+28,30.0,65.0,35,0.0,0.0,0.0,0.0,0.0,0.0,0.0,0.0,0.0,0.0,0.0,0.0,0.0,0.0,0.0,0.0,69.6,0,150,71,54,65476,0,300,0,1,8,20529,65476,0,0,40632,65.0,0.0,0.0,0.0,0.0,0.0
2026-09-04T20:39:15,ERR,ERR,ERR,ERR,ERR,ERR,ERR,ERR,ERR,ERR,ERR,ERR,ERR,ERR,ERR,ERR,ERR,ERR,ERR,ERR,ERR,ERR,ERR,ERR,ERR,ERR,ERR,ERR,ERR,ERR,ERR,ERR,ERR,ERR,ERR,ERR,ERR,ERR,ERR,ERR,ERR,ERR,ERR,ERR,ERR,ERR,ERR,ERR,ERR,ERR,ERR,ERR,ERR,ERR,ERR,ERR,ERR,ERR,ERR,ERR,ERR,ERR,ERR,ERR,ERR,ERR,ERR,ERR,ERR,ERR,ERR,ERR,ERR,ERR,ERR,ERR,ERR,ERR,ERR,ERR,ERR,ERR,ERR,ERR,ERR,ERR,ERR,ERR,ERR,ERR,ERR,ERR,ERR,ERR,ERR,ERR,ERR,ERR,ERR,ERR,ERR,ERR,ERR,ERR,ERR,ERR,ERR,ERR,ERR,ERR,ERR,ERR,ERR,ERR,ERR,ERR,ERR,ERR,ERR,ERR,ERR,ERR,ERR,ERR,ERR,0.0,0.0,0.0,0.0,0.0,1.3936040501711995e+18,7.805,0.0,0,0,4,0,7116,0.0,100,0.0,0.0,0.0,0.0,0.0,0,0,0,0,0.0,0,0,0,0,0,0,0,0,0,0,0,0,0,0,0,0,0,0,0,0,0,0,0,0,0,0,0,0,0,0,0,0,0,31,40,40,71,65476,0,300,0,0,8,21553,0.0,-107605600.0,0.0,0.0,0.0,0.0,0.0,0.0,0.0,0.0,0.0,0.0,0.0,0.0,0.0,0.0,0.0,0.0,0.0,0.0,0.0,0.0,-2.004,-0.0,-0.0,-2.004,0.0,0.0,0.0,0.0,6246.0,-1.5879367200059895e+29,6942.0,0.0,0.0,2.7184303811560617e+23,0.0,0.0,0.0,0.0,0.0,69,-1.9056991512664474e+17,-107615184.0,0.0,0.0,0.0,0.0,0.0,0.0,0.0,0,0,0,0.0,0.0,0.0,0.0,0.0,0.0,0.0,0.0,0.0,0.0,0.0,0.0,0.0,0.0,0.0,0.0,0,-107875648.0,69,0.0,138,0.0,0.0,0,13107,17040,13107,17049,13107,17043,0,0,0,70,68,100,2.7302359370752657e+23,71.1,0.0,74.2,2.7302370179391762e+23,74.0,1,49,50,180,0,52429,0,0,0.0,0.0,0.0,0.0,-0.0,67.0,0.0,162057.094,0.0,750,0,739,0,0,0,721,0,766,0,736,0,742,0,741,0,712,0,7520,0.032,78920024064.0,0.0,0.0,784,16797,-0.0,162057.094,-114818.039,-0.0,0.133,6.909358625270745e+28,30.0,65.0,35,0.0,0.0,0.0,0.0,0.0,0.0,0.0,0.0,0.0,0.0,0.0,0.0,0.0,0.0,0.0,0.0,69.2,0,150,71,54,65476,0,300,0,1,8,20529,65476,0,0,40632,65.0,0.0,0.0,0.0,0.0,0.0
2026-09-04T20:39:16,ERR,ERR,ERR,ERR,ERR,ERR,ERR,ERR,ERR,ERR,ERR,ERR,ERR,ERR,ERR,ERR,ERR,ERR,ERR,ERR,ERR,ERR,ERR,ERR,ERR,ERR,ERR,ERR,ERR,ERR,ERR,ERR,ERR,ERR,ERR,ERR,ERR,ERR,ERR,ERR,ERR,ERR,ERR,ERR,ERR,ERR,ERR,ERR,ERR,ERR,ERR,ERR,ERR,ERR,ERR,ERR,ERR,ERR,ERR,ERR,ERR,ERR,ERR,ERR,ERR,ERR,ERR,ERR,ERR,ERR,ERR,ERR,ERR,ERR,ERR,ERR,ERR,ERR,ERR,ERR,ERR,ERR,ERR,ERR,ERR,ERR,ERR,ERR,ERR,ERR,ERR,ERR,ERR,ERR,ERR,ERR,ERR,ERR,ERR,ERR,ERR,ERR,ERR,ERR,ERR,ERR,ERR,ERR,ERR,ERR,ERR,ERR,ERR,ERR,ERR,ERR,ERR,ERR,ERR,ERR,ERR,ERR,ERR,ERR,ERR,0.0,0.0,0.0,0.0,0.0,1.3936040501711995e+18,7.805,0.0,0,0,4,0,7116,0.0,100,0.0,0.0,0.0,0.0,0.0,0,0,0,0,0.0,0,0,0,0,0,0,0,0,0,0,0,0,0,0,0,0,0,0,0,0,0,0,0,0,0,0,0,0,0,0,0,0,0,31,40,40,71,65476,0,300,0,0,8,21553,0.0,-107605600.0,0.0,0.0,0.0,0.0,0.0,0.0,0.0,0.0,0.0,0.0,0.0,0.0,0.0,0.0,0.0,0.0,0.0,0.0,0.0,0.0,-2.004,-0.0,-0.0,-2.004,0.0,0.0,0.0,0.0,6246.0,-1.5879367200059895e+29,6942.0,0.0,0.0,2.7184303811560617e+23,0.0,0.0,0.0,0.0,0.0,69,-1.9056991512664474e+17,-107615184.0,0.0,0.0,0.0,0.0,0.0,0.0,0.0,0,0,0,0.0,0.0,0.0,0.0,0.0,0.0,0.0,0.0,0.0,0.0,0.0,0.0,0.0,0.0,0.0,0.0,0,-107875648.0,69,0.0,138,0.0,0.0,0,13107,17040,13107,17049,13107,17043,0,0,0,70,68,100,2.7302359370752657e+23,71.1,0.0,74.2,2.7302370179391762e+23,74.0,1,49,50,180,0,52429,0,0,0.0,0.0,0.0,0.0,-0.0,67.0,0.0,162057.094,0.0,750,0,739,0,0,0,721,0,766,0,736,0,742,0,741,0,712,0,7520,0.032,78920024064.0,0.0,0.0,784,16797,-0.0,162057.094,-114818.039,-0.0,0.133,6.909358625270745e+28,30.0,65.0,35,0.0,0.0,0.0,0.0,0.0,0.0,0.0,0.0,0.0,0.0,0.0,0.0,0.0,0.0,0.0,0.0,69.2,0,150,71,54,65476,0,300,0,1,8,20529,65476,0,0,40632,65.0,0.0,0.0,0.0,0.0,0.0
2026-09-04T20:39:17,ERR,ERR,ERR,ERR,ERR,ERR,ERR,ERR,ERR,ERR,ERR,ERR,ERR,ERR,ERR,ERR,ERR,ERR,ERR,ERR,ERR,ERR,ERR,ERR,ERR,ERR,ERR,ERR,ERR,ERR,ERR,ERR,ERR,ERR,ERR,ERR,ERR,ERR,ERR,ERR,ERR,ERR,ERR,ERR,ERR,ERR,ERR,ERR,ERR,ERR,ERR,ERR,ERR,ERR,ERR,ERR,ERR,ERR,ERR,ERR,ERR,ERR,ERR,ERR,ERR,ERR,ERR,ERR,ERR,ERR,ERR,ERR,ERR,ERR,ERR,ERR,ERR,ERR,ERR,ERR,ERR,ERR,ERR,ERR,ERR,ERR,ERR,ERR,ERR,ERR,ERR,ERR,ERR,ERR,ERR,ERR,ERR,ERR,ERR,ERR,ERR,ERR,ERR,ERR,ERR,ERR,ERR,ERR,ERR,ERR,ERR,ERR,ERR,ERR,ERR,ERR,ERR,ERR,ERR,ERR,ERR,ERR,ERR,ERR,ERR,0.0,0.0,0.0,0.0,0.0,1.3936040501711995e+18,7.805,0.0,0,0,4,0,7116,0.0,100,0.0,0.0,0.0,0.0,0.0,0,0,0,0,0.0,0,0,0,0,0,0,0,0,0,0,0,0,0,0,0,0,0,0,0,0,0,0,0,0,0,0,0,0,0,0,0,0,0,31,40,40,71,65476,0,300,0,0,8,21553,0.0,-107605600.0,0.0,0.0,0.0,0.0,0.0,0.0,0.0,0.0,0.0,0.0,0.0,0.0,0.0,0.0,0.0,0.0,0.0,0.0,0.0,0.0,-2.004,-0.0,-0.0,-2.004,0.0,0.0,0.0,0.0,6246.0,-1.5879367200059895e+29,6942.0,0.0,0.0,2.7184303811560617e+23,0.0,0.0,0.0,0.0,0.0,69,-1.9056991512664474e+17,-107615184.0,0.0,0.0,0.0,0.0,0.0,0.0,0.0,0,0,0,0.0,0.0,0.0,0.0,0.0,0.0,0.0,0.0,0.0,0.0,0.0,0.0,0.0,0.0,0.0,0.0,0,-107875648.0,69,0.0,138,0.0,0.0,0,13107,17040,13107,17049,13107,17043,0,0,0,70,68,100,2.7302359370752657e+23,71.1,0.0,74.2,2.7302370179391762e+23,74.0,1,49,50,180,0,52429,0,0,0.0,0.0,0.0,0.0,-0.0,67.0,0.0,162057.094,0.0,750,0,739,0,0,0,721,0,766,0,736,0,742,0,741,0,712,0,7520,0.032,79456894976.0,0.0,0.0,784,16797,-0.0,162057.094,-114818.039,-0.0,0.133,6.909358625270745e+28,30.0,65.0,35,0.0,0.0,0.0,0.0,0.0,0.0,0.0,0.0,0.0,0.0,0.0,0.0,0.0,0.0,0.0,0.0,69.2,0,150,71,54,65476,0,300,0,1,8,20529,65476,0,0,40632,65.0,0.0,0.0,0.0,0.0,0.0
2026-09-04T20:39:18,ERR,ERR,ERR,ERR,ERR,ERR,ERR,ERR,ERR,ERR,ERR,ERR,ERR,ERR,ERR,ERR,ERR,ERR,ERR,ERR,ERR,ERR,ERR,ERR,ERR,ERR,ERR,ERR,ERR,ERR,ERR,ERR,ERR,ERR,ERR,ERR,ERR,ERR,ERR,ERR,ERR,ERR,ERR,ERR,ERR,ERR,ERR,ERR,ERR,ERR,ERR,ERR,ERR,ERR,ERR,ERR,ERR,ERR,ERR,ERR,ERR,ERR,ERR,ERR,ERR,ERR,ERR,ERR,ERR,ERR,ERR,ERR,ERR,ERR,ERR,ERR,ERR,ERR,ERR,ERR,ERR,ERR,ERR,ERR,ERR,ERR,ERR,ERR,ERR,ERR,ERR,ERR,ERR,ERR,ERR,ERR,ERR,ERR,ERR,ERR,ERR,ERR,ERR,ERR,ERR,ERR,ERR,ERR,ERR,ERR,ERR,ERR,ERR,ERR,ERR,ERR,ERR,ERR,ERR,ERR,ERR,ERR,ERR,ERR,ERR,0.0,0.0,0.0,0.0,0.0,1.3936040501711995e+18,7.805,0.0,0,0,4,0,7116,0.0,100,0.0,0.0,0.0,0.0,0.0,0,0,0,0,0.0,0,0,0,0,0,0,0,0,0,0,0,0,0,0,0,0,0,0,0,0,0,0,0,0,0,0,0,0,0,0,0,0,0,31,40,40,71,65476,0,300,0,0,8,21553,0.0,-107605600.0,0.0,0.0,0.0,0.0,0.0,0.0,0.0,0.0,0.0,0.0,0.0,0.0,0.0,0.0,0.0,0.0,0.0,0.0,0.0,0.0,-2.004,-0.0,-0.0,-2.004,0.0,0.0,0.0,0.0,6246.0,-1.5879367200059895e+29,6942.0,0.0,0.0,2.7184303811560617e+23,0.0,0.0,0.0,0.0,0.0,69,-1.9056991512664474e+17,-107615184.0,0.0,0.0,0.0,0.0,0.0,0.0,0.0,0,0,0,0.0,0.0,0.0,0.0,0.0,0.0,0.0,0.0,0.0,0.0,0.0,0.0,0.0,0.0,0.0,0.0,0,-107875648.0,69,0.0,138,0.0,0.0,0,13107,17040,13107,17049,13107,17043,0,0,0,70,68,100,2.7302359370752657e+23,71.1,0.0,74.2,2.7302370179391762e+23,74.0,1,49,50,180,0,52429,0,0,0.0,0.0,0.0,0.0,-0.0,67.0,0.0,162057.094,0.0,750,0,739,0,0,0,721,0,766,0,736,0,742,0,741,0,712,0,7520,0.032,79456894976.0,0.0,0.0,784,16797,-0.0,162057.094,-114818.039,-0.0,0.133,6.909358625270745e+28,30.0,65.0,35,0.0,0.0,0.0,0.0,0.0,0.0,0.0,0.0,0.0,0.0,0.0,0.0,0.0,0.0,0.0,0.0,69.2,0,150,71,54,65476,0,300,0,1,8,20529,65476,0,0,40632,65.0,0.0,0.0,0.0,0.0,0.0
2026-09-04T20:39:19,ERR,ERR,ERR,ERR,ERR,ERR,ERR,ERR,ERR,ERR,ERR,ERR,ERR,ERR,ERR,ERR,ERR,ERR,ERR,ERR,ERR,ERR,ERR,ERR,ERR,ERR,ERR,ERR,ERR,ERR,ERR,ERR,ERR,ERR,ERR,ERR,ERR,ERR,ERR,ERR,ERR,ERR,ERR,ERR,ERR,ERR,ERR,ERR,ERR,ERR,ERR,ERR,ERR,ERR,ERR,ERR,ERR,ERR,ERR,ERR,ERR,ERR,ERR,ERR,ERR,ERR,ERR,ERR,ERR,ERR,ERR,ERR,ERR,ERR,ERR,ERR,ERR,ERR,ERR,ERR,ERR,ERR,ERR,ERR,ERR,ERR,ERR,ERR,ERR,ERR,ERR,ERR,ERR,ERR,ERR,ERR,ERR,ERR,ERR,ERR,ERR,ERR,ERR,ERR,ERR,ERR,ERR,ERR,ERR,ERR,ERR,ERR,ERR,ERR,ERR,ERR,ERR,ERR,ERR,ERR,ERR,ERR,ERR,ERR,ERR,0.0,0.0,0.0,0.0,0.0,1.3936040501711995e+18,7.805,0.0,0,0,4,0,7116,0.0,100,0.0,0.0,0.0,0.0,0.0,0,0,0,0,0.0,0,0,0,0,0,0,0,0,0,0,0,0,0,0,0,0,0,0,0,0,0,0,0,0,0,0,0,0,0,0,0,0,0,31,40,40,71,65476,0,300,0,0,8,21553,0.0,-107605600.0,0.0,0.0,0.0,0.0,0.0,0.0,0.0,0.0,0.0,0.0,0.0,0.0,0.0,0.0,0.0,0.0,0.0,0.0,0.0,0.0,-2.004,-0.0,-0.0,-2.004,0.0,0.0,0.0,0.0,6246.0,-1.5879367200059895e+29,6942.0,0.0,0.0,2.7184303811560617e+23,0.0,0.0,0.0,0.0,0.0,69,-1.9056991512664474e+17,-107615184.0,0.0,0.0,0.0,0.0,0.0,0.0,0.0,0,0,0,0.0,0.0,0.0,0.0,0.0,0.0,0.0,0.0,0.0,0.0,0.0,0.0,0.0,0.0,0.0,0.0,0,-107875648.0,69,0.0,138,0.0,0.0,0,13107,17040,13107,17049,13107,17043,0,0,0,70,68,100,2.7302359370752657e+23,71.1,0.0,74.2,2.7302370179391762e+23,74.0,1,49,50,180,0,52429,0,0,0.0,0.0,0.0,0.0,-0.0,67.0,0.0,162057.094,0.0,750,0,739,0,0,0,721,0,766,0,736,0,742,0,741,0,712,0,7520,0.032,79456894976.0,0.0,0.0,784,16797,-0.0,162057.094,-114818.039,-0.0,0.133,6.909358625270745e+28,30.0,65.0,35,0.0,0.0,0.0,0.0,0.0,0.0,0.0,0.0,0.0,0.0,0.0,0.0,0.0,0.0,0.0,0.0,69.2,0,150,71,54,65476,0,300,0,1,8,20529,65476,0,0,40632,65.0,0.0,0.0,0.0,0.0,0.0
2026-09-04T20:39:20,ERR,ERR,ERR,ERR,ERR,ERR,ERR,ERR,ERR,ERR,ERR,ERR,ERR,ERR,ERR,ERR,ERR,ERR,ERR,ERR,ERR,ERR,ERR,ERR,ERR,ERR,ERR,ERR,ERR,ERR,ERR,ERR,ERR,ERR,ERR,ERR,ERR,ERR,ERR,ERR,ERR,ERR,ERR,ERR,ERR,ERR,ERR,ERR,ERR,ERR,ERR,ERR,ERR,ERR,ERR,ERR,ERR,ERR,ERR,ERR,ERR,ERR,ERR,ERR,ERR,ERR,ERR,ERR,ERR,ERR,ERR,ERR,ERR,ERR,ERR,ERR,ERR,ERR,ERR,ERR,ERR,ERR,ERR,ERR,ERR,ERR,ERR,ERR,ERR,ERR,ERR,ERR,ERR,ERR,ERR,ERR,ERR,ERR,ERR,ERR,ERR,ERR,ERR,ERR,ERR,ERR,ERR,ERR,ERR,ERR,ERR,ERR,ERR,ERR,ERR,ERR,ERR,ERR,ERR,ERR,ERR,ERR,ERR,ERR,ERR,0.0,0.0,0.0,0.0,0.0,1.3936040501711995e+18,7.805,0.0,0,0,4,0,7116,0.0,100,0.0,0.0,0.0,0.0,0.0,0,0,0,0,0.0,0,0,0,0,0,0,0,0,0,0,0,0,0,0,0,0,0,0,0,0,0,0,0,0,0,0,0,0,0,0,0,0,0,31,40,40,71,65476,0,300,0,0,8,21553,0.0,-107605600.0,0.0,0.0,0.0,0.0,0.0,0.0,0.0,0.0,0.0,0.0,0.0,0.0,0.0,0.0,0.0,0.0,0.0,0.0,0.0,0.0,-2.004,-0.0,-0.0,-2.004,0.0,0.0,0.0,0.0,6246.0,-1.5879367200059895e+29,6942.0,0.0,0.0,2.7184303811560617e+23,0.0,0.0,0.0,0.0,0.0,69,-1.9056991512664474e+17,-107615184.0,0.0,0.0,0.0,0.0,0.0,0.0,0.0,0,0,0,0.0,0.0,0.0,0.0,0.0,0.0,0.0,0.0,0.0,0.0,0.0,0.0,0.0,0.0,0.0,0.0,0,-107875648.0,69,0.0,138,0.0,0.0,0,13107,17040,13107,17049,13107,17043,0,0,0,70,68,100,2.7302359370752657e+23,71.1,0.0,74.2,2.7302370179391762e+23,74.0,1,49,50,180,0,52429,0,0,0.0,0.0,0.0,0.0,-0.0,67.0,0.0,162057.094,0.0,750,0,739,0,0,0,721,0,766,0,736,0,742,0,741,0,712,0,7520,0.032,79456894976.0,0.0,0.0,784,16797,-0.0,162057.094,-114818.039,-0.0,0.133,6.909358625270745e+28,30.0,65.0,35,0.0,0.0,0.0,0.0,0.0,0.0,0.0,0.0,0.0,0.0,0.0,0.0,0.0,0.0,0.0,0.0,69.2,0,150,71,54,65476,0,300,0,1,8,20529,65476,0,0,40632,65.0,0.0,0.0,0.0,0.0,0.0
2026-09-04T20:39:21,ERR,ERR,ERR,ERR,ERR,ERR,ERR,ERR,ERR,ERR,ERR,ERR,ERR,ERR,ERR,ERR,ERR,ERR,ERR,ERR,ERR,ERR,ERR,ERR,ERR,ERR,ERR,ERR,ERR,ERR,ERR,ERR,ERR,ERR,ERR,ERR,ERR,ERR,ERR,ERR,ERR,ERR,ERR,ERR,ERR,ERR,ERR,ERR,ERR,ERR,ERR,ERR,ERR,ERR,ERR,ERR,ERR,ERR,ERR,ERR,ERR,ERR,ERR,ERR,ERR,ERR,ERR,ERR,ERR,ERR,ERR,ERR,ERR,ERR,ERR,ERR,ERR,ERR,ERR,ERR,ERR,ERR,ERR,ERR,ERR,ERR,ERR,ERR,ERR,ERR,ERR,ERR,ERR,ERR,ERR,ERR,ERR,ERR,ERR,ERR,ERR,ERR,ERR,ERR,ERR,ERR,ERR,ERR,ERR,ERR,ERR,ERR,ERR,ERR,ERR,ERR,ERR,ERR,ERR,ERR,ERR,ERR,ERR,ERR,ERR,0.0,0.0,0.0,0.0,0.0,1.3936040501711995e+18,7.805,0.0,0,0,4,0,7116,0.0,100,0.0,0.0,0.0,0.0,0.0,0,0,0,0,0.0,0,0,0,0,0,0,0,0,0,0,0,0,0,0,0,0,0,0,0,0,0,0,0,0,0,0,0,0,0,0,0,0,0,31,40,40,71,65476,0,300,0,0,8,21553,0.0,-107605600.0,0.0,0.0,0.0,0.0,0.0,0.0,0.0,0.0,0.0,0.0,0.0,0.0,0.0,0.0,0.0,0.0,0.0,0.0,0.0,0.0,-2.004,-0.0,-0.0,-2.004,0.0,0.0,0.0,0.0,6246.0,-1.5879367200059895e+29,6942.0,0.0,0.0,2.7184303811560617e+23,0.0,0.0,0.0,0.0,0.0,69,-1.9056991512664474e+17,-107615184.0,0.0,0.0,0.0,0.0,0.0,0.0,0.0,0,0,0,0.0,0.0,0.0,0.0,0.0,0.0,0.0,0.0,0.0,0.0,0.0,0.0,0.0,0.0,0.0,0.0,0,-107875648.0,69,0.0,138,0.0,0.0,0,13107,17040,13107,17049,13107,17043,0,0,0,70,68,100,2.7302359370752657e+23,71.1,0.0,74.2,2.7302370179391762e+23,74.0,1,49,50,180,0,52429,0,0,0.0,0.0,0.0,0.0,-0.0,67.0,0.0,162057.094,0.0,750,0,739,0,0,0,721,0,766,0,736,0,742,0,741,0,712,0,7520,0.032,79456894976.0,0.0,0.0,784,16797,-0.0,162057.094,-114818.039,-0.0,0.133,6.909358625270745e+28,30.0,65.0,35,0.0,0.0,0.0,0.0,0.0,0.0,0.0,0.0,0.0,0.0,0.0,0.0,0.0,0.0,0.0,0.0,69.2,0,150,71,54,65476,0,300,0,1,8,20529,65476,0,0,40632,65.0,0.0,0.0,0.0,0.0,0.0
2026-09-04T20:39:22,ERR,ERR,ERR,ERR,ERR,ERR,ERR,ERR,ERR,ERR,ERR,ERR,ERR,ERR,ERR,ERR,ERR,ERR,ERR,ERR,ERR,ERR,ERR,ERR,ERR,ERR,ERR,ERR,ERR,ERR,ERR,ERR,ERR,ERR,ERR,ERR,ERR,ERR,ERR,ERR,ERR,ERR,ERR,ERR,ERR,ERR,ERR,ERR,ERR,ERR,ERR,ERR,ERR,ERR,ERR,ERR,ERR,ERR,ERR,ERR,ERR,ERR,ERR,ERR,ERR,ERR,ERR,ERR,ERR,ERR,ERR,ERR,ERR,ERR,ERR,ERR,ERR,ERR,ERR,ERR,ERR,ERR,ERR,ERR,ERR,ERR,ERR,ERR,ERR,ERR,ERR,ERR,ERR,ERR,ERR,ERR,ERR,ERR,ERR,ERR,ERR,ERR,ERR,ERR,ERR,ERR,ERR,ERR,ERR,ERR,ERR,ERR,ERR,ERR,ERR,ERR,ERR,ERR,ERR,ERR,ERR,ERR,ERR,ERR,ERR,0.0,0.0,0.0,0.0,0.0,1.3936040501711995e+18,7.805,0.0,0,0,4,0,7116,0.0,100,0.0,0.0,0.0,0.0,0.0,0,0,0,0,0.0,0,0,0,0,0,0,0,0,0,0,0,0,0,0,0,0,0,0,0,0,0,0,0,0,0,0,0,0,0,0,0,0,0,31,40,40,71,65476,0,300,0,0,8,21553,0.0,-107605600.0,0.0,0.0,0.0,0.0,0.0,0.0,0.0,0.0,0.0,0.0,0.0,0.0,0.0,0.0,0.0,0.0,0.0,0.0,0.0,0.0,-2.004,-0.0,-0.0,-2.004,0.0,0.0,0.0,0.0,6246.0,-1.5879367200059895e+29,6942.0,0.0,0.0,2.7184303811560617e+23,0.0,0.0,0.0,0.0,0.0,69,-1.9056991512664474e+17,-107615184.0,0.0,0.0,0.0,0.0,0.0,0.0,0.0,0,0,0,0.0,0.0,0.0,0.0,0.0,0.0,0.0,0.0,0.0,0.0,0.0,0.0,0.0,0.0,0.0,0.0,0,-107875648.0,69,0.0,138,0.0,0.0,0,13107,17040,13107,17049,13107,17043,0,0,0,70,68,100,2.7302359370752657e+23,71.1,0.0,74.2,2.7302370179391762e+23,74.0,1,49,50,180,0,52429,0,0,0.0,0.0,0.0,0.0,-0.0,67.0,0.0,162057.094,0.0,750,0,739,0,0,0,721,0,766,0,736,0,742,0,741,0,712,0,7520,0.032,79456894976.0,0.0,0.0,784,16797,-0.0,162057.094,-114818.039,-0.0,0.133,6.909358625270745e+28,30.0,65.0,35,0.0,0.0,0.0,0.0,0.0,0.0,0.0,0.0,0.0,0.0,0.0,0.0,0.0,0.0,0.0,0.0,69.2,0,150,71,54,65476,0,300,0,1,8,20529,65476,0,0,40632,65.0,0.0,0.0,0.0,0.0,0.0
2026-09-04T20:39:23,ERR,ERR,ERR,ERR,ERR,ERR,ERR,ERR,ERR,ERR,ERR,ERR,ERR,ERR,ERR,ERR,ERR,ERR,ERR,ERR,ERR,ERR,ERR,ERR,ERR,ERR,ERR,ERR,ERR,ERR,ERR,ERR,ERR,ERR,ERR,ERR,ERR,ERR,ERR,ERR,ERR,ERR,ERR,ERR,ERR,ERR,ERR,ERR,ERR,ERR,ERR,ERR,ERR,ERR,ERR,ERR,ERR,ERR,ERR,ERR,ERR,ERR,ERR,ERR,ERR,ERR,ERR,ERR,ERR,ERR,ERR,ERR,ERR,ERR,ERR,ERR,ERR,ERR,ERR,ERR,ERR,ERR,ERR,ERR,ERR,ERR,ERR,ERR,ERR,ERR,ERR,ERR,ERR,ERR,ERR,ERR,ERR,ERR,ERR,ERR,ERR,ERR,ERR,ERR,ERR,ERR,ERR,ERR,ERR,ERR,ERR,ERR,ERR,ERR,ERR,ERR,ERR,ERR,ERR,ERR,ERR,ERR,ERR,ERR,ERR,0.0,0.0,0.0,0.0,0.0,1.3936040501711995e+18,7.805,0.0,0,0,4,0,7116,0.0,100,0.0,0.0,0.0,0.0,0.0,0,0,0,0,0.0,0,0,0,0,0,0,0,0,0,0,0,0,0,0,0,0,0,0,0,0,0,0,0,0,0,0,0,0,0,0,0,0,0,31,40,40,71,65476,0,300,0,0,8,21553,0.0,-107605600.0,0.0,0.0,0.0,0.0,0.0,0.0,0.0,0.0,0.0,0.0,0.0,0.0,0.0,0.0,0.0,0.0,0.0,0.0,0.0,0.0,-2.004,2.004,-0.0,-2.004,0.0,0.0,0.0,0.0,6277.0,-0.0,6935.0,0.0,0.0,2.7184303811560617e+23,0.0,0.0,0.0,0.0,0.0,69,-4.066882747792088e+29,-2.308837023356593e+20,0.0,0.0,0.0,0.0,0.0,0.0,0.0,0,0,0,0.0,0.0,0.0,0.0,0.0,0.0,0.0,0.0,0.0,0.0,0.0,0.0,0.0,0.0,0.0,0.0,0,-107875648.0,69,0.0,138,0.0,0.0,0,13107,17040,13107,17049,13107,17043,0,0,0,70,68,100,2.7302359370752657e+23,71.1,0.0,74.2,2.7302370179391762e+23,74.0,1,49,50,180,0,52429,0,0,0.0,0.0,0.0,0.0,-0.0,67.0,0.0,162057.094,0.0,750,0,739,0,0,0,721,0,766,0,736,0,742,0,741,0,712,0,7520,0.032,78920024064.0,0.0,0.0,784,16797,-0.0,162057.094,-114818.039,-0.0,0.133,6.909358625270745e+28,30.0,65.0,35,0.0,0.0,0.0,0.0,0.0,0.0,0.0,0.0,0.0,0.0,0.0,0.0,0.0,0.0,0.0,0.0,69.2,0,150,71,54,65476,0,300,0,1,8,20529,65476,0,0,40632,65.0,0.0,0.0,0.0,0.0,0.0
2026-09-04T20:39:24,ERR,ERR,ERR,ERR,ERR,ERR,ERR,ERR,ERR,ERR,ERR,ERR,ERR,ERR,ERR,ERR,ERR,ERR,ERR,ERR,ERR,ERR,ERR,ERR,ERR,ERR,ERR,ERR,ERR,ERR,ERR,ERR,ERR,ERR,ERR,ERR,ERR,ERR,ERR,ERR,ERR,ERR,ERR,ERR,ERR,ERR,ERR,ERR,ERR,ERR,ERR,ERR,ERR,ERR,ERR,ERR,ERR,ERR,ERR,ERR,ERR,ERR,ERR,ERR,ERR,ERR,ERR,ERR,ERR,ERR,ERR,ERR,ERR,ERR,ERR,ERR,ERR,ERR,ERR,ERR,ERR,ERR,ERR,ERR,ERR,ERR,ERR,ERR,ERR,ERR,ERR,ERR,ERR,ERR,ERR,ERR,ERR,ERR,ERR,ERR,ERR,ERR,ERR,ERR,ERR,ERR,ERR,ERR,ERR,ERR,ERR,ERR,ERR,ERR,ERR,ERR,ERR,ERR,ERR,ERR,ERR,ERR,ERR,ERR,ERR,0.0,0.0,0.0,0.0,0.0,1.3936040501711995e+18,7.805,0.0,0,0,4,0,7116,0.0,100,0.0,0.0,0.0,0.0,0.0,0,0,0,0,0.0,0,0,0,0,0,0,0,0,0,0,0,0,0,0,0,0,0,0,0,0,0,0,0,0,0,0,0,0,0,0,0,0,0,31,40,40,71,65476,0,300,0,0,8,21553,0.0,-107605600.0,0.0,0.0,0.0,0.0,0.0,0.0,0.0,0.0,0.0,0.0,0.0,0.0,0.0,0.0,0.0,0.0,0.0,0.0,0.0,0.0,-2.004,2.004,-0.0,-2.004,0.0,0.0,0.0,0.0,6277.0,-0.0,6935.0,0.0,0.0,2.7184303811560617e+23,0.0,0.0,0.0,0.0,0.0,69,-4.066882747792088e+29,-2.308837023356593e+20,0.0,0.0,0.0,0.0,0.0,0.0,0.0,0,0,0,0.0,0.0,0.0,0.0,0.0,0.0,0.0,0.0,0.0,0.0,0.0,0.0,0.0,0.0,0.0,0.0,0,-107875648.0,69,0.0,138,0.0,0.0,0,13107,17040,13107,17049,13107,17043,0,0,0,70,68,100,2.7302359370752657e+23,71.1,0.0,74.2,2.7302370179391762e+23,74.0,1,49,50,180,0,52429,0,0,0.0,0.0,0.0,0.0,-0.0,67.0,0.0,162057.094,0.0,750,0,739,0,0,0,721,0,766,0,736,0,742,0,741,0,712,0,7520,0.032,78920024064.0,0.0,0.0,784,16797,-0.0,162057.094,-114818.039,-0.0,0.133,6.909358625270745e+28,30.0,65.0,35,0.0,0.0,0.0,0.0,0.0,0.0,0.0,0.0,0.0,0.0,0.0,0.0,0.0,0.0,0.0,0.0,69.2,0,150,71,54,65476,0,300,0,1,8,20529,65476,0,0,40632,65.0,0.0,0.0,0.0,0.0,0.0
2026-09-04T20:39:25,ERR,ERR,ERR,ERR,ERR,ERR,ERR,ERR,ERR,ERR,ERR,ERR,ERR,ERR,ERR,ERR,ERR,ERR,ERR,ERR,ERR,ERR,ERR,ERR,ERR,ERR,ERR,ERR,ERR,ERR,ERR,ERR,ERR,ERR,ERR,ERR,ERR,ERR,ERR,ERR,ERR,ERR,ERR,ERR,ERR,ERR,ERR,ERR,ERR,ERR,ERR,ERR,ERR,ERR,ERR,ERR,ERR,ERR,ERR,ERR,ERR,ERR,ERR,ERR,ERR,ERR,ERR,ERR,ERR,ERR,ERR,ERR,ERR,ERR,ERR,ERR,ERR,ERR,ERR,ERR,ERR,ERR,ERR,ERR,ERR,ERR,ERR,ERR,ERR,ERR,ERR,ERR,ERR,ERR,ERR,ERR,ERR,ERR,ERR,ERR,ERR,ERR,ERR,ERR,ERR,ERR,ERR,ERR,ERR,ERR,ERR,ERR,ERR,ERR,ERR,ERR,ERR,ERR,ERR,ERR,ERR,ERR,ERR,ERR,ERR,0.0,0.0,0.0,0.0,0.0,1.3936040501711995e+18,7.805,0.0,0,0,4,0,7116,0.0,100,0.0,0.0,0.0,0.0,0.0,0,0,0,0,0.0,0,0,0,0,0,0,0,0,0,0,0,0,0,0,0,0,0,0,0,0,0,0,0,0,0,0,0,0,0,0,0,0,0,31,40,40,71,65476,0,300,0,0,8,21553,0.0,-107605600.0,0.0,0.0,0.0,0.0,0.0,0.0,0.0,0.0,0.0,0.0,0.0,0.0,0.0,0.0,0.0,0.0,0.0,0.0,0.0,0.0,-2.004,2.004,-0.0,-2.004,0.0,0.0,0.0,0.0,6277.0,-0.0,6935.0,0.0,0.0,2.7184303811560617e+23,0.0,0.0,0.0,0.0,0.0,69,-4.066882747792088e+29,-2.308837023356593e+20,0.0,0.0,0.0,0.0,0.0,0.0,0.0,0,0,0,0.0,0.0,0.0,0.0,0.0,0.0,0.0,0.0,0.0,0.0,0.0,0.0,0.0,0.0,0.0,0.0,0,-107875648.0,69,0.0,138,0.0,0.0,0,13107,17040,13107,17049,13107,17043,0,0,0,70,68,100,2.7302359370752657e+23,71.1,0.0,74.2,2.7302370179391762e+23,74.0,1,49,50,180,0,52429,0,0,0.0,0.0,0.0,0.0,-0.0,67.0,0.0,162057.094,0.0,750,0,739,0,0,0,721,0,766,0,736,0,742,0,741,0,712,0,7520,0.032,78920024064.0,0.0,0.0,784,16797,-0.0,162057.094,-114818.039,-0.0,0.133,6.909358625270745e+28,30.0,65.0,35,0.0,0.0,0.0,0.0,0.0,0.0,0.0,0.0,0.0,0.0,0.0,0.0,0.0,0.0,0.0,0.0,69.6,0,150,71,54,65476,0,300,0,1,8,20529,65476,0,0,40632,65.0,0.0,0.0,0.0,0.0,0.0
2026-09-04T20:39:26,ERR,ERR,ERR,ERR,ERR,ERR,ERR,ERR,ERR,ERR,ERR,ERR,ERR,ERR,ERR,ERR,ERR,ERR,ERR,ERR,ERR,ERR,ERR,ERR,ERR,ERR,ERR,ERR,ERR,ERR,ERR,ERR,ERR,ERR,ERR,ERR,ERR,ERR,ERR,ERR,ERR,ERR,ERR,ERR,ERR,ERR,ERR,ERR,ERR,ERR,ERR,ERR,ERR,ERR,ERR,ERR,ERR,ERR,ERR,ERR,ERR,ERR,ERR,ERR,ERR,ERR,ERR,ERR,ERR,ERR,ERR,ERR,ERR,ERR,ERR,ERR,ERR,ERR,ERR,ERR,ERR,ERR,ERR,ERR,ERR,ERR,ERR,ERR,ERR,ERR,ERR,ERR,ERR,ERR,ERR,ERR,ERR,ERR,ERR,ERR,ERR,ERR,ERR,ERR,ERR,ERR,ERR,ERR,ERR,ERR,ERR,ERR,ERR,ERR,ERR,ERR,ERR,ERR,ERR,ERR,ERR,ERR,ERR,ERR,ERR,0.0,0.0,0.0,0.0,0.0,1.3936040501711995e+18,7.805,0.0,0,0,4,0,7116,0.0,100,0.0,0.0,0.0,0.0,0.0,0,0,0,0,0.0,0,0,0,0,0,0,0,0,0,0,0,0,0,0,0,0,0,0,0,0,0,0,0,0,0,0,0,0,0,0,0,0,0,31,40,40,71,65476,0,300,0,0,8,21553,0.0,-107605600.0,0.0,0.0,0.0,0.0,0.0,0.0,0.0,0.0,0.0,0.0,0.0,0.0,0.0,0.0,0.0,0.0,0.0,0.0,0.0,0.0,-2.004,2.004,-0.0,-2.004,0.0,0.0,0.0,0.0,6277.0,-0.0,6935.0,0.0,0.0,2.7184303811560617e+23,0.0,0.0,0.0,0.0,0.0,69,-4.066882747792088e+29,-2.308837023356593e+20,0.0,0.0,0.0,0.0,0.0,0.0,0.0,0,0,0,0.0,0.0,0.0,0.0,0.0,0.0,0.0,0.0,0.0,0.0,0.0,0.0,0.0,0.0,0.0,0.0,0,-107875648.0,69,0.0,138,0.0,0.0,0,13107,17040,13107,17049,13107,17043,0,0,0,70,68,100,2.7302359370752657e+23,71.1,0.0,74.2,2.7302370179391762e+23,74.0,1,49,50,180,0,52429,0,0,0.0,0.0,0.0,0.0,-0.0,67.0,0.0,162057.094,0.0,750,0,739,0,0,0,721,0,766,0,736,0,742,0,741,0,712,0,7520,0.032,78920024064.0,0.0,0.0,784,16797,-0.0,162057.094,-114818.039,-0.0,0.133,6.909358625270745e+28,30.0,65.0,35,0.0,0.0,0.0,0.0,0.0,0.0,0.0,0.0,0.0,0.0,0.0,0.0,0.0,0.0,0.0,0.0,69.6,0,150,71,54,65476,0,300,0,1,8,20529,65476,0,0,40632,65.0,0.0,0.0,0.0,0.0,0.0
2026-09-04T20:39:27,ERR,ERR,ERR,ERR,ERR,ERR,ERR,ERR,ERR,ERR,ERR,ERR,ERR,ERR,ERR,ERR,ERR,ERR,ERR,ERR,ERR,ERR,ERR,ERR,ERR,ERR,ERR,ERR,ERR,ERR,ERR,ERR,ERR,ERR,ERR,ERR,ERR,ERR,ERR,ERR,ERR,ERR,ERR,ERR,ERR,ERR,ERR,ERR,ERR,ERR,ERR,ERR,ERR,ERR,ERR,ERR,ERR,ERR,ERR,ERR,ERR,ERR,ERR,ERR,ERR,ERR,ERR,ERR,ERR,ERR,ERR,ERR,ERR,ERR,ERR,ERR,ERR,ERR,ERR,ERR,ERR,ERR,ERR,ERR,ERR,ERR,ERR,ERR,ERR,ERR,ERR,ERR,ERR,ERR,ERR,ERR,ERR,ERR,ERR,ERR,ERR,ERR,ERR,ERR,ERR,ERR,ERR,ERR,ERR,ERR,ERR,ERR,ERR,ERR,ERR,ERR,ERR,ERR,ERR,ERR,ERR,ERR,ERR,ERR,ERR,0.0,0.0,0.0,0.0,0.0,1.3936040501711995e+18,7.805,0.0,0,0,4,0,7116,0.0,100,0.0,0.0,0.0,0.0,0.0,0,0,0,0,0.0,0,0,0,0,0,0,0,0,0,0,0,0,0,0,0,0,0,0,0,0,0,0,0,0,0,0,0,0,0,0,0,0,0,31,40,40,71,65476,0,300,0,0,8,21553,0.0,-107605600.0,0.0,0.0,0.0,0.0,0.0,0.0,0.0,0.0,0.0,0.0,0.0,0.0,0.0,0.0,0.0,0.0,0.0,0.0,0.0,0.0,-2.004,2.004,-0.0,-2.004,0.0,0.0,0.0,0.0,6277.0,-0.0,6935.0,0.0,0.0,2.7184303811560617e+23,0.0,0.0,0.0,0.0,0.0,69,-4.066882747792088e+29,-2.308837023356593e+20,0.0,0.0,0.0,0.0,0.0,0.0,0.0,0,0,0,0.0,0.0,0.0,0.0,0.0,0.0,0.0,0.0,0.0,0.0,0.0,0.0,0.0,0.0,0.0,0.0,0,-107875648.0,69,0.0,138,0.0,0.0,0,13107,17040,13107,17049,13107,17043,0,0,0,70,68,100,2.7302359370752657e+23,71.1,0.0,74.2,2.7302370179391762e+23,74.0,1,49,50,180,0,52429,0,0,0.0,0.0,0.0,0.0,-0.0,67.0,0.0,162057.094,0.0,750,0,739,0,0,0,721,0,766,0,736,0,742,0,741,0,712,0,7520,0.032,78920024064.0,0.0,0.0,784,16797,-0.0,162057.094,-114818.039,-0.0,0.133,6.909358625270745e+28,30.0,65.0,35,0.0,0.0,0.0,0.0,0.0,0.0,0.0,0.0,0.0,0.0,0.0,0.0,0.0,0.0,0.0,0.0,69.2,0,150,71,54,65476,0,300,0,1,8,20529,65476,0,0,40632,65.0,0.0,0.0,0.0,0.0,0.0
2026-09-04T20:39:28,ERR,ERR,ERR,ERR,ERR,ERR,ERR,ERR,ERR,ERR,ERR,ERR,ERR,ERR,ERR,ERR,ERR,ERR,ERR,ERR,ERR,ERR,ERR,ERR,ERR,ERR,ERR,ERR,ERR,ERR,ERR,ERR,ERR,ERR,ERR,ERR,ERR,ERR,ERR,ERR,ERR,ERR,ERR,ERR,ERR,ERR,ERR,ERR,ERR,ERR,ERR,ERR,ERR,ERR,ERR,ERR,ERR,ERR,ERR,ERR,ERR,ERR,ERR,ERR,ERR,ERR,ERR,ERR,ERR,ERR,ERR,ERR,ERR,ERR,ERR,ERR,ERR,ERR,ERR,ERR,ERR,ERR,ERR,ERR,ERR,ERR,ERR,ERR,ERR,ERR,ERR,ERR,ERR,ERR,ERR,ERR,ERR,ERR,ERR,ERR,ERR,ERR,ERR,ERR,ERR,ERR,ERR,ERR,ERR,ERR,ERR,ERR,ERR,ERR,ERR,ERR,ERR,ERR,ERR,ERR,ERR,ERR,ERR,ERR,ERR,0.0,0.0,0.0,0.0,0.0,1.3936040501711995e+18,7.805,0.0,0,0,4,0,7116,0.0,100,0.0,0.0,0.0,0.0,0.0,0,0,0,0,0.0,0,0,0,0,0,0,0,0,0,0,0,0,0,0,0,0,0,0,0,0,0,0,0,0,0,0,0,0,0,0,0,0,0,31,40,40,71,65476,0,300,0,0,8,21553,0.0,-107605600.0,0.0,0.0,0.0,0.0,0.0,0.0,0.0,0.0,0.0,0.0,0.0,0.0,0.0,0.0,0.0,0.0,0.0,0.0,0.0,0.0,-2.004,2.004,-0.0,-2.004,0.0,0.0,0.0,0.0,6277.0,-0.0,6935.0,0.0,0.0,2.7184303811560617e+23,0.0,0.0,0.0,0.0,0.0,69,-4.066882747792088e+29,-2.308837023356593e+20,0.0,0.0,0.0,0.0,0.0,0.0,0.0,0,0,0,0.0,0.0,0.0,0.0,0.0,0.0,0.0,0.0,0.0,0.0,0.0,0.0,0.0,0.0,0.0,0.0,0,-107875648.0,69,0.0,138,0.0,0.0,0,13107,17040,13107,17049,13107,17043,0,0,0,70,68,100,2.7302359370752657e+23,71.1,0.0,74.2,2.7302370179391762e+23,74.0,1,49,50,180,0,52429,0,0,0.0,0.0,0.0,0.0,-0.0,67.0,0.0,162057.094,0.0,750,0,739,0,0,0,721,0,766,0,736,0,742,0,741,0,712,0,7520,0.032,78920024064.0,0.0,0.0,784,16797,-0.0,162057.094,-114818.039,-0.0,0.133,6.909358625270745e+28,30.0,65.0,35,0.0,0.0,0.0,0.0,0.0,0.0,0.0,0.0,0.0,0.0,0.0,0.0,0.0,0.0,0.0,0.0,69.2,0,150,71,54,65476,0,300,0,1,8,20529,65476,0,0,40632,65.0,0.0,0.0,0.0,0.0,0.0
2026-09-04T20:39:29,ERR,ERR,ERR,ERR,ERR,ERR,ERR,ERR,ERR,ERR,ERR,ERR,ERR,ERR,ERR,ERR,ERR,ERR,ERR,ERR,ERR,ERR,ERR,ERR,ERR,ERR,ERR,ERR,ERR,ERR,ERR,ERR,ERR,ERR,ERR,ERR,ERR,ERR,ERR,ERR,ERR,ERR,ERR,ERR,ERR,ERR,ERR,ERR,ERR,ERR,ERR,ERR,ERR,ERR,ERR,ERR,ERR,ERR,ERR,ERR,ERR,ERR,ERR,ERR,ERR,ERR,ERR,ERR,ERR,ERR,ERR,ERR,ERR,ERR,ERR,ERR,ERR,ERR,ERR,ERR,ERR,ERR,ERR,ERR,ERR,ERR,ERR,ERR,ERR,ERR,ERR,ERR,ERR,ERR,ERR,ERR,ERR,ERR,ERR,ERR,ERR,ERR,ERR,ERR,ERR,ERR,ERR,ERR,ERR,ERR,ERR,ERR,ERR,ERR,ERR,ERR,ERR,ERR,ERR,ERR,ERR,ERR,ERR,ERR,ERR,0.0,0.0,0.0,0.0,0.0,1.3936040501711995e+18,7.805,0.0,0,0,4,0,7116,0.0,100,0.0,0.0,0.0,0.0,0.0,0,0,0,0,0.0,0,0,0,0,0,0,0,0,0,0,0,0,0,0,0,0,0,0,0,0,0,0,0,0,0,0,0,0,0,0,0,0,0,31,40,40,71,65476,0,300,0,0,8,21553,0.0,-107605600.0,0.0,0.0,0.0,0.0,0.0,0.0,0.0,0.0,0.0,0.0,0.0,0.0,0.0,0.0,0.0,0.0,0.0,0.0,0.0,0.0,-2.004,2.004,-0.0,-2.004,0.0,0.0,0.0,0.0,6277.0,-0.0,6935.0,0.0,0.0,2.7184303811560617e+23,0.0,0.0,0.0,0.0,0.0,69,-4.066882747792088e+29,-2.308837023356593e+20,0.0,0.0,0.0,0.0,0.0,0.0,0.0,0,0,0,0.0,0.0,0.0,0.0,0.0,0.0,0.0,0.0,0.0,0.0,0.0,0.0,0.0,0.0,0.0,0.0,0,-107875648.0,69,0.0,138,0.0,0.0,0,13107,17040,13107,17049,13107,17043,0,0,0,70,68,100,2.7302359370752657e+23,71.1,0.0,74.2,2.7302370179391762e+23,74.0,1,49,50,180,0,52429,0,0,0.0,0.0,0.0,0.0,-0.0,67.0,0.0,162057.094,0.0,750,0,739,0,0,0,721,0,766,0,736,0,742,0,741,0,712,0,7520,0.032,78920024064.0,0.0,0.0,784,16797,-0.0,162057.094,-114818.039,-0.0,0.133,6.909358625270745e+28,30.0,65.0,35,0.0,0.0,0.0,0.0,0.0,0.0,0.0,0.0,0.0,0.0,0.0,0.0,0.0,0.0,0.0,0.0,69.2,0,150,71,54,65476,0,300,0,1,8,20529,65476,0,0,40632,65.0,0.0,0.0,0.0,0.0,0.0
2026-09-04T20:39:30,ERR,ERR,ERR,ERR,ERR,ERR,ERR,ERR,ERR,ERR,ERR,ERR,ERR,ERR,ERR,ERR,ERR,ERR,ERR,ERR,ERR,ERR,ERR,ERR,ERR,ERR,ERR,ERR,ERR,ERR,ERR,ERR,ERR,ERR,ERR,ERR,ERR,ERR,ERR,ERR,ERR,ERR,ERR,ERR,ERR,ERR,ERR,ERR,ERR,ERR,ERR,ERR,ERR,ERR,ERR,ERR,ERR,ERR,ERR,ERR,ERR,ERR,ERR,ERR,ERR,ERR,ERR,ERR,ERR,ERR,ERR,ERR,ERR,ERR,ERR,ERR,ERR,ERR,ERR,ERR,ERR,ERR,ERR,ERR,ERR,ERR,ERR,ERR,ERR,ERR,ERR,ERR,ERR,ERR,ERR,ERR,ERR,ERR,ERR,ERR,ERR,ERR,ERR,ERR,ERR,ERR,ERR,ERR,ERR,ERR,ERR,ERR,ERR,ERR,ERR,ERR,ERR,ERR,ERR,ERR,ERR,ERR,ERR,ERR,ERR,0.0,0.0,0.0,0.0,0.0,1.3936040501711995e+18,7.805,0.0,0,0,4,0,7116,0.0,100,0.0,0.0,0.0,0.0,0.0,0,0,0,0,0.0,0,0,0,0,0,0,0,0,0,0,0,0,0,0,0,0,0,0,0,0,0,0,0,0,0,0,0,0,0,0,0,0,0,31,40,40,71,65476,0,300,0,0,8,21553,0.0,-107605600.0,0.0,0.0,0.0,0.0,0.0,0.0,0.0,0.0,0.0,0.0,0.0,0.0,0.0,0.0,0.0,0.0,0.0,0.0,0.0,0.0,-2.004,-0.0,-0.0,-2.004,0.0,0.0,0.0,0.0,6318.0,0.0,6917.0,0.0,0.0,2.7184303811560617e+23,0.0,0.0,0.0,0.0,0.0,69,0.0,1.9056948562991514e+17,0.0,0.0,0.0,0.0,0.0,0.0,0.0,0,0,0,0.0,0.0,0.0,0.0,0.0,0.0,0.0,0.0,0.0,0.0,0.0,0.0,0.0,0.0,0.0,0.0,0,-107875648.0,69,0.0,138,0.0,0.0,0,13107,17040,13107,17049,13107,17043,0,0,0,70,68,100,2.7302359370752657e+23,71.1,0.0,74.2,2.7302370179391762e+23,74.0,1,49,50,180,0,52429,0,0,0.0,0.0,0.0,0.0,-0.0,67.0,0.0,162057.094,0.0,750,0,739,0,0,0,721,0,766,0,736,0,742,0,741,0,712,0,7520,0.032,78920024064.0,0.0,0.0,784,16797,-0.0,162057.094,-114818.039,-0.0,0.133,6.909358625270745e+28,30.0,65.0,35,0.0,0.0,0.0,0.0,0.0,0.0,0.0,0.0,0.0,0.0,0.0,0.0,0.0,0.0,0.0,0.0,69.2,0,150,71,54,65476,0,300,0,1,8,20529,65476,0,0,40632,65.0,0.0,0.0,0.0,0.0,0.0
2026-09-04T20:39:31,ERR,ERR,ERR,ERR,ERR,ERR,ERR,ERR,ERR,ERR,ERR,ERR,ERR,ERR,ERR,ERR,ERR,ERR,ERR,ERR,ERR,ERR,ERR,ERR,ERR,ERR,ERR,ERR,ERR,ERR,ERR,ERR,ERR,ERR,ERR,ERR,ERR,ERR,ERR,ERR,ERR,ERR,ERR,ERR,ERR,ERR,ERR,ERR,ERR,ERR,ERR,ERR,ERR,ERR,ERR,ERR,ERR,ERR,ERR,ERR,ERR,ERR,ERR,ERR,ERR,ERR,ERR,ERR,ERR,ERR,ERR,ERR,ERR,ERR,ERR,ERR,ERR,ERR,ERR,ERR,ERR,ERR,ERR,ERR,ERR,ERR,ERR,ERR,ERR,ERR,ERR,ERR,ERR,ERR,ERR,ERR,ERR,ERR,ERR,ERR,ERR,ERR,ERR,ERR,ERR,ERR,ERR,ERR,ERR,ERR,ERR,ERR,ERR,ERR,ERR,ERR,ERR,ERR,ERR,ERR,ERR,ERR,ERR,ERR,ERR,0.0,0.0,0.0,0.0,0.0,1.3936040501711995e+18,7.805,0.0,0,0,4,0,7116,0.0,100,0.0,0.0,0.0,0.0,0.0,0,0,0,0,0.0,0,0,0,0,0,0,0,0,0,0,0,0,0,0,0,0,0,0,0,0,0,0,0,0,0,0,0,0,0,0,0,0,0,31,40,40,71,65476,0,300,0,0,8,21553,0.0,-107605600.0,0.0,0.0,0.0,0.0,0.0,0.0,0.0,0.0,0.0,0.0,0.0,0.0,0.0,0.0,0.0,0.0,0.0,0.0,0.0,0.0,-2.004,-0.0,-0.0,-2.004,0.0,0.0,0.0,0.0,6318.0,0.0,6917.0,0.0,0.0,2.7184303811560617e+23,0.0,0.0,0.0,0.0,0.0,69,0.0,1.9056948562991514e+17,0.0,0.0,0.0,0.0,0.0,0.0,0.0,0,0,0,0.0,0.0,0.0,0.0,0.0,0.0,0.0,0.0,0.0,0.0,0.0,0.0,0.0,0.0,0.0,0.0,0,-107875648.0,69,0.0,138,0.0,0.0,0,13107,17040,13107,17049,13107,17043,0,0,0,70,68,100,2.7302359370752657e+23,71.1,0.0,74.2,2.7302370179391762e+23,74.0,1,49,50,180,0,52429,0,0,0.0,0.0,0.0,0.0,-0.0,67.0,0.0,162057.094,0.0,750,0,739,0,0,0,721,0,766,0,736,0,742,0,741,0,712,0,7520,0.032,78920024064.0,0.0,0.0,784,16797,-0.0,162057.094,-114818.039,-0.0,0.133,6.909358625270745e+28,30.0,65.0,35,0.0,0.0,0.0,0.0,0.0,0.0,0.0,0.0,0.0,0.0,0.0,0.0,0.0,0.0,0.0,0.0,69.2,0,150,71,54,65476,0,300,0,1,8,20529,65476,0,0,40632,65.0,0.0,0.0,0.0,0.0,0.0
2026-09-04T20:39:32,ERR,ERR,ERR,ERR,ERR,ERR,ERR,ERR,ERR,ERR,ERR,ERR,ERR,ERR,ERR,ERR,ERR,ERR,ERR,ERR,ERR,ERR,ERR,ERR,ERR,ERR,ERR,ERR,ERR,ERR,ERR,ERR,ERR,ERR,ERR,ERR,ERR,ERR,ERR,ERR,ERR,ERR,ERR,ERR,ERR,ERR,ERR,ERR,ERR,ERR,ERR,ERR,ERR,ERR,ERR,ERR,ERR,ERR,ERR,ERR,ERR,ERR,ERR,ERR,ERR,ERR,ERR,ERR,ERR,ERR,ERR,ERR,ERR,ERR,ERR,ERR,ERR,ERR,ERR,ERR,ERR,ERR,ERR,ERR,ERR,ERR,ERR,ERR,ERR,ERR,ERR,ERR,ERR,ERR,ERR,ERR,ERR,ERR,ERR,ERR,ERR,ERR,ERR,ERR,ERR,ERR,ERR,ERR,ERR,ERR,ERR,ERR,ERR,ERR,ERR,ERR,ERR,ERR,ERR,ERR,ERR,ERR,ERR,ERR,ERR,0.0,0.0,0.0,0.0,0.0,1.3936040501711995e+18,7.805,0.0,0,0,4,0,7116,0.0,100,0.0,0.0,0.0,0.0,0.0,0,0,0,0,0.0,0,0,0,0,0,0,0,0,0,0,0,0,0,0,0,0,0,0,0,0,0,0,0,0,0,0,0,0,0,0,0,0,0,31,40,40,71,65476,0,300,0,0,8,21553,0.0,-107605600.0,0.0,0.0,0.0,0.0,0.0,0.0,0.0,0.0,0.0,0.0,0.0,0.0,0.0,0.0,0.0,0.0,0.0,0.0,0.0,0.0,-2.004,-0.0,-0.0,-2.004,0.0,0.0,0.0,0.0,6318.0,0.0,6917.0,0.0,0.0,2.7184303811560617e+23,0.0,0.0,0.0,0.0,0.0,69,0.0,1.9056948562991514e+17,0.0,0.0,0.0,0.0,0.0,0.0,0.0,0,0,0,0.0,0.0,0.0,0.0,0.0,0.0,0.0,0.0,0.0,0.0,0.0,0.0,0.0,0.0,0.0,0.0,0,-107875648.0,69,0.0,138,0.0,0.0,0,13107,17040,13107,17049,13107,17043,0,0,0,70,68,100,2.7302359370752657e+23,71.1,0.0,74.2,2.7302370179391762e+23,74.0,1,49,50,180,0,52429,0,0,0.0,0.0,0.0,0.0,-0.0,67.0,0.0,162057.094,0.0,750,0,739,0,0,0,721,0,766,0,736,0,742,0,741,0,712,0,7520,0.032,78920024064.0,0.0,0.0,784,16797,-0.0,162057.094,-114818.039,-0.0,0.133,6.909358625270745e+28,30.0,65.0,35,0.0,0.0,0.0,0.0,0.0,0.0,0.0,0.0,0.0,0.0,0.0,0.0,0.0,0.0,0.0,0.0,69.2,0,150,71,54,65476,0,300,0,1,8,20529,65476,0,0,40632,65.0,0.0,0.0,0.0,0.0,0.0
2026-09-04T20:39:33,ERR,ERR,ERR,ERR,ERR,ERR,ERR,ERR,ERR,ERR,ERR,ERR,ERR,ERR,ERR,ERR,ERR,ERR,ERR,ERR,ERR,ERR,ERR,ERR,ERR,ERR,ERR,ERR,ERR,ERR,ERR,ERR,ERR,ERR,ERR,ERR,ERR,ERR,ERR,ERR,ERR,ERR,ERR,ERR,ERR,ERR,ERR,ERR,ERR,ERR,ERR,ERR,ERR,ERR,ERR,ERR,ERR,ERR,ERR,ERR,ERR,ERR,ERR,ERR,ERR,ERR,ERR,ERR,ERR,ERR,ERR,ERR,ERR,ERR,ERR,ERR,ERR,ERR,ERR,ERR,ERR,ERR,ERR,ERR,ERR,ERR,ERR,ERR,ERR,ERR,ERR,ERR,ERR,ERR,ERR,ERR,ERR,ERR,ERR,ERR,ERR,ERR,ERR,ERR,ERR,ERR,ERR,ERR,ERR,ERR,ERR,ERR,ERR,ERR,ERR,ERR,ERR,ERR,ERR,ERR,ERR,ERR,ERR,ERR,ERR,0.0,0.0,0.0,0.0,0.0,1.3936040501711995e+18,7.805,0.0,0,0,4,0,7116,0.0,100,0.0,0.0,0.0,0.0,0.0,0,0,0,0,0.0,0,0,0,0,0,0,0,0,0,0,0,0,0,0,0,0,0,0,0,0,0,0,0,0,0,0,0,0,0,0,0,0,0,31,40,40,71,65476,0,300,0,0,8,21553,0.0,-107605600.0,0.0,0.0,0.0,0.0,0.0,0.0,0.0,0.0,0.0,0.0,0.0,0.0,0.0,0.0,0.0,0.0,0.0,0.0,0.0,0.0,-2.004,-0.0,-0.0,-2.004,0.0,0.0,0.0,0.0,6318.0,0.0,6917.0,0.0,0.0,2.7184303811560617e+23,0.0,0.0,0.0,0.0,0.0,69,0.0,1.9056948562991514e+17,0.0,0.0,0.0,0.0,0.0,0.0,0.0,0,0,0,0.0,0.0,0.0,0.0,0.0,0.0,0.0,0.0,0.0,0.0,0.0,0.0,0.0,0.0,0.0,0.0,0,-107875648.0,69,0.0,138,0.0,0.0,0,13107,17040,13107,17049,13107,17043,0,0,0,70,68,100,2.7302359370752657e+23,71.1,0.0,74.2,2.7302370179391762e+23,74.0,1,49,50,180,0,52429,0,0,0.0,0.0,0.0,0.0,-0.0,67.0,0.0,162057.094,0.0,750,0,739,0,0,0,721,0,766,0,736,0,742,0,741,0,712,0,7520,0.032,78920024064.0,0.0,0.0,784,16797,-0.0,162057.094,-114818.039,-0.0,0.133,6.909358625270745e+28,30.0,65.0,35,0.0,0.0,0.0,0.0,0.0,0.0,0.0,0.0,0.0,0.0,0.0,0.0,0.0,0.0,0.0,0.0,69.2,0,150,71,54,65476,0,300,0,1,8,20529,65476,0,0,40632,65.0,0.0,0.0,0.0,0.0,0.0
2026-09-04T20:39:34,ERR,ERR,ERR,ERR,ERR,ERR,ERR,ERR,ERR,ERR,ERR,ERR,ERR,ERR,ERR,ERR,ERR,ERR,ERR,ERR,ERR,ERR,ERR,ERR,ERR,ERR,ERR,ERR,ERR,ERR,ERR,ERR,ERR,ERR,ERR,ERR,ERR,ERR,ERR,ERR,ERR,ERR,ERR,ERR,ERR,ERR,ERR,ERR,ERR,ERR,ERR,ERR,ERR,ERR,ERR,ERR,ERR,ERR,ERR,ERR,ERR,ERR,ERR,ERR,ERR,ERR,ERR,ERR,ERR,ERR,ERR,ERR,ERR,ERR,ERR,ERR,ERR,ERR,ERR,ERR,ERR,ERR,ERR,ERR,ERR,ERR,ERR,ERR,ERR,ERR,ERR,ERR,ERR,ERR,ERR,ERR,ERR,ERR,ERR,ERR,ERR,ERR,ERR,ERR,ERR,ERR,ERR,ERR,ERR,ERR,ERR,ERR,ERR,ERR,ERR,ERR,ERR,ERR,ERR,ERR,ERR,ERR,ERR,ERR,ERR,0.0,0.0,0.0,0.0,0.0,1.3936040501711995e+18,7.805,0.0,0,0,4,0,7116,0.0,100,0.0,0.0,0.0,0.0,0.0,0,0,0,0,0.0,0,0,0,0,0,0,0,0,0,0,0,0,0,0,0,0,0,0,0,0,0,0,0,0,0,0,0,0,0,0,0,0,0,31,40,40,71,65476,0,300,0,0,8,21553,0.0,-107605600.0,0.0,0.0,0.0,0.0,0.0,0.0,0.0,0.0,0.0,0.0,0.0,0.0,0.0,0.0,0.0,0.0,0.0,0.0,0.0,0.0,-2.004,-0.0,-0.0,-2.004,0.0,0.0,0.0,0.0,6318.0,0.0,6917.0,0.0,0.0,2.7184303811560617e+23,0.0,0.0,0.0,0.0,0.0,69,0.0,1.9056948562991514e+17,0.0,0.0,0.0,0.0,0.0,0.0,0.0,0,0,0,0.0,0.0,0.0,0.0,0.0,0.0,0.0,0.0,0.0,0.0,0.0,0.0,0.0,0.0,0.0,0.0,0,-107875648.0,69,0.0,138,0.0,0.0,0,13107,17040,13107,17049,13107,17043,0,0,0,70,68,100,2.7302359370752657e+23,71.1,0.0,74.2,2.7302370179391762e+23,74.0,1,49,50,180,0,52429,0,0,0.0,0.0,0.0,0.0,-0.0,67.0,0.0,162057.094,0.0,750,0,739,0,0,0,721,0,766,0,736,0,742,0,742,0,712,0,7520,0.032,79456894976.0,0.0,0.0,784,16797,-0.0,162057.094,-114818.039,-0.0,0.133,6.909358625270745e+28,30.0,65.0,35,0.0,0.0,0.0,0.0,0.0,0.0,0.0,0.0,0.0,0.0,0.0,0.0,0.0,0.0,0.0,0.0,69.2,0,150,71,54,65476,0,300,0,1,8,20529,65476,0,0,40632,65.0,0.0,0.0,0.0,0.0,0.0
2026-09-04T20:39:35,ERR,ERR,ERR,ERR,ERR,ERR,ERR,ERR,ERR,ERR,ERR,ERR,ERR,ERR,ERR,ERR,ERR,ERR,ERR,ERR,ERR,ERR,ERR,ERR,ERR,ERR,ERR,ERR,ERR,ERR,ERR,ERR,ERR,ERR,ERR,ERR,ERR,ERR,ERR,ERR,ERR,ERR,ERR,ERR,ERR,ERR,ERR,ERR,ERR,ERR,ERR,ERR,ERR,ERR,ERR,ERR,ERR,ERR,ERR,ERR,ERR,ERR,ERR,ERR,ERR,ERR,ERR,ERR,ERR,ERR,ERR,ERR,ERR,ERR,ERR,ERR,ERR,ERR,ERR,ERR,ERR,ERR,ERR,ERR,ERR,ERR,ERR,ERR,ERR,ERR,ERR,ERR,ERR,ERR,ERR,ERR,ERR,ERR,ERR,ERR,ERR,ERR,ERR,ERR,ERR,ERR,ERR,ERR,ERR,ERR,ERR,ERR,ERR,ERR,ERR,ERR,ERR,ERR,ERR,ERR,ERR,ERR,ERR,ERR,ERR,0.0,0.0,0.0,0.0,0.0,1.3936040501711995e+18,7.805,0.0,0,0,4,0,7116,0.0,100,0.0,0.0,0.0,0.0,0.0,0,0,0,0,0.0,0,0,0,0,0,0,0,0,0,0,0,0,0,0,0,0,0,0,0,0,0,0,0,0,0,0,0,0,0,0,0,0,0,31,40,40,71,65476,0,300,0,0,8,21553,0.0,-107605600.0,0.0,0.0,0.0,0.0,0.0,0.0,0.0,0.0,0.0,0.0,0.0,0.0,0.0,0.0,0.0,0.0,0.0,0.0,0.0,0.0,-2.004,-0.0,-0.0,-2.004,0.0,0.0,0.0,0.0,6318.0,0.0,6917.0,0.0,0.0,2.7184303811560617e+23,0.0,0.0,0.0,0.0,0.0,69,0.0,1.9056948562991514e+17,0.0,0.0,0.0,0.0,0.0,0.0,0.0,0,0,0,0.0,0.0,0.0,0.0,0.0,0.0,0.0,0.0,0.0,0.0,0.0,0.0,0.0,0.0,0.0,0.0,0,-107875648.0,69,0.0,138,0.0,0.0,0,13107,17040,13107,17049,13107,17043,0,0,0,70,68,100,2.7302359370752657e+23,71.1,0.0,74.2,2.7302370179391762e+23,74.0,1,49,50,180,0,52429,0,0,0.0,0.0,0.0,0.0,-0.0,67.0,0.0,162057.094,0.0,750,0,739,0,0,0,721,0,766,0,736,0,742,0,742,0,712,0,7520,0.032,79456894976.0,0.0,0.0,784,16797,-0.0,162057.094,-114818.039,-0.0,0.133,6.909358625270745e+28,30.0,65.0,35,0.0,0.0,0.0,0.0,0.0,0.0,0.0,0.0,0.0,0.0,0.0,0.0,0.0,0.0,0.0,0.0,69.2,0,150,71,54,65476,0,300,0,1,8,20529,65476,0,0,40632,65.0,0.0,0.0,0.0,0.0,0.0
2026-09-04T20:39:36,ERR,ERR,ERR,ERR,ERR,ERR,ERR,ERR,ERR,ERR,ERR,ERR,ERR,ERR,ERR,ERR,ERR,ERR,ERR,ERR,ERR,ERR,ERR,ERR,ERR,ERR,ERR,ERR,ERR,ERR,ERR,ERR,ERR,ERR,ERR,ERR,ERR,ERR,ERR,ERR,ERR,ERR,ERR,ERR,ERR,ERR,ERR,ERR,ERR,ERR,ERR,ERR,ERR,ERR,ERR,ERR,ERR,ERR,ERR,ERR,ERR,ERR,ERR,ERR,ERR,ERR,ERR,ERR,ERR,ERR,ERR,ERR,ERR,ERR,ERR,ERR,ERR,ERR,ERR,ERR,ERR,ERR,ERR,ERR,ERR,ERR,ERR,ERR,ERR,ERR,ERR,ERR,ERR,ERR,ERR,ERR,ERR,ERR,ERR,ERR,ERR,ERR,ERR,ERR,ERR,ERR,ERR,ERR,ERR,ERR,ERR,ERR,ERR,ERR,ERR,ERR,ERR,ERR,ERR,ERR,ERR,ERR,ERR,ERR,ERR,0.0,0.0,0.0,0.0,0.0,1.3936040501711995e+18,7.805,0.0,0,0,4,0,7116,0.0,100,0.0,0.0,0.0,0.0,0.0,0,0,0,0,0.0,0,0,0,0,0,0,0,0,0,0,0,0,0,0,0,0,0,0,0,0,0,0,0,0,0,0,0,0,0,0,0,0,0,31,40,40,71,65476,0,300,0,0,8,21553,0.0,-107605600.0,0.0,0.0,0.0,0.0,0.0,0.0,0.0,0.0,0.0,0.0,0.0,0.0,0.0,0.0,0.0,0.0,0.0,0.0,0.0,0.0,-2.004,-0.0,-0.0,-2.004,0.0,0.0,0.0,0.0,6318.0,0.0,6917.0,0.0,0.0,2.7184303811560617e+23,0.0,0.0,0.0,0.0,0.0,69,0.0,1.9056948562991514e+17,0.0,0.0,0.0,0.0,0.0,0.0,0.0,0,0,0,0.0,0.0,0.0,0.0,0.0,0.0,0.0,0.0,0.0,0.0,0.0,0.0,0.0,0.0,0.0,0.0,0,-107875648.0,69,0.0,138,0.0,0.0,0,13107,17040,13107,17049,13107,17043,0,0,0,70,68,100,2.7302359370752657e+23,71.1,0.0,74.2,2.7302370179391762e+23,74.0,1,49,50,180,0,52429,0,0,0.0,0.0,0.0,0.0,-0.0,67.0,0.0,162057.094,0.0,750,0,739,0,0,0,721,0,766,0,736,0,742,0,742,0,712,0,7520,0.032,79456894976.0,0.0,0.0,784,16797,-0.0,162057.094,-114818.039,-0.0,0.133,6.909358625270745e+28,30.0,65.0,35,0.0,0.0,0.0,0.0,0.0,0.0,0.0,0.0,0.0,0.0,0.0,0.0,0.0,0.0,0.0,0.0,69.2,0,150,71,54,65476,0,300,0,1,8,20529,65476,0,0,40632,65.0,0.0,0.0,0.0,0.0,0.0
2026-09-04T20:39:37,ERR,ERR,ERR,ERR,ERR,ERR,ERR,ERR,ERR,ERR,ERR,ERR,ERR,ERR,ERR,ERR,ERR,ERR,ERR,ERR,ERR,ERR,ERR,ERR,ERR,ERR,ERR,ERR,ERR,ERR,ERR,ERR,ERR,ERR,ERR,ERR,ERR,ERR,ERR,ERR,ERR,ERR,ERR,ERR,ERR,ERR,ERR,ERR,ERR,ERR,ERR,ERR,ERR,ERR,ERR,ERR,ERR,ERR,ERR,ERR,ERR,ERR,ERR,ERR,ERR,ERR,ERR,ERR,ERR,ERR,ERR,ERR,ERR,ERR,ERR,ERR,ERR,ERR,ERR,ERR,ERR,ERR,ERR,ERR,ERR,ERR,ERR,ERR,ERR,ERR,ERR,ERR,ERR,ERR,ERR,ERR,ERR,ERR,ERR,ERR,ERR,ERR,ERR,ERR,ERR,ERR,ERR,ERR,ERR,ERR,ERR,ERR,ERR,ERR,ERR,ERR,ERR,ERR,ERR,ERR,ERR,ERR,ERR,ERR,ERR,0.0,0.0,0.0,0.0,0.0,1.3936040501711995e+18,7.805,0.0,0,0,4,0,7116,0.0,100,0.0,0.0,0.0,0.0,0.0,0,0,0,0,0.0,0,0,0,0,0,0,0,0,0,0,0,0,0,0,0,0,0,0,0,0,0,0,0,0,0,0,0,0,0,0,0,0,0,31,40,40,71,65476,0,300,0,0,8,21553,0.0,-107605600.0,0.0,0.0,0.0,0.0,0.0,0.0,0.0,0.0,0.0,0.0,0.0,0.0,0.0,0.0,0.0,0.0,0.0,0.0,0.0,0.0,-2.004,-0.0,-0.0,-2.004,0.0,0.0,0.0,0.0,6318.0,0.0,6917.0,0.0,0.0,2.7184303811560617e+23,0.0,0.0,0.0,0.0,0.0,69,0.0,1.9056948562991514e+17,0.0,0.0,0.0,0.0,0.0,0.0,0.0,0,0,0,0.0,0.0,0.0,0.0,0.0,0.0,0.0,0.0,0.0,0.0,0.0,0.0,0.0,0.0,0.0,0.0,0,-107875648.0,69,0.0,138,0.0,0.0,0,13107,17040,13107,17049,13107,17043,0,0,0,70,68,100,2.7302359370752657e+23,71.1,0.0,74.2,2.7302370179391762e+23,74.0,1,49,50,180,0,52429,0,0,0.0,0.0,0.0,0.0,-0.0,67.0,0.0,162057.094,0.0,750,0,739,0,0,0,721,0,766,0,736,0,742,0,742,0,712,0,7520,0.032,79456894976.0,0.0,0.0,784,16797,-0.0,162057.094,-114818.039,-0.0,0.133,6.909358625270745e+28,30.0,65.0,35,0.0,0.0,0.0,0.0,0.0,0.0,0.0,0.0,0.0,0.0,0.0,0.0,0.0,0.0,0.0,0.0,69.2,0,150,71,54,65476,0,300,0,1,8,20529,65476,0,0,40632,65.0,0.0,0.0,0.0,0.0,0.0
2026-09-04T20:39:38,ERR,ERR,ERR,ERR,ERR,ERR,ERR,ERR,ERR,ERR,ERR,ERR,ERR,ERR,ERR,ERR,ERR,ERR,ERR,ERR,ERR,ERR,ERR,ERR,ERR,ERR,ERR,ERR,ERR,ERR,ERR,ERR,ERR,ERR,ERR,ERR,ERR,ERR,ERR,ERR,ERR,ERR,ERR,ERR,ERR,ERR,ERR,ERR,ERR,ERR,ERR,ERR,ERR,ERR,ERR,ERR,ERR,ERR,ERR,ERR,ERR,ERR,ERR,ERR,ERR,ERR,ERR,ERR,ERR,ERR,ERR,ERR,ERR,ERR,ERR,ERR,ERR,ERR,ERR,ERR,ERR,ERR,ERR,ERR,ERR,ERR,ERR,ERR,ERR,ERR,ERR,ERR,ERR,ERR,ERR,ERR,ERR,ERR,ERR,ERR,ERR,ERR,ERR,ERR,ERR,ERR,ERR,ERR,ERR,ERR,ERR,ERR,ERR,ERR,ERR,ERR,ERR,ERR,ERR,ERR,ERR,ERR,ERR,ERR,ERR,0.0,0.0,0.0,0.0,0.0,1.3936040501711995e+18,7.805,0.0,0,0,4,0,7116,0.0,100,0.0,0.0,0.0,0.0,0.0,0,0,0,0,0.0,0,0,0,0,0,0,0,0,0,0,0,0,0,0,0,0,0,0,0,0,0,0,0,0,0,0,0,0,0,0,0,0,0,31,40,40,71,65476,0,300,0,0,8,21553,0.0,-107605600.0,0.0,0.0,0.0,0.0,0.0,0.0,0.0,0.0,0.0,0.0,0.0,0.0,0.0,0.0,0.0,0.0,0.0,0.0,0.0,0.0,-2.004,2.004,-0.0,-2.004,0.0,0.0,0.0,0.0,6312.0,-0.0,6928.0,0.0,0.0,2.7184303811560617e+23,0.0,0.0,0.0,0.0,0.0,69,-3.222031175229641e+26,-107615200.0,0.0,0.0,0.0,0.0,0.0,0.0,0.0,0,0,0,0.0,0.0,0.0,0.0,0.0,0.0,0.0,0.0,0.0,0.0,0.0,0.0,0.0,0.0,0.0,0.0,0,-107875648.0,69,0.0,138,0.0,0.0,0,13107,17040,13107,17049,13107,17043,0,0,0,70,68,100,2.7302359370752657e+23,71.1,0.0,74.2,2.7302370179391762e+23,74.0,1,49,50,180,0,52429,0,0,0.0,0.0,0.0,0.0,-0.0,67.0,0.0,162057.094,0.0,750,0,739,0,0,0,721,0,766,0,736,0,742,0,742,0,712,0,7520,0.032,79456894976.0,0.0,0.0,784,16797,-0.0,162057.094,-114818.039,-0.0,0.133,6.909358625270745e+28,30.0,65.0,35,0.0,0.0,0.0,0.0,0.0,0.0,0.0,0.0,0.0,0.0,0.0,0.0,0.0,0.0,0.0,0.0,69.2,0,150,71,54,65476,0,300,0,1,8,20529,65476,0,0,40632,65.0,0.0,0.0,0.0,0.0,0.0
2026-09-04T20:39:39,ERR,ERR,ERR,ERR,ERR,ERR,ERR,ERR,ERR,ERR,ERR,ERR,ERR,ERR,ERR,ERR,ERR,ERR,ERR,ERR,ERR,ERR,ERR,ERR,ERR,ERR,ERR,ERR,ERR,ERR,ERR,ERR,ERR,ERR,ERR,ERR,ERR,ERR,ERR,ERR,ERR,ERR,ERR,ERR,ERR,ERR,ERR,ERR,ERR,ERR,ERR,ERR,ERR,ERR,ERR,ERR,ERR,ERR,ERR,ERR,ERR,ERR,ERR,ERR,ERR,ERR,ERR,ERR,ERR,ERR,ERR,ERR,ERR,ERR,ERR,ERR,ERR,ERR,ERR,ERR,ERR,ERR,ERR,ERR,ERR,ERR,ERR,ERR,ERR,ERR,ERR,ERR,ERR,ERR,ERR,ERR,ERR,ERR,ERR,ERR,ERR,ERR,ERR,ERR,ERR,ERR,ERR,ERR,ERR,ERR,ERR,ERR,ERR,ERR,ERR,ERR,ERR,ERR,ERR,ERR,ERR,ERR,ERR,ERR,ERR,0.0,0.0,0.0,0.0,0.0,1.3936040501711995e+18,7.805,0.0,0,0,4,0,7116,0.0,100,0.0,0.0,0.0,0.0,0.0,0,0,0,0,0.0,0,0,0,0,0,0,0,0,0,0,0,0,0,0,0,0,0,0,0,0,0,0,0,0,0,0,0,0,0,0,0,0,0,31,40,40,71,65476,0,300,0,0,8,21553,0.0,-107605600.0,0.0,0.0,0.0,0.0,0.0,0.0,0.0,0.0,0.0,0.0,0.0,0.0,0.0,0.0,0.0,0.0,0.0,0.0,0.0,0.0,-2.004,2.004,-0.0,-2.004,0.0,0.0,0.0,0.0,6312.0,-0.0,6928.0,0.0,0.0,2.7184303811560617e+23,0.0,0.0,0.0,0.0,0.0,69,-3.222031175229641e+26,-107615200.0,0.0,0.0,0.0,0.0,0.0,0.0,0.0,0,0,0,0.0,0.0,0.0,0.0,0.0,0.0,0.0,0.0,0.0,0.0,0.0,0.0,0.0,0.0,0.0,0.0,0,-107875648.0,69,0.0,138,0.0,0.0,0,13107,17040,13107,17049,13107,17043,0,0,0,70,68,100,2.7302359370752657e+23,71.1,0.0,74.2,2.7302370179391762e+23,74.0,1,49,50,180,0,52429,0,0,0.0,0.0,0.0,0.0,-0.0,67.0,0.0,162057.094,0.0,750,0,739,0,0,0,721,0,766,0,736,0,742,0,741,0,712,0,7520,0.032,79456894976.0,0.0,0.0,784,16797,-0.0,162057.094,-114818.039,-0.0,0.133,6.909358625270745e+28,30.0,65.0,35,0.0,0.0,0.0,0.0,0.0,0.0,0.0,0.0,0.0,0.0,0.0,0.0,0.0,0.0,0.0,0.0,69.2,0,150,71,54,65476,0,300,0,1,8,20529,65476,0,0,40632,65.0,0.0,0.0,0.0,0.0,0.0
2026-09-04T20:39:40,ERR,ERR,ERR,ERR,ERR,ERR,ERR,ERR,ERR,ERR,ERR,ERR,ERR,ERR,ERR,ERR,ERR,ERR,ERR,ERR,ERR,ERR,ERR,ERR,ERR,ERR,ERR,ERR,ERR,ERR,ERR,ERR,ERR,ERR,ERR,ERR,ERR,ERR,ERR,ERR,ERR,ERR,ERR,ERR,ERR,ERR,ERR,ERR,ERR,ERR,ERR,ERR,ERR,ERR,ERR,ERR,ERR,ERR,ERR,ERR,ERR,ERR,ERR,ERR,ERR,ERR,ERR,ERR,ERR,ERR,ERR,ERR,ERR,ERR,ERR,ERR,ERR,ERR,ERR,ERR,ERR,ERR,ERR,ERR,ERR,ERR,ERR,ERR,ERR,ERR,ERR,ERR,ERR,ERR,ERR,ERR,ERR,ERR,ERR,ERR,ERR,ERR,ERR,ERR,ERR,ERR,ERR,ERR,ERR,ERR,ERR,ERR,ERR,ERR,ERR,ERR,ERR,ERR,ERR,ERR,ERR,ERR,ERR,ERR,ERR,0.0,0.0,0.0,0.0,0.0,1.3936040501711995e+18,7.805,0.0,0,0,4,0,7116,0.0,100,0.0,0.0,0.0,0.0,0.0,0,0,0,0,0.0,0,0,0,0,0,0,0,0,0,0,0,0,0,0,0,0,0,0,0,0,0,0,0,0,0,0,0,0,0,0,0,0,0,31,40,40,71,65476,0,300,0,0,8,21553,0.0,-107605600.0,0.0,0.0,0.0,0.0,0.0,0.0,0.0,0.0,0.0,0.0,0.0,0.0,0.0,0.0,0.0,0.0,0.0,0.0,0.0,0.0,-2.004,2.004,-0.0,-2.004,0.0,0.0,0.0,0.0,6312.0,-0.0,6928.0,0.0,0.0,2.7184303811560617e+23,0.0,0.0,0.0,0.0,0.0,69,-3.222031175229641e+26,-107615200.0,0.0,0.0,0.0,0.0,0.0,0.0,0.0,0,0,0,0.0,0.0,0.0,0.0,0.0,0.0,0.0,0.0,0.0,0.0,0.0,0.0,0.0,0.0,0.0,0.0,0,-107875648.0,69,0.0,138,0.0,0.0,0,13107,17040,13107,17049,13107,17043,0,0,0,70,68,100,2.7302359370752657e+23,71.1,0.0,74.2,2.7302370179391762e+23,74.0,1,49,50,180,0,52429,0,0,0.0,0.0,0.0,0.0,-0.0,67.0,0.0,162057.094,0.0,750,0,739,0,0,0,721,0,766,0,736,0,742,0,741,0,712,0,7520,0.032,79456894976.0,0.0,0.0,784,16797,-0.0,162057.094,-114818.039,-0.0,0.133,6.909358625270745e+28,30.0,65.0,35,0.0,0.0,0.0,0.0,0.0,0.0,0.0,0.0,0.0,0.0,0.0,0.0,0.0,0.0,0.0,0.0,69.2,0,150,71,54,65476,0,300,0,1,8,20529,65476,0,0,40632,65.0,0.0,0.0,0.0,0.0,0.0
2026-09-04T20:39:41,ERR,ERR,ERR,ERR,ERR,ERR,ERR,ERR,ERR,ERR,ERR,ERR,ERR,ERR,ERR,ERR,ERR,ERR,ERR,ERR,ERR,ERR,ERR,ERR,ERR,ERR,ERR,ERR,ERR,ERR,ERR,ERR,ERR,ERR,ERR,ERR,ERR,ERR,ERR,ERR,ERR,ERR,ERR,ERR,ERR,ERR,ERR,ERR,ERR,ERR,ERR,ERR,ERR,ERR,ERR,ERR,ERR,ERR,ERR,ERR,ERR,ERR,ERR,ERR,ERR,ERR,ERR,ERR,ERR,ERR,ERR,ERR,ERR,ERR,ERR,ERR,ERR,ERR,ERR,ERR,ERR,ERR,ERR,ERR,ERR,ERR,ERR,ERR,ERR,ERR,ERR,ERR,ERR,ERR,ERR,ERR,ERR,ERR,ERR,ERR,ERR,ERR,ERR,ERR,ERR,ERR,ERR,ERR,ERR,ERR,ERR,ERR,ERR,ERR,ERR,ERR,ERR,ERR,ERR,ERR,ERR,ERR,ERR,ERR,ERR,0.0,0.0,0.0,0.0,0.0,1.3936040501711995e+18,7.805,0.0,0,0,4,0,7116,0.0,100,0.0,0.0,0.0,0.0,0.0,0,0,0,0,0.0,0,0,0,0,0,0,0,0,0,0,0,0,0,0,0,0,0,0,0,0,0,0,0,0,0,0,0,0,0,0,0,0,0,31,40,40,71,65476,0,300,0,0,8,21553,0.0,-107605600.0,0.0,0.0,0.0,0.0,0.0,0.0,0.0,0.0,0.0,0.0,0.0,0.0,0.0,0.0,0.0,0.0,0.0,0.0,0.0,0.0,-2.004,2.004,-0.0,-2.004,0.0,0.0,0.0,0.0,6312.0,-0.0,6928.0,0.0,0.0,2.7184303811560617e+23,0.0,0.0,0.0,0.0,0.0,69,-3.222031175229641e+26,-107615200.0,0.0,0.0,0.0,0.0,0.0,0.0,0.0,0,0,0,0.0,0.0,0.0,0.0,0.0,0.0,0.0,0.0,0.0,0.0,0.0,0.0,0.0,0.0,0.0,0.0,0,-107875648.0,69,0.0,138,0.0,0.0,0,13107,17040,13107,17049,13107,17043,0,0,0,70,68,100,2.7302359370752657e+23,71.1,0.0,74.2,2.7302370179391762e+23,74.0,1,49,50,180,0,52429,0,0,0.0,0.0,0.0,0.0,-0.0,67.0,0.0,162057.094,0.0,750,0,739,0,0,0,721,0,766,0,736,0,742,0,741,0,712,0,7520,0.032,79456894976.0,0.0,0.0,784,16797,-0.0,162057.094,-114818.039,-0.0,0.133,6.909358625270745e+28,30.0,65.0,35,0.0,0.0,0.0,0.0,0.0,0.0,0.0,0.0,0.0,0.0,0.0,0.0,0.0,0.0,0.0,0.0,69.2,0,150,71,54,65476,0,300,0,1,8,20529,65476,0,0,40632,65.0,0.0,0.0,0.0,0.0,0.0
2026-09-04T20:39:42,ERR,ERR,ERR,ERR,ERR,ERR,ERR,ERR,ERR,ERR,ERR,ERR,ERR,ERR,ERR,ERR,ERR,ERR,ERR,ERR,ERR,ERR,ERR,ERR,ERR,ERR,ERR,ERR,ERR,ERR,ERR,ERR,ERR,ERR,ERR,ERR,ERR,ERR,ERR,ERR,ERR,ERR,ERR,ERR,ERR,ERR,ERR,ERR,ERR,ERR,ERR,ERR,ERR,ERR,ERR,ERR,ERR,ERR,ERR,ERR,ERR,ERR,ERR,ERR,ERR,ERR,ERR,ERR,ERR,ERR,ERR,ERR,ERR,ERR,ERR,ERR,ERR,ERR,ERR,ERR,ERR,ERR,ERR,ERR,ERR,ERR,ERR,ERR,ERR,ERR,ERR,ERR,ERR,ERR,ERR,ERR,ERR,ERR,ERR,ERR,ERR,ERR,ERR,ERR,ERR,ERR,ERR,ERR,ERR,ERR,ERR,ERR,ERR,ERR,ERR,ERR,ERR,ERR,ERR,ERR,ERR,ERR,ERR,ERR,ERR,0.0,0.0,0.0,0.0,0.0,1.3936040501711995e+18,7.805,0.0,0,0,4,0,7116,0.0,100,0.0,0.0,0.0,0.0,0.0,0,0,0,0,0.0,0,0,0,0,0,0,0,0,0,0,0,0,0,0,0,0,0,0,0,0,0,0,0,0,0,0,0,0,0,0,0,0,0,31,40,40,71,65476,0,300,0,0,8,21553,0.0,-107605600.0,0.0,0.0,0.0,0.0,0.0,0.0,0.0,0.0,0.0,0.0,0.0,0.0,0.0,0.0,0.0,0.0,0.0,0.0,0.0,0.0,-2.004,2.004,-0.0,-2.004,0.0,0.0,0.0,0.0,6312.0,-0.0,6928.0,0.0,0.0,2.7184303811560617e+23,0.0,0.0,0.0,0.0,0.0,69,-3.222031175229641e+26,-107615200.0,0.0,0.0,0.0,0.0,0.0,0.0,0.0,0,0,0,0.0,0.0,0.0,0.0,0.0,0.0,0.0,0.0,0.0,0.0,0.0,0.0,0.0,0.0,0.0,0.0,0,-107875648.0,69,0.0,138,0.0,0.0,0,13107,17040,13107,17049,13107,17043,0,0,0,70,68,100,2.7302359370752657e+23,71.1,0.0,74.2,2.7302370179391762e+23,74.0,1,49,50,180,0,52429,0,0,0.0,0.0,0.0,0.0,-0.0,67.0,0.0,162057.094,0.0,750,0,739,0,0,0,721,0,766,0,736,0,742,0,741,0,712,0,7520,0.032,79456894976.0,0.0,0.0,784,16797,-0.0,162057.094,-114818.039,-0.0,0.133,6.909358625270745e+28,30.0,65.0,35,0.0,0.0,0.0,0.0,0.0,0.0,0.0,0.0,0.0,0.0,0.0,0.0,0.0,0.0,0.0,0.0,69.2,0,150,71,54,65476,0,300,0,1,8,20529,65476,0,0,40632,65.0,0.0,0.0,0.0,0.0,0.0
2026-09-04T20:39:43,ERR,ERR,ERR,ERR,ERR,ERR,ERR,ERR,ERR,ERR,ERR,ERR,ERR,ERR,ERR,ERR,ERR,ERR,ERR,ERR,ERR,ERR,ERR,ERR,ERR,ERR,ERR,ERR,ERR,ERR,ERR,ERR,ERR,ERR,ERR,ERR,ERR,ERR,ERR,ERR,ERR,ERR,ERR,ERR,ERR,ERR,ERR,ERR,ERR,ERR,ERR,ERR,ERR,ERR,ERR,ERR,ERR,ERR,ERR,ERR,ERR,ERR,ERR,ERR,ERR,ERR,ERR,ERR,ERR,ERR,ERR,ERR,ERR,ERR,ERR,ERR,ERR,ERR,ERR,ERR,ERR,ERR,ERR,ERR,ERR,ERR,ERR,ERR,ERR,ERR,ERR,ERR,ERR,ERR,ERR,ERR,ERR,ERR,ERR,ERR,ERR,ERR,ERR,ERR,ERR,ERR,ERR,ERR,ERR,ERR,ERR,ERR,ERR,ERR,ERR,ERR,ERR,ERR,ERR,ERR,ERR,ERR,ERR,ERR,ERR,0.0,0.0,0.0,0.0,0.0,1.3936040501711995e+18,7.805,0.0,0,0,4,0,7116,0.0,100,0.0,0.0,0.0,0.0,0.0,0,0,0,0,0.0,0,0,0,0,0,0,0,0,0,0,0,0,0,0,0,0,0,0,0,0,0,0,0,0,0,0,0,0,0,0,0,0,0,31,40,40,71,65476,0,300,0,0,8,21553,0.0,-107605600.0,0.0,0.0,0.0,0.0,0.0,0.0,0.0,0.0,0.0,0.0,0.0,0.0,0.0,0.0,0.0,0.0,0.0,0.0,0.0,0.0,-2.004,2.004,-0.0,-2.004,0.0,0.0,0.0,0.0,6312.0,-0.0,6928.0,0.0,0.0,2.7184303811560617e+23,0.0,0.0,0.0,0.0,0.0,69,-3.222031175229641e+26,-107615200.0,0.0,0.0,0.0,0.0,0.0,0.0,0.0,0,0,0,0.0,0.0,0.0,0.0,0.0,0.0,0.0,0.0,0.0,0.0,0.0,0.0,0.0,0.0,0.0,0.0,0,-107875648.0,69,0.0,138,0.0,0.0,0,13107,17040,13107,17049,13107,17043,0,0,0,70,68,100,2.7302359370752657e+23,71.1,0.0,74.2,2.7302370179391762e+23,74.0,1,49,50,180,0,52429,0,0,0.0,0.0,0.0,0.0,-0.0,67.0,0.0,162057.094,0.0,750,0,739,0,0,0,721,0,766,0,736,0,742,0,741,0,712,0,7520,0.032,79456894976.0,0.0,0.0,784,16797,-0.0,162057.094,-114818.039,-0.0,0.133,6.909358625270745e+28,30.0,65.0,35,0.0,0.0,0.0,0.0,0.0,0.0,0.0,0.0,0.0,0.0,0.0,0.0,0.0,0.0,0.0,0.0,69.2,0,150,71,54,65476,0,300,0,1,8,20529,65476,0,0,40632,65.0,0.0,0.0,0.0,0.0,0.0
2026-09-04T20:39:44,ERR,ERR,ERR,ERR,ERR,ERR,ERR,ERR,ERR,ERR,ERR,ERR,ERR,ERR,ERR,ERR,ERR,ERR,ERR,ERR,ERR,ERR,ERR,ERR,ERR,ERR,ERR,ERR,ERR,ERR,ERR,ERR,ERR,ERR,ERR,ERR,ERR,ERR,ERR,ERR,ERR,ERR,ERR,ERR,ERR,ERR,ERR,ERR,ERR,ERR,ERR,ERR,ERR,ERR,ERR,ERR,ERR,ERR,ERR,ERR,ERR,ERR,ERR,ERR,ERR,ERR,ERR,ERR,ERR,ERR,ERR,ERR,ERR,ERR,ERR,ERR,ERR,ERR,ERR,ERR,ERR,ERR,ERR,ERR,ERR,ERR,ERR,ERR,ERR,ERR,ERR,ERR,ERR,ERR,ERR,ERR,ERR,ERR,ERR,ERR,ERR,ERR,ERR,ERR,ERR,ERR,ERR,ERR,ERR,ERR,ERR,ERR,ERR,ERR,ERR,ERR,ERR,ERR,ERR,ERR,ERR,ERR,ERR,ERR,ERR,0.0,0.0,0.0,0.0,0.0,1.3936040501711995e+18,7.805,0.0,0,0,4,0,7116,0.0,100,0.0,0.0,0.0,0.0,0.0,0,0,0,0,0.0,0,0,0,0,0,0,0,0,0,0,0,0,0,0,0,0,0,0,0,0,0,0,0,0,0,0,0,0,0,0,0,0,0,31,40,40,71,65476,0,300,0,0,8,21553,0.0,-107605600.0,0.0,0.0,0.0,0.0,0.0,0.0,0.0,0.0,0.0,0.0,0.0,0.0,0.0,0.0,0.0,0.0,0.0,0.0,0.0,0.0,-2.004,2.004,-0.0,-2.004,0.0,0.0,0.0,0.0,6312.0,-0.0,6928.0,0.0,0.0,2.7184303811560617e+23,0.0,0.0,0.0,0.0,0.0,69,-3.222031175229641e+26,-107615200.0,0.0,0.0,0.0,0.0,0.0,0.0,0.0,0,0,0,0.0,0.0,0.0,0.0,0.0,0.0,0.0,0.0,0.0,0.0,0.0,0.0,0.0,0.0,0.0,0.0,0,-107875648.0,69,0.0,138,0.0,0.0,0,13107,17040,13107,17049,13107,17043,0,0,0,70,68,100,2.7302359370752657e+23,71.1,0.0,74.2,2.7302370179391762e+23,74.0,1,49,50,180,0,52429,0,0,0.0,0.0,0.0,0.0,-0.0,67.0,0.0,162057.094,0.0,750,0,739,0,0,0,721,0,766,0,736,0,742,0,741,0,712,0,7520,0.032,79456894976.0,0.0,0.0,784,16797,-0.0,162057.094,-114818.039,-0.0,0.133,6.909358625270745e+28,30.0,65.0,35,0.0,0.0,0.0,0.0,0.0,0.0,0.0,0.0,0.0,0.0,0.0,0.0,0.0,0.0,0.0,0.0,69.2,0,150,71,54,65476,0,300,0,1,8,20529,65476,0,0,40632,65.0,0.0,0.0,0.0,0.0,0.0
2026-09-04T20:39:45,ERR,ERR,ERR,ERR,ERR,ERR,ERR,ERR,ERR,ERR,ERR,ERR,ERR,ERR,ERR,ERR,ERR,ERR,ERR,ERR,ERR,ERR,ERR,ERR,ERR,ERR,ERR,ERR,ERR,ERR,ERR,ERR,ERR,ERR,ERR,ERR,ERR,ERR,ERR,ERR,ERR,ERR,ERR,ERR,ERR,ERR,ERR,ERR,ERR,ERR,ERR,ERR,ERR,ERR,ERR,ERR,ERR,ERR,ERR,ERR,ERR,ERR,ERR,ERR,ERR,ERR,ERR,ERR,ERR,ERR,ERR,ERR,ERR,ERR,ERR,ERR,ERR,ERR,ERR,ERR,ERR,ERR,ERR,ERR,ERR,ERR,ERR,ERR,ERR,ERR,ERR,ERR,ERR,ERR,ERR,ERR,ERR,ERR,ERR,ERR,ERR,ERR,ERR,ERR,ERR,ERR,ERR,ERR,ERR,ERR,ERR,ERR,ERR,ERR,ERR,ERR,ERR,ERR,ERR,ERR,ERR,ERR,ERR,ERR,ERR,0.0,0.0,0.0,0.0,0.0,1.3936040501711995e+18,7.805,0.0,0,0,4,0,7116,0.0,100,0.0,0.0,0.0,0.0,0.0,0,0,0,0,0.0,0,0,0,0,0,0,0,0,0,0,0,0,0,0,0,0,0,0,0,0,0,0,0,0,0,0,0,0,0,0,0,0,0,31,40,40,71,65476,0,300,0,0,8,21553,0.0,-107605600.0,0.0,0.0,0.0,0.0,0.0,0.0,0.0,0.0,0.0,0.0,0.0,0.0,0.0,0.0,0.0,0.0,0.0,0.0,0.0,0.0,-2.004,2.004,-0.0,-2.004,0.0,0.0,0.0,0.0,6313.0,-0.0,6930.0,0.0,0.0,2.7184303811560617e+23,0.0,0.0,0.0,0.0,0.0,69,-4.950431305880601e+32,-2.3088371992784536e+20,0.0,0.0,0.0,0.0,0.0,0.0,0.0,0,0,0,0.0,0.0,0.0,0.0,0.0,0.0,0.0,0.0,0.0,0.0,0.0,0.0,0.0,0.0,0.0,0.0,0,-107875648.0,69,0.0,138,0.0,0.0,0,13107,17040,13107,17049,13107,17043,0,0,0,70,68,100,2.7302359370752657e+23,71.1,0.0,74.2,2.7302370179391762e+23,74.0,1,49,50,180,0,52429,0,0,0.0,0.0,0.0,0.0,-0.0,67.0,0.0,162057.094,0.0,750,0,739,0,0,0,721,0,766,0,736,0,742,0,741,0,712,0,7520,0.032,79456894976.0,0.0,0.0,784,16797,-0.0,162057.094,-114818.039,-0.0,0.133,6.909358625270745e+28,30.0,65.0,35,0.0,0.0,0.0,0.0,0.0,0.0,0.0,0.0,0.0,0.0,0.0,0.0,0.0,0.0,0.0,0.0,69.6,0,150,71,54,65476,0,300,0,1,8,20529,65476,0,0,40632,65.0,0.0,0.0,0.0,0.0,0.0
2026-09-04T20:39:46,ERR,ERR,ERR,ERR,ERR,ERR,ERR,ERR,ERR,ERR,ERR,ERR,ERR,ERR,ERR,ERR,ERR,ERR,ERR,ERR,ERR,ERR,ERR,ERR,ERR,ERR,ERR,ERR,ERR,ERR,ERR,ERR,ERR,ERR,ERR,ERR,ERR,ERR,ERR,ERR,ERR,ERR,ERR,ERR,ERR,ERR,ERR,ERR,ERR,ERR,ERR,ERR,ERR,ERR,ERR,ERR,ERR,ERR,ERR,ERR,ERR,ERR,ERR,ERR,ERR,ERR,ERR,ERR,ERR,ERR,ERR,ERR,ERR,ERR,ERR,ERR,ERR,ERR,ERR,ERR,ERR,ERR,ERR,ERR,ERR,ERR,ERR,ERR,ERR,ERR,ERR,ERR,ERR,ERR,ERR,ERR,ERR,ERR,ERR,ERR,ERR,ERR,ERR,ERR,ERR,ERR,ERR,ERR,ERR,ERR,ERR,ERR,ERR,ERR,ERR,ERR,ERR,ERR,ERR,ERR,ERR,ERR,ERR,ERR,ERR,0.0,0.0,0.0,0.0,0.0,1.3936040501711995e+18,7.805,0.0,0,0,4,0,7116,0.0,100,0.0,0.0,0.0,0.0,0.0,0,0,0,0,0.0,0,0,0,0,0,0,0,0,0,0,0,0,0,0,0,0,0,0,0,0,0,0,0,0,0,0,0,0,0,0,0,0,0,31,40,40,71,65476,0,300,0,0,8,21553,0.0,-107605600.0,0.0,0.0,0.0,0.0,0.0,0.0,0.0,0.0,0.0,0.0,0.0,0.0,0.0,0.0,0.0,0.0,0.0,0.0,0.0,0.0,-2.004,2.004,-0.0,-2.004,0.0,0.0,0.0,0.0,6313.0,-0.0,6930.0,0.0,0.0,2.7184303811560617e+23,0.0,0.0,0.0,0.0,0.0,69,-4.950431305880601e+32,-2.3088371992784536e+20,0.0,0.0,0.0,0.0,0.0,0.0,0.0,0,0,0,0.0,0.0,0.0,0.0,0.0,0.0,0.0,0.0,0.0,0.0,0.0,0.0,0.0,0.0,0.0,0.0,0,-107875648.0,69,0.0,138,0.0,0.0,0,13107,17040,13107,17049,13107,17043,0,0,0,70,68,100,2.7302359370752657e+23,71.1,0.0,74.2,2.7302370179391762e+23,74.0,1,49,50,180,0,52429,0,0,0.0,0.0,0.0,0.0,-0.0,67.0,0.0,162057.094,0.0,750,0,739,0,0,0,721,0,766,0,736,0,742,0,741,0,712,0,7520,0.032,79456894976.0,0.0,0.0,784,16797,-0.0,162057.094,-114818.039,-0.0,0.133,6.909358625270745e+28,30.0,65.0,35,0.0,0.0,0.0,0.0,0.0,0.0,0.0,0.0,0.0,0.0,0.0,0.0,0.0,0.0,0.0,0.0,69.6,0,150,71,54,65476,0,300,0,1,8,20529,65476,0,0,40632,65.0,0.0,0.0,0.0,0.0,0.0
2026-09-04T20:39:47,ERR,ERR,ERR,ERR,ERR,ERR,ERR,ERR,ERR,ERR,ERR,ERR,ERR,ERR,ERR,ERR,ERR,ERR,ERR,ERR,ERR,ERR,ERR,ERR,ERR,ERR,ERR,ERR,ERR,ERR,ERR,ERR,ERR,ERR,ERR,ERR,ERR,ERR,ERR,ERR,ERR,ERR,ERR,ERR,ERR,ERR,ERR,ERR,ERR,ERR,ERR,ERR,ERR,ERR,ERR,ERR,ERR,ERR,ERR,ERR,ERR,ERR,ERR,ERR,ERR,ERR,ERR,ERR,ERR,ERR,ERR,ERR,ERR,ERR,ERR,ERR,ERR,ERR,ERR,ERR,ERR,ERR,ERR,ERR,ERR,ERR,ERR,ERR,ERR,ERR,ERR,ERR,ERR,ERR,ERR,ERR,ERR,ERR,ERR,ERR,ERR,ERR,ERR,ERR,ERR,ERR,ERR,ERR,ERR,ERR,ERR,ERR,ERR,ERR,ERR,ERR,ERR,ERR,ERR,ERR,ERR,ERR,ERR,ERR,ERR,0.0,0.0,0.0,0.0,0.0,1.3936040501711995e+18,7.805,0.0,0,0,4,0,7116,0.0,100,0.0,0.0,0.0,0.0,0.0,0,0,0,0,0.0,0,0,0,0,0,0,0,0,0,0,0,0,0,0,0,0,0,0,0,0,0,0,0,0,0,0,0,0,0,0,0,0,0,31,40,40,71,65476,0,300,0,0,8,21553,0.0,-107605600.0,0.0,0.0,0.0,0.0,0.0,0.0,0.0,0.0,0.0,0.0,0.0,0.0,0.0,0.0,0.0,0.0,0.0,0.0,0.0,0.0,-2.004,2.004,-0.0,-2.004,0.0,0.0,0.0,0.0,6313.0,-0.0,6930.0,0.0,0.0,2.7184303811560617e+23,0.0,0.0,0.0,0.0,0.0,69,-4.950431305880601e+32,-2.3088371992784536e+20,0.0,0.0,0.0,0.0,0.0,0.0,0.0,0,0,0,0.0,0.0,0.0,0.0,0.0,0.0,0.0,0.0,0.0,0.0,0.0,0.0,0.0,0.0,0.0,0.0,0,-107875648.0,69,0.0,138,0.0,0.0,0,13107,17040,13107,17049,13107,17043,0,0,0,70,68,100,2.7302359370752657e+23,71.1,0.0,74.2,2.7302370179391762e+23,74.0,1,49,50,180,0,52429,0,0,0.0,0.0,0.0,0.0,-0.0,67.0,0.0,162057.094,0.0,750,0,739,0,0,0,721,0,766,0,736,0,742,0,741,0,712,0,7520,0.032,79456894976.0,0.0,0.0,784,16797,-0.0,162057.094,-114818.039,-0.0,0.133,6.909358625270745e+28,30.0,65.0,35,0.0,0.0,0.0,0.0,0.0,0.0,0.0,0.0,0.0,0.0,0.0,0.0,0.0,0.0,0.0,0.0,69.6,0,150,71,54,65476,0,300,0,1,8,20529,65476,0,0,40632,65.0,0.0,0.0,0.0,0.0,0.0
2026-09-04T20:39:48,ERR,ERR,ERR,ERR,ERR,ERR,ERR,ERR,ERR,ERR,ERR,ERR,ERR,ERR,ERR,ERR,ERR,ERR,ERR,ERR,ERR,ERR,ERR,ERR,ERR,ERR,ERR,ERR,ERR,ERR,ERR,ERR,ERR,ERR,ERR,ERR,ERR,ERR,ERR,ERR,ERR,ERR,ERR,ERR,ERR,ERR,ERR,ERR,ERR,ERR,ERR,ERR,ERR,ERR,ERR,ERR,ERR,ERR,ERR,ERR,ERR,ERR,ERR,ERR,ERR,ERR,ERR,ERR,ERR,ERR,ERR,ERR,ERR,ERR,ERR,ERR,ERR,ERR,ERR,ERR,ERR,ERR,ERR,ERR,ERR,ERR,ERR,ERR,ERR,ERR,ERR,ERR,ERR,ERR,ERR,ERR,ERR,ERR,ERR,ERR,ERR,ERR,ERR,ERR,ERR,ERR,ERR,ERR,ERR,ERR,ERR,ERR,ERR,ERR,ERR,ERR,ERR,ERR,ERR,ERR,ERR,ERR,ERR,ERR,ERR,0.0,0.0,0.0,0.0,0.0,1.3936040501711995e+18,7.805,0.0,0,0,4,0,7116,0.0,100,0.0,0.0,0.0,0.0,0.0,0,0,0,0,0.0,0,0,0,0,0,0,0,0,0,0,0,0,0,0,0,0,0,0,0,0,0,0,0,0,0,0,0,0,0,0,0,0,0,31,40,40,71,65476,0,300,0,0,8,21553,0.0,-107605600.0,0.0,0.0,0.0,0.0,0.0,0.0,0.0,0.0,0.0,0.0,0.0,0.0,0.0,0.0,0.0,0.0,0.0,0.0,0.0,0.0,-2.004,2.004,-0.0,-2.004,0.0,0.0,0.0,0.0,6313.0,-0.0,6930.0,0.0,0.0,2.7184303811560617e+23,0.0,0.0,0.0,0.0,0.0,69,-4.950431305880601e+32,-2.3088371992784536e+20,0.0,0.0,0.0,0.0,0.0,0.0,0.0,0,0,0,0.0,0.0,0.0,0.0,0.0,0.0,0.0,0.0,0.0,0.0,0.0,0.0,0.0,0.0,0.0,0.0,0,-107875648.0,69,0.0,138,0.0,0.0,0,13107,17040,13107,17049,13107,17043,0,0,0,70,68,100,2.7302359370752657e+23,71.1,0.0,74.2,2.7302370179391762e+23,74.0,1,49,50,180,0,52429,0,0,0.0,0.0,0.0,0.0,-0.0,67.0,0.0,162057.094,0.0,750,0,739,0,0,0,721,0,766,0,736,0,742,0,741,0,712,0,7520,0.032,79456894976.0,0.0,0.0,784,16797,-0.0,162057.094,-114818.039,-0.0,0.133,6.909358625270745e+28,30.0,65.0,35,0.0,0.0,0.0,0.0,0.0,0.0,0.0,0.0,0.0,0.0,0.0,0.0,0.0,0.0,0.0,0.0,69.6,0,150,71,54,65476,0,300,0,1,8,20529,65476,0,0,40632,65.0,0.0,0.0,0.0,0.0,0.0
2026-09-04T20:39:49,ERR,ERR,ERR,ERR,ERR,ERR,ERR,ERR,ERR,ERR,ERR,ERR,ERR,ERR,ERR,ERR,ERR,ERR,ERR,ERR,ERR,ERR,ERR,ERR,ERR,ERR,ERR,ERR,ERR,ERR,ERR,ERR,ERR,ERR,ERR,ERR,ERR,ERR,ERR,ERR,ERR,ERR,ERR,ERR,ERR,ERR,ERR,ERR,ERR,ERR,ERR,ERR,ERR,ERR,ERR,ERR,ERR,ERR,ERR,ERR,ERR,ERR,ERR,ERR,ERR,ERR,ERR,ERR,ERR,ERR,ERR,ERR,ERR,ERR,ERR,ERR,ERR,ERR,ERR,ERR,ERR,ERR,ERR,ERR,ERR,ERR,ERR,ERR,ERR,ERR,ERR,ERR,ERR,ERR,ERR,ERR,ERR,ERR,ERR,ERR,ERR,ERR,ERR,ERR,ERR,ERR,ERR,ERR,ERR,ERR,ERR,ERR,ERR,ERR,ERR,ERR,ERR,ERR,ERR,ERR,ERR,ERR,ERR,ERR,ERR,0.0,0.0,0.0,0.0,0.0,1.3936040501711995e+18,7.805,0.0,0,0,4,0,7116,0.0,100,0.0,0.0,0.0,0.0,0.0,0,0,0,0,0.0,0,0,0,0,0,0,0,0,0,0,0,0,0,0,0,0,0,0,0,0,0,0,0,0,0,0,0,0,0,0,0,0,0,31,40,40,71,65476,0,300,0,0,8,21553,0.0,-107605600.0,0.0,0.0,0.0,0.0,0.0,0.0,0.0,0.0,0.0,0.0,0.0,0.0,0.0,0.0,0.0,0.0,0.0,0.0,0.0,0.0,-2.004,2.004,-0.0,-2.004,0.0,0.0,0.0,0.0,6313.0,-0.0,6930.0,0.0,0.0,2.7184303811560617e+23,0.0,0.0,0.0,0.0,0.0,69,-4.950431305880601e+32,-2.3088371992784536e+20,0.0,0.0,0.0,0.0,0.0,0.0,0.0,0,0,0,0.0,0.0,0.0,0.0,0.0,0.0,0.0,0.0,0.0,0.0,0.0,0.0,0.0,0.0,0.0,0.0,0,-107875648.0,69,0.0,138,0.0,0.0,0,13107,17040,13107,17049,13107,17043,0,0,0,70,68,100,2.7302359370752657e+23,71.1,0.0,74.2,2.7302370179391762e+23,74.0,1,49,50,180,0,52429,0,0,0.0,0.0,0.0,0.0,-0.0,67.0,0.0,162057.094,0.0,750,0,739,0,0,0,721,0,766,0,736,0,742,0,741,0,712,0,7520,0.032,79456894976.0,0.0,0.0,784,16797,-0.0,162057.094,-114818.039,-0.0,0.133,6.909358625270745e+28,30.0,65.0,35,0.0,0.0,0.0,0.0,0.0,0.0,0.0,0.0,0.0,0.0,0.0,0.0,0.0,0.0,0.0,0.0,69.6,0,150,71,54,65476,0,300,0,1,8,20529,65476,0,0,40632,65.0,0.0,0.0,0.0,0.0,0.0
2026-09-04T20:39:50,ERR,ERR,ERR,ERR,ERR,ERR,ERR,ERR,ERR,ERR,ERR,ERR,ERR,ERR,ERR,ERR,ERR,ERR,ERR,ERR,ERR,ERR,ERR,ERR,ERR,ERR,ERR,ERR,ERR,ERR,ERR,ERR,ERR,ERR,ERR,ERR,ERR,ERR,ERR,ERR,ERR,ERR,ERR,ERR,ERR,ERR,ERR,ERR,ERR,ERR,ERR,ERR,ERR,ERR,ERR,ERR,ERR,ERR,ERR,ERR,ERR,ERR,ERR,ERR,ERR,ERR,ERR,ERR,ERR,ERR,ERR,ERR,ERR,ERR,ERR,ERR,ERR,ERR,ERR,ERR,ERR,ERR,ERR,ERR,ERR,ERR,ERR,ERR,ERR,ERR,ERR,ERR,ERR,ERR,ERR,ERR,ERR,ERR,ERR,ERR,ERR,ERR,ERR,ERR,ERR,ERR,ERR,ERR,ERR,ERR,ERR,ERR,ERR,ERR,ERR,ERR,ERR,ERR,ERR,ERR,ERR,ERR,ERR,ERR,ERR,0.0,0.0,0.0,0.0,0.0,1.3936040501711995e+18,7.805,0.0,0,0,4,0,7116,0.0,100,0.0,0.0,0.0,0.0,0.0,0,0,0,0,0.0,0,0,0,0,0,0,0,0,0,0,0,0,0,0,0,0,0,0,0,0,0,0,0,0,0,0,0,0,0,0,0,0,0,31,40,40,71,65476,0,300,0,0,8,21553,0.0,-107605600.0,0.0,0.0,0.0,0.0,0.0,0.0,0.0,0.0,0.0,0.0,0.0,0.0,0.0,0.0,0.0,0.0,0.0,0.0,0.0,0.0,-2.004,2.004,-0.0,-2.004,0.0,0.0,0.0,0.0,6313.0,-0.0,6930.0,0.0,0.0,2.7184303811560617e+23,0.0,0.0,0.0,0.0,0.0,69,-4.950431305880601e+32,-2.3088371992784536e+20,0.0,0.0,0.0,0.0,0.0,0.0,0.0,0,0,0,0.0,0.0,0.0,0.0,0.0,0.0,0.0,0.0,0.0,0.0,0.0,0.0,0.0,0.0,0.0,0.0,0,-107875648.0,69,0.0,138,0.0,0.0,0,13107,17040,13107,17049,13107,17043,0,0,0,70,68,100,2.7302359370752657e+23,71.2,2.7302370179391762e+23,74.2,2.7302370179391762e+23,74.0,1,49,50,180,0,52429,0,0,0.0,0.0,0.0,0.0,-0.0,67.0,0.0,162057.094,0.0,750,0,739,0,0,0,721,0,766,0,736,0,742,0,741,0,712,0,7520,0.032,78383153152.0,0.0,0.0,784,16797,-0.0,162057.094,-114818.039,-0.0,0.133,6.909358625270745e+28,30.0,65.0,35,0.0,0.0,0.0,0.0,0.0,0.0,0.0,0.0,0.0,0.0,0.0,0.0,0.0,0.0,0.0,0.0,69.2,0,150,71,54,65476,0,300,0,1,8,20529,65476,0,0,40632,65.0,0.0,0.0,0.0,0.0,0.0
2026-09-04T20:39:51,ERR,ERR,ERR,ERR,ERR,ERR,ERR,ERR,ERR,ERR,ERR,ERR,ERR,ERR,ERR,ERR,ERR,ERR,ERR,ERR,ERR,ERR,ERR,ERR,ERR,ERR,ERR,ERR,ERR,ERR,ERR,ERR,ERR,ERR,ERR,ERR,ERR,ERR,ERR,ERR,ERR,ERR,ERR,ERR,ERR,ERR,ERR,ERR,ERR,ERR,ERR,ERR,ERR,ERR,ERR,ERR,ERR,ERR,ERR,ERR,ERR,ERR,ERR,ERR,ERR,ERR,ERR,ERR,ERR,ERR,ERR,ERR,ERR,ERR,ERR,ERR,ERR,ERR,ERR,ERR,ERR,ERR,ERR,ERR,ERR,ERR,ERR,ERR,ERR,ERR,ERR,ERR,ERR,ERR,ERR,ERR,ERR,ERR,ERR,ERR,ERR,ERR,ERR,ERR,ERR,ERR,ERR,ERR,ERR,ERR,ERR,ERR,ERR,ERR,ERR,ERR,ERR,ERR,ERR,ERR,ERR,ERR,ERR,ERR,ERR,0.0,0.0,0.0,0.0,0.0,1.3936040501711995e+18,7.805,0.0,0,0,4,0,7116,0.0,100,0.0,0.0,0.0,0.0,0.0,0,0,0,0,0.0,0,0,0,0,0,0,0,0,0,0,0,0,0,0,0,0,0,0,0,0,0,0,0,0,0,0,0,0,0,0,0,0,0,31,40,40,71,65476,0,300,0,0,8,21553,0.0,-107605600.0,0.0,0.0,0.0,0.0,0.0,0.0,0.0,0.0,0.0,0.0,0.0,0.0,0.0,0.0,0.0,0.0,0.0,0.0,0.0,0.0,-2.004,2.004,-0.0,-2.004,0.0,0.0,0.0,0.0,6313.0,-0.0,6930.0,0.0,0.0,2.7184303811560617e+23,0.0,0.0,0.0,0.0,0.0,69,-4.950431305880601e+32,-2.3088371992784536e+20,0.0,0.0,0.0,0.0,0.0,0.0,0.0,0,0,0,0.0,0.0,0.0,0.0,0.0,0.0,0.0,0.0,0.0,0.0,0.0,0.0,0.0,0.0,0.0,0.0,0,-107875648.0,69,0.0,138,0.0,0.0,0,13107,17040,13107,17049,13107,17043,0,0,0,70,68,100,2.7302359370752657e+23,71.2,2.7302370179391762e+23,74.2,2.7302370179391762e+23,74.0,1,49,50,180,0,52429,0,0,0.0,0.0,0.0,0.0,-0.0,67.0,0.0,162057.094,0.0,750,0,739,0,0,0,721,0,766,0,736,0,742,0,741,0,712,0,7520,0.032,78383153152.0,0.0,0.0,784,16797,-0.0,162057.094,-114818.039,-0.0,0.133,6.909358625270745e+28,30.0,65.0,35,0.0,0.0,0.0,0.0,0.0,0.0,0.0,0.0,0.0,0.0,0.0,0.0,0.0,0.0,0.0,0.0,69.2,0,150,71,54,65476,0,300,0,1,8,20529,65476,0,0,40632,65.0,0.0,0.0,0.0,0.0,0.0
2026-09-04T20:39:52,ERR,ERR,ERR,ERR,ERR,ERR,ERR,ERR,ERR,ERR,ERR,ERR,ERR,ERR,ERR,ERR,ERR,ERR,ERR,ERR,ERR,ERR,ERR,ERR,ERR,ERR,ERR,ERR,ERR,ERR,ERR,ERR,ERR,ERR,ERR,ERR,ERR,ERR,ERR,ERR,ERR,ERR,ERR,ERR,ERR,ERR,ERR,ERR,ERR,ERR,ERR,ERR,ERR,ERR,ERR,ERR,ERR,ERR,ERR,ERR,ERR,ERR,ERR,ERR,ERR,ERR,ERR,ERR,ERR,ERR,ERR,ERR,ERR,ERR,ERR,ERR,ERR,ERR,ERR,ERR,ERR,ERR,ERR,ERR,ERR,ERR,ERR,ERR,ERR,ERR,ERR,ERR,ERR,ERR,ERR,ERR,ERR,ERR,ERR,ERR,ERR,ERR,ERR,ERR,ERR,ERR,ERR,ERR,ERR,ERR,ERR,ERR,ERR,ERR,ERR,ERR,ERR,ERR,ERR,ERR,ERR,ERR,ERR,ERR,ERR,0.0,0.0,0.0,0.0,0.0,1.3936040501711995e+18,7.805,0.0,0,0,4,0,7116,0.0,100,0.0,0.0,0.0,0.0,0.0,0,0,0,0,0.0,0,0,0,0,0,0,0,0,0,0,0,0,0,0,0,0,0,0,0,0,0,0,0,0,0,0,0,0,0,0,0,0,0,31,40,40,71,65476,0,300,0,0,8,21553,0.0,-107605600.0,0.0,0.0,0.0,0.0,0.0,0.0,0.0,0.0,0.0,0.0,0.0,0.0,0.0,0.0,0.0,0.0,0.0,0.0,0.0,0.0,-2.004,2.004,-0.0,-2.004,0.0,0.0,0.0,0.0,6313.0,-0.0,6930.0,0.0,0.0,2.7184303811560617e+23,0.0,0.0,0.0,0.0,0.0,69,-4.950431305880601e+32,-2.3088371992784536e+20,0.0,0.0,0.0,0.0,0.0,0.0,0.0,0,0,0,0.0,0.0,0.0,0.0,0.0,0.0,0.0,0.0,0.0,0.0,0.0,0.0,0.0,0.0,0.0,0.0,0,-107875648.0,69,0.0,138,0.0,0.0,0,13107,17040,13107,17049,13107,17043,0,0,0,70,68,100,2.7302359370752657e+23,71.2,2.7302370179391762e+23,74.2,2.7302370179391762e+23,74.0,1,49,50,180,0,52429,0,0,0.0,0.0,0.0,0.0,-0.0,67.0,0.0,162057.094,0.0,750,0,739,0,0,0,721,0,766,0,736,0,742,0,741,0,712,0,7520,0.032,78383153152.0,0.0,0.0,784,16797,-0.0,162057.094,-114818.039,-0.0,0.133,6.909358625270745e+28,30.0,65.0,35,0.0,0.0,0.0,0.0,0.0,0.0,0.0,0.0,0.0,0.0,0.0,0.0,0.0,0.0,0.0,0.0,69.2,0,150,71,54,65476,0,300,0,1,8,20529,65476,0,0,40632,65.0,0.0,0.0,0.0,0.0,0.0
2026-09-04T20:39:53,ERR,ERR,ERR,ERR,ERR,ERR,ERR,ERR,ERR,ERR,ERR,ERR,ERR,ERR,ERR,ERR,ERR,ERR,ERR,ERR,ERR,ERR,ERR,ERR,ERR,ERR,ERR,ERR,ERR,ERR,ERR,ERR,ERR,ERR,ERR,ERR,ERR,ERR,ERR,ERR,ERR,ERR,ERR,ERR,ERR,ERR,ERR,ERR,ERR,ERR,ERR,ERR,ERR,ERR,ERR,ERR,ERR,ERR,ERR,ERR,ERR,ERR,ERR,ERR,ERR,ERR,ERR,ERR,ERR,ERR,ERR,ERR,ERR,ERR,ERR,ERR,ERR,ERR,ERR,ERR,ERR,ERR,ERR,ERR,ERR,ERR,ERR,ERR,ERR,ERR,ERR,ERR,ERR,ERR,ERR,ERR,ERR,ERR,ERR,ERR,ERR,ERR,ERR,ERR,ERR,ERR,ERR,ERR,ERR,ERR,ERR,ERR,ERR,ERR,ERR,ERR,ERR,ERR,ERR,ERR,ERR,ERR,ERR,ERR,ERR,0.0,0.0,0.0,0.0,0.0,1.3936040501711995e+18,7.805,0.0,0,0,4,0,7116,0.0,100,0.0,0.0,0.0,0.0,0.0,0,0,0,0,0.0,0,0,0,0,0,0,0,0,0,0,0,0,0,0,0,0,0,0,0,0,0,0,0,0,0,0,0,0,0,0,0,0,0,31,40,40,71,65476,0,300,0,0,8,21553,0.0,-107605600.0,0.0,0.0,0.0,0.0,0.0,0.0,0.0,0.0,0.0,0.0,0.0,0.0,0.0,0.0,0.0,0.0,0.0,0.0,0.0,0.0,-2.004,2.004,-0.0,-2.004,0.0,0.0,0.0,0.0,6309.0,0.0,6918.0,0.0,0.0,2.7184303811560617e+23,0.0,0.0,0.0,0.0,0.0,69,-1.9056991512664474e+17,2.7184267782763598e+23,0.0,0.0,0.0,0.0,0.0,0.0,0.0,0,0,0,0.0,0.0,0.0,0.0,0.0,0.0,0.0,0.0,0.0,0.0,0.0,0.0,0.0,0.0,0.0,0.0,0,-107875648.0,69,0.0,138,0.0,0.0,0,13107,17040,13107,17049,13107,17043,0,0,0,70,68,100,2.7302359370752657e+23,71.2,2.7302370179391762e+23,74.2,2.7302370179391762e+23,74.0,1,49,50,180,0,52429,0,0,0.0,0.0,0.0,0.0,-0.0,67.0,0.0,162057.094,0.0,750,0,739,0,0,0,721,0,766,0,736,0,742,0,741,0,712,0,7520,0.032,78383153152.0,0.0,0.0,784,16797,-0.0,162057.094,-114818.039,-0.0,0.133,6.909358625270745e+28,30.0,65.0,35,0.0,0.0,0.0,0.0,0.0,0.0,0.0,0.0,0.0,0.0,0.0,0.0,0.0,0.0,0.0,0.0,69.2,0,150,71,54,65476,0,300,0,1,8,20529,65476,0,0,40632,65.0,0.0,0.0,0.0,0.0,0.0
2026-09-04T20:39:54,ERR,ERR,ERR,ERR,ERR,ERR,ERR,ERR,ERR,ERR,ERR,ERR,ERR,ERR,ERR,ERR,ERR,ERR,ERR,ERR,ERR,ERR,ERR,ERR,ERR,ERR,ERR,ERR,ERR,ERR,ERR,ERR,ERR,ERR,ERR,ERR,ERR,ERR,ERR,ERR,ERR,ERR,ERR,ERR,ERR,ERR,ERR,ERR,ERR,ERR,ERR,ERR,ERR,ERR,ERR,ERR,ERR,ERR,ERR,ERR,ERR,ERR,ERR,ERR,ERR,ERR,ERR,ERR,ERR,ERR,ERR,ERR,ERR,ERR,ERR,ERR,ERR,ERR,ERR,ERR,ERR,ERR,ERR,ERR,ERR,ERR,ERR,ERR,ERR,ERR,ERR,ERR,ERR,ERR,ERR,ERR,ERR,ERR,ERR,ERR,ERR,ERR,ERR,ERR,ERR,ERR,ERR,ERR,ERR,ERR,ERR,ERR,ERR,ERR,ERR,ERR,ERR,ERR,ERR,ERR,ERR,ERR,ERR,ERR,ERR,0.0,0.0,0.0,0.0,0.0,1.3936040501711995e+18,7.805,0.0,0,0,4,0,7116,0.0,100,0.0,0.0,0.0,0.0,0.0,0,0,0,0,0.0,0,0,0,0,0,0,0,0,0,0,0,0,0,0,0,0,0,0,0,0,0,0,0,0,0,0,0,0,0,0,0,0,0,31,40,40,71,65476,0,300,0,0,8,21553,0.0,-107605600.0,0.0,0.0,0.0,0.0,0.0,0.0,0.0,0.0,0.0,0.0,0.0,0.0,0.0,0.0,0.0,0.0,0.0,0.0,0.0,0.0,-2.004,2.004,-0.0,-2.004,0.0,0.0,0.0,0.0,6309.0,0.0,6918.0,0.0,0.0,2.7184303811560617e+23,0.0,0.0,0.0,0.0,0.0,69,-1.9056991512664474e+17,2.7184267782763598e+23,0.0,0.0,0.0,0.0,0.0,0.0,0.0,0,0,0,0.0,0.0,0.0,0.0,0.0,0.0,0.0,0.0,0.0,0.0,0.0,0.0,0.0,0.0,0.0,0.0,0,-107875648.0,69,0.0,138,0.0,0.0,0,13107,17040,13107,17049,13107,17043,0,0,0,70,68,100,2.7302359370752657e+23,71.2,2.7302370179391762e+23,74.2,2.7302370179391762e+23,74.0,1,49,50,180,0,52429,0,0,0.0,0.0,0.0,0.0,-0.0,67.0,0.0,162057.094,0.0,750,0,739,0,0,0,721,0,766,0,736,0,742,0,741,0,712,0,7520,0.032,78383153152.0,0.0,0.0,784,16797,-0.0,162057.094,-114818.039,-0.0,0.133,6.909358625270745e+28,30.0,65.0,35,0.0,0.0,0.0,0.0,0.0,0.0,0.0,0.0,0.0,0.0,0.0,0.0,0.0,0.0,0.0,0.0,69.2,0,150,71,54,65476,0,300,0,1,8,20529,65476,0,0,40632,65.0,0.0,0.0,0.0,0.0,0.0
2026-09-04T20:39:55,ERR,ERR,ERR,ERR,ERR,ERR,ERR,ERR,ERR,ERR,ERR,ERR,ERR,ERR,ERR,ERR,ERR,ERR,ERR,ERR,ERR,ERR,ERR,ERR,ERR,ERR,ERR,ERR,ERR,ERR,ERR,ERR,ERR,ERR,ERR,ERR,ERR,ERR,ERR,ERR,ERR,ERR,ERR,ERR,ERR,ERR,ERR,ERR,ERR,ERR,ERR,ERR,ERR,ERR,ERR,ERR,ERR,ERR,ERR,ERR,ERR,ERR,ERR,ERR,ERR,ERR,ERR,ERR,ERR,ERR,ERR,ERR,ERR,ERR,ERR,ERR,ERR,ERR,ERR,ERR,ERR,ERR,ERR,ERR,ERR,ERR,ERR,ERR,ERR,ERR,ERR,ERR,ERR,ERR,ERR,ERR,ERR,ERR,ERR,ERR,ERR,ERR,ERR,ERR,ERR,ERR,ERR,ERR,ERR,ERR,ERR,ERR,ERR,ERR,ERR,ERR,ERR,ERR,ERR,ERR,ERR,ERR,ERR,ERR,ERR,0.0,0.0,0.0,0.0,0.0,1.3936040501711995e+18,7.805,0.0,0,0,4,0,7116,0.0,100,0.0,0.0,0.0,0.0,0.0,0,0,0,0,0.0,0,0,0,0,0,0,0,0,0,0,0,0,0,0,0,0,0,0,0,0,0,0,0,0,0,0,0,0,0,0,0,0,0,31,40,40,71,65476,0,300,0,0,8,21553,0.0,-107605600.0,0.0,0.0,0.0,0.0,0.0,0.0,0.0,0.0,0.0,0.0,0.0,0.0,0.0,0.0,0.0,0.0,0.0,0.0,0.0,0.0,-2.004,2.004,-0.0,-2.004,0.0,0.0,0.0,0.0,6309.0,0.0,6918.0,0.0,0.0,2.7184303811560617e+23,0.0,0.0,0.0,0.0,0.0,69,-1.9056991512664474e+17,2.7184267782763598e+23,0.0,0.0,0.0,0.0,0.0,0.0,0.0,0,0,0,0.0,0.0,0.0,0.0,0.0,0.0,0.0,0.0,0.0,0.0,0.0,0.0,0.0,0.0,0.0,0.0,0,-107875648.0,69,0.0,138,0.0,0.0,0,13107,17040,13107,17049,13107,17043,0,0,0,70,68,100,2.7302359370752657e+23,71.2,0.0,74.2,2.7302370179391762e+23,74.0,1,49,50,180,0,52429,0,0,0.0,0.0,0.0,0.0,-0.0,67.0,0.0,162057.094,0.0,750,0,739,0,0,0,721,0,766,0,736,0,742,0,741,0,712,0,7520,0.032,78920024064.0,0.0,0.0,784,16797,-0.0,162057.094,-114818.039,-0.0,0.133,6.909358625270745e+28,30.0,65.0,35,0.0,0.0,0.0,0.0,0.0,0.0,0.0,0.0,0.0,0.0,0.0,0.0,0.0,0.0,0.0,0.0,69.6,0,150,71,54,65476,0,300,0,1,8,20529,65476,0,0,40632,65.0,0.0,0.0,0.0,0.0,0.0
2026-09-04T20:39:56,ERR,ERR,ERR,ERR,ERR,ERR,ERR,ERR,ERR,ERR,ERR,ERR,ERR,ERR,ERR,ERR,ERR,ERR,ERR,ERR,ERR,ERR,ERR,ERR,ERR,ERR,ERR,ERR,ERR,ERR,ERR,ERR,ERR,ERR,ERR,ERR,ERR,ERR,ERR,ERR,ERR,ERR,ERR,ERR,ERR,ERR,ERR,ERR,ERR,ERR,ERR,ERR,ERR,ERR,ERR,ERR,ERR,ERR,ERR,ERR,ERR,ERR,ERR,ERR,ERR,ERR,ERR,ERR,ERR,ERR,ERR,ERR,ERR,ERR,ERR,ERR,ERR,ERR,ERR,ERR,ERR,ERR,ERR,ERR,ERR,ERR,ERR,ERR,ERR,ERR,ERR,ERR,ERR,ERR,ERR,ERR,ERR,ERR,ERR,ERR,ERR,ERR,ERR,ERR,ERR,ERR,ERR,ERR,ERR,ERR,ERR,ERR,ERR,ERR,ERR,ERR,ERR,ERR,ERR,ERR,ERR,ERR,ERR,ERR,ERR,0.0,0.0,0.0,0.0,0.0,1.3936040501711995e+18,7.805,0.0,0,0,4,0,7116,0.0,100,0.0,0.0,0.0,0.0,0.0,0,0,0,0,0.0,0,0,0,0,0,0,0,0,0,0,0,0,0,0,0,0,0,0,0,0,0,0,0,0,0,0,0,0,0,0,0,0,0,31,40,40,71,65476,0,300,0,0,8,21553,0.0,-107605600.0,0.0,0.0,0.0,0.0,0.0,0.0,0.0,0.0,0.0,0.0,0.0,0.0,0.0,0.0,0.0,0.0,0.0,0.0,0.0,0.0,-2.004,2.004,-0.0,-2.004,0.0,0.0,0.0,0.0,6309.0,0.0,6918.0,0.0,0.0,2.7184303811560617e+23,0.0,0.0,0.0,0.0,0.0,69,-1.9056991512664474e+17,2.7184267782763598e+23,0.0,0.0,0.0,0.0,0.0,0.0,0.0,0,0,0,0.0,0.0,0.0,0.0,0.0,0.0,0.0,0.0,0.0,0.0,0.0,0.0,0.0,0.0,0.0,0.0,0,-107875648.0,69,0.0,138,0.0,0.0,0,13107,17040,13107,17049,13107,17043,0,0,0,70,68,100,2.7302359370752657e+23,71.2,0.0,74.2,2.7302370179391762e+23,74.0,1,49,50,180,0,52429,0,0,0.0,0.0,0.0,0.0,-0.0,67.0,0.0,162057.094,0.0,750,0,739,0,0,0,721,0,766,0,736,0,742,0,741,0,712,0,7520,0.032,78920024064.0,0.0,0.0,784,16797,-0.0,162057.094,-114818.039,-0.0,0.133,6.909358625270745e+28,30.0,65.0,35,0.0,0.0,0.0,0.0,0.0,0.0,0.0,0.0,0.0,0.0,0.0,0.0,0.0,0.0,0.0,0.0,69.6,0,150,71,54,65476,0,300,0,1,8,20529,65476,0,0,40632,65.0,0.0,0.0,0.0,0.0,0.0
2026-09-04T20:39:57,ERR,ERR,ERR,ERR,ERR,ERR,ERR,ERR,ERR,ERR,ERR,ERR,ERR,ERR,ERR,ERR,ERR,ERR,ERR,ERR,ERR,ERR,ERR,ERR,ERR,ERR,ERR,ERR,ERR,ERR,ERR,ERR,ERR,ERR,ERR,ERR,ERR,ERR,ERR,ERR,ERR,ERR,ERR,ERR,ERR,ERR,ERR,ERR,ERR,ERR,ERR,ERR,ERR,ERR,ERR,ERR,ERR,ERR,ERR,ERR,ERR,ERR,ERR,ERR,ERR,ERR,ERR,ERR,ERR,ERR,ERR,ERR,ERR,ERR,ERR,ERR,ERR,ERR,ERR,ERR,ERR,ERR,ERR,ERR,ERR,ERR,ERR,ERR,ERR,ERR,ERR,ERR,ERR,ERR,ERR,ERR,ERR,ERR,ERR,ERR,ERR,ERR,ERR,ERR,ERR,ERR,ERR,ERR,ERR,ERR,ERR,ERR,ERR,ERR,ERR,ERR,ERR,ERR,ERR,ERR,ERR,ERR,ERR,ERR,ERR,0.0,0.0,0.0,0.0,0.0,1.3936040501711995e+18,7.805,0.0,0,0,4,0,7116,0.0,100,0.0,0.0,0.0,0.0,0.0,0,0,0,0,0.0,0,0,0,0,0,0,0,0,0,0,0,0,0,0,0,0,0,0,0,0,0,0,0,0,0,0,0,0,0,0,0,0,0,31,40,40,71,65476,0,300,0,0,8,21553,0.0,-107605600.0,0.0,0.0,0.0,0.0,0.0,0.0,0.0,0.0,0.0,0.0,0.0,0.0,0.0,0.0,0.0,0.0,0.0,0.0,0.0,0.0,-2.004,2.004,-0.0,-2.004,0.0,0.0,0.0,0.0,6309.0,0.0,6918.0,0.0,0.0,2.7184303811560617e+23,0.0,0.0,0.0,0.0,0.0,69,-1.9056991512664474e+17,2.7184267782763598e+23,0.0,0.0,0.0,0.0,0.0,0.0,0.0,0,0,0,0.0,0.0,0.0,0.0,0.0,0.0,0.0,0.0,0.0,0.0,0.0,0.0,0.0,0.0,0.0,0.0,0,-107875648.0,69,0.0,138,0.0,0.0,0,13107,17040,13107,17049,13107,17043,0,0,0,70,68,100,2.7302359370752657e+23,71.2,0.0,74.2,2.7302370179391762e+23,74.0,1,49,50,180,0,52429,0,0,0.0,0.0,0.0,0.0,-0.0,67.0,0.0,162057.094,0.0,750,0,739,0,0,0,721,0,766,0,736,0,742,0,741,0,712,0,7520,0.032,78920024064.0,0.0,0.0,784,16797,-0.0,162057.094,-114818.039,-0.0,0.133,6.909358625270745e+28,30.0,65.0,35,0.0,0.0,0.0,0.0,0.0,0.0,0.0,0.0,0.0,0.0,0.0,0.0,0.0,0.0,0.0,0.0,69.2,0,150,71,54,65476,0,300,0,1,8,20529,65476,0,0,40632,65.0,0.0,0.0,0.0,0.0,0.0
2026-09-04T20:39:58,ERR,ERR,ERR,ERR,ERR,ERR,ERR,ERR,ERR,ERR,ERR,ERR,ERR,ERR,ERR,ERR,ERR,ERR,ERR,ERR,ERR,ERR,ERR,ERR,ERR,ERR,ERR,ERR,ERR,ERR,ERR,ERR,ERR,ERR,ERR,ERR,ERR,ERR,ERR,ERR,ERR,ERR,ERR,ERR,ERR,ERR,ERR,ERR,ERR,ERR,ERR,ERR,ERR,ERR,ERR,ERR,ERR,ERR,ERR,ERR,ERR,ERR,ERR,ERR,ERR,ERR,ERR,ERR,ERR,ERR,ERR,ERR,ERR,ERR,ERR,ERR,ERR,ERR,ERR,ERR,ERR,ERR,ERR,ERR,ERR,ERR,ERR,ERR,ERR,ERR,ERR,ERR,ERR,ERR,ERR,ERR,ERR,ERR,ERR,ERR,ERR,ERR,ERR,ERR,ERR,ERR,ERR,ERR,ERR,ERR,ERR,ERR,ERR,ERR,ERR,ERR,ERR,ERR,ERR,ERR,ERR,ERR,ERR,ERR,ERR,0.0,0.0,0.0,0.0,0.0,1.3936040501711995e+18,7.805,0.0,0,0,4,0,7116,0.0,100,0.0,0.0,0.0,0.0,0.0,0,0,0,0,0.0,0,0,0,0,0,0,0,0,0,0,0,0,0,0,0,0,0,0,0,0,0,0,0,0,0,0,0,0,0,0,0,0,0,31,40,40,71,65476,0,300,0,0,8,21553,0.0,-107605600.0,0.0,0.0,0.0,0.0,0.0,0.0,0.0,0.0,0.0,0.0,0.0,0.0,0.0,0.0,0.0,0.0,0.0,0.0,0.0,0.0,-2.004,2.004,-0.0,-2.004,0.0,0.0,0.0,0.0,6309.0,0.0,6918.0,0.0,0.0,2.7184303811560617e+23,0.0,0.0,0.0,0.0,0.0,69,-1.9056991512664474e+17,2.7184267782763598e+23,0.0,0.0,0.0,0.0,0.0,0.0,0.0,0,0,0,0.0,0.0,0.0,0.0,0.0,0.0,0.0,0.0,0.0,0.0,0.0,0.0,0.0,0.0,0.0,0.0,0,-107875648.0,69,0.0,138,0.0,0.0,0,13107,17040,13107,17049,13107,17043,0,0,0,70,68,100,2.7302359370752657e+23,71.2,0.0,74.2,2.7302370179391762e+23,74.0,1,49,50,180,0,52429,0,0,0.0,0.0,0.0,0.0,-0.0,67.0,0.0,162057.094,0.0,750,0,739,0,0,0,721,0,766,0,736,0,742,0,741,0,712,0,7520,0.032,78920024064.0,0.0,0.0,784,16797,-0.0,162057.094,-114818.039,-0.0,0.133,6.909358625270745e+28,30.0,65.0,35,0.0,0.0,0.0,0.0,0.0,0.0,0.0,0.0,0.0,0.0,0.0,0.0,0.0,0.0,0.0,0.0,69.2,0,150,71,54,65476,0,300,0,1,8,20529,65476,0,0,40632,65.0,0.0,0.0,0.0,0.0,0.0
2026-09-04T20:39:59,ERR,ERR,ERR,ERR,ERR,ERR,ERR,ERR,ERR,ERR,ERR,ERR,ERR,ERR,ERR,ERR,ERR,ERR,ERR,ERR,ERR,ERR,ERR,ERR,ERR,ERR,ERR,ERR,ERR,ERR,ERR,ERR,ERR,ERR,ERR,ERR,ERR,ERR,ERR,ERR,ERR,ERR,ERR,ERR,ERR,ERR,ERR,ERR,ERR,ERR,ERR,ERR,ERR,ERR,ERR,ERR,ERR,ERR,ERR,ERR,ERR,ERR,ERR,ERR,ERR,ERR,ERR,ERR,ERR,ERR,ERR,ERR,ERR,ERR,ERR,ERR,ERR,ERR,ERR,ERR,ERR,ERR,ERR,ERR,ERR,ERR,ERR,ERR,ERR,ERR,ERR,ERR,ERR,ERR,ERR,ERR,ERR,ERR,ERR,ERR,ERR,ERR,ERR,ERR,ERR,ERR,ERR,ERR,ERR,ERR,ERR,ERR,ERR,ERR,ERR,ERR,ERR,ERR,ERR,ERR,ERR,ERR,ERR,ERR,ERR,0.0,0.0,0.0,0.0,0.0,1.3936040501711995e+18,7.805,0.0,0,0,4,0,7116,0.0,100,0.0,0.0,0.0,0.0,0.0,0,0,0,0,0.0,0,0,0,0,0,0,0,0,0,0,0,0,0,0,0,0,0,0,0,0,0,0,0,0,0,0,0,0,0,0,0,0,0,31,40,40,71,65476,0,300,0,0,8,21553,0.0,-107605600.0,0.0,0.0,0.0,0.0,0.0,0.0,0.0,0.0,0.0,0.0,0.0,0.0,0.0,0.0,0.0,0.0,0.0,0.0,0.0,0.0,-2.004,2.004,-0.0,-2.004,0.0,0.0,0.0,0.0,6309.0,0.0,6918.0,0.0,0.0,2.7184303811560617e+23,0.0,0.0,0.0,0.0,0.0,69,-1.9056991512664474e+17,2.7184267782763598e+23,0.0,0.0,0.0,0.0,0.0,0.0,0.0,0,0,0,0.0,0.0,0.0,0.0,0.0,0.0,0.0,0.0,0.0,0.0,0.0,0.0,0.0,0.0,0.0,0.0,0,-107875648.0,69,0.0,138,0.0,0.0,0,13107,17040,13107,17049,13107,17043,0,0,0,70,68,100,2.7302359370752657e+23,71.2,0.0,74.2,2.7302370179391762e+23,74.0,1,49,50,180,0,52429,0,0,0.0,0.0,0.0,0.0,-0.0,67.0,0.0,162057.094,0.0,750,0,739,0,0,0,721,0,766,0,736,0,742,0,741,0,712,0,7520,0.032,78920024064.0,0.0,0.0,784,16797,-0.0,162057.094,-114818.039,-0.0,0.133,6.909358625270745e+28,30.0,65.0,35,0.0,0.0,0.0,0.0,0.0,0.0,0.0,0.0,0.0,0.0,0.0,0.0,0.0,0.0,0.0,0.0,69.2,0,150,71,54,65476,0,300,0,1,8,20529,65476,0,0,40632,65.0,0.0,0.0,0.0,0.0,0.0
2026-09-04T20:40:00,ERR,ERR,ERR,ERR,ERR,ERR,ERR,ERR,ERR,ERR,ERR,ERR,ERR,ERR,ERR,ERR,ERR,ERR,ERR,ERR,ERR,ERR,ERR,ERR,ERR,ERR,ERR,ERR,ERR,ERR,ERR,ERR,ERR,ERR,ERR,ERR,ERR,ERR,ERR,ERR,ERR,ERR,ERR,ERR,ERR,ERR,ERR,ERR,ERR,ERR,ERR,ERR,ERR,ERR,ERR,ERR,ERR,ERR,ERR,ERR,ERR,ERR,ERR,ERR,ERR,ERR,ERR,ERR,ERR,ERR,ERR,ERR,ERR,ERR,ERR,ERR,ERR,ERR,ERR,ERR,ERR,ERR,ERR,ERR,ERR,ERR,ERR,ERR,ERR,ERR,ERR,ERR,ERR,ERR,ERR,ERR,ERR,ERR,ERR,ERR,ERR,ERR,ERR,ERR,ERR,ERR,ERR,ERR,ERR,ERR,ERR,ERR,ERR,ERR,ERR,ERR,ERR,ERR,ERR,ERR,ERR,ERR,ERR,ERR,ERR,0.0,0.0,0.0,0.0,0.0,1.3936040501711995e+18,7.805,0.0,0,0,4,0,7116,0.0,100,0.0,0.0,0.0,0.0,0.0,0,0,0,0,0.0,0,0,0,0,0,0,0,0,0,0,0,0,0,0,0,0,0,0,0,0,0,0,0,0,0,0,0,0,0,0,0,0,0,31,40,40,71,65476,0,300,0,0,8,21553,0.0,-107605600.0,0.0,0.0,0.0,0.0,0.0,0.0,0.0,0.0,0.0,0.0,0.0,0.0,0.0,0.0,0.0,0.0,0.0,0.0,0.0,0.0,-2.004,-0.0,-0.0,-2.004,0.0,0.0,0.0,0.0,6278.0,-3.697203725810742e+19,6940.0,0.0,0.0,2.7184303811560617e+23,0.0,0.0,0.0,0.0,0.0,69,-2.3088415973249647e+20,0.0,0.0,0.0,0.0,0.0,0.0,0.0,0.0,0,0,0,0.0,0.0,0.0,0.0,0.0,0.0,0.0,0.0,0.0,0.0,0.0,0.0,0.0,0.0,0.0,0.0,0,-107875648.0,69,0.0,138,0.0,0.0,0,13107,17040,13107,17049,13107,17043,0,0,0,70,68,100,2.7302359370752657e+23,71.1,0.0,74.2,2.7302370179391762e+23,74.0,1,49,50,180,0,52429,0,0,0.0,0.0,0.0,0.0,-0.0,67.0,0.0,162057.094,0.0,750,0,739,0,0,0,721,0,766,0,736,0,742,0,741,0,712,0,7520,0.032,79993765888.0,0.0,0.0,784,16797,-0.0,162057.094,-114818.039,-0.0,0.133,6.909358625270745e+28,30.0,65.0,35,0.0,0.0,0.0,0.0,0.0,0.0,0.0,0.0,0.0,0.0,0.0,0.0,0.0,0.0,0.0,0.0,69.2,0,150,71,54,65476,0,300,0,1,8,20529,65476,0,0,40632,65.0,0.0,0.0,0.0,0.0,0.0
2026-09-04T20:40:01,ERR,ERR,ERR,ERR,ERR,ERR,ERR,ERR,ERR,ERR,ERR,ERR,ERR,ERR,ERR,ERR,ERR,ERR,ERR,ERR,ERR,ERR,ERR,ERR,ERR,ERR,ERR,ERR,ERR,ERR,ERR,ERR,ERR,ERR,ERR,ERR,ERR,ERR,ERR,ERR,ERR,ERR,ERR,ERR,ERR,ERR,ERR,ERR,ERR,ERR,ERR,ERR,ERR,ERR,ERR,ERR,ERR,ERR,ERR,ERR,ERR,ERR,ERR,ERR,ERR,ERR,ERR,ERR,ERR,ERR,ERR,ERR,ERR,ERR,ERR,ERR,ERR,ERR,ERR,ERR,ERR,ERR,ERR,ERR,ERR,ERR,ERR,ERR,ERR,ERR,ERR,ERR,ERR,ERR,ERR,ERR,ERR,ERR,ERR,ERR,ERR,ERR,ERR,ERR,ERR,ERR,ERR,ERR,ERR,ERR,ERR,ERR,ERR,ERR,ERR,ERR,ERR,ERR,ERR,ERR,ERR,ERR,ERR,ERR,ERR,0.0,0.0,0.0,0.0,0.0,1.3936040501711995e+18,7.805,0.0,0,0,4,0,7116,0.0,100,0.0,0.0,0.0,0.0,0.0,0,0,0,0,0.0,0,0,0,0,0,0,0,0,0,0,0,0,0,0,0,0,0,0,0,0,0,0,0,0,0,0,0,0,0,0,0,0,0,31,40,40,71,65476,0,300,0,0,8,21553,0.0,-107605600.0,0.0,0.0,0.0,0.0,0.0,0.0,0.0,0.0,0.0,0.0,0.0,0.0,0.0,0.0,0.0,0.0,0.0,0.0,0.0,0.0,-2.004,-0.0,-0.0,-2.004,0.0,0.0,0.0,0.0,6278.0,-3.697203725810742e+19,6940.0,0.0,0.0,2.7184303811560617e+23,0.0,0.0,0.0,0.0,0.0,69,-2.3088415973249647e+20,0.0,0.0,0.0,0.0,0.0,0.0,0.0,0.0,0,0,0,0.0,0.0,0.0,0.0,0.0,0.0,0.0,0.0,0.0,0.0,0.0,0.0,0.0,0.0,0.0,0.0,0,-107875648.0,69,0.0,138,0.0,0.0,0,13107,17040,13107,17049,13107,17043,0,0,0,70,68,100,2.7302359370752657e+23,71.1,0.0,74.2,2.7302370179391762e+23,74.0,1,49,50,180,0,52429,0,0,0.0,0.0,0.0,0.0,-0.0,67.0,0.0,162057.094,0.0,750,0,739,0,0,0,721,0,766,0,736,0,742,0,741,0,712,0,7520,0.032,79993765888.0,0.0,0.0,784,16797,-0.0,162057.094,-114818.039,-0.0,0.133,6.909358625270745e+28,30.0,65.0,35,0.0,0.0,0.0,0.0,0.0,0.0,0.0,0.0,0.0,0.0,0.0,0.0,0.0,0.0,0.0,0.0,69.2,0,150,71,54,65476,0,300,0,1,8,20529,65476,0,0,40632,65.0,0.0,0.0,0.0,0.0,0.0
2026-09-04T20:40:02,ERR,ERR,ERR,ERR,ERR,ERR,ERR,ERR,ERR,ERR,ERR,ERR,ERR,ERR,ERR,ERR,ERR,ERR,ERR,ERR,ERR,ERR,ERR,ERR,ERR,ERR,ERR,ERR,ERR,ERR,ERR,ERR,ERR,ERR,ERR,ERR,ERR,ERR,ERR,ERR,ERR,ERR,ERR,ERR,ERR,ERR,ERR,ERR,ERR,ERR,ERR,ERR,ERR,ERR,ERR,ERR,ERR,ERR,ERR,ERR,ERR,ERR,ERR,ERR,ERR,ERR,ERR,ERR,ERR,ERR,ERR,ERR,ERR,ERR,ERR,ERR,ERR,ERR,ERR,ERR,ERR,ERR,ERR,ERR,ERR,ERR,ERR,ERR,ERR,ERR,ERR,ERR,ERR,ERR,ERR,ERR,ERR,ERR,ERR,ERR,ERR,ERR,ERR,ERR,ERR,ERR,ERR,ERR,ERR,ERR,ERR,ERR,ERR,ERR,ERR,ERR,ERR,ERR,ERR,ERR,ERR,ERR,ERR,ERR,ERR,0.0,0.0,0.0,0.0,0.0,1.3936040501711995e+18,7.805,0.0,0,0,4,0,7116,0.0,100,0.0,0.0,0.0,0.0,0.0,0,0,0,0,0.0,0,0,0,0,0,0,0,0,0,0,0,0,0,0,0,0,0,0,0,0,0,0,0,0,0,0,0,0,0,0,0,0,0,31,40,40,71,65476,0,300,0,0,8,21553,0.0,-107605600.0,0.0,0.0,0.0,0.0,0.0,0.0,0.0,0.0,0.0,0.0,0.0,0.0,0.0,0.0,0.0,0.0,0.0,0.0,0.0,0.0,-2.004,-0.0,-0.0,-2.004,0.0,0.0,0.0,0.0,6278.0,-3.697203725810742e+19,6940.0,0.0,0.0,2.7184303811560617e+23,0.0,0.0,0.0,0.0,0.0,69,-2.3088415973249647e+20,0.0,0.0,0.0,0.0,0.0,0.0,0.0,0.0,0,0,0,0.0,0.0,0.0,0.0,0.0,0.0,0.0,0.0,0.0,0.0,0.0,0.0,0.0,0.0,0.0,0.0,0,-107875648.0,69,0.0,138,0.0,0.0,0,13107,17040,13107,17049,13107,17043,0,0,0,70,68,100,2.7302359370752657e+23,71.1,0.0,74.2,2.7302370179391762e+23,74.0,1,49,50,180,0,52429,0,0,0.0,0.0,0.0,0.0,-0.0,67.0,0.0,162057.094,0.0,750,0,739,0,0,0,721,0,766,0,736,0,742,0,741,0,712,0,7520,0.032,79993765888.0,0.0,0.0,784,16797,-0.0,162057.094,-114818.039,-0.0,0.133,6.909358625270745e+28,30.0,65.0,35,0.0,0.0,0.0,0.0,0.0,0.0,0.0,0.0,0.0,0.0,0.0,0.0,0.0,0.0,0.0,0.0,69.2,0,150,71,54,65476,0,300,0,1,8,20529,65476,0,0,40632,65.0,0.0,0.0,0.0,0.0,0.0
2026-09-04T20:40:03,ERR,ERR,ERR,ERR,ERR,ERR,ERR,ERR,ERR,ERR,ERR,ERR,ERR,ERR,ERR,ERR,ERR,ERR,ERR,ERR,ERR,ERR,ERR,ERR,ERR,ERR,ERR,ERR,ERR,ERR,ERR,ERR,ERR,ERR,ERR,ERR,ERR,ERR,ERR,ERR,ERR,ERR,ERR,ERR,ERR,ERR,ERR,ERR,ERR,ERR,ERR,ERR,ERR,ERR,ERR,ERR,ERR,ERR,ERR,ERR,ERR,ERR,ERR,ERR,ERR,ERR,ERR,ERR,ERR,ERR,ERR,ERR,ERR,ERR,ERR,ERR,ERR,ERR,ERR,ERR,ERR,ERR,ERR,ERR,ERR,ERR,ERR,ERR,ERR,ERR,ERR,ERR,ERR,ERR,ERR,ERR,ERR,ERR,ERR,ERR,ERR,ERR,ERR,ERR,ERR,ERR,ERR,ERR,ERR,ERR,ERR,ERR,ERR,ERR,ERR,ERR,ERR,ERR,ERR,ERR,ERR,ERR,ERR,ERR,ERR,0.0,0.0,0.0,0.0,0.0,1.3936040501711995e+18,7.805,0.0,0,0,4,0,7116,0.0,100,0.0,0.0,0.0,0.0,0.0,0,0,0,0,0.0,0,0,0,0,0,0,0,0,0,0,0,0,0,0,0,0,0,0,0,0,0,0,0,0,0,0,0,0,0,0,0,0,0,31,40,40,71,65476,0,300,0,0,8,21553,0.0,-107605600.0,0.0,0.0,0.0,0.0,0.0,0.0,0.0,0.0,0.0,0.0,0.0,0.0,0.0,0.0,0.0,0.0,0.0,0.0,0.0,0.0,-2.004,-0.0,-0.0,-2.004,0.0,0.0,0.0,0.0,6278.0,-3.697203725810742e+19,6940.0,0.0,0.0,2.7184303811560617e+23,0.0,0.0,0.0,0.0,0.0,69,-2.3088415973249647e+20,0.0,0.0,0.0,0.0,0.0,0.0,0.0,0.0,0,0,0,0.0,0.0,0.0,0.0,0.0,0.0,0.0,0.0,0.0,0.0,0.0,0.0,0.0,0.0,0.0,0.0,0,-107875648.0,69,0.0,138,0.0,0.0,0,13107,17040,13107,17049,13107,17043,0,0,0,70,68,100,2.7302359370752657e+23,71.1,0.0,74.2,2.7302370179391762e+23,74.0,1,49,50,180,0,52429,0,0,0.0,0.0,0.0,0.0,-0.0,67.0,0.0,162057.094,0.0,750,0,739,0,0,0,721,0,766,0,736,0,742,0,741,0,712,0,7520,0.032,79993765888.0,0.0,0.0,784,16797,-0.0,162057.094,-114818.039,-0.0,0.133,6.909358625270745e+28,30.0,65.0,35,0.0,0.0,0.0,0.0,0.0,0.0,0.0,0.0,0.0,0.0,0.0,0.0,0.0,0.0,0.0,0.0,69.2,0,150,71,54,65476,0,300,0,1,8,20529,65476,0,0,40632,65.0,0.0,0.0,0.0,0.0,0.0
2026-09-04T20:40:04,ERR,ERR,ERR,ERR,ERR,ERR,ERR,ERR,ERR,ERR,ERR,ERR,ERR,ERR,ERR,ERR,ERR,ERR,ERR,ERR,ERR,ERR,ERR,ERR,ERR,ERR,ERR,ERR,ERR,ERR,ERR,ERR,ERR,ERR,ERR,ERR,ERR,ERR,ERR,ERR,ERR,ERR,ERR,ERR,ERR,ERR,ERR,ERR,ERR,ERR,ERR,ERR,ERR,ERR,ERR,ERR,ERR,ERR,ERR,ERR,ERR,ERR,ERR,ERR,ERR,ERR,ERR,ERR,ERR,ERR,ERR,ERR,ERR,ERR,ERR,ERR,ERR,ERR,ERR,ERR,ERR,ERR,ERR,ERR,ERR,ERR,ERR,ERR,ERR,ERR,ERR,ERR,ERR,ERR,ERR,ERR,ERR,ERR,ERR,ERR,ERR,ERR,ERR,ERR,ERR,ERR,ERR,ERR,ERR,ERR,ERR,ERR,ERR,ERR,ERR,ERR,ERR,ERR,ERR,ERR,ERR,ERR,ERR,ERR,ERR,0.0,0.0,0.0,0.0,0.0,1.3936040501711995e+18,7.805,0.0,0,0,4,0,7116,0.0,100,0.0,0.0,0.0,0.0,0.0,0,0,0,0,0.0,0,0,0,0,0,0,0,0,0,0,0,0,0,0,0,0,0,0,0,0,0,0,0,0,0,0,0,0,0,0,0,0,0,31,40,40,71,65476,0,300,0,0,8,21553,0.0,-107605600.0,0.0,0.0,0.0,0.0,0.0,0.0,0.0,0.0,0.0,0.0,0.0,0.0,0.0,0.0,0.0,0.0,0.0,0.0,0.0,0.0,-2.004,-0.0,-0.0,-2.004,0.0,0.0,0.0,0.0,6278.0,-3.697203725810742e+19,6940.0,0.0,0.0,2.7184303811560617e+23,0.0,0.0,0.0,0.0,0.0,69,-2.3088415973249647e+20,0.0,0.0,0.0,0.0,0.0,0.0,0.0,0.0,0,0,0,0.0,0.0,0.0,0.0,0.0,0.0,0.0,0.0,0.0,0.0,0.0,0.0,0.0,0.0,0.0,0.0,0,-107875648.0,69,0.0,138,0.0,0.0,0,13107,17040,13107,17049,13107,17043,0,0,0,70,68,100,2.7302359370752657e+23,71.1,0.0,74.2,2.7302370179391762e+23,74.0,1,49,50,180,0,52429,0,0,0.0,0.0,0.0,0.0,-0.0,67.0,0.0,162057.094,0.0,750,0,739,0,0,0,721,0,766,0,736,0,742,0,741,0,712,0,7520,0.032,79993765888.0,0.0,0.0,784,16797,-0.0,162057.094,-114818.039,-0.0,0.133,6.909358625270745e+28,30.0,65.0,35,0.0,0.0,0.0,0.0,0.0,0.0,0.0,0.0,0.0,0.0,0.0,0.0,0.0,0.0,0.0,0.0,69.2,0,150,71,54,65476,0,300,0,1,8,20529,65476,0,0,40632,65.0,0.0,0.0,0.0,0.0,0.0
2026-09-04T20:40:05,ERR,ERR,ERR,ERR,ERR,ERR,ERR,ERR,ERR,ERR,ERR,ERR,ERR,ERR,ERR,ERR,ERR,ERR,ERR,ERR,ERR,ERR,ERR,ERR,ERR,ERR,ERR,ERR,ERR,ERR,ERR,ERR,ERR,ERR,ERR,ERR,ERR,ERR,ERR,ERR,ERR,ERR,ERR,ERR,ERR,ERR,ERR,ERR,ERR,ERR,ERR,ERR,ERR,ERR,ERR,ERR,ERR,ERR,ERR,ERR,ERR,ERR,ERR,ERR,ERR,ERR,ERR,ERR,ERR,ERR,ERR,ERR,ERR,ERR,ERR,ERR,ERR,ERR,ERR,ERR,ERR,ERR,ERR,ERR,ERR,ERR,ERR,ERR,ERR,ERR,ERR,ERR,ERR,ERR,ERR,ERR,ERR,ERR,ERR,ERR,ERR,ERR,ERR,ERR,ERR,ERR,ERR,ERR,ERR,ERR,ERR,ERR,ERR,ERR,ERR,ERR,ERR,ERR,ERR,ERR,ERR,ERR,ERR,ERR,ERR,0.0,0.0,0.0,0.0,0.0,1.3936040501711995e+18,7.805,0.0,0,0,4,0,7116,0.0,100,0.0,0.0,0.0,0.0,0.0,0,0,0,0,0.0,0,0,0,0,0,0,0,0,0,0,0,0,0,0,0,0,0,0,0,0,0,0,0,0,0,0,0,0,0,0,0,0,0,31,40,40,71,65476,0,300,0,0,8,21553,0.0,-107605600.0,0.0,0.0,0.0,0.0,0.0,0.0,0.0,0.0,0.0,0.0,0.0,0.0,0.0,0.0,0.0,0.0,0.0,0.0,0.0,0.0,-2.004,-0.0,-0.0,-2.004,0.0,0.0,0.0,0.0,6278.0,-3.697203725810742e+19,6940.0,0.0,0.0,2.7184303811560617e+23,0.0,0.0,0.0,0.0,0.0,69,-2.3088415973249647e+20,0.0,0.0,0.0,0.0,0.0,0.0,0.0,0.0,0,0,0,0.0,0.0,0.0,0.0,0.0,0.0,0.0,0.0,0.0,0.0,0.0,0.0,0.0,0.0,0.0,0.0,0,-107875648.0,69,0.0,138,0.0,0.0,0,13107,17040,13107,17049,13107,17043,0,0,0,70,68,100,2.7302359370752657e+23,71.1,0.0,74.2,2.7302370179391762e+23,74.0,1,49,50,180,0,52429,0,0,0.0,0.0,0.0,0.0,-0.0,67.0,0.0,162057.094,0.0,750,0,739,0,0,0,721,0,766,0,736,0,742,0,741,0,712,0,7520,0.032,79993765888.0,0.0,0.0,784,16797,-0.0,162057.094,-114818.039,-0.0,0.133,6.909358625270745e+28,30.0,65.0,35,0.0,0.0,0.0,0.0,0.0,0.0,0.0,0.0,0.0,0.0,0.0,0.0,0.0,0.0,0.0,0.0,69.2,0,150,71,54,65476,0,300,0,1,8,20529,65476,0,0,40632,65.0,0.0,0.0,0.0,0.0,0.0
2026-09-04T20:40:06,ERR,ERR,ERR,ERR,ERR,ERR,ERR,ERR,ERR,ERR,ERR,ERR,ERR,ERR,ERR,ERR,ERR,ERR,ERR,ERR,ERR,ERR,ERR,ERR,ERR,ERR,ERR,ERR,ERR,ERR,ERR,ERR,ERR,ERR,ERR,ERR,ERR,ERR,ERR,ERR,ERR,ERR,ERR,ERR,ERR,ERR,ERR,ERR,ERR,ERR,ERR,ERR,ERR,ERR,ERR,ERR,ERR,ERR,ERR,ERR,ERR,ERR,ERR,ERR,ERR,ERR,ERR,ERR,ERR,ERR,ERR,ERR,ERR,ERR,ERR,ERR,ERR,ERR,ERR,ERR,ERR,ERR,ERR,ERR,ERR,ERR,ERR,ERR,ERR,ERR,ERR,ERR,ERR,ERR,ERR,ERR,ERR,ERR,ERR,ERR,ERR,ERR,ERR,ERR,ERR,ERR,ERR,ERR,ERR,ERR,ERR,ERR,ERR,ERR,ERR,ERR,ERR,ERR,ERR,ERR,ERR,ERR,ERR,ERR,ERR,0.0,0.0,0.0,0.0,0.0,1.3936040501711995e+18,7.805,0.0,0,0,4,0,7116,0.0,100,0.0,0.0,0.0,0.0,0.0,0,0,0,0,0.0,0,0,0,0,0,0,0,0,0,0,0,0,0,0,0,0,0,0,0,0,0,0,0,0,0,0,0,0,0,0,0,0,0,31,40,40,71,65476,0,300,0,0,8,21553,0.0,-107605600.0,0.0,0.0,0.0,0.0,0.0,0.0,0.0,0.0,0.0,0.0,0.0,0.0,0.0,0.0,0.0,0.0,0.0,0.0,0.0,0.0,-2.004,-0.0,-0.0,-2.004,0.0,0.0,0.0,0.0,6278.0,-3.697203725810742e+19,6940.0,0.0,0.0,2.7184303811560617e+23,0.0,0.0,0.0,0.0,0.0,69,-2.3088415973249647e+20,0.0,0.0,0.0,0.0,0.0,0.0,0.0,0.0,0,0,0,0.0,0.0,0.0,0.0,0.0,0.0,0.0,0.0,0.0,0.0,0.0,0.0,0.0,0.0,0.0,0.0,0,-107875648.0,69,0.0,138,0.0,0.0,0,13107,17040,13107,17049,13107,17043,0,0,0,70,68,100,2.7302359370752657e+23,71.1,0.0,74.2,2.7302370179391762e+23,74.0,1,49,50,180,0,52429,0,0,0.0,0.0,0.0,0.0,-0.0,67.0,0.0,162057.094,0.0,750,0,739,0,0,0,721,0,766,0,736,0,742,0,741,0,712,0,7520,0.032,79456894976.0,0.0,0.0,784,16797,-0.0,162057.094,-114818.039,-0.0,0.133,6.909358625270745e+28,30.0,65.0,35,0.0,0.0,0.0,0.0,0.0,0.0,0.0,0.0,0.0,0.0,0.0,0.0,0.0,0.0,0.0,0.0,69.2,0,150,71,54,65476,0,300,0,1,8,20529,65476,0,0,40632,65.0,0.0,0.0,0.0,0.0,0.0
2026-09-04T20:40:07,ERR,ERR,ERR,ERR,ERR,ERR,ERR,ERR,ERR,ERR,ERR,ERR,ERR,ERR,ERR,ERR,ERR,ERR,ERR,ERR,ERR,ERR,ERR,ERR,ERR,ERR,ERR,ERR,ERR,ERR,ERR,ERR,ERR,ERR,ERR,ERR,ERR,ERR,ERR,ERR,ERR,ERR,ERR,ERR,ERR,ERR,ERR,ERR,ERR,ERR,ERR,ERR,ERR,ERR,ERR,ERR,ERR,ERR,ERR,ERR,ERR,ERR,ERR,ERR,ERR,ERR,ERR,ERR,ERR,ERR,ERR,ERR,ERR,ERR,ERR,ERR,ERR,ERR,ERR,ERR,ERR,ERR,ERR,ERR,ERR,ERR,ERR,ERR,ERR,ERR,ERR,ERR,ERR,ERR,ERR,ERR,ERR,ERR,ERR,ERR,ERR,ERR,ERR,ERR,ERR,ERR,ERR,ERR,ERR,ERR,ERR,ERR,ERR,ERR,ERR,ERR,ERR,ERR,ERR,ERR,ERR,ERR,ERR,ERR,ERR,0.0,0.0,0.0,0.0,0.0,1.3936040501711995e+18,7.805,0.0,0,0,4,0,7116,0.0,100,0.0,0.0,0.0,0.0,0.0,0,0,0,0,0.0,0,0,0,0,0,0,0,0,0,0,0,0,0,0,0,0,0,0,0,0,0,0,0,0,0,0,0,0,0,0,0,0,0,31,40,40,71,65476,0,300,0,0,8,21553,0.0,-107605600.0,0.0,0.0,0.0,0.0,0.0,0.0,0.0,0.0,0.0,0.0,0.0,0.0,0.0,0.0,0.0,0.0,0.0,0.0,0.0,0.0,-2.004,2.004,-0.0,-2.004,0.0,0.0,0.0,0.0,6280.0,-3.697203725810742e+19,6940.0,0.0,0.0,2.7184303811560617e+23,0.0,0.0,0.0,0.0,0.0,69,-2.3088415973249647e+20,0.0,0.0,0.0,0.0,0.0,0.0,0.0,0.0,0,0,0,0.0,0.0,0.0,0.0,0.0,0.0,0.0,0.0,0.0,0.0,0.0,0.0,0.0,0.0,0.0,0.0,0,-107875648.0,69,0.0,138,0.0,0.0,0,13107,17040,13107,17049,13107,17043,0,0,0,70,68,100,2.7302359370752657e+23,71.1,0.0,74.2,2.7302370179391762e+23,74.0,1,49,50,180,0,52429,0,0,0.0,0.0,0.0,0.0,-0.0,67.0,0.0,162057.094,0.0,750,0,739,0,0,0,721,0,766,0,736,0,742,0,741,0,712,0,7520,0.032,79456894976.0,0.0,0.0,784,16797,-0.0,162057.094,-114818.039,-0.0,0.133,6.909358625270745e+28,30.0,65.0,35,0.0,0.0,0.0,0.0,0.0,0.0,0.0,0.0,0.0,0.0,0.0,0.0,0.0,0.0,0.0,0.0,69.2,0,150,71,54,65476,0,300,0,1,8,20529,65476,0,0,40632,65.0,0.0,0.0,0.0,0.0,0.0
2026-09-04T20:40:08,ERR,ERR,ERR,ERR,ERR,ERR,ERR,ERR,ERR,ERR,ERR,ERR,ERR,ERR,ERR,ERR,ERR,ERR,ERR,ERR,ERR,ERR,ERR,ERR,ERR,ERR,ERR,ERR,ERR,ERR,ERR,ERR,ERR,ERR,ERR,ERR,ERR,ERR,ERR,ERR,ERR,ERR,ERR,ERR,ERR,ERR,ERR,ERR,ERR,ERR,ERR,ERR,ERR,ERR,ERR,ERR,ERR,ERR,ERR,ERR,ERR,ERR,ERR,ERR,ERR,ERR,ERR,ERR,ERR,ERR,ERR,ERR,ERR,ERR,ERR,ERR,ERR,ERR,ERR,ERR,ERR,ERR,ERR,ERR,ERR,ERR,ERR,ERR,ERR,ERR,ERR,ERR,ERR,ERR,ERR,ERR,ERR,ERR,ERR,ERR,ERR,ERR,ERR,ERR,ERR,ERR,ERR,ERR,ERR,ERR,ERR,ERR,ERR,ERR,ERR,ERR,ERR,ERR,ERR,ERR,ERR,ERR,ERR,ERR,ERR,0.0,0.0,0.0,0.0,0.0,1.3936040501711995e+18,7.805,0.0,0,0,4,0,7116,0.0,100,0.0,0.0,0.0,0.0,0.0,0,0,0,0,0.0,0,0,0,0,0,0,0,0,0,0,0,0,0,0,0,0,0,0,0,0,0,0,0,0,0,0,0,0,0,0,0,0,0,31,40,40,71,65476,0,300,0,0,8,21553,0.0,-107605600.0,0.0,0.0,0.0,0.0,0.0,0.0,0.0,0.0,0.0,0.0,0.0,0.0,0.0,0.0,0.0,0.0,0.0,0.0,0.0,0.0,-2.004,2.004,-0.0,-2.004,0.0,0.0,0.0,0.0,6280.0,-3.697203725810742e+19,6940.0,0.0,0.0,2.7184303811560617e+23,0.0,0.0,0.0,0.0,0.0,69,-2.3088415973249647e+20,0.0,0.0,0.0,0.0,0.0,0.0,0.0,0.0,0,0,0,0.0,0.0,0.0,0.0,0.0,0.0,0.0,0.0,0.0,0.0,0.0,0.0,0.0,0.0,0.0,0.0,0,-107875648.0,69,0.0,138,0.0,0.0,0,13107,17040,13107,17049,13107,17043,0,0,0,70,68,100,2.7302359370752657e+23,71.1,0.0,74.2,2.7302370179391762e+23,74.0,1,49,50,180,0,52429,0,0,0.0,0.0,0.0,0.0,-0.0,67.0,0.0,162057.094,0.0,750,0,739,0,0,0,721,0,766,0,736,0,742,0,741,0,712,0,7520,0.032,79456894976.0,0.0,0.0,784,16797,-0.0,162057.094,-114818.039,-0.0,0.133,6.909358625270745e+28,30.0,65.0,35,0.0,0.0,0.0,0.0,0.0,0.0,0.0,0.0,0.0,0.0,0.0,0.0,0.0,0.0,0.0,0.0,69.2,0,150,71,54,65476,0,300,0,1,8,20529,65476,0,0,40632,65.0,0.0,0.0,0.0,0.0,0.0
2026-09-04T20:40:09,ERR,ERR,ERR,ERR,ERR,ERR,ERR,ERR,ERR,ERR,ERR,ERR,ERR,ERR,ERR,ERR,ERR,ERR,ERR,ERR,ERR,ERR,ERR,ERR,ERR,ERR,ERR,ERR,ERR,ERR,ERR,ERR,ERR,ERR,ERR,ERR,ERR,ERR,ERR,ERR,ERR,ERR,ERR,ERR,ERR,ERR,ERR,ERR,ERR,ERR,ERR,ERR,ERR,ERR,ERR,ERR,ERR,ERR,ERR,ERR,ERR,ERR,ERR,ERR,ERR,ERR,ERR,ERR,ERR,ERR,ERR,ERR,ERR,ERR,ERR,ERR,ERR,ERR,ERR,ERR,ERR,ERR,ERR,ERR,ERR,ERR,ERR,ERR,ERR,ERR,ERR,ERR,ERR,ERR,ERR,ERR,ERR,ERR,ERR,ERR,ERR,ERR,ERR,ERR,ERR,ERR,ERR,ERR,ERR,ERR,ERR,ERR,ERR,ERR,ERR,ERR,ERR,ERR,ERR,ERR,ERR,ERR,ERR,ERR,ERR,0.0,0.0,0.0,0.0,0.0,1.3936040501711995e+18,7.805,0.0,0,0,4,0,7116,0.0,100,0.0,0.0,0.0,0.0,0.0,0,0,0,0,0.0,0,0,0,0,0,0,0,0,0,0,0,0,0,0,0,0,0,0,0,0,0,0,0,0,0,0,0,0,0,0,0,0,0,31,40,40,71,65476,0,300,0,0,8,21553,0.0,-107605600.0,0.0,0.0,0.0,0.0,0.0,0.0,0.0,0.0,0.0,0.0,0.0,0.0,0.0,0.0,0.0,0.0,0.0,0.0,0.0,0.0,-2.004,2.004,-0.0,-2.004,0.0,0.0,0.0,0.0,6280.0,-3.697203725810742e+19,6940.0,0.0,0.0,2.7184303811560617e+23,0.0,0.0,0.0,0.0,0.0,69,-2.3088415973249647e+20,0.0,0.0,0.0,0.0,0.0,0.0,0.0,0.0,0,0,0,0.0,0.0,0.0,0.0,0.0,0.0,0.0,0.0,0.0,0.0,0.0,0.0,0.0,0.0,0.0,0.0,0,-107875648.0,69,0.0,138,0.0,0.0,0,13107,17040,13107,17049,13107,17043,0,0,0,70,68,100,2.7302359370752657e+23,71.1,0.0,74.2,2.7302370179391762e+23,74.0,1,49,50,180,0,52429,0,0,0.0,0.0,0.0,0.0,-0.0,67.0,0.0,162057.094,0.0,750,0,739,0,0,0,721,0,766,0,736,0,742,0,741,0,712,0,7520,0.032,79456894976.0,0.0,0.0,784,16797,-0.0,162057.094,-114818.039,-0.0,0.133,6.909358625270745e+28,30.0,65.0,35,0.0,0.0,0.0,0.0,0.0,0.0,0.0,0.0,0.0,0.0,0.0,0.0,0.0,0.0,0.0,0.0,69.2,0,150,71,54,65476,0,300,0,1,8,20529,65476,0,0,40632,65.0,0.0,0.0,0.0,0.0,0.0
2026-09-04T20:40:10,ERR,ERR,ERR,ERR,ERR,ERR,ERR,ERR,ERR,ERR,ERR,ERR,ERR,ERR,ERR,ERR,ERR,ERR,ERR,ERR,ERR,ERR,ERR,ERR,ERR,ERR,ERR,ERR,ERR,ERR,ERR,ERR,ERR,ERR,ERR,ERR,ERR,ERR,ERR,ERR,ERR,ERR,ERR,ERR,ERR,ERR,ERR,ERR,ERR,ERR,ERR,ERR,ERR,ERR,ERR,ERR,ERR,ERR,ERR,ERR,ERR,ERR,ERR,ERR,ERR,ERR,ERR,ERR,ERR,ERR,ERR,ERR,ERR,ERR,ERR,ERR,ERR,ERR,ERR,ERR,ERR,ERR,ERR,ERR,ERR,ERR,ERR,ERR,ERR,ERR,ERR,ERR,ERR,ERR,ERR,ERR,ERR,ERR,ERR,ERR,ERR,ERR,ERR,ERR,ERR,ERR,ERR,ERR,ERR,ERR,ERR,ERR,ERR,ERR,ERR,ERR,ERR,ERR,ERR,ERR,ERR,ERR,ERR,ERR,ERR,0.0,0.0,0.0,0.0,0.0,1.3936040501711995e+18,7.805,0.0,0,0,4,0,7116,0.0,100,0.0,0.0,0.0,0.0,0.0,0,0,0,0,0.0,0,0,0,0,0,0,0,0,0,0,0,0,0,0,0,0,0,0,0,0,0,0,0,0,0,0,0,0,0,0,0,0,0,31,40,40,71,65476,0,300,0,0,8,21553,0.0,-107605600.0,0.0,0.0,0.0,0.0,0.0,0.0,0.0,0.0,0.0,0.0,0.0,0.0,0.0,0.0,0.0,0.0,0.0,0.0,0.0,0.0,-2.004,2.004,-0.0,-2.004,0.0,0.0,0.0,0.0,6280.0,-3.697203725810742e+19,6940.0,0.0,0.0,2.7184303811560617e+23,0.0,0.0,0.0,0.0,0.0,69,-2.3088415973249647e+20,0.0,0.0,0.0,0.0,0.0,0.0,0.0,0.0,0,0,0,0.0,0.0,0.0,0.0,0.0,0.0,0.0,0.0,0.0,0.0,0.0,0.0,0.0,0.0,0.0,0.0,0,-107875648.0,69,0.0,138,0.0,0.0,0,13107,17040,13107,17049,13107,17043,0,0,0,70,68,100,2.7302359370752657e+23,71.1,0.0,74.2,2.7302370179391762e+23,74.0,1,49,50,180,0,52429,0,0,0.0,0.0,0.0,0.0,-0.0,67.0,0.0,162057.094,0.0,750,0,739,0,0,0,721,0,766,0,736,0,742,0,741,0,712,0,7520,0.032,79456894976.0,0.0,0.0,784,16797,-0.0,162057.094,-114818.039,-0.0,0.133,6.909358625270745e+28,30.0,65.0,35,0.0,0.0,0.0,0.0,0.0,0.0,0.0,0.0,0.0,0.0,0.0,0.0,0.0,0.0,0.0,0.0,69.2,0,150,71,54,65476,0,300,0,1,8,20529,65476,0,0,40632,65.0,0.0,0.0,0.0,0.0,0.0
2026-09-04T20:40:11,ERR,ERR,ERR,ERR,ERR,ERR,ERR,ERR,ERR,ERR,ERR,ERR,ERR,ERR,ERR,ERR,ERR,ERR,ERR,ERR,ERR,ERR,ERR,ERR,ERR,ERR,ERR,ERR,ERR,ERR,ERR,ERR,ERR,ERR,ERR,ERR,ERR,ERR,ERR,ERR,ERR,ERR,ERR,ERR,ERR,ERR,ERR,ERR,ERR,ERR,ERR,ERR,ERR,ERR,ERR,ERR,ERR,ERR,ERR,ERR,ERR,ERR,ERR,ERR,ERR,ERR,ERR,ERR,ERR,ERR,ERR,ERR,ERR,ERR,ERR,ERR,ERR,ERR,ERR,ERR,ERR,ERR,ERR,ERR,ERR,ERR,ERR,ERR,ERR,ERR,ERR,ERR,ERR,ERR,ERR,ERR,ERR,ERR,ERR,ERR,ERR,ERR,ERR,ERR,ERR,ERR,ERR,ERR,ERR,ERR,ERR,ERR,ERR,ERR,ERR,ERR,ERR,ERR,ERR,ERR,ERR,ERR,ERR,ERR,ERR,0.0,0.0,0.0,0.0,0.0,1.3936040501711995e+18,7.805,0.0,0,0,4,0,7116,0.0,100,0.0,0.0,0.0,0.0,0.0,0,0,0,0,0.0,0,0,0,0,0,0,0,0,0,0,0,0,0,0,0,0,0,0,0,0,0,0,0,0,0,0,0,0,0,0,0,0,0,31,40,40,71,65476,0,300,0,0,8,21553,0.0,-107605600.0,0.0,0.0,0.0,0.0,0.0,0.0,0.0,0.0,0.0,0.0,0.0,0.0,0.0,0.0,0.0,0.0,0.0,0.0,0.0,0.0,-2.004,2.004,-0.0,-2.004,0.0,0.0,0.0,0.0,6280.0,-3.697203725810742e+19,6940.0,0.0,0.0,2.7184303811560617e+23,0.0,0.0,0.0,0.0,0.0,69,-2.3088415973249647e+20,0.0,0.0,0.0,0.0,0.0,0.0,0.0,0.0,0,0,0,0.0,0.0,0.0,0.0,0.0,0.0,0.0,0.0,0.0,0.0,0.0,0.0,0.0,0.0,0.0,0.0,0,-107875648.0,69,0.0,138,0.0,0.0,0,13107,17040,13107,17049,13107,17043,0,0,0,70,68,100,2.7302359370752657e+23,71.1,0.0,74.2,2.7302370179391762e+23,74.0,1,49,50,180,0,52429,0,0,0.0,0.0,0.0,0.0,-0.0,67.0,0.0,162057.094,0.0,750,0,739,0,0,0,721,0,766,0,736,0,742,0,741,0,712,0,7520,0.032,78920024064.0,0.0,0.0,784,16797,-0.0,162057.094,-114818.039,-0.0,0.133,6.909358625270745e+28,30.0,65.0,35,0.0,0.0,0.0,0.0,0.0,0.0,0.0,0.0,0.0,0.0,0.0,0.0,0.0,0.0,0.0,0.0,69.2,0,150,71,54,65476,0,300,0,1,8,20529,65476,0,0,40632,65.0,0.0,0.0,0.0,0.0,0.0
2026-09-04T20:40:12,ERR,ERR,ERR,ERR,ERR,ERR,ERR,ERR,ERR,ERR,ERR,ERR,ERR,ERR,ERR,ERR,ERR,ERR,ERR,ERR,ERR,ERR,ERR,ERR,ERR,ERR,ERR,ERR,ERR,ERR,ERR,ERR,ERR,ERR,ERR,ERR,ERR,ERR,ERR,ERR,ERR,ERR,ERR,ERR,ERR,ERR,ERR,ERR,ERR,ERR,ERR,ERR,ERR,ERR,ERR,ERR,ERR,ERR,ERR,ERR,ERR,ERR,ERR,ERR,ERR,ERR,ERR,ERR,ERR,ERR,ERR,ERR,ERR,ERR,ERR,ERR,ERR,ERR,ERR,ERR,ERR,ERR,ERR,ERR,ERR,ERR,ERR,ERR,ERR,ERR,ERR,ERR,ERR,ERR,ERR,ERR,ERR,ERR,ERR,ERR,ERR,ERR,ERR,ERR,ERR,ERR,ERR,ERR,ERR,ERR,ERR,ERR,ERR,ERR,ERR,ERR,ERR,ERR,ERR,ERR,ERR,ERR,ERR,ERR,ERR,0.0,0.0,0.0,0.0,0.0,1.3936040501711995e+18,7.805,0.0,0,0,4,0,7116,0.0,100,0.0,0.0,0.0,0.0,0.0,0,0,0,0,0.0,0,0,0,0,0,0,0,0,0,0,0,0,0,0,0,0,0,0,0,0,0,0,0,0,0,0,0,0,0,0,0,0,0,31,40,40,71,65476,0,300,0,0,8,21553,0.0,-107605600.0,0.0,0.0,0.0,0.0,0.0,0.0,0.0,0.0,0.0,0.0,0.0,0.0,0.0,0.0,0.0,0.0,0.0,0.0,0.0,0.0,-2.004,2.004,-0.0,-2.004,0.0,0.0,0.0,0.0,6280.0,-3.697203725810742e+19,6940.0,0.0,0.0,2.7184303811560617e+23,0.0,0.0,0.0,0.0,0.0,69,-2.3088415973249647e+20,0.0,0.0,0.0,0.0,0.0,0.0,0.0,0.0,0,0,0,0.0,0.0,0.0,0.0,0.0,0.0,0.0,0.0,0.0,0.0,0.0,0.0,0.0,0.0,0.0,0.0,0,-107875648.0,69,0.0,138,0.0,0.0,0,13107,17040,13107,17049,13107,17043,0,0,0,70,68,100,2.7302359370752657e+23,71.1,0.0,74.2,2.7302370179391762e+23,74.0,1,49,50,180,0,52429,0,0,0.0,0.0,0.0,0.0,-0.0,67.0,0.0,162057.094,0.0,750,0,739,0,0,0,721,0,766,0,736,0,742,0,741,0,712,0,7520,0.032,78920024064.0,0.0,0.0,784,16797,-0.0,162057.094,-114818.039,-0.0,0.133,6.909358625270745e+28,30.0,65.0,35,0.0,0.0,0.0,0.0,0.0,0.0,0.0,0.0,0.0,0.0,0.0,0.0,0.0,0.0,0.0,0.0,69.2,0,150,71,54,65476,0,300,0,1,8,20529,65476,0,0,40632,65.0,0.0,0.0,0.0,0.0,0.0
2026-09-04T20:40:13,ERR,ERR,ERR,ERR,ERR,ERR,ERR,ERR,ERR,ERR,ERR,ERR,ERR,ERR,ERR,ERR,ERR,ERR,ERR,ERR,ERR,ERR,ERR,ERR,ERR,ERR,ERR,ERR,ERR,ERR,ERR,ERR,ERR,ERR,ERR,ERR,ERR,ERR,ERR,ERR,ERR,ERR,ERR,ERR,ERR,ERR,ERR,ERR,ERR,ERR,ERR,ERR,ERR,ERR,ERR,ERR,ERR,ERR,ERR,ERR,ERR,ERR,ERR,ERR,ERR,ERR,ERR,ERR,ERR,ERR,ERR,ERR,ERR,ERR,ERR,ERR,ERR,ERR,ERR,ERR,ERR,ERR,ERR,ERR,ERR,ERR,ERR,ERR,ERR,ERR,ERR,ERR,ERR,ERR,ERR,ERR,ERR,ERR,ERR,ERR,ERR,ERR,ERR,ERR,ERR,ERR,ERR,ERR,ERR,ERR,ERR,ERR,ERR,ERR,ERR,ERR,ERR,ERR,ERR,ERR,ERR,ERR,ERR,ERR,ERR,0.0,0.0,0.0,0.0,0.0,1.3936040501711995e+18,7.805,0.0,0,0,4,0,7116,0.0,100,0.0,0.0,0.0,0.0,0.0,0,0,0,0,0.0,0,0,0,0,0,0,0,0,0,0,0,0,0,0,0,0,0,0,0,0,0,0,0,0,0,0,0,0,0,0,0,0,0,31,40,40,71,65476,0,300,0,0,8,21553,0.0,-107605600.0,0.0,0.0,0.0,0.0,0.0,0.0,0.0,0.0,0.0,0.0,0.0,0.0,0.0,0.0,0.0,0.0,0.0,0.0,0.0,0.0,-2.004,2.004,-0.0,-2.004,0.0,0.0,0.0,0.0,6280.0,-3.697203725810742e+19,6940.0,0.0,0.0,2.7184303811560617e+23,0.0,0.0,0.0,0.0,0.0,69,-2.3088415973249647e+20,0.0,0.0,0.0,0.0,0.0,0.0,0.0,0.0,0,0,0,0.0,0.0,0.0,0.0,0.0,0.0,0.0,0.0,0.0,0.0,0.0,0.0,0.0,0.0,0.0,0.0,0,-107875648.0,69,0.0,138,0.0,0.0,0,13107,17040,13107,17049,13107,17043,0,0,0,70,68,100,2.7302359370752657e+23,71.1,0.0,74.2,2.7302370179391762e+23,74.0,1,49,50,180,0,52429,0,0,0.0,0.0,0.0,0.0,-0.0,67.0,0.0,162057.094,0.0,750,0,739,0,0,0,721,0,766,0,736,0,742,0,741,0,712,0,7520,0.032,78920024064.0,0.0,0.0,784,16797,-0.0,162057.094,-114818.039,-0.0,0.133,6.909358625270745e+28,30.0,65.0,35,0.0,0.0,0.0,0.0,0.0,0.0,0.0,0.0,0.0,0.0,0.0,0.0,0.0,0.0,0.0,0.0,69.2,0,150,71,54,65476,0,300,0,1,8,20529,65476,0,0,40632,65.0,0.0,0.0,0.0,0.0,0.0
2026-09-04T20:40:14,ERR,ERR,ERR,ERR,ERR,ERR,ERR,ERR,ERR,ERR,ERR,ERR,ERR,ERR,ERR,ERR,ERR,ERR,ERR,ERR,ERR,ERR,ERR,ERR,ERR,ERR,ERR,ERR,ERR,ERR,ERR,ERR,ERR,ERR,ERR,ERR,ERR,ERR,ERR,ERR,ERR,ERR,ERR,ERR,ERR,ERR,ERR,ERR,ERR,ERR,ERR,ERR,ERR,ERR,ERR,ERR,ERR,ERR,ERR,ERR,ERR,ERR,ERR,ERR,ERR,ERR,ERR,ERR,ERR,ERR,ERR,ERR,ERR,ERR,ERR,ERR,ERR,ERR,ERR,ERR,ERR,ERR,ERR,ERR,ERR,ERR,ERR,ERR,ERR,ERR,ERR,ERR,ERR,ERR,ERR,ERR,ERR,ERR,ERR,ERR,ERR,ERR,ERR,ERR,ERR,ERR,ERR,ERR,ERR,ERR,ERR,ERR,ERR,ERR,ERR,ERR,ERR,ERR,ERR,ERR,ERR,ERR,ERR,ERR,ERR,0.0,0.0,0.0,0.0,0.0,1.3936040501711995e+18,7.805,0.0,0,0,4,0,7116,0.0,100,0.0,0.0,0.0,0.0,0.0,0,0,0,0,0.0,0,0,0,0,0,0,0,0,0,0,0,0,0,0,0,0,0,0,0,0,0,0,0,0,0,0,0,0,0,0,0,0,0,31,40,40,71,65476,0,300,0,0,8,21553,0.0,-107605600.0,0.0,0.0,0.0,0.0,0.0,0.0,0.0,0.0,0.0,0.0,0.0,0.0,0.0,0.0,0.0,0.0,0.0,0.0,0.0,0.0,-2.004,2.004,-0.0,-2.004,0.0,0.0,0.0,0.0,6278.0,-0.0,6929.0,0.0,0.0,2.7184303811560617e+23,0.0,0.0,0.0,0.0,0.0,69,-152018572279808.0,-0.0,0.0,0.0,0.0,0.0,0.0,0.0,0.0,0,0,0,0.0,0.0,0.0,0.0,0.0,0.0,0.0,0.0,0.0,0.0,0.0,0.0,0.0,0.0,0.0,0.0,0,-107875648.0,69,0.0,138,0.0,0.0,0,13107,17040,13107,17049,13107,17043,0,0,0,70,68,100,2.7302359370752657e+23,71.1,0.0,74.2,2.7302370179391762e+23,74.0,1,49,50,180,0,52429,0,0,0.0,0.0,0.0,0.0,-0.0,67.0,0.0,162057.094,0.0,750,0,739,0,0,0,721,0,766,0,736,0,742,0,741,0,712,0,7520,0.032,78920024064.0,0.0,0.0,784,16797,-0.0,162057.094,-114818.039,-0.0,0.133,6.909358625270745e+28,30.0,65.0,35,0.0,0.0,0.0,0.0,0.0,0.0,0.0,0.0,0.0,0.0,0.0,0.0,0.0,0.0,0.0,0.0,69.2,0,150,71,54,65476,0,300,0,1,8,20529,65476,0,0,40632,65.0,0.0,0.0,0.0,0.0,0.0
2026-09-04T20:40:15,ERR,ERR,ERR,ERR,ERR,ERR,ERR,ERR,ERR,ERR,ERR,ERR,ERR,ERR,ERR,ERR,ERR,ERR,ERR,ERR,ERR,ERR,ERR,ERR,ERR,ERR,ERR,ERR,ERR,ERR,ERR,ERR,ERR,ERR,ERR,ERR,ERR,ERR,ERR,ERR,ERR,ERR,ERR,ERR,ERR,ERR,ERR,ERR,ERR,ERR,ERR,ERR,ERR,ERR,ERR,ERR,ERR,ERR,ERR,ERR,ERR,ERR,ERR,ERR,ERR,ERR,ERR,ERR,ERR,ERR,ERR,ERR,ERR,ERR,ERR,ERR,ERR,ERR,ERR,ERR,ERR,ERR,ERR,ERR,ERR,ERR,ERR,ERR,ERR,ERR,ERR,ERR,ERR,ERR,ERR,ERR,ERR,ERR,ERR,ERR,ERR,ERR,ERR,ERR,ERR,ERR,ERR,ERR,ERR,ERR,ERR,ERR,ERR,ERR,ERR,ERR,ERR,ERR,ERR,ERR,ERR,ERR,ERR,ERR,ERR,0.0,0.0,0.0,0.0,0.0,1.3936040501711995e+18,7.805,0.0,0,0,4,0,7116,0.0,100,0.0,0.0,0.0,0.0,0.0,0,0,0,0,0.0,0,0,0,0,0,0,0,0,0,0,0,0,0,0,0,0,0,0,0,0,0,0,0,0,0,0,0,0,0,0,0,0,0,31,40,40,71,65476,0,300,0,0,8,21553,0.0,-107605600.0,0.0,0.0,0.0,0.0,0.0,0.0,0.0,0.0,0.0,0.0,0.0,0.0,0.0,0.0,0.0,0.0,0.0,0.0,0.0,0.0,-2.004,2.004,-0.0,-2.004,0.0,0.0,0.0,0.0,6278.0,-0.0,6929.0,0.0,0.0,2.7184303811560617e+23,0.0,0.0,0.0,0.0,0.0,69,-152018572279808.0,-0.0,0.0,0.0,0.0,0.0,0.0,0.0,0.0,0,0,0,0.0,0.0,0.0,0.0,0.0,0.0,0.0,0.0,0.0,0.0,0.0,0.0,0.0,0.0,0.0,0.0,0,-107875648.0,69,0.0,138,0.0,0.0,0,13107,17040,13107,17049,13107,17043,0,0,0,70,68,100,2.7302359370752657e+23,71.1,0.0,74.2,2.7302370179391762e+23,74.0,1,49,50,180,0,52429,0,0,0.0,0.0,0.0,0.0,-0.0,67.0,0.0,162057.094,0.0,750,0,739,0,0,0,721,0,766,0,736,0,742,0,741,0,712,0,7520,0.032,78920024064.0,0.0,0.0,784,16797,-0.0,162057.094,-114818.039,-0.0,0.133,6.909358625270745e+28,30.0,65.0,35,0.0,0.0,0.0,0.0,0.0,0.0,0.0,0.0,0.0,0.0,0.0,0.0,0.0,0.0,0.0,0.0,69.2,0,150,71,54,65476,0,300,0,1,8,20529,65476,0,0,40632,65.0,0.0,0.0,0.0,0.0,0.0
2026-09-04T20:40:16,ERR,ERR,ERR,ERR,ERR,ERR,ERR,ERR,ERR,ERR,ERR,ERR,ERR,ERR,ERR,ERR,ERR,ERR,ERR,ERR,ERR,ERR,ERR,ERR,ERR,ERR,ERR,ERR,ERR,ERR,ERR,ERR,ERR,ERR,ERR,ERR,ERR,ERR,ERR,ERR,ERR,ERR,ERR,ERR,ERR,ERR,ERR,ERR,ERR,ERR,ERR,ERR,ERR,ERR,ERR,ERR,ERR,ERR,ERR,ERR,ERR,ERR,ERR,ERR,ERR,ERR,ERR,ERR,ERR,ERR,ERR,ERR,ERR,ERR,ERR,ERR,ERR,ERR,ERR,ERR,ERR,ERR,ERR,ERR,ERR,ERR,ERR,ERR,ERR,ERR,ERR,ERR,ERR,ERR,ERR,ERR,ERR,ERR,ERR,ERR,ERR,ERR,ERR,ERR,ERR,ERR,ERR,ERR,ERR,ERR,ERR,ERR,ERR,ERR,ERR,ERR,ERR,ERR,ERR,ERR,ERR,ERR,ERR,ERR,ERR,0.0,0.0,0.0,0.0,0.0,1.3936040501711995e+18,7.805,0.0,0,0,4,0,7116,0.0,100,0.0,0.0,0.0,0.0,0.0,0,0,0,0,0.0,0,0,0,0,0,0,0,0,0,0,0,0,0,0,0,0,0,0,0,0,0,0,0,0,0,0,0,0,0,0,0,0,0,31,40,40,71,65476,0,300,0,0,8,21553,0.0,-107605600.0,0.0,0.0,0.0,0.0,0.0,0.0,0.0,0.0,0.0,0.0,0.0,0.0,0.0,0.0,0.0,0.0,0.0,0.0,0.0,0.0,-2.004,2.004,-0.0,-2.004,0.0,0.0,0.0,0.0,6278.0,-0.0,6929.0,0.0,0.0,2.7184303811560617e+23,0.0,0.0,0.0,0.0,0.0,69,-152018572279808.0,-0.0,0.0,0.0,0.0,0.0,0.0,0.0,0.0,0,0,0,0.0,0.0,0.0,0.0,0.0,0.0,0.0,0.0,0.0,0.0,0.0,0.0,0.0,0.0,0.0,0.0,0,-107875648.0,69,0.0,138,0.0,0.0,0,13107,17040,13107,17049,13107,17043,0,0,0,70,68,100,2.7302359370752657e+23,71.1,0.0,74.2,2.7302370179391762e+23,74.0,1,49,50,180,0,52429,0,0,0.0,0.0,0.0,0.0,-0.0,67.0,0.0,162057.094,0.0,750,0,739,0,0,0,721,0,766,0,736,0,742,0,741,0,712,0,7520,0.032,78920024064.0,0.0,0.0,784,16797,-0.0,162057.094,-114818.039,-0.0,0.133,6.909358625270745e+28,30.0,65.0,35,0.0,0.0,0.0,0.0,0.0,0.0,0.0,0.0,0.0,0.0,0.0,0.0,0.0,0.0,0.0,0.0,69.2,0,150,71,54,65476,0,300,0,1,8,20529,65476,0,0,40632,65.0,0.0,0.0,0.0,0.0,0.0
2026-09-04T20:40:17,ERR,ERR,ERR,ERR,ERR,ERR,ERR,ERR,ERR,ERR,ERR,ERR,ERR,ERR,ERR,ERR,ERR,ERR,ERR,ERR,ERR,ERR,ERR,ERR,ERR,ERR,ERR,ERR,ERR,ERR,ERR,ERR,ERR,ERR,ERR,ERR,ERR,ERR,ERR,ERR,ERR,ERR,ERR,ERR,ERR,ERR,ERR,ERR,ERR,ERR,ERR,ERR,ERR,ERR,ERR,ERR,ERR,ERR,ERR,ERR,ERR,ERR,ERR,ERR,ERR,ERR,ERR,ERR,ERR,ERR,ERR,ERR,ERR,ERR,ERR,ERR,ERR,ERR,ERR,ERR,ERR,ERR,ERR,ERR,ERR,ERR,ERR,ERR,ERR,ERR,ERR,ERR,ERR,ERR,ERR,ERR,ERR,ERR,ERR,ERR,ERR,ERR,ERR,ERR,ERR,ERR,ERR,ERR,ERR,ERR,ERR,ERR,ERR,ERR,ERR,ERR,ERR,ERR,ERR,ERR,ERR,ERR,ERR,ERR,ERR,0.0,0.0,0.0,0.0,0.0,1.3936040501711995e+18,7.805,0.0,0,0,4,0,7116,0.0,100,0.0,0.0,0.0,0.0,0.0,0,0,0,0,0.0,0,0,0,0,0,0,0,0,0,0,0,0,0,0,0,0,0,0,0,0,0,0,0,0,0,0,0,0,0,0,0,0,0,31,40,40,71,65476,0,300,0,0,8,21553,0.0,-107605600.0,0.0,0.0,0.0,0.0,0.0,0.0,0.0,0.0,0.0,0.0,0.0,0.0,0.0,0.0,0.0,0.0,0.0,0.0,0.0,0.0,-2.004,2.004,-0.0,-2.004,0.0,0.0,0.0,0.0,6278.0,-0.0,6929.0,0.0,0.0,2.7184303811560617e+23,0.0,0.0,0.0,0.0,0.0,69,-152018572279808.0,-0.0,0.0,0.0,0.0,0.0,0.0,0.0,0.0,0,0,0,0.0,0.0,0.0,0.0,0.0,0.0,0.0,0.0,0.0,0.0,0.0,0.0,0.0,0.0,0.0,0.0,0,-107875648.0,69,0.0,138,0.0,0.0,0,13107,17040,13107,17049,13107,17043,0,0,0,70,68,100,2.7302359370752657e+23,71.1,0.0,74.2,2.7302370179391762e+23,74.0,1,49,50,180,0,52429,0,0,0.0,0.0,0.0,0.0,-0.0,67.0,0.0,162057.094,0.0,750,0,739,0,0,0,721,0,766,0,736,0,742,0,741,0,712,0,7520,0.032,78920024064.0,0.0,0.0,784,16797,-0.0,162057.094,-114818.039,-0.0,0.133,6.909358625270745e+28,30.0,65.0,35,0.0,0.0,0.0,0.0,0.0,0.0,0.0,0.0,0.0,0.0,0.0,0.0,0.0,0.0,0.0,0.0,69.2,0,150,71,54,65476,0,300,0,1,8,20529,65476,0,0,40632,65.0,0.0,0.0,0.0,0.0,0.0
2026-09-04T20:40:18,ERR,ERR,ERR,ERR,ERR,ERR,ERR,ERR,ERR,ERR,ERR,ERR,ERR,ERR,ERR,ERR,ERR,ERR,ERR,ERR,ERR,ERR,ERR,ERR,ERR,ERR,ERR,ERR,ERR,ERR,ERR,ERR,ERR,ERR,ERR,ERR,ERR,ERR,ERR,ERR,ERR,ERR,ERR,ERR,ERR,ERR,ERR,ERR,ERR,ERR,ERR,ERR,ERR,ERR,ERR,ERR,ERR,ERR,ERR,ERR,ERR,ERR,ERR,ERR,ERR,ERR,ERR,ERR,ERR,ERR,ERR,ERR,ERR,ERR,ERR,ERR,ERR,ERR,ERR,ERR,ERR,ERR,ERR,ERR,ERR,ERR,ERR,ERR,ERR,ERR,ERR,ERR,ERR,ERR,ERR,ERR,ERR,ERR,ERR,ERR,ERR,ERR,ERR,ERR,ERR,ERR,ERR,ERR,ERR,ERR,ERR,ERR,ERR,ERR,ERR,ERR,ERR,ERR,ERR,ERR,ERR,ERR,ERR,ERR,ERR,0.0,0.0,0.0,0.0,0.0,1.3936040501711995e+18,7.805,0.0,0,0,4,0,7116,0.0,100,0.0,0.0,0.0,0.0,0.0,0,0,0,0,0.0,0,0,0,0,0,0,0,0,0,0,0,0,0,0,0,0,0,0,0,0,0,0,0,0,0,0,0,0,0,0,0,0,0,31,40,40,71,65476,0,300,0,0,8,21553,0.0,-107605600.0,0.0,0.0,0.0,0.0,0.0,0.0,0.0,0.0,0.0,0.0,0.0,0.0,0.0,0.0,0.0,0.0,0.0,0.0,0.0,0.0,-2.004,2.004,-0.0,-2.004,0.0,0.0,0.0,0.0,6278.0,-0.0,6929.0,0.0,0.0,2.7184303811560617e+23,0.0,0.0,0.0,0.0,0.0,69,-152018572279808.0,-0.0,0.0,0.0,0.0,0.0,0.0,0.0,0.0,0,0,0,0.0,0.0,0.0,0.0,0.0,0.0,0.0,0.0,0.0,0.0,0.0,0.0,0.0,0.0,0.0,0.0,0,-107875648.0,69,0.0,138,0.0,0.0,0,13107,17040,13107,17049,13107,17043,0,0,0,70,68,100,2.7302359370752657e+23,71.1,0.0,74.2,2.7302370179391762e+23,74.0,1,49,50,180,0,52429,0,0,0.0,0.0,0.0,0.0,-0.0,67.0,0.0,162057.094,0.0,750,0,739,0,0,0,721,0,766,0,736,0,742,0,741,0,712,0,7520,0.032,78920024064.0,0.0,0.0,784,16797,-0.0,162057.094,-114818.039,-0.0,0.133,6.909358625270745e+28,30.0,65.0,35,0.0,0.0,0.0,0.0,0.0,0.0,0.0,0.0,0.0,0.0,0.0,0.0,0.0,0.0,0.0,0.0,69.2,0,150,71,54,65476,0,300,0,1,8,20529,65476,0,0,40632,65.0,0.0,0.0,0.0,0.0,0.0
2026-09-04T20:40:19,ERR,ERR,ERR,ERR,ERR,ERR,ERR,ERR,ERR,ERR,ERR,ERR,ERR,ERR,ERR,ERR,ERR,ERR,ERR,ERR,ERR,ERR,ERR,ERR,ERR,ERR,ERR,ERR,ERR,ERR,ERR,ERR,ERR,ERR,ERR,ERR,ERR,ERR,ERR,ERR,ERR,ERR,ERR,ERR,ERR,ERR,ERR,ERR,ERR,ERR,ERR,ERR,ERR,ERR,ERR,ERR,ERR,ERR,ERR,ERR,ERR,ERR,ERR,ERR,ERR,ERR,ERR,ERR,ERR,ERR,ERR,ERR,ERR,ERR,ERR,ERR,ERR,ERR,ERR,ERR,ERR,ERR,ERR,ERR,ERR,ERR,ERR,ERR,ERR,ERR,ERR,ERR,ERR,ERR,ERR,ERR,ERR,ERR,ERR,ERR,ERR,ERR,ERR,ERR,ERR,ERR,ERR,ERR,ERR,ERR,ERR,ERR,ERR,ERR,ERR,ERR,ERR,ERR,ERR,ERR,ERR,ERR,ERR,ERR,ERR,0.0,0.0,0.0,0.0,0.0,1.3936040501711995e+18,7.805,0.0,0,0,4,0,7116,0.0,100,0.0,0.0,0.0,0.0,0.0,0,0,0,0,0.0,0,0,0,0,0,0,0,0,0,0,0,0,0,0,0,0,0,0,0,0,0,0,0,0,0,0,0,0,0,0,0,0,0,31,40,40,71,65476,0,300,0,0,8,21553,0.0,-107605600.0,0.0,0.0,0.0,0.0,0.0,0.0,0.0,0.0,0.0,0.0,0.0,0.0,0.0,0.0,0.0,0.0,0.0,0.0,0.0,0.0,-2.004,2.004,-0.0,-2.004,0.0,0.0,0.0,0.0,6278.0,-0.0,6929.0,0.0,0.0,2.7184303811560617e+23,0.0,0.0,0.0,0.0,0.0,69,-152018572279808.0,-0.0,0.0,0.0,0.0,0.0,0.0,0.0,0.0,0,0,0,0.0,0.0,0.0,0.0,0.0,0.0,0.0,0.0,0.0,0.0,0.0,0.0,0.0,0.0,0.0,0.0,0,-107875648.0,69,0.0,138,0.0,0.0,0,13107,17040,13107,17049,13107,17043,0,0,0,70,68,100,2.7302359370752657e+23,71.1,0.0,74.2,2.7302370179391762e+23,74.0,1,49,50,180,0,52429,0,0,0.0,0.0,0.0,0.0,-0.0,67.0,0.0,162057.094,0.0,750,0,739,0,0,0,721,0,766,0,736,0,742,0,741,0,712,0,7520,0.032,78920024064.0,0.0,0.0,784,16797,-0.0,162057.094,-114818.039,-0.0,0.133,6.909358625270745e+28,30.0,65.0,35,0.0,0.0,0.0,0.0,0.0,0.0,0.0,0.0,0.0,0.0,0.0,0.0,0.0,0.0,0.0,0.0,69.2,0,150,71,54,65476,0,300,0,1,8,20529,65476,0,0,40632,65.0,0.0,0.0,0.0,0.0,0.0
2026-09-04T20:40:20,ERR,ERR,ERR,ERR,ERR,ERR,ERR,ERR,ERR,ERR,ERR,ERR,ERR,ERR,ERR,ERR,ERR,ERR,ERR,ERR,ERR,ERR,ERR,ERR,ERR,ERR,ERR,ERR,ERR,ERR,ERR,ERR,ERR,ERR,ERR,ERR,ERR,ERR,ERR,ERR,ERR,ERR,ERR,ERR,ERR,ERR,ERR,ERR,ERR,ERR,ERR,ERR,ERR,ERR,ERR,ERR,ERR,ERR,ERR,ERR,ERR,ERR,ERR,ERR,ERR,ERR,ERR,ERR,ERR,ERR,ERR,ERR,ERR,ERR,ERR,ERR,ERR,ERR,ERR,ERR,ERR,ERR,ERR,ERR,ERR,ERR,ERR,ERR,ERR,ERR,ERR,ERR,ERR,ERR,ERR,ERR,ERR,ERR,ERR,ERR,ERR,ERR,ERR,ERR,ERR,ERR,ERR,ERR,ERR,ERR,ERR,ERR,ERR,ERR,ERR,ERR,ERR,ERR,ERR,ERR,ERR,ERR,ERR,ERR,ERR,0.0,0.0,0.0,0.0,0.0,1.3936040501711995e+18,7.805,0.0,0,0,4,0,7116,0.0,100,0.0,0.0,0.0,0.0,0.0,0,0,0,0,0.0,0,0,0,0,0,0,0,0,0,0,0,0,0,0,0,0,0,0,0,0,0,0,0,0,0,0,0,0,0,0,0,0,0,31,40,40,71,65476,0,300,0,0,8,21553,0.0,-107605600.0,0.0,0.0,0.0,0.0,0.0,0.0,0.0,0.0,0.0,0.0,0.0,0.0,0.0,0.0,0.0,0.0,0.0,0.0,0.0,0.0,-2.004,2.004,-0.0,-2.004,0.0,0.0,0.0,0.0,6278.0,-0.0,6929.0,0.0,0.0,2.7184303811560617e+23,0.0,0.0,0.0,0.0,0.0,69,-152018572279808.0,-0.0,0.0,0.0,0.0,0.0,0.0,0.0,0.0,0,0,0,0.0,0.0,0.0,0.0,0.0,0.0,0.0,0.0,0.0,0.0,0.0,0.0,0.0,0.0,0.0,0.0,0,-107875648.0,69,0.0,138,0.0,0.0,0,13107,17040,13107,17049,13107,17043,0,0,0,70,68,100,2.7302359370752657e+23,71.1,0.0,74.2,2.7302370179391762e+23,74.0,1,49,50,180,0,52429,0,0,0.0,0.0,0.0,0.0,-0.0,67.0,0.0,162057.094,0.0,750,0,739,0,0,0,721,0,766,0,736,0,742,0,741,0,712,0,7520,0.032,78920024064.0,0.0,0.0,784,16797,-0.0,162057.094,-114818.039,-0.0,0.133,6.909358625270745e+28,30.0,65.0,35,0.0,0.0,0.0,0.0,0.0,0.0,0.0,0.0,0.0,0.0,0.0,0.0,0.0,0.0,0.0,0.0,69.2,0,150,71,54,65476,0,300,0,1,8,20529,65476,0,0,40632,65.0,0.0,0.0,0.0,0.0,0.0
2026-09-04T20:40:21,ERR,ERR,ERR,ERR,ERR,ERR,ERR,ERR,ERR,ERR,ERR,ERR,ERR,ERR,ERR,ERR,ERR,ERR,ERR,ERR,ERR,ERR,ERR,ERR,ERR,ERR,ERR,ERR,ERR,ERR,ERR,ERR,ERR,ERR,ERR,ERR,ERR,ERR,ERR,ERR,ERR,ERR,ERR,ERR,ERR,ERR,ERR,ERR,ERR,ERR,ERR,ERR,ERR,ERR,ERR,ERR,ERR,ERR,ERR,ERR,ERR,ERR,ERR,ERR,ERR,ERR,ERR,ERR,ERR,ERR,ERR,ERR,ERR,ERR,ERR,ERR,ERR,ERR,ERR,ERR,ERR,ERR,ERR,ERR,ERR,ERR,ERR,ERR,ERR,ERR,ERR,ERR,ERR,ERR,ERR,ERR,ERR,ERR,ERR,ERR,ERR,ERR,ERR,ERR,ERR,ERR,ERR,ERR,ERR,ERR,ERR,ERR,ERR,ERR,ERR,ERR,ERR,ERR,ERR,ERR,ERR,ERR,ERR,ERR,ERR,0.0,0.0,0.0,0.0,0.0,1.3936040501711995e+18,7.805,0.0,0,0,4,0,7116,0.0,100,0.0,0.0,0.0,0.0,0.0,0,0,0,0,0.0,0,0,0,0,0,0,0,0,0,0,0,0,0,0,0,0,0,0,0,0,0,0,0,0,0,0,0,0,0,0,0,0,0,31,40,40,71,65476,0,300,0,0,8,21553,0.0,-107605600.0,0.0,0.0,0.0,0.0,0.0,0.0,0.0,0.0,0.0,0.0,0.0,0.0,0.0,0.0,0.0,0.0,0.0,0.0,0.0,0.0,-2.004,-0.0,-0.0,-2.004,0.0,0.0,0.0,0.0,6277.0,0.0,6943.0,0.0,0.0,2.7184303811560617e+23,0.0,0.0,0.0,0.0,0.0,69,-3.222031175229641e+26,-152018119294976.0,0.0,0.0,0.0,0.0,0.0,0.0,0.0,0,0,0,0.0,0.0,0.0,0.0,0.0,0.0,0.0,0.0,0.0,0.0,0.0,0.0,0.0,0.0,0.0,0.0,0,-107875648.0,69,0.0,138,0.0,0.0,0,13107,17040,13107,17049,0,17043,0,0,0,70,68,100,2.7302359370752657e+23,71.2,0.0,74.2,2.7302370179391762e+23,74.0,1,49,50,180,0,52429,0,0,0.0,0.0,0.0,0.0,-0.0,67.0,0.0,162057.094,0.0,750,0,739,0,0,0,721,0,766,0,736,0,742,0,741,0,712,0,7520,0.032,79456894976.0,0.0,0.0,784,16797,-0.0,162057.094,-114818.039,-0.0,0.133,6.909358625270745e+28,30.0,65.0,35,0.0,0.0,0.0,0.0,0.0,0.0,0.0,0.0,0.0,0.0,0.0,0.0,0.0,0.0,0.0,0.0,69.2,0,150,71,54,65476,0,300,0,1,8,20529,65476,0,0,40632,65.0,0.0,0.0,0.0,0.0,0.0
2026-09-04T20:40:22,ERR,ERR,ERR,ERR,ERR,ERR,ERR,ERR,ERR,ERR,ERR,ERR,ERR,ERR,ERR,ERR,ERR,ERR,ERR,ERR,ERR,ERR,ERR,ERR,ERR,ERR,ERR,ERR,ERR,ERR,ERR,ERR,ERR,ERR,ERR,ERR,ERR,ERR,ERR,ERR,ERR,ERR,ERR,ERR,ERR,ERR,ERR,ERR,ERR,ERR,ERR,ERR,ERR,ERR,ERR,ERR,ERR,ERR,ERR,ERR,ERR,ERR,ERR,ERR,ERR,ERR,ERR,ERR,ERR,ERR,ERR,ERR,ERR,ERR,ERR,ERR,ERR,ERR,ERR,ERR,ERR,ERR,ERR,ERR,ERR,ERR,ERR,ERR,ERR,ERR,ERR,ERR,ERR,ERR,ERR,ERR,ERR,ERR,ERR,ERR,ERR,ERR,ERR,ERR,ERR,ERR,ERR,ERR,ERR,ERR,ERR,ERR,ERR,ERR,ERR,ERR,ERR,ERR,ERR,ERR,ERR,ERR,ERR,ERR,ERR,0.0,0.0,0.0,0.0,0.0,1.3936040501711995e+18,7.805,0.0,0,0,4,0,7116,0.0,100,0.0,0.0,0.0,0.0,0.0,0,0,0,0,0.0,0,0,0,0,0,0,0,0,0,0,0,0,0,0,0,0,0,0,0,0,0,0,0,0,0,0,0,0,0,0,0,0,0,31,40,40,71,65476,0,300,0,0,8,21553,0.0,-107605600.0,0.0,0.0,0.0,0.0,0.0,0.0,0.0,0.0,0.0,0.0,0.0,0.0,0.0,0.0,0.0,0.0,0.0,0.0,0.0,0.0,-2.004,-0.0,-0.0,-2.004,0.0,0.0,0.0,0.0,6277.0,0.0,6943.0,0.0,0.0,2.7184303811560617e+23,0.0,0.0,0.0,0.0,0.0,69,-3.222031175229641e+26,-152018119294976.0,0.0,0.0,0.0,0.0,0.0,0.0,0.0,0,0,0,0.0,0.0,0.0,0.0,0.0,0.0,0.0,0.0,0.0,0.0,0.0,0.0,0.0,0.0,0.0,0.0,0,-107875648.0,69,0.0,138,0.0,0.0,0,13107,17040,13107,17049,0,17043,0,0,0,70,68,100,2.7302359370752657e+23,71.2,0.0,74.2,2.7302370179391762e+23,74.0,1,49,50,180,0,52429,0,0,0.0,0.0,0.0,0.0,-0.0,67.0,0.0,162057.094,0.0,750,0,739,0,0,0,721,0,766,0,736,0,742,0,741,0,712,0,7520,0.032,79456894976.0,0.0,0.0,784,16797,-0.0,162057.094,-114818.039,-0.0,0.133,6.909358625270745e+28,30.0,65.0,35,0.0,0.0,0.0,0.0,0.0,0.0,0.0,0.0,0.0,0.0,0.0,0.0,0.0,0.0,0.0,0.0,69.6,0,150,71,54,65476,0,300,0,1,8,20529,65476,0,0,40632,65.0,0.0,0.0,0.0,0.0,0.0
2026-09-04T20:40:23,ERR,ERR,ERR,ERR,ERR,ERR,ERR,ERR,ERR,ERR,ERR,ERR,ERR,ERR,ERR,ERR,ERR,ERR,ERR,ERR,ERR,ERR,ERR,ERR,ERR,ERR,ERR,ERR,ERR,ERR,ERR,ERR,ERR,ERR,ERR,ERR,ERR,ERR,ERR,ERR,ERR,ERR,ERR,ERR,ERR,ERR,ERR,ERR,ERR,ERR,ERR,ERR,ERR,ERR,ERR,ERR,ERR,ERR,ERR,ERR,ERR,ERR,ERR,ERR,ERR,ERR,ERR,ERR,ERR,ERR,ERR,ERR,ERR,ERR,ERR,ERR,ERR,ERR,ERR,ERR,ERR,ERR,ERR,ERR,ERR,ERR,ERR,ERR,ERR,ERR,ERR,ERR,ERR,ERR,ERR,ERR,ERR,ERR,ERR,ERR,ERR,ERR,ERR,ERR,ERR,ERR,ERR,ERR,ERR,ERR,ERR,ERR,ERR,ERR,ERR,ERR,ERR,ERR,ERR,ERR,ERR,ERR,ERR,ERR,ERR,0.0,0.0,0.0,0.0,0.0,1.3936040501711995e+18,7.805,0.0,0,0,4,0,7116,0.0,100,0.0,0.0,0.0,0.0,0.0,0,0,0,0,0.0,0,0,0,0,0,0,0,0,0,0,0,0,0,0,0,0,0,0,0,0,0,0,0,0,0,0,0,0,0,0,0,0,0,31,40,40,71,65476,0,300,0,0,8,21553,0.0,-107605600.0,0.0,0.0,0.0,0.0,0.0,0.0,0.0,0.0,0.0,0.0,0.0,0.0,0.0,0.0,0.0,0.0,0.0,0.0,0.0,0.0,-2.004,-0.0,-0.0,-2.004,0.0,0.0,0.0,0.0,6277.0,0.0,6943.0,0.0,0.0,2.7184303811560617e+23,0.0,0.0,0.0,0.0,0.0,69,-3.222031175229641e+26,-152018119294976.0,0.0,0.0,0.0,0.0,0.0,0.0,0.0,0,0,0,0.0,0.0,0.0,0.0,0.0,0.0,0.0,0.0,0.0,0.0,0.0,0.0,0.0,0.0,0.0,0.0,0,-107875648.0,69,0.0,138,0.0,0.0,0,13107,17040,13107,17049,0,17043,0,0,0,70,68,100,2.7302359370752657e+23,71.2,0.0,74.2,2.7302370179391762e+23,74.0,1,49,50,180,0,52429,0,0,0.0,0.0,0.0,0.0,-0.0,67.0,0.0,162057.094,0.0,750,0,739,0,0,0,721,0,766,0,736,0,742,0,741,0,712,0,7520,0.032,79456894976.0,0.0,0.0,784,16797,-0.0,162057.094,-114818.039,-0.0,0.133,6.909358625270745e+28,30.0,65.0,35,0.0,0.0,0.0,0.0,0.0,0.0,0.0,0.0,0.0,0.0,0.0,0.0,0.0,0.0,0.0,0.0,69.6,0,150,71,54,65476,0,300,0,1,8,20529,65476,0,0,40632,65.0,0.0,0.0,0.0,0.0,0.0
2026-09-04T20:40:24,ERR,ERR,ERR,ERR,ERR,ERR,ERR,ERR,ERR,ERR,ERR,ERR,ERR,ERR,ERR,ERR,ERR,ERR,ERR,ERR,ERR,ERR,ERR,ERR,ERR,ERR,ERR,ERR,ERR,ERR,ERR,ERR,ERR,ERR,ERR,ERR,ERR,ERR,ERR,ERR,ERR,ERR,ERR,ERR,ERR,ERR,ERR,ERR,ERR,ERR,ERR,ERR,ERR,ERR,ERR,ERR,ERR,ERR,ERR,ERR,ERR,ERR,ERR,ERR,ERR,ERR,ERR,ERR,ERR,ERR,ERR,ERR,ERR,ERR,ERR,ERR,ERR,ERR,ERR,ERR,ERR,ERR,ERR,ERR,ERR,ERR,ERR,ERR,ERR,ERR,ERR,ERR,ERR,ERR,ERR,ERR,ERR,ERR,ERR,ERR,ERR,ERR,ERR,ERR,ERR,ERR,ERR,ERR,ERR,ERR,ERR,ERR,ERR,ERR,ERR,ERR,ERR,ERR,ERR,ERR,ERR,ERR,ERR,ERR,ERR,0.0,0.0,0.0,0.0,0.0,1.3936040501711995e+18,7.805,0.0,0,0,4,0,7116,0.0,100,0.0,0.0,0.0,0.0,0.0,0,0,0,0,0.0,0,0,0,0,0,0,0,0,0,0,0,0,0,0,0,0,0,0,0,0,0,0,0,0,0,0,0,0,0,0,0,0,0,31,40,40,71,65476,0,300,0,0,8,21553,0.0,-107605600.0,0.0,0.0,0.0,0.0,0.0,0.0,0.0,0.0,0.0,0.0,0.0,0.0,0.0,0.0,0.0,0.0,0.0,0.0,0.0,0.0,-2.004,-0.0,-0.0,-2.004,0.0,0.0,0.0,0.0,6277.0,0.0,6943.0,0.0,0.0,2.7184303811560617e+23,0.0,0.0,0.0,0.0,0.0,69,-3.222031175229641e+26,-152018119294976.0,0.0,0.0,0.0,0.0,0.0,0.0,0.0,0,0,0,0.0,0.0,0.0,0.0,0.0,0.0,0.0,0.0,0.0,0.0,0.0,0.0,0.0,0.0,0.0,0.0,0,-107875648.0,69,0.0,138,0.0,0.0,0,13107,17040,13107,17049,0,17043,0,0,0,70,68,100,2.7302359370752657e+23,71.2,0.0,74.2,2.7302370179391762e+23,74.0,1,49,50,180,0,52429,0,0,0.0,0.0,0.0,0.0,-0.0,67.0,0.0,162057.094,0.0,750,0,739,0,0,0,721,0,766,0,736,0,742,0,741,0,712,0,7520,0.032,79456894976.0,0.0,0.0,784,16797,-0.0,162057.094,-114818.039,-0.0,0.133,6.909358625270745e+28,30.0,65.0,35,0.0,0.0,0.0,0.0,0.0,0.0,0.0,0.0,0.0,0.0,0.0,0.0,0.0,0.0,0.0,0.0,69.6,0,150,71,54,65476,0,300,0,1,8,20529,65476,0,0,40632,65.0,0.0,0.0,0.0,0.0,0.0
2026-09-04T20:40:25,ERR,ERR,ERR,ERR,ERR,ERR,ERR,ERR,ERR,ERR,ERR,ERR,ERR,ERR,ERR,ERR,ERR,ERR,ERR,ERR,ERR,ERR,ERR,ERR,ERR,ERR,ERR,ERR,ERR,ERR,ERR,ERR,ERR,ERR,ERR,ERR,ERR,ERR,ERR,ERR,ERR,ERR,ERR,ERR,ERR,ERR,ERR,ERR,ERR,ERR,ERR,ERR,ERR,ERR,ERR,ERR,ERR,ERR,ERR,ERR,ERR,ERR,ERR,ERR,ERR,ERR,ERR,ERR,ERR,ERR,ERR,ERR,ERR,ERR,ERR,ERR,ERR,ERR,ERR,ERR,ERR,ERR,ERR,ERR,ERR,ERR,ERR,ERR,ERR,ERR,ERR,ERR,ERR,ERR,ERR,ERR,ERR,ERR,ERR,ERR,ERR,ERR,ERR,ERR,ERR,ERR,ERR,ERR,ERR,ERR,ERR,ERR,ERR,ERR,ERR,ERR,ERR,ERR,ERR,ERR,ERR,ERR,ERR,ERR,ERR,0.0,0.0,0.0,0.0,0.0,1.3936040501711995e+18,7.805,0.0,0,0,4,0,7116,0.0,100,0.0,0.0,0.0,0.0,0.0,0,0,0,0,0.0,0,0,0,0,0,0,0,0,0,0,0,0,0,0,0,0,0,0,0,0,0,0,0,0,0,0,0,0,0,0,0,0,0,31,40,40,71,65476,0,300,0,0,8,21553,0.0,-107605600.0,0.0,0.0,0.0,0.0,0.0,0.0,0.0,0.0,0.0,0.0,0.0,0.0,0.0,0.0,0.0,0.0,0.0,0.0,0.0,0.0,-2.004,-0.0,-0.0,-2.004,0.0,0.0,0.0,0.0,6277.0,0.0,6943.0,0.0,0.0,2.7184303811560617e+23,0.0,0.0,0.0,0.0,0.0,69,-3.222031175229641e+26,-152018119294976.0,0.0,0.0,0.0,0.0,0.0,0.0,0.0,0,0,0,0.0,0.0,0.0,0.0,0.0,0.0,0.0,0.0,0.0,0.0,0.0,0.0,0.0,0.0,0.0,0.0,0,-107875648.0,69,0.0,138,0.0,0.0,0,13107,17040,13107,17049,0,17043,0,0,0,70,68,100,2.7302359370752657e+23,71.2,0.0,74.2,2.7302370179391762e+23,74.0,1,49,50,180,0,52429,0,0,0.0,0.0,0.0,0.0,-0.0,67.0,0.0,162057.094,0.0,750,0,739,0,0,0,721,0,766,0,736,0,742,0,741,0,712,0,7520,0.032,79456894976.0,0.0,0.0,784,16797,-0.0,162057.094,-114818.039,-0.0,0.133,6.909358625270745e+28,30.0,65.0,35,0.0,0.0,0.0,0.0,0.0,0.0,0.0,0.0,0.0,0.0,0.0,0.0,0.0,0.0,0.0,0.0,69.2,0,150,71,54,65476,0,300,0,1,8,20529,65476,0,0,40632,65.0,0.0,0.0,0.0,0.0,0.0
2026-09-04T20:40:26,ERR,ERR,ERR,ERR,ERR,ERR,ERR,ERR,ERR,ERR,ERR,ERR,ERR,ERR,ERR,ERR,ERR,ERR,ERR,ERR,ERR,ERR,ERR,ERR,ERR,ERR,ERR,ERR,ERR,ERR,ERR,ERR,ERR,ERR,ERR,ERR,ERR,ERR,ERR,ERR,ERR,ERR,ERR,ERR,ERR,ERR,ERR,ERR,ERR,ERR,ERR,ERR,ERR,ERR,ERR,ERR,ERR,ERR,ERR,ERR,ERR,ERR,ERR,ERR,ERR,ERR,ERR,ERR,ERR,ERR,ERR,ERR,ERR,ERR,ERR,ERR,ERR,ERR,ERR,ERR,ERR,ERR,ERR,ERR,ERR,ERR,ERR,ERR,ERR,ERR,ERR,ERR,ERR,ERR,ERR,ERR,ERR,ERR,ERR,ERR,ERR,ERR,ERR,ERR,ERR,ERR,ERR,ERR,ERR,ERR,ERR,ERR,ERR,ERR,ERR,ERR,ERR,ERR,ERR,ERR,ERR,ERR,ERR,ERR,ERR,0.0,0.0,0.0,0.0,0.0,1.3936040501711995e+18,7.805,0.0,0,0,4,0,7116,0.0,100,0.0,0.0,0.0,0.0,0.0,0,0,0,0,0.0,0,0,0,0,0,0,0,0,0,0,0,0,0,0,0,0,0,0,0,0,0,0,0,0,0,0,0,0,0,0,0,0,0,31,40,40,71,65476,0,300,0,0,8,21553,0.0,-107605600.0,0.0,0.0,0.0,0.0,0.0,0.0,0.0,0.0,0.0,0.0,0.0,0.0,0.0,0.0,0.0,0.0,0.0,0.0,0.0,0.0,-2.004,-0.0,-0.0,-2.004,0.0,0.0,0.0,0.0,6277.0,0.0,6943.0,0.0,0.0,2.7184303811560617e+23,0.0,0.0,0.0,0.0,0.0,69,-3.222031175229641e+26,-152018119294976.0,0.0,0.0,0.0,0.0,0.0,0.0,0.0,0,0,0,0.0,0.0,0.0,0.0,0.0,0.0,0.0,0.0,0.0,0.0,0.0,0.0,0.0,0.0,0.0,0.0,0,-107875648.0,69,0.0,138,0.0,0.0,0,13107,17040,13107,17049,13107,17043,0,0,0,70,68,100,2.7302359370752657e+23,71.1,0.0,74.2,2.7302370179391762e+23,74.0,1,49,50,180,0,52429,0,0,0.0,0.0,0.0,0.0,-0.0,67.0,0.0,162057.094,0.0,750,0,739,0,0,0,721,0,766,0,736,0,742,0,741,0,712,0,7520,0.032,78920024064.0,0.0,0.0,784,16797,-0.0,162057.094,-114818.039,-0.0,0.133,6.909358625270745e+28,30.0,65.0,35,0.0,0.0,0.0,0.0,0.0,0.0,0.0,0.0,0.0,0.0,0.0,0.0,0.0,0.0,0.0,0.0,69.2,0,150,71,54,65476,0,300,0,1,8,20529,65476,0,0,40632,65.0,0.0,0.0,0.0,0.0,0.0
2026-09-04T20:40:27,ERR,ERR,ERR,ERR,ERR,ERR,ERR,ERR,ERR,ERR,ERR,ERR,ERR,ERR,ERR,ERR,ERR,ERR,ERR,ERR,ERR,ERR,ERR,ERR,ERR,ERR,ERR,ERR,ERR,ERR,ERR,ERR,ERR,ERR,ERR,ERR,ERR,ERR,ERR,ERR,ERR,ERR,ERR,ERR,ERR,ERR,ERR,ERR,ERR,ERR,ERR,ERR,ERR,ERR,ERR,ERR,ERR,ERR,ERR,ERR,ERR,ERR,ERR,ERR,ERR,ERR,ERR,ERR,ERR,ERR,ERR,ERR,ERR,ERR,ERR,ERR,ERR,ERR,ERR,ERR,ERR,ERR,ERR,ERR,ERR,ERR,ERR,ERR,ERR,ERR,ERR,ERR,ERR,ERR,ERR,ERR,ERR,ERR,ERR,ERR,ERR,ERR,ERR,ERR,ERR,ERR,ERR,ERR,ERR,ERR,ERR,ERR,ERR,ERR,ERR,ERR,ERR,ERR,ERR,ERR,ERR,ERR,ERR,ERR,ERR,0.0,0.0,0.0,0.0,0.0,1.3936040501711995e+18,7.805,0.0,0,0,4,0,7116,0.0,100,0.0,0.0,0.0,0.0,0.0,0,0,0,0,0.0,0,0,0,0,0,0,0,0,0,0,0,0,0,0,0,0,0,0,0,0,0,0,0,0,0,0,0,0,0,0,0,0,0,31,40,40,71,65476,0,300,0,0,8,21553,0.0,-107605600.0,0.0,0.0,0.0,0.0,0.0,0.0,0.0,0.0,0.0,0.0,0.0,0.0,0.0,0.0,0.0,0.0,0.0,0.0,0.0,0.0,-2.004,-0.0,-0.0,-2.004,0.0,0.0,0.0,0.0,6277.0,0.0,6943.0,0.0,0.0,2.7184303811560617e+23,0.0,0.0,0.0,0.0,0.0,69,-3.222031175229641e+26,-152018119294976.0,0.0,0.0,0.0,0.0,0.0,0.0,0.0,0,0,0,0.0,0.0,0.0,0.0,0.0,0.0,0.0,0.0,0.0,0.0,0.0,0.0,0.0,0.0,0.0,0.0,0,-107875648.0,69,0.0,138,0.0,0.0,0,13107,17040,13107,17049,13107,17043,0,0,0,70,68,100,2.7302359370752657e+23,71.1,0.0,74.2,2.7302370179391762e+23,74.0,1,49,50,180,0,52429,0,0,0.0,0.0,0.0,0.0,-0.0,67.0,0.0,162057.094,0.0,750,0,739,0,0,0,721,0,766,0,736,0,742,0,741,0,712,0,7520,0.032,78920024064.0,0.0,0.0,784,16797,-0.0,162057.094,-114818.039,-0.0,0.133,6.909358625270745e+28,30.0,65.0,35,0.0,0.0,0.0,0.0,0.0,0.0,0.0,0.0,0.0,0.0,0.0,0.0,0.0,0.0,0.0,0.0,69.2,0,150,71,54,65476,0,300,0,1,8,20529,65476,0,0,40632,65.0,0.0,0.0,0.0,0.0,0.0
2026-09-04T20:40:28,ERR,ERR,ERR,ERR,ERR,ERR,ERR,ERR,ERR,ERR,ERR,ERR,ERR,ERR,ERR,ERR,ERR,ERR,ERR,ERR,ERR,ERR,ERR,ERR,ERR,ERR,ERR,ERR,ERR,ERR,ERR,ERR,ERR,ERR,ERR,ERR,ERR,ERR,ERR,ERR,ERR,ERR,ERR,ERR,ERR,ERR,ERR,ERR,ERR,ERR,ERR,ERR,ERR,ERR,ERR,ERR,ERR,ERR,ERR,ERR,ERR,ERR,ERR,ERR,ERR,ERR,ERR,ERR,ERR,ERR,ERR,ERR,ERR,ERR,ERR,ERR,ERR,ERR,ERR,ERR,ERR,ERR,ERR,ERR,ERR,ERR,ERR,ERR,ERR,ERR,ERR,ERR,ERR,ERR,ERR,ERR,ERR,ERR,ERR,ERR,ERR,ERR,ERR,ERR,ERR,ERR,ERR,ERR,ERR,ERR,ERR,ERR,ERR,ERR,ERR,ERR,ERR,ERR,ERR,ERR,ERR,ERR,ERR,ERR,ERR,0.0,0.0,0.0,0.0,0.0,1.3936040501711995e+18,7.805,0.0,0,0,4,0,7116,0.0,100,0.0,0.0,0.0,0.0,0.0,0,0,0,0,0.0,0,0,0,0,0,0,0,0,0,0,0,0,0,0,0,0,0,0,0,0,0,0,0,0,0,0,0,0,0,0,0,0,0,31,40,40,71,65476,0,300,0,0,8,21553,0.0,-107605600.0,0.0,0.0,0.0,0.0,0.0,0.0,0.0,0.0,0.0,0.0,0.0,0.0,0.0,0.0,0.0,0.0,0.0,0.0,0.0,0.0,-2.004,-0.0,-0.0,-2.004,0.0,0.0,0.0,0.0,6277.0,0.0,6943.0,0.0,0.0,2.7184303811560617e+23,0.0,0.0,0.0,0.0,0.0,69,-3.222031175229641e+26,-152018119294976.0,0.0,0.0,0.0,0.0,0.0,0.0,0.0,0,0,0,0.0,0.0,0.0,0.0,0.0,0.0,0.0,0.0,0.0,0.0,0.0,0.0,0.0,0.0,0.0,0.0,0,-107875648.0,69,0.0,138,0.0,0.0,0,13107,17040,13107,17049,13107,17043,0,0,0,70,68,100,2.7302359370752657e+23,71.1,0.0,74.2,2.7302370179391762e+23,74.0,1,49,50,180,0,52429,0,0,0.0,0.0,0.0,0.0,-0.0,67.0,0.0,162057.094,0.0,750,0,739,0,0,0,721,0,766,0,736,0,742,0,741,0,712,0,7520,0.032,78920024064.0,0.0,0.0,784,16797,-0.0,162057.094,-114818.039,-0.0,0.133,6.909358625270745e+28,30.0,65.0,35,0.0,0.0,0.0,0.0,0.0,0.0,0.0,0.0,0.0,0.0,0.0,0.0,0.0,0.0,0.0,0.0,69.2,0,150,71,54,65476,0,300,0,1,8,20529,65476,0,0,40632,65.0,0.0,0.0,0.0,0.0,0.0
2026-09-04T20:40:29,ERR,ERR,ERR,ERR,ERR,ERR,ERR,ERR,ERR,ERR,ERR,ERR,ERR,ERR,ERR,ERR,ERR,ERR,ERR,ERR,ERR,ERR,ERR,ERR,ERR,ERR,ERR,ERR,ERR,ERR,ERR,ERR,ERR,ERR,ERR,ERR,ERR,ERR,ERR,ERR,ERR,ERR,ERR,ERR,ERR,ERR,ERR,ERR,ERR,ERR,ERR,ERR,ERR,ERR,ERR,ERR,ERR,ERR,ERR,ERR,ERR,ERR,ERR,ERR,ERR,ERR,ERR,ERR,ERR,ERR,ERR,ERR,ERR,ERR,ERR,ERR,ERR,ERR,ERR,ERR,ERR,ERR,ERR,ERR,ERR,ERR,ERR,ERR,ERR,ERR,ERR,ERR,ERR,ERR,ERR,ERR,ERR,ERR,ERR,ERR,ERR,ERR,ERR,ERR,ERR,ERR,ERR,ERR,ERR,ERR,ERR,ERR,ERR,ERR,ERR,ERR,ERR,ERR,ERR,ERR,ERR,ERR,ERR,ERR,ERR,0.0,0.0,0.0,0.0,0.0,1.3936040501711995e+18,7.805,0.0,0,0,4,0,7116,0.0,100,0.0,0.0,0.0,0.0,0.0,0,0,0,0,0.0,0,0,0,0,0,0,0,0,0,0,0,0,0,0,0,0,0,0,0,0,0,0,0,0,0,0,0,0,0,0,0,0,0,31,40,40,71,65476,0,300,0,0,8,21553,0.0,-107605600.0,0.0,0.0,0.0,0.0,0.0,0.0,0.0,0.0,0.0,0.0,0.0,0.0,0.0,0.0,0.0,0.0,0.0,0.0,0.0,0.0,-2.004,2.004,-0.0,-2.004,0.0,0.0,0.0,0.0,6242.0,-0.0,6934.0,0.0,0.0,2.7184303811560617e+23,0.0,0.0,0.0,0.0,0.0,69,-107615400.0,5.84807549020002e+35,0.0,0.0,0.0,0.0,0.0,0.0,0.0,0,0,0,0.0,0.0,0.0,0.0,0.0,0.0,0.0,0.0,0.0,0.0,0.0,0.0,0.0,0.0,0.0,0.0,0,-107875648.0,69,0.0,138,0.0,0.0,0,13107,17040,13107,17049,13107,17043,0,0,0,70,68,100,2.7302359370752657e+23,71.1,0.0,74.2,2.7302370179391762e+23,74.0,1,49,50,180,0,52429,0,0,0.0,0.0,0.0,0.0,-0.0,67.0,0.0,162057.094,0.0,750,0,739,0,0,0,721,0,766,0,736,0,742,0,741,0,712,0,7520,0.032,78920024064.0,0.0,0.0,784,16797,-0.0,162057.094,-114818.039,-0.0,0.133,6.909358625270745e+28,30.0,65.0,35,0.0,0.0,0.0,0.0,0.0,0.0,0.0,0.0,0.0,0.0,0.0,0.0,0.0,0.0,0.0,0.0,69.2,0,150,71,54,65476,0,300,0,1,8,20529,65476,0,0,40632,65.0,0.0,0.0,0.0,0.0,0.0
2026-09-04T20:40:30,ERR,ERR,ERR,ERR,ERR,ERR,ERR,ERR,ERR,ERR,ERR,ERR,ERR,ERR,ERR,ERR,ERR,ERR,ERR,ERR,ERR,ERR,ERR,ERR,ERR,ERR,ERR,ERR,ERR,ERR,ERR,ERR,ERR,ERR,ERR,ERR,ERR,ERR,ERR,ERR,ERR,ERR,ERR,ERR,ERR,ERR,ERR,ERR,ERR,ERR,ERR,ERR,ERR,ERR,ERR,ERR,ERR,ERR,ERR,ERR,ERR,ERR,ERR,ERR,ERR,ERR,ERR,ERR,ERR,ERR,ERR,ERR,ERR,ERR,ERR,ERR,ERR,ERR,ERR,ERR,ERR,ERR,ERR,ERR,ERR,ERR,ERR,ERR,ERR,ERR,ERR,ERR,ERR,ERR,ERR,ERR,ERR,ERR,ERR,ERR,ERR,ERR,ERR,ERR,ERR,ERR,ERR,ERR,ERR,ERR,ERR,ERR,ERR,ERR,ERR,ERR,ERR,ERR,ERR,ERR,ERR,ERR,ERR,ERR,ERR,0.0,0.0,0.0,0.0,0.0,1.3936040501711995e+18,7.805,0.0,0,0,4,0,7116,0.0,100,0.0,0.0,0.0,0.0,0.0,0,0,0,0,0.0,0,0,0,0,0,0,0,0,0,0,0,0,0,0,0,0,0,0,0,0,0,0,0,0,0,0,0,0,0,0,0,0,0,31,40,40,71,65476,0,300,0,0,8,21553,0.0,-107605600.0,0.0,0.0,0.0,0.0,0.0,0.0,0.0,0.0,0.0,0.0,0.0,0.0,0.0,0.0,0.0,0.0,0.0,0.0,0.0,0.0,-2.004,2.004,-0.0,-2.004,0.0,0.0,0.0,0.0,6242.0,-0.0,6934.0,0.0,0.0,2.7184303811560617e+23,0.0,0.0,0.0,0.0,0.0,69,-107615400.0,5.84807549020002e+35,0.0,0.0,0.0,0.0,0.0,0.0,0.0,0,0,0,0.0,0.0,0.0,0.0,0.0,0.0,0.0,0.0,0.0,0.0,0.0,0.0,0.0,0.0,0.0,0.0,0,-107875648.0,69,0.0,138,0.0,0.0,0,13107,17040,13107,17049,13107,17043,0,0,0,70,68,100,2.7302359370752657e+23,71.1,0.0,74.2,2.7302370179391762e+23,74.0,1,49,50,180,0,52429,0,0,0.0,0.0,0.0,0.0,-0.0,67.0,0.0,162057.094,0.0,750,0,739,0,0,0,721,0,766,0,736,0,742,0,741,0,712,0,7520,0.032,78920024064.0,0.0,0.0,784,16797,-0.0,162057.094,-114818.039,-0.0,0.133,6.909358625270745e+28,30.0,65.0,35,0.0,0.0,0.0,0.0,0.0,0.0,0.0,0.0,0.0,0.0,0.0,0.0,0.0,0.0,0.0,0.0,69.2,0,150,71,54,65476,0,300,0,1,8,20529,65476,0,0,40632,65.0,0.0,0.0,0.0,0.0,0.0
2026-09-04T20:40:31,ERR,ERR,ERR,ERR,ERR,ERR,ERR,ERR,ERR,ERR,ERR,ERR,ERR,ERR,ERR,ERR,ERR,ERR,ERR,ERR,ERR,ERR,ERR,ERR,ERR,ERR,ERR,ERR,ERR,ERR,ERR,ERR,ERR,ERR,ERR,ERR,ERR,ERR,ERR,ERR,ERR,ERR,ERR,ERR,ERR,ERR,ERR,ERR,ERR,ERR,ERR,ERR,ERR,ERR,ERR,ERR,ERR,ERR,ERR,ERR,ERR,ERR,ERR,ERR,ERR,ERR,ERR,ERR,ERR,ERR,ERR,ERR,ERR,ERR,ERR,ERR,ERR,ERR,ERR,ERR,ERR,ERR,ERR,ERR,ERR,ERR,ERR,ERR,ERR,ERR,ERR,ERR,ERR,ERR,ERR,ERR,ERR,ERR,ERR,ERR,ERR,ERR,ERR,ERR,ERR,ERR,ERR,ERR,ERR,ERR,ERR,ERR,ERR,ERR,ERR,ERR,ERR,ERR,ERR,ERR,ERR,ERR,ERR,ERR,ERR,0.0,0.0,0.0,0.0,0.0,1.3936040501711995e+18,7.805,0.0,0,0,4,0,7116,0.0,100,0.0,0.0,0.0,0.0,0.0,0,0,0,0,0.0,0,0,0,0,0,0,0,0,0,0,0,0,0,0,0,0,0,0,0,0,0,0,0,0,0,0,0,0,0,0,0,0,0,31,40,40,71,65476,0,300,0,0,8,21553,0.0,-107605600.0,0.0,0.0,0.0,0.0,0.0,0.0,0.0,0.0,0.0,0.0,0.0,0.0,0.0,0.0,0.0,0.0,0.0,0.0,0.0,0.0,-2.004,2.004,-0.0,-2.004,0.0,0.0,0.0,0.0,6242.0,-0.0,6934.0,0.0,0.0,2.7184303811560617e+23,0.0,0.0,0.0,0.0,0.0,69,-107615400.0,5.84807549020002e+35,0.0,0.0,0.0,0.0,0.0,0.0,0.0,0,0,0,0.0,0.0,0.0,0.0,0.0,0.0,0.0,0.0,0.0,0.0,0.0,0.0,0.0,0.0,0.0,0.0,0,-107875648.0,69,0.0,138,0.0,0.0,0,13107,17040,13107,17049,13107,17043,0,0,0,70,68,100,2.7302359370752657e+23,71.1,0.0,74.2,2.7302370179391762e+23,74.0,1,49,50,180,0,52429,0,0,0.0,0.0,0.0,0.0,-0.0,67.0,0.0,162057.094,0.0,750,0,739,0,0,0,721,0,766,0,736,0,742,0,741,0,712,0,7520,0.032,78920024064.0,0.0,0.0,784,16797,-0.0,162057.094,-114818.039,-0.0,0.133,6.909358625270745e+28,30.0,65.0,35,0.0,0.0,0.0,0.0,0.0,0.0,0.0,0.0,0.0,0.0,0.0,0.0,0.0,0.0,0.0,0.0,69.2,0,150,71,54,65476,0,300,0,1,8,20529,65476,0,0,40632,65.0,0.0,0.0,0.0,0.0,0.0
2026-09-04T20:40:32,ERR,ERR,ERR,ERR,ERR,ERR,ERR,ERR,ERR,ERR,ERR,ERR,ERR,ERR,ERR,ERR,ERR,ERR,ERR,ERR,ERR,ERR,ERR,ERR,ERR,ERR,ERR,ERR,ERR,ERR,ERR,ERR,ERR,ERR,ERR,ERR,ERR,ERR,ERR,ERR,ERR,ERR,ERR,ERR,ERR,ERR,ERR,ERR,ERR,ERR,ERR,ERR,ERR,ERR,ERR,ERR,ERR,ERR,ERR,ERR,ERR,ERR,ERR,ERR,ERR,ERR,ERR,ERR,ERR,ERR,ERR,ERR,ERR,ERR,ERR,ERR,ERR,ERR,ERR,ERR,ERR,ERR,ERR,ERR,ERR,ERR,ERR,ERR,ERR,ERR,ERR,ERR,ERR,ERR,ERR,ERR,ERR,ERR,ERR,ERR,ERR,ERR,ERR,ERR,ERR,ERR,ERR,ERR,ERR,ERR,ERR,ERR,ERR,ERR,ERR,ERR,ERR,ERR,ERR,ERR,ERR,ERR,ERR,ERR,ERR,0.0,0.0,0.0,0.0,0.0,1.3936040501711995e+18,7.805,0.0,0,0,4,0,7116,0.0,100,0.0,0.0,0.0,0.0,0.0,0,0,0,0,0.0,0,0,0,0,0,0,0,0,0,0,0,0,0,0,0,0,0,0,0,0,0,0,0,0,0,0,0,0,0,0,0,0,0,31,40,40,71,65476,0,300,0,0,8,21553,0.0,-107605600.0,0.0,0.0,0.0,0.0,0.0,0.0,0.0,0.0,0.0,0.0,0.0,0.0,0.0,0.0,0.0,0.0,0.0,0.0,0.0,0.0,-2.004,2.004,-0.0,-2.004,0.0,0.0,0.0,0.0,6242.0,-0.0,6934.0,0.0,0.0,2.7184303811560617e+23,0.0,0.0,0.0,0.0,0.0,69,-107615400.0,5.84807549020002e+35,0.0,0.0,0.0,0.0,0.0,0.0,0.0,0,0,0,0.0,0.0,0.0,0.0,0.0,0.0,0.0,0.0,0.0,0.0,0.0,0.0,0.0,0.0,0.0,0.0,0,-107875648.0,69,0.0,138,0.0,0.0,0,13107,17040,13107,17049,13107,17043,0,0,0,70,68,100,2.7302359370752657e+23,71.1,0.0,74.2,2.7302370179391762e+23,74.0,1,49,50,180,0,52429,0,0,0.0,0.0,0.0,0.0,-0.0,67.0,0.0,162057.094,0.0,750,0,739,0,0,0,721,0,766,0,736,0,742,0,741,0,712,0,7520,0.032,78383153152.0,0.0,0.0,784,16797,-0.0,162057.094,-114818.039,-0.0,0.133,6.909358625270745e+28,30.0,65.0,35,0.0,0.0,0.0,0.0,0.0,0.0,0.0,0.0,0.0,0.0,0.0,0.0,0.0,0.0,0.0,0.0,69.2,0,150,71,54,65476,0,300,0,1,8,20529,65476,0,0,40632,65.0,0.0,0.0,0.0,0.0,0.0
2026-09-04T20:40:33,ERR,ERR,ERR,ERR,ERR,ERR,ERR,ERR,ERR,ERR,ERR,ERR,ERR,ERR,ERR,ERR,ERR,ERR,ERR,ERR,ERR,ERR,ERR,ERR,ERR,ERR,ERR,ERR,ERR,ERR,ERR,ERR,ERR,ERR,ERR,ERR,ERR,ERR,ERR,ERR,ERR,ERR,ERR,ERR,ERR,ERR,ERR,ERR,ERR,ERR,ERR,ERR,ERR,ERR,ERR,ERR,ERR,ERR,ERR,ERR,ERR,ERR,ERR,ERR,ERR,ERR,ERR,ERR,ERR,ERR,ERR,ERR,ERR,ERR,ERR,ERR,ERR,ERR,ERR,ERR,ERR,ERR,ERR,ERR,ERR,ERR,ERR,ERR,ERR,ERR,ERR,ERR,ERR,ERR,ERR,ERR,ERR,ERR,ERR,ERR,ERR,ERR,ERR,ERR,ERR,ERR,ERR,ERR,ERR,ERR,ERR,ERR,ERR,ERR,ERR,ERR,ERR,ERR,ERR,ERR,ERR,ERR,ERR,ERR,ERR,0.0,0.0,0.0,0.0,0.0,1.3936040501711995e+18,7.805,0.0,0,0,4,0,7116,0.0,100,0.0,0.0,0.0,0.0,0.0,0,0,0,0,0.0,0,0,0,0,0,0,0,0,0,0,0,0,0,0,0,0,0,0,0,0,0,0,0,0,0,0,0,0,0,0,0,0,0,31,40,40,71,65476,0,300,0,0,8,21553,0.0,-107605600.0,0.0,0.0,0.0,0.0,0.0,0.0,0.0,0.0,0.0,0.0,0.0,0.0,0.0,0.0,0.0,0.0,0.0,0.0,0.0,0.0,-2.004,2.004,-0.0,-2.004,0.0,0.0,0.0,0.0,6242.0,-0.0,6934.0,0.0,0.0,2.7184303811560617e+23,0.0,0.0,0.0,0.0,0.0,69,-107615400.0,5.84807549020002e+35,0.0,0.0,0.0,0.0,0.0,0.0,0.0,0,0,0,0.0,0.0,0.0,0.0,0.0,0.0,0.0,0.0,0.0,0.0,0.0,0.0,0.0,0.0,0.0,0.0,0,-107875648.0,69,0.0,138,0.0,0.0,0,13107,17040,13107,17049,13107,17043,0,0,0,70,68,100,2.7302359370752657e+23,71.1,0.0,74.2,2.7302370179391762e+23,74.0,1,49,50,180,0,52429,0,0,0.0,0.0,0.0,0.0,-0.0,67.0,0.0,162057.094,0.0,750,0,739,0,0,0,721,0,766,0,736,0,742,0,741,0,712,0,7520,0.032,78383153152.0,0.0,0.0,784,16797,-0.0,162057.094,-114818.039,-0.0,0.133,6.909358625270745e+28,30.0,65.0,35,0.0,0.0,0.0,0.0,0.0,0.0,0.0,0.0,0.0,0.0,0.0,0.0,0.0,0.0,0.0,0.0,69.2,0,150,71,54,65476,0,300,0,1,8,20529,65476,0,0,40632,65.0,0.0,0.0,0.0,0.0,0.0
2026-09-04T20:40:34,ERR,ERR,ERR,ERR,ERR,ERR,ERR,ERR,ERR,ERR,ERR,ERR,ERR,ERR,ERR,ERR,ERR,ERR,ERR,ERR,ERR,ERR,ERR,ERR,ERR,ERR,ERR,ERR,ERR,ERR,ERR,ERR,ERR,ERR,ERR,ERR,ERR,ERR,ERR,ERR,ERR,ERR,ERR,ERR,ERR,ERR,ERR,ERR,ERR,ERR,ERR,ERR,ERR,ERR,ERR,ERR,ERR,ERR,ERR,ERR,ERR,ERR,ERR,ERR,ERR,ERR,ERR,ERR,ERR,ERR,ERR,ERR,ERR,ERR,ERR,ERR,ERR,ERR,ERR,ERR,ERR,ERR,ERR,ERR,ERR,ERR,ERR,ERR,ERR,ERR,ERR,ERR,ERR,ERR,ERR,ERR,ERR,ERR,ERR,ERR,ERR,ERR,ERR,ERR,ERR,ERR,ERR,ERR,ERR,ERR,ERR,ERR,ERR,ERR,ERR,ERR,ERR,ERR,ERR,ERR,ERR,ERR,ERR,ERR,ERR,0.0,0.0,0.0,0.0,0.0,1.3936040501711995e+18,7.805,0.0,0,0,4,0,7116,0.0,100,0.0,0.0,0.0,0.0,0.0,0,0,0,0,0.0,0,0,0,0,0,0,0,0,0,0,0,0,0,0,0,0,0,0,0,0,0,0,0,0,0,0,0,0,0,0,0,0,0,31,40,40,71,65476,0,300,0,0,8,21553,0.0,-107605600.0,0.0,0.0,0.0,0.0,0.0,0.0,0.0,0.0,0.0,0.0,0.0,0.0,0.0,0.0,0.0,0.0,0.0,0.0,0.0,0.0,-2.004,2.004,-0.0,-2.004,0.0,0.0,0.0,0.0,6242.0,-0.0,6934.0,0.0,0.0,2.7184303811560617e+23,0.0,0.0,0.0,0.0,0.0,69,-107615400.0,5.84807549020002e+35,0.0,0.0,0.0,0.0,0.0,0.0,0.0,0,0,0,0.0,0.0,0.0,0.0,0.0,0.0,0.0,0.0,0.0,0.0,0.0,0.0,0.0,0.0,0.0,0.0,0,-107875648.0,69,0.0,138,0.0,0.0,0,13107,17040,13107,17049,13107,17043,0,0,0,70,68,100,2.7302359370752657e+23,71.1,0.0,74.2,2.7302370179391762e+23,74.0,1,49,50,180,0,52429,0,0,0.0,0.0,0.0,0.0,-0.0,67.0,0.0,162057.094,0.0,750,0,739,0,0,0,721,0,766,0,736,0,742,0,741,0,712,0,7520,0.032,78383153152.0,0.0,0.0,784,16797,-0.0,162057.094,-114818.039,-0.0,0.133,6.909358625270745e+28,30.0,65.0,35,0.0,0.0,0.0,0.0,0.0,0.0,0.0,0.0,0.0,0.0,0.0,0.0,0.0,0.0,0.0,0.0,69.2,0,150,71,54,65476,0,300,0,1,8,20529,65476,0,0,40632,65.0,0.0,0.0,0.0,0.0,0.0
2026-09-04T20:40:35,ERR,ERR,ERR,ERR,ERR,ERR,ERR,ERR,ERR,ERR,ERR,ERR,ERR,ERR,ERR,ERR,ERR,ERR,ERR,ERR,ERR,ERR,ERR,ERR,ERR,ERR,ERR,ERR,ERR,ERR,ERR,ERR,ERR,ERR,ERR,ERR,ERR,ERR,ERR,ERR,ERR,ERR,ERR,ERR,ERR,ERR,ERR,ERR,ERR,ERR,ERR,ERR,ERR,ERR,ERR,ERR,ERR,ERR,ERR,ERR,ERR,ERR,ERR,ERR,ERR,ERR,ERR,ERR,ERR,ERR,ERR,ERR,ERR,ERR,ERR,ERR,ERR,ERR,ERR,ERR,ERR,ERR,ERR,ERR,ERR,ERR,ERR,ERR,ERR,ERR,ERR,ERR,ERR,ERR,ERR,ERR,ERR,ERR,ERR,ERR,ERR,ERR,ERR,ERR,ERR,ERR,ERR,ERR,ERR,ERR,ERR,ERR,ERR,ERR,ERR,ERR,ERR,ERR,ERR,ERR,ERR,ERR,ERR,ERR,ERR,0.0,0.0,0.0,0.0,0.0,1.3936040501711995e+18,7.805,0.0,0,0,4,0,7116,0.0,100,0.0,0.0,0.0,0.0,0.0,0,0,0,0,0.0,0,0,0,0,0,0,0,0,0,0,0,0,0,0,0,0,0,0,0,0,0,0,0,0,0,0,0,0,0,0,0,0,0,31,40,40,71,65476,0,300,0,0,8,21553,0.0,-107605600.0,0.0,0.0,0.0,0.0,0.0,0.0,0.0,0.0,0.0,0.0,0.0,0.0,0.0,0.0,0.0,0.0,0.0,0.0,0.0,0.0,-2.004,2.004,-0.0,-2.004,0.0,0.0,0.0,0.0,6242.0,-0.0,6934.0,0.0,0.0,2.7184303811560617e+23,0.0,0.0,0.0,0.0,0.0,69,-107615400.0,5.84807549020002e+35,0.0,0.0,0.0,0.0,0.0,0.0,0.0,0,0,0,0.0,0.0,0.0,0.0,0.0,0.0,0.0,0.0,0.0,0.0,0.0,0.0,0.0,0.0,0.0,0.0,0,-107875648.0,69,0.0,138,0.0,0.0,0,13107,17040,13107,17049,13107,17043,0,0,0,70,68,100,2.7302359370752657e+23,71.1,0.0,74.2,2.7302370179391762e+23,74.0,1,49,50,180,0,52429,0,0,0.0,0.0,0.0,0.0,-0.0,67.0,0.0,162057.094,0.0,750,0,739,0,0,0,721,0,766,0,736,0,742,0,741,0,712,0,7520,0.032,78383153152.0,0.0,0.0,784,16797,-0.0,162057.094,-114818.039,-0.0,0.133,6.909358625270745e+28,30.0,65.0,35,0.0,0.0,0.0,0.0,0.0,0.0,0.0,0.0,0.0,0.0,0.0,0.0,0.0,0.0,0.0,0.0,69.2,0,150,71,54,65476,0,300,0,1,8,20529,65476,0,0,40632,65.0,0.0,0.0,0.0,0.0,0.0
2026-09-04T20:40:36,ERR,ERR,ERR,ERR,ERR,ERR,ERR,ERR,ERR,ERR,ERR,ERR,ERR,ERR,ERR,ERR,ERR,ERR,ERR,ERR,ERR,ERR,ERR,ERR,ERR,ERR,ERR,ERR,ERR,ERR,ERR,ERR,ERR,ERR,ERR,ERR,ERR,ERR,ERR,ERR,ERR,ERR,ERR,ERR,ERR,ERR,ERR,ERR,ERR,ERR,ERR,ERR,ERR,ERR,ERR,ERR,ERR,ERR,ERR,ERR,ERR,ERR,ERR,ERR,ERR,ERR,ERR,ERR,ERR,ERR,ERR,ERR,ERR,ERR,ERR,ERR,ERR,ERR,ERR,ERR,ERR,ERR,ERR,ERR,ERR,ERR,ERR,ERR,ERR,ERR,ERR,ERR,ERR,ERR,ERR,ERR,ERR,ERR,ERR,ERR,ERR,ERR,ERR,ERR,ERR,ERR,ERR,ERR,ERR,ERR,ERR,ERR,ERR,ERR,ERR,ERR,ERR,ERR,ERR,ERR,ERR,ERR,ERR,ERR,ERR,0.0,0.0,0.0,0.0,0.0,1.3936040501711995e+18,7.805,0.0,0,0,4,0,7116,0.0,100,0.0,0.0,0.0,0.0,0.0,0,0,0,0,0.0,0,0,0,0,0,0,0,0,0,0,0,0,0,0,0,0,0,0,0,0,0,0,0,0,0,0,0,0,0,0,0,0,0,31,40,40,71,65476,0,300,0,0,8,21553,0.0,-107605600.0,0.0,0.0,0.0,0.0,0.0,0.0,0.0,0.0,0.0,0.0,0.0,0.0,0.0,0.0,0.0,0.0,0.0,0.0,0.0,0.0,-2.004,2.004,-0.0,-2.004,0.0,0.0,0.0,0.0,6247.0,-0.0,6931.0,0.0,0.0,2.7184303811560617e+23,0.0,0.0,0.0,0.0,0.0,69,-4.066882747792088e+29,-0.0,0.0,0.0,0.0,0.0,0.0,0.0,0.0,0,0,0,0.0,0.0,0.0,0.0,0.0,0.0,0.0,0.0,0.0,0.0,0.0,0.0,0.0,0.0,0.0,0.0,0,-107875648.0,69,0.0,138,0.0,0.0,0,13107,17040,13107,17049,13107,17043,0,0,0,70,68,100,2.7302359370752657e+23,71.1,0.0,74.2,2.7302370179391762e+23,74.0,1,49,50,180,0,52429,0,0,0.0,0.0,0.0,0.0,-0.0,67.0,0.0,162057.094,0.0,750,0,739,0,0,0,721,0,766,0,736,0,742,0,741,0,712,0,7520,0.032,78383153152.0,0.0,0.0,784,16797,-0.0,162057.094,-114818.039,-0.0,0.133,6.909358625270745e+28,30.0,65.0,35,0.0,0.0,0.0,0.0,0.0,0.0,0.0,0.0,0.0,0.0,0.0,0.0,0.0,0.0,0.0,0.0,69.2,0,150,71,54,65476,0,300,0,1,8,20529,65476,0,0,40632,65.0,0.0,0.0,0.0,0.0,0.0
2026-09-04T20:40:37,ERR,ERR,ERR,ERR,ERR,ERR,ERR,ERR,ERR,ERR,ERR,ERR,ERR,ERR,ERR,ERR,ERR,ERR,ERR,ERR,ERR,ERR,ERR,ERR,ERR,ERR,ERR,ERR,ERR,ERR,ERR,ERR,ERR,ERR,ERR,ERR,ERR,ERR,ERR,ERR,ERR,ERR,ERR,ERR,ERR,ERR,ERR,ERR,ERR,ERR,ERR,ERR,ERR,ERR,ERR,ERR,ERR,ERR,ERR,ERR,ERR,ERR,ERR,ERR,ERR,ERR,ERR,ERR,ERR,ERR,ERR,ERR,ERR,ERR,ERR,ERR,ERR,ERR,ERR,ERR,ERR,ERR,ERR,ERR,ERR,ERR,ERR,ERR,ERR,ERR,ERR,ERR,ERR,ERR,ERR,ERR,ERR,ERR,ERR,ERR,ERR,ERR,ERR,ERR,ERR,ERR,ERR,ERR,ERR,ERR,ERR,ERR,ERR,ERR,ERR,ERR,ERR,ERR,ERR,ERR,ERR,ERR,ERR,ERR,ERR,0.0,0.0,0.0,0.0,0.0,1.3936040501711995e+18,7.805,0.0,0,0,4,0,7116,0.0,100,0.0,0.0,0.0,0.0,0.0,0,0,0,0,0.0,0,0,0,0,0,0,0,0,0,0,0,0,0,0,0,0,0,0,0,0,0,0,0,0,0,0,0,0,0,0,0,0,0,31,40,40,71,65476,0,300,0,0,8,21553,0.0,-107605600.0,0.0,0.0,0.0,0.0,0.0,0.0,0.0,0.0,0.0,0.0,0.0,0.0,0.0,0.0,0.0,0.0,0.0,0.0,0.0,0.0,-2.004,2.004,-0.0,-2.004,0.0,0.0,0.0,0.0,6247.0,-0.0,6931.0,0.0,0.0,2.7184303811560617e+23,0.0,0.0,0.0,0.0,0.0,69,-4.066882747792088e+29,-0.0,0.0,0.0,0.0,0.0,0.0,0.0,0.0,0,0,0,0.0,0.0,0.0,0.0,0.0,0.0,0.0,0.0,0.0,0.0,0.0,0.0,0.0,0.0,0.0,0.0,0,-107875648.0,69,0.0,138,0.0,0.0,0,13107,17040,13107,17049,13107,17043,0,0,0,70,68,100,2.7302359370752657e+23,71.1,0.0,74.2,2.7302370179391762e+23,74.0,1,49,50,180,0,52429,0,0,0.0,0.0,0.0,0.0,-0.0,67.0,0.0,162057.094,0.0,750,0,739,0,0,0,721,0,766,0,736,0,742,0,741,0,712,0,7520,0.032,78920024064.0,0.0,0.0,784,16797,-0.0,162057.094,-114818.039,-0.0,0.133,6.909358625270745e+28,30.0,65.0,35,0.0,0.0,0.0,0.0,0.0,0.0,0.0,0.0,0.0,0.0,0.0,0.0,0.0,0.0,0.0,0.0,69.2,0,150,71,54,65476,0,300,0,1,8,20529,65476,0,0,40632,65.0,0.0,0.0,0.0,0.0,0.0
2026-09-04T20:40:38,ERR,ERR,ERR,ERR,ERR,ERR,ERR,ERR,ERR,ERR,ERR,ERR,ERR,ERR,ERR,ERR,ERR,ERR,ERR,ERR,ERR,ERR,ERR,ERR,ERR,ERR,ERR,ERR,ERR,ERR,ERR,ERR,ERR,ERR,ERR,ERR,ERR,ERR,ERR,ERR,ERR,ERR,ERR,ERR,ERR,ERR,ERR,ERR,ERR,ERR,ERR,ERR,ERR,ERR,ERR,ERR,ERR,ERR,ERR,ERR,ERR,ERR,ERR,ERR,ERR,ERR,ERR,ERR,ERR,ERR,ERR,ERR,ERR,ERR,ERR,ERR,ERR,ERR,ERR,ERR,ERR,ERR,ERR,ERR,ERR,ERR,ERR,ERR,ERR,ERR,ERR,ERR,ERR,ERR,ERR,ERR,ERR,ERR,ERR,ERR,ERR,ERR,ERR,ERR,ERR,ERR,ERR,ERR,ERR,ERR,ERR,ERR,ERR,ERR,ERR,ERR,ERR,ERR,ERR,ERR,ERR,ERR,ERR,ERR,ERR,0.0,0.0,0.0,0.0,0.0,1.3936040501711995e+18,7.805,0.0,0,0,4,0,7116,0.0,100,0.0,0.0,0.0,0.0,0.0,0,0,0,0,0.0,0,0,0,0,0,0,0,0,0,0,0,0,0,0,0,0,0,0,0,0,0,0,0,0,0,0,0,0,0,0,0,0,0,31,40,40,71,65476,0,300,0,0,8,21553,0.0,-107605600.0,0.0,0.0,0.0,0.0,0.0,0.0,0.0,0.0,0.0,0.0,0.0,0.0,0.0,0.0,0.0,0.0,0.0,0.0,0.0,0.0,-2.004,2.004,-0.0,-2.004,0.0,0.0,0.0,0.0,6247.0,-0.0,6931.0,0.0,0.0,2.7184303811560617e+23,0.0,0.0,0.0,0.0,0.0,69,-4.066882747792088e+29,-0.0,0.0,0.0,0.0,0.0,0.0,0.0,0.0,0,0,0,0.0,0.0,0.0,0.0,0.0,0.0,0.0,0.0,0.0,0.0,0.0,0.0,0.0,0.0,0.0,0.0,0,-107875648.0,69,0.0,138,0.0,0.0,0,13107,17040,13107,17049,13107,17043,0,0,0,70,68,100,2.7302359370752657e+23,71.1,0.0,74.2,2.7302370179391762e+23,74.0,1,49,50,180,0,52429,0,0,0.0,0.0,0.0,0.0,-0.0,67.0,0.0,162057.094,0.0,750,0,739,0,0,0,721,0,766,0,736,0,742,0,741,0,712,0,7520,0.032,78920024064.0,0.0,0.0,784,16797,-0.0,162057.094,-114818.039,-0.0,0.133,6.909358625270745e+28,30.0,65.0,35,0.0,0.0,0.0,0.0,0.0,0.0,0.0,0.0,0.0,0.0,0.0,0.0,0.0,0.0,0.0,0.0,69.2,0,150,71,54,65476,0,300,0,1,8,20529,65476,0,0,40632,65.0,0.0,0.0,0.0,0.0,0.0
2026-09-04T20:40:39,ERR,ERR,ERR,ERR,ERR,ERR,ERR,ERR,ERR,ERR,ERR,ERR,ERR,ERR,ERR,ERR,ERR,ERR,ERR,ERR,ERR,ERR,ERR,ERR,ERR,ERR,ERR,ERR,ERR,ERR,ERR,ERR,ERR,ERR,ERR,ERR,ERR,ERR,ERR,ERR,ERR,ERR,ERR,ERR,ERR,ERR,ERR,ERR,ERR,ERR,ERR,ERR,ERR,ERR,ERR,ERR,ERR,ERR,ERR,ERR,ERR,ERR,ERR,ERR,ERR,ERR,ERR,ERR,ERR,ERR,ERR,ERR,ERR,ERR,ERR,ERR,ERR,ERR,ERR,ERR,ERR,ERR,ERR,ERR,ERR,ERR,ERR,ERR,ERR,ERR,ERR,ERR,ERR,ERR,ERR,ERR,ERR,ERR,ERR,ERR,ERR,ERR,ERR,ERR,ERR,ERR,ERR,ERR,ERR,ERR,ERR,ERR,ERR,ERR,ERR,ERR,ERR,ERR,ERR,ERR,ERR,ERR,ERR,ERR,ERR,0.0,0.0,0.0,0.0,0.0,1.3936040501711995e+18,7.805,0.0,0,0,4,0,7116,0.0,100,0.0,0.0,0.0,0.0,0.0,0,0,0,0,0.0,0,0,0,0,0,0,0,0,0,0,0,0,0,0,0,0,0,0,0,0,0,0,0,0,0,0,0,0,0,0,0,0,0,31,40,40,71,65476,0,300,0,0,8,21553,0.0,-107605600.0,0.0,0.0,0.0,0.0,0.0,0.0,0.0,0.0,0.0,0.0,0.0,0.0,0.0,0.0,0.0,0.0,0.0,0.0,0.0,0.0,-2.004,2.004,-0.0,-2.004,0.0,0.0,0.0,0.0,6247.0,-0.0,6931.0,0.0,0.0,2.7184303811560617e+23,0.0,0.0,0.0,0.0,0.0,69,-4.066882747792088e+29,-0.0,0.0,0.0,0.0,0.0,0.0,0.0,0.0,0,0,0,0.0,0.0,0.0,0.0,0.0,0.0,0.0,0.0,0.0,0.0,0.0,0.0,0.0,0.0,0.0,0.0,0,-107875648.0,69,0.0,138,0.0,0.0,0,13107,17040,13107,17049,13107,17043,0,0,0,70,68,100,2.7302359370752657e+23,71.1,0.0,74.2,2.7302370179391762e+23,74.0,1,49,50,180,0,52429,0,0,0.0,0.0,0.0,0.0,-0.0,67.0,0.0,162057.094,0.0,750,0,739,0,0,0,721,0,766,0,736,0,742,0,741,0,712,0,7520,0.032,78920024064.0,0.0,0.0,784,16797,-0.0,162057.094,-114818.039,-0.0,0.133,6.909358625270745e+28,30.0,65.0,35,0.0,0.0,0.0,0.0,0.0,0.0,0.0,0.0,0.0,0.0,0.0,0.0,0.0,0.0,0.0,0.0,69.2,0,150,71,54,65476,0,300,0,1,8,20529,65476,0,0,40632,65.0,0.0,0.0,0.0,0.0,0.0
2026-09-04T20:40:40,ERR,ERR,ERR,ERR,ERR,ERR,ERR,ERR,ERR,ERR,ERR,ERR,ERR,ERR,ERR,ERR,ERR,ERR,ERR,ERR,ERR,ERR,ERR,ERR,ERR,ERR,ERR,ERR,ERR,ERR,ERR,ERR,ERR,ERR,ERR,ERR,ERR,ERR,ERR,ERR,ERR,ERR,ERR,ERR,ERR,ERR,ERR,ERR,ERR,ERR,ERR,ERR,ERR,ERR,ERR,ERR,ERR,ERR,ERR,ERR,ERR,ERR,ERR,ERR,ERR,ERR,ERR,ERR,ERR,ERR,ERR,ERR,ERR,ERR,ERR,ERR,ERR,ERR,ERR,ERR,ERR,ERR,ERR,ERR,ERR,ERR,ERR,ERR,ERR,ERR,ERR,ERR,ERR,ERR,ERR,ERR,ERR,ERR,ERR,ERR,ERR,ERR,ERR,ERR,ERR,ERR,ERR,ERR,ERR,ERR,ERR,ERR,ERR,ERR,ERR,ERR,ERR,ERR,ERR,ERR,ERR,ERR,ERR,ERR,ERR,0.0,0.0,0.0,0.0,0.0,1.3936040501711995e+18,7.805,0.0,0,0,4,0,7116,0.0,100,0.0,0.0,0.0,0.0,0.0,0,0,0,0,0.0,0,0,0,0,0,0,0,0,0,0,0,0,0,0,0,0,0,0,0,0,0,0,0,0,0,0,0,0,0,0,0,0,0,31,40,40,71,65476,0,300,0,0,8,21553,0.0,-107605600.0,0.0,0.0,0.0,0.0,0.0,0.0,0.0,0.0,0.0,0.0,0.0,0.0,0.0,0.0,0.0,0.0,0.0,0.0,0.0,0.0,-2.004,2.004,-0.0,-2.004,0.0,0.0,0.0,0.0,6247.0,-0.0,6931.0,0.0,0.0,2.7184303811560617e+23,0.0,0.0,0.0,0.0,0.0,69,-4.066882747792088e+29,-0.0,0.0,0.0,0.0,0.0,0.0,0.0,0.0,0,0,0,0.0,0.0,0.0,0.0,0.0,0.0,0.0,0.0,0.0,0.0,0.0,0.0,0.0,0.0,0.0,0.0,0,-107875648.0,69,0.0,138,0.0,0.0,0,13107,17040,13107,17049,13107,17043,0,0,0,70,68,100,2.7302359370752657e+23,71.1,0.0,74.2,2.7302370179391762e+23,74.0,1,49,50,180,0,52429,0,0,0.0,0.0,0.0,0.0,-0.0,67.0,0.0,162057.094,0.0,750,0,739,0,0,0,721,0,766,0,736,0,742,0,741,0,712,0,7520,0.032,78920024064.0,0.0,0.0,784,16797,-0.0,162057.094,-114818.039,-0.0,0.133,6.909358625270745e+28,30.0,65.0,35,0.0,0.0,0.0,0.0,0.0,0.0,0.0,0.0,0.0,0.0,0.0,0.0,0.0,0.0,0.0,0.0,69.2,0,150,71,54,65476,0,300,0,1,8,20529,65476,0,0,40632,65.0,0.0,0.0,0.0,0.0,0.0
2026-09-04T20:40:41,ERR,ERR,ERR,ERR,ERR,ERR,ERR,ERR,ERR,ERR,ERR,ERR,ERR,ERR,ERR,ERR,ERR,ERR,ERR,ERR,ERR,ERR,ERR,ERR,ERR,ERR,ERR,ERR,ERR,ERR,ERR,ERR,ERR,ERR,ERR,ERR,ERR,ERR,ERR,ERR,ERR,ERR,ERR,ERR,ERR,ERR,ERR,ERR,ERR,ERR,ERR,ERR,ERR,ERR,ERR,ERR,ERR,ERR,ERR,ERR,ERR,ERR,ERR,ERR,ERR,ERR,ERR,ERR,ERR,ERR,ERR,ERR,ERR,ERR,ERR,ERR,ERR,ERR,ERR,ERR,ERR,ERR,ERR,ERR,ERR,ERR,ERR,ERR,ERR,ERR,ERR,ERR,ERR,ERR,ERR,ERR,ERR,ERR,ERR,ERR,ERR,ERR,ERR,ERR,ERR,ERR,ERR,ERR,ERR,ERR,ERR,ERR,ERR,ERR,ERR,ERR,ERR,ERR,ERR,ERR,ERR,ERR,ERR,ERR,ERR,0.0,0.0,0.0,0.0,0.0,1.3936040501711995e+18,7.805,0.0,0,0,4,0,7116,0.0,100,0.0,0.0,0.0,0.0,0.0,0,0,0,0,0.0,0,0,0,0,0,0,0,0,0,0,0,0,0,0,0,0,0,0,0,0,0,0,0,0,0,0,0,0,0,0,0,0,0,31,40,40,71,65476,0,300,0,0,8,21553,0.0,-107605600.0,0.0,0.0,0.0,0.0,0.0,0.0,0.0,0.0,0.0,0.0,0.0,0.0,0.0,0.0,0.0,0.0,0.0,0.0,0.0,0.0,-2.004,2.004,-0.0,-2.004,0.0,0.0,0.0,0.0,6247.0,-0.0,6931.0,0.0,0.0,2.7184303811560617e+23,0.0,0.0,0.0,0.0,0.0,69,-4.066882747792088e+29,-0.0,0.0,0.0,0.0,0.0,0.0,0.0,0.0,0,0,0,0.0,0.0,0.0,0.0,0.0,0.0,0.0,0.0,0.0,0.0,0.0,0.0,0.0,0.0,0.0,0.0,0,-107875648.0,69,0.0,138,0.0,0.0,0,13107,17040,13107,17049,13107,17043,0,0,0,70,68,100,2.7302359370752657e+23,71.1,0.0,74.2,2.7302370179391762e+23,74.0,1,49,50,180,0,52429,0,0,0.0,0.0,0.0,0.0,-0.0,67.0,0.0,162057.094,0.0,750,0,739,0,0,0,721,0,766,0,736,0,742,0,741,0,712,0,7520,0.032,78920024064.0,0.0,0.0,784,16797,-0.0,162057.094,-114818.039,-0.0,0.133,6.909358625270745e+28,30.0,65.0,35,0.0,0.0,0.0,0.0,0.0,0.0,0.0,0.0,0.0,0.0,0.0,0.0,0.0,0.0,0.0,0.0,69.2,0,150,71,54,65476,0,300,0,1,8,20529,65476,0,0,40632,65.0,0.0,0.0,0.0,0.0,0.0
2026-09-04T20:40:42,ERR,ERR,ERR,ERR,ERR,ERR,ERR,ERR,ERR,ERR,ERR,ERR,ERR,ERR,ERR,ERR,ERR,ERR,ERR,ERR,ERR,ERR,ERR,ERR,ERR,ERR,ERR,ERR,ERR,ERR,ERR,ERR,ERR,ERR,ERR,ERR,ERR,ERR,ERR,ERR,ERR,ERR,ERR,ERR,ERR,ERR,ERR,ERR,ERR,ERR,ERR,ERR,ERR,ERR,ERR,ERR,ERR,ERR,ERR,ERR,ERR,ERR,ERR,ERR,ERR,ERR,ERR,ERR,ERR,ERR,ERR,ERR,ERR,ERR,ERR,ERR,ERR,ERR,ERR,ERR,ERR,ERR,ERR,ERR,ERR,ERR,ERR,ERR,ERR,ERR,ERR,ERR,ERR,ERR,ERR,ERR,ERR,ERR,ERR,ERR,ERR,ERR,ERR,ERR,ERR,ERR,ERR,ERR,ERR,ERR,ERR,ERR,ERR,ERR,ERR,ERR,ERR,ERR,ERR,ERR,ERR,ERR,ERR,ERR,ERR,0.0,0.0,0.0,0.0,0.0,1.3936040501711995e+18,7.805,0.0,0,0,4,0,7116,0.0,100,0.0,0.0,0.0,0.0,0.0,0,0,0,0,0.0,0,0,0,0,0,0,0,0,0,0,0,0,0,0,0,0,0,0,0,0,0,0,0,0,0,0,0,0,0,0,0,0,0,31,40,40,71,65476,0,300,0,0,8,21553,0.0,-107605600.0,0.0,0.0,0.0,0.0,0.0,0.0,0.0,0.0,0.0,0.0,0.0,0.0,0.0,0.0,0.0,0.0,0.0,0.0,0.0,0.0,-2.004,2.004,-0.0,-2.004,0.0,0.0,0.0,0.0,6247.0,-0.0,6931.0,0.0,0.0,2.7184303811560617e+23,0.0,0.0,0.0,0.0,0.0,69,-4.066882747792088e+29,-0.0,0.0,0.0,0.0,0.0,0.0,0.0,0.0,0,0,0,0.0,0.0,0.0,0.0,0.0,0.0,0.0,0.0,0.0,0.0,0.0,0.0,0.0,0.0,0.0,0.0,0,-107875648.0,69,0.0,138,0.0,0.0,0,13107,17040,13107,17049,13107,17043,0,0,0,70,68,100,2.7302359370752657e+23,71.1,0.0,74.2,2.7302370179391762e+23,74.0,1,49,50,180,0,52429,0,0,0.0,0.0,0.0,0.0,-0.0,67.0,0.0,162057.094,0.0,750,0,739,0,0,0,721,0,766,0,736,0,742,0,741,0,712,0,7520,0.032,78920024064.0,0.0,0.0,784,16797,-0.0,162057.094,-114818.039,-0.0,0.133,6.909358625270745e+28,30.0,65.0,35,0.0,0.0,0.0,0.0,0.0,0.0,0.0,0.0,0.0,0.0,0.0,0.0,0.0,0.0,0.0,0.0,69.2,0,150,71,54,65476,0,300,0,1,8,20529,65476,0,0,40632,65.0,0.0,0.0,0.0,0.0,0.0
2026-09-04T20:40:43,ERR,ERR,ERR,ERR,ERR,ERR,ERR,ERR,ERR,ERR,ERR,ERR,ERR,ERR,ERR,ERR,ERR,ERR,ERR,ERR,ERR,ERR,ERR,ERR,ERR,ERR,ERR,ERR,ERR,ERR,ERR,ERR,ERR,ERR,ERR,ERR,ERR,ERR,ERR,ERR,ERR,ERR,ERR,ERR,ERR,ERR,ERR,ERR,ERR,ERR,ERR,ERR,ERR,ERR,ERR,ERR,ERR,ERR,ERR,ERR,ERR,ERR,ERR,ERR,ERR,ERR,ERR,ERR,ERR,ERR,ERR,ERR,ERR,ERR,ERR,ERR,ERR,ERR,ERR,ERR,ERR,ERR,ERR,ERR,ERR,ERR,ERR,ERR,ERR,ERR,ERR,ERR,ERR,ERR,ERR,ERR,ERR,ERR,ERR,ERR,ERR,ERR,ERR,ERR,ERR,ERR,ERR,ERR,ERR,ERR,ERR,ERR,ERR,ERR,ERR,ERR,ERR,ERR,ERR,ERR,ERR,ERR,ERR,ERR,ERR,0.0,0.0,0.0,0.0,0.0,1.3936040501711995e+18,7.805,0.0,0,0,4,0,7116,0.0,100,0.0,0.0,0.0,0.0,0.0,0,0,0,0,0.0,0,0,0,0,0,0,0,0,0,0,0,0,0,0,0,0,0,0,0,0,0,0,0,0,0,0,0,0,0,0,0,0,0,31,40,40,71,65476,0,300,0,0,8,21553,0.0,-107605600.0,0.0,0.0,0.0,0.0,0.0,0.0,0.0,0.0,0.0,0.0,0.0,0.0,0.0,0.0,0.0,0.0,0.0,0.0,0.0,0.0,-2.004,2.004,-0.0,-2.004,0.0,0.0,0.0,0.0,6247.0,-0.0,6931.0,0.0,0.0,2.7184303811560617e+23,0.0,0.0,0.0,0.0,0.0,69,-4.066882747792088e+29,-0.0,0.0,0.0,0.0,0.0,0.0,0.0,0.0,0,0,0,0.0,0.0,0.0,0.0,0.0,0.0,0.0,0.0,0.0,0.0,0.0,0.0,0.0,0.0,0.0,0.0,0,-107875648.0,69,0.0,138,0.0,0.0,0,13107,17040,13107,17049,13107,17043,0,0,0,70,68,100,2.7302359370752657e+23,71.1,0.0,74.2,2.7302370179391762e+23,74.0,1,49,50,180,0,52429,0,0,0.0,0.0,0.0,0.0,-0.0,67.0,0.0,162057.094,0.0,750,0,739,0,0,0,721,0,766,0,736,0,742,0,741,0,712,0,7520,0.032,79456894976.0,0.0,0.0,784,16797,-0.0,162057.094,-114818.039,-0.0,0.133,6.909358625270745e+28,30.0,65.0,35,0.0,0.0,0.0,0.0,0.0,0.0,0.0,0.0,0.0,0.0,0.0,0.0,0.0,0.0,0.0,0.0,69.2,0,150,71,54,65476,0,300,0,1,8,20529,65476,0,0,40632,65.0,0.0,0.0,0.0,0.0,0.0
2026-09-04T20:40:44,ERR,ERR,ERR,ERR,ERR,ERR,ERR,ERR,ERR,ERR,ERR,ERR,ERR,ERR,ERR,ERR,ERR,ERR,ERR,ERR,ERR,ERR,ERR,ERR,ERR,ERR,ERR,ERR,ERR,ERR,ERR,ERR,ERR,ERR,ERR,ERR,ERR,ERR,ERR,ERR,ERR,ERR,ERR,ERR,ERR,ERR,ERR,ERR,ERR,ERR,ERR,ERR,ERR,ERR,ERR,ERR,ERR,ERR,ERR,ERR,ERR,ERR,ERR,ERR,ERR,ERR,ERR,ERR,ERR,ERR,ERR,ERR,ERR,ERR,ERR,ERR,ERR,ERR,ERR,ERR,ERR,ERR,ERR,ERR,ERR,ERR,ERR,ERR,ERR,ERR,ERR,ERR,ERR,ERR,ERR,ERR,ERR,ERR,ERR,ERR,ERR,ERR,ERR,ERR,ERR,ERR,ERR,ERR,ERR,ERR,ERR,ERR,ERR,ERR,ERR,ERR,ERR,ERR,ERR,ERR,ERR,ERR,ERR,ERR,ERR,0.0,0.0,0.0,0.0,0.0,1.3936040501711995e+18,7.805,0.0,0,0,4,0,7116,0.0,100,0.0,0.0,0.0,0.0,0.0,0,0,0,0,0.0,0,0,0,0,0,0,0,0,0,0,0,0,0,0,0,0,0,0,0,0,0,0,0,0,0,0,0,0,0,0,0,0,0,31,40,40,71,65476,0,300,0,0,8,21553,0.0,-107605600.0,0.0,0.0,0.0,0.0,0.0,0.0,0.0,0.0,0.0,0.0,0.0,0.0,0.0,0.0,0.0,0.0,0.0,0.0,0.0,0.0,-2.004,-0.0,-0.0,-2.004,0.0,0.0,0.0,0.0,6278.0,564148517732352.0,6923.0,0.0,0.0,2.7184303811560617e+23,0.0,0.0,0.0,0.0,0.0,69,-3.222031175229641e+26,126840954880.0,0.0,0.0,0.0,0.0,0.0,0.0,0.0,0,0,0,0.0,0.0,0.0,0.0,0.0,0.0,0.0,0.0,0.0,0.0,0.0,0.0,0.0,0.0,0.0,0.0,0,-107875648.0,69,0.0,138,0.0,0.0,0,13107,17040,13107,17049,13107,17043,0,0,0,70,68,100,2.7302359370752657e+23,71.1,0.0,74.2,2.7302370179391762e+23,74.0,1,49,50,180,0,52429,0,0,0.0,0.0,0.0,0.0,-0.0,67.0,0.0,162057.094,0.0,750,0,739,0,0,0,721,0,766,0,736,0,742,0,741,0,712,0,7520,0.032,79456894976.0,0.0,0.0,784,16797,-0.0,162057.094,-114818.039,-0.0,0.133,6.909358625270745e+28,30.0,65.0,35,0.0,0.0,0.0,0.0,0.0,0.0,0.0,0.0,0.0,0.0,0.0,0.0,0.0,0.0,0.0,0.0,69.2,0,150,71,54,65476,0,300,0,1,8,20529,65476,0,0,40632,65.0,0.0,0.0,0.0,0.0,0.0
2026-09-04T20:40:45,ERR,ERR,ERR,ERR,ERR,ERR,ERR,ERR,ERR,ERR,ERR,ERR,ERR,ERR,ERR,ERR,ERR,ERR,ERR,ERR,ERR,ERR,ERR,ERR,ERR,ERR,ERR,ERR,ERR,ERR,ERR,ERR,ERR,ERR,ERR,ERR,ERR,ERR,ERR,ERR,ERR,ERR,ERR,ERR,ERR,ERR,ERR,ERR,ERR,ERR,ERR,ERR,ERR,ERR,ERR,ERR,ERR,ERR,ERR,ERR,ERR,ERR,ERR,ERR,ERR,ERR,ERR,ERR,ERR,ERR,ERR,ERR,ERR,ERR,ERR,ERR,ERR,ERR,ERR,ERR,ERR,ERR,ERR,ERR,ERR,ERR,ERR,ERR,ERR,ERR,ERR,ERR,ERR,ERR,ERR,ERR,ERR,ERR,ERR,ERR,ERR,ERR,ERR,ERR,ERR,ERR,ERR,ERR,ERR,ERR,ERR,ERR,ERR,ERR,ERR,ERR,ERR,ERR,ERR,ERR,ERR,ERR,ERR,ERR,ERR,0.0,0.0,0.0,0.0,0.0,1.3936040501711995e+18,7.805,0.0,0,0,4,0,7116,0.0,100,0.0,0.0,0.0,0.0,0.0,0,0,0,0,0.0,0,0,0,0,0,0,0,0,0,0,0,0,0,0,0,0,0,0,0,0,0,0,0,0,0,0,0,0,0,0,0,0,0,31,40,40,71,65476,0,300,0,0,8,21553,0.0,-107605600.0,0.0,0.0,0.0,0.0,0.0,0.0,0.0,0.0,0.0,0.0,0.0,0.0,0.0,0.0,0.0,0.0,0.0,0.0,0.0,0.0,-2.004,-0.0,-0.0,-2.004,0.0,0.0,0.0,0.0,6278.0,564148517732352.0,6923.0,0.0,0.0,2.7184303811560617e+23,0.0,0.0,0.0,0.0,0.0,69,-3.222031175229641e+26,126840954880.0,0.0,0.0,0.0,0.0,0.0,0.0,0.0,0,0,0,0.0,0.0,0.0,0.0,0.0,0.0,0.0,0.0,0.0,0.0,0.0,0.0,0.0,0.0,0.0,0.0,0,-107875648.0,69,0.0,138,0.0,0.0,0,13107,17040,13107,17049,13107,17043,0,0,0,70,68,100,2.7302359370752657e+23,71.1,0.0,74.2,2.7302370179391762e+23,74.0,1,49,50,180,0,52429,0,0,0.0,0.0,0.0,0.0,-0.0,67.0,0.0,162057.094,0.0,750,0,739,0,0,0,721,0,766,0,736,0,742,0,741,0,712,0,7520,0.032,79456894976.0,0.0,0.0,784,16797,-0.0,162057.094,-114818.039,-0.0,0.133,6.909358625270745e+28,30.0,65.0,35,0.0,0.0,0.0,0.0,0.0,0.0,0.0,0.0,0.0,0.0,0.0,0.0,0.0,0.0,0.0,0.0,69.2,0,150,71,54,65476,0,300,0,1,8,20529,65476,0,0,40632,65.0,0.0,0.0,0.0,0.0,0.0
2026-09-04T20:40:46,ERR,ERR,ERR,ERR,ERR,ERR,ERR,ERR,ERR,ERR,ERR,ERR,ERR,ERR,ERR,ERR,ERR,ERR,ERR,ERR,ERR,ERR,ERR,ERR,ERR,ERR,ERR,ERR,ERR,ERR,ERR,ERR,ERR,ERR,ERR,ERR,ERR,ERR,ERR,ERR,ERR,ERR,ERR,ERR,ERR,ERR,ERR,ERR,ERR,ERR,ERR,ERR,ERR,ERR,ERR,ERR,ERR,ERR,ERR,ERR,ERR,ERR,ERR,ERR,ERR,ERR,ERR,ERR,ERR,ERR,ERR,ERR,ERR,ERR,ERR,ERR,ERR,ERR,ERR,ERR,ERR,ERR,ERR,ERR,ERR,ERR,ERR,ERR,ERR,ERR,ERR,ERR,ERR,ERR,ERR,ERR,ERR,ERR,ERR,ERR,ERR,ERR,ERR,ERR,ERR,ERR,ERR,ERR,ERR,ERR,ERR,ERR,ERR,ERR,ERR,ERR,ERR,ERR,ERR,ERR,ERR,ERR,ERR,ERR,ERR,0.0,0.0,0.0,0.0,0.0,1.3936040501711995e+18,7.805,0.0,0,0,4,0,7116,0.0,100,0.0,0.0,0.0,0.0,0.0,0,0,0,0,0.0,0,0,0,0,0,0,0,0,0,0,0,0,0,0,0,0,0,0,0,0,0,0,0,0,0,0,0,0,0,0,0,0,0,31,40,40,71,65476,0,300,0,0,8,21553,0.0,-107605600.0,0.0,0.0,0.0,0.0,0.0,0.0,0.0,0.0,0.0,0.0,0.0,0.0,0.0,0.0,0.0,0.0,0.0,0.0,0.0,0.0,-2.004,-0.0,-0.0,-2.004,0.0,0.0,0.0,0.0,6278.0,564148517732352.0,6923.0,0.0,0.0,2.7184303811560617e+23,0.0,0.0,0.0,0.0,0.0,69,-3.222031175229641e+26,126840954880.0,0.0,0.0,0.0,0.0,0.0,0.0,0.0,0,0,0,0.0,0.0,0.0,0.0,0.0,0.0,0.0,0.0,0.0,0.0,0.0,0.0,0.0,0.0,0.0,0.0,0,-107875648.0,69,0.0,138,0.0,0.0,0,13107,17040,13107,17049,13107,17043,0,0,0,70,68,100,2.7302359370752657e+23,71.1,0.0,74.2,2.7302370179391762e+23,74.0,1,49,50,180,0,52429,0,0,0.0,0.0,0.0,0.0,-0.0,67.0,0.0,162057.094,0.0,750,0,739,0,0,0,721,0,766,0,736,0,742,0,741,0,712,0,7520,0.032,79456894976.0,0.0,0.0,784,16797,-0.0,162057.094,-114818.039,-0.0,0.133,6.909358625270745e+28,30.0,65.0,35,0.0,0.0,0.0,0.0,0.0,0.0,0.0,0.0,0.0,0.0,0.0,0.0,0.0,0.0,0.0,0.0,69.2,0,150,71,54,65476,0,300,0,1,8,20529,65476,0,0,40632,65.0,0.0,0.0,0.0,0.0,0.0
2026-09-04T20:40:47,ERR,ERR,ERR,ERR,ERR,ERR,ERR,ERR,ERR,ERR,ERR,ERR,ERR,ERR,ERR,ERR,ERR,ERR,ERR,ERR,ERR,ERR,ERR,ERR,ERR,ERR,ERR,ERR,ERR,ERR,ERR,ERR,ERR,ERR,ERR,ERR,ERR,ERR,ERR,ERR,ERR,ERR,ERR,ERR,ERR,ERR,ERR,ERR,ERR,ERR,ERR,ERR,ERR,ERR,ERR,ERR,ERR,ERR,ERR,ERR,ERR,ERR,ERR,ERR,ERR,ERR,ERR,ERR,ERR,ERR,ERR,ERR,ERR,ERR,ERR,ERR,ERR,ERR,ERR,ERR,ERR,ERR,ERR,ERR,ERR,ERR,ERR,ERR,ERR,ERR,ERR,ERR,ERR,ERR,ERR,ERR,ERR,ERR,ERR,ERR,ERR,ERR,ERR,ERR,ERR,ERR,ERR,ERR,ERR,ERR,ERR,ERR,ERR,ERR,ERR,ERR,ERR,ERR,ERR,ERR,ERR,ERR,ERR,ERR,ERR,0.0,0.0,0.0,0.0,0.0,1.3936040501711995e+18,7.805,0.0,0,0,4,0,7116,0.0,100,0.0,0.0,0.0,0.0,0.0,0,0,0,0,0.0,0,0,0,0,0,0,0,0,0,0,0,0,0,0,0,0,0,0,0,0,0,0,0,0,0,0,0,0,0,0,0,0,0,31,40,40,71,65476,0,300,0,0,8,21553,0.0,-107605600.0,0.0,0.0,0.0,0.0,0.0,0.0,0.0,0.0,0.0,0.0,0.0,0.0,0.0,0.0,0.0,0.0,0.0,0.0,0.0,0.0,-2.004,-0.0,-0.0,-2.004,0.0,0.0,0.0,0.0,6278.0,564148517732352.0,6923.0,0.0,0.0,2.7184303811560617e+23,0.0,0.0,0.0,0.0,0.0,69,-3.222031175229641e+26,126840954880.0,0.0,0.0,0.0,0.0,0.0,0.0,0.0,0,0,0,0.0,0.0,0.0,0.0,0.0,0.0,0.0,0.0,0.0,0.0,0.0,0.0,0.0,0.0,0.0,0.0,0,-107875648.0,69,0.0,138,0.0,0.0,0,13107,17040,13107,17049,13107,17043,0,0,0,70,68,100,2.7302359370752657e+23,71.1,0.0,74.2,2.7302370179391762e+23,74.0,1,49,50,180,0,52429,0,0,0.0,0.0,0.0,0.0,-0.0,67.0,0.0,162057.094,0.0,750,0,739,0,0,0,721,0,766,0,736,0,742,0,741,0,712,0,7520,0.032,79456894976.0,0.0,0.0,784,16797,-0.0,162057.094,-114818.039,-0.0,0.133,6.909358625270745e+28,30.0,65.0,35,0.0,0.0,0.0,0.0,0.0,0.0,0.0,0.0,0.0,0.0,0.0,0.0,0.0,0.0,0.0,0.0,69.2,0,150,71,54,65476,0,300,0,1,8,20529,65476,0,0,40632,65.0,0.0,0.0,0.0,0.0,0.0
2026-09-04T20:40:48,ERR,ERR,ERR,ERR,ERR,ERR,ERR,ERR,ERR,ERR,ERR,ERR,ERR,ERR,ERR,ERR,ERR,ERR,ERR,ERR,ERR,ERR,ERR,ERR,ERR,ERR,ERR,ERR,ERR,ERR,ERR,ERR,ERR,ERR,ERR,ERR,ERR,ERR,ERR,ERR,ERR,ERR,ERR,ERR,ERR,ERR,ERR,ERR,ERR,ERR,ERR,ERR,ERR,ERR,ERR,ERR,ERR,ERR,ERR,ERR,ERR,ERR,ERR,ERR,ERR,ERR,ERR,ERR,ERR,ERR,ERR,ERR,ERR,ERR,ERR,ERR,ERR,ERR,ERR,ERR,ERR,ERR,ERR,ERR,ERR,ERR,ERR,ERR,ERR,ERR,ERR,ERR,ERR,ERR,ERR,ERR,ERR,ERR,ERR,ERR,ERR,ERR,ERR,ERR,ERR,ERR,ERR,ERR,ERR,ERR,ERR,ERR,ERR,ERR,ERR,ERR,ERR,ERR,ERR,ERR,ERR,ERR,ERR,ERR,ERR,0.0,0.0,0.0,0.0,0.0,1.3936040501711995e+18,7.805,0.0,0,0,4,0,7116,0.0,100,0.0,0.0,0.0,0.0,0.0,0,0,0,0,0.0,0,0,0,0,0,0,0,0,0,0,0,0,0,0,0,0,0,0,0,0,0,0,0,0,0,0,0,0,0,0,0,0,0,31,40,40,71,65476,0,300,0,0,8,21553,0.0,-107605600.0,0.0,0.0,0.0,0.0,0.0,0.0,0.0,0.0,0.0,0.0,0.0,0.0,0.0,0.0,0.0,0.0,0.0,0.0,0.0,0.0,-2.004,-0.0,-0.0,-2.004,0.0,0.0,0.0,0.0,6278.0,564148517732352.0,6923.0,0.0,0.0,2.7184303811560617e+23,0.0,0.0,0.0,0.0,0.0,69,-3.222031175229641e+26,126840954880.0,0.0,0.0,0.0,0.0,0.0,0.0,0.0,0,0,0,0.0,0.0,0.0,0.0,0.0,0.0,0.0,0.0,0.0,0.0,0.0,0.0,0.0,0.0,0.0,0.0,0,-107875648.0,69,0.0,138,0.0,0.0,0,13107,17040,13107,17049,13107,17043,0,0,0,70,68,100,2.7302359370752657e+23,71.2,2.7302370179391762e+23,74.2,2.7302370179391762e+23,74.0,1,49,50,180,0,52429,0,0,0.0,0.0,0.0,0.0,-0.0,67.0,0.0,162057.094,0.0,750,0,739,0,0,0,721,0,766,0,736,0,742,0,741,0,712,0,7520,0.032,78920024064.0,0.0,0.0,784,16797,-0.0,162057.094,-114818.039,-0.0,0.133,6.909358625270745e+28,30.0,65.0,35,0.0,0.0,0.0,0.0,0.0,0.0,0.0,0.0,0.0,0.0,0.0,0.0,0.0,0.0,0.0,0.0,69.2,0,150,71,54,65476,0,300,0,1,8,20529,65476,0,0,40632,65.0,0.0,0.0,0.0,0.0,0.0
2026-09-04T20:40:49,ERR,ERR,ERR,ERR,ERR,ERR,ERR,ERR,ERR,ERR,ERR,ERR,ERR,ERR,ERR,ERR,ERR,ERR,ERR,ERR,ERR,ERR,ERR,ERR,ERR,ERR,ERR,ERR,ERR,ERR,ERR,ERR,ERR,ERR,ERR,ERR,ERR,ERR,ERR,ERR,ERR,ERR,ERR,ERR,ERR,ERR,ERR,ERR,ERR,ERR,ERR,ERR,ERR,ERR,ERR,ERR,ERR,ERR,ERR,ERR,ERR,ERR,ERR,ERR,ERR,ERR,ERR,ERR,ERR,ERR,ERR,ERR,ERR,ERR,ERR,ERR,ERR,ERR,ERR,ERR,ERR,ERR,ERR,ERR,ERR,ERR,ERR,ERR,ERR,ERR,ERR,ERR,ERR,ERR,ERR,ERR,ERR,ERR,ERR,ERR,ERR,ERR,ERR,ERR,ERR,ERR,ERR,ERR,ERR,ERR,ERR,ERR,ERR,ERR,ERR,ERR,ERR,ERR,ERR,ERR,ERR,ERR,ERR,ERR,ERR,0.0,0.0,0.0,0.0,0.0,1.3936040501711995e+18,7.805,0.0,0,0,4,0,7116,0.0,100,0.0,0.0,0.0,0.0,0.0,0,0,0,0,0.0,0,0,0,0,0,0,0,0,0,0,0,0,0,0,0,0,0,0,0,0,0,0,0,0,0,0,0,0,0,0,0,0,0,31,40,40,71,65476,0,300,0,0,8,21553,0.0,-107605600.0,0.0,0.0,0.0,0.0,0.0,0.0,0.0,0.0,0.0,0.0,0.0,0.0,0.0,0.0,0.0,0.0,0.0,0.0,0.0,0.0,-2.004,-0.0,-0.0,-2.004,0.0,0.0,0.0,0.0,6278.0,564148517732352.0,6923.0,0.0,0.0,2.7184303811560617e+23,0.0,0.0,0.0,0.0,0.0,69,-3.222031175229641e+26,126840954880.0,0.0,0.0,0.0,0.0,0.0,0.0,0.0,0,0,0,0.0,0.0,0.0,0.0,0.0,0.0,0.0,0.0,0.0,0.0,0.0,0.0,0.0,0.0,0.0,0.0,0,-107875648.0,69,0.0,138,0.0,0.0,0,13107,17040,13107,17049,13107,17043,0,0,0,70,68,100,2.7302359370752657e+23,71.2,2.7302370179391762e+23,74.2,2.7302370179391762e+23,74.0,1,49,50,180,0,52429,0,0,0.0,0.0,0.0,0.0,-0.0,67.0,0.0,162057.094,0.0,750,0,739,0,0,0,721,0,766,0,736,0,742,0,741,0,712,0,7520,0.032,78920024064.0,0.0,0.0,784,16797,-0.0,162057.094,-114818.039,-0.0,0.133,6.909358625270745e+28,30.0,65.0,35,0.0,0.0,0.0,0.0,0.0,0.0,0.0,0.0,0.0,0.0,0.0,0.0,0.0,0.0,0.0,0.0,69.2,0,150,71,54,65476,0,300,0,1,8,20529,65476,0,0,40632,65.0,0.0,0.0,0.0,0.0,0.0
2026-09-04T20:40:50,ERR,ERR,ERR,ERR,ERR,ERR,ERR,ERR,ERR,ERR,ERR,ERR,ERR,ERR,ERR,ERR,ERR,ERR,ERR,ERR,ERR,ERR,ERR,ERR,ERR,ERR,ERR,ERR,ERR,ERR,ERR,ERR,ERR,ERR,ERR,ERR,ERR,ERR,ERR,ERR,ERR,ERR,ERR,ERR,ERR,ERR,ERR,ERR,ERR,ERR,ERR,ERR,ERR,ERR,ERR,ERR,ERR,ERR,ERR,ERR,ERR,ERR,ERR,ERR,ERR,ERR,ERR,ERR,ERR,ERR,ERR,ERR,ERR,ERR,ERR,ERR,ERR,ERR,ERR,ERR,ERR,ERR,ERR,ERR,ERR,ERR,ERR,ERR,ERR,ERR,ERR,ERR,ERR,ERR,ERR,ERR,ERR,ERR,ERR,ERR,ERR,ERR,ERR,ERR,ERR,ERR,ERR,ERR,ERR,ERR,ERR,ERR,ERR,ERR,ERR,ERR,ERR,ERR,ERR,ERR,ERR,ERR,ERR,ERR,ERR,0.0,0.0,0.0,0.0,0.0,1.3936040501711995e+18,7.805,0.0,0,0,4,0,7116,0.0,100,0.0,0.0,0.0,0.0,0.0,0,0,0,0,0.0,0,0,0,0,0,0,0,0,0,0,0,0,0,0,0,0,0,0,0,0,0,0,0,0,0,0,0,0,0,0,0,0,0,31,40,40,71,65476,0,300,0,0,8,21553,0.0,-107605600.0,0.0,0.0,0.0,0.0,0.0,0.0,0.0,0.0,0.0,0.0,0.0,0.0,0.0,0.0,0.0,0.0,0.0,0.0,0.0,0.0,-2.004,-0.0,-0.0,-2.004,0.0,0.0,0.0,0.0,6278.0,564148517732352.0,6923.0,0.0,0.0,2.7184303811560617e+23,0.0,0.0,0.0,0.0,0.0,69,-3.222031175229641e+26,126840954880.0,0.0,0.0,0.0,0.0,0.0,0.0,0.0,0,0,0,0.0,0.0,0.0,0.0,0.0,0.0,0.0,0.0,0.0,0.0,0.0,0.0,0.0,0.0,0.0,0.0,0,-107875648.0,69,0.0,138,0.0,0.0,0,13107,17040,13107,17049,13107,17043,0,0,0,70,68,100,2.7302359370752657e+23,71.2,2.7302370179391762e+23,74.2,2.7302370179391762e+23,74.0,1,49,50,180,0,52429,0,0,0.0,0.0,0.0,0.0,-0.0,67.0,0.0,162057.094,0.0,750,0,739,0,0,0,721,0,766,0,736,0,742,0,741,0,712,0,7520,0.032,78920024064.0,0.0,0.0,784,16797,-0.0,162057.094,-114818.039,-0.0,0.133,6.909358625270745e+28,30.0,65.0,35,0.0,0.0,0.0,0.0,0.0,0.0,0.0,0.0,0.0,0.0,0.0,0.0,0.0,0.0,0.0,0.0,69.2,0,150,71,54,65476,0,300,0,1,8,20529,65476,0,0,40632,65.0,0.0,0.0,0.0,0.0,0.0
2026-09-04T20:40:51,ERR,ERR,ERR,ERR,ERR,ERR,ERR,ERR,ERR,ERR,ERR,ERR,ERR,ERR,ERR,ERR,ERR,ERR,ERR,ERR,ERR,ERR,ERR,ERR,ERR,ERR,ERR,ERR,ERR,ERR,ERR,ERR,ERR,ERR,ERR,ERR,ERR,ERR,ERR,ERR,ERR,ERR,ERR,ERR,ERR,ERR,ERR,ERR,ERR,ERR,ERR,ERR,ERR,ERR,ERR,ERR,ERR,ERR,ERR,ERR,ERR,ERR,ERR,ERR,ERR,ERR,ERR,ERR,ERR,ERR,ERR,ERR,ERR,ERR,ERR,ERR,ERR,ERR,ERR,ERR,ERR,ERR,ERR,ERR,ERR,ERR,ERR,ERR,ERR,ERR,ERR,ERR,ERR,ERR,ERR,ERR,ERR,ERR,ERR,ERR,ERR,ERR,ERR,ERR,ERR,ERR,ERR,ERR,ERR,ERR,ERR,ERR,ERR,ERR,ERR,ERR,ERR,ERR,ERR,ERR,ERR,ERR,ERR,ERR,ERR,0.0,0.0,0.0,0.0,0.0,1.3936040501711995e+18,7.805,0.0,0,0,4,0,7116,0.0,100,0.0,0.0,0.0,0.0,0.0,0,0,0,0,0.0,0,0,0,0,0,0,0,0,0,0,0,0,0,0,0,0,0,0,0,0,0,0,0,0,0,0,0,0,0,0,0,0,0,31,40,40,71,65476,0,300,0,0,8,21553,0.0,-107605600.0,0.0,0.0,0.0,0.0,0.0,0.0,0.0,0.0,0.0,0.0,0.0,0.0,0.0,0.0,0.0,0.0,0.0,0.0,0.0,0.0,-2.004,2.004,-0.0,-2.004,0.0,0.0,0.0,0.0,6281.0,-3.697203725810742e+19,6940.0,0.0,0.0,2.7184303811560617e+23,0.0,0.0,0.0,0.0,0.0,69,-2.3088415973249647e+20,-152018136072192.0,0.0,0.0,0.0,0.0,0.0,0.0,0.0,0,0,0,0.0,0.0,0.0,0.0,0.0,0.0,0.0,0.0,0.0,0.0,0.0,0.0,0.0,0.0,0.0,0.0,0,-107875648.0,69,0.0,138,0.0,0.0,0,13107,17040,13107,17049,13107,17043,0,0,0,70,68,100,2.7302359370752657e+23,71.2,2.7302370179391762e+23,74.2,2.7302370179391762e+23,74.0,1,49,50,180,0,52429,0,0,0.0,0.0,0.0,0.0,-0.0,67.0,0.0,162057.094,0.0,750,0,739,0,0,0,721,0,766,0,736,0,742,0,741,0,712,0,7520,0.032,78920024064.0,0.0,0.0,784,16797,-0.0,162057.094,-114818.039,-0.0,0.133,6.909358625270745e+28,30.0,65.0,35,0.0,0.0,0.0,0.0,0.0,0.0,0.0,0.0,0.0,0.0,0.0,0.0,0.0,0.0,0.0,0.0,69.2,0,150,71,54,65476,0,300,0,1,8,20529,65476,0,0,40632,65.0,0.0,0.0,0.0,0.0,0.0
2026-09-04T20:40:52,ERR,ERR,ERR,ERR,ERR,ERR,ERR,ERR,ERR,ERR,ERR,ERR,ERR,ERR,ERR,ERR,ERR,ERR,ERR,ERR,ERR,ERR,ERR,ERR,ERR,ERR,ERR,ERR,ERR,ERR,ERR,ERR,ERR,ERR,ERR,ERR,ERR,ERR,ERR,ERR,ERR,ERR,ERR,ERR,ERR,ERR,ERR,ERR,ERR,ERR,ERR,ERR,ERR,ERR,ERR,ERR,ERR,ERR,ERR,ERR,ERR,ERR,ERR,ERR,ERR,ERR,ERR,ERR,ERR,ERR,ERR,ERR,ERR,ERR,ERR,ERR,ERR,ERR,ERR,ERR,ERR,ERR,ERR,ERR,ERR,ERR,ERR,ERR,ERR,ERR,ERR,ERR,ERR,ERR,ERR,ERR,ERR,ERR,ERR,ERR,ERR,ERR,ERR,ERR,ERR,ERR,ERR,ERR,ERR,ERR,ERR,ERR,ERR,ERR,ERR,ERR,ERR,ERR,ERR,ERR,ERR,ERR,ERR,ERR,ERR,0.0,0.0,0.0,0.0,0.0,1.3936040501711995e+18,7.805,0.0,0,0,4,0,7116,0.0,100,0.0,0.0,0.0,0.0,0.0,0,0,0,0,0.0,0,0,0,0,0,0,0,0,0,0,0,0,0,0,0,0,0,0,0,0,0,0,0,0,0,0,0,0,0,0,0,0,0,31,40,40,71,65476,0,300,0,0,8,21553,0.0,-107605600.0,0.0,0.0,0.0,0.0,0.0,0.0,0.0,0.0,0.0,0.0,0.0,0.0,0.0,0.0,0.0,0.0,0.0,0.0,0.0,0.0,-2.004,2.004,-0.0,-2.004,0.0,0.0,0.0,0.0,6281.0,-3.697203725810742e+19,6940.0,0.0,0.0,2.7184303811560617e+23,0.0,0.0,0.0,0.0,0.0,69,-2.3088415973249647e+20,-152018136072192.0,0.0,0.0,0.0,0.0,0.0,0.0,0.0,0,0,0,0.0,0.0,0.0,0.0,0.0,0.0,0.0,0.0,0.0,0.0,0.0,0.0,0.0,0.0,0.0,0.0,0,-107875648.0,69,0.0,138,0.0,0.0,0,13107,17040,13107,17049,13107,17043,0,0,0,70,68,100,2.7302359370752657e+23,71.2,2.7302370179391762e+23,74.2,2.7302370179391762e+23,74.0,1,49,50,180,0,52429,0,0,0.0,0.0,0.0,0.0,-0.0,67.0,0.0,162057.094,0.0,750,0,739,0,0,0,721,0,766,0,736,0,742,0,741,0,712,0,7520,0.032,78920024064.0,0.0,0.0,784,16797,-0.0,162057.094,-114818.039,-0.0,0.133,6.909358625270745e+28,30.0,65.0,35,0.0,0.0,0.0,0.0,0.0,0.0,0.0,0.0,0.0,0.0,0.0,0.0,0.0,0.0,0.0,0.0,69.2,0,150,71,54,65476,0,300,0,1,8,20529,65476,0,0,40632,65.0,0.0,0.0,0.0,0.0,0.0
2026-09-04T20:40:53,ERR,ERR,ERR,ERR,ERR,ERR,ERR,ERR,ERR,ERR,ERR,ERR,ERR,ERR,ERR,ERR,ERR,ERR,ERR,ERR,ERR,ERR,ERR,ERR,ERR,ERR,ERR,ERR,ERR,ERR,ERR,ERR,ERR,ERR,ERR,ERR,ERR,ERR,ERR,ERR,ERR,ERR,ERR,ERR,ERR,ERR,ERR,ERR,ERR,ERR,ERR,ERR,ERR,ERR,ERR,ERR,ERR,ERR,ERR,ERR,ERR,ERR,ERR,ERR,ERR,ERR,ERR,ERR,ERR,ERR,ERR,ERR,ERR,ERR,ERR,ERR,ERR,ERR,ERR,ERR,ERR,ERR,ERR,ERR,ERR,ERR,ERR,ERR,ERR,ERR,ERR,ERR,ERR,ERR,ERR,ERR,ERR,ERR,ERR,ERR,ERR,ERR,ERR,ERR,ERR,ERR,ERR,ERR,ERR,ERR,ERR,ERR,ERR,ERR,ERR,ERR,ERR,ERR,ERR,ERR,ERR,ERR,ERR,ERR,ERR,0.0,0.0,0.0,0.0,0.0,1.3936040501711995e+18,7.805,0.0,0,0,4,0,7116,0.0,100,0.0,0.0,0.0,0.0,0.0,0,0,0,0,0.0,0,0,0,0,0,0,0,0,0,0,0,0,0,0,0,0,0,0,0,0,0,0,0,0,0,0,0,0,0,0,0,0,0,31,40,40,71,65476,0,300,0,0,8,21553,0.0,-107605600.0,0.0,0.0,0.0,0.0,0.0,0.0,0.0,0.0,0.0,0.0,0.0,0.0,0.0,0.0,0.0,0.0,0.0,0.0,0.0,0.0,-2.004,2.004,-0.0,-2.004,0.0,0.0,0.0,0.0,6281.0,-3.697203725810742e+19,6940.0,0.0,0.0,2.7184303811560617e+23,0.0,0.0,0.0,0.0,0.0,69,-2.3088415973249647e+20,-152018136072192.0,0.0,0.0,0.0,0.0,0.0,0.0,0.0,0,0,0,0.0,0.0,0.0,0.0,0.0,0.0,0.0,0.0,0.0,0.0,0.0,0.0,0.0,0.0,0.0,0.0,0,-107875648.0,69,0.0,138,0.0,0.0,0,13107,17040,13107,17049,13107,17043,0,0,0,70,68,100,2.7302359370752657e+23,71.1,0.0,74.2,2.7302370179391762e+23,74.0,1,49,50,180,0,52429,0,0,0.0,0.0,0.0,0.0,-0.0,67.0,0.0,162057.094,0.0,750,0,739,0,0,0,721,0,766,0,736,0,742,0,741,0,712,0,7520,0.032,78920024064.0,0.0,0.0,784,16797,-0.0,162057.094,-114818.039,-0.0,0.133,6.909358625270745e+28,30.0,65.0,35,0.0,0.0,0.0,0.0,0.0,0.0,0.0,0.0,0.0,0.0,0.0,0.0,0.0,0.0,0.0,0.0,69.2,0,150,71,54,65476,0,300,0,1,8,20529,65476,0,0,40632,65.0,0.0,0.0,0.0,0.0,0.0
2026-09-04T20:40:54,ERR,ERR,ERR,ERR,ERR,ERR,ERR,ERR,ERR,ERR,ERR,ERR,ERR,ERR,ERR,ERR,ERR,ERR,ERR,ERR,ERR,ERR,ERR,ERR,ERR,ERR,ERR,ERR,ERR,ERR,ERR,ERR,ERR,ERR,ERR,ERR,ERR,ERR,ERR,ERR,ERR,ERR,ERR,ERR,ERR,ERR,ERR,ERR,ERR,ERR,ERR,ERR,ERR,ERR,ERR,ERR,ERR,ERR,ERR,ERR,ERR,ERR,ERR,ERR,ERR,ERR,ERR,ERR,ERR,ERR,ERR,ERR,ERR,ERR,ERR,ERR,ERR,ERR,ERR,ERR,ERR,ERR,ERR,ERR,ERR,ERR,ERR,ERR,ERR,ERR,ERR,ERR,ERR,ERR,ERR,ERR,ERR,ERR,ERR,ERR,ERR,ERR,ERR,ERR,ERR,ERR,ERR,ERR,ERR,ERR,ERR,ERR,ERR,ERR,ERR,ERR,ERR,ERR,ERR,ERR,ERR,ERR,ERR,ERR,ERR,0.0,0.0,0.0,0.0,0.0,1.3936040501711995e+18,7.805,0.0,0,0,4,0,7116,0.0,100,0.0,0.0,0.0,0.0,0.0,0,0,0,0,0.0,0,0,0,0,0,0,0,0,0,0,0,0,0,0,0,0,0,0,0,0,0,0,0,0,0,0,0,0,0,0,0,0,0,31,40,40,71,65476,0,300,0,0,8,21553,0.0,-107605600.0,0.0,0.0,0.0,0.0,0.0,0.0,0.0,0.0,0.0,0.0,0.0,0.0,0.0,0.0,0.0,0.0,0.0,0.0,0.0,0.0,-2.004,2.004,-0.0,-2.004,0.0,0.0,0.0,0.0,6281.0,-3.697203725810742e+19,6940.0,0.0,0.0,2.7184303811560617e+23,0.0,0.0,0.0,0.0,0.0,69,-2.3088415973249647e+20,-152018136072192.0,0.0,0.0,0.0,0.0,0.0,0.0,0.0,0,0,0,0.0,0.0,0.0,0.0,0.0,0.0,0.0,0.0,0.0,0.0,0.0,0.0,0.0,0.0,0.0,0.0,0,-107875648.0,69,0.0,138,0.0,0.0,0,13107,17040,13107,17049,13107,17043,0,0,0,70,68,100,2.7302359370752657e+23,71.1,0.0,74.2,2.7302370179391762e+23,74.0,1,49,50,180,0,52429,0,0,0.0,0.0,0.0,0.0,-0.0,67.0,0.0,162057.094,0.0,750,0,739,0,0,0,721,0,766,0,736,0,742,0,741,0,712,0,7520,0.032,78920024064.0,0.0,0.0,784,16797,-0.0,162057.094,-114818.039,-0.0,0.133,6.909358625270745e+28,30.0,65.0,35,0.0,0.0,0.0,0.0,0.0,0.0,0.0,0.0,0.0,0.0,0.0,0.0,0.0,0.0,0.0,0.0,69.2,0,150,71,54,65476,0,300,0,1,8,20529,65476,0,0,40632,65.0,0.0,0.0,0.0,0.0,0.0
2026-09-04T20:40:55,ERR,ERR,ERR,ERR,ERR,ERR,ERR,ERR,ERR,ERR,ERR,ERR,ERR,ERR,ERR,ERR,ERR,ERR,ERR,ERR,ERR,ERR,ERR,ERR,ERR,ERR,ERR,ERR,ERR,ERR,ERR,ERR,ERR,ERR,ERR,ERR,ERR,ERR,ERR,ERR,ERR,ERR,ERR,ERR,ERR,ERR,ERR,ERR,ERR,ERR,ERR,ERR,ERR,ERR,ERR,ERR,ERR,ERR,ERR,ERR,ERR,ERR,ERR,ERR,ERR,ERR,ERR,ERR,ERR,ERR,ERR,ERR,ERR,ERR,ERR,ERR,ERR,ERR,ERR,ERR,ERR,ERR,ERR,ERR,ERR,ERR,ERR,ERR,ERR,ERR,ERR,ERR,ERR,ERR,ERR,ERR,ERR,ERR,ERR,ERR,ERR,ERR,ERR,ERR,ERR,ERR,ERR,ERR,ERR,ERR,ERR,ERR,ERR,ERR,ERR,ERR,ERR,ERR,ERR,ERR,ERR,ERR,ERR,ERR,ERR,0.0,0.0,0.0,0.0,0.0,1.3936040501711995e+18,7.805,0.0,0,0,4,0,7116,0.0,100,0.0,0.0,0.0,0.0,0.0,0,0,0,0,0.0,0,0,0,0,0,0,0,0,0,0,0,0,0,0,0,0,0,0,0,0,0,0,0,0,0,0,0,0,0,0,0,0,0,31,40,40,71,65476,0,300,0,0,8,21553,0.0,-107605600.0,0.0,0.0,0.0,0.0,0.0,0.0,0.0,0.0,0.0,0.0,0.0,0.0,0.0,0.0,0.0,0.0,0.0,0.0,0.0,0.0,-2.004,2.004,-0.0,-2.004,0.0,0.0,0.0,0.0,6281.0,-3.697203725810742e+19,6940.0,0.0,0.0,2.7184303811560617e+23,0.0,0.0,0.0,0.0,0.0,69,-2.3088415973249647e+20,-152018136072192.0,0.0,0.0,0.0,0.0,0.0,0.0,0.0,0,0,0,0.0,0.0,0.0,0.0,0.0,0.0,0.0,0.0,0.0,0.0,0.0,0.0,0.0,0.0,0.0,0.0,0,-107875648.0,69,0.0,138,0.0,0.0,0,13107,17040,13107,17049,13107,17043,0,0,0,70,68,100,2.7302359370752657e+23,71.1,0.0,74.2,2.7302370179391762e+23,74.0,1,49,50,180,0,52429,0,0,0.0,0.0,0.0,0.0,-0.0,67.0,0.0,162057.094,0.0,750,0,739,0,0,0,721,0,766,0,736,0,742,0,741,0,712,0,7520,0.032,78920024064.0,0.0,0.0,784,16797,-0.0,162057.094,-114818.039,-0.0,0.133,6.909358625270745e+28,30.0,65.0,35,0.0,0.0,0.0,0.0,0.0,0.0,0.0,0.0,0.0,0.0,0.0,0.0,0.0,0.0,0.0,0.0,69.2,0,150,71,54,65476,0,300,0,1,8,20529,65476,0,0,40632,65.0,0.0,0.0,0.0,0.0,0.0
2026-09-04T20:40:56,ERR,ERR,ERR,ERR,ERR,ERR,ERR,ERR,ERR,ERR,ERR,ERR,ERR,ERR,ERR,ERR,ERR,ERR,ERR,ERR,ERR,ERR,ERR,ERR,ERR,ERR,ERR,ERR,ERR,ERR,ERR,ERR,ERR,ERR,ERR,ERR,ERR,ERR,ERR,ERR,ERR,ERR,ERR,ERR,ERR,ERR,ERR,ERR,ERR,ERR,ERR,ERR,ERR,ERR,ERR,ERR,ERR,ERR,ERR,ERR,ERR,ERR,ERR,ERR,ERR,ERR,ERR,ERR,ERR,ERR,ERR,ERR,ERR,ERR,ERR,ERR,ERR,ERR,ERR,ERR,ERR,ERR,ERR,ERR,ERR,ERR,ERR,ERR,ERR,ERR,ERR,ERR,ERR,ERR,ERR,ERR,ERR,ERR,ERR,ERR,ERR,ERR,ERR,ERR,ERR,ERR,ERR,ERR,ERR,ERR,ERR,ERR,ERR,ERR,ERR,ERR,ERR,ERR,ERR,ERR,ERR,ERR,ERR,ERR,ERR,0.0,0.0,0.0,0.0,0.0,1.3936040501711995e+18,7.805,0.0,0,0,4,0,7116,0.0,100,0.0,0.0,0.0,0.0,0.0,0,0,0,0,0.0,0,0,0,0,0,0,0,0,0,0,0,0,0,0,0,0,0,0,0,0,0,0,0,0,0,0,0,0,0,0,0,0,0,31,40,40,71,65476,0,300,0,0,8,21553,0.0,-107605600.0,0.0,0.0,0.0,0.0,0.0,0.0,0.0,0.0,0.0,0.0,0.0,0.0,0.0,0.0,0.0,0.0,0.0,0.0,0.0,0.0,-2.004,2.004,-0.0,-2.004,0.0,0.0,0.0,0.0,6281.0,-3.697203725810742e+19,6940.0,0.0,0.0,2.7184303811560617e+23,0.0,0.0,0.0,0.0,0.0,69,-2.3088415973249647e+20,-152018136072192.0,0.0,0.0,0.0,0.0,0.0,0.0,0.0,0,0,0,0.0,0.0,0.0,0.0,0.0,0.0,0.0,0.0,0.0,0.0,0.0,0.0,0.0,0.0,0.0,0.0,0,-107875648.0,69,0.0,138,0.0,0.0,0,13107,17040,13107,17049,13107,17043,0,0,0,70,68,100,2.7302359370752657e+23,71.1,0.0,74.2,2.7302370179391762e+23,74.0,1,49,50,180,0,52429,0,0,0.0,0.0,0.0,0.0,-0.0,67.0,0.0,162057.094,0.0,750,0,739,0,0,0,721,0,766,0,736,0,742,0,741,0,712,0,7520,0.032,78920024064.0,0.0,0.0,784,16797,-0.0,162057.094,-114818.039,-0.0,0.133,6.909358625270745e+28,30.0,65.0,35,0.0,0.0,0.0,0.0,0.0,0.0,0.0,0.0,0.0,0.0,0.0,0.0,0.0,0.0,0.0,0.0,69.2,0,150,71,54,65476,0,300,0,1,8,20529,65476,0,0,40632,65.0,0.0,0.0,0.0,0.0,0.0
2026-09-04T20:40:57,ERR,ERR,ERR,ERR,ERR,ERR,ERR,ERR,ERR,ERR,ERR,ERR,ERR,ERR,ERR,ERR,ERR,ERR,ERR,ERR,ERR,ERR,ERR,ERR,ERR,ERR,ERR,ERR,ERR,ERR,ERR,ERR,ERR,ERR,ERR,ERR,ERR,ERR,ERR,ERR,ERR,ERR,ERR,ERR,ERR,ERR,ERR,ERR,ERR,ERR,ERR,ERR,ERR,ERR,ERR,ERR,ERR,ERR,ERR,ERR,ERR,ERR,ERR,ERR,ERR,ERR,ERR,ERR,ERR,ERR,ERR,ERR,ERR,ERR,ERR,ERR,ERR,ERR,ERR,ERR,ERR,ERR,ERR,ERR,ERR,ERR,ERR,ERR,ERR,ERR,ERR,ERR,ERR,ERR,ERR,ERR,ERR,ERR,ERR,ERR,ERR,ERR,ERR,ERR,ERR,ERR,ERR,ERR,ERR,ERR,ERR,ERR,ERR,ERR,ERR,ERR,ERR,ERR,ERR,ERR,ERR,ERR,ERR,ERR,ERR,0.0,0.0,0.0,0.0,0.0,1.3936040501711995e+18,7.805,0.0,0,0,4,0,7116,0.0,100,0.0,0.0,0.0,0.0,0.0,0,0,0,0,0.0,0,0,0,0,0,0,0,0,0,0,0,0,0,0,0,0,0,0,0,0,0,0,0,0,0,0,0,0,0,0,0,0,0,31,40,40,71,65476,0,300,0,0,8,21553,0.0,-107605600.0,0.0,0.0,0.0,0.0,0.0,0.0,0.0,0.0,0.0,0.0,0.0,0.0,0.0,0.0,0.0,0.0,0.0,0.0,0.0,0.0,-2.004,2.004,-0.0,-2.004,0.0,0.0,0.0,0.0,6281.0,-3.697203725810742e+19,6940.0,0.0,0.0,2.7184303811560617e+23,0.0,0.0,0.0,0.0,0.0,69,-2.3088415973249647e+20,-152018136072192.0,0.0,0.0,0.0,0.0,0.0,0.0,0.0,0,0,0,0.0,0.0,0.0,0.0,0.0,0.0,0.0,0.0,0.0,0.0,0.0,0.0,0.0,0.0,0.0,0.0,0,-107875648.0,69,0.0,138,0.0,0.0,0,13107,17040,13107,17049,13107,17043,0,0,0,70,68,100,2.7302359370752657e+23,71.1,0.0,74.2,2.7302370179391762e+23,74.0,1,49,50,180,0,52429,0,0,0.0,0.0,0.0,0.0,-0.0,67.0,0.0,162057.094,0.0,750,0,739,0,0,0,721,0,766,0,736,0,742,0,741,0,712,0,7520,0.032,78920024064.0,0.0,0.0,784,16797,-0.0,162057.094,-114818.039,-0.0,0.133,6.909358625270745e+28,30.0,65.0,35,0.0,0.0,0.0,0.0,0.0,0.0,0.0,0.0,0.0,0.0,0.0,0.0,0.0,0.0,0.0,0.0,69.2,0,150,71,54,65476,0,300,0,1,8,20529,65476,0,0,40632,65.0,0.0,0.0,0.0,0.0,0.0
2026-09-04T20:40:58,ERR,ERR,ERR,ERR,ERR,ERR,ERR,ERR,ERR,ERR,ERR,ERR,ERR,ERR,ERR,ERR,ERR,ERR,ERR,ERR,ERR,ERR,ERR,ERR,ERR,ERR,ERR,ERR,ERR,ERR,ERR,ERR,ERR,ERR,ERR,ERR,ERR,ERR,ERR,ERR,ERR,ERR,ERR,ERR,ERR,ERR,ERR,ERR,ERR,ERR,ERR,ERR,ERR,ERR,ERR,ERR,ERR,ERR,ERR,ERR,ERR,ERR,ERR,ERR,ERR,ERR,ERR,ERR,ERR,ERR,ERR,ERR,ERR,ERR,ERR,ERR,ERR,ERR,ERR,ERR,ERR,ERR,ERR,ERR,ERR,ERR,ERR,ERR,ERR,ERR,ERR,ERR,ERR,ERR,ERR,ERR,ERR,ERR,ERR,ERR,ERR,ERR,ERR,ERR,ERR,ERR,ERR,ERR,ERR,ERR,ERR,ERR,ERR,ERR,ERR,ERR,ERR,ERR,ERR,ERR,ERR,ERR,ERR,ERR,ERR,0.0,0.0,0.0,0.0,0.0,1.3936040501711995e+18,7.805,0.0,0,0,4,0,7116,0.0,100,0.0,0.0,0.0,0.0,0.0,0,0,0,0,0.0,0,0,0,0,0,0,0,0,0,0,0,0,0,0,0,0,0,0,0,0,0,0,0,0,0,0,0,0,0,0,0,0,0,31,40,40,71,65476,0,300,0,0,8,21553,0.0,-107605600.0,0.0,0.0,0.0,0.0,0.0,0.0,0.0,0.0,0.0,0.0,0.0,0.0,0.0,0.0,0.0,0.0,0.0,0.0,0.0,0.0,-2.004,2.004,-0.0,-2.004,0.0,0.0,0.0,0.0,6281.0,-2.004,6936.0,0.0,0.0,2.7184303811560617e+23,0.0,0.0,0.0,0.0,0.0,69,0.0,-0.0,0.0,0.0,0.0,0.0,0.0,0.0,0.0,0,0,0,0.0,0.0,0.0,0.0,0.0,0.0,0.0,0.0,0.0,0.0,0.0,0.0,0.0,0.0,0.0,0.0,0,-107875648.0,69,0.0,138,0.0,0.0,0,13107,17040,13107,17049,13107,17043,0,0,0,70,68,100,2.7302359370752657e+23,71.1,0.0,74.2,2.7302370179391762e+23,74.0,1,49,50,180,0,52429,0,0,0.0,0.0,0.0,0.0,-0.0,67.0,0.0,162057.094,0.0,750,0,739,0,0,0,721,0,766,0,736,0,742,0,741,0,712,0,7520,0.032,78920024064.0,0.0,0.0,784,16797,-0.0,162057.094,-114818.039,-0.0,0.133,6.909358625270745e+28,30.0,65.0,35,0.0,0.0,0.0,0.0,0.0,0.0,0.0,0.0,0.0,0.0,0.0,0.0,0.0,0.0,0.0,0.0,69.2,0,150,71,54,65476,0,300,0,1,8,20529,65476,0,0,40632,65.0,0.0,0.0,0.0,0.0,0.0
2026-09-04T20:40:59,ERR,ERR,ERR,ERR,ERR,ERR,ERR,ERR,ERR,ERR,ERR,ERR,ERR,ERR,ERR,ERR,ERR,ERR,ERR,ERR,ERR,ERR,ERR,ERR,ERR,ERR,ERR,ERR,ERR,ERR,ERR,ERR,ERR,ERR,ERR,ERR,ERR,ERR,ERR,ERR,ERR,ERR,ERR,ERR,ERR,ERR,ERR,ERR,ERR,ERR,ERR,ERR,ERR,ERR,ERR,ERR,ERR,ERR,ERR,ERR,ERR,ERR,ERR,ERR,ERR,ERR,ERR,ERR,ERR,ERR,ERR,ERR,ERR,ERR,ERR,ERR,ERR,ERR,ERR,ERR,ERR,ERR,ERR,ERR,ERR,ERR,ERR,ERR,ERR,ERR,ERR,ERR,ERR,ERR,ERR,ERR,ERR,ERR,ERR,ERR,ERR,ERR,ERR,ERR,ERR,ERR,ERR,ERR,ERR,ERR,ERR,ERR,ERR,ERR,ERR,ERR,ERR,ERR,ERR,ERR,ERR,ERR,ERR,ERR,ERR,0.0,0.0,0.0,0.0,0.0,1.3936040501711995e+18,7.805,0.0,0,0,4,0,7116,0.0,100,0.0,0.0,0.0,0.0,0.0,0,0,0,0,0.0,0,0,0,0,0,0,0,0,0,0,0,0,0,0,0,0,0,0,0,0,0,0,0,0,0,0,0,0,0,0,0,0,0,31,40,40,71,65476,0,300,0,0,8,21553,0.0,-107605600.0,0.0,0.0,0.0,0.0,0.0,0.0,0.0,0.0,0.0,0.0,0.0,0.0,0.0,0.0,0.0,0.0,0.0,0.0,0.0,0.0,-2.004,2.004,-0.0,-2.004,0.0,0.0,0.0,0.0,6281.0,-2.004,6936.0,0.0,0.0,2.7184303811560617e+23,0.0,0.0,0.0,0.0,0.0,69,0.0,-0.0,0.0,0.0,0.0,0.0,0.0,0.0,0.0,0,0,0,0.0,0.0,0.0,0.0,0.0,0.0,0.0,0.0,0.0,0.0,0.0,0.0,0.0,0.0,0.0,0.0,0,-107875648.0,69,0.0,138,0.0,0.0,0,13107,17040,13107,17049,13107,17043,0,0,0,70,68,100,2.7302359370752657e+23,71.1,0.0,74.2,2.7302370179391762e+23,74.0,1,49,50,180,0,52429,0,0,0.0,0.0,0.0,0.0,-0.0,67.0,0.0,162057.094,0.0,750,0,739,0,0,0,721,0,766,0,736,0,742,0,741,0,712,0,7520,0.032,78920024064.0,0.0,0.0,784,16797,-0.0,162057.094,-114818.039,-0.0,0.133,6.909358625270745e+28,30.0,65.0,35,0.0,0.0,0.0,0.0,0.0,0.0,0.0,0.0,0.0,0.0,0.0,0.0,0.0,0.0,0.0,0.0,69.2,0,150,71,54,65476,0,300,0,1,8,20529,65476,0,0,40632,65.0,0.0,0.0,0.0,0.0,0.0
2026-09-04T20:41:00,ERR,ERR,ERR,ERR,ERR,ERR,ERR,ERR,ERR,ERR,ERR,ERR,ERR,ERR,ERR,ERR,ERR,ERR,ERR,ERR,ERR,ERR,ERR,ERR,ERR,ERR,ERR,ERR,ERR,ERR,ERR,ERR,ERR,ERR,ERR,ERR,ERR,ERR,ERR,ERR,ERR,ERR,ERR,ERR,ERR,ERR,ERR,ERR,ERR,ERR,ERR,ERR,ERR,ERR,ERR,ERR,ERR,ERR,ERR,ERR,ERR,ERR,ERR,ERR,ERR,ERR,ERR,ERR,ERR,ERR,ERR,ERR,ERR,ERR,ERR,ERR,ERR,ERR,ERR,ERR,ERR,ERR,ERR,ERR,ERR,ERR,ERR,ERR,ERR,ERR,ERR,ERR,ERR,ERR,ERR,ERR,ERR,ERR,ERR,ERR,ERR,ERR,ERR,ERR,ERR,ERR,ERR,ERR,ERR,ERR,ERR,ERR,ERR,ERR,ERR,ERR,ERR,ERR,ERR,ERR,ERR,ERR,ERR,ERR,ERR,0.0,0.0,0.0,0.0,0.0,1.3936040501711995e+18,7.805,0.0,0,0,4,0,7116,0.0,100,0.0,0.0,0.0,0.0,0.0,0,0,0,0,0.0,0,0,0,0,0,0,0,0,0,0,0,0,0,0,0,0,0,0,0,0,0,0,0,0,0,0,0,0,0,0,0,0,0,31,40,40,71,65476,0,300,0,0,8,21553,0.0,-107605600.0,0.0,0.0,0.0,0.0,0.0,0.0,0.0,0.0,0.0,0.0,0.0,0.0,0.0,0.0,0.0,0.0,0.0,0.0,0.0,0.0,-2.004,2.004,-0.0,-2.004,0.0,0.0,0.0,0.0,6281.0,-2.004,6936.0,0.0,0.0,2.7184303811560617e+23,0.0,0.0,0.0,0.0,0.0,69,0.0,-0.0,0.0,0.0,0.0,0.0,0.0,0.0,0.0,0,0,0,0.0,0.0,0.0,0.0,0.0,0.0,0.0,0.0,0.0,0.0,0.0,0.0,0.0,0.0,0.0,0.0,0,-107875648.0,69,0.0,138,0.0,0.0,0,13107,17040,13107,17049,13107,17043,0,0,0,70,68,100,2.7302359370752657e+23,71.1,0.0,74.2,2.7302370179391762e+23,74.0,1,49,50,180,0,52429,0,0,0.0,0.0,0.0,0.0,-0.0,67.0,0.0,162057.094,0.0,750,0,739,0,0,0,721,0,766,0,736,0,742,0,741,0,712,0,7520,0.032,78920024064.0,0.0,0.0,784,16797,-0.0,162057.094,-114818.039,-0.0,0.133,6.909358625270745e+28,30.0,65.0,35,0.0,0.0,0.0,0.0,0.0,0.0,0.0,0.0,0.0,0.0,0.0,0.0,0.0,0.0,0.0,0.0,69.6,0,150,71,54,65476,0,300,0,1,8,20529,65476,0,0,40632,65.0,0.0,0.0,0.0,0.0,0.0
2026-09-04T20:41:01,ERR,ERR,ERR,ERR,ERR,ERR,ERR,ERR,ERR,ERR,ERR,ERR,ERR,ERR,ERR,ERR,ERR,ERR,ERR,ERR,ERR,ERR,ERR,ERR,ERR,ERR,ERR,ERR,ERR,ERR,ERR,ERR,ERR,ERR,ERR,ERR,ERR,ERR,ERR,ERR,ERR,ERR,ERR,ERR,ERR,ERR,ERR,ERR,ERR,ERR,ERR,ERR,ERR,ERR,ERR,ERR,ERR,ERR,ERR,ERR,ERR,ERR,ERR,ERR,ERR,ERR,ERR,ERR,ERR,ERR,ERR,ERR,ERR,ERR,ERR,ERR,ERR,ERR,ERR,ERR,ERR,ERR,ERR,ERR,ERR,ERR,ERR,ERR,ERR,ERR,ERR,ERR,ERR,ERR,ERR,ERR,ERR,ERR,ERR,ERR,ERR,ERR,ERR,ERR,ERR,ERR,ERR,ERR,ERR,ERR,ERR,ERR,ERR,ERR,ERR,ERR,ERR,ERR,ERR,ERR,ERR,ERR,ERR,ERR,ERR,0.0,0.0,0.0,0.0,0.0,1.3936040501711995e+18,7.805,0.0,0,0,4,0,7116,0.0,100,0.0,0.0,0.0,0.0,0.0,0,0,0,0,0.0,0,0,0,0,0,0,0,0,0,0,0,0,0,0,0,0,0,0,0,0,0,0,0,0,0,0,0,0,0,0,0,0,0,31,40,40,71,65476,0,300,0,0,8,21553,0.0,-107605600.0,0.0,0.0,0.0,0.0,0.0,0.0,0.0,0.0,0.0,0.0,0.0,0.0,0.0,0.0,0.0,0.0,0.0,0.0,0.0,0.0,-2.004,2.004,-0.0,-2.004,0.0,0.0,0.0,0.0,6281.0,-2.004,6936.0,0.0,0.0,2.7184303811560617e+23,0.0,0.0,0.0,0.0,0.0,69,0.0,-0.0,0.0,0.0,0.0,0.0,0.0,0.0,0.0,0,0,0,0.0,0.0,0.0,0.0,0.0,0.0,0.0,0.0,0.0,0.0,0.0,0.0,0.0,0.0,0.0,0.0,0,-107875648.0,69,0.0,138,0.0,0.0,0,13107,17040,13107,17049,13107,17043,0,0,0,70,68,100,2.7302359370752657e+23,71.1,0.0,74.2,2.7302370179391762e+23,74.0,1,49,50,180,0,52429,0,0,0.0,0.0,0.0,0.0,-0.0,67.0,0.0,162057.094,0.0,750,0,739,0,0,0,721,0,766,0,736,0,742,0,741,0,712,0,7520,0.032,78920024064.0,0.0,0.0,784,16797,-0.0,162057.094,-114818.039,-0.0,0.133,6.909358625270745e+28,30.0,65.0,35,0.0,0.0,0.0,0.0,0.0,0.0,0.0,0.0,0.0,0.0,0.0,0.0,0.0,0.0,0.0,0.0,69.6,0,150,71,54,65476,0,300,0,1,8,20529,65476,0,0,40632,65.0,0.0,0.0,0.0,0.0,0.0
2026-09-04T20:41:02,ERR,ERR,ERR,ERR,ERR,ERR,ERR,ERR,ERR,ERR,ERR,ERR,ERR,ERR,ERR,ERR,ERR,ERR,ERR,ERR,ERR,ERR,ERR,ERR,ERR,ERR,ERR,ERR,ERR,ERR,ERR,ERR,ERR,ERR,ERR,ERR,ERR,ERR,ERR,ERR,ERR,ERR,ERR,ERR,ERR,ERR,ERR,ERR,ERR,ERR,ERR,ERR,ERR,ERR,ERR,ERR,ERR,ERR,ERR,ERR,ERR,ERR,ERR,ERR,ERR,ERR,ERR,ERR,ERR,ERR,ERR,ERR,ERR,ERR,ERR,ERR,ERR,ERR,ERR,ERR,ERR,ERR,ERR,ERR,ERR,ERR,ERR,ERR,ERR,ERR,ERR,ERR,ERR,ERR,ERR,ERR,ERR,ERR,ERR,ERR,ERR,ERR,ERR,ERR,ERR,ERR,ERR,ERR,ERR,ERR,ERR,ERR,ERR,ERR,ERR,ERR,ERR,ERR,ERR,ERR,ERR,ERR,ERR,ERR,ERR,0.0,0.0,0.0,0.0,0.0,1.3936040501711995e+18,7.805,0.0,0,0,4,0,7116,0.0,100,0.0,0.0,0.0,0.0,0.0,0,0,0,0,0.0,0,0,0,0,0,0,0,0,0,0,0,0,0,0,0,0,0,0,0,0,0,0,0,0,0,0,0,0,0,0,0,0,0,31,40,40,71,65476,0,300,0,0,8,21553,0.0,-107605600.0,0.0,0.0,0.0,0.0,0.0,0.0,0.0,0.0,0.0,0.0,0.0,0.0,0.0,0.0,0.0,0.0,0.0,0.0,0.0,0.0,-2.004,2.004,-0.0,-2.004,0.0,0.0,0.0,0.0,6281.0,-2.004,6936.0,0.0,0.0,2.7184303811560617e+23,0.0,0.0,0.0,0.0,0.0,69,0.0,-0.0,0.0,0.0,0.0,0.0,0.0,0.0,0.0,0,0,0,0.0,0.0,0.0,0.0,0.0,0.0,0.0,0.0,0.0,0.0,0.0,0.0,0.0,0.0,0.0,0.0,0,-107875648.0,69,0.0,138,0.0,0.0,0,13107,17040,13107,17049,13107,17043,0,0,0,70,68,100,2.7302359370752657e+23,71.1,0.0,74.2,2.7302370179391762e+23,74.0,1,49,50,180,0,52429,0,0,0.0,0.0,0.0,0.0,-0.0,67.0,0.0,162057.094,0.0,750,0,739,0,0,0,721,0,766,0,736,0,742,0,741,0,712,0,7520,0.032,78920024064.0,0.0,0.0,784,16797,-0.0,162057.094,-114818.039,-0.0,0.133,6.909358625270745e+28,30.0,65.0,35,0.0,0.0,0.0,0.0,0.0,0.0,0.0,0.0,0.0,0.0,0.0,0.0,0.0,0.0,0.0,0.0,69.2,0,150,71,54,65476,0,300,0,1,8,20529,65476,0,0,40632,65.0,0.0,0.0,0.0,0.0,0.0
2026-09-04T20:41:03,ERR,ERR,ERR,ERR,ERR,ERR,ERR,ERR,ERR,ERR,ERR,ERR,ERR,ERR,ERR,ERR,ERR,ERR,ERR,ERR,ERR,ERR,ERR,ERR,ERR,ERR,ERR,ERR,ERR,ERR,ERR,ERR,ERR,ERR,ERR,ERR,ERR,ERR,ERR,ERR,ERR,ERR,ERR,ERR,ERR,ERR,ERR,ERR,ERR,ERR,ERR,ERR,ERR,ERR,ERR,ERR,ERR,ERR,ERR,ERR,ERR,ERR,ERR,ERR,ERR,ERR,ERR,ERR,ERR,ERR,ERR,ERR,ERR,ERR,ERR,ERR,ERR,ERR,ERR,ERR,ERR,ERR,ERR,ERR,ERR,ERR,ERR,ERR,ERR,ERR,ERR,ERR,ERR,ERR,ERR,ERR,ERR,ERR,ERR,ERR,ERR,ERR,ERR,ERR,ERR,ERR,ERR,ERR,ERR,ERR,ERR,ERR,ERR,ERR,ERR,ERR,ERR,ERR,ERR,ERR,ERR,ERR,ERR,ERR,ERR,0.0,0.0,0.0,0.0,0.0,1.3936040501711995e+18,7.805,0.0,0,0,4,0,7116,0.0,100,0.0,0.0,0.0,0.0,0.0,0,0,0,0,0.0,0,0,0,0,0,0,0,0,0,0,0,0,0,0,0,0,0,0,0,0,0,0,0,0,0,0,0,0,0,0,0,0,0,31,40,40,71,65476,0,300,0,0,8,21553,0.0,-107605600.0,0.0,0.0,0.0,0.0,0.0,0.0,0.0,0.0,0.0,0.0,0.0,0.0,0.0,0.0,0.0,0.0,0.0,0.0,0.0,0.0,-2.004,2.004,-0.0,-2.004,0.0,0.0,0.0,0.0,6281.0,-2.004,6936.0,0.0,0.0,2.7184303811560617e+23,0.0,0.0,0.0,0.0,0.0,69,0.0,-0.0,0.0,0.0,0.0,0.0,0.0,0.0,0.0,0,0,0,0.0,0.0,0.0,0.0,0.0,0.0,0.0,0.0,0.0,0.0,0.0,0.0,0.0,0.0,0.0,0.0,0,-107875648.0,69,0.0,138,0.0,0.0,0,13107,17040,13107,17049,13107,17043,0,0,0,70,68,100,2.7302359370752657e+23,71.1,0.0,74.2,2.7302370179391762e+23,74.0,1,49,50,180,0,52429,0,0,0.0,0.0,0.0,0.0,-0.0,67.0,0.0,162057.094,0.0,750,0,739,0,0,0,721,0,766,0,736,0,742,0,741,0,712,0,7520,0.032,78920024064.0,0.0,0.0,784,16797,-0.0,162057.094,-114818.039,-0.0,0.133,6.909358625270745e+28,30.0,65.0,35,0.0,0.0,0.0,0.0,0.0,0.0,0.0,0.0,0.0,0.0,0.0,0.0,0.0,0.0,0.0,0.0,69.2,0,150,71,54,65476,0,300,0,1,8,20529,65476,0,0,40632,65.0,0.0,0.0,0.0,0.0,0.0
2026-09-04T20:41:04,ERR,ERR,ERR,ERR,ERR,ERR,ERR,ERR,ERR,ERR,ERR,ERR,ERR,ERR,ERR,ERR,ERR,ERR,ERR,ERR,ERR,ERR,ERR,ERR,ERR,ERR,ERR,ERR,ERR,ERR,ERR,ERR,ERR,ERR,ERR,ERR,ERR,ERR,ERR,ERR,ERR,ERR,ERR,ERR,ERR,ERR,ERR,ERR,ERR,ERR,ERR,ERR,ERR,ERR,ERR,ERR,ERR,ERR,ERR,ERR,ERR,ERR,ERR,ERR,ERR,ERR,ERR,ERR,ERR,ERR,ERR,ERR,ERR,ERR,ERR,ERR,ERR,ERR,ERR,ERR,ERR,ERR,ERR,ERR,ERR,ERR,ERR,ERR,ERR,ERR,ERR,ERR,ERR,ERR,ERR,ERR,ERR,ERR,ERR,ERR,ERR,ERR,ERR,ERR,ERR,ERR,ERR,ERR,ERR,ERR,ERR,ERR,ERR,ERR,ERR,ERR,ERR,ERR,ERR,ERR,ERR,ERR,ERR,ERR,ERR,0.0,0.0,0.0,0.0,0.0,1.3936040501711995e+18,7.805,0.0,0,0,4,0,7116,0.0,100,0.0,0.0,0.0,0.0,0.0,0,0,0,0,0.0,0,0,0,0,0,0,0,0,0,0,0,0,0,0,0,0,0,0,0,0,0,0,0,0,0,0,0,0,0,0,0,0,0,31,40,40,71,65476,0,300,0,0,8,21553,0.0,-107605600.0,0.0,0.0,0.0,0.0,0.0,0.0,0.0,0.0,0.0,0.0,0.0,0.0,0.0,0.0,0.0,0.0,0.0,0.0,0.0,0.0,-2.004,2.004,-0.0,-2.004,0.0,0.0,0.0,0.0,6281.0,-2.004,6936.0,0.0,0.0,2.7184303811560617e+23,0.0,0.0,0.0,0.0,0.0,69,0.0,-0.0,0.0,0.0,0.0,0.0,0.0,0.0,0.0,0,0,0,0.0,0.0,0.0,0.0,0.0,0.0,0.0,0.0,0.0,0.0,0.0,0.0,0.0,0.0,0.0,0.0,0,-107875648.0,69,0.0,138,0.0,0.0,0,13107,17040,13107,17049,13107,17043,0,0,0,70,68,100,2.7302359370752657e+23,71.1,0.0,74.2,2.7302370179391762e+23,74.0,1,49,50,180,0,52429,0,0,0.0,0.0,0.0,0.0,-0.0,67.0,0.0,162057.094,0.0,750,0,739,0,0,0,721,0,766,0,736,0,742,0,741,0,712,0,7520,0.032,78920024064.0,0.0,0.0,784,16797,-0.0,162057.094,-114818.039,-0.0,0.133,6.909358625270745e+28,30.0,65.0,35,0.0,0.0,0.0,0.0,0.0,0.0,0.0,0.0,0.0,0.0,0.0,0.0,0.0,0.0,0.0,0.0,69.2,0,150,71,54,65476,0,300,0,1,8,20529,65476,0,0,40632,65.0,0.0,0.0,0.0,0.0,0.0
2026-09-04T20:41:05,ERR,ERR,ERR,ERR,ERR,ERR,ERR,ERR,ERR,ERR,ERR,ERR,ERR,ERR,ERR,ERR,ERR,ERR,ERR,ERR,ERR,ERR,ERR,ERR,ERR,ERR,ERR,ERR,ERR,ERR,ERR,ERR,ERR,ERR,ERR,ERR,ERR,ERR,ERR,ERR,ERR,ERR,ERR,ERR,ERR,ERR,ERR,ERR,ERR,ERR,ERR,ERR,ERR,ERR,ERR,ERR,ERR,ERR,ERR,ERR,ERR,ERR,ERR,ERR,ERR,ERR,ERR,ERR,ERR,ERR,ERR,ERR,ERR,ERR,ERR,ERR,ERR,ERR,ERR,ERR,ERR,ERR,ERR,ERR,ERR,ERR,ERR,ERR,ERR,ERR,ERR,ERR,ERR,ERR,ERR,ERR,ERR,ERR,ERR,ERR,ERR,ERR,ERR,ERR,ERR,ERR,ERR,ERR,ERR,ERR,ERR,ERR,ERR,ERR,ERR,ERR,ERR,ERR,ERR,ERR,ERR,ERR,ERR,ERR,ERR,0.0,0.0,0.0,0.0,0.0,1.3936040501711995e+18,7.805,0.0,0,0,4,0,7116,0.0,100,0.0,0.0,0.0,0.0,0.0,0,0,0,0,0.0,0,0,0,0,0,0,0,0,0,0,0,0,0,0,0,0,0,0,0,0,0,0,0,0,0,0,0,0,0,0,0,0,0,31,40,40,71,65476,0,300,0,0,8,21553,0.0,-107605600.0,0.0,0.0,0.0,0.0,0.0,0.0,0.0,0.0,0.0,0.0,0.0,0.0,0.0,0.0,0.0,0.0,0.0,0.0,0.0,0.0,-2.004,2.004,-0.0,-2.004,0.0,0.0,0.0,0.0,6281.0,-2.004,6936.0,0.0,0.0,2.7184303811560617e+23,0.0,0.0,0.0,0.0,0.0,69,0.0,-0.0,0.0,0.0,0.0,0.0,0.0,0.0,0.0,0,0,0,0.0,0.0,0.0,0.0,0.0,0.0,0.0,0.0,0.0,0.0,0.0,0.0,0.0,0.0,0.0,0.0,0,-107875648.0,69,0.0,138,0.0,0.0,0,13107,17040,13107,17049,13107,17043,0,0,0,70,68,100,2.7302359370752657e+23,71.1,0.0,74.2,2.7302370179391762e+23,74.0,1,49,50,180,0,52429,0,0,0.0,0.0,0.0,0.0,-0.0,67.0,0.0,162057.094,0.0,750,0,739,0,0,0,721,0,766,0,736,0,742,0,741,0,712,0,7520,0.032,78920024064.0,0.0,0.0,784,16797,-0.0,162057.094,-114818.039,-0.0,0.133,6.909358625270745e+28,30.0,65.0,35,0.0,0.0,0.0,0.0,0.0,0.0,0.0,0.0,0.0,0.0,0.0,0.0,0.0,0.0,0.0,0.0,69.2,0,150,71,54,65476,0,300,0,1,8,20529,65476,0,0,40632,65.0,0.0,0.0,0.0,0.0,0.0
2026-09-04T20:41:06,ERR,ERR,ERR,ERR,ERR,ERR,ERR,ERR,ERR,ERR,ERR,ERR,ERR,ERR,ERR,ERR,ERR,ERR,ERR,ERR,ERR,ERR,ERR,ERR,ERR,ERR,ERR,ERR,ERR,ERR,ERR,ERR,ERR,ERR,ERR,ERR,ERR,ERR,ERR,ERR,ERR,ERR,ERR,ERR,ERR,ERR,ERR,ERR,ERR,ERR,ERR,ERR,ERR,ERR,ERR,ERR,ERR,ERR,ERR,ERR,ERR,ERR,ERR,ERR,ERR,ERR,ERR,ERR,ERR,ERR,ERR,ERR,ERR,ERR,ERR,ERR,ERR,ERR,ERR,ERR,ERR,ERR,ERR,ERR,ERR,ERR,ERR,ERR,ERR,ERR,ERR,ERR,ERR,ERR,ERR,ERR,ERR,ERR,ERR,ERR,ERR,ERR,ERR,ERR,ERR,ERR,ERR,ERR,ERR,ERR,ERR,ERR,ERR,ERR,ERR,ERR,ERR,ERR,ERR,ERR,ERR,ERR,ERR,ERR,ERR,0.0,0.0,0.0,0.0,0.0,1.3936040501711995e+18,7.805,0.0,0,0,4,0,7116,0.0,100,0.0,0.0,0.0,0.0,0.0,0,0,0,0,0.0,0,0,0,0,0,0,0,0,0,0,0,0,0,0,0,0,0,0,0,0,0,0,0,0,0,0,0,0,0,0,0,0,0,31,40,40,71,65476,0,300,0,0,8,21553,0.0,-107605600.0,0.0,0.0,0.0,0.0,0.0,0.0,0.0,0.0,0.0,0.0,0.0,0.0,0.0,0.0,0.0,0.0,0.0,0.0,0.0,0.0,-2.004,2.004,-0.0,-2.004,0.0,0.0,0.0,0.0,6275.0,0.0,6943.0,0.0,0.0,2.7184303811560617e+23,0.0,0.0,0.0,0.0,0.0,69,-89221.164,-152018119294976.0,0.0,0.0,0.0,0.0,0.0,0.0,0.0,0,0,0,0.0,0.0,0.0,0.0,0.0,0.0,0.0,0.0,0.0,0.0,0.0,0.0,0.0,0.0,0.0,0.0,0,-107875648.0,69,0.0,138,0.0,0.0,0,13107,17040,13107,17049,13107,17043,0,0,0,70,68,100,2.7302359370752657e+23,71.1,0.0,74.2,2.7302370179391762e+23,74.0,1,49,50,180,0,52429,0,0,0.0,0.0,0.0,0.0,-0.0,67.0,0.0,162057.094,0.0,750,0,739,0,0,0,721,0,766,0,736,0,742,0,741,0,712,0,7520,0.032,78920024064.0,0.0,0.0,784,16797,-0.0,162057.094,-114818.039,-0.0,0.133,6.909358625270745e+28,30.0,65.0,35,0.0,0.0,0.0,0.0,0.0,0.0,0.0,0.0,0.0,0.0,0.0,0.0,0.0,0.0,0.0,0.0,69.2,0,150,71,54,65476,0,300,0,1,8,20529,65476,0,0,40632,65.0,0.0,0.0,0.0,0.0,0.0
2026-09-04T20:41:07,ERR,ERR,ERR,ERR,ERR,ERR,ERR,ERR,ERR,ERR,ERR,ERR,ERR,ERR,ERR,ERR,ERR,ERR,ERR,ERR,ERR,ERR,ERR,ERR,ERR,ERR,ERR,ERR,ERR,ERR,ERR,ERR,ERR,ERR,ERR,ERR,ERR,ERR,ERR,ERR,ERR,ERR,ERR,ERR,ERR,ERR,ERR,ERR,ERR,ERR,ERR,ERR,ERR,ERR,ERR,ERR,ERR,ERR,ERR,ERR,ERR,ERR,ERR,ERR,ERR,ERR,ERR,ERR,ERR,ERR,ERR,ERR,ERR,ERR,ERR,ERR,ERR,ERR,ERR,ERR,ERR,ERR,ERR,ERR,ERR,ERR,ERR,ERR,ERR,ERR,ERR,ERR,ERR,ERR,ERR,ERR,ERR,ERR,ERR,ERR,ERR,ERR,ERR,ERR,ERR,ERR,ERR,ERR,ERR,ERR,ERR,ERR,ERR,ERR,ERR,ERR,ERR,ERR,ERR,ERR,ERR,ERR,ERR,ERR,ERR,0.0,0.0,0.0,0.0,0.0,1.3936040501711995e+18,7.805,0.0,0,0,4,0,7116,0.0,100,0.0,0.0,0.0,0.0,0.0,0,0,0,0,0.0,0,0,0,0,0,0,0,0,0,0,0,0,0,0,0,0,0,0,0,0,0,0,0,0,0,0,0,0,0,0,0,0,0,31,40,40,71,65476,0,300,0,0,8,21553,0.0,-107605600.0,0.0,0.0,0.0,0.0,0.0,0.0,0.0,0.0,0.0,0.0,0.0,0.0,0.0,0.0,0.0,0.0,0.0,0.0,0.0,0.0,-2.004,2.004,-0.0,-2.004,0.0,0.0,0.0,0.0,6275.0,0.0,6943.0,0.0,0.0,2.7184303811560617e+23,0.0,0.0,0.0,0.0,0.0,69,-89221.164,-152018119294976.0,0.0,0.0,0.0,0.0,0.0,0.0,0.0,0,0,0,0.0,0.0,0.0,0.0,0.0,0.0,0.0,0.0,0.0,0.0,0.0,0.0,0.0,0.0,0.0,0.0,0,-107875648.0,69,0.0,138,0.0,0.0,0,13107,17040,13107,17049,13107,17043,0,0,0,70,68,100,2.7302359370752657e+23,71.1,0.0,74.2,2.7302370179391762e+23,74.0,1,49,50,180,0,52429,0,0,0.0,0.0,0.0,0.0,-0.0,67.0,0.0,162057.094,0.0,750,0,739,0,0,0,721,0,766,0,736,0,742,0,741,0,712,0,7520,0.032,78920024064.0,0.0,0.0,784,16797,-0.0,162057.094,-114818.039,-0.0,0.133,6.909358625270745e+28,30.0,65.0,35,0.0,0.0,0.0,0.0,0.0,0.0,0.0,0.0,0.0,0.0,0.0,0.0,0.0,0.0,0.0,0.0,69.2,0,150,71,54,65476,0,300,0,1,8,20529,65476,0,0,40632,65.0,0.0,0.0,0.0,0.0,0.0
2026-09-04T20:41:08,ERR,ERR,ERR,ERR,ERR,ERR,ERR,ERR,ERR,ERR,ERR,ERR,ERR,ERR,ERR,ERR,ERR,ERR,ERR,ERR,ERR,ERR,ERR,ERR,ERR,ERR,ERR,ERR,ERR,ERR,ERR,ERR,ERR,ERR,ERR,ERR,ERR,ERR,ERR,ERR,ERR,ERR,ERR,ERR,ERR,ERR,ERR,ERR,ERR,ERR,ERR,ERR,ERR,ERR,ERR,ERR,ERR,ERR,ERR,ERR,ERR,ERR,ERR,ERR,ERR,ERR,ERR,ERR,ERR,ERR,ERR,ERR,ERR,ERR,ERR,ERR,ERR,ERR,ERR,ERR,ERR,ERR,ERR,ERR,ERR,ERR,ERR,ERR,ERR,ERR,ERR,ERR,ERR,ERR,ERR,ERR,ERR,ERR,ERR,ERR,ERR,ERR,ERR,ERR,ERR,ERR,ERR,ERR,ERR,ERR,ERR,ERR,ERR,ERR,ERR,ERR,ERR,ERR,ERR,ERR,ERR,ERR,ERR,ERR,ERR,0.0,0.0,0.0,0.0,0.0,1.3936040501711995e+18,7.805,0.0,0,0,4,0,7116,0.0,100,0.0,0.0,0.0,0.0,0.0,0,0,0,0,0.0,0,0,0,0,0,0,0,0,0,0,0,0,0,0,0,0,0,0,0,0,0,0,0,0,0,0,0,0,0,0,0,0,0,31,40,40,71,65476,0,300,0,0,8,21553,0.0,-107605600.0,0.0,0.0,0.0,0.0,0.0,0.0,0.0,0.0,0.0,0.0,0.0,0.0,0.0,0.0,0.0,0.0,0.0,0.0,0.0,0.0,-2.004,2.004,-0.0,-2.004,0.0,0.0,0.0,0.0,6275.0,0.0,6943.0,0.0,0.0,2.7184303811560617e+23,0.0,0.0,0.0,0.0,0.0,69,-89221.164,-152018119294976.0,0.0,0.0,0.0,0.0,0.0,0.0,0.0,0,0,0,0.0,0.0,0.0,0.0,0.0,0.0,0.0,0.0,0.0,0.0,0.0,0.0,0.0,0.0,0.0,0.0,0,-107875648.0,69,0.0,138,0.0,0.0,0,13107,17040,13107,17049,13107,17043,0,0,0,70,68,100,2.7302359370752657e+23,71.1,0.0,74.2,2.7302370179391762e+23,74.0,1,49,50,180,0,52429,0,0,0.0,0.0,0.0,0.0,-0.0,67.0,0.0,162057.094,0.0,750,0,739,0,0,0,721,0,766,0,736,0,742,0,741,0,712,0,7520,0.032,78920024064.0,0.0,0.0,784,16797,-0.0,162057.094,-114818.039,-0.0,0.133,6.909358625270745e+28,30.0,65.0,35,0.0,0.0,0.0,0.0,0.0,0.0,0.0,0.0,0.0,0.0,0.0,0.0,0.0,0.0,0.0,0.0,69.2,0,150,71,54,65476,0,300,0,1,8,20529,65476,0,0,40632,65.0,0.0,0.0,0.0,0.0,0.0
2026-09-04T20:41:09,ERR,ERR,ERR,ERR,ERR,ERR,ERR,ERR,ERR,ERR,ERR,ERR,ERR,ERR,ERR,ERR,ERR,ERR,ERR,ERR,ERR,ERR,ERR,ERR,ERR,ERR,ERR,ERR,ERR,ERR,ERR,ERR,ERR,ERR,ERR,ERR,ERR,ERR,ERR,ERR,ERR,ERR,ERR,ERR,ERR,ERR,ERR,ERR,ERR,ERR,ERR,ERR,ERR,ERR,ERR,ERR,ERR,ERR,ERR,ERR,ERR,ERR,ERR,ERR,ERR,ERR,ERR,ERR,ERR,ERR,ERR,ERR,ERR,ERR,ERR,ERR,ERR,ERR,ERR,ERR,ERR,ERR,ERR,ERR,ERR,ERR,ERR,ERR,ERR,ERR,ERR,ERR,ERR,ERR,ERR,ERR,ERR,ERR,ERR,ERR,ERR,ERR,ERR,ERR,ERR,ERR,ERR,ERR,ERR,ERR,ERR,ERR,ERR,ERR,ERR,ERR,ERR,ERR,ERR,ERR,ERR,ERR,ERR,ERR,ERR,0.0,0.0,0.0,0.0,0.0,1.3936040501711995e+18,7.805,0.0,0,0,4,0,7116,0.0,100,0.0,0.0,0.0,0.0,0.0,0,0,0,0,0.0,0,0,0,0,0,0,0,0,0,0,0,0,0,0,0,0,0,0,0,0,0,0,0,0,0,0,0,0,0,0,0,0,0,31,40,40,71,65476,0,300,0,0,8,21553,0.0,-107605600.0,0.0,0.0,0.0,0.0,0.0,0.0,0.0,0.0,0.0,0.0,0.0,0.0,0.0,0.0,0.0,0.0,0.0,0.0,0.0,0.0,-2.004,2.004,-0.0,-2.004,0.0,0.0,0.0,0.0,6275.0,0.0,6943.0,0.0,0.0,2.7184303811560617e+23,0.0,0.0,0.0,0.0,0.0,69,-89221.164,-152018119294976.0,0.0,0.0,0.0,0.0,0.0,0.0,0.0,0,0,0,0.0,0.0,0.0,0.0,0.0,0.0,0.0,0.0,0.0,0.0,0.0,0.0,0.0,0.0,0.0,0.0,0,-107875648.0,69,0.0,138,0.0,0.0,0,13107,17040,13107,17049,13107,17043,0,0,0,70,68,100,2.7302359370752657e+23,71.1,0.0,74.2,2.7302370179391762e+23,74.0,1,49,50,180,0,52429,0,0,0.0,0.0,0.0,0.0,-0.0,67.0,0.0,162057.094,0.0,750,0,739,0,0,0,721,0,766,0,736,0,742,0,741,0,712,0,7520,0.032,78920024064.0,0.0,0.0,784,16797,-0.0,162057.094,-114818.039,-0.0,0.133,6.909358625270745e+28,30.0,65.0,35,0.0,0.0,0.0,0.0,0.0,0.0,0.0,0.0,0.0,0.0,0.0,0.0,0.0,0.0,0.0,0.0,69.2,0,150,71,54,65476,0,300,0,1,8,20529,65476,0,0,40632,65.0,0.0,0.0,0.0,0.0,0.0
2026-09-04T20:41:10,ERR,ERR,ERR,ERR,ERR,ERR,ERR,ERR,ERR,ERR,ERR,ERR,ERR,ERR,ERR,ERR,ERR,ERR,ERR,ERR,ERR,ERR,ERR,ERR,ERR,ERR,ERR,ERR,ERR,ERR,ERR,ERR,ERR,ERR,ERR,ERR,ERR,ERR,ERR,ERR,ERR,ERR,ERR,ERR,ERR,ERR,ERR,ERR,ERR,ERR,ERR,ERR,ERR,ERR,ERR,ERR,ERR,ERR,ERR,ERR,ERR,ERR,ERR,ERR,ERR,ERR,ERR,ERR,ERR,ERR,ERR,ERR,ERR,ERR,ERR,ERR,ERR,ERR,ERR,ERR,ERR,ERR,ERR,ERR,ERR,ERR,ERR,ERR,ERR,ERR,ERR,ERR,ERR,ERR,ERR,ERR,ERR,ERR,ERR,ERR,ERR,ERR,ERR,ERR,ERR,ERR,ERR,ERR,ERR,ERR,ERR,ERR,ERR,ERR,ERR,ERR,ERR,ERR,ERR,ERR,ERR,ERR,ERR,ERR,ERR,0.0,0.0,0.0,0.0,0.0,1.3936040501711995e+18,7.805,0.0,0,0,4,0,7116,0.0,100,0.0,0.0,0.0,0.0,0.0,0,0,0,0,0.0,0,0,0,0,0,0,0,0,0,0,0,0,0,0,0,0,0,0,0,0,0,0,0,0,0,0,0,0,0,0,0,0,0,31,40,40,71,65476,0,300,0,0,8,21553,0.0,-107605600.0,0.0,0.0,0.0,0.0,0.0,0.0,0.0,0.0,0.0,0.0,0.0,0.0,0.0,0.0,0.0,0.0,0.0,0.0,0.0,0.0,-2.004,2.004,-0.0,-2.004,0.0,0.0,0.0,0.0,6275.0,0.0,6943.0,0.0,0.0,2.7184303811560617e+23,0.0,0.0,0.0,0.0,0.0,69,-89221.164,-152018119294976.0,0.0,0.0,0.0,0.0,0.0,0.0,0.0,0,0,0,0.0,0.0,0.0,0.0,0.0,0.0,0.0,0.0,0.0,0.0,0.0,0.0,0.0,0.0,0.0,0.0,0,-107875648.0,69,0.0,138,0.0,0.0,0,13107,17040,13107,17049,13107,17043,0,0,0,70,68,100,2.7302359370752657e+23,71.1,0.0,74.2,2.7302370179391762e+23,74.0,1,49,50,180,0,52429,0,0,0.0,0.0,0.0,0.0,-0.0,67.0,0.0,162057.094,0.0,750,0,739,0,0,0,721,0,766,0,736,0,742,0,741,0,712,0,7520,0.032,78920024064.0,0.0,0.0,784,16797,-0.0,162057.094,-114818.039,-0.0,0.133,6.909358625270745e+28,30.0,65.0,35,0.0,0.0,0.0,0.0,0.0,0.0,0.0,0.0,0.0,0.0,0.0,0.0,0.0,0.0,0.0,0.0,69.2,0,150,71,54,65476,0,300,0,1,8,20529,65476,0,0,40632,65.0,0.0,0.0,0.0,0.0,0.0
2026-09-04T20:41:11,ERR,ERR,ERR,ERR,ERR,ERR,ERR,ERR,ERR,ERR,ERR,ERR,ERR,ERR,ERR,ERR,ERR,ERR,ERR,ERR,ERR,ERR,ERR,ERR,ERR,ERR,ERR,ERR,ERR,ERR,ERR,ERR,ERR,ERR,ERR,ERR,ERR,ERR,ERR,ERR,ERR,ERR,ERR,ERR,ERR,ERR,ERR,ERR,ERR,ERR,ERR,ERR,ERR,ERR,ERR,ERR,ERR,ERR,ERR,ERR,ERR,ERR,ERR,ERR,ERR,ERR,ERR,ERR,ERR,ERR,ERR,ERR,ERR,ERR,ERR,ERR,ERR,ERR,ERR,ERR,ERR,ERR,ERR,ERR,ERR,ERR,ERR,ERR,ERR,ERR,ERR,ERR,ERR,ERR,ERR,ERR,ERR,ERR,ERR,ERR,ERR,ERR,ERR,ERR,ERR,ERR,ERR,ERR,ERR,ERR,ERR,ERR,ERR,ERR,ERR,ERR,ERR,ERR,ERR,ERR,ERR,ERR,ERR,ERR,ERR,0.0,0.0,0.0,0.0,0.0,1.3936040501711995e+18,7.805,0.0,0,0,4,0,7116,0.0,100,0.0,0.0,0.0,0.0,0.0,0,0,0,0,0.0,0,0,0,0,0,0,0,0,0,0,0,0,0,0,0,0,0,0,0,0,0,0,0,0,0,0,0,0,0,0,0,0,0,31,40,40,71,65476,0,300,0,0,8,21553,0.0,-107605600.0,0.0,0.0,0.0,0.0,0.0,0.0,0.0,0.0,0.0,0.0,0.0,0.0,0.0,0.0,0.0,0.0,0.0,0.0,0.0,0.0,-2.004,2.004,-0.0,-2.004,0.0,0.0,0.0,0.0,6275.0,0.0,6943.0,0.0,0.0,2.7184303811560617e+23,0.0,0.0,0.0,0.0,0.0,69,-89221.164,-152018119294976.0,0.0,0.0,0.0,0.0,0.0,0.0,0.0,0,0,0,0.0,0.0,0.0,0.0,0.0,0.0,0.0,0.0,0.0,0.0,0.0,0.0,0.0,0.0,0.0,0.0,0,-107875648.0,69,0.0,138,0.0,0.0,0,13107,17040,13107,17049,13107,17043,0,0,0,70,68,100,2.7302359370752657e+23,71.1,0.0,74.2,2.7302370179391762e+23,74.0,1,49,50,180,0,52429,0,0,0.0,0.0,0.0,0.0,-0.0,67.0,0.0,162057.094,0.0,750,0,739,0,0,0,721,0,766,0,736,0,742,0,741,0,712,0,7520,0.032,78920024064.0,0.0,0.0,784,16797,-0.0,162057.094,-114818.039,-0.0,0.133,6.909358625270745e+28,30.0,65.0,35,0.0,0.0,0.0,0.0,0.0,0.0,0.0,0.0,0.0,0.0,0.0,0.0,0.0,0.0,0.0,0.0,69.2,0,150,71,54,65476,0,300,0,1,8,20529,65476,0,0,40632,65.0,0.0,0.0,0.0,0.0,0.0
2026-09-04T20:41:12,ERR,ERR,ERR,ERR,ERR,ERR,ERR,ERR,ERR,ERR,ERR,ERR,ERR,ERR,ERR,ERR,ERR,ERR,ERR,ERR,ERR,ERR,ERR,ERR,ERR,ERR,ERR,ERR,ERR,ERR,ERR,ERR,ERR,ERR,ERR,ERR,ERR,ERR,ERR,ERR,ERR,ERR,ERR,ERR,ERR,ERR,ERR,ERR,ERR,ERR,ERR,ERR,ERR,ERR,ERR,ERR,ERR,ERR,ERR,ERR,ERR,ERR,ERR,ERR,ERR,ERR,ERR,ERR,ERR,ERR,ERR,ERR,ERR,ERR,ERR,ERR,ERR,ERR,ERR,ERR,ERR,ERR,ERR,ERR,ERR,ERR,ERR,ERR,ERR,ERR,ERR,ERR,ERR,ERR,ERR,ERR,ERR,ERR,ERR,ERR,ERR,ERR,ERR,ERR,ERR,ERR,ERR,ERR,ERR,ERR,ERR,ERR,ERR,ERR,ERR,ERR,ERR,ERR,ERR,ERR,ERR,ERR,ERR,ERR,ERR,0.0,0.0,0.0,0.0,0.0,1.3936040501711995e+18,7.805,0.0,0,0,4,0,7116,0.0,100,0.0,0.0,0.0,0.0,0.0,0,0,0,0,0.0,0,0,0,0,0,0,0,0,0,0,0,0,0,0,0,0,0,0,0,0,0,0,0,0,0,0,0,0,0,0,0,0,0,31,40,40,71,65476,0,300,0,0,8,21553,0.0,-107605600.0,0.0,0.0,0.0,0.0,0.0,0.0,0.0,0.0,0.0,0.0,0.0,0.0,0.0,0.0,0.0,0.0,0.0,0.0,0.0,0.0,-2.004,2.004,-0.0,-2.004,0.0,0.0,0.0,0.0,6275.0,0.0,6943.0,0.0,0.0,2.7184303811560617e+23,0.0,0.0,0.0,0.0,0.0,69,-89221.164,-152018119294976.0,0.0,0.0,0.0,0.0,0.0,0.0,0.0,0,0,0,0.0,0.0,0.0,0.0,0.0,0.0,0.0,0.0,0.0,0.0,0.0,0.0,0.0,0.0,0.0,0.0,0,-107875648.0,69,0.0,138,0.0,0.0,0,13107,17040,13107,17049,13107,17043,0,0,0,70,68,100,2.7302359370752657e+23,71.1,0.0,74.2,2.7302370179391762e+23,74.0,1,49,50,180,0,52429,0,0,0.0,0.0,0.0,0.0,-0.0,67.0,0.0,162057.094,0.0,750,0,739,0,0,0,721,0,766,0,736,0,742,0,741,0,712,0,7520,0.032,78920024064.0,0.0,0.0,784,16797,-0.0,162057.094,-114818.039,-0.0,0.133,6.909358625270745e+28,30.0,65.0,35,0.0,0.0,0.0,0.0,0.0,0.0,0.0,0.0,0.0,0.0,0.0,0.0,0.0,0.0,0.0,0.0,69.2,0,150,71,54,65476,0,300,0,1,8,20529,65476,0,0,40632,65.0,0.0,0.0,0.0,0.0,0.0
2026-09-04T20:41:13,ERR,ERR,ERR,ERR,ERR,ERR,ERR,ERR,ERR,ERR,ERR,ERR,ERR,ERR,ERR,ERR,ERR,ERR,ERR,ERR,ERR,ERR,ERR,ERR,ERR,ERR,ERR,ERR,ERR,ERR,ERR,ERR,ERR,ERR,ERR,ERR,ERR,ERR,ERR,ERR,ERR,ERR,ERR,ERR,ERR,ERR,ERR,ERR,ERR,ERR,ERR,ERR,ERR,ERR,ERR,ERR,ERR,ERR,ERR,ERR,ERR,ERR,ERR,ERR,ERR,ERR,ERR,ERR,ERR,ERR,ERR,ERR,ERR,ERR,ERR,ERR,ERR,ERR,ERR,ERR,ERR,ERR,ERR,ERR,ERR,ERR,ERR,ERR,ERR,ERR,ERR,ERR,ERR,ERR,ERR,ERR,ERR,ERR,ERR,ERR,ERR,ERR,ERR,ERR,ERR,ERR,ERR,ERR,ERR,ERR,ERR,ERR,ERR,ERR,ERR,ERR,ERR,ERR,ERR,ERR,ERR,ERR,ERR,ERR,ERR,0.0,0.0,0.0,0.0,0.0,1.3936040501711995e+18,7.805,0.0,0,0,4,0,7116,0.0,100,0.0,0.0,0.0,0.0,0.0,0,0,0,0,0.0,0,0,0,0,0,0,0,0,0,0,0,0,0,0,0,0,0,0,0,0,0,0,0,0,0,0,0,0,0,0,0,0,0,31,40,40,71,65476,0,300,0,0,8,21553,0.0,-107605600.0,0.0,0.0,0.0,0.0,0.0,0.0,0.0,0.0,0.0,0.0,0.0,0.0,0.0,0.0,0.0,0.0,0.0,0.0,0.0,0.0,-2.004,-0.0,-0.0,-2.004,0.0,0.0,0.0,0.0,6245.0,-0.0,6930.0,0.0,0.0,2.7184303811560617e+23,0.0,0.0,0.0,0.0,0.0,69,-1.9056991512664474e+17,126840946688.0,0.0,0.0,0.0,0.0,0.0,0.0,0.0,0,0,0,0.0,0.0,0.0,0.0,0.0,0.0,0.0,0.0,0.0,0.0,0.0,0.0,0.0,0.0,0.0,0.0,0,-107875648.0,69,0.0,138,0.0,0.0,0,13107,17040,13107,17049,13107,17043,0,0,0,70,68,100,2.7302359370752657e+23,71.1,0.0,74.2,2.7302370179391762e+23,74.0,1,49,50,180,0,52429,0,0,0.0,0.0,0.0,0.0,-0.0,67.0,0.0,162057.094,0.0,750,0,739,0,0,0,721,0,766,0,736,0,742,0,741,0,712,0,7520,0.032,78920024064.0,0.0,0.0,784,16797,-0.0,162057.094,-114818.039,-0.0,0.133,6.909358625270745e+28,30.0,65.0,35,0.0,0.0,0.0,0.0,0.0,0.0,0.0,0.0,0.0,0.0,0.0,0.0,0.0,0.0,0.0,0.0,69.6,0,150,71,54,65476,0,300,0,1,8,20529,65476,0,0,40632,65.0,0.0,0.0,0.0,0.0,0.0
2026-09-04T20:41:14,ERR,ERR,ERR,ERR,ERR,ERR,ERR,ERR,ERR,ERR,ERR,ERR,ERR,ERR,ERR,ERR,ERR,ERR,ERR,ERR,ERR,ERR,ERR,ERR,ERR,ERR,ERR,ERR,ERR,ERR,ERR,ERR,ERR,ERR,ERR,ERR,ERR,ERR,ERR,ERR,ERR,ERR,ERR,ERR,ERR,ERR,ERR,ERR,ERR,ERR,ERR,ERR,ERR,ERR,ERR,ERR,ERR,ERR,ERR,ERR,ERR,ERR,ERR,ERR,ERR,ERR,ERR,ERR,ERR,ERR,ERR,ERR,ERR,ERR,ERR,ERR,ERR,ERR,ERR,ERR,ERR,ERR,ERR,ERR,ERR,ERR,ERR,ERR,ERR,ERR,ERR,ERR,ERR,ERR,ERR,ERR,ERR,ERR,ERR,ERR,ERR,ERR,ERR,ERR,ERR,ERR,ERR,ERR,ERR,ERR,ERR,ERR,ERR,ERR,ERR,ERR,ERR,ERR,ERR,ERR,ERR,ERR,ERR,ERR,ERR,0.0,0.0,0.0,0.0,0.0,1.3936040501711995e+18,7.805,0.0,0,0,4,0,7116,0.0,100,0.0,0.0,0.0,0.0,0.0,0,0,0,0,0.0,0,0,0,0,0,0,0,0,0,0,0,0,0,0,0,0,0,0,0,0,0,0,0,0,0,0,0,0,0,0,0,0,0,31,40,40,71,65476,0,300,0,0,8,21553,0.0,-107605600.0,0.0,0.0,0.0,0.0,0.0,0.0,0.0,0.0,0.0,0.0,0.0,0.0,0.0,0.0,0.0,0.0,0.0,0.0,0.0,0.0,-2.004,-0.0,-0.0,-2.004,0.0,0.0,0.0,0.0,6245.0,-0.0,6930.0,0.0,0.0,2.7184303811560617e+23,0.0,0.0,0.0,0.0,0.0,69,-1.9056991512664474e+17,126840946688.0,0.0,0.0,0.0,0.0,0.0,0.0,0.0,0,0,0,0.0,0.0,0.0,0.0,0.0,0.0,0.0,0.0,0.0,0.0,0.0,0.0,0.0,0.0,0.0,0.0,0,-107875648.0,69,0.0,138,0.0,0.0,0,13107,17040,13107,17049,13107,17043,0,0,0,70,68,100,2.7302359370752657e+23,71.1,0.0,74.2,2.7302370179391762e+23,74.0,1,49,50,180,0,52429,0,0,0.0,0.0,0.0,0.0,-0.0,67.0,0.0,162057.094,0.0,750,0,739,0,0,0,721,0,766,0,736,0,742,0,741,0,712,0,7520,0.032,78920024064.0,0.0,0.0,784,16797,-0.0,162057.094,-114818.039,-0.0,0.133,6.909358625270745e+28,30.0,65.0,35,0.0,0.0,0.0,0.0,0.0,0.0,0.0,0.0,0.0,0.0,0.0,0.0,0.0,0.0,0.0,0.0,69.6,0,150,71,54,65476,0,300,0,1,8,20529,65476,0,0,40632,65.0,0.0,0.0,0.0,0.0,0.0
2026-09-04T20:41:15,ERR,ERR,ERR,ERR,ERR,ERR,ERR,ERR,ERR,ERR,ERR,ERR,ERR,ERR,ERR,ERR,ERR,ERR,ERR,ERR,ERR,ERR,ERR,ERR,ERR,ERR,ERR,ERR,ERR,ERR,ERR,ERR,ERR,ERR,ERR,ERR,ERR,ERR,ERR,ERR,ERR,ERR,ERR,ERR,ERR,ERR,ERR,ERR,ERR,ERR,ERR,ERR,ERR,ERR,ERR,ERR,ERR,ERR,ERR,ERR,ERR,ERR,ERR,ERR,ERR,ERR,ERR,ERR,ERR,ERR,ERR,ERR,ERR,ERR,ERR,ERR,ERR,ERR,ERR,ERR,ERR,ERR,ERR,ERR,ERR,ERR,ERR,ERR,ERR,ERR,ERR,ERR,ERR,ERR,ERR,ERR,ERR,ERR,ERR,ERR,ERR,ERR,ERR,ERR,ERR,ERR,ERR,ERR,ERR,ERR,ERR,ERR,ERR,ERR,ERR,ERR,ERR,ERR,ERR,ERR,ERR,ERR,ERR,ERR,ERR,0.0,0.0,0.0,0.0,0.0,1.3936040501711995e+18,7.805,0.0,0,0,4,0,7116,0.0,100,0.0,0.0,0.0,0.0,0.0,0,0,0,0,0.0,0,0,0,0,0,0,0,0,0,0,0,0,0,0,0,0,0,0,0,0,0,0,0,0,0,0,0,0,0,0,0,0,0,31,40,40,71,65476,0,300,0,0,8,21553,0.0,-107605600.0,0.0,0.0,0.0,0.0,0.0,0.0,0.0,0.0,0.0,0.0,0.0,0.0,0.0,0.0,0.0,0.0,0.0,0.0,0.0,0.0,-2.004,-0.0,-0.0,-2.004,0.0,0.0,0.0,0.0,6245.0,-0.0,6930.0,0.0,0.0,2.7184303811560617e+23,0.0,0.0,0.0,0.0,0.0,69,-1.9056991512664474e+17,126840946688.0,0.0,0.0,0.0,0.0,0.0,0.0,0.0,0,0,0,0.0,0.0,0.0,0.0,0.0,0.0,0.0,0.0,0.0,0.0,0.0,0.0,0.0,0.0,0.0,0.0,0,-107875648.0,69,0.0,138,0.0,0.0,0,13107,17040,13107,17049,13107,17043,0,0,0,70,68,100,2.7302359370752657e+23,71.1,0.0,74.2,2.7302370179391762e+23,74.0,1,49,50,180,0,52429,0,0,0.0,0.0,0.0,0.0,-0.0,67.0,0.0,162057.094,0.0,750,0,739,0,0,0,721,0,766,0,736,0,742,0,741,0,712,0,7520,0.032,79456894976.0,0.0,0.0,784,16797,-0.0,162057.094,-114818.039,-0.0,0.133,6.909358625270745e+28,30.0,65.0,35,0.0,0.0,0.0,0.0,0.0,0.0,0.0,0.0,0.0,0.0,0.0,0.0,0.0,0.0,0.0,0.0,69.2,0,150,71,54,65476,0,300,0,1,8,20529,65476,0,0,40632,65.0,0.0,0.0,0.0,0.0,0.0
2026-09-04T20:41:16,ERR,ERR,ERR,ERR,ERR,ERR,ERR,ERR,ERR,ERR,ERR,ERR,ERR,ERR,ERR,ERR,ERR,ERR,ERR,ERR,ERR,ERR,ERR,ERR,ERR,ERR,ERR,ERR,ERR,ERR,ERR,ERR,ERR,ERR,ERR,ERR,ERR,ERR,ERR,ERR,ERR,ERR,ERR,ERR,ERR,ERR,ERR,ERR,ERR,ERR,ERR,ERR,ERR,ERR,ERR,ERR,ERR,ERR,ERR,ERR,ERR,ERR,ERR,ERR,ERR,ERR,ERR,ERR,ERR,ERR,ERR,ERR,ERR,ERR,ERR,ERR,ERR,ERR,ERR,ERR,ERR,ERR,ERR,ERR,ERR,ERR,ERR,ERR,ERR,ERR,ERR,ERR,ERR,ERR,ERR,ERR,ERR,ERR,ERR,ERR,ERR,ERR,ERR,ERR,ERR,ERR,ERR,ERR,ERR,ERR,ERR,ERR,ERR,ERR,ERR,ERR,ERR,ERR,ERR,ERR,ERR,ERR,ERR,ERR,ERR,0.0,0.0,0.0,0.0,0.0,1.3936040501711995e+18,7.805,0.0,0,0,4,0,7116,0.0,100,0.0,0.0,0.0,0.0,0.0,0,0,0,0,0.0,0,0,0,0,0,0,0,0,0,0,0,0,0,0,0,0,0,0,0,0,0,0,0,0,0,0,0,0,0,0,0,0,0,31,40,40,71,65476,0,300,0,0,8,21553,0.0,-107605600.0,0.0,0.0,0.0,0.0,0.0,0.0,0.0,0.0,0.0,0.0,0.0,0.0,0.0,0.0,0.0,0.0,0.0,0.0,0.0,0.0,-2.004,-0.0,-0.0,-2.004,0.0,0.0,0.0,0.0,6245.0,-0.0,6930.0,0.0,0.0,2.7184303811560617e+23,0.0,0.0,0.0,0.0,0.0,69,-1.9056991512664474e+17,126840946688.0,0.0,0.0,0.0,0.0,0.0,0.0,0.0,0,0,0,0.0,0.0,0.0,0.0,0.0,0.0,0.0,0.0,0.0,0.0,0.0,0.0,0.0,0.0,0.0,0.0,0,-107875648.0,69,0.0,138,0.0,0.0,0,13107,17040,13107,17049,13107,17043,0,0,0,70,68,100,2.7302359370752657e+23,71.1,0.0,74.2,2.7302370179391762e+23,74.0,1,49,50,180,0,52429,0,0,0.0,0.0,0.0,0.0,-0.0,67.0,0.0,162057.094,0.0,750,0,739,0,0,0,721,0,766,0,736,0,742,0,741,0,712,0,7520,0.032,79456894976.0,0.0,0.0,784,16797,-0.0,162057.094,-114818.039,-0.0,0.133,6.909358625270745e+28,30.0,65.0,35,0.0,0.0,0.0,0.0,0.0,0.0,0.0,0.0,0.0,0.0,0.0,0.0,0.0,0.0,0.0,0.0,69.2,0,150,71,54,65476,0,300,0,1,8,20529,65476,0,0,40632,65.0,0.0,0.0,0.0,0.0,0.0
2026-09-04T20:41:17,ERR,ERR,ERR,ERR,ERR,ERR,ERR,ERR,ERR,ERR,ERR,ERR,ERR,ERR,ERR,ERR,ERR,ERR,ERR,ERR,ERR,ERR,ERR,ERR,ERR,ERR,ERR,ERR,ERR,ERR,ERR,ERR,ERR,ERR,ERR,ERR,ERR,ERR,ERR,ERR,ERR,ERR,ERR,ERR,ERR,ERR,ERR,ERR,ERR,ERR,ERR,ERR,ERR,ERR,ERR,ERR,ERR,ERR,ERR,ERR,ERR,ERR,ERR,ERR,ERR,ERR,ERR,ERR,ERR,ERR,ERR,ERR,ERR,ERR,ERR,ERR,ERR,ERR,ERR,ERR,ERR,ERR,ERR,ERR,ERR,ERR,ERR,ERR,ERR,ERR,ERR,ERR,ERR,ERR,ERR,ERR,ERR,ERR,ERR,ERR,ERR,ERR,ERR,ERR,ERR,ERR,ERR,ERR,ERR,ERR,ERR,ERR,ERR,ERR,ERR,ERR,ERR,ERR,ERR,ERR,ERR,ERR,ERR,ERR,ERR,0.0,0.0,0.0,0.0,0.0,1.3936040501711995e+18,7.805,0.0,0,0,4,0,7116,0.0,100,0.0,0.0,0.0,0.0,0.0,0,0,0,0,0.0,0,0,0,0,0,0,0,0,0,0,0,0,0,0,0,0,0,0,0,0,0,0,0,0,0,0,0,0,0,0,0,0,0,31,40,40,71,65476,0,300,0,0,8,21553,0.0,-107605600.0,0.0,0.0,0.0,0.0,0.0,0.0,0.0,0.0,0.0,0.0,0.0,0.0,0.0,0.0,0.0,0.0,0.0,0.0,0.0,0.0,-2.004,-0.0,-0.0,-2.004,0.0,0.0,0.0,0.0,6245.0,-0.0,6930.0,0.0,0.0,2.7184303811560617e+23,0.0,0.0,0.0,0.0,0.0,69,-1.9056991512664474e+17,126840946688.0,0.0,0.0,0.0,0.0,0.0,0.0,0.0,0,0,0,0.0,0.0,0.0,0.0,0.0,0.0,0.0,0.0,0.0,0.0,0.0,0.0,0.0,0.0,0.0,0.0,0,-107875648.0,69,0.0,138,0.0,0.0,0,13107,17040,13107,17049,13107,17043,0,0,0,70,68,100,2.7302359370752657e+23,71.1,0.0,74.2,2.7302370179391762e+23,74.0,1,49,50,180,0,52429,0,0,0.0,0.0,0.0,0.0,-0.0,67.0,0.0,162057.094,0.0,750,0,739,0,0,0,721,0,766,0,736,0,742,0,741,0,712,0,7520,0.032,79456894976.0,0.0,0.0,784,16797,-0.0,162057.094,-114818.039,-0.0,0.133,6.909358625270745e+28,30.0,65.0,35,0.0,0.0,0.0,0.0,0.0,0.0,0.0,0.0,0.0,0.0,0.0,0.0,0.0,0.0,0.0,0.0,69.2,0,150,71,54,65476,0,300,0,1,8,20529,65476,0,0,40632,65.0,0.0,0.0,0.0,0.0,0.0
2026-09-04T20:41:18,ERR,ERR,ERR,ERR,ERR,ERR,ERR,ERR,ERR,ERR,ERR,ERR,ERR,ERR,ERR,ERR,ERR,ERR,ERR,ERR,ERR,ERR,ERR,ERR,ERR,ERR,ERR,ERR,ERR,ERR,ERR,ERR,ERR,ERR,ERR,ERR,ERR,ERR,ERR,ERR,ERR,ERR,ERR,ERR,ERR,ERR,ERR,ERR,ERR,ERR,ERR,ERR,ERR,ERR,ERR,ERR,ERR,ERR,ERR,ERR,ERR,ERR,ERR,ERR,ERR,ERR,ERR,ERR,ERR,ERR,ERR,ERR,ERR,ERR,ERR,ERR,ERR,ERR,ERR,ERR,ERR,ERR,ERR,ERR,ERR,ERR,ERR,ERR,ERR,ERR,ERR,ERR,ERR,ERR,ERR,ERR,ERR,ERR,ERR,ERR,ERR,ERR,ERR,ERR,ERR,ERR,ERR,ERR,ERR,ERR,ERR,ERR,ERR,ERR,ERR,ERR,ERR,ERR,ERR,ERR,ERR,ERR,ERR,ERR,ERR,0.0,0.0,0.0,0.0,0.0,1.3936040501711995e+18,7.805,0.0,0,0,4,0,7116,0.0,100,0.0,0.0,0.0,0.0,0.0,0,0,0,0,0.0,0,0,0,0,0,0,0,0,0,0,0,0,0,0,0,0,0,0,0,0,0,0,0,0,0,0,0,0,0,0,0,0,0,31,40,40,71,65476,0,300,0,0,8,21553,0.0,-107605600.0,0.0,0.0,0.0,0.0,0.0,0.0,0.0,0.0,0.0,0.0,0.0,0.0,0.0,0.0,0.0,0.0,0.0,0.0,0.0,0.0,-2.004,-0.0,-0.0,-2.004,0.0,0.0,0.0,0.0,6245.0,-0.0,6930.0,0.0,0.0,2.7184303811560617e+23,0.0,0.0,0.0,0.0,0.0,69,-1.9056991512664474e+17,126840946688.0,0.0,0.0,0.0,0.0,0.0,0.0,0.0,0,0,0,0.0,0.0,0.0,0.0,0.0,0.0,0.0,0.0,0.0,0.0,0.0,0.0,0.0,0.0,0.0,0.0,0,-107875648.0,69,0.0,138,0.0,0.0,0,13107,17040,13107,17049,13107,17043,0,0,0,70,68,100,2.7302359370752657e+23,71.1,0.0,74.2,2.7302370179391762e+23,74.0,1,49,50,180,0,52429,0,0,0.0,0.0,0.0,0.0,-0.0,67.0,0.0,162057.094,0.0,750,0,739,0,0,0,721,0,766,0,736,0,742,0,741,0,712,0,7520,0.032,79456894976.0,0.0,0.0,784,16797,-0.0,162057.094,-114818.039,-0.0,0.133,6.909358625270745e+28,30.0,65.0,35,0.0,0.0,0.0,0.0,0.0,0.0,0.0,0.0,0.0,0.0,0.0,0.0,0.0,0.0,0.0,0.0,69.2,0,150,71,54,65476,0,300,0,1,8,20529,65476,0,0,40632,65.0,0.0,0.0,0.0,0.0,0.0
2026-09-04T20:41:19,ERR,ERR,ERR,ERR,ERR,ERR,ERR,ERR,ERR,ERR,ERR,ERR,ERR,ERR,ERR,ERR,ERR,ERR,ERR,ERR,ERR,ERR,ERR,ERR,ERR,ERR,ERR,ERR,ERR,ERR,ERR,ERR,ERR,ERR,ERR,ERR,ERR,ERR,ERR,ERR,ERR,ERR,ERR,ERR,ERR,ERR,ERR,ERR,ERR,ERR,ERR,ERR,ERR,ERR,ERR,ERR,ERR,ERR,ERR,ERR,ERR,ERR,ERR,ERR,ERR,ERR,ERR,ERR,ERR,ERR,ERR,ERR,ERR,ERR,ERR,ERR,ERR,ERR,ERR,ERR,ERR,ERR,ERR,ERR,ERR,ERR,ERR,ERR,ERR,ERR,ERR,ERR,ERR,ERR,ERR,ERR,ERR,ERR,ERR,ERR,ERR,ERR,ERR,ERR,ERR,ERR,ERR,ERR,ERR,ERR,ERR,ERR,ERR,ERR,ERR,ERR,ERR,ERR,ERR,ERR,ERR,ERR,ERR,ERR,ERR,0.0,0.0,0.0,0.0,0.0,1.3936040501711995e+18,7.805,0.0,0,0,4,0,7116,0.0,100,0.0,0.0,0.0,0.0,0.0,0,0,0,0,0.0,0,0,0,0,0,0,0,0,0,0,0,0,0,0,0,0,0,0,0,0,0,0,0,0,0,0,0,0,0,0,0,0,0,31,40,40,71,65476,0,300,0,0,8,21553,0.0,-107605600.0,0.0,0.0,0.0,0.0,0.0,0.0,0.0,0.0,0.0,0.0,0.0,0.0,0.0,0.0,0.0,0.0,0.0,0.0,0.0,0.0,-2.004,-0.0,-0.0,-2.004,0.0,0.0,0.0,0.0,6245.0,-0.0,6930.0,0.0,0.0,2.7184303811560617e+23,0.0,0.0,0.0,0.0,0.0,69,-1.9056991512664474e+17,126840946688.0,0.0,0.0,0.0,0.0,0.0,0.0,0.0,0,0,0,0.0,0.0,0.0,0.0,0.0,0.0,0.0,0.0,0.0,0.0,0.0,0.0,0.0,0.0,0.0,0.0,0,-107875648.0,69,0.0,138,0.0,0.0,0,13107,17040,13107,17049,13107,17043,0,0,0,70,68,100,2.7302359370752657e+23,71.1,0.0,74.2,2.7302370179391762e+23,74.0,1,49,50,180,0,52429,0,0,0.0,0.0,0.0,0.0,-0.0,67.0,0.0,162057.094,0.0,750,0,739,0,0,0,721,0,766,0,736,0,742,0,741,0,712,0,7520,0.032,79456894976.0,0.0,0.0,784,16797,-0.0,162057.094,-114818.039,-0.0,0.133,6.909358625270745e+28,30.0,65.0,35,0.0,0.0,0.0,0.0,0.0,0.0,0.0,0.0,0.0,0.0,0.0,0.0,0.0,0.0,0.0,0.0,69.2,0,150,71,54,65476,0,300,0,1,8,20529,65476,0,0,40632,65.0,0.0,0.0,0.0,0.0,0.0
2026-09-04T20:41:20,ERR,ERR,ERR,ERR,ERR,ERR,ERR,ERR,ERR,ERR,ERR,ERR,ERR,ERR,ERR,ERR,ERR,ERR,ERR,ERR,ERR,ERR,ERR,ERR,ERR,ERR,ERR,ERR,ERR,ERR,ERR,ERR,ERR,ERR,ERR,ERR,ERR,ERR,ERR,ERR,ERR,ERR,ERR,ERR,ERR,ERR,ERR,ERR,ERR,ERR,ERR,ERR,ERR,ERR,ERR,ERR,ERR,ERR,ERR,ERR,ERR,ERR,ERR,ERR,ERR,ERR,ERR,ERR,ERR,ERR,ERR,ERR,ERR,ERR,ERR,ERR,ERR,ERR,ERR,ERR,ERR,ERR,ERR,ERR,ERR,ERR,ERR,ERR,ERR,ERR,ERR,ERR,ERR,ERR,ERR,ERR,ERR,ERR,ERR,ERR,ERR,ERR,ERR,ERR,ERR,ERR,ERR,ERR,ERR,ERR,ERR,ERR,ERR,ERR,ERR,ERR,ERR,ERR,ERR,ERR,ERR,ERR,ERR,ERR,ERR,0.0,0.0,0.0,0.0,0.0,1.3936040501711995e+18,7.805,0.0,0,0,4,0,7116,0.0,100,0.0,0.0,0.0,0.0,0.0,0,0,0,0,0.0,0,0,0,0,0,0,0,0,0,0,0,0,0,0,0,0,0,0,0,0,0,0,0,0,0,0,0,0,0,0,0,0,0,31,40,40,71,65476,0,300,0,0,8,21553,0.0,-107605600.0,0.0,0.0,0.0,0.0,0.0,0.0,0.0,0.0,0.0,0.0,0.0,0.0,0.0,0.0,0.0,0.0,0.0,0.0,0.0,0.0,-2.004,2.004,-0.0,-2.004,0.0,0.0,0.0,0.0,6241.0,-0.0,6932.0,0.0,0.0,2.7184303811560617e+23,0.0,0.0,0.0,0.0,0.0,69,-1.9056991512664474e+17,89220.953,0.0,0.0,0.0,0.0,0.0,0.0,0.0,0,0,0,0.0,0.0,0.0,0.0,0.0,0.0,0.0,0.0,0.0,0.0,0.0,0.0,0.0,0.0,0.0,0.0,0,-107875648.0,69,0.0,138,0.0,0.0,0,13107,17040,13107,17049,13107,17043,0,0,0,70,68,100,2.7302359370752657e+23,71.1,0.0,74.2,2.7302370179391762e+23,74.0,1,49,50,180,0,52429,0,0,0.0,0.0,0.0,0.0,-0.0,67.0,0.0,162057.094,0.0,750,0,739,0,0,0,721,0,766,0,736,0,742,0,741,0,712,0,7520,0.032,79456894976.0,0.0,0.0,784,16797,-0.0,162057.094,-114818.039,-0.0,0.133,6.909358625270745e+28,30.0,65.0,35,0.0,0.0,0.0,0.0,0.0,0.0,0.0,0.0,0.0,0.0,0.0,0.0,0.0,0.0,0.0,0.0,69.2,0,150,71,54,65476,0,300,0,1,8,20529,65476,0,0,40632,65.0,0.0,0.0,0.0,0.0,0.0
2026-09-04T20:41:21,ERR,ERR,ERR,ERR,ERR,ERR,ERR,ERR,ERR,ERR,ERR,ERR,ERR,ERR,ERR,ERR,ERR,ERR,ERR,ERR,ERR,ERR,ERR,ERR,ERR,ERR,ERR,ERR,ERR,ERR,ERR,ERR,ERR,ERR,ERR,ERR,ERR,ERR,ERR,ERR,ERR,ERR,ERR,ERR,ERR,ERR,ERR,ERR,ERR,ERR,ERR,ERR,ERR,ERR,ERR,ERR,ERR,ERR,ERR,ERR,ERR,ERR,ERR,ERR,ERR,ERR,ERR,ERR,ERR,ERR,ERR,ERR,ERR,ERR,ERR,ERR,ERR,ERR,ERR,ERR,ERR,ERR,ERR,ERR,ERR,ERR,ERR,ERR,ERR,ERR,ERR,ERR,ERR,ERR,ERR,ERR,ERR,ERR,ERR,ERR,ERR,ERR,ERR,ERR,ERR,ERR,ERR,ERR,ERR,ERR,ERR,ERR,ERR,ERR,ERR,ERR,ERR,ERR,ERR,ERR,ERR,ERR,ERR,ERR,ERR,0.0,0.0,0.0,0.0,0.0,1.3936040501711995e+18,7.805,0.0,0,0,4,0,7116,0.0,100,0.0,0.0,0.0,0.0,0.0,0,0,0,0,0.0,0,0,0,0,0,0,0,0,0,0,0,0,0,0,0,0,0,0,0,0,0,0,0,0,0,0,0,0,0,0,0,0,0,31,40,40,71,65476,0,300,0,0,8,21553,0.0,-107605600.0,0.0,0.0,0.0,0.0,0.0,0.0,0.0,0.0,0.0,0.0,0.0,0.0,0.0,0.0,0.0,0.0,0.0,0.0,0.0,0.0,-2.004,2.004,-0.0,-2.004,0.0,0.0,0.0,0.0,6241.0,-0.0,6932.0,0.0,0.0,2.7184303811560617e+23,0.0,0.0,0.0,0.0,0.0,69,-1.9056991512664474e+17,89220.953,0.0,0.0,0.0,0.0,0.0,0.0,0.0,0,0,0,0.0,0.0,0.0,0.0,0.0,0.0,0.0,0.0,0.0,0.0,0.0,0.0,0.0,0.0,0.0,0.0,0,-107875648.0,69,0.0,138,0.0,0.0,0,13107,17040,13107,17049,13107,17043,0,0,0,70,68,100,2.7302359370752657e+23,71.1,0.0,74.2,2.7302370179391762e+23,74.0,1,49,50,180,0,52429,0,0,0.0,0.0,0.0,0.0,-0.0,67.0,0.0,162057.094,0.0,750,0,739,0,0,0,721,0,766,0,736,0,742,0,741,0,712,0,7520,0.032,79456894976.0,0.0,0.0,784,16797,-0.0,162057.094,-114818.039,-0.0,0.133,6.909358625270745e+28,30.0,65.0,35,0.0,0.0,0.0,0.0,0.0,0.0,0.0,0.0,0.0,0.0,0.0,0.0,0.0,0.0,0.0,0.0,69.2,0,150,71,54,65476,0,300,0,1,8,20529,65476,0,0,40632,65.0,0.0,0.0,0.0,0.0,0.0
2026-09-04T20:41:22,ERR,ERR,ERR,ERR,ERR,ERR,ERR,ERR,ERR,ERR,ERR,ERR,ERR,ERR,ERR,ERR,ERR,ERR,ERR,ERR,ERR,ERR,ERR,ERR,ERR,ERR,ERR,ERR,ERR,ERR,ERR,ERR,ERR,ERR,ERR,ERR,ERR,ERR,ERR,ERR,ERR,ERR,ERR,ERR,ERR,ERR,ERR,ERR,ERR,ERR,ERR,ERR,ERR,ERR,ERR,ERR,ERR,ERR,ERR,ERR,ERR,ERR,ERR,ERR,ERR,ERR,ERR,ERR,ERR,ERR,ERR,ERR,ERR,ERR,ERR,ERR,ERR,ERR,ERR,ERR,ERR,ERR,ERR,ERR,ERR,ERR,ERR,ERR,ERR,ERR,ERR,ERR,ERR,ERR,ERR,ERR,ERR,ERR,ERR,ERR,ERR,ERR,ERR,ERR,ERR,ERR,ERR,ERR,ERR,ERR,ERR,ERR,ERR,ERR,ERR,ERR,ERR,ERR,ERR,ERR,ERR,ERR,ERR,ERR,ERR,0.0,0.0,0.0,0.0,0.0,1.3936040501711995e+18,7.805,0.0,0,0,4,0,7116,0.0,100,0.0,0.0,0.0,0.0,0.0,0,0,0,0,0.0,0,0,0,0,0,0,0,0,0,0,0,0,0,0,0,0,0,0,0,0,0,0,0,0,0,0,0,0,0,0,0,0,0,31,40,40,71,65476,0,300,0,0,8,21553,0.0,-107605600.0,0.0,0.0,0.0,0.0,0.0,0.0,0.0,0.0,0.0,0.0,0.0,0.0,0.0,0.0,0.0,0.0,0.0,0.0,0.0,0.0,-2.004,2.004,-0.0,-2.004,0.0,0.0,0.0,0.0,6241.0,-0.0,6932.0,0.0,0.0,2.7184303811560617e+23,0.0,0.0,0.0,0.0,0.0,69,-1.9056991512664474e+17,89220.953,0.0,0.0,0.0,0.0,0.0,0.0,0.0,0,0,0,0.0,0.0,0.0,0.0,0.0,0.0,0.0,0.0,0.0,0.0,0.0,0.0,0.0,0.0,0.0,0.0,0,-107875648.0,69,0.0,138,0.0,0.0,0,13107,17040,13107,17049,13107,17043,0,0,0,70,68,100,2.7302359370752657e+23,71.1,0.0,74.2,2.7302370179391762e+23,74.0,1,49,50,180,0,52429,0,0,0.0,0.0,0.0,0.0,-0.0,67.0,0.0,162057.094,0.0,750,0,739,0,0,0,721,0,766,0,736,0,742,0,741,0,712,0,7520,0.032,79456894976.0,0.0,0.0,784,16797,-0.0,162057.094,-114818.039,-0.0,0.133,6.909358625270745e+28,30.0,65.0,35,0.0,0.0,0.0,0.0,0.0,0.0,0.0,0.0,0.0,0.0,0.0,0.0,0.0,0.0,0.0,0.0,69.2,0,150,71,54,65476,0,300,0,1,8,20529,65476,0,0,40632,65.0,0.0,0.0,0.0,0.0,0.0
2026-09-04T20:41:23,ERR,ERR,ERR,ERR,ERR,ERR,ERR,ERR,ERR,ERR,ERR,ERR,ERR,ERR,ERR,ERR,ERR,ERR,ERR,ERR,ERR,ERR,ERR,ERR,ERR,ERR,ERR,ERR,ERR,ERR,ERR,ERR,ERR,ERR,ERR,ERR,ERR,ERR,ERR,ERR,ERR,ERR,ERR,ERR,ERR,ERR,ERR,ERR,ERR,ERR,ERR,ERR,ERR,ERR,ERR,ERR,ERR,ERR,ERR,ERR,ERR,ERR,ERR,ERR,ERR,ERR,ERR,ERR,ERR,ERR,ERR,ERR,ERR,ERR,ERR,ERR,ERR,ERR,ERR,ERR,ERR,ERR,ERR,ERR,ERR,ERR,ERR,ERR,ERR,ERR,ERR,ERR,ERR,ERR,ERR,ERR,ERR,ERR,ERR,ERR,ERR,ERR,ERR,ERR,ERR,ERR,ERR,ERR,ERR,ERR,ERR,ERR,ERR,ERR,ERR,ERR,ERR,ERR,ERR,ERR,ERR,ERR,ERR,ERR,ERR,0.0,0.0,0.0,0.0,0.0,1.3936040501711995e+18,7.805,0.0,0,0,4,0,7116,0.0,100,0.0,0.0,0.0,0.0,0.0,0,0,0,0,0.0,0,0,0,0,0,0,0,0,0,0,0,0,0,0,0,0,0,0,0,0,0,0,0,0,0,0,0,0,0,0,0,0,0,31,40,40,71,65476,0,300,0,0,8,21553,0.0,-107605600.0,0.0,0.0,0.0,0.0,0.0,0.0,0.0,0.0,0.0,0.0,0.0,0.0,0.0,0.0,0.0,0.0,0.0,0.0,0.0,0.0,-2.004,2.004,-0.0,-2.004,0.0,0.0,0.0,0.0,6241.0,-0.0,6932.0,0.0,0.0,2.7184303811560617e+23,0.0,0.0,0.0,0.0,0.0,69,-1.9056991512664474e+17,89220.953,0.0,0.0,0.0,0.0,0.0,0.0,0.0,0,0,0,0.0,0.0,0.0,0.0,0.0,0.0,0.0,0.0,0.0,0.0,0.0,0.0,0.0,0.0,0.0,0.0,0,-107875648.0,69,0.0,138,0.0,0.0,0,13107,17040,13107,17049,13107,17043,0,0,0,70,68,100,2.7302359370752657e+23,71.1,0.0,74.2,2.7302370179391762e+23,74.0,1,49,50,180,0,52429,0,0,0.0,0.0,0.0,0.0,-0.0,67.0,0.0,162057.094,0.0,750,0,739,0,0,0,721,0,766,0,736,0,742,0,741,0,712,0,7520,0.032,79456894976.0,0.0,0.0,784,16797,-0.0,162057.094,-114818.039,-0.0,0.133,6.909358625270745e+28,30.0,65.0,35,0.0,0.0,0.0,0.0,0.0,0.0,0.0,0.0,0.0,0.0,0.0,0.0,0.0,0.0,0.0,0.0,69.2,0,150,71,54,65476,0,300,0,1,8,20529,65476,0,0,40632,65.0,0.0,0.0,0.0,0.0,0.0
2026-09-04T20:41:24,ERR,ERR,ERR,ERR,ERR,ERR,ERR,ERR,ERR,ERR,ERR,ERR,ERR,ERR,ERR,ERR,ERR,ERR,ERR,ERR,ERR,ERR,ERR,ERR,ERR,ERR,ERR,ERR,ERR,ERR,ERR,ERR,ERR,ERR,ERR,ERR,ERR,ERR,ERR,ERR,ERR,ERR,ERR,ERR,ERR,ERR,ERR,ERR,ERR,ERR,ERR,ERR,ERR,ERR,ERR,ERR,ERR,ERR,ERR,ERR,ERR,ERR,ERR,ERR,ERR,ERR,ERR,ERR,ERR,ERR,ERR,ERR,ERR,ERR,ERR,ERR,ERR,ERR,ERR,ERR,ERR,ERR,ERR,ERR,ERR,ERR,ERR,ERR,ERR,ERR,ERR,ERR,ERR,ERR,ERR,ERR,ERR,ERR,ERR,ERR,ERR,ERR,ERR,ERR,ERR,ERR,ERR,ERR,ERR,ERR,ERR,ERR,ERR,ERR,ERR,ERR,ERR,ERR,ERR,ERR,ERR,ERR,ERR,ERR,ERR,0.0,0.0,0.0,0.0,0.0,1.3936040501711995e+18,7.805,0.0,0,0,4,0,7116,0.0,100,0.0,0.0,0.0,0.0,0.0,0,0,0,0,0.0,0,0,0,0,0,0,0,0,0,0,0,0,0,0,0,0,0,0,0,0,0,0,0,0,0,0,0,0,0,0,0,0,0,31,40,40,71,65476,0,300,0,0,8,21553,0.0,-107605600.0,0.0,0.0,0.0,0.0,0.0,0.0,0.0,0.0,0.0,0.0,0.0,0.0,0.0,0.0,0.0,0.0,0.0,0.0,0.0,0.0,-2.004,2.004,-0.0,-2.004,0.0,0.0,0.0,0.0,6241.0,-0.0,6932.0,0.0,0.0,2.7184303811560617e+23,0.0,0.0,0.0,0.0,0.0,69,-1.9056991512664474e+17,89220.953,0.0,0.0,0.0,0.0,0.0,0.0,0.0,0,0,0,0.0,0.0,0.0,0.0,0.0,0.0,0.0,0.0,0.0,0.0,0.0,0.0,0.0,0.0,0.0,0.0,0,-107875648.0,69,0.0,138,0.0,0.0,0,13107,17040,13107,17049,13107,17043,0,0,0,70,68,100,2.7302359370752657e+23,71.1,0.0,74.2,2.7302370179391762e+23,74.0,1,49,50,180,0,52429,0,0,0.0,0.0,0.0,0.0,-0.0,67.0,0.0,162057.094,0.0,750,0,739,0,0,0,721,0,766,0,736,0,742,0,741,0,712,0,7520,0.032,79456894976.0,0.0,0.0,784,16797,-0.0,162057.094,-114818.039,-0.0,0.133,6.909358625270745e+28,30.0,65.0,35,0.0,0.0,0.0,0.0,0.0,0.0,0.0,0.0,0.0,0.0,0.0,0.0,0.0,0.0,0.0,0.0,69.2,0,150,71,54,65476,0,300,0,1,8,20529,65476,0,0,40632,65.0,0.0,0.0,0.0,0.0,0.0
2026-09-04T20:41:25,ERR,ERR,ERR,ERR,ERR,ERR,ERR,ERR,ERR,ERR,ERR,ERR,ERR,ERR,ERR,ERR,ERR,ERR,ERR,ERR,ERR,ERR,ERR,ERR,ERR,ERR,ERR,ERR,ERR,ERR,ERR,ERR,ERR,ERR,ERR,ERR,ERR,ERR,ERR,ERR,ERR,ERR,ERR,ERR,ERR,ERR,ERR,ERR,ERR,ERR,ERR,ERR,ERR,ERR,ERR,ERR,ERR,ERR,ERR,ERR,ERR,ERR,ERR,ERR,ERR,ERR,ERR,ERR,ERR,ERR,ERR,ERR,ERR,ERR,ERR,ERR,ERR,ERR,ERR,ERR,ERR,ERR,ERR,ERR,ERR,ERR,ERR,ERR,ERR,ERR,ERR,ERR,ERR,ERR,ERR,ERR,ERR,ERR,ERR,ERR,ERR,ERR,ERR,ERR,ERR,ERR,ERR,ERR,ERR,ERR,ERR,ERR,ERR,ERR,ERR,ERR,ERR,ERR,ERR,ERR,ERR,ERR,ERR,ERR,ERR,0.0,0.0,0.0,0.0,0.0,1.3936040501711995e+18,7.805,0.0,0,0,4,0,7116,0.0,100,0.0,0.0,0.0,0.0,0.0,0,0,0,0,0.0,0,0,0,0,0,0,0,0,0,0,0,0,0,0,0,0,0,0,0,0,0,0,0,0,0,0,0,0,0,0,0,0,0,31,40,40,71,65476,0,300,0,0,8,21553,0.0,-107605600.0,0.0,0.0,0.0,0.0,0.0,0.0,0.0,0.0,0.0,0.0,0.0,0.0,0.0,0.0,0.0,0.0,0.0,0.0,0.0,0.0,-2.004,2.004,-0.0,-2.004,0.0,0.0,0.0,0.0,6241.0,-0.0,6932.0,0.0,0.0,2.7184303811560617e+23,0.0,0.0,0.0,0.0,0.0,69,-1.9056991512664474e+17,89220.953,0.0,0.0,0.0,0.0,0.0,0.0,0.0,0,0,0,0.0,0.0,0.0,0.0,0.0,0.0,0.0,0.0,0.0,0.0,0.0,0.0,0.0,0.0,0.0,0.0,0,-107875648.0,69,0.0,138,0.0,0.0,0,13107,17040,13107,17049,13107,17043,0,0,0,70,68,100,2.7302359370752657e+23,71.1,0.0,74.2,2.7302370179391762e+23,74.0,1,49,50,180,0,52429,0,0,0.0,0.0,0.0,0.0,-0.0,67.0,0.0,162057.094,0.0,750,0,739,0,0,0,721,0,766,0,736,0,742,0,741,0,712,0,7520,0.032,79456894976.0,0.0,0.0,784,16797,-0.0,162057.094,-114818.039,-0.0,0.133,6.909358625270745e+28,30.0,65.0,35,0.0,0.0,0.0,0.0,0.0,0.0,0.0,0.0,0.0,0.0,0.0,0.0,0.0,0.0,0.0,0.0,69.6,0,150,71,54,65476,0,300,0,1,8,20529,65476,0,0,40632,65.0,0.0,0.0,0.0,0.0,0.0
2026-09-04T20:41:26,ERR,ERR,ERR,ERR,ERR,ERR,ERR,ERR,ERR,ERR,ERR,ERR,ERR,ERR,ERR,ERR,ERR,ERR,ERR,ERR,ERR,ERR,ERR,ERR,ERR,ERR,ERR,ERR,ERR,ERR,ERR,ERR,ERR,ERR,ERR,ERR,ERR,ERR,ERR,ERR,ERR,ERR,ERR,ERR,ERR,ERR,ERR,ERR,ERR,ERR,ERR,ERR,ERR,ERR,ERR,ERR,ERR,ERR,ERR,ERR,ERR,ERR,ERR,ERR,ERR,ERR,ERR,ERR,ERR,ERR,ERR,ERR,ERR,ERR,ERR,ERR,ERR,ERR,ERR,ERR,ERR,ERR,ERR,ERR,ERR,ERR,ERR,ERR,ERR,ERR,ERR,ERR,ERR,ERR,ERR,ERR,ERR,ERR,ERR,ERR,ERR,ERR,ERR,ERR,ERR,ERR,ERR,ERR,ERR,ERR,ERR,ERR,ERR,ERR,ERR,ERR,ERR,ERR,ERR,ERR,ERR,ERR,ERR,ERR,ERR,0.0,0.0,0.0,0.0,0.0,1.3936040501711995e+18,7.805,0.0,0,0,4,0,7116,0.0,100,0.0,0.0,0.0,0.0,0.0,0,0,0,0,0.0,0,0,0,0,0,0,0,0,0,0,0,0,0,0,0,0,0,0,0,0,0,0,0,0,0,0,0,0,0,0,0,0,0,31,40,40,71,65476,0,300,0,0,8,21553,0.0,-107605600.0,0.0,0.0,0.0,0.0,0.0,0.0,0.0,0.0,0.0,0.0,0.0,0.0,0.0,0.0,0.0,0.0,0.0,0.0,0.0,0.0,-2.004,2.004,-0.0,-2.004,0.0,0.0,0.0,0.0,6241.0,-0.0,6932.0,0.0,0.0,2.7184303811560617e+23,0.0,0.0,0.0,0.0,0.0,69,-1.9056991512664474e+17,89220.953,0.0,0.0,0.0,0.0,0.0,0.0,0.0,0,0,0,0.0,0.0,0.0,0.0,0.0,0.0,0.0,0.0,0.0,0.0,0.0,0.0,0.0,0.0,0.0,0.0,0,-107875648.0,69,0.0,138,0.0,0.0,0,13107,17040,13107,17049,13107,17043,0,0,0,70,68,100,2.7302359370752657e+23,71.1,0.0,74.2,2.7302370179391762e+23,74.0,1,49,50,180,0,52429,0,0,0.0,0.0,0.0,0.0,-0.0,67.0,0.0,162057.094,0.0,750,0,739,0,0,0,721,0,766,0,736,0,742,0,741,0,712,0,7520,0.032,79456894976.0,0.0,0.0,784,16797,-0.0,162057.094,-114818.039,-0.0,0.133,6.909358625270745e+28,30.0,65.0,35,0.0,0.0,0.0,0.0,0.0,0.0,0.0,0.0,0.0,0.0,0.0,0.0,0.0,0.0,0.0,0.0,69.6,0,150,71,54,65476,0,300,0,1,8,20529,65476,0,0,40632,65.0,0.0,0.0,0.0,0.0,0.0
2026-09-04T20:41:27,ERR,ERR,ERR,ERR,ERR,ERR,ERR,ERR,ERR,ERR,ERR,ERR,ERR,ERR,ERR,ERR,ERR,ERR,ERR,ERR,ERR,ERR,ERR,ERR,ERR,ERR,ERR,ERR,ERR,ERR,ERR,ERR,ERR,ERR,ERR,ERR,ERR,ERR,ERR,ERR,ERR,ERR,ERR,ERR,ERR,ERR,ERR,ERR,ERR,ERR,ERR,ERR,ERR,ERR,ERR,ERR,ERR,ERR,ERR,ERR,ERR,ERR,ERR,ERR,ERR,ERR,ERR,ERR,ERR,ERR,ERR,ERR,ERR,ERR,ERR,ERR,ERR,ERR,ERR,ERR,ERR,ERR,ERR,ERR,ERR,ERR,ERR,ERR,ERR,ERR,ERR,ERR,ERR,ERR,ERR,ERR,ERR,ERR,ERR,ERR,ERR,ERR,ERR,ERR,ERR,ERR,ERR,ERR,ERR,ERR,ERR,ERR,ERR,ERR,ERR,ERR,ERR,ERR,ERR,ERR,ERR,ERR,ERR,ERR,ERR,0.0,0.0,0.0,0.0,0.0,1.3936040501711995e+18,7.805,0.0,0,0,4,0,7116,0.0,100,0.0,0.0,0.0,0.0,0.0,0,0,0,0,0.0,0,0,0,0,0,0,0,0,0,0,0,0,0,0,0,0,0,0,0,0,0,0,0,0,0,0,0,0,0,0,0,0,0,31,40,40,71,65476,0,300,0,0,8,21553,0.0,-107605600.0,0.0,0.0,0.0,0.0,0.0,0.0,0.0,0.0,0.0,0.0,0.0,0.0,0.0,0.0,0.0,0.0,0.0,0.0,0.0,0.0,-2.004,2.004,-0.0,-2.004,0.0,0.0,0.0,0.0,6248.0,-0.0,6929.0,0.0,0.0,2.7184303811560617e+23,0.0,0.0,0.0,0.0,0.0,69,-3.222031175229641e+26,89220.953,0.0,0.0,0.0,0.0,0.0,0.0,0.0,0,0,0,0.0,0.0,0.0,0.0,0.0,0.0,0.0,0.0,0.0,0.0,0.0,0.0,0.0,0.0,0.0,0.0,0,-107875648.0,69,0.0,138,0.0,0.0,0,13107,17040,13107,17049,13107,17043,0,0,0,70,68,100,2.7302359370752657e+23,71.1,0.0,74.2,2.7302370179391762e+23,74.0,1,49,50,180,0,52429,0,0,0.0,0.0,0.0,0.0,-0.0,67.0,0.0,162057.094,0.0,750,0,739,0,0,0,721,0,766,0,736,0,742,0,741,0,712,0,7520,0.032,79456894976.0,0.0,0.0,784,16797,-0.0,162057.094,-114818.039,-0.0,0.133,6.909358625270745e+28,30.0,65.0,35,0.0,0.0,0.0,0.0,0.0,0.0,0.0,0.0,0.0,0.0,0.0,0.0,0.0,0.0,0.0,0.0,69.2,0,150,71,54,65476,0,300,0,1,8,20529,65476,0,0,40632,65.0,0.0,0.0,0.0,0.0,0.0
2026-09-04T20:41:28,ERR,ERR,ERR,ERR,ERR,ERR,ERR,ERR,ERR,ERR,ERR,ERR,ERR,ERR,ERR,ERR,ERR,ERR,ERR,ERR,ERR,ERR,ERR,ERR,ERR,ERR,ERR,ERR,ERR,ERR,ERR,ERR,ERR,ERR,ERR,ERR,ERR,ERR,ERR,ERR,ERR,ERR,ERR,ERR,ERR,ERR,ERR,ERR,ERR,ERR,ERR,ERR,ERR,ERR,ERR,ERR,ERR,ERR,ERR,ERR,ERR,ERR,ERR,ERR,ERR,ERR,ERR,ERR,ERR,ERR,ERR,ERR,ERR,ERR,ERR,ERR,ERR,ERR,ERR,ERR,ERR,ERR,ERR,ERR,ERR,ERR,ERR,ERR,ERR,ERR,ERR,ERR,ERR,ERR,ERR,ERR,ERR,ERR,ERR,ERR,ERR,ERR,ERR,ERR,ERR,ERR,ERR,ERR,ERR,ERR,ERR,ERR,ERR,ERR,ERR,ERR,ERR,ERR,ERR,ERR,ERR,ERR,ERR,ERR,ERR,0.0,0.0,0.0,0.0,0.0,1.3936040501711995e+18,7.805,0.0,0,0,4,0,7116,0.0,100,0.0,0.0,0.0,0.0,0.0,0,0,0,0,0.0,0,0,0,0,0,0,0,0,0,0,0,0,0,0,0,0,0,0,0,0,0,0,0,0,0,0,0,0,0,0,0,0,0,31,40,40,71,65476,0,300,0,0,8,21553,0.0,-107605600.0,0.0,0.0,0.0,0.0,0.0,0.0,0.0,0.0,0.0,0.0,0.0,0.0,0.0,0.0,0.0,0.0,0.0,0.0,0.0,0.0,-2.004,2.004,-0.0,-2.004,0.0,0.0,0.0,0.0,6248.0,-0.0,6929.0,0.0,0.0,2.7184303811560617e+23,0.0,0.0,0.0,0.0,0.0,69,-3.222031175229641e+26,89220.953,0.0,0.0,0.0,0.0,0.0,0.0,0.0,0,0,0,0.0,0.0,0.0,0.0,0.0,0.0,0.0,0.0,0.0,0.0,0.0,0.0,0.0,0.0,0.0,0.0,0,-107875648.0,69,0.0,138,0.0,0.0,0,13107,17040,13107,17049,13107,17043,0,0,0,70,68,100,2.7302359370752657e+23,71.1,0.0,74.2,2.7302370179391762e+23,74.0,1,49,50,180,0,52429,0,0,0.0,0.0,0.0,0.0,-0.0,67.0,0.0,162057.094,0.0,750,0,739,0,0,0,721,0,766,0,736,0,742,0,741,0,712,0,7520,0.032,79456894976.0,0.0,0.0,784,16797,-0.0,162057.094,-114818.039,-0.0,0.133,6.909358625270745e+28,30.0,65.0,35,0.0,0.0,0.0,0.0,0.0,0.0,0.0,0.0,0.0,0.0,0.0,0.0,0.0,0.0,0.0,0.0,69.2,0,150,71,54,65476,0,300,0,1,8,20529,65476,0,0,40632,65.0,0.0,0.0,0.0,0.0,0.0
2026-09-04T20:41:29,ERR,ERR,ERR,ERR,ERR,ERR,ERR,ERR,ERR,ERR,ERR,ERR,ERR,ERR,ERR,ERR,ERR,ERR,ERR,ERR,ERR,ERR,ERR,ERR,ERR,ERR,ERR,ERR,ERR,ERR,ERR,ERR,ERR,ERR,ERR,ERR,ERR,ERR,ERR,ERR,ERR,ERR,ERR,ERR,ERR,ERR,ERR,ERR,ERR,ERR,ERR,ERR,ERR,ERR,ERR,ERR,ERR,ERR,ERR,ERR,ERR,ERR,ERR,ERR,ERR,ERR,ERR,ERR,ERR,ERR,ERR,ERR,ERR,ERR,ERR,ERR,ERR,ERR,ERR,ERR,ERR,ERR,ERR,ERR,ERR,ERR,ERR,ERR,ERR,ERR,ERR,ERR,ERR,ERR,ERR,ERR,ERR,ERR,ERR,ERR,ERR,ERR,ERR,ERR,ERR,ERR,ERR,ERR,ERR,ERR,ERR,ERR,ERR,ERR,ERR,ERR,ERR,ERR,ERR,ERR,ERR,ERR,ERR,ERR,ERR,0.0,0.0,0.0,0.0,0.0,1.3936040501711995e+18,7.805,0.0,0,0,4,0,7116,0.0,100,0.0,0.0,0.0,0.0,0.0,0,0,0,0,0.0,0,0,0,0,0,0,0,0,0,0,0,0,0,0,0,0,0,0,0,0,0,0,0,0,0,0,0,0,0,0,0,0,0,31,40,40,71,65476,0,300,0,0,8,21553,0.0,-107605600.0,0.0,0.0,0.0,0.0,0.0,0.0,0.0,0.0,0.0,0.0,0.0,0.0,0.0,0.0,0.0,0.0,0.0,0.0,0.0,0.0,-2.004,2.004,-0.0,-2.004,0.0,0.0,0.0,0.0,6248.0,-0.0,6929.0,0.0,0.0,2.7184303811560617e+23,0.0,0.0,0.0,0.0,0.0,69,-3.222031175229641e+26,89220.953,0.0,0.0,0.0,0.0,0.0,0.0,0.0,0,0,0,0.0,0.0,0.0,0.0,0.0,0.0,0.0,0.0,0.0,0.0,0.0,0.0,0.0,0.0,0.0,0.0,0,-107875648.0,69,0.0,138,0.0,0.0,0,13107,17040,13107,17049,13107,17043,0,0,0,70,68,100,2.7302359370752657e+23,71.1,0.0,74.2,2.7302370179391762e+23,74.0,1,49,50,180,0,52429,0,0,0.0,0.0,0.0,0.0,-0.0,67.0,0.0,162057.094,0.0,750,0,739,0,0,0,721,0,766,0,736,0,742,0,741,0,712,0,7520,0.032,79456894976.0,0.0,0.0,784,16797,-0.0,162057.094,-114818.039,-0.0,0.133,6.909358625270745e+28,30.0,65.0,35,0.0,0.0,0.0,0.0,0.0,0.0,0.0,0.0,0.0,0.0,0.0,0.0,0.0,0.0,0.0,0.0,69.2,0,150,71,54,65476,0,300,0,1,8,20529,65476,0,0,40632,65.0,0.0,0.0,0.0,0.0,0.0
2026-09-04T20:41:30,ERR,ERR,ERR,ERR,ERR,ERR,ERR,ERR,ERR,ERR,ERR,ERR,ERR,ERR,ERR,ERR,ERR,ERR,ERR,ERR,ERR,ERR,ERR,ERR,ERR,ERR,ERR,ERR,ERR,ERR,ERR,ERR,ERR,ERR,ERR,ERR,ERR,ERR,ERR,ERR,ERR,ERR,ERR,ERR,ERR,ERR,ERR,ERR,ERR,ERR,ERR,ERR,ERR,ERR,ERR,ERR,ERR,ERR,ERR,ERR,ERR,ERR,ERR,ERR,ERR,ERR,ERR,ERR,ERR,ERR,ERR,ERR,ERR,ERR,ERR,ERR,ERR,ERR,ERR,ERR,ERR,ERR,ERR,ERR,ERR,ERR,ERR,ERR,ERR,ERR,ERR,ERR,ERR,ERR,ERR,ERR,ERR,ERR,ERR,ERR,ERR,ERR,ERR,ERR,ERR,ERR,ERR,ERR,ERR,ERR,ERR,ERR,ERR,ERR,ERR,ERR,ERR,ERR,ERR,ERR,ERR,ERR,ERR,ERR,ERR,0.0,0.0,0.0,0.0,0.0,1.3936040501711995e+18,7.805,0.0,0,0,4,0,7116,0.0,100,0.0,0.0,0.0,0.0,0.0,0,0,0,0,0.0,0,0,0,0,0,0,0,0,0,0,0,0,0,0,0,0,0,0,0,0,0,0,0,0,0,0,0,0,0,0,0,0,0,31,40,40,71,65476,0,300,0,0,8,21553,0.0,-107605600.0,0.0,0.0,0.0,0.0,0.0,0.0,0.0,0.0,0.0,0.0,0.0,0.0,0.0,0.0,0.0,0.0,0.0,0.0,0.0,0.0,-2.004,2.004,-0.0,-2.004,0.0,0.0,0.0,0.0,6248.0,-0.0,6929.0,0.0,0.0,2.7184303811560617e+23,0.0,0.0,0.0,0.0,0.0,69,-3.222031175229641e+26,89220.953,0.0,0.0,0.0,0.0,0.0,0.0,0.0,0,0,0,0.0,0.0,0.0,0.0,0.0,0.0,0.0,0.0,0.0,0.0,0.0,0.0,0.0,0.0,0.0,0.0,0,-107875648.0,69,0.0,138,0.0,0.0,0,13107,17040,13107,17049,13107,17043,0,0,0,70,68,100,2.7302359370752657e+23,71.1,0.0,74.2,2.7302370179391762e+23,74.0,1,49,50,180,0,52429,0,0,0.0,0.0,0.0,0.0,-0.0,67.0,0.0,162057.094,0.0,750,0,739,0,0,0,721,0,766,0,736,0,742,0,742,0,712,0,7520,0.032,78920024064.0,0.0,0.0,784,16797,-0.0,162057.094,-114818.039,-0.0,0.133,6.909358625270745e+28,30.0,65.0,35,0.0,0.0,0.0,0.0,0.0,0.0,0.0,0.0,0.0,0.0,0.0,0.0,0.0,0.0,0.0,0.0,69.2,0,150,71,54,65476,0,300,0,1,8,20529,65476,0,0,40632,65.0,0.0,0.0,0.0,0.0,0.0
2026-09-04T20:41:31,ERR,ERR,ERR,ERR,ERR,ERR,ERR,ERR,ERR,ERR,ERR,ERR,ERR,ERR,ERR,ERR,ERR,ERR,ERR,ERR,ERR,ERR,ERR,ERR,ERR,ERR,ERR,ERR,ERR,ERR,ERR,ERR,ERR,ERR,ERR,ERR,ERR,ERR,ERR,ERR,ERR,ERR,ERR,ERR,ERR,ERR,ERR,ERR,ERR,ERR,ERR,ERR,ERR,ERR,ERR,ERR,ERR,ERR,ERR,ERR,ERR,ERR,ERR,ERR,ERR,ERR,ERR,ERR,ERR,ERR,ERR,ERR,ERR,ERR,ERR,ERR,ERR,ERR,ERR,ERR,ERR,ERR,ERR,ERR,ERR,ERR,ERR,ERR,ERR,ERR,ERR,ERR,ERR,ERR,ERR,ERR,ERR,ERR,ERR,ERR,ERR,ERR,ERR,ERR,ERR,ERR,ERR,ERR,ERR,ERR,ERR,ERR,ERR,ERR,ERR,ERR,ERR,ERR,ERR,ERR,ERR,ERR,ERR,ERR,ERR,0.0,0.0,0.0,0.0,0.0,1.3936040501711995e+18,7.805,0.0,0,0,4,0,7116,0.0,100,0.0,0.0,0.0,0.0,0.0,0,0,0,0,0.0,0,0,0,0,0,0,0,0,0,0,0,0,0,0,0,0,0,0,0,0,0,0,0,0,0,0,0,0,0,0,0,0,0,31,40,40,71,65476,0,300,0,0,8,21553,0.0,-107605600.0,0.0,0.0,0.0,0.0,0.0,0.0,0.0,0.0,0.0,0.0,0.0,0.0,0.0,0.0,0.0,0.0,0.0,0.0,0.0,0.0,-2.004,2.004,-0.0,-2.004,0.0,0.0,0.0,0.0,6248.0,-0.0,6929.0,0.0,0.0,2.7184303811560617e+23,0.0,0.0,0.0,0.0,0.0,69,-3.222031175229641e+26,89220.953,0.0,0.0,0.0,0.0,0.0,0.0,0.0,0,0,0,0.0,0.0,0.0,0.0,0.0,0.0,0.0,0.0,0.0,0.0,0.0,0.0,0.0,0.0,0.0,0.0,0,-107875648.0,69,0.0,138,0.0,0.0,0,13107,17040,13107,17049,13107,17043,0,0,0,70,68,100,2.7302359370752657e+23,71.1,0.0,74.2,2.7302370179391762e+23,74.0,1,49,50,180,0,52429,0,0,0.0,0.0,0.0,0.0,-0.0,67.0,0.0,162057.094,0.0,750,0,739,0,0,0,721,0,766,0,736,0,742,0,742,0,712,0,7520,0.032,78920024064.0,0.0,0.0,784,16797,-0.0,162057.094,-114818.039,-0.0,0.133,6.909358625270745e+28,30.0,65.0,35,0.0,0.0,0.0,0.0,0.0,0.0,0.0,0.0,0.0,0.0,0.0,0.0,0.0,0.0,0.0,0.0,69.2,0,150,71,54,65476,0,300,0,1,8,20529,65476,0,0,40632,65.0,0.0,0.0,0.0,0.0,0.0
2026-09-04T20:41:32,ERR,ERR,ERR,ERR,ERR,ERR,ERR,ERR,ERR,ERR,ERR,ERR,ERR,ERR,ERR,ERR,ERR,ERR,ERR,ERR,ERR,ERR,ERR,ERR,ERR,ERR,ERR,ERR,ERR,ERR,ERR,ERR,ERR,ERR,ERR,ERR,ERR,ERR,ERR,ERR,ERR,ERR,ERR,ERR,ERR,ERR,ERR,ERR,ERR,ERR,ERR,ERR,ERR,ERR,ERR,ERR,ERR,ERR,ERR,ERR,ERR,ERR,ERR,ERR,ERR,ERR,ERR,ERR,ERR,ERR,ERR,ERR,ERR,ERR,ERR,ERR,ERR,ERR,ERR,ERR,ERR,ERR,ERR,ERR,ERR,ERR,ERR,ERR,ERR,ERR,ERR,ERR,ERR,ERR,ERR,ERR,ERR,ERR,ERR,ERR,ERR,ERR,ERR,ERR,ERR,ERR,ERR,ERR,ERR,ERR,ERR,ERR,ERR,ERR,ERR,ERR,ERR,ERR,ERR,ERR,ERR,ERR,ERR,ERR,ERR,0.0,0.0,0.0,0.0,0.0,1.3936040501711995e+18,7.805,0.0,0,0,4,0,7116,0.0,100,0.0,0.0,0.0,0.0,0.0,0,0,0,0,0.0,0,0,0,0,0,0,0,0,0,0,0,0,0,0,0,0,0,0,0,0,0,0,0,0,0,0,0,0,0,0,0,0,0,31,40,40,71,65476,0,300,0,0,8,21553,0.0,-107605600.0,0.0,0.0,0.0,0.0,0.0,0.0,0.0,0.0,0.0,0.0,0.0,0.0,0.0,0.0,0.0,0.0,0.0,0.0,0.0,0.0,-2.004,2.004,-0.0,-2.004,0.0,0.0,0.0,0.0,6248.0,-0.0,6929.0,0.0,0.0,2.7184303811560617e+23,0.0,0.0,0.0,0.0,0.0,69,-3.222031175229641e+26,89220.953,0.0,0.0,0.0,0.0,0.0,0.0,0.0,0,0,0,0.0,0.0,0.0,0.0,0.0,0.0,0.0,0.0,0.0,0.0,0.0,0.0,0.0,0.0,0.0,0.0,0,-107875648.0,69,0.0,138,0.0,0.0,0,13107,17040,13107,17049,13107,17043,0,0,0,70,68,100,2.7302359370752657e+23,71.1,0.0,74.2,2.7302370179391762e+23,74.0,1,49,50,180,0,52429,0,0,0.0,0.0,0.0,0.0,-0.0,67.0,0.0,162057.094,0.0,750,0,739,0,0,0,721,0,766,0,736,0,742,0,742,0,712,0,7520,0.032,78920024064.0,0.0,0.0,784,16797,-0.0,162057.094,-114818.039,-0.0,0.133,6.909358625270745e+28,30.0,65.0,35,0.0,0.0,0.0,0.0,0.0,0.0,0.0,0.0,0.0,0.0,0.0,0.0,0.0,0.0,0.0,0.0,69.2,0,150,71,54,65476,0,300,0,1,8,20529,65476,0,0,40632,65.0,0.0,0.0,0.0,0.0,0.0
2026-09-04T20:41:33,ERR,ERR,ERR,ERR,ERR,ERR,ERR,ERR,ERR,ERR,ERR,ERR,ERR,ERR,ERR,ERR,ERR,ERR,ERR,ERR,ERR,ERR,ERR,ERR,ERR,ERR,ERR,ERR,ERR,ERR,ERR,ERR,ERR,ERR,ERR,ERR,ERR,ERR,ERR,ERR,ERR,ERR,ERR,ERR,ERR,ERR,ERR,ERR,ERR,ERR,ERR,ERR,ERR,ERR,ERR,ERR,ERR,ERR,ERR,ERR,ERR,ERR,ERR,ERR,ERR,ERR,ERR,ERR,ERR,ERR,ERR,ERR,ERR,ERR,ERR,ERR,ERR,ERR,ERR,ERR,ERR,ERR,ERR,ERR,ERR,ERR,ERR,ERR,ERR,ERR,ERR,ERR,ERR,ERR,ERR,ERR,ERR,ERR,ERR,ERR,ERR,ERR,ERR,ERR,ERR,ERR,ERR,ERR,ERR,ERR,ERR,ERR,ERR,ERR,ERR,ERR,ERR,ERR,ERR,ERR,ERR,ERR,ERR,ERR,ERR,0.0,0.0,0.0,0.0,0.0,1.3936040501711995e+18,7.805,0.0,0,0,4,0,7116,0.0,100,0.0,0.0,0.0,0.0,0.0,0,0,0,0,0.0,0,0,0,0,0,0,0,0,0,0,0,0,0,0,0,0,0,0,0,0,0,0,0,0,0,0,0,0,0,0,0,0,0,31,40,40,71,65476,0,300,0,0,8,21553,0.0,-107605600.0,0.0,0.0,0.0,0.0,0.0,0.0,0.0,0.0,0.0,0.0,0.0,0.0,0.0,0.0,0.0,0.0,0.0,0.0,0.0,0.0,-2.004,2.004,-0.0,-2.004,0.0,0.0,0.0,0.0,6248.0,-0.0,6929.0,0.0,0.0,2.7184303811560617e+23,0.0,0.0,0.0,0.0,0.0,69,-3.222031175229641e+26,89220.953,0.0,0.0,0.0,0.0,0.0,0.0,0.0,0,0,0,0.0,0.0,0.0,0.0,0.0,0.0,0.0,0.0,0.0,0.0,0.0,0.0,0.0,0.0,0.0,0.0,0,-107875648.0,69,0.0,138,0.0,0.0,0,13107,17040,13107,17049,13107,17043,0,0,0,70,68,100,2.7302359370752657e+23,71.1,0.0,74.2,2.7302370179391762e+23,74.0,1,49,50,180,0,52429,0,0,0.0,0.0,0.0,0.0,-0.0,67.0,0.0,162057.094,0.0,750,0,739,0,0,0,721,0,766,0,736,0,742,0,742,0,712,0,7520,0.032,78920024064.0,0.0,0.0,784,16797,-0.0,162057.094,-114818.039,-0.0,0.133,6.909358625270745e+28,30.0,65.0,35,0.0,0.0,0.0,0.0,0.0,0.0,0.0,0.0,0.0,0.0,0.0,0.0,0.0,0.0,0.0,0.0,69.2,0,150,71,54,65476,0,300,0,1,8,20529,65476,0,0,40632,65.0,0.0,0.0,0.0,0.0,0.0
2026-09-04T20:41:34,ERR,ERR,ERR,ERR,ERR,ERR,ERR,ERR,ERR,ERR,ERR,ERR,ERR,ERR,ERR,ERR,ERR,ERR,ERR,ERR,ERR,ERR,ERR,ERR,ERR,ERR,ERR,ERR,ERR,ERR,ERR,ERR,ERR,ERR,ERR,ERR,ERR,ERR,ERR,ERR,ERR,ERR,ERR,ERR,ERR,ERR,ERR,ERR,ERR,ERR,ERR,ERR,ERR,ERR,ERR,ERR,ERR,ERR,ERR,ERR,ERR,ERR,ERR,ERR,ERR,ERR,ERR,ERR,ERR,ERR,ERR,ERR,ERR,ERR,ERR,ERR,ERR,ERR,ERR,ERR,ERR,ERR,ERR,ERR,ERR,ERR,ERR,ERR,ERR,ERR,ERR,ERR,ERR,ERR,ERR,ERR,ERR,ERR,ERR,ERR,ERR,ERR,ERR,ERR,ERR,ERR,ERR,ERR,ERR,ERR,ERR,ERR,ERR,ERR,ERR,ERR,ERR,ERR,ERR,ERR,ERR,ERR,ERR,ERR,ERR,0.0,0.0,0.0,0.0,0.0,1.3936040501711995e+18,7.805,0.0,0,0,4,0,7116,0.0,100,0.0,0.0,0.0,0.0,0.0,0,0,0,0,0.0,0,0,0,0,0,0,0,0,0,0,0,0,0,0,0,0,0,0,0,0,0,0,0,0,0,0,0,0,0,0,0,0,0,31,40,40,71,65476,0,300,0,0,8,21553,0.0,-107605600.0,0.0,0.0,0.0,0.0,0.0,0.0,0.0,0.0,0.0,0.0,0.0,0.0,0.0,0.0,0.0,0.0,0.0,0.0,0.0,0.0,-2.004,2.004,-0.0,-2.004,0.0,0.0,0.0,0.0,6285.0,-0.0,6930.0,0.0,0.0,2.7184303811560617e+23,0.0,0.0,0.0,0.0,0.0,69,-4.066882747792088e+29,-4.9504212476177815e+32,0.0,0.0,0.0,0.0,0.0,0.0,0.0,0,0,0,0.0,0.0,0.0,0.0,0.0,0.0,0.0,0.0,0.0,0.0,0.0,0.0,0.0,0.0,0.0,0.0,0,-107875648.0,69,0.0,138,0.0,0.0,0,13107,17040,13107,17049,13107,17043,0,0,0,70,68,100,2.7302359370752657e+23,71.1,0.0,74.2,2.7302370179391762e+23,74.0,1,49,50,180,0,52429,0,0,0.0,0.0,0.0,0.0,-0.0,67.0,0.0,162057.094,0.0,750,0,739,0,0,0,721,0,766,0,736,0,742,0,742,0,712,0,7520,0.032,78920024064.0,0.0,0.0,784,16797,-0.0,162057.094,-114818.039,-0.0,0.133,6.909358625270745e+28,30.0,65.0,35,0.0,0.0,0.0,0.0,0.0,0.0,0.0,0.0,0.0,0.0,0.0,0.0,0.0,0.0,0.0,0.0,69.2,0,150,71,54,65476,0,300,0,1,8,20529,65476,0,0,40632,65.0,0.0,0.0,0.0,0.0,0.0
2026-09-04T20:41:35,ERR,ERR,ERR,ERR,ERR,ERR,ERR,ERR,ERR,ERR,ERR,ERR,ERR,ERR,ERR,ERR,ERR,ERR,ERR,ERR,ERR,ERR,ERR,ERR,ERR,ERR,ERR,ERR,ERR,ERR,ERR,ERR,ERR,ERR,ERR,ERR,ERR,ERR,ERR,ERR,ERR,ERR,ERR,ERR,ERR,ERR,ERR,ERR,ERR,ERR,ERR,ERR,ERR,ERR,ERR,ERR,ERR,ERR,ERR,ERR,ERR,ERR,ERR,ERR,ERR,ERR,ERR,ERR,ERR,ERR,ERR,ERR,ERR,ERR,ERR,ERR,ERR,ERR,ERR,ERR,ERR,ERR,ERR,ERR,ERR,ERR,ERR,ERR,ERR,ERR,ERR,ERR,ERR,ERR,ERR,ERR,ERR,ERR,ERR,ERR,ERR,ERR,ERR,ERR,ERR,ERR,ERR,ERR,ERR,ERR,ERR,ERR,ERR,ERR,ERR,ERR,ERR,ERR,ERR,ERR,ERR,ERR,ERR,ERR,ERR,0.0,0.0,0.0,0.0,0.0,1.3936040501711995e+18,7.805,0.0,0,0,4,0,7116,0.0,100,0.0,0.0,0.0,0.0,0.0,0,0,0,0,0.0,0,0,0,0,0,0,0,0,0,0,0,0,0,0,0,0,0,0,0,0,0,0,0,0,0,0,0,0,0,0,0,0,0,31,40,40,71,65476,0,300,0,0,8,21553,0.0,-107605600.0,0.0,0.0,0.0,0.0,0.0,0.0,0.0,0.0,0.0,0.0,0.0,0.0,0.0,0.0,0.0,0.0,0.0,0.0,0.0,0.0,-2.004,2.004,-0.0,-2.004,0.0,0.0,0.0,0.0,6285.0,-0.0,6930.0,0.0,0.0,2.7184303811560617e+23,0.0,0.0,0.0,0.0,0.0,69,-4.066882747792088e+29,-4.9504212476177815e+32,0.0,0.0,0.0,0.0,0.0,0.0,0.0,0,0,0,0.0,0.0,0.0,0.0,0.0,0.0,0.0,0.0,0.0,0.0,0.0,0.0,0.0,0.0,0.0,0.0,0,-107875648.0,69,0.0,138,0.0,0.0,0,13107,17040,13107,17049,13107,17043,0,0,0,70,68,100,2.7302359370752657e+23,71.1,0.0,74.2,2.7302370179391762e+23,74.0,1,49,50,180,0,52429,0,0,0.0,0.0,0.0,0.0,-0.0,67.0,0.0,162057.094,0.0,750,0,739,0,0,0,721,0,766,0,736,0,742,0,742,0,712,0,7520,0.032,78920024064.0,0.0,0.0,784,16797,-0.0,162057.094,-114818.039,-0.0,0.133,6.909358625270745e+28,30.0,65.0,35,0.0,0.0,0.0,0.0,0.0,0.0,0.0,0.0,0.0,0.0,0.0,0.0,0.0,0.0,0.0,0.0,69.2,0,150,71,54,65476,0,300,0,1,8,20529,65476,0,0,40632,65.0,0.0,0.0,0.0,0.0,0.0
2026-09-04T20:41:36,ERR,ERR,ERR,ERR,ERR,ERR,ERR,ERR,ERR,ERR,ERR,ERR,ERR,ERR,ERR,ERR,ERR,ERR,ERR,ERR,ERR,ERR,ERR,ERR,ERR,ERR,ERR,ERR,ERR,ERR,ERR,ERR,ERR,ERR,ERR,ERR,ERR,ERR,ERR,ERR,ERR,ERR,ERR,ERR,ERR,ERR,ERR,ERR,ERR,ERR,ERR,ERR,ERR,ERR,ERR,ERR,ERR,ERR,ERR,ERR,ERR,ERR,ERR,ERR,ERR,ERR,ERR,ERR,ERR,ERR,ERR,ERR,ERR,ERR,ERR,ERR,ERR,ERR,ERR,ERR,ERR,ERR,ERR,ERR,ERR,ERR,ERR,ERR,ERR,ERR,ERR,ERR,ERR,ERR,ERR,ERR,ERR,ERR,ERR,ERR,ERR,ERR,ERR,ERR,ERR,ERR,ERR,ERR,ERR,ERR,ERR,ERR,ERR,ERR,ERR,ERR,ERR,ERR,ERR,ERR,ERR,ERR,ERR,ERR,ERR,0.0,0.0,0.0,0.0,0.0,1.3936040501711995e+18,7.805,0.0,0,0,4,0,7116,0.0,100,0.0,0.0,0.0,0.0,0.0,0,0,0,0,0.0,0,0,0,0,0,0,0,0,0,0,0,0,0,0,0,0,0,0,0,0,0,0,0,0,0,0,0,0,0,0,0,0,0,31,40,40,71,65476,0,300,0,0,8,21553,0.0,-107605600.0,0.0,0.0,0.0,0.0,0.0,0.0,0.0,0.0,0.0,0.0,0.0,0.0,0.0,0.0,0.0,0.0,0.0,0.0,0.0,0.0,-2.004,2.004,-0.0,-2.004,0.0,0.0,0.0,0.0,6285.0,-0.0,6930.0,0.0,0.0,2.7184303811560617e+23,0.0,0.0,0.0,0.0,0.0,69,-4.066882747792088e+29,-4.9504212476177815e+32,0.0,0.0,0.0,0.0,0.0,0.0,0.0,0,0,0,0.0,0.0,0.0,0.0,0.0,0.0,0.0,0.0,0.0,0.0,0.0,0.0,0.0,0.0,0.0,0.0,0,-107875648.0,69,0.0,138,0.0,0.0,0,13107,17040,13107,17049,13107,17043,0,0,0,70,68,100,2.7302359370752657e+23,71.1,0.0,74.2,2.7302370179391762e+23,74.0,1,49,50,180,0,52429,0,0,0.0,0.0,0.0,0.0,-0.0,67.0,0.0,162057.094,0.0,750,0,739,0,0,0,721,0,766,0,736,0,742,0,741,0,712,0,7520,0.032,79456894976.0,0.0,0.0,784,16797,-0.0,162057.094,-114818.039,-0.0,0.133,6.909358625270745e+28,30.0,65.0,35,0.0,0.0,0.0,0.0,0.0,0.0,0.0,0.0,0.0,0.0,0.0,0.0,0.0,0.0,0.0,0.0,69.2,0,150,71,54,65476,0,300,0,1,8,20529,65476,0,0,40632,65.0,0.0,0.0,0.0,0.0,0.0
2026-09-04T20:41:37,ERR,ERR,ERR,ERR,ERR,ERR,ERR,ERR,ERR,ERR,ERR,ERR,ERR,ERR,ERR,ERR,ERR,ERR,ERR,ERR,ERR,ERR,ERR,ERR,ERR,ERR,ERR,ERR,ERR,ERR,ERR,ERR,ERR,ERR,ERR,ERR,ERR,ERR,ERR,ERR,ERR,ERR,ERR,ERR,ERR,ERR,ERR,ERR,ERR,ERR,ERR,ERR,ERR,ERR,ERR,ERR,ERR,ERR,ERR,ERR,ERR,ERR,ERR,ERR,ERR,ERR,ERR,ERR,ERR,ERR,ERR,ERR,ERR,ERR,ERR,ERR,ERR,ERR,ERR,ERR,ERR,ERR,ERR,ERR,ERR,ERR,ERR,ERR,ERR,ERR,ERR,ERR,ERR,ERR,ERR,ERR,ERR,ERR,ERR,ERR,ERR,ERR,ERR,ERR,ERR,ERR,ERR,ERR,ERR,ERR,ERR,ERR,ERR,ERR,ERR,ERR,ERR,ERR,ERR,ERR,ERR,ERR,ERR,ERR,ERR,0.0,0.0,0.0,0.0,0.0,1.3936040501711995e+18,7.805,0.0,0,0,4,0,7116,0.0,100,0.0,0.0,0.0,0.0,0.0,0,0,0,0,0.0,0,0,0,0,0,0,0,0,0,0,0,0,0,0,0,0,0,0,0,0,0,0,0,0,0,0,0,0,0,0,0,0,0,31,40,40,71,65476,0,300,0,0,8,21553,0.0,-107605600.0,0.0,0.0,0.0,0.0,0.0,0.0,0.0,0.0,0.0,0.0,0.0,0.0,0.0,0.0,0.0,0.0,0.0,0.0,0.0,0.0,-2.004,2.004,-0.0,-2.004,0.0,0.0,0.0,0.0,6285.0,-0.0,6930.0,0.0,0.0,2.7184303811560617e+23,0.0,0.0,0.0,0.0,0.0,69,-4.066882747792088e+29,-4.9504212476177815e+32,0.0,0.0,0.0,0.0,0.0,0.0,0.0,0,0,0,0.0,0.0,0.0,0.0,0.0,0.0,0.0,0.0,0.0,0.0,0.0,0.0,0.0,0.0,0.0,0.0,0,-107875648.0,69,0.0,138,0.0,0.0,0,13107,17040,13107,17049,13107,17043,0,0,0,70,68,100,2.7302359370752657e+23,71.1,0.0,74.2,2.7302370179391762e+23,74.0,1,49,50,180,0,52429,0,0,0.0,0.0,0.0,0.0,-0.0,67.0,0.0,162057.094,0.0,750,0,739,0,0,0,721,0,766,0,736,0,742,0,741,0,712,0,7520,0.032,79456894976.0,0.0,0.0,784,16797,-0.0,162057.094,-114818.039,-0.0,0.133,6.909358625270745e+28,30.0,65.0,35,0.0,0.0,0.0,0.0,0.0,0.0,0.0,0.0,0.0,0.0,0.0,0.0,0.0,0.0,0.0,0.0,69.2,0,150,71,54,65476,0,300,0,1,8,20529,65476,0,0,40632,65.0,0.0,0.0,0.0,0.0,0.0
2026-09-04T20:41:38,ERR,ERR,ERR,ERR,ERR,ERR,ERR,ERR,ERR,ERR,ERR,ERR,ERR,ERR,ERR,ERR,ERR,ERR,ERR,ERR,ERR,ERR,ERR,ERR,ERR,ERR,ERR,ERR,ERR,ERR,ERR,ERR,ERR,ERR,ERR,ERR,ERR,ERR,ERR,ERR,ERR,ERR,ERR,ERR,ERR,ERR,ERR,ERR,ERR,ERR,ERR,ERR,ERR,ERR,ERR,ERR,ERR,ERR,ERR,ERR,ERR,ERR,ERR,ERR,ERR,ERR,ERR,ERR,ERR,ERR,ERR,ERR,ERR,ERR,ERR,ERR,ERR,ERR,ERR,ERR,ERR,ERR,ERR,ERR,ERR,ERR,ERR,ERR,ERR,ERR,ERR,ERR,ERR,ERR,ERR,ERR,ERR,ERR,ERR,ERR,ERR,ERR,ERR,ERR,ERR,ERR,ERR,ERR,ERR,ERR,ERR,ERR,ERR,ERR,ERR,ERR,ERR,ERR,ERR,ERR,ERR,ERR,ERR,ERR,ERR,0.0,0.0,0.0,0.0,0.0,1.3936040501711995e+18,7.805,0.0,0,0,4,0,7116,0.0,100,0.0,0.0,0.0,0.0,0.0,0,0,0,0,0.0,0,0,0,0,0,0,0,0,0,0,0,0,0,0,0,0,0,0,0,0,0,0,0,0,0,0,0,0,0,0,0,0,0,31,40,40,71,65476,0,300,0,0,8,21553,0.0,-107605600.0,0.0,0.0,0.0,0.0,0.0,0.0,0.0,0.0,0.0,0.0,0.0,0.0,0.0,0.0,0.0,0.0,0.0,0.0,0.0,0.0,-2.004,2.004,-0.0,-2.004,0.0,0.0,0.0,0.0,6285.0,-0.0,6930.0,0.0,0.0,2.7184303811560617e+23,0.0,0.0,0.0,0.0,0.0,69,-4.066882747792088e+29,-4.9504212476177815e+32,0.0,0.0,0.0,0.0,0.0,0.0,0.0,0,0,0,0.0,0.0,0.0,0.0,0.0,0.0,0.0,0.0,0.0,0.0,0.0,0.0,0.0,0.0,0.0,0.0,0,-107875648.0,69,0.0,138,0.0,0.0,0,13107,17040,13107,17049,13107,17043,0,0,0,70,68,100,2.7302359370752657e+23,71.1,0.0,74.2,2.7302370179391762e+23,74.0,1,49,50,180,0,52429,0,0,0.0,0.0,0.0,0.0,-0.0,67.0,0.0,162057.094,0.0,750,0,739,0,0,0,721,0,766,0,736,0,742,0,741,0,712,0,7520,0.032,79456894976.0,0.0,0.0,784,16797,-0.0,162057.094,-114818.039,-0.0,0.133,6.909358625270745e+28,30.0,65.0,35,0.0,0.0,0.0,0.0,0.0,0.0,0.0,0.0,0.0,0.0,0.0,0.0,0.0,0.0,0.0,0.0,69.2,0,150,71,54,65476,0,300,0,1,8,20529,65476,0,0,40632,65.0,0.0,0.0,0.0,0.0,0.0
2026-09-04T20:41:39,ERR,ERR,ERR,ERR,ERR,ERR,ERR,ERR,ERR,ERR,ERR,ERR,ERR,ERR,ERR,ERR,ERR,ERR,ERR,ERR,ERR,ERR,ERR,ERR,ERR,ERR,ERR,ERR,ERR,ERR,ERR,ERR,ERR,ERR,ERR,ERR,ERR,ERR,ERR,ERR,ERR,ERR,ERR,ERR,ERR,ERR,ERR,ERR,ERR,ERR,ERR,ERR,ERR,ERR,ERR,ERR,ERR,ERR,ERR,ERR,ERR,ERR,ERR,ERR,ERR,ERR,ERR,ERR,ERR,ERR,ERR,ERR,ERR,ERR,ERR,ERR,ERR,ERR,ERR,ERR,ERR,ERR,ERR,ERR,ERR,ERR,ERR,ERR,ERR,ERR,ERR,ERR,ERR,ERR,ERR,ERR,ERR,ERR,ERR,ERR,ERR,ERR,ERR,ERR,ERR,ERR,ERR,ERR,ERR,ERR,ERR,ERR,ERR,ERR,ERR,ERR,ERR,ERR,ERR,ERR,ERR,ERR,ERR,ERR,ERR,0.0,0.0,0.0,0.0,0.0,1.3936040501711995e+18,7.805,0.0,0,0,4,0,7116,0.0,100,0.0,0.0,0.0,0.0,0.0,0,0,0,0,0.0,0,0,0,0,0,0,0,0,0,0,0,0,0,0,0,0,0,0,0,0,0,0,0,0,0,0,0,0,0,0,0,0,0,31,40,40,71,65476,0,300,0,0,8,21553,0.0,-107605600.0,0.0,0.0,0.0,0.0,0.0,0.0,0.0,0.0,0.0,0.0,0.0,0.0,0.0,0.0,0.0,0.0,0.0,0.0,0.0,0.0,-2.004,2.004,-0.0,-2.004,0.0,0.0,0.0,0.0,6285.0,-0.0,6930.0,0.0,0.0,2.7184303811560617e+23,0.0,0.0,0.0,0.0,0.0,69,-4.066882747792088e+29,-4.9504212476177815e+32,0.0,0.0,0.0,0.0,0.0,0.0,0.0,0,0,0,0.0,0.0,0.0,0.0,0.0,0.0,0.0,0.0,0.0,0.0,0.0,0.0,0.0,0.0,0.0,0.0,0,-107875648.0,69,0.0,138,0.0,0.0,0,13107,17040,13107,17049,13107,17043,0,0,0,70,68,100,2.7302359370752657e+23,71.1,0.0,74.2,2.7302370179391762e+23,74.0,1,49,50,180,0,52429,0,0,0.0,0.0,0.0,0.0,-0.0,67.0,0.0,162057.094,0.0,750,0,739,0,0,0,721,0,766,0,736,0,742,0,741,0,712,0,7520,0.032,79456894976.0,0.0,0.0,784,16797,-0.0,162057.094,-114818.039,-0.0,0.133,6.909358625270745e+28,30.0,65.0,35,0.0,0.0,0.0,0.0,0.0,0.0,0.0,0.0,0.0,0.0,0.0,0.0,0.0,0.0,0.0,0.0,69.2,0,150,71,54,65476,0,300,0,1,8,20529,65476,0,0,40632,65.0,0.0,0.0,0.0,0.0,0.0
2026-09-04T20:41:40,ERR,ERR,ERR,ERR,ERR,ERR,ERR,ERR,ERR,ERR,ERR,ERR,ERR,ERR,ERR,ERR,ERR,ERR,ERR,ERR,ERR,ERR,ERR,ERR,ERR,ERR,ERR,ERR,ERR,ERR,ERR,ERR,ERR,ERR,ERR,ERR,ERR,ERR,ERR,ERR,ERR,ERR,ERR,ERR,ERR,ERR,ERR,ERR,ERR,ERR,ERR,ERR,ERR,ERR,ERR,ERR,ERR,ERR,ERR,ERR,ERR,ERR,ERR,ERR,ERR,ERR,ERR,ERR,ERR,ERR,ERR,ERR,ERR,ERR,ERR,ERR,ERR,ERR,ERR,ERR,ERR,ERR,ERR,ERR,ERR,ERR,ERR,ERR,ERR,ERR,ERR,ERR,ERR,ERR,ERR,ERR,ERR,ERR,ERR,ERR,ERR,ERR,ERR,ERR,ERR,ERR,ERR,ERR,ERR,ERR,ERR,ERR,ERR,ERR,ERR,ERR,ERR,ERR,ERR,ERR,ERR,ERR,ERR,ERR,ERR,0.0,0.0,0.0,0.0,0.0,1.3936040501711995e+18,7.805,0.0,0,0,4,0,7116,0.0,100,0.0,0.0,0.0,0.0,0.0,0,0,0,0,0.0,0,0,0,0,0,0,0,0,0,0,0,0,0,0,0,0,0,0,0,0,0,0,0,0,0,0,0,0,0,0,0,0,0,31,40,40,71,65476,0,300,0,0,8,21553,0.0,-107605600.0,0.0,0.0,0.0,0.0,0.0,0.0,0.0,0.0,0.0,0.0,0.0,0.0,0.0,0.0,0.0,0.0,0.0,0.0,0.0,0.0,-2.004,2.004,-0.0,-2.004,0.0,0.0,0.0,0.0,6285.0,-0.0,6930.0,0.0,0.0,2.7184303811560617e+23,0.0,0.0,0.0,0.0,0.0,69,-4.066882747792088e+29,-4.9504212476177815e+32,0.0,0.0,0.0,0.0,0.0,0.0,0.0,0,0,0,0.0,0.0,0.0,0.0,0.0,0.0,0.0,0.0,0.0,0.0,0.0,0.0,0.0,0.0,0.0,0.0,0,-107875648.0,69,0.0,138,0.0,0.0,0,13107,17040,13107,17049,13107,17043,0,0,0,70,68,100,2.7302359370752657e+23,71.1,0.0,74.2,2.7302370179391762e+23,74.0,1,49,50,180,0,52429,0,0,0.0,0.0,0.0,0.0,-0.0,67.0,0.0,162057.094,0.0,750,0,739,0,0,0,721,0,766,0,736,0,742,0,741,0,712,0,7520,0.032,79456894976.0,0.0,0.0,784,16797,-0.0,162057.094,-114818.039,-0.0,0.133,6.909358625270745e+28,30.0,65.0,35,0.0,0.0,0.0,0.0,0.0,0.0,0.0,0.0,0.0,0.0,0.0,0.0,0.0,0.0,0.0,0.0,69.2,0,150,71,54,65476,0,300,0,1,8,20529,65476,0,0,40632,65.0,0.0,0.0,0.0,0.0,0.0
2026-09-04T20:41:41,ERR,ERR,ERR,ERR,ERR,ERR,ERR,ERR,ERR,ERR,ERR,ERR,ERR,ERR,ERR,ERR,ERR,ERR,ERR,ERR,ERR,ERR,ERR,ERR,ERR,ERR,ERR,ERR,ERR,ERR,ERR,ERR,ERR,ERR,ERR,ERR,ERR,ERR,ERR,ERR,ERR,ERR,ERR,ERR,ERR,ERR,ERR,ERR,ERR,ERR,ERR,ERR,ERR,ERR,ERR,ERR,ERR,ERR,ERR,ERR,ERR,ERR,ERR,ERR,ERR,ERR,ERR,ERR,ERR,ERR,ERR,ERR,ERR,ERR,ERR,ERR,ERR,ERR,ERR,ERR,ERR,ERR,ERR,ERR,ERR,ERR,ERR,ERR,ERR,ERR,ERR,ERR,ERR,ERR,ERR,ERR,ERR,ERR,ERR,ERR,ERR,ERR,ERR,ERR,ERR,ERR,ERR,ERR,ERR,ERR,ERR,ERR,ERR,ERR,ERR,ERR,ERR,ERR,ERR,ERR,ERR,ERR,ERR,ERR,ERR,0.0,0.0,0.0,0.0,0.0,1.3936040501711995e+18,7.805,0.0,0,0,4,0,7116,0.0,100,0.0,0.0,0.0,0.0,0.0,0,0,0,0,0.0,0,0,0,0,0,0,0,0,0,0,0,0,0,0,0,0,0,0,0,0,0,0,0,0,0,0,0,0,0,0,0,0,0,31,40,40,71,65476,0,300,0,0,8,21553,0.0,-107605600.0,0.0,0.0,0.0,0.0,0.0,0.0,0.0,0.0,0.0,0.0,0.0,0.0,0.0,0.0,0.0,0.0,0.0,0.0,0.0,0.0,-2.004,2.004,-0.0,-2.004,0.0,0.0,0.0,0.0,6341.0,0.0,6915.0,0.0,0.0,2.7184303811560617e+23,0.0,0.0,0.0,0.0,0.0,69,-152018572279808.0,-0.0,0.0,0.0,0.0,0.0,0.0,0.0,0.0,0,0,0,0.0,0.0,0.0,0.0,0.0,0.0,0.0,0.0,0.0,0.0,0.0,0.0,0.0,0.0,0.0,0.0,0,-107875648.0,69,0.0,138,0.0,0.0,0,13107,17040,13107,17049,13107,17043,0,0,0,70,68,100,2.7302359370752657e+23,71.1,0.0,74.2,2.7302370179391762e+23,74.0,1,49,50,180,0,52429,0,0,0.0,0.0,0.0,0.0,-0.0,67.0,0.0,162057.094,0.0,750,0,739,0,0,0,721,0,766,0,736,0,742,0,741,0,712,0,7520,0.032,78920024064.0,0.0,0.0,784,16797,-0.0,162057.094,-114818.039,-0.0,0.133,6.909358625270745e+28,30.0,65.0,35,0.0,0.0,0.0,0.0,0.0,0.0,0.0,0.0,0.0,0.0,0.0,0.0,0.0,0.0,0.0,0.0,69.2,0,150,71,54,65476,0,300,0,1,8,20529,65476,0,0,40632,65.0,0.0,0.0,0.0,0.0,0.0
2026-09-04T20:41:42,ERR,ERR,ERR,ERR,ERR,ERR,ERR,ERR,ERR,ERR,ERR,ERR,ERR,ERR,ERR,ERR,ERR,ERR,ERR,ERR,ERR,ERR,ERR,ERR,ERR,ERR,ERR,ERR,ERR,ERR,ERR,ERR,ERR,ERR,ERR,ERR,ERR,ERR,ERR,ERR,ERR,ERR,ERR,ERR,ERR,ERR,ERR,ERR,ERR,ERR,ERR,ERR,ERR,ERR,ERR,ERR,ERR,ERR,ERR,ERR,ERR,ERR,ERR,ERR,ERR,ERR,ERR,ERR,ERR,ERR,ERR,ERR,ERR,ERR,ERR,ERR,ERR,ERR,ERR,ERR,ERR,ERR,ERR,ERR,ERR,ERR,ERR,ERR,ERR,ERR,ERR,ERR,ERR,ERR,ERR,ERR,ERR,ERR,ERR,ERR,ERR,ERR,ERR,ERR,ERR,ERR,ERR,ERR,ERR,ERR,ERR,ERR,ERR,ERR,ERR,ERR,ERR,ERR,ERR,ERR,ERR,ERR,ERR,ERR,ERR,0.0,0.0,0.0,0.0,0.0,1.3936040501711995e+18,7.805,0.0,0,0,4,0,7116,0.0,100,0.0,0.0,0.0,0.0,0.0,0,0,0,0,0.0,0,0,0,0,0,0,0,0,0,0,0,0,0,0,0,0,0,0,0,0,0,0,0,0,0,0,0,0,0,0,0,0,0,31,40,40,71,65476,0,300,0,0,8,21553,0.0,-107605600.0,0.0,0.0,0.0,0.0,0.0,0.0,0.0,0.0,0.0,0.0,0.0,0.0,0.0,0.0,0.0,0.0,0.0,0.0,0.0,0.0,-2.004,2.004,-0.0,-2.004,0.0,0.0,0.0,0.0,6341.0,0.0,6915.0,0.0,0.0,2.7184303811560617e+23,0.0,0.0,0.0,0.0,0.0,69,-152018572279808.0,-0.0,0.0,0.0,0.0,0.0,0.0,0.0,0.0,0,0,0,0.0,0.0,0.0,0.0,0.0,0.0,0.0,0.0,0.0,0.0,0.0,0.0,0.0,0.0,0.0,0.0,0,-107875648.0,69,0.0,138,0.0,0.0,0,13107,17040,13107,17049,13107,17043,0,0,0,70,68,100,2.7302359370752657e+23,71.1,0.0,74.2,2.7302370179391762e+23,74.0,1,49,50,180,0,52429,0,0,0.0,0.0,0.0,0.0,-0.0,67.0,0.0,162057.094,0.0,750,0,739,0,0,0,721,0,766,0,736,0,742,0,741,0,712,0,7520,0.032,78920024064.0,0.0,0.0,784,16797,-0.0,162057.094,-114818.039,-0.0,0.133,6.909358625270745e+28,30.0,65.0,35,0.0,0.0,0.0,0.0,0.0,0.0,0.0,0.0,0.0,0.0,0.0,0.0,0.0,0.0,0.0,0.0,69.6,0,150,71,54,65476,0,300,0,1,8,20529,65476,0,0,40632,65.0,0.0,0.0,0.0,0.0,0.0
2026-09-04T20:41:43,ERR,ERR,ERR,ERR,ERR,ERR,ERR,ERR,ERR,ERR,ERR,ERR,ERR,ERR,ERR,ERR,ERR,ERR,ERR,ERR,ERR,ERR,ERR,ERR,ERR,ERR,ERR,ERR,ERR,ERR,ERR,ERR,ERR,ERR,ERR,ERR,ERR,ERR,ERR,ERR,ERR,ERR,ERR,ERR,ERR,ERR,ERR,ERR,ERR,ERR,ERR,ERR,ERR,ERR,ERR,ERR,ERR,ERR,ERR,ERR,ERR,ERR,ERR,ERR,ERR,ERR,ERR,ERR,ERR,ERR,ERR,ERR,ERR,ERR,ERR,ERR,ERR,ERR,ERR,ERR,ERR,ERR,ERR,ERR,ERR,ERR,ERR,ERR,ERR,ERR,ERR,ERR,ERR,ERR,ERR,ERR,ERR,ERR,ERR,ERR,ERR,ERR,ERR,ERR,ERR,ERR,ERR,ERR,ERR,ERR,ERR,ERR,ERR,ERR,ERR,ERR,ERR,ERR,ERR,ERR,ERR,ERR,ERR,ERR,ERR,0.0,0.0,0.0,0.0,0.0,1.3936040501711995e+18,7.805,0.0,0,0,4,0,7116,0.0,100,0.0,0.0,0.0,0.0,0.0,0,0,0,0,0.0,0,0,0,0,0,0,0,0,0,0,0,0,0,0,0,0,0,0,0,0,0,0,0,0,0,0,0,0,0,0,0,0,0,31,40,40,71,65476,0,300,0,0,8,21553,0.0,-107605600.0,0.0,0.0,0.0,0.0,0.0,0.0,0.0,0.0,0.0,0.0,0.0,0.0,0.0,0.0,0.0,0.0,0.0,0.0,0.0,0.0,-2.004,2.004,-0.0,-2.004,0.0,0.0,0.0,0.0,6341.0,0.0,6915.0,0.0,0.0,2.7184303811560617e+23,0.0,0.0,0.0,0.0,0.0,69,-152018572279808.0,-0.0,0.0,0.0,0.0,0.0,0.0,0.0,0.0,0,0,0,0.0,0.0,0.0,0.0,0.0,0.0,0.0,0.0,0.0,0.0,0.0,0.0,0.0,0.0,0.0,0.0,0,-107875648.0,69,0.0,138,0.0,0.0,0,13107,17040,13107,17049,13107,17043,0,0,0,70,68,100,2.7302359370752657e+23,71.1,0.0,74.2,2.7302370179391762e+23,74.0,1,49,50,180,0,52429,0,0,0.0,0.0,0.0,0.0,-0.0,67.0,0.0,162057.094,0.0,750,0,739,0,0,0,721,0,766,0,736,0,742,0,741,0,712,0,7520,0.032,78920024064.0,0.0,0.0,784,16797,-0.0,162057.094,-114818.039,-0.0,0.133,6.909358625270745e+28,30.0,65.0,35,0.0,0.0,0.0,0.0,0.0,0.0,0.0,0.0,0.0,0.0,0.0,0.0,0.0,0.0,0.0,0.0,69.6,0,150,71,54,65476,0,300,0,1,8,20529,65476,0,0,40632,65.0,0.0,0.0,0.0,0.0,0.0
2026-09-04T20:41:44,ERR,ERR,ERR,ERR,ERR,ERR,ERR,ERR,ERR,ERR,ERR,ERR,ERR,ERR,ERR,ERR,ERR,ERR,ERR,ERR,ERR,ERR,ERR,ERR,ERR,ERR,ERR,ERR,ERR,ERR,ERR,ERR,ERR,ERR,ERR,ERR,ERR,ERR,ERR,ERR,ERR,ERR,ERR,ERR,ERR,ERR,ERR,ERR,ERR,ERR,ERR,ERR,ERR,ERR,ERR,ERR,ERR,ERR,ERR,ERR,ERR,ERR,ERR,ERR,ERR,ERR,ERR,ERR,ERR,ERR,ERR,ERR,ERR,ERR,ERR,ERR,ERR,ERR,ERR,ERR,ERR,ERR,ERR,ERR,ERR,ERR,ERR,ERR,ERR,ERR,ERR,ERR,ERR,ERR,ERR,ERR,ERR,ERR,ERR,ERR,ERR,ERR,ERR,ERR,ERR,ERR,ERR,ERR,ERR,ERR,ERR,ERR,ERR,ERR,ERR,ERR,ERR,ERR,ERR,ERR,ERR,ERR,ERR,ERR,ERR,0.0,0.0,0.0,0.0,0.0,1.3936040501711995e+18,7.805,0.0,0,0,4,0,7116,0.0,100,0.0,0.0,0.0,0.0,0.0,0,0,0,0,0.0,0,0,0,0,0,0,0,0,0,0,0,0,0,0,0,0,0,0,0,0,0,0,0,0,0,0,0,0,0,0,0,0,0,31,40,40,71,65476,0,300,0,0,8,21553,0.0,-107605600.0,0.0,0.0,0.0,0.0,0.0,0.0,0.0,0.0,0.0,0.0,0.0,0.0,0.0,0.0,0.0,0.0,0.0,0.0,0.0,0.0,-2.004,2.004,-0.0,-2.004,0.0,0.0,0.0,0.0,6341.0,0.0,6915.0,0.0,0.0,2.7184303811560617e+23,0.0,0.0,0.0,0.0,0.0,69,-152018572279808.0,-0.0,0.0,0.0,0.0,0.0,0.0,0.0,0.0,0,0,0,0.0,0.0,0.0,0.0,0.0,0.0,0.0,0.0,0.0,0.0,0.0,0.0,0.0,0.0,0.0,0.0,0,-107875648.0,69,0.0,138,0.0,0.0,0,13107,17040,13107,17049,13107,17043,0,0,0,70,68,100,2.7302359370752657e+23,71.1,0.0,74.2,2.7302370179391762e+23,74.0,1,49,50,180,0,52429,0,0,0.0,0.0,0.0,0.0,-0.0,67.0,0.0,162057.094,0.0,750,0,739,0,0,0,721,0,766,0,736,0,742,0,741,0,712,0,7520,0.032,78920024064.0,0.0,0.0,784,16797,-0.0,162057.094,-114818.039,-0.0,0.133,6.909358625270745e+28,30.0,65.0,35,0.0,0.0,0.0,0.0,0.0,0.0,0.0,0.0,0.0,0.0,0.0,0.0,0.0,0.0,0.0,0.0,69.2,0,150,71,54,65476,0,300,0,1,8,20529,65476,0,0,40632,65.0,0.0,0.0,0.0,0.0,0.0
2026-09-04T20:41:45,ERR,ERR,ERR,ERR,ERR,ERR,ERR,ERR,ERR,ERR,ERR,ERR,ERR,ERR,ERR,ERR,ERR,ERR,ERR,ERR,ERR,ERR,ERR,ERR,ERR,ERR,ERR,ERR,ERR,ERR,ERR,ERR,ERR,ERR,ERR,ERR,ERR,ERR,ERR,ERR,ERR,ERR,ERR,ERR,ERR,ERR,ERR,ERR,ERR,ERR,ERR,ERR,ERR,ERR,ERR,ERR,ERR,ERR,ERR,ERR,ERR,ERR,ERR,ERR,ERR,ERR,ERR,ERR,ERR,ERR,ERR,ERR,ERR,ERR,ERR,ERR,ERR,ERR,ERR,ERR,ERR,ERR,ERR,ERR,ERR,ERR,ERR,ERR,ERR,ERR,ERR,ERR,ERR,ERR,ERR,ERR,ERR,ERR,ERR,ERR,ERR,ERR,ERR,ERR,ERR,ERR,ERR,ERR,ERR,ERR,ERR,ERR,ERR,ERR,ERR,ERR,ERR,ERR,ERR,ERR,ERR,ERR,ERR,ERR,ERR,0.0,0.0,0.0,0.0,0.0,1.3936040501711995e+18,7.805,0.0,0,0,4,0,7116,0.0,100,0.0,0.0,0.0,0.0,0.0,0,0,0,0,0.0,0,0,0,0,0,0,0,0,0,0,0,0,0,0,0,0,0,0,0,0,0,0,0,0,0,0,0,0,0,0,0,0,0,31,40,40,71,65476,0,300,0,0,8,21553,0.0,-107605600.0,0.0,0.0,0.0,0.0,0.0,0.0,0.0,0.0,0.0,0.0,0.0,0.0,0.0,0.0,0.0,0.0,0.0,0.0,0.0,0.0,-2.004,2.004,-0.0,-2.004,0.0,0.0,0.0,0.0,6341.0,0.0,6915.0,0.0,0.0,2.7184303811560617e+23,0.0,0.0,0.0,0.0,0.0,69,-152018572279808.0,-0.0,0.0,0.0,0.0,0.0,0.0,0.0,0.0,0,0,0,0.0,0.0,0.0,0.0,0.0,0.0,0.0,0.0,0.0,0.0,0.0,0.0,0.0,0.0,0.0,0.0,0,-107875648.0,69,0.0,138,0.0,0.0,0,13107,17040,13107,17049,13107,17043,0,0,0,70,68,100,2.7302359370752657e+23,71.1,0.0,74.2,2.7302370179391762e+23,74.0,1,49,50,180,0,52429,0,0,0.0,0.0,0.0,0.0,-0.0,67.0,0.0,162057.094,0.0,750,0,739,0,0,0,721,0,766,0,736,0,742,0,741,0,712,0,7520,0.032,78920024064.0,0.0,0.0,784,16797,-0.0,162057.094,-114818.039,-0.0,0.133,6.909358625270745e+28,30.0,65.0,35,0.0,0.0,0.0,0.0,0.0,0.0,0.0,0.0,0.0,0.0,0.0,0.0,0.0,0.0,0.0,0.0,69.2,0,150,71,54,65476,0,300,0,1,8,20529,65476,0,0,40632,65.0,0.0,0.0,0.0,0.0,0.0
2026-09-04T20:41:46,ERR,ERR,ERR,ERR,ERR,ERR,ERR,ERR,ERR,ERR,ERR,ERR,ERR,ERR,ERR,ERR,ERR,ERR,ERR,ERR,ERR,ERR,ERR,ERR,ERR,ERR,ERR,ERR,ERR,ERR,ERR,ERR,ERR,ERR,ERR,ERR,ERR,ERR,ERR,ERR,ERR,ERR,ERR,ERR,ERR,ERR,ERR,ERR,ERR,ERR,ERR,ERR,ERR,ERR,ERR,ERR,ERR,ERR,ERR,ERR,ERR,ERR,ERR,ERR,ERR,ERR,ERR,ERR,ERR,ERR,ERR,ERR,ERR,ERR,ERR,ERR,ERR,ERR,ERR,ERR,ERR,ERR,ERR,ERR,ERR,ERR,ERR,ERR,ERR,ERR,ERR,ERR,ERR,ERR,ERR,ERR,ERR,ERR,ERR,ERR,ERR,ERR,ERR,ERR,ERR,ERR,ERR,ERR,ERR,ERR,ERR,ERR,ERR,ERR,ERR,ERR,ERR,ERR,ERR,ERR,ERR,ERR,ERR,ERR,ERR,0.0,0.0,0.0,0.0,0.0,1.3936040501711995e+18,7.805,0.0,0,0,4,0,7116,0.0,100,0.0,0.0,0.0,0.0,0.0,0,0,0,0,0.0,0,0,0,0,0,0,0,0,0,0,0,0,0,0,0,0,0,0,0,0,0,0,0,0,0,0,0,0,0,0,0,0,0,31,40,40,71,65476,0,300,0,0,8,21553,0.0,-107605600.0,0.0,0.0,0.0,0.0,0.0,0.0,0.0,0.0,0.0,0.0,0.0,0.0,0.0,0.0,0.0,0.0,0.0,0.0,0.0,0.0,-2.004,2.004,-0.0,-2.004,0.0,0.0,0.0,0.0,6341.0,0.0,6915.0,0.0,0.0,2.7184303811560617e+23,0.0,0.0,0.0,0.0,0.0,69,-152018572279808.0,-0.0,0.0,0.0,0.0,0.0,0.0,0.0,0.0,0,0,0,0.0,0.0,0.0,0.0,0.0,0.0,0.0,0.0,0.0,0.0,0.0,0.0,0.0,0.0,0.0,0.0,0,-107875648.0,69,0.0,138,0.0,0.0,0,13107,17040,13107,17049,0,17043,0,0,0,70,68,100,2.7302359370752657e+23,71.1,0.0,74.2,2.7302370179391762e+23,74.0,1,49,50,180,0,52429,0,0,0.0,0.0,0.0,0.0,-0.0,67.0,0.0,162057.094,0.0,750,0,739,0,0,0,721,0,766,0,736,0,742,0,741,0,712,0,7520,0.032,79456894976.0,0.0,0.0,784,16797,-0.0,162057.094,-114818.039,-0.0,0.133,6.909358625270745e+28,30.0,65.0,35,0.0,0.0,0.0,0.0,0.0,0.0,0.0,0.0,0.0,0.0,0.0,0.0,0.0,0.0,0.0,0.0,69.2,0,150,71,54,65476,0,300,0,1,8,20529,65476,0,0,40632,65.0,0.0,0.0,0.0,0.0,0.0
2026-09-04T20:41:47,ERR,ERR,ERR,ERR,ERR,ERR,ERR,ERR,ERR,ERR,ERR,ERR,ERR,ERR,ERR,ERR,ERR,ERR,ERR,ERR,ERR,ERR,ERR,ERR,ERR,ERR,ERR,ERR,ERR,ERR,ERR,ERR,ERR,ERR,ERR,ERR,ERR,ERR,ERR,ERR,ERR,ERR,ERR,ERR,ERR,ERR,ERR,ERR,ERR,ERR,ERR,ERR,ERR,ERR,ERR,ERR,ERR,ERR,ERR,ERR,ERR,ERR,ERR,ERR,ERR,ERR,ERR,ERR,ERR,ERR,ERR,ERR,ERR,ERR,ERR,ERR,ERR,ERR,ERR,ERR,ERR,ERR,ERR,ERR,ERR,ERR,ERR,ERR,ERR,ERR,ERR,ERR,ERR,ERR,ERR,ERR,ERR,ERR,ERR,ERR,ERR,ERR,ERR,ERR,ERR,ERR,ERR,ERR,ERR,ERR,ERR,ERR,ERR,ERR,ERR,ERR,ERR,ERR,ERR,ERR,ERR,ERR,ERR,ERR,ERR,0.0,0.0,0.0,0.0,0.0,1.3936040501711995e+18,7.805,0.0,0,0,4,0,7116,0.0,100,0.0,0.0,0.0,0.0,0.0,0,0,0,0,0.0,0,0,0,0,0,0,0,0,0,0,0,0,0,0,0,0,0,0,0,0,0,0,0,0,0,0,0,0,0,0,0,0,0,31,40,40,71,65476,0,300,0,0,8,21553,0.0,-107605600.0,0.0,0.0,0.0,0.0,0.0,0.0,0.0,0.0,0.0,0.0,0.0,0.0,0.0,0.0,0.0,0.0,0.0,0.0,0.0,0.0,-2.004,2.004,-0.0,-2.004,0.0,0.0,0.0,0.0,6341.0,0.0,6915.0,0.0,0.0,2.7184303811560617e+23,0.0,0.0,0.0,0.0,0.0,69,-152018572279808.0,-0.0,0.0,0.0,0.0,0.0,0.0,0.0,0.0,0,0,0,0.0,0.0,0.0,0.0,0.0,0.0,0.0,0.0,0.0,0.0,0.0,0.0,0.0,0.0,0.0,0.0,0,-107875648.0,69,0.0,138,0.0,0.0,0,13107,17040,13107,17049,0,17043,0,0,0,70,68,100,2.7302359370752657e+23,71.1,0.0,74.2,2.7302370179391762e+23,74.0,1,49,50,180,0,52429,0,0,0.0,0.0,0.0,0.0,-0.0,67.0,0.0,162057.094,0.0,750,0,739,0,0,0,721,0,766,0,736,0,742,0,741,0,712,0,7520,0.032,79456894976.0,0.0,0.0,784,16797,-0.0,162057.094,-114818.039,-0.0,0.133,6.909358625270745e+28,30.0,65.0,35,0.0,0.0,0.0,0.0,0.0,0.0,0.0,0.0,0.0,0.0,0.0,0.0,0.0,0.0,0.0,0.0,69.6,0,150,71,54,65476,0,300,0,1,8,20529,65476,0,0,40632,65.0,0.0,0.0,0.0,0.0,0.0
2026-09-04T20:41:48,ERR,ERR,ERR,ERR,ERR,ERR,ERR,ERR,ERR,ERR,ERR,ERR,ERR,ERR,ERR,ERR,ERR,ERR,ERR,ERR,ERR,ERR,ERR,ERR,ERR,ERR,ERR,ERR,ERR,ERR,ERR,ERR,ERR,ERR,ERR,ERR,ERR,ERR,ERR,ERR,ERR,ERR,ERR,ERR,ERR,ERR,ERR,ERR,ERR,ERR,ERR,ERR,ERR,ERR,ERR,ERR,ERR,ERR,ERR,ERR,ERR,ERR,ERR,ERR,ERR,ERR,ERR,ERR,ERR,ERR,ERR,ERR,ERR,ERR,ERR,ERR,ERR,ERR,ERR,ERR,ERR,ERR,ERR,ERR,ERR,ERR,ERR,ERR,ERR,ERR,ERR,ERR,ERR,ERR,ERR,ERR,ERR,ERR,ERR,ERR,ERR,ERR,ERR,ERR,ERR,ERR,ERR,ERR,ERR,ERR,ERR,ERR,ERR,ERR,ERR,ERR,ERR,ERR,ERR,ERR,ERR,ERR,ERR,ERR,ERR,0.0,0.0,0.0,0.0,0.0,1.3936040501711995e+18,7.805,0.0,0,0,4,0,7116,0.0,100,0.0,0.0,0.0,0.0,0.0,0,0,0,0,0.0,0,0,0,0,0,0,0,0,0,0,0,0,0,0,0,0,0,0,0,0,0,0,0,0,0,0,0,0,0,0,0,0,0,31,40,40,71,65476,0,300,0,0,8,21553,0.0,-107605600.0,0.0,0.0,0.0,0.0,0.0,0.0,0.0,0.0,0.0,0.0,0.0,0.0,0.0,0.0,0.0,0.0,0.0,0.0,0.0,0.0,-2.004,2.004,-0.0,-2.004,0.0,0.0,0.0,0.0,6341.0,0.0,6915.0,0.0,0.0,2.7184303811560617e+23,0.0,0.0,0.0,0.0,0.0,69,-152018572279808.0,-0.0,0.0,0.0,0.0,0.0,0.0,0.0,0.0,0,0,0,0.0,0.0,0.0,0.0,0.0,0.0,0.0,0.0,0.0,0.0,0.0,0.0,0.0,0.0,0.0,0.0,0,-107875648.0,69,0.0,138,0.0,0.0,0,13107,17040,13107,17049,0,17043,0,0,0,70,68,100,2.7302359370752657e+23,71.1,0.0,74.2,2.7302370179391762e+23,74.0,1,49,50,180,0,52429,0,0,0.0,0.0,0.0,0.0,-0.0,67.0,0.0,162057.094,0.0,750,0,739,0,0,0,721,0,766,0,736,0,742,0,741,0,712,0,7520,0.032,79456894976.0,0.0,0.0,784,16797,-0.0,162057.094,-114818.039,-0.0,0.133,6.909358625270745e+28,30.0,65.0,35,0.0,0.0,0.0,0.0,0.0,0.0,0.0,0.0,0.0,0.0,0.0,0.0,0.0,0.0,0.0,0.0,69.6,0,150,71,54,65476,0,300,0,1,8,20529,65476,0,0,40632,65.0,0.0,0.0,0.0,0.0,0.0
2026-09-04T20:41:49,ERR,ERR,ERR,ERR,ERR,ERR,ERR,ERR,ERR,ERR,ERR,ERR,ERR,ERR,ERR,ERR,ERR,ERR,ERR,ERR,ERR,ERR,ERR,ERR,ERR,ERR,ERR,ERR,ERR,ERR,ERR,ERR,ERR,ERR,ERR,ERR,ERR,ERR,ERR,ERR,ERR,ERR,ERR,ERR,ERR,ERR,ERR,ERR,ERR,ERR,ERR,ERR,ERR,ERR,ERR,ERR,ERR,ERR,ERR,ERR,ERR,ERR,ERR,ERR,ERR,ERR,ERR,ERR,ERR,ERR,ERR,ERR,ERR,ERR,ERR,ERR,ERR,ERR,ERR,ERR,ERR,ERR,ERR,ERR,ERR,ERR,ERR,ERR,ERR,ERR,ERR,ERR,ERR,ERR,ERR,ERR,ERR,ERR,ERR,ERR,ERR,ERR,ERR,ERR,ERR,ERR,ERR,ERR,ERR,ERR,ERR,ERR,ERR,ERR,ERR,ERR,ERR,ERR,ERR,ERR,ERR,ERR,ERR,ERR,ERR,0.0,0.0,0.0,0.0,0.0,1.3936040501711995e+18,7.805,0.0,0,0,4,0,7116,0.0,100,0.0,0.0,0.0,0.0,0.0,0,0,0,0,0.0,0,0,0,0,0,0,0,0,0,0,0,0,0,0,0,0,0,0,0,0,0,0,0,0,0,0,0,0,0,0,0,0,0,31,40,40,71,65476,0,300,0,0,8,21553,0.0,-107605600.0,0.0,0.0,0.0,0.0,0.0,0.0,0.0,0.0,0.0,0.0,0.0,0.0,0.0,0.0,0.0,0.0,0.0,0.0,0.0,0.0,-2.004,2.004,-0.0,-2.004,0.0,0.0,0.0,0.0,6304.0,-0.0,6933.0,0.0,0.0,2.7184303811560617e+23,0.0,0.0,0.0,0.0,0.0,69,-126841167872.0,0.0,0.0,0.0,0.0,0.0,0.0,0.0,0.0,0,0,0,0.0,0.0,0.0,0.0,0.0,0.0,0.0,0.0,0.0,0.0,0.0,0.0,0.0,0.0,0.0,0.0,0,-107875648.0,69,0.0,138,0.0,0.0,0,13107,17040,13107,17049,0,17043,0,0,0,70,68,100,2.7302359370752657e+23,71.1,0.0,74.2,2.7302370179391762e+23,74.0,1,49,50,180,0,52429,0,0,0.0,0.0,0.0,0.0,-0.0,67.0,0.0,162057.094,0.0,750,0,739,0,0,0,721,0,766,0,736,0,742,0,741,0,712,0,7520,0.032,79456894976.0,0.0,0.0,784,16797,-0.0,162057.094,-114818.039,-0.0,0.133,6.909358625270745e+28,30.0,65.0,35,0.0,0.0,0.0,0.0,0.0,0.0,0.0,0.0,0.0,0.0,0.0,0.0,0.0,0.0,0.0,0.0,69.6,0,150,71,54,65476,0,300,0,1,8,20529,65476,0,0,40632,65.0,0.0,0.0,0.0,0.0,0.0
2026-09-04T20:41:50,ERR,ERR,ERR,ERR,ERR,ERR,ERR,ERR,ERR,ERR,ERR,ERR,ERR,ERR,ERR,ERR,ERR,ERR,ERR,ERR,ERR,ERR,ERR,ERR,ERR,ERR,ERR,ERR,ERR,ERR,ERR,ERR,ERR,ERR,ERR,ERR,ERR,ERR,ERR,ERR,ERR,ERR,ERR,ERR,ERR,ERR,ERR,ERR,ERR,ERR,ERR,ERR,ERR,ERR,ERR,ERR,ERR,ERR,ERR,ERR,ERR,ERR,ERR,ERR,ERR,ERR,ERR,ERR,ERR,ERR,ERR,ERR,ERR,ERR,ERR,ERR,ERR,ERR,ERR,ERR,ERR,ERR,ERR,ERR,ERR,ERR,ERR,ERR,ERR,ERR,ERR,ERR,ERR,ERR,ERR,ERR,ERR,ERR,ERR,ERR,ERR,ERR,ERR,ERR,ERR,ERR,ERR,ERR,ERR,ERR,ERR,ERR,ERR,ERR,ERR,ERR,ERR,ERR,ERR,ERR,ERR,ERR,ERR,ERR,ERR,0.0,0.0,0.0,0.0,0.0,1.3936040501711995e+18,7.805,0.0,0,0,4,0,7116,0.0,100,0.0,0.0,0.0,0.0,0.0,0,0,0,0,0.0,0,0,0,0,0,0,0,0,0,0,0,0,0,0,0,0,0,0,0,0,0,0,0,0,0,0,0,0,0,0,0,0,0,31,40,40,71,65476,0,300,0,0,8,21553,0.0,-107605600.0,0.0,0.0,0.0,0.0,0.0,0.0,0.0,0.0,0.0,0.0,0.0,0.0,0.0,0.0,0.0,0.0,0.0,0.0,0.0,0.0,-2.004,2.004,-0.0,-2.004,0.0,0.0,0.0,0.0,6304.0,-0.0,6933.0,0.0,0.0,2.7184303811560617e+23,0.0,0.0,0.0,0.0,0.0,69,-126841167872.0,0.0,0.0,0.0,0.0,0.0,0.0,0.0,0.0,0,0,0,0.0,0.0,0.0,0.0,0.0,0.0,0.0,0.0,0.0,0.0,0.0,0.0,0.0,0.0,0.0,0.0,0,-107875648.0,69,0.0,138,0.0,0.0,0,13107,17040,13107,17049,0,17043,0,0,0,70,68,100,2.7302359370752657e+23,71.1,0.0,74.2,2.7302370179391762e+23,74.0,1,49,50,180,0,52429,0,0,0.0,0.0,0.0,0.0,-0.0,67.0,0.0,162057.094,0.0,750,0,739,0,0,0,721,0,766,0,736,0,742,0,741,0,712,0,7520,0.032,79456894976.0,0.0,0.0,784,16797,-0.0,162057.094,-114818.039,-0.0,0.133,6.909358625270745e+28,30.0,65.0,35,0.0,0.0,0.0,0.0,0.0,0.0,0.0,0.0,0.0,0.0,0.0,0.0,0.0,0.0,0.0,0.0,69.2,0,150,71,54,65476,0,300,0,1,8,20529,65476,0,0,40632,65.0,0.0,0.0,0.0,0.0,0.0
2026-09-04T20:41:51,ERR,ERR,ERR,ERR,ERR,ERR,ERR,ERR,ERR,ERR,ERR,ERR,ERR,ERR,ERR,ERR,ERR,ERR,ERR,ERR,ERR,ERR,ERR,ERR,ERR,ERR,ERR,ERR,ERR,ERR,ERR,ERR,ERR,ERR,ERR,ERR,ERR,ERR,ERR,ERR,ERR,ERR,ERR,ERR,ERR,ERR,ERR,ERR,ERR,ERR,ERR,ERR,ERR,ERR,ERR,ERR,ERR,ERR,ERR,ERR,ERR,ERR,ERR,ERR,ERR,ERR,ERR,ERR,ERR,ERR,ERR,ERR,ERR,ERR,ERR,ERR,ERR,ERR,ERR,ERR,ERR,ERR,ERR,ERR,ERR,ERR,ERR,ERR,ERR,ERR,ERR,ERR,ERR,ERR,ERR,ERR,ERR,ERR,ERR,ERR,ERR,ERR,ERR,ERR,ERR,ERR,ERR,ERR,ERR,ERR,ERR,ERR,ERR,ERR,ERR,ERR,ERR,ERR,ERR,ERR,ERR,ERR,ERR,ERR,ERR,0.0,0.0,0.0,0.0,0.0,1.3936040501711995e+18,7.805,0.0,0,0,4,0,7116,0.0,100,0.0,0.0,0.0,0.0,0.0,0,0,0,0,0.0,0,0,0,0,0,0,0,0,0,0,0,0,0,0,0,0,0,0,0,0,0,0,0,0,0,0,0,0,0,0,0,0,0,31,40,40,71,65476,0,300,0,0,8,21553,0.0,-107605600.0,0.0,0.0,0.0,0.0,0.0,0.0,0.0,0.0,0.0,0.0,0.0,0.0,0.0,0.0,0.0,0.0,0.0,0.0,0.0,0.0,-2.004,2.004,-0.0,-2.004,0.0,0.0,0.0,0.0,6304.0,-0.0,6933.0,0.0,0.0,2.7184303811560617e+23,0.0,0.0,0.0,0.0,0.0,69,-126841167872.0,0.0,0.0,0.0,0.0,0.0,0.0,0.0,0.0,0,0,0,0.0,0.0,0.0,0.0,0.0,0.0,0.0,0.0,0.0,0.0,0.0,0.0,0.0,0.0,0.0,0.0,0,-107875648.0,69,0.0,138,0.0,0.0,0,13107,17040,13107,17049,0,17043,0,0,0,70,68,100,2.7302359370752657e+23,71.1,0.0,74.2,2.7302370179391762e+23,74.0,1,49,50,180,0,52429,0,0,0.0,0.0,0.0,0.0,-0.0,67.0,0.0,162057.094,0.0,750,0,739,0,0,0,721,0,766,0,736,0,742,0,741,0,712,0,7520,0.032,79456894976.0,0.0,0.0,784,16797,-0.0,162057.094,-114818.039,-0.0,0.133,6.909358625270745e+28,30.0,65.0,35,0.0,0.0,0.0,0.0,0.0,0.0,0.0,0.0,0.0,0.0,0.0,0.0,0.0,0.0,0.0,0.0,69.2,0,150,71,54,65476,0,300,0,1,8,20529,65476,0,0,40632,65.0,0.0,0.0,0.0,0.0,0.0
2026-09-04T20:41:52,ERR,ERR,ERR,ERR,ERR,ERR,ERR,ERR,ERR,ERR,ERR,ERR,ERR,ERR,ERR,ERR,ERR,ERR,ERR,ERR,ERR,ERR,ERR,ERR,ERR,ERR,ERR,ERR,ERR,ERR,ERR,ERR,ERR,ERR,ERR,ERR,ERR,ERR,ERR,ERR,ERR,ERR,ERR,ERR,ERR,ERR,ERR,ERR,ERR,ERR,ERR,ERR,ERR,ERR,ERR,ERR,ERR,ERR,ERR,ERR,ERR,ERR,ERR,ERR,ERR,ERR,ERR,ERR,ERR,ERR,ERR,ERR,ERR,ERR,ERR,ERR,ERR,ERR,ERR,ERR,ERR,ERR,ERR,ERR,ERR,ERR,ERR,ERR,ERR,ERR,ERR,ERR,ERR,ERR,ERR,ERR,ERR,ERR,ERR,ERR,ERR,ERR,ERR,ERR,ERR,ERR,ERR,ERR,ERR,ERR,ERR,ERR,ERR,ERR,ERR,ERR,ERR,ERR,ERR,ERR,ERR,ERR,ERR,ERR,ERR,0.0,0.0,0.0,0.0,0.0,1.3936040501711995e+18,7.805,0.0,0,0,4,0,7116,0.0,100,0.0,0.0,0.0,0.0,0.0,0,0,0,0,0.0,0,0,0,0,0,0,0,0,0,0,0,0,0,0,0,0,0,0,0,0,0,0,0,0,0,0,0,0,0,0,0,0,0,31,40,40,71,65476,0,300,0,0,8,21553,0.0,-107605600.0,0.0,0.0,0.0,0.0,0.0,0.0,0.0,0.0,0.0,0.0,0.0,0.0,0.0,0.0,0.0,0.0,0.0,0.0,0.0,0.0,-2.004,2.004,-0.0,-2.004,0.0,0.0,0.0,0.0,6304.0,-0.0,6933.0,0.0,0.0,2.7184303811560617e+23,0.0,0.0,0.0,0.0,0.0,69,-126841167872.0,0.0,0.0,0.0,0.0,0.0,0.0,0.0,0.0,0,0,0,0.0,0.0,0.0,0.0,0.0,0.0,0.0,0.0,0.0,0.0,0.0,0.0,0.0,0.0,0.0,0.0,0,-107875648.0,69,0.0,138,0.0,0.0,0,13107,17040,13107,17049,13107,17043,0,0,0,70,68,100,2.7302359370752657e+23,71.1,0.0,74.2,2.7302370179391762e+23,74.0,1,49,50,180,0,52429,0,0,0.0,0.0,0.0,0.0,-0.0,67.0,0.0,162057.094,0.0,750,0,739,0,0,0,721,0,766,0,736,0,742,0,741,0,712,0,7520,0.032,78920024064.0,0.0,0.0,784,16797,-0.0,162057.094,-114818.039,-0.0,0.133,6.909358625270745e+28,30.0,65.0,35,0.0,0.0,0.0,0.0,0.0,0.0,0.0,0.0,0.0,0.0,0.0,0.0,0.0,0.0,0.0,0.0,69.2,0,150,71,54,65476,0,300,0,1,8,20529,65476,0,0,40632,65.0,0.0,0.0,0.0,0.0,0.0
2026-09-04T20:41:53,ERR,ERR,ERR,ERR,ERR,ERR,ERR,ERR,ERR,ERR,ERR,ERR,ERR,ERR,ERR,ERR,ERR,ERR,ERR,ERR,ERR,ERR,ERR,ERR,ERR,ERR,ERR,ERR,ERR,ERR,ERR,ERR,ERR,ERR,ERR,ERR,ERR,ERR,ERR,ERR,ERR,ERR,ERR,ERR,ERR,ERR,ERR,ERR,ERR,ERR,ERR,ERR,ERR,ERR,ERR,ERR,ERR,ERR,ERR,ERR,ERR,ERR,ERR,ERR,ERR,ERR,ERR,ERR,ERR,ERR,ERR,ERR,ERR,ERR,ERR,ERR,ERR,ERR,ERR,ERR,ERR,ERR,ERR,ERR,ERR,ERR,ERR,ERR,ERR,ERR,ERR,ERR,ERR,ERR,ERR,ERR,ERR,ERR,ERR,ERR,ERR,ERR,ERR,ERR,ERR,ERR,ERR,ERR,ERR,ERR,ERR,ERR,ERR,ERR,ERR,ERR,ERR,ERR,ERR,ERR,ERR,ERR,ERR,ERR,ERR,0.0,0.0,0.0,0.0,0.0,1.3936040501711995e+18,7.805,0.0,0,0,4,0,7116,0.0,100,0.0,0.0,0.0,0.0,0.0,0,0,0,0,0.0,0,0,0,0,0,0,0,0,0,0,0,0,0,0,0,0,0,0,0,0,0,0,0,0,0,0,0,0,0,0,0,0,0,31,40,40,71,65476,0,300,0,0,8,21553,0.0,-107605600.0,0.0,0.0,0.0,0.0,0.0,0.0,0.0,0.0,0.0,0.0,0.0,0.0,0.0,0.0,0.0,0.0,0.0,0.0,0.0,0.0,-2.004,2.004,-0.0,-2.004,0.0,0.0,0.0,0.0,6304.0,-0.0,6933.0,0.0,0.0,2.7184303811560617e+23,0.0,0.0,0.0,0.0,0.0,69,-126841167872.0,0.0,0.0,0.0,0.0,0.0,0.0,0.0,0.0,0,0,0,0.0,0.0,0.0,0.0,0.0,0.0,0.0,0.0,0.0,0.0,0.0,0.0,0.0,0.0,0.0,0.0,0,-107875648.0,69,0.0,138,0.0,0.0,0,13107,17040,13107,17049,13107,17043,0,0,0,70,68,100,2.7302359370752657e+23,71.1,0.0,74.2,2.7302370179391762e+23,74.0,1,49,50,180,0,52429,0,0,0.0,0.0,0.0,0.0,-0.0,67.0,0.0,162057.094,0.0,750,0,739,0,0,0,721,0,766,0,736,0,742,0,741,0,712,0,7520,0.032,78920024064.0,0.0,0.0,784,16797,-0.0,162057.094,-114818.039,-0.0,0.133,6.909358625270745e+28,30.0,65.0,35,0.0,0.0,0.0,0.0,0.0,0.0,0.0,0.0,0.0,0.0,0.0,0.0,0.0,0.0,0.0,0.0,69.2,0,150,71,54,65476,0,300,0,1,8,20529,65476,0,0,40632,65.0,0.0,0.0,0.0,0.0,0.0
2026-09-04T20:41:54,ERR,ERR,ERR,ERR,ERR,ERR,ERR,ERR,ERR,ERR,ERR,ERR,ERR,ERR,ERR,ERR,ERR,ERR,ERR,ERR,ERR,ERR,ERR,ERR,ERR,ERR,ERR,ERR,ERR,ERR,ERR,ERR,ERR,ERR,ERR,ERR,ERR,ERR,ERR,ERR,ERR,ERR,ERR,ERR,ERR,ERR,ERR,ERR,ERR,ERR,ERR,ERR,ERR,ERR,ERR,ERR,ERR,ERR,ERR,ERR,ERR,ERR,ERR,ERR,ERR,ERR,ERR,ERR,ERR,ERR,ERR,ERR,ERR,ERR,ERR,ERR,ERR,ERR,ERR,ERR,ERR,ERR,ERR,ERR,ERR,ERR,ERR,ERR,ERR,ERR,ERR,ERR,ERR,ERR,ERR,ERR,ERR,ERR,ERR,ERR,ERR,ERR,ERR,ERR,ERR,ERR,ERR,ERR,ERR,ERR,ERR,ERR,ERR,ERR,ERR,ERR,ERR,ERR,ERR,ERR,ERR,ERR,ERR,ERR,ERR,0.0,0.0,0.0,0.0,0.0,1.3936040501711995e+18,7.805,0.0,0,0,4,0,7116,0.0,100,0.0,0.0,0.0,0.0,0.0,0,0,0,0,0.0,0,0,0,0,0,0,0,0,0,0,0,0,0,0,0,0,0,0,0,0,0,0,0,0,0,0,0,0,0,0,0,0,0,31,40,40,71,65476,0,300,0,0,8,21553,0.0,-107605600.0,0.0,0.0,0.0,0.0,0.0,0.0,0.0,0.0,0.0,0.0,0.0,0.0,0.0,0.0,0.0,0.0,0.0,0.0,0.0,0.0,-2.004,2.004,-0.0,-2.004,0.0,0.0,0.0,0.0,6304.0,-0.0,6933.0,0.0,0.0,2.7184303811560617e+23,0.0,0.0,0.0,0.0,0.0,69,-126841167872.0,0.0,0.0,0.0,0.0,0.0,0.0,0.0,0.0,0,0,0,0.0,0.0,0.0,0.0,0.0,0.0,0.0,0.0,0.0,0.0,0.0,0.0,0.0,0.0,0.0,0.0,0,-107875648.0,69,0.0,138,0.0,0.0,0,13107,17040,13107,17049,13107,17043,0,0,0,70,68,100,2.7302359370752657e+23,71.1,0.0,74.2,2.7302370179391762e+23,74.0,1,49,50,180,0,52429,0,0,0.0,0.0,0.0,0.0,-0.0,67.0,0.0,162057.094,0.0,750,0,739,0,0,0,721,0,766,0,736,0,742,0,741,0,712,0,7520,0.032,78920024064.0,0.0,0.0,784,16797,-0.0,162057.094,-114818.039,-0.0,0.133,6.909358625270745e+28,30.0,65.0,35,0.0,0.0,0.0,0.0,0.0,0.0,0.0,0.0,0.0,0.0,0.0,0.0,0.0,0.0,0.0,0.0,69.2,0,150,71,54,65476,0,300,0,1,8,20529,65476,0,0,40632,65.0,0.0,0.0,0.0,0.0,0.0
2026-09-04T20:41:55,ERR,ERR,ERR,ERR,ERR,ERR,ERR,ERR,ERR,ERR,ERR,ERR,ERR,ERR,ERR,ERR,ERR,ERR,ERR,ERR,ERR,ERR,ERR,ERR,ERR,ERR,ERR,ERR,ERR,ERR,ERR,ERR,ERR,ERR,ERR,ERR,ERR,ERR,ERR,ERR,ERR,ERR,ERR,ERR,ERR,ERR,ERR,ERR,ERR,ERR,ERR,ERR,ERR,ERR,ERR,ERR,ERR,ERR,ERR,ERR,ERR,ERR,ERR,ERR,ERR,ERR,ERR,ERR,ERR,ERR,ERR,ERR,ERR,ERR,ERR,ERR,ERR,ERR,ERR,ERR,ERR,ERR,ERR,ERR,ERR,ERR,ERR,ERR,ERR,ERR,ERR,ERR,ERR,ERR,ERR,ERR,ERR,ERR,ERR,ERR,ERR,ERR,ERR,ERR,ERR,ERR,ERR,ERR,ERR,ERR,ERR,ERR,ERR,ERR,ERR,ERR,ERR,ERR,ERR,ERR,ERR,ERR,ERR,ERR,ERR,0.0,0.0,0.0,0.0,0.0,1.3936040501711995e+18,7.805,0.0,0,0,4,0,7116,0.0,100,0.0,0.0,0.0,0.0,0.0,0,0,0,0,0.0,0,0,0,0,0,0,0,0,0,0,0,0,0,0,0,0,0,0,0,0,0,0,0,0,0,0,0,0,0,0,0,0,0,31,40,40,71,65476,0,300,0,0,8,21553,0.0,-107605600.0,0.0,0.0,0.0,0.0,0.0,0.0,0.0,0.0,0.0,0.0,0.0,0.0,0.0,0.0,0.0,0.0,0.0,0.0,0.0,0.0,-2.004,2.004,-0.0,-2.004,0.0,0.0,0.0,0.0,6304.0,-0.0,6933.0,0.0,0.0,2.7184303811560617e+23,0.0,0.0,0.0,0.0,0.0,69,-126841167872.0,0.0,0.0,0.0,0.0,0.0,0.0,0.0,0.0,0,0,0,0.0,0.0,0.0,0.0,0.0,0.0,0.0,0.0,0.0,0.0,0.0,0.0,0.0,0.0,0.0,0.0,0,-107875648.0,69,0.0,138,0.0,0.0,0,13107,17040,13107,17049,13107,17043,0,0,0,70,68,100,2.7302359370752657e+23,71.1,0.0,74.2,2.7302370179391762e+23,74.0,1,49,50,180,0,52429,0,0,0.0,0.0,0.0,0.0,-0.0,67.0,0.0,162057.094,0.0,750,0,739,0,0,0,721,0,766,0,736,0,742,0,741,0,712,0,7520,0.032,78920024064.0,0.0,0.0,784,16797,-0.0,162057.094,-114818.039,-0.0,0.133,6.909358625270745e+28,30.0,65.0,35,0.0,0.0,0.0,0.0,0.0,0.0,0.0,0.0,0.0,0.0,0.0,0.0,0.0,0.0,0.0,0.0,69.2,0,150,71,54,65476,0,300,0,1,8,20529,65476,0,0,40632,65.0,0.0,0.0,0.0,0.0,0.0
2026-09-04T20:41:56,ERR,ERR,ERR,ERR,ERR,ERR,ERR,ERR,ERR,ERR,ERR,ERR,ERR,ERR,ERR,ERR,ERR,ERR,ERR,ERR,ERR,ERR,ERR,ERR,ERR,ERR,ERR,ERR,ERR,ERR,ERR,ERR,ERR,ERR,ERR,ERR,ERR,ERR,ERR,ERR,ERR,ERR,ERR,ERR,ERR,ERR,ERR,ERR,ERR,ERR,ERR,ERR,ERR,ERR,ERR,ERR,ERR,ERR,ERR,ERR,ERR,ERR,ERR,ERR,ERR,ERR,ERR,ERR,ERR,ERR,ERR,ERR,ERR,ERR,ERR,ERR,ERR,ERR,ERR,ERR,ERR,ERR,ERR,ERR,ERR,ERR,ERR,ERR,ERR,ERR,ERR,ERR,ERR,ERR,ERR,ERR,ERR,ERR,ERR,ERR,ERR,ERR,ERR,ERR,ERR,ERR,ERR,ERR,ERR,ERR,ERR,ERR,ERR,ERR,ERR,ERR,ERR,ERR,ERR,ERR,ERR,ERR,ERR,ERR,ERR,0.0,0.0,0.0,0.0,0.0,1.3936040501711995e+18,7.805,0.0,0,0,4,0,7116,0.0,100,0.0,0.0,0.0,0.0,0.0,0,0,0,0,0.0,0,0,0,0,0,0,0,0,0,0,0,0,0,0,0,0,0,0,0,0,0,0,0,0,0,0,0,0,0,0,0,0,0,31,40,40,71,65476,0,300,0,0,8,21553,0.0,-107605600.0,0.0,0.0,0.0,0.0,0.0,0.0,0.0,0.0,0.0,0.0,0.0,0.0,0.0,0.0,0.0,0.0,0.0,0.0,0.0,0.0,-2.004,2.004,-0.0,-2.004,0.0,0.0,0.0,0.0,6274.0,-564148517732352.0,6939.0,0.0,0.0,2.7184303811560617e+23,0.0,0.0,0.0,0.0,0.0,69,-152018572279808.0,-71.63,0.0,0.0,0.0,0.0,0.0,0.0,0.0,0,0,0,0.0,0.0,0.0,0.0,0.0,0.0,0.0,0.0,0.0,0.0,0.0,0.0,0.0,0.0,0.0,0.0,0,-107875648.0,69,0.0,138,0.0,0.0,0,13107,17040,13107,17049,13107,17043,0,0,0,70,68,100,2.7302359370752657e+23,71.1,0.0,74.2,2.7302370179391762e+23,74.0,1,49,50,180,0,52429,0,0,0.0,0.0,0.0,0.0,-0.0,67.0,0.0,162057.094,0.0,750,0,739,0,0,0,721,0,766,0,736,0,742,0,741,0,712,0,7520,0.032,78920024064.0,0.0,0.0,784,16797,-0.0,162057.094,-114818.039,-0.0,0.133,6.909358625270745e+28,30.0,65.0,35,0.0,0.0,0.0,0.0,0.0,0.0,0.0,0.0,0.0,0.0,0.0,0.0,0.0,0.0,0.0,0.0,69.2,0,150,71,54,65476,0,300,0,1,8,20529,65476,0,0,40632,65.0,0.0,0.0,0.0,0.0,0.0
2026-09-04T20:41:57,ERR,ERR,ERR,ERR,ERR,ERR,ERR,ERR,ERR,ERR,ERR,ERR,ERR,ERR,ERR,ERR,ERR,ERR,ERR,ERR,ERR,ERR,ERR,ERR,ERR,ERR,ERR,ERR,ERR,ERR,ERR,ERR,ERR,ERR,ERR,ERR,ERR,ERR,ERR,ERR,ERR,ERR,ERR,ERR,ERR,ERR,ERR,ERR,ERR,ERR,ERR,ERR,ERR,ERR,ERR,ERR,ERR,ERR,ERR,ERR,ERR,ERR,ERR,ERR,ERR,ERR,ERR,ERR,ERR,ERR,ERR,ERR,ERR,ERR,ERR,ERR,ERR,ERR,ERR,ERR,ERR,ERR,ERR,ERR,ERR,ERR,ERR,ERR,ERR,ERR,ERR,ERR,ERR,ERR,ERR,ERR,ERR,ERR,ERR,ERR,ERR,ERR,ERR,ERR,ERR,ERR,ERR,ERR,ERR,ERR,ERR,ERR,ERR,ERR,ERR,ERR,ERR,ERR,ERR,ERR,ERR,ERR,ERR,ERR,ERR,0.0,0.0,0.0,0.0,0.0,1.3936040501711995e+18,7.805,0.0,0,0,4,0,7116,0.0,100,0.0,0.0,0.0,0.0,0.0,0,0,0,0,0.0,0,0,0,0,0,0,0,0,0,0,0,0,0,0,0,0,0,0,0,0,0,0,0,0,0,0,0,0,0,0,0,0,0,31,40,40,71,65476,0,300,0,0,8,21553,0.0,-107605600.0,0.0,0.0,0.0,0.0,0.0,0.0,0.0,0.0,0.0,0.0,0.0,0.0,0.0,0.0,0.0,0.0,0.0,0.0,0.0,0.0,-2.004,2.004,-0.0,-2.004,0.0,0.0,0.0,0.0,6274.0,-564148517732352.0,6939.0,0.0,0.0,2.7184303811560617e+23,0.0,0.0,0.0,0.0,0.0,69,-152018572279808.0,-71.63,0.0,0.0,0.0,0.0,0.0,0.0,0.0,0,0,0,0.0,0.0,0.0,0.0,0.0,0.0,0.0,0.0,0.0,0.0,0.0,0.0,0.0,0.0,0.0,0.0,0,-107875648.0,69,0.0,138,0.0,0.0,0,13107,17040,13107,17049,13107,17043,0,0,0,70,68,100,2.7302359370752657e+23,71.1,0.0,74.2,2.7302370179391762e+23,74.0,1,49,50,180,0,52429,0,0,0.0,0.0,0.0,0.0,-0.0,67.0,0.0,162057.094,0.0,750,0,739,0,0,0,721,0,766,0,736,0,742,0,741,0,712,0,7520,0.032,78920024064.0,0.0,0.0,784,16797,-0.0,162057.094,-114818.039,-0.0,0.133,6.909358625270745e+28,30.0,65.0,35,0.0,0.0,0.0,0.0,0.0,0.0,0.0,0.0,0.0,0.0,0.0,0.0,0.0,0.0,0.0,0.0,69.2,0,150,71,54,65476,0,300,0,1,8,20529,65476,0,0,40632,65.0,0.0,0.0,0.0,0.0,0.0
2026-09-04T20:41:58,ERR,ERR,ERR,ERR,ERR,ERR,ERR,ERR,ERR,ERR,ERR,ERR,ERR,ERR,ERR,ERR,ERR,ERR,ERR,ERR,ERR,ERR,ERR,ERR,ERR,ERR,ERR,ERR,ERR,ERR,ERR,ERR,ERR,ERR,ERR,ERR,ERR,ERR,ERR,ERR,ERR,ERR,ERR,ERR,ERR,ERR,ERR,ERR,ERR,ERR,ERR,ERR,ERR,ERR,ERR,ERR,ERR,ERR,ERR,ERR,ERR,ERR,ERR,ERR,ERR,ERR,ERR,ERR,ERR,ERR,ERR,ERR,ERR,ERR,ERR,ERR,ERR,ERR,ERR,ERR,ERR,ERR,ERR,ERR,ERR,ERR,ERR,ERR,ERR,ERR,ERR,ERR,ERR,ERR,ERR,ERR,ERR,ERR,ERR,ERR,ERR,ERR,ERR,ERR,ERR,ERR,ERR,ERR,ERR,ERR,ERR,ERR,ERR,ERR,ERR,ERR,ERR,ERR,ERR,ERR,ERR,ERR,ERR,ERR,ERR,0.0,0.0,0.0,0.0,0.0,1.3936040501711995e+18,7.805,0.0,0,0,4,0,7116,0.0,100,0.0,0.0,0.0,0.0,0.0,0,0,0,0,0.0,0,0,0,0,0,0,0,0,0,0,0,0,0,0,0,0,0,0,0,0,0,0,0,0,0,0,0,0,0,0,0,0,0,31,40,40,71,65476,0,300,0,0,8,21553,0.0,-107605600.0,0.0,0.0,0.0,0.0,0.0,0.0,0.0,0.0,0.0,0.0,0.0,0.0,0.0,0.0,0.0,0.0,0.0,0.0,0.0,0.0,-2.004,2.004,-0.0,-2.004,0.0,0.0,0.0,0.0,6274.0,-564148517732352.0,6939.0,0.0,0.0,2.7184303811560617e+23,0.0,0.0,0.0,0.0,0.0,69,-152018572279808.0,-71.63,0.0,0.0,0.0,0.0,0.0,0.0,0.0,0,0,0,0.0,0.0,0.0,0.0,0.0,0.0,0.0,0.0,0.0,0.0,0.0,0.0,0.0,0.0,0.0,0.0,0,-107875648.0,69,0.0,138,0.0,0.0,0,13107,17040,13107,17049,13107,17043,0,0,0,70,68,100,2.7302359370752657e+23,71.1,0.0,74.2,2.7302370179391762e+23,74.0,1,49,50,180,0,52429,0,0,0.0,0.0,0.0,0.0,-0.0,67.0,0.0,162057.094,0.0,750,0,739,0,0,0,721,0,766,0,736,0,742,0,741,0,712,0,7520,0.032,78920024064.0,0.0,0.0,784,16797,-0.0,162057.094,-114818.039,-0.0,0.133,6.909358625270745e+28,30.0,65.0,35,0.0,0.0,0.0,0.0,0.0,0.0,0.0,0.0,0.0,0.0,0.0,0.0,0.0,0.0,0.0,0.0,69.2,0,150,71,54,65476,0,300,0,1,8,20529,65476,0,0,40632,65.0,0.0,0.0,0.0,0.0,0.0
2026-09-04T20:41:59,ERR,ERR,ERR,ERR,ERR,ERR,ERR,ERR,ERR,ERR,ERR,ERR,ERR,ERR,ERR,ERR,ERR,ERR,ERR,ERR,ERR,ERR,ERR,ERR,ERR,ERR,ERR,ERR,ERR,ERR,ERR,ERR,ERR,ERR,ERR,ERR,ERR,ERR,ERR,ERR,ERR,ERR,ERR,ERR,ERR,ERR,ERR,ERR,ERR,ERR,ERR,ERR,ERR,ERR,ERR,ERR,ERR,ERR,ERR,ERR,ERR,ERR,ERR,ERR,ERR,ERR,ERR,ERR,ERR,ERR,ERR,ERR,ERR,ERR,ERR,ERR,ERR,ERR,ERR,ERR,ERR,ERR,ERR,ERR,ERR,ERR,ERR,ERR,ERR,ERR,ERR,ERR,ERR,ERR,ERR,ERR,ERR,ERR,ERR,ERR,ERR,ERR,ERR,ERR,ERR,ERR,ERR,ERR,ERR,ERR,ERR,ERR,ERR,ERR,ERR,ERR,ERR,ERR,ERR,ERR,ERR,ERR,ERR,ERR,ERR,0.0,0.0,0.0,0.0,0.0,1.3936040501711995e+18,7.805,0.0,0,0,4,0,7116,0.0,100,0.0,0.0,0.0,0.0,0.0,0,0,0,0,0.0,0,0,0,0,0,0,0,0,0,0,0,0,0,0,0,0,0,0,0,0,0,0,0,0,0,0,0,0,0,0,0,0,0,31,40,40,71,65476,0,300,0,0,8,21553,0.0,-107605600.0,0.0,0.0,0.0,0.0,0.0,0.0,0.0,0.0,0.0,0.0,0.0,0.0,0.0,0.0,0.0,0.0,0.0,0.0,0.0,0.0,-2.004,2.004,-0.0,-2.004,0.0,0.0,0.0,0.0,6274.0,-564148517732352.0,6939.0,0.0,0.0,2.7184303811560617e+23,0.0,0.0,0.0,0.0,0.0,69,-152018572279808.0,-71.63,0.0,0.0,0.0,0.0,0.0,0.0,0.0,0,0,0,0.0,0.0,0.0,0.0,0.0,0.0,0.0,0.0,0.0,0.0,0.0,0.0,0.0,0.0,0.0,0.0,0,-107875648.0,69,0.0,138,0.0,0.0,0,13107,17040,13107,17049,13107,17043,0,0,0,70,68,100,2.7302359370752657e+23,71.1,0.0,74.2,2.7302370179391762e+23,74.0,1,49,50,180,0,52429,0,0,0.0,0.0,0.0,0.0,-0.0,67.0,0.0,162057.094,0.0,750,0,739,0,0,0,721,0,766,0,736,0,742,0,741,0,712,0,7520,0.032,78920024064.0,0.0,0.0,784,16797,-0.0,162057.094,-114818.039,-0.0,0.133,6.909358625270745e+28,30.0,65.0,35,0.0,0.0,0.0,0.0,0.0,0.0,0.0,0.0,0.0,0.0,0.0,0.0,0.0,0.0,0.0,0.0,69.2,0,150,71,54,65476,0,300,0,1,8,20529,65476,0,0,40632,65.0,0.0,0.0,0.0,0.0,0.0
2026-09-04T20:42:00,ERR,ERR,ERR,ERR,ERR,ERR,ERR,ERR,ERR,ERR,ERR,ERR,ERR,ERR,ERR,ERR,ERR,ERR,ERR,ERR,ERR,ERR,ERR,ERR,ERR,ERR,ERR,ERR,ERR,ERR,ERR,ERR,ERR,ERR,ERR,ERR,ERR,ERR,ERR,ERR,ERR,ERR,ERR,ERR,ERR,ERR,ERR,ERR,ERR,ERR,ERR,ERR,ERR,ERR,ERR,ERR,ERR,ERR,ERR,ERR,ERR,ERR,ERR,ERR,ERR,ERR,ERR,ERR,ERR,ERR,ERR,ERR,ERR,ERR,ERR,ERR,ERR,ERR,ERR,ERR,ERR,ERR,ERR,ERR,ERR,ERR,ERR,ERR,ERR,ERR,ERR,ERR,ERR,ERR,ERR,ERR,ERR,ERR,ERR,ERR,ERR,ERR,ERR,ERR,ERR,ERR,ERR,ERR,ERR,ERR,ERR,ERR,ERR,ERR,ERR,ERR,ERR,ERR,ERR,ERR,ERR,ERR,ERR,ERR,ERR,0.0,0.0,0.0,0.0,0.0,1.3936040501711995e+18,7.805,0.0,0,0,4,0,7116,0.0,100,0.0,0.0,0.0,0.0,0.0,0,0,0,0,0.0,0,0,0,0,0,0,0,0,0,0,0,0,0,0,0,0,0,0,0,0,0,0,0,0,0,0,0,0,0,0,0,0,0,31,40,40,71,65476,0,300,0,0,8,21553,0.0,-107605600.0,0.0,0.0,0.0,0.0,0.0,0.0,0.0,0.0,0.0,0.0,0.0,0.0,0.0,0.0,0.0,0.0,0.0,0.0,0.0,0.0,-2.004,2.004,-0.0,-2.004,0.0,0.0,0.0,0.0,6274.0,-564148517732352.0,6939.0,0.0,0.0,2.7184303811560617e+23,0.0,0.0,0.0,0.0,0.0,69,-152018572279808.0,-71.63,0.0,0.0,0.0,0.0,0.0,0.0,0.0,0,0,0,0.0,0.0,0.0,0.0,0.0,0.0,0.0,0.0,0.0,0.0,0.0,0.0,0.0,0.0,0.0,0.0,0,-107875648.0,69,0.0,138,0.0,0.0,0,13107,17040,13107,17049,13107,17043,0,0,0,70,68,100,2.7302359370752657e+23,71.1,0.0,74.2,2.7302370179391762e+23,74.0,1,49,50,180,0,52429,0,0,0.0,0.0,0.0,0.0,-0.0,67.0,0.0,162057.094,0.0,750,0,739,0,0,0,721,0,766,0,736,0,742,0,741,0,712,0,7520,0.032,78920024064.0,0.0,0.0,784,16797,-0.0,162057.094,-114818.039,-0.0,0.133,6.909358625270745e+28,30.0,65.0,35,0.0,0.0,0.0,0.0,0.0,0.0,0.0,0.0,0.0,0.0,0.0,0.0,0.0,0.0,0.0,0.0,69.2,0,150,71,54,65476,0,300,0,1,8,20529,65476,0,0,40632,65.0,0.0,0.0,0.0,0.0,0.0
2026-09-04T20:42:01,ERR,ERR,ERR,ERR,ERR,ERR,ERR,ERR,ERR,ERR,ERR,ERR,ERR,ERR,ERR,ERR,ERR,ERR,ERR,ERR,ERR,ERR,ERR,ERR,ERR,ERR,ERR,ERR,ERR,ERR,ERR,ERR,ERR,ERR,ERR,ERR,ERR,ERR,ERR,ERR,ERR,ERR,ERR,ERR,ERR,ERR,ERR,ERR,ERR,ERR,ERR,ERR,ERR,ERR,ERR,ERR,ERR,ERR,ERR,ERR,ERR,ERR,ERR,ERR,ERR,ERR,ERR,ERR,ERR,ERR,ERR,ERR,ERR,ERR,ERR,ERR,ERR,ERR,ERR,ERR,ERR,ERR,ERR,ERR,ERR,ERR,ERR,ERR,ERR,ERR,ERR,ERR,ERR,ERR,ERR,ERR,ERR,ERR,ERR,ERR,ERR,ERR,ERR,ERR,ERR,ERR,ERR,ERR,ERR,ERR,ERR,ERR,ERR,ERR,ERR,ERR,ERR,ERR,ERR,ERR,ERR,ERR,ERR,ERR,ERR,0.0,0.0,0.0,0.0,0.0,1.3936040501711995e+18,7.805,0.0,0,0,4,0,7116,0.0,100,0.0,0.0,0.0,0.0,0.0,0,0,0,0,0.0,0,0,0,0,0,0,0,0,0,0,0,0,0,0,0,0,0,0,0,0,0,0,0,0,0,0,0,0,0,0,0,0,0,31,40,40,71,65476,0,300,0,0,8,21553,0.0,-107605600.0,0.0,0.0,0.0,0.0,0.0,0.0,0.0,0.0,0.0,0.0,0.0,0.0,0.0,0.0,0.0,0.0,0.0,0.0,0.0,0.0,-2.004,2.004,-0.0,-2.004,0.0,0.0,0.0,0.0,6274.0,-564148517732352.0,6939.0,0.0,0.0,2.7184303811560617e+23,0.0,0.0,0.0,0.0,0.0,69,-152018572279808.0,-71.63,0.0,0.0,0.0,0.0,0.0,0.0,0.0,0,0,0,0.0,0.0,0.0,0.0,0.0,0.0,0.0,0.0,0.0,0.0,0.0,0.0,0.0,0.0,0.0,0.0,0,-107875648.0,69,0.0,138,0.0,0.0,0,13107,17040,13107,17049,13107,17043,0,0,0,70,68,100,2.7302359370752657e+23,71.1,0.0,74.2,2.7302370179391762e+23,74.0,1,49,50,180,0,52429,0,0,0.0,0.0,0.0,0.0,-0.0,67.0,0.0,162057.094,0.0,750,0,739,0,0,0,721,0,766,0,736,0,742,0,741,0,712,0,7520,0.032,78920024064.0,0.0,0.0,784,16797,-0.0,162057.094,-114818.039,-0.0,0.133,6.909358625270745e+28,30.0,65.0,35,0.0,0.0,0.0,0.0,0.0,0.0,0.0,0.0,0.0,0.0,0.0,0.0,0.0,0.0,0.0,0.0,69.2,0,150,71,54,65476,0,300,0,1,8,20529,65476,0,0,40632,65.0,0.0,0.0,0.0,0.0,0.0
2026-09-04T20:42:02,ERR,ERR,ERR,ERR,ERR,ERR,ERR,ERR,ERR,ERR,ERR,ERR,ERR,ERR,ERR,ERR,ERR,ERR,ERR,ERR,ERR,ERR,ERR,ERR,ERR,ERR,ERR,ERR,ERR,ERR,ERR,ERR,ERR,ERR,ERR,ERR,ERR,ERR,ERR,ERR,ERR,ERR,ERR,ERR,ERR,ERR,ERR,ERR,ERR,ERR,ERR,ERR,ERR,ERR,ERR,ERR,ERR,ERR,ERR,ERR,ERR,ERR,ERR,ERR,ERR,ERR,ERR,ERR,ERR,ERR,ERR,ERR,ERR,ERR,ERR,ERR,ERR,ERR,ERR,ERR,ERR,ERR,ERR,ERR,ERR,ERR,ERR,ERR,ERR,ERR,ERR,ERR,ERR,ERR,ERR,ERR,ERR,ERR,ERR,ERR,ERR,ERR,ERR,ERR,ERR,ERR,ERR,ERR,ERR,ERR,ERR,ERR,ERR,ERR,ERR,ERR,ERR,ERR,ERR,ERR,ERR,ERR,ERR,ERR,ERR,0.0,0.0,0.0,0.0,0.0,1.3936040501711995e+18,7.805,0.0,0,0,4,0,7116,0.0,100,0.0,0.0,0.0,0.0,0.0,0,0,0,0,0.0,0,0,0,0,0,0,0,0,0,0,0,0,0,0,0,0,0,0,0,0,0,0,0,0,0,0,0,0,0,0,0,0,0,31,40,40,71,65476,0,300,0,0,8,21553,0.0,-107605600.0,0.0,0.0,0.0,0.0,0.0,0.0,0.0,0.0,0.0,0.0,0.0,0.0,0.0,0.0,0.0,0.0,0.0,0.0,0.0,0.0,-2.004,2.004,-0.0,-2.004,0.0,0.0,0.0,0.0,6274.0,-564148517732352.0,6939.0,0.0,0.0,2.7184303811560617e+23,0.0,0.0,0.0,0.0,0.0,69,-152018572279808.0,-71.63,0.0,0.0,0.0,0.0,0.0,0.0,0.0,0,0,0,0.0,0.0,0.0,0.0,0.0,0.0,0.0,0.0,0.0,0.0,0.0,0.0,0.0,0.0,0.0,0.0,0,-107875648.0,69,0.0,138,0.0,0.0,0,13107,17040,13107,17049,13107,17043,0,0,0,70,68,100,2.7302359370752657e+23,71.1,0.0,74.2,2.7302370179391762e+23,74.0,1,49,50,180,0,52429,0,0,0.0,0.0,0.0,0.0,-0.0,67.0,0.0,162057.094,0.0,750,0,739,0,0,0,721,0,766,0,736,0,742,0,741,0,712,0,7520,0.032,78920024064.0,0.0,0.0,784,16797,-0.0,162057.094,-114818.039,-0.0,0.133,6.909358625270745e+28,30.0,65.0,35,0.0,0.0,0.0,0.0,0.0,0.0,0.0,0.0,0.0,0.0,0.0,0.0,0.0,0.0,0.0,0.0,69.2,0,150,71,54,65476,0,300,0,1,8,20529,65476,0,0,40632,65.0,0.0,0.0,0.0,0.0,0.0
2026-09-04T20:42:03,ERR,ERR,ERR,ERR,ERR,ERR,ERR,ERR,ERR,ERR,ERR,ERR,ERR,ERR,ERR,ERR,ERR,ERR,ERR,ERR,ERR,ERR,ERR,ERR,ERR,ERR,ERR,ERR,ERR,ERR,ERR,ERR,ERR,ERR,ERR,ERR,ERR,ERR,ERR,ERR,ERR,ERR,ERR,ERR,ERR,ERR,ERR,ERR,ERR,ERR,ERR,ERR,ERR,ERR,ERR,ERR,ERR,ERR,ERR,ERR,ERR,ERR,ERR,ERR,ERR,ERR,ERR,ERR,ERR,ERR,ERR,ERR,ERR,ERR,ERR,ERR,ERR,ERR,ERR,ERR,ERR,ERR,ERR,ERR,ERR,ERR,ERR,ERR,ERR,ERR,ERR,ERR,ERR,ERR,ERR,ERR,ERR,ERR,ERR,ERR,ERR,ERR,ERR,ERR,ERR,ERR,ERR,ERR,ERR,ERR,ERR,ERR,ERR,ERR,ERR,ERR,ERR,ERR,ERR,ERR,ERR,ERR,ERR,ERR,ERR,0.0,0.0,0.0,0.0,0.0,1.3936040501711995e+18,7.805,0.0,0,0,4,0,7116,0.0,100,0.0,0.0,0.0,0.0,0.0,0,0,0,0,0.0,0,0,0,0,0,0,0,0,0,0,0,0,0,0,0,0,0,0,0,0,0,0,0,0,0,0,0,0,0,0,0,0,0,31,40,40,71,65476,0,300,0,0,8,21553,0.0,-107605600.0,0.0,0.0,0.0,0.0,0.0,0.0,0.0,0.0,0.0,0.0,0.0,0.0,0.0,0.0,0.0,0.0,0.0,0.0,0.0,0.0,-2.004,2.004,-0.0,-2.004,0.0,0.0,0.0,0.0,6280.0,8608223232.0,6922.0,0.0,0.0,2.7184303811560617e+23,0.0,0.0,0.0,0.0,0.0,69,-4.066882747792088e+29,0.0,0.0,0.0,0.0,0.0,0.0,0.0,0.0,0,0,0,0.0,0.0,0.0,0.0,0.0,0.0,0.0,0.0,0.0,0.0,0.0,0.0,0.0,0.0,0.0,0.0,0,-107875648.0,69,0.0,138,0.0,0.0,0,13107,17040,13107,17049,13107,17043,0,0,0,70,68,100,2.7302359370752657e+23,71.1,0.0,74.2,2.7302370179391762e+23,74.0,1,49,50,180,0,52429,0,0,0.0,0.0,0.0,0.0,-0.0,67.0,0.0,162057.094,0.0,750,0,739,0,0,0,721,0,766,0,736,0,742,0,741,0,712,0,7520,0.032,78920024064.0,0.0,0.0,784,16797,-0.0,162057.094,-114818.039,-0.0,0.133,6.909358625270745e+28,30.0,65.0,35,0.0,0.0,0.0,0.0,0.0,0.0,0.0,0.0,0.0,0.0,0.0,0.0,0.0,0.0,0.0,0.0,69.2,0,150,71,54,65476,0,300,0,1,8,20529,65476,0,0,40632,65.0,0.0,0.0,0.0,0.0,0.0
2026-09-04T20:42:04,ERR,ERR,ERR,ERR,ERR,ERR,ERR,ERR,ERR,ERR,ERR,ERR,ERR,ERR,ERR,ERR,ERR,ERR,ERR,ERR,ERR,ERR,ERR,ERR,ERR,ERR,ERR,ERR,ERR,ERR,ERR,ERR,ERR,ERR,ERR,ERR,ERR,ERR,ERR,ERR,ERR,ERR,ERR,ERR,ERR,ERR,ERR,ERR,ERR,ERR,ERR,ERR,ERR,ERR,ERR,ERR,ERR,ERR,ERR,ERR,ERR,ERR,ERR,ERR,ERR,ERR,ERR,ERR,ERR,ERR,ERR,ERR,ERR,ERR,ERR,ERR,ERR,ERR,ERR,ERR,ERR,ERR,ERR,ERR,ERR,ERR,ERR,ERR,ERR,ERR,ERR,ERR,ERR,ERR,ERR,ERR,ERR,ERR,ERR,ERR,ERR,ERR,ERR,ERR,ERR,ERR,ERR,ERR,ERR,ERR,ERR,ERR,ERR,ERR,ERR,ERR,ERR,ERR,ERR,ERR,ERR,ERR,ERR,ERR,ERR,0.0,0.0,0.0,0.0,0.0,1.3936040501711995e+18,7.805,0.0,0,0,4,0,7116,0.0,100,0.0,0.0,0.0,0.0,0.0,0,0,0,0,0.0,0,0,0,0,0,0,0,0,0,0,0,0,0,0,0,0,0,0,0,0,0,0,0,0,0,0,0,0,0,0,0,0,0,31,40,40,71,65476,0,300,0,0,8,21553,0.0,-107605600.0,0.0,0.0,0.0,0.0,0.0,0.0,0.0,0.0,0.0,0.0,0.0,0.0,0.0,0.0,0.0,0.0,0.0,0.0,0.0,0.0,-2.004,2.004,-0.0,-2.004,0.0,0.0,0.0,0.0,6280.0,8608223232.0,6922.0,0.0,0.0,2.7184303811560617e+23,0.0,0.0,0.0,0.0,0.0,69,-4.066882747792088e+29,0.0,0.0,0.0,0.0,0.0,0.0,0.0,0.0,0,0,0,0.0,0.0,0.0,0.0,0.0,0.0,0.0,0.0,0.0,0.0,0.0,0.0,0.0,0.0,0.0,0.0,0,-107875648.0,69,0.0,138,0.0,0.0,0,13107,17040,13107,17049,13107,17043,0,0,0,70,68,100,2.7302359370752657e+23,71.1,0.0,74.2,2.7302370179391762e+23,74.0,1,49,50,180,0,52429,0,0,0.0,0.0,0.0,0.0,-0.0,67.0,0.0,162057.094,0.0,750,0,739,0,0,0,721,0,766,0,736,0,742,0,741,0,712,0,7520,0.032,78920024064.0,0.0,0.0,784,16797,-0.0,162057.094,-114818.039,-0.0,0.133,6.909358625270745e+28,30.0,65.0,35,0.0,0.0,0.0,0.0,0.0,0.0,0.0,0.0,0.0,0.0,0.0,0.0,0.0,0.0,0.0,0.0,69.2,0,150,71,54,65476,0,300,0,1,8,20529,65476,0,0,40632,65.0,0.0,0.0,0.0,0.0,0.0
2026-09-04T20:42:05,ERR,ERR,ERR,ERR,ERR,ERR,ERR,ERR,ERR,ERR,ERR,ERR,ERR,ERR,ERR,ERR,ERR,ERR,ERR,ERR,ERR,ERR,ERR,ERR,ERR,ERR,ERR,ERR,ERR,ERR,ERR,ERR,ERR,ERR,ERR,ERR,ERR,ERR,ERR,ERR,ERR,ERR,ERR,ERR,ERR,ERR,ERR,ERR,ERR,ERR,ERR,ERR,ERR,ERR,ERR,ERR,ERR,ERR,ERR,ERR,ERR,ERR,ERR,ERR,ERR,ERR,ERR,ERR,ERR,ERR,ERR,ERR,ERR,ERR,ERR,ERR,ERR,ERR,ERR,ERR,ERR,ERR,ERR,ERR,ERR,ERR,ERR,ERR,ERR,ERR,ERR,ERR,ERR,ERR,ERR,ERR,ERR,ERR,ERR,ERR,ERR,ERR,ERR,ERR,ERR,ERR,ERR,ERR,ERR,ERR,ERR,ERR,ERR,ERR,ERR,ERR,ERR,ERR,ERR,ERR,ERR,ERR,ERR,ERR,ERR,0.0,0.0,0.0,0.0,0.0,1.3936040501711995e+18,7.805,0.0,0,0,4,0,7116,0.0,100,0.0,0.0,0.0,0.0,0.0,0,0,0,0,0.0,0,0,0,0,0,0,0,0,0,0,0,0,0,0,0,0,0,0,0,0,0,0,0,0,0,0,0,0,0,0,0,0,0,31,40,40,71,65476,0,300,0,0,8,21553,0.0,-107605600.0,0.0,0.0,0.0,0.0,0.0,0.0,0.0,0.0,0.0,0.0,0.0,0.0,0.0,0.0,0.0,0.0,0.0,0.0,0.0,0.0,-2.004,2.004,-0.0,-2.004,0.0,0.0,0.0,0.0,6280.0,8608223232.0,6922.0,0.0,0.0,2.7184303811560617e+23,0.0,0.0,0.0,0.0,0.0,69,-4.066882747792088e+29,0.0,0.0,0.0,0.0,0.0,0.0,0.0,0.0,0,0,0,0.0,0.0,0.0,0.0,0.0,0.0,0.0,0.0,0.0,0.0,0.0,0.0,0.0,0.0,0.0,0.0,0,-107875648.0,69,0.0,138,0.0,0.0,0,13107,17040,13107,17049,13107,17043,0,0,0,70,68,100,2.7302359370752657e+23,71.1,0.0,74.2,2.7302370179391762e+23,74.0,1,49,50,180,0,52429,0,0,0.0,0.0,0.0,0.0,-0.0,67.0,0.0,162057.094,0.0,750,0,739,0,0,0,721,0,766,0,736,0,742,0,741,0,712,0,7520,0.032,78920024064.0,0.0,0.0,784,16797,-0.0,162057.094,-114818.039,-0.0,0.133,6.909358625270745e+28,30.0,65.0,35,0.0,0.0,0.0,0.0,0.0,0.0,0.0,0.0,0.0,0.0,0.0,0.0,0.0,0.0,0.0,0.0,69.2,0,150,71,54,65476,0,300,0,1,8,20529,65476,0,0,40632,65.0,0.0,0.0,0.0,0.0,0.0
2026-09-04T20:42:06,ERR,ERR,ERR,ERR,ERR,ERR,ERR,ERR,ERR,ERR,ERR,ERR,ERR,ERR,ERR,ERR,ERR,ERR,ERR,ERR,ERR,ERR,ERR,ERR,ERR,ERR,ERR,ERR,ERR,ERR,ERR,ERR,ERR,ERR,ERR,ERR,ERR,ERR,ERR,ERR,ERR,ERR,ERR,ERR,ERR,ERR,ERR,ERR,ERR,ERR,ERR,ERR,ERR,ERR,ERR,ERR,ERR,ERR,ERR,ERR,ERR,ERR,ERR,ERR,ERR,ERR,ERR,ERR,ERR,ERR,ERR,ERR,ERR,ERR,ERR,ERR,ERR,ERR,ERR,ERR,ERR,ERR,ERR,ERR,ERR,ERR,ERR,ERR,ERR,ERR,ERR,ERR,ERR,ERR,ERR,ERR,ERR,ERR,ERR,ERR,ERR,ERR,ERR,ERR,ERR,ERR,ERR,ERR,ERR,ERR,ERR,ERR,ERR,ERR,ERR,ERR,ERR,ERR,ERR,ERR,ERR,ERR,ERR,ERR,ERR,0.0,0.0,0.0,0.0,0.0,1.3936040501711995e+18,7.805,0.0,0,0,4,0,7116,0.0,100,0.0,0.0,0.0,0.0,0.0,0,0,0,0,0.0,0,0,0,0,0,0,0,0,0,0,0,0,0,0,0,0,0,0,0,0,0,0,0,0,0,0,0,0,0,0,0,0,0,31,40,40,71,65476,0,300,0,0,8,21553,0.0,-107605600.0,0.0,0.0,0.0,0.0,0.0,0.0,0.0,0.0,0.0,0.0,0.0,0.0,0.0,0.0,0.0,0.0,0.0,0.0,0.0,0.0,-2.004,2.004,-0.0,-2.004,0.0,0.0,0.0,0.0,6280.0,8608223232.0,6922.0,0.0,0.0,2.7184303811560617e+23,0.0,0.0,0.0,0.0,0.0,69,-4.066882747792088e+29,0.0,0.0,0.0,0.0,0.0,0.0,0.0,0.0,0,0,0,0.0,0.0,0.0,0.0,0.0,0.0,0.0,0.0,0.0,0.0,0.0,0.0,0.0,0.0,0.0,0.0,0,-107875648.0,69,0.0,138,0.0,0.0,0,13107,17040,13107,17049,13107,17043,0,0,0,70,68,100,2.7302359370752657e+23,71.1,0.0,74.2,2.7302370179391762e+23,74.0,1,49,50,180,0,52429,0,0,0.0,0.0,0.0,0.0,-0.0,67.0,0.0,162057.094,0.0,750,0,739,0,0,0,721,0,766,0,736,0,742,0,741,0,712,0,7520,0.032,78920024064.0,0.0,0.0,784,16797,-0.0,162057.094,-114818.039,-0.0,0.133,6.909358625270745e+28,30.0,65.0,35,0.0,0.0,0.0,0.0,0.0,0.0,0.0,0.0,0.0,0.0,0.0,0.0,0.0,0.0,0.0,0.0,69.2,0,150,71,54,65476,0,300,0,1,8,20529,65476,0,0,40632,65.0,0.0,0.0,0.0,0.0,0.0
2026-09-04T20:42:07,ERR,ERR,ERR,ERR,ERR,ERR,ERR,ERR,ERR,ERR,ERR,ERR,ERR,ERR,ERR,ERR,ERR,ERR,ERR,ERR,ERR,ERR,ERR,ERR,ERR,ERR,ERR,ERR,ERR,ERR,ERR,ERR,ERR,ERR,ERR,ERR,ERR,ERR,ERR,ERR,ERR,ERR,ERR,ERR,ERR,ERR,ERR,ERR,ERR,ERR,ERR,ERR,ERR,ERR,ERR,ERR,ERR,ERR,ERR,ERR,ERR,ERR,ERR,ERR,ERR,ERR,ERR,ERR,ERR,ERR,ERR,ERR,ERR,ERR,ERR,ERR,ERR,ERR,ERR,ERR,ERR,ERR,ERR,ERR,ERR,ERR,ERR,ERR,ERR,ERR,ERR,ERR,ERR,ERR,ERR,ERR,ERR,ERR,ERR,ERR,ERR,ERR,ERR,ERR,ERR,ERR,ERR,ERR,ERR,ERR,ERR,ERR,ERR,ERR,ERR,ERR,ERR,ERR,ERR,ERR,ERR,ERR,ERR,ERR,ERR,0.0,0.0,0.0,0.0,0.0,1.3936040501711995e+18,7.805,0.0,0,0,4,0,7116,0.0,100,0.0,0.0,0.0,0.0,0.0,0,0,0,0,0.0,0,0,0,0,0,0,0,0,0,0,0,0,0,0,0,0,0,0,0,0,0,0,0,0,0,0,0,0,0,0,0,0,0,31,40,40,71,65476,0,300,0,0,8,21553,0.0,-107605600.0,0.0,0.0,0.0,0.0,0.0,0.0,0.0,0.0,0.0,0.0,0.0,0.0,0.0,0.0,0.0,0.0,0.0,0.0,0.0,0.0,-2.004,2.004,-0.0,-2.004,0.0,0.0,0.0,0.0,6280.0,8608223232.0,6922.0,0.0,0.0,2.7184303811560617e+23,0.0,0.0,0.0,0.0,0.0,69,-4.066882747792088e+29,0.0,0.0,0.0,0.0,0.0,0.0,0.0,0.0,0,0,0,0.0,0.0,0.0,0.0,0.0,0.0,0.0,0.0,0.0,0.0,0.0,0.0,0.0,0.0,0.0,0.0,0,-107875648.0,69,0.0,138,0.0,0.0,0,13107,17040,13107,17049,13107,17043,0,0,0,70,68,100,2.7302359370752657e+23,71.1,0.0,74.2,2.7302370179391762e+23,74.0,1,49,50,180,0,52429,0,0,0.0,0.0,0.0,0.0,-0.0,67.0,0.0,162057.094,0.0,750,0,739,0,0,0,721,0,766,0,736,0,742,0,741,0,712,0,7520,0.032,79456894976.0,0.0,0.0,784,16797,-0.0,162057.094,-114818.039,-0.0,0.133,6.909358625270745e+28,30.0,65.0,35,0.0,0.0,0.0,0.0,0.0,0.0,0.0,0.0,0.0,0.0,0.0,0.0,0.0,0.0,0.0,0.0,69.2,0,150,71,54,65476,0,300,0,1,8,20529,65476,0,0,40632,65.0,0.0,0.0,0.0,0.0,0.0
2026-09-04T20:42:08,ERR,ERR,ERR,ERR,ERR,ERR,ERR,ERR,ERR,ERR,ERR,ERR,ERR,ERR,ERR,ERR,ERR,ERR,ERR,ERR,ERR,ERR,ERR,ERR,ERR,ERR,ERR,ERR,ERR,ERR,ERR,ERR,ERR,ERR,ERR,ERR,ERR,ERR,ERR,ERR,ERR,ERR,ERR,ERR,ERR,ERR,ERR,ERR,ERR,ERR,ERR,ERR,ERR,ERR,ERR,ERR,ERR,ERR,ERR,ERR,ERR,ERR,ERR,ERR,ERR,ERR,ERR,ERR,ERR,ERR,ERR,ERR,ERR,ERR,ERR,ERR,ERR,ERR,ERR,ERR,ERR,ERR,ERR,ERR,ERR,ERR,ERR,ERR,ERR,ERR,ERR,ERR,ERR,ERR,ERR,ERR,ERR,ERR,ERR,ERR,ERR,ERR,ERR,ERR,ERR,ERR,ERR,ERR,ERR,ERR,ERR,ERR,ERR,ERR,ERR,ERR,ERR,ERR,ERR,ERR,ERR,ERR,ERR,ERR,ERR,0.0,0.0,0.0,0.0,0.0,1.3936040501711995e+18,7.805,0.0,0,0,4,0,7116,0.0,100,0.0,0.0,0.0,0.0,0.0,0,0,0,0,0.0,0,0,0,0,0,0,0,0,0,0,0,0,0,0,0,0,0,0,0,0,0,0,0,0,0,0,0,0,0,0,0,0,0,31,40,40,71,65476,0,300,0,0,8,21553,0.0,-107605600.0,0.0,0.0,0.0,0.0,0.0,0.0,0.0,0.0,0.0,0.0,0.0,0.0,0.0,0.0,0.0,0.0,0.0,0.0,0.0,0.0,-2.004,2.004,-0.0,-2.004,0.0,0.0,0.0,0.0,6280.0,8608223232.0,6922.0,0.0,0.0,2.7184303811560617e+23,0.0,0.0,0.0,0.0,0.0,69,-4.066882747792088e+29,0.0,0.0,0.0,0.0,0.0,0.0,0.0,0.0,0,0,0,0.0,0.0,0.0,0.0,0.0,0.0,0.0,0.0,0.0,0.0,0.0,0.0,0.0,0.0,0.0,0.0,0,-107875648.0,69,0.0,138,0.0,0.0,0,13107,17040,13107,17049,13107,17043,0,0,0,70,68,100,2.7302359370752657e+23,71.1,0.0,74.2,2.7302370179391762e+23,74.0,1,49,50,180,0,52429,0,0,0.0,0.0,0.0,0.0,-0.0,67.0,0.0,162057.094,0.0,750,0,739,0,0,0,721,0,766,0,736,0,742,0,741,0,712,0,7520,0.032,79456894976.0,0.0,0.0,784,16797,-0.0,162057.094,-114818.039,-0.0,0.133,6.909358625270745e+28,30.0,65.0,35,0.0,0.0,0.0,0.0,0.0,0.0,0.0,0.0,0.0,0.0,0.0,0.0,0.0,0.0,0.0,0.0,69.2,0,150,71,54,65476,0,300,0,1,8,20529,65476,0,0,40632,65.0,0.0,0.0,0.0,0.0,0.0
2026-09-04T20:42:09,ERR,ERR,ERR,ERR,ERR,ERR,ERR,ERR,ERR,ERR,ERR,ERR,ERR,ERR,ERR,ERR,ERR,ERR,ERR,ERR,ERR,ERR,ERR,ERR,ERR,ERR,ERR,ERR,ERR,ERR,ERR,ERR,ERR,ERR,ERR,ERR,ERR,ERR,ERR,ERR,ERR,ERR,ERR,ERR,ERR,ERR,ERR,ERR,ERR,ERR,ERR,ERR,ERR,ERR,ERR,ERR,ERR,ERR,ERR,ERR,ERR,ERR,ERR,ERR,ERR,ERR,ERR,ERR,ERR,ERR,ERR,ERR,ERR,ERR,ERR,ERR,ERR,ERR,ERR,ERR,ERR,ERR,ERR,ERR,ERR,ERR,ERR,ERR,ERR,ERR,ERR,ERR,ERR,ERR,ERR,ERR,ERR,ERR,ERR,ERR,ERR,ERR,ERR,ERR,ERR,ERR,ERR,ERR,ERR,ERR,ERR,ERR,ERR,ERR,ERR,ERR,ERR,ERR,ERR,ERR,ERR,ERR,ERR,ERR,ERR,0.0,0.0,0.0,0.0,0.0,1.3936040501711995e+18,7.805,0.0,0,0,4,0,7116,0.0,100,0.0,0.0,0.0,0.0,0.0,0,0,0,0,0.0,0,0,0,0,0,0,0,0,0,0,0,0,0,0,0,0,0,0,0,0,0,0,0,0,0,0,0,0,0,0,0,0,0,31,40,40,71,65476,0,300,0,0,8,21553,0.0,-107605600.0,0.0,0.0,0.0,0.0,0.0,0.0,0.0,0.0,0.0,0.0,0.0,0.0,0.0,0.0,0.0,0.0,0.0,0.0,0.0,0.0,-2.004,2.004,-0.0,-2.004,0.0,0.0,0.0,0.0,6280.0,8608223232.0,6922.0,0.0,0.0,2.7184303811560617e+23,0.0,0.0,0.0,0.0,0.0,69,-4.066882747792088e+29,0.0,0.0,0.0,0.0,0.0,0.0,0.0,0.0,0,0,0,0.0,0.0,0.0,0.0,0.0,0.0,0.0,0.0,0.0,0.0,0.0,0.0,0.0,0.0,0.0,0.0,0,-107875648.0,69,0.0,138,0.0,0.0,0,13107,17040,13107,17049,13107,17043,0,0,0,70,68,100,2.7302359370752657e+23,71.1,0.0,74.2,2.7302370179391762e+23,74.0,1,49,50,180,0,52429,0,0,0.0,0.0,0.0,0.0,-0.0,67.0,0.0,162057.094,0.0,750,0,739,0,0,0,721,0,766,0,736,0,742,0,741,0,712,0,7520,0.032,79456894976.0,0.0,0.0,784,16797,-0.0,162057.094,-114818.039,-0.0,0.133,6.909358625270745e+28,30.0,65.0,35,0.0,0.0,0.0,0.0,0.0,0.0,0.0,0.0,0.0,0.0,0.0,0.0,0.0,0.0,0.0,0.0,69.2,0,150,71,54,65476,0,300,0,1,8,20529,65476,0,0,40632,65.0,0.0,0.0,0.0,0.0,0.0
2026-09-04T20:42:10,ERR,ERR,ERR,ERR,ERR,ERR,ERR,ERR,ERR,ERR,ERR,ERR,ERR,ERR,ERR,ERR,ERR,ERR,ERR,ERR,ERR,ERR,ERR,ERR,ERR,ERR,ERR,ERR,ERR,ERR,ERR,ERR,ERR,ERR,ERR,ERR,ERR,ERR,ERR,ERR,ERR,ERR,ERR,ERR,ERR,ERR,ERR,ERR,ERR,ERR,ERR,ERR,ERR,ERR,ERR,ERR,ERR,ERR,ERR,ERR,ERR,ERR,ERR,ERR,ERR,ERR,ERR,ERR,ERR,ERR,ERR,ERR,ERR,ERR,ERR,ERR,ERR,ERR,ERR,ERR,ERR,ERR,ERR,ERR,ERR,ERR,ERR,ERR,ERR,ERR,ERR,ERR,ERR,ERR,ERR,ERR,ERR,ERR,ERR,ERR,ERR,ERR,ERR,ERR,ERR,ERR,ERR,ERR,ERR,ERR,ERR,ERR,ERR,ERR,ERR,ERR,ERR,ERR,ERR,ERR,ERR,ERR,ERR,ERR,ERR,0.0,0.0,0.0,0.0,0.0,1.3936040501711995e+18,7.805,0.0,0,0,4,0,7116,0.0,100,0.0,0.0,0.0,0.0,0.0,0,0,0,0,0.0,0,0,0,0,0,0,0,0,0,0,0,0,0,0,0,0,0,0,0,0,0,0,0,0,0,0,0,0,0,0,0,0,0,31,40,40,71,65476,0,300,0,0,8,21553,0.0,-107605600.0,0.0,0.0,0.0,0.0,0.0,0.0,0.0,0.0,0.0,0.0,0.0,0.0,0.0,0.0,0.0,0.0,0.0,0.0,0.0,0.0,-2.004,2.004,-0.0,-2.004,0.0,0.0,0.0,0.0,6280.0,8608223232.0,6922.0,0.0,0.0,2.7184303811560617e+23,0.0,0.0,0.0,0.0,0.0,69,-4.066882747792088e+29,0.0,0.0,0.0,0.0,0.0,0.0,0.0,0.0,0,0,0,0.0,0.0,0.0,0.0,0.0,0.0,0.0,0.0,0.0,0.0,0.0,0.0,0.0,0.0,0.0,0.0,0,-107875648.0,69,0.0,138,0.0,0.0,0,13107,17040,13107,17049,13107,17043,0,0,0,70,68,100,2.7302359370752657e+23,71.1,0.0,74.2,2.7302370179391762e+23,74.0,1,49,50,180,0,52429,0,0,0.0,0.0,0.0,0.0,-0.0,67.0,0.0,162057.094,0.0,750,0,739,0,0,0,721,0,766,0,736,0,742,0,741,0,712,0,7520,0.032,79456894976.0,0.0,0.0,784,16797,-0.0,162057.094,-114818.039,-0.0,0.133,6.909358625270745e+28,30.0,65.0,35,0.0,0.0,0.0,0.0,0.0,0.0,0.0,0.0,0.0,0.0,0.0,0.0,0.0,0.0,0.0,0.0,69.2,0,150,71,54,65476,0,300,0,1,8,20529,65476,0,0,40632,65.0,0.0,0.0,0.0,0.0,0.0
2026-09-04T20:42:11,ERR,ERR,ERR,ERR,ERR,ERR,ERR,ERR,ERR,ERR,ERR,ERR,ERR,ERR,ERR,ERR,ERR,ERR,ERR,ERR,ERR,ERR,ERR,ERR,ERR,ERR,ERR,ERR,ERR,ERR,ERR,ERR,ERR,ERR,ERR,ERR,ERR,ERR,ERR,ERR,ERR,ERR,ERR,ERR,ERR,ERR,ERR,ERR,ERR,ERR,ERR,ERR,ERR,ERR,ERR,ERR,ERR,ERR,ERR,ERR,ERR,ERR,ERR,ERR,ERR,ERR,ERR,ERR,ERR,ERR,ERR,ERR,ERR,ERR,ERR,ERR,ERR,ERR,ERR,ERR,ERR,ERR,ERR,ERR,ERR,ERR,ERR,ERR,ERR,ERR,ERR,ERR,ERR,ERR,ERR,ERR,ERR,ERR,ERR,ERR,ERR,ERR,ERR,ERR,ERR,ERR,ERR,ERR,ERR,ERR,ERR,ERR,ERR,ERR,ERR,ERR,ERR,ERR,ERR,ERR,ERR,ERR,ERR,ERR,ERR,0.0,0.0,0.0,0.0,0.0,1.3936040501711995e+18,7.805,0.0,0,0,4,0,7116,0.0,100,0.0,0.0,0.0,0.0,0.0,0,0,0,0,0.0,0,0,0,0,0,0,0,0,0,0,0,0,0,0,0,0,0,0,0,0,0,0,0,0,0,0,0,0,0,0,0,0,0,31,40,40,71,65476,0,300,0,0,8,21553,0.0,-107605600.0,0.0,0.0,0.0,0.0,0.0,0.0,0.0,0.0,0.0,0.0,0.0,0.0,0.0,0.0,0.0,0.0,0.0,0.0,0.0,0.0,-2.004,2.004,-0.0,-2.004,0.0,0.0,0.0,0.0,6284.0,0.0,6919.0,0.0,0.0,2.7184303811560617e+23,0.0,0.0,0.0,0.0,0.0,69,-3.222031175229641e+26,0.0,0.0,0.0,0.0,0.0,0.0,0.0,0.0,0,0,0,0.0,0.0,0.0,0.0,0.0,0.0,0.0,0.0,0.0,0.0,0.0,0.0,0.0,0.0,0.0,0.0,0,-107875648.0,69,0.0,138,0.0,0.0,0,13107,17040,13107,17049,13107,17043,0,0,0,70,68,100,2.7302359370752657e+23,71.1,0.0,74.2,2.7302370179391762e+23,74.0,1,49,50,180,0,52429,0,0,0.0,0.0,0.0,0.0,-0.0,67.0,0.0,162057.094,0.0,750,0,739,0,0,0,721,0,766,0,736,0,742,0,741,0,712,0,7520,0.032,79456894976.0,0.0,0.0,784,16797,-0.0,162057.094,-114818.039,-0.0,0.133,6.909358625270745e+28,30.0,65.0,35,0.0,0.0,0.0,0.0,0.0,0.0,0.0,0.0,0.0,0.0,0.0,0.0,0.0,0.0,0.0,0.0,69.2,0,150,71,54,65476,0,300,0,1,8,20529,65476,0,0,40632,65.0,0.0,0.0,0.0,0.0,0.0
2026-09-04T20:42:12,ERR,ERR,ERR,ERR,ERR,ERR,ERR,ERR,ERR,ERR,ERR,ERR,ERR,ERR,ERR,ERR,ERR,ERR,ERR,ERR,ERR,ERR,ERR,ERR,ERR,ERR,ERR,ERR,ERR,ERR,ERR,ERR,ERR,ERR,ERR,ERR,ERR,ERR,ERR,ERR,ERR,ERR,ERR,ERR,ERR,ERR,ERR,ERR,ERR,ERR,ERR,ERR,ERR,ERR,ERR,ERR,ERR,ERR,ERR,ERR,ERR,ERR,ERR,ERR,ERR,ERR,ERR,ERR,ERR,ERR,ERR,ERR,ERR,ERR,ERR,ERR,ERR,ERR,ERR,ERR,ERR,ERR,ERR,ERR,ERR,ERR,ERR,ERR,ERR,ERR,ERR,ERR,ERR,ERR,ERR,ERR,ERR,ERR,ERR,ERR,ERR,ERR,ERR,ERR,ERR,ERR,ERR,ERR,ERR,ERR,ERR,ERR,ERR,ERR,ERR,ERR,ERR,ERR,ERR,ERR,ERR,ERR,ERR,ERR,ERR,0.0,0.0,0.0,0.0,0.0,1.3936040501711995e+18,7.805,0.0,0,0,4,0,7116,0.0,100,0.0,0.0,0.0,0.0,0.0,0,0,0,0,0.0,0,0,0,0,0,0,0,0,0,0,0,0,0,0,0,0,0,0,0,0,0,0,0,0,0,0,0,0,0,0,0,0,0,31,40,40,71,65476,0,300,0,0,8,21553,0.0,-107605600.0,0.0,0.0,0.0,0.0,0.0,0.0,0.0,0.0,0.0,0.0,0.0,0.0,0.0,0.0,0.0,0.0,0.0,0.0,0.0,0.0,-2.004,2.004,-0.0,-2.004,0.0,0.0,0.0,0.0,6284.0,0.0,6919.0,0.0,0.0,2.7184303811560617e+23,0.0,0.0,0.0,0.0,0.0,69,-3.222031175229641e+26,0.0,0.0,0.0,0.0,0.0,0.0,0.0,0.0,0,0,0,0.0,0.0,0.0,0.0,0.0,0.0,0.0,0.0,0.0,0.0,0.0,0.0,0.0,0.0,0.0,0.0,0,-107875648.0,69,0.0,138,0.0,0.0,0,13107,17040,13107,17049,13107,17043,0,0,0,70,68,100,2.7302359370752657e+23,71.1,0.0,74.2,2.7302370179391762e+23,74.0,1,49,50,180,0,52429,0,0,0.0,0.0,0.0,0.0,-0.0,67.0,0.0,162057.094,0.0,750,0,739,0,0,0,721,0,766,0,736,0,742,0,741,0,712,0,7520,0.032,78920024064.0,0.0,0.0,784,16797,-0.0,162057.094,-114818.039,-0.0,0.133,6.909358625270745e+28,30.0,65.0,35,0.0,0.0,0.0,0.0,0.0,0.0,0.0,0.0,0.0,0.0,0.0,0.0,0.0,0.0,0.0,0.0,69.2,0,150,71,54,65476,0,300,0,1,8,20529,65476,0,0,40632,65.0,0.0,0.0,0.0,0.0,0.0
2026-09-04T20:42:13,ERR,ERR,ERR,ERR,ERR,ERR,ERR,ERR,ERR,ERR,ERR,ERR,ERR,ERR,ERR,ERR,ERR,ERR,ERR,ERR,ERR,ERR,ERR,ERR,ERR,ERR,ERR,ERR,ERR,ERR,ERR,ERR,ERR,ERR,ERR,ERR,ERR,ERR,ERR,ERR,ERR,ERR,ERR,ERR,ERR,ERR,ERR,ERR,ERR,ERR,ERR,ERR,ERR,ERR,ERR,ERR,ERR,ERR,ERR,ERR,ERR,ERR,ERR,ERR,ERR,ERR,ERR,ERR,ERR,ERR,ERR,ERR,ERR,ERR,ERR,ERR,ERR,ERR,ERR,ERR,ERR,ERR,ERR,ERR,ERR,ERR,ERR,ERR,ERR,ERR,ERR,ERR,ERR,ERR,ERR,ERR,ERR,ERR,ERR,ERR,ERR,ERR,ERR,ERR,ERR,ERR,ERR,ERR,ERR,ERR,ERR,ERR,ERR,ERR,ERR,ERR,ERR,ERR,ERR,ERR,ERR,ERR,ERR,ERR,ERR,0.0,0.0,0.0,0.0,0.0,1.3936040501711995e+18,7.805,0.0,0,0,4,0,7116,0.0,100,0.0,0.0,0.0,0.0,0.0,0,0,0,0,0.0,0,0,0,0,0,0,0,0,0,0,0,0,0,0,0,0,0,0,0,0,0,0,0,0,0,0,0,0,0,0,0,0,0,31,40,40,71,65476,0,300,0,0,8,21553,0.0,-107605600.0,0.0,0.0,0.0,0.0,0.0,0.0,0.0,0.0,0.0,0.0,0.0,0.0,0.0,0.0,0.0,0.0,0.0,0.0,0.0,0.0,-2.004,2.004,-0.0,-2.004,0.0,0.0,0.0,0.0,6284.0,0.0,6919.0,0.0,0.0,2.7184303811560617e+23,0.0,0.0,0.0,0.0,0.0,69,-3.222031175229641e+26,0.0,0.0,0.0,0.0,0.0,0.0,0.0,0.0,0,0,0,0.0,0.0,0.0,0.0,0.0,0.0,0.0,0.0,0.0,0.0,0.0,0.0,0.0,0.0,0.0,0.0,0,-107875648.0,69,0.0,138,0.0,0.0,0,13107,17040,13107,17049,13107,17043,0,0,0,70,68,100,2.7302359370752657e+23,71.1,0.0,74.2,2.7302370179391762e+23,74.0,1,49,50,180,0,52429,0,0,0.0,0.0,0.0,0.0,-0.0,67.0,0.0,162057.094,0.0,750,0,739,0,0,0,721,0,766,0,736,0,742,0,741,0,712,0,7520,0.032,78920024064.0,0.0,0.0,784,16797,-0.0,162057.094,-114818.039,-0.0,0.133,6.909358625270745e+28,30.0,65.0,35,0.0,0.0,0.0,0.0,0.0,0.0,0.0,0.0,0.0,0.0,0.0,0.0,0.0,0.0,0.0,0.0,69.2,0,150,71,54,65476,0,300,0,1,8,20529,65476,0,0,40632,65.0,0.0,0.0,0.0,0.0,0.0
2026-09-04T20:42:14,ERR,ERR,ERR,ERR,ERR,ERR,ERR,ERR,ERR,ERR,ERR,ERR,ERR,ERR,ERR,ERR,ERR,ERR,ERR,ERR,ERR,ERR,ERR,ERR,ERR,ERR,ERR,ERR,ERR,ERR,ERR,ERR,ERR,ERR,ERR,ERR,ERR,ERR,ERR,ERR,ERR,ERR,ERR,ERR,ERR,ERR,ERR,ERR,ERR,ERR,ERR,ERR,ERR,ERR,ERR,ERR,ERR,ERR,ERR,ERR,ERR,ERR,ERR,ERR,ERR,ERR,ERR,ERR,ERR,ERR,ERR,ERR,ERR,ERR,ERR,ERR,ERR,ERR,ERR,ERR,ERR,ERR,ERR,ERR,ERR,ERR,ERR,ERR,ERR,ERR,ERR,ERR,ERR,ERR,ERR,ERR,ERR,ERR,ERR,ERR,ERR,ERR,ERR,ERR,ERR,ERR,ERR,ERR,ERR,ERR,ERR,ERR,ERR,ERR,ERR,ERR,ERR,ERR,ERR,ERR,ERR,ERR,ERR,ERR,ERR,0.0,0.0,0.0,0.0,0.0,1.3936040501711995e+18,7.805,0.0,0,0,4,0,7116,0.0,100,0.0,0.0,0.0,0.0,0.0,0,0,0,0,0.0,0,0,0,0,0,0,0,0,0,0,0,0,0,0,0,0,0,0,0,0,0,0,0,0,0,0,0,0,0,0,0,0,0,31,40,40,71,65476,0,300,0,0,8,21553,0.0,-107605600.0,0.0,0.0,0.0,0.0,0.0,0.0,0.0,0.0,0.0,0.0,0.0,0.0,0.0,0.0,0.0,0.0,0.0,0.0,0.0,0.0,-2.004,2.004,-0.0,-2.004,0.0,0.0,0.0,0.0,6284.0,0.0,6919.0,0.0,0.0,2.7184303811560617e+23,0.0,0.0,0.0,0.0,0.0,69,-3.222031175229641e+26,0.0,0.0,0.0,0.0,0.0,0.0,0.0,0.0,0,0,0,0.0,0.0,0.0,0.0,0.0,0.0,0.0,0.0,0.0,0.0,0.0,0.0,0.0,0.0,0.0,0.0,0,-107875648.0,69,0.0,138,0.0,0.0,0,13107,17040,13107,17049,13107,17043,0,0,0,70,68,100,2.7302359370752657e+23,71.1,0.0,74.2,2.7302370179391762e+23,74.0,1,49,50,180,0,52429,0,0,0.0,0.0,0.0,0.0,-0.0,67.0,0.0,162057.094,0.0,750,0,739,0,0,0,721,0,766,0,736,0,742,0,741,0,712,0,7520,0.032,78920024064.0,0.0,0.0,784,16797,-0.0,162057.094,-114818.039,-0.0,0.133,6.909358625270745e+28,30.0,65.0,35,0.0,0.0,0.0,0.0,0.0,0.0,0.0,0.0,0.0,0.0,0.0,0.0,0.0,0.0,0.0,0.0,69.2,0,150,71,54,65476,0,300,0,1,8,20529,65476,0,0,40632,65.0,0.0,0.0,0.0,0.0,0.0
2026-09-04T20:42:15,ERR,ERR,ERR,ERR,ERR,ERR,ERR,ERR,ERR,ERR,ERR,ERR,ERR,ERR,ERR,ERR,ERR,ERR,ERR,ERR,ERR,ERR,ERR,ERR,ERR,ERR,ERR,ERR,ERR,ERR,ERR,ERR,ERR,ERR,ERR,ERR,ERR,ERR,ERR,ERR,ERR,ERR,ERR,ERR,ERR,ERR,ERR,ERR,ERR,ERR,ERR,ERR,ERR,ERR,ERR,ERR,ERR,ERR,ERR,ERR,ERR,ERR,ERR,ERR,ERR,ERR,ERR,ERR,ERR,ERR,ERR,ERR,ERR,ERR,ERR,ERR,ERR,ERR,ERR,ERR,ERR,ERR,ERR,ERR,ERR,ERR,ERR,ERR,ERR,ERR,ERR,ERR,ERR,ERR,ERR,ERR,ERR,ERR,ERR,ERR,ERR,ERR,ERR,ERR,ERR,ERR,ERR,ERR,ERR,ERR,ERR,ERR,ERR,ERR,ERR,ERR,ERR,ERR,ERR,ERR,ERR,ERR,ERR,ERR,ERR,0.0,0.0,0.0,0.0,0.0,1.3936040501711995e+18,7.805,0.0,0,0,4,0,7116,0.0,100,0.0,0.0,0.0,0.0,0.0,0,0,0,0,0.0,0,0,0,0,0,0,0,0,0,0,0,0,0,0,0,0,0,0,0,0,0,0,0,0,0,0,0,0,0,0,0,0,0,31,40,40,71,65476,0,300,0,0,8,21553,0.0,-107605600.0,0.0,0.0,0.0,0.0,0.0,0.0,0.0,0.0,0.0,0.0,0.0,0.0,0.0,0.0,0.0,0.0,0.0,0.0,0.0,0.0,-2.004,2.004,-0.0,-2.004,0.0,0.0,0.0,0.0,6284.0,0.0,6919.0,0.0,0.0,2.7184303811560617e+23,0.0,0.0,0.0,0.0,0.0,69,-3.222031175229641e+26,0.0,0.0,0.0,0.0,0.0,0.0,0.0,0.0,0,0,0,0.0,0.0,0.0,0.0,0.0,0.0,0.0,0.0,0.0,0.0,0.0,0.0,0.0,0.0,0.0,0.0,0,-107875648.0,69,0.0,138,0.0,0.0,0,13107,17040,13107,17049,13107,17043,0,0,0,70,68,100,2.7302359370752657e+23,71.1,0.0,74.2,2.7302370179391762e+23,74.0,1,49,50,180,0,52429,0,0,0.0,0.0,0.0,0.0,-0.0,67.0,0.0,162057.094,0.0,750,0,739,0,0,0,721,0,766,0,736,0,742,0,741,0,712,0,7520,0.032,78920024064.0,0.0,0.0,784,16797,-0.0,162057.094,-114818.039,-0.0,0.133,6.909358625270745e+28,30.0,65.0,35,0.0,0.0,0.0,0.0,0.0,0.0,0.0,0.0,0.0,0.0,0.0,0.0,0.0,0.0,0.0,0.0,69.2,0,150,71,54,65476,0,300,0,1,8,20529,65476,0,0,40632,65.0,0.0,0.0,0.0,0.0,0.0
2026-09-04T20:42:16,ERR,ERR,ERR,ERR,ERR,ERR,ERR,ERR,ERR,ERR,ERR,ERR,ERR,ERR,ERR,ERR,ERR,ERR,ERR,ERR,ERR,ERR,ERR,ERR,ERR,ERR,ERR,ERR,ERR,ERR,ERR,ERR,ERR,ERR,ERR,ERR,ERR,ERR,ERR,ERR,ERR,ERR,ERR,ERR,ERR,ERR,ERR,ERR,ERR,ERR,ERR,ERR,ERR,ERR,ERR,ERR,ERR,ERR,ERR,ERR,ERR,ERR,ERR,ERR,ERR,ERR,ERR,ERR,ERR,ERR,ERR,ERR,ERR,ERR,ERR,ERR,ERR,ERR,ERR,ERR,ERR,ERR,ERR,ERR,ERR,ERR,ERR,ERR,ERR,ERR,ERR,ERR,ERR,ERR,ERR,ERR,ERR,ERR,ERR,ERR,ERR,ERR,ERR,ERR,ERR,ERR,ERR,ERR,ERR,ERR,ERR,ERR,ERR,ERR,ERR,ERR,ERR,ERR,ERR,ERR,ERR,ERR,ERR,ERR,ERR,0.0,0.0,0.0,0.0,0.0,1.3936040501711995e+18,7.805,0.0,0,0,4,0,7116,0.0,100,0.0,0.0,0.0,0.0,0.0,0,0,0,0,0.0,0,0,0,0,0,0,0,0,0,0,0,0,0,0,0,0,0,0,0,0,0,0,0,0,0,0,0,0,0,0,0,0,0,31,40,40,71,65476,0,300,0,0,8,21553,0.0,-107605600.0,0.0,0.0,0.0,0.0,0.0,0.0,0.0,0.0,0.0,0.0,0.0,0.0,0.0,0.0,0.0,0.0,0.0,0.0,0.0,0.0,-2.004,2.004,-0.0,-2.004,0.0,0.0,0.0,0.0,6284.0,0.0,6919.0,0.0,0.0,2.7184303811560617e+23,0.0,0.0,0.0,0.0,0.0,69,-3.222031175229641e+26,0.0,0.0,0.0,0.0,0.0,0.0,0.0,0.0,0,0,0,0.0,0.0,0.0,0.0,0.0,0.0,0.0,0.0,0.0,0.0,0.0,0.0,0.0,0.0,0.0,0.0,0,-107875648.0,69,0.0,138,0.0,0.0,0,13107,17040,13107,17049,13107,17043,0,0,0,70,68,100,2.7302359370752657e+23,71.1,0.0,74.2,2.7302370179391762e+23,74.0,1,49,50,180,0,52429,0,0,0.0,0.0,0.0,0.0,-0.0,67.0,0.0,162057.094,0.0,750,0,739,0,0,0,721,0,766,0,736,0,742,0,741,0,712,0,7520,0.032,78920024064.0,0.0,0.0,784,16797,-0.0,162057.094,-114818.039,-0.0,0.133,6.909358625270745e+28,30.0,65.0,35,0.0,0.0,0.0,0.0,0.0,0.0,0.0,0.0,0.0,0.0,0.0,0.0,0.0,0.0,0.0,0.0,69.2,0,150,71,54,65476,0,300,0,1,8,20529,65476,0,0,40632,65.0,0.0,0.0,0.0,0.0,0.0
2026-09-04T20:42:17,ERR,ERR,ERR,ERR,ERR,ERR,ERR,ERR,ERR,ERR,ERR,ERR,ERR,ERR,ERR,ERR,ERR,ERR,ERR,ERR,ERR,ERR,ERR,ERR,ERR,ERR,ERR,ERR,ERR,ERR,ERR,ERR,ERR,ERR,ERR,ERR,ERR,ERR,ERR,ERR,ERR,ERR,ERR,ERR,ERR,ERR,ERR,ERR,ERR,ERR,ERR,ERR,ERR,ERR,ERR,ERR,ERR,ERR,ERR,ERR,ERR,ERR,ERR,ERR,ERR,ERR,ERR,ERR,ERR,ERR,ERR,ERR,ERR,ERR,ERR,ERR,ERR,ERR,ERR,ERR,ERR,ERR,ERR,ERR,ERR,ERR,ERR,ERR,ERR,ERR,ERR,ERR,ERR,ERR,ERR,ERR,ERR,ERR,ERR,ERR,ERR,ERR,ERR,ERR,ERR,ERR,ERR,ERR,ERR,ERR,ERR,ERR,ERR,ERR,ERR,ERR,ERR,ERR,ERR,ERR,ERR,ERR,ERR,ERR,ERR,0.0,0.0,0.0,0.0,0.0,1.3936040501711995e+18,7.805,0.0,0,0,4,0,7116,0.0,100,0.0,0.0,0.0,0.0,0.0,0,0,0,0,0.0,0,0,0,0,0,0,0,0,0,0,0,0,0,0,0,0,0,0,0,0,0,0,0,0,0,0,0,0,0,0,0,0,0,31,40,40,71,65476,0,300,0,0,8,21553,0.0,-107605600.0,0.0,0.0,0.0,0.0,0.0,0.0,0.0,0.0,0.0,0.0,0.0,0.0,0.0,0.0,0.0,0.0,0.0,0.0,0.0,0.0,-2.004,2.004,-0.0,-2.004,0.0,0.0,0.0,0.0,6284.0,0.0,6919.0,0.0,0.0,2.7184303811560617e+23,0.0,0.0,0.0,0.0,0.0,69,-3.222031175229641e+26,0.0,0.0,0.0,0.0,0.0,0.0,0.0,0.0,0,0,0,0.0,0.0,0.0,0.0,0.0,0.0,0.0,0.0,0.0,0.0,0.0,0.0,0.0,0.0,0.0,0.0,0,-107875648.0,69,0.0,138,0.0,0.0,0,13107,17040,13107,17049,13107,17043,0,0,0,70,68,100,2.7302359370752657e+23,71.1,0.0,74.2,2.7302370179391762e+23,74.0,1,49,50,180,0,52429,0,0,0.0,0.0,0.0,0.0,-0.0,67.0,0.0,162057.094,0.0,750,0,739,0,0,0,721,0,766,0,736,0,742,0,741,0,712,0,7520,0.032,78920024064.0,0.0,0.0,784,16797,-0.0,162057.094,-114818.039,-0.0,0.133,6.909358625270745e+28,30.0,65.0,35,0.0,0.0,0.0,0.0,0.0,0.0,0.0,0.0,0.0,0.0,0.0,0.0,0.0,0.0,0.0,0.0,69.2,0,150,71,54,65476,0,300,0,1,8,20529,65476,0,0,40632,65.0,0.0,0.0,0.0,0.0,0.0
2026-09-04T20:42:18,ERR,ERR,ERR,ERR,ERR,ERR,ERR,ERR,ERR,ERR,ERR,ERR,ERR,ERR,ERR,ERR,ERR,ERR,ERR,ERR,ERR,ERR,ERR,ERR,ERR,ERR,ERR,ERR,ERR,ERR,ERR,ERR,ERR,ERR,ERR,ERR,ERR,ERR,ERR,ERR,ERR,ERR,ERR,ERR,ERR,ERR,ERR,ERR,ERR,ERR,ERR,ERR,ERR,ERR,ERR,ERR,ERR,ERR,ERR,ERR,ERR,ERR,ERR,ERR,ERR,ERR,ERR,ERR,ERR,ERR,ERR,ERR,ERR,ERR,ERR,ERR,ERR,ERR,ERR,ERR,ERR,ERR,ERR,ERR,ERR,ERR,ERR,ERR,ERR,ERR,ERR,ERR,ERR,ERR,ERR,ERR,ERR,ERR,ERR,ERR,ERR,ERR,ERR,ERR,ERR,ERR,ERR,ERR,ERR,ERR,ERR,ERR,ERR,ERR,ERR,ERR,ERR,ERR,ERR,ERR,ERR,ERR,ERR,ERR,ERR,0.0,0.0,0.0,0.0,0.0,1.3936040501711995e+18,7.805,0.0,0,0,4,0,7116,0.0,100,0.0,0.0,0.0,0.0,0.0,0,0,0,0,0.0,0,0,0,0,0,0,0,0,0,0,0,0,0,0,0,0,0,0,0,0,0,0,0,0,0,0,0,0,0,0,0,0,0,31,40,40,71,65476,0,300,0,0,8,21553,0.0,-107605600.0,0.0,0.0,0.0,0.0,0.0,0.0,0.0,0.0,0.0,0.0,0.0,0.0,0.0,0.0,0.0,0.0,0.0,0.0,0.0,0.0,-2.004,2.004,-0.0,-2.004,0.0,0.0,0.0,0.0,6335.0,8608224256.0,6928.0,0.0,0.0,2.7184303811560617e+23,0.0,0.0,0.0,0.0,0.0,69,-71.63,-107615200.0,0.0,0.0,0.0,0.0,0.0,0.0,0.0,0,0,0,0.0,0.0,0.0,0.0,0.0,0.0,0.0,0.0,0.0,0.0,0.0,0.0,0.0,0.0,0.0,0.0,0,-107875648.0,69,0.0,138,0.0,0.0,0,13107,17040,13107,17049,13107,17043,0,0,0,70,68,100,2.7302359370752657e+23,71.1,2.7302370179391762e+23,74.2,2.7302370179391762e+23,74.0,1,49,50,180,0,52429,0,0,0.0,0.0,0.0,0.0,-0.0,67.0,0.0,162057.094,0.0,750,0,739,0,0,0,721,0,766,0,736,0,742,0,741,0,712,0,7520,0.032,79456894976.0,0.0,0.0,784,16797,-0.0,162057.094,-114818.039,-0.0,0.133,6.909358625270745e+28,30.0,65.0,35,0.0,0.0,0.0,0.0,0.0,0.0,0.0,0.0,0.0,0.0,0.0,0.0,0.0,0.0,0.0,0.0,69.2,0,150,71,54,65476,0,300,0,1,8,20529,65476,0,0,40632,65.0,0.0,0.0,0.0,0.0,0.0
2026-09-04T20:42:19,ERR,ERR,ERR,ERR,ERR,ERR,ERR,ERR,ERR,ERR,ERR,ERR,ERR,ERR,ERR,ERR,ERR,ERR,ERR,ERR,ERR,ERR,ERR,ERR,ERR,ERR,ERR,ERR,ERR,ERR,ERR,ERR,ERR,ERR,ERR,ERR,ERR,ERR,ERR,ERR,ERR,ERR,ERR,ERR,ERR,ERR,ERR,ERR,ERR,ERR,ERR,ERR,ERR,ERR,ERR,ERR,ERR,ERR,ERR,ERR,ERR,ERR,ERR,ERR,ERR,ERR,ERR,ERR,ERR,ERR,ERR,ERR,ERR,ERR,ERR,ERR,ERR,ERR,ERR,ERR,ERR,ERR,ERR,ERR,ERR,ERR,ERR,ERR,ERR,ERR,ERR,ERR,ERR,ERR,ERR,ERR,ERR,ERR,ERR,ERR,ERR,ERR,ERR,ERR,ERR,ERR,ERR,ERR,ERR,ERR,ERR,ERR,ERR,ERR,ERR,ERR,ERR,ERR,ERR,ERR,ERR,ERR,ERR,ERR,ERR,0.0,0.0,0.0,0.0,0.0,1.3936040501711995e+18,7.805,0.0,0,0,4,0,7116,0.0,100,0.0,0.0,0.0,0.0,0.0,0,0,0,0,0.0,0,0,0,0,0,0,0,0,0,0,0,0,0,0,0,0,0,0,0,0,0,0,0,0,0,0,0,0,0,0,0,0,0,31,40,40,71,65476,0,300,0,0,8,21553,0.0,-107605600.0,0.0,0.0,0.0,0.0,0.0,0.0,0.0,0.0,0.0,0.0,0.0,0.0,0.0,0.0,0.0,0.0,0.0,0.0,0.0,0.0,-2.004,2.004,-0.0,-2.004,0.0,0.0,0.0,0.0,6335.0,8608224256.0,6928.0,0.0,0.0,2.7184303811560617e+23,0.0,0.0,0.0,0.0,0.0,69,-71.63,-107615200.0,0.0,0.0,0.0,0.0,0.0,0.0,0.0,0,0,0,0.0,0.0,0.0,0.0,0.0,0.0,0.0,0.0,0.0,0.0,0.0,0.0,0.0,0.0,0.0,0.0,0,-107875648.0,69,0.0,138,0.0,0.0,0,13107,17040,13107,17049,13107,17043,0,0,0,70,68,100,2.7302359370752657e+23,71.1,2.7302370179391762e+23,74.2,2.7302370179391762e+23,74.0,1,49,50,180,0,52429,0,0,0.0,0.0,0.0,0.0,-0.0,67.0,0.0,162057.094,0.0,750,0,739,0,0,0,721,0,766,0,736,0,742,0,741,0,712,0,7520,0.032,79456894976.0,0.0,0.0,784,16797,-0.0,162057.094,-114818.039,-0.0,0.133,6.909358625270745e+28,30.0,65.0,35,0.0,0.0,0.0,0.0,0.0,0.0,0.0,0.0,0.0,0.0,0.0,0.0,0.0,0.0,0.0,0.0,69.6,0,150,71,54,65476,0,300,0,1,8,20529,65476,0,0,40632,65.0,0.0,0.0,0.0,0.0,0.0
2026-09-04T20:42:20,ERR,ERR,ERR,ERR,ERR,ERR,ERR,ERR,ERR,ERR,ERR,ERR,ERR,ERR,ERR,ERR,ERR,ERR,ERR,ERR,ERR,ERR,ERR,ERR,ERR,ERR,ERR,ERR,ERR,ERR,ERR,ERR,ERR,ERR,ERR,ERR,ERR,ERR,ERR,ERR,ERR,ERR,ERR,ERR,ERR,ERR,ERR,ERR,ERR,ERR,ERR,ERR,ERR,ERR,ERR,ERR,ERR,ERR,ERR,ERR,ERR,ERR,ERR,ERR,ERR,ERR,ERR,ERR,ERR,ERR,ERR,ERR,ERR,ERR,ERR,ERR,ERR,ERR,ERR,ERR,ERR,ERR,ERR,ERR,ERR,ERR,ERR,ERR,ERR,ERR,ERR,ERR,ERR,ERR,ERR,ERR,ERR,ERR,ERR,ERR,ERR,ERR,ERR,ERR,ERR,ERR,ERR,ERR,ERR,ERR,ERR,ERR,ERR,ERR,ERR,ERR,ERR,ERR,ERR,ERR,ERR,ERR,ERR,ERR,ERR,0.0,0.0,0.0,0.0,0.0,1.3936040501711995e+18,7.805,0.0,0,0,4,0,7116,0.0,100,0.0,0.0,0.0,0.0,0.0,0,0,0,0,0.0,0,0,0,0,0,0,0,0,0,0,0,0,0,0,0,0,0,0,0,0,0,0,0,0,0,0,0,0,0,0,0,0,0,31,40,40,71,65476,0,300,0,0,8,21553,0.0,-107605600.0,0.0,0.0,0.0,0.0,0.0,0.0,0.0,0.0,0.0,0.0,0.0,0.0,0.0,0.0,0.0,0.0,0.0,0.0,0.0,0.0,-2.004,2.004,-0.0,-2.004,0.0,0.0,0.0,0.0,6335.0,8608224256.0,6928.0,0.0,0.0,2.7184303811560617e+23,0.0,0.0,0.0,0.0,0.0,69,-71.63,-107615200.0,0.0,0.0,0.0,0.0,0.0,0.0,0.0,0,0,0,0.0,0.0,0.0,0.0,0.0,0.0,0.0,0.0,0.0,0.0,0.0,0.0,0.0,0.0,0.0,0.0,0,-107875648.0,69,0.0,138,0.0,0.0,0,13107,17040,13107,17049,13107,17043,0,0,0,70,68,100,2.7302359370752657e+23,71.1,2.7302370179391762e+23,74.2,2.7302370179391762e+23,74.0,1,49,50,180,0,52429,0,0,0.0,0.0,0.0,0.0,-0.0,67.0,0.0,162057.094,0.0,750,0,739,0,0,0,721,0,766,0,736,0,742,0,741,0,712,0,7520,0.032,79456894976.0,0.0,0.0,784,16797,-0.0,162057.094,-114818.039,-0.0,0.133,6.909358625270745e+28,30.0,65.0,35,0.0,0.0,0.0,0.0,0.0,0.0,0.0,0.0,0.0,0.0,0.0,0.0,0.0,0.0,0.0,0.0,69.6,0,150,71,54,65476,0,300,0,1,8,20529,65476,0,0,40632,65.0,0.0,0.0,0.0,0.0,0.0
2026-09-04T20:42:21,ERR,ERR,ERR,ERR,ERR,ERR,ERR,ERR,ERR,ERR,ERR,ERR,ERR,ERR,ERR,ERR,ERR,ERR,ERR,ERR,ERR,ERR,ERR,ERR,ERR,ERR,ERR,ERR,ERR,ERR,ERR,ERR,ERR,ERR,ERR,ERR,ERR,ERR,ERR,ERR,ERR,ERR,ERR,ERR,ERR,ERR,ERR,ERR,ERR,ERR,ERR,ERR,ERR,ERR,ERR,ERR,ERR,ERR,ERR,ERR,ERR,ERR,ERR,ERR,ERR,ERR,ERR,ERR,ERR,ERR,ERR,ERR,ERR,ERR,ERR,ERR,ERR,ERR,ERR,ERR,ERR,ERR,ERR,ERR,ERR,ERR,ERR,ERR,ERR,ERR,ERR,ERR,ERR,ERR,ERR,ERR,ERR,ERR,ERR,ERR,ERR,ERR,ERR,ERR,ERR,ERR,ERR,ERR,ERR,ERR,ERR,ERR,ERR,ERR,ERR,ERR,ERR,ERR,ERR,ERR,ERR,ERR,ERR,ERR,ERR,0.0,0.0,0.0,0.0,0.0,1.3936040501711995e+18,7.805,0.0,0,0,4,0,7116,0.0,100,0.0,0.0,0.0,0.0,0.0,0,0,0,0,0.0,0,0,0,0,0,0,0,0,0,0,0,0,0,0,0,0,0,0,0,0,0,0,0,0,0,0,0,0,0,0,0,0,0,31,40,40,71,65476,0,300,0,0,8,21553,0.0,-107605600.0,0.0,0.0,0.0,0.0,0.0,0.0,0.0,0.0,0.0,0.0,0.0,0.0,0.0,0.0,0.0,0.0,0.0,0.0,0.0,0.0,-2.004,2.004,-0.0,-2.004,0.0,0.0,0.0,0.0,6335.0,8608224256.0,6928.0,0.0,0.0,2.7184303811560617e+23,0.0,0.0,0.0,0.0,0.0,69,-71.63,-107615200.0,0.0,0.0,0.0,0.0,0.0,0.0,0.0,0,0,0,0.0,0.0,0.0,0.0,0.0,0.0,0.0,0.0,0.0,0.0,0.0,0.0,0.0,0.0,0.0,0.0,0,-107875648.0,69,0.0,138,0.0,0.0,0,13107,17040,13107,17049,13107,17043,0,0,0,70,68,100,2.7302359370752657e+23,71.1,2.7302370179391762e+23,74.2,2.7302370179391762e+23,74.0,1,49,50,180,0,52429,0,0,0.0,0.0,0.0,0.0,-0.0,67.0,0.0,162057.094,0.0,750,0,739,0,0,0,721,0,766,0,736,0,742,0,741,0,712,0,7520,0.032,79456894976.0,0.0,0.0,784,16797,-0.0,162057.094,-114818.039,-0.0,0.133,6.909358625270745e+28,30.0,65.0,35,0.0,0.0,0.0,0.0,0.0,0.0,0.0,0.0,0.0,0.0,0.0,0.0,0.0,0.0,0.0,0.0,69.6,0,150,71,54,65476,0,300,0,1,8,20529,65476,0,0,40632,65.0,0.0,0.0,0.0,0.0,0.0
2026-09-04T20:42:22,ERR,ERR,ERR,ERR,ERR,ERR,ERR,ERR,ERR,ERR,ERR,ERR,ERR,ERR,ERR,ERR,ERR,ERR,ERR,ERR,ERR,ERR,ERR,ERR,ERR,ERR,ERR,ERR,ERR,ERR,ERR,ERR,ERR,ERR,ERR,ERR,ERR,ERR,ERR,ERR,ERR,ERR,ERR,ERR,ERR,ERR,ERR,ERR,ERR,ERR,ERR,ERR,ERR,ERR,ERR,ERR,ERR,ERR,ERR,ERR,ERR,ERR,ERR,ERR,ERR,ERR,ERR,ERR,ERR,ERR,ERR,ERR,ERR,ERR,ERR,ERR,ERR,ERR,ERR,ERR,ERR,ERR,ERR,ERR,ERR,ERR,ERR,ERR,ERR,ERR,ERR,ERR,ERR,ERR,ERR,ERR,ERR,ERR,ERR,ERR,ERR,ERR,ERR,ERR,ERR,ERR,ERR,ERR,ERR,ERR,ERR,ERR,ERR,ERR,ERR,ERR,ERR,ERR,ERR,ERR,ERR,ERR,ERR,ERR,ERR,0.0,0.0,0.0,0.0,0.0,1.3936040501711995e+18,7.805,0.0,0,0,4,0,7116,0.0,100,0.0,0.0,0.0,0.0,0.0,0,0,0,0,0.0,0,0,0,0,0,0,0,0,0,0,0,0,0,0,0,0,0,0,0,0,0,0,0,0,0,0,0,0,0,0,0,0,0,31,40,40,71,65476,0,300,0,0,8,21553,0.0,-107605600.0,0.0,0.0,0.0,0.0,0.0,0.0,0.0,0.0,0.0,0.0,0.0,0.0,0.0,0.0,0.0,0.0,0.0,0.0,0.0,0.0,-2.004,2.004,-0.0,-2.004,0.0,0.0,0.0,0.0,6335.0,8608224256.0,6928.0,0.0,0.0,2.7184303811560617e+23,0.0,0.0,0.0,0.0,0.0,69,-71.63,-107615200.0,0.0,0.0,0.0,0.0,0.0,0.0,0.0,0,0,0,0.0,0.0,0.0,0.0,0.0,0.0,0.0,0.0,0.0,0.0,0.0,0.0,0.0,0.0,0.0,0.0,0,-107875648.0,69,0.0,138,0.0,0.0,0,13107,17040,13107,17049,13107,17043,0,0,0,70,68,100,2.7302359370752657e+23,71.1,2.7302370179391762e+23,74.2,2.7302370179391762e+23,74.0,1,49,50,180,0,52429,0,0,0.0,0.0,0.0,0.0,-0.0,67.0,0.0,162057.094,0.0,750,0,739,0,0,0,721,0,766,0,736,0,742,0,741,0,712,0,7520,0.032,79456894976.0,0.0,0.0,784,16797,-0.0,162057.094,-114818.039,-0.0,0.133,6.909358625270745e+28,30.0,65.0,35,0.0,0.0,0.0,0.0,0.0,0.0,0.0,0.0,0.0,0.0,0.0,0.0,0.0,0.0,0.0,0.0,69.2,0,150,71,54,65476,0,300,0,1,8,20529,65476,0,0,40632,65.0,0.0,0.0,0.0,0.0,0.0
2026-09-04T20:42:23,ERR,ERR,ERR,ERR,ERR,ERR,ERR,ERR,ERR,ERR,ERR,ERR,ERR,ERR,ERR,ERR,ERR,ERR,ERR,ERR,ERR,ERR,ERR,ERR,ERR,ERR,ERR,ERR,ERR,ERR,ERR,ERR,ERR,ERR,ERR,ERR,ERR,ERR,ERR,ERR,ERR,ERR,ERR,ERR,ERR,ERR,ERR,ERR,ERR,ERR,ERR,ERR,ERR,ERR,ERR,ERR,ERR,ERR,ERR,ERR,ERR,ERR,ERR,ERR,ERR,ERR,ERR,ERR,ERR,ERR,ERR,ERR,ERR,ERR,ERR,ERR,ERR,ERR,ERR,ERR,ERR,ERR,ERR,ERR,ERR,ERR,ERR,ERR,ERR,ERR,ERR,ERR,ERR,ERR,ERR,ERR,ERR,ERR,ERR,ERR,ERR,ERR,ERR,ERR,ERR,ERR,ERR,ERR,ERR,ERR,ERR,ERR,ERR,ERR,ERR,ERR,ERR,ERR,ERR,ERR,ERR,ERR,ERR,ERR,ERR,0.0,0.0,0.0,0.0,0.0,1.3936040501711995e+18,7.805,0.0,0,0,4,0,7116,0.0,100,0.0,0.0,0.0,0.0,0.0,0,0,0,0,0.0,0,0,0,0,0,0,0,0,0,0,0,0,0,0,0,0,0,0,0,0,0,0,0,0,0,0,0,0,0,0,0,0,0,31,40,40,71,65476,0,300,0,0,8,21553,0.0,-107605600.0,0.0,0.0,0.0,0.0,0.0,0.0,0.0,0.0,0.0,0.0,0.0,0.0,0.0,0.0,0.0,0.0,0.0,0.0,0.0,0.0,-2.004,2.004,-0.0,-2.004,0.0,0.0,0.0,0.0,6335.0,8608224256.0,6928.0,0.0,0.0,2.7184303811560617e+23,0.0,0.0,0.0,0.0,0.0,69,-71.63,-107615200.0,0.0,0.0,0.0,0.0,0.0,0.0,0.0,0,0,0,0.0,0.0,0.0,0.0,0.0,0.0,0.0,0.0,0.0,0.0,0.0,0.0,0.0,0.0,0.0,0.0,0,-107875648.0,69,0.0,138,0.0,0.0,0,13107,17040,13107,17049,13107,17043,0,0,0,70,68,100,2.7302359370752657e+23,71.1,0.0,74.2,2.7302370179391762e+23,74.0,1,49,50,180,0,52429,0,0,0.0,0.0,0.0,0.0,-0.0,67.0,0.0,162057.094,0.0,750,0,739,0,0,0,721,0,766,0,736,0,742,0,741,0,712,0,7520,0.032,78920024064.0,0.0,0.0,784,16797,-0.0,162057.094,-114818.039,-0.0,0.133,6.909358625270745e+28,30.0,65.0,35,0.0,0.0,0.0,0.0,0.0,0.0,0.0,0.0,0.0,0.0,0.0,0.0,0.0,0.0,0.0,0.0,69.2,0,150,71,54,65476,0,300,0,1,8,20529,65476,0,0,40632,65.0,0.0,0.0,0.0,0.0,0.0
2026-09-04T20:42:24,ERR,ERR,ERR,ERR,ERR,ERR,ERR,ERR,ERR,ERR,ERR,ERR,ERR,ERR,ERR,ERR,ERR,ERR,ERR,ERR,ERR,ERR,ERR,ERR,ERR,ERR,ERR,ERR,ERR,ERR,ERR,ERR,ERR,ERR,ERR,ERR,ERR,ERR,ERR,ERR,ERR,ERR,ERR,ERR,ERR,ERR,ERR,ERR,ERR,ERR,ERR,ERR,ERR,ERR,ERR,ERR,ERR,ERR,ERR,ERR,ERR,ERR,ERR,ERR,ERR,ERR,ERR,ERR,ERR,ERR,ERR,ERR,ERR,ERR,ERR,ERR,ERR,ERR,ERR,ERR,ERR,ERR,ERR,ERR,ERR,ERR,ERR,ERR,ERR,ERR,ERR,ERR,ERR,ERR,ERR,ERR,ERR,ERR,ERR,ERR,ERR,ERR,ERR,ERR,ERR,ERR,ERR,ERR,ERR,ERR,ERR,ERR,ERR,ERR,ERR,ERR,ERR,ERR,ERR,ERR,ERR,ERR,ERR,ERR,ERR,0.0,0.0,0.0,0.0,0.0,1.3936040501711995e+18,7.805,0.0,0,0,4,0,7116,0.0,100,0.0,0.0,0.0,0.0,0.0,0,0,0,0,0.0,0,0,0,0,0,0,0,0,0,0,0,0,0,0,0,0,0,0,0,0,0,0,0,0,0,0,0,0,0,0,0,0,0,31,40,40,71,65476,0,300,0,0,8,21553,0.0,-107605600.0,0.0,0.0,0.0,0.0,0.0,0.0,0.0,0.0,0.0,0.0,0.0,0.0,0.0,0.0,0.0,0.0,0.0,0.0,0.0,0.0,-2.004,2.004,-0.0,-2.004,0.0,0.0,0.0,0.0,6335.0,8608224256.0,6928.0,0.0,0.0,2.7184303811560617e+23,0.0,0.0,0.0,0.0,0.0,69,-71.63,-107615200.0,0.0,0.0,0.0,0.0,0.0,0.0,0.0,0,0,0,0.0,0.0,0.0,0.0,0.0,0.0,0.0,0.0,0.0,0.0,0.0,0.0,0.0,0.0,0.0,0.0,0,-107875648.0,69,0.0,138,0.0,0.0,0,13107,17040,13107,17049,13107,17043,0,0,0,70,68,100,2.7302359370752657e+23,71.1,0.0,74.2,2.7302370179391762e+23,74.0,1,49,50,180,0,52429,0,0,0.0,0.0,0.0,0.0,-0.0,67.0,0.0,162057.094,0.0,750,0,739,0,0,0,721,0,766,0,736,0,742,0,741,0,712,0,7520,0.032,78920024064.0,0.0,0.0,784,16797,-0.0,162057.094,-114818.039,-0.0,0.133,6.909358625270745e+28,30.0,65.0,35,0.0,0.0,0.0,0.0,0.0,0.0,0.0,0.0,0.0,0.0,0.0,0.0,0.0,0.0,0.0,0.0,69.6,0,150,71,54,65476,0,300,0,1,8,20529,65476,0,0,40632,65.0,0.0,0.0,0.0,0.0,0.0
2026-09-04T20:42:25,ERR,ERR,ERR,ERR,ERR,ERR,ERR,ERR,ERR,ERR,ERR,ERR,ERR,ERR,ERR,ERR,ERR,ERR,ERR,ERR,ERR,ERR,ERR,ERR,ERR,ERR,ERR,ERR,ERR,ERR,ERR,ERR,ERR,ERR,ERR,ERR,ERR,ERR,ERR,ERR,ERR,ERR,ERR,ERR,ERR,ERR,ERR,ERR,ERR,ERR,ERR,ERR,ERR,ERR,ERR,ERR,ERR,ERR,ERR,ERR,ERR,ERR,ERR,ERR,ERR,ERR,ERR,ERR,ERR,ERR,ERR,ERR,ERR,ERR,ERR,ERR,ERR,ERR,ERR,ERR,ERR,ERR,ERR,ERR,ERR,ERR,ERR,ERR,ERR,ERR,ERR,ERR,ERR,ERR,ERR,ERR,ERR,ERR,ERR,ERR,ERR,ERR,ERR,ERR,ERR,ERR,ERR,ERR,ERR,ERR,ERR,ERR,ERR,ERR,ERR,ERR,ERR,ERR,ERR,ERR,ERR,ERR,ERR,ERR,ERR,0.0,0.0,0.0,0.0,0.0,1.3936040501711995e+18,7.805,0.0,0,0,4,0,7116,0.0,100,0.0,0.0,0.0,0.0,0.0,0,0,0,0,0.0,0,0,0,0,0,0,0,0,0,0,0,0,0,0,0,0,0,0,0,0,0,0,0,0,0,0,0,0,0,0,0,0,0,31,40,40,71,65476,0,300,0,0,8,21553,0.0,-107605600.0,0.0,0.0,0.0,0.0,0.0,0.0,0.0,0.0,0.0,0.0,0.0,0.0,0.0,0.0,0.0,0.0,0.0,0.0,0.0,0.0,-2.004,2.004,-0.0,-2.004,0.0,0.0,0.0,0.0,6375.0,131351.109,6921.0,0.0,0.0,2.7184303811560617e+23,0.0,0.0,0.0,0.0,0.0,69,-2.7184312818759872e+23,0.0,0.0,0.0,0.0,0.0,0.0,0.0,0.0,0,0,0,0.0,0.0,0.0,0.0,0.0,0.0,0.0,0.0,0.0,0.0,0.0,0.0,0.0,0.0,0.0,0.0,0,-107875648.0,69,0.0,138,0.0,0.0,0,13107,17040,13107,17049,13107,17043,0,0,0,70,68,100,2.7302359370752657e+23,71.1,0.0,74.2,2.7302370179391762e+23,74.0,1,49,50,180,0,52429,0,0,0.0,0.0,0.0,0.0,-0.0,67.0,0.0,162057.094,0.0,750,0,739,0,0,0,721,0,766,0,736,0,742,0,741,0,712,0,7520,0.032,78920024064.0,0.0,0.0,784,16797,-0.0,162057.094,-114818.039,-0.0,0.133,6.909358625270745e+28,30.0,65.0,35,0.0,0.0,0.0,0.0,0.0,0.0,0.0,0.0,0.0,0.0,0.0,0.0,0.0,0.0,0.0,0.0,69.6,0,150,71,54,65476,0,300,0,1,8,20529,65476,0,0,40632,65.0,0.0,0.0,0.0,0.0,0.0
2026-09-04T20:42:26,ERR,ERR,ERR,ERR,ERR,ERR,ERR,ERR,ERR,ERR,ERR,ERR,ERR,ERR,ERR,ERR,ERR,ERR,ERR,ERR,ERR,ERR,ERR,ERR,ERR,ERR,ERR,ERR,ERR,ERR,ERR,ERR,ERR,ERR,ERR,ERR,ERR,ERR,ERR,ERR,ERR,ERR,ERR,ERR,ERR,ERR,ERR,ERR,ERR,ERR,ERR,ERR,ERR,ERR,ERR,ERR,ERR,ERR,ERR,ERR,ERR,ERR,ERR,ERR,ERR,ERR,ERR,ERR,ERR,ERR,ERR,ERR,ERR,ERR,ERR,ERR,ERR,ERR,ERR,ERR,ERR,ERR,ERR,ERR,ERR,ERR,ERR,ERR,ERR,ERR,ERR,ERR,ERR,ERR,ERR,ERR,ERR,ERR,ERR,ERR,ERR,ERR,ERR,ERR,ERR,ERR,ERR,ERR,ERR,ERR,ERR,ERR,ERR,ERR,ERR,ERR,ERR,ERR,ERR,ERR,ERR,ERR,ERR,ERR,ERR,0.0,0.0,0.0,0.0,0.0,1.3936040501711995e+18,7.805,0.0,0,0,4,0,7116,0.0,100,0.0,0.0,0.0,0.0,0.0,0,0,0,0,0.0,0,0,0,0,0,0,0,0,0,0,0,0,0,0,0,0,0,0,0,0,0,0,0,0,0,0,0,0,0,0,0,0,0,31,40,40,71,65476,0,300,0,0,8,21553,0.0,-107605600.0,0.0,0.0,0.0,0.0,0.0,0.0,0.0,0.0,0.0,0.0,0.0,0.0,0.0,0.0,0.0,0.0,0.0,0.0,0.0,0.0,-2.004,2.004,-0.0,-2.004,0.0,0.0,0.0,0.0,6375.0,131351.109,6921.0,0.0,0.0,2.7184303811560617e+23,0.0,0.0,0.0,0.0,0.0,69,-2.7184312818759872e+23,0.0,0.0,0.0,0.0,0.0,0.0,0.0,0.0,0,0,0,0.0,0.0,0.0,0.0,0.0,0.0,0.0,0.0,0.0,0.0,0.0,0.0,0.0,0.0,0.0,0.0,0,-107875648.0,69,0.0,138,0.0,0.0,0,13107,17040,13107,17049,13107,17043,0,0,0,70,68,100,2.7302359370752657e+23,71.1,0.0,74.2,2.7302370179391762e+23,74.0,1,49,50,180,0,52429,0,0,0.0,0.0,0.0,0.0,-0.0,67.0,0.0,162057.094,0.0,750,0,739,0,0,0,721,0,766,0,736,0,742,0,741,0,712,0,7520,0.032,78920024064.0,0.0,0.0,784,16797,-0.0,162057.094,-114818.039,-0.0,0.133,6.909358625270745e+28,30.0,65.0,35,0.0,0.0,0.0,0.0,0.0,0.0,0.0,0.0,0.0,0.0,0.0,0.0,0.0,0.0,0.0,0.0,69.6,0,150,71,54,65476,0,300,0,1,8,20529,65476,0,0,40632,65.0,0.0,0.0,0.0,0.0,0.0
2026-09-04T20:42:27,ERR,ERR,ERR,ERR,ERR,ERR,ERR,ERR,ERR,ERR,ERR,ERR,ERR,ERR,ERR,ERR,ERR,ERR,ERR,ERR,ERR,ERR,ERR,ERR,ERR,ERR,ERR,ERR,ERR,ERR,ERR,ERR,ERR,ERR,ERR,ERR,ERR,ERR,ERR,ERR,ERR,ERR,ERR,ERR,ERR,ERR,ERR,ERR,ERR,ERR,ERR,ERR,ERR,ERR,ERR,ERR,ERR,ERR,ERR,ERR,ERR,ERR,ERR,ERR,ERR,ERR,ERR,ERR,ERR,ERR,ERR,ERR,ERR,ERR,ERR,ERR,ERR,ERR,ERR,ERR,ERR,ERR,ERR,ERR,ERR,ERR,ERR,ERR,ERR,ERR,ERR,ERR,ERR,ERR,ERR,ERR,ERR,ERR,ERR,ERR,ERR,ERR,ERR,ERR,ERR,ERR,ERR,ERR,ERR,ERR,ERR,ERR,ERR,ERR,ERR,ERR,ERR,ERR,ERR,ERR,ERR,ERR,ERR,ERR,ERR,0.0,0.0,0.0,0.0,0.0,1.3936040501711995e+18,7.805,0.0,0,0,4,0,7116,0.0,100,0.0,0.0,0.0,0.0,0.0,0,0,0,0,0.0,0,0,0,0,0,0,0,0,0,0,0,0,0,0,0,0,0,0,0,0,0,0,0,0,0,0,0,0,0,0,0,0,0,31,40,40,71,65476,0,300,0,0,8,21553,0.0,-107605600.0,0.0,0.0,0.0,0.0,0.0,0.0,0.0,0.0,0.0,0.0,0.0,0.0,0.0,0.0,0.0,0.0,0.0,0.0,0.0,0.0,-2.004,2.004,-0.0,-2.004,0.0,0.0,0.0,0.0,6375.0,131351.109,6921.0,0.0,0.0,2.7184303811560617e+23,0.0,0.0,0.0,0.0,0.0,69,-2.7184312818759872e+23,0.0,0.0,0.0,0.0,0.0,0.0,0.0,0.0,0,0,0,0.0,0.0,0.0,0.0,0.0,0.0,0.0,0.0,0.0,0.0,0.0,0.0,0.0,0.0,0.0,0.0,0,-107875648.0,69,0.0,138,0.0,0.0,0,13107,17040,13107,17049,13107,17043,0,0,0,70,68,100,2.7302359370752657e+23,71.1,0.0,74.2,2.7302370179391762e+23,74.0,1,49,50,180,0,52429,0,0,0.0,0.0,0.0,0.0,-0.0,67.0,0.0,162057.094,0.0,750,0,739,0,0,0,721,0,766,0,736,0,742,0,741,0,712,0,7520,0.032,78920024064.0,0.0,0.0,784,16797,-0.0,162057.094,-114818.039,-0.0,0.133,6.909358625270745e+28,30.0,65.0,35,0.0,0.0,0.0,0.0,0.0,0.0,0.0,0.0,0.0,0.0,0.0,0.0,0.0,0.0,0.0,0.0,69.2,0,150,71,54,65476,0,300,0,1,8,20529,65476,0,0,40632,65.0,0.0,0.0,0.0,0.0,0.0
2026-09-04T20:42:28,ERR,ERR,ERR,ERR,ERR,ERR,ERR,ERR,ERR,ERR,ERR,ERR,ERR,ERR,ERR,ERR,ERR,ERR,ERR,ERR,ERR,ERR,ERR,ERR,ERR,ERR,ERR,ERR,ERR,ERR,ERR,ERR,ERR,ERR,ERR,ERR,ERR,ERR,ERR,ERR,ERR,ERR,ERR,ERR,ERR,ERR,ERR,ERR,ERR,ERR,ERR,ERR,ERR,ERR,ERR,ERR,ERR,ERR,ERR,ERR,ERR,ERR,ERR,ERR,ERR,ERR,ERR,ERR,ERR,ERR,ERR,ERR,ERR,ERR,ERR,ERR,ERR,ERR,ERR,ERR,ERR,ERR,ERR,ERR,ERR,ERR,ERR,ERR,ERR,ERR,ERR,ERR,ERR,ERR,ERR,ERR,ERR,ERR,ERR,ERR,ERR,ERR,ERR,ERR,ERR,ERR,ERR,ERR,ERR,ERR,ERR,ERR,ERR,ERR,ERR,ERR,ERR,ERR,ERR,ERR,ERR,ERR,ERR,ERR,ERR,0.0,0.0,0.0,0.0,0.0,1.3936040501711995e+18,7.805,0.0,0,0,4,0,7116,0.0,100,0.0,0.0,0.0,0.0,0.0,0,0,0,0,0.0,0,0,0,0,0,0,0,0,0,0,0,0,0,0,0,0,0,0,0,0,0,0,0,0,0,0,0,0,0,0,0,0,0,31,40,40,71,65476,0,300,0,0,8,21553,0.0,-107605600.0,0.0,0.0,0.0,0.0,0.0,0.0,0.0,0.0,0.0,0.0,0.0,0.0,0.0,0.0,0.0,0.0,0.0,0.0,0.0,0.0,-2.004,2.004,-0.0,-2.004,0.0,0.0,0.0,0.0,6375.0,131351.109,6921.0,0.0,0.0,2.7184303811560617e+23,0.0,0.0,0.0,0.0,0.0,69,-2.7184312818759872e+23,0.0,0.0,0.0,0.0,0.0,0.0,0.0,0.0,0,0,0,0.0,0.0,0.0,0.0,0.0,0.0,0.0,0.0,0.0,0.0,0.0,0.0,0.0,0.0,0.0,0.0,0,-107875648.0,69,0.0,138,0.0,0.0,0,13107,17040,13107,17049,13107,17043,0,0,0,70,68,100,2.7302359370752657e+23,71.1,0.0,74.2,2.7302370179391762e+23,74.0,1,49,50,180,0,52429,0,0,0.0,0.0,0.0,0.0,-0.0,67.0,0.0,162057.094,0.0,750,0,739,0,0,0,721,0,766,0,736,0,742,0,741,0,712,0,7520,0.032,78920024064.0,0.0,0.0,784,16797,-0.0,162057.094,-114818.039,-0.0,0.133,6.909358625270745e+28,30.0,65.0,35,0.0,0.0,0.0,0.0,0.0,0.0,0.0,0.0,0.0,0.0,0.0,0.0,0.0,0.0,0.0,0.0,69.2,0,150,71,54,65476,0,300,0,1,8,20529,65476,0,0,40632,65.0,0.0,0.0,0.0,0.0,0.0
2026-09-04T20:42:29,ERR,ERR,ERR,ERR,ERR,ERR,ERR,ERR,ERR,ERR,ERR,ERR,ERR,ERR,ERR,ERR,ERR,ERR,ERR,ERR,ERR,ERR,ERR,ERR,ERR,ERR,ERR,ERR,ERR,ERR,ERR,ERR,ERR,ERR,ERR,ERR,ERR,ERR,ERR,ERR,ERR,ERR,ERR,ERR,ERR,ERR,ERR,ERR,ERR,ERR,ERR,ERR,ERR,ERR,ERR,ERR,ERR,ERR,ERR,ERR,ERR,ERR,ERR,ERR,ERR,ERR,ERR,ERR,ERR,ERR,ERR,ERR,ERR,ERR,ERR,ERR,ERR,ERR,ERR,ERR,ERR,ERR,ERR,ERR,ERR,ERR,ERR,ERR,ERR,ERR,ERR,ERR,ERR,ERR,ERR,ERR,ERR,ERR,ERR,ERR,ERR,ERR,ERR,ERR,ERR,ERR,ERR,ERR,ERR,ERR,ERR,ERR,ERR,ERR,ERR,ERR,ERR,ERR,ERR,ERR,ERR,ERR,ERR,ERR,ERR,0.0,0.0,0.0,0.0,0.0,1.3936040501711995e+18,7.805,0.0,0,0,4,0,7116,0.0,100,0.0,0.0,0.0,0.0,0.0,0,0,0,0,0.0,0,0,0,0,0,0,0,0,0,0,0,0,0,0,0,0,0,0,0,0,0,0,0,0,0,0,0,0,0,0,0,0,0,31,40,40,71,65476,0,300,0,0,8,21553,0.0,-107605600.0,0.0,0.0,0.0,0.0,0.0,0.0,0.0,0.0,0.0,0.0,0.0,0.0,0.0,0.0,0.0,0.0,0.0,0.0,0.0,0.0,-2.004,2.004,-0.0,-2.004,0.0,0.0,0.0,0.0,6375.0,131351.109,6921.0,0.0,0.0,2.7184303811560617e+23,0.0,0.0,0.0,0.0,0.0,69,-2.7184312818759872e+23,0.0,0.0,0.0,0.0,0.0,0.0,0.0,0.0,0,0,0,0.0,0.0,0.0,0.0,0.0,0.0,0.0,0.0,0.0,0.0,0.0,0.0,0.0,0.0,0.0,0.0,0,-107875648.0,69,0.0,138,0.0,0.0,0,13107,17040,13107,17049,13107,17043,0,0,0,70,68,100,2.7302359370752657e+23,71.1,0.0,74.2,2.7302370179391762e+23,74.0,1,49,50,180,0,52429,0,0,0.0,0.0,0.0,0.0,-0.0,67.0,0.0,162057.094,0.0,750,0,739,0,0,0,721,0,766,0,736,0,742,0,741,0,712,0,7520,0.032,78920024064.0,0.0,0.0,784,16797,-0.0,162057.094,-114818.039,-0.0,0.133,6.909358625270745e+28,30.0,65.0,35,0.0,0.0,0.0,0.0,0.0,0.0,0.0,0.0,0.0,0.0,0.0,0.0,0.0,0.0,0.0,0.0,69.2,0,150,71,54,65476,0,300,0,1,8,20529,65476,0,0,40632,65.0,0.0,0.0,0.0,0.0,0.0
2026-09-04T20:42:30,ERR,ERR,ERR,ERR,ERR,ERR,ERR,ERR,ERR,ERR,ERR,ERR,ERR,ERR,ERR,ERR,ERR,ERR,ERR,ERR,ERR,ERR,ERR,ERR,ERR,ERR,ERR,ERR,ERR,ERR,ERR,ERR,ERR,ERR,ERR,ERR,ERR,ERR,ERR,ERR,ERR,ERR,ERR,ERR,ERR,ERR,ERR,ERR,ERR,ERR,ERR,ERR,ERR,ERR,ERR,ERR,ERR,ERR,ERR,ERR,ERR,ERR,ERR,ERR,ERR,ERR,ERR,ERR,ERR,ERR,ERR,ERR,ERR,ERR,ERR,ERR,ERR,ERR,ERR,ERR,ERR,ERR,ERR,ERR,ERR,ERR,ERR,ERR,ERR,ERR,ERR,ERR,ERR,ERR,ERR,ERR,ERR,ERR,ERR,ERR,ERR,ERR,ERR,ERR,ERR,ERR,ERR,ERR,ERR,ERR,ERR,ERR,ERR,ERR,ERR,ERR,ERR,ERR,ERR,ERR,ERR,ERR,ERR,ERR,ERR,0.0,0.0,0.0,0.0,0.0,1.3936040501711995e+18,7.805,0.0,0,0,4,0,7116,0.0,100,0.0,0.0,0.0,0.0,0.0,0,0,0,0,0.0,0,0,0,0,0,0,0,0,0,0,0,0,0,0,0,0,0,0,0,0,0,0,0,0,0,0,0,0,0,0,0,0,0,31,40,40,71,65476,0,300,0,0,8,21553,0.0,-107605600.0,0.0,0.0,0.0,0.0,0.0,0.0,0.0,0.0,0.0,0.0,0.0,0.0,0.0,0.0,0.0,0.0,0.0,0.0,0.0,0.0,-2.004,2.004,-0.0,-2.004,0.0,0.0,0.0,0.0,6375.0,131351.109,6921.0,0.0,0.0,2.7184303811560617e+23,0.0,0.0,0.0,0.0,0.0,69,-2.7184312818759872e+23,0.0,0.0,0.0,0.0,0.0,0.0,0.0,0.0,0,0,0,0.0,0.0,0.0,0.0,0.0,0.0,0.0,0.0,0.0,0.0,0.0,0.0,0.0,0.0,0.0,0.0,0,-107875648.0,69,0.0,138,0.0,0.0,0,13107,17040,13107,17049,13107,17043,0,0,0,70,68,100,2.7302359370752657e+23,71.1,0.0,74.2,2.7302370179391762e+23,74.0,1,49,50,180,0,52429,0,0,0.0,0.0,0.0,0.0,-0.0,67.0,0.0,162057.094,0.0,750,0,739,0,0,0,721,0,766,0,736,0,742,0,741,0,712,0,7520,0.032,78920024064.0,0.0,0.0,784,16797,-0.0,162057.094,-114818.039,-0.0,0.133,6.909358625270745e+28,30.0,65.0,35,0.0,0.0,0.0,0.0,0.0,0.0,0.0,0.0,0.0,0.0,0.0,0.0,0.0,0.0,0.0,0.0,69.2,0,150,71,54,65476,0,300,0,1,8,20529,65476,0,0,40632,65.0,0.0,0.0,0.0,0.0,0.0
2026-09-04T20:42:31,ERR,ERR,ERR,ERR,ERR,ERR,ERR,ERR,ERR,ERR,ERR,ERR,ERR,ERR,ERR,ERR,ERR,ERR,ERR,ERR,ERR,ERR,ERR,ERR,ERR,ERR,ERR,ERR,ERR,ERR,ERR,ERR,ERR,ERR,ERR,ERR,ERR,ERR,ERR,ERR,ERR,ERR,ERR,ERR,ERR,ERR,ERR,ERR,ERR,ERR,ERR,ERR,ERR,ERR,ERR,ERR,ERR,ERR,ERR,ERR,ERR,ERR,ERR,ERR,ERR,ERR,ERR,ERR,ERR,ERR,ERR,ERR,ERR,ERR,ERR,ERR,ERR,ERR,ERR,ERR,ERR,ERR,ERR,ERR,ERR,ERR,ERR,ERR,ERR,ERR,ERR,ERR,ERR,ERR,ERR,ERR,ERR,ERR,ERR,ERR,ERR,ERR,ERR,ERR,ERR,ERR,ERR,ERR,ERR,ERR,ERR,ERR,ERR,ERR,ERR,ERR,ERR,ERR,ERR,ERR,ERR,ERR,ERR,ERR,ERR,0.0,0.0,0.0,0.0,0.0,1.3936040501711995e+18,7.805,0.0,0,0,4,0,7116,0.0,100,0.0,0.0,0.0,0.0,0.0,0,0,0,0,0.0,0,0,0,0,0,0,0,0,0,0,0,0,0,0,0,0,0,0,0,0,0,0,0,0,0,0,0,0,0,0,0,0,0,31,40,40,71,65476,0,300,0,0,8,21553,0.0,-107605600.0,0.0,0.0,0.0,0.0,0.0,0.0,0.0,0.0,0.0,0.0,0.0,0.0,0.0,0.0,0.0,0.0,0.0,0.0,0.0,0.0,-2.004,2.004,-0.0,-2.004,0.0,0.0,0.0,0.0,6375.0,131351.109,6921.0,0.0,0.0,2.7184303811560617e+23,0.0,0.0,0.0,0.0,0.0,69,-2.7184312818759872e+23,0.0,0.0,0.0,0.0,0.0,0.0,0.0,0.0,0,0,0,0.0,0.0,0.0,0.0,0.0,0.0,0.0,0.0,0.0,0.0,0.0,0.0,0.0,0.0,0.0,0.0,0,-107875648.0,69,0.0,138,0.0,0.0,0,13107,17040,13107,17049,13107,17043,0,0,0,70,68,100,2.7302359370752657e+23,71.1,0.0,74.2,2.7302370179391762e+23,74.0,1,49,50,180,0,52429,0,0,0.0,0.0,0.0,0.0,-0.0,67.0,0.0,162057.094,0.0,750,0,739,0,0,0,721,0,766,0,736,0,742,0,741,0,712,0,7520,0.032,78920024064.0,0.0,0.0,784,16797,-0.0,162057.094,-114818.039,-0.0,0.133,6.909358625270745e+28,30.0,65.0,35,0.0,0.0,0.0,0.0,0.0,0.0,0.0,0.0,0.0,0.0,0.0,0.0,0.0,0.0,0.0,0.0,69.2,0,150,71,54,65476,0,300,0,1,8,20529,65476,0,0,40632,65.0,0.0,0.0,0.0,0.0,0.0
2026-09-04T20:42:32,ERR,ERR,ERR,ERR,ERR,ERR,ERR,ERR,ERR,ERR,ERR,ERR,ERR,ERR,ERR,ERR,ERR,ERR,ERR,ERR,ERR,ERR,ERR,ERR,ERR,ERR,ERR,ERR,ERR,ERR,ERR,ERR,ERR,ERR,ERR,ERR,ERR,ERR,ERR,ERR,ERR,ERR,ERR,ERR,ERR,ERR,ERR,ERR,ERR,ERR,ERR,ERR,ERR,ERR,ERR,ERR,ERR,ERR,ERR,ERR,ERR,ERR,ERR,ERR,ERR,ERR,ERR,ERR,ERR,ERR,ERR,ERR,ERR,ERR,ERR,ERR,ERR,ERR,ERR,ERR,ERR,ERR,ERR,ERR,ERR,ERR,ERR,ERR,ERR,ERR,ERR,ERR,ERR,ERR,ERR,ERR,ERR,ERR,ERR,ERR,ERR,ERR,ERR,ERR,ERR,ERR,ERR,ERR,ERR,ERR,ERR,ERR,ERR,ERR,ERR,ERR,ERR,ERR,ERR,ERR,ERR,ERR,ERR,ERR,ERR,0.0,0.0,0.0,0.0,0.0,1.3936040501711995e+18,7.805,0.0,0,0,4,0,7116,0.0,100,0.0,0.0,0.0,0.0,0.0,0,0,0,0,0.0,0,0,0,0,0,0,0,0,0,0,0,0,0,0,0,0,0,0,0,0,0,0,0,0,0,0,0,0,0,0,0,0,0,31,40,40,71,65476,0,300,0,0,8,21553,0.0,-107605600.0,0.0,0.0,0.0,0.0,0.0,0.0,0.0,0.0,0.0,0.0,0.0,0.0,0.0,0.0,0.0,0.0,0.0,0.0,0.0,0.0,-2.004,2.004,-0.0,-2.004,0.0,0.0,0.0,0.0,6375.0,131351.109,6921.0,0.0,0.0,2.7184303811560617e+23,0.0,0.0,0.0,0.0,0.0,69,-2.7184312818759872e+23,0.0,0.0,0.0,0.0,0.0,0.0,0.0,0.0,0,0,0,0.0,0.0,0.0,0.0,0.0,0.0,0.0,0.0,0.0,0.0,0.0,0.0,0.0,0.0,0.0,0.0,0,-107875648.0,69,0.0,138,0.0,0.0,0,13107,17040,13107,17049,13107,17043,0,0,0,70,68,100,2.7302359370752657e+23,71.1,0.0,74.2,2.7302370179391762e+23,74.0,1,49,50,180,0,52429,0,0,0.0,0.0,0.0,0.0,-0.0,67.0,0.0,162057.094,0.0,750,0,739,0,0,0,721,0,766,0,736,0,742,0,741,0,712,0,7520,0.032,78920024064.0,0.0,0.0,784,16797,-0.0,162057.094,-114818.039,-0.0,0.133,6.909358625270745e+28,30.0,65.0,35,0.0,0.0,0.0,0.0,0.0,0.0,0.0,0.0,0.0,0.0,0.0,0.0,0.0,0.0,0.0,0.0,69.2,0,150,71,54,65476,0,300,0,1,8,20529,65476,0,0,40632,65.0,0.0,0.0,0.0,0.0,0.0
2026-09-04T20:42:33,ERR,ERR,ERR,ERR,ERR,ERR,ERR,ERR,ERR,ERR,ERR,ERR,ERR,ERR,ERR,ERR,ERR,ERR,ERR,ERR,ERR,ERR,ERR,ERR,ERR,ERR,ERR,ERR,ERR,ERR,ERR,ERR,ERR,ERR,ERR,ERR,ERR,ERR,ERR,ERR,ERR,ERR,ERR,ERR,ERR,ERR,ERR,ERR,ERR,ERR,ERR,ERR,ERR,ERR,ERR,ERR,ERR,ERR,ERR,ERR,ERR,ERR,ERR,ERR,ERR,ERR,ERR,ERR,ERR,ERR,ERR,ERR,ERR,ERR,ERR,ERR,ERR,ERR,ERR,ERR,ERR,ERR,ERR,ERR,ERR,ERR,ERR,ERR,ERR,ERR,ERR,ERR,ERR,ERR,ERR,ERR,ERR,ERR,ERR,ERR,ERR,ERR,ERR,ERR,ERR,ERR,ERR,ERR,ERR,ERR,ERR,ERR,ERR,ERR,ERR,ERR,ERR,ERR,ERR,ERR,ERR,ERR,ERR,ERR,ERR,0.0,0.0,0.0,0.0,0.0,1.3936040501711995e+18,7.805,0.0,0,0,4,0,7116,0.0,100,0.0,0.0,0.0,0.0,0.0,0,0,0,0,0.0,0,0,0,0,0,0,0,0,0,0,0,0,0,0,0,0,0,0,0,0,0,0,0,0,0,0,0,0,0,0,0,0,0,31,40,40,71,65476,0,300,0,0,8,21553,0.0,-107605600.0,0.0,0.0,0.0,0.0,0.0,0.0,0.0,0.0,0.0,0.0,0.0,0.0,0.0,0.0,0.0,0.0,0.0,0.0,0.0,0.0,-2.004,2.004,-0.0,-2.004,0.0,0.0,0.0,0.0,6412.0,131351.125,6921.0,0.0,0.0,2.7184303811560617e+23,0.0,0.0,0.0,0.0,0.0,69,-4.066882747792088e+29,0.0,0.0,0.0,0.0,0.0,0.0,0.0,0.0,0,0,0,0.0,0.0,0.0,0.0,0.0,0.0,0.0,0.0,0.0,0.0,0.0,0.0,0.0,0.0,0.0,0.0,0,-107875648.0,69,0.0,138,0.0,0.0,0,13107,17040,13107,17049,13107,17043,0,0,0,70,68,100,2.7302359370752657e+23,71.1,0.0,74.2,2.7302370179391762e+23,74.0,1,49,50,180,0,52429,0,0,0.0,0.0,0.0,0.0,-0.0,67.0,0.0,162057.094,0.0,750,0,739,0,0,0,721,0,766,0,736,0,742,0,741,0,712,0,7520,0.032,78920024064.0,0.0,0.0,784,16797,-0.0,162057.094,-114818.039,-0.0,0.133,6.909358625270745e+28,30.0,65.0,35,0.0,0.0,0.0,0.0,0.0,0.0,0.0,0.0,0.0,0.0,0.0,0.0,0.0,0.0,0.0,0.0,69.2,0,150,71,54,65476,0,300,0,1,8,20529,65476,0,0,40632,65.0,0.0,0.0,0.0,0.0,0.0
2026-09-04T20:42:34,ERR,ERR,ERR,ERR,ERR,ERR,ERR,ERR,ERR,ERR,ERR,ERR,ERR,ERR,ERR,ERR,ERR,ERR,ERR,ERR,ERR,ERR,ERR,ERR,ERR,ERR,ERR,ERR,ERR,ERR,ERR,ERR,ERR,ERR,ERR,ERR,ERR,ERR,ERR,ERR,ERR,ERR,ERR,ERR,ERR,ERR,ERR,ERR,ERR,ERR,ERR,ERR,ERR,ERR,ERR,ERR,ERR,ERR,ERR,ERR,ERR,ERR,ERR,ERR,ERR,ERR,ERR,ERR,ERR,ERR,ERR,ERR,ERR,ERR,ERR,ERR,ERR,ERR,ERR,ERR,ERR,ERR,ERR,ERR,ERR,ERR,ERR,ERR,ERR,ERR,ERR,ERR,ERR,ERR,ERR,ERR,ERR,ERR,ERR,ERR,ERR,ERR,ERR,ERR,ERR,ERR,ERR,ERR,ERR,ERR,ERR,ERR,ERR,ERR,ERR,ERR,ERR,ERR,ERR,ERR,ERR,ERR,ERR,ERR,ERR,0.0,0.0,0.0,0.0,0.0,1.3936040501711995e+18,7.805,0.0,0,0,4,0,7116,0.0,100,0.0,0.0,0.0,0.0,0.0,0,0,0,0,0.0,0,0,0,0,0,0,0,0,0,0,0,0,0,0,0,0,0,0,0,0,0,0,0,0,0,0,0,0,0,0,0,0,0,31,40,40,71,65476,0,300,0,0,8,21553,0.0,-107605600.0,0.0,0.0,0.0,0.0,0.0,0.0,0.0,0.0,0.0,0.0,0.0,0.0,0.0,0.0,0.0,0.0,0.0,0.0,0.0,0.0,-2.004,2.004,-0.0,-2.004,0.0,0.0,0.0,0.0,6412.0,131351.125,6921.0,0.0,0.0,2.7184303811560617e+23,0.0,0.0,0.0,0.0,0.0,69,-4.066882747792088e+29,0.0,0.0,0.0,0.0,0.0,0.0,0.0,0.0,0,0,0,0.0,0.0,0.0,0.0,0.0,0.0,0.0,0.0,0.0,0.0,0.0,0.0,0.0,0.0,0.0,0.0,0,-107875648.0,69,0.0,138,0.0,0.0,0,13107,17040,13107,17049,13107,17043,0,0,0,70,68,100,2.7302359370752657e+23,71.1,0.0,74.2,2.7302370179391762e+23,74.0,1,49,50,180,0,52429,0,0,0.0,0.0,0.0,0.0,-0.0,67.0,0.0,162057.094,0.0,750,0,739,0,0,0,721,0,766,0,736,0,742,0,741,0,712,0,7520,0.032,78920024064.0,0.0,0.0,784,16797,-0.0,162057.094,-114818.039,-0.0,0.133,6.909358625270745e+28,30.0,65.0,35,0.0,0.0,0.0,0.0,0.0,0.0,0.0,0.0,0.0,0.0,0.0,0.0,0.0,0.0,0.0,0.0,69.2,0,150,71,54,65476,0,300,0,1,8,20529,65476,0,0,40632,65.0,0.0,0.0,0.0,0.0,0.0
2026-09-04T20:42:35,ERR,ERR,ERR,ERR,ERR,ERR,ERR,ERR,ERR,ERR,ERR,ERR,ERR,ERR,ERR,ERR,ERR,ERR,ERR,ERR,ERR,ERR,ERR,ERR,ERR,ERR,ERR,ERR,ERR,ERR,ERR,ERR,ERR,ERR,ERR,ERR,ERR,ERR,ERR,ERR,ERR,ERR,ERR,ERR,ERR,ERR,ERR,ERR,ERR,ERR,ERR,ERR,ERR,ERR,ERR,ERR,ERR,ERR,ERR,ERR,ERR,ERR,ERR,ERR,ERR,ERR,ERR,ERR,ERR,ERR,ERR,ERR,ERR,ERR,ERR,ERR,ERR,ERR,ERR,ERR,ERR,ERR,ERR,ERR,ERR,ERR,ERR,ERR,ERR,ERR,ERR,ERR,ERR,ERR,ERR,ERR,ERR,ERR,ERR,ERR,ERR,ERR,ERR,ERR,ERR,ERR,ERR,ERR,ERR,ERR,ERR,ERR,ERR,ERR,ERR,ERR,ERR,ERR,ERR,ERR,ERR,ERR,ERR,ERR,ERR,0.0,0.0,0.0,0.0,0.0,1.3936040501711995e+18,7.805,0.0,0,0,4,0,7116,0.0,100,0.0,0.0,0.0,0.0,0.0,0,0,0,0,0.0,0,0,0,0,0,0,0,0,0,0,0,0,0,0,0,0,0,0,0,0,0,0,0,0,0,0,0,0,0,0,0,0,0,31,40,40,71,65476,0,300,0,0,8,21553,0.0,-107605600.0,0.0,0.0,0.0,0.0,0.0,0.0,0.0,0.0,0.0,0.0,0.0,0.0,0.0,0.0,0.0,0.0,0.0,0.0,0.0,0.0,-2.004,2.004,-0.0,-2.004,0.0,0.0,0.0,0.0,6412.0,131351.125,6921.0,0.0,0.0,2.7184303811560617e+23,0.0,0.0,0.0,0.0,0.0,69,-4.066882747792088e+29,0.0,0.0,0.0,0.0,0.0,0.0,0.0,0.0,0,0,0,0.0,0.0,0.0,0.0,0.0,0.0,0.0,0.0,0.0,0.0,0.0,0.0,0.0,0.0,0.0,0.0,0,-107875648.0,69,0.0,138,0.0,0.0,0,13107,17040,13107,17049,13107,17043,0,0,0,70,68,100,2.7302359370752657e+23,71.1,0.0,74.2,2.7302370179391762e+23,74.0,1,49,50,180,0,52429,0,0,0.0,0.0,0.0,0.0,-0.0,67.0,0.0,162057.094,0.0,750,0,739,0,0,0,721,0,766,0,736,0,742,0,741,0,712,0,7520,0.032,78920024064.0,0.0,0.0,784,16797,-0.0,162057.094,-114818.039,-0.0,0.133,6.909358625270745e+28,30.0,65.0,35,0.0,0.0,0.0,0.0,0.0,0.0,0.0,0.0,0.0,0.0,0.0,0.0,0.0,0.0,0.0,0.0,69.6,0,150,71,54,65476,0,300,0,1,8,20529,65476,0,0,40632,65.0,0.0,0.0,0.0,0.0,0.0
2026-09-04T20:42:36,ERR,ERR,ERR,ERR,ERR,ERR,ERR,ERR,ERR,ERR,ERR,ERR,ERR,ERR,ERR,ERR,ERR,ERR,ERR,ERR,ERR,ERR,ERR,ERR,ERR,ERR,ERR,ERR,ERR,ERR,ERR,ERR,ERR,ERR,ERR,ERR,ERR,ERR,ERR,ERR,ERR,ERR,ERR,ERR,ERR,ERR,ERR,ERR,ERR,ERR,ERR,ERR,ERR,ERR,ERR,ERR,ERR,ERR,ERR,ERR,ERR,ERR,ERR,ERR,ERR,ERR,ERR,ERR,ERR,ERR,ERR,ERR,ERR,ERR,ERR,ERR,ERR,ERR,ERR,ERR,ERR,ERR,ERR,ERR,ERR,ERR,ERR,ERR,ERR,ERR,ERR,ERR,ERR,ERR,ERR,ERR,ERR,ERR,ERR,ERR,ERR,ERR,ERR,ERR,ERR,ERR,ERR,ERR,ERR,ERR,ERR,ERR,ERR,ERR,ERR,ERR,ERR,ERR,ERR,ERR,ERR,ERR,ERR,ERR,ERR,0.0,0.0,0.0,0.0,0.0,1.3936040501711995e+18,7.805,0.0,0,0,4,0,7116,0.0,100,0.0,0.0,0.0,0.0,0.0,0,0,0,0,0.0,0,0,0,0,0,0,0,0,0,0,0,0,0,0,0,0,0,0,0,0,0,0,0,0,0,0,0,0,0,0,0,0,0,31,40,40,71,65476,0,300,0,0,8,21553,0.0,-107605600.0,0.0,0.0,0.0,0.0,0.0,0.0,0.0,0.0,0.0,0.0,0.0,0.0,0.0,0.0,0.0,0.0,0.0,0.0,0.0,0.0,-2.004,2.004,-0.0,-2.004,0.0,0.0,0.0,0.0,6412.0,131351.125,6921.0,0.0,0.0,2.7184303811560617e+23,0.0,0.0,0.0,0.0,0.0,69,-4.066882747792088e+29,0.0,0.0,0.0,0.0,0.0,0.0,0.0,0.0,0,0,0,0.0,0.0,0.0,0.0,0.0,0.0,0.0,0.0,0.0,0.0,0.0,0.0,0.0,0.0,0.0,0.0,0,-107875648.0,69,0.0,138,0.0,0.0,0,13107,17040,13107,17049,13107,17043,0,0,0,70,68,100,2.7302359370752657e+23,71.1,0.0,74.2,2.7302370179391762e+23,74.0,1,49,50,180,0,52429,0,0,0.0,0.0,0.0,0.0,-0.0,67.0,0.0,162057.094,0.0,750,0,739,0,0,0,721,0,766,0,736,0,742,0,741,0,712,0,7520,0.032,78920024064.0,0.0,0.0,784,16797,-0.0,162057.094,-114818.039,-0.0,0.133,6.909358625270745e+28,30.0,65.0,35,0.0,0.0,0.0,0.0,0.0,0.0,0.0,0.0,0.0,0.0,0.0,0.0,0.0,0.0,0.0,0.0,69.6,0,150,71,54,65476,0,300,0,1,8,20529,65476,0,0,40632,65.0,0.0,0.0,0.0,0.0,0.0
2026-09-04T20:42:37,ERR,ERR,ERR,ERR,ERR,ERR,ERR,ERR,ERR,ERR,ERR,ERR,ERR,ERR,ERR,ERR,ERR,ERR,ERR,ERR,ERR,ERR,ERR,ERR,ERR,ERR,ERR,ERR,ERR,ERR,ERR,ERR,ERR,ERR,ERR,ERR,ERR,ERR,ERR,ERR,ERR,ERR,ERR,ERR,ERR,ERR,ERR,ERR,ERR,ERR,ERR,ERR,ERR,ERR,ERR,ERR,ERR,ERR,ERR,ERR,ERR,ERR,ERR,ERR,ERR,ERR,ERR,ERR,ERR,ERR,ERR,ERR,ERR,ERR,ERR,ERR,ERR,ERR,ERR,ERR,ERR,ERR,ERR,ERR,ERR,ERR,ERR,ERR,ERR,ERR,ERR,ERR,ERR,ERR,ERR,ERR,ERR,ERR,ERR,ERR,ERR,ERR,ERR,ERR,ERR,ERR,ERR,ERR,ERR,ERR,ERR,ERR,ERR,ERR,ERR,ERR,ERR,ERR,ERR,ERR,ERR,ERR,ERR,ERR,ERR,0.0,0.0,0.0,0.0,0.0,1.3936040501711995e+18,7.805,0.0,0,0,4,0,7116,0.0,100,0.0,0.0,0.0,0.0,0.0,0,0,0,0,0.0,0,0,0,0,0,0,0,0,0,0,0,0,0,0,0,0,0,0,0,0,0,0,0,0,0,0,0,0,0,0,0,0,0,31,40,40,71,65476,0,300,0,0,8,21553,0.0,-107605600.0,0.0,0.0,0.0,0.0,0.0,0.0,0.0,0.0,0.0,0.0,0.0,0.0,0.0,0.0,0.0,0.0,0.0,0.0,0.0,0.0,-2.004,2.004,-0.0,-2.004,0.0,0.0,0.0,0.0,6412.0,131351.125,6921.0,0.0,0.0,2.7184303811560617e+23,0.0,0.0,0.0,0.0,0.0,69,-4.066882747792088e+29,0.0,0.0,0.0,0.0,0.0,0.0,0.0,0.0,0,0,0,0.0,0.0,0.0,0.0,0.0,0.0,0.0,0.0,0.0,0.0,0.0,0.0,0.0,0.0,0.0,0.0,0,-107875648.0,69,0.0,138,0.0,0.0,0,13107,17040,13107,17049,13107,17043,0,0,0,70,68,100,2.7302359370752657e+23,71.1,0.0,74.2,2.7302370179391762e+23,74.0,1,49,50,180,0,52429,0,0,0.0,0.0,0.0,0.0,-0.0,67.0,0.0,162057.094,0.0,750,0,739,0,0,0,721,0,766,0,736,0,742,0,741,0,712,0,7520,0.032,78920024064.0,0.0,0.0,784,16797,-0.0,162057.094,-114818.039,-0.0,0.133,6.909358625270745e+28,30.0,65.0,35,0.0,0.0,0.0,0.0,0.0,0.0,0.0,0.0,0.0,0.0,0.0,0.0,0.0,0.0,0.0,0.0,69.2,0,150,71,54,65476,0,300,0,1,8,20529,65476,0,0,40632,65.0,0.0,0.0,0.0,0.0,0.0
2026-09-04T20:42:38,ERR,ERR,ERR,ERR,ERR,ERR,ERR,ERR,ERR,ERR,ERR,ERR,ERR,ERR,ERR,ERR,ERR,ERR,ERR,ERR,ERR,ERR,ERR,ERR,ERR,ERR,ERR,ERR,ERR,ERR,ERR,ERR,ERR,ERR,ERR,ERR,ERR,ERR,ERR,ERR,ERR,ERR,ERR,ERR,ERR,ERR,ERR,ERR,ERR,ERR,ERR,ERR,ERR,ERR,ERR,ERR,ERR,ERR,ERR,ERR,ERR,ERR,ERR,ERR,ERR,ERR,ERR,ERR,ERR,ERR,ERR,ERR,ERR,ERR,ERR,ERR,ERR,ERR,ERR,ERR,ERR,ERR,ERR,ERR,ERR,ERR,ERR,ERR,ERR,ERR,ERR,ERR,ERR,ERR,ERR,ERR,ERR,ERR,ERR,ERR,ERR,ERR,ERR,ERR,ERR,ERR,ERR,ERR,ERR,ERR,ERR,ERR,ERR,ERR,ERR,ERR,ERR,ERR,ERR,ERR,ERR,ERR,ERR,ERR,ERR,0.0,0.0,0.0,0.0,0.0,1.3936040501711995e+18,7.805,0.0,0,0,4,0,7116,0.0,100,0.0,0.0,0.0,0.0,0.0,0,0,0,0,0.0,0,0,0,0,0,0,0,0,0,0,0,0,0,0,0,0,0,0,0,0,0,0,0,0,0,0,0,0,0,0,0,0,0,31,40,40,71,65476,0,300,0,0,8,21553,0.0,-107605600.0,0.0,0.0,0.0,0.0,0.0,0.0,0.0,0.0,0.0,0.0,0.0,0.0,0.0,0.0,0.0,0.0,0.0,0.0,0.0,0.0,-2.004,2.004,-0.0,-2.004,0.0,0.0,0.0,0.0,6412.0,131351.125,6921.0,0.0,0.0,2.7184303811560617e+23,0.0,0.0,0.0,0.0,0.0,69,-4.066882747792088e+29,0.0,0.0,0.0,0.0,0.0,0.0,0.0,0.0,0,0,0,0.0,0.0,0.0,0.0,0.0,0.0,0.0,0.0,0.0,0.0,0.0,0.0,0.0,0.0,0.0,0.0,0,-107875648.0,69,0.0,138,0.0,0.0,0,13107,17040,13107,17049,13107,17043,0,0,0,70,68,100,2.7302359370752657e+23,71.1,0.0,74.2,2.7302370179391762e+23,74.0,1,49,50,180,0,52429,0,0,0.0,0.0,0.0,0.0,-0.0,67.0,0.0,162057.094,0.0,750,0,739,0,0,0,721,0,766,0,736,0,742,0,741,0,712,0,7520,0.032,78920024064.0,0.0,0.0,784,16797,-0.0,162057.094,-114818.039,-0.0,0.133,6.909358625270745e+28,30.0,65.0,35,0.0,0.0,0.0,0.0,0.0,0.0,0.0,0.0,0.0,0.0,0.0,0.0,0.0,0.0,0.0,0.0,69.2,0,150,71,54,65476,0,300,0,1,8,20529,65476,0,0,40632,65.0,0.0,0.0,0.0,0.0,0.0
2026-09-04T20:42:39,ERR,ERR,ERR,ERR,ERR,ERR,ERR,ERR,ERR,ERR,ERR,ERR,ERR,ERR,ERR,ERR,ERR,ERR,ERR,ERR,ERR,ERR,ERR,ERR,ERR,ERR,ERR,ERR,ERR,ERR,ERR,ERR,ERR,ERR,ERR,ERR,ERR,ERR,ERR,ERR,ERR,ERR,ERR,ERR,ERR,ERR,ERR,ERR,ERR,ERR,ERR,ERR,ERR,ERR,ERR,ERR,ERR,ERR,ERR,ERR,ERR,ERR,ERR,ERR,ERR,ERR,ERR,ERR,ERR,ERR,ERR,ERR,ERR,ERR,ERR,ERR,ERR,ERR,ERR,ERR,ERR,ERR,ERR,ERR,ERR,ERR,ERR,ERR,ERR,ERR,ERR,ERR,ERR,ERR,ERR,ERR,ERR,ERR,ERR,ERR,ERR,ERR,ERR,ERR,ERR,ERR,ERR,ERR,ERR,ERR,ERR,ERR,ERR,ERR,ERR,ERR,ERR,ERR,ERR,ERR,ERR,ERR,ERR,ERR,ERR,0.0,0.0,0.0,0.0,0.0,1.3936040501711995e+18,7.805,0.0,0,0,4,0,7116,0.0,100,0.0,0.0,0.0,0.0,0.0,0,0,0,0,0.0,0,0,0,0,0,0,0,0,0,0,0,0,0,0,0,0,0,0,0,0,0,0,0,0,0,0,0,0,0,0,0,0,0,31,40,40,71,65476,0,300,0,0,8,21553,0.0,-107605600.0,0.0,0.0,0.0,0.0,0.0,0.0,0.0,0.0,0.0,0.0,0.0,0.0,0.0,0.0,0.0,0.0,0.0,0.0,0.0,0.0,-2.004,2.004,-0.0,-2.004,0.0,0.0,0.0,0.0,6412.0,131351.125,6921.0,0.0,0.0,2.7184303811560617e+23,0.0,0.0,0.0,0.0,0.0,69,-4.066882747792088e+29,0.0,0.0,0.0,0.0,0.0,0.0,0.0,0.0,0,0,0,0.0,0.0,0.0,0.0,0.0,0.0,0.0,0.0,0.0,0.0,0.0,0.0,0.0,0.0,0.0,0.0,0,-107875648.0,69,0.0,138,0.0,0.0,0,13107,17040,13107,17049,13107,17043,0,0,0,70,68,100,2.7302359370752657e+23,71.1,0.0,74.2,2.7302370179391762e+23,74.0,1,49,50,180,0,52429,0,0,0.0,0.0,0.0,0.0,-0.0,67.0,0.0,162057.094,0.0,750,0,739,0,0,0,721,0,766,0,736,0,742,0,741,0,712,0,7520,0.032,78920024064.0,0.0,0.0,784,16797,-0.0,162057.094,-114818.039,-0.0,0.133,6.909358625270745e+28,30.0,65.0,35,0.0,0.0,0.0,0.0,0.0,0.0,0.0,0.0,0.0,0.0,0.0,0.0,0.0,0.0,0.0,0.0,69.2,0,150,71,54,65476,0,300,0,1,8,20529,65476,0,0,40632,65.0,0.0,0.0,0.0,0.0,0.0
2026-09-04T20:42:40,ERR,ERR,ERR,ERR,ERR,ERR,ERR,ERR,ERR,ERR,ERR,ERR,ERR,ERR,ERR,ERR,ERR,ERR,ERR,ERR,ERR,ERR,ERR,ERR,ERR,ERR,ERR,ERR,ERR,ERR,ERR,ERR,ERR,ERR,ERR,ERR,ERR,ERR,ERR,ERR,ERR,ERR,ERR,ERR,ERR,ERR,ERR,ERR,ERR,ERR,ERR,ERR,ERR,ERR,ERR,ERR,ERR,ERR,ERR,ERR,ERR,ERR,ERR,ERR,ERR,ERR,ERR,ERR,ERR,ERR,ERR,ERR,ERR,ERR,ERR,ERR,ERR,ERR,ERR,ERR,ERR,ERR,ERR,ERR,ERR,ERR,ERR,ERR,ERR,ERR,ERR,ERR,ERR,ERR,ERR,ERR,ERR,ERR,ERR,ERR,ERR,ERR,ERR,ERR,ERR,ERR,ERR,ERR,ERR,ERR,ERR,ERR,ERR,ERR,ERR,ERR,ERR,ERR,ERR,ERR,ERR,ERR,ERR,ERR,ERR,0.0,0.0,0.0,0.0,0.0,1.3936040501711995e+18,7.805,0.0,0,0,4,0,7116,0.0,100,0.0,0.0,0.0,0.0,0.0,0,0,0,0,0.0,0,0,0,0,0,0,0,0,0,0,0,0,0,0,0,0,0,0,0,0,0,0,0,0,0,0,0,0,0,0,0,0,0,31,40,40,71,65476,0,300,0,0,8,21553,0.0,-107605600.0,0.0,0.0,0.0,0.0,0.0,0.0,0.0,0.0,0.0,0.0,0.0,0.0,0.0,0.0,0.0,0.0,0.0,0.0,0.0,0.0,-2.004,2.004,-0.0,-2.004,0.0,0.0,0.0,0.0,6402.0,0.0,6917.0,0.0,0.0,2.7184303811560617e+23,0.0,0.0,0.0,0.0,0.0,69,-107615400.0,0.0,0.0,0.0,0.0,0.0,0.0,0.0,0.0,0,0,0,0.0,0.0,0.0,0.0,0.0,0.0,0.0,0.0,0.0,0.0,0.0,0.0,0.0,0.0,0.0,0.0,0,-107875648.0,69,0.0,138,0.0,0.0,0,13107,17040,13107,17049,13107,17043,0,0,0,70,68,100,2.7302359370752657e+23,71.1,0.0,74.2,2.7302370179391762e+23,74.0,1,49,50,180,0,52429,0,0,0.0,0.0,0.0,0.0,-0.0,67.0,0.0,162057.094,0.0,750,0,739,0,0,0,721,0,766,0,736,0,742,0,741,0,712,0,7520,0.032,79456894976.0,0.0,0.0,784,16797,-0.0,162057.094,-114818.039,-0.0,0.133,6.909358625270745e+28,30.0,65.0,35,0.0,0.0,0.0,0.0,0.0,0.0,0.0,0.0,0.0,0.0,0.0,0.0,0.0,0.0,0.0,0.0,69.2,0,150,71,54,65476,0,300,0,1,8,20529,65476,0,0,40632,65.0,0.0,0.0,0.0,0.0,0.0
2026-09-04T20:42:41,ERR,ERR,ERR,ERR,ERR,ERR,ERR,ERR,ERR,ERR,ERR,ERR,ERR,ERR,ERR,ERR,ERR,ERR,ERR,ERR,ERR,ERR,ERR,ERR,ERR,ERR,ERR,ERR,ERR,ERR,ERR,ERR,ERR,ERR,ERR,ERR,ERR,ERR,ERR,ERR,ERR,ERR,ERR,ERR,ERR,ERR,ERR,ERR,ERR,ERR,ERR,ERR,ERR,ERR,ERR,ERR,ERR,ERR,ERR,ERR,ERR,ERR,ERR,ERR,ERR,ERR,ERR,ERR,ERR,ERR,ERR,ERR,ERR,ERR,ERR,ERR,ERR,ERR,ERR,ERR,ERR,ERR,ERR,ERR,ERR,ERR,ERR,ERR,ERR,ERR,ERR,ERR,ERR,ERR,ERR,ERR,ERR,ERR,ERR,ERR,ERR,ERR,ERR,ERR,ERR,ERR,ERR,ERR,ERR,ERR,ERR,ERR,ERR,ERR,ERR,ERR,ERR,ERR,ERR,ERR,ERR,ERR,ERR,ERR,ERR,0.0,0.0,0.0,0.0,0.0,1.3936040501711995e+18,7.805,0.0,0,0,4,0,7116,0.0,100,0.0,0.0,0.0,0.0,0.0,0,0,0,0,0.0,0,0,0,0,0,0,0,0,0,0,0,0,0,0,0,0,0,0,0,0,0,0,0,0,0,0,0,0,0,0,0,0,0,31,40,40,71,65476,0,300,0,0,8,21553,0.0,-107605600.0,0.0,0.0,0.0,0.0,0.0,0.0,0.0,0.0,0.0,0.0,0.0,0.0,0.0,0.0,0.0,0.0,0.0,0.0,0.0,0.0,-2.004,2.004,-0.0,-2.004,0.0,0.0,0.0,0.0,6402.0,0.0,6917.0,0.0,0.0,2.7184303811560617e+23,0.0,0.0,0.0,0.0,0.0,69,-107615400.0,0.0,0.0,0.0,0.0,0.0,0.0,0.0,0.0,0,0,0,0.0,0.0,0.0,0.0,0.0,0.0,0.0,0.0,0.0,0.0,0.0,0.0,0.0,0.0,0.0,0.0,0,-107875648.0,69,0.0,138,0.0,0.0,0,13107,17040,13107,17049,13107,17043,0,0,0,70,68,100,2.7302359370752657e+23,71.1,0.0,74.2,2.7302370179391762e+23,74.0,1,49,50,180,0,52429,0,0,0.0,0.0,0.0,0.0,-0.0,67.0,0.0,162057.094,0.0,750,0,739,0,0,0,721,0,766,0,736,0,742,0,741,0,712,0,7520,0.032,79456894976.0,0.0,0.0,784,16797,-0.0,162057.094,-114818.039,-0.0,0.133,6.909358625270745e+28,30.0,65.0,35,0.0,0.0,0.0,0.0,0.0,0.0,0.0,0.0,0.0,0.0,0.0,0.0,0.0,0.0,0.0,0.0,69.2,0,150,71,54,65476,0,300,0,1,8,20529,65476,0,0,40632,65.0,0.0,0.0,0.0,0.0,0.0
2026-09-04T20:42:42,ERR,ERR,ERR,ERR,ERR,ERR,ERR,ERR,ERR,ERR,ERR,ERR,ERR,ERR,ERR,ERR,ERR,ERR,ERR,ERR,ERR,ERR,ERR,ERR,ERR,ERR,ERR,ERR,ERR,ERR,ERR,ERR,ERR,ERR,ERR,ERR,ERR,ERR,ERR,ERR,ERR,ERR,ERR,ERR,ERR,ERR,ERR,ERR,ERR,ERR,ERR,ERR,ERR,ERR,ERR,ERR,ERR,ERR,ERR,ERR,ERR,ERR,ERR,ERR,ERR,ERR,ERR,ERR,ERR,ERR,ERR,ERR,ERR,ERR,ERR,ERR,ERR,ERR,ERR,ERR,ERR,ERR,ERR,ERR,ERR,ERR,ERR,ERR,ERR,ERR,ERR,ERR,ERR,ERR,ERR,ERR,ERR,ERR,ERR,ERR,ERR,ERR,ERR,ERR,ERR,ERR,ERR,ERR,ERR,ERR,ERR,ERR,ERR,ERR,ERR,ERR,ERR,ERR,ERR,ERR,ERR,ERR,ERR,ERR,ERR,0.0,0.0,0.0,0.0,0.0,1.3936040501711995e+18,7.805,0.0,0,0,4,0,7116,0.0,100,0.0,0.0,0.0,0.0,0.0,0,0,0,0,0.0,0,0,0,0,0,0,0,0,0,0,0,0,0,0,0,0,0,0,0,0,0,0,0,0,0,0,0,0,0,0,0,0,0,31,40,40,71,65476,0,300,0,0,8,21553,0.0,-107605600.0,0.0,0.0,0.0,0.0,0.0,0.0,0.0,0.0,0.0,0.0,0.0,0.0,0.0,0.0,0.0,0.0,0.0,0.0,0.0,0.0,-2.004,2.004,-0.0,-2.004,0.0,0.0,0.0,0.0,6402.0,0.0,6917.0,0.0,0.0,2.7184303811560617e+23,0.0,0.0,0.0,0.0,0.0,69,-107615400.0,0.0,0.0,0.0,0.0,0.0,0.0,0.0,0.0,0,0,0,0.0,0.0,0.0,0.0,0.0,0.0,0.0,0.0,0.0,0.0,0.0,0.0,0.0,0.0,0.0,0.0,0,-107875648.0,69,0.0,138,0.0,0.0,0,13107,17040,13107,17049,13107,17043,0,0,0,70,68,100,2.7302359370752657e+23,71.1,0.0,74.2,2.7302370179391762e+23,74.0,1,49,50,180,0,52429,0,0,0.0,0.0,0.0,0.0,-0.0,67.0,0.0,162057.094,0.0,750,0,739,0,0,0,721,0,766,0,736,0,742,0,741,0,712,0,7520,0.032,79456894976.0,0.0,0.0,784,16797,-0.0,162057.094,-114818.039,-0.0,0.133,6.909358625270745e+28,30.0,65.0,35,0.0,0.0,0.0,0.0,0.0,0.0,0.0,0.0,0.0,0.0,0.0,0.0,0.0,0.0,0.0,0.0,69.2,0,150,71,54,65476,0,300,0,1,8,20529,65476,0,0,40632,65.0,0.0,0.0,0.0,0.0,0.0
2026-09-04T20:42:43,ERR,ERR,ERR,ERR,ERR,ERR,ERR,ERR,ERR,ERR,ERR,ERR,ERR,ERR,ERR,ERR,ERR,ERR,ERR,ERR,ERR,ERR,ERR,ERR,ERR,ERR,ERR,ERR,ERR,ERR,ERR,ERR,ERR,ERR,ERR,ERR,ERR,ERR,ERR,ERR,ERR,ERR,ERR,ERR,ERR,ERR,ERR,ERR,ERR,ERR,ERR,ERR,ERR,ERR,ERR,ERR,ERR,ERR,ERR,ERR,ERR,ERR,ERR,ERR,ERR,ERR,ERR,ERR,ERR,ERR,ERR,ERR,ERR,ERR,ERR,ERR,ERR,ERR,ERR,ERR,ERR,ERR,ERR,ERR,ERR,ERR,ERR,ERR,ERR,ERR,ERR,ERR,ERR,ERR,ERR,ERR,ERR,ERR,ERR,ERR,ERR,ERR,ERR,ERR,ERR,ERR,ERR,ERR,ERR,ERR,ERR,ERR,ERR,ERR,ERR,ERR,ERR,ERR,ERR,ERR,ERR,ERR,ERR,ERR,ERR,0.0,0.0,0.0,0.0,0.0,1.3936040501711995e+18,7.805,0.0,0,0,4,0,7116,0.0,100,0.0,0.0,0.0,0.0,0.0,0,0,0,0,0.0,0,0,0,0,0,0,0,0,0,0,0,0,0,0,0,0,0,0,0,0,0,0,0,0,0,0,0,0,0,0,0,0,0,31,40,40,71,65476,0,300,0,0,8,21553,0.0,-107605600.0,0.0,0.0,0.0,0.0,0.0,0.0,0.0,0.0,0.0,0.0,0.0,0.0,0.0,0.0,0.0,0.0,0.0,0.0,0.0,0.0,-2.004,2.004,-0.0,-2.004,0.0,0.0,0.0,0.0,6402.0,0.0,6917.0,0.0,0.0,2.7184303811560617e+23,0.0,0.0,0.0,0.0,0.0,69,-107615400.0,0.0,0.0,0.0,0.0,0.0,0.0,0.0,0.0,0,0,0,0.0,0.0,0.0,0.0,0.0,0.0,0.0,0.0,0.0,0.0,0.0,0.0,0.0,0.0,0.0,0.0,0,-107875648.0,69,0.0,138,0.0,0.0,0,13107,17040,13107,17049,13107,17043,0,0,0,70,68,100,2.7302359370752657e+23,71.1,0.0,74.2,2.7302370179391762e+23,74.0,1,49,50,180,0,52429,0,0,0.0,0.0,0.0,0.0,-0.0,67.0,0.0,162057.094,0.0,750,0,739,0,0,0,721,0,766,0,736,0,742,0,741,0,712,0,7520,0.032,79456894976.0,0.0,0.0,784,16797,-0.0,162057.094,-114818.039,-0.0,0.133,6.909358625270745e+28,30.0,65.0,35,0.0,0.0,0.0,0.0,0.0,0.0,0.0,0.0,0.0,0.0,0.0,0.0,0.0,0.0,0.0,0.0,69.2,0,150,71,54,65476,0,300,0,1,8,20529,65476,0,0,40632,65.0,0.0,0.0,0.0,0.0,0.0
2026-09-04T20:42:44,ERR,ERR,ERR,ERR,ERR,ERR,ERR,ERR,ERR,ERR,ERR,ERR,ERR,ERR,ERR,ERR,ERR,ERR,ERR,ERR,ERR,ERR,ERR,ERR,ERR,ERR,ERR,ERR,ERR,ERR,ERR,ERR,ERR,ERR,ERR,ERR,ERR,ERR,ERR,ERR,ERR,ERR,ERR,ERR,ERR,ERR,ERR,ERR,ERR,ERR,ERR,ERR,ERR,ERR,ERR,ERR,ERR,ERR,ERR,ERR,ERR,ERR,ERR,ERR,ERR,ERR,ERR,ERR,ERR,ERR,ERR,ERR,ERR,ERR,ERR,ERR,ERR,ERR,ERR,ERR,ERR,ERR,ERR,ERR,ERR,ERR,ERR,ERR,ERR,ERR,ERR,ERR,ERR,ERR,ERR,ERR,ERR,ERR,ERR,ERR,ERR,ERR,ERR,ERR,ERR,ERR,ERR,ERR,ERR,ERR,ERR,ERR,ERR,ERR,ERR,ERR,ERR,ERR,ERR,ERR,ERR,ERR,ERR,ERR,ERR,0.0,0.0,0.0,0.0,0.0,1.3936040501711995e+18,7.805,0.0,0,0,4,0,7116,0.0,100,0.0,0.0,0.0,0.0,0.0,0,0,0,0,0.0,0,0,0,0,0,0,0,0,0,0,0,0,0,0,0,0,0,0,0,0,0,0,0,0,0,0,0,0,0,0,0,0,0,31,40,40,71,65476,0,300,0,0,8,21553,0.0,-107605600.0,0.0,0.0,0.0,0.0,0.0,0.0,0.0,0.0,0.0,0.0,0.0,0.0,0.0,0.0,0.0,0.0,0.0,0.0,0.0,0.0,-2.004,2.004,-0.0,-2.004,0.0,0.0,0.0,0.0,6402.0,0.0,6917.0,0.0,0.0,2.7184303811560617e+23,0.0,0.0,0.0,0.0,0.0,69,-107615400.0,0.0,0.0,0.0,0.0,0.0,0.0,0.0,0.0,0,0,0,0.0,0.0,0.0,0.0,0.0,0.0,0.0,0.0,0.0,0.0,0.0,0.0,0.0,0.0,0.0,0.0,0,-107875648.0,69,0.0,138,0.0,0.0,0,13107,17040,13107,17049,13107,17043,0,0,0,70,68,100,2.7302359370752657e+23,71.1,0.0,74.2,2.7302370179391762e+23,74.0,1,49,50,180,0,52429,0,0,0.0,0.0,0.0,0.0,-0.0,67.0,0.0,162057.094,0.0,750,0,739,0,0,0,721,0,766,0,736,0,742,0,741,0,712,0,7520,0.032,79456894976.0,0.0,0.0,784,16797,-0.0,162057.094,-114818.039,-0.0,0.133,6.909358625270745e+28,30.0,65.0,35,0.0,0.0,0.0,0.0,0.0,0.0,0.0,0.0,0.0,0.0,0.0,0.0,0.0,0.0,0.0,0.0,69.2,0,150,71,54,65476,0,300,0,1,8,20529,65476,0,0,40632,65.0,0.0,0.0,0.0,0.0,0.0
2026-09-04T20:42:45,ERR,ERR,ERR,ERR,ERR,ERR,ERR,ERR,ERR,ERR,ERR,ERR,ERR,ERR,ERR,ERR,ERR,ERR,ERR,ERR,ERR,ERR,ERR,ERR,ERR,ERR,ERR,ERR,ERR,ERR,ERR,ERR,ERR,ERR,ERR,ERR,ERR,ERR,ERR,ERR,ERR,ERR,ERR,ERR,ERR,ERR,ERR,ERR,ERR,ERR,ERR,ERR,ERR,ERR,ERR,ERR,ERR,ERR,ERR,ERR,ERR,ERR,ERR,ERR,ERR,ERR,ERR,ERR,ERR,ERR,ERR,ERR,ERR,ERR,ERR,ERR,ERR,ERR,ERR,ERR,ERR,ERR,ERR,ERR,ERR,ERR,ERR,ERR,ERR,ERR,ERR,ERR,ERR,ERR,ERR,ERR,ERR,ERR,ERR,ERR,ERR,ERR,ERR,ERR,ERR,ERR,ERR,ERR,ERR,ERR,ERR,ERR,ERR,ERR,ERR,ERR,ERR,ERR,ERR,ERR,ERR,ERR,ERR,ERR,ERR,0.0,0.0,0.0,0.0,0.0,1.3936040501711995e+18,7.805,0.0,0,0,4,0,7116,0.0,100,0.0,0.0,0.0,0.0,0.0,0,0,0,0,0.0,0,0,0,0,0,0,0,0,0,0,0,0,0,0,0,0,0,0,0,0,0,0,0,0,0,0,0,0,0,0,0,0,0,31,40,40,71,65476,0,300,0,0,8,21553,0.0,-107605600.0,0.0,0.0,0.0,0.0,0.0,0.0,0.0,0.0,0.0,0.0,0.0,0.0,0.0,0.0,0.0,0.0,0.0,0.0,0.0,0.0,-2.004,2.004,-0.0,-2.004,0.0,0.0,0.0,0.0,6402.0,0.0,6917.0,0.0,0.0,2.7184303811560617e+23,0.0,0.0,0.0,0.0,0.0,69,-107615400.0,0.0,0.0,0.0,0.0,0.0,0.0,0.0,0.0,0,0,0,0.0,0.0,0.0,0.0,0.0,0.0,0.0,0.0,0.0,0.0,0.0,0.0,0.0,0.0,0.0,0.0,0,-107875648.0,69,0.0,138,0.0,0.0,0,13107,17040,13107,17049,13107,17043,0,0,0,70,68,100,2.7302359370752657e+23,71.1,0.0,74.2,2.7302370179391762e+23,74.0,1,49,50,180,0,52429,0,0,0.0,0.0,0.0,0.0,-0.0,67.0,0.0,162057.094,0.0,750,0,739,0,0,0,721,0,766,0,736,0,742,0,741,0,712,0,7520,0.032,79456894976.0,0.0,0.0,784,16797,-0.0,162057.094,-114818.039,-0.0,0.133,6.909358625270745e+28,30.0,65.0,35,0.0,0.0,0.0,0.0,0.0,0.0,0.0,0.0,0.0,0.0,0.0,0.0,0.0,0.0,0.0,0.0,69.2,0,150,71,54,65476,0,300,0,1,8,20529,65476,0,0,40632,65.0,0.0,0.0,0.0,0.0,0.0
2026-09-04T20:42:46,ERR,ERR,ERR,ERR,ERR,ERR,ERR,ERR,ERR,ERR,ERR,ERR,ERR,ERR,ERR,ERR,ERR,ERR,ERR,ERR,ERR,ERR,ERR,ERR,ERR,ERR,ERR,ERR,ERR,ERR,ERR,ERR,ERR,ERR,ERR,ERR,ERR,ERR,ERR,ERR,ERR,ERR,ERR,ERR,ERR,ERR,ERR,ERR,ERR,ERR,ERR,ERR,ERR,ERR,ERR,ERR,ERR,ERR,ERR,ERR,ERR,ERR,ERR,ERR,ERR,ERR,ERR,ERR,ERR,ERR,ERR,ERR,ERR,ERR,ERR,ERR,ERR,ERR,ERR,ERR,ERR,ERR,ERR,ERR,ERR,ERR,ERR,ERR,ERR,ERR,ERR,ERR,ERR,ERR,ERR,ERR,ERR,ERR,ERR,ERR,ERR,ERR,ERR,ERR,ERR,ERR,ERR,ERR,ERR,ERR,ERR,ERR,ERR,ERR,ERR,ERR,ERR,ERR,ERR,ERR,ERR,ERR,ERR,ERR,ERR,0.0,0.0,0.0,0.0,0.0,1.3936040501711995e+18,7.805,0.0,0,0,4,0,7116,0.0,100,0.0,0.0,0.0,0.0,0.0,0,0,0,0,0.0,0,0,0,0,0,0,0,0,0,0,0,0,0,0,0,0,0,0,0,0,0,0,0,0,0,0,0,0,0,0,0,0,0,31,40,40,71,65476,0,300,0,0,8,21553,0.0,-107605600.0,0.0,0.0,0.0,0.0,0.0,0.0,0.0,0.0,0.0,0.0,0.0,0.0,0.0,0.0,0.0,0.0,0.0,0.0,0.0,0.0,-2.004,2.004,-0.0,-2.004,0.0,0.0,0.0,0.0,6402.0,0.0,6917.0,0.0,0.0,2.7184303811560617e+23,0.0,0.0,0.0,0.0,0.0,69,-107615400.0,0.0,0.0,0.0,0.0,0.0,0.0,0.0,0.0,0,0,0,0.0,0.0,0.0,0.0,0.0,0.0,0.0,0.0,0.0,0.0,0.0,0.0,0.0,0.0,0.0,0.0,0,-107875648.0,69,0.0,138,0.0,0.0,0,13107,17040,13107,17049,13107,17043,0,0,0,70,68,100,2.7302359370752657e+23,71.1,0.0,74.2,2.7302370179391762e+23,74.0,1,49,50,180,0,52429,0,0,0.0,0.0,0.0,0.0,-0.0,67.0,0.0,162057.094,0.0,750,0,739,0,0,0,721,0,766,0,736,0,742,0,741,0,712,0,7520,0.032,79456894976.0,0.0,0.0,784,16797,-0.0,162057.094,-114818.039,-0.0,0.133,6.909358625270745e+28,30.0,65.0,35,0.0,0.0,0.0,0.0,0.0,0.0,0.0,0.0,0.0,0.0,0.0,0.0,0.0,0.0,0.0,0.0,69.2,0,150,71,54,65476,0,300,0,1,8,20529,65476,0,0,40632,65.0,0.0,0.0,0.0,0.0,0.0
2026-09-04T20:42:47,ERR,ERR,ERR,ERR,ERR,ERR,ERR,ERR,ERR,ERR,ERR,ERR,ERR,ERR,ERR,ERR,ERR,ERR,ERR,ERR,ERR,ERR,ERR,ERR,ERR,ERR,ERR,ERR,ERR,ERR,ERR,ERR,ERR,ERR,ERR,ERR,ERR,ERR,ERR,ERR,ERR,ERR,ERR,ERR,ERR,ERR,ERR,ERR,ERR,ERR,ERR,ERR,ERR,ERR,ERR,ERR,ERR,ERR,ERR,ERR,ERR,ERR,ERR,ERR,ERR,ERR,ERR,ERR,ERR,ERR,ERR,ERR,ERR,ERR,ERR,ERR,ERR,ERR,ERR,ERR,ERR,ERR,ERR,ERR,ERR,ERR,ERR,ERR,ERR,ERR,ERR,ERR,ERR,ERR,ERR,ERR,ERR,ERR,ERR,ERR,ERR,ERR,ERR,ERR,ERR,ERR,ERR,ERR,ERR,ERR,ERR,ERR,ERR,ERR,ERR,ERR,ERR,ERR,ERR,ERR,ERR,ERR,ERR,ERR,ERR,0.0,0.0,0.0,0.0,0.0,1.3936040501711995e+18,7.805,0.0,0,0,4,0,7116,0.0,100,0.0,0.0,0.0,0.0,0.0,0,0,0,0,0.0,0,0,0,0,0,0,0,0,0,0,0,0,0,0,0,0,0,0,0,0,0,0,0,0,0,0,0,0,0,0,0,0,0,31,40,40,71,65476,0,300,0,0,8,21553,0.0,-107605600.0,0.0,0.0,0.0,0.0,0.0,0.0,0.0,0.0,0.0,0.0,0.0,0.0,0.0,0.0,0.0,0.0,0.0,0.0,0.0,0.0,-2.004,2.004,-0.0,-2.004,0.0,0.0,0.0,0.0,6402.0,0.0,6917.0,0.0,0.0,2.7184303811560617e+23,0.0,0.0,0.0,0.0,0.0,69,-107615400.0,0.0,0.0,0.0,0.0,0.0,0.0,0.0,0.0,0,0,0,0.0,0.0,0.0,0.0,0.0,0.0,0.0,0.0,0.0,0.0,0.0,0.0,0.0,0.0,0.0,0.0,0,-107875648.0,69,0.0,138,0.0,0.0,0,13107,17040,13107,17049,13107,17043,0,0,0,70,68,100,2.7302359370752657e+23,71.1,0.0,74.2,2.7302370179391762e+23,74.0,1,49,50,180,0,52429,0,0,0.0,0.0,0.0,0.0,-0.0,67.0,0.0,162057.094,0.0,750,0,739,0,0,0,721,0,766,0,736,0,742,0,741,0,712,0,7520,0.032,79456894976.0,0.0,0.0,784,16797,-0.0,162057.094,-114818.039,-0.0,0.133,6.909358625270745e+28,30.0,65.0,35,0.0,0.0,0.0,0.0,0.0,0.0,0.0,0.0,0.0,0.0,0.0,0.0,0.0,0.0,0.0,0.0,69.2,0,150,71,54,65476,0,300,0,1,8,20529,65476,0,0,40632,65.0,0.0,0.0,0.0,0.0,0.0
2026-09-04T20:42:48,ERR,ERR,ERR,ERR,ERR,ERR,ERR,ERR,ERR,ERR,ERR,ERR,ERR,ERR,ERR,ERR,ERR,ERR,ERR,ERR,ERR,ERR,ERR,ERR,ERR,ERR,ERR,ERR,ERR,ERR,ERR,ERR,ERR,ERR,ERR,ERR,ERR,ERR,ERR,ERR,ERR,ERR,ERR,ERR,ERR,ERR,ERR,ERR,ERR,ERR,ERR,ERR,ERR,ERR,ERR,ERR,ERR,ERR,ERR,ERR,ERR,ERR,ERR,ERR,ERR,ERR,ERR,ERR,ERR,ERR,ERR,ERR,ERR,ERR,ERR,ERR,ERR,ERR,ERR,ERR,ERR,ERR,ERR,ERR,ERR,ERR,ERR,ERR,ERR,ERR,ERR,ERR,ERR,ERR,ERR,ERR,ERR,ERR,ERR,ERR,ERR,ERR,ERR,ERR,ERR,ERR,ERR,ERR,ERR,ERR,ERR,ERR,ERR,ERR,ERR,ERR,ERR,ERR,ERR,ERR,ERR,ERR,ERR,ERR,ERR,0.0,0.0,0.0,0.0,0.0,1.3936040501711995e+18,7.805,0.0,0,0,4,0,7116,0.0,100,0.0,0.0,0.0,0.0,0.0,0,0,0,0,0.0,0,0,0,0,0,0,0,0,0,0,0,0,0,0,0,0,0,0,0,0,0,0,0,0,0,0,0,0,0,0,0,0,0,31,40,40,71,65476,0,300,0,0,8,21553,0.0,-107605600.0,0.0,0.0,0.0,0.0,0.0,0.0,0.0,0.0,0.0,0.0,0.0,0.0,0.0,0.0,0.0,0.0,0.0,0.0,0.0,0.0,-2.004,2.004,-0.0,-2.004,0.0,0.0,0.0,0.0,6371.0,0.0,6913.0,0.0,0.0,2.7184303811560617e+23,0.0,0.0,0.0,0.0,0.0,69,-107615400.0,5.84807707476327e+35,0.0,0.0,0.0,0.0,0.0,0.0,0.0,0,0,0,0.0,0.0,0.0,0.0,0.0,0.0,0.0,0.0,0.0,0.0,0.0,0.0,0.0,0.0,0.0,0.0,0,-107875648.0,69,0.0,138,0.0,0.0,0,13107,17040,13107,17049,13107,17043,0,0,0,70,68,100,2.7302359370752657e+23,71.1,0.0,74.2,2.7302370179391762e+23,74.0,1,49,50,180,0,52429,0,0,0.0,0.0,0.0,0.0,-0.0,67.0,0.0,162057.094,0.0,750,0,739,0,0,0,721,0,766,0,736,0,742,0,741,0,712,0,7520,0.032,79456894976.0,0.0,0.0,784,16797,-0.0,162057.094,-114818.039,-0.0,0.133,6.909358625270745e+28,30.0,65.0,35,0.0,0.0,0.0,0.0,0.0,0.0,0.0,0.0,0.0,0.0,0.0,0.0,0.0,0.0,0.0,0.0,69.2,0,150,71,54,65476,0,300,0,1,8,20529,65476,0,0,40632,65.0,0.0,0.0,0.0,0.0,0.0
2026-09-04T20:42:49,ERR,ERR,ERR,ERR,ERR,ERR,ERR,ERR,ERR,ERR,ERR,ERR,ERR,ERR,ERR,ERR,ERR,ERR,ERR,ERR,ERR,ERR,ERR,ERR,ERR,ERR,ERR,ERR,ERR,ERR,ERR,ERR,ERR,ERR,ERR,ERR,ERR,ERR,ERR,ERR,ERR,ERR,ERR,ERR,ERR,ERR,ERR,ERR,ERR,ERR,ERR,ERR,ERR,ERR,ERR,ERR,ERR,ERR,ERR,ERR,ERR,ERR,ERR,ERR,ERR,ERR,ERR,ERR,ERR,ERR,ERR,ERR,ERR,ERR,ERR,ERR,ERR,ERR,ERR,ERR,ERR,ERR,ERR,ERR,ERR,ERR,ERR,ERR,ERR,ERR,ERR,ERR,ERR,ERR,ERR,ERR,ERR,ERR,ERR,ERR,ERR,ERR,ERR,ERR,ERR,ERR,ERR,ERR,ERR,ERR,ERR,ERR,ERR,ERR,ERR,ERR,ERR,ERR,ERR,ERR,ERR,ERR,ERR,ERR,ERR,0.0,0.0,0.0,0.0,0.0,1.3936040501711995e+18,7.805,0.0,0,0,4,0,7116,0.0,100,0.0,0.0,0.0,0.0,0.0,0,0,0,0,0.0,0,0,0,0,0,0,0,0,0,0,0,0,0,0,0,0,0,0,0,0,0,0,0,0,0,0,0,0,0,0,0,0,0,31,40,40,71,65476,0,300,0,0,8,21553,0.0,-107605600.0,0.0,0.0,0.0,0.0,0.0,0.0,0.0,0.0,0.0,0.0,0.0,0.0,0.0,0.0,0.0,0.0,0.0,0.0,0.0,0.0,-2.004,2.004,-0.0,-2.004,0.0,0.0,0.0,0.0,6371.0,0.0,6913.0,0.0,0.0,2.7184303811560617e+23,0.0,0.0,0.0,0.0,0.0,69,-107615400.0,5.84807707476327e+35,0.0,0.0,0.0,0.0,0.0,0.0,0.0,0,0,0,0.0,0.0,0.0,0.0,0.0,0.0,0.0,0.0,0.0,0.0,0.0,0.0,0.0,0.0,0.0,0.0,0,-107875648.0,69,0.0,138,0.0,0.0,0,13107,17040,13107,17049,13107,17043,0,0,0,70,68,100,2.7302359370752657e+23,71.1,0.0,74.2,2.7302370179391762e+23,74.0,1,49,50,180,0,52429,0,0,0.0,0.0,0.0,0.0,-0.0,67.0,0.0,162057.094,0.0,750,0,739,0,0,0,721,0,766,0,736,0,742,0,741,0,712,0,7520,0.032,79456894976.0,0.0,0.0,784,16797,-0.0,162057.094,-114818.039,-0.0,0.133,6.909358625270745e+28,30.0,65.0,35,0.0,0.0,0.0,0.0,0.0,0.0,0.0,0.0,0.0,0.0,0.0,0.0,0.0,0.0,0.0,0.0,69.2,0,150,71,54,65476,0,300,0,1,8,20529,65476,0,0,40632,65.0,0.0,0.0,0.0,0.0,0.0
2026-09-04T20:42:50,ERR,ERR,ERR,ERR,ERR,ERR,ERR,ERR,ERR,ERR,ERR,ERR,ERR,ERR,ERR,ERR,ERR,ERR,ERR,ERR,ERR,ERR,ERR,ERR,ERR,ERR,ERR,ERR,ERR,ERR,ERR,ERR,ERR,ERR,ERR,ERR,ERR,ERR,ERR,ERR,ERR,ERR,ERR,ERR,ERR,ERR,ERR,ERR,ERR,ERR,ERR,ERR,ERR,ERR,ERR,ERR,ERR,ERR,ERR,ERR,ERR,ERR,ERR,ERR,ERR,ERR,ERR,ERR,ERR,ERR,ERR,ERR,ERR,ERR,ERR,ERR,ERR,ERR,ERR,ERR,ERR,ERR,ERR,ERR,ERR,ERR,ERR,ERR,ERR,ERR,ERR,ERR,ERR,ERR,ERR,ERR,ERR,ERR,ERR,ERR,ERR,ERR,ERR,ERR,ERR,ERR,ERR,ERR,ERR,ERR,ERR,ERR,ERR,ERR,ERR,ERR,ERR,ERR,ERR,ERR,ERR,ERR,ERR,ERR,ERR,0.0,0.0,0.0,0.0,0.0,1.3936040501711995e+18,7.805,0.0,0,0,4,0,7116,0.0,100,0.0,0.0,0.0,0.0,0.0,0,0,0,0,0.0,0,0,0,0,0,0,0,0,0,0,0,0,0,0,0,0,0,0,0,0,0,0,0,0,0,0,0,0,0,0,0,0,0,31,40,40,71,65476,0,300,0,0,8,21553,0.0,-107605600.0,0.0,0.0,0.0,0.0,0.0,0.0,0.0,0.0,0.0,0.0,0.0,0.0,0.0,0.0,0.0,0.0,0.0,0.0,0.0,0.0,-2.004,2.004,-0.0,-2.004,0.0,0.0,0.0,0.0,6371.0,0.0,6913.0,0.0,0.0,2.7184303811560617e+23,0.0,0.0,0.0,0.0,0.0,69,-107615400.0,5.84807707476327e+35,0.0,0.0,0.0,0.0,0.0,0.0,0.0,0,0,0,0.0,0.0,0.0,0.0,0.0,0.0,0.0,0.0,0.0,0.0,0.0,0.0,0.0,0.0,0.0,0.0,0,-107875648.0,69,0.0,138,0.0,0.0,0,13107,17040,13107,17049,13107,17043,0,0,0,70,68,100,2.7302359370752657e+23,71.1,0.0,74.2,2.7302370179391762e+23,74.0,1,49,50,180,0,52429,0,0,0.0,0.0,0.0,0.0,-0.0,67.0,0.0,162057.094,0.0,750,0,739,0,0,0,721,0,766,0,735,0,742,0,741,0,712,0,7520,0.032,79456894976.0,0.0,0.0,784,16797,-0.0,162057.094,-114818.039,-0.0,0.133,6.909358625270745e+28,30.0,65.0,35,0.0,0.0,0.0,0.0,0.0,0.0,0.0,0.0,0.0,0.0,0.0,0.0,0.0,0.0,0.0,0.0,69.6,0,150,71,54,65476,0,300,0,1,8,20529,65476,0,0,40632,65.0,0.0,0.0,0.0,0.0,0.0
2026-09-04T20:42:51,ERR,ERR,ERR,ERR,ERR,ERR,ERR,ERR,ERR,ERR,ERR,ERR,ERR,ERR,ERR,ERR,ERR,ERR,ERR,ERR,ERR,ERR,ERR,ERR,ERR,ERR,ERR,ERR,ERR,ERR,ERR,ERR,ERR,ERR,ERR,ERR,ERR,ERR,ERR,ERR,ERR,ERR,ERR,ERR,ERR,ERR,ERR,ERR,ERR,ERR,ERR,ERR,ERR,ERR,ERR,ERR,ERR,ERR,ERR,ERR,ERR,ERR,ERR,ERR,ERR,ERR,ERR,ERR,ERR,ERR,ERR,ERR,ERR,ERR,ERR,ERR,ERR,ERR,ERR,ERR,ERR,ERR,ERR,ERR,ERR,ERR,ERR,ERR,ERR,ERR,ERR,ERR,ERR,ERR,ERR,ERR,ERR,ERR,ERR,ERR,ERR,ERR,ERR,ERR,ERR,ERR,ERR,ERR,ERR,ERR,ERR,ERR,ERR,ERR,ERR,ERR,ERR,ERR,ERR,ERR,ERR,ERR,ERR,ERR,ERR,0.0,0.0,0.0,0.0,0.0,1.3936040501711995e+18,7.805,0.0,0,0,4,0,7116,0.0,100,0.0,0.0,0.0,0.0,0.0,0,0,0,0,0.0,0,0,0,0,0,0,0,0,0,0,0,0,0,0,0,0,0,0,0,0,0,0,0,0,0,0,0,0,0,0,0,0,0,31,40,40,71,65476,0,300,0,0,8,21553,0.0,-107605600.0,0.0,0.0,0.0,0.0,0.0,0.0,0.0,0.0,0.0,0.0,0.0,0.0,0.0,0.0,0.0,0.0,0.0,0.0,0.0,0.0,-2.004,2.004,-0.0,-2.004,0.0,0.0,0.0,0.0,6371.0,0.0,6913.0,0.0,0.0,2.7184303811560617e+23,0.0,0.0,0.0,0.0,0.0,69,-107615400.0,5.84807707476327e+35,0.0,0.0,0.0,0.0,0.0,0.0,0.0,0,0,0,0.0,0.0,0.0,0.0,0.0,0.0,0.0,0.0,0.0,0.0,0.0,0.0,0.0,0.0,0.0,0.0,0,-107875648.0,69,0.0,138,0.0,0.0,0,13107,17040,13107,17049,13107,17043,0,0,0,70,68,100,2.7302359370752657e+23,71.1,0.0,74.2,2.7302370179391762e+23,74.0,1,49,50,180,0,52429,0,0,0.0,0.0,0.0,0.0,-0.0,67.0,0.0,162057.094,0.0,750,0,739,0,0,0,721,0,766,0,735,0,742,0,741,0,712,0,7520,0.032,79456894976.0,0.0,0.0,784,16797,-0.0,162057.094,-114818.039,-0.0,0.133,6.909358625270745e+28,30.0,65.0,35,0.0,0.0,0.0,0.0,0.0,0.0,0.0,0.0,0.0,0.0,0.0,0.0,0.0,0.0,0.0,0.0,69.6,0,150,71,54,65476,0,300,0,1,8,20529,65476,0,0,40632,65.0,0.0,0.0,0.0,0.0,0.0
2026-09-04T20:42:52,ERR,ERR,ERR,ERR,ERR,ERR,ERR,ERR,ERR,ERR,ERR,ERR,ERR,ERR,ERR,ERR,ERR,ERR,ERR,ERR,ERR,ERR,ERR,ERR,ERR,ERR,ERR,ERR,ERR,ERR,ERR,ERR,ERR,ERR,ERR,ERR,ERR,ERR,ERR,ERR,ERR,ERR,ERR,ERR,ERR,ERR,ERR,ERR,ERR,ERR,ERR,ERR,ERR,ERR,ERR,ERR,ERR,ERR,ERR,ERR,ERR,ERR,ERR,ERR,ERR,ERR,ERR,ERR,ERR,ERR,ERR,ERR,ERR,ERR,ERR,ERR,ERR,ERR,ERR,ERR,ERR,ERR,ERR,ERR,ERR,ERR,ERR,ERR,ERR,ERR,ERR,ERR,ERR,ERR,ERR,ERR,ERR,ERR,ERR,ERR,ERR,ERR,ERR,ERR,ERR,ERR,ERR,ERR,ERR,ERR,ERR,ERR,ERR,ERR,ERR,ERR,ERR,ERR,ERR,ERR,ERR,ERR,ERR,ERR,ERR,0.0,0.0,0.0,0.0,0.0,1.3936040501711995e+18,7.805,0.0,0,0,4,0,7116,0.0,100,0.0,0.0,0.0,0.0,0.0,0,0,0,0,0.0,0,0,0,0,0,0,0,0,0,0,0,0,0,0,0,0,0,0,0,0,0,0,0,0,0,0,0,0,0,0,0,0,0,31,40,40,71,65476,0,300,0,0,8,21553,0.0,-107605600.0,0.0,0.0,0.0,0.0,0.0,0.0,0.0,0.0,0.0,0.0,0.0,0.0,0.0,0.0,0.0,0.0,0.0,0.0,0.0,0.0,-2.004,2.004,-0.0,-2.004,0.0,0.0,0.0,0.0,6371.0,0.0,6913.0,0.0,0.0,2.7184303811560617e+23,0.0,0.0,0.0,0.0,0.0,69,-107615400.0,5.84807707476327e+35,0.0,0.0,0.0,0.0,0.0,0.0,0.0,0,0,0,0.0,0.0,0.0,0.0,0.0,0.0,0.0,0.0,0.0,0.0,0.0,0.0,0.0,0.0,0.0,0.0,0,-107875648.0,69,0.0,138,0.0,0.0,0,13107,17040,13107,17049,13107,17043,0,0,0,70,68,100,2.7302359370752657e+23,71.1,0.0,74.2,2.7302370179391762e+23,74.0,1,49,50,180,0,52429,0,0,0.0,0.0,0.0,0.0,-0.0,67.0,0.0,162057.094,0.0,750,0,739,0,0,0,721,0,766,0,735,0,742,0,741,0,712,0,7520,0.032,79456894976.0,0.0,0.0,784,16797,-0.0,162057.094,-114818.039,-0.0,0.133,6.909358625270745e+28,30.0,65.0,35,0.0,0.0,0.0,0.0,0.0,0.0,0.0,0.0,0.0,0.0,0.0,0.0,0.0,0.0,0.0,0.0,69.2,0,150,71,54,65476,0,300,0,1,8,20529,65476,0,0,40632,65.0,0.0,0.0,0.0,0.0,0.0
2026-09-04T20:42:53,ERR,ERR,ERR,ERR,ERR,ERR,ERR,ERR,ERR,ERR,ERR,ERR,ERR,ERR,ERR,ERR,ERR,ERR,ERR,ERR,ERR,ERR,ERR,ERR,ERR,ERR,ERR,ERR,ERR,ERR,ERR,ERR,ERR,ERR,ERR,ERR,ERR,ERR,ERR,ERR,ERR,ERR,ERR,ERR,ERR,ERR,ERR,ERR,ERR,ERR,ERR,ERR,ERR,ERR,ERR,ERR,ERR,ERR,ERR,ERR,ERR,ERR,ERR,ERR,ERR,ERR,ERR,ERR,ERR,ERR,ERR,ERR,ERR,ERR,ERR,ERR,ERR,ERR,ERR,ERR,ERR,ERR,ERR,ERR,ERR,ERR,ERR,ERR,ERR,ERR,ERR,ERR,ERR,ERR,ERR,ERR,ERR,ERR,ERR,ERR,ERR,ERR,ERR,ERR,ERR,ERR,ERR,ERR,ERR,ERR,ERR,ERR,ERR,ERR,ERR,ERR,ERR,ERR,ERR,ERR,ERR,ERR,ERR,ERR,ERR,0.0,0.0,0.0,0.0,0.0,1.3936040501711995e+18,7.805,0.0,0,0,4,0,7116,0.0,100,0.0,0.0,0.0,0.0,0.0,0,0,0,0,0.0,0,0,0,0,0,0,0,0,0,0,0,0,0,0,0,0,0,0,0,0,0,0,0,0,0,0,0,0,0,0,0,0,0,31,40,40,71,65476,0,300,0,0,8,21553,0.0,-107605600.0,0.0,0.0,0.0,0.0,0.0,0.0,0.0,0.0,0.0,0.0,0.0,0.0,0.0,0.0,0.0,0.0,0.0,0.0,0.0,0.0,-2.004,2.004,-0.0,-2.004,0.0,0.0,0.0,0.0,6371.0,0.0,6913.0,0.0,0.0,2.7184303811560617e+23,0.0,0.0,0.0,0.0,0.0,69,-107615400.0,5.84807707476327e+35,0.0,0.0,0.0,0.0,0.0,0.0,0.0,0,0,0,0.0,0.0,0.0,0.0,0.0,0.0,0.0,0.0,0.0,0.0,0.0,0.0,0.0,0.0,0.0,0.0,0,-107875648.0,69,0.0,138,0.0,0.0,0,13107,17040,13107,17049,13107,17043,0,0,0,70,68,100,2.7302359370752657e+23,71.1,0.0,74.2,2.7302370179391762e+23,74.0,1,49,50,180,0,52429,0,0,0.0,0.0,0.0,0.0,-0.0,67.0,0.0,162057.094,0.0,750,0,739,0,0,0,721,0,766,0,735,0,742,0,741,0,712,0,7520,0.032,79456894976.0,0.0,0.0,784,16797,-0.0,162057.094,-114818.039,-0.0,0.133,6.909358625270745e+28,30.0,65.0,35,0.0,0.0,0.0,0.0,0.0,0.0,0.0,0.0,0.0,0.0,0.0,0.0,0.0,0.0,0.0,0.0,69.2,0,150,71,54,65476,0,300,0,1,8,20529,65476,0,0,40632,65.0,0.0,0.0,0.0,0.0,0.0
2026-09-04T20:42:54,ERR,ERR,ERR,ERR,ERR,ERR,ERR,ERR,ERR,ERR,ERR,ERR,ERR,ERR,ERR,ERR,ERR,ERR,ERR,ERR,ERR,ERR,ERR,ERR,ERR,ERR,ERR,ERR,ERR,ERR,ERR,ERR,ERR,ERR,ERR,ERR,ERR,ERR,ERR,ERR,ERR,ERR,ERR,ERR,ERR,ERR,ERR,ERR,ERR,ERR,ERR,ERR,ERR,ERR,ERR,ERR,ERR,ERR,ERR,ERR,ERR,ERR,ERR,ERR,ERR,ERR,ERR,ERR,ERR,ERR,ERR,ERR,ERR,ERR,ERR,ERR,ERR,ERR,ERR,ERR,ERR,ERR,ERR,ERR,ERR,ERR,ERR,ERR,ERR,ERR,ERR,ERR,ERR,ERR,ERR,ERR,ERR,ERR,ERR,ERR,ERR,ERR,ERR,ERR,ERR,ERR,ERR,ERR,ERR,ERR,ERR,ERR,ERR,ERR,ERR,ERR,ERR,ERR,ERR,ERR,ERR,ERR,ERR,ERR,ERR,0.0,0.0,0.0,0.0,0.0,1.3936040501711995e+18,7.805,0.0,0,0,4,0,7116,0.0,100,0.0,0.0,0.0,0.0,0.0,0,0,0,0,0.0,0,0,0,0,0,0,0,0,0,0,0,0,0,0,0,0,0,0,0,0,0,0,0,0,0,0,0,0,0,0,0,0,0,31,40,40,71,65476,0,300,0,0,8,21553,0.0,-107605600.0,0.0,0.0,0.0,0.0,0.0,0.0,0.0,0.0,0.0,0.0,0.0,0.0,0.0,0.0,0.0,0.0,0.0,0.0,0.0,0.0,-2.004,2.004,-0.0,-2.004,0.0,0.0,0.0,0.0,6371.0,0.0,6913.0,0.0,0.0,2.7184303811560617e+23,0.0,0.0,0.0,0.0,0.0,69,-107615400.0,5.84807707476327e+35,0.0,0.0,0.0,0.0,0.0,0.0,0.0,0,0,0,0.0,0.0,0.0,0.0,0.0,0.0,0.0,0.0,0.0,0.0,0.0,0.0,0.0,0.0,0.0,0.0,0,-107875648.0,69,0.0,138,0.0,0.0,0,13107,17040,13107,17049,13107,17043,0,0,0,70,68,100,2.7302359370752657e+23,71.1,0.0,74.2,2.7302370179391762e+23,74.0,1,49,50,180,0,52429,0,0,0.0,0.0,0.0,0.0,-0.0,67.0,0.0,162057.094,0.0,750,0,739,0,0,0,721,0,766,0,735,0,742,0,741,0,712,0,7520,0.032,79456894976.0,0.0,0.0,784,16797,-0.0,162057.094,-114818.039,-0.0,0.133,6.909358625270745e+28,30.0,65.0,35,0.0,0.0,0.0,0.0,0.0,0.0,0.0,0.0,0.0,0.0,0.0,0.0,0.0,0.0,0.0,0.0,69.2,0,150,71,54,65476,0,300,0,1,8,20529,65476,0,0,40632,65.0,0.0,0.0,0.0,0.0,0.0
2026-09-04T20:42:55,ERR,ERR,ERR,ERR,ERR,ERR,ERR,ERR,ERR,ERR,ERR,ERR,ERR,ERR,ERR,ERR,ERR,ERR,ERR,ERR,ERR,ERR,ERR,ERR,ERR,ERR,ERR,ERR,ERR,ERR,ERR,ERR,ERR,ERR,ERR,ERR,ERR,ERR,ERR,ERR,ERR,ERR,ERR,ERR,ERR,ERR,ERR,ERR,ERR,ERR,ERR,ERR,ERR,ERR,ERR,ERR,ERR,ERR,ERR,ERR,ERR,ERR,ERR,ERR,ERR,ERR,ERR,ERR,ERR,ERR,ERR,ERR,ERR,ERR,ERR,ERR,ERR,ERR,ERR,ERR,ERR,ERR,ERR,ERR,ERR,ERR,ERR,ERR,ERR,ERR,ERR,ERR,ERR,ERR,ERR,ERR,ERR,ERR,ERR,ERR,ERR,ERR,ERR,ERR,ERR,ERR,ERR,ERR,ERR,ERR,ERR,ERR,ERR,ERR,ERR,ERR,ERR,ERR,ERR,ERR,ERR,ERR,ERR,ERR,ERR,0.0,0.0,0.0,0.0,0.0,1.3936040501711995e+18,7.805,0.0,0,0,4,0,7116,0.0,100,0.0,0.0,0.0,0.0,0.0,0,0,0,0,0.0,0,0,0,0,0,0,0,0,0,0,0,0,0,0,0,0,0,0,0,0,0,0,0,0,0,0,0,0,0,0,0,0,0,31,40,40,71,65476,0,300,0,0,8,21553,0.0,-107605600.0,0.0,0.0,0.0,0.0,0.0,0.0,0.0,0.0,0.0,0.0,0.0,0.0,0.0,0.0,0.0,0.0,0.0,0.0,0.0,0.0,-2.004,2.004,-0.0,-2.004,0.0,0.0,0.0,0.0,6342.0,8608225280.0,6922.0,0.0,0.0,2.7184303811560617e+23,0.0,0.0,0.0,0.0,0.0,69,-3.222031175229641e+26,-152018169626624.0,0.0,0.0,0.0,0.0,0.0,0.0,0.0,0,0,0,0.0,0.0,0.0,0.0,0.0,0.0,0.0,0.0,0.0,0.0,0.0,0.0,0.0,0.0,0.0,0.0,0,-107875648.0,69,0.0,138,0.0,0.0,0,13107,17040,13107,17049,13107,17043,0,0,0,70,68,100,2.7302359370752657e+23,71.1,0.0,74.2,2.7302370179391762e+23,74.0,1,49,50,180,0,52429,0,0,0.0,0.0,0.0,0.0,-0.0,67.0,0.0,162057.094,0.0,750,0,739,0,0,0,721,0,766,0,735,0,742,0,741,0,712,0,7520,0.032,79456894976.0,0.0,0.0,784,16797,-0.0,162057.094,-114818.039,-0.0,0.133,6.909358625270745e+28,30.0,65.0,35,0.0,0.0,0.0,0.0,0.0,0.0,0.0,0.0,0.0,0.0,0.0,0.0,0.0,0.0,0.0,0.0,69.2,0,150,71,54,65476,0,300,0,1,8,20529,65476,0,0,40632,65.0,0.0,0.0,0.0,0.0,0.0
2026-09-04T20:42:56,ERR,ERR,ERR,ERR,ERR,ERR,ERR,ERR,ERR,ERR,ERR,ERR,ERR,ERR,ERR,ERR,ERR,ERR,ERR,ERR,ERR,ERR,ERR,ERR,ERR,ERR,ERR,ERR,ERR,ERR,ERR,ERR,ERR,ERR,ERR,ERR,ERR,ERR,ERR,ERR,ERR,ERR,ERR,ERR,ERR,ERR,ERR,ERR,ERR,ERR,ERR,ERR,ERR,ERR,ERR,ERR,ERR,ERR,ERR,ERR,ERR,ERR,ERR,ERR,ERR,ERR,ERR,ERR,ERR,ERR,ERR,ERR,ERR,ERR,ERR,ERR,ERR,ERR,ERR,ERR,ERR,ERR,ERR,ERR,ERR,ERR,ERR,ERR,ERR,ERR,ERR,ERR,ERR,ERR,ERR,ERR,ERR,ERR,ERR,ERR,ERR,ERR,ERR,ERR,ERR,ERR,ERR,ERR,ERR,ERR,ERR,ERR,ERR,ERR,ERR,ERR,ERR,ERR,ERR,ERR,ERR,ERR,ERR,ERR,ERR,0.0,0.0,0.0,0.0,0.0,1.3936040501711995e+18,7.805,0.0,0,0,4,0,7116,0.0,100,0.0,0.0,0.0,0.0,0.0,0,0,0,0,0.0,0,0,0,0,0,0,0,0,0,0,0,0,0,0,0,0,0,0,0,0,0,0,0,0,0,0,0,0,0,0,0,0,0,31,40,40,71,65476,0,300,0,0,8,21553,0.0,-107605600.0,0.0,0.0,0.0,0.0,0.0,0.0,0.0,0.0,0.0,0.0,0.0,0.0,0.0,0.0,0.0,0.0,0.0,0.0,0.0,0.0,-2.004,2.004,-0.0,-2.004,0.0,0.0,0.0,0.0,6342.0,8608225280.0,6922.0,0.0,0.0,2.7184303811560617e+23,0.0,0.0,0.0,0.0,0.0,69,-3.222031175229641e+26,-152018169626624.0,0.0,0.0,0.0,0.0,0.0,0.0,0.0,0,0,0,0.0,0.0,0.0,0.0,0.0,0.0,0.0,0.0,0.0,0.0,0.0,0.0,0.0,0.0,0.0,0.0,0,-107875648.0,69,0.0,138,0.0,0.0,0,13107,17040,13107,17049,13107,17043,0,0,0,70,68,100,2.7302359370752657e+23,71.1,0.0,74.2,2.7302370179391762e+23,74.0,1,49,50,180,0,52429,0,0,0.0,0.0,0.0,0.0,-0.0,67.0,0.0,162057.094,0.0,750,0,739,0,0,0,721,0,766,0,736,0,742,0,741,0,712,0,7520,0.032,79993765888.0,0.0,0.0,784,16797,-0.0,162057.094,-114818.039,-0.0,0.133,6.909358625270745e+28,30.0,65.0,35,0.0,0.0,0.0,0.0,0.0,0.0,0.0,0.0,0.0,0.0,0.0,0.0,0.0,0.0,0.0,0.0,69.2,0,150,71,54,65476,0,300,0,1,8,20529,65476,0,0,40632,65.0,0.0,0.0,0.0,0.0,0.0
2026-09-04T20:42:57,ERR,ERR,ERR,ERR,ERR,ERR,ERR,ERR,ERR,ERR,ERR,ERR,ERR,ERR,ERR,ERR,ERR,ERR,ERR,ERR,ERR,ERR,ERR,ERR,ERR,ERR,ERR,ERR,ERR,ERR,ERR,ERR,ERR,ERR,ERR,ERR,ERR,ERR,ERR,ERR,ERR,ERR,ERR,ERR,ERR,ERR,ERR,ERR,ERR,ERR,ERR,ERR,ERR,ERR,ERR,ERR,ERR,ERR,ERR,ERR,ERR,ERR,ERR,ERR,ERR,ERR,ERR,ERR,ERR,ERR,ERR,ERR,ERR,ERR,ERR,ERR,ERR,ERR,ERR,ERR,ERR,ERR,ERR,ERR,ERR,ERR,ERR,ERR,ERR,ERR,ERR,ERR,ERR,ERR,ERR,ERR,ERR,ERR,ERR,ERR,ERR,ERR,ERR,ERR,ERR,ERR,ERR,ERR,ERR,ERR,ERR,ERR,ERR,ERR,ERR,ERR,ERR,ERR,ERR,ERR,ERR,ERR,ERR,ERR,ERR,0.0,0.0,0.0,0.0,0.0,1.3936040501711995e+18,7.805,0.0,0,0,4,0,7116,0.0,100,0.0,0.0,0.0,0.0,0.0,0,0,0,0,0.0,0,0,0,0,0,0,0,0,0,0,0,0,0,0,0,0,0,0,0,0,0,0,0,0,0,0,0,0,0,0,0,0,0,31,40,40,71,65476,0,300,0,0,8,21553,0.0,-107605600.0,0.0,0.0,0.0,0.0,0.0,0.0,0.0,0.0,0.0,0.0,0.0,0.0,0.0,0.0,0.0,0.0,0.0,0.0,0.0,0.0,-2.004,2.004,-0.0,-2.004,0.0,0.0,0.0,0.0,6342.0,8608225280.0,6922.0,0.0,0.0,2.7184303811560617e+23,0.0,0.0,0.0,0.0,0.0,69,-3.222031175229641e+26,-152018169626624.0,0.0,0.0,0.0,0.0,0.0,0.0,0.0,0,0,0,0.0,0.0,0.0,0.0,0.0,0.0,0.0,0.0,0.0,0.0,0.0,0.0,0.0,0.0,0.0,0.0,0,-107875648.0,69,0.0,138,0.0,0.0,0,13107,17040,13107,17049,13107,17043,0,0,0,70,68,100,2.7302359370752657e+23,71.1,0.0,74.2,2.7302370179391762e+23,74.0,1,49,50,180,0,52429,0,0,0.0,0.0,0.0,0.0,-0.0,67.0,0.0,162057.094,0.0,750,0,739,0,0,0,721,0,766,0,736,0,742,0,741,0,712,0,7520,0.032,79993765888.0,0.0,0.0,784,16797,-0.0,162057.094,-114818.039,-0.0,0.133,6.909358625270745e+28,30.0,65.0,35,0.0,0.0,0.0,0.0,0.0,0.0,0.0,0.0,0.0,0.0,0.0,0.0,0.0,0.0,0.0,0.0,69.2,0,150,71,54,65476,0,300,0,1,8,20529,65476,0,0,40632,65.0,0.0,0.0,0.0,0.0,0.0
2026-09-04T20:42:58,ERR,ERR,ERR,ERR,ERR,ERR,ERR,ERR,ERR,ERR,ERR,ERR,ERR,ERR,ERR,ERR,ERR,ERR,ERR,ERR,ERR,ERR,ERR,ERR,ERR,ERR,ERR,ERR,ERR,ERR,ERR,ERR,ERR,ERR,ERR,ERR,ERR,ERR,ERR,ERR,ERR,ERR,ERR,ERR,ERR,ERR,ERR,ERR,ERR,ERR,ERR,ERR,ERR,ERR,ERR,ERR,ERR,ERR,ERR,ERR,ERR,ERR,ERR,ERR,ERR,ERR,ERR,ERR,ERR,ERR,ERR,ERR,ERR,ERR,ERR,ERR,ERR,ERR,ERR,ERR,ERR,ERR,ERR,ERR,ERR,ERR,ERR,ERR,ERR,ERR,ERR,ERR,ERR,ERR,ERR,ERR,ERR,ERR,ERR,ERR,ERR,ERR,ERR,ERR,ERR,ERR,ERR,ERR,ERR,ERR,ERR,ERR,ERR,ERR,ERR,ERR,ERR,ERR,ERR,ERR,ERR,ERR,ERR,ERR,ERR,0.0,0.0,0.0,0.0,0.0,1.3936040501711995e+18,7.805,0.0,0,0,4,0,7116,0.0,100,0.0,0.0,0.0,0.0,0.0,0,0,0,0,0.0,0,0,0,0,0,0,0,0,0,0,0,0,0,0,0,0,0,0,0,0,0,0,0,0,0,0,0,0,0,0,0,0,0,31,40,40,71,65476,0,300,0,0,8,21553,0.0,-107605600.0,0.0,0.0,0.0,0.0,0.0,0.0,0.0,0.0,0.0,0.0,0.0,0.0,0.0,0.0,0.0,0.0,0.0,0.0,0.0,0.0,-2.004,2.004,-0.0,-2.004,0.0,0.0,0.0,0.0,6342.0,8608225280.0,6922.0,0.0,0.0,2.7184303811560617e+23,0.0,0.0,0.0,0.0,0.0,69,-3.222031175229641e+26,-152018169626624.0,0.0,0.0,0.0,0.0,0.0,0.0,0.0,0,0,0,0.0,0.0,0.0,0.0,0.0,0.0,0.0,0.0,0.0,0.0,0.0,0.0,0.0,0.0,0.0,0.0,0,-107875648.0,69,0.0,138,0.0,0.0,0,13107,17040,13107,17049,13107,17043,0,0,0,70,68,100,2.7302359370752657e+23,71.1,0.0,74.2,2.7302370179391762e+23,74.0,1,49,50,180,0,52429,0,0,0.0,0.0,0.0,0.0,-0.0,67.0,0.0,162057.094,0.0,750,0,739,0,0,0,721,0,766,0,736,0,742,0,741,0,712,0,7520,0.032,79993765888.0,0.0,0.0,784,16797,-0.0,162057.094,-114818.039,-0.0,0.133,6.909358625270745e+28,30.0,65.0,35,0.0,0.0,0.0,0.0,0.0,0.0,0.0,0.0,0.0,0.0,0.0,0.0,0.0,0.0,0.0,0.0,69.6,0,150,71,54,65476,0,300,0,1,8,20529,65476,0,0,40632,65.0,0.0,0.0,0.0,0.0,0.0
2026-09-04T20:42:59,ERR,ERR,ERR,ERR,ERR,ERR,ERR,ERR,ERR,ERR,ERR,ERR,ERR,ERR,ERR,ERR,ERR,ERR,ERR,ERR,ERR,ERR,ERR,ERR,ERR,ERR,ERR,ERR,ERR,ERR,ERR,ERR,ERR,ERR,ERR,ERR,ERR,ERR,ERR,ERR,ERR,ERR,ERR,ERR,ERR,ERR,ERR,ERR,ERR,ERR,ERR,ERR,ERR,ERR,ERR,ERR,ERR,ERR,ERR,ERR,ERR,ERR,ERR,ERR,ERR,ERR,ERR,ERR,ERR,ERR,ERR,ERR,ERR,ERR,ERR,ERR,ERR,ERR,ERR,ERR,ERR,ERR,ERR,ERR,ERR,ERR,ERR,ERR,ERR,ERR,ERR,ERR,ERR,ERR,ERR,ERR,ERR,ERR,ERR,ERR,ERR,ERR,ERR,ERR,ERR,ERR,ERR,ERR,ERR,ERR,ERR,ERR,ERR,ERR,ERR,ERR,ERR,ERR,ERR,ERR,ERR,ERR,ERR,ERR,ERR,0.0,0.0,0.0,0.0,0.0,1.3936040501711995e+18,7.805,0.0,0,0,4,0,7116,0.0,100,0.0,0.0,0.0,0.0,0.0,0,0,0,0,0.0,0,0,0,0,0,0,0,0,0,0,0,0,0,0,0,0,0,0,0,0,0,0,0,0,0,0,0,0,0,0,0,0,0,31,40,40,71,65476,0,300,0,0,8,21553,0.0,-107605600.0,0.0,0.0,0.0,0.0,0.0,0.0,0.0,0.0,0.0,0.0,0.0,0.0,0.0,0.0,0.0,0.0,0.0,0.0,0.0,0.0,-2.004,2.004,-0.0,-2.004,0.0,0.0,0.0,0.0,6342.0,8608225280.0,6922.0,0.0,0.0,2.7184303811560617e+23,0.0,0.0,0.0,0.0,0.0,69,-3.222031175229641e+26,-152018169626624.0,0.0,0.0,0.0,0.0,0.0,0.0,0.0,0,0,0,0.0,0.0,0.0,0.0,0.0,0.0,0.0,0.0,0.0,0.0,0.0,0.0,0.0,0.0,0.0,0.0,0,-107875648.0,69,0.0,138,0.0,0.0,0,13107,17040,13107,17049,13107,17043,0,0,0,70,68,100,2.7302359370752657e+23,71.1,0.0,74.2,2.7302370179391762e+23,74.0,1,49,50,180,0,52429,0,0,0.0,0.0,0.0,0.0,-0.0,67.0,0.0,162057.094,0.0,750,0,739,0,0,0,721,0,766,0,736,0,742,0,741,0,712,0,7520,0.032,79993765888.0,0.0,0.0,784,16797,-0.0,162057.094,-114818.039,-0.0,0.133,6.909358625270745e+28,30.0,65.0,35,0.0,0.0,0.0,0.0,0.0,0.0,0.0,0.0,0.0,0.0,0.0,0.0,0.0,0.0,0.0,0.0,69.6,0,150,71,54,65476,0,300,0,1,8,20529,65476,0,0,40632,65.0,0.0,0.0,0.0,0.0,0.0
2026-09-04T20:43:00,ERR,ERR,ERR,ERR,ERR,ERR,ERR,ERR,ERR,ERR,ERR,ERR,ERR,ERR,ERR,ERR,ERR,ERR,ERR,ERR,ERR,ERR,ERR,ERR,ERR,ERR,ERR,ERR,ERR,ERR,ERR,ERR,ERR,ERR,ERR,ERR,ERR,ERR,ERR,ERR,ERR,ERR,ERR,ERR,ERR,ERR,ERR,ERR,ERR,ERR,ERR,ERR,ERR,ERR,ERR,ERR,ERR,ERR,ERR,ERR,ERR,ERR,ERR,ERR,ERR,ERR,ERR,ERR,ERR,ERR,ERR,ERR,ERR,ERR,ERR,ERR,ERR,ERR,ERR,ERR,ERR,ERR,ERR,ERR,ERR,ERR,ERR,ERR,ERR,ERR,ERR,ERR,ERR,ERR,ERR,ERR,ERR,ERR,ERR,ERR,ERR,ERR,ERR,ERR,ERR,ERR,ERR,ERR,ERR,ERR,ERR,ERR,ERR,ERR,ERR,ERR,ERR,ERR,ERR,ERR,ERR,ERR,ERR,ERR,ERR,0.0,0.0,0.0,0.0,0.0,1.3936040501711995e+18,7.805,0.0,0,0,4,0,7116,0.0,100,0.0,0.0,0.0,0.0,0.0,0,0,0,0,0.0,0,0,0,0,0,0,0,0,0,0,0,0,0,0,0,0,0,0,0,0,0,0,0,0,0,0,0,0,0,0,0,0,0,31,40,40,71,65476,0,300,0,0,8,21553,0.0,-107605600.0,0.0,0.0,0.0,0.0,0.0,0.0,0.0,0.0,0.0,0.0,0.0,0.0,0.0,0.0,0.0,0.0,0.0,0.0,0.0,0.0,-2.004,2.004,-0.0,-2.004,0.0,0.0,0.0,0.0,6342.0,8608225280.0,6922.0,0.0,0.0,2.7184303811560617e+23,0.0,0.0,0.0,0.0,0.0,69,-3.222031175229641e+26,-152018169626624.0,0.0,0.0,0.0,0.0,0.0,0.0,0.0,0,0,0,0.0,0.0,0.0,0.0,0.0,0.0,0.0,0.0,0.0,0.0,0.0,0.0,0.0,0.0,0.0,0.0,0,-107875648.0,69,0.0,138,0.0,0.0,0,13107,17040,13107,17049,13107,17043,0,0,0,70,68,100,2.7302359370752657e+23,71.1,0.0,74.2,2.7302370179391762e+23,74.0,1,49,50,180,0,52429,0,0,0.0,0.0,0.0,0.0,-0.0,67.0,0.0,162057.094,0.0,750,0,739,0,0,0,721,0,766,0,736,0,742,0,741,0,712,0,7520,0.032,79993765888.0,0.0,0.0,784,16797,-0.0,162057.094,-114818.039,-0.0,0.133,6.909358625270745e+28,30.0,65.0,35,0.0,0.0,0.0,0.0,0.0,0.0,0.0,0.0,0.0,0.0,0.0,0.0,0.0,0.0,0.0,0.0,69.2,0,150,71,54,65476,0,300,0,1,8,20529,65476,0,0,40632,65.0,0.0,0.0,0.0,0.0,0.0
2026-09-04T20:43:01,ERR,ERR,ERR,ERR,ERR,ERR,ERR,ERR,ERR,ERR,ERR,ERR,ERR,ERR,ERR,ERR,ERR,ERR,ERR,ERR,ERR,ERR,ERR,ERR,ERR,ERR,ERR,ERR,ERR,ERR,ERR,ERR,ERR,ERR,ERR,ERR,ERR,ERR,ERR,ERR,ERR,ERR,ERR,ERR,ERR,ERR,ERR,ERR,ERR,ERR,ERR,ERR,ERR,ERR,ERR,ERR,ERR,ERR,ERR,ERR,ERR,ERR,ERR,ERR,ERR,ERR,ERR,ERR,ERR,ERR,ERR,ERR,ERR,ERR,ERR,ERR,ERR,ERR,ERR,ERR,ERR,ERR,ERR,ERR,ERR,ERR,ERR,ERR,ERR,ERR,ERR,ERR,ERR,ERR,ERR,ERR,ERR,ERR,ERR,ERR,ERR,ERR,ERR,ERR,ERR,ERR,ERR,ERR,ERR,ERR,ERR,ERR,ERR,ERR,ERR,ERR,ERR,ERR,ERR,ERR,ERR,ERR,ERR,ERR,ERR,0.0,0.0,0.0,0.0,0.0,1.3936040501711995e+18,7.805,0.0,0,0,4,0,7116,0.0,100,0.0,0.0,0.0,0.0,0.0,0,0,0,0,0.0,0,0,0,0,0,0,0,0,0,0,0,0,0,0,0,0,0,0,0,0,0,0,0,0,0,0,0,0,0,0,0,0,0,31,40,40,71,65476,0,300,0,0,8,21553,0.0,-107605600.0,0.0,0.0,0.0,0.0,0.0,0.0,0.0,0.0,0.0,0.0,0.0,0.0,0.0,0.0,0.0,0.0,0.0,0.0,0.0,0.0,-2.004,2.004,-0.0,-2.004,0.0,0.0,0.0,0.0,6342.0,8608225280.0,6922.0,0.0,0.0,2.7184303811560617e+23,0.0,0.0,0.0,0.0,0.0,69,-3.222031175229641e+26,-152018169626624.0,0.0,0.0,0.0,0.0,0.0,0.0,0.0,0,0,0,0.0,0.0,0.0,0.0,0.0,0.0,0.0,0.0,0.0,0.0,0.0,0.0,0.0,0.0,0.0,0.0,0,-107875648.0,69,0.0,138,0.0,0.0,0,13107,17040,13107,17049,13107,17043,0,0,0,70,68,100,2.7302359370752657e+23,71.1,0.0,74.2,2.7302370179391762e+23,74.0,1,49,50,180,0,52429,0,0,0.0,0.0,0.0,0.0,-0.0,67.0,0.0,162057.094,0.0,750,0,739,0,0,0,721,0,766,0,736,0,742,0,741,0,712,0,7520,0.032,79456894976.0,0.0,0.0,784,16797,-0.0,162057.094,-114818.039,-0.0,0.133,6.909358625270745e+28,30.0,65.0,35,0.0,0.0,0.0,0.0,0.0,0.0,0.0,0.0,0.0,0.0,0.0,0.0,0.0,0.0,0.0,0.0,69.2,0,150,71,54,65476,0,300,0,1,8,20529,65476,0,0,40632,65.0,0.0,0.0,0.0,0.0,0.0
2026-09-04T20:43:02,ERR,ERR,ERR,ERR,ERR,ERR,ERR,ERR,ERR,ERR,ERR,ERR,ERR,ERR,ERR,ERR,ERR,ERR,ERR,ERR,ERR,ERR,ERR,ERR,ERR,ERR,ERR,ERR,ERR,ERR,ERR,ERR,ERR,ERR,ERR,ERR,ERR,ERR,ERR,ERR,ERR,ERR,ERR,ERR,ERR,ERR,ERR,ERR,ERR,ERR,ERR,ERR,ERR,ERR,ERR,ERR,ERR,ERR,ERR,ERR,ERR,ERR,ERR,ERR,ERR,ERR,ERR,ERR,ERR,ERR,ERR,ERR,ERR,ERR,ERR,ERR,ERR,ERR,ERR,ERR,ERR,ERR,ERR,ERR,ERR,ERR,ERR,ERR,ERR,ERR,ERR,ERR,ERR,ERR,ERR,ERR,ERR,ERR,ERR,ERR,ERR,ERR,ERR,ERR,ERR,ERR,ERR,ERR,ERR,ERR,ERR,ERR,ERR,ERR,ERR,ERR,ERR,ERR,ERR,ERR,ERR,ERR,ERR,ERR,ERR,0.0,0.0,0.0,0.0,0.0,1.3936040501711995e+18,7.805,0.0,0,0,4,0,7116,0.0,100,0.0,0.0,0.0,0.0,0.0,0,0,0,0,0.0,0,0,0,0,0,0,0,0,0,0,0,0,0,0,0,0,0,0,0,0,0,0,0,0,0,0,0,0,0,0,0,0,0,31,40,40,71,65476,0,300,0,0,8,21553,0.0,-107605600.0,0.0,0.0,0.0,0.0,0.0,0.0,0.0,0.0,0.0,0.0,0.0,0.0,0.0,0.0,0.0,0.0,0.0,0.0,0.0,0.0,-2.004,2.004,-0.0,-2.004,0.0,0.0,0.0,0.0,6342.0,8608225280.0,6922.0,0.0,0.0,2.7184303811560617e+23,0.0,0.0,0.0,0.0,0.0,69,-3.222031175229641e+26,-152018169626624.0,0.0,0.0,0.0,0.0,0.0,0.0,0.0,0,0,0,0.0,0.0,0.0,0.0,0.0,0.0,0.0,0.0,0.0,0.0,0.0,0.0,0.0,0.0,0.0,0.0,0,-107875648.0,69,0.0,138,0.0,0.0,0,13107,17040,13107,17049,13107,17043,0,0,0,70,68,100,2.7302359370752657e+23,71.1,0.0,74.2,2.7302370179391762e+23,74.0,1,49,50,180,0,52429,0,0,0.0,0.0,0.0,0.0,-0.0,67.0,0.0,162057.094,0.0,750,0,739,0,0,0,721,0,766,0,736,0,742,0,741,0,712,0,7520,0.032,79456894976.0,0.0,0.0,784,16797,-0.0,162057.094,-114818.039,-0.0,0.133,6.909358625270745e+28,30.0,65.0,35,0.0,0.0,0.0,0.0,0.0,0.0,0.0,0.0,0.0,0.0,0.0,0.0,0.0,0.0,0.0,0.0,69.2,0,150,71,54,65476,0,300,0,1,8,20529,65476,0,0,40632,65.0,0.0,0.0,0.0,0.0,0.0
2026-09-04T20:43:03,ERR,ERR,ERR,ERR,ERR,ERR,ERR,ERR,ERR,ERR,ERR,ERR,ERR,ERR,ERR,ERR,ERR,ERR,ERR,ERR,ERR,ERR,ERR,ERR,ERR,ERR,ERR,ERR,ERR,ERR,ERR,ERR,ERR,ERR,ERR,ERR,ERR,ERR,ERR,ERR,ERR,ERR,ERR,ERR,ERR,ERR,ERR,ERR,ERR,ERR,ERR,ERR,ERR,ERR,ERR,ERR,ERR,ERR,ERR,ERR,ERR,ERR,ERR,ERR,ERR,ERR,ERR,ERR,ERR,ERR,ERR,ERR,ERR,ERR,ERR,ERR,ERR,ERR,ERR,ERR,ERR,ERR,ERR,ERR,ERR,ERR,ERR,ERR,ERR,ERR,ERR,ERR,ERR,ERR,ERR,ERR,ERR,ERR,ERR,ERR,ERR,ERR,ERR,ERR,ERR,ERR,ERR,ERR,ERR,ERR,ERR,ERR,ERR,ERR,ERR,ERR,ERR,ERR,ERR,ERR,ERR,ERR,ERR,ERR,ERR,0.0,0.0,0.0,0.0,0.0,1.3936040501711995e+18,7.805,0.0,0,0,4,0,7116,0.0,100,0.0,0.0,0.0,0.0,0.0,0,0,0,0,0.0,0,0,0,0,0,0,0,0,0,0,0,0,0,0,0,0,0,0,0,0,0,0,0,0,0,0,0,0,0,0,0,0,0,31,40,40,71,65476,0,300,0,0,8,21553,0.0,-107605600.0,0.0,0.0,0.0,0.0,0.0,0.0,0.0,0.0,0.0,0.0,0.0,0.0,0.0,0.0,0.0,0.0,0.0,0.0,0.0,0.0,-2.004,2.004,-0.0,-2.004,0.0,0.0,0.0,0.0,6307.0,-0.0,6930.0,0.0,0.0,2.7184303811560617e+23,0.0,0.0,0.0,0.0,0.0,69,-2.3088415973249647e+20,-0.0,0.0,0.0,0.0,0.0,0.0,0.0,0.0,0,0,0,0.0,0.0,0.0,0.0,0.0,0.0,0.0,0.0,0.0,0.0,0.0,0.0,0.0,0.0,0.0,0.0,0,-107875648.0,69,0.0,138,0.0,0.0,0,13107,17040,13107,17049,13107,17043,0,0,0,70,68,100,2.7302359370752657e+23,71.1,0.0,74.2,2.7302370179391762e+23,74.0,1,49,50,180,0,52429,0,0,0.0,0.0,0.0,0.0,-0.0,67.0,0.0,162057.094,0.0,750,0,739,0,0,0,721,0,766,0,736,0,742,0,741,0,712,0,7520,0.032,79456894976.0,0.0,0.0,784,16797,-0.0,162057.094,-114818.039,-0.0,0.133,6.909358625270745e+28,30.0,65.0,35,0.0,0.0,0.0,0.0,0.0,0.0,0.0,0.0,0.0,0.0,0.0,0.0,0.0,0.0,0.0,0.0,69.2,0,150,71,54,65476,0,300,0,1,8,20529,65476,0,0,40632,65.0,0.0,0.0,0.0,0.0,0.0
2026-09-04T20:43:04,ERR,ERR,ERR,ERR,ERR,ERR,ERR,ERR,ERR,ERR,ERR,ERR,ERR,ERR,ERR,ERR,ERR,ERR,ERR,ERR,ERR,ERR,ERR,ERR,ERR,ERR,ERR,ERR,ERR,ERR,ERR,ERR,ERR,ERR,ERR,ERR,ERR,ERR,ERR,ERR,ERR,ERR,ERR,ERR,ERR,ERR,ERR,ERR,ERR,ERR,ERR,ERR,ERR,ERR,ERR,ERR,ERR,ERR,ERR,ERR,ERR,ERR,ERR,ERR,ERR,ERR,ERR,ERR,ERR,ERR,ERR,ERR,ERR,ERR,ERR,ERR,ERR,ERR,ERR,ERR,ERR,ERR,ERR,ERR,ERR,ERR,ERR,ERR,ERR,ERR,ERR,ERR,ERR,ERR,ERR,ERR,ERR,ERR,ERR,ERR,ERR,ERR,ERR,ERR,ERR,ERR,ERR,ERR,ERR,ERR,ERR,ERR,ERR,ERR,ERR,ERR,ERR,ERR,ERR,ERR,ERR,ERR,ERR,ERR,ERR,0.0,0.0,0.0,0.0,0.0,1.3936040501711995e+18,7.805,0.0,0,0,4,0,7116,0.0,100,0.0,0.0,0.0,0.0,0.0,0,0,0,0,0.0,0,0,0,0,0,0,0,0,0,0,0,0,0,0,0,0,0,0,0,0,0,0,0,0,0,0,0,0,0,0,0,0,0,31,40,40,71,65476,0,300,0,0,8,21553,0.0,-107605600.0,0.0,0.0,0.0,0.0,0.0,0.0,0.0,0.0,0.0,0.0,0.0,0.0,0.0,0.0,0.0,0.0,0.0,0.0,0.0,0.0,-2.004,2.004,-0.0,-2.004,0.0,0.0,0.0,0.0,6307.0,-0.0,6930.0,0.0,0.0,2.7184303811560617e+23,0.0,0.0,0.0,0.0,0.0,69,-2.3088415973249647e+20,-0.0,0.0,0.0,0.0,0.0,0.0,0.0,0.0,0,0,0,0.0,0.0,0.0,0.0,0.0,0.0,0.0,0.0,0.0,0.0,0.0,0.0,0.0,0.0,0.0,0.0,0,-107875648.0,69,0.0,138,0.0,0.0,0,13107,17040,13107,17049,13107,17043,0,0,0,70,68,100,2.7302359370752657e+23,71.1,0.0,74.2,2.7302370179391762e+23,74.0,1,49,50,180,0,52429,0,0,0.0,0.0,0.0,0.0,-0.0,67.0,0.0,162057.094,0.0,750,0,739,0,0,0,721,0,766,0,736,0,742,0,741,0,712,0,7520,0.032,79456894976.0,0.0,0.0,784,16797,-0.0,162057.094,-114818.039,-0.0,0.133,6.909358625270745e+28,30.0,65.0,35,0.0,0.0,0.0,0.0,0.0,0.0,0.0,0.0,0.0,0.0,0.0,0.0,0.0,0.0,0.0,0.0,69.2,0,150,71,54,65476,0,300,0,1,8,20529,65476,0,0,40632,65.0,0.0,0.0,0.0,0.0,0.0
2026-09-04T20:43:05,ERR,ERR,ERR,ERR,ERR,ERR,ERR,ERR,ERR,ERR,ERR,ERR,ERR,ERR,ERR,ERR,ERR,ERR,ERR,ERR,ERR,ERR,ERR,ERR,ERR,ERR,ERR,ERR,ERR,ERR,ERR,ERR,ERR,ERR,ERR,ERR,ERR,ERR,ERR,ERR,ERR,ERR,ERR,ERR,ERR,ERR,ERR,ERR,ERR,ERR,ERR,ERR,ERR,ERR,ERR,ERR,ERR,ERR,ERR,ERR,ERR,ERR,ERR,ERR,ERR,ERR,ERR,ERR,ERR,ERR,ERR,ERR,ERR,ERR,ERR,ERR,ERR,ERR,ERR,ERR,ERR,ERR,ERR,ERR,ERR,ERR,ERR,ERR,ERR,ERR,ERR,ERR,ERR,ERR,ERR,ERR,ERR,ERR,ERR,ERR,ERR,ERR,ERR,ERR,ERR,ERR,ERR,ERR,ERR,ERR,ERR,ERR,ERR,ERR,ERR,ERR,ERR,ERR,ERR,ERR,ERR,ERR,ERR,ERR,ERR,0.0,0.0,0.0,0.0,0.0,1.3936040501711995e+18,7.805,0.0,0,0,4,0,7116,0.0,100,0.0,0.0,0.0,0.0,0.0,0,0,0,0,0.0,0,0,0,0,0,0,0,0,0,0,0,0,0,0,0,0,0,0,0,0,0,0,0,0,0,0,0,0,0,0,0,0,0,31,40,40,71,65476,0,300,0,0,8,21553,0.0,-107605600.0,0.0,0.0,0.0,0.0,0.0,0.0,0.0,0.0,0.0,0.0,0.0,0.0,0.0,0.0,0.0,0.0,0.0,0.0,0.0,0.0,-2.004,2.004,-0.0,-2.004,0.0,0.0,0.0,0.0,6307.0,-0.0,6930.0,0.0,0.0,2.7184303811560617e+23,0.0,0.0,0.0,0.0,0.0,69,-2.3088415973249647e+20,-0.0,0.0,0.0,0.0,0.0,0.0,0.0,0.0,0,0,0,0.0,0.0,0.0,0.0,0.0,0.0,0.0,0.0,0.0,0.0,0.0,0.0,0.0,0.0,0.0,0.0,0,-107875648.0,69,0.0,138,0.0,0.0,0,13107,17040,13107,17049,13107,17043,0,0,0,70,68,100,2.7302359370752657e+23,71.1,0.0,74.2,2.7302370179391762e+23,74.0,1,49,50,180,0,52429,0,0,0.0,0.0,0.0,0.0,-0.0,67.0,0.0,162057.094,0.0,750,0,739,0,0,0,721,0,766,0,736,0,742,0,741,0,712,0,7520,0.032,79456894976.0,0.0,0.0,784,16797,-0.0,162057.094,-114818.039,-0.0,0.133,6.909358625270745e+28,30.0,65.0,35,0.0,0.0,0.0,0.0,0.0,0.0,0.0,0.0,0.0,0.0,0.0,0.0,0.0,0.0,0.0,0.0,69.2,0,150,71,54,65476,0,300,0,1,8,20529,65476,0,0,40632,65.0,0.0,0.0,0.0,0.0,0.0
2026-09-04T20:43:06,ERR,ERR,ERR,ERR,ERR,ERR,ERR,ERR,ERR,ERR,ERR,ERR,ERR,ERR,ERR,ERR,ERR,ERR,ERR,ERR,ERR,ERR,ERR,ERR,ERR,ERR,ERR,ERR,ERR,ERR,ERR,ERR,ERR,ERR,ERR,ERR,ERR,ERR,ERR,ERR,ERR,ERR,ERR,ERR,ERR,ERR,ERR,ERR,ERR,ERR,ERR,ERR,ERR,ERR,ERR,ERR,ERR,ERR,ERR,ERR,ERR,ERR,ERR,ERR,ERR,ERR,ERR,ERR,ERR,ERR,ERR,ERR,ERR,ERR,ERR,ERR,ERR,ERR,ERR,ERR,ERR,ERR,ERR,ERR,ERR,ERR,ERR,ERR,ERR,ERR,ERR,ERR,ERR,ERR,ERR,ERR,ERR,ERR,ERR,ERR,ERR,ERR,ERR,ERR,ERR,ERR,ERR,ERR,ERR,ERR,ERR,ERR,ERR,ERR,ERR,ERR,ERR,ERR,ERR,ERR,ERR,ERR,ERR,ERR,ERR,0.0,0.0,0.0,0.0,0.0,1.3936040501711995e+18,7.805,0.0,0,0,4,0,7116,0.0,100,0.0,0.0,0.0,0.0,0.0,0,0,0,0,0.0,0,0,0,0,0,0,0,0,0,0,0,0,0,0,0,0,0,0,0,0,0,0,0,0,0,0,0,0,0,0,0,0,0,31,40,40,71,65476,0,300,0,0,8,21553,0.0,-107605600.0,0.0,0.0,0.0,0.0,0.0,0.0,0.0,0.0,0.0,0.0,0.0,0.0,0.0,0.0,0.0,0.0,0.0,0.0,0.0,0.0,-2.004,2.004,-0.0,-2.004,0.0,0.0,0.0,0.0,6307.0,-0.0,6930.0,0.0,0.0,2.7184303811560617e+23,0.0,0.0,0.0,0.0,0.0,69,-2.3088415973249647e+20,-0.0,0.0,0.0,0.0,0.0,0.0,0.0,0.0,0,0,0,0.0,0.0,0.0,0.0,0.0,0.0,0.0,0.0,0.0,0.0,0.0,0.0,0.0,0.0,0.0,0.0,0,-107875648.0,69,0.0,138,0.0,0.0,0,13107,17040,13107,17049,13107,17043,0,0,0,70,68,100,2.7302359370752657e+23,71.1,0.0,74.2,2.7302370179391762e+23,74.0,1,49,50,180,0,52429,0,0,0.0,0.0,0.0,0.0,-0.0,67.0,0.0,162057.094,0.0,750,0,739,0,0,0,721,0,766,0,736,0,742,0,741,0,712,0,7520,0.032,79456894976.0,0.0,0.0,784,16797,-0.0,162057.094,-114818.039,-0.0,0.133,6.909358625270745e+28,30.0,65.0,35,0.0,0.0,0.0,0.0,0.0,0.0,0.0,0.0,0.0,0.0,0.0,0.0,0.0,0.0,0.0,0.0,69.2,0,150,71,54,65476,0,300,0,1,8,20529,65476,0,0,40632,65.0,0.0,0.0,0.0,0.0,0.0
2026-09-04T20:43:07,ERR,ERR,ERR,ERR,ERR,ERR,ERR,ERR,ERR,ERR,ERR,ERR,ERR,ERR,ERR,ERR,ERR,ERR,ERR,ERR,ERR,ERR,ERR,ERR,ERR,ERR,ERR,ERR,ERR,ERR,ERR,ERR,ERR,ERR,ERR,ERR,ERR,ERR,ERR,ERR,ERR,ERR,ERR,ERR,ERR,ERR,ERR,ERR,ERR,ERR,ERR,ERR,ERR,ERR,ERR,ERR,ERR,ERR,ERR,ERR,ERR,ERR,ERR,ERR,ERR,ERR,ERR,ERR,ERR,ERR,ERR,ERR,ERR,ERR,ERR,ERR,ERR,ERR,ERR,ERR,ERR,ERR,ERR,ERR,ERR,ERR,ERR,ERR,ERR,ERR,ERR,ERR,ERR,ERR,ERR,ERR,ERR,ERR,ERR,ERR,ERR,ERR,ERR,ERR,ERR,ERR,ERR,ERR,ERR,ERR,ERR,ERR,ERR,ERR,ERR,ERR,ERR,ERR,ERR,ERR,ERR,ERR,ERR,ERR,ERR,0.0,0.0,0.0,0.0,0.0,1.3936040501711995e+18,7.805,0.0,0,0,4,0,7116,0.0,100,0.0,0.0,0.0,0.0,0.0,0,0,0,0,0.0,0,0,0,0,0,0,0,0,0,0,0,0,0,0,0,0,0,0,0,0,0,0,0,0,0,0,0,0,0,0,0,0,0,31,40,40,71,65476,0,300,0,0,8,21553,0.0,-107605600.0,0.0,0.0,0.0,0.0,0.0,0.0,0.0,0.0,0.0,0.0,0.0,0.0,0.0,0.0,0.0,0.0,0.0,0.0,0.0,0.0,-2.004,2.004,-0.0,-2.004,0.0,0.0,0.0,0.0,6307.0,-0.0,6930.0,0.0,0.0,2.7184303811560617e+23,0.0,0.0,0.0,0.0,0.0,69,-2.3088415973249647e+20,-0.0,0.0,0.0,0.0,0.0,0.0,0.0,0.0,0,0,0,0.0,0.0,0.0,0.0,0.0,0.0,0.0,0.0,0.0,0.0,0.0,0.0,0.0,0.0,0.0,0.0,0,-107875648.0,69,0.0,138,0.0,0.0,0,13107,17040,13107,17049,13107,17043,0,0,0,70,68,100,2.7302359370752657e+23,71.1,0.0,74.2,2.7302370179391762e+23,74.0,1,49,50,180,0,52429,0,0,0.0,0.0,0.0,0.0,-0.0,67.0,0.0,162057.094,0.0,750,0,739,0,0,0,721,0,766,0,736,0,742,0,741,0,712,0,7520,0.032,79456894976.0,0.0,0.0,784,16797,-0.0,162057.094,-114818.039,-0.0,0.133,6.909358625270745e+28,30.0,65.0,35,0.0,0.0,0.0,0.0,0.0,0.0,0.0,0.0,0.0,0.0,0.0,0.0,0.0,0.0,0.0,0.0,69.2,0,150,71,54,65476,0,300,0,1,8,20529,65476,0,0,40632,65.0,0.0,0.0,0.0,0.0,0.0
2026-09-04T20:43:08,ERR,ERR,ERR,ERR,ERR,ERR,ERR,ERR,ERR,ERR,ERR,ERR,ERR,ERR,ERR,ERR,ERR,ERR,ERR,ERR,ERR,ERR,ERR,ERR,ERR,ERR,ERR,ERR,ERR,ERR,ERR,ERR,ERR,ERR,ERR,ERR,ERR,ERR,ERR,ERR,ERR,ERR,ERR,ERR,ERR,ERR,ERR,ERR,ERR,ERR,ERR,ERR,ERR,ERR,ERR,ERR,ERR,ERR,ERR,ERR,ERR,ERR,ERR,ERR,ERR,ERR,ERR,ERR,ERR,ERR,ERR,ERR,ERR,ERR,ERR,ERR,ERR,ERR,ERR,ERR,ERR,ERR,ERR,ERR,ERR,ERR,ERR,ERR,ERR,ERR,ERR,ERR,ERR,ERR,ERR,ERR,ERR,ERR,ERR,ERR,ERR,ERR,ERR,ERR,ERR,ERR,ERR,ERR,ERR,ERR,ERR,ERR,ERR,ERR,ERR,ERR,ERR,ERR,ERR,ERR,ERR,ERR,ERR,ERR,ERR,0.0,0.0,0.0,0.0,0.0,1.3936040501711995e+18,7.805,0.0,0,0,4,0,7116,0.0,100,0.0,0.0,0.0,0.0,0.0,0,0,0,0,0.0,0,0,0,0,0,0,0,0,0,0,0,0,0,0,0,0,0,0,0,0,0,0,0,0,0,0,0,0,0,0,0,0,0,31,40,40,71,65476,0,300,0,0,8,21553,0.0,-107605600.0,0.0,0.0,0.0,0.0,0.0,0.0,0.0,0.0,0.0,0.0,0.0,0.0,0.0,0.0,0.0,0.0,0.0,0.0,0.0,0.0,-2.004,2.004,-0.0,-2.004,0.0,0.0,0.0,0.0,6307.0,-0.0,6930.0,0.0,0.0,2.7184303811560617e+23,0.0,0.0,0.0,0.0,0.0,69,-2.3088415973249647e+20,-0.0,0.0,0.0,0.0,0.0,0.0,0.0,0.0,0,0,0,0.0,0.0,0.0,0.0,0.0,0.0,0.0,0.0,0.0,0.0,0.0,0.0,0.0,0.0,0.0,0.0,0,-107875648.0,69,0.0,138,0.0,0.0,0,13107,17040,13107,17049,13107,17043,0,0,0,70,68,100,2.7302359370752657e+23,71.1,0.0,74.2,2.7302370179391762e+23,74.0,1,49,50,180,0,52429,0,0,0.0,0.0,0.0,0.0,-0.0,67.0,0.0,162057.094,0.0,750,0,739,0,0,0,721,0,766,0,736,0,742,0,741,0,712,0,7520,0.032,79456894976.0,0.0,0.0,784,16797,-0.0,162057.094,-114818.039,-0.0,0.133,6.909358625270745e+28,30.0,65.0,35,0.0,0.0,0.0,0.0,0.0,0.0,0.0,0.0,0.0,0.0,0.0,0.0,0.0,0.0,0.0,0.0,69.2,0,150,71,54,65476,0,300,0,1,8,20529,65476,0,0,40632,65.0,0.0,0.0,0.0,0.0,0.0
2026-09-04T20:43:09,ERR,ERR,ERR,ERR,ERR,ERR,ERR,ERR,ERR,ERR,ERR,ERR,ERR,ERR,ERR,ERR,ERR,ERR,ERR,ERR,ERR,ERR,ERR,ERR,ERR,ERR,ERR,ERR,ERR,ERR,ERR,ERR,ERR,ERR,ERR,ERR,ERR,ERR,ERR,ERR,ERR,ERR,ERR,ERR,ERR,ERR,ERR,ERR,ERR,ERR,ERR,ERR,ERR,ERR,ERR,ERR,ERR,ERR,ERR,ERR,ERR,ERR,ERR,ERR,ERR,ERR,ERR,ERR,ERR,ERR,ERR,ERR,ERR,ERR,ERR,ERR,ERR,ERR,ERR,ERR,ERR,ERR,ERR,ERR,ERR,ERR,ERR,ERR,ERR,ERR,ERR,ERR,ERR,ERR,ERR,ERR,ERR,ERR,ERR,ERR,ERR,ERR,ERR,ERR,ERR,ERR,ERR,ERR,ERR,ERR,ERR,ERR,ERR,ERR,ERR,ERR,ERR,ERR,ERR,ERR,ERR,ERR,ERR,ERR,ERR,0.0,0.0,0.0,0.0,0.0,1.3936040501711995e+18,7.805,0.0,0,0,4,0,7116,0.0,100,0.0,0.0,0.0,0.0,0.0,0,0,0,0,0.0,0,0,0,0,0,0,0,0,0,0,0,0,0,0,0,0,0,0,0,0,0,0,0,0,0,0,0,0,0,0,0,0,0,31,40,40,71,65476,0,300,0,0,8,21553,0.0,-107605600.0,0.0,0.0,0.0,0.0,0.0,0.0,0.0,0.0,0.0,0.0,0.0,0.0,0.0,0.0,0.0,0.0,0.0,0.0,0.0,0.0,-2.004,2.004,-0.0,-2.004,0.0,0.0,0.0,0.0,6307.0,-0.0,6930.0,0.0,0.0,2.7184303811560617e+23,0.0,0.0,0.0,0.0,0.0,69,-2.3088415973249647e+20,-0.0,0.0,0.0,0.0,0.0,0.0,0.0,0.0,0,0,0,0.0,0.0,0.0,0.0,0.0,0.0,0.0,0.0,0.0,0.0,0.0,0.0,0.0,0.0,0.0,0.0,0,-107875648.0,69,0.0,138,0.0,0.0,0,13107,17040,13107,17049,13107,17043,0,0,0,70,68,100,2.7302359370752657e+23,71.1,0.0,74.2,2.7302370179391762e+23,74.0,1,49,50,180,0,52429,0,0,0.0,0.0,0.0,0.0,-0.0,67.0,0.0,162057.094,0.0,750,0,739,0,0,0,721,0,766,0,736,0,742,0,741,0,712,0,7520,0.032,79456894976.0,0.0,0.0,784,16797,-0.0,162057.094,-114818.039,-0.0,0.133,6.909358625270745e+28,30.0,65.0,35,0.0,0.0,0.0,0.0,0.0,0.0,0.0,0.0,0.0,0.0,0.0,0.0,0.0,0.0,0.0,0.0,69.2,0,150,71,54,65476,0,300,0,1,8,20529,65476,0,0,40632,65.0,0.0,0.0,0.0,0.0,0.0
2026-09-04T20:43:10,ERR,ERR,ERR,ERR,ERR,ERR,ERR,ERR,ERR,ERR,ERR,ERR,ERR,ERR,ERR,ERR,ERR,ERR,ERR,ERR,ERR,ERR,ERR,ERR,ERR,ERR,ERR,ERR,ERR,ERR,ERR,ERR,ERR,ERR,ERR,ERR,ERR,ERR,ERR,ERR,ERR,ERR,ERR,ERR,ERR,ERR,ERR,ERR,ERR,ERR,ERR,ERR,ERR,ERR,ERR,ERR,ERR,ERR,ERR,ERR,ERR,ERR,ERR,ERR,ERR,ERR,ERR,ERR,ERR,ERR,ERR,ERR,ERR,ERR,ERR,ERR,ERR,ERR,ERR,ERR,ERR,ERR,ERR,ERR,ERR,ERR,ERR,ERR,ERR,ERR,ERR,ERR,ERR,ERR,ERR,ERR,ERR,ERR,ERR,ERR,ERR,ERR,ERR,ERR,ERR,ERR,ERR,ERR,ERR,ERR,ERR,ERR,ERR,ERR,ERR,ERR,ERR,ERR,ERR,ERR,ERR,ERR,ERR,ERR,ERR,0.0,0.0,0.0,0.0,0.0,1.3936040501711995e+18,7.805,0.0,0,0,4,0,7116,0.0,100,0.0,0.0,0.0,0.0,0.0,0,0,0,0,0.0,0,0,0,0,0,0,0,0,0,0,0,0,0,0,0,0,0,0,0,0,0,0,0,0,0,0,0,0,0,0,0,0,0,31,40,40,71,65476,0,300,0,0,8,21553,0.0,-107605600.0,0.0,0.0,0.0,0.0,0.0,0.0,0.0,0.0,0.0,0.0,0.0,0.0,0.0,0.0,0.0,0.0,0.0,0.0,0.0,0.0,-2.004,2.004,-0.0,-2.004,0.0,0.0,0.0,0.0,6279.0,-564148517732352.0,6939.0,0.0,0.0,2.7184303811560617e+23,0.0,0.0,0.0,0.0,0.0,69,-152018572279808.0,-4.9504212476177815e+32,0.0,0.0,0.0,0.0,0.0,0.0,0.0,0,0,0,0.0,0.0,0.0,0.0,0.0,0.0,0.0,0.0,0.0,0.0,0.0,0.0,0.0,0.0,0.0,0.0,0,-107875648.0,69,0.0,138,0.0,0.0,0,13107,17040,13107,17049,13107,17043,0,0,0,70,68,100,2.7302359370752657e+23,71.1,0.0,74.2,2.7302370179391762e+23,74.0,1,49,50,180,0,52429,0,0,0.0,0.0,0.0,0.0,-0.0,67.0,0.0,162057.094,0.0,750,0,739,0,0,0,721,0,766,0,736,0,742,0,741,0,712,0,7520,0.032,79456894976.0,0.0,0.0,784,16797,-0.0,162057.094,-114818.039,-0.0,0.133,6.909358625270745e+28,30.0,65.0,35,0.0,0.0,0.0,0.0,0.0,0.0,0.0,0.0,0.0,0.0,0.0,0.0,0.0,0.0,0.0,0.0,69.2,0,150,71,54,65476,0,300,0,1,8,20529,65476,0,0,40632,65.0,0.0,0.0,0.0,0.0,0.0
2026-09-04T20:43:11,ERR,ERR,ERR,ERR,ERR,ERR,ERR,ERR,ERR,ERR,ERR,ERR,ERR,ERR,ERR,ERR,ERR,ERR,ERR,ERR,ERR,ERR,ERR,ERR,ERR,ERR,ERR,ERR,ERR,ERR,ERR,ERR,ERR,ERR,ERR,ERR,ERR,ERR,ERR,ERR,ERR,ERR,ERR,ERR,ERR,ERR,ERR,ERR,ERR,ERR,ERR,ERR,ERR,ERR,ERR,ERR,ERR,ERR,ERR,ERR,ERR,ERR,ERR,ERR,ERR,ERR,ERR,ERR,ERR,ERR,ERR,ERR,ERR,ERR,ERR,ERR,ERR,ERR,ERR,ERR,ERR,ERR,ERR,ERR,ERR,ERR,ERR,ERR,ERR,ERR,ERR,ERR,ERR,ERR,ERR,ERR,ERR,ERR,ERR,ERR,ERR,ERR,ERR,ERR,ERR,ERR,ERR,ERR,ERR,ERR,ERR,ERR,ERR,ERR,ERR,ERR,ERR,ERR,ERR,ERR,ERR,ERR,ERR,ERR,ERR,0.0,0.0,0.0,0.0,0.0,1.3936040501711995e+18,7.805,0.0,0,0,4,0,7116,0.0,100,0.0,0.0,0.0,0.0,0.0,0,0,0,0,0.0,0,0,0,0,0,0,0,0,0,0,0,0,0,0,0,0,0,0,0,0,0,0,0,0,0,0,0,0,0,0,0,0,0,31,40,40,71,65476,0,300,0,0,8,21553,0.0,-107605600.0,0.0,0.0,0.0,0.0,0.0,0.0,0.0,0.0,0.0,0.0,0.0,0.0,0.0,0.0,0.0,0.0,0.0,0.0,0.0,0.0,-2.004,2.004,-0.0,-2.004,0.0,0.0,0.0,0.0,6279.0,-564148517732352.0,6939.0,0.0,0.0,2.7184303811560617e+23,0.0,0.0,0.0,0.0,0.0,69,-152018572279808.0,-4.9504212476177815e+32,0.0,0.0,0.0,0.0,0.0,0.0,0.0,0,0,0,0.0,0.0,0.0,0.0,0.0,0.0,0.0,0.0,0.0,0.0,0.0,0.0,0.0,0.0,0.0,0.0,0,-107875648.0,69,0.0,138,0.0,0.0,0,13107,17040,13107,17049,13107,17043,0,0,0,70,68,100,2.7302359370752657e+23,71.1,0.0,74.2,2.7302370179391762e+23,74.0,1,49,50,180,0,52429,0,0,0.0,0.0,0.0,0.0,-0.0,67.0,0.0,162057.094,0.0,750,0,739,0,0,0,721,0,766,0,736,0,742,0,741,0,712,0,7520,0.032,79456894976.0,0.0,0.0,784,16797,-0.0,162057.094,-114818.039,-0.0,0.133,6.909358625270745e+28,30.0,65.0,35,0.0,0.0,0.0,0.0,0.0,0.0,0.0,0.0,0.0,0.0,0.0,0.0,0.0,0.0,0.0,0.0,69.2,0,150,71,54,65476,0,300,0,1,8,20529,65476,0,0,40632,65.0,0.0,0.0,0.0,0.0,0.0
2026-09-04T20:43:12,ERR,ERR,ERR,ERR,ERR,ERR,ERR,ERR,ERR,ERR,ERR,ERR,ERR,ERR,ERR,ERR,ERR,ERR,ERR,ERR,ERR,ERR,ERR,ERR,ERR,ERR,ERR,ERR,ERR,ERR,ERR,ERR,ERR,ERR,ERR,ERR,ERR,ERR,ERR,ERR,ERR,ERR,ERR,ERR,ERR,ERR,ERR,ERR,ERR,ERR,ERR,ERR,ERR,ERR,ERR,ERR,ERR,ERR,ERR,ERR,ERR,ERR,ERR,ERR,ERR,ERR,ERR,ERR,ERR,ERR,ERR,ERR,ERR,ERR,ERR,ERR,ERR,ERR,ERR,ERR,ERR,ERR,ERR,ERR,ERR,ERR,ERR,ERR,ERR,ERR,ERR,ERR,ERR,ERR,ERR,ERR,ERR,ERR,ERR,ERR,ERR,ERR,ERR,ERR,ERR,ERR,ERR,ERR,ERR,ERR,ERR,ERR,ERR,ERR,ERR,ERR,ERR,ERR,ERR,ERR,ERR,ERR,ERR,ERR,ERR,0.0,0.0,0.0,0.0,0.0,1.3936040501711995e+18,7.805,0.0,0,0,4,0,7116,0.0,100,0.0,0.0,0.0,0.0,0.0,0,0,0,0,0.0,0,0,0,0,0,0,0,0,0,0,0,0,0,0,0,0,0,0,0,0,0,0,0,0,0,0,0,0,0,0,0,0,0,31,40,40,71,65476,0,300,0,0,8,21553,0.0,-107605600.0,0.0,0.0,0.0,0.0,0.0,0.0,0.0,0.0,0.0,0.0,0.0,0.0,0.0,0.0,0.0,0.0,0.0,0.0,0.0,0.0,-2.004,2.004,-0.0,-2.004,0.0,0.0,0.0,0.0,6279.0,-564148517732352.0,6939.0,0.0,0.0,2.7184303811560617e+23,0.0,0.0,0.0,0.0,0.0,69,-152018572279808.0,-4.9504212476177815e+32,0.0,0.0,0.0,0.0,0.0,0.0,0.0,0,0,0,0.0,0.0,0.0,0.0,0.0,0.0,0.0,0.0,0.0,0.0,0.0,0.0,0.0,0.0,0.0,0.0,0,-107875648.0,69,0.0,138,0.0,0.0,0,13107,17040,13107,17049,13107,17043,0,0,0,70,68,100,2.7302359370752657e+23,71.1,0.0,74.2,2.7302370179391762e+23,74.0,1,49,50,180,0,52429,0,0,0.0,0.0,0.0,0.0,-0.0,67.0,0.0,162057.094,0.0,750,0,739,0,0,0,721,0,766,0,736,0,742,0,742,0,712,0,7520,0.032,79456894976.0,0.0,0.0,784,16797,-0.0,162057.094,-114818.039,-0.0,0.133,6.909358625270745e+28,30.0,65.0,35,0.0,0.0,0.0,0.0,0.0,0.0,0.0,0.0,0.0,0.0,0.0,0.0,0.0,0.0,0.0,0.0,69.2,0,150,71,54,65476,0,300,0,1,8,20529,65476,0,0,40632,65.0,0.0,0.0,0.0,0.0,0.0
2026-09-04T20:43:13,ERR,ERR,ERR,ERR,ERR,ERR,ERR,ERR,ERR,ERR,ERR,ERR,ERR,ERR,ERR,ERR,ERR,ERR,ERR,ERR,ERR,ERR,ERR,ERR,ERR,ERR,ERR,ERR,ERR,ERR,ERR,ERR,ERR,ERR,ERR,ERR,ERR,ERR,ERR,ERR,ERR,ERR,ERR,ERR,ERR,ERR,ERR,ERR,ERR,ERR,ERR,ERR,ERR,ERR,ERR,ERR,ERR,ERR,ERR,ERR,ERR,ERR,ERR,ERR,ERR,ERR,ERR,ERR,ERR,ERR,ERR,ERR,ERR,ERR,ERR,ERR,ERR,ERR,ERR,ERR,ERR,ERR,ERR,ERR,ERR,ERR,ERR,ERR,ERR,ERR,ERR,ERR,ERR,ERR,ERR,ERR,ERR,ERR,ERR,ERR,ERR,ERR,ERR,ERR,ERR,ERR,ERR,ERR,ERR,ERR,ERR,ERR,ERR,ERR,ERR,ERR,ERR,ERR,ERR,ERR,ERR,ERR,ERR,ERR,ERR,0.0,0.0,0.0,0.0,0.0,1.3936040501711995e+18,7.805,0.0,0,0,4,0,7116,0.0,100,0.0,0.0,0.0,0.0,0.0,0,0,0,0,0.0,0,0,0,0,0,0,0,0,0,0,0,0,0,0,0,0,0,0,0,0,0,0,0,0,0,0,0,0,0,0,0,0,0,31,40,40,71,65476,0,300,0,0,8,21553,0.0,-107605600.0,0.0,0.0,0.0,0.0,0.0,0.0,0.0,0.0,0.0,0.0,0.0,0.0,0.0,0.0,0.0,0.0,0.0,0.0,0.0,0.0,-2.004,2.004,-0.0,-2.004,0.0,0.0,0.0,0.0,6279.0,-564148517732352.0,6939.0,0.0,0.0,2.7184303811560617e+23,0.0,0.0,0.0,0.0,0.0,69,-152018572279808.0,-4.9504212476177815e+32,0.0,0.0,0.0,0.0,0.0,0.0,0.0,0,0,0,0.0,0.0,0.0,0.0,0.0,0.0,0.0,0.0,0.0,0.0,0.0,0.0,0.0,0.0,0.0,0.0,0,-107875648.0,69,0.0,138,0.0,0.0,0,13107,17040,13107,17049,13107,17043,0,0,0,70,68,100,2.7302359370752657e+23,71.1,0.0,74.2,2.7302370179391762e+23,74.0,1,49,50,180,0,52429,0,0,0.0,0.0,0.0,0.0,-0.0,67.0,0.0,162057.094,0.0,750,0,739,0,0,0,721,0,766,0,736,0,742,0,742,0,712,0,7520,0.032,79456894976.0,0.0,0.0,784,16797,-0.0,162057.094,-114818.039,-0.0,0.133,6.909358625270745e+28,30.0,65.0,35,0.0,0.0,0.0,0.0,0.0,0.0,0.0,0.0,0.0,0.0,0.0,0.0,0.0,0.0,0.0,0.0,69.2,0,150,71,54,65476,0,300,0,1,8,20529,65476,0,0,40632,65.0,0.0,0.0,0.0,0.0,0.0
2026-09-04T20:43:14,ERR,ERR,ERR,ERR,ERR,ERR,ERR,ERR,ERR,ERR,ERR,ERR,ERR,ERR,ERR,ERR,ERR,ERR,ERR,ERR,ERR,ERR,ERR,ERR,ERR,ERR,ERR,ERR,ERR,ERR,ERR,ERR,ERR,ERR,ERR,ERR,ERR,ERR,ERR,ERR,ERR,ERR,ERR,ERR,ERR,ERR,ERR,ERR,ERR,ERR,ERR,ERR,ERR,ERR,ERR,ERR,ERR,ERR,ERR,ERR,ERR,ERR,ERR,ERR,ERR,ERR,ERR,ERR,ERR,ERR,ERR,ERR,ERR,ERR,ERR,ERR,ERR,ERR,ERR,ERR,ERR,ERR,ERR,ERR,ERR,ERR,ERR,ERR,ERR,ERR,ERR,ERR,ERR,ERR,ERR,ERR,ERR,ERR,ERR,ERR,ERR,ERR,ERR,ERR,ERR,ERR,ERR,ERR,ERR,ERR,ERR,ERR,ERR,ERR,ERR,ERR,ERR,ERR,ERR,ERR,ERR,ERR,ERR,ERR,ERR,0.0,0.0,0.0,0.0,0.0,1.3936040501711995e+18,7.805,0.0,0,0,4,0,7116,0.0,100,0.0,0.0,0.0,0.0,0.0,0,0,0,0,0.0,0,0,0,0,0,0,0,0,0,0,0,0,0,0,0,0,0,0,0,0,0,0,0,0,0,0,0,0,0,0,0,0,0,31,40,40,71,65476,0,300,0,0,8,21553,0.0,-107605600.0,0.0,0.0,0.0,0.0,0.0,0.0,0.0,0.0,0.0,0.0,0.0,0.0,0.0,0.0,0.0,0.0,0.0,0.0,0.0,0.0,-2.004,2.004,-0.0,-2.004,0.0,0.0,0.0,0.0,6279.0,-564148517732352.0,6939.0,0.0,0.0,2.7184303811560617e+23,0.0,0.0,0.0,0.0,0.0,69,-152018572279808.0,-4.9504212476177815e+32,0.0,0.0,0.0,0.0,0.0,0.0,0.0,0,0,0,0.0,0.0,0.0,0.0,0.0,0.0,0.0,0.0,0.0,0.0,0.0,0.0,0.0,0.0,0.0,0.0,0,-107875648.0,69,0.0,138,0.0,0.0,0,13107,17040,13107,17049,13107,17043,0,0,0,70,68,100,2.7302359370752657e+23,71.1,0.0,74.2,2.7302370179391762e+23,74.0,1,49,50,180,0,52429,0,0,0.0,0.0,0.0,0.0,-0.0,67.0,0.0,162057.094,0.0,750,0,739,0,0,0,721,0,766,0,736,0,742,0,742,0,712,0,7520,0.032,79456894976.0,0.0,0.0,784,16797,-0.0,162057.094,-114818.039,-0.0,0.133,6.909358625270745e+28,30.0,65.0,35,0.0,0.0,0.0,0.0,0.0,0.0,0.0,0.0,0.0,0.0,0.0,0.0,0.0,0.0,0.0,0.0,69.2,0,150,71,54,65476,0,300,0,1,8,20529,65476,0,0,40632,65.0,0.0,0.0,0.0,0.0,0.0
2026-09-04T20:43:15,ERR,ERR,ERR,ERR,ERR,ERR,ERR,ERR,ERR,ERR,ERR,ERR,ERR,ERR,ERR,ERR,ERR,ERR,ERR,ERR,ERR,ERR,ERR,ERR,ERR,ERR,ERR,ERR,ERR,ERR,ERR,ERR,ERR,ERR,ERR,ERR,ERR,ERR,ERR,ERR,ERR,ERR,ERR,ERR,ERR,ERR,ERR,ERR,ERR,ERR,ERR,ERR,ERR,ERR,ERR,ERR,ERR,ERR,ERR,ERR,ERR,ERR,ERR,ERR,ERR,ERR,ERR,ERR,ERR,ERR,ERR,ERR,ERR,ERR,ERR,ERR,ERR,ERR,ERR,ERR,ERR,ERR,ERR,ERR,ERR,ERR,ERR,ERR,ERR,ERR,ERR,ERR,ERR,ERR,ERR,ERR,ERR,ERR,ERR,ERR,ERR,ERR,ERR,ERR,ERR,ERR,ERR,ERR,ERR,ERR,ERR,ERR,ERR,ERR,ERR,ERR,ERR,ERR,ERR,ERR,ERR,ERR,ERR,ERR,ERR,0.0,0.0,0.0,0.0,0.0,1.3936040501711995e+18,7.805,0.0,0,0,4,0,7116,0.0,100,0.0,0.0,0.0,0.0,0.0,0,0,0,0,0.0,0,0,0,0,0,0,0,0,0,0,0,0,0,0,0,0,0,0,0,0,0,0,0,0,0,0,0,0,0,0,0,0,0,31,40,40,71,65476,0,300,0,0,8,21553,0.0,-107605600.0,0.0,0.0,0.0,0.0,0.0,0.0,0.0,0.0,0.0,0.0,0.0,0.0,0.0,0.0,0.0,0.0,0.0,0.0,0.0,0.0,-2.004,2.004,-0.0,-2.004,0.0,0.0,0.0,0.0,6279.0,-564148517732352.0,6939.0,0.0,0.0,2.7184303811560617e+23,0.0,0.0,0.0,0.0,0.0,69,-152018572279808.0,-4.9504212476177815e+32,0.0,0.0,0.0,0.0,0.0,0.0,0.0,0,0,0,0.0,0.0,0.0,0.0,0.0,0.0,0.0,0.0,0.0,0.0,0.0,0.0,0.0,0.0,0.0,0.0,0,-107875648.0,69,0.0,138,0.0,0.0,0,13107,17040,13107,17049,13107,17043,0,0,0,70,68,100,2.7302359370752657e+23,71.1,0.0,74.2,2.7302370179391762e+23,74.0,1,49,50,180,0,52429,0,0,0.0,0.0,0.0,0.0,-0.0,67.0,0.0,162057.094,0.0,750,0,739,0,0,0,721,0,766,0,736,0,742,0,742,0,712,0,7520,0.032,79456894976.0,0.0,0.0,784,16797,-0.0,162057.094,-114818.039,-0.0,0.133,6.909358625270745e+28,30.0,65.0,35,0.0,0.0,0.0,0.0,0.0,0.0,0.0,0.0,0.0,0.0,0.0,0.0,0.0,0.0,0.0,0.0,69.2,0,150,71,54,65476,0,300,0,1,8,20529,65476,0,0,40632,65.0,0.0,0.0,0.0,0.0,0.0
2026-09-04T20:43:16,ERR,ERR,ERR,ERR,ERR,ERR,ERR,ERR,ERR,ERR,ERR,ERR,ERR,ERR,ERR,ERR,ERR,ERR,ERR,ERR,ERR,ERR,ERR,ERR,ERR,ERR,ERR,ERR,ERR,ERR,ERR,ERR,ERR,ERR,ERR,ERR,ERR,ERR,ERR,ERR,ERR,ERR,ERR,ERR,ERR,ERR,ERR,ERR,ERR,ERR,ERR,ERR,ERR,ERR,ERR,ERR,ERR,ERR,ERR,ERR,ERR,ERR,ERR,ERR,ERR,ERR,ERR,ERR,ERR,ERR,ERR,ERR,ERR,ERR,ERR,ERR,ERR,ERR,ERR,ERR,ERR,ERR,ERR,ERR,ERR,ERR,ERR,ERR,ERR,ERR,ERR,ERR,ERR,ERR,ERR,ERR,ERR,ERR,ERR,ERR,ERR,ERR,ERR,ERR,ERR,ERR,ERR,ERR,ERR,ERR,ERR,ERR,ERR,ERR,ERR,ERR,ERR,ERR,ERR,ERR,ERR,ERR,ERR,ERR,ERR,0.0,0.0,0.0,0.0,0.0,1.3936040501711995e+18,7.805,0.0,0,0,4,0,7116,0.0,100,0.0,0.0,0.0,0.0,0.0,0,0,0,0,0.0,0,0,0,0,0,0,0,0,0,0,0,0,0,0,0,0,0,0,0,0,0,0,0,0,0,0,0,0,0,0,0,0,0,31,40,40,71,65476,0,300,0,0,8,21553,0.0,-107605600.0,0.0,0.0,0.0,0.0,0.0,0.0,0.0,0.0,0.0,0.0,0.0,0.0,0.0,0.0,0.0,0.0,0.0,0.0,0.0,0.0,-2.004,2.004,-0.0,-2.004,0.0,0.0,0.0,0.0,6279.0,-564148517732352.0,6939.0,0.0,0.0,2.7184303811560617e+23,0.0,0.0,0.0,0.0,0.0,69,-152018572279808.0,-4.9504212476177815e+32,0.0,0.0,0.0,0.0,0.0,0.0,0.0,0,0,0,0.0,0.0,0.0,0.0,0.0,0.0,0.0,0.0,0.0,0.0,0.0,0.0,0.0,0.0,0.0,0.0,0,-107875648.0,69,0.0,138,0.0,0.0,0,13107,17040,13107,17049,13107,17043,0,0,0,70,68,100,2.7302359370752657e+23,71.1,0.0,74.2,2.7302370179391762e+23,74.0,1,49,50,180,0,52429,0,0,0.0,0.0,0.0,0.0,-0.0,67.0,0.0,162057.094,0.0,750,0,739,0,0,0,721,0,766,0,736,0,742,0,742,0,712,0,7520,0.032,79456894976.0,0.0,0.0,784,16797,-0.0,162057.094,-114818.039,-0.0,0.133,6.909358625270745e+28,30.0,65.0,35,0.0,0.0,0.0,0.0,0.0,0.0,0.0,0.0,0.0,0.0,0.0,0.0,0.0,0.0,0.0,0.0,69.2,0,150,71,54,65476,0,300,0,1,8,20529,65476,0,0,40632,65.0,0.0,0.0,0.0,0.0,0.0
2026-09-04T20:43:17,ERR,ERR,ERR,ERR,ERR,ERR,ERR,ERR,ERR,ERR,ERR,ERR,ERR,ERR,ERR,ERR,ERR,ERR,ERR,ERR,ERR,ERR,ERR,ERR,ERR,ERR,ERR,ERR,ERR,ERR,ERR,ERR,ERR,ERR,ERR,ERR,ERR,ERR,ERR,ERR,ERR,ERR,ERR,ERR,ERR,ERR,ERR,ERR,ERR,ERR,ERR,ERR,ERR,ERR,ERR,ERR,ERR,ERR,ERR,ERR,ERR,ERR,ERR,ERR,ERR,ERR,ERR,ERR,ERR,ERR,ERR,ERR,ERR,ERR,ERR,ERR,ERR,ERR,ERR,ERR,ERR,ERR,ERR,ERR,ERR,ERR,ERR,ERR,ERR,ERR,ERR,ERR,ERR,ERR,ERR,ERR,ERR,ERR,ERR,ERR,ERR,ERR,ERR,ERR,ERR,ERR,ERR,ERR,ERR,ERR,ERR,ERR,ERR,ERR,ERR,ERR,ERR,ERR,ERR,ERR,ERR,ERR,ERR,ERR,ERR,0.0,0.0,0.0,0.0,0.0,1.3936040501711995e+18,7.805,0.0,0,0,4,0,7116,0.0,100,0.0,0.0,0.0,0.0,0.0,0,0,0,0,0.0,0,0,0,0,0,0,0,0,0,0,0,0,0,0,0,0,0,0,0,0,0,0,0,0,0,0,0,0,0,0,0,0,0,31,40,40,71,65476,0,300,0,0,8,21553,0.0,-107605600.0,0.0,0.0,0.0,0.0,0.0,0.0,0.0,0.0,0.0,0.0,0.0,0.0,0.0,0.0,0.0,0.0,0.0,0.0,0.0,0.0,-2.004,2.004,-0.0,-2.004,0.0,0.0,0.0,0.0,6279.0,-564148517732352.0,6939.0,0.0,0.0,2.7184303811560617e+23,0.0,0.0,0.0,0.0,0.0,69,-152018572279808.0,-4.9504212476177815e+32,0.0,0.0,0.0,0.0,0.0,0.0,0.0,0,0,0,0.0,0.0,0.0,0.0,0.0,0.0,0.0,0.0,0.0,0.0,0.0,0.0,0.0,0.0,0.0,0.0,0,-107875648.0,69,0.0,138,0.0,0.0,0,13107,17040,13107,17049,13107,17043,0,0,0,70,68,100,2.7302359370752657e+23,71.1,0.0,74.2,2.7302370179391762e+23,74.0,1,49,50,180,0,52429,0,0,0.0,0.0,0.0,0.0,-0.0,67.0,0.0,162057.094,0.0,750,0,739,0,0,0,721,0,766,0,736,0,742,0,742,0,712,0,7520,0.032,79456894976.0,0.0,0.0,784,16797,-0.0,162057.094,-114818.039,-0.0,0.133,6.909358625270745e+28,30.0,65.0,35,0.0,0.0,0.0,0.0,0.0,0.0,0.0,0.0,0.0,0.0,0.0,0.0,0.0,0.0,0.0,0.0,69.2,0,150,71,54,65476,0,300,0,1,8,20529,65476,0,0,40632,65.0,0.0,0.0,0.0,0.0,0.0
2026-09-04T20:43:18,ERR,ERR,ERR,ERR,ERR,ERR,ERR,ERR,ERR,ERR,ERR,ERR,ERR,ERR,ERR,ERR,ERR,ERR,ERR,ERR,ERR,ERR,ERR,ERR,ERR,ERR,ERR,ERR,ERR,ERR,ERR,ERR,ERR,ERR,ERR,ERR,ERR,ERR,ERR,ERR,ERR,ERR,ERR,ERR,ERR,ERR,ERR,ERR,ERR,ERR,ERR,ERR,ERR,ERR,ERR,ERR,ERR,ERR,ERR,ERR,ERR,ERR,ERR,ERR,ERR,ERR,ERR,ERR,ERR,ERR,ERR,ERR,ERR,ERR,ERR,ERR,ERR,ERR,ERR,ERR,ERR,ERR,ERR,ERR,ERR,ERR,ERR,ERR,ERR,ERR,ERR,ERR,ERR,ERR,ERR,ERR,ERR,ERR,ERR,ERR,ERR,ERR,ERR,ERR,ERR,ERR,ERR,ERR,ERR,ERR,ERR,ERR,ERR,ERR,ERR,ERR,ERR,ERR,ERR,ERR,ERR,ERR,ERR,ERR,ERR,0.0,0.0,0.0,0.0,0.0,1.3936040501711995e+18,7.805,0.0,0,0,4,0,7116,0.0,100,0.0,0.0,0.0,0.0,0.0,0,0,0,0,0.0,0,0,0,0,0,0,0,0,0,0,0,0,0,0,0,0,0,0,0,0,0,0,0,0,0,0,0,0,0,0,0,0,0,31,40,40,71,65476,0,300,0,0,8,21553,0.0,-107605600.0,0.0,0.0,0.0,0.0,0.0,0.0,0.0,0.0,0.0,0.0,0.0,0.0,0.0,0.0,0.0,0.0,0.0,0.0,0.0,0.0,-2.004,2.004,-0.0,-2.004,0.0,0.0,0.0,0.0,6275.0,1.587936908900649e+29,6926.0,0.0,0.0,2.7184303811560617e+23,0.0,0.0,0.0,0.0,0.0,69,-126841167872.0,4.066872925269804e+29,0.0,0.0,0.0,0.0,0.0,0.0,0.0,0,0,0,0.0,0.0,0.0,0.0,0.0,0.0,0.0,0.0,0.0,0.0,0.0,0.0,0.0,0.0,0.0,0.0,0,-107875648.0,69,0.0,138,0.0,0.0,0,13107,17040,13107,17049,13107,17043,0,0,0,70,68,100,2.7302359370752657e+23,71.1,0.0,74.2,2.7302370179391762e+23,74.0,1,49,50,180,0,52429,0,0,0.0,0.0,0.0,0.0,-0.0,67.0,0.0,162057.094,0.0,750,0,739,0,0,0,721,0,766,0,736,0,742,0,741,0,712,0,7520,0.032,79456894976.0,0.0,0.0,784,16797,-0.0,162057.094,-114818.039,-0.0,0.133,6.909358625270745e+28,30.0,65.0,35,0.0,0.0,0.0,0.0,0.0,0.0,0.0,0.0,0.0,0.0,0.0,0.0,0.0,0.0,0.0,0.0,69.6,0,150,71,54,65476,0,300,0,1,8,20529,65476,0,0,40632,65.0,0.0,0.0,0.0,0.0,0.0
2026-09-04T20:43:19,ERR,ERR,ERR,ERR,ERR,ERR,ERR,ERR,ERR,ERR,ERR,ERR,ERR,ERR,ERR,ERR,ERR,ERR,ERR,ERR,ERR,ERR,ERR,ERR,ERR,ERR,ERR,ERR,ERR,ERR,ERR,ERR,ERR,ERR,ERR,ERR,ERR,ERR,ERR,ERR,ERR,ERR,ERR,ERR,ERR,ERR,ERR,ERR,ERR,ERR,ERR,ERR,ERR,ERR,ERR,ERR,ERR,ERR,ERR,ERR,ERR,ERR,ERR,ERR,ERR,ERR,ERR,ERR,ERR,ERR,ERR,ERR,ERR,ERR,ERR,ERR,ERR,ERR,ERR,ERR,ERR,ERR,ERR,ERR,ERR,ERR,ERR,ERR,ERR,ERR,ERR,ERR,ERR,ERR,ERR,ERR,ERR,ERR,ERR,ERR,ERR,ERR,ERR,ERR,ERR,ERR,ERR,ERR,ERR,ERR,ERR,ERR,ERR,ERR,ERR,ERR,ERR,ERR,ERR,ERR,ERR,ERR,ERR,ERR,ERR,0.0,0.0,0.0,0.0,0.0,1.3936040501711995e+18,7.805,0.0,0,0,4,0,7116,0.0,100,0.0,0.0,0.0,0.0,0.0,0,0,0,0,0.0,0,0,0,0,0,0,0,0,0,0,0,0,0,0,0,0,0,0,0,0,0,0,0,0,0,0,0,0,0,0,0,0,0,31,40,40,71,65476,0,300,0,0,8,21553,0.0,-107605600.0,0.0,0.0,0.0,0.0,0.0,0.0,0.0,0.0,0.0,0.0,0.0,0.0,0.0,0.0,0.0,0.0,0.0,0.0,0.0,0.0,-2.004,2.004,-0.0,-2.004,0.0,0.0,0.0,0.0,6275.0,1.587936908900649e+29,6926.0,0.0,0.0,2.7184303811560617e+23,0.0,0.0,0.0,0.0,0.0,69,-126841167872.0,4.066872925269804e+29,0.0,0.0,0.0,0.0,0.0,0.0,0.0,0,0,0,0.0,0.0,0.0,0.0,0.0,0.0,0.0,0.0,0.0,0.0,0.0,0.0,0.0,0.0,0.0,0.0,0,-107875648.0,69,0.0,138,0.0,0.0,0,13107,17040,13107,17049,13107,17043,0,0,0,70,68,100,2.7302359370752657e+23,71.1,0.0,74.2,2.7302370179391762e+23,74.0,1,49,50,180,0,52429,0,0,0.0,0.0,0.0,0.0,-0.0,67.0,0.0,162057.094,0.0,750,0,739,0,0,0,721,0,766,0,736,0,742,0,741,0,712,0,7520,0.032,79456894976.0,0.0,0.0,784,16797,-0.0,162057.094,-114818.039,-0.0,0.133,6.909358625270745e+28,30.0,65.0,35,0.0,0.0,0.0,0.0,0.0,0.0,0.0,0.0,0.0,0.0,0.0,0.0,0.0,0.0,0.0,0.0,69.6,0,150,71,54,65476,0,300,0,1,8,20529,65476,0,0,40632,65.0,0.0,0.0,0.0,0.0,0.0
2026-09-04T20:43:20,ERR,ERR,ERR,ERR,ERR,ERR,ERR,ERR,ERR,ERR,ERR,ERR,ERR,ERR,ERR,ERR,ERR,ERR,ERR,ERR,ERR,ERR,ERR,ERR,ERR,ERR,ERR,ERR,ERR,ERR,ERR,ERR,ERR,ERR,ERR,ERR,ERR,ERR,ERR,ERR,ERR,ERR,ERR,ERR,ERR,ERR,ERR,ERR,ERR,ERR,ERR,ERR,ERR,ERR,ERR,ERR,ERR,ERR,ERR,ERR,ERR,ERR,ERR,ERR,ERR,ERR,ERR,ERR,ERR,ERR,ERR,ERR,ERR,ERR,ERR,ERR,ERR,ERR,ERR,ERR,ERR,ERR,ERR,ERR,ERR,ERR,ERR,ERR,ERR,ERR,ERR,ERR,ERR,ERR,ERR,ERR,ERR,ERR,ERR,ERR,ERR,ERR,ERR,ERR,ERR,ERR,ERR,ERR,ERR,ERR,ERR,ERR,ERR,ERR,ERR,ERR,ERR,ERR,ERR,ERR,ERR,ERR,ERR,ERR,ERR,0.0,0.0,0.0,0.0,0.0,1.3936040501711995e+18,7.805,0.0,0,0,4,0,7116,0.0,100,0.0,0.0,0.0,0.0,0.0,0,0,0,0,0.0,0,0,0,0,0,0,0,0,0,0,0,0,0,0,0,0,0,0,0,0,0,0,0,0,0,0,0,0,0,0,0,0,0,31,40,40,71,65476,0,300,0,0,8,21553,0.0,-107605600.0,0.0,0.0,0.0,0.0,0.0,0.0,0.0,0.0,0.0,0.0,0.0,0.0,0.0,0.0,0.0,0.0,0.0,0.0,0.0,0.0,-2.004,2.004,-0.0,-2.004,0.0,0.0,0.0,0.0,6275.0,1.587936908900649e+29,6926.0,0.0,0.0,2.7184303811560617e+23,0.0,0.0,0.0,0.0,0.0,69,-126841167872.0,4.066872925269804e+29,0.0,0.0,0.0,0.0,0.0,0.0,0.0,0,0,0,0.0,0.0,0.0,0.0,0.0,0.0,0.0,0.0,0.0,0.0,0.0,0.0,0.0,0.0,0.0,0.0,0,-107875648.0,69,0.0,138,0.0,0.0,0,13107,17040,13107,17049,13107,17043,0,0,0,70,68,100,2.7302359370752657e+23,71.1,0.0,74.2,2.7302370179391762e+23,74.0,1,49,50,180,0,52429,0,0,0.0,0.0,0.0,0.0,-0.0,67.0,0.0,162057.094,0.0,750,0,739,0,0,0,721,0,766,0,736,0,742,0,741,0,712,0,7520,0.032,79456894976.0,0.0,0.0,784,16797,-0.0,162057.094,-114818.039,-0.0,0.133,6.909358625270745e+28,30.0,65.0,35,0.0,0.0,0.0,0.0,0.0,0.0,0.0,0.0,0.0,0.0,0.0,0.0,0.0,0.0,0.0,0.0,69.6,0,150,71,54,65476,0,300,0,1,8,20529,65476,0,0,40632,65.0,0.0,0.0,0.0,0.0,0.0
2026-09-04T20:43:21,ERR,ERR,ERR,ERR,ERR,ERR,ERR,ERR,ERR,ERR,ERR,ERR,ERR,ERR,ERR,ERR,ERR,ERR,ERR,ERR,ERR,ERR,ERR,ERR,ERR,ERR,ERR,ERR,ERR,ERR,ERR,ERR,ERR,ERR,ERR,ERR,ERR,ERR,ERR,ERR,ERR,ERR,ERR,ERR,ERR,ERR,ERR,ERR,ERR,ERR,ERR,ERR,ERR,ERR,ERR,ERR,ERR,ERR,ERR,ERR,ERR,ERR,ERR,ERR,ERR,ERR,ERR,ERR,ERR,ERR,ERR,ERR,ERR,ERR,ERR,ERR,ERR,ERR,ERR,ERR,ERR,ERR,ERR,ERR,ERR,ERR,ERR,ERR,ERR,ERR,ERR,ERR,ERR,ERR,ERR,ERR,ERR,ERR,ERR,ERR,ERR,ERR,ERR,ERR,ERR,ERR,ERR,ERR,ERR,ERR,ERR,ERR,ERR,ERR,ERR,ERR,ERR,ERR,ERR,ERR,ERR,ERR,ERR,ERR,ERR,0.0,0.0,0.0,0.0,0.0,1.3936040501711995e+18,7.805,0.0,0,0,4,0,7116,0.0,100,0.0,0.0,0.0,0.0,0.0,0,0,0,0,0.0,0,0,0,0,0,0,0,0,0,0,0,0,0,0,0,0,0,0,0,0,0,0,0,0,0,0,0,0,0,0,0,0,0,31,40,40,71,65476,0,300,0,0,8,21553,0.0,-107605600.0,0.0,0.0,0.0,0.0,0.0,0.0,0.0,0.0,0.0,0.0,0.0,0.0,0.0,0.0,0.0,0.0,0.0,0.0,0.0,0.0,-2.004,2.004,-0.0,-2.004,0.0,0.0,0.0,0.0,6275.0,1.587936908900649e+29,6926.0,0.0,0.0,2.7184303811560617e+23,0.0,0.0,0.0,0.0,0.0,69,-126841167872.0,4.066872925269804e+29,0.0,0.0,0.0,0.0,0.0,0.0,0.0,0,0,0,0.0,0.0,0.0,0.0,0.0,0.0,0.0,0.0,0.0,0.0,0.0,0.0,0.0,0.0,0.0,0.0,0,-107875648.0,69,0.0,138,0.0,0.0,0,13107,17040,13107,17049,13107,17043,0,0,0,70,68,100,2.7302359370752657e+23,71.1,0.0,74.2,2.7302370179391762e+23,74.0,1,49,50,180,0,52429,0,0,0.0,0.0,0.0,0.0,-0.0,67.0,0.0,162057.094,0.0,750,0,739,0,0,0,721,0,766,0,736,0,742,0,741,0,712,0,7520,0.032,79456894976.0,0.0,0.0,784,16797,-0.0,162057.094,-114818.039,-0.0,0.133,6.909358625270745e+28,30.0,65.0,35,0.0,0.0,0.0,0.0,0.0,0.0,0.0,0.0,0.0,0.0,0.0,0.0,0.0,0.0,0.0,0.0,69.6,0,150,71,54,65476,0,300,0,1,8,20529,65476,0,0,40632,65.0,0.0,0.0,0.0,0.0,0.0
2026-09-04T20:43:22,ERR,ERR,ERR,ERR,ERR,ERR,ERR,ERR,ERR,ERR,ERR,ERR,ERR,ERR,ERR,ERR,ERR,ERR,ERR,ERR,ERR,ERR,ERR,ERR,ERR,ERR,ERR,ERR,ERR,ERR,ERR,ERR,ERR,ERR,ERR,ERR,ERR,ERR,ERR,ERR,ERR,ERR,ERR,ERR,ERR,ERR,ERR,ERR,ERR,ERR,ERR,ERR,ERR,ERR,ERR,ERR,ERR,ERR,ERR,ERR,ERR,ERR,ERR,ERR,ERR,ERR,ERR,ERR,ERR,ERR,ERR,ERR,ERR,ERR,ERR,ERR,ERR,ERR,ERR,ERR,ERR,ERR,ERR,ERR,ERR,ERR,ERR,ERR,ERR,ERR,ERR,ERR,ERR,ERR,ERR,ERR,ERR,ERR,ERR,ERR,ERR,ERR,ERR,ERR,ERR,ERR,ERR,ERR,ERR,ERR,ERR,ERR,ERR,ERR,ERR,ERR,ERR,ERR,ERR,ERR,ERR,ERR,ERR,ERR,ERR,0.0,0.0,0.0,0.0,0.0,1.3936040501711995e+18,7.805,0.0,0,0,4,0,7116,0.0,100,0.0,0.0,0.0,0.0,0.0,0,0,0,0,0.0,0,0,0,0,0,0,0,0,0,0,0,0,0,0,0,0,0,0,0,0,0,0,0,0,0,0,0,0,0,0,0,0,0,31,40,40,71,65476,0,300,0,0,8,21553,0.0,-107605600.0,0.0,0.0,0.0,0.0,0.0,0.0,0.0,0.0,0.0,0.0,0.0,0.0,0.0,0.0,0.0,0.0,0.0,0.0,0.0,0.0,-2.004,2.004,-0.0,-2.004,0.0,0.0,0.0,0.0,6275.0,1.587936908900649e+29,6926.0,0.0,0.0,2.7184303811560617e+23,0.0,0.0,0.0,0.0,0.0,69,-126841167872.0,4.066872925269804e+29,0.0,0.0,0.0,0.0,0.0,0.0,0.0,0,0,0,0.0,0.0,0.0,0.0,0.0,0.0,0.0,0.0,0.0,0.0,0.0,0.0,0.0,0.0,0.0,0.0,0,-107875648.0,69,0.0,138,0.0,0.0,0,13107,17040,13107,17049,13107,17043,0,0,0,70,68,100,2.7302359370752657e+23,71.1,0.0,74.2,2.7302370179391762e+23,74.0,1,49,50,180,0,52429,0,0,0.0,0.0,0.0,0.0,-0.0,67.0,0.0,162057.094,0.0,750,0,739,0,0,0,721,0,766,0,736,0,742,0,741,0,712,0,7520,0.032,79456894976.0,0.0,0.0,784,16797,-0.0,162057.094,-114818.039,-0.0,0.133,6.909358625270745e+28,30.0,65.0,35,0.0,0.0,0.0,0.0,0.0,0.0,0.0,0.0,0.0,0.0,0.0,0.0,0.0,0.0,0.0,0.0,69.2,0,150,71,54,65476,0,300,0,1,8,20529,65476,0,0,40632,65.0,0.0,0.0,0.0,0.0,0.0
2026-09-04T20:43:23,ERR,ERR,ERR,ERR,ERR,ERR,ERR,ERR,ERR,ERR,ERR,ERR,ERR,ERR,ERR,ERR,ERR,ERR,ERR,ERR,ERR,ERR,ERR,ERR,ERR,ERR,ERR,ERR,ERR,ERR,ERR,ERR,ERR,ERR,ERR,ERR,ERR,ERR,ERR,ERR,ERR,ERR,ERR,ERR,ERR,ERR,ERR,ERR,ERR,ERR,ERR,ERR,ERR,ERR,ERR,ERR,ERR,ERR,ERR,ERR,ERR,ERR,ERR,ERR,ERR,ERR,ERR,ERR,ERR,ERR,ERR,ERR,ERR,ERR,ERR,ERR,ERR,ERR,ERR,ERR,ERR,ERR,ERR,ERR,ERR,ERR,ERR,ERR,ERR,ERR,ERR,ERR,ERR,ERR,ERR,ERR,ERR,ERR,ERR,ERR,ERR,ERR,ERR,ERR,ERR,ERR,ERR,ERR,ERR,ERR,ERR,ERR,ERR,ERR,ERR,ERR,ERR,ERR,ERR,ERR,ERR,ERR,ERR,ERR,ERR,0.0,0.0,0.0,0.0,0.0,1.3936040501711995e+18,7.805,0.0,0,0,4,0,7116,0.0,100,0.0,0.0,0.0,0.0,0.0,0,0,0,0,0.0,0,0,0,0,0,0,0,0,0,0,0,0,0,0,0,0,0,0,0,0,0,0,0,0,0,0,0,0,0,0,0,0,0,31,40,40,71,65476,0,300,0,0,8,21553,0.0,-107605600.0,0.0,0.0,0.0,0.0,0.0,0.0,0.0,0.0,0.0,0.0,0.0,0.0,0.0,0.0,0.0,0.0,0.0,0.0,0.0,0.0,-2.004,2.004,-0.0,-2.004,0.0,0.0,0.0,0.0,6275.0,1.587936908900649e+29,6926.0,0.0,0.0,2.7184303811560617e+23,0.0,0.0,0.0,0.0,0.0,69,-126841167872.0,4.066872925269804e+29,0.0,0.0,0.0,0.0,0.0,0.0,0.0,0,0,0,0.0,0.0,0.0,0.0,0.0,0.0,0.0,0.0,0.0,0.0,0.0,0.0,0.0,0.0,0.0,0.0,0,-107875648.0,69,0.0,138,0.0,0.0,0,13107,17040,13107,17049,13107,17043,0,0,0,70,68,100,2.7302359370752657e+23,71.1,0.0,74.2,2.7302370179391762e+23,74.0,1,49,50,180,0,52429,0,0,0.0,0.0,0.0,0.0,-0.0,67.0,0.0,162057.094,0.0,750,0,739,0,0,0,721,0,766,0,736,0,742,0,741,0,712,0,7520,0.032,79456894976.0,0.0,0.0,784,16797,-0.0,162057.094,-114818.039,-0.0,0.133,6.909358625270745e+28,30.0,65.0,35,0.0,0.0,0.0,0.0,0.0,0.0,0.0,0.0,0.0,0.0,0.0,0.0,0.0,0.0,0.0,0.0,69.2,0,150,71,54,65476,0,300,0,1,8,20529,65476,0,0,40632,65.0,0.0,0.0,0.0,0.0,0.0
2026-09-04T20:43:24,ERR,ERR,ERR,ERR,ERR,ERR,ERR,ERR,ERR,ERR,ERR,ERR,ERR,ERR,ERR,ERR,ERR,ERR,ERR,ERR,ERR,ERR,ERR,ERR,ERR,ERR,ERR,ERR,ERR,ERR,ERR,ERR,ERR,ERR,ERR,ERR,ERR,ERR,ERR,ERR,ERR,ERR,ERR,ERR,ERR,ERR,ERR,ERR,ERR,ERR,ERR,ERR,ERR,ERR,ERR,ERR,ERR,ERR,ERR,ERR,ERR,ERR,ERR,ERR,ERR,ERR,ERR,ERR,ERR,ERR,ERR,ERR,ERR,ERR,ERR,ERR,ERR,ERR,ERR,ERR,ERR,ERR,ERR,ERR,ERR,ERR,ERR,ERR,ERR,ERR,ERR,ERR,ERR,ERR,ERR,ERR,ERR,ERR,ERR,ERR,ERR,ERR,ERR,ERR,ERR,ERR,ERR,ERR,ERR,ERR,ERR,ERR,ERR,ERR,ERR,ERR,ERR,ERR,ERR,ERR,ERR,ERR,ERR,ERR,ERR,0.0,0.0,0.0,0.0,0.0,1.3936040501711995e+18,7.805,0.0,0,0,4,0,7116,0.0,100,0.0,0.0,0.0,0.0,0.0,0,0,0,0,0.0,0,0,0,0,0,0,0,0,0,0,0,0,0,0,0,0,0,0,0,0,0,0,0,0,0,0,0,0,0,0,0,0,0,31,40,40,71,65476,0,300,0,0,8,21553,0.0,-107605600.0,0.0,0.0,0.0,0.0,0.0,0.0,0.0,0.0,0.0,0.0,0.0,0.0,0.0,0.0,0.0,0.0,0.0,0.0,0.0,0.0,-2.004,2.004,-0.0,-2.004,0.0,0.0,0.0,0.0,6277.0,-2.422999433747328e+24,6912.0,0.0,0.0,2.7184303811560617e+23,0.0,0.0,0.0,0.0,0.0,69,-2.7184312818759872e+23,0.0,0.0,0.0,0.0,0.0,0.0,0.0,0.0,0,0,0,0.0,0.0,0.0,0.0,0.0,0.0,0.0,0.0,0.0,0.0,0.0,0.0,0.0,0.0,0.0,0.0,0,-107875648.0,69,0.0,138,0.0,0.0,0,13107,17040,13107,17049,13107,17043,0,0,0,70,68,100,2.7302359370752657e+23,71.1,0.0,74.2,2.7302370179391762e+23,74.0,1,49,50,180,0,52429,0,0,0.0,0.0,0.0,0.0,-0.0,67.0,0.0,162057.094,0.0,750,0,739,0,0,0,721,0,766,0,736,0,742,0,741,0,712,0,7520,0.032,79456894976.0,0.0,0.0,784,16797,-0.0,162057.094,-114818.039,-0.0,0.133,6.909358625270745e+28,30.0,65.0,35,0.0,0.0,0.0,0.0,0.0,0.0,0.0,0.0,0.0,0.0,0.0,0.0,0.0,0.0,0.0,0.0,69.2,0,150,71,54,65476,0,300,0,1,8,20529,65476,0,0,40632,65.0,0.0,0.0,0.0,0.0,0.0
2026-09-04T20:43:25,ERR,ERR,ERR,ERR,ERR,ERR,ERR,ERR,ERR,ERR,ERR,ERR,ERR,ERR,ERR,ERR,ERR,ERR,ERR,ERR,ERR,ERR,ERR,ERR,ERR,ERR,ERR,ERR,ERR,ERR,ERR,ERR,ERR,ERR,ERR,ERR,ERR,ERR,ERR,ERR,ERR,ERR,ERR,ERR,ERR,ERR,ERR,ERR,ERR,ERR,ERR,ERR,ERR,ERR,ERR,ERR,ERR,ERR,ERR,ERR,ERR,ERR,ERR,ERR,ERR,ERR,ERR,ERR,ERR,ERR,ERR,ERR,ERR,ERR,ERR,ERR,ERR,ERR,ERR,ERR,ERR,ERR,ERR,ERR,ERR,ERR,ERR,ERR,ERR,ERR,ERR,ERR,ERR,ERR,ERR,ERR,ERR,ERR,ERR,ERR,ERR,ERR,ERR,ERR,ERR,ERR,ERR,ERR,ERR,ERR,ERR,ERR,ERR,ERR,ERR,ERR,ERR,ERR,ERR,ERR,ERR,ERR,ERR,ERR,ERR,0.0,0.0,0.0,0.0,0.0,1.3936040501711995e+18,7.805,0.0,0,0,4,0,7116,0.0,100,0.0,0.0,0.0,0.0,0.0,0,0,0,0,0.0,0,0,0,0,0,0,0,0,0,0,0,0,0,0,0,0,0,0,0,0,0,0,0,0,0,0,0,0,0,0,0,0,0,31,40,40,71,65476,0,300,0,0,8,21553,0.0,-107605600.0,0.0,0.0,0.0,0.0,0.0,0.0,0.0,0.0,0.0,0.0,0.0,0.0,0.0,0.0,0.0,0.0,0.0,0.0,0.0,0.0,-2.004,2.004,-0.0,-2.004,0.0,0.0,0.0,0.0,6277.0,-2.422999433747328e+24,6912.0,0.0,0.0,2.7184303811560617e+23,0.0,0.0,0.0,0.0,0.0,69,-2.7184312818759872e+23,0.0,0.0,0.0,0.0,0.0,0.0,0.0,0.0,0,0,0,0.0,0.0,0.0,0.0,0.0,0.0,0.0,0.0,0.0,0.0,0.0,0.0,0.0,0.0,0.0,0.0,0,-107875648.0,69,0.0,138,0.0,0.0,0,13107,17040,13107,17049,13107,17043,0,0,0,70,68,100,2.7302359370752657e+23,71.1,0.0,74.2,2.7302370179391762e+23,74.0,1,49,50,180,0,52429,0,0,0.0,0.0,0.0,0.0,-0.0,67.0,0.0,162057.094,0.0,750,0,739,0,0,0,721,0,766,0,736,0,742,0,741,0,712,0,7520,0.032,79456894976.0,0.0,0.0,784,16797,-0.0,162057.094,-114818.039,-0.0,0.133,6.909358625270745e+28,30.0,65.0,35,0.0,0.0,0.0,0.0,0.0,0.0,0.0,0.0,0.0,0.0,0.0,0.0,0.0,0.0,0.0,0.0,69.6,0,150,71,54,65476,0,300,0,1,8,20529,65476,0,0,40632,65.0,0.0,0.0,0.0,0.0,0.0
2026-09-04T20:43:26,ERR,ERR,ERR,ERR,ERR,ERR,ERR,ERR,ERR,ERR,ERR,ERR,ERR,ERR,ERR,ERR,ERR,ERR,ERR,ERR,ERR,ERR,ERR,ERR,ERR,ERR,ERR,ERR,ERR,ERR,ERR,ERR,ERR,ERR,ERR,ERR,ERR,ERR,ERR,ERR,ERR,ERR,ERR,ERR,ERR,ERR,ERR,ERR,ERR,ERR,ERR,ERR,ERR,ERR,ERR,ERR,ERR,ERR,ERR,ERR,ERR,ERR,ERR,ERR,ERR,ERR,ERR,ERR,ERR,ERR,ERR,ERR,ERR,ERR,ERR,ERR,ERR,ERR,ERR,ERR,ERR,ERR,ERR,ERR,ERR,ERR,ERR,ERR,ERR,ERR,ERR,ERR,ERR,ERR,ERR,ERR,ERR,ERR,ERR,ERR,ERR,ERR,ERR,ERR,ERR,ERR,ERR,ERR,ERR,ERR,ERR,ERR,ERR,ERR,ERR,ERR,ERR,ERR,ERR,ERR,ERR,ERR,ERR,ERR,ERR,0.0,0.0,0.0,0.0,0.0,1.3936040501711995e+18,7.805,0.0,0,0,4,0,7116,0.0,100,0.0,0.0,0.0,0.0,0.0,0,0,0,0,0.0,0,0,0,0,0,0,0,0,0,0,0,0,0,0,0,0,0,0,0,0,0,0,0,0,0,0,0,0,0,0,0,0,0,31,40,40,71,65476,0,300,0,0,8,21553,0.0,-107605600.0,0.0,0.0,0.0,0.0,0.0,0.0,0.0,0.0,0.0,0.0,0.0,0.0,0.0,0.0,0.0,0.0,0.0,0.0,0.0,0.0,-2.004,2.004,-0.0,-2.004,0.0,0.0,0.0,0.0,6277.0,-2.422999433747328e+24,6912.0,0.0,0.0,2.7184303811560617e+23,0.0,0.0,0.0,0.0,0.0,69,-2.7184312818759872e+23,0.0,0.0,0.0,0.0,0.0,0.0,0.0,0.0,0,0,0,0.0,0.0,0.0,0.0,0.0,0.0,0.0,0.0,0.0,0.0,0.0,0.0,0.0,0.0,0.0,0.0,0,-107875648.0,69,0.0,138,0.0,0.0,0,13107,17040,13107,17049,13107,17043,0,0,0,70,68,100,2.7302359370752657e+23,71.1,0.0,74.2,2.7302370179391762e+23,74.0,1,49,50,180,0,52429,0,0,0.0,0.0,0.0,0.0,-0.0,67.0,0.0,162057.094,0.0,750,0,739,0,0,0,721,0,766,0,736,0,742,0,741,0,712,0,7520,0.032,79456894976.0,0.0,0.0,784,16797,-0.0,162057.094,-114818.039,-0.0,0.133,6.909358625270745e+28,30.0,65.0,35,0.0,0.0,0.0,0.0,0.0,0.0,0.0,0.0,0.0,0.0,0.0,0.0,0.0,0.0,0.0,0.0,69.6,0,150,71,54,65476,0,300,0,1,8,20529,65476,0,0,40632,65.0,0.0,0.0,0.0,0.0,0.0
2026-09-04T20:43:27,ERR,ERR,ERR,ERR,ERR,ERR,ERR,ERR,ERR,ERR,ERR,ERR,ERR,ERR,ERR,ERR,ERR,ERR,ERR,ERR,ERR,ERR,ERR,ERR,ERR,ERR,ERR,ERR,ERR,ERR,ERR,ERR,ERR,ERR,ERR,ERR,ERR,ERR,ERR,ERR,ERR,ERR,ERR,ERR,ERR,ERR,ERR,ERR,ERR,ERR,ERR,ERR,ERR,ERR,ERR,ERR,ERR,ERR,ERR,ERR,ERR,ERR,ERR,ERR,ERR,ERR,ERR,ERR,ERR,ERR,ERR,ERR,ERR,ERR,ERR,ERR,ERR,ERR,ERR,ERR,ERR,ERR,ERR,ERR,ERR,ERR,ERR,ERR,ERR,ERR,ERR,ERR,ERR,ERR,ERR,ERR,ERR,ERR,ERR,ERR,ERR,ERR,ERR,ERR,ERR,ERR,ERR,ERR,ERR,ERR,ERR,ERR,ERR,ERR,ERR,ERR,ERR,ERR,ERR,ERR,ERR,ERR,ERR,ERR,ERR,0.0,0.0,0.0,0.0,0.0,1.3936040501711995e+18,7.805,0.0,0,0,4,0,7116,0.0,100,0.0,0.0,0.0,0.0,0.0,0,0,0,0,0.0,0,0,0,0,0,0,0,0,0,0,0,0,0,0,0,0,0,0,0,0,0,0,0,0,0,0,0,0,0,0,0,0,0,31,40,40,71,65476,0,300,0,0,8,21553,0.0,-107605600.0,0.0,0.0,0.0,0.0,0.0,0.0,0.0,0.0,0.0,0.0,0.0,0.0,0.0,0.0,0.0,0.0,0.0,0.0,0.0,0.0,-2.004,2.004,-0.0,-2.004,0.0,0.0,0.0,0.0,6277.0,-2.422999433747328e+24,6912.0,0.0,0.0,2.7184303811560617e+23,0.0,0.0,0.0,0.0,0.0,69,-2.7184312818759872e+23,0.0,0.0,0.0,0.0,0.0,0.0,0.0,0.0,0,0,0,0.0,0.0,0.0,0.0,0.0,0.0,0.0,0.0,0.0,0.0,0.0,0.0,0.0,0.0,0.0,0.0,0,-107875648.0,69,0.0,138,0.0,0.0,0,13107,17040,13107,17049,13107,17043,0,0,0,70,68,100,2.7302359370752657e+23,71.1,0.0,74.2,2.7302370179391762e+23,74.0,1,49,50,180,0,52429,0,0,0.0,0.0,0.0,0.0,-0.0,67.0,0.0,162057.094,0.0,750,0,739,0,0,0,721,0,766,0,736,0,742,0,741,0,712,0,7520,0.032,79456894976.0,0.0,0.0,784,16797,-0.0,162057.094,-114818.039,-0.0,0.133,6.909358625270745e+28,30.0,65.0,35,0.0,0.0,0.0,0.0,0.0,0.0,0.0,0.0,0.0,0.0,0.0,0.0,0.0,0.0,0.0,0.0,69.6,0,150,71,54,65476,0,300,0,1,8,20529,65476,0,0,40632,65.0,0.0,0.0,0.0,0.0,0.0
2026-09-04T20:43:28,ERR,ERR,ERR,ERR,ERR,ERR,ERR,ERR,ERR,ERR,ERR,ERR,ERR,ERR,ERR,ERR,ERR,ERR,ERR,ERR,ERR,ERR,ERR,ERR,ERR,ERR,ERR,ERR,ERR,ERR,ERR,ERR,ERR,ERR,ERR,ERR,ERR,ERR,ERR,ERR,ERR,ERR,ERR,ERR,ERR,ERR,ERR,ERR,ERR,ERR,ERR,ERR,ERR,ERR,ERR,ERR,ERR,ERR,ERR,ERR,ERR,ERR,ERR,ERR,ERR,ERR,ERR,ERR,ERR,ERR,ERR,ERR,ERR,ERR,ERR,ERR,ERR,ERR,ERR,ERR,ERR,ERR,ERR,ERR,ERR,ERR,ERR,ERR,ERR,ERR,ERR,ERR,ERR,ERR,ERR,ERR,ERR,ERR,ERR,ERR,ERR,ERR,ERR,ERR,ERR,ERR,ERR,ERR,ERR,ERR,ERR,ERR,ERR,ERR,ERR,ERR,ERR,ERR,ERR,ERR,ERR,ERR,ERR,ERR,ERR,0.0,0.0,0.0,0.0,0.0,1.3936040501711995e+18,7.805,0.0,0,0,4,0,7116,0.0,100,0.0,0.0,0.0,0.0,0.0,0,0,0,0,0.0,0,0,0,0,0,0,0,0,0,0,0,0,0,0,0,0,0,0,0,0,0,0,0,0,0,0,0,0,0,0,0,0,0,31,40,40,71,65476,0,300,0,0,8,21553,0.0,-107605600.0,0.0,0.0,0.0,0.0,0.0,0.0,0.0,0.0,0.0,0.0,0.0,0.0,0.0,0.0,0.0,0.0,0.0,0.0,0.0,0.0,-2.004,2.004,-0.0,-2.004,0.0,0.0,0.0,0.0,6277.0,-2.422999433747328e+24,6912.0,0.0,0.0,2.7184303811560617e+23,0.0,0.0,0.0,0.0,0.0,69,-2.7184312818759872e+23,0.0,0.0,0.0,0.0,0.0,0.0,0.0,0.0,0,0,0,0.0,0.0,0.0,0.0,0.0,0.0,0.0,0.0,0.0,0.0,0.0,0.0,0.0,0.0,0.0,0.0,0,-107875648.0,69,0.0,138,0.0,0.0,0,13107,17040,13107,17049,13107,17043,0,0,0,70,68,100,2.7302359370752657e+23,71.1,0.0,74.2,2.7302370179391762e+23,74.0,1,49,50,180,0,52429,0,0,0.0,0.0,0.0,0.0,-0.0,67.0,0.0,162057.094,0.0,750,0,739,0,0,0,721,0,766,0,736,0,742,0,741,0,712,0,7520,0.032,79456894976.0,0.0,0.0,784,16797,-0.0,162057.094,-114818.039,-0.0,0.133,6.909358625270745e+28,30.0,65.0,35,0.0,0.0,0.0,0.0,0.0,0.0,0.0,0.0,0.0,0.0,0.0,0.0,0.0,0.0,0.0,0.0,69.6,0,150,71,54,65476,0,300,0,1,8,20529,65476,0,0,40632,65.0,0.0,0.0,0.0,0.0,0.0
2026-09-04T20:43:29,ERR,ERR,ERR,ERR,ERR,ERR,ERR,ERR,ERR,ERR,ERR,ERR,ERR,ERR,ERR,ERR,ERR,ERR,ERR,ERR,ERR,ERR,ERR,ERR,ERR,ERR,ERR,ERR,ERR,ERR,ERR,ERR,ERR,ERR,ERR,ERR,ERR,ERR,ERR,ERR,ERR,ERR,ERR,ERR,ERR,ERR,ERR,ERR,ERR,ERR,ERR,ERR,ERR,ERR,ERR,ERR,ERR,ERR,ERR,ERR,ERR,ERR,ERR,ERR,ERR,ERR,ERR,ERR,ERR,ERR,ERR,ERR,ERR,ERR,ERR,ERR,ERR,ERR,ERR,ERR,ERR,ERR,ERR,ERR,ERR,ERR,ERR,ERR,ERR,ERR,ERR,ERR,ERR,ERR,ERR,ERR,ERR,ERR,ERR,ERR,ERR,ERR,ERR,ERR,ERR,ERR,ERR,ERR,ERR,ERR,ERR,ERR,ERR,ERR,ERR,ERR,ERR,ERR,ERR,ERR,ERR,ERR,ERR,ERR,ERR,0.0,0.0,0.0,0.0,0.0,1.3936040501711995e+18,7.805,0.0,0,0,4,0,7116,0.0,100,0.0,0.0,0.0,0.0,0.0,0,0,0,0,0.0,0,0,0,0,0,0,0,0,0,0,0,0,0,0,0,0,0,0,0,0,0,0,0,0,0,0,0,0,0,0,0,0,0,31,40,40,71,65476,0,300,0,0,8,21553,0.0,-107605600.0,0.0,0.0,0.0,0.0,0.0,0.0,0.0,0.0,0.0,0.0,0.0,0.0,0.0,0.0,0.0,0.0,0.0,0.0,0.0,0.0,-2.004,2.004,-0.0,-2.004,0.0,0.0,0.0,0.0,6277.0,-2.422999433747328e+24,6912.0,0.0,0.0,2.7184303811560617e+23,0.0,0.0,0.0,0.0,0.0,69,-2.7184312818759872e+23,0.0,0.0,0.0,0.0,0.0,0.0,0.0,0.0,0,0,0,0.0,0.0,0.0,0.0,0.0,0.0,0.0,0.0,0.0,0.0,0.0,0.0,0.0,0.0,0.0,0.0,0,-107875648.0,69,0.0,138,0.0,0.0,0,13107,17040,13107,17049,13107,17043,0,0,0,70,68,100,2.7302359370752657e+23,71.1,0.0,74.2,2.7302370179391762e+23,74.0,1,49,50,180,0,52429,0,0,0.0,0.0,0.0,0.0,-0.0,67.0,0.0,162057.094,0.0,750,0,739,0,0,0,721,0,766,0,736,0,742,0,741,0,712,0,7520,0.032,79456894976.0,0.0,0.0,784,16797,-0.0,162057.094,-114818.039,-0.0,0.133,6.909358625270745e+28,30.0,65.0,35,0.0,0.0,0.0,0.0,0.0,0.0,0.0,0.0,0.0,0.0,0.0,0.0,0.0,0.0,0.0,0.0,69.6,0,150,71,54,65476,0,300,0,1,8,20529,65476,0,0,40632,65.0,0.0,0.0,0.0,0.0,0.0
2026-09-04T20:43:30,ERR,ERR,ERR,ERR,ERR,ERR,ERR,ERR,ERR,ERR,ERR,ERR,ERR,ERR,ERR,ERR,ERR,ERR,ERR,ERR,ERR,ERR,ERR,ERR,ERR,ERR,ERR,ERR,ERR,ERR,ERR,ERR,ERR,ERR,ERR,ERR,ERR,ERR,ERR,ERR,ERR,ERR,ERR,ERR,ERR,ERR,ERR,ERR,ERR,ERR,ERR,ERR,ERR,ERR,ERR,ERR,ERR,ERR,ERR,ERR,ERR,ERR,ERR,ERR,ERR,ERR,ERR,ERR,ERR,ERR,ERR,ERR,ERR,ERR,ERR,ERR,ERR,ERR,ERR,ERR,ERR,ERR,ERR,ERR,ERR,ERR,ERR,ERR,ERR,ERR,ERR,ERR,ERR,ERR,ERR,ERR,ERR,ERR,ERR,ERR,ERR,ERR,ERR,ERR,ERR,ERR,ERR,ERR,ERR,ERR,ERR,ERR,ERR,ERR,ERR,ERR,ERR,ERR,ERR,ERR,ERR,ERR,ERR,ERR,ERR,0.0,0.0,0.0,0.0,0.0,1.3936040501711995e+18,7.805,0.0,0,0,4,0,7116,0.0,100,0.0,0.0,0.0,0.0,0.0,0,0,0,0,0.0,0,0,0,0,0,0,0,0,0,0,0,0,0,0,0,0,0,0,0,0,0,0,0,0,0,0,0,0,0,0,0,0,0,31,40,40,71,65476,0,300,0,0,8,21553,0.0,-107605600.0,0.0,0.0,0.0,0.0,0.0,0.0,0.0,0.0,0.0,0.0,0.0,0.0,0.0,0.0,0.0,0.0,0.0,0.0,0.0,0.0,-2.004,2.004,-0.0,-2.004,0.0,0.0,0.0,0.0,6308.0,564148584841216.0,6923.0,0.0,0.0,2.7184303811560617e+23,0.0,0.0,0.0,0.0,0.0,69,-107615400.0,-0.0,0.0,0.0,0.0,0.0,0.0,0.0,0.0,0,0,0,0.0,0.0,0.0,0.0,0.0,0.0,0.0,0.0,0.0,0.0,0.0,0.0,0.0,0.0,0.0,0.0,0,-107875648.0,69,0.0,138,0.0,0.0,0,13107,17040,13107,17049,13107,17043,0,0,0,70,68,100,2.7302359370752657e+23,71.1,0.0,74.2,2.7302370179391762e+23,74.0,1,49,50,180,0,52429,0,0,0.0,0.0,0.0,0.0,-0.0,67.0,0.0,162057.094,0.0,750,0,739,0,0,0,721,0,766,0,736,0,742,0,741,0,712,0,7520,0.032,79456894976.0,0.0,0.0,784,16797,-0.0,162057.094,-114818.039,-0.0,0.133,6.909358625270745e+28,30.0,65.0,35,0.0,0.0,0.0,0.0,0.0,0.0,0.0,0.0,0.0,0.0,0.0,0.0,0.0,0.0,0.0,0.0,69.6,0,150,71,54,65476,0,300,0,1,8,20529,65476,0,0,40632,65.0,0.0,0.0,0.0,0.0,0.0
2026-09-04T20:43:31,ERR,ERR,ERR,ERR,ERR,ERR,ERR,ERR,ERR,ERR,ERR,ERR,ERR,ERR,ERR,ERR,ERR,ERR,ERR,ERR,ERR,ERR,ERR,ERR,ERR,ERR,ERR,ERR,ERR,ERR,ERR,ERR,ERR,ERR,ERR,ERR,ERR,ERR,ERR,ERR,ERR,ERR,ERR,ERR,ERR,ERR,ERR,ERR,ERR,ERR,ERR,ERR,ERR,ERR,ERR,ERR,ERR,ERR,ERR,ERR,ERR,ERR,ERR,ERR,ERR,ERR,ERR,ERR,ERR,ERR,ERR,ERR,ERR,ERR,ERR,ERR,ERR,ERR,ERR,ERR,ERR,ERR,ERR,ERR,ERR,ERR,ERR,ERR,ERR,ERR,ERR,ERR,ERR,ERR,ERR,ERR,ERR,ERR,ERR,ERR,ERR,ERR,ERR,ERR,ERR,ERR,ERR,ERR,ERR,ERR,ERR,ERR,ERR,ERR,ERR,ERR,ERR,ERR,ERR,ERR,ERR,ERR,ERR,ERR,ERR,0.0,0.0,0.0,0.0,0.0,1.3936040501711995e+18,7.805,0.0,0,0,4,0,7116,0.0,100,0.0,0.0,0.0,0.0,0.0,0,0,0,0,0.0,0,0,0,0,0,0,0,0,0,0,0,0,0,0,0,0,0,0,0,0,0,0,0,0,0,0,0,0,0,0,0,0,0,31,40,40,71,65476,0,300,0,0,8,21553,0.0,-107605600.0,0.0,0.0,0.0,0.0,0.0,0.0,0.0,0.0,0.0,0.0,0.0,0.0,0.0,0.0,0.0,0.0,0.0,0.0,0.0,0.0,-2.004,2.004,-0.0,-2.004,0.0,0.0,0.0,0.0,6308.0,564148584841216.0,6923.0,0.0,0.0,2.7184303811560617e+23,0.0,0.0,0.0,0.0,0.0,69,-107615400.0,-0.0,0.0,0.0,0.0,0.0,0.0,0.0,0.0,0,0,0,0.0,0.0,0.0,0.0,0.0,0.0,0.0,0.0,0.0,0.0,0.0,0.0,0.0,0.0,0.0,0.0,0,-107875648.0,69,0.0,138,0.0,0.0,0,13107,17040,13107,17049,13107,17043,0,0,0,70,68,100,2.7302359370752657e+23,71.1,0.0,74.2,2.7302370179391762e+23,74.0,1,49,50,180,0,52429,0,0,0.0,0.0,0.0,0.0,-0.0,67.0,0.0,162057.094,0.0,750,0,739,0,0,0,721,0,766,0,736,0,742,0,741,0,712,0,7520,0.032,79456894976.0,0.0,0.0,784,16797,-0.0,162057.094,-114818.039,-0.0,0.133,6.909358625270745e+28,30.0,65.0,35,0.0,0.0,0.0,0.0,0.0,0.0,0.0,0.0,0.0,0.0,0.0,0.0,0.0,0.0,0.0,0.0,69.2,0,150,71,54,65476,0,300,0,1,8,20529,65476,0,0,40632,65.0,0.0,0.0,0.0,0.0,0.0
2026-09-04T20:43:32,ERR,ERR,ERR,ERR,ERR,ERR,ERR,ERR,ERR,ERR,ERR,ERR,ERR,ERR,ERR,ERR,ERR,ERR,ERR,ERR,ERR,ERR,ERR,ERR,ERR,ERR,ERR,ERR,ERR,ERR,ERR,ERR,ERR,ERR,ERR,ERR,ERR,ERR,ERR,ERR,ERR,ERR,ERR,ERR,ERR,ERR,ERR,ERR,ERR,ERR,ERR,ERR,ERR,ERR,ERR,ERR,ERR,ERR,ERR,ERR,ERR,ERR,ERR,ERR,ERR,ERR,ERR,ERR,ERR,ERR,ERR,ERR,ERR,ERR,ERR,ERR,ERR,ERR,ERR,ERR,ERR,ERR,ERR,ERR,ERR,ERR,ERR,ERR,ERR,ERR,ERR,ERR,ERR,ERR,ERR,ERR,ERR,ERR,ERR,ERR,ERR,ERR,ERR,ERR,ERR,ERR,ERR,ERR,ERR,ERR,ERR,ERR,ERR,ERR,ERR,ERR,ERR,ERR,ERR,ERR,ERR,ERR,ERR,ERR,ERR,0.0,0.0,0.0,0.0,0.0,1.3936040501711995e+18,7.805,0.0,0,0,4,0,7116,0.0,100,0.0,0.0,0.0,0.0,0.0,0,0,0,0,0.0,0,0,0,0,0,0,0,0,0,0,0,0,0,0,0,0,0,0,0,0,0,0,0,0,0,0,0,0,0,0,0,0,0,31,40,40,71,65476,0,300,0,0,8,21553,0.0,-107605600.0,0.0,0.0,0.0,0.0,0.0,0.0,0.0,0.0,0.0,0.0,0.0,0.0,0.0,0.0,0.0,0.0,0.0,0.0,0.0,0.0,-2.004,2.004,-0.0,-2.004,0.0,0.0,0.0,0.0,6308.0,564148584841216.0,6923.0,0.0,0.0,2.7184303811560617e+23,0.0,0.0,0.0,0.0,0.0,69,-107615400.0,-0.0,0.0,0.0,0.0,0.0,0.0,0.0,0.0,0,0,0,0.0,0.0,0.0,0.0,0.0,0.0,0.0,0.0,0.0,0.0,0.0,0.0,0.0,0.0,0.0,0.0,0,-107875648.0,69,0.0,138,0.0,0.0,0,13107,17040,13107,17049,13107,17043,0,0,0,70,68,100,2.7302359370752657e+23,71.1,0.0,74.2,2.7302370179391762e+23,74.0,1,49,50,180,0,52429,0,0,0.0,0.0,0.0,0.0,-0.0,67.0,0.0,162057.094,0.0,750,0,739,0,0,0,721,0,766,0,736,0,742,0,741,0,712,0,7520,0.032,79456894976.0,0.0,0.0,784,16797,-0.0,162057.094,-114818.039,-0.0,0.133,6.909358625270745e+28,30.0,65.0,35,0.0,0.0,0.0,0.0,0.0,0.0,0.0,0.0,0.0,0.0,0.0,0.0,0.0,0.0,0.0,0.0,69.2,0,150,71,54,65476,0,300,0,1,8,20529,65476,0,0,40632,65.0,0.0,0.0,0.0,0.0,0.0
2026-09-04T20:43:33,ERR,ERR,ERR,ERR,ERR,ERR,ERR,ERR,ERR,ERR,ERR,ERR,ERR,ERR,ERR,ERR,ERR,ERR,ERR,ERR,ERR,ERR,ERR,ERR,ERR,ERR,ERR,ERR,ERR,ERR,ERR,ERR,ERR,ERR,ERR,ERR,ERR,ERR,ERR,ERR,ERR,ERR,ERR,ERR,ERR,ERR,ERR,ERR,ERR,ERR,ERR,ERR,ERR,ERR,ERR,ERR,ERR,ERR,ERR,ERR,ERR,ERR,ERR,ERR,ERR,ERR,ERR,ERR,ERR,ERR,ERR,ERR,ERR,ERR,ERR,ERR,ERR,ERR,ERR,ERR,ERR,ERR,ERR,ERR,ERR,ERR,ERR,ERR,ERR,ERR,ERR,ERR,ERR,ERR,ERR,ERR,ERR,ERR,ERR,ERR,ERR,ERR,ERR,ERR,ERR,ERR,ERR,ERR,ERR,ERR,ERR,ERR,ERR,ERR,ERR,ERR,ERR,ERR,ERR,ERR,ERR,ERR,ERR,ERR,ERR,0.0,0.0,0.0,0.0,0.0,1.3936040501711995e+18,7.805,0.0,0,0,4,0,7116,0.0,100,0.0,0.0,0.0,0.0,0.0,0,0,0,0,0.0,0,0,0,0,0,0,0,0,0,0,0,0,0,0,0,0,0,0,0,0,0,0,0,0,0,0,0,0,0,0,0,0,0,31,40,40,71,65476,0,300,0,0,8,21553,0.0,-107605600.0,0.0,0.0,0.0,0.0,0.0,0.0,0.0,0.0,0.0,0.0,0.0,0.0,0.0,0.0,0.0,0.0,0.0,0.0,0.0,0.0,-2.004,2.004,-0.0,-2.004,0.0,0.0,0.0,0.0,6308.0,564148584841216.0,6923.0,0.0,0.0,2.7184303811560617e+23,0.0,0.0,0.0,0.0,0.0,69,-107615400.0,-0.0,0.0,0.0,0.0,0.0,0.0,0.0,0.0,0,0,0,0.0,0.0,0.0,0.0,0.0,0.0,0.0,0.0,0.0,0.0,0.0,0.0,0.0,0.0,0.0,0.0,0,-107875648.0,69,0.0,138,0.0,0.0,0,13107,17040,13107,17049,13107,17043,0,0,0,70,68,100,2.7302359370752657e+23,71.1,0.0,74.2,2.7302370179391762e+23,74.0,1,49,50,180,0,52429,0,0,0.0,0.0,0.0,0.0,-0.0,67.0,0.0,162057.094,0.0,750,0,739,0,0,0,721,0,766,0,736,0,742,0,741,0,712,0,7520,0.032,79456894976.0,0.0,0.0,784,16797,-0.0,162057.094,-114818.039,-0.0,0.133,6.909358625270745e+28,30.0,65.0,35,0.0,0.0,0.0,0.0,0.0,0.0,0.0,0.0,0.0,0.0,0.0,0.0,0.0,0.0,0.0,0.0,69.2,0,150,71,54,65476,0,300,0,1,8,20529,65476,0,0,40632,65.0,0.0,0.0,0.0,0.0,0.0
2026-09-04T20:43:34,ERR,ERR,ERR,ERR,ERR,ERR,ERR,ERR,ERR,ERR,ERR,ERR,ERR,ERR,ERR,ERR,ERR,ERR,ERR,ERR,ERR,ERR,ERR,ERR,ERR,ERR,ERR,ERR,ERR,ERR,ERR,ERR,ERR,ERR,ERR,ERR,ERR,ERR,ERR,ERR,ERR,ERR,ERR,ERR,ERR,ERR,ERR,ERR,ERR,ERR,ERR,ERR,ERR,ERR,ERR,ERR,ERR,ERR,ERR,ERR,ERR,ERR,ERR,ERR,ERR,ERR,ERR,ERR,ERR,ERR,ERR,ERR,ERR,ERR,ERR,ERR,ERR,ERR,ERR,ERR,ERR,ERR,ERR,ERR,ERR,ERR,ERR,ERR,ERR,ERR,ERR,ERR,ERR,ERR,ERR,ERR,ERR,ERR,ERR,ERR,ERR,ERR,ERR,ERR,ERR,ERR,ERR,ERR,ERR,ERR,ERR,ERR,ERR,ERR,ERR,ERR,ERR,ERR,ERR,ERR,ERR,ERR,ERR,ERR,ERR,0.0,0.0,0.0,0.0,0.0,1.3936040501711995e+18,7.805,0.0,0,0,4,0,7116,0.0,100,0.0,0.0,0.0,0.0,0.0,0,0,0,0,0.0,0,0,0,0,0,0,0,0,0,0,0,0,0,0,0,0,0,0,0,0,0,0,0,0,0,0,0,0,0,0,0,0,0,31,40,40,71,65476,0,300,0,0,8,21553,0.0,-107605600.0,0.0,0.0,0.0,0.0,0.0,0.0,0.0,0.0,0.0,0.0,0.0,0.0,0.0,0.0,0.0,0.0,0.0,0.0,0.0,0.0,-2.004,2.004,-0.0,-2.004,0.0,0.0,0.0,0.0,6308.0,564148584841216.0,6923.0,0.0,0.0,2.7184303811560617e+23,0.0,0.0,0.0,0.0,0.0,69,-107615400.0,-0.0,0.0,0.0,0.0,0.0,0.0,0.0,0.0,0,0,0,0.0,0.0,0.0,0.0,0.0,0.0,0.0,0.0,0.0,0.0,0.0,0.0,0.0,0.0,0.0,0.0,0,-107875648.0,69,0.0,138,0.0,0.0,0,13107,17040,13107,17049,13107,17043,0,0,0,70,68,100,2.7302359370752657e+23,71.1,0.0,74.2,2.7302370179391762e+23,74.0,1,49,50,180,0,52429,0,0,0.0,0.0,0.0,0.0,-0.0,67.0,0.0,162057.094,0.0,750,0,739,0,0,0,721,0,766,0,736,0,742,0,741,0,712,0,7520,0.032,79456894976.0,0.0,0.0,784,16797,-0.0,162057.094,-114818.039,-0.0,0.133,6.909358625270745e+28,30.0,65.0,35,0.0,0.0,0.0,0.0,0.0,0.0,0.0,0.0,0.0,0.0,0.0,0.0,0.0,0.0,0.0,0.0,69.2,0,150,71,54,65476,0,300,0,1,8,20529,65476,0,0,40632,65.0,0.0,0.0,0.0,0.0,0.0
2026-09-04T20:43:35,ERR,ERR,ERR,ERR,ERR,ERR,ERR,ERR,ERR,ERR,ERR,ERR,ERR,ERR,ERR,ERR,ERR,ERR,ERR,ERR,ERR,ERR,ERR,ERR,ERR,ERR,ERR,ERR,ERR,ERR,ERR,ERR,ERR,ERR,ERR,ERR,ERR,ERR,ERR,ERR,ERR,ERR,ERR,ERR,ERR,ERR,ERR,ERR,ERR,ERR,ERR,ERR,ERR,ERR,ERR,ERR,ERR,ERR,ERR,ERR,ERR,ERR,ERR,ERR,ERR,ERR,ERR,ERR,ERR,ERR,ERR,ERR,ERR,ERR,ERR,ERR,ERR,ERR,ERR,ERR,ERR,ERR,ERR,ERR,ERR,ERR,ERR,ERR,ERR,ERR,ERR,ERR,ERR,ERR,ERR,ERR,ERR,ERR,ERR,ERR,ERR,ERR,ERR,ERR,ERR,ERR,ERR,ERR,ERR,ERR,ERR,ERR,ERR,ERR,ERR,ERR,ERR,ERR,ERR,ERR,ERR,ERR,ERR,ERR,ERR,0.0,0.0,0.0,0.0,0.0,1.3936040501711995e+18,7.805,0.0,0,0,4,0,7116,0.0,100,0.0,0.0,0.0,0.0,0.0,0,0,0,0,0.0,0,0,0,0,0,0,0,0,0,0,0,0,0,0,0,0,0,0,0,0,0,0,0,0,0,0,0,0,0,0,0,0,0,31,40,40,71,65476,0,300,0,0,8,21553,0.0,-107605600.0,0.0,0.0,0.0,0.0,0.0,0.0,0.0,0.0,0.0,0.0,0.0,0.0,0.0,0.0,0.0,0.0,0.0,0.0,0.0,0.0,-2.004,2.004,-0.0,-2.004,0.0,0.0,0.0,0.0,6308.0,564148584841216.0,6923.0,0.0,0.0,2.7184303811560617e+23,0.0,0.0,0.0,0.0,0.0,69,-107615400.0,-0.0,0.0,0.0,0.0,0.0,0.0,0.0,0.0,0,0,0,0.0,0.0,0.0,0.0,0.0,0.0,0.0,0.0,0.0,0.0,0.0,0.0,0.0,0.0,0.0,0.0,0,-107875648.0,69,0.0,138,0.0,0.0,0,13107,17040,13107,17049,13107,17043,0,0,0,70,68,100,2.7302359370752657e+23,71.1,0.0,74.2,2.7302370179391762e+23,74.0,1,49,50,180,0,52429,0,0,0.0,0.0,0.0,0.0,-0.0,67.0,0.0,162057.094,0.0,750,0,739,0,0,0,721,0,766,0,736,0,742,0,741,0,712,0,7520,0.032,79456894976.0,0.0,0.0,784,16797,-0.0,162057.094,-114818.039,-0.0,0.133,6.909358625270745e+28,30.0,65.0,35,0.0,0.0,0.0,0.0,0.0,0.0,0.0,0.0,0.0,0.0,0.0,0.0,0.0,0.0,0.0,0.0,69.2,0,150,71,54,65476,0,300,0,1,8,20529,65476,0,0,40632,65.0,0.0,0.0,0.0,0.0,0.0
2026-09-04T20:43:36,ERR,ERR,ERR,ERR,ERR,ERR,ERR,ERR,ERR,ERR,ERR,ERR,ERR,ERR,ERR,ERR,ERR,ERR,ERR,ERR,ERR,ERR,ERR,ERR,ERR,ERR,ERR,ERR,ERR,ERR,ERR,ERR,ERR,ERR,ERR,ERR,ERR,ERR,ERR,ERR,ERR,ERR,ERR,ERR,ERR,ERR,ERR,ERR,ERR,ERR,ERR,ERR,ERR,ERR,ERR,ERR,ERR,ERR,ERR,ERR,ERR,ERR,ERR,ERR,ERR,ERR,ERR,ERR,ERR,ERR,ERR,ERR,ERR,ERR,ERR,ERR,ERR,ERR,ERR,ERR,ERR,ERR,ERR,ERR,ERR,ERR,ERR,ERR,ERR,ERR,ERR,ERR,ERR,ERR,ERR,ERR,ERR,ERR,ERR,ERR,ERR,ERR,ERR,ERR,ERR,ERR,ERR,ERR,ERR,ERR,ERR,ERR,ERR,ERR,ERR,ERR,ERR,ERR,ERR,ERR,ERR,ERR,ERR,ERR,ERR,0.0,0.0,0.0,0.0,0.0,1.3936040501711995e+18,7.805,0.0,0,0,4,0,7116,0.0,100,0.0,0.0,0.0,0.0,0.0,0,0,0,0,0.0,0,0,0,0,0,0,0,0,0,0,0,0,0,0,0,0,0,0,0,0,0,0,0,0,0,0,0,0,0,0,0,0,0,31,40,40,71,65476,0,300,0,0,8,21553,0.0,-107605600.0,0.0,0.0,0.0,0.0,0.0,0.0,0.0,0.0,0.0,0.0,0.0,0.0,0.0,0.0,0.0,0.0,0.0,0.0,0.0,0.0,-2.004,2.004,-0.0,-2.004,0.0,0.0,0.0,0.0,6308.0,564148584841216.0,6923.0,0.0,0.0,2.7184303811560617e+23,0.0,0.0,0.0,0.0,0.0,69,-107615400.0,-0.0,0.0,0.0,0.0,0.0,0.0,0.0,0.0,0,0,0,0.0,0.0,0.0,0.0,0.0,0.0,0.0,0.0,0.0,0.0,0.0,0.0,0.0,0.0,0.0,0.0,0,-107875648.0,69,0.0,138,0.0,0.0,0,13107,17040,13107,17049,13107,17043,0,0,0,70,68,100,2.7302359370752657e+23,71.1,0.0,74.2,2.7302370179391762e+23,74.0,1,49,50,180,0,52429,0,0,0.0,0.0,0.0,0.0,-0.0,67.0,0.0,162057.094,0.0,750,0,739,0,0,0,721,0,766,0,736,0,742,0,741,0,712,0,7520,0.032,79456894976.0,0.0,0.0,784,16797,-0.0,162057.094,-114818.039,-0.0,0.133,6.909358625270745e+28,30.0,65.0,35,0.0,0.0,0.0,0.0,0.0,0.0,0.0,0.0,0.0,0.0,0.0,0.0,0.0,0.0,0.0,0.0,69.2,0,150,71,54,65476,0,300,0,1,8,20529,65476,0,0,40632,65.0,0.0,0.0,0.0,0.0,0.0
2026-09-04T20:43:37,ERR,ERR,ERR,ERR,ERR,ERR,ERR,ERR,ERR,ERR,ERR,ERR,ERR,ERR,ERR,ERR,ERR,ERR,ERR,ERR,ERR,ERR,ERR,ERR,ERR,ERR,ERR,ERR,ERR,ERR,ERR,ERR,ERR,ERR,ERR,ERR,ERR,ERR,ERR,ERR,ERR,ERR,ERR,ERR,ERR,ERR,ERR,ERR,ERR,ERR,ERR,ERR,ERR,ERR,ERR,ERR,ERR,ERR,ERR,ERR,ERR,ERR,ERR,ERR,ERR,ERR,ERR,ERR,ERR,ERR,ERR,ERR,ERR,ERR,ERR,ERR,ERR,ERR,ERR,ERR,ERR,ERR,ERR,ERR,ERR,ERR,ERR,ERR,ERR,ERR,ERR,ERR,ERR,ERR,ERR,ERR,ERR,ERR,ERR,ERR,ERR,ERR,ERR,ERR,ERR,ERR,ERR,ERR,ERR,ERR,ERR,ERR,ERR,ERR,ERR,ERR,ERR,ERR,ERR,ERR,ERR,ERR,ERR,ERR,ERR,0.0,0.0,0.0,0.0,0.0,1.3936040501711995e+18,7.805,0.0,0,0,4,0,7116,0.0,100,0.0,0.0,0.0,0.0,0.0,0,0,0,0,0.0,0,0,0,0,0,0,0,0,0,0,0,0,0,0,0,0,0,0,0,0,0,0,0,0,0,0,0,0,0,0,0,0,0,31,40,40,71,65476,0,300,0,0,8,21553,0.0,-107605600.0,0.0,0.0,0.0,0.0,0.0,0.0,0.0,0.0,0.0,0.0,0.0,0.0,0.0,0.0,0.0,0.0,0.0,0.0,0.0,0.0,-2.004,2.004,-0.0,-2.004,0.0,0.0,0.0,0.0,6308.0,564148584841216.0,6923.0,0.0,0.0,2.7184303811560617e+23,0.0,0.0,0.0,0.0,0.0,69,-107615400.0,-0.0,0.0,0.0,0.0,0.0,0.0,0.0,0.0,0,0,0,0.0,0.0,0.0,0.0,0.0,0.0,0.0,0.0,0.0,0.0,0.0,0.0,0.0,0.0,0.0,0.0,0,-107875648.0,69,0.0,138,0.0,0.0,0,13107,17040,13107,17049,13107,17043,0,0,0,70,68,100,2.7302359370752657e+23,71.1,0.0,74.2,2.7302370179391762e+23,74.0,1,49,50,180,0,52429,0,0,0.0,0.0,0.0,0.0,-0.0,67.0,0.0,162057.094,0.0,750,0,739,0,0,0,721,0,766,0,736,0,742,0,741,0,712,0,7520,0.032,79456894976.0,0.0,0.0,784,16797,-0.0,162057.094,-114818.039,-0.0,0.133,6.909358625270745e+28,30.0,65.0,35,0.0,0.0,0.0,0.0,0.0,0.0,0.0,0.0,0.0,0.0,0.0,0.0,0.0,0.0,0.0,0.0,69.2,0,150,71,54,65476,0,300,0,1,8,20529,65476,0,0,40632,65.0,0.0,0.0,0.0,0.0,0.0
2026-09-04T20:43:38,ERR,ERR,ERR,ERR,ERR,ERR,ERR,ERR,ERR,ERR,ERR,ERR,ERR,ERR,ERR,ERR,ERR,ERR,ERR,ERR,ERR,ERR,ERR,ERR,ERR,ERR,ERR,ERR,ERR,ERR,ERR,ERR,ERR,ERR,ERR,ERR,ERR,ERR,ERR,ERR,ERR,ERR,ERR,ERR,ERR,ERR,ERR,ERR,ERR,ERR,ERR,ERR,ERR,ERR,ERR,ERR,ERR,ERR,ERR,ERR,ERR,ERR,ERR,ERR,ERR,ERR,ERR,ERR,ERR,ERR,ERR,ERR,ERR,ERR,ERR,ERR,ERR,ERR,ERR,ERR,ERR,ERR,ERR,ERR,ERR,ERR,ERR,ERR,ERR,ERR,ERR,ERR,ERR,ERR,ERR,ERR,ERR,ERR,ERR,ERR,ERR,ERR,ERR,ERR,ERR,ERR,ERR,ERR,ERR,ERR,ERR,ERR,ERR,ERR,ERR,ERR,ERR,ERR,ERR,ERR,ERR,ERR,ERR,ERR,ERR,0.0,0.0,0.0,0.0,0.0,1.3936040501711995e+18,7.805,0.0,0,0,4,0,7116,0.0,100,0.0,0.0,0.0,0.0,0.0,0,0,0,0,0.0,0,0,0,0,0,0,0,0,0,0,0,0,0,0,0,0,0,0,0,0,0,0,0,0,0,0,0,0,0,0,0,0,0,31,40,40,71,65476,0,300,0,0,8,21553,0.0,-107605600.0,0.0,0.0,0.0,0.0,0.0,0.0,0.0,0.0,0.0,0.0,0.0,0.0,0.0,0.0,0.0,0.0,0.0,0.0,0.0,0.0,-2.004,2.004,-0.0,-2.004,0.0,0.0,0.0,0.0,6305.0,-131351.078,6937.0,0.0,0.0,2.7184303811560617e+23,0.0,0.0,0.0,0.0,0.0,69,-0.059,126840971264.0,0.0,0.0,0.0,0.0,0.0,0.0,0.0,0,0,0,0.0,0.0,0.0,0.0,0.0,0.0,0.0,0.0,0.0,0.0,0.0,0.0,0.0,0.0,0.0,0.0,0,-107875648.0,69,0.0,138,0.0,0.0,0,13107,17040,13107,17049,13107,17043,0,0,0,70,68,100,2.7302359370752657e+23,71.1,0.0,74.2,2.7302370179391762e+23,74.0,1,49,50,180,0,52429,0,0,0.0,0.0,0.0,0.0,-0.0,67.0,0.0,162057.094,0.0,750,0,739,0,0,0,721,0,766,0,736,0,742,0,741,0,712,0,7520,0.032,79456894976.0,0.0,0.0,784,16797,-0.0,162057.094,-114818.039,-0.0,0.133,6.909358625270745e+28,30.0,65.0,35,0.0,0.0,0.0,0.0,0.0,0.0,0.0,0.0,0.0,0.0,0.0,0.0,0.0,0.0,0.0,0.0,69.2,0,150,71,54,65476,0,300,0,1,8,20529,65476,0,0,40632,65.0,0.0,0.0,0.0,0.0,0.0
2026-09-04T20:43:39,ERR,ERR,ERR,ERR,ERR,ERR,ERR,ERR,ERR,ERR,ERR,ERR,ERR,ERR,ERR,ERR,ERR,ERR,ERR,ERR,ERR,ERR,ERR,ERR,ERR,ERR,ERR,ERR,ERR,ERR,ERR,ERR,ERR,ERR,ERR,ERR,ERR,ERR,ERR,ERR,ERR,ERR,ERR,ERR,ERR,ERR,ERR,ERR,ERR,ERR,ERR,ERR,ERR,ERR,ERR,ERR,ERR,ERR,ERR,ERR,ERR,ERR,ERR,ERR,ERR,ERR,ERR,ERR,ERR,ERR,ERR,ERR,ERR,ERR,ERR,ERR,ERR,ERR,ERR,ERR,ERR,ERR,ERR,ERR,ERR,ERR,ERR,ERR,ERR,ERR,ERR,ERR,ERR,ERR,ERR,ERR,ERR,ERR,ERR,ERR,ERR,ERR,ERR,ERR,ERR,ERR,ERR,ERR,ERR,ERR,ERR,ERR,ERR,ERR,ERR,ERR,ERR,ERR,ERR,ERR,ERR,ERR,ERR,ERR,ERR,0.0,0.0,0.0,0.0,0.0,1.3936040501711995e+18,7.805,0.0,0,0,4,0,7116,0.0,100,0.0,0.0,0.0,0.0,0.0,0,0,0,0,0.0,0,0,0,0,0,0,0,0,0,0,0,0,0,0,0,0,0,0,0,0,0,0,0,0,0,0,0,0,0,0,0,0,0,31,40,40,71,65476,0,300,0,0,8,21553,0.0,-107605600.0,0.0,0.0,0.0,0.0,0.0,0.0,0.0,0.0,0.0,0.0,0.0,0.0,0.0,0.0,0.0,0.0,0.0,0.0,0.0,0.0,-2.004,2.004,-0.0,-2.004,0.0,0.0,0.0,0.0,6305.0,-131351.078,6937.0,0.0,0.0,2.7184303811560617e+23,0.0,0.0,0.0,0.0,0.0,69,-0.059,126840971264.0,0.0,0.0,0.0,0.0,0.0,0.0,0.0,0,0,0,0.0,0.0,0.0,0.0,0.0,0.0,0.0,0.0,0.0,0.0,0.0,0.0,0.0,0.0,0.0,0.0,0,-107875648.0,69,0.0,138,0.0,0.0,0,13107,17040,13107,17049,13107,17043,0,0,0,70,68,100,2.7302359370752657e+23,71.1,0.0,74.2,2.7302370179391762e+23,74.0,1,49,50,180,0,52429,0,0,0.0,0.0,0.0,0.0,-0.0,67.0,0.0,162057.094,0.0,750,0,739,0,0,0,721,0,766,0,736,0,742,0,741,0,712,0,7520,0.032,79456894976.0,0.0,0.0,784,16797,-0.0,162057.094,-114818.039,-0.0,0.133,6.909358625270745e+28,30.0,65.0,35,0.0,0.0,0.0,0.0,0.0,0.0,0.0,0.0,0.0,0.0,0.0,0.0,0.0,0.0,0.0,0.0,69.2,0,150,71,54,65476,0,300,0,1,8,20529,65476,0,0,40632,65.0,0.0,0.0,0.0,0.0,0.0
2026-09-04T20:43:40,ERR,ERR,ERR,ERR,ERR,ERR,ERR,ERR,ERR,ERR,ERR,ERR,ERR,ERR,ERR,ERR,ERR,ERR,ERR,ERR,ERR,ERR,ERR,ERR,ERR,ERR,ERR,ERR,ERR,ERR,ERR,ERR,ERR,ERR,ERR,ERR,ERR,ERR,ERR,ERR,ERR,ERR,ERR,ERR,ERR,ERR,ERR,ERR,ERR,ERR,ERR,ERR,ERR,ERR,ERR,ERR,ERR,ERR,ERR,ERR,ERR,ERR,ERR,ERR,ERR,ERR,ERR,ERR,ERR,ERR,ERR,ERR,ERR,ERR,ERR,ERR,ERR,ERR,ERR,ERR,ERR,ERR,ERR,ERR,ERR,ERR,ERR,ERR,ERR,ERR,ERR,ERR,ERR,ERR,ERR,ERR,ERR,ERR,ERR,ERR,ERR,ERR,ERR,ERR,ERR,ERR,ERR,ERR,ERR,ERR,ERR,ERR,ERR,ERR,ERR,ERR,ERR,ERR,ERR,ERR,ERR,ERR,ERR,ERR,ERR,0.0,0.0,0.0,0.0,0.0,1.3936040501711995e+18,7.805,0.0,0,0,4,0,7116,0.0,100,0.0,0.0,0.0,0.0,0.0,0,0,0,0,0.0,0,0,0,0,0,0,0,0,0,0,0,0,0,0,0,0,0,0,0,0,0,0,0,0,0,0,0,0,0,0,0,0,0,31,40,40,71,65476,0,300,0,0,8,21553,0.0,-107605600.0,0.0,0.0,0.0,0.0,0.0,0.0,0.0,0.0,0.0,0.0,0.0,0.0,0.0,0.0,0.0,0.0,0.0,0.0,0.0,0.0,-2.004,2.004,-0.0,-2.004,0.0,0.0,0.0,0.0,6305.0,-131351.078,6937.0,0.0,0.0,2.7184303811560617e+23,0.0,0.0,0.0,0.0,0.0,69,-0.059,126840971264.0,0.0,0.0,0.0,0.0,0.0,0.0,0.0,0,0,0,0.0,0.0,0.0,0.0,0.0,0.0,0.0,0.0,0.0,0.0,0.0,0.0,0.0,0.0,0.0,0.0,0,-107875648.0,69,0.0,138,0.0,0.0,0,13107,17040,13107,17049,13107,17043,0,0,0,70,68,100,2.7302359370752657e+23,71.1,0.0,74.2,2.7302370179391762e+23,74.0,1,49,50,180,0,52429,0,0,0.0,0.0,0.0,0.0,-0.0,67.0,0.0,162057.094,0.0,750,0,739,0,0,0,721,0,766,0,736,0,742,0,741,0,712,0,7520,0.032,79456894976.0,0.0,0.0,784,16797,-0.0,162057.094,-114818.039,-0.0,0.133,6.909358625270745e+28,30.0,65.0,35,0.0,0.0,0.0,0.0,0.0,0.0,0.0,0.0,0.0,0.0,0.0,0.0,0.0,0.0,0.0,0.0,69.2,0,150,71,54,65476,0,300,0,1,8,20529,65476,0,0,40632,65.0,0.0,0.0,0.0,0.0,0.0
2026-09-04T20:43:41,ERR,ERR,ERR,ERR,ERR,ERR,ERR,ERR,ERR,ERR,ERR,ERR,ERR,ERR,ERR,ERR,ERR,ERR,ERR,ERR,ERR,ERR,ERR,ERR,ERR,ERR,ERR,ERR,ERR,ERR,ERR,ERR,ERR,ERR,ERR,ERR,ERR,ERR,ERR,ERR,ERR,ERR,ERR,ERR,ERR,ERR,ERR,ERR,ERR,ERR,ERR,ERR,ERR,ERR,ERR,ERR,ERR,ERR,ERR,ERR,ERR,ERR,ERR,ERR,ERR,ERR,ERR,ERR,ERR,ERR,ERR,ERR,ERR,ERR,ERR,ERR,ERR,ERR,ERR,ERR,ERR,ERR,ERR,ERR,ERR,ERR,ERR,ERR,ERR,ERR,ERR,ERR,ERR,ERR,ERR,ERR,ERR,ERR,ERR,ERR,ERR,ERR,ERR,ERR,ERR,ERR,ERR,ERR,ERR,ERR,ERR,ERR,ERR,ERR,ERR,ERR,ERR,ERR,ERR,ERR,ERR,ERR,ERR,ERR,ERR,0.0,0.0,0.0,0.0,0.0,1.3936040501711995e+18,7.805,0.0,0,0,4,0,7116,0.0,100,0.0,0.0,0.0,0.0,0.0,0,0,0,0,0.0,0,0,0,0,0,0,0,0,0,0,0,0,0,0,0,0,0,0,0,0,0,0,0,0,0,0,0,0,0,0,0,0,0,31,40,40,71,65476,0,300,0,0,8,21553,0.0,-107605600.0,0.0,0.0,0.0,0.0,0.0,0.0,0.0,0.0,0.0,0.0,0.0,0.0,0.0,0.0,0.0,0.0,0.0,0.0,0.0,0.0,-2.004,2.004,-0.0,-2.004,0.0,0.0,0.0,0.0,6305.0,-131351.078,6937.0,0.0,0.0,2.7184303811560617e+23,0.0,0.0,0.0,0.0,0.0,69,-0.059,126840971264.0,0.0,0.0,0.0,0.0,0.0,0.0,0.0,0,0,0,0.0,0.0,0.0,0.0,0.0,0.0,0.0,0.0,0.0,0.0,0.0,0.0,0.0,0.0,0.0,0.0,0,-107875648.0,69,0.0,138,0.0,0.0,0,13107,17040,13107,17049,13107,17043,0,0,0,70,68,100,2.7302359370752657e+23,71.1,0.0,74.2,2.7302370179391762e+23,74.0,1,49,50,180,0,52429,0,0,0.0,0.0,0.0,0.0,-0.0,67.0,0.0,162057.094,0.0,750,0,739,0,0,0,721,0,766,0,736,0,742,0,741,0,712,0,7520,0.032,79456894976.0,0.0,0.0,784,16797,-0.0,162057.094,-114818.039,-0.0,0.133,6.909358625270745e+28,30.0,65.0,35,0.0,0.0,0.0,0.0,0.0,0.0,0.0,0.0,0.0,0.0,0.0,0.0,0.0,0.0,0.0,0.0,69.6,0,150,71,54,65476,0,300,0,1,8,20529,65476,0,0,40632,65.0,0.0,0.0,0.0,0.0,0.0
2026-09-04T20:43:42,ERR,ERR,ERR,ERR,ERR,ERR,ERR,ERR,ERR,ERR,ERR,ERR,ERR,ERR,ERR,ERR,ERR,ERR,ERR,ERR,ERR,ERR,ERR,ERR,ERR,ERR,ERR,ERR,ERR,ERR,ERR,ERR,ERR,ERR,ERR,ERR,ERR,ERR,ERR,ERR,ERR,ERR,ERR,ERR,ERR,ERR,ERR,ERR,ERR,ERR,ERR,ERR,ERR,ERR,ERR,ERR,ERR,ERR,ERR,ERR,ERR,ERR,ERR,ERR,ERR,ERR,ERR,ERR,ERR,ERR,ERR,ERR,ERR,ERR,ERR,ERR,ERR,ERR,ERR,ERR,ERR,ERR,ERR,ERR,ERR,ERR,ERR,ERR,ERR,ERR,ERR,ERR,ERR,ERR,ERR,ERR,ERR,ERR,ERR,ERR,ERR,ERR,ERR,ERR,ERR,ERR,ERR,ERR,ERR,ERR,ERR,ERR,ERR,ERR,ERR,ERR,ERR,ERR,ERR,ERR,ERR,ERR,ERR,ERR,ERR,0.0,0.0,0.0,0.0,0.0,1.3936040501711995e+18,7.805,0.0,0,0,4,0,7116,0.0,100,0.0,0.0,0.0,0.0,0.0,0,0,0,0,0.0,0,0,0,0,0,0,0,0,0,0,0,0,0,0,0,0,0,0,0,0,0,0,0,0,0,0,0,0,0,0,0,0,0,31,40,40,71,65476,0,300,0,0,8,21553,0.0,-107605600.0,0.0,0.0,0.0,0.0,0.0,0.0,0.0,0.0,0.0,0.0,0.0,0.0,0.0,0.0,0.0,0.0,0.0,0.0,0.0,0.0,-2.004,2.004,-0.0,-2.004,0.0,0.0,0.0,0.0,6305.0,-131351.078,6937.0,0.0,0.0,2.7184303811560617e+23,0.0,0.0,0.0,0.0,0.0,69,-0.059,126840971264.0,0.0,0.0,0.0,0.0,0.0,0.0,0.0,0,0,0,0.0,0.0,0.0,0.0,0.0,0.0,0.0,0.0,0.0,0.0,0.0,0.0,0.0,0.0,0.0,0.0,0,-107875648.0,69,0.0,138,0.0,0.0,0,13107,17040,13107,17049,13107,17043,0,0,0,70,68,100,2.7302359370752657e+23,71.1,0.0,74.2,2.7302370179391762e+23,74.0,1,49,50,180,0,52429,0,0,0.0,0.0,0.0,0.0,-0.0,67.0,0.0,162057.094,0.0,750,0,739,0,0,0,721,0,766,0,736,0,742,0,741,0,712,0,7520,0.032,78920024064.0,0.0,0.0,784,16797,-0.0,162057.094,-114818.039,-0.0,0.133,6.909358625270745e+28,30.0,65.0,35,0.0,0.0,0.0,0.0,0.0,0.0,0.0,0.0,0.0,0.0,0.0,0.0,0.0,0.0,0.0,0.0,69.6,0,150,71,54,65476,0,300,0,1,8,20529,65476,0,0,40632,65.0,0.0,0.0,0.0,0.0,0.0
2026-09-04T20:43:43,ERR,ERR,ERR,ERR,ERR,ERR,ERR,ERR,ERR,ERR,ERR,ERR,ERR,ERR,ERR,ERR,ERR,ERR,ERR,ERR,ERR,ERR,ERR,ERR,ERR,ERR,ERR,ERR,ERR,ERR,ERR,ERR,ERR,ERR,ERR,ERR,ERR,ERR,ERR,ERR,ERR,ERR,ERR,ERR,ERR,ERR,ERR,ERR,ERR,ERR,ERR,ERR,ERR,ERR,ERR,ERR,ERR,ERR,ERR,ERR,ERR,ERR,ERR,ERR,ERR,ERR,ERR,ERR,ERR,ERR,ERR,ERR,ERR,ERR,ERR,ERR,ERR,ERR,ERR,ERR,ERR,ERR,ERR,ERR,ERR,ERR,ERR,ERR,ERR,ERR,ERR,ERR,ERR,ERR,ERR,ERR,ERR,ERR,ERR,ERR,ERR,ERR,ERR,ERR,ERR,ERR,ERR,ERR,ERR,ERR,ERR,ERR,ERR,ERR,ERR,ERR,ERR,ERR,ERR,ERR,ERR,ERR,ERR,ERR,ERR,0.0,0.0,0.0,0.0,0.0,1.3936040501711995e+18,7.805,0.0,0,0,4,0,7116,0.0,100,0.0,0.0,0.0,0.0,0.0,0,0,0,0,0.0,0,0,0,0,0,0,0,0,0,0,0,0,0,0,0,0,0,0,0,0,0,0,0,0,0,0,0,0,0,0,0,0,0,31,40,40,71,65476,0,300,0,0,8,21553,0.0,-107605600.0,0.0,0.0,0.0,0.0,0.0,0.0,0.0,0.0,0.0,0.0,0.0,0.0,0.0,0.0,0.0,0.0,0.0,0.0,0.0,0.0,-2.004,2.004,-0.0,-2.004,0.0,0.0,0.0,0.0,6305.0,-131351.078,6937.0,0.0,0.0,2.7184303811560617e+23,0.0,0.0,0.0,0.0,0.0,69,-0.059,126840971264.0,0.0,0.0,0.0,0.0,0.0,0.0,0.0,0,0,0,0.0,0.0,0.0,0.0,0.0,0.0,0.0,0.0,0.0,0.0,0.0,0.0,0.0,0.0,0.0,0.0,0,-107875648.0,69,0.0,138,0.0,0.0,0,13107,17040,13107,17049,13107,17043,0,0,0,70,68,100,2.7302359370752657e+23,71.1,0.0,74.2,2.7302370179391762e+23,74.0,1,49,50,180,0,52429,0,0,0.0,0.0,0.0,0.0,-0.0,67.0,0.0,162057.094,0.0,750,0,739,0,0,0,721,0,766,0,736,0,742,0,741,0,712,0,7520,0.032,78920024064.0,0.0,0.0,784,16797,-0.0,162057.094,-114818.039,-0.0,0.133,6.909358625270745e+28,30.0,65.0,35,0.0,0.0,0.0,0.0,0.0,0.0,0.0,0.0,0.0,0.0,0.0,0.0,0.0,0.0,0.0,0.0,69.6,0,150,71,54,65476,0,300,0,1,8,20529,65476,0,0,40632,65.0,0.0,0.0,0.0,0.0,0.0
2026-09-04T20:43:44,ERR,ERR,ERR,ERR,ERR,ERR,ERR,ERR,ERR,ERR,ERR,ERR,ERR,ERR,ERR,ERR,ERR,ERR,ERR,ERR,ERR,ERR,ERR,ERR,ERR,ERR,ERR,ERR,ERR,ERR,ERR,ERR,ERR,ERR,ERR,ERR,ERR,ERR,ERR,ERR,ERR,ERR,ERR,ERR,ERR,ERR,ERR,ERR,ERR,ERR,ERR,ERR,ERR,ERR,ERR,ERR,ERR,ERR,ERR,ERR,ERR,ERR,ERR,ERR,ERR,ERR,ERR,ERR,ERR,ERR,ERR,ERR,ERR,ERR,ERR,ERR,ERR,ERR,ERR,ERR,ERR,ERR,ERR,ERR,ERR,ERR,ERR,ERR,ERR,ERR,ERR,ERR,ERR,ERR,ERR,ERR,ERR,ERR,ERR,ERR,ERR,ERR,ERR,ERR,ERR,ERR,ERR,ERR,ERR,ERR,ERR,ERR,ERR,ERR,ERR,ERR,ERR,ERR,ERR,ERR,ERR,ERR,ERR,ERR,ERR,0.0,0.0,0.0,0.0,0.0,1.3936040501711995e+18,7.805,0.0,0,0,4,0,7116,0.0,100,0.0,0.0,0.0,0.0,0.0,0,0,0,0,0.0,0,0,0,0,0,0,0,0,0,0,0,0,0,0,0,0,0,0,0,0,0,0,0,0,0,0,0,0,0,0,0,0,0,31,40,40,71,65476,0,300,0,0,8,21553,0.0,-107605600.0,0.0,0.0,0.0,0.0,0.0,0.0,0.0,0.0,0.0,0.0,0.0,0.0,0.0,0.0,0.0,0.0,0.0,0.0,0.0,0.0,-2.004,2.004,-0.0,-2.004,0.0,0.0,0.0,0.0,6305.0,-131351.078,6937.0,0.0,0.0,2.7184303811560617e+23,0.0,0.0,0.0,0.0,0.0,69,-0.059,126840971264.0,0.0,0.0,0.0,0.0,0.0,0.0,0.0,0,0,0,0.0,0.0,0.0,0.0,0.0,0.0,0.0,0.0,0.0,0.0,0.0,0.0,0.0,0.0,0.0,0.0,0,-107875648.0,69,0.0,138,0.0,0.0,0,13107,17040,13107,17049,13107,17043,0,0,0,70,68,100,2.7302359370752657e+23,71.1,0.0,74.2,2.7302370179391762e+23,74.0,1,49,50,180,0,52429,0,0,0.0,0.0,0.0,0.0,-0.0,67.0,0.0,162057.094,0.0,750,0,739,0,0,0,721,0,766,0,736,0,742,0,741,0,712,0,7520,0.032,78920024064.0,0.0,0.0,784,16797,-0.0,162057.094,-114818.039,-0.0,0.133,6.909358625270745e+28,30.0,65.0,35,0.0,0.0,0.0,0.0,0.0,0.0,0.0,0.0,0.0,0.0,0.0,0.0,0.0,0.0,0.0,0.0,69.6,0,150,71,54,65476,0,300,0,1,8,20529,65476,0,0,40632,65.0,0.0,0.0,0.0,0.0,0.0
2026-09-04T20:43:45,ERR,ERR,ERR,ERR,ERR,ERR,ERR,ERR,ERR,ERR,ERR,ERR,ERR,ERR,ERR,ERR,ERR,ERR,ERR,ERR,ERR,ERR,ERR,ERR,ERR,ERR,ERR,ERR,ERR,ERR,ERR,ERR,ERR,ERR,ERR,ERR,ERR,ERR,ERR,ERR,ERR,ERR,ERR,ERR,ERR,ERR,ERR,ERR,ERR,ERR,ERR,ERR,ERR,ERR,ERR,ERR,ERR,ERR,ERR,ERR,ERR,ERR,ERR,ERR,ERR,ERR,ERR,ERR,ERR,ERR,ERR,ERR,ERR,ERR,ERR,ERR,ERR,ERR,ERR,ERR,ERR,ERR,ERR,ERR,ERR,ERR,ERR,ERR,ERR,ERR,ERR,ERR,ERR,ERR,ERR,ERR,ERR,ERR,ERR,ERR,ERR,ERR,ERR,ERR,ERR,ERR,ERR,ERR,ERR,ERR,ERR,ERR,ERR,ERR,ERR,ERR,ERR,ERR,ERR,ERR,ERR,ERR,ERR,ERR,ERR,0.0,0.0,0.0,0.0,0.0,1.3936040501711995e+18,7.805,0.0,0,0,4,0,7116,0.0,100,0.0,0.0,0.0,0.0,0.0,0,0,0,0,0.0,0,0,0,0,0,0,0,0,0,0,0,0,0,0,0,0,0,0,0,0,0,0,0,0,0,0,0,0,0,0,0,0,0,31,40,40,71,65476,0,300,0,0,8,21553,0.0,-107605600.0,0.0,0.0,0.0,0.0,0.0,0.0,0.0,0.0,0.0,0.0,0.0,0.0,0.0,0.0,0.0,0.0,0.0,0.0,0.0,0.0,-2.004,2.004,-0.0,-2.004,0.0,0.0,0.0,0.0,6366.0,1.5879372866899675e+29,6926.0,0.0,0.0,2.7184303811560617e+23,0.0,0.0,0.0,0.0,0.0,69,-0.0,0.0,0.0,0.0,0.0,0.0,0.0,0.0,0.0,0,0,0,0.0,0.0,0.0,0.0,0.0,0.0,0.0,0.0,0.0,0.0,0.0,0.0,0.0,0.0,0.0,0.0,0,-107875648.0,69,0.0,138,0.0,0.0,0,13107,17040,13107,17049,13107,17043,0,0,0,70,68,100,2.7302359370752657e+23,71.1,0.0,74.2,2.7302370179391762e+23,74.0,1,49,50,180,0,52429,0,0,0.0,0.0,0.0,0.0,-0.0,67.0,0.0,162057.094,0.0,750,0,739,0,0,0,721,0,766,0,736,0,742,0,741,0,712,0,7520,0.032,78920024064.0,0.0,0.0,784,16797,-0.0,162057.094,-114818.039,-0.0,0.133,6.909358625270745e+28,30.0,65.0,35,0.0,0.0,0.0,0.0,0.0,0.0,0.0,0.0,0.0,0.0,0.0,0.0,0.0,0.0,0.0,0.0,69.6,0,150,71,54,65476,0,300,0,1,8,20529,65476,0,0,40632,65.0,0.0,0.0,0.0,0.0,0.0
2026-09-04T20:43:46,ERR,ERR,ERR,ERR,ERR,ERR,ERR,ERR,ERR,ERR,ERR,ERR,ERR,ERR,ERR,ERR,ERR,ERR,ERR,ERR,ERR,ERR,ERR,ERR,ERR,ERR,ERR,ERR,ERR,ERR,ERR,ERR,ERR,ERR,ERR,ERR,ERR,ERR,ERR,ERR,ERR,ERR,ERR,ERR,ERR,ERR,ERR,ERR,ERR,ERR,ERR,ERR,ERR,ERR,ERR,ERR,ERR,ERR,ERR,ERR,ERR,ERR,ERR,ERR,ERR,ERR,ERR,ERR,ERR,ERR,ERR,ERR,ERR,ERR,ERR,ERR,ERR,ERR,ERR,ERR,ERR,ERR,ERR,ERR,ERR,ERR,ERR,ERR,ERR,ERR,ERR,ERR,ERR,ERR,ERR,ERR,ERR,ERR,ERR,ERR,ERR,ERR,ERR,ERR,ERR,ERR,ERR,ERR,ERR,ERR,ERR,ERR,ERR,ERR,ERR,ERR,ERR,ERR,ERR,ERR,ERR,ERR,ERR,ERR,ERR,0.0,0.0,0.0,0.0,0.0,1.3936040501711995e+18,7.805,0.0,0,0,4,0,7116,0.0,100,0.0,0.0,0.0,0.0,0.0,0,0,0,0,0.0,0,0,0,0,0,0,0,0,0,0,0,0,0,0,0,0,0,0,0,0,0,0,0,0,0,0,0,0,0,0,0,0,0,31,40,40,71,65476,0,300,0,0,8,21553,0.0,-107605600.0,0.0,0.0,0.0,0.0,0.0,0.0,0.0,0.0,0.0,0.0,0.0,0.0,0.0,0.0,0.0,0.0,0.0,0.0,0.0,0.0,-2.004,2.004,-0.0,-2.004,0.0,0.0,0.0,0.0,6366.0,1.5879372866899675e+29,6926.0,0.0,0.0,2.7184303811560617e+23,0.0,0.0,0.0,0.0,0.0,69,-0.0,0.0,0.0,0.0,0.0,0.0,0.0,0.0,0.0,0,0,0,0.0,0.0,0.0,0.0,0.0,0.0,0.0,0.0,0.0,0.0,0.0,0.0,0.0,0.0,0.0,0.0,0,-107875648.0,69,0.0,138,0.0,0.0,0,13107,17040,13107,17049,13107,17043,0,0,0,70,68,100,2.7302359370752657e+23,71.1,0.0,74.2,2.7302370179391762e+23,74.0,1,49,50,180,0,52429,0,0,0.0,0.0,0.0,0.0,-0.0,67.0,0.0,162057.094,0.0,750,0,739,0,0,0,721,0,766,0,736,0,742,0,741,0,712,0,7520,0.032,78920024064.0,0.0,0.0,784,16797,-0.0,162057.094,-114818.039,-0.0,0.133,6.909358625270745e+28,30.0,65.0,35,0.0,0.0,0.0,0.0,0.0,0.0,0.0,0.0,0.0,0.0,0.0,0.0,0.0,0.0,0.0,0.0,69.2,0,150,71,54,65476,0,300,0,1,8,20529,65476,0,0,40632,65.0,0.0,0.0,0.0,0.0,0.0
2026-09-04T20:43:47,ERR,ERR,ERR,ERR,ERR,ERR,ERR,ERR,ERR,ERR,ERR,ERR,ERR,ERR,ERR,ERR,ERR,ERR,ERR,ERR,ERR,ERR,ERR,ERR,ERR,ERR,ERR,ERR,ERR,ERR,ERR,ERR,ERR,ERR,ERR,ERR,ERR,ERR,ERR,ERR,ERR,ERR,ERR,ERR,ERR,ERR,ERR,ERR,ERR,ERR,ERR,ERR,ERR,ERR,ERR,ERR,ERR,ERR,ERR,ERR,ERR,ERR,ERR,ERR,ERR,ERR,ERR,ERR,ERR,ERR,ERR,ERR,ERR,ERR,ERR,ERR,ERR,ERR,ERR,ERR,ERR,ERR,ERR,ERR,ERR,ERR,ERR,ERR,ERR,ERR,ERR,ERR,ERR,ERR,ERR,ERR,ERR,ERR,ERR,ERR,ERR,ERR,ERR,ERR,ERR,ERR,ERR,ERR,ERR,ERR,ERR,ERR,ERR,ERR,ERR,ERR,ERR,ERR,ERR,ERR,ERR,ERR,ERR,ERR,ERR,0.0,0.0,0.0,0.0,0.0,1.3936040501711995e+18,7.805,0.0,0,0,4,0,7116,0.0,100,0.0,0.0,0.0,0.0,0.0,0,0,0,0,0.0,0,0,0,0,0,0,0,0,0,0,0,0,0,0,0,0,0,0,0,0,0,0,0,0,0,0,0,0,0,0,0,0,0,31,40,40,71,65476,0,300,0,0,8,21553,0.0,-107605600.0,0.0,0.0,0.0,0.0,0.0,0.0,0.0,0.0,0.0,0.0,0.0,0.0,0.0,0.0,0.0,0.0,0.0,0.0,0.0,0.0,-2.004,2.004,-0.0,-2.004,0.0,0.0,0.0,0.0,6366.0,1.5879372866899675e+29,6926.0,0.0,0.0,2.7184303811560617e+23,0.0,0.0,0.0,0.0,0.0,69,-0.0,0.0,0.0,0.0,0.0,0.0,0.0,0.0,0.0,0,0,0,0.0,0.0,0.0,0.0,0.0,0.0,0.0,0.0,0.0,0.0,0.0,0.0,0.0,0.0,0.0,0.0,0,-107875648.0,69,0.0,138,0.0,0.0,0,13107,17040,13107,17049,13107,17043,0,0,0,70,68,100,2.7302359370752657e+23,71.1,0.0,74.2,2.7302370179391762e+23,74.0,1,49,50,180,0,52429,0,0,0.0,0.0,0.0,0.0,-0.0,67.0,0.0,162057.094,0.0,750,0,739,0,0,0,721,0,766,0,736,0,742,0,741,0,712,0,7520,0.032,78920024064.0,0.0,0.0,784,16797,-0.0,162057.094,-114818.039,-0.0,0.133,6.909358625270745e+28,30.0,65.0,35,0.0,0.0,0.0,0.0,0.0,0.0,0.0,0.0,0.0,0.0,0.0,0.0,0.0,0.0,0.0,0.0,69.2,0,150,71,54,65476,0,300,0,1,8,20529,65476,0,0,40632,65.0,0.0,0.0,0.0,0.0,0.0
2026-09-04T20:43:48,ERR,ERR,ERR,ERR,ERR,ERR,ERR,ERR,ERR,ERR,ERR,ERR,ERR,ERR,ERR,ERR,ERR,ERR,ERR,ERR,ERR,ERR,ERR,ERR,ERR,ERR,ERR,ERR,ERR,ERR,ERR,ERR,ERR,ERR,ERR,ERR,ERR,ERR,ERR,ERR,ERR,ERR,ERR,ERR,ERR,ERR,ERR,ERR,ERR,ERR,ERR,ERR,ERR,ERR,ERR,ERR,ERR,ERR,ERR,ERR,ERR,ERR,ERR,ERR,ERR,ERR,ERR,ERR,ERR,ERR,ERR,ERR,ERR,ERR,ERR,ERR,ERR,ERR,ERR,ERR,ERR,ERR,ERR,ERR,ERR,ERR,ERR,ERR,ERR,ERR,ERR,ERR,ERR,ERR,ERR,ERR,ERR,ERR,ERR,ERR,ERR,ERR,ERR,ERR,ERR,ERR,ERR,ERR,ERR,ERR,ERR,ERR,ERR,ERR,ERR,ERR,ERR,ERR,ERR,ERR,ERR,ERR,ERR,ERR,ERR,0.0,0.0,0.0,0.0,0.0,1.3936040501711995e+18,7.805,0.0,0,0,4,0,7116,0.0,100,0.0,0.0,0.0,0.0,0.0,0,0,0,0,0.0,0,0,0,0,0,0,0,0,0,0,0,0,0,0,0,0,0,0,0,0,0,0,0,0,0,0,0,0,0,0,0,0,0,31,40,40,71,65476,0,300,0,0,8,21553,0.0,-107605600.0,0.0,0.0,0.0,0.0,0.0,0.0,0.0,0.0,0.0,0.0,0.0,0.0,0.0,0.0,0.0,0.0,0.0,0.0,0.0,0.0,-2.004,2.004,-0.0,-2.004,0.0,0.0,0.0,0.0,6366.0,1.5879372866899675e+29,6926.0,0.0,0.0,2.7184303811560617e+23,0.0,0.0,0.0,0.0,0.0,69,-0.0,0.0,0.0,0.0,0.0,0.0,0.0,0.0,0.0,0,0,0,0.0,0.0,0.0,0.0,0.0,0.0,0.0,0.0,0.0,0.0,0.0,0.0,0.0,0.0,0.0,0.0,0,-107875648.0,69,0.0,138,0.0,0.0,0,13107,17040,13107,17049,13107,17043,0,0,0,70,68,100,2.7302359370752657e+23,71.1,0.0,74.2,2.7302370179391762e+23,74.0,1,49,50,180,0,52429,0,0,0.0,0.0,0.0,0.0,-0.0,67.0,0.0,162057.094,0.0,750,0,739,0,0,0,721,0,766,0,736,0,742,0,741,0,712,0,7520,0.032,79456894976.0,0.0,0.0,784,16797,-0.0,162057.094,-114818.039,-0.0,0.133,6.909358625270745e+28,30.0,65.0,35,0.0,0.0,0.0,0.0,0.0,0.0,0.0,0.0,0.0,0.0,0.0,0.0,0.0,0.0,0.0,0.0,69.2,0,150,71,54,65476,0,300,0,1,8,20529,65476,0,0,40632,65.0,0.0,0.0,0.0,0.0,0.0
2026-09-04T20:43:49,ERR,ERR,ERR,ERR,ERR,ERR,ERR,ERR,ERR,ERR,ERR,ERR,ERR,ERR,ERR,ERR,ERR,ERR,ERR,ERR,ERR,ERR,ERR,ERR,ERR,ERR,ERR,ERR,ERR,ERR,ERR,ERR,ERR,ERR,ERR,ERR,ERR,ERR,ERR,ERR,ERR,ERR,ERR,ERR,ERR,ERR,ERR,ERR,ERR,ERR,ERR,ERR,ERR,ERR,ERR,ERR,ERR,ERR,ERR,ERR,ERR,ERR,ERR,ERR,ERR,ERR,ERR,ERR,ERR,ERR,ERR,ERR,ERR,ERR,ERR,ERR,ERR,ERR,ERR,ERR,ERR,ERR,ERR,ERR,ERR,ERR,ERR,ERR,ERR,ERR,ERR,ERR,ERR,ERR,ERR,ERR,ERR,ERR,ERR,ERR,ERR,ERR,ERR,ERR,ERR,ERR,ERR,ERR,ERR,ERR,ERR,ERR,ERR,ERR,ERR,ERR,ERR,ERR,ERR,ERR,ERR,ERR,ERR,ERR,ERR,0.0,0.0,0.0,0.0,0.0,1.3936040501711995e+18,7.805,0.0,0,0,4,0,7116,0.0,100,0.0,0.0,0.0,0.0,0.0,0,0,0,0,0.0,0,0,0,0,0,0,0,0,0,0,0,0,0,0,0,0,0,0,0,0,0,0,0,0,0,0,0,0,0,0,0,0,0,31,40,40,71,65476,0,300,0,0,8,21553,0.0,-107605600.0,0.0,0.0,0.0,0.0,0.0,0.0,0.0,0.0,0.0,0.0,0.0,0.0,0.0,0.0,0.0,0.0,0.0,0.0,0.0,0.0,-2.004,2.004,-0.0,-2.004,0.0,0.0,0.0,0.0,6366.0,1.5879372866899675e+29,6926.0,0.0,0.0,2.7184303811560617e+23,0.0,0.0,0.0,0.0,0.0,69,-0.0,0.0,0.0,0.0,0.0,0.0,0.0,0.0,0.0,0,0,0,0.0,0.0,0.0,0.0,0.0,0.0,0.0,0.0,0.0,0.0,0.0,0.0,0.0,0.0,0.0,0.0,0,-107875648.0,69,0.0,138,0.0,0.0,0,13107,17040,13107,17049,13107,17043,0,0,0,70,68,100,2.7302359370752657e+23,71.1,0.0,74.2,2.7302370179391762e+23,74.0,1,49,50,180,0,52429,0,0,0.0,0.0,0.0,0.0,-0.0,67.0,0.0,162057.094,0.0,750,0,739,0,0,0,721,0,766,0,736,0,742,0,741,0,712,0,7520,0.032,79456894976.0,0.0,0.0,784,16797,-0.0,162057.094,-114818.039,-0.0,0.133,6.909358625270745e+28,30.0,65.0,35,0.0,0.0,0.0,0.0,0.0,0.0,0.0,0.0,0.0,0.0,0.0,0.0,0.0,0.0,0.0,0.0,69.2,0,150,71,54,65476,0,300,0,1,8,20529,65476,0,0,40632,65.0,0.0,0.0,0.0,0.0,0.0
2026-09-04T20:43:50,ERR,ERR,ERR,ERR,ERR,ERR,ERR,ERR,ERR,ERR,ERR,ERR,ERR,ERR,ERR,ERR,ERR,ERR,ERR,ERR,ERR,ERR,ERR,ERR,ERR,ERR,ERR,ERR,ERR,ERR,ERR,ERR,ERR,ERR,ERR,ERR,ERR,ERR,ERR,ERR,ERR,ERR,ERR,ERR,ERR,ERR,ERR,ERR,ERR,ERR,ERR,ERR,ERR,ERR,ERR,ERR,ERR,ERR,ERR,ERR,ERR,ERR,ERR,ERR,ERR,ERR,ERR,ERR,ERR,ERR,ERR,ERR,ERR,ERR,ERR,ERR,ERR,ERR,ERR,ERR,ERR,ERR,ERR,ERR,ERR,ERR,ERR,ERR,ERR,ERR,ERR,ERR,ERR,ERR,ERR,ERR,ERR,ERR,ERR,ERR,ERR,ERR,ERR,ERR,ERR,ERR,ERR,ERR,ERR,ERR,ERR,ERR,ERR,ERR,ERR,ERR,ERR,ERR,ERR,ERR,ERR,ERR,ERR,ERR,ERR,0.0,0.0,0.0,0.0,0.0,1.3936040501711995e+18,7.805,0.0,0,0,4,0,7116,0.0,100,0.0,0.0,0.0,0.0,0.0,0,0,0,0,0.0,0,0,0,0,0,0,0,0,0,0,0,0,0,0,0,0,0,0,0,0,0,0,0,0,0,0,0,0,0,0,0,0,0,31,40,40,71,65476,0,300,0,0,8,21553,0.0,-107605600.0,0.0,0.0,0.0,0.0,0.0,0.0,0.0,0.0,0.0,0.0,0.0,0.0,0.0,0.0,0.0,0.0,0.0,0.0,0.0,0.0,-2.004,2.004,-0.0,-2.004,0.0,0.0,0.0,0.0,6366.0,1.5879372866899675e+29,6926.0,0.0,0.0,2.7184303811560617e+23,0.0,0.0,0.0,0.0,0.0,69,-0.0,0.0,0.0,0.0,0.0,0.0,0.0,0.0,0.0,0,0,0,0.0,0.0,0.0,0.0,0.0,0.0,0.0,0.0,0.0,0.0,0.0,0.0,0.0,0.0,0.0,0.0,0,-107875648.0,69,0.0,138,0.0,0.0,0,13107,17040,13107,17049,13107,17043,0,0,0,70,68,100,2.7302359370752657e+23,71.1,0.0,74.2,2.7302370179391762e+23,74.0,1,49,50,180,0,52429,0,0,0.0,0.0,0.0,0.0,-0.0,67.0,0.0,162057.094,0.0,750,0,739,0,0,0,721,0,766,0,736,0,742,0,741,0,712,0,7520,0.032,79456894976.0,0.0,0.0,784,16797,-0.0,162057.094,-114818.039,-0.0,0.133,6.909358625270745e+28,30.0,65.0,35,0.0,0.0,0.0,0.0,0.0,0.0,0.0,0.0,0.0,0.0,0.0,0.0,0.0,0.0,0.0,0.0,69.2,0,150,71,54,65476,0,300,0,1,8,20529,65476,0,0,40632,65.0,0.0,0.0,0.0,0.0,0.0
2026-09-04T20:43:51,ERR,ERR,ERR,ERR,ERR,ERR,ERR,ERR,ERR,ERR,ERR,ERR,ERR,ERR,ERR,ERR,ERR,ERR,ERR,ERR,ERR,ERR,ERR,ERR,ERR,ERR,ERR,ERR,ERR,ERR,ERR,ERR,ERR,ERR,ERR,ERR,ERR,ERR,ERR,ERR,ERR,ERR,ERR,ERR,ERR,ERR,ERR,ERR,ERR,ERR,ERR,ERR,ERR,ERR,ERR,ERR,ERR,ERR,ERR,ERR,ERR,ERR,ERR,ERR,ERR,ERR,ERR,ERR,ERR,ERR,ERR,ERR,ERR,ERR,ERR,ERR,ERR,ERR,ERR,ERR,ERR,ERR,ERR,ERR,ERR,ERR,ERR,ERR,ERR,ERR,ERR,ERR,ERR,ERR,ERR,ERR,ERR,ERR,ERR,ERR,ERR,ERR,ERR,ERR,ERR,ERR,ERR,ERR,ERR,ERR,ERR,ERR,ERR,ERR,ERR,ERR,ERR,ERR,ERR,ERR,ERR,ERR,ERR,ERR,ERR,0.0,0.0,0.0,0.0,0.0,1.3936040501711995e+18,7.805,0.0,0,0,4,0,7116,0.0,100,0.0,0.0,0.0,0.0,0.0,0,0,0,0,0.0,0,0,0,0,0,0,0,0,0,0,0,0,0,0,0,0,0,0,0,0,0,0,0,0,0,0,0,0,0,0,0,0,0,31,40,40,71,65476,0,300,0,0,8,21553,0.0,-107605600.0,0.0,0.0,0.0,0.0,0.0,0.0,0.0,0.0,0.0,0.0,0.0,0.0,0.0,0.0,0.0,0.0,0.0,0.0,0.0,0.0,-2.004,2.004,-0.0,-2.004,0.0,0.0,0.0,0.0,6366.0,1.5879372866899675e+29,6926.0,0.0,0.0,2.7184303811560617e+23,0.0,0.0,0.0,0.0,0.0,69,-0.0,0.0,0.0,0.0,0.0,0.0,0.0,0.0,0.0,0,0,0,0.0,0.0,0.0,0.0,0.0,0.0,0.0,0.0,0.0,0.0,0.0,0.0,0.0,0.0,0.0,0.0,0,-107875648.0,69,0.0,138,0.0,0.0,0,13107,17040,13107,17049,13107,17043,0,0,0,70,68,100,2.7302359370752657e+23,71.1,0.0,74.2,2.7302370179391762e+23,74.0,1,49,50,180,0,52429,0,0,0.0,0.0,0.0,0.0,-0.0,67.0,0.0,162057.094,0.0,750,0,739,0,0,0,721,0,766,0,736,0,742,0,741,0,712,0,7520,0.032,79456894976.0,0.0,0.0,784,16797,-0.0,162057.094,-114818.039,-0.0,0.133,6.909358625270745e+28,30.0,65.0,35,0.0,0.0,0.0,0.0,0.0,0.0,0.0,0.0,0.0,0.0,0.0,0.0,0.0,0.0,0.0,0.0,69.2,0,150,71,54,65476,0,300,0,1,8,20529,65476,0,0,40632,65.0,0.0,0.0,0.0,0.0,0.0
2026-09-04T20:43:52,ERR,ERR,ERR,ERR,ERR,ERR,ERR,ERR,ERR,ERR,ERR,ERR,ERR,ERR,ERR,ERR,ERR,ERR,ERR,ERR,ERR,ERR,ERR,ERR,ERR,ERR,ERR,ERR,ERR,ERR,ERR,ERR,ERR,ERR,ERR,ERR,ERR,ERR,ERR,ERR,ERR,ERR,ERR,ERR,ERR,ERR,ERR,ERR,ERR,ERR,ERR,ERR,ERR,ERR,ERR,ERR,ERR,ERR,ERR,ERR,ERR,ERR,ERR,ERR,ERR,ERR,ERR,ERR,ERR,ERR,ERR,ERR,ERR,ERR,ERR,ERR,ERR,ERR,ERR,ERR,ERR,ERR,ERR,ERR,ERR,ERR,ERR,ERR,ERR,ERR,ERR,ERR,ERR,ERR,ERR,ERR,ERR,ERR,ERR,ERR,ERR,ERR,ERR,ERR,ERR,ERR,ERR,ERR,ERR,ERR,ERR,ERR,ERR,ERR,ERR,ERR,ERR,ERR,ERR,ERR,ERR,ERR,ERR,ERR,ERR,0.0,0.0,0.0,0.0,0.0,1.3936040501711995e+18,7.805,0.0,0,0,4,0,7116,0.0,100,0.0,0.0,0.0,0.0,0.0,0,0,0,0,0.0,0,0,0,0,0,0,0,0,0,0,0,0,0,0,0,0,0,0,0,0,0,0,0,0,0,0,0,0,0,0,0,0,0,31,40,40,71,65476,0,300,0,0,8,21553,0.0,-107605600.0,0.0,0.0,0.0,0.0,0.0,0.0,0.0,0.0,0.0,0.0,0.0,0.0,0.0,0.0,0.0,0.0,0.0,0.0,0.0,0.0,-2.004,2.004,-0.0,-2.004,0.0,0.0,0.0,0.0,6366.0,1.5879372866899675e+29,6926.0,0.0,0.0,2.7184303811560617e+23,0.0,0.0,0.0,0.0,0.0,69,-0.0,0.0,0.0,0.0,0.0,0.0,0.0,0.0,0.0,0,0,0,0.0,0.0,0.0,0.0,0.0,0.0,0.0,0.0,0.0,0.0,0.0,0.0,0.0,0.0,0.0,0.0,0,-107875648.0,69,0.0,138,0.0,0.0,0,13107,17040,13107,17049,13107,17043,0,0,0,70,68,100,2.7302359370752657e+23,71.1,0.0,74.2,2.7302370179391762e+23,74.0,1,49,50,180,0,52429,0,0,0.0,0.0,0.0,0.0,-0.0,67.0,0.0,162057.094,0.0,750,0,739,0,0,0,721,0,766,0,736,0,742,0,741,0,712,0,7520,0.032,79456894976.0,0.0,0.0,784,16797,-0.0,162057.094,-114818.039,-0.0,0.133,6.909358625270745e+28,30.0,65.0,35,0.0,0.0,0.0,0.0,0.0,0.0,0.0,0.0,0.0,0.0,0.0,0.0,0.0,0.0,0.0,0.0,69.2,0,150,71,54,65476,0,300,0,1,8,20529,65476,0,0,40632,65.0,0.0,0.0,0.0,0.0,0.0
2026-09-04T20:43:53,ERR,ERR,ERR,ERR,ERR,ERR,ERR,ERR,ERR,ERR,ERR,ERR,ERR,ERR,ERR,ERR,ERR,ERR,ERR,ERR,ERR,ERR,ERR,ERR,ERR,ERR,ERR,ERR,ERR,ERR,ERR,ERR,ERR,ERR,ERR,ERR,ERR,ERR,ERR,ERR,ERR,ERR,ERR,ERR,ERR,ERR,ERR,ERR,ERR,ERR,ERR,ERR,ERR,ERR,ERR,ERR,ERR,ERR,ERR,ERR,ERR,ERR,ERR,ERR,ERR,ERR,ERR,ERR,ERR,ERR,ERR,ERR,ERR,ERR,ERR,ERR,ERR,ERR,ERR,ERR,ERR,ERR,ERR,ERR,ERR,ERR,ERR,ERR,ERR,ERR,ERR,ERR,ERR,ERR,ERR,ERR,ERR,ERR,ERR,ERR,ERR,ERR,ERR,ERR,ERR,ERR,ERR,ERR,ERR,ERR,ERR,ERR,ERR,ERR,ERR,ERR,ERR,ERR,ERR,ERR,ERR,ERR,ERR,ERR,ERR,0.0,0.0,0.0,0.0,0.0,1.3936040501711995e+18,7.805,0.0,0,0,4,0,7116,0.0,100,0.0,0.0,0.0,0.0,0.0,0,0,0,0,0.0,0,0,0,0,0,0,0,0,0,0,0,0,0,0,0,0,0,0,0,0,0,0,0,0,0,0,0,0,0,0,0,0,0,31,40,40,71,65476,0,300,0,0,8,21553,0.0,-107605600.0,0.0,0.0,0.0,0.0,0.0,0.0,0.0,0.0,0.0,0.0,0.0,0.0,0.0,0.0,0.0,0.0,0.0,0.0,0.0,0.0,-2.004,2.004,-0.0,-2.004,0.0,0.0,0.0,0.0,6340.0,1.5879372866899675e+29,6926.0,0.0,0.0,2.7184303811560617e+23,0.0,0.0,0.0,0.0,0.0,69,-152018572279808.0,0.0,0.0,0.0,0.0,0.0,0.0,0.0,0.0,0,0,0,0.0,0.0,0.0,0.0,0.0,0.0,0.0,0.0,0.0,0.0,0.0,0.0,0.0,0.0,0.0,0.0,0,-107875648.0,69,0.0,138,0.0,0.0,0,13107,17040,13107,17049,13107,17043,0,0,0,70,68,100,2.7302359370752657e+23,71.1,0.0,74.2,2.7302370179391762e+23,74.0,1,49,50,180,0,52429,0,0,0.0,0.0,0.0,0.0,-0.0,67.0,0.0,162057.094,0.0,750,0,739,0,0,0,721,0,766,0,736,0,742,0,741,0,712,0,7520,0.032,78920024064.0,0.0,0.0,784,16797,-0.0,162057.094,-114818.039,-0.0,0.133,6.909358625270745e+28,30.0,65.0,35,0.0,0.0,0.0,0.0,0.0,0.0,0.0,0.0,0.0,0.0,0.0,0.0,0.0,0.0,0.0,0.0,69.2,0,150,71,54,65476,0,300,0,1,8,20529,65476,0,0,40632,65.0,0.0,0.0,0.0,0.0,0.0
2026-09-04T20:43:54,ERR,ERR,ERR,ERR,ERR,ERR,ERR,ERR,ERR,ERR,ERR,ERR,ERR,ERR,ERR,ERR,ERR,ERR,ERR,ERR,ERR,ERR,ERR,ERR,ERR,ERR,ERR,ERR,ERR,ERR,ERR,ERR,ERR,ERR,ERR,ERR,ERR,ERR,ERR,ERR,ERR,ERR,ERR,ERR,ERR,ERR,ERR,ERR,ERR,ERR,ERR,ERR,ERR,ERR,ERR,ERR,ERR,ERR,ERR,ERR,ERR,ERR,ERR,ERR,ERR,ERR,ERR,ERR,ERR,ERR,ERR,ERR,ERR,ERR,ERR,ERR,ERR,ERR,ERR,ERR,ERR,ERR,ERR,ERR,ERR,ERR,ERR,ERR,ERR,ERR,ERR,ERR,ERR,ERR,ERR,ERR,ERR,ERR,ERR,ERR,ERR,ERR,ERR,ERR,ERR,ERR,ERR,ERR,ERR,ERR,ERR,ERR,ERR,ERR,ERR,ERR,ERR,ERR,ERR,ERR,ERR,ERR,ERR,ERR,ERR,0.0,0.0,0.0,0.0,0.0,1.3936040501711995e+18,7.805,0.0,0,0,4,0,7116,0.0,100,0.0,0.0,0.0,0.0,0.0,0,0,0,0,0.0,0,0,0,0,0,0,0,0,0,0,0,0,0,0,0,0,0,0,0,0,0,0,0,0,0,0,0,0,0,0,0,0,0,31,40,40,71,65476,0,300,0,0,8,21553,0.0,-107605600.0,0.0,0.0,0.0,0.0,0.0,0.0,0.0,0.0,0.0,0.0,0.0,0.0,0.0,0.0,0.0,0.0,0.0,0.0,0.0,0.0,-2.004,2.004,-0.0,-2.004,0.0,0.0,0.0,0.0,6340.0,1.5879372866899675e+29,6926.0,0.0,0.0,2.7184303811560617e+23,0.0,0.0,0.0,0.0,0.0,69,-152018572279808.0,0.0,0.0,0.0,0.0,0.0,0.0,0.0,0.0,0,0,0,0.0,0.0,0.0,0.0,0.0,0.0,0.0,0.0,0.0,0.0,0.0,0.0,0.0,0.0,0.0,0.0,0,-107875648.0,69,0.0,138,0.0,0.0,0,13107,17040,13107,17049,13107,17043,0,0,0,70,68,100,2.7302359370752657e+23,71.1,0.0,74.2,2.7302370179391762e+23,74.0,1,49,50,180,0,52429,0,0,0.0,0.0,0.0,0.0,-0.0,67.0,0.0,162057.094,0.0,750,0,739,0,0,0,721,0,766,0,736,0,742,0,741,0,712,0,7520,0.032,78920024064.0,0.0,0.0,784,16797,-0.0,162057.094,-114818.039,-0.0,0.133,6.909358625270745e+28,30.0,65.0,35,0.0,0.0,0.0,0.0,0.0,0.0,0.0,0.0,0.0,0.0,0.0,0.0,0.0,0.0,0.0,0.0,69.2,0,150,71,54,65476,0,300,0,1,8,20529,65476,0,0,40632,65.0,0.0,0.0,0.0,0.0,0.0
2026-09-04T20:43:55,ERR,ERR,ERR,ERR,ERR,ERR,ERR,ERR,ERR,ERR,ERR,ERR,ERR,ERR,ERR,ERR,ERR,ERR,ERR,ERR,ERR,ERR,ERR,ERR,ERR,ERR,ERR,ERR,ERR,ERR,ERR,ERR,ERR,ERR,ERR,ERR,ERR,ERR,ERR,ERR,ERR,ERR,ERR,ERR,ERR,ERR,ERR,ERR,ERR,ERR,ERR,ERR,ERR,ERR,ERR,ERR,ERR,ERR,ERR,ERR,ERR,ERR,ERR,ERR,ERR,ERR,ERR,ERR,ERR,ERR,ERR,ERR,ERR,ERR,ERR,ERR,ERR,ERR,ERR,ERR,ERR,ERR,ERR,ERR,ERR,ERR,ERR,ERR,ERR,ERR,ERR,ERR,ERR,ERR,ERR,ERR,ERR,ERR,ERR,ERR,ERR,ERR,ERR,ERR,ERR,ERR,ERR,ERR,ERR,ERR,ERR,ERR,ERR,ERR,ERR,ERR,ERR,ERR,ERR,ERR,ERR,ERR,ERR,ERR,ERR,0.0,0.0,0.0,0.0,0.0,1.3936040501711995e+18,7.805,0.0,0,0,4,0,7116,0.0,100,0.0,0.0,0.0,0.0,0.0,0,0,0,0,0.0,0,0,0,0,0,0,0,0,0,0,0,0,0,0,0,0,0,0,0,0,0,0,0,0,0,0,0,0,0,0,0,0,0,31,40,40,71,65476,0,300,0,0,8,21553,0.0,-107605600.0,0.0,0.0,0.0,0.0,0.0,0.0,0.0,0.0,0.0,0.0,0.0,0.0,0.0,0.0,0.0,0.0,0.0,0.0,0.0,0.0,-2.004,2.004,-0.0,-2.004,0.0,0.0,0.0,0.0,6340.0,1.5879372866899675e+29,6926.0,0.0,0.0,2.7184303811560617e+23,0.0,0.0,0.0,0.0,0.0,69,-152018572279808.0,0.0,0.0,0.0,0.0,0.0,0.0,0.0,0.0,0,0,0,0.0,0.0,0.0,0.0,0.0,0.0,0.0,0.0,0.0,0.0,0.0,0.0,0.0,0.0,0.0,0.0,0,-107875648.0,69,0.0,138,0.0,0.0,0,13107,17040,13107,17049,13107,17043,0,0,0,70,68,100,2.7302359370752657e+23,71.1,0.0,74.2,2.7302370179391762e+23,74.0,1,49,50,180,0,52429,0,0,0.0,0.0,0.0,0.0,-0.0,67.0,0.0,162057.094,0.0,750,0,739,0,0,0,721,0,766,0,736,0,742,0,741,0,712,0,7520,0.032,78920024064.0,0.0,0.0,784,16797,-0.0,162057.094,-114818.039,-0.0,0.133,6.909358625270745e+28,30.0,65.0,35,0.0,0.0,0.0,0.0,0.0,0.0,0.0,0.0,0.0,0.0,0.0,0.0,0.0,0.0,0.0,0.0,69.2,0,150,71,54,65476,0,300,0,1,8,20529,65476,0,0,40632,65.0,0.0,0.0,0.0,0.0,0.0
2026-09-04T20:43:56,ERR,ERR,ERR,ERR,ERR,ERR,ERR,ERR,ERR,ERR,ERR,ERR,ERR,ERR,ERR,ERR,ERR,ERR,ERR,ERR,ERR,ERR,ERR,ERR,ERR,ERR,ERR,ERR,ERR,ERR,ERR,ERR,ERR,ERR,ERR,ERR,ERR,ERR,ERR,ERR,ERR,ERR,ERR,ERR,ERR,ERR,ERR,ERR,ERR,ERR,ERR,ERR,ERR,ERR,ERR,ERR,ERR,ERR,ERR,ERR,ERR,ERR,ERR,ERR,ERR,ERR,ERR,ERR,ERR,ERR,ERR,ERR,ERR,ERR,ERR,ERR,ERR,ERR,ERR,ERR,ERR,ERR,ERR,ERR,ERR,ERR,ERR,ERR,ERR,ERR,ERR,ERR,ERR,ERR,ERR,ERR,ERR,ERR,ERR,ERR,ERR,ERR,ERR,ERR,ERR,ERR,ERR,ERR,ERR,ERR,ERR,ERR,ERR,ERR,ERR,ERR,ERR,ERR,ERR,ERR,ERR,ERR,ERR,ERR,ERR,0.0,0.0,0.0,0.0,0.0,1.3936040501711995e+18,7.805,0.0,0,0,4,0,7116,0.0,100,0.0,0.0,0.0,0.0,0.0,0,0,0,0,0.0,0,0,0,0,0,0,0,0,0,0,0,0,0,0,0,0,0,0,0,0,0,0,0,0,0,0,0,0,0,0,0,0,0,31,40,40,71,65476,0,300,0,0,8,21553,0.0,-107605600.0,0.0,0.0,0.0,0.0,0.0,0.0,0.0,0.0,0.0,0.0,0.0,0.0,0.0,0.0,0.0,0.0,0.0,0.0,0.0,0.0,-2.004,2.004,-0.0,-2.004,0.0,0.0,0.0,0.0,6340.0,1.5879372866899675e+29,6926.0,0.0,0.0,2.7184303811560617e+23,0.0,0.0,0.0,0.0,0.0,69,-152018572279808.0,0.0,0.0,0.0,0.0,0.0,0.0,0.0,0.0,0,0,0,0.0,0.0,0.0,0.0,0.0,0.0,0.0,0.0,0.0,0.0,0.0,0.0,0.0,0.0,0.0,0.0,0,-107875648.0,69,0.0,138,0.0,0.0,0,13107,17040,13107,17049,13107,17043,0,0,0,70,68,100,2.7302359370752657e+23,71.1,0.0,74.2,2.7302370179391762e+23,74.0,1,49,50,180,0,52429,0,0,0.0,0.0,0.0,0.0,-0.0,67.0,0.0,162057.094,0.0,750,0,739,0,0,0,721,0,766,0,736,0,742,0,741,0,712,0,7520,0.032,78920024064.0,0.0,0.0,784,16797,-0.0,162057.094,-114818.039,-0.0,0.133,6.909358625270745e+28,30.0,65.0,35,0.0,0.0,0.0,0.0,0.0,0.0,0.0,0.0,0.0,0.0,0.0,0.0,0.0,0.0,0.0,0.0,69.2,0,150,71,54,65476,0,300,0,1,8,20529,65476,0,0,40632,65.0,0.0,0.0,0.0,0.0,0.0
2026-09-04T20:43:57,ERR,ERR,ERR,ERR,ERR,ERR,ERR,ERR,ERR,ERR,ERR,ERR,ERR,ERR,ERR,ERR,ERR,ERR,ERR,ERR,ERR,ERR,ERR,ERR,ERR,ERR,ERR,ERR,ERR,ERR,ERR,ERR,ERR,ERR,ERR,ERR,ERR,ERR,ERR,ERR,ERR,ERR,ERR,ERR,ERR,ERR,ERR,ERR,ERR,ERR,ERR,ERR,ERR,ERR,ERR,ERR,ERR,ERR,ERR,ERR,ERR,ERR,ERR,ERR,ERR,ERR,ERR,ERR,ERR,ERR,ERR,ERR,ERR,ERR,ERR,ERR,ERR,ERR,ERR,ERR,ERR,ERR,ERR,ERR,ERR,ERR,ERR,ERR,ERR,ERR,ERR,ERR,ERR,ERR,ERR,ERR,ERR,ERR,ERR,ERR,ERR,ERR,ERR,ERR,ERR,ERR,ERR,ERR,ERR,ERR,ERR,ERR,ERR,ERR,ERR,ERR,ERR,ERR,ERR,ERR,ERR,ERR,ERR,ERR,ERR,0.0,0.0,0.0,0.0,0.0,1.3936040501711995e+18,7.805,0.0,0,0,4,0,7116,0.0,100,0.0,0.0,0.0,0.0,0.0,0,0,0,0,0.0,0,0,0,0,0,0,0,0,0,0,0,0,0,0,0,0,0,0,0,0,0,0,0,0,0,0,0,0,0,0,0,0,0,31,40,40,71,65476,0,300,0,0,8,21553,0.0,-107605600.0,0.0,0.0,0.0,0.0,0.0,0.0,0.0,0.0,0.0,0.0,0.0,0.0,0.0,0.0,0.0,0.0,0.0,0.0,0.0,0.0,-2.004,2.004,-0.0,-2.004,0.0,0.0,0.0,0.0,6340.0,1.5879372866899675e+29,6926.0,0.0,0.0,2.7184303811560617e+23,0.0,0.0,0.0,0.0,0.0,69,-152018572279808.0,0.0,0.0,0.0,0.0,0.0,0.0,0.0,0.0,0,0,0,0.0,0.0,0.0,0.0,0.0,0.0,0.0,0.0,0.0,0.0,0.0,0.0,0.0,0.0,0.0,0.0,0,-107875648.0,69,0.0,138,0.0,0.0,0,13107,17040,13107,17049,13107,17043,0,0,0,70,68,100,2.7302359370752657e+23,71.1,0.0,74.2,2.7302370179391762e+23,74.0,1,49,50,180,0,52429,0,0,0.0,0.0,0.0,0.0,-0.0,67.0,0.0,162057.094,0.0,750,0,739,0,0,0,721,0,766,0,736,0,742,0,741,0,712,0,7520,0.032,78920024064.0,0.0,0.0,784,16797,-0.0,162057.094,-114818.039,-0.0,0.133,6.909358625270745e+28,30.0,65.0,35,0.0,0.0,0.0,0.0,0.0,0.0,0.0,0.0,0.0,0.0,0.0,0.0,0.0,0.0,0.0,0.0,69.2,0,150,71,54,65476,0,300,0,1,8,20529,65476,0,0,40632,65.0,0.0,0.0,0.0,0.0,0.0
2026-09-04T20:43:58,ERR,ERR,ERR,ERR,ERR,ERR,ERR,ERR,ERR,ERR,ERR,ERR,ERR,ERR,ERR,ERR,ERR,ERR,ERR,ERR,ERR,ERR,ERR,ERR,ERR,ERR,ERR,ERR,ERR,ERR,ERR,ERR,ERR,ERR,ERR,ERR,ERR,ERR,ERR,ERR,ERR,ERR,ERR,ERR,ERR,ERR,ERR,ERR,ERR,ERR,ERR,ERR,ERR,ERR,ERR,ERR,ERR,ERR,ERR,ERR,ERR,ERR,ERR,ERR,ERR,ERR,ERR,ERR,ERR,ERR,ERR,ERR,ERR,ERR,ERR,ERR,ERR,ERR,ERR,ERR,ERR,ERR,ERR,ERR,ERR,ERR,ERR,ERR,ERR,ERR,ERR,ERR,ERR,ERR,ERR,ERR,ERR,ERR,ERR,ERR,ERR,ERR,ERR,ERR,ERR,ERR,ERR,ERR,ERR,ERR,ERR,ERR,ERR,ERR,ERR,ERR,ERR,ERR,ERR,ERR,ERR,ERR,ERR,ERR,ERR,0.0,0.0,0.0,0.0,0.0,1.3936040501711995e+18,7.805,0.0,0,0,4,0,7116,0.0,100,0.0,0.0,0.0,0.0,0.0,0,0,0,0,0.0,0,0,0,0,0,0,0,0,0,0,0,0,0,0,0,0,0,0,0,0,0,0,0,0,0,0,0,0,0,0,0,0,0,31,40,40,71,65476,0,300,0,0,8,21553,0.0,-107605600.0,0.0,0.0,0.0,0.0,0.0,0.0,0.0,0.0,0.0,0.0,0.0,0.0,0.0,0.0,0.0,0.0,0.0,0.0,0.0,0.0,-2.004,2.004,-0.0,-2.004,0.0,0.0,0.0,0.0,6340.0,1.5879372866899675e+29,6926.0,0.0,0.0,2.7184303811560617e+23,0.0,0.0,0.0,0.0,0.0,69,-152018572279808.0,0.0,0.0,0.0,0.0,0.0,0.0,0.0,0.0,0,0,0,0.0,0.0,0.0,0.0,0.0,0.0,0.0,0.0,0.0,0.0,0.0,0.0,0.0,0.0,0.0,0.0,0,-107875648.0,69,0.0,138,0.0,0.0,0,13107,17040,13107,17049,13107,17043,0,0,0,70,68,100,2.7302359370752657e+23,71.1,0.0,74.2,2.7302370179391762e+23,74.0,1,49,50,180,0,52429,0,0,0.0,0.0,0.0,0.0,-0.0,67.0,0.0,162057.094,0.0,750,0,739,0,0,0,721,0,766,0,736,0,742,0,741,0,712,0,7520,0.032,78920024064.0,0.0,0.0,784,16797,-0.0,162057.094,-114818.039,-0.0,0.133,6.909358625270745e+28,30.0,65.0,35,0.0,0.0,0.0,0.0,0.0,0.0,0.0,0.0,0.0,0.0,0.0,0.0,0.0,0.0,0.0,0.0,69.2,0,150,71,54,65476,0,300,0,1,8,20529,65476,0,0,40632,65.0,0.0,0.0,0.0,0.0,0.0
2026-09-04T20:43:59,ERR,ERR,ERR,ERR,ERR,ERR,ERR,ERR,ERR,ERR,ERR,ERR,ERR,ERR,ERR,ERR,ERR,ERR,ERR,ERR,ERR,ERR,ERR,ERR,ERR,ERR,ERR,ERR,ERR,ERR,ERR,ERR,ERR,ERR,ERR,ERR,ERR,ERR,ERR,ERR,ERR,ERR,ERR,ERR,ERR,ERR,ERR,ERR,ERR,ERR,ERR,ERR,ERR,ERR,ERR,ERR,ERR,ERR,ERR,ERR,ERR,ERR,ERR,ERR,ERR,ERR,ERR,ERR,ERR,ERR,ERR,ERR,ERR,ERR,ERR,ERR,ERR,ERR,ERR,ERR,ERR,ERR,ERR,ERR,ERR,ERR,ERR,ERR,ERR,ERR,ERR,ERR,ERR,ERR,ERR,ERR,ERR,ERR,ERR,ERR,ERR,ERR,ERR,ERR,ERR,ERR,ERR,ERR,ERR,ERR,ERR,ERR,ERR,ERR,ERR,ERR,ERR,ERR,ERR,ERR,ERR,ERR,ERR,ERR,ERR,0.0,0.0,0.0,0.0,0.0,1.3936040501711995e+18,7.805,0.0,0,0,4,0,7116,0.0,100,0.0,0.0,0.0,0.0,0.0,0,0,0,0,0.0,0,0,0,0,0,0,0,0,0,0,0,0,0,0,0,0,0,0,0,0,0,0,0,0,0,0,0,0,0,0,0,0,0,31,40,40,71,65476,0,300,0,0,8,21553,0.0,-107605600.0,0.0,0.0,0.0,0.0,0.0,0.0,0.0,0.0,0.0,0.0,0.0,0.0,0.0,0.0,0.0,0.0,0.0,0.0,0.0,0.0,-2.004,2.004,-0.0,-2.004,0.0,0.0,0.0,0.0,6340.0,1.5879372866899675e+29,6926.0,0.0,0.0,2.7184303811560617e+23,0.0,0.0,0.0,0.0,0.0,69,-152018572279808.0,0.0,0.0,0.0,0.0,0.0,0.0,0.0,0.0,0,0,0,0.0,0.0,0.0,0.0,0.0,0.0,0.0,0.0,0.0,0.0,0.0,0.0,0.0,0.0,0.0,0.0,0,-107875648.0,69,0.0,138,0.0,0.0,0,13107,17040,13107,17049,13107,17043,0,0,0,70,68,100,2.7302359370752657e+23,71.1,0.0,74.2,2.7302370179391762e+23,74.0,1,49,50,180,0,52429,0,0,0.0,0.0,0.0,0.0,-0.0,67.0,0.0,162057.094,0.0,750,0,739,0,0,0,721,0,766,0,736,0,742,0,741,0,712,0,7520,0.032,79456894976.0,0.0,0.0,784,16797,-0.0,162057.094,-114818.039,-0.0,0.133,6.909358625270745e+28,30.0,65.0,35,0.0,0.0,0.0,0.0,0.0,0.0,0.0,0.0,0.0,0.0,0.0,0.0,0.0,0.0,0.0,0.0,69.6,0,150,71,54,65476,0,300,0,1,8,20529,65476,0,0,40632,65.0,0.0,0.0,0.0,0.0,0.0
2026-09-04T20:44:00,ERR,ERR,ERR,ERR,ERR,ERR,ERR,ERR,ERR,ERR,ERR,ERR,ERR,ERR,ERR,ERR,ERR,ERR,ERR,ERR,ERR,ERR,ERR,ERR,ERR,ERR,ERR,ERR,ERR,ERR,ERR,ERR,ERR,ERR,ERR,ERR,ERR,ERR,ERR,ERR,ERR,ERR,ERR,ERR,ERR,ERR,ERR,ERR,ERR,ERR,ERR,ERR,ERR,ERR,ERR,ERR,ERR,ERR,ERR,ERR,ERR,ERR,ERR,ERR,ERR,ERR,ERR,ERR,ERR,ERR,ERR,ERR,ERR,ERR,ERR,ERR,ERR,ERR,ERR,ERR,ERR,ERR,ERR,ERR,ERR,ERR,ERR,ERR,ERR,ERR,ERR,ERR,ERR,ERR,ERR,ERR,ERR,ERR,ERR,ERR,ERR,ERR,ERR,ERR,ERR,ERR,ERR,ERR,ERR,ERR,ERR,ERR,ERR,ERR,ERR,ERR,ERR,ERR,ERR,ERR,ERR,ERR,ERR,ERR,ERR,0.0,0.0,0.0,0.0,0.0,1.3936040501711995e+18,7.805,0.0,0,0,4,0,7116,0.0,100,0.0,0.0,0.0,0.0,0.0,0,0,0,0,0.0,0,0,0,0,0,0,0,0,0,0,0,0,0,0,0,0,0,0,0,0,0,0,0,0,0,0,0,0,0,0,0,0,0,31,40,40,71,65476,0,300,0,0,8,21553,0.0,-107605600.0,0.0,0.0,0.0,0.0,0.0,0.0,0.0,0.0,0.0,0.0,0.0,0.0,0.0,0.0,0.0,0.0,0.0,0.0,0.0,0.0,-2.004,2.004,-0.0,-0.0,0.0,0.0,0.0,0.0,6342.0,0.0,6919.0,0.0,0.0,2.7184303811560617e+23,0.0,0.0,0.0,0.0,0.0,69,-152018572279808.0,-0.0,0.0,0.0,0.0,0.0,0.0,0.0,0.0,0,0,0,0.0,0.0,0.0,0.0,0.0,0.0,0.0,0.0,0.0,0.0,0.0,0.0,0.0,0.0,0.0,0.0,0,-107875648.0,69,0.0,138,0.0,0.0,0,13107,17040,13107,17049,13107,17043,0,0,0,70,68,100,2.7302359370752657e+23,71.1,0.0,74.2,2.7302370179391762e+23,74.0,1,49,50,180,0,52429,0,0,0.0,0.0,0.0,0.0,-0.0,67.0,0.0,162057.094,0.0,750,0,739,0,0,0,721,0,766,0,736,0,742,0,741,0,712,0,7520,0.032,79456894976.0,0.0,0.0,784,16797,-0.0,162057.094,-114818.039,-0.0,0.133,6.909358625270745e+28,30.0,65.0,35,0.0,0.0,0.0,0.0,0.0,0.0,0.0,0.0,0.0,0.0,0.0,0.0,0.0,0.0,0.0,0.0,69.6,0,150,71,54,65476,0,300,0,1,8,20529,65476,0,0,40632,65.0,0.0,0.0,0.0,0.0,0.0
2026-09-04T20:44:01,ERR,ERR,ERR,ERR,ERR,ERR,ERR,ERR,ERR,ERR,ERR,ERR,ERR,ERR,ERR,ERR,ERR,ERR,ERR,ERR,ERR,ERR,ERR,ERR,ERR,ERR,ERR,ERR,ERR,ERR,ERR,ERR,ERR,ERR,ERR,ERR,ERR,ERR,ERR,ERR,ERR,ERR,ERR,ERR,ERR,ERR,ERR,ERR,ERR,ERR,ERR,ERR,ERR,ERR,ERR,ERR,ERR,ERR,ERR,ERR,ERR,ERR,ERR,ERR,ERR,ERR,ERR,ERR,ERR,ERR,ERR,ERR,ERR,ERR,ERR,ERR,ERR,ERR,ERR,ERR,ERR,ERR,ERR,ERR,ERR,ERR,ERR,ERR,ERR,ERR,ERR,ERR,ERR,ERR,ERR,ERR,ERR,ERR,ERR,ERR,ERR,ERR,ERR,ERR,ERR,ERR,ERR,ERR,ERR,ERR,ERR,ERR,ERR,ERR,ERR,ERR,ERR,ERR,ERR,ERR,ERR,ERR,ERR,ERR,ERR,0.0,0.0,0.0,0.0,0.0,1.3936040501711995e+18,7.805,0.0,0,0,4,0,7116,0.0,100,0.0,0.0,0.0,0.0,0.0,0,0,0,0,0.0,0,0,0,0,0,0,0,0,0,0,0,0,0,0,0,0,0,0,0,0,0,0,0,0,0,0,0,0,0,0,0,0,0,31,40,40,71,65476,0,300,0,0,8,21553,0.0,-107605600.0,0.0,0.0,0.0,0.0,0.0,0.0,0.0,0.0,0.0,0.0,0.0,0.0,0.0,0.0,0.0,0.0,0.0,0.0,0.0,0.0,-2.004,2.004,-0.0,-0.0,0.0,0.0,0.0,0.0,6342.0,0.0,6919.0,0.0,0.0,2.7184303811560617e+23,0.0,0.0,0.0,0.0,0.0,69,-152018572279808.0,-0.0,0.0,0.0,0.0,0.0,0.0,0.0,0.0,0,0,0,0.0,0.0,0.0,0.0,0.0,0.0,0.0,0.0,0.0,0.0,0.0,0.0,0.0,0.0,0.0,0.0,0,-107875648.0,69,0.0,138,0.0,0.0,0,13107,17040,13107,17049,13107,17043,0,0,0,70,68,100,2.7302359370752657e+23,71.1,0.0,74.2,2.7302370179391762e+23,74.0,1,49,50,180,0,52429,0,0,0.0,0.0,0.0,0.0,-0.0,67.0,0.0,162057.094,0.0,750,0,739,0,0,0,721,0,766,0,736,0,742,0,741,0,712,0,7520,0.032,79456894976.0,0.0,0.0,784,16797,-0.0,162057.094,-114818.039,-0.0,0.133,6.909358625270745e+28,30.0,65.0,35,0.0,0.0,0.0,0.0,0.0,0.0,0.0,0.0,0.0,0.0,0.0,0.0,0.0,0.0,0.0,0.0,69.2,0,150,71,54,65476,0,300,0,1,8,20529,65476,0,0,40632,65.0,0.0,0.0,0.0,0.0,0.0
2026-09-04T20:44:02,ERR,ERR,ERR,ERR,ERR,ERR,ERR,ERR,ERR,ERR,ERR,ERR,ERR,ERR,ERR,ERR,ERR,ERR,ERR,ERR,ERR,ERR,ERR,ERR,ERR,ERR,ERR,ERR,ERR,ERR,ERR,ERR,ERR,ERR,ERR,ERR,ERR,ERR,ERR,ERR,ERR,ERR,ERR,ERR,ERR,ERR,ERR,ERR,ERR,ERR,ERR,ERR,ERR,ERR,ERR,ERR,ERR,ERR,ERR,ERR,ERR,ERR,ERR,ERR,ERR,ERR,ERR,ERR,ERR,ERR,ERR,ERR,ERR,ERR,ERR,ERR,ERR,ERR,ERR,ERR,ERR,ERR,ERR,ERR,ERR,ERR,ERR,ERR,ERR,ERR,ERR,ERR,ERR,ERR,ERR,ERR,ERR,ERR,ERR,ERR,ERR,ERR,ERR,ERR,ERR,ERR,ERR,ERR,ERR,ERR,ERR,ERR,ERR,ERR,ERR,ERR,ERR,ERR,ERR,ERR,ERR,ERR,ERR,ERR,ERR,0.0,0.0,0.0,0.0,0.0,1.3936040501711995e+18,7.805,0.0,0,0,4,0,7116,0.0,100,0.0,0.0,0.0,0.0,0.0,0,0,0,0,0.0,0,0,0,0,0,0,0,0,0,0,0,0,0,0,0,0,0,0,0,0,0,0,0,0,0,0,0,0,0,0,0,0,0,31,40,40,71,65476,0,300,0,0,8,21553,0.0,-107605600.0,0.0,0.0,0.0,0.0,0.0,0.0,0.0,0.0,0.0,0.0,0.0,0.0,0.0,0.0,0.0,0.0,0.0,0.0,0.0,0.0,-2.004,2.004,-0.0,-0.0,0.0,0.0,0.0,0.0,6342.0,0.0,6919.0,0.0,0.0,2.7184303811560617e+23,0.0,0.0,0.0,0.0,0.0,69,-152018572279808.0,-0.0,0.0,0.0,0.0,0.0,0.0,0.0,0.0,0,0,0,0.0,0.0,0.0,0.0,0.0,0.0,0.0,0.0,0.0,0.0,0.0,0.0,0.0,0.0,0.0,0.0,0,-107875648.0,69,0.0,138,0.0,0.0,0,13107,17040,13107,17049,13107,17043,0,0,0,70,68,100,2.7302359370752657e+23,71.1,0.0,74.2,2.7302370179391762e+23,74.0,1,49,50,180,0,52429,0,0,0.0,0.0,0.0,0.0,-0.0,67.0,0.0,162057.094,0.0,750,0,739,0,0,0,721,0,766,0,736,0,742,0,741,0,712,0,7520,0.032,79456894976.0,0.0,0.0,784,16797,-0.0,162057.094,-114818.039,-0.0,0.133,6.909358625270745e+28,30.0,65.0,35,0.0,0.0,0.0,0.0,0.0,0.0,0.0,0.0,0.0,0.0,0.0,0.0,0.0,0.0,0.0,0.0,69.2,0,150,71,54,65476,0,300,0,1,8,20529,65476,0,0,40632,65.0,0.0,0.0,0.0,0.0,0.0
2026-09-04T20:44:03,ERR,ERR,ERR,ERR,ERR,ERR,ERR,ERR,ERR,ERR,ERR,ERR,ERR,ERR,ERR,ERR,ERR,ERR,ERR,ERR,ERR,ERR,ERR,ERR,ERR,ERR,ERR,ERR,ERR,ERR,ERR,ERR,ERR,ERR,ERR,ERR,ERR,ERR,ERR,ERR,ERR,ERR,ERR,ERR,ERR,ERR,ERR,ERR,ERR,ERR,ERR,ERR,ERR,ERR,ERR,ERR,ERR,ERR,ERR,ERR,ERR,ERR,ERR,ERR,ERR,ERR,ERR,ERR,ERR,ERR,ERR,ERR,ERR,ERR,ERR,ERR,ERR,ERR,ERR,ERR,ERR,ERR,ERR,ERR,ERR,ERR,ERR,ERR,ERR,ERR,ERR,ERR,ERR,ERR,ERR,ERR,ERR,ERR,ERR,ERR,ERR,ERR,ERR,ERR,ERR,ERR,ERR,ERR,ERR,ERR,ERR,ERR,ERR,ERR,ERR,ERR,ERR,ERR,ERR,ERR,ERR,ERR,ERR,ERR,ERR,0.0,0.0,0.0,0.0,0.0,1.3936040501711995e+18,7.805,0.0,0,0,4,0,7116,0.0,100,0.0,0.0,0.0,0.0,0.0,0,0,0,0,0.0,0,0,0,0,0,0,0,0,0,0,0,0,0,0,0,0,0,0,0,0,0,0,0,0,0,0,0,0,0,0,0,0,0,31,40,40,71,65476,0,300,0,0,8,21553,0.0,-107605600.0,0.0,0.0,0.0,0.0,0.0,0.0,0.0,0.0,0.0,0.0,0.0,0.0,0.0,0.0,0.0,0.0,0.0,0.0,0.0,0.0,-2.004,2.004,-0.0,-0.0,0.0,0.0,0.0,0.0,6342.0,0.0,6919.0,0.0,0.0,2.7184303811560617e+23,0.0,0.0,0.0,0.0,0.0,69,-152018572279808.0,-0.0,0.0,0.0,0.0,0.0,0.0,0.0,0.0,0,0,0,0.0,0.0,0.0,0.0,0.0,0.0,0.0,0.0,0.0,0.0,0.0,0.0,0.0,0.0,0.0,0.0,0,-107875648.0,69,0.0,138,0.0,0.0,0,13107,17040,13107,17049,13107,17043,0,0,0,70,68,100,2.7302359370752657e+23,71.1,0.0,74.2,2.7302370179391762e+23,74.0,1,49,50,180,0,52429,0,0,0.0,0.0,0.0,0.0,-0.0,67.0,0.0,162057.094,0.0,750,0,739,0,0,0,721,0,766,0,736,0,742,0,741,0,712,0,7520,0.032,79456894976.0,0.0,0.0,784,16797,-0.0,162057.094,-114818.039,-0.0,0.133,6.909358625270745e+28,30.0,65.0,35,0.0,0.0,0.0,0.0,0.0,0.0,0.0,0.0,0.0,0.0,0.0,0.0,0.0,0.0,0.0,0.0,69.2,0,150,71,54,65476,0,300,0,1,8,20529,65476,0,0,40632,65.0,0.0,0.0,0.0,0.0,0.0
2026-09-04T20:44:04,ERR,ERR,ERR,ERR,ERR,ERR,ERR,ERR,ERR,ERR,ERR,ERR,ERR,ERR,ERR,ERR,ERR,ERR,ERR,ERR,ERR,ERR,ERR,ERR,ERR,ERR,ERR,ERR,ERR,ERR,ERR,ERR,ERR,ERR,ERR,ERR,ERR,ERR,ERR,ERR,ERR,ERR,ERR,ERR,ERR,ERR,ERR,ERR,ERR,ERR,ERR,ERR,ERR,ERR,ERR,ERR,ERR,ERR,ERR,ERR,ERR,ERR,ERR,ERR,ERR,ERR,ERR,ERR,ERR,ERR,ERR,ERR,ERR,ERR,ERR,ERR,ERR,ERR,ERR,ERR,ERR,ERR,ERR,ERR,ERR,ERR,ERR,ERR,ERR,ERR,ERR,ERR,ERR,ERR,ERR,ERR,ERR,ERR,ERR,ERR,ERR,ERR,ERR,ERR,ERR,ERR,ERR,ERR,ERR,ERR,ERR,ERR,ERR,ERR,ERR,ERR,ERR,ERR,ERR,ERR,ERR,ERR,ERR,ERR,ERR,0.0,0.0,0.0,0.0,0.0,1.3936040501711995e+18,7.805,0.0,0,0,4,0,7116,0.0,100,0.0,0.0,0.0,0.0,0.0,0,0,0,0,0.0,0,0,0,0,0,0,0,0,0,0,0,0,0,0,0,0,0,0,0,0,0,0,0,0,0,0,0,0,0,0,0,0,0,31,40,40,71,65476,0,300,0,0,8,21553,0.0,-107605600.0,0.0,0.0,0.0,0.0,0.0,0.0,0.0,0.0,0.0,0.0,0.0,0.0,0.0,0.0,0.0,0.0,0.0,0.0,0.0,0.0,-2.004,2.004,-0.0,-0.0,0.0,0.0,0.0,0.0,6342.0,0.0,6919.0,0.0,0.0,2.7184303811560617e+23,0.0,0.0,0.0,0.0,0.0,69,-152018572279808.0,-0.0,0.0,0.0,0.0,0.0,0.0,0.0,0.0,0,0,0,0.0,0.0,0.0,0.0,0.0,0.0,0.0,0.0,0.0,0.0,0.0,0.0,0.0,0.0,0.0,0.0,0,-107875648.0,69,0.0,138,0.0,0.0,0,13107,17040,13107,17049,13107,17043,0,0,0,70,68,100,2.7302359370752657e+23,71.1,0.0,74.2,2.7302370179391762e+23,74.0,1,49,50,180,0,52429,0,0,0.0,0.0,0.0,0.0,-0.0,67.0,0.0,162057.094,0.0,750,0,739,0,0,0,721,0,766,0,736,0,742,0,741,0,712,0,7520,0.032,78920024064.0,0.0,0.0,784,16797,-0.0,162057.094,-114818.039,-0.0,0.133,6.909358625270745e+28,30.0,65.0,35,0.0,0.0,0.0,0.0,0.0,0.0,0.0,0.0,0.0,0.0,0.0,0.0,0.0,0.0,0.0,0.0,69.6,0,150,71,54,65476,0,300,0,1,8,20529,65476,0,0,40632,65.0,0.0,0.0,0.0,0.0,0.0
2026-09-04T20:44:05,ERR,ERR,ERR,ERR,ERR,ERR,ERR,ERR,ERR,ERR,ERR,ERR,ERR,ERR,ERR,ERR,ERR,ERR,ERR,ERR,ERR,ERR,ERR,ERR,ERR,ERR,ERR,ERR,ERR,ERR,ERR,ERR,ERR,ERR,ERR,ERR,ERR,ERR,ERR,ERR,ERR,ERR,ERR,ERR,ERR,ERR,ERR,ERR,ERR,ERR,ERR,ERR,ERR,ERR,ERR,ERR,ERR,ERR,ERR,ERR,ERR,ERR,ERR,ERR,ERR,ERR,ERR,ERR,ERR,ERR,ERR,ERR,ERR,ERR,ERR,ERR,ERR,ERR,ERR,ERR,ERR,ERR,ERR,ERR,ERR,ERR,ERR,ERR,ERR,ERR,ERR,ERR,ERR,ERR,ERR,ERR,ERR,ERR,ERR,ERR,ERR,ERR,ERR,ERR,ERR,ERR,ERR,ERR,ERR,ERR,ERR,ERR,ERR,ERR,ERR,ERR,ERR,ERR,ERR,ERR,ERR,ERR,ERR,ERR,ERR,0.0,0.0,0.0,0.0,0.0,1.3936040501711995e+18,7.805,0.0,0,0,4,0,7116,0.0,100,0.0,0.0,0.0,0.0,0.0,0,0,0,0,0.0,0,0,0,0,0,0,0,0,0,0,0,0,0,0,0,0,0,0,0,0,0,0,0,0,0,0,0,0,0,0,0,0,0,31,40,40,71,65476,0,300,0,0,8,21553,0.0,-107605600.0,0.0,0.0,0.0,0.0,0.0,0.0,0.0,0.0,0.0,0.0,0.0,0.0,0.0,0.0,0.0,0.0,0.0,0.0,0.0,0.0,-2.004,2.004,-0.0,-0.0,0.0,0.0,0.0,0.0,6342.0,0.0,6919.0,0.0,0.0,2.7184303811560617e+23,0.0,0.0,0.0,0.0,0.0,69,-152018572279808.0,-0.0,0.0,0.0,0.0,0.0,0.0,0.0,0.0,0,0,0,0.0,0.0,0.0,0.0,0.0,0.0,0.0,0.0,0.0,0.0,0.0,0.0,0.0,0.0,0.0,0.0,0,-107875648.0,69,0.0,138,0.0,0.0,0,13107,17040,13107,17049,13107,17043,0,0,0,70,68,100,2.7302359370752657e+23,71.1,0.0,74.2,2.7302370179391762e+23,74.0,1,49,50,180,0,52429,0,0,0.0,0.0,0.0,0.0,-0.0,67.0,0.0,162057.094,0.0,750,0,739,0,0,0,721,0,766,0,736,0,742,0,741,0,712,0,7520,0.032,78920024064.0,0.0,0.0,784,16797,-0.0,162057.094,-114818.039,-0.0,0.133,6.909358625270745e+28,30.0,65.0,35,0.0,0.0,0.0,0.0,0.0,0.0,0.0,0.0,0.0,0.0,0.0,0.0,0.0,0.0,0.0,0.0,69.6,0,150,71,54,65476,0,300,0,1,8,20529,65476,0,0,40632,65.0,0.0,0.0,0.0,0.0,0.0
2026-09-04T20:44:06,ERR,ERR,ERR,ERR,ERR,ERR,ERR,ERR,ERR,ERR,ERR,ERR,ERR,ERR,ERR,ERR,ERR,ERR,ERR,ERR,ERR,ERR,ERR,ERR,ERR,ERR,ERR,ERR,ERR,ERR,ERR,ERR,ERR,ERR,ERR,ERR,ERR,ERR,ERR,ERR,ERR,ERR,ERR,ERR,ERR,ERR,ERR,ERR,ERR,ERR,ERR,ERR,ERR,ERR,ERR,ERR,ERR,ERR,ERR,ERR,ERR,ERR,ERR,ERR,ERR,ERR,ERR,ERR,ERR,ERR,ERR,ERR,ERR,ERR,ERR,ERR,ERR,ERR,ERR,ERR,ERR,ERR,ERR,ERR,ERR,ERR,ERR,ERR,ERR,ERR,ERR,ERR,ERR,ERR,ERR,ERR,ERR,ERR,ERR,ERR,ERR,ERR,ERR,ERR,ERR,ERR,ERR,ERR,ERR,ERR,ERR,ERR,ERR,ERR,ERR,ERR,ERR,ERR,ERR,ERR,ERR,ERR,ERR,ERR,ERR,0.0,0.0,0.0,0.0,0.0,1.3936040501711995e+18,7.805,0.0,0,0,4,0,7116,0.0,100,0.0,0.0,0.0,0.0,0.0,0,0,0,0,0.0,0,0,0,0,0,0,0,0,0,0,0,0,0,0,0,0,0,0,0,0,0,0,0,0,0,0,0,0,0,0,0,0,0,31,40,40,71,65476,0,300,0,0,8,21553,0.0,-107605600.0,0.0,0.0,0.0,0.0,0.0,0.0,0.0,0.0,0.0,0.0,0.0,0.0,0.0,0.0,0.0,0.0,0.0,0.0,0.0,0.0,-2.004,2.004,-0.0,-0.0,0.0,0.0,0.0,0.0,6342.0,0.0,6919.0,0.0,0.0,2.7184303811560617e+23,0.0,0.0,0.0,0.0,0.0,69,-152018572279808.0,-0.0,0.0,0.0,0.0,0.0,0.0,0.0,0.0,0,0,0,0.0,0.0,0.0,0.0,0.0,0.0,0.0,0.0,0.0,0.0,0.0,0.0,0.0,0.0,0.0,0.0,0,-107875648.0,69,0.0,138,0.0,0.0,0,13107,17040,13107,17049,13107,17043,0,0,0,70,68,100,2.7302359370752657e+23,71.1,0.0,74.2,2.7302370179391762e+23,74.0,1,49,50,180,0,52429,0,0,0.0,0.0,0.0,0.0,-0.0,67.0,0.0,162057.094,0.0,750,0,739,0,0,0,721,0,766,0,736,0,742,0,741,0,712,0,7520,0.032,78920024064.0,0.0,0.0,784,16797,-0.0,162057.094,-114818.039,-0.0,0.133,6.909358625270745e+28,30.0,65.0,35,0.0,0.0,0.0,0.0,0.0,0.0,0.0,0.0,0.0,0.0,0.0,0.0,0.0,0.0,0.0,0.0,69.6,0,150,71,54,65476,0,300,0,1,8,20529,65476,0,0,40632,65.0,0.0,0.0,0.0,0.0,0.0
2026-09-04T20:44:07,ERR,ERR,ERR,ERR,ERR,ERR,ERR,ERR,ERR,ERR,ERR,ERR,ERR,ERR,ERR,ERR,ERR,ERR,ERR,ERR,ERR,ERR,ERR,ERR,ERR,ERR,ERR,ERR,ERR,ERR,ERR,ERR,ERR,ERR,ERR,ERR,ERR,ERR,ERR,ERR,ERR,ERR,ERR,ERR,ERR,ERR,ERR,ERR,ERR,ERR,ERR,ERR,ERR,ERR,ERR,ERR,ERR,ERR,ERR,ERR,ERR,ERR,ERR,ERR,ERR,ERR,ERR,ERR,ERR,ERR,ERR,ERR,ERR,ERR,ERR,ERR,ERR,ERR,ERR,ERR,ERR,ERR,ERR,ERR,ERR,ERR,ERR,ERR,ERR,ERR,ERR,ERR,ERR,ERR,ERR,ERR,ERR,ERR,ERR,ERR,ERR,ERR,ERR,ERR,ERR,ERR,ERR,ERR,ERR,ERR,ERR,ERR,ERR,ERR,ERR,ERR,ERR,ERR,ERR,ERR,ERR,ERR,ERR,ERR,ERR,0.0,0.0,0.0,0.0,0.0,1.3936040501711995e+18,7.805,0.0,0,0,4,0,7116,0.0,100,0.0,0.0,0.0,0.0,0.0,0,0,0,0,0.0,0,0,0,0,0,0,0,0,0,0,0,0,0,0,0,0,0,0,0,0,0,0,0,0,0,0,0,0,0,0,0,0,0,31,40,40,71,65476,0,300,0,0,8,21553,0.0,-107605600.0,0.0,0.0,0.0,0.0,0.0,0.0,0.0,0.0,0.0,0.0,0.0,0.0,0.0,0.0,0.0,0.0,0.0,0.0,0.0,0.0,-2.004,2.004,-0.0,-2.004,0.0,0.0,0.0,0.0,6309.0,-3.697204165615393e+19,6940.0,0.0,0.0,2.7184303811560617e+23,0.0,0.0,0.0,0.0,0.0,69,-2.7184312818759872e+23,89220.977,0.0,0.0,0.0,0.0,0.0,0.0,0.0,0,0,0,0.0,0.0,0.0,0.0,0.0,0.0,0.0,0.0,0.0,0.0,0.0,0.0,0.0,0.0,0.0,0.0,0,-107875648.0,69,0.0,138,0.0,0.0,0,13107,17040,13107,17049,13107,17043,0,0,0,70,68,100,2.7302359370752657e+23,71.1,0.0,74.2,2.7302370179391762e+23,74.0,1,49,50,180,0,52429,0,0,0.0,0.0,0.0,0.0,-0.0,67.0,0.0,162057.094,0.0,750,0,739,0,0,0,721,0,766,0,736,0,742,0,741,0,712,0,7520,0.032,78920024064.0,0.0,0.0,784,16797,-0.0,162057.094,-114818.039,-0.0,0.133,6.909358625270745e+28,30.0,65.0,35,0.0,0.0,0.0,0.0,0.0,0.0,0.0,0.0,0.0,0.0,0.0,0.0,0.0,0.0,0.0,0.0,69.6,0,150,71,54,65476,0,300,0,1,8,20529,65476,0,0,40632,65.0,0.0,0.0,0.0,0.0,0.0
2026-09-04T20:44:08,ERR,ERR,ERR,ERR,ERR,ERR,ERR,ERR,ERR,ERR,ERR,ERR,ERR,ERR,ERR,ERR,ERR,ERR,ERR,ERR,ERR,ERR,ERR,ERR,ERR,ERR,ERR,ERR,ERR,ERR,ERR,ERR,ERR,ERR,ERR,ERR,ERR,ERR,ERR,ERR,ERR,ERR,ERR,ERR,ERR,ERR,ERR,ERR,ERR,ERR,ERR,ERR,ERR,ERR,ERR,ERR,ERR,ERR,ERR,ERR,ERR,ERR,ERR,ERR,ERR,ERR,ERR,ERR,ERR,ERR,ERR,ERR,ERR,ERR,ERR,ERR,ERR,ERR,ERR,ERR,ERR,ERR,ERR,ERR,ERR,ERR,ERR,ERR,ERR,ERR,ERR,ERR,ERR,ERR,ERR,ERR,ERR,ERR,ERR,ERR,ERR,ERR,ERR,ERR,ERR,ERR,ERR,ERR,ERR,ERR,ERR,ERR,ERR,ERR,ERR,ERR,ERR,ERR,ERR,ERR,ERR,ERR,ERR,ERR,ERR,0.0,0.0,0.0,0.0,0.0,1.3936040501711995e+18,7.805,0.0,0,0,4,0,7116,0.0,100,0.0,0.0,0.0,0.0,0.0,0,0,0,0,0.0,0,0,0,0,0,0,0,0,0,0,0,0,0,0,0,0,0,0,0,0,0,0,0,0,0,0,0,0,0,0,0,0,0,31,40,40,71,65476,0,300,0,0,8,21553,0.0,-107605600.0,0.0,0.0,0.0,0.0,0.0,0.0,0.0,0.0,0.0,0.0,0.0,0.0,0.0,0.0,0.0,0.0,0.0,0.0,0.0,0.0,-2.004,2.004,-0.0,-2.004,0.0,0.0,0.0,0.0,6309.0,-3.697204165615393e+19,6940.0,0.0,0.0,2.7184303811560617e+23,0.0,0.0,0.0,0.0,0.0,69,-2.7184312818759872e+23,89220.977,0.0,0.0,0.0,0.0,0.0,0.0,0.0,0,0,0,0.0,0.0,0.0,0.0,0.0,0.0,0.0,0.0,0.0,0.0,0.0,0.0,0.0,0.0,0.0,0.0,0,-107875648.0,69,0.0,138,0.0,0.0,0,13107,17040,13107,17049,13107,17043,0,0,0,70,68,100,2.7302359370752657e+23,71.1,0.0,74.2,2.7302370179391762e+23,74.0,1,49,50,180,0,52429,0,0,0.0,0.0,0.0,0.0,-0.0,67.0,0.0,162057.094,0.0,750,0,739,0,0,0,721,0,766,0,736,0,742,0,741,0,712,0,7520,0.032,78920024064.0,0.0,0.0,784,16797,-0.0,162057.094,-114818.039,-0.0,0.133,6.909358625270745e+28,30.0,65.0,35,0.0,0.0,0.0,0.0,0.0,0.0,0.0,0.0,0.0,0.0,0.0,0.0,0.0,0.0,0.0,0.0,69.6,0,150,71,54,65476,0,300,0,1,8,20529,65476,0,0,40632,65.0,0.0,0.0,0.0,0.0,0.0
2026-09-04T20:44:09,ERR,ERR,ERR,ERR,ERR,ERR,ERR,ERR,ERR,ERR,ERR,ERR,ERR,ERR,ERR,ERR,ERR,ERR,ERR,ERR,ERR,ERR,ERR,ERR,ERR,ERR,ERR,ERR,ERR,ERR,ERR,ERR,ERR,ERR,ERR,ERR,ERR,ERR,ERR,ERR,ERR,ERR,ERR,ERR,ERR,ERR,ERR,ERR,ERR,ERR,ERR,ERR,ERR,ERR,ERR,ERR,ERR,ERR,ERR,ERR,ERR,ERR,ERR,ERR,ERR,ERR,ERR,ERR,ERR,ERR,ERR,ERR,ERR,ERR,ERR,ERR,ERR,ERR,ERR,ERR,ERR,ERR,ERR,ERR,ERR,ERR,ERR,ERR,ERR,ERR,ERR,ERR,ERR,ERR,ERR,ERR,ERR,ERR,ERR,ERR,ERR,ERR,ERR,ERR,ERR,ERR,ERR,ERR,ERR,ERR,ERR,ERR,ERR,ERR,ERR,ERR,ERR,ERR,ERR,ERR,ERR,ERR,ERR,ERR,ERR,0.0,0.0,0.0,0.0,0.0,1.3936040501711995e+18,7.805,0.0,0,0,4,0,7116,0.0,100,0.0,0.0,0.0,0.0,0.0,0,0,0,0,0.0,0,0,0,0,0,0,0,0,0,0,0,0,0,0,0,0,0,0,0,0,0,0,0,0,0,0,0,0,0,0,0,0,0,31,40,40,71,65476,0,300,0,0,8,21553,0.0,-107605600.0,0.0,0.0,0.0,0.0,0.0,0.0,0.0,0.0,0.0,0.0,0.0,0.0,0.0,0.0,0.0,0.0,0.0,0.0,0.0,0.0,-2.004,2.004,-0.0,-2.004,0.0,0.0,0.0,0.0,6309.0,-3.697204165615393e+19,6940.0,0.0,0.0,2.7184303811560617e+23,0.0,0.0,0.0,0.0,0.0,69,-2.7184312818759872e+23,89220.977,0.0,0.0,0.0,0.0,0.0,0.0,0.0,0,0,0,0.0,0.0,0.0,0.0,0.0,0.0,0.0,0.0,0.0,0.0,0.0,0.0,0.0,0.0,0.0,0.0,0,-107875648.0,69,0.0,138,0.0,0.0,0,13107,17040,13107,17049,13107,17043,0,0,0,70,68,100,2.7302359370752657e+23,71.1,0.0,74.2,2.7302370179391762e+23,74.0,1,49,50,180,0,52429,0,0,0.0,0.0,0.0,0.0,-0.0,67.0,0.0,162057.094,0.0,750,0,739,0,0,0,721,0,766,0,736,0,742,0,741,0,712,0,7520,0.032,78920024064.0,0.0,0.0,784,16797,-0.0,162057.094,-114818.039,-0.0,0.133,6.909358625270745e+28,30.0,65.0,35,0.0,0.0,0.0,0.0,0.0,0.0,0.0,0.0,0.0,0.0,0.0,0.0,0.0,0.0,0.0,0.0,69.2,0,150,71,54,65476,0,300,0,1,8,20529,65476,0,0,40632,65.0,0.0,0.0,0.0,0.0,0.0
2026-09-04T20:44:10,ERR,ERR,ERR,ERR,ERR,ERR,ERR,ERR,ERR,ERR,ERR,ERR,ERR,ERR,ERR,ERR,ERR,ERR,ERR,ERR,ERR,ERR,ERR,ERR,ERR,ERR,ERR,ERR,ERR,ERR,ERR,ERR,ERR,ERR,ERR,ERR,ERR,ERR,ERR,ERR,ERR,ERR,ERR,ERR,ERR,ERR,ERR,ERR,ERR,ERR,ERR,ERR,ERR,ERR,ERR,ERR,ERR,ERR,ERR,ERR,ERR,ERR,ERR,ERR,ERR,ERR,ERR,ERR,ERR,ERR,ERR,ERR,ERR,ERR,ERR,ERR,ERR,ERR,ERR,ERR,ERR,ERR,ERR,ERR,ERR,ERR,ERR,ERR,ERR,ERR,ERR,ERR,ERR,ERR,ERR,ERR,ERR,ERR,ERR,ERR,ERR,ERR,ERR,ERR,ERR,ERR,ERR,ERR,ERR,ERR,ERR,ERR,ERR,ERR,ERR,ERR,ERR,ERR,ERR,ERR,ERR,ERR,ERR,ERR,ERR,0.0,0.0,0.0,0.0,0.0,1.3936040501711995e+18,7.805,0.0,0,0,4,0,7116,0.0,100,0.0,0.0,0.0,0.0,0.0,0,0,0,0,0.0,0,0,0,0,0,0,0,0,0,0,0,0,0,0,0,0,0,0,0,0,0,0,0,0,0,0,0,0,0,0,0,0,0,31,40,40,71,65476,0,300,0,0,8,21553,0.0,-107605600.0,0.0,0.0,0.0,0.0,0.0,0.0,0.0,0.0,0.0,0.0,0.0,0.0,0.0,0.0,0.0,0.0,0.0,0.0,0.0,0.0,-2.004,2.004,-0.0,-2.004,0.0,0.0,0.0,0.0,6309.0,-3.697204165615393e+19,6940.0,0.0,0.0,2.7184303811560617e+23,0.0,0.0,0.0,0.0,0.0,69,-2.7184312818759872e+23,89220.977,0.0,0.0,0.0,0.0,0.0,0.0,0.0,0,0,0,0.0,0.0,0.0,0.0,0.0,0.0,0.0,0.0,0.0,0.0,0.0,0.0,0.0,0.0,0.0,0.0,0,-107875648.0,69,0.0,138,0.0,0.0,0,13107,17040,13107,17049,13107,17043,0,0,0,70,68,100,2.7302359370752657e+23,71.1,0.0,74.2,2.7302370179391762e+23,74.0,1,49,50,180,0,52429,0,0,0.0,0.0,0.0,0.0,-0.0,67.0,0.0,162057.094,0.0,750,0,739,0,0,0,721,0,766,0,736,0,742,0,741,0,712,0,7520,0.032,78920024064.0,0.0,0.0,784,16797,-0.0,162057.094,-114818.039,-0.0,0.133,6.909358625270745e+28,30.0,65.0,35,0.0,0.0,0.0,0.0,0.0,0.0,0.0,0.0,0.0,0.0,0.0,0.0,0.0,0.0,0.0,0.0,69.2,0,150,71,54,65476,0,300,0,1,8,20529,65476,0,0,40632,65.0,0.0,0.0,0.0,0.0,0.0
2026-09-04T20:44:11,ERR,ERR,ERR,ERR,ERR,ERR,ERR,ERR,ERR,ERR,ERR,ERR,ERR,ERR,ERR,ERR,ERR,ERR,ERR,ERR,ERR,ERR,ERR,ERR,ERR,ERR,ERR,ERR,ERR,ERR,ERR,ERR,ERR,ERR,ERR,ERR,ERR,ERR,ERR,ERR,ERR,ERR,ERR,ERR,ERR,ERR,ERR,ERR,ERR,ERR,ERR,ERR,ERR,ERR,ERR,ERR,ERR,ERR,ERR,ERR,ERR,ERR,ERR,ERR,ERR,ERR,ERR,ERR,ERR,ERR,ERR,ERR,ERR,ERR,ERR,ERR,ERR,ERR,ERR,ERR,ERR,ERR,ERR,ERR,ERR,ERR,ERR,ERR,ERR,ERR,ERR,ERR,ERR,ERR,ERR,ERR,ERR,ERR,ERR,ERR,ERR,ERR,ERR,ERR,ERR,ERR,ERR,ERR,ERR,ERR,ERR,ERR,ERR,ERR,ERR,ERR,ERR,ERR,ERR,ERR,ERR,ERR,ERR,ERR,ERR,0.0,0.0,0.0,0.0,0.0,1.3936040501711995e+18,7.805,0.0,0,0,4,0,7116,0.0,100,0.0,0.0,0.0,0.0,0.0,0,0,0,0,0.0,0,0,0,0,0,0,0,0,0,0,0,0,0,0,0,0,0,0,0,0,0,0,0,0,0,0,0,0,0,0,0,0,0,31,40,40,71,65476,0,300,0,0,8,21553,0.0,-107605600.0,0.0,0.0,0.0,0.0,0.0,0.0,0.0,0.0,0.0,0.0,0.0,0.0,0.0,0.0,0.0,0.0,0.0,0.0,0.0,0.0,-2.004,2.004,-0.0,-2.004,0.0,0.0,0.0,0.0,6309.0,-3.697204165615393e+19,6940.0,0.0,0.0,2.7184303811560617e+23,0.0,0.0,0.0,0.0,0.0,69,-2.7184312818759872e+23,89220.977,0.0,0.0,0.0,0.0,0.0,0.0,0.0,0,0,0,0.0,0.0,0.0,0.0,0.0,0.0,0.0,0.0,0.0,0.0,0.0,0.0,0.0,0.0,0.0,0.0,0,-107875648.0,69,0.0,138,0.0,0.0,0,13107,17040,13107,17049,13107,17043,0,0,0,70,68,100,2.7302359370752657e+23,71.1,0.0,74.2,2.7302370179391762e+23,74.0,1,49,50,180,0,52429,0,0,0.0,0.0,0.0,0.0,-0.0,67.0,0.0,162057.094,0.0,750,0,739,0,0,0,721,0,766,0,736,0,742,0,741,0,712,0,7520,0.032,78920024064.0,0.0,0.0,784,16797,-0.0,162057.094,-114818.039,-0.0,0.133,6.909358625270745e+28,30.0,65.0,35,0.0,0.0,0.0,0.0,0.0,0.0,0.0,0.0,0.0,0.0,0.0,0.0,0.0,0.0,0.0,0.0,69.2,0,150,71,54,65476,0,300,0,1,8,20529,65476,0,0,40632,65.0,0.0,0.0,0.0,0.0,0.0
2026-09-04T20:44:12,ERR,ERR,ERR,ERR,ERR,ERR,ERR,ERR,ERR,ERR,ERR,ERR,ERR,ERR,ERR,ERR,ERR,ERR,ERR,ERR,ERR,ERR,ERR,ERR,ERR,ERR,ERR,ERR,ERR,ERR,ERR,ERR,ERR,ERR,ERR,ERR,ERR,ERR,ERR,ERR,ERR,ERR,ERR,ERR,ERR,ERR,ERR,ERR,ERR,ERR,ERR,ERR,ERR,ERR,ERR,ERR,ERR,ERR,ERR,ERR,ERR,ERR,ERR,ERR,ERR,ERR,ERR,ERR,ERR,ERR,ERR,ERR,ERR,ERR,ERR,ERR,ERR,ERR,ERR,ERR,ERR,ERR,ERR,ERR,ERR,ERR,ERR,ERR,ERR,ERR,ERR,ERR,ERR,ERR,ERR,ERR,ERR,ERR,ERR,ERR,ERR,ERR,ERR,ERR,ERR,ERR,ERR,ERR,ERR,ERR,ERR,ERR,ERR,ERR,ERR,ERR,ERR,ERR,ERR,ERR,ERR,ERR,ERR,ERR,ERR,0.0,0.0,0.0,0.0,0.0,1.3936040501711995e+18,7.805,0.0,0,0,4,0,7116,0.0,100,0.0,0.0,0.0,0.0,0.0,0,0,0,0,0.0,0,0,0,0,0,0,0,0,0,0,0,0,0,0,0,0,0,0,0,0,0,0,0,0,0,0,0,0,0,0,0,0,0,31,40,40,71,65476,0,300,0,0,8,21553,0.0,-107605600.0,0.0,0.0,0.0,0.0,0.0,0.0,0.0,0.0,0.0,0.0,0.0,0.0,0.0,0.0,0.0,0.0,0.0,0.0,0.0,0.0,-2.004,2.004,-0.0,-2.004,0.0,0.0,0.0,0.0,6309.0,-3.697204165615393e+19,6940.0,0.0,0.0,2.7184303811560617e+23,0.0,0.0,0.0,0.0,0.0,69,-2.7184312818759872e+23,89220.977,0.0,0.0,0.0,0.0,0.0,0.0,0.0,0,0,0,0.0,0.0,0.0,0.0,0.0,0.0,0.0,0.0,0.0,0.0,0.0,0.0,0.0,0.0,0.0,0.0,0,-107875648.0,69,0.0,138,0.0,0.0,0,13107,17040,13107,17049,13107,17043,0,0,0,70,68,100,2.7302359370752657e+23,71.1,0.0,74.2,2.7302370179391762e+23,74.0,1,49,50,180,0,52429,0,0,0.0,0.0,0.0,0.0,-0.0,67.0,0.0,162057.094,0.0,750,0,739,0,0,0,721,0,766,0,736,0,742,0,741,0,712,0,7520,0.032,78920024064.0,0.0,0.0,784,16797,-0.0,162057.094,-114818.039,-0.0,0.133,6.909358625270745e+28,30.0,65.0,35,0.0,0.0,0.0,0.0,0.0,0.0,0.0,0.0,0.0,0.0,0.0,0.0,0.0,0.0,0.0,0.0,69.2,0,150,71,54,65476,0,300,0,1,8,20529,65476,0,0,40632,65.0,0.0,0.0,0.0,0.0,0.0
2026-09-04T20:44:13,ERR,ERR,ERR,ERR,ERR,ERR,ERR,ERR,ERR,ERR,ERR,ERR,ERR,ERR,ERR,ERR,ERR,ERR,ERR,ERR,ERR,ERR,ERR,ERR,ERR,ERR,ERR,ERR,ERR,ERR,ERR,ERR,ERR,ERR,ERR,ERR,ERR,ERR,ERR,ERR,ERR,ERR,ERR,ERR,ERR,ERR,ERR,ERR,ERR,ERR,ERR,ERR,ERR,ERR,ERR,ERR,ERR,ERR,ERR,ERR,ERR,ERR,ERR,ERR,ERR,ERR,ERR,ERR,ERR,ERR,ERR,ERR,ERR,ERR,ERR,ERR,ERR,ERR,ERR,ERR,ERR,ERR,ERR,ERR,ERR,ERR,ERR,ERR,ERR,ERR,ERR,ERR,ERR,ERR,ERR,ERR,ERR,ERR,ERR,ERR,ERR,ERR,ERR,ERR,ERR,ERR,ERR,ERR,ERR,ERR,ERR,ERR,ERR,ERR,ERR,ERR,ERR,ERR,ERR,ERR,ERR,ERR,ERR,ERR,ERR,0.0,0.0,0.0,0.0,0.0,1.3936040501711995e+18,7.805,0.0,0,0,4,0,7116,0.0,100,0.0,0.0,0.0,0.0,0.0,0,0,0,0,0.0,0,0,0,0,0,0,0,0,0,0,0,0,0,0,0,0,0,0,0,0,0,0,0,0,0,0,0,0,0,0,0,0,0,31,40,40,71,65476,0,300,0,0,8,21553,0.0,-107605600.0,0.0,0.0,0.0,0.0,0.0,0.0,0.0,0.0,0.0,0.0,0.0,0.0,0.0,0.0,0.0,0.0,0.0,0.0,0.0,0.0,-2.004,2.004,-0.0,-2.004,0.0,0.0,0.0,0.0,6309.0,-3.697204165615393e+19,6940.0,0.0,0.0,2.7184303811560617e+23,0.0,0.0,0.0,0.0,0.0,69,-2.7184312818759872e+23,89220.977,0.0,0.0,0.0,0.0,0.0,0.0,0.0,0,0,0,0.0,0.0,0.0,0.0,0.0,0.0,0.0,0.0,0.0,0.0,0.0,0.0,0.0,0.0,0.0,0.0,0,-107875648.0,69,0.0,138,0.0,0.0,0,13107,17040,13107,17049,13107,17043,0,0,0,70,68,100,2.7302359370752657e+23,71.1,0.0,74.2,2.7302370179391762e+23,74.0,1,49,50,180,0,52429,0,0,0.0,0.0,0.0,0.0,-0.0,67.0,0.0,162057.094,0.0,750,0,739,0,0,0,721,0,766,0,736,0,742,0,741,0,712,0,7520,0.032,78920024064.0,0.0,0.0,784,16797,-0.0,162057.094,-114818.039,-0.0,0.133,6.909358625270745e+28,30.0,65.0,35,0.0,0.0,0.0,0.0,0.0,0.0,0.0,0.0,0.0,0.0,0.0,0.0,0.0,0.0,0.0,0.0,69.2,0,150,71,54,65476,0,300,0,1,8,20529,65476,0,0,40632,65.0,0.0,0.0,0.0,0.0,0.0
2026-09-04T20:44:14,ERR,ERR,ERR,ERR,ERR,ERR,ERR,ERR,ERR,ERR,ERR,ERR,ERR,ERR,ERR,ERR,ERR,ERR,ERR,ERR,ERR,ERR,ERR,ERR,ERR,ERR,ERR,ERR,ERR,ERR,ERR,ERR,ERR,ERR,ERR,ERR,ERR,ERR,ERR,ERR,ERR,ERR,ERR,ERR,ERR,ERR,ERR,ERR,ERR,ERR,ERR,ERR,ERR,ERR,ERR,ERR,ERR,ERR,ERR,ERR,ERR,ERR,ERR,ERR,ERR,ERR,ERR,ERR,ERR,ERR,ERR,ERR,ERR,ERR,ERR,ERR,ERR,ERR,ERR,ERR,ERR,ERR,ERR,ERR,ERR,ERR,ERR,ERR,ERR,ERR,ERR,ERR,ERR,ERR,ERR,ERR,ERR,ERR,ERR,ERR,ERR,ERR,ERR,ERR,ERR,ERR,ERR,ERR,ERR,ERR,ERR,ERR,ERR,ERR,ERR,ERR,ERR,ERR,ERR,ERR,ERR,ERR,ERR,ERR,ERR,0.0,0.0,0.0,0.0,0.0,1.3936040501711995e+18,7.805,0.0,0,0,4,0,7116,0.0,100,0.0,0.0,0.0,0.0,0.0,0,0,0,0,0.0,0,0,0,0,0,0,0,0,0,0,0,0,0,0,0,0,0,0,0,0,0,0,0,0,0,0,0,0,0,0,0,0,0,31,40,40,71,65476,0,300,0,0,8,21553,0.0,-107605600.0,0.0,0.0,0.0,0.0,0.0,0.0,0.0,0.0,0.0,0.0,0.0,0.0,0.0,0.0,0.0,0.0,0.0,0.0,0.0,0.0,-2.004,2.004,-0.0,-2.004,0.0,0.0,0.0,0.0,6309.0,-3.697204165615393e+19,6940.0,0.0,0.0,2.7184303811560617e+23,0.0,0.0,0.0,0.0,0.0,69,-2.7184312818759872e+23,89220.977,0.0,0.0,0.0,0.0,0.0,0.0,0.0,0,0,0,0.0,0.0,0.0,0.0,0.0,0.0,0.0,0.0,0.0,0.0,0.0,0.0,0.0,0.0,0.0,0.0,0,-107875648.0,69,0.0,138,0.0,0.0,0,13107,17040,13107,17049,0,17043,0,0,0,70,68,100,2.7302359370752657e+23,71.1,0.0,74.2,2.7302370179391762e+23,74.0,1,49,50,180,0,52429,0,0,0.0,0.0,0.0,0.0,-0.0,67.0,0.0,162057.094,0.0,750,0,739,0,0,0,721,0,766,0,736,0,742,0,741,0,712,0,7520,0.032,79993765888.0,0.0,0.0,784,16797,-0.0,162057.094,-114818.039,-0.0,0.133,6.909358625270745e+28,30.0,65.0,35,0.0,0.0,0.0,0.0,0.0,0.0,0.0,0.0,0.0,0.0,0.0,0.0,0.0,0.0,0.0,0.0,69.2,0,150,71,54,65476,0,300,0,1,8,20529,65476,0,0,40632,65.0,0.0,0.0,0.0,0.0,0.0
2026-09-04T20:44:15,ERR,ERR,ERR,ERR,ERR,ERR,ERR,ERR,ERR,ERR,ERR,ERR,ERR,ERR,ERR,ERR,ERR,ERR,ERR,ERR,ERR,ERR,ERR,ERR,ERR,ERR,ERR,ERR,ERR,ERR,ERR,ERR,ERR,ERR,ERR,ERR,ERR,ERR,ERR,ERR,ERR,ERR,ERR,ERR,ERR,ERR,ERR,ERR,ERR,ERR,ERR,ERR,ERR,ERR,ERR,ERR,ERR,ERR,ERR,ERR,ERR,ERR,ERR,ERR,ERR,ERR,ERR,ERR,ERR,ERR,ERR,ERR,ERR,ERR,ERR,ERR,ERR,ERR,ERR,ERR,ERR,ERR,ERR,ERR,ERR,ERR,ERR,ERR,ERR,ERR,ERR,ERR,ERR,ERR,ERR,ERR,ERR,ERR,ERR,ERR,ERR,ERR,ERR,ERR,ERR,ERR,ERR,ERR,ERR,ERR,ERR,ERR,ERR,ERR,ERR,ERR,ERR,ERR,ERR,ERR,ERR,ERR,ERR,ERR,ERR,0.0,0.0,0.0,0.0,0.0,1.3936040501711995e+18,7.805,0.0,0,0,4,0,7116,0.0,100,0.0,0.0,0.0,0.0,0.0,0,0,0,0,0.0,0,0,0,0,0,0,0,0,0,0,0,0,0,0,0,0,0,0,0,0,0,0,0,0,0,0,0,0,0,0,0,0,0,31,40,40,71,65476,0,300,0,0,8,21553,0.0,-107605600.0,0.0,0.0,0.0,0.0,0.0,0.0,0.0,0.0,0.0,0.0,0.0,0.0,0.0,0.0,0.0,0.0,0.0,0.0,0.0,0.0,-2.004,2.004,-0.0,-2.004,0.0,0.0,0.0,0.0,6310.0,-0.0,6929.0,0.0,0.0,2.7184303811560617e+23,0.0,0.0,0.0,0.0,0.0,69,-2.3088415973249647e+20,-152018152849408.0,0.0,0.0,0.0,0.0,0.0,0.0,0.0,0,0,0,0.0,0.0,0.0,0.0,0.0,0.0,0.0,0.0,0.0,0.0,0.0,0.0,0.0,0.0,0.0,0.0,0,-107875648.0,69,0.0,138,0.0,0.0,0,13107,17040,13107,17049,0,17043,0,0,0,70,68,100,2.7302359370752657e+23,71.1,0.0,74.2,2.7302370179391762e+23,74.0,1,49,50,180,0,52429,0,0,0.0,0.0,0.0,0.0,-0.0,67.0,0.0,162057.094,0.0,750,0,739,0,0,0,721,0,766,0,736,0,742,0,741,0,712,0,7520,0.032,79993765888.0,0.0,0.0,784,16797,-0.0,162057.094,-114818.039,-0.0,0.133,6.909358625270745e+28,30.0,65.0,35,0.0,0.0,0.0,0.0,0.0,0.0,0.0,0.0,0.0,0.0,0.0,0.0,0.0,0.0,0.0,0.0,69.2,0,150,71,54,65476,0,300,0,1,8,20529,65476,0,0,40632,65.0,0.0,0.0,0.0,0.0,0.0
2026-09-04T20:44:16,ERR,ERR,ERR,ERR,ERR,ERR,ERR,ERR,ERR,ERR,ERR,ERR,ERR,ERR,ERR,ERR,ERR,ERR,ERR,ERR,ERR,ERR,ERR,ERR,ERR,ERR,ERR,ERR,ERR,ERR,ERR,ERR,ERR,ERR,ERR,ERR,ERR,ERR,ERR,ERR,ERR,ERR,ERR,ERR,ERR,ERR,ERR,ERR,ERR,ERR,ERR,ERR,ERR,ERR,ERR,ERR,ERR,ERR,ERR,ERR,ERR,ERR,ERR,ERR,ERR,ERR,ERR,ERR,ERR,ERR,ERR,ERR,ERR,ERR,ERR,ERR,ERR,ERR,ERR,ERR,ERR,ERR,ERR,ERR,ERR,ERR,ERR,ERR,ERR,ERR,ERR,ERR,ERR,ERR,ERR,ERR,ERR,ERR,ERR,ERR,ERR,ERR,ERR,ERR,ERR,ERR,ERR,ERR,ERR,ERR,ERR,ERR,ERR,ERR,ERR,ERR,ERR,ERR,ERR,ERR,ERR,ERR,ERR,ERR,ERR,0.0,0.0,0.0,0.0,0.0,1.3936040501711995e+18,7.805,0.0,0,0,4,0,7116,0.0,100,0.0,0.0,0.0,0.0,0.0,0,0,0,0,0.0,0,0,0,0,0,0,0,0,0,0,0,0,0,0,0,0,0,0,0,0,0,0,0,0,0,0,0,0,0,0,0,0,0,31,40,40,71,65476,0,300,0,0,8,21553,0.0,-107605600.0,0.0,0.0,0.0,0.0,0.0,0.0,0.0,0.0,0.0,0.0,0.0,0.0,0.0,0.0,0.0,0.0,0.0,0.0,0.0,0.0,-2.004,2.004,-0.0,-2.004,0.0,0.0,0.0,0.0,6310.0,-0.0,6929.0,0.0,0.0,2.7184303811560617e+23,0.0,0.0,0.0,0.0,0.0,69,-2.3088415973249647e+20,-152018152849408.0,0.0,0.0,0.0,0.0,0.0,0.0,0.0,0,0,0,0.0,0.0,0.0,0.0,0.0,0.0,0.0,0.0,0.0,0.0,0.0,0.0,0.0,0.0,0.0,0.0,0,-107875648.0,69,0.0,138,0.0,0.0,0,13107,17040,13107,17049,0,17043,0,0,0,70,68,100,2.7302359370752657e+23,71.1,0.0,74.2,2.7302370179391762e+23,74.0,1,49,50,180,0,52429,0,0,0.0,0.0,0.0,0.0,-0.0,67.0,0.0,162057.094,0.0,750,0,739,0,0,0,721,0,766,0,736,0,742,0,741,0,712,0,7520,0.032,79993765888.0,0.0,0.0,784,16797,-0.0,162057.094,-114818.039,-0.0,0.133,6.909358625270745e+28,30.0,65.0,35,0.0,0.0,0.0,0.0,0.0,0.0,0.0,0.0,0.0,0.0,0.0,0.0,0.0,0.0,0.0,0.0,69.2,0,150,71,54,65476,0,300,0,1,8,20529,65476,0,0,40632,65.0,0.0,0.0,0.0,0.0,0.0
2026-09-04T20:44:17,ERR,ERR,ERR,ERR,ERR,ERR,ERR,ERR,ERR,ERR,ERR,ERR,ERR,ERR,ERR,ERR,ERR,ERR,ERR,ERR,ERR,ERR,ERR,ERR,ERR,ERR,ERR,ERR,ERR,ERR,ERR,ERR,ERR,ERR,ERR,ERR,ERR,ERR,ERR,ERR,ERR,ERR,ERR,ERR,ERR,ERR,ERR,ERR,ERR,ERR,ERR,ERR,ERR,ERR,ERR,ERR,ERR,ERR,ERR,ERR,ERR,ERR,ERR,ERR,ERR,ERR,ERR,ERR,ERR,ERR,ERR,ERR,ERR,ERR,ERR,ERR,ERR,ERR,ERR,ERR,ERR,ERR,ERR,ERR,ERR,ERR,ERR,ERR,ERR,ERR,ERR,ERR,ERR,ERR,ERR,ERR,ERR,ERR,ERR,ERR,ERR,ERR,ERR,ERR,ERR,ERR,ERR,ERR,ERR,ERR,ERR,ERR,ERR,ERR,ERR,ERR,ERR,ERR,ERR,ERR,ERR,ERR,ERR,ERR,ERR,0.0,0.0,0.0,0.0,0.0,1.3936040501711995e+18,7.805,0.0,0,0,4,0,7116,0.0,100,0.0,0.0,0.0,0.0,0.0,0,0,0,0,0.0,0,0,0,0,0,0,0,0,0,0,0,0,0,0,0,0,0,0,0,0,0,0,0,0,0,0,0,0,0,0,0,0,0,31,40,40,71,65476,0,300,0,0,8,21553,0.0,-107605600.0,0.0,0.0,0.0,0.0,0.0,0.0,0.0,0.0,0.0,0.0,0.0,0.0,0.0,0.0,0.0,0.0,0.0,0.0,0.0,0.0,-2.004,2.004,-0.0,-2.004,0.0,0.0,0.0,0.0,6310.0,-0.0,6929.0,0.0,0.0,2.7184303811560617e+23,0.0,0.0,0.0,0.0,0.0,69,-2.3088415973249647e+20,-152018152849408.0,0.0,0.0,0.0,0.0,0.0,0.0,0.0,0,0,0,0.0,0.0,0.0,0.0,0.0,0.0,0.0,0.0,0.0,0.0,0.0,0.0,0.0,0.0,0.0,0.0,0,-107875648.0,69,0.0,138,0.0,0.0,0,13107,17040,13107,17049,0,17043,0,0,0,70,68,100,2.7302359370752657e+23,71.1,0.0,74.2,2.7302370179391762e+23,74.0,1,49,50,180,0,52429,0,0,0.0,0.0,0.0,0.0,-0.0,67.0,0.0,162057.094,0.0,750,0,739,0,0,0,721,0,766,0,736,0,742,0,741,0,712,0,7520,0.032,79993765888.0,0.0,0.0,784,16797,-0.0,162057.094,-114818.039,-0.0,0.133,6.909358625270745e+28,30.0,65.0,35,0.0,0.0,0.0,0.0,0.0,0.0,0.0,0.0,0.0,0.0,0.0,0.0,0.0,0.0,0.0,0.0,69.2,0,150,71,54,65476,0,300,0,1,8,20529,65476,0,0,40632,65.0,0.0,0.0,0.0,0.0,0.0
2026-09-04T20:44:18,ERR,ERR,ERR,ERR,ERR,ERR,ERR,ERR,ERR,ERR,ERR,ERR,ERR,ERR,ERR,ERR,ERR,ERR,ERR,ERR,ERR,ERR,ERR,ERR,ERR,ERR,ERR,ERR,ERR,ERR,ERR,ERR,ERR,ERR,ERR,ERR,ERR,ERR,ERR,ERR,ERR,ERR,ERR,ERR,ERR,ERR,ERR,ERR,ERR,ERR,ERR,ERR,ERR,ERR,ERR,ERR,ERR,ERR,ERR,ERR,ERR,ERR,ERR,ERR,ERR,ERR,ERR,ERR,ERR,ERR,ERR,ERR,ERR,ERR,ERR,ERR,ERR,ERR,ERR,ERR,ERR,ERR,ERR,ERR,ERR,ERR,ERR,ERR,ERR,ERR,ERR,ERR,ERR,ERR,ERR,ERR,ERR,ERR,ERR,ERR,ERR,ERR,ERR,ERR,ERR,ERR,ERR,ERR,ERR,ERR,ERR,ERR,ERR,ERR,ERR,ERR,ERR,ERR,ERR,ERR,ERR,ERR,ERR,ERR,ERR,0.0,0.0,0.0,0.0,0.0,1.3936040501711995e+18,7.805,0.0,0,0,4,0,7116,0.0,100,0.0,0.0,0.0,0.0,0.0,0,0,0,0,0.0,0,0,0,0,0,0,0,0,0,0,0,0,0,0,0,0,0,0,0,0,0,0,0,0,0,0,0,0,0,0,0,0,0,31,40,40,71,65476,0,300,0,0,8,21553,0.0,-107605600.0,0.0,0.0,0.0,0.0,0.0,0.0,0.0,0.0,0.0,0.0,0.0,0.0,0.0,0.0,0.0,0.0,0.0,0.0,0.0,0.0,-2.004,2.004,-0.0,-2.004,0.0,0.0,0.0,0.0,6310.0,-0.0,6929.0,0.0,0.0,2.7184303811560617e+23,0.0,0.0,0.0,0.0,0.0,69,-2.3088415973249647e+20,-152018152849408.0,0.0,0.0,0.0,0.0,0.0,0.0,0.0,0,0,0,0.0,0.0,0.0,0.0,0.0,0.0,0.0,0.0,0.0,0.0,0.0,0.0,0.0,0.0,0.0,0.0,0,-107875648.0,69,0.0,138,0.0,0.0,0,13107,17040,13107,17049,0,17043,0,0,0,70,68,100,2.7302359370752657e+23,71.1,0.0,74.2,2.7302370179391762e+23,74.0,1,49,50,180,0,52429,0,0,0.0,0.0,0.0,0.0,-0.0,67.0,0.0,162057.094,0.0,750,0,739,0,0,0,721,0,766,0,736,0,742,0,741,0,712,0,7520,0.032,79993765888.0,0.0,0.0,784,16797,-0.0,162057.094,-114818.039,-0.0,0.133,6.909358625270745e+28,30.0,65.0,35,0.0,0.0,0.0,0.0,0.0,0.0,0.0,0.0,0.0,0.0,0.0,0.0,0.0,0.0,0.0,0.0,69.2,0,150,71,54,65476,0,300,0,1,8,20529,65476,0,0,40632,65.0,0.0,0.0,0.0,0.0,0.0
2026-09-04T20:44:19,ERR,ERR,ERR,ERR,ERR,ERR,ERR,ERR,ERR,ERR,ERR,ERR,ERR,ERR,ERR,ERR,ERR,ERR,ERR,ERR,ERR,ERR,ERR,ERR,ERR,ERR,ERR,ERR,ERR,ERR,ERR,ERR,ERR,ERR,ERR,ERR,ERR,ERR,ERR,ERR,ERR,ERR,ERR,ERR,ERR,ERR,ERR,ERR,ERR,ERR,ERR,ERR,ERR,ERR,ERR,ERR,ERR,ERR,ERR,ERR,ERR,ERR,ERR,ERR,ERR,ERR,ERR,ERR,ERR,ERR,ERR,ERR,ERR,ERR,ERR,ERR,ERR,ERR,ERR,ERR,ERR,ERR,ERR,ERR,ERR,ERR,ERR,ERR,ERR,ERR,ERR,ERR,ERR,ERR,ERR,ERR,ERR,ERR,ERR,ERR,ERR,ERR,ERR,ERR,ERR,ERR,ERR,ERR,ERR,ERR,ERR,ERR,ERR,ERR,ERR,ERR,ERR,ERR,ERR,ERR,ERR,ERR,ERR,ERR,ERR,0.0,0.0,0.0,0.0,0.0,1.3936040501711995e+18,7.805,0.0,0,0,4,0,7116,0.0,100,0.0,0.0,0.0,0.0,0.0,0,0,0,0,0.0,0,0,0,0,0,0,0,0,0,0,0,0,0,0,0,0,0,0,0,0,0,0,0,0,0,0,0,0,0,0,0,0,0,31,40,40,71,65476,0,300,0,0,8,21553,0.0,-107605600.0,0.0,0.0,0.0,0.0,0.0,0.0,0.0,0.0,0.0,0.0,0.0,0.0,0.0,0.0,0.0,0.0,0.0,0.0,0.0,0.0,-2.004,2.004,-0.0,-2.004,0.0,0.0,0.0,0.0,6310.0,-0.0,6929.0,0.0,0.0,2.7184303811560617e+23,0.0,0.0,0.0,0.0,0.0,69,-2.3088415973249647e+20,-152018152849408.0,0.0,0.0,0.0,0.0,0.0,0.0,0.0,0,0,0,0.0,0.0,0.0,0.0,0.0,0.0,0.0,0.0,0.0,0.0,0.0,0.0,0.0,0.0,0.0,0.0,0,-107875648.0,69,0.0,138,0.0,0.0,0,13107,17040,13107,17049,0,17043,0,0,0,70,68,100,2.7302359370752657e+23,71.1,0.0,74.2,2.7302370179391762e+23,74.0,1,49,50,180,0,52429,0,0,0.0,0.0,0.0,0.0,-0.0,67.0,0.0,162057.094,0.0,750,0,739,0,0,0,721,0,766,0,736,0,742,0,741,0,712,0,7520,0.032,79993765888.0,0.0,0.0,784,16797,-0.0,162057.094,-114818.039,-0.0,0.133,6.909358625270745e+28,30.0,65.0,35,0.0,0.0,0.0,0.0,0.0,0.0,0.0,0.0,0.0,0.0,0.0,0.0,0.0,0.0,0.0,0.0,69.2,0,150,71,54,65476,0,300,0,1,8,20529,65476,0,0,40632,65.0,0.0,0.0,0.0,0.0,0.0
2026-09-04T20:44:20,ERR,ERR,ERR,ERR,ERR,ERR,ERR,ERR,ERR,ERR,ERR,ERR,ERR,ERR,ERR,ERR,ERR,ERR,ERR,ERR,ERR,ERR,ERR,ERR,ERR,ERR,ERR,ERR,ERR,ERR,ERR,ERR,ERR,ERR,ERR,ERR,ERR,ERR,ERR,ERR,ERR,ERR,ERR,ERR,ERR,ERR,ERR,ERR,ERR,ERR,ERR,ERR,ERR,ERR,ERR,ERR,ERR,ERR,ERR,ERR,ERR,ERR,ERR,ERR,ERR,ERR,ERR,ERR,ERR,ERR,ERR,ERR,ERR,ERR,ERR,ERR,ERR,ERR,ERR,ERR,ERR,ERR,ERR,ERR,ERR,ERR,ERR,ERR,ERR,ERR,ERR,ERR,ERR,ERR,ERR,ERR,ERR,ERR,ERR,ERR,ERR,ERR,ERR,ERR,ERR,ERR,ERR,ERR,ERR,ERR,ERR,ERR,ERR,ERR,ERR,ERR,ERR,ERR,ERR,ERR,ERR,ERR,ERR,ERR,ERR,0.0,0.0,0.0,0.0,0.0,1.3936040501711995e+18,7.805,0.0,0,0,4,0,7116,0.0,100,0.0,0.0,0.0,0.0,0.0,0,0,0,0,0.0,0,0,0,0,0,0,0,0,0,0,0,0,0,0,0,0,0,0,0,0,0,0,0,0,0,0,0,0,0,0,0,0,0,31,40,40,71,65476,0,300,0,0,8,21553,0.0,-107605600.0,0.0,0.0,0.0,0.0,0.0,0.0,0.0,0.0,0.0,0.0,0.0,0.0,0.0,0.0,0.0,0.0,0.0,0.0,0.0,0.0,-2.004,2.004,-0.0,-2.004,0.0,0.0,0.0,0.0,6310.0,-0.0,6929.0,0.0,0.0,2.7184303811560617e+23,0.0,0.0,0.0,0.0,0.0,69,-2.3088415973249647e+20,-152018152849408.0,0.0,0.0,0.0,0.0,0.0,0.0,0.0,0,0,0,0.0,0.0,0.0,0.0,0.0,0.0,0.0,0.0,0.0,0.0,0.0,0.0,0.0,0.0,0.0,0.0,0,-107875648.0,69,0.0,138,0.0,0.0,0,13107,17040,13107,17049,13107,17043,0,0,0,70,68,100,2.7302359370752657e+23,71.1,0.0,74.2,2.7302370179391762e+23,74.0,1,49,50,180,0,52429,0,0,0.0,0.0,0.0,0.0,-0.0,67.0,0.0,162057.094,0.0,750,0,739,0,0,0,721,0,766,0,736,0,742,0,741,0,712,0,7520,0.032,79456894976.0,0.0,0.0,784,16797,-0.0,162057.094,-114818.039,-0.0,0.133,6.909358625270745e+28,30.0,65.0,35,0.0,0.0,0.0,0.0,0.0,0.0,0.0,0.0,0.0,0.0,0.0,0.0,0.0,0.0,0.0,0.0,69.2,0,150,71,54,65476,0,300,0,1,8,20529,65476,0,0,40632,65.0,0.0,0.0,0.0,0.0,0.0
2026-09-04T20:44:21,ERR,ERR,ERR,ERR,ERR,ERR,ERR,ERR,ERR,ERR,ERR,ERR,ERR,ERR,ERR,ERR,ERR,ERR,ERR,ERR,ERR,ERR,ERR,ERR,ERR,ERR,ERR,ERR,ERR,ERR,ERR,ERR,ERR,ERR,ERR,ERR,ERR,ERR,ERR,ERR,ERR,ERR,ERR,ERR,ERR,ERR,ERR,ERR,ERR,ERR,ERR,ERR,ERR,ERR,ERR,ERR,ERR,ERR,ERR,ERR,ERR,ERR,ERR,ERR,ERR,ERR,ERR,ERR,ERR,ERR,ERR,ERR,ERR,ERR,ERR,ERR,ERR,ERR,ERR,ERR,ERR,ERR,ERR,ERR,ERR,ERR,ERR,ERR,ERR,ERR,ERR,ERR,ERR,ERR,ERR,ERR,ERR,ERR,ERR,ERR,ERR,ERR,ERR,ERR,ERR,ERR,ERR,ERR,ERR,ERR,ERR,ERR,ERR,ERR,ERR,ERR,ERR,ERR,ERR,ERR,ERR,ERR,ERR,ERR,ERR,0.0,0.0,0.0,0.0,0.0,1.3936040501711995e+18,7.805,0.0,0,0,4,0,7116,0.0,100,0.0,0.0,0.0,0.0,0.0,0,0,0,0,0.0,0,0,0,0,0,0,0,0,0,0,0,0,0,0,0,0,0,0,0,0,0,0,0,0,0,0,0,0,0,0,0,0,0,31,40,40,71,65476,0,300,0,0,8,21553,0.0,-107605600.0,0.0,0.0,0.0,0.0,0.0,0.0,0.0,0.0,0.0,0.0,0.0,0.0,0.0,0.0,0.0,0.0,0.0,0.0,0.0,0.0,-2.004,2.004,-0.0,-2.004,0.0,0.0,0.0,0.0,6310.0,-0.0,6929.0,0.0,0.0,2.7184303811560617e+23,0.0,0.0,0.0,0.0,0.0,69,-2.3088415973249647e+20,-152018152849408.0,0.0,0.0,0.0,0.0,0.0,0.0,0.0,0,0,0,0.0,0.0,0.0,0.0,0.0,0.0,0.0,0.0,0.0,0.0,0.0,0.0,0.0,0.0,0.0,0.0,0,-107875648.0,69,0.0,138,0.0,0.0,0,13107,17040,13107,17049,13107,17043,0,0,0,70,68,100,2.7302359370752657e+23,71.1,0.0,74.2,2.7302370179391762e+23,74.0,1,49,50,180,0,52429,0,0,0.0,0.0,0.0,0.0,-0.0,67.0,0.0,162057.094,0.0,750,0,739,0,0,0,721,0,766,0,736,0,742,0,741,0,712,0,7520,0.032,79456894976.0,0.0,0.0,784,16797,-0.0,162057.094,-114818.039,-0.0,0.133,6.909358625270745e+28,30.0,65.0,35,0.0,0.0,0.0,0.0,0.0,0.0,0.0,0.0,0.0,0.0,0.0,0.0,0.0,0.0,0.0,0.0,69.2,0,150,71,54,65476,0,300,0,1,8,20529,65476,0,0,40632,65.0,0.0,0.0,0.0,0.0,0.0
2026-09-04T20:44:22,ERR,ERR,ERR,ERR,ERR,ERR,ERR,ERR,ERR,ERR,ERR,ERR,ERR,ERR,ERR,ERR,ERR,ERR,ERR,ERR,ERR,ERR,ERR,ERR,ERR,ERR,ERR,ERR,ERR,ERR,ERR,ERR,ERR,ERR,ERR,ERR,ERR,ERR,ERR,ERR,ERR,ERR,ERR,ERR,ERR,ERR,ERR,ERR,ERR,ERR,ERR,ERR,ERR,ERR,ERR,ERR,ERR,ERR,ERR,ERR,ERR,ERR,ERR,ERR,ERR,ERR,ERR,ERR,ERR,ERR,ERR,ERR,ERR,ERR,ERR,ERR,ERR,ERR,ERR,ERR,ERR,ERR,ERR,ERR,ERR,ERR,ERR,ERR,ERR,ERR,ERR,ERR,ERR,ERR,ERR,ERR,ERR,ERR,ERR,ERR,ERR,ERR,ERR,ERR,ERR,ERR,ERR,ERR,ERR,ERR,ERR,ERR,ERR,ERR,ERR,ERR,ERR,ERR,ERR,ERR,ERR,ERR,ERR,ERR,ERR,0.0,0.0,0.0,0.0,0.0,1.3936040501711995e+18,7.805,0.0,0,0,4,0,7116,0.0,100,0.0,0.0,0.0,0.0,0.0,0,0,0,0,0.0,0,0,0,0,0,0,0,0,0,0,0,0,0,0,0,0,0,0,0,0,0,0,0,0,0,0,0,0,0,0,0,0,0,31,40,40,71,65476,0,300,0,0,8,21553,0.0,-107605600.0,0.0,0.0,0.0,0.0,0.0,0.0,0.0,0.0,0.0,0.0,0.0,0.0,0.0,0.0,0.0,0.0,0.0,0.0,0.0,0.0,-2.004,2.004,-0.0,-0.0,0.0,0.0,0.0,0.0,6277.0,-8608223232.0,6938.0,0.0,0.0,2.7184303811560617e+23,0.0,0.0,0.0,0.0,0.0,69,-2.7184312818759872e+23,-0.0,0.0,0.0,0.0,0.0,0.0,0.0,0.0,0,0,0,0.0,0.0,0.0,0.0,0.0,0.0,0.0,0.0,0.0,0.0,0.0,0.0,0.0,0.0,0.0,0.0,0,-107875648.0,69,0.0,138,0.0,0.0,0,13107,17040,13107,17049,13107,17043,0,0,0,70,68,100,2.7302359370752657e+23,71.1,0.0,74.2,2.7302370179391762e+23,74.0,1,49,50,180,0,52429,0,0,0.0,0.0,0.0,0.0,-0.0,67.0,0.0,162057.094,0.0,750,0,739,0,0,0,721,0,766,0,736,0,742,0,741,0,712,0,7520,0.032,79456894976.0,0.0,0.0,784,16797,-0.0,162057.094,-114818.039,-0.0,0.133,6.909358625270745e+28,30.0,65.0,35,0.0,0.0,0.0,0.0,0.0,0.0,0.0,0.0,0.0,0.0,0.0,0.0,0.0,0.0,0.0,0.0,69.2,0,150,71,54,65476,0,300,0,1,8,20529,65476,0,0,40632,65.0,0.0,0.0,0.0,0.0,0.0
2026-09-04T20:44:23,ERR,ERR,ERR,ERR,ERR,ERR,ERR,ERR,ERR,ERR,ERR,ERR,ERR,ERR,ERR,ERR,ERR,ERR,ERR,ERR,ERR,ERR,ERR,ERR,ERR,ERR,ERR,ERR,ERR,ERR,ERR,ERR,ERR,ERR,ERR,ERR,ERR,ERR,ERR,ERR,ERR,ERR,ERR,ERR,ERR,ERR,ERR,ERR,ERR,ERR,ERR,ERR,ERR,ERR,ERR,ERR,ERR,ERR,ERR,ERR,ERR,ERR,ERR,ERR,ERR,ERR,ERR,ERR,ERR,ERR,ERR,ERR,ERR,ERR,ERR,ERR,ERR,ERR,ERR,ERR,ERR,ERR,ERR,ERR,ERR,ERR,ERR,ERR,ERR,ERR,ERR,ERR,ERR,ERR,ERR,ERR,ERR,ERR,ERR,ERR,ERR,ERR,ERR,ERR,ERR,ERR,ERR,ERR,ERR,ERR,ERR,ERR,ERR,ERR,ERR,ERR,ERR,ERR,ERR,ERR,ERR,ERR,ERR,ERR,ERR,0.0,0.0,0.0,0.0,0.0,1.3936040501711995e+18,7.805,0.0,0,0,4,0,7116,0.0,100,0.0,0.0,0.0,0.0,0.0,0,0,0,0,0.0,0,0,0,0,0,0,0,0,0,0,0,0,0,0,0,0,0,0,0,0,0,0,0,0,0,0,0,0,0,0,0,0,0,31,40,40,71,65476,0,300,0,0,8,21553,0.0,-107605600.0,0.0,0.0,0.0,0.0,0.0,0.0,0.0,0.0,0.0,0.0,0.0,0.0,0.0,0.0,0.0,0.0,0.0,0.0,0.0,0.0,-2.004,2.004,-0.0,-0.0,0.0,0.0,0.0,0.0,6277.0,-8608223232.0,6938.0,0.0,0.0,2.7184303811560617e+23,0.0,0.0,0.0,0.0,0.0,69,-2.7184312818759872e+23,-0.0,0.0,0.0,0.0,0.0,0.0,0.0,0.0,0,0,0,0.0,0.0,0.0,0.0,0.0,0.0,0.0,0.0,0.0,0.0,0.0,0.0,0.0,0.0,0.0,0.0,0,-107875648.0,69,0.0,138,0.0,0.0,0,13107,17040,13107,17049,13107,17043,0,0,0,70,68,100,2.7302359370752657e+23,71.1,0.0,74.2,2.7302370179391762e+23,74.0,1,49,50,180,0,52429,0,0,0.0,0.0,0.0,0.0,-0.0,67.0,0.0,162057.094,0.0,750,0,739,0,0,0,721,0,766,0,736,0,742,0,741,0,712,0,7520,0.032,79456894976.0,0.0,0.0,784,16797,-0.0,162057.094,-114818.039,-0.0,0.133,6.909358625270745e+28,30.0,65.0,35,0.0,0.0,0.0,0.0,0.0,0.0,0.0,0.0,0.0,0.0,0.0,0.0,0.0,0.0,0.0,0.0,69.2,0,150,71,54,65476,0,300,0,1,8,20529,65476,0,0,40632,65.0,0.0,0.0,0.0,0.0,0.0
2026-09-04T20:44:24,ERR,ERR,ERR,ERR,ERR,ERR,ERR,ERR,ERR,ERR,ERR,ERR,ERR,ERR,ERR,ERR,ERR,ERR,ERR,ERR,ERR,ERR,ERR,ERR,ERR,ERR,ERR,ERR,ERR,ERR,ERR,ERR,ERR,ERR,ERR,ERR,ERR,ERR,ERR,ERR,ERR,ERR,ERR,ERR,ERR,ERR,ERR,ERR,ERR,ERR,ERR,ERR,ERR,ERR,ERR,ERR,ERR,ERR,ERR,ERR,ERR,ERR,ERR,ERR,ERR,ERR,ERR,ERR,ERR,ERR,ERR,ERR,ERR,ERR,ERR,ERR,ERR,ERR,ERR,ERR,ERR,ERR,ERR,ERR,ERR,ERR,ERR,ERR,ERR,ERR,ERR,ERR,ERR,ERR,ERR,ERR,ERR,ERR,ERR,ERR,ERR,ERR,ERR,ERR,ERR,ERR,ERR,ERR,ERR,ERR,ERR,ERR,ERR,ERR,ERR,ERR,ERR,ERR,ERR,ERR,ERR,ERR,ERR,ERR,ERR,0.0,0.0,0.0,0.0,0.0,1.3936040501711995e+18,7.805,0.0,0,0,4,0,7116,0.0,100,0.0,0.0,0.0,0.0,0.0,0,0,0,0,0.0,0,0,0,0,0,0,0,0,0,0,0,0,0,0,0,0,0,0,0,0,0,0,0,0,0,0,0,0,0,0,0,0,0,31,40,40,71,65476,0,300,0,0,8,21553,0.0,-107605600.0,0.0,0.0,0.0,0.0,0.0,0.0,0.0,0.0,0.0,0.0,0.0,0.0,0.0,0.0,0.0,0.0,0.0,0.0,0.0,0.0,-2.004,2.004,-0.0,-0.0,0.0,0.0,0.0,0.0,6277.0,-8608223232.0,6938.0,0.0,0.0,2.7184303811560617e+23,0.0,0.0,0.0,0.0,0.0,69,-2.7184312818759872e+23,-0.0,0.0,0.0,0.0,0.0,0.0,0.0,0.0,0,0,0,0.0,0.0,0.0,0.0,0.0,0.0,0.0,0.0,0.0,0.0,0.0,0.0,0.0,0.0,0.0,0.0,0,-107875648.0,69,0.0,138,0.0,0.0,0,13107,17040,13107,17049,13107,17043,0,0,0,70,68,100,2.7302359370752657e+23,71.1,0.0,74.2,2.7302370179391762e+23,74.0,1,49,50,180,0,52429,0,0,0.0,0.0,0.0,0.0,-0.0,67.0,0.0,162057.094,0.0,750,0,739,0,0,0,721,0,766,0,736,0,742,0,741,0,712,0,7520,0.032,79456894976.0,0.0,0.0,784,16797,-0.0,162057.094,-114818.039,-0.0,0.133,6.909358625270745e+28,30.0,65.0,35,0.0,0.0,0.0,0.0,0.0,0.0,0.0,0.0,0.0,0.0,0.0,0.0,0.0,0.0,0.0,0.0,69.2,0,150,71,54,65476,0,300,0,1,8,20529,65476,0,0,40632,65.0,0.0,0.0,0.0,0.0,0.0
2026-09-04T20:44:25,ERR,ERR,ERR,ERR,ERR,ERR,ERR,ERR,ERR,ERR,ERR,ERR,ERR,ERR,ERR,ERR,ERR,ERR,ERR,ERR,ERR,ERR,ERR,ERR,ERR,ERR,ERR,ERR,ERR,ERR,ERR,ERR,ERR,ERR,ERR,ERR,ERR,ERR,ERR,ERR,ERR,ERR,ERR,ERR,ERR,ERR,ERR,ERR,ERR,ERR,ERR,ERR,ERR,ERR,ERR,ERR,ERR,ERR,ERR,ERR,ERR,ERR,ERR,ERR,ERR,ERR,ERR,ERR,ERR,ERR,ERR,ERR,ERR,ERR,ERR,ERR,ERR,ERR,ERR,ERR,ERR,ERR,ERR,ERR,ERR,ERR,ERR,ERR,ERR,ERR,ERR,ERR,ERR,ERR,ERR,ERR,ERR,ERR,ERR,ERR,ERR,ERR,ERR,ERR,ERR,ERR,ERR,ERR,ERR,ERR,ERR,ERR,ERR,ERR,ERR,ERR,ERR,ERR,ERR,ERR,ERR,ERR,ERR,ERR,ERR,0.0,0.0,0.0,0.0,0.0,1.3936040501711995e+18,7.805,0.0,0,0,4,0,7116,0.0,100,0.0,0.0,0.0,0.0,0.0,0,0,0,0,0.0,0,0,0,0,0,0,0,0,0,0,0,0,0,0,0,0,0,0,0,0,0,0,0,0,0,0,0,0,0,0,0,0,0,31,40,40,71,65476,0,300,0,0,8,21553,0.0,-107605600.0,0.0,0.0,0.0,0.0,0.0,0.0,0.0,0.0,0.0,0.0,0.0,0.0,0.0,0.0,0.0,0.0,0.0,0.0,0.0,0.0,-2.004,2.004,-0.0,-0.0,0.0,0.0,0.0,0.0,6277.0,-8608223232.0,6938.0,0.0,0.0,2.7184303811560617e+23,0.0,0.0,0.0,0.0,0.0,69,-2.7184312818759872e+23,-0.0,0.0,0.0,0.0,0.0,0.0,0.0,0.0,0,0,0,0.0,0.0,0.0,0.0,0.0,0.0,0.0,0.0,0.0,0.0,0.0,0.0,0.0,0.0,0.0,0.0,0,-107875648.0,69,0.0,138,0.0,0.0,0,13107,17040,13107,17049,13107,17043,0,0,0,70,68,100,2.7302359370752657e+23,71.1,0.0,74.2,2.7302370179391762e+23,74.0,1,49,50,180,0,52429,0,0,0.0,0.0,0.0,0.0,-0.0,67.0,0.0,162057.094,0.0,750,0,739,0,0,0,721,0,766,0,736,0,742,0,741,0,712,0,7520,0.032,79456894976.0,0.0,0.0,784,16797,-0.0,162057.094,-114818.039,-0.0,0.133,6.909358625270745e+28,30.0,65.0,35,0.0,0.0,0.0,0.0,0.0,0.0,0.0,0.0,0.0,0.0,0.0,0.0,0.0,0.0,0.0,0.0,69.2,0,150,71,54,65476,0,300,0,1,8,20529,65476,0,0,40632,65.0,0.0,0.0,0.0,0.0,0.0
2026-09-04T20:44:26,ERR,ERR,ERR,ERR,ERR,ERR,ERR,ERR,ERR,ERR,ERR,ERR,ERR,ERR,ERR,ERR,ERR,ERR,ERR,ERR,ERR,ERR,ERR,ERR,ERR,ERR,ERR,ERR,ERR,ERR,ERR,ERR,ERR,ERR,ERR,ERR,ERR,ERR,ERR,ERR,ERR,ERR,ERR,ERR,ERR,ERR,ERR,ERR,ERR,ERR,ERR,ERR,ERR,ERR,ERR,ERR,ERR,ERR,ERR,ERR,ERR,ERR,ERR,ERR,ERR,ERR,ERR,ERR,ERR,ERR,ERR,ERR,ERR,ERR,ERR,ERR,ERR,ERR,ERR,ERR,ERR,ERR,ERR,ERR,ERR,ERR,ERR,ERR,ERR,ERR,ERR,ERR,ERR,ERR,ERR,ERR,ERR,ERR,ERR,ERR,ERR,ERR,ERR,ERR,ERR,ERR,ERR,ERR,ERR,ERR,ERR,ERR,ERR,ERR,ERR,ERR,ERR,ERR,ERR,ERR,ERR,ERR,ERR,ERR,ERR,0.0,0.0,0.0,0.0,0.0,1.3936040501711995e+18,7.805,0.0,0,0,4,0,7116,0.0,100,0.0,0.0,0.0,0.0,0.0,0,0,0,0,0.0,0,0,0,0,0,0,0,0,0,0,0,0,0,0,0,0,0,0,0,0,0,0,0,0,0,0,0,0,0,0,0,0,0,31,40,40,71,65476,0,300,0,0,8,21553,0.0,-107605600.0,0.0,0.0,0.0,0.0,0.0,0.0,0.0,0.0,0.0,0.0,0.0,0.0,0.0,0.0,0.0,0.0,0.0,0.0,0.0,0.0,-2.004,2.004,-0.0,-0.0,0.0,0.0,0.0,0.0,6277.0,-8608223232.0,6938.0,0.0,0.0,2.7184303811560617e+23,0.0,0.0,0.0,0.0,0.0,69,-2.7184312818759872e+23,-0.0,0.0,0.0,0.0,0.0,0.0,0.0,0.0,0,0,0,0.0,0.0,0.0,0.0,0.0,0.0,0.0,0.0,0.0,0.0,0.0,0.0,0.0,0.0,0.0,0.0,0,-107875648.0,69,0.0,138,0.0,0.0,0,13107,17040,13107,17049,13107,17043,0,0,0,70,68,100,2.7302359370752657e+23,71.1,0.0,74.2,2.7302370179391762e+23,74.0,1,49,50,180,0,52429,0,0,0.0,0.0,0.0,0.0,-0.0,67.0,0.0,162057.094,0.0,750,0,739,0,0,0,721,0,766,0,736,0,742,0,741,0,712,0,7520,0.032,79456894976.0,0.0,0.0,784,16797,-0.0,162057.094,-114818.039,-0.0,0.133,6.909358625270745e+28,30.0,65.0,35,0.0,0.0,0.0,0.0,0.0,0.0,0.0,0.0,0.0,0.0,0.0,0.0,0.0,0.0,0.0,0.0,69.2,0,150,71,54,65476,0,300,0,1,8,20529,65476,0,0,40632,65.0,0.0,0.0,0.0,0.0,0.0
2026-09-04T20:44:27,ERR,ERR,ERR,ERR,ERR,ERR,ERR,ERR,ERR,ERR,ERR,ERR,ERR,ERR,ERR,ERR,ERR,ERR,ERR,ERR,ERR,ERR,ERR,ERR,ERR,ERR,ERR,ERR,ERR,ERR,ERR,ERR,ERR,ERR,ERR,ERR,ERR,ERR,ERR,ERR,ERR,ERR,ERR,ERR,ERR,ERR,ERR,ERR,ERR,ERR,ERR,ERR,ERR,ERR,ERR,ERR,ERR,ERR,ERR,ERR,ERR,ERR,ERR,ERR,ERR,ERR,ERR,ERR,ERR,ERR,ERR,ERR,ERR,ERR,ERR,ERR,ERR,ERR,ERR,ERR,ERR,ERR,ERR,ERR,ERR,ERR,ERR,ERR,ERR,ERR,ERR,ERR,ERR,ERR,ERR,ERR,ERR,ERR,ERR,ERR,ERR,ERR,ERR,ERR,ERR,ERR,ERR,ERR,ERR,ERR,ERR,ERR,ERR,ERR,ERR,ERR,ERR,ERR,ERR,ERR,ERR,ERR,ERR,ERR,ERR,0.0,0.0,0.0,0.0,0.0,1.3936040501711995e+18,7.805,0.0,0,0,4,0,7116,0.0,100,0.0,0.0,0.0,0.0,0.0,0,0,0,0,0.0,0,0,0,0,0,0,0,0,0,0,0,0,0,0,0,0,0,0,0,0,0,0,0,0,0,0,0,0,0,0,0,0,0,31,40,40,71,65476,0,300,0,0,8,21553,0.0,-107605600.0,0.0,0.0,0.0,0.0,0.0,0.0,0.0,0.0,0.0,0.0,0.0,0.0,0.0,0.0,0.0,0.0,0.0,0.0,0.0,0.0,-2.004,2.004,-0.0,-0.0,0.0,0.0,0.0,0.0,6277.0,-8608223232.0,6938.0,0.0,0.0,2.7184303811560617e+23,0.0,0.0,0.0,0.0,0.0,69,-2.7184312818759872e+23,-0.0,0.0,0.0,0.0,0.0,0.0,0.0,0.0,0,0,0,0.0,0.0,0.0,0.0,0.0,0.0,0.0,0.0,0.0,0.0,0.0,0.0,0.0,0.0,0.0,0.0,0,-107875648.0,69,0.0,138,0.0,0.0,0,13107,17040,13107,17049,13107,17043,0,0,0,70,68,100,2.7302359370752657e+23,71.1,0.0,74.2,2.7302370179391762e+23,74.0,1,49,50,180,0,52429,0,0,0.0,0.0,0.0,0.0,-0.0,67.0,0.0,162057.094,0.0,750,0,739,0,0,0,721,0,766,0,736,0,742,0,741,0,712,0,7520,0.032,79456894976.0,0.0,0.0,784,16797,-0.0,162057.094,-114818.039,-0.0,0.133,6.909358625270745e+28,30.0,65.0,35,0.0,0.0,0.0,0.0,0.0,0.0,0.0,0.0,0.0,0.0,0.0,0.0,0.0,0.0,0.0,0.0,69.2,0,150,71,54,65476,0,300,0,1,8,20529,65476,0,0,40632,65.0,0.0,0.0,0.0,0.0,0.0
2026-09-04T20:44:28,ERR,ERR,ERR,ERR,ERR,ERR,ERR,ERR,ERR,ERR,ERR,ERR,ERR,ERR,ERR,ERR,ERR,ERR,ERR,ERR,ERR,ERR,ERR,ERR,ERR,ERR,ERR,ERR,ERR,ERR,ERR,ERR,ERR,ERR,ERR,ERR,ERR,ERR,ERR,ERR,ERR,ERR,ERR,ERR,ERR,ERR,ERR,ERR,ERR,ERR,ERR,ERR,ERR,ERR,ERR,ERR,ERR,ERR,ERR,ERR,ERR,ERR,ERR,ERR,ERR,ERR,ERR,ERR,ERR,ERR,ERR,ERR,ERR,ERR,ERR,ERR,ERR,ERR,ERR,ERR,ERR,ERR,ERR,ERR,ERR,ERR,ERR,ERR,ERR,ERR,ERR,ERR,ERR,ERR,ERR,ERR,ERR,ERR,ERR,ERR,ERR,ERR,ERR,ERR,ERR,ERR,ERR,ERR,ERR,ERR,ERR,ERR,ERR,ERR,ERR,ERR,ERR,ERR,ERR,ERR,ERR,ERR,ERR,ERR,ERR,0.0,0.0,0.0,0.0,0.0,1.3936040501711995e+18,7.805,0.0,0,0,4,0,7116,0.0,100,0.0,0.0,0.0,0.0,0.0,0,0,0,0,0.0,0,0,0,0,0,0,0,0,0,0,0,0,0,0,0,0,0,0,0,0,0,0,0,0,0,0,0,0,0,0,0,0,0,31,40,40,71,65476,0,300,0,0,8,21553,0.0,-107605600.0,0.0,0.0,0.0,0.0,0.0,0.0,0.0,0.0,0.0,0.0,0.0,0.0,0.0,0.0,0.0,0.0,0.0,0.0,0.0,0.0,-2.004,2.004,-0.0,-0.0,0.0,0.0,0.0,0.0,6277.0,-8608223232.0,6938.0,0.0,0.0,2.7184303811560617e+23,0.0,0.0,0.0,0.0,0.0,69,-2.7184312818759872e+23,-0.0,0.0,0.0,0.0,0.0,0.0,0.0,0.0,0,0,0,0.0,0.0,0.0,0.0,0.0,0.0,0.0,0.0,0.0,0.0,0.0,0.0,0.0,0.0,0.0,0.0,0,-107875648.0,69,0.0,138,0.0,0.0,0,13107,17040,13107,17049,13107,17043,0,0,0,70,68,100,2.7302359370752657e+23,71.1,0.0,74.2,2.7302370179391762e+23,74.0,1,49,50,180,0,52429,0,0,0.0,0.0,0.0,0.0,-0.0,67.0,0.0,162057.094,0.0,750,0,739,0,0,0,721,0,766,0,736,0,742,0,741,0,712,0,7520,0.032,79456894976.0,0.0,0.0,784,16797,-0.0,162057.094,-114818.039,-0.0,0.133,6.909358625270745e+28,30.0,65.0,35,0.0,0.0,0.0,0.0,0.0,0.0,0.0,0.0,0.0,0.0,0.0,0.0,0.0,0.0,0.0,0.0,69.2,0,150,71,54,65476,0,300,0,1,8,20529,65476,0,0,40632,65.0,0.0,0.0,0.0,0.0,0.0
2026-09-04T20:44:29,ERR,ERR,ERR,ERR,ERR,ERR,ERR,ERR,ERR,ERR,ERR,ERR,ERR,ERR,ERR,ERR,ERR,ERR,ERR,ERR,ERR,ERR,ERR,ERR,ERR,ERR,ERR,ERR,ERR,ERR,ERR,ERR,ERR,ERR,ERR,ERR,ERR,ERR,ERR,ERR,ERR,ERR,ERR,ERR,ERR,ERR,ERR,ERR,ERR,ERR,ERR,ERR,ERR,ERR,ERR,ERR,ERR,ERR,ERR,ERR,ERR,ERR,ERR,ERR,ERR,ERR,ERR,ERR,ERR,ERR,ERR,ERR,ERR,ERR,ERR,ERR,ERR,ERR,ERR,ERR,ERR,ERR,ERR,ERR,ERR,ERR,ERR,ERR,ERR,ERR,ERR,ERR,ERR,ERR,ERR,ERR,ERR,ERR,ERR,ERR,ERR,ERR,ERR,ERR,ERR,ERR,ERR,ERR,ERR,ERR,ERR,ERR,ERR,ERR,ERR,ERR,ERR,ERR,ERR,ERR,ERR,ERR,ERR,ERR,ERR,0.0,0.0,0.0,0.0,0.0,1.3936040501711995e+18,7.805,0.0,0,0,4,0,7116,0.0,100,0.0,0.0,0.0,0.0,0.0,0,0,0,0,0.0,0,0,0,0,0,0,0,0,0,0,0,0,0,0,0,0,0,0,0,0,0,0,0,0,0,0,0,0,0,0,0,0,0,31,40,40,71,65476,0,300,0,0,8,21553,0.0,-107605600.0,0.0,0.0,0.0,0.0,0.0,0.0,0.0,0.0,0.0,0.0,0.0,0.0,0.0,0.0,0.0,0.0,0.0,0.0,0.0,0.0,-2.004,2.004,-0.0,-2.004,0.0,0.0,0.0,0.0,6282.0,2.422999433747328e+24,6925.0,0.0,0.0,2.7184303811560617e+23,0.0,0.0,0.0,0.0,0.0,69,-2.3088415973249647e+20,2.7184265981323747e+23,0.0,0.0,0.0,0.0,0.0,0.0,0.0,0,0,0,0.0,0.0,0.0,0.0,0.0,0.0,0.0,0.0,0.0,0.0,0.0,0.0,0.0,0.0,0.0,0.0,0,-107875648.0,69,0.0,138,0.0,0.0,0,13107,17040,13107,17049,13107,17043,0,0,0,70,68,100,2.7302359370752657e+23,71.1,0.0,74.2,2.7302370179391762e+23,74.0,1,49,50,180,0,52429,0,0,0.0,0.0,0.0,0.0,-0.0,67.0,0.0,162057.094,0.0,750,0,739,0,0,0,721,0,766,0,736,0,742,0,741,0,712,0,7520,0.032,79456894976.0,0.0,0.0,784,16797,-0.0,162057.094,-114818.039,-0.0,0.133,6.909358625270745e+28,30.0,65.0,35,0.0,0.0,0.0,0.0,0.0,0.0,0.0,0.0,0.0,0.0,0.0,0.0,0.0,0.0,0.0,0.0,69.6,0,150,71,54,65476,0,300,0,1,8,20529,65476,0,0,40632,65.0,0.0,0.0,0.0,0.0,0.0
2026-09-04T20:44:30,ERR,ERR,ERR,ERR,ERR,ERR,ERR,ERR,ERR,ERR,ERR,ERR,ERR,ERR,ERR,ERR,ERR,ERR,ERR,ERR,ERR,ERR,ERR,ERR,ERR,ERR,ERR,ERR,ERR,ERR,ERR,ERR,ERR,ERR,ERR,ERR,ERR,ERR,ERR,ERR,ERR,ERR,ERR,ERR,ERR,ERR,ERR,ERR,ERR,ERR,ERR,ERR,ERR,ERR,ERR,ERR,ERR,ERR,ERR,ERR,ERR,ERR,ERR,ERR,ERR,ERR,ERR,ERR,ERR,ERR,ERR,ERR,ERR,ERR,ERR,ERR,ERR,ERR,ERR,ERR,ERR,ERR,ERR,ERR,ERR,ERR,ERR,ERR,ERR,ERR,ERR,ERR,ERR,ERR,ERR,ERR,ERR,ERR,ERR,ERR,ERR,ERR,ERR,ERR,ERR,ERR,ERR,ERR,ERR,ERR,ERR,ERR,ERR,ERR,ERR,ERR,ERR,ERR,ERR,ERR,ERR,ERR,ERR,ERR,ERR,0.0,0.0,0.0,0.0,0.0,1.3936040501711995e+18,7.805,0.0,0,0,4,0,7116,0.0,100,0.0,0.0,0.0,0.0,0.0,0,0,0,0,0.0,0,0,0,0,0,0,0,0,0,0,0,0,0,0,0,0,0,0,0,0,0,0,0,0,0,0,0,0,0,0,0,0,0,31,40,40,71,65476,0,300,0,0,8,21553,0.0,-107605600.0,0.0,0.0,0.0,0.0,0.0,0.0,0.0,0.0,0.0,0.0,0.0,0.0,0.0,0.0,0.0,0.0,0.0,0.0,0.0,0.0,-2.004,2.004,-0.0,-2.004,0.0,0.0,0.0,0.0,6282.0,2.422999433747328e+24,6925.0,0.0,0.0,2.7184303811560617e+23,0.0,0.0,0.0,0.0,0.0,69,-2.3088415973249647e+20,2.7184265981323747e+23,0.0,0.0,0.0,0.0,0.0,0.0,0.0,0,0,0,0.0,0.0,0.0,0.0,0.0,0.0,0.0,0.0,0.0,0.0,0.0,0.0,0.0,0.0,0.0,0.0,0,-107875648.0,69,0.0,138,0.0,0.0,0,13107,17040,13107,17049,13107,17043,0,0,0,70,68,100,2.7302359370752657e+23,71.1,0.0,74.2,2.7302370179391762e+23,74.0,1,49,50,180,0,52429,0,0,0.0,0.0,0.0,0.0,-0.0,67.0,0.0,162057.094,0.0,750,0,739,0,0,0,721,0,766,0,736,0,742,0,741,0,712,0,7520,0.032,79456894976.0,0.0,0.0,784,16797,-0.0,162057.094,-114818.039,-0.0,0.133,6.909358625270745e+28,30.0,65.0,35,0.0,0.0,0.0,0.0,0.0,0.0,0.0,0.0,0.0,0.0,0.0,0.0,0.0,0.0,0.0,0.0,69.6,0,150,71,54,65476,0,300,0,1,8,20529,65476,0,0,40632,65.0,0.0,0.0,0.0,0.0,0.0
2026-09-04T20:44:31,ERR,ERR,ERR,ERR,ERR,ERR,ERR,ERR,ERR,ERR,ERR,ERR,ERR,ERR,ERR,ERR,ERR,ERR,ERR,ERR,ERR,ERR,ERR,ERR,ERR,ERR,ERR,ERR,ERR,ERR,ERR,ERR,ERR,ERR,ERR,ERR,ERR,ERR,ERR,ERR,ERR,ERR,ERR,ERR,ERR,ERR,ERR,ERR,ERR,ERR,ERR,ERR,ERR,ERR,ERR,ERR,ERR,ERR,ERR,ERR,ERR,ERR,ERR,ERR,ERR,ERR,ERR,ERR,ERR,ERR,ERR,ERR,ERR,ERR,ERR,ERR,ERR,ERR,ERR,ERR,ERR,ERR,ERR,ERR,ERR,ERR,ERR,ERR,ERR,ERR,ERR,ERR,ERR,ERR,ERR,ERR,ERR,ERR,ERR,ERR,ERR,ERR,ERR,ERR,ERR,ERR,ERR,ERR,ERR,ERR,ERR,ERR,ERR,ERR,ERR,ERR,ERR,ERR,ERR,ERR,ERR,ERR,ERR,ERR,ERR,0.0,0.0,0.0,0.0,0.0,1.3936040501711995e+18,7.805,0.0,0,0,4,0,7116,0.0,100,0.0,0.0,0.0,0.0,0.0,0,0,0,0,0.0,0,0,0,0,0,0,0,0,0,0,0,0,0,0,0,0,0,0,0,0,0,0,0,0,0,0,0,0,0,0,0,0,0,31,40,40,71,65476,0,300,0,0,8,21553,0.0,-107605600.0,0.0,0.0,0.0,0.0,0.0,0.0,0.0,0.0,0.0,0.0,0.0,0.0,0.0,0.0,0.0,0.0,0.0,0.0,0.0,0.0,-2.004,2.004,-0.0,-2.004,0.0,0.0,0.0,0.0,6282.0,2.422999433747328e+24,6925.0,0.0,0.0,2.7184303811560617e+23,0.0,0.0,0.0,0.0,0.0,69,-2.3088415973249647e+20,2.7184265981323747e+23,0.0,0.0,0.0,0.0,0.0,0.0,0.0,0,0,0,0.0,0.0,0.0,0.0,0.0,0.0,0.0,0.0,0.0,0.0,0.0,0.0,0.0,0.0,0.0,0.0,0,-107875648.0,69,0.0,138,0.0,0.0,0,13107,17040,13107,17049,13107,17043,0,0,0,70,68,100,2.7302359370752657e+23,71.1,0.0,74.2,2.7302370179391762e+23,74.0,1,49,50,180,0,52429,0,0,0.0,0.0,0.0,0.0,-0.0,67.0,0.0,162057.094,0.0,750,0,739,0,0,0,721,0,766,0,736,0,742,0,741,0,712,0,7520,0.032,78920024064.0,0.0,0.0,784,16797,-0.0,162057.094,-114818.039,-0.0,0.133,6.909358625270745e+28,30.0,65.0,35,0.0,0.0,0.0,0.0,0.0,0.0,0.0,0.0,0.0,0.0,0.0,0.0,0.0,0.0,0.0,0.0,69.6,0,150,71,54,65476,0,300,0,1,8,20529,65476,0,0,40632,65.0,0.0,0.0,0.0,0.0,0.0
2026-09-04T20:44:32,ERR,ERR,ERR,ERR,ERR,ERR,ERR,ERR,ERR,ERR,ERR,ERR,ERR,ERR,ERR,ERR,ERR,ERR,ERR,ERR,ERR,ERR,ERR,ERR,ERR,ERR,ERR,ERR,ERR,ERR,ERR,ERR,ERR,ERR,ERR,ERR,ERR,ERR,ERR,ERR,ERR,ERR,ERR,ERR,ERR,ERR,ERR,ERR,ERR,ERR,ERR,ERR,ERR,ERR,ERR,ERR,ERR,ERR,ERR,ERR,ERR,ERR,ERR,ERR,ERR,ERR,ERR,ERR,ERR,ERR,ERR,ERR,ERR,ERR,ERR,ERR,ERR,ERR,ERR,ERR,ERR,ERR,ERR,ERR,ERR,ERR,ERR,ERR,ERR,ERR,ERR,ERR,ERR,ERR,ERR,ERR,ERR,ERR,ERR,ERR,ERR,ERR,ERR,ERR,ERR,ERR,ERR,ERR,ERR,ERR,ERR,ERR,ERR,ERR,ERR,ERR,ERR,ERR,ERR,ERR,ERR,ERR,ERR,ERR,ERR,0.0,0.0,0.0,0.0,0.0,1.3936040501711995e+18,7.805,0.0,0,0,4,0,7116,0.0,100,0.0,0.0,0.0,0.0,0.0,0,0,0,0,0.0,0,0,0,0,0,0,0,0,0,0,0,0,0,0,0,0,0,0,0,0,0,0,0,0,0,0,0,0,0,0,0,0,0,31,40,40,71,65476,0,300,0,0,8,21553,0.0,-107605600.0,0.0,0.0,0.0,0.0,0.0,0.0,0.0,0.0,0.0,0.0,0.0,0.0,0.0,0.0,0.0,0.0,0.0,0.0,0.0,0.0,-2.004,2.004,-0.0,-2.004,0.0,0.0,0.0,0.0,6282.0,2.422999433747328e+24,6925.0,0.0,0.0,2.7184303811560617e+23,0.0,0.0,0.0,0.0,0.0,69,-2.3088415973249647e+20,2.7184265981323747e+23,0.0,0.0,0.0,0.0,0.0,0.0,0.0,0,0,0,0.0,0.0,0.0,0.0,0.0,0.0,0.0,0.0,0.0,0.0,0.0,0.0,0.0,0.0,0.0,0.0,0,-107875648.0,69,0.0,138,0.0,0.0,0,13107,17040,13107,17049,13107,17043,0,0,0,70,68,100,2.7302359370752657e+23,71.1,0.0,74.2,2.7302370179391762e+23,74.0,1,49,50,180,0,52429,0,0,0.0,0.0,0.0,0.0,-0.0,67.0,0.0,162057.094,0.0,750,0,739,0,0,0,721,0,766,0,736,0,742,0,741,0,712,0,7520,0.032,78920024064.0,0.0,0.0,784,16797,-0.0,162057.094,-114818.039,-0.0,0.133,6.909358625270745e+28,30.0,65.0,35,0.0,0.0,0.0,0.0,0.0,0.0,0.0,0.0,0.0,0.0,0.0,0.0,0.0,0.0,0.0,0.0,69.2,0,150,71,54,65476,0,300,0,1,8,20529,65476,0,0,40632,65.0,0.0,0.0,0.0,0.0,0.0
2026-09-04T20:44:33,ERR,ERR,ERR,ERR,ERR,ERR,ERR,ERR,ERR,ERR,ERR,ERR,ERR,ERR,ERR,ERR,ERR,ERR,ERR,ERR,ERR,ERR,ERR,ERR,ERR,ERR,ERR,ERR,ERR,ERR,ERR,ERR,ERR,ERR,ERR,ERR,ERR,ERR,ERR,ERR,ERR,ERR,ERR,ERR,ERR,ERR,ERR,ERR,ERR,ERR,ERR,ERR,ERR,ERR,ERR,ERR,ERR,ERR,ERR,ERR,ERR,ERR,ERR,ERR,ERR,ERR,ERR,ERR,ERR,ERR,ERR,ERR,ERR,ERR,ERR,ERR,ERR,ERR,ERR,ERR,ERR,ERR,ERR,ERR,ERR,ERR,ERR,ERR,ERR,ERR,ERR,ERR,ERR,ERR,ERR,ERR,ERR,ERR,ERR,ERR,ERR,ERR,ERR,ERR,ERR,ERR,ERR,ERR,ERR,ERR,ERR,ERR,ERR,ERR,ERR,ERR,ERR,ERR,ERR,ERR,ERR,ERR,ERR,ERR,ERR,0.0,0.0,0.0,0.0,0.0,1.3936040501711995e+18,7.805,0.0,0,0,4,0,7116,0.0,100,0.0,0.0,0.0,0.0,0.0,0,0,0,0,0.0,0,0,0,0,0,0,0,0,0,0,0,0,0,0,0,0,0,0,0,0,0,0,0,0,0,0,0,0,0,0,0,0,0,31,40,40,71,65476,0,300,0,0,8,21553,0.0,-107605600.0,0.0,0.0,0.0,0.0,0.0,0.0,0.0,0.0,0.0,0.0,0.0,0.0,0.0,0.0,0.0,0.0,0.0,0.0,0.0,0.0,-2.004,2.004,-0.0,-2.004,0.0,0.0,0.0,0.0,6282.0,2.422999433747328e+24,6925.0,0.0,0.0,2.7184303811560617e+23,0.0,0.0,0.0,0.0,0.0,69,-2.3088415973249647e+20,2.7184265981323747e+23,0.0,0.0,0.0,0.0,0.0,0.0,0.0,0,0,0,0.0,0.0,0.0,0.0,0.0,0.0,0.0,0.0,0.0,0.0,0.0,0.0,0.0,0.0,0.0,0.0,0,-107875648.0,69,0.0,138,0.0,0.0,0,13107,17040,13107,17049,13107,17043,0,0,0,70,68,100,2.7302359370752657e+23,71.1,0.0,74.2,2.7302370179391762e+23,74.0,1,49,50,180,0,52429,0,0,0.0,0.0,0.0,0.0,-0.0,67.0,0.0,162057.094,0.0,750,0,739,0,0,0,721,0,766,0,736,0,742,0,741,0,712,0,7520,0.032,78920024064.0,0.0,0.0,784,16797,-0.0,162057.094,-114818.039,-0.0,0.133,6.909358625270745e+28,30.0,65.0,35,0.0,0.0,0.0,0.0,0.0,0.0,0.0,0.0,0.0,0.0,0.0,0.0,0.0,0.0,0.0,0.0,69.2,0,150,71,54,65476,0,300,0,1,8,20529,65476,0,0,40632,65.0,0.0,0.0,0.0,0.0,0.0
2026-09-04T20:44:34,ERR,ERR,ERR,ERR,ERR,ERR,ERR,ERR,ERR,ERR,ERR,ERR,ERR,ERR,ERR,ERR,ERR,ERR,ERR,ERR,ERR,ERR,ERR,ERR,ERR,ERR,ERR,ERR,ERR,ERR,ERR,ERR,ERR,ERR,ERR,ERR,ERR,ERR,ERR,ERR,ERR,ERR,ERR,ERR,ERR,ERR,ERR,ERR,ERR,ERR,ERR,ERR,ERR,ERR,ERR,ERR,ERR,ERR,ERR,ERR,ERR,ERR,ERR,ERR,ERR,ERR,ERR,ERR,ERR,ERR,ERR,ERR,ERR,ERR,ERR,ERR,ERR,ERR,ERR,ERR,ERR,ERR,ERR,ERR,ERR,ERR,ERR,ERR,ERR,ERR,ERR,ERR,ERR,ERR,ERR,ERR,ERR,ERR,ERR,ERR,ERR,ERR,ERR,ERR,ERR,ERR,ERR,ERR,ERR,ERR,ERR,ERR,ERR,ERR,ERR,ERR,ERR,ERR,ERR,ERR,ERR,ERR,ERR,ERR,ERR,0.0,0.0,0.0,0.0,0.0,1.3936040501711995e+18,7.805,0.0,0,0,4,0,7116,0.0,100,0.0,0.0,0.0,0.0,0.0,0,0,0,0,0.0,0,0,0,0,0,0,0,0,0,0,0,0,0,0,0,0,0,0,0,0,0,0,0,0,0,0,0,0,0,0,0,0,0,31,40,40,71,65476,0,300,0,0,8,21553,0.0,-107605600.0,0.0,0.0,0.0,0.0,0.0,0.0,0.0,0.0,0.0,0.0,0.0,0.0,0.0,0.0,0.0,0.0,0.0,0.0,0.0,0.0,-2.004,2.004,-0.0,-2.004,0.0,0.0,0.0,0.0,6282.0,2.422999433747328e+24,6925.0,0.0,0.0,2.7184303811560617e+23,0.0,0.0,0.0,0.0,0.0,69,-2.3088415973249647e+20,2.7184265981323747e+23,0.0,0.0,0.0,0.0,0.0,0.0,0.0,0,0,0,0.0,0.0,0.0,0.0,0.0,0.0,0.0,0.0,0.0,0.0,0.0,0.0,0.0,0.0,0.0,0.0,0,-107875648.0,69,0.0,138,0.0,0.0,0,13107,17040,13107,17049,13107,17043,0,0,0,70,68,100,2.7302359370752657e+23,71.1,0.0,74.2,2.7302370179391762e+23,74.0,1,49,50,180,0,52429,0,0,0.0,0.0,0.0,0.0,-0.0,67.0,0.0,162057.094,0.0,750,0,739,0,0,0,721,0,766,0,736,0,742,0,741,0,712,0,7520,0.032,78920024064.0,0.0,0.0,784,16797,-0.0,162057.094,-114818.039,-0.0,0.133,6.909358625270745e+28,30.0,65.0,35,0.0,0.0,0.0,0.0,0.0,0.0,0.0,0.0,0.0,0.0,0.0,0.0,0.0,0.0,0.0,0.0,69.2,0,150,71,54,65476,0,300,0,1,8,20529,65476,0,0,40632,65.0,0.0,0.0,0.0,0.0,0.0
2026-09-04T20:44:35,ERR,ERR,ERR,ERR,ERR,ERR,ERR,ERR,ERR,ERR,ERR,ERR,ERR,ERR,ERR,ERR,ERR,ERR,ERR,ERR,ERR,ERR,ERR,ERR,ERR,ERR,ERR,ERR,ERR,ERR,ERR,ERR,ERR,ERR,ERR,ERR,ERR,ERR,ERR,ERR,ERR,ERR,ERR,ERR,ERR,ERR,ERR,ERR,ERR,ERR,ERR,ERR,ERR,ERR,ERR,ERR,ERR,ERR,ERR,ERR,ERR,ERR,ERR,ERR,ERR,ERR,ERR,ERR,ERR,ERR,ERR,ERR,ERR,ERR,ERR,ERR,ERR,ERR,ERR,ERR,ERR,ERR,ERR,ERR,ERR,ERR,ERR,ERR,ERR,ERR,ERR,ERR,ERR,ERR,ERR,ERR,ERR,ERR,ERR,ERR,ERR,ERR,ERR,ERR,ERR,ERR,ERR,ERR,ERR,ERR,ERR,ERR,ERR,ERR,ERR,ERR,ERR,ERR,ERR,ERR,ERR,ERR,ERR,ERR,ERR,0.0,0.0,0.0,0.0,0.0,1.3936040501711995e+18,7.805,0.0,0,0,4,0,7116,0.0,100,0.0,0.0,0.0,0.0,0.0,0,0,0,0,0.0,0,0,0,0,0,0,0,0,0,0,0,0,0,0,0,0,0,0,0,0,0,0,0,0,0,0,0,0,0,0,0,0,0,31,40,40,71,65476,0,300,0,0,8,21553,0.0,-107605600.0,0.0,0.0,0.0,0.0,0.0,0.0,0.0,0.0,0.0,0.0,0.0,0.0,0.0,0.0,0.0,0.0,0.0,0.0,0.0,0.0,-2.004,2.004,-0.0,-2.004,0.0,0.0,0.0,0.0,6282.0,2.422999433747328e+24,6925.0,0.0,0.0,2.7184303811560617e+23,0.0,0.0,0.0,0.0,0.0,69,-2.3088415973249647e+20,2.7184265981323747e+23,0.0,0.0,0.0,0.0,0.0,0.0,0.0,0,0,0,0.0,0.0,0.0,0.0,0.0,0.0,0.0,0.0,0.0,0.0,0.0,0.0,0.0,0.0,0.0,0.0,0,-107875648.0,69,0.0,138,0.0,0.0,0,13107,17040,13107,17049,13107,17043,0,0,0,70,68,100,2.7302359370752657e+23,71.1,0.0,74.2,2.7302370179391762e+23,74.0,1,49,50,180,0,52429,0,0,0.0,0.0,0.0,0.0,-0.0,67.0,0.0,162057.094,0.0,750,0,739,0,0,0,721,0,766,0,736,0,742,0,741,0,712,0,7520,0.032,78920024064.0,0.0,0.0,784,16797,-0.0,162057.094,-114818.039,-0.0,0.133,6.909358625270745e+28,30.0,65.0,35,0.0,0.0,0.0,0.0,0.0,0.0,0.0,0.0,0.0,0.0,0.0,0.0,0.0,0.0,0.0,0.0,69.2,0,150,71,54,65476,0,300,0,1,8,20529,65476,0,0,40632,65.0,0.0,0.0,0.0,0.0,0.0
2026-09-04T20:44:36,ERR,ERR,ERR,ERR,ERR,ERR,ERR,ERR,ERR,ERR,ERR,ERR,ERR,ERR,ERR,ERR,ERR,ERR,ERR,ERR,ERR,ERR,ERR,ERR,ERR,ERR,ERR,ERR,ERR,ERR,ERR,ERR,ERR,ERR,ERR,ERR,ERR,ERR,ERR,ERR,ERR,ERR,ERR,ERR,ERR,ERR,ERR,ERR,ERR,ERR,ERR,ERR,ERR,ERR,ERR,ERR,ERR,ERR,ERR,ERR,ERR,ERR,ERR,ERR,ERR,ERR,ERR,ERR,ERR,ERR,ERR,ERR,ERR,ERR,ERR,ERR,ERR,ERR,ERR,ERR,ERR,ERR,ERR,ERR,ERR,ERR,ERR,ERR,ERR,ERR,ERR,ERR,ERR,ERR,ERR,ERR,ERR,ERR,ERR,ERR,ERR,ERR,ERR,ERR,ERR,ERR,ERR,ERR,ERR,ERR,ERR,ERR,ERR,ERR,ERR,ERR,ERR,ERR,ERR,ERR,ERR,ERR,ERR,ERR,ERR,0.0,0.0,0.0,0.0,0.0,1.3936040501711995e+18,7.805,0.0,0,0,4,0,7116,0.0,100,0.0,0.0,0.0,0.0,0.0,0,0,0,0,0.0,0,0,0,0,0,0,0,0,0,0,0,0,0,0,0,0,0,0,0,0,0,0,0,0,0,0,0,0,0,0,0,0,0,31,40,40,71,65476,0,300,0,0,8,21553,0.0,-107605600.0,0.0,0.0,0.0,0.0,0.0,0.0,0.0,0.0,0.0,0.0,0.0,0.0,0.0,0.0,0.0,0.0,0.0,0.0,0.0,0.0,-2.004,2.004,-0.0,-2.004,0.0,0.0,0.0,0.0,6282.0,2.422999433747328e+24,6925.0,0.0,0.0,2.7184303811560617e+23,0.0,0.0,0.0,0.0,0.0,69,-2.3088415973249647e+20,2.7184265981323747e+23,0.0,0.0,0.0,0.0,0.0,0.0,0.0,0,0,0,0.0,0.0,0.0,0.0,0.0,0.0,0.0,0.0,0.0,0.0,0.0,0.0,0.0,0.0,0.0,0.0,0,-107875648.0,69,0.0,138,0.0,0.0,0,13107,17040,13107,17049,13107,17043,0,0,0,70,68,100,2.7302359370752657e+23,71.1,0.0,74.2,2.7302370179391762e+23,74.0,1,49,50,180,0,52429,0,0,0.0,0.0,0.0,0.0,-0.0,67.0,0.0,162057.094,0.0,750,0,739,0,0,0,721,0,766,0,736,0,742,0,741,0,712,0,7520,0.032,79456894976.0,0.0,0.0,784,16797,-0.0,162057.094,-114818.039,-0.0,0.133,6.909358625270745e+28,30.0,65.0,35,0.0,0.0,0.0,0.0,0.0,0.0,0.0,0.0,0.0,0.0,0.0,0.0,0.0,0.0,0.0,0.0,69.2,0,150,71,54,65476,0,300,0,1,8,20529,65476,0,0,40632,65.0,0.0,0.0,0.0,0.0,0.0
2026-09-04T20:44:37,ERR,ERR,ERR,ERR,ERR,ERR,ERR,ERR,ERR,ERR,ERR,ERR,ERR,ERR,ERR,ERR,ERR,ERR,ERR,ERR,ERR,ERR,ERR,ERR,ERR,ERR,ERR,ERR,ERR,ERR,ERR,ERR,ERR,ERR,ERR,ERR,ERR,ERR,ERR,ERR,ERR,ERR,ERR,ERR,ERR,ERR,ERR,ERR,ERR,ERR,ERR,ERR,ERR,ERR,ERR,ERR,ERR,ERR,ERR,ERR,ERR,ERR,ERR,ERR,ERR,ERR,ERR,ERR,ERR,ERR,ERR,ERR,ERR,ERR,ERR,ERR,ERR,ERR,ERR,ERR,ERR,ERR,ERR,ERR,ERR,ERR,ERR,ERR,ERR,ERR,ERR,ERR,ERR,ERR,ERR,ERR,ERR,ERR,ERR,ERR,ERR,ERR,ERR,ERR,ERR,ERR,ERR,ERR,ERR,ERR,ERR,ERR,ERR,ERR,ERR,ERR,ERR,ERR,ERR,ERR,ERR,ERR,ERR,ERR,ERR,0.0,0.0,0.0,0.0,0.0,1.3936040501711995e+18,7.805,0.0,0,0,4,0,7116,0.0,100,0.0,0.0,0.0,0.0,0.0,0,0,0,0,0.0,0,0,0,0,0,0,0,0,0,0,0,0,0,0,0,0,0,0,0,0,0,0,0,0,0,0,0,0,0,0,0,0,0,31,40,40,71,65476,0,300,0,0,8,21553,0.0,-107605600.0,0.0,0.0,0.0,0.0,0.0,0.0,0.0,0.0,0.0,0.0,0.0,0.0,0.0,0.0,0.0,0.0,0.0,0.0,0.0,0.0,-2.004,2.004,-0.0,-2.004,0.0,0.0,0.0,0.0,6305.0,0.0,6914.0,0.0,0.0,2.7184303811560617e+23,0.0,0.0,0.0,0.0,0.0,69,-71.63,0.0,0.0,0.0,0.0,0.0,0.0,0.0,0.0,0,0,0,0.0,0.0,0.0,0.0,0.0,0.0,0.0,0.0,0.0,0.0,0.0,0.0,0.0,0.0,0.0,0.0,0,-107875648.0,69,0.0,138,0.0,0.0,0,13107,17040,13107,17049,13107,17043,0,0,0,70,68,100,2.7302359370752657e+23,71.1,0.0,74.2,2.7302370179391762e+23,74.0,1,49,50,180,0,52429,0,0,0.0,0.0,0.0,0.0,-0.0,67.0,0.0,162057.094,0.0,750,0,739,0,0,0,721,0,766,0,736,0,742,0,741,0,712,0,7520,0.032,79456894976.0,0.0,0.0,784,16797,-0.0,162057.094,-114818.039,-0.0,0.133,6.909358625270745e+28,30.0,65.0,35,0.0,0.0,0.0,0.0,0.0,0.0,0.0,0.0,0.0,0.0,0.0,0.0,0.0,0.0,0.0,0.0,69.2,0,150,71,54,65476,0,300,0,1,8,20529,65476,0,0,40632,65.0,0.0,0.0,0.0,0.0,0.0
2026-09-04T20:44:38,ERR,ERR,ERR,ERR,ERR,ERR,ERR,ERR,ERR,ERR,ERR,ERR,ERR,ERR,ERR,ERR,ERR,ERR,ERR,ERR,ERR,ERR,ERR,ERR,ERR,ERR,ERR,ERR,ERR,ERR,ERR,ERR,ERR,ERR,ERR,ERR,ERR,ERR,ERR,ERR,ERR,ERR,ERR,ERR,ERR,ERR,ERR,ERR,ERR,ERR,ERR,ERR,ERR,ERR,ERR,ERR,ERR,ERR,ERR,ERR,ERR,ERR,ERR,ERR,ERR,ERR,ERR,ERR,ERR,ERR,ERR,ERR,ERR,ERR,ERR,ERR,ERR,ERR,ERR,ERR,ERR,ERR,ERR,ERR,ERR,ERR,ERR,ERR,ERR,ERR,ERR,ERR,ERR,ERR,ERR,ERR,ERR,ERR,ERR,ERR,ERR,ERR,ERR,ERR,ERR,ERR,ERR,ERR,ERR,ERR,ERR,ERR,ERR,ERR,ERR,ERR,ERR,ERR,ERR,ERR,ERR,ERR,ERR,ERR,ERR,0.0,0.0,0.0,0.0,0.0,1.3936040501711995e+18,7.805,0.0,0,0,4,0,7116,0.0,100,0.0,0.0,0.0,0.0,0.0,0,0,0,0,0.0,0,0,0,0,0,0,0,0,0,0,0,0,0,0,0,0,0,0,0,0,0,0,0,0,0,0,0,0,0,0,0,0,0,31,40,40,71,65476,0,300,0,0,8,21553,0.0,-107605600.0,0.0,0.0,0.0,0.0,0.0,0.0,0.0,0.0,0.0,0.0,0.0,0.0,0.0,0.0,0.0,0.0,0.0,0.0,0.0,0.0,-2.004,2.004,-0.0,-2.004,0.0,0.0,0.0,0.0,6305.0,0.0,6914.0,0.0,0.0,2.7184303811560617e+23,0.0,0.0,0.0,0.0,0.0,69,-71.63,0.0,0.0,0.0,0.0,0.0,0.0,0.0,0.0,0,0,0,0.0,0.0,0.0,0.0,0.0,0.0,0.0,0.0,0.0,0.0,0.0,0.0,0.0,0.0,0.0,0.0,0,-107875648.0,69,0.0,138,0.0,0.0,0,13107,17040,13107,17049,13107,17043,0,0,0,70,68,100,2.7302359370752657e+23,71.1,0.0,74.2,2.7302370179391762e+23,74.0,1,49,50,180,0,52429,0,0,0.0,0.0,0.0,0.0,-0.0,67.0,0.0,162057.094,0.0,750,0,739,0,0,0,721,0,766,0,736,0,742,0,741,0,712,0,7520,0.032,79456894976.0,0.0,0.0,784,16797,-0.0,162057.094,-114818.039,-0.0,0.133,6.909358625270745e+28,30.0,65.0,35,0.0,0.0,0.0,0.0,0.0,0.0,0.0,0.0,0.0,0.0,0.0,0.0,0.0,0.0,0.0,0.0,69.2,0,150,71,54,65476,0,300,0,1,8,20529,65476,0,0,40632,65.0,0.0,0.0,0.0,0.0,0.0
2026-09-04T20:44:39,ERR,ERR,ERR,ERR,ERR,ERR,ERR,ERR,ERR,ERR,ERR,ERR,ERR,ERR,ERR,ERR,ERR,ERR,ERR,ERR,ERR,ERR,ERR,ERR,ERR,ERR,ERR,ERR,ERR,ERR,ERR,ERR,ERR,ERR,ERR,ERR,ERR,ERR,ERR,ERR,ERR,ERR,ERR,ERR,ERR,ERR,ERR,ERR,ERR,ERR,ERR,ERR,ERR,ERR,ERR,ERR,ERR,ERR,ERR,ERR,ERR,ERR,ERR,ERR,ERR,ERR,ERR,ERR,ERR,ERR,ERR,ERR,ERR,ERR,ERR,ERR,ERR,ERR,ERR,ERR,ERR,ERR,ERR,ERR,ERR,ERR,ERR,ERR,ERR,ERR,ERR,ERR,ERR,ERR,ERR,ERR,ERR,ERR,ERR,ERR,ERR,ERR,ERR,ERR,ERR,ERR,ERR,ERR,ERR,ERR,ERR,ERR,ERR,ERR,ERR,ERR,ERR,ERR,ERR,ERR,ERR,ERR,ERR,ERR,ERR,0.0,0.0,0.0,0.0,0.0,1.3936040501711995e+18,7.805,0.0,0,0,4,0,7116,0.0,100,0.0,0.0,0.0,0.0,0.0,0,0,0,0,0.0,0,0,0,0,0,0,0,0,0,0,0,0,0,0,0,0,0,0,0,0,0,0,0,0,0,0,0,0,0,0,0,0,0,31,40,40,71,65476,0,300,0,0,8,21553,0.0,-107605600.0,0.0,0.0,0.0,0.0,0.0,0.0,0.0,0.0,0.0,0.0,0.0,0.0,0.0,0.0,0.0,0.0,0.0,0.0,0.0,0.0,-2.004,2.004,-0.0,-2.004,0.0,0.0,0.0,0.0,6305.0,0.0,6914.0,0.0,0.0,2.7184303811560617e+23,0.0,0.0,0.0,0.0,0.0,69,-71.63,0.0,0.0,0.0,0.0,0.0,0.0,0.0,0.0,0,0,0,0.0,0.0,0.0,0.0,0.0,0.0,0.0,0.0,0.0,0.0,0.0,0.0,0.0,0.0,0.0,0.0,0,-107875648.0,69,0.0,138,0.0,0.0,0,13107,17040,13107,17049,13107,17043,0,0,0,70,68,100,2.7302359370752657e+23,71.1,0.0,74.2,2.7302370179391762e+23,74.0,1,49,50,180,0,52429,0,0,0.0,0.0,0.0,0.0,-0.0,67.0,0.0,162057.094,0.0,750,0,739,0,0,0,721,0,766,0,736,0,742,0,741,0,712,0,7520,0.032,79456894976.0,0.0,0.0,784,16797,-0.0,162057.094,-114818.039,-0.0,0.133,6.909358625270745e+28,30.0,65.0,35,0.0,0.0,0.0,0.0,0.0,0.0,0.0,0.0,0.0,0.0,0.0,0.0,0.0,0.0,0.0,0.0,69.6,0,150,71,54,65476,0,300,0,1,8,20529,65476,0,0,40632,65.0,0.0,0.0,0.0,0.0,0.0
2026-09-04T20:44:40,ERR,ERR,ERR,ERR,ERR,ERR,ERR,ERR,ERR,ERR,ERR,ERR,ERR,ERR,ERR,ERR,ERR,ERR,ERR,ERR,ERR,ERR,ERR,ERR,ERR,ERR,ERR,ERR,ERR,ERR,ERR,ERR,ERR,ERR,ERR,ERR,ERR,ERR,ERR,ERR,ERR,ERR,ERR,ERR,ERR,ERR,ERR,ERR,ERR,ERR,ERR,ERR,ERR,ERR,ERR,ERR,ERR,ERR,ERR,ERR,ERR,ERR,ERR,ERR,ERR,ERR,ERR,ERR,ERR,ERR,ERR,ERR,ERR,ERR,ERR,ERR,ERR,ERR,ERR,ERR,ERR,ERR,ERR,ERR,ERR,ERR,ERR,ERR,ERR,ERR,ERR,ERR,ERR,ERR,ERR,ERR,ERR,ERR,ERR,ERR,ERR,ERR,ERR,ERR,ERR,ERR,ERR,ERR,ERR,ERR,ERR,ERR,ERR,ERR,ERR,ERR,ERR,ERR,ERR,ERR,ERR,ERR,ERR,ERR,ERR,0.0,0.0,0.0,0.0,0.0,1.3936040501711995e+18,7.805,0.0,0,0,4,0,7116,0.0,100,0.0,0.0,0.0,0.0,0.0,0,0,0,0,0.0,0,0,0,0,0,0,0,0,0,0,0,0,0,0,0,0,0,0,0,0,0,0,0,0,0,0,0,0,0,0,0,0,0,31,40,40,71,65476,0,300,0,0,8,21553,0.0,-107605600.0,0.0,0.0,0.0,0.0,0.0,0.0,0.0,0.0,0.0,0.0,0.0,0.0,0.0,0.0,0.0,0.0,0.0,0.0,0.0,0.0,-2.004,2.004,-0.0,-2.004,0.0,0.0,0.0,0.0,6305.0,0.0,6914.0,0.0,0.0,2.7184303811560617e+23,0.0,0.0,0.0,0.0,0.0,69,-71.63,0.0,0.0,0.0,0.0,0.0,0.0,0.0,0.0,0,0,0,0.0,0.0,0.0,0.0,0.0,0.0,0.0,0.0,0.0,0.0,0.0,0.0,0.0,0.0,0.0,0.0,0,-107875648.0,69,0.0,138,0.0,0.0,0,13107,17040,13107,17049,13107,17043,0,0,0,70,68,100,2.7302359370752657e+23,71.1,0.0,74.2,2.7302370179391762e+23,74.0,1,49,50,180,0,52429,0,0,0.0,0.0,0.0,0.0,-0.0,67.0,0.0,162057.094,0.0,750,0,739,0,0,0,721,0,766,0,736,0,742,0,741,0,712,0,7520,0.032,79456894976.0,0.0,0.0,784,16797,-0.0,162057.094,-114818.039,-0.0,0.133,6.909358625270745e+28,30.0,65.0,35,0.0,0.0,0.0,0.0,0.0,0.0,0.0,0.0,0.0,0.0,0.0,0.0,0.0,0.0,0.0,0.0,69.6,0,150,71,54,65476,0,300,0,1,8,20529,65476,0,0,40632,65.0,0.0,0.0,0.0,0.0,0.0
2026-09-04T20:44:41,ERR,ERR,ERR,ERR,ERR,ERR,ERR,ERR,ERR,ERR,ERR,ERR,ERR,ERR,ERR,ERR,ERR,ERR,ERR,ERR,ERR,ERR,ERR,ERR,ERR,ERR,ERR,ERR,ERR,ERR,ERR,ERR,ERR,ERR,ERR,ERR,ERR,ERR,ERR,ERR,ERR,ERR,ERR,ERR,ERR,ERR,ERR,ERR,ERR,ERR,ERR,ERR,ERR,ERR,ERR,ERR,ERR,ERR,ERR,ERR,ERR,ERR,ERR,ERR,ERR,ERR,ERR,ERR,ERR,ERR,ERR,ERR,ERR,ERR,ERR,ERR,ERR,ERR,ERR,ERR,ERR,ERR,ERR,ERR,ERR,ERR,ERR,ERR,ERR,ERR,ERR,ERR,ERR,ERR,ERR,ERR,ERR,ERR,ERR,ERR,ERR,ERR,ERR,ERR,ERR,ERR,ERR,ERR,ERR,ERR,ERR,ERR,ERR,ERR,ERR,ERR,ERR,ERR,ERR,ERR,ERR,ERR,ERR,ERR,ERR,0.0,0.0,0.0,0.0,0.0,1.3936040501711995e+18,7.805,0.0,0,0,4,0,7116,0.0,100,0.0,0.0,0.0,0.0,0.0,0,0,0,0,0.0,0,0,0,0,0,0,0,0,0,0,0,0,0,0,0,0,0,0,0,0,0,0,0,0,0,0,0,0,0,0,0,0,0,31,40,40,71,65476,0,300,0,0,8,21553,0.0,-107605600.0,0.0,0.0,0.0,0.0,0.0,0.0,0.0,0.0,0.0,0.0,0.0,0.0,0.0,0.0,0.0,0.0,0.0,0.0,0.0,0.0,-2.004,2.004,-0.0,-2.004,0.0,0.0,0.0,0.0,6305.0,0.0,6914.0,0.0,0.0,2.7184303811560617e+23,0.0,0.0,0.0,0.0,0.0,69,-71.63,0.0,0.0,0.0,0.0,0.0,0.0,0.0,0.0,0,0,0,0.0,0.0,0.0,0.0,0.0,0.0,0.0,0.0,0.0,0.0,0.0,0.0,0.0,0.0,0.0,0.0,0,-107875648.0,69,0.0,138,0.0,0.0,0,13107,17040,13107,17049,13107,17043,0,0,0,70,68,100,2.7302359370752657e+23,71.1,0.0,74.2,2.7302370179391762e+23,74.0,1,49,50,180,0,52429,0,0,0.0,0.0,0.0,0.0,-0.0,67.0,0.0,162057.094,0.0,750,0,739,0,0,0,721,0,766,0,736,0,742,0,741,0,712,0,7520,0.032,79456894976.0,0.0,0.0,784,16797,-0.0,162057.094,-114818.039,-0.0,0.133,6.909358625270745e+28,30.0,65.0,35,0.0,0.0,0.0,0.0,0.0,0.0,0.0,0.0,0.0,0.0,0.0,0.0,0.0,0.0,0.0,0.0,69.6,0,150,71,54,65476,0,300,0,1,8,20529,65476,0,0,40632,65.0,0.0,0.0,0.0,0.0,0.0
2026-09-04T20:44:42,ERR,ERR,ERR,ERR,ERR,ERR,ERR,ERR,ERR,ERR,ERR,ERR,ERR,ERR,ERR,ERR,ERR,ERR,ERR,ERR,ERR,ERR,ERR,ERR,ERR,ERR,ERR,ERR,ERR,ERR,ERR,ERR,ERR,ERR,ERR,ERR,ERR,ERR,ERR,ERR,ERR,ERR,ERR,ERR,ERR,ERR,ERR,ERR,ERR,ERR,ERR,ERR,ERR,ERR,ERR,ERR,ERR,ERR,ERR,ERR,ERR,ERR,ERR,ERR,ERR,ERR,ERR,ERR,ERR,ERR,ERR,ERR,ERR,ERR,ERR,ERR,ERR,ERR,ERR,ERR,ERR,ERR,ERR,ERR,ERR,ERR,ERR,ERR,ERR,ERR,ERR,ERR,ERR,ERR,ERR,ERR,ERR,ERR,ERR,ERR,ERR,ERR,ERR,ERR,ERR,ERR,ERR,ERR,ERR,ERR,ERR,ERR,ERR,ERR,ERR,ERR,ERR,ERR,ERR,ERR,ERR,ERR,ERR,ERR,ERR,0.0,0.0,0.0,0.0,0.0,1.3936040501711995e+18,7.805,0.0,0,0,4,0,7116,0.0,100,0.0,0.0,0.0,0.0,0.0,0,0,0,0,0.0,0,0,0,0,0,0,0,0,0,0,0,0,0,0,0,0,0,0,0,0,0,0,0,0,0,0,0,0,0,0,0,0,0,31,40,40,71,65476,0,300,0,0,8,21553,0.0,-107605600.0,0.0,0.0,0.0,0.0,0.0,0.0,0.0,0.0,0.0,0.0,0.0,0.0,0.0,0.0,0.0,0.0,0.0,0.0,0.0,0.0,-2.004,2.004,-0.0,-2.004,0.0,0.0,0.0,0.0,6305.0,0.0,6914.0,0.0,0.0,2.7184303811560617e+23,0.0,0.0,0.0,0.0,0.0,69,-71.63,0.0,0.0,0.0,0.0,0.0,0.0,0.0,0.0,0,0,0,0.0,0.0,0.0,0.0,0.0,0.0,0.0,0.0,0.0,0.0,0.0,0.0,0.0,0.0,0.0,0.0,0,-107875648.0,69,0.0,138,0.0,0.0,0,13107,17040,13107,17049,13107,17043,0,0,0,70,68,100,2.7302359370752657e+23,71.1,0.0,74.2,2.7302370179391762e+23,74.0,1,49,50,180,0,52429,0,0,0.0,0.0,0.0,0.0,-0.0,67.0,0.0,162057.094,0.0,750,0,739,0,0,0,721,0,766,0,735,0,742,0,741,0,712,0,7520,0.032,79993765888.0,0.0,0.0,784,16797,-0.0,162057.094,-114818.039,-0.0,0.133,6.909358625270745e+28,30.0,65.0,35,0.0,0.0,0.0,0.0,0.0,0.0,0.0,0.0,0.0,0.0,0.0,0.0,0.0,0.0,0.0,0.0,69.6,0,150,71,54,65476,0,300,0,1,8,20529,65476,0,0,40632,65.0,0.0,0.0,0.0,0.0,0.0
2026-09-04T20:44:43,ERR,ERR,ERR,ERR,ERR,ERR,ERR,ERR,ERR,ERR,ERR,ERR,ERR,ERR,ERR,ERR,ERR,ERR,ERR,ERR,ERR,ERR,ERR,ERR,ERR,ERR,ERR,ERR,ERR,ERR,ERR,ERR,ERR,ERR,ERR,ERR,ERR,ERR,ERR,ERR,ERR,ERR,ERR,ERR,ERR,ERR,ERR,ERR,ERR,ERR,ERR,ERR,ERR,ERR,ERR,ERR,ERR,ERR,ERR,ERR,ERR,ERR,ERR,ERR,ERR,ERR,ERR,ERR,ERR,ERR,ERR,ERR,ERR,ERR,ERR,ERR,ERR,ERR,ERR,ERR,ERR,ERR,ERR,ERR,ERR,ERR,ERR,ERR,ERR,ERR,ERR,ERR,ERR,ERR,ERR,ERR,ERR,ERR,ERR,ERR,ERR,ERR,ERR,ERR,ERR,ERR,ERR,ERR,ERR,ERR,ERR,ERR,ERR,ERR,ERR,ERR,ERR,ERR,ERR,ERR,ERR,ERR,ERR,ERR,ERR,0.0,0.0,0.0,0.0,0.0,1.3936040501711995e+18,7.805,0.0,0,0,4,0,7116,0.0,100,0.0,0.0,0.0,0.0,0.0,0,0,0,0,0.0,0,0,0,0,0,0,0,0,0,0,0,0,0,0,0,0,0,0,0,0,0,0,0,0,0,0,0,0,0,0,0,0,0,31,40,40,71,65476,0,300,0,0,8,21553,0.0,-107605600.0,0.0,0.0,0.0,0.0,0.0,0.0,0.0,0.0,0.0,0.0,0.0,0.0,0.0,0.0,0.0,0.0,0.0,0.0,0.0,0.0,-2.004,2.004,-0.0,-2.004,0.0,0.0,0.0,0.0,6305.0,0.0,6914.0,0.0,0.0,2.7184303811560617e+23,0.0,0.0,0.0,0.0,0.0,69,-71.63,0.0,0.0,0.0,0.0,0.0,0.0,0.0,0.0,0,0,0,0.0,0.0,0.0,0.0,0.0,0.0,0.0,0.0,0.0,0.0,0.0,0.0,0.0,0.0,0.0,0.0,0,-107875648.0,69,0.0,138,0.0,0.0,0,13107,17040,13107,17049,13107,17043,0,0,0,70,68,100,2.7302359370752657e+23,71.1,0.0,74.2,2.7302370179391762e+23,74.0,1,49,50,180,0,52429,0,0,0.0,0.0,0.0,0.0,-0.0,67.0,0.0,162057.094,0.0,750,0,739,0,0,0,721,0,766,0,735,0,742,0,741,0,712,0,7520,0.032,79993765888.0,0.0,0.0,784,16797,-0.0,162057.094,-114818.039,-0.0,0.133,6.909358625270745e+28,30.0,65.0,35,0.0,0.0,0.0,0.0,0.0,0.0,0.0,0.0,0.0,0.0,0.0,0.0,0.0,0.0,0.0,0.0,69.6,0,150,71,54,65476,0,300,0,1,8,20529,65476,0,0,40632,65.0,0.0,0.0,0.0,0.0,0.0
2026-09-04T20:44:44,ERR,ERR,ERR,ERR,ERR,ERR,ERR,ERR,ERR,ERR,ERR,ERR,ERR,ERR,ERR,ERR,ERR,ERR,ERR,ERR,ERR,ERR,ERR,ERR,ERR,ERR,ERR,ERR,ERR,ERR,ERR,ERR,ERR,ERR,ERR,ERR,ERR,ERR,ERR,ERR,ERR,ERR,ERR,ERR,ERR,ERR,ERR,ERR,ERR,ERR,ERR,ERR,ERR,ERR,ERR,ERR,ERR,ERR,ERR,ERR,ERR,ERR,ERR,ERR,ERR,ERR,ERR,ERR,ERR,ERR,ERR,ERR,ERR,ERR,ERR,ERR,ERR,ERR,ERR,ERR,ERR,ERR,ERR,ERR,ERR,ERR,ERR,ERR,ERR,ERR,ERR,ERR,ERR,ERR,ERR,ERR,ERR,ERR,ERR,ERR,ERR,ERR,ERR,ERR,ERR,ERR,ERR,ERR,ERR,ERR,ERR,ERR,ERR,ERR,ERR,ERR,ERR,ERR,ERR,ERR,ERR,ERR,ERR,ERR,ERR,0.0,0.0,0.0,0.0,0.0,1.3936040501711995e+18,7.805,0.0,0,0,4,0,7116,0.0,100,0.0,0.0,0.0,0.0,0.0,0,0,0,0,0.0,0,0,0,0,0,0,0,0,0,0,0,0,0,0,0,0,0,0,0,0,0,0,0,0,0,0,0,0,0,0,0,0,0,31,40,40,71,65476,0,300,0,0,8,21553,0.0,-107605600.0,0.0,0.0,0.0,0.0,0.0,0.0,0.0,0.0,0.0,0.0,0.0,0.0,0.0,0.0,0.0,0.0,0.0,0.0,0.0,0.0,-2.004,2.004,-0.0,-2.004,0.0,0.0,0.0,0.0,6312.0,-2.422999433747328e+24,6941.0,0.0,0.0,2.7184303811560617e+23,0.0,0.0,0.0,0.0,0.0,69,-152018572279808.0,0.0,0.0,0.0,0.0,0.0,0.0,0.0,0.0,0,0,0,0.0,0.0,0.0,0.0,0.0,0.0,0.0,0.0,0.0,0.0,0.0,0.0,0.0,0.0,0.0,0.0,0,-107875648.0,69,0.0,138,0.0,0.0,0,13107,17040,13107,17049,13107,17043,0,0,0,70,68,100,2.7302359370752657e+23,71.1,0.0,74.2,2.7302370179391762e+23,74.0,1,49,50,180,0,52429,0,0,0.0,0.0,0.0,0.0,-0.0,67.0,0.0,162057.094,0.0,750,0,739,0,0,0,721,0,766,0,735,0,742,0,741,0,712,0,7520,0.032,79993765888.0,0.0,0.0,784,16797,-0.0,162057.094,-114818.039,-0.0,0.133,6.909358625270745e+28,30.0,65.0,35,0.0,0.0,0.0,0.0,0.0,0.0,0.0,0.0,0.0,0.0,0.0,0.0,0.0,0.0,0.0,0.0,69.2,0,150,71,54,65476,0,300,0,1,8,20529,65476,0,0,40632,65.0,0.0,0.0,0.0,0.0,0.0
2026-09-04T20:44:45,ERR,ERR,ERR,ERR,ERR,ERR,ERR,ERR,ERR,ERR,ERR,ERR,ERR,ERR,ERR,ERR,ERR,ERR,ERR,ERR,ERR,ERR,ERR,ERR,ERR,ERR,ERR,ERR,ERR,ERR,ERR,ERR,ERR,ERR,ERR,ERR,ERR,ERR,ERR,ERR,ERR,ERR,ERR,ERR,ERR,ERR,ERR,ERR,ERR,ERR,ERR,ERR,ERR,ERR,ERR,ERR,ERR,ERR,ERR,ERR,ERR,ERR,ERR,ERR,ERR,ERR,ERR,ERR,ERR,ERR,ERR,ERR,ERR,ERR,ERR,ERR,ERR,ERR,ERR,ERR,ERR,ERR,ERR,ERR,ERR,ERR,ERR,ERR,ERR,ERR,ERR,ERR,ERR,ERR,ERR,ERR,ERR,ERR,ERR,ERR,ERR,ERR,ERR,ERR,ERR,ERR,ERR,ERR,ERR,ERR,ERR,ERR,ERR,ERR,ERR,ERR,ERR,ERR,ERR,ERR,ERR,ERR,ERR,ERR,ERR,0.0,0.0,0.0,0.0,0.0,1.3936040501711995e+18,7.805,0.0,0,0,4,0,7116,0.0,100,0.0,0.0,0.0,0.0,0.0,0,0,0,0,0.0,0,0,0,0,0,0,0,0,0,0,0,0,0,0,0,0,0,0,0,0,0,0,0,0,0,0,0,0,0,0,0,0,0,31,40,40,71,65476,0,300,0,0,8,21553,0.0,-107605600.0,0.0,0.0,0.0,0.0,0.0,0.0,0.0,0.0,0.0,0.0,0.0,0.0,0.0,0.0,0.0,0.0,0.0,0.0,0.0,0.0,-2.004,2.004,-0.0,-2.004,0.0,0.0,0.0,0.0,6312.0,-2.422999433747328e+24,6941.0,0.0,0.0,2.7184303811560617e+23,0.0,0.0,0.0,0.0,0.0,69,-152018572279808.0,0.0,0.0,0.0,0.0,0.0,0.0,0.0,0.0,0,0,0,0.0,0.0,0.0,0.0,0.0,0.0,0.0,0.0,0.0,0.0,0.0,0.0,0.0,0.0,0.0,0.0,0,-107875648.0,69,0.0,138,0.0,0.0,0,13107,17040,13107,17049,13107,17043,0,0,0,70,68,100,2.7302359370752657e+23,71.1,0.0,74.2,2.7302370179391762e+23,74.0,1,49,50,180,0,52429,0,0,0.0,0.0,0.0,0.0,-0.0,67.0,0.0,162057.094,0.0,750,0,739,0,0,0,721,0,766,0,735,0,742,0,741,0,712,0,7520,0.032,79993765888.0,0.0,0.0,784,16797,-0.0,162057.094,-114818.039,-0.0,0.133,6.909358625270745e+28,30.0,65.0,35,0.0,0.0,0.0,0.0,0.0,0.0,0.0,0.0,0.0,0.0,0.0,0.0,0.0,0.0,0.0,0.0,69.2,0,150,71,54,65476,0,300,0,1,8,20529,65476,0,0,40632,65.0,0.0,0.0,0.0,0.0,0.0
2026-09-04T20:44:46,ERR,ERR,ERR,ERR,ERR,ERR,ERR,ERR,ERR,ERR,ERR,ERR,ERR,ERR,ERR,ERR,ERR,ERR,ERR,ERR,ERR,ERR,ERR,ERR,ERR,ERR,ERR,ERR,ERR,ERR,ERR,ERR,ERR,ERR,ERR,ERR,ERR,ERR,ERR,ERR,ERR,ERR,ERR,ERR,ERR,ERR,ERR,ERR,ERR,ERR,ERR,ERR,ERR,ERR,ERR,ERR,ERR,ERR,ERR,ERR,ERR,ERR,ERR,ERR,ERR,ERR,ERR,ERR,ERR,ERR,ERR,ERR,ERR,ERR,ERR,ERR,ERR,ERR,ERR,ERR,ERR,ERR,ERR,ERR,ERR,ERR,ERR,ERR,ERR,ERR,ERR,ERR,ERR,ERR,ERR,ERR,ERR,ERR,ERR,ERR,ERR,ERR,ERR,ERR,ERR,ERR,ERR,ERR,ERR,ERR,ERR,ERR,ERR,ERR,ERR,ERR,ERR,ERR,ERR,ERR,ERR,ERR,ERR,ERR,ERR,0.0,0.0,0.0,0.0,0.0,1.3936040501711995e+18,7.805,0.0,0,0,4,0,7116,0.0,100,0.0,0.0,0.0,0.0,0.0,0,0,0,0,0.0,0,0,0,0,0,0,0,0,0,0,0,0,0,0,0,0,0,0,0,0,0,0,0,0,0,0,0,0,0,0,0,0,0,31,40,40,71,65476,0,300,0,0,8,21553,0.0,-107605600.0,0.0,0.0,0.0,0.0,0.0,0.0,0.0,0.0,0.0,0.0,0.0,0.0,0.0,0.0,0.0,0.0,0.0,0.0,0.0,0.0,-2.004,2.004,-0.0,-2.004,0.0,0.0,0.0,0.0,6312.0,-2.422999433747328e+24,6941.0,0.0,0.0,2.7184303811560617e+23,0.0,0.0,0.0,0.0,0.0,69,-152018572279808.0,0.0,0.0,0.0,0.0,0.0,0.0,0.0,0.0,0,0,0,0.0,0.0,0.0,0.0,0.0,0.0,0.0,0.0,0.0,0.0,0.0,0.0,0.0,0.0,0.0,0.0,0,-107875648.0,69,0.0,138,0.0,0.0,0,13107,17040,13107,17049,13107,17043,0,0,0,70,68,100,2.7302359370752657e+23,71.1,0.0,74.2,2.7302370179391762e+23,74.0,1,49,50,180,0,52429,0,0,0.0,0.0,0.0,0.0,-0.0,67.0,0.0,162057.094,0.0,750,0,739,0,0,0,721,0,766,0,735,0,742,0,741,0,712,0,7520,0.032,79993765888.0,0.0,0.0,784,16797,-0.0,162057.094,-114818.039,-0.0,0.133,6.909358625270745e+28,30.0,65.0,35,0.0,0.0,0.0,0.0,0.0,0.0,0.0,0.0,0.0,0.0,0.0,0.0,0.0,0.0,0.0,0.0,69.2,0,150,71,54,65476,0,300,0,1,8,20529,65476,0,0,40632,65.0,0.0,0.0,0.0,0.0,0.0
2026-09-04T20:44:47,ERR,ERR,ERR,ERR,ERR,ERR,ERR,ERR,ERR,ERR,ERR,ERR,ERR,ERR,ERR,ERR,ERR,ERR,ERR,ERR,ERR,ERR,ERR,ERR,ERR,ERR,ERR,ERR,ERR,ERR,ERR,ERR,ERR,ERR,ERR,ERR,ERR,ERR,ERR,ERR,ERR,ERR,ERR,ERR,ERR,ERR,ERR,ERR,ERR,ERR,ERR,ERR,ERR,ERR,ERR,ERR,ERR,ERR,ERR,ERR,ERR,ERR,ERR,ERR,ERR,ERR,ERR,ERR,ERR,ERR,ERR,ERR,ERR,ERR,ERR,ERR,ERR,ERR,ERR,ERR,ERR,ERR,ERR,ERR,ERR,ERR,ERR,ERR,ERR,ERR,ERR,ERR,ERR,ERR,ERR,ERR,ERR,ERR,ERR,ERR,ERR,ERR,ERR,ERR,ERR,ERR,ERR,ERR,ERR,ERR,ERR,ERR,ERR,ERR,ERR,ERR,ERR,ERR,ERR,ERR,ERR,ERR,ERR,ERR,ERR,0.0,0.0,0.0,0.0,0.0,1.3936040501711995e+18,7.805,0.0,0,0,4,0,7116,0.0,100,0.0,0.0,0.0,0.0,0.0,0,0,0,0,0.0,0,0,0,0,0,0,0,0,0,0,0,0,0,0,0,0,0,0,0,0,0,0,0,0,0,0,0,0,0,0,0,0,0,31,40,40,71,65476,0,300,0,0,8,21553,0.0,-107605600.0,0.0,0.0,0.0,0.0,0.0,0.0,0.0,0.0,0.0,0.0,0.0,0.0,0.0,0.0,0.0,0.0,0.0,0.0,0.0,0.0,-2.004,2.004,-0.0,-2.004,0.0,0.0,0.0,0.0,6312.0,-2.422999433747328e+24,6941.0,0.0,0.0,2.7184303811560617e+23,0.0,0.0,0.0,0.0,0.0,69,-152018572279808.0,0.0,0.0,0.0,0.0,0.0,0.0,0.0,0.0,0,0,0,0.0,0.0,0.0,0.0,0.0,0.0,0.0,0.0,0.0,0.0,0.0,0.0,0.0,0.0,0.0,0.0,0,-107875648.0,69,0.0,138,0.0,0.0,0,13107,17040,13107,17049,13107,17043,0,0,0,70,68,100,2.7302359370752657e+23,71.1,0.0,74.2,2.7302370179391762e+23,74.0,1,49,50,180,0,52429,0,0,0.0,0.0,0.0,0.0,-0.0,67.0,0.0,162057.094,0.0,750,0,739,0,0,0,721,0,766,0,736,0,742,0,741,0,712,0,7520,0.032,79456894976.0,0.0,0.0,784,16797,-0.0,162057.094,-114818.039,-0.0,0.133,6.909358625270745e+28,30.0,65.0,35,0.0,0.0,0.0,0.0,0.0,0.0,0.0,0.0,0.0,0.0,0.0,0.0,0.0,0.0,0.0,0.0,69.2,0,150,71,54,65476,0,300,0,1,8,20529,65476,0,0,40632,65.0,0.0,0.0,0.0,0.0,0.0
2026-09-04T20:44:48,ERR,ERR,ERR,ERR,ERR,ERR,ERR,ERR,ERR,ERR,ERR,ERR,ERR,ERR,ERR,ERR,ERR,ERR,ERR,ERR,ERR,ERR,ERR,ERR,ERR,ERR,ERR,ERR,ERR,ERR,ERR,ERR,ERR,ERR,ERR,ERR,ERR,ERR,ERR,ERR,ERR,ERR,ERR,ERR,ERR,ERR,ERR,ERR,ERR,ERR,ERR,ERR,ERR,ERR,ERR,ERR,ERR,ERR,ERR,ERR,ERR,ERR,ERR,ERR,ERR,ERR,ERR,ERR,ERR,ERR,ERR,ERR,ERR,ERR,ERR,ERR,ERR,ERR,ERR,ERR,ERR,ERR,ERR,ERR,ERR,ERR,ERR,ERR,ERR,ERR,ERR,ERR,ERR,ERR,ERR,ERR,ERR,ERR,ERR,ERR,ERR,ERR,ERR,ERR,ERR,ERR,ERR,ERR,ERR,ERR,ERR,ERR,ERR,ERR,ERR,ERR,ERR,ERR,ERR,ERR,ERR,ERR,ERR,ERR,ERR,0.0,0.0,0.0,0.0,0.0,1.3936040501711995e+18,7.805,0.0,0,0,4,0,7116,0.0,100,0.0,0.0,0.0,0.0,0.0,0,0,0,0,0.0,0,0,0,0,0,0,0,0,0,0,0,0,0,0,0,0,0,0,0,0,0,0,0,0,0,0,0,0,0,0,0,0,0,31,40,40,71,65476,0,300,0,0,8,21553,0.0,-107605600.0,0.0,0.0,0.0,0.0,0.0,0.0,0.0,0.0,0.0,0.0,0.0,0.0,0.0,0.0,0.0,0.0,0.0,0.0,0.0,0.0,-2.004,2.004,-0.0,-2.004,0.0,0.0,0.0,0.0,6312.0,-2.422999433747328e+24,6941.0,0.0,0.0,2.7184303811560617e+23,0.0,0.0,0.0,0.0,0.0,69,-152018572279808.0,0.0,0.0,0.0,0.0,0.0,0.0,0.0,0.0,0,0,0,0.0,0.0,0.0,0.0,0.0,0.0,0.0,0.0,0.0,0.0,0.0,0.0,0.0,0.0,0.0,0.0,0,-107875648.0,69,0.0,138,0.0,0.0,0,13107,17040,13107,17049,13107,17043,0,0,0,70,68,100,2.7302359370752657e+23,71.1,0.0,74.2,2.7302370179391762e+23,74.0,1,49,50,180,0,52429,0,0,0.0,0.0,0.0,0.0,-0.0,67.0,0.0,162057.094,0.0,750,0,739,0,0,0,721,0,766,0,736,0,742,0,741,0,712,0,7520,0.032,79456894976.0,0.0,0.0,784,16797,-0.0,162057.094,-114818.039,-0.0,0.133,6.909358625270745e+28,30.0,65.0,35,0.0,0.0,0.0,0.0,0.0,0.0,0.0,0.0,0.0,0.0,0.0,0.0,0.0,0.0,0.0,0.0,69.2,0,150,71,54,65476,0,300,0,1,8,20529,65476,0,0,40632,65.0,0.0,0.0,0.0,0.0,0.0
2026-09-04T20:44:49,ERR,ERR,ERR,ERR,ERR,ERR,ERR,ERR,ERR,ERR,ERR,ERR,ERR,ERR,ERR,ERR,ERR,ERR,ERR,ERR,ERR,ERR,ERR,ERR,ERR,ERR,ERR,ERR,ERR,ERR,ERR,ERR,ERR,ERR,ERR,ERR,ERR,ERR,ERR,ERR,ERR,ERR,ERR,ERR,ERR,ERR,ERR,ERR,ERR,ERR,ERR,ERR,ERR,ERR,ERR,ERR,ERR,ERR,ERR,ERR,ERR,ERR,ERR,ERR,ERR,ERR,ERR,ERR,ERR,ERR,ERR,ERR,ERR,ERR,ERR,ERR,ERR,ERR,ERR,ERR,ERR,ERR,ERR,ERR,ERR,ERR,ERR,ERR,ERR,ERR,ERR,ERR,ERR,ERR,ERR,ERR,ERR,ERR,ERR,ERR,ERR,ERR,ERR,ERR,ERR,ERR,ERR,ERR,ERR,ERR,ERR,ERR,ERR,ERR,ERR,ERR,ERR,ERR,ERR,ERR,ERR,ERR,ERR,ERR,ERR,0.0,0.0,0.0,0.0,0.0,1.3936040501711995e+18,7.805,0.0,0,0,4,0,7116,0.0,100,0.0,0.0,0.0,0.0,0.0,0,0,0,0,0.0,0,0,0,0,0,0,0,0,0,0,0,0,0,0,0,0,0,0,0,0,0,0,0,0,0,0,0,0,0,0,0,0,0,31,40,40,71,65476,0,300,0,0,8,21553,0.0,-107605600.0,0.0,0.0,0.0,0.0,0.0,0.0,0.0,0.0,0.0,0.0,0.0,0.0,0.0,0.0,0.0,0.0,0.0,0.0,0.0,0.0,-2.004,2.004,-0.0,-2.004,0.0,0.0,0.0,0.0,6312.0,-2.422999433747328e+24,6941.0,0.0,0.0,2.7184303811560617e+23,0.0,0.0,0.0,0.0,0.0,69,-152018572279808.0,0.0,0.0,0.0,0.0,0.0,0.0,0.0,0.0,0,0,0,0.0,0.0,0.0,0.0,0.0,0.0,0.0,0.0,0.0,0.0,0.0,0.0,0.0,0.0,0.0,0.0,0,-107875648.0,69,0.0,138,0.0,0.0,0,13107,17040,13107,17049,13107,17043,0,0,0,70,68,100,2.7302359370752657e+23,71.1,0.0,74.2,2.7302370179391762e+23,74.0,1,49,50,180,0,52429,0,0,0.0,0.0,0.0,0.0,-0.0,67.0,0.0,162057.094,0.0,750,0,739,0,0,0,721,0,766,0,736,0,742,0,741,0,712,0,7520,0.032,79456894976.0,0.0,0.0,784,16797,-0.0,162057.094,-114818.039,-0.0,0.133,6.909358625270745e+28,30.0,65.0,35,0.0,0.0,0.0,0.0,0.0,0.0,0.0,0.0,0.0,0.0,0.0,0.0,0.0,0.0,0.0,0.0,69.2,0,150,71,54,65476,0,300,0,1,8,20529,65476,0,0,40632,65.0,0.0,0.0,0.0,0.0,0.0
2026-09-04T20:44:50,ERR,ERR,ERR,ERR,ERR,ERR,ERR,ERR,ERR,ERR,ERR,ERR,ERR,ERR,ERR,ERR,ERR,ERR,ERR,ERR,ERR,ERR,ERR,ERR,ERR,ERR,ERR,ERR,ERR,ERR,ERR,ERR,ERR,ERR,ERR,ERR,ERR,ERR,ERR,ERR,ERR,ERR,ERR,ERR,ERR,ERR,ERR,ERR,ERR,ERR,ERR,ERR,ERR,ERR,ERR,ERR,ERR,ERR,ERR,ERR,ERR,ERR,ERR,ERR,ERR,ERR,ERR,ERR,ERR,ERR,ERR,ERR,ERR,ERR,ERR,ERR,ERR,ERR,ERR,ERR,ERR,ERR,ERR,ERR,ERR,ERR,ERR,ERR,ERR,ERR,ERR,ERR,ERR,ERR,ERR,ERR,ERR,ERR,ERR,ERR,ERR,ERR,ERR,ERR,ERR,ERR,ERR,ERR,ERR,ERR,ERR,ERR,ERR,ERR,ERR,ERR,ERR,ERR,ERR,ERR,ERR,ERR,ERR,ERR,ERR,0.0,0.0,0.0,0.0,0.0,1.3936040501711995e+18,7.805,0.0,0,0,4,0,7116,0.0,100,0.0,0.0,0.0,0.0,0.0,0,0,0,0,0.0,0,0,0,0,0,0,0,0,0,0,0,0,0,0,0,0,0,0,0,0,0,0,0,0,0,0,0,0,0,0,0,0,0,31,40,40,71,65476,0,300,0,0,8,21553,0.0,-107605600.0,0.0,0.0,0.0,0.0,0.0,0.0,0.0,0.0,0.0,0.0,0.0,0.0,0.0,0.0,0.0,0.0,0.0,0.0,0.0,0.0,-2.004,2.004,-0.0,-2.004,0.0,0.0,0.0,0.0,6312.0,-2.422999433747328e+24,6941.0,0.0,0.0,2.7184303811560617e+23,0.0,0.0,0.0,0.0,0.0,69,-152018572279808.0,0.0,0.0,0.0,0.0,0.0,0.0,0.0,0.0,0,0,0,0.0,0.0,0.0,0.0,0.0,0.0,0.0,0.0,0.0,0.0,0.0,0.0,0.0,0.0,0.0,0.0,0,-107875648.0,69,0.0,138,0.0,0.0,0,13107,17040,13107,17049,13107,17043,0,0,0,70,68,100,2.7302359370752657e+23,71.1,0.0,74.2,2.7302370179391762e+23,74.0,1,49,50,180,0,52429,0,0,0.0,0.0,0.0,0.0,-0.0,67.0,0.0,162057.094,0.0,750,0,739,0,0,0,721,0,766,0,736,0,742,0,741,0,712,0,7520,0.032,79456894976.0,0.0,0.0,784,16797,-0.0,162057.094,-114818.039,-0.0,0.133,6.909358625270745e+28,30.0,65.0,35,0.0,0.0,0.0,0.0,0.0,0.0,0.0,0.0,0.0,0.0,0.0,0.0,0.0,0.0,0.0,0.0,69.2,0,150,71,54,65476,0,300,0,1,8,20529,65476,0,0,40632,65.0,0.0,0.0,0.0,0.0,0.0
2026-09-04T20:44:51,ERR,ERR,ERR,ERR,ERR,ERR,ERR,ERR,ERR,ERR,ERR,ERR,ERR,ERR,ERR,ERR,ERR,ERR,ERR,ERR,ERR,ERR,ERR,ERR,ERR,ERR,ERR,ERR,ERR,ERR,ERR,ERR,ERR,ERR,ERR,ERR,ERR,ERR,ERR,ERR,ERR,ERR,ERR,ERR,ERR,ERR,ERR,ERR,ERR,ERR,ERR,ERR,ERR,ERR,ERR,ERR,ERR,ERR,ERR,ERR,ERR,ERR,ERR,ERR,ERR,ERR,ERR,ERR,ERR,ERR,ERR,ERR,ERR,ERR,ERR,ERR,ERR,ERR,ERR,ERR,ERR,ERR,ERR,ERR,ERR,ERR,ERR,ERR,ERR,ERR,ERR,ERR,ERR,ERR,ERR,ERR,ERR,ERR,ERR,ERR,ERR,ERR,ERR,ERR,ERR,ERR,ERR,ERR,ERR,ERR,ERR,ERR,ERR,ERR,ERR,ERR,ERR,ERR,ERR,ERR,ERR,ERR,ERR,ERR,ERR,0.0,0.0,0.0,0.0,0.0,1.3936040501711995e+18,7.805,0.0,0,0,4,0,7116,0.0,100,0.0,0.0,0.0,0.0,0.0,0,0,0,0,0.0,0,0,0,0,0,0,0,0,0,0,0,0,0,0,0,0,0,0,0,0,0,0,0,0,0,0,0,0,0,0,0,0,0,31,40,40,71,65476,0,300,0,0,8,21553,0.0,-107605600.0,0.0,0.0,0.0,0.0,0.0,0.0,0.0,0.0,0.0,0.0,0.0,0.0,0.0,0.0,0.0,0.0,0.0,0.0,0.0,0.0,-2.004,2.004,-0.0,-2.004,0.0,0.0,0.0,0.0,6312.0,-2.422999433747328e+24,6941.0,0.0,0.0,2.7184303811560617e+23,0.0,0.0,0.0,0.0,0.0,69,-152018572279808.0,0.0,0.0,0.0,0.0,0.0,0.0,0.0,0.0,0,0,0,0.0,0.0,0.0,0.0,0.0,0.0,0.0,0.0,0.0,0.0,0.0,0.0,0.0,0.0,0.0,0.0,0,-107875648.0,69,0.0,138,0.0,0.0,0,13107,17040,13107,17049,13107,17043,0,0,0,70,68,100,2.7302359370752657e+23,71.1,0.0,74.2,2.7302370179391762e+23,74.0,1,49,50,180,0,52429,0,0,0.0,0.0,0.0,0.0,-0.0,67.0,0.0,162057.094,0.0,750,0,739,0,0,0,721,0,766,0,736,0,742,0,741,0,712,0,7520,0.032,79456894976.0,0.0,0.0,784,16797,-0.0,162057.094,-114818.039,-0.0,0.133,6.909358625270745e+28,30.0,65.0,35,0.0,0.0,0.0,0.0,0.0,0.0,0.0,0.0,0.0,0.0,0.0,0.0,0.0,0.0,0.0,0.0,69.2,0,150,71,54,65476,0,300,0,1,8,20529,65476,0,0,40632,65.0,0.0,0.0,0.0,0.0,0.0
2026-09-04T20:44:52,ERR,ERR,ERR,ERR,ERR,ERR,ERR,ERR,ERR,ERR,ERR,ERR,ERR,ERR,ERR,ERR,ERR,ERR,ERR,ERR,ERR,ERR,ERR,ERR,ERR,ERR,ERR,ERR,ERR,ERR,ERR,ERR,ERR,ERR,ERR,ERR,ERR,ERR,ERR,ERR,ERR,ERR,ERR,ERR,ERR,ERR,ERR,ERR,ERR,ERR,ERR,ERR,ERR,ERR,ERR,ERR,ERR,ERR,ERR,ERR,ERR,ERR,ERR,ERR,ERR,ERR,ERR,ERR,ERR,ERR,ERR,ERR,ERR,ERR,ERR,ERR,ERR,ERR,ERR,ERR,ERR,ERR,ERR,ERR,ERR,ERR,ERR,ERR,ERR,ERR,ERR,ERR,ERR,ERR,ERR,ERR,ERR,ERR,ERR,ERR,ERR,ERR,ERR,ERR,ERR,ERR,ERR,ERR,ERR,ERR,ERR,ERR,ERR,ERR,ERR,ERR,ERR,ERR,ERR,ERR,ERR,ERR,ERR,ERR,ERR,0.0,0.0,0.0,0.0,0.0,1.3936040501711995e+18,7.805,0.0,0,0,4,0,7116,0.0,100,0.0,0.0,0.0,0.0,0.0,0,0,0,0,0.0,0,0,0,0,0,0,0,0,0,0,0,0,0,0,0,0,0,0,0,0,0,0,0,0,0,0,0,0,0,0,0,0,0,31,40,40,71,65476,0,300,0,0,8,21553,0.0,-107605600.0,0.0,0.0,0.0,0.0,0.0,0.0,0.0,0.0,0.0,0.0,0.0,0.0,0.0,0.0,0.0,0.0,0.0,0.0,0.0,0.0,-2.004,2.004,-0.0,-2.004,0.0,0.0,0.0,0.0,6279.0,-131351.062,6937.0,0.0,0.0,2.7184303811560617e+23,0.0,0.0,0.0,0.0,0.0,69,-3.222031175229641e+26,-4.9504212476177815e+32,0.0,0.0,0.0,0.0,0.0,0.0,0.0,0,0,0,0.0,0.0,0.0,0.0,0.0,0.0,0.0,0.0,0.0,0.0,0.0,0.0,0.0,0.0,0.0,0.0,0,-107875648.0,69,0.0,138,0.0,0.0,0,13107,17040,13107,17049,13107,17043,0,0,0,70,68,100,2.7302359370752657e+23,71.1,0.0,74.2,2.7302370179391762e+23,74.0,1,49,50,180,0,52429,0,0,0.0,0.0,0.0,0.0,-0.0,67.0,0.0,162057.094,0.0,750,0,739,0,0,0,721,0,766,0,736,0,742,0,741,0,712,0,7520,0.032,79456894976.0,0.0,0.0,784,16797,-0.0,162057.094,-114818.039,-0.0,0.133,6.909358625270745e+28,30.0,65.0,35,0.0,0.0,0.0,0.0,0.0,0.0,0.0,0.0,0.0,0.0,0.0,0.0,0.0,0.0,0.0,0.0,69.2,0,150,71,54,65476,0,300,0,1,8,20529,65476,0,0,40632,65.0,0.0,0.0,0.0,0.0,0.0
2026-09-04T20:44:53,ERR,ERR,ERR,ERR,ERR,ERR,ERR,ERR,ERR,ERR,ERR,ERR,ERR,ERR,ERR,ERR,ERR,ERR,ERR,ERR,ERR,ERR,ERR,ERR,ERR,ERR,ERR,ERR,ERR,ERR,ERR,ERR,ERR,ERR,ERR,ERR,ERR,ERR,ERR,ERR,ERR,ERR,ERR,ERR,ERR,ERR,ERR,ERR,ERR,ERR,ERR,ERR,ERR,ERR,ERR,ERR,ERR,ERR,ERR,ERR,ERR,ERR,ERR,ERR,ERR,ERR,ERR,ERR,ERR,ERR,ERR,ERR,ERR,ERR,ERR,ERR,ERR,ERR,ERR,ERR,ERR,ERR,ERR,ERR,ERR,ERR,ERR,ERR,ERR,ERR,ERR,ERR,ERR,ERR,ERR,ERR,ERR,ERR,ERR,ERR,ERR,ERR,ERR,ERR,ERR,ERR,ERR,ERR,ERR,ERR,ERR,ERR,ERR,ERR,ERR,ERR,ERR,ERR,ERR,ERR,ERR,ERR,ERR,ERR,ERR,0.0,0.0,0.0,0.0,0.0,1.3936040501711995e+18,7.805,0.0,0,0,4,0,7116,0.0,100,0.0,0.0,0.0,0.0,0.0,0,0,0,0,0.0,0,0,0,0,0,0,0,0,0,0,0,0,0,0,0,0,0,0,0,0,0,0,0,0,0,0,0,0,0,0,0,0,0,31,40,40,71,65476,0,300,0,0,8,21553,0.0,-107605600.0,0.0,0.0,0.0,0.0,0.0,0.0,0.0,0.0,0.0,0.0,0.0,0.0,0.0,0.0,0.0,0.0,0.0,0.0,0.0,0.0,-2.004,2.004,-0.0,-2.004,0.0,0.0,0.0,0.0,6279.0,-131351.062,6937.0,0.0,0.0,2.7184303811560617e+23,0.0,0.0,0.0,0.0,0.0,69,-3.222031175229641e+26,-4.9504212476177815e+32,0.0,0.0,0.0,0.0,0.0,0.0,0.0,0,0,0,0.0,0.0,0.0,0.0,0.0,0.0,0.0,0.0,0.0,0.0,0.0,0.0,0.0,0.0,0.0,0.0,0,-107875648.0,69,0.0,138,0.0,0.0,0,13107,17040,13107,17049,13107,17043,0,0,0,70,68,100,2.7302359370752657e+23,71.1,0.0,74.2,2.7302370179391762e+23,74.0,1,49,50,180,0,52429,0,0,0.0,0.0,0.0,0.0,-0.0,67.0,0.0,162057.094,0.0,750,0,739,0,0,0,721,0,766,0,736,0,742,0,741,0,712,0,7520,0.032,79456894976.0,0.0,0.0,784,16797,-0.0,162057.094,-114818.039,-0.0,0.133,6.909358625270745e+28,30.0,65.0,35,0.0,0.0,0.0,0.0,0.0,0.0,0.0,0.0,0.0,0.0,0.0,0.0,0.0,0.0,0.0,0.0,69.2,0,150,71,54,65476,0,300,0,1,8,20529,65476,0,0,40632,65.0,0.0,0.0,0.0,0.0,0.0
2026-09-04T20:44:54,ERR,ERR,ERR,ERR,ERR,ERR,ERR,ERR,ERR,ERR,ERR,ERR,ERR,ERR,ERR,ERR,ERR,ERR,ERR,ERR,ERR,ERR,ERR,ERR,ERR,ERR,ERR,ERR,ERR,ERR,ERR,ERR,ERR,ERR,ERR,ERR,ERR,ERR,ERR,ERR,ERR,ERR,ERR,ERR,ERR,ERR,ERR,ERR,ERR,ERR,ERR,ERR,ERR,ERR,ERR,ERR,ERR,ERR,ERR,ERR,ERR,ERR,ERR,ERR,ERR,ERR,ERR,ERR,ERR,ERR,ERR,ERR,ERR,ERR,ERR,ERR,ERR,ERR,ERR,ERR,ERR,ERR,ERR,ERR,ERR,ERR,ERR,ERR,ERR,ERR,ERR,ERR,ERR,ERR,ERR,ERR,ERR,ERR,ERR,ERR,ERR,ERR,ERR,ERR,ERR,ERR,ERR,ERR,ERR,ERR,ERR,ERR,ERR,ERR,ERR,ERR,ERR,ERR,ERR,ERR,ERR,ERR,ERR,ERR,ERR,0.0,0.0,0.0,0.0,0.0,1.3936040501711995e+18,7.805,0.0,0,0,4,0,7116,0.0,100,0.0,0.0,0.0,0.0,0.0,0,0,0,0,0.0,0,0,0,0,0,0,0,0,0,0,0,0,0,0,0,0,0,0,0,0,0,0,0,0,0,0,0,0,0,0,0,0,0,31,40,40,71,65476,0,300,0,0,8,21553,0.0,-107605600.0,0.0,0.0,0.0,0.0,0.0,0.0,0.0,0.0,0.0,0.0,0.0,0.0,0.0,0.0,0.0,0.0,0.0,0.0,0.0,0.0,-2.004,2.004,-0.0,-2.004,0.0,0.0,0.0,0.0,6279.0,-131351.062,6937.0,0.0,0.0,2.7184303811560617e+23,0.0,0.0,0.0,0.0,0.0,69,-3.222031175229641e+26,-4.9504212476177815e+32,0.0,0.0,0.0,0.0,0.0,0.0,0.0,0,0,0,0.0,0.0,0.0,0.0,0.0,0.0,0.0,0.0,0.0,0.0,0.0,0.0,0.0,0.0,0.0,0.0,0,-107875648.0,69,0.0,138,0.0,0.0,0,13107,17040,13107,17049,13107,17043,0,0,0,70,68,100,2.7302359370752657e+23,71.1,0.0,74.2,2.7302370179391762e+23,74.0,1,49,50,180,0,52429,0,0,0.0,0.0,0.0,0.0,-0.0,67.0,0.0,162057.094,0.0,750,0,739,0,0,0,721,0,766,0,736,0,742,0,741,0,712,0,7520,0.032,79456894976.0,0.0,0.0,784,16797,-0.0,162057.094,-114818.039,-0.0,0.133,6.909358625270745e+28,30.0,65.0,35,0.0,0.0,0.0,0.0,0.0,0.0,0.0,0.0,0.0,0.0,0.0,0.0,0.0,0.0,0.0,0.0,69.2,0,150,71,54,65476,0,300,0,1,8,20529,65476,0,0,40632,65.0,0.0,0.0,0.0,0.0,0.0
2026-09-04T20:44:55,ERR,ERR,ERR,ERR,ERR,ERR,ERR,ERR,ERR,ERR,ERR,ERR,ERR,ERR,ERR,ERR,ERR,ERR,ERR,ERR,ERR,ERR,ERR,ERR,ERR,ERR,ERR,ERR,ERR,ERR,ERR,ERR,ERR,ERR,ERR,ERR,ERR,ERR,ERR,ERR,ERR,ERR,ERR,ERR,ERR,ERR,ERR,ERR,ERR,ERR,ERR,ERR,ERR,ERR,ERR,ERR,ERR,ERR,ERR,ERR,ERR,ERR,ERR,ERR,ERR,ERR,ERR,ERR,ERR,ERR,ERR,ERR,ERR,ERR,ERR,ERR,ERR,ERR,ERR,ERR,ERR,ERR,ERR,ERR,ERR,ERR,ERR,ERR,ERR,ERR,ERR,ERR,ERR,ERR,ERR,ERR,ERR,ERR,ERR,ERR,ERR,ERR,ERR,ERR,ERR,ERR,ERR,ERR,ERR,ERR,ERR,ERR,ERR,ERR,ERR,ERR,ERR,ERR,ERR,ERR,ERR,ERR,ERR,ERR,ERR,0.0,0.0,0.0,0.0,0.0,1.3936040501711995e+18,7.805,0.0,0,0,4,0,7116,0.0,100,0.0,0.0,0.0,0.0,0.0,0,0,0,0,0.0,0,0,0,0,0,0,0,0,0,0,0,0,0,0,0,0,0,0,0,0,0,0,0,0,0,0,0,0,0,0,0,0,0,31,40,40,71,65476,0,300,0,0,8,21553,0.0,-107605600.0,0.0,0.0,0.0,0.0,0.0,0.0,0.0,0.0,0.0,0.0,0.0,0.0,0.0,0.0,0.0,0.0,0.0,0.0,0.0,0.0,-2.004,2.004,-0.0,-2.004,0.0,0.0,0.0,0.0,6279.0,-131351.062,6937.0,0.0,0.0,2.7184303811560617e+23,0.0,0.0,0.0,0.0,0.0,69,-3.222031175229641e+26,-4.9504212476177815e+32,0.0,0.0,0.0,0.0,0.0,0.0,0.0,0,0,0,0.0,0.0,0.0,0.0,0.0,0.0,0.0,0.0,0.0,0.0,0.0,0.0,0.0,0.0,0.0,0.0,0,-107875648.0,69,0.0,138,0.0,0.0,0,13107,17040,13107,17049,13107,17043,0,0,0,70,68,100,2.7302359370752657e+23,71.1,0.0,74.2,2.7302370179391762e+23,74.0,1,49,50,180,0,52429,0,0,0.0,0.0,0.0,0.0,-0.0,67.0,0.0,162057.094,0.0,750,0,739,0,0,0,721,0,766,0,736,0,742,0,741,0,712,0,7520,0.032,79456894976.0,0.0,0.0,784,16797,-0.0,162057.094,-114818.039,-0.0,0.133,6.909358625270745e+28,30.0,65.0,35,0.0,0.0,0.0,0.0,0.0,0.0,0.0,0.0,0.0,0.0,0.0,0.0,0.0,0.0,0.0,0.0,69.2,0,150,71,54,65476,0,300,0,1,8,20529,65476,0,0,40632,65.0,0.0,0.0,0.0,0.0,0.0
2026-09-04T20:44:56,ERR,ERR,ERR,ERR,ERR,ERR,ERR,ERR,ERR,ERR,ERR,ERR,ERR,ERR,ERR,ERR,ERR,ERR,ERR,ERR,ERR,ERR,ERR,ERR,ERR,ERR,ERR,ERR,ERR,ERR,ERR,ERR,ERR,ERR,ERR,ERR,ERR,ERR,ERR,ERR,ERR,ERR,ERR,ERR,ERR,ERR,ERR,ERR,ERR,ERR,ERR,ERR,ERR,ERR,ERR,ERR,ERR,ERR,ERR,ERR,ERR,ERR,ERR,ERR,ERR,ERR,ERR,ERR,ERR,ERR,ERR,ERR,ERR,ERR,ERR,ERR,ERR,ERR,ERR,ERR,ERR,ERR,ERR,ERR,ERR,ERR,ERR,ERR,ERR,ERR,ERR,ERR,ERR,ERR,ERR,ERR,ERR,ERR,ERR,ERR,ERR,ERR,ERR,ERR,ERR,ERR,ERR,ERR,ERR,ERR,ERR,ERR,ERR,ERR,ERR,ERR,ERR,ERR,ERR,ERR,ERR,ERR,ERR,ERR,ERR,0.0,0.0,0.0,0.0,0.0,1.3936040501711995e+18,7.805,0.0,0,0,4,0,7116,0.0,100,0.0,0.0,0.0,0.0,0.0,0,0,0,0,0.0,0,0,0,0,0,0,0,0,0,0,0,0,0,0,0,0,0,0,0,0,0,0,0,0,0,0,0,0,0,0,0,0,0,31,40,40,71,65476,0,300,0,0,8,21553,0.0,-107605600.0,0.0,0.0,0.0,0.0,0.0,0.0,0.0,0.0,0.0,0.0,0.0,0.0,0.0,0.0,0.0,0.0,0.0,0.0,0.0,0.0,-2.004,2.004,-0.0,-2.004,0.0,0.0,0.0,0.0,6279.0,-131351.062,6937.0,0.0,0.0,2.7184303811560617e+23,0.0,0.0,0.0,0.0,0.0,69,-3.222031175229641e+26,-4.9504212476177815e+32,0.0,0.0,0.0,0.0,0.0,0.0,0.0,0,0,0,0.0,0.0,0.0,0.0,0.0,0.0,0.0,0.0,0.0,0.0,0.0,0.0,0.0,0.0,0.0,0.0,0,-107875648.0,69,0.0,138,0.0,0.0,0,13107,17040,13107,17049,13107,17043,0,0,0,70,68,100,2.7302359370752657e+23,71.1,0.0,74.2,2.7302370179391762e+23,74.0,1,49,50,180,0,52429,0,0,0.0,0.0,0.0,0.0,-0.0,67.0,0.0,162057.094,0.0,750,0,739,0,0,0,721,0,766,0,736,0,742,0,741,0,712,0,7520,0.032,79456894976.0,0.0,0.0,784,16797,-0.0,162057.094,-114818.039,-0.0,0.133,6.909358625270745e+28,30.0,65.0,35,0.0,0.0,0.0,0.0,0.0,0.0,0.0,0.0,0.0,0.0,0.0,0.0,0.0,0.0,0.0,0.0,69.2,0,150,71,54,65476,0,300,0,1,8,20529,65476,0,0,40632,65.0,0.0,0.0,0.0,0.0,0.0
2026-09-04T20:44:57,ERR,ERR,ERR,ERR,ERR,ERR,ERR,ERR,ERR,ERR,ERR,ERR,ERR,ERR,ERR,ERR,ERR,ERR,ERR,ERR,ERR,ERR,ERR,ERR,ERR,ERR,ERR,ERR,ERR,ERR,ERR,ERR,ERR,ERR,ERR,ERR,ERR,ERR,ERR,ERR,ERR,ERR,ERR,ERR,ERR,ERR,ERR,ERR,ERR,ERR,ERR,ERR,ERR,ERR,ERR,ERR,ERR,ERR,ERR,ERR,ERR,ERR,ERR,ERR,ERR,ERR,ERR,ERR,ERR,ERR,ERR,ERR,ERR,ERR,ERR,ERR,ERR,ERR,ERR,ERR,ERR,ERR,ERR,ERR,ERR,ERR,ERR,ERR,ERR,ERR,ERR,ERR,ERR,ERR,ERR,ERR,ERR,ERR,ERR,ERR,ERR,ERR,ERR,ERR,ERR,ERR,ERR,ERR,ERR,ERR,ERR,ERR,ERR,ERR,ERR,ERR,ERR,ERR,ERR,ERR,ERR,ERR,ERR,ERR,ERR,0.0,0.0,0.0,0.0,0.0,1.3936040501711995e+18,7.805,0.0,0,0,4,0,7116,0.0,100,0.0,0.0,0.0,0.0,0.0,0,0,0,0,0.0,0,0,0,0,0,0,0,0,0,0,0,0,0,0,0,0,0,0,0,0,0,0,0,0,0,0,0,0,0,0,0,0,0,31,40,40,71,65476,0,300,0,0,8,21553,0.0,-107605600.0,0.0,0.0,0.0,0.0,0.0,0.0,0.0,0.0,0.0,0.0,0.0,0.0,0.0,0.0,0.0,0.0,0.0,0.0,0.0,0.0,-2.004,2.004,-0.0,-2.004,0.0,0.0,0.0,0.0,6279.0,-131351.062,6937.0,0.0,0.0,2.7184303811560617e+23,0.0,0.0,0.0,0.0,0.0,69,-3.222031175229641e+26,-4.9504212476177815e+32,0.0,0.0,0.0,0.0,0.0,0.0,0.0,0,0,0,0.0,0.0,0.0,0.0,0.0,0.0,0.0,0.0,0.0,0.0,0.0,0.0,0.0,0.0,0.0,0.0,0,-107875648.0,69,0.0,138,0.0,0.0,0,13107,17040,13107,17049,13107,17043,0,0,0,70,68,100,2.7302359370752657e+23,71.1,0.0,74.2,2.7302370179391762e+23,74.0,1,49,50,180,0,52429,0,0,0.0,0.0,0.0,0.0,-0.0,67.0,0.0,162057.094,0.0,750,0,739,0,0,0,721,0,766,0,736,0,742,0,741,0,712,0,7520,0.032,79456894976.0,0.0,0.0,784,16797,-0.0,162057.094,-114818.039,-0.0,0.133,6.909358625270745e+28,30.0,65.0,35,0.0,0.0,0.0,0.0,0.0,0.0,0.0,0.0,0.0,0.0,0.0,0.0,0.0,0.0,0.0,0.0,69.2,0,150,71,54,65476,0,300,0,1,8,20529,65476,0,0,40632,65.0,0.0,0.0,0.0,0.0,0.0
2026-09-04T20:44:58,ERR,ERR,ERR,ERR,ERR,ERR,ERR,ERR,ERR,ERR,ERR,ERR,ERR,ERR,ERR,ERR,ERR,ERR,ERR,ERR,ERR,ERR,ERR,ERR,ERR,ERR,ERR,ERR,ERR,ERR,ERR,ERR,ERR,ERR,ERR,ERR,ERR,ERR,ERR,ERR,ERR,ERR,ERR,ERR,ERR,ERR,ERR,ERR,ERR,ERR,ERR,ERR,ERR,ERR,ERR,ERR,ERR,ERR,ERR,ERR,ERR,ERR,ERR,ERR,ERR,ERR,ERR,ERR,ERR,ERR,ERR,ERR,ERR,ERR,ERR,ERR,ERR,ERR,ERR,ERR,ERR,ERR,ERR,ERR,ERR,ERR,ERR,ERR,ERR,ERR,ERR,ERR,ERR,ERR,ERR,ERR,ERR,ERR,ERR,ERR,ERR,ERR,ERR,ERR,ERR,ERR,ERR,ERR,ERR,ERR,ERR,ERR,ERR,ERR,ERR,ERR,ERR,ERR,ERR,ERR,ERR,ERR,ERR,ERR,ERR,0.0,0.0,0.0,0.0,0.0,1.3936040501711995e+18,7.805,0.0,0,0,4,0,7116,0.0,100,0.0,0.0,0.0,0.0,0.0,0,0,0,0,0.0,0,0,0,0,0,0,0,0,0,0,0,0,0,0,0,0,0,0,0,0,0,0,0,0,0,0,0,0,0,0,0,0,0,31,40,40,71,65476,0,300,0,0,8,21553,0.0,-107605600.0,0.0,0.0,0.0,0.0,0.0,0.0,0.0,0.0,0.0,0.0,0.0,0.0,0.0,0.0,0.0,0.0,0.0,0.0,0.0,0.0,-2.004,2.004,-0.0,-2.004,0.0,0.0,0.0,0.0,6279.0,-131351.062,6937.0,0.0,0.0,2.7184303811560617e+23,0.0,0.0,0.0,0.0,0.0,69,-3.222031175229641e+26,-4.9504212476177815e+32,0.0,0.0,0.0,0.0,0.0,0.0,0.0,0,0,0,0.0,0.0,0.0,0.0,0.0,0.0,0.0,0.0,0.0,0.0,0.0,0.0,0.0,0.0,0.0,0.0,0,-107875648.0,69,0.0,138,0.0,0.0,0,13107,17040,13107,17049,0,17043,0,0,0,70,68,100,2.7302359370752657e+23,71.1,0.0,74.2,2.7302370179391762e+23,74.0,1,49,50,180,0,52429,0,0,0.0,0.0,0.0,0.0,-0.0,67.0,0.0,162057.094,0.0,750,0,739,0,0,0,721,0,766,0,736,0,742,0,741,0,712,0,7520,0.032,78920024064.0,0.0,0.0,784,16797,-0.0,162057.094,-114818.039,-0.0,0.133,6.909358625270745e+28,30.0,65.0,35,0.0,0.0,0.0,0.0,0.0,0.0,0.0,0.0,0.0,0.0,0.0,0.0,0.0,0.0,0.0,0.0,69.2,0,150,71,54,65476,0,300,0,1,8,20529,65476,0,0,40632,65.0,0.0,0.0,0.0,0.0,0.0
2026-09-04T20:44:59,ERR,ERR,ERR,ERR,ERR,ERR,ERR,ERR,ERR,ERR,ERR,ERR,ERR,ERR,ERR,ERR,ERR,ERR,ERR,ERR,ERR,ERR,ERR,ERR,ERR,ERR,ERR,ERR,ERR,ERR,ERR,ERR,ERR,ERR,ERR,ERR,ERR,ERR,ERR,ERR,ERR,ERR,ERR,ERR,ERR,ERR,ERR,ERR,ERR,ERR,ERR,ERR,ERR,ERR,ERR,ERR,ERR,ERR,ERR,ERR,ERR,ERR,ERR,ERR,ERR,ERR,ERR,ERR,ERR,ERR,ERR,ERR,ERR,ERR,ERR,ERR,ERR,ERR,ERR,ERR,ERR,ERR,ERR,ERR,ERR,ERR,ERR,ERR,ERR,ERR,ERR,ERR,ERR,ERR,ERR,ERR,ERR,ERR,ERR,ERR,ERR,ERR,ERR,ERR,ERR,ERR,ERR,ERR,ERR,ERR,ERR,ERR,ERR,ERR,ERR,ERR,ERR,ERR,ERR,ERR,ERR,ERR,ERR,ERR,ERR,0.0,0.0,0.0,0.0,0.0,1.3936040501711995e+18,7.805,0.0,0,0,4,0,7116,0.0,100,0.0,0.0,0.0,0.0,0.0,0,0,0,0,0.0,0,0,0,0,0,0,0,0,0,0,0,0,0,0,0,0,0,0,0,0,0,0,0,0,0,0,0,0,0,0,0,0,0,31,40,40,71,65476,0,300,0,0,8,21553,0.0,-107605600.0,0.0,0.0,0.0,0.0,0.0,0.0,0.0,0.0,0.0,0.0,0.0,0.0,0.0,0.0,0.0,0.0,0.0,0.0,0.0,0.0,-2.004,2.004,-0.0,-2.004,0.0,0.0,0.0,0.0,6306.0,0.0,6920.0,0.0,0.0,2.7184303811560617e+23,0.0,0.0,0.0,0.0,0.0,69,-71.63,5.848076282481645e+35,0.0,0.0,0.0,0.0,0.0,0.0,0.0,0,0,0,0.0,0.0,0.0,0.0,0.0,0.0,0.0,0.0,0.0,0.0,0.0,0.0,0.0,0.0,0.0,0.0,0,-107875648.0,69,0.0,138,0.0,0.0,0,13107,17040,13107,17049,0,17043,0,0,0,70,68,100,2.7302359370752657e+23,71.1,0.0,74.2,2.7302370179391762e+23,74.0,1,49,50,180,0,52429,0,0,0.0,0.0,0.0,0.0,-0.0,67.0,0.0,162057.094,0.0,750,0,739,0,0,0,721,0,766,0,736,0,742,0,741,0,712,0,7520,0.032,78920024064.0,0.0,0.0,784,16797,-0.0,162057.094,-114818.039,-0.0,0.133,6.909358625270745e+28,30.0,65.0,35,0.0,0.0,0.0,0.0,0.0,0.0,0.0,0.0,0.0,0.0,0.0,0.0,0.0,0.0,0.0,0.0,69.2,0,150,71,54,65476,0,300,0,1,8,20529,65476,0,0,40632,65.0,0.0,0.0,0.0,0.0,0.0
2026-09-04T20:45:00,ERR,ERR,ERR,ERR,ERR,ERR,ERR,ERR,ERR,ERR,ERR,ERR,ERR,ERR,ERR,ERR,ERR,ERR,ERR,ERR,ERR,ERR,ERR,ERR,ERR,ERR,ERR,ERR,ERR,ERR,ERR,ERR,ERR,ERR,ERR,ERR,ERR,ERR,ERR,ERR,ERR,ERR,ERR,ERR,ERR,ERR,ERR,ERR,ERR,ERR,ERR,ERR,ERR,ERR,ERR,ERR,ERR,ERR,ERR,ERR,ERR,ERR,ERR,ERR,ERR,ERR,ERR,ERR,ERR,ERR,ERR,ERR,ERR,ERR,ERR,ERR,ERR,ERR,ERR,ERR,ERR,ERR,ERR,ERR,ERR,ERR,ERR,ERR,ERR,ERR,ERR,ERR,ERR,ERR,ERR,ERR,ERR,ERR,ERR,ERR,ERR,ERR,ERR,ERR,ERR,ERR,ERR,ERR,ERR,ERR,ERR,ERR,ERR,ERR,ERR,ERR,ERR,ERR,ERR,ERR,ERR,ERR,ERR,ERR,ERR,0.0,0.0,0.0,0.0,0.0,1.3936040501711995e+18,7.805,0.0,0,0,4,0,7116,0.0,100,0.0,0.0,0.0,0.0,0.0,0,0,0,0,0.0,0,0,0,0,0,0,0,0,0,0,0,0,0,0,0,0,0,0,0,0,0,0,0,0,0,0,0,0,0,0,0,0,0,31,40,40,71,65476,0,300,0,0,8,21553,0.0,-107605600.0,0.0,0.0,0.0,0.0,0.0,0.0,0.0,0.0,0.0,0.0,0.0,0.0,0.0,0.0,0.0,0.0,0.0,0.0,0.0,0.0,-2.004,2.004,-0.0,-2.004,0.0,0.0,0.0,0.0,6306.0,0.0,6920.0,0.0,0.0,2.7184303811560617e+23,0.0,0.0,0.0,0.0,0.0,69,-71.63,5.848076282481645e+35,0.0,0.0,0.0,0.0,0.0,0.0,0.0,0,0,0,0.0,0.0,0.0,0.0,0.0,0.0,0.0,0.0,0.0,0.0,0.0,0.0,0.0,0.0,0.0,0.0,0,-107875648.0,69,0.0,138,0.0,0.0,0,13107,17040,13107,17049,0,17043,0,0,0,70,68,100,2.7302359370752657e+23,71.1,0.0,74.2,2.7302370179391762e+23,74.0,1,49,50,180,0,52429,0,0,0.0,0.0,0.0,0.0,-0.0,67.0,0.0,162057.094,0.0,750,0,739,0,0,0,721,0,766,0,736,0,742,0,741,0,712,0,7520,0.032,78920024064.0,0.0,0.0,784,16797,-0.0,162057.094,-114818.039,-0.0,0.133,6.909358625270745e+28,30.0,65.0,35,0.0,0.0,0.0,0.0,0.0,0.0,0.0,0.0,0.0,0.0,0.0,0.0,0.0,0.0,0.0,0.0,69.2,0,150,71,54,65476,0,300,0,1,8,20529,65476,0,0,40632,65.0,0.0,0.0,0.0,0.0,0.0
2026-09-04T20:45:01,ERR,ERR,ERR,ERR,ERR,ERR,ERR,ERR,ERR,ERR,ERR,ERR,ERR,ERR,ERR,ERR,ERR,ERR,ERR,ERR,ERR,ERR,ERR,ERR,ERR,ERR,ERR,ERR,ERR,ERR,ERR,ERR,ERR,ERR,ERR,ERR,ERR,ERR,ERR,ERR,ERR,ERR,ERR,ERR,ERR,ERR,ERR,ERR,ERR,ERR,ERR,ERR,ERR,ERR,ERR,ERR,ERR,ERR,ERR,ERR,ERR,ERR,ERR,ERR,ERR,ERR,ERR,ERR,ERR,ERR,ERR,ERR,ERR,ERR,ERR,ERR,ERR,ERR,ERR,ERR,ERR,ERR,ERR,ERR,ERR,ERR,ERR,ERR,ERR,ERR,ERR,ERR,ERR,ERR,ERR,ERR,ERR,ERR,ERR,ERR,ERR,ERR,ERR,ERR,ERR,ERR,ERR,ERR,ERR,ERR,ERR,ERR,ERR,ERR,ERR,ERR,ERR,ERR,ERR,ERR,ERR,ERR,ERR,ERR,ERR,0.0,0.0,0.0,0.0,0.0,1.3936040501711995e+18,7.805,0.0,0,0,4,0,7116,0.0,100,0.0,0.0,0.0,0.0,0.0,0,0,0,0,0.0,0,0,0,0,0,0,0,0,0,0,0,0,0,0,0,0,0,0,0,0,0,0,0,0,0,0,0,0,0,0,0,0,0,31,40,40,71,65476,0,300,0,0,8,21553,0.0,-107605600.0,0.0,0.0,0.0,0.0,0.0,0.0,0.0,0.0,0.0,0.0,0.0,0.0,0.0,0.0,0.0,0.0,0.0,0.0,0.0,0.0,-2.004,2.004,-0.0,-2.004,0.0,0.0,0.0,0.0,6306.0,0.0,6920.0,0.0,0.0,2.7184303811560617e+23,0.0,0.0,0.0,0.0,0.0,69,-71.63,5.848076282481645e+35,0.0,0.0,0.0,0.0,0.0,0.0,0.0,0,0,0,0.0,0.0,0.0,0.0,0.0,0.0,0.0,0.0,0.0,0.0,0.0,0.0,0.0,0.0,0.0,0.0,0,-107875648.0,69,0.0,138,0.0,0.0,0,13107,17040,13107,17049,0,17043,0,0,0,70,68,100,2.7302359370752657e+23,71.1,0.0,74.2,2.7302370179391762e+23,74.0,1,49,50,180,0,52429,0,0,0.0,0.0,0.0,0.0,-0.0,67.0,0.0,162057.094,0.0,750,0,739,0,0,0,721,0,766,0,736,0,742,0,741,0,712,0,7520,0.032,78920024064.0,0.0,0.0,784,16797,-0.0,162057.094,-114818.039,-0.0,0.133,6.909358625270745e+28,30.0,65.0,35,0.0,0.0,0.0,0.0,0.0,0.0,0.0,0.0,0.0,0.0,0.0,0.0,0.0,0.0,0.0,0.0,69.2,0,150,71,54,65476,0,300,0,1,8,20529,65476,0,0,40632,65.0,0.0,0.0,0.0,0.0,0.0
2026-09-04T20:45:02,ERR,ERR,ERR,ERR,ERR,ERR,ERR,ERR,ERR,ERR,ERR,ERR,ERR,ERR,ERR,ERR,ERR,ERR,ERR,ERR,ERR,ERR,ERR,ERR,ERR,ERR,ERR,ERR,ERR,ERR,ERR,ERR,ERR,ERR,ERR,ERR,ERR,ERR,ERR,ERR,ERR,ERR,ERR,ERR,ERR,ERR,ERR,ERR,ERR,ERR,ERR,ERR,ERR,ERR,ERR,ERR,ERR,ERR,ERR,ERR,ERR,ERR,ERR,ERR,ERR,ERR,ERR,ERR,ERR,ERR,ERR,ERR,ERR,ERR,ERR,ERR,ERR,ERR,ERR,ERR,ERR,ERR,ERR,ERR,ERR,ERR,ERR,ERR,ERR,ERR,ERR,ERR,ERR,ERR,ERR,ERR,ERR,ERR,ERR,ERR,ERR,ERR,ERR,ERR,ERR,ERR,ERR,ERR,ERR,ERR,ERR,ERR,ERR,ERR,ERR,ERR,ERR,ERR,ERR,ERR,ERR,ERR,ERR,ERR,ERR,0.0,0.0,0.0,0.0,0.0,1.3936040501711995e+18,7.805,0.0,0,0,4,0,7116,0.0,100,0.0,0.0,0.0,0.0,0.0,0,0,0,0,0.0,0,0,0,0,0,0,0,0,0,0,0,0,0,0,0,0,0,0,0,0,0,0,0,0,0,0,0,0,0,0,0,0,0,31,40,40,71,65476,0,300,0,0,8,21553,0.0,-107605600.0,0.0,0.0,0.0,0.0,0.0,0.0,0.0,0.0,0.0,0.0,0.0,0.0,0.0,0.0,0.0,0.0,0.0,0.0,0.0,0.0,-2.004,2.004,-0.0,-2.004,0.0,0.0,0.0,0.0,6306.0,0.0,6920.0,0.0,0.0,2.7184303811560617e+23,0.0,0.0,0.0,0.0,0.0,69,-71.63,5.848076282481645e+35,0.0,0.0,0.0,0.0,0.0,0.0,0.0,0,0,0,0.0,0.0,0.0,0.0,0.0,0.0,0.0,0.0,0.0,0.0,0.0,0.0,0.0,0.0,0.0,0.0,0,-107875648.0,69,0.0,138,0.0,0.0,0,13107,17040,13107,17049,0,17043,0,0,0,70,68,100,2.7302359370752657e+23,71.1,0.0,74.2,2.7302370179391762e+23,74.0,1,49,50,180,0,52429,0,0,0.0,0.0,0.0,0.0,-0.0,67.0,0.0,162057.094,0.0,750,0,739,0,0,0,721,0,766,0,736,0,742,0,741,0,712,0,7520,0.032,78920024064.0,0.0,0.0,784,16797,-0.0,162057.094,-114818.039,-0.0,0.133,6.909358625270745e+28,30.0,65.0,35,0.0,0.0,0.0,0.0,0.0,0.0,0.0,0.0,0.0,0.0,0.0,0.0,0.0,0.0,0.0,0.0,69.2,0,150,71,54,65476,0,300,0,1,8,20529,65476,0,0,40632,65.0,0.0,0.0,0.0,0.0,0.0
2026-09-04T20:45:03,ERR,ERR,ERR,ERR,ERR,ERR,ERR,ERR,ERR,ERR,ERR,ERR,ERR,ERR,ERR,ERR,ERR,ERR,ERR,ERR,ERR,ERR,ERR,ERR,ERR,ERR,ERR,ERR,ERR,ERR,ERR,ERR,ERR,ERR,ERR,ERR,ERR,ERR,ERR,ERR,ERR,ERR,ERR,ERR,ERR,ERR,ERR,ERR,ERR,ERR,ERR,ERR,ERR,ERR,ERR,ERR,ERR,ERR,ERR,ERR,ERR,ERR,ERR,ERR,ERR,ERR,ERR,ERR,ERR,ERR,ERR,ERR,ERR,ERR,ERR,ERR,ERR,ERR,ERR,ERR,ERR,ERR,ERR,ERR,ERR,ERR,ERR,ERR,ERR,ERR,ERR,ERR,ERR,ERR,ERR,ERR,ERR,ERR,ERR,ERR,ERR,ERR,ERR,ERR,ERR,ERR,ERR,ERR,ERR,ERR,ERR,ERR,ERR,ERR,ERR,ERR,ERR,ERR,ERR,ERR,ERR,ERR,ERR,ERR,ERR,0.0,0.0,0.0,0.0,0.0,1.3936040501711995e+18,7.805,0.0,0,0,4,0,7116,0.0,100,0.0,0.0,0.0,0.0,0.0,0,0,0,0,0.0,0,0,0,0,0,0,0,0,0,0,0,0,0,0,0,0,0,0,0,0,0,0,0,0,0,0,0,0,0,0,0,0,0,31,40,40,71,65476,0,300,0,0,8,21553,0.0,-107605600.0,0.0,0.0,0.0,0.0,0.0,0.0,0.0,0.0,0.0,0.0,0.0,0.0,0.0,0.0,0.0,0.0,0.0,0.0,0.0,0.0,-2.004,2.004,-0.0,-2.004,0.0,0.0,0.0,0.0,6306.0,0.0,6920.0,0.0,0.0,2.7184303811560617e+23,0.0,0.0,0.0,0.0,0.0,69,-71.63,5.848076282481645e+35,0.0,0.0,0.0,0.0,0.0,0.0,0.0,0,0,0,0.0,0.0,0.0,0.0,0.0,0.0,0.0,0.0,0.0,0.0,0.0,0.0,0.0,0.0,0.0,0.0,0,-107875648.0,69,0.0,138,0.0,0.0,0,13107,17040,13107,17049,0,17043,0,0,0,70,68,100,2.7302359370752657e+23,71.1,0.0,74.2,2.7302370179391762e+23,74.0,1,49,50,180,0,52429,0,0,0.0,0.0,0.0,0.0,-0.0,67.0,0.0,162057.094,0.0,750,0,739,0,0,0,721,0,766,0,736,0,742,0,741,0,712,0,7520,0.032,78920024064.0,0.0,0.0,784,16797,-0.0,162057.094,-114818.039,-0.0,0.133,6.909358625270745e+28,30.0,65.0,35,0.0,0.0,0.0,0.0,0.0,0.0,0.0,0.0,0.0,0.0,0.0,0.0,0.0,0.0,0.0,0.0,69.2,0,150,71,54,65476,0,300,0,1,8,20529,65476,0,0,40632,65.0,0.0,0.0,0.0,0.0,0.0
2026-09-04T20:45:04,ERR,ERR,ERR,ERR,ERR,ERR,ERR,ERR,ERR,ERR,ERR,ERR,ERR,ERR,ERR,ERR,ERR,ERR,ERR,ERR,ERR,ERR,ERR,ERR,ERR,ERR,ERR,ERR,ERR,ERR,ERR,ERR,ERR,ERR,ERR,ERR,ERR,ERR,ERR,ERR,ERR,ERR,ERR,ERR,ERR,ERR,ERR,ERR,ERR,ERR,ERR,ERR,ERR,ERR,ERR,ERR,ERR,ERR,ERR,ERR,ERR,ERR,ERR,ERR,ERR,ERR,ERR,ERR,ERR,ERR,ERR,ERR,ERR,ERR,ERR,ERR,ERR,ERR,ERR,ERR,ERR,ERR,ERR,ERR,ERR,ERR,ERR,ERR,ERR,ERR,ERR,ERR,ERR,ERR,ERR,ERR,ERR,ERR,ERR,ERR,ERR,ERR,ERR,ERR,ERR,ERR,ERR,ERR,ERR,ERR,ERR,ERR,ERR,ERR,ERR,ERR,ERR,ERR,ERR,ERR,ERR,ERR,ERR,ERR,ERR,0.0,0.0,0.0,0.0,0.0,1.3936040501711995e+18,7.805,0.0,0,0,4,0,7116,0.0,100,0.0,0.0,0.0,0.0,0.0,0,0,0,0,0.0,0,0,0,0,0,0,0,0,0,0,0,0,0,0,0,0,0,0,0,0,0,0,0,0,0,0,0,0,0,0,0,0,0,31,40,40,71,65476,0,300,0,0,8,21553,0.0,-107605600.0,0.0,0.0,0.0,0.0,0.0,0.0,0.0,0.0,0.0,0.0,0.0,0.0,0.0,0.0,0.0,0.0,0.0,0.0,0.0,0.0,-2.004,2.004,-0.0,-2.004,0.0,0.0,0.0,0.0,6306.0,0.0,6920.0,0.0,0.0,2.7184303811560617e+23,0.0,0.0,0.0,0.0,0.0,69,-71.63,5.848076282481645e+35,0.0,0.0,0.0,0.0,0.0,0.0,0.0,0,0,0,0.0,0.0,0.0,0.0,0.0,0.0,0.0,0.0,0.0,0.0,0.0,0.0,0.0,0.0,0.0,0.0,0,-107875648.0,69,0.0,138,0.0,0.0,0,13107,17040,13107,17049,0,17043,0,0,0,70,68,100,2.7302359370752657e+23,71.1,0.0,74.2,2.7302370179391762e+23,74.0,1,49,50,180,0,52429,0,0,0.0,0.0,0.0,0.0,-0.0,67.0,0.0,162057.094,0.0,750,0,739,0,0,0,721,0,766,0,736,0,742,0,741,0,712,0,7520,0.032,78920024064.0,0.0,0.0,784,16797,-0.0,162057.094,-114818.039,-0.0,0.133,6.909358625270745e+28,30.0,65.0,35,0.0,0.0,0.0,0.0,0.0,0.0,0.0,0.0,0.0,0.0,0.0,0.0,0.0,0.0,0.0,0.0,69.2,0,150,71,54,65476,0,300,0,1,8,20529,65476,0,0,40632,65.0,0.0,0.0,0.0,0.0,0.0
2026-09-04T20:45:05,ERR,ERR,ERR,ERR,ERR,ERR,ERR,ERR,ERR,ERR,ERR,ERR,ERR,ERR,ERR,ERR,ERR,ERR,ERR,ERR,ERR,ERR,ERR,ERR,ERR,ERR,ERR,ERR,ERR,ERR,ERR,ERR,ERR,ERR,ERR,ERR,ERR,ERR,ERR,ERR,ERR,ERR,ERR,ERR,ERR,ERR,ERR,ERR,ERR,ERR,ERR,ERR,ERR,ERR,ERR,ERR,ERR,ERR,ERR,ERR,ERR,ERR,ERR,ERR,ERR,ERR,ERR,ERR,ERR,ERR,ERR,ERR,ERR,ERR,ERR,ERR,ERR,ERR,ERR,ERR,ERR,ERR,ERR,ERR,ERR,ERR,ERR,ERR,ERR,ERR,ERR,ERR,ERR,ERR,ERR,ERR,ERR,ERR,ERR,ERR,ERR,ERR,ERR,ERR,ERR,ERR,ERR,ERR,ERR,ERR,ERR,ERR,ERR,ERR,ERR,ERR,ERR,ERR,ERR,ERR,ERR,ERR,ERR,ERR,ERR,0.0,0.0,0.0,0.0,0.0,1.3936040501711995e+18,7.805,0.0,0,0,4,0,7116,0.0,100,0.0,0.0,0.0,0.0,0.0,0,0,0,0,0.0,0,0,0,0,0,0,0,0,0,0,0,0,0,0,0,0,0,0,0,0,0,0,0,0,0,0,0,0,0,0,0,0,0,31,40,40,71,65476,0,300,0,0,8,21553,0.0,-107605600.0,0.0,0.0,0.0,0.0,0.0,0.0,0.0,0.0,0.0,0.0,0.0,0.0,0.0,0.0,0.0,0.0,0.0,0.0,0.0,0.0,-2.004,2.004,-0.0,-2.004,0.0,0.0,0.0,0.0,6306.0,0.0,6920.0,0.0,0.0,2.7184303811560617e+23,0.0,0.0,0.0,0.0,0.0,69,-71.63,5.848076282481645e+35,0.0,0.0,0.0,0.0,0.0,0.0,0.0,0,0,0,0.0,0.0,0.0,0.0,0.0,0.0,0.0,0.0,0.0,0.0,0.0,0.0,0.0,0.0,0.0,0.0,0,-107875648.0,69,0.0,138,0.0,0.0,0,13107,17040,13107,17049,0,17043,0,0,0,70,68,100,2.7302359370752657e+23,71.1,0.0,74.2,2.7302370179391762e+23,74.0,1,49,50,180,0,52429,0,0,0.0,0.0,0.0,0.0,-0.0,67.0,0.0,162057.094,0.0,750,0,739,0,0,0,721,0,766,0,736,0,742,0,741,0,712,0,7520,0.032,78920024064.0,0.0,0.0,784,16797,-0.0,162057.094,-114818.039,-0.0,0.133,6.909358625270745e+28,30.0,65.0,35,0.0,0.0,0.0,0.0,0.0,0.0,0.0,0.0,0.0,0.0,0.0,0.0,0.0,0.0,0.0,0.0,69.2,0,150,71,54,65476,0,300,0,1,8,20529,65476,0,0,40632,65.0,0.0,0.0,0.0,0.0,0.0
2026-09-04T20:45:06,ERR,ERR,ERR,ERR,ERR,ERR,ERR,ERR,ERR,ERR,ERR,ERR,ERR,ERR,ERR,ERR,ERR,ERR,ERR,ERR,ERR,ERR,ERR,ERR,ERR,ERR,ERR,ERR,ERR,ERR,ERR,ERR,ERR,ERR,ERR,ERR,ERR,ERR,ERR,ERR,ERR,ERR,ERR,ERR,ERR,ERR,ERR,ERR,ERR,ERR,ERR,ERR,ERR,ERR,ERR,ERR,ERR,ERR,ERR,ERR,ERR,ERR,ERR,ERR,ERR,ERR,ERR,ERR,ERR,ERR,ERR,ERR,ERR,ERR,ERR,ERR,ERR,ERR,ERR,ERR,ERR,ERR,ERR,ERR,ERR,ERR,ERR,ERR,ERR,ERR,ERR,ERR,ERR,ERR,ERR,ERR,ERR,ERR,ERR,ERR,ERR,ERR,ERR,ERR,ERR,ERR,ERR,ERR,ERR,ERR,ERR,ERR,ERR,ERR,ERR,ERR,ERR,ERR,ERR,ERR,ERR,ERR,ERR,ERR,ERR,0.0,0.0,0.0,0.0,0.0,1.3936040501711995e+18,7.805,0.0,0,0,4,0,7116,0.0,100,0.0,0.0,0.0,0.0,0.0,0,0,0,0,0.0,0,0,0,0,0,0,0,0,0,0,0,0,0,0,0,0,0,0,0,0,0,0,0,0,0,0,0,0,0,0,0,0,0,31,40,40,71,65476,0,300,0,0,8,21553,0.0,-107605600.0,0.0,0.0,0.0,0.0,0.0,0.0,0.0,0.0,0.0,0.0,0.0,0.0,0.0,0.0,0.0,0.0,0.0,0.0,0.0,0.0,-2.004,2.004,-0.0,-2.004,0.0,0.0,0.0,0.0,6304.0,-131351.078,6937.0,0.0,0.0,2.7184303811560617e+23,0.0,0.0,0.0,0.0,0.0,69,-0.0,0.0,0.0,0.0,0.0,0.0,0.0,0.0,0.0,0,0,0,0.0,0.0,0.0,0.0,0.0,0.0,0.0,0.0,0.0,0.0,0.0,0.0,0.0,0.0,0.0,0.0,0,-107875648.0,69,0.0,138,0.0,0.0,0,13107,17040,13107,17049,0,17043,0,0,0,70,68,100,2.7302359370752657e+23,71.1,0.0,74.2,2.7302370179391762e+23,74.0,1,49,50,180,0,52429,0,0,0.0,0.0,0.0,0.0,-0.0,67.0,0.0,162057.094,0.0,750,0,739,0,0,0,721,0,766,0,736,0,742,0,741,0,712,0,7520,0.032,78920024064.0,0.0,0.0,784,16797,-0.0,162057.094,-114818.039,-0.0,0.133,6.909358625270745e+28,30.0,65.0,35,0.0,0.0,0.0,0.0,0.0,0.0,0.0,0.0,0.0,0.0,0.0,0.0,0.0,0.0,0.0,0.0,69.2,0,150,71,54,65476,0,300,0,1,8,20529,65476,0,0,40632,65.0,0.0,0.0,0.0,0.0,0.0
2026-09-04T20:45:07,ERR,ERR,ERR,ERR,ERR,ERR,ERR,ERR,ERR,ERR,ERR,ERR,ERR,ERR,ERR,ERR,ERR,ERR,ERR,ERR,ERR,ERR,ERR,ERR,ERR,ERR,ERR,ERR,ERR,ERR,ERR,ERR,ERR,ERR,ERR,ERR,ERR,ERR,ERR,ERR,ERR,ERR,ERR,ERR,ERR,ERR,ERR,ERR,ERR,ERR,ERR,ERR,ERR,ERR,ERR,ERR,ERR,ERR,ERR,ERR,ERR,ERR,ERR,ERR,ERR,ERR,ERR,ERR,ERR,ERR,ERR,ERR,ERR,ERR,ERR,ERR,ERR,ERR,ERR,ERR,ERR,ERR,ERR,ERR,ERR,ERR,ERR,ERR,ERR,ERR,ERR,ERR,ERR,ERR,ERR,ERR,ERR,ERR,ERR,ERR,ERR,ERR,ERR,ERR,ERR,ERR,ERR,ERR,ERR,ERR,ERR,ERR,ERR,ERR,ERR,ERR,ERR,ERR,ERR,ERR,ERR,ERR,ERR,ERR,ERR,0.0,0.0,0.0,0.0,0.0,1.3936040501711995e+18,7.805,0.0,0,0,4,0,7116,0.0,100,0.0,0.0,0.0,0.0,0.0,0,0,0,0,0.0,0,0,0,0,0,0,0,0,0,0,0,0,0,0,0,0,0,0,0,0,0,0,0,0,0,0,0,0,0,0,0,0,0,31,40,40,71,65476,0,300,0,0,8,21553,0.0,-107605600.0,0.0,0.0,0.0,0.0,0.0,0.0,0.0,0.0,0.0,0.0,0.0,0.0,0.0,0.0,0.0,0.0,0.0,0.0,0.0,0.0,-2.004,2.004,-0.0,-2.004,0.0,0.0,0.0,0.0,6304.0,-131351.078,6937.0,0.0,0.0,2.7184303811560617e+23,0.0,0.0,0.0,0.0,0.0,69,-0.0,0.0,0.0,0.0,0.0,0.0,0.0,0.0,0.0,0,0,0,0.0,0.0,0.0,0.0,0.0,0.0,0.0,0.0,0.0,0.0,0.0,0.0,0.0,0.0,0.0,0.0,0,-107875648.0,69,0.0,138,0.0,0.0,0,13107,17040,13107,17049,0,17043,0,0,0,70,68,100,2.7302359370752657e+23,71.1,0.0,74.2,2.7302370179391762e+23,74.0,1,49,50,180,0,52429,0,0,0.0,0.0,0.0,0.0,-0.0,67.0,0.0,162057.094,0.0,750,0,739,0,0,0,721,0,766,0,736,0,742,0,741,0,712,0,7520,0.032,78920024064.0,0.0,0.0,784,16797,-0.0,162057.094,-114818.039,-0.0,0.133,6.909358625270745e+28,30.0,65.0,35,0.0,0.0,0.0,0.0,0.0,0.0,0.0,0.0,0.0,0.0,0.0,0.0,0.0,0.0,0.0,0.0,69.2,0,150,71,54,65476,0,300,0,1,8,20529,65476,0,0,40632,65.0,0.0,0.0,0.0,0.0,0.0
2026-09-04T20:45:08,ERR,ERR,ERR,ERR,ERR,ERR,ERR,ERR,ERR,ERR,ERR,ERR,ERR,ERR,ERR,ERR,ERR,ERR,ERR,ERR,ERR,ERR,ERR,ERR,ERR,ERR,ERR,ERR,ERR,ERR,ERR,ERR,ERR,ERR,ERR,ERR,ERR,ERR,ERR,ERR,ERR,ERR,ERR,ERR,ERR,ERR,ERR,ERR,ERR,ERR,ERR,ERR,ERR,ERR,ERR,ERR,ERR,ERR,ERR,ERR,ERR,ERR,ERR,ERR,ERR,ERR,ERR,ERR,ERR,ERR,ERR,ERR,ERR,ERR,ERR,ERR,ERR,ERR,ERR,ERR,ERR,ERR,ERR,ERR,ERR,ERR,ERR,ERR,ERR,ERR,ERR,ERR,ERR,ERR,ERR,ERR,ERR,ERR,ERR,ERR,ERR,ERR,ERR,ERR,ERR,ERR,ERR,ERR,ERR,ERR,ERR,ERR,ERR,ERR,ERR,ERR,ERR,ERR,ERR,ERR,ERR,ERR,ERR,ERR,ERR,0.0,0.0,0.0,0.0,0.0,1.3936040501711995e+18,7.805,0.0,0,0,4,0,7116,0.0,100,0.0,0.0,0.0,0.0,0.0,0,0,0,0,0.0,0,0,0,0,0,0,0,0,0,0,0,0,0,0,0,0,0,0,0,0,0,0,0,0,0,0,0,0,0,0,0,0,0,31,40,40,71,65476,0,300,0,0,8,21553,0.0,-107605600.0,0.0,0.0,0.0,0.0,0.0,0.0,0.0,0.0,0.0,0.0,0.0,0.0,0.0,0.0,0.0,0.0,0.0,0.0,0.0,0.0,-2.004,2.004,-0.0,-2.004,0.0,0.0,0.0,0.0,6304.0,-131351.078,6937.0,0.0,0.0,2.7184303811560617e+23,0.0,0.0,0.0,0.0,0.0,69,-0.0,0.0,0.0,0.0,0.0,0.0,0.0,0.0,0.0,0,0,0,0.0,0.0,0.0,0.0,0.0,0.0,0.0,0.0,0.0,0.0,0.0,0.0,0.0,0.0,0.0,0.0,0,-107875648.0,69,0.0,138,0.0,0.0,0,13107,17040,13107,17049,13107,17043,0,0,0,70,68,100,2.7302359370752657e+23,71.1,0.0,74.2,2.7302370179391762e+23,74.0,1,49,50,180,0,52429,0,0,0.0,0.0,0.0,0.0,-0.0,67.0,0.0,162057.094,0.0,750,0,739,0,0,0,721,0,766,0,736,0,742,0,741,0,712,0,7520,0.032,79456894976.0,0.0,0.0,784,16797,-0.0,162057.094,-114818.039,-0.0,0.133,6.909358625270745e+28,30.0,65.0,35,0.0,0.0,0.0,0.0,0.0,0.0,0.0,0.0,0.0,0.0,0.0,0.0,0.0,0.0,0.0,0.0,69.2,0,150,71,54,65476,0,300,0,1,8,20529,65476,0,0,40632,65.0,0.0,0.0,0.0,0.0,0.0
2026-09-04T20:45:09,ERR,ERR,ERR,ERR,ERR,ERR,ERR,ERR,ERR,ERR,ERR,ERR,ERR,ERR,ERR,ERR,ERR,ERR,ERR,ERR,ERR,ERR,ERR,ERR,ERR,ERR,ERR,ERR,ERR,ERR,ERR,ERR,ERR,ERR,ERR,ERR,ERR,ERR,ERR,ERR,ERR,ERR,ERR,ERR,ERR,ERR,ERR,ERR,ERR,ERR,ERR,ERR,ERR,ERR,ERR,ERR,ERR,ERR,ERR,ERR,ERR,ERR,ERR,ERR,ERR,ERR,ERR,ERR,ERR,ERR,ERR,ERR,ERR,ERR,ERR,ERR,ERR,ERR,ERR,ERR,ERR,ERR,ERR,ERR,ERR,ERR,ERR,ERR,ERR,ERR,ERR,ERR,ERR,ERR,ERR,ERR,ERR,ERR,ERR,ERR,ERR,ERR,ERR,ERR,ERR,ERR,ERR,ERR,ERR,ERR,ERR,ERR,ERR,ERR,ERR,ERR,ERR,ERR,ERR,ERR,ERR,ERR,ERR,ERR,ERR,0.0,0.0,0.0,0.0,0.0,1.3936040501711995e+18,7.805,0.0,0,0,4,0,7116,0.0,100,0.0,0.0,0.0,0.0,0.0,0,0,0,0,0.0,0,0,0,0,0,0,0,0,0,0,0,0,0,0,0,0,0,0,0,0,0,0,0,0,0,0,0,0,0,0,0,0,0,31,40,40,71,65476,0,300,0,0,8,21553,0.0,-107605600.0,0.0,0.0,0.0,0.0,0.0,0.0,0.0,0.0,0.0,0.0,0.0,0.0,0.0,0.0,0.0,0.0,0.0,0.0,0.0,0.0,-2.004,2.004,-0.0,-2.004,0.0,0.0,0.0,0.0,6304.0,-131351.078,6937.0,0.0,0.0,2.7184303811560617e+23,0.0,0.0,0.0,0.0,0.0,69,-0.0,0.0,0.0,0.0,0.0,0.0,0.0,0.0,0.0,0,0,0,0.0,0.0,0.0,0.0,0.0,0.0,0.0,0.0,0.0,0.0,0.0,0.0,0.0,0.0,0.0,0.0,0,-107875648.0,69,0.0,138,0.0,0.0,0,13107,17040,13107,17049,13107,17043,0,0,0,70,68,100,2.7302359370752657e+23,71.1,0.0,74.2,2.7302370179391762e+23,74.0,1,49,50,180,0,52429,0,0,0.0,0.0,0.0,0.0,-0.0,67.0,0.0,162057.094,0.0,750,0,739,0,0,0,721,0,766,0,736,0,742,0,741,0,712,0,7520,0.032,79456894976.0,0.0,0.0,784,16797,-0.0,162057.094,-114818.039,-0.0,0.133,6.909358625270745e+28,30.0,65.0,35,0.0,0.0,0.0,0.0,0.0,0.0,0.0,0.0,0.0,0.0,0.0,0.0,0.0,0.0,0.0,0.0,69.2,0,150,71,54,65476,0,300,0,1,8,20529,65476,0,0,40632,65.0,0.0,0.0,0.0,0.0,0.0
2026-09-04T20:45:10,ERR,ERR,ERR,ERR,ERR,ERR,ERR,ERR,ERR,ERR,ERR,ERR,ERR,ERR,ERR,ERR,ERR,ERR,ERR,ERR,ERR,ERR,ERR,ERR,ERR,ERR,ERR,ERR,ERR,ERR,ERR,ERR,ERR,ERR,ERR,ERR,ERR,ERR,ERR,ERR,ERR,ERR,ERR,ERR,ERR,ERR,ERR,ERR,ERR,ERR,ERR,ERR,ERR,ERR,ERR,ERR,ERR,ERR,ERR,ERR,ERR,ERR,ERR,ERR,ERR,ERR,ERR,ERR,ERR,ERR,ERR,ERR,ERR,ERR,ERR,ERR,ERR,ERR,ERR,ERR,ERR,ERR,ERR,ERR,ERR,ERR,ERR,ERR,ERR,ERR,ERR,ERR,ERR,ERR,ERR,ERR,ERR,ERR,ERR,ERR,ERR,ERR,ERR,ERR,ERR,ERR,ERR,ERR,ERR,ERR,ERR,ERR,ERR,ERR,ERR,ERR,ERR,ERR,ERR,ERR,ERR,ERR,ERR,ERR,ERR,0.0,0.0,0.0,0.0,0.0,1.3936040501711995e+18,7.805,0.0,0,0,4,0,7116,0.0,100,0.0,0.0,0.0,0.0,0.0,0,0,0,0,0.0,0,0,0,0,0,0,0,0,0,0,0,0,0,0,0,0,0,0,0,0,0,0,0,0,0,0,0,0,0,0,0,0,0,31,40,40,71,65476,0,300,0,0,8,21553,0.0,-107605600.0,0.0,0.0,0.0,0.0,0.0,0.0,0.0,0.0,0.0,0.0,0.0,0.0,0.0,0.0,0.0,0.0,0.0,0.0,0.0,0.0,-2.004,2.004,-0.0,-2.004,0.0,0.0,0.0,0.0,6304.0,-131351.078,6937.0,0.0,0.0,2.7184303811560617e+23,0.0,0.0,0.0,0.0,0.0,69,-0.0,0.0,0.0,0.0,0.0,0.0,0.0,0.0,0.0,0,0,0,0.0,0.0,0.0,0.0,0.0,0.0,0.0,0.0,0.0,0.0,0.0,0.0,0.0,0.0,0.0,0.0,0,-107875648.0,69,0.0,138,0.0,0.0,0,13107,17040,13107,17049,13107,17043,0,0,0,70,68,100,2.7302359370752657e+23,71.1,0.0,74.2,2.7302370179391762e+23,74.0,1,49,50,180,0,52429,0,0,0.0,0.0,0.0,0.0,-0.0,67.0,0.0,162057.094,0.0,750,0,739,0,0,0,721,0,766,0,736,0,742,0,741,0,712,0,7520,0.032,79456894976.0,0.0,0.0,784,16797,-0.0,162057.094,-114818.039,-0.0,0.133,6.909358625270745e+28,30.0,65.0,35,0.0,0.0,0.0,0.0,0.0,0.0,0.0,0.0,0.0,0.0,0.0,0.0,0.0,0.0,0.0,0.0,69.2,0,150,71,54,65476,0,300,0,1,8,20529,65476,0,0,40632,65.0,0.0,0.0,0.0,0.0,0.0
2026-09-04T20:45:11,ERR,ERR,ERR,ERR,ERR,ERR,ERR,ERR,ERR,ERR,ERR,ERR,ERR,ERR,ERR,ERR,ERR,ERR,ERR,ERR,ERR,ERR,ERR,ERR,ERR,ERR,ERR,ERR,ERR,ERR,ERR,ERR,ERR,ERR,ERR,ERR,ERR,ERR,ERR,ERR,ERR,ERR,ERR,ERR,ERR,ERR,ERR,ERR,ERR,ERR,ERR,ERR,ERR,ERR,ERR,ERR,ERR,ERR,ERR,ERR,ERR,ERR,ERR,ERR,ERR,ERR,ERR,ERR,ERR,ERR,ERR,ERR,ERR,ERR,ERR,ERR,ERR,ERR,ERR,ERR,ERR,ERR,ERR,ERR,ERR,ERR,ERR,ERR,ERR,ERR,ERR,ERR,ERR,ERR,ERR,ERR,ERR,ERR,ERR,ERR,ERR,ERR,ERR,ERR,ERR,ERR,ERR,ERR,ERR,ERR,ERR,ERR,ERR,ERR,ERR,ERR,ERR,ERR,ERR,ERR,ERR,ERR,ERR,ERR,ERR,0.0,0.0,0.0,0.0,0.0,1.3936040501711995e+18,7.805,0.0,0,0,4,0,7116,0.0,100,0.0,0.0,0.0,0.0,0.0,0,0,0,0,0.0,0,0,0,0,0,0,0,0,0,0,0,0,0,0,0,0,0,0,0,0,0,0,0,0,0,0,0,0,0,0,0,0,0,31,40,40,71,65476,0,300,0,0,8,21553,0.0,-107605600.0,0.0,0.0,0.0,0.0,0.0,0.0,0.0,0.0,0.0,0.0,0.0,0.0,0.0,0.0,0.0,0.0,0.0,0.0,0.0,0.0,-2.004,2.004,-0.0,-2.004,0.0,0.0,0.0,0.0,6304.0,-131351.078,6937.0,0.0,0.0,2.7184303811560617e+23,0.0,0.0,0.0,0.0,0.0,69,-0.0,0.0,0.0,0.0,0.0,0.0,0.0,0.0,0.0,0,0,0,0.0,0.0,0.0,0.0,0.0,0.0,0.0,0.0,0.0,0.0,0.0,0.0,0.0,0.0,0.0,0.0,0,-107875648.0,69,0.0,138,0.0,0.0,0,13107,17040,13107,17049,13107,17043,0,0,0,70,68,100,2.7302359370752657e+23,71.1,0.0,74.2,2.7302370179391762e+23,74.0,1,49,50,180,0,52429,0,0,0.0,0.0,0.0,0.0,-0.0,67.0,0.0,162057.094,0.0,750,0,739,0,0,0,721,0,766,0,736,0,742,0,741,0,712,0,7520,0.032,79456894976.0,0.0,0.0,784,16797,-0.0,162057.094,-114818.039,-0.0,0.133,6.909358625270745e+28,30.0,65.0,35,0.0,0.0,0.0,0.0,0.0,0.0,0.0,0.0,0.0,0.0,0.0,0.0,0.0,0.0,0.0,0.0,69.2,0,150,71,54,65476,0,300,0,1,8,20529,65476,0,0,40632,65.0,0.0,0.0,0.0,0.0,0.0
2026-09-04T20:45:12,ERR,ERR,ERR,ERR,ERR,ERR,ERR,ERR,ERR,ERR,ERR,ERR,ERR,ERR,ERR,ERR,ERR,ERR,ERR,ERR,ERR,ERR,ERR,ERR,ERR,ERR,ERR,ERR,ERR,ERR,ERR,ERR,ERR,ERR,ERR,ERR,ERR,ERR,ERR,ERR,ERR,ERR,ERR,ERR,ERR,ERR,ERR,ERR,ERR,ERR,ERR,ERR,ERR,ERR,ERR,ERR,ERR,ERR,ERR,ERR,ERR,ERR,ERR,ERR,ERR,ERR,ERR,ERR,ERR,ERR,ERR,ERR,ERR,ERR,ERR,ERR,ERR,ERR,ERR,ERR,ERR,ERR,ERR,ERR,ERR,ERR,ERR,ERR,ERR,ERR,ERR,ERR,ERR,ERR,ERR,ERR,ERR,ERR,ERR,ERR,ERR,ERR,ERR,ERR,ERR,ERR,ERR,ERR,ERR,ERR,ERR,ERR,ERR,ERR,ERR,ERR,ERR,ERR,ERR,ERR,ERR,ERR,ERR,ERR,ERR,0.0,0.0,0.0,0.0,0.0,1.3936040501711995e+18,7.805,0.0,0,0,4,0,7116,0.0,100,0.0,0.0,0.0,0.0,0.0,0,0,0,0,0.0,0,0,0,0,0,0,0,0,0,0,0,0,0,0,0,0,0,0,0,0,0,0,0,0,0,0,0,0,0,0,0,0,0,31,40,40,71,65476,0,300,0,0,8,21553,0.0,-107605600.0,0.0,0.0,0.0,0.0,0.0,0.0,0.0,0.0,0.0,0.0,0.0,0.0,0.0,0.0,0.0,0.0,0.0,0.0,0.0,0.0,-2.004,2.004,-0.0,-2.004,0.0,0.0,0.0,0.0,6304.0,-131351.078,6937.0,0.0,0.0,2.7184303811560617e+23,0.0,0.0,0.0,0.0,0.0,69,-0.0,0.0,0.0,0.0,0.0,0.0,0.0,0.0,0.0,0,0,0,0.0,0.0,0.0,0.0,0.0,0.0,0.0,0.0,0.0,0.0,0.0,0.0,0.0,0.0,0.0,0.0,0,-107875648.0,69,0.0,138,0.0,0.0,0,13107,17040,13107,17049,13107,17043,0,0,0,70,68,100,2.7302359370752657e+23,71.1,0.0,74.2,2.7302370179391762e+23,74.0,1,49,50,180,0,52429,0,0,0.0,0.0,0.0,0.0,-0.0,67.0,0.0,162057.094,0.0,750,0,739,0,0,0,721,0,766,0,736,0,742,0,741,0,712,0,7520,0.032,79456894976.0,0.0,0.0,784,16797,-0.0,162057.094,-114818.039,-0.0,0.133,6.909358625270745e+28,30.0,65.0,35,0.0,0.0,0.0,0.0,0.0,0.0,0.0,0.0,0.0,0.0,0.0,0.0,0.0,0.0,0.0,0.0,69.2,0,150,71,54,65476,0,300,0,1,8,20529,65476,0,0,40632,65.0,0.0,0.0,0.0,0.0,0.0
2026-09-04T20:45:13,ERR,ERR,ERR,ERR,ERR,ERR,ERR,ERR,ERR,ERR,ERR,ERR,ERR,ERR,ERR,ERR,ERR,ERR,ERR,ERR,ERR,ERR,ERR,ERR,ERR,ERR,ERR,ERR,ERR,ERR,ERR,ERR,ERR,ERR,ERR,ERR,ERR,ERR,ERR,ERR,ERR,ERR,ERR,ERR,ERR,ERR,ERR,ERR,ERR,ERR,ERR,ERR,ERR,ERR,ERR,ERR,ERR,ERR,ERR,ERR,ERR,ERR,ERR,ERR,ERR,ERR,ERR,ERR,ERR,ERR,ERR,ERR,ERR,ERR,ERR,ERR,ERR,ERR,ERR,ERR,ERR,ERR,ERR,ERR,ERR,ERR,ERR,ERR,ERR,ERR,ERR,ERR,ERR,ERR,ERR,ERR,ERR,ERR,ERR,ERR,ERR,ERR,ERR,ERR,ERR,ERR,ERR,ERR,ERR,ERR,ERR,ERR,ERR,ERR,ERR,ERR,ERR,ERR,ERR,ERR,ERR,ERR,ERR,ERR,ERR,0.0,0.0,0.0,0.0,0.0,1.3936040501711995e+18,7.805,0.0,0,0,4,0,7116,0.0,100,0.0,0.0,0.0,0.0,0.0,0,0,0,0,0.0,0,0,0,0,0,0,0,0,0,0,0,0,0,0,0,0,0,0,0,0,0,0,0,0,0,0,0,0,0,0,0,0,0,31,40,40,71,65476,0,300,0,0,8,21553,0.0,-107605600.0,0.0,0.0,0.0,0.0,0.0,0.0,0.0,0.0,0.0,0.0,0.0,0.0,0.0,0.0,0.0,0.0,0.0,0.0,0.0,0.0,-0.0,2.004,-0.0,-0.0,0.0,0.0,0.0,0.0,6333.0,564148584841216.0,6923.0,0.0,0.0,0.0,0.0,0.0,0.0,0.0,0.0,69,-0.0,-0.0,0.0,0.0,0.0,0.0,0.0,0.0,0.0,0,0,0,0.0,0.0,0.0,0.0,0.0,0.0,0.0,0.0,0.0,0.0,0.0,0.0,0.0,0.0,0.0,0.0,0,-107875648.0,69,0.0,138,0.0,0.0,0,13107,17040,13107,17049,13107,17043,0,0,0,70,68,100,2.7302359370752657e+23,71.1,0.0,74.2,2.7302370179391762e+23,74.0,1,49,50,180,0,52429,0,0,0.0,0.0,0.0,0.0,-0.0,67.0,0.0,162057.094,0.0,750,0,739,0,0,0,721,0,766,0,735,0,742,0,741,0,712,0,7520,0.032,79456894976.0,0.0,0.0,784,16797,-0.0,162057.094,-114818.039,-0.0,0.133,6.909358625270745e+28,30.0,65.0,35,0.0,0.0,0.0,0.0,0.0,0.0,0.0,0.0,0.0,0.0,0.0,0.0,0.0,0.0,0.0,0.0,69.2,0,150,71,54,65476,0,300,0,1,8,20529,65476,0,0,40632,65.0,0.0,0.0,0.0,0.0,0.0
2026-09-04T20:45:14,ERR,ERR,ERR,ERR,ERR,ERR,ERR,ERR,ERR,ERR,ERR,ERR,ERR,ERR,ERR,ERR,ERR,ERR,ERR,ERR,ERR,ERR,ERR,ERR,ERR,ERR,ERR,ERR,ERR,ERR,ERR,ERR,ERR,ERR,ERR,ERR,ERR,ERR,ERR,ERR,ERR,ERR,ERR,ERR,ERR,ERR,ERR,ERR,ERR,ERR,ERR,ERR,ERR,ERR,ERR,ERR,ERR,ERR,ERR,ERR,ERR,ERR,ERR,ERR,ERR,ERR,ERR,ERR,ERR,ERR,ERR,ERR,ERR,ERR,ERR,ERR,ERR,ERR,ERR,ERR,ERR,ERR,ERR,ERR,ERR,ERR,ERR,ERR,ERR,ERR,ERR,ERR,ERR,ERR,ERR,ERR,ERR,ERR,ERR,ERR,ERR,ERR,ERR,ERR,ERR,ERR,ERR,ERR,ERR,ERR,ERR,ERR,ERR,ERR,ERR,ERR,ERR,ERR,ERR,ERR,ERR,ERR,ERR,ERR,ERR,0.0,0.0,0.0,0.0,0.0,1.3936040501711995e+18,7.805,0.0,0,0,4,0,7116,0.0,100,0.0,0.0,0.0,0.0,0.0,0,0,0,0,0.0,0,0,0,0,0,0,0,0,0,0,0,0,0,0,0,0,0,0,0,0,0,0,0,0,0,0,0,0,0,0,0,0,0,31,40,40,71,65476,0,300,0,0,8,21553,0.0,-107605600.0,0.0,0.0,0.0,0.0,0.0,0.0,0.0,0.0,0.0,0.0,0.0,0.0,0.0,0.0,0.0,0.0,0.0,0.0,0.0,0.0,-0.0,2.004,-0.0,-0.0,0.0,0.0,0.0,0.0,6333.0,564148584841216.0,6923.0,0.0,0.0,0.0,0.0,0.0,0.0,0.0,0.0,69,-0.0,-0.0,0.0,0.0,0.0,0.0,0.0,0.0,0.0,0,0,0,0.0,0.0,0.0,0.0,0.0,0.0,0.0,0.0,0.0,0.0,0.0,0.0,0.0,0.0,0.0,0.0,0,-107875648.0,69,0.0,138,0.0,0.0,0,13107,17040,13107,17049,13107,17043,0,0,0,70,68,100,2.7302359370752657e+23,71.1,0.0,74.2,2.7302370179391762e+23,74.0,1,49,50,180,0,52429,0,0,0.0,0.0,0.0,0.0,-0.0,67.0,0.0,162057.094,0.0,750,0,739,0,0,0,721,0,766,0,735,0,742,0,741,0,712,0,7520,0.032,79456894976.0,0.0,0.0,784,16797,-0.0,162057.094,-114818.039,-0.0,0.133,6.909358625270745e+28,30.0,65.0,35,0.0,0.0,0.0,0.0,0.0,0.0,0.0,0.0,0.0,0.0,0.0,0.0,0.0,0.0,0.0,0.0,69.2,0,150,71,54,65476,0,300,0,1,8,20529,65476,0,0,40632,65.0,0.0,0.0,0.0,0.0,0.0
2026-09-04T20:45:15,ERR,ERR,ERR,ERR,ERR,ERR,ERR,ERR,ERR,ERR,ERR,ERR,ERR,ERR,ERR,ERR,ERR,ERR,ERR,ERR,ERR,ERR,ERR,ERR,ERR,ERR,ERR,ERR,ERR,ERR,ERR,ERR,ERR,ERR,ERR,ERR,ERR,ERR,ERR,ERR,ERR,ERR,ERR,ERR,ERR,ERR,ERR,ERR,ERR,ERR,ERR,ERR,ERR,ERR,ERR,ERR,ERR,ERR,ERR,ERR,ERR,ERR,ERR,ERR,ERR,ERR,ERR,ERR,ERR,ERR,ERR,ERR,ERR,ERR,ERR,ERR,ERR,ERR,ERR,ERR,ERR,ERR,ERR,ERR,ERR,ERR,ERR,ERR,ERR,ERR,ERR,ERR,ERR,ERR,ERR,ERR,ERR,ERR,ERR,ERR,ERR,ERR,ERR,ERR,ERR,ERR,ERR,ERR,ERR,ERR,ERR,ERR,ERR,ERR,ERR,ERR,ERR,ERR,ERR,ERR,ERR,ERR,ERR,ERR,ERR,0.0,0.0,0.0,0.0,0.0,1.3936040501711995e+18,7.805,0.0,0,0,4,0,7116,0.0,100,0.0,0.0,0.0,0.0,0.0,0,0,0,0,0.0,0,0,0,0,0,0,0,0,0,0,0,0,0,0,0,0,0,0,0,0,0,0,0,0,0,0,0,0,0,0,0,0,0,31,40,40,71,65476,0,300,0,0,8,21553,0.0,-107605600.0,0.0,0.0,0.0,0.0,0.0,0.0,0.0,0.0,0.0,0.0,0.0,0.0,0.0,0.0,0.0,0.0,0.0,0.0,0.0,0.0,-0.0,2.004,-0.0,-0.0,0.0,0.0,0.0,0.0,6333.0,564148584841216.0,6923.0,0.0,0.0,0.0,0.0,0.0,0.0,0.0,0.0,69,-0.0,-0.0,0.0,0.0,0.0,0.0,0.0,0.0,0.0,0,0,0,0.0,0.0,0.0,0.0,0.0,0.0,0.0,0.0,0.0,0.0,0.0,0.0,0.0,0.0,0.0,0.0,0,-107875648.0,69,0.0,138,0.0,0.0,0,13107,17040,13107,17049,13107,17043,0,0,0,70,68,100,2.7302359370752657e+23,71.1,0.0,74.2,2.7302370179391762e+23,74.0,1,49,50,180,0,52429,0,0,0.0,0.0,0.0,0.0,-0.0,67.0,0.0,162057.094,0.0,750,0,739,0,0,0,721,0,766,0,735,0,742,0,741,0,712,0,7520,0.032,79456894976.0,0.0,0.0,784,16797,-0.0,162057.094,-114818.039,-0.0,0.133,6.909358625270745e+28,30.0,65.0,35,0.0,0.0,0.0,0.0,0.0,0.0,0.0,0.0,0.0,0.0,0.0,0.0,0.0,0.0,0.0,0.0,69.2,0,150,71,54,65476,0,300,0,1,8,20529,65476,0,0,40632,65.0,0.0,0.0,0.0,0.0,0.0
2026-09-04T20:45:16,ERR,ERR,ERR,ERR,ERR,ERR,ERR,ERR,ERR,ERR,ERR,ERR,ERR,ERR,ERR,ERR,ERR,ERR,ERR,ERR,ERR,ERR,ERR,ERR,ERR,ERR,ERR,ERR,ERR,ERR,ERR,ERR,ERR,ERR,ERR,ERR,ERR,ERR,ERR,ERR,ERR,ERR,ERR,ERR,ERR,ERR,ERR,ERR,ERR,ERR,ERR,ERR,ERR,ERR,ERR,ERR,ERR,ERR,ERR,ERR,ERR,ERR,ERR,ERR,ERR,ERR,ERR,ERR,ERR,ERR,ERR,ERR,ERR,ERR,ERR,ERR,ERR,ERR,ERR,ERR,ERR,ERR,ERR,ERR,ERR,ERR,ERR,ERR,ERR,ERR,ERR,ERR,ERR,ERR,ERR,ERR,ERR,ERR,ERR,ERR,ERR,ERR,ERR,ERR,ERR,ERR,ERR,ERR,ERR,ERR,ERR,ERR,ERR,ERR,ERR,ERR,ERR,ERR,ERR,ERR,ERR,ERR,ERR,ERR,ERR,0.0,0.0,0.0,0.0,0.0,1.3936040501711995e+18,7.805,0.0,0,0,4,0,7116,0.0,100,0.0,0.0,0.0,0.0,0.0,0,0,0,0,0.0,0,0,0,0,0,0,0,0,0,0,0,0,0,0,0,0,0,0,0,0,0,0,0,0,0,0,0,0,0,0,0,0,0,31,40,40,71,65476,0,300,0,0,8,21553,0.0,-107605600.0,0.0,0.0,0.0,0.0,0.0,0.0,0.0,0.0,0.0,0.0,0.0,0.0,0.0,0.0,0.0,0.0,0.0,0.0,0.0,0.0,-0.0,2.004,-0.0,-0.0,0.0,0.0,0.0,0.0,6333.0,564148584841216.0,6923.0,0.0,0.0,0.0,0.0,0.0,0.0,0.0,0.0,69,-0.0,-0.0,0.0,0.0,0.0,0.0,0.0,0.0,0.0,0,0,0,0.0,0.0,0.0,0.0,0.0,0.0,0.0,0.0,0.0,0.0,0.0,0.0,0.0,0.0,0.0,0.0,0,-107875648.0,69,0.0,138,0.0,0.0,0,13107,17040,13107,17049,13107,17043,0,0,0,70,68,100,2.7302359370752657e+23,71.1,0.0,74.2,2.7302370179391762e+23,74.0,1,49,50,180,0,52429,0,0,0.0,0.0,0.0,0.0,-0.0,67.0,0.0,162057.094,0.0,750,0,739,0,0,0,721,0,766,0,735,0,742,0,741,0,712,0,7520,0.032,79456894976.0,0.0,0.0,784,16797,-0.0,162057.094,-114818.039,-0.0,0.133,6.909358625270745e+28,30.0,65.0,35,0.0,0.0,0.0,0.0,0.0,0.0,0.0,0.0,0.0,0.0,0.0,0.0,0.0,0.0,0.0,0.0,69.6,0,150,71,54,65476,0,300,0,1,8,20529,65476,0,0,40632,65.0,0.0,0.0,0.0,0.0,0.0
2026-09-04T20:45:17,ERR,ERR,ERR,ERR,ERR,ERR,ERR,ERR,ERR,ERR,ERR,ERR,ERR,ERR,ERR,ERR,ERR,ERR,ERR,ERR,ERR,ERR,ERR,ERR,ERR,ERR,ERR,ERR,ERR,ERR,ERR,ERR,ERR,ERR,ERR,ERR,ERR,ERR,ERR,ERR,ERR,ERR,ERR,ERR,ERR,ERR,ERR,ERR,ERR,ERR,ERR,ERR,ERR,ERR,ERR,ERR,ERR,ERR,ERR,ERR,ERR,ERR,ERR,ERR,ERR,ERR,ERR,ERR,ERR,ERR,ERR,ERR,ERR,ERR,ERR,ERR,ERR,ERR,ERR,ERR,ERR,ERR,ERR,ERR,ERR,ERR,ERR,ERR,ERR,ERR,ERR,ERR,ERR,ERR,ERR,ERR,ERR,ERR,ERR,ERR,ERR,ERR,ERR,ERR,ERR,ERR,ERR,ERR,ERR,ERR,ERR,ERR,ERR,ERR,ERR,ERR,ERR,ERR,ERR,ERR,ERR,ERR,ERR,ERR,ERR,0.0,0.0,0.0,0.0,0.0,1.3936040501711995e+18,7.805,0.0,0,0,4,0,7116,0.0,100,0.0,0.0,0.0,0.0,0.0,0,0,0,0,0.0,0,0,0,0,0,0,0,0,0,0,0,0,0,0,0,0,0,0,0,0,0,0,0,0,0,0,0,0,0,0,0,0,0,31,40,40,71,65476,0,300,0,0,8,21553,0.0,-107605600.0,0.0,0.0,0.0,0.0,0.0,0.0,0.0,0.0,0.0,0.0,0.0,0.0,0.0,0.0,0.0,0.0,0.0,0.0,0.0,0.0,-0.0,2.004,-0.0,-0.0,0.0,0.0,0.0,0.0,6333.0,564148584841216.0,6923.0,0.0,0.0,0.0,0.0,0.0,0.0,0.0,0.0,69,-0.0,-0.0,0.0,0.0,0.0,0.0,0.0,0.0,0.0,0,0,0,0.0,0.0,0.0,0.0,0.0,0.0,0.0,0.0,0.0,0.0,0.0,0.0,0.0,0.0,0.0,0.0,0,-107875648.0,69,0.0,138,0.0,0.0,0,13107,17040,13107,17049,13107,17043,0,0,0,70,68,100,2.7302359370752657e+23,71.1,0.0,74.2,2.7302370179391762e+23,74.0,1,49,50,180,0,52429,0,0,0.0,0.0,0.0,0.0,-0.0,67.0,0.0,162057.094,0.0,750,0,739,0,0,0,721,0,766,0,735,0,742,0,741,0,712,0,7520,0.032,79456894976.0,0.0,0.0,784,16797,-0.0,162057.094,-114818.039,-0.0,0.133,6.909358625270745e+28,30.0,65.0,35,0.0,0.0,0.0,0.0,0.0,0.0,0.0,0.0,0.0,0.0,0.0,0.0,0.0,0.0,0.0,0.0,69.6,0,150,71,54,65476,0,300,0,1,8,20529,65476,0,0,40632,65.0,0.0,0.0,0.0,0.0,0.0
2026-09-04T20:45:18,ERR,ERR,ERR,ERR,ERR,ERR,ERR,ERR,ERR,ERR,ERR,ERR,ERR,ERR,ERR,ERR,ERR,ERR,ERR,ERR,ERR,ERR,ERR,ERR,ERR,ERR,ERR,ERR,ERR,ERR,ERR,ERR,ERR,ERR,ERR,ERR,ERR,ERR,ERR,ERR,ERR,ERR,ERR,ERR,ERR,ERR,ERR,ERR,ERR,ERR,ERR,ERR,ERR,ERR,ERR,ERR,ERR,ERR,ERR,ERR,ERR,ERR,ERR,ERR,ERR,ERR,ERR,ERR,ERR,ERR,ERR,ERR,ERR,ERR,ERR,ERR,ERR,ERR,ERR,ERR,ERR,ERR,ERR,ERR,ERR,ERR,ERR,ERR,ERR,ERR,ERR,ERR,ERR,ERR,ERR,ERR,ERR,ERR,ERR,ERR,ERR,ERR,ERR,ERR,ERR,ERR,ERR,ERR,ERR,ERR,ERR,ERR,ERR,ERR,ERR,ERR,ERR,ERR,ERR,ERR,ERR,ERR,ERR,ERR,ERR,0.0,0.0,0.0,0.0,0.0,1.3936040501711995e+18,7.805,0.0,0,0,4,0,7116,0.0,100,0.0,0.0,0.0,0.0,0.0,0,0,0,0,0.0,0,0,0,0,0,0,0,0,0,0,0,0,0,0,0,0,0,0,0,0,0,0,0,0,0,0,0,0,0,0,0,0,0,31,40,40,71,65476,0,300,0,0,8,21553,0.0,-107605600.0,0.0,0.0,0.0,0.0,0.0,0.0,0.0,0.0,0.0,0.0,0.0,0.0,0.0,0.0,0.0,0.0,0.0,0.0,0.0,0.0,-0.0,2.004,-0.0,-0.0,0.0,0.0,0.0,0.0,6333.0,564148584841216.0,6923.0,0.0,0.0,0.0,0.0,0.0,0.0,0.0,0.0,69,-0.0,-0.0,0.0,0.0,0.0,0.0,0.0,0.0,0.0,0,0,0,0.0,0.0,0.0,0.0,0.0,0.0,0.0,0.0,0.0,0.0,0.0,0.0,0.0,0.0,0.0,0.0,0,-107875648.0,69,0.0,138,0.0,0.0,0,13107,17040,13107,17049,13107,17043,0,0,0,70,68,100,2.7302359370752657e+23,71.1,0.0,74.2,2.7302370179391762e+23,74.0,1,49,50,180,0,52429,0,0,0.0,0.0,0.0,0.0,-0.0,67.0,0.0,162057.094,0.0,750,0,739,0,0,0,721,0,766,0,735,0,742,0,741,0,712,0,7520,0.032,79456894976.0,0.0,0.0,784,16797,-0.0,162057.094,-114818.039,-0.0,0.133,6.909358625270745e+28,30.0,65.0,35,0.0,0.0,0.0,0.0,0.0,0.0,0.0,0.0,0.0,0.0,0.0,0.0,0.0,0.0,0.0,0.0,69.6,0,150,71,54,65476,0,300,0,1,8,20529,65476,0,0,40632,65.0,0.0,0.0,0.0,0.0,0.0
2026-09-04T20:45:19,ERR,ERR,ERR,ERR,ERR,ERR,ERR,ERR,ERR,ERR,ERR,ERR,ERR,ERR,ERR,ERR,ERR,ERR,ERR,ERR,ERR,ERR,ERR,ERR,ERR,ERR,ERR,ERR,ERR,ERR,ERR,ERR,ERR,ERR,ERR,ERR,ERR,ERR,ERR,ERR,ERR,ERR,ERR,ERR,ERR,ERR,ERR,ERR,ERR,ERR,ERR,ERR,ERR,ERR,ERR,ERR,ERR,ERR,ERR,ERR,ERR,ERR,ERR,ERR,ERR,ERR,ERR,ERR,ERR,ERR,ERR,ERR,ERR,ERR,ERR,ERR,ERR,ERR,ERR,ERR,ERR,ERR,ERR,ERR,ERR,ERR,ERR,ERR,ERR,ERR,ERR,ERR,ERR,ERR,ERR,ERR,ERR,ERR,ERR,ERR,ERR,ERR,ERR,ERR,ERR,ERR,ERR,ERR,ERR,ERR,ERR,ERR,ERR,ERR,ERR,ERR,ERR,ERR,ERR,ERR,ERR,ERR,ERR,ERR,ERR,0.0,0.0,0.0,0.0,0.0,1.3936040501711995e+18,7.805,0.0,0,0,4,0,7116,0.0,100,0.0,0.0,0.0,0.0,0.0,0,0,0,0,0.0,0,0,0,0,0,0,0,0,0,0,0,0,0,0,0,0,0,0,0,0,0,0,0,0,0,0,0,0,0,0,0,0,0,31,40,40,71,65476,0,300,0,0,8,21553,0.0,-107605600.0,0.0,0.0,0.0,0.0,0.0,0.0,0.0,0.0,0.0,0.0,0.0,0.0,0.0,0.0,0.0,0.0,0.0,0.0,0.0,0.0,-0.0,2.004,-0.0,-0.0,0.0,0.0,0.0,0.0,6333.0,564148584841216.0,6923.0,0.0,0.0,0.0,0.0,0.0,0.0,0.0,0.0,69,-0.0,-0.0,0.0,0.0,0.0,0.0,0.0,0.0,0.0,0,0,0,0.0,0.0,0.0,0.0,0.0,0.0,0.0,0.0,0.0,0.0,0.0,0.0,0.0,0.0,0.0,0.0,0,-107875648.0,69,0.0,138,0.0,0.0,0,13107,17040,13107,17049,13107,17043,0,0,0,70,68,100,2.7302359370752657e+23,71.1,0.0,74.2,2.7302370179391762e+23,74.0,1,49,50,180,0,52429,0,0,0.0,0.0,0.0,0.0,-0.0,67.0,0.0,162057.094,0.0,750,0,739,0,0,0,721,0,766,0,736,0,742,0,741,0,712,0,7520,0.032,79456894976.0,0.0,0.0,784,16797,-0.0,162057.094,-114818.039,-0.0,0.133,6.909358625270745e+28,30.0,65.0,35,0.0,0.0,0.0,0.0,0.0,0.0,0.0,0.0,0.0,0.0,0.0,0.0,0.0,0.0,0.0,0.0,69.2,0,150,71,54,65476,0,300,0,1,8,20529,65476,0,0,40632,65.0,0.0,0.0,0.0,0.0,0.0
2026-09-04T20:45:20,ERR,ERR,ERR,ERR,ERR,ERR,ERR,ERR,ERR,ERR,ERR,ERR,ERR,ERR,ERR,ERR,ERR,ERR,ERR,ERR,ERR,ERR,ERR,ERR,ERR,ERR,ERR,ERR,ERR,ERR,ERR,ERR,ERR,ERR,ERR,ERR,ERR,ERR,ERR,ERR,ERR,ERR,ERR,ERR,ERR,ERR,ERR,ERR,ERR,ERR,ERR,ERR,ERR,ERR,ERR,ERR,ERR,ERR,ERR,ERR,ERR,ERR,ERR,ERR,ERR,ERR,ERR,ERR,ERR,ERR,ERR,ERR,ERR,ERR,ERR,ERR,ERR,ERR,ERR,ERR,ERR,ERR,ERR,ERR,ERR,ERR,ERR,ERR,ERR,ERR,ERR,ERR,ERR,ERR,ERR,ERR,ERR,ERR,ERR,ERR,ERR,ERR,ERR,ERR,ERR,ERR,ERR,ERR,ERR,ERR,ERR,ERR,ERR,ERR,ERR,ERR,ERR,ERR,ERR,ERR,ERR,ERR,ERR,ERR,ERR,0.0,0.0,0.0,0.0,0.0,1.3936040501711995e+18,7.805,0.0,0,0,4,0,7116,0.0,100,0.0,0.0,0.0,0.0,0.0,0,0,0,0,0.0,0,0,0,0,0,0,0,0,0,0,0,0,0,0,0,0,0,0,0,0,0,0,0,0,0,0,0,0,0,0,0,0,0,31,40,40,71,65476,0,300,0,0,8,21553,0.0,-107605600.0,0.0,0.0,0.0,0.0,0.0,0.0,0.0,0.0,0.0,0.0,0.0,0.0,0.0,0.0,0.0,0.0,0.0,0.0,0.0,0.0,-0.0,2.004,-0.0,-0.0,0.0,0.0,0.0,0.0,6333.0,564148584841216.0,6923.0,0.0,0.0,0.0,0.0,0.0,0.0,0.0,0.0,69,-0.0,-0.0,0.0,0.0,0.0,0.0,0.0,0.0,0.0,0,0,0,0.0,0.0,0.0,0.0,0.0,0.0,0.0,0.0,0.0,0.0,0.0,0.0,0.0,0.0,0.0,0.0,0,-107875648.0,69,0.0,138,0.0,0.0,0,13107,17040,13107,17049,13107,17043,0,0,0,70,68,100,2.7302359370752657e+23,71.1,0.0,74.2,2.7302370179391762e+23,74.0,1,49,50,180,0,52429,0,0,0.0,0.0,0.0,0.0,-0.0,67.0,0.0,162057.094,0.0,750,0,739,0,0,0,721,0,766,0,736,0,742,0,741,0,712,0,7520,0.032,79456894976.0,0.0,0.0,784,16797,-0.0,162057.094,-114818.039,-0.0,0.133,6.909358625270745e+28,30.0,65.0,35,0.0,0.0,0.0,0.0,0.0,0.0,0.0,0.0,0.0,0.0,0.0,0.0,0.0,0.0,0.0,0.0,69.2,0,150,71,54,65476,0,300,0,1,8,20529,65476,0,0,40632,65.0,0.0,0.0,0.0,0.0,0.0
2026-09-04T20:45:21,ERR,ERR,ERR,ERR,ERR,ERR,ERR,ERR,ERR,ERR,ERR,ERR,ERR,ERR,ERR,ERR,ERR,ERR,ERR,ERR,ERR,ERR,ERR,ERR,ERR,ERR,ERR,ERR,ERR,ERR,ERR,ERR,ERR,ERR,ERR,ERR,ERR,ERR,ERR,ERR,ERR,ERR,ERR,ERR,ERR,ERR,ERR,ERR,ERR,ERR,ERR,ERR,ERR,ERR,ERR,ERR,ERR,ERR,ERR,ERR,ERR,ERR,ERR,ERR,ERR,ERR,ERR,ERR,ERR,ERR,ERR,ERR,ERR,ERR,ERR,ERR,ERR,ERR,ERR,ERR,ERR,ERR,ERR,ERR,ERR,ERR,ERR,ERR,ERR,ERR,ERR,ERR,ERR,ERR,ERR,ERR,ERR,ERR,ERR,ERR,ERR,ERR,ERR,ERR,ERR,ERR,ERR,ERR,ERR,ERR,ERR,ERR,ERR,ERR,ERR,ERR,ERR,ERR,ERR,ERR,ERR,ERR,ERR,ERR,ERR,0.0,0.0,0.0,0.0,0.0,1.3936040501711995e+18,7.805,0.0,0,0,4,0,7116,0.0,100,0.0,0.0,0.0,0.0,0.0,0,0,0,0,0.0,0,0,0,0,0,0,0,0,0,0,0,0,0,0,0,0,0,0,0,0,0,0,0,0,0,0,0,0,0,0,0,0,0,31,40,40,71,65476,0,300,0,0,8,21553,0.0,-107605600.0,0.0,0.0,0.0,0.0,0.0,0.0,0.0,0.0,0.0,0.0,0.0,0.0,0.0,0.0,0.0,0.0,0.0,0.0,0.0,0.0,-2.004,2.004,-0.0,-0.0,0.0,0.0,0.0,0.0,6308.0,-1.587936908900649e+29,6942.0,0.0,0.0,2.7184303811560617e+23,0.0,0.0,0.0,0.0,0.0,69,-126841167872.0,0.0,0.0,0.0,0.0,0.0,0.0,0.0,0.0,0,0,0,0.0,0.0,0.0,0.0,0.0,0.0,0.0,0.0,0.0,0.0,0.0,0.0,0.0,0.0,0.0,0.0,0,-107875648.0,69,0.0,138,0.0,0.0,0,13107,17040,13107,17049,13107,17043,0,0,0,70,68,100,2.7302359370752657e+23,71.1,0.0,74.2,2.7302370179391762e+23,74.0,1,49,50,180,0,52429,0,0,0.0,0.0,0.0,0.0,-0.0,67.0,0.0,162057.094,0.0,750,0,739,0,0,0,721,0,766,0,736,0,742,0,741,0,712,0,7520,0.032,79456894976.0,0.0,0.0,784,16797,-0.0,162057.094,-114818.039,-0.0,0.133,6.909358625270745e+28,30.0,65.0,35,0.0,0.0,0.0,0.0,0.0,0.0,0.0,0.0,0.0,0.0,0.0,0.0,0.0,0.0,0.0,0.0,69.2,0,150,71,54,65476,0,300,0,1,8,20529,65476,0,0,40632,65.0,0.0,0.0,0.0,0.0,0.0
2026-09-04T20:45:22,ERR,ERR,ERR,ERR,ERR,ERR,ERR,ERR,ERR,ERR,ERR,ERR,ERR,ERR,ERR,ERR,ERR,ERR,ERR,ERR,ERR,ERR,ERR,ERR,ERR,ERR,ERR,ERR,ERR,ERR,ERR,ERR,ERR,ERR,ERR,ERR,ERR,ERR,ERR,ERR,ERR,ERR,ERR,ERR,ERR,ERR,ERR,ERR,ERR,ERR,ERR,ERR,ERR,ERR,ERR,ERR,ERR,ERR,ERR,ERR,ERR,ERR,ERR,ERR,ERR,ERR,ERR,ERR,ERR,ERR,ERR,ERR,ERR,ERR,ERR,ERR,ERR,ERR,ERR,ERR,ERR,ERR,ERR,ERR,ERR,ERR,ERR,ERR,ERR,ERR,ERR,ERR,ERR,ERR,ERR,ERR,ERR,ERR,ERR,ERR,ERR,ERR,ERR,ERR,ERR,ERR,ERR,ERR,ERR,ERR,ERR,ERR,ERR,ERR,ERR,ERR,ERR,ERR,ERR,ERR,ERR,ERR,ERR,ERR,ERR,0.0,0.0,0.0,0.0,0.0,1.3936040501711995e+18,7.805,0.0,0,0,4,0,7116,0.0,100,0.0,0.0,0.0,0.0,0.0,0,0,0,0,0.0,0,0,0,0,0,0,0,0,0,0,0,0,0,0,0,0,0,0,0,0,0,0,0,0,0,0,0,0,0,0,0,0,0,31,40,40,71,65476,0,300,0,0,8,21553,0.0,-107605600.0,0.0,0.0,0.0,0.0,0.0,0.0,0.0,0.0,0.0,0.0,0.0,0.0,0.0,0.0,0.0,0.0,0.0,0.0,0.0,0.0,-2.004,2.004,-0.0,-0.0,0.0,0.0,0.0,0.0,6308.0,-1.587936908900649e+29,6942.0,0.0,0.0,2.7184303811560617e+23,0.0,0.0,0.0,0.0,0.0,69,-126841167872.0,0.0,0.0,0.0,0.0,0.0,0.0,0.0,0.0,0,0,0,0.0,0.0,0.0,0.0,0.0,0.0,0.0,0.0,0.0,0.0,0.0,0.0,0.0,0.0,0.0,0.0,0,-107875648.0,69,0.0,138,0.0,0.0,0,13107,17040,13107,17049,13107,17043,0,0,0,70,68,100,2.7302359370752657e+23,71.1,0.0,74.2,2.7302370179391762e+23,74.0,1,49,50,180,0,52429,0,0,0.0,0.0,0.0,0.0,-0.0,67.0,0.0,162057.094,0.0,750,0,739,0,0,0,721,0,766,0,736,0,742,0,741,0,712,0,7520,0.032,79456894976.0,0.0,0.0,784,16797,-0.0,162057.094,-114818.039,-0.0,0.133,6.909358625270745e+28,30.0,65.0,35,0.0,0.0,0.0,0.0,0.0,0.0,0.0,0.0,0.0,0.0,0.0,0.0,0.0,0.0,0.0,0.0,69.2,0,150,71,54,65476,0,300,0,1,8,20529,65476,0,0,40632,65.0,0.0,0.0,0.0,0.0,0.0
2026-09-04T20:45:23,ERR,ERR,ERR,ERR,ERR,ERR,ERR,ERR,ERR,ERR,ERR,ERR,ERR,ERR,ERR,ERR,ERR,ERR,ERR,ERR,ERR,ERR,ERR,ERR,ERR,ERR,ERR,ERR,ERR,ERR,ERR,ERR,ERR,ERR,ERR,ERR,ERR,ERR,ERR,ERR,ERR,ERR,ERR,ERR,ERR,ERR,ERR,ERR,ERR,ERR,ERR,ERR,ERR,ERR,ERR,ERR,ERR,ERR,ERR,ERR,ERR,ERR,ERR,ERR,ERR,ERR,ERR,ERR,ERR,ERR,ERR,ERR,ERR,ERR,ERR,ERR,ERR,ERR,ERR,ERR,ERR,ERR,ERR,ERR,ERR,ERR,ERR,ERR,ERR,ERR,ERR,ERR,ERR,ERR,ERR,ERR,ERR,ERR,ERR,ERR,ERR,ERR,ERR,ERR,ERR,ERR,ERR,ERR,ERR,ERR,ERR,ERR,ERR,ERR,ERR,ERR,ERR,ERR,ERR,ERR,ERR,ERR,ERR,ERR,ERR,0.0,0.0,0.0,0.0,0.0,1.3936040501711995e+18,7.805,0.0,0,0,4,0,7116,0.0,100,0.0,0.0,0.0,0.0,0.0,0,0,0,0,0.0,0,0,0,0,0,0,0,0,0,0,0,0,0,0,0,0,0,0,0,0,0,0,0,0,0,0,0,0,0,0,0,0,0,31,40,40,71,65476,0,300,0,0,8,21553,0.0,-107605600.0,0.0,0.0,0.0,0.0,0.0,0.0,0.0,0.0,0.0,0.0,0.0,0.0,0.0,0.0,0.0,0.0,0.0,0.0,0.0,0.0,-2.004,2.004,-0.0,-0.0,0.0,0.0,0.0,0.0,6308.0,-1.587936908900649e+29,6942.0,0.0,0.0,2.7184303811560617e+23,0.0,0.0,0.0,0.0,0.0,69,-126841167872.0,0.0,0.0,0.0,0.0,0.0,0.0,0.0,0.0,0,0,0,0.0,0.0,0.0,0.0,0.0,0.0,0.0,0.0,0.0,0.0,0.0,0.0,0.0,0.0,0.0,0.0,0,-107875648.0,69,0.0,138,0.0,0.0,0,13107,17040,13107,17049,13107,17043,0,0,0,70,68,100,2.7302359370752657e+23,71.1,0.0,74.2,2.7302370179391762e+23,74.0,1,49,50,180,0,52429,0,0,0.0,0.0,0.0,0.0,-0.0,67.0,0.0,162057.094,0.0,750,0,739,0,0,0,721,0,766,0,736,0,742,0,741,0,712,0,7520,0.032,79456894976.0,0.0,0.0,784,16797,-0.0,162057.094,-114818.039,-0.0,0.133,6.909358625270745e+28,30.0,65.0,35,0.0,0.0,0.0,0.0,0.0,0.0,0.0,0.0,0.0,0.0,0.0,0.0,0.0,0.0,0.0,0.0,69.2,0,150,71,54,65476,0,300,0,1,8,20529,65476,0,0,40632,65.0,0.0,0.0,0.0,0.0,0.0
2026-09-04T20:45:24,ERR,ERR,ERR,ERR,ERR,ERR,ERR,ERR,ERR,ERR,ERR,ERR,ERR,ERR,ERR,ERR,ERR,ERR,ERR,ERR,ERR,ERR,ERR,ERR,ERR,ERR,ERR,ERR,ERR,ERR,ERR,ERR,ERR,ERR,ERR,ERR,ERR,ERR,ERR,ERR,ERR,ERR,ERR,ERR,ERR,ERR,ERR,ERR,ERR,ERR,ERR,ERR,ERR,ERR,ERR,ERR,ERR,ERR,ERR,ERR,ERR,ERR,ERR,ERR,ERR,ERR,ERR,ERR,ERR,ERR,ERR,ERR,ERR,ERR,ERR,ERR,ERR,ERR,ERR,ERR,ERR,ERR,ERR,ERR,ERR,ERR,ERR,ERR,ERR,ERR,ERR,ERR,ERR,ERR,ERR,ERR,ERR,ERR,ERR,ERR,ERR,ERR,ERR,ERR,ERR,ERR,ERR,ERR,ERR,ERR,ERR,ERR,ERR,ERR,ERR,ERR,ERR,ERR,ERR,ERR,ERR,ERR,ERR,ERR,ERR,0.0,0.0,0.0,0.0,0.0,1.3936040501711995e+18,7.805,0.0,0,0,4,0,7116,0.0,100,0.0,0.0,0.0,0.0,0.0,0,0,0,0,0.0,0,0,0,0,0,0,0,0,0,0,0,0,0,0,0,0,0,0,0,0,0,0,0,0,0,0,0,0,0,0,0,0,0,31,40,40,71,65476,0,300,0,0,8,21553,0.0,-107605600.0,0.0,0.0,0.0,0.0,0.0,0.0,0.0,0.0,0.0,0.0,0.0,0.0,0.0,0.0,0.0,0.0,0.0,0.0,0.0,0.0,-2.004,2.004,-0.0,-0.0,0.0,0.0,0.0,0.0,6308.0,-1.587936908900649e+29,6942.0,0.0,0.0,2.7184303811560617e+23,0.0,0.0,0.0,0.0,0.0,69,-126841167872.0,0.0,0.0,0.0,0.0,0.0,0.0,0.0,0.0,0,0,0,0.0,0.0,0.0,0.0,0.0,0.0,0.0,0.0,0.0,0.0,0.0,0.0,0.0,0.0,0.0,0.0,0,-107875648.0,69,0.0,138,0.0,0.0,0,13107,17040,13107,17049,13107,17043,0,0,0,70,68,100,2.7302359370752657e+23,71.1,0.0,74.2,2.7302370179391762e+23,74.0,1,49,50,180,0,52429,0,0,0.0,0.0,0.0,0.0,-0.0,67.0,0.0,162057.094,0.0,750,0,739,0,0,0,721,0,766,0,736,0,742,0,741,0,712,0,7520,0.032,79456894976.0,0.0,0.0,784,16797,-0.0,162057.094,-114818.039,-0.0,0.133,6.909358625270745e+28,30.0,65.0,35,0.0,0.0,0.0,0.0,0.0,0.0,0.0,0.0,0.0,0.0,0.0,0.0,0.0,0.0,0.0,0.0,69.2,0,150,71,54,65476,0,300,0,1,8,20529,65476,0,0,40632,65.0,0.0,0.0,0.0,0.0,0.0
2026-09-04T20:45:25,ERR,ERR,ERR,ERR,ERR,ERR,ERR,ERR,ERR,ERR,ERR,ERR,ERR,ERR,ERR,ERR,ERR,ERR,ERR,ERR,ERR,ERR,ERR,ERR,ERR,ERR,ERR,ERR,ERR,ERR,ERR,ERR,ERR,ERR,ERR,ERR,ERR,ERR,ERR,ERR,ERR,ERR,ERR,ERR,ERR,ERR,ERR,ERR,ERR,ERR,ERR,ERR,ERR,ERR,ERR,ERR,ERR,ERR,ERR,ERR,ERR,ERR,ERR,ERR,ERR,ERR,ERR,ERR,ERR,ERR,ERR,ERR,ERR,ERR,ERR,ERR,ERR,ERR,ERR,ERR,ERR,ERR,ERR,ERR,ERR,ERR,ERR,ERR,ERR,ERR,ERR,ERR,ERR,ERR,ERR,ERR,ERR,ERR,ERR,ERR,ERR,ERR,ERR,ERR,ERR,ERR,ERR,ERR,ERR,ERR,ERR,ERR,ERR,ERR,ERR,ERR,ERR,ERR,ERR,ERR,ERR,ERR,ERR,ERR,ERR,0.0,0.0,0.0,0.0,0.0,1.3936040501711995e+18,7.805,0.0,0,0,4,0,7116,0.0,100,0.0,0.0,0.0,0.0,0.0,0,0,0,0,0.0,0,0,0,0,0,0,0,0,0,0,0,0,0,0,0,0,0,0,0,0,0,0,0,0,0,0,0,0,0,0,0,0,0,31,40,40,71,65476,0,300,0,0,8,21553,0.0,-107605600.0,0.0,0.0,0.0,0.0,0.0,0.0,0.0,0.0,0.0,0.0,0.0,0.0,0.0,0.0,0.0,0.0,0.0,0.0,0.0,0.0,-2.004,2.004,-0.0,-0.0,0.0,0.0,0.0,0.0,6308.0,-1.587936908900649e+29,6942.0,0.0,0.0,2.7184303811560617e+23,0.0,0.0,0.0,0.0,0.0,69,-126841167872.0,0.0,0.0,0.0,0.0,0.0,0.0,0.0,0.0,0,0,0,0.0,0.0,0.0,0.0,0.0,0.0,0.0,0.0,0.0,0.0,0.0,0.0,0.0,0.0,0.0,0.0,0,-107875648.0,69,0.0,138,0.0,0.0,0,13107,17040,13107,17049,13107,17043,0,0,0,70,68,100,2.7302359370752657e+23,71.1,0.0,74.2,2.7302370179391762e+23,74.0,1,49,50,180,0,52429,0,0,0.0,0.0,0.0,0.0,-0.0,67.0,0.0,162057.094,0.0,750,0,739,0,0,0,721,0,766,0,736,0,742,0,741,0,712,0,7520,0.032,79456894976.0,0.0,0.0,784,16797,-0.0,162057.094,-114818.039,-0.0,0.133,6.909358625270745e+28,30.0,65.0,35,0.0,0.0,0.0,0.0,0.0,0.0,0.0,0.0,0.0,0.0,0.0,0.0,0.0,0.0,0.0,0.0,69.2,0,150,71,54,65476,0,300,0,1,8,20529,65476,0,0,40632,65.0,0.0,0.0,0.0,0.0,0.0
2026-09-04T20:45:26,ERR,ERR,ERR,ERR,ERR,ERR,ERR,ERR,ERR,ERR,ERR,ERR,ERR,ERR,ERR,ERR,ERR,ERR,ERR,ERR,ERR,ERR,ERR,ERR,ERR,ERR,ERR,ERR,ERR,ERR,ERR,ERR,ERR,ERR,ERR,ERR,ERR,ERR,ERR,ERR,ERR,ERR,ERR,ERR,ERR,ERR,ERR,ERR,ERR,ERR,ERR,ERR,ERR,ERR,ERR,ERR,ERR,ERR,ERR,ERR,ERR,ERR,ERR,ERR,ERR,ERR,ERR,ERR,ERR,ERR,ERR,ERR,ERR,ERR,ERR,ERR,ERR,ERR,ERR,ERR,ERR,ERR,ERR,ERR,ERR,ERR,ERR,ERR,ERR,ERR,ERR,ERR,ERR,ERR,ERR,ERR,ERR,ERR,ERR,ERR,ERR,ERR,ERR,ERR,ERR,ERR,ERR,ERR,ERR,ERR,ERR,ERR,ERR,ERR,ERR,ERR,ERR,ERR,ERR,ERR,ERR,ERR,ERR,ERR,ERR,0.0,0.0,0.0,0.0,0.0,1.3936040501711995e+18,7.805,0.0,0,0,4,0,7116,0.0,100,0.0,0.0,0.0,0.0,0.0,0,0,0,0,0.0,0,0,0,0,0,0,0,0,0,0,0,0,0,0,0,0,0,0,0,0,0,0,0,0,0,0,0,0,0,0,0,0,0,31,40,40,71,65476,0,300,0,0,8,21553,0.0,-107605600.0,0.0,0.0,0.0,0.0,0.0,0.0,0.0,0.0,0.0,0.0,0.0,0.0,0.0,0.0,0.0,0.0,0.0,0.0,0.0,0.0,-2.004,2.004,-0.0,-0.0,0.0,0.0,0.0,0.0,6308.0,-1.587936908900649e+29,6942.0,0.0,0.0,2.7184303811560617e+23,0.0,0.0,0.0,0.0,0.0,69,-126841167872.0,0.0,0.0,0.0,0.0,0.0,0.0,0.0,0.0,0,0,0,0.0,0.0,0.0,0.0,0.0,0.0,0.0,0.0,0.0,0.0,0.0,0.0,0.0,0.0,0.0,0.0,0,-107875648.0,69,0.0,138,0.0,0.0,0,13107,17040,13107,17049,13107,17043,0,0,0,70,68,100,2.7302359370752657e+23,71.1,0.0,74.2,2.7302370179391762e+23,74.0,1,49,50,180,0,52429,0,0,0.0,0.0,0.0,0.0,-0.0,67.0,0.0,162057.094,0.0,750,0,739,0,0,0,721,0,766,0,736,0,742,0,741,0,712,0,7520,0.032,79456894976.0,0.0,0.0,784,16797,-0.0,162057.094,-114818.039,-0.0,0.133,6.909358625270745e+28,30.0,65.0,35,0.0,0.0,0.0,0.0,0.0,0.0,0.0,0.0,0.0,0.0,0.0,0.0,0.0,0.0,0.0,0.0,69.2,0,150,71,54,65476,0,300,0,1,8,20529,65476,0,0,40632,65.0,0.0,0.0,0.0,0.0,0.0
2026-09-04T20:45:27,ERR,ERR,ERR,ERR,ERR,ERR,ERR,ERR,ERR,ERR,ERR,ERR,ERR,ERR,ERR,ERR,ERR,ERR,ERR,ERR,ERR,ERR,ERR,ERR,ERR,ERR,ERR,ERR,ERR,ERR,ERR,ERR,ERR,ERR,ERR,ERR,ERR,ERR,ERR,ERR,ERR,ERR,ERR,ERR,ERR,ERR,ERR,ERR,ERR,ERR,ERR,ERR,ERR,ERR,ERR,ERR,ERR,ERR,ERR,ERR,ERR,ERR,ERR,ERR,ERR,ERR,ERR,ERR,ERR,ERR,ERR,ERR,ERR,ERR,ERR,ERR,ERR,ERR,ERR,ERR,ERR,ERR,ERR,ERR,ERR,ERR,ERR,ERR,ERR,ERR,ERR,ERR,ERR,ERR,ERR,ERR,ERR,ERR,ERR,ERR,ERR,ERR,ERR,ERR,ERR,ERR,ERR,ERR,ERR,ERR,ERR,ERR,ERR,ERR,ERR,ERR,ERR,ERR,ERR,ERR,ERR,ERR,ERR,ERR,ERR,0.0,0.0,0.0,0.0,0.0,1.3936040501711995e+18,7.805,0.0,0,0,4,0,7116,0.0,100,0.0,0.0,0.0,0.0,0.0,0,0,0,0,0.0,0,0,0,0,0,0,0,0,0,0,0,0,0,0,0,0,0,0,0,0,0,0,0,0,0,0,0,0,0,0,0,0,0,31,40,40,71,65476,0,300,0,0,8,21553,0.0,-107605600.0,0.0,0.0,0.0,0.0,0.0,0.0,0.0,0.0,0.0,0.0,0.0,0.0,0.0,0.0,0.0,0.0,0.0,0.0,0.0,0.0,-2.004,2.004,-0.0,-0.0,0.0,0.0,0.0,0.0,6308.0,-1.587936908900649e+29,6942.0,0.0,0.0,2.7184303811560617e+23,0.0,0.0,0.0,0.0,0.0,69,-126841167872.0,0.0,0.0,0.0,0.0,0.0,0.0,0.0,0.0,0,0,0,0.0,0.0,0.0,0.0,0.0,0.0,0.0,0.0,0.0,0.0,0.0,0.0,0.0,0.0,0.0,0.0,0,-107875648.0,69,0.0,138,0.0,0.0,0,13107,17040,13107,17049,13107,17043,0,0,0,70,68,100,2.7302359370752657e+23,71.1,0.0,74.2,2.7302370179391762e+23,74.0,1,49,50,180,0,52429,0,0,0.0,0.0,0.0,0.0,-0.0,67.0,0.0,162057.094,0.0,750,0,739,0,0,0,721,0,766,0,736,0,742,0,741,0,712,0,7520,0.032,79456894976.0,0.0,0.0,784,16797,-0.0,162057.094,-114818.039,-0.0,0.133,6.909358625270745e+28,30.0,65.0,35,0.0,0.0,0.0,0.0,0.0,0.0,0.0,0.0,0.0,0.0,0.0,0.0,0.0,0.0,0.0,0.0,69.2,0,150,71,54,65476,0,300,0,1,8,20529,65476,0,0,40632,65.0,0.0,0.0,0.0,0.0,0.0
2026-09-04T20:45:28,ERR,ERR,ERR,ERR,ERR,ERR,ERR,ERR,ERR,ERR,ERR,ERR,ERR,ERR,ERR,ERR,ERR,ERR,ERR,ERR,ERR,ERR,ERR,ERR,ERR,ERR,ERR,ERR,ERR,ERR,ERR,ERR,ERR,ERR,ERR,ERR,ERR,ERR,ERR,ERR,ERR,ERR,ERR,ERR,ERR,ERR,ERR,ERR,ERR,ERR,ERR,ERR,ERR,ERR,ERR,ERR,ERR,ERR,ERR,ERR,ERR,ERR,ERR,ERR,ERR,ERR,ERR,ERR,ERR,ERR,ERR,ERR,ERR,ERR,ERR,ERR,ERR,ERR,ERR,ERR,ERR,ERR,ERR,ERR,ERR,ERR,ERR,ERR,ERR,ERR,ERR,ERR,ERR,ERR,ERR,ERR,ERR,ERR,ERR,ERR,ERR,ERR,ERR,ERR,ERR,ERR,ERR,ERR,ERR,ERR,ERR,ERR,ERR,ERR,ERR,ERR,ERR,ERR,ERR,ERR,ERR,ERR,ERR,ERR,ERR,0.0,0.0,0.0,0.0,0.0,1.3936040501711995e+18,7.805,0.0,0,0,4,0,7116,0.0,100,0.0,0.0,0.0,0.0,0.0,0,0,0,0,0.0,0,0,0,0,0,0,0,0,0,0,0,0,0,0,0,0,0,0,0,0,0,0,0,0,0,0,0,0,0,0,0,0,0,31,40,40,71,65476,0,300,0,0,8,21553,0.0,-107605600.0,0.0,0.0,0.0,0.0,0.0,0.0,0.0,0.0,0.0,0.0,0.0,0.0,0.0,0.0,0.0,0.0,0.0,0.0,0.0,0.0,-2.004,2.004,-0.0,-2.004,0.0,0.0,0.0,0.0,6306.0,-0.0,6929.0,0.0,0.0,2.7184303811560617e+23,0.0,0.0,0.0,0.0,0.0,69,-107615400.0,-152018152849408.0,0.0,0.0,0.0,0.0,0.0,0.0,0.0,0,0,0,0.0,0.0,0.0,0.0,0.0,0.0,0.0,0.0,0.0,0.0,0.0,0.0,0.0,0.0,0.0,0.0,0,-107875648.0,69,0.0,138,0.0,0.0,0,13107,17040,13107,17049,13107,17043,0,0,0,70,68,100,2.7302359370752657e+23,71.1,0.0,74.2,2.7302370179391762e+23,74.0,1,49,50,180,0,52429,0,0,0.0,0.0,0.0,0.0,-0.0,67.0,0.0,162057.094,0.0,750,0,739,0,0,0,721,0,766,0,736,0,742,0,741,0,712,0,7520,0.032,79456894976.0,0.0,0.0,784,16797,-0.0,162057.094,-114818.039,-0.0,0.133,6.909358625270745e+28,30.0,65.0,35,0.0,0.0,0.0,0.0,0.0,0.0,0.0,0.0,0.0,0.0,0.0,0.0,0.0,0.0,0.0,0.0,69.2,0,150,71,54,65476,0,300,0,1,8,20529,65476,0,0,40632,65.0,0.0,0.0,0.0,0.0,0.0
2026-09-04T20:45:29,ERR,ERR,ERR,ERR,ERR,ERR,ERR,ERR,ERR,ERR,ERR,ERR,ERR,ERR,ERR,ERR,ERR,ERR,ERR,ERR,ERR,ERR,ERR,ERR,ERR,ERR,ERR,ERR,ERR,ERR,ERR,ERR,ERR,ERR,ERR,ERR,ERR,ERR,ERR,ERR,ERR,ERR,ERR,ERR,ERR,ERR,ERR,ERR,ERR,ERR,ERR,ERR,ERR,ERR,ERR,ERR,ERR,ERR,ERR,ERR,ERR,ERR,ERR,ERR,ERR,ERR,ERR,ERR,ERR,ERR,ERR,ERR,ERR,ERR,ERR,ERR,ERR,ERR,ERR,ERR,ERR,ERR,ERR,ERR,ERR,ERR,ERR,ERR,ERR,ERR,ERR,ERR,ERR,ERR,ERR,ERR,ERR,ERR,ERR,ERR,ERR,ERR,ERR,ERR,ERR,ERR,ERR,ERR,ERR,ERR,ERR,ERR,ERR,ERR,ERR,ERR,ERR,ERR,ERR,ERR,ERR,ERR,ERR,ERR,ERR,0.0,0.0,0.0,0.0,0.0,1.3936040501711995e+18,7.805,0.0,0,0,4,0,7116,0.0,100,0.0,0.0,0.0,0.0,0.0,0,0,0,0,0.0,0,0,0,0,0,0,0,0,0,0,0,0,0,0,0,0,0,0,0,0,0,0,0,0,0,0,0,0,0,0,0,0,0,31,40,40,71,65476,0,300,0,0,8,21553,0.0,-107605600.0,0.0,0.0,0.0,0.0,0.0,0.0,0.0,0.0,0.0,0.0,0.0,0.0,0.0,0.0,0.0,0.0,0.0,0.0,0.0,0.0,-2.004,2.004,-0.0,-2.004,0.0,0.0,0.0,0.0,6306.0,-0.0,6929.0,0.0,0.0,2.7184303811560617e+23,0.0,0.0,0.0,0.0,0.0,69,-107615400.0,-152018152849408.0,0.0,0.0,0.0,0.0,0.0,0.0,0.0,0,0,0,0.0,0.0,0.0,0.0,0.0,0.0,0.0,0.0,0.0,0.0,0.0,0.0,0.0,0.0,0.0,0.0,0,-107875648.0,69,0.0,138,0.0,0.0,0,13107,17040,13107,17049,13107,17043,0,0,0,70,68,100,2.7302359370752657e+23,71.1,0.0,74.2,2.7302370179391762e+23,74.0,1,49,50,180,0,52429,0,0,0.0,0.0,0.0,0.0,-0.0,67.0,0.0,162057.094,0.0,750,0,739,0,0,0,721,0,766,0,736,0,742,0,741,0,712,0,7520,0.032,79456894976.0,0.0,0.0,784,16797,-0.0,162057.094,-114818.039,-0.0,0.133,6.909358625270745e+28,30.0,65.0,35,0.0,0.0,0.0,0.0,0.0,0.0,0.0,0.0,0.0,0.0,0.0,0.0,0.0,0.0,0.0,0.0,69.2,0,150,71,54,65476,0,300,0,1,8,20529,65476,0,0,40632,65.0,0.0,0.0,0.0,0.0,0.0
2026-09-04T20:45:30,ERR,ERR,ERR,ERR,ERR,ERR,ERR,ERR,ERR,ERR,ERR,ERR,ERR,ERR,ERR,ERR,ERR,ERR,ERR,ERR,ERR,ERR,ERR,ERR,ERR,ERR,ERR,ERR,ERR,ERR,ERR,ERR,ERR,ERR,ERR,ERR,ERR,ERR,ERR,ERR,ERR,ERR,ERR,ERR,ERR,ERR,ERR,ERR,ERR,ERR,ERR,ERR,ERR,ERR,ERR,ERR,ERR,ERR,ERR,ERR,ERR,ERR,ERR,ERR,ERR,ERR,ERR,ERR,ERR,ERR,ERR,ERR,ERR,ERR,ERR,ERR,ERR,ERR,ERR,ERR,ERR,ERR,ERR,ERR,ERR,ERR,ERR,ERR,ERR,ERR,ERR,ERR,ERR,ERR,ERR,ERR,ERR,ERR,ERR,ERR,ERR,ERR,ERR,ERR,ERR,ERR,ERR,ERR,ERR,ERR,ERR,ERR,ERR,ERR,ERR,ERR,ERR,ERR,ERR,ERR,ERR,ERR,ERR,ERR,ERR,0.0,0.0,0.0,0.0,0.0,1.3936040501711995e+18,7.805,0.0,0,0,4,0,7116,0.0,100,0.0,0.0,0.0,0.0,0.0,0,0,0,0,0.0,0,0,0,0,0,0,0,0,0,0,0,0,0,0,0,0,0,0,0,0,0,0,0,0,0,0,0,0,0,0,0,0,0,31,40,40,71,65476,0,300,0,0,8,21553,0.0,-107605600.0,0.0,0.0,0.0,0.0,0.0,0.0,0.0,0.0,0.0,0.0,0.0,0.0,0.0,0.0,0.0,0.0,0.0,0.0,0.0,0.0,-2.004,2.004,-0.0,-2.004,0.0,0.0,0.0,0.0,6306.0,-0.0,6929.0,0.0,0.0,2.7184303811560617e+23,0.0,0.0,0.0,0.0,0.0,69,-107615400.0,-152018152849408.0,0.0,0.0,0.0,0.0,0.0,0.0,0.0,0,0,0,0.0,0.0,0.0,0.0,0.0,0.0,0.0,0.0,0.0,0.0,0.0,0.0,0.0,0.0,0.0,0.0,0,-107875648.0,69,0.0,138,0.0,0.0,0,13107,17040,13107,17049,13107,17043,0,0,0,70,68,100,2.7302359370752657e+23,71.1,0.0,74.2,2.7302370179391762e+23,74.0,1,49,50,180,0,52429,0,0,0.0,0.0,0.0,0.0,-0.0,67.0,0.0,162057.094,0.0,750,0,739,0,0,0,721,0,766,0,736,0,742,0,741,0,712,0,7520,0.032,79456894976.0,0.0,0.0,784,16797,-0.0,162057.094,-114818.039,-0.0,0.133,6.909358625270745e+28,30.0,65.0,35,0.0,0.0,0.0,0.0,0.0,0.0,0.0,0.0,0.0,0.0,0.0,0.0,0.0,0.0,0.0,0.0,69.2,0,150,71,54,65476,0,300,0,1,8,20529,65476,0,0,40632,65.0,0.0,0.0,0.0,0.0,0.0
2026-09-04T20:45:31,ERR,ERR,ERR,ERR,ERR,ERR,ERR,ERR,ERR,ERR,ERR,ERR,ERR,ERR,ERR,ERR,ERR,ERR,ERR,ERR,ERR,ERR,ERR,ERR,ERR,ERR,ERR,ERR,ERR,ERR,ERR,ERR,ERR,ERR,ERR,ERR,ERR,ERR,ERR,ERR,ERR,ERR,ERR,ERR,ERR,ERR,ERR,ERR,ERR,ERR,ERR,ERR,ERR,ERR,ERR,ERR,ERR,ERR,ERR,ERR,ERR,ERR,ERR,ERR,ERR,ERR,ERR,ERR,ERR,ERR,ERR,ERR,ERR,ERR,ERR,ERR,ERR,ERR,ERR,ERR,ERR,ERR,ERR,ERR,ERR,ERR,ERR,ERR,ERR,ERR,ERR,ERR,ERR,ERR,ERR,ERR,ERR,ERR,ERR,ERR,ERR,ERR,ERR,ERR,ERR,ERR,ERR,ERR,ERR,ERR,ERR,ERR,ERR,ERR,ERR,ERR,ERR,ERR,ERR,ERR,ERR,ERR,ERR,ERR,ERR,0.0,0.0,0.0,0.0,0.0,1.3936040501711995e+18,7.805,0.0,0,0,4,0,7116,0.0,100,0.0,0.0,0.0,0.0,0.0,0,0,0,0,0.0,0,0,0,0,0,0,0,0,0,0,0,0,0,0,0,0,0,0,0,0,0,0,0,0,0,0,0,0,0,0,0,0,0,31,40,40,71,65476,0,300,0,0,8,21553,0.0,-107605600.0,0.0,0.0,0.0,0.0,0.0,0.0,0.0,0.0,0.0,0.0,0.0,0.0,0.0,0.0,0.0,0.0,0.0,0.0,0.0,0.0,-2.004,2.004,-0.0,-2.004,0.0,0.0,0.0,0.0,6306.0,-0.0,6929.0,0.0,0.0,2.7184303811560617e+23,0.0,0.0,0.0,0.0,0.0,69,-107615400.0,-152018152849408.0,0.0,0.0,0.0,0.0,0.0,0.0,0.0,0,0,0,0.0,0.0,0.0,0.0,0.0,0.0,0.0,0.0,0.0,0.0,0.0,0.0,0.0,0.0,0.0,0.0,0,-107875648.0,69,0.0,138,0.0,0.0,0,13107,17040,13107,17049,13107,17043,0,0,0,70,68,100,2.7302359370752657e+23,71.1,0.0,74.2,2.7302370179391762e+23,74.0,1,49,50,180,0,52429,0,0,0.0,0.0,0.0,0.0,-0.0,67.0,0.0,162057.094,0.0,750,0,739,0,0,0,721,0,766,0,736,0,742,0,741,0,712,0,7520,0.032,79456894976.0,0.0,0.0,784,16797,-0.0,162057.094,-114818.039,-0.0,0.133,6.909358625270745e+28,30.0,65.0,35,0.0,0.0,0.0,0.0,0.0,0.0,0.0,0.0,0.0,0.0,0.0,0.0,0.0,0.0,0.0,0.0,69.2,0,150,71,54,65476,0,300,0,1,8,20529,65476,0,0,40632,65.0,0.0,0.0,0.0,0.0,0.0
2026-09-04T20:45:32,ERR,ERR,ERR,ERR,ERR,ERR,ERR,ERR,ERR,ERR,ERR,ERR,ERR,ERR,ERR,ERR,ERR,ERR,ERR,ERR,ERR,ERR,ERR,ERR,ERR,ERR,ERR,ERR,ERR,ERR,ERR,ERR,ERR,ERR,ERR,ERR,ERR,ERR,ERR,ERR,ERR,ERR,ERR,ERR,ERR,ERR,ERR,ERR,ERR,ERR,ERR,ERR,ERR,ERR,ERR,ERR,ERR,ERR,ERR,ERR,ERR,ERR,ERR,ERR,ERR,ERR,ERR,ERR,ERR,ERR,ERR,ERR,ERR,ERR,ERR,ERR,ERR,ERR,ERR,ERR,ERR,ERR,ERR,ERR,ERR,ERR,ERR,ERR,ERR,ERR,ERR,ERR,ERR,ERR,ERR,ERR,ERR,ERR,ERR,ERR,ERR,ERR,ERR,ERR,ERR,ERR,ERR,ERR,ERR,ERR,ERR,ERR,ERR,ERR,ERR,ERR,ERR,ERR,ERR,ERR,ERR,ERR,ERR,ERR,ERR,0.0,0.0,0.0,0.0,0.0,1.3936040501711995e+18,7.805,0.0,0,0,4,0,7116,0.0,100,0.0,0.0,0.0,0.0,0.0,0,0,0,0,0.0,0,0,0,0,0,0,0,0,0,0,0,0,0,0,0,0,0,0,0,0,0,0,0,0,0,0,0,0,0,0,0,0,0,31,40,40,71,65476,0,300,0,0,8,21553,0.0,-107605600.0,0.0,0.0,0.0,0.0,0.0,0.0,0.0,0.0,0.0,0.0,0.0,0.0,0.0,0.0,0.0,0.0,0.0,0.0,0.0,0.0,-2.004,2.004,-0.0,-2.004,0.0,0.0,0.0,0.0,6306.0,-0.0,6929.0,0.0,0.0,2.7184303811560617e+23,0.0,0.0,0.0,0.0,0.0,69,-107615400.0,-152018152849408.0,0.0,0.0,0.0,0.0,0.0,0.0,0.0,0,0,0,0.0,0.0,0.0,0.0,0.0,0.0,0.0,0.0,0.0,0.0,0.0,0.0,0.0,0.0,0.0,0.0,0,-107875648.0,69,0.0,138,0.0,0.0,0,13107,17040,13107,17049,13107,17043,0,0,0,70,68,100,2.7302359370752657e+23,71.1,0.0,74.2,2.7302370179391762e+23,74.0,1,49,50,180,0,52429,0,0,0.0,0.0,0.0,0.0,-0.0,67.0,0.0,162057.094,0.0,750,0,739,0,0,0,721,0,766,0,736,0,742,0,741,0,712,0,7520,0.032,79456894976.0,0.0,0.0,784,16797,-0.0,162057.094,-114818.039,-0.0,0.133,6.909358625270745e+28,30.0,65.0,35,0.0,0.0,0.0,0.0,0.0,0.0,0.0,0.0,0.0,0.0,0.0,0.0,0.0,0.0,0.0,0.0,69.2,0,150,71,54,65476,0,300,0,1,8,20529,65476,0,0,40632,65.0,0.0,0.0,0.0,0.0,0.0
2026-09-04T20:45:33,ERR,ERR,ERR,ERR,ERR,ERR,ERR,ERR,ERR,ERR,ERR,ERR,ERR,ERR,ERR,ERR,ERR,ERR,ERR,ERR,ERR,ERR,ERR,ERR,ERR,ERR,ERR,ERR,ERR,ERR,ERR,ERR,ERR,ERR,ERR,ERR,ERR,ERR,ERR,ERR,ERR,ERR,ERR,ERR,ERR,ERR,ERR,ERR,ERR,ERR,ERR,ERR,ERR,ERR,ERR,ERR,ERR,ERR,ERR,ERR,ERR,ERR,ERR,ERR,ERR,ERR,ERR,ERR,ERR,ERR,ERR,ERR,ERR,ERR,ERR,ERR,ERR,ERR,ERR,ERR,ERR,ERR,ERR,ERR,ERR,ERR,ERR,ERR,ERR,ERR,ERR,ERR,ERR,ERR,ERR,ERR,ERR,ERR,ERR,ERR,ERR,ERR,ERR,ERR,ERR,ERR,ERR,ERR,ERR,ERR,ERR,ERR,ERR,ERR,ERR,ERR,ERR,ERR,ERR,ERR,ERR,ERR,ERR,ERR,ERR,0.0,0.0,0.0,0.0,0.0,1.3936040501711995e+18,7.805,0.0,0,0,4,0,7116,0.0,100,0.0,0.0,0.0,0.0,0.0,0,0,0,0,0.0,0,0,0,0,0,0,0,0,0,0,0,0,0,0,0,0,0,0,0,0,0,0,0,0,0,0,0,0,0,0,0,0,0,31,40,40,71,65476,0,300,0,0,8,21553,0.0,-107605600.0,0.0,0.0,0.0,0.0,0.0,0.0,0.0,0.0,0.0,0.0,0.0,0.0,0.0,0.0,0.0,0.0,0.0,0.0,0.0,0.0,-2.004,2.004,-0.0,-2.004,0.0,0.0,0.0,0.0,6306.0,-0.0,6929.0,0.0,0.0,2.7184303811560617e+23,0.0,0.0,0.0,0.0,0.0,69,-107615400.0,-152018152849408.0,0.0,0.0,0.0,0.0,0.0,0.0,0.0,0,0,0,0.0,0.0,0.0,0.0,0.0,0.0,0.0,0.0,0.0,0.0,0.0,0.0,0.0,0.0,0.0,0.0,0,-107875648.0,69,0.0,138,0.0,0.0,0,13107,17040,13107,17049,13107,17043,0,0,0,70,68,100,2.7302359370752657e+23,71.1,0.0,74.2,2.7302370179391762e+23,74.0,1,49,50,180,0,52429,0,0,0.0,0.0,0.0,0.0,-0.0,67.0,0.0,162057.094,0.0,750,0,739,0,0,0,721,0,766,0,736,0,742,0,741,0,712,0,7520,0.032,79456894976.0,0.0,0.0,784,16797,-0.0,162057.094,-114818.039,-0.0,0.133,6.909358625270745e+28,30.0,65.0,35,0.0,0.0,0.0,0.0,0.0,0.0,0.0,0.0,0.0,0.0,0.0,0.0,0.0,0.0,0.0,0.0,69.2,0,150,71,54,65476,0,300,0,1,8,20529,65476,0,0,40632,65.0,0.0,0.0,0.0,0.0,0.0
2026-09-04T20:45:34,ERR,ERR,ERR,ERR,ERR,ERR,ERR,ERR,ERR,ERR,ERR,ERR,ERR,ERR,ERR,ERR,ERR,ERR,ERR,ERR,ERR,ERR,ERR,ERR,ERR,ERR,ERR,ERR,ERR,ERR,ERR,ERR,ERR,ERR,ERR,ERR,ERR,ERR,ERR,ERR,ERR,ERR,ERR,ERR,ERR,ERR,ERR,ERR,ERR,ERR,ERR,ERR,ERR,ERR,ERR,ERR,ERR,ERR,ERR,ERR,ERR,ERR,ERR,ERR,ERR,ERR,ERR,ERR,ERR,ERR,ERR,ERR,ERR,ERR,ERR,ERR,ERR,ERR,ERR,ERR,ERR,ERR,ERR,ERR,ERR,ERR,ERR,ERR,ERR,ERR,ERR,ERR,ERR,ERR,ERR,ERR,ERR,ERR,ERR,ERR,ERR,ERR,ERR,ERR,ERR,ERR,ERR,ERR,ERR,ERR,ERR,ERR,ERR,ERR,ERR,ERR,ERR,ERR,ERR,ERR,ERR,ERR,ERR,ERR,ERR,0.0,0.0,0.0,0.0,0.0,1.3936040501711995e+18,7.805,0.0,0,0,4,0,7116,0.0,100,0.0,0.0,0.0,0.0,0.0,0,0,0,0,0.0,0,0,0,0,0,0,0,0,0,0,0,0,0,0,0,0,0,0,0,0,0,0,0,0,0,0,0,0,0,0,0,0,0,31,40,40,71,65476,0,300,0,0,8,21553,0.0,-107605600.0,0.0,0.0,0.0,0.0,0.0,0.0,0.0,0.0,0.0,0.0,0.0,0.0,0.0,0.0,0.0,0.0,0.0,0.0,0.0,0.0,-2.004,2.004,-0.0,-2.004,0.0,0.0,0.0,0.0,6306.0,-0.0,6929.0,0.0,0.0,2.7184303811560617e+23,0.0,0.0,0.0,0.0,0.0,69,-107615400.0,-152018152849408.0,0.0,0.0,0.0,0.0,0.0,0.0,0.0,0,0,0,0.0,0.0,0.0,0.0,0.0,0.0,0.0,0.0,0.0,0.0,0.0,0.0,0.0,0.0,0.0,0.0,0,-107875648.0,69,0.0,138,0.0,0.0,0,13107,17040,13107,17049,13107,17043,0,0,0,70,68,100,2.7302359370752657e+23,71.1,0.0,74.2,2.7302370179391762e+23,74.0,1,49,50,180,0,52429,0,0,0.0,0.0,0.0,0.0,-0.0,67.0,0.0,162057.094,0.0,750,0,739,0,0,0,721,0,766,0,735,0,742,0,741,0,712,0,7520,0.032,78920024064.0,0.0,0.0,784,16797,-0.0,162057.094,-114818.039,-0.0,0.133,6.909358625270745e+28,30.0,65.0,35,0.0,0.0,0.0,0.0,0.0,0.0,0.0,0.0,0.0,0.0,0.0,0.0,0.0,0.0,0.0,0.0,69.6,0,150,71,54,65476,0,300,0,1,8,20529,65476,0,0,40632,65.0,0.0,0.0,0.0,0.0,0.0
2026-09-04T20:45:35,ERR,ERR,ERR,ERR,ERR,ERR,ERR,ERR,ERR,ERR,ERR,ERR,ERR,ERR,ERR,ERR,ERR,ERR,ERR,ERR,ERR,ERR,ERR,ERR,ERR,ERR,ERR,ERR,ERR,ERR,ERR,ERR,ERR,ERR,ERR,ERR,ERR,ERR,ERR,ERR,ERR,ERR,ERR,ERR,ERR,ERR,ERR,ERR,ERR,ERR,ERR,ERR,ERR,ERR,ERR,ERR,ERR,ERR,ERR,ERR,ERR,ERR,ERR,ERR,ERR,ERR,ERR,ERR,ERR,ERR,ERR,ERR,ERR,ERR,ERR,ERR,ERR,ERR,ERR,ERR,ERR,ERR,ERR,ERR,ERR,ERR,ERR,ERR,ERR,ERR,ERR,ERR,ERR,ERR,ERR,ERR,ERR,ERR,ERR,ERR,ERR,ERR,ERR,ERR,ERR,ERR,ERR,ERR,ERR,ERR,ERR,ERR,ERR,ERR,ERR,ERR,ERR,ERR,ERR,ERR,ERR,ERR,ERR,ERR,ERR,0.0,0.0,0.0,0.0,0.0,1.3936040501711995e+18,7.805,0.0,0,0,4,0,7116,0.0,100,0.0,0.0,0.0,0.0,0.0,0,0,0,0,0.0,0,0,0,0,0,0,0,0,0,0,0,0,0,0,0,0,0,0,0,0,0,0,0,0,0,0,0,0,0,0,0,0,0,31,40,40,71,65476,0,300,0,0,8,21553,0.0,-107605600.0,0.0,0.0,0.0,0.0,0.0,0.0,0.0,0.0,0.0,0.0,0.0,0.0,0.0,0.0,0.0,0.0,0.0,0.0,0.0,0.0,-2.004,2.004,-0.0,-2.004,0.0,0.0,0.0,0.0,6306.0,-3.697204165615393e+19,6940.0,0.0,0.0,2.7184303811560617e+23,0.0,0.0,0.0,0.0,0.0,69,-107615400.0,89220.977,0.0,0.0,0.0,0.0,0.0,0.0,0.0,0,0,0,0.0,0.0,0.0,0.0,0.0,0.0,0.0,0.0,0.0,0.0,0.0,0.0,0.0,0.0,0.0,0.0,0,-107875648.0,69,0.0,138,0.0,-0.0,0,13107,17040,13107,17049,13107,17043,0,0,0,70,68,100,2.7302359370752657e+23,71.1,0.0,74.2,2.7302370179391762e+23,74.0,1,49,50,180,0,52429,0,0,0.0,0.0,0.0,0.0,-0.0,67.0,0.0,162057.094,0.0,750,0,739,0,0,0,721,0,766,0,735,0,742,0,741,0,712,0,7520,0.032,78920024064.0,0.0,0.0,784,16797,-0.0,162057.094,-114818.039,-0.0,0.133,6.909358625270745e+28,30.0,65.0,35,0.0,0.0,0.0,0.0,0.0,0.0,0.0,0.0,0.0,0.0,0.0,0.0,0.0,0.0,0.0,0.0,69.6,0,150,71,54,65476,0,300,0,1,8,20529,65476,0,0,40632,65.0,0.0,0.0,0.0,0.0,0.0
2026-09-04T20:45:36,ERR,ERR,ERR,ERR,ERR,ERR,ERR,ERR,ERR,ERR,ERR,ERR,ERR,ERR,ERR,ERR,ERR,ERR,ERR,ERR,ERR,ERR,ERR,ERR,ERR,ERR,ERR,ERR,ERR,ERR,ERR,ERR,ERR,ERR,ERR,ERR,ERR,ERR,ERR,ERR,ERR,ERR,ERR,ERR,ERR,ERR,ERR,ERR,ERR,ERR,ERR,ERR,ERR,ERR,ERR,ERR,ERR,ERR,ERR,ERR,ERR,ERR,ERR,ERR,ERR,ERR,ERR,ERR,ERR,ERR,ERR,ERR,ERR,ERR,ERR,ERR,ERR,ERR,ERR,ERR,ERR,ERR,ERR,ERR,ERR,ERR,ERR,ERR,ERR,ERR,ERR,ERR,ERR,ERR,ERR,ERR,ERR,ERR,ERR,ERR,ERR,ERR,ERR,ERR,ERR,ERR,ERR,ERR,ERR,ERR,ERR,ERR,ERR,ERR,ERR,ERR,ERR,ERR,ERR,ERR,ERR,ERR,ERR,ERR,ERR,0.0,0.0,0.0,0.0,0.0,1.3936040501711995e+18,7.805,0.0,0,0,4,0,7116,0.0,100,0.0,0.0,0.0,0.0,0.0,0,0,0,0,0.0,0,0,0,0,0,0,0,0,0,0,0,0,0,0,0,0,0,0,0,0,0,0,0,0,0,0,0,0,0,0,0,0,0,31,40,40,71,65476,0,300,0,0,8,21553,0.0,-107605600.0,0.0,0.0,0.0,0.0,0.0,0.0,0.0,0.0,0.0,0.0,0.0,0.0,0.0,0.0,0.0,0.0,0.0,0.0,0.0,0.0,-2.004,2.004,-0.0,-2.004,0.0,0.0,0.0,0.0,6306.0,-3.697204165615393e+19,6940.0,0.0,0.0,2.7184303811560617e+23,0.0,0.0,0.0,0.0,0.0,69,-107615400.0,89220.977,0.0,0.0,0.0,0.0,0.0,0.0,0.0,0,0,0,0.0,0.0,0.0,0.0,0.0,0.0,0.0,0.0,0.0,0.0,0.0,0.0,0.0,0.0,0.0,0.0,0,-107875648.0,69,0.0,138,0.0,-0.0,0,13107,17040,13107,17049,13107,17043,0,0,0,70,68,100,2.7302359370752657e+23,71.1,0.0,74.2,2.7302370179391762e+23,74.0,1,49,50,180,0,52429,0,0,0.0,0.0,0.0,0.0,-0.0,67.0,0.0,162057.094,0.0,750,0,739,0,0,0,721,0,766,0,735,0,742,0,741,0,712,0,7520,0.032,78920024064.0,0.0,0.0,784,16797,-0.0,162057.094,-114818.039,-0.0,0.133,6.909358625270745e+28,30.0,65.0,35,0.0,0.0,0.0,0.0,0.0,0.0,0.0,0.0,0.0,0.0,0.0,0.0,0.0,0.0,0.0,0.0,69.2,0,150,71,54,65476,0,300,0,1,8,20529,65476,0,0,40632,65.0,0.0,0.0,0.0,0.0,0.0
2026-09-04T20:45:37,ERR,ERR,ERR,ERR,ERR,ERR,ERR,ERR,ERR,ERR,ERR,ERR,ERR,ERR,ERR,ERR,ERR,ERR,ERR,ERR,ERR,ERR,ERR,ERR,ERR,ERR,ERR,ERR,ERR,ERR,ERR,ERR,ERR,ERR,ERR,ERR,ERR,ERR,ERR,ERR,ERR,ERR,ERR,ERR,ERR,ERR,ERR,ERR,ERR,ERR,ERR,ERR,ERR,ERR,ERR,ERR,ERR,ERR,ERR,ERR,ERR,ERR,ERR,ERR,ERR,ERR,ERR,ERR,ERR,ERR,ERR,ERR,ERR,ERR,ERR,ERR,ERR,ERR,ERR,ERR,ERR,ERR,ERR,ERR,ERR,ERR,ERR,ERR,ERR,ERR,ERR,ERR,ERR,ERR,ERR,ERR,ERR,ERR,ERR,ERR,ERR,ERR,ERR,ERR,ERR,ERR,ERR,ERR,ERR,ERR,ERR,ERR,ERR,ERR,ERR,ERR,ERR,ERR,ERR,ERR,ERR,ERR,ERR,ERR,ERR,0.0,0.0,0.0,0.0,0.0,1.3936040501711995e+18,7.805,0.0,0,0,4,0,7116,0.0,100,0.0,0.0,0.0,0.0,0.0,0,0,0,0,0.0,0,0,0,0,0,0,0,0,0,0,0,0,0,0,0,0,0,0,0,0,0,0,0,0,0,0,0,0,0,0,0,0,0,31,40,40,71,65476,0,300,0,0,8,21553,0.0,-107605600.0,0.0,0.0,0.0,0.0,0.0,0.0,0.0,0.0,0.0,0.0,0.0,0.0,0.0,0.0,0.0,0.0,0.0,0.0,0.0,0.0,-2.004,2.004,-0.0,-2.004,0.0,0.0,0.0,0.0,6306.0,-3.697204165615393e+19,6940.0,0.0,0.0,2.7184303811560617e+23,0.0,0.0,0.0,0.0,0.0,69,-107615400.0,89220.977,0.0,0.0,0.0,0.0,0.0,0.0,0.0,0,0,0,0.0,0.0,0.0,0.0,0.0,0.0,0.0,0.0,0.0,0.0,0.0,0.0,0.0,0.0,0.0,0.0,0,-107875648.0,69,0.0,138,0.0,-0.0,0,13107,17040,13107,17049,13107,17043,0,0,0,70,68,100,2.7302359370752657e+23,71.1,0.0,74.2,2.7302370179391762e+23,74.0,1,49,50,180,0,52429,0,0,0.0,0.0,0.0,0.0,-0.0,67.0,0.0,162057.094,0.0,750,0,739,0,0,0,721,0,766,0,735,0,742,0,741,0,712,0,7520,0.032,78920024064.0,0.0,0.0,784,16797,-0.0,162057.094,-114818.039,-0.0,0.133,6.909358625270745e+28,30.0,65.0,35,0.0,0.0,0.0,0.0,0.0,0.0,0.0,0.0,0.0,0.0,0.0,0.0,0.0,0.0,0.0,0.0,69.2,0,150,71,54,65476,0,300,0,1,8,20529,65476,0,0,40632,65.0,0.0,0.0,0.0,0.0,0.0
2026-09-04T20:45:38,ERR,ERR,ERR,ERR,ERR,ERR,ERR,ERR,ERR,ERR,ERR,ERR,ERR,ERR,ERR,ERR,ERR,ERR,ERR,ERR,ERR,ERR,ERR,ERR,ERR,ERR,ERR,ERR,ERR,ERR,ERR,ERR,ERR,ERR,ERR,ERR,ERR,ERR,ERR,ERR,ERR,ERR,ERR,ERR,ERR,ERR,ERR,ERR,ERR,ERR,ERR,ERR,ERR,ERR,ERR,ERR,ERR,ERR,ERR,ERR,ERR,ERR,ERR,ERR,ERR,ERR,ERR,ERR,ERR,ERR,ERR,ERR,ERR,ERR,ERR,ERR,ERR,ERR,ERR,ERR,ERR,ERR,ERR,ERR,ERR,ERR,ERR,ERR,ERR,ERR,ERR,ERR,ERR,ERR,ERR,ERR,ERR,ERR,ERR,ERR,ERR,ERR,ERR,ERR,ERR,ERR,ERR,ERR,ERR,ERR,ERR,ERR,ERR,ERR,ERR,ERR,ERR,ERR,ERR,ERR,ERR,ERR,ERR,ERR,ERR,0.0,0.0,0.0,0.0,0.0,1.3936040501711995e+18,7.805,0.0,0,0,4,0,7116,0.0,100,0.0,0.0,0.0,0.0,0.0,0,0,0,0,0.0,0,0,0,0,0,0,0,0,0,0,0,0,0,0,0,0,0,0,0,0,0,0,0,0,0,0,0,0,0,0,0,0,0,31,40,40,71,65476,0,300,0,0,8,21553,0.0,-107605600.0,0.0,0.0,0.0,0.0,0.0,0.0,0.0,0.0,0.0,0.0,0.0,0.0,0.0,0.0,0.0,0.0,0.0,0.0,0.0,0.0,-2.004,2.004,-0.0,-2.004,0.0,0.0,0.0,0.0,6306.0,-3.697204165615393e+19,6940.0,0.0,0.0,2.7184303811560617e+23,0.0,0.0,0.0,0.0,0.0,69,-107615400.0,89220.977,0.0,0.0,0.0,0.0,0.0,0.0,0.0,0,0,0,0.0,0.0,0.0,0.0,0.0,0.0,0.0,0.0,0.0,0.0,0.0,0.0,0.0,0.0,0.0,0.0,0,-107875648.0,69,0.0,138,0.0,-0.0,0,13107,17040,13107,17049,13107,17043,0,0,0,70,68,100,2.7302359370752657e+23,71.1,0.0,74.2,2.7302370179391762e+23,74.0,1,49,50,180,0,52429,0,0,0.0,0.0,0.0,0.0,-0.0,67.0,0.0,162057.094,0.0,750,0,739,0,0,0,721,0,766,0,735,0,742,0,741,0,712,0,7520,0.032,78920024064.0,0.0,0.0,784,16797,-0.0,162057.094,-114818.039,-0.0,0.133,6.909358625270745e+28,30.0,65.0,35,0.0,0.0,0.0,0.0,0.0,0.0,0.0,0.0,0.0,0.0,0.0,0.0,0.0,0.0,0.0,0.0,69.2,0,150,71,54,65476,0,300,0,1,8,20529,65476,0,0,40632,65.0,0.0,0.0,0.0,0.0,0.0
2026-09-04T20:45:39,ERR,ERR,ERR,ERR,ERR,ERR,ERR,ERR,ERR,ERR,ERR,ERR,ERR,ERR,ERR,ERR,ERR,ERR,ERR,ERR,ERR,ERR,ERR,ERR,ERR,ERR,ERR,ERR,ERR,ERR,ERR,ERR,ERR,ERR,ERR,ERR,ERR,ERR,ERR,ERR,ERR,ERR,ERR,ERR,ERR,ERR,ERR,ERR,ERR,ERR,ERR,ERR,ERR,ERR,ERR,ERR,ERR,ERR,ERR,ERR,ERR,ERR,ERR,ERR,ERR,ERR,ERR,ERR,ERR,ERR,ERR,ERR,ERR,ERR,ERR,ERR,ERR,ERR,ERR,ERR,ERR,ERR,ERR,ERR,ERR,ERR,ERR,ERR,ERR,ERR,ERR,ERR,ERR,ERR,ERR,ERR,ERR,ERR,ERR,ERR,ERR,ERR,ERR,ERR,ERR,ERR,ERR,ERR,ERR,ERR,ERR,ERR,ERR,ERR,ERR,ERR,ERR,ERR,ERR,ERR,ERR,ERR,ERR,ERR,ERR,0.0,0.0,0.0,0.0,0.0,1.3936040501711995e+18,7.805,0.0,0,0,4,0,7116,0.0,100,0.0,0.0,0.0,0.0,0.0,0,0,0,0,0.0,0,0,0,0,0,0,0,0,0,0,0,0,0,0,0,0,0,0,0,0,0,0,0,0,0,0,0,0,0,0,0,0,0,31,40,40,71,65476,0,300,0,0,8,21553,0.0,-107605600.0,0.0,0.0,0.0,0.0,0.0,0.0,0.0,0.0,0.0,0.0,0.0,0.0,0.0,0.0,0.0,0.0,0.0,0.0,0.0,0.0,-2.004,2.004,-0.0,-2.004,0.0,0.0,0.0,0.0,6306.0,-3.697204165615393e+19,6940.0,0.0,0.0,2.7184303811560617e+23,0.0,0.0,0.0,0.0,0.0,69,-107615400.0,89220.977,0.0,0.0,0.0,0.0,0.0,0.0,0.0,0,0,0,0.0,0.0,0.0,0.0,0.0,0.0,0.0,0.0,0.0,0.0,0.0,0.0,0.0,0.0,0.0,0.0,0,-107875648.0,69,0.0,138,0.0,-0.0,0,13107,17040,13107,17049,13107,17043,0,0,0,70,68,100,2.7302359370752657e+23,71.1,0.0,74.2,2.7302370179391762e+23,74.0,1,49,50,180,0,52429,0,0,0.0,0.0,0.0,0.0,-0.0,67.0,0.0,162057.094,0.0,750,0,739,0,0,0,721,0,766,0,735,0,742,0,741,0,712,0,7520,0.032,78920024064.0,0.0,0.0,784,16797,-0.0,162057.094,-114818.039,-0.0,0.133,6.909358625270745e+28,30.0,65.0,35,0.0,0.0,0.0,0.0,0.0,0.0,0.0,0.0,0.0,0.0,0.0,0.0,0.0,0.0,0.0,0.0,69.6,0,150,71,54,65476,0,300,0,1,8,20529,65476,0,0,40632,65.0,0.0,0.0,0.0,0.0,0.0
2026-09-04T20:45:40,ERR,ERR,ERR,ERR,ERR,ERR,ERR,ERR,ERR,ERR,ERR,ERR,ERR,ERR,ERR,ERR,ERR,ERR,ERR,ERR,ERR,ERR,ERR,ERR,ERR,ERR,ERR,ERR,ERR,ERR,ERR,ERR,ERR,ERR,ERR,ERR,ERR,ERR,ERR,ERR,ERR,ERR,ERR,ERR,ERR,ERR,ERR,ERR,ERR,ERR,ERR,ERR,ERR,ERR,ERR,ERR,ERR,ERR,ERR,ERR,ERR,ERR,ERR,ERR,ERR,ERR,ERR,ERR,ERR,ERR,ERR,ERR,ERR,ERR,ERR,ERR,ERR,ERR,ERR,ERR,ERR,ERR,ERR,ERR,ERR,ERR,ERR,ERR,ERR,ERR,ERR,ERR,ERR,ERR,ERR,ERR,ERR,ERR,ERR,ERR,ERR,ERR,ERR,ERR,ERR,ERR,ERR,ERR,ERR,ERR,ERR,ERR,ERR,ERR,ERR,ERR,ERR,ERR,ERR,ERR,ERR,ERR,ERR,ERR,ERR,0.0,0.0,0.0,0.0,0.0,1.3936040501711995e+18,7.805,0.0,0,0,4,0,7116,0.0,100,0.0,0.0,0.0,0.0,0.0,0,0,0,0,0.0,0,0,0,0,0,0,0,0,0,0,0,0,0,0,0,0,0,0,0,0,0,0,0,0,0,0,0,0,0,0,0,0,0,31,40,40,71,65476,0,300,0,0,8,21553,0.0,-107605600.0,0.0,0.0,0.0,0.0,0.0,0.0,0.0,0.0,0.0,0.0,0.0,0.0,0.0,0.0,0.0,0.0,0.0,0.0,0.0,0.0,-2.004,2.004,-0.0,-2.004,0.0,0.0,0.0,0.0,6306.0,-3.697204165615393e+19,6940.0,0.0,0.0,2.7184303811560617e+23,0.0,0.0,0.0,0.0,0.0,69,-107615400.0,89220.977,0.0,0.0,0.0,0.0,0.0,0.0,0.0,0,0,0,0.0,0.0,0.0,0.0,0.0,0.0,0.0,0.0,0.0,0.0,0.0,0.0,0.0,0.0,0.0,0.0,0,-107875648.0,69,0.0,138,0.0,-0.0,0,13107,17040,13107,17049,13107,17043,0,0,0,70,68,100,2.7302359370752657e+23,71.1,0.0,74.2,2.7302370179391762e+23,74.0,1,49,50,180,0,52429,0,0,0.0,0.0,0.0,0.0,-0.0,67.0,0.0,162057.094,0.0,750,0,739,0,0,0,721,0,766,0,736,0,742,0,741,0,712,0,7520,0.032,79993765888.0,0.0,0.0,784,16797,-0.0,162057.094,-114818.039,-0.0,0.133,6.909358625270745e+28,30.0,65.0,35,0.0,0.0,0.0,0.0,0.0,0.0,0.0,0.0,0.0,0.0,0.0,0.0,0.0,0.0,0.0,0.0,69.6,0,150,71,54,65476,0,300,0,1,8,20529,65476,0,0,40632,65.0,0.0,0.0,0.0,0.0,0.0
2026-09-04T20:45:41,ERR,ERR,ERR,ERR,ERR,ERR,ERR,ERR,ERR,ERR,ERR,ERR,ERR,ERR,ERR,ERR,ERR,ERR,ERR,ERR,ERR,ERR,ERR,ERR,ERR,ERR,ERR,ERR,ERR,ERR,ERR,ERR,ERR,ERR,ERR,ERR,ERR,ERR,ERR,ERR,ERR,ERR,ERR,ERR,ERR,ERR,ERR,ERR,ERR,ERR,ERR,ERR,ERR,ERR,ERR,ERR,ERR,ERR,ERR,ERR,ERR,ERR,ERR,ERR,ERR,ERR,ERR,ERR,ERR,ERR,ERR,ERR,ERR,ERR,ERR,ERR,ERR,ERR,ERR,ERR,ERR,ERR,ERR,ERR,ERR,ERR,ERR,ERR,ERR,ERR,ERR,ERR,ERR,ERR,ERR,ERR,ERR,ERR,ERR,ERR,ERR,ERR,ERR,ERR,ERR,ERR,ERR,ERR,ERR,ERR,ERR,ERR,ERR,ERR,ERR,ERR,ERR,ERR,ERR,ERR,ERR,ERR,ERR,ERR,ERR,0.0,0.0,0.0,0.0,0.0,1.3936040501711995e+18,7.805,0.0,0,0,4,0,7116,0.0,100,0.0,0.0,0.0,0.0,0.0,0,0,0,0,0.0,0,0,0,0,0,0,0,0,0,0,0,0,0,0,0,0,0,0,0,0,0,0,0,0,0,0,0,0,0,0,0,0,0,31,40,40,71,65476,0,300,0,0,8,21553,0.0,-107605600.0,0.0,0.0,0.0,0.0,0.0,0.0,0.0,0.0,0.0,0.0,0.0,0.0,0.0,0.0,0.0,0.0,0.0,0.0,0.0,0.0,-2.004,2.004,-0.0,-2.004,0.0,0.0,0.0,0.0,6306.0,-3.697204165615393e+19,6940.0,0.0,0.0,2.7184303811560617e+23,0.0,0.0,0.0,0.0,0.0,69,-107615400.0,89220.977,0.0,0.0,0.0,0.0,0.0,0.0,0.0,0,0,0,0.0,0.0,0.0,0.0,0.0,0.0,0.0,0.0,0.0,0.0,0.0,0.0,0.0,0.0,0.0,0.0,0,-107875648.0,69,0.0,138,0.0,-0.0,0,13107,17040,13107,17049,13107,17043,0,0,0,70,68,100,2.7302359370752657e+23,71.1,0.0,74.2,2.7302370179391762e+23,74.0,1,49,50,180,0,52429,0,0,0.0,0.0,0.0,0.0,-0.0,67.0,0.0,162057.094,0.0,750,0,739,0,0,0,721,0,766,0,736,0,742,0,741,0,712,0,7520,0.032,79993765888.0,0.0,0.0,784,16797,-0.0,162057.094,-114818.039,-0.0,0.133,6.909358625270745e+28,30.0,65.0,35,0.0,0.0,0.0,0.0,0.0,0.0,0.0,0.0,0.0,0.0,0.0,0.0,0.0,0.0,0.0,0.0,69.6,0,150,71,54,65476,0,300,0,1,8,20529,65476,0,0,40632,65.0,0.0,0.0,0.0,0.0,0.0
2026-09-04T20:45:42,ERR,ERR,ERR,ERR,ERR,ERR,ERR,ERR,ERR,ERR,ERR,ERR,ERR,ERR,ERR,ERR,ERR,ERR,ERR,ERR,ERR,ERR,ERR,ERR,ERR,ERR,ERR,ERR,ERR,ERR,ERR,ERR,ERR,ERR,ERR,ERR,ERR,ERR,ERR,ERR,ERR,ERR,ERR,ERR,ERR,ERR,ERR,ERR,ERR,ERR,ERR,ERR,ERR,ERR,ERR,ERR,ERR,ERR,ERR,ERR,ERR,ERR,ERR,ERR,ERR,ERR,ERR,ERR,ERR,ERR,ERR,ERR,ERR,ERR,ERR,ERR,ERR,ERR,ERR,ERR,ERR,ERR,ERR,ERR,ERR,ERR,ERR,ERR,ERR,ERR,ERR,ERR,ERR,ERR,ERR,ERR,ERR,ERR,ERR,ERR,ERR,ERR,ERR,ERR,ERR,ERR,ERR,ERR,ERR,ERR,ERR,ERR,ERR,ERR,ERR,ERR,ERR,ERR,ERR,ERR,ERR,ERR,ERR,ERR,ERR,0.0,0.0,0.0,0.0,0.0,1.3936040501711995e+18,7.805,0.0,0,0,4,0,7116,0.0,100,0.0,0.0,0.0,0.0,0.0,0,0,0,0,0.0,0,0,0,0,0,0,0,0,0,0,0,0,0,0,0,0,0,0,0,0,0,0,0,0,0,0,0,0,0,0,0,0,0,31,40,40,71,65476,0,300,0,0,8,21553,0.0,-107605600.0,0.0,0.0,0.0,0.0,0.0,0.0,0.0,0.0,0.0,0.0,0.0,0.0,0.0,0.0,0.0,0.0,0.0,0.0,0.0,0.0,-2.004,2.004,-0.0,-2.004,0.0,0.0,0.0,0.0,6344.0,0.0,6914.0,0.0,0.0,2.7184303811560617e+23,0.0,0.0,0.0,0.0,0.0,69,-4.066882747792088e+29,-0.0,0.0,0.0,0.0,0.0,0.0,0.0,0.0,0,0,0,0.0,0.0,0.0,0.0,0.0,0.0,0.0,0.0,0.0,0.0,0.0,0.0,0.0,0.0,0.0,0.0,0,-107875648.0,69,0.0,138,0.0,0.0,0,13107,17040,13107,17049,13107,17043,0,0,0,70,68,100,2.7302359370752657e+23,71.1,0.0,74.2,2.7302370179391762e+23,74.0,1,49,50,180,0,52429,0,0,0.0,0.0,0.0,0.0,-0.0,67.0,0.0,162057.094,0.0,750,0,739,0,0,0,721,0,766,0,736,0,742,0,741,0,712,0,7520,0.032,79993765888.0,0.0,0.0,784,16797,-0.0,162057.094,-114818.039,-0.0,0.133,6.909358625270745e+28,30.0,65.0,35,0.0,0.0,0.0,0.0,0.0,0.0,0.0,0.0,0.0,0.0,0.0,0.0,0.0,0.0,0.0,0.0,69.6,0,150,71,54,65476,0,300,0,1,8,20529,65476,0,0,40632,65.0,0.0,0.0,0.0,0.0,0.0
2026-09-04T20:45:43,ERR,ERR,ERR,ERR,ERR,ERR,ERR,ERR,ERR,ERR,ERR,ERR,ERR,ERR,ERR,ERR,ERR,ERR,ERR,ERR,ERR,ERR,ERR,ERR,ERR,ERR,ERR,ERR,ERR,ERR,ERR,ERR,ERR,ERR,ERR,ERR,ERR,ERR,ERR,ERR,ERR,ERR,ERR,ERR,ERR,ERR,ERR,ERR,ERR,ERR,ERR,ERR,ERR,ERR,ERR,ERR,ERR,ERR,ERR,ERR,ERR,ERR,ERR,ERR,ERR,ERR,ERR,ERR,ERR,ERR,ERR,ERR,ERR,ERR,ERR,ERR,ERR,ERR,ERR,ERR,ERR,ERR,ERR,ERR,ERR,ERR,ERR,ERR,ERR,ERR,ERR,ERR,ERR,ERR,ERR,ERR,ERR,ERR,ERR,ERR,ERR,ERR,ERR,ERR,ERR,ERR,ERR,ERR,ERR,ERR,ERR,ERR,ERR,ERR,ERR,ERR,ERR,ERR,ERR,ERR,ERR,ERR,ERR,ERR,ERR,0.0,0.0,0.0,0.0,0.0,1.3936040501711995e+18,7.805,0.0,0,0,4,0,7116,0.0,100,0.0,0.0,0.0,0.0,0.0,0,0,0,0,0.0,0,0,0,0,0,0,0,0,0,0,0,0,0,0,0,0,0,0,0,0,0,0,0,0,0,0,0,0,0,0,0,0,0,31,40,40,71,65476,0,300,0,0,8,21553,0.0,-107605600.0,0.0,0.0,0.0,0.0,0.0,0.0,0.0,0.0,0.0,0.0,0.0,0.0,0.0,0.0,0.0,0.0,0.0,0.0,0.0,0.0,-2.004,2.004,-0.0,-2.004,0.0,0.0,0.0,0.0,6344.0,0.0,6914.0,0.0,0.0,2.7184303811560617e+23,0.0,0.0,0.0,0.0,0.0,69,-4.066882747792088e+29,-0.0,0.0,0.0,0.0,0.0,0.0,0.0,0.0,0,0,0,0.0,0.0,0.0,0.0,0.0,0.0,0.0,0.0,0.0,0.0,0.0,0.0,0.0,0.0,0.0,0.0,0,-107875648.0,69,0.0,138,0.0,0.0,0,13107,17040,13107,17049,13107,17043,0,0,0,70,68,100,2.7302359370752657e+23,71.1,0.0,74.2,2.7302370179391762e+23,74.0,1,49,50,180,0,52429,0,0,0.0,0.0,0.0,0.0,-0.0,67.0,0.0,162057.094,0.0,750,0,739,0,0,0,721,0,766,0,736,0,742,0,741,0,712,0,7520,0.032,79993765888.0,0.0,0.0,784,16797,-0.0,162057.094,-114818.039,-0.0,0.133,6.909358625270745e+28,30.0,65.0,35,0.0,0.0,0.0,0.0,0.0,0.0,0.0,0.0,0.0,0.0,0.0,0.0,0.0,0.0,0.0,0.0,69.6,0,150,71,54,65476,0,300,0,1,8,20529,65476,0,0,40632,65.0,0.0,0.0,0.0,0.0,0.0
2026-09-04T20:45:44,ERR,ERR,ERR,ERR,ERR,ERR,ERR,ERR,ERR,ERR,ERR,ERR,ERR,ERR,ERR,ERR,ERR,ERR,ERR,ERR,ERR,ERR,ERR,ERR,ERR,ERR,ERR,ERR,ERR,ERR,ERR,ERR,ERR,ERR,ERR,ERR,ERR,ERR,ERR,ERR,ERR,ERR,ERR,ERR,ERR,ERR,ERR,ERR,ERR,ERR,ERR,ERR,ERR,ERR,ERR,ERR,ERR,ERR,ERR,ERR,ERR,ERR,ERR,ERR,ERR,ERR,ERR,ERR,ERR,ERR,ERR,ERR,ERR,ERR,ERR,ERR,ERR,ERR,ERR,ERR,ERR,ERR,ERR,ERR,ERR,ERR,ERR,ERR,ERR,ERR,ERR,ERR,ERR,ERR,ERR,ERR,ERR,ERR,ERR,ERR,ERR,ERR,ERR,ERR,ERR,ERR,ERR,ERR,ERR,ERR,ERR,ERR,ERR,ERR,ERR,ERR,ERR,ERR,ERR,ERR,ERR,ERR,ERR,ERR,ERR,0.0,0.0,0.0,0.0,0.0,1.3936040501711995e+18,7.805,0.0,0,0,4,0,7116,0.0,100,0.0,0.0,0.0,0.0,0.0,0,0,0,0,0.0,0,0,0,0,0,0,0,0,0,0,0,0,0,0,0,0,0,0,0,0,0,0,0,0,0,0,0,0,0,0,0,0,0,31,40,40,71,65476,0,300,0,0,8,21553,0.0,-107605600.0,0.0,0.0,0.0,0.0,0.0,0.0,0.0,0.0,0.0,0.0,0.0,0.0,0.0,0.0,0.0,0.0,0.0,0.0,0.0,0.0,-2.004,2.004,-0.0,-2.004,0.0,0.0,0.0,0.0,6344.0,0.0,6914.0,0.0,0.0,2.7184303811560617e+23,0.0,0.0,0.0,0.0,0.0,69,-4.066882747792088e+29,-0.0,0.0,0.0,0.0,0.0,0.0,0.0,0.0,0,0,0,0.0,0.0,0.0,0.0,0.0,0.0,0.0,0.0,0.0,0.0,0.0,0.0,0.0,0.0,0.0,0.0,0,-107875648.0,69,0.0,138,0.0,0.0,0,13107,17040,13107,17049,13107,17043,0,0,0,70,68,100,2.7302359370752657e+23,71.1,0.0,74.2,2.7302370179391762e+23,74.0,1,49,50,180,0,52429,0,0,0.0,0.0,0.0,0.0,-0.0,67.0,0.0,162057.094,0.0,750,0,739,0,0,0,721,0,766,0,736,0,742,0,741,0,712,0,7520,0.032,79993765888.0,0.0,0.0,784,16797,-0.0,162057.094,-114818.039,-0.0,0.133,6.909358625270745e+28,30.0,65.0,35,0.0,0.0,0.0,0.0,0.0,0.0,0.0,0.0,0.0,0.0,0.0,0.0,0.0,0.0,0.0,0.0,69.2,0,150,71,54,65476,0,300,0,1,8,20529,65476,0,0,40632,65.0,0.0,0.0,0.0,0.0,0.0
2026-09-04T20:45:45,ERR,ERR,ERR,ERR,ERR,ERR,ERR,ERR,ERR,ERR,ERR,ERR,ERR,ERR,ERR,ERR,ERR,ERR,ERR,ERR,ERR,ERR,ERR,ERR,ERR,ERR,ERR,ERR,ERR,ERR,ERR,ERR,ERR,ERR,ERR,ERR,ERR,ERR,ERR,ERR,ERR,ERR,ERR,ERR,ERR,ERR,ERR,ERR,ERR,ERR,ERR,ERR,ERR,ERR,ERR,ERR,ERR,ERR,ERR,ERR,ERR,ERR,ERR,ERR,ERR,ERR,ERR,ERR,ERR,ERR,ERR,ERR,ERR,ERR,ERR,ERR,ERR,ERR,ERR,ERR,ERR,ERR,ERR,ERR,ERR,ERR,ERR,ERR,ERR,ERR,ERR,ERR,ERR,ERR,ERR,ERR,ERR,ERR,ERR,ERR,ERR,ERR,ERR,ERR,ERR,ERR,ERR,ERR,ERR,ERR,ERR,ERR,ERR,ERR,ERR,ERR,ERR,ERR,ERR,ERR,ERR,ERR,ERR,ERR,ERR,0.0,0.0,0.0,0.0,0.0,1.3936040501711995e+18,7.805,0.0,0,0,4,0,7116,0.0,100,0.0,0.0,0.0,0.0,0.0,0,0,0,0,0.0,0,0,0,0,0,0,0,0,0,0,0,0,0,0,0,0,0,0,0,0,0,0,0,0,0,0,0,0,0,0,0,0,0,31,40,40,71,65476,0,300,0,0,8,21553,0.0,-107605600.0,0.0,0.0,0.0,0.0,0.0,0.0,0.0,0.0,0.0,0.0,0.0,0.0,0.0,0.0,0.0,0.0,0.0,0.0,0.0,0.0,-2.004,2.004,-0.0,-2.004,0.0,0.0,0.0,0.0,6344.0,0.0,6914.0,0.0,0.0,2.7184303811560617e+23,0.0,0.0,0.0,0.0,0.0,69,-4.066882747792088e+29,-0.0,0.0,0.0,0.0,0.0,0.0,0.0,0.0,0,0,0,0.0,0.0,0.0,0.0,0.0,0.0,0.0,0.0,0.0,0.0,0.0,0.0,0.0,0.0,0.0,0.0,0,-107875648.0,69,0.0,138,0.0,0.0,0,13107,17040,13107,17049,13107,17043,0,0,0,70,68,100,2.7302359370752657e+23,71.1,0.0,74.2,2.7302370179391762e+23,74.0,1,49,50,180,0,52429,0,0,0.0,0.0,0.0,0.0,-0.0,67.0,0.0,162057.094,0.0,750,0,739,0,0,0,721,0,766,0,736,0,742,0,739,0,712,0,7520,0.032,79456894976.0,0.0,0.0,784,16797,-0.0,162057.094,-114818.039,-0.0,0.133,6.909358625270745e+28,30.0,65.0,35,0.0,0.0,0.0,0.0,0.0,0.0,0.0,0.0,0.0,0.0,0.0,0.0,0.0,0.0,0.0,0.0,69.2,0,150,71,54,65476,0,300,0,1,8,20529,65476,0,0,40632,65.0,0.0,0.0,0.0,0.0,0.0
2026-09-04T20:45:46,ERR,ERR,ERR,ERR,ERR,ERR,ERR,ERR,ERR,ERR,ERR,ERR,ERR,ERR,ERR,ERR,ERR,ERR,ERR,ERR,ERR,ERR,ERR,ERR,ERR,ERR,ERR,ERR,ERR,ERR,ERR,ERR,ERR,ERR,ERR,ERR,ERR,ERR,ERR,ERR,ERR,ERR,ERR,ERR,ERR,ERR,ERR,ERR,ERR,ERR,ERR,ERR,ERR,ERR,ERR,ERR,ERR,ERR,ERR,ERR,ERR,ERR,ERR,ERR,ERR,ERR,ERR,ERR,ERR,ERR,ERR,ERR,ERR,ERR,ERR,ERR,ERR,ERR,ERR,ERR,ERR,ERR,ERR,ERR,ERR,ERR,ERR,ERR,ERR,ERR,ERR,ERR,ERR,ERR,ERR,ERR,ERR,ERR,ERR,ERR,ERR,ERR,ERR,ERR,ERR,ERR,ERR,ERR,ERR,ERR,ERR,ERR,ERR,ERR,ERR,ERR,ERR,ERR,ERR,ERR,ERR,ERR,ERR,ERR,ERR,0.0,0.0,0.0,0.0,0.0,1.3936040501711995e+18,7.805,0.0,0,0,4,0,7116,0.0,100,0.0,0.0,0.0,0.0,0.0,0,0,0,0,0.0,0,0,0,0,0,0,0,0,0,0,0,0,0,0,0,0,0,0,0,0,0,0,0,0,0,0,0,0,0,0,0,0,0,31,40,40,71,65476,0,300,0,0,8,21553,0.0,-107605600.0,0.0,0.0,0.0,0.0,0.0,0.0,0.0,0.0,0.0,0.0,0.0,0.0,0.0,0.0,0.0,0.0,0.0,0.0,0.0,0.0,-2.004,2.004,-0.0,-2.004,0.0,0.0,0.0,0.0,6344.0,0.0,6914.0,0.0,0.0,2.7184303811560617e+23,0.0,0.0,0.0,0.0,0.0,69,-4.066882747792088e+29,-0.0,0.0,0.0,0.0,0.0,0.0,0.0,0.0,0,0,0,0.0,0.0,0.0,0.0,0.0,0.0,0.0,0.0,0.0,0.0,0.0,0.0,0.0,0.0,0.0,0.0,0,-107875648.0,69,0.0,138,0.0,0.0,0,13107,17040,13107,17049,13107,17043,0,0,0,70,68,100,2.7302359370752657e+23,71.1,0.0,74.2,2.7302370179391762e+23,74.0,1,49,50,180,0,52429,0,0,0.0,0.0,0.0,0.0,-0.0,67.0,0.0,162057.094,0.0,750,0,739,0,0,0,721,0,766,0,736,0,742,0,739,0,712,0,7520,0.032,79456894976.0,0.0,0.0,784,16797,-0.0,162057.094,-114818.039,-0.0,0.133,6.909358625270745e+28,30.0,65.0,35,0.0,0.0,0.0,0.0,0.0,0.0,0.0,0.0,0.0,0.0,0.0,0.0,0.0,0.0,0.0,0.0,69.6,0,150,71,54,65476,0,300,0,1,8,20529,65476,0,0,40632,65.0,0.0,0.0,0.0,0.0,0.0
2026-09-04T20:45:47,ERR,ERR,ERR,ERR,ERR,ERR,ERR,ERR,ERR,ERR,ERR,ERR,ERR,ERR,ERR,ERR,ERR,ERR,ERR,ERR,ERR,ERR,ERR,ERR,ERR,ERR,ERR,ERR,ERR,ERR,ERR,ERR,ERR,ERR,ERR,ERR,ERR,ERR,ERR,ERR,ERR,ERR,ERR,ERR,ERR,ERR,ERR,ERR,ERR,ERR,ERR,ERR,ERR,ERR,ERR,ERR,ERR,ERR,ERR,ERR,ERR,ERR,ERR,ERR,ERR,ERR,ERR,ERR,ERR,ERR,ERR,ERR,ERR,ERR,ERR,ERR,ERR,ERR,ERR,ERR,ERR,ERR,ERR,ERR,ERR,ERR,ERR,ERR,ERR,ERR,ERR,ERR,ERR,ERR,ERR,ERR,ERR,ERR,ERR,ERR,ERR,ERR,ERR,ERR,ERR,ERR,ERR,ERR,ERR,ERR,ERR,ERR,ERR,ERR,ERR,ERR,ERR,ERR,ERR,ERR,ERR,ERR,ERR,ERR,ERR,0.0,0.0,0.0,0.0,0.0,1.3936040501711995e+18,7.805,0.0,0,0,4,0,7116,0.0,100,0.0,0.0,0.0,0.0,0.0,0,0,0,0,0.0,0,0,0,0,0,0,0,0,0,0,0,0,0,0,0,0,0,0,0,0,0,0,0,0,0,0,0,0,0,0,0,0,0,31,40,40,71,65476,0,300,0,0,8,21553,0.0,-107605600.0,0.0,0.0,0.0,0.0,0.0,0.0,0.0,0.0,0.0,0.0,0.0,0.0,0.0,0.0,0.0,0.0,0.0,0.0,0.0,0.0,-2.004,2.004,-0.0,-2.004,0.0,0.0,0.0,0.0,6344.0,0.0,6914.0,0.0,0.0,2.7184303811560617e+23,0.0,0.0,0.0,0.0,0.0,69,-4.066882747792088e+29,-0.0,0.0,0.0,0.0,0.0,0.0,0.0,0.0,0,0,0,0.0,0.0,0.0,0.0,0.0,0.0,0.0,0.0,0.0,0.0,0.0,0.0,0.0,0.0,0.0,0.0,0,-107875648.0,69,0.0,138,0.0,0.0,0,13107,17040,13107,17049,13107,17043,0,0,0,70,68,100,2.7302359370752657e+23,71.1,0.0,74.2,2.7302370179391762e+23,74.0,1,49,50,180,0,52429,0,0,0.0,0.0,0.0,0.0,-0.0,67.0,0.0,162057.094,0.0,750,0,739,0,0,0,721,0,766,0,736,0,742,0,739,0,712,0,7520,0.032,79456894976.0,0.0,0.0,784,16797,-0.0,162057.094,-114818.039,-0.0,0.133,6.909358625270745e+28,30.0,65.0,35,0.0,0.0,0.0,0.0,0.0,0.0,0.0,0.0,0.0,0.0,0.0,0.0,0.0,0.0,0.0,0.0,69.6,0,150,71,54,65476,0,300,0,1,8,20529,65476,0,0,40632,65.0,0.0,0.0,0.0,0.0,0.0
2026-09-04T20:45:48,ERR,ERR,ERR,ERR,ERR,ERR,ERR,ERR,ERR,ERR,ERR,ERR,ERR,ERR,ERR,ERR,ERR,ERR,ERR,ERR,ERR,ERR,ERR,ERR,ERR,ERR,ERR,ERR,ERR,ERR,ERR,ERR,ERR,ERR,ERR,ERR,ERR,ERR,ERR,ERR,ERR,ERR,ERR,ERR,ERR,ERR,ERR,ERR,ERR,ERR,ERR,ERR,ERR,ERR,ERR,ERR,ERR,ERR,ERR,ERR,ERR,ERR,ERR,ERR,ERR,ERR,ERR,ERR,ERR,ERR,ERR,ERR,ERR,ERR,ERR,ERR,ERR,ERR,ERR,ERR,ERR,ERR,ERR,ERR,ERR,ERR,ERR,ERR,ERR,ERR,ERR,ERR,ERR,ERR,ERR,ERR,ERR,ERR,ERR,ERR,ERR,ERR,ERR,ERR,ERR,ERR,ERR,ERR,ERR,ERR,ERR,ERR,ERR,ERR,ERR,ERR,ERR,ERR,ERR,ERR,ERR,ERR,ERR,ERR,ERR,0.0,0.0,0.0,0.0,0.0,1.3936040501711995e+18,7.805,0.0,0,0,4,0,7116,0.0,100,0.0,0.0,0.0,0.0,0.0,0,0,0,0,0.0,0,0,0,0,0,0,0,0,0,0,0,0,0,0,0,0,0,0,0,0,0,0,0,0,0,0,0,0,0,0,0,0,0,31,40,40,71,65476,0,300,0,0,8,21553,0.0,-107605600.0,0.0,0.0,0.0,0.0,0.0,0.0,0.0,0.0,0.0,0.0,0.0,0.0,0.0,0.0,0.0,0.0,0.0,0.0,0.0,0.0,-2.004,2.004,-0.0,-2.004,0.0,0.0,0.0,0.0,6344.0,0.0,6914.0,0.0,0.0,2.7184303811560617e+23,0.0,0.0,0.0,0.0,0.0,69,-4.066882747792088e+29,-0.0,0.0,0.0,0.0,0.0,0.0,0.0,0.0,0,0,0,0.0,0.0,0.0,0.0,0.0,0.0,0.0,0.0,0.0,0.0,0.0,0.0,0.0,0.0,0.0,0.0,0,-107875648.0,69,0.0,138,0.0,0.0,0,13107,17040,13107,17049,13107,17043,0,0,0,70,68,100,2.7302359370752657e+23,71.1,0.0,74.2,2.7302370179391762e+23,74.0,1,49,50,180,0,52429,0,0,0.0,0.0,0.0,0.0,-0.0,67.0,0.0,162057.094,0.0,750,0,739,0,0,0,721,0,766,0,736,0,742,0,739,0,712,0,7520,0.032,79456894976.0,0.0,0.0,784,16797,-0.0,162057.094,-114818.039,-0.0,0.133,6.909358625270745e+28,30.0,65.0,35,0.0,0.0,0.0,0.0,0.0,0.0,0.0,0.0,0.0,0.0,0.0,0.0,0.0,0.0,0.0,0.0,69.6,0,150,71,54,65476,0,300,0,1,8,20529,65476,0,0,40632,65.0,0.0,0.0,0.0,0.0,0.0
2026-09-04T20:45:49,ERR,ERR,ERR,ERR,ERR,ERR,ERR,ERR,ERR,ERR,ERR,ERR,ERR,ERR,ERR,ERR,ERR,ERR,ERR,ERR,ERR,ERR,ERR,ERR,ERR,ERR,ERR,ERR,ERR,ERR,ERR,ERR,ERR,ERR,ERR,ERR,ERR,ERR,ERR,ERR,ERR,ERR,ERR,ERR,ERR,ERR,ERR,ERR,ERR,ERR,ERR,ERR,ERR,ERR,ERR,ERR,ERR,ERR,ERR,ERR,ERR,ERR,ERR,ERR,ERR,ERR,ERR,ERR,ERR,ERR,ERR,ERR,ERR,ERR,ERR,ERR,ERR,ERR,ERR,ERR,ERR,ERR,ERR,ERR,ERR,ERR,ERR,ERR,ERR,ERR,ERR,ERR,ERR,ERR,ERR,ERR,ERR,ERR,ERR,ERR,ERR,ERR,ERR,ERR,ERR,ERR,ERR,ERR,ERR,ERR,ERR,ERR,ERR,ERR,ERR,ERR,ERR,ERR,ERR,ERR,ERR,ERR,ERR,ERR,ERR,0.0,0.0,0.0,0.0,0.0,1.3936040501711995e+18,7.805,0.0,0,0,4,0,7116,0.0,100,0.0,0.0,0.0,0.0,0.0,0,0,0,0,0.0,0,0,0,0,0,0,0,0,0,0,0,0,0,0,0,0,0,0,0,0,0,0,0,0,0,0,0,0,0,0,0,0,0,31,40,40,71,65476,0,300,0,0,8,21553,0.0,-107605600.0,0.0,0.0,0.0,0.0,0.0,0.0,0.0,0.0,0.0,0.0,0.0,0.0,0.0,0.0,0.0,0.0,0.0,0.0,0.0,0.0,-2.004,2.004,-0.0,-2.004,0.0,0.0,0.0,0.0,6344.0,0.0,6914.0,0.0,0.0,2.7184303811560617e+23,0.0,0.0,0.0,0.0,0.0,69,-4.066882747792088e+29,-0.0,0.0,0.0,0.0,0.0,0.0,0.0,0.0,0,0,0,0.0,0.0,0.0,0.0,0.0,0.0,0.0,0.0,0.0,0.0,0.0,0.0,0.0,0.0,0.0,0.0,0,-107875648.0,69,0.0,138,0.0,0.0,0,13107,17040,13107,17049,13107,17043,0,0,0,70,68,100,2.7302359370752657e+23,71.1,0.0,74.2,2.7302370179391762e+23,74.0,1,49,50,180,0,52429,0,0,0.0,0.0,0.0,0.0,-0.0,67.0,0.0,162057.094,0.0,750,0,739,0,0,0,721,0,766,0,736,0,742,0,739,0,712,0,7520,0.032,79456894976.0,0.0,0.0,784,16797,-0.0,162057.094,-114818.039,-0.0,0.133,6.909358625270745e+28,30.0,65.0,35,0.0,0.0,0.0,0.0,0.0,0.0,0.0,0.0,0.0,0.0,0.0,0.0,0.0,0.0,0.0,0.0,69.2,0,150,71,54,65476,0,300,0,1,8,20529,65476,0,0,40632,65.0,0.0,0.0,0.0,0.0,0.0
2026-09-04T20:45:50,ERR,ERR,ERR,ERR,ERR,ERR,ERR,ERR,ERR,ERR,ERR,ERR,ERR,ERR,ERR,ERR,ERR,ERR,ERR,ERR,ERR,ERR,ERR,ERR,ERR,ERR,ERR,ERR,ERR,ERR,ERR,ERR,ERR,ERR,ERR,ERR,ERR,ERR,ERR,ERR,ERR,ERR,ERR,ERR,ERR,ERR,ERR,ERR,ERR,ERR,ERR,ERR,ERR,ERR,ERR,ERR,ERR,ERR,ERR,ERR,ERR,ERR,ERR,ERR,ERR,ERR,ERR,ERR,ERR,ERR,ERR,ERR,ERR,ERR,ERR,ERR,ERR,ERR,ERR,ERR,ERR,ERR,ERR,ERR,ERR,ERR,ERR,ERR,ERR,ERR,ERR,ERR,ERR,ERR,ERR,ERR,ERR,ERR,ERR,ERR,ERR,ERR,ERR,ERR,ERR,ERR,ERR,ERR,ERR,ERR,ERR,ERR,ERR,ERR,ERR,ERR,ERR,ERR,ERR,ERR,ERR,ERR,ERR,ERR,ERR,0.0,0.0,0.0,0.0,0.0,1.3936040501711995e+18,7.805,0.0,0,0,4,0,7116,0.0,100,0.0,0.0,0.0,0.0,0.0,0,0,0,0,0.0,0,0,0,0,0,0,0,0,0,0,0,0,0,0,0,0,0,0,0,0,0,0,0,0,0,0,0,0,0,0,0,0,0,31,40,40,71,65476,0,300,0,0,8,21553,0.0,-107605600.0,0.0,0.0,0.0,0.0,0.0,0.0,0.0,0.0,0.0,0.0,0.0,0.0,0.0,0.0,0.0,0.0,0.0,0.0,0.0,0.0,-2.004,2.004,-0.0,-2.004,0.0,0.0,0.0,0.0,6342.0,0.0,6918.0,0.0,0.0,2.7184303811560617e+23,0.0,0.0,0.0,0.0,0.0,69,-2.3088415973249647e+20,-0.0,0.0,0.0,0.0,0.0,0.0,0.0,0.0,0,0,0,0.0,0.0,0.0,0.0,0.0,0.0,0.0,0.0,0.0,0.0,0.0,0.0,0.0,0.0,0.0,0.0,0,-107875648.0,69,0.0,138,0.0,0.0,0,13107,17040,13107,17049,13107,17043,0,0,0,70,68,100,2.7302359370752657e+23,71.1,0.0,74.2,2.7302370179391762e+23,74.0,1,49,50,180,0,52429,0,0,0.0,0.0,0.0,0.0,-0.0,67.0,0.0,162057.094,0.0,750,0,739,0,0,0,721,0,766,0,736,0,742,0,739,0,712,0,7520,0.032,79456894976.0,0.0,0.0,784,16797,-0.0,162057.094,-114818.039,-0.0,0.133,6.909358625270745e+28,30.0,65.0,35,0.0,0.0,0.0,0.0,0.0,0.0,0.0,0.0,0.0,0.0,0.0,0.0,0.0,0.0,0.0,0.0,69.2,0,150,71,54,65476,0,300,0,1,8,20529,65476,0,0,40632,65.0,0.0,0.0,0.0,0.0,0.0
2026-09-04T20:45:51,ERR,ERR,ERR,ERR,ERR,ERR,ERR,ERR,ERR,ERR,ERR,ERR,ERR,ERR,ERR,ERR,ERR,ERR,ERR,ERR,ERR,ERR,ERR,ERR,ERR,ERR,ERR,ERR,ERR,ERR,ERR,ERR,ERR,ERR,ERR,ERR,ERR,ERR,ERR,ERR,ERR,ERR,ERR,ERR,ERR,ERR,ERR,ERR,ERR,ERR,ERR,ERR,ERR,ERR,ERR,ERR,ERR,ERR,ERR,ERR,ERR,ERR,ERR,ERR,ERR,ERR,ERR,ERR,ERR,ERR,ERR,ERR,ERR,ERR,ERR,ERR,ERR,ERR,ERR,ERR,ERR,ERR,ERR,ERR,ERR,ERR,ERR,ERR,ERR,ERR,ERR,ERR,ERR,ERR,ERR,ERR,ERR,ERR,ERR,ERR,ERR,ERR,ERR,ERR,ERR,ERR,ERR,ERR,ERR,ERR,ERR,ERR,ERR,ERR,ERR,ERR,ERR,ERR,ERR,ERR,ERR,ERR,ERR,ERR,ERR,0.0,0.0,0.0,0.0,0.0,1.3936040501711995e+18,7.805,0.0,0,0,4,0,7116,0.0,100,0.0,0.0,0.0,0.0,0.0,0,0,0,0,0.0,0,0,0,0,0,0,0,0,0,0,0,0,0,0,0,0,0,0,0,0,0,0,0,0,0,0,0,0,0,0,0,0,0,31,40,40,71,65476,0,300,0,0,8,21553,0.0,-107605600.0,0.0,0.0,0.0,0.0,0.0,0.0,0.0,0.0,0.0,0.0,0.0,0.0,0.0,0.0,0.0,0.0,0.0,0.0,0.0,0.0,-2.004,2.004,-0.0,-2.004,0.0,0.0,0.0,0.0,6342.0,0.0,6918.0,0.0,0.0,2.7184303811560617e+23,0.0,0.0,0.0,0.0,0.0,69,-2.3088415973249647e+20,-0.0,0.0,0.0,0.0,0.0,0.0,0.0,0.0,0,0,0,0.0,0.0,0.0,0.0,0.0,0.0,0.0,0.0,0.0,0.0,0.0,0.0,0.0,0.0,0.0,0.0,0,-107875648.0,69,0.0,138,0.0,0.0,0,13107,17040,13107,17049,13107,17043,0,0,0,70,68,100,2.7302359370752657e+23,71.1,0.0,74.2,2.7302370179391762e+23,74.0,1,49,50,180,0,52429,0,0,0.0,0.0,0.0,0.0,-0.0,67.0,0.0,162057.094,0.0,750,0,739,0,0,0,721,0,766,0,736,0,742,0,741,0,712,0,7520,0.032,79456894976.0,0.0,0.0,784,16797,-0.0,162057.094,-114818.039,-0.0,0.133,6.909358625270745e+28,30.0,65.0,35,0.0,0.0,0.0,0.0,0.0,0.0,0.0,0.0,0.0,0.0,0.0,0.0,0.0,0.0,0.0,0.0,69.2,0,150,71,54,65476,0,300,0,1,8,20529,65476,0,0,40632,65.0,0.0,0.0,0.0,0.0,0.0
2026-09-04T20:45:52,ERR,ERR,ERR,ERR,ERR,ERR,ERR,ERR,ERR,ERR,ERR,ERR,ERR,ERR,ERR,ERR,ERR,ERR,ERR,ERR,ERR,ERR,ERR,ERR,ERR,ERR,ERR,ERR,ERR,ERR,ERR,ERR,ERR,ERR,ERR,ERR,ERR,ERR,ERR,ERR,ERR,ERR,ERR,ERR,ERR,ERR,ERR,ERR,ERR,ERR,ERR,ERR,ERR,ERR,ERR,ERR,ERR,ERR,ERR,ERR,ERR,ERR,ERR,ERR,ERR,ERR,ERR,ERR,ERR,ERR,ERR,ERR,ERR,ERR,ERR,ERR,ERR,ERR,ERR,ERR,ERR,ERR,ERR,ERR,ERR,ERR,ERR,ERR,ERR,ERR,ERR,ERR,ERR,ERR,ERR,ERR,ERR,ERR,ERR,ERR,ERR,ERR,ERR,ERR,ERR,ERR,ERR,ERR,ERR,ERR,ERR,ERR,ERR,ERR,ERR,ERR,ERR,ERR,ERR,ERR,ERR,ERR,ERR,ERR,ERR,0.0,0.0,0.0,0.0,0.0,1.3936040501711995e+18,7.805,0.0,0,0,4,0,7116,0.0,100,0.0,0.0,0.0,0.0,0.0,0,0,0,0,0.0,0,0,0,0,0,0,0,0,0,0,0,0,0,0,0,0,0,0,0,0,0,0,0,0,0,0,0,0,0,0,0,0,0,31,40,40,71,65476,0,300,0,0,8,21553,0.0,-107605600.0,0.0,0.0,0.0,0.0,0.0,0.0,0.0,0.0,0.0,0.0,0.0,0.0,0.0,0.0,0.0,0.0,0.0,0.0,0.0,0.0,-2.004,2.004,-0.0,-2.004,0.0,0.0,0.0,0.0,6342.0,0.0,6918.0,0.0,0.0,2.7184303811560617e+23,0.0,0.0,0.0,0.0,0.0,69,-2.3088415973249647e+20,-0.0,0.0,0.0,0.0,0.0,0.0,0.0,0.0,0,0,0,0.0,0.0,0.0,0.0,0.0,0.0,0.0,0.0,0.0,0.0,0.0,0.0,0.0,0.0,0.0,0.0,0,-107875648.0,69,0.0,138,0.0,0.0,0,13107,17040,13107,17049,13107,17043,0,0,0,70,68,100,2.7302359370752657e+23,71.1,0.0,74.2,2.7302370179391762e+23,74.0,1,49,50,180,0,52429,0,0,0.0,0.0,0.0,0.0,-0.0,67.0,0.0,162057.094,0.0,750,0,739,0,0,0,721,0,766,0,736,0,742,0,741,0,712,0,7520,0.032,79456894976.0,0.0,0.0,784,16797,-0.0,162057.094,-114818.039,-0.0,0.133,6.909358625270745e+28,30.0,65.0,35,0.0,0.0,0.0,0.0,0.0,0.0,0.0,0.0,0.0,0.0,0.0,0.0,0.0,0.0,0.0,0.0,69.2,0,150,71,54,65476,0,300,0,1,8,20529,65476,0,0,40632,65.0,0.0,0.0,0.0,0.0,0.0
2026-09-04T20:45:53,ERR,ERR,ERR,ERR,ERR,ERR,ERR,ERR,ERR,ERR,ERR,ERR,ERR,ERR,ERR,ERR,ERR,ERR,ERR,ERR,ERR,ERR,ERR,ERR,ERR,ERR,ERR,ERR,ERR,ERR,ERR,ERR,ERR,ERR,ERR,ERR,ERR,ERR,ERR,ERR,ERR,ERR,ERR,ERR,ERR,ERR,ERR,ERR,ERR,ERR,ERR,ERR,ERR,ERR,ERR,ERR,ERR,ERR,ERR,ERR,ERR,ERR,ERR,ERR,ERR,ERR,ERR,ERR,ERR,ERR,ERR,ERR,ERR,ERR,ERR,ERR,ERR,ERR,ERR,ERR,ERR,ERR,ERR,ERR,ERR,ERR,ERR,ERR,ERR,ERR,ERR,ERR,ERR,ERR,ERR,ERR,ERR,ERR,ERR,ERR,ERR,ERR,ERR,ERR,ERR,ERR,ERR,ERR,ERR,ERR,ERR,ERR,ERR,ERR,ERR,ERR,ERR,ERR,ERR,ERR,ERR,ERR,ERR,ERR,ERR,0.0,0.0,0.0,0.0,0.0,1.3936040501711995e+18,7.805,0.0,0,0,4,0,7116,0.0,100,0.0,0.0,0.0,0.0,0.0,0,0,0,0,0.0,0,0,0,0,0,0,0,0,0,0,0,0,0,0,0,0,0,0,0,0,0,0,0,0,0,0,0,0,0,0,0,0,0,31,40,40,71,65476,0,300,0,0,8,21553,0.0,-107605600.0,0.0,0.0,0.0,0.0,0.0,0.0,0.0,0.0,0.0,0.0,0.0,0.0,0.0,0.0,0.0,0.0,0.0,0.0,0.0,0.0,-2.004,2.004,-0.0,-2.004,0.0,0.0,0.0,0.0,6342.0,0.0,6918.0,0.0,0.0,2.7184303811560617e+23,0.0,0.0,0.0,0.0,0.0,69,-2.3088415973249647e+20,-0.0,0.0,0.0,0.0,0.0,0.0,0.0,0.0,0,0,0,0.0,0.0,0.0,0.0,0.0,0.0,0.0,0.0,0.0,0.0,0.0,0.0,0.0,0.0,0.0,0.0,0,-107875648.0,69,0.0,138,0.0,0.0,0,13107,17040,13107,17049,13107,17043,0,0,0,70,68,100,2.7302359370752657e+23,71.1,0.0,74.2,2.7302370179391762e+23,74.0,1,49,50,180,0,52429,0,0,0.0,0.0,0.0,0.0,-0.0,67.0,0.0,162057.094,0.0,750,0,739,0,0,0,721,0,766,0,736,0,742,0,741,0,712,0,7520,0.032,79456894976.0,0.0,0.0,784,16797,-0.0,162057.094,-114818.039,-0.0,0.133,6.909358625270745e+28,30.0,65.0,35,0.0,0.0,0.0,0.0,0.0,0.0,0.0,0.0,0.0,0.0,0.0,0.0,0.0,0.0,0.0,0.0,69.2,0,150,71,54,65476,0,300,0,1,8,20529,65476,0,0,40632,65.0,0.0,0.0,0.0,0.0,0.0
2026-09-04T20:45:54,ERR,ERR,ERR,ERR,ERR,ERR,ERR,ERR,ERR,ERR,ERR,ERR,ERR,ERR,ERR,ERR,ERR,ERR,ERR,ERR,ERR,ERR,ERR,ERR,ERR,ERR,ERR,ERR,ERR,ERR,ERR,ERR,ERR,ERR,ERR,ERR,ERR,ERR,ERR,ERR,ERR,ERR,ERR,ERR,ERR,ERR,ERR,ERR,ERR,ERR,ERR,ERR,ERR,ERR,ERR,ERR,ERR,ERR,ERR,ERR,ERR,ERR,ERR,ERR,ERR,ERR,ERR,ERR,ERR,ERR,ERR,ERR,ERR,ERR,ERR,ERR,ERR,ERR,ERR,ERR,ERR,ERR,ERR,ERR,ERR,ERR,ERR,ERR,ERR,ERR,ERR,ERR,ERR,ERR,ERR,ERR,ERR,ERR,ERR,ERR,ERR,ERR,ERR,ERR,ERR,ERR,ERR,ERR,ERR,ERR,ERR,ERR,ERR,ERR,ERR,ERR,ERR,ERR,ERR,ERR,ERR,ERR,ERR,ERR,ERR,0.0,0.0,0.0,0.0,0.0,1.3936040501711995e+18,7.805,0.0,0,0,4,0,7116,0.0,100,0.0,0.0,0.0,0.0,0.0,0,0,0,0,0.0,0,0,0,0,0,0,0,0,0,0,0,0,0,0,0,0,0,0,0,0,0,0,0,0,0,0,0,0,0,0,0,0,0,31,40,40,71,65476,0,300,0,0,8,21553,0.0,-107605600.0,0.0,0.0,0.0,0.0,0.0,0.0,0.0,0.0,0.0,0.0,0.0,0.0,0.0,0.0,0.0,0.0,0.0,0.0,0.0,0.0,-2.004,2.004,-0.0,-2.004,0.0,0.0,0.0,0.0,6342.0,0.0,6918.0,0.0,0.0,2.7184303811560617e+23,0.0,0.0,0.0,0.0,0.0,69,-2.3088415973249647e+20,-0.0,0.0,0.0,0.0,0.0,0.0,0.0,0.0,0,0,0,0.0,0.0,0.0,0.0,0.0,0.0,0.0,0.0,0.0,0.0,0.0,0.0,0.0,0.0,0.0,0.0,0,-107875648.0,69,0.0,138,0.0,0.0,0,13107,17040,13107,17049,13107,17043,0,0,0,70,68,100,2.7302359370752657e+23,71.1,0.0,74.2,2.7302370179391762e+23,74.0,1,49,50,180,0,52429,0,0,0.0,0.0,0.0,0.0,-0.0,67.0,0.0,162057.094,0.0,750,0,739,0,0,0,721,0,766,0,736,0,742,0,741,0,712,0,7520,0.032,79456894976.0,0.0,0.0,784,16797,-0.0,162057.094,-114818.039,-0.0,0.133,6.909358625270745e+28,30.0,65.0,35,0.0,0.0,0.0,0.0,0.0,0.0,0.0,0.0,0.0,0.0,0.0,0.0,0.0,0.0,0.0,0.0,69.2,0,150,71,54,65476,0,300,0,1,8,20529,65476,0,0,40632,65.0,0.0,0.0,0.0,0.0,0.0
2026-09-04T20:45:55,ERR,ERR,ERR,ERR,ERR,ERR,ERR,ERR,ERR,ERR,ERR,ERR,ERR,ERR,ERR,ERR,ERR,ERR,ERR,ERR,ERR,ERR,ERR,ERR,ERR,ERR,ERR,ERR,ERR,ERR,ERR,ERR,ERR,ERR,ERR,ERR,ERR,ERR,ERR,ERR,ERR,ERR,ERR,ERR,ERR,ERR,ERR,ERR,ERR,ERR,ERR,ERR,ERR,ERR,ERR,ERR,ERR,ERR,ERR,ERR,ERR,ERR,ERR,ERR,ERR,ERR,ERR,ERR,ERR,ERR,ERR,ERR,ERR,ERR,ERR,ERR,ERR,ERR,ERR,ERR,ERR,ERR,ERR,ERR,ERR,ERR,ERR,ERR,ERR,ERR,ERR,ERR,ERR,ERR,ERR,ERR,ERR,ERR,ERR,ERR,ERR,ERR,ERR,ERR,ERR,ERR,ERR,ERR,ERR,ERR,ERR,ERR,ERR,ERR,ERR,ERR,ERR,ERR,ERR,ERR,ERR,ERR,ERR,ERR,ERR,0.0,0.0,0.0,0.0,0.0,1.3936040501711995e+18,7.805,0.0,0,0,4,0,7116,0.0,100,0.0,0.0,0.0,0.0,0.0,0,0,0,0,0.0,0,0,0,0,0,0,0,0,0,0,0,0,0,0,0,0,0,0,0,0,0,0,0,0,0,0,0,0,0,0,0,0,0,31,40,40,71,65476,0,300,0,0,8,21553,0.0,-107605600.0,0.0,0.0,0.0,0.0,0.0,0.0,0.0,0.0,0.0,0.0,0.0,0.0,0.0,0.0,0.0,0.0,0.0,0.0,0.0,0.0,-2.004,2.004,-0.0,-2.004,0.0,0.0,0.0,0.0,6342.0,0.0,6918.0,0.0,0.0,2.7184303811560617e+23,0.0,0.0,0.0,0.0,0.0,69,-2.3088415973249647e+20,-0.0,0.0,0.0,0.0,0.0,0.0,0.0,0.0,0,0,0,0.0,0.0,0.0,0.0,0.0,0.0,0.0,0.0,0.0,0.0,0.0,0.0,0.0,0.0,0.0,0.0,0,-107875648.0,69,0.0,138,0.0,0.0,0,13107,17040,13107,17049,13107,17043,0,0,0,70,68,100,2.7302359370752657e+23,71.1,0.0,74.2,2.7302370179391762e+23,74.0,1,49,50,180,0,52429,0,0,0.0,0.0,0.0,0.0,-0.0,67.0,0.0,162057.094,0.0,750,0,739,0,0,0,721,0,766,0,736,0,742,0,741,0,712,0,7520,0.032,79456894976.0,0.0,0.0,784,16797,-0.0,162057.094,-114818.039,-0.0,0.133,6.909358625270745e+28,30.0,65.0,35,0.0,0.0,0.0,0.0,0.0,0.0,0.0,0.0,0.0,0.0,0.0,0.0,0.0,0.0,0.0,0.0,69.2,0,150,71,54,65476,0,300,0,1,8,20529,65476,0,0,40632,65.0,0.0,0.0,0.0,0.0,0.0
2026-09-04T20:45:56,ERR,ERR,ERR,ERR,ERR,ERR,ERR,ERR,ERR,ERR,ERR,ERR,ERR,ERR,ERR,ERR,ERR,ERR,ERR,ERR,ERR,ERR,ERR,ERR,ERR,ERR,ERR,ERR,ERR,ERR,ERR,ERR,ERR,ERR,ERR,ERR,ERR,ERR,ERR,ERR,ERR,ERR,ERR,ERR,ERR,ERR,ERR,ERR,ERR,ERR,ERR,ERR,ERR,ERR,ERR,ERR,ERR,ERR,ERR,ERR,ERR,ERR,ERR,ERR,ERR,ERR,ERR,ERR,ERR,ERR,ERR,ERR,ERR,ERR,ERR,ERR,ERR,ERR,ERR,ERR,ERR,ERR,ERR,ERR,ERR,ERR,ERR,ERR,ERR,ERR,ERR,ERR,ERR,ERR,ERR,ERR,ERR,ERR,ERR,ERR,ERR,ERR,ERR,ERR,ERR,ERR,ERR,ERR,ERR,ERR,ERR,ERR,ERR,ERR,ERR,ERR,ERR,ERR,ERR,ERR,ERR,ERR,ERR,ERR,ERR,0.0,0.0,0.0,0.0,0.0,1.3936040501711995e+18,7.805,0.0,0,0,4,0,7116,0.0,100,0.0,0.0,0.0,0.0,0.0,0,0,0,0,0.0,0,0,0,0,0,0,0,0,0,0,0,0,0,0,0,0,0,0,0,0,0,0,0,0,0,0,0,0,0,0,0,0,0,31,40,40,71,65476,0,300,0,0,8,21553,0.0,-107605600.0,0.0,0.0,0.0,0.0,0.0,0.0,0.0,0.0,0.0,0.0,0.0,0.0,0.0,0.0,0.0,0.0,0.0,0.0,0.0,0.0,-2.004,2.004,-0.0,-2.004,0.0,0.0,0.0,0.0,6342.0,0.0,6918.0,0.0,0.0,2.7184303811560617e+23,0.0,0.0,0.0,0.0,0.0,69,-2.3088415973249647e+20,-0.0,0.0,0.0,0.0,0.0,0.0,0.0,0.0,0,0,0,0.0,0.0,0.0,0.0,0.0,0.0,0.0,0.0,0.0,0.0,0.0,0.0,0.0,0.0,0.0,0.0,0,-107875648.0,69,0.0,138,0.0,0.0,0,13107,17040,13107,17049,13107,17043,0,0,0,70,68,100,2.7302359370752657e+23,71.1,0.0,74.2,2.7302370179391762e+23,74.0,1,49,50,180,0,52429,0,0,0.0,0.0,0.0,0.0,-0.0,67.0,0.0,162057.094,0.0,750,0,739,0,0,0,721,0,766,0,735,0,742,0,741,0,712,0,7520,0.032,79456894976.0,0.0,0.0,784,16797,-0.0,162057.094,-114818.039,-0.0,0.133,6.909358625270745e+28,30.0,65.0,35,0.0,0.0,0.0,0.0,0.0,0.0,0.0,0.0,0.0,0.0,0.0,0.0,0.0,0.0,0.0,0.0,69.2,0,150,71,54,65476,0,300,0,1,8,20529,65476,0,0,40632,65.0,0.0,0.0,0.0,0.0,0.0
2026-09-04T20:45:57,ERR,ERR,ERR,ERR,ERR,ERR,ERR,ERR,ERR,ERR,ERR,ERR,ERR,ERR,ERR,ERR,ERR,ERR,ERR,ERR,ERR,ERR,ERR,ERR,ERR,ERR,ERR,ERR,ERR,ERR,ERR,ERR,ERR,ERR,ERR,ERR,ERR,ERR,ERR,ERR,ERR,ERR,ERR,ERR,ERR,ERR,ERR,ERR,ERR,ERR,ERR,ERR,ERR,ERR,ERR,ERR,ERR,ERR,ERR,ERR,ERR,ERR,ERR,ERR,ERR,ERR,ERR,ERR,ERR,ERR,ERR,ERR,ERR,ERR,ERR,ERR,ERR,ERR,ERR,ERR,ERR,ERR,ERR,ERR,ERR,ERR,ERR,ERR,ERR,ERR,ERR,ERR,ERR,ERR,ERR,ERR,ERR,ERR,ERR,ERR,ERR,ERR,ERR,ERR,ERR,ERR,ERR,ERR,ERR,ERR,ERR,ERR,ERR,ERR,ERR,ERR,ERR,ERR,ERR,ERR,ERR,ERR,ERR,ERR,ERR,0.0,0.0,0.0,0.0,0.0,1.3936040501711995e+18,7.805,0.0,0,0,4,0,7116,0.0,100,0.0,0.0,0.0,0.0,0.0,0,0,0,0,0.0,0,0,0,0,0,0,0,0,0,0,0,0,0,0,0,0,0,0,0,0,0,0,0,0,0,0,0,0,0,0,0,0,0,31,40,40,71,65476,0,300,0,0,8,21553,0.0,-107605600.0,0.0,0.0,0.0,0.0,0.0,0.0,0.0,0.0,0.0,0.0,0.0,0.0,0.0,0.0,0.0,0.0,0.0,0.0,0.0,0.0,-2.004,2.004,-0.0,-0.0,0.0,0.0,0.0,0.0,6336.0,0.0,6918.0,0.0,0.0,2.7184303811560617e+23,0.0,0.0,0.0,0.0,0.0,69,-0.059,-0.0,0.0,0.0,0.0,0.0,0.0,0.0,0.0,0,0,0,0.0,0.0,0.0,0.0,0.0,0.0,0.0,0.0,0.0,0.0,0.0,0.0,0.0,0.0,0.0,0.0,0,-107875648.0,69,0.0,138,0.0,-0.0,0,13107,17040,13107,17049,13107,17043,0,0,0,70,68,100,2.7302359370752657e+23,71.1,0.0,74.2,2.7302370179391762e+23,74.0,1,49,50,180,0,52429,0,0,0.0,0.0,0.0,0.0,-0.0,67.0,0.0,162057.094,0.0,750,0,739,0,0,0,721,0,766,0,735,0,742,0,741,0,712,0,7520,0.032,79456894976.0,0.0,0.0,784,16797,-0.0,162057.094,-114818.039,-0.0,0.133,6.909358625270745e+28,30.0,65.0,35,0.0,0.0,0.0,0.0,0.0,0.0,0.0,0.0,0.0,0.0,0.0,0.0,0.0,0.0,0.0,0.0,69.2,0,150,71,54,65476,0,300,0,1,8,20529,65476,0,0,40632,65.0,0.0,0.0,0.0,0.0,0.0
2026-09-04T20:45:58,ERR,ERR,ERR,ERR,ERR,ERR,ERR,ERR,ERR,ERR,ERR,ERR,ERR,ERR,ERR,ERR,ERR,ERR,ERR,ERR,ERR,ERR,ERR,ERR,ERR,ERR,ERR,ERR,ERR,ERR,ERR,ERR,ERR,ERR,ERR,ERR,ERR,ERR,ERR,ERR,ERR,ERR,ERR,ERR,ERR,ERR,ERR,ERR,ERR,ERR,ERR,ERR,ERR,ERR,ERR,ERR,ERR,ERR,ERR,ERR,ERR,ERR,ERR,ERR,ERR,ERR,ERR,ERR,ERR,ERR,ERR,ERR,ERR,ERR,ERR,ERR,ERR,ERR,ERR,ERR,ERR,ERR,ERR,ERR,ERR,ERR,ERR,ERR,ERR,ERR,ERR,ERR,ERR,ERR,ERR,ERR,ERR,ERR,ERR,ERR,ERR,ERR,ERR,ERR,ERR,ERR,ERR,ERR,ERR,ERR,ERR,ERR,ERR,ERR,ERR,ERR,ERR,ERR,ERR,ERR,ERR,ERR,ERR,ERR,ERR,0.0,0.0,0.0,0.0,0.0,1.3936040501711995e+18,7.805,0.0,0,0,4,0,7116,0.0,100,0.0,0.0,0.0,0.0,0.0,0,0,0,0,0.0,0,0,0,0,0,0,0,0,0,0,0,0,0,0,0,0,0,0,0,0,0,0,0,0,0,0,0,0,0,0,0,0,0,31,40,40,71,65476,0,300,0,0,8,21553,0.0,-107605600.0,0.0,0.0,0.0,0.0,0.0,0.0,0.0,0.0,0.0,0.0,0.0,0.0,0.0,0.0,0.0,0.0,0.0,0.0,0.0,0.0,-2.004,2.004,-0.0,-0.0,0.0,0.0,0.0,0.0,6336.0,0.0,6918.0,0.0,0.0,2.7184303811560617e+23,0.0,0.0,0.0,0.0,0.0,69,-0.059,-0.0,0.0,0.0,0.0,0.0,0.0,0.0,0.0,0,0,0,0.0,0.0,0.0,0.0,0.0,0.0,0.0,0.0,0.0,0.0,0.0,0.0,0.0,0.0,0.0,0.0,0,-107875648.0,69,0.0,138,0.0,-0.0,0,13107,17040,13107,17049,13107,17043,0,0,0,70,68,100,2.7302359370752657e+23,71.1,0.0,74.2,2.7302370179391762e+23,74.0,1,49,50,180,0,52429,0,0,0.0,0.0,0.0,0.0,-0.0,67.0,0.0,162057.094,0.0,750,0,739,0,0,0,721,0,766,0,735,0,742,0,741,0,712,0,7520,0.032,79456894976.0,0.0,0.0,784,16797,-0.0,162057.094,-114818.039,-0.0,0.133,6.909358625270745e+28,30.0,65.0,35,0.0,0.0,0.0,0.0,0.0,0.0,0.0,0.0,0.0,0.0,0.0,0.0,0.0,0.0,0.0,0.0,69.2,0,150,71,54,65476,0,300,0,1,8,20529,65476,0,0,40632,65.0,0.0,0.0,0.0,0.0,0.0
2026-09-04T20:45:59,ERR,ERR,ERR,ERR,ERR,ERR,ERR,ERR,ERR,ERR,ERR,ERR,ERR,ERR,ERR,ERR,ERR,ERR,ERR,ERR,ERR,ERR,ERR,ERR,ERR,ERR,ERR,ERR,ERR,ERR,ERR,ERR,ERR,ERR,ERR,ERR,ERR,ERR,ERR,ERR,ERR,ERR,ERR,ERR,ERR,ERR,ERR,ERR,ERR,ERR,ERR,ERR,ERR,ERR,ERR,ERR,ERR,ERR,ERR,ERR,ERR,ERR,ERR,ERR,ERR,ERR,ERR,ERR,ERR,ERR,ERR,ERR,ERR,ERR,ERR,ERR,ERR,ERR,ERR,ERR,ERR,ERR,ERR,ERR,ERR,ERR,ERR,ERR,ERR,ERR,ERR,ERR,ERR,ERR,ERR,ERR,ERR,ERR,ERR,ERR,ERR,ERR,ERR,ERR,ERR,ERR,ERR,ERR,ERR,ERR,ERR,ERR,ERR,ERR,ERR,ERR,ERR,ERR,ERR,ERR,ERR,ERR,ERR,ERR,ERR,0.0,0.0,0.0,0.0,0.0,1.3936040501711995e+18,7.805,0.0,0,0,4,0,7116,0.0,100,0.0,0.0,0.0,0.0,0.0,0,0,0,0,0.0,0,0,0,0,0,0,0,0,0,0,0,0,0,0,0,0,0,0,0,0,0,0,0,0,0,0,0,0,0,0,0,0,0,31,40,40,71,65476,0,300,0,0,8,21553,0.0,-107605600.0,0.0,0.0,0.0,0.0,0.0,0.0,0.0,0.0,0.0,0.0,0.0,0.0,0.0,0.0,0.0,0.0,0.0,0.0,0.0,0.0,-2.004,2.004,-0.0,-0.0,0.0,0.0,0.0,0.0,6336.0,0.0,6918.0,0.0,0.0,2.7184303811560617e+23,0.0,0.0,0.0,0.0,0.0,69,-0.059,-0.0,0.0,0.0,0.0,0.0,0.0,0.0,0.0,0,0,0,0.0,0.0,0.0,0.0,0.0,0.0,0.0,0.0,0.0,0.0,0.0,0.0,0.0,0.0,0.0,0.0,0,-107875648.0,69,0.0,138,0.0,-0.0,0,13107,17040,13107,17049,13107,17043,0,0,0,70,68,100,2.7302359370752657e+23,71.1,0.0,74.2,2.7302370179391762e+23,74.0,1,49,50,180,0,52429,0,0,0.0,0.0,0.0,0.0,-0.0,67.0,0.0,162057.094,0.0,750,0,739,0,0,0,721,0,766,0,735,0,742,0,741,0,712,0,7520,0.032,79456894976.0,0.0,0.0,784,16797,-0.0,162057.094,-114818.039,-0.0,0.133,6.909358625270745e+28,30.0,65.0,35,0.0,0.0,0.0,0.0,0.0,0.0,0.0,0.0,0.0,0.0,0.0,0.0,0.0,0.0,0.0,0.0,69.2,0,150,71,54,65476,0,300,0,1,8,20529,65476,0,0,40632,65.0,0.0,0.0,0.0,0.0,0.0
2026-09-04T20:46:00,ERR,ERR,ERR,ERR,ERR,ERR,ERR,ERR,ERR,ERR,ERR,ERR,ERR,ERR,ERR,ERR,ERR,ERR,ERR,ERR,ERR,ERR,ERR,ERR,ERR,ERR,ERR,ERR,ERR,ERR,ERR,ERR,ERR,ERR,ERR,ERR,ERR,ERR,ERR,ERR,ERR,ERR,ERR,ERR,ERR,ERR,ERR,ERR,ERR,ERR,ERR,ERR,ERR,ERR,ERR,ERR,ERR,ERR,ERR,ERR,ERR,ERR,ERR,ERR,ERR,ERR,ERR,ERR,ERR,ERR,ERR,ERR,ERR,ERR,ERR,ERR,ERR,ERR,ERR,ERR,ERR,ERR,ERR,ERR,ERR,ERR,ERR,ERR,ERR,ERR,ERR,ERR,ERR,ERR,ERR,ERR,ERR,ERR,ERR,ERR,ERR,ERR,ERR,ERR,ERR,ERR,ERR,ERR,ERR,ERR,ERR,ERR,ERR,ERR,ERR,ERR,ERR,ERR,ERR,ERR,ERR,ERR,ERR,ERR,ERR,0.0,0.0,0.0,0.0,0.0,1.3936040501711995e+18,7.805,0.0,0,0,4,0,7116,0.0,100,0.0,0.0,0.0,0.0,0.0,0,0,0,0,0.0,0,0,0,0,0,0,0,0,0,0,0,0,0,0,0,0,0,0,0,0,0,0,0,0,0,0,0,0,0,0,0,0,0,31,40,40,71,65476,0,300,0,0,8,21553,0.0,-107605600.0,0.0,0.0,0.0,0.0,0.0,0.0,0.0,0.0,0.0,0.0,0.0,0.0,0.0,0.0,0.0,0.0,0.0,0.0,0.0,0.0,-2.004,2.004,-0.0,-0.0,0.0,0.0,0.0,0.0,6336.0,0.0,6918.0,0.0,0.0,2.7184303811560617e+23,0.0,0.0,0.0,0.0,0.0,69,-0.059,-0.0,0.0,0.0,0.0,0.0,0.0,0.0,0.0,0,0,0,0.0,0.0,0.0,0.0,0.0,0.0,0.0,0.0,0.0,0.0,0.0,0.0,0.0,0.0,0.0,0.0,0,-107875648.0,69,0.0,138,0.0,-0.0,0,13107,17040,13107,17049,13107,17043,0,0,0,70,68,100,2.7302359370752657e+23,71.1,0.0,74.2,2.7302370179391762e+23,74.0,1,49,50,180,0,52429,0,0,0.0,0.0,0.0,0.0,-0.0,67.0,0.0,162057.094,0.0,750,0,739,0,0,0,721,0,766,0,735,0,742,0,741,0,712,0,7520,0.032,79456894976.0,0.0,0.0,784,16797,-0.0,162057.094,-114818.039,-0.0,0.133,6.909358625270745e+28,30.0,65.0,35,0.0,0.0,0.0,0.0,0.0,0.0,0.0,0.0,0.0,0.0,0.0,0.0,0.0,0.0,0.0,0.0,69.2,0,150,71,54,65476,0,300,0,1,8,20529,65476,0,0,40632,65.0,0.0,0.0,0.0,0.0,0.0
2026-09-04T20:46:01,ERR,ERR,ERR,ERR,ERR,ERR,ERR,ERR,ERR,ERR,ERR,ERR,ERR,ERR,ERR,ERR,ERR,ERR,ERR,ERR,ERR,ERR,ERR,ERR,ERR,ERR,ERR,ERR,ERR,ERR,ERR,ERR,ERR,ERR,ERR,ERR,ERR,ERR,ERR,ERR,ERR,ERR,ERR,ERR,ERR,ERR,ERR,ERR,ERR,ERR,ERR,ERR,ERR,ERR,ERR,ERR,ERR,ERR,ERR,ERR,ERR,ERR,ERR,ERR,ERR,ERR,ERR,ERR,ERR,ERR,ERR,ERR,ERR,ERR,ERR,ERR,ERR,ERR,ERR,ERR,ERR,ERR,ERR,ERR,ERR,ERR,ERR,ERR,ERR,ERR,ERR,ERR,ERR,ERR,ERR,ERR,ERR,ERR,ERR,ERR,ERR,ERR,ERR,ERR,ERR,ERR,ERR,ERR,ERR,ERR,ERR,ERR,ERR,ERR,ERR,ERR,ERR,ERR,ERR,ERR,ERR,ERR,ERR,ERR,ERR,0.0,0.0,0.0,0.0,0.0,1.3936040501711995e+18,7.805,0.0,0,0,4,0,7116,0.0,100,0.0,0.0,0.0,0.0,0.0,0,0,0,0,0.0,0,0,0,0,0,0,0,0,0,0,0,0,0,0,0,0,0,0,0,0,0,0,0,0,0,0,0,0,0,0,0,0,0,31,40,40,71,65476,0,300,0,0,8,21553,0.0,-107605600.0,0.0,0.0,0.0,0.0,0.0,0.0,0.0,0.0,0.0,0.0,0.0,0.0,0.0,0.0,0.0,0.0,0.0,0.0,0.0,0.0,-2.004,2.004,-0.0,-0.0,0.0,0.0,0.0,0.0,6336.0,0.0,6918.0,0.0,0.0,2.7184303811560617e+23,0.0,0.0,0.0,0.0,0.0,69,-0.059,-0.0,0.0,0.0,0.0,0.0,0.0,0.0,0.0,0,0,0,0.0,0.0,0.0,0.0,0.0,0.0,0.0,0.0,0.0,0.0,0.0,0.0,0.0,0.0,0.0,0.0,0,-107875648.0,69,0.0,138,0.0,-0.0,0,13107,17040,13107,17049,13107,17043,0,0,0,70,68,100,2.7302359370752657e+23,71.1,0.0,74.2,2.7302370179391762e+23,74.0,1,49,50,180,0,52429,0,0,0.0,0.0,0.0,0.0,-0.0,67.0,0.0,162057.094,0.0,750,0,739,0,0,0,721,0,766,0,736,0,742,0,741,0,712,0,7520,0.032,79456894976.0,0.0,0.0,784,16797,-0.0,162057.094,-114818.039,-0.0,0.133,6.909358625270745e+28,30.0,65.0,35,0.0,0.0,0.0,0.0,0.0,0.0,0.0,0.0,0.0,0.0,0.0,0.0,0.0,0.0,0.0,0.0,69.2,0,150,71,54,65476,0,300,0,1,8,20529,65476,0,0,40632,65.0,0.0,0.0,0.0,0.0,0.0
2026-09-04T20:46:02,ERR,ERR,ERR,ERR,ERR,ERR,ERR,ERR,ERR,ERR,ERR,ERR,ERR,ERR,ERR,ERR,ERR,ERR,ERR,ERR,ERR,ERR,ERR,ERR,ERR,ERR,ERR,ERR,ERR,ERR,ERR,ERR,ERR,ERR,ERR,ERR,ERR,ERR,ERR,ERR,ERR,ERR,ERR,ERR,ERR,ERR,ERR,ERR,ERR,ERR,ERR,ERR,ERR,ERR,ERR,ERR,ERR,ERR,ERR,ERR,ERR,ERR,ERR,ERR,ERR,ERR,ERR,ERR,ERR,ERR,ERR,ERR,ERR,ERR,ERR,ERR,ERR,ERR,ERR,ERR,ERR,ERR,ERR,ERR,ERR,ERR,ERR,ERR,ERR,ERR,ERR,ERR,ERR,ERR,ERR,ERR,ERR,ERR,ERR,ERR,ERR,ERR,ERR,ERR,ERR,ERR,ERR,ERR,ERR,ERR,ERR,ERR,ERR,ERR,ERR,ERR,ERR,ERR,ERR,ERR,ERR,ERR,ERR,ERR,ERR,0.0,0.0,0.0,0.0,0.0,1.3936040501711995e+18,7.805,0.0,0,0,4,0,7116,0.0,100,0.0,0.0,0.0,0.0,0.0,0,0,0,0,0.0,0,0,0,0,0,0,0,0,0,0,0,0,0,0,0,0,0,0,0,0,0,0,0,0,0,0,0,0,0,0,0,0,0,31,40,40,71,65476,0,300,0,0,8,21553,0.0,-107605600.0,0.0,0.0,0.0,0.0,0.0,0.0,0.0,0.0,0.0,0.0,0.0,0.0,0.0,0.0,0.0,0.0,0.0,0.0,0.0,0.0,-2.004,2.004,-0.0,-0.0,0.0,0.0,0.0,0.0,6336.0,0.0,6918.0,0.0,0.0,2.7184303811560617e+23,0.0,0.0,0.0,0.0,0.0,69,-0.059,-0.0,0.0,0.0,0.0,0.0,0.0,0.0,0.0,0,0,0,0.0,0.0,0.0,0.0,0.0,0.0,0.0,0.0,0.0,0.0,0.0,0.0,0.0,0.0,0.0,0.0,0,-107875648.0,69,0.0,138,0.0,-0.0,0,13107,17040,13107,17049,13107,17043,0,0,0,70,68,100,2.7302359370752657e+23,71.1,0.0,74.2,2.7302370179391762e+23,74.0,1,49,50,180,0,52429,0,0,0.0,0.0,0.0,0.0,-0.0,67.0,0.0,162057.094,0.0,750,0,739,0,0,0,721,0,766,0,736,0,742,0,741,0,712,0,7520,0.032,79456894976.0,0.0,0.0,784,16797,-0.0,162057.094,-114818.039,-0.0,0.133,6.909358625270745e+28,30.0,65.0,35,0.0,0.0,0.0,0.0,0.0,0.0,0.0,0.0,0.0,0.0,0.0,0.0,0.0,0.0,0.0,0.0,69.2,0,150,71,54,65476,0,300,0,1,8,20529,65476,0,0,40632,65.0,0.0,0.0,0.0,0.0,0.0
2026-09-04T20:46:03,ERR,ERR,ERR,ERR,ERR,ERR,ERR,ERR,ERR,ERR,ERR,ERR,ERR,ERR,ERR,ERR,ERR,ERR,ERR,ERR,ERR,ERR,ERR,ERR,ERR,ERR,ERR,ERR,ERR,ERR,ERR,ERR,ERR,ERR,ERR,ERR,ERR,ERR,ERR,ERR,ERR,ERR,ERR,ERR,ERR,ERR,ERR,ERR,ERR,ERR,ERR,ERR,ERR,ERR,ERR,ERR,ERR,ERR,ERR,ERR,ERR,ERR,ERR,ERR,ERR,ERR,ERR,ERR,ERR,ERR,ERR,ERR,ERR,ERR,ERR,ERR,ERR,ERR,ERR,ERR,ERR,ERR,ERR,ERR,ERR,ERR,ERR,ERR,ERR,ERR,ERR,ERR,ERR,ERR,ERR,ERR,ERR,ERR,ERR,ERR,ERR,ERR,ERR,ERR,ERR,ERR,ERR,ERR,ERR,ERR,ERR,ERR,ERR,ERR,ERR,ERR,ERR,ERR,ERR,ERR,ERR,ERR,ERR,ERR,ERR,0.0,0.0,0.0,0.0,0.0,1.3936040501711995e+18,7.805,0.0,0,0,4,0,7116,0.0,100,0.0,0.0,0.0,0.0,0.0,0,0,0,0,0.0,0,0,0,0,0,0,0,0,0,0,0,0,0,0,0,0,0,0,0,0,0,0,0,0,0,0,0,0,0,0,0,0,0,31,40,40,71,65476,0,300,0,0,8,21553,0.0,-107605600.0,0.0,0.0,0.0,0.0,0.0,0.0,0.0,0.0,0.0,0.0,0.0,0.0,0.0,0.0,0.0,0.0,0.0,0.0,0.0,0.0,-2.004,2.004,-0.0,-0.0,0.0,0.0,0.0,0.0,6336.0,0.0,6918.0,0.0,0.0,2.7184303811560617e+23,0.0,0.0,0.0,0.0,0.0,69,-0.059,-0.0,0.0,0.0,0.0,0.0,0.0,0.0,0.0,0,0,0,0.0,0.0,0.0,0.0,0.0,0.0,0.0,0.0,0.0,0.0,0.0,0.0,0.0,0.0,0.0,0.0,0,-107875648.0,69,0.0,138,0.0,-0.0,0,13107,17040,13107,17049,13107,17043,0,0,0,70,68,100,2.7302359370752657e+23,71.1,0.0,74.2,2.7302370179391762e+23,74.0,1,49,50,180,0,52429,0,0,0.0,0.0,0.0,0.0,-0.0,67.0,0.0,162057.094,0.0,750,0,739,0,0,0,721,0,766,0,736,0,742,0,741,0,712,0,7520,0.032,79456894976.0,0.0,0.0,784,16797,-0.0,162057.094,-114818.039,-0.0,0.133,6.909358625270745e+28,30.0,65.0,35,0.0,0.0,0.0,0.0,0.0,0.0,0.0,0.0,0.0,0.0,0.0,0.0,0.0,0.0,0.0,0.0,69.2,0,150,71,54,65476,0,300,0,1,8,20529,65476,0,0,40632,65.0,0.0,0.0,0.0,0.0,0.0
2026-09-04T20:46:04,ERR,ERR,ERR,ERR,ERR,ERR,ERR,ERR,ERR,ERR,ERR,ERR,ERR,ERR,ERR,ERR,ERR,ERR,ERR,ERR,ERR,ERR,ERR,ERR,ERR,ERR,ERR,ERR,ERR,ERR,ERR,ERR,ERR,ERR,ERR,ERR,ERR,ERR,ERR,ERR,ERR,ERR,ERR,ERR,ERR,ERR,ERR,ERR,ERR,ERR,ERR,ERR,ERR,ERR,ERR,ERR,ERR,ERR,ERR,ERR,ERR,ERR,ERR,ERR,ERR,ERR,ERR,ERR,ERR,ERR,ERR,ERR,ERR,ERR,ERR,ERR,ERR,ERR,ERR,ERR,ERR,ERR,ERR,ERR,ERR,ERR,ERR,ERR,ERR,ERR,ERR,ERR,ERR,ERR,ERR,ERR,ERR,ERR,ERR,ERR,ERR,ERR,ERR,ERR,ERR,ERR,ERR,ERR,ERR,ERR,ERR,ERR,ERR,ERR,ERR,ERR,ERR,ERR,ERR,ERR,ERR,ERR,ERR,ERR,ERR,0.0,0.0,0.0,0.0,0.0,1.3936040501711995e+18,7.805,0.0,0,0,4,0,7116,0.0,100,0.0,0.0,0.0,0.0,0.0,0,0,0,0,0.0,0,0,0,0,0,0,0,0,0,0,0,0,0,0,0,0,0,0,0,0,0,0,0,0,0,0,0,0,0,0,0,0,0,31,40,40,71,65476,0,300,0,0,8,21553,0.0,-107605600.0,0.0,0.0,0.0,0.0,0.0,0.0,0.0,0.0,0.0,0.0,0.0,0.0,0.0,0.0,0.0,0.0,0.0,0.0,0.0,0.0,-2.004,2.004,-0.0,-2.004,0.0,0.0,0.0,0.0,6336.0,0.0,6918.0,0.0,0.0,2.7184303811560617e+23,0.0,0.0,0.0,0.0,0.0,69,-71.63,-0.0,0.0,0.0,0.0,0.0,0.0,0.0,0.0,0,0,0,0.0,0.0,0.0,0.0,0.0,0.0,0.0,0.0,0.0,0.0,0.0,0.0,0.0,0.0,0.0,0.0,0,-107875648.0,69,0.0,138,0.0,0.0,0,13107,17040,13107,17049,13107,17043,0,0,0,70,68,100,2.7302359370752657e+23,71.1,0.0,74.2,2.7302370179391762e+23,74.0,1,49,50,180,0,52429,0,0,0.0,0.0,0.0,0.0,-0.0,67.0,0.0,162057.094,0.0,750,0,739,0,0,0,721,0,766,0,736,0,742,0,741,0,712,0,7520,0.032,79456894976.0,0.0,0.0,784,16797,-0.0,162057.094,-114818.039,-0.0,0.133,6.909358625270745e+28,30.0,65.0,35,0.0,0.0,0.0,0.0,0.0,0.0,0.0,0.0,0.0,0.0,0.0,0.0,0.0,0.0,0.0,0.0,69.2,0,150,71,54,65476,0,300,0,1,8,20529,65476,0,0,40632,65.0,0.0,0.0,0.0,0.0,0.0
2026-09-04T20:46:05,ERR,ERR,ERR,ERR,ERR,ERR,ERR,ERR,ERR,ERR,ERR,ERR,ERR,ERR,ERR,ERR,ERR,ERR,ERR,ERR,ERR,ERR,ERR,ERR,ERR,ERR,ERR,ERR,ERR,ERR,ERR,ERR,ERR,ERR,ERR,ERR,ERR,ERR,ERR,ERR,ERR,ERR,ERR,ERR,ERR,ERR,ERR,ERR,ERR,ERR,ERR,ERR,ERR,ERR,ERR,ERR,ERR,ERR,ERR,ERR,ERR,ERR,ERR,ERR,ERR,ERR,ERR,ERR,ERR,ERR,ERR,ERR,ERR,ERR,ERR,ERR,ERR,ERR,ERR,ERR,ERR,ERR,ERR,ERR,ERR,ERR,ERR,ERR,ERR,ERR,ERR,ERR,ERR,ERR,ERR,ERR,ERR,ERR,ERR,ERR,ERR,ERR,ERR,ERR,ERR,ERR,ERR,ERR,ERR,ERR,ERR,ERR,ERR,ERR,ERR,ERR,ERR,ERR,ERR,ERR,ERR,ERR,ERR,ERR,ERR,0.0,0.0,0.0,0.0,0.0,1.3936040501711995e+18,7.805,0.0,0,0,4,0,7116,0.0,100,0.0,0.0,0.0,0.0,0.0,0,0,0,0,0.0,0,0,0,0,0,0,0,0,0,0,0,0,0,0,0,0,0,0,0,0,0,0,0,0,0,0,0,0,0,0,0,0,0,31,40,40,71,65476,0,300,0,0,8,21553,0.0,-107605600.0,0.0,0.0,0.0,0.0,0.0,0.0,0.0,0.0,0.0,0.0,0.0,0.0,0.0,0.0,0.0,0.0,0.0,0.0,0.0,0.0,-2.004,2.004,-0.0,-2.004,0.0,0.0,0.0,0.0,6336.0,0.0,6918.0,0.0,0.0,2.7184303811560617e+23,0.0,0.0,0.0,0.0,0.0,69,-71.63,-0.0,0.0,0.0,0.0,0.0,0.0,0.0,0.0,0,0,0,0.0,0.0,0.0,0.0,0.0,0.0,0.0,0.0,0.0,0.0,0.0,0.0,0.0,0.0,0.0,0.0,0,-107875648.0,69,0.0,138,0.0,0.0,0,13107,17040,13107,17049,13107,17043,0,0,0,70,68,100,2.7302359370752657e+23,71.1,0.0,74.2,2.7302370179391762e+23,74.0,1,49,50,180,0,52429,0,0,0.0,0.0,0.0,0.0,-0.0,67.0,0.0,162057.094,0.0,750,0,739,0,0,0,721,0,766,0,736,0,742,0,741,0,712,0,7520,0.032,79456894976.0,0.0,0.0,784,16797,-0.0,162057.094,-114818.039,-0.0,0.133,6.909358625270745e+28,30.0,65.0,35,0.0,0.0,0.0,0.0,0.0,0.0,0.0,0.0,0.0,0.0,0.0,0.0,0.0,0.0,0.0,0.0,69.2,0,150,71,54,65476,0,300,0,1,8,20529,65476,0,0,40632,65.0,0.0,0.0,0.0,0.0,0.0
2026-09-04T20:46:06,ERR,ERR,ERR,ERR,ERR,ERR,ERR,ERR,ERR,ERR,ERR,ERR,ERR,ERR,ERR,ERR,ERR,ERR,ERR,ERR,ERR,ERR,ERR,ERR,ERR,ERR,ERR,ERR,ERR,ERR,ERR,ERR,ERR,ERR,ERR,ERR,ERR,ERR,ERR,ERR,ERR,ERR,ERR,ERR,ERR,ERR,ERR,ERR,ERR,ERR,ERR,ERR,ERR,ERR,ERR,ERR,ERR,ERR,ERR,ERR,ERR,ERR,ERR,ERR,ERR,ERR,ERR,ERR,ERR,ERR,ERR,ERR,ERR,ERR,ERR,ERR,ERR,ERR,ERR,ERR,ERR,ERR,ERR,ERR,ERR,ERR,ERR,ERR,ERR,ERR,ERR,ERR,ERR,ERR,ERR,ERR,ERR,ERR,ERR,ERR,ERR,ERR,ERR,ERR,ERR,ERR,ERR,ERR,ERR,ERR,ERR,ERR,ERR,ERR,ERR,ERR,ERR,ERR,ERR,ERR,ERR,ERR,ERR,ERR,ERR,0.0,0.0,0.0,0.0,0.0,1.3936040501711995e+18,7.805,0.0,0,0,4,0,7116,0.0,100,0.0,0.0,0.0,0.0,0.0,0,0,0,0,0.0,0,0,0,0,0,0,0,0,0,0,0,0,0,0,0,0,0,0,0,0,0,0,0,0,0,0,0,0,0,0,0,0,0,31,40,40,71,65476,0,300,0,0,8,21553,0.0,-107605600.0,0.0,0.0,0.0,0.0,0.0,0.0,0.0,0.0,0.0,0.0,0.0,0.0,0.0,0.0,0.0,0.0,0.0,0.0,0.0,0.0,-2.004,2.004,-0.0,-2.004,0.0,0.0,0.0,0.0,6336.0,0.0,6918.0,0.0,0.0,2.7184303811560617e+23,0.0,0.0,0.0,0.0,0.0,69,-71.63,-0.0,0.0,0.0,0.0,0.0,0.0,0.0,0.0,0,0,0,0.0,0.0,0.0,0.0,0.0,0.0,0.0,0.0,0.0,0.0,0.0,0.0,0.0,0.0,0.0,0.0,0,-107875648.0,69,0.0,138,0.0,0.0,0,13107,17040,13107,17049,13107,17043,0,0,0,70,68,100,2.7302359370752657e+23,71.1,0.0,74.2,2.7302370179391762e+23,74.0,1,49,50,180,0,52429,0,0,0.0,0.0,0.0,0.0,-0.0,67.0,0.0,162057.094,0.0,750,0,739,0,0,0,721,0,766,0,736,0,742,0,741,0,712,0,7520,0.032,79456894976.0,0.0,0.0,784,16797,-0.0,162057.094,-114818.039,-0.0,0.133,6.909358625270745e+28,30.0,65.0,35,0.0,0.0,0.0,0.0,0.0,0.0,0.0,0.0,0.0,0.0,0.0,0.0,0.0,0.0,0.0,0.0,69.2,0,150,71,54,65476,0,300,0,1,8,20529,65476,0,0,40632,65.0,0.0,0.0,0.0,0.0,0.0
2026-09-04T20:46:07,ERR,ERR,ERR,ERR,ERR,ERR,ERR,ERR,ERR,ERR,ERR,ERR,ERR,ERR,ERR,ERR,ERR,ERR,ERR,ERR,ERR,ERR,ERR,ERR,ERR,ERR,ERR,ERR,ERR,ERR,ERR,ERR,ERR,ERR,ERR,ERR,ERR,ERR,ERR,ERR,ERR,ERR,ERR,ERR,ERR,ERR,ERR,ERR,ERR,ERR,ERR,ERR,ERR,ERR,ERR,ERR,ERR,ERR,ERR,ERR,ERR,ERR,ERR,ERR,ERR,ERR,ERR,ERR,ERR,ERR,ERR,ERR,ERR,ERR,ERR,ERR,ERR,ERR,ERR,ERR,ERR,ERR,ERR,ERR,ERR,ERR,ERR,ERR,ERR,ERR,ERR,ERR,ERR,ERR,ERR,ERR,ERR,ERR,ERR,ERR,ERR,ERR,ERR,ERR,ERR,ERR,ERR,ERR,ERR,ERR,ERR,ERR,ERR,ERR,ERR,ERR,ERR,ERR,ERR,ERR,ERR,ERR,ERR,ERR,ERR,0.0,0.0,0.0,0.0,0.0,1.3936040501711995e+18,7.805,0.0,0,0,4,0,7116,0.0,100,0.0,0.0,0.0,0.0,0.0,0,0,0,0,0.0,0,0,0,0,0,0,0,0,0,0,0,0,0,0,0,0,0,0,0,0,0,0,0,0,0,0,0,0,0,0,0,0,0,31,40,40,71,65476,0,300,0,0,8,21553,0.0,-107605600.0,0.0,0.0,0.0,0.0,0.0,0.0,0.0,0.0,0.0,0.0,0.0,0.0,0.0,0.0,0.0,0.0,0.0,0.0,0.0,0.0,-2.004,2.004,-0.0,-2.004,0.0,0.0,0.0,0.0,6336.0,0.0,6918.0,0.0,0.0,2.7184303811560617e+23,0.0,0.0,0.0,0.0,0.0,69,-71.63,-0.0,0.0,0.0,0.0,0.0,0.0,0.0,0.0,0,0,0,0.0,0.0,0.0,0.0,0.0,0.0,0.0,0.0,0.0,0.0,0.0,0.0,0.0,0.0,0.0,0.0,0,-107875648.0,69,0.0,138,0.0,0.0,0,13107,17040,13107,17049,13107,17043,0,0,0,70,68,100,2.7302359370752657e+23,71.1,0.0,74.2,2.7302370179391762e+23,74.0,1,49,50,180,0,52429,0,0,0.0,0.0,0.0,0.0,-0.0,67.0,0.0,162057.094,0.0,750,0,739,0,0,0,721,0,766,0,736,0,742,0,741,0,712,0,7520,0.032,79456894976.0,0.0,0.0,784,16797,-0.0,162057.094,-114818.039,-0.0,0.133,6.909358625270745e+28,30.0,65.0,35,0.0,0.0,0.0,0.0,0.0,0.0,0.0,0.0,0.0,0.0,0.0,0.0,0.0,0.0,0.0,0.0,69.2,0,150,71,54,65476,0,300,0,1,8,20529,65476,0,0,40632,65.0,0.0,0.0,0.0,0.0,0.0
2026-09-04T20:46:08,ERR,ERR,ERR,ERR,ERR,ERR,ERR,ERR,ERR,ERR,ERR,ERR,ERR,ERR,ERR,ERR,ERR,ERR,ERR,ERR,ERR,ERR,ERR,ERR,ERR,ERR,ERR,ERR,ERR,ERR,ERR,ERR,ERR,ERR,ERR,ERR,ERR,ERR,ERR,ERR,ERR,ERR,ERR,ERR,ERR,ERR,ERR,ERR,ERR,ERR,ERR,ERR,ERR,ERR,ERR,ERR,ERR,ERR,ERR,ERR,ERR,ERR,ERR,ERR,ERR,ERR,ERR,ERR,ERR,ERR,ERR,ERR,ERR,ERR,ERR,ERR,ERR,ERR,ERR,ERR,ERR,ERR,ERR,ERR,ERR,ERR,ERR,ERR,ERR,ERR,ERR,ERR,ERR,ERR,ERR,ERR,ERR,ERR,ERR,ERR,ERR,ERR,ERR,ERR,ERR,ERR,ERR,ERR,ERR,ERR,ERR,ERR,ERR,ERR,ERR,ERR,ERR,ERR,ERR,ERR,ERR,ERR,ERR,ERR,ERR,0.0,0.0,0.0,0.0,0.0,1.3936040501711995e+18,7.805,0.0,0,0,4,0,7116,0.0,100,0.0,0.0,0.0,0.0,0.0,0,0,0,0,0.0,0,0,0,0,0,0,0,0,0,0,0,0,0,0,0,0,0,0,0,0,0,0,0,0,0,0,0,0,0,0,0,0,0,31,40,40,71,65476,0,300,0,0,8,21553,0.0,-107605600.0,0.0,0.0,0.0,0.0,0.0,0.0,0.0,0.0,0.0,0.0,0.0,0.0,0.0,0.0,0.0,0.0,0.0,0.0,0.0,0.0,-2.004,2.004,-0.0,-2.004,0.0,0.0,0.0,0.0,6336.0,0.0,6918.0,0.0,0.0,2.7184303811560617e+23,0.0,0.0,0.0,0.0,0.0,69,-71.63,-0.0,0.0,0.0,0.0,0.0,0.0,0.0,0.0,0,0,0,0.0,0.0,0.0,0.0,0.0,0.0,0.0,0.0,0.0,0.0,0.0,0.0,0.0,0.0,0.0,0.0,0,-107875648.0,69,0.0,138,0.0,0.0,0,13107,17040,13107,17049,13107,17043,0,0,0,70,68,100,2.7302359370752657e+23,71.1,0.0,74.2,2.7302370179391762e+23,74.0,1,49,50,180,0,52429,0,0,0.0,0.0,0.0,0.0,-0.0,67.0,0.0,162057.094,0.0,750,0,739,0,0,0,721,0,766,0,736,0,742,0,741,0,712,0,7520,0.032,79456894976.0,0.0,0.0,784,16797,-0.0,162057.094,-114818.039,-0.0,0.133,6.909358625270745e+28,30.0,65.0,35,0.0,0.0,0.0,0.0,0.0,0.0,0.0,0.0,0.0,0.0,0.0,0.0,0.0,0.0,0.0,0.0,69.6,0,150,71,54,65476,0,300,0,1,8,20529,65476,0,0,40632,65.0,0.0,0.0,0.0,0.0,0.0
2026-09-04T20:46:09,ERR,ERR,ERR,ERR,ERR,ERR,ERR,ERR,ERR,ERR,ERR,ERR,ERR,ERR,ERR,ERR,ERR,ERR,ERR,ERR,ERR,ERR,ERR,ERR,ERR,ERR,ERR,ERR,ERR,ERR,ERR,ERR,ERR,ERR,ERR,ERR,ERR,ERR,ERR,ERR,ERR,ERR,ERR,ERR,ERR,ERR,ERR,ERR,ERR,ERR,ERR,ERR,ERR,ERR,ERR,ERR,ERR,ERR,ERR,ERR,ERR,ERR,ERR,ERR,ERR,ERR,ERR,ERR,ERR,ERR,ERR,ERR,ERR,ERR,ERR,ERR,ERR,ERR,ERR,ERR,ERR,ERR,ERR,ERR,ERR,ERR,ERR,ERR,ERR,ERR,ERR,ERR,ERR,ERR,ERR,ERR,ERR,ERR,ERR,ERR,ERR,ERR,ERR,ERR,ERR,ERR,ERR,ERR,ERR,ERR,ERR,ERR,ERR,ERR,ERR,ERR,ERR,ERR,ERR,ERR,ERR,ERR,ERR,ERR,ERR,0.0,0.0,0.0,0.0,0.0,1.3936040501711995e+18,7.805,0.0,0,0,4,0,7116,0.0,100,0.0,0.0,0.0,0.0,0.0,0,0,0,0,0.0,0,0,0,0,0,0,0,0,0,0,0,0,0,0,0,0,0,0,0,0,0,0,0,0,0,0,0,0,0,0,0,0,0,31,40,40,71,65476,0,300,0,0,8,21553,0.0,-107605600.0,0.0,0.0,0.0,0.0,0.0,0.0,0.0,0.0,0.0,0.0,0.0,0.0,0.0,0.0,0.0,0.0,0.0,0.0,0.0,0.0,-2.004,2.004,-0.0,-2.004,0.0,0.0,0.0,0.0,6336.0,0.0,6918.0,0.0,0.0,2.7184303811560617e+23,0.0,0.0,0.0,0.0,0.0,69,-71.63,-0.0,0.0,0.0,0.0,0.0,0.0,0.0,0.0,0,0,0,0.0,0.0,0.0,0.0,0.0,0.0,0.0,0.0,0.0,0.0,0.0,0.0,0.0,0.0,0.0,0.0,0,-107875648.0,69,0.0,138,0.0,0.0,0,13107,17040,13107,17049,13107,17043,0,0,0,70,68,100,2.7302359370752657e+23,71.1,0.0,74.2,2.7302370179391762e+23,74.0,1,49,50,180,0,52429,0,0,0.0,0.0,0.0,0.0,-0.0,67.0,0.0,162057.094,0.0,750,0,739,0,0,0,721,0,766,0,736,0,742,0,741,0,712,0,7520,0.032,79456894976.0,0.0,0.0,784,16797,-0.0,162057.094,-114818.039,-0.0,0.133,6.909358625270745e+28,30.0,65.0,35,0.0,0.0,0.0,0.0,0.0,0.0,0.0,0.0,0.0,0.0,0.0,0.0,0.0,0.0,0.0,0.0,69.6,0,150,71,54,65476,0,300,0,1,8,20529,65476,0,0,40632,65.0,0.0,0.0,0.0,0.0,0.0
2026-09-04T20:46:10,ERR,ERR,ERR,ERR,ERR,ERR,ERR,ERR,ERR,ERR,ERR,ERR,ERR,ERR,ERR,ERR,ERR,ERR,ERR,ERR,ERR,ERR,ERR,ERR,ERR,ERR,ERR,ERR,ERR,ERR,ERR,ERR,ERR,ERR,ERR,ERR,ERR,ERR,ERR,ERR,ERR,ERR,ERR,ERR,ERR,ERR,ERR,ERR,ERR,ERR,ERR,ERR,ERR,ERR,ERR,ERR,ERR,ERR,ERR,ERR,ERR,ERR,ERR,ERR,ERR,ERR,ERR,ERR,ERR,ERR,ERR,ERR,ERR,ERR,ERR,ERR,ERR,ERR,ERR,ERR,ERR,ERR,ERR,ERR,ERR,ERR,ERR,ERR,ERR,ERR,ERR,ERR,ERR,ERR,ERR,ERR,ERR,ERR,ERR,ERR,ERR,ERR,ERR,ERR,ERR,ERR,ERR,ERR,ERR,ERR,ERR,ERR,ERR,ERR,ERR,ERR,ERR,ERR,ERR,ERR,ERR,ERR,ERR,ERR,ERR,0.0,0.0,0.0,0.0,0.0,1.3936040501711995e+18,7.805,0.0,0,0,4,0,7116,0.0,100,0.0,0.0,0.0,0.0,0.0,0,0,0,0,0.0,0,0,0,0,0,0,0,0,0,0,0,0,0,0,0,0,0,0,0,0,0,0,0,0,0,0,0,0,0,0,0,0,0,31,40,40,71,65476,0,300,0,0,8,21553,0.0,-107605600.0,0.0,0.0,0.0,0.0,0.0,0.0,0.0,0.0,0.0,0.0,0.0,0.0,0.0,0.0,0.0,0.0,0.0,0.0,0.0,0.0,-2.004,2.004,-0.0,-2.004,0.0,0.0,0.0,0.0,6336.0,0.0,6918.0,0.0,0.0,2.7184303811560617e+23,0.0,0.0,0.0,0.0,0.0,69,-71.63,-0.0,0.0,0.0,0.0,0.0,0.0,0.0,0.0,0,0,0,0.0,0.0,0.0,0.0,0.0,0.0,0.0,0.0,0.0,0.0,0.0,0.0,0.0,0.0,0.0,0.0,0,-107875648.0,69,0.0,138,0.0,0.0,0,13107,17040,13107,17049,13107,17043,0,0,0,70,68,100,2.7302359370752657e+23,71.1,0.0,74.2,2.7302370179391762e+23,74.0,1,49,50,180,0,52429,0,0,0.0,0.0,0.0,0.0,-0.0,67.0,0.0,162057.094,0.0,750,0,739,0,0,0,721,0,766,0,736,0,742,0,741,0,712,0,7520,0.032,79456894976.0,0.0,0.0,784,16797,-0.0,162057.094,-114818.039,-0.0,0.133,6.909358625270745e+28,30.0,65.0,35,0.0,0.0,0.0,0.0,0.0,0.0,0.0,0.0,0.0,0.0,0.0,0.0,0.0,0.0,0.0,0.0,69.6,0,150,71,54,65476,0,300,0,1,8,20529,65476,0,0,40632,65.0,0.0,0.0,0.0,0.0,0.0
2026-09-04T20:46:11,ERR,ERR,ERR,ERR,ERR,ERR,ERR,ERR,ERR,ERR,ERR,ERR,ERR,ERR,ERR,ERR,ERR,ERR,ERR,ERR,ERR,ERR,ERR,ERR,ERR,ERR,ERR,ERR,ERR,ERR,ERR,ERR,ERR,ERR,ERR,ERR,ERR,ERR,ERR,ERR,ERR,ERR,ERR,ERR,ERR,ERR,ERR,ERR,ERR,ERR,ERR,ERR,ERR,ERR,ERR,ERR,ERR,ERR,ERR,ERR,ERR,ERR,ERR,ERR,ERR,ERR,ERR,ERR,ERR,ERR,ERR,ERR,ERR,ERR,ERR,ERR,ERR,ERR,ERR,ERR,ERR,ERR,ERR,ERR,ERR,ERR,ERR,ERR,ERR,ERR,ERR,ERR,ERR,ERR,ERR,ERR,ERR,ERR,ERR,ERR,ERR,ERR,ERR,ERR,ERR,ERR,ERR,ERR,ERR,ERR,ERR,ERR,ERR,ERR,ERR,ERR,ERR,ERR,ERR,ERR,ERR,ERR,ERR,ERR,ERR,0.0,0.0,0.0,0.0,0.0,1.3936040501711995e+18,7.805,0.0,0,0,4,0,7116,0.0,100,0.0,0.0,0.0,0.0,0.0,0,0,0,0,0.0,0,0,0,0,0,0,0,0,0,0,0,0,0,0,0,0,0,0,0,0,0,0,0,0,0,0,0,0,0,0,0,0,0,31,40,40,71,65476,0,300,0,0,8,21553,0.0,-107605600.0,0.0,0.0,0.0,0.0,0.0,0.0,0.0,0.0,0.0,0.0,0.0,0.0,0.0,0.0,0.0,0.0,0.0,0.0,0.0,0.0,-2.004,2.004,-0.0,-2.004,0.0,0.0,0.0,0.0,6338.0,0.0,6915.0,0.0,0.0,2.7184303811560617e+23,0.0,0.0,0.0,0.0,0.0,69,-89221.164,-0.0,0.0,0.0,0.0,0.0,0.0,0.0,0.0,0,0,0,0.0,0.0,0.0,0.0,0.0,0.0,0.0,0.0,0.0,0.0,0.0,0.0,0.0,0.0,0.0,0.0,0,-107875648.0,69,0.0,138,0.0,-0.0,0,13107,17040,13107,17049,13107,17043,0,0,0,70,68,100,2.7302359370752657e+23,71.1,0.0,74.2,2.7302370179391762e+23,74.0,1,49,50,180,0,52429,0,0,0.0,0.0,0.0,0.0,-0.0,67.0,0.0,162057.094,0.0,750,0,739,0,0,0,721,0,766,0,736,0,742,0,741,0,712,0,7520,0.032,78920024064.0,0.0,0.0,784,16797,-0.0,162057.094,-114818.039,-0.0,0.133,6.909358625270745e+28,30.0,65.0,35,0.0,0.0,0.0,0.0,0.0,0.0,0.0,0.0,0.0,0.0,0.0,0.0,0.0,0.0,0.0,0.0,69.2,0,150,71,54,65476,0,300,0,1,8,20529,65476,0,0,40632,65.0,0.0,0.0,0.0,0.0,0.0
2026-09-04T20:46:12,ERR,ERR,ERR,ERR,ERR,ERR,ERR,ERR,ERR,ERR,ERR,ERR,ERR,ERR,ERR,ERR,ERR,ERR,ERR,ERR,ERR,ERR,ERR,ERR,ERR,ERR,ERR,ERR,ERR,ERR,ERR,ERR,ERR,ERR,ERR,ERR,ERR,ERR,ERR,ERR,ERR,ERR,ERR,ERR,ERR,ERR,ERR,ERR,ERR,ERR,ERR,ERR,ERR,ERR,ERR,ERR,ERR,ERR,ERR,ERR,ERR,ERR,ERR,ERR,ERR,ERR,ERR,ERR,ERR,ERR,ERR,ERR,ERR,ERR,ERR,ERR,ERR,ERR,ERR,ERR,ERR,ERR,ERR,ERR,ERR,ERR,ERR,ERR,ERR,ERR,ERR,ERR,ERR,ERR,ERR,ERR,ERR,ERR,ERR,ERR,ERR,ERR,ERR,ERR,ERR,ERR,ERR,ERR,ERR,ERR,ERR,ERR,ERR,ERR,ERR,ERR,ERR,ERR,ERR,ERR,ERR,ERR,ERR,ERR,ERR,0.0,0.0,0.0,0.0,0.0,1.3936040501711995e+18,7.805,0.0,0,0,4,0,7116,0.0,100,0.0,0.0,0.0,0.0,0.0,0,0,0,0,0.0,0,0,0,0,0,0,0,0,0,0,0,0,0,0,0,0,0,0,0,0,0,0,0,0,0,0,0,0,0,0,0,0,0,31,40,40,71,65476,0,300,0,0,8,21553,0.0,-107605600.0,0.0,0.0,0.0,0.0,0.0,0.0,0.0,0.0,0.0,0.0,0.0,0.0,0.0,0.0,0.0,0.0,0.0,0.0,0.0,0.0,-2.004,2.004,-0.0,-2.004,0.0,0.0,0.0,0.0,6338.0,0.0,6915.0,0.0,0.0,2.7184303811560617e+23,0.0,0.0,0.0,0.0,0.0,69,-89221.164,-0.0,0.0,0.0,0.0,0.0,0.0,0.0,0.0,0,0,0,0.0,0.0,0.0,0.0,0.0,0.0,0.0,0.0,0.0,0.0,0.0,0.0,0.0,0.0,0.0,0.0,0,-107875648.0,69,0.0,138,0.0,-0.0,0,13107,17040,13107,17049,13107,17043,0,0,0,70,68,100,2.7302359370752657e+23,71.1,0.0,74.2,2.7302370179391762e+23,74.0,1,49,50,180,0,52429,0,0,0.0,0.0,0.0,0.0,-0.0,67.0,0.0,162057.094,0.0,750,0,739,0,0,0,721,0,766,0,736,0,742,0,741,0,712,0,7520,0.032,78920024064.0,0.0,0.0,784,16797,-0.0,162057.094,-114818.039,-0.0,0.133,6.909358625270745e+28,30.0,65.0,35,0.0,0.0,0.0,0.0,0.0,0.0,0.0,0.0,0.0,0.0,0.0,0.0,0.0,0.0,0.0,0.0,69.2,0,150,71,54,65476,0,300,0,1,8,20529,65476,0,0,40632,65.0,0.0,0.0,0.0,0.0,0.0
2026-09-04T20:46:13,ERR,ERR,ERR,ERR,ERR,ERR,ERR,ERR,ERR,ERR,ERR,ERR,ERR,ERR,ERR,ERR,ERR,ERR,ERR,ERR,ERR,ERR,ERR,ERR,ERR,ERR,ERR,ERR,ERR,ERR,ERR,ERR,ERR,ERR,ERR,ERR,ERR,ERR,ERR,ERR,ERR,ERR,ERR,ERR,ERR,ERR,ERR,ERR,ERR,ERR,ERR,ERR,ERR,ERR,ERR,ERR,ERR,ERR,ERR,ERR,ERR,ERR,ERR,ERR,ERR,ERR,ERR,ERR,ERR,ERR,ERR,ERR,ERR,ERR,ERR,ERR,ERR,ERR,ERR,ERR,ERR,ERR,ERR,ERR,ERR,ERR,ERR,ERR,ERR,ERR,ERR,ERR,ERR,ERR,ERR,ERR,ERR,ERR,ERR,ERR,ERR,ERR,ERR,ERR,ERR,ERR,ERR,ERR,ERR,ERR,ERR,ERR,ERR,ERR,ERR,ERR,ERR,ERR,ERR,ERR,ERR,ERR,ERR,ERR,ERR,0.0,0.0,0.0,0.0,0.0,1.3936040501711995e+18,7.805,0.0,0,0,4,0,7116,0.0,100,0.0,0.0,0.0,0.0,0.0,0,0,0,0,0.0,0,0,0,0,0,0,0,0,0,0,0,0,0,0,0,0,0,0,0,0,0,0,0,0,0,0,0,0,0,0,0,0,0,31,40,40,71,65476,0,300,0,0,8,21553,0.0,-107605600.0,0.0,0.0,0.0,0.0,0.0,0.0,0.0,0.0,0.0,0.0,0.0,0.0,0.0,0.0,0.0,0.0,0.0,0.0,0.0,0.0,-2.004,2.004,-0.0,-2.004,0.0,0.0,0.0,0.0,6338.0,0.0,6915.0,0.0,0.0,2.7184303811560617e+23,0.0,0.0,0.0,0.0,0.0,69,-89221.164,-0.0,0.0,0.0,0.0,0.0,0.0,0.0,0.0,0,0,0,0.0,0.0,0.0,0.0,0.0,0.0,0.0,0.0,0.0,0.0,0.0,0.0,0.0,0.0,0.0,0.0,0,-107875648.0,69,0.0,138,0.0,-0.0,0,13107,17040,13107,17049,13107,17043,0,0,0,70,68,100,2.7302359370752657e+23,71.1,0.0,74.2,2.7302370179391762e+23,74.0,1,49,50,180,0,52429,0,0,0.0,0.0,0.0,0.0,-0.0,67.0,0.0,162057.094,0.0,750,0,739,0,0,0,721,0,766,0,736,0,742,0,741,0,712,0,7520,0.032,78920024064.0,0.0,0.0,784,16797,-0.0,162057.094,-114818.039,-0.0,0.133,6.909358625270745e+28,30.0,65.0,35,0.0,0.0,0.0,0.0,0.0,0.0,0.0,0.0,0.0,0.0,0.0,0.0,0.0,0.0,0.0,0.0,69.2,0,150,71,54,65476,0,300,0,1,8,20529,65476,0,0,40632,65.0,0.0,0.0,0.0,0.0,0.0
2026-09-04T20:46:14,ERR,ERR,ERR,ERR,ERR,ERR,ERR,ERR,ERR,ERR,ERR,ERR,ERR,ERR,ERR,ERR,ERR,ERR,ERR,ERR,ERR,ERR,ERR,ERR,ERR,ERR,ERR,ERR,ERR,ERR,ERR,ERR,ERR,ERR,ERR,ERR,ERR,ERR,ERR,ERR,ERR,ERR,ERR,ERR,ERR,ERR,ERR,ERR,ERR,ERR,ERR,ERR,ERR,ERR,ERR,ERR,ERR,ERR,ERR,ERR,ERR,ERR,ERR,ERR,ERR,ERR,ERR,ERR,ERR,ERR,ERR,ERR,ERR,ERR,ERR,ERR,ERR,ERR,ERR,ERR,ERR,ERR,ERR,ERR,ERR,ERR,ERR,ERR,ERR,ERR,ERR,ERR,ERR,ERR,ERR,ERR,ERR,ERR,ERR,ERR,ERR,ERR,ERR,ERR,ERR,ERR,ERR,ERR,ERR,ERR,ERR,ERR,ERR,ERR,ERR,ERR,ERR,ERR,ERR,ERR,ERR,ERR,ERR,ERR,ERR,0.0,0.0,0.0,0.0,0.0,1.3936040501711995e+18,7.805,0.0,0,0,4,0,7116,0.0,100,0.0,0.0,0.0,0.0,0.0,0,0,0,0,0.0,0,0,0,0,0,0,0,0,0,0,0,0,0,0,0,0,0,0,0,0,0,0,0,0,0,0,0,0,0,0,0,0,0,31,40,40,71,65476,0,300,0,0,8,21553,0.0,-107605600.0,0.0,0.0,0.0,0.0,0.0,0.0,0.0,0.0,0.0,0.0,0.0,0.0,0.0,0.0,0.0,0.0,0.0,0.0,0.0,0.0,-2.004,2.004,-0.0,-2.004,0.0,0.0,0.0,0.0,6338.0,0.0,6915.0,0.0,0.0,2.7184303811560617e+23,0.0,0.0,0.0,0.0,0.0,69,-89221.164,-0.0,0.0,0.0,0.0,0.0,0.0,0.0,0.0,0,0,0,0.0,0.0,0.0,0.0,0.0,0.0,0.0,0.0,0.0,0.0,0.0,0.0,0.0,0.0,0.0,0.0,0,-107875648.0,69,0.0,138,0.0,-0.0,0,13107,17040,13107,17049,13107,17043,0,0,0,70,68,100,2.7302359370752657e+23,71.1,0.0,74.2,2.7302370179391762e+23,74.0,1,49,50,180,0,52429,0,0,0.0,0.0,0.0,0.0,-0.0,67.0,0.0,162057.094,0.0,750,0,739,0,0,0,721,0,766,0,736,0,742,0,741,0,712,0,7520,0.032,78920024064.0,0.0,0.0,784,16797,-0.0,162057.094,-114818.039,-0.0,0.133,6.909358625270745e+28,30.0,65.0,35,0.0,0.0,0.0,0.0,0.0,0.0,0.0,0.0,0.0,0.0,0.0,0.0,0.0,0.0,0.0,0.0,69.2,0,150,71,54,65476,0,300,0,1,8,20529,65476,0,0,40632,65.0,0.0,0.0,0.0,0.0,0.0
2026-09-04T20:46:15,ERR,ERR,ERR,ERR,ERR,ERR,ERR,ERR,ERR,ERR,ERR,ERR,ERR,ERR,ERR,ERR,ERR,ERR,ERR,ERR,ERR,ERR,ERR,ERR,ERR,ERR,ERR,ERR,ERR,ERR,ERR,ERR,ERR,ERR,ERR,ERR,ERR,ERR,ERR,ERR,ERR,ERR,ERR,ERR,ERR,ERR,ERR,ERR,ERR,ERR,ERR,ERR,ERR,ERR,ERR,ERR,ERR,ERR,ERR,ERR,ERR,ERR,ERR,ERR,ERR,ERR,ERR,ERR,ERR,ERR,ERR,ERR,ERR,ERR,ERR,ERR,ERR,ERR,ERR,ERR,ERR,ERR,ERR,ERR,ERR,ERR,ERR,ERR,ERR,ERR,ERR,ERR,ERR,ERR,ERR,ERR,ERR,ERR,ERR,ERR,ERR,ERR,ERR,ERR,ERR,ERR,ERR,ERR,ERR,ERR,ERR,ERR,ERR,ERR,ERR,ERR,ERR,ERR,ERR,ERR,ERR,ERR,ERR,ERR,ERR,0.0,0.0,0.0,0.0,0.0,1.3936040501711995e+18,7.805,0.0,0,0,4,0,7116,0.0,100,0.0,0.0,0.0,0.0,0.0,0,0,0,0,0.0,0,0,0,0,0,0,0,0,0,0,0,0,0,0,0,0,0,0,0,0,0,0,0,0,0,0,0,0,0,0,0,0,0,31,40,40,71,65476,0,300,0,0,8,21553,0.0,-107605600.0,0.0,0.0,0.0,0.0,0.0,0.0,0.0,0.0,0.0,0.0,0.0,0.0,0.0,0.0,0.0,0.0,0.0,0.0,0.0,0.0,-2.004,2.004,-0.0,-2.004,0.0,0.0,0.0,0.0,6338.0,0.0,6915.0,0.0,0.0,2.7184303811560617e+23,0.0,0.0,0.0,0.0,0.0,69,-89221.164,-0.0,0.0,0.0,0.0,0.0,0.0,0.0,0.0,0,0,0,0.0,0.0,0.0,0.0,0.0,0.0,0.0,0.0,0.0,0.0,0.0,0.0,0.0,0.0,0.0,0.0,0,-107875648.0,69,0.0,138,0.0,-0.0,0,13107,17040,13107,17049,13107,17043,0,0,0,70,68,100,2.7302359370752657e+23,71.1,0.0,74.2,2.7302370179391762e+23,74.0,1,49,50,180,0,52429,0,0,0.0,0.0,0.0,0.0,-0.0,67.0,0.0,162057.094,0.0,750,0,739,0,0,0,721,0,766,0,736,0,742,0,741,0,712,0,7520,0.032,78920024064.0,0.0,0.0,784,16797,-0.0,162057.094,-114818.039,-0.0,0.133,6.909358625270745e+28,30.0,65.0,35,0.0,0.0,0.0,0.0,0.0,0.0,0.0,0.0,0.0,0.0,0.0,0.0,0.0,0.0,0.0,0.0,69.2,0,150,71,54,65476,0,300,0,1,8,20529,65476,0,0,40632,65.0,0.0,0.0,0.0,0.0,0.0
2026-09-04T20:46:16,ERR,ERR,ERR,ERR,ERR,ERR,ERR,ERR,ERR,ERR,ERR,ERR,ERR,ERR,ERR,ERR,ERR,ERR,ERR,ERR,ERR,ERR,ERR,ERR,ERR,ERR,ERR,ERR,ERR,ERR,ERR,ERR,ERR,ERR,ERR,ERR,ERR,ERR,ERR,ERR,ERR,ERR,ERR,ERR,ERR,ERR,ERR,ERR,ERR,ERR,ERR,ERR,ERR,ERR,ERR,ERR,ERR,ERR,ERR,ERR,ERR,ERR,ERR,ERR,ERR,ERR,ERR,ERR,ERR,ERR,ERR,ERR,ERR,ERR,ERR,ERR,ERR,ERR,ERR,ERR,ERR,ERR,ERR,ERR,ERR,ERR,ERR,ERR,ERR,ERR,ERR,ERR,ERR,ERR,ERR,ERR,ERR,ERR,ERR,ERR,ERR,ERR,ERR,ERR,ERR,ERR,ERR,ERR,ERR,ERR,ERR,ERR,ERR,ERR,ERR,ERR,ERR,ERR,ERR,ERR,ERR,ERR,ERR,ERR,ERR,0.0,0.0,0.0,0.0,0.0,1.3936040501711995e+18,7.805,0.0,0,0,4,0,7116,0.0,100,0.0,0.0,0.0,0.0,0.0,0,0,0,0,0.0,0,0,0,0,0,0,0,0,0,0,0,0,0,0,0,0,0,0,0,0,0,0,0,0,0,0,0,0,0,0,0,0,0,31,40,40,71,65476,0,300,0,0,8,21553,0.0,-107605600.0,0.0,0.0,0.0,0.0,0.0,0.0,0.0,0.0,0.0,0.0,0.0,0.0,0.0,0.0,0.0,0.0,0.0,0.0,0.0,0.0,-2.004,2.004,-0.0,-2.004,0.0,0.0,0.0,0.0,6338.0,0.0,6915.0,0.0,0.0,2.7184303811560617e+23,0.0,0.0,0.0,0.0,0.0,69,-89221.164,-0.0,0.0,0.0,0.0,0.0,0.0,0.0,0.0,0,0,0,0.0,0.0,0.0,0.0,0.0,0.0,0.0,0.0,0.0,0.0,0.0,0.0,0.0,0.0,0.0,0.0,0,-107875648.0,69,0.0,138,0.0,-0.0,0,13107,17040,13107,17049,13107,17043,0,0,0,70,68,100,2.7302359370752657e+23,71.1,0.0,74.2,2.7302370179391762e+23,74.0,1,49,50,180,0,52429,0,0,0.0,0.0,0.0,0.0,-0.0,67.0,0.0,162057.094,0.0,750,0,739,0,0,0,721,0,766,0,735,0,742,0,741,0,712,0,7520,0.032,78920024064.0,0.0,0.0,784,16797,-0.0,162057.094,-114818.039,-0.0,0.133,6.909358625270745e+28,30.0,65.0,35,0.0,0.0,0.0,0.0,0.0,0.0,0.0,0.0,0.0,0.0,0.0,0.0,0.0,0.0,0.0,0.0,69.2,0,150,71,54,65476,0,300,0,1,8,20529,65476,0,0,40632,65.0,0.0,0.0,0.0,0.0,0.0
2026-09-04T20:46:17,ERR,ERR,ERR,ERR,ERR,ERR,ERR,ERR,ERR,ERR,ERR,ERR,ERR,ERR,ERR,ERR,ERR,ERR,ERR,ERR,ERR,ERR,ERR,ERR,ERR,ERR,ERR,ERR,ERR,ERR,ERR,ERR,ERR,ERR,ERR,ERR,ERR,ERR,ERR,ERR,ERR,ERR,ERR,ERR,ERR,ERR,ERR,ERR,ERR,ERR,ERR,ERR,ERR,ERR,ERR,ERR,ERR,ERR,ERR,ERR,ERR,ERR,ERR,ERR,ERR,ERR,ERR,ERR,ERR,ERR,ERR,ERR,ERR,ERR,ERR,ERR,ERR,ERR,ERR,ERR,ERR,ERR,ERR,ERR,ERR,ERR,ERR,ERR,ERR,ERR,ERR,ERR,ERR,ERR,ERR,ERR,ERR,ERR,ERR,ERR,ERR,ERR,ERR,ERR,ERR,ERR,ERR,ERR,ERR,ERR,ERR,ERR,ERR,ERR,ERR,ERR,ERR,ERR,ERR,ERR,ERR,ERR,ERR,ERR,ERR,0.0,0.0,0.0,0.0,0.0,1.3936040501711995e+18,7.805,0.0,0,0,4,0,7116,0.0,100,0.0,0.0,0.0,0.0,0.0,0,0,0,0,0.0,0,0,0,0,0,0,0,0,0,0,0,0,0,0,0,0,0,0,0,0,0,0,0,0,0,0,0,0,0,0,0,0,0,31,40,40,71,65476,0,300,0,0,8,21553,0.0,-107605600.0,0.0,0.0,0.0,0.0,0.0,0.0,0.0,0.0,0.0,0.0,0.0,0.0,0.0,0.0,0.0,0.0,0.0,0.0,0.0,0.0,-2.004,2.004,-0.0,-2.004,0.0,0.0,0.0,0.0,6338.0,0.0,6915.0,0.0,0.0,2.7184303811560617e+23,0.0,0.0,0.0,0.0,0.0,69,-89221.164,-0.0,0.0,0.0,0.0,0.0,0.0,0.0,0.0,0,0,0,0.0,0.0,0.0,0.0,0.0,0.0,0.0,0.0,0.0,0.0,0.0,0.0,0.0,0.0,0.0,0.0,0,-107875648.0,69,0.0,138,0.0,-0.0,0,13107,17040,13107,17049,13107,17043,0,0,0,70,68,100,2.7302359370752657e+23,71.1,0.0,74.2,2.7302370179391762e+23,74.0,1,49,50,180,0,52429,0,0,0.0,0.0,0.0,0.0,-0.0,67.0,0.0,162057.094,0.0,750,0,739,0,0,0,721,0,766,0,735,0,742,0,741,0,712,0,7520,0.032,78920024064.0,0.0,0.0,784,16797,-0.0,162057.094,-114818.039,-0.0,0.133,6.909358625270745e+28,30.0,65.0,35,0.0,0.0,0.0,0.0,0.0,0.0,0.0,0.0,0.0,0.0,0.0,0.0,0.0,0.0,0.0,0.0,69.2,0,150,71,54,65476,0,300,0,1,8,20529,65476,0,0,40632,65.0,0.0,0.0,0.0,0.0,0.0
2026-09-04T20:46:18,ERR,ERR,ERR,ERR,ERR,ERR,ERR,ERR,ERR,ERR,ERR,ERR,ERR,ERR,ERR,ERR,ERR,ERR,ERR,ERR,ERR,ERR,ERR,ERR,ERR,ERR,ERR,ERR,ERR,ERR,ERR,ERR,ERR,ERR,ERR,ERR,ERR,ERR,ERR,ERR,ERR,ERR,ERR,ERR,ERR,ERR,ERR,ERR,ERR,ERR,ERR,ERR,ERR,ERR,ERR,ERR,ERR,ERR,ERR,ERR,ERR,ERR,ERR,ERR,ERR,ERR,ERR,ERR,ERR,ERR,ERR,ERR,ERR,ERR,ERR,ERR,ERR,ERR,ERR,ERR,ERR,ERR,ERR,ERR,ERR,ERR,ERR,ERR,ERR,ERR,ERR,ERR,ERR,ERR,ERR,ERR,ERR,ERR,ERR,ERR,ERR,ERR,ERR,ERR,ERR,ERR,ERR,ERR,ERR,ERR,ERR,ERR,ERR,ERR,ERR,ERR,ERR,ERR,ERR,ERR,ERR,ERR,ERR,ERR,ERR,0.0,0.0,0.0,0.0,0.0,1.3936040501711995e+18,7.805,0.0,0,0,4,0,7116,0.0,100,0.0,0.0,0.0,0.0,0.0,0,0,0,0,0.0,0,0,0,0,0,0,0,0,0,0,0,0,0,0,0,0,0,0,0,0,0,0,0,0,0,0,0,0,0,0,0,0,0,31,40,40,71,65476,0,300,0,0,8,21553,0.0,-107605600.0,0.0,0.0,0.0,0.0,0.0,0.0,0.0,0.0,0.0,0.0,0.0,0.0,0.0,0.0,0.0,0.0,0.0,0.0,0.0,0.0,-2.004,2.004,-0.0,-0.0,0.0,0.0,0.0,0.0,6336.0,1.5879372866899675e+29,6926.0,0.0,0.0,2.7184303811560617e+23,0.0,0.0,0.0,0.0,0.0,69,-71.63,0.0,0.0,0.0,0.0,0.0,0.0,0.0,0.0,0,0,0,0.0,0.0,0.0,0.0,0.0,0.0,0.0,0.0,0.0,0.0,0.0,0.0,0.0,0.0,0.0,0.0,0,-107875648.0,69,0.0,138,0.0,0.0,0,13107,17040,13107,17049,13107,17043,0,0,0,70,68,100,2.7302359370752657e+23,71.1,0.0,74.2,2.7302370179391762e+23,74.0,1,49,50,180,0,52429,0,0,0.0,0.0,0.0,0.0,-0.0,67.0,0.0,162057.094,0.0,750,0,739,0,0,0,721,0,766,0,735,0,742,0,741,0,712,0,7520,0.032,78920024064.0,0.0,0.0,784,16797,-0.0,162057.094,-114818.039,-0.0,0.133,6.909358625270745e+28,30.0,65.0,35,0.0,0.0,0.0,0.0,0.0,0.0,0.0,0.0,0.0,0.0,0.0,0.0,0.0,0.0,0.0,0.0,69.2,0,150,71,54,65476,0,300,0,1,8,20529,65476,0,0,40632,65.0,0.0,0.0,0.0,0.0,0.0
2026-09-04T20:46:19,ERR,ERR,ERR,ERR,ERR,ERR,ERR,ERR,ERR,ERR,ERR,ERR,ERR,ERR,ERR,ERR,ERR,ERR,ERR,ERR,ERR,ERR,ERR,ERR,ERR,ERR,ERR,ERR,ERR,ERR,ERR,ERR,ERR,ERR,ERR,ERR,ERR,ERR,ERR,ERR,ERR,ERR,ERR,ERR,ERR,ERR,ERR,ERR,ERR,ERR,ERR,ERR,ERR,ERR,ERR,ERR,ERR,ERR,ERR,ERR,ERR,ERR,ERR,ERR,ERR,ERR,ERR,ERR,ERR,ERR,ERR,ERR,ERR,ERR,ERR,ERR,ERR,ERR,ERR,ERR,ERR,ERR,ERR,ERR,ERR,ERR,ERR,ERR,ERR,ERR,ERR,ERR,ERR,ERR,ERR,ERR,ERR,ERR,ERR,ERR,ERR,ERR,ERR,ERR,ERR,ERR,ERR,ERR,ERR,ERR,ERR,ERR,ERR,ERR,ERR,ERR,ERR,ERR,ERR,ERR,ERR,ERR,ERR,ERR,ERR,0.0,0.0,0.0,0.0,0.0,1.3936040501711995e+18,7.805,0.0,0,0,4,0,7116,0.0,100,0.0,0.0,0.0,0.0,0.0,0,0,0,0,0.0,0,0,0,0,0,0,0,0,0,0,0,0,0,0,0,0,0,0,0,0,0,0,0,0,0,0,0,0,0,0,0,0,0,31,40,40,71,65476,0,300,0,0,8,21553,0.0,-107605600.0,0.0,0.0,0.0,0.0,0.0,0.0,0.0,0.0,0.0,0.0,0.0,0.0,0.0,0.0,0.0,0.0,0.0,0.0,0.0,0.0,-2.004,2.004,-0.0,-0.0,0.0,0.0,0.0,0.0,6336.0,1.5879372866899675e+29,6926.0,0.0,0.0,2.7184303811560617e+23,0.0,0.0,0.0,0.0,0.0,69,-71.63,0.0,0.0,0.0,0.0,0.0,0.0,0.0,0.0,0,0,0,0.0,0.0,0.0,0.0,0.0,0.0,0.0,0.0,0.0,0.0,0.0,0.0,0.0,0.0,0.0,0.0,0,-107875648.0,69,0.0,138,0.0,0.0,0,13107,17040,13107,17049,13107,17043,0,0,0,70,68,100,2.7302359370752657e+23,71.1,0.0,74.2,2.7302370179391762e+23,74.0,1,49,50,180,0,52429,0,0,0.0,0.0,0.0,0.0,-0.0,67.0,0.0,162057.094,0.0,750,0,739,0,0,0,721,0,766,0,735,0,742,0,741,0,712,0,7520,0.032,78920024064.0,0.0,0.0,784,16797,-0.0,162057.094,-114818.039,-0.0,0.133,6.909358625270745e+28,30.0,65.0,35,0.0,0.0,0.0,0.0,0.0,0.0,0.0,0.0,0.0,0.0,0.0,0.0,0.0,0.0,0.0,0.0,69.2,0,150,71,54,65476,0,300,0,1,8,20529,65476,0,0,40632,65.0,0.0,0.0,0.0,0.0,0.0
2026-09-04T20:46:20,ERR,ERR,ERR,ERR,ERR,ERR,ERR,ERR,ERR,ERR,ERR,ERR,ERR,ERR,ERR,ERR,ERR,ERR,ERR,ERR,ERR,ERR,ERR,ERR,ERR,ERR,ERR,ERR,ERR,ERR,ERR,ERR,ERR,ERR,ERR,ERR,ERR,ERR,ERR,ERR,ERR,ERR,ERR,ERR,ERR,ERR,ERR,ERR,ERR,ERR,ERR,ERR,ERR,ERR,ERR,ERR,ERR,ERR,ERR,ERR,ERR,ERR,ERR,ERR,ERR,ERR,ERR,ERR,ERR,ERR,ERR,ERR,ERR,ERR,ERR,ERR,ERR,ERR,ERR,ERR,ERR,ERR,ERR,ERR,ERR,ERR,ERR,ERR,ERR,ERR,ERR,ERR,ERR,ERR,ERR,ERR,ERR,ERR,ERR,ERR,ERR,ERR,ERR,ERR,ERR,ERR,ERR,ERR,ERR,ERR,ERR,ERR,ERR,ERR,ERR,ERR,ERR,ERR,ERR,ERR,ERR,ERR,ERR,ERR,ERR,0.0,0.0,0.0,0.0,0.0,1.3936040501711995e+18,7.805,0.0,0,0,4,0,7116,0.0,100,0.0,0.0,0.0,0.0,0.0,0,0,0,0,0.0,0,0,0,0,0,0,0,0,0,0,0,0,0,0,0,0,0,0,0,0,0,0,0,0,0,0,0,0,0,0,0,0,0,31,40,40,71,65476,0,300,0,0,8,21553,0.0,-107605600.0,0.0,0.0,0.0,0.0,0.0,0.0,0.0,0.0,0.0,0.0,0.0,0.0,0.0,0.0,0.0,0.0,0.0,0.0,0.0,0.0,-2.004,2.004,-0.0,-0.0,0.0,0.0,0.0,0.0,6336.0,1.5879372866899675e+29,6926.0,0.0,0.0,2.7184303811560617e+23,0.0,0.0,0.0,0.0,0.0,69,-71.63,0.0,0.0,0.0,0.0,0.0,0.0,0.0,0.0,0,0,0,0.0,0.0,0.0,0.0,0.0,0.0,0.0,0.0,0.0,0.0,0.0,0.0,0.0,0.0,0.0,0.0,0,-107875648.0,69,0.0,138,0.0,0.0,0,13107,17040,13107,17049,13107,17043,0,0,0,70,68,100,2.7302359370752657e+23,71.1,0.0,74.2,2.7302370179391762e+23,74.0,1,49,50,180,0,52429,0,0,0.0,0.0,0.0,0.0,-0.0,67.0,0.0,162057.094,0.0,750,0,739,0,0,0,721,0,766,0,735,0,742,0,741,0,712,0,7520,0.032,78920024064.0,0.0,0.0,784,16797,-0.0,162057.094,-114818.039,-0.0,0.133,6.909358625270745e+28,30.0,65.0,35,0.0,0.0,0.0,0.0,0.0,0.0,0.0,0.0,0.0,0.0,0.0,0.0,0.0,0.0,0.0,0.0,69.2,0,150,71,54,65476,0,300,0,1,8,20529,65476,0,0,40632,65.0,0.0,0.0,0.0,0.0,0.0
2026-09-04T20:46:21,ERR,ERR,ERR,ERR,ERR,ERR,ERR,ERR,ERR,ERR,ERR,ERR,ERR,ERR,ERR,ERR,ERR,ERR,ERR,ERR,ERR,ERR,ERR,ERR,ERR,ERR,ERR,ERR,ERR,ERR,ERR,ERR,ERR,ERR,ERR,ERR,ERR,ERR,ERR,ERR,ERR,ERR,ERR,ERR,ERR,ERR,ERR,ERR,ERR,ERR,ERR,ERR,ERR,ERR,ERR,ERR,ERR,ERR,ERR,ERR,ERR,ERR,ERR,ERR,ERR,ERR,ERR,ERR,ERR,ERR,ERR,ERR,ERR,ERR,ERR,ERR,ERR,ERR,ERR,ERR,ERR,ERR,ERR,ERR,ERR,ERR,ERR,ERR,ERR,ERR,ERR,ERR,ERR,ERR,ERR,ERR,ERR,ERR,ERR,ERR,ERR,ERR,ERR,ERR,ERR,ERR,ERR,ERR,ERR,ERR,ERR,ERR,ERR,ERR,ERR,ERR,ERR,ERR,ERR,ERR,ERR,ERR,ERR,ERR,ERR,0.0,0.0,0.0,0.0,0.0,1.3936040501711995e+18,7.805,0.0,0,0,4,0,7116,0.0,100,0.0,0.0,0.0,0.0,0.0,0,0,0,0,0.0,0,0,0,0,0,0,0,0,0,0,0,0,0,0,0,0,0,0,0,0,0,0,0,0,0,0,0,0,0,0,0,0,0,31,40,40,71,65476,0,300,0,0,8,21553,0.0,-107605600.0,0.0,0.0,0.0,0.0,0.0,0.0,0.0,0.0,0.0,0.0,0.0,0.0,0.0,0.0,0.0,0.0,0.0,0.0,0.0,0.0,-2.004,2.004,-0.0,-0.0,0.0,0.0,0.0,0.0,6336.0,1.5879372866899675e+29,6926.0,0.0,0.0,2.7184303811560617e+23,0.0,0.0,0.0,0.0,0.0,69,-71.63,0.0,0.0,0.0,0.0,0.0,0.0,0.0,0.0,0,0,0,0.0,0.0,0.0,0.0,0.0,0.0,0.0,0.0,0.0,0.0,0.0,0.0,0.0,0.0,0.0,0.0,0,-107875648.0,69,0.0,138,0.0,0.0,0,13107,17040,13107,17049,13107,17043,0,0,0,70,68,100,2.7302359370752657e+23,71.1,0.0,74.2,2.7302370179391762e+23,74.0,1,49,50,180,0,52429,0,0,0.0,0.0,0.0,0.0,-0.0,67.0,0.0,162057.094,0.0,750,0,739,0,0,0,721,0,766,0,735,0,742,0,741,0,712,0,7520,0.032,78920024064.0,0.0,0.0,784,16797,-0.0,162057.094,-114818.039,-0.0,0.133,6.909358625270745e+28,30.0,65.0,35,0.0,0.0,0.0,0.0,0.0,0.0,0.0,0.0,0.0,0.0,0.0,0.0,0.0,0.0,0.0,0.0,69.2,0,150,71,54,65476,0,300,0,1,8,20529,65476,0,0,40632,65.0,0.0,0.0,0.0,0.0,0.0
2026-09-04T20:46:22,ERR,ERR,ERR,ERR,ERR,ERR,ERR,ERR,ERR,ERR,ERR,ERR,ERR,ERR,ERR,ERR,ERR,ERR,ERR,ERR,ERR,ERR,ERR,ERR,ERR,ERR,ERR,ERR,ERR,ERR,ERR,ERR,ERR,ERR,ERR,ERR,ERR,ERR,ERR,ERR,ERR,ERR,ERR,ERR,ERR,ERR,ERR,ERR,ERR,ERR,ERR,ERR,ERR,ERR,ERR,ERR,ERR,ERR,ERR,ERR,ERR,ERR,ERR,ERR,ERR,ERR,ERR,ERR,ERR,ERR,ERR,ERR,ERR,ERR,ERR,ERR,ERR,ERR,ERR,ERR,ERR,ERR,ERR,ERR,ERR,ERR,ERR,ERR,ERR,ERR,ERR,ERR,ERR,ERR,ERR,ERR,ERR,ERR,ERR,ERR,ERR,ERR,ERR,ERR,ERR,ERR,ERR,ERR,ERR,ERR,ERR,ERR,ERR,ERR,ERR,ERR,ERR,ERR,ERR,ERR,ERR,ERR,ERR,ERR,ERR,0.0,0.0,0.0,0.0,0.0,1.3936040501711995e+18,7.805,0.0,0,0,4,0,7116,0.0,100,0.0,0.0,0.0,0.0,0.0,0,0,0,0,0.0,0,0,0,0,0,0,0,0,0,0,0,0,0,0,0,0,0,0,0,0,0,0,0,0,0,0,0,0,0,0,0,0,0,31,40,40,71,65476,0,300,0,0,8,21553,0.0,-107605600.0,0.0,0.0,0.0,0.0,0.0,0.0,0.0,0.0,0.0,0.0,0.0,0.0,0.0,0.0,0.0,0.0,0.0,0.0,0.0,0.0,-2.004,2.004,-0.0,-0.0,0.0,0.0,0.0,0.0,6336.0,1.5879372866899675e+29,6926.0,0.0,0.0,2.7184303811560617e+23,0.0,0.0,0.0,0.0,0.0,69,-71.63,0.0,0.0,0.0,0.0,0.0,0.0,0.0,0.0,0,0,0,0.0,0.0,0.0,0.0,0.0,0.0,0.0,0.0,0.0,0.0,0.0,0.0,0.0,0.0,0.0,0.0,0,-107875648.0,69,0.0,138,0.0,0.0,0,13107,17040,13107,17049,0,17043,0,0,0,70,68,100,2.7302359370752657e+23,71.1,0.0,74.2,2.7302370179391762e+23,74.0,1,49,50,180,0,52429,0,0,0.0,0.0,0.0,0.0,-0.0,67.0,0.0,162057.094,0.0,750,0,739,0,0,0,721,0,766,0,736,0,742,0,741,0,712,0,7520,0.032,79456894976.0,0.0,0.0,784,16797,-0.0,162057.094,-114818.039,-0.0,0.133,6.909358625270745e+28,30.0,65.0,35,0.0,0.0,0.0,0.0,0.0,0.0,0.0,0.0,0.0,0.0,0.0,0.0,0.0,0.0,0.0,0.0,69.2,0,150,71,54,65476,0,300,0,1,8,20529,65476,0,0,40632,65.0,0.0,0.0,0.0,0.0,0.0
2026-09-04T20:46:23,ERR,ERR,ERR,ERR,ERR,ERR,ERR,ERR,ERR,ERR,ERR,ERR,ERR,ERR,ERR,ERR,ERR,ERR,ERR,ERR,ERR,ERR,ERR,ERR,ERR,ERR,ERR,ERR,ERR,ERR,ERR,ERR,ERR,ERR,ERR,ERR,ERR,ERR,ERR,ERR,ERR,ERR,ERR,ERR,ERR,ERR,ERR,ERR,ERR,ERR,ERR,ERR,ERR,ERR,ERR,ERR,ERR,ERR,ERR,ERR,ERR,ERR,ERR,ERR,ERR,ERR,ERR,ERR,ERR,ERR,ERR,ERR,ERR,ERR,ERR,ERR,ERR,ERR,ERR,ERR,ERR,ERR,ERR,ERR,ERR,ERR,ERR,ERR,ERR,ERR,ERR,ERR,ERR,ERR,ERR,ERR,ERR,ERR,ERR,ERR,ERR,ERR,ERR,ERR,ERR,ERR,ERR,ERR,ERR,ERR,ERR,ERR,ERR,ERR,ERR,ERR,ERR,ERR,ERR,ERR,ERR,ERR,ERR,ERR,ERR,0.0,0.0,0.0,0.0,0.0,1.3936040501711995e+18,7.805,0.0,0,0,4,0,7116,0.0,100,0.0,0.0,0.0,0.0,0.0,0,0,0,0,0.0,0,0,0,0,0,0,0,0,0,0,0,0,0,0,0,0,0,0,0,0,0,0,0,0,0,0,0,0,0,0,0,0,0,31,40,40,71,65476,0,300,0,0,8,21553,0.0,-107605600.0,0.0,0.0,0.0,0.0,0.0,0.0,0.0,0.0,0.0,0.0,0.0,0.0,0.0,0.0,0.0,0.0,0.0,0.0,0.0,0.0,-2.004,2.004,-0.0,-0.0,0.0,0.0,0.0,0.0,6336.0,1.5879372866899675e+29,6926.0,0.0,0.0,2.7184303811560617e+23,0.0,0.0,0.0,0.0,0.0,69,-71.63,0.0,0.0,0.0,0.0,0.0,0.0,0.0,0.0,0,0,0,0.0,0.0,0.0,0.0,0.0,0.0,0.0,0.0,0.0,0.0,0.0,0.0,0.0,0.0,0.0,0.0,0,-107875648.0,69,0.0,138,0.0,0.0,0,13107,17040,13107,17049,0,17043,0,0,0,70,68,100,2.7302359370752657e+23,71.1,0.0,74.2,2.7302370179391762e+23,74.0,1,49,50,180,0,52429,0,0,0.0,0.0,0.0,0.0,-0.0,67.0,0.0,162057.094,0.0,750,0,739,0,0,0,721,0,766,0,736,0,742,0,741,0,712,0,7520,0.032,79456894976.0,0.0,0.0,784,16797,-0.0,162057.094,-114818.039,-0.0,0.133,6.909358625270745e+28,30.0,65.0,35,0.0,0.0,0.0,0.0,0.0,0.0,0.0,0.0,0.0,0.0,0.0,0.0,0.0,0.0,0.0,0.0,69.6,0,150,71,54,65476,0,300,0,1,8,20529,65476,0,0,40632,65.0,0.0,0.0,0.0,0.0,0.0
2026-09-04T20:46:24,ERR,ERR,ERR,ERR,ERR,ERR,ERR,ERR,ERR,ERR,ERR,ERR,ERR,ERR,ERR,ERR,ERR,ERR,ERR,ERR,ERR,ERR,ERR,ERR,ERR,ERR,ERR,ERR,ERR,ERR,ERR,ERR,ERR,ERR,ERR,ERR,ERR,ERR,ERR,ERR,ERR,ERR,ERR,ERR,ERR,ERR,ERR,ERR,ERR,ERR,ERR,ERR,ERR,ERR,ERR,ERR,ERR,ERR,ERR,ERR,ERR,ERR,ERR,ERR,ERR,ERR,ERR,ERR,ERR,ERR,ERR,ERR,ERR,ERR,ERR,ERR,ERR,ERR,ERR,ERR,ERR,ERR,ERR,ERR,ERR,ERR,ERR,ERR,ERR,ERR,ERR,ERR,ERR,ERR,ERR,ERR,ERR,ERR,ERR,ERR,ERR,ERR,ERR,ERR,ERR,ERR,ERR,ERR,ERR,ERR,ERR,ERR,ERR,ERR,ERR,ERR,ERR,ERR,ERR,ERR,ERR,ERR,ERR,ERR,ERR,0.0,0.0,0.0,0.0,0.0,1.3936040501711995e+18,7.805,0.0,0,0,4,0,7116,0.0,100,0.0,0.0,0.0,0.0,0.0,0,0,0,0,0.0,0,0,0,0,0,0,0,0,0,0,0,0,0,0,0,0,0,0,0,0,0,0,0,0,0,0,0,0,0,0,0,0,0,31,40,40,71,65476,0,300,0,0,8,21553,0.0,-107605600.0,0.0,0.0,0.0,0.0,0.0,0.0,0.0,0.0,0.0,0.0,0.0,0.0,0.0,0.0,0.0,0.0,0.0,0.0,0.0,0.0,-2.004,2.004,-0.0,-0.0,0.0,0.0,0.0,0.0,6336.0,1.5879372866899675e+29,6926.0,0.0,0.0,2.7184303811560617e+23,0.0,0.0,0.0,0.0,0.0,69,-71.63,0.0,0.0,0.0,0.0,0.0,0.0,0.0,0.0,0,0,0,0.0,0.0,0.0,0.0,0.0,0.0,0.0,0.0,0.0,0.0,0.0,0.0,0.0,0.0,0.0,0.0,0,-107875648.0,69,0.0,138,0.0,0.0,0,13107,17040,13107,17049,0,17043,0,0,0,70,68,100,2.7302359370752657e+23,71.1,0.0,74.2,2.7302370179391762e+23,74.0,1,49,50,180,0,52429,0,0,0.0,0.0,0.0,0.0,-0.0,67.0,0.0,162057.094,0.0,750,0,739,0,0,0,721,0,766,0,736,0,742,0,741,0,712,0,7520,0.032,79456894976.0,0.0,0.0,784,16797,-0.0,162057.094,-114818.039,-0.0,0.133,6.909358625270745e+28,30.0,65.0,35,0.0,0.0,0.0,0.0,0.0,0.0,0.0,0.0,0.0,0.0,0.0,0.0,0.0,0.0,0.0,0.0,69.6,0,150,71,54,65476,0,300,0,1,8,20529,65476,0,0,40632,65.0,0.0,0.0,0.0,0.0,0.0
2026-09-04T20:46:25,ERR,ERR,ERR,ERR,ERR,ERR,ERR,ERR,ERR,ERR,ERR,ERR,ERR,ERR,ERR,ERR,ERR,ERR,ERR,ERR,ERR,ERR,ERR,ERR,ERR,ERR,ERR,ERR,ERR,ERR,ERR,ERR,ERR,ERR,ERR,ERR,ERR,ERR,ERR,ERR,ERR,ERR,ERR,ERR,ERR,ERR,ERR,ERR,ERR,ERR,ERR,ERR,ERR,ERR,ERR,ERR,ERR,ERR,ERR,ERR,ERR,ERR,ERR,ERR,ERR,ERR,ERR,ERR,ERR,ERR,ERR,ERR,ERR,ERR,ERR,ERR,ERR,ERR,ERR,ERR,ERR,ERR,ERR,ERR,ERR,ERR,ERR,ERR,ERR,ERR,ERR,ERR,ERR,ERR,ERR,ERR,ERR,ERR,ERR,ERR,ERR,ERR,ERR,ERR,ERR,ERR,ERR,ERR,ERR,ERR,ERR,ERR,ERR,ERR,ERR,ERR,ERR,ERR,ERR,ERR,ERR,ERR,ERR,ERR,ERR,0.0,0.0,0.0,0.0,0.0,1.3936040501711995e+18,7.805,0.0,0,0,4,0,7116,0.0,100,0.0,0.0,0.0,0.0,0.0,0,0,0,0,0.0,0,0,0,0,0,0,0,0,0,0,0,0,0,0,0,0,0,0,0,0,0,0,0,0,0,0,0,0,0,0,0,0,0,31,40,40,71,65476,0,300,0,0,8,21553,0.0,-107605600.0,0.0,0.0,0.0,0.0,0.0,0.0,0.0,0.0,0.0,0.0,0.0,0.0,0.0,0.0,0.0,0.0,0.0,0.0,0.0,0.0,-2.004,2.004,-0.0,-0.0,0.0,0.0,0.0,0.0,6336.0,1.5879372866899675e+29,6926.0,0.0,0.0,2.7184303811560617e+23,0.0,0.0,0.0,0.0,0.0,69,-71.63,0.0,0.0,0.0,0.0,0.0,0.0,0.0,0.0,0,0,0,0.0,0.0,0.0,0.0,0.0,0.0,0.0,0.0,0.0,0.0,0.0,0.0,0.0,0.0,0.0,0.0,0,-107875648.0,69,0.0,138,0.0,0.0,0,13107,17040,13107,17049,0,17043,0,0,0,70,68,100,2.7302359370752657e+23,71.1,0.0,74.2,2.7302370179391762e+23,74.0,1,49,50,180,0,52429,0,0,0.0,0.0,0.0,0.0,-0.0,67.0,0.0,162057.094,0.0,750,0,739,0,0,0,721,0,766,0,736,0,742,0,741,0,712,0,7520,0.032,79456894976.0,0.0,0.0,784,16797,-0.0,162057.094,-114818.039,-0.0,0.133,6.909358625270745e+28,30.0,65.0,35,0.0,0.0,0.0,0.0,0.0,0.0,0.0,0.0,0.0,0.0,0.0,0.0,0.0,0.0,0.0,0.0,69.6,0,150,71,54,65476,0,300,0,1,8,20529,65476,0,0,40632,65.0,0.0,0.0,0.0,0.0,0.0
2026-09-04T20:46:26,ERR,ERR,ERR,ERR,ERR,ERR,ERR,ERR,ERR,ERR,ERR,ERR,ERR,ERR,ERR,ERR,ERR,ERR,ERR,ERR,ERR,ERR,ERR,ERR,ERR,ERR,ERR,ERR,ERR,ERR,ERR,ERR,ERR,ERR,ERR,ERR,ERR,ERR,ERR,ERR,ERR,ERR,ERR,ERR,ERR,ERR,ERR,ERR,ERR,ERR,ERR,ERR,ERR,ERR,ERR,ERR,ERR,ERR,ERR,ERR,ERR,ERR,ERR,ERR,ERR,ERR,ERR,ERR,ERR,ERR,ERR,ERR,ERR,ERR,ERR,ERR,ERR,ERR,ERR,ERR,ERR,ERR,ERR,ERR,ERR,ERR,ERR,ERR,ERR,ERR,ERR,ERR,ERR,ERR,ERR,ERR,ERR,ERR,ERR,ERR,ERR,ERR,ERR,ERR,ERR,ERR,ERR,ERR,ERR,ERR,ERR,ERR,ERR,ERR,ERR,ERR,ERR,ERR,ERR,ERR,ERR,ERR,ERR,ERR,ERR,0.0,0.0,0.0,0.0,0.0,1.3936040501711995e+18,7.805,0.0,0,0,4,0,7116,0.0,100,0.0,0.0,0.0,0.0,0.0,0,0,0,0,0.0,0,0,0,0,0,0,0,0,0,0,0,0,0,0,0,0,0,0,0,0,0,0,0,0,0,0,0,0,0,0,0,0,0,31,40,40,71,65476,0,300,0,0,8,21553,0.0,-107605600.0,0.0,0.0,0.0,0.0,0.0,0.0,0.0,0.0,0.0,0.0,0.0,0.0,0.0,0.0,0.0,0.0,0.0,0.0,0.0,0.0,-2.004,2.004,-0.0,-2.004,0.0,0.0,0.0,0.0,6339.0,0.0,6913.0,0.0,0.0,2.7184303811560617e+23,0.0,0.0,0.0,0.0,0.0,69,-1.9056991512664474e+17,5.8480766786224575e+35,0.0,0.0,0.0,0.0,0.0,0.0,0.0,0,0,0,0.0,0.0,0.0,0.0,0.0,0.0,0.0,0.0,0.0,0.0,0.0,0.0,0.0,0.0,0.0,0.0,0,-107875648.0,69,0.0,138,0.0,-0.0,0,13107,17040,13107,17049,0,17043,0,0,0,70,68,100,2.7302359370752657e+23,71.1,0.0,74.2,2.7302370179391762e+23,74.0,1,49,50,180,0,52429,0,0,0.0,0.0,0.0,0.0,-0.0,67.0,0.0,162057.094,0.0,750,0,739,0,0,0,721,0,766,0,736,0,742,0,741,0,712,0,7520,0.032,79456894976.0,0.0,0.0,784,16797,-0.0,162057.094,-114818.039,-0.0,0.133,6.909358625270745e+28,30.0,65.0,35,0.0,0.0,0.0,0.0,0.0,0.0,0.0,0.0,0.0,0.0,0.0,0.0,0.0,0.0,0.0,0.0,69.6,0,150,71,54,65476,0,300,0,1,8,20529,65476,0,0,40632,65.0,0.0,0.0,0.0,0.0,0.0
2026-09-04T20:46:27,ERR,ERR,ERR,ERR,ERR,ERR,ERR,ERR,ERR,ERR,ERR,ERR,ERR,ERR,ERR,ERR,ERR,ERR,ERR,ERR,ERR,ERR,ERR,ERR,ERR,ERR,ERR,ERR,ERR,ERR,ERR,ERR,ERR,ERR,ERR,ERR,ERR,ERR,ERR,ERR,ERR,ERR,ERR,ERR,ERR,ERR,ERR,ERR,ERR,ERR,ERR,ERR,ERR,ERR,ERR,ERR,ERR,ERR,ERR,ERR,ERR,ERR,ERR,ERR,ERR,ERR,ERR,ERR,ERR,ERR,ERR,ERR,ERR,ERR,ERR,ERR,ERR,ERR,ERR,ERR,ERR,ERR,ERR,ERR,ERR,ERR,ERR,ERR,ERR,ERR,ERR,ERR,ERR,ERR,ERR,ERR,ERR,ERR,ERR,ERR,ERR,ERR,ERR,ERR,ERR,ERR,ERR,ERR,ERR,ERR,ERR,ERR,ERR,ERR,ERR,ERR,ERR,ERR,ERR,ERR,ERR,ERR,ERR,ERR,ERR,0.0,0.0,0.0,0.0,0.0,1.3936040501711995e+18,7.805,0.0,0,0,4,0,7116,0.0,100,0.0,0.0,0.0,0.0,0.0,0,0,0,0,0.0,0,0,0,0,0,0,0,0,0,0,0,0,0,0,0,0,0,0,0,0,0,0,0,0,0,0,0,0,0,0,0,0,0,31,40,40,71,65476,0,300,0,0,8,21553,0.0,-107605600.0,0.0,0.0,0.0,0.0,0.0,0.0,0.0,0.0,0.0,0.0,0.0,0.0,0.0,0.0,0.0,0.0,0.0,0.0,0.0,0.0,-2.004,2.004,-0.0,-2.004,0.0,0.0,0.0,0.0,6339.0,0.0,6913.0,0.0,0.0,2.7184303811560617e+23,0.0,0.0,0.0,0.0,0.0,69,-1.9056991512664474e+17,5.8480766786224575e+35,0.0,0.0,0.0,0.0,0.0,0.0,0.0,0,0,0,0.0,0.0,0.0,0.0,0.0,0.0,0.0,0.0,0.0,0.0,0.0,0.0,0.0,0.0,0.0,0.0,0,-107875648.0,69,0.0,138,0.0,-0.0,0,13107,17040,13107,17049,0,17043,0,0,0,70,68,100,2.7302359370752657e+23,71.1,0.0,74.2,2.7302370179391762e+23,74.0,1,49,50,180,0,52429,0,0,0.0,0.0,0.0,0.0,-0.0,67.0,0.0,162057.094,0.0,750,0,739,0,0,0,721,0,766,0,736,0,742,0,741,0,712,0,7520,0.032,79993765888.0,0.0,0.0,784,16797,-0.0,162057.094,-114818.039,-0.0,0.133,6.909358625270745e+28,30.0,65.0,35,0.0,0.0,0.0,0.0,0.0,0.0,0.0,0.0,0.0,0.0,0.0,0.0,0.0,0.0,0.0,0.0,69.6,0,150,71,54,65476,0,300,0,1,8,20529,65476,0,0,40632,65.0,0.0,0.0,0.0,0.0,0.0
2026-09-04T20:46:28,ERR,ERR,ERR,ERR,ERR,ERR,ERR,ERR,ERR,ERR,ERR,ERR,ERR,ERR,ERR,ERR,ERR,ERR,ERR,ERR,ERR,ERR,ERR,ERR,ERR,ERR,ERR,ERR,ERR,ERR,ERR,ERR,ERR,ERR,ERR,ERR,ERR,ERR,ERR,ERR,ERR,ERR,ERR,ERR,ERR,ERR,ERR,ERR,ERR,ERR,ERR,ERR,ERR,ERR,ERR,ERR,ERR,ERR,ERR,ERR,ERR,ERR,ERR,ERR,ERR,ERR,ERR,ERR,ERR,ERR,ERR,ERR,ERR,ERR,ERR,ERR,ERR,ERR,ERR,ERR,ERR,ERR,ERR,ERR,ERR,ERR,ERR,ERR,ERR,ERR,ERR,ERR,ERR,ERR,ERR,ERR,ERR,ERR,ERR,ERR,ERR,ERR,ERR,ERR,ERR,ERR,ERR,ERR,ERR,ERR,ERR,ERR,ERR,ERR,ERR,ERR,ERR,ERR,ERR,ERR,ERR,ERR,ERR,ERR,ERR,0.0,0.0,0.0,0.0,0.0,1.3936040501711995e+18,7.805,0.0,0,0,4,0,7116,0.0,100,0.0,0.0,0.0,0.0,0.0,0,0,0,0,0.0,0,0,0,0,0,0,0,0,0,0,0,0,0,0,0,0,0,0,0,0,0,0,0,0,0,0,0,0,0,0,0,0,0,31,40,40,71,65476,0,300,0,0,8,21553,0.0,-107605600.0,0.0,0.0,0.0,0.0,0.0,0.0,0.0,0.0,0.0,0.0,0.0,0.0,0.0,0.0,0.0,0.0,0.0,0.0,0.0,0.0,-2.004,2.004,-0.0,-2.004,0.0,0.0,0.0,0.0,6339.0,0.0,6913.0,0.0,0.0,2.7184303811560617e+23,0.0,0.0,0.0,0.0,0.0,69,-1.9056991512664474e+17,5.8480766786224575e+35,0.0,0.0,0.0,0.0,0.0,0.0,0.0,0,0,0,0.0,0.0,0.0,0.0,0.0,0.0,0.0,0.0,0.0,0.0,0.0,0.0,0.0,0.0,0.0,0.0,0,-107875648.0,69,0.0,138,0.0,-0.0,0,13107,17040,13107,17049,0,17043,0,0,0,70,68,100,2.7302359370752657e+23,71.1,0.0,74.2,2.7302370179391762e+23,74.0,1,49,50,180,0,52429,0,0,0.0,0.0,0.0,0.0,-0.0,67.0,0.0,162057.094,0.0,750,0,739,0,0,0,721,0,766,0,736,0,742,0,741,0,712,0,7520,0.032,79993765888.0,0.0,0.0,784,16797,-0.0,162057.094,-114818.039,-0.0,0.133,6.909358625270745e+28,30.0,65.0,35,0.0,0.0,0.0,0.0,0.0,0.0,0.0,0.0,0.0,0.0,0.0,0.0,0.0,0.0,0.0,0.0,69.2,0,150,71,54,65476,0,300,0,1,8,20529,65476,0,0,40632,65.0,0.0,0.0,0.0,0.0,0.0
2026-09-04T20:46:29,ERR,ERR,ERR,ERR,ERR,ERR,ERR,ERR,ERR,ERR,ERR,ERR,ERR,ERR,ERR,ERR,ERR,ERR,ERR,ERR,ERR,ERR,ERR,ERR,ERR,ERR,ERR,ERR,ERR,ERR,ERR,ERR,ERR,ERR,ERR,ERR,ERR,ERR,ERR,ERR,ERR,ERR,ERR,ERR,ERR,ERR,ERR,ERR,ERR,ERR,ERR,ERR,ERR,ERR,ERR,ERR,ERR,ERR,ERR,ERR,ERR,ERR,ERR,ERR,ERR,ERR,ERR,ERR,ERR,ERR,ERR,ERR,ERR,ERR,ERR,ERR,ERR,ERR,ERR,ERR,ERR,ERR,ERR,ERR,ERR,ERR,ERR,ERR,ERR,ERR,ERR,ERR,ERR,ERR,ERR,ERR,ERR,ERR,ERR,ERR,ERR,ERR,ERR,ERR,ERR,ERR,ERR,ERR,ERR,ERR,ERR,ERR,ERR,ERR,ERR,ERR,ERR,ERR,ERR,ERR,ERR,ERR,ERR,ERR,ERR,0.0,0.0,0.0,0.0,0.0,1.3936040501711995e+18,7.805,0.0,0,0,4,0,7116,0.0,100,0.0,0.0,0.0,0.0,0.0,0,0,0,0,0.0,0,0,0,0,0,0,0,0,0,0,0,0,0,0,0,0,0,0,0,0,0,0,0,0,0,0,0,0,0,0,0,0,0,31,40,40,71,65476,0,300,0,0,8,21553,0.0,-107605600.0,0.0,0.0,0.0,0.0,0.0,0.0,0.0,0.0,0.0,0.0,0.0,0.0,0.0,0.0,0.0,0.0,0.0,0.0,0.0,0.0,-2.004,2.004,-0.0,-2.004,0.0,0.0,0.0,0.0,6339.0,0.0,6913.0,0.0,0.0,2.7184303811560617e+23,0.0,0.0,0.0,0.0,0.0,69,-1.9056991512664474e+17,5.8480766786224575e+35,0.0,0.0,0.0,0.0,0.0,0.0,0.0,0,0,0,0.0,0.0,0.0,0.0,0.0,0.0,0.0,0.0,0.0,0.0,0.0,0.0,0.0,0.0,0.0,0.0,0,-107875648.0,69,0.0,138,0.0,-0.0,0,13107,17040,13107,17049,0,17043,0,0,0,70,68,100,2.7302359370752657e+23,71.1,0.0,74.2,2.7302370179391762e+23,74.0,1,49,50,180,0,52429,0,0,0.0,0.0,0.0,0.0,-0.0,67.0,0.0,162057.094,0.0,750,0,739,0,0,0,721,0,766,0,736,0,742,0,741,0,712,0,7520,0.032,79993765888.0,0.0,0.0,784,16797,-0.0,162057.094,-114818.039,-0.0,0.133,6.909358625270745e+28,30.0,65.0,35,0.0,0.0,0.0,0.0,0.0,0.0,0.0,0.0,0.0,0.0,0.0,0.0,0.0,0.0,0.0,0.0,69.2,0,150,71,54,65476,0,300,0,1,8,20529,65476,0,0,40632,65.0,0.0,0.0,0.0,0.0,0.0
2026-09-04T20:46:30,ERR,ERR,ERR,ERR,ERR,ERR,ERR,ERR,ERR,ERR,ERR,ERR,ERR,ERR,ERR,ERR,ERR,ERR,ERR,ERR,ERR,ERR,ERR,ERR,ERR,ERR,ERR,ERR,ERR,ERR,ERR,ERR,ERR,ERR,ERR,ERR,ERR,ERR,ERR,ERR,ERR,ERR,ERR,ERR,ERR,ERR,ERR,ERR,ERR,ERR,ERR,ERR,ERR,ERR,ERR,ERR,ERR,ERR,ERR,ERR,ERR,ERR,ERR,ERR,ERR,ERR,ERR,ERR,ERR,ERR,ERR,ERR,ERR,ERR,ERR,ERR,ERR,ERR,ERR,ERR,ERR,ERR,ERR,ERR,ERR,ERR,ERR,ERR,ERR,ERR,ERR,ERR,ERR,ERR,ERR,ERR,ERR,ERR,ERR,ERR,ERR,ERR,ERR,ERR,ERR,ERR,ERR,ERR,ERR,ERR,ERR,ERR,ERR,ERR,ERR,ERR,ERR,ERR,ERR,ERR,ERR,ERR,ERR,ERR,ERR,0.0,0.0,0.0,0.0,0.0,1.3936040501711995e+18,7.805,0.0,0,0,4,0,7116,0.0,100,0.0,0.0,0.0,0.0,0.0,0,0,0,0,0.0,0,0,0,0,0,0,0,0,0,0,0,0,0,0,0,0,0,0,0,0,0,0,0,0,0,0,0,0,0,0,0,0,0,31,40,40,71,65476,0,300,0,0,8,21553,0.0,-107605600.0,0.0,0.0,0.0,0.0,0.0,0.0,0.0,0.0,0.0,0.0,0.0,0.0,0.0,0.0,0.0,0.0,0.0,0.0,0.0,0.0,-2.004,2.004,-0.0,-2.004,0.0,0.0,0.0,0.0,6339.0,0.0,6913.0,0.0,0.0,2.7184303811560617e+23,0.0,0.0,0.0,0.0,0.0,69,-1.9056991512664474e+17,5.8480766786224575e+35,0.0,0.0,0.0,0.0,0.0,0.0,0.0,0,0,0,0.0,0.0,0.0,0.0,0.0,0.0,0.0,0.0,0.0,0.0,0.0,0.0,0.0,0.0,0.0,0.0,0,-107875648.0,69,0.0,138,0.0,-0.0,0,13107,17040,13107,17049,0,17043,0,0,0,70,68,100,2.7302359370752657e+23,71.1,0.0,74.2,2.7302370179391762e+23,74.0,1,49,50,180,0,52429,0,0,0.0,0.0,0.0,0.0,-0.0,67.0,0.0,162057.094,0.0,750,0,739,0,0,0,721,0,766,0,736,0,742,0,741,0,712,0,7520,0.032,79993765888.0,0.0,0.0,784,16797,-0.0,162057.094,-114818.039,-0.0,0.133,6.909358625270745e+28,30.0,65.0,35,0.0,0.0,0.0,0.0,0.0,0.0,0.0,0.0,0.0,0.0,0.0,0.0,0.0,0.0,0.0,0.0,69.2,0,150,71,54,65476,0,300,0,1,8,20529,65476,0,0,40632,65.0,0.0,0.0,0.0,0.0,0.0
2026-09-04T20:46:31,ERR,ERR,ERR,ERR,ERR,ERR,ERR,ERR,ERR,ERR,ERR,ERR,ERR,ERR,ERR,ERR,ERR,ERR,ERR,ERR,ERR,ERR,ERR,ERR,ERR,ERR,ERR,ERR,ERR,ERR,ERR,ERR,ERR,ERR,ERR,ERR,ERR,ERR,ERR,ERR,ERR,ERR,ERR,ERR,ERR,ERR,ERR,ERR,ERR,ERR,ERR,ERR,ERR,ERR,ERR,ERR,ERR,ERR,ERR,ERR,ERR,ERR,ERR,ERR,ERR,ERR,ERR,ERR,ERR,ERR,ERR,ERR,ERR,ERR,ERR,ERR,ERR,ERR,ERR,ERR,ERR,ERR,ERR,ERR,ERR,ERR,ERR,ERR,ERR,ERR,ERR,ERR,ERR,ERR,ERR,ERR,ERR,ERR,ERR,ERR,ERR,ERR,ERR,ERR,ERR,ERR,ERR,ERR,ERR,ERR,ERR,ERR,ERR,ERR,ERR,ERR,ERR,ERR,ERR,ERR,ERR,ERR,ERR,ERR,ERR,0.0,0.0,0.0,0.0,0.0,1.3936040501711995e+18,7.805,0.0,0,0,4,0,7116,0.0,100,0.0,0.0,0.0,0.0,0.0,0,0,0,0,0.0,0,0,0,0,0,0,0,0,0,0,0,0,0,0,0,0,0,0,0,0,0,0,0,0,0,0,0,0,0,0,0,0,0,31,40,40,71,65476,0,300,0,0,8,21553,0.0,-107605600.0,0.0,0.0,0.0,0.0,0.0,0.0,0.0,0.0,0.0,0.0,0.0,0.0,0.0,0.0,0.0,0.0,0.0,0.0,0.0,0.0,-2.004,2.004,-0.0,-2.004,0.0,0.0,0.0,0.0,6339.0,0.0,6913.0,0.0,0.0,2.7184303811560617e+23,0.0,0.0,0.0,0.0,0.0,69,-1.9056991512664474e+17,5.8480766786224575e+35,0.0,0.0,0.0,0.0,0.0,0.0,0.0,0,0,0,0.0,0.0,0.0,0.0,0.0,0.0,0.0,0.0,0.0,0.0,0.0,0.0,0.0,0.0,0.0,0.0,0,-107875648.0,69,0.0,138,0.0,-0.0,0,13107,17040,13107,17049,0,17043,0,0,0,70,68,100,2.7302359370752657e+23,71.1,0.0,74.2,2.7302370179391762e+23,74.0,1,49,50,180,0,52429,0,0,0.0,0.0,0.0,0.0,-0.0,67.0,0.0,162057.094,0.0,750,0,739,0,0,0,721,0,766,0,736,0,742,0,741,0,712,0,7520,0.032,79993765888.0,0.0,0.0,784,16797,-0.0,162057.094,-114818.039,-0.0,0.133,6.909358625270745e+28,30.0,65.0,35,0.0,0.0,0.0,0.0,0.0,0.0,0.0,0.0,0.0,0.0,0.0,0.0,0.0,0.0,0.0,0.0,69.2,0,150,71,54,65476,0,300,0,1,8,20529,65476,0,0,40632,65.0,0.0,0.0,0.0,0.0,0.0
2026-09-04T20:46:32,ERR,ERR,ERR,ERR,ERR,ERR,ERR,ERR,ERR,ERR,ERR,ERR,ERR,ERR,ERR,ERR,ERR,ERR,ERR,ERR,ERR,ERR,ERR,ERR,ERR,ERR,ERR,ERR,ERR,ERR,ERR,ERR,ERR,ERR,ERR,ERR,ERR,ERR,ERR,ERR,ERR,ERR,ERR,ERR,ERR,ERR,ERR,ERR,ERR,ERR,ERR,ERR,ERR,ERR,ERR,ERR,ERR,ERR,ERR,ERR,ERR,ERR,ERR,ERR,ERR,ERR,ERR,ERR,ERR,ERR,ERR,ERR,ERR,ERR,ERR,ERR,ERR,ERR,ERR,ERR,ERR,ERR,ERR,ERR,ERR,ERR,ERR,ERR,ERR,ERR,ERR,ERR,ERR,ERR,ERR,ERR,ERR,ERR,ERR,ERR,ERR,ERR,ERR,ERR,ERR,ERR,ERR,ERR,ERR,ERR,ERR,ERR,ERR,ERR,ERR,ERR,ERR,ERR,ERR,ERR,ERR,ERR,ERR,ERR,ERR,0.0,0.0,0.0,0.0,0.0,1.3936040501711995e+18,7.805,0.0,0,0,4,0,7116,0.0,100,0.0,0.0,0.0,0.0,0.0,0,0,0,0,0.0,0,0,0,0,0,0,0,0,0,0,0,0,0,0,0,0,0,0,0,0,0,0,0,0,0,0,0,0,0,0,0,0,0,31,40,40,71,65476,0,300,0,0,8,21553,0.0,-107605600.0,0.0,0.0,0.0,0.0,0.0,0.0,0.0,0.0,0.0,0.0,0.0,0.0,0.0,0.0,0.0,0.0,0.0,0.0,0.0,0.0,-2.004,2.004,-0.0,-2.004,0.0,0.0,0.0,0.0,6339.0,0.0,6913.0,0.0,0.0,2.7184303811560617e+23,0.0,0.0,0.0,0.0,0.0,69,-1.9056991512664474e+17,5.8480766786224575e+35,0.0,0.0,0.0,0.0,0.0,0.0,0.0,0,0,0,0.0,0.0,0.0,0.0,0.0,0.0,0.0,0.0,0.0,0.0,0.0,0.0,0.0,0.0,0.0,0.0,0,-107875648.0,69,0.0,138,0.0,-0.0,0,13107,17040,13107,17049,13107,17043,0,0,0,70,68,100,2.7302359370752657e+23,71.1,0.0,74.2,2.7302370179391762e+23,74.0,1,49,50,180,0,52429,0,0,0.0,0.0,0.0,0.0,-0.0,67.0,0.0,162057.094,0.0,750,0,739,0,0,0,721,0,766,0,735,0,742,0,741,0,712,0,7520,0.032,79456894976.0,0.0,0.0,784,16797,-0.0,162057.094,-114818.039,-0.0,0.133,6.909358625270745e+28,30.0,65.0,35,0.0,0.0,0.0,0.0,0.0,0.0,0.0,0.0,0.0,0.0,0.0,0.0,0.0,0.0,0.0,0.0,69.2,0,150,71,54,65476,0,300,0,1,8,20529,65476,0,0,40632,65.0,0.0,0.0,0.0,0.0,0.0
2026-09-04T20:46:33,ERR,ERR,ERR,ERR,ERR,ERR,ERR,ERR,ERR,ERR,ERR,ERR,ERR,ERR,ERR,ERR,ERR,ERR,ERR,ERR,ERR,ERR,ERR,ERR,ERR,ERR,ERR,ERR,ERR,ERR,ERR,ERR,ERR,ERR,ERR,ERR,ERR,ERR,ERR,ERR,ERR,ERR,ERR,ERR,ERR,ERR,ERR,ERR,ERR,ERR,ERR,ERR,ERR,ERR,ERR,ERR,ERR,ERR,ERR,ERR,ERR,ERR,ERR,ERR,ERR,ERR,ERR,ERR,ERR,ERR,ERR,ERR,ERR,ERR,ERR,ERR,ERR,ERR,ERR,ERR,ERR,ERR,ERR,ERR,ERR,ERR,ERR,ERR,ERR,ERR,ERR,ERR,ERR,ERR,ERR,ERR,ERR,ERR,ERR,ERR,ERR,ERR,ERR,ERR,ERR,ERR,ERR,ERR,ERR,ERR,ERR,ERR,ERR,ERR,ERR,ERR,ERR,ERR,ERR,ERR,ERR,ERR,ERR,ERR,ERR,0.0,0.0,0.0,0.0,0.0,1.3936040501711995e+18,7.805,0.0,0,0,4,0,7116,0.0,100,0.0,0.0,0.0,0.0,0.0,0,0,0,0,0.0,0,0,0,0,0,0,0,0,0,0,0,0,0,0,0,0,0,0,0,0,0,0,0,0,0,0,0,0,0,0,0,0,0,31,40,40,71,65476,0,300,0,0,8,21553,0.0,-107605600.0,0.0,0.0,0.0,0.0,0.0,0.0,0.0,0.0,0.0,0.0,0.0,0.0,0.0,0.0,0.0,0.0,0.0,0.0,0.0,0.0,-2.004,2.004,-0.0,-0.0,0.0,0.0,0.0,0.0,6311.0,-1.0406704564111331e+34,6943.0,0.0,0.0,2.7184303811560617e+23,0.0,0.0,0.0,0.0,0.0,69,-2.7184312818759872e+23,2.718426958420345e+23,0.0,0.0,0.0,0.0,0.0,0.0,0.0,0,0,0,0.0,0.0,0.0,0.0,0.0,0.0,0.0,0.0,0.0,0.0,0.0,0.0,0.0,0.0,0.0,0.0,0,-107875648.0,69,0.0,138,0.0,0.0,0,13107,17040,13107,17049,13107,17043,0,0,0,70,68,100,2.7302359370752657e+23,71.1,0.0,74.2,2.7302370179391762e+23,74.0,1,49,50,180,0,52429,0,0,0.0,0.0,0.0,0.0,-0.0,67.0,0.0,162057.094,0.0,750,0,739,0,0,0,721,0,766,0,735,0,742,0,741,0,712,0,7520,0.032,79456894976.0,0.0,0.0,784,16797,-0.0,162057.094,-114818.039,-0.0,0.133,6.909358625270745e+28,30.0,65.0,35,0.0,0.0,0.0,0.0,0.0,0.0,0.0,0.0,0.0,0.0,0.0,0.0,0.0,0.0,0.0,0.0,69.2,0,150,71,54,65476,0,300,0,1,8,20529,65476,0,0,40632,65.0,0.0,0.0,0.0,0.0,0.0
2026-09-04T20:46:34,ERR,ERR,ERR,ERR,ERR,ERR,ERR,ERR,ERR,ERR,ERR,ERR,ERR,ERR,ERR,ERR,ERR,ERR,ERR,ERR,ERR,ERR,ERR,ERR,ERR,ERR,ERR,ERR,ERR,ERR,ERR,ERR,ERR,ERR,ERR,ERR,ERR,ERR,ERR,ERR,ERR,ERR,ERR,ERR,ERR,ERR,ERR,ERR,ERR,ERR,ERR,ERR,ERR,ERR,ERR,ERR,ERR,ERR,ERR,ERR,ERR,ERR,ERR,ERR,ERR,ERR,ERR,ERR,ERR,ERR,ERR,ERR,ERR,ERR,ERR,ERR,ERR,ERR,ERR,ERR,ERR,ERR,ERR,ERR,ERR,ERR,ERR,ERR,ERR,ERR,ERR,ERR,ERR,ERR,ERR,ERR,ERR,ERR,ERR,ERR,ERR,ERR,ERR,ERR,ERR,ERR,ERR,ERR,ERR,ERR,ERR,ERR,ERR,ERR,ERR,ERR,ERR,ERR,ERR,ERR,ERR,ERR,ERR,ERR,ERR,0.0,0.0,0.0,0.0,0.0,1.3936040501711995e+18,7.805,0.0,0,0,4,0,7116,0.0,100,0.0,0.0,0.0,0.0,0.0,0,0,0,0,0.0,0,0,0,0,0,0,0,0,0,0,0,0,0,0,0,0,0,0,0,0,0,0,0,0,0,0,0,0,0,0,0,0,0,31,40,40,71,65476,0,300,0,0,8,21553,0.0,-107605600.0,0.0,0.0,0.0,0.0,0.0,0.0,0.0,0.0,0.0,0.0,0.0,0.0,0.0,0.0,0.0,0.0,0.0,0.0,0.0,0.0,-2.004,2.004,-0.0,-0.0,0.0,0.0,0.0,0.0,6311.0,-1.0406704564111331e+34,6943.0,0.0,0.0,2.7184303811560617e+23,0.0,0.0,0.0,0.0,0.0,69,-2.7184312818759872e+23,2.718426958420345e+23,0.0,0.0,0.0,0.0,0.0,0.0,0.0,0,0,0,0.0,0.0,0.0,0.0,0.0,0.0,0.0,0.0,0.0,0.0,0.0,0.0,0.0,0.0,0.0,0.0,0,-107875648.0,69,0.0,138,0.0,0.0,0,13107,17040,13107,17049,13107,17043,0,0,0,70,68,100,2.7302359370752657e+23,71.1,0.0,74.2,2.7302370179391762e+23,74.0,1,49,50,180,0,52429,0,0,0.0,0.0,0.0,0.0,-0.0,67.0,0.0,162057.094,0.0,750,0,739,0,0,0,721,0,766,0,735,0,742,0,741,0,712,0,7520,0.032,79456894976.0,0.0,0.0,784,16797,-0.0,162057.094,-114818.039,-0.0,0.133,6.909358625270745e+28,30.0,65.0,35,0.0,0.0,0.0,0.0,0.0,0.0,0.0,0.0,0.0,0.0,0.0,0.0,0.0,0.0,0.0,0.0,69.2,0,150,71,54,65476,0,300,0,1,8,20529,65476,0,0,40632,65.0,0.0,0.0,0.0,0.0,0.0
2026-09-04T20:46:35,ERR,ERR,ERR,ERR,ERR,ERR,ERR,ERR,ERR,ERR,ERR,ERR,ERR,ERR,ERR,ERR,ERR,ERR,ERR,ERR,ERR,ERR,ERR,ERR,ERR,ERR,ERR,ERR,ERR,ERR,ERR,ERR,ERR,ERR,ERR,ERR,ERR,ERR,ERR,ERR,ERR,ERR,ERR,ERR,ERR,ERR,ERR,ERR,ERR,ERR,ERR,ERR,ERR,ERR,ERR,ERR,ERR,ERR,ERR,ERR,ERR,ERR,ERR,ERR,ERR,ERR,ERR,ERR,ERR,ERR,ERR,ERR,ERR,ERR,ERR,ERR,ERR,ERR,ERR,ERR,ERR,ERR,ERR,ERR,ERR,ERR,ERR,ERR,ERR,ERR,ERR,ERR,ERR,ERR,ERR,ERR,ERR,ERR,ERR,ERR,ERR,ERR,ERR,ERR,ERR,ERR,ERR,ERR,ERR,ERR,ERR,ERR,ERR,ERR,ERR,ERR,ERR,ERR,ERR,ERR,ERR,ERR,ERR,ERR,ERR,0.0,0.0,0.0,0.0,0.0,1.3936040501711995e+18,7.805,0.0,0,0,4,0,7116,0.0,100,0.0,0.0,0.0,0.0,0.0,0,0,0,0,0.0,0,0,0,0,0,0,0,0,0,0,0,0,0,0,0,0,0,0,0,0,0,0,0,0,0,0,0,0,0,0,0,0,0,31,40,40,71,65476,0,300,0,0,8,21553,0.0,-107605600.0,0.0,0.0,0.0,0.0,0.0,0.0,0.0,0.0,0.0,0.0,0.0,0.0,0.0,0.0,0.0,0.0,0.0,0.0,0.0,0.0,-2.004,2.004,-0.0,-0.0,0.0,0.0,0.0,0.0,6311.0,-1.0406704564111331e+34,6943.0,0.0,0.0,2.7184303811560617e+23,0.0,0.0,0.0,0.0,0.0,69,-2.7184312818759872e+23,2.718426958420345e+23,0.0,0.0,0.0,0.0,0.0,0.0,0.0,0,0,0,0.0,0.0,0.0,0.0,0.0,0.0,0.0,0.0,0.0,0.0,0.0,0.0,0.0,0.0,0.0,0.0,0,-107875648.0,69,0.0,138,0.0,0.0,0,13107,17040,13107,17049,13107,17043,0,0,0,70,68,100,2.7302359370752657e+23,71.1,0.0,74.2,2.7302370179391762e+23,74.0,1,49,50,180,0,52429,0,0,0.0,0.0,0.0,0.0,-0.0,67.0,0.0,162057.094,0.0,750,0,739,0,0,0,721,0,766,0,735,0,742,0,741,0,712,0,7520,0.032,79456894976.0,0.0,0.0,784,16797,-0.0,162057.094,-114818.039,-0.0,0.133,6.909358625270745e+28,30.0,65.0,35,0.0,0.0,0.0,0.0,0.0,0.0,0.0,0.0,0.0,0.0,0.0,0.0,0.0,0.0,0.0,0.0,69.2,0,150,71,54,65476,0,300,0,1,8,20529,65476,0,0,40632,65.0,0.0,0.0,0.0,0.0,0.0
2026-09-04T20:46:36,ERR,ERR,ERR,ERR,ERR,ERR,ERR,ERR,ERR,ERR,ERR,ERR,ERR,ERR,ERR,ERR,ERR,ERR,ERR,ERR,ERR,ERR,ERR,ERR,ERR,ERR,ERR,ERR,ERR,ERR,ERR,ERR,ERR,ERR,ERR,ERR,ERR,ERR,ERR,ERR,ERR,ERR,ERR,ERR,ERR,ERR,ERR,ERR,ERR,ERR,ERR,ERR,ERR,ERR,ERR,ERR,ERR,ERR,ERR,ERR,ERR,ERR,ERR,ERR,ERR,ERR,ERR,ERR,ERR,ERR,ERR,ERR,ERR,ERR,ERR,ERR,ERR,ERR,ERR,ERR,ERR,ERR,ERR,ERR,ERR,ERR,ERR,ERR,ERR,ERR,ERR,ERR,ERR,ERR,ERR,ERR,ERR,ERR,ERR,ERR,ERR,ERR,ERR,ERR,ERR,ERR,ERR,ERR,ERR,ERR,ERR,ERR,ERR,ERR,ERR,ERR,ERR,ERR,ERR,ERR,ERR,ERR,ERR,ERR,ERR,0.0,0.0,0.0,0.0,0.0,1.3936040501711995e+18,7.805,0.0,0,0,4,0,7116,0.0,100,0.0,0.0,0.0,0.0,0.0,0,0,0,0,0.0,0,0,0,0,0,0,0,0,0,0,0,0,0,0,0,0,0,0,0,0,0,0,0,0,0,0,0,0,0,0,0,0,0,31,40,40,71,65476,0,300,0,0,8,21553,0.0,-107605600.0,0.0,0.0,0.0,0.0,0.0,0.0,0.0,0.0,0.0,0.0,0.0,0.0,0.0,0.0,0.0,0.0,0.0,0.0,0.0,0.0,-2.004,2.004,-0.0,-0.0,0.0,0.0,0.0,0.0,6311.0,-1.0406704564111331e+34,6943.0,0.0,0.0,2.7184303811560617e+23,0.0,0.0,0.0,0.0,0.0,69,-2.7184312818759872e+23,2.718426958420345e+23,0.0,0.0,0.0,0.0,0.0,0.0,0.0,0,0,0,0.0,0.0,0.0,0.0,0.0,0.0,0.0,0.0,0.0,0.0,0.0,0.0,0.0,0.0,0.0,0.0,0,-107875648.0,69,0.0,138,0.0,0.0,0,13107,17040,13107,17049,13107,17043,0,0,0,70,68,100,2.7302359370752657e+23,71.1,0.0,74.2,2.7302370179391762e+23,74.0,1,49,50,180,0,52429,0,0,0.0,0.0,0.0,0.0,-0.0,67.0,0.0,162057.094,0.0,750,0,739,0,0,0,721,0,766,0,735,0,742,0,741,0,712,0,7520,0.032,79456894976.0,0.0,0.0,784,16797,-0.0,162057.094,-114818.039,-0.0,0.133,6.909358625270745e+28,30.0,65.0,35,0.0,0.0,0.0,0.0,0.0,0.0,0.0,0.0,0.0,0.0,0.0,0.0,0.0,0.0,0.0,0.0,69.2,0,150,71,54,65476,0,300,0,1,8,20529,65476,0,0,40632,65.0,0.0,0.0,0.0,0.0,0.0
2026-09-04T20:46:37,ERR,ERR,ERR,ERR,ERR,ERR,ERR,ERR,ERR,ERR,ERR,ERR,ERR,ERR,ERR,ERR,ERR,ERR,ERR,ERR,ERR,ERR,ERR,ERR,ERR,ERR,ERR,ERR,ERR,ERR,ERR,ERR,ERR,ERR,ERR,ERR,ERR,ERR,ERR,ERR,ERR,ERR,ERR,ERR,ERR,ERR,ERR,ERR,ERR,ERR,ERR,ERR,ERR,ERR,ERR,ERR,ERR,ERR,ERR,ERR,ERR,ERR,ERR,ERR,ERR,ERR,ERR,ERR,ERR,ERR,ERR,ERR,ERR,ERR,ERR,ERR,ERR,ERR,ERR,ERR,ERR,ERR,ERR,ERR,ERR,ERR,ERR,ERR,ERR,ERR,ERR,ERR,ERR,ERR,ERR,ERR,ERR,ERR,ERR,ERR,ERR,ERR,ERR,ERR,ERR,ERR,ERR,ERR,ERR,ERR,ERR,ERR,ERR,ERR,ERR,ERR,ERR,ERR,ERR,ERR,ERR,ERR,ERR,ERR,ERR,0.0,0.0,0.0,0.0,0.0,1.3936040501711995e+18,7.805,0.0,0,0,4,0,7116,0.0,100,0.0,0.0,0.0,0.0,0.0,0,0,0,0,0.0,0,0,0,0,0,0,0,0,0,0,0,0,0,0,0,0,0,0,0,0,0,0,0,0,0,0,0,0,0,0,0,0,0,31,40,40,71,65476,0,300,0,0,8,21553,0.0,-107605600.0,0.0,0.0,0.0,0.0,0.0,0.0,0.0,0.0,0.0,0.0,0.0,0.0,0.0,0.0,0.0,0.0,0.0,0.0,0.0,0.0,-2.004,2.004,-0.0,-0.0,0.0,0.0,0.0,0.0,6311.0,-1.0406704564111331e+34,6943.0,0.0,0.0,2.7184303811560617e+23,0.0,0.0,0.0,0.0,0.0,69,-2.7184312818759872e+23,2.718426958420345e+23,0.0,0.0,0.0,0.0,0.0,0.0,0.0,0,0,0,0.0,0.0,0.0,0.0,0.0,0.0,0.0,0.0,0.0,0.0,0.0,0.0,0.0,0.0,0.0,0.0,0,-107875648.0,69,0.0,138,0.0,0.0,0,13107,17040,13107,17049,13107,17043,0,0,0,70,68,100,2.7302359370752657e+23,71.1,0.0,74.2,2.7302370179391762e+23,74.0,1,49,50,180,0,52429,0,0,0.0,0.0,0.0,0.0,-0.0,67.0,0.0,162057.094,0.0,750,0,739,0,0,0,721,0,766,0,735,0,742,0,741,0,712,0,7520,0.032,79456894976.0,0.0,0.0,784,16797,-0.0,162057.094,-114818.039,-0.0,0.133,6.909358625270745e+28,30.0,65.0,35,0.0,0.0,0.0,0.0,0.0,0.0,0.0,0.0,0.0,0.0,0.0,0.0,0.0,0.0,0.0,0.0,69.2,0,150,71,54,65476,0,300,0,1,8,20529,65476,0,0,40632,65.0,0.0,0.0,0.0,0.0,0.0
2026-09-04T20:46:38,ERR,ERR,ERR,ERR,ERR,ERR,ERR,ERR,ERR,ERR,ERR,ERR,ERR,ERR,ERR,ERR,ERR,ERR,ERR,ERR,ERR,ERR,ERR,ERR,ERR,ERR,ERR,ERR,ERR,ERR,ERR,ERR,ERR,ERR,ERR,ERR,ERR,ERR,ERR,ERR,ERR,ERR,ERR,ERR,ERR,ERR,ERR,ERR,ERR,ERR,ERR,ERR,ERR,ERR,ERR,ERR,ERR,ERR,ERR,ERR,ERR,ERR,ERR,ERR,ERR,ERR,ERR,ERR,ERR,ERR,ERR,ERR,ERR,ERR,ERR,ERR,ERR,ERR,ERR,ERR,ERR,ERR,ERR,ERR,ERR,ERR,ERR,ERR,ERR,ERR,ERR,ERR,ERR,ERR,ERR,ERR,ERR,ERR,ERR,ERR,ERR,ERR,ERR,ERR,ERR,ERR,ERR,ERR,ERR,ERR,ERR,ERR,ERR,ERR,ERR,ERR,ERR,ERR,ERR,ERR,ERR,ERR,ERR,ERR,ERR,0.0,0.0,0.0,0.0,0.0,1.3936040501711995e+18,7.805,0.0,0,0,4,0,7116,0.0,100,0.0,0.0,0.0,0.0,0.0,0,0,0,0,0.0,0,0,0,0,0,0,0,0,0,0,0,0,0,0,0,0,0,0,0,0,0,0,0,0,0,0,0,0,0,0,0,0,0,31,40,40,71,65476,0,300,0,0,8,21553,0.0,-107605600.0,0.0,0.0,0.0,0.0,0.0,0.0,0.0,0.0,0.0,0.0,0.0,0.0,0.0,0.0,0.0,0.0,0.0,0.0,0.0,0.0,-2.004,2.004,-0.0,-0.0,0.0,0.0,0.0,0.0,6311.0,-1.0406704564111331e+34,6943.0,0.0,0.0,2.7184303811560617e+23,0.0,0.0,0.0,0.0,0.0,69,-2.7184312818759872e+23,2.718426958420345e+23,0.0,0.0,0.0,0.0,0.0,0.0,0.0,0,0,0,0.0,0.0,0.0,0.0,0.0,0.0,0.0,0.0,0.0,0.0,0.0,0.0,0.0,0.0,0.0,0.0,0,-107875648.0,69,0.0,138,0.0,0.0,0,13107,17040,13107,17049,0,17043,0,0,0,70,68,100,2.7302359370752657e+23,71.1,0.0,74.2,2.7302370179391762e+23,74.0,1,49,50,180,0,52429,0,0,0.0,0.0,0.0,0.0,-0.0,67.0,0.0,162057.094,0.0,750,0,739,0,0,0,721,0,766,0,736,0,742,0,741,0,712,0,7520,0.032,78920024064.0,0.0,0.0,784,16797,-0.0,162057.094,-114818.039,-0.0,0.133,6.909358625270745e+28,30.0,65.0,35,0.0,0.0,0.0,0.0,0.0,0.0,0.0,0.0,0.0,0.0,0.0,0.0,0.0,0.0,0.0,0.0,69.2,0,150,71,54,65476,0,300,0,1,8,20529,65476,0,0,40632,65.0,0.0,0.0,0.0,0.0,0.0
2026-09-04T20:46:39,ERR,ERR,ERR,ERR,ERR,ERR,ERR,ERR,ERR,ERR,ERR,ERR,ERR,ERR,ERR,ERR,ERR,ERR,ERR,ERR,ERR,ERR,ERR,ERR,ERR,ERR,ERR,ERR,ERR,ERR,ERR,ERR,ERR,ERR,ERR,ERR,ERR,ERR,ERR,ERR,ERR,ERR,ERR,ERR,ERR,ERR,ERR,ERR,ERR,ERR,ERR,ERR,ERR,ERR,ERR,ERR,ERR,ERR,ERR,ERR,ERR,ERR,ERR,ERR,ERR,ERR,ERR,ERR,ERR,ERR,ERR,ERR,ERR,ERR,ERR,ERR,ERR,ERR,ERR,ERR,ERR,ERR,ERR,ERR,ERR,ERR,ERR,ERR,ERR,ERR,ERR,ERR,ERR,ERR,ERR,ERR,ERR,ERR,ERR,ERR,ERR,ERR,ERR,ERR,ERR,ERR,ERR,ERR,ERR,ERR,ERR,ERR,ERR,ERR,ERR,ERR,ERR,ERR,ERR,ERR,ERR,ERR,ERR,ERR,ERR,0.0,0.0,0.0,0.0,0.0,1.3936040501711995e+18,7.805,0.0,0,0,4,0,7116,0.0,100,0.0,0.0,0.0,0.0,0.0,0,0,0,0,0.0,0,0,0,0,0,0,0,0,0,0,0,0,0,0,0,0,0,0,0,0,0,0,0,0,0,0,0,0,0,0,0,0,0,31,40,40,71,65476,0,300,0,0,8,21553,0.0,-107605600.0,0.0,0.0,0.0,0.0,0.0,0.0,0.0,0.0,0.0,0.0,0.0,0.0,0.0,0.0,0.0,0.0,0.0,0.0,0.0,0.0,-2.004,2.004,-0.0,-0.0,0.0,0.0,0.0,0.0,6311.0,-1.0406704564111331e+34,6943.0,0.0,0.0,2.7184303811560617e+23,0.0,0.0,0.0,0.0,0.0,69,-2.7184312818759872e+23,2.718426958420345e+23,0.0,0.0,0.0,0.0,0.0,0.0,0.0,0,0,0,0.0,0.0,0.0,0.0,0.0,0.0,0.0,0.0,0.0,0.0,0.0,0.0,0.0,0.0,0.0,0.0,0,-107875648.0,69,0.0,138,0.0,0.0,0,13107,17040,13107,17049,0,17043,0,0,0,70,68,100,2.7302359370752657e+23,71.1,0.0,74.2,2.7302370179391762e+23,74.0,1,49,50,180,0,52429,0,0,0.0,0.0,0.0,0.0,-0.0,67.0,0.0,162057.094,0.0,750,0,739,0,0,0,721,0,766,0,736,0,742,0,741,0,712,0,7520,0.032,78920024064.0,0.0,0.0,784,16797,-0.0,162057.094,-114818.039,-0.0,0.133,6.909358625270745e+28,30.0,65.0,35,0.0,0.0,0.0,0.0,0.0,0.0,0.0,0.0,0.0,0.0,0.0,0.0,0.0,0.0,0.0,0.0,69.2,0,150,71,54,65476,0,300,0,1,8,20529,65476,0,0,40632,65.0,0.0,0.0,0.0,0.0,0.0
2026-09-04T20:46:40,ERR,ERR,ERR,ERR,ERR,ERR,ERR,ERR,ERR,ERR,ERR,ERR,ERR,ERR,ERR,ERR,ERR,ERR,ERR,ERR,ERR,ERR,ERR,ERR,ERR,ERR,ERR,ERR,ERR,ERR,ERR,ERR,ERR,ERR,ERR,ERR,ERR,ERR,ERR,ERR,ERR,ERR,ERR,ERR,ERR,ERR,ERR,ERR,ERR,ERR,ERR,ERR,ERR,ERR,ERR,ERR,ERR,ERR,ERR,ERR,ERR,ERR,ERR,ERR,ERR,ERR,ERR,ERR,ERR,ERR,ERR,ERR,ERR,ERR,ERR,ERR,ERR,ERR,ERR,ERR,ERR,ERR,ERR,ERR,ERR,ERR,ERR,ERR,ERR,ERR,ERR,ERR,ERR,ERR,ERR,ERR,ERR,ERR,ERR,ERR,ERR,ERR,ERR,ERR,ERR,ERR,ERR,ERR,ERR,ERR,ERR,ERR,ERR,ERR,ERR,ERR,ERR,ERR,ERR,ERR,ERR,ERR,ERR,ERR,ERR,0.0,0.0,0.0,0.0,0.0,1.3936040501711995e+18,7.805,0.0,0,0,4,0,7116,0.0,100,0.0,0.0,0.0,0.0,0.0,0,0,0,0,0.0,0,0,0,0,0,0,0,0,0,0,0,0,0,0,0,0,0,0,0,0,0,0,0,0,0,0,0,0,0,0,0,0,0,31,40,40,71,65476,0,300,0,0,8,21553,0.0,-107605600.0,0.0,0.0,0.0,0.0,0.0,0.0,0.0,0.0,0.0,0.0,0.0,0.0,0.0,0.0,0.0,0.0,0.0,0.0,0.0,0.0,-2.004,2.004,-0.0,-0.0,0.0,0.0,0.0,0.0,6311.0,-1.0406704564111331e+34,6943.0,0.0,0.0,2.7184303811560617e+23,0.0,0.0,0.0,0.0,0.0,69,-2.7184312818759872e+23,2.718426958420345e+23,0.0,0.0,0.0,0.0,0.0,0.0,0.0,0,0,0,0.0,0.0,0.0,0.0,0.0,0.0,0.0,0.0,0.0,0.0,0.0,0.0,0.0,0.0,0.0,0.0,0,-107875648.0,69,0.0,138,0.0,0.0,0,13107,17040,13107,17049,0,17043,0,0,0,70,68,100,2.7302359370752657e+23,71.1,0.0,74.2,2.7302370179391762e+23,74.0,1,49,50,180,0,52429,0,0,0.0,0.0,0.0,0.0,-0.0,67.0,0.0,162057.094,0.0,750,0,739,0,0,0,721,0,766,0,736,0,742,0,741,0,712,0,7520,0.032,78920024064.0,0.0,0.0,784,16797,-0.0,162057.094,-114818.039,-0.0,0.133,6.909358625270745e+28,30.0,65.0,35,0.0,0.0,0.0,0.0,0.0,0.0,0.0,0.0,0.0,0.0,0.0,0.0,0.0,0.0,0.0,0.0,69.2,0,150,71,54,65476,0,300,0,1,8,20529,65476,0,0,40632,65.0,0.0,0.0,0.0,0.0,0.0
2026-09-04T20:46:41,ERR,ERR,ERR,ERR,ERR,ERR,ERR,ERR,ERR,ERR,ERR,ERR,ERR,ERR,ERR,ERR,ERR,ERR,ERR,ERR,ERR,ERR,ERR,ERR,ERR,ERR,ERR,ERR,ERR,ERR,ERR,ERR,ERR,ERR,ERR,ERR,ERR,ERR,ERR,ERR,ERR,ERR,ERR,ERR,ERR,ERR,ERR,ERR,ERR,ERR,ERR,ERR,ERR,ERR,ERR,ERR,ERR,ERR,ERR,ERR,ERR,ERR,ERR,ERR,ERR,ERR,ERR,ERR,ERR,ERR,ERR,ERR,ERR,ERR,ERR,ERR,ERR,ERR,ERR,ERR,ERR,ERR,ERR,ERR,ERR,ERR,ERR,ERR,ERR,ERR,ERR,ERR,ERR,ERR,ERR,ERR,ERR,ERR,ERR,ERR,ERR,ERR,ERR,ERR,ERR,ERR,ERR,ERR,ERR,ERR,ERR,ERR,ERR,ERR,ERR,ERR,ERR,ERR,ERR,ERR,ERR,ERR,ERR,ERR,ERR,0.0,0.0,0.0,0.0,0.0,1.3936040501711995e+18,7.805,0.0,0,0,4,0,7116,0.0,100,0.0,0.0,0.0,0.0,0.0,0,0,0,0,0.0,0,0,0,0,0,0,0,0,0,0,0,0,0,0,0,0,0,0,0,0,0,0,0,0,0,0,0,0,0,0,0,0,0,31,40,40,71,65476,0,300,0,0,8,21553,0.0,-107605600.0,0.0,0.0,0.0,0.0,0.0,0.0,0.0,0.0,0.0,0.0,0.0,0.0,0.0,0.0,0.0,0.0,0.0,0.0,0.0,0.0,-2.004,2.004,-0.0,-0.0,0.0,0.0,0.0,0.0,6342.0,0.0,6915.0,0.0,0.0,0.0,0.0,0.0,0.0,0.0,0.0,69,-107615400.0,-0.0,0.0,0.0,0.0,0.0,0.0,0.0,0.0,0,0,0,0.0,0.0,0.0,0.0,0.0,0.0,0.0,0.0,0.0,0.0,0.0,0.0,0.0,0.0,0.0,0.0,0,-107875648.0,69,0.0,138,0.0,0.0,0,13107,17040,13107,17049,0,17043,0,0,0,70,68,100,2.7302359370752657e+23,71.1,0.0,74.2,2.7302370179391762e+23,74.0,1,49,50,180,0,52429,0,0,0.0,0.0,0.0,0.0,-0.0,67.0,0.0,162057.094,0.0,750,0,739,0,0,0,721,0,766,0,736,0,742,0,741,0,712,0,7520,0.032,78920024064.0,0.0,0.0,784,16797,-0.0,162057.094,-114818.039,-0.0,0.133,6.909358625270745e+28,30.0,65.0,35,0.0,0.0,0.0,0.0,0.0,0.0,0.0,0.0,0.0,0.0,0.0,0.0,0.0,0.0,0.0,0.0,69.2,0,150,71,54,65476,0,300,0,1,8,20529,65476,0,0,40632,65.0,0.0,0.0,0.0,0.0,0.0
2026-09-04T20:46:42,ERR,ERR,ERR,ERR,ERR,ERR,ERR,ERR,ERR,ERR,ERR,ERR,ERR,ERR,ERR,ERR,ERR,ERR,ERR,ERR,ERR,ERR,ERR,ERR,ERR,ERR,ERR,ERR,ERR,ERR,ERR,ERR,ERR,ERR,ERR,ERR,ERR,ERR,ERR,ERR,ERR,ERR,ERR,ERR,ERR,ERR,ERR,ERR,ERR,ERR,ERR,ERR,ERR,ERR,ERR,ERR,ERR,ERR,ERR,ERR,ERR,ERR,ERR,ERR,ERR,ERR,ERR,ERR,ERR,ERR,ERR,ERR,ERR,ERR,ERR,ERR,ERR,ERR,ERR,ERR,ERR,ERR,ERR,ERR,ERR,ERR,ERR,ERR,ERR,ERR,ERR,ERR,ERR,ERR,ERR,ERR,ERR,ERR,ERR,ERR,ERR,ERR,ERR,ERR,ERR,ERR,ERR,ERR,ERR,ERR,ERR,ERR,ERR,ERR,ERR,ERR,ERR,ERR,ERR,ERR,ERR,ERR,ERR,ERR,ERR,0.0,0.0,0.0,0.0,0.0,1.3936040501711995e+18,7.805,0.0,0,0,4,0,7116,0.0,100,0.0,0.0,0.0,0.0,0.0,0,0,0,0,0.0,0,0,0,0,0,0,0,0,0,0,0,0,0,0,0,0,0,0,0,0,0,0,0,0,0,0,0,0,0,0,0,0,0,31,40,40,71,65476,0,300,0,0,8,21553,0.0,-107605600.0,0.0,0.0,0.0,0.0,0.0,0.0,0.0,0.0,0.0,0.0,0.0,0.0,0.0,0.0,0.0,0.0,0.0,0.0,0.0,0.0,-2.004,2.004,-0.0,-0.0,0.0,0.0,0.0,0.0,6342.0,0.0,6915.0,0.0,0.0,0.0,0.0,0.0,0.0,0.0,0.0,69,-107615400.0,-0.0,0.0,0.0,0.0,0.0,0.0,0.0,0.0,0,0,0,0.0,0.0,0.0,0.0,0.0,0.0,0.0,0.0,0.0,0.0,0.0,0.0,0.0,0.0,0.0,0.0,0,-107875648.0,69,0.0,138,0.0,0.0,0,13107,17040,13107,17049,0,17043,0,0,0,70,68,100,2.7302359370752657e+23,71.1,0.0,74.2,2.7302370179391762e+23,74.0,1,49,50,180,0,52429,0,0,0.0,0.0,0.0,0.0,-0.0,67.0,0.0,162057.094,0.0,750,0,739,0,0,0,721,0,766,0,736,0,742,0,741,0,712,0,7520,0.032,78920024064.0,0.0,0.0,784,16797,-0.0,162057.094,-114818.039,-0.0,0.133,6.909358625270745e+28,30.0,65.0,35,0.0,0.0,0.0,0.0,0.0,0.0,0.0,0.0,0.0,0.0,0.0,0.0,0.0,0.0,0.0,0.0,69.2,0,150,71,54,65476,0,300,0,1,8,20529,65476,0,0,40632,65.0,0.0,0.0,0.0,0.0,0.0
2026-09-04T20:46:43,ERR,ERR,ERR,ERR,ERR,ERR,ERR,ERR,ERR,ERR,ERR,ERR,ERR,ERR,ERR,ERR,ERR,ERR,ERR,ERR,ERR,ERR,ERR,ERR,ERR,ERR,ERR,ERR,ERR,ERR,ERR,ERR,ERR,ERR,ERR,ERR,ERR,ERR,ERR,ERR,ERR,ERR,ERR,ERR,ERR,ERR,ERR,ERR,ERR,ERR,ERR,ERR,ERR,ERR,ERR,ERR,ERR,ERR,ERR,ERR,ERR,ERR,ERR,ERR,ERR,ERR,ERR,ERR,ERR,ERR,ERR,ERR,ERR,ERR,ERR,ERR,ERR,ERR,ERR,ERR,ERR,ERR,ERR,ERR,ERR,ERR,ERR,ERR,ERR,ERR,ERR,ERR,ERR,ERR,ERR,ERR,ERR,ERR,ERR,ERR,ERR,ERR,ERR,ERR,ERR,ERR,ERR,ERR,ERR,ERR,ERR,ERR,ERR,ERR,ERR,ERR,ERR,ERR,ERR,ERR,ERR,ERR,ERR,ERR,ERR,0.0,0.0,0.0,0.0,0.0,1.3936040501711995e+18,7.805,0.0,0,0,4,0,7116,0.0,100,0.0,0.0,0.0,0.0,0.0,0,0,0,0,0.0,0,0,0,0,0,0,0,0,0,0,0,0,0,0,0,0,0,0,0,0,0,0,0,0,0,0,0,0,0,0,0,0,0,31,40,40,71,65476,0,300,0,0,8,21553,0.0,-107605600.0,0.0,0.0,0.0,0.0,0.0,0.0,0.0,0.0,0.0,0.0,0.0,0.0,0.0,0.0,0.0,0.0,0.0,0.0,0.0,0.0,-2.004,2.004,-0.0,-0.0,0.0,0.0,0.0,0.0,6342.0,0.0,6915.0,0.0,0.0,0.0,0.0,0.0,0.0,0.0,0.0,69,-107615400.0,-0.0,0.0,0.0,0.0,0.0,0.0,0.0,0.0,0,0,0,0.0,0.0,0.0,0.0,0.0,0.0,0.0,0.0,0.0,0.0,0.0,0.0,0.0,0.0,0.0,0.0,0,-107875648.0,69,0.0,138,0.0,0.0,0,13107,17040,13107,17049,0,17043,0,0,0,70,68,100,2.7302359370752657e+23,71.1,0.0,74.2,2.7302370179391762e+23,74.0,1,49,50,180,0,52429,0,0,0.0,0.0,0.0,0.0,-0.0,67.0,0.0,162057.094,0.0,750,0,739,0,0,0,721,0,766,0,735,0,742,0,741,0,712,0,7520,0.032,79456894976.0,0.0,0.0,784,16797,-0.0,162057.094,-114818.039,-0.0,0.133,6.909358625270745e+28,30.0,65.0,35,0.0,0.0,0.0,0.0,0.0,0.0,0.0,0.0,0.0,0.0,0.0,0.0,0.0,0.0,0.0,0.0,69.2,0,150,71,54,65476,0,300,0,1,8,20529,65476,0,0,40632,65.0,0.0,0.0,0.0,0.0,0.0
2026-09-04T20:46:44,ERR,ERR,ERR,ERR,ERR,ERR,ERR,ERR,ERR,ERR,ERR,ERR,ERR,ERR,ERR,ERR,ERR,ERR,ERR,ERR,ERR,ERR,ERR,ERR,ERR,ERR,ERR,ERR,ERR,ERR,ERR,ERR,ERR,ERR,ERR,ERR,ERR,ERR,ERR,ERR,ERR,ERR,ERR,ERR,ERR,ERR,ERR,ERR,ERR,ERR,ERR,ERR,ERR,ERR,ERR,ERR,ERR,ERR,ERR,ERR,ERR,ERR,ERR,ERR,ERR,ERR,ERR,ERR,ERR,ERR,ERR,ERR,ERR,ERR,ERR,ERR,ERR,ERR,ERR,ERR,ERR,ERR,ERR,ERR,ERR,ERR,ERR,ERR,ERR,ERR,ERR,ERR,ERR,ERR,ERR,ERR,ERR,ERR,ERR,ERR,ERR,ERR,ERR,ERR,ERR,ERR,ERR,ERR,ERR,ERR,ERR,ERR,ERR,ERR,ERR,ERR,ERR,ERR,ERR,ERR,ERR,ERR,ERR,ERR,ERR,0.0,0.0,0.0,0.0,0.0,1.3936040501711995e+18,7.805,0.0,0,0,4,0,7116,0.0,100,0.0,0.0,0.0,0.0,0.0,0,0,0,0,0.0,0,0,0,0,0,0,0,0,0,0,0,0,0,0,0,0,0,0,0,0,0,0,0,0,0,0,0,0,0,0,0,0,0,31,40,40,71,65476,0,300,0,0,8,21553,0.0,-107605600.0,0.0,0.0,0.0,0.0,0.0,0.0,0.0,0.0,0.0,0.0,0.0,0.0,0.0,0.0,0.0,0.0,0.0,0.0,0.0,0.0,-2.004,2.004,-0.0,-0.0,0.0,0.0,0.0,0.0,6342.0,0.0,6915.0,0.0,0.0,0.0,0.0,0.0,0.0,0.0,0.0,69,-107615400.0,-0.0,0.0,0.0,0.0,0.0,0.0,0.0,0.0,0,0,0,0.0,0.0,0.0,0.0,0.0,0.0,0.0,0.0,0.0,0.0,0.0,0.0,0.0,0.0,0.0,0.0,0,-107875648.0,69,0.0,138,0.0,0.0,0,13107,17040,13107,17049,0,17043,0,0,0,70,68,100,2.7302359370752657e+23,71.1,0.0,74.2,2.7302370179391762e+23,74.0,1,49,50,180,0,52429,0,0,0.0,0.0,0.0,0.0,-0.0,67.0,0.0,162057.094,0.0,750,0,739,0,0,0,721,0,766,0,735,0,742,0,741,0,712,0,7520,0.032,79456894976.0,0.0,0.0,784,16797,-0.0,162057.094,-114818.039,-0.0,0.133,6.909358625270745e+28,30.0,65.0,35,0.0,0.0,0.0,0.0,0.0,0.0,0.0,0.0,0.0,0.0,0.0,0.0,0.0,0.0,0.0,0.0,69.2,0,150,71,54,65476,0,300,0,1,8,20529,65476,0,0,40632,65.0,0.0,0.0,0.0,0.0,0.0
2026-09-04T20:46:45,ERR,ERR,ERR,ERR,ERR,ERR,ERR,ERR,ERR,ERR,ERR,ERR,ERR,ERR,ERR,ERR,ERR,ERR,ERR,ERR,ERR,ERR,ERR,ERR,ERR,ERR,ERR,ERR,ERR,ERR,ERR,ERR,ERR,ERR,ERR,ERR,ERR,ERR,ERR,ERR,ERR,ERR,ERR,ERR,ERR,ERR,ERR,ERR,ERR,ERR,ERR,ERR,ERR,ERR,ERR,ERR,ERR,ERR,ERR,ERR,ERR,ERR,ERR,ERR,ERR,ERR,ERR,ERR,ERR,ERR,ERR,ERR,ERR,ERR,ERR,ERR,ERR,ERR,ERR,ERR,ERR,ERR,ERR,ERR,ERR,ERR,ERR,ERR,ERR,ERR,ERR,ERR,ERR,ERR,ERR,ERR,ERR,ERR,ERR,ERR,ERR,ERR,ERR,ERR,ERR,ERR,ERR,ERR,ERR,ERR,ERR,ERR,ERR,ERR,ERR,ERR,ERR,ERR,ERR,ERR,ERR,ERR,ERR,ERR,ERR,0.0,0.0,0.0,0.0,0.0,1.3936040501711995e+18,7.805,0.0,0,0,4,0,7116,0.0,100,0.0,0.0,0.0,0.0,0.0,0,0,0,0,0.0,0,0,0,0,0,0,0,0,0,0,0,0,0,0,0,0,0,0,0,0,0,0,0,0,0,0,0,0,0,0,0,0,0,31,40,40,71,65476,0,300,0,0,8,21553,0.0,-107605600.0,0.0,0.0,0.0,0.0,0.0,0.0,0.0,0.0,0.0,0.0,0.0,0.0,0.0,0.0,0.0,0.0,0.0,0.0,0.0,0.0,-2.004,2.004,-0.0,-0.0,0.0,0.0,0.0,0.0,6342.0,0.0,6915.0,0.0,0.0,0.0,0.0,0.0,0.0,0.0,0.0,69,-107615400.0,-0.0,0.0,0.0,0.0,0.0,0.0,0.0,0.0,0,0,0,0.0,0.0,0.0,0.0,0.0,0.0,0.0,0.0,0.0,0.0,0.0,0.0,0.0,0.0,0.0,0.0,0,-107875648.0,69,0.0,138,0.0,0.0,0,13107,17040,13107,17049,0,17043,0,0,0,70,68,100,2.7302359370752657e+23,71.1,0.0,74.2,2.7302370179391762e+23,74.0,1,49,50,180,0,52429,0,0,0.0,0.0,0.0,0.0,-0.0,67.0,0.0,162057.094,0.0,750,0,739,0,0,0,721,0,766,0,735,0,742,0,741,0,712,0,7520,0.032,79456894976.0,0.0,0.0,784,16797,-0.0,162057.094,-114818.039,-0.0,0.133,6.909358625270745e+28,30.0,65.0,35,0.0,0.0,0.0,0.0,0.0,0.0,0.0,0.0,0.0,0.0,0.0,0.0,0.0,0.0,0.0,0.0,69.2,0,150,71,54,65476,0,300,0,1,8,20529,65476,0,0,40632,65.0,0.0,0.0,0.0,0.0,0.0
2026-09-04T20:46:46,ERR,ERR,ERR,ERR,ERR,ERR,ERR,ERR,ERR,ERR,ERR,ERR,ERR,ERR,ERR,ERR,ERR,ERR,ERR,ERR,ERR,ERR,ERR,ERR,ERR,ERR,ERR,ERR,ERR,ERR,ERR,ERR,ERR,ERR,ERR,ERR,ERR,ERR,ERR,ERR,ERR,ERR,ERR,ERR,ERR,ERR,ERR,ERR,ERR,ERR,ERR,ERR,ERR,ERR,ERR,ERR,ERR,ERR,ERR,ERR,ERR,ERR,ERR,ERR,ERR,ERR,ERR,ERR,ERR,ERR,ERR,ERR,ERR,ERR,ERR,ERR,ERR,ERR,ERR,ERR,ERR,ERR,ERR,ERR,ERR,ERR,ERR,ERR,ERR,ERR,ERR,ERR,ERR,ERR,ERR,ERR,ERR,ERR,ERR,ERR,ERR,ERR,ERR,ERR,ERR,ERR,ERR,ERR,ERR,ERR,ERR,ERR,ERR,ERR,ERR,ERR,ERR,ERR,ERR,ERR,ERR,ERR,ERR,ERR,ERR,0.0,0.0,0.0,0.0,0.0,1.3936040501711995e+18,7.805,0.0,0,0,4,0,7116,0.0,100,0.0,0.0,0.0,0.0,0.0,0,0,0,0,0.0,0,0,0,0,0,0,0,0,0,0,0,0,0,0,0,0,0,0,0,0,0,0,0,0,0,0,0,0,0,0,0,0,0,31,40,40,71,65476,0,300,0,0,8,21553,0.0,-107605600.0,0.0,0.0,0.0,0.0,0.0,0.0,0.0,0.0,0.0,0.0,0.0,0.0,0.0,0.0,0.0,0.0,0.0,0.0,0.0,0.0,-2.004,2.004,-0.0,-0.0,0.0,0.0,0.0,0.0,6342.0,0.0,6915.0,0.0,0.0,0.0,0.0,0.0,0.0,0.0,0.0,69,-107615400.0,-0.0,0.0,0.0,0.0,0.0,0.0,0.0,0.0,0,0,0,0.0,0.0,0.0,0.0,0.0,0.0,0.0,0.0,0.0,0.0,0.0,0.0,0.0,0.0,0.0,0.0,0,-107875648.0,69,0.0,138,0.0,0.0,0,13107,17040,13107,17049,0,17043,0,0,0,70,68,100,2.7302359370752657e+23,71.1,0.0,74.2,2.7302370179391762e+23,74.0,1,49,50,180,0,52429,0,0,0.0,0.0,0.0,0.0,-0.0,67.0,0.0,162057.094,0.0,750,0,739,0,0,0,721,0,766,0,735,0,742,0,741,0,712,0,7520,0.032,79456894976.0,0.0,0.0,784,16797,-0.0,162057.094,-114818.039,-0.0,0.133,6.909358625270745e+28,30.0,65.0,35,0.0,0.0,0.0,0.0,0.0,0.0,0.0,0.0,0.0,0.0,0.0,0.0,0.0,0.0,0.0,0.0,69.2,0,150,71,54,65476,0,300,0,1,8,20529,65476,0,0,40632,65.0,0.0,0.0,0.0,0.0,0.0
2026-09-04T20:46:47,ERR,ERR,ERR,ERR,ERR,ERR,ERR,ERR,ERR,ERR,ERR,ERR,ERR,ERR,ERR,ERR,ERR,ERR,ERR,ERR,ERR,ERR,ERR,ERR,ERR,ERR,ERR,ERR,ERR,ERR,ERR,ERR,ERR,ERR,ERR,ERR,ERR,ERR,ERR,ERR,ERR,ERR,ERR,ERR,ERR,ERR,ERR,ERR,ERR,ERR,ERR,ERR,ERR,ERR,ERR,ERR,ERR,ERR,ERR,ERR,ERR,ERR,ERR,ERR,ERR,ERR,ERR,ERR,ERR,ERR,ERR,ERR,ERR,ERR,ERR,ERR,ERR,ERR,ERR,ERR,ERR,ERR,ERR,ERR,ERR,ERR,ERR,ERR,ERR,ERR,ERR,ERR,ERR,ERR,ERR,ERR,ERR,ERR,ERR,ERR,ERR,ERR,ERR,ERR,ERR,ERR,ERR,ERR,ERR,ERR,ERR,ERR,ERR,ERR,ERR,ERR,ERR,ERR,ERR,ERR,ERR,ERR,ERR,ERR,ERR,0.0,0.0,0.0,0.0,0.0,1.3936040501711995e+18,7.805,0.0,0,0,4,0,7116,0.0,100,0.0,0.0,0.0,0.0,0.0,0,0,0,0,0.0,0,0,0,0,0,0,0,0,0,0,0,0,0,0,0,0,0,0,0,0,0,0,0,0,0,0,0,0,0,0,0,0,0,31,40,40,71,65476,0,300,0,0,8,21553,0.0,-107605600.0,0.0,0.0,0.0,0.0,0.0,0.0,0.0,0.0,0.0,0.0,0.0,0.0,0.0,0.0,0.0,0.0,0.0,0.0,0.0,0.0,-2.004,2.004,-0.0,-0.0,0.0,0.0,0.0,0.0,6342.0,0.0,6915.0,0.0,0.0,0.0,0.0,0.0,0.0,0.0,0.0,69,-107615400.0,-0.0,0.0,0.0,0.0,0.0,0.0,0.0,0.0,0,0,0,0.0,0.0,0.0,0.0,0.0,0.0,0.0,0.0,0.0,0.0,0.0,0.0,0.0,0.0,0.0,0.0,0,-107875648.0,69,0.0,138,0.0,0.0,0,13107,17040,13107,17049,0,17043,0,0,0,70,68,100,2.7302359370752657e+23,71.1,0.0,74.2,2.7302370179391762e+23,74.0,1,49,50,180,0,52429,0,0,0.0,0.0,0.0,0.0,-0.0,67.0,0.0,162057.094,0.0,750,0,739,0,0,0,721,0,766,0,735,0,742,0,741,0,712,0,7520,0.032,79456894976.0,0.0,0.0,784,16797,-0.0,162057.094,-114818.039,-0.0,0.133,6.909358625270745e+28,30.0,65.0,35,0.0,0.0,0.0,0.0,0.0,0.0,0.0,0.0,0.0,0.0,0.0,0.0,0.0,0.0,0.0,0.0,69.2,0,150,71,54,65476,0,300,0,1,8,20529,65476,0,0,40632,65.0,0.0,0.0,0.0,0.0,0.0
2026-09-04T20:46:48,ERR,ERR,ERR,ERR,ERR,ERR,ERR,ERR,ERR,ERR,ERR,ERR,ERR,ERR,ERR,ERR,ERR,ERR,ERR,ERR,ERR,ERR,ERR,ERR,ERR,ERR,ERR,ERR,ERR,ERR,ERR,ERR,ERR,ERR,ERR,ERR,ERR,ERR,ERR,ERR,ERR,ERR,ERR,ERR,ERR,ERR,ERR,ERR,ERR,ERR,ERR,ERR,ERR,ERR,ERR,ERR,ERR,ERR,ERR,ERR,ERR,ERR,ERR,ERR,ERR,ERR,ERR,ERR,ERR,ERR,ERR,ERR,ERR,ERR,ERR,ERR,ERR,ERR,ERR,ERR,ERR,ERR,ERR,ERR,ERR,ERR,ERR,ERR,ERR,ERR,ERR,ERR,ERR,ERR,ERR,ERR,ERR,ERR,ERR,ERR,ERR,ERR,ERR,ERR,ERR,ERR,ERR,ERR,ERR,ERR,ERR,ERR,ERR,ERR,ERR,ERR,ERR,ERR,ERR,ERR,ERR,ERR,ERR,ERR,ERR,0.0,0.0,0.0,0.0,0.0,1.3936040501711995e+18,7.805,0.0,0,0,4,0,7116,0.0,100,0.0,0.0,0.0,0.0,0.0,0,0,0,0,0.0,0,0,0,0,0,0,0,0,0,0,0,0,0,0,0,0,0,0,0,0,0,0,0,0,0,0,0,0,0,0,0,0,0,31,40,40,71,65476,0,300,0,0,8,21553,0.0,-107605600.0,0.0,0.0,0.0,0.0,0.0,0.0,0.0,0.0,0.0,0.0,0.0,0.0,0.0,0.0,0.0,0.0,0.0,0.0,0.0,0.0,-2.004,2.004,-0.0,-0.0,0.0,0.0,0.0,0.0,6344.0,131351.094,6921.0,0.0,0.0,0.0,0.0,0.0,0.0,0.0,0.0,69,-3.222031175229641e+26,-107615208.0,0.0,0.0,0.0,0.0,0.0,0.0,0.0,0,0,0,0.0,0.0,0.0,0.0,0.0,0.0,0.0,0.0,0.0,0.0,0.0,0.0,0.0,0.0,0.0,0.0,0,-107875648.0,69,0.0,138,0.0,0.0,0,13107,17040,13107,17049,0,17043,0,0,0,70,68,100,2.7302359370752657e+23,71.1,0.0,74.2,2.7302370179391762e+23,74.0,1,49,50,180,0,52429,0,0,0.0,0.0,0.0,0.0,-0.0,67.0,0.0,162057.094,0.0,750,0,739,0,0,0,721,0,766,0,735,0,742,0,741,0,712,0,7520,0.032,79456894976.0,0.0,0.0,784,16797,-0.0,162057.094,-114818.039,-0.0,0.133,6.909358625270745e+28,30.0,65.0,35,0.0,0.0,0.0,0.0,0.0,0.0,0.0,0.0,0.0,0.0,0.0,0.0,0.0,0.0,0.0,0.0,69.2,0,150,71,54,65476,0,300,0,1,8,20529,65476,0,0,40632,65.0,0.0,0.0,0.0,0.0,0.0
2026-09-04T20:46:49,ERR,ERR,ERR,ERR,ERR,ERR,ERR,ERR,ERR,ERR,ERR,ERR,ERR,ERR,ERR,ERR,ERR,ERR,ERR,ERR,ERR,ERR,ERR,ERR,ERR,ERR,ERR,ERR,ERR,ERR,ERR,ERR,ERR,ERR,ERR,ERR,ERR,ERR,ERR,ERR,ERR,ERR,ERR,ERR,ERR,ERR,ERR,ERR,ERR,ERR,ERR,ERR,ERR,ERR,ERR,ERR,ERR,ERR,ERR,ERR,ERR,ERR,ERR,ERR,ERR,ERR,ERR,ERR,ERR,ERR,ERR,ERR,ERR,ERR,ERR,ERR,ERR,ERR,ERR,ERR,ERR,ERR,ERR,ERR,ERR,ERR,ERR,ERR,ERR,ERR,ERR,ERR,ERR,ERR,ERR,ERR,ERR,ERR,ERR,ERR,ERR,ERR,ERR,ERR,ERR,ERR,ERR,ERR,ERR,ERR,ERR,ERR,ERR,ERR,ERR,ERR,ERR,ERR,ERR,ERR,ERR,ERR,ERR,ERR,ERR,0.0,0.0,0.0,0.0,0.0,1.3936040501711995e+18,7.805,0.0,0,0,4,0,7116,0.0,100,0.0,0.0,0.0,0.0,0.0,0,0,0,0,0.0,0,0,0,0,0,0,0,0,0,0,0,0,0,0,0,0,0,0,0,0,0,0,0,0,0,0,0,0,0,0,0,0,0,31,40,40,71,65476,0,300,0,0,8,21553,0.0,-107605600.0,0.0,0.0,0.0,0.0,0.0,0.0,0.0,0.0,0.0,0.0,0.0,0.0,0.0,0.0,0.0,0.0,0.0,0.0,0.0,0.0,-2.004,2.004,-0.0,-0.0,0.0,0.0,0.0,0.0,6344.0,131351.094,6921.0,0.0,0.0,0.0,0.0,0.0,0.0,0.0,0.0,69,-3.222031175229641e+26,-107615208.0,0.0,0.0,0.0,0.0,0.0,0.0,0.0,0,0,0,0.0,0.0,0.0,0.0,0.0,0.0,0.0,0.0,0.0,0.0,0.0,0.0,0.0,0.0,0.0,0.0,0,-107875648.0,69,0.0,138,0.0,0.0,0,13107,17040,13107,17049,0,17043,0,0,0,70,68,100,2.7302359370752657e+23,71.1,0.0,74.2,2.7302370179391762e+23,74.0,1,49,50,180,0,52429,0,0,0.0,0.0,0.0,0.0,-0.0,67.0,0.0,162057.094,0.0,750,0,739,0,0,0,721,0,766,0,736,0,742,0,741,0,712,0,7520,0.032,79993765888.0,0.0,0.0,784,16797,-0.0,162057.094,-114818.039,-0.0,0.133,6.909358625270745e+28,30.0,65.0,35,0.0,0.0,0.0,0.0,0.0,0.0,0.0,0.0,0.0,0.0,0.0,0.0,0.0,0.0,0.0,0.0,69.2,0,150,71,54,65476,0,300,0,1,8,20529,65476,0,0,40632,65.0,0.0,0.0,0.0,0.0,0.0
2026-09-04T20:46:50,ERR,ERR,ERR,ERR,ERR,ERR,ERR,ERR,ERR,ERR,ERR,ERR,ERR,ERR,ERR,ERR,ERR,ERR,ERR,ERR,ERR,ERR,ERR,ERR,ERR,ERR,ERR,ERR,ERR,ERR,ERR,ERR,ERR,ERR,ERR,ERR,ERR,ERR,ERR,ERR,ERR,ERR,ERR,ERR,ERR,ERR,ERR,ERR,ERR,ERR,ERR,ERR,ERR,ERR,ERR,ERR,ERR,ERR,ERR,ERR,ERR,ERR,ERR,ERR,ERR,ERR,ERR,ERR,ERR,ERR,ERR,ERR,ERR,ERR,ERR,ERR,ERR,ERR,ERR,ERR,ERR,ERR,ERR,ERR,ERR,ERR,ERR,ERR,ERR,ERR,ERR,ERR,ERR,ERR,ERR,ERR,ERR,ERR,ERR,ERR,ERR,ERR,ERR,ERR,ERR,ERR,ERR,ERR,ERR,ERR,ERR,ERR,ERR,ERR,ERR,ERR,ERR,ERR,ERR,ERR,ERR,ERR,ERR,ERR,ERR,0.0,0.0,0.0,0.0,0.0,1.3936040501711995e+18,7.805,0.0,0,0,4,0,7116,0.0,100,0.0,0.0,0.0,0.0,0.0,0,0,0,0,0.0,0,0,0,0,0,0,0,0,0,0,0,0,0,0,0,0,0,0,0,0,0,0,0,0,0,0,0,0,0,0,0,0,0,31,40,40,71,65476,0,300,0,0,8,21553,0.0,-107605600.0,0.0,0.0,0.0,0.0,0.0,0.0,0.0,0.0,0.0,0.0,0.0,0.0,0.0,0.0,0.0,0.0,0.0,0.0,0.0,0.0,-2.004,2.004,-0.0,-0.0,0.0,0.0,0.0,0.0,6344.0,131351.094,6921.0,0.0,0.0,0.0,0.0,0.0,0.0,0.0,0.0,69,-3.222031175229641e+26,-107615208.0,0.0,0.0,0.0,0.0,0.0,0.0,0.0,0,0,0,0.0,0.0,0.0,0.0,0.0,0.0,0.0,0.0,0.0,0.0,0.0,0.0,0.0,0.0,0.0,0.0,0,-107875648.0,69,0.0,138,0.0,0.0,0,13107,17040,13107,17049,0,17043,0,0,0,70,68,100,2.7302359370752657e+23,71.1,0.0,74.2,2.7302370179391762e+23,74.0,1,49,50,180,0,52429,0,0,0.0,0.0,0.0,0.0,-0.0,67.0,0.0,162057.094,0.0,750,0,739,0,0,0,721,0,766,0,736,0,742,0,741,0,712,0,7520,0.032,79993765888.0,0.0,0.0,784,16797,-0.0,162057.094,-114818.039,-0.0,0.133,6.909358625270745e+28,30.0,65.0,35,0.0,0.0,0.0,0.0,0.0,0.0,0.0,0.0,0.0,0.0,0.0,0.0,0.0,0.0,0.0,0.0,69.2,0,150,71,54,65476,0,300,0,1,8,20529,65476,0,0,40632,65.0,0.0,0.0,0.0,0.0,0.0
2026-09-04T20:46:51,ERR,ERR,ERR,ERR,ERR,ERR,ERR,ERR,ERR,ERR,ERR,ERR,ERR,ERR,ERR,ERR,ERR,ERR,ERR,ERR,ERR,ERR,ERR,ERR,ERR,ERR,ERR,ERR,ERR,ERR,ERR,ERR,ERR,ERR,ERR,ERR,ERR,ERR,ERR,ERR,ERR,ERR,ERR,ERR,ERR,ERR,ERR,ERR,ERR,ERR,ERR,ERR,ERR,ERR,ERR,ERR,ERR,ERR,ERR,ERR,ERR,ERR,ERR,ERR,ERR,ERR,ERR,ERR,ERR,ERR,ERR,ERR,ERR,ERR,ERR,ERR,ERR,ERR,ERR,ERR,ERR,ERR,ERR,ERR,ERR,ERR,ERR,ERR,ERR,ERR,ERR,ERR,ERR,ERR,ERR,ERR,ERR,ERR,ERR,ERR,ERR,ERR,ERR,ERR,ERR,ERR,ERR,ERR,ERR,ERR,ERR,ERR,ERR,ERR,ERR,ERR,ERR,ERR,ERR,ERR,ERR,ERR,ERR,ERR,ERR,0.0,0.0,0.0,0.0,0.0,1.3936040501711995e+18,7.805,0.0,0,0,4,0,7116,0.0,100,0.0,0.0,0.0,0.0,0.0,0,0,0,0,0.0,0,0,0,0,0,0,0,0,0,0,0,0,0,0,0,0,0,0,0,0,0,0,0,0,0,0,0,0,0,0,0,0,0,31,40,40,71,65476,0,300,0,0,8,21553,0.0,-107605600.0,0.0,0.0,0.0,0.0,0.0,0.0,0.0,0.0,0.0,0.0,0.0,0.0,0.0,0.0,0.0,0.0,0.0,0.0,0.0,0.0,-2.004,2.004,-0.0,-0.0,0.0,0.0,0.0,0.0,6344.0,131351.094,6921.0,0.0,0.0,0.0,0.0,0.0,0.0,0.0,0.0,69,-3.222031175229641e+26,-107615208.0,0.0,0.0,0.0,0.0,0.0,0.0,0.0,0,0,0,0.0,0.0,0.0,0.0,0.0,0.0,0.0,0.0,0.0,0.0,0.0,0.0,0.0,0.0,0.0,0.0,0,-107875648.0,69,0.0,138,0.0,0.0,0,13107,17040,13107,17049,0,17043,0,0,0,70,68,100,2.7302359370752657e+23,71.1,0.0,74.2,2.7302370179391762e+23,74.0,1,49,50,180,0,52429,0,0,0.0,0.0,0.0,0.0,-0.0,67.0,0.0,162057.094,0.0,750,0,739,0,0,0,721,0,766,0,736,0,742,0,741,0,712,0,7520,0.032,79993765888.0,0.0,0.0,784,16797,-0.0,162057.094,-114818.039,-0.0,0.133,6.909358625270745e+28,30.0,65.0,35,0.0,0.0,0.0,0.0,0.0,0.0,0.0,0.0,0.0,0.0,0.0,0.0,0.0,0.0,0.0,0.0,69.6,0,150,71,54,65476,0,300,0,1,8,20529,65476,0,0,40632,65.0,0.0,0.0,0.0,0.0,0.0
2026-09-04T20:46:52,ERR,ERR,ERR,ERR,ERR,ERR,ERR,ERR,ERR,ERR,ERR,ERR,ERR,ERR,ERR,ERR,ERR,ERR,ERR,ERR,ERR,ERR,ERR,ERR,ERR,ERR,ERR,ERR,ERR,ERR,ERR,ERR,ERR,ERR,ERR,ERR,ERR,ERR,ERR,ERR,ERR,ERR,ERR,ERR,ERR,ERR,ERR,ERR,ERR,ERR,ERR,ERR,ERR,ERR,ERR,ERR,ERR,ERR,ERR,ERR,ERR,ERR,ERR,ERR,ERR,ERR,ERR,ERR,ERR,ERR,ERR,ERR,ERR,ERR,ERR,ERR,ERR,ERR,ERR,ERR,ERR,ERR,ERR,ERR,ERR,ERR,ERR,ERR,ERR,ERR,ERR,ERR,ERR,ERR,ERR,ERR,ERR,ERR,ERR,ERR,ERR,ERR,ERR,ERR,ERR,ERR,ERR,ERR,ERR,ERR,ERR,ERR,ERR,ERR,ERR,ERR,ERR,ERR,ERR,ERR,ERR,ERR,ERR,ERR,ERR,0.0,0.0,0.0,0.0,0.0,1.3936040501711995e+18,7.805,0.0,0,0,4,0,7116,0.0,100,0.0,0.0,0.0,0.0,0.0,0,0,0,0,0.0,0,0,0,0,0,0,0,0,0,0,0,0,0,0,0,0,0,0,0,0,0,0,0,0,0,0,0,0,0,0,0,0,0,31,40,40,71,65476,0,300,0,0,8,21553,0.0,-107605600.0,0.0,0.0,0.0,0.0,0.0,0.0,0.0,0.0,0.0,0.0,0.0,0.0,0.0,0.0,0.0,0.0,0.0,0.0,0.0,0.0,-2.004,2.004,-0.0,-0.0,0.0,0.0,0.0,0.0,6344.0,131351.094,6921.0,0.0,0.0,0.0,0.0,0.0,0.0,0.0,0.0,69,-3.222031175229641e+26,-107615208.0,0.0,0.0,0.0,0.0,0.0,0.0,0.0,0,0,0,0.0,0.0,0.0,0.0,0.0,0.0,0.0,0.0,0.0,0.0,0.0,0.0,0.0,0.0,0.0,0.0,0,-107875648.0,69,0.0,138,0.0,0.0,0,13107,17040,13107,17049,0,17043,0,0,0,70,68,100,2.7302359370752657e+23,71.1,0.0,74.2,2.7302370179391762e+23,74.0,1,49,50,180,0,52429,0,0,0.0,0.0,0.0,0.0,-0.0,67.0,0.0,162057.094,0.0,750,0,739,0,0,0,721,0,766,0,736,0,742,0,741,0,712,0,7520,0.032,79993765888.0,0.0,0.0,784,16797,-0.0,162057.094,-114818.039,-0.0,0.133,6.909358625270745e+28,30.0,65.0,35,0.0,0.0,0.0,0.0,0.0,0.0,0.0,0.0,0.0,0.0,0.0,0.0,0.0,0.0,0.0,0.0,69.6,0,150,71,54,65476,0,300,0,1,8,20529,65476,0,0,40632,65.0,0.0,0.0,0.0,0.0,0.0
2026-09-04T20:46:53,ERR,ERR,ERR,ERR,ERR,ERR,ERR,ERR,ERR,ERR,ERR,ERR,ERR,ERR,ERR,ERR,ERR,ERR,ERR,ERR,ERR,ERR,ERR,ERR,ERR,ERR,ERR,ERR,ERR,ERR,ERR,ERR,ERR,ERR,ERR,ERR,ERR,ERR,ERR,ERR,ERR,ERR,ERR,ERR,ERR,ERR,ERR,ERR,ERR,ERR,ERR,ERR,ERR,ERR,ERR,ERR,ERR,ERR,ERR,ERR,ERR,ERR,ERR,ERR,ERR,ERR,ERR,ERR,ERR,ERR,ERR,ERR,ERR,ERR,ERR,ERR,ERR,ERR,ERR,ERR,ERR,ERR,ERR,ERR,ERR,ERR,ERR,ERR,ERR,ERR,ERR,ERR,ERR,ERR,ERR,ERR,ERR,ERR,ERR,ERR,ERR,ERR,ERR,ERR,ERR,ERR,ERR,ERR,ERR,ERR,ERR,ERR,ERR,ERR,ERR,ERR,ERR,ERR,ERR,ERR,ERR,ERR,ERR,ERR,ERR,0.0,0.0,0.0,0.0,0.0,1.3936040501711995e+18,7.805,0.0,0,0,4,0,7116,0.0,100,0.0,0.0,0.0,0.0,0.0,0,0,0,0,0.0,0,0,0,0,0,0,0,0,0,0,0,0,0,0,0,0,0,0,0,0,0,0,0,0,0,0,0,0,0,0,0,0,0,31,40,40,71,65476,0,300,0,0,8,21553,0.0,-107605600.0,0.0,0.0,0.0,0.0,0.0,0.0,0.0,0.0,0.0,0.0,0.0,0.0,0.0,0.0,0.0,0.0,0.0,0.0,0.0,0.0,-2.004,2.004,-0.0,-0.0,0.0,0.0,0.0,0.0,6344.0,131351.094,6921.0,0.0,0.0,0.0,0.0,0.0,0.0,0.0,0.0,69,-3.222031175229641e+26,-107615208.0,0.0,0.0,0.0,0.0,0.0,0.0,0.0,0,0,0,0.0,0.0,0.0,0.0,0.0,0.0,0.0,0.0,0.0,0.0,0.0,0.0,0.0,0.0,0.0,0.0,0,-107875648.0,69,0.0,138,0.0,0.0,0,13107,17040,13107,17049,0,17043,0,0,0,70,68,100,2.7302359370752657e+23,71.1,0.0,74.2,2.7302370179391762e+23,74.0,1,49,50,180,0,52429,0,0,0.0,0.0,0.0,0.0,-0.0,67.0,0.0,162057.094,0.0,750,0,739,0,0,0,721,0,766,0,736,0,742,0,741,0,712,0,7520,0.032,79993765888.0,0.0,0.0,784,16797,-0.0,162057.094,-114818.039,-0.0,0.133,6.909358625270745e+28,30.0,65.0,35,0.0,0.0,0.0,0.0,0.0,0.0,0.0,0.0,0.0,0.0,0.0,0.0,0.0,0.0,0.0,0.0,69.6,0,150,71,54,65476,0,300,0,1,8,20529,65476,0,0,40632,65.0,0.0,0.0,0.0,0.0,0.0
2026-09-04T20:46:54,ERR,ERR,ERR,ERR,ERR,ERR,ERR,ERR,ERR,ERR,ERR,ERR,ERR,ERR,ERR,ERR,ERR,ERR,ERR,ERR,ERR,ERR,ERR,ERR,ERR,ERR,ERR,ERR,ERR,ERR,ERR,ERR,ERR,ERR,ERR,ERR,ERR,ERR,ERR,ERR,ERR,ERR,ERR,ERR,ERR,ERR,ERR,ERR,ERR,ERR,ERR,ERR,ERR,ERR,ERR,ERR,ERR,ERR,ERR,ERR,ERR,ERR,ERR,ERR,ERR,ERR,ERR,ERR,ERR,ERR,ERR,ERR,ERR,ERR,ERR,ERR,ERR,ERR,ERR,ERR,ERR,ERR,ERR,ERR,ERR,ERR,ERR,ERR,ERR,ERR,ERR,ERR,ERR,ERR,ERR,ERR,ERR,ERR,ERR,ERR,ERR,ERR,ERR,ERR,ERR,ERR,ERR,ERR,ERR,ERR,ERR,ERR,ERR,ERR,ERR,ERR,ERR,ERR,ERR,ERR,ERR,ERR,ERR,ERR,ERR,0.0,0.0,0.0,0.0,0.0,1.3936040501711995e+18,7.805,0.0,0,0,4,0,7116,0.0,100,0.0,0.0,0.0,0.0,0.0,0,0,0,0,0.0,0,0,0,0,0,0,0,0,0,0,0,0,0,0,0,0,0,0,0,0,0,0,0,0,0,0,0,0,0,0,0,0,0,31,40,40,71,65476,0,300,0,0,8,21553,0.0,-107605600.0,0.0,0.0,0.0,0.0,0.0,0.0,0.0,0.0,0.0,0.0,0.0,0.0,0.0,0.0,0.0,0.0,0.0,0.0,0.0,0.0,-2.004,2.004,-0.0,-0.0,0.0,0.0,0.0,0.0,6344.0,131351.094,6921.0,0.0,0.0,0.0,0.0,0.0,0.0,0.0,0.0,69,-3.222031175229641e+26,-107615208.0,0.0,0.0,0.0,0.0,0.0,0.0,0.0,0,0,0,0.0,0.0,0.0,0.0,0.0,0.0,0.0,0.0,0.0,0.0,0.0,0.0,0.0,0.0,0.0,0.0,0,-107875648.0,69,0.0,138,0.0,0.0,0,13107,17040,13107,17049,13107,17043,0,0,0,70,68,100,2.7302359370752657e+23,71.1,0.0,74.2,2.7302370179391762e+23,74.0,1,49,50,180,0,52429,0,0,0.0,0.0,0.0,0.0,-0.0,67.0,0.0,162057.094,0.0,750,0,739,0,0,0,721,0,766,0,736,0,742,0,741,0,712,0,7520,0.032,78920024064.0,0.0,0.0,784,16797,-0.0,162057.094,-114818.039,-0.0,0.133,6.909358625270745e+28,30.0,65.0,35,0.0,0.0,0.0,0.0,0.0,0.0,0.0,0.0,0.0,0.0,0.0,0.0,0.0,0.0,0.0,0.0,69.2,0,150,71,54,65476,0,300,0,1,8,20529,65476,0,0,40632,65.0,0.0,0.0,0.0,0.0,0.0
2026-09-04T20:46:55,ERR,ERR,ERR,ERR,ERR,ERR,ERR,ERR,ERR,ERR,ERR,ERR,ERR,ERR,ERR,ERR,ERR,ERR,ERR,ERR,ERR,ERR,ERR,ERR,ERR,ERR,ERR,ERR,ERR,ERR,ERR,ERR,ERR,ERR,ERR,ERR,ERR,ERR,ERR,ERR,ERR,ERR,ERR,ERR,ERR,ERR,ERR,ERR,ERR,ERR,ERR,ERR,ERR,ERR,ERR,ERR,ERR,ERR,ERR,ERR,ERR,ERR,ERR,ERR,ERR,ERR,ERR,ERR,ERR,ERR,ERR,ERR,ERR,ERR,ERR,ERR,ERR,ERR,ERR,ERR,ERR,ERR,ERR,ERR,ERR,ERR,ERR,ERR,ERR,ERR,ERR,ERR,ERR,ERR,ERR,ERR,ERR,ERR,ERR,ERR,ERR,ERR,ERR,ERR,ERR,ERR,ERR,ERR,ERR,ERR,ERR,ERR,ERR,ERR,ERR,ERR,ERR,ERR,ERR,ERR,ERR,ERR,ERR,ERR,ERR,0.0,0.0,0.0,0.0,0.0,1.3936040501711995e+18,7.805,0.0,0,0,4,0,7116,0.0,100,0.0,0.0,0.0,0.0,0.0,0,0,0,0,0.0,0,0,0,0,0,0,0,0,0,0,0,0,0,0,0,0,0,0,0,0,0,0,0,0,0,0,0,0,0,0,0,0,0,31,40,40,71,65476,0,300,0,0,8,21553,0.0,-107605600.0,0.0,0.0,0.0,0.0,0.0,0.0,0.0,0.0,0.0,0.0,0.0,0.0,0.0,0.0,0.0,0.0,0.0,0.0,0.0,0.0,-2.004,2.004,-0.0,-2.004,0.0,0.0,0.0,0.0,6366.0,3.697204605420044e+19,6924.0,0.0,0.0,0.0,0.0,0.0,0.0,0.0,0.0,69,-89221.164,-107615208.0,0.0,0.0,0.0,0.0,0.0,0.0,0.0,0,0,0,0.0,0.0,0.0,0.0,0.0,0.0,0.0,0.0,0.0,0.0,0.0,0.0,0.0,0.0,0.0,0.0,0,-107875648.0,69,0.0,138,0.0,0.0,0,13107,17040,13107,17049,13107,17043,0,0,0,70,68,100,2.7302359370752657e+23,71.1,0.0,74.2,2.7302370179391762e+23,74.0,1,49,50,180,0,52429,0,0,0.0,0.0,0.0,0.0,-0.0,67.0,0.0,162057.094,0.0,750,0,739,0,0,0,721,0,766,0,736,0,742,0,741,0,712,0,7520,0.032,78920024064.0,0.0,0.0,784,16797,-0.0,162057.094,-114818.039,-0.0,0.133,6.909358625270745e+28,30.0,65.0,35,0.0,0.0,0.0,0.0,0.0,0.0,0.0,0.0,0.0,0.0,0.0,0.0,0.0,0.0,0.0,0.0,69.2,0,150,71,54,65476,0,300,0,1,8,20529,65476,0,0,40632,65.0,0.0,0.0,0.0,0.0,0.0
2026-09-04T20:46:56,ERR,ERR,ERR,ERR,ERR,ERR,ERR,ERR,ERR,ERR,ERR,ERR,ERR,ERR,ERR,ERR,ERR,ERR,ERR,ERR,ERR,ERR,ERR,ERR,ERR,ERR,ERR,ERR,ERR,ERR,ERR,ERR,ERR,ERR,ERR,ERR,ERR,ERR,ERR,ERR,ERR,ERR,ERR,ERR,ERR,ERR,ERR,ERR,ERR,ERR,ERR,ERR,ERR,ERR,ERR,ERR,ERR,ERR,ERR,ERR,ERR,ERR,ERR,ERR,ERR,ERR,ERR,ERR,ERR,ERR,ERR,ERR,ERR,ERR,ERR,ERR,ERR,ERR,ERR,ERR,ERR,ERR,ERR,ERR,ERR,ERR,ERR,ERR,ERR,ERR,ERR,ERR,ERR,ERR,ERR,ERR,ERR,ERR,ERR,ERR,ERR,ERR,ERR,ERR,ERR,ERR,ERR,ERR,ERR,ERR,ERR,ERR,ERR,ERR,ERR,ERR,ERR,ERR,ERR,ERR,ERR,ERR,ERR,ERR,ERR,0.0,0.0,0.0,0.0,0.0,1.3936040501711995e+18,7.805,0.0,0,0,4,0,7116,0.0,100,0.0,0.0,0.0,0.0,0.0,0,0,0,0,0.0,0,0,0,0,0,0,0,0,0,0,0,0,0,0,0,0,0,0,0,0,0,0,0,0,0,0,0,0,0,0,0,0,0,31,40,40,71,65476,0,300,0,0,8,21553,0.0,-107605600.0,0.0,0.0,0.0,0.0,0.0,0.0,0.0,0.0,0.0,0.0,0.0,0.0,0.0,0.0,0.0,0.0,0.0,0.0,0.0,0.0,-2.004,2.004,-0.0,-2.004,0.0,0.0,0.0,0.0,6366.0,3.697204605420044e+19,6924.0,0.0,0.0,0.0,0.0,0.0,0.0,0.0,0.0,69,-89221.164,-107615208.0,0.0,0.0,0.0,0.0,0.0,0.0,0.0,0,0,0,0.0,0.0,0.0,0.0,0.0,0.0,0.0,0.0,0.0,0.0,0.0,0.0,0.0,0.0,0.0,0.0,0,-107875648.0,69,0.0,138,0.0,0.0,0,13107,17040,13107,17049,13107,17043,0,0,0,70,68,100,2.7302359370752657e+23,71.1,0.0,74.2,2.7302370179391762e+23,74.0,1,49,50,180,0,52429,0,0,0.0,0.0,0.0,0.0,-0.0,67.0,0.0,162057.094,0.0,750,0,739,0,0,0,721,0,766,0,736,0,742,0,741,0,712,0,7520,0.032,78920024064.0,0.0,0.0,784,16797,-0.0,162057.094,-114818.039,-0.0,0.133,6.909358625270745e+28,30.0,65.0,35,0.0,0.0,0.0,0.0,0.0,0.0,0.0,0.0,0.0,0.0,0.0,0.0,0.0,0.0,0.0,0.0,69.2,0,150,71,54,65476,0,300,0,1,8,20529,65476,0,0,40632,65.0,0.0,0.0,0.0,0.0,0.0
2026-09-04T20:46:57,ERR,ERR,ERR,ERR,ERR,ERR,ERR,ERR,ERR,ERR,ERR,ERR,ERR,ERR,ERR,ERR,ERR,ERR,ERR,ERR,ERR,ERR,ERR,ERR,ERR,ERR,ERR,ERR,ERR,ERR,ERR,ERR,ERR,ERR,ERR,ERR,ERR,ERR,ERR,ERR,ERR,ERR,ERR,ERR,ERR,ERR,ERR,ERR,ERR,ERR,ERR,ERR,ERR,ERR,ERR,ERR,ERR,ERR,ERR,ERR,ERR,ERR,ERR,ERR,ERR,ERR,ERR,ERR,ERR,ERR,ERR,ERR,ERR,ERR,ERR,ERR,ERR,ERR,ERR,ERR,ERR,ERR,ERR,ERR,ERR,ERR,ERR,ERR,ERR,ERR,ERR,ERR,ERR,ERR,ERR,ERR,ERR,ERR,ERR,ERR,ERR,ERR,ERR,ERR,ERR,ERR,ERR,ERR,ERR,ERR,ERR,ERR,ERR,ERR,ERR,ERR,ERR,ERR,ERR,ERR,ERR,ERR,ERR,ERR,ERR,0.0,0.0,0.0,0.0,0.0,1.3936040501711995e+18,7.805,0.0,0,0,4,0,7116,0.0,100,0.0,0.0,0.0,0.0,0.0,0,0,0,0,0.0,0,0,0,0,0,0,0,0,0,0,0,0,0,0,0,0,0,0,0,0,0,0,0,0,0,0,0,0,0,0,0,0,0,31,40,40,71,65476,0,300,0,0,8,21553,0.0,-107605600.0,0.0,0.0,0.0,0.0,0.0,0.0,0.0,0.0,0.0,0.0,0.0,0.0,0.0,0.0,0.0,0.0,0.0,0.0,0.0,0.0,-2.004,2.004,-0.0,-2.004,0.0,0.0,0.0,0.0,6366.0,3.697204605420044e+19,6924.0,0.0,0.0,0.0,0.0,0.0,0.0,0.0,0.0,69,-89221.164,-107615208.0,0.0,0.0,0.0,0.0,0.0,0.0,0.0,0,0,0,0.0,0.0,0.0,0.0,0.0,0.0,0.0,0.0,0.0,0.0,0.0,0.0,0.0,0.0,0.0,0.0,0,-107875648.0,69,0.0,138,0.0,0.0,0,13107,17040,13107,17049,13107,17043,0,0,0,70,68,100,2.7302359370752657e+23,71.1,0.0,74.2,2.7302370179391762e+23,74.0,1,49,50,180,0,52429,0,0,0.0,0.0,0.0,0.0,-0.0,67.0,0.0,162057.094,0.0,750,0,739,0,0,0,721,0,766,0,736,0,742,0,741,0,712,0,7520,0.032,78920024064.0,0.0,0.0,784,16797,-0.0,162057.094,-114818.039,-0.0,0.133,6.909358625270745e+28,30.0,65.0,35,0.0,0.0,0.0,0.0,0.0,0.0,0.0,0.0,0.0,0.0,0.0,0.0,0.0,0.0,0.0,0.0,69.2,0,150,71,54,65476,0,300,0,1,8,20529,65476,0,0,40632,65.0,0.0,0.0,0.0,0.0,0.0
2026-09-04T20:46:58,ERR,ERR,ERR,ERR,ERR,ERR,ERR,ERR,ERR,ERR,ERR,ERR,ERR,ERR,ERR,ERR,ERR,ERR,ERR,ERR,ERR,ERR,ERR,ERR,ERR,ERR,ERR,ERR,ERR,ERR,ERR,ERR,ERR,ERR,ERR,ERR,ERR,ERR,ERR,ERR,ERR,ERR,ERR,ERR,ERR,ERR,ERR,ERR,ERR,ERR,ERR,ERR,ERR,ERR,ERR,ERR,ERR,ERR,ERR,ERR,ERR,ERR,ERR,ERR,ERR,ERR,ERR,ERR,ERR,ERR,ERR,ERR,ERR,ERR,ERR,ERR,ERR,ERR,ERR,ERR,ERR,ERR,ERR,ERR,ERR,ERR,ERR,ERR,ERR,ERR,ERR,ERR,ERR,ERR,ERR,ERR,ERR,ERR,ERR,ERR,ERR,ERR,ERR,ERR,ERR,ERR,ERR,ERR,ERR,ERR,ERR,ERR,ERR,ERR,ERR,ERR,ERR,ERR,ERR,ERR,ERR,ERR,ERR,ERR,ERR,0.0,0.0,0.0,0.0,0.0,1.3936040501711995e+18,7.805,0.0,0,0,4,0,7116,0.0,100,0.0,0.0,0.0,0.0,0.0,0,0,0,0,0.0,0,0,0,0,0,0,0,0,0,0,0,0,0,0,0,0,0,0,0,0,0,0,0,0,0,0,0,0,0,0,0,0,0,31,40,40,71,65476,0,300,0,0,8,21553,0.0,-107605600.0,0.0,0.0,0.0,0.0,0.0,0.0,0.0,0.0,0.0,0.0,0.0,0.0,0.0,0.0,0.0,0.0,0.0,0.0,0.0,0.0,-2.004,2.004,-0.0,-2.004,0.0,0.0,0.0,0.0,6366.0,3.697204605420044e+19,6924.0,0.0,0.0,0.0,0.0,0.0,0.0,0.0,0.0,69,-89221.164,-107615208.0,0.0,0.0,0.0,0.0,0.0,0.0,0.0,0,0,0,0.0,0.0,0.0,0.0,0.0,0.0,0.0,0.0,0.0,0.0,0.0,0.0,0.0,0.0,0.0,0.0,0,-107875648.0,69,0.0,138,0.0,0.0,0,13107,17040,13107,17049,13107,17043,0,0,0,70,68,100,2.7302359370752657e+23,71.1,0.0,74.2,2.7302370179391762e+23,74.0,1,49,50,180,0,52429,0,0,0.0,0.0,0.0,0.0,-0.0,67.0,0.0,162057.094,0.0,750,0,739,0,0,0,721,0,766,0,736,0,742,0,741,0,712,0,7520,0.032,78920024064.0,0.0,0.0,784,16797,-0.0,162057.094,-114818.039,-0.0,0.133,6.909358625270745e+28,30.0,65.0,35,0.0,0.0,0.0,0.0,0.0,0.0,0.0,0.0,0.0,0.0,0.0,0.0,0.0,0.0,0.0,0.0,69.2,0,150,71,54,65476,0,300,0,1,8,20529,65476,0,0,40632,65.0,0.0,0.0,0.0,0.0,0.0
2026-09-04T20:46:59,ERR,ERR,ERR,ERR,ERR,ERR,ERR,ERR,ERR,ERR,ERR,ERR,ERR,ERR,ERR,ERR,ERR,ERR,ERR,ERR,ERR,ERR,ERR,ERR,ERR,ERR,ERR,ERR,ERR,ERR,ERR,ERR,ERR,ERR,ERR,ERR,ERR,ERR,ERR,ERR,ERR,ERR,ERR,ERR,ERR,ERR,ERR,ERR,ERR,ERR,ERR,ERR,ERR,ERR,ERR,ERR,ERR,ERR,ERR,ERR,ERR,ERR,ERR,ERR,ERR,ERR,ERR,ERR,ERR,ERR,ERR,ERR,ERR,ERR,ERR,ERR,ERR,ERR,ERR,ERR,ERR,ERR,ERR,ERR,ERR,ERR,ERR,ERR,ERR,ERR,ERR,ERR,ERR,ERR,ERR,ERR,ERR,ERR,ERR,ERR,ERR,ERR,ERR,ERR,ERR,ERR,ERR,ERR,ERR,ERR,ERR,ERR,ERR,ERR,ERR,ERR,ERR,ERR,ERR,ERR,ERR,ERR,ERR,ERR,ERR,0.0,0.0,0.0,0.0,0.0,1.3936040501711995e+18,7.805,0.0,0,0,4,0,7116,0.0,100,0.0,0.0,0.0,0.0,0.0,0,0,0,0,0.0,0,0,0,0,0,0,0,0,0,0,0,0,0,0,0,0,0,0,0,0,0,0,0,0,0,0,0,0,0,0,0,0,0,31,40,40,71,65476,0,300,0,0,8,21553,0.0,-107605600.0,0.0,0.0,0.0,0.0,0.0,0.0,0.0,0.0,0.0,0.0,0.0,0.0,0.0,0.0,0.0,0.0,0.0,0.0,0.0,0.0,-2.004,2.004,-0.0,-2.004,0.0,0.0,0.0,0.0,6366.0,3.697204605420044e+19,6924.0,0.0,0.0,0.0,0.0,0.0,0.0,0.0,0.0,69,-89221.164,-107615208.0,0.0,0.0,0.0,0.0,0.0,0.0,0.0,0,0,0,0.0,0.0,0.0,0.0,0.0,0.0,0.0,0.0,0.0,0.0,0.0,0.0,0.0,0.0,0.0,0.0,0,-107875648.0,69,0.0,138,0.0,0.0,0,13107,17040,13107,17049,13107,17043,0,0,0,70,68,100,2.7302359370752657e+23,71.1,0.0,74.2,2.7302370179391762e+23,74.0,1,49,50,180,0,52429,0,0,0.0,0.0,0.0,0.0,-0.0,67.0,0.0,162057.094,0.0,750,0,739,0,0,0,721,0,766,0,736,0,742,0,741,0,712,0,7520,0.032,78920024064.0,0.0,0.0,784,16797,-0.0,162057.094,-114818.039,-0.0,0.133,6.909358625270745e+28,30.0,65.0,35,0.0,0.0,0.0,0.0,0.0,0.0,0.0,0.0,0.0,0.0,0.0,0.0,0.0,0.0,0.0,0.0,69.2,0,150,71,54,65476,0,300,0,1,8,20529,65476,0,0,40632,65.0,0.0,0.0,0.0,0.0,0.0
2026-09-04T20:47:00,ERR,ERR,ERR,ERR,ERR,ERR,ERR,ERR,ERR,ERR,ERR,ERR,ERR,ERR,ERR,ERR,ERR,ERR,ERR,ERR,ERR,ERR,ERR,ERR,ERR,ERR,ERR,ERR,ERR,ERR,ERR,ERR,ERR,ERR,ERR,ERR,ERR,ERR,ERR,ERR,ERR,ERR,ERR,ERR,ERR,ERR,ERR,ERR,ERR,ERR,ERR,ERR,ERR,ERR,ERR,ERR,ERR,ERR,ERR,ERR,ERR,ERR,ERR,ERR,ERR,ERR,ERR,ERR,ERR,ERR,ERR,ERR,ERR,ERR,ERR,ERR,ERR,ERR,ERR,ERR,ERR,ERR,ERR,ERR,ERR,ERR,ERR,ERR,ERR,ERR,ERR,ERR,ERR,ERR,ERR,ERR,ERR,ERR,ERR,ERR,ERR,ERR,ERR,ERR,ERR,ERR,ERR,ERR,ERR,ERR,ERR,ERR,ERR,ERR,ERR,ERR,ERR,ERR,ERR,ERR,ERR,ERR,ERR,ERR,ERR,0.0,0.0,0.0,0.0,0.0,1.3936040501711995e+18,7.805,0.0,0,0,4,0,7116,0.0,100,0.0,0.0,0.0,0.0,0.0,0,0,0,0,0.0,0,0,0,0,0,0,0,0,0,0,0,0,0,0,0,0,0,0,0,0,0,0,0,0,0,0,0,0,0,0,0,0,0,31,40,40,71,65476,0,300,0,0,8,21553,0.0,-107605600.0,0.0,0.0,0.0,0.0,0.0,0.0,0.0,0.0,0.0,0.0,0.0,0.0,0.0,0.0,0.0,0.0,0.0,0.0,0.0,0.0,-2.004,2.004,-0.0,-2.004,0.0,0.0,0.0,0.0,6366.0,3.697204605420044e+19,6924.0,0.0,0.0,0.0,0.0,0.0,0.0,0.0,0.0,69,-89221.164,-107615208.0,0.0,0.0,0.0,0.0,0.0,0.0,0.0,0,0,0,0.0,0.0,0.0,0.0,0.0,0.0,0.0,0.0,0.0,0.0,0.0,0.0,0.0,0.0,0.0,0.0,0,-107875648.0,69,0.0,138,0.0,0.0,0,13107,17040,13107,17049,13107,17043,0,0,0,70,68,100,2.7302359370752657e+23,71.1,0.0,74.2,2.7302370179391762e+23,74.0,1,49,50,180,0,52429,0,0,0.0,0.0,0.0,0.0,-0.0,67.0,0.0,162057.094,0.0,750,0,739,0,0,0,721,0,766,0,736,0,742,0,741,0,712,0,7520,0.032,79456894976.0,0.0,0.0,784,16797,-0.0,162057.094,-114818.039,-0.0,0.133,6.909358625270745e+28,30.0,65.0,35,0.0,0.0,0.0,0.0,0.0,0.0,0.0,0.0,0.0,0.0,0.0,0.0,0.0,0.0,0.0,0.0,69.2,0,150,71,54,65476,0,300,0,1,8,20529,65476,0,0,40632,65.0,0.0,0.0,0.0,0.0,0.0
2026-09-04T20:47:01,ERR,ERR,ERR,ERR,ERR,ERR,ERR,ERR,ERR,ERR,ERR,ERR,ERR,ERR,ERR,ERR,ERR,ERR,ERR,ERR,ERR,ERR,ERR,ERR,ERR,ERR,ERR,ERR,ERR,ERR,ERR,ERR,ERR,ERR,ERR,ERR,ERR,ERR,ERR,ERR,ERR,ERR,ERR,ERR,ERR,ERR,ERR,ERR,ERR,ERR,ERR,ERR,ERR,ERR,ERR,ERR,ERR,ERR,ERR,ERR,ERR,ERR,ERR,ERR,ERR,ERR,ERR,ERR,ERR,ERR,ERR,ERR,ERR,ERR,ERR,ERR,ERR,ERR,ERR,ERR,ERR,ERR,ERR,ERR,ERR,ERR,ERR,ERR,ERR,ERR,ERR,ERR,ERR,ERR,ERR,ERR,ERR,ERR,ERR,ERR,ERR,ERR,ERR,ERR,ERR,ERR,ERR,ERR,ERR,ERR,ERR,ERR,ERR,ERR,ERR,ERR,ERR,ERR,ERR,ERR,ERR,ERR,ERR,ERR,ERR,0.0,0.0,0.0,0.0,0.0,1.3936040501711995e+18,7.805,0.0,0,0,4,0,7116,0.0,100,0.0,0.0,0.0,0.0,0.0,0,0,0,0,0.0,0,0,0,0,0,0,0,0,0,0,0,0,0,0,0,0,0,0,0,0,0,0,0,0,0,0,0,0,0,0,0,0,0,31,40,40,71,65476,0,300,0,0,8,21553,0.0,-107605600.0,0.0,0.0,0.0,0.0,0.0,0.0,0.0,0.0,0.0,0.0,0.0,0.0,0.0,0.0,0.0,0.0,0.0,0.0,0.0,0.0,-2.004,2.004,-0.0,-2.004,0.0,0.0,0.0,0.0,6366.0,3.697204605420044e+19,6924.0,0.0,0.0,0.0,0.0,0.0,0.0,0.0,0.0,69,-89221.164,-107615208.0,0.0,0.0,0.0,0.0,0.0,0.0,0.0,0,0,0,0.0,0.0,0.0,0.0,0.0,0.0,0.0,0.0,0.0,0.0,0.0,0.0,0.0,0.0,0.0,0.0,0,-107875648.0,69,0.0,138,0.0,0.0,0,13107,17040,13107,17049,13107,17043,0,0,0,70,68,100,2.7302359370752657e+23,71.1,0.0,74.2,2.7302370179391762e+23,74.0,1,49,50,180,0,52429,0,0,0.0,0.0,0.0,0.0,-0.0,67.0,0.0,162057.094,0.0,750,0,739,0,0,0,721,0,766,0,736,0,742,0,741,0,712,0,7520,0.032,79456894976.0,0.0,0.0,784,16797,-0.0,162057.094,-114818.039,-0.0,0.133,6.909358625270745e+28,30.0,65.0,35,0.0,0.0,0.0,0.0,0.0,0.0,0.0,0.0,0.0,0.0,0.0,0.0,0.0,0.0,0.0,0.0,69.2,0,150,71,54,65476,0,300,0,1,8,20529,65476,0,0,40632,65.0,0.0,0.0,0.0,0.0,0.0
2026-09-04T20:47:02,ERR,ERR,ERR,ERR,ERR,ERR,ERR,ERR,ERR,ERR,ERR,ERR,ERR,ERR,ERR,ERR,ERR,ERR,ERR,ERR,ERR,ERR,ERR,ERR,ERR,ERR,ERR,ERR,ERR,ERR,ERR,ERR,ERR,ERR,ERR,ERR,ERR,ERR,ERR,ERR,ERR,ERR,ERR,ERR,ERR,ERR,ERR,ERR,ERR,ERR,ERR,ERR,ERR,ERR,ERR,ERR,ERR,ERR,ERR,ERR,ERR,ERR,ERR,ERR,ERR,ERR,ERR,ERR,ERR,ERR,ERR,ERR,ERR,ERR,ERR,ERR,ERR,ERR,ERR,ERR,ERR,ERR,ERR,ERR,ERR,ERR,ERR,ERR,ERR,ERR,ERR,ERR,ERR,ERR,ERR,ERR,ERR,ERR,ERR,ERR,ERR,ERR,ERR,ERR,ERR,ERR,ERR,ERR,ERR,ERR,ERR,ERR,ERR,ERR,ERR,ERR,ERR,ERR,ERR,ERR,ERR,ERR,ERR,ERR,ERR,0.0,0.0,0.0,0.0,0.0,1.3936040501711995e+18,7.805,0.0,0,0,4,0,7116,0.0,100,0.0,0.0,0.0,0.0,0.0,0,0,0,0,0.0,0,0,0,0,0,0,0,0,0,0,0,0,0,0,0,0,0,0,0,0,0,0,0,0,0,0,0,0,0,0,0,0,0,31,40,40,71,65476,0,300,0,0,8,21553,0.0,-107605600.0,0.0,0.0,0.0,0.0,0.0,0.0,0.0,0.0,0.0,0.0,0.0,0.0,0.0,0.0,0.0,0.0,0.0,0.0,0.0,0.0,-2.004,2.004,-0.0,-0.0,0.0,0.0,0.0,0.0,6335.0,-3.697204165615393e+19,6940.0,0.0,0.0,0.0,0.0,0.0,0.0,0.0,0.0,69,-0.0,89220.977,0.0,0.0,0.0,0.0,0.0,0.0,0.0,0,0,0,0.0,0.0,0.0,0.0,0.0,0.0,0.0,0.0,0.0,0.0,0.0,0.0,0.0,0.0,0.0,0.0,0,-107875648.0,69,0.0,138,0.0,0.0,0,13107,17040,13107,17049,13107,17043,0,0,0,70,68,100,2.7302359370752657e+23,71.1,0.0,74.2,2.7302370179391762e+23,74.0,1,49,50,180,0,52429,0,0,0.0,0.0,0.0,0.0,-0.0,67.0,0.0,162057.094,0.0,750,0,739,0,0,0,721,0,766,0,736,0,742,0,741,0,712,0,7520,0.032,79456894976.0,0.0,0.0,784,16797,-0.0,162057.094,-114818.039,-0.0,0.133,6.909358625270745e+28,30.0,65.0,35,0.0,0.0,0.0,0.0,0.0,0.0,0.0,0.0,0.0,0.0,0.0,0.0,0.0,0.0,0.0,0.0,69.2,0,150,71,54,65476,0,300,0,1,8,20529,65476,0,0,40632,65.0,0.0,0.0,0.0,0.0,0.0
2026-09-04T20:47:03,ERR,ERR,ERR,ERR,ERR,ERR,ERR,ERR,ERR,ERR,ERR,ERR,ERR,ERR,ERR,ERR,ERR,ERR,ERR,ERR,ERR,ERR,ERR,ERR,ERR,ERR,ERR,ERR,ERR,ERR,ERR,ERR,ERR,ERR,ERR,ERR,ERR,ERR,ERR,ERR,ERR,ERR,ERR,ERR,ERR,ERR,ERR,ERR,ERR,ERR,ERR,ERR,ERR,ERR,ERR,ERR,ERR,ERR,ERR,ERR,ERR,ERR,ERR,ERR,ERR,ERR,ERR,ERR,ERR,ERR,ERR,ERR,ERR,ERR,ERR,ERR,ERR,ERR,ERR,ERR,ERR,ERR,ERR,ERR,ERR,ERR,ERR,ERR,ERR,ERR,ERR,ERR,ERR,ERR,ERR,ERR,ERR,ERR,ERR,ERR,ERR,ERR,ERR,ERR,ERR,ERR,ERR,ERR,ERR,ERR,ERR,ERR,ERR,ERR,ERR,ERR,ERR,ERR,ERR,ERR,ERR,ERR,ERR,ERR,ERR,0.0,0.0,0.0,0.0,0.0,1.3936040501711995e+18,7.805,0.0,0,0,4,0,7116,0.0,100,0.0,0.0,0.0,0.0,0.0,0,0,0,0,0.0,0,0,0,0,0,0,0,0,0,0,0,0,0,0,0,0,0,0,0,0,0,0,0,0,0,0,0,0,0,0,0,0,0,31,40,40,71,65476,0,300,0,0,8,21553,0.0,-107605600.0,0.0,0.0,0.0,0.0,0.0,0.0,0.0,0.0,0.0,0.0,0.0,0.0,0.0,0.0,0.0,0.0,0.0,0.0,0.0,0.0,-2.004,2.004,-0.0,-0.0,0.0,0.0,0.0,0.0,6335.0,-3.697204165615393e+19,6940.0,0.0,0.0,0.0,0.0,0.0,0.0,0.0,0.0,69,-0.0,89220.977,0.0,0.0,0.0,0.0,0.0,0.0,0.0,0,0,0,0.0,0.0,0.0,0.0,0.0,0.0,0.0,0.0,0.0,0.0,0.0,0.0,0.0,0.0,0.0,0.0,0,-107875648.0,69,0.0,138,0.0,0.0,0,13107,17040,13107,17049,13107,17043,0,0,0,70,68,100,2.7302359370752657e+23,71.1,0.0,74.2,2.7302370179391762e+23,74.0,1,49,50,180,0,52429,0,0,0.0,0.0,0.0,0.0,-0.0,67.0,0.0,162057.094,0.0,750,0,739,0,0,0,721,0,766,0,736,0,742,0,741,0,712,0,7520,0.032,79456894976.0,0.0,0.0,784,16797,-0.0,162057.094,-114818.039,-0.0,0.133,6.909358625270745e+28,30.0,65.0,35,0.0,0.0,0.0,0.0,0.0,0.0,0.0,0.0,0.0,0.0,0.0,0.0,0.0,0.0,0.0,0.0,69.2,0,150,71,54,65476,0,300,0,1,8,20529,65476,0,0,40632,65.0,0.0,0.0,0.0,0.0,0.0
2026-09-04T20:47:04,ERR,ERR,ERR,ERR,ERR,ERR,ERR,ERR,ERR,ERR,ERR,ERR,ERR,ERR,ERR,ERR,ERR,ERR,ERR,ERR,ERR,ERR,ERR,ERR,ERR,ERR,ERR,ERR,ERR,ERR,ERR,ERR,ERR,ERR,ERR,ERR,ERR,ERR,ERR,ERR,ERR,ERR,ERR,ERR,ERR,ERR,ERR,ERR,ERR,ERR,ERR,ERR,ERR,ERR,ERR,ERR,ERR,ERR,ERR,ERR,ERR,ERR,ERR,ERR,ERR,ERR,ERR,ERR,ERR,ERR,ERR,ERR,ERR,ERR,ERR,ERR,ERR,ERR,ERR,ERR,ERR,ERR,ERR,ERR,ERR,ERR,ERR,ERR,ERR,ERR,ERR,ERR,ERR,ERR,ERR,ERR,ERR,ERR,ERR,ERR,ERR,ERR,ERR,ERR,ERR,ERR,ERR,ERR,ERR,ERR,ERR,ERR,ERR,ERR,ERR,ERR,ERR,ERR,ERR,ERR,ERR,ERR,ERR,ERR,ERR,0.0,0.0,0.0,0.0,0.0,1.3936040501711995e+18,7.805,0.0,0,0,4,0,7116,0.0,100,0.0,0.0,0.0,0.0,0.0,0,0,0,0,0.0,0,0,0,0,0,0,0,0,0,0,0,0,0,0,0,0,0,0,0,0,0,0,0,0,0,0,0,0,0,0,0,0,0,31,40,40,71,65476,0,300,0,0,8,21553,0.0,-107605600.0,0.0,0.0,0.0,0.0,0.0,0.0,0.0,0.0,0.0,0.0,0.0,0.0,0.0,0.0,0.0,0.0,0.0,0.0,0.0,0.0,-2.004,2.004,-0.0,-0.0,0.0,0.0,0.0,0.0,6335.0,-3.697204165615393e+19,6940.0,0.0,0.0,0.0,0.0,0.0,0.0,0.0,0.0,69,-0.0,89220.977,0.0,0.0,0.0,0.0,0.0,0.0,0.0,0,0,0,0.0,0.0,0.0,0.0,0.0,0.0,0.0,0.0,0.0,0.0,0.0,0.0,0.0,0.0,0.0,0.0,0,-107875648.0,69,0.0,138,0.0,0.0,0,13107,17040,13107,17049,0,17043,0,0,0,70,68,100,2.7302359370752657e+23,71.1,0.0,74.2,2.7302370179391762e+23,74.0,1,49,50,180,0,52429,0,0,0.0,0.0,0.0,0.0,-0.0,67.0,0.0,162057.094,0.0,750,0,739,0,0,0,721,0,766,0,735,0,742,0,741,0,712,0,7520,0.032,79456894976.0,0.0,0.0,784,16797,-0.0,162057.094,-114818.039,-0.0,0.133,6.909358625270745e+28,30.0,65.0,35,0.0,0.0,0.0,0.0,0.0,0.0,0.0,0.0,0.0,0.0,0.0,0.0,0.0,0.0,0.0,0.0,69.2,0,150,71,54,65476,0,300,0,1,8,20529,65476,0,0,40632,65.0,0.0,0.0,0.0,0.0,0.0
2026-09-04T20:47:05,ERR,ERR,ERR,ERR,ERR,ERR,ERR,ERR,ERR,ERR,ERR,ERR,ERR,ERR,ERR,ERR,ERR,ERR,ERR,ERR,ERR,ERR,ERR,ERR,ERR,ERR,ERR,ERR,ERR,ERR,ERR,ERR,ERR,ERR,ERR,ERR,ERR,ERR,ERR,ERR,ERR,ERR,ERR,ERR,ERR,ERR,ERR,ERR,ERR,ERR,ERR,ERR,ERR,ERR,ERR,ERR,ERR,ERR,ERR,ERR,ERR,ERR,ERR,ERR,ERR,ERR,ERR,ERR,ERR,ERR,ERR,ERR,ERR,ERR,ERR,ERR,ERR,ERR,ERR,ERR,ERR,ERR,ERR,ERR,ERR,ERR,ERR,ERR,ERR,ERR,ERR,ERR,ERR,ERR,ERR,ERR,ERR,ERR,ERR,ERR,ERR,ERR,ERR,ERR,ERR,ERR,ERR,ERR,ERR,ERR,ERR,ERR,ERR,ERR,ERR,ERR,ERR,ERR,ERR,ERR,ERR,ERR,ERR,ERR,ERR,0.0,0.0,0.0,0.0,0.0,1.3936040501711995e+18,7.805,0.0,0,0,4,0,7116,0.0,100,0.0,0.0,0.0,0.0,0.0,0,0,0,0,0.0,0,0,0,0,0,0,0,0,0,0,0,0,0,0,0,0,0,0,0,0,0,0,0,0,0,0,0,0,0,0,0,0,0,31,40,40,71,65476,0,300,0,0,8,21553,0.0,-107605600.0,0.0,0.0,0.0,0.0,0.0,0.0,0.0,0.0,0.0,0.0,0.0,0.0,0.0,0.0,0.0,0.0,0.0,0.0,0.0,0.0,-2.004,2.004,-0.0,-0.0,0.0,0.0,0.0,0.0,6335.0,-3.697204165615393e+19,6940.0,0.0,0.0,0.0,0.0,0.0,0.0,0.0,0.0,69,-0.0,89220.977,0.0,0.0,0.0,0.0,0.0,0.0,0.0,0,0,0,0.0,0.0,0.0,0.0,0.0,0.0,0.0,0.0,0.0,0.0,0.0,0.0,0.0,0.0,0.0,0.0,0,-107875648.0,69,0.0,138,0.0,0.0,0,13107,17040,13107,17049,0,17043,0,0,0,70,68,100,2.7302359370752657e+23,71.1,0.0,74.2,2.7302370179391762e+23,74.0,1,49,50,180,0,52429,0,0,0.0,0.0,0.0,0.0,-0.0,67.0,0.0,162057.094,0.0,750,0,739,0,0,0,721,0,766,0,735,0,742,0,741,0,712,0,7520,0.032,79456894976.0,0.0,0.0,784,16797,-0.0,162057.094,-114818.039,-0.0,0.133,6.909358625270745e+28,30.0,65.0,35,0.0,0.0,0.0,0.0,0.0,0.0,0.0,0.0,0.0,0.0,0.0,0.0,0.0,0.0,0.0,0.0,69.2,0,150,71,54,65476,0,300,0,1,8,20529,65476,0,0,40632,65.0,0.0,0.0,0.0,0.0,0.0
2026-09-04T20:47:06,ERR,ERR,ERR,ERR,ERR,ERR,ERR,ERR,ERR,ERR,ERR,ERR,ERR,ERR,ERR,ERR,ERR,ERR,ERR,ERR,ERR,ERR,ERR,ERR,ERR,ERR,ERR,ERR,ERR,ERR,ERR,ERR,ERR,ERR,ERR,ERR,ERR,ERR,ERR,ERR,ERR,ERR,ERR,ERR,ERR,ERR,ERR,ERR,ERR,ERR,ERR,ERR,ERR,ERR,ERR,ERR,ERR,ERR,ERR,ERR,ERR,ERR,ERR,ERR,ERR,ERR,ERR,ERR,ERR,ERR,ERR,ERR,ERR,ERR,ERR,ERR,ERR,ERR,ERR,ERR,ERR,ERR,ERR,ERR,ERR,ERR,ERR,ERR,ERR,ERR,ERR,ERR,ERR,ERR,ERR,ERR,ERR,ERR,ERR,ERR,ERR,ERR,ERR,ERR,ERR,ERR,ERR,ERR,ERR,ERR,ERR,ERR,ERR,ERR,ERR,ERR,ERR,ERR,ERR,ERR,ERR,ERR,ERR,ERR,ERR,0.0,0.0,0.0,0.0,0.0,1.3936040501711995e+18,7.805,0.0,0,0,4,0,7116,0.0,100,0.0,0.0,0.0,0.0,0.0,0,0,0,0,0.0,0,0,0,0,0,0,0,0,0,0,0,0,0,0,0,0,0,0,0,0,0,0,0,0,0,0,0,0,0,0,0,0,0,31,40,40,71,65476,0,300,0,0,8,21553,0.0,-107605600.0,0.0,0.0,0.0,0.0,0.0,0.0,0.0,0.0,0.0,0.0,0.0,0.0,0.0,0.0,0.0,0.0,0.0,0.0,0.0,0.0,-2.004,2.004,-0.0,-0.0,0.0,0.0,0.0,0.0,6335.0,-3.697204165615393e+19,6940.0,0.0,0.0,0.0,0.0,0.0,0.0,0.0,0.0,69,-0.0,89220.977,0.0,0.0,0.0,0.0,0.0,0.0,0.0,0,0,0,0.0,0.0,0.0,0.0,0.0,0.0,0.0,0.0,0.0,0.0,0.0,0.0,0.0,0.0,0.0,0.0,0,-107875648.0,69,0.0,138,0.0,0.0,0,13107,17040,13107,17049,0,17043,0,0,0,70,68,100,2.7302359370752657e+23,71.1,0.0,74.2,2.7302370179391762e+23,74.0,1,49,50,180,0,52429,0,0,0.0,0.0,0.0,0.0,-0.0,67.0,0.0,162057.094,0.0,750,0,739,0,0,0,721,0,766,0,735,0,742,0,741,0,712,0,7520,0.032,79456894976.0,0.0,0.0,784,16797,-0.0,162057.094,-114818.039,-0.0,0.133,6.909358625270745e+28,30.0,65.0,35,0.0,0.0,0.0,0.0,0.0,0.0,0.0,0.0,0.0,0.0,0.0,0.0,0.0,0.0,0.0,0.0,69.2,0,150,71,54,65476,0,300,0,1,8,20529,65476,0,0,40632,65.0,0.0,0.0,0.0,0.0,0.0
2026-09-04T20:47:07,ERR,ERR,ERR,ERR,ERR,ERR,ERR,ERR,ERR,ERR,ERR,ERR,ERR,ERR,ERR,ERR,ERR,ERR,ERR,ERR,ERR,ERR,ERR,ERR,ERR,ERR,ERR,ERR,ERR,ERR,ERR,ERR,ERR,ERR,ERR,ERR,ERR,ERR,ERR,ERR,ERR,ERR,ERR,ERR,ERR,ERR,ERR,ERR,ERR,ERR,ERR,ERR,ERR,ERR,ERR,ERR,ERR,ERR,ERR,ERR,ERR,ERR,ERR,ERR,ERR,ERR,ERR,ERR,ERR,ERR,ERR,ERR,ERR,ERR,ERR,ERR,ERR,ERR,ERR,ERR,ERR,ERR,ERR,ERR,ERR,ERR,ERR,ERR,ERR,ERR,ERR,ERR,ERR,ERR,ERR,ERR,ERR,ERR,ERR,ERR,ERR,ERR,ERR,ERR,ERR,ERR,ERR,ERR,ERR,ERR,ERR,ERR,ERR,ERR,ERR,ERR,ERR,ERR,ERR,ERR,ERR,ERR,ERR,ERR,ERR,0.0,0.0,0.0,0.0,0.0,1.3936040501711995e+18,7.805,0.0,0,0,4,0,7116,0.0,100,0.0,0.0,0.0,0.0,0.0,0,0,0,0,0.0,0,0,0,0,0,0,0,0,0,0,0,0,0,0,0,0,0,0,0,0,0,0,0,0,0,0,0,0,0,0,0,0,0,31,40,40,71,65476,0,300,0,0,8,21553,0.0,-107605600.0,0.0,0.0,0.0,0.0,0.0,0.0,0.0,0.0,0.0,0.0,0.0,0.0,0.0,0.0,0.0,0.0,0.0,0.0,0.0,0.0,-2.004,2.004,-0.0,-0.0,0.0,0.0,0.0,0.0,6335.0,-3.697204165615393e+19,6940.0,0.0,0.0,0.0,0.0,0.0,0.0,0.0,0.0,69,-0.0,89220.977,0.0,0.0,0.0,0.0,0.0,0.0,0.0,0,0,0,0.0,0.0,0.0,0.0,0.0,0.0,0.0,0.0,0.0,0.0,0.0,0.0,0.0,0.0,0.0,0.0,0,-107875648.0,69,0.0,138,0.0,0.0,0,13107,17040,13107,17049,0,17043,0,0,0,70,68,100,2.7302359370752657e+23,71.1,0.0,74.2,2.7302370179391762e+23,74.0,1,49,50,180,0,52429,0,0,0.0,0.0,0.0,0.0,-0.0,67.0,0.0,162057.094,0.0,750,0,739,0,0,0,721,0,766,0,735,0,742,0,741,0,712,0,7520,0.032,79456894976.0,0.0,0.0,784,16797,-0.0,162057.094,-114818.039,-0.0,0.133,6.909358625270745e+28,30.0,65.0,35,0.0,0.0,0.0,0.0,0.0,0.0,0.0,0.0,0.0,0.0,0.0,0.0,0.0,0.0,0.0,0.0,69.2,0,150,71,54,65476,0,300,0,1,8,20529,65476,0,0,40632,65.0,0.0,0.0,0.0,0.0,0.0
2026-09-04T20:47:08,ERR,ERR,ERR,ERR,ERR,ERR,ERR,ERR,ERR,ERR,ERR,ERR,ERR,ERR,ERR,ERR,ERR,ERR,ERR,ERR,ERR,ERR,ERR,ERR,ERR,ERR,ERR,ERR,ERR,ERR,ERR,ERR,ERR,ERR,ERR,ERR,ERR,ERR,ERR,ERR,ERR,ERR,ERR,ERR,ERR,ERR,ERR,ERR,ERR,ERR,ERR,ERR,ERR,ERR,ERR,ERR,ERR,ERR,ERR,ERR,ERR,ERR,ERR,ERR,ERR,ERR,ERR,ERR,ERR,ERR,ERR,ERR,ERR,ERR,ERR,ERR,ERR,ERR,ERR,ERR,ERR,ERR,ERR,ERR,ERR,ERR,ERR,ERR,ERR,ERR,ERR,ERR,ERR,ERR,ERR,ERR,ERR,ERR,ERR,ERR,ERR,ERR,ERR,ERR,ERR,ERR,ERR,ERR,ERR,ERR,ERR,ERR,ERR,ERR,ERR,ERR,ERR,ERR,ERR,ERR,ERR,ERR,ERR,ERR,ERR,0.0,0.0,0.0,0.0,0.0,1.3936040501711995e+18,7.805,0.0,0,0,4,0,7116,0.0,100,0.0,0.0,0.0,0.0,0.0,0,0,0,0,0.0,0,0,0,0,0,0,0,0,0,0,0,0,0,0,0,0,0,0,0,0,0,0,0,0,0,0,0,0,0,0,0,0,0,31,40,40,71,65476,0,300,0,0,8,21553,0.0,-107605600.0,0.0,0.0,0.0,0.0,0.0,0.0,0.0,0.0,0.0,0.0,0.0,0.0,0.0,0.0,0.0,0.0,0.0,0.0,0.0,0.0,-2.004,2.004,-0.0,-0.0,0.0,0.0,0.0,0.0,6335.0,-3.697204165615393e+19,6940.0,0.0,0.0,0.0,0.0,0.0,0.0,0.0,0.0,69,-0.0,89220.977,0.0,0.0,0.0,0.0,0.0,0.0,0.0,0,0,0,0.0,0.0,0.0,0.0,0.0,0.0,0.0,0.0,0.0,0.0,0.0,0.0,0.0,0.0,0.0,0.0,0,-107875648.0,69,0.0,138,0.0,0.0,0,13107,17040,13107,17049,0,17043,0,0,0,70,68,100,2.7302359370752657e+23,71.1,0.0,74.2,2.7302370179391762e+23,74.0,1,49,50,180,0,52429,0,0,0.0,0.0,0.0,0.0,-0.0,67.0,0.0,162057.094,0.0,750,0,739,0,0,0,721,0,766,0,735,0,742,0,741,0,712,0,7520,0.032,79456894976.0,0.0,0.0,784,16797,-0.0,162057.094,-114818.039,-0.0,0.133,6.909358625270745e+28,30.0,65.0,35,0.0,0.0,0.0,0.0,0.0,0.0,0.0,0.0,0.0,0.0,0.0,0.0,0.0,0.0,0.0,0.0,69.2,0,150,71,54,65476,0,300,0,1,8,20529,65476,0,0,40632,65.0,0.0,0.0,0.0,0.0,0.0
2026-09-04T20:47:09,ERR,ERR,ERR,ERR,ERR,ERR,ERR,ERR,ERR,ERR,ERR,ERR,ERR,ERR,ERR,ERR,ERR,ERR,ERR,ERR,ERR,ERR,ERR,ERR,ERR,ERR,ERR,ERR,ERR,ERR,ERR,ERR,ERR,ERR,ERR,ERR,ERR,ERR,ERR,ERR,ERR,ERR,ERR,ERR,ERR,ERR,ERR,ERR,ERR,ERR,ERR,ERR,ERR,ERR,ERR,ERR,ERR,ERR,ERR,ERR,ERR,ERR,ERR,ERR,ERR,ERR,ERR,ERR,ERR,ERR,ERR,ERR,ERR,ERR,ERR,ERR,ERR,ERR,ERR,ERR,ERR,ERR,ERR,ERR,ERR,ERR,ERR,ERR,ERR,ERR,ERR,ERR,ERR,ERR,ERR,ERR,ERR,ERR,ERR,ERR,ERR,ERR,ERR,ERR,ERR,ERR,ERR,ERR,ERR,ERR,ERR,ERR,ERR,ERR,ERR,ERR,ERR,ERR,ERR,ERR,ERR,ERR,ERR,ERR,ERR,0.0,0.0,0.0,0.0,0.0,1.3936040501711995e+18,7.805,0.0,0,0,4,0,7116,0.0,100,0.0,0.0,0.0,0.0,0.0,0,0,0,0,0.0,0,0,0,0,0,0,0,0,0,0,0,0,0,0,0,0,0,0,0,0,0,0,0,0,0,0,0,0,0,0,0,0,0,31,40,40,71,65476,0,300,0,0,8,21553,0.0,-107605600.0,0.0,0.0,0.0,0.0,0.0,0.0,0.0,0.0,0.0,0.0,0.0,0.0,0.0,0.0,0.0,0.0,0.0,0.0,0.0,0.0,-2.004,2.004,-0.0,-0.0,0.0,0.0,0.0,0.0,6335.0,-3.697204165615393e+19,6940.0,0.0,0.0,0.0,0.0,0.0,0.0,0.0,0.0,69,-0.0,89220.977,0.0,0.0,0.0,0.0,0.0,0.0,0.0,0,0,0,0.0,0.0,0.0,0.0,0.0,0.0,0.0,0.0,0.0,0.0,0.0,0.0,0.0,0.0,0.0,0.0,0,-107875648.0,69,0.0,138,0.0,0.0,0,13107,17040,13107,17049,0,17043,0,0,0,70,68,100,2.7302359370752657e+23,71.1,0.0,74.2,2.7302370179391762e+23,74.0,1,49,50,180,0,52429,0,0,0.0,0.0,0.0,0.0,-0.0,67.0,0.0,162057.094,0.0,750,0,739,0,0,0,721,0,766,0,735,0,742,0,741,0,712,0,7520,0.032,79456894976.0,0.0,0.0,784,16797,-0.0,162057.094,-114818.039,-0.0,0.133,6.909358625270745e+28,30.0,65.0,35,0.0,0.0,0.0,0.0,0.0,0.0,0.0,0.0,0.0,0.0,0.0,0.0,0.0,0.0,0.0,0.0,69.2,0,150,71,54,65476,0,300,0,1,8,20529,65476,0,0,40632,65.0,0.0,0.0,0.0,0.0,0.0
2026-09-04T20:47:10,ERR,ERR,ERR,ERR,ERR,ERR,ERR,ERR,ERR,ERR,ERR,ERR,ERR,ERR,ERR,ERR,ERR,ERR,ERR,ERR,ERR,ERR,ERR,ERR,ERR,ERR,ERR,ERR,ERR,ERR,ERR,ERR,ERR,ERR,ERR,ERR,ERR,ERR,ERR,ERR,ERR,ERR,ERR,ERR,ERR,ERR,ERR,ERR,ERR,ERR,ERR,ERR,ERR,ERR,ERR,ERR,ERR,ERR,ERR,ERR,ERR,ERR,ERR,ERR,ERR,ERR,ERR,ERR,ERR,ERR,ERR,ERR,ERR,ERR,ERR,ERR,ERR,ERR,ERR,ERR,ERR,ERR,ERR,ERR,ERR,ERR,ERR,ERR,ERR,ERR,ERR,ERR,ERR,ERR,ERR,ERR,ERR,ERR,ERR,ERR,ERR,ERR,ERR,ERR,ERR,ERR,ERR,ERR,ERR,ERR,ERR,ERR,ERR,ERR,ERR,ERR,ERR,ERR,ERR,ERR,ERR,ERR,ERR,ERR,ERR,0.0,0.0,0.0,0.0,0.0,1.3936040501711995e+18,7.805,0.0,0,0,4,0,7116,0.0,100,0.0,0.0,0.0,0.0,0.0,0,0,0,0,0.0,0,0,0,0,0,0,0,0,0,0,0,0,0,0,0,0,0,0,0,0,0,0,0,0,0,0,0,0,0,0,0,0,0,31,40,40,71,65476,0,300,0,0,8,21553,0.0,-107605600.0,0.0,0.0,0.0,0.0,0.0,0.0,0.0,0.0,0.0,0.0,0.0,0.0,0.0,0.0,0.0,0.0,0.0,0.0,0.0,0.0,-2.004,2.004,2.004,-0.0,0.0,0.0,0.0,0.0,6309.0,-0.0,6934.0,0.0,0.0,0.0,0.0,0.0,0.0,0.0,0.0,69,-107615400.0,0.0,0.0,0.0,0.0,0.0,0.0,0.0,0.0,0,0,0,0.0,0.0,0.0,0.0,0.0,0.0,0.0,0.0,0.0,0.0,0.0,0.0,0.0,0.0,0.0,0.0,0,-107875648.0,69,0.0,138,0.0,0.0,0,13107,17040,13107,17049,0,17043,0,0,0,70,68,100,2.7302359370752657e+23,71.1,0.0,74.2,2.7302370179391762e+23,74.0,1,49,50,180,0,52429,0,0,0.0,0.0,0.0,0.0,-0.0,67.0,0.0,162057.094,0.0,750,0,739,0,0,0,721,0,766,0,736,0,742,0,741,0,712,0,7520,0.032,79456894976.0,0.0,0.0,784,16797,-0.0,162057.094,-114818.039,-0.0,0.133,6.909358625270745e+28,30.0,65.0,35,0.0,0.0,0.0,0.0,0.0,0.0,0.0,0.0,0.0,0.0,0.0,0.0,0.0,0.0,0.0,0.0,69.2,0,150,71,54,65476,0,300,0,1,8,20529,65476,0,0,40632,65.0,0.0,0.0,0.0,0.0,0.0
2026-09-04T20:47:11,ERR,ERR,ERR,ERR,ERR,ERR,ERR,ERR,ERR,ERR,ERR,ERR,ERR,ERR,ERR,ERR,ERR,ERR,ERR,ERR,ERR,ERR,ERR,ERR,ERR,ERR,ERR,ERR,ERR,ERR,ERR,ERR,ERR,ERR,ERR,ERR,ERR,ERR,ERR,ERR,ERR,ERR,ERR,ERR,ERR,ERR,ERR,ERR,ERR,ERR,ERR,ERR,ERR,ERR,ERR,ERR,ERR,ERR,ERR,ERR,ERR,ERR,ERR,ERR,ERR,ERR,ERR,ERR,ERR,ERR,ERR,ERR,ERR,ERR,ERR,ERR,ERR,ERR,ERR,ERR,ERR,ERR,ERR,ERR,ERR,ERR,ERR,ERR,ERR,ERR,ERR,ERR,ERR,ERR,ERR,ERR,ERR,ERR,ERR,ERR,ERR,ERR,ERR,ERR,ERR,ERR,ERR,ERR,ERR,ERR,ERR,ERR,ERR,ERR,ERR,ERR,ERR,ERR,ERR,ERR,ERR,ERR,ERR,ERR,ERR,0.0,0.0,0.0,0.0,0.0,1.3936040501711995e+18,7.805,0.0,0,0,4,0,7116,0.0,100,0.0,0.0,0.0,0.0,0.0,0,0,0,0,0.0,0,0,0,0,0,0,0,0,0,0,0,0,0,0,0,0,0,0,0,0,0,0,0,0,0,0,0,0,0,0,0,0,0,31,40,40,71,65476,0,300,0,0,8,21553,0.0,-107605600.0,0.0,0.0,0.0,0.0,0.0,0.0,0.0,0.0,0.0,0.0,0.0,0.0,0.0,0.0,0.0,0.0,0.0,0.0,0.0,0.0,-2.004,2.004,2.004,-0.0,0.0,0.0,0.0,0.0,6309.0,-0.0,6934.0,0.0,0.0,0.0,0.0,0.0,0.0,0.0,0.0,69,-107615400.0,0.0,0.0,0.0,0.0,0.0,0.0,0.0,0.0,0,0,0,0.0,0.0,0.0,0.0,0.0,0.0,0.0,0.0,0.0,0.0,0.0,0.0,0.0,0.0,0.0,0.0,0,-107875648.0,69,0.0,138,0.0,0.0,0,13107,17040,13107,17049,0,17043,0,0,0,70,68,100,2.7302359370752657e+23,71.1,0.0,74.2,2.7302370179391762e+23,74.0,1,49,50,180,0,52429,0,0,0.0,0.0,0.0,0.0,-0.0,67.0,0.0,162057.094,0.0,750,0,739,0,0,0,721,0,766,0,736,0,742,0,741,0,712,0,7520,0.032,79456894976.0,0.0,0.0,784,16797,-0.0,162057.094,-114818.039,-0.0,0.133,6.909358625270745e+28,30.0,65.0,35,0.0,0.0,0.0,0.0,0.0,0.0,0.0,0.0,0.0,0.0,0.0,0.0,0.0,0.0,0.0,0.0,69.6,0,150,71,54,65476,0,300,0,1,8,20529,65476,0,0,40632,65.0,0.0,0.0,0.0,0.0,0.0
2026-09-04T20:47:12,ERR,ERR,ERR,ERR,ERR,ERR,ERR,ERR,ERR,ERR,ERR,ERR,ERR,ERR,ERR,ERR,ERR,ERR,ERR,ERR,ERR,ERR,ERR,ERR,ERR,ERR,ERR,ERR,ERR,ERR,ERR,ERR,ERR,ERR,ERR,ERR,ERR,ERR,ERR,ERR,ERR,ERR,ERR,ERR,ERR,ERR,ERR,ERR,ERR,ERR,ERR,ERR,ERR,ERR,ERR,ERR,ERR,ERR,ERR,ERR,ERR,ERR,ERR,ERR,ERR,ERR,ERR,ERR,ERR,ERR,ERR,ERR,ERR,ERR,ERR,ERR,ERR,ERR,ERR,ERR,ERR,ERR,ERR,ERR,ERR,ERR,ERR,ERR,ERR,ERR,ERR,ERR,ERR,ERR,ERR,ERR,ERR,ERR,ERR,ERR,ERR,ERR,ERR,ERR,ERR,ERR,ERR,ERR,ERR,ERR,ERR,ERR,ERR,ERR,ERR,ERR,ERR,ERR,ERR,ERR,ERR,ERR,ERR,ERR,ERR,0.0,0.0,0.0,0.0,0.0,1.3936040501711995e+18,7.805,0.0,0,0,4,0,7116,0.0,100,0.0,0.0,0.0,0.0,0.0,0,0,0,0,0.0,0,0,0,0,0,0,0,0,0,0,0,0,0,0,0,0,0,0,0,0,0,0,0,0,0,0,0,0,0,0,0,0,0,31,40,40,71,65476,0,300,0,0,8,21553,0.0,-107605600.0,0.0,0.0,0.0,0.0,0.0,0.0,0.0,0.0,0.0,0.0,0.0,0.0,0.0,0.0,0.0,0.0,0.0,0.0,0.0,0.0,-2.004,2.004,2.004,-0.0,0.0,0.0,0.0,0.0,6309.0,-0.0,6934.0,0.0,0.0,0.0,0.0,0.0,0.0,0.0,0.0,69,-107615400.0,0.0,0.0,0.0,0.0,0.0,0.0,0.0,0.0,0,0,0,0.0,0.0,0.0,0.0,0.0,0.0,0.0,0.0,0.0,0.0,0.0,0.0,0.0,0.0,0.0,0.0,0,-107875648.0,69,0.0,138,0.0,0.0,0,13107,17040,13107,17049,0,17043,0,0,0,70,68,100,2.7302359370752657e+23,71.1,0.0,74.2,2.7302370179391762e+23,74.0,1,49,50,180,0,52429,0,0,0.0,0.0,0.0,0.0,-0.0,67.0,0.0,162057.094,0.0,750,0,739,0,0,0,721,0,766,0,736,0,742,0,741,0,712,0,7520,0.032,79456894976.0,0.0,0.0,784,16797,-0.0,162057.094,-114818.039,-0.0,0.133,6.909358625270745e+28,30.0,65.0,35,0.0,0.0,0.0,0.0,0.0,0.0,0.0,0.0,0.0,0.0,0.0,0.0,0.0,0.0,0.0,0.0,69.6,0,150,71,54,65476,0,300,0,1,8,20529,65476,0,0,40632,65.0,0.0,0.0,0.0,0.0,0.0
2026-09-04T20:47:13,ERR,ERR,ERR,ERR,ERR,ERR,ERR,ERR,ERR,ERR,ERR,ERR,ERR,ERR,ERR,ERR,ERR,ERR,ERR,ERR,ERR,ERR,ERR,ERR,ERR,ERR,ERR,ERR,ERR,ERR,ERR,ERR,ERR,ERR,ERR,ERR,ERR,ERR,ERR,ERR,ERR,ERR,ERR,ERR,ERR,ERR,ERR,ERR,ERR,ERR,ERR,ERR,ERR,ERR,ERR,ERR,ERR,ERR,ERR,ERR,ERR,ERR,ERR,ERR,ERR,ERR,ERR,ERR,ERR,ERR,ERR,ERR,ERR,ERR,ERR,ERR,ERR,ERR,ERR,ERR,ERR,ERR,ERR,ERR,ERR,ERR,ERR,ERR,ERR,ERR,ERR,ERR,ERR,ERR,ERR,ERR,ERR,ERR,ERR,ERR,ERR,ERR,ERR,ERR,ERR,ERR,ERR,ERR,ERR,ERR,ERR,ERR,ERR,ERR,ERR,ERR,ERR,ERR,ERR,ERR,ERR,ERR,ERR,ERR,ERR,0.0,0.0,0.0,0.0,0.0,1.3936040501711995e+18,7.805,0.0,0,0,4,0,7116,0.0,100,0.0,0.0,0.0,0.0,0.0,0,0,0,0,0.0,0,0,0,0,0,0,0,0,0,0,0,0,0,0,0,0,0,0,0,0,0,0,0,0,0,0,0,0,0,0,0,0,0,31,40,40,71,65476,0,300,0,0,8,21553,0.0,-107605600.0,0.0,0.0,0.0,0.0,0.0,0.0,0.0,0.0,0.0,0.0,0.0,0.0,0.0,0.0,0.0,0.0,0.0,0.0,0.0,0.0,-2.004,2.004,2.004,-0.0,0.0,0.0,0.0,0.0,6309.0,-0.0,6934.0,0.0,0.0,0.0,0.0,0.0,0.0,0.0,0.0,69,-107615400.0,0.0,0.0,0.0,0.0,0.0,0.0,0.0,0.0,0,0,0,0.0,0.0,0.0,0.0,0.0,0.0,0.0,0.0,0.0,0.0,0.0,0.0,0.0,0.0,0.0,0.0,0,-107875648.0,69,0.0,138,0.0,0.0,0,13107,17040,13107,17049,0,17043,0,0,0,70,68,100,2.7302359370752657e+23,71.1,0.0,74.2,2.7302370179391762e+23,74.0,1,49,50,180,0,52429,0,0,0.0,0.0,0.0,0.0,-0.0,67.0,0.0,162057.094,0.0,750,0,739,0,0,0,721,0,766,0,736,0,742,0,741,0,712,0,7520,0.032,79456894976.0,0.0,0.0,784,16797,-0.0,162057.094,-114818.039,-0.0,0.133,6.909358625270745e+28,30.0,65.0,35,0.0,0.0,0.0,0.0,0.0,0.0,0.0,0.0,0.0,0.0,0.0,0.0,0.0,0.0,0.0,0.0,69.2,0,150,71,54,65476,0,300,0,1,8,20529,65476,0,0,40632,65.0,0.0,0.0,0.0,0.0,0.0
2026-09-04T20:47:14,ERR,ERR,ERR,ERR,ERR,ERR,ERR,ERR,ERR,ERR,ERR,ERR,ERR,ERR,ERR,ERR,ERR,ERR,ERR,ERR,ERR,ERR,ERR,ERR,ERR,ERR,ERR,ERR,ERR,ERR,ERR,ERR,ERR,ERR,ERR,ERR,ERR,ERR,ERR,ERR,ERR,ERR,ERR,ERR,ERR,ERR,ERR,ERR,ERR,ERR,ERR,ERR,ERR,ERR,ERR,ERR,ERR,ERR,ERR,ERR,ERR,ERR,ERR,ERR,ERR,ERR,ERR,ERR,ERR,ERR,ERR,ERR,ERR,ERR,ERR,ERR,ERR,ERR,ERR,ERR,ERR,ERR,ERR,ERR,ERR,ERR,ERR,ERR,ERR,ERR,ERR,ERR,ERR,ERR,ERR,ERR,ERR,ERR,ERR,ERR,ERR,ERR,ERR,ERR,ERR,ERR,ERR,ERR,ERR,ERR,ERR,ERR,ERR,ERR,ERR,ERR,ERR,ERR,ERR,ERR,ERR,ERR,ERR,ERR,ERR,0.0,0.0,0.0,0.0,0.0,1.3936040501711995e+18,7.805,0.0,0,0,4,0,7116,0.0,100,0.0,0.0,0.0,0.0,0.0,0,0,0,0,0.0,0,0,0,0,0,0,0,0,0,0,0,0,0,0,0,0,0,0,0,0,0,0,0,0,0,0,0,0,0,0,0,0,0,31,40,40,71,65476,0,300,0,0,8,21553,0.0,-107605600.0,0.0,0.0,0.0,0.0,0.0,0.0,0.0,0.0,0.0,0.0,0.0,0.0,0.0,0.0,0.0,0.0,0.0,0.0,0.0,0.0,-2.004,2.004,2.004,-0.0,0.0,0.0,0.0,0.0,6309.0,-0.0,6934.0,0.0,0.0,0.0,0.0,0.0,0.0,0.0,0.0,69,-107615400.0,0.0,0.0,0.0,0.0,0.0,0.0,0.0,0.0,0,0,0,0.0,0.0,0.0,0.0,0.0,0.0,0.0,0.0,0.0,0.0,0.0,0.0,0.0,0.0,0.0,0.0,0,-107875648.0,69,0.0,138,0.0,0.0,0,13107,17040,13107,17049,0,17043,0,0,0,70,68,100,2.7302359370752657e+23,71.1,0.0,74.2,2.7302370179391762e+23,74.0,1,49,50,180,0,52429,0,0,0.0,0.0,0.0,0.0,-0.0,67.0,0.0,162057.094,0.0,750,0,739,0,0,0,721,0,766,0,736,0,742,0,741,0,712,0,7520,0.032,79456894976.0,0.0,0.0,784,16797,-0.0,162057.094,-114818.039,-0.0,0.133,6.909358625270745e+28,30.0,65.0,35,0.0,0.0,0.0,0.0,0.0,0.0,0.0,0.0,0.0,0.0,0.0,0.0,0.0,0.0,0.0,0.0,69.2,0,150,71,54,65476,0,300,0,1,8,20529,65476,0,0,40632,65.0,0.0,0.0,0.0,0.0,0.0
2026-09-04T20:47:15,ERR,ERR,ERR,ERR,ERR,ERR,ERR,ERR,ERR,ERR,ERR,ERR,ERR,ERR,ERR,ERR,ERR,ERR,ERR,ERR,ERR,ERR,ERR,ERR,ERR,ERR,ERR,ERR,ERR,ERR,ERR,ERR,ERR,ERR,ERR,ERR,ERR,ERR,ERR,ERR,ERR,ERR,ERR,ERR,ERR,ERR,ERR,ERR,ERR,ERR,ERR,ERR,ERR,ERR,ERR,ERR,ERR,ERR,ERR,ERR,ERR,ERR,ERR,ERR,ERR,ERR,ERR,ERR,ERR,ERR,ERR,ERR,ERR,ERR,ERR,ERR,ERR,ERR,ERR,ERR,ERR,ERR,ERR,ERR,ERR,ERR,ERR,ERR,ERR,ERR,ERR,ERR,ERR,ERR,ERR,ERR,ERR,ERR,ERR,ERR,ERR,ERR,ERR,ERR,ERR,ERR,ERR,ERR,ERR,ERR,ERR,ERR,ERR,ERR,ERR,ERR,ERR,ERR,ERR,ERR,ERR,ERR,ERR,ERR,ERR,0.0,0.0,0.0,0.0,0.0,1.3936040501711995e+18,7.805,0.0,0,0,4,0,7116,0.0,100,0.0,0.0,0.0,0.0,0.0,0,0,0,0,0.0,0,0,0,0,0,0,0,0,0,0,0,0,0,0,0,0,0,0,0,0,0,0,0,0,0,0,0,0,0,0,0,0,0,31,40,40,71,65476,0,300,0,0,8,21553,0.0,-107605600.0,0.0,0.0,0.0,0.0,0.0,0.0,0.0,0.0,0.0,0.0,0.0,0.0,0.0,0.0,0.0,0.0,0.0,0.0,0.0,0.0,-2.004,2.004,2.004,-0.0,0.0,0.0,0.0,0.0,6309.0,-0.0,6934.0,0.0,0.0,0.0,0.0,0.0,0.0,0.0,0.0,69,-107615400.0,0.0,0.0,0.0,0.0,0.0,0.0,0.0,0.0,0,0,0,0.0,0.0,0.0,0.0,0.0,0.0,0.0,0.0,0.0,0.0,0.0,0.0,0.0,0.0,0.0,0.0,0,-107875648.0,69,0.0,138,0.0,0.0,0,13107,17040,13107,17049,0,17043,0,0,0,70,68,100,2.7302359370752657e+23,71.1,0.0,74.2,2.7302370179391762e+23,74.0,1,49,50,180,0,52429,0,0,0.0,0.0,0.0,0.0,-0.0,67.0,0.0,162057.094,0.0,750,0,739,0,0,0,721,0,766,0,736,0,742,0,741,0,712,0,7520,0.032,78920024064.0,0.0,0.0,784,16797,-0.0,162057.094,-114818.039,-0.0,0.133,6.909358625270745e+28,30.0,65.0,35,0.0,0.0,0.0,0.0,0.0,0.0,0.0,0.0,0.0,0.0,0.0,0.0,0.0,0.0,0.0,0.0,69.2,0,150,71,54,65476,0,300,0,1,8,20529,65476,0,0,40632,65.0,0.0,0.0,0.0,0.0,0.0
2026-09-04T20:47:16,ERR,ERR,ERR,ERR,ERR,ERR,ERR,ERR,ERR,ERR,ERR,ERR,ERR,ERR,ERR,ERR,ERR,ERR,ERR,ERR,ERR,ERR,ERR,ERR,ERR,ERR,ERR,ERR,ERR,ERR,ERR,ERR,ERR,ERR,ERR,ERR,ERR,ERR,ERR,ERR,ERR,ERR,ERR,ERR,ERR,ERR,ERR,ERR,ERR,ERR,ERR,ERR,ERR,ERR,ERR,ERR,ERR,ERR,ERR,ERR,ERR,ERR,ERR,ERR,ERR,ERR,ERR,ERR,ERR,ERR,ERR,ERR,ERR,ERR,ERR,ERR,ERR,ERR,ERR,ERR,ERR,ERR,ERR,ERR,ERR,ERR,ERR,ERR,ERR,ERR,ERR,ERR,ERR,ERR,ERR,ERR,ERR,ERR,ERR,ERR,ERR,ERR,ERR,ERR,ERR,ERR,ERR,ERR,ERR,ERR,ERR,ERR,ERR,ERR,ERR,ERR,ERR,ERR,ERR,ERR,ERR,ERR,ERR,ERR,ERR,0.0,0.0,0.0,0.0,0.0,1.3936040501711995e+18,7.805,0.0,0,0,4,0,7116,0.0,100,0.0,0.0,0.0,0.0,0.0,0,0,0,0,0.0,0,0,0,0,0,0,0,0,0,0,0,0,0,0,0,0,0,0,0,0,0,0,0,0,0,0,0,0,0,0,0,0,0,31,40,40,71,65476,0,300,0,0,8,21553,0.0,-107605600.0,0.0,0.0,0.0,0.0,0.0,0.0,0.0,0.0,0.0,0.0,0.0,0.0,0.0,0.0,0.0,0.0,0.0,0.0,0.0,0.0,-2.004,2.004,2.004,-0.0,0.0,0.0,0.0,0.0,6309.0,-0.0,6934.0,0.0,0.0,0.0,0.0,0.0,0.0,0.0,0.0,69,-107615400.0,0.0,0.0,0.0,0.0,0.0,0.0,0.0,0.0,0,0,0,0.0,0.0,0.0,0.0,0.0,0.0,0.0,0.0,0.0,0.0,0.0,0.0,0.0,0.0,0.0,0.0,0,-107875648.0,69,0.0,138,0.0,0.0,0,13107,17040,13107,17049,0,17043,0,0,0,70,68,100,2.7302359370752657e+23,71.1,0.0,74.2,2.7302370179391762e+23,74.0,1,49,50,180,0,52429,0,0,0.0,0.0,0.0,0.0,-0.0,67.0,0.0,162057.094,0.0,750,0,739,0,0,0,721,0,766,0,736,0,742,0,741,0,712,0,7520,0.032,78920024064.0,0.0,0.0,784,16797,-0.0,162057.094,-114818.039,-0.0,0.133,6.909358625270745e+28,30.0,65.0,35,0.0,0.0,0.0,0.0,0.0,0.0,0.0,0.0,0.0,0.0,0.0,0.0,0.0,0.0,0.0,0.0,69.2,0,150,71,54,65476,0,300,0,1,8,20529,65476,0,0,40632,65.0,0.0,0.0,0.0,0.0,0.0
2026-09-04T20:47:17,ERR,ERR,ERR,ERR,ERR,ERR,ERR,ERR,ERR,ERR,ERR,ERR,ERR,ERR,ERR,ERR,ERR,ERR,ERR,ERR,ERR,ERR,ERR,ERR,ERR,ERR,ERR,ERR,ERR,ERR,ERR,ERR,ERR,ERR,ERR,ERR,ERR,ERR,ERR,ERR,ERR,ERR,ERR,ERR,ERR,ERR,ERR,ERR,ERR,ERR,ERR,ERR,ERR,ERR,ERR,ERR,ERR,ERR,ERR,ERR,ERR,ERR,ERR,ERR,ERR,ERR,ERR,ERR,ERR,ERR,ERR,ERR,ERR,ERR,ERR,ERR,ERR,ERR,ERR,ERR,ERR,ERR,ERR,ERR,ERR,ERR,ERR,ERR,ERR,ERR,ERR,ERR,ERR,ERR,ERR,ERR,ERR,ERR,ERR,ERR,ERR,ERR,ERR,ERR,ERR,ERR,ERR,ERR,ERR,ERR,ERR,ERR,ERR,ERR,ERR,ERR,ERR,ERR,ERR,ERR,ERR,ERR,ERR,ERR,ERR,0.0,0.0,0.0,0.0,0.0,1.3936040501711995e+18,7.805,0.0,0,0,4,0,7116,0.0,100,0.0,0.0,0.0,0.0,0.0,0,0,0,0,0.0,0,0,0,0,0,0,0,0,0,0,0,0,0,0,0,0,0,0,0,0,0,0,0,0,0,0,0,0,0,0,0,0,0,31,40,40,71,65476,0,300,0,0,8,21553,0.0,-107605600.0,0.0,0.0,0.0,0.0,0.0,0.0,0.0,0.0,0.0,0.0,0.0,0.0,0.0,0.0,0.0,0.0,0.0,0.0,0.0,0.0,-2.004,2.004,-0.0,-2.004,0.0,0.0,0.0,0.0,6308.0,2.422999721977704e+24,6925.0,0.0,0.0,2.7184303811560617e+23,0.0,0.0,0.0,0.0,0.0,69,-152018572279808.0,-0.0,0.0,0.0,0.0,0.0,0.0,0.0,0.0,0,0,0,0.0,0.0,0.0,0.0,0.0,0.0,0.0,0.0,0.0,0.0,0.0,0.0,0.0,0.0,0.0,0.0,0,-107875648.0,69,0.0,138,0.0,0.0,0,13107,17040,13107,17049,0,17043,0,0,0,70,68,100,2.7302359370752657e+23,71.1,0.0,74.2,2.7302370179391762e+23,74.0,1,49,50,180,0,52429,0,0,0.0,0.0,0.0,0.0,-0.0,67.0,0.0,162057.094,0.0,750,0,739,0,0,0,721,0,766,0,736,0,742,0,741,0,712,0,7520,0.032,78920024064.0,0.0,0.0,784,16797,-0.0,162057.094,-114818.039,-0.0,0.133,6.909358625270745e+28,30.0,65.0,35,0.0,0.0,0.0,0.0,0.0,0.0,0.0,0.0,0.0,0.0,0.0,0.0,0.0,0.0,0.0,0.0,69.2,0,150,71,54,65476,0,300,0,1,8,20529,65476,0,0,40632,65.0,0.0,0.0,0.0,0.0,0.0
2026-09-04T20:47:18,ERR,ERR,ERR,ERR,ERR,ERR,ERR,ERR,ERR,ERR,ERR,ERR,ERR,ERR,ERR,ERR,ERR,ERR,ERR,ERR,ERR,ERR,ERR,ERR,ERR,ERR,ERR,ERR,ERR,ERR,ERR,ERR,ERR,ERR,ERR,ERR,ERR,ERR,ERR,ERR,ERR,ERR,ERR,ERR,ERR,ERR,ERR,ERR,ERR,ERR,ERR,ERR,ERR,ERR,ERR,ERR,ERR,ERR,ERR,ERR,ERR,ERR,ERR,ERR,ERR,ERR,ERR,ERR,ERR,ERR,ERR,ERR,ERR,ERR,ERR,ERR,ERR,ERR,ERR,ERR,ERR,ERR,ERR,ERR,ERR,ERR,ERR,ERR,ERR,ERR,ERR,ERR,ERR,ERR,ERR,ERR,ERR,ERR,ERR,ERR,ERR,ERR,ERR,ERR,ERR,ERR,ERR,ERR,ERR,ERR,ERR,ERR,ERR,ERR,ERR,ERR,ERR,ERR,ERR,ERR,ERR,ERR,ERR,ERR,ERR,0.0,0.0,0.0,0.0,0.0,1.3936040501711995e+18,7.805,0.0,0,0,4,0,7116,0.0,100,0.0,0.0,0.0,0.0,0.0,0,0,0,0,0.0,0,0,0,0,0,0,0,0,0,0,0,0,0,0,0,0,0,0,0,0,0,0,0,0,0,0,0,0,0,0,0,0,0,31,40,40,71,65476,0,300,0,0,8,21553,0.0,-107605600.0,0.0,0.0,0.0,0.0,0.0,0.0,0.0,0.0,0.0,0.0,0.0,0.0,0.0,0.0,0.0,0.0,0.0,0.0,0.0,0.0,-2.004,2.004,-0.0,-2.004,0.0,0.0,0.0,0.0,6308.0,2.422999721977704e+24,6925.0,0.0,0.0,2.7184303811560617e+23,0.0,0.0,0.0,0.0,0.0,69,-152018572279808.0,-0.0,0.0,0.0,0.0,0.0,0.0,0.0,0.0,0,0,0,0.0,0.0,0.0,0.0,0.0,0.0,0.0,0.0,0.0,0.0,0.0,0.0,0.0,0.0,0.0,0.0,0,-107875648.0,69,0.0,138,0.0,0.0,0,13107,17040,13107,17049,0,17043,0,0,0,70,68,100,2.7302359370752657e+23,71.1,0.0,74.2,2.7302370179391762e+23,74.0,1,49,50,180,0,52429,0,0,0.0,0.0,0.0,0.0,-0.0,67.0,0.0,162057.094,0.0,750,0,739,0,0,0,721,0,766,0,736,0,742,0,741,0,712,0,7520,0.032,78920024064.0,0.0,0.0,784,16797,-0.0,162057.094,-114818.039,-0.0,0.133,6.909358625270745e+28,30.0,65.0,35,0.0,0.0,0.0,0.0,0.0,0.0,0.0,0.0,0.0,0.0,0.0,0.0,0.0,0.0,0.0,0.0,69.2,0,150,71,54,65476,0,300,0,1,8,20529,65476,0,0,40632,65.0,0.0,0.0,0.0,0.0,0.0
2026-09-04T20:47:19,ERR,ERR,ERR,ERR,ERR,ERR,ERR,ERR,ERR,ERR,ERR,ERR,ERR,ERR,ERR,ERR,ERR,ERR,ERR,ERR,ERR,ERR,ERR,ERR,ERR,ERR,ERR,ERR,ERR,ERR,ERR,ERR,ERR,ERR,ERR,ERR,ERR,ERR,ERR,ERR,ERR,ERR,ERR,ERR,ERR,ERR,ERR,ERR,ERR,ERR,ERR,ERR,ERR,ERR,ERR,ERR,ERR,ERR,ERR,ERR,ERR,ERR,ERR,ERR,ERR,ERR,ERR,ERR,ERR,ERR,ERR,ERR,ERR,ERR,ERR,ERR,ERR,ERR,ERR,ERR,ERR,ERR,ERR,ERR,ERR,ERR,ERR,ERR,ERR,ERR,ERR,ERR,ERR,ERR,ERR,ERR,ERR,ERR,ERR,ERR,ERR,ERR,ERR,ERR,ERR,ERR,ERR,ERR,ERR,ERR,ERR,ERR,ERR,ERR,ERR,ERR,ERR,ERR,ERR,ERR,ERR,ERR,ERR,ERR,ERR,0.0,0.0,0.0,0.0,0.0,1.3936040501711995e+18,7.805,0.0,0,0,4,0,7116,0.0,100,0.0,0.0,0.0,0.0,0.0,0,0,0,0,0.0,0,0,0,0,0,0,0,0,0,0,0,0,0,0,0,0,0,0,0,0,0,0,0,0,0,0,0,0,0,0,0,0,0,31,40,40,71,65476,0,300,0,0,8,21553,0.0,-107605600.0,0.0,0.0,0.0,0.0,0.0,0.0,0.0,0.0,0.0,0.0,0.0,0.0,0.0,0.0,0.0,0.0,0.0,0.0,0.0,0.0,-2.004,2.004,-0.0,-2.004,0.0,0.0,0.0,0.0,6308.0,2.422999721977704e+24,6925.0,0.0,0.0,2.7184303811560617e+23,0.0,0.0,0.0,0.0,0.0,69,-152018572279808.0,-0.0,0.0,0.0,0.0,0.0,0.0,0.0,0.0,0,0,0,0.0,0.0,0.0,0.0,0.0,0.0,0.0,0.0,0.0,0.0,0.0,0.0,0.0,0.0,0.0,0.0,0,-107875648.0,69,0.0,138,0.0,0.0,0,13107,17040,13107,17049,0,17043,0,0,0,70,68,100,2.7302359370752657e+23,71.1,0.0,74.2,2.7302370179391762e+23,74.0,1,49,50,180,0,52429,0,0,0.0,0.0,0.0,0.0,-0.0,67.0,0.0,162057.094,0.0,750,0,739,0,0,0,721,0,766,0,736,0,742,0,741,0,712,0,7520,0.032,78920024064.0,0.0,0.0,784,16797,-0.0,162057.094,-114818.039,-0.0,0.133,6.909358625270745e+28,30.0,65.0,35,0.0,0.0,0.0,0.0,0.0,0.0,0.0,0.0,0.0,0.0,0.0,0.0,0.0,0.0,0.0,0.0,69.6,0,150,71,54,65476,0,300,0,1,8,20529,65476,0,0,40632,65.0,0.0,0.0,0.0,0.0,0.0
2026-09-04T20:47:20,ERR,ERR,ERR,ERR,ERR,ERR,ERR,ERR,ERR,ERR,ERR,ERR,ERR,ERR,ERR,ERR,ERR,ERR,ERR,ERR,ERR,ERR,ERR,ERR,ERR,ERR,ERR,ERR,ERR,ERR,ERR,ERR,ERR,ERR,ERR,ERR,ERR,ERR,ERR,ERR,ERR,ERR,ERR,ERR,ERR,ERR,ERR,ERR,ERR,ERR,ERR,ERR,ERR,ERR,ERR,ERR,ERR,ERR,ERR,ERR,ERR,ERR,ERR,ERR,ERR,ERR,ERR,ERR,ERR,ERR,ERR,ERR,ERR,ERR,ERR,ERR,ERR,ERR,ERR,ERR,ERR,ERR,ERR,ERR,ERR,ERR,ERR,ERR,ERR,ERR,ERR,ERR,ERR,ERR,ERR,ERR,ERR,ERR,ERR,ERR,ERR,ERR,ERR,ERR,ERR,ERR,ERR,ERR,ERR,ERR,ERR,ERR,ERR,ERR,ERR,ERR,ERR,ERR,ERR,ERR,ERR,ERR,ERR,ERR,ERR,0.0,0.0,0.0,0.0,0.0,1.3936040501711995e+18,7.805,0.0,0,0,4,0,7116,0.0,100,0.0,0.0,0.0,0.0,0.0,0,0,0,0,0.0,0,0,0,0,0,0,0,0,0,0,0,0,0,0,0,0,0,0,0,0,0,0,0,0,0,0,0,0,0,0,0,0,0,31,40,40,71,65476,0,300,0,0,8,21553,0.0,-107605600.0,0.0,0.0,0.0,0.0,0.0,0.0,0.0,0.0,0.0,0.0,0.0,0.0,0.0,0.0,0.0,0.0,0.0,0.0,0.0,0.0,-2.004,2.004,-0.0,-2.004,0.0,0.0,0.0,0.0,6308.0,2.422999721977704e+24,6925.0,0.0,0.0,2.7184303811560617e+23,0.0,0.0,0.0,0.0,0.0,69,-152018572279808.0,-0.0,0.0,0.0,0.0,0.0,0.0,0.0,0.0,0,0,0,0.0,0.0,0.0,0.0,0.0,0.0,0.0,0.0,0.0,0.0,0.0,0.0,0.0,0.0,0.0,0.0,0,-107875648.0,69,0.0,138,0.0,0.0,0,13107,17040,13107,17049,0,17043,0,0,0,70,68,100,2.7302359370752657e+23,71.1,0.0,74.2,2.7302370179391762e+23,74.0,1,49,50,180,0,52429,0,0,0.0,0.0,0.0,0.0,-0.0,67.0,0.0,162057.094,0.0,750,0,739,0,0,0,721,0,766,0,736,0,742,0,741,0,712,0,7520,0.032,78920024064.0,0.0,0.0,784,16797,-0.0,162057.094,-114818.039,-0.0,0.133,6.909358625270745e+28,30.0,65.0,35,0.0,0.0,0.0,0.0,0.0,0.0,0.0,0.0,0.0,0.0,0.0,0.0,0.0,0.0,0.0,0.0,69.6,0,150,71,54,65476,0,300,0,1,8,20529,65476,0,0,40632,65.0,0.0,0.0,0.0,0.0,0.0
2026-09-04T20:47:21,ERR,ERR,ERR,ERR,ERR,ERR,ERR,ERR,ERR,ERR,ERR,ERR,ERR,ERR,ERR,ERR,ERR,ERR,ERR,ERR,ERR,ERR,ERR,ERR,ERR,ERR,ERR,ERR,ERR,ERR,ERR,ERR,ERR,ERR,ERR,ERR,ERR,ERR,ERR,ERR,ERR,ERR,ERR,ERR,ERR,ERR,ERR,ERR,ERR,ERR,ERR,ERR,ERR,ERR,ERR,ERR,ERR,ERR,ERR,ERR,ERR,ERR,ERR,ERR,ERR,ERR,ERR,ERR,ERR,ERR,ERR,ERR,ERR,ERR,ERR,ERR,ERR,ERR,ERR,ERR,ERR,ERR,ERR,ERR,ERR,ERR,ERR,ERR,ERR,ERR,ERR,ERR,ERR,ERR,ERR,ERR,ERR,ERR,ERR,ERR,ERR,ERR,ERR,ERR,ERR,ERR,ERR,ERR,ERR,ERR,ERR,ERR,ERR,ERR,ERR,ERR,ERR,ERR,ERR,ERR,ERR,ERR,ERR,ERR,ERR,0.0,0.0,0.0,0.0,0.0,1.3936040501711995e+18,7.805,0.0,0,0,4,0,7116,0.0,100,0.0,0.0,0.0,0.0,0.0,0,0,0,0,0.0,0,0,0,0,0,0,0,0,0,0,0,0,0,0,0,0,0,0,0,0,0,0,0,0,0,0,0,0,0,0,0,0,0,31,40,40,71,65476,0,300,0,0,8,21553,0.0,-107605600.0,0.0,0.0,0.0,0.0,0.0,0.0,0.0,0.0,0.0,0.0,0.0,0.0,0.0,0.0,0.0,0.0,0.0,0.0,0.0,0.0,-2.004,2.004,-0.0,-2.004,0.0,0.0,0.0,0.0,6308.0,2.422999721977704e+24,6925.0,0.0,0.0,2.7184303811560617e+23,0.0,0.0,0.0,0.0,0.0,69,-152018572279808.0,-0.0,0.0,0.0,0.0,0.0,0.0,0.0,0.0,0,0,0,0.0,0.0,0.0,0.0,0.0,0.0,0.0,0.0,0.0,0.0,0.0,0.0,0.0,0.0,0.0,0.0,0,-107875648.0,69,0.0,138,0.0,0.0,0,13107,17040,13107,17049,0,17043,0,0,0,70,68,100,2.7302359370752657e+23,71.2,2.7302370179391762e+23,74.2,2.7302370179391762e+23,74.0,1,49,50,180,0,52429,0,0,0.0,0.0,0.0,0.0,-0.0,67.0,0.0,162057.094,0.0,750,0,739,0,0,0,721,0,766,0,736,0,742,0,741,0,712,0,7520,0.032,78920024064.0,0.0,0.0,784,16797,-0.0,162057.094,-114818.039,-0.0,0.133,6.909358625270745e+28,30.0,65.0,35,0.0,0.0,0.0,0.0,0.0,0.0,0.0,0.0,0.0,0.0,0.0,0.0,0.0,0.0,0.0,0.0,69.2,0,150,71,54,65476,0,300,0,1,8,20529,65476,0,0,40632,65.0,0.0,0.0,0.0,0.0,0.0
2026-09-04T20:47:22,ERR,ERR,ERR,ERR,ERR,ERR,ERR,ERR,ERR,ERR,ERR,ERR,ERR,ERR,ERR,ERR,ERR,ERR,ERR,ERR,ERR,ERR,ERR,ERR,ERR,ERR,ERR,ERR,ERR,ERR,ERR,ERR,ERR,ERR,ERR,ERR,ERR,ERR,ERR,ERR,ERR,ERR,ERR,ERR,ERR,ERR,ERR,ERR,ERR,ERR,ERR,ERR,ERR,ERR,ERR,ERR,ERR,ERR,ERR,ERR,ERR,ERR,ERR,ERR,ERR,ERR,ERR,ERR,ERR,ERR,ERR,ERR,ERR,ERR,ERR,ERR,ERR,ERR,ERR,ERR,ERR,ERR,ERR,ERR,ERR,ERR,ERR,ERR,ERR,ERR,ERR,ERR,ERR,ERR,ERR,ERR,ERR,ERR,ERR,ERR,ERR,ERR,ERR,ERR,ERR,ERR,ERR,ERR,ERR,ERR,ERR,ERR,ERR,ERR,ERR,ERR,ERR,ERR,ERR,ERR,ERR,ERR,ERR,ERR,ERR,0.0,0.0,0.0,0.0,0.0,1.3936040501711995e+18,7.805,0.0,0,0,4,0,7116,0.0,100,0.0,0.0,0.0,0.0,0.0,0,0,0,0,0.0,0,0,0,0,0,0,0,0,0,0,0,0,0,0,0,0,0,0,0,0,0,0,0,0,0,0,0,0,0,0,0,0,0,31,40,40,71,65476,0,300,0,0,8,21553,0.0,-107605600.0,0.0,0.0,0.0,0.0,0.0,0.0,0.0,0.0,0.0,0.0,0.0,0.0,0.0,0.0,0.0,0.0,0.0,0.0,0.0,0.0,-2.004,2.004,-0.0,-2.004,0.0,0.0,0.0,0.0,6308.0,2.422999721977704e+24,6925.0,0.0,0.0,2.7184303811560617e+23,0.0,0.0,0.0,0.0,0.0,69,-152018572279808.0,-0.0,0.0,0.0,0.0,0.0,0.0,0.0,0.0,0,0,0,0.0,0.0,0.0,0.0,0.0,0.0,0.0,0.0,0.0,0.0,0.0,0.0,0.0,0.0,0.0,0.0,0,-107875648.0,69,0.0,138,0.0,0.0,0,13107,17040,13107,17049,0,17043,0,0,0,70,68,100,2.7302359370752657e+23,71.2,2.7302370179391762e+23,74.2,2.7302370179391762e+23,74.0,1,49,50,180,0,52429,0,0,0.0,0.0,0.0,0.0,-0.0,67.0,0.0,162057.094,0.0,750,0,739,0,0,0,721,0,766,0,736,0,742,0,741,0,712,0,7520,0.032,78920024064.0,0.0,0.0,784,16797,-0.0,162057.094,-114818.039,-0.0,0.133,6.909358625270745e+28,30.0,65.0,35,0.0,0.0,0.0,0.0,0.0,0.0,0.0,0.0,0.0,0.0,0.0,0.0,0.0,0.0,0.0,0.0,69.2,0,150,71,54,65476,0,300,0,1,8,20529,65476,0,0,40632,65.0,0.0,0.0,0.0,0.0,0.0
2026-09-04T20:47:23,ERR,ERR,ERR,ERR,ERR,ERR,ERR,ERR,ERR,ERR,ERR,ERR,ERR,ERR,ERR,ERR,ERR,ERR,ERR,ERR,ERR,ERR,ERR,ERR,ERR,ERR,ERR,ERR,ERR,ERR,ERR,ERR,ERR,ERR,ERR,ERR,ERR,ERR,ERR,ERR,ERR,ERR,ERR,ERR,ERR,ERR,ERR,ERR,ERR,ERR,ERR,ERR,ERR,ERR,ERR,ERR,ERR,ERR,ERR,ERR,ERR,ERR,ERR,ERR,ERR,ERR,ERR,ERR,ERR,ERR,ERR,ERR,ERR,ERR,ERR,ERR,ERR,ERR,ERR,ERR,ERR,ERR,ERR,ERR,ERR,ERR,ERR,ERR,ERR,ERR,ERR,ERR,ERR,ERR,ERR,ERR,ERR,ERR,ERR,ERR,ERR,ERR,ERR,ERR,ERR,ERR,ERR,ERR,ERR,ERR,ERR,ERR,ERR,ERR,ERR,ERR,ERR,ERR,ERR,ERR,ERR,ERR,ERR,ERR,ERR,0.0,0.0,0.0,0.0,0.0,1.3936040501711995e+18,7.805,0.0,0,0,4,0,7116,0.0,100,0.0,0.0,0.0,0.0,0.0,0,0,0,0,0.0,0,0,0,0,0,0,0,0,0,0,0,0,0,0,0,0,0,0,0,0,0,0,0,0,0,0,0,0,0,0,0,0,0,31,40,40,71,65476,0,300,0,0,8,21553,0.0,-107605600.0,0.0,0.0,0.0,0.0,0.0,0.0,0.0,0.0,0.0,0.0,0.0,0.0,0.0,0.0,0.0,0.0,0.0,0.0,0.0,0.0,-2.004,2.004,-0.0,-2.004,0.0,0.0,0.0,0.0,6308.0,2.422999721977704e+24,6925.0,0.0,0.0,2.7184303811560617e+23,0.0,0.0,0.0,0.0,0.0,69,-152018572279808.0,-0.0,0.0,0.0,0.0,0.0,0.0,0.0,0.0,0,0,0,0.0,0.0,0.0,0.0,0.0,0.0,0.0,0.0,0.0,0.0,0.0,0.0,0.0,0.0,0.0,0.0,0,-107875648.0,69,0.0,138,0.0,0.0,0,13107,17040,13107,17049,0,17043,0,0,0,70,68,100,2.7302359370752657e+23,71.2,2.7302370179391762e+23,74.2,2.7302370179391762e+23,74.0,1,49,50,180,0,52429,0,0,0.0,0.0,0.0,0.0,-0.0,67.0,0.0,162057.094,0.0,750,0,739,0,0,0,721,0,766,0,736,0,742,0,741,0,712,0,7520,0.032,78920024064.0,0.0,0.0,784,16797,-0.0,162057.094,-114818.039,-0.0,0.133,6.909358625270745e+28,30.0,65.0,35,0.0,0.0,0.0,0.0,0.0,0.0,0.0,0.0,0.0,0.0,0.0,0.0,0.0,0.0,0.0,0.0,69.2,0,150,71,54,65476,0,300,0,1,8,20529,65476,0,0,40632,65.0,0.0,0.0,0.0,0.0,0.0
2026-09-04T20:47:24,ERR,ERR,ERR,ERR,ERR,ERR,ERR,ERR,ERR,ERR,ERR,ERR,ERR,ERR,ERR,ERR,ERR,ERR,ERR,ERR,ERR,ERR,ERR,ERR,ERR,ERR,ERR,ERR,ERR,ERR,ERR,ERR,ERR,ERR,ERR,ERR,ERR,ERR,ERR,ERR,ERR,ERR,ERR,ERR,ERR,ERR,ERR,ERR,ERR,ERR,ERR,ERR,ERR,ERR,ERR,ERR,ERR,ERR,ERR,ERR,ERR,ERR,ERR,ERR,ERR,ERR,ERR,ERR,ERR,ERR,ERR,ERR,ERR,ERR,ERR,ERR,ERR,ERR,ERR,ERR,ERR,ERR,ERR,ERR,ERR,ERR,ERR,ERR,ERR,ERR,ERR,ERR,ERR,ERR,ERR,ERR,ERR,ERR,ERR,ERR,ERR,ERR,ERR,ERR,ERR,ERR,ERR,ERR,ERR,ERR,ERR,ERR,ERR,ERR,ERR,ERR,ERR,ERR,ERR,ERR,ERR,ERR,ERR,ERR,ERR,0.0,0.0,0.0,0.0,0.0,1.3936040501711995e+18,7.805,0.0,0,0,4,0,7116,0.0,100,0.0,0.0,0.0,0.0,0.0,0,0,0,0,0.0,0,0,0,0,0,0,0,0,0,0,0,0,0,0,0,0,0,0,0,0,0,0,0,0,0,0,0,0,0,0,0,0,0,31,40,40,71,65476,0,300,0,0,8,21553,0.0,-107605600.0,0.0,0.0,0.0,0.0,0.0,0.0,0.0,0.0,0.0,0.0,0.0,0.0,0.0,0.0,0.0,0.0,0.0,0.0,0.0,0.0,-2.004,2.004,-0.0,-2.004,0.0,0.0,0.0,0.0,6308.0,2.422999721977704e+24,6925.0,0.0,0.0,2.7184303811560617e+23,0.0,0.0,0.0,0.0,0.0,69,-152018572279808.0,-0.0,0.0,0.0,0.0,0.0,0.0,0.0,0.0,0,0,0,0.0,0.0,0.0,0.0,0.0,0.0,0.0,0.0,0.0,0.0,0.0,0.0,0.0,0.0,0.0,0.0,0,-107875648.0,69,0.0,138,0.0,0.0,0,13107,17040,13107,17049,0,17043,0,0,0,70,68,100,2.7302359370752657e+23,71.2,2.7302370179391762e+23,74.2,2.7302370179391762e+23,74.0,1,49,50,180,0,52429,0,0,0.0,0.0,0.0,0.0,-0.0,67.0,0.0,162057.094,0.0,750,0,739,0,0,0,721,0,766,0,736,0,742,0,741,0,712,0,7520,0.032,78920024064.0,0.0,0.0,784,16797,-0.0,162057.094,-114818.039,-0.0,0.133,6.909358625270745e+28,30.0,65.0,35,0.0,0.0,0.0,0.0,0.0,0.0,0.0,0.0,0.0,0.0,0.0,0.0,0.0,0.0,0.0,0.0,69.2,0,150,71,54,65476,0,300,0,1,8,20529,65476,0,0,40632,65.0,0.0,0.0,0.0,0.0,0.0
2026-09-04T20:47:25,ERR,ERR,ERR,ERR,ERR,ERR,ERR,ERR,ERR,ERR,ERR,ERR,ERR,ERR,ERR,ERR,ERR,ERR,ERR,ERR,ERR,ERR,ERR,ERR,ERR,ERR,ERR,ERR,ERR,ERR,ERR,ERR,ERR,ERR,ERR,ERR,ERR,ERR,ERR,ERR,ERR,ERR,ERR,ERR,ERR,ERR,ERR,ERR,ERR,ERR,ERR,ERR,ERR,ERR,ERR,ERR,ERR,ERR,ERR,ERR,ERR,ERR,ERR,ERR,ERR,ERR,ERR,ERR,ERR,ERR,ERR,ERR,ERR,ERR,ERR,ERR,ERR,ERR,ERR,ERR,ERR,ERR,ERR,ERR,ERR,ERR,ERR,ERR,ERR,ERR,ERR,ERR,ERR,ERR,ERR,ERR,ERR,ERR,ERR,ERR,ERR,ERR,ERR,ERR,ERR,ERR,ERR,ERR,ERR,ERR,ERR,ERR,ERR,ERR,ERR,ERR,ERR,ERR,ERR,ERR,ERR,ERR,ERR,ERR,ERR,0.0,0.0,0.0,0.0,0.0,1.3936040501711995e+18,7.805,0.0,0,0,4,0,7116,0.0,100,0.0,0.0,0.0,0.0,0.0,0,0,0,0,0.0,0,0,0,0,0,0,0,0,0,0,0,0,0,0,0,0,0,0,0,0,0,0,0,0,0,0,0,0,0,0,0,0,0,31,40,40,71,65476,0,300,0,0,8,21553,0.0,-107605600.0,0.0,0.0,0.0,0.0,0.0,0.0,0.0,0.0,0.0,0.0,0.0,0.0,0.0,0.0,0.0,0.0,0.0,0.0,0.0,0.0,-2.004,2.004,-0.0,-0.0,0.0,0.0,0.0,0.0,6305.0,0.0,6915.0,0.0,0.0,2.7184303811560617e+23,0.0,0.0,0.0,0.0,0.0,69,-0.059,0.0,0.0,0.0,0.0,0.0,0.0,0.0,0.0,0,0,0,0.0,0.0,0.0,0.0,0.0,0.0,0.0,0.0,0.0,0.0,0.0,0.0,0.0,0.0,0.0,0.0,0,-107875648.0,69,0.0,138,0.0,0.0,0,13107,17040,13107,17049,0,17043,0,0,0,70,68,100,2.7302359370752657e+23,71.2,2.7302370179391762e+23,74.2,2.7302370179391762e+23,74.0,1,49,50,180,0,52429,0,0,0.0,0.0,0.0,0.0,-0.0,67.0,0.0,162057.094,0.0,750,0,739,0,0,0,721,0,766,0,736,0,742,0,741,0,712,0,7520,0.032,78920024064.0,0.0,0.0,784,16797,-0.0,162057.094,-114818.039,-0.0,0.133,6.909358625270745e+28,30.0,65.0,35,0.0,0.0,0.0,0.0,0.0,0.0,0.0,0.0,0.0,0.0,0.0,0.0,0.0,0.0,0.0,0.0,69.2,0,150,71,54,65476,0,300,0,1,8,20529,65476,0,0,40632,65.0,0.0,0.0,0.0,0.0,0.0
2026-09-04T20:47:26,ERR,ERR,ERR,ERR,ERR,ERR,ERR,ERR,ERR,ERR,ERR,ERR,ERR,ERR,ERR,ERR,ERR,ERR,ERR,ERR,ERR,ERR,ERR,ERR,ERR,ERR,ERR,ERR,ERR,ERR,ERR,ERR,ERR,ERR,ERR,ERR,ERR,ERR,ERR,ERR,ERR,ERR,ERR,ERR,ERR,ERR,ERR,ERR,ERR,ERR,ERR,ERR,ERR,ERR,ERR,ERR,ERR,ERR,ERR,ERR,ERR,ERR,ERR,ERR,ERR,ERR,ERR,ERR,ERR,ERR,ERR,ERR,ERR,ERR,ERR,ERR,ERR,ERR,ERR,ERR,ERR,ERR,ERR,ERR,ERR,ERR,ERR,ERR,ERR,ERR,ERR,ERR,ERR,ERR,ERR,ERR,ERR,ERR,ERR,ERR,ERR,ERR,ERR,ERR,ERR,ERR,ERR,ERR,ERR,ERR,ERR,ERR,ERR,ERR,ERR,ERR,ERR,ERR,ERR,ERR,ERR,ERR,ERR,ERR,ERR,0.0,0.0,0.0,0.0,0.0,1.3936040501711995e+18,7.805,0.0,0,0,4,0,7116,0.0,100,0.0,0.0,0.0,0.0,0.0,0,0,0,0,0.0,0,0,0,0,0,0,0,0,0,0,0,0,0,0,0,0,0,0,0,0,0,0,0,0,0,0,0,0,0,0,0,0,0,31,40,40,71,65476,0,300,0,0,8,21553,0.0,-107605600.0,0.0,0.0,0.0,0.0,0.0,0.0,0.0,0.0,0.0,0.0,0.0,0.0,0.0,0.0,0.0,0.0,0.0,0.0,0.0,0.0,-2.004,2.004,-0.0,-0.0,0.0,0.0,0.0,0.0,6305.0,0.0,6915.0,0.0,0.0,2.7184303811560617e+23,0.0,0.0,0.0,0.0,0.0,69,-0.059,0.0,0.0,0.0,0.0,0.0,0.0,0.0,0.0,0,0,0,0.0,0.0,0.0,0.0,0.0,0.0,0.0,0.0,0.0,0.0,0.0,0.0,0.0,0.0,0.0,0.0,0,-107875648.0,69,0.0,138,0.0,0.0,0,13107,17040,13107,17049,0,17043,0,0,0,70,68,100,2.7302359370752657e+23,71.1,0.0,74.2,2.7302370179391762e+23,74.0,1,49,50,180,0,52429,0,0,0.0,0.0,0.0,0.0,-0.0,67.0,0.0,162057.094,0.0,750,0,739,0,0,0,721,0,766,0,736,0,742,0,741,0,712,0,7520,0.032,78920024064.0,0.0,0.0,784,16797,-0.0,162057.094,-114818.039,-0.0,0.133,6.909358625270745e+28,30.0,65.0,35,0.0,0.0,0.0,0.0,0.0,0.0,0.0,0.0,0.0,0.0,0.0,0.0,0.0,0.0,0.0,0.0,69.2,0,150,71,54,65476,0,300,0,1,8,20529,65476,0,0,40632,65.0,0.0,0.0,0.0,0.0,0.0
2026-09-04T20:47:27,ERR,ERR,ERR,ERR,ERR,ERR,ERR,ERR,ERR,ERR,ERR,ERR,ERR,ERR,ERR,ERR,ERR,ERR,ERR,ERR,ERR,ERR,ERR,ERR,ERR,ERR,ERR,ERR,ERR,ERR,ERR,ERR,ERR,ERR,ERR,ERR,ERR,ERR,ERR,ERR,ERR,ERR,ERR,ERR,ERR,ERR,ERR,ERR,ERR,ERR,ERR,ERR,ERR,ERR,ERR,ERR,ERR,ERR,ERR,ERR,ERR,ERR,ERR,ERR,ERR,ERR,ERR,ERR,ERR,ERR,ERR,ERR,ERR,ERR,ERR,ERR,ERR,ERR,ERR,ERR,ERR,ERR,ERR,ERR,ERR,ERR,ERR,ERR,ERR,ERR,ERR,ERR,ERR,ERR,ERR,ERR,ERR,ERR,ERR,ERR,ERR,ERR,ERR,ERR,ERR,ERR,ERR,ERR,ERR,ERR,ERR,ERR,ERR,ERR,ERR,ERR,ERR,ERR,ERR,ERR,ERR,ERR,ERR,ERR,ERR,0.0,0.0,0.0,0.0,0.0,1.3936040501711995e+18,7.805,0.0,0,0,4,0,7116,0.0,100,0.0,0.0,0.0,0.0,0.0,0,0,0,0,0.0,0,0,0,0,0,0,0,0,0,0,0,0,0,0,0,0,0,0,0,0,0,0,0,0,0,0,0,0,0,0,0,0,0,31,40,40,71,65476,0,300,0,0,8,21553,0.0,-107605600.0,0.0,0.0,0.0,0.0,0.0,0.0,0.0,0.0,0.0,0.0,0.0,0.0,0.0,0.0,0.0,0.0,0.0,0.0,0.0,0.0,-2.004,2.004,-0.0,-0.0,0.0,0.0,0.0,0.0,6305.0,0.0,6915.0,0.0,0.0,2.7184303811560617e+23,0.0,0.0,0.0,0.0,0.0,69,-0.059,0.0,0.0,0.0,0.0,0.0,0.0,0.0,0.0,0,0,0,0.0,0.0,0.0,0.0,0.0,0.0,0.0,0.0,0.0,0.0,0.0,0.0,0.0,0.0,0.0,0.0,0,-107875648.0,69,0.0,138,0.0,0.0,0,13107,17040,13107,17049,0,17043,0,0,0,70,68,100,2.7302359370752657e+23,71.1,0.0,74.2,2.7302370179391762e+23,74.0,1,49,50,180,0,52429,0,0,0.0,0.0,0.0,0.0,-0.0,67.0,0.0,162057.094,0.0,750,0,739,0,0,0,721,0,766,0,736,0,742,0,741,0,712,0,7520,0.032,78920024064.0,0.0,0.0,784,16797,-0.0,162057.094,-114818.039,-0.0,0.133,6.909358625270745e+28,30.0,65.0,35,0.0,0.0,0.0,0.0,0.0,0.0,0.0,0.0,0.0,0.0,0.0,0.0,0.0,0.0,0.0,0.0,69.2,0,150,71,54,65476,0,300,0,1,8,20529,65476,0,0,40632,65.0,0.0,0.0,0.0,0.0,0.0
2026-09-04T20:47:28,ERR,ERR,ERR,ERR,ERR,ERR,ERR,ERR,ERR,ERR,ERR,ERR,ERR,ERR,ERR,ERR,ERR,ERR,ERR,ERR,ERR,ERR,ERR,ERR,ERR,ERR,ERR,ERR,ERR,ERR,ERR,ERR,ERR,ERR,ERR,ERR,ERR,ERR,ERR,ERR,ERR,ERR,ERR,ERR,ERR,ERR,ERR,ERR,ERR,ERR,ERR,ERR,ERR,ERR,ERR,ERR,ERR,ERR,ERR,ERR,ERR,ERR,ERR,ERR,ERR,ERR,ERR,ERR,ERR,ERR,ERR,ERR,ERR,ERR,ERR,ERR,ERR,ERR,ERR,ERR,ERR,ERR,ERR,ERR,ERR,ERR,ERR,ERR,ERR,ERR,ERR,ERR,ERR,ERR,ERR,ERR,ERR,ERR,ERR,ERR,ERR,ERR,ERR,ERR,ERR,ERR,ERR,ERR,ERR,ERR,ERR,ERR,ERR,ERR,ERR,ERR,ERR,ERR,ERR,ERR,ERR,ERR,ERR,ERR,ERR,0.0,0.0,0.0,0.0,0.0,1.3936040501711995e+18,7.805,0.0,0,0,4,0,7116,0.0,100,0.0,0.0,0.0,0.0,0.0,0,0,0,0,0.0,0,0,0,0,0,0,0,0,0,0,0,0,0,0,0,0,0,0,0,0,0,0,0,0,0,0,0,0,0,0,0,0,0,31,40,40,71,65476,0,300,0,0,8,21553,0.0,-107605600.0,0.0,0.0,0.0,0.0,0.0,0.0,0.0,0.0,0.0,0.0,0.0,0.0,0.0,0.0,0.0,0.0,0.0,0.0,0.0,0.0,-2.004,2.004,-0.0,-0.0,0.0,0.0,0.0,0.0,6305.0,0.0,6915.0,0.0,0.0,2.7184303811560617e+23,0.0,0.0,0.0,0.0,0.0,69,-0.059,0.0,0.0,0.0,0.0,0.0,0.0,0.0,0.0,0,0,0,0.0,0.0,0.0,0.0,0.0,0.0,0.0,0.0,0.0,0.0,0.0,0.0,0.0,0.0,0.0,0.0,0,-107875648.0,69,0.0,138,0.0,0.0,0,13107,17040,13107,17049,0,17043,0,0,0,70,68,100,2.7302359370752657e+23,71.1,0.0,74.2,2.7302370179391762e+23,74.0,1,49,50,180,0,52429,0,0,0.0,0.0,0.0,0.0,-0.0,67.0,0.0,162057.094,0.0,750,0,739,0,0,0,721,0,766,0,736,0,742,0,741,0,712,0,7520,0.032,78920024064.0,0.0,0.0,784,16797,-0.0,162057.094,-114818.039,-0.0,0.133,6.909358625270745e+28,30.0,65.0,35,0.0,0.0,0.0,0.0,0.0,0.0,0.0,0.0,0.0,0.0,0.0,0.0,0.0,0.0,0.0,0.0,69.2,0,150,71,54,65476,0,300,0,1,8,20529,65476,0,0,40632,65.0,0.0,0.0,0.0,0.0,0.0
2026-09-04T20:47:29,ERR,ERR,ERR,ERR,ERR,ERR,ERR,ERR,ERR,ERR,ERR,ERR,ERR,ERR,ERR,ERR,ERR,ERR,ERR,ERR,ERR,ERR,ERR,ERR,ERR,ERR,ERR,ERR,ERR,ERR,ERR,ERR,ERR,ERR,ERR,ERR,ERR,ERR,ERR,ERR,ERR,ERR,ERR,ERR,ERR,ERR,ERR,ERR,ERR,ERR,ERR,ERR,ERR,ERR,ERR,ERR,ERR,ERR,ERR,ERR,ERR,ERR,ERR,ERR,ERR,ERR,ERR,ERR,ERR,ERR,ERR,ERR,ERR,ERR,ERR,ERR,ERR,ERR,ERR,ERR,ERR,ERR,ERR,ERR,ERR,ERR,ERR,ERR,ERR,ERR,ERR,ERR,ERR,ERR,ERR,ERR,ERR,ERR,ERR,ERR,ERR,ERR,ERR,ERR,ERR,ERR,ERR,ERR,ERR,ERR,ERR,ERR,ERR,ERR,ERR,ERR,ERR,ERR,ERR,ERR,ERR,ERR,ERR,ERR,ERR,0.0,0.0,0.0,0.0,0.0,1.3936040501711995e+18,7.805,0.0,0,0,4,0,7116,0.0,100,0.0,0.0,0.0,0.0,0.0,0,0,0,0,0.0,0,0,0,0,0,0,0,0,0,0,0,0,0,0,0,0,0,0,0,0,0,0,0,0,0,0,0,0,0,0,0,0,0,31,40,40,71,65476,0,300,0,0,8,21553,0.0,-107605600.0,0.0,0.0,0.0,0.0,0.0,0.0,0.0,0.0,0.0,0.0,0.0,0.0,0.0,0.0,0.0,0.0,0.0,0.0,0.0,0.0,-2.004,2.004,-0.0,-0.0,0.0,0.0,0.0,0.0,6305.0,0.0,6915.0,0.0,0.0,2.7184303811560617e+23,0.0,0.0,0.0,0.0,0.0,69,-0.059,0.0,0.0,0.0,0.0,0.0,0.0,0.0,0.0,0,0,0,0.0,0.0,0.0,0.0,0.0,0.0,0.0,0.0,0.0,0.0,0.0,0.0,0.0,0.0,0.0,0.0,0,-107875648.0,69,0.0,138,0.0,0.0,0,13107,17040,13107,17049,0,17043,0,0,0,70,68,100,2.7302359370752657e+23,71.1,0.0,74.2,2.7302370179391762e+23,74.0,1,49,50,180,0,52429,0,0,0.0,0.0,0.0,0.0,-0.0,67.0,0.0,162057.094,0.0,750,0,739,0,0,0,721,0,766,0,736,0,742,0,741,0,712,0,7520,0.032,78920024064.0,0.0,0.0,784,16797,-0.0,162057.094,-114818.039,-0.0,0.133,6.909358625270745e+28,30.0,65.0,35,0.0,0.0,0.0,0.0,0.0,0.0,0.0,0.0,0.0,0.0,0.0,0.0,0.0,0.0,0.0,0.0,69.2,0,150,71,54,65476,0,300,0,1,8,20529,65476,0,0,40632,65.0,0.0,0.0,0.0,0.0,0.0
2026-09-04T20:47:30,ERR,ERR,ERR,ERR,ERR,ERR,ERR,ERR,ERR,ERR,ERR,ERR,ERR,ERR,ERR,ERR,ERR,ERR,ERR,ERR,ERR,ERR,ERR,ERR,ERR,ERR,ERR,ERR,ERR,ERR,ERR,ERR,ERR,ERR,ERR,ERR,ERR,ERR,ERR,ERR,ERR,ERR,ERR,ERR,ERR,ERR,ERR,ERR,ERR,ERR,ERR,ERR,ERR,ERR,ERR,ERR,ERR,ERR,ERR,ERR,ERR,ERR,ERR,ERR,ERR,ERR,ERR,ERR,ERR,ERR,ERR,ERR,ERR,ERR,ERR,ERR,ERR,ERR,ERR,ERR,ERR,ERR,ERR,ERR,ERR,ERR,ERR,ERR,ERR,ERR,ERR,ERR,ERR,ERR,ERR,ERR,ERR,ERR,ERR,ERR,ERR,ERR,ERR,ERR,ERR,ERR,ERR,ERR,ERR,ERR,ERR,ERR,ERR,ERR,ERR,ERR,ERR,ERR,ERR,ERR,ERR,ERR,ERR,ERR,ERR,0.0,0.0,0.0,0.0,0.0,1.3936040501711995e+18,7.805,0.0,0,0,4,0,7116,0.0,100,0.0,0.0,0.0,0.0,0.0,0,0,0,0,0.0,0,0,0,0,0,0,0,0,0,0,0,0,0,0,0,0,0,0,0,0,0,0,0,0,0,0,0,0,0,0,0,0,0,31,40,40,71,65476,0,300,0,0,8,21553,0.0,-107605600.0,0.0,0.0,0.0,0.0,0.0,0.0,0.0,0.0,0.0,0.0,0.0,0.0,0.0,0.0,0.0,0.0,0.0,0.0,0.0,0.0,-2.004,2.004,-0.0,-0.0,0.0,0.0,0.0,0.0,6305.0,0.0,6915.0,0.0,0.0,2.7184303811560617e+23,0.0,0.0,0.0,0.0,0.0,69,-0.059,0.0,0.0,0.0,0.0,0.0,0.0,0.0,0.0,0,0,0,0.0,0.0,0.0,0.0,0.0,0.0,0.0,0.0,0.0,0.0,0.0,0.0,0.0,0.0,0.0,0.0,0,-107875648.0,69,0.0,138,0.0,0.0,0,13107,17040,13107,17049,0,17043,0,0,0,70,68,100,2.7302359370752657e+23,71.1,0.0,74.2,2.7302370179391762e+23,74.0,1,49,50,180,0,52429,0,0,0.0,0.0,0.0,0.0,-0.0,67.0,0.0,162057.094,0.0,750,0,739,0,0,0,721,0,766,0,736,0,742,0,741,0,712,0,7520,0.032,78920024064.0,0.0,0.0,784,16797,-0.0,162057.094,-114818.039,-0.0,0.133,6.909358625270745e+28,30.0,65.0,35,0.0,0.0,0.0,0.0,0.0,0.0,0.0,0.0,0.0,0.0,0.0,0.0,0.0,0.0,0.0,0.0,69.2,0,150,71,54,65476,0,300,0,1,8,20529,65476,0,0,40632,65.0,0.0,0.0,0.0,0.0,0.0
2026-09-04T20:47:31,ERR,ERR,ERR,ERR,ERR,ERR,ERR,ERR,ERR,ERR,ERR,ERR,ERR,ERR,ERR,ERR,ERR,ERR,ERR,ERR,ERR,ERR,ERR,ERR,ERR,ERR,ERR,ERR,ERR,ERR,ERR,ERR,ERR,ERR,ERR,ERR,ERR,ERR,ERR,ERR,ERR,ERR,ERR,ERR,ERR,ERR,ERR,ERR,ERR,ERR,ERR,ERR,ERR,ERR,ERR,ERR,ERR,ERR,ERR,ERR,ERR,ERR,ERR,ERR,ERR,ERR,ERR,ERR,ERR,ERR,ERR,ERR,ERR,ERR,ERR,ERR,ERR,ERR,ERR,ERR,ERR,ERR,ERR,ERR,ERR,ERR,ERR,ERR,ERR,ERR,ERR,ERR,ERR,ERR,ERR,ERR,ERR,ERR,ERR,ERR,ERR,ERR,ERR,ERR,ERR,ERR,ERR,ERR,ERR,ERR,ERR,ERR,ERR,ERR,ERR,ERR,ERR,ERR,ERR,ERR,ERR,ERR,ERR,ERR,ERR,0.0,0.0,0.0,0.0,0.0,1.3936040501711995e+18,7.805,0.0,0,0,4,0,7116,0.0,100,0.0,0.0,0.0,0.0,0.0,0,0,0,0,0.0,0,0,0,0,0,0,0,0,0,0,0,0,0,0,0,0,0,0,0,0,0,0,0,0,0,0,0,0,0,0,0,0,0,31,40,40,71,65476,0,300,0,0,8,21553,0.0,-107605600.0,0.0,0.0,0.0,0.0,0.0,0.0,0.0,0.0,0.0,0.0,0.0,0.0,0.0,0.0,0.0,0.0,0.0,0.0,0.0,0.0,-2.004,2.004,-0.0,-0.0,0.0,0.0,0.0,0.0,6305.0,0.0,6915.0,0.0,0.0,2.7184303811560617e+23,0.0,0.0,0.0,0.0,0.0,69,-0.059,0.0,0.0,0.0,0.0,0.0,0.0,0.0,0.0,0,0,0,0.0,0.0,0.0,0.0,0.0,0.0,0.0,0.0,0.0,0.0,0.0,0.0,0.0,0.0,0.0,0.0,0,-107875648.0,69,0.0,138,0.0,0.0,0,13107,17040,13107,17049,0,17043,0,0,0,70,68,100,2.7302359370752657e+23,71.1,0.0,74.2,2.7302370179391762e+23,74.0,1,49,50,180,0,52429,0,0,0.0,0.0,0.0,0.0,-0.0,67.0,0.0,162057.094,0.0,750,0,739,0,0,0,721,0,766,0,736,0,742,0,741,0,712,0,7520,0.032,78920024064.0,0.0,0.0,784,16797,-0.0,162057.094,-114818.039,-0.0,0.133,6.909358625270745e+28,30.0,65.0,35,0.0,0.0,0.0,0.0,0.0,0.0,0.0,0.0,0.0,0.0,0.0,0.0,0.0,0.0,0.0,0.0,69.2,0,150,71,54,65476,0,300,0,1,8,20529,65476,0,0,40632,65.0,0.0,0.0,0.0,0.0,0.0
2026-09-04T20:47:32,ERR,ERR,ERR,ERR,ERR,ERR,ERR,ERR,ERR,ERR,ERR,ERR,ERR,ERR,ERR,ERR,ERR,ERR,ERR,ERR,ERR,ERR,ERR,ERR,ERR,ERR,ERR,ERR,ERR,ERR,ERR,ERR,ERR,ERR,ERR,ERR,ERR,ERR,ERR,ERR,ERR,ERR,ERR,ERR,ERR,ERR,ERR,ERR,ERR,ERR,ERR,ERR,ERR,ERR,ERR,ERR,ERR,ERR,ERR,ERR,ERR,ERR,ERR,ERR,ERR,ERR,ERR,ERR,ERR,ERR,ERR,ERR,ERR,ERR,ERR,ERR,ERR,ERR,ERR,ERR,ERR,ERR,ERR,ERR,ERR,ERR,ERR,ERR,ERR,ERR,ERR,ERR,ERR,ERR,ERR,ERR,ERR,ERR,ERR,ERR,ERR,ERR,ERR,ERR,ERR,ERR,ERR,ERR,ERR,ERR,ERR,ERR,ERR,ERR,ERR,ERR,ERR,ERR,ERR,ERR,ERR,ERR,ERR,ERR,ERR,0.0,0.0,0.0,0.0,0.0,1.3936040501711995e+18,7.805,0.0,0,0,4,0,7116,0.0,100,0.0,0.0,0.0,0.0,0.0,0,0,0,0,0.0,0,0,0,0,0,0,0,0,0,0,0,0,0,0,0,0,0,0,0,0,0,0,0,0,0,0,0,0,0,0,0,0,0,31,40,40,71,65476,0,300,0,0,8,21553,0.0,-107605600.0,0.0,0.0,0.0,0.0,0.0,0.0,0.0,0.0,0.0,0.0,0.0,0.0,0.0,0.0,0.0,0.0,0.0,0.0,0.0,0.0,-2.004,2.004,-0.0,-0.0,0.0,0.0,0.0,0.0,6299.0,-0.0,6934.0,0.0,0.0,2.7184303811560617e+23,0.0,0.0,0.0,0.0,0.0,69,-0.059,-71.63,0.0,0.0,0.0,0.0,0.0,0.0,0.0,0,0,0,0.0,0.0,0.0,0.0,0.0,0.0,0.0,0.0,0.0,0.0,0.0,0.0,0.0,0.0,0.0,0.0,0,-107875648.0,69,0.0,138,0.0,-0.0,0,13107,17040,13107,17049,13107,17043,0,0,0,70,68,100,2.7302359370752657e+23,71.1,0.0,74.2,2.7302370179391762e+23,74.0,1,49,50,180,0,52429,0,0,0.0,0.0,0.0,0.0,-0.0,67.0,0.0,162057.094,0.0,750,0,739,0,0,0,721,0,766,0,735,0,742,0,741,0,712,0,7520,0.032,79456894976.0,0.0,0.0,784,16797,-0.0,162057.094,-114818.039,-0.0,0.133,6.909358625270745e+28,30.0,65.0,35,0.0,0.0,0.0,0.0,0.0,0.0,0.0,0.0,0.0,0.0,0.0,0.0,0.0,0.0,0.0,0.0,69.2,0,150,71,54,65476,0,300,0,1,8,20529,65476,0,0,40632,65.0,0.0,0.0,0.0,0.0,0.0
2026-09-04T20:47:33,ERR,ERR,ERR,ERR,ERR,ERR,ERR,ERR,ERR,ERR,ERR,ERR,ERR,ERR,ERR,ERR,ERR,ERR,ERR,ERR,ERR,ERR,ERR,ERR,ERR,ERR,ERR,ERR,ERR,ERR,ERR,ERR,ERR,ERR,ERR,ERR,ERR,ERR,ERR,ERR,ERR,ERR,ERR,ERR,ERR,ERR,ERR,ERR,ERR,ERR,ERR,ERR,ERR,ERR,ERR,ERR,ERR,ERR,ERR,ERR,ERR,ERR,ERR,ERR,ERR,ERR,ERR,ERR,ERR,ERR,ERR,ERR,ERR,ERR,ERR,ERR,ERR,ERR,ERR,ERR,ERR,ERR,ERR,ERR,ERR,ERR,ERR,ERR,ERR,ERR,ERR,ERR,ERR,ERR,ERR,ERR,ERR,ERR,ERR,ERR,ERR,ERR,ERR,ERR,ERR,ERR,ERR,ERR,ERR,ERR,ERR,ERR,ERR,ERR,ERR,ERR,ERR,ERR,ERR,ERR,ERR,ERR,ERR,ERR,ERR,0.0,0.0,0.0,0.0,0.0,1.3936040501711995e+18,7.805,0.0,0,0,4,0,7116,0.0,100,0.0,0.0,0.0,0.0,0.0,0,0,0,0,0.0,0,0,0,0,0,0,0,0,0,0,0,0,0,0,0,0,0,0,0,0,0,0,0,0,0,0,0,0,0,0,0,0,0,31,40,40,71,65476,0,300,0,0,8,21553,0.0,-107605600.0,0.0,0.0,0.0,0.0,0.0,0.0,0.0,0.0,0.0,0.0,0.0,0.0,0.0,0.0,0.0,0.0,0.0,0.0,0.0,0.0,-2.004,2.004,-0.0,-0.0,0.0,0.0,0.0,0.0,6299.0,-0.0,6934.0,0.0,0.0,2.7184303811560617e+23,0.0,0.0,0.0,0.0,0.0,69,-0.059,-71.63,0.0,0.0,0.0,0.0,0.0,0.0,0.0,0,0,0,0.0,0.0,0.0,0.0,0.0,0.0,0.0,0.0,0.0,0.0,0.0,0.0,0.0,0.0,0.0,0.0,0,-107875648.0,69,0.0,138,0.0,-0.0,0,13107,17040,13107,17049,13107,17043,0,0,0,70,68,100,2.7302359370752657e+23,71.1,0.0,74.2,2.7302370179391762e+23,74.0,1,49,50,180,0,52429,0,0,0.0,0.0,0.0,0.0,-0.0,67.0,0.0,162057.094,0.0,750,0,739,0,0,0,721,0,766,0,735,0,742,0,741,0,712,0,7520,0.032,79456894976.0,0.0,0.0,784,16797,-0.0,162057.094,-114818.039,-0.0,0.133,6.909358625270745e+28,30.0,65.0,35,0.0,0.0,0.0,0.0,0.0,0.0,0.0,0.0,0.0,0.0,0.0,0.0,0.0,0.0,0.0,0.0,69.2,0,150,71,54,65476,0,300,0,1,8,20529,65476,0,0,40632,65.0,0.0,0.0,0.0,0.0,0.0
2026-09-04T20:47:34,ERR,ERR,ERR,ERR,ERR,ERR,ERR,ERR,ERR,ERR,ERR,ERR,ERR,ERR,ERR,ERR,ERR,ERR,ERR,ERR,ERR,ERR,ERR,ERR,ERR,ERR,ERR,ERR,ERR,ERR,ERR,ERR,ERR,ERR,ERR,ERR,ERR,ERR,ERR,ERR,ERR,ERR,ERR,ERR,ERR,ERR,ERR,ERR,ERR,ERR,ERR,ERR,ERR,ERR,ERR,ERR,ERR,ERR,ERR,ERR,ERR,ERR,ERR,ERR,ERR,ERR,ERR,ERR,ERR,ERR,ERR,ERR,ERR,ERR,ERR,ERR,ERR,ERR,ERR,ERR,ERR,ERR,ERR,ERR,ERR,ERR,ERR,ERR,ERR,ERR,ERR,ERR,ERR,ERR,ERR,ERR,ERR,ERR,ERR,ERR,ERR,ERR,ERR,ERR,ERR,ERR,ERR,ERR,ERR,ERR,ERR,ERR,ERR,ERR,ERR,ERR,ERR,ERR,ERR,ERR,ERR,ERR,ERR,ERR,ERR,0.0,0.0,0.0,0.0,0.0,1.3936040501711995e+18,7.805,0.0,0,0,4,0,7116,0.0,100,0.0,0.0,0.0,0.0,0.0,0,0,0,0,0.0,0,0,0,0,0,0,0,0,0,0,0,0,0,0,0,0,0,0,0,0,0,0,0,0,0,0,0,0,0,0,0,0,0,31,40,40,71,65476,0,300,0,0,8,21553,0.0,-107605600.0,0.0,0.0,0.0,0.0,0.0,0.0,0.0,0.0,0.0,0.0,0.0,0.0,0.0,0.0,0.0,0.0,0.0,0.0,0.0,0.0,-2.004,2.004,-0.0,-0.0,0.0,0.0,0.0,0.0,6299.0,-0.0,6934.0,0.0,0.0,2.7184303811560617e+23,0.0,0.0,0.0,0.0,0.0,69,-0.059,-71.63,0.0,0.0,0.0,0.0,0.0,0.0,0.0,0,0,0,0.0,0.0,0.0,0.0,0.0,0.0,0.0,0.0,0.0,0.0,0.0,0.0,0.0,0.0,0.0,0.0,0,-107875648.0,69,0.0,138,0.0,-0.0,0,13107,17040,13107,17049,13107,17043,0,0,0,70,68,100,2.7302359370752657e+23,71.1,0.0,74.2,2.7302370179391762e+23,74.0,1,49,50,180,0,52429,0,0,0.0,0.0,0.0,0.0,-0.0,67.0,0.0,162057.094,0.0,750,0,739,0,0,0,721,0,766,0,735,0,742,0,741,0,712,0,7520,0.032,79456894976.0,0.0,0.0,784,16797,-0.0,162057.094,-114818.039,-0.0,0.133,6.909358625270745e+28,30.0,65.0,35,0.0,0.0,0.0,0.0,0.0,0.0,0.0,0.0,0.0,0.0,0.0,0.0,0.0,0.0,0.0,0.0,69.2,0,150,71,54,65476,0,300,0,1,8,20529,65476,0,0,40632,65.0,0.0,0.0,0.0,0.0,0.0
2026-09-04T20:47:35,ERR,ERR,ERR,ERR,ERR,ERR,ERR,ERR,ERR,ERR,ERR,ERR,ERR,ERR,ERR,ERR,ERR,ERR,ERR,ERR,ERR,ERR,ERR,ERR,ERR,ERR,ERR,ERR,ERR,ERR,ERR,ERR,ERR,ERR,ERR,ERR,ERR,ERR,ERR,ERR,ERR,ERR,ERR,ERR,ERR,ERR,ERR,ERR,ERR,ERR,ERR,ERR,ERR,ERR,ERR,ERR,ERR,ERR,ERR,ERR,ERR,ERR,ERR,ERR,ERR,ERR,ERR,ERR,ERR,ERR,ERR,ERR,ERR,ERR,ERR,ERR,ERR,ERR,ERR,ERR,ERR,ERR,ERR,ERR,ERR,ERR,ERR,ERR,ERR,ERR,ERR,ERR,ERR,ERR,ERR,ERR,ERR,ERR,ERR,ERR,ERR,ERR,ERR,ERR,ERR,ERR,ERR,ERR,ERR,ERR,ERR,ERR,ERR,ERR,ERR,ERR,ERR,ERR,ERR,ERR,ERR,ERR,ERR,ERR,ERR,0.0,0.0,0.0,0.0,0.0,1.3936040501711995e+18,7.805,0.0,0,0,4,0,7116,0.0,100,0.0,0.0,0.0,0.0,0.0,0,0,0,0,0.0,0,0,0,0,0,0,0,0,0,0,0,0,0,0,0,0,0,0,0,0,0,0,0,0,0,0,0,0,0,0,0,0,0,31,40,40,71,65476,0,300,0,0,8,21553,0.0,-107605600.0,0.0,0.0,0.0,0.0,0.0,0.0,0.0,0.0,0.0,0.0,0.0,0.0,0.0,0.0,0.0,0.0,0.0,0.0,0.0,0.0,-2.004,2.004,-0.0,-0.0,0.0,0.0,0.0,0.0,6299.0,-0.0,6934.0,0.0,0.0,2.7184303811560617e+23,0.0,0.0,0.0,0.0,0.0,69,-0.059,-71.63,0.0,0.0,0.0,0.0,0.0,0.0,0.0,0,0,0,0.0,0.0,0.0,0.0,0.0,0.0,0.0,0.0,0.0,0.0,0.0,0.0,0.0,0.0,0.0,0.0,0,-107875648.0,69,0.0,138,0.0,-0.0,0,13107,17040,13107,17049,13107,17043,0,0,0,70,68,100,2.7302359370752657e+23,71.1,0.0,74.2,2.7302370179391762e+23,74.0,1,49,50,180,0,52429,0,0,0.0,0.0,0.0,0.0,-0.0,67.0,0.0,162057.094,0.0,750,0,739,0,0,0,721,0,766,0,735,0,742,0,741,0,712,0,7520,0.032,79456894976.0,0.0,0.0,784,16797,-0.0,162057.094,-114818.039,-0.0,0.133,6.909358625270745e+28,30.0,65.0,35,0.0,0.0,0.0,0.0,0.0,0.0,0.0,0.0,0.0,0.0,0.0,0.0,0.0,0.0,0.0,0.0,69.2,0,150,71,54,65476,0,300,0,1,8,20529,65476,0,0,40632,65.0,0.0,0.0,0.0,0.0,0.0
2026-09-04T20:47:36,ERR,ERR,ERR,ERR,ERR,ERR,ERR,ERR,ERR,ERR,ERR,ERR,ERR,ERR,ERR,ERR,ERR,ERR,ERR,ERR,ERR,ERR,ERR,ERR,ERR,ERR,ERR,ERR,ERR,ERR,ERR,ERR,ERR,ERR,ERR,ERR,ERR,ERR,ERR,ERR,ERR,ERR,ERR,ERR,ERR,ERR,ERR,ERR,ERR,ERR,ERR,ERR,ERR,ERR,ERR,ERR,ERR,ERR,ERR,ERR,ERR,ERR,ERR,ERR,ERR,ERR,ERR,ERR,ERR,ERR,ERR,ERR,ERR,ERR,ERR,ERR,ERR,ERR,ERR,ERR,ERR,ERR,ERR,ERR,ERR,ERR,ERR,ERR,ERR,ERR,ERR,ERR,ERR,ERR,ERR,ERR,ERR,ERR,ERR,ERR,ERR,ERR,ERR,ERR,ERR,ERR,ERR,ERR,ERR,ERR,ERR,ERR,ERR,ERR,ERR,ERR,ERR,ERR,ERR,ERR,ERR,ERR,ERR,ERR,ERR,0.0,0.0,0.0,0.0,0.0,1.3936040501711995e+18,7.805,0.0,0,0,4,0,7116,0.0,100,0.0,0.0,0.0,0.0,0.0,0,0,0,0,0.0,0,0,0,0,0,0,0,0,0,0,0,0,0,0,0,0,0,0,0,0,0,0,0,0,0,0,0,0,0,0,0,0,0,31,40,40,71,65476,0,300,0,0,8,21553,0.0,-107605600.0,0.0,0.0,0.0,0.0,0.0,0.0,0.0,0.0,0.0,0.0,0.0,0.0,0.0,0.0,0.0,0.0,0.0,0.0,0.0,0.0,-2.004,2.004,-0.0,-0.0,0.0,0.0,0.0,0.0,6299.0,-0.0,6934.0,0.0,0.0,2.7184303811560617e+23,0.0,0.0,0.0,0.0,0.0,69,-0.059,-71.63,0.0,0.0,0.0,0.0,0.0,0.0,0.0,0,0,0,0.0,0.0,0.0,0.0,0.0,0.0,0.0,0.0,0.0,0.0,0.0,0.0,0.0,0.0,0.0,0.0,0,-107875648.0,69,0.0,138,0.0,-0.0,0,13107,17040,13107,17049,13107,17043,0,0,0,70,68,100,2.7302359370752657e+23,71.1,0.0,74.2,2.7302370179391762e+23,74.0,1,49,50,180,0,52429,0,0,0.0,0.0,0.0,0.0,-0.0,67.0,0.0,162057.094,0.0,750,0,739,0,0,0,721,0,766,0,735,0,742,0,741,0,712,0,7520,0.032,79456894976.0,0.0,0.0,784,16797,-0.0,162057.094,-114818.039,-0.0,0.133,6.909358625270745e+28,30.0,65.0,35,0.0,0.0,0.0,0.0,0.0,0.0,0.0,0.0,0.0,0.0,0.0,0.0,0.0,0.0,0.0,0.0,69.2,0,150,71,54,65476,0,300,0,1,8,20529,65476,0,0,40632,65.0,0.0,0.0,0.0,0.0,0.0
2026-09-04T20:47:37,ERR,ERR,ERR,ERR,ERR,ERR,ERR,ERR,ERR,ERR,ERR,ERR,ERR,ERR,ERR,ERR,ERR,ERR,ERR,ERR,ERR,ERR,ERR,ERR,ERR,ERR,ERR,ERR,ERR,ERR,ERR,ERR,ERR,ERR,ERR,ERR,ERR,ERR,ERR,ERR,ERR,ERR,ERR,ERR,ERR,ERR,ERR,ERR,ERR,ERR,ERR,ERR,ERR,ERR,ERR,ERR,ERR,ERR,ERR,ERR,ERR,ERR,ERR,ERR,ERR,ERR,ERR,ERR,ERR,ERR,ERR,ERR,ERR,ERR,ERR,ERR,ERR,ERR,ERR,ERR,ERR,ERR,ERR,ERR,ERR,ERR,ERR,ERR,ERR,ERR,ERR,ERR,ERR,ERR,ERR,ERR,ERR,ERR,ERR,ERR,ERR,ERR,ERR,ERR,ERR,ERR,ERR,ERR,ERR,ERR,ERR,ERR,ERR,ERR,ERR,ERR,ERR,ERR,ERR,ERR,ERR,ERR,ERR,ERR,ERR,0.0,0.0,0.0,0.0,0.0,1.3936040501711995e+18,7.805,0.0,0,0,4,0,7116,0.0,100,0.0,0.0,0.0,0.0,0.0,0,0,0,0,0.0,0,0,0,0,0,0,0,0,0,0,0,0,0,0,0,0,0,0,0,0,0,0,0,0,0,0,0,0,0,0,0,0,0,31,40,40,71,65476,0,300,0,0,8,21553,0.0,-107605600.0,0.0,0.0,0.0,0.0,0.0,0.0,0.0,0.0,0.0,0.0,0.0,0.0,0.0,0.0,0.0,0.0,0.0,0.0,0.0,0.0,-2.004,2.004,-0.0,-0.0,0.0,0.0,0.0,0.0,6299.0,-0.0,6934.0,0.0,0.0,2.7184303811560617e+23,0.0,0.0,0.0,0.0,0.0,69,-0.059,-71.63,0.0,0.0,0.0,0.0,0.0,0.0,0.0,0,0,0,0.0,0.0,0.0,0.0,0.0,0.0,0.0,0.0,0.0,0.0,0.0,0.0,0.0,0.0,0.0,0.0,0,-107875648.0,69,0.0,138,0.0,-0.0,0,13107,17040,13107,17049,0,17043,0,0,0,70,68,100,2.7302359370752657e+23,71.1,0.0,74.2,2.7302370179391762e+23,74.0,1,49,50,180,0,52429,0,0,0.0,0.0,0.0,0.0,-0.0,67.0,0.0,162057.094,0.0,750,0,739,0,0,0,721,0,766,0,735,0,742,0,741,0,712,0,7520,0.032,79993765888.0,0.0,0.0,784,16797,-0.0,162057.094,-114818.039,-0.0,0.133,6.909358625270745e+28,30.0,65.0,35,0.0,0.0,0.0,0.0,0.0,0.0,0.0,0.0,0.0,0.0,0.0,0.0,0.0,0.0,0.0,0.0,69.2,0,150,71,54,65476,0,300,0,1,8,20529,65476,0,0,40632,65.0,0.0,0.0,0.0,0.0,0.0
2026-09-04T20:47:38,ERR,ERR,ERR,ERR,ERR,ERR,ERR,ERR,ERR,ERR,ERR,ERR,ERR,ERR,ERR,ERR,ERR,ERR,ERR,ERR,ERR,ERR,ERR,ERR,ERR,ERR,ERR,ERR,ERR,ERR,ERR,ERR,ERR,ERR,ERR,ERR,ERR,ERR,ERR,ERR,ERR,ERR,ERR,ERR,ERR,ERR,ERR,ERR,ERR,ERR,ERR,ERR,ERR,ERR,ERR,ERR,ERR,ERR,ERR,ERR,ERR,ERR,ERR,ERR,ERR,ERR,ERR,ERR,ERR,ERR,ERR,ERR,ERR,ERR,ERR,ERR,ERR,ERR,ERR,ERR,ERR,ERR,ERR,ERR,ERR,ERR,ERR,ERR,ERR,ERR,ERR,ERR,ERR,ERR,ERR,ERR,ERR,ERR,ERR,ERR,ERR,ERR,ERR,ERR,ERR,ERR,ERR,ERR,ERR,ERR,ERR,ERR,ERR,ERR,ERR,ERR,ERR,ERR,ERR,ERR,ERR,ERR,ERR,ERR,ERR,0.0,0.0,0.0,0.0,0.0,1.3936040501711995e+18,7.805,0.0,0,0,4,0,7116,0.0,100,0.0,0.0,0.0,0.0,0.0,0,0,0,0,0.0,0,0,0,0,0,0,0,0,0,0,0,0,0,0,0,0,0,0,0,0,0,0,0,0,0,0,0,0,0,0,0,0,0,31,40,40,71,65476,0,300,0,0,8,21553,0.0,-107605600.0,0.0,0.0,0.0,0.0,0.0,0.0,0.0,0.0,0.0,0.0,0.0,0.0,0.0,0.0,0.0,0.0,0.0,0.0,0.0,0.0,-2.004,2.004,-0.0,-0.0,0.0,0.0,0.0,0.0,6299.0,-0.0,6934.0,0.0,0.0,2.7184303811560617e+23,0.0,0.0,0.0,0.0,0.0,69,-0.059,-71.63,0.0,0.0,0.0,0.0,0.0,0.0,0.0,0,0,0,0.0,0.0,0.0,0.0,0.0,0.0,0.0,0.0,0.0,0.0,0.0,0.0,0.0,0.0,0.0,0.0,0,-107875648.0,69,0.0,138,0.0,-0.0,0,13107,17040,13107,17049,0,17043,0,0,0,70,68,100,2.7302359370752657e+23,71.1,0.0,74.2,2.7302370179391762e+23,74.0,1,49,50,180,0,52429,0,0,0.0,0.0,0.0,0.0,-0.0,67.0,0.0,162057.094,0.0,750,0,739,0,0,0,721,0,766,0,735,0,742,0,741,0,712,0,7520,0.032,79993765888.0,0.0,0.0,784,16797,-0.0,162057.094,-114818.039,-0.0,0.133,6.909358625270745e+28,30.0,65.0,35,0.0,0.0,0.0,0.0,0.0,0.0,0.0,0.0,0.0,0.0,0.0,0.0,0.0,0.0,0.0,0.0,69.2,0,150,71,54,65476,0,300,0,1,8,20529,65476,0,0,40632,65.0,0.0,0.0,0.0,0.0,0.0
2026-09-04T20:47:39,ERR,ERR,ERR,ERR,ERR,ERR,ERR,ERR,ERR,ERR,ERR,ERR,ERR,ERR,ERR,ERR,ERR,ERR,ERR,ERR,ERR,ERR,ERR,ERR,ERR,ERR,ERR,ERR,ERR,ERR,ERR,ERR,ERR,ERR,ERR,ERR,ERR,ERR,ERR,ERR,ERR,ERR,ERR,ERR,ERR,ERR,ERR,ERR,ERR,ERR,ERR,ERR,ERR,ERR,ERR,ERR,ERR,ERR,ERR,ERR,ERR,ERR,ERR,ERR,ERR,ERR,ERR,ERR,ERR,ERR,ERR,ERR,ERR,ERR,ERR,ERR,ERR,ERR,ERR,ERR,ERR,ERR,ERR,ERR,ERR,ERR,ERR,ERR,ERR,ERR,ERR,ERR,ERR,ERR,ERR,ERR,ERR,ERR,ERR,ERR,ERR,ERR,ERR,ERR,ERR,ERR,ERR,ERR,ERR,ERR,ERR,ERR,ERR,ERR,ERR,ERR,ERR,ERR,ERR,ERR,ERR,ERR,ERR,ERR,ERR,0.0,0.0,0.0,0.0,0.0,1.3936040501711995e+18,7.805,0.0,0,0,4,0,7116,0.0,100,0.0,0.0,0.0,0.0,0.0,0,0,0,0,0.0,0,0,0,0,0,0,0,0,0,0,0,0,0,0,0,0,0,0,0,0,0,0,0,0,0,0,0,0,0,0,0,0,0,31,40,40,71,65476,0,300,0,0,8,21553,0.0,-107605600.0,0.0,0.0,0.0,0.0,0.0,0.0,0.0,0.0,0.0,0.0,0.0,0.0,0.0,0.0,0.0,0.0,0.0,0.0,0.0,0.0,-2.004,2.004,-0.0,-0.0,0.0,0.0,0.0,0.0,6298.0,-2.004,6936.0,0.0,0.0,2.7184303811560617e+23,0.0,0.0,0.0,0.0,0.0,69,-0.0,-152018136072192.0,0.0,0.0,0.0,0.0,0.0,0.0,0.0,0,0,0,0.0,0.0,0.0,0.0,0.0,0.0,0.0,0.0,0.0,0.0,0.0,0.0,0.0,0.0,0.0,0.0,0,-107875648.0,69,0.0,138,0.0,0.0,0,13107,17040,13107,17049,0,17043,0,0,0,70,68,100,2.7302359370752657e+23,71.1,0.0,74.2,2.7302370179391762e+23,74.0,1,49,50,180,0,52429,0,0,0.0,0.0,0.0,0.0,-0.0,67.0,0.0,162057.094,0.0,750,0,739,0,0,0,721,0,766,0,735,0,742,0,741,0,712,0,7520,0.032,79993765888.0,0.0,0.0,784,16797,-0.0,162057.094,-114818.039,-0.0,0.133,6.909358625270745e+28,30.0,65.0,35,0.0,0.0,0.0,0.0,0.0,0.0,0.0,0.0,0.0,0.0,0.0,0.0,0.0,0.0,0.0,0.0,69.2,0,150,71,54,65476,0,300,0,1,8,20529,65476,0,0,40632,65.0,0.0,0.0,0.0,0.0,0.0
2026-09-04T20:47:40,ERR,ERR,ERR,ERR,ERR,ERR,ERR,ERR,ERR,ERR,ERR,ERR,ERR,ERR,ERR,ERR,ERR,ERR,ERR,ERR,ERR,ERR,ERR,ERR,ERR,ERR,ERR,ERR,ERR,ERR,ERR,ERR,ERR,ERR,ERR,ERR,ERR,ERR,ERR,ERR,ERR,ERR,ERR,ERR,ERR,ERR,ERR,ERR,ERR,ERR,ERR,ERR,ERR,ERR,ERR,ERR,ERR,ERR,ERR,ERR,ERR,ERR,ERR,ERR,ERR,ERR,ERR,ERR,ERR,ERR,ERR,ERR,ERR,ERR,ERR,ERR,ERR,ERR,ERR,ERR,ERR,ERR,ERR,ERR,ERR,ERR,ERR,ERR,ERR,ERR,ERR,ERR,ERR,ERR,ERR,ERR,ERR,ERR,ERR,ERR,ERR,ERR,ERR,ERR,ERR,ERR,ERR,ERR,ERR,ERR,ERR,ERR,ERR,ERR,ERR,ERR,ERR,ERR,ERR,ERR,ERR,ERR,ERR,ERR,ERR,0.0,0.0,0.0,0.0,0.0,1.3936040501711995e+18,7.805,0.0,0,0,4,0,7116,0.0,100,0.0,0.0,0.0,0.0,0.0,0,0,0,0,0.0,0,0,0,0,0,0,0,0,0,0,0,0,0,0,0,0,0,0,0,0,0,0,0,0,0,0,0,0,0,0,0,0,0,31,40,40,71,65476,0,300,0,0,8,21553,0.0,-107605600.0,0.0,0.0,0.0,0.0,0.0,0.0,0.0,0.0,0.0,0.0,0.0,0.0,0.0,0.0,0.0,0.0,0.0,0.0,0.0,0.0,-2.004,2.004,-0.0,-0.0,0.0,0.0,0.0,0.0,6298.0,-2.004,6936.0,0.0,0.0,2.7184303811560617e+23,0.0,0.0,0.0,0.0,0.0,69,-0.0,-152018136072192.0,0.0,0.0,0.0,0.0,0.0,0.0,0.0,0,0,0,0.0,0.0,0.0,0.0,0.0,0.0,0.0,0.0,0.0,0.0,0.0,0.0,0.0,0.0,0.0,0.0,0,-107875648.0,69,0.0,138,0.0,0.0,0,13107,17040,13107,17049,0,17043,0,0,0,70,68,100,2.7302359370752657e+23,71.1,0.0,74.2,2.7302370179391762e+23,74.0,1,49,50,180,0,52429,0,0,0.0,0.0,0.0,0.0,-0.0,67.0,0.0,162057.094,0.0,750,0,739,0,0,0,721,0,766,0,735,0,742,0,741,0,712,0,7520,0.032,79993765888.0,0.0,0.0,784,16797,-0.0,162057.094,-114818.039,-0.0,0.133,6.909358625270745e+28,30.0,65.0,35,0.0,0.0,0.0,0.0,0.0,0.0,0.0,0.0,0.0,0.0,0.0,0.0,0.0,0.0,0.0,0.0,69.2,0,150,71,54,65476,0,300,0,1,8,20529,65476,0,0,40632,65.0,0.0,0.0,0.0,0.0,0.0
2026-09-04T20:47:41,ERR,ERR,ERR,ERR,ERR,ERR,ERR,ERR,ERR,ERR,ERR,ERR,ERR,ERR,ERR,ERR,ERR,ERR,ERR,ERR,ERR,ERR,ERR,ERR,ERR,ERR,ERR,ERR,ERR,ERR,ERR,ERR,ERR,ERR,ERR,ERR,ERR,ERR,ERR,ERR,ERR,ERR,ERR,ERR,ERR,ERR,ERR,ERR,ERR,ERR,ERR,ERR,ERR,ERR,ERR,ERR,ERR,ERR,ERR,ERR,ERR,ERR,ERR,ERR,ERR,ERR,ERR,ERR,ERR,ERR,ERR,ERR,ERR,ERR,ERR,ERR,ERR,ERR,ERR,ERR,ERR,ERR,ERR,ERR,ERR,ERR,ERR,ERR,ERR,ERR,ERR,ERR,ERR,ERR,ERR,ERR,ERR,ERR,ERR,ERR,ERR,ERR,ERR,ERR,ERR,ERR,ERR,ERR,ERR,ERR,ERR,ERR,ERR,ERR,ERR,ERR,ERR,ERR,ERR,ERR,ERR,ERR,ERR,ERR,ERR,0.0,0.0,0.0,0.0,0.0,1.3936040501711995e+18,7.805,0.0,0,0,4,0,7116,0.0,100,0.0,0.0,0.0,0.0,0.0,0,0,0,0,0.0,0,0,0,0,0,0,0,0,0,0,0,0,0,0,0,0,0,0,0,0,0,0,0,0,0,0,0,0,0,0,0,0,0,31,40,40,71,65476,0,300,0,0,8,21553,0.0,-107605600.0,0.0,0.0,0.0,0.0,0.0,0.0,0.0,0.0,0.0,0.0,0.0,0.0,0.0,0.0,0.0,0.0,0.0,0.0,0.0,0.0,-2.004,2.004,-0.0,-0.0,0.0,0.0,0.0,0.0,6298.0,-2.004,6936.0,0.0,0.0,2.7184303811560617e+23,0.0,0.0,0.0,0.0,0.0,69,-0.0,-152018136072192.0,0.0,0.0,0.0,0.0,0.0,0.0,0.0,0,0,0,0.0,0.0,0.0,0.0,0.0,0.0,0.0,0.0,0.0,0.0,0.0,0.0,0.0,0.0,0.0,0.0,0,-107875648.0,69,0.0,138,0.0,0.0,0,13107,17040,13107,17049,0,17043,0,0,0,70,68,100,2.7302359370752657e+23,71.1,0.0,74.2,2.7302370179391762e+23,74.0,1,49,50,180,0,52429,0,0,0.0,0.0,0.0,0.0,-0.0,67.0,0.0,162057.094,0.0,750,0,739,0,0,0,721,0,766,0,735,0,742,0,741,0,712,0,7520,0.032,79993765888.0,0.0,0.0,784,16797,-0.0,162057.094,-114818.039,-0.0,0.133,6.909358625270745e+28,30.0,65.0,35,0.0,0.0,0.0,0.0,0.0,0.0,0.0,0.0,0.0,0.0,0.0,0.0,0.0,0.0,0.0,0.0,69.2,0,150,71,54,65476,0,300,0,1,8,20529,65476,0,0,40632,65.0,0.0,0.0,0.0,0.0,0.0
2026-09-04T20:47:42,ERR,ERR,ERR,ERR,ERR,ERR,ERR,ERR,ERR,ERR,ERR,ERR,ERR,ERR,ERR,ERR,ERR,ERR,ERR,ERR,ERR,ERR,ERR,ERR,ERR,ERR,ERR,ERR,ERR,ERR,ERR,ERR,ERR,ERR,ERR,ERR,ERR,ERR,ERR,ERR,ERR,ERR,ERR,ERR,ERR,ERR,ERR,ERR,ERR,ERR,ERR,ERR,ERR,ERR,ERR,ERR,ERR,ERR,ERR,ERR,ERR,ERR,ERR,ERR,ERR,ERR,ERR,ERR,ERR,ERR,ERR,ERR,ERR,ERR,ERR,ERR,ERR,ERR,ERR,ERR,ERR,ERR,ERR,ERR,ERR,ERR,ERR,ERR,ERR,ERR,ERR,ERR,ERR,ERR,ERR,ERR,ERR,ERR,ERR,ERR,ERR,ERR,ERR,ERR,ERR,ERR,ERR,ERR,ERR,ERR,ERR,ERR,ERR,ERR,ERR,ERR,ERR,ERR,ERR,ERR,ERR,ERR,ERR,ERR,ERR,0.0,0.0,0.0,0.0,0.0,1.3936040501711995e+18,7.805,0.0,0,0,4,0,7116,0.0,100,0.0,0.0,0.0,0.0,0.0,0,0,0,0,0.0,0,0,0,0,0,0,0,0,0,0,0,0,0,0,0,0,0,0,0,0,0,0,0,0,0,0,0,0,0,0,0,0,0,31,40,40,71,65476,0,300,0,0,8,21553,0.0,-107605600.0,0.0,0.0,0.0,0.0,0.0,0.0,0.0,0.0,0.0,0.0,0.0,0.0,0.0,0.0,0.0,0.0,0.0,0.0,0.0,0.0,-2.004,2.004,-0.0,-0.0,0.0,0.0,0.0,0.0,6298.0,-2.004,6936.0,0.0,0.0,2.7184303811560617e+23,0.0,0.0,0.0,0.0,0.0,69,-0.0,-152018136072192.0,0.0,0.0,0.0,0.0,0.0,0.0,0.0,0,0,0,0.0,0.0,0.0,0.0,0.0,0.0,0.0,0.0,0.0,0.0,0.0,0.0,0.0,0.0,0.0,0.0,0,-107875648.0,69,0.0,138,0.0,0.0,0,13107,17040,13107,17049,0,17043,0,0,0,70,68,100,2.7302359370752657e+23,71.1,0.0,74.2,2.7302370179391762e+23,74.0,1,49,50,180,0,52429,0,0,0.0,0.0,0.0,0.0,-0.0,67.0,0.0,162057.094,0.0,750,0,739,0,0,0,721,0,766,0,735,0,742,0,741,0,712,0,7520,0.032,79993765888.0,0.0,0.0,784,16797,-0.0,162057.094,-114818.039,-0.0,0.133,6.909358625270745e+28,30.0,65.0,35,0.0,0.0,0.0,0.0,0.0,0.0,0.0,0.0,0.0,0.0,0.0,0.0,0.0,0.0,0.0,0.0,69.2,0,150,71,54,65476,0,300,0,1,8,20529,65476,0,0,40632,65.0,0.0,0.0,0.0,0.0,0.0
2026-09-04T20:47:43,ERR,ERR,ERR,ERR,ERR,ERR,ERR,ERR,ERR,ERR,ERR,ERR,ERR,ERR,ERR,ERR,ERR,ERR,ERR,ERR,ERR,ERR,ERR,ERR,ERR,ERR,ERR,ERR,ERR,ERR,ERR,ERR,ERR,ERR,ERR,ERR,ERR,ERR,ERR,ERR,ERR,ERR,ERR,ERR,ERR,ERR,ERR,ERR,ERR,ERR,ERR,ERR,ERR,ERR,ERR,ERR,ERR,ERR,ERR,ERR,ERR,ERR,ERR,ERR,ERR,ERR,ERR,ERR,ERR,ERR,ERR,ERR,ERR,ERR,ERR,ERR,ERR,ERR,ERR,ERR,ERR,ERR,ERR,ERR,ERR,ERR,ERR,ERR,ERR,ERR,ERR,ERR,ERR,ERR,ERR,ERR,ERR,ERR,ERR,ERR,ERR,ERR,ERR,ERR,ERR,ERR,ERR,ERR,ERR,ERR,ERR,ERR,ERR,ERR,ERR,ERR,ERR,ERR,ERR,ERR,ERR,ERR,ERR,ERR,ERR,0.0,0.0,0.0,0.0,0.0,1.3936040501711995e+18,7.805,0.0,0,0,4,0,7116,0.0,100,0.0,0.0,0.0,0.0,0.0,0,0,0,0,0.0,0,0,0,0,0,0,0,0,0,0,0,0,0,0,0,0,0,0,0,0,0,0,0,0,0,0,0,0,0,0,0,0,0,31,40,40,71,65476,0,300,0,0,8,21553,0.0,-107605600.0,0.0,0.0,0.0,0.0,0.0,0.0,0.0,0.0,0.0,0.0,0.0,0.0,0.0,0.0,0.0,0.0,0.0,0.0,0.0,0.0,-2.004,2.004,-0.0,-0.0,0.0,0.0,0.0,0.0,6298.0,-2.004,6936.0,0.0,0.0,2.7184303811560617e+23,0.0,0.0,0.0,0.0,0.0,69,-0.0,-152018136072192.0,0.0,0.0,0.0,0.0,0.0,0.0,0.0,0,0,0,0.0,0.0,0.0,0.0,0.0,0.0,0.0,0.0,0.0,0.0,0.0,0.0,0.0,0.0,0.0,0.0,0,-107875648.0,69,0.0,138,0.0,0.0,0,13107,17040,13107,17049,0,17043,0,0,0,70,68,100,2.7302359370752657e+23,71.1,0.0,74.2,2.7302370179391762e+23,74.0,1,49,50,180,0,52429,0,0,0.0,0.0,0.0,0.0,-0.0,67.0,0.0,162057.094,0.0,750,0,739,0,0,0,721,0,766,0,736,0,742,0,741,0,712,0,7520,0.032,79456894976.0,0.0,0.0,784,16797,-0.0,162057.094,-114818.039,-0.0,0.133,6.909358625270745e+28,30.0,65.0,35,0.0,0.0,0.0,0.0,0.0,0.0,0.0,0.0,0.0,0.0,0.0,0.0,0.0,0.0,0.0,0.0,69.2,0,150,71,54,65476,0,300,0,1,8,20529,65476,0,0,40632,65.0,0.0,0.0,0.0,0.0,0.0
2026-09-04T20:47:44,ERR,ERR,ERR,ERR,ERR,ERR,ERR,ERR,ERR,ERR,ERR,ERR,ERR,ERR,ERR,ERR,ERR,ERR,ERR,ERR,ERR,ERR,ERR,ERR,ERR,ERR,ERR,ERR,ERR,ERR,ERR,ERR,ERR,ERR,ERR,ERR,ERR,ERR,ERR,ERR,ERR,ERR,ERR,ERR,ERR,ERR,ERR,ERR,ERR,ERR,ERR,ERR,ERR,ERR,ERR,ERR,ERR,ERR,ERR,ERR,ERR,ERR,ERR,ERR,ERR,ERR,ERR,ERR,ERR,ERR,ERR,ERR,ERR,ERR,ERR,ERR,ERR,ERR,ERR,ERR,ERR,ERR,ERR,ERR,ERR,ERR,ERR,ERR,ERR,ERR,ERR,ERR,ERR,ERR,ERR,ERR,ERR,ERR,ERR,ERR,ERR,ERR,ERR,ERR,ERR,ERR,ERR,ERR,ERR,ERR,ERR,ERR,ERR,ERR,ERR,ERR,ERR,ERR,ERR,ERR,ERR,ERR,ERR,ERR,ERR,0.0,0.0,0.0,0.0,0.0,1.3936040501711995e+18,7.805,0.0,0,0,4,0,7116,0.0,100,0.0,0.0,0.0,0.0,0.0,0,0,0,0,0.0,0,0,0,0,0,0,0,0,0,0,0,0,0,0,0,0,0,0,0,0,0,0,0,0,0,0,0,0,0,0,0,0,0,31,40,40,71,65476,0,300,0,0,8,21553,0.0,-107605600.0,0.0,0.0,0.0,0.0,0.0,0.0,0.0,0.0,0.0,0.0,0.0,0.0,0.0,0.0,0.0,0.0,0.0,0.0,0.0,0.0,-2.004,2.004,-0.0,-0.0,0.0,0.0,0.0,0.0,6298.0,-2.004,6936.0,0.0,0.0,2.7184303811560617e+23,0.0,0.0,0.0,0.0,0.0,69,-0.0,-152018136072192.0,0.0,0.0,0.0,0.0,0.0,0.0,0.0,0,0,0,0.0,0.0,0.0,0.0,0.0,0.0,0.0,0.0,0.0,0.0,0.0,0.0,0.0,0.0,0.0,0.0,0,-107875648.0,69,0.0,138,0.0,0.0,0,13107,17040,13107,17049,0,17043,0,0,0,70,68,100,2.7302359370752657e+23,71.1,0.0,74.2,2.7302370179391762e+23,74.0,1,49,50,180,0,52429,0,0,0.0,0.0,0.0,0.0,-0.0,67.0,0.0,162057.094,0.0,750,0,739,0,0,0,721,0,766,0,736,0,742,0,741,0,712,0,7520,0.032,79456894976.0,0.0,0.0,784,16797,-0.0,162057.094,-114818.039,-0.0,0.133,6.909358625270745e+28,30.0,65.0,35,0.0,0.0,0.0,0.0,0.0,0.0,0.0,0.0,0.0,0.0,0.0,0.0,0.0,0.0,0.0,0.0,69.6,0,150,71,54,65476,0,300,0,1,8,20529,65476,0,0,40632,65.0,0.0,0.0,0.0,0.0,0.0
2026-09-04T20:47:45,ERR,ERR,ERR,ERR,ERR,ERR,ERR,ERR,ERR,ERR,ERR,ERR,ERR,ERR,ERR,ERR,ERR,ERR,ERR,ERR,ERR,ERR,ERR,ERR,ERR,ERR,ERR,ERR,ERR,ERR,ERR,ERR,ERR,ERR,ERR,ERR,ERR,ERR,ERR,ERR,ERR,ERR,ERR,ERR,ERR,ERR,ERR,ERR,ERR,ERR,ERR,ERR,ERR,ERR,ERR,ERR,ERR,ERR,ERR,ERR,ERR,ERR,ERR,ERR,ERR,ERR,ERR,ERR,ERR,ERR,ERR,ERR,ERR,ERR,ERR,ERR,ERR,ERR,ERR,ERR,ERR,ERR,ERR,ERR,ERR,ERR,ERR,ERR,ERR,ERR,ERR,ERR,ERR,ERR,ERR,ERR,ERR,ERR,ERR,ERR,ERR,ERR,ERR,ERR,ERR,ERR,ERR,ERR,ERR,ERR,ERR,ERR,ERR,ERR,ERR,ERR,ERR,ERR,ERR,ERR,ERR,ERR,ERR,ERR,ERR,0.0,0.0,0.0,0.0,0.0,1.3936040501711995e+18,7.805,0.0,0,0,4,0,7116,0.0,100,0.0,0.0,0.0,0.0,0.0,0,0,0,0,0.0,0,0,0,0,0,0,0,0,0,0,0,0,0,0,0,0,0,0,0,0,0,0,0,0,0,0,0,0,0,0,0,0,0,31,40,40,71,65476,0,300,0,0,8,21553,0.0,-107605600.0,0.0,0.0,0.0,0.0,0.0,0.0,0.0,0.0,0.0,0.0,0.0,0.0,0.0,0.0,0.0,0.0,0.0,0.0,0.0,0.0,-2.004,2.004,-0.0,-0.0,0.0,0.0,0.0,0.0,6298.0,-2.004,6936.0,0.0,0.0,2.7184303811560617e+23,0.0,0.0,0.0,0.0,0.0,69,-0.0,-152018136072192.0,0.0,0.0,0.0,0.0,0.0,0.0,0.0,0,0,0,0.0,0.0,0.0,0.0,0.0,0.0,0.0,0.0,0.0,0.0,0.0,0.0,0.0,0.0,0.0,0.0,0,-107875648.0,69,0.0,138,0.0,0.0,0,13107,17040,13107,17049,0,17043,0,0,0,70,68,100,2.7302359370752657e+23,71.1,0.0,74.2,2.7302370179391762e+23,74.0,1,49,50,180,0,52429,0,0,0.0,0.0,0.0,0.0,-0.0,67.0,0.0,162057.094,0.0,750,0,739,0,0,0,721,0,766,0,736,0,742,0,741,0,712,0,7520,0.032,79456894976.0,0.0,0.0,784,16797,-0.0,162057.094,-114818.039,-0.0,0.133,6.909358625270745e+28,30.0,65.0,35,0.0,0.0,0.0,0.0,0.0,0.0,0.0,0.0,0.0,0.0,0.0,0.0,0.0,0.0,0.0,0.0,69.6,0,150,71,54,65476,0,300,0,1,8,20529,65476,0,0,40632,65.0,0.0,0.0,0.0,0.0,0.0
2026-09-04T20:47:46,ERR,ERR,ERR,ERR,ERR,ERR,ERR,ERR,ERR,ERR,ERR,ERR,ERR,ERR,ERR,ERR,ERR,ERR,ERR,ERR,ERR,ERR,ERR,ERR,ERR,ERR,ERR,ERR,ERR,ERR,ERR,ERR,ERR,ERR,ERR,ERR,ERR,ERR,ERR,ERR,ERR,ERR,ERR,ERR,ERR,ERR,ERR,ERR,ERR,ERR,ERR,ERR,ERR,ERR,ERR,ERR,ERR,ERR,ERR,ERR,ERR,ERR,ERR,ERR,ERR,ERR,ERR,ERR,ERR,ERR,ERR,ERR,ERR,ERR,ERR,ERR,ERR,ERR,ERR,ERR,ERR,ERR,ERR,ERR,ERR,ERR,ERR,ERR,ERR,ERR,ERR,ERR,ERR,ERR,ERR,ERR,ERR,ERR,ERR,ERR,ERR,ERR,ERR,ERR,ERR,ERR,ERR,ERR,ERR,ERR,ERR,ERR,ERR,ERR,ERR,ERR,ERR,ERR,ERR,ERR,ERR,ERR,ERR,ERR,ERR,0.0,0.0,0.0,0.0,0.0,1.3936040501711995e+18,7.805,0.0,0,0,4,0,7116,0.0,100,0.0,0.0,0.0,0.0,0.0,0,0,0,0,0.0,0,0,0,0,0,0,0,0,0,0,0,0,0,0,0,0,0,0,0,0,0,0,0,0,0,0,0,0,0,0,0,0,0,31,40,40,71,65476,0,300,0,0,8,21553,0.0,-107605600.0,0.0,0.0,0.0,0.0,0.0,0.0,0.0,0.0,0.0,0.0,0.0,0.0,0.0,0.0,0.0,0.0,0.0,0.0,0.0,0.0,-2.004,2.004,-0.0,-0.0,0.0,0.0,0.0,0.0,6298.0,-2.004,6936.0,0.0,0.0,2.7184303811560617e+23,0.0,0.0,0.0,0.0,0.0,69,-0.0,-152018136072192.0,0.0,0.0,0.0,0.0,0.0,0.0,0.0,0,0,0,0.0,0.0,0.0,0.0,0.0,0.0,0.0,0.0,0.0,0.0,0.0,0.0,0.0,0.0,0.0,0.0,0,-107875648.0,69,0.0,138,0.0,0.0,0,13107,17040,13107,17049,0,17043,0,0,0,70,68,100,2.7302359370752657e+23,71.1,0.0,74.2,2.7302370179391762e+23,74.0,1,49,50,180,0,52429,0,0,0.0,0.0,0.0,0.0,-0.0,67.0,0.0,162057.094,0.0,750,0,739,0,0,0,721,0,766,0,736,0,742,0,741,0,712,0,7520,0.032,79456894976.0,0.0,0.0,784,16797,-0.0,162057.094,-114818.039,-0.0,0.133,6.909358625270745e+28,30.0,65.0,35,0.0,0.0,0.0,0.0,0.0,0.0,0.0,0.0,0.0,0.0,0.0,0.0,0.0,0.0,0.0,0.0,69.2,0,150,71,54,65476,0,300,0,1,8,20529,65476,0,0,40632,65.0,0.0,0.0,0.0,0.0,0.0
2026-09-04T20:47:47,ERR,ERR,ERR,ERR,ERR,ERR,ERR,ERR,ERR,ERR,ERR,ERR,ERR,ERR,ERR,ERR,ERR,ERR,ERR,ERR,ERR,ERR,ERR,ERR,ERR,ERR,ERR,ERR,ERR,ERR,ERR,ERR,ERR,ERR,ERR,ERR,ERR,ERR,ERR,ERR,ERR,ERR,ERR,ERR,ERR,ERR,ERR,ERR,ERR,ERR,ERR,ERR,ERR,ERR,ERR,ERR,ERR,ERR,ERR,ERR,ERR,ERR,ERR,ERR,ERR,ERR,ERR,ERR,ERR,ERR,ERR,ERR,ERR,ERR,ERR,ERR,ERR,ERR,ERR,ERR,ERR,ERR,ERR,ERR,ERR,ERR,ERR,ERR,ERR,ERR,ERR,ERR,ERR,ERR,ERR,ERR,ERR,ERR,ERR,ERR,ERR,ERR,ERR,ERR,ERR,ERR,ERR,ERR,ERR,ERR,ERR,ERR,ERR,ERR,ERR,ERR,ERR,ERR,ERR,ERR,ERR,ERR,ERR,ERR,ERR,0.0,0.0,0.0,0.0,0.0,1.3936040501711995e+18,7.805,0.0,0,0,4,0,7116,0.0,100,0.0,0.0,0.0,0.0,0.0,0,0,0,0,0.0,0,0,0,0,0,0,0,0,0,0,0,0,0,0,0,0,0,0,0,0,0,0,0,0,0,0,0,0,0,0,0,0,0,31,40,40,71,65476,0,300,0,0,8,21553,0.0,-107605600.0,0.0,0.0,0.0,0.0,0.0,0.0,0.0,0.0,0.0,0.0,0.0,0.0,0.0,0.0,0.0,0.0,0.0,0.0,0.0,0.0,-2.004,2.004,2.004,-0.0,0.0,0.0,0.0,0.0,6276.0,-564148517732352.0,6941.0,0.0,0.0,2.7184303811560617e+23,0.0,0.0,0.0,0.0,0.0,69,-1.9056991512664474e+17,0.0,0.0,0.0,0.0,0.0,0.0,0.0,0.0,0,0,0,0.0,0.0,0.0,0.0,0.0,0.0,0.0,0.0,0.0,0.0,0.0,0.0,0.0,0.0,0.0,0.0,0,-107875648.0,69,0.0,138,0.0,-0.0,0,13107,17040,13107,17049,0,17043,0,0,0,70,68,100,2.7302359370752657e+23,71.1,0.0,74.2,2.7302370179391762e+23,74.0,1,49,50,180,0,52429,0,0,0.0,0.0,0.0,0.0,-0.0,67.0,0.0,162057.094,0.0,750,0,739,0,0,0,721,0,766,0,736,0,742,0,741,0,712,0,7520,0.032,79456894976.0,0.0,0.0,784,16797,-0.0,162057.094,-114818.039,-0.0,0.133,6.909358625270745e+28,30.0,65.0,35,0.0,0.0,0.0,0.0,0.0,0.0,0.0,0.0,0.0,0.0,0.0,0.0,0.0,0.0,0.0,0.0,69.2,0,150,71,54,65476,0,300,0,1,8,20529,65476,0,0,40632,65.0,0.0,0.0,0.0,0.0,0.0
2026-09-04T20:47:48,ERR,ERR,ERR,ERR,ERR,ERR,ERR,ERR,ERR,ERR,ERR,ERR,ERR,ERR,ERR,ERR,ERR,ERR,ERR,ERR,ERR,ERR,ERR,ERR,ERR,ERR,ERR,ERR,ERR,ERR,ERR,ERR,ERR,ERR,ERR,ERR,ERR,ERR,ERR,ERR,ERR,ERR,ERR,ERR,ERR,ERR,ERR,ERR,ERR,ERR,ERR,ERR,ERR,ERR,ERR,ERR,ERR,ERR,ERR,ERR,ERR,ERR,ERR,ERR,ERR,ERR,ERR,ERR,ERR,ERR,ERR,ERR,ERR,ERR,ERR,ERR,ERR,ERR,ERR,ERR,ERR,ERR,ERR,ERR,ERR,ERR,ERR,ERR,ERR,ERR,ERR,ERR,ERR,ERR,ERR,ERR,ERR,ERR,ERR,ERR,ERR,ERR,ERR,ERR,ERR,ERR,ERR,ERR,ERR,ERR,ERR,ERR,ERR,ERR,ERR,ERR,ERR,ERR,ERR,ERR,ERR,ERR,ERR,ERR,ERR,0.0,0.0,0.0,0.0,0.0,1.3936040501711995e+18,7.805,0.0,0,0,4,0,7116,0.0,100,0.0,0.0,0.0,0.0,0.0,0,0,0,0,0.0,0,0,0,0,0,0,0,0,0,0,0,0,0,0,0,0,0,0,0,0,0,0,0,0,0,0,0,0,0,0,0,0,0,31,40,40,71,65476,0,300,0,0,8,21553,0.0,-107605600.0,0.0,0.0,0.0,0.0,0.0,0.0,0.0,0.0,0.0,0.0,0.0,0.0,0.0,0.0,0.0,0.0,0.0,0.0,0.0,0.0,-2.004,2.004,2.004,-0.0,0.0,0.0,0.0,0.0,6276.0,-564148517732352.0,6941.0,0.0,0.0,2.7184303811560617e+23,0.0,0.0,0.0,0.0,0.0,69,-1.9056991512664474e+17,0.0,0.0,0.0,0.0,0.0,0.0,0.0,0.0,0,0,0,0.0,0.0,0.0,0.0,0.0,0.0,0.0,0.0,0.0,0.0,0.0,0.0,0.0,0.0,0.0,0.0,0,-107875648.0,69,0.0,138,0.0,-0.0,0,13107,17040,13107,17049,0,17043,0,0,0,70,68,100,2.7302359370752657e+23,71.1,0.0,74.2,2.7302370179391762e+23,74.0,1,49,50,180,0,52429,0,0,0.0,0.0,0.0,0.0,-0.0,67.0,0.0,162057.094,0.0,750,0,739,0,0,0,721,0,766,0,736,0,742,0,741,0,712,0,7520,0.032,79456894976.0,0.0,0.0,784,16797,-0.0,162057.094,-114818.039,-0.0,0.133,6.909358625270745e+28,30.0,65.0,35,0.0,0.0,0.0,0.0,0.0,0.0,0.0,0.0,0.0,0.0,0.0,0.0,0.0,0.0,0.0,0.0,69.2,0,150,71,54,65476,0,300,0,1,8,20529,65476,0,0,40632,65.0,0.0,0.0,0.0,0.0,0.0
2026-09-04T20:47:49,ERR,ERR,ERR,ERR,ERR,ERR,ERR,ERR,ERR,ERR,ERR,ERR,ERR,ERR,ERR,ERR,ERR,ERR,ERR,ERR,ERR,ERR,ERR,ERR,ERR,ERR,ERR,ERR,ERR,ERR,ERR,ERR,ERR,ERR,ERR,ERR,ERR,ERR,ERR,ERR,ERR,ERR,ERR,ERR,ERR,ERR,ERR,ERR,ERR,ERR,ERR,ERR,ERR,ERR,ERR,ERR,ERR,ERR,ERR,ERR,ERR,ERR,ERR,ERR,ERR,ERR,ERR,ERR,ERR,ERR,ERR,ERR,ERR,ERR,ERR,ERR,ERR,ERR,ERR,ERR,ERR,ERR,ERR,ERR,ERR,ERR,ERR,ERR,ERR,ERR,ERR,ERR,ERR,ERR,ERR,ERR,ERR,ERR,ERR,ERR,ERR,ERR,ERR,ERR,ERR,ERR,ERR,ERR,ERR,ERR,ERR,ERR,ERR,ERR,ERR,ERR,ERR,ERR,ERR,ERR,ERR,ERR,ERR,ERR,ERR,0.0,0.0,0.0,0.0,0.0,1.3936040501711995e+18,7.805,0.0,0,0,4,0,7116,0.0,100,0.0,0.0,0.0,0.0,0.0,0,0,0,0,0.0,0,0,0,0,0,0,0,0,0,0,0,0,0,0,0,0,0,0,0,0,0,0,0,0,0,0,0,0,0,0,0,0,0,31,40,40,71,65476,0,300,0,0,8,21553,0.0,-107605600.0,0.0,0.0,0.0,0.0,0.0,0.0,0.0,0.0,0.0,0.0,0.0,0.0,0.0,0.0,0.0,0.0,0.0,0.0,0.0,0.0,-2.004,2.004,2.004,-0.0,0.0,0.0,0.0,0.0,6276.0,-564148517732352.0,6941.0,0.0,0.0,2.7184303811560617e+23,0.0,0.0,0.0,0.0,0.0,69,-1.9056991512664474e+17,0.0,0.0,0.0,0.0,0.0,0.0,0.0,0.0,0,0,0,0.0,0.0,0.0,0.0,0.0,0.0,0.0,0.0,0.0,0.0,0.0,0.0,0.0,0.0,0.0,0.0,0,-107875648.0,69,0.0,138,0.0,-0.0,0,13107,17040,13107,17049,0,17043,0,0,0,70,68,100,2.7302359370752657e+23,71.1,0.0,74.2,2.7302370179391762e+23,74.0,1,49,50,180,0,52429,0,0,0.0,0.0,0.0,0.0,-0.0,67.0,0.0,162057.094,0.0,750,0,739,0,0,0,721,0,766,0,736,0,742,0,741,0,712,0,7520,0.032,79456894976.0,0.0,0.0,784,16797,-0.0,162057.094,-114818.039,-0.0,0.133,6.909358625270745e+28,30.0,65.0,35,0.0,0.0,0.0,0.0,0.0,0.0,0.0,0.0,0.0,0.0,0.0,0.0,0.0,0.0,0.0,0.0,69.2,0,150,71,54,65476,0,300,0,1,8,20529,65476,0,0,40632,65.0,0.0,0.0,0.0,0.0,0.0
2026-09-04T20:47:50,ERR,ERR,ERR,ERR,ERR,ERR,ERR,ERR,ERR,ERR,ERR,ERR,ERR,ERR,ERR,ERR,ERR,ERR,ERR,ERR,ERR,ERR,ERR,ERR,ERR,ERR,ERR,ERR,ERR,ERR,ERR,ERR,ERR,ERR,ERR,ERR,ERR,ERR,ERR,ERR,ERR,ERR,ERR,ERR,ERR,ERR,ERR,ERR,ERR,ERR,ERR,ERR,ERR,ERR,ERR,ERR,ERR,ERR,ERR,ERR,ERR,ERR,ERR,ERR,ERR,ERR,ERR,ERR,ERR,ERR,ERR,ERR,ERR,ERR,ERR,ERR,ERR,ERR,ERR,ERR,ERR,ERR,ERR,ERR,ERR,ERR,ERR,ERR,ERR,ERR,ERR,ERR,ERR,ERR,ERR,ERR,ERR,ERR,ERR,ERR,ERR,ERR,ERR,ERR,ERR,ERR,ERR,ERR,ERR,ERR,ERR,ERR,ERR,ERR,ERR,ERR,ERR,ERR,ERR,ERR,ERR,ERR,ERR,ERR,ERR,0.0,0.0,0.0,0.0,0.0,1.3936040501711995e+18,7.805,0.0,0,0,4,0,7116,0.0,100,0.0,0.0,0.0,0.0,0.0,0,0,0,0,0.0,0,0,0,0,0,0,0,0,0,0,0,0,0,0,0,0,0,0,0,0,0,0,0,0,0,0,0,0,0,0,0,0,0,31,40,40,71,65476,0,300,0,0,8,21553,0.0,-107605600.0,0.0,0.0,0.0,0.0,0.0,0.0,0.0,0.0,0.0,0.0,0.0,0.0,0.0,0.0,0.0,0.0,0.0,0.0,0.0,0.0,-2.004,2.004,2.004,-0.0,0.0,0.0,0.0,0.0,6276.0,-564148517732352.0,6941.0,0.0,0.0,2.7184303811560617e+23,0.0,0.0,0.0,0.0,0.0,69,-1.9056991512664474e+17,0.0,0.0,0.0,0.0,0.0,0.0,0.0,0.0,0,0,0,0.0,0.0,0.0,0.0,0.0,0.0,0.0,0.0,0.0,0.0,0.0,0.0,0.0,0.0,0.0,0.0,0,-107875648.0,69,0.0,138,0.0,-0.0,0,13107,17040,13107,17049,0,17043,0,0,0,70,68,100,2.7302359370752657e+23,71.1,0.0,74.2,2.7302370179391762e+23,74.0,1,49,50,180,0,52429,0,0,0.0,0.0,0.0,0.0,-0.0,67.0,0.0,162057.094,0.0,750,0,739,0,0,0,721,0,766,0,736,0,742,0,741,0,712,0,7520,0.032,79456894976.0,0.0,0.0,784,16797,-0.0,162057.094,-114818.039,-0.0,0.133,6.909358625270745e+28,30.0,65.0,35,0.0,0.0,0.0,0.0,0.0,0.0,0.0,0.0,0.0,0.0,0.0,0.0,0.0,0.0,0.0,0.0,69.2,0,150,71,54,65476,0,300,0,1,8,20529,65476,0,0,40632,65.0,0.0,0.0,0.0,0.0,0.0
2026-09-04T20:47:51,ERR,ERR,ERR,ERR,ERR,ERR,ERR,ERR,ERR,ERR,ERR,ERR,ERR,ERR,ERR,ERR,ERR,ERR,ERR,ERR,ERR,ERR,ERR,ERR,ERR,ERR,ERR,ERR,ERR,ERR,ERR,ERR,ERR,ERR,ERR,ERR,ERR,ERR,ERR,ERR,ERR,ERR,ERR,ERR,ERR,ERR,ERR,ERR,ERR,ERR,ERR,ERR,ERR,ERR,ERR,ERR,ERR,ERR,ERR,ERR,ERR,ERR,ERR,ERR,ERR,ERR,ERR,ERR,ERR,ERR,ERR,ERR,ERR,ERR,ERR,ERR,ERR,ERR,ERR,ERR,ERR,ERR,ERR,ERR,ERR,ERR,ERR,ERR,ERR,ERR,ERR,ERR,ERR,ERR,ERR,ERR,ERR,ERR,ERR,ERR,ERR,ERR,ERR,ERR,ERR,ERR,ERR,ERR,ERR,ERR,ERR,ERR,ERR,ERR,ERR,ERR,ERR,ERR,ERR,ERR,ERR,ERR,ERR,ERR,ERR,0.0,0.0,0.0,0.0,0.0,1.3936040501711995e+18,7.805,0.0,0,0,4,0,7116,0.0,100,0.0,0.0,0.0,0.0,0.0,0,0,0,0,0.0,0,0,0,0,0,0,0,0,0,0,0,0,0,0,0,0,0,0,0,0,0,0,0,0,0,0,0,0,0,0,0,0,0,31,40,40,71,65476,0,300,0,0,8,21553,0.0,-107605600.0,0.0,0.0,0.0,0.0,0.0,0.0,0.0,0.0,0.0,0.0,0.0,0.0,0.0,0.0,0.0,0.0,0.0,0.0,0.0,0.0,-2.004,2.004,2.004,-0.0,0.0,0.0,0.0,0.0,6276.0,-564148517732352.0,6941.0,0.0,0.0,2.7184303811560617e+23,0.0,0.0,0.0,0.0,0.0,69,-1.9056991512664474e+17,0.0,0.0,0.0,0.0,0.0,0.0,0.0,0.0,0,0,0,0.0,0.0,0.0,0.0,0.0,0.0,0.0,0.0,0.0,0.0,0.0,0.0,0.0,0.0,0.0,0.0,0,-107875648.0,69,0.0,138,0.0,-0.0,0,13107,17040,13107,17049,0,17043,0,0,0,70,68,100,2.7302359370752657e+23,71.1,0.0,74.2,2.7302370179391762e+23,74.0,1,49,50,180,0,52429,0,0,0.0,0.0,0.0,0.0,-0.0,67.0,0.0,162057.094,0.0,750,0,739,0,0,0,721,0,766,0,736,0,742,0,741,0,712,0,7520,0.032,79456894976.0,0.0,0.0,784,16797,-0.0,162057.094,-114818.039,-0.0,0.133,6.909358625270745e+28,30.0,65.0,35,0.0,0.0,0.0,0.0,0.0,0.0,0.0,0.0,0.0,0.0,0.0,0.0,0.0,0.0,0.0,0.0,69.2,0,150,71,54,65476,0,300,0,1,8,20529,65476,0,0,40632,65.0,0.0,0.0,0.0,0.0,0.0
2026-09-04T20:47:52,ERR,ERR,ERR,ERR,ERR,ERR,ERR,ERR,ERR,ERR,ERR,ERR,ERR,ERR,ERR,ERR,ERR,ERR,ERR,ERR,ERR,ERR,ERR,ERR,ERR,ERR,ERR,ERR,ERR,ERR,ERR,ERR,ERR,ERR,ERR,ERR,ERR,ERR,ERR,ERR,ERR,ERR,ERR,ERR,ERR,ERR,ERR,ERR,ERR,ERR,ERR,ERR,ERR,ERR,ERR,ERR,ERR,ERR,ERR,ERR,ERR,ERR,ERR,ERR,ERR,ERR,ERR,ERR,ERR,ERR,ERR,ERR,ERR,ERR,ERR,ERR,ERR,ERR,ERR,ERR,ERR,ERR,ERR,ERR,ERR,ERR,ERR,ERR,ERR,ERR,ERR,ERR,ERR,ERR,ERR,ERR,ERR,ERR,ERR,ERR,ERR,ERR,ERR,ERR,ERR,ERR,ERR,ERR,ERR,ERR,ERR,ERR,ERR,ERR,ERR,ERR,ERR,ERR,ERR,ERR,ERR,ERR,ERR,ERR,ERR,0.0,0.0,0.0,0.0,0.0,1.3936040501711995e+18,7.805,0.0,0,0,4,0,7116,0.0,100,0.0,0.0,0.0,0.0,0.0,0,0,0,0,0.0,0,0,0,0,0,0,0,0,0,0,0,0,0,0,0,0,0,0,0,0,0,0,0,0,0,0,0,0,0,0,0,0,0,31,40,40,71,65476,0,300,0,0,8,21553,0.0,-107605600.0,0.0,0.0,0.0,0.0,0.0,0.0,0.0,0.0,0.0,0.0,0.0,0.0,0.0,0.0,0.0,0.0,0.0,0.0,0.0,0.0,-2.004,2.004,2.004,-0.0,0.0,0.0,0.0,0.0,6276.0,-564148517732352.0,6941.0,0.0,0.0,2.7184303811560617e+23,0.0,0.0,0.0,0.0,0.0,69,-1.9056991512664474e+17,0.0,0.0,0.0,0.0,0.0,0.0,0.0,0.0,0,0,0,0.0,0.0,0.0,0.0,0.0,0.0,0.0,0.0,0.0,0.0,0.0,0.0,0.0,0.0,0.0,0.0,0,-107875648.0,69,0.0,138,0.0,-0.0,0,13107,17040,13107,17049,0,17043,0,0,0,70,68,100,2.7302359370752657e+23,71.1,0.0,74.2,2.7302370179391762e+23,74.0,1,49,50,180,0,52429,0,0,0.0,0.0,0.0,0.0,-0.0,67.0,0.0,162057.094,0.0,750,0,739,0,0,0,721,0,766,0,736,0,742,0,741,0,712,0,7520,0.032,79456894976.0,0.0,0.0,784,16797,-0.0,162057.094,-114818.039,-0.0,0.133,6.909358625270745e+28,30.0,65.0,35,0.0,0.0,0.0,0.0,0.0,0.0,0.0,0.0,0.0,0.0,0.0,0.0,0.0,0.0,0.0,0.0,69.2,0,150,71,54,65476,0,300,0,1,8,20529,65476,0,0,40632,65.0,0.0,0.0,0.0,0.0,0.0
2026-09-04T20:47:53,ERR,ERR,ERR,ERR,ERR,ERR,ERR,ERR,ERR,ERR,ERR,ERR,ERR,ERR,ERR,ERR,ERR,ERR,ERR,ERR,ERR,ERR,ERR,ERR,ERR,ERR,ERR,ERR,ERR,ERR,ERR,ERR,ERR,ERR,ERR,ERR,ERR,ERR,ERR,ERR,ERR,ERR,ERR,ERR,ERR,ERR,ERR,ERR,ERR,ERR,ERR,ERR,ERR,ERR,ERR,ERR,ERR,ERR,ERR,ERR,ERR,ERR,ERR,ERR,ERR,ERR,ERR,ERR,ERR,ERR,ERR,ERR,ERR,ERR,ERR,ERR,ERR,ERR,ERR,ERR,ERR,ERR,ERR,ERR,ERR,ERR,ERR,ERR,ERR,ERR,ERR,ERR,ERR,ERR,ERR,ERR,ERR,ERR,ERR,ERR,ERR,ERR,ERR,ERR,ERR,ERR,ERR,ERR,ERR,ERR,ERR,ERR,ERR,ERR,ERR,ERR,ERR,ERR,ERR,ERR,ERR,ERR,ERR,ERR,ERR,0.0,0.0,0.0,0.0,0.0,1.3936040501711995e+18,7.805,0.0,0,0,4,0,7116,0.0,100,0.0,0.0,0.0,0.0,0.0,0,0,0,0,0.0,0,0,0,0,0,0,0,0,0,0,0,0,0,0,0,0,0,0,0,0,0,0,0,0,0,0,0,0,0,0,0,0,0,31,40,40,71,65476,0,300,0,0,8,21553,0.0,-107605600.0,0.0,0.0,0.0,0.0,0.0,0.0,0.0,0.0,0.0,0.0,0.0,0.0,0.0,0.0,0.0,0.0,0.0,0.0,0.0,0.0,-2.004,2.004,2.004,-0.0,0.0,0.0,0.0,0.0,6276.0,-564148517732352.0,6941.0,0.0,0.0,2.7184303811560617e+23,0.0,0.0,0.0,0.0,0.0,69,-1.9056991512664474e+17,0.0,0.0,0.0,0.0,0.0,0.0,0.0,0.0,0,0,0,0.0,0.0,0.0,0.0,0.0,0.0,0.0,0.0,0.0,0.0,0.0,0.0,0.0,0.0,0.0,0.0,0,-107875648.0,69,0.0,138,0.0,-0.0,0,13107,17040,13107,17049,13107,17043,0,0,0,70,68,100,2.7302359370752657e+23,71.1,0.0,74.2,2.7302370179391762e+23,74.0,1,49,50,180,0,52429,0,0,0.0,0.0,0.0,0.0,-0.0,67.0,0.0,162057.094,0.0,750,0,739,0,0,0,721,0,766,0,736,0,742,0,741,0,712,0,7520,0.032,79456894976.0,0.0,0.0,784,16797,-0.0,162057.094,-114818.039,-0.0,0.133,6.909358625270745e+28,30.0,65.0,35,0.0,0.0,0.0,0.0,0.0,0.0,0.0,0.0,0.0,0.0,0.0,0.0,0.0,0.0,0.0,0.0,69.2,0,150,71,54,65476,0,300,0,1,8,20529,65476,0,0,40632,65.0,0.0,0.0,0.0,0.0,0.0
2026-09-04T20:47:54,ERR,ERR,ERR,ERR,ERR,ERR,ERR,ERR,ERR,ERR,ERR,ERR,ERR,ERR,ERR,ERR,ERR,ERR,ERR,ERR,ERR,ERR,ERR,ERR,ERR,ERR,ERR,ERR,ERR,ERR,ERR,ERR,ERR,ERR,ERR,ERR,ERR,ERR,ERR,ERR,ERR,ERR,ERR,ERR,ERR,ERR,ERR,ERR,ERR,ERR,ERR,ERR,ERR,ERR,ERR,ERR,ERR,ERR,ERR,ERR,ERR,ERR,ERR,ERR,ERR,ERR,ERR,ERR,ERR,ERR,ERR,ERR,ERR,ERR,ERR,ERR,ERR,ERR,ERR,ERR,ERR,ERR,ERR,ERR,ERR,ERR,ERR,ERR,ERR,ERR,ERR,ERR,ERR,ERR,ERR,ERR,ERR,ERR,ERR,ERR,ERR,ERR,ERR,ERR,ERR,ERR,ERR,ERR,ERR,ERR,ERR,ERR,ERR,ERR,ERR,ERR,ERR,ERR,ERR,ERR,ERR,ERR,ERR,ERR,ERR,0.0,0.0,0.0,0.0,0.0,1.3936040501711995e+18,7.805,0.0,0,0,4,0,7116,0.0,100,0.0,0.0,0.0,0.0,0.0,0,0,0,0,0.0,0,0,0,0,0,0,0,0,0,0,0,0,0,0,0,0,0,0,0,0,0,0,0,0,0,0,0,0,0,0,0,0,0,31,40,40,71,65476,0,300,0,0,8,21553,0.0,-107605600.0,0.0,0.0,0.0,0.0,0.0,0.0,0.0,0.0,0.0,0.0,0.0,0.0,0.0,0.0,0.0,0.0,0.0,0.0,0.0,0.0,-2.004,2.004,-0.0,-0.0,0.0,0.0,0.0,0.0,6330.0,-131351.078,6937.0,0.0,0.0,2.7184303811560617e+23,0.0,0.0,0.0,0.0,0.0,69,-0.0,0.0,0.0,0.0,0.0,0.0,0.0,0.0,0.0,0,0,0,0.0,0.0,0.0,0.0,0.0,0.0,0.0,0.0,0.0,0.0,0.0,0.0,0.0,0.0,0.0,0.0,0,-107875648.0,69,0.0,138,0.0,-0.0,0,13107,17040,13107,17049,13107,17043,0,0,0,70,68,100,2.7302359370752657e+23,71.1,0.0,74.2,2.7302370179391762e+23,74.0,1,49,50,180,0,52429,0,0,0.0,0.0,0.0,0.0,-0.0,67.0,0.0,162057.094,0.0,750,0,739,0,0,0,721,0,766,0,736,0,742,0,741,0,712,0,7520,0.032,79456894976.0,0.0,0.0,784,16797,-0.0,162057.094,-114818.039,-0.0,0.133,6.909358625270745e+28,30.0,65.0,35,0.0,0.0,0.0,0.0,0.0,0.0,0.0,0.0,0.0,0.0,0.0,0.0,0.0,0.0,0.0,0.0,69.2,0,150,71,54,65476,0,300,0,1,8,20529,65476,0,0,40632,65.0,0.0,0.0,0.0,0.0,0.0
2026-09-04T20:47:55,ERR,ERR,ERR,ERR,ERR,ERR,ERR,ERR,ERR,ERR,ERR,ERR,ERR,ERR,ERR,ERR,ERR,ERR,ERR,ERR,ERR,ERR,ERR,ERR,ERR,ERR,ERR,ERR,ERR,ERR,ERR,ERR,ERR,ERR,ERR,ERR,ERR,ERR,ERR,ERR,ERR,ERR,ERR,ERR,ERR,ERR,ERR,ERR,ERR,ERR,ERR,ERR,ERR,ERR,ERR,ERR,ERR,ERR,ERR,ERR,ERR,ERR,ERR,ERR,ERR,ERR,ERR,ERR,ERR,ERR,ERR,ERR,ERR,ERR,ERR,ERR,ERR,ERR,ERR,ERR,ERR,ERR,ERR,ERR,ERR,ERR,ERR,ERR,ERR,ERR,ERR,ERR,ERR,ERR,ERR,ERR,ERR,ERR,ERR,ERR,ERR,ERR,ERR,ERR,ERR,ERR,ERR,ERR,ERR,ERR,ERR,ERR,ERR,ERR,ERR,ERR,ERR,ERR,ERR,ERR,ERR,ERR,ERR,ERR,ERR,0.0,0.0,0.0,0.0,0.0,1.3936040501711995e+18,7.805,0.0,0,0,4,0,7116,0.0,100,0.0,0.0,0.0,0.0,0.0,0,0,0,0,0.0,0,0,0,0,0,0,0,0,0,0,0,0,0,0,0,0,0,0,0,0,0,0,0,0,0,0,0,0,0,0,0,0,0,31,40,40,71,65476,0,300,0,0,8,21553,0.0,-107605600.0,0.0,0.0,0.0,0.0,0.0,0.0,0.0,0.0,0.0,0.0,0.0,0.0,0.0,0.0,0.0,0.0,0.0,0.0,0.0,0.0,-2.004,2.004,-0.0,-0.0,0.0,0.0,0.0,0.0,6330.0,-131351.078,6937.0,0.0,0.0,2.7184303811560617e+23,0.0,0.0,0.0,0.0,0.0,69,-0.0,0.0,0.0,0.0,0.0,0.0,0.0,0.0,0.0,0,0,0,0.0,0.0,0.0,0.0,0.0,0.0,0.0,0.0,0.0,0.0,0.0,0.0,0.0,0.0,0.0,0.0,0,-107875648.0,69,0.0,138,0.0,-0.0,0,13107,17040,13107,17049,13107,17043,0,0,0,70,68,100,2.7302359370752657e+23,71.1,0.0,74.2,2.7302370179391762e+23,74.0,1,49,50,180,0,52429,0,0,0.0,0.0,0.0,0.0,-0.0,67.0,0.0,162057.094,0.0,750,0,739,0,0,0,721,0,766,0,736,0,742,0,741,0,712,0,7520,0.032,79456894976.0,0.0,0.0,784,16797,-0.0,162057.094,-114818.039,-0.0,0.133,6.909358625270745e+28,30.0,65.0,35,0.0,0.0,0.0,0.0,0.0,0.0,0.0,0.0,0.0,0.0,0.0,0.0,0.0,0.0,0.0,0.0,69.2,0,150,71,54,65476,0,300,0,1,8,20529,65476,0,0,40632,65.0,0.0,0.0,0.0,0.0,0.0
2026-09-04T20:47:56,ERR,ERR,ERR,ERR,ERR,ERR,ERR,ERR,ERR,ERR,ERR,ERR,ERR,ERR,ERR,ERR,ERR,ERR,ERR,ERR,ERR,ERR,ERR,ERR,ERR,ERR,ERR,ERR,ERR,ERR,ERR,ERR,ERR,ERR,ERR,ERR,ERR,ERR,ERR,ERR,ERR,ERR,ERR,ERR,ERR,ERR,ERR,ERR,ERR,ERR,ERR,ERR,ERR,ERR,ERR,ERR,ERR,ERR,ERR,ERR,ERR,ERR,ERR,ERR,ERR,ERR,ERR,ERR,ERR,ERR,ERR,ERR,ERR,ERR,ERR,ERR,ERR,ERR,ERR,ERR,ERR,ERR,ERR,ERR,ERR,ERR,ERR,ERR,ERR,ERR,ERR,ERR,ERR,ERR,ERR,ERR,ERR,ERR,ERR,ERR,ERR,ERR,ERR,ERR,ERR,ERR,ERR,ERR,ERR,ERR,ERR,ERR,ERR,ERR,ERR,ERR,ERR,ERR,ERR,ERR,ERR,ERR,ERR,ERR,ERR,0.0,0.0,0.0,0.0,0.0,1.3936040501711995e+18,7.805,0.0,0,0,4,0,7116,0.0,100,0.0,0.0,0.0,0.0,0.0,0,0,0,0,0.0,0,0,0,0,0,0,0,0,0,0,0,0,0,0,0,0,0,0,0,0,0,0,0,0,0,0,0,0,0,0,0,0,0,31,40,40,71,65476,0,300,0,0,8,21553,0.0,-107605600.0,0.0,0.0,0.0,0.0,0.0,0.0,0.0,0.0,0.0,0.0,0.0,0.0,0.0,0.0,0.0,0.0,0.0,0.0,0.0,0.0,-2.004,2.004,-0.0,-0.0,0.0,0.0,0.0,0.0,6330.0,-131351.078,6937.0,0.0,0.0,2.7184303811560617e+23,0.0,0.0,0.0,0.0,0.0,69,-0.0,0.0,0.0,0.0,0.0,0.0,0.0,0.0,0.0,0,0,0,0.0,0.0,0.0,0.0,0.0,0.0,0.0,0.0,0.0,0.0,0.0,0.0,0.0,0.0,0.0,0.0,0,-107875648.0,69,0.0,138,0.0,-0.0,0,13107,17040,13107,17049,13107,17043,0,0,0,70,68,100,2.7302359370752657e+23,71.1,0.0,74.2,2.7302370179391762e+23,74.0,1,49,50,180,0,52429,0,0,0.0,0.0,0.0,0.0,-0.0,67.0,0.0,162057.094,0.0,750,0,739,0,0,0,721,0,766,0,736,0,742,0,741,0,712,0,7520,0.032,79456894976.0,0.0,0.0,784,16797,-0.0,162057.094,-114818.039,-0.0,0.133,6.909358625270745e+28,30.0,65.0,35,0.0,0.0,0.0,0.0,0.0,0.0,0.0,0.0,0.0,0.0,0.0,0.0,0.0,0.0,0.0,0.0,69.2,0,150,71,54,65476,0,300,0,1,8,20529,65476,0,0,40632,65.0,0.0,0.0,0.0,0.0,0.0
2026-09-04T20:47:57,ERR,ERR,ERR,ERR,ERR,ERR,ERR,ERR,ERR,ERR,ERR,ERR,ERR,ERR,ERR,ERR,ERR,ERR,ERR,ERR,ERR,ERR,ERR,ERR,ERR,ERR,ERR,ERR,ERR,ERR,ERR,ERR,ERR,ERR,ERR,ERR,ERR,ERR,ERR,ERR,ERR,ERR,ERR,ERR,ERR,ERR,ERR,ERR,ERR,ERR,ERR,ERR,ERR,ERR,ERR,ERR,ERR,ERR,ERR,ERR,ERR,ERR,ERR,ERR,ERR,ERR,ERR,ERR,ERR,ERR,ERR,ERR,ERR,ERR,ERR,ERR,ERR,ERR,ERR,ERR,ERR,ERR,ERR,ERR,ERR,ERR,ERR,ERR,ERR,ERR,ERR,ERR,ERR,ERR,ERR,ERR,ERR,ERR,ERR,ERR,ERR,ERR,ERR,ERR,ERR,ERR,ERR,ERR,ERR,ERR,ERR,ERR,ERR,ERR,ERR,ERR,ERR,ERR,ERR,ERR,ERR,ERR,ERR,ERR,ERR,0.0,0.0,0.0,0.0,0.0,1.3936040501711995e+18,7.805,0.0,0,0,4,0,7116,0.0,100,0.0,0.0,0.0,0.0,0.0,0,0,0,0,0.0,0,0,0,0,0,0,0,0,0,0,0,0,0,0,0,0,0,0,0,0,0,0,0,0,0,0,0,0,0,0,0,0,0,31,40,40,71,65476,0,300,0,0,8,21553,0.0,-107605600.0,0.0,0.0,0.0,0.0,0.0,0.0,0.0,0.0,0.0,0.0,0.0,0.0,0.0,0.0,0.0,0.0,0.0,0.0,0.0,0.0,-2.004,2.004,-0.0,-0.0,0.0,0.0,0.0,0.0,6330.0,-131351.078,6937.0,0.0,0.0,2.7184303811560617e+23,0.0,0.0,0.0,0.0,0.0,69,-0.0,0.0,0.0,0.0,0.0,0.0,0.0,0.0,0.0,0,0,0,0.0,0.0,0.0,0.0,0.0,0.0,0.0,0.0,0.0,0.0,0.0,0.0,0.0,0.0,0.0,0.0,0,-107875648.0,69,0.0,138,0.0,-0.0,0,13107,17040,13107,17049,13107,17043,0,0,0,70,68,100,2.7302359370752657e+23,71.1,0.0,74.2,2.7302370179391762e+23,74.0,1,49,50,180,0,52429,0,0,0.0,0.0,0.0,0.0,-0.0,67.0,0.0,162057.094,0.0,750,0,739,0,0,0,721,0,766,0,736,0,742,0,741,0,712,0,7520,0.032,79456894976.0,0.0,0.0,784,16797,-0.0,162057.094,-114818.039,-0.0,0.133,6.909358625270745e+28,30.0,65.0,35,0.0,0.0,0.0,0.0,0.0,0.0,0.0,0.0,0.0,0.0,0.0,0.0,0.0,0.0,0.0,0.0,69.2,0,150,71,54,65476,0,300,0,1,8,20529,65476,0,0,40632,65.0,0.0,0.0,0.0,0.0,0.0
2026-09-04T20:47:58,ERR,ERR,ERR,ERR,ERR,ERR,ERR,ERR,ERR,ERR,ERR,ERR,ERR,ERR,ERR,ERR,ERR,ERR,ERR,ERR,ERR,ERR,ERR,ERR,ERR,ERR,ERR,ERR,ERR,ERR,ERR,ERR,ERR,ERR,ERR,ERR,ERR,ERR,ERR,ERR,ERR,ERR,ERR,ERR,ERR,ERR,ERR,ERR,ERR,ERR,ERR,ERR,ERR,ERR,ERR,ERR,ERR,ERR,ERR,ERR,ERR,ERR,ERR,ERR,ERR,ERR,ERR,ERR,ERR,ERR,ERR,ERR,ERR,ERR,ERR,ERR,ERR,ERR,ERR,ERR,ERR,ERR,ERR,ERR,ERR,ERR,ERR,ERR,ERR,ERR,ERR,ERR,ERR,ERR,ERR,ERR,ERR,ERR,ERR,ERR,ERR,ERR,ERR,ERR,ERR,ERR,ERR,ERR,ERR,ERR,ERR,ERR,ERR,ERR,ERR,ERR,ERR,ERR,ERR,ERR,ERR,ERR,ERR,ERR,ERR,0.0,0.0,0.0,0.0,0.0,1.3936040501711995e+18,7.805,0.0,0,0,4,0,7116,0.0,100,0.0,0.0,0.0,0.0,0.0,0,0,0,0,0.0,0,0,0,0,0,0,0,0,0,0,0,0,0,0,0,0,0,0,0,0,0,0,0,0,0,0,0,0,0,0,0,0,0,31,40,40,71,65476,0,300,0,0,8,21553,0.0,-107605600.0,0.0,0.0,0.0,0.0,0.0,0.0,0.0,0.0,0.0,0.0,0.0,0.0,0.0,0.0,0.0,0.0,0.0,0.0,0.0,0.0,-2.004,2.004,-0.0,-0.0,0.0,0.0,0.0,0.0,6330.0,-131351.078,6937.0,0.0,0.0,2.7184303811560617e+23,0.0,0.0,0.0,0.0,0.0,69,-0.0,0.0,0.0,0.0,0.0,0.0,0.0,0.0,0.0,0,0,0,0.0,0.0,0.0,0.0,0.0,0.0,0.0,0.0,0.0,0.0,0.0,0.0,0.0,0.0,0.0,0.0,0,-107875648.0,69,0.0,138,0.0,-0.0,0,13107,17040,13107,17049,13107,17043,0,0,0,70,68,100,2.7302359370752657e+23,71.1,0.0,74.2,2.7302370179391762e+23,74.0,1,49,50,180,0,52429,0,0,0.0,0.0,0.0,0.0,-0.0,67.0,0.0,162057.094,0.0,750,0,739,0,0,0,721,0,766,0,736,0,742,0,741,0,712,0,7520,0.032,79456894976.0,0.0,0.0,784,16797,-0.0,162057.094,-114818.039,-0.0,0.133,6.909358625270745e+28,30.0,65.0,35,0.0,0.0,0.0,0.0,0.0,0.0,0.0,0.0,0.0,0.0,0.0,0.0,0.0,0.0,0.0,0.0,69.2,0,150,71,54,65476,0,300,0,1,8,20529,65476,0,0,40632,65.0,0.0,0.0,0.0,0.0,0.0
2026-09-04T20:47:59,ERR,ERR,ERR,ERR,ERR,ERR,ERR,ERR,ERR,ERR,ERR,ERR,ERR,ERR,ERR,ERR,ERR,ERR,ERR,ERR,ERR,ERR,ERR,ERR,ERR,ERR,ERR,ERR,ERR,ERR,ERR,ERR,ERR,ERR,ERR,ERR,ERR,ERR,ERR,ERR,ERR,ERR,ERR,ERR,ERR,ERR,ERR,ERR,ERR,ERR,ERR,ERR,ERR,ERR,ERR,ERR,ERR,ERR,ERR,ERR,ERR,ERR,ERR,ERR,ERR,ERR,ERR,ERR,ERR,ERR,ERR,ERR,ERR,ERR,ERR,ERR,ERR,ERR,ERR,ERR,ERR,ERR,ERR,ERR,ERR,ERR,ERR,ERR,ERR,ERR,ERR,ERR,ERR,ERR,ERR,ERR,ERR,ERR,ERR,ERR,ERR,ERR,ERR,ERR,ERR,ERR,ERR,ERR,ERR,ERR,ERR,ERR,ERR,ERR,ERR,ERR,ERR,ERR,ERR,ERR,ERR,ERR,ERR,ERR,ERR,0.0,0.0,0.0,0.0,0.0,1.3936040501711995e+18,7.805,0.0,0,0,4,0,7116,0.0,100,0.0,0.0,0.0,0.0,0.0,0,0,0,0,0.0,0,0,0,0,0,0,0,0,0,0,0,0,0,0,0,0,0,0,0,0,0,0,0,0,0,0,0,0,0,0,0,0,0,31,40,40,71,65476,0,300,0,0,8,21553,0.0,-107605600.0,0.0,0.0,0.0,0.0,0.0,0.0,0.0,0.0,0.0,0.0,0.0,0.0,0.0,0.0,0.0,0.0,0.0,0.0,0.0,0.0,-2.004,2.004,-0.0,-0.0,0.0,0.0,0.0,0.0,6330.0,-131351.078,6937.0,0.0,0.0,2.7184303811560617e+23,0.0,0.0,0.0,0.0,0.0,69,-0.0,0.0,0.0,0.0,0.0,0.0,0.0,0.0,0.0,0,0,0,0.0,0.0,0.0,0.0,0.0,0.0,0.0,0.0,0.0,0.0,0.0,0.0,0.0,0.0,0.0,0.0,0,-107875648.0,69,0.0,138,0.0,-0.0,0,13107,17040,13107,17049,0,17043,0,0,0,70,68,100,2.7302359370752657e+23,71.1,0.0,74.2,2.7302370179391762e+23,74.0,1,49,50,180,0,52429,0,0,0.0,0.0,0.0,0.0,-0.0,67.0,0.0,162057.094,0.0,750,0,739,0,0,0,721,0,766,0,736,0,742,0,741,0,712,0,7520,0.032,79456894976.0,0.0,0.0,784,16797,-0.0,162057.094,-114818.039,-0.0,0.133,6.909358625270745e+28,30.0,65.0,35,0.0,0.0,0.0,0.0,0.0,0.0,0.0,0.0,0.0,0.0,0.0,0.0,0.0,0.0,0.0,0.0,69.2,0,150,71,54,65476,0,300,0,1,8,20529,65476,0,0,40632,65.0,0.0,0.0,0.0,0.0,0.0
2026-09-04T20:48:00,ERR,ERR,ERR,ERR,ERR,ERR,ERR,ERR,ERR,ERR,ERR,ERR,ERR,ERR,ERR,ERR,ERR,ERR,ERR,ERR,ERR,ERR,ERR,ERR,ERR,ERR,ERR,ERR,ERR,ERR,ERR,ERR,ERR,ERR,ERR,ERR,ERR,ERR,ERR,ERR,ERR,ERR,ERR,ERR,ERR,ERR,ERR,ERR,ERR,ERR,ERR,ERR,ERR,ERR,ERR,ERR,ERR,ERR,ERR,ERR,ERR,ERR,ERR,ERR,ERR,ERR,ERR,ERR,ERR,ERR,ERR,ERR,ERR,ERR,ERR,ERR,ERR,ERR,ERR,ERR,ERR,ERR,ERR,ERR,ERR,ERR,ERR,ERR,ERR,ERR,ERR,ERR,ERR,ERR,ERR,ERR,ERR,ERR,ERR,ERR,ERR,ERR,ERR,ERR,ERR,ERR,ERR,ERR,ERR,ERR,ERR,ERR,ERR,ERR,ERR,ERR,ERR,ERR,ERR,ERR,ERR,ERR,ERR,ERR,ERR,0.0,0.0,0.0,0.0,0.0,1.3936040501711995e+18,7.805,0.0,0,0,4,0,7116,0.0,100,0.0,0.0,0.0,0.0,0.0,0,0,0,0,0.0,0,0,0,0,0,0,0,0,0,0,0,0,0,0,0,0,0,0,0,0,0,0,0,0,0,0,0,0,0,0,0,0,0,31,40,40,71,65476,0,300,0,0,8,21553,0.0,-107605600.0,0.0,0.0,0.0,0.0,0.0,0.0,0.0,0.0,0.0,0.0,0.0,0.0,0.0,0.0,0.0,0.0,0.0,0.0,0.0,0.0,-2.004,2.004,-0.0,-0.0,0.0,0.0,0.0,0.0,6330.0,-131351.078,6937.0,0.0,0.0,2.7184303811560617e+23,0.0,0.0,0.0,0.0,0.0,69,-0.0,0.0,0.0,0.0,0.0,0.0,0.0,0.0,0.0,0,0,0,0.0,0.0,0.0,0.0,0.0,0.0,0.0,0.0,0.0,0.0,0.0,0.0,0.0,0.0,0.0,0.0,0,-107875648.0,69,0.0,138,0.0,-0.0,0,13107,17040,13107,17049,0,17043,0,0,0,70,68,100,2.7302359370752657e+23,71.1,0.0,74.2,2.7302370179391762e+23,74.0,1,49,50,180,0,52429,0,0,0.0,0.0,0.0,0.0,-0.0,67.0,0.0,162057.094,0.0,750,0,739,0,0,0,721,0,766,0,736,0,742,0,741,0,712,0,7520,0.032,79456894976.0,0.0,0.0,784,16797,-0.0,162057.094,-114818.039,-0.0,0.133,6.909358625270745e+28,30.0,65.0,35,0.0,0.0,0.0,0.0,0.0,0.0,0.0,0.0,0.0,0.0,0.0,0.0,0.0,0.0,0.0,0.0,69.2,0,150,71,54,65476,0,300,0,1,8,20529,65476,0,0,40632,65.0,0.0,0.0,0.0,0.0,0.0
2026-09-04T20:48:01,ERR,ERR,ERR,ERR,ERR,ERR,ERR,ERR,ERR,ERR,ERR,ERR,ERR,ERR,ERR,ERR,ERR,ERR,ERR,ERR,ERR,ERR,ERR,ERR,ERR,ERR,ERR,ERR,ERR,ERR,ERR,ERR,ERR,ERR,ERR,ERR,ERR,ERR,ERR,ERR,ERR,ERR,ERR,ERR,ERR,ERR,ERR,ERR,ERR,ERR,ERR,ERR,ERR,ERR,ERR,ERR,ERR,ERR,ERR,ERR,ERR,ERR,ERR,ERR,ERR,ERR,ERR,ERR,ERR,ERR,ERR,ERR,ERR,ERR,ERR,ERR,ERR,ERR,ERR,ERR,ERR,ERR,ERR,ERR,ERR,ERR,ERR,ERR,ERR,ERR,ERR,ERR,ERR,ERR,ERR,ERR,ERR,ERR,ERR,ERR,ERR,ERR,ERR,ERR,ERR,ERR,ERR,ERR,ERR,ERR,ERR,ERR,ERR,ERR,ERR,ERR,ERR,ERR,ERR,ERR,ERR,ERR,ERR,ERR,ERR,0.0,0.0,0.0,0.0,0.0,1.3936040501711995e+18,7.805,0.0,0,0,4,0,7116,0.0,100,0.0,0.0,0.0,0.0,0.0,0,0,0,0,0.0,0,0,0,0,0,0,0,0,0,0,0,0,0,0,0,0,0,0,0,0,0,0,0,0,0,0,0,0,0,0,0,0,0,31,40,40,71,65476,0,300,0,0,8,21553,0.0,-107605600.0,0.0,0.0,0.0,0.0,0.0,0.0,0.0,0.0,0.0,0.0,0.0,0.0,0.0,0.0,0.0,0.0,0.0,0.0,0.0,0.0,-2.004,2.004,-0.0,-0.0,0.0,0.0,0.0,0.0,6330.0,-131351.078,6937.0,0.0,0.0,2.7184303811560617e+23,0.0,0.0,0.0,0.0,0.0,69,-0.0,0.0,0.0,0.0,0.0,0.0,0.0,0.0,0.0,0,0,0,0.0,0.0,0.0,0.0,0.0,0.0,0.0,0.0,0.0,0.0,0.0,0.0,0.0,0.0,0.0,0.0,0,-107875648.0,69,0.0,138,0.0,-0.0,0,13107,17040,13107,17049,0,17043,0,0,0,70,68,100,2.7302359370752657e+23,71.1,0.0,74.2,2.7302370179391762e+23,74.0,1,49,50,180,0,52429,0,0,0.0,0.0,0.0,0.0,-0.0,67.0,0.0,162057.094,0.0,750,0,739,0,0,0,721,0,766,0,736,0,742,0,741,0,712,0,7520,0.032,79456894976.0,0.0,0.0,784,16797,-0.0,162057.094,-114818.039,-0.0,0.133,6.909358625270745e+28,30.0,65.0,35,0.0,0.0,0.0,0.0,0.0,0.0,0.0,0.0,0.0,0.0,0.0,0.0,0.0,0.0,0.0,0.0,69.2,0,150,71,54,65476,0,300,0,1,8,20529,65476,0,0,40632,65.0,0.0,0.0,0.0,0.0,0.0
2026-09-04T20:48:02,ERR,ERR,ERR,ERR,ERR,ERR,ERR,ERR,ERR,ERR,ERR,ERR,ERR,ERR,ERR,ERR,ERR,ERR,ERR,ERR,ERR,ERR,ERR,ERR,ERR,ERR,ERR,ERR,ERR,ERR,ERR,ERR,ERR,ERR,ERR,ERR,ERR,ERR,ERR,ERR,ERR,ERR,ERR,ERR,ERR,ERR,ERR,ERR,ERR,ERR,ERR,ERR,ERR,ERR,ERR,ERR,ERR,ERR,ERR,ERR,ERR,ERR,ERR,ERR,ERR,ERR,ERR,ERR,ERR,ERR,ERR,ERR,ERR,ERR,ERR,ERR,ERR,ERR,ERR,ERR,ERR,ERR,ERR,ERR,ERR,ERR,ERR,ERR,ERR,ERR,ERR,ERR,ERR,ERR,ERR,ERR,ERR,ERR,ERR,ERR,ERR,ERR,ERR,ERR,ERR,ERR,ERR,ERR,ERR,ERR,ERR,ERR,ERR,ERR,ERR,ERR,ERR,ERR,ERR,ERR,ERR,ERR,ERR,ERR,ERR,0.0,0.0,0.0,0.0,0.0,1.3936040501711995e+18,7.805,0.0,0,0,4,0,7116,0.0,100,0.0,0.0,0.0,0.0,0.0,0,0,0,0,0.0,0,0,0,0,0,0,0,0,0,0,0,0,0,0,0,0,0,0,0,0,0,0,0,0,0,0,0,0,0,0,0,0,0,31,40,40,71,65476,0,300,0,0,8,21553,0.0,-107605600.0,0.0,0.0,0.0,0.0,0.0,0.0,0.0,0.0,0.0,0.0,0.0,0.0,0.0,0.0,0.0,0.0,0.0,0.0,0.0,0.0,-2.004,2.004,2.004,-0.0,0.0,0.0,0.0,0.0,6341.0,131351.094,6921.0,0.0,0.0,2.7184303811560617e+23,0.0,0.0,0.0,0.0,0.0,69,-2.3088415973249647e+20,-2.308837375200314e+20,0.0,0.0,0.0,0.0,0.0,0.0,0.0,0,0,0,0.0,0.0,0.0,0.0,0.0,0.0,0.0,0.0,0.0,0.0,0.0,0.0,0.0,0.0,0.0,0.0,0,-107875648.0,69,0.0,138,0.0,0.0,0,13107,17040,13107,17049,0,17043,0,0,0,70,68,100,2.7302359370752657e+23,71.1,0.0,74.2,2.7302370179391762e+23,74.0,1,49,50,180,0,52429,0,0,0.0,0.0,0.0,0.0,-0.0,67.0,0.0,162057.094,0.0,750,0,739,0,0,0,721,0,766,0,736,0,742,0,741,0,712,0,7520,0.032,79456894976.0,0.0,0.0,784,16797,-0.0,162057.094,-114818.039,-0.0,0.133,6.909358625270745e+28,30.0,65.0,35,0.0,0.0,0.0,0.0,0.0,0.0,0.0,0.0,0.0,0.0,0.0,0.0,0.0,0.0,0.0,0.0,69.2,0,150,71,54,65476,0,300,0,1,8,20529,65476,0,0,40632,65.0,0.0,0.0,0.0,0.0,0.0
2026-09-04T20:48:03,ERR,ERR,ERR,ERR,ERR,ERR,ERR,ERR,ERR,ERR,ERR,ERR,ERR,ERR,ERR,ERR,ERR,ERR,ERR,ERR,ERR,ERR,ERR,ERR,ERR,ERR,ERR,ERR,ERR,ERR,ERR,ERR,ERR,ERR,ERR,ERR,ERR,ERR,ERR,ERR,ERR,ERR,ERR,ERR,ERR,ERR,ERR,ERR,ERR,ERR,ERR,ERR,ERR,ERR,ERR,ERR,ERR,ERR,ERR,ERR,ERR,ERR,ERR,ERR,ERR,ERR,ERR,ERR,ERR,ERR,ERR,ERR,ERR,ERR,ERR,ERR,ERR,ERR,ERR,ERR,ERR,ERR,ERR,ERR,ERR,ERR,ERR,ERR,ERR,ERR,ERR,ERR,ERR,ERR,ERR,ERR,ERR,ERR,ERR,ERR,ERR,ERR,ERR,ERR,ERR,ERR,ERR,ERR,ERR,ERR,ERR,ERR,ERR,ERR,ERR,ERR,ERR,ERR,ERR,ERR,ERR,ERR,ERR,ERR,ERR,0.0,0.0,0.0,0.0,0.0,1.3936040501711995e+18,7.805,0.0,0,0,4,0,7116,0.0,100,0.0,0.0,0.0,0.0,0.0,0,0,0,0,0.0,0,0,0,0,0,0,0,0,0,0,0,0,0,0,0,0,0,0,0,0,0,0,0,0,0,0,0,0,0,0,0,0,0,31,40,40,71,65476,0,300,0,0,8,21553,0.0,-107605600.0,0.0,0.0,0.0,0.0,0.0,0.0,0.0,0.0,0.0,0.0,0.0,0.0,0.0,0.0,0.0,0.0,0.0,0.0,0.0,0.0,-2.004,2.004,2.004,-0.0,0.0,0.0,0.0,0.0,6341.0,131351.094,6921.0,0.0,0.0,2.7184303811560617e+23,0.0,0.0,0.0,0.0,0.0,69,-2.3088415973249647e+20,-2.308837375200314e+20,0.0,0.0,0.0,0.0,0.0,0.0,0.0,0,0,0,0.0,0.0,0.0,0.0,0.0,0.0,0.0,0.0,0.0,0.0,0.0,0.0,0.0,0.0,0.0,0.0,0,-107875648.0,69,0.0,138,0.0,0.0,0,13107,17040,13107,17049,0,17043,0,0,0,70,68,100,2.7302359370752657e+23,71.1,0.0,74.2,2.7302370179391762e+23,74.0,1,49,50,180,0,52429,0,0,0.0,0.0,0.0,0.0,-0.0,67.0,0.0,162057.094,0.0,750,0,739,0,0,0,721,0,766,0,736,0,742,0,741,0,712,0,7520,0.032,79456894976.0,0.0,0.0,784,16797,-0.0,162057.094,-114818.039,-0.0,0.133,6.909358625270745e+28,30.0,65.0,35,0.0,0.0,0.0,0.0,0.0,0.0,0.0,0.0,0.0,0.0,0.0,0.0,0.0,0.0,0.0,0.0,69.2,0,150,71,54,65476,0,300,0,1,8,20529,65476,0,0,40632,65.0,0.0,0.0,0.0,0.0,0.0
2026-09-04T20:48:04,ERR,ERR,ERR,ERR,ERR,ERR,ERR,ERR,ERR,ERR,ERR,ERR,ERR,ERR,ERR,ERR,ERR,ERR,ERR,ERR,ERR,ERR,ERR,ERR,ERR,ERR,ERR,ERR,ERR,ERR,ERR,ERR,ERR,ERR,ERR,ERR,ERR,ERR,ERR,ERR,ERR,ERR,ERR,ERR,ERR,ERR,ERR,ERR,ERR,ERR,ERR,ERR,ERR,ERR,ERR,ERR,ERR,ERR,ERR,ERR,ERR,ERR,ERR,ERR,ERR,ERR,ERR,ERR,ERR,ERR,ERR,ERR,ERR,ERR,ERR,ERR,ERR,ERR,ERR,ERR,ERR,ERR,ERR,ERR,ERR,ERR,ERR,ERR,ERR,ERR,ERR,ERR,ERR,ERR,ERR,ERR,ERR,ERR,ERR,ERR,ERR,ERR,ERR,ERR,ERR,ERR,ERR,ERR,ERR,ERR,ERR,ERR,ERR,ERR,ERR,ERR,ERR,ERR,ERR,ERR,ERR,ERR,ERR,ERR,ERR,0.0,0.0,0.0,0.0,0.0,1.3936040501711995e+18,7.805,0.0,0,0,4,0,7116,0.0,100,0.0,0.0,0.0,0.0,0.0,0,0,0,0,0.0,0,0,0,0,0,0,0,0,0,0,0,0,0,0,0,0,0,0,0,0,0,0,0,0,0,0,0,0,0,0,0,0,0,31,40,40,71,65476,0,300,0,0,8,21553,0.0,-107605600.0,0.0,0.0,0.0,0.0,0.0,0.0,0.0,0.0,0.0,0.0,0.0,0.0,0.0,0.0,0.0,0.0,0.0,0.0,0.0,0.0,-2.004,2.004,2.004,-0.0,0.0,0.0,0.0,0.0,6341.0,131351.094,6921.0,0.0,0.0,2.7184303811560617e+23,0.0,0.0,0.0,0.0,0.0,69,-2.3088415973249647e+20,-2.308837375200314e+20,0.0,0.0,0.0,0.0,0.0,0.0,0.0,0,0,0,0.0,0.0,0.0,0.0,0.0,0.0,0.0,0.0,0.0,0.0,0.0,0.0,0.0,0.0,0.0,0.0,0,-107875648.0,69,0.0,138,0.0,0.0,0,13107,17040,13107,17049,0,17043,0,0,0,70,68,100,2.7302359370752657e+23,71.1,0.0,74.2,2.7302370179391762e+23,74.0,1,49,50,180,0,52429,0,0,0.0,0.0,0.0,0.0,-0.0,67.0,0.0,162057.094,0.0,750,0,739,0,0,0,721,0,766,0,735,0,742,0,741,0,712,0,7520,0.032,79456894976.0,0.0,0.0,784,16797,-0.0,162057.094,-114818.039,-0.0,0.133,6.909358625270745e+28,30.0,65.0,35,0.0,0.0,0.0,0.0,0.0,0.0,0.0,0.0,0.0,0.0,0.0,0.0,0.0,0.0,0.0,0.0,69.2,0,150,71,54,65476,0,300,0,1,8,20529,65476,0,0,40632,65.0,0.0,0.0,0.0,0.0,0.0
2026-09-04T20:48:05,ERR,ERR,ERR,ERR,ERR,ERR,ERR,ERR,ERR,ERR,ERR,ERR,ERR,ERR,ERR,ERR,ERR,ERR,ERR,ERR,ERR,ERR,ERR,ERR,ERR,ERR,ERR,ERR,ERR,ERR,ERR,ERR,ERR,ERR,ERR,ERR,ERR,ERR,ERR,ERR,ERR,ERR,ERR,ERR,ERR,ERR,ERR,ERR,ERR,ERR,ERR,ERR,ERR,ERR,ERR,ERR,ERR,ERR,ERR,ERR,ERR,ERR,ERR,ERR,ERR,ERR,ERR,ERR,ERR,ERR,ERR,ERR,ERR,ERR,ERR,ERR,ERR,ERR,ERR,ERR,ERR,ERR,ERR,ERR,ERR,ERR,ERR,ERR,ERR,ERR,ERR,ERR,ERR,ERR,ERR,ERR,ERR,ERR,ERR,ERR,ERR,ERR,ERR,ERR,ERR,ERR,ERR,ERR,ERR,ERR,ERR,ERR,ERR,ERR,ERR,ERR,ERR,ERR,ERR,ERR,ERR,ERR,ERR,ERR,ERR,0.0,0.0,0.0,0.0,0.0,1.3936040501711995e+18,7.805,0.0,0,0,4,0,7116,0.0,100,0.0,0.0,0.0,0.0,0.0,0,0,0,0,0.0,0,0,0,0,0,0,0,0,0,0,0,0,0,0,0,0,0,0,0,0,0,0,0,0,0,0,0,0,0,0,0,0,0,31,40,40,71,65476,0,300,0,0,8,21553,0.0,-107605600.0,0.0,0.0,0.0,0.0,0.0,0.0,0.0,0.0,0.0,0.0,0.0,0.0,0.0,0.0,0.0,0.0,0.0,0.0,0.0,0.0,-2.004,2.004,2.004,-0.0,0.0,0.0,0.0,0.0,6341.0,131351.094,6921.0,0.0,0.0,2.7184303811560617e+23,0.0,0.0,0.0,0.0,0.0,69,-2.3088415973249647e+20,-2.308837375200314e+20,0.0,0.0,0.0,0.0,0.0,0.0,0.0,0,0,0,0.0,0.0,0.0,0.0,0.0,0.0,0.0,0.0,0.0,0.0,0.0,0.0,0.0,0.0,0.0,0.0,0,-107875648.0,69,0.0,138,0.0,0.0,0,13107,17040,13107,17049,0,17043,0,0,0,70,68,100,2.7302359370752657e+23,71.1,0.0,74.2,2.7302370179391762e+23,74.0,1,49,50,180,0,52429,0,0,0.0,0.0,0.0,0.0,-0.0,67.0,0.0,162057.094,0.0,750,0,739,0,0,0,721,0,766,0,735,0,742,0,741,0,712,0,7520,0.032,79456894976.0,0.0,0.0,784,16797,-0.0,162057.094,-114818.039,-0.0,0.133,6.909358625270745e+28,30.0,65.0,35,0.0,0.0,0.0,0.0,0.0,0.0,0.0,0.0,0.0,0.0,0.0,0.0,0.0,0.0,0.0,0.0,69.2,0,150,71,54,65476,0,300,0,1,8,20529,65476,0,0,40632,65.0,0.0,0.0,0.0,0.0,0.0
2026-09-04T20:48:06,ERR,ERR,ERR,ERR,ERR,ERR,ERR,ERR,ERR,ERR,ERR,ERR,ERR,ERR,ERR,ERR,ERR,ERR,ERR,ERR,ERR,ERR,ERR,ERR,ERR,ERR,ERR,ERR,ERR,ERR,ERR,ERR,ERR,ERR,ERR,ERR,ERR,ERR,ERR,ERR,ERR,ERR,ERR,ERR,ERR,ERR,ERR,ERR,ERR,ERR,ERR,ERR,ERR,ERR,ERR,ERR,ERR,ERR,ERR,ERR,ERR,ERR,ERR,ERR,ERR,ERR,ERR,ERR,ERR,ERR,ERR,ERR,ERR,ERR,ERR,ERR,ERR,ERR,ERR,ERR,ERR,ERR,ERR,ERR,ERR,ERR,ERR,ERR,ERR,ERR,ERR,ERR,ERR,ERR,ERR,ERR,ERR,ERR,ERR,ERR,ERR,ERR,ERR,ERR,ERR,ERR,ERR,ERR,ERR,ERR,ERR,ERR,ERR,ERR,ERR,ERR,ERR,ERR,ERR,ERR,ERR,ERR,ERR,ERR,ERR,0.0,0.0,0.0,0.0,0.0,1.3936040501711995e+18,7.805,0.0,0,0,4,0,7116,0.0,100,0.0,0.0,0.0,0.0,0.0,0,0,0,0,0.0,0,0,0,0,0,0,0,0,0,0,0,0,0,0,0,0,0,0,0,0,0,0,0,0,0,0,0,0,0,0,0,0,0,31,40,40,71,65476,0,300,0,0,8,21553,0.0,-107605600.0,0.0,0.0,0.0,0.0,0.0,0.0,0.0,0.0,0.0,0.0,0.0,0.0,0.0,0.0,0.0,0.0,0.0,0.0,0.0,0.0,-2.004,2.004,2.004,-0.0,0.0,0.0,0.0,0.0,6341.0,131351.094,6921.0,0.0,0.0,2.7184303811560617e+23,0.0,0.0,0.0,0.0,0.0,69,-2.3088415973249647e+20,-2.308837375200314e+20,0.0,0.0,0.0,0.0,0.0,0.0,0.0,0,0,0,0.0,0.0,0.0,0.0,0.0,0.0,0.0,0.0,0.0,0.0,0.0,0.0,0.0,0.0,0.0,0.0,0,-107875648.0,69,0.0,138,0.0,0.0,0,13107,17040,13107,17049,0,17043,0,0,0,70,68,100,2.7302359370752657e+23,71.1,0.0,74.2,2.7302370179391762e+23,74.0,1,49,50,180,0,52429,0,0,0.0,0.0,0.0,0.0,-0.0,67.0,0.0,162057.094,0.0,750,0,739,0,0,0,721,0,766,0,735,0,742,0,741,0,712,0,7520,0.032,79456894976.0,0.0,0.0,784,16797,-0.0,162057.094,-114818.039,-0.0,0.133,6.909358625270745e+28,30.0,65.0,35,0.0,0.0,0.0,0.0,0.0,0.0,0.0,0.0,0.0,0.0,0.0,0.0,0.0,0.0,0.0,0.0,69.2,0,150,71,54,65476,0,300,0,1,8,20529,65476,0,0,40632,65.0,0.0,0.0,0.0,0.0,0.0
2026-09-04T20:48:07,ERR,ERR,ERR,ERR,ERR,ERR,ERR,ERR,ERR,ERR,ERR,ERR,ERR,ERR,ERR,ERR,ERR,ERR,ERR,ERR,ERR,ERR,ERR,ERR,ERR,ERR,ERR,ERR,ERR,ERR,ERR,ERR,ERR,ERR,ERR,ERR,ERR,ERR,ERR,ERR,ERR,ERR,ERR,ERR,ERR,ERR,ERR,ERR,ERR,ERR,ERR,ERR,ERR,ERR,ERR,ERR,ERR,ERR,ERR,ERR,ERR,ERR,ERR,ERR,ERR,ERR,ERR,ERR,ERR,ERR,ERR,ERR,ERR,ERR,ERR,ERR,ERR,ERR,ERR,ERR,ERR,ERR,ERR,ERR,ERR,ERR,ERR,ERR,ERR,ERR,ERR,ERR,ERR,ERR,ERR,ERR,ERR,ERR,ERR,ERR,ERR,ERR,ERR,ERR,ERR,ERR,ERR,ERR,ERR,ERR,ERR,ERR,ERR,ERR,ERR,ERR,ERR,ERR,ERR,ERR,ERR,ERR,ERR,ERR,ERR,0.0,0.0,0.0,0.0,0.0,1.3936040501711995e+18,7.805,0.0,0,0,4,0,7116,0.0,100,0.0,0.0,0.0,0.0,0.0,0,0,0,0,0.0,0,0,0,0,0,0,0,0,0,0,0,0,0,0,0,0,0,0,0,0,0,0,0,0,0,0,0,0,0,0,0,0,0,31,40,40,71,65476,0,300,0,0,8,21553,0.0,-107605600.0,0.0,0.0,0.0,0.0,0.0,0.0,0.0,0.0,0.0,0.0,0.0,0.0,0.0,0.0,0.0,0.0,0.0,0.0,0.0,0.0,-2.004,2.004,2.004,-0.0,0.0,0.0,0.0,0.0,6341.0,131351.094,6921.0,0.0,0.0,2.7184303811560617e+23,0.0,0.0,0.0,0.0,0.0,69,-2.3088415973249647e+20,-2.308837375200314e+20,0.0,0.0,0.0,0.0,0.0,0.0,0.0,0,0,0,0.0,0.0,0.0,0.0,0.0,0.0,0.0,0.0,0.0,0.0,0.0,0.0,0.0,0.0,0.0,0.0,0,-107875648.0,69,0.0,138,0.0,0.0,0,13107,17040,13107,17049,0,17043,0,0,0,70,68,100,2.7302359370752657e+23,71.1,0.0,74.2,2.7302370179391762e+23,74.0,1,49,50,180,0,52429,0,0,0.0,0.0,0.0,0.0,-0.0,67.0,0.0,162057.094,0.0,750,0,739,0,0,0,721,0,766,0,735,0,742,0,741,0,712,0,7520,0.032,79456894976.0,0.0,0.0,784,16797,-0.0,162057.094,-114818.039,-0.0,0.133,6.909358625270745e+28,30.0,65.0,35,0.0,0.0,0.0,0.0,0.0,0.0,0.0,0.0,0.0,0.0,0.0,0.0,0.0,0.0,0.0,0.0,69.6,0,150,71,54,65476,0,300,0,1,8,20529,65476,0,0,40632,65.0,0.0,0.0,0.0,0.0,0.0
2026-09-04T20:48:08,ERR,ERR,ERR,ERR,ERR,ERR,ERR,ERR,ERR,ERR,ERR,ERR,ERR,ERR,ERR,ERR,ERR,ERR,ERR,ERR,ERR,ERR,ERR,ERR,ERR,ERR,ERR,ERR,ERR,ERR,ERR,ERR,ERR,ERR,ERR,ERR,ERR,ERR,ERR,ERR,ERR,ERR,ERR,ERR,ERR,ERR,ERR,ERR,ERR,ERR,ERR,ERR,ERR,ERR,ERR,ERR,ERR,ERR,ERR,ERR,ERR,ERR,ERR,ERR,ERR,ERR,ERR,ERR,ERR,ERR,ERR,ERR,ERR,ERR,ERR,ERR,ERR,ERR,ERR,ERR,ERR,ERR,ERR,ERR,ERR,ERR,ERR,ERR,ERR,ERR,ERR,ERR,ERR,ERR,ERR,ERR,ERR,ERR,ERR,ERR,ERR,ERR,ERR,ERR,ERR,ERR,ERR,ERR,ERR,ERR,ERR,ERR,ERR,ERR,ERR,ERR,ERR,ERR,ERR,ERR,ERR,ERR,ERR,ERR,ERR,0.0,0.0,0.0,0.0,0.0,1.3936040501711995e+18,7.805,0.0,0,0,4,0,7116,0.0,100,0.0,0.0,0.0,0.0,0.0,0,0,0,0,0.0,0,0,0,0,0,0,0,0,0,0,0,0,0,0,0,0,0,0,0,0,0,0,0,0,0,0,0,0,0,0,0,0,0,31,40,40,71,65476,0,300,0,0,8,21553,0.0,-107605600.0,0.0,0.0,0.0,0.0,0.0,0.0,0.0,0.0,0.0,0.0,0.0,0.0,0.0,0.0,0.0,0.0,0.0,0.0,0.0,0.0,-2.004,2.004,2.004,-0.0,0.0,0.0,0.0,0.0,6341.0,131351.094,6921.0,0.0,0.0,2.7184303811560617e+23,0.0,0.0,0.0,0.0,0.0,69,-2.3088415973249647e+20,-2.308837375200314e+20,0.0,0.0,0.0,0.0,0.0,0.0,0.0,0,0,0,0.0,0.0,0.0,0.0,0.0,0.0,0.0,0.0,0.0,0.0,0.0,0.0,0.0,0.0,0.0,0.0,0,-107875648.0,69,0.0,138,0.0,0.0,0,13107,17040,13107,17049,0,17043,0,0,0,70,68,100,2.7302359370752657e+23,71.1,0.0,74.2,2.7302370179391762e+23,74.0,1,49,50,180,0,52429,0,0,0.0,0.0,0.0,0.0,-0.0,67.0,0.0,162057.094,0.0,750,0,739,0,0,0,721,0,766,0,735,0,742,0,741,0,712,0,7520,0.032,79456894976.0,0.0,0.0,784,16797,-0.0,162057.094,-114818.039,-0.0,0.133,6.909358625270745e+28,30.0,65.0,35,0.0,0.0,0.0,0.0,0.0,0.0,0.0,0.0,0.0,0.0,0.0,0.0,0.0,0.0,0.0,0.0,69.6,0,150,71,54,65476,0,300,0,1,8,20529,65476,0,0,40632,65.0,0.0,0.0,0.0,0.0,0.0
2026-09-04T20:48:09,ERR,ERR,ERR,ERR,ERR,ERR,ERR,ERR,ERR,ERR,ERR,ERR,ERR,ERR,ERR,ERR,ERR,ERR,ERR,ERR,ERR,ERR,ERR,ERR,ERR,ERR,ERR,ERR,ERR,ERR,ERR,ERR,ERR,ERR,ERR,ERR,ERR,ERR,ERR,ERR,ERR,ERR,ERR,ERR,ERR,ERR,ERR,ERR,ERR,ERR,ERR,ERR,ERR,ERR,ERR,ERR,ERR,ERR,ERR,ERR,ERR,ERR,ERR,ERR,ERR,ERR,ERR,ERR,ERR,ERR,ERR,ERR,ERR,ERR,ERR,ERR,ERR,ERR,ERR,ERR,ERR,ERR,ERR,ERR,ERR,ERR,ERR,ERR,ERR,ERR,ERR,ERR,ERR,ERR,ERR,ERR,ERR,ERR,ERR,ERR,ERR,ERR,ERR,ERR,ERR,ERR,ERR,ERR,ERR,ERR,ERR,ERR,ERR,ERR,ERR,ERR,ERR,ERR,ERR,ERR,ERR,ERR,ERR,ERR,ERR,0.0,0.0,0.0,0.0,0.0,1.3936040501711995e+18,7.805,0.0,0,0,4,0,7116,0.0,100,0.0,0.0,0.0,0.0,0.0,0,0,0,0,0.0,0,0,0,0,0,0,0,0,0,0,0,0,0,0,0,0,0,0,0,0,0,0,0,0,0,0,0,0,0,0,0,0,0,31,40,40,71,65476,0,300,0,0,8,21553,0.0,-107605600.0,0.0,0.0,0.0,0.0,0.0,0.0,0.0,0.0,0.0,0.0,0.0,0.0,0.0,0.0,0.0,0.0,0.0,0.0,0.0,0.0,-2.004,2.004,-0.0,-0.0,0.0,0.0,0.0,0.0,6366.0,0.0,6942.0,0.0,0.0,2.7184303811560617e+23,0.0,0.0,0.0,0.0,0.0,69,-89221.164,1.9056950280978432e+17,0.0,0.0,0.0,0.0,0.0,0.0,0.0,0,0,0,0.0,0.0,0.0,0.0,0.0,0.0,0.0,0.0,0.0,0.0,0.0,0.0,0.0,0.0,0.0,0.0,0,-107875648.0,69,0.0,138,0.0,0.0,0,13107,17040,13107,17049,0,17043,0,0,0,70,68,100,2.7302359370752657e+23,71.1,0.0,74.2,2.7302370179391762e+23,74.0,1,49,50,180,0,52429,0,0,0.0,0.0,0.0,0.0,-0.0,67.0,0.0,162057.094,0.0,750,0,739,0,0,0,721,0,766,0,735,0,742,0,741,0,712,0,7520,0.032,79456894976.0,0.0,0.0,784,16797,-0.0,162057.094,-114818.039,-0.0,0.133,6.909358625270745e+28,30.0,65.0,35,0.0,0.0,0.0,0.0,0.0,0.0,0.0,0.0,0.0,0.0,0.0,0.0,0.0,0.0,0.0,0.0,69.2,0,150,71,54,65476,0,300,0,1,8,20529,65476,0,0,40632,65.0,0.0,0.0,0.0,0.0,0.0
2026-09-04T20:48:10,ERR,ERR,ERR,ERR,ERR,ERR,ERR,ERR,ERR,ERR,ERR,ERR,ERR,ERR,ERR,ERR,ERR,ERR,ERR,ERR,ERR,ERR,ERR,ERR,ERR,ERR,ERR,ERR,ERR,ERR,ERR,ERR,ERR,ERR,ERR,ERR,ERR,ERR,ERR,ERR,ERR,ERR,ERR,ERR,ERR,ERR,ERR,ERR,ERR,ERR,ERR,ERR,ERR,ERR,ERR,ERR,ERR,ERR,ERR,ERR,ERR,ERR,ERR,ERR,ERR,ERR,ERR,ERR,ERR,ERR,ERR,ERR,ERR,ERR,ERR,ERR,ERR,ERR,ERR,ERR,ERR,ERR,ERR,ERR,ERR,ERR,ERR,ERR,ERR,ERR,ERR,ERR,ERR,ERR,ERR,ERR,ERR,ERR,ERR,ERR,ERR,ERR,ERR,ERR,ERR,ERR,ERR,ERR,ERR,ERR,ERR,ERR,ERR,ERR,ERR,ERR,ERR,ERR,ERR,ERR,ERR,ERR,ERR,ERR,ERR,0.0,0.0,0.0,0.0,0.0,1.3936040501711995e+18,7.805,0.0,0,0,4,0,7116,0.0,100,0.0,0.0,0.0,0.0,0.0,0,0,0,0,0.0,0,0,0,0,0,0,0,0,0,0,0,0,0,0,0,0,0,0,0,0,0,0,0,0,0,0,0,0,0,0,0,0,0,31,40,40,71,65476,0,300,0,0,8,21553,0.0,-107605600.0,0.0,0.0,0.0,0.0,0.0,0.0,0.0,0.0,0.0,0.0,0.0,0.0,0.0,0.0,0.0,0.0,0.0,0.0,0.0,0.0,-2.004,2.004,-0.0,-0.0,0.0,0.0,0.0,0.0,6366.0,0.0,6942.0,0.0,0.0,2.7184303811560617e+23,0.0,0.0,0.0,0.0,0.0,69,-89221.164,1.9056950280978432e+17,0.0,0.0,0.0,0.0,0.0,0.0,0.0,0,0,0,0.0,0.0,0.0,0.0,0.0,0.0,0.0,0.0,0.0,0.0,0.0,0.0,0.0,0.0,0.0,0.0,0,-107875648.0,69,0.0,138,0.0,0.0,0,13107,17040,13107,17049,0,17043,0,0,0,70,68,100,2.7302359370752657e+23,71.1,0.0,74.2,2.7302370179391762e+23,74.0,1,49,50,180,0,52429,0,0,0.0,0.0,0.0,0.0,-0.0,67.0,0.0,162057.094,0.0,750,0,739,0,0,0,721,0,766,0,736,0,742,0,741,0,712,0,7520,0.032,78920024064.0,0.0,0.0,784,16797,-0.0,162057.094,-114818.039,-0.0,0.133,6.909358625270745e+28,30.0,65.0,35,0.0,0.0,0.0,0.0,0.0,0.0,0.0,0.0,0.0,0.0,0.0,0.0,0.0,0.0,0.0,0.0,69.2,0,150,71,54,65476,0,300,0,1,8,20529,65476,0,0,40632,65.0,0.0,0.0,0.0,0.0,0.0
2026-09-04T20:48:11,ERR,ERR,ERR,ERR,ERR,ERR,ERR,ERR,ERR,ERR,ERR,ERR,ERR,ERR,ERR,ERR,ERR,ERR,ERR,ERR,ERR,ERR,ERR,ERR,ERR,ERR,ERR,ERR,ERR,ERR,ERR,ERR,ERR,ERR,ERR,ERR,ERR,ERR,ERR,ERR,ERR,ERR,ERR,ERR,ERR,ERR,ERR,ERR,ERR,ERR,ERR,ERR,ERR,ERR,ERR,ERR,ERR,ERR,ERR,ERR,ERR,ERR,ERR,ERR,ERR,ERR,ERR,ERR,ERR,ERR,ERR,ERR,ERR,ERR,ERR,ERR,ERR,ERR,ERR,ERR,ERR,ERR,ERR,ERR,ERR,ERR,ERR,ERR,ERR,ERR,ERR,ERR,ERR,ERR,ERR,ERR,ERR,ERR,ERR,ERR,ERR,ERR,ERR,ERR,ERR,ERR,ERR,ERR,ERR,ERR,ERR,ERR,ERR,ERR,ERR,ERR,ERR,ERR,ERR,ERR,ERR,ERR,ERR,ERR,ERR,0.0,0.0,0.0,0.0,0.0,1.3936040501711995e+18,7.805,0.0,0,0,4,0,7116,0.0,100,0.0,0.0,0.0,0.0,0.0,0,0,0,0,0.0,0,0,0,0,0,0,0,0,0,0,0,0,0,0,0,0,0,0,0,0,0,0,0,0,0,0,0,0,0,0,0,0,0,31,40,40,71,65476,0,300,0,0,8,21553,0.0,-107605600.0,0.0,0.0,0.0,0.0,0.0,0.0,0.0,0.0,0.0,0.0,0.0,0.0,0.0,0.0,0.0,0.0,0.0,0.0,0.0,0.0,-2.004,2.004,-0.0,-0.0,0.0,0.0,0.0,0.0,6366.0,0.0,6942.0,0.0,0.0,2.7184303811560617e+23,0.0,0.0,0.0,0.0,0.0,69,-89221.164,1.9056950280978432e+17,0.0,0.0,0.0,0.0,0.0,0.0,0.0,0,0,0,0.0,0.0,0.0,0.0,0.0,0.0,0.0,0.0,0.0,0.0,0.0,0.0,0.0,0.0,0.0,0.0,0,-107875648.0,69,0.0,138,0.0,0.0,0,13107,17040,13107,17049,0,17043,0,0,0,70,68,100,2.7302359370752657e+23,71.1,0.0,74.2,2.7302370179391762e+23,74.0,1,49,50,180,0,52429,0,0,0.0,0.0,0.0,0.0,-0.0,67.0,0.0,162057.094,0.0,750,0,739,0,0,0,721,0,766,0,736,0,742,0,741,0,712,0,7520,0.032,78920024064.0,0.0,0.0,784,16797,-0.0,162057.094,-114818.039,-0.0,0.133,6.909358625270745e+28,30.0,65.0,35,0.0,0.0,0.0,0.0,0.0,0.0,0.0,0.0,0.0,0.0,0.0,0.0,0.0,0.0,0.0,0.0,69.2,0,150,71,54,65476,0,300,0,1,8,20529,65476,0,0,40632,65.0,0.0,0.0,0.0,0.0,0.0
2026-09-04T20:48:12,ERR,ERR,ERR,ERR,ERR,ERR,ERR,ERR,ERR,ERR,ERR,ERR,ERR,ERR,ERR,ERR,ERR,ERR,ERR,ERR,ERR,ERR,ERR,ERR,ERR,ERR,ERR,ERR,ERR,ERR,ERR,ERR,ERR,ERR,ERR,ERR,ERR,ERR,ERR,ERR,ERR,ERR,ERR,ERR,ERR,ERR,ERR,ERR,ERR,ERR,ERR,ERR,ERR,ERR,ERR,ERR,ERR,ERR,ERR,ERR,ERR,ERR,ERR,ERR,ERR,ERR,ERR,ERR,ERR,ERR,ERR,ERR,ERR,ERR,ERR,ERR,ERR,ERR,ERR,ERR,ERR,ERR,ERR,ERR,ERR,ERR,ERR,ERR,ERR,ERR,ERR,ERR,ERR,ERR,ERR,ERR,ERR,ERR,ERR,ERR,ERR,ERR,ERR,ERR,ERR,ERR,ERR,ERR,ERR,ERR,ERR,ERR,ERR,ERR,ERR,ERR,ERR,ERR,ERR,ERR,ERR,ERR,ERR,ERR,ERR,0.0,0.0,0.0,0.0,0.0,1.3936040501711995e+18,7.805,0.0,0,0,4,0,7116,0.0,100,0.0,0.0,0.0,0.0,0.0,0,0,0,0,0.0,0,0,0,0,0,0,0,0,0,0,0,0,0,0,0,0,0,0,0,0,0,0,0,0,0,0,0,0,0,0,0,0,0,31,40,40,71,65476,0,300,0,0,8,21553,0.0,-107605600.0,0.0,0.0,0.0,0.0,0.0,0.0,0.0,0.0,0.0,0.0,0.0,0.0,0.0,0.0,0.0,0.0,0.0,0.0,0.0,0.0,-2.004,2.004,-0.0,-0.0,0.0,0.0,0.0,0.0,6366.0,0.0,6942.0,0.0,0.0,2.7184303811560617e+23,0.0,0.0,0.0,0.0,0.0,69,-89221.164,1.9056950280978432e+17,0.0,0.0,0.0,0.0,0.0,0.0,0.0,0,0,0,0.0,0.0,0.0,0.0,0.0,0.0,0.0,0.0,0.0,0.0,0.0,0.0,0.0,0.0,0.0,0.0,0,-107875648.0,69,0.0,138,0.0,0.0,0,13107,17040,13107,17049,0,17043,0,0,0,70,68,100,2.7302359370752657e+23,71.1,0.0,74.2,2.7302370179391762e+23,74.0,1,49,50,180,0,52429,0,0,0.0,0.0,0.0,0.0,-0.0,67.0,0.0,162057.094,0.0,750,0,739,0,0,0,721,0,766,0,736,0,742,0,741,0,712,0,7520,0.032,78920024064.0,0.0,0.0,784,16797,-0.0,162057.094,-114818.039,-0.0,0.133,6.909358625270745e+28,30.0,65.0,35,0.0,0.0,0.0,0.0,0.0,0.0,0.0,0.0,0.0,0.0,0.0,0.0,0.0,0.0,0.0,0.0,69.2,0,150,71,54,65476,0,300,0,1,8,20529,65476,0,0,40632,65.0,0.0,0.0,0.0,0.0,0.0
2026-09-04T20:48:13,ERR,ERR,ERR,ERR,ERR,ERR,ERR,ERR,ERR,ERR,ERR,ERR,ERR,ERR,ERR,ERR,ERR,ERR,ERR,ERR,ERR,ERR,ERR,ERR,ERR,ERR,ERR,ERR,ERR,ERR,ERR,ERR,ERR,ERR,ERR,ERR,ERR,ERR,ERR,ERR,ERR,ERR,ERR,ERR,ERR,ERR,ERR,ERR,ERR,ERR,ERR,ERR,ERR,ERR,ERR,ERR,ERR,ERR,ERR,ERR,ERR,ERR,ERR,ERR,ERR,ERR,ERR,ERR,ERR,ERR,ERR,ERR,ERR,ERR,ERR,ERR,ERR,ERR,ERR,ERR,ERR,ERR,ERR,ERR,ERR,ERR,ERR,ERR,ERR,ERR,ERR,ERR,ERR,ERR,ERR,ERR,ERR,ERR,ERR,ERR,ERR,ERR,ERR,ERR,ERR,ERR,ERR,ERR,ERR,ERR,ERR,ERR,ERR,ERR,ERR,ERR,ERR,ERR,ERR,ERR,ERR,ERR,ERR,ERR,ERR,0.0,0.0,0.0,0.0,0.0,1.3936040501711995e+18,7.805,0.0,0,0,4,0,7116,0.0,100,0.0,0.0,0.0,0.0,0.0,0,0,0,0,0.0,0,0,0,0,0,0,0,0,0,0,0,0,0,0,0,0,0,0,0,0,0,0,0,0,0,0,0,0,0,0,0,0,0,31,40,40,71,65476,0,300,0,0,8,21553,0.0,-107605600.0,0.0,0.0,0.0,0.0,0.0,0.0,0.0,0.0,0.0,0.0,0.0,0.0,0.0,0.0,0.0,0.0,0.0,0.0,0.0,0.0,-2.004,2.004,-0.0,-0.0,0.0,0.0,0.0,0.0,6366.0,0.0,6942.0,0.0,0.0,2.7184303811560617e+23,0.0,0.0,0.0,0.0,0.0,69,-89221.164,1.9056950280978432e+17,0.0,0.0,0.0,0.0,0.0,0.0,0.0,0,0,0,0.0,0.0,0.0,0.0,0.0,0.0,0.0,0.0,0.0,0.0,0.0,0.0,0.0,0.0,0.0,0.0,0,-107875648.0,69,0.0,138,0.0,0.0,0,13107,17040,13107,17049,0,17043,0,0,0,70,68,100,2.7302359370752657e+23,71.1,0.0,74.2,2.7302370179391762e+23,74.0,1,49,50,180,0,52429,0,0,0.0,0.0,0.0,0.0,-0.0,67.0,0.0,162057.094,0.0,750,0,739,0,0,0,721,0,766,0,736,0,742,0,741,0,712,0,7520,0.032,78920024064.0,0.0,0.0,784,16797,-0.0,162057.094,-114818.039,-0.0,0.133,6.909358625270745e+28,30.0,65.0,35,0.0,0.0,0.0,0.0,0.0,0.0,0.0,0.0,0.0,0.0,0.0,0.0,0.0,0.0,0.0,0.0,69.6,0,150,71,54,65476,0,300,0,1,8,20529,65476,0,0,40632,65.0,0.0,0.0,0.0,0.0,0.0
2026-09-04T20:48:14,ERR,ERR,ERR,ERR,ERR,ERR,ERR,ERR,ERR,ERR,ERR,ERR,ERR,ERR,ERR,ERR,ERR,ERR,ERR,ERR,ERR,ERR,ERR,ERR,ERR,ERR,ERR,ERR,ERR,ERR,ERR,ERR,ERR,ERR,ERR,ERR,ERR,ERR,ERR,ERR,ERR,ERR,ERR,ERR,ERR,ERR,ERR,ERR,ERR,ERR,ERR,ERR,ERR,ERR,ERR,ERR,ERR,ERR,ERR,ERR,ERR,ERR,ERR,ERR,ERR,ERR,ERR,ERR,ERR,ERR,ERR,ERR,ERR,ERR,ERR,ERR,ERR,ERR,ERR,ERR,ERR,ERR,ERR,ERR,ERR,ERR,ERR,ERR,ERR,ERR,ERR,ERR,ERR,ERR,ERR,ERR,ERR,ERR,ERR,ERR,ERR,ERR,ERR,ERR,ERR,ERR,ERR,ERR,ERR,ERR,ERR,ERR,ERR,ERR,ERR,ERR,ERR,ERR,ERR,ERR,ERR,ERR,ERR,ERR,ERR,0.0,0.0,0.0,0.0,0.0,1.3936040501711995e+18,7.805,0.0,0,0,4,0,7116,0.0,100,0.0,0.0,0.0,0.0,0.0,0,0,0,0,0.0,0,0,0,0,0,0,0,0,0,0,0,0,0,0,0,0,0,0,0,0,0,0,0,0,0,0,0,0,0,0,0,0,0,31,40,40,71,65476,0,300,0,0,8,21553,0.0,-107605600.0,0.0,0.0,0.0,0.0,0.0,0.0,0.0,0.0,0.0,0.0,0.0,0.0,0.0,0.0,0.0,0.0,0.0,0.0,0.0,0.0,-2.004,2.004,-0.0,-0.0,0.0,0.0,0.0,0.0,6366.0,0.0,6942.0,0.0,0.0,2.7184303811560617e+23,0.0,0.0,0.0,0.0,0.0,69,-89221.164,1.9056950280978432e+17,0.0,0.0,0.0,0.0,0.0,0.0,0.0,0,0,0,0.0,0.0,0.0,0.0,0.0,0.0,0.0,0.0,0.0,0.0,0.0,0.0,0.0,0.0,0.0,0.0,0,-107875648.0,69,0.0,138,0.0,0.0,0,13107,17040,13107,17049,0,17043,0,0,0,70,68,100,2.7302359370752657e+23,71.1,0.0,74.2,2.7302370179391762e+23,74.0,1,49,50,180,0,52429,0,0,0.0,0.0,0.0,0.0,-0.0,67.0,0.0,162057.094,0.0,750,0,739,0,0,0,721,0,766,0,736,0,742,0,741,0,712,0,7520,0.032,79456894976.0,0.0,0.0,784,16797,-0.0,162057.094,-114818.039,-0.0,0.133,6.909358625270745e+28,30.0,65.0,35,0.0,0.0,0.0,0.0,0.0,0.0,0.0,0.0,0.0,0.0,0.0,0.0,0.0,0.0,0.0,0.0,69.6,0,150,71,54,65476,0,300,0,1,8,20529,65476,0,0,40632,65.0,0.0,0.0,0.0,0.0,0.0
2026-09-04T20:48:15,ERR,ERR,ERR,ERR,ERR,ERR,ERR,ERR,ERR,ERR,ERR,ERR,ERR,ERR,ERR,ERR,ERR,ERR,ERR,ERR,ERR,ERR,ERR,ERR,ERR,ERR,ERR,ERR,ERR,ERR,ERR,ERR,ERR,ERR,ERR,ERR,ERR,ERR,ERR,ERR,ERR,ERR,ERR,ERR,ERR,ERR,ERR,ERR,ERR,ERR,ERR,ERR,ERR,ERR,ERR,ERR,ERR,ERR,ERR,ERR,ERR,ERR,ERR,ERR,ERR,ERR,ERR,ERR,ERR,ERR,ERR,ERR,ERR,ERR,ERR,ERR,ERR,ERR,ERR,ERR,ERR,ERR,ERR,ERR,ERR,ERR,ERR,ERR,ERR,ERR,ERR,ERR,ERR,ERR,ERR,ERR,ERR,ERR,ERR,ERR,ERR,ERR,ERR,ERR,ERR,ERR,ERR,ERR,ERR,ERR,ERR,ERR,ERR,ERR,ERR,ERR,ERR,ERR,ERR,ERR,ERR,ERR,ERR,ERR,ERR,0.0,0.0,0.0,0.0,0.0,1.3936040501711995e+18,7.805,0.0,0,0,4,0,7116,0.0,100,0.0,0.0,0.0,0.0,0.0,0,0,0,0,0.0,0,0,0,0,0,0,0,0,0,0,0,0,0,0,0,0,0,0,0,0,0,0,0,0,0,0,0,0,0,0,0,0,0,31,40,40,71,65476,0,300,0,0,8,21553,0.0,-107605600.0,0.0,0.0,0.0,0.0,0.0,0.0,0.0,0.0,0.0,0.0,0.0,0.0,0.0,0.0,0.0,0.0,0.0,0.0,0.0,0.0,-2.004,2.004,-0.0,-0.0,0.0,0.0,0.0,0.0,6366.0,0.0,6942.0,0.0,0.0,2.7184303811560617e+23,0.0,0.0,0.0,0.0,0.0,69,-89221.164,1.9056950280978432e+17,0.0,0.0,0.0,0.0,0.0,0.0,0.0,0,0,0,0.0,0.0,0.0,0.0,0.0,0.0,0.0,0.0,0.0,0.0,0.0,0.0,0.0,0.0,0.0,0.0,0,-107875648.0,69,0.0,138,0.0,0.0,0,13107,17040,13107,17049,0,17043,0,0,0,70,68,100,2.7302359370752657e+23,71.1,0.0,74.2,2.7302370179391762e+23,74.0,1,49,50,180,0,52429,0,0,0.0,0.0,0.0,0.0,-0.0,67.0,0.0,162057.094,0.0,750,0,739,0,0,0,721,0,766,0,736,0,742,0,741,0,712,0,7520,0.032,79456894976.0,0.0,0.0,784,16797,-0.0,162057.094,-114818.039,-0.0,0.133,6.909358625270745e+28,30.0,65.0,35,0.0,0.0,0.0,0.0,0.0,0.0,0.0,0.0,0.0,0.0,0.0,0.0,0.0,0.0,0.0,0.0,69.6,0,150,71,54,65476,0,300,0,1,8,20529,65476,0,0,40632,65.0,0.0,0.0,0.0,0.0,0.0
2026-09-04T20:48:16,ERR,ERR,ERR,ERR,ERR,ERR,ERR,ERR,ERR,ERR,ERR,ERR,ERR,ERR,ERR,ERR,ERR,ERR,ERR,ERR,ERR,ERR,ERR,ERR,ERR,ERR,ERR,ERR,ERR,ERR,ERR,ERR,ERR,ERR,ERR,ERR,ERR,ERR,ERR,ERR,ERR,ERR,ERR,ERR,ERR,ERR,ERR,ERR,ERR,ERR,ERR,ERR,ERR,ERR,ERR,ERR,ERR,ERR,ERR,ERR,ERR,ERR,ERR,ERR,ERR,ERR,ERR,ERR,ERR,ERR,ERR,ERR,ERR,ERR,ERR,ERR,ERR,ERR,ERR,ERR,ERR,ERR,ERR,ERR,ERR,ERR,ERR,ERR,ERR,ERR,ERR,ERR,ERR,ERR,ERR,ERR,ERR,ERR,ERR,ERR,ERR,ERR,ERR,ERR,ERR,ERR,ERR,ERR,ERR,ERR,ERR,ERR,ERR,ERR,ERR,ERR,ERR,ERR,ERR,ERR,ERR,ERR,ERR,ERR,ERR,0.0,0.0,0.0,0.0,0.0,1.3936040501711995e+18,7.805,0.0,0,0,4,0,7116,0.0,100,0.0,0.0,0.0,0.0,0.0,0,0,0,0,0.0,0,0,0,0,0,0,0,0,0,0,0,0,0,0,0,0,0,0,0,0,0,0,0,0,0,0,0,0,0,0,0,0,0,31,40,40,71,65476,0,300,0,0,8,21553,0.0,-107605600.0,0.0,0.0,0.0,0.0,0.0,0.0,0.0,0.0,0.0,0.0,0.0,0.0,0.0,0.0,0.0,0.0,0.0,0.0,0.0,0.0,-2.004,2.004,-0.0,-0.0,0.0,0.0,0.0,0.0,6304.0,-0.0,6934.0,0.0,0.0,2.7184303811560617e+23,0.0,0.0,0.0,0.0,0.0,69,-107615400.0,0.0,0.0,0.0,0.0,0.0,0.0,0.0,0.0,0,0,0,0.0,0.0,0.0,0.0,0.0,0.0,0.0,0.0,0.0,0.0,0.0,0.0,0.0,0.0,0.0,0.0,0,-107875648.0,69,0.0,138,0.0,-0.0,0,13107,17040,13107,17049,0,17043,0,0,0,70,68,100,2.7302359370752657e+23,71.1,0.0,74.2,2.7302370179391762e+23,74.0,1,49,50,180,0,52429,0,0,0.0,0.0,0.0,0.0,-0.0,67.0,0.0,162057.094,0.0,750,0,739,0,0,0,721,0,766,0,736,0,742,0,741,0,712,0,7520,0.032,79456894976.0,0.0,0.0,784,16797,-0.0,162057.094,-114818.039,-0.0,0.133,6.909358625270745e+28,30.0,65.0,35,0.0,0.0,0.0,0.0,0.0,0.0,0.0,0.0,0.0,0.0,0.0,0.0,0.0,0.0,0.0,0.0,69.6,0,150,71,54,65476,0,300,0,1,8,20529,65476,0,0,40632,65.0,0.0,0.0,0.0,0.0,0.0
2026-09-04T20:48:17,ERR,ERR,ERR,ERR,ERR,ERR,ERR,ERR,ERR,ERR,ERR,ERR,ERR,ERR,ERR,ERR,ERR,ERR,ERR,ERR,ERR,ERR,ERR,ERR,ERR,ERR,ERR,ERR,ERR,ERR,ERR,ERR,ERR,ERR,ERR,ERR,ERR,ERR,ERR,ERR,ERR,ERR,ERR,ERR,ERR,ERR,ERR,ERR,ERR,ERR,ERR,ERR,ERR,ERR,ERR,ERR,ERR,ERR,ERR,ERR,ERR,ERR,ERR,ERR,ERR,ERR,ERR,ERR,ERR,ERR,ERR,ERR,ERR,ERR,ERR,ERR,ERR,ERR,ERR,ERR,ERR,ERR,ERR,ERR,ERR,ERR,ERR,ERR,ERR,ERR,ERR,ERR,ERR,ERR,ERR,ERR,ERR,ERR,ERR,ERR,ERR,ERR,ERR,ERR,ERR,ERR,ERR,ERR,ERR,ERR,ERR,ERR,ERR,ERR,ERR,ERR,ERR,ERR,ERR,ERR,ERR,ERR,ERR,ERR,ERR,0.0,0.0,0.0,0.0,0.0,1.3936040501711995e+18,7.805,0.0,0,0,4,0,7116,0.0,100,0.0,0.0,0.0,0.0,0.0,0,0,0,0,0.0,0,0,0,0,0,0,0,0,0,0,0,0,0,0,0,0,0,0,0,0,0,0,0,0,0,0,0,0,0,0,0,0,0,31,40,40,71,65476,0,300,0,0,8,21553,0.0,-107605600.0,0.0,0.0,0.0,0.0,0.0,0.0,0.0,0.0,0.0,0.0,0.0,0.0,0.0,0.0,0.0,0.0,0.0,0.0,0.0,0.0,-2.004,2.004,-0.0,-0.0,0.0,0.0,0.0,0.0,6304.0,-0.0,6934.0,0.0,0.0,2.7184303811560617e+23,0.0,0.0,0.0,0.0,0.0,69,-107615400.0,0.0,0.0,0.0,0.0,0.0,0.0,0.0,0.0,0,0,0,0.0,0.0,0.0,0.0,0.0,0.0,0.0,0.0,0.0,0.0,0.0,0.0,0.0,0.0,0.0,0.0,0,-107875648.0,69,0.0,138,0.0,-0.0,0,13107,17040,13107,17049,0,17043,0,0,0,70,68,100,2.7302359370752657e+23,71.1,0.0,74.2,2.7302370179391762e+23,74.0,1,49,50,180,0,52429,0,0,0.0,0.0,0.0,0.0,-0.0,67.0,0.0,162057.094,0.0,750,0,739,0,0,0,721,0,766,0,736,0,742,0,741,0,712,0,7520,0.032,79456894976.0,0.0,0.0,784,16797,-0.0,162057.094,-114818.039,-0.0,0.133,6.909358625270745e+28,30.0,65.0,35,0.0,0.0,0.0,0.0,0.0,0.0,0.0,0.0,0.0,0.0,0.0,0.0,0.0,0.0,0.0,0.0,69.6,0,150,71,54,65476,0,300,0,1,8,20529,65476,0,0,40632,65.0,0.0,0.0,0.0,0.0,0.0
2026-09-04T20:48:18,ERR,ERR,ERR,ERR,ERR,ERR,ERR,ERR,ERR,ERR,ERR,ERR,ERR,ERR,ERR,ERR,ERR,ERR,ERR,ERR,ERR,ERR,ERR,ERR,ERR,ERR,ERR,ERR,ERR,ERR,ERR,ERR,ERR,ERR,ERR,ERR,ERR,ERR,ERR,ERR,ERR,ERR,ERR,ERR,ERR,ERR,ERR,ERR,ERR,ERR,ERR,ERR,ERR,ERR,ERR,ERR,ERR,ERR,ERR,ERR,ERR,ERR,ERR,ERR,ERR,ERR,ERR,ERR,ERR,ERR,ERR,ERR,ERR,ERR,ERR,ERR,ERR,ERR,ERR,ERR,ERR,ERR,ERR,ERR,ERR,ERR,ERR,ERR,ERR,ERR,ERR,ERR,ERR,ERR,ERR,ERR,ERR,ERR,ERR,ERR,ERR,ERR,ERR,ERR,ERR,ERR,ERR,ERR,ERR,ERR,ERR,ERR,ERR,ERR,ERR,ERR,ERR,ERR,ERR,ERR,ERR,ERR,ERR,ERR,ERR,0.0,0.0,0.0,0.0,0.0,1.3936040501711995e+18,7.805,0.0,0,0,4,0,7116,0.0,100,0.0,0.0,0.0,0.0,0.0,0,0,0,0,0.0,0,0,0,0,0,0,0,0,0,0,0,0,0,0,0,0,0,0,0,0,0,0,0,0,0,0,0,0,0,0,0,0,0,31,40,40,71,65476,0,300,0,0,8,21553,0.0,-107605600.0,0.0,0.0,0.0,0.0,0.0,0.0,0.0,0.0,0.0,0.0,0.0,0.0,0.0,0.0,0.0,0.0,0.0,0.0,0.0,0.0,-2.004,2.004,-0.0,-0.0,0.0,0.0,0.0,0.0,6304.0,-0.0,6934.0,0.0,0.0,2.7184303811560617e+23,0.0,0.0,0.0,0.0,0.0,69,-107615400.0,0.0,0.0,0.0,0.0,0.0,0.0,0.0,0.0,0,0,0,0.0,0.0,0.0,0.0,0.0,0.0,0.0,0.0,0.0,0.0,0.0,0.0,0.0,0.0,0.0,0.0,0,-107875648.0,69,0.0,138,0.0,-0.0,0,13107,17040,13107,17049,0,17043,0,0,0,70,68,100,2.7302359370752657e+23,71.1,0.0,74.2,2.7302370179391762e+23,74.0,1,49,50,180,0,52429,0,0,0.0,0.0,0.0,0.0,-0.0,67.0,0.0,162057.094,0.0,750,0,739,0,0,0,721,0,766,0,736,0,742,0,741,0,712,0,7520,0.032,79456894976.0,0.0,0.0,784,16797,-0.0,162057.094,-114818.039,-0.0,0.133,6.909358625270745e+28,30.0,65.0,35,0.0,0.0,0.0,0.0,0.0,0.0,0.0,0.0,0.0,0.0,0.0,0.0,0.0,0.0,0.0,0.0,69.2,0,150,71,54,65476,0,300,0,1,8,20529,65476,0,0,40632,65.0,0.0,0.0,0.0,0.0,0.0
2026-09-04T20:48:19,ERR,ERR,ERR,ERR,ERR,ERR,ERR,ERR,ERR,ERR,ERR,ERR,ERR,ERR,ERR,ERR,ERR,ERR,ERR,ERR,ERR,ERR,ERR,ERR,ERR,ERR,ERR,ERR,ERR,ERR,ERR,ERR,ERR,ERR,ERR,ERR,ERR,ERR,ERR,ERR,ERR,ERR,ERR,ERR,ERR,ERR,ERR,ERR,ERR,ERR,ERR,ERR,ERR,ERR,ERR,ERR,ERR,ERR,ERR,ERR,ERR,ERR,ERR,ERR,ERR,ERR,ERR,ERR,ERR,ERR,ERR,ERR,ERR,ERR,ERR,ERR,ERR,ERR,ERR,ERR,ERR,ERR,ERR,ERR,ERR,ERR,ERR,ERR,ERR,ERR,ERR,ERR,ERR,ERR,ERR,ERR,ERR,ERR,ERR,ERR,ERR,ERR,ERR,ERR,ERR,ERR,ERR,ERR,ERR,ERR,ERR,ERR,ERR,ERR,ERR,ERR,ERR,ERR,ERR,ERR,ERR,ERR,ERR,ERR,ERR,0.0,0.0,0.0,0.0,0.0,1.3936040501711995e+18,7.805,0.0,0,0,4,0,7116,0.0,100,0.0,0.0,0.0,0.0,0.0,0,0,0,0,0.0,0,0,0,0,0,0,0,0,0,0,0,0,0,0,0,0,0,0,0,0,0,0,0,0,0,0,0,0,0,0,0,0,0,31,40,40,71,65476,0,300,0,0,8,21553,0.0,-107605600.0,0.0,0.0,0.0,0.0,0.0,0.0,0.0,0.0,0.0,0.0,0.0,0.0,0.0,0.0,0.0,0.0,0.0,0.0,0.0,0.0,-2.004,2.004,-0.0,-0.0,0.0,0.0,0.0,0.0,6304.0,-0.0,6934.0,0.0,0.0,2.7184303811560617e+23,0.0,0.0,0.0,0.0,0.0,69,-107615400.0,0.0,0.0,0.0,0.0,0.0,0.0,0.0,0.0,0,0,0,0.0,0.0,0.0,0.0,0.0,0.0,0.0,0.0,0.0,0.0,0.0,0.0,0.0,0.0,0.0,0.0,0,-107875648.0,69,0.0,138,0.0,-0.0,0,13107,17040,13107,17049,0,17043,0,0,0,70,68,100,2.7302359370752657e+23,71.1,0.0,74.2,2.7302370179391762e+23,74.0,1,49,50,180,0,52429,0,0,0.0,0.0,0.0,0.0,-0.0,67.0,0.0,162057.094,0.0,750,0,739,0,0,0,721,0,766,0,735,0,742,0,741,0,712,0,7520,0.032,79456894976.0,0.0,0.0,784,16797,-0.0,162057.094,-114818.039,-0.0,0.133,6.909358625270745e+28,30.0,65.0,35,0.0,0.0,0.0,0.0,0.0,0.0,0.0,0.0,0.0,0.0,0.0,0.0,0.0,0.0,0.0,0.0,69.2,0,150,71,54,65476,0,300,0,1,8,20529,65476,0,0,40632,65.0,0.0,0.0,0.0,0.0,0.0
2026-09-04T20:48:20,ERR,ERR,ERR,ERR,ERR,ERR,ERR,ERR,ERR,ERR,ERR,ERR,ERR,ERR,ERR,ERR,ERR,ERR,ERR,ERR,ERR,ERR,ERR,ERR,ERR,ERR,ERR,ERR,ERR,ERR,ERR,ERR,ERR,ERR,ERR,ERR,ERR,ERR,ERR,ERR,ERR,ERR,ERR,ERR,ERR,ERR,ERR,ERR,ERR,ERR,ERR,ERR,ERR,ERR,ERR,ERR,ERR,ERR,ERR,ERR,ERR,ERR,ERR,ERR,ERR,ERR,ERR,ERR,ERR,ERR,ERR,ERR,ERR,ERR,ERR,ERR,ERR,ERR,ERR,ERR,ERR,ERR,ERR,ERR,ERR,ERR,ERR,ERR,ERR,ERR,ERR,ERR,ERR,ERR,ERR,ERR,ERR,ERR,ERR,ERR,ERR,ERR,ERR,ERR,ERR,ERR,ERR,ERR,ERR,ERR,ERR,ERR,ERR,ERR,ERR,ERR,ERR,ERR,ERR,ERR,ERR,ERR,ERR,ERR,ERR,0.0,0.0,0.0,0.0,0.0,1.3936040501711995e+18,7.805,0.0,0,0,4,0,7116,0.0,100,0.0,0.0,0.0,0.0,0.0,0,0,0,0,0.0,0,0,0,0,0,0,0,0,0,0,0,0,0,0,0,0,0,0,0,0,0,0,0,0,0,0,0,0,0,0,0,0,0,31,40,40,71,65476,0,300,0,0,8,21553,0.0,-107605600.0,0.0,0.0,0.0,0.0,0.0,0.0,0.0,0.0,0.0,0.0,0.0,0.0,0.0,0.0,0.0,0.0,0.0,0.0,0.0,0.0,-2.004,2.004,-0.0,-0.0,0.0,0.0,0.0,0.0,6304.0,-0.0,6934.0,0.0,0.0,2.7184303811560617e+23,0.0,0.0,0.0,0.0,0.0,69,-107615400.0,0.0,0.0,0.0,0.0,0.0,0.0,0.0,0.0,0,0,0,0.0,0.0,0.0,0.0,0.0,0.0,0.0,0.0,0.0,0.0,0.0,0.0,0.0,0.0,0.0,0.0,0,-107875648.0,69,0.0,138,0.0,-0.0,0,13107,17040,13107,17049,0,17043,0,0,0,70,68,100,2.7302359370752657e+23,71.1,0.0,74.2,2.7302370179391762e+23,74.0,1,49,50,180,0,52429,0,0,0.0,0.0,0.0,0.0,-0.0,67.0,0.0,162057.094,0.0,750,0,739,0,0,0,721,0,766,0,735,0,742,0,741,0,712,0,7520,0.032,79456894976.0,0.0,0.0,784,16797,-0.0,162057.094,-114818.039,-0.0,0.133,6.909358625270745e+28,30.0,65.0,35,0.0,0.0,0.0,0.0,0.0,0.0,0.0,0.0,0.0,0.0,0.0,0.0,0.0,0.0,0.0,0.0,69.2,0,150,71,54,65476,0,300,0,1,8,20529,65476,0,0,40632,65.0,0.0,0.0,0.0,0.0,0.0
2026-09-04T20:48:21,ERR,ERR,ERR,ERR,ERR,ERR,ERR,ERR,ERR,ERR,ERR,ERR,ERR,ERR,ERR,ERR,ERR,ERR,ERR,ERR,ERR,ERR,ERR,ERR,ERR,ERR,ERR,ERR,ERR,ERR,ERR,ERR,ERR,ERR,ERR,ERR,ERR,ERR,ERR,ERR,ERR,ERR,ERR,ERR,ERR,ERR,ERR,ERR,ERR,ERR,ERR,ERR,ERR,ERR,ERR,ERR,ERR,ERR,ERR,ERR,ERR,ERR,ERR,ERR,ERR,ERR,ERR,ERR,ERR,ERR,ERR,ERR,ERR,ERR,ERR,ERR,ERR,ERR,ERR,ERR,ERR,ERR,ERR,ERR,ERR,ERR,ERR,ERR,ERR,ERR,ERR,ERR,ERR,ERR,ERR,ERR,ERR,ERR,ERR,ERR,ERR,ERR,ERR,ERR,ERR,ERR,ERR,ERR,ERR,ERR,ERR,ERR,ERR,ERR,ERR,ERR,ERR,ERR,ERR,ERR,ERR,ERR,ERR,ERR,ERR,0.0,0.0,0.0,0.0,0.0,1.3936040501711995e+18,7.805,0.0,0,0,4,0,7116,0.0,100,0.0,0.0,0.0,0.0,0.0,0,0,0,0,0.0,0,0,0,0,0,0,0,0,0,0,0,0,0,0,0,0,0,0,0,0,0,0,0,0,0,0,0,0,0,0,0,0,0,31,40,40,71,65476,0,300,0,0,8,21553,0.0,-107605600.0,0.0,0.0,0.0,0.0,0.0,0.0,0.0,0.0,0.0,0.0,0.0,0.0,0.0,0.0,0.0,0.0,0.0,0.0,0.0,0.0,-2.004,2.004,-0.0,-0.0,0.0,0.0,0.0,0.0,6304.0,-0.0,6934.0,0.0,0.0,2.7184303811560617e+23,0.0,0.0,0.0,0.0,0.0,69,-107615400.0,0.0,0.0,0.0,0.0,0.0,0.0,0.0,0.0,0,0,0,0.0,0.0,0.0,0.0,0.0,0.0,0.0,0.0,0.0,0.0,0.0,0.0,0.0,0.0,0.0,0.0,0,-107875648.0,69,0.0,138,0.0,-0.0,0,13107,17040,13107,17049,0,17043,0,0,0,70,68,100,2.7302359370752657e+23,71.1,0.0,74.2,2.7302370179391762e+23,74.0,1,49,50,180,0,52429,0,0,0.0,0.0,0.0,0.0,-0.0,67.0,0.0,162057.094,0.0,750,0,739,0,0,0,721,0,766,0,735,0,742,0,741,0,712,0,7520,0.032,79456894976.0,0.0,0.0,784,16797,-0.0,162057.094,-114818.039,-0.0,0.133,6.909358625270745e+28,30.0,65.0,35,0.0,0.0,0.0,0.0,0.0,0.0,0.0,0.0,0.0,0.0,0.0,0.0,0.0,0.0,0.0,0.0,69.2,0,150,71,54,65476,0,300,0,1,8,20529,65476,0,0,40632,65.0,0.0,0.0,0.0,0.0,0.0
2026-09-04T20:48:22,ERR,ERR,ERR,ERR,ERR,ERR,ERR,ERR,ERR,ERR,ERR,ERR,ERR,ERR,ERR,ERR,ERR,ERR,ERR,ERR,ERR,ERR,ERR,ERR,ERR,ERR,ERR,ERR,ERR,ERR,ERR,ERR,ERR,ERR,ERR,ERR,ERR,ERR,ERR,ERR,ERR,ERR,ERR,ERR,ERR,ERR,ERR,ERR,ERR,ERR,ERR,ERR,ERR,ERR,ERR,ERR,ERR,ERR,ERR,ERR,ERR,ERR,ERR,ERR,ERR,ERR,ERR,ERR,ERR,ERR,ERR,ERR,ERR,ERR,ERR,ERR,ERR,ERR,ERR,ERR,ERR,ERR,ERR,ERR,ERR,ERR,ERR,ERR,ERR,ERR,ERR,ERR,ERR,ERR,ERR,ERR,ERR,ERR,ERR,ERR,ERR,ERR,ERR,ERR,ERR,ERR,ERR,ERR,ERR,ERR,ERR,ERR,ERR,ERR,ERR,ERR,ERR,ERR,ERR,ERR,ERR,ERR,ERR,ERR,ERR,0.0,0.0,0.0,0.0,0.0,1.3936040501711995e+18,7.805,0.0,0,0,4,0,7116,0.0,100,0.0,0.0,0.0,0.0,0.0,0,0,0,0,0.0,0,0,0,0,0,0,0,0,0,0,0,0,0,0,0,0,0,0,0,0,0,0,0,0,0,0,0,0,0,0,0,0,0,31,40,40,71,65476,0,300,0,0,8,21553,0.0,-107605600.0,0.0,0.0,0.0,0.0,0.0,0.0,0.0,0.0,0.0,0.0,0.0,0.0,0.0,0.0,0.0,0.0,0.0,0.0,0.0,0.0,-2.004,2.004,-0.0,-0.0,0.0,0.0,0.0,0.0,6304.0,-0.0,6934.0,0.0,0.0,2.7184303811560617e+23,0.0,0.0,0.0,0.0,0.0,69,-107615400.0,0.0,0.0,0.0,0.0,0.0,0.0,0.0,0.0,0,0,0,0.0,0.0,0.0,0.0,0.0,0.0,0.0,0.0,0.0,0.0,0.0,0.0,0.0,0.0,0.0,0.0,0,-107875648.0,69,0.0,138,0.0,-0.0,0,13107,17040,13107,17049,0,17043,0,0,0,70,68,100,2.7302359370752657e+23,71.1,0.0,74.2,2.7302370179391762e+23,74.0,1,49,50,180,0,52429,0,0,0.0,0.0,0.0,0.0,-0.0,67.0,0.0,162057.094,0.0,750,0,739,0,0,0,721,0,766,0,735,0,742,0,741,0,712,0,7520,0.032,79456894976.0,0.0,0.0,784,16797,-0.0,162057.094,-114818.039,-0.0,0.133,6.909358625270745e+28,30.0,65.0,35,0.0,0.0,0.0,0.0,0.0,0.0,0.0,0.0,0.0,0.0,0.0,0.0,0.0,0.0,0.0,0.0,69.2,0,150,71,54,65476,0,300,0,1,8,20529,65476,0,0,40632,65.0,0.0,0.0,0.0,0.0,0.0
2026-09-04T20:48:23,ERR,ERR,ERR,ERR,ERR,ERR,ERR,ERR,ERR,ERR,ERR,ERR,ERR,ERR,ERR,ERR,ERR,ERR,ERR,ERR,ERR,ERR,ERR,ERR,ERR,ERR,ERR,ERR,ERR,ERR,ERR,ERR,ERR,ERR,ERR,ERR,ERR,ERR,ERR,ERR,ERR,ERR,ERR,ERR,ERR,ERR,ERR,ERR,ERR,ERR,ERR,ERR,ERR,ERR,ERR,ERR,ERR,ERR,ERR,ERR,ERR,ERR,ERR,ERR,ERR,ERR,ERR,ERR,ERR,ERR,ERR,ERR,ERR,ERR,ERR,ERR,ERR,ERR,ERR,ERR,ERR,ERR,ERR,ERR,ERR,ERR,ERR,ERR,ERR,ERR,ERR,ERR,ERR,ERR,ERR,ERR,ERR,ERR,ERR,ERR,ERR,ERR,ERR,ERR,ERR,ERR,ERR,ERR,ERR,ERR,ERR,ERR,ERR,ERR,ERR,ERR,ERR,ERR,ERR,ERR,ERR,ERR,ERR,ERR,ERR,0.0,0.0,0.0,0.0,0.0,1.3936040501711995e+18,7.805,0.0,0,0,4,0,7116,0.0,100,0.0,0.0,0.0,0.0,0.0,0,0,0,0,0.0,0,0,0,0,0,0,0,0,0,0,0,0,0,0,0,0,0,0,0,0,0,0,0,0,0,0,0,0,0,0,0,0,0,31,40,40,71,65476,0,300,0,0,8,21553,0.0,-107605600.0,0.0,0.0,0.0,0.0,0.0,0.0,0.0,0.0,0.0,0.0,0.0,0.0,0.0,0.0,0.0,0.0,0.0,0.0,0.0,0.0,-2.004,2.004,-0.0,-0.0,0.0,0.0,0.0,0.0,6335.0,-2.422999721977704e+24,6915.0,0.0,0.0,2.7184303811560617e+23,0.0,0.0,0.0,0.0,0.0,69,-89221.164,-0.0,0.0,0.0,0.0,0.0,0.0,0.0,0.0,0,0,0,0.0,0.0,0.0,0.0,0.0,0.0,0.0,0.0,0.0,0.0,0.0,0.0,0.0,0.0,0.0,0.0,0,-107875648.0,69,0.0,138,0.0,-0.0,0,13107,17040,13107,17049,0,17043,0,0,0,70,68,100,2.7302359370752657e+23,71.1,0.0,74.2,2.7302370179391762e+23,74.0,1,49,50,180,0,52429,0,0,0.0,0.0,0.0,0.0,-0.0,67.0,0.0,162057.094,0.0,750,0,739,0,0,0,721,0,766,0,735,0,742,0,741,0,712,0,7520,0.032,79456894976.0,0.0,0.0,784,16797,-0.0,162057.094,-114818.039,-0.0,0.133,6.909358625270745e+28,30.0,65.0,35,0.0,0.0,0.0,0.0,0.0,0.0,0.0,0.0,0.0,0.0,0.0,0.0,0.0,0.0,0.0,0.0,69.2,0,150,71,54,65476,0,300,0,1,8,20529,65476,0,0,40632,65.0,0.0,0.0,0.0,0.0,0.0
2026-09-04T20:48:24,ERR,ERR,ERR,ERR,ERR,ERR,ERR,ERR,ERR,ERR,ERR,ERR,ERR,ERR,ERR,ERR,ERR,ERR,ERR,ERR,ERR,ERR,ERR,ERR,ERR,ERR,ERR,ERR,ERR,ERR,ERR,ERR,ERR,ERR,ERR,ERR,ERR,ERR,ERR,ERR,ERR,ERR,ERR,ERR,ERR,ERR,ERR,ERR,ERR,ERR,ERR,ERR,ERR,ERR,ERR,ERR,ERR,ERR,ERR,ERR,ERR,ERR,ERR,ERR,ERR,ERR,ERR,ERR,ERR,ERR,ERR,ERR,ERR,ERR,ERR,ERR,ERR,ERR,ERR,ERR,ERR,ERR,ERR,ERR,ERR,ERR,ERR,ERR,ERR,ERR,ERR,ERR,ERR,ERR,ERR,ERR,ERR,ERR,ERR,ERR,ERR,ERR,ERR,ERR,ERR,ERR,ERR,ERR,ERR,ERR,ERR,ERR,ERR,ERR,ERR,ERR,ERR,ERR,ERR,ERR,ERR,ERR,ERR,ERR,ERR,0.0,0.0,0.0,0.0,0.0,1.3936040501711995e+18,7.805,0.0,0,0,4,0,7116,0.0,100,0.0,0.0,0.0,0.0,0.0,0,0,0,0,0.0,0,0,0,0,0,0,0,0,0,0,0,0,0,0,0,0,0,0,0,0,0,0,0,0,0,0,0,0,0,0,0,0,0,31,40,40,71,65476,0,300,0,0,8,21553,0.0,-107605600.0,0.0,0.0,0.0,0.0,0.0,0.0,0.0,0.0,0.0,0.0,0.0,0.0,0.0,0.0,0.0,0.0,0.0,0.0,0.0,0.0,-2.004,2.004,-0.0,-0.0,0.0,0.0,0.0,0.0,6335.0,-2.422999721977704e+24,6915.0,0.0,0.0,2.7184303811560617e+23,0.0,0.0,0.0,0.0,0.0,69,-89221.164,-0.0,0.0,0.0,0.0,0.0,0.0,0.0,0.0,0,0,0,0.0,0.0,0.0,0.0,0.0,0.0,0.0,0.0,0.0,0.0,0.0,0.0,0.0,0.0,0.0,0.0,0,-107875648.0,69,0.0,138,0.0,-0.0,0,13107,17040,13107,17049,0,17043,0,0,0,70,68,100,2.7302359370752657e+23,71.1,0.0,74.2,2.7302370179391762e+23,74.0,1,49,50,180,0,52429,0,0,0.0,0.0,0.0,0.0,-0.0,67.0,0.0,162057.094,0.0,750,0,739,0,0,0,721,0,766,0,735,0,742,0,741,0,712,0,7520,0.032,79456894976.0,0.0,0.0,784,16797,-0.0,162057.094,-114818.039,-0.0,0.133,6.909358625270745e+28,30.0,65.0,35,0.0,0.0,0.0,0.0,0.0,0.0,0.0,0.0,0.0,0.0,0.0,0.0,0.0,0.0,0.0,0.0,69.2,0,150,71,54,65476,0,300,0,1,8,20529,65476,0,0,40632,65.0,0.0,0.0,0.0,0.0,0.0
2026-09-04T20:48:25,ERR,ERR,ERR,ERR,ERR,ERR,ERR,ERR,ERR,ERR,ERR,ERR,ERR,ERR,ERR,ERR,ERR,ERR,ERR,ERR,ERR,ERR,ERR,ERR,ERR,ERR,ERR,ERR,ERR,ERR,ERR,ERR,ERR,ERR,ERR,ERR,ERR,ERR,ERR,ERR,ERR,ERR,ERR,ERR,ERR,ERR,ERR,ERR,ERR,ERR,ERR,ERR,ERR,ERR,ERR,ERR,ERR,ERR,ERR,ERR,ERR,ERR,ERR,ERR,ERR,ERR,ERR,ERR,ERR,ERR,ERR,ERR,ERR,ERR,ERR,ERR,ERR,ERR,ERR,ERR,ERR,ERR,ERR,ERR,ERR,ERR,ERR,ERR,ERR,ERR,ERR,ERR,ERR,ERR,ERR,ERR,ERR,ERR,ERR,ERR,ERR,ERR,ERR,ERR,ERR,ERR,ERR,ERR,ERR,ERR,ERR,ERR,ERR,ERR,ERR,ERR,ERR,ERR,ERR,ERR,ERR,ERR,ERR,ERR,ERR,0.0,0.0,0.0,0.0,0.0,1.3936040501711995e+18,7.805,0.0,0,0,4,0,7116,0.0,100,0.0,0.0,0.0,0.0,0.0,0,0,0,0,0.0,0,0,0,0,0,0,0,0,0,0,0,0,0,0,0,0,0,0,0,0,0,0,0,0,0,0,0,0,0,0,0,0,0,31,40,40,71,65476,0,300,0,0,8,21553,0.0,-107605600.0,0.0,0.0,0.0,0.0,0.0,0.0,0.0,0.0,0.0,0.0,0.0,0.0,0.0,0.0,0.0,0.0,0.0,0.0,0.0,0.0,-2.004,2.004,-0.0,-0.0,0.0,0.0,0.0,0.0,6335.0,-2.422999721977704e+24,6915.0,0.0,0.0,2.7184303811560617e+23,0.0,0.0,0.0,0.0,0.0,69,-89221.164,-0.0,0.0,0.0,0.0,0.0,0.0,0.0,0.0,0,0,0,0.0,0.0,0.0,0.0,0.0,0.0,0.0,0.0,0.0,0.0,0.0,0.0,0.0,0.0,0.0,0.0,0,-107875648.0,69,0.0,138,0.0,-0.0,0,13107,17040,13107,17049,13107,17043,0,0,0,70,68,100,2.7302359370752657e+23,71.1,0.0,74.2,2.7302370179391762e+23,74.0,1,49,50,180,0,52429,0,0,0.0,0.0,0.0,0.0,-0.0,67.0,0.0,162057.094,0.0,750,0,739,0,0,0,721,0,766,0,735,0,742,0,741,0,712,0,7520,0.032,79456894976.0,0.0,0.0,784,16797,-0.0,162057.094,-114818.039,-0.0,0.133,6.909358625270745e+28,30.0,65.0,35,0.0,0.0,0.0,0.0,0.0,0.0,0.0,0.0,0.0,0.0,0.0,0.0,0.0,0.0,0.0,0.0,69.2,0,150,71,54,65476,0,300,0,1,8,20529,65476,0,0,40632,65.0,0.0,0.0,0.0,0.0,0.0
2026-09-04T20:48:26,ERR,ERR,ERR,ERR,ERR,ERR,ERR,ERR,ERR,ERR,ERR,ERR,ERR,ERR,ERR,ERR,ERR,ERR,ERR,ERR,ERR,ERR,ERR,ERR,ERR,ERR,ERR,ERR,ERR,ERR,ERR,ERR,ERR,ERR,ERR,ERR,ERR,ERR,ERR,ERR,ERR,ERR,ERR,ERR,ERR,ERR,ERR,ERR,ERR,ERR,ERR,ERR,ERR,ERR,ERR,ERR,ERR,ERR,ERR,ERR,ERR,ERR,ERR,ERR,ERR,ERR,ERR,ERR,ERR,ERR,ERR,ERR,ERR,ERR,ERR,ERR,ERR,ERR,ERR,ERR,ERR,ERR,ERR,ERR,ERR,ERR,ERR,ERR,ERR,ERR,ERR,ERR,ERR,ERR,ERR,ERR,ERR,ERR,ERR,ERR,ERR,ERR,ERR,ERR,ERR,ERR,ERR,ERR,ERR,ERR,ERR,ERR,ERR,ERR,ERR,ERR,ERR,ERR,ERR,ERR,ERR,ERR,ERR,ERR,ERR,0.0,0.0,0.0,0.0,0.0,1.3936040501711995e+18,7.805,0.0,0,0,4,0,7116,0.0,100,0.0,0.0,0.0,0.0,0.0,0,0,0,0,0.0,0,0,0,0,0,0,0,0,0,0,0,0,0,0,0,0,0,0,0,0,0,0,0,0,0,0,0,0,0,0,0,0,0,31,40,40,71,65476,0,300,0,0,8,21553,0.0,-107605600.0,0.0,0.0,0.0,0.0,0.0,0.0,0.0,0.0,0.0,0.0,0.0,0.0,0.0,0.0,0.0,0.0,0.0,0.0,0.0,0.0,-2.004,2.004,-0.0,-0.0,0.0,0.0,0.0,0.0,6335.0,-2.422999721977704e+24,6915.0,0.0,0.0,2.7184303811560617e+23,0.0,0.0,0.0,0.0,0.0,69,-89221.164,-0.0,0.0,0.0,0.0,0.0,0.0,0.0,0.0,0,0,0,0.0,0.0,0.0,0.0,0.0,0.0,0.0,0.0,0.0,0.0,0.0,0.0,0.0,0.0,0.0,0.0,0,-107875648.0,69,0.0,138,0.0,-0.0,0,13107,17040,13107,17049,13107,17043,0,0,0,70,68,100,2.7302359370752657e+23,71.1,0.0,74.2,2.7302370179391762e+23,74.0,1,49,50,180,0,52429,0,0,0.0,0.0,0.0,0.0,-0.0,67.0,0.0,162057.094,0.0,750,0,739,0,0,0,721,0,766,0,735,0,742,0,741,0,712,0,7520,0.032,79456894976.0,0.0,0.0,784,16797,-0.0,162057.094,-114818.039,-0.0,0.133,6.909358625270745e+28,30.0,65.0,35,0.0,0.0,0.0,0.0,0.0,0.0,0.0,0.0,0.0,0.0,0.0,0.0,0.0,0.0,0.0,0.0,69.2,0,150,71,54,65476,0,300,0,1,8,20529,65476,0,0,40632,65.0,0.0,0.0,0.0,0.0,0.0
2026-09-04T20:48:27,ERR,ERR,ERR,ERR,ERR,ERR,ERR,ERR,ERR,ERR,ERR,ERR,ERR,ERR,ERR,ERR,ERR,ERR,ERR,ERR,ERR,ERR,ERR,ERR,ERR,ERR,ERR,ERR,ERR,ERR,ERR,ERR,ERR,ERR,ERR,ERR,ERR,ERR,ERR,ERR,ERR,ERR,ERR,ERR,ERR,ERR,ERR,ERR,ERR,ERR,ERR,ERR,ERR,ERR,ERR,ERR,ERR,ERR,ERR,ERR,ERR,ERR,ERR,ERR,ERR,ERR,ERR,ERR,ERR,ERR,ERR,ERR,ERR,ERR,ERR,ERR,ERR,ERR,ERR,ERR,ERR,ERR,ERR,ERR,ERR,ERR,ERR,ERR,ERR,ERR,ERR,ERR,ERR,ERR,ERR,ERR,ERR,ERR,ERR,ERR,ERR,ERR,ERR,ERR,ERR,ERR,ERR,ERR,ERR,ERR,ERR,ERR,ERR,ERR,ERR,ERR,ERR,ERR,ERR,ERR,ERR,ERR,ERR,ERR,ERR,0.0,0.0,0.0,0.0,0.0,1.3936040501711995e+18,7.805,0.0,0,0,4,0,7116,0.0,100,0.0,0.0,0.0,0.0,0.0,0,0,0,0,0.0,0,0,0,0,0,0,0,0,0,0,0,0,0,0,0,0,0,0,0,0,0,0,0,0,0,0,0,0,0,0,0,0,0,31,40,40,71,65476,0,300,0,0,8,21553,0.0,-107605600.0,0.0,0.0,0.0,0.0,0.0,0.0,0.0,0.0,0.0,0.0,0.0,0.0,0.0,0.0,0.0,0.0,0.0,0.0,0.0,0.0,-2.004,2.004,-0.0,-0.0,0.0,0.0,0.0,0.0,6335.0,-2.422999721977704e+24,6915.0,0.0,0.0,2.7184303811560617e+23,0.0,0.0,0.0,0.0,0.0,69,-89221.164,-0.0,0.0,0.0,0.0,0.0,0.0,0.0,0.0,0,0,0,0.0,0.0,0.0,0.0,0.0,0.0,0.0,0.0,0.0,0.0,0.0,0.0,0.0,0.0,0.0,0.0,0,-107875648.0,69,0.0,138,0.0,-0.0,0,13107,17040,13107,17049,13107,17043,0,0,0,70,68,100,2.7302359370752657e+23,71.1,0.0,74.2,2.7302370179391762e+23,74.0,1,49,50,180,0,52429,0,0,0.0,0.0,0.0,0.0,-0.0,67.0,0.0,162057.094,0.0,750,0,739,0,0,0,721,0,766,0,735,0,742,0,741,0,712,0,7520,0.032,79456894976.0,0.0,0.0,784,16797,-0.0,162057.094,-114818.039,-0.0,0.133,6.909358625270745e+28,30.0,65.0,35,0.0,0.0,0.0,0.0,0.0,0.0,0.0,0.0,0.0,0.0,0.0,0.0,0.0,0.0,0.0,0.0,69.2,0,150,71,54,65476,0,300,0,1,8,20529,65476,0,0,40632,65.0,0.0,0.0,0.0,0.0,0.0
2026-09-04T20:48:28,ERR,ERR,ERR,ERR,ERR,ERR,ERR,ERR,ERR,ERR,ERR,ERR,ERR,ERR,ERR,ERR,ERR,ERR,ERR,ERR,ERR,ERR,ERR,ERR,ERR,ERR,ERR,ERR,ERR,ERR,ERR,ERR,ERR,ERR,ERR,ERR,ERR,ERR,ERR,ERR,ERR,ERR,ERR,ERR,ERR,ERR,ERR,ERR,ERR,ERR,ERR,ERR,ERR,ERR,ERR,ERR,ERR,ERR,ERR,ERR,ERR,ERR,ERR,ERR,ERR,ERR,ERR,ERR,ERR,ERR,ERR,ERR,ERR,ERR,ERR,ERR,ERR,ERR,ERR,ERR,ERR,ERR,ERR,ERR,ERR,ERR,ERR,ERR,ERR,ERR,ERR,ERR,ERR,ERR,ERR,ERR,ERR,ERR,ERR,ERR,ERR,ERR,ERR,ERR,ERR,ERR,ERR,ERR,ERR,ERR,ERR,ERR,ERR,ERR,ERR,ERR,ERR,ERR,ERR,ERR,ERR,ERR,ERR,ERR,ERR,0.0,0.0,0.0,0.0,0.0,1.3936040501711995e+18,7.805,0.0,0,0,4,0,7116,0.0,100,0.0,0.0,0.0,0.0,0.0,0,0,0,0,0.0,0,0,0,0,0,0,0,0,0,0,0,0,0,0,0,0,0,0,0,0,0,0,0,0,0,0,0,0,0,0,0,0,0,31,40,40,71,65476,0,300,0,0,8,21553,0.0,-107605600.0,0.0,0.0,0.0,0.0,0.0,0.0,0.0,0.0,0.0,0.0,0.0,0.0,0.0,0.0,0.0,0.0,0.0,0.0,0.0,0.0,-2.004,2.004,-0.0,-0.0,0.0,0.0,0.0,0.0,6335.0,-2.422999721977704e+24,6915.0,0.0,0.0,2.7184303811560617e+23,0.0,0.0,0.0,0.0,0.0,69,-89221.164,-0.0,0.0,0.0,0.0,0.0,0.0,0.0,0.0,0,0,0,0.0,0.0,0.0,0.0,0.0,0.0,0.0,0.0,0.0,0.0,0.0,0.0,0.0,0.0,0.0,0.0,0,-107875648.0,69,0.0,138,0.0,-0.0,0,13107,17040,13107,17049,13107,17043,0,0,0,70,68,100,2.7302359370752657e+23,71.1,0.0,74.2,2.7302370179391762e+23,74.0,1,49,50,180,0,52429,0,0,0.0,0.0,0.0,0.0,-0.0,67.0,0.0,162057.094,0.0,750,0,739,0,0,0,721,0,766,0,735,0,742,0,741,0,712,0,7520,0.032,79456894976.0,0.0,0.0,784,16797,-0.0,162057.094,-114818.039,-0.0,0.133,6.909358625270745e+28,30.0,65.0,35,0.0,0.0,0.0,0.0,0.0,0.0,0.0,0.0,0.0,0.0,0.0,0.0,0.0,0.0,0.0,0.0,69.2,0,150,71,54,65476,0,300,0,1,8,20529,65476,0,0,40632,65.0,0.0,0.0,0.0,0.0,0.0
2026-09-04T20:48:29,ERR,ERR,ERR,ERR,ERR,ERR,ERR,ERR,ERR,ERR,ERR,ERR,ERR,ERR,ERR,ERR,ERR,ERR,ERR,ERR,ERR,ERR,ERR,ERR,ERR,ERR,ERR,ERR,ERR,ERR,ERR,ERR,ERR,ERR,ERR,ERR,ERR,ERR,ERR,ERR,ERR,ERR,ERR,ERR,ERR,ERR,ERR,ERR,ERR,ERR,ERR,ERR,ERR,ERR,ERR,ERR,ERR,ERR,ERR,ERR,ERR,ERR,ERR,ERR,ERR,ERR,ERR,ERR,ERR,ERR,ERR,ERR,ERR,ERR,ERR,ERR,ERR,ERR,ERR,ERR,ERR,ERR,ERR,ERR,ERR,ERR,ERR,ERR,ERR,ERR,ERR,ERR,ERR,ERR,ERR,ERR,ERR,ERR,ERR,ERR,ERR,ERR,ERR,ERR,ERR,ERR,ERR,ERR,ERR,ERR,ERR,ERR,ERR,ERR,ERR,ERR,ERR,ERR,ERR,ERR,ERR,ERR,ERR,ERR,ERR,0.0,0.0,0.0,0.0,0.0,1.3936040501711995e+18,7.805,0.0,0,0,4,0,7116,0.0,100,0.0,0.0,0.0,0.0,0.0,0,0,0,0,0.0,0,0,0,0,0,0,0,0,0,0,0,0,0,0,0,0,0,0,0,0,0,0,0,0,0,0,0,0,0,0,0,0,0,31,40,40,71,65476,0,300,0,0,8,21553,0.0,-107605600.0,0.0,0.0,0.0,0.0,0.0,0.0,0.0,0.0,0.0,0.0,0.0,0.0,0.0,0.0,0.0,0.0,0.0,0.0,0.0,0.0,-2.004,2.004,-0.0,-0.0,0.0,0.0,0.0,0.0,6335.0,-2.422999721977704e+24,6915.0,0.0,0.0,2.7184303811560617e+23,0.0,0.0,0.0,0.0,0.0,69,-89221.164,-0.0,0.0,0.0,0.0,0.0,0.0,0.0,0.0,0,0,0,0.0,0.0,0.0,0.0,0.0,0.0,0.0,0.0,0.0,0.0,0.0,0.0,0.0,0.0,0.0,0.0,0,-107875648.0,69,0.0,138,0.0,-0.0,0,13107,17040,13107,17049,13107,17043,0,0,0,70,68,100,2.7302359370752657e+23,71.1,0.0,74.2,2.7302370179391762e+23,74.0,1,49,50,180,0,52429,0,0,0.0,0.0,0.0,0.0,-0.0,67.0,0.0,162057.094,0.0,750,0,739,0,0,0,721,0,766,0,735,0,742,0,741,0,712,0,7520,0.032,79456894976.0,0.0,0.0,784,16797,-0.0,162057.094,-114818.039,-0.0,0.133,6.909358625270745e+28,30.0,65.0,35,0.0,0.0,0.0,0.0,0.0,0.0,0.0,0.0,0.0,0.0,0.0,0.0,0.0,0.0,0.0,0.0,69.2,0,150,71,54,65476,0,300,0,1,8,20529,65476,0,0,40632,65.0,0.0,0.0,0.0,0.0,0.0
2026-09-04T20:48:30,ERR,ERR,ERR,ERR,ERR,ERR,ERR,ERR,ERR,ERR,ERR,ERR,ERR,ERR,ERR,ERR,ERR,ERR,ERR,ERR,ERR,ERR,ERR,ERR,ERR,ERR,ERR,ERR,ERR,ERR,ERR,ERR,ERR,ERR,ERR,ERR,ERR,ERR,ERR,ERR,ERR,ERR,ERR,ERR,ERR,ERR,ERR,ERR,ERR,ERR,ERR,ERR,ERR,ERR,ERR,ERR,ERR,ERR,ERR,ERR,ERR,ERR,ERR,ERR,ERR,ERR,ERR,ERR,ERR,ERR,ERR,ERR,ERR,ERR,ERR,ERR,ERR,ERR,ERR,ERR,ERR,ERR,ERR,ERR,ERR,ERR,ERR,ERR,ERR,ERR,ERR,ERR,ERR,ERR,ERR,ERR,ERR,ERR,ERR,ERR,ERR,ERR,ERR,ERR,ERR,ERR,ERR,ERR,ERR,ERR,ERR,ERR,ERR,ERR,ERR,ERR,ERR,ERR,ERR,ERR,ERR,ERR,ERR,ERR,ERR,0.0,0.0,0.0,0.0,0.0,1.3936040501711995e+18,7.805,0.0,0,0,4,0,7116,0.0,100,0.0,0.0,0.0,0.0,0.0,0,0,0,0,0.0,0,0,0,0,0,0,0,0,0,0,0,0,0,0,0,0,0,0,0,0,0,0,0,0,0,0,0,0,0,0,0,0,0,31,40,40,71,65476,0,300,0,0,8,21553,0.0,-107605600.0,0.0,0.0,0.0,0.0,0.0,0.0,0.0,0.0,0.0,0.0,0.0,0.0,0.0,0.0,0.0,0.0,0.0,0.0,0.0,0.0,-0.0,2.004,-0.0,-0.0,0.0,0.0,0.0,0.0,6369.0,131351.109,6921.0,0.0,0.0,2.7184303811560617e+23,0.0,0.0,0.0,0.0,0.0,69,-89221.164,0.0,0.0,0.0,0.0,0.0,0.0,0.0,0.0,0,0,0,0.0,0.0,0.0,0.0,0.0,0.0,0.0,0.0,0.0,0.0,0.0,0.0,0.0,0.0,0.0,0.0,0,-107875648.0,69,0.0,138,0.0,-0.0,0,13107,17040,13107,17049,0,17043,0,0,0,70,68,100,2.7302359370752657e+23,71.1,0.0,74.2,2.7302370179391762e+23,74.0,1,49,50,180,0,52429,0,0,0.0,0.0,0.0,0.0,-0.0,67.0,0.0,162057.094,0.0,750,0,739,0,0,0,721,0,766,0,736,0,742,0,741,0,712,0,7520,0.032,78920024064.0,0.0,0.0,784,16797,-0.0,162057.094,-114818.039,-0.0,0.133,6.909358625270745e+28,30.0,65.0,35,0.0,0.0,0.0,0.0,0.0,0.0,0.0,0.0,0.0,0.0,0.0,0.0,0.0,0.0,0.0,0.0,69.2,0,150,71,54,65476,0,300,0,1,8,20529,65476,0,0,40632,65.0,0.0,0.0,0.0,0.0,0.0
2026-09-04T20:48:31,ERR,ERR,ERR,ERR,ERR,ERR,ERR,ERR,ERR,ERR,ERR,ERR,ERR,ERR,ERR,ERR,ERR,ERR,ERR,ERR,ERR,ERR,ERR,ERR,ERR,ERR,ERR,ERR,ERR,ERR,ERR,ERR,ERR,ERR,ERR,ERR,ERR,ERR,ERR,ERR,ERR,ERR,ERR,ERR,ERR,ERR,ERR,ERR,ERR,ERR,ERR,ERR,ERR,ERR,ERR,ERR,ERR,ERR,ERR,ERR,ERR,ERR,ERR,ERR,ERR,ERR,ERR,ERR,ERR,ERR,ERR,ERR,ERR,ERR,ERR,ERR,ERR,ERR,ERR,ERR,ERR,ERR,ERR,ERR,ERR,ERR,ERR,ERR,ERR,ERR,ERR,ERR,ERR,ERR,ERR,ERR,ERR,ERR,ERR,ERR,ERR,ERR,ERR,ERR,ERR,ERR,ERR,ERR,ERR,ERR,ERR,ERR,ERR,ERR,ERR,ERR,ERR,ERR,ERR,ERR,ERR,ERR,ERR,ERR,ERR,0.0,0.0,0.0,0.0,0.0,1.3936040501711995e+18,7.805,0.0,0,0,4,0,7116,0.0,100,0.0,0.0,0.0,0.0,0.0,0,0,0,0,0.0,0,0,0,0,0,0,0,0,0,0,0,0,0,0,0,0,0,0,0,0,0,0,0,0,0,0,0,0,0,0,0,0,0,31,40,40,71,65476,0,300,0,0,8,21553,0.0,-107605600.0,0.0,0.0,0.0,0.0,0.0,0.0,0.0,0.0,0.0,0.0,0.0,0.0,0.0,0.0,0.0,0.0,0.0,0.0,0.0,0.0,-0.0,2.004,-0.0,-0.0,0.0,0.0,0.0,0.0,6369.0,131351.109,6921.0,0.0,0.0,2.7184303811560617e+23,0.0,0.0,0.0,0.0,0.0,69,-89221.164,0.0,0.0,0.0,0.0,0.0,0.0,0.0,0.0,0,0,0,0.0,0.0,0.0,0.0,0.0,0.0,0.0,0.0,0.0,0.0,0.0,0.0,0.0,0.0,0.0,0.0,0,-107875648.0,69,0.0,138,0.0,-0.0,0,13107,17040,13107,17049,0,17043,0,0,0,70,68,100,2.7302359370752657e+23,71.1,0.0,74.2,2.7302370179391762e+23,74.0,1,49,50,180,0,52429,0,0,0.0,0.0,0.0,0.0,-0.0,67.0,0.0,162057.094,0.0,750,0,739,0,0,0,721,0,766,0,736,0,742,0,741,0,712,0,7520,0.032,78920024064.0,0.0,0.0,784,16797,-0.0,162057.094,-114818.039,-0.0,0.133,6.909358625270745e+28,30.0,65.0,35,0.0,0.0,0.0,0.0,0.0,0.0,0.0,0.0,0.0,0.0,0.0,0.0,0.0,0.0,0.0,0.0,69.2,0,150,71,54,65476,0,300,0,1,8,20529,65476,0,0,40632,65.0,0.0,0.0,0.0,0.0,0.0
2026-09-04T20:48:32,ERR,ERR,ERR,ERR,ERR,ERR,ERR,ERR,ERR,ERR,ERR,ERR,ERR,ERR,ERR,ERR,ERR,ERR,ERR,ERR,ERR,ERR,ERR,ERR,ERR,ERR,ERR,ERR,ERR,ERR,ERR,ERR,ERR,ERR,ERR,ERR,ERR,ERR,ERR,ERR,ERR,ERR,ERR,ERR,ERR,ERR,ERR,ERR,ERR,ERR,ERR,ERR,ERR,ERR,ERR,ERR,ERR,ERR,ERR,ERR,ERR,ERR,ERR,ERR,ERR,ERR,ERR,ERR,ERR,ERR,ERR,ERR,ERR,ERR,ERR,ERR,ERR,ERR,ERR,ERR,ERR,ERR,ERR,ERR,ERR,ERR,ERR,ERR,ERR,ERR,ERR,ERR,ERR,ERR,ERR,ERR,ERR,ERR,ERR,ERR,ERR,ERR,ERR,ERR,ERR,ERR,ERR,ERR,ERR,ERR,ERR,ERR,ERR,ERR,ERR,ERR,ERR,ERR,ERR,ERR,ERR,ERR,ERR,ERR,ERR,0.0,0.0,0.0,0.0,0.0,1.3936040501711995e+18,7.805,0.0,0,0,4,0,7116,0.0,100,0.0,0.0,0.0,0.0,0.0,0,0,0,0,0.0,0,0,0,0,0,0,0,0,0,0,0,0,0,0,0,0,0,0,0,0,0,0,0,0,0,0,0,0,0,0,0,0,0,31,40,40,71,65476,0,300,0,0,8,21553,0.0,-107605600.0,0.0,0.0,0.0,0.0,0.0,0.0,0.0,0.0,0.0,0.0,0.0,0.0,0.0,0.0,0.0,0.0,0.0,0.0,0.0,0.0,-0.0,2.004,-0.0,-0.0,0.0,0.0,0.0,0.0,6369.0,131351.109,6921.0,0.0,0.0,2.7184303811560617e+23,0.0,0.0,0.0,0.0,0.0,69,-89221.164,0.0,0.0,0.0,0.0,0.0,0.0,0.0,0.0,0,0,0,0.0,0.0,0.0,0.0,0.0,0.0,0.0,0.0,0.0,0.0,0.0,0.0,0.0,0.0,0.0,0.0,0,-107875648.0,69,0.0,138,0.0,-0.0,0,13107,17040,13107,17049,0,17043,0,0,0,70,68,100,2.7302359370752657e+23,71.1,0.0,74.2,2.7302370179391762e+23,74.0,1,49,50,180,0,52429,0,0,0.0,0.0,0.0,0.0,-0.0,67.0,0.0,162057.094,0.0,750,0,739,0,0,0,721,0,766,0,736,0,742,0,741,0,712,0,7520,0.032,78920024064.0,0.0,0.0,784,16797,-0.0,162057.094,-114818.039,-0.0,0.133,6.909358625270745e+28,30.0,65.0,35,0.0,0.0,0.0,0.0,0.0,0.0,0.0,0.0,0.0,0.0,0.0,0.0,0.0,0.0,0.0,0.0,69.2,0,150,71,54,65476,0,300,0,1,8,20529,65476,0,0,40632,65.0,0.0,0.0,0.0,0.0,0.0
2026-09-04T20:48:33,ERR,ERR,ERR,ERR,ERR,ERR,ERR,ERR,ERR,ERR,ERR,ERR,ERR,ERR,ERR,ERR,ERR,ERR,ERR,ERR,ERR,ERR,ERR,ERR,ERR,ERR,ERR,ERR,ERR,ERR,ERR,ERR,ERR,ERR,ERR,ERR,ERR,ERR,ERR,ERR,ERR,ERR,ERR,ERR,ERR,ERR,ERR,ERR,ERR,ERR,ERR,ERR,ERR,ERR,ERR,ERR,ERR,ERR,ERR,ERR,ERR,ERR,ERR,ERR,ERR,ERR,ERR,ERR,ERR,ERR,ERR,ERR,ERR,ERR,ERR,ERR,ERR,ERR,ERR,ERR,ERR,ERR,ERR,ERR,ERR,ERR,ERR,ERR,ERR,ERR,ERR,ERR,ERR,ERR,ERR,ERR,ERR,ERR,ERR,ERR,ERR,ERR,ERR,ERR,ERR,ERR,ERR,ERR,ERR,ERR,ERR,ERR,ERR,ERR,ERR,ERR,ERR,ERR,ERR,ERR,ERR,ERR,ERR,ERR,ERR,0.0,0.0,0.0,0.0,0.0,1.3936040501711995e+18,7.805,0.0,0,0,4,0,7116,0.0,100,0.0,0.0,0.0,0.0,0.0,0,0,0,0,0.0,0,0,0,0,0,0,0,0,0,0,0,0,0,0,0,0,0,0,0,0,0,0,0,0,0,0,0,0,0,0,0,0,0,31,40,40,71,65476,0,300,0,0,8,21553,0.0,-107605600.0,0.0,0.0,0.0,0.0,0.0,0.0,0.0,0.0,0.0,0.0,0.0,0.0,0.0,0.0,0.0,0.0,0.0,0.0,0.0,0.0,-0.0,2.004,-0.0,-0.0,0.0,0.0,0.0,0.0,6369.0,131351.109,6921.0,0.0,0.0,2.7184303811560617e+23,0.0,0.0,0.0,0.0,0.0,69,-89221.164,0.0,0.0,0.0,0.0,0.0,0.0,0.0,0.0,0,0,0,0.0,0.0,0.0,0.0,0.0,0.0,0.0,0.0,0.0,0.0,0.0,0.0,0.0,0.0,0.0,0.0,0,-107875648.0,69,0.0,138,0.0,-0.0,0,13107,17040,13107,17049,0,17043,0,0,0,70,68,100,2.7302359370752657e+23,71.1,0.0,74.2,2.7302370179391762e+23,74.0,1,49,50,180,0,52429,0,0,0.0,0.0,0.0,0.0,-0.0,67.0,0.0,162057.094,0.0,750,0,739,0,0,0,721,0,766,0,736,0,742,0,741,0,712,0,7520,0.032,78920024064.0,0.0,0.0,784,16797,-0.0,162057.094,-114818.039,-0.0,0.133,6.909358625270745e+28,30.0,65.0,35,0.0,0.0,0.0,0.0,0.0,0.0,0.0,0.0,0.0,0.0,0.0,0.0,0.0,0.0,0.0,0.0,69.2,0,150,71,54,65476,0,300,0,1,8,20529,65476,0,0,40632,65.0,0.0,0.0,0.0,0.0,0.0
2026-09-04T20:48:34,ERR,ERR,ERR,ERR,ERR,ERR,ERR,ERR,ERR,ERR,ERR,ERR,ERR,ERR,ERR,ERR,ERR,ERR,ERR,ERR,ERR,ERR,ERR,ERR,ERR,ERR,ERR,ERR,ERR,ERR,ERR,ERR,ERR,ERR,ERR,ERR,ERR,ERR,ERR,ERR,ERR,ERR,ERR,ERR,ERR,ERR,ERR,ERR,ERR,ERR,ERR,ERR,ERR,ERR,ERR,ERR,ERR,ERR,ERR,ERR,ERR,ERR,ERR,ERR,ERR,ERR,ERR,ERR,ERR,ERR,ERR,ERR,ERR,ERR,ERR,ERR,ERR,ERR,ERR,ERR,ERR,ERR,ERR,ERR,ERR,ERR,ERR,ERR,ERR,ERR,ERR,ERR,ERR,ERR,ERR,ERR,ERR,ERR,ERR,ERR,ERR,ERR,ERR,ERR,ERR,ERR,ERR,ERR,ERR,ERR,ERR,ERR,ERR,ERR,ERR,ERR,ERR,ERR,ERR,ERR,ERR,ERR,ERR,ERR,ERR,0.0,0.0,0.0,0.0,0.0,1.3936040501711995e+18,7.805,0.0,0,0,4,0,7116,0.0,100,0.0,0.0,0.0,0.0,0.0,0,0,0,0,0.0,0,0,0,0,0,0,0,0,0,0,0,0,0,0,0,0,0,0,0,0,0,0,0,0,0,0,0,0,0,0,0,0,0,31,40,40,71,65476,0,300,0,0,8,21553,0.0,-107605600.0,0.0,0.0,0.0,0.0,0.0,0.0,0.0,0.0,0.0,0.0,0.0,0.0,0.0,0.0,0.0,0.0,0.0,0.0,0.0,0.0,-0.0,2.004,-0.0,-0.0,0.0,0.0,0.0,0.0,6369.0,131351.109,6921.0,0.0,0.0,2.7184303811560617e+23,0.0,0.0,0.0,0.0,0.0,69,-89221.164,0.0,0.0,0.0,0.0,0.0,0.0,0.0,0.0,0,0,0,0.0,0.0,0.0,0.0,0.0,0.0,0.0,0.0,0.0,0.0,0.0,0.0,0.0,0.0,0.0,0.0,0,-107875648.0,69,0.0,138,0.0,-0.0,0,13107,17040,13107,17049,0,17043,0,0,0,70,68,100,2.7302359370752657e+23,71.1,0.0,74.2,2.7302370179391762e+23,74.0,1,49,50,180,0,52429,0,0,0.0,0.0,0.0,0.0,-0.0,67.0,0.0,162057.094,0.0,750,0,739,0,0,0,721,0,766,0,736,0,742,0,741,0,712,0,7520,0.032,78920024064.0,0.0,0.0,784,16797,-0.0,162057.094,-114818.039,-0.0,0.133,6.909358625270745e+28,30.0,65.0,35,0.0,0.0,0.0,0.0,0.0,0.0,0.0,0.0,0.0,0.0,0.0,0.0,0.0,0.0,0.0,0.0,69.2,0,150,71,54,65476,0,300,0,1,8,20529,65476,0,0,40632,65.0,0.0,0.0,0.0,0.0,0.0
2026-09-04T20:48:35,ERR,ERR,ERR,ERR,ERR,ERR,ERR,ERR,ERR,ERR,ERR,ERR,ERR,ERR,ERR,ERR,ERR,ERR,ERR,ERR,ERR,ERR,ERR,ERR,ERR,ERR,ERR,ERR,ERR,ERR,ERR,ERR,ERR,ERR,ERR,ERR,ERR,ERR,ERR,ERR,ERR,ERR,ERR,ERR,ERR,ERR,ERR,ERR,ERR,ERR,ERR,ERR,ERR,ERR,ERR,ERR,ERR,ERR,ERR,ERR,ERR,ERR,ERR,ERR,ERR,ERR,ERR,ERR,ERR,ERR,ERR,ERR,ERR,ERR,ERR,ERR,ERR,ERR,ERR,ERR,ERR,ERR,ERR,ERR,ERR,ERR,ERR,ERR,ERR,ERR,ERR,ERR,ERR,ERR,ERR,ERR,ERR,ERR,ERR,ERR,ERR,ERR,ERR,ERR,ERR,ERR,ERR,ERR,ERR,ERR,ERR,ERR,ERR,ERR,ERR,ERR,ERR,ERR,ERR,ERR,ERR,ERR,ERR,ERR,ERR,0.0,0.0,0.0,0.0,0.0,1.3936040501711995e+18,7.805,0.0,0,0,4,0,7116,0.0,100,0.0,0.0,0.0,0.0,0.0,0,0,0,0,0.0,0,0,0,0,0,0,0,0,0,0,0,0,0,0,0,0,0,0,0,0,0,0,0,0,0,0,0,0,0,0,0,0,0,31,40,40,71,65476,0,300,0,0,8,21553,0.0,-107605600.0,0.0,0.0,0.0,0.0,0.0,0.0,0.0,0.0,0.0,0.0,0.0,0.0,0.0,0.0,0.0,0.0,0.0,0.0,0.0,0.0,-0.0,2.004,-0.0,-0.0,0.0,0.0,0.0,0.0,6369.0,131351.109,6921.0,0.0,0.0,2.7184303811560617e+23,0.0,0.0,0.0,0.0,0.0,69,-89221.164,0.0,0.0,0.0,0.0,0.0,0.0,0.0,0.0,0,0,0,0.0,0.0,0.0,0.0,0.0,0.0,0.0,0.0,0.0,0.0,0.0,0.0,0.0,0.0,0.0,0.0,0,-107875648.0,69,0.0,138,0.0,-0.0,0,13107,17040,13107,17049,0,17043,0,0,0,70,68,100,2.7302359370752657e+23,71.1,0.0,74.2,2.7302370179391762e+23,74.0,1,49,50,180,0,52429,0,0,0.0,0.0,0.0,0.0,-0.0,67.0,0.0,162057.094,0.0,750,0,739,0,0,0,721,0,766,0,736,0,742,0,741,0,712,0,7520,0.032,78920024064.0,0.0,0.0,784,16797,-0.0,162057.094,-114818.039,-0.0,0.133,6.909358625270745e+28,30.0,65.0,35,0.0,0.0,0.0,0.0,0.0,0.0,0.0,0.0,0.0,0.0,0.0,0.0,0.0,0.0,0.0,0.0,69.2,0,150,71,54,65476,0,300,0,1,8,20529,65476,0,0,40632,65.0,0.0,0.0,0.0,0.0,0.0
2026-09-04T20:48:36,ERR,ERR,ERR,ERR,ERR,ERR,ERR,ERR,ERR,ERR,ERR,ERR,ERR,ERR,ERR,ERR,ERR,ERR,ERR,ERR,ERR,ERR,ERR,ERR,ERR,ERR,ERR,ERR,ERR,ERR,ERR,ERR,ERR,ERR,ERR,ERR,ERR,ERR,ERR,ERR,ERR,ERR,ERR,ERR,ERR,ERR,ERR,ERR,ERR,ERR,ERR,ERR,ERR,ERR,ERR,ERR,ERR,ERR,ERR,ERR,ERR,ERR,ERR,ERR,ERR,ERR,ERR,ERR,ERR,ERR,ERR,ERR,ERR,ERR,ERR,ERR,ERR,ERR,ERR,ERR,ERR,ERR,ERR,ERR,ERR,ERR,ERR,ERR,ERR,ERR,ERR,ERR,ERR,ERR,ERR,ERR,ERR,ERR,ERR,ERR,ERR,ERR,ERR,ERR,ERR,ERR,ERR,ERR,ERR,ERR,ERR,ERR,ERR,ERR,ERR,ERR,ERR,ERR,ERR,ERR,ERR,ERR,ERR,ERR,ERR,0.0,0.0,0.0,0.0,0.0,1.3936040501711995e+18,7.805,0.0,0,0,4,0,7116,0.0,100,0.0,0.0,0.0,0.0,0.0,0,0,0,0,0.0,0,0,0,0,0,0,0,0,0,0,0,0,0,0,0,0,0,0,0,0,0,0,0,0,0,0,0,0,0,0,0,0,0,31,40,40,71,65476,0,300,0,0,8,21553,0.0,-107605600.0,0.0,0.0,0.0,0.0,0.0,0.0,0.0,0.0,0.0,0.0,0.0,0.0,0.0,0.0,0.0,0.0,0.0,0.0,0.0,0.0,-0.0,2.004,-0.0,-0.0,0.0,0.0,0.0,0.0,6369.0,131351.109,6921.0,0.0,0.0,2.7184303811560617e+23,0.0,0.0,0.0,0.0,0.0,69,-89221.164,0.0,0.0,0.0,0.0,0.0,0.0,0.0,0.0,0,0,0,0.0,0.0,0.0,0.0,0.0,0.0,0.0,0.0,0.0,0.0,0.0,0.0,0.0,0.0,0.0,0.0,0,-107875648.0,69,0.0,138,0.0,-0.0,0,13107,17040,13107,17049,0,17043,0,0,0,70,68,100,2.7302359370752657e+23,71.1,0.0,74.2,2.7302370179391762e+23,74.0,1,49,50,180,0,52429,0,0,0.0,0.0,0.0,0.0,-0.0,67.0,0.0,162057.094,0.0,750,0,739,0,0,0,721,0,766,0,735,0,742,0,741,0,712,0,7520,0.032,78920024064.0,0.0,0.0,784,16797,-0.0,162057.094,-114818.039,-0.0,0.133,6.909358625270745e+28,30.0,65.0,35,0.0,0.0,0.0,0.0,0.0,0.0,0.0,0.0,0.0,0.0,0.0,0.0,0.0,0.0,0.0,0.0,69.2,0,150,71,54,65476,0,300,0,1,8,20529,65476,0,0,40632,65.0,0.0,0.0,0.0,0.0,0.0
2026-09-04T20:48:37,ERR,ERR,ERR,ERR,ERR,ERR,ERR,ERR,ERR,ERR,ERR,ERR,ERR,ERR,ERR,ERR,ERR,ERR,ERR,ERR,ERR,ERR,ERR,ERR,ERR,ERR,ERR,ERR,ERR,ERR,ERR,ERR,ERR,ERR,ERR,ERR,ERR,ERR,ERR,ERR,ERR,ERR,ERR,ERR,ERR,ERR,ERR,ERR,ERR,ERR,ERR,ERR,ERR,ERR,ERR,ERR,ERR,ERR,ERR,ERR,ERR,ERR,ERR,ERR,ERR,ERR,ERR,ERR,ERR,ERR,ERR,ERR,ERR,ERR,ERR,ERR,ERR,ERR,ERR,ERR,ERR,ERR,ERR,ERR,ERR,ERR,ERR,ERR,ERR,ERR,ERR,ERR,ERR,ERR,ERR,ERR,ERR,ERR,ERR,ERR,ERR,ERR,ERR,ERR,ERR,ERR,ERR,ERR,ERR,ERR,ERR,ERR,ERR,ERR,ERR,ERR,ERR,ERR,ERR,ERR,ERR,ERR,ERR,ERR,ERR,0.0,0.0,0.0,0.0,0.0,1.3936040501711995e+18,7.805,0.0,0,0,4,0,7116,0.0,100,0.0,0.0,0.0,0.0,0.0,0,0,0,0,0.0,0,0,0,0,0,0,0,0,0,0,0,0,0,0,0,0,0,0,0,0,0,0,0,0,0,0,0,0,0,0,0,0,0,31,40,40,71,65476,0,300,0,0,8,21553,0.0,-107605600.0,0.0,0.0,0.0,0.0,0.0,0.0,0.0,0.0,0.0,0.0,0.0,0.0,0.0,0.0,0.0,0.0,0.0,0.0,0.0,0.0,-0.0,2.004,-0.0,-0.0,0.0,0.0,0.0,0.0,6369.0,131351.109,6921.0,0.0,0.0,2.7184303811560617e+23,0.0,0.0,0.0,0.0,0.0,69,-89221.164,0.0,0.0,0.0,0.0,0.0,0.0,0.0,0.0,0,0,0,0.0,0.0,0.0,0.0,0.0,0.0,0.0,0.0,0.0,0.0,0.0,0.0,0.0,0.0,0.0,0.0,0,-107875648.0,69,0.0,138,0.0,-0.0,0,13107,17040,13107,17049,0,17043,0,0,0,70,68,100,2.7302359370752657e+23,71.1,0.0,74.2,2.7302370179391762e+23,74.0,1,49,50,180,0,52429,0,0,0.0,0.0,0.0,0.0,-0.0,67.0,0.0,162057.094,0.0,750,0,739,0,0,0,721,0,766,0,735,0,742,0,741,0,712,0,7520,0.032,78920024064.0,0.0,0.0,784,16797,-0.0,162057.094,-114818.039,-0.0,0.133,6.909358625270745e+28,30.0,65.0,35,0.0,0.0,0.0,0.0,0.0,0.0,0.0,0.0,0.0,0.0,0.0,0.0,0.0,0.0,0.0,0.0,69.2,0,150,71,54,65476,0,300,0,1,8,20529,65476,0,0,40632,65.0,0.0,0.0,0.0,0.0,0.0
2026-09-04T20:48:38,ERR,ERR,ERR,ERR,ERR,ERR,ERR,ERR,ERR,ERR,ERR,ERR,ERR,ERR,ERR,ERR,ERR,ERR,ERR,ERR,ERR,ERR,ERR,ERR,ERR,ERR,ERR,ERR,ERR,ERR,ERR,ERR,ERR,ERR,ERR,ERR,ERR,ERR,ERR,ERR,ERR,ERR,ERR,ERR,ERR,ERR,ERR,ERR,ERR,ERR,ERR,ERR,ERR,ERR,ERR,ERR,ERR,ERR,ERR,ERR,ERR,ERR,ERR,ERR,ERR,ERR,ERR,ERR,ERR,ERR,ERR,ERR,ERR,ERR,ERR,ERR,ERR,ERR,ERR,ERR,ERR,ERR,ERR,ERR,ERR,ERR,ERR,ERR,ERR,ERR,ERR,ERR,ERR,ERR,ERR,ERR,ERR,ERR,ERR,ERR,ERR,ERR,ERR,ERR,ERR,ERR,ERR,ERR,ERR,ERR,ERR,ERR,ERR,ERR,ERR,ERR,ERR,ERR,ERR,ERR,ERR,ERR,ERR,ERR,ERR,0.0,0.0,0.0,0.0,0.0,1.3936040501711995e+18,7.805,0.0,0,0,4,0,7116,0.0,100,0.0,0.0,0.0,0.0,0.0,0,0,0,0,0.0,0,0,0,0,0,0,0,0,0,0,0,0,0,0,0,0,0,0,0,0,0,0,0,0,0,0,0,0,0,0,0,0,0,31,40,40,71,65476,0,300,0,0,8,21553,0.0,-107605600.0,0.0,0.0,0.0,0.0,0.0,0.0,0.0,0.0,0.0,0.0,0.0,0.0,0.0,0.0,0.0,0.0,0.0,0.0,0.0,0.0,-2.004,2.004,-0.0,-0.0,0.0,0.0,0.0,0.0,6373.0,0.0,6914.0,0.0,0.0,2.7184303811560617e+23,0.0,0.0,0.0,0.0,0.0,69,-2.3088415973249647e+20,-0.0,0.0,0.0,0.0,0.0,0.0,0.0,0.0,0,0,0,0.0,0.0,0.0,0.0,0.0,0.0,0.0,0.0,0.0,0.0,0.0,0.0,0.0,0.0,0.0,0.0,0,-107875648.0,69,0.0,138,0.0,0.0,0,13107,17040,13107,17049,0,17043,0,0,0,70,68,100,2.7302359370752657e+23,71.1,0.0,74.2,2.7302370179391762e+23,74.0,1,49,50,180,0,52429,0,0,0.0,0.0,0.0,0.0,-0.0,67.0,0.0,162057.094,0.0,750,0,739,0,0,0,721,0,766,0,735,0,742,0,741,0,712,0,7520,0.032,78920024064.0,0.0,0.0,784,16797,-0.0,162057.094,-114818.039,-0.0,0.133,6.909358625270745e+28,30.0,65.0,35,0.0,0.0,0.0,0.0,0.0,0.0,0.0,0.0,0.0,0.0,0.0,0.0,0.0,0.0,0.0,0.0,69.2,0,150,71,54,65476,0,300,0,1,8,20529,65476,0,0,40632,65.0,0.0,0.0,0.0,0.0,0.0
2026-09-04T20:48:39,ERR,ERR,ERR,ERR,ERR,ERR,ERR,ERR,ERR,ERR,ERR,ERR,ERR,ERR,ERR,ERR,ERR,ERR,ERR,ERR,ERR,ERR,ERR,ERR,ERR,ERR,ERR,ERR,ERR,ERR,ERR,ERR,ERR,ERR,ERR,ERR,ERR,ERR,ERR,ERR,ERR,ERR,ERR,ERR,ERR,ERR,ERR,ERR,ERR,ERR,ERR,ERR,ERR,ERR,ERR,ERR,ERR,ERR,ERR,ERR,ERR,ERR,ERR,ERR,ERR,ERR,ERR,ERR,ERR,ERR,ERR,ERR,ERR,ERR,ERR,ERR,ERR,ERR,ERR,ERR,ERR,ERR,ERR,ERR,ERR,ERR,ERR,ERR,ERR,ERR,ERR,ERR,ERR,ERR,ERR,ERR,ERR,ERR,ERR,ERR,ERR,ERR,ERR,ERR,ERR,ERR,ERR,ERR,ERR,ERR,ERR,ERR,ERR,ERR,ERR,ERR,ERR,ERR,ERR,ERR,ERR,ERR,ERR,ERR,ERR,0.0,0.0,0.0,0.0,0.0,1.3936040501711995e+18,7.805,0.0,0,0,4,0,7116,0.0,100,0.0,0.0,0.0,0.0,0.0,0,0,0,0,0.0,0,0,0,0,0,0,0,0,0,0,0,0,0,0,0,0,0,0,0,0,0,0,0,0,0,0,0,0,0,0,0,0,0,31,40,40,71,65476,0,300,0,0,8,21553,0.0,-107605600.0,0.0,0.0,0.0,0.0,0.0,0.0,0.0,0.0,0.0,0.0,0.0,0.0,0.0,0.0,0.0,0.0,0.0,0.0,0.0,0.0,-2.004,2.004,-0.0,-0.0,0.0,0.0,0.0,0.0,6373.0,0.0,6914.0,0.0,0.0,2.7184303811560617e+23,0.0,0.0,0.0,0.0,0.0,69,-2.3088415973249647e+20,-0.0,0.0,0.0,0.0,0.0,0.0,0.0,0.0,0,0,0,0.0,0.0,0.0,0.0,0.0,0.0,0.0,0.0,0.0,0.0,0.0,0.0,0.0,0.0,0.0,0.0,0,-107875648.0,69,0.0,138,0.0,0.0,0,13107,17040,13107,17049,0,17043,0,0,0,70,68,100,2.7302359370752657e+23,71.1,0.0,74.2,2.7302370179391762e+23,74.0,1,49,50,180,0,52429,0,0,0.0,0.0,0.0,0.0,-0.0,67.0,0.0,162057.094,0.0,750,0,739,0,0,0,721,0,766,0,735,0,742,0,741,0,712,0,7520,0.032,78920024064.0,0.0,0.0,784,16797,-0.0,162057.094,-114818.039,-0.0,0.133,6.909358625270745e+28,30.0,65.0,35,0.0,0.0,0.0,0.0,0.0,0.0,0.0,0.0,0.0,0.0,0.0,0.0,0.0,0.0,0.0,0.0,69.2,0,150,71,54,65476,0,300,0,1,8,20529,65476,0,0,40632,65.0,0.0,0.0,0.0,0.0,0.0
2026-09-04T20:48:40,ERR,ERR,ERR,ERR,ERR,ERR,ERR,ERR,ERR,ERR,ERR,ERR,ERR,ERR,ERR,ERR,ERR,ERR,ERR,ERR,ERR,ERR,ERR,ERR,ERR,ERR,ERR,ERR,ERR,ERR,ERR,ERR,ERR,ERR,ERR,ERR,ERR,ERR,ERR,ERR,ERR,ERR,ERR,ERR,ERR,ERR,ERR,ERR,ERR,ERR,ERR,ERR,ERR,ERR,ERR,ERR,ERR,ERR,ERR,ERR,ERR,ERR,ERR,ERR,ERR,ERR,ERR,ERR,ERR,ERR,ERR,ERR,ERR,ERR,ERR,ERR,ERR,ERR,ERR,ERR,ERR,ERR,ERR,ERR,ERR,ERR,ERR,ERR,ERR,ERR,ERR,ERR,ERR,ERR,ERR,ERR,ERR,ERR,ERR,ERR,ERR,ERR,ERR,ERR,ERR,ERR,ERR,ERR,ERR,ERR,ERR,ERR,ERR,ERR,ERR,ERR,ERR,ERR,ERR,ERR,ERR,ERR,ERR,ERR,ERR,0.0,0.0,0.0,0.0,0.0,1.3936040501711995e+18,7.805,0.0,0,0,4,0,7116,0.0,100,0.0,0.0,0.0,0.0,0.0,0,0,0,0,0.0,0,0,0,0,0,0,0,0,0,0,0,0,0,0,0,0,0,0,0,0,0,0,0,0,0,0,0,0,0,0,0,0,0,31,40,40,71,65476,0,300,0,0,8,21553,0.0,-107605600.0,0.0,0.0,0.0,0.0,0.0,0.0,0.0,0.0,0.0,0.0,0.0,0.0,0.0,0.0,0.0,0.0,0.0,0.0,0.0,0.0,-2.004,2.004,-0.0,-0.0,0.0,0.0,0.0,0.0,6373.0,0.0,6914.0,0.0,0.0,2.7184303811560617e+23,0.0,0.0,0.0,0.0,0.0,69,-2.3088415973249647e+20,-0.0,0.0,0.0,0.0,0.0,0.0,0.0,0.0,0,0,0,0.0,0.0,0.0,0.0,0.0,0.0,0.0,0.0,0.0,0.0,0.0,0.0,0.0,0.0,0.0,0.0,0,-107875648.0,69,0.0,138,0.0,0.0,0,13107,17040,13107,17049,0,17043,0,0,0,70,68,100,2.7302359370752657e+23,71.1,0.0,74.2,2.7302370179391762e+23,74.0,1,49,50,180,0,52429,0,0,0.0,0.0,0.0,0.0,-0.0,67.0,0.0,162057.094,0.0,750,0,739,0,0,0,721,0,766,0,735,0,742,0,741,0,712,0,7520,0.032,78920024064.0,0.0,0.0,784,16797,-0.0,162057.094,-114818.039,-0.0,0.133,6.909358625270745e+28,30.0,65.0,35,0.0,0.0,0.0,0.0,0.0,0.0,0.0,0.0,0.0,0.0,0.0,0.0,0.0,0.0,0.0,0.0,69.2,0,150,71,54,65476,0,300,0,1,8,20529,65476,0,0,40632,65.0,0.0,0.0,0.0,0.0,0.0
2026-09-04T20:48:41,ERR,ERR,ERR,ERR,ERR,ERR,ERR,ERR,ERR,ERR,ERR,ERR,ERR,ERR,ERR,ERR,ERR,ERR,ERR,ERR,ERR,ERR,ERR,ERR,ERR,ERR,ERR,ERR,ERR,ERR,ERR,ERR,ERR,ERR,ERR,ERR,ERR,ERR,ERR,ERR,ERR,ERR,ERR,ERR,ERR,ERR,ERR,ERR,ERR,ERR,ERR,ERR,ERR,ERR,ERR,ERR,ERR,ERR,ERR,ERR,ERR,ERR,ERR,ERR,ERR,ERR,ERR,ERR,ERR,ERR,ERR,ERR,ERR,ERR,ERR,ERR,ERR,ERR,ERR,ERR,ERR,ERR,ERR,ERR,ERR,ERR,ERR,ERR,ERR,ERR,ERR,ERR,ERR,ERR,ERR,ERR,ERR,ERR,ERR,ERR,ERR,ERR,ERR,ERR,ERR,ERR,ERR,ERR,ERR,ERR,ERR,ERR,ERR,ERR,ERR,ERR,ERR,ERR,ERR,ERR,ERR,ERR,ERR,ERR,ERR,0.0,0.0,0.0,0.0,0.0,1.3936040501711995e+18,7.805,0.0,0,0,4,0,7116,0.0,100,0.0,0.0,0.0,0.0,0.0,0,0,0,0,0.0,0,0,0,0,0,0,0,0,0,0,0,0,0,0,0,0,0,0,0,0,0,0,0,0,0,0,0,0,0,0,0,0,0,31,40,40,71,65476,0,300,0,0,8,21553,0.0,-107605600.0,0.0,0.0,0.0,0.0,0.0,0.0,0.0,0.0,0.0,0.0,0.0,0.0,0.0,0.0,0.0,0.0,0.0,0.0,0.0,0.0,-2.004,2.004,-0.0,-0.0,0.0,0.0,0.0,0.0,6373.0,0.0,6914.0,0.0,0.0,2.7184303811560617e+23,0.0,0.0,0.0,0.0,0.0,69,-2.3088415973249647e+20,-0.0,0.0,0.0,0.0,0.0,0.0,0.0,0.0,0,0,0,0.0,0.0,0.0,0.0,0.0,0.0,0.0,0.0,0.0,0.0,0.0,0.0,0.0,0.0,0.0,0.0,0,-107875648.0,69,0.0,138,0.0,0.0,0,13107,17040,13107,17049,13107,17043,0,0,0,70,68,100,2.7302359370752657e+23,71.1,0.0,74.2,2.7302370179391762e+23,74.0,1,49,50,180,0,52429,0,0,0.0,0.0,0.0,0.0,-0.0,67.0,0.0,162057.094,0.0,750,0,739,0,0,0,721,0,766,0,735,0,742,0,741,0,712,0,7520,0.032,79456894976.0,0.0,0.0,784,16797,-0.0,162057.094,-114818.039,-0.0,0.133,6.909358625270745e+28,30.0,65.0,35,0.0,0.0,0.0,0.0,0.0,0.0,0.0,0.0,0.0,0.0,0.0,0.0,0.0,0.0,0.0,0.0,69.2,0,150,71,54,65476,0,300,0,1,8,20529,65476,0,0,40632,65.0,0.0,0.0,0.0,0.0,0.0
2026-09-04T20:48:42,ERR,ERR,ERR,ERR,ERR,ERR,ERR,ERR,ERR,ERR,ERR,ERR,ERR,ERR,ERR,ERR,ERR,ERR,ERR,ERR,ERR,ERR,ERR,ERR,ERR,ERR,ERR,ERR,ERR,ERR,ERR,ERR,ERR,ERR,ERR,ERR,ERR,ERR,ERR,ERR,ERR,ERR,ERR,ERR,ERR,ERR,ERR,ERR,ERR,ERR,ERR,ERR,ERR,ERR,ERR,ERR,ERR,ERR,ERR,ERR,ERR,ERR,ERR,ERR,ERR,ERR,ERR,ERR,ERR,ERR,ERR,ERR,ERR,ERR,ERR,ERR,ERR,ERR,ERR,ERR,ERR,ERR,ERR,ERR,ERR,ERR,ERR,ERR,ERR,ERR,ERR,ERR,ERR,ERR,ERR,ERR,ERR,ERR,ERR,ERR,ERR,ERR,ERR,ERR,ERR,ERR,ERR,ERR,ERR,ERR,ERR,ERR,ERR,ERR,ERR,ERR,ERR,ERR,ERR,ERR,ERR,ERR,ERR,ERR,ERR,0.0,0.0,0.0,0.0,0.0,1.3936040501711995e+18,7.805,0.0,0,0,4,0,7116,0.0,100,0.0,0.0,0.0,0.0,0.0,0,0,0,0,0.0,0,0,0,0,0,0,0,0,0,0,0,0,0,0,0,0,0,0,0,0,0,0,0,0,0,0,0,0,0,0,0,0,0,31,40,40,71,65476,0,300,0,0,8,21553,0.0,-107605600.0,0.0,0.0,0.0,0.0,0.0,0.0,0.0,0.0,0.0,0.0,0.0,0.0,0.0,0.0,0.0,0.0,0.0,0.0,0.0,0.0,-2.004,2.004,-0.0,-0.0,0.0,0.0,0.0,0.0,6373.0,0.0,6914.0,0.0,0.0,2.7184303811560617e+23,0.0,0.0,0.0,0.0,0.0,69,-2.3088415973249647e+20,-0.0,0.0,0.0,0.0,0.0,0.0,0.0,0.0,0,0,0,0.0,0.0,0.0,0.0,0.0,0.0,0.0,0.0,0.0,0.0,0.0,0.0,0.0,0.0,0.0,0.0,0,-107875648.0,69,0.0,138,0.0,0.0,0,13107,17040,13107,17049,13107,17043,0,0,0,70,68,100,2.7302359370752657e+23,71.1,0.0,74.2,2.7302370179391762e+23,74.0,1,49,50,180,0,52429,0,0,0.0,0.0,0.0,0.0,-0.0,67.0,0.0,162057.094,0.0,750,0,739,0,0,0,721,0,766,0,735,0,742,0,741,0,712,0,7520,0.032,79456894976.0,0.0,0.0,784,16797,-0.0,162057.094,-114818.039,-0.0,0.133,6.909358625270745e+28,30.0,65.0,35,0.0,0.0,0.0,0.0,0.0,0.0,0.0,0.0,0.0,0.0,0.0,0.0,0.0,0.0,0.0,0.0,69.2,0,150,71,54,65476,0,300,0,1,8,20529,65476,0,0,40632,65.0,0.0,0.0,0.0,0.0,0.0
2026-09-04T20:48:43,ERR,ERR,ERR,ERR,ERR,ERR,ERR,ERR,ERR,ERR,ERR,ERR,ERR,ERR,ERR,ERR,ERR,ERR,ERR,ERR,ERR,ERR,ERR,ERR,ERR,ERR,ERR,ERR,ERR,ERR,ERR,ERR,ERR,ERR,ERR,ERR,ERR,ERR,ERR,ERR,ERR,ERR,ERR,ERR,ERR,ERR,ERR,ERR,ERR,ERR,ERR,ERR,ERR,ERR,ERR,ERR,ERR,ERR,ERR,ERR,ERR,ERR,ERR,ERR,ERR,ERR,ERR,ERR,ERR,ERR,ERR,ERR,ERR,ERR,ERR,ERR,ERR,ERR,ERR,ERR,ERR,ERR,ERR,ERR,ERR,ERR,ERR,ERR,ERR,ERR,ERR,ERR,ERR,ERR,ERR,ERR,ERR,ERR,ERR,ERR,ERR,ERR,ERR,ERR,ERR,ERR,ERR,ERR,ERR,ERR,ERR,ERR,ERR,ERR,ERR,ERR,ERR,ERR,ERR,ERR,ERR,ERR,ERR,ERR,ERR,0.0,0.0,0.0,0.0,0.0,1.3936040501711995e+18,7.805,0.0,0,0,4,0,7116,0.0,100,0.0,0.0,0.0,0.0,0.0,0,0,0,0,0.0,0,0,0,0,0,0,0,0,0,0,0,0,0,0,0,0,0,0,0,0,0,0,0,0,0,0,0,0,0,0,0,0,0,31,40,40,71,65476,0,300,0,0,8,21553,0.0,-107605600.0,0.0,0.0,0.0,0.0,0.0,0.0,0.0,0.0,0.0,0.0,0.0,0.0,0.0,0.0,0.0,0.0,0.0,0.0,0.0,0.0,-2.004,2.004,-0.0,-0.0,0.0,0.0,0.0,0.0,6373.0,0.0,6914.0,0.0,0.0,2.7184303811560617e+23,0.0,0.0,0.0,0.0,0.0,69,-2.3088415973249647e+20,-0.0,0.0,0.0,0.0,0.0,0.0,0.0,0.0,0,0,0,0.0,0.0,0.0,0.0,0.0,0.0,0.0,0.0,0.0,0.0,0.0,0.0,0.0,0.0,0.0,0.0,0,-107875648.0,69,0.0,138,0.0,0.0,0,13107,17040,13107,17049,13107,17043,0,0,0,70,68,100,2.7302359370752657e+23,71.1,0.0,74.2,2.7302370179391762e+23,74.0,1,49,50,180,0,52429,0,0,0.0,0.0,0.0,0.0,-0.0,67.0,0.0,162057.094,0.0,750,0,739,0,0,0,721,0,766,0,735,0,742,0,741,0,712,0,7520,0.032,79456894976.0,0.0,0.0,784,16797,-0.0,162057.094,-114818.039,-0.0,0.133,6.909358625270745e+28,30.0,65.0,35,0.0,0.0,0.0,0.0,0.0,0.0,0.0,0.0,0.0,0.0,0.0,0.0,0.0,0.0,0.0,0.0,69.2,0,150,71,54,65476,0,300,0,1,8,20529,65476,0,0,40632,65.0,0.0,0.0,0.0,0.0,0.0
2026-09-04T20:48:44,ERR,ERR,ERR,ERR,ERR,ERR,ERR,ERR,ERR,ERR,ERR,ERR,ERR,ERR,ERR,ERR,ERR,ERR,ERR,ERR,ERR,ERR,ERR,ERR,ERR,ERR,ERR,ERR,ERR,ERR,ERR,ERR,ERR,ERR,ERR,ERR,ERR,ERR,ERR,ERR,ERR,ERR,ERR,ERR,ERR,ERR,ERR,ERR,ERR,ERR,ERR,ERR,ERR,ERR,ERR,ERR,ERR,ERR,ERR,ERR,ERR,ERR,ERR,ERR,ERR,ERR,ERR,ERR,ERR,ERR,ERR,ERR,ERR,ERR,ERR,ERR,ERR,ERR,ERR,ERR,ERR,ERR,ERR,ERR,ERR,ERR,ERR,ERR,ERR,ERR,ERR,ERR,ERR,ERR,ERR,ERR,ERR,ERR,ERR,ERR,ERR,ERR,ERR,ERR,ERR,ERR,ERR,ERR,ERR,ERR,ERR,ERR,ERR,ERR,ERR,ERR,ERR,ERR,ERR,ERR,ERR,ERR,ERR,ERR,ERR,0.0,0.0,0.0,0.0,0.0,1.3936040501711995e+18,7.805,0.0,0,0,4,0,7116,0.0,100,0.0,0.0,0.0,0.0,0.0,0,0,0,0,0.0,0,0,0,0,0,0,0,0,0,0,0,0,0,0,0,0,0,0,0,0,0,0,0,0,0,0,0,0,0,0,0,0,0,31,40,40,71,65476,0,300,0,0,8,21553,0.0,-107605600.0,0.0,0.0,0.0,0.0,0.0,0.0,0.0,0.0,0.0,0.0,0.0,0.0,0.0,0.0,0.0,0.0,0.0,0.0,0.0,0.0,-2.004,2.004,-0.0,-0.0,0.0,0.0,0.0,0.0,6373.0,0.0,6914.0,0.0,0.0,2.7184303811560617e+23,0.0,0.0,0.0,0.0,0.0,69,-2.3088415973249647e+20,-0.0,0.0,0.0,0.0,0.0,0.0,0.0,0.0,0,0,0,0.0,0.0,0.0,0.0,0.0,0.0,0.0,0.0,0.0,0.0,0.0,0.0,0.0,0.0,0.0,0.0,0,-107875648.0,69,0.0,138,0.0,0.0,0,13107,17040,13107,17049,13107,17043,0,0,0,70,68,100,2.7302359370752657e+23,71.1,0.0,74.2,2.7302370179391762e+23,74.0,1,49,50,180,0,52429,0,0,0.0,0.0,0.0,0.0,-0.0,67.0,0.0,162057.094,0.0,750,0,739,0,0,0,721,0,766,0,735,0,742,0,741,0,712,0,7520,0.032,79456894976.0,0.0,0.0,784,16797,-0.0,162057.094,-114818.039,-0.0,0.133,6.909358625270745e+28,30.0,65.0,35,0.0,0.0,0.0,0.0,0.0,0.0,0.0,0.0,0.0,0.0,0.0,0.0,0.0,0.0,0.0,0.0,69.2,0,150,71,54,65476,0,300,0,1,8,20529,65476,0,0,40632,65.0,0.0,0.0,0.0,0.0,0.0
2026-09-04T20:48:45,ERR,ERR,ERR,ERR,ERR,ERR,ERR,ERR,ERR,ERR,ERR,ERR,ERR,ERR,ERR,ERR,ERR,ERR,ERR,ERR,ERR,ERR,ERR,ERR,ERR,ERR,ERR,ERR,ERR,ERR,ERR,ERR,ERR,ERR,ERR,ERR,ERR,ERR,ERR,ERR,ERR,ERR,ERR,ERR,ERR,ERR,ERR,ERR,ERR,ERR,ERR,ERR,ERR,ERR,ERR,ERR,ERR,ERR,ERR,ERR,ERR,ERR,ERR,ERR,ERR,ERR,ERR,ERR,ERR,ERR,ERR,ERR,ERR,ERR,ERR,ERR,ERR,ERR,ERR,ERR,ERR,ERR,ERR,ERR,ERR,ERR,ERR,ERR,ERR,ERR,ERR,ERR,ERR,ERR,ERR,ERR,ERR,ERR,ERR,ERR,ERR,ERR,ERR,ERR,ERR,ERR,ERR,ERR,ERR,ERR,ERR,ERR,ERR,ERR,ERR,ERR,ERR,ERR,ERR,ERR,ERR,ERR,ERR,ERR,ERR,0.0,0.0,0.0,0.0,0.0,1.3936040501711995e+18,7.805,0.0,0,0,4,0,7116,0.0,100,0.0,0.0,0.0,0.0,0.0,0,0,0,0,0.0,0,0,0,0,0,0,0,0,0,0,0,0,0,0,0,0,0,0,0,0,0,0,0,0,0,0,0,0,0,0,0,0,0,31,40,40,71,65476,0,300,0,0,8,21553,0.0,-107605600.0,0.0,0.0,0.0,0.0,0.0,0.0,0.0,0.0,0.0,0.0,0.0,0.0,0.0,0.0,0.0,0.0,0.0,0.0,0.0,0.0,-2.004,2.004,2.004,-0.0,0.0,0.0,0.0,0.0,6366.0,-1.040670580205137e+34,6943.0,0.0,0.0,2.7184303811560617e+23,0.0,0.0,0.0,0.0,0.0,69,-89221.164,-0.0,0.0,0.0,0.0,0.0,0.0,0.0,0.0,0,0,0,0.0,0.0,0.0,0.0,0.0,0.0,0.0,0.0,0.0,0.0,0.0,0.0,0.0,0.0,0.0,0.0,0,-107875648.0,69,0.0,138,0.0,0.0,0,13107,17040,13107,17049,13107,17043,0,0,0,70,68,100,2.7302359370752657e+23,71.1,0.0,74.2,2.7302370179391762e+23,74.0,1,49,50,180,0,52429,0,0,0.0,0.0,0.0,0.0,-0.0,67.0,0.0,162057.094,0.0,750,0,739,0,0,0,721,0,766,0,735,0,742,0,741,0,712,0,7520,0.032,79456894976.0,0.0,0.0,784,16797,-0.0,162057.094,-114818.039,-0.0,0.133,6.909358625270745e+28,30.0,65.0,35,0.0,0.0,0.0,0.0,0.0,0.0,0.0,0.0,0.0,0.0,0.0,0.0,0.0,0.0,0.0,0.0,69.2,0,150,71,54,65476,0,300,0,1,8,20529,65476,0,0,40632,65.0,0.0,0.0,0.0,0.0,0.0
2026-09-04T20:48:46,ERR,ERR,ERR,ERR,ERR,ERR,ERR,ERR,ERR,ERR,ERR,ERR,ERR,ERR,ERR,ERR,ERR,ERR,ERR,ERR,ERR,ERR,ERR,ERR,ERR,ERR,ERR,ERR,ERR,ERR,ERR,ERR,ERR,ERR,ERR,ERR,ERR,ERR,ERR,ERR,ERR,ERR,ERR,ERR,ERR,ERR,ERR,ERR,ERR,ERR,ERR,ERR,ERR,ERR,ERR,ERR,ERR,ERR,ERR,ERR,ERR,ERR,ERR,ERR,ERR,ERR,ERR,ERR,ERR,ERR,ERR,ERR,ERR,ERR,ERR,ERR,ERR,ERR,ERR,ERR,ERR,ERR,ERR,ERR,ERR,ERR,ERR,ERR,ERR,ERR,ERR,ERR,ERR,ERR,ERR,ERR,ERR,ERR,ERR,ERR,ERR,ERR,ERR,ERR,ERR,ERR,ERR,ERR,ERR,ERR,ERR,ERR,ERR,ERR,ERR,ERR,ERR,ERR,ERR,ERR,ERR,ERR,ERR,ERR,ERR,0.0,0.0,0.0,0.0,0.0,1.3936040501711995e+18,7.805,0.0,0,0,4,0,7116,0.0,100,0.0,0.0,0.0,0.0,0.0,0,0,0,0,0.0,0,0,0,0,0,0,0,0,0,0,0,0,0,0,0,0,0,0,0,0,0,0,0,0,0,0,0,0,0,0,0,0,0,31,40,40,71,65476,0,300,0,0,8,21553,0.0,-107605600.0,0.0,0.0,0.0,0.0,0.0,0.0,0.0,0.0,0.0,0.0,0.0,0.0,0.0,0.0,0.0,0.0,0.0,0.0,0.0,0.0,-2.004,2.004,2.004,-0.0,0.0,0.0,0.0,0.0,6366.0,-1.040670580205137e+34,6943.0,0.0,0.0,2.7184303811560617e+23,0.0,0.0,0.0,0.0,0.0,69,-89221.164,-0.0,0.0,0.0,0.0,0.0,0.0,0.0,0.0,0,0,0,0.0,0.0,0.0,0.0,0.0,0.0,0.0,0.0,0.0,0.0,0.0,0.0,0.0,0.0,0.0,0.0,0,-107875648.0,69,0.0,138,0.0,0.0,0,13107,17040,13107,17049,13107,17043,0,0,0,70,68,100,2.7302359370752657e+23,71.1,0.0,74.2,2.7302370179391762e+23,74.0,1,49,50,180,0,52429,0,0,0.0,0.0,0.0,0.0,-0.0,67.0,0.0,162057.094,0.0,750,0,739,0,0,0,721,0,766,0,735,0,742,0,741,0,712,0,7520,0.032,79456894976.0,0.0,0.0,784,16797,-0.0,162057.094,-114818.039,-0.0,0.133,6.909358625270745e+28,30.0,65.0,35,0.0,0.0,0.0,0.0,0.0,0.0,0.0,0.0,0.0,0.0,0.0,0.0,0.0,0.0,0.0,0.0,69.2,0,150,71,54,65476,0,300,0,1,8,20529,65476,0,0,40632,65.0,0.0,0.0,0.0,0.0,0.0
2026-09-04T20:48:47,ERR,ERR,ERR,ERR,ERR,ERR,ERR,ERR,ERR,ERR,ERR,ERR,ERR,ERR,ERR,ERR,ERR,ERR,ERR,ERR,ERR,ERR,ERR,ERR,ERR,ERR,ERR,ERR,ERR,ERR,ERR,ERR,ERR,ERR,ERR,ERR,ERR,ERR,ERR,ERR,ERR,ERR,ERR,ERR,ERR,ERR,ERR,ERR,ERR,ERR,ERR,ERR,ERR,ERR,ERR,ERR,ERR,ERR,ERR,ERR,ERR,ERR,ERR,ERR,ERR,ERR,ERR,ERR,ERR,ERR,ERR,ERR,ERR,ERR,ERR,ERR,ERR,ERR,ERR,ERR,ERR,ERR,ERR,ERR,ERR,ERR,ERR,ERR,ERR,ERR,ERR,ERR,ERR,ERR,ERR,ERR,ERR,ERR,ERR,ERR,ERR,ERR,ERR,ERR,ERR,ERR,ERR,ERR,ERR,ERR,ERR,ERR,ERR,ERR,ERR,ERR,ERR,ERR,ERR,ERR,ERR,ERR,ERR,ERR,ERR,0.0,0.0,0.0,0.0,0.0,1.3936040501711995e+18,7.805,0.0,0,0,4,0,7116,0.0,100,0.0,0.0,0.0,0.0,0.0,0,0,0,0,0.0,0,0,0,0,0,0,0,0,0,0,0,0,0,0,0,0,0,0,0,0,0,0,0,0,0,0,0,0,0,0,0,0,0,31,40,40,71,65476,0,300,0,0,8,21553,0.0,-107605600.0,0.0,0.0,0.0,0.0,0.0,0.0,0.0,0.0,0.0,0.0,0.0,0.0,0.0,0.0,0.0,0.0,0.0,0.0,0.0,0.0,-2.004,2.004,2.004,-0.0,0.0,0.0,0.0,0.0,6366.0,-1.040670580205137e+34,6943.0,0.0,0.0,2.7184303811560617e+23,0.0,0.0,0.0,0.0,0.0,69,-89221.164,-0.0,0.0,0.0,0.0,0.0,0.0,0.0,0.0,0,0,0,0.0,0.0,0.0,0.0,0.0,0.0,0.0,0.0,0.0,0.0,0.0,0.0,0.0,0.0,0.0,0.0,0,-107875648.0,69,0.0,138,0.0,0.0,0,13107,17040,13107,17049,0,17043,0,0,0,70,68,100,2.7302359370752657e+23,71.1,0.0,74.2,2.7302370179391762e+23,74.0,1,49,50,180,0,52429,0,0,0.0,0.0,0.0,0.0,-0.0,67.0,0.0,162057.094,0.0,750,0,739,0,0,0,721,0,766,0,735,0,742,0,741,0,712,0,7520,0.032,79456894976.0,0.0,0.0,784,16797,-0.0,162057.094,-114818.039,-0.0,0.133,6.909358625270745e+28,30.0,65.0,35,0.0,0.0,0.0,0.0,0.0,0.0,0.0,0.0,0.0,0.0,0.0,0.0,0.0,0.0,0.0,0.0,69.2,0,150,71,54,65476,0,300,0,1,8,20529,65476,0,0,40632,65.0,0.0,0.0,0.0,0.0,0.0
2026-09-04T20:48:48,ERR,ERR,ERR,ERR,ERR,ERR,ERR,ERR,ERR,ERR,ERR,ERR,ERR,ERR,ERR,ERR,ERR,ERR,ERR,ERR,ERR,ERR,ERR,ERR,ERR,ERR,ERR,ERR,ERR,ERR,ERR,ERR,ERR,ERR,ERR,ERR,ERR,ERR,ERR,ERR,ERR,ERR,ERR,ERR,ERR,ERR,ERR,ERR,ERR,ERR,ERR,ERR,ERR,ERR,ERR,ERR,ERR,ERR,ERR,ERR,ERR,ERR,ERR,ERR,ERR,ERR,ERR,ERR,ERR,ERR,ERR,ERR,ERR,ERR,ERR,ERR,ERR,ERR,ERR,ERR,ERR,ERR,ERR,ERR,ERR,ERR,ERR,ERR,ERR,ERR,ERR,ERR,ERR,ERR,ERR,ERR,ERR,ERR,ERR,ERR,ERR,ERR,ERR,ERR,ERR,ERR,ERR,ERR,ERR,ERR,ERR,ERR,ERR,ERR,ERR,ERR,ERR,ERR,ERR,ERR,ERR,ERR,ERR,ERR,ERR,0.0,0.0,0.0,0.0,0.0,1.3936040501711995e+18,7.805,0.0,0,0,4,0,7116,0.0,100,0.0,0.0,0.0,0.0,0.0,0,0,0,0,0.0,0,0,0,0,0,0,0,0,0,0,0,0,0,0,0,0,0,0,0,0,0,0,0,0,0,0,0,0,0,0,0,0,0,31,40,40,71,65476,0,300,0,0,8,21553,0.0,-107605600.0,0.0,0.0,0.0,0.0,0.0,0.0,0.0,0.0,0.0,0.0,0.0,0.0,0.0,0.0,0.0,0.0,0.0,0.0,0.0,0.0,-2.004,2.004,2.004,-0.0,0.0,0.0,0.0,0.0,6366.0,-1.040670580205137e+34,6943.0,0.0,0.0,2.7184303811560617e+23,0.0,0.0,0.0,0.0,0.0,69,-89221.164,-0.0,0.0,0.0,0.0,0.0,0.0,0.0,0.0,0,0,0,0.0,0.0,0.0,0.0,0.0,0.0,0.0,0.0,0.0,0.0,0.0,0.0,0.0,0.0,0.0,0.0,0,-107875648.0,69,0.0,138,0.0,0.0,0,13107,17040,13107,17049,0,17043,0,0,0,70,68,100,2.7302359370752657e+23,71.1,0.0,74.2,2.7302370179391762e+23,74.0,1,49,50,180,0,52429,0,0,0.0,0.0,0.0,0.0,-0.0,67.0,0.0,162057.094,0.0,750,0,739,0,0,0,721,0,766,0,735,0,742,0,741,0,712,0,7520,0.032,79456894976.0,0.0,0.0,784,16797,-0.0,162057.094,-114818.039,-0.0,0.133,6.909358625270745e+28,30.0,65.0,35,0.0,0.0,0.0,0.0,0.0,0.0,0.0,0.0,0.0,0.0,0.0,0.0,0.0,0.0,0.0,0.0,69.2,0,150,71,54,65476,0,300,0,1,8,20529,65476,0,0,40632,65.0,0.0,0.0,0.0,0.0,0.0
2026-09-04T20:48:49,ERR,ERR,ERR,ERR,ERR,ERR,ERR,ERR,ERR,ERR,ERR,ERR,ERR,ERR,ERR,ERR,ERR,ERR,ERR,ERR,ERR,ERR,ERR,ERR,ERR,ERR,ERR,ERR,ERR,ERR,ERR,ERR,ERR,ERR,ERR,ERR,ERR,ERR,ERR,ERR,ERR,ERR,ERR,ERR,ERR,ERR,ERR,ERR,ERR,ERR,ERR,ERR,ERR,ERR,ERR,ERR,ERR,ERR,ERR,ERR,ERR,ERR,ERR,ERR,ERR,ERR,ERR,ERR,ERR,ERR,ERR,ERR,ERR,ERR,ERR,ERR,ERR,ERR,ERR,ERR,ERR,ERR,ERR,ERR,ERR,ERR,ERR,ERR,ERR,ERR,ERR,ERR,ERR,ERR,ERR,ERR,ERR,ERR,ERR,ERR,ERR,ERR,ERR,ERR,ERR,ERR,ERR,ERR,ERR,ERR,ERR,ERR,ERR,ERR,ERR,ERR,ERR,ERR,ERR,ERR,ERR,ERR,ERR,ERR,ERR,0.0,0.0,0.0,0.0,0.0,1.3936040501711995e+18,7.805,0.0,0,0,4,0,7116,0.0,100,0.0,0.0,0.0,0.0,0.0,0,0,0,0,0.0,0,0,0,0,0,0,0,0,0,0,0,0,0,0,0,0,0,0,0,0,0,0,0,0,0,0,0,0,0,0,0,0,0,31,40,40,71,65476,0,300,0,0,8,21553,0.0,-107605600.0,0.0,0.0,0.0,0.0,0.0,0.0,0.0,0.0,0.0,0.0,0.0,0.0,0.0,0.0,0.0,0.0,0.0,0.0,0.0,0.0,-2.004,2.004,2.004,-0.0,0.0,0.0,0.0,0.0,6366.0,-1.040670580205137e+34,6943.0,0.0,0.0,2.7184303811560617e+23,0.0,0.0,0.0,0.0,0.0,69,-89221.164,-0.0,0.0,0.0,0.0,0.0,0.0,0.0,0.0,0,0,0,0.0,0.0,0.0,0.0,0.0,0.0,0.0,0.0,0.0,0.0,0.0,0.0,0.0,0.0,0.0,0.0,0,-107875648.0,69,0.0,138,0.0,0.0,0,13107,17040,13107,17049,0,17043,0,0,0,70,68,100,2.7302359370752657e+23,71.1,0.0,74.2,2.7302370179391762e+23,74.0,1,49,50,180,0,52429,0,0,0.0,0.0,0.0,0.0,-0.0,67.0,0.0,162057.094,0.0,750,0,739,0,0,0,721,0,766,0,735,0,742,0,741,0,712,0,7520,0.032,79456894976.0,0.0,0.0,784,16797,-0.0,162057.094,-114818.039,-0.0,0.133,6.909358625270745e+28,30.0,65.0,35,0.0,0.0,0.0,0.0,0.0,0.0,0.0,0.0,0.0,0.0,0.0,0.0,0.0,0.0,0.0,0.0,69.2,0,150,71,54,65476,0,300,0,1,8,20529,65476,0,0,40632,65.0,0.0,0.0,0.0,0.0,0.0
2026-09-04T20:48:50,ERR,ERR,ERR,ERR,ERR,ERR,ERR,ERR,ERR,ERR,ERR,ERR,ERR,ERR,ERR,ERR,ERR,ERR,ERR,ERR,ERR,ERR,ERR,ERR,ERR,ERR,ERR,ERR,ERR,ERR,ERR,ERR,ERR,ERR,ERR,ERR,ERR,ERR,ERR,ERR,ERR,ERR,ERR,ERR,ERR,ERR,ERR,ERR,ERR,ERR,ERR,ERR,ERR,ERR,ERR,ERR,ERR,ERR,ERR,ERR,ERR,ERR,ERR,ERR,ERR,ERR,ERR,ERR,ERR,ERR,ERR,ERR,ERR,ERR,ERR,ERR,ERR,ERR,ERR,ERR,ERR,ERR,ERR,ERR,ERR,ERR,ERR,ERR,ERR,ERR,ERR,ERR,ERR,ERR,ERR,ERR,ERR,ERR,ERR,ERR,ERR,ERR,ERR,ERR,ERR,ERR,ERR,ERR,ERR,ERR,ERR,ERR,ERR,ERR,ERR,ERR,ERR,ERR,ERR,ERR,ERR,ERR,ERR,ERR,ERR,0.0,0.0,0.0,0.0,0.0,1.3936040501711995e+18,7.805,0.0,0,0,4,0,7116,0.0,100,0.0,0.0,0.0,0.0,0.0,0,0,0,0,0.0,0,0,0,0,0,0,0,0,0,0,0,0,0,0,0,0,0,0,0,0,0,0,0,0,0,0,0,0,0,0,0,0,0,31,40,40,71,65476,0,300,0,0,8,21553,0.0,-107605600.0,0.0,0.0,0.0,0.0,0.0,0.0,0.0,0.0,0.0,0.0,0.0,0.0,0.0,0.0,0.0,0.0,0.0,0.0,0.0,0.0,-2.004,2.004,2.004,-0.0,0.0,0.0,0.0,0.0,6366.0,-1.040670580205137e+34,6943.0,0.0,0.0,2.7184303811560617e+23,0.0,0.0,0.0,0.0,0.0,69,-89221.164,-0.0,0.0,0.0,0.0,0.0,0.0,0.0,0.0,0,0,0,0.0,0.0,0.0,0.0,0.0,0.0,0.0,0.0,0.0,0.0,0.0,0.0,0.0,0.0,0.0,0.0,0,-107875648.0,69,0.0,138,0.0,0.0,0,13107,17040,13107,17049,0,17043,0,0,0,70,68,100,2.7302359370752657e+23,71.1,0.0,74.2,2.7302370179391762e+23,74.0,1,49,50,180,0,52429,0,0,0.0,0.0,0.0,0.0,-0.0,67.0,0.0,162057.094,0.0,750,0,739,0,0,0,721,0,766,0,735,0,742,0,741,0,712,0,7520,0.032,79456894976.0,0.0,0.0,784,16797,-0.0,162057.094,-114818.039,-0.0,0.133,6.909358625270745e+28,30.0,65.0,35,0.0,0.0,0.0,0.0,0.0,0.0,0.0,0.0,0.0,0.0,0.0,0.0,0.0,0.0,0.0,0.0,69.2,0,150,71,54,65476,0,300,0,1,8,20529,65476,0,0,40632,65.0,0.0,0.0,0.0,0.0,0.0
2026-09-04T20:48:51,ERR,ERR,ERR,ERR,ERR,ERR,ERR,ERR,ERR,ERR,ERR,ERR,ERR,ERR,ERR,ERR,ERR,ERR,ERR,ERR,ERR,ERR,ERR,ERR,ERR,ERR,ERR,ERR,ERR,ERR,ERR,ERR,ERR,ERR,ERR,ERR,ERR,ERR,ERR,ERR,ERR,ERR,ERR,ERR,ERR,ERR,ERR,ERR,ERR,ERR,ERR,ERR,ERR,ERR,ERR,ERR,ERR,ERR,ERR,ERR,ERR,ERR,ERR,ERR,ERR,ERR,ERR,ERR,ERR,ERR,ERR,ERR,ERR,ERR,ERR,ERR,ERR,ERR,ERR,ERR,ERR,ERR,ERR,ERR,ERR,ERR,ERR,ERR,ERR,ERR,ERR,ERR,ERR,ERR,ERR,ERR,ERR,ERR,ERR,ERR,ERR,ERR,ERR,ERR,ERR,ERR,ERR,ERR,ERR,ERR,ERR,ERR,ERR,ERR,ERR,ERR,ERR,ERR,ERR,ERR,ERR,ERR,ERR,ERR,ERR,0.0,0.0,0.0,0.0,0.0,1.3936040501711995e+18,7.805,0.0,0,0,4,0,7116,0.0,100,0.0,0.0,0.0,0.0,0.0,0,0,0,0,0.0,0,0,0,0,0,0,0,0,0,0,0,0,0,0,0,0,0,0,0,0,0,0,0,0,0,0,0,0,0,0,0,0,0,31,40,40,71,65476,0,300,0,0,8,21553,0.0,-107605600.0,0.0,0.0,0.0,0.0,0.0,0.0,0.0,0.0,0.0,0.0,0.0,0.0,0.0,0.0,0.0,0.0,0.0,0.0,0.0,0.0,-2.004,2.004,2.004,-0.0,0.0,0.0,0.0,0.0,6366.0,-1.040670580205137e+34,6943.0,0.0,0.0,2.7184303811560617e+23,0.0,0.0,0.0,0.0,0.0,69,-89221.164,-0.0,0.0,0.0,0.0,0.0,0.0,0.0,0.0,0,0,0,0.0,0.0,0.0,0.0,0.0,0.0,0.0,0.0,0.0,0.0,0.0,0.0,0.0,0.0,0.0,0.0,0,-107875648.0,69,0.0,138,0.0,0.0,0,13107,17040,13107,17049,0,17043,0,0,0,70,68,100,2.7302359370752657e+23,71.1,0.0,74.2,2.7302370179391762e+23,74.0,1,49,50,180,0,52429,0,0,0.0,0.0,0.0,0.0,-0.0,67.0,0.0,162057.094,0.0,750,0,739,0,0,0,721,0,766,0,735,0,742,0,741,0,712,0,7520,0.032,79456894976.0,0.0,0.0,784,16797,-0.0,162057.094,-114818.039,-0.0,0.133,6.909358625270745e+28,30.0,65.0,35,0.0,0.0,0.0,0.0,0.0,0.0,0.0,0.0,0.0,0.0,0.0,0.0,0.0,0.0,0.0,0.0,69.6,0,150,71,54,65476,0,300,0,1,8,20529,65476,0,0,40632,65.0,0.0,0.0,0.0,0.0,0.0
2026-09-04T20:48:52,ERR,ERR,ERR,ERR,ERR,ERR,ERR,ERR,ERR,ERR,ERR,ERR,ERR,ERR,ERR,ERR,ERR,ERR,ERR,ERR,ERR,ERR,ERR,ERR,ERR,ERR,ERR,ERR,ERR,ERR,ERR,ERR,ERR,ERR,ERR,ERR,ERR,ERR,ERR,ERR,ERR,ERR,ERR,ERR,ERR,ERR,ERR,ERR,ERR,ERR,ERR,ERR,ERR,ERR,ERR,ERR,ERR,ERR,ERR,ERR,ERR,ERR,ERR,ERR,ERR,ERR,ERR,ERR,ERR,ERR,ERR,ERR,ERR,ERR,ERR,ERR,ERR,ERR,ERR,ERR,ERR,ERR,ERR,ERR,ERR,ERR,ERR,ERR,ERR,ERR,ERR,ERR,ERR,ERR,ERR,ERR,ERR,ERR,ERR,ERR,ERR,ERR,ERR,ERR,ERR,ERR,ERR,ERR,ERR,ERR,ERR,ERR,ERR,ERR,ERR,ERR,ERR,ERR,ERR,ERR,ERR,ERR,ERR,ERR,ERR,0.0,0.0,0.0,0.0,0.0,1.3936040501711995e+18,7.805,0.0,0,0,4,0,7116,0.0,100,0.0,0.0,0.0,0.0,0.0,0,0,0,0,0.0,0,0,0,0,0,0,0,0,0,0,0,0,0,0,0,0,0,0,0,0,0,0,0,0,0,0,0,0,0,0,0,0,0,31,40,40,71,65476,0,300,0,0,8,21553,0.0,-107605600.0,0.0,0.0,0.0,0.0,0.0,0.0,0.0,0.0,0.0,0.0,0.0,0.0,0.0,0.0,0.0,0.0,0.0,0.0,0.0,0.0,-2.004,2.004,2.004,-0.0,0.0,0.0,0.0,0.0,6366.0,-1.040670580205137e+34,6943.0,0.0,0.0,2.7184303811560617e+23,0.0,0.0,0.0,0.0,0.0,69,-89221.164,-0.0,0.0,0.0,0.0,0.0,0.0,0.0,0.0,0,0,0,0.0,0.0,0.0,0.0,0.0,0.0,0.0,0.0,0.0,0.0,0.0,0.0,0.0,0.0,0.0,0.0,0,-107875648.0,69,0.0,138,0.0,0.0,0,13107,17040,13107,17049,13107,17043,0,0,0,70,68,100,2.7302359370752657e+23,71.1,0.0,74.2,2.7302370179391762e+23,74.0,1,49,50,180,0,52429,0,0,0.0,0.0,0.0,0.0,-0.0,67.0,0.0,162057.094,0.0,750,0,739,0,0,0,721,0,766,0,735,0,742,0,741,0,712,0,7520,0.032,78920024064.0,0.0,0.0,784,16797,-0.0,162057.094,-114818.039,-0.0,0.133,6.909358625270745e+28,30.0,65.0,35,0.0,0.0,0.0,0.0,0.0,0.0,0.0,0.0,0.0,0.0,0.0,0.0,0.0,0.0,0.0,0.0,69.6,0,150,71,54,65476,0,300,0,1,8,20529,65476,0,0,40632,65.0,0.0,0.0,0.0,0.0,0.0
2026-09-04T20:48:53,ERR,ERR,ERR,ERR,ERR,ERR,ERR,ERR,ERR,ERR,ERR,ERR,ERR,ERR,ERR,ERR,ERR,ERR,ERR,ERR,ERR,ERR,ERR,ERR,ERR,ERR,ERR,ERR,ERR,ERR,ERR,ERR,ERR,ERR,ERR,ERR,ERR,ERR,ERR,ERR,ERR,ERR,ERR,ERR,ERR,ERR,ERR,ERR,ERR,ERR,ERR,ERR,ERR,ERR,ERR,ERR,ERR,ERR,ERR,ERR,ERR,ERR,ERR,ERR,ERR,ERR,ERR,ERR,ERR,ERR,ERR,ERR,ERR,ERR,ERR,ERR,ERR,ERR,ERR,ERR,ERR,ERR,ERR,ERR,ERR,ERR,ERR,ERR,ERR,ERR,ERR,ERR,ERR,ERR,ERR,ERR,ERR,ERR,ERR,ERR,ERR,ERR,ERR,ERR,ERR,ERR,ERR,ERR,ERR,ERR,ERR,ERR,ERR,ERR,ERR,ERR,ERR,ERR,ERR,ERR,ERR,ERR,ERR,ERR,ERR,0.0,0.0,0.0,0.0,0.0,1.3936040501711995e+18,7.805,0.0,0,0,4,0,7116,0.0,100,0.0,0.0,0.0,0.0,0.0,0,0,0,0,0.0,0,0,0,0,0,0,0,0,0,0,0,0,0,0,0,0,0,0,0,0,0,0,0,0,0,0,0,0,0,0,0,0,0,31,40,40,71,65476,0,300,0,0,8,21553,0.0,-107605600.0,0.0,0.0,0.0,0.0,0.0,0.0,0.0,0.0,0.0,0.0,0.0,0.0,0.0,0.0,0.0,0.0,0.0,0.0,0.0,0.0,-2.004,2.004,2.004,-0.0,0.0,0.0,0.0,0.0,6337.0,-1.5879372866899675e+29,6942.0,0.0,0.0,0.0,0.0,0.0,0.0,0.0,0.0,69,-0.059,-0.0,0.0,0.0,0.0,0.0,0.0,0.0,0.0,0,0,0,0.0,0.0,0.0,0.0,0.0,0.0,0.0,0.0,0.0,0.0,0.0,0.0,0.0,0.0,0.0,0.0,0,-107875648.0,69,0.0,138,0.0,-0.0,0,13107,17040,13107,17049,13107,17043,0,0,0,70,68,100,2.7302359370752657e+23,71.1,0.0,74.2,2.7302370179391762e+23,74.0,1,49,50,180,0,52429,0,0,0.0,0.0,0.0,0.0,-0.0,67.0,0.0,162057.094,0.0,750,0,739,0,0,0,721,0,766,0,735,0,742,0,741,0,712,0,7520,0.032,78920024064.0,0.0,0.0,784,16797,-0.0,162057.094,-114818.039,-0.0,0.133,6.909358625270745e+28,30.0,65.0,35,0.0,0.0,0.0,0.0,0.0,0.0,0.0,0.0,0.0,0.0,0.0,0.0,0.0,0.0,0.0,0.0,69.6,0,150,71,54,65476,0,300,0,1,8,20529,65476,0,0,40632,65.0,0.0,0.0,0.0,0.0,0.0
2026-09-04T20:48:54,ERR,ERR,ERR,ERR,ERR,ERR,ERR,ERR,ERR,ERR,ERR,ERR,ERR,ERR,ERR,ERR,ERR,ERR,ERR,ERR,ERR,ERR,ERR,ERR,ERR,ERR,ERR,ERR,ERR,ERR,ERR,ERR,ERR,ERR,ERR,ERR,ERR,ERR,ERR,ERR,ERR,ERR,ERR,ERR,ERR,ERR,ERR,ERR,ERR,ERR,ERR,ERR,ERR,ERR,ERR,ERR,ERR,ERR,ERR,ERR,ERR,ERR,ERR,ERR,ERR,ERR,ERR,ERR,ERR,ERR,ERR,ERR,ERR,ERR,ERR,ERR,ERR,ERR,ERR,ERR,ERR,ERR,ERR,ERR,ERR,ERR,ERR,ERR,ERR,ERR,ERR,ERR,ERR,ERR,ERR,ERR,ERR,ERR,ERR,ERR,ERR,ERR,ERR,ERR,ERR,ERR,ERR,ERR,ERR,ERR,ERR,ERR,ERR,ERR,ERR,ERR,ERR,ERR,ERR,ERR,ERR,ERR,ERR,ERR,ERR,0.0,0.0,0.0,0.0,0.0,1.3936040501711995e+18,7.805,0.0,0,0,4,0,7116,0.0,100,0.0,0.0,0.0,0.0,0.0,0,0,0,0,0.0,0,0,0,0,0,0,0,0,0,0,0,0,0,0,0,0,0,0,0,0,0,0,0,0,0,0,0,0,0,0,0,0,0,31,40,40,71,65476,0,300,0,0,8,21553,0.0,-107605600.0,0.0,0.0,0.0,0.0,0.0,0.0,0.0,0.0,0.0,0.0,0.0,0.0,0.0,0.0,0.0,0.0,0.0,0.0,0.0,0.0,-2.004,2.004,2.004,-0.0,0.0,0.0,0.0,0.0,6337.0,-1.5879372866899675e+29,6942.0,0.0,0.0,0.0,0.0,0.0,0.0,0.0,0.0,69,-0.059,-0.0,0.0,0.0,0.0,0.0,0.0,0.0,0.0,0,0,0,0.0,0.0,0.0,0.0,0.0,0.0,0.0,0.0,0.0,0.0,0.0,0.0,0.0,0.0,0.0,0.0,0,-107875648.0,69,0.0,138,0.0,-0.0,0,13107,17040,13107,17049,13107,17043,0,0,0,70,68,100,2.7302359370752657e+23,71.1,0.0,74.2,2.7302370179391762e+23,74.0,1,49,50,180,0,52429,0,0,0.0,0.0,0.0,0.0,-0.0,67.0,0.0,162057.094,0.0,750,0,739,0,0,0,721,0,766,0,735,0,742,0,741,0,712,0,7520,0.032,78920024064.0,0.0,0.0,784,16797,-0.0,162057.094,-114818.039,-0.0,0.133,6.909358625270745e+28,30.0,65.0,35,0.0,0.0,0.0,0.0,0.0,0.0,0.0,0.0,0.0,0.0,0.0,0.0,0.0,0.0,0.0,0.0,69.2,0,150,71,54,65476,0,300,0,1,8,20529,65476,0,0,40632,65.0,0.0,0.0,0.0,0.0,0.0
2026-09-04T20:48:55,ERR,ERR,ERR,ERR,ERR,ERR,ERR,ERR,ERR,ERR,ERR,ERR,ERR,ERR,ERR,ERR,ERR,ERR,ERR,ERR,ERR,ERR,ERR,ERR,ERR,ERR,ERR,ERR,ERR,ERR,ERR,ERR,ERR,ERR,ERR,ERR,ERR,ERR,ERR,ERR,ERR,ERR,ERR,ERR,ERR,ERR,ERR,ERR,ERR,ERR,ERR,ERR,ERR,ERR,ERR,ERR,ERR,ERR,ERR,ERR,ERR,ERR,ERR,ERR,ERR,ERR,ERR,ERR,ERR,ERR,ERR,ERR,ERR,ERR,ERR,ERR,ERR,ERR,ERR,ERR,ERR,ERR,ERR,ERR,ERR,ERR,ERR,ERR,ERR,ERR,ERR,ERR,ERR,ERR,ERR,ERR,ERR,ERR,ERR,ERR,ERR,ERR,ERR,ERR,ERR,ERR,ERR,ERR,ERR,ERR,ERR,ERR,ERR,ERR,ERR,ERR,ERR,ERR,ERR,ERR,ERR,ERR,ERR,ERR,ERR,0.0,0.0,0.0,0.0,0.0,1.3936040501711995e+18,7.805,0.0,0,0,4,0,7116,0.0,100,0.0,0.0,0.0,0.0,0.0,0,0,0,0,0.0,0,0,0,0,0,0,0,0,0,0,0,0,0,0,0,0,0,0,0,0,0,0,0,0,0,0,0,0,0,0,0,0,0,31,40,40,71,65476,0,300,0,0,8,21553,0.0,-107605600.0,0.0,0.0,0.0,0.0,0.0,0.0,0.0,0.0,0.0,0.0,0.0,0.0,0.0,0.0,0.0,0.0,0.0,0.0,0.0,0.0,-2.004,2.004,2.004,-0.0,0.0,0.0,0.0,0.0,6337.0,-1.5879372866899675e+29,6942.0,0.0,0.0,0.0,0.0,0.0,0.0,0.0,0.0,69,-0.059,-0.0,0.0,0.0,0.0,0.0,0.0,0.0,0.0,0,0,0,0.0,0.0,0.0,0.0,0.0,0.0,0.0,0.0,0.0,0.0,0.0,0.0,0.0,0.0,0.0,0.0,0,-107875648.0,69,0.0,138,0.0,-0.0,0,13107,17040,13107,17049,13107,17043,0,0,0,70,68,100,2.7302359370752657e+23,71.1,0.0,74.2,2.7302370179391762e+23,74.0,1,49,50,180,0,52429,0,0,0.0,0.0,0.0,0.0,-0.0,67.0,0.0,162057.094,0.0,750,0,739,0,0,0,721,0,766,0,735,0,742,0,741,0,712,0,7520,0.032,78920024064.0,0.0,0.0,784,16797,-0.0,162057.094,-114818.039,-0.0,0.133,6.909358625270745e+28,30.0,65.0,35,0.0,0.0,0.0,0.0,0.0,0.0,0.0,0.0,0.0,0.0,0.0,0.0,0.0,0.0,0.0,0.0,69.2,0,150,71,54,65476,0,300,0,1,8,20529,65476,0,0,40632,65.0,0.0,0.0,0.0,0.0,0.0
2026-09-04T20:48:56,ERR,ERR,ERR,ERR,ERR,ERR,ERR,ERR,ERR,ERR,ERR,ERR,ERR,ERR,ERR,ERR,ERR,ERR,ERR,ERR,ERR,ERR,ERR,ERR,ERR,ERR,ERR,ERR,ERR,ERR,ERR,ERR,ERR,ERR,ERR,ERR,ERR,ERR,ERR,ERR,ERR,ERR,ERR,ERR,ERR,ERR,ERR,ERR,ERR,ERR,ERR,ERR,ERR,ERR,ERR,ERR,ERR,ERR,ERR,ERR,ERR,ERR,ERR,ERR,ERR,ERR,ERR,ERR,ERR,ERR,ERR,ERR,ERR,ERR,ERR,ERR,ERR,ERR,ERR,ERR,ERR,ERR,ERR,ERR,ERR,ERR,ERR,ERR,ERR,ERR,ERR,ERR,ERR,ERR,ERR,ERR,ERR,ERR,ERR,ERR,ERR,ERR,ERR,ERR,ERR,ERR,ERR,ERR,ERR,ERR,ERR,ERR,ERR,ERR,ERR,ERR,ERR,ERR,ERR,ERR,ERR,ERR,ERR,ERR,ERR,0.0,0.0,0.0,0.0,0.0,1.3936040501711995e+18,7.805,0.0,0,0,4,0,7116,0.0,100,0.0,0.0,0.0,0.0,0.0,0,0,0,0,0.0,0,0,0,0,0,0,0,0,0,0,0,0,0,0,0,0,0,0,0,0,0,0,0,0,0,0,0,0,0,0,0,0,0,31,40,40,71,65476,0,300,0,0,8,21553,0.0,-107605600.0,0.0,0.0,0.0,0.0,0.0,0.0,0.0,0.0,0.0,0.0,0.0,0.0,0.0,0.0,0.0,0.0,0.0,0.0,0.0,0.0,-2.004,2.004,2.004,-0.0,0.0,0.0,0.0,0.0,6337.0,-1.5879372866899675e+29,6942.0,0.0,0.0,0.0,0.0,0.0,0.0,0.0,0.0,69,-0.059,-0.0,0.0,0.0,0.0,0.0,0.0,0.0,0.0,0,0,0,0.0,0.0,0.0,0.0,0.0,0.0,0.0,0.0,0.0,0.0,0.0,0.0,0.0,0.0,0.0,0.0,0,-107875648.0,69,0.0,138,0.0,-0.0,0,13107,17040,13107,17049,13107,17043,0,0,0,70,68,100,2.7302359370752657e+23,71.1,0.0,74.2,2.7302370179391762e+23,74.0,1,49,50,180,0,52429,0,0,0.0,0.0,0.0,0.0,-0.0,67.0,0.0,162057.094,0.0,750,0,739,0,0,0,721,0,766,0,735,0,742,0,741,0,712,0,7520,0.032,78920024064.0,0.0,0.0,784,16797,-0.0,162057.094,-114818.039,-0.0,0.133,6.909358625270745e+28,30.0,65.0,35,0.0,0.0,0.0,0.0,0.0,0.0,0.0,0.0,0.0,0.0,0.0,0.0,0.0,0.0,0.0,0.0,69.2,0,150,71,54,65476,0,300,0,1,8,20529,65476,0,0,40632,65.0,0.0,0.0,0.0,0.0,0.0
2026-09-04T20:48:57,ERR,ERR,ERR,ERR,ERR,ERR,ERR,ERR,ERR,ERR,ERR,ERR,ERR,ERR,ERR,ERR,ERR,ERR,ERR,ERR,ERR,ERR,ERR,ERR,ERR,ERR,ERR,ERR,ERR,ERR,ERR,ERR,ERR,ERR,ERR,ERR,ERR,ERR,ERR,ERR,ERR,ERR,ERR,ERR,ERR,ERR,ERR,ERR,ERR,ERR,ERR,ERR,ERR,ERR,ERR,ERR,ERR,ERR,ERR,ERR,ERR,ERR,ERR,ERR,ERR,ERR,ERR,ERR,ERR,ERR,ERR,ERR,ERR,ERR,ERR,ERR,ERR,ERR,ERR,ERR,ERR,ERR,ERR,ERR,ERR,ERR,ERR,ERR,ERR,ERR,ERR,ERR,ERR,ERR,ERR,ERR,ERR,ERR,ERR,ERR,ERR,ERR,ERR,ERR,ERR,ERR,ERR,ERR,ERR,ERR,ERR,ERR,ERR,ERR,ERR,ERR,ERR,ERR,ERR,ERR,ERR,ERR,ERR,ERR,ERR,0.0,0.0,0.0,0.0,0.0,1.3936040501711995e+18,7.805,0.0,0,0,4,0,7116,0.0,100,0.0,0.0,0.0,0.0,0.0,0,0,0,0,0.0,0,0,0,0,0,0,0,0,0,0,0,0,0,0,0,0,0,0,0,0,0,0,0,0,0,0,0,0,0,0,0,0,0,31,40,40,71,65476,0,300,0,0,8,21553,0.0,-107605600.0,0.0,0.0,0.0,0.0,0.0,0.0,0.0,0.0,0.0,0.0,0.0,0.0,0.0,0.0,0.0,0.0,0.0,0.0,0.0,0.0,-2.004,2.004,2.004,-0.0,0.0,0.0,0.0,0.0,6337.0,-1.5879372866899675e+29,6942.0,0.0,0.0,0.0,0.0,0.0,0.0,0.0,0.0,69,-0.059,-0.0,0.0,0.0,0.0,0.0,0.0,0.0,0.0,0,0,0,0.0,0.0,0.0,0.0,0.0,0.0,0.0,0.0,0.0,0.0,0.0,0.0,0.0,0.0,0.0,0.0,0,-107875648.0,69,0.0,138,0.0,-0.0,0,13107,17040,13107,17049,13107,17043,0,0,0,70,68,100,2.7302359370752657e+23,71.1,0.0,74.2,2.7302370179391762e+23,74.0,1,49,50,180,0,52429,0,0,0.0,0.0,0.0,0.0,-0.0,67.0,0.0,162057.094,0.0,750,0,739,0,0,0,721,0,766,0,735,0,742,0,741,0,712,0,7520,0.032,78920024064.0,0.0,0.0,784,16797,-0.0,162057.094,-114818.039,-0.0,0.133,6.909358625270745e+28,30.0,65.0,35,0.0,0.0,0.0,0.0,0.0,0.0,0.0,0.0,0.0,0.0,0.0,0.0,0.0,0.0,0.0,0.0,69.2,0,150,71,54,65476,0,300,0,1,8,20529,65476,0,0,40632,65.0,0.0,0.0,0.0,0.0,0.0
2026-09-04T20:48:58,ERR,ERR,ERR,ERR,ERR,ERR,ERR,ERR,ERR,ERR,ERR,ERR,ERR,ERR,ERR,ERR,ERR,ERR,ERR,ERR,ERR,ERR,ERR,ERR,ERR,ERR,ERR,ERR,ERR,ERR,ERR,ERR,ERR,ERR,ERR,ERR,ERR,ERR,ERR,ERR,ERR,ERR,ERR,ERR,ERR,ERR,ERR,ERR,ERR,ERR,ERR,ERR,ERR,ERR,ERR,ERR,ERR,ERR,ERR,ERR,ERR,ERR,ERR,ERR,ERR,ERR,ERR,ERR,ERR,ERR,ERR,ERR,ERR,ERR,ERR,ERR,ERR,ERR,ERR,ERR,ERR,ERR,ERR,ERR,ERR,ERR,ERR,ERR,ERR,ERR,ERR,ERR,ERR,ERR,ERR,ERR,ERR,ERR,ERR,ERR,ERR,ERR,ERR,ERR,ERR,ERR,ERR,ERR,ERR,ERR,ERR,ERR,ERR,ERR,ERR,ERR,ERR,ERR,ERR,ERR,ERR,ERR,ERR,ERR,ERR,0.0,0.0,0.0,0.0,0.0,1.3936040501711995e+18,7.805,0.0,0,0,4,0,7116,0.0,100,0.0,0.0,0.0,0.0,0.0,0,0,0,0,0.0,0,0,0,0,0,0,0,0,0,0,0,0,0,0,0,0,0,0,0,0,0,0,0,0,0,0,0,0,0,0,0,0,0,31,40,40,71,65476,0,300,0,0,8,21553,0.0,-107605600.0,0.0,0.0,0.0,0.0,0.0,0.0,0.0,0.0,0.0,0.0,0.0,0.0,0.0,0.0,0.0,0.0,0.0,0.0,0.0,0.0,-2.004,2.004,2.004,-0.0,0.0,0.0,0.0,0.0,6337.0,-1.5879372866899675e+29,6942.0,0.0,0.0,0.0,0.0,0.0,0.0,0.0,0.0,69,-0.059,-0.0,0.0,0.0,0.0,0.0,0.0,0.0,0.0,0,0,0,0.0,0.0,0.0,0.0,0.0,0.0,0.0,0.0,0.0,0.0,0.0,0.0,0.0,0.0,0.0,0.0,0,-107875648.0,69,0.0,138,0.0,-0.0,0,13107,17040,13107,17049,13107,17043,0,0,0,70,68,100,2.7302359370752657e+23,71.1,0.0,74.2,2.7302370179391762e+23,74.0,1,49,50,180,0,52429,0,0,0.0,0.0,0.0,0.0,-0.0,67.0,0.0,162057.094,0.0,750,0,739,0,0,0,721,0,766,0,735,0,742,0,741,0,712,0,7520,0.032,78920024064.0,0.0,0.0,784,16797,-0.0,162057.094,-114818.039,-0.0,0.133,6.909358625270745e+28,30.0,65.0,35,0.0,0.0,0.0,0.0,0.0,0.0,0.0,0.0,0.0,0.0,0.0,0.0,0.0,0.0,0.0,0.0,69.2,0,150,71,54,65476,0,300,0,1,8,20529,65476,0,0,40632,65.0,0.0,0.0,0.0,0.0,0.0
2026-09-04T20:48:59,ERR,ERR,ERR,ERR,ERR,ERR,ERR,ERR,ERR,ERR,ERR,ERR,ERR,ERR,ERR,ERR,ERR,ERR,ERR,ERR,ERR,ERR,ERR,ERR,ERR,ERR,ERR,ERR,ERR,ERR,ERR,ERR,ERR,ERR,ERR,ERR,ERR,ERR,ERR,ERR,ERR,ERR,ERR,ERR,ERR,ERR,ERR,ERR,ERR,ERR,ERR,ERR,ERR,ERR,ERR,ERR,ERR,ERR,ERR,ERR,ERR,ERR,ERR,ERR,ERR,ERR,ERR,ERR,ERR,ERR,ERR,ERR,ERR,ERR,ERR,ERR,ERR,ERR,ERR,ERR,ERR,ERR,ERR,ERR,ERR,ERR,ERR,ERR,ERR,ERR,ERR,ERR,ERR,ERR,ERR,ERR,ERR,ERR,ERR,ERR,ERR,ERR,ERR,ERR,ERR,ERR,ERR,ERR,ERR,ERR,ERR,ERR,ERR,ERR,ERR,ERR,ERR,ERR,ERR,ERR,ERR,ERR,ERR,ERR,ERR,0.0,0.0,0.0,0.0,0.0,1.3936040501711995e+18,7.805,0.0,0,0,4,0,7116,0.0,100,0.0,0.0,0.0,0.0,0.0,0,0,0,0,0.0,0,0,0,0,0,0,0,0,0,0,0,0,0,0,0,0,0,0,0,0,0,0,0,0,0,0,0,0,0,0,0,0,0,31,40,40,71,65476,0,300,0,0,8,21553,0.0,-107605600.0,0.0,0.0,0.0,0.0,0.0,0.0,0.0,0.0,0.0,0.0,0.0,0.0,0.0,0.0,0.0,0.0,0.0,0.0,0.0,0.0,-2.004,2.004,2.004,-0.0,0.0,0.0,0.0,0.0,6337.0,-1.5879372866899675e+29,6942.0,0.0,0.0,0.0,0.0,0.0,0.0,0.0,0.0,69,-0.059,-0.0,0.0,0.0,0.0,0.0,0.0,0.0,0.0,0,0,0,0.0,0.0,0.0,0.0,0.0,0.0,0.0,0.0,0.0,0.0,0.0,0.0,0.0,0.0,0.0,0.0,0,-107875648.0,69,0.0,138,0.0,-0.0,0,13107,17040,13107,17049,13107,17043,0,0,0,70,68,100,2.7302359370752657e+23,71.1,0.0,74.2,2.7302370179391762e+23,74.0,1,49,50,180,0,52429,0,0,0.0,0.0,0.0,0.0,-0.0,67.0,0.0,162057.094,0.0,750,0,739,0,0,0,721,0,766,0,735,0,742,0,741,0,712,0,7520,0.032,78920024064.0,0.0,0.0,784,16797,-0.0,162057.094,-114818.039,-0.0,0.133,6.909358625270745e+28,30.0,65.0,35,0.0,0.0,0.0,0.0,0.0,0.0,0.0,0.0,0.0,0.0,0.0,0.0,0.0,0.0,0.0,0.0,69.2,0,150,71,54,65476,0,300,0,1,8,20529,65476,0,0,40632,65.0,0.0,0.0,0.0,0.0,0.0
2026-09-04T20:49:00,ERR,ERR,ERR,ERR,ERR,ERR,ERR,ERR,ERR,ERR,ERR,ERR,ERR,ERR,ERR,ERR,ERR,ERR,ERR,ERR,ERR,ERR,ERR,ERR,ERR,ERR,ERR,ERR,ERR,ERR,ERR,ERR,ERR,ERR,ERR,ERR,ERR,ERR,ERR,ERR,ERR,ERR,ERR,ERR,ERR,ERR,ERR,ERR,ERR,ERR,ERR,ERR,ERR,ERR,ERR,ERR,ERR,ERR,ERR,ERR,ERR,ERR,ERR,ERR,ERR,ERR,ERR,ERR,ERR,ERR,ERR,ERR,ERR,ERR,ERR,ERR,ERR,ERR,ERR,ERR,ERR,ERR,ERR,ERR,ERR,ERR,ERR,ERR,ERR,ERR,ERR,ERR,ERR,ERR,ERR,ERR,ERR,ERR,ERR,ERR,ERR,ERR,ERR,ERR,ERR,ERR,ERR,ERR,ERR,ERR,ERR,ERR,ERR,ERR,ERR,ERR,ERR,ERR,ERR,ERR,ERR,ERR,ERR,ERR,ERR,0.0,0.0,0.0,0.0,0.0,1.3936040501711995e+18,7.805,0.0,0,0,4,0,7116,0.0,100,0.0,0.0,0.0,0.0,0.0,0,0,0,0,0.0,0,0,0,0,0,0,0,0,0,0,0,0,0,0,0,0,0,0,0,0,0,0,0,0,0,0,0,0,0,0,0,0,0,31,40,40,71,65476,0,300,0,0,8,21553,0.0,-107605600.0,0.0,0.0,0.0,0.0,0.0,0.0,0.0,0.0,0.0,0.0,0.0,0.0,0.0,0.0,0.0,0.0,0.0,0.0,0.0,0.0,-2.004,2.004,2.004,-0.0,0.0,0.0,0.0,0.0,6367.0,0.0,6915.0,0.0,0.0,0.0,0.0,0.0,0.0,0.0,0.0,69,-0.0,-0.0,0.0,0.0,0.0,0.0,0.0,0.0,0.0,0,0,0,0.0,0.0,0.0,0.0,0.0,0.0,0.0,0.0,0.0,0.0,0.0,0.0,0.0,0.0,0.0,0.0,0,-107875648.0,69,0.0,138,0.0,-0.0,0,13107,17040,13107,17049,13107,17043,0,0,0,70,68,100,2.7302359370752657e+23,71.1,0.0,74.2,2.7302370179391762e+23,74.0,1,49,50,180,0,52429,0,0,0.0,0.0,0.0,0.0,-0.0,67.0,0.0,162057.094,0.0,750,0,739,0,0,0,721,0,766,0,735,0,742,0,741,0,712,0,7520,0.032,78920024064.0,0.0,0.0,784,16797,-0.0,162057.094,-114818.039,-0.0,0.133,6.909358625270745e+28,30.0,65.0,35,0.0,0.0,0.0,0.0,0.0,0.0,0.0,0.0,0.0,0.0,0.0,0.0,0.0,0.0,0.0,0.0,69.2,0,150,71,54,65476,0,300,0,1,8,20529,65476,0,0,40632,65.0,0.0,0.0,0.0,0.0,0.0
2026-09-04T20:49:01,ERR,ERR,ERR,ERR,ERR,ERR,ERR,ERR,ERR,ERR,ERR,ERR,ERR,ERR,ERR,ERR,ERR,ERR,ERR,ERR,ERR,ERR,ERR,ERR,ERR,ERR,ERR,ERR,ERR,ERR,ERR,ERR,ERR,ERR,ERR,ERR,ERR,ERR,ERR,ERR,ERR,ERR,ERR,ERR,ERR,ERR,ERR,ERR,ERR,ERR,ERR,ERR,ERR,ERR,ERR,ERR,ERR,ERR,ERR,ERR,ERR,ERR,ERR,ERR,ERR,ERR,ERR,ERR,ERR,ERR,ERR,ERR,ERR,ERR,ERR,ERR,ERR,ERR,ERR,ERR,ERR,ERR,ERR,ERR,ERR,ERR,ERR,ERR,ERR,ERR,ERR,ERR,ERR,ERR,ERR,ERR,ERR,ERR,ERR,ERR,ERR,ERR,ERR,ERR,ERR,ERR,ERR,ERR,ERR,ERR,ERR,ERR,ERR,ERR,ERR,ERR,ERR,ERR,ERR,ERR,ERR,ERR,ERR,ERR,ERR,0.0,0.0,0.0,0.0,0.0,1.3936040501711995e+18,7.805,0.0,0,0,4,0,7116,0.0,100,0.0,0.0,0.0,0.0,0.0,0,0,0,0,0.0,0,0,0,0,0,0,0,0,0,0,0,0,0,0,0,0,0,0,0,0,0,0,0,0,0,0,0,0,0,0,0,0,0,31,40,40,71,65476,0,300,0,0,8,21553,0.0,-107605600.0,0.0,0.0,0.0,0.0,0.0,0.0,0.0,0.0,0.0,0.0,0.0,0.0,0.0,0.0,0.0,0.0,0.0,0.0,0.0,0.0,-2.004,2.004,2.004,-0.0,0.0,0.0,0.0,0.0,6367.0,0.0,6915.0,0.0,0.0,0.0,0.0,0.0,0.0,0.0,0.0,69,-0.0,-0.0,0.0,0.0,0.0,0.0,0.0,0.0,0.0,0,0,0,0.0,0.0,0.0,0.0,0.0,0.0,0.0,0.0,0.0,0.0,0.0,0.0,0.0,0.0,0.0,0.0,0,-107875648.0,69,0.0,138,0.0,-0.0,0,13107,17040,13107,17049,13107,17043,0,0,0,70,68,100,2.7302359370752657e+23,71.1,0.0,74.2,2.7302370179391762e+23,74.0,1,49,50,180,0,52429,0,0,0.0,0.0,0.0,0.0,-0.0,67.0,0.0,162057.094,0.0,750,0,739,0,0,0,721,0,766,0,735,0,742,0,741,0,712,0,7520,0.032,78920024064.0,0.0,0.0,784,16797,-0.0,162057.094,-114818.039,-0.0,0.133,6.909358625270745e+28,30.0,65.0,35,0.0,0.0,0.0,0.0,0.0,0.0,0.0,0.0,0.0,0.0,0.0,0.0,0.0,0.0,0.0,0.0,69.2,0,150,71,54,65476,0,300,0,1,8,20529,65476,0,0,40632,65.0,0.0,0.0,0.0,0.0,0.0
2026-09-04T20:49:02,ERR,ERR,ERR,ERR,ERR,ERR,ERR,ERR,ERR,ERR,ERR,ERR,ERR,ERR,ERR,ERR,ERR,ERR,ERR,ERR,ERR,ERR,ERR,ERR,ERR,ERR,ERR,ERR,ERR,ERR,ERR,ERR,ERR,ERR,ERR,ERR,ERR,ERR,ERR,ERR,ERR,ERR,ERR,ERR,ERR,ERR,ERR,ERR,ERR,ERR,ERR,ERR,ERR,ERR,ERR,ERR,ERR,ERR,ERR,ERR,ERR,ERR,ERR,ERR,ERR,ERR,ERR,ERR,ERR,ERR,ERR,ERR,ERR,ERR,ERR,ERR,ERR,ERR,ERR,ERR,ERR,ERR,ERR,ERR,ERR,ERR,ERR,ERR,ERR,ERR,ERR,ERR,ERR,ERR,ERR,ERR,ERR,ERR,ERR,ERR,ERR,ERR,ERR,ERR,ERR,ERR,ERR,ERR,ERR,ERR,ERR,ERR,ERR,ERR,ERR,ERR,ERR,ERR,ERR,ERR,ERR,ERR,ERR,ERR,ERR,0.0,0.0,0.0,0.0,0.0,1.3936040501711995e+18,7.805,0.0,0,0,4,0,7116,0.0,100,0.0,0.0,0.0,0.0,0.0,0,0,0,0,0.0,0,0,0,0,0,0,0,0,0,0,0,0,0,0,0,0,0,0,0,0,0,0,0,0,0,0,0,0,0,0,0,0,0,31,40,40,71,65476,0,300,0,0,8,21553,0.0,-107605600.0,0.0,0.0,0.0,0.0,0.0,0.0,0.0,0.0,0.0,0.0,0.0,0.0,0.0,0.0,0.0,0.0,0.0,0.0,0.0,0.0,-2.004,2.004,2.004,-0.0,0.0,0.0,0.0,0.0,6367.0,0.0,6915.0,0.0,0.0,0.0,0.0,0.0,0.0,0.0,0.0,69,-0.0,-0.0,0.0,0.0,0.0,0.0,0.0,0.0,0.0,0,0,0,0.0,0.0,0.0,0.0,0.0,0.0,0.0,0.0,0.0,0.0,0.0,0.0,0.0,0.0,0.0,0.0,0,-107875648.0,69,0.0,138,0.0,-0.0,0,13107,17040,13107,17049,13107,17043,0,0,0,70,68,100,2.7302359370752657e+23,71.1,0.0,74.2,2.7302370179391762e+23,74.0,1,49,50,180,0,52429,0,0,0.0,0.0,0.0,0.0,-0.0,67.0,0.0,162057.094,0.0,750,0,739,0,0,0,721,0,766,0,735,0,742,0,741,0,712,0,7520,0.032,78920024064.0,0.0,0.0,784,16797,-0.0,162057.094,-114818.039,-0.0,0.133,6.909358625270745e+28,30.0,65.0,35,0.0,0.0,0.0,0.0,0.0,0.0,0.0,0.0,0.0,0.0,0.0,0.0,0.0,0.0,0.0,0.0,69.2,0,150,71,54,65476,0,300,0,1,8,20529,65476,0,0,40632,65.0,0.0,0.0,0.0,0.0,0.0
2026-09-04T20:49:03,ERR,ERR,ERR,ERR,ERR,ERR,ERR,ERR,ERR,ERR,ERR,ERR,ERR,ERR,ERR,ERR,ERR,ERR,ERR,ERR,ERR,ERR,ERR,ERR,ERR,ERR,ERR,ERR,ERR,ERR,ERR,ERR,ERR,ERR,ERR,ERR,ERR,ERR,ERR,ERR,ERR,ERR,ERR,ERR,ERR,ERR,ERR,ERR,ERR,ERR,ERR,ERR,ERR,ERR,ERR,ERR,ERR,ERR,ERR,ERR,ERR,ERR,ERR,ERR,ERR,ERR,ERR,ERR,ERR,ERR,ERR,ERR,ERR,ERR,ERR,ERR,ERR,ERR,ERR,ERR,ERR,ERR,ERR,ERR,ERR,ERR,ERR,ERR,ERR,ERR,ERR,ERR,ERR,ERR,ERR,ERR,ERR,ERR,ERR,ERR,ERR,ERR,ERR,ERR,ERR,ERR,ERR,ERR,ERR,ERR,ERR,ERR,ERR,ERR,ERR,ERR,ERR,ERR,ERR,ERR,ERR,ERR,ERR,ERR,ERR,0.0,0.0,0.0,0.0,0.0,1.3936040501711995e+18,7.805,0.0,0,0,4,0,7116,0.0,100,0.0,0.0,0.0,0.0,0.0,0,0,0,0,0.0,0,0,0,0,0,0,0,0,0,0,0,0,0,0,0,0,0,0,0,0,0,0,0,0,0,0,0,0,0,0,0,0,0,31,40,40,71,65476,0,300,0,0,8,21553,0.0,-107605600.0,0.0,0.0,0.0,0.0,0.0,0.0,0.0,0.0,0.0,0.0,0.0,0.0,0.0,0.0,0.0,0.0,0.0,0.0,0.0,0.0,-2.004,2.004,2.004,-0.0,0.0,0.0,0.0,0.0,6367.0,0.0,6915.0,0.0,0.0,0.0,0.0,0.0,0.0,0.0,0.0,69,-0.0,-0.0,0.0,0.0,0.0,0.0,0.0,0.0,0.0,0,0,0,0.0,0.0,0.0,0.0,0.0,0.0,0.0,0.0,0.0,0.0,0.0,0.0,0.0,0.0,0.0,0.0,0,-107875648.0,69,0.0,138,0.0,-0.0,0,13107,17040,13107,17049,0,17043,0,0,0,70,68,100,2.7302359370752657e+23,71.1,0.0,74.2,2.7302370179391762e+23,74.0,1,49,50,180,0,52429,0,0,0.0,0.0,0.0,0.0,-0.0,67.0,0.0,162057.094,0.0,750,0,739,0,0,0,721,0,766,0,735,0,742,0,741,0,712,0,7520,0.032,78920024064.0,0.0,0.0,784,16797,-0.0,162057.094,-114818.039,-0.0,0.133,6.909358625270745e+28,30.0,65.0,35,0.0,0.0,0.0,0.0,0.0,0.0,0.0,0.0,0.0,0.0,0.0,0.0,0.0,0.0,0.0,0.0,69.2,0,150,71,54,65476,0,300,0,1,8,20529,65476,0,0,40632,65.0,0.0,0.0,0.0,0.0,0.0
2026-09-04T20:49:04,ERR,ERR,ERR,ERR,ERR,ERR,ERR,ERR,ERR,ERR,ERR,ERR,ERR,ERR,ERR,ERR,ERR,ERR,ERR,ERR,ERR,ERR,ERR,ERR,ERR,ERR,ERR,ERR,ERR,ERR,ERR,ERR,ERR,ERR,ERR,ERR,ERR,ERR,ERR,ERR,ERR,ERR,ERR,ERR,ERR,ERR,ERR,ERR,ERR,ERR,ERR,ERR,ERR,ERR,ERR,ERR,ERR,ERR,ERR,ERR,ERR,ERR,ERR,ERR,ERR,ERR,ERR,ERR,ERR,ERR,ERR,ERR,ERR,ERR,ERR,ERR,ERR,ERR,ERR,ERR,ERR,ERR,ERR,ERR,ERR,ERR,ERR,ERR,ERR,ERR,ERR,ERR,ERR,ERR,ERR,ERR,ERR,ERR,ERR,ERR,ERR,ERR,ERR,ERR,ERR,ERR,ERR,ERR,ERR,ERR,ERR,ERR,ERR,ERR,ERR,ERR,ERR,ERR,ERR,ERR,ERR,ERR,ERR,ERR,ERR,0.0,0.0,0.0,0.0,0.0,1.3936040501711995e+18,7.805,0.0,0,0,4,0,7116,0.0,100,0.0,0.0,0.0,0.0,0.0,0,0,0,0,0.0,0,0,0,0,0,0,0,0,0,0,0,0,0,0,0,0,0,0,0,0,0,0,0,0,0,0,0,0,0,0,0,0,0,31,40,40,71,65476,0,300,0,0,8,21553,0.0,-107605600.0,0.0,0.0,0.0,0.0,0.0,0.0,0.0,0.0,0.0,0.0,0.0,0.0,0.0,0.0,0.0,0.0,0.0,0.0,0.0,0.0,-2.004,2.004,2.004,-0.0,0.0,0.0,0.0,0.0,6367.0,0.0,6915.0,0.0,0.0,0.0,0.0,0.0,0.0,0.0,0.0,69,-0.0,-0.0,0.0,0.0,0.0,0.0,0.0,0.0,0.0,0,0,0,0.0,0.0,0.0,0.0,0.0,0.0,0.0,0.0,0.0,0.0,0.0,0.0,0.0,0.0,0.0,0.0,0,-107875648.0,69,0.0,138,0.0,-0.0,0,13107,17040,13107,17049,0,17043,0,0,0,70,68,100,2.7302359370752657e+23,71.1,0.0,74.2,2.7302370179391762e+23,74.0,1,49,50,180,0,52429,0,0,0.0,0.0,0.0,0.0,-0.0,67.0,0.0,162057.094,0.0,750,0,739,0,0,0,721,0,766,0,735,0,742,0,741,0,712,0,7520,0.032,78920024064.0,0.0,0.0,784,16797,-0.0,162057.094,-114818.039,-0.0,0.133,6.909358625270745e+28,30.0,65.0,35,0.0,0.0,0.0,0.0,0.0,0.0,0.0,0.0,0.0,0.0,0.0,0.0,0.0,0.0,0.0,0.0,69.2,0,150,71,54,65476,0,300,0,1,8,20529,65476,0,0,40632,65.0,0.0,0.0,0.0,0.0,0.0
2026-09-04T20:49:05,ERR,ERR,ERR,ERR,ERR,ERR,ERR,ERR,ERR,ERR,ERR,ERR,ERR,ERR,ERR,ERR,ERR,ERR,ERR,ERR,ERR,ERR,ERR,ERR,ERR,ERR,ERR,ERR,ERR,ERR,ERR,ERR,ERR,ERR,ERR,ERR,ERR,ERR,ERR,ERR,ERR,ERR,ERR,ERR,ERR,ERR,ERR,ERR,ERR,ERR,ERR,ERR,ERR,ERR,ERR,ERR,ERR,ERR,ERR,ERR,ERR,ERR,ERR,ERR,ERR,ERR,ERR,ERR,ERR,ERR,ERR,ERR,ERR,ERR,ERR,ERR,ERR,ERR,ERR,ERR,ERR,ERR,ERR,ERR,ERR,ERR,ERR,ERR,ERR,ERR,ERR,ERR,ERR,ERR,ERR,ERR,ERR,ERR,ERR,ERR,ERR,ERR,ERR,ERR,ERR,ERR,ERR,ERR,ERR,ERR,ERR,ERR,ERR,ERR,ERR,ERR,ERR,ERR,ERR,ERR,ERR,ERR,ERR,ERR,ERR,0.0,0.0,0.0,0.0,0.0,1.3936040501711995e+18,7.805,0.0,0,0,4,0,7116,0.0,100,0.0,0.0,0.0,0.0,0.0,0,0,0,0,0.0,0,0,0,0,0,0,0,0,0,0,0,0,0,0,0,0,0,0,0,0,0,0,0,0,0,0,0,0,0,0,0,0,0,31,40,40,71,65476,0,300,0,0,8,21553,0.0,-107605600.0,0.0,0.0,0.0,0.0,0.0,0.0,0.0,0.0,0.0,0.0,0.0,0.0,0.0,0.0,0.0,0.0,0.0,0.0,0.0,0.0,-2.004,2.004,2.004,-0.0,0.0,0.0,0.0,0.0,6367.0,0.0,6915.0,0.0,0.0,0.0,0.0,0.0,0.0,0.0,0.0,69,-0.0,-0.0,0.0,0.0,0.0,0.0,0.0,0.0,0.0,0,0,0,0.0,0.0,0.0,0.0,0.0,0.0,0.0,0.0,0.0,0.0,0.0,0.0,0.0,0.0,0.0,0.0,0,-107875648.0,69,0.0,138,0.0,-0.0,0,13107,17040,13107,17049,0,17043,0,0,0,70,68,100,2.7302359370752657e+23,71.1,0.0,74.2,2.7302370179391762e+23,74.0,1,49,50,180,0,52429,0,0,0.0,0.0,0.0,0.0,-0.0,67.0,0.0,162057.094,0.0,750,0,739,0,0,0,721,0,766,0,735,0,742,0,741,0,712,0,7520,0.032,78920024064.0,0.0,0.0,784,16797,-0.0,162057.094,-114818.039,-0.0,0.133,6.909358625270745e+28,30.0,65.0,35,0.0,0.0,0.0,0.0,0.0,0.0,0.0,0.0,0.0,0.0,0.0,0.0,0.0,0.0,0.0,0.0,69.2,0,150,71,54,65476,0,300,0,1,8,20529,65476,0,0,40632,65.0,0.0,0.0,0.0,0.0,0.0
2026-09-04T20:49:06,ERR,ERR,ERR,ERR,ERR,ERR,ERR,ERR,ERR,ERR,ERR,ERR,ERR,ERR,ERR,ERR,ERR,ERR,ERR,ERR,ERR,ERR,ERR,ERR,ERR,ERR,ERR,ERR,ERR,ERR,ERR,ERR,ERR,ERR,ERR,ERR,ERR,ERR,ERR,ERR,ERR,ERR,ERR,ERR,ERR,ERR,ERR,ERR,ERR,ERR,ERR,ERR,ERR,ERR,ERR,ERR,ERR,ERR,ERR,ERR,ERR,ERR,ERR,ERR,ERR,ERR,ERR,ERR,ERR,ERR,ERR,ERR,ERR,ERR,ERR,ERR,ERR,ERR,ERR,ERR,ERR,ERR,ERR,ERR,ERR,ERR,ERR,ERR,ERR,ERR,ERR,ERR,ERR,ERR,ERR,ERR,ERR,ERR,ERR,ERR,ERR,ERR,ERR,ERR,ERR,ERR,ERR,ERR,ERR,ERR,ERR,ERR,ERR,ERR,ERR,ERR,ERR,ERR,ERR,ERR,ERR,ERR,ERR,ERR,ERR,0.0,0.0,0.0,0.0,0.0,1.3936040501711995e+18,7.805,0.0,0,0,4,0,7116,0.0,100,0.0,0.0,0.0,0.0,0.0,0,0,0,0,0.0,0,0,0,0,0,0,0,0,0,0,0,0,0,0,0,0,0,0,0,0,0,0,0,0,0,0,0,0,0,0,0,0,0,31,40,40,71,65476,0,300,0,0,8,21553,0.0,-107605600.0,0.0,0.0,0.0,0.0,0.0,0.0,0.0,0.0,0.0,0.0,0.0,0.0,0.0,0.0,0.0,0.0,0.0,0.0,0.0,0.0,-2.004,2.004,2.004,-0.0,0.0,0.0,0.0,0.0,6367.0,0.0,6915.0,0.0,0.0,0.0,0.0,0.0,0.0,0.0,0.0,69,-0.0,-0.0,0.0,0.0,0.0,0.0,0.0,0.0,0.0,0,0,0,0.0,0.0,0.0,0.0,0.0,0.0,0.0,0.0,0.0,0.0,0.0,0.0,0.0,0.0,0.0,0.0,0,-107875648.0,69,0.0,138,0.0,-0.0,0,13107,17040,13107,17049,0,17043,0,0,0,70,68,100,2.7302359370752657e+23,71.1,0.0,74.2,2.7302370179391762e+23,74.0,1,49,50,180,0,52429,0,0,0.0,0.0,0.0,0.0,-0.0,67.0,0.0,162057.094,0.0,750,0,739,0,0,0,721,0,766,0,735,0,742,0,741,0,712,0,7520,0.032,78920024064.0,0.0,0.0,784,16797,-0.0,162057.094,-114818.039,-0.0,0.133,6.909358625270745e+28,30.0,65.0,35,0.0,0.0,0.0,0.0,0.0,0.0,0.0,0.0,0.0,0.0,0.0,0.0,0.0,0.0,0.0,0.0,69.2,0,150,71,54,65476,0,300,0,1,8,20529,65476,0,0,40632,65.0,0.0,0.0,0.0,0.0,0.0
2026-09-04T20:49:07,ERR,ERR,ERR,ERR,ERR,ERR,ERR,ERR,ERR,ERR,ERR,ERR,ERR,ERR,ERR,ERR,ERR,ERR,ERR,ERR,ERR,ERR,ERR,ERR,ERR,ERR,ERR,ERR,ERR,ERR,ERR,ERR,ERR,ERR,ERR,ERR,ERR,ERR,ERR,ERR,ERR,ERR,ERR,ERR,ERR,ERR,ERR,ERR,ERR,ERR,ERR,ERR,ERR,ERR,ERR,ERR,ERR,ERR,ERR,ERR,ERR,ERR,ERR,ERR,ERR,ERR,ERR,ERR,ERR,ERR,ERR,ERR,ERR,ERR,ERR,ERR,ERR,ERR,ERR,ERR,ERR,ERR,ERR,ERR,ERR,ERR,ERR,ERR,ERR,ERR,ERR,ERR,ERR,ERR,ERR,ERR,ERR,ERR,ERR,ERR,ERR,ERR,ERR,ERR,ERR,ERR,ERR,ERR,ERR,ERR,ERR,ERR,ERR,ERR,ERR,ERR,ERR,ERR,ERR,ERR,ERR,ERR,ERR,ERR,ERR,0.0,0.0,0.0,0.0,0.0,1.3936040501711995e+18,7.805,0.0,0,0,4,0,7116,0.0,100,0.0,0.0,0.0,0.0,0.0,0,0,0,0,0.0,0,0,0,0,0,0,0,0,0,0,0,0,0,0,0,0,0,0,0,0,0,0,0,0,0,0,0,0,0,0,0,0,0,31,40,40,71,65476,0,300,0,0,8,21553,0.0,-107605600.0,0.0,0.0,0.0,0.0,0.0,0.0,0.0,0.0,0.0,0.0,0.0,0.0,0.0,0.0,0.0,0.0,0.0,0.0,0.0,0.0,-2.004,2.004,2.004,-0.0,0.0,0.0,0.0,0.0,6367.0,0.0,6915.0,0.0,0.0,0.0,0.0,0.0,0.0,0.0,0.0,69,-0.0,-0.0,0.0,0.0,0.0,0.0,0.0,0.0,0.0,0,0,0,0.0,0.0,0.0,0.0,0.0,0.0,0.0,0.0,0.0,0.0,0.0,0.0,0.0,0.0,0.0,0.0,0,-107875648.0,69,0.0,138,0.0,-0.0,0,13107,17040,13107,17049,0,17043,0,0,0,70,68,100,2.7302359370752657e+23,71.1,0.0,74.2,2.7302370179391762e+23,74.0,1,49,50,180,0,52429,0,0,0.0,0.0,0.0,0.0,-0.0,67.0,0.0,162057.094,0.0,750,0,739,0,0,0,721,0,766,0,735,0,742,0,741,0,712,0,7520,0.032,78920024064.0,0.0,0.0,784,16797,-0.0,162057.094,-114818.039,-0.0,0.133,6.909358625270745e+28,30.0,65.0,35,0.0,0.0,0.0,0.0,0.0,0.0,0.0,0.0,0.0,0.0,0.0,0.0,0.0,0.0,0.0,0.0,69.2,0,150,71,54,65476,0,300,0,1,8,20529,65476,0,0,40632,65.0,0.0,0.0,0.0,0.0,0.0
2026-09-04T20:49:08,ERR,ERR,ERR,ERR,ERR,ERR,ERR,ERR,ERR,ERR,ERR,ERR,ERR,ERR,ERR,ERR,ERR,ERR,ERR,ERR,ERR,ERR,ERR,ERR,ERR,ERR,ERR,ERR,ERR,ERR,ERR,ERR,ERR,ERR,ERR,ERR,ERR,ERR,ERR,ERR,ERR,ERR,ERR,ERR,ERR,ERR,ERR,ERR,ERR,ERR,ERR,ERR,ERR,ERR,ERR,ERR,ERR,ERR,ERR,ERR,ERR,ERR,ERR,ERR,ERR,ERR,ERR,ERR,ERR,ERR,ERR,ERR,ERR,ERR,ERR,ERR,ERR,ERR,ERR,ERR,ERR,ERR,ERR,ERR,ERR,ERR,ERR,ERR,ERR,ERR,ERR,ERR,ERR,ERR,ERR,ERR,ERR,ERR,ERR,ERR,ERR,ERR,ERR,ERR,ERR,ERR,ERR,ERR,ERR,ERR,ERR,ERR,ERR,ERR,ERR,ERR,ERR,ERR,ERR,ERR,ERR,ERR,ERR,ERR,ERR,0.0,0.0,0.0,0.0,0.0,1.3936040501711995e+18,7.805,0.0,0,0,4,0,7116,0.0,100,0.0,0.0,0.0,0.0,0.0,0,0,0,0,0.0,0,0,0,0,0,0,0,0,0,0,0,0,0,0,0,0,0,0,0,0,0,0,0,0,0,0,0,0,0,0,0,0,0,31,40,40,71,65476,0,300,0,0,8,21553,0.0,-107605600.0,0.0,0.0,0.0,0.0,0.0,0.0,0.0,0.0,0.0,0.0,0.0,0.0,0.0,0.0,0.0,0.0,0.0,0.0,0.0,0.0,-2.004,2.004,2.004,-0.0,0.0,0.0,0.0,0.0,6309.0,1.587937097795308e+29,6926.0,0.0,0.0,0.0,0.0,0.0,0.0,0.0,0.0,69,-1.9056991512664474e+17,-0.0,0.0,0.0,0.0,0.0,0.0,0.0,0.0,0,0,0,0.0,0.0,0.0,0.0,0.0,0.0,0.0,0.0,0.0,0.0,0.0,0.0,0.0,0.0,0.0,0.0,0,-107875648.0,69,0.0,138,0.0,-0.0,0,13107,17040,13107,17049,0,17043,0,0,0,70,68,100,2.7302359370752657e+23,71.1,0.0,74.2,2.7302370179391762e+23,74.0,1,49,50,180,0,52429,0,0,0.0,0.0,0.0,0.0,-0.0,67.0,0.0,162057.094,0.0,750,0,739,0,0,0,721,0,766,0,735,0,742,0,741,0,712,0,7520,0.032,79456894976.0,0.0,0.0,784,16797,-0.0,162057.094,-114818.039,-0.0,0.133,6.909358625270745e+28,30.0,65.0,35,0.0,0.0,0.0,0.0,0.0,0.0,0.0,0.0,0.0,0.0,0.0,0.0,0.0,0.0,0.0,0.0,69.2,0,150,71,54,65476,0,300,0,1,8,20529,65476,0,0,40632,65.0,0.0,0.0,0.0,0.0,0.0
2026-09-04T20:49:09,ERR,ERR,ERR,ERR,ERR,ERR,ERR,ERR,ERR,ERR,ERR,ERR,ERR,ERR,ERR,ERR,ERR,ERR,ERR,ERR,ERR,ERR,ERR,ERR,ERR,ERR,ERR,ERR,ERR,ERR,ERR,ERR,ERR,ERR,ERR,ERR,ERR,ERR,ERR,ERR,ERR,ERR,ERR,ERR,ERR,ERR,ERR,ERR,ERR,ERR,ERR,ERR,ERR,ERR,ERR,ERR,ERR,ERR,ERR,ERR,ERR,ERR,ERR,ERR,ERR,ERR,ERR,ERR,ERR,ERR,ERR,ERR,ERR,ERR,ERR,ERR,ERR,ERR,ERR,ERR,ERR,ERR,ERR,ERR,ERR,ERR,ERR,ERR,ERR,ERR,ERR,ERR,ERR,ERR,ERR,ERR,ERR,ERR,ERR,ERR,ERR,ERR,ERR,ERR,ERR,ERR,ERR,ERR,ERR,ERR,ERR,ERR,ERR,ERR,ERR,ERR,ERR,ERR,ERR,ERR,ERR,ERR,ERR,ERR,ERR,0.0,0.0,0.0,0.0,0.0,1.3936040501711995e+18,7.805,0.0,0,0,4,0,7116,0.0,100,0.0,0.0,0.0,0.0,0.0,0,0,0,0,0.0,0,0,0,0,0,0,0,0,0,0,0,0,0,0,0,0,0,0,0,0,0,0,0,0,0,0,0,0,0,0,0,0,0,31,40,40,71,65476,0,300,0,0,8,21553,0.0,-107605600.0,0.0,0.0,0.0,0.0,0.0,0.0,0.0,0.0,0.0,0.0,0.0,0.0,0.0,0.0,0.0,0.0,0.0,0.0,0.0,0.0,-2.004,2.004,2.004,-0.0,0.0,0.0,0.0,0.0,6309.0,1.587937097795308e+29,6926.0,0.0,0.0,0.0,0.0,0.0,0.0,0.0,0.0,69,-1.9056991512664474e+17,-0.0,0.0,0.0,0.0,0.0,0.0,0.0,0.0,0,0,0,0.0,0.0,0.0,0.0,0.0,0.0,0.0,0.0,0.0,0.0,0.0,0.0,0.0,0.0,0.0,0.0,0,-107875648.0,69,0.0,138,0.0,-0.0,0,13107,17040,13107,17049,0,17043,0,0,0,70,68,100,2.7302359370752657e+23,71.1,0.0,74.2,2.7302370179391762e+23,74.0,1,49,50,180,0,52429,0,0,0.0,0.0,0.0,0.0,-0.0,67.0,0.0,162057.094,0.0,750,0,739,0,0,0,721,0,766,0,735,0,742,0,741,0,712,0,7520,0.032,79456894976.0,0.0,0.0,784,16797,-0.0,162057.094,-114818.039,-0.0,0.133,6.909358625270745e+28,30.0,65.0,35,0.0,0.0,0.0,0.0,0.0,0.0,0.0,0.0,0.0,0.0,0.0,0.0,0.0,0.0,0.0,0.0,69.2,0,150,71,54,65476,0,300,0,1,8,20529,65476,0,0,40632,65.0,0.0,0.0,0.0,0.0,0.0
2026-09-04T20:49:10,ERR,ERR,ERR,ERR,ERR,ERR,ERR,ERR,ERR,ERR,ERR,ERR,ERR,ERR,ERR,ERR,ERR,ERR,ERR,ERR,ERR,ERR,ERR,ERR,ERR,ERR,ERR,ERR,ERR,ERR,ERR,ERR,ERR,ERR,ERR,ERR,ERR,ERR,ERR,ERR,ERR,ERR,ERR,ERR,ERR,ERR,ERR,ERR,ERR,ERR,ERR,ERR,ERR,ERR,ERR,ERR,ERR,ERR,ERR,ERR,ERR,ERR,ERR,ERR,ERR,ERR,ERR,ERR,ERR,ERR,ERR,ERR,ERR,ERR,ERR,ERR,ERR,ERR,ERR,ERR,ERR,ERR,ERR,ERR,ERR,ERR,ERR,ERR,ERR,ERR,ERR,ERR,ERR,ERR,ERR,ERR,ERR,ERR,ERR,ERR,ERR,ERR,ERR,ERR,ERR,ERR,ERR,ERR,ERR,ERR,ERR,ERR,ERR,ERR,ERR,ERR,ERR,ERR,ERR,ERR,ERR,ERR,ERR,ERR,ERR,0.0,0.0,0.0,0.0,0.0,1.3936040501711995e+18,7.805,0.0,0,0,4,0,7116,0.0,100,0.0,0.0,0.0,0.0,0.0,0,0,0,0,0.0,0,0,0,0,0,0,0,0,0,0,0,0,0,0,0,0,0,0,0,0,0,0,0,0,0,0,0,0,0,0,0,0,0,31,40,40,71,65476,0,300,0,0,8,21553,0.0,-107605600.0,0.0,0.0,0.0,0.0,0.0,0.0,0.0,0.0,0.0,0.0,0.0,0.0,0.0,0.0,0.0,0.0,0.0,0.0,0.0,0.0,-2.004,2.004,2.004,-0.0,0.0,0.0,0.0,0.0,6309.0,1.587937097795308e+29,6926.0,0.0,0.0,0.0,0.0,0.0,0.0,0.0,0.0,69,-1.9056991512664474e+17,-0.0,0.0,0.0,0.0,0.0,0.0,0.0,0.0,0,0,0,0.0,0.0,0.0,0.0,0.0,0.0,0.0,0.0,0.0,0.0,0.0,0.0,0.0,0.0,0.0,0.0,0,-107875648.0,69,0.0,138,0.0,-0.0,0,13107,17040,13107,17049,0,17043,0,0,0,70,68,100,2.7302359370752657e+23,71.1,0.0,74.2,2.7302370179391762e+23,74.0,1,49,50,180,0,52429,0,0,0.0,0.0,0.0,0.0,-0.0,67.0,0.0,162057.094,0.0,750,0,739,0,0,0,721,0,766,0,735,0,742,0,741,0,712,0,7520,0.032,79456894976.0,0.0,0.0,784,16797,-0.0,162057.094,-114818.039,-0.0,0.133,6.909358625270745e+28,30.0,65.0,35,0.0,0.0,0.0,0.0,0.0,0.0,0.0,0.0,0.0,0.0,0.0,0.0,0.0,0.0,0.0,0.0,69.2,0,150,71,54,65476,0,300,0,1,8,20529,65476,0,0,40632,65.0,0.0,0.0,0.0,0.0,0.0
2026-09-04T20:49:11,ERR,ERR,ERR,ERR,ERR,ERR,ERR,ERR,ERR,ERR,ERR,ERR,ERR,ERR,ERR,ERR,ERR,ERR,ERR,ERR,ERR,ERR,ERR,ERR,ERR,ERR,ERR,ERR,ERR,ERR,ERR,ERR,ERR,ERR,ERR,ERR,ERR,ERR,ERR,ERR,ERR,ERR,ERR,ERR,ERR,ERR,ERR,ERR,ERR,ERR,ERR,ERR,ERR,ERR,ERR,ERR,ERR,ERR,ERR,ERR,ERR,ERR,ERR,ERR,ERR,ERR,ERR,ERR,ERR,ERR,ERR,ERR,ERR,ERR,ERR,ERR,ERR,ERR,ERR,ERR,ERR,ERR,ERR,ERR,ERR,ERR,ERR,ERR,ERR,ERR,ERR,ERR,ERR,ERR,ERR,ERR,ERR,ERR,ERR,ERR,ERR,ERR,ERR,ERR,ERR,ERR,ERR,ERR,ERR,ERR,ERR,ERR,ERR,ERR,ERR,ERR,ERR,ERR,ERR,ERR,ERR,ERR,ERR,ERR,ERR,0.0,0.0,0.0,0.0,0.0,1.3936040501711995e+18,7.805,0.0,0,0,4,0,7116,0.0,100,0.0,0.0,0.0,0.0,0.0,0,0,0,0,0.0,0,0,0,0,0,0,0,0,0,0,0,0,0,0,0,0,0,0,0,0,0,0,0,0,0,0,0,0,0,0,0,0,0,31,40,40,71,65476,0,300,0,0,8,21553,0.0,-107605600.0,0.0,0.0,0.0,0.0,0.0,0.0,0.0,0.0,0.0,0.0,0.0,0.0,0.0,0.0,0.0,0.0,0.0,0.0,0.0,0.0,-2.004,2.004,2.004,-0.0,0.0,0.0,0.0,0.0,6309.0,1.587937097795308e+29,6926.0,0.0,0.0,0.0,0.0,0.0,0.0,0.0,0.0,69,-1.9056991512664474e+17,-0.0,0.0,0.0,0.0,0.0,0.0,0.0,0.0,0,0,0,0.0,0.0,0.0,0.0,0.0,0.0,0.0,0.0,0.0,0.0,0.0,0.0,0.0,0.0,0.0,0.0,0,-107875648.0,69,0.0,138,0.0,-0.0,0,13107,17040,13107,17049,0,17043,0,0,0,70,68,100,2.7302359370752657e+23,71.1,0.0,74.2,2.7302370179391762e+23,74.0,1,49,50,180,0,52429,0,0,0.0,0.0,0.0,0.0,-0.0,67.0,0.0,162057.094,0.0,750,0,739,0,0,0,721,0,766,0,735,0,742,0,741,0,712,0,7520,0.032,79456894976.0,0.0,0.0,784,16797,-0.0,162057.094,-114818.039,-0.0,0.133,6.909358625270745e+28,30.0,65.0,35,0.0,0.0,0.0,0.0,0.0,0.0,0.0,0.0,0.0,0.0,0.0,0.0,0.0,0.0,0.0,0.0,69.2,0,150,71,54,65476,0,300,0,1,8,20529,65476,0,0,40632,65.0,0.0,0.0,0.0,0.0,0.0
2026-09-04T20:49:12,ERR,ERR,ERR,ERR,ERR,ERR,ERR,ERR,ERR,ERR,ERR,ERR,ERR,ERR,ERR,ERR,ERR,ERR,ERR,ERR,ERR,ERR,ERR,ERR,ERR,ERR,ERR,ERR,ERR,ERR,ERR,ERR,ERR,ERR,ERR,ERR,ERR,ERR,ERR,ERR,ERR,ERR,ERR,ERR,ERR,ERR,ERR,ERR,ERR,ERR,ERR,ERR,ERR,ERR,ERR,ERR,ERR,ERR,ERR,ERR,ERR,ERR,ERR,ERR,ERR,ERR,ERR,ERR,ERR,ERR,ERR,ERR,ERR,ERR,ERR,ERR,ERR,ERR,ERR,ERR,ERR,ERR,ERR,ERR,ERR,ERR,ERR,ERR,ERR,ERR,ERR,ERR,ERR,ERR,ERR,ERR,ERR,ERR,ERR,ERR,ERR,ERR,ERR,ERR,ERR,ERR,ERR,ERR,ERR,ERR,ERR,ERR,ERR,ERR,ERR,ERR,ERR,ERR,ERR,ERR,ERR,ERR,ERR,ERR,ERR,0.0,0.0,0.0,0.0,0.0,1.3936040501711995e+18,7.805,0.0,0,0,4,0,7116,0.0,100,0.0,0.0,0.0,0.0,0.0,0,0,0,0,0.0,0,0,0,0,0,0,0,0,0,0,0,0,0,0,0,0,0,0,0,0,0,0,0,0,0,0,0,0,0,0,0,0,0,31,40,40,71,65476,0,300,0,0,8,21553,0.0,-107605600.0,0.0,0.0,0.0,0.0,0.0,0.0,0.0,0.0,0.0,0.0,0.0,0.0,0.0,0.0,0.0,0.0,0.0,0.0,0.0,0.0,-2.004,2.004,2.004,-0.0,0.0,0.0,0.0,0.0,6309.0,1.587937097795308e+29,6926.0,0.0,0.0,0.0,0.0,0.0,0.0,0.0,0.0,69,-1.9056991512664474e+17,-0.0,0.0,0.0,0.0,0.0,0.0,0.0,0.0,0,0,0,0.0,0.0,0.0,0.0,0.0,0.0,0.0,0.0,0.0,0.0,0.0,0.0,0.0,0.0,0.0,0.0,0,-107875648.0,69,0.0,138,0.0,-0.0,0,13107,17040,13107,17049,0,17043,0,0,0,70,68,100,2.7302359370752657e+23,71.1,0.0,74.2,2.7302370179391762e+23,74.0,1,49,50,180,0,52429,0,0,0.0,0.0,0.0,0.0,-0.0,67.0,0.0,162057.094,0.0,750,0,739,0,0,0,721,0,766,0,735,0,742,0,741,0,712,0,7520,0.032,79456894976.0,0.0,0.0,784,16797,-0.0,162057.094,-114818.039,-0.0,0.133,6.909358625270745e+28,30.0,65.0,35,0.0,0.0,0.0,0.0,0.0,0.0,0.0,0.0,0.0,0.0,0.0,0.0,0.0,0.0,0.0,0.0,69.2,0,150,71,54,65476,0,300,0,1,8,20529,65476,0,0,40632,65.0,0.0,0.0,0.0,0.0,0.0
2026-09-04T20:49:13,ERR,ERR,ERR,ERR,ERR,ERR,ERR,ERR,ERR,ERR,ERR,ERR,ERR,ERR,ERR,ERR,ERR,ERR,ERR,ERR,ERR,ERR,ERR,ERR,ERR,ERR,ERR,ERR,ERR,ERR,ERR,ERR,ERR,ERR,ERR,ERR,ERR,ERR,ERR,ERR,ERR,ERR,ERR,ERR,ERR,ERR,ERR,ERR,ERR,ERR,ERR,ERR,ERR,ERR,ERR,ERR,ERR,ERR,ERR,ERR,ERR,ERR,ERR,ERR,ERR,ERR,ERR,ERR,ERR,ERR,ERR,ERR,ERR,ERR,ERR,ERR,ERR,ERR,ERR,ERR,ERR,ERR,ERR,ERR,ERR,ERR,ERR,ERR,ERR,ERR,ERR,ERR,ERR,ERR,ERR,ERR,ERR,ERR,ERR,ERR,ERR,ERR,ERR,ERR,ERR,ERR,ERR,ERR,ERR,ERR,ERR,ERR,ERR,ERR,ERR,ERR,ERR,ERR,ERR,ERR,ERR,ERR,ERR,ERR,ERR,0.0,0.0,0.0,0.0,0.0,1.3936040501711995e+18,7.805,0.0,0,0,4,0,7116,0.0,100,0.0,0.0,0.0,0.0,0.0,0,0,0,0,0.0,0,0,0,0,0,0,0,0,0,0,0,0,0,0,0,0,0,0,0,0,0,0,0,0,0,0,0,0,0,0,0,0,0,31,40,40,71,65476,0,300,0,0,8,21553,0.0,-107605600.0,0.0,0.0,0.0,0.0,0.0,0.0,0.0,0.0,0.0,0.0,0.0,0.0,0.0,0.0,0.0,0.0,0.0,0.0,0.0,0.0,-2.004,2.004,2.004,-0.0,0.0,0.0,0.0,0.0,6309.0,1.587937097795308e+29,6926.0,0.0,0.0,0.0,0.0,0.0,0.0,0.0,0.0,69,-1.9056991512664474e+17,-0.0,0.0,0.0,0.0,0.0,0.0,0.0,0.0,0,0,0,0.0,0.0,0.0,0.0,0.0,0.0,0.0,0.0,0.0,0.0,0.0,0.0,0.0,0.0,0.0,0.0,0,-107875648.0,69,0.0,138,0.0,-0.0,0,13107,17040,13107,17049,0,17043,0,0,0,70,68,100,2.7302359370752657e+23,71.1,0.0,74.2,2.7302370179391762e+23,74.0,1,49,50,180,0,52429,0,0,0.0,0.0,0.0,0.0,-0.0,67.0,0.0,162057.094,0.0,750,0,739,0,0,0,721,0,766,0,735,0,742,0,741,0,712,0,7520,0.032,78920024064.0,0.0,0.0,784,16797,-0.0,162057.094,-114818.039,-0.0,0.133,6.909358625270745e+28,30.0,65.0,35,0.0,0.0,0.0,0.0,0.0,0.0,0.0,0.0,0.0,0.0,0.0,0.0,0.0,0.0,0.0,0.0,69.2,0,150,71,54,65476,0,300,0,1,8,20529,65476,0,0,40632,65.0,0.0,0.0,0.0,0.0,0.0
2026-09-04T20:49:14,ERR,ERR,ERR,ERR,ERR,ERR,ERR,ERR,ERR,ERR,ERR,ERR,ERR,ERR,ERR,ERR,ERR,ERR,ERR,ERR,ERR,ERR,ERR,ERR,ERR,ERR,ERR,ERR,ERR,ERR,ERR,ERR,ERR,ERR,ERR,ERR,ERR,ERR,ERR,ERR,ERR,ERR,ERR,ERR,ERR,ERR,ERR,ERR,ERR,ERR,ERR,ERR,ERR,ERR,ERR,ERR,ERR,ERR,ERR,ERR,ERR,ERR,ERR,ERR,ERR,ERR,ERR,ERR,ERR,ERR,ERR,ERR,ERR,ERR,ERR,ERR,ERR,ERR,ERR,ERR,ERR,ERR,ERR,ERR,ERR,ERR,ERR,ERR,ERR,ERR,ERR,ERR,ERR,ERR,ERR,ERR,ERR,ERR,ERR,ERR,ERR,ERR,ERR,ERR,ERR,ERR,ERR,ERR,ERR,ERR,ERR,ERR,ERR,ERR,ERR,ERR,ERR,ERR,ERR,ERR,ERR,ERR,ERR,ERR,ERR,0.0,0.0,0.0,0.0,0.0,1.3936040501711995e+18,7.805,0.0,0,0,4,0,7116,0.0,100,0.0,0.0,0.0,0.0,0.0,0,0,0,0,0.0,0,0,0,0,0,0,0,0,0,0,0,0,0,0,0,0,0,0,0,0,0,0,0,0,0,0,0,0,0,0,0,0,0,31,40,40,71,65476,0,300,0,0,8,21553,0.0,-107605600.0,0.0,0.0,0.0,0.0,0.0,0.0,0.0,0.0,0.0,0.0,0.0,0.0,0.0,0.0,0.0,0.0,0.0,0.0,0.0,0.0,-2.004,2.004,2.004,-0.0,0.0,0.0,0.0,0.0,6309.0,1.587937097795308e+29,6926.0,0.0,0.0,0.0,0.0,0.0,0.0,0.0,0.0,69,-1.9056991512664474e+17,-0.0,0.0,0.0,0.0,0.0,0.0,0.0,0.0,0,0,0,0.0,0.0,0.0,0.0,0.0,0.0,0.0,0.0,0.0,0.0,0.0,0.0,0.0,0.0,0.0,0.0,0,-107875648.0,69,0.0,138,0.0,-0.0,0,13107,17040,13107,17049,0,17043,0,0,0,70,68,100,2.7302359370752657e+23,71.1,0.0,74.2,2.7302370179391762e+23,74.0,1,49,50,180,0,52429,0,0,0.0,0.0,0.0,0.0,-0.0,67.0,0.0,162057.094,0.0,750,0,739,0,0,0,721,0,766,0,735,0,742,0,741,0,712,0,7520,0.032,78920024064.0,0.0,0.0,784,16797,-0.0,162057.094,-114818.039,-0.0,0.133,6.909358625270745e+28,30.0,65.0,35,0.0,0.0,0.0,0.0,0.0,0.0,0.0,0.0,0.0,0.0,0.0,0.0,0.0,0.0,0.0,0.0,69.2,0,150,71,54,65476,0,300,0,1,8,20529,65476,0,0,40632,65.0,0.0,0.0,0.0,0.0,0.0
2026-09-04T20:49:15,ERR,ERR,ERR,ERR,ERR,ERR,ERR,ERR,ERR,ERR,ERR,ERR,ERR,ERR,ERR,ERR,ERR,ERR,ERR,ERR,ERR,ERR,ERR,ERR,ERR,ERR,ERR,ERR,ERR,ERR,ERR,ERR,ERR,ERR,ERR,ERR,ERR,ERR,ERR,ERR,ERR,ERR,ERR,ERR,ERR,ERR,ERR,ERR,ERR,ERR,ERR,ERR,ERR,ERR,ERR,ERR,ERR,ERR,ERR,ERR,ERR,ERR,ERR,ERR,ERR,ERR,ERR,ERR,ERR,ERR,ERR,ERR,ERR,ERR,ERR,ERR,ERR,ERR,ERR,ERR,ERR,ERR,ERR,ERR,ERR,ERR,ERR,ERR,ERR,ERR,ERR,ERR,ERR,ERR,ERR,ERR,ERR,ERR,ERR,ERR,ERR,ERR,ERR,ERR,ERR,ERR,ERR,ERR,ERR,ERR,ERR,ERR,ERR,ERR,ERR,ERR,ERR,ERR,ERR,ERR,ERR,ERR,ERR,ERR,ERR,0.0,0.0,0.0,0.0,0.0,1.3936040501711995e+18,7.805,0.0,0,0,4,0,7116,0.0,100,0.0,0.0,0.0,0.0,0.0,0,0,0,0,0.0,0,0,0,0,0,0,0,0,0,0,0,0,0,0,0,0,0,0,0,0,0,0,0,0,0,0,0,0,0,0,0,0,0,31,40,40,71,65476,0,300,0,0,8,21553,0.0,-107605600.0,0.0,0.0,0.0,0.0,0.0,0.0,0.0,0.0,0.0,0.0,0.0,0.0,0.0,0.0,0.0,0.0,0.0,0.0,0.0,0.0,-0.0,2.004,2.004,-0.0,0.0,0.0,0.0,0.0,6272.0,-1.587936908900649e+29,6942.0,0.0,0.0,0.0,0.0,0.0,0.0,0.0,0.0,69,-71.63,0.0,0.0,0.0,0.0,0.0,0.0,0.0,0.0,0,0,0,0.0,0.0,0.0,0.0,0.0,0.0,0.0,0.0,0.0,0.0,0.0,0.0,0.0,0.0,0.0,0.0,0,-107875648.0,69,0.0,138,0.0,0.0,0,13107,17040,13107,17049,0,17043,0,0,0,70,68,100,2.7302359370752657e+23,71.1,0.0,74.2,2.7302370179391762e+23,74.0,1,49,50,180,0,52429,0,0,0.0,0.0,0.0,0.0,-0.0,67.0,0.0,162057.094,0.0,750,0,739,0,0,0,721,0,766,0,735,0,742,0,741,0,712,0,7520,0.032,78920024064.0,0.0,0.0,784,16797,-0.0,162057.094,-114818.039,-0.0,0.133,6.909358625270745e+28,30.0,65.0,35,0.0,0.0,0.0,0.0,0.0,0.0,0.0,0.0,0.0,0.0,0.0,0.0,0.0,0.0,0.0,0.0,69.2,0,150,71,54,65476,0,300,0,1,8,20529,65476,0,0,40632,65.0,0.0,0.0,0.0,0.0,0.0
2026-09-04T20:49:16,ERR,ERR,ERR,ERR,ERR,ERR,ERR,ERR,ERR,ERR,ERR,ERR,ERR,ERR,ERR,ERR,ERR,ERR,ERR,ERR,ERR,ERR,ERR,ERR,ERR,ERR,ERR,ERR,ERR,ERR,ERR,ERR,ERR,ERR,ERR,ERR,ERR,ERR,ERR,ERR,ERR,ERR,ERR,ERR,ERR,ERR,ERR,ERR,ERR,ERR,ERR,ERR,ERR,ERR,ERR,ERR,ERR,ERR,ERR,ERR,ERR,ERR,ERR,ERR,ERR,ERR,ERR,ERR,ERR,ERR,ERR,ERR,ERR,ERR,ERR,ERR,ERR,ERR,ERR,ERR,ERR,ERR,ERR,ERR,ERR,ERR,ERR,ERR,ERR,ERR,ERR,ERR,ERR,ERR,ERR,ERR,ERR,ERR,ERR,ERR,ERR,ERR,ERR,ERR,ERR,ERR,ERR,ERR,ERR,ERR,ERR,ERR,ERR,ERR,ERR,ERR,ERR,ERR,ERR,ERR,ERR,ERR,ERR,ERR,ERR,0.0,0.0,0.0,0.0,0.0,1.3936040501711995e+18,7.805,0.0,0,0,4,0,7116,0.0,100,0.0,0.0,0.0,0.0,0.0,0,0,0,0,0.0,0,0,0,0,0,0,0,0,0,0,0,0,0,0,0,0,0,0,0,0,0,0,0,0,0,0,0,0,0,0,0,0,0,31,40,40,71,65476,0,300,0,0,8,21553,0.0,-107605600.0,0.0,0.0,0.0,0.0,0.0,0.0,0.0,0.0,0.0,0.0,0.0,0.0,0.0,0.0,0.0,0.0,0.0,0.0,0.0,0.0,-0.0,2.004,2.004,-0.0,0.0,0.0,0.0,0.0,6272.0,-1.587936908900649e+29,6942.0,0.0,0.0,0.0,0.0,0.0,0.0,0.0,0.0,69,-71.63,0.0,0.0,0.0,0.0,0.0,0.0,0.0,0.0,0,0,0,0.0,0.0,0.0,0.0,0.0,0.0,0.0,0.0,0.0,0.0,0.0,0.0,0.0,0.0,0.0,0.0,0,-107875648.0,69,0.0,138,0.0,0.0,0,13107,17040,13107,17049,0,17043,0,0,0,70,68,100,2.7302359370752657e+23,71.1,0.0,74.2,2.7302370179391762e+23,74.0,1,49,50,180,0,52429,0,0,0.0,0.0,0.0,0.0,-0.0,67.0,0.0,162057.094,0.0,750,0,739,0,0,0,721,0,766,0,735,0,742,0,741,0,712,0,7520,0.032,78920024064.0,0.0,0.0,784,16797,-0.0,162057.094,-114818.039,-0.0,0.133,6.909358625270745e+28,30.0,65.0,35,0.0,0.0,0.0,0.0,0.0,0.0,0.0,0.0,0.0,0.0,0.0,0.0,0.0,0.0,0.0,0.0,69.6,0,150,71,54,65476,0,300,0,1,8,20529,65476,0,0,40632,65.0,0.0,0.0,0.0,0.0,0.0
2026-09-04T20:49:17,ERR,ERR,ERR,ERR,ERR,ERR,ERR,ERR,ERR,ERR,ERR,ERR,ERR,ERR,ERR,ERR,ERR,ERR,ERR,ERR,ERR,ERR,ERR,ERR,ERR,ERR,ERR,ERR,ERR,ERR,ERR,ERR,ERR,ERR,ERR,ERR,ERR,ERR,ERR,ERR,ERR,ERR,ERR,ERR,ERR,ERR,ERR,ERR,ERR,ERR,ERR,ERR,ERR,ERR,ERR,ERR,ERR,ERR,ERR,ERR,ERR,ERR,ERR,ERR,ERR,ERR,ERR,ERR,ERR,ERR,ERR,ERR,ERR,ERR,ERR,ERR,ERR,ERR,ERR,ERR,ERR,ERR,ERR,ERR,ERR,ERR,ERR,ERR,ERR,ERR,ERR,ERR,ERR,ERR,ERR,ERR,ERR,ERR,ERR,ERR,ERR,ERR,ERR,ERR,ERR,ERR,ERR,ERR,ERR,ERR,ERR,ERR,ERR,ERR,ERR,ERR,ERR,ERR,ERR,ERR,ERR,ERR,ERR,ERR,ERR,0.0,0.0,0.0,0.0,0.0,1.3936040501711995e+18,7.805,0.0,0,0,4,0,7116,0.0,100,0.0,0.0,0.0,0.0,0.0,0,0,0,0,0.0,0,0,0,0,0,0,0,0,0,0,0,0,0,0,0,0,0,0,0,0,0,0,0,0,0,0,0,0,0,0,0,0,0,31,40,40,71,65476,0,300,0,0,8,21553,0.0,-107605600.0,0.0,0.0,0.0,0.0,0.0,0.0,0.0,0.0,0.0,0.0,0.0,0.0,0.0,0.0,0.0,0.0,0.0,0.0,0.0,0.0,-0.0,2.004,2.004,-0.0,0.0,0.0,0.0,0.0,6272.0,-1.587936908900649e+29,6942.0,0.0,0.0,0.0,0.0,0.0,0.0,0.0,0.0,69,-71.63,0.0,0.0,0.0,0.0,0.0,0.0,0.0,0.0,0,0,0,0.0,0.0,0.0,0.0,0.0,0.0,0.0,0.0,0.0,0.0,0.0,0.0,0.0,0.0,0.0,0.0,0,-107875648.0,69,0.0,138,0.0,0.0,0,13107,17040,13107,17049,0,17043,0,0,0,70,68,100,2.7302359370752657e+23,71.1,0.0,74.2,2.7302370179391762e+23,74.0,1,49,50,180,0,52429,0,0,0.0,0.0,0.0,0.0,-0.0,67.0,0.0,162057.094,0.0,750,0,739,0,0,0,721,0,766,0,735,0,742,0,741,0,712,0,7520,0.032,78920024064.0,0.0,0.0,784,16797,-0.0,162057.094,-114818.039,-0.0,0.133,6.909358625270745e+28,30.0,65.0,35,0.0,0.0,0.0,0.0,0.0,0.0,0.0,0.0,0.0,0.0,0.0,0.0,0.0,0.0,0.0,0.0,69.6,0,150,71,54,65476,0,300,0,1,8,20529,65476,0,0,40632,65.0,0.0,0.0,0.0,0.0,0.0
2026-09-04T20:49:18,ERR,ERR,ERR,ERR,ERR,ERR,ERR,ERR,ERR,ERR,ERR,ERR,ERR,ERR,ERR,ERR,ERR,ERR,ERR,ERR,ERR,ERR,ERR,ERR,ERR,ERR,ERR,ERR,ERR,ERR,ERR,ERR,ERR,ERR,ERR,ERR,ERR,ERR,ERR,ERR,ERR,ERR,ERR,ERR,ERR,ERR,ERR,ERR,ERR,ERR,ERR,ERR,ERR,ERR,ERR,ERR,ERR,ERR,ERR,ERR,ERR,ERR,ERR,ERR,ERR,ERR,ERR,ERR,ERR,ERR,ERR,ERR,ERR,ERR,ERR,ERR,ERR,ERR,ERR,ERR,ERR,ERR,ERR,ERR,ERR,ERR,ERR,ERR,ERR,ERR,ERR,ERR,ERR,ERR,ERR,ERR,ERR,ERR,ERR,ERR,ERR,ERR,ERR,ERR,ERR,ERR,ERR,ERR,ERR,ERR,ERR,ERR,ERR,ERR,ERR,ERR,ERR,ERR,ERR,ERR,ERR,ERR,ERR,ERR,ERR,0.0,0.0,0.0,0.0,0.0,1.3936040501711995e+18,7.805,0.0,0,0,4,0,7116,0.0,100,0.0,0.0,0.0,0.0,0.0,0,0,0,0,0.0,0,0,0,0,0,0,0,0,0,0,0,0,0,0,0,0,0,0,0,0,0,0,0,0,0,0,0,0,0,0,0,0,0,31,40,40,71,65476,0,300,0,0,8,21553,0.0,-107605600.0,0.0,0.0,0.0,0.0,0.0,0.0,0.0,0.0,0.0,0.0,0.0,0.0,0.0,0.0,0.0,0.0,0.0,0.0,0.0,0.0,-0.0,2.004,2.004,-0.0,0.0,0.0,0.0,0.0,6272.0,-1.587936908900649e+29,6942.0,0.0,0.0,0.0,0.0,0.0,0.0,0.0,0.0,69,-71.63,0.0,0.0,0.0,0.0,0.0,0.0,0.0,0.0,0,0,0,0.0,0.0,0.0,0.0,0.0,0.0,0.0,0.0,0.0,0.0,0.0,0.0,0.0,0.0,0.0,0.0,0,-107875648.0,69,0.0,138,0.0,0.0,0,13107,17040,13107,17049,0,17043,0,0,0,70,68,100,2.7302359370752657e+23,71.1,0.0,74.2,2.7302370179391762e+23,74.0,1,49,50,180,0,52429,0,0,0.0,0.0,0.0,0.0,-0.0,67.0,0.0,162057.094,0.0,750,0,739,0,0,0,721,0,766,0,735,0,742,0,741,0,712,0,7520,0.032,78920024064.0,0.0,0.0,784,16797,-0.0,162057.094,-114818.039,-0.0,0.133,6.909358625270745e+28,30.0,65.0,35,0.0,0.0,0.0,0.0,0.0,0.0,0.0,0.0,0.0,0.0,0.0,0.0,0.0,0.0,0.0,0.0,69.6,0,150,71,54,65476,0,300,0,1,8,20529,65476,0,0,40632,65.0,0.0,0.0,0.0,0.0,0.0
2026-09-04T20:49:19,ERR,ERR,ERR,ERR,ERR,ERR,ERR,ERR,ERR,ERR,ERR,ERR,ERR,ERR,ERR,ERR,ERR,ERR,ERR,ERR,ERR,ERR,ERR,ERR,ERR,ERR,ERR,ERR,ERR,ERR,ERR,ERR,ERR,ERR,ERR,ERR,ERR,ERR,ERR,ERR,ERR,ERR,ERR,ERR,ERR,ERR,ERR,ERR,ERR,ERR,ERR,ERR,ERR,ERR,ERR,ERR,ERR,ERR,ERR,ERR,ERR,ERR,ERR,ERR,ERR,ERR,ERR,ERR,ERR,ERR,ERR,ERR,ERR,ERR,ERR,ERR,ERR,ERR,ERR,ERR,ERR,ERR,ERR,ERR,ERR,ERR,ERR,ERR,ERR,ERR,ERR,ERR,ERR,ERR,ERR,ERR,ERR,ERR,ERR,ERR,ERR,ERR,ERR,ERR,ERR,ERR,ERR,ERR,ERR,ERR,ERR,ERR,ERR,ERR,ERR,ERR,ERR,ERR,ERR,ERR,ERR,ERR,ERR,ERR,ERR,0.0,0.0,0.0,0.0,0.0,1.3936040501711995e+18,7.805,0.0,0,0,4,0,7116,0.0,100,0.0,0.0,0.0,0.0,0.0,0,0,0,0,0.0,0,0,0,0,0,0,0,0,0,0,0,0,0,0,0,0,0,0,0,0,0,0,0,0,0,0,0,0,0,0,0,0,0,31,40,40,71,65476,0,300,0,0,8,21553,0.0,-107605600.0,0.0,0.0,0.0,0.0,0.0,0.0,0.0,0.0,0.0,0.0,0.0,0.0,0.0,0.0,0.0,0.0,0.0,0.0,0.0,0.0,-0.0,2.004,2.004,-0.0,0.0,0.0,0.0,0.0,6272.0,-1.587936908900649e+29,6942.0,0.0,0.0,0.0,0.0,0.0,0.0,0.0,0.0,69,-71.63,0.0,0.0,0.0,0.0,0.0,0.0,0.0,0.0,0,0,0,0.0,0.0,0.0,0.0,0.0,0.0,0.0,0.0,0.0,0.0,0.0,0.0,0.0,0.0,0.0,0.0,0,-107875648.0,69,0.0,138,0.0,0.0,0,13107,17040,13107,17049,13107,17043,0,0,0,70,68,100,2.7302359370752657e+23,71.1,0.0,74.2,2.7302370179391762e+23,74.0,1,49,50,180,0,52429,0,0,0.0,0.0,0.0,0.0,-0.0,67.0,0.0,162057.094,0.0,750,0,739,0,0,0,721,0,766,0,735,0,742,0,741,0,712,0,7520,0.032,79456894976.0,0.0,0.0,784,16797,-0.0,162057.094,-114818.039,-0.0,0.133,6.909358625270745e+28,30.0,65.0,35,0.0,0.0,0.0,0.0,0.0,0.0,0.0,0.0,0.0,0.0,0.0,0.0,0.0,0.0,0.0,0.0,69.2,0,150,71,54,65476,0,300,0,1,8,20529,65476,0,0,40632,65.0,0.0,0.0,0.0,0.0,0.0
2026-09-04T20:49:20,ERR,ERR,ERR,ERR,ERR,ERR,ERR,ERR,ERR,ERR,ERR,ERR,ERR,ERR,ERR,ERR,ERR,ERR,ERR,ERR,ERR,ERR,ERR,ERR,ERR,ERR,ERR,ERR,ERR,ERR,ERR,ERR,ERR,ERR,ERR,ERR,ERR,ERR,ERR,ERR,ERR,ERR,ERR,ERR,ERR,ERR,ERR,ERR,ERR,ERR,ERR,ERR,ERR,ERR,ERR,ERR,ERR,ERR,ERR,ERR,ERR,ERR,ERR,ERR,ERR,ERR,ERR,ERR,ERR,ERR,ERR,ERR,ERR,ERR,ERR,ERR,ERR,ERR,ERR,ERR,ERR,ERR,ERR,ERR,ERR,ERR,ERR,ERR,ERR,ERR,ERR,ERR,ERR,ERR,ERR,ERR,ERR,ERR,ERR,ERR,ERR,ERR,ERR,ERR,ERR,ERR,ERR,ERR,ERR,ERR,ERR,ERR,ERR,ERR,ERR,ERR,ERR,ERR,ERR,ERR,ERR,ERR,ERR,ERR,ERR,0.0,0.0,0.0,0.0,0.0,1.3936040501711995e+18,7.805,0.0,0,0,4,0,7116,0.0,100,0.0,0.0,0.0,0.0,0.0,0,0,0,0,0.0,0,0,0,0,0,0,0,0,0,0,0,0,0,0,0,0,0,0,0,0,0,0,0,0,0,0,0,0,0,0,0,0,0,31,40,40,71,65476,0,300,0,0,8,21553,0.0,-107605600.0,0.0,0.0,0.0,0.0,0.0,0.0,0.0,0.0,0.0,0.0,0.0,0.0,0.0,0.0,0.0,0.0,0.0,0.0,0.0,0.0,-0.0,2.004,2.004,-0.0,0.0,0.0,0.0,0.0,6272.0,-1.587936908900649e+29,6942.0,0.0,0.0,0.0,0.0,0.0,0.0,0.0,0.0,69,-71.63,0.0,0.0,0.0,0.0,0.0,0.0,0.0,0.0,0,0,0,0.0,0.0,0.0,0.0,0.0,0.0,0.0,0.0,0.0,0.0,0.0,0.0,0.0,0.0,0.0,0.0,0,-107875648.0,69,0.0,138,0.0,0.0,0,13107,17040,13107,17049,13107,17043,0,0,0,70,68,100,2.7302359370752657e+23,71.1,0.0,74.2,2.7302370179391762e+23,74.0,1,49,50,180,0,52429,0,0,0.0,0.0,0.0,0.0,-0.0,67.0,0.0,162057.094,0.0,750,0,739,0,0,0,721,0,766,0,735,0,742,0,741,0,712,0,7520,0.032,79456894976.0,0.0,0.0,784,16797,-0.0,162057.094,-114818.039,-0.0,0.133,6.909358625270745e+28,30.0,65.0,35,0.0,0.0,0.0,0.0,0.0,0.0,0.0,0.0,0.0,0.0,0.0,0.0,0.0,0.0,0.0,0.0,69.2,0,150,71,54,65476,0,300,0,1,8,20529,65476,0,0,40632,65.0,0.0,0.0,0.0,0.0,0.0
2026-09-04T20:49:21,ERR,ERR,ERR,ERR,ERR,ERR,ERR,ERR,ERR,ERR,ERR,ERR,ERR,ERR,ERR,ERR,ERR,ERR,ERR,ERR,ERR,ERR,ERR,ERR,ERR,ERR,ERR,ERR,ERR,ERR,ERR,ERR,ERR,ERR,ERR,ERR,ERR,ERR,ERR,ERR,ERR,ERR,ERR,ERR,ERR,ERR,ERR,ERR,ERR,ERR,ERR,ERR,ERR,ERR,ERR,ERR,ERR,ERR,ERR,ERR,ERR,ERR,ERR,ERR,ERR,ERR,ERR,ERR,ERR,ERR,ERR,ERR,ERR,ERR,ERR,ERR,ERR,ERR,ERR,ERR,ERR,ERR,ERR,ERR,ERR,ERR,ERR,ERR,ERR,ERR,ERR,ERR,ERR,ERR,ERR,ERR,ERR,ERR,ERR,ERR,ERR,ERR,ERR,ERR,ERR,ERR,ERR,ERR,ERR,ERR,ERR,ERR,ERR,ERR,ERR,ERR,ERR,ERR,ERR,ERR,ERR,ERR,ERR,ERR,ERR,0.0,0.0,0.0,0.0,0.0,1.3936040501711995e+18,7.805,0.0,0,0,4,0,7116,0.0,100,0.0,0.0,0.0,0.0,0.0,0,0,0,0,0.0,0,0,0,0,0,0,0,0,0,0,0,0,0,0,0,0,0,0,0,0,0,0,0,0,0,0,0,0,0,0,0,0,0,31,40,40,71,65476,0,300,0,0,8,21553,0.0,-107605600.0,0.0,0.0,0.0,0.0,0.0,0.0,0.0,0.0,0.0,0.0,0.0,0.0,0.0,0.0,0.0,0.0,0.0,0.0,0.0,0.0,-0.0,2.004,2.004,-0.0,0.0,0.0,0.0,0.0,6272.0,-1.587936908900649e+29,6942.0,0.0,0.0,0.0,0.0,0.0,0.0,0.0,0.0,69,-71.63,0.0,0.0,0.0,0.0,0.0,0.0,0.0,0.0,0,0,0,0.0,0.0,0.0,0.0,0.0,0.0,0.0,0.0,0.0,0.0,0.0,0.0,0.0,0.0,0.0,0.0,0,-107875648.0,69,0.0,138,0.0,0.0,0,13107,17040,13107,17049,13107,17043,0,0,0,70,68,100,2.7302359370752657e+23,71.1,0.0,74.2,2.7302370179391762e+23,74.0,1,49,50,180,0,52429,0,0,0.0,0.0,0.0,0.0,-0.0,67.0,0.0,162057.094,0.0,750,0,739,0,0,0,721,0,766,0,735,0,742,0,741,0,712,0,7520,0.032,79456894976.0,0.0,0.0,784,16797,-0.0,162057.094,-114818.039,-0.0,0.133,6.909358625270745e+28,30.0,65.0,35,0.0,0.0,0.0,0.0,0.0,0.0,0.0,0.0,0.0,0.0,0.0,0.0,0.0,0.0,0.0,0.0,69.2,0,150,71,54,65476,0,300,0,1,8,20529,65476,0,0,40632,65.0,0.0,0.0,0.0,0.0,0.0
2026-09-04T20:49:22,ERR,ERR,ERR,ERR,ERR,ERR,ERR,ERR,ERR,ERR,ERR,ERR,ERR,ERR,ERR,ERR,ERR,ERR,ERR,ERR,ERR,ERR,ERR,ERR,ERR,ERR,ERR,ERR,ERR,ERR,ERR,ERR,ERR,ERR,ERR,ERR,ERR,ERR,ERR,ERR,ERR,ERR,ERR,ERR,ERR,ERR,ERR,ERR,ERR,ERR,ERR,ERR,ERR,ERR,ERR,ERR,ERR,ERR,ERR,ERR,ERR,ERR,ERR,ERR,ERR,ERR,ERR,ERR,ERR,ERR,ERR,ERR,ERR,ERR,ERR,ERR,ERR,ERR,ERR,ERR,ERR,ERR,ERR,ERR,ERR,ERR,ERR,ERR,ERR,ERR,ERR,ERR,ERR,ERR,ERR,ERR,ERR,ERR,ERR,ERR,ERR,ERR,ERR,ERR,ERR,ERR,ERR,ERR,ERR,ERR,ERR,ERR,ERR,ERR,ERR,ERR,ERR,ERR,ERR,ERR,ERR,ERR,ERR,ERR,ERR,0.0,0.0,0.0,0.0,0.0,1.3936040501711995e+18,7.805,0.0,0,0,4,0,7116,0.0,100,0.0,0.0,0.0,0.0,0.0,0,0,0,0,0.0,0,0,0,0,0,0,0,0,0,0,0,0,0,0,0,0,0,0,0,0,0,0,0,0,0,0,0,0,0,0,0,0,0,31,40,40,71,65476,0,300,0,0,8,21553,0.0,-107605600.0,0.0,0.0,0.0,0.0,0.0,0.0,0.0,0.0,0.0,0.0,0.0,0.0,0.0,0.0,0.0,0.0,0.0,0.0,0.0,0.0,-2.004,2.004,2.004,-0.0,0.0,0.0,0.0,0.0,6300.0,-0.0,6934.0,0.0,0.0,0.0,0.0,0.0,0.0,0.0,0.0,69,-0.0,-71.63,0.0,0.0,0.0,0.0,0.0,0.0,0.0,0,0,0,0.0,0.0,0.0,0.0,0.0,0.0,0.0,0.0,0.0,0.0,0.0,0.0,0.0,0.0,0.0,0.0,0,-107875648.0,69,0.0,138,0.0,0.0,0,13107,17040,13107,17049,13107,17043,0,0,0,70,68,100,2.7302359370752657e+23,71.1,0.0,74.2,2.7302370179391762e+23,74.0,1,49,50,180,0,52429,0,0,0.0,0.0,0.0,0.0,-0.0,67.0,0.0,162057.094,0.0,750,0,739,0,0,0,721,0,766,0,735,0,742,0,741,0,712,0,7520,0.032,79456894976.0,0.0,0.0,784,16797,-0.0,162057.094,-114818.039,-0.0,0.133,6.909358625270745e+28,30.0,65.0,35,0.0,0.0,0.0,0.0,0.0,0.0,0.0,0.0,0.0,0.0,0.0,0.0,0.0,0.0,0.0,0.0,69.2,0,150,71,54,65476,0,300,0,1,8,20529,65476,0,0,40632,65.0,0.0,0.0,0.0,0.0,0.0
2026-09-04T20:49:23,ERR,ERR,ERR,ERR,ERR,ERR,ERR,ERR,ERR,ERR,ERR,ERR,ERR,ERR,ERR,ERR,ERR,ERR,ERR,ERR,ERR,ERR,ERR,ERR,ERR,ERR,ERR,ERR,ERR,ERR,ERR,ERR,ERR,ERR,ERR,ERR,ERR,ERR,ERR,ERR,ERR,ERR,ERR,ERR,ERR,ERR,ERR,ERR,ERR,ERR,ERR,ERR,ERR,ERR,ERR,ERR,ERR,ERR,ERR,ERR,ERR,ERR,ERR,ERR,ERR,ERR,ERR,ERR,ERR,ERR,ERR,ERR,ERR,ERR,ERR,ERR,ERR,ERR,ERR,ERR,ERR,ERR,ERR,ERR,ERR,ERR,ERR,ERR,ERR,ERR,ERR,ERR,ERR,ERR,ERR,ERR,ERR,ERR,ERR,ERR,ERR,ERR,ERR,ERR,ERR,ERR,ERR,ERR,ERR,ERR,ERR,ERR,ERR,ERR,ERR,ERR,ERR,ERR,ERR,ERR,ERR,ERR,ERR,ERR,ERR,0.0,0.0,0.0,0.0,0.0,1.3936040501711995e+18,7.805,0.0,0,0,4,0,7116,0.0,100,0.0,0.0,0.0,0.0,0.0,0,0,0,0,0.0,0,0,0,0,0,0,0,0,0,0,0,0,0,0,0,0,0,0,0,0,0,0,0,0,0,0,0,0,0,0,0,0,0,31,40,40,71,65476,0,300,0,0,8,21553,0.0,-107605600.0,0.0,0.0,0.0,0.0,0.0,0.0,0.0,0.0,0.0,0.0,0.0,0.0,0.0,0.0,0.0,0.0,0.0,0.0,0.0,0.0,-2.004,2.004,2.004,-0.0,0.0,0.0,0.0,0.0,6300.0,-0.0,6934.0,0.0,0.0,0.0,0.0,0.0,0.0,0.0,0.0,69,-0.0,-71.63,0.0,0.0,0.0,0.0,0.0,0.0,0.0,0,0,0,0.0,0.0,0.0,0.0,0.0,0.0,0.0,0.0,0.0,0.0,0.0,0.0,0.0,0.0,0.0,0.0,0,-107875648.0,69,0.0,138,0.0,0.0,0,13107,17040,13107,17049,13107,17043,0,0,0,70,68,100,2.7302359370752657e+23,71.1,0.0,74.2,2.7302370179391762e+23,74.0,1,49,50,180,0,52429,0,0,0.0,0.0,0.0,0.0,-0.0,67.0,0.0,162057.094,0.0,750,0,739,0,0,0,721,0,766,0,735,0,742,0,741,0,712,0,7520,0.032,79456894976.0,0.0,0.0,784,16797,-0.0,162057.094,-114818.039,-0.0,0.133,6.909358625270745e+28,30.0,65.0,35,0.0,0.0,0.0,0.0,0.0,0.0,0.0,0.0,0.0,0.0,0.0,0.0,0.0,0.0,0.0,0.0,69.2,0,150,71,54,65476,0,300,0,1,8,20529,65476,0,0,40632,65.0,0.0,0.0,0.0,0.0,0.0
2026-09-04T20:49:24,ERR,ERR,ERR,ERR,ERR,ERR,ERR,ERR,ERR,ERR,ERR,ERR,ERR,ERR,ERR,ERR,ERR,ERR,ERR,ERR,ERR,ERR,ERR,ERR,ERR,ERR,ERR,ERR,ERR,ERR,ERR,ERR,ERR,ERR,ERR,ERR,ERR,ERR,ERR,ERR,ERR,ERR,ERR,ERR,ERR,ERR,ERR,ERR,ERR,ERR,ERR,ERR,ERR,ERR,ERR,ERR,ERR,ERR,ERR,ERR,ERR,ERR,ERR,ERR,ERR,ERR,ERR,ERR,ERR,ERR,ERR,ERR,ERR,ERR,ERR,ERR,ERR,ERR,ERR,ERR,ERR,ERR,ERR,ERR,ERR,ERR,ERR,ERR,ERR,ERR,ERR,ERR,ERR,ERR,ERR,ERR,ERR,ERR,ERR,ERR,ERR,ERR,ERR,ERR,ERR,ERR,ERR,ERR,ERR,ERR,ERR,ERR,ERR,ERR,ERR,ERR,ERR,ERR,ERR,ERR,ERR,ERR,ERR,ERR,ERR,0.0,0.0,0.0,0.0,0.0,1.3936040501711995e+18,7.805,0.0,0,0,4,0,7116,0.0,100,0.0,0.0,0.0,0.0,0.0,0,0,0,0,0.0,0,0,0,0,0,0,0,0,0,0,0,0,0,0,0,0,0,0,0,0,0,0,0,0,0,0,0,0,0,0,0,0,0,31,40,40,71,65476,0,300,0,0,8,21553,0.0,-107605600.0,0.0,0.0,0.0,0.0,0.0,0.0,0.0,0.0,0.0,0.0,0.0,0.0,0.0,0.0,0.0,0.0,0.0,0.0,0.0,0.0,-2.004,2.004,2.004,-0.0,0.0,0.0,0.0,0.0,6300.0,-0.0,6934.0,0.0,0.0,0.0,0.0,0.0,0.0,0.0,0.0,69,-0.0,-71.63,0.0,0.0,0.0,0.0,0.0,0.0,0.0,0,0,0,0.0,0.0,0.0,0.0,0.0,0.0,0.0,0.0,0.0,0.0,0.0,0.0,0.0,0.0,0.0,0.0,0,-107875648.0,69,0.0,138,0.0,0.0,0,13107,17040,13107,17049,0,17043,0,0,0,70,68,100,2.7302359370752657e+23,71.1,0.0,74.2,2.7302370179391762e+23,74.0,1,49,50,180,0,52429,0,0,0.0,0.0,0.0,0.0,-0.0,67.0,0.0,162057.094,0.0,750,0,739,0,0,0,721,0,766,0,735,0,742,0,741,0,712,0,7520,0.032,78920024064.0,0.0,0.0,784,16797,-0.0,162057.094,-114818.039,-0.0,0.133,6.909358625270745e+28,30.0,65.0,35,0.0,0.0,0.0,0.0,0.0,0.0,0.0,0.0,0.0,0.0,0.0,0.0,0.0,0.0,0.0,0.0,69.2,0,150,71,54,65476,0,300,0,1,8,20529,65476,0,0,40632,65.0,0.0,0.0,0.0,0.0,0.0
2026-09-04T20:49:25,ERR,ERR,ERR,ERR,ERR,ERR,ERR,ERR,ERR,ERR,ERR,ERR,ERR,ERR,ERR,ERR,ERR,ERR,ERR,ERR,ERR,ERR,ERR,ERR,ERR,ERR,ERR,ERR,ERR,ERR,ERR,ERR,ERR,ERR,ERR,ERR,ERR,ERR,ERR,ERR,ERR,ERR,ERR,ERR,ERR,ERR,ERR,ERR,ERR,ERR,ERR,ERR,ERR,ERR,ERR,ERR,ERR,ERR,ERR,ERR,ERR,ERR,ERR,ERR,ERR,ERR,ERR,ERR,ERR,ERR,ERR,ERR,ERR,ERR,ERR,ERR,ERR,ERR,ERR,ERR,ERR,ERR,ERR,ERR,ERR,ERR,ERR,ERR,ERR,ERR,ERR,ERR,ERR,ERR,ERR,ERR,ERR,ERR,ERR,ERR,ERR,ERR,ERR,ERR,ERR,ERR,ERR,ERR,ERR,ERR,ERR,ERR,ERR,ERR,ERR,ERR,ERR,ERR,ERR,ERR,ERR,ERR,ERR,ERR,ERR,0.0,0.0,0.0,0.0,0.0,1.3936040501711995e+18,7.805,0.0,0,0,4,0,7116,0.0,100,0.0,0.0,0.0,0.0,0.0,0,0,0,0,0.0,0,0,0,0,0,0,0,0,0,0,0,0,0,0,0,0,0,0,0,0,0,0,0,0,0,0,0,0,0,0,0,0,0,31,40,40,71,65476,0,300,0,0,8,21553,0.0,-107605600.0,0.0,0.0,0.0,0.0,0.0,0.0,0.0,0.0,0.0,0.0,0.0,0.0,0.0,0.0,0.0,0.0,0.0,0.0,0.0,0.0,-2.004,2.004,2.004,-0.0,0.0,0.0,0.0,0.0,6300.0,-0.0,6934.0,0.0,0.0,0.0,0.0,0.0,0.0,0.0,0.0,69,-0.0,-71.63,0.0,0.0,0.0,0.0,0.0,0.0,0.0,0,0,0,0.0,0.0,0.0,0.0,0.0,0.0,0.0,0.0,0.0,0.0,0.0,0.0,0.0,0.0,0.0,0.0,0,-107875648.0,69,0.0,138,0.0,0.0,0,13107,17040,13107,17049,0,17043,0,0,0,70,68,100,2.7302359370752657e+23,71.1,0.0,74.2,2.7302370179391762e+23,74.0,1,49,50,180,0,52429,0,0,0.0,0.0,0.0,0.0,-0.0,67.0,0.0,162057.094,0.0,750,0,739,0,0,0,721,0,766,0,735,0,742,0,741,0,712,0,7520,0.032,78920024064.0,0.0,0.0,784,16797,-0.0,162057.094,-114818.039,-0.0,0.133,6.909358625270745e+28,30.0,65.0,35,0.0,0.0,0.0,0.0,0.0,0.0,0.0,0.0,0.0,0.0,0.0,0.0,0.0,0.0,0.0,0.0,69.2,0,150,71,54,65476,0,300,0,1,8,20529,65476,0,0,40632,65.0,0.0,0.0,0.0,0.0,0.0
2026-09-04T20:49:26,ERR,ERR,ERR,ERR,ERR,ERR,ERR,ERR,ERR,ERR,ERR,ERR,ERR,ERR,ERR,ERR,ERR,ERR,ERR,ERR,ERR,ERR,ERR,ERR,ERR,ERR,ERR,ERR,ERR,ERR,ERR,ERR,ERR,ERR,ERR,ERR,ERR,ERR,ERR,ERR,ERR,ERR,ERR,ERR,ERR,ERR,ERR,ERR,ERR,ERR,ERR,ERR,ERR,ERR,ERR,ERR,ERR,ERR,ERR,ERR,ERR,ERR,ERR,ERR,ERR,ERR,ERR,ERR,ERR,ERR,ERR,ERR,ERR,ERR,ERR,ERR,ERR,ERR,ERR,ERR,ERR,ERR,ERR,ERR,ERR,ERR,ERR,ERR,ERR,ERR,ERR,ERR,ERR,ERR,ERR,ERR,ERR,ERR,ERR,ERR,ERR,ERR,ERR,ERR,ERR,ERR,ERR,ERR,ERR,ERR,ERR,ERR,ERR,ERR,ERR,ERR,ERR,ERR,ERR,ERR,ERR,ERR,ERR,ERR,ERR,0.0,0.0,0.0,0.0,0.0,1.3936040501711995e+18,7.805,0.0,0,0,4,0,7116,0.0,100,0.0,0.0,0.0,0.0,0.0,0,0,0,0,0.0,0,0,0,0,0,0,0,0,0,0,0,0,0,0,0,0,0,0,0,0,0,0,0,0,0,0,0,0,0,0,0,0,0,31,40,40,71,65476,0,300,0,0,8,21553,0.0,-107605600.0,0.0,0.0,0.0,0.0,0.0,0.0,0.0,0.0,0.0,0.0,0.0,0.0,0.0,0.0,0.0,0.0,0.0,0.0,0.0,0.0,-2.004,2.004,2.004,-0.0,0.0,0.0,0.0,0.0,6300.0,-0.0,6934.0,0.0,0.0,0.0,0.0,0.0,0.0,0.0,0.0,69,-0.0,-71.63,0.0,0.0,0.0,0.0,0.0,0.0,0.0,0,0,0,0.0,0.0,0.0,0.0,0.0,0.0,0.0,0.0,0.0,0.0,0.0,0.0,0.0,0.0,0.0,0.0,0,-107875648.0,69,0.0,138,0.0,0.0,0,13107,17040,13107,17049,0,17043,0,0,0,70,68,100,2.7302359370752657e+23,71.1,0.0,74.2,2.7302370179391762e+23,74.0,1,49,50,180,0,52429,0,0,0.0,0.0,0.0,0.0,-0.0,67.0,0.0,162057.094,0.0,750,0,739,0,0,0,721,0,766,0,735,0,742,0,741,0,712,0,7520,0.032,78920024064.0,0.0,0.0,784,16797,-0.0,162057.094,-114818.039,-0.0,0.133,6.909358625270745e+28,30.0,65.0,35,0.0,0.0,0.0,0.0,0.0,0.0,0.0,0.0,0.0,0.0,0.0,0.0,0.0,0.0,0.0,0.0,69.2,0,150,71,54,65476,0,300,0,1,8,20529,65476,0,0,40632,65.0,0.0,0.0,0.0,0.0,0.0
2026-09-04T20:49:27,ERR,ERR,ERR,ERR,ERR,ERR,ERR,ERR,ERR,ERR,ERR,ERR,ERR,ERR,ERR,ERR,ERR,ERR,ERR,ERR,ERR,ERR,ERR,ERR,ERR,ERR,ERR,ERR,ERR,ERR,ERR,ERR,ERR,ERR,ERR,ERR,ERR,ERR,ERR,ERR,ERR,ERR,ERR,ERR,ERR,ERR,ERR,ERR,ERR,ERR,ERR,ERR,ERR,ERR,ERR,ERR,ERR,ERR,ERR,ERR,ERR,ERR,ERR,ERR,ERR,ERR,ERR,ERR,ERR,ERR,ERR,ERR,ERR,ERR,ERR,ERR,ERR,ERR,ERR,ERR,ERR,ERR,ERR,ERR,ERR,ERR,ERR,ERR,ERR,ERR,ERR,ERR,ERR,ERR,ERR,ERR,ERR,ERR,ERR,ERR,ERR,ERR,ERR,ERR,ERR,ERR,ERR,ERR,ERR,ERR,ERR,ERR,ERR,ERR,ERR,ERR,ERR,ERR,ERR,ERR,ERR,ERR,ERR,ERR,ERR,0.0,0.0,0.0,0.0,0.0,1.3936040501711995e+18,7.805,0.0,0,0,4,0,7116,0.0,100,0.0,0.0,0.0,0.0,0.0,0,0,0,0,0.0,0,0,0,0,0,0,0,0,0,0,0,0,0,0,0,0,0,0,0,0,0,0,0,0,0,0,0,0,0,0,0,0,0,31,40,40,71,65476,0,300,0,0,8,21553,0.0,-107605600.0,0.0,0.0,0.0,0.0,0.0,0.0,0.0,0.0,0.0,0.0,0.0,0.0,0.0,0.0,0.0,0.0,0.0,0.0,0.0,0.0,-2.004,2.004,2.004,-0.0,0.0,0.0,0.0,0.0,6300.0,-0.0,6934.0,0.0,0.0,0.0,0.0,0.0,0.0,0.0,0.0,69,-0.0,-71.63,0.0,0.0,0.0,0.0,0.0,0.0,0.0,0,0,0,0.0,0.0,0.0,0.0,0.0,0.0,0.0,0.0,0.0,0.0,0.0,0.0,0.0,0.0,0.0,0.0,0,-107875648.0,69,0.0,138,0.0,0.0,0,13107,17040,13107,17049,0,17043,0,0,0,70,68,100,2.7302359370752657e+23,71.1,0.0,74.2,2.7302370179391762e+23,74.0,1,49,50,180,0,52429,0,0,0.0,0.0,0.0,0.0,-0.0,67.0,0.0,162057.094,0.0,750,0,739,0,0,0,721,0,766,0,735,0,742,0,741,0,712,0,7520,0.032,78920024064.0,0.0,0.0,784,16797,-0.0,162057.094,-114818.039,-0.0,0.133,6.909358625270745e+28,30.0,65.0,35,0.0,0.0,0.0,0.0,0.0,0.0,0.0,0.0,0.0,0.0,0.0,0.0,0.0,0.0,0.0,0.0,69.2,0,150,71,54,65476,0,300,0,1,8,20529,65476,0,0,40632,65.0,0.0,0.0,0.0,0.0,0.0
2026-09-04T20:49:28,ERR,ERR,ERR,ERR,ERR,ERR,ERR,ERR,ERR,ERR,ERR,ERR,ERR,ERR,ERR,ERR,ERR,ERR,ERR,ERR,ERR,ERR,ERR,ERR,ERR,ERR,ERR,ERR,ERR,ERR,ERR,ERR,ERR,ERR,ERR,ERR,ERR,ERR,ERR,ERR,ERR,ERR,ERR,ERR,ERR,ERR,ERR,ERR,ERR,ERR,ERR,ERR,ERR,ERR,ERR,ERR,ERR,ERR,ERR,ERR,ERR,ERR,ERR,ERR,ERR,ERR,ERR,ERR,ERR,ERR,ERR,ERR,ERR,ERR,ERR,ERR,ERR,ERR,ERR,ERR,ERR,ERR,ERR,ERR,ERR,ERR,ERR,ERR,ERR,ERR,ERR,ERR,ERR,ERR,ERR,ERR,ERR,ERR,ERR,ERR,ERR,ERR,ERR,ERR,ERR,ERR,ERR,ERR,ERR,ERR,ERR,ERR,ERR,ERR,ERR,ERR,ERR,ERR,ERR,ERR,ERR,ERR,ERR,ERR,ERR,0.0,0.0,0.0,0.0,0.0,1.3936040501711995e+18,7.805,0.0,0,0,4,0,7116,0.0,100,0.0,0.0,0.0,0.0,0.0,0,0,0,0,0.0,0,0,0,0,0,0,0,0,0,0,0,0,0,0,0,0,0,0,0,0,0,0,0,0,0,0,0,0,0,0,0,0,0,31,40,40,71,65476,0,300,0,0,8,21553,0.0,-107605600.0,0.0,0.0,0.0,0.0,0.0,0.0,0.0,0.0,0.0,0.0,0.0,0.0,0.0,0.0,0.0,0.0,0.0,0.0,0.0,0.0,-2.004,2.004,2.004,-0.0,0.0,0.0,0.0,0.0,6300.0,-0.0,6934.0,0.0,0.0,0.0,0.0,0.0,0.0,0.0,0.0,69,-0.0,-71.63,0.0,0.0,0.0,0.0,0.0,0.0,0.0,0,0,0,0.0,0.0,0.0,0.0,0.0,0.0,0.0,0.0,0.0,0.0,0.0,0.0,0.0,0.0,0.0,0.0,0,-107875648.0,69,0.0,138,0.0,0.0,0,13107,17040,13107,17049,0,17043,0,0,0,70,68,100,2.7302359370752657e+23,71.1,0.0,74.2,2.7302370179391762e+23,74.0,1,49,50,180,0,52429,0,0,0.0,0.0,0.0,0.0,-0.0,67.0,0.0,162057.094,0.0,750,0,739,0,0,0,721,0,766,0,735,0,742,0,741,0,712,0,7520,0.032,78920024064.0,0.0,0.0,784,16797,-0.0,162057.094,-114818.039,-0.0,0.133,6.909358625270745e+28,30.0,65.0,35,0.0,0.0,0.0,0.0,0.0,0.0,0.0,0.0,0.0,0.0,0.0,0.0,0.0,0.0,0.0,0.0,69.2,0,150,71,54,65476,0,300,0,1,8,20529,65476,0,0,40632,65.0,0.0,0.0,0.0,0.0,0.0
2026-09-04T20:49:29,ERR,ERR,ERR,ERR,ERR,ERR,ERR,ERR,ERR,ERR,ERR,ERR,ERR,ERR,ERR,ERR,ERR,ERR,ERR,ERR,ERR,ERR,ERR,ERR,ERR,ERR,ERR,ERR,ERR,ERR,ERR,ERR,ERR,ERR,ERR,ERR,ERR,ERR,ERR,ERR,ERR,ERR,ERR,ERR,ERR,ERR,ERR,ERR,ERR,ERR,ERR,ERR,ERR,ERR,ERR,ERR,ERR,ERR,ERR,ERR,ERR,ERR,ERR,ERR,ERR,ERR,ERR,ERR,ERR,ERR,ERR,ERR,ERR,ERR,ERR,ERR,ERR,ERR,ERR,ERR,ERR,ERR,ERR,ERR,ERR,ERR,ERR,ERR,ERR,ERR,ERR,ERR,ERR,ERR,ERR,ERR,ERR,ERR,ERR,ERR,ERR,ERR,ERR,ERR,ERR,ERR,ERR,ERR,ERR,ERR,ERR,ERR,ERR,ERR,ERR,ERR,ERR,ERR,ERR,ERR,ERR,ERR,ERR,ERR,ERR,0.0,0.0,0.0,0.0,0.0,1.3936040501711995e+18,7.805,0.0,0,0,4,0,7116,0.0,100,0.0,0.0,0.0,0.0,0.0,0,0,0,0,0.0,0,0,0,0,0,0,0,0,0,0,0,0,0,0,0,0,0,0,0,0,0,0,0,0,0,0,0,0,0,0,0,0,0,31,40,40,71,65476,0,300,0,0,8,21553,0.0,-107605600.0,0.0,0.0,0.0,0.0,0.0,0.0,0.0,0.0,0.0,0.0,0.0,0.0,0.0,0.0,0.0,0.0,0.0,0.0,0.0,0.0,-2.004,2.004,2.004,-0.0,0.0,0.0,0.0,0.0,6300.0,-0.0,6934.0,0.0,0.0,0.0,0.0,0.0,0.0,0.0,0.0,69,-0.0,-71.63,0.0,0.0,0.0,0.0,0.0,0.0,0.0,0,0,0,0.0,0.0,0.0,0.0,0.0,0.0,0.0,0.0,0.0,0.0,0.0,0.0,0.0,0.0,0.0,0.0,0,-107875648.0,69,0.0,138,0.0,0.0,0,13107,17040,13107,17049,0,17043,0,0,0,70,68,100,2.7302359370752657e+23,71.1,0.0,74.2,2.7302370179391762e+23,74.0,1,49,50,180,0,52429,0,0,0.0,0.0,0.0,0.0,-0.0,67.0,0.0,162057.094,0.0,750,0,739,0,0,0,721,0,766,0,735,0,742,0,741,0,712,0,7520,0.032,78920024064.0,0.0,0.0,784,16797,-0.0,162057.094,-114818.039,-0.0,0.133,6.909358625270745e+28,30.0,65.0,35,0.0,0.0,0.0,0.0,0.0,0.0,0.0,0.0,0.0,0.0,0.0,0.0,0.0,0.0,0.0,0.0,69.2,0,150,71,54,65476,0,300,0,1,8,20529,65476,0,0,40632,65.0,0.0,0.0,0.0,0.0,0.0
2026-09-04T20:49:30,ERR,ERR,ERR,ERR,ERR,ERR,ERR,ERR,ERR,ERR,ERR,ERR,ERR,ERR,ERR,ERR,ERR,ERR,ERR,ERR,ERR,ERR,ERR,ERR,ERR,ERR,ERR,ERR,ERR,ERR,ERR,ERR,ERR,ERR,ERR,ERR,ERR,ERR,ERR,ERR,ERR,ERR,ERR,ERR,ERR,ERR,ERR,ERR,ERR,ERR,ERR,ERR,ERR,ERR,ERR,ERR,ERR,ERR,ERR,ERR,ERR,ERR,ERR,ERR,ERR,ERR,ERR,ERR,ERR,ERR,ERR,ERR,ERR,ERR,ERR,ERR,ERR,ERR,ERR,ERR,ERR,ERR,ERR,ERR,ERR,ERR,ERR,ERR,ERR,ERR,ERR,ERR,ERR,ERR,ERR,ERR,ERR,ERR,ERR,ERR,ERR,ERR,ERR,ERR,ERR,ERR,ERR,ERR,ERR,ERR,ERR,ERR,ERR,ERR,ERR,ERR,ERR,ERR,ERR,ERR,ERR,ERR,ERR,ERR,ERR,0.0,0.0,0.0,0.0,0.0,1.3936040501711995e+18,7.805,0.0,0,0,4,0,7116,0.0,100,0.0,0.0,0.0,0.0,0.0,0,0,0,0,0.0,0,0,0,0,0,0,0,0,0,0,0,0,0,0,0,0,0,0,0,0,0,0,0,0,0,0,0,0,0,0,0,0,0,31,40,40,71,65476,0,300,0,0,8,21553,0.0,-107605600.0,0.0,0.0,0.0,0.0,0.0,0.0,0.0,0.0,0.0,0.0,0.0,0.0,0.0,0.0,0.0,0.0,0.0,0.0,0.0,0.0,-2.004,2.004,2.004,-0.0,0.0,0.0,0.0,0.0,6302.0,1.587936908900649e+29,6926.0,0.0,0.0,0.0,0.0,0.0,0.0,0.0,0.0,69,-0.0,4.066872925269804e+29,0.0,0.0,0.0,0.0,0.0,0.0,0.0,0,0,0,0.0,0.0,0.0,0.0,0.0,0.0,0.0,0.0,0.0,0.0,0.0,0.0,0.0,0.0,0.0,0.0,0,-107875648.0,69,0.0,138,0.0,0.0,0,13107,17040,13107,17049,13107,17043,0,0,0,70,68,100,2.7302359370752657e+23,71.1,0.0,74.2,2.7302370179391762e+23,74.0,1,49,50,180,0,52429,0,0,0.0,0.0,0.0,0.0,-0.0,67.0,0.0,162057.094,0.0,750,0,739,0,0,0,721,0,766,0,735,0,742,0,741,0,712,0,7520,0.032,79456894976.0,0.0,0.0,784,16797,-0.0,162057.094,-114818.039,-0.0,0.133,6.909358625270745e+28,30.0,65.0,35,0.0,0.0,0.0,0.0,0.0,0.0,0.0,0.0,0.0,0.0,0.0,0.0,0.0,0.0,0.0,0.0,69.2,0,150,71,54,65476,0,300,0,1,8,20529,65476,0,0,40632,65.0,0.0,0.0,0.0,0.0,0.0
2026-09-04T20:49:31,ERR,ERR,ERR,ERR,ERR,ERR,ERR,ERR,ERR,ERR,ERR,ERR,ERR,ERR,ERR,ERR,ERR,ERR,ERR,ERR,ERR,ERR,ERR,ERR,ERR,ERR,ERR,ERR,ERR,ERR,ERR,ERR,ERR,ERR,ERR,ERR,ERR,ERR,ERR,ERR,ERR,ERR,ERR,ERR,ERR,ERR,ERR,ERR,ERR,ERR,ERR,ERR,ERR,ERR,ERR,ERR,ERR,ERR,ERR,ERR,ERR,ERR,ERR,ERR,ERR,ERR,ERR,ERR,ERR,ERR,ERR,ERR,ERR,ERR,ERR,ERR,ERR,ERR,ERR,ERR,ERR,ERR,ERR,ERR,ERR,ERR,ERR,ERR,ERR,ERR,ERR,ERR,ERR,ERR,ERR,ERR,ERR,ERR,ERR,ERR,ERR,ERR,ERR,ERR,ERR,ERR,ERR,ERR,ERR,ERR,ERR,ERR,ERR,ERR,ERR,ERR,ERR,ERR,ERR,ERR,ERR,ERR,ERR,ERR,ERR,0.0,0.0,0.0,0.0,0.0,1.3936040501711995e+18,7.805,0.0,0,0,4,0,7116,0.0,100,0.0,0.0,0.0,0.0,0.0,0,0,0,0,0.0,0,0,0,0,0,0,0,0,0,0,0,0,0,0,0,0,0,0,0,0,0,0,0,0,0,0,0,0,0,0,0,0,0,31,40,40,71,65476,0,300,0,0,8,21553,0.0,-107605600.0,0.0,0.0,0.0,0.0,0.0,0.0,0.0,0.0,0.0,0.0,0.0,0.0,0.0,0.0,0.0,0.0,0.0,0.0,0.0,0.0,-2.004,2.004,2.004,-0.0,0.0,0.0,0.0,0.0,6302.0,1.587936908900649e+29,6926.0,0.0,0.0,0.0,0.0,0.0,0.0,0.0,0.0,69,-0.0,4.066872925269804e+29,0.0,0.0,0.0,0.0,0.0,0.0,0.0,0,0,0,0.0,0.0,0.0,0.0,0.0,0.0,0.0,0.0,0.0,0.0,0.0,0.0,0.0,0.0,0.0,0.0,0,-107875648.0,69,0.0,138,0.0,0.0,0,13107,17040,13107,17049,13107,17043,0,0,0,70,68,100,2.7302359370752657e+23,71.1,0.0,74.2,2.7302370179391762e+23,74.0,1,49,50,180,0,52429,0,0,0.0,0.0,0.0,0.0,-0.0,67.0,0.0,162057.094,0.0,750,0,739,0,0,0,721,0,766,0,735,0,742,0,741,0,712,0,7520,0.032,79456894976.0,0.0,0.0,784,16797,-0.0,162057.094,-114818.039,-0.0,0.133,6.909358625270745e+28,30.0,65.0,35,0.0,0.0,0.0,0.0,0.0,0.0,0.0,0.0,0.0,0.0,0.0,0.0,0.0,0.0,0.0,0.0,69.2,0,150,71,54,65476,0,300,0,1,8,20529,65476,0,0,40632,65.0,0.0,0.0,0.0,0.0,0.0
2026-09-04T20:49:32,ERR,ERR,ERR,ERR,ERR,ERR,ERR,ERR,ERR,ERR,ERR,ERR,ERR,ERR,ERR,ERR,ERR,ERR,ERR,ERR,ERR,ERR,ERR,ERR,ERR,ERR,ERR,ERR,ERR,ERR,ERR,ERR,ERR,ERR,ERR,ERR,ERR,ERR,ERR,ERR,ERR,ERR,ERR,ERR,ERR,ERR,ERR,ERR,ERR,ERR,ERR,ERR,ERR,ERR,ERR,ERR,ERR,ERR,ERR,ERR,ERR,ERR,ERR,ERR,ERR,ERR,ERR,ERR,ERR,ERR,ERR,ERR,ERR,ERR,ERR,ERR,ERR,ERR,ERR,ERR,ERR,ERR,ERR,ERR,ERR,ERR,ERR,ERR,ERR,ERR,ERR,ERR,ERR,ERR,ERR,ERR,ERR,ERR,ERR,ERR,ERR,ERR,ERR,ERR,ERR,ERR,ERR,ERR,ERR,ERR,ERR,ERR,ERR,ERR,ERR,ERR,ERR,ERR,ERR,ERR,ERR,ERR,ERR,ERR,ERR,0.0,0.0,0.0,0.0,0.0,1.3936040501711995e+18,7.805,0.0,0,0,4,0,7116,0.0,100,0.0,0.0,0.0,0.0,0.0,0,0,0,0,0.0,0,0,0,0,0,0,0,0,0,0,0,0,0,0,0,0,0,0,0,0,0,0,0,0,0,0,0,0,0,0,0,0,0,31,40,40,71,65476,0,300,0,0,8,21553,0.0,-107605600.0,0.0,0.0,0.0,0.0,0.0,0.0,0.0,0.0,0.0,0.0,0.0,0.0,0.0,0.0,0.0,0.0,0.0,0.0,0.0,0.0,-2.004,2.004,2.004,-0.0,0.0,0.0,0.0,0.0,6302.0,1.587936908900649e+29,6926.0,0.0,0.0,0.0,0.0,0.0,0.0,0.0,0.0,69,-0.0,4.066872925269804e+29,0.0,0.0,0.0,0.0,0.0,0.0,0.0,0,0,0,0.0,0.0,0.0,0.0,0.0,0.0,0.0,0.0,0.0,0.0,0.0,0.0,0.0,0.0,0.0,0.0,0,-107875648.0,69,0.0,138,0.0,0.0,0,13107,17040,13107,17049,13107,17043,0,0,0,70,68,100,2.7302359370752657e+23,71.1,0.0,74.2,2.7302370179391762e+23,74.0,1,49,50,180,0,52429,0,0,0.0,0.0,0.0,0.0,-0.0,67.0,0.0,162057.094,0.0,750,0,739,0,0,0,721,0,766,0,735,0,742,0,741,0,712,0,7520,0.032,79456894976.0,0.0,0.0,784,16797,-0.0,162057.094,-114818.039,-0.0,0.133,6.909358625270745e+28,30.0,65.0,35,0.0,0.0,0.0,0.0,0.0,0.0,0.0,0.0,0.0,0.0,0.0,0.0,0.0,0.0,0.0,0.0,69.6,0,150,71,54,65476,0,300,0,1,8,20529,65476,0,0,40632,65.0,0.0,0.0,0.0,0.0,0.0
2026-09-04T20:49:33,ERR,ERR,ERR,ERR,ERR,ERR,ERR,ERR,ERR,ERR,ERR,ERR,ERR,ERR,ERR,ERR,ERR,ERR,ERR,ERR,ERR,ERR,ERR,ERR,ERR,ERR,ERR,ERR,ERR,ERR,ERR,ERR,ERR,ERR,ERR,ERR,ERR,ERR,ERR,ERR,ERR,ERR,ERR,ERR,ERR,ERR,ERR,ERR,ERR,ERR,ERR,ERR,ERR,ERR,ERR,ERR,ERR,ERR,ERR,ERR,ERR,ERR,ERR,ERR,ERR,ERR,ERR,ERR,ERR,ERR,ERR,ERR,ERR,ERR,ERR,ERR,ERR,ERR,ERR,ERR,ERR,ERR,ERR,ERR,ERR,ERR,ERR,ERR,ERR,ERR,ERR,ERR,ERR,ERR,ERR,ERR,ERR,ERR,ERR,ERR,ERR,ERR,ERR,ERR,ERR,ERR,ERR,ERR,ERR,ERR,ERR,ERR,ERR,ERR,ERR,ERR,ERR,ERR,ERR,ERR,ERR,ERR,ERR,ERR,ERR,0.0,0.0,0.0,0.0,0.0,1.3936040501711995e+18,7.805,0.0,0,0,4,0,7116,0.0,100,0.0,0.0,0.0,0.0,0.0,0,0,0,0,0.0,0,0,0,0,0,0,0,0,0,0,0,0,0,0,0,0,0,0,0,0,0,0,0,0,0,0,0,0,0,0,0,0,0,31,40,40,71,65476,0,300,0,0,8,21553,0.0,-107605600.0,0.0,0.0,0.0,0.0,0.0,0.0,0.0,0.0,0.0,0.0,0.0,0.0,0.0,0.0,0.0,0.0,0.0,0.0,0.0,0.0,-2.004,2.004,2.004,-0.0,0.0,0.0,0.0,0.0,6302.0,1.587936908900649e+29,6926.0,0.0,0.0,0.0,0.0,0.0,0.0,0.0,0.0,69,-0.0,4.066872925269804e+29,0.0,0.0,0.0,0.0,0.0,0.0,0.0,0,0,0,0.0,0.0,0.0,0.0,0.0,0.0,0.0,0.0,0.0,0.0,0.0,0.0,0.0,0.0,0.0,0.0,0,-107875648.0,69,0.0,138,0.0,0.0,0,13107,17040,13107,17049,13107,17043,0,0,0,70,68,100,2.7302359370752657e+23,71.1,0.0,74.2,2.7302370179391762e+23,74.0,1,49,50,180,0,52429,0,0,0.0,0.0,0.0,0.0,-0.0,67.0,0.0,162057.094,0.0,750,0,739,0,0,0,721,0,766,0,735,0,742,0,741,0,712,0,7520,0.032,79456894976.0,0.0,0.0,784,16797,-0.0,162057.094,-114818.039,-0.0,0.133,6.909358625270745e+28,30.0,65.0,35,0.0,0.0,0.0,0.0,0.0,0.0,0.0,0.0,0.0,0.0,0.0,0.0,0.0,0.0,0.0,0.0,69.6,0,150,71,54,65476,0,300,0,1,8,20529,65476,0,0,40632,65.0,0.0,0.0,0.0,0.0,0.0
2026-09-04T20:49:34,ERR,ERR,ERR,ERR,ERR,ERR,ERR,ERR,ERR,ERR,ERR,ERR,ERR,ERR,ERR,ERR,ERR,ERR,ERR,ERR,ERR,ERR,ERR,ERR,ERR,ERR,ERR,ERR,ERR,ERR,ERR,ERR,ERR,ERR,ERR,ERR,ERR,ERR,ERR,ERR,ERR,ERR,ERR,ERR,ERR,ERR,ERR,ERR,ERR,ERR,ERR,ERR,ERR,ERR,ERR,ERR,ERR,ERR,ERR,ERR,ERR,ERR,ERR,ERR,ERR,ERR,ERR,ERR,ERR,ERR,ERR,ERR,ERR,ERR,ERR,ERR,ERR,ERR,ERR,ERR,ERR,ERR,ERR,ERR,ERR,ERR,ERR,ERR,ERR,ERR,ERR,ERR,ERR,ERR,ERR,ERR,ERR,ERR,ERR,ERR,ERR,ERR,ERR,ERR,ERR,ERR,ERR,ERR,ERR,ERR,ERR,ERR,ERR,ERR,ERR,ERR,ERR,ERR,ERR,ERR,ERR,ERR,ERR,ERR,ERR,0.0,0.0,0.0,0.0,0.0,1.3936040501711995e+18,7.805,0.0,0,0,4,0,7116,0.0,100,0.0,0.0,0.0,0.0,0.0,0,0,0,0,0.0,0,0,0,0,0,0,0,0,0,0,0,0,0,0,0,0,0,0,0,0,0,0,0,0,0,0,0,0,0,0,0,0,0,31,40,40,71,65476,0,300,0,0,8,21553,0.0,-107605600.0,0.0,0.0,0.0,0.0,0.0,0.0,0.0,0.0,0.0,0.0,0.0,0.0,0.0,0.0,0.0,0.0,0.0,0.0,0.0,0.0,-2.004,2.004,2.004,-0.0,0.0,0.0,0.0,0.0,6302.0,1.587936908900649e+29,6926.0,0.0,0.0,0.0,0.0,0.0,0.0,0.0,0.0,69,-0.0,4.066872925269804e+29,0.0,0.0,0.0,0.0,0.0,0.0,0.0,0,0,0,0.0,0.0,0.0,0.0,0.0,0.0,0.0,0.0,0.0,0.0,0.0,0.0,0.0,0.0,0.0,0.0,0,-107875648.0,69,0.0,138,0.0,0.0,0,13107,17040,13107,17049,13107,17043,0,0,0,70,68,100,2.7302359370752657e+23,71.1,0.0,74.2,2.7302370179391762e+23,74.0,1,49,50,180,0,52429,0,0,0.0,0.0,0.0,0.0,-0.0,67.0,0.0,162057.094,0.0,750,0,739,0,0,0,721,0,766,0,735,0,742,0,741,0,712,0,7520,0.032,79456894976.0,0.0,0.0,784,16797,-0.0,162057.094,-114818.039,-0.0,0.133,6.909358625270745e+28,30.0,65.0,35,0.0,0.0,0.0,0.0,0.0,0.0,0.0,0.0,0.0,0.0,0.0,0.0,0.0,0.0,0.0,0.0,69.2,0,150,71,54,65476,0,300,0,1,8,20529,65476,0,0,40632,65.0,0.0,0.0,0.0,0.0,0.0
2026-09-04T20:49:35,ERR,ERR,ERR,ERR,ERR,ERR,ERR,ERR,ERR,ERR,ERR,ERR,ERR,ERR,ERR,ERR,ERR,ERR,ERR,ERR,ERR,ERR,ERR,ERR,ERR,ERR,ERR,ERR,ERR,ERR,ERR,ERR,ERR,ERR,ERR,ERR,ERR,ERR,ERR,ERR,ERR,ERR,ERR,ERR,ERR,ERR,ERR,ERR,ERR,ERR,ERR,ERR,ERR,ERR,ERR,ERR,ERR,ERR,ERR,ERR,ERR,ERR,ERR,ERR,ERR,ERR,ERR,ERR,ERR,ERR,ERR,ERR,ERR,ERR,ERR,ERR,ERR,ERR,ERR,ERR,ERR,ERR,ERR,ERR,ERR,ERR,ERR,ERR,ERR,ERR,ERR,ERR,ERR,ERR,ERR,ERR,ERR,ERR,ERR,ERR,ERR,ERR,ERR,ERR,ERR,ERR,ERR,ERR,ERR,ERR,ERR,ERR,ERR,ERR,ERR,ERR,ERR,ERR,ERR,ERR,ERR,ERR,ERR,ERR,ERR,0.0,0.0,0.0,0.0,0.0,1.3936040501711995e+18,7.805,0.0,0,0,4,0,7116,0.0,100,0.0,0.0,0.0,0.0,0.0,0,0,0,0,0.0,0,0,0,0,0,0,0,0,0,0,0,0,0,0,0,0,0,0,0,0,0,0,0,0,0,0,0,0,0,0,0,0,0,31,40,40,71,65476,0,300,0,0,8,21553,0.0,-107605600.0,0.0,0.0,0.0,0.0,0.0,0.0,0.0,0.0,0.0,0.0,0.0,0.0,0.0,0.0,0.0,0.0,0.0,0.0,0.0,0.0,-2.004,2.004,2.004,-0.0,0.0,0.0,0.0,0.0,6302.0,1.587936908900649e+29,6926.0,0.0,0.0,0.0,0.0,0.0,0.0,0.0,0.0,69,-0.0,4.066872925269804e+29,0.0,0.0,0.0,0.0,0.0,0.0,0.0,0,0,0,0.0,0.0,0.0,0.0,0.0,0.0,0.0,0.0,0.0,0.0,0.0,0.0,0.0,0.0,0.0,0.0,0,-107875648.0,69,0.0,138,0.0,0.0,0,13107,17040,13107,17049,0,17043,0,0,0,70,68,100,2.7302359370752657e+23,71.1,0.0,74.2,2.7302370179391762e+23,74.0,1,49,50,180,0,52429,0,0,0.0,0.0,0.0,0.0,-0.0,67.0,0.0,162057.094,0.0,750,0,739,0,0,0,721,0,766,0,735,0,742,0,741,0,712,0,7520,0.032,79456894976.0,0.0,0.0,784,16797,-0.0,162057.094,-114818.039,-0.0,0.133,6.909358625270745e+28,30.0,65.0,35,0.0,0.0,0.0,0.0,0.0,0.0,0.0,0.0,0.0,0.0,0.0,0.0,0.0,0.0,0.0,0.0,69.2,0,150,71,54,65476,0,300,0,1,8,20529,65476,0,0,40632,65.0,0.0,0.0,0.0,0.0,0.0
2026-09-04T20:49:36,ERR,ERR,ERR,ERR,ERR,ERR,ERR,ERR,ERR,ERR,ERR,ERR,ERR,ERR,ERR,ERR,ERR,ERR,ERR,ERR,ERR,ERR,ERR,ERR,ERR,ERR,ERR,ERR,ERR,ERR,ERR,ERR,ERR,ERR,ERR,ERR,ERR,ERR,ERR,ERR,ERR,ERR,ERR,ERR,ERR,ERR,ERR,ERR,ERR,ERR,ERR,ERR,ERR,ERR,ERR,ERR,ERR,ERR,ERR,ERR,ERR,ERR,ERR,ERR,ERR,ERR,ERR,ERR,ERR,ERR,ERR,ERR,ERR,ERR,ERR,ERR,ERR,ERR,ERR,ERR,ERR,ERR,ERR,ERR,ERR,ERR,ERR,ERR,ERR,ERR,ERR,ERR,ERR,ERR,ERR,ERR,ERR,ERR,ERR,ERR,ERR,ERR,ERR,ERR,ERR,ERR,ERR,ERR,ERR,ERR,ERR,ERR,ERR,ERR,ERR,ERR,ERR,ERR,ERR,ERR,ERR,ERR,ERR,ERR,ERR,0.0,0.0,0.0,0.0,0.0,1.3936040501711995e+18,7.805,0.0,0,0,4,0,7116,0.0,100,0.0,0.0,0.0,0.0,0.0,0,0,0,0,0.0,0,0,0,0,0,0,0,0,0,0,0,0,0,0,0,0,0,0,0,0,0,0,0,0,0,0,0,0,0,0,0,0,0,31,40,40,71,65476,0,300,0,0,8,21553,0.0,-107605600.0,0.0,0.0,0.0,0.0,0.0,0.0,0.0,0.0,0.0,0.0,0.0,0.0,0.0,0.0,0.0,0.0,0.0,0.0,0.0,0.0,-2.004,2.004,2.004,-0.0,0.0,0.0,0.0,0.0,6302.0,1.587936908900649e+29,6926.0,0.0,0.0,0.0,0.0,0.0,0.0,0.0,0.0,69,-0.0,4.066872925269804e+29,0.0,0.0,0.0,0.0,0.0,0.0,0.0,0,0,0,0.0,0.0,0.0,0.0,0.0,0.0,0.0,0.0,0.0,0.0,0.0,0.0,0.0,0.0,0.0,0.0,0,-107875648.0,69,0.0,138,0.0,0.0,0,13107,17040,13107,17049,0,17043,0,0,0,70,68,100,2.7302359370752657e+23,71.1,0.0,74.2,2.7302370179391762e+23,74.0,1,49,50,180,0,52429,0,0,0.0,0.0,0.0,0.0,-0.0,67.0,0.0,162057.094,0.0,750,0,739,0,0,0,721,0,766,0,735,0,742,0,741,0,712,0,7520,0.032,79456894976.0,0.0,0.0,784,16797,-0.0,162057.094,-114818.039,-0.0,0.133,6.909358625270745e+28,30.0,65.0,35,0.0,0.0,0.0,0.0,0.0,0.0,0.0,0.0,0.0,0.0,0.0,0.0,0.0,0.0,0.0,0.0,69.2,0,150,71,54,65476,0,300,0,1,8,20529,65476,0,0,40632,65.0,0.0,0.0,0.0,0.0,0.0
2026-09-04T20:49:37,ERR,ERR,ERR,ERR,ERR,ERR,ERR,ERR,ERR,ERR,ERR,ERR,ERR,ERR,ERR,ERR,ERR,ERR,ERR,ERR,ERR,ERR,ERR,ERR,ERR,ERR,ERR,ERR,ERR,ERR,ERR,ERR,ERR,ERR,ERR,ERR,ERR,ERR,ERR,ERR,ERR,ERR,ERR,ERR,ERR,ERR,ERR,ERR,ERR,ERR,ERR,ERR,ERR,ERR,ERR,ERR,ERR,ERR,ERR,ERR,ERR,ERR,ERR,ERR,ERR,ERR,ERR,ERR,ERR,ERR,ERR,ERR,ERR,ERR,ERR,ERR,ERR,ERR,ERR,ERR,ERR,ERR,ERR,ERR,ERR,ERR,ERR,ERR,ERR,ERR,ERR,ERR,ERR,ERR,ERR,ERR,ERR,ERR,ERR,ERR,ERR,ERR,ERR,ERR,ERR,ERR,ERR,ERR,ERR,ERR,ERR,ERR,ERR,ERR,ERR,ERR,ERR,ERR,ERR,ERR,ERR,ERR,ERR,ERR,ERR,0.0,0.0,0.0,0.0,0.0,1.3936040501711995e+18,7.805,0.0,0,0,4,0,7116,0.0,100,0.0,0.0,0.0,0.0,0.0,0,0,0,0,0.0,0,0,0,0,0,0,0,0,0,0,0,0,0,0,0,0,0,0,0,0,0,0,0,0,0,0,0,0,0,0,0,0,0,31,40,40,71,65476,0,300,0,0,8,21553,0.0,-107605600.0,0.0,0.0,0.0,0.0,0.0,0.0,0.0,0.0,0.0,0.0,0.0,0.0,0.0,0.0,0.0,0.0,0.0,0.0,0.0,0.0,-2.004,2.004,2.004,-0.0,0.0,0.0,0.0,0.0,6301.0,3.697203725810742e+19,6924.0,0.0,0.0,0.0,0.0,0.0,0.0,0.0,0.0,69,-0.0,2.7184265981323747e+23,0.0,0.0,0.0,0.0,0.0,0.0,0.0,0,0,0,0.0,0.0,0.0,0.0,0.0,0.0,0.0,0.0,0.0,0.0,0.0,0.0,0.0,0.0,0.0,0.0,0,-107875648.0,69,0.0,138,0.0,-0.0,0,13107,17040,13107,17049,0,17043,0,0,0,70,68,100,2.7302359370752657e+23,71.1,0.0,74.2,2.7302370179391762e+23,74.0,1,49,50,180,0,52429,0,0,0.0,0.0,0.0,0.0,-0.0,67.0,0.0,162057.094,0.0,750,0,739,0,0,0,721,0,766,0,735,0,742,0,741,0,712,0,7520,0.032,79456894976.0,0.0,0.0,784,16797,-0.0,162057.094,-114818.039,-0.0,0.133,6.909358625270745e+28,30.0,65.0,35,0.0,0.0,0.0,0.0,0.0,0.0,0.0,0.0,0.0,0.0,0.0,0.0,0.0,0.0,0.0,0.0,69.2,0,150,71,54,65476,0,300,0,1,8,20529,65476,0,0,40632,65.0,0.0,0.0,0.0,0.0,0.0
2026-09-04T20:49:38,ERR,ERR,ERR,ERR,ERR,ERR,ERR,ERR,ERR,ERR,ERR,ERR,ERR,ERR,ERR,ERR,ERR,ERR,ERR,ERR,ERR,ERR,ERR,ERR,ERR,ERR,ERR,ERR,ERR,ERR,ERR,ERR,ERR,ERR,ERR,ERR,ERR,ERR,ERR,ERR,ERR,ERR,ERR,ERR,ERR,ERR,ERR,ERR,ERR,ERR,ERR,ERR,ERR,ERR,ERR,ERR,ERR,ERR,ERR,ERR,ERR,ERR,ERR,ERR,ERR,ERR,ERR,ERR,ERR,ERR,ERR,ERR,ERR,ERR,ERR,ERR,ERR,ERR,ERR,ERR,ERR,ERR,ERR,ERR,ERR,ERR,ERR,ERR,ERR,ERR,ERR,ERR,ERR,ERR,ERR,ERR,ERR,ERR,ERR,ERR,ERR,ERR,ERR,ERR,ERR,ERR,ERR,ERR,ERR,ERR,ERR,ERR,ERR,ERR,ERR,ERR,ERR,ERR,ERR,ERR,ERR,ERR,ERR,ERR,ERR,0.0,0.0,0.0,0.0,0.0,1.3936040501711995e+18,7.805,0.0,0,0,4,0,7116,0.0,100,0.0,0.0,0.0,0.0,0.0,0,0,0,0,0.0,0,0,0,0,0,0,0,0,0,0,0,0,0,0,0,0,0,0,0,0,0,0,0,0,0,0,0,0,0,0,0,0,0,31,40,40,71,65476,0,300,0,0,8,21553,0.0,-107605600.0,0.0,0.0,0.0,0.0,0.0,0.0,0.0,0.0,0.0,0.0,0.0,0.0,0.0,0.0,0.0,0.0,0.0,0.0,0.0,0.0,-2.004,2.004,2.004,-0.0,0.0,0.0,0.0,0.0,6301.0,3.697203725810742e+19,6924.0,0.0,0.0,0.0,0.0,0.0,0.0,0.0,0.0,69,-0.0,2.7184265981323747e+23,0.0,0.0,0.0,0.0,0.0,0.0,0.0,0,0,0,0.0,0.0,0.0,0.0,0.0,0.0,0.0,0.0,0.0,0.0,0.0,0.0,0.0,0.0,0.0,0.0,0,-107875648.0,69,0.0,138,0.0,-0.0,0,13107,17040,13107,17049,0,17043,0,0,0,70,68,100,2.7302359370752657e+23,71.1,0.0,74.2,2.7302370179391762e+23,74.0,1,49,50,180,0,52429,0,0,0.0,0.0,0.0,0.0,-0.0,67.0,0.0,162057.094,0.0,750,0,739,0,0,0,721,0,766,0,735,0,742,0,741,0,712,0,7520,0.032,79456894976.0,0.0,0.0,784,16797,-0.0,162057.094,-114818.039,-0.0,0.133,6.909358625270745e+28,30.0,65.0,35,0.0,0.0,0.0,0.0,0.0,0.0,0.0,0.0,0.0,0.0,0.0,0.0,0.0,0.0,0.0,0.0,69.2,0,150,71,54,65476,0,300,0,1,8,20529,65476,0,0,40632,65.0,0.0,0.0,0.0,0.0,0.0
2026-09-04T20:49:39,ERR,ERR,ERR,ERR,ERR,ERR,ERR,ERR,ERR,ERR,ERR,ERR,ERR,ERR,ERR,ERR,ERR,ERR,ERR,ERR,ERR,ERR,ERR,ERR,ERR,ERR,ERR,ERR,ERR,ERR,ERR,ERR,ERR,ERR,ERR,ERR,ERR,ERR,ERR,ERR,ERR,ERR,ERR,ERR,ERR,ERR,ERR,ERR,ERR,ERR,ERR,ERR,ERR,ERR,ERR,ERR,ERR,ERR,ERR,ERR,ERR,ERR,ERR,ERR,ERR,ERR,ERR,ERR,ERR,ERR,ERR,ERR,ERR,ERR,ERR,ERR,ERR,ERR,ERR,ERR,ERR,ERR,ERR,ERR,ERR,ERR,ERR,ERR,ERR,ERR,ERR,ERR,ERR,ERR,ERR,ERR,ERR,ERR,ERR,ERR,ERR,ERR,ERR,ERR,ERR,ERR,ERR,ERR,ERR,ERR,ERR,ERR,ERR,ERR,ERR,ERR,ERR,ERR,ERR,ERR,ERR,ERR,ERR,ERR,ERR,0.0,0.0,0.0,0.0,0.0,1.3936040501711995e+18,7.805,0.0,0,0,4,0,7116,0.0,100,0.0,0.0,0.0,0.0,0.0,0,0,0,0,0.0,0,0,0,0,0,0,0,0,0,0,0,0,0,0,0,0,0,0,0,0,0,0,0,0,0,0,0,0,0,0,0,0,0,31,40,40,71,65476,0,300,0,0,8,21553,0.0,-107605600.0,0.0,0.0,0.0,0.0,0.0,0.0,0.0,0.0,0.0,0.0,0.0,0.0,0.0,0.0,0.0,0.0,0.0,0.0,0.0,0.0,-2.004,2.004,2.004,-0.0,0.0,0.0,0.0,0.0,6301.0,3.697203725810742e+19,6924.0,0.0,0.0,0.0,0.0,0.0,0.0,0.0,0.0,69,-0.0,2.7184265981323747e+23,0.0,0.0,0.0,0.0,0.0,0.0,0.0,0,0,0,0.0,0.0,0.0,0.0,0.0,0.0,0.0,0.0,0.0,0.0,0.0,0.0,0.0,0.0,0.0,0.0,0,-107875648.0,69,0.0,138,0.0,-0.0,0,13107,17040,13107,17049,0,17043,0,0,0,70,68,100,2.7302359370752657e+23,71.1,0.0,74.2,2.7302370179391762e+23,74.0,1,49,50,180,0,52429,0,0,0.0,0.0,0.0,0.0,-0.0,67.0,0.0,162057.094,0.0,750,0,739,0,0,0,721,0,766,0,735,0,742,0,741,0,712,0,7520,0.032,79456894976.0,0.0,0.0,784,16797,-0.0,162057.094,-114818.039,-0.0,0.133,6.909358625270745e+28,30.0,65.0,35,0.0,0.0,0.0,0.0,0.0,0.0,0.0,0.0,0.0,0.0,0.0,0.0,0.0,0.0,0.0,0.0,69.2,0,150,71,54,65476,0,300,0,1,8,20529,65476,0,0,40632,65.0,0.0,0.0,0.0,0.0,0.0
2026-09-04T20:49:40,ERR,ERR,ERR,ERR,ERR,ERR,ERR,ERR,ERR,ERR,ERR,ERR,ERR,ERR,ERR,ERR,ERR,ERR,ERR,ERR,ERR,ERR,ERR,ERR,ERR,ERR,ERR,ERR,ERR,ERR,ERR,ERR,ERR,ERR,ERR,ERR,ERR,ERR,ERR,ERR,ERR,ERR,ERR,ERR,ERR,ERR,ERR,ERR,ERR,ERR,ERR,ERR,ERR,ERR,ERR,ERR,ERR,ERR,ERR,ERR,ERR,ERR,ERR,ERR,ERR,ERR,ERR,ERR,ERR,ERR,ERR,ERR,ERR,ERR,ERR,ERR,ERR,ERR,ERR,ERR,ERR,ERR,ERR,ERR,ERR,ERR,ERR,ERR,ERR,ERR,ERR,ERR,ERR,ERR,ERR,ERR,ERR,ERR,ERR,ERR,ERR,ERR,ERR,ERR,ERR,ERR,ERR,ERR,ERR,ERR,ERR,ERR,ERR,ERR,ERR,ERR,ERR,ERR,ERR,ERR,ERR,ERR,ERR,ERR,ERR,0.0,0.0,0.0,0.0,0.0,1.3936040501711995e+18,7.805,0.0,0,0,4,0,7116,0.0,100,0.0,0.0,0.0,0.0,0.0,0,0,0,0,0.0,0,0,0,0,0,0,0,0,0,0,0,0,0,0,0,0,0,0,0,0,0,0,0,0,0,0,0,0,0,0,0,0,0,31,40,40,71,65476,0,300,0,0,8,21553,0.0,-107605600.0,0.0,0.0,0.0,0.0,0.0,0.0,0.0,0.0,0.0,0.0,0.0,0.0,0.0,0.0,0.0,0.0,0.0,0.0,0.0,0.0,-2.004,2.004,2.004,-0.0,0.0,0.0,0.0,0.0,6301.0,3.697203725810742e+19,6924.0,0.0,0.0,0.0,0.0,0.0,0.0,0.0,0.0,69,-0.0,2.7184265981323747e+23,0.0,0.0,0.0,0.0,0.0,0.0,0.0,0,0,0,0.0,0.0,0.0,0.0,0.0,0.0,0.0,0.0,0.0,0.0,0.0,0.0,0.0,0.0,0.0,0.0,0,-107875648.0,69,0.0,138,0.0,-0.0,0,13107,17040,13107,17049,0,17043,0,0,0,70,68,100,2.7302359370752657e+23,71.1,0.0,74.2,2.7302370179391762e+23,74.0,1,49,50,180,0,52429,0,0,0.0,0.0,0.0,0.0,-0.0,67.0,0.0,162057.094,0.0,750,0,739,0,0,0,721,0,766,0,735,0,742,0,741,0,712,0,7520,0.032,79456894976.0,0.0,0.0,784,16797,-0.0,162057.094,-114818.039,-0.0,0.133,6.909358625270745e+28,30.0,65.0,35,0.0,0.0,0.0,0.0,0.0,0.0,0.0,0.0,0.0,0.0,0.0,0.0,0.0,0.0,0.0,0.0,69.2,0,150,71,54,65476,0,300,0,1,8,20529,65476,0,0,40632,65.0,0.0,0.0,0.0,0.0,0.0
2026-09-04T20:49:41,ERR,ERR,ERR,ERR,ERR,ERR,ERR,ERR,ERR,ERR,ERR,ERR,ERR,ERR,ERR,ERR,ERR,ERR,ERR,ERR,ERR,ERR,ERR,ERR,ERR,ERR,ERR,ERR,ERR,ERR,ERR,ERR,ERR,ERR,ERR,ERR,ERR,ERR,ERR,ERR,ERR,ERR,ERR,ERR,ERR,ERR,ERR,ERR,ERR,ERR,ERR,ERR,ERR,ERR,ERR,ERR,ERR,ERR,ERR,ERR,ERR,ERR,ERR,ERR,ERR,ERR,ERR,ERR,ERR,ERR,ERR,ERR,ERR,ERR,ERR,ERR,ERR,ERR,ERR,ERR,ERR,ERR,ERR,ERR,ERR,ERR,ERR,ERR,ERR,ERR,ERR,ERR,ERR,ERR,ERR,ERR,ERR,ERR,ERR,ERR,ERR,ERR,ERR,ERR,ERR,ERR,ERR,ERR,ERR,ERR,ERR,ERR,ERR,ERR,ERR,ERR,ERR,ERR,ERR,ERR,ERR,ERR,ERR,ERR,ERR,0.0,0.0,0.0,0.0,0.0,1.3936040501711995e+18,7.805,0.0,0,0,4,0,7116,0.0,100,0.0,0.0,0.0,0.0,0.0,0,0,0,0,0.0,0,0,0,0,0,0,0,0,0,0,0,0,0,0,0,0,0,0,0,0,0,0,0,0,0,0,0,0,0,0,0,0,0,31,40,40,71,65476,0,300,0,0,8,21553,0.0,-107605600.0,0.0,0.0,0.0,0.0,0.0,0.0,0.0,0.0,0.0,0.0,0.0,0.0,0.0,0.0,0.0,0.0,0.0,0.0,0.0,0.0,-2.004,2.004,2.004,-0.0,0.0,0.0,0.0,0.0,6301.0,3.697203725810742e+19,6924.0,0.0,0.0,0.0,0.0,0.0,0.0,0.0,0.0,69,-0.0,2.7184265981323747e+23,0.0,0.0,0.0,0.0,0.0,0.0,0.0,0,0,0,0.0,0.0,0.0,0.0,0.0,0.0,0.0,0.0,0.0,0.0,0.0,0.0,0.0,0.0,0.0,0.0,0,-107875648.0,69,0.0,138,0.0,-0.0,0,13107,17040,13107,17049,13107,17043,0,0,0,70,68,100,2.7302359370752657e+23,71.1,0.0,74.2,2.7302370179391762e+23,74.0,1,49,50,180,0,52429,0,0,0.0,0.0,0.0,0.0,-0.0,67.0,0.0,162057.094,0.0,750,0,739,0,0,0,721,0,766,0,735,0,742,0,741,0,712,0,7520,0.032,79456894976.0,0.0,0.0,784,16797,-0.0,162057.094,-114818.039,-0.0,0.133,6.909358625270745e+28,30.0,65.0,35,0.0,0.0,0.0,0.0,0.0,0.0,0.0,0.0,0.0,0.0,0.0,0.0,0.0,0.0,0.0,0.0,69.2,0,150,71,54,65476,0,300,0,1,8,20529,65476,0,0,40632,65.0,0.0,0.0,0.0,0.0,0.0
2026-09-04T20:49:42,ERR,ERR,ERR,ERR,ERR,ERR,ERR,ERR,ERR,ERR,ERR,ERR,ERR,ERR,ERR,ERR,ERR,ERR,ERR,ERR,ERR,ERR,ERR,ERR,ERR,ERR,ERR,ERR,ERR,ERR,ERR,ERR,ERR,ERR,ERR,ERR,ERR,ERR,ERR,ERR,ERR,ERR,ERR,ERR,ERR,ERR,ERR,ERR,ERR,ERR,ERR,ERR,ERR,ERR,ERR,ERR,ERR,ERR,ERR,ERR,ERR,ERR,ERR,ERR,ERR,ERR,ERR,ERR,ERR,ERR,ERR,ERR,ERR,ERR,ERR,ERR,ERR,ERR,ERR,ERR,ERR,ERR,ERR,ERR,ERR,ERR,ERR,ERR,ERR,ERR,ERR,ERR,ERR,ERR,ERR,ERR,ERR,ERR,ERR,ERR,ERR,ERR,ERR,ERR,ERR,ERR,ERR,ERR,ERR,ERR,ERR,ERR,ERR,ERR,ERR,ERR,ERR,ERR,ERR,ERR,ERR,ERR,ERR,ERR,ERR,0.0,0.0,0.0,0.0,0.0,1.3936040501711995e+18,7.805,0.0,0,0,4,0,7116,0.0,100,0.0,0.0,0.0,0.0,0.0,0,0,0,0,0.0,0,0,0,0,0,0,0,0,0,0,0,0,0,0,0,0,0,0,0,0,0,0,0,0,0,0,0,0,0,0,0,0,0,31,40,40,71,65476,0,300,0,0,8,21553,0.0,-107605600.0,0.0,0.0,0.0,0.0,0.0,0.0,0.0,0.0,0.0,0.0,0.0,0.0,0.0,0.0,0.0,0.0,0.0,0.0,0.0,0.0,-2.004,2.004,2.004,-0.0,0.0,0.0,0.0,0.0,6301.0,3.697203725810742e+19,6924.0,0.0,0.0,0.0,0.0,0.0,0.0,0.0,0.0,69,-0.0,2.7184265981323747e+23,0.0,0.0,0.0,0.0,0.0,0.0,0.0,0,0,0,0.0,0.0,0.0,0.0,0.0,0.0,0.0,0.0,0.0,0.0,0.0,0.0,0.0,0.0,0.0,0.0,0,-107875648.0,69,0.0,138,0.0,-0.0,0,13107,17040,13107,17049,13107,17043,0,0,0,70,68,100,2.7302359370752657e+23,71.1,0.0,74.2,2.7302370179391762e+23,74.0,1,49,50,180,0,52429,0,0,0.0,0.0,0.0,0.0,-0.0,67.0,0.0,162057.094,0.0,750,0,739,0,0,0,721,0,766,0,735,0,742,0,741,0,712,0,7520,0.032,79456894976.0,0.0,0.0,784,16797,-0.0,162057.094,-114818.039,-0.0,0.133,6.909358625270745e+28,30.0,65.0,35,0.0,0.0,0.0,0.0,0.0,0.0,0.0,0.0,0.0,0.0,0.0,0.0,0.0,0.0,0.0,0.0,69.2,0,150,71,54,65476,0,300,0,1,8,20529,65476,0,0,40632,65.0,0.0,0.0,0.0,0.0,0.0
2026-09-04T20:49:43,ERR,ERR,ERR,ERR,ERR,ERR,ERR,ERR,ERR,ERR,ERR,ERR,ERR,ERR,ERR,ERR,ERR,ERR,ERR,ERR,ERR,ERR,ERR,ERR,ERR,ERR,ERR,ERR,ERR,ERR,ERR,ERR,ERR,ERR,ERR,ERR,ERR,ERR,ERR,ERR,ERR,ERR,ERR,ERR,ERR,ERR,ERR,ERR,ERR,ERR,ERR,ERR,ERR,ERR,ERR,ERR,ERR,ERR,ERR,ERR,ERR,ERR,ERR,ERR,ERR,ERR,ERR,ERR,ERR,ERR,ERR,ERR,ERR,ERR,ERR,ERR,ERR,ERR,ERR,ERR,ERR,ERR,ERR,ERR,ERR,ERR,ERR,ERR,ERR,ERR,ERR,ERR,ERR,ERR,ERR,ERR,ERR,ERR,ERR,ERR,ERR,ERR,ERR,ERR,ERR,ERR,ERR,ERR,ERR,ERR,ERR,ERR,ERR,ERR,ERR,ERR,ERR,ERR,ERR,ERR,ERR,ERR,ERR,ERR,ERR,0.0,0.0,0.0,0.0,0.0,1.3936040501711995e+18,7.805,0.0,0,0,4,0,7116,0.0,100,0.0,0.0,0.0,0.0,0.0,0,0,0,0,0.0,0,0,0,0,0,0,0,0,0,0,0,0,0,0,0,0,0,0,0,0,0,0,0,0,0,0,0,0,0,0,0,0,0,31,40,40,71,65476,0,300,0,0,8,21553,0.0,-107605600.0,0.0,0.0,0.0,0.0,0.0,0.0,0.0,0.0,0.0,0.0,0.0,0.0,0.0,0.0,0.0,0.0,0.0,0.0,0.0,0.0,-2.004,2.004,2.004,-0.0,0.0,0.0,0.0,0.0,6301.0,3.697203725810742e+19,6924.0,0.0,0.0,0.0,0.0,0.0,0.0,0.0,0.0,69,-0.0,2.7184265981323747e+23,0.0,0.0,0.0,0.0,0.0,0.0,0.0,0,0,0,0.0,0.0,0.0,0.0,0.0,0.0,0.0,0.0,0.0,0.0,0.0,0.0,0.0,0.0,0.0,0.0,0,-107875648.0,69,0.0,138,0.0,-0.0,0,13107,17040,13107,17049,13107,17043,0,0,0,70,68,100,2.7302359370752657e+23,71.1,0.0,74.2,2.7302370179391762e+23,74.0,1,49,50,180,0,52429,0,0,0.0,0.0,0.0,0.0,-0.0,67.0,0.0,162057.094,0.0,750,0,739,0,0,0,721,0,766,0,735,0,742,0,741,0,712,0,7520,0.032,79456894976.0,0.0,0.0,784,16797,-0.0,162057.094,-114818.039,-0.0,0.133,6.909358625270745e+28,30.0,65.0,35,0.0,0.0,0.0,0.0,0.0,0.0,0.0,0.0,0.0,0.0,0.0,0.0,0.0,0.0,0.0,0.0,69.2,0,150,71,54,65476,0,300,0,1,8,20529,65476,0,0,40632,65.0,0.0,0.0,0.0,0.0,0.0
2026-09-04T20:49:44,ERR,ERR,ERR,ERR,ERR,ERR,ERR,ERR,ERR,ERR,ERR,ERR,ERR,ERR,ERR,ERR,ERR,ERR,ERR,ERR,ERR,ERR,ERR,ERR,ERR,ERR,ERR,ERR,ERR,ERR,ERR,ERR,ERR,ERR,ERR,ERR,ERR,ERR,ERR,ERR,ERR,ERR,ERR,ERR,ERR,ERR,ERR,ERR,ERR,ERR,ERR,ERR,ERR,ERR,ERR,ERR,ERR,ERR,ERR,ERR,ERR,ERR,ERR,ERR,ERR,ERR,ERR,ERR,ERR,ERR,ERR,ERR,ERR,ERR,ERR,ERR,ERR,ERR,ERR,ERR,ERR,ERR,ERR,ERR,ERR,ERR,ERR,ERR,ERR,ERR,ERR,ERR,ERR,ERR,ERR,ERR,ERR,ERR,ERR,ERR,ERR,ERR,ERR,ERR,ERR,ERR,ERR,ERR,ERR,ERR,ERR,ERR,ERR,ERR,ERR,ERR,ERR,ERR,ERR,ERR,ERR,ERR,ERR,ERR,ERR,0.0,0.0,0.0,0.0,0.0,1.3936040501711995e+18,7.805,0.0,0,0,4,0,7116,0.0,100,0.0,0.0,0.0,0.0,0.0,0,0,0,0,0.0,0,0,0,0,0,0,0,0,0,0,0,0,0,0,0,0,0,0,0,0,0,0,0,0,0,0,0,0,0,0,0,0,0,31,40,40,71,65476,0,300,0,0,8,21553,0.0,-107605600.0,0.0,0.0,0.0,0.0,0.0,0.0,0.0,0.0,0.0,0.0,0.0,0.0,0.0,0.0,0.0,0.0,0.0,0.0,0.0,0.0,-2.004,2.004,2.004,-0.0,0.0,0.0,0.0,0.0,6301.0,3.697203725810742e+19,6924.0,0.0,0.0,0.0,0.0,0.0,0.0,0.0,0.0,69,-0.0,2.7184265981323747e+23,0.0,0.0,0.0,0.0,0.0,0.0,0.0,0,0,0,0.0,0.0,0.0,0.0,0.0,0.0,0.0,0.0,0.0,0.0,0.0,0.0,0.0,0.0,0.0,0.0,0,-107875648.0,69,0.0,138,0.0,-0.0,0,13107,17040,13107,17049,13107,17043,0,0,0,70,68,100,2.7302359370752657e+23,71.1,0.0,74.2,2.7302370179391762e+23,74.0,1,49,50,180,0,52429,0,0,0.0,0.0,0.0,0.0,-0.0,67.0,0.0,162057.094,0.0,750,0,739,0,0,0,721,0,766,0,735,0,742,0,741,0,712,0,7520,0.032,79456894976.0,0.0,0.0,784,16797,-0.0,162057.094,-114818.039,-0.0,0.133,6.909358625270745e+28,30.0,65.0,35,0.0,0.0,0.0,0.0,0.0,0.0,0.0,0.0,0.0,0.0,0.0,0.0,0.0,0.0,0.0,0.0,69.2,0,150,71,54,65476,0,300,0,1,8,20529,65476,0,0,40632,65.0,0.0,0.0,0.0,0.0,0.0
2026-09-04T20:49:45,ERR,ERR,ERR,ERR,ERR,ERR,ERR,ERR,ERR,ERR,ERR,ERR,ERR,ERR,ERR,ERR,ERR,ERR,ERR,ERR,ERR,ERR,ERR,ERR,ERR,ERR,ERR,ERR,ERR,ERR,ERR,ERR,ERR,ERR,ERR,ERR,ERR,ERR,ERR,ERR,ERR,ERR,ERR,ERR,ERR,ERR,ERR,ERR,ERR,ERR,ERR,ERR,ERR,ERR,ERR,ERR,ERR,ERR,ERR,ERR,ERR,ERR,ERR,ERR,ERR,ERR,ERR,ERR,ERR,ERR,ERR,ERR,ERR,ERR,ERR,ERR,ERR,ERR,ERR,ERR,ERR,ERR,ERR,ERR,ERR,ERR,ERR,ERR,ERR,ERR,ERR,ERR,ERR,ERR,ERR,ERR,ERR,ERR,ERR,ERR,ERR,ERR,ERR,ERR,ERR,ERR,ERR,ERR,ERR,ERR,ERR,ERR,ERR,ERR,ERR,ERR,ERR,ERR,ERR,ERR,ERR,ERR,ERR,ERR,ERR,0.0,0.0,0.0,0.0,0.0,1.3936040501711995e+18,7.805,0.0,0,0,4,0,7116,0.0,100,0.0,0.0,0.0,0.0,0.0,0,0,0,0,0.0,0,0,0,0,0,0,0,0,0,0,0,0,0,0,0,0,0,0,0,0,0,0,0,0,0,0,0,0,0,0,0,0,0,31,40,40,71,65476,0,300,0,0,8,21553,0.0,-107605600.0,0.0,0.0,0.0,0.0,0.0,0.0,0.0,0.0,0.0,0.0,0.0,0.0,0.0,0.0,0.0,0.0,0.0,0.0,0.0,0.0,-2.004,2.004,-0.0,-0.0,0.0,0.0,0.0,0.0,6300.0,1.587936908900649e+29,6926.0,0.0,0.0,0.0,0.0,0.0,0.0,0.0,0.0,69,-0.0,4.066872925269804e+29,0.0,0.0,0.0,0.0,0.0,0.0,0.0,0,0,0,0.0,0.0,0.0,0.0,0.0,0.0,0.0,0.0,0.0,0.0,0.0,0.0,0.0,0.0,0.0,0.0,0,-107875648.0,69,0.0,138,0.0,-0.0,0,13107,17040,13107,17049,13107,17043,0,0,0,70,68,100,2.7302359370752657e+23,71.1,0.0,74.2,2.7302370179391762e+23,74.0,1,49,50,180,0,52429,0,0,0.0,0.0,0.0,0.0,-0.0,67.0,0.0,162057.094,0.0,750,0,739,0,0,0,721,0,766,0,735,0,742,0,741,0,712,0,7520,0.032,79456894976.0,0.0,0.0,784,16797,-0.0,162057.094,-114818.039,-0.0,0.133,6.909358625270745e+28,30.0,65.0,35,0.0,0.0,0.0,0.0,0.0,0.0,0.0,0.0,0.0,0.0,0.0,0.0,0.0,0.0,0.0,0.0,69.2,0,150,71,54,65476,0,300,0,1,8,20529,65476,0,0,40632,65.0,0.0,0.0,0.0,0.0,0.0
2026-09-04T20:49:46,ERR,ERR,ERR,ERR,ERR,ERR,ERR,ERR,ERR,ERR,ERR,ERR,ERR,ERR,ERR,ERR,ERR,ERR,ERR,ERR,ERR,ERR,ERR,ERR,ERR,ERR,ERR,ERR,ERR,ERR,ERR,ERR,ERR,ERR,ERR,ERR,ERR,ERR,ERR,ERR,ERR,ERR,ERR,ERR,ERR,ERR,ERR,ERR,ERR,ERR,ERR,ERR,ERR,ERR,ERR,ERR,ERR,ERR,ERR,ERR,ERR,ERR,ERR,ERR,ERR,ERR,ERR,ERR,ERR,ERR,ERR,ERR,ERR,ERR,ERR,ERR,ERR,ERR,ERR,ERR,ERR,ERR,ERR,ERR,ERR,ERR,ERR,ERR,ERR,ERR,ERR,ERR,ERR,ERR,ERR,ERR,ERR,ERR,ERR,ERR,ERR,ERR,ERR,ERR,ERR,ERR,ERR,ERR,ERR,ERR,ERR,ERR,ERR,ERR,ERR,ERR,ERR,ERR,ERR,ERR,ERR,ERR,ERR,ERR,ERR,0.0,0.0,0.0,0.0,0.0,1.3936040501711995e+18,7.805,0.0,0,0,4,0,7116,0.0,100,0.0,0.0,0.0,0.0,0.0,0,0,0,0,0.0,0,0,0,0,0,0,0,0,0,0,0,0,0,0,0,0,0,0,0,0,0,0,0,0,0,0,0,0,0,0,0,0,0,31,40,40,71,65476,0,300,0,0,8,21553,0.0,-107605600.0,0.0,0.0,0.0,0.0,0.0,0.0,0.0,0.0,0.0,0.0,0.0,0.0,0.0,0.0,0.0,0.0,0.0,0.0,0.0,0.0,-2.004,2.004,-0.0,-0.0,0.0,0.0,0.0,0.0,6300.0,1.587936908900649e+29,6926.0,0.0,0.0,0.0,0.0,0.0,0.0,0.0,0.0,69,-0.0,4.066872925269804e+29,0.0,0.0,0.0,0.0,0.0,0.0,0.0,0,0,0,0.0,0.0,0.0,0.0,0.0,0.0,0.0,0.0,0.0,0.0,0.0,0.0,0.0,0.0,0.0,0.0,0,-107875648.0,69,0.0,138,0.0,-0.0,0,13107,17040,13107,17049,0,17043,0,0,0,70,68,100,2.7302359370752657e+23,71.1,0.0,74.2,2.7302370179391762e+23,74.0,1,49,50,180,0,52429,0,0,0.0,0.0,0.0,0.0,-0.0,67.0,0.0,162057.094,0.0,750,0,739,0,0,0,721,0,766,0,735,0,742,0,741,0,712,0,7520,0.032,79456894976.0,0.0,0.0,784,16797,-0.0,162057.094,-114818.039,-0.0,0.133,6.909358625270745e+28,30.0,65.0,35,0.0,0.0,0.0,0.0,0.0,0.0,0.0,0.0,0.0,0.0,0.0,0.0,0.0,0.0,0.0,0.0,69.2,0,150,71,54,65476,0,300,0,1,8,20529,65476,0,0,40632,65.0,0.0,0.0,0.0,0.0,0.0
2026-09-04T20:49:47,ERR,ERR,ERR,ERR,ERR,ERR,ERR,ERR,ERR,ERR,ERR,ERR,ERR,ERR,ERR,ERR,ERR,ERR,ERR,ERR,ERR,ERR,ERR,ERR,ERR,ERR,ERR,ERR,ERR,ERR,ERR,ERR,ERR,ERR,ERR,ERR,ERR,ERR,ERR,ERR,ERR,ERR,ERR,ERR,ERR,ERR,ERR,ERR,ERR,ERR,ERR,ERR,ERR,ERR,ERR,ERR,ERR,ERR,ERR,ERR,ERR,ERR,ERR,ERR,ERR,ERR,ERR,ERR,ERR,ERR,ERR,ERR,ERR,ERR,ERR,ERR,ERR,ERR,ERR,ERR,ERR,ERR,ERR,ERR,ERR,ERR,ERR,ERR,ERR,ERR,ERR,ERR,ERR,ERR,ERR,ERR,ERR,ERR,ERR,ERR,ERR,ERR,ERR,ERR,ERR,ERR,ERR,ERR,ERR,ERR,ERR,ERR,ERR,ERR,ERR,ERR,ERR,ERR,ERR,ERR,ERR,ERR,ERR,ERR,ERR,0.0,0.0,0.0,0.0,0.0,1.3936040501711995e+18,7.805,0.0,0,0,4,0,7116,0.0,100,0.0,0.0,0.0,0.0,0.0,0,0,0,0,0.0,0,0,0,0,0,0,0,0,0,0,0,0,0,0,0,0,0,0,0,0,0,0,0,0,0,0,0,0,0,0,0,0,0,31,40,40,71,65476,0,300,0,0,8,21553,0.0,-107605600.0,0.0,0.0,0.0,0.0,0.0,0.0,0.0,0.0,0.0,0.0,0.0,0.0,0.0,0.0,0.0,0.0,0.0,0.0,0.0,0.0,-2.004,2.004,-0.0,-0.0,0.0,0.0,0.0,0.0,6300.0,1.587936908900649e+29,6926.0,0.0,0.0,0.0,0.0,0.0,0.0,0.0,0.0,69,-0.0,4.066872925269804e+29,0.0,0.0,0.0,0.0,0.0,0.0,0.0,0,0,0,0.0,0.0,0.0,0.0,0.0,0.0,0.0,0.0,0.0,0.0,0.0,0.0,0.0,0.0,0.0,0.0,0,-107875648.0,69,0.0,138,0.0,-0.0,0,13107,17040,13107,17049,0,17043,0,0,0,70,68,100,2.7302359370752657e+23,71.1,0.0,74.2,2.7302370179391762e+23,74.0,1,49,50,180,0,52429,0,0,0.0,0.0,0.0,0.0,-0.0,67.0,0.0,162057.094,0.0,750,0,739,0,0,0,721,0,766,0,735,0,742,0,741,0,712,0,7520,0.032,79456894976.0,0.0,0.0,784,16797,-0.0,162057.094,-114818.039,-0.0,0.133,6.909358625270745e+28,30.0,65.0,35,0.0,0.0,0.0,0.0,0.0,0.0,0.0,0.0,0.0,0.0,0.0,0.0,0.0,0.0,0.0,0.0,69.2,0,150,71,54,65476,0,300,0,1,8,20529,65476,0,0,40632,65.0,0.0,0.0,0.0,0.0,0.0
2026-09-04T20:49:48,ERR,ERR,ERR,ERR,ERR,ERR,ERR,ERR,ERR,ERR,ERR,ERR,ERR,ERR,ERR,ERR,ERR,ERR,ERR,ERR,ERR,ERR,ERR,ERR,ERR,ERR,ERR,ERR,ERR,ERR,ERR,ERR,ERR,ERR,ERR,ERR,ERR,ERR,ERR,ERR,ERR,ERR,ERR,ERR,ERR,ERR,ERR,ERR,ERR,ERR,ERR,ERR,ERR,ERR,ERR,ERR,ERR,ERR,ERR,ERR,ERR,ERR,ERR,ERR,ERR,ERR,ERR,ERR,ERR,ERR,ERR,ERR,ERR,ERR,ERR,ERR,ERR,ERR,ERR,ERR,ERR,ERR,ERR,ERR,ERR,ERR,ERR,ERR,ERR,ERR,ERR,ERR,ERR,ERR,ERR,ERR,ERR,ERR,ERR,ERR,ERR,ERR,ERR,ERR,ERR,ERR,ERR,ERR,ERR,ERR,ERR,ERR,ERR,ERR,ERR,ERR,ERR,ERR,ERR,ERR,ERR,ERR,ERR,ERR,ERR,0.0,0.0,0.0,0.0,0.0,1.3936040501711995e+18,7.805,0.0,0,0,4,0,7116,0.0,100,0.0,0.0,0.0,0.0,0.0,0,0,0,0,0.0,0,0,0,0,0,0,0,0,0,0,0,0,0,0,0,0,0,0,0,0,0,0,0,0,0,0,0,0,0,0,0,0,0,31,40,40,71,65476,0,300,0,0,8,21553,0.0,-107605600.0,0.0,0.0,0.0,0.0,0.0,0.0,0.0,0.0,0.0,0.0,0.0,0.0,0.0,0.0,0.0,0.0,0.0,0.0,0.0,0.0,-2.004,2.004,-0.0,-0.0,0.0,0.0,0.0,0.0,6300.0,1.587936908900649e+29,6926.0,0.0,0.0,0.0,0.0,0.0,0.0,0.0,0.0,69,-0.0,4.066872925269804e+29,0.0,0.0,0.0,0.0,0.0,0.0,0.0,0,0,0,0.0,0.0,0.0,0.0,0.0,0.0,0.0,0.0,0.0,0.0,0.0,0.0,0.0,0.0,0.0,0.0,0,-107875648.0,69,0.0,138,0.0,-0.0,0,13107,17040,13107,17049,0,17043,0,0,0,70,68,100,2.7302359370752657e+23,71.1,0.0,74.2,2.7302370179391762e+23,74.0,1,49,50,180,0,52429,0,0,0.0,0.0,0.0,0.0,-0.0,67.0,0.0,162057.094,0.0,750,0,739,0,0,0,721,0,766,0,735,0,742,0,741,0,712,0,7520,0.032,79456894976.0,0.0,0.0,784,16797,-0.0,162057.094,-114818.039,-0.0,0.133,6.909358625270745e+28,30.0,65.0,35,0.0,0.0,0.0,0.0,0.0,0.0,0.0,0.0,0.0,0.0,0.0,0.0,0.0,0.0,0.0,0.0,69.2,0,150,71,54,65476,0,300,0,1,8,20529,65476,0,0,40632,65.0,0.0,0.0,0.0,0.0,0.0
2026-09-04T20:49:49,ERR,ERR,ERR,ERR,ERR,ERR,ERR,ERR,ERR,ERR,ERR,ERR,ERR,ERR,ERR,ERR,ERR,ERR,ERR,ERR,ERR,ERR,ERR,ERR,ERR,ERR,ERR,ERR,ERR,ERR,ERR,ERR,ERR,ERR,ERR,ERR,ERR,ERR,ERR,ERR,ERR,ERR,ERR,ERR,ERR,ERR,ERR,ERR,ERR,ERR,ERR,ERR,ERR,ERR,ERR,ERR,ERR,ERR,ERR,ERR,ERR,ERR,ERR,ERR,ERR,ERR,ERR,ERR,ERR,ERR,ERR,ERR,ERR,ERR,ERR,ERR,ERR,ERR,ERR,ERR,ERR,ERR,ERR,ERR,ERR,ERR,ERR,ERR,ERR,ERR,ERR,ERR,ERR,ERR,ERR,ERR,ERR,ERR,ERR,ERR,ERR,ERR,ERR,ERR,ERR,ERR,ERR,ERR,ERR,ERR,ERR,ERR,ERR,ERR,ERR,ERR,ERR,ERR,ERR,ERR,ERR,ERR,ERR,ERR,ERR,0.0,0.0,0.0,0.0,0.0,1.3936040501711995e+18,7.805,0.0,0,0,4,0,7116,0.0,100,0.0,0.0,0.0,0.0,0.0,0,0,0,0,0.0,0,0,0,0,0,0,0,0,0,0,0,0,0,0,0,0,0,0,0,0,0,0,0,0,0,0,0,0,0,0,0,0,0,31,40,40,71,65476,0,300,0,0,8,21553,0.0,-107605600.0,0.0,0.0,0.0,0.0,0.0,0.0,0.0,0.0,0.0,0.0,0.0,0.0,0.0,0.0,0.0,0.0,0.0,0.0,0.0,0.0,-2.004,2.004,-0.0,-0.0,0.0,0.0,0.0,0.0,6300.0,1.587936908900649e+29,6926.0,0.0,0.0,0.0,0.0,0.0,0.0,0.0,0.0,69,-0.0,4.066872925269804e+29,0.0,0.0,0.0,0.0,0.0,0.0,0.0,0,0,0,0.0,0.0,0.0,0.0,0.0,0.0,0.0,0.0,0.0,0.0,0.0,0.0,0.0,0.0,0.0,0.0,0,-107875648.0,69,0.0,138,0.0,-0.0,0,13107,17040,13107,17049,0,17043,0,0,0,70,68,100,2.7302359370752657e+23,71.1,0.0,74.2,2.7302370179391762e+23,74.0,1,49,50,180,0,52429,0,0,0.0,0.0,0.0,0.0,-0.0,67.0,0.0,162057.094,0.0,750,0,739,0,0,0,721,0,766,0,735,0,742,0,741,0,712,0,7520,0.032,79456894976.0,0.0,0.0,784,16797,-0.0,162057.094,-114818.039,-0.0,0.133,6.909358625270745e+28,30.0,65.0,35,0.0,0.0,0.0,0.0,0.0,0.0,0.0,0.0,0.0,0.0,0.0,0.0,0.0,0.0,0.0,0.0,69.2,0,150,71,54,65476,0,300,0,1,8,20529,65476,0,0,40632,65.0,0.0,0.0,0.0,0.0,0.0
2026-09-04T20:49:50,ERR,ERR,ERR,ERR,ERR,ERR,ERR,ERR,ERR,ERR,ERR,ERR,ERR,ERR,ERR,ERR,ERR,ERR,ERR,ERR,ERR,ERR,ERR,ERR,ERR,ERR,ERR,ERR,ERR,ERR,ERR,ERR,ERR,ERR,ERR,ERR,ERR,ERR,ERR,ERR,ERR,ERR,ERR,ERR,ERR,ERR,ERR,ERR,ERR,ERR,ERR,ERR,ERR,ERR,ERR,ERR,ERR,ERR,ERR,ERR,ERR,ERR,ERR,ERR,ERR,ERR,ERR,ERR,ERR,ERR,ERR,ERR,ERR,ERR,ERR,ERR,ERR,ERR,ERR,ERR,ERR,ERR,ERR,ERR,ERR,ERR,ERR,ERR,ERR,ERR,ERR,ERR,ERR,ERR,ERR,ERR,ERR,ERR,ERR,ERR,ERR,ERR,ERR,ERR,ERR,ERR,ERR,ERR,ERR,ERR,ERR,ERR,ERR,ERR,ERR,ERR,ERR,ERR,ERR,ERR,ERR,ERR,ERR,ERR,ERR,0.0,0.0,0.0,0.0,0.0,1.3936040501711995e+18,7.805,0.0,0,0,4,0,7116,0.0,100,0.0,0.0,0.0,0.0,0.0,0,0,0,0,0.0,0,0,0,0,0,0,0,0,0,0,0,0,0,0,0,0,0,0,0,0,0,0,0,0,0,0,0,0,0,0,0,0,0,31,40,40,71,65476,0,300,0,0,8,21553,0.0,-107605600.0,0.0,0.0,0.0,0.0,0.0,0.0,0.0,0.0,0.0,0.0,0.0,0.0,0.0,0.0,0.0,0.0,0.0,0.0,0.0,0.0,-2.004,2.004,-0.0,-0.0,0.0,0.0,0.0,0.0,6300.0,1.587936908900649e+29,6926.0,0.0,0.0,0.0,0.0,0.0,0.0,0.0,0.0,69,-0.0,4.066872925269804e+29,0.0,0.0,0.0,0.0,0.0,0.0,0.0,0,0,0,0.0,0.0,0.0,0.0,0.0,0.0,0.0,0.0,0.0,0.0,0.0,0.0,0.0,0.0,0.0,0.0,0,-107875648.0,69,0.0,138,0.0,-0.0,0,13107,17040,13107,17049,0,17043,0,0,0,70,68,100,2.7302359370752657e+23,71.1,0.0,74.2,2.7302370179391762e+23,74.0,1,49,50,180,0,52429,0,0,0.0,0.0,0.0,0.0,-0.0,67.0,0.0,162057.094,0.0,750,0,739,0,0,0,721,0,766,0,735,0,742,0,741,0,712,0,7520,0.032,79456894976.0,0.0,0.0,784,16797,-0.0,162057.094,-114818.039,-0.0,0.133,6.909358625270745e+28,30.0,65.0,35,0.0,0.0,0.0,0.0,0.0,0.0,0.0,0.0,0.0,0.0,0.0,0.0,0.0,0.0,0.0,0.0,69.2,0,150,71,54,65476,0,300,0,1,8,20529,65476,0,0,40632,65.0,0.0,0.0,0.0,0.0,0.0
2026-09-04T20:49:51,ERR,ERR,ERR,ERR,ERR,ERR,ERR,ERR,ERR,ERR,ERR,ERR,ERR,ERR,ERR,ERR,ERR,ERR,ERR,ERR,ERR,ERR,ERR,ERR,ERR,ERR,ERR,ERR,ERR,ERR,ERR,ERR,ERR,ERR,ERR,ERR,ERR,ERR,ERR,ERR,ERR,ERR,ERR,ERR,ERR,ERR,ERR,ERR,ERR,ERR,ERR,ERR,ERR,ERR,ERR,ERR,ERR,ERR,ERR,ERR,ERR,ERR,ERR,ERR,ERR,ERR,ERR,ERR,ERR,ERR,ERR,ERR,ERR,ERR,ERR,ERR,ERR,ERR,ERR,ERR,ERR,ERR,ERR,ERR,ERR,ERR,ERR,ERR,ERR,ERR,ERR,ERR,ERR,ERR,ERR,ERR,ERR,ERR,ERR,ERR,ERR,ERR,ERR,ERR,ERR,ERR,ERR,ERR,ERR,ERR,ERR,ERR,ERR,ERR,ERR,ERR,ERR,ERR,ERR,ERR,ERR,ERR,ERR,ERR,ERR,0.0,0.0,0.0,0.0,0.0,1.3936040501711995e+18,7.805,0.0,0,0,4,0,7116,0.0,100,0.0,0.0,0.0,0.0,0.0,0,0,0,0,0.0,0,0,0,0,0,0,0,0,0,0,0,0,0,0,0,0,0,0,0,0,0,0,0,0,0,0,0,0,0,0,0,0,0,31,40,40,71,65476,0,300,0,0,8,21553,0.0,-107605600.0,0.0,0.0,0.0,0.0,0.0,0.0,0.0,0.0,0.0,0.0,0.0,0.0,0.0,0.0,0.0,0.0,0.0,0.0,0.0,0.0,-2.004,2.004,-0.0,-0.0,0.0,0.0,0.0,0.0,6300.0,1.587936908900649e+29,6926.0,0.0,0.0,0.0,0.0,0.0,0.0,0.0,0.0,69,-0.0,4.066872925269804e+29,0.0,0.0,0.0,0.0,0.0,0.0,0.0,0,0,0,0.0,0.0,0.0,0.0,0.0,0.0,0.0,0.0,0.0,0.0,0.0,0.0,0.0,0.0,0.0,0.0,0,-107875648.0,69,0.0,138,0.0,-0.0,0,13107,17040,13107,17049,0,17043,0,0,0,70,68,100,2.7302359370752657e+23,71.1,0.0,74.2,2.7302370179391762e+23,74.0,1,49,50,180,0,52429,0,0,0.0,0.0,0.0,0.0,-0.0,67.0,0.0,162057.094,0.0,750,0,739,0,0,0,721,0,766,0,735,0,742,0,741,0,712,0,7520,0.032,79456894976.0,0.0,0.0,784,16797,-0.0,162057.094,-114818.039,-0.0,0.133,6.909358625270745e+28,30.0,65.0,35,0.0,0.0,0.0,0.0,0.0,0.0,0.0,0.0,0.0,0.0,0.0,0.0,0.0,0.0,0.0,0.0,69.2,0,150,71,54,65476,0,300,0,1,8,20529,65476,0,0,40632,65.0,0.0,0.0,0.0,0.0,0.0
2026-09-04T20:49:52,ERR,ERR,ERR,ERR,ERR,ERR,ERR,ERR,ERR,ERR,ERR,ERR,ERR,ERR,ERR,ERR,ERR,ERR,ERR,ERR,ERR,ERR,ERR,ERR,ERR,ERR,ERR,ERR,ERR,ERR,ERR,ERR,ERR,ERR,ERR,ERR,ERR,ERR,ERR,ERR,ERR,ERR,ERR,ERR,ERR,ERR,ERR,ERR,ERR,ERR,ERR,ERR,ERR,ERR,ERR,ERR,ERR,ERR,ERR,ERR,ERR,ERR,ERR,ERR,ERR,ERR,ERR,ERR,ERR,ERR,ERR,ERR,ERR,ERR,ERR,ERR,ERR,ERR,ERR,ERR,ERR,ERR,ERR,ERR,ERR,ERR,ERR,ERR,ERR,ERR,ERR,ERR,ERR,ERR,ERR,ERR,ERR,ERR,ERR,ERR,ERR,ERR,ERR,ERR,ERR,ERR,ERR,ERR,ERR,ERR,ERR,ERR,ERR,ERR,ERR,ERR,ERR,ERR,ERR,ERR,ERR,ERR,ERR,ERR,ERR,0.0,0.0,0.0,0.0,0.0,1.3936040501711995e+18,7.805,0.0,0,0,4,0,7116,0.0,100,0.0,0.0,0.0,0.0,0.0,0,0,0,0,0.0,0,0,0,0,0,0,0,0,0,0,0,0,0,0,0,0,0,0,0,0,0,0,0,0,0,0,0,0,0,0,0,0,0,31,40,40,71,65476,0,300,0,0,8,21553,0.0,-107605600.0,0.0,0.0,0.0,0.0,0.0,0.0,0.0,0.0,0.0,0.0,0.0,0.0,0.0,0.0,0.0,0.0,0.0,0.0,0.0,0.0,-2.004,2.004,2.004,-0.0,0.0,0.0,0.0,0.0,6334.0,0.0,6913.0,0.0,0.0,0.0,0.0,0.0,0.0,0.0,0.0,69,-0.0,89220.969,0.0,0.0,0.0,0.0,0.0,0.0,0.0,0,0,0,0.0,0.0,0.0,0.0,0.0,0.0,0.0,0.0,0.0,0.0,0.0,0.0,0.0,0.0,0.0,0.0,0,-107875648.0,69,0.0,138,0.0,-0.0,0,13107,17040,13107,17049,0,17043,0,0,0,70,68,100,2.7302359370752657e+23,71.1,0.0,74.2,2.7302370179391762e+23,74.0,1,49,50,180,0,52429,0,0,0.0,0.0,0.0,0.0,-0.0,67.0,0.0,162057.094,0.0,750,0,739,0,0,0,721,0,766,0,736,0,742,0,741,0,712,0,7520,0.032,78920024064.0,0.0,0.0,784,16797,-0.0,162057.094,-114818.039,-0.0,0.133,6.909358625270745e+28,30.0,65.0,35,0.0,0.0,0.0,0.0,0.0,0.0,0.0,0.0,0.0,0.0,0.0,0.0,0.0,0.0,0.0,0.0,69.2,0,150,71,54,65476,0,300,0,1,8,20529,65476,0,0,40632,65.0,0.0,0.0,0.0,0.0,0.0
2026-09-04T20:49:53,ERR,ERR,ERR,ERR,ERR,ERR,ERR,ERR,ERR,ERR,ERR,ERR,ERR,ERR,ERR,ERR,ERR,ERR,ERR,ERR,ERR,ERR,ERR,ERR,ERR,ERR,ERR,ERR,ERR,ERR,ERR,ERR,ERR,ERR,ERR,ERR,ERR,ERR,ERR,ERR,ERR,ERR,ERR,ERR,ERR,ERR,ERR,ERR,ERR,ERR,ERR,ERR,ERR,ERR,ERR,ERR,ERR,ERR,ERR,ERR,ERR,ERR,ERR,ERR,ERR,ERR,ERR,ERR,ERR,ERR,ERR,ERR,ERR,ERR,ERR,ERR,ERR,ERR,ERR,ERR,ERR,ERR,ERR,ERR,ERR,ERR,ERR,ERR,ERR,ERR,ERR,ERR,ERR,ERR,ERR,ERR,ERR,ERR,ERR,ERR,ERR,ERR,ERR,ERR,ERR,ERR,ERR,ERR,ERR,ERR,ERR,ERR,ERR,ERR,ERR,ERR,ERR,ERR,ERR,ERR,ERR,ERR,ERR,ERR,ERR,0.0,0.0,0.0,0.0,0.0,1.3936040501711995e+18,7.805,0.0,0,0,4,0,7116,0.0,100,0.0,0.0,0.0,0.0,0.0,0,0,0,0,0.0,0,0,0,0,0,0,0,0,0,0,0,0,0,0,0,0,0,0,0,0,0,0,0,0,0,0,0,0,0,0,0,0,0,31,40,40,71,65476,0,300,0,0,8,21553,0.0,-107605600.0,0.0,0.0,0.0,0.0,0.0,0.0,0.0,0.0,0.0,0.0,0.0,0.0,0.0,0.0,0.0,0.0,0.0,0.0,0.0,0.0,-2.004,2.004,2.004,-0.0,0.0,0.0,0.0,0.0,6334.0,0.0,6913.0,0.0,0.0,0.0,0.0,0.0,0.0,0.0,0.0,69,-0.0,89220.969,0.0,0.0,0.0,0.0,0.0,0.0,0.0,0,0,0,0.0,0.0,0.0,0.0,0.0,0.0,0.0,0.0,0.0,0.0,0.0,0.0,0.0,0.0,0.0,0.0,0,-107875648.0,69,0.0,138,0.0,-0.0,0,13107,17040,13107,17049,0,17043,0,0,0,70,68,100,2.7302359370752657e+23,71.1,0.0,74.2,2.7302370179391762e+23,74.0,1,49,50,180,0,52429,0,0,0.0,0.0,0.0,0.0,-0.0,67.0,0.0,162057.094,0.0,750,0,739,0,0,0,721,0,766,0,736,0,742,0,741,0,712,0,7520,0.032,78920024064.0,0.0,0.0,784,16797,-0.0,162057.094,-114818.039,-0.0,0.133,6.909358625270745e+28,30.0,65.0,35,0.0,0.0,0.0,0.0,0.0,0.0,0.0,0.0,0.0,0.0,0.0,0.0,0.0,0.0,0.0,0.0,69.2,0,150,71,54,65476,0,300,0,1,8,20529,65476,0,0,40632,65.0,0.0,0.0,0.0,0.0,0.0
2026-09-04T20:49:54,ERR,ERR,ERR,ERR,ERR,ERR,ERR,ERR,ERR,ERR,ERR,ERR,ERR,ERR,ERR,ERR,ERR,ERR,ERR,ERR,ERR,ERR,ERR,ERR,ERR,ERR,ERR,ERR,ERR,ERR,ERR,ERR,ERR,ERR,ERR,ERR,ERR,ERR,ERR,ERR,ERR,ERR,ERR,ERR,ERR,ERR,ERR,ERR,ERR,ERR,ERR,ERR,ERR,ERR,ERR,ERR,ERR,ERR,ERR,ERR,ERR,ERR,ERR,ERR,ERR,ERR,ERR,ERR,ERR,ERR,ERR,ERR,ERR,ERR,ERR,ERR,ERR,ERR,ERR,ERR,ERR,ERR,ERR,ERR,ERR,ERR,ERR,ERR,ERR,ERR,ERR,ERR,ERR,ERR,ERR,ERR,ERR,ERR,ERR,ERR,ERR,ERR,ERR,ERR,ERR,ERR,ERR,ERR,ERR,ERR,ERR,ERR,ERR,ERR,ERR,ERR,ERR,ERR,ERR,ERR,ERR,ERR,ERR,ERR,ERR,0.0,0.0,0.0,0.0,0.0,1.3936040501711995e+18,7.805,0.0,0,0,4,0,7116,0.0,100,0.0,0.0,0.0,0.0,0.0,0,0,0,0,0.0,0,0,0,0,0,0,0,0,0,0,0,0,0,0,0,0,0,0,0,0,0,0,0,0,0,0,0,0,0,0,0,0,0,31,40,40,71,65476,0,300,0,0,8,21553,0.0,-107605600.0,0.0,0.0,0.0,0.0,0.0,0.0,0.0,0.0,0.0,0.0,0.0,0.0,0.0,0.0,0.0,0.0,0.0,0.0,0.0,0.0,-2.004,2.004,2.004,-0.0,0.0,0.0,0.0,0.0,6334.0,0.0,6913.0,0.0,0.0,0.0,0.0,0.0,0.0,0.0,0.0,69,-0.0,89220.969,0.0,0.0,0.0,0.0,0.0,0.0,0.0,0,0,0,0.0,0.0,0.0,0.0,0.0,0.0,0.0,0.0,0.0,0.0,0.0,0.0,0.0,0.0,0.0,0.0,0,-107875648.0,69,0.0,138,0.0,-0.0,0,13107,17040,13107,17049,0,17043,0,0,0,70,68,100,2.7302359370752657e+23,71.1,0.0,74.2,2.7302370179391762e+23,74.0,1,49,50,180,0,52429,0,0,0.0,0.0,0.0,0.0,-0.0,67.0,0.0,162057.094,0.0,750,0,739,0,0,0,721,0,766,0,736,0,742,0,741,0,712,0,7520,0.032,78920024064.0,0.0,0.0,784,16797,-0.0,162057.094,-114818.039,-0.0,0.133,6.909358625270745e+28,30.0,65.0,35,0.0,0.0,0.0,0.0,0.0,0.0,0.0,0.0,0.0,0.0,0.0,0.0,0.0,0.0,0.0,0.0,69.2,0,150,71,54,65476,0,300,0,1,8,20529,65476,0,0,40632,65.0,0.0,0.0,0.0,0.0,0.0
2026-09-04T20:49:55,ERR,ERR,ERR,ERR,ERR,ERR,ERR,ERR,ERR,ERR,ERR,ERR,ERR,ERR,ERR,ERR,ERR,ERR,ERR,ERR,ERR,ERR,ERR,ERR,ERR,ERR,ERR,ERR,ERR,ERR,ERR,ERR,ERR,ERR,ERR,ERR,ERR,ERR,ERR,ERR,ERR,ERR,ERR,ERR,ERR,ERR,ERR,ERR,ERR,ERR,ERR,ERR,ERR,ERR,ERR,ERR,ERR,ERR,ERR,ERR,ERR,ERR,ERR,ERR,ERR,ERR,ERR,ERR,ERR,ERR,ERR,ERR,ERR,ERR,ERR,ERR,ERR,ERR,ERR,ERR,ERR,ERR,ERR,ERR,ERR,ERR,ERR,ERR,ERR,ERR,ERR,ERR,ERR,ERR,ERR,ERR,ERR,ERR,ERR,ERR,ERR,ERR,ERR,ERR,ERR,ERR,ERR,ERR,ERR,ERR,ERR,ERR,ERR,ERR,ERR,ERR,ERR,ERR,ERR,ERR,ERR,ERR,ERR,ERR,ERR,0.0,0.0,0.0,0.0,0.0,1.3936040501711995e+18,7.805,0.0,0,0,4,0,7116,0.0,100,0.0,0.0,0.0,0.0,0.0,0,0,0,0,0.0,0,0,0,0,0,0,0,0,0,0,0,0,0,0,0,0,0,0,0,0,0,0,0,0,0,0,0,0,0,0,0,0,0,31,40,40,71,65476,0,300,0,0,8,21553,0.0,-107605600.0,0.0,0.0,0.0,0.0,0.0,0.0,0.0,0.0,0.0,0.0,0.0,0.0,0.0,0.0,0.0,0.0,0.0,0.0,0.0,0.0,-2.004,2.004,2.004,-0.0,0.0,0.0,0.0,0.0,6334.0,0.0,6913.0,0.0,0.0,0.0,0.0,0.0,0.0,0.0,0.0,69,-0.0,89220.969,0.0,0.0,0.0,0.0,0.0,0.0,0.0,0,0,0,0.0,0.0,0.0,0.0,0.0,0.0,0.0,0.0,0.0,0.0,0.0,0.0,0.0,0.0,0.0,0.0,0,-107875648.0,69,0.0,138,0.0,-0.0,0,13107,17040,13107,17049,0,17043,0,0,0,70,68,100,2.7302359370752657e+23,71.1,0.0,74.2,2.7302370179391762e+23,74.0,1,49,50,180,0,52429,0,0,0.0,0.0,0.0,0.0,-0.0,67.0,0.0,162057.094,0.0,750,0,739,0,0,0,721,0,766,0,736,0,742,0,741,0,712,0,7520,0.032,78920024064.0,0.0,0.0,784,16797,-0.0,162057.094,-114818.039,-0.0,0.133,6.909358625270745e+28,30.0,65.0,35,0.0,0.0,0.0,0.0,0.0,0.0,0.0,0.0,0.0,0.0,0.0,0.0,0.0,0.0,0.0,0.0,69.6,0,150,71,54,65476,0,300,0,1,8,20529,65476,0,0,40632,65.0,0.0,0.0,0.0,0.0,0.0
2026-09-04T20:49:56,ERR,ERR,ERR,ERR,ERR,ERR,ERR,ERR,ERR,ERR,ERR,ERR,ERR,ERR,ERR,ERR,ERR,ERR,ERR,ERR,ERR,ERR,ERR,ERR,ERR,ERR,ERR,ERR,ERR,ERR,ERR,ERR,ERR,ERR,ERR,ERR,ERR,ERR,ERR,ERR,ERR,ERR,ERR,ERR,ERR,ERR,ERR,ERR,ERR,ERR,ERR,ERR,ERR,ERR,ERR,ERR,ERR,ERR,ERR,ERR,ERR,ERR,ERR,ERR,ERR,ERR,ERR,ERR,ERR,ERR,ERR,ERR,ERR,ERR,ERR,ERR,ERR,ERR,ERR,ERR,ERR,ERR,ERR,ERR,ERR,ERR,ERR,ERR,ERR,ERR,ERR,ERR,ERR,ERR,ERR,ERR,ERR,ERR,ERR,ERR,ERR,ERR,ERR,ERR,ERR,ERR,ERR,ERR,ERR,ERR,ERR,ERR,ERR,ERR,ERR,ERR,ERR,ERR,ERR,ERR,ERR,ERR,ERR,ERR,ERR,0.0,0.0,0.0,0.0,0.0,1.3936040501711995e+18,7.805,0.0,0,0,4,0,7116,0.0,100,0.0,0.0,0.0,0.0,0.0,0,0,0,0,0.0,0,0,0,0,0,0,0,0,0,0,0,0,0,0,0,0,0,0,0,0,0,0,0,0,0,0,0,0,0,0,0,0,0,31,40,40,71,65476,0,300,0,0,8,21553,0.0,-107605600.0,0.0,0.0,0.0,0.0,0.0,0.0,0.0,0.0,0.0,0.0,0.0,0.0,0.0,0.0,0.0,0.0,0.0,0.0,0.0,0.0,-2.004,2.004,2.004,-0.0,0.0,0.0,0.0,0.0,6334.0,0.0,6913.0,0.0,0.0,0.0,0.0,0.0,0.0,0.0,0.0,69,-0.0,89220.969,0.0,0.0,0.0,0.0,0.0,0.0,0.0,0,0,0,0.0,0.0,0.0,0.0,0.0,0.0,0.0,0.0,0.0,0.0,0.0,0.0,0.0,0.0,0.0,0.0,0,-107875648.0,69,0.0,138,0.0,-0.0,0,13107,17040,13107,17049,0,17043,0,0,0,70,68,100,2.7302359370752657e+23,71.1,0.0,74.2,2.7302370179391762e+23,74.0,1,49,50,180,0,52429,0,0,0.0,0.0,0.0,0.0,-0.0,67.0,0.0,162057.094,0.0,750,0,739,0,0,0,721,0,766,0,736,0,742,0,741,0,712,0,7520,0.032,78920024064.0,0.0,0.0,784,16797,-0.0,162057.094,-114818.039,-0.0,0.133,6.909358625270745e+28,30.0,65.0,35,0.0,0.0,0.0,0.0,0.0,0.0,0.0,0.0,0.0,0.0,0.0,0.0,0.0,0.0,0.0,0.0,69.6,0,150,71,54,65476,0,300,0,1,8,20529,65476,0,0,40632,65.0,0.0,0.0,0.0,0.0,0.0
2026-09-04T20:49:57,ERR,ERR,ERR,ERR,ERR,ERR,ERR,ERR,ERR,ERR,ERR,ERR,ERR,ERR,ERR,ERR,ERR,ERR,ERR,ERR,ERR,ERR,ERR,ERR,ERR,ERR,ERR,ERR,ERR,ERR,ERR,ERR,ERR,ERR,ERR,ERR,ERR,ERR,ERR,ERR,ERR,ERR,ERR,ERR,ERR,ERR,ERR,ERR,ERR,ERR,ERR,ERR,ERR,ERR,ERR,ERR,ERR,ERR,ERR,ERR,ERR,ERR,ERR,ERR,ERR,ERR,ERR,ERR,ERR,ERR,ERR,ERR,ERR,ERR,ERR,ERR,ERR,ERR,ERR,ERR,ERR,ERR,ERR,ERR,ERR,ERR,ERR,ERR,ERR,ERR,ERR,ERR,ERR,ERR,ERR,ERR,ERR,ERR,ERR,ERR,ERR,ERR,ERR,ERR,ERR,ERR,ERR,ERR,ERR,ERR,ERR,ERR,ERR,ERR,ERR,ERR,ERR,ERR,ERR,ERR,ERR,ERR,ERR,ERR,ERR,0.0,0.0,0.0,0.0,0.0,1.3936040501711995e+18,7.805,0.0,0,0,4,0,7116,0.0,100,0.0,0.0,0.0,0.0,0.0,0,0,0,0,0.0,0,0,0,0,0,0,0,0,0,0,0,0,0,0,0,0,0,0,0,0,0,0,0,0,0,0,0,0,0,0,0,0,0,31,40,40,71,65476,0,300,0,0,8,21553,0.0,-107605600.0,0.0,0.0,0.0,0.0,0.0,0.0,0.0,0.0,0.0,0.0,0.0,0.0,0.0,0.0,0.0,0.0,0.0,0.0,0.0,0.0,-2.004,2.004,2.004,-0.0,0.0,0.0,0.0,0.0,6334.0,0.0,6913.0,0.0,0.0,0.0,0.0,0.0,0.0,0.0,0.0,69,-0.0,89220.969,0.0,0.0,0.0,0.0,0.0,0.0,0.0,0,0,0,0.0,0.0,0.0,0.0,0.0,0.0,0.0,0.0,0.0,0.0,0.0,0.0,0.0,0.0,0.0,0.0,0,-107875648.0,69,0.0,138,0.0,-0.0,0,13107,17040,13107,17049,0,17043,0,0,0,70,68,100,2.7302359370752657e+23,71.1,0.0,74.2,2.7302370179391762e+23,74.0,1,49,50,180,0,52429,0,0,0.0,0.0,0.0,0.0,-0.0,67.0,0.0,162057.094,0.0,750,0,739,0,0,0,721,0,766,0,735,0,742,0,741,0,712,0,7520,0.032,79456894976.0,0.0,0.0,784,16797,-0.0,162057.094,-114818.039,-0.0,0.133,6.909358625270745e+28,30.0,65.0,35,0.0,0.0,0.0,0.0,0.0,0.0,0.0,0.0,0.0,0.0,0.0,0.0,0.0,0.0,0.0,0.0,69.2,0,150,71,54,65476,0,300,0,1,8,20529,65476,0,0,40632,65.0,0.0,0.0,0.0,0.0,0.0
2026-09-04T20:49:58,ERR,ERR,ERR,ERR,ERR,ERR,ERR,ERR,ERR,ERR,ERR,ERR,ERR,ERR,ERR,ERR,ERR,ERR,ERR,ERR,ERR,ERR,ERR,ERR,ERR,ERR,ERR,ERR,ERR,ERR,ERR,ERR,ERR,ERR,ERR,ERR,ERR,ERR,ERR,ERR,ERR,ERR,ERR,ERR,ERR,ERR,ERR,ERR,ERR,ERR,ERR,ERR,ERR,ERR,ERR,ERR,ERR,ERR,ERR,ERR,ERR,ERR,ERR,ERR,ERR,ERR,ERR,ERR,ERR,ERR,ERR,ERR,ERR,ERR,ERR,ERR,ERR,ERR,ERR,ERR,ERR,ERR,ERR,ERR,ERR,ERR,ERR,ERR,ERR,ERR,ERR,ERR,ERR,ERR,ERR,ERR,ERR,ERR,ERR,ERR,ERR,ERR,ERR,ERR,ERR,ERR,ERR,ERR,ERR,ERR,ERR,ERR,ERR,ERR,ERR,ERR,ERR,ERR,ERR,ERR,ERR,ERR,ERR,ERR,ERR,0.0,0.0,0.0,0.0,0.0,1.3936040501711995e+18,7.805,0.0,0,0,4,0,7116,0.0,100,0.0,0.0,0.0,0.0,0.0,0,0,0,0,0.0,0,0,0,0,0,0,0,0,0,0,0,0,0,0,0,0,0,0,0,0,0,0,0,0,0,0,0,0,0,0,0,0,0,31,40,40,71,65476,0,300,0,0,8,21553,0.0,-107605600.0,0.0,0.0,0.0,0.0,0.0,0.0,0.0,0.0,0.0,0.0,0.0,0.0,0.0,0.0,0.0,0.0,0.0,0.0,0.0,0.0,-2.004,2.004,2.004,-0.0,0.0,0.0,0.0,0.0,6334.0,0.0,6913.0,0.0,0.0,0.0,0.0,0.0,0.0,0.0,0.0,69,-0.0,89220.969,0.0,0.0,0.0,0.0,0.0,0.0,0.0,0,0,0,0.0,0.0,0.0,0.0,0.0,0.0,0.0,0.0,0.0,0.0,0.0,0.0,0.0,0.0,0.0,0.0,0,-107875648.0,69,0.0,138,0.0,-0.0,0,13107,17040,13107,17049,0,17043,0,0,0,70,68,100,2.7302359370752657e+23,71.1,0.0,74.2,2.7302370179391762e+23,74.0,1,49,50,180,0,52429,0,0,0.0,0.0,0.0,0.0,-0.0,67.0,0.0,162057.094,0.0,750,0,739,0,0,0,721,0,766,0,735,0,742,0,741,0,712,0,7520,0.032,79456894976.0,0.0,0.0,784,16797,-0.0,162057.094,-114818.039,-0.0,0.133,6.909358625270745e+28,30.0,65.0,35,0.0,0.0,0.0,0.0,0.0,0.0,0.0,0.0,0.0,0.0,0.0,0.0,0.0,0.0,0.0,0.0,69.2,0,150,71,54,65476,0,300,0,1,8,20529,65476,0,0,40632,65.0,0.0,0.0,0.0,0.0,0.0
2026-09-04T20:49:59,ERR,ERR,ERR,ERR,ERR,ERR,ERR,ERR,ERR,ERR,ERR,ERR,ERR,ERR,ERR,ERR,ERR,ERR,ERR,ERR,ERR,ERR,ERR,ERR,ERR,ERR,ERR,ERR,ERR,ERR,ERR,ERR,ERR,ERR,ERR,ERR,ERR,ERR,ERR,ERR,ERR,ERR,ERR,ERR,ERR,ERR,ERR,ERR,ERR,ERR,ERR,ERR,ERR,ERR,ERR,ERR,ERR,ERR,ERR,ERR,ERR,ERR,ERR,ERR,ERR,ERR,ERR,ERR,ERR,ERR,ERR,ERR,ERR,ERR,ERR,ERR,ERR,ERR,ERR,ERR,ERR,ERR,ERR,ERR,ERR,ERR,ERR,ERR,ERR,ERR,ERR,ERR,ERR,ERR,ERR,ERR,ERR,ERR,ERR,ERR,ERR,ERR,ERR,ERR,ERR,ERR,ERR,ERR,ERR,ERR,ERR,ERR,ERR,ERR,ERR,ERR,ERR,ERR,ERR,ERR,ERR,ERR,ERR,ERR,ERR,0.0,0.0,0.0,0.0,0.0,1.3936040501711995e+18,7.805,0.0,0,0,4,0,7116,0.0,100,0.0,0.0,0.0,0.0,0.0,0,0,0,0,0.0,0,0,0,0,0,0,0,0,0,0,0,0,0,0,0,0,0,0,0,0,0,0,0,0,0,0,0,0,0,0,0,0,0,31,40,40,71,65476,0,300,0,0,8,21553,0.0,-107605600.0,0.0,0.0,0.0,0.0,0.0,0.0,0.0,0.0,0.0,0.0,0.0,0.0,0.0,0.0,0.0,0.0,0.0,0.0,0.0,0.0,-2.004,2.004,2.004,-0.0,0.0,0.0,0.0,0.0,6334.0,0.0,6913.0,0.0,0.0,0.0,0.0,0.0,0.0,0.0,0.0,69,-0.0,89220.969,0.0,0.0,0.0,0.0,0.0,0.0,0.0,0,0,0,0.0,0.0,0.0,0.0,0.0,0.0,0.0,0.0,0.0,0.0,0.0,0.0,0.0,0.0,0.0,0.0,0,-107875648.0,69,0.0,138,0.0,-0.0,0,13107,17040,13107,17049,0,17043,0,0,0,70,68,100,2.7302359370752657e+23,71.1,0.0,74.2,2.7302370179391762e+23,74.0,1,49,50,180,0,52429,0,0,0.0,0.0,0.0,0.0,-0.0,67.0,0.0,162057.094,0.0,750,0,739,0,0,0,721,0,766,0,735,0,742,0,741,0,712,0,7520,0.032,79456894976.0,0.0,0.0,784,16797,-0.0,162057.094,-114818.039,-0.0,0.133,6.909358625270745e+28,30.0,65.0,35,0.0,0.0,0.0,0.0,0.0,0.0,0.0,0.0,0.0,0.0,0.0,0.0,0.0,0.0,0.0,0.0,69.2,0,150,71,54,65476,0,300,0,1,8,20529,65476,0,0,40632,65.0,0.0,0.0,0.0,0.0,0.0
2026-09-04T20:50:00,ERR,ERR,ERR,ERR,ERR,ERR,ERR,ERR,ERR,ERR,ERR,ERR,ERR,ERR,ERR,ERR,ERR,ERR,ERR,ERR,ERR,ERR,ERR,ERR,ERR,ERR,ERR,ERR,ERR,ERR,ERR,ERR,ERR,ERR,ERR,ERR,ERR,ERR,ERR,ERR,ERR,ERR,ERR,ERR,ERR,ERR,ERR,ERR,ERR,ERR,ERR,ERR,ERR,ERR,ERR,ERR,ERR,ERR,ERR,ERR,ERR,ERR,ERR,ERR,ERR,ERR,ERR,ERR,ERR,ERR,ERR,ERR,ERR,ERR,ERR,ERR,ERR,ERR,ERR,ERR,ERR,ERR,ERR,ERR,ERR,ERR,ERR,ERR,ERR,ERR,ERR,ERR,ERR,ERR,ERR,ERR,ERR,ERR,ERR,ERR,ERR,ERR,ERR,ERR,ERR,ERR,ERR,ERR,ERR,ERR,ERR,ERR,ERR,ERR,ERR,ERR,ERR,ERR,ERR,ERR,ERR,ERR,ERR,ERR,ERR,0.0,0.0,0.0,0.0,0.0,1.3936040501711995e+18,7.805,0.0,0,0,4,0,7116,0.0,100,0.0,0.0,0.0,0.0,0.0,0,0,0,0,0.0,0,0,0,0,0,0,0,0,0,0,0,0,0,0,0,0,0,0,0,0,0,0,0,0,0,0,0,0,0,0,0,0,0,31,40,40,71,65476,0,300,0,0,8,21553,0.0,-107605600.0,0.0,0.0,0.0,0.0,0.0,0.0,0.0,0.0,0.0,0.0,0.0,0.0,0.0,0.0,0.0,0.0,0.0,0.0,0.0,0.0,-2.004,2.004,2.004,-0.0,0.0,0.0,0.0,0.0,6335.0,-0.0,6934.0,0.0,0.0,2.7184303811560617e+23,0.0,0.0,0.0,0.0,0.0,69,-0.0,0.0,0.0,0.0,0.0,0.0,0.0,0.0,0.0,0,0,0,0.0,0.0,0.0,0.0,0.0,0.0,0.0,0.0,0.0,0.0,0.0,0.0,0.0,0.0,0.0,0.0,0,-107875648.0,69,0.0,138,0.0,0.0,0,13107,17040,13107,17049,0,17043,0,0,0,70,68,100,2.7302359370752657e+23,71.1,0.0,74.2,2.7302370179391762e+23,74.0,1,49,50,180,0,52429,0,0,0.0,0.0,0.0,0.0,-0.0,67.0,0.0,162057.094,0.0,750,0,739,0,0,0,721,0,766,0,735,0,742,0,741,0,712,0,7520,0.032,79456894976.0,0.0,0.0,784,16797,-0.0,162057.094,-114818.039,-0.0,0.133,6.909358625270745e+28,30.0,65.0,35,0.0,0.0,0.0,0.0,0.0,0.0,0.0,0.0,0.0,0.0,0.0,0.0,0.0,0.0,0.0,0.0,69.2,0,150,71,54,65476,0,300,0,1,8,20529,65476,0,0,40632,65.0,0.0,0.0,0.0,0.0,0.0
2026-09-04T20:50:01,ERR,ERR,ERR,ERR,ERR,ERR,ERR,ERR,ERR,ERR,ERR,ERR,ERR,ERR,ERR,ERR,ERR,ERR,ERR,ERR,ERR,ERR,ERR,ERR,ERR,ERR,ERR,ERR,ERR,ERR,ERR,ERR,ERR,ERR,ERR,ERR,ERR,ERR,ERR,ERR,ERR,ERR,ERR,ERR,ERR,ERR,ERR,ERR,ERR,ERR,ERR,ERR,ERR,ERR,ERR,ERR,ERR,ERR,ERR,ERR,ERR,ERR,ERR,ERR,ERR,ERR,ERR,ERR,ERR,ERR,ERR,ERR,ERR,ERR,ERR,ERR,ERR,ERR,ERR,ERR,ERR,ERR,ERR,ERR,ERR,ERR,ERR,ERR,ERR,ERR,ERR,ERR,ERR,ERR,ERR,ERR,ERR,ERR,ERR,ERR,ERR,ERR,ERR,ERR,ERR,ERR,ERR,ERR,ERR,ERR,ERR,ERR,ERR,ERR,ERR,ERR,ERR,ERR,ERR,ERR,ERR,ERR,ERR,ERR,ERR,0.0,0.0,0.0,0.0,0.0,1.3936040501711995e+18,7.805,0.0,0,0,4,0,7116,0.0,100,0.0,0.0,0.0,0.0,0.0,0,0,0,0,0.0,0,0,0,0,0,0,0,0,0,0,0,0,0,0,0,0,0,0,0,0,0,0,0,0,0,0,0,0,0,0,0,0,0,31,40,40,71,65476,0,300,0,0,8,21553,0.0,-107605600.0,0.0,0.0,0.0,0.0,0.0,0.0,0.0,0.0,0.0,0.0,0.0,0.0,0.0,0.0,0.0,0.0,0.0,0.0,0.0,0.0,-2.004,2.004,2.004,-0.0,0.0,0.0,0.0,0.0,6335.0,-0.0,6934.0,0.0,0.0,2.7184303811560617e+23,0.0,0.0,0.0,0.0,0.0,69,-0.0,0.0,0.0,0.0,0.0,0.0,0.0,0.0,0.0,0,0,0,0.0,0.0,0.0,0.0,0.0,0.0,0.0,0.0,0.0,0.0,0.0,0.0,0.0,0.0,0.0,0.0,0,-107875648.0,69,0.0,138,0.0,0.0,0,13107,17040,13107,17049,0,17043,0,0,0,70,68,100,2.7302359370752657e+23,71.1,0.0,74.2,2.7302370179391762e+23,74.0,1,49,50,180,0,52429,0,0,0.0,0.0,0.0,0.0,-0.0,67.0,0.0,162057.094,0.0,750,0,739,0,0,0,721,0,766,0,735,0,742,0,741,0,712,0,7520,0.032,79456894976.0,0.0,0.0,784,16797,-0.0,162057.094,-114818.039,-0.0,0.133,6.909358625270745e+28,30.0,65.0,35,0.0,0.0,0.0,0.0,0.0,0.0,0.0,0.0,0.0,0.0,0.0,0.0,0.0,0.0,0.0,0.0,69.2,0,150,71,54,65476,0,300,0,1,8,20529,65476,0,0,40632,65.0,0.0,0.0,0.0,0.0,0.0
2026-09-04T20:50:02,ERR,ERR,ERR,ERR,ERR,ERR,ERR,ERR,ERR,ERR,ERR,ERR,ERR,ERR,ERR,ERR,ERR,ERR,ERR,ERR,ERR,ERR,ERR,ERR,ERR,ERR,ERR,ERR,ERR,ERR,ERR,ERR,ERR,ERR,ERR,ERR,ERR,ERR,ERR,ERR,ERR,ERR,ERR,ERR,ERR,ERR,ERR,ERR,ERR,ERR,ERR,ERR,ERR,ERR,ERR,ERR,ERR,ERR,ERR,ERR,ERR,ERR,ERR,ERR,ERR,ERR,ERR,ERR,ERR,ERR,ERR,ERR,ERR,ERR,ERR,ERR,ERR,ERR,ERR,ERR,ERR,ERR,ERR,ERR,ERR,ERR,ERR,ERR,ERR,ERR,ERR,ERR,ERR,ERR,ERR,ERR,ERR,ERR,ERR,ERR,ERR,ERR,ERR,ERR,ERR,ERR,ERR,ERR,ERR,ERR,ERR,ERR,ERR,ERR,ERR,ERR,ERR,ERR,ERR,ERR,ERR,ERR,ERR,ERR,ERR,0.0,0.0,0.0,0.0,0.0,1.3936040501711995e+18,7.805,0.0,0,0,4,0,7116,0.0,100,0.0,0.0,0.0,0.0,0.0,0,0,0,0,0.0,0,0,0,0,0,0,0,0,0,0,0,0,0,0,0,0,0,0,0,0,0,0,0,0,0,0,0,0,0,0,0,0,0,31,40,40,71,65476,0,300,0,0,8,21553,0.0,-107605600.0,0.0,0.0,0.0,0.0,0.0,0.0,0.0,0.0,0.0,0.0,0.0,0.0,0.0,0.0,0.0,0.0,0.0,0.0,0.0,0.0,-2.004,2.004,2.004,-0.0,0.0,0.0,0.0,0.0,6335.0,-0.0,6934.0,0.0,0.0,2.7184303811560617e+23,0.0,0.0,0.0,0.0,0.0,69,-0.0,0.0,0.0,0.0,0.0,0.0,0.0,0.0,0.0,0,0,0,0.0,0.0,0.0,0.0,0.0,0.0,0.0,0.0,0.0,0.0,0.0,0.0,0.0,0.0,0.0,0.0,0,-107875648.0,69,0.0,138,0.0,0.0,0,13107,17040,13107,17049,13107,17043,0,0,0,70,68,100,2.7302359370752657e+23,71.1,0.0,74.2,2.7302370179391762e+23,74.0,1,49,50,180,0,52429,0,0,0.0,0.0,0.0,0.0,-0.0,67.0,0.0,162057.094,0.0,750,0,739,0,0,0,721,0,766,0,736,0,742,0,741,0,712,0,7520,0.032,78920024064.0,0.0,0.0,784,16797,-0.0,162057.094,-114818.039,-0.0,0.133,6.909358625270745e+28,30.0,65.0,35,0.0,0.0,0.0,0.0,0.0,0.0,0.0,0.0,0.0,0.0,0.0,0.0,0.0,0.0,0.0,0.0,69.2,0,150,71,54,65476,0,300,0,1,8,20529,65476,0,0,40632,65.0,0.0,0.0,0.0,0.0,0.0
2026-09-04T20:50:03,ERR,ERR,ERR,ERR,ERR,ERR,ERR,ERR,ERR,ERR,ERR,ERR,ERR,ERR,ERR,ERR,ERR,ERR,ERR,ERR,ERR,ERR,ERR,ERR,ERR,ERR,ERR,ERR,ERR,ERR,ERR,ERR,ERR,ERR,ERR,ERR,ERR,ERR,ERR,ERR,ERR,ERR,ERR,ERR,ERR,ERR,ERR,ERR,ERR,ERR,ERR,ERR,ERR,ERR,ERR,ERR,ERR,ERR,ERR,ERR,ERR,ERR,ERR,ERR,ERR,ERR,ERR,ERR,ERR,ERR,ERR,ERR,ERR,ERR,ERR,ERR,ERR,ERR,ERR,ERR,ERR,ERR,ERR,ERR,ERR,ERR,ERR,ERR,ERR,ERR,ERR,ERR,ERR,ERR,ERR,ERR,ERR,ERR,ERR,ERR,ERR,ERR,ERR,ERR,ERR,ERR,ERR,ERR,ERR,ERR,ERR,ERR,ERR,ERR,ERR,ERR,ERR,ERR,ERR,ERR,ERR,ERR,ERR,ERR,ERR,0.0,0.0,0.0,0.0,0.0,1.3936040501711995e+18,7.805,0.0,0,0,4,0,7116,0.0,100,0.0,0.0,0.0,0.0,0.0,0,0,0,0,0.0,0,0,0,0,0,0,0,0,0,0,0,0,0,0,0,0,0,0,0,0,0,0,0,0,0,0,0,0,0,0,0,0,0,31,40,40,71,65476,0,300,0,0,8,21553,0.0,-107605600.0,0.0,0.0,0.0,0.0,0.0,0.0,0.0,0.0,0.0,0.0,0.0,0.0,0.0,0.0,0.0,0.0,0.0,0.0,0.0,0.0,-2.004,2.004,2.004,-0.0,0.0,0.0,0.0,0.0,6335.0,-0.0,6934.0,0.0,0.0,2.7184303811560617e+23,0.0,0.0,0.0,0.0,0.0,69,-0.0,0.0,0.0,0.0,0.0,0.0,0.0,0.0,0.0,0,0,0,0.0,0.0,0.0,0.0,0.0,0.0,0.0,0.0,0.0,0.0,0.0,0.0,0.0,0.0,0.0,0.0,0,-107875648.0,69,0.0,138,0.0,0.0,0,13107,17040,13107,17049,13107,17043,0,0,0,70,68,100,2.7302359370752657e+23,71.1,0.0,74.2,2.7302370179391762e+23,74.0,1,49,50,180,0,52429,0,0,0.0,0.0,0.0,0.0,-0.0,67.0,0.0,162057.094,0.0,750,0,739,0,0,0,721,0,766,0,736,0,742,0,741,0,712,0,7520,0.032,78920024064.0,0.0,0.0,784,16797,-0.0,162057.094,-114818.039,-0.0,0.133,6.909358625270745e+28,30.0,65.0,35,0.0,0.0,0.0,0.0,0.0,0.0,0.0,0.0,0.0,0.0,0.0,0.0,0.0,0.0,0.0,0.0,69.2,0,150,71,54,65476,0,300,0,1,8,20529,65476,0,0,40632,65.0,0.0,0.0,0.0,0.0,0.0
2026-09-04T20:50:04,ERR,ERR,ERR,ERR,ERR,ERR,ERR,ERR,ERR,ERR,ERR,ERR,ERR,ERR,ERR,ERR,ERR,ERR,ERR,ERR,ERR,ERR,ERR,ERR,ERR,ERR,ERR,ERR,ERR,ERR,ERR,ERR,ERR,ERR,ERR,ERR,ERR,ERR,ERR,ERR,ERR,ERR,ERR,ERR,ERR,ERR,ERR,ERR,ERR,ERR,ERR,ERR,ERR,ERR,ERR,ERR,ERR,ERR,ERR,ERR,ERR,ERR,ERR,ERR,ERR,ERR,ERR,ERR,ERR,ERR,ERR,ERR,ERR,ERR,ERR,ERR,ERR,ERR,ERR,ERR,ERR,ERR,ERR,ERR,ERR,ERR,ERR,ERR,ERR,ERR,ERR,ERR,ERR,ERR,ERR,ERR,ERR,ERR,ERR,ERR,ERR,ERR,ERR,ERR,ERR,ERR,ERR,ERR,ERR,ERR,ERR,ERR,ERR,ERR,ERR,ERR,ERR,ERR,ERR,ERR,ERR,ERR,ERR,ERR,ERR,0.0,0.0,0.0,0.0,0.0,1.3936040501711995e+18,7.805,0.0,0,0,4,0,7116,0.0,100,0.0,0.0,0.0,0.0,0.0,0,0,0,0,0.0,0,0,0,0,0,0,0,0,0,0,0,0,0,0,0,0,0,0,0,0,0,0,0,0,0,0,0,0,0,0,0,0,0,31,40,40,71,65476,0,300,0,0,8,21553,0.0,-107605600.0,0.0,0.0,0.0,0.0,0.0,0.0,0.0,0.0,0.0,0.0,0.0,0.0,0.0,0.0,0.0,0.0,0.0,0.0,0.0,0.0,-2.004,2.004,2.004,-0.0,0.0,0.0,0.0,0.0,6335.0,-0.0,6934.0,0.0,0.0,2.7184303811560617e+23,0.0,0.0,0.0,0.0,0.0,69,-0.0,0.0,0.0,0.0,0.0,0.0,0.0,0.0,0.0,0,0,0,0.0,0.0,0.0,0.0,0.0,0.0,0.0,0.0,0.0,0.0,0.0,0.0,0.0,0.0,0.0,0.0,0,-107875648.0,69,0.0,138,0.0,0.0,0,13107,17040,13107,17049,13107,17043,0,0,0,70,68,100,2.7302359370752657e+23,71.1,0.0,74.2,2.7302370179391762e+23,74.0,1,49,50,180,0,52429,0,0,0.0,0.0,0.0,0.0,-0.0,67.0,0.0,162057.094,0.0,750,0,739,0,0,0,721,0,766,0,736,0,742,0,741,0,712,0,7520,0.032,78920024064.0,0.0,0.0,784,16797,-0.0,162057.094,-114818.039,-0.0,0.133,6.909358625270745e+28,30.0,65.0,35,0.0,0.0,0.0,0.0,0.0,0.0,0.0,0.0,0.0,0.0,0.0,0.0,0.0,0.0,0.0,0.0,69.2,0,150,71,54,65476,0,300,0,1,8,20529,65476,0,0,40632,65.0,0.0,0.0,0.0,0.0,0.0
2026-09-04T20:50:05,ERR,ERR,ERR,ERR,ERR,ERR,ERR,ERR,ERR,ERR,ERR,ERR,ERR,ERR,ERR,ERR,ERR,ERR,ERR,ERR,ERR,ERR,ERR,ERR,ERR,ERR,ERR,ERR,ERR,ERR,ERR,ERR,ERR,ERR,ERR,ERR,ERR,ERR,ERR,ERR,ERR,ERR,ERR,ERR,ERR,ERR,ERR,ERR,ERR,ERR,ERR,ERR,ERR,ERR,ERR,ERR,ERR,ERR,ERR,ERR,ERR,ERR,ERR,ERR,ERR,ERR,ERR,ERR,ERR,ERR,ERR,ERR,ERR,ERR,ERR,ERR,ERR,ERR,ERR,ERR,ERR,ERR,ERR,ERR,ERR,ERR,ERR,ERR,ERR,ERR,ERR,ERR,ERR,ERR,ERR,ERR,ERR,ERR,ERR,ERR,ERR,ERR,ERR,ERR,ERR,ERR,ERR,ERR,ERR,ERR,ERR,ERR,ERR,ERR,ERR,ERR,ERR,ERR,ERR,ERR,ERR,ERR,ERR,ERR,ERR,0.0,0.0,0.0,0.0,0.0,1.3936040501711995e+18,7.805,0.0,0,0,4,0,7116,0.0,100,0.0,0.0,0.0,0.0,0.0,0,0,0,0,0.0,0,0,0,0,0,0,0,0,0,0,0,0,0,0,0,0,0,0,0,0,0,0,0,0,0,0,0,0,0,0,0,0,0,31,40,40,71,65476,0,300,0,0,8,21553,0.0,-107605600.0,0.0,0.0,0.0,0.0,0.0,0.0,0.0,0.0,0.0,0.0,0.0,0.0,0.0,0.0,0.0,0.0,0.0,0.0,0.0,0.0,-2.004,2.004,2.004,-0.0,0.0,0.0,0.0,0.0,6335.0,-0.0,6934.0,0.0,0.0,2.7184303811560617e+23,0.0,0.0,0.0,0.0,0.0,69,-0.0,0.0,0.0,0.0,0.0,0.0,0.0,0.0,0.0,0,0,0,0.0,0.0,0.0,0.0,0.0,0.0,0.0,0.0,0.0,0.0,0.0,0.0,0.0,0.0,0.0,0.0,0,-107875648.0,69,0.0,138,0.0,0.0,0,13107,17040,13107,17049,13107,17043,0,0,0,70,68,100,2.7302359370752657e+23,71.1,0.0,74.2,2.7302370179391762e+23,74.0,1,49,50,180,0,52429,0,0,0.0,0.0,0.0,0.0,-0.0,67.0,0.0,162057.094,0.0,750,0,739,0,0,0,721,0,766,0,736,0,742,0,741,0,712,0,7520,0.032,78920024064.0,0.0,0.0,784,16797,-0.0,162057.094,-114818.039,-0.0,0.133,6.909358625270745e+28,30.0,65.0,35,0.0,0.0,0.0,0.0,0.0,0.0,0.0,0.0,0.0,0.0,0.0,0.0,0.0,0.0,0.0,0.0,69.2,0,150,71,54,65476,0,300,0,1,8,20529,65476,0,0,40632,65.0,0.0,0.0,0.0,0.0,0.0
2026-09-04T20:50:06,ERR,ERR,ERR,ERR,ERR,ERR,ERR,ERR,ERR,ERR,ERR,ERR,ERR,ERR,ERR,ERR,ERR,ERR,ERR,ERR,ERR,ERR,ERR,ERR,ERR,ERR,ERR,ERR,ERR,ERR,ERR,ERR,ERR,ERR,ERR,ERR,ERR,ERR,ERR,ERR,ERR,ERR,ERR,ERR,ERR,ERR,ERR,ERR,ERR,ERR,ERR,ERR,ERR,ERR,ERR,ERR,ERR,ERR,ERR,ERR,ERR,ERR,ERR,ERR,ERR,ERR,ERR,ERR,ERR,ERR,ERR,ERR,ERR,ERR,ERR,ERR,ERR,ERR,ERR,ERR,ERR,ERR,ERR,ERR,ERR,ERR,ERR,ERR,ERR,ERR,ERR,ERR,ERR,ERR,ERR,ERR,ERR,ERR,ERR,ERR,ERR,ERR,ERR,ERR,ERR,ERR,ERR,ERR,ERR,ERR,ERR,ERR,ERR,ERR,ERR,ERR,ERR,ERR,ERR,ERR,ERR,ERR,ERR,ERR,ERR,0.0,0.0,0.0,0.0,0.0,1.3936040501711995e+18,7.805,0.0,0,0,4,0,7116,0.0,100,0.0,0.0,0.0,0.0,0.0,0,0,0,0,0.0,0,0,0,0,0,0,0,0,0,0,0,0,0,0,0,0,0,0,0,0,0,0,0,0,0,0,0,0,0,0,0,0,0,31,40,40,71,65476,0,300,0,0,8,21553,0.0,-107605600.0,0.0,0.0,0.0,0.0,0.0,0.0,0.0,0.0,0.0,0.0,0.0,0.0,0.0,0.0,0.0,0.0,0.0,0.0,0.0,0.0,-2.004,2.004,2.004,-0.0,0.0,0.0,0.0,0.0,6335.0,-0.0,6934.0,0.0,0.0,2.7184303811560617e+23,0.0,0.0,0.0,0.0,0.0,69,-0.0,0.0,0.0,0.0,0.0,0.0,0.0,0.0,0.0,0,0,0,0.0,0.0,0.0,0.0,0.0,0.0,0.0,0.0,0.0,0.0,0.0,0.0,0.0,0.0,0.0,0.0,0,-107875648.0,69,0.0,138,0.0,0.0,0,13107,17040,13107,17049,13107,17043,0,0,0,70,68,100,2.7302359370752657e+23,71.1,0.0,74.2,2.7302370179391762e+23,74.0,1,49,50,180,0,52429,0,0,0.0,0.0,0.0,0.0,-0.0,67.0,0.0,162057.094,0.0,750,0,739,0,0,0,721,0,766,0,736,0,742,0,741,0,712,0,7520,0.032,78920024064.0,0.0,0.0,784,16797,-0.0,162057.094,-114818.039,-0.0,0.133,6.909358625270745e+28,30.0,65.0,35,0.0,0.0,0.0,0.0,0.0,0.0,0.0,0.0,0.0,0.0,0.0,0.0,0.0,0.0,0.0,0.0,69.2,0,150,71,54,65476,0,300,0,1,8,20529,65476,0,0,40632,65.0,0.0,0.0,0.0,0.0,0.0
2026-09-04T20:50:07,ERR,ERR,ERR,ERR,ERR,ERR,ERR,ERR,ERR,ERR,ERR,ERR,ERR,ERR,ERR,ERR,ERR,ERR,ERR,ERR,ERR,ERR,ERR,ERR,ERR,ERR,ERR,ERR,ERR,ERR,ERR,ERR,ERR,ERR,ERR,ERR,ERR,ERR,ERR,ERR,ERR,ERR,ERR,ERR,ERR,ERR,ERR,ERR,ERR,ERR,ERR,ERR,ERR,ERR,ERR,ERR,ERR,ERR,ERR,ERR,ERR,ERR,ERR,ERR,ERR,ERR,ERR,ERR,ERR,ERR,ERR,ERR,ERR,ERR,ERR,ERR,ERR,ERR,ERR,ERR,ERR,ERR,ERR,ERR,ERR,ERR,ERR,ERR,ERR,ERR,ERR,ERR,ERR,ERR,ERR,ERR,ERR,ERR,ERR,ERR,ERR,ERR,ERR,ERR,ERR,ERR,ERR,ERR,ERR,ERR,ERR,ERR,ERR,ERR,ERR,ERR,ERR,ERR,ERR,ERR,ERR,ERR,ERR,ERR,ERR,0.0,0.0,0.0,0.0,0.0,1.3936040501711995e+18,7.805,0.0,0,0,4,0,7116,0.0,100,0.0,0.0,0.0,0.0,0.0,0,0,0,0,0.0,0,0,0,0,0,0,0,0,0,0,0,0,0,0,0,0,0,0,0,0,0,0,0,0,0,0,0,0,0,0,0,0,0,31,40,40,71,65476,0,300,0,0,8,21553,0.0,-107605600.0,0.0,0.0,0.0,0.0,0.0,0.0,0.0,0.0,0.0,0.0,0.0,0.0,0.0,0.0,0.0,0.0,0.0,0.0,0.0,0.0,-0.0,2.004,2.004,-0.0,0.0,0.0,0.0,0.0,6362.0,-131351.094,6937.0,0.0,0.0,2.7184303811560617e+23,0.0,0.0,0.0,0.0,0.0,69,-0.0,-0.0,0.0,0.0,0.0,0.0,0.0,0.0,0.0,0,0,0,0.0,0.0,0.0,0.0,0.0,0.0,0.0,0.0,0.0,0.0,0.0,0.0,0.0,0.0,0.0,0.0,0,-107875648.0,69,0.0,138,0.0,-0.0,0,13107,17040,13107,17049,13107,17043,0,0,0,70,68,100,2.7302359370752657e+23,71.1,0.0,74.2,2.7302370179391762e+23,74.0,1,49,50,180,0,52429,0,0,0.0,0.0,0.0,0.0,-0.0,67.0,0.0,162057.094,0.0,750,0,739,0,0,0,721,0,766,0,736,0,742,0,741,0,712,0,7520,0.032,78920024064.0,0.0,0.0,784,16797,-0.0,162057.094,-114818.039,-0.0,0.133,6.909358625270745e+28,30.0,65.0,35,0.0,0.0,0.0,0.0,0.0,0.0,0.0,0.0,0.0,0.0,0.0,0.0,0.0,0.0,0.0,0.0,69.6,0,150,71,54,65476,0,300,0,1,8,20529,65476,0,0,40632,65.0,0.0,0.0,0.0,0.0,0.0
2026-09-04T20:50:08,ERR,ERR,ERR,ERR,ERR,ERR,ERR,ERR,ERR,ERR,ERR,ERR,ERR,ERR,ERR,ERR,ERR,ERR,ERR,ERR,ERR,ERR,ERR,ERR,ERR,ERR,ERR,ERR,ERR,ERR,ERR,ERR,ERR,ERR,ERR,ERR,ERR,ERR,ERR,ERR,ERR,ERR,ERR,ERR,ERR,ERR,ERR,ERR,ERR,ERR,ERR,ERR,ERR,ERR,ERR,ERR,ERR,ERR,ERR,ERR,ERR,ERR,ERR,ERR,ERR,ERR,ERR,ERR,ERR,ERR,ERR,ERR,ERR,ERR,ERR,ERR,ERR,ERR,ERR,ERR,ERR,ERR,ERR,ERR,ERR,ERR,ERR,ERR,ERR,ERR,ERR,ERR,ERR,ERR,ERR,ERR,ERR,ERR,ERR,ERR,ERR,ERR,ERR,ERR,ERR,ERR,ERR,ERR,ERR,ERR,ERR,ERR,ERR,ERR,ERR,ERR,ERR,ERR,ERR,ERR,ERR,ERR,ERR,ERR,ERR,0.0,0.0,0.0,0.0,0.0,1.3936040501711995e+18,7.805,0.0,0,0,4,0,7116,0.0,100,0.0,0.0,0.0,0.0,0.0,0,0,0,0,0.0,0,0,0,0,0,0,0,0,0,0,0,0,0,0,0,0,0,0,0,0,0,0,0,0,0,0,0,0,0,0,0,0,0,31,40,40,71,65476,0,300,0,0,8,21553,0.0,-107605600.0,0.0,0.0,0.0,0.0,0.0,0.0,0.0,0.0,0.0,0.0,0.0,0.0,0.0,0.0,0.0,0.0,0.0,0.0,0.0,0.0,-0.0,2.004,2.004,-0.0,0.0,0.0,0.0,0.0,6362.0,-131351.094,6937.0,0.0,0.0,2.7184303811560617e+23,0.0,0.0,0.0,0.0,0.0,69,-0.0,-0.0,0.0,0.0,0.0,0.0,0.0,0.0,0.0,0,0,0,0.0,0.0,0.0,0.0,0.0,0.0,0.0,0.0,0.0,0.0,0.0,0.0,0.0,0.0,0.0,0.0,0,-107875648.0,69,0.0,138,0.0,-0.0,0,13107,17040,13107,17049,0,17043,0,0,0,70,68,100,2.7302359370752657e+23,71.1,0.0,74.2,2.7302370179391762e+23,74.0,1,49,50,180,0,52429,0,0,0.0,0.0,0.0,0.0,-0.0,67.0,0.0,162057.094,0.0,750,0,739,0,0,0,721,0,766,0,735,0,742,0,741,0,712,0,7520,0.032,79456894976.0,0.0,0.0,784,16797,-0.0,162057.094,-114818.039,-0.0,0.133,6.909358625270745e+28,30.0,65.0,35,0.0,0.0,0.0,0.0,0.0,0.0,0.0,0.0,0.0,0.0,0.0,0.0,0.0,0.0,0.0,0.0,69.6,0,150,71,54,65476,0,300,0,1,8,20529,65476,0,0,40632,65.0,0.0,0.0,0.0,0.0,0.0
2026-09-04T20:50:09,ERR,ERR,ERR,ERR,ERR,ERR,ERR,ERR,ERR,ERR,ERR,ERR,ERR,ERR,ERR,ERR,ERR,ERR,ERR,ERR,ERR,ERR,ERR,ERR,ERR,ERR,ERR,ERR,ERR,ERR,ERR,ERR,ERR,ERR,ERR,ERR,ERR,ERR,ERR,ERR,ERR,ERR,ERR,ERR,ERR,ERR,ERR,ERR,ERR,ERR,ERR,ERR,ERR,ERR,ERR,ERR,ERR,ERR,ERR,ERR,ERR,ERR,ERR,ERR,ERR,ERR,ERR,ERR,ERR,ERR,ERR,ERR,ERR,ERR,ERR,ERR,ERR,ERR,ERR,ERR,ERR,ERR,ERR,ERR,ERR,ERR,ERR,ERR,ERR,ERR,ERR,ERR,ERR,ERR,ERR,ERR,ERR,ERR,ERR,ERR,ERR,ERR,ERR,ERR,ERR,ERR,ERR,ERR,ERR,ERR,ERR,ERR,ERR,ERR,ERR,ERR,ERR,ERR,ERR,ERR,ERR,ERR,ERR,ERR,ERR,0.0,0.0,0.0,0.0,0.0,1.3936040501711995e+18,7.805,0.0,0,0,4,0,7116,0.0,100,0.0,0.0,0.0,0.0,0.0,0,0,0,0,0.0,0,0,0,0,0,0,0,0,0,0,0,0,0,0,0,0,0,0,0,0,0,0,0,0,0,0,0,0,0,0,0,0,0,31,40,40,71,65476,0,300,0,0,8,21553,0.0,-107605600.0,0.0,0.0,0.0,0.0,0.0,0.0,0.0,0.0,0.0,0.0,0.0,0.0,0.0,0.0,0.0,0.0,0.0,0.0,0.0,0.0,-0.0,2.004,2.004,-0.0,0.0,0.0,0.0,0.0,6362.0,-131351.094,6937.0,0.0,0.0,2.7184303811560617e+23,0.0,0.0,0.0,0.0,0.0,69,-0.0,-0.0,0.0,0.0,0.0,0.0,0.0,0.0,0.0,0,0,0,0.0,0.0,0.0,0.0,0.0,0.0,0.0,0.0,0.0,0.0,0.0,0.0,0.0,0.0,0.0,0.0,0,-107875648.0,69,0.0,138,0.0,-0.0,0,13107,17040,13107,17049,0,17043,0,0,0,70,68,100,2.7302359370752657e+23,71.1,0.0,74.2,2.7302370179391762e+23,74.0,1,49,50,180,0,52429,0,0,0.0,0.0,0.0,0.0,-0.0,67.0,0.0,162057.094,0.0,750,0,739,0,0,0,721,0,766,0,735,0,742,0,741,0,712,0,7520,0.032,79456894976.0,0.0,0.0,784,16797,-0.0,162057.094,-114818.039,-0.0,0.133,6.909358625270745e+28,30.0,65.0,35,0.0,0.0,0.0,0.0,0.0,0.0,0.0,0.0,0.0,0.0,0.0,0.0,0.0,0.0,0.0,0.0,69.6,0,150,71,54,65476,0,300,0,1,8,20529,65476,0,0,40632,65.0,0.0,0.0,0.0,0.0,0.0
2026-09-04T20:50:10,ERR,ERR,ERR,ERR,ERR,ERR,ERR,ERR,ERR,ERR,ERR,ERR,ERR,ERR,ERR,ERR,ERR,ERR,ERR,ERR,ERR,ERR,ERR,ERR,ERR,ERR,ERR,ERR,ERR,ERR,ERR,ERR,ERR,ERR,ERR,ERR,ERR,ERR,ERR,ERR,ERR,ERR,ERR,ERR,ERR,ERR,ERR,ERR,ERR,ERR,ERR,ERR,ERR,ERR,ERR,ERR,ERR,ERR,ERR,ERR,ERR,ERR,ERR,ERR,ERR,ERR,ERR,ERR,ERR,ERR,ERR,ERR,ERR,ERR,ERR,ERR,ERR,ERR,ERR,ERR,ERR,ERR,ERR,ERR,ERR,ERR,ERR,ERR,ERR,ERR,ERR,ERR,ERR,ERR,ERR,ERR,ERR,ERR,ERR,ERR,ERR,ERR,ERR,ERR,ERR,ERR,ERR,ERR,ERR,ERR,ERR,ERR,ERR,ERR,ERR,ERR,ERR,ERR,ERR,ERR,ERR,ERR,ERR,ERR,ERR,0.0,0.0,0.0,0.0,0.0,1.3936040501711995e+18,7.805,0.0,0,0,4,0,7116,0.0,100,0.0,0.0,0.0,0.0,0.0,0,0,0,0,0.0,0,0,0,0,0,0,0,0,0,0,0,0,0,0,0,0,0,0,0,0,0,0,0,0,0,0,0,0,0,0,0,0,0,31,40,40,71,65476,0,300,0,0,8,21553,0.0,-107605600.0,0.0,0.0,0.0,0.0,0.0,0.0,0.0,0.0,0.0,0.0,0.0,0.0,0.0,0.0,0.0,0.0,0.0,0.0,0.0,0.0,-0.0,2.004,2.004,-0.0,0.0,0.0,0.0,0.0,6362.0,-131351.094,6937.0,0.0,0.0,2.7184303811560617e+23,0.0,0.0,0.0,0.0,0.0,69,-0.0,-0.0,0.0,0.0,0.0,0.0,0.0,0.0,0.0,0,0,0,0.0,0.0,0.0,0.0,0.0,0.0,0.0,0.0,0.0,0.0,0.0,0.0,0.0,0.0,0.0,0.0,0,-107875648.0,69,0.0,138,0.0,-0.0,0,13107,17040,13107,17049,0,17043,0,0,0,70,68,100,2.7302359370752657e+23,71.1,0.0,74.2,2.7302370179391762e+23,74.0,1,49,50,180,0,52429,0,0,0.0,0.0,0.0,0.0,-0.0,67.0,0.0,162057.094,0.0,750,0,739,0,0,0,721,0,766,0,735,0,742,0,741,0,712,0,7520,0.032,79456894976.0,0.0,0.0,784,16797,-0.0,162057.094,-114818.039,-0.0,0.133,6.909358625270745e+28,30.0,65.0,35,0.0,0.0,0.0,0.0,0.0,0.0,0.0,0.0,0.0,0.0,0.0,0.0,0.0,0.0,0.0,0.0,69.2,0,150,71,54,65476,0,300,0,1,8,20529,65476,0,0,40632,65.0,0.0,0.0,0.0,0.0,0.0
2026-09-04T20:50:11,ERR,ERR,ERR,ERR,ERR,ERR,ERR,ERR,ERR,ERR,ERR,ERR,ERR,ERR,ERR,ERR,ERR,ERR,ERR,ERR,ERR,ERR,ERR,ERR,ERR,ERR,ERR,ERR,ERR,ERR,ERR,ERR,ERR,ERR,ERR,ERR,ERR,ERR,ERR,ERR,ERR,ERR,ERR,ERR,ERR,ERR,ERR,ERR,ERR,ERR,ERR,ERR,ERR,ERR,ERR,ERR,ERR,ERR,ERR,ERR,ERR,ERR,ERR,ERR,ERR,ERR,ERR,ERR,ERR,ERR,ERR,ERR,ERR,ERR,ERR,ERR,ERR,ERR,ERR,ERR,ERR,ERR,ERR,ERR,ERR,ERR,ERR,ERR,ERR,ERR,ERR,ERR,ERR,ERR,ERR,ERR,ERR,ERR,ERR,ERR,ERR,ERR,ERR,ERR,ERR,ERR,ERR,ERR,ERR,ERR,ERR,ERR,ERR,ERR,ERR,ERR,ERR,ERR,ERR,ERR,ERR,ERR,ERR,ERR,ERR,0.0,0.0,0.0,0.0,0.0,1.3936040501711995e+18,7.805,0.0,0,0,4,0,7116,0.0,100,0.0,0.0,0.0,0.0,0.0,0,0,0,0,0.0,0,0,0,0,0,0,0,0,0,0,0,0,0,0,0,0,0,0,0,0,0,0,0,0,0,0,0,0,0,0,0,0,0,31,40,40,71,65476,0,300,0,0,8,21553,0.0,-107605600.0,0.0,0.0,0.0,0.0,0.0,0.0,0.0,0.0,0.0,0.0,0.0,0.0,0.0,0.0,0.0,0.0,0.0,0.0,0.0,0.0,-0.0,2.004,2.004,-0.0,0.0,0.0,0.0,0.0,6362.0,-131351.094,6937.0,0.0,0.0,2.7184303811560617e+23,0.0,0.0,0.0,0.0,0.0,69,-0.0,-0.0,0.0,0.0,0.0,0.0,0.0,0.0,0.0,0,0,0,0.0,0.0,0.0,0.0,0.0,0.0,0.0,0.0,0.0,0.0,0.0,0.0,0.0,0.0,0.0,0.0,0,-107875648.0,69,0.0,138,0.0,-0.0,0,13107,17040,13107,17049,0,17043,0,0,0,70,68,100,2.7302359370752657e+23,71.1,0.0,74.2,2.7302370179391762e+23,74.0,1,49,50,180,0,52429,0,0,0.0,0.0,0.0,0.0,-0.0,67.0,0.0,162057.094,0.0,750,0,739,0,0,0,721,0,766,0,735,0,742,0,741,0,712,0,7520,0.032,79456894976.0,0.0,0.0,784,16797,-0.0,162057.094,-114818.039,-0.0,0.133,6.909358625270745e+28,30.0,65.0,35,0.0,0.0,0.0,0.0,0.0,0.0,0.0,0.0,0.0,0.0,0.0,0.0,0.0,0.0,0.0,0.0,69.2,0,150,71,54,65476,0,300,0,1,8,20529,65476,0,0,40632,65.0,0.0,0.0,0.0,0.0,0.0
2026-09-04T20:50:12,ERR,ERR,ERR,ERR,ERR,ERR,ERR,ERR,ERR,ERR,ERR,ERR,ERR,ERR,ERR,ERR,ERR,ERR,ERR,ERR,ERR,ERR,ERR,ERR,ERR,ERR,ERR,ERR,ERR,ERR,ERR,ERR,ERR,ERR,ERR,ERR,ERR,ERR,ERR,ERR,ERR,ERR,ERR,ERR,ERR,ERR,ERR,ERR,ERR,ERR,ERR,ERR,ERR,ERR,ERR,ERR,ERR,ERR,ERR,ERR,ERR,ERR,ERR,ERR,ERR,ERR,ERR,ERR,ERR,ERR,ERR,ERR,ERR,ERR,ERR,ERR,ERR,ERR,ERR,ERR,ERR,ERR,ERR,ERR,ERR,ERR,ERR,ERR,ERR,ERR,ERR,ERR,ERR,ERR,ERR,ERR,ERR,ERR,ERR,ERR,ERR,ERR,ERR,ERR,ERR,ERR,ERR,ERR,ERR,ERR,ERR,ERR,ERR,ERR,ERR,ERR,ERR,ERR,ERR,ERR,ERR,ERR,ERR,ERR,ERR,0.0,0.0,0.0,0.0,0.0,1.3936040501711995e+18,7.805,0.0,0,0,4,0,7116,0.0,100,0.0,0.0,0.0,0.0,0.0,0,0,0,0,0.0,0,0,0,0,0,0,0,0,0,0,0,0,0,0,0,0,0,0,0,0,0,0,0,0,0,0,0,0,0,0,0,0,0,31,40,40,71,65476,0,300,0,0,8,21553,0.0,-107605600.0,0.0,0.0,0.0,0.0,0.0,0.0,0.0,0.0,0.0,0.0,0.0,0.0,0.0,0.0,0.0,0.0,0.0,0.0,0.0,0.0,-0.0,2.004,2.004,-0.0,0.0,0.0,0.0,0.0,6362.0,-131351.094,6937.0,0.0,0.0,2.7184303811560617e+23,0.0,0.0,0.0,0.0,0.0,69,-0.0,-0.0,0.0,0.0,0.0,0.0,0.0,0.0,0.0,0,0,0,0.0,0.0,0.0,0.0,0.0,0.0,0.0,0.0,0.0,0.0,0.0,0.0,0.0,0.0,0.0,0.0,0,-107875648.0,69,0.0,138,0.0,-0.0,0,13107,17040,13107,17049,0,17043,0,0,0,70,68,100,2.7302359370752657e+23,71.1,0.0,74.2,2.7302370179391762e+23,74.0,1,49,50,180,0,52429,0,0,0.0,0.0,0.0,0.0,-0.0,67.0,0.0,162057.094,0.0,750,0,739,0,0,0,721,0,766,0,735,0,742,0,741,0,712,0,7520,0.032,79456894976.0,0.0,0.0,784,16797,-0.0,162057.094,-114818.039,-0.0,0.133,6.909358625270745e+28,30.0,65.0,35,0.0,0.0,0.0,0.0,0.0,0.0,0.0,0.0,0.0,0.0,0.0,0.0,0.0,0.0,0.0,0.0,69.2,0,150,71,54,65476,0,300,0,1,8,20529,65476,0,0,40632,65.0,0.0,0.0,0.0,0.0,0.0
2026-09-04T20:50:13,ERR,ERR,ERR,ERR,ERR,ERR,ERR,ERR,ERR,ERR,ERR,ERR,ERR,ERR,ERR,ERR,ERR,ERR,ERR,ERR,ERR,ERR,ERR,ERR,ERR,ERR,ERR,ERR,ERR,ERR,ERR,ERR,ERR,ERR,ERR,ERR,ERR,ERR,ERR,ERR,ERR,ERR,ERR,ERR,ERR,ERR,ERR,ERR,ERR,ERR,ERR,ERR,ERR,ERR,ERR,ERR,ERR,ERR,ERR,ERR,ERR,ERR,ERR,ERR,ERR,ERR,ERR,ERR,ERR,ERR,ERR,ERR,ERR,ERR,ERR,ERR,ERR,ERR,ERR,ERR,ERR,ERR,ERR,ERR,ERR,ERR,ERR,ERR,ERR,ERR,ERR,ERR,ERR,ERR,ERR,ERR,ERR,ERR,ERR,ERR,ERR,ERR,ERR,ERR,ERR,ERR,ERR,ERR,ERR,ERR,ERR,ERR,ERR,ERR,ERR,ERR,ERR,ERR,ERR,ERR,ERR,ERR,ERR,ERR,ERR,0.0,0.0,0.0,0.0,0.0,1.3936040501711995e+18,7.805,0.0,0,0,4,0,7116,0.0,100,0.0,0.0,0.0,0.0,0.0,0,0,0,0,0.0,0,0,0,0,0,0,0,0,0,0,0,0,0,0,0,0,0,0,0,0,0,0,0,0,0,0,0,0,0,0,0,0,0,31,40,40,71,65476,0,300,0,0,8,21553,0.0,-107605600.0,0.0,0.0,0.0,0.0,0.0,0.0,0.0,0.0,0.0,0.0,0.0,0.0,0.0,0.0,0.0,0.0,0.0,0.0,0.0,0.0,-0.0,2.004,2.004,-0.0,0.0,0.0,0.0,0.0,6362.0,-131351.094,6937.0,0.0,0.0,2.7184303811560617e+23,0.0,0.0,0.0,0.0,0.0,69,-0.0,-0.0,0.0,0.0,0.0,0.0,0.0,0.0,0.0,0,0,0,0.0,0.0,0.0,0.0,0.0,0.0,0.0,0.0,0.0,0.0,0.0,0.0,0.0,0.0,0.0,0.0,0,-107875648.0,69,0.0,138,0.0,-0.0,0,13107,17040,13107,17049,0,17043,0,0,0,70,68,100,2.7302359370752657e+23,71.1,0.0,74.2,2.7302370179391762e+23,74.0,1,49,50,180,0,52429,0,0,0.0,0.0,0.0,0.0,-0.0,67.0,0.0,162057.094,0.0,750,0,739,0,0,0,721,0,766,0,735,0,742,0,741,0,712,0,7520,0.032,79456894976.0,0.0,0.0,784,16797,-0.0,162057.094,-114818.039,-0.0,0.133,6.909358625270745e+28,30.0,65.0,35,0.0,0.0,0.0,0.0,0.0,0.0,0.0,0.0,0.0,0.0,0.0,0.0,0.0,0.0,0.0,0.0,69.2,0,150,71,54,65476,0,300,0,1,8,20529,65476,0,0,40632,65.0,0.0,0.0,0.0,0.0,0.0
2026-09-04T20:50:14,ERR,ERR,ERR,ERR,ERR,ERR,ERR,ERR,ERR,ERR,ERR,ERR,ERR,ERR,ERR,ERR,ERR,ERR,ERR,ERR,ERR,ERR,ERR,ERR,ERR,ERR,ERR,ERR,ERR,ERR,ERR,ERR,ERR,ERR,ERR,ERR,ERR,ERR,ERR,ERR,ERR,ERR,ERR,ERR,ERR,ERR,ERR,ERR,ERR,ERR,ERR,ERR,ERR,ERR,ERR,ERR,ERR,ERR,ERR,ERR,ERR,ERR,ERR,ERR,ERR,ERR,ERR,ERR,ERR,ERR,ERR,ERR,ERR,ERR,ERR,ERR,ERR,ERR,ERR,ERR,ERR,ERR,ERR,ERR,ERR,ERR,ERR,ERR,ERR,ERR,ERR,ERR,ERR,ERR,ERR,ERR,ERR,ERR,ERR,ERR,ERR,ERR,ERR,ERR,ERR,ERR,ERR,ERR,ERR,ERR,ERR,ERR,ERR,ERR,ERR,ERR,ERR,ERR,ERR,ERR,ERR,ERR,ERR,ERR,ERR,0.0,0.0,0.0,0.0,0.0,1.3936040501711995e+18,7.805,0.0,0,0,4,0,7116,0.0,100,0.0,0.0,0.0,0.0,0.0,0,0,0,0,0.0,0,0,0,0,0,0,0,0,0,0,0,0,0,0,0,0,0,0,0,0,0,0,0,0,0,0,0,0,0,0,0,0,0,31,40,40,71,65476,0,300,0,0,8,21553,0.0,-107605600.0,0.0,0.0,0.0,0.0,0.0,0.0,0.0,0.0,0.0,0.0,0.0,0.0,0.0,0.0,0.0,0.0,0.0,0.0,0.0,0.0,-0.0,2.004,2.004,-0.0,0.0,0.0,0.0,0.0,6396.0,-131351.109,6942.0,0.0,0.0,0.0,0.0,0.0,0.0,0.0,0.0,69,-0.059,-3.222023058662249e+26,0.0,0.0,0.0,0.0,0.0,0.0,0.0,0,0,0,0.0,0.0,0.0,0.0,0.0,0.0,0.0,0.0,0.0,0.0,0.0,0.0,0.0,0.0,0.0,0.0,0,-107875648.0,69,0.0,138,0.0,-0.0,0,13107,17040,13107,17049,0,17043,0,0,0,70,68,100,2.7302359370752657e+23,71.1,0.0,74.2,2.7302370179391762e+23,74.0,1,49,50,180,0,52429,0,0,0.0,0.0,0.0,0.0,-0.0,67.0,0.0,162057.094,0.0,750,0,739,0,0,0,721,0,766,0,735,0,742,0,741,0,712,0,7520,0.032,79456894976.0,0.0,0.0,784,16797,-0.0,162057.094,-114818.039,-0.0,0.133,6.909358625270745e+28,30.0,65.0,35,0.0,0.0,0.0,0.0,0.0,0.0,0.0,0.0,0.0,0.0,0.0,0.0,0.0,0.0,0.0,0.0,69.2,0,150,71,54,65476,0,300,0,1,8,20529,65476,0,0,40632,65.0,0.0,0.0,0.0,0.0,0.0
2026-09-04T20:50:15,ERR,ERR,ERR,ERR,ERR,ERR,ERR,ERR,ERR,ERR,ERR,ERR,ERR,ERR,ERR,ERR,ERR,ERR,ERR,ERR,ERR,ERR,ERR,ERR,ERR,ERR,ERR,ERR,ERR,ERR,ERR,ERR,ERR,ERR,ERR,ERR,ERR,ERR,ERR,ERR,ERR,ERR,ERR,ERR,ERR,ERR,ERR,ERR,ERR,ERR,ERR,ERR,ERR,ERR,ERR,ERR,ERR,ERR,ERR,ERR,ERR,ERR,ERR,ERR,ERR,ERR,ERR,ERR,ERR,ERR,ERR,ERR,ERR,ERR,ERR,ERR,ERR,ERR,ERR,ERR,ERR,ERR,ERR,ERR,ERR,ERR,ERR,ERR,ERR,ERR,ERR,ERR,ERR,ERR,ERR,ERR,ERR,ERR,ERR,ERR,ERR,ERR,ERR,ERR,ERR,ERR,ERR,ERR,ERR,ERR,ERR,ERR,ERR,ERR,ERR,ERR,ERR,ERR,ERR,ERR,ERR,ERR,ERR,ERR,ERR,0.0,0.0,0.0,0.0,0.0,1.3936040501711995e+18,7.805,0.0,0,0,4,0,7116,0.0,100,0.0,0.0,0.0,0.0,0.0,0,0,0,0,0.0,0,0,0,0,0,0,0,0,0,0,0,0,0,0,0,0,0,0,0,0,0,0,0,0,0,0,0,0,0,0,0,0,0,31,40,40,71,65476,0,300,0,0,8,21553,0.0,-107605600.0,0.0,0.0,0.0,0.0,0.0,0.0,0.0,0.0,0.0,0.0,0.0,0.0,0.0,0.0,0.0,0.0,0.0,0.0,0.0,0.0,-0.0,2.004,2.004,-0.0,0.0,0.0,0.0,0.0,6396.0,-131351.109,6942.0,0.0,0.0,0.0,0.0,0.0,0.0,0.0,0.0,69,-0.059,-3.222023058662249e+26,0.0,0.0,0.0,0.0,0.0,0.0,0.0,0,0,0,0.0,0.0,0.0,0.0,0.0,0.0,0.0,0.0,0.0,0.0,0.0,0.0,0.0,0.0,0.0,0.0,0,-107875648.0,69,0.0,138,0.0,-0.0,0,13107,17040,13107,17049,0,17043,0,0,0,70,68,100,2.7302359370752657e+23,71.1,0.0,74.2,2.7302370179391762e+23,74.0,1,49,50,180,0,52429,0,0,0.0,0.0,0.0,0.0,-0.0,67.0,0.0,162057.094,0.0,750,0,739,0,0,0,721,0,766,0,735,0,742,0,741,0,712,0,7520,0.032,79456894976.0,0.0,0.0,784,16797,-0.0,162057.094,-114818.039,-0.0,0.133,6.909358625270745e+28,30.0,65.0,35,0.0,0.0,0.0,0.0,0.0,0.0,0.0,0.0,0.0,0.0,0.0,0.0,0.0,0.0,0.0,0.0,69.2,0,150,71,54,65476,0,300,0,1,8,20529,65476,0,0,40632,65.0,0.0,0.0,0.0,0.0,0.0
2026-09-04T20:50:16,ERR,ERR,ERR,ERR,ERR,ERR,ERR,ERR,ERR,ERR,ERR,ERR,ERR,ERR,ERR,ERR,ERR,ERR,ERR,ERR,ERR,ERR,ERR,ERR,ERR,ERR,ERR,ERR,ERR,ERR,ERR,ERR,ERR,ERR,ERR,ERR,ERR,ERR,ERR,ERR,ERR,ERR,ERR,ERR,ERR,ERR,ERR,ERR,ERR,ERR,ERR,ERR,ERR,ERR,ERR,ERR,ERR,ERR,ERR,ERR,ERR,ERR,ERR,ERR,ERR,ERR,ERR,ERR,ERR,ERR,ERR,ERR,ERR,ERR,ERR,ERR,ERR,ERR,ERR,ERR,ERR,ERR,ERR,ERR,ERR,ERR,ERR,ERR,ERR,ERR,ERR,ERR,ERR,ERR,ERR,ERR,ERR,ERR,ERR,ERR,ERR,ERR,ERR,ERR,ERR,ERR,ERR,ERR,ERR,ERR,ERR,ERR,ERR,ERR,ERR,ERR,ERR,ERR,ERR,ERR,ERR,ERR,ERR,ERR,ERR,0.0,0.0,0.0,0.0,0.0,1.3936040501711995e+18,7.805,0.0,0,0,4,0,7116,0.0,100,0.0,0.0,0.0,0.0,0.0,0,0,0,0,0.0,0,0,0,0,0,0,0,0,0,0,0,0,0,0,0,0,0,0,0,0,0,0,0,0,0,0,0,0,0,0,0,0,0,31,40,40,71,65476,0,300,0,0,8,21553,0.0,-107605600.0,0.0,0.0,0.0,0.0,0.0,0.0,0.0,0.0,0.0,0.0,0.0,0.0,0.0,0.0,0.0,0.0,0.0,0.0,0.0,0.0,-0.0,2.004,2.004,-0.0,0.0,0.0,0.0,0.0,6396.0,-131351.109,6942.0,0.0,0.0,0.0,0.0,0.0,0.0,0.0,0.0,69,-0.059,-3.222023058662249e+26,0.0,0.0,0.0,0.0,0.0,0.0,0.0,0,0,0,0.0,0.0,0.0,0.0,0.0,0.0,0.0,0.0,0.0,0.0,0.0,0.0,0.0,0.0,0.0,0.0,0,-107875648.0,69,0.0,138,0.0,-0.0,0,13107,17040,13107,17049,0,17043,0,0,0,70,68,100,2.7302359370752657e+23,71.1,0.0,74.2,2.7302370179391762e+23,74.0,1,49,50,180,0,52429,0,0,0.0,0.0,0.0,0.0,-0.0,67.0,0.0,162057.094,0.0,750,0,739,0,0,0,721,0,766,0,735,0,742,0,741,0,712,0,7520,0.032,79456894976.0,0.0,0.0,784,16797,-0.0,162057.094,-114818.039,-0.0,0.133,6.909358625270745e+28,30.0,65.0,35,0.0,0.0,0.0,0.0,0.0,0.0,0.0,0.0,0.0,0.0,0.0,0.0,0.0,0.0,0.0,0.0,69.2,0,150,71,54,65476,0,300,0,1,8,20529,65476,0,0,40632,65.0,0.0,0.0,0.0,0.0,0.0
2026-09-04T20:50:17,ERR,ERR,ERR,ERR,ERR,ERR,ERR,ERR,ERR,ERR,ERR,ERR,ERR,ERR,ERR,ERR,ERR,ERR,ERR,ERR,ERR,ERR,ERR,ERR,ERR,ERR,ERR,ERR,ERR,ERR,ERR,ERR,ERR,ERR,ERR,ERR,ERR,ERR,ERR,ERR,ERR,ERR,ERR,ERR,ERR,ERR,ERR,ERR,ERR,ERR,ERR,ERR,ERR,ERR,ERR,ERR,ERR,ERR,ERR,ERR,ERR,ERR,ERR,ERR,ERR,ERR,ERR,ERR,ERR,ERR,ERR,ERR,ERR,ERR,ERR,ERR,ERR,ERR,ERR,ERR,ERR,ERR,ERR,ERR,ERR,ERR,ERR,ERR,ERR,ERR,ERR,ERR,ERR,ERR,ERR,ERR,ERR,ERR,ERR,ERR,ERR,ERR,ERR,ERR,ERR,ERR,ERR,ERR,ERR,ERR,ERR,ERR,ERR,ERR,ERR,ERR,ERR,ERR,ERR,ERR,ERR,ERR,ERR,ERR,ERR,0.0,0.0,0.0,0.0,0.0,1.3936040501711995e+18,7.805,0.0,0,0,4,0,7116,0.0,100,0.0,0.0,0.0,0.0,0.0,0,0,0,0,0.0,0,0,0,0,0,0,0,0,0,0,0,0,0,0,0,0,0,0,0,0,0,0,0,0,0,0,0,0,0,0,0,0,0,31,40,40,71,65476,0,300,0,0,8,21553,0.0,-107605600.0,0.0,0.0,0.0,0.0,0.0,0.0,0.0,0.0,0.0,0.0,0.0,0.0,0.0,0.0,0.0,0.0,0.0,0.0,0.0,0.0,-0.0,2.004,2.004,-0.0,0.0,0.0,0.0,0.0,6396.0,-131351.109,6942.0,0.0,0.0,0.0,0.0,0.0,0.0,0.0,0.0,69,-0.059,-3.222023058662249e+26,0.0,0.0,0.0,0.0,0.0,0.0,0.0,0,0,0,0.0,0.0,0.0,0.0,0.0,0.0,0.0,0.0,0.0,0.0,0.0,0.0,0.0,0.0,0.0,0.0,0,-107875648.0,69,0.0,138,0.0,-0.0,0,13107,17040,13107,17049,0,17043,0,0,0,70,68,100,2.7302359370752657e+23,71.1,0.0,74.2,2.7302370179391762e+23,74.0,1,49,50,180,0,52429,0,0,0.0,0.0,0.0,0.0,-0.0,67.0,0.0,162057.094,0.0,750,0,739,0,0,0,721,0,766,0,735,0,742,0,741,0,712,0,7520,0.032,79456894976.0,0.0,0.0,784,16797,-0.0,162057.094,-114818.039,-0.0,0.133,6.909358625270745e+28,30.0,65.0,35,0.0,0.0,0.0,0.0,0.0,0.0,0.0,0.0,0.0,0.0,0.0,0.0,0.0,0.0,0.0,0.0,69.2,0,150,71,54,65476,0,300,0,1,8,20529,65476,0,0,40632,65.0,0.0,0.0,0.0,0.0,0.0
2026-09-04T20:50:18,ERR,ERR,ERR,ERR,ERR,ERR,ERR,ERR,ERR,ERR,ERR,ERR,ERR,ERR,ERR,ERR,ERR,ERR,ERR,ERR,ERR,ERR,ERR,ERR,ERR,ERR,ERR,ERR,ERR,ERR,ERR,ERR,ERR,ERR,ERR,ERR,ERR,ERR,ERR,ERR,ERR,ERR,ERR,ERR,ERR,ERR,ERR,ERR,ERR,ERR,ERR,ERR,ERR,ERR,ERR,ERR,ERR,ERR,ERR,ERR,ERR,ERR,ERR,ERR,ERR,ERR,ERR,ERR,ERR,ERR,ERR,ERR,ERR,ERR,ERR,ERR,ERR,ERR,ERR,ERR,ERR,ERR,ERR,ERR,ERR,ERR,ERR,ERR,ERR,ERR,ERR,ERR,ERR,ERR,ERR,ERR,ERR,ERR,ERR,ERR,ERR,ERR,ERR,ERR,ERR,ERR,ERR,ERR,ERR,ERR,ERR,ERR,ERR,ERR,ERR,ERR,ERR,ERR,ERR,ERR,ERR,ERR,ERR,ERR,ERR,0.0,0.0,0.0,0.0,0.0,1.3936040501711995e+18,7.805,0.0,0,0,4,0,7116,0.0,100,0.0,0.0,0.0,0.0,0.0,0,0,0,0,0.0,0,0,0,0,0,0,0,0,0,0,0,0,0,0,0,0,0,0,0,0,0,0,0,0,0,0,0,0,0,0,0,0,0,31,40,40,71,65476,0,300,0,0,8,21553,0.0,-107605600.0,0.0,0.0,0.0,0.0,0.0,0.0,0.0,0.0,0.0,0.0,0.0,0.0,0.0,0.0,0.0,0.0,0.0,0.0,0.0,0.0,-0.0,2.004,2.004,-0.0,0.0,0.0,0.0,0.0,6396.0,-131351.109,6942.0,0.0,0.0,0.0,0.0,0.0,0.0,0.0,0.0,69,-0.059,-3.222023058662249e+26,0.0,0.0,0.0,0.0,0.0,0.0,0.0,0,0,0,0.0,0.0,0.0,0.0,0.0,0.0,0.0,0.0,0.0,0.0,0.0,0.0,0.0,0.0,0.0,0.0,0,-107875648.0,69,0.0,138,0.0,-0.0,0,13107,17040,13107,17049,0,17043,0,0,0,70,68,100,2.7302359370752657e+23,71.1,0.0,74.2,2.7302370179391762e+23,74.0,1,49,50,180,0,52429,0,0,0.0,0.0,0.0,0.0,-0.0,67.0,0.0,162057.094,0.0,750,0,739,0,0,0,721,0,766,0,735,0,742,0,741,0,712,0,7520,0.032,79456894976.0,0.0,0.0,784,16797,-0.0,162057.094,-114818.039,-0.0,0.133,6.909358625270745e+28,30.0,65.0,35,0.0,0.0,0.0,0.0,0.0,0.0,0.0,0.0,0.0,0.0,0.0,0.0,0.0,0.0,0.0,0.0,69.2,0,150,71,54,65476,0,300,0,1,8,20529,65476,0,0,40632,65.0,0.0,0.0,0.0,0.0,0.0
2026-09-04T20:50:19,ERR,ERR,ERR,ERR,ERR,ERR,ERR,ERR,ERR,ERR,ERR,ERR,ERR,ERR,ERR,ERR,ERR,ERR,ERR,ERR,ERR,ERR,ERR,ERR,ERR,ERR,ERR,ERR,ERR,ERR,ERR,ERR,ERR,ERR,ERR,ERR,ERR,ERR,ERR,ERR,ERR,ERR,ERR,ERR,ERR,ERR,ERR,ERR,ERR,ERR,ERR,ERR,ERR,ERR,ERR,ERR,ERR,ERR,ERR,ERR,ERR,ERR,ERR,ERR,ERR,ERR,ERR,ERR,ERR,ERR,ERR,ERR,ERR,ERR,ERR,ERR,ERR,ERR,ERR,ERR,ERR,ERR,ERR,ERR,ERR,ERR,ERR,ERR,ERR,ERR,ERR,ERR,ERR,ERR,ERR,ERR,ERR,ERR,ERR,ERR,ERR,ERR,ERR,ERR,ERR,ERR,ERR,ERR,ERR,ERR,ERR,ERR,ERR,ERR,ERR,ERR,ERR,ERR,ERR,ERR,ERR,ERR,ERR,ERR,ERR,0.0,0.0,0.0,0.0,0.0,1.3936040501711995e+18,7.805,0.0,0,0,4,0,7116,0.0,100,0.0,0.0,0.0,0.0,0.0,0,0,0,0,0.0,0,0,0,0,0,0,0,0,0,0,0,0,0,0,0,0,0,0,0,0,0,0,0,0,0,0,0,0,0,0,0,0,0,31,40,40,71,65476,0,300,0,0,8,21553,0.0,-107605600.0,0.0,0.0,0.0,0.0,0.0,0.0,0.0,0.0,0.0,0.0,0.0,0.0,0.0,0.0,0.0,0.0,0.0,0.0,0.0,0.0,-0.0,2.004,2.004,-0.0,0.0,0.0,0.0,0.0,6396.0,-131351.109,6942.0,0.0,0.0,0.0,0.0,0.0,0.0,0.0,0.0,69,-0.059,-3.222023058662249e+26,0.0,0.0,0.0,0.0,0.0,0.0,0.0,0,0,0,0.0,0.0,0.0,0.0,0.0,0.0,0.0,0.0,0.0,0.0,0.0,0.0,0.0,0.0,0.0,0.0,0,-107875648.0,69,0.0,138,0.0,-0.0,0,13107,17040,13107,17049,0,17043,0,0,0,70,68,100,2.7302359370752657e+23,71.1,0.0,74.2,2.7302370179391762e+23,74.0,1,49,50,180,0,52429,0,0,0.0,0.0,0.0,0.0,-0.0,67.0,0.0,162057.094,0.0,750,0,739,0,0,0,721,0,766,0,735,0,742,0,741,0,712,0,7520,0.032,79993765888.0,0.0,0.0,784,16797,-0.0,162057.094,-114818.039,-0.0,0.133,6.909358625270745e+28,30.0,65.0,35,0.0,0.0,0.0,0.0,0.0,0.0,0.0,0.0,0.0,0.0,0.0,0.0,0.0,0.0,0.0,0.0,69.2,0,150,71,54,65476,0,300,0,1,8,20529,65476,0,0,40632,65.0,0.0,0.0,0.0,0.0,0.0
2026-09-04T20:50:20,ERR,ERR,ERR,ERR,ERR,ERR,ERR,ERR,ERR,ERR,ERR,ERR,ERR,ERR,ERR,ERR,ERR,ERR,ERR,ERR,ERR,ERR,ERR,ERR,ERR,ERR,ERR,ERR,ERR,ERR,ERR,ERR,ERR,ERR,ERR,ERR,ERR,ERR,ERR,ERR,ERR,ERR,ERR,ERR,ERR,ERR,ERR,ERR,ERR,ERR,ERR,ERR,ERR,ERR,ERR,ERR,ERR,ERR,ERR,ERR,ERR,ERR,ERR,ERR,ERR,ERR,ERR,ERR,ERR,ERR,ERR,ERR,ERR,ERR,ERR,ERR,ERR,ERR,ERR,ERR,ERR,ERR,ERR,ERR,ERR,ERR,ERR,ERR,ERR,ERR,ERR,ERR,ERR,ERR,ERR,ERR,ERR,ERR,ERR,ERR,ERR,ERR,ERR,ERR,ERR,ERR,ERR,ERR,ERR,ERR,ERR,ERR,ERR,ERR,ERR,ERR,ERR,ERR,ERR,ERR,ERR,ERR,ERR,ERR,ERR,0.0,0.0,0.0,0.0,0.0,1.3936040501711995e+18,7.805,0.0,0,0,4,0,7116,0.0,100,0.0,0.0,0.0,0.0,0.0,0,0,0,0,0.0,0,0,0,0,0,0,0,0,0,0,0,0,0,0,0,0,0,0,0,0,0,0,0,0,0,0,0,0,0,0,0,0,0,31,40,40,71,65476,0,300,0,0,8,21553,0.0,-107605600.0,0.0,0.0,0.0,0.0,0.0,0.0,0.0,0.0,0.0,0.0,0.0,0.0,0.0,0.0,0.0,0.0,0.0,0.0,0.0,0.0,-0.0,2.004,2.004,-0.0,0.0,0.0,0.0,0.0,6396.0,-131351.109,6942.0,0.0,0.0,0.0,0.0,0.0,0.0,0.0,0.0,69,-0.059,-3.222023058662249e+26,0.0,0.0,0.0,0.0,0.0,0.0,0.0,0,0,0,0.0,0.0,0.0,0.0,0.0,0.0,0.0,0.0,0.0,0.0,0.0,0.0,0.0,0.0,0.0,0.0,0,-107875648.0,69,0.0,138,0.0,-0.0,0,13107,17040,13107,17049,0,17043,0,0,0,70,68,100,2.7302359370752657e+23,71.1,0.0,74.2,2.7302370179391762e+23,74.0,1,49,50,180,0,52429,0,0,0.0,0.0,0.0,0.0,-0.0,67.0,0.0,162057.094,0.0,750,0,739,0,0,0,721,0,766,0,735,0,742,0,741,0,712,0,7520,0.032,79993765888.0,0.0,0.0,784,16797,-0.0,162057.094,-114818.039,-0.0,0.133,6.909358625270745e+28,30.0,65.0,35,0.0,0.0,0.0,0.0,0.0,0.0,0.0,0.0,0.0,0.0,0.0,0.0,0.0,0.0,0.0,0.0,69.6,0,150,71,54,65476,0,300,0,1,8,20529,65476,0,0,40632,65.0,0.0,0.0,0.0,0.0,0.0
2026-09-04T20:50:21,ERR,ERR,ERR,ERR,ERR,ERR,ERR,ERR,ERR,ERR,ERR,ERR,ERR,ERR,ERR,ERR,ERR,ERR,ERR,ERR,ERR,ERR,ERR,ERR,ERR,ERR,ERR,ERR,ERR,ERR,ERR,ERR,ERR,ERR,ERR,ERR,ERR,ERR,ERR,ERR,ERR,ERR,ERR,ERR,ERR,ERR,ERR,ERR,ERR,ERR,ERR,ERR,ERR,ERR,ERR,ERR,ERR,ERR,ERR,ERR,ERR,ERR,ERR,ERR,ERR,ERR,ERR,ERR,ERR,ERR,ERR,ERR,ERR,ERR,ERR,ERR,ERR,ERR,ERR,ERR,ERR,ERR,ERR,ERR,ERR,ERR,ERR,ERR,ERR,ERR,ERR,ERR,ERR,ERR,ERR,ERR,ERR,ERR,ERR,ERR,ERR,ERR,ERR,ERR,ERR,ERR,ERR,ERR,ERR,ERR,ERR,ERR,ERR,ERR,ERR,ERR,ERR,ERR,ERR,ERR,ERR,ERR,ERR,ERR,ERR,0.0,0.0,0.0,0.0,0.0,1.3936040501711995e+18,7.805,0.0,0,0,4,0,7116,0.0,100,0.0,0.0,0.0,0.0,0.0,0,0,0,0,0.0,0,0,0,0,0,0,0,0,0,0,0,0,0,0,0,0,0,0,0,0,0,0,0,0,0,0,0,0,0,0,0,0,0,31,40,40,71,65476,0,300,0,0,8,21553,0.0,-107605600.0,0.0,0.0,0.0,0.0,0.0,0.0,0.0,0.0,0.0,0.0,0.0,0.0,0.0,0.0,0.0,0.0,0.0,0.0,0.0,0.0,-0.0,2.004,2.004,-0.0,0.0,0.0,0.0,0.0,6396.0,-131351.109,6942.0,0.0,0.0,0.0,0.0,0.0,0.0,0.0,0.0,69,-0.059,-3.222023058662249e+26,0.0,0.0,0.0,0.0,0.0,0.0,0.0,0,0,0,0.0,0.0,0.0,0.0,0.0,0.0,0.0,0.0,0.0,0.0,0.0,0.0,0.0,0.0,0.0,0.0,0,-107875648.0,69,0.0,138,0.0,-0.0,0,13107,17040,13107,17049,0,17043,0,0,0,70,68,100,2.7302359370752657e+23,71.1,0.0,74.2,2.7302370179391762e+23,74.0,1,49,50,180,0,52429,0,0,0.0,0.0,0.0,0.0,-0.0,67.0,0.0,162057.094,0.0,750,0,739,0,0,0,721,0,766,0,735,0,742,0,741,0,712,0,7520,0.032,79993765888.0,0.0,0.0,784,16797,-0.0,162057.094,-114818.039,-0.0,0.133,6.909358625270745e+28,30.0,65.0,35,0.0,0.0,0.0,0.0,0.0,0.0,0.0,0.0,0.0,0.0,0.0,0.0,0.0,0.0,0.0,0.0,69.6,0,150,71,54,65476,0,300,0,1,8,20529,65476,0,0,40632,65.0,0.0,0.0,0.0,0.0,0.0
2026-09-04T20:50:22,ERR,ERR,ERR,ERR,ERR,ERR,ERR,ERR,ERR,ERR,ERR,ERR,ERR,ERR,ERR,ERR,ERR,ERR,ERR,ERR,ERR,ERR,ERR,ERR,ERR,ERR,ERR,ERR,ERR,ERR,ERR,ERR,ERR,ERR,ERR,ERR,ERR,ERR,ERR,ERR,ERR,ERR,ERR,ERR,ERR,ERR,ERR,ERR,ERR,ERR,ERR,ERR,ERR,ERR,ERR,ERR,ERR,ERR,ERR,ERR,ERR,ERR,ERR,ERR,ERR,ERR,ERR,ERR,ERR,ERR,ERR,ERR,ERR,ERR,ERR,ERR,ERR,ERR,ERR,ERR,ERR,ERR,ERR,ERR,ERR,ERR,ERR,ERR,ERR,ERR,ERR,ERR,ERR,ERR,ERR,ERR,ERR,ERR,ERR,ERR,ERR,ERR,ERR,ERR,ERR,ERR,ERR,ERR,ERR,ERR,ERR,ERR,ERR,ERR,ERR,ERR,ERR,ERR,ERR,ERR,ERR,ERR,ERR,ERR,ERR,0.0,0.0,0.0,0.0,0.0,1.3936040501711995e+18,7.805,0.0,0,0,4,0,7116,0.0,100,0.0,0.0,0.0,0.0,0.0,0,0,0,0,0.0,0,0,0,0,0,0,0,0,0,0,0,0,0,0,0,0,0,0,0,0,0,0,0,0,0,0,0,0,0,0,0,0,0,31,40,40,71,65476,0,300,0,0,8,21553,0.0,-107605600.0,0.0,0.0,0.0,0.0,0.0,0.0,0.0,0.0,0.0,0.0,0.0,0.0,0.0,0.0,0.0,0.0,0.0,0.0,0.0,0.0,-0.0,2.004,2.004,-0.0,0.0,0.0,0.0,0.0,6404.0,3.6972054850293465e+19,6924.0,0.0,0.0,0.0,0.0,0.0,0.0,0.0,0.0,69,-152018572279808.0,0.059,0.0,0.0,0.0,0.0,0.0,0.0,0.0,0,0,0,0.0,0.0,0.0,0.0,0.0,0.0,0.0,0.0,0.0,0.0,0.0,0.0,0.0,0.0,0.0,0.0,0,-107875648.0,69,0.0,138,0.0,-0.0,0,13107,17040,13107,17049,0,17043,0,0,0,70,68,100,2.7302359370752657e+23,71.1,0.0,74.2,2.7302370179391762e+23,74.0,1,49,50,180,0,52429,0,0,0.0,0.0,0.0,0.0,-0.0,67.0,0.0,162057.094,0.0,750,0,739,0,0,0,721,0,766,0,735,0,742,0,741,0,712,0,7520,0.032,79993765888.0,0.0,0.0,784,16797,-0.0,162057.094,-114818.039,-0.0,0.133,6.909358625270745e+28,30.0,65.0,35,0.0,0.0,0.0,0.0,0.0,0.0,0.0,0.0,0.0,0.0,0.0,0.0,0.0,0.0,0.0,0.0,69.6,0,150,71,54,65476,0,300,0,1,8,20529,65476,0,0,40632,65.0,0.0,0.0,0.0,0.0,0.0
2026-09-04T20:50:23,ERR,ERR,ERR,ERR,ERR,ERR,ERR,ERR,ERR,ERR,ERR,ERR,ERR,ERR,ERR,ERR,ERR,ERR,ERR,ERR,ERR,ERR,ERR,ERR,ERR,ERR,ERR,ERR,ERR,ERR,ERR,ERR,ERR,ERR,ERR,ERR,ERR,ERR,ERR,ERR,ERR,ERR,ERR,ERR,ERR,ERR,ERR,ERR,ERR,ERR,ERR,ERR,ERR,ERR,ERR,ERR,ERR,ERR,ERR,ERR,ERR,ERR,ERR,ERR,ERR,ERR,ERR,ERR,ERR,ERR,ERR,ERR,ERR,ERR,ERR,ERR,ERR,ERR,ERR,ERR,ERR,ERR,ERR,ERR,ERR,ERR,ERR,ERR,ERR,ERR,ERR,ERR,ERR,ERR,ERR,ERR,ERR,ERR,ERR,ERR,ERR,ERR,ERR,ERR,ERR,ERR,ERR,ERR,ERR,ERR,ERR,ERR,ERR,ERR,ERR,ERR,ERR,ERR,ERR,ERR,ERR,ERR,ERR,ERR,ERR,0.0,0.0,0.0,0.0,0.0,1.3936040501711995e+18,7.805,0.0,0,0,4,0,7116,0.0,100,0.0,0.0,0.0,0.0,0.0,0,0,0,0,0.0,0,0,0,0,0,0,0,0,0,0,0,0,0,0,0,0,0,0,0,0,0,0,0,0,0,0,0,0,0,0,0,0,0,31,40,40,71,65476,0,300,0,0,8,21553,0.0,-107605600.0,0.0,0.0,0.0,0.0,0.0,0.0,0.0,0.0,0.0,0.0,0.0,0.0,0.0,0.0,0.0,0.0,0.0,0.0,0.0,0.0,-0.0,2.004,2.004,-0.0,0.0,0.0,0.0,0.0,6404.0,3.6972054850293465e+19,6924.0,0.0,0.0,0.0,0.0,0.0,0.0,0.0,0.0,69,-152018572279808.0,0.059,0.0,0.0,0.0,0.0,0.0,0.0,0.0,0,0,0,0.0,0.0,0.0,0.0,0.0,0.0,0.0,0.0,0.0,0.0,0.0,0.0,0.0,0.0,0.0,0.0,0,-107875648.0,69,0.0,138,0.0,-0.0,0,13107,17040,13107,17049,0,17043,0,0,0,70,68,100,2.7302359370752657e+23,71.1,0.0,74.2,2.7302370179391762e+23,74.0,1,49,50,180,0,52429,0,0,0.0,0.0,0.0,0.0,-0.0,67.0,0.0,162057.094,0.0,750,0,739,0,0,0,721,0,766,0,735,0,742,0,741,0,712,0,7520,0.032,79993765888.0,0.0,0.0,784,16797,-0.0,162057.094,-114818.039,-0.0,0.133,6.909358625270745e+28,30.0,65.0,35,0.0,0.0,0.0,0.0,0.0,0.0,0.0,0.0,0.0,0.0,0.0,0.0,0.0,0.0,0.0,0.0,69.6,0,150,71,54,65476,0,300,0,1,8,20529,65476,0,0,40632,65.0,0.0,0.0,0.0,0.0,0.0
2026-09-04T20:50:24,ERR,ERR,ERR,ERR,ERR,ERR,ERR,ERR,ERR,ERR,ERR,ERR,ERR,ERR,ERR,ERR,ERR,ERR,ERR,ERR,ERR,ERR,ERR,ERR,ERR,ERR,ERR,ERR,ERR,ERR,ERR,ERR,ERR,ERR,ERR,ERR,ERR,ERR,ERR,ERR,ERR,ERR,ERR,ERR,ERR,ERR,ERR,ERR,ERR,ERR,ERR,ERR,ERR,ERR,ERR,ERR,ERR,ERR,ERR,ERR,ERR,ERR,ERR,ERR,ERR,ERR,ERR,ERR,ERR,ERR,ERR,ERR,ERR,ERR,ERR,ERR,ERR,ERR,ERR,ERR,ERR,ERR,ERR,ERR,ERR,ERR,ERR,ERR,ERR,ERR,ERR,ERR,ERR,ERR,ERR,ERR,ERR,ERR,ERR,ERR,ERR,ERR,ERR,ERR,ERR,ERR,ERR,ERR,ERR,ERR,ERR,ERR,ERR,ERR,ERR,ERR,ERR,ERR,ERR,ERR,ERR,ERR,ERR,ERR,ERR,0.0,0.0,0.0,0.0,0.0,1.3936040501711995e+18,7.805,0.0,0,0,4,0,7116,0.0,100,0.0,0.0,0.0,0.0,0.0,0,0,0,0,0.0,0,0,0,0,0,0,0,0,0,0,0,0,0,0,0,0,0,0,0,0,0,0,0,0,0,0,0,0,0,0,0,0,0,31,40,40,71,65476,0,300,0,0,8,21553,0.0,-107605600.0,0.0,0.0,0.0,0.0,0.0,0.0,0.0,0.0,0.0,0.0,0.0,0.0,0.0,0.0,0.0,0.0,0.0,0.0,0.0,0.0,-0.0,2.004,2.004,-0.0,0.0,0.0,0.0,0.0,6404.0,3.6972054850293465e+19,6924.0,0.0,0.0,0.0,0.0,0.0,0.0,0.0,0.0,69,-152018572279808.0,0.059,0.0,0.0,0.0,0.0,0.0,0.0,0.0,0,0,0,0.0,0.0,0.0,0.0,0.0,0.0,0.0,0.0,0.0,0.0,0.0,0.0,0.0,0.0,0.0,0.0,0,-107875648.0,69,0.0,138,0.0,-0.0,0,13107,17040,13107,17049,0,17043,0,0,0,70,68,100,2.7302359370752657e+23,71.1,0.0,74.2,2.7302370179391762e+23,74.0,1,49,50,180,0,52429,0,0,0.0,0.0,0.0,0.0,-0.0,67.0,0.0,162057.094,0.0,750,0,739,0,0,0,721,0,766,0,735,0,742,0,741,0,712,0,7520,0.032,79456894976.0,0.0,0.0,784,16797,-0.0,162057.094,-114818.039,-0.0,0.133,6.909358625270745e+28,30.0,65.0,35,0.0,0.0,0.0,0.0,0.0,0.0,0.0,0.0,0.0,0.0,0.0,0.0,0.0,0.0,0.0,0.0,69.6,0,150,71,54,65476,0,300,0,1,8,20529,65476,0,0,40632,65.0,0.0,0.0,0.0,0.0,0.0
2026-09-04T20:50:25,ERR,ERR,ERR,ERR,ERR,ERR,ERR,ERR,ERR,ERR,ERR,ERR,ERR,ERR,ERR,ERR,ERR,ERR,ERR,ERR,ERR,ERR,ERR,ERR,ERR,ERR,ERR,ERR,ERR,ERR,ERR,ERR,ERR,ERR,ERR,ERR,ERR,ERR,ERR,ERR,ERR,ERR,ERR,ERR,ERR,ERR,ERR,ERR,ERR,ERR,ERR,ERR,ERR,ERR,ERR,ERR,ERR,ERR,ERR,ERR,ERR,ERR,ERR,ERR,ERR,ERR,ERR,ERR,ERR,ERR,ERR,ERR,ERR,ERR,ERR,ERR,ERR,ERR,ERR,ERR,ERR,ERR,ERR,ERR,ERR,ERR,ERR,ERR,ERR,ERR,ERR,ERR,ERR,ERR,ERR,ERR,ERR,ERR,ERR,ERR,ERR,ERR,ERR,ERR,ERR,ERR,ERR,ERR,ERR,ERR,ERR,ERR,ERR,ERR,ERR,ERR,ERR,ERR,ERR,ERR,ERR,ERR,ERR,ERR,ERR,0.0,0.0,0.0,0.0,0.0,1.3936040501711995e+18,7.805,0.0,0,0,4,0,7116,0.0,100,0.0,0.0,0.0,0.0,0.0,0,0,0,0,0.0,0,0,0,0,0,0,0,0,0,0,0,0,0,0,0,0,0,0,0,0,0,0,0,0,0,0,0,0,0,0,0,0,0,31,40,40,71,65476,0,300,0,0,8,21553,0.0,-107605600.0,0.0,0.0,0.0,0.0,0.0,0.0,0.0,0.0,0.0,0.0,0.0,0.0,0.0,0.0,0.0,0.0,0.0,0.0,0.0,0.0,-0.0,2.004,2.004,-0.0,0.0,0.0,0.0,0.0,6404.0,3.6972054850293465e+19,6924.0,0.0,0.0,0.0,0.0,0.0,0.0,0.0,0.0,69,-152018572279808.0,0.059,0.0,0.0,0.0,0.0,0.0,0.0,0.0,0,0,0,0.0,0.0,0.0,0.0,0.0,0.0,0.0,0.0,0.0,0.0,0.0,0.0,0.0,0.0,0.0,0.0,0,-107875648.0,69,0.0,138,0.0,-0.0,0,13107,17040,13107,17049,0,17043,0,0,0,70,68,100,2.7302359370752657e+23,71.1,0.0,74.2,2.7302370179391762e+23,74.0,1,49,50,180,0,52429,0,0,0.0,0.0,0.0,0.0,-0.0,67.0,0.0,162057.094,0.0,750,0,739,0,0,0,721,0,766,0,735,0,742,0,741,0,712,0,7520,0.032,79456894976.0,0.0,0.0,784,16797,-0.0,162057.094,-114818.039,-0.0,0.133,6.909358625270745e+28,30.0,65.0,35,0.0,0.0,0.0,0.0,0.0,0.0,0.0,0.0,0.0,0.0,0.0,0.0,0.0,0.0,0.0,0.0,69.2,0,150,71,54,65476,0,300,0,1,8,20529,65476,0,0,40632,65.0,0.0,0.0,0.0,0.0,0.0
2026-09-04T20:50:26,ERR,ERR,ERR,ERR,ERR,ERR,ERR,ERR,ERR,ERR,ERR,ERR,ERR,ERR,ERR,ERR,ERR,ERR,ERR,ERR,ERR,ERR,ERR,ERR,ERR,ERR,ERR,ERR,ERR,ERR,ERR,ERR,ERR,ERR,ERR,ERR,ERR,ERR,ERR,ERR,ERR,ERR,ERR,ERR,ERR,ERR,ERR,ERR,ERR,ERR,ERR,ERR,ERR,ERR,ERR,ERR,ERR,ERR,ERR,ERR,ERR,ERR,ERR,ERR,ERR,ERR,ERR,ERR,ERR,ERR,ERR,ERR,ERR,ERR,ERR,ERR,ERR,ERR,ERR,ERR,ERR,ERR,ERR,ERR,ERR,ERR,ERR,ERR,ERR,ERR,ERR,ERR,ERR,ERR,ERR,ERR,ERR,ERR,ERR,ERR,ERR,ERR,ERR,ERR,ERR,ERR,ERR,ERR,ERR,ERR,ERR,ERR,ERR,ERR,ERR,ERR,ERR,ERR,ERR,ERR,ERR,ERR,ERR,ERR,ERR,0.0,0.0,0.0,0.0,0.0,1.3936040501711995e+18,7.805,0.0,0,0,4,0,7116,0.0,100,0.0,0.0,0.0,0.0,0.0,0,0,0,0,0.0,0,0,0,0,0,0,0,0,0,0,0,0,0,0,0,0,0,0,0,0,0,0,0,0,0,0,0,0,0,0,0,0,0,31,40,40,71,65476,0,300,0,0,8,21553,0.0,-107605600.0,0.0,0.0,0.0,0.0,0.0,0.0,0.0,0.0,0.0,0.0,0.0,0.0,0.0,0.0,0.0,0.0,0.0,0.0,0.0,0.0,-0.0,2.004,2.004,-0.0,0.0,0.0,0.0,0.0,6404.0,3.6972054850293465e+19,6924.0,0.0,0.0,0.0,0.0,0.0,0.0,0.0,0.0,69,-152018572279808.0,0.059,0.0,0.0,0.0,0.0,0.0,0.0,0.0,0,0,0,0.0,0.0,0.0,0.0,0.0,0.0,0.0,0.0,0.0,0.0,0.0,0.0,0.0,0.0,0.0,0.0,0,-107875648.0,69,0.0,138,0.0,-0.0,0,13107,17040,13107,17049,0,17043,0,0,0,70,68,100,2.7302359370752657e+23,71.1,0.0,74.2,2.7302370179391762e+23,74.0,1,49,50,180,0,52429,0,0,0.0,0.0,0.0,0.0,-0.0,67.0,0.0,162057.094,0.0,750,0,739,0,0,0,721,0,766,0,735,0,742,0,741,0,712,0,7520,0.032,79456894976.0,0.0,0.0,784,16797,-0.0,162057.094,-114818.039,-0.0,0.133,6.909358625270745e+28,30.0,65.0,35,0.0,0.0,0.0,0.0,0.0,0.0,0.0,0.0,0.0,0.0,0.0,0.0,0.0,0.0,0.0,0.0,69.2,0,150,71,54,65476,0,300,0,1,8,20529,65476,0,0,40632,65.0,0.0,0.0,0.0,0.0,0.0
2026-09-04T20:50:27,ERR,ERR,ERR,ERR,ERR,ERR,ERR,ERR,ERR,ERR,ERR,ERR,ERR,ERR,ERR,ERR,ERR,ERR,ERR,ERR,ERR,ERR,ERR,ERR,ERR,ERR,ERR,ERR,ERR,ERR,ERR,ERR,ERR,ERR,ERR,ERR,ERR,ERR,ERR,ERR,ERR,ERR,ERR,ERR,ERR,ERR,ERR,ERR,ERR,ERR,ERR,ERR,ERR,ERR,ERR,ERR,ERR,ERR,ERR,ERR,ERR,ERR,ERR,ERR,ERR,ERR,ERR,ERR,ERR,ERR,ERR,ERR,ERR,ERR,ERR,ERR,ERR,ERR,ERR,ERR,ERR,ERR,ERR,ERR,ERR,ERR,ERR,ERR,ERR,ERR,ERR,ERR,ERR,ERR,ERR,ERR,ERR,ERR,ERR,ERR,ERR,ERR,ERR,ERR,ERR,ERR,ERR,ERR,ERR,ERR,ERR,ERR,ERR,ERR,ERR,ERR,ERR,ERR,ERR,ERR,ERR,ERR,ERR,ERR,ERR,0.0,0.0,0.0,0.0,0.0,1.3936040501711995e+18,7.805,0.0,0,0,4,0,7116,0.0,100,0.0,0.0,0.0,0.0,0.0,0,0,0,0,0.0,0,0,0,0,0,0,0,0,0,0,0,0,0,0,0,0,0,0,0,0,0,0,0,0,0,0,0,0,0,0,0,0,0,31,40,40,71,65476,0,300,0,0,8,21553,0.0,-107605600.0,0.0,0.0,0.0,0.0,0.0,0.0,0.0,0.0,0.0,0.0,0.0,0.0,0.0,0.0,0.0,0.0,0.0,0.0,0.0,0.0,-0.0,2.004,2.004,-0.0,0.0,0.0,0.0,0.0,6404.0,3.6972054850293465e+19,6924.0,0.0,0.0,0.0,0.0,0.0,0.0,0.0,0.0,69,-152018572279808.0,0.059,0.0,0.0,0.0,0.0,0.0,0.0,0.0,0,0,0,0.0,0.0,0.0,0.0,0.0,0.0,0.0,0.0,0.0,0.0,0.0,0.0,0.0,0.0,0.0,0.0,0,-107875648.0,69,0.0,138,0.0,-0.0,0,13107,17040,13107,17049,0,17043,0,0,0,70,68,100,2.7302359370752657e+23,71.1,0.0,74.2,2.7302370179391762e+23,74.0,1,49,50,180,0,52429,0,0,0.0,0.0,0.0,0.0,-0.0,67.0,0.0,162057.094,0.0,750,0,739,0,0,0,721,0,766,0,735,0,742,0,741,0,712,0,7520,0.032,79456894976.0,0.0,0.0,784,16797,-0.0,162057.094,-114818.039,-0.0,0.133,6.909358625270745e+28,30.0,65.0,35,0.0,0.0,0.0,0.0,0.0,0.0,0.0,0.0,0.0,0.0,0.0,0.0,0.0,0.0,0.0,0.0,69.2,0,150,71,54,65476,0,300,0,1,8,20529,65476,0,0,40632,65.0,0.0,0.0,0.0,0.0,0.0
2026-09-04T20:50:28,ERR,ERR,ERR,ERR,ERR,ERR,ERR,ERR,ERR,ERR,ERR,ERR,ERR,ERR,ERR,ERR,ERR,ERR,ERR,ERR,ERR,ERR,ERR,ERR,ERR,ERR,ERR,ERR,ERR,ERR,ERR,ERR,ERR,ERR,ERR,ERR,ERR,ERR,ERR,ERR,ERR,ERR,ERR,ERR,ERR,ERR,ERR,ERR,ERR,ERR,ERR,ERR,ERR,ERR,ERR,ERR,ERR,ERR,ERR,ERR,ERR,ERR,ERR,ERR,ERR,ERR,ERR,ERR,ERR,ERR,ERR,ERR,ERR,ERR,ERR,ERR,ERR,ERR,ERR,ERR,ERR,ERR,ERR,ERR,ERR,ERR,ERR,ERR,ERR,ERR,ERR,ERR,ERR,ERR,ERR,ERR,ERR,ERR,ERR,ERR,ERR,ERR,ERR,ERR,ERR,ERR,ERR,ERR,ERR,ERR,ERR,ERR,ERR,ERR,ERR,ERR,ERR,ERR,ERR,ERR,ERR,ERR,ERR,ERR,ERR,0.0,0.0,0.0,0.0,0.0,1.3936040501711995e+18,7.805,0.0,0,0,4,0,7116,0.0,100,0.0,0.0,0.0,0.0,0.0,0,0,0,0,0.0,0,0,0,0,0,0,0,0,0,0,0,0,0,0,0,0,0,0,0,0,0,0,0,0,0,0,0,0,0,0,0,0,0,31,40,40,71,65476,0,300,0,0,8,21553,0.0,-107605600.0,0.0,0.0,0.0,0.0,0.0,0.0,0.0,0.0,0.0,0.0,0.0,0.0,0.0,0.0,0.0,0.0,0.0,0.0,0.0,0.0,-0.0,2.004,2.004,-0.0,0.0,0.0,0.0,0.0,6368.0,0.0,6917.0,0.0,0.0,2.7184303811560617e+23,0.0,0.0,0.0,0.0,0.0,69,-71.63,-3.222022689727367e+26,0.0,0.0,0.0,0.0,0.0,0.0,0.0,0,0,0,0.0,0.0,0.0,0.0,0.0,0.0,0.0,0.0,0.0,0.0,0.0,0.0,0.0,0.0,0.0,0.0,0,-107875648.0,69,0.0,138,0.0,-0.0,0,13107,17040,13107,17049,0,17043,0,0,0,70,68,100,2.7302359370752657e+23,71.1,0.0,74.2,2.7302370179391762e+23,74.0,1,49,50,180,0,52429,0,0,0.0,0.0,0.0,0.0,-0.0,67.0,0.0,162057.094,0.0,750,0,739,0,0,0,721,0,766,0,735,0,742,0,741,0,712,0,7520,0.032,78920024064.0,0.0,0.0,784,16797,-0.0,162057.094,-114818.039,-0.0,0.133,6.909358625270745e+28,30.0,65.0,35,0.0,0.0,0.0,0.0,0.0,0.0,0.0,0.0,0.0,0.0,0.0,0.0,0.0,0.0,0.0,0.0,69.2,0,150,71,54,65476,0,300,0,1,8,20529,65476,0,0,40632,65.0,0.0,0.0,0.0,0.0,0.0
2026-09-04T20:50:29,ERR,ERR,ERR,ERR,ERR,ERR,ERR,ERR,ERR,ERR,ERR,ERR,ERR,ERR,ERR,ERR,ERR,ERR,ERR,ERR,ERR,ERR,ERR,ERR,ERR,ERR,ERR,ERR,ERR,ERR,ERR,ERR,ERR,ERR,ERR,ERR,ERR,ERR,ERR,ERR,ERR,ERR,ERR,ERR,ERR,ERR,ERR,ERR,ERR,ERR,ERR,ERR,ERR,ERR,ERR,ERR,ERR,ERR,ERR,ERR,ERR,ERR,ERR,ERR,ERR,ERR,ERR,ERR,ERR,ERR,ERR,ERR,ERR,ERR,ERR,ERR,ERR,ERR,ERR,ERR,ERR,ERR,ERR,ERR,ERR,ERR,ERR,ERR,ERR,ERR,ERR,ERR,ERR,ERR,ERR,ERR,ERR,ERR,ERR,ERR,ERR,ERR,ERR,ERR,ERR,ERR,ERR,ERR,ERR,ERR,ERR,ERR,ERR,ERR,ERR,ERR,ERR,ERR,ERR,ERR,ERR,ERR,ERR,ERR,ERR,0.0,0.0,0.0,0.0,0.0,1.3936040501711995e+18,7.805,0.0,0,0,4,0,7116,0.0,100,0.0,0.0,0.0,0.0,0.0,0,0,0,0,0.0,0,0,0,0,0,0,0,0,0,0,0,0,0,0,0,0,0,0,0,0,0,0,0,0,0,0,0,0,0,0,0,0,0,31,40,40,71,65476,0,300,0,0,8,21553,0.0,-107605600.0,0.0,0.0,0.0,0.0,0.0,0.0,0.0,0.0,0.0,0.0,0.0,0.0,0.0,0.0,0.0,0.0,0.0,0.0,0.0,0.0,-0.0,2.004,2.004,-0.0,0.0,0.0,0.0,0.0,6368.0,0.0,6917.0,0.0,0.0,2.7184303811560617e+23,0.0,0.0,0.0,0.0,0.0,69,-71.63,-3.222022689727367e+26,0.0,0.0,0.0,0.0,0.0,0.0,0.0,0,0,0,0.0,0.0,0.0,0.0,0.0,0.0,0.0,0.0,0.0,0.0,0.0,0.0,0.0,0.0,0.0,0.0,0,-107875648.0,69,0.0,138,0.0,-0.0,0,13107,17040,13107,17049,0,17043,0,0,0,70,68,100,2.7302359370752657e+23,71.1,0.0,74.2,2.7302370179391762e+23,74.0,1,49,50,180,0,52429,0,0,0.0,0.0,0.0,0.0,-0.0,67.0,0.0,162057.094,0.0,750,0,739,0,0,0,721,0,766,0,735,0,742,0,741,0,712,0,7520,0.032,78920024064.0,0.0,0.0,784,16797,-0.0,162057.094,-114818.039,-0.0,0.133,6.909358625270745e+28,30.0,65.0,35,0.0,0.0,0.0,0.0,0.0,0.0,0.0,0.0,0.0,0.0,0.0,0.0,0.0,0.0,0.0,0.0,69.6,0,150,71,54,65476,0,300,0,1,8,20529,65476,0,0,40632,65.0,0.0,0.0,0.0,0.0,0.0
2026-09-04T20:50:30,ERR,ERR,ERR,ERR,ERR,ERR,ERR,ERR,ERR,ERR,ERR,ERR,ERR,ERR,ERR,ERR,ERR,ERR,ERR,ERR,ERR,ERR,ERR,ERR,ERR,ERR,ERR,ERR,ERR,ERR,ERR,ERR,ERR,ERR,ERR,ERR,ERR,ERR,ERR,ERR,ERR,ERR,ERR,ERR,ERR,ERR,ERR,ERR,ERR,ERR,ERR,ERR,ERR,ERR,ERR,ERR,ERR,ERR,ERR,ERR,ERR,ERR,ERR,ERR,ERR,ERR,ERR,ERR,ERR,ERR,ERR,ERR,ERR,ERR,ERR,ERR,ERR,ERR,ERR,ERR,ERR,ERR,ERR,ERR,ERR,ERR,ERR,ERR,ERR,ERR,ERR,ERR,ERR,ERR,ERR,ERR,ERR,ERR,ERR,ERR,ERR,ERR,ERR,ERR,ERR,ERR,ERR,ERR,ERR,ERR,ERR,ERR,ERR,ERR,ERR,ERR,ERR,ERR,ERR,ERR,ERR,ERR,ERR,ERR,ERR,0.0,0.0,0.0,0.0,0.0,1.3936040501711995e+18,7.805,0.0,0,0,4,0,7116,0.0,100,0.0,0.0,0.0,0.0,0.0,0,0,0,0,0.0,0,0,0,0,0,0,0,0,0,0,0,0,0,0,0,0,0,0,0,0,0,0,0,0,0,0,0,0,0,0,0,0,0,31,40,40,71,65476,0,300,0,0,8,21553,0.0,-107605600.0,0.0,0.0,0.0,0.0,0.0,0.0,0.0,0.0,0.0,0.0,0.0,0.0,0.0,0.0,0.0,0.0,0.0,0.0,0.0,0.0,-0.0,2.004,2.004,-0.0,0.0,0.0,0.0,0.0,6368.0,0.0,6917.0,0.0,0.0,2.7184303811560617e+23,0.0,0.0,0.0,0.0,0.0,69,-71.63,-3.222022689727367e+26,0.0,0.0,0.0,0.0,0.0,0.0,0.0,0,0,0,0.0,0.0,0.0,0.0,0.0,0.0,0.0,0.0,0.0,0.0,0.0,0.0,0.0,0.0,0.0,0.0,0,-107875648.0,69,0.0,138,0.0,-0.0,0,13107,17040,13107,17049,0,17043,0,0,0,70,68,100,2.7302359370752657e+23,71.1,0.0,74.2,2.7302370179391762e+23,74.0,1,49,50,180,0,52429,0,0,0.0,0.0,0.0,0.0,-0.0,67.0,0.0,162057.094,0.0,750,0,739,0,0,0,721,0,766,0,735,0,742,0,741,0,712,0,7520,0.032,78920024064.0,0.0,0.0,784,16797,-0.0,162057.094,-114818.039,-0.0,0.133,6.909358625270745e+28,30.0,65.0,35,0.0,0.0,0.0,0.0,0.0,0.0,0.0,0.0,0.0,0.0,0.0,0.0,0.0,0.0,0.0,0.0,69.6,0,150,71,54,65476,0,300,0,1,8,20529,65476,0,0,40632,65.0,0.0,0.0,0.0,0.0,0.0
2026-09-04T20:50:31,ERR,ERR,ERR,ERR,ERR,ERR,ERR,ERR,ERR,ERR,ERR,ERR,ERR,ERR,ERR,ERR,ERR,ERR,ERR,ERR,ERR,ERR,ERR,ERR,ERR,ERR,ERR,ERR,ERR,ERR,ERR,ERR,ERR,ERR,ERR,ERR,ERR,ERR,ERR,ERR,ERR,ERR,ERR,ERR,ERR,ERR,ERR,ERR,ERR,ERR,ERR,ERR,ERR,ERR,ERR,ERR,ERR,ERR,ERR,ERR,ERR,ERR,ERR,ERR,ERR,ERR,ERR,ERR,ERR,ERR,ERR,ERR,ERR,ERR,ERR,ERR,ERR,ERR,ERR,ERR,ERR,ERR,ERR,ERR,ERR,ERR,ERR,ERR,ERR,ERR,ERR,ERR,ERR,ERR,ERR,ERR,ERR,ERR,ERR,ERR,ERR,ERR,ERR,ERR,ERR,ERR,ERR,ERR,ERR,ERR,ERR,ERR,ERR,ERR,ERR,ERR,ERR,ERR,ERR,ERR,ERR,ERR,ERR,ERR,ERR,0.0,0.0,0.0,0.0,0.0,1.3936040501711995e+18,7.805,0.0,0,0,4,0,7116,0.0,100,0.0,0.0,0.0,0.0,0.0,0,0,0,0,0.0,0,0,0,0,0,0,0,0,0,0,0,0,0,0,0,0,0,0,0,0,0,0,0,0,0,0,0,0,0,0,0,0,0,31,40,40,71,65476,0,300,0,0,8,21553,0.0,-107605600.0,0.0,0.0,0.0,0.0,0.0,0.0,0.0,0.0,0.0,0.0,0.0,0.0,0.0,0.0,0.0,0.0,0.0,0.0,0.0,0.0,-0.0,2.004,2.004,-0.0,0.0,0.0,0.0,0.0,6368.0,0.0,6917.0,0.0,0.0,2.7184303811560617e+23,0.0,0.0,0.0,0.0,0.0,69,-71.63,-3.222022689727367e+26,0.0,0.0,0.0,0.0,0.0,0.0,0.0,0,0,0,0.0,0.0,0.0,0.0,0.0,0.0,0.0,0.0,0.0,0.0,0.0,0.0,0.0,0.0,0.0,0.0,0,-107875648.0,69,0.0,138,0.0,-0.0,0,13107,17040,13107,17049,0,17043,0,0,0,70,68,100,2.7302359370752657e+23,71.1,0.0,74.2,2.7302370179391762e+23,74.0,1,49,50,180,0,52429,0,0,0.0,0.0,0.0,0.0,-0.0,67.0,0.0,162057.094,0.0,750,0,739,0,0,0,721,0,766,0,735,0,742,0,741,0,712,0,7520,0.032,78920024064.0,0.0,0.0,784,16797,-0.0,162057.094,-114818.039,-0.0,0.133,6.909358625270745e+28,30.0,65.0,35,0.0,0.0,0.0,0.0,0.0,0.0,0.0,0.0,0.0,0.0,0.0,0.0,0.0,0.0,0.0,0.0,69.6,0,150,71,54,65476,0,300,0,1,8,20529,65476,0,0,40632,65.0,0.0,0.0,0.0,0.0,0.0
2026-09-04T20:50:32,ERR,ERR,ERR,ERR,ERR,ERR,ERR,ERR,ERR,ERR,ERR,ERR,ERR,ERR,ERR,ERR,ERR,ERR,ERR,ERR,ERR,ERR,ERR,ERR,ERR,ERR,ERR,ERR,ERR,ERR,ERR,ERR,ERR,ERR,ERR,ERR,ERR,ERR,ERR,ERR,ERR,ERR,ERR,ERR,ERR,ERR,ERR,ERR,ERR,ERR,ERR,ERR,ERR,ERR,ERR,ERR,ERR,ERR,ERR,ERR,ERR,ERR,ERR,ERR,ERR,ERR,ERR,ERR,ERR,ERR,ERR,ERR,ERR,ERR,ERR,ERR,ERR,ERR,ERR,ERR,ERR,ERR,ERR,ERR,ERR,ERR,ERR,ERR,ERR,ERR,ERR,ERR,ERR,ERR,ERR,ERR,ERR,ERR,ERR,ERR,ERR,ERR,ERR,ERR,ERR,ERR,ERR,ERR,ERR,ERR,ERR,ERR,ERR,ERR,ERR,ERR,ERR,ERR,ERR,ERR,ERR,ERR,ERR,ERR,ERR,0.0,0.0,0.0,0.0,0.0,1.3936040501711995e+18,7.805,0.0,0,0,4,0,7116,0.0,100,0.0,0.0,0.0,0.0,0.0,0,0,0,0,0.0,0,0,0,0,0,0,0,0,0,0,0,0,0,0,0,0,0,0,0,0,0,0,0,0,0,0,0,0,0,0,0,0,0,31,40,40,71,65476,0,300,0,0,8,21553,0.0,-107605600.0,0.0,0.0,0.0,0.0,0.0,0.0,0.0,0.0,0.0,0.0,0.0,0.0,0.0,0.0,0.0,0.0,0.0,0.0,0.0,0.0,-0.0,2.004,2.004,-0.0,0.0,0.0,0.0,0.0,6368.0,0.0,6917.0,0.0,0.0,2.7184303811560617e+23,0.0,0.0,0.0,0.0,0.0,69,-71.63,-3.222022689727367e+26,0.0,0.0,0.0,0.0,0.0,0.0,0.0,0,0,0,0.0,0.0,0.0,0.0,0.0,0.0,0.0,0.0,0.0,0.0,0.0,0.0,0.0,0.0,0.0,0.0,0,-107875648.0,69,0.0,138,0.0,-0.0,0,13107,17040,13107,17049,0,17043,0,0,0,70,68,100,2.7302359370752657e+23,71.1,0.0,74.2,2.7302370179391762e+23,74.0,1,49,50,180,0,52429,0,0,0.0,0.0,0.0,0.0,-0.0,67.0,0.0,162057.094,0.0,750,0,739,0,0,0,721,0,766,0,735,0,742,0,741,0,712,0,7520,0.032,78920024064.0,0.0,0.0,784,16797,-0.0,162057.094,-114818.039,-0.0,0.133,6.909358625270745e+28,30.0,65.0,35,0.0,0.0,0.0,0.0,0.0,0.0,0.0,0.0,0.0,0.0,0.0,0.0,0.0,0.0,0.0,0.0,69.2,0,150,71,54,65476,0,300,0,1,8,20529,65476,0,0,40632,65.0,0.0,0.0,0.0,0.0,0.0
2026-09-04T20:50:33,ERR,ERR,ERR,ERR,ERR,ERR,ERR,ERR,ERR,ERR,ERR,ERR,ERR,ERR,ERR,ERR,ERR,ERR,ERR,ERR,ERR,ERR,ERR,ERR,ERR,ERR,ERR,ERR,ERR,ERR,ERR,ERR,ERR,ERR,ERR,ERR,ERR,ERR,ERR,ERR,ERR,ERR,ERR,ERR,ERR,ERR,ERR,ERR,ERR,ERR,ERR,ERR,ERR,ERR,ERR,ERR,ERR,ERR,ERR,ERR,ERR,ERR,ERR,ERR,ERR,ERR,ERR,ERR,ERR,ERR,ERR,ERR,ERR,ERR,ERR,ERR,ERR,ERR,ERR,ERR,ERR,ERR,ERR,ERR,ERR,ERR,ERR,ERR,ERR,ERR,ERR,ERR,ERR,ERR,ERR,ERR,ERR,ERR,ERR,ERR,ERR,ERR,ERR,ERR,ERR,ERR,ERR,ERR,ERR,ERR,ERR,ERR,ERR,ERR,ERR,ERR,ERR,ERR,ERR,ERR,ERR,ERR,ERR,ERR,ERR,0.0,0.0,0.0,0.0,0.0,1.3936040501711995e+18,7.805,0.0,0,0,4,0,7116,0.0,100,0.0,0.0,0.0,0.0,0.0,0,0,0,0,0.0,0,0,0,0,0,0,0,0,0,0,0,0,0,0,0,0,0,0,0,0,0,0,0,0,0,0,0,0,0,0,0,0,0,31,40,40,71,65476,0,300,0,0,8,21553,0.0,-107605600.0,0.0,0.0,0.0,0.0,0.0,0.0,0.0,0.0,0.0,0.0,0.0,0.0,0.0,0.0,0.0,0.0,0.0,0.0,0.0,0.0,-0.0,2.004,2.004,-0.0,0.0,0.0,0.0,0.0,6368.0,0.0,6917.0,0.0,0.0,2.7184303811560617e+23,0.0,0.0,0.0,0.0,0.0,69,-71.63,-3.222022689727367e+26,0.0,0.0,0.0,0.0,0.0,0.0,0.0,0,0,0,0.0,0.0,0.0,0.0,0.0,0.0,0.0,0.0,0.0,0.0,0.0,0.0,0.0,0.0,0.0,0.0,0,-107875648.0,69,0.0,138,0.0,-0.0,0,13107,17040,13107,17049,0,17043,0,0,0,70,68,100,2.7302359370752657e+23,71.1,0.0,74.2,2.7302370179391762e+23,74.0,1,49,50,180,0,52429,0,0,0.0,0.0,0.0,0.0,-0.0,67.0,0.0,162057.094,0.0,750,0,739,0,0,0,721,0,766,0,735,0,742,0,741,0,712,0,7520,0.032,78920024064.0,0.0,0.0,784,16797,-0.0,162057.094,-114818.039,-0.0,0.133,6.909358625270745e+28,30.0,65.0,35,0.0,0.0,0.0,0.0,0.0,0.0,0.0,0.0,0.0,0.0,0.0,0.0,0.0,0.0,0.0,0.0,69.2,0,150,71,54,65476,0,300,0,1,8,20529,65476,0,0,40632,65.0,0.0,0.0,0.0,0.0,0.0
2026-09-04T20:50:34,ERR,ERR,ERR,ERR,ERR,ERR,ERR,ERR,ERR,ERR,ERR,ERR,ERR,ERR,ERR,ERR,ERR,ERR,ERR,ERR,ERR,ERR,ERR,ERR,ERR,ERR,ERR,ERR,ERR,ERR,ERR,ERR,ERR,ERR,ERR,ERR,ERR,ERR,ERR,ERR,ERR,ERR,ERR,ERR,ERR,ERR,ERR,ERR,ERR,ERR,ERR,ERR,ERR,ERR,ERR,ERR,ERR,ERR,ERR,ERR,ERR,ERR,ERR,ERR,ERR,ERR,ERR,ERR,ERR,ERR,ERR,ERR,ERR,ERR,ERR,ERR,ERR,ERR,ERR,ERR,ERR,ERR,ERR,ERR,ERR,ERR,ERR,ERR,ERR,ERR,ERR,ERR,ERR,ERR,ERR,ERR,ERR,ERR,ERR,ERR,ERR,ERR,ERR,ERR,ERR,ERR,ERR,ERR,ERR,ERR,ERR,ERR,ERR,ERR,ERR,ERR,ERR,ERR,ERR,ERR,ERR,ERR,ERR,ERR,ERR,0.0,0.0,0.0,0.0,0.0,1.3936040501711995e+18,7.805,0.0,0,0,4,0,7116,0.0,100,0.0,0.0,0.0,0.0,0.0,0,0,0,0,0.0,0,0,0,0,0,0,0,0,0,0,0,0,0,0,0,0,0,0,0,0,0,0,0,0,0,0,0,0,0,0,0,0,0,31,40,40,71,65476,0,300,0,0,8,21553,0.0,-107605600.0,0.0,0.0,0.0,0.0,0.0,0.0,0.0,0.0,0.0,0.0,0.0,0.0,0.0,0.0,0.0,0.0,0.0,0.0,0.0,0.0,-0.0,2.004,2.004,-0.0,0.0,0.0,0.0,0.0,6368.0,0.0,6917.0,0.0,0.0,2.7184303811560617e+23,0.0,0.0,0.0,0.0,0.0,69,-71.63,-3.222022689727367e+26,0.0,0.0,0.0,0.0,0.0,0.0,0.0,0,0,0,0.0,0.0,0.0,0.0,0.0,0.0,0.0,0.0,0.0,0.0,0.0,0.0,0.0,0.0,0.0,0.0,0,-107875648.0,69,0.0,138,0.0,-0.0,0,13107,17040,13107,17049,0,17043,0,0,0,70,68,100,2.7302359370752657e+23,71.1,0.0,74.2,2.7302370179391762e+23,74.0,1,49,50,180,0,52429,0,0,0.0,0.0,0.0,0.0,-0.0,67.0,0.0,162057.094,0.0,750,0,739,0,0,0,721,0,766,0,735,0,742,0,741,0,712,0,7520,0.032,79456894976.0,0.0,0.0,784,16797,-0.0,162057.094,-114818.039,-0.0,0.133,6.909358625270745e+28,30.0,65.0,35,0.0,0.0,0.0,0.0,0.0,0.0,0.0,0.0,0.0,0.0,0.0,0.0,0.0,0.0,0.0,0.0,69.2,0,150,71,54,65476,0,300,0,1,8,20529,65476,0,0,40632,65.0,0.0,0.0,0.0,0.0,0.0
2026-09-04T20:50:35,ERR,ERR,ERR,ERR,ERR,ERR,ERR,ERR,ERR,ERR,ERR,ERR,ERR,ERR,ERR,ERR,ERR,ERR,ERR,ERR,ERR,ERR,ERR,ERR,ERR,ERR,ERR,ERR,ERR,ERR,ERR,ERR,ERR,ERR,ERR,ERR,ERR,ERR,ERR,ERR,ERR,ERR,ERR,ERR,ERR,ERR,ERR,ERR,ERR,ERR,ERR,ERR,ERR,ERR,ERR,ERR,ERR,ERR,ERR,ERR,ERR,ERR,ERR,ERR,ERR,ERR,ERR,ERR,ERR,ERR,ERR,ERR,ERR,ERR,ERR,ERR,ERR,ERR,ERR,ERR,ERR,ERR,ERR,ERR,ERR,ERR,ERR,ERR,ERR,ERR,ERR,ERR,ERR,ERR,ERR,ERR,ERR,ERR,ERR,ERR,ERR,ERR,ERR,ERR,ERR,ERR,ERR,ERR,ERR,ERR,ERR,ERR,ERR,ERR,ERR,ERR,ERR,ERR,ERR,ERR,ERR,ERR,ERR,ERR,ERR,0.0,0.0,0.0,0.0,0.0,1.3936040501711995e+18,7.805,0.0,0,0,4,0,7116,0.0,100,0.0,0.0,0.0,0.0,0.0,0,0,0,0,0.0,0,0,0,0,0,0,0,0,0,0,0,0,0,0,0,0,0,0,0,0,0,0,0,0,0,0,0,0,0,0,0,0,0,31,40,40,71,65476,0,300,0,0,8,21553,0.0,-107605600.0,0.0,0.0,0.0,0.0,0.0,0.0,0.0,0.0,0.0,0.0,0.0,0.0,0.0,0.0,0.0,0.0,0.0,0.0,0.0,0.0,-0.0,2.004,2.004,-0.0,0.0,0.0,0.0,0.0,6368.0,0.0,6917.0,0.0,0.0,2.7184303811560617e+23,0.0,0.0,0.0,0.0,0.0,69,-71.63,-3.222022689727367e+26,0.0,0.0,0.0,0.0,0.0,0.0,0.0,0,0,0,0.0,0.0,0.0,0.0,0.0,0.0,0.0,0.0,0.0,0.0,0.0,0.0,0.0,0.0,0.0,0.0,0,-107875648.0,69,0.0,138,0.0,-0.0,0,13107,17040,13107,17049,0,17043,0,0,0,70,68,100,2.7302359370752657e+23,71.1,0.0,74.2,2.7302370179391762e+23,74.0,1,49,50,180,0,52429,0,0,0.0,0.0,0.0,0.0,-0.0,67.0,0.0,162057.094,0.0,750,0,739,0,0,0,721,0,766,0,735,0,742,0,741,0,712,0,7520,0.032,79456894976.0,0.0,0.0,784,16797,-0.0,162057.094,-114818.039,-0.0,0.133,6.909358625270745e+28,30.0,65.0,35,0.0,0.0,0.0,0.0,0.0,0.0,0.0,0.0,0.0,0.0,0.0,0.0,0.0,0.0,0.0,0.0,69.2,0,150,71,54,65476,0,300,0,1,8,20529,65476,0,0,40632,65.0,0.0,0.0,0.0,0.0,0.0
2026-09-04T20:50:36,ERR,ERR,ERR,ERR,ERR,ERR,ERR,ERR,ERR,ERR,ERR,ERR,ERR,ERR,ERR,ERR,ERR,ERR,ERR,ERR,ERR,ERR,ERR,ERR,ERR,ERR,ERR,ERR,ERR,ERR,ERR,ERR,ERR,ERR,ERR,ERR,ERR,ERR,ERR,ERR,ERR,ERR,ERR,ERR,ERR,ERR,ERR,ERR,ERR,ERR,ERR,ERR,ERR,ERR,ERR,ERR,ERR,ERR,ERR,ERR,ERR,ERR,ERR,ERR,ERR,ERR,ERR,ERR,ERR,ERR,ERR,ERR,ERR,ERR,ERR,ERR,ERR,ERR,ERR,ERR,ERR,ERR,ERR,ERR,ERR,ERR,ERR,ERR,ERR,ERR,ERR,ERR,ERR,ERR,ERR,ERR,ERR,ERR,ERR,ERR,ERR,ERR,ERR,ERR,ERR,ERR,ERR,ERR,ERR,ERR,ERR,ERR,ERR,ERR,ERR,ERR,ERR,ERR,ERR,ERR,ERR,ERR,ERR,ERR,ERR,0.0,0.0,0.0,0.0,0.0,1.3936040501711995e+18,7.805,0.0,0,0,4,0,7116,0.0,100,0.0,0.0,0.0,0.0,0.0,0,0,0,0,0.0,0,0,0,0,0,0,0,0,0,0,0,0,0,0,0,0,0,0,0,0,0,0,0,0,0,0,0,0,0,0,0,0,0,31,40,40,71,65476,0,300,0,0,8,21553,0.0,-107605600.0,0.0,0.0,0.0,0.0,0.0,0.0,0.0,0.0,0.0,0.0,0.0,0.0,0.0,0.0,0.0,0.0,0.0,0.0,0.0,0.0,-2.004,2.004,2.004,-0.0,0.0,0.0,0.0,0.0,6362.0,0.0,6915.0,0.0,0.0,0.0,0.0,0.0,0.0,0.0,0.0,69,-0.0,-0.0,0.0,0.0,0.0,0.0,0.0,0.0,0.0,0,0,0,0.0,0.0,0.0,0.0,0.0,0.0,0.0,0.0,0.0,0.0,0.0,0.0,0.0,0.0,0.0,0.0,0,-107875648.0,69,0.0,138,0.0,-0.0,0,13107,17040,13107,17049,0,17043,0,0,0,70,68,100,2.7302359370752657e+23,71.1,0.0,74.2,2.7302370179391762e+23,74.0,1,49,50,180,0,52429,0,0,0.0,0.0,0.0,0.0,-0.0,67.0,0.0,162057.094,0.0,750,0,739,0,0,0,721,0,766,0,735,0,742,0,741,0,712,0,7520,0.032,79456894976.0,0.0,0.0,784,16797,-0.0,162057.094,-114818.039,-0.0,0.133,6.909358625270745e+28,30.0,65.0,35,0.0,0.0,0.0,0.0,0.0,0.0,0.0,0.0,0.0,0.0,0.0,0.0,0.0,0.0,0.0,0.0,69.2,0,150,71,54,65476,0,300,0,1,8,20529,65476,0,0,40632,65.0,0.0,0.0,0.0,0.0,0.0
2026-09-04T20:50:37,ERR,ERR,ERR,ERR,ERR,ERR,ERR,ERR,ERR,ERR,ERR,ERR,ERR,ERR,ERR,ERR,ERR,ERR,ERR,ERR,ERR,ERR,ERR,ERR,ERR,ERR,ERR,ERR,ERR,ERR,ERR,ERR,ERR,ERR,ERR,ERR,ERR,ERR,ERR,ERR,ERR,ERR,ERR,ERR,ERR,ERR,ERR,ERR,ERR,ERR,ERR,ERR,ERR,ERR,ERR,ERR,ERR,ERR,ERR,ERR,ERR,ERR,ERR,ERR,ERR,ERR,ERR,ERR,ERR,ERR,ERR,ERR,ERR,ERR,ERR,ERR,ERR,ERR,ERR,ERR,ERR,ERR,ERR,ERR,ERR,ERR,ERR,ERR,ERR,ERR,ERR,ERR,ERR,ERR,ERR,ERR,ERR,ERR,ERR,ERR,ERR,ERR,ERR,ERR,ERR,ERR,ERR,ERR,ERR,ERR,ERR,ERR,ERR,ERR,ERR,ERR,ERR,ERR,ERR,ERR,ERR,ERR,ERR,ERR,ERR,0.0,0.0,0.0,0.0,0.0,1.3936040501711995e+18,7.805,0.0,0,0,4,0,7116,0.0,100,0.0,0.0,0.0,0.0,0.0,0,0,0,0,0.0,0,0,0,0,0,0,0,0,0,0,0,0,0,0,0,0,0,0,0,0,0,0,0,0,0,0,0,0,0,0,0,0,0,31,40,40,71,65476,0,300,0,0,8,21553,0.0,-107605600.0,0.0,0.0,0.0,0.0,0.0,0.0,0.0,0.0,0.0,0.0,0.0,0.0,0.0,0.0,0.0,0.0,0.0,0.0,0.0,0.0,-2.004,2.004,2.004,-0.0,0.0,0.0,0.0,0.0,6362.0,0.0,6915.0,0.0,0.0,0.0,0.0,0.0,0.0,0.0,0.0,69,-0.0,-0.0,0.0,0.0,0.0,0.0,0.0,0.0,0.0,0,0,0,0.0,0.0,0.0,0.0,0.0,0.0,0.0,0.0,0.0,0.0,0.0,0.0,0.0,0.0,0.0,0.0,0,-107875648.0,69,0.0,138,0.0,-0.0,0,13107,17040,13107,17049,0,17043,0,0,0,70,68,100,2.7302359370752657e+23,71.1,0.0,74.2,2.7302370179391762e+23,74.0,1,49,50,180,0,52429,0,0,0.0,0.0,0.0,0.0,-0.0,67.0,0.0,162057.094,0.0,750,0,739,0,0,0,721,0,766,0,735,0,742,0,741,0,712,0,7520,0.032,79456894976.0,0.0,0.0,784,16797,-0.0,162057.094,-114818.039,-0.0,0.133,6.909358625270745e+28,30.0,65.0,35,0.0,0.0,0.0,0.0,0.0,0.0,0.0,0.0,0.0,0.0,0.0,0.0,0.0,0.0,0.0,0.0,69.6,0,150,71,54,65476,0,300,0,1,8,20529,65476,0,0,40632,65.0,0.0,0.0,0.0,0.0,0.0
2026-09-04T20:50:38,ERR,ERR,ERR,ERR,ERR,ERR,ERR,ERR,ERR,ERR,ERR,ERR,ERR,ERR,ERR,ERR,ERR,ERR,ERR,ERR,ERR,ERR,ERR,ERR,ERR,ERR,ERR,ERR,ERR,ERR,ERR,ERR,ERR,ERR,ERR,ERR,ERR,ERR,ERR,ERR,ERR,ERR,ERR,ERR,ERR,ERR,ERR,ERR,ERR,ERR,ERR,ERR,ERR,ERR,ERR,ERR,ERR,ERR,ERR,ERR,ERR,ERR,ERR,ERR,ERR,ERR,ERR,ERR,ERR,ERR,ERR,ERR,ERR,ERR,ERR,ERR,ERR,ERR,ERR,ERR,ERR,ERR,ERR,ERR,ERR,ERR,ERR,ERR,ERR,ERR,ERR,ERR,ERR,ERR,ERR,ERR,ERR,ERR,ERR,ERR,ERR,ERR,ERR,ERR,ERR,ERR,ERR,ERR,ERR,ERR,ERR,ERR,ERR,ERR,ERR,ERR,ERR,ERR,ERR,ERR,ERR,ERR,ERR,ERR,ERR,0.0,0.0,0.0,0.0,0.0,1.3936040501711995e+18,7.805,0.0,0,0,4,0,7116,0.0,100,0.0,0.0,0.0,0.0,0.0,0,0,0,0,0.0,0,0,0,0,0,0,0,0,0,0,0,0,0,0,0,0,0,0,0,0,0,0,0,0,0,0,0,0,0,0,0,0,0,31,40,40,71,65476,0,300,0,0,8,21553,0.0,-107605600.0,0.0,0.0,0.0,0.0,0.0,0.0,0.0,0.0,0.0,0.0,0.0,0.0,0.0,0.0,0.0,0.0,0.0,0.0,0.0,0.0,-2.004,2.004,2.004,-0.0,0.0,0.0,0.0,0.0,6362.0,0.0,6915.0,0.0,0.0,0.0,0.0,0.0,0.0,0.0,0.0,69,-0.0,-0.0,0.0,0.0,0.0,0.0,0.0,0.0,0.0,0,0,0,0.0,0.0,0.0,0.0,0.0,0.0,0.0,0.0,0.0,0.0,0.0,0.0,0.0,0.0,0.0,0.0,0,-107875648.0,69,0.0,138,0.0,-0.0,0,13107,17040,13107,17049,0,17043,0,0,0,70,68,100,2.7302359370752657e+23,71.1,0.0,74.2,2.7302370179391762e+23,74.0,1,49,50,180,0,52429,0,0,0.0,0.0,0.0,0.0,-0.0,67.0,0.0,162057.094,0.0,750,0,739,0,0,0,721,0,766,0,735,0,742,0,741,0,712,0,7520,0.032,79456894976.0,0.0,0.0,784,16797,-0.0,162057.094,-114818.039,-0.0,0.133,6.909358625270745e+28,30.0,65.0,35,0.0,0.0,0.0,0.0,0.0,0.0,0.0,0.0,0.0,0.0,0.0,0.0,0.0,0.0,0.0,0.0,69.6,0,150,71,54,65476,0,300,0,1,8,20529,65476,0,0,40632,65.0,0.0,0.0,0.0,0.0,0.0
2026-09-04T20:50:39,ERR,ERR,ERR,ERR,ERR,ERR,ERR,ERR,ERR,ERR,ERR,ERR,ERR,ERR,ERR,ERR,ERR,ERR,ERR,ERR,ERR,ERR,ERR,ERR,ERR,ERR,ERR,ERR,ERR,ERR,ERR,ERR,ERR,ERR,ERR,ERR,ERR,ERR,ERR,ERR,ERR,ERR,ERR,ERR,ERR,ERR,ERR,ERR,ERR,ERR,ERR,ERR,ERR,ERR,ERR,ERR,ERR,ERR,ERR,ERR,ERR,ERR,ERR,ERR,ERR,ERR,ERR,ERR,ERR,ERR,ERR,ERR,ERR,ERR,ERR,ERR,ERR,ERR,ERR,ERR,ERR,ERR,ERR,ERR,ERR,ERR,ERR,ERR,ERR,ERR,ERR,ERR,ERR,ERR,ERR,ERR,ERR,ERR,ERR,ERR,ERR,ERR,ERR,ERR,ERR,ERR,ERR,ERR,ERR,ERR,ERR,ERR,ERR,ERR,ERR,ERR,ERR,ERR,ERR,ERR,ERR,ERR,ERR,ERR,ERR,0.0,0.0,0.0,0.0,0.0,1.3936040501711995e+18,7.805,0.0,0,0,4,0,7116,0.0,100,0.0,0.0,0.0,0.0,0.0,0,0,0,0,0.0,0,0,0,0,0,0,0,0,0,0,0,0,0,0,0,0,0,0,0,0,0,0,0,0,0,0,0,0,0,0,0,0,0,31,40,40,71,65476,0,300,0,0,8,21553,0.0,-107605600.0,0.0,0.0,0.0,0.0,0.0,0.0,0.0,0.0,0.0,0.0,0.0,0.0,0.0,0.0,0.0,0.0,0.0,0.0,0.0,0.0,-2.004,2.004,2.004,-0.0,0.0,0.0,0.0,0.0,6362.0,0.0,6915.0,0.0,0.0,0.0,0.0,0.0,0.0,0.0,0.0,69,-0.0,-0.0,0.0,0.0,0.0,0.0,0.0,0.0,0.0,0,0,0,0.0,0.0,0.0,0.0,0.0,0.0,0.0,0.0,0.0,0.0,0.0,0.0,0.0,0.0,0.0,0.0,0,-107875648.0,69,0.0,138,0.0,-0.0,0,13107,17040,13107,17049,0,17043,0,0,0,70,68,100,2.7302359370752657e+23,71.1,0.0,74.2,2.7302370179391762e+23,74.0,1,49,50,180,0,52429,0,0,0.0,0.0,0.0,0.0,-0.0,67.0,0.0,162057.094,0.0,750,0,739,0,0,0,721,0,766,0,735,0,742,0,741,0,712,0,7520,0.032,79456894976.0,0.0,0.0,784,16797,-0.0,162057.094,-114818.039,-0.0,0.133,6.909358625270745e+28,30.0,65.0,35,0.0,0.0,0.0,0.0,0.0,0.0,0.0,0.0,0.0,0.0,0.0,0.0,0.0,0.0,0.0,0.0,69.2,0,150,71,54,65476,0,300,0,1,8,20529,65476,0,0,40632,65.0,0.0,0.0,0.0,0.0,0.0
2026-09-04T20:50:40,ERR,ERR,ERR,ERR,ERR,ERR,ERR,ERR,ERR,ERR,ERR,ERR,ERR,ERR,ERR,ERR,ERR,ERR,ERR,ERR,ERR,ERR,ERR,ERR,ERR,ERR,ERR,ERR,ERR,ERR,ERR,ERR,ERR,ERR,ERR,ERR,ERR,ERR,ERR,ERR,ERR,ERR,ERR,ERR,ERR,ERR,ERR,ERR,ERR,ERR,ERR,ERR,ERR,ERR,ERR,ERR,ERR,ERR,ERR,ERR,ERR,ERR,ERR,ERR,ERR,ERR,ERR,ERR,ERR,ERR,ERR,ERR,ERR,ERR,ERR,ERR,ERR,ERR,ERR,ERR,ERR,ERR,ERR,ERR,ERR,ERR,ERR,ERR,ERR,ERR,ERR,ERR,ERR,ERR,ERR,ERR,ERR,ERR,ERR,ERR,ERR,ERR,ERR,ERR,ERR,ERR,ERR,ERR,ERR,ERR,ERR,ERR,ERR,ERR,ERR,ERR,ERR,ERR,ERR,ERR,ERR,ERR,ERR,ERR,ERR,0.0,0.0,0.0,0.0,0.0,1.3936040501711995e+18,7.805,0.0,0,0,4,0,7116,0.0,100,0.0,0.0,0.0,0.0,0.0,0,0,0,0,0.0,0,0,0,0,0,0,0,0,0,0,0,0,0,0,0,0,0,0,0,0,0,0,0,0,0,0,0,0,0,0,0,0,0,31,40,40,71,65476,0,300,0,0,8,21553,0.0,-107605600.0,0.0,0.0,0.0,0.0,0.0,0.0,0.0,0.0,0.0,0.0,0.0,0.0,0.0,0.0,0.0,0.0,0.0,0.0,0.0,0.0,-2.004,2.004,2.004,-0.0,0.0,0.0,0.0,0.0,6362.0,0.0,6915.0,0.0,0.0,0.0,0.0,0.0,0.0,0.0,0.0,69,-0.0,-0.0,0.0,0.0,0.0,0.0,0.0,0.0,0.0,0,0,0,0.0,0.0,0.0,0.0,0.0,0.0,0.0,0.0,0.0,0.0,0.0,0.0,0.0,0.0,0.0,0.0,0,-107875648.0,69,0.0,138,0.0,-0.0,0,13107,17040,13107,17049,0,17043,0,0,0,70,68,100,2.7302359370752657e+23,71.1,0.0,74.2,2.7302370179391762e+23,74.0,1,49,50,180,0,52429,0,0,ERR,ERR,ERR,0.0,-0.0,67.0,0.0,162057.094,0.0,750,0,739,0,0,0,721,0,766,0,735,0,742,0,741,0,712,0,7520,0.032,79456894976.0,0.0,0.0,784,16797,-0.0,162057.094,-114818.039,-0.0,0.133,6.909358625270745e+28,30.0,65.0,35,0.0,0.0,0.0,0.0,0.0,0.0,0.0,0.0,0.0,0.0,0.0,0.0,0.0,0.0,0.0,0.0,69.2,0,150,71,54,65476,0,300,0,1,8,20529,65476,0,0,40632,65.0,0.0,0.0,0.0,0.0,0.0
2026-09-04T20:50:41,ERR,ERR,ERR,ERR,ERR,ERR,ERR,ERR,ERR,ERR,ERR,ERR,ERR,ERR,ERR,ERR,ERR,ERR,ERR,ERR,ERR,ERR,ERR,ERR,ERR,ERR,ERR,ERR,ERR,ERR,ERR,ERR,ERR,ERR,ERR,ERR,ERR,ERR,ERR,ERR,ERR,ERR,ERR,ERR,ERR,ERR,ERR,ERR,ERR,ERR,ERR,ERR,ERR,ERR,ERR,ERR,ERR,ERR,ERR,ERR,ERR,ERR,ERR,ERR,ERR,ERR,ERR,ERR,ERR,ERR,ERR,ERR,ERR,ERR,ERR,ERR,ERR,ERR,ERR,ERR,ERR,ERR,ERR,ERR,ERR,ERR,ERR,ERR,ERR,ERR,ERR,ERR,ERR,ERR,ERR,ERR,ERR,ERR,ERR,ERR,ERR,ERR,ERR,ERR,ERR,ERR,ERR,ERR,ERR,ERR,ERR,ERR,ERR,ERR,ERR,ERR,ERR,ERR,ERR,ERR,ERR,ERR,ERR,ERR,ERR,0.0,0.0,0.0,0.0,0.0,1.3936040501711995e+18,7.805,0.0,0,0,4,0,7116,0.0,100,0.0,0.0,0.0,0.0,0.0,0,0,0,0,0.0,0,0,0,0,0,0,0,0,0,0,0,0,0,0,0,0,0,0,0,0,0,0,0,0,0,0,0,0,0,0,0,0,0,31,40,40,71,65476,0,300,0,0,8,21553,0.0,-107605600.0,0.0,0.0,0.0,0.0,0.0,0.0,0.0,0.0,0.0,0.0,0.0,0.0,0.0,0.0,0.0,0.0,0.0,0.0,0.0,0.0,-2.004,2.004,2.004,-0.0,0.0,0.0,0.0,0.0,6362.0,0.0,6915.0,0.0,0.0,0.0,0.0,0.0,0.0,0.0,0.0,69,-0.0,-0.0,0.0,0.0,0.0,0.0,0.0,0.0,0.0,0,0,0,0.0,0.0,0.0,0.0,0.0,0.0,0.0,0.0,0.0,0.0,0.0,0.0,0.0,0.0,0.0,0.0,0,-107875648.0,69,0.0,138,0.0,-0.0,0,13107,17040,13107,17049,0,17043,0,0,0,70,68,100,2.7302359370752657e+23,71.1,0.0,74.2,2.7302370179391762e+23,74.0,1,49,50,180,0,52429,0,0,ERR,ERR,ERR,0.0,-0.0,67.0,0.0,162057.094,0.0,750,0,739,0,0,0,721,0,766,0,735,0,742,0,741,0,712,0,7520,0.032,79456894976.0,0.0,0.0,784,16797,-0.0,162057.094,-114818.039,-0.0,0.133,6.909358625270745e+28,30.0,65.0,35,0.0,0.0,0.0,0.0,0.0,0.0,0.0,0.0,0.0,0.0,0.0,0.0,0.0,0.0,0.0,0.0,69.2,0,150,71,54,65476,0,300,0,1,8,20529,65476,0,0,40632,65.0,0.0,0.0,0.0,0.0,0.0
2026-09-04T20:50:42,ERR,ERR,ERR,ERR,ERR,ERR,ERR,ERR,ERR,ERR,ERR,ERR,ERR,ERR,ERR,ERR,ERR,ERR,ERR,ERR,ERR,ERR,ERR,ERR,ERR,ERR,ERR,ERR,ERR,ERR,ERR,ERR,ERR,ERR,ERR,ERR,ERR,ERR,ERR,ERR,ERR,ERR,ERR,ERR,ERR,ERR,ERR,ERR,ERR,ERR,ERR,ERR,ERR,ERR,ERR,ERR,ERR,ERR,ERR,ERR,ERR,ERR,ERR,ERR,ERR,ERR,ERR,ERR,ERR,ERR,ERR,ERR,ERR,ERR,ERR,ERR,ERR,ERR,ERR,ERR,ERR,ERR,ERR,ERR,ERR,ERR,ERR,ERR,ERR,ERR,ERR,ERR,ERR,ERR,ERR,ERR,ERR,ERR,ERR,ERR,ERR,ERR,ERR,ERR,ERR,ERR,ERR,ERR,ERR,ERR,ERR,ERR,ERR,ERR,ERR,ERR,ERR,ERR,ERR,ERR,ERR,ERR,ERR,ERR,ERR,0.0,0.0,0.0,0.0,0.0,1.3936040501711995e+18,7.805,0.0,0,0,4,0,7116,0.0,100,0.0,0.0,0.0,0.0,0.0,0,0,0,0,0.0,0,0,0,0,0,0,0,0,0,0,0,0,0,0,0,0,0,0,0,0,0,0,0,0,0,0,0,0,0,0,0,0,0,31,40,40,71,65476,0,300,0,0,8,21553,0.0,-107605600.0,0.0,0.0,0.0,0.0,0.0,0.0,0.0,0.0,0.0,0.0,0.0,0.0,0.0,0.0,0.0,0.0,0.0,0.0,0.0,0.0,-2.004,2.004,2.004,-0.0,0.0,0.0,0.0,0.0,6362.0,0.0,6915.0,0.0,0.0,0.0,0.0,0.0,0.0,0.0,0.0,69,-0.0,-0.0,0.0,0.0,0.0,0.0,0.0,0.0,0.0,0,0,0,0.0,0.0,0.0,0.0,0.0,0.0,0.0,0.0,0.0,0.0,0.0,0.0,0.0,0.0,0.0,0.0,0,-107875648.0,69,0.0,138,0.0,-0.0,0,13107,17040,13107,17049,0,17043,0,0,0,70,68,100,2.7302359370752657e+23,71.1,0.0,74.2,2.7302370179391762e+23,74.0,1,49,50,180,0,52429,0,0,ERR,ERR,ERR,0.0,-0.0,67.0,0.0,162057.094,0.0,750,0,739,0,0,0,721,0,766,0,735,0,742,0,741,0,712,0,7520,0.032,79456894976.0,0.0,0.0,784,16797,-0.0,162057.094,-114818.039,-0.0,0.133,6.909358625270745e+28,30.0,65.0,35,0.0,0.0,0.0,0.0,0.0,0.0,0.0,0.0,0.0,0.0,0.0,0.0,0.0,0.0,0.0,0.0,69.6,0,150,71,54,65476,0,300,0,1,8,20529,65476,0,0,40632,65.0,0.0,0.0,0.0,0.0,0.0
2026-09-04T20:50:43,ERR,ERR,ERR,ERR,ERR,ERR,ERR,ERR,ERR,ERR,ERR,ERR,ERR,ERR,ERR,ERR,ERR,ERR,ERR,ERR,ERR,ERR,ERR,ERR,ERR,ERR,ERR,ERR,ERR,ERR,ERR,ERR,ERR,ERR,ERR,ERR,ERR,ERR,ERR,ERR,ERR,ERR,ERR,ERR,ERR,ERR,ERR,ERR,ERR,ERR,ERR,ERR,ERR,ERR,ERR,ERR,ERR,ERR,ERR,ERR,ERR,ERR,ERR,ERR,ERR,ERR,ERR,ERR,ERR,ERR,ERR,ERR,ERR,ERR,ERR,ERR,ERR,ERR,ERR,ERR,ERR,ERR,ERR,ERR,ERR,ERR,ERR,ERR,ERR,ERR,ERR,ERR,ERR,ERR,ERR,ERR,ERR,ERR,ERR,ERR,ERR,ERR,ERR,ERR,ERR,ERR,ERR,ERR,ERR,ERR,ERR,ERR,ERR,ERR,ERR,ERR,ERR,ERR,ERR,ERR,ERR,ERR,ERR,ERR,ERR,0.0,0.0,0.0,0.0,0.0,1.3936040501711995e+18,7.805,0.0,0,0,4,0,7116,0.0,100,0.0,0.0,0.0,0.0,0.0,0,0,0,0,0.0,0,0,0,0,0,0,0,0,0,0,0,0,0,0,0,0,0,0,0,0,0,0,0,0,0,0,0,0,0,0,0,0,0,31,40,40,71,65476,0,300,0,0,8,21553,0.0,-107605600.0,0.0,0.0,0.0,0.0,0.0,0.0,0.0,0.0,0.0,0.0,0.0,0.0,0.0,0.0,0.0,0.0,0.0,0.0,0.0,0.0,-0.0,2.004,2.004,-0.0,0.0,0.0,0.0,0.0,6333.0,564148584841216.0,6923.0,0.0,0.0,0.0,0.0,0.0,0.0,0.0,0.0,69,-0.0,-0.0,0.0,0.0,0.0,0.0,0.0,0.0,0.0,0,0,0,0.0,0.0,0.0,0.0,0.0,0.0,0.0,0.0,0.0,0.0,0.0,0.0,0.0,0.0,0.0,0.0,0,-107875648.0,69,0.0,138,0.0,-0.0,0,13107,17040,13107,17049,0,17043,0,0,0,70,68,100,2.7302359370752657e+23,71.1,0.0,74.2,2.7302370179391762e+23,74.0,1,49,50,180,0,52429,0,0,ERR,ERR,ERR,0.0,-0.0,67.0,0.0,162057.094,0.0,750,0,739,0,0,0,721,0,766,0,735,0,742,0,741,0,712,0,7520,0.032,79456894976.0,0.0,0.0,784,16797,-0.0,162057.094,-114818.039,-0.0,0.133,6.909358625270745e+28,30.0,65.0,35,0.0,0.0,0.0,0.0,0.0,0.0,0.0,0.0,0.0,0.0,0.0,0.0,0.0,0.0,0.0,0.0,69.6,0,150,71,54,65476,0,300,0,1,8,20529,65476,0,0,40632,65.0,0.0,0.0,0.0,0.0,0.0
2026-09-04T20:50:44,ERR,ERR,ERR,ERR,ERR,ERR,ERR,ERR,ERR,ERR,ERR,ERR,ERR,ERR,ERR,ERR,ERR,ERR,ERR,ERR,ERR,ERR,ERR,ERR,ERR,ERR,ERR,ERR,ERR,ERR,ERR,ERR,ERR,ERR,ERR,ERR,ERR,ERR,ERR,ERR,ERR,ERR,ERR,ERR,ERR,ERR,ERR,ERR,ERR,ERR,ERR,ERR,ERR,ERR,ERR,ERR,ERR,ERR,ERR,ERR,ERR,ERR,ERR,ERR,ERR,ERR,ERR,ERR,ERR,ERR,ERR,ERR,ERR,ERR,ERR,ERR,ERR,ERR,ERR,ERR,ERR,ERR,ERR,ERR,ERR,ERR,ERR,ERR,ERR,ERR,ERR,ERR,ERR,ERR,ERR,ERR,ERR,ERR,ERR,ERR,ERR,ERR,ERR,ERR,ERR,ERR,ERR,ERR,ERR,ERR,ERR,ERR,ERR,ERR,ERR,ERR,ERR,ERR,ERR,ERR,ERR,ERR,ERR,ERR,ERR,0.0,0.0,0.0,0.0,0.0,1.3936040501711995e+18,7.805,0.0,0,0,4,0,7116,0.0,100,0.0,0.0,0.0,0.0,0.0,0,0,0,0,0.0,0,0,0,0,0,0,0,0,0,0,0,0,0,0,0,0,0,0,0,0,0,0,0,0,0,0,0,0,0,0,0,0,0,31,40,40,71,65476,0,300,0,0,8,21553,0.0,-107605600.0,0.0,0.0,0.0,0.0,0.0,0.0,0.0,0.0,0.0,0.0,0.0,0.0,0.0,0.0,0.0,0.0,0.0,0.0,0.0,0.0,-0.0,2.004,2.004,-0.0,0.0,0.0,0.0,0.0,6333.0,564148584841216.0,6923.0,0.0,0.0,0.0,0.0,0.0,0.0,0.0,0.0,69,-0.0,-0.0,0.0,0.0,0.0,0.0,0.0,0.0,0.0,0,0,0,0.0,0.0,0.0,0.0,0.0,0.0,0.0,0.0,0.0,0.0,0.0,0.0,0.0,0.0,0.0,0.0,0,-107875648.0,69,0.0,138,0.0,-0.0,0,13107,17040,13107,17049,0,17043,0,0,0,70,68,100,2.7302359370752657e+23,71.1,0.0,74.2,2.7302370179391762e+23,74.0,1,49,50,180,0,52429,0,0,ERR,ERR,ERR,0.0,-0.0,67.0,0.0,162057.094,0.0,750,0,739,0,0,0,721,0,766,0,735,0,742,0,741,0,712,0,7520,0.032,79456894976.0,0.0,0.0,784,16797,-0.0,162057.094,-114818.039,-0.0,0.133,6.909358625270745e+28,30.0,65.0,35,0.0,0.0,0.0,0.0,0.0,0.0,0.0,0.0,0.0,0.0,0.0,0.0,0.0,0.0,0.0,0.0,69.6,0,150,71,54,65476,0,300,0,1,8,20529,65476,0,0,40632,65.0,0.0,0.0,0.0,0.0,0.0
2026-09-04T20:50:45,ERR,ERR,ERR,ERR,ERR,ERR,ERR,ERR,ERR,ERR,ERR,ERR,ERR,ERR,ERR,ERR,ERR,ERR,ERR,ERR,ERR,ERR,ERR,ERR,ERR,ERR,ERR,ERR,ERR,ERR,ERR,ERR,ERR,ERR,ERR,ERR,ERR,ERR,ERR,ERR,ERR,ERR,ERR,ERR,ERR,ERR,ERR,ERR,ERR,ERR,ERR,ERR,ERR,ERR,ERR,ERR,ERR,ERR,ERR,ERR,ERR,ERR,ERR,ERR,ERR,ERR,ERR,ERR,ERR,ERR,ERR,ERR,ERR,ERR,ERR,ERR,ERR,ERR,ERR,ERR,ERR,ERR,ERR,ERR,ERR,ERR,ERR,ERR,ERR,ERR,ERR,ERR,ERR,ERR,ERR,ERR,ERR,ERR,ERR,ERR,ERR,ERR,ERR,ERR,ERR,ERR,ERR,ERR,ERR,ERR,ERR,ERR,ERR,ERR,ERR,ERR,ERR,ERR,ERR,ERR,ERR,ERR,ERR,ERR,ERR,0.0,0.0,0.0,0.0,0.0,1.3936040501711995e+18,7.805,0.0,0,0,4,0,7116,0.0,100,0.0,0.0,0.0,0.0,0.0,0,0,0,0,0.0,0,0,0,0,0,0,0,0,0,0,0,0,0,0,0,0,0,0,0,0,0,0,0,0,0,0,0,0,0,0,0,0,0,31,40,40,71,65476,0,300,0,0,8,21553,0.0,-107605600.0,0.0,0.0,0.0,0.0,0.0,0.0,0.0,0.0,0.0,0.0,0.0,0.0,0.0,0.0,0.0,0.0,0.0,0.0,0.0,0.0,-0.0,2.004,2.004,-0.0,0.0,0.0,0.0,0.0,6333.0,564148584841216.0,6923.0,0.0,0.0,0.0,0.0,0.0,0.0,0.0,0.0,69,-0.0,-0.0,0.0,0.0,0.0,0.0,0.0,0.0,0.0,0,0,0,0.0,0.0,0.0,0.0,0.0,0.0,0.0,0.0,0.0,0.0,0.0,0.0,0.0,0.0,0.0,0.0,0,-107875648.0,69,0.0,138,0.0,-0.0,0,13107,17040,13107,17049,0,17043,0,0,0,70,68,100,2.7302359370752657e+23,71.1,0.0,74.2,2.7302370179391762e+23,74.0,1,49,50,180,0,52429,0,0,0.0,0.0,0.0,0.0,-0.0,67.0,0.0,162057.094,0.0,750,0,739,0,0,0,721,0,766,0,735,0,742,0,741,0,712,0,7520,0.032,78920024064.0,0.0,0.0,784,16797,-0.0,162057.094,-114818.039,-0.0,0.133,6.909358625270745e+28,30.0,65.0,35,0.0,0.0,0.0,0.0,0.0,0.0,0.0,0.0,0.0,0.0,0.0,0.0,0.0,0.0,0.0,0.0,69.2,0,150,71,54,65476,0,300,0,1,8,20529,65476,0,0,40632,65.0,0.0,0.0,0.0,0.0,0.0
2026-09-04T20:50:46,ERR,ERR,ERR,ERR,ERR,ERR,ERR,ERR,ERR,ERR,ERR,ERR,ERR,ERR,ERR,ERR,ERR,ERR,ERR,ERR,ERR,ERR,ERR,ERR,ERR,ERR,ERR,ERR,ERR,ERR,ERR,ERR,ERR,ERR,ERR,ERR,ERR,ERR,ERR,ERR,ERR,ERR,ERR,ERR,ERR,ERR,ERR,ERR,ERR,ERR,ERR,ERR,ERR,ERR,ERR,ERR,ERR,ERR,ERR,ERR,ERR,ERR,ERR,ERR,ERR,ERR,ERR,ERR,ERR,ERR,ERR,ERR,ERR,ERR,ERR,ERR,ERR,ERR,ERR,ERR,ERR,ERR,ERR,ERR,ERR,ERR,ERR,ERR,ERR,ERR,ERR,ERR,ERR,ERR,ERR,ERR,ERR,ERR,ERR,ERR,ERR,ERR,ERR,ERR,ERR,ERR,ERR,ERR,ERR,ERR,ERR,ERR,ERR,ERR,ERR,ERR,ERR,ERR,ERR,ERR,ERR,ERR,ERR,ERR,ERR,0.0,0.0,0.0,0.0,0.0,1.3936040501711995e+18,7.805,0.0,0,0,4,0,7116,0.0,100,0.0,0.0,0.0,0.0,0.0,0,0,0,0,0.0,0,0,0,0,0,0,0,0,0,0,0,0,0,0,0,0,0,0,0,0,0,0,0,0,0,0,0,0,0,0,0,0,0,31,40,40,71,65476,0,300,0,0,8,21553,0.0,-107605600.0,0.0,0.0,0.0,0.0,0.0,0.0,0.0,0.0,0.0,0.0,0.0,0.0,0.0,0.0,0.0,0.0,0.0,0.0,0.0,0.0,-0.0,2.004,2.004,-0.0,0.0,0.0,0.0,0.0,6333.0,564148584841216.0,6923.0,0.0,0.0,0.0,0.0,0.0,0.0,0.0,0.0,69,-0.0,-0.0,0.0,0.0,0.0,0.0,0.0,0.0,0.0,0,0,0,0.0,0.0,0.0,0.0,0.0,0.0,0.0,0.0,0.0,0.0,0.0,0.0,0.0,0.0,0.0,0.0,0,-107875648.0,69,0.0,138,0.0,-0.0,0,13107,17040,13107,17049,0,17043,0,0,0,70,68,100,2.7302359370752657e+23,71.1,0.0,74.2,2.7302370179391762e+23,74.0,1,49,50,180,0,52429,0,0,0.0,0.0,0.0,0.0,-0.0,67.0,0.0,162057.094,0.0,750,0,739,0,0,0,721,0,766,0,735,0,742,0,741,0,712,0,7520,0.032,78920024064.0,0.0,0.0,784,16797,-0.0,162057.094,-114818.039,-0.0,0.133,6.909358625270745e+28,30.0,65.0,35,0.0,0.0,0.0,0.0,0.0,0.0,0.0,0.0,0.0,0.0,0.0,0.0,0.0,0.0,0.0,0.0,69.2,0,150,71,54,65476,0,300,0,1,8,20529,65476,0,0,40632,65.0,0.0,0.0,0.0,0.0,0.0
2026-09-04T20:50:47,ERR,ERR,ERR,ERR,ERR,ERR,ERR,ERR,ERR,ERR,ERR,ERR,ERR,ERR,ERR,ERR,ERR,ERR,ERR,ERR,ERR,ERR,ERR,ERR,ERR,ERR,ERR,ERR,ERR,ERR,ERR,ERR,ERR,ERR,ERR,ERR,ERR,ERR,ERR,ERR,ERR,ERR,ERR,ERR,ERR,ERR,ERR,ERR,ERR,ERR,ERR,ERR,ERR,ERR,ERR,ERR,ERR,ERR,ERR,ERR,ERR,ERR,ERR,ERR,ERR,ERR,ERR,ERR,ERR,ERR,ERR,ERR,ERR,ERR,ERR,ERR,ERR,ERR,ERR,ERR,ERR,ERR,ERR,ERR,ERR,ERR,ERR,ERR,ERR,ERR,ERR,ERR,ERR,ERR,ERR,ERR,ERR,ERR,ERR,ERR,ERR,ERR,ERR,ERR,ERR,ERR,ERR,ERR,ERR,ERR,ERR,ERR,ERR,ERR,ERR,ERR,ERR,ERR,ERR,ERR,ERR,ERR,ERR,ERR,ERR,0.0,0.0,0.0,0.0,0.0,1.3936040501711995e+18,7.805,0.0,0,0,4,0,7116,0.0,100,0.0,0.0,0.0,0.0,0.0,0,0,0,0,0.0,0,0,0,0,0,0,0,0,0,0,0,0,0,0,0,0,0,0,0,0,0,0,0,0,0,0,0,0,0,0,0,0,0,31,40,40,71,65476,0,300,0,0,8,21553,0.0,-107605600.0,0.0,0.0,0.0,0.0,0.0,0.0,0.0,0.0,0.0,0.0,0.0,0.0,0.0,0.0,0.0,0.0,0.0,0.0,0.0,0.0,-0.0,2.004,2.004,-0.0,0.0,0.0,0.0,0.0,6333.0,564148584841216.0,6923.0,0.0,0.0,0.0,0.0,0.0,0.0,0.0,0.0,69,-0.0,-0.0,0.0,0.0,0.0,0.0,0.0,0.0,0.0,0,0,0,0.0,0.0,0.0,0.0,0.0,0.0,0.0,0.0,0.0,0.0,0.0,0.0,0.0,0.0,0.0,0.0,0,-107875648.0,69,0.0,138,0.0,-0.0,0,13107,17040,13107,17049,0,17043,0,0,0,70,68,100,2.7302359370752657e+23,71.1,0.0,74.2,2.7302370179391762e+23,74.0,1,49,50,180,0,52429,0,0,0.0,0.0,0.0,0.0,-0.0,67.0,0.0,162057.094,0.0,750,0,739,0,0,0,721,0,766,0,735,0,742,0,741,0,712,0,7520,0.032,78920024064.0,0.0,0.0,784,16797,-0.0,162057.094,-114818.039,-0.0,0.133,6.909358625270745e+28,30.0,65.0,35,0.0,0.0,0.0,0.0,0.0,0.0,0.0,0.0,0.0,0.0,0.0,0.0,0.0,0.0,0.0,0.0,69.6,0,150,71,54,65476,0,300,0,1,8,20529,65476,0,0,40632,65.0,0.0,0.0,0.0,0.0,0.0
2026-09-04T20:50:48,ERR,ERR,ERR,ERR,ERR,ERR,ERR,ERR,ERR,ERR,ERR,ERR,ERR,ERR,ERR,ERR,ERR,ERR,ERR,ERR,ERR,ERR,ERR,ERR,ERR,ERR,ERR,ERR,ERR,ERR,ERR,ERR,ERR,ERR,ERR,ERR,ERR,ERR,ERR,ERR,ERR,ERR,ERR,ERR,ERR,ERR,ERR,ERR,ERR,ERR,ERR,ERR,ERR,ERR,ERR,ERR,ERR,ERR,ERR,ERR,ERR,ERR,ERR,ERR,ERR,ERR,ERR,ERR,ERR,ERR,ERR,ERR,ERR,ERR,ERR,ERR,ERR,ERR,ERR,ERR,ERR,ERR,ERR,ERR,ERR,ERR,ERR,ERR,ERR,ERR,ERR,ERR,ERR,ERR,ERR,ERR,ERR,ERR,ERR,ERR,ERR,ERR,ERR,ERR,ERR,ERR,ERR,ERR,ERR,ERR,ERR,ERR,ERR,ERR,ERR,ERR,ERR,ERR,ERR,ERR,ERR,ERR,ERR,ERR,ERR,0.0,0.0,0.0,0.0,0.0,1.3936040501711995e+18,7.805,0.0,0,0,4,0,7116,0.0,100,0.0,0.0,0.0,0.0,0.0,0,0,0,0,0.0,0,0,0,0,0,0,0,0,0,0,0,0,0,0,0,0,0,0,0,0,0,0,0,0,0,0,0,0,0,0,0,0,0,31,40,40,71,65476,0,300,0,0,8,21553,0.0,-107605600.0,0.0,0.0,0.0,0.0,0.0,0.0,0.0,0.0,0.0,0.0,0.0,0.0,0.0,0.0,0.0,0.0,0.0,0.0,0.0,0.0,-0.0,2.004,2.004,-0.0,0.0,0.0,0.0,0.0,6333.0,564148584841216.0,6923.0,0.0,0.0,0.0,0.0,0.0,0.0,0.0,0.0,69,-0.0,-0.0,0.0,0.0,0.0,0.0,0.0,0.0,0.0,0,0,0,0.0,0.0,0.0,0.0,0.0,0.0,0.0,0.0,0.0,0.0,0.0,0.0,0.0,0.0,0.0,0.0,0,-107875648.0,69,0.0,138,0.0,-0.0,0,13107,17040,13107,17049,0,17043,0,0,0,70,68,100,2.7302359370752657e+23,71.1,0.0,74.2,2.7302370179391762e+23,74.0,1,49,50,180,0,52429,0,0,0.0,0.0,0.0,0.0,-0.0,67.0,0.0,162057.094,0.0,750,0,739,0,0,0,721,0,766,0,735,0,742,0,741,0,712,0,7520,0.032,78920024064.0,0.0,0.0,784,16797,-0.0,162057.094,-114818.039,-0.0,0.133,6.909358625270745e+28,30.0,65.0,35,0.0,0.0,0.0,0.0,0.0,0.0,0.0,0.0,0.0,0.0,0.0,0.0,0.0,0.0,0.0,0.0,69.6,0,150,71,54,65476,0,300,0,1,8,20529,65476,0,0,40632,65.0,0.0,0.0,0.0,0.0,0.0
2026-09-04T20:50:49,ERR,ERR,ERR,ERR,ERR,ERR,ERR,ERR,ERR,ERR,ERR,ERR,ERR,ERR,ERR,ERR,ERR,ERR,ERR,ERR,ERR,ERR,ERR,ERR,ERR,ERR,ERR,ERR,ERR,ERR,ERR,ERR,ERR,ERR,ERR,ERR,ERR,ERR,ERR,ERR,ERR,ERR,ERR,ERR,ERR,ERR,ERR,ERR,ERR,ERR,ERR,ERR,ERR,ERR,ERR,ERR,ERR,ERR,ERR,ERR,ERR,ERR,ERR,ERR,ERR,ERR,ERR,ERR,ERR,ERR,ERR,ERR,ERR,ERR,ERR,ERR,ERR,ERR,ERR,ERR,ERR,ERR,ERR,ERR,ERR,ERR,ERR,ERR,ERR,ERR,ERR,ERR,ERR,ERR,ERR,ERR,ERR,ERR,ERR,ERR,ERR,ERR,ERR,ERR,ERR,ERR,ERR,ERR,ERR,ERR,ERR,ERR,ERR,ERR,ERR,ERR,ERR,ERR,ERR,ERR,ERR,ERR,ERR,ERR,ERR,0.0,0.0,0.0,0.0,0.0,1.3936040501711995e+18,7.805,0.0,0,0,4,0,7116,0.0,100,0.0,0.0,0.0,0.0,0.0,0,0,0,0,0.0,0,0,0,0,0,0,0,0,0,0,0,0,0,0,0,0,0,0,0,0,0,0,0,0,0,0,0,0,0,0,0,0,0,31,40,40,71,65476,0,300,0,0,8,21553,0.0,-107605600.0,0.0,0.0,0.0,0.0,0.0,0.0,0.0,0.0,0.0,0.0,0.0,0.0,0.0,0.0,0.0,0.0,0.0,0.0,0.0,0.0,-0.0,2.004,2.004,-0.0,0.0,0.0,0.0,0.0,6333.0,564148584841216.0,6923.0,0.0,0.0,0.0,0.0,0.0,0.0,0.0,0.0,69,-0.0,-0.0,0.0,0.0,0.0,0.0,0.0,0.0,0.0,0,0,0,0.0,0.0,0.0,0.0,0.0,0.0,0.0,0.0,0.0,0.0,0.0,0.0,0.0,0.0,0.0,0.0,0,-107875648.0,69,0.0,138,0.0,-0.0,0,13107,17040,13107,17049,0,17043,0,0,0,70,68,100,2.7302359370752657e+23,71.1,0.0,74.2,2.7302370179391762e+23,74.0,1,49,50,180,0,52429,0,0,0.0,0.0,0.0,0.0,-0.0,67.0,0.0,162057.094,0.0,750,0,739,0,0,0,721,0,766,0,735,0,742,0,741,0,712,0,7520,0.032,78920024064.0,0.0,0.0,784,16797,-0.0,162057.094,-114818.039,-0.0,0.133,6.909358625270745e+28,30.0,65.0,35,0.0,0.0,0.0,0.0,0.0,0.0,0.0,0.0,0.0,0.0,0.0,0.0,0.0,0.0,0.0,0.0,69.6,0,150,71,54,65476,0,300,0,1,8,20529,65476,0,0,40632,65.0,0.0,0.0,0.0,0.0,0.0
2026-09-04T20:50:50,ERR,ERR,ERR,ERR,ERR,ERR,ERR,ERR,ERR,ERR,ERR,ERR,ERR,ERR,ERR,ERR,ERR,ERR,ERR,ERR,ERR,ERR,ERR,ERR,ERR,ERR,ERR,ERR,ERR,ERR,ERR,ERR,ERR,ERR,ERR,ERR,ERR,ERR,ERR,ERR,ERR,ERR,ERR,ERR,ERR,ERR,ERR,ERR,ERR,ERR,ERR,ERR,ERR,ERR,ERR,ERR,ERR,ERR,ERR,ERR,ERR,ERR,ERR,ERR,ERR,ERR,ERR,ERR,ERR,ERR,ERR,ERR,ERR,ERR,ERR,ERR,ERR,ERR,ERR,ERR,ERR,ERR,ERR,ERR,ERR,ERR,ERR,ERR,ERR,ERR,ERR,ERR,ERR,ERR,ERR,ERR,ERR,ERR,ERR,ERR,ERR,ERR,ERR,ERR,ERR,ERR,ERR,ERR,ERR,ERR,ERR,ERR,ERR,ERR,ERR,ERR,ERR,ERR,ERR,ERR,ERR,ERR,ERR,ERR,ERR,0.0,0.0,0.0,0.0,0.0,1.3936040501711995e+18,7.805,0.0,0,0,4,0,7116,0.0,100,0.0,0.0,0.0,0.0,0.0,0,0,0,0,0.0,0,0,0,0,0,0,0,0,0,0,0,0,0,0,0,0,0,0,0,0,0,0,0,0,0,0,0,0,0,0,0,0,0,31,40,40,71,65476,0,300,0,0,8,21553,0.0,-107605600.0,0.0,0.0,0.0,0.0,0.0,0.0,0.0,0.0,0.0,0.0,0.0,0.0,0.0,0.0,0.0,0.0,0.0,0.0,0.0,0.0,-0.0,2.004,2.004,-0.0,0.0,0.0,0.0,0.0,6333.0,564148584841216.0,6923.0,0.0,0.0,0.0,0.0,0.0,0.0,0.0,0.0,69,-0.0,-0.0,0.0,0.0,0.0,0.0,0.0,0.0,0.0,0,0,0,0.0,0.0,0.0,0.0,0.0,0.0,0.0,0.0,0.0,0.0,0.0,0.0,0.0,0.0,0.0,0.0,0,-107875648.0,69,0.0,138,0.0,-0.0,0,13107,17040,13107,17049,0,17043,0,0,0,70,68,100,2.7302359370752657e+23,71.1,0.0,74.2,2.7302370179391762e+23,74.0,1,49,50,180,0,52429,0,0,0.0,0.0,0.0,0.0,-0.0,67.0,0.0,162057.094,0.0,750,0,739,0,0,0,721,0,766,0,735,0,742,0,741,0,712,0,7520,0.032,78920024064.0,0.0,0.0,784,16797,-0.0,162057.094,-114818.039,-0.0,0.133,6.909358625270745e+28,30.0,65.0,35,0.0,0.0,0.0,0.0,0.0,0.0,0.0,0.0,0.0,0.0,0.0,0.0,0.0,0.0,0.0,0.0,69.2,0,150,71,54,65476,0,300,0,1,8,20529,65476,0,0,40632,65.0,0.0,0.0,0.0,0.0,0.0
2026-09-04T20:50:51,ERR,ERR,ERR,ERR,ERR,ERR,ERR,ERR,ERR,ERR,ERR,ERR,ERR,ERR,ERR,ERR,ERR,ERR,ERR,ERR,ERR,ERR,ERR,ERR,ERR,ERR,ERR,ERR,ERR,ERR,ERR,ERR,ERR,ERR,ERR,ERR,ERR,ERR,ERR,ERR,ERR,ERR,ERR,ERR,ERR,ERR,ERR,ERR,ERR,ERR,ERR,ERR,ERR,ERR,ERR,ERR,ERR,ERR,ERR,ERR,ERR,ERR,ERR,ERR,ERR,ERR,ERR,ERR,ERR,ERR,ERR,ERR,ERR,ERR,ERR,ERR,ERR,ERR,ERR,ERR,ERR,ERR,ERR,ERR,ERR,ERR,ERR,ERR,ERR,ERR,ERR,ERR,ERR,ERR,ERR,ERR,ERR,ERR,ERR,ERR,ERR,ERR,ERR,ERR,ERR,ERR,ERR,ERR,ERR,ERR,ERR,ERR,ERR,ERR,ERR,ERR,ERR,ERR,ERR,ERR,ERR,ERR,ERR,ERR,ERR,0.0,0.0,0.0,0.0,0.0,1.3936040501711995e+18,7.805,0.0,0,0,4,0,7116,0.0,100,0.0,0.0,0.0,0.0,0.0,0,0,0,0,0.0,0,0,0,0,0,0,0,0,0,0,0,0,0,0,0,0,0,0,0,0,0,0,0,0,0,0,0,0,0,0,0,0,0,31,40,40,71,65476,0,300,0,0,8,21553,0.0,-107605600.0,0.0,0.0,0.0,0.0,0.0,0.0,0.0,0.0,0.0,0.0,0.0,0.0,0.0,0.0,0.0,0.0,0.0,0.0,0.0,0.0,-2.004,2.004,-0.0,-0.0,0.0,0.0,0.0,0.0,6333.0,0.0,6914.0,0.0,0.0,0.0,0.0,0.0,0.0,0.0,0.0,69,-0.0,0.059,0.0,0.0,0.0,0.0,0.0,0.0,0.0,0,0,0,0.0,0.0,0.0,0.0,0.0,0.0,0.0,0.0,0.0,0.0,0.0,0.0,0.0,0.0,0.0,0.0,0,-107875648.0,69,0.0,138,0.0,-0.0,0,13107,17040,13107,17049,0,17043,0,0,0,70,68,100,2.7302359370752657e+23,71.1,0.0,74.2,2.7302370179391762e+23,74.0,1,49,50,180,0,52429,0,0,0.0,0.0,0.0,0.0,-0.0,67.0,0.0,162057.094,0.0,750,0,739,0,0,0,721,0,766,0,735,0,742,0,741,0,712,0,7520,0.032,79456894976.0,0.0,0.0,784,16797,-0.0,162057.094,-114818.039,-0.0,0.133,6.909358625270745e+28,30.0,65.0,35,0.0,0.0,0.0,0.0,0.0,0.0,0.0,0.0,0.0,0.0,0.0,0.0,0.0,0.0,0.0,0.0,69.2,0,150,71,54,65476,0,300,0,1,8,20529,65476,0,0,40632,65.0,0.0,0.0,0.0,0.0,0.0
2026-09-04T20:50:52,ERR,ERR,ERR,ERR,ERR,ERR,ERR,ERR,ERR,ERR,ERR,ERR,ERR,ERR,ERR,ERR,ERR,ERR,ERR,ERR,ERR,ERR,ERR,ERR,ERR,ERR,ERR,ERR,ERR,ERR,ERR,ERR,ERR,ERR,ERR,ERR,ERR,ERR,ERR,ERR,ERR,ERR,ERR,ERR,ERR,ERR,ERR,ERR,ERR,ERR,ERR,ERR,ERR,ERR,ERR,ERR,ERR,ERR,ERR,ERR,ERR,ERR,ERR,ERR,ERR,ERR,ERR,ERR,ERR,ERR,ERR,ERR,ERR,ERR,ERR,ERR,ERR,ERR,ERR,ERR,ERR,ERR,ERR,ERR,ERR,ERR,ERR,ERR,ERR,ERR,ERR,ERR,ERR,ERR,ERR,ERR,ERR,ERR,ERR,ERR,ERR,ERR,ERR,ERR,ERR,ERR,ERR,ERR,ERR,ERR,ERR,ERR,ERR,ERR,ERR,ERR,ERR,ERR,ERR,ERR,ERR,ERR,ERR,ERR,ERR,0.0,0.0,0.0,0.0,0.0,1.3936040501711995e+18,7.805,0.0,0,0,4,0,7116,0.0,100,0.0,0.0,0.0,0.0,0.0,0,0,0,0,0.0,0,0,0,0,0,0,0,0,0,0,0,0,0,0,0,0,0,0,0,0,0,0,0,0,0,0,0,0,0,0,0,0,0,31,40,40,71,65476,0,300,0,0,8,21553,0.0,-107605600.0,0.0,0.0,0.0,0.0,0.0,0.0,0.0,0.0,0.0,0.0,0.0,0.0,0.0,0.0,0.0,0.0,0.0,0.0,0.0,0.0,-2.004,2.004,-0.0,-0.0,0.0,0.0,0.0,0.0,6333.0,0.0,6914.0,0.0,0.0,0.0,0.0,0.0,0.0,0.0,0.0,69,-0.0,0.059,0.0,0.0,0.0,0.0,0.0,0.0,0.0,0,0,0,0.0,0.0,0.0,0.0,0.0,0.0,0.0,0.0,0.0,0.0,0.0,0.0,0.0,0.0,0.0,0.0,0,-107875648.0,69,0.0,138,0.0,-0.0,0,13107,17040,13107,17049,0,17043,0,0,0,70,68,100,2.7302359370752657e+23,71.1,0.0,74.2,2.7302370179391762e+23,74.0,1,49,50,180,0,52429,0,0,0.0,0.0,0.0,0.0,-0.0,67.0,0.0,162057.094,0.0,750,0,739,0,0,0,721,0,766,0,735,0,742,0,741,0,712,0,7520,0.032,79456894976.0,0.0,0.0,784,16797,-0.0,162057.094,-114818.039,-0.0,0.133,6.909358625270745e+28,30.0,65.0,35,0.0,0.0,0.0,0.0,0.0,0.0,0.0,0.0,0.0,0.0,0.0,0.0,0.0,0.0,0.0,0.0,69.2,0,150,71,54,65476,0,300,0,1,8,20529,65476,0,0,40632,65.0,0.0,0.0,0.0,0.0,0.0
2026-09-04T20:50:53,ERR,ERR,ERR,ERR,ERR,ERR,ERR,ERR,ERR,ERR,ERR,ERR,ERR,ERR,ERR,ERR,ERR,ERR,ERR,ERR,ERR,ERR,ERR,ERR,ERR,ERR,ERR,ERR,ERR,ERR,ERR,ERR,ERR,ERR,ERR,ERR,ERR,ERR,ERR,ERR,ERR,ERR,ERR,ERR,ERR,ERR,ERR,ERR,ERR,ERR,ERR,ERR,ERR,ERR,ERR,ERR,ERR,ERR,ERR,ERR,ERR,ERR,ERR,ERR,ERR,ERR,ERR,ERR,ERR,ERR,ERR,ERR,ERR,ERR,ERR,ERR,ERR,ERR,ERR,ERR,ERR,ERR,ERR,ERR,ERR,ERR,ERR,ERR,ERR,ERR,ERR,ERR,ERR,ERR,ERR,ERR,ERR,ERR,ERR,ERR,ERR,ERR,ERR,ERR,ERR,ERR,ERR,ERR,ERR,ERR,ERR,ERR,ERR,ERR,ERR,ERR,ERR,ERR,ERR,ERR,ERR,ERR,ERR,ERR,ERR,0.0,0.0,0.0,0.0,0.0,1.3936040501711995e+18,7.805,0.0,0,0,4,0,7116,0.0,100,0.0,0.0,0.0,0.0,0.0,0,0,0,0,0.0,0,0,0,0,0,0,0,0,0,0,0,0,0,0,0,0,0,0,0,0,0,0,0,0,0,0,0,0,0,0,0,0,0,31,40,40,71,65476,0,300,0,0,8,21553,0.0,-107605600.0,0.0,0.0,0.0,0.0,0.0,0.0,0.0,0.0,0.0,0.0,0.0,0.0,0.0,0.0,0.0,0.0,0.0,0.0,0.0,0.0,-2.004,2.004,-0.0,-0.0,0.0,0.0,0.0,0.0,6333.0,0.0,6914.0,0.0,0.0,0.0,0.0,0.0,0.0,0.0,0.0,69,-0.0,0.059,0.0,0.0,0.0,0.0,0.0,0.0,0.0,0,0,0,0.0,0.0,0.0,0.0,0.0,0.0,0.0,0.0,0.0,0.0,0.0,0.0,0.0,0.0,0.0,0.0,0,-107875648.0,69,0.0,138,0.0,-0.0,0,13107,17040,13107,17049,0,17043,0,0,0,70,68,100,2.7302359370752657e+23,71.1,0.0,74.2,2.7302370179391762e+23,74.0,1,49,50,180,0,52429,0,0,0.0,0.0,0.0,0.0,-0.0,67.0,0.0,162057.094,0.0,750,0,739,0,0,0,721,0,766,0,735,0,742,0,741,0,712,0,7520,0.032,79456894976.0,0.0,0.0,784,16797,-0.0,162057.094,-114818.039,-0.0,0.133,6.909358625270745e+28,30.0,65.0,35,0.0,0.0,0.0,0.0,0.0,0.0,0.0,0.0,0.0,0.0,0.0,0.0,0.0,0.0,0.0,0.0,69.2,0,150,71,54,65476,0,300,0,1,8,20529,65476,0,0,40632,65.0,0.0,0.0,0.0,0.0,0.0
2026-09-04T20:50:54,ERR,ERR,ERR,ERR,ERR,ERR,ERR,ERR,ERR,ERR,ERR,ERR,ERR,ERR,ERR,ERR,ERR,ERR,ERR,ERR,ERR,ERR,ERR,ERR,ERR,ERR,ERR,ERR,ERR,ERR,ERR,ERR,ERR,ERR,ERR,ERR,ERR,ERR,ERR,ERR,ERR,ERR,ERR,ERR,ERR,ERR,ERR,ERR,ERR,ERR,ERR,ERR,ERR,ERR,ERR,ERR,ERR,ERR,ERR,ERR,ERR,ERR,ERR,ERR,ERR,ERR,ERR,ERR,ERR,ERR,ERR,ERR,ERR,ERR,ERR,ERR,ERR,ERR,ERR,ERR,ERR,ERR,ERR,ERR,ERR,ERR,ERR,ERR,ERR,ERR,ERR,ERR,ERR,ERR,ERR,ERR,ERR,ERR,ERR,ERR,ERR,ERR,ERR,ERR,ERR,ERR,ERR,ERR,ERR,ERR,ERR,ERR,ERR,ERR,ERR,ERR,ERR,ERR,ERR,ERR,ERR,ERR,ERR,ERR,ERR,0.0,0.0,0.0,0.0,0.0,1.3936040501711995e+18,7.805,0.0,0,0,4,0,7116,0.0,100,0.0,0.0,0.0,0.0,0.0,0,0,0,0,0.0,0,0,0,0,0,0,0,0,0,0,0,0,0,0,0,0,0,0,0,0,0,0,0,0,0,0,0,0,0,0,0,0,0,31,40,40,71,65476,0,300,0,0,8,21553,0.0,-107605600.0,0.0,0.0,0.0,0.0,0.0,0.0,0.0,0.0,0.0,0.0,0.0,0.0,0.0,0.0,0.0,0.0,0.0,0.0,0.0,0.0,-2.004,2.004,-0.0,-0.0,0.0,0.0,0.0,0.0,6333.0,0.0,6914.0,0.0,0.0,0.0,0.0,0.0,0.0,0.0,0.0,69,-0.0,0.059,0.0,0.0,0.0,0.0,0.0,0.0,0.0,0,0,0,0.0,0.0,0.0,0.0,0.0,0.0,0.0,0.0,0.0,0.0,0.0,0.0,0.0,0.0,0.0,0.0,0,-107875648.0,69,0.0,138,0.0,-0.0,0,13107,17040,13107,17049,0,17043,0,0,0,70,68,100,2.7302359370752657e+23,71.1,0.0,74.2,2.7302370179391762e+23,74.0,1,49,50,180,0,52429,0,0,0.0,0.0,0.0,0.0,-0.0,67.0,0.0,162057.094,0.0,750,0,739,0,0,0,721,0,766,0,735,0,742,0,741,0,712,0,7520,0.032,79456894976.0,0.0,0.0,784,16797,-0.0,162057.094,-114818.039,-0.0,0.133,6.909358625270745e+28,30.0,65.0,35,0.0,0.0,0.0,0.0,0.0,0.0,0.0,0.0,0.0,0.0,0.0,0.0,0.0,0.0,0.0,0.0,69.2,0,150,71,54,65476,0,300,0,1,8,20529,65476,0,0,40632,65.0,0.0,0.0,0.0,0.0,0.0
2026-09-04T20:50:55,ERR,ERR,ERR,ERR,ERR,ERR,ERR,ERR,ERR,ERR,ERR,ERR,ERR,ERR,ERR,ERR,ERR,ERR,ERR,ERR,ERR,ERR,ERR,ERR,ERR,ERR,ERR,ERR,ERR,ERR,ERR,ERR,ERR,ERR,ERR,ERR,ERR,ERR,ERR,ERR,ERR,ERR,ERR,ERR,ERR,ERR,ERR,ERR,ERR,ERR,ERR,ERR,ERR,ERR,ERR,ERR,ERR,ERR,ERR,ERR,ERR,ERR,ERR,ERR,ERR,ERR,ERR,ERR,ERR,ERR,ERR,ERR,ERR,ERR,ERR,ERR,ERR,ERR,ERR,ERR,ERR,ERR,ERR,ERR,ERR,ERR,ERR,ERR,ERR,ERR,ERR,ERR,ERR,ERR,ERR,ERR,ERR,ERR,ERR,ERR,ERR,ERR,ERR,ERR,ERR,ERR,ERR,ERR,ERR,ERR,ERR,ERR,ERR,ERR,ERR,ERR,ERR,ERR,ERR,ERR,ERR,ERR,ERR,ERR,ERR,0.0,0.0,0.0,0.0,0.0,1.3936040501711995e+18,7.805,0.0,0,0,4,0,7116,0.0,100,0.0,0.0,0.0,0.0,0.0,0,0,0,0,0.0,0,0,0,0,0,0,0,0,0,0,0,0,0,0,0,0,0,0,0,0,0,0,0,0,0,0,0,0,0,0,0,0,0,31,40,40,71,65476,0,300,0,0,8,21553,0.0,-107605600.0,0.0,0.0,0.0,0.0,0.0,0.0,0.0,0.0,0.0,0.0,0.0,0.0,0.0,0.0,0.0,0.0,0.0,0.0,0.0,0.0,-2.004,2.004,-0.0,-0.0,0.0,0.0,0.0,0.0,6333.0,0.0,6914.0,0.0,0.0,0.0,0.0,0.0,0.0,0.0,0.0,69,-0.0,0.059,0.0,0.0,0.0,0.0,0.0,0.0,0.0,0,0,0,0.0,0.0,0.0,0.0,0.0,0.0,0.0,0.0,0.0,0.0,0.0,0.0,0.0,0.0,0.0,0.0,0,-107875648.0,69,0.0,138,0.0,-0.0,0,13107,17040,13107,17049,0,17043,0,0,0,70,68,100,2.7302359370752657e+23,71.1,0.0,74.2,2.7302370179391762e+23,74.0,1,49,50,180,0,52429,0,0,0.0,0.0,0.0,0.0,-0.0,67.0,0.0,162057.094,0.0,750,0,739,0,0,0,721,0,766,0,735,0,742,0,741,0,712,0,7520,0.032,79456894976.0,0.0,0.0,784,16797,-0.0,162057.094,-114818.039,-0.0,0.133,6.909358625270745e+28,30.0,65.0,35,0.0,0.0,0.0,0.0,0.0,0.0,0.0,0.0,0.0,0.0,0.0,0.0,0.0,0.0,0.0,0.0,69.2,0,150,71,54,65476,0,300,0,1,8,20529,65476,0,0,40632,65.0,0.0,0.0,0.0,0.0,0.0
2026-09-04T20:50:56,ERR,ERR,ERR,ERR,ERR,ERR,ERR,ERR,ERR,ERR,ERR,ERR,ERR,ERR,ERR,ERR,ERR,ERR,ERR,ERR,ERR,ERR,ERR,ERR,ERR,ERR,ERR,ERR,ERR,ERR,ERR,ERR,ERR,ERR,ERR,ERR,ERR,ERR,ERR,ERR,ERR,ERR,ERR,ERR,ERR,ERR,ERR,ERR,ERR,ERR,ERR,ERR,ERR,ERR,ERR,ERR,ERR,ERR,ERR,ERR,ERR,ERR,ERR,ERR,ERR,ERR,ERR,ERR,ERR,ERR,ERR,ERR,ERR,ERR,ERR,ERR,ERR,ERR,ERR,ERR,ERR,ERR,ERR,ERR,ERR,ERR,ERR,ERR,ERR,ERR,ERR,ERR,ERR,ERR,ERR,ERR,ERR,ERR,ERR,ERR,ERR,ERR,ERR,ERR,ERR,ERR,ERR,ERR,ERR,ERR,ERR,ERR,ERR,ERR,ERR,ERR,ERR,ERR,ERR,ERR,ERR,ERR,ERR,ERR,ERR,0.0,0.0,0.0,0.0,0.0,1.3936040501711995e+18,7.805,0.0,0,0,4,0,7116,0.0,100,0.0,0.0,0.0,0.0,0.0,0,0,0,0,0.0,0,0,0,0,0,0,0,0,0,0,0,0,0,0,0,0,0,0,0,0,0,0,0,0,0,0,0,0,0,0,0,0,0,31,40,40,71,65476,0,300,0,0,8,21553,0.0,-107605600.0,0.0,0.0,0.0,0.0,0.0,0.0,0.0,0.0,0.0,0.0,0.0,0.0,0.0,0.0,0.0,0.0,0.0,0.0,0.0,0.0,-2.004,2.004,-0.0,-0.0,0.0,0.0,0.0,0.0,6333.0,0.0,6914.0,0.0,0.0,0.0,0.0,0.0,0.0,0.0,0.0,69,-0.0,0.059,0.0,0.0,0.0,0.0,0.0,0.0,0.0,0,0,0,0.0,0.0,0.0,0.0,0.0,0.0,0.0,0.0,0.0,0.0,0.0,0.0,0.0,0.0,0.0,0.0,0,-107875648.0,69,0.0,138,0.0,-0.0,0,13107,17040,13107,17049,0,17043,0,0,0,70,68,100,2.7302359370752657e+23,71.1,0.0,74.2,2.7302370179391762e+23,74.0,1,49,50,180,0,52429,0,0,0.0,0.0,0.0,0.0,-0.0,67.0,0.0,162057.094,0.0,750,0,739,0,0,0,721,0,766,0,735,0,742,0,741,0,712,0,7520,0.032,78920024064.0,0.0,0.0,784,16797,-0.0,162057.094,-114818.039,-0.0,0.133,6.909358625270745e+28,30.0,65.0,35,0.0,0.0,0.0,0.0,0.0,0.0,0.0,0.0,0.0,0.0,0.0,0.0,0.0,0.0,0.0,0.0,69.2,0,150,71,54,65476,0,300,0,1,8,20529,65476,0,0,40632,65.0,0.0,0.0,0.0,0.0,0.0
2026-09-04T20:50:57,ERR,ERR,ERR,ERR,ERR,ERR,ERR,ERR,ERR,ERR,ERR,ERR,ERR,ERR,ERR,ERR,ERR,ERR,ERR,ERR,ERR,ERR,ERR,ERR,ERR,ERR,ERR,ERR,ERR,ERR,ERR,ERR,ERR,ERR,ERR,ERR,ERR,ERR,ERR,ERR,ERR,ERR,ERR,ERR,ERR,ERR,ERR,ERR,ERR,ERR,ERR,ERR,ERR,ERR,ERR,ERR,ERR,ERR,ERR,ERR,ERR,ERR,ERR,ERR,ERR,ERR,ERR,ERR,ERR,ERR,ERR,ERR,ERR,ERR,ERR,ERR,ERR,ERR,ERR,ERR,ERR,ERR,ERR,ERR,ERR,ERR,ERR,ERR,ERR,ERR,ERR,ERR,ERR,ERR,ERR,ERR,ERR,ERR,ERR,ERR,ERR,ERR,ERR,ERR,ERR,ERR,ERR,ERR,ERR,ERR,ERR,ERR,ERR,ERR,ERR,ERR,ERR,ERR,ERR,ERR,ERR,ERR,ERR,ERR,ERR,0.0,0.0,0.0,0.0,0.0,1.3936040501711995e+18,7.805,0.0,0,0,4,0,7116,0.0,100,0.0,0.0,0.0,0.0,0.0,0,0,0,0,0.0,0,0,0,0,0,0,0,0,0,0,0,0,0,0,0,0,0,0,0,0,0,0,0,0,0,0,0,0,0,0,0,0,0,31,40,40,71,65476,0,300,0,0,8,21553,0.0,-107605600.0,0.0,0.0,0.0,0.0,0.0,0.0,0.0,0.0,0.0,0.0,0.0,0.0,0.0,0.0,0.0,0.0,0.0,0.0,0.0,0.0,-2.004,2.004,-0.0,-0.0,0.0,0.0,0.0,0.0,6333.0,0.0,6914.0,0.0,0.0,0.0,0.0,0.0,0.0,0.0,0.0,69,-0.0,0.059,0.0,0.0,0.0,0.0,0.0,0.0,0.0,0,0,0,0.0,0.0,0.0,0.0,0.0,0.0,0.0,0.0,0.0,0.0,0.0,0.0,0.0,0.0,0.0,0.0,0,-107875648.0,69,0.0,138,0.0,-0.0,0,13107,17040,13107,17049,0,17043,0,0,0,70,68,100,2.7302359370752657e+23,71.1,0.0,74.2,2.7302370179391762e+23,74.0,1,49,50,180,0,52429,0,0,0.0,0.0,0.0,0.0,-0.0,67.0,0.0,162057.094,0.0,750,0,739,0,0,0,721,0,766,0,735,0,742,0,741,0,712,0,7520,0.032,78920024064.0,0.0,0.0,784,16797,-0.0,162057.094,-114818.039,-0.0,0.133,6.909358625270745e+28,30.0,65.0,35,0.0,0.0,0.0,0.0,0.0,0.0,0.0,0.0,0.0,0.0,0.0,0.0,0.0,0.0,0.0,0.0,69.6,0,150,71,54,65476,0,300,0,1,8,20529,65476,0,0,40632,65.0,0.0,0.0,0.0,0.0,0.0
2026-09-04T20:50:58,ERR,ERR,ERR,ERR,ERR,ERR,ERR,ERR,ERR,ERR,ERR,ERR,ERR,ERR,ERR,ERR,ERR,ERR,ERR,ERR,ERR,ERR,ERR,ERR,ERR,ERR,ERR,ERR,ERR,ERR,ERR,ERR,ERR,ERR,ERR,ERR,ERR,ERR,ERR,ERR,ERR,ERR,ERR,ERR,ERR,ERR,ERR,ERR,ERR,ERR,ERR,ERR,ERR,ERR,ERR,ERR,ERR,ERR,ERR,ERR,ERR,ERR,ERR,ERR,ERR,ERR,ERR,ERR,ERR,ERR,ERR,ERR,ERR,ERR,ERR,ERR,ERR,ERR,ERR,ERR,ERR,ERR,ERR,ERR,ERR,ERR,ERR,ERR,ERR,ERR,ERR,ERR,ERR,ERR,ERR,ERR,ERR,ERR,ERR,ERR,ERR,ERR,ERR,ERR,ERR,ERR,ERR,ERR,ERR,ERR,ERR,ERR,ERR,ERR,ERR,ERR,ERR,ERR,ERR,ERR,ERR,ERR,ERR,ERR,ERR,0.0,0.0,0.0,0.0,0.0,1.3936040501711995e+18,7.805,0.0,0,0,4,0,7116,0.0,100,0.0,0.0,0.0,0.0,0.0,0,0,0,0,0.0,0,0,0,0,0,0,0,0,0,0,0,0,0,0,0,0,0,0,0,0,0,0,0,0,0,0,0,0,0,0,0,0,0,31,40,40,71,65476,0,300,0,0,8,21553,0.0,-107605600.0,0.0,0.0,0.0,0.0,0.0,0.0,0.0,0.0,0.0,0.0,0.0,0.0,0.0,0.0,0.0,0.0,0.0,0.0,0.0,0.0,-0.0,2.004,2.004,-0.0,0.0,0.0,0.0,0.0,6334.0,2.004,6920.0,0.0,0.0,0.0,0.0,0.0,0.0,0.0,0.0,69,-0.0,5.848076282481645e+35,0.0,0.0,0.0,0.0,0.0,0.0,0.0,0,0,0,0.0,0.0,0.0,0.0,0.0,0.0,0.0,0.0,0.0,0.0,0.0,0.0,0.0,0.0,0.0,0.0,0,-107875648.0,69,0.0,138,0.0,-0.0,0,13107,17040,13107,17049,0,17043,0,0,0,70,68,100,2.7302359370752657e+23,71.1,0.0,74.2,2.7302370179391762e+23,74.0,1,49,50,180,0,52429,0,0,0.0,0.0,0.0,0.0,-0.0,67.0,0.0,162057.094,0.0,750,0,739,0,0,0,721,0,766,0,735,0,742,0,741,0,712,0,7520,0.032,78920024064.0,0.0,0.0,784,16797,-0.0,162057.094,-114818.039,-0.0,0.133,6.909358625270745e+28,30.0,65.0,35,0.0,0.0,0.0,0.0,0.0,0.0,0.0,0.0,0.0,0.0,0.0,0.0,0.0,0.0,0.0,0.0,69.6,0,150,71,54,65476,0,300,0,1,8,20529,65476,0,0,40632,65.0,0.0,0.0,0.0,0.0,0.0
2026-09-04T20:50:59,ERR,ERR,ERR,ERR,ERR,ERR,ERR,ERR,ERR,ERR,ERR,ERR,ERR,ERR,ERR,ERR,ERR,ERR,ERR,ERR,ERR,ERR,ERR,ERR,ERR,ERR,ERR,ERR,ERR,ERR,ERR,ERR,ERR,ERR,ERR,ERR,ERR,ERR,ERR,ERR,ERR,ERR,ERR,ERR,ERR,ERR,ERR,ERR,ERR,ERR,ERR,ERR,ERR,ERR,ERR,ERR,ERR,ERR,ERR,ERR,ERR,ERR,ERR,ERR,ERR,ERR,ERR,ERR,ERR,ERR,ERR,ERR,ERR,ERR,ERR,ERR,ERR,ERR,ERR,ERR,ERR,ERR,ERR,ERR,ERR,ERR,ERR,ERR,ERR,ERR,ERR,ERR,ERR,ERR,ERR,ERR,ERR,ERR,ERR,ERR,ERR,ERR,ERR,ERR,ERR,ERR,ERR,ERR,ERR,ERR,ERR,ERR,ERR,ERR,ERR,ERR,ERR,ERR,ERR,ERR,ERR,ERR,ERR,ERR,ERR,0.0,0.0,0.0,0.0,0.0,1.3936040501711995e+18,7.805,0.0,0,0,4,0,7116,0.0,100,0.0,0.0,0.0,0.0,0.0,0,0,0,0,0.0,0,0,0,0,0,0,0,0,0,0,0,0,0,0,0,0,0,0,0,0,0,0,0,0,0,0,0,0,0,0,0,0,0,31,40,40,71,65476,0,300,0,0,8,21553,0.0,-107605600.0,0.0,0.0,0.0,0.0,0.0,0.0,0.0,0.0,0.0,0.0,0.0,0.0,0.0,0.0,0.0,0.0,0.0,0.0,0.0,0.0,-0.0,2.004,2.004,-0.0,0.0,0.0,0.0,0.0,6334.0,2.004,6920.0,0.0,0.0,0.0,0.0,0.0,0.0,0.0,0.0,69,-0.0,5.848076282481645e+35,0.0,0.0,0.0,0.0,0.0,0.0,0.0,0,0,0,0.0,0.0,0.0,0.0,0.0,0.0,0.0,0.0,0.0,0.0,0.0,0.0,0.0,0.0,0.0,0.0,0,-107875648.0,69,0.0,138,0.0,-0.0,0,13107,17040,13107,17049,0,17043,0,0,0,70,68,100,2.7302359370752657e+23,71.1,0.0,74.2,2.7302370179391762e+23,74.0,1,49,50,180,0,52429,0,0,0.0,0.0,0.0,0.0,-0.0,67.0,0.0,162057.094,0.0,750,0,739,0,0,0,721,0,766,0,735,0,742,0,741,0,712,0,7520,0.032,78920024064.0,0.0,0.0,784,16797,-0.0,162057.094,-114818.039,-0.0,0.133,6.909358625270745e+28,30.0,65.0,35,0.0,0.0,0.0,0.0,0.0,0.0,0.0,0.0,0.0,0.0,0.0,0.0,0.0,0.0,0.0,0.0,69.6,0,150,71,54,65476,0,300,0,1,8,20529,65476,0,0,40632,65.0,0.0,0.0,0.0,0.0,0.0
2026-09-04T20:51:00,ERR,ERR,ERR,ERR,ERR,ERR,ERR,ERR,ERR,ERR,ERR,ERR,ERR,ERR,ERR,ERR,ERR,ERR,ERR,ERR,ERR,ERR,ERR,ERR,ERR,ERR,ERR,ERR,ERR,ERR,ERR,ERR,ERR,ERR,ERR,ERR,ERR,ERR,ERR,ERR,ERR,ERR,ERR,ERR,ERR,ERR,ERR,ERR,ERR,ERR,ERR,ERR,ERR,ERR,ERR,ERR,ERR,ERR,ERR,ERR,ERR,ERR,ERR,ERR,ERR,ERR,ERR,ERR,ERR,ERR,ERR,ERR,ERR,ERR,ERR,ERR,ERR,ERR,ERR,ERR,ERR,ERR,ERR,ERR,ERR,ERR,ERR,ERR,ERR,ERR,ERR,ERR,ERR,ERR,ERR,ERR,ERR,ERR,ERR,ERR,ERR,ERR,ERR,ERR,ERR,ERR,ERR,ERR,ERR,ERR,ERR,ERR,ERR,ERR,ERR,ERR,ERR,ERR,ERR,ERR,ERR,ERR,ERR,ERR,ERR,0.0,0.0,0.0,0.0,0.0,1.3936040501711995e+18,7.805,0.0,0,0,4,0,7116,0.0,100,0.0,0.0,0.0,0.0,0.0,0,0,0,0,0.0,0,0,0,0,0,0,0,0,0,0,0,0,0,0,0,0,0,0,0,0,0,0,0,0,0,0,0,0,0,0,0,0,0,31,40,40,71,65476,0,300,0,0,8,21553,0.0,-107605600.0,0.0,0.0,0.0,0.0,0.0,0.0,0.0,0.0,0.0,0.0,0.0,0.0,0.0,0.0,0.0,0.0,0.0,0.0,0.0,0.0,-0.0,2.004,2.004,-0.0,0.0,0.0,0.0,0.0,6334.0,2.004,6920.0,0.0,0.0,0.0,0.0,0.0,0.0,0.0,0.0,69,-0.0,5.848076282481645e+35,0.0,0.0,0.0,0.0,0.0,0.0,0.0,0,0,0,0.0,0.0,0.0,0.0,0.0,0.0,0.0,0.0,0.0,0.0,0.0,0.0,0.0,0.0,0.0,0.0,0,-107875648.0,69,0.0,138,0.0,-0.0,0,13107,17040,13107,17049,0,17043,0,0,0,70,68,100,2.7302359370752657e+23,71.1,0.0,74.2,2.7302370179391762e+23,74.0,1,49,50,180,0,52429,0,0,0.0,0.0,0.0,0.0,-0.0,67.0,0.0,162057.094,0.0,750,0,739,0,0,0,721,0,766,0,735,0,742,0,741,0,712,0,7520,0.032,78920024064.0,0.0,0.0,784,16797,-0.0,162057.094,-114818.039,-0.0,0.133,6.909358625270745e+28,30.0,65.0,35,0.0,0.0,0.0,0.0,0.0,0.0,0.0,0.0,0.0,0.0,0.0,0.0,0.0,0.0,0.0,0.0,69.2,0,150,71,54,65476,0,300,0,1,8,20529,65476,0,0,40632,65.0,0.0,0.0,0.0,0.0,0.0
2026-09-04T20:51:01,ERR,ERR,ERR,ERR,ERR,ERR,ERR,ERR,ERR,ERR,ERR,ERR,ERR,ERR,ERR,ERR,ERR,ERR,ERR,ERR,ERR,ERR,ERR,ERR,ERR,ERR,ERR,ERR,ERR,ERR,ERR,ERR,ERR,ERR,ERR,ERR,ERR,ERR,ERR,ERR,ERR,ERR,ERR,ERR,ERR,ERR,ERR,ERR,ERR,ERR,ERR,ERR,ERR,ERR,ERR,ERR,ERR,ERR,ERR,ERR,ERR,ERR,ERR,ERR,ERR,ERR,ERR,ERR,ERR,ERR,ERR,ERR,ERR,ERR,ERR,ERR,ERR,ERR,ERR,ERR,ERR,ERR,ERR,ERR,ERR,ERR,ERR,ERR,ERR,ERR,ERR,ERR,ERR,ERR,ERR,ERR,ERR,ERR,ERR,ERR,ERR,ERR,ERR,ERR,ERR,ERR,ERR,ERR,ERR,ERR,ERR,ERR,ERR,ERR,ERR,ERR,ERR,ERR,ERR,ERR,ERR,ERR,ERR,ERR,ERR,0.0,0.0,0.0,0.0,0.0,1.3936040501711995e+18,7.805,0.0,0,0,4,0,7116,0.0,100,0.0,0.0,0.0,0.0,0.0,0,0,0,0,0.0,0,0,0,0,0,0,0,0,0,0,0,0,0,0,0,0,0,0,0,0,0,0,0,0,0,0,0,0,0,0,0,0,0,31,40,40,71,65476,0,300,0,0,8,21553,0.0,-107605600.0,0.0,0.0,0.0,0.0,0.0,0.0,0.0,0.0,0.0,0.0,0.0,0.0,0.0,0.0,0.0,0.0,0.0,0.0,0.0,0.0,-0.0,2.004,2.004,-0.0,0.0,0.0,0.0,0.0,6334.0,2.004,6920.0,0.0,0.0,0.0,0.0,0.0,0.0,0.0,0.0,69,-0.0,5.848076282481645e+35,0.0,0.0,0.0,0.0,0.0,0.0,0.0,0,0,0,0.0,0.0,0.0,0.0,0.0,0.0,0.0,0.0,0.0,0.0,0.0,0.0,0.0,0.0,0.0,0.0,0,-107875648.0,69,0.0,138,0.0,-0.0,0,13107,17040,13107,17049,0,17043,0,0,0,70,68,100,2.7302359370752657e+23,71.1,0.0,74.2,2.7302370179391762e+23,74.0,1,49,50,180,0,52429,0,0,0.0,0.0,0.0,0.0,-0.0,67.0,0.0,162057.094,0.0,750,0,739,0,0,0,721,0,766,0,735,0,742,0,741,0,712,0,7520,0.032,78920024064.0,0.0,0.0,784,16797,-0.0,162057.094,-114818.039,-0.0,0.133,6.909358625270745e+28,30.0,65.0,35,0.0,0.0,0.0,0.0,0.0,0.0,0.0,0.0,0.0,0.0,0.0,0.0,0.0,0.0,0.0,0.0,69.2,0,150,71,54,65476,0,300,0,1,8,20529,65476,0,0,40632,65.0,0.0,0.0,0.0,0.0,0.0
2026-09-04T20:51:02,ERR,ERR,ERR,ERR,ERR,ERR,ERR,ERR,ERR,ERR,ERR,ERR,ERR,ERR,ERR,ERR,ERR,ERR,ERR,ERR,ERR,ERR,ERR,ERR,ERR,ERR,ERR,ERR,ERR,ERR,ERR,ERR,ERR,ERR,ERR,ERR,ERR,ERR,ERR,ERR,ERR,ERR,ERR,ERR,ERR,ERR,ERR,ERR,ERR,ERR,ERR,ERR,ERR,ERR,ERR,ERR,ERR,ERR,ERR,ERR,ERR,ERR,ERR,ERR,ERR,ERR,ERR,ERR,ERR,ERR,ERR,ERR,ERR,ERR,ERR,ERR,ERR,ERR,ERR,ERR,ERR,ERR,ERR,ERR,ERR,ERR,ERR,ERR,ERR,ERR,ERR,ERR,ERR,ERR,ERR,ERR,ERR,ERR,ERR,ERR,ERR,ERR,ERR,ERR,ERR,ERR,ERR,ERR,ERR,ERR,ERR,ERR,ERR,ERR,ERR,ERR,ERR,ERR,ERR,ERR,ERR,ERR,ERR,ERR,ERR,0.0,0.0,0.0,0.0,0.0,1.3936040501711995e+18,7.805,0.0,0,0,4,0,7116,0.0,100,0.0,0.0,0.0,0.0,0.0,0,0,0,0,0.0,0,0,0,0,0,0,0,0,0,0,0,0,0,0,0,0,0,0,0,0,0,0,0,0,0,0,0,0,0,0,0,0,0,31,40,40,71,65476,0,300,0,0,8,21553,0.0,-107605600.0,0.0,0.0,0.0,0.0,0.0,0.0,0.0,0.0,0.0,0.0,0.0,0.0,0.0,0.0,0.0,0.0,0.0,0.0,0.0,0.0,-0.0,2.004,2.004,-0.0,0.0,0.0,0.0,0.0,6334.0,2.004,6920.0,0.0,0.0,0.0,0.0,0.0,0.0,0.0,0.0,69,-0.0,5.848076282481645e+35,0.0,0.0,0.0,0.0,0.0,0.0,0.0,0,0,0,0.0,0.0,0.0,0.0,0.0,0.0,0.0,0.0,0.0,0.0,0.0,0.0,0.0,0.0,0.0,0.0,0,-107875648.0,69,0.0,138,0.0,-0.0,0,13107,17040,13107,17049,0,17043,0,0,0,70,68,100,2.7302359370752657e+23,71.1,0.0,74.2,2.7302370179391762e+23,74.0,1,49,50,180,0,52429,0,0,0.0,0.0,0.0,0.0,-0.0,67.0,0.0,162057.094,0.0,750,0,739,0,0,0,721,0,766,0,735,0,742,0,741,0,712,0,7520,0.032,79456894976.0,0.0,0.0,784,16797,-0.0,162057.094,-114818.039,-0.0,0.133,6.909358625270745e+28,30.0,65.0,35,0.0,0.0,0.0,0.0,0.0,0.0,0.0,0.0,0.0,0.0,0.0,0.0,0.0,0.0,0.0,0.0,69.2,0,150,71,54,65476,0,300,0,1,8,20529,65476,0,0,40632,65.0,0.0,0.0,0.0,0.0,0.0
2026-09-04T20:51:03,ERR,ERR,ERR,ERR,ERR,ERR,ERR,ERR,ERR,ERR,ERR,ERR,ERR,ERR,ERR,ERR,ERR,ERR,ERR,ERR,ERR,ERR,ERR,ERR,ERR,ERR,ERR,ERR,ERR,ERR,ERR,ERR,ERR,ERR,ERR,ERR,ERR,ERR,ERR,ERR,ERR,ERR,ERR,ERR,ERR,ERR,ERR,ERR,ERR,ERR,ERR,ERR,ERR,ERR,ERR,ERR,ERR,ERR,ERR,ERR,ERR,ERR,ERR,ERR,ERR,ERR,ERR,ERR,ERR,ERR,ERR,ERR,ERR,ERR,ERR,ERR,ERR,ERR,ERR,ERR,ERR,ERR,ERR,ERR,ERR,ERR,ERR,ERR,ERR,ERR,ERR,ERR,ERR,ERR,ERR,ERR,ERR,ERR,ERR,ERR,ERR,ERR,ERR,ERR,ERR,ERR,ERR,ERR,ERR,ERR,ERR,ERR,ERR,ERR,ERR,ERR,ERR,ERR,ERR,ERR,ERR,ERR,ERR,ERR,ERR,0.0,0.0,0.0,0.0,0.0,1.3936040501711995e+18,7.805,0.0,0,0,4,0,7116,0.0,100,0.0,0.0,0.0,0.0,0.0,0,0,0,0,0.0,0,0,0,0,0,0,0,0,0,0,0,0,0,0,0,0,0,0,0,0,0,0,0,0,0,0,0,0,0,0,0,0,0,31,40,40,71,65476,0,300,0,0,8,21553,0.0,-107605600.0,0.0,0.0,0.0,0.0,0.0,0.0,0.0,0.0,0.0,0.0,0.0,0.0,0.0,0.0,0.0,0.0,0.0,0.0,0.0,0.0,-0.0,2.004,2.004,-0.0,0.0,0.0,0.0,0.0,6334.0,2.004,6920.0,0.0,0.0,0.0,0.0,0.0,0.0,0.0,0.0,69,-0.0,5.848076282481645e+35,0.0,0.0,0.0,0.0,0.0,0.0,0.0,0,0,0,0.0,0.0,0.0,0.0,0.0,0.0,0.0,0.0,0.0,0.0,0.0,0.0,0.0,0.0,0.0,0.0,0,-107875648.0,69,0.0,138,0.0,-0.0,0,13107,17040,13107,17049,0,17043,0,0,0,70,68,100,2.7302359370752657e+23,71.1,0.0,74.2,2.7302370179391762e+23,74.0,1,49,50,180,0,52429,0,0,0.0,0.0,0.0,0.0,-0.0,67.0,0.0,162057.094,0.0,750,0,739,0,0,0,721,0,766,0,735,0,742,0,741,0,712,0,7520,0.032,79456894976.0,0.0,0.0,784,16797,-0.0,162057.094,-114818.039,-0.0,0.133,6.909358625270745e+28,30.0,65.0,35,0.0,0.0,0.0,0.0,0.0,0.0,0.0,0.0,0.0,0.0,0.0,0.0,0.0,0.0,0.0,0.0,69.2,0,150,71,54,65476,0,300,0,1,8,20529,65476,0,0,40632,65.0,0.0,0.0,0.0,0.0,0.0
2026-09-04T20:51:04,ERR,ERR,ERR,ERR,ERR,ERR,ERR,ERR,ERR,ERR,ERR,ERR,ERR,ERR,ERR,ERR,ERR,ERR,ERR,ERR,ERR,ERR,ERR,ERR,ERR,ERR,ERR,ERR,ERR,ERR,ERR,ERR,ERR,ERR,ERR,ERR,ERR,ERR,ERR,ERR,ERR,ERR,ERR,ERR,ERR,ERR,ERR,ERR,ERR,ERR,ERR,ERR,ERR,ERR,ERR,ERR,ERR,ERR,ERR,ERR,ERR,ERR,ERR,ERR,ERR,ERR,ERR,ERR,ERR,ERR,ERR,ERR,ERR,ERR,ERR,ERR,ERR,ERR,ERR,ERR,ERR,ERR,ERR,ERR,ERR,ERR,ERR,ERR,ERR,ERR,ERR,ERR,ERR,ERR,ERR,ERR,ERR,ERR,ERR,ERR,ERR,ERR,ERR,ERR,ERR,ERR,ERR,ERR,ERR,ERR,ERR,ERR,ERR,ERR,ERR,ERR,ERR,ERR,ERR,ERR,ERR,ERR,ERR,ERR,ERR,0.0,0.0,0.0,0.0,0.0,1.3936040501711995e+18,7.805,0.0,0,0,4,0,7116,0.0,100,0.0,0.0,0.0,0.0,0.0,0,0,0,0,0.0,0,0,0,0,0,0,0,0,0,0,0,0,0,0,0,0,0,0,0,0,0,0,0,0,0,0,0,0,0,0,0,0,0,31,40,40,71,65476,0,300,0,0,8,21553,0.0,-107605600.0,0.0,0.0,0.0,0.0,0.0,0.0,0.0,0.0,0.0,0.0,0.0,0.0,0.0,0.0,0.0,0.0,0.0,0.0,0.0,0.0,-0.0,2.004,2.004,-0.0,0.0,0.0,0.0,0.0,6334.0,2.004,6920.0,0.0,0.0,0.0,0.0,0.0,0.0,0.0,0.0,69,-0.0,5.848076282481645e+35,0.0,0.0,0.0,0.0,0.0,0.0,0.0,0,0,0,0.0,0.0,0.0,0.0,0.0,0.0,0.0,0.0,0.0,0.0,0.0,0.0,0.0,0.0,0.0,0.0,0,-107875648.0,69,0.0,138,0.0,-0.0,0,13107,17040,13107,17049,0,17043,0,0,0,70,68,100,2.7302359370752657e+23,71.1,0.0,74.2,2.7302370179391762e+23,74.0,1,49,50,180,0,52429,0,0,0.0,0.0,0.0,0.0,-0.0,67.0,0.0,162057.094,0.0,750,0,739,0,0,0,721,0,766,0,735,0,742,0,741,0,712,0,7520,0.032,79456894976.0,0.0,0.0,784,16797,-0.0,162057.094,-114818.039,-0.0,0.133,6.909358625270745e+28,30.0,65.0,35,0.0,0.0,0.0,0.0,0.0,0.0,0.0,0.0,0.0,0.0,0.0,0.0,0.0,0.0,0.0,0.0,69.2,0,150,71,54,65476,0,300,0,1,8,20529,65476,0,0,40632,65.0,0.0,0.0,0.0,0.0,0.0
2026-09-04T20:51:05,ERR,ERR,ERR,ERR,ERR,ERR,ERR,ERR,ERR,ERR,ERR,ERR,ERR,ERR,ERR,ERR,ERR,ERR,ERR,ERR,ERR,ERR,ERR,ERR,ERR,ERR,ERR,ERR,ERR,ERR,ERR,ERR,ERR,ERR,ERR,ERR,ERR,ERR,ERR,ERR,ERR,ERR,ERR,ERR,ERR,ERR,ERR,ERR,ERR,ERR,ERR,ERR,ERR,ERR,ERR,ERR,ERR,ERR,ERR,ERR,ERR,ERR,ERR,ERR,ERR,ERR,ERR,ERR,ERR,ERR,ERR,ERR,ERR,ERR,ERR,ERR,ERR,ERR,ERR,ERR,ERR,ERR,ERR,ERR,ERR,ERR,ERR,ERR,ERR,ERR,ERR,ERR,ERR,ERR,ERR,ERR,ERR,ERR,ERR,ERR,ERR,ERR,ERR,ERR,ERR,ERR,ERR,ERR,ERR,ERR,ERR,ERR,ERR,ERR,ERR,ERR,ERR,ERR,ERR,ERR,ERR,ERR,ERR,ERR,ERR,0.0,0.0,0.0,0.0,0.0,1.3936040501711995e+18,7.805,0.0,0,0,4,0,7116,0.0,100,0.0,0.0,0.0,0.0,0.0,0,0,0,0,0.0,0,0,0,0,0,0,0,0,0,0,0,0,0,0,0,0,0,0,0,0,0,0,0,0,0,0,0,0,0,0,0,0,0,31,40,40,71,65476,0,300,0,0,8,21553,0.0,-107605600.0,0.0,0.0,0.0,0.0,0.0,0.0,0.0,0.0,0.0,0.0,0.0,0.0,0.0,0.0,0.0,0.0,0.0,0.0,0.0,0.0,-0.0,2.004,2.004,-0.0,0.0,0.0,0.0,0.0,6334.0,2.004,6920.0,0.0,0.0,0.0,0.0,0.0,0.0,0.0,0.0,69,-0.0,5.848076282481645e+35,0.0,0.0,0.0,0.0,0.0,0.0,0.0,0,0,0,0.0,0.0,0.0,0.0,0.0,0.0,0.0,0.0,0.0,0.0,0.0,0.0,0.0,0.0,0.0,0.0,0,-107875648.0,69,0.0,138,0.0,-0.0,0,13107,17040,13107,17049,0,17043,0,0,0,70,68,100,2.7302359370752657e+23,71.1,0.0,74.2,2.7302370179391762e+23,74.0,1,49,50,180,0,52429,0,0,0.0,0.0,0.0,0.0,-0.0,67.0,0.0,162057.094,0.0,750,0,739,0,0,0,721,0,766,0,735,0,742,0,741,0,712,0,7520,0.032,79456894976.0,0.0,0.0,784,16797,-0.0,162057.094,-114818.039,-0.0,0.133,6.909358625270745e+28,30.0,65.0,35,0.0,0.0,0.0,0.0,0.0,0.0,0.0,0.0,0.0,0.0,0.0,0.0,0.0,0.0,0.0,0.0,69.2,0,150,71,54,65476,0,300,0,1,8,20529,65476,0,0,40632,65.0,0.0,0.0,0.0,0.0,0.0
2026-09-04T20:51:06,ERR,ERR,ERR,ERR,ERR,ERR,ERR,ERR,ERR,ERR,ERR,ERR,ERR,ERR,ERR,ERR,ERR,ERR,ERR,ERR,ERR,ERR,ERR,ERR,ERR,ERR,ERR,ERR,ERR,ERR,ERR,ERR,ERR,ERR,ERR,ERR,ERR,ERR,ERR,ERR,ERR,ERR,ERR,ERR,ERR,ERR,ERR,ERR,ERR,ERR,ERR,ERR,ERR,ERR,ERR,ERR,ERR,ERR,ERR,ERR,ERR,ERR,ERR,ERR,ERR,ERR,ERR,ERR,ERR,ERR,ERR,ERR,ERR,ERR,ERR,ERR,ERR,ERR,ERR,ERR,ERR,ERR,ERR,ERR,ERR,ERR,ERR,ERR,ERR,ERR,ERR,ERR,ERR,ERR,ERR,ERR,ERR,ERR,ERR,ERR,ERR,ERR,ERR,ERR,ERR,ERR,ERR,ERR,ERR,ERR,ERR,ERR,ERR,ERR,ERR,ERR,ERR,ERR,ERR,ERR,ERR,ERR,ERR,ERR,ERR,0.0,-0.0,3.028208139652935e+23,0.0,0.0,1.3936040501711995e+18,7.805,0.0,0,0,4,0,7116,0.0,100,0.0,0.0,0.0,0.0,0.0,0,0,0,0,0.0,0,0,0,0,0,0,0,0,0,0,0,0,0,0,0,0,0,0,0,0,0,0,0,0,0,0,0,0,0,0,0,0,0,31,40,40,71,65476,0,300,0,0,8,21553,0.0,-107605600.0,0.0,0.0,0.0,0.0,0.0,0.0,0.0,0.0,0.0,0.0,0.0,0.0,0.0,0.0,0.0,0.0,0.0,0.0,0.0,0.0,-0.0,2.004,2.004,-0.0,0.0,0.0,0.0,0.0,6334.0,-2.004,6936.0,0.0,0.0,0.0,0.0,0.0,0.0,0.0,0.0,69,-0.0,-4.950421634474044e+32,0.0,0.0,0.0,0.0,0.0,0.0,0.0,0,0,0,0.0,0.0,0.0,0.0,0.0,0.0,0.0,0.0,0.0,0.0,0.0,0.0,0.0,0.0,0.0,0.0,0,-107875648.0,69,0.0,138,0.0,0.0,0,13107,17040,13107,17049,0,17043,0,0,0,70,68,100,2.7302359370752657e+23,71.1,0.0,74.2,2.7302370179391762e+23,74.0,1,49,50,180,0,52429,0,0,0.0,0.0,0.0,0.0,-0.0,67.0,0.0,162057.094,0.0,750,0,739,0,0,0,721,0,766,0,735,0,742,0,741,0,712,0,7520,0.032,79456894976.0,0.0,0.0,784,16797,-0.0,162057.094,-114818.039,-0.0,0.133,6.909358625270745e+28,30.0,65.0,35,0.0,0.0,0.0,0.0,0.0,0.0,0.0,0.0,0.0,0.0,0.0,0.0,0.0,0.0,0.0,0.0,69.2,0,150,71,54,65476,0,300,0,1,8,20529,65476,0,0,40632,65.0,0.0,0.0,0.0,0.0,0.0
2026-09-04T20:51:07,ERR,ERR,ERR,ERR,ERR,ERR,ERR,ERR,ERR,ERR,ERR,ERR,ERR,ERR,ERR,ERR,ERR,ERR,ERR,ERR,ERR,ERR,ERR,ERR,ERR,ERR,ERR,ERR,ERR,ERR,ERR,ERR,ERR,ERR,ERR,ERR,ERR,ERR,ERR,ERR,ERR,ERR,ERR,ERR,ERR,ERR,ERR,ERR,ERR,ERR,ERR,ERR,ERR,ERR,ERR,ERR,ERR,ERR,ERR,ERR,ERR,ERR,ERR,ERR,ERR,ERR,ERR,ERR,ERR,ERR,ERR,ERR,ERR,ERR,ERR,ERR,ERR,ERR,ERR,ERR,ERR,ERR,ERR,ERR,ERR,ERR,ERR,ERR,ERR,ERR,ERR,ERR,ERR,ERR,ERR,ERR,ERR,ERR,ERR,ERR,ERR,ERR,ERR,ERR,ERR,ERR,ERR,ERR,ERR,ERR,ERR,ERR,ERR,ERR,ERR,ERR,ERR,ERR,ERR,ERR,ERR,ERR,ERR,ERR,ERR,0.0,-0.0,3.028208139652935e+23,0.0,0.0,1.3936040501711995e+18,7.805,0.0,0,0,4,0,7116,0.0,100,0.0,0.0,0.0,0.0,0.0,0,0,0,0,0.0,0,0,0,0,0,0,0,0,0,0,0,0,0,0,0,0,0,0,0,0,0,0,0,0,0,0,0,0,0,0,0,0,0,31,40,40,71,65476,0,300,0,0,8,21553,0.0,-107605600.0,0.0,0.0,0.0,0.0,0.0,0.0,0.0,0.0,0.0,0.0,0.0,0.0,0.0,0.0,0.0,0.0,0.0,0.0,0.0,0.0,-0.0,2.004,2.004,-0.0,0.0,0.0,0.0,0.0,6334.0,-2.004,6936.0,0.0,0.0,0.0,0.0,0.0,0.0,0.0,0.0,69,-0.0,-4.950421634474044e+32,0.0,0.0,0.0,0.0,0.0,0.0,0.0,0,0,0,0.0,0.0,0.0,0.0,0.0,0.0,0.0,0.0,0.0,0.0,0.0,0.0,0.0,0.0,0.0,0.0,0,-107875648.0,69,0.0,138,0.0,0.0,0,13107,17040,13107,17049,13107,17043,0,0,0,70,68,100,2.7302359370752657e+23,71.1,0.0,74.2,2.7302370179391762e+23,74.0,1,49,50,180,0,52429,0,0,0.0,0.0,0.0,0.0,-0.0,67.0,0.0,162057.094,0.0,750,0,739,0,0,0,721,0,766,0,735,0,742,0,741,0,712,0,7520,0.032,79456894976.0,0.0,0.0,784,16797,-0.0,162057.094,-114818.039,-0.0,0.133,6.909358625270745e+28,30.0,65.0,35,0.0,0.0,0.0,0.0,0.0,0.0,0.0,0.0,0.0,0.0,0.0,0.0,0.0,0.0,0.0,0.0,69.6,0,150,71,54,65476,0,300,0,1,8,20529,65476,0,0,40632,65.0,0.0,0.0,0.0,0.0,0.0
2026-09-04T20:51:08,ERR,ERR,ERR,ERR,ERR,ERR,ERR,ERR,ERR,ERR,ERR,ERR,ERR,ERR,ERR,ERR,ERR,ERR,ERR,ERR,ERR,ERR,ERR,ERR,ERR,ERR,ERR,ERR,ERR,ERR,ERR,ERR,ERR,ERR,ERR,ERR,ERR,ERR,ERR,ERR,ERR,ERR,ERR,ERR,ERR,ERR,ERR,ERR,ERR,ERR,ERR,ERR,ERR,ERR,ERR,ERR,ERR,ERR,ERR,ERR,ERR,ERR,ERR,ERR,ERR,ERR,ERR,ERR,ERR,ERR,ERR,ERR,ERR,ERR,ERR,ERR,ERR,ERR,ERR,ERR,ERR,ERR,ERR,ERR,ERR,ERR,ERR,ERR,ERR,ERR,ERR,ERR,ERR,ERR,ERR,ERR,ERR,ERR,ERR,ERR,ERR,ERR,ERR,ERR,ERR,ERR,ERR,ERR,ERR,ERR,ERR,ERR,ERR,ERR,ERR,ERR,ERR,ERR,ERR,ERR,ERR,ERR,ERR,ERR,ERR,0.0,-0.0,3.028208139652935e+23,0.0,0.0,1.3936040501711995e+18,7.805,0.0,0,0,4,0,7116,0.0,100,0.0,0.0,0.0,0.0,0.0,0,0,0,0,0.0,0,0,0,0,0,0,0,0,0,0,0,0,0,0,0,0,0,0,0,0,0,0,0,0,0,0,0,0,0,0,0,0,0,31,40,40,71,65476,0,300,0,0,8,21553,0.0,-107605600.0,0.0,0.0,0.0,0.0,0.0,0.0,0.0,0.0,0.0,0.0,0.0,0.0,0.0,0.0,0.0,0.0,0.0,0.0,0.0,0.0,-0.0,2.004,2.004,-0.0,0.0,0.0,0.0,0.0,6334.0,-2.004,6936.0,0.0,0.0,0.0,0.0,0.0,0.0,0.0,0.0,69,-0.0,-4.950421634474044e+32,0.0,0.0,0.0,0.0,0.0,0.0,0.0,0,0,0,0.0,0.0,0.0,0.0,0.0,0.0,0.0,0.0,0.0,0.0,0.0,0.0,0.0,0.0,0.0,0.0,0,-107875648.0,69,0.0,138,0.0,0.0,0,13107,17040,13107,17049,13107,17043,0,0,0,70,68,100,2.7302359370752657e+23,71.1,0.0,74.2,2.7302370179391762e+23,74.0,1,49,50,180,0,52429,0,0,0.0,0.0,0.0,0.0,-0.0,67.0,0.0,162057.094,0.0,750,0,739,0,0,0,721,0,766,0,735,0,742,0,741,0,712,0,7520,0.032,79456894976.0,0.0,0.0,784,16797,-0.0,162057.094,-114818.039,-0.0,0.133,6.909358625270745e+28,30.0,65.0,35,0.0,0.0,0.0,0.0,0.0,0.0,0.0,0.0,0.0,0.0,0.0,0.0,0.0,0.0,0.0,0.0,69.6,0,150,71,54,65476,0,300,0,1,8,20529,65476,0,0,40632,65.0,0.0,0.0,0.0,0.0,0.0
2026-09-04T20:51:09,ERR,ERR,ERR,ERR,ERR,ERR,ERR,ERR,ERR,ERR,ERR,ERR,ERR,ERR,ERR,ERR,ERR,ERR,ERR,ERR,ERR,ERR,ERR,ERR,ERR,ERR,ERR,ERR,ERR,ERR,ERR,ERR,ERR,ERR,ERR,ERR,ERR,ERR,ERR,ERR,ERR,ERR,ERR,ERR,ERR,ERR,ERR,ERR,ERR,ERR,ERR,ERR,ERR,ERR,ERR,ERR,ERR,ERR,ERR,ERR,ERR,ERR,ERR,ERR,ERR,ERR,ERR,ERR,ERR,ERR,ERR,ERR,ERR,ERR,ERR,ERR,ERR,ERR,ERR,ERR,ERR,ERR,ERR,ERR,ERR,ERR,ERR,ERR,ERR,ERR,ERR,ERR,ERR,ERR,ERR,ERR,ERR,ERR,ERR,ERR,ERR,ERR,ERR,ERR,ERR,ERR,ERR,ERR,ERR,ERR,ERR,ERR,ERR,ERR,ERR,ERR,ERR,ERR,ERR,ERR,ERR,ERR,ERR,ERR,ERR,0.0,-0.0,3.028208139652935e+23,0.0,0.0,1.3936040501711995e+18,7.805,0.0,0,0,4,0,7116,0.0,100,0.0,0.0,0.0,0.0,0.0,0,0,0,0,0.0,0,0,0,0,0,0,0,0,0,0,0,0,0,0,0,0,0,0,0,0,0,0,0,0,0,0,0,0,0,0,0,0,0,31,40,40,71,65476,0,300,0,0,8,21553,0.0,-107605600.0,0.0,0.0,0.0,0.0,0.0,0.0,0.0,0.0,0.0,0.0,0.0,0.0,0.0,0.0,0.0,0.0,0.0,0.0,0.0,0.0,-0.0,2.004,2.004,-0.0,0.0,0.0,0.0,0.0,6334.0,-2.004,6936.0,0.0,0.0,0.0,0.0,0.0,0.0,0.0,0.0,69,-0.0,-4.950421634474044e+32,0.0,0.0,0.0,0.0,0.0,0.0,0.0,0,0,0,0.0,0.0,0.0,0.0,0.0,0.0,0.0,0.0,0.0,0.0,0.0,0.0,0.0,0.0,0.0,0.0,0,-107875648.0,69,0.0,138,0.0,0.0,0,13107,17040,13107,17049,13107,17043,0,0,0,70,68,100,2.7302359370752657e+23,71.1,0.0,74.2,2.7302370179391762e+23,74.0,1,49,50,180,0,52429,0,0,0.0,0.0,0.0,0.0,-0.0,67.0,0.0,162057.094,0.0,750,0,739,0,0,0,721,0,766,0,735,0,742,0,741,0,712,0,7520,0.032,79456894976.0,0.0,0.0,784,16797,-0.0,162057.094,-114818.039,-0.0,0.133,6.909358625270745e+28,30.0,65.0,35,0.0,0.0,0.0,0.0,0.0,0.0,0.0,0.0,0.0,0.0,0.0,0.0,0.0,0.0,0.0,0.0,69.6,0,150,71,54,65476,0,300,0,1,8,20529,65476,0,0,40632,65.0,0.0,0.0,0.0,0.0,0.0
2026-09-04T20:51:10,ERR,ERR,ERR,ERR,ERR,ERR,ERR,ERR,ERR,ERR,ERR,ERR,ERR,ERR,ERR,ERR,ERR,ERR,ERR,ERR,ERR,ERR,ERR,ERR,ERR,ERR,ERR,ERR,ERR,ERR,ERR,ERR,ERR,ERR,ERR,ERR,ERR,ERR,ERR,ERR,ERR,ERR,ERR,ERR,ERR,ERR,ERR,ERR,ERR,ERR,ERR,ERR,ERR,ERR,ERR,ERR,ERR,ERR,ERR,ERR,ERR,ERR,ERR,ERR,ERR,ERR,ERR,ERR,ERR,ERR,ERR,ERR,ERR,ERR,ERR,ERR,ERR,ERR,ERR,ERR,ERR,ERR,ERR,ERR,ERR,ERR,ERR,ERR,ERR,ERR,ERR,ERR,ERR,ERR,ERR,ERR,ERR,ERR,ERR,ERR,ERR,ERR,ERR,ERR,ERR,ERR,ERR,ERR,ERR,ERR,ERR,ERR,ERR,ERR,ERR,ERR,ERR,ERR,ERR,ERR,ERR,ERR,ERR,ERR,ERR,0.0,-0.0,3.028208139652935e+23,0.0,0.0,1.3936040501711995e+18,7.805,0.0,0,0,4,0,7116,0.0,100,0.0,0.0,0.0,0.0,0.0,0,0,0,0,0.0,0,0,0,0,0,0,0,0,0,0,0,0,0,0,0,0,0,0,0,0,0,0,0,0,0,0,0,0,0,0,0,0,0,31,40,40,71,65476,0,300,0,0,8,21553,0.0,-107605600.0,0.0,0.0,0.0,0.0,0.0,0.0,0.0,0.0,0.0,0.0,0.0,0.0,0.0,0.0,0.0,0.0,0.0,0.0,0.0,0.0,-0.0,2.004,2.004,-0.0,0.0,0.0,0.0,0.0,6334.0,-2.004,6936.0,0.0,0.0,0.0,0.0,0.0,0.0,0.0,0.0,69,-0.0,-4.950421634474044e+32,0.0,0.0,0.0,0.0,0.0,0.0,0.0,0,0,0,0.0,0.0,0.0,0.0,0.0,0.0,0.0,0.0,0.0,0.0,0.0,0.0,0.0,0.0,0.0,0.0,0,-107875648.0,69,0.0,138,0.0,0.0,0,13107,17040,13107,17049,13107,17043,0,0,0,70,68,100,2.7302359370752657e+23,71.1,0.0,74.2,2.7302370179391762e+23,74.0,1,49,50,180,0,52429,0,0,0.0,0.0,0.0,0.0,-0.0,67.0,0.0,162057.094,0.0,750,0,739,0,0,0,721,0,766,0,735,0,742,0,741,0,712,0,7520,0.032,79456894976.0,0.0,0.0,784,16797,-0.0,162057.094,-114818.039,-0.0,0.133,6.909358625270745e+28,30.0,65.0,35,0.0,0.0,0.0,0.0,0.0,0.0,0.0,0.0,0.0,0.0,0.0,0.0,0.0,0.0,0.0,0.0,69.2,0,150,71,54,65476,0,300,0,1,8,20529,65476,0,0,40632,65.0,0.0,0.0,0.0,0.0,0.0
2026-09-04T20:51:11,ERR,ERR,ERR,ERR,ERR,ERR,ERR,ERR,ERR,ERR,ERR,ERR,ERR,ERR,ERR,ERR,ERR,ERR,ERR,ERR,ERR,ERR,ERR,ERR,ERR,ERR,ERR,ERR,ERR,ERR,ERR,ERR,ERR,ERR,ERR,ERR,ERR,ERR,ERR,ERR,ERR,ERR,ERR,ERR,ERR,ERR,ERR,ERR,ERR,ERR,ERR,ERR,ERR,ERR,ERR,ERR,ERR,ERR,ERR,ERR,ERR,ERR,ERR,ERR,ERR,ERR,ERR,ERR,ERR,ERR,ERR,ERR,ERR,ERR,ERR,ERR,ERR,ERR,ERR,ERR,ERR,ERR,ERR,ERR,ERR,ERR,ERR,ERR,ERR,ERR,ERR,ERR,ERR,ERR,ERR,ERR,ERR,ERR,ERR,ERR,ERR,ERR,ERR,ERR,ERR,ERR,ERR,ERR,ERR,ERR,ERR,ERR,ERR,ERR,ERR,ERR,ERR,ERR,ERR,ERR,ERR,ERR,ERR,ERR,ERR,0.0,-0.0,3.028208139652935e+23,0.0,0.0,1.3936040501711995e+18,7.805,0.0,0,0,4,0,7116,0.0,100,0.0,0.0,0.0,0.0,0.0,0,0,0,0,0.0,0,0,0,0,0,0,0,0,0,0,0,0,0,0,0,0,0,0,0,0,0,0,0,0,0,0,0,0,0,0,0,0,0,31,40,40,71,65476,0,300,0,0,8,21553,0.0,-107605600.0,0.0,0.0,0.0,0.0,0.0,0.0,0.0,0.0,0.0,0.0,0.0,0.0,0.0,0.0,0.0,0.0,0.0,0.0,0.0,0.0,-0.0,2.004,2.004,-0.0,0.0,0.0,0.0,0.0,6334.0,-2.004,6936.0,0.0,0.0,0.0,0.0,0.0,0.0,0.0,0.0,69,-0.0,-4.950421634474044e+32,0.0,0.0,0.0,0.0,0.0,0.0,0.0,0,0,0,0.0,0.0,0.0,0.0,0.0,0.0,0.0,0.0,0.0,0.0,0.0,0.0,0.0,0.0,0.0,0.0,0,-107875648.0,69,0.0,138,0.0,0.0,0,13107,17040,13107,17049,13107,17043,0,0,0,70,68,100,2.7302359370752657e+23,71.1,0.0,74.2,2.7302370179391762e+23,74.0,1,49,50,180,0,52429,0,0,0.0,0.0,0.0,0.0,-0.0,67.0,0.0,162057.094,0.0,750,0,739,0,0,0,721,0,766,0,735,0,742,0,741,0,712,0,7520,0.032,79456894976.0,0.0,0.0,784,16797,-0.0,162057.094,-114818.039,-0.0,0.133,6.909358625270745e+28,30.0,65.0,35,0.0,0.0,0.0,0.0,0.0,0.0,0.0,0.0,0.0,0.0,0.0,0.0,0.0,0.0,0.0,0.0,69.2,0,150,71,54,65476,0,300,0,1,8,20529,65476,0,0,40632,65.0,0.0,0.0,0.0,0.0,0.0
2026-09-04T20:51:12,ERR,ERR,ERR,ERR,ERR,ERR,ERR,ERR,ERR,ERR,ERR,ERR,ERR,ERR,ERR,ERR,ERR,ERR,ERR,ERR,ERR,ERR,ERR,ERR,ERR,ERR,ERR,ERR,ERR,ERR,ERR,ERR,ERR,ERR,ERR,ERR,ERR,ERR,ERR,ERR,ERR,ERR,ERR,ERR,ERR,ERR,ERR,ERR,ERR,ERR,ERR,ERR,ERR,ERR,ERR,ERR,ERR,ERR,ERR,ERR,ERR,ERR,ERR,ERR,ERR,ERR,ERR,ERR,ERR,ERR,ERR,ERR,ERR,ERR,ERR,ERR,ERR,ERR,ERR,ERR,ERR,ERR,ERR,ERR,ERR,ERR,ERR,ERR,ERR,ERR,ERR,ERR,ERR,ERR,ERR,ERR,ERR,ERR,ERR,ERR,ERR,ERR,ERR,ERR,ERR,ERR,ERR,ERR,ERR,ERR,ERR,ERR,ERR,ERR,ERR,ERR,ERR,ERR,ERR,ERR,ERR,ERR,ERR,ERR,ERR,0.0,-0.0,3.028208139652935e+23,0.0,0.0,1.3936040501711995e+18,7.805,0.0,0,0,4,0,7116,0.0,100,0.0,0.0,0.0,0.0,0.0,0,0,0,0,0.0,0,0,0,0,0,0,0,0,0,0,0,0,0,0,0,0,0,0,0,0,0,0,0,0,0,0,0,0,0,0,0,0,0,31,40,40,71,65476,0,300,0,0,8,21553,0.0,-107605600.0,0.0,0.0,0.0,0.0,0.0,0.0,0.0,0.0,0.0,0.0,0.0,0.0,0.0,0.0,0.0,0.0,0.0,0.0,0.0,0.0,-0.0,2.004,2.004,-0.0,0.0,0.0,0.0,0.0,6334.0,-2.004,6936.0,0.0,0.0,0.0,0.0,0.0,0.0,0.0,0.0,69,-0.0,-4.950421634474044e+32,0.0,0.0,0.0,0.0,0.0,0.0,0.0,0,0,0,0.0,0.0,0.0,0.0,0.0,0.0,0.0,0.0,0.0,0.0,0.0,0.0,0.0,0.0,0.0,0.0,0,-107875648.0,69,0.0,138,0.0,0.0,0,13107,17040,13107,17049,13107,17043,0,0,0,70,68,100,2.7302359370752657e+23,71.1,0.0,74.2,2.7302370179391762e+23,74.0,1,49,50,180,0,52429,0,0,0.0,0.0,0.0,0.0,-0.0,67.0,0.0,162057.094,0.0,750,0,739,0,0,0,721,0,766,0,735,0,742,0,741,0,712,0,7520,0.032,79456894976.0,0.0,0.0,784,16797,-0.0,162057.094,-114818.039,-0.0,0.133,6.909358625270745e+28,30.0,65.0,35,0.0,0.0,0.0,0.0,0.0,0.0,0.0,0.0,0.0,0.0,0.0,0.0,0.0,0.0,0.0,0.0,69.2,0,150,71,54,65476,0,300,0,1,8,20529,65476,0,0,40632,65.0,0.0,0.0,0.0,0.0,0.0
2026-09-04T20:51:13,ERR,ERR,ERR,ERR,ERR,ERR,ERR,ERR,ERR,ERR,ERR,ERR,ERR,ERR,ERR,ERR,ERR,ERR,ERR,ERR,ERR,ERR,ERR,ERR,ERR,ERR,ERR,ERR,ERR,ERR,ERR,ERR,ERR,ERR,ERR,ERR,ERR,ERR,ERR,ERR,ERR,ERR,ERR,ERR,ERR,ERR,ERR,ERR,ERR,ERR,ERR,ERR,ERR,ERR,ERR,ERR,ERR,ERR,ERR,ERR,ERR,ERR,ERR,ERR,ERR,ERR,ERR,ERR,ERR,ERR,ERR,ERR,ERR,ERR,ERR,ERR,ERR,ERR,ERR,ERR,ERR,ERR,ERR,ERR,ERR,ERR,ERR,ERR,ERR,ERR,ERR,ERR,ERR,ERR,ERR,ERR,ERR,ERR,ERR,ERR,ERR,ERR,ERR,ERR,ERR,ERR,ERR,ERR,ERR,ERR,ERR,ERR,ERR,ERR,ERR,ERR,ERR,ERR,ERR,ERR,ERR,ERR,ERR,ERR,ERR,0.0,0.0,0.0,0.0,0.0,1.3936040501711995e+18,7.805,0.0,0,0,4,0,7116,0.0,100,0.0,0.0,0.0,0.0,0.0,0,0,0,0,0.0,0,0,0,0,0,0,0,0,0,0,0,0,0,0,0,0,0,0,0,0,0,0,0,0,0,0,0,0,0,0,0,0,0,31,40,40,71,65476,0,300,0,0,8,21553,0.0,-107605600.0,0.0,0.0,0.0,0.0,0.0,0.0,0.0,0.0,0.0,0.0,0.0,0.0,0.0,0.0,0.0,0.0,0.0,0.0,0.0,0.0,-2.004,2.004,2.004,-0.0,0.0,0.0,0.0,0.0,6335.0,-0.0,6929.0,0.0,0.0,0.0,0.0,0.0,0.0,0.0,0.0,69,-0.0,-152018152849408.0,0.0,0.0,0.0,0.0,0.0,0.0,0.0,0,0,0,0.0,0.0,0.0,0.0,0.0,0.0,0.0,0.0,0.0,0.0,0.0,0.0,0.0,0.0,0.0,0.0,0,-107875648.0,69,0.0,138,0.0,-0.0,0,13107,17040,13107,17049,0,17043,0,0,0,70,68,100,2.7302359370752657e+23,71.1,0.0,74.2,2.7302370179391762e+23,74.0,1,49,50,180,0,52429,0,0,0.0,0.0,0.0,0.0,-0.0,67.0,0.0,162057.094,0.0,750,0,739,0,0,0,721,0,766,0,735,0,742,0,741,0,712,0,7520,0.032,79456894976.0,0.0,0.0,784,16797,-0.0,162057.094,-114818.039,-0.0,0.133,6.909358625270745e+28,30.0,65.0,35,0.0,0.0,0.0,0.0,0.0,0.0,0.0,0.0,0.0,0.0,0.0,0.0,0.0,0.0,0.0,0.0,69.2,0,150,71,54,65476,0,300,0,1,8,20529,65476,0,0,40632,65.0,0.0,0.0,0.0,0.0,0.0
2026-09-04T20:51:14,ERR,ERR,ERR,ERR,ERR,ERR,ERR,ERR,ERR,ERR,ERR,ERR,ERR,ERR,ERR,ERR,ERR,ERR,ERR,ERR,ERR,ERR,ERR,ERR,ERR,ERR,ERR,ERR,ERR,ERR,ERR,ERR,ERR,ERR,ERR,ERR,ERR,ERR,ERR,ERR,ERR,ERR,ERR,ERR,ERR,ERR,ERR,ERR,ERR,ERR,ERR,ERR,ERR,ERR,ERR,ERR,ERR,ERR,ERR,ERR,ERR,ERR,ERR,ERR,ERR,ERR,ERR,ERR,ERR,ERR,ERR,ERR,ERR,ERR,ERR,ERR,ERR,ERR,ERR,ERR,ERR,ERR,ERR,ERR,ERR,ERR,ERR,ERR,ERR,ERR,ERR,ERR,ERR,ERR,ERR,ERR,ERR,ERR,ERR,ERR,ERR,ERR,ERR,ERR,ERR,ERR,ERR,ERR,ERR,ERR,ERR,ERR,ERR,ERR,ERR,ERR,ERR,ERR,ERR,ERR,ERR,ERR,ERR,ERR,ERR,0.0,0.0,0.0,0.0,0.0,1.3936040501711995e+18,7.805,0.0,0,0,4,0,7116,0.0,100,0.0,0.0,0.0,0.0,0.0,0,0,0,0,0.0,0,0,0,0,0,0,0,0,0,0,0,0,0,0,0,0,0,0,0,0,0,0,0,0,0,0,0,0,0,0,0,0,0,31,40,40,71,65476,0,300,0,0,8,21553,0.0,-107605600.0,0.0,0.0,0.0,0.0,0.0,0.0,0.0,0.0,0.0,0.0,0.0,0.0,0.0,0.0,0.0,0.0,0.0,0.0,0.0,0.0,-2.004,2.004,2.004,-0.0,0.0,0.0,0.0,0.0,6335.0,-0.0,6929.0,0.0,0.0,0.0,0.0,0.0,0.0,0.0,0.0,69,-0.0,-152018152849408.0,0.0,0.0,0.0,0.0,0.0,0.0,0.0,0,0,0,0.0,0.0,0.0,0.0,0.0,0.0,0.0,0.0,0.0,0.0,0.0,0.0,0.0,0.0,0.0,0.0,0,-107875648.0,69,0.0,138,0.0,-0.0,0,13107,17040,13107,17049,0,17043,0,0,0,70,68,100,2.7302359370752657e+23,71.1,0.0,74.2,2.7302370179391762e+23,74.0,1,49,50,180,0,52429,0,0,0.0,0.0,0.0,0.0,-0.0,67.0,0.0,162057.094,0.0,750,0,739,0,0,0,721,0,766,0,735,0,742,0,741,0,712,0,7520,0.032,79456894976.0,0.0,0.0,784,16797,-0.0,162057.094,-114818.039,-0.0,0.133,6.909358625270745e+28,30.0,65.0,35,0.0,0.0,0.0,0.0,0.0,0.0,0.0,0.0,0.0,0.0,0.0,0.0,0.0,0.0,0.0,0.0,69.2,0,150,71,54,65476,0,300,0,1,8,20529,65476,0,0,40632,65.0,0.0,0.0,0.0,0.0,0.0
2026-09-04T20:51:15,ERR,ERR,ERR,ERR,ERR,ERR,ERR,ERR,ERR,ERR,ERR,ERR,ERR,ERR,ERR,ERR,ERR,ERR,ERR,ERR,ERR,ERR,ERR,ERR,ERR,ERR,ERR,ERR,ERR,ERR,ERR,ERR,ERR,ERR,ERR,ERR,ERR,ERR,ERR,ERR,ERR,ERR,ERR,ERR,ERR,ERR,ERR,ERR,ERR,ERR,ERR,ERR,ERR,ERR,ERR,ERR,ERR,ERR,ERR,ERR,ERR,ERR,ERR,ERR,ERR,ERR,ERR,ERR,ERR,ERR,ERR,ERR,ERR,ERR,ERR,ERR,ERR,ERR,ERR,ERR,ERR,ERR,ERR,ERR,ERR,ERR,ERR,ERR,ERR,ERR,ERR,ERR,ERR,ERR,ERR,ERR,ERR,ERR,ERR,ERR,ERR,ERR,ERR,ERR,ERR,ERR,ERR,ERR,ERR,ERR,ERR,ERR,ERR,ERR,ERR,ERR,ERR,ERR,ERR,ERR,ERR,ERR,ERR,ERR,ERR,0.0,0.0,0.0,0.0,0.0,1.3936040501711995e+18,7.805,0.0,0,0,4,0,7116,0.0,100,0.0,0.0,0.0,0.0,0.0,0,0,0,0,0.0,0,0,0,0,0,0,0,0,0,0,0,0,0,0,0,0,0,0,0,0,0,0,0,0,0,0,0,0,0,0,0,0,0,31,40,40,71,65476,0,300,0,0,8,21553,0.0,-107605600.0,0.0,0.0,0.0,0.0,0.0,0.0,0.0,0.0,0.0,0.0,0.0,0.0,0.0,0.0,0.0,0.0,0.0,0.0,0.0,0.0,-2.004,2.004,2.004,-0.0,0.0,0.0,0.0,0.0,6335.0,-0.0,6929.0,0.0,0.0,0.0,0.0,0.0,0.0,0.0,0.0,69,-0.0,-152018152849408.0,0.0,0.0,0.0,0.0,0.0,0.0,0.0,0,0,0,0.0,0.0,0.0,0.0,0.0,0.0,0.0,0.0,0.0,0.0,0.0,0.0,0.0,0.0,0.0,0.0,0,-107875648.0,69,0.0,138,0.0,-0.0,0,13107,17040,13107,17049,0,17043,0,0,0,70,68,100,2.7302359370752657e+23,71.1,0.0,74.2,2.7302370179391762e+23,74.0,1,49,50,180,0,52429,0,0,0.0,0.0,0.0,0.0,-0.0,67.0,0.0,162057.094,0.0,750,0,739,0,0,0,721,0,766,0,735,0,742,0,741,0,712,0,7520,0.032,79456894976.0,0.0,0.0,784,16797,-0.0,162057.094,-114818.039,-0.0,0.133,6.909358625270745e+28,30.0,65.0,35,0.0,0.0,0.0,0.0,0.0,0.0,0.0,0.0,0.0,0.0,0.0,0.0,0.0,0.0,0.0,0.0,69.2,0,150,71,54,65476,0,300,0,1,8,20529,65476,0,0,40632,65.0,0.0,0.0,0.0,0.0,0.0
2026-09-04T20:51:16,ERR,ERR,ERR,ERR,ERR,ERR,ERR,ERR,ERR,ERR,ERR,ERR,ERR,ERR,ERR,ERR,ERR,ERR,ERR,ERR,ERR,ERR,ERR,ERR,ERR,ERR,ERR,ERR,ERR,ERR,ERR,ERR,ERR,ERR,ERR,ERR,ERR,ERR,ERR,ERR,ERR,ERR,ERR,ERR,ERR,ERR,ERR,ERR,ERR,ERR,ERR,ERR,ERR,ERR,ERR,ERR,ERR,ERR,ERR,ERR,ERR,ERR,ERR,ERR,ERR,ERR,ERR,ERR,ERR,ERR,ERR,ERR,ERR,ERR,ERR,ERR,ERR,ERR,ERR,ERR,ERR,ERR,ERR,ERR,ERR,ERR,ERR,ERR,ERR,ERR,ERR,ERR,ERR,ERR,ERR,ERR,ERR,ERR,ERR,ERR,ERR,ERR,ERR,ERR,ERR,ERR,ERR,ERR,ERR,ERR,ERR,ERR,ERR,ERR,ERR,ERR,ERR,ERR,ERR,ERR,ERR,ERR,ERR,ERR,ERR,0.0,0.0,0.0,0.0,0.0,1.3936040501711995e+18,7.805,0.0,0,0,4,0,7116,0.0,100,0.0,0.0,0.0,0.0,0.0,0,0,0,0,0.0,0,0,0,0,0,0,0,0,0,0,0,0,0,0,0,0,0,0,0,0,0,0,0,0,0,0,0,0,0,0,0,0,0,31,40,40,71,65476,0,300,0,0,8,21553,0.0,-107605600.0,0.0,0.0,0.0,0.0,0.0,0.0,0.0,0.0,0.0,0.0,0.0,0.0,0.0,0.0,0.0,0.0,0.0,0.0,0.0,0.0,-2.004,2.004,2.004,-0.0,0.0,0.0,0.0,0.0,6335.0,-0.0,6929.0,0.0,0.0,0.0,0.0,0.0,0.0,0.0,0.0,69,-0.0,-152018152849408.0,0.0,0.0,0.0,0.0,0.0,0.0,0.0,0,0,0,0.0,0.0,0.0,0.0,0.0,0.0,0.0,0.0,0.0,0.0,0.0,0.0,0.0,0.0,0.0,0.0,0,-107875648.0,69,0.0,138,0.0,-0.0,0,13107,17040,13107,17049,0,17043,0,0,0,70,68,100,2.7302359370752657e+23,71.1,0.0,74.2,2.7302370179391762e+23,74.0,1,49,50,180,0,52429,0,0,0.0,0.0,0.0,0.0,-0.0,67.0,0.0,162057.094,0.0,750,0,739,0,0,0,721,0,766,0,735,0,742,0,741,0,712,0,7520,0.032,79456894976.0,0.0,0.0,784,16797,-0.0,162057.094,-114818.039,-0.0,0.133,6.909358625270745e+28,30.0,65.0,35,0.0,0.0,0.0,0.0,0.0,0.0,0.0,0.0,0.0,0.0,0.0,0.0,0.0,0.0,0.0,0.0,69.2,0,150,71,54,65476,0,300,0,1,8,20529,65476,0,0,40632,65.0,0.0,0.0,0.0,0.0,0.0
2026-09-04T20:51:17,ERR,ERR,ERR,ERR,ERR,ERR,ERR,ERR,ERR,ERR,ERR,ERR,ERR,ERR,ERR,ERR,ERR,ERR,ERR,ERR,ERR,ERR,ERR,ERR,ERR,ERR,ERR,ERR,ERR,ERR,ERR,ERR,ERR,ERR,ERR,ERR,ERR,ERR,ERR,ERR,ERR,ERR,ERR,ERR,ERR,ERR,ERR,ERR,ERR,ERR,ERR,ERR,ERR,ERR,ERR,ERR,ERR,ERR,ERR,ERR,ERR,ERR,ERR,ERR,ERR,ERR,ERR,ERR,ERR,ERR,ERR,ERR,ERR,ERR,ERR,ERR,ERR,ERR,ERR,ERR,ERR,ERR,ERR,ERR,ERR,ERR,ERR,ERR,ERR,ERR,ERR,ERR,ERR,ERR,ERR,ERR,ERR,ERR,ERR,ERR,ERR,ERR,ERR,ERR,ERR,ERR,ERR,ERR,ERR,ERR,ERR,ERR,ERR,ERR,ERR,ERR,ERR,ERR,ERR,ERR,ERR,ERR,ERR,ERR,ERR,0.0,0.0,0.0,0.0,0.0,1.3936040501711995e+18,7.805,0.0,0,0,4,0,7116,0.0,100,0.0,0.0,0.0,0.0,0.0,0,0,0,0,0.0,0,0,0,0,0,0,0,0,0,0,0,0,0,0,0,0,0,0,0,0,0,0,0,0,0,0,0,0,0,0,0,0,0,31,40,40,71,65476,0,300,0,0,8,21553,0.0,-107605600.0,0.0,0.0,0.0,0.0,0.0,0.0,0.0,0.0,0.0,0.0,0.0,0.0,0.0,0.0,0.0,0.0,0.0,0.0,0.0,0.0,-2.004,2.004,2.004,-0.0,0.0,0.0,0.0,0.0,6335.0,-0.0,6929.0,0.0,0.0,0.0,0.0,0.0,0.0,0.0,0.0,69,-0.0,-152018152849408.0,0.0,0.0,0.0,0.0,0.0,0.0,0.0,0,0,0,0.0,0.0,0.0,0.0,0.0,0.0,0.0,0.0,0.0,0.0,0.0,0.0,0.0,0.0,0.0,0.0,0,-107875648.0,69,0.0,138,0.0,-0.0,0,13107,17040,13107,17049,0,17043,0,0,0,70,68,100,2.7302359370752657e+23,71.1,0.0,74.2,2.7302370179391762e+23,74.0,1,49,50,180,0,52429,0,0,0.0,0.0,0.0,0.0,-0.0,67.0,0.0,162057.094,0.0,750,0,739,0,0,0,721,0,766,0,735,0,742,0,741,0,712,0,7520,0.032,79456894976.0,0.0,0.0,784,16797,-0.0,162057.094,-114818.039,-0.0,0.133,6.909358625270745e+28,30.0,65.0,35,0.0,0.0,0.0,0.0,0.0,0.0,0.0,0.0,0.0,0.0,0.0,0.0,0.0,0.0,0.0,0.0,69.2,0,150,71,54,65476,0,300,0,1,8,20529,65476,0,0,40632,65.0,0.0,0.0,0.0,0.0,0.0
2026-09-04T20:51:18,ERR,ERR,ERR,ERR,ERR,ERR,ERR,ERR,ERR,ERR,ERR,ERR,ERR,ERR,ERR,ERR,ERR,ERR,ERR,ERR,ERR,ERR,ERR,ERR,ERR,ERR,ERR,ERR,ERR,ERR,ERR,ERR,ERR,ERR,ERR,ERR,ERR,ERR,ERR,ERR,ERR,ERR,ERR,ERR,ERR,ERR,ERR,ERR,ERR,ERR,ERR,ERR,ERR,ERR,ERR,ERR,ERR,ERR,ERR,ERR,ERR,ERR,ERR,ERR,ERR,ERR,ERR,ERR,ERR,ERR,ERR,ERR,ERR,ERR,ERR,ERR,ERR,ERR,ERR,ERR,ERR,ERR,ERR,ERR,ERR,ERR,ERR,ERR,ERR,ERR,ERR,ERR,ERR,ERR,ERR,ERR,ERR,ERR,ERR,ERR,ERR,ERR,ERR,ERR,ERR,ERR,ERR,ERR,ERR,ERR,ERR,ERR,ERR,ERR,ERR,ERR,ERR,ERR,ERR,ERR,ERR,ERR,ERR,ERR,ERR,0.0,0.0,0.0,0.0,0.0,1.3936040501711995e+18,7.805,0.0,0,0,4,0,7116,0.0,100,0.0,0.0,0.0,0.0,0.0,0,0,0,0,0.0,0,0,0,0,0,0,0,0,0,0,0,0,0,0,0,0,0,0,0,0,0,0,0,0,0,0,0,0,0,0,0,0,0,31,40,40,71,65476,0,300,0,0,8,21553,0.0,-107605600.0,0.0,0.0,0.0,0.0,0.0,0.0,0.0,0.0,0.0,0.0,0.0,0.0,0.0,0.0,0.0,0.0,0.0,0.0,0.0,0.0,-2.004,2.004,2.004,-0.0,0.0,0.0,0.0,0.0,6335.0,-0.0,6929.0,0.0,0.0,0.0,0.0,0.0,0.0,0.0,0.0,69,-0.0,-152018152849408.0,0.0,0.0,0.0,0.0,0.0,0.0,0.0,0,0,0,0.0,0.0,0.0,0.0,0.0,0.0,0.0,0.0,0.0,0.0,0.0,0.0,0.0,0.0,0.0,0.0,0,-107875648.0,69,0.0,138,0.0,-0.0,0,13107,17040,13107,17049,0,17043,0,0,0,70,68,100,2.7302359370752657e+23,71.1,0.0,74.2,2.7302370179391762e+23,74.0,1,49,50,180,0,52429,0,0,0.0,0.0,0.0,0.0,-0.0,67.0,0.0,162057.094,0.0,750,0,739,0,0,0,721,0,766,0,735,0,742,0,741,0,712,0,7520,0.032,79456894976.0,0.0,0.0,784,16797,-0.0,162057.094,-114818.039,-0.0,0.133,6.909358625270745e+28,30.0,65.0,35,0.0,0.0,0.0,0.0,0.0,0.0,0.0,0.0,0.0,0.0,0.0,0.0,0.0,0.0,0.0,0.0,69.2,0,150,71,54,65476,0,300,0,1,8,20529,65476,0,0,40632,65.0,0.0,0.0,0.0,0.0,0.0
2026-09-04T20:51:19,ERR,ERR,ERR,ERR,ERR,ERR,ERR,ERR,ERR,ERR,ERR,ERR,ERR,ERR,ERR,ERR,ERR,ERR,ERR,ERR,ERR,ERR,ERR,ERR,ERR,ERR,ERR,ERR,ERR,ERR,ERR,ERR,ERR,ERR,ERR,ERR,ERR,ERR,ERR,ERR,ERR,ERR,ERR,ERR,ERR,ERR,ERR,ERR,ERR,ERR,ERR,ERR,ERR,ERR,ERR,ERR,ERR,ERR,ERR,ERR,ERR,ERR,ERR,ERR,ERR,ERR,ERR,ERR,ERR,ERR,ERR,ERR,ERR,ERR,ERR,ERR,ERR,ERR,ERR,ERR,ERR,ERR,ERR,ERR,ERR,ERR,ERR,ERR,ERR,ERR,ERR,ERR,ERR,ERR,ERR,ERR,ERR,ERR,ERR,ERR,ERR,ERR,ERR,ERR,ERR,ERR,ERR,ERR,ERR,ERR,ERR,ERR,ERR,ERR,ERR,ERR,ERR,ERR,ERR,ERR,ERR,ERR,ERR,ERR,ERR,0.0,0.0,0.0,0.0,0.0,1.3936040501711995e+18,7.805,0.0,0,0,4,0,7116,0.0,100,0.0,0.0,0.0,0.0,0.0,0,0,0,0,0.0,0,0,0,0,0,0,0,0,0,0,0,0,0,0,0,0,0,0,0,0,0,0,0,0,0,0,0,0,0,0,0,0,0,31,40,40,71,65476,0,300,0,0,8,21553,0.0,-107605600.0,0.0,0.0,0.0,0.0,0.0,0.0,0.0,0.0,0.0,0.0,0.0,0.0,0.0,0.0,0.0,0.0,0.0,0.0,0.0,0.0,-2.004,2.004,2.004,-0.0,0.0,0.0,0.0,0.0,6335.0,-0.0,6929.0,0.0,0.0,0.0,0.0,0.0,0.0,0.0,0.0,69,-0.0,-152018152849408.0,0.0,0.0,0.0,0.0,0.0,0.0,0.0,0,0,0,0.0,0.0,0.0,0.0,0.0,0.0,0.0,0.0,0.0,0.0,0.0,0.0,0.0,0.0,0.0,0.0,0,-107875648.0,69,0.0,138,0.0,-0.0,0,13107,17040,13107,17049,0,17043,0,0,0,70,68,100,2.7302359370752657e+23,71.1,0.0,74.2,2.7302370179391762e+23,74.0,1,49,50,180,0,52429,0,0,0.0,0.0,0.0,0.0,-0.0,67.0,0.0,162057.094,0.0,750,0,739,0,0,0,721,0,766,0,735,0,742,0,741,0,712,0,7520,0.032,79456894976.0,0.0,0.0,784,16797,-0.0,162057.094,-114818.039,-0.0,0.133,6.909358625270745e+28,30.0,65.0,35,0.0,0.0,0.0,0.0,0.0,0.0,0.0,0.0,0.0,0.0,0.0,0.0,0.0,0.0,0.0,0.0,69.2,0,150,71,54,65476,0,300,0,1,8,20529,65476,0,0,40632,65.0,0.0,0.0,0.0,0.0,0.0
2026-09-04T20:51:20,ERR,ERR,ERR,ERR,ERR,ERR,ERR,ERR,ERR,ERR,ERR,ERR,ERR,ERR,ERR,ERR,ERR,ERR,ERR,ERR,ERR,ERR,ERR,ERR,ERR,ERR,ERR,ERR,ERR,ERR,ERR,ERR,ERR,ERR,ERR,ERR,ERR,ERR,ERR,ERR,ERR,ERR,ERR,ERR,ERR,ERR,ERR,ERR,ERR,ERR,ERR,ERR,ERR,ERR,ERR,ERR,ERR,ERR,ERR,ERR,ERR,ERR,ERR,ERR,ERR,ERR,ERR,ERR,ERR,ERR,ERR,ERR,ERR,ERR,ERR,ERR,ERR,ERR,ERR,ERR,ERR,ERR,ERR,ERR,ERR,ERR,ERR,ERR,ERR,ERR,ERR,ERR,ERR,ERR,ERR,ERR,ERR,ERR,ERR,ERR,ERR,ERR,ERR,ERR,ERR,ERR,ERR,ERR,ERR,ERR,ERR,ERR,ERR,ERR,ERR,ERR,ERR,ERR,ERR,ERR,ERR,ERR,ERR,ERR,ERR,0.0,0.0,0.0,0.0,0.0,1.3936040501711995e+18,7.805,0.0,0,0,4,0,7116,0.0,100,0.0,0.0,0.0,0.0,0.0,0,0,0,0,0.0,0,0,0,0,0,0,0,0,0,0,0,0,0,0,0,0,0,0,0,0,0,0,0,0,0,0,0,0,0,0,0,0,0,31,40,40,71,65476,0,300,0,0,8,21553,0.0,-107605600.0,0.0,0.0,0.0,0.0,0.0,0.0,0.0,0.0,0.0,0.0,0.0,0.0,0.0,0.0,0.0,0.0,0.0,0.0,0.0,0.0,-0.0,2.004,2.004,-0.0,0.0,0.0,0.0,0.0,6329.0,131351.078,6921.0,0.0,0.0,0.0,0.0,0.0,0.0,0.0,0.0,69,-0.0,5.848076282481645e+35,0.0,0.0,0.0,0.0,0.0,0.0,0.0,0,0,0,0.0,0.0,0.0,0.0,0.0,0.0,0.0,0.0,0.0,0.0,0.0,0.0,0.0,0.0,0.0,0.0,0,-107875648.0,69,0.0,138,0.0,-0.0,0,13107,17040,13107,17049,0,17043,0,0,0,70,68,100,2.7302359370752657e+23,71.1,0.0,74.2,2.7302370179391762e+23,74.0,1,49,50,180,0,52429,0,0,0.0,0.0,0.0,0.0,-0.0,67.0,0.0,162057.094,0.0,750,0,739,0,0,0,721,0,766,0,735,0,742,0,741,0,712,0,7520,0.032,79456894976.0,0.0,0.0,784,16797,-0.0,162057.094,-114818.039,-0.0,0.133,6.909358625270745e+28,30.0,65.0,35,0.0,0.0,0.0,0.0,0.0,0.0,0.0,0.0,0.0,0.0,0.0,0.0,0.0,0.0,0.0,0.0,69.2,0,150,71,54,65476,0,300,0,1,8,20529,65476,0,0,40632,65.0,0.0,0.0,0.0,0.0,0.0
2026-09-04T20:51:21,ERR,ERR,ERR,ERR,ERR,ERR,ERR,ERR,ERR,ERR,ERR,ERR,ERR,ERR,ERR,ERR,ERR,ERR,ERR,ERR,ERR,ERR,ERR,ERR,ERR,ERR,ERR,ERR,ERR,ERR,ERR,ERR,ERR,ERR,ERR,ERR,ERR,ERR,ERR,ERR,ERR,ERR,ERR,ERR,ERR,ERR,ERR,ERR,ERR,ERR,ERR,ERR,ERR,ERR,ERR,ERR,ERR,ERR,ERR,ERR,ERR,ERR,ERR,ERR,ERR,ERR,ERR,ERR,ERR,ERR,ERR,ERR,ERR,ERR,ERR,ERR,ERR,ERR,ERR,ERR,ERR,ERR,ERR,ERR,ERR,ERR,ERR,ERR,ERR,ERR,ERR,ERR,ERR,ERR,ERR,ERR,ERR,ERR,ERR,ERR,ERR,ERR,ERR,ERR,ERR,ERR,ERR,ERR,ERR,ERR,ERR,ERR,ERR,ERR,ERR,ERR,ERR,ERR,ERR,ERR,ERR,ERR,ERR,ERR,ERR,0.0,0.0,0.0,0.0,0.0,1.3936040501711995e+18,7.805,0.0,0,0,4,0,7116,0.0,100,0.0,0.0,0.0,0.0,0.0,0,0,0,0,0.0,0,0,0,0,0,0,0,0,0,0,0,0,0,0,0,0,0,0,0,0,0,0,0,0,0,0,0,0,0,0,0,0,0,31,40,40,71,65476,0,300,0,0,8,21553,0.0,-107605600.0,0.0,0.0,0.0,0.0,0.0,0.0,0.0,0.0,0.0,0.0,0.0,0.0,0.0,0.0,0.0,0.0,0.0,0.0,0.0,0.0,-0.0,2.004,2.004,-0.0,0.0,0.0,0.0,0.0,6329.0,131351.078,6921.0,0.0,0.0,0.0,0.0,0.0,0.0,0.0,0.0,69,-0.0,5.848076282481645e+35,0.0,0.0,0.0,0.0,0.0,0.0,0.0,0,0,0,0.0,0.0,0.0,0.0,0.0,0.0,0.0,0.0,0.0,0.0,0.0,0.0,0.0,0.0,0.0,0.0,0,-107875648.0,69,0.0,138,0.0,-0.0,0,13107,17040,13107,17049,0,17043,0,0,0,70,68,100,2.7302359370752657e+23,71.1,0.0,74.2,2.7302370179391762e+23,74.0,1,49,50,180,0,52429,0,0,0.0,0.0,0.0,0.0,-0.0,67.0,0.0,162057.094,0.0,750,0,739,0,0,0,721,0,766,0,735,0,742,0,741,0,712,0,7520,0.032,79456894976.0,0.0,0.0,784,16797,-0.0,162057.094,-114818.039,-0.0,0.133,6.909358625270745e+28,30.0,65.0,35,0.0,0.0,0.0,0.0,0.0,0.0,0.0,0.0,0.0,0.0,0.0,0.0,0.0,0.0,0.0,0.0,69.2,0,150,71,54,65476,0,300,0,1,8,20529,65476,0,0,40632,65.0,0.0,0.0,0.0,0.0,0.0
2026-09-04T20:51:22,ERR,ERR,ERR,ERR,ERR,ERR,ERR,ERR,ERR,ERR,ERR,ERR,ERR,ERR,ERR,ERR,ERR,ERR,ERR,ERR,ERR,ERR,ERR,ERR,ERR,ERR,ERR,ERR,ERR,ERR,ERR,ERR,ERR,ERR,ERR,ERR,ERR,ERR,ERR,ERR,ERR,ERR,ERR,ERR,ERR,ERR,ERR,ERR,ERR,ERR,ERR,ERR,ERR,ERR,ERR,ERR,ERR,ERR,ERR,ERR,ERR,ERR,ERR,ERR,ERR,ERR,ERR,ERR,ERR,ERR,ERR,ERR,ERR,ERR,ERR,ERR,ERR,ERR,ERR,ERR,ERR,ERR,ERR,ERR,ERR,ERR,ERR,ERR,ERR,ERR,ERR,ERR,ERR,ERR,ERR,ERR,ERR,ERR,ERR,ERR,ERR,ERR,ERR,ERR,ERR,ERR,ERR,ERR,ERR,ERR,ERR,ERR,ERR,ERR,ERR,ERR,ERR,ERR,ERR,ERR,ERR,ERR,ERR,ERR,ERR,0.0,0.0,0.0,0.0,0.0,1.3936040501711995e+18,7.805,0.0,0,0,4,0,7116,0.0,100,0.0,0.0,0.0,0.0,0.0,0,0,0,0,0.0,0,0,0,0,0,0,0,0,0,0,0,0,0,0,0,0,0,0,0,0,0,0,0,0,0,0,0,0,0,0,0,0,0,31,40,40,71,65476,0,300,0,0,8,21553,0.0,-107605600.0,0.0,0.0,0.0,0.0,0.0,0.0,0.0,0.0,0.0,0.0,0.0,0.0,0.0,0.0,0.0,0.0,0.0,0.0,0.0,0.0,-0.0,2.004,2.004,-0.0,0.0,0.0,0.0,0.0,6329.0,131351.078,6921.0,0.0,0.0,0.0,0.0,0.0,0.0,0.0,0.0,69,-0.0,5.848076282481645e+35,0.0,0.0,0.0,0.0,0.0,0.0,0.0,0,0,0,0.0,0.0,0.0,0.0,0.0,0.0,0.0,0.0,0.0,0.0,0.0,0.0,0.0,0.0,0.0,0.0,0,-107875648.0,69,0.0,138,0.0,-0.0,0,13107,17040,13107,17049,0,17043,0,0,0,70,68,100,2.7302359370752657e+23,71.1,0.0,74.2,2.7302370179391762e+23,74.0,1,49,50,180,0,52429,0,0,0.0,0.0,0.0,0.0,-0.0,67.0,0.0,162057.094,0.0,750,0,739,0,0,0,721,0,766,0,735,0,742,0,741,0,712,0,7520,0.032,79456894976.0,0.0,0.0,784,16797,-0.0,162057.094,-114818.039,-0.0,0.133,6.909358625270745e+28,30.0,65.0,35,0.0,0.0,0.0,0.0,0.0,0.0,0.0,0.0,0.0,0.0,0.0,0.0,0.0,0.0,0.0,0.0,69.2,0,150,71,54,65476,0,300,0,1,8,20529,65476,0,0,40632,65.0,0.0,0.0,0.0,0.0,0.0
2026-09-04T20:51:23,ERR,ERR,ERR,ERR,ERR,ERR,ERR,ERR,ERR,ERR,ERR,ERR,ERR,ERR,ERR,ERR,ERR,ERR,ERR,ERR,ERR,ERR,ERR,ERR,ERR,ERR,ERR,ERR,ERR,ERR,ERR,ERR,ERR,ERR,ERR,ERR,ERR,ERR,ERR,ERR,ERR,ERR,ERR,ERR,ERR,ERR,ERR,ERR,ERR,ERR,ERR,ERR,ERR,ERR,ERR,ERR,ERR,ERR,ERR,ERR,ERR,ERR,ERR,ERR,ERR,ERR,ERR,ERR,ERR,ERR,ERR,ERR,ERR,ERR,ERR,ERR,ERR,ERR,ERR,ERR,ERR,ERR,ERR,ERR,ERR,ERR,ERR,ERR,ERR,ERR,ERR,ERR,ERR,ERR,ERR,ERR,ERR,ERR,ERR,ERR,ERR,ERR,ERR,ERR,ERR,ERR,ERR,ERR,ERR,ERR,ERR,ERR,ERR,ERR,ERR,ERR,ERR,ERR,ERR,ERR,ERR,ERR,ERR,ERR,ERR,0.0,0.0,0.0,0.0,0.0,1.3936040501711995e+18,7.805,0.0,0,0,4,0,7116,0.0,100,0.0,0.0,0.0,0.0,0.0,0,0,0,0,0.0,0,0,0,0,0,0,0,0,0,0,0,0,0,0,0,0,0,0,0,0,0,0,0,0,0,0,0,0,0,0,0,0,0,31,40,40,71,65476,0,300,0,0,8,21553,0.0,-107605600.0,0.0,0.0,0.0,0.0,0.0,0.0,0.0,0.0,0.0,0.0,0.0,0.0,0.0,0.0,0.0,0.0,0.0,0.0,0.0,0.0,-0.0,2.004,2.004,-0.0,0.0,0.0,0.0,0.0,6329.0,131351.078,6921.0,0.0,0.0,0.0,0.0,0.0,0.0,0.0,0.0,69,-0.0,5.848076282481645e+35,0.0,0.0,0.0,0.0,0.0,0.0,0.0,0,0,0,0.0,0.0,0.0,0.0,0.0,0.0,0.0,0.0,0.0,0.0,0.0,0.0,0.0,0.0,0.0,0.0,0,-107875648.0,69,0.0,138,0.0,-0.0,0,13107,17040,13107,17049,0,17043,0,0,0,70,68,100,2.7302359370752657e+23,71.1,0.0,74.2,2.7302370179391762e+23,74.0,1,49,50,180,0,52429,0,0,0.0,0.0,0.0,0.0,-0.0,67.0,0.0,162057.094,0.0,750,0,739,0,0,0,721,0,766,0,735,0,742,0,741,0,712,0,7520,0.032,79456894976.0,0.0,0.0,784,16797,-0.0,162057.094,-114818.039,-0.0,0.133,6.909358625270745e+28,30.0,65.0,35,0.0,0.0,0.0,0.0,0.0,0.0,0.0,0.0,0.0,0.0,0.0,0.0,0.0,0.0,0.0,0.0,69.2,0,150,71,54,65476,0,300,0,1,8,20529,65476,0,0,40632,65.0,0.0,0.0,0.0,0.0,0.0
2026-09-04T20:51:24,ERR,ERR,ERR,ERR,ERR,ERR,ERR,ERR,ERR,ERR,ERR,ERR,ERR,ERR,ERR,ERR,ERR,ERR,ERR,ERR,ERR,ERR,ERR,ERR,ERR,ERR,ERR,ERR,ERR,ERR,ERR,ERR,ERR,ERR,ERR,ERR,ERR,ERR,ERR,ERR,ERR,ERR,ERR,ERR,ERR,ERR,ERR,ERR,ERR,ERR,ERR,ERR,ERR,ERR,ERR,ERR,ERR,ERR,ERR,ERR,ERR,ERR,ERR,ERR,ERR,ERR,ERR,ERR,ERR,ERR,ERR,ERR,ERR,ERR,ERR,ERR,ERR,ERR,ERR,ERR,ERR,ERR,ERR,ERR,ERR,ERR,ERR,ERR,ERR,ERR,ERR,ERR,ERR,ERR,ERR,ERR,ERR,ERR,ERR,ERR,ERR,ERR,ERR,ERR,ERR,ERR,ERR,ERR,ERR,ERR,ERR,ERR,ERR,ERR,ERR,ERR,ERR,ERR,ERR,ERR,ERR,ERR,ERR,ERR,ERR,0.0,0.0,0.0,0.0,0.0,1.3936040501711995e+18,7.805,0.0,0,0,4,0,7116,0.0,100,0.0,0.0,0.0,0.0,0.0,0,0,0,0,0.0,0,0,0,0,0,0,0,0,0,0,0,0,0,0,0,0,0,0,0,0,0,0,0,0,0,0,0,0,0,0,0,0,0,31,40,40,71,65476,0,300,0,0,8,21553,0.0,-107605600.0,0.0,0.0,0.0,0.0,0.0,0.0,0.0,0.0,0.0,0.0,0.0,0.0,0.0,0.0,0.0,0.0,0.0,0.0,0.0,0.0,-0.0,2.004,2.004,-0.0,0.0,0.0,0.0,0.0,6329.0,131351.078,6921.0,0.0,0.0,0.0,0.0,0.0,0.0,0.0,0.0,69,-0.0,5.848076282481645e+35,0.0,0.0,0.0,0.0,0.0,0.0,0.0,0,0,0,0.0,0.0,0.0,0.0,0.0,0.0,0.0,0.0,0.0,0.0,0.0,0.0,0.0,0.0,0.0,0.0,0,-107875648.0,69,0.0,138,0.0,-0.0,0,13107,17040,13107,17049,0,17043,0,0,0,70,68,100,2.7302359370752657e+23,71.1,0.0,74.2,2.7302370179391762e+23,74.0,1,49,50,180,0,52429,0,0,0.0,0.0,0.0,0.0,-0.0,67.0,0.0,162057.094,0.0,750,0,739,0,0,0,721,0,766,0,735,0,742,0,741,0,712,0,7520,0.032,79456894976.0,0.0,0.0,784,16797,-0.0,162057.094,-114818.039,-0.0,0.133,6.909358625270745e+28,30.0,65.0,35,0.0,0.0,0.0,0.0,0.0,0.0,0.0,0.0,0.0,0.0,0.0,0.0,0.0,0.0,0.0,0.0,69.2,0,150,71,54,65476,0,300,0,1,8,20529,65476,0,0,40632,65.0,0.0,0.0,0.0,0.0,0.0
2026-09-04T20:51:25,ERR,ERR,ERR,ERR,ERR,ERR,ERR,ERR,ERR,ERR,ERR,ERR,ERR,ERR,ERR,ERR,ERR,ERR,ERR,ERR,ERR,ERR,ERR,ERR,ERR,ERR,ERR,ERR,ERR,ERR,ERR,ERR,ERR,ERR,ERR,ERR,ERR,ERR,ERR,ERR,ERR,ERR,ERR,ERR,ERR,ERR,ERR,ERR,ERR,ERR,ERR,ERR,ERR,ERR,ERR,ERR,ERR,ERR,ERR,ERR,ERR,ERR,ERR,ERR,ERR,ERR,ERR,ERR,ERR,ERR,ERR,ERR,ERR,ERR,ERR,ERR,ERR,ERR,ERR,ERR,ERR,ERR,ERR,ERR,ERR,ERR,ERR,ERR,ERR,ERR,ERR,ERR,ERR,ERR,ERR,ERR,ERR,ERR,ERR,ERR,ERR,ERR,ERR,ERR,ERR,ERR,ERR,ERR,ERR,ERR,ERR,ERR,ERR,ERR,ERR,ERR,ERR,ERR,ERR,ERR,ERR,ERR,ERR,ERR,ERR,0.0,0.0,0.0,0.0,0.0,1.3936040501711995e+18,7.805,0.0,0,0,4,0,7116,0.0,100,0.0,0.0,0.0,0.0,0.0,0,0,0,0,0.0,0,0,0,0,0,0,0,0,0,0,0,0,0,0,0,0,0,0,0,0,0,0,0,0,0,0,0,0,0,0,0,0,0,31,40,40,71,65476,0,300,0,0,8,21553,0.0,-107605600.0,0.0,0.0,0.0,0.0,0.0,0.0,0.0,0.0,0.0,0.0,0.0,0.0,0.0,0.0,0.0,0.0,0.0,0.0,0.0,0.0,-0.0,2.004,2.004,-0.0,0.0,0.0,0.0,0.0,6329.0,131351.078,6921.0,0.0,0.0,0.0,0.0,0.0,0.0,0.0,0.0,69,-0.0,5.848076282481645e+35,0.0,0.0,0.0,0.0,0.0,0.0,0.0,0,0,0,0.0,0.0,0.0,0.0,0.0,0.0,0.0,0.0,0.0,0.0,0.0,0.0,0.0,0.0,0.0,0.0,0,-107875648.0,69,0.0,138,0.0,-0.0,0,13107,17040,13107,17049,0,17043,0,0,0,70,68,100,2.7302359370752657e+23,71.1,0.0,74.2,2.7302370179391762e+23,74.0,1,49,50,180,0,52429,0,0,0.0,0.0,0.0,0.0,-0.0,67.0,0.0,162057.094,0.0,750,0,739,0,0,0,721,0,766,0,735,0,742,0,741,0,712,0,7520,0.032,79456894976.0,0.0,0.0,784,16797,-0.0,162057.094,-114818.039,-0.0,0.133,6.909358625270745e+28,30.0,65.0,35,0.0,0.0,0.0,0.0,0.0,0.0,0.0,0.0,0.0,0.0,0.0,0.0,0.0,0.0,0.0,0.0,69.6,0,150,71,54,65476,0,300,0,1,8,20529,65476,0,0,40632,65.0,0.0,0.0,0.0,0.0,0.0
2026-09-04T20:51:26,ERR,ERR,ERR,ERR,ERR,ERR,ERR,ERR,ERR,ERR,ERR,ERR,ERR,ERR,ERR,ERR,ERR,ERR,ERR,ERR,ERR,ERR,ERR,ERR,ERR,ERR,ERR,ERR,ERR,ERR,ERR,ERR,ERR,ERR,ERR,ERR,ERR,ERR,ERR,ERR,ERR,ERR,ERR,ERR,ERR,ERR,ERR,ERR,ERR,ERR,ERR,ERR,ERR,ERR,ERR,ERR,ERR,ERR,ERR,ERR,ERR,ERR,ERR,ERR,ERR,ERR,ERR,ERR,ERR,ERR,ERR,ERR,ERR,ERR,ERR,ERR,ERR,ERR,ERR,ERR,ERR,ERR,ERR,ERR,ERR,ERR,ERR,ERR,ERR,ERR,ERR,ERR,ERR,ERR,ERR,ERR,ERR,ERR,ERR,ERR,ERR,ERR,ERR,ERR,ERR,ERR,ERR,ERR,ERR,ERR,ERR,ERR,ERR,ERR,ERR,ERR,ERR,ERR,ERR,ERR,ERR,ERR,ERR,ERR,ERR,0.0,0.0,0.0,0.0,0.0,1.3936040501711995e+18,7.805,0.0,0,0,4,0,7116,0.0,100,0.0,0.0,0.0,0.0,0.0,0,0,0,0,0.0,0,0,0,0,0,0,0,0,0,0,0,0,0,0,0,0,0,0,0,0,0,0,0,0,0,0,0,0,0,0,0,0,0,31,40,40,71,65476,0,300,0,0,8,21553,0.0,-107605600.0,0.0,0.0,0.0,0.0,0.0,0.0,0.0,0.0,0.0,0.0,0.0,0.0,0.0,0.0,0.0,0.0,0.0,0.0,0.0,0.0,-0.0,2.004,2.004,-0.0,0.0,0.0,0.0,0.0,6329.0,131351.078,6921.0,0.0,0.0,0.0,0.0,0.0,0.0,0.0,0.0,69,-0.0,5.848076282481645e+35,0.0,0.0,0.0,0.0,0.0,0.0,0.0,0,0,0,0.0,0.0,0.0,0.0,0.0,0.0,0.0,0.0,0.0,0.0,0.0,0.0,0.0,0.0,0.0,0.0,0,-107875648.0,69,0.0,138,0.0,-0.0,0,13107,17040,13107,17049,0,17043,0,0,0,70,68,100,2.7302359370752657e+23,71.1,0.0,74.2,2.7302370179391762e+23,74.0,1,49,50,180,0,52429,0,0,0.0,0.0,0.0,0.0,-0.0,67.0,0.0,162057.094,0.0,750,0,739,0,0,0,721,0,766,0,735,0,742,0,741,0,712,0,7520,0.032,79456894976.0,0.0,0.0,784,16797,-0.0,162057.094,-114818.039,-0.0,0.133,6.909358625270745e+28,30.0,65.0,35,0.0,0.0,0.0,0.0,0.0,0.0,0.0,0.0,0.0,0.0,0.0,0.0,0.0,0.0,0.0,0.0,69.6,0,150,71,54,65476,0,300,0,1,8,20529,65476,0,0,40632,65.0,0.0,0.0,0.0,0.0,0.0
2026-09-04T20:51:27,ERR,ERR,ERR,ERR,ERR,ERR,ERR,ERR,ERR,ERR,ERR,ERR,ERR,ERR,ERR,ERR,ERR,ERR,ERR,ERR,ERR,ERR,ERR,ERR,ERR,ERR,ERR,ERR,ERR,ERR,ERR,ERR,ERR,ERR,ERR,ERR,ERR,ERR,ERR,ERR,ERR,ERR,ERR,ERR,ERR,ERR,ERR,ERR,ERR,ERR,ERR,ERR,ERR,ERR,ERR,ERR,ERR,ERR,ERR,ERR,ERR,ERR,ERR,ERR,ERR,ERR,ERR,ERR,ERR,ERR,ERR,ERR,ERR,ERR,ERR,ERR,ERR,ERR,ERR,ERR,ERR,ERR,ERR,ERR,ERR,ERR,ERR,ERR,ERR,ERR,ERR,ERR,ERR,ERR,ERR,ERR,ERR,ERR,ERR,ERR,ERR,ERR,ERR,ERR,ERR,ERR,ERR,ERR,ERR,ERR,ERR,ERR,ERR,ERR,ERR,ERR,ERR,ERR,ERR,ERR,ERR,ERR,ERR,ERR,ERR,0.0,0.0,0.0,0.0,0.0,1.3936040501711995e+18,7.805,0.0,0,0,4,0,7116,0.0,100,0.0,0.0,0.0,0.0,0.0,0,0,0,0,0.0,0,0,0,0,0,0,0,0,0,0,0,0,0,0,0,0,0,0,0,0,0,0,0,0,0,0,0,0,0,0,0,0,0,31,40,40,71,65476,0,300,0,0,8,21553,0.0,-107605600.0,0.0,0.0,0.0,0.0,0.0,0.0,0.0,0.0,0.0,0.0,0.0,0.0,0.0,0.0,0.0,0.0,0.0,0.0,0.0,0.0,-0.0,2.004,2.004,-0.0,0.0,0.0,0.0,0.0,6329.0,131351.078,6921.0,0.0,0.0,0.0,0.0,0.0,0.0,0.0,0.0,69,-0.0,5.848076282481645e+35,0.0,0.0,0.0,0.0,0.0,0.0,0.0,0,0,0,0.0,0.0,0.0,0.0,0.0,0.0,0.0,0.0,0.0,0.0,0.0,0.0,0.0,0.0,0.0,0.0,0,-107875648.0,69,0.0,138,0.0,-0.0,0,13107,17040,13107,17049,0,17043,0,0,0,70,68,100,2.7302359370752657e+23,71.1,0.0,74.2,2.7302370179391762e+23,74.0,1,49,50,180,0,52429,0,0,0.0,0.0,0.0,0.0,-0.0,67.0,0.0,162057.094,0.0,750,0,739,0,0,0,721,0,766,0,735,0,742,0,741,0,712,0,7520,0.032,79456894976.0,0.0,0.0,784,16797,-0.0,162057.094,-114818.039,-0.0,0.133,6.909358625270745e+28,30.0,65.0,35,0.0,0.0,0.0,0.0,0.0,0.0,0.0,0.0,0.0,0.0,0.0,0.0,0.0,0.0,0.0,0.0,69.6,0,150,71,54,65476,0,300,0,1,8,20529,65476,0,0,40632,65.0,0.0,0.0,0.0,0.0,0.0
2026-09-04T20:51:28,ERR,ERR,ERR,ERR,ERR,ERR,ERR,ERR,ERR,ERR,ERR,ERR,ERR,ERR,ERR,ERR,ERR,ERR,ERR,ERR,ERR,ERR,ERR,ERR,ERR,ERR,ERR,ERR,ERR,ERR,ERR,ERR,ERR,ERR,ERR,ERR,ERR,ERR,ERR,ERR,ERR,ERR,ERR,ERR,ERR,ERR,ERR,ERR,ERR,ERR,ERR,ERR,ERR,ERR,ERR,ERR,ERR,ERR,ERR,ERR,ERR,ERR,ERR,ERR,ERR,ERR,ERR,ERR,ERR,ERR,ERR,ERR,ERR,ERR,ERR,ERR,ERR,ERR,ERR,ERR,ERR,ERR,ERR,ERR,ERR,ERR,ERR,ERR,ERR,ERR,ERR,ERR,ERR,ERR,ERR,ERR,ERR,ERR,ERR,ERR,ERR,ERR,ERR,ERR,ERR,ERR,ERR,ERR,ERR,ERR,ERR,ERR,ERR,ERR,ERR,ERR,ERR,ERR,ERR,ERR,ERR,ERR,ERR,ERR,ERR,0.0,0.0,0.0,0.0,0.0,1.3936040501711995e+18,7.805,0.0,0,0,4,0,7116,0.0,100,0.0,0.0,0.0,0.0,0.0,0,0,0,0,0.0,0,0,0,0,0,0,0,0,0,0,0,0,0,0,0,0,0,0,0,0,0,0,0,0,0,0,0,0,0,0,0,0,0,31,40,40,71,65476,0,300,0,0,8,21553,0.0,-107605600.0,0.0,0.0,0.0,0.0,0.0,0.0,0.0,0.0,0.0,0.0,0.0,0.0,0.0,0.0,0.0,0.0,0.0,0.0,0.0,0.0,-2.004,2.004,2.004,-0.0,0.0,0.0,0.0,0.0,6332.0,564148584841216.0,6923.0,0.0,0.0,0.0,0.0,0.0,0.0,0.0,0.0,69,-0.0,-0.0,0.0,0.0,0.0,0.0,0.0,0.0,0.0,0,0,0,0.0,0.0,0.0,0.0,0.0,0.0,0.0,0.0,0.0,0.0,0.0,0.0,0.0,0.0,0.0,0.0,0,-107875648.0,69,0.0,138,0.0,-0.0,0,13107,17040,13107,17049,0,17043,0,0,0,70,68,100,2.7302359370752657e+23,71.1,0.0,74.2,2.7302370179391762e+23,74.0,1,49,50,180,0,52429,0,0,0.0,0.0,0.0,0.0,-0.0,67.0,0.0,162057.094,0.0,750,0,739,0,0,0,721,0,766,0,735,0,742,0,741,0,712,0,7520,0.032,79456894976.0,0.0,0.0,784,16797,-0.0,162057.094,-114818.039,-0.0,0.133,6.909358625270745e+28,30.0,65.0,35,0.0,0.0,0.0,0.0,0.0,0.0,0.0,0.0,0.0,0.0,0.0,0.0,0.0,0.0,0.0,0.0,69.2,0,150,71,54,65476,0,300,0,1,8,20529,65476,0,0,40632,65.0,0.0,0.0,0.0,0.0,0.0
2026-09-04T20:51:29,ERR,ERR,ERR,ERR,ERR,ERR,ERR,ERR,ERR,ERR,ERR,ERR,ERR,ERR,ERR,ERR,ERR,ERR,ERR,ERR,ERR,ERR,ERR,ERR,ERR,ERR,ERR,ERR,ERR,ERR,ERR,ERR,ERR,ERR,ERR,ERR,ERR,ERR,ERR,ERR,ERR,ERR,ERR,ERR,ERR,ERR,ERR,ERR,ERR,ERR,ERR,ERR,ERR,ERR,ERR,ERR,ERR,ERR,ERR,ERR,ERR,ERR,ERR,ERR,ERR,ERR,ERR,ERR,ERR,ERR,ERR,ERR,ERR,ERR,ERR,ERR,ERR,ERR,ERR,ERR,ERR,ERR,ERR,ERR,ERR,ERR,ERR,ERR,ERR,ERR,ERR,ERR,ERR,ERR,ERR,ERR,ERR,ERR,ERR,ERR,ERR,ERR,ERR,ERR,ERR,ERR,ERR,ERR,ERR,ERR,ERR,ERR,ERR,ERR,ERR,ERR,ERR,ERR,ERR,ERR,ERR,ERR,ERR,ERR,ERR,0.0,0.0,0.0,0.0,0.0,1.3936040501711995e+18,7.805,0.0,0,0,4,0,7116,0.0,100,0.0,0.0,0.0,0.0,0.0,0,0,0,0,0.0,0,0,0,0,0,0,0,0,0,0,0,0,0,0,0,0,0,0,0,0,0,0,0,0,0,0,0,0,0,0,0,0,0,31,40,40,71,65476,0,300,0,0,8,21553,0.0,-107605600.0,0.0,0.0,0.0,0.0,0.0,0.0,0.0,0.0,0.0,0.0,0.0,0.0,0.0,0.0,0.0,0.0,0.0,0.0,0.0,0.0,-2.004,2.004,2.004,-0.0,0.0,0.0,0.0,0.0,6332.0,564148584841216.0,6923.0,0.0,0.0,0.0,0.0,0.0,0.0,0.0,0.0,69,-0.0,-0.0,0.0,0.0,0.0,0.0,0.0,0.0,0.0,0,0,0,0.0,0.0,0.0,0.0,0.0,0.0,0.0,0.0,0.0,0.0,0.0,0.0,0.0,0.0,0.0,0.0,0,-107875648.0,69,0.0,138,0.0,-0.0,0,13107,17040,13107,17049,0,17043,0,0,0,70,68,100,2.7302359370752657e+23,71.1,0.0,74.2,2.7302370179391762e+23,74.0,1,49,50,180,0,52429,0,0,0.0,0.0,0.0,0.0,-0.0,67.0,0.0,162057.094,0.0,750,0,739,0,0,0,721,0,766,0,735,0,742,0,741,0,712,0,7520,0.032,78920024064.0,0.0,0.0,784,16797,-0.0,162057.094,-114818.039,-0.0,0.133,6.909358625270745e+28,30.0,65.0,35,0.0,0.0,0.0,0.0,0.0,0.0,0.0,0.0,0.0,0.0,0.0,0.0,0.0,0.0,0.0,0.0,69.2,0,150,71,54,65476,0,300,0,1,8,20529,65476,0,0,40632,65.0,0.0,0.0,0.0,0.0,0.0
2026-09-04T20:51:30,ERR,ERR,ERR,ERR,ERR,ERR,ERR,ERR,ERR,ERR,ERR,ERR,ERR,ERR,ERR,ERR,ERR,ERR,ERR,ERR,ERR,ERR,ERR,ERR,ERR,ERR,ERR,ERR,ERR,ERR,ERR,ERR,ERR,ERR,ERR,ERR,ERR,ERR,ERR,ERR,ERR,ERR,ERR,ERR,ERR,ERR,ERR,ERR,ERR,ERR,ERR,ERR,ERR,ERR,ERR,ERR,ERR,ERR,ERR,ERR,ERR,ERR,ERR,ERR,ERR,ERR,ERR,ERR,ERR,ERR,ERR,ERR,ERR,ERR,ERR,ERR,ERR,ERR,ERR,ERR,ERR,ERR,ERR,ERR,ERR,ERR,ERR,ERR,ERR,ERR,ERR,ERR,ERR,ERR,ERR,ERR,ERR,ERR,ERR,ERR,ERR,ERR,ERR,ERR,ERR,ERR,ERR,ERR,ERR,ERR,ERR,ERR,ERR,ERR,ERR,ERR,ERR,ERR,ERR,ERR,ERR,ERR,ERR,ERR,ERR,0.0,0.0,0.0,0.0,0.0,1.3936040501711995e+18,7.805,0.0,0,0,4,0,7116,0.0,100,0.0,0.0,0.0,0.0,0.0,0,0,0,0,0.0,0,0,0,0,0,0,0,0,0,0,0,0,0,0,0,0,0,0,0,0,0,0,0,0,0,0,0,0,0,0,0,0,0,31,40,40,71,65476,0,300,0,0,8,21553,0.0,-107605600.0,0.0,0.0,0.0,0.0,0.0,0.0,0.0,0.0,0.0,0.0,0.0,0.0,0.0,0.0,0.0,0.0,0.0,0.0,0.0,0.0,-2.004,2.004,2.004,-0.0,0.0,0.0,0.0,0.0,6332.0,564148584841216.0,6923.0,0.0,0.0,0.0,0.0,0.0,0.0,0.0,0.0,69,-0.0,-0.0,0.0,0.0,0.0,0.0,0.0,0.0,0.0,0,0,0,0.0,0.0,0.0,0.0,0.0,0.0,0.0,0.0,0.0,0.0,0.0,0.0,0.0,0.0,0.0,0.0,0,-107875648.0,69,0.0,138,0.0,-0.0,0,13107,17040,13107,17049,0,17043,0,0,0,70,68,100,2.7302359370752657e+23,71.1,0.0,74.2,2.7302370179391762e+23,74.0,1,49,50,180,0,52429,0,0,0.0,0.0,0.0,0.0,-0.0,67.0,0.0,162057.094,0.0,750,0,739,0,0,0,721,0,766,0,735,0,742,0,741,0,712,0,7520,0.032,78920024064.0,0.0,0.0,784,16797,-0.0,162057.094,-114818.039,-0.0,0.133,6.909358625270745e+28,30.0,65.0,35,0.0,0.0,0.0,0.0,0.0,0.0,0.0,0.0,0.0,0.0,0.0,0.0,0.0,0.0,0.0,0.0,69.6,0,150,71,54,65476,0,300,0,1,8,20529,65476,0,0,40632,65.0,0.0,0.0,0.0,0.0,0.0
2026-09-04T20:51:31,ERR,ERR,ERR,ERR,ERR,ERR,ERR,ERR,ERR,ERR,ERR,ERR,ERR,ERR,ERR,ERR,ERR,ERR,ERR,ERR,ERR,ERR,ERR,ERR,ERR,ERR,ERR,ERR,ERR,ERR,ERR,ERR,ERR,ERR,ERR,ERR,ERR,ERR,ERR,ERR,ERR,ERR,ERR,ERR,ERR,ERR,ERR,ERR,ERR,ERR,ERR,ERR,ERR,ERR,ERR,ERR,ERR,ERR,ERR,ERR,ERR,ERR,ERR,ERR,ERR,ERR,ERR,ERR,ERR,ERR,ERR,ERR,ERR,ERR,ERR,ERR,ERR,ERR,ERR,ERR,ERR,ERR,ERR,ERR,ERR,ERR,ERR,ERR,ERR,ERR,ERR,ERR,ERR,ERR,ERR,ERR,ERR,ERR,ERR,ERR,ERR,ERR,ERR,ERR,ERR,ERR,ERR,ERR,ERR,ERR,ERR,ERR,ERR,ERR,ERR,ERR,ERR,ERR,ERR,ERR,ERR,ERR,ERR,ERR,ERR,0.0,0.0,0.0,0.0,0.0,1.3936040501711995e+18,7.805,0.0,0,0,4,0,7116,0.0,100,0.0,0.0,0.0,0.0,0.0,0,0,0,0,0.0,0,0,0,0,0,0,0,0,0,0,0,0,0,0,0,0,0,0,0,0,0,0,0,0,0,0,0,0,0,0,0,0,0,31,40,40,71,65476,0,300,0,0,8,21553,0.0,-107605600.0,0.0,0.0,0.0,0.0,0.0,0.0,0.0,0.0,0.0,0.0,0.0,0.0,0.0,0.0,0.0,0.0,0.0,0.0,0.0,0.0,-2.004,2.004,2.004,-0.0,0.0,0.0,0.0,0.0,6332.0,564148584841216.0,6923.0,0.0,0.0,0.0,0.0,0.0,0.0,0.0,0.0,69,-0.0,-0.0,0.0,0.0,0.0,0.0,0.0,0.0,0.0,0,0,0,0.0,0.0,0.0,0.0,0.0,0.0,0.0,0.0,0.0,0.0,0.0,0.0,0.0,0.0,0.0,0.0,0,-107875648.0,69,0.0,138,0.0,-0.0,0,13107,17040,13107,17049,0,17043,0,0,0,70,68,100,2.7302359370752657e+23,71.1,0.0,74.2,2.7302370179391762e+23,74.0,1,49,50,180,0,52429,0,0,0.0,0.0,0.0,0.0,-0.0,67.0,0.0,162057.094,0.0,750,0,739,0,0,0,721,0,766,0,735,0,742,0,741,0,712,0,7520,0.032,78920024064.0,0.0,0.0,784,16797,-0.0,162057.094,-114818.039,-0.0,0.133,6.909358625270745e+28,30.0,65.0,35,0.0,0.0,0.0,0.0,0.0,0.0,0.0,0.0,0.0,0.0,0.0,0.0,0.0,0.0,0.0,0.0,69.6,0,150,71,54,65476,0,300,0,1,8,20529,65476,0,0,40632,65.0,0.0,0.0,0.0,0.0,0.0
2026-09-04T20:51:32,ERR,ERR,ERR,ERR,ERR,ERR,ERR,ERR,ERR,ERR,ERR,ERR,ERR,ERR,ERR,ERR,ERR,ERR,ERR,ERR,ERR,ERR,ERR,ERR,ERR,ERR,ERR,ERR,ERR,ERR,ERR,ERR,ERR,ERR,ERR,ERR,ERR,ERR,ERR,ERR,ERR,ERR,ERR,ERR,ERR,ERR,ERR,ERR,ERR,ERR,ERR,ERR,ERR,ERR,ERR,ERR,ERR,ERR,ERR,ERR,ERR,ERR,ERR,ERR,ERR,ERR,ERR,ERR,ERR,ERR,ERR,ERR,ERR,ERR,ERR,ERR,ERR,ERR,ERR,ERR,ERR,ERR,ERR,ERR,ERR,ERR,ERR,ERR,ERR,ERR,ERR,ERR,ERR,ERR,ERR,ERR,ERR,ERR,ERR,ERR,ERR,ERR,ERR,ERR,ERR,ERR,ERR,ERR,ERR,ERR,ERR,ERR,ERR,ERR,ERR,ERR,ERR,ERR,ERR,ERR,ERR,ERR,ERR,ERR,ERR,0.0,0.0,0.0,0.0,0.0,1.3936040501711995e+18,7.805,0.0,0,0,4,0,7116,0.0,100,0.0,0.0,0.0,0.0,0.0,0,0,0,0,0.0,0,0,0,0,0,0,0,0,0,0,0,0,0,0,0,0,0,0,0,0,0,0,0,0,0,0,0,0,0,0,0,0,0,31,40,40,71,65476,0,300,0,0,8,21553,0.0,-107605600.0,0.0,0.0,0.0,0.0,0.0,0.0,0.0,0.0,0.0,0.0,0.0,0.0,0.0,0.0,0.0,0.0,0.0,0.0,0.0,0.0,-2.004,2.004,2.004,-0.0,0.0,0.0,0.0,0.0,6332.0,564148584841216.0,6923.0,0.0,0.0,0.0,0.0,0.0,0.0,0.0,0.0,69,-0.0,-0.0,0.0,0.0,0.0,0.0,0.0,0.0,0.0,0,0,0,0.0,0.0,0.0,0.0,0.0,0.0,0.0,0.0,0.0,0.0,0.0,0.0,0.0,0.0,0.0,0.0,0,-107875648.0,69,0.0,138,0.0,-0.0,0,13107,17040,13107,17049,0,17043,0,0,0,70,68,100,2.7302359370752657e+23,71.1,0.0,74.2,2.7302370179391762e+23,74.0,1,49,50,180,0,52429,0,0,0.0,0.0,0.0,0.0,-0.0,67.0,0.0,162057.094,0.0,750,0,739,0,0,0,721,0,766,0,735,0,742,0,741,0,712,0,7520,0.032,78920024064.0,0.0,0.0,784,16797,-0.0,162057.094,-114818.039,-0.0,0.133,6.909358625270745e+28,30.0,65.0,35,0.0,0.0,0.0,0.0,0.0,0.0,0.0,0.0,0.0,0.0,0.0,0.0,0.0,0.0,0.0,0.0,69.6,0,150,71,54,65476,0,300,0,1,8,20529,65476,0,0,40632,65.0,0.0,0.0,0.0,0.0,0.0
2026-09-04T20:51:33,ERR,ERR,ERR,ERR,ERR,ERR,ERR,ERR,ERR,ERR,ERR,ERR,ERR,ERR,ERR,ERR,ERR,ERR,ERR,ERR,ERR,ERR,ERR,ERR,ERR,ERR,ERR,ERR,ERR,ERR,ERR,ERR,ERR,ERR,ERR,ERR,ERR,ERR,ERR,ERR,ERR,ERR,ERR,ERR,ERR,ERR,ERR,ERR,ERR,ERR,ERR,ERR,ERR,ERR,ERR,ERR,ERR,ERR,ERR,ERR,ERR,ERR,ERR,ERR,ERR,ERR,ERR,ERR,ERR,ERR,ERR,ERR,ERR,ERR,ERR,ERR,ERR,ERR,ERR,ERR,ERR,ERR,ERR,ERR,ERR,ERR,ERR,ERR,ERR,ERR,ERR,ERR,ERR,ERR,ERR,ERR,ERR,ERR,ERR,ERR,ERR,ERR,ERR,ERR,ERR,ERR,ERR,ERR,ERR,ERR,ERR,ERR,ERR,ERR,ERR,ERR,ERR,ERR,ERR,ERR,ERR,ERR,ERR,ERR,ERR,0.0,0.0,0.0,0.0,0.0,1.3936040501711995e+18,7.805,0.0,0,0,4,0,7116,0.0,100,0.0,0.0,0.0,0.0,0.0,0,0,0,0,0.0,0,0,0,0,0,0,0,0,0,0,0,0,0,0,0,0,0,0,0,0,0,0,0,0,0,0,0,0,0,0,0,0,0,31,40,40,71,65476,0,300,0,0,8,21553,0.0,-107605600.0,0.0,0.0,0.0,0.0,0.0,0.0,0.0,0.0,0.0,0.0,0.0,0.0,0.0,0.0,0.0,0.0,0.0,0.0,0.0,0.0,-2.004,2.004,2.004,-0.0,0.0,0.0,0.0,0.0,6332.0,564148584841216.0,6923.0,0.0,0.0,0.0,0.0,0.0,0.0,0.0,0.0,69,-0.0,-0.0,0.0,0.0,0.0,0.0,0.0,0.0,0.0,0,0,0,0.0,0.0,0.0,0.0,0.0,0.0,0.0,0.0,0.0,0.0,0.0,0.0,0.0,0.0,0.0,0.0,0,-107875648.0,69,0.0,138,0.0,-0.0,0,13107,17040,13107,17049,0,17043,0,0,0,70,68,100,2.7302359370752657e+23,71.1,0.0,74.2,2.7302370179391762e+23,74.0,1,49,50,180,0,52429,0,0,0.0,0.0,0.0,0.0,-0.0,67.0,0.0,162057.094,0.0,750,0,739,0,0,0,721,0,766,0,735,0,742,0,741,0,712,0,7520,0.032,78920024064.0,0.0,0.0,784,16797,-0.0,162057.094,-114818.039,-0.0,0.133,6.909358625270745e+28,30.0,65.0,35,0.0,0.0,0.0,0.0,0.0,0.0,0.0,0.0,0.0,0.0,0.0,0.0,0.0,0.0,0.0,0.0,69.2,0,150,71,54,65476,0,300,0,1,8,20529,65476,0,0,40632,65.0,0.0,0.0,0.0,0.0,0.0
2026-09-04T20:51:34,ERR,ERR,ERR,ERR,ERR,ERR,ERR,ERR,ERR,ERR,ERR,ERR,ERR,ERR,ERR,ERR,ERR,ERR,ERR,ERR,ERR,ERR,ERR,ERR,ERR,ERR,ERR,ERR,ERR,ERR,ERR,ERR,ERR,ERR,ERR,ERR,ERR,ERR,ERR,ERR,ERR,ERR,ERR,ERR,ERR,ERR,ERR,ERR,ERR,ERR,ERR,ERR,ERR,ERR,ERR,ERR,ERR,ERR,ERR,ERR,ERR,ERR,ERR,ERR,ERR,ERR,ERR,ERR,ERR,ERR,ERR,ERR,ERR,ERR,ERR,ERR,ERR,ERR,ERR,ERR,ERR,ERR,ERR,ERR,ERR,ERR,ERR,ERR,ERR,ERR,ERR,ERR,ERR,ERR,ERR,ERR,ERR,ERR,ERR,ERR,ERR,ERR,ERR,ERR,ERR,ERR,ERR,ERR,ERR,ERR,ERR,ERR,ERR,ERR,ERR,ERR,ERR,ERR,ERR,ERR,ERR,ERR,ERR,ERR,ERR,0.0,0.0,0.0,0.0,0.0,1.3936040501711995e+18,7.805,0.0,0,0,4,0,7116,0.0,100,0.0,0.0,0.0,0.0,0.0,0,0,0,0,0.0,0,0,0,0,0,0,0,0,0,0,0,0,0,0,0,0,0,0,0,0,0,0,0,0,0,0,0,0,0,0,0,0,0,31,40,40,71,65476,0,300,0,0,8,21553,0.0,-107605600.0,0.0,0.0,0.0,0.0,0.0,0.0,0.0,0.0,0.0,0.0,0.0,0.0,0.0,0.0,0.0,0.0,0.0,0.0,0.0,0.0,-2.004,2.004,2.004,-0.0,0.0,0.0,0.0,0.0,6332.0,564148584841216.0,6923.0,0.0,0.0,0.0,0.0,0.0,0.0,0.0,0.0,69,-0.0,-0.0,0.0,0.0,0.0,0.0,0.0,0.0,0.0,0,0,0,0.0,0.0,0.0,0.0,0.0,0.0,0.0,0.0,0.0,0.0,0.0,0.0,0.0,0.0,0.0,0.0,0,-107875648.0,69,0.0,138,0.0,-0.0,0,13107,17040,13107,17049,0,17043,0,0,0,70,68,100,2.7302359370752657e+23,71.1,0.0,74.2,2.7302370179391762e+23,74.0,1,49,50,180,0,52429,0,0,0.0,0.0,0.0,0.0,-0.0,67.0,0.0,162057.094,0.0,750,0,739,0,0,0,721,0,766,0,735,0,742,0,741,0,712,0,7520,0.032,79456894976.0,0.0,0.0,784,16797,-0.0,162057.094,-114818.039,-0.0,0.133,6.909358625270745e+28,30.0,65.0,35,0.0,0.0,0.0,0.0,0.0,0.0,0.0,0.0,0.0,0.0,0.0,0.0,0.0,0.0,0.0,0.0,69.2,0,150,71,54,65476,0,300,0,1,8,20529,65476,0,0,40632,65.0,0.0,0.0,0.0,0.0,0.0
2026-09-04T20:51:35,ERR,ERR,ERR,ERR,ERR,ERR,ERR,ERR,ERR,ERR,ERR,ERR,ERR,ERR,ERR,ERR,ERR,ERR,ERR,ERR,ERR,ERR,ERR,ERR,ERR,ERR,ERR,ERR,ERR,ERR,ERR,ERR,ERR,ERR,ERR,ERR,ERR,ERR,ERR,ERR,ERR,ERR,ERR,ERR,ERR,ERR,ERR,ERR,ERR,ERR,ERR,ERR,ERR,ERR,ERR,ERR,ERR,ERR,ERR,ERR,ERR,ERR,ERR,ERR,ERR,ERR,ERR,ERR,ERR,ERR,ERR,ERR,ERR,ERR,ERR,ERR,ERR,ERR,ERR,ERR,ERR,ERR,ERR,ERR,ERR,ERR,ERR,ERR,ERR,ERR,ERR,ERR,ERR,ERR,ERR,ERR,ERR,ERR,ERR,ERR,ERR,ERR,ERR,ERR,ERR,ERR,ERR,ERR,ERR,ERR,ERR,ERR,ERR,ERR,ERR,ERR,ERR,ERR,ERR,ERR,ERR,ERR,ERR,ERR,ERR,0.0,0.0,0.0,0.0,0.0,1.3936040501711995e+18,7.805,0.0,0,0,4,0,7116,0.0,100,0.0,0.0,0.0,0.0,0.0,0,0,0,0,0.0,0,0,0,0,0,0,0,0,0,0,0,0,0,0,0,0,0,0,0,0,0,0,0,0,0,0,0,0,0,0,0,0,0,31,40,40,71,65476,0,300,0,0,8,21553,0.0,-107605600.0,0.0,0.0,0.0,0.0,0.0,0.0,0.0,0.0,0.0,0.0,0.0,0.0,0.0,0.0,0.0,0.0,0.0,0.0,0.0,0.0,-2.004,2.004,2.004,-0.0,0.0,0.0,0.0,0.0,6306.0,-564148584841216.0,6939.0,0.0,0.0,0.0,0.0,0.0,0.0,0.0,0.0,69,-107615400.0,0.059,0.0,0.0,0.0,0.0,0.0,0.0,0.0,0,0,0,0.0,0.0,0.0,0.0,0.0,0.0,0.0,0.0,0.0,0.0,0.0,0.0,0.0,0.0,0.0,0.0,0,-107875648.0,69,0.0,138,0.0,0.0,0,13107,17040,13107,17049,0,17043,0,0,0,70,68,100,2.7302359370752657e+23,71.1,0.0,74.2,2.7302370179391762e+23,74.0,1,49,50,180,0,52429,0,0,0.0,0.0,0.0,0.0,-0.0,67.0,0.0,162057.094,0.0,750,0,739,0,0,0,721,0,766,0,735,0,742,0,741,0,712,0,7520,0.032,79456894976.0,0.0,0.0,784,16797,-0.0,162057.094,-114818.039,-0.0,0.133,6.909358625270745e+28,30.0,65.0,35,0.0,0.0,0.0,0.0,0.0,0.0,0.0,0.0,0.0,0.0,0.0,0.0,0.0,0.0,0.0,0.0,69.2,0,150,71,54,65476,0,300,0,1,8,20529,65476,0,0,40632,65.0,0.0,0.0,0.0,0.0,0.0
2026-09-04T20:51:36,ERR,ERR,ERR,ERR,ERR,ERR,ERR,ERR,ERR,ERR,ERR,ERR,ERR,ERR,ERR,ERR,ERR,ERR,ERR,ERR,ERR,ERR,ERR,ERR,ERR,ERR,ERR,ERR,ERR,ERR,ERR,ERR,ERR,ERR,ERR,ERR,ERR,ERR,ERR,ERR,ERR,ERR,ERR,ERR,ERR,ERR,ERR,ERR,ERR,ERR,ERR,ERR,ERR,ERR,ERR,ERR,ERR,ERR,ERR,ERR,ERR,ERR,ERR,ERR,ERR,ERR,ERR,ERR,ERR,ERR,ERR,ERR,ERR,ERR,ERR,ERR,ERR,ERR,ERR,ERR,ERR,ERR,ERR,ERR,ERR,ERR,ERR,ERR,ERR,ERR,ERR,ERR,ERR,ERR,ERR,ERR,ERR,ERR,ERR,ERR,ERR,ERR,ERR,ERR,ERR,ERR,ERR,ERR,ERR,ERR,ERR,ERR,ERR,ERR,ERR,ERR,ERR,ERR,ERR,ERR,ERR,ERR,ERR,ERR,ERR,0.0,0.0,0.0,0.0,0.0,1.3936040501711995e+18,7.805,0.0,0,0,4,0,7116,0.0,100,0.0,0.0,0.0,0.0,0.0,0,0,0,0,0.0,0,0,0,0,0,0,0,0,0,0,0,0,0,0,0,0,0,0,0,0,0,0,0,0,0,0,0,0,0,0,0,0,0,31,40,40,71,65476,0,300,0,0,8,21553,0.0,-107605600.0,0.0,0.0,0.0,0.0,0.0,0.0,0.0,0.0,0.0,0.0,0.0,0.0,0.0,0.0,0.0,0.0,0.0,0.0,0.0,0.0,-2.004,2.004,2.004,-0.0,0.0,0.0,0.0,0.0,6306.0,-564148584841216.0,6939.0,0.0,0.0,0.0,0.0,0.0,0.0,0.0,0.0,69,-107615400.0,0.059,0.0,0.0,0.0,0.0,0.0,0.0,0.0,0,0,0,0.0,0.0,0.0,0.0,0.0,0.0,0.0,0.0,0.0,0.0,0.0,0.0,0.0,0.0,0.0,0.0,0,-107875648.0,69,0.0,138,0.0,0.0,0,13107,17040,13107,17049,0,17043,0,0,0,70,68,100,2.7302359370752657e+23,71.1,0.0,74.2,2.7302370179391762e+23,74.0,1,49,50,180,0,52429,0,0,0.0,0.0,0.0,0.0,-0.0,67.0,0.0,162057.094,0.0,750,0,739,0,0,0,721,0,766,0,735,0,742,0,741,0,712,0,7520,0.032,79456894976.0,0.0,0.0,784,16797,-0.0,162057.094,-114818.039,-0.0,0.133,6.909358625270745e+28,30.0,65.0,35,0.0,0.0,0.0,0.0,0.0,0.0,0.0,0.0,0.0,0.0,0.0,0.0,0.0,0.0,0.0,0.0,69.2,0,150,71,54,65476,0,300,0,1,8,20529,65476,0,0,40632,65.0,0.0,0.0,0.0,0.0,0.0
2026-09-04T20:51:37,ERR,ERR,ERR,ERR,ERR,ERR,ERR,ERR,ERR,ERR,ERR,ERR,ERR,ERR,ERR,ERR,ERR,ERR,ERR,ERR,ERR,ERR,ERR,ERR,ERR,ERR,ERR,ERR,ERR,ERR,ERR,ERR,ERR,ERR,ERR,ERR,ERR,ERR,ERR,ERR,ERR,ERR,ERR,ERR,ERR,ERR,ERR,ERR,ERR,ERR,ERR,ERR,ERR,ERR,ERR,ERR,ERR,ERR,ERR,ERR,ERR,ERR,ERR,ERR,ERR,ERR,ERR,ERR,ERR,ERR,ERR,ERR,ERR,ERR,ERR,ERR,ERR,ERR,ERR,ERR,ERR,ERR,ERR,ERR,ERR,ERR,ERR,ERR,ERR,ERR,ERR,ERR,ERR,ERR,ERR,ERR,ERR,ERR,ERR,ERR,ERR,ERR,ERR,ERR,ERR,ERR,ERR,ERR,ERR,ERR,ERR,ERR,ERR,ERR,ERR,ERR,ERR,ERR,ERR,ERR,ERR,ERR,ERR,ERR,ERR,0.0,0.0,0.0,0.0,0.0,1.3936040501711995e+18,7.805,0.0,0,0,4,0,7116,0.0,100,0.0,0.0,0.0,0.0,0.0,0,0,0,0,0.0,0,0,0,0,0,0,0,0,0,0,0,0,0,0,0,0,0,0,0,0,0,0,0,0,0,0,0,0,0,0,0,0,0,31,40,40,71,65476,0,300,0,0,8,21553,0.0,-107605600.0,0.0,0.0,0.0,0.0,0.0,0.0,0.0,0.0,0.0,0.0,0.0,0.0,0.0,0.0,0.0,0.0,0.0,0.0,0.0,0.0,-2.004,2.004,2.004,-0.0,0.0,0.0,0.0,0.0,6306.0,-564148584841216.0,6939.0,0.0,0.0,0.0,0.0,0.0,0.0,0.0,0.0,69,-107615400.0,0.059,0.0,0.0,0.0,0.0,0.0,0.0,0.0,0,0,0,0.0,0.0,0.0,0.0,0.0,0.0,0.0,0.0,0.0,0.0,0.0,0.0,0.0,0.0,0.0,0.0,0,-107875648.0,69,0.0,138,0.0,0.0,0,13107,17040,13107,17049,0,17043,0,0,0,70,68,100,2.7302359370752657e+23,71.1,0.0,74.2,2.7302370179391762e+23,74.0,1,49,50,180,0,52429,0,0,0.0,0.0,0.0,0.0,-0.0,67.0,0.0,162057.094,0.0,750,0,739,0,0,0,721,0,766,0,735,0,742,0,741,0,712,0,7520,0.032,79456894976.0,0.0,0.0,784,16797,-0.0,162057.094,-114818.039,-0.0,0.133,6.909358625270745e+28,30.0,65.0,35,0.0,0.0,0.0,0.0,0.0,0.0,0.0,0.0,0.0,0.0,0.0,0.0,0.0,0.0,0.0,0.0,69.2,0,150,71,54,65476,0,300,0,1,8,20529,65476,0,0,40632,65.0,0.0,0.0,0.0,0.0,0.0
2026-09-04T20:51:38,ERR,ERR,ERR,ERR,ERR,ERR,ERR,ERR,ERR,ERR,ERR,ERR,ERR,ERR,ERR,ERR,ERR,ERR,ERR,ERR,ERR,ERR,ERR,ERR,ERR,ERR,ERR,ERR,ERR,ERR,ERR,ERR,ERR,ERR,ERR,ERR,ERR,ERR,ERR,ERR,ERR,ERR,ERR,ERR,ERR,ERR,ERR,ERR,ERR,ERR,ERR,ERR,ERR,ERR,ERR,ERR,ERR,ERR,ERR,ERR,ERR,ERR,ERR,ERR,ERR,ERR,ERR,ERR,ERR,ERR,ERR,ERR,ERR,ERR,ERR,ERR,ERR,ERR,ERR,ERR,ERR,ERR,ERR,ERR,ERR,ERR,ERR,ERR,ERR,ERR,ERR,ERR,ERR,ERR,ERR,ERR,ERR,ERR,ERR,ERR,ERR,ERR,ERR,ERR,ERR,ERR,ERR,ERR,ERR,ERR,ERR,ERR,ERR,ERR,ERR,ERR,ERR,ERR,ERR,ERR,ERR,ERR,ERR,ERR,ERR,0.0,0.0,0.0,0.0,0.0,1.3936040501711995e+18,7.805,0.0,0,0,4,0,7116,0.0,100,0.0,0.0,0.0,0.0,0.0,0,0,0,0,0.0,0,0,0,0,0,0,0,0,0,0,0,0,0,0,0,0,0,0,0,0,0,0,0,0,0,0,0,0,0,0,0,0,0,31,40,40,71,65476,0,300,0,0,8,21553,0.0,-107605600.0,0.0,0.0,0.0,0.0,0.0,0.0,0.0,0.0,0.0,0.0,0.0,0.0,0.0,0.0,0.0,0.0,0.0,0.0,0.0,0.0,-2.004,2.004,2.004,-0.0,0.0,0.0,0.0,0.0,6306.0,-564148584841216.0,6939.0,0.0,0.0,0.0,0.0,0.0,0.0,0.0,0.0,69,-107615400.0,0.059,0.0,0.0,0.0,0.0,0.0,0.0,0.0,0,0,0,0.0,0.0,0.0,0.0,0.0,0.0,0.0,0.0,0.0,0.0,0.0,0.0,0.0,0.0,0.0,0.0,0,-107875648.0,69,0.0,138,0.0,0.0,0,13107,17040,13107,17049,0,17043,0,0,0,70,68,100,2.7302359370752657e+23,71.1,0.0,74.2,2.7302370179391762e+23,74.0,1,49,50,180,0,52429,0,0,0.0,0.0,0.0,0.0,-0.0,67.0,0.0,162057.094,0.0,750,0,739,0,0,0,721,0,766,0,735,0,742,0,741,0,712,0,7520,0.032,79456894976.0,0.0,0.0,784,16797,-0.0,162057.094,-114818.039,-0.0,0.133,6.909358625270745e+28,30.0,65.0,35,0.0,0.0,0.0,0.0,0.0,0.0,0.0,0.0,0.0,0.0,0.0,0.0,0.0,0.0,0.0,0.0,69.6,0,150,71,54,65476,0,300,0,1,8,20529,65476,0,0,40632,65.0,0.0,0.0,0.0,0.0,0.0
2026-09-04T20:51:39,ERR,ERR,ERR,ERR,ERR,ERR,ERR,ERR,ERR,ERR,ERR,ERR,ERR,ERR,ERR,ERR,ERR,ERR,ERR,ERR,ERR,ERR,ERR,ERR,ERR,ERR,ERR,ERR,ERR,ERR,ERR,ERR,ERR,ERR,ERR,ERR,ERR,ERR,ERR,ERR,ERR,ERR,ERR,ERR,ERR,ERR,ERR,ERR,ERR,ERR,ERR,ERR,ERR,ERR,ERR,ERR,ERR,ERR,ERR,ERR,ERR,ERR,ERR,ERR,ERR,ERR,ERR,ERR,ERR,ERR,ERR,ERR,ERR,ERR,ERR,ERR,ERR,ERR,ERR,ERR,ERR,ERR,ERR,ERR,ERR,ERR,ERR,ERR,ERR,ERR,ERR,ERR,ERR,ERR,ERR,ERR,ERR,ERR,ERR,ERR,ERR,ERR,ERR,ERR,ERR,ERR,ERR,ERR,ERR,ERR,ERR,ERR,ERR,ERR,ERR,ERR,ERR,ERR,ERR,ERR,ERR,ERR,ERR,ERR,ERR,0.0,0.0,0.0,0.0,0.0,1.3936040501711995e+18,7.805,0.0,0,0,4,0,7116,0.0,100,0.0,0.0,0.0,0.0,0.0,0,0,0,0,0.0,0,0,0,0,0,0,0,0,0,0,0,0,0,0,0,0,0,0,0,0,0,0,0,0,0,0,0,0,0,0,0,0,0,31,40,40,71,65476,0,300,0,0,8,21553,0.0,-107605600.0,0.0,0.0,0.0,0.0,0.0,0.0,0.0,0.0,0.0,0.0,0.0,0.0,0.0,0.0,0.0,0.0,0.0,0.0,0.0,0.0,-2.004,2.004,2.004,-0.0,0.0,0.0,0.0,0.0,6306.0,-564148584841216.0,6939.0,0.0,0.0,0.0,0.0,0.0,0.0,0.0,0.0,69,-107615400.0,0.059,0.0,0.0,0.0,0.0,0.0,0.0,0.0,0,0,0,0.0,0.0,0.0,0.0,0.0,0.0,0.0,0.0,0.0,0.0,0.0,0.0,0.0,0.0,0.0,0.0,0,-107875648.0,69,0.0,138,0.0,0.0,0,13107,17040,13107,17049,0,17043,0,0,0,70,68,100,2.7302359370752657e+23,71.1,0.0,74.2,2.7302370179391762e+23,74.0,1,49,50,180,0,52429,0,0,0.0,0.0,0.0,0.0,-0.0,67.0,0.0,162057.094,0.0,750,0,739,0,0,0,721,0,766,0,735,0,742,0,741,0,712,0,7520,0.032,79456894976.0,0.0,0.0,784,16797,-0.0,162057.094,-114818.039,-0.0,0.133,6.909358625270745e+28,30.0,65.0,35,0.0,0.0,0.0,0.0,0.0,0.0,0.0,0.0,0.0,0.0,0.0,0.0,0.0,0.0,0.0,0.0,69.6,0,150,71,54,65476,0,300,0,1,8,20529,65476,0,0,40632,65.0,0.0,0.0,0.0,0.0,0.0
2026-09-04T20:51:40,ERR,ERR,ERR,ERR,ERR,ERR,ERR,ERR,ERR,ERR,ERR,ERR,ERR,ERR,ERR,ERR,ERR,ERR,ERR,ERR,ERR,ERR,ERR,ERR,ERR,ERR,ERR,ERR,ERR,ERR,ERR,ERR,ERR,ERR,ERR,ERR,ERR,ERR,ERR,ERR,ERR,ERR,ERR,ERR,ERR,ERR,ERR,ERR,ERR,ERR,ERR,ERR,ERR,ERR,ERR,ERR,ERR,ERR,ERR,ERR,ERR,ERR,ERR,ERR,ERR,ERR,ERR,ERR,ERR,ERR,ERR,ERR,ERR,ERR,ERR,ERR,ERR,ERR,ERR,ERR,ERR,ERR,ERR,ERR,ERR,ERR,ERR,ERR,ERR,ERR,ERR,ERR,ERR,ERR,ERR,ERR,ERR,ERR,ERR,ERR,ERR,ERR,ERR,ERR,ERR,ERR,ERR,ERR,ERR,ERR,ERR,ERR,ERR,ERR,ERR,ERR,ERR,ERR,ERR,ERR,ERR,ERR,ERR,ERR,ERR,0.0,0.0,0.0,0.0,0.0,1.3936040501711995e+18,7.805,0.0,0,0,4,0,7116,0.0,100,0.0,0.0,0.0,0.0,0.0,0,0,0,0,0.0,0,0,0,0,0,0,0,0,0,0,0,0,0,0,0,0,0,0,0,0,0,0,0,0,0,0,0,0,0,0,0,0,0,31,40,40,71,65476,0,300,0,0,8,21553,0.0,-107605600.0,0.0,0.0,0.0,0.0,0.0,0.0,0.0,0.0,0.0,0.0,0.0,0.0,0.0,0.0,0.0,0.0,0.0,0.0,0.0,0.0,-2.004,2.004,2.004,-0.0,0.0,0.0,0.0,0.0,6306.0,-564148584841216.0,6939.0,0.0,0.0,0.0,0.0,0.0,0.0,0.0,0.0,69,-107615400.0,0.059,0.0,0.0,0.0,0.0,0.0,0.0,0.0,0,0,0,0.0,0.0,0.0,0.0,0.0,0.0,0.0,0.0,0.0,0.0,0.0,0.0,0.0,0.0,0.0,0.0,0,-107875648.0,69,0.0,138,0.0,0.0,0,13107,17040,13107,17049,0,17043,0,0,0,70,68,100,2.7302359370752657e+23,71.1,0.0,74.2,2.7302370179391762e+23,74.0,1,49,50,180,0,52429,0,0,0.0,0.0,0.0,0.0,-0.0,67.0,0.0,162057.094,0.0,750,0,739,0,0,0,721,0,766,0,735,0,742,0,741,0,712,0,7520,0.032,78920024064.0,0.0,0.0,784,16797,-0.0,162057.094,-114818.039,-0.0,0.133,6.909358625270745e+28,30.0,65.0,35,0.0,0.0,0.0,0.0,0.0,0.0,0.0,0.0,0.0,0.0,0.0,0.0,0.0,0.0,0.0,0.0,69.6,0,150,71,54,65476,0,300,0,1,8,20529,65476,0,0,40632,65.0,0.0,0.0,0.0,0.0,0.0
2026-09-04T20:51:41,ERR,ERR,ERR,ERR,ERR,ERR,ERR,ERR,ERR,ERR,ERR,ERR,ERR,ERR,ERR,ERR,ERR,ERR,ERR,ERR,ERR,ERR,ERR,ERR,ERR,ERR,ERR,ERR,ERR,ERR,ERR,ERR,ERR,ERR,ERR,ERR,ERR,ERR,ERR,ERR,ERR,ERR,ERR,ERR,ERR,ERR,ERR,ERR,ERR,ERR,ERR,ERR,ERR,ERR,ERR,ERR,ERR,ERR,ERR,ERR,ERR,ERR,ERR,ERR,ERR,ERR,ERR,ERR,ERR,ERR,ERR,ERR,ERR,ERR,ERR,ERR,ERR,ERR,ERR,ERR,ERR,ERR,ERR,ERR,ERR,ERR,ERR,ERR,ERR,ERR,ERR,ERR,ERR,ERR,ERR,ERR,ERR,ERR,ERR,ERR,ERR,ERR,ERR,ERR,ERR,ERR,ERR,ERR,ERR,ERR,ERR,ERR,ERR,ERR,ERR,ERR,ERR,ERR,ERR,ERR,ERR,ERR,ERR,ERR,ERR,0.0,0.0,0.0,0.0,0.0,1.3936040501711995e+18,7.805,0.0,0,0,4,0,7116,0.0,100,0.0,0.0,0.0,0.0,0.0,0,0,0,0,0.0,0,0,0,0,0,0,0,0,0,0,0,0,0,0,0,0,0,0,0,0,0,0,0,0,0,0,0,0,0,0,0,0,0,31,40,40,71,65476,0,300,0,0,8,21553,0.0,-107605600.0,0.0,0.0,0.0,0.0,0.0,0.0,0.0,0.0,0.0,0.0,0.0,0.0,0.0,0.0,0.0,0.0,0.0,0.0,0.0,0.0,-2.004,2.004,2.004,-0.0,0.0,0.0,0.0,0.0,6306.0,-564148584841216.0,6939.0,0.0,0.0,0.0,0.0,0.0,0.0,0.0,0.0,69,-107615400.0,0.059,0.0,0.0,0.0,0.0,0.0,0.0,0.0,0,0,0,0.0,0.0,0.0,0.0,0.0,0.0,0.0,0.0,0.0,0.0,0.0,0.0,0.0,0.0,0.0,0.0,0,-107875648.0,69,0.0,138,0.0,0.0,0,13107,17040,13107,17049,0,17043,0,0,0,70,68,100,2.7302359370752657e+23,71.1,0.0,74.2,2.7302370179391762e+23,74.0,1,49,50,180,0,52429,0,0,0.0,0.0,0.0,0.0,-0.0,67.0,0.0,162057.094,0.0,750,0,739,0,0,0,721,0,766,0,735,0,742,0,741,0,712,0,7520,0.032,78920024064.0,0.0,0.0,784,16797,-0.0,162057.094,-114818.039,-0.0,0.133,6.909358625270745e+28,30.0,65.0,35,0.0,0.0,0.0,0.0,0.0,0.0,0.0,0.0,0.0,0.0,0.0,0.0,0.0,0.0,0.0,0.0,69.6,0,150,71,54,65476,0,300,0,1,8,20529,65476,0,0,40632,65.0,0.0,0.0,0.0,0.0,0.0
2026-09-04T20:51:42,ERR,ERR,ERR,ERR,ERR,ERR,ERR,ERR,ERR,ERR,ERR,ERR,ERR,ERR,ERR,ERR,ERR,ERR,ERR,ERR,ERR,ERR,ERR,ERR,ERR,ERR,ERR,ERR,ERR,ERR,ERR,ERR,ERR,ERR,ERR,ERR,ERR,ERR,ERR,ERR,ERR,ERR,ERR,ERR,ERR,ERR,ERR,ERR,ERR,ERR,ERR,ERR,ERR,ERR,ERR,ERR,ERR,ERR,ERR,ERR,ERR,ERR,ERR,ERR,ERR,ERR,ERR,ERR,ERR,ERR,ERR,ERR,ERR,ERR,ERR,ERR,ERR,ERR,ERR,ERR,ERR,ERR,ERR,ERR,ERR,ERR,ERR,ERR,ERR,ERR,ERR,ERR,ERR,ERR,ERR,ERR,ERR,ERR,ERR,ERR,ERR,ERR,ERR,ERR,ERR,ERR,ERR,ERR,ERR,ERR,ERR,ERR,ERR,ERR,ERR,ERR,ERR,ERR,ERR,ERR,ERR,ERR,ERR,ERR,ERR,0.0,0.0,0.0,0.0,0.0,1.3936040501711995e+18,7.805,0.0,0,0,4,0,7116,0.0,100,0.0,0.0,0.0,0.0,0.0,0,0,0,0,0.0,0,0,0,0,0,0,0,0,0,0,0,0,0,0,0,0,0,0,0,0,0,0,0,0,0,0,0,0,0,0,0,0,0,31,40,40,71,65476,0,300,0,0,8,21553,0.0,-107605600.0,0.0,0.0,0.0,0.0,0.0,0.0,0.0,0.0,0.0,0.0,0.0,0.0,0.0,0.0,0.0,0.0,0.0,0.0,0.0,0.0,-2.004,2.004,2.004,-0.0,0.0,0.0,0.0,0.0,6306.0,-564148584841216.0,6939.0,0.0,0.0,0.0,0.0,0.0,0.0,0.0,0.0,69,-107615400.0,0.059,0.0,0.0,0.0,0.0,0.0,0.0,0.0,0,0,0,0.0,0.0,0.0,0.0,0.0,0.0,0.0,0.0,0.0,0.0,0.0,0.0,0.0,0.0,0.0,0.0,0,-107875648.0,69,0.0,138,0.0,0.0,0,13107,17040,13107,17049,0,17043,0,0,0,70,68,100,2.7302359370752657e+23,71.1,0.0,74.2,2.7302370179391762e+23,74.0,1,49,50,180,0,52429,0,0,0.0,0.0,0.0,0.0,-0.0,67.0,0.0,162057.094,0.0,750,0,739,0,0,0,721,0,766,0,735,0,742,0,741,0,712,0,7520,0.032,78920024064.0,0.0,0.0,784,16797,-0.0,162057.094,-114818.039,-0.0,0.133,6.909358625270745e+28,30.0,65.0,35,0.0,0.0,0.0,0.0,0.0,0.0,0.0,0.0,0.0,0.0,0.0,0.0,0.0,0.0,0.0,0.0,69.6,0,150,71,54,65476,0,300,0,1,8,20529,65476,0,0,40632,65.0,0.0,0.0,0.0,0.0,0.0
2026-09-04T20:51:43,ERR,ERR,ERR,ERR,ERR,ERR,ERR,ERR,ERR,ERR,ERR,ERR,ERR,ERR,ERR,ERR,ERR,ERR,ERR,ERR,ERR,ERR,ERR,ERR,ERR,ERR,ERR,ERR,ERR,ERR,ERR,ERR,ERR,ERR,ERR,ERR,ERR,ERR,ERR,ERR,ERR,ERR,ERR,ERR,ERR,ERR,ERR,ERR,ERR,ERR,ERR,ERR,ERR,ERR,ERR,ERR,ERR,ERR,ERR,ERR,ERR,ERR,ERR,ERR,ERR,ERR,ERR,ERR,ERR,ERR,ERR,ERR,ERR,ERR,ERR,ERR,ERR,ERR,ERR,ERR,ERR,ERR,ERR,ERR,ERR,ERR,ERR,ERR,ERR,ERR,ERR,ERR,ERR,ERR,ERR,ERR,ERR,ERR,ERR,ERR,ERR,ERR,ERR,ERR,ERR,ERR,ERR,ERR,ERR,ERR,ERR,ERR,ERR,ERR,ERR,ERR,ERR,ERR,ERR,ERR,ERR,ERR,ERR,ERR,ERR,0.0,0.0,0.0,0.0,0.0,1.3936040501711995e+18,7.805,0.0,0,0,4,0,7116,0.0,100,0.0,0.0,0.0,0.0,0.0,0,0,0,0,0.0,0,0,0,0,0,0,0,0,0,0,0,0,0,0,0,0,0,0,0,0,0,0,0,0,0,0,0,0,0,0,0,0,0,31,40,40,71,65476,0,300,0,0,8,21553,0.0,-107605600.0,0.0,0.0,0.0,0.0,0.0,0.0,0.0,0.0,0.0,0.0,0.0,0.0,0.0,0.0,0.0,0.0,0.0,0.0,0.0,0.0,-2.004,2.004,2.004,-0.0,0.0,0.0,0.0,0.0,6361.0,-2.004,6936.0,0.0,0.0,2.7184303811560617e+23,0.0,0.0,0.0,0.0,0.0,69,-0.0,-0.0,0.0,0.0,0.0,0.0,0.0,0.0,0.0,0,0,0,0.0,0.0,0.0,0.0,0.0,0.0,0.0,0.0,0.0,0.0,0.0,0.0,0.0,0.0,0.0,0.0,0,-107875648.0,69,0.0,138,0.0,-0.0,0,13107,17040,13107,17049,0,17043,0,0,0,70,68,100,2.7302359370752657e+23,71.1,0.0,74.2,2.7302370179391762e+23,74.0,1,49,50,180,0,52429,0,0,0.0,0.0,0.0,0.0,-0.0,67.0,0.0,162057.094,0.0,750,0,739,0,0,0,721,0,766,0,735,0,742,0,741,0,712,0,7520,0.032,78920024064.0,0.0,0.0,784,16797,-0.0,162057.094,-114818.039,-0.0,0.133,6.909358625270745e+28,30.0,65.0,35,0.0,0.0,0.0,0.0,0.0,0.0,0.0,0.0,0.0,0.0,0.0,0.0,0.0,0.0,0.0,0.0,69.2,0,150,71,54,65476,0,300,0,1,8,20529,65476,0,0,40632,65.0,0.0,0.0,0.0,0.0,0.0
2026-09-04T20:51:44,ERR,ERR,ERR,ERR,ERR,ERR,ERR,ERR,ERR,ERR,ERR,ERR,ERR,ERR,ERR,ERR,ERR,ERR,ERR,ERR,ERR,ERR,ERR,ERR,ERR,ERR,ERR,ERR,ERR,ERR,ERR,ERR,ERR,ERR,ERR,ERR,ERR,ERR,ERR,ERR,ERR,ERR,ERR,ERR,ERR,ERR,ERR,ERR,ERR,ERR,ERR,ERR,ERR,ERR,ERR,ERR,ERR,ERR,ERR,ERR,ERR,ERR,ERR,ERR,ERR,ERR,ERR,ERR,ERR,ERR,ERR,ERR,ERR,ERR,ERR,ERR,ERR,ERR,ERR,ERR,ERR,ERR,ERR,ERR,ERR,ERR,ERR,ERR,ERR,ERR,ERR,ERR,ERR,ERR,ERR,ERR,ERR,ERR,ERR,ERR,ERR,ERR,ERR,ERR,ERR,ERR,ERR,ERR,ERR,ERR,ERR,ERR,ERR,ERR,ERR,ERR,ERR,ERR,ERR,ERR,ERR,ERR,ERR,ERR,ERR,0.0,0.0,0.0,0.0,0.0,1.3936040501711995e+18,7.805,0.0,0,0,4,0,7116,0.0,100,0.0,0.0,0.0,0.0,0.0,0,0,0,0,0.0,0,0,0,0,0,0,0,0,0,0,0,0,0,0,0,0,0,0,0,0,0,0,0,0,0,0,0,0,0,0,0,0,0,31,40,40,71,65476,0,300,0,0,8,21553,0.0,-107605600.0,0.0,0.0,0.0,0.0,0.0,0.0,0.0,0.0,0.0,0.0,0.0,0.0,0.0,0.0,0.0,0.0,0.0,0.0,0.0,0.0,-2.004,2.004,2.004,-0.0,0.0,0.0,0.0,0.0,6361.0,-2.004,6936.0,0.0,0.0,2.7184303811560617e+23,0.0,0.0,0.0,0.0,0.0,69,-0.0,-0.0,0.0,0.0,0.0,0.0,0.0,0.0,0.0,0,0,0,0.0,0.0,0.0,0.0,0.0,0.0,0.0,0.0,0.0,0.0,0.0,0.0,0.0,0.0,0.0,0.0,0,-107875648.0,69,0.0,138,0.0,-0.0,0,13107,17040,13107,17049,0,17043,0,0,0,70,68,100,2.7302359370752657e+23,71.1,0.0,74.2,2.7302370179391762e+23,74.0,1,49,50,180,0,52429,0,0,0.0,0.0,0.0,0.0,-0.0,67.0,0.0,162057.094,0.0,750,0,739,0,0,0,721,0,766,0,735,0,742,0,741,0,712,0,7520,0.032,78920024064.0,0.0,0.0,784,16797,-0.0,162057.094,-114818.039,-0.0,0.133,6.909358625270745e+28,30.0,65.0,35,0.0,0.0,0.0,0.0,0.0,0.0,0.0,0.0,0.0,0.0,0.0,0.0,0.0,0.0,0.0,0.0,69.2,0,150,71,54,65476,0,300,0,1,8,20529,65476,0,0,40632,65.0,0.0,0.0,0.0,0.0,0.0
2026-09-04T20:51:45,ERR,ERR,ERR,ERR,ERR,ERR,ERR,ERR,ERR,ERR,ERR,ERR,ERR,ERR,ERR,ERR,ERR,ERR,ERR,ERR,ERR,ERR,ERR,ERR,ERR,ERR,ERR,ERR,ERR,ERR,ERR,ERR,ERR,ERR,ERR,ERR,ERR,ERR,ERR,ERR,ERR,ERR,ERR,ERR,ERR,ERR,ERR,ERR,ERR,ERR,ERR,ERR,ERR,ERR,ERR,ERR,ERR,ERR,ERR,ERR,ERR,ERR,ERR,ERR,ERR,ERR,ERR,ERR,ERR,ERR,ERR,ERR,ERR,ERR,ERR,ERR,ERR,ERR,ERR,ERR,ERR,ERR,ERR,ERR,ERR,ERR,ERR,ERR,ERR,ERR,ERR,ERR,ERR,ERR,ERR,ERR,ERR,ERR,ERR,ERR,ERR,ERR,ERR,ERR,ERR,ERR,ERR,ERR,ERR,ERR,ERR,ERR,ERR,ERR,ERR,ERR,ERR,ERR,ERR,ERR,ERR,ERR,ERR,ERR,ERR,0.0,0.0,0.0,0.0,0.0,1.3936040501711995e+18,7.805,0.0,0,0,4,0,7116,0.0,100,0.0,0.0,0.0,0.0,0.0,0,0,0,0,0.0,0,0,0,0,0,0,0,0,0,0,0,0,0,0,0,0,0,0,0,0,0,0,0,0,0,0,0,0,0,0,0,0,0,31,40,40,71,65476,0,300,0,0,8,21553,0.0,-107605600.0,0.0,0.0,0.0,0.0,0.0,0.0,0.0,0.0,0.0,0.0,0.0,0.0,0.0,0.0,0.0,0.0,0.0,0.0,0.0,0.0,-2.004,2.004,2.004,-0.0,0.0,0.0,0.0,0.0,6361.0,-2.004,6936.0,0.0,0.0,2.7184303811560617e+23,0.0,0.0,0.0,0.0,0.0,69,-0.0,-0.0,0.0,0.0,0.0,0.0,0.0,0.0,0.0,0,0,0,0.0,0.0,0.0,0.0,0.0,0.0,0.0,0.0,0.0,0.0,0.0,0.0,0.0,0.0,0.0,0.0,0,-107875648.0,69,0.0,138,0.0,-0.0,0,13107,17040,13107,17049,0,17043,0,0,0,70,68,100,2.7302359370752657e+23,71.1,0.0,74.2,2.7302370179391762e+23,74.0,1,49,50,180,0,52429,0,0,0.0,0.0,0.0,0.0,-0.0,67.0,0.0,162057.094,0.0,750,0,739,0,0,0,721,0,766,0,735,0,742,0,741,0,712,0,7520,0.032,79456894976.0,0.0,0.0,784,16797,-0.0,162057.094,-114818.039,-0.0,0.133,6.909358625270745e+28,30.0,65.0,35,0.0,0.0,0.0,0.0,0.0,0.0,0.0,0.0,0.0,0.0,0.0,0.0,0.0,0.0,0.0,0.0,69.2,0,150,71,54,65476,0,300,0,1,8,20529,65476,0,0,40632,65.0,0.0,0.0,0.0,0.0,0.0
2026-09-04T20:51:46,ERR,ERR,ERR,ERR,ERR,ERR,ERR,ERR,ERR,ERR,ERR,ERR,ERR,ERR,ERR,ERR,ERR,ERR,ERR,ERR,ERR,ERR,ERR,ERR,ERR,ERR,ERR,ERR,ERR,ERR,ERR,ERR,ERR,ERR,ERR,ERR,ERR,ERR,ERR,ERR,ERR,ERR,ERR,ERR,ERR,ERR,ERR,ERR,ERR,ERR,ERR,ERR,ERR,ERR,ERR,ERR,ERR,ERR,ERR,ERR,ERR,ERR,ERR,ERR,ERR,ERR,ERR,ERR,ERR,ERR,ERR,ERR,ERR,ERR,ERR,ERR,ERR,ERR,ERR,ERR,ERR,ERR,ERR,ERR,ERR,ERR,ERR,ERR,ERR,ERR,ERR,ERR,ERR,ERR,ERR,ERR,ERR,ERR,ERR,ERR,ERR,ERR,ERR,ERR,ERR,ERR,ERR,ERR,ERR,ERR,ERR,ERR,ERR,ERR,ERR,ERR,ERR,ERR,ERR,ERR,ERR,ERR,ERR,ERR,ERR,0.0,0.0,0.0,0.0,0.0,1.3936040501711995e+18,7.805,0.0,0,0,4,0,7116,0.0,100,0.0,0.0,0.0,0.0,0.0,0,0,0,0,0.0,0,0,0,0,0,0,0,0,0,0,0,0,0,0,0,0,0,0,0,0,0,0,0,0,0,0,0,0,0,0,0,0,0,31,40,40,71,65476,0,300,0,0,8,21553,0.0,-107605600.0,0.0,0.0,0.0,0.0,0.0,0.0,0.0,0.0,0.0,0.0,0.0,0.0,0.0,0.0,0.0,0.0,0.0,0.0,0.0,0.0,-2.004,2.004,2.004,-0.0,0.0,0.0,0.0,0.0,6361.0,-2.004,6936.0,0.0,0.0,2.7184303811560617e+23,0.0,0.0,0.0,0.0,0.0,69,-0.0,-0.0,0.0,0.0,0.0,0.0,0.0,0.0,0.0,0,0,0,0.0,0.0,0.0,0.0,0.0,0.0,0.0,0.0,0.0,0.0,0.0,0.0,0.0,0.0,0.0,0.0,0,-107875648.0,69,0.0,138,0.0,-0.0,0,13107,17040,13107,17049,0,17043,0,0,0,70,68,100,2.7302359370752657e+23,71.1,0.0,74.2,2.7302370179391762e+23,74.0,1,49,50,180,0,52429,0,0,0.0,0.0,0.0,0.0,-0.0,67.0,0.0,162057.094,0.0,750,0,739,0,0,0,721,0,766,0,735,0,742,0,741,0,712,0,7520,0.032,79456894976.0,0.0,0.0,784,16797,-0.0,162057.094,-114818.039,-0.0,0.133,6.909358625270745e+28,30.0,65.0,35,0.0,0.0,0.0,0.0,0.0,0.0,0.0,0.0,0.0,0.0,0.0,0.0,0.0,0.0,0.0,0.0,69.2,0,150,71,54,65476,0,300,0,1,8,20529,65476,0,0,40632,65.0,0.0,0.0,0.0,0.0,0.0
2026-09-04T20:51:47,ERR,ERR,ERR,ERR,ERR,ERR,ERR,ERR,ERR,ERR,ERR,ERR,ERR,ERR,ERR,ERR,ERR,ERR,ERR,ERR,ERR,ERR,ERR,ERR,ERR,ERR,ERR,ERR,ERR,ERR,ERR,ERR,ERR,ERR,ERR,ERR,ERR,ERR,ERR,ERR,ERR,ERR,ERR,ERR,ERR,ERR,ERR,ERR,ERR,ERR,ERR,ERR,ERR,ERR,ERR,ERR,ERR,ERR,ERR,ERR,ERR,ERR,ERR,ERR,ERR,ERR,ERR,ERR,ERR,ERR,ERR,ERR,ERR,ERR,ERR,ERR,ERR,ERR,ERR,ERR,ERR,ERR,ERR,ERR,ERR,ERR,ERR,ERR,ERR,ERR,ERR,ERR,ERR,ERR,ERR,ERR,ERR,ERR,ERR,ERR,ERR,ERR,ERR,ERR,ERR,ERR,ERR,ERR,ERR,ERR,ERR,ERR,ERR,ERR,ERR,ERR,ERR,ERR,ERR,ERR,ERR,ERR,ERR,ERR,ERR,0.0,0.0,0.0,0.0,0.0,1.3936040501711995e+18,7.805,0.0,0,0,4,0,7116,0.0,100,0.0,0.0,0.0,0.0,0.0,0,0,0,0,0.0,0,0,0,0,0,0,0,0,0,0,0,0,0,0,0,0,0,0,0,0,0,0,0,0,0,0,0,0,0,0,0,0,0,31,40,40,71,65476,0,300,0,0,8,21553,0.0,-107605600.0,0.0,0.0,0.0,0.0,0.0,0.0,0.0,0.0,0.0,0.0,0.0,0.0,0.0,0.0,0.0,0.0,0.0,0.0,0.0,0.0,-2.004,2.004,2.004,-0.0,0.0,0.0,0.0,0.0,6361.0,-2.004,6936.0,0.0,0.0,2.7184303811560617e+23,0.0,0.0,0.0,0.0,0.0,69,-0.0,-0.0,0.0,0.0,0.0,0.0,0.0,0.0,0.0,0,0,0,0.0,0.0,0.0,0.0,0.0,0.0,0.0,0.0,0.0,0.0,0.0,0.0,0.0,0.0,0.0,0.0,0,-107875648.0,69,0.0,138,0.0,-0.0,0,13107,17040,13107,17049,0,17043,0,0,0,70,68,100,2.7302359370752657e+23,71.1,0.0,74.2,2.7302370179391762e+23,74.0,1,49,50,180,0,52429,0,0,0.0,0.0,0.0,0.0,-0.0,67.0,0.0,162057.094,0.0,750,0,739,0,0,0,721,0,766,0,735,0,742,0,741,0,712,0,7520,0.032,79456894976.0,0.0,0.0,784,16797,-0.0,162057.094,-114818.039,-0.0,0.133,6.909358625270745e+28,30.0,65.0,35,0.0,0.0,0.0,0.0,0.0,0.0,0.0,0.0,0.0,0.0,0.0,0.0,0.0,0.0,0.0,0.0,69.2,0,150,71,54,65476,0,300,0,1,8,20529,65476,0,0,40632,65.0,0.0,0.0,0.0,0.0,0.0
2026-09-04T20:51:48,ERR,ERR,ERR,ERR,ERR,ERR,ERR,ERR,ERR,ERR,ERR,ERR,ERR,ERR,ERR,ERR,ERR,ERR,ERR,ERR,ERR,ERR,ERR,ERR,ERR,ERR,ERR,ERR,ERR,ERR,ERR,ERR,ERR,ERR,ERR,ERR,ERR,ERR,ERR,ERR,ERR,ERR,ERR,ERR,ERR,ERR,ERR,ERR,ERR,ERR,ERR,ERR,ERR,ERR,ERR,ERR,ERR,ERR,ERR,ERR,ERR,ERR,ERR,ERR,ERR,ERR,ERR,ERR,ERR,ERR,ERR,ERR,ERR,ERR,ERR,ERR,ERR,ERR,ERR,ERR,ERR,ERR,ERR,ERR,ERR,ERR,ERR,ERR,ERR,ERR,ERR,ERR,ERR,ERR,ERR,ERR,ERR,ERR,ERR,ERR,ERR,ERR,ERR,ERR,ERR,ERR,ERR,ERR,ERR,ERR,ERR,ERR,ERR,ERR,ERR,ERR,ERR,ERR,ERR,ERR,ERR,ERR,ERR,ERR,ERR,0.0,0.0,0.0,0.0,0.0,1.3936040501711995e+18,7.805,0.0,0,0,4,0,7116,0.0,100,0.0,0.0,0.0,0.0,0.0,0,0,0,0,0.0,0,0,0,0,0,0,0,0,0,0,0,0,0,0,0,0,0,0,0,0,0,0,0,0,0,0,0,0,0,0,0,0,0,31,40,40,71,65476,0,300,0,0,8,21553,0.0,-107605600.0,0.0,0.0,0.0,0.0,0.0,0.0,0.0,0.0,0.0,0.0,0.0,0.0,0.0,0.0,0.0,0.0,0.0,0.0,0.0,0.0,-2.004,2.004,2.004,-0.0,0.0,0.0,0.0,0.0,6361.0,-2.004,6936.0,0.0,0.0,2.7184303811560617e+23,0.0,0.0,0.0,0.0,0.0,69,-0.0,-0.0,0.0,0.0,0.0,0.0,0.0,0.0,0.0,0,0,0,0.0,0.0,0.0,0.0,0.0,0.0,0.0,0.0,0.0,0.0,0.0,0.0,0.0,0.0,0.0,0.0,0,-107875648.0,69,0.0,138,0.0,-0.0,0,13107,17040,13107,17049,0,17043,0,0,0,70,68,100,2.7302359370752657e+23,71.1,0.0,74.2,2.7302370179391762e+23,74.0,1,49,50,180,0,52429,0,0,0.0,0.0,0.0,0.0,-0.0,67.0,0.0,162057.094,0.0,750,0,739,0,0,0,721,0,766,0,735,0,742,0,741,0,712,0,7520,0.032,79456894976.0,0.0,0.0,784,16797,-0.0,162057.094,-114818.039,-0.0,0.133,6.909358625270745e+28,30.0,65.0,35,0.0,0.0,0.0,0.0,0.0,0.0,0.0,0.0,0.0,0.0,0.0,0.0,0.0,0.0,0.0,0.0,69.2,0,150,71,54,65476,0,300,0,1,8,20529,65476,0,0,40632,65.0,0.0,0.0,0.0,0.0,0.0
2026-09-04T20:51:49,ERR,ERR,ERR,ERR,ERR,ERR,ERR,ERR,ERR,ERR,ERR,ERR,ERR,ERR,ERR,ERR,ERR,ERR,ERR,ERR,ERR,ERR,ERR,ERR,ERR,ERR,ERR,ERR,ERR,ERR,ERR,ERR,ERR,ERR,ERR,ERR,ERR,ERR,ERR,ERR,ERR,ERR,ERR,ERR,ERR,ERR,ERR,ERR,ERR,ERR,ERR,ERR,ERR,ERR,ERR,ERR,ERR,ERR,ERR,ERR,ERR,ERR,ERR,ERR,ERR,ERR,ERR,ERR,ERR,ERR,ERR,ERR,ERR,ERR,ERR,ERR,ERR,ERR,ERR,ERR,ERR,ERR,ERR,ERR,ERR,ERR,ERR,ERR,ERR,ERR,ERR,ERR,ERR,ERR,ERR,ERR,ERR,ERR,ERR,ERR,ERR,ERR,ERR,ERR,ERR,ERR,ERR,ERR,ERR,ERR,ERR,ERR,ERR,ERR,ERR,ERR,ERR,ERR,ERR,ERR,ERR,ERR,ERR,ERR,ERR,0.0,0.0,0.0,0.0,0.0,1.3936040501711995e+18,7.805,0.0,0,0,4,0,7116,0.0,100,0.0,0.0,0.0,0.0,0.0,0,0,0,0,0.0,0,0,0,0,0,0,0,0,0,0,0,0,0,0,0,0,0,0,0,0,0,0,0,0,0,0,0,0,0,0,0,0,0,31,40,40,71,65476,0,300,0,0,8,21553,0.0,-107605600.0,0.0,0.0,0.0,0.0,0.0,0.0,0.0,0.0,0.0,0.0,0.0,0.0,0.0,0.0,0.0,0.0,0.0,0.0,0.0,0.0,-2.004,2.004,2.004,-0.0,0.0,0.0,0.0,0.0,6361.0,-2.004,6936.0,0.0,0.0,2.7184303811560617e+23,0.0,0.0,0.0,0.0,0.0,69,-0.0,-0.0,0.0,0.0,0.0,0.0,0.0,0.0,0.0,0,0,0,0.0,0.0,0.0,0.0,0.0,0.0,0.0,0.0,0.0,0.0,0.0,0.0,0.0,0.0,0.0,0.0,0,-107875648.0,69,0.0,138,0.0,-0.0,0,13107,17040,13107,17049,0,17043,0,0,0,70,68,100,2.7302359370752657e+23,71.1,0.0,74.2,2.7302370179391762e+23,74.0,1,49,50,180,0,52429,0,0,0.0,0.0,0.0,0.0,-0.0,67.0,0.0,162057.094,0.0,750,0,739,0,0,0,721,0,766,0,735,0,742,0,741,0,712,0,7520,0.032,79456894976.0,0.0,0.0,784,16797,-0.0,162057.094,-114818.039,-0.0,0.133,6.909358625270745e+28,30.0,65.0,35,0.0,0.0,0.0,0.0,0.0,0.0,0.0,0.0,0.0,0.0,0.0,0.0,0.0,0.0,0.0,0.0,69.2,0,150,71,54,65476,0,300,0,1,8,20529,65476,0,0,40632,65.0,0.0,0.0,0.0,0.0,0.0
2026-09-04T20:51:50,ERR,ERR,ERR,ERR,ERR,ERR,ERR,ERR,ERR,ERR,ERR,ERR,ERR,ERR,ERR,ERR,ERR,ERR,ERR,ERR,ERR,ERR,ERR,ERR,ERR,ERR,ERR,ERR,ERR,ERR,ERR,ERR,ERR,ERR,ERR,ERR,ERR,ERR,ERR,ERR,ERR,ERR,ERR,ERR,ERR,ERR,ERR,ERR,ERR,ERR,ERR,ERR,ERR,ERR,ERR,ERR,ERR,ERR,ERR,ERR,ERR,ERR,ERR,ERR,ERR,ERR,ERR,ERR,ERR,ERR,ERR,ERR,ERR,ERR,ERR,ERR,ERR,ERR,ERR,ERR,ERR,ERR,ERR,ERR,ERR,ERR,ERR,ERR,ERR,ERR,ERR,ERR,ERR,ERR,ERR,ERR,ERR,ERR,ERR,ERR,ERR,ERR,ERR,ERR,ERR,ERR,ERR,ERR,ERR,ERR,ERR,ERR,ERR,ERR,ERR,ERR,ERR,ERR,ERR,ERR,ERR,ERR,ERR,ERR,ERR,0.0,0.0,0.0,0.0,0.0,1.3936040501711995e+18,7.805,0.0,0,0,4,0,7116,0.0,100,0.0,0.0,0.0,0.0,0.0,0,0,0,0,0.0,0,0,0,0,0,0,0,0,0,0,0,0,0,0,0,0,0,0,0,0,0,0,0,0,0,0,0,0,0,0,0,0,0,31,40,40,71,65476,0,300,0,0,8,21553,0.0,-107605600.0,0.0,0.0,0.0,0.0,0.0,0.0,0.0,0.0,0.0,0.0,0.0,0.0,0.0,0.0,0.0,0.0,0.0,0.0,0.0,0.0,-0.0,2.004,2.004,-0.0,0.0,0.0,0.0,0.0,6369.0,2.004,6920.0,0.0,0.0,0.0,0.0,0.0,0.0,0.0,0.0,69,-89221.164,0.0,0.0,0.0,0.0,0.0,0.0,0.0,0.0,0,0,0,0.0,0.0,0.0,0.0,0.0,0.0,0.0,0.0,0.0,0.0,0.0,0.0,0.0,0.0,0.0,0.0,0,-107875648.0,69,0.0,138,0.0,-0.0,0,13107,17040,13107,17049,0,17043,0,0,0,70,68,100,2.7302359370752657e+23,71.1,0.0,74.2,2.7302370179391762e+23,74.0,1,49,50,180,0,52429,0,0,0.0,0.0,0.0,0.0,-0.0,67.0,0.0,162057.094,0.0,750,0,739,0,0,0,721,0,766,0,735,0,742,0,741,0,712,0,7520,0.032,79456894976.0,0.0,0.0,784,16797,-0.0,162057.094,-114818.039,-0.0,0.133,6.909358625270745e+28,30.0,65.0,35,0.0,0.0,0.0,0.0,0.0,0.0,0.0,0.0,0.0,0.0,0.0,0.0,0.0,0.0,0.0,0.0,69.2,0,150,71,54,65476,0,300,0,1,8,20529,65476,0,0,40632,65.0,0.0,0.0,0.0,0.0,0.0
2026-09-04T20:51:51,ERR,ERR,ERR,ERR,ERR,ERR,ERR,ERR,ERR,ERR,ERR,ERR,ERR,ERR,ERR,ERR,ERR,ERR,ERR,ERR,ERR,ERR,ERR,ERR,ERR,ERR,ERR,ERR,ERR,ERR,ERR,ERR,ERR,ERR,ERR,ERR,ERR,ERR,ERR,ERR,ERR,ERR,ERR,ERR,ERR,ERR,ERR,ERR,ERR,ERR,ERR,ERR,ERR,ERR,ERR,ERR,ERR,ERR,ERR,ERR,ERR,ERR,ERR,ERR,ERR,ERR,ERR,ERR,ERR,ERR,ERR,ERR,ERR,ERR,ERR,ERR,ERR,ERR,ERR,ERR,ERR,ERR,ERR,ERR,ERR,ERR,ERR,ERR,ERR,ERR,ERR,ERR,ERR,ERR,ERR,ERR,ERR,ERR,ERR,ERR,ERR,ERR,ERR,ERR,ERR,ERR,ERR,ERR,ERR,ERR,ERR,ERR,ERR,ERR,ERR,ERR,ERR,ERR,ERR,ERR,ERR,ERR,ERR,ERR,ERR,0.0,0.0,0.0,0.0,0.0,1.3936040501711995e+18,7.805,0.0,0,0,4,0,7116,0.0,100,0.0,0.0,0.0,0.0,0.0,0,0,0,0,0.0,0,0,0,0,0,0,0,0,0,0,0,0,0,0,0,0,0,0,0,0,0,0,0,0,0,0,0,0,0,0,0,0,0,31,40,40,71,65476,0,300,0,0,8,21553,0.0,-107605600.0,0.0,0.0,0.0,0.0,0.0,0.0,0.0,0.0,0.0,0.0,0.0,0.0,0.0,0.0,0.0,0.0,0.0,0.0,0.0,0.0,-0.0,2.004,2.004,-0.0,0.0,0.0,0.0,0.0,6369.0,2.004,6920.0,0.0,0.0,0.0,0.0,0.0,0.0,0.0,0.0,69,-89221.164,0.0,0.0,0.0,0.0,0.0,0.0,0.0,0.0,0,0,0,0.0,0.0,0.0,0.0,0.0,0.0,0.0,0.0,0.0,0.0,0.0,0.0,0.0,0.0,0.0,0.0,0,-107875648.0,69,0.0,138,0.0,-0.0,0,13107,17040,13107,17049,0,17043,0,0,0,70,68,100,2.7302359370752657e+23,71.1,0.0,74.2,2.7302370179391762e+23,74.0,1,49,50,180,0,52429,0,0,0.0,0.0,0.0,0.0,-0.0,67.0,0.0,162057.094,0.0,750,0,739,0,0,0,721,0,765,0,735,0,742,0,741,0,712,0,7520,0.032,79456894976.0,0.0,0.0,784,16797,-0.0,162057.094,-114818.039,-0.0,0.133,6.909358625270745e+28,30.0,65.0,35,0.0,0.0,0.0,0.0,0.0,0.0,0.0,0.0,0.0,0.0,0.0,0.0,0.0,0.0,0.0,0.0,69.2,0,150,71,54,65476,0,300,0,1,8,20529,65476,0,0,40632,65.0,0.0,0.0,0.0,0.0,0.0
2026-09-04T20:51:52,ERR,ERR,ERR,ERR,ERR,ERR,ERR,ERR,ERR,ERR,ERR,ERR,ERR,ERR,ERR,ERR,ERR,ERR,ERR,ERR,ERR,ERR,ERR,ERR,ERR,ERR,ERR,ERR,ERR,ERR,ERR,ERR,ERR,ERR,ERR,ERR,ERR,ERR,ERR,ERR,ERR,ERR,ERR,ERR,ERR,ERR,ERR,ERR,ERR,ERR,ERR,ERR,ERR,ERR,ERR,ERR,ERR,ERR,ERR,ERR,ERR,ERR,ERR,ERR,ERR,ERR,ERR,ERR,ERR,ERR,ERR,ERR,ERR,ERR,ERR,ERR,ERR,ERR,ERR,ERR,ERR,ERR,ERR,ERR,ERR,ERR,ERR,ERR,ERR,ERR,ERR,ERR,ERR,ERR,ERR,ERR,ERR,ERR,ERR,ERR,ERR,ERR,ERR,ERR,ERR,ERR,ERR,ERR,ERR,ERR,ERR,ERR,ERR,ERR,ERR,ERR,ERR,ERR,ERR,ERR,ERR,ERR,ERR,ERR,ERR,0.0,0.0,0.0,0.0,0.0,1.3936040501711995e+18,7.805,0.0,0,0,4,0,7116,0.0,100,0.0,0.0,0.0,0.0,0.0,0,0,0,0,0.0,0,0,0,0,0,0,0,0,0,0,0,0,0,0,0,0,0,0,0,0,0,0,0,0,0,0,0,0,0,0,0,0,0,31,40,40,71,65476,0,300,0,0,8,21553,0.0,-107605600.0,0.0,0.0,0.0,0.0,0.0,0.0,0.0,0.0,0.0,0.0,0.0,0.0,0.0,0.0,0.0,0.0,0.0,0.0,0.0,0.0,-0.0,2.004,2.004,-0.0,0.0,0.0,0.0,0.0,6369.0,2.004,6920.0,0.0,0.0,0.0,0.0,0.0,0.0,0.0,0.0,69,-89221.164,0.0,0.0,0.0,0.0,0.0,0.0,0.0,0.0,0,0,0,0.0,0.0,0.0,0.0,0.0,0.0,0.0,0.0,0.0,0.0,0.0,0.0,0.0,0.0,0.0,0.0,0,-107875648.0,69,0.0,138,0.0,-0.0,0,13107,17040,13107,17049,0,17043,0,0,0,70,68,100,2.7302359370752657e+23,71.1,0.0,74.2,2.7302370179391762e+23,74.0,1,49,50,180,0,52429,0,0,0.0,0.0,0.0,0.0,-0.0,67.0,0.0,162057.094,0.0,750,0,739,0,0,0,721,0,765,0,735,0,742,0,741,0,712,0,7520,0.032,79456894976.0,0.0,0.0,784,16797,-0.0,162057.094,-114818.039,-0.0,0.133,6.909358625270745e+28,30.0,65.0,35,0.0,0.0,0.0,0.0,0.0,0.0,0.0,0.0,0.0,0.0,0.0,0.0,0.0,0.0,0.0,0.0,69.2,0,150,71,54,65476,0,300,0,1,8,20529,65476,0,0,40632,65.0,0.0,0.0,0.0,0.0,0.0
2026-09-04T20:51:53,ERR,ERR,ERR,ERR,ERR,ERR,ERR,ERR,ERR,ERR,ERR,ERR,ERR,ERR,ERR,ERR,ERR,ERR,ERR,ERR,ERR,ERR,ERR,ERR,ERR,ERR,ERR,ERR,ERR,ERR,ERR,ERR,ERR,ERR,ERR,ERR,ERR,ERR,ERR,ERR,ERR,ERR,ERR,ERR,ERR,ERR,ERR,ERR,ERR,ERR,ERR,ERR,ERR,ERR,ERR,ERR,ERR,ERR,ERR,ERR,ERR,ERR,ERR,ERR,ERR,ERR,ERR,ERR,ERR,ERR,ERR,ERR,ERR,ERR,ERR,ERR,ERR,ERR,ERR,ERR,ERR,ERR,ERR,ERR,ERR,ERR,ERR,ERR,ERR,ERR,ERR,ERR,ERR,ERR,ERR,ERR,ERR,ERR,ERR,ERR,ERR,ERR,ERR,ERR,ERR,ERR,ERR,ERR,ERR,ERR,ERR,ERR,ERR,ERR,ERR,ERR,ERR,ERR,ERR,ERR,ERR,ERR,ERR,ERR,ERR,0.0,0.0,0.0,0.0,0.0,1.3936040501711995e+18,7.805,0.0,0,0,4,0,7116,0.0,100,0.0,0.0,0.0,0.0,0.0,0,0,0,0,0.0,0,0,0,0,0,0,0,0,0,0,0,0,0,0,0,0,0,0,0,0,0,0,0,0,0,0,0,0,0,0,0,0,0,31,40,40,71,65476,0,300,0,0,8,21553,0.0,-107605600.0,0.0,0.0,0.0,0.0,0.0,0.0,0.0,0.0,0.0,0.0,0.0,0.0,0.0,0.0,0.0,0.0,0.0,0.0,0.0,0.0,-0.0,2.004,2.004,-0.0,0.0,0.0,0.0,0.0,6369.0,2.004,6920.0,0.0,0.0,0.0,0.0,0.0,0.0,0.0,0.0,69,-89221.164,0.0,0.0,0.0,0.0,0.0,0.0,0.0,0.0,0,0,0,0.0,0.0,0.0,0.0,0.0,0.0,0.0,0.0,0.0,0.0,0.0,0.0,0.0,0.0,0.0,0.0,0,-107875648.0,69,0.0,138,0.0,-0.0,0,13107,17040,13107,17049,0,17043,0,0,0,70,68,100,2.7302359370752657e+23,71.1,0.0,74.2,2.7302370179391762e+23,74.0,1,49,50,180,0,52429,0,0,0.0,0.0,0.0,0.0,-0.0,67.0,0.0,162057.094,0.0,750,0,739,0,0,0,721,0,765,0,735,0,742,0,741,0,712,0,7520,0.032,79456894976.0,0.0,0.0,784,16797,-0.0,162057.094,-114818.039,-0.0,0.133,6.909358625270745e+28,30.0,65.0,35,0.0,0.0,0.0,0.0,0.0,0.0,0.0,0.0,0.0,0.0,0.0,0.0,0.0,0.0,0.0,0.0,69.2,0,150,71,54,65476,0,300,0,1,8,20529,65476,0,0,40632,65.0,0.0,0.0,0.0,0.0,0.0
2026-09-04T20:51:54,ERR,ERR,ERR,ERR,ERR,ERR,ERR,ERR,ERR,ERR,ERR,ERR,ERR,ERR,ERR,ERR,ERR,ERR,ERR,ERR,ERR,ERR,ERR,ERR,ERR,ERR,ERR,ERR,ERR,ERR,ERR,ERR,ERR,ERR,ERR,ERR,ERR,ERR,ERR,ERR,ERR,ERR,ERR,ERR,ERR,ERR,ERR,ERR,ERR,ERR,ERR,ERR,ERR,ERR,ERR,ERR,ERR,ERR,ERR,ERR,ERR,ERR,ERR,ERR,ERR,ERR,ERR,ERR,ERR,ERR,ERR,ERR,ERR,ERR,ERR,ERR,ERR,ERR,ERR,ERR,ERR,ERR,ERR,ERR,ERR,ERR,ERR,ERR,ERR,ERR,ERR,ERR,ERR,ERR,ERR,ERR,ERR,ERR,ERR,ERR,ERR,ERR,ERR,ERR,ERR,ERR,ERR,ERR,ERR,ERR,ERR,ERR,ERR,ERR,ERR,ERR,ERR,ERR,ERR,ERR,ERR,ERR,ERR,ERR,ERR,0.0,0.0,0.0,0.0,0.0,1.3936040501711995e+18,7.805,0.0,0,0,4,0,7116,0.0,100,0.0,0.0,0.0,0.0,0.0,0,0,0,0,0.0,0,0,0,0,0,0,0,0,0,0,0,0,0,0,0,0,0,0,0,0,0,0,0,0,0,0,0,0,0,0,0,0,0,31,40,40,71,65476,0,300,0,0,8,21553,0.0,-107605600.0,0.0,0.0,0.0,0.0,0.0,0.0,0.0,0.0,0.0,0.0,0.0,0.0,0.0,0.0,0.0,0.0,0.0,0.0,0.0,0.0,-0.0,2.004,2.004,-0.0,0.0,0.0,0.0,0.0,6369.0,2.004,6920.0,0.0,0.0,0.0,0.0,0.0,0.0,0.0,0.0,69,-89221.164,0.0,0.0,0.0,0.0,0.0,0.0,0.0,0.0,0,0,0,0.0,0.0,0.0,0.0,0.0,0.0,0.0,0.0,0.0,0.0,0.0,0.0,0.0,0.0,0.0,0.0,0,-107875648.0,69,0.0,138,0.0,-0.0,0,13107,17040,13107,17049,0,17043,0,0,0,70,68,100,2.7302359370752657e+23,71.1,0.0,74.2,2.7302370179391762e+23,74.0,1,49,50,180,0,52429,0,0,0.0,0.0,0.0,0.0,-0.0,67.0,0.0,162057.094,0.0,750,0,739,0,0,0,721,0,765,0,735,0,742,0,741,0,712,0,7520,0.032,79456894976.0,0.0,0.0,784,16797,-0.0,162057.094,-114818.039,-0.0,0.133,6.909358625270745e+28,30.0,65.0,35,0.0,0.0,0.0,0.0,0.0,0.0,0.0,0.0,0.0,0.0,0.0,0.0,0.0,0.0,0.0,0.0,69.2,0,150,71,54,65476,0,300,0,1,8,20529,65476,0,0,40632,65.0,0.0,0.0,0.0,0.0,0.0
2026-09-04T20:51:55,ERR,ERR,ERR,ERR,ERR,ERR,ERR,ERR,ERR,ERR,ERR,ERR,ERR,ERR,ERR,ERR,ERR,ERR,ERR,ERR,ERR,ERR,ERR,ERR,ERR,ERR,ERR,ERR,ERR,ERR,ERR,ERR,ERR,ERR,ERR,ERR,ERR,ERR,ERR,ERR,ERR,ERR,ERR,ERR,ERR,ERR,ERR,ERR,ERR,ERR,ERR,ERR,ERR,ERR,ERR,ERR,ERR,ERR,ERR,ERR,ERR,ERR,ERR,ERR,ERR,ERR,ERR,ERR,ERR,ERR,ERR,ERR,ERR,ERR,ERR,ERR,ERR,ERR,ERR,ERR,ERR,ERR,ERR,ERR,ERR,ERR,ERR,ERR,ERR,ERR,ERR,ERR,ERR,ERR,ERR,ERR,ERR,ERR,ERR,ERR,ERR,ERR,ERR,ERR,ERR,ERR,ERR,ERR,ERR,ERR,ERR,ERR,ERR,ERR,ERR,ERR,ERR,ERR,ERR,ERR,ERR,ERR,ERR,ERR,ERR,0.0,0.0,0.0,0.0,0.0,1.3936040501711995e+18,7.805,0.0,0,0,4,0,7116,0.0,100,0.0,0.0,0.0,0.0,0.0,0,0,0,0,0.0,0,0,0,0,0,0,0,0,0,0,0,0,0,0,0,0,0,0,0,0,0,0,0,0,0,0,0,0,0,0,0,0,0,31,40,40,71,65476,0,300,0,0,8,21553,0.0,-107605600.0,0.0,0.0,0.0,0.0,0.0,0.0,0.0,0.0,0.0,0.0,0.0,0.0,0.0,0.0,0.0,0.0,0.0,0.0,0.0,0.0,-0.0,2.004,2.004,-0.0,0.0,0.0,0.0,0.0,6369.0,2.004,6920.0,0.0,0.0,0.0,0.0,0.0,0.0,0.0,0.0,69,-89221.164,0.0,0.0,0.0,0.0,0.0,0.0,0.0,0.0,0,0,0,0.0,0.0,0.0,0.0,0.0,0.0,0.0,0.0,0.0,0.0,0.0,0.0,0.0,0.0,0.0,0.0,0,-107875648.0,69,0.0,138,0.0,-0.0,0,13107,17040,13107,17049,0,17043,0,0,0,70,68,100,2.7302359370752657e+23,71.1,0.0,74.2,2.7302370179391762e+23,74.0,1,49,50,180,0,52429,0,0,0.0,0.0,0.0,0.0,-0.0,67.0,0.0,162057.094,0.0,750,0,739,0,0,0,721,0,765,0,735,0,742,0,741,0,712,0,7520,0.032,79456894976.0,0.0,0.0,784,16797,-0.0,162057.094,-114818.039,-0.0,0.133,6.909358625270745e+28,30.0,65.0,35,0.0,0.0,0.0,0.0,0.0,0.0,0.0,0.0,0.0,0.0,0.0,0.0,0.0,0.0,0.0,0.0,69.2,0,150,71,54,65476,0,300,0,1,8,20529,65476,0,0,40632,65.0,0.0,0.0,0.0,0.0,0.0
2026-09-04T20:51:56,ERR,ERR,ERR,ERR,ERR,ERR,ERR,ERR,ERR,ERR,ERR,ERR,ERR,ERR,ERR,ERR,ERR,ERR,ERR,ERR,ERR,ERR,ERR,ERR,ERR,ERR,ERR,ERR,ERR,ERR,ERR,ERR,ERR,ERR,ERR,ERR,ERR,ERR,ERR,ERR,ERR,ERR,ERR,ERR,ERR,ERR,ERR,ERR,ERR,ERR,ERR,ERR,ERR,ERR,ERR,ERR,ERR,ERR,ERR,ERR,ERR,ERR,ERR,ERR,ERR,ERR,ERR,ERR,ERR,ERR,ERR,ERR,ERR,ERR,ERR,ERR,ERR,ERR,ERR,ERR,ERR,ERR,ERR,ERR,ERR,ERR,ERR,ERR,ERR,ERR,ERR,ERR,ERR,ERR,ERR,ERR,ERR,ERR,ERR,ERR,ERR,ERR,ERR,ERR,ERR,ERR,ERR,ERR,ERR,ERR,ERR,ERR,ERR,ERR,ERR,ERR,ERR,ERR,ERR,ERR,ERR,ERR,ERR,ERR,ERR,0.0,0.0,0.0,0.0,0.0,1.3936040501711995e+18,7.805,0.0,0,0,4,0,7116,0.0,100,0.0,0.0,0.0,0.0,0.0,0,0,0,0,0.0,0,0,0,0,0,0,0,0,0,0,0,0,0,0,0,0,0,0,0,0,0,0,0,0,0,0,0,0,0,0,0,0,0,31,40,40,71,65476,0,300,0,0,8,21553,0.0,-107605600.0,0.0,0.0,0.0,0.0,0.0,0.0,0.0,0.0,0.0,0.0,0.0,0.0,0.0,0.0,0.0,0.0,0.0,0.0,0.0,0.0,-0.0,2.004,2.004,-0.0,0.0,0.0,0.0,0.0,6369.0,2.004,6920.0,0.0,0.0,0.0,0.0,0.0,0.0,0.0,0.0,69,-89221.164,0.0,0.0,0.0,0.0,0.0,0.0,0.0,0.0,0,0,0,0.0,0.0,0.0,0.0,0.0,0.0,0.0,0.0,0.0,0.0,0.0,0.0,0.0,0.0,0.0,0.0,0,-107875648.0,69,0.0,138,0.0,-0.0,0,13107,17040,13107,17049,0,17043,0,0,0,70,68,100,2.7302359370752657e+23,71.1,0.0,74.2,2.7302370179391762e+23,74.0,1,49,50,180,0,52429,0,0,0.0,0.0,0.0,0.0,-0.0,67.0,0.0,162057.094,0.0,750,0,739,0,0,0,721,0,766,0,735,0,742,0,741,0,712,0,7520,0.032,79456894976.0,0.0,0.0,784,16797,-0.0,162057.094,-114818.039,-0.0,0.133,6.909358625270745e+28,30.0,65.0,35,0.0,0.0,0.0,0.0,0.0,0.0,0.0,0.0,0.0,0.0,0.0,0.0,0.0,0.0,0.0,0.0,69.2,0,150,71,54,65476,0,300,0,1,8,20529,65476,0,0,40632,65.0,0.0,0.0,0.0,0.0,0.0
2026-09-04T20:51:57,ERR,ERR,ERR,ERR,ERR,ERR,ERR,ERR,ERR,ERR,ERR,ERR,ERR,ERR,ERR,ERR,ERR,ERR,ERR,ERR,ERR,ERR,ERR,ERR,ERR,ERR,ERR,ERR,ERR,ERR,ERR,ERR,ERR,ERR,ERR,ERR,ERR,ERR,ERR,ERR,ERR,ERR,ERR,ERR,ERR,ERR,ERR,ERR,ERR,ERR,ERR,ERR,ERR,ERR,ERR,ERR,ERR,ERR,ERR,ERR,ERR,ERR,ERR,ERR,ERR,ERR,ERR,ERR,ERR,ERR,ERR,ERR,ERR,ERR,ERR,ERR,ERR,ERR,ERR,ERR,ERR,ERR,ERR,ERR,ERR,ERR,ERR,ERR,ERR,ERR,ERR,ERR,ERR,ERR,ERR,ERR,ERR,ERR,ERR,ERR,ERR,ERR,ERR,ERR,ERR,ERR,ERR,ERR,ERR,ERR,ERR,ERR,ERR,ERR,ERR,ERR,ERR,ERR,ERR,ERR,ERR,ERR,ERR,ERR,ERR,0.0,0.0,0.0,0.0,0.0,1.3936040501711995e+18,7.805,0.0,0,0,4,0,7116,0.0,100,0.0,0.0,0.0,0.0,0.0,0,0,0,0,0.0,0,0,0,0,0,0,0,0,0,0,0,0,0,0,0,0,0,0,0,0,0,0,0,0,0,0,0,0,0,0,0,0,0,31,40,40,71,65476,0,300,0,0,8,21553,0.0,-107605600.0,0.0,0.0,0.0,0.0,0.0,0.0,0.0,0.0,0.0,0.0,0.0,0.0,0.0,0.0,0.0,0.0,0.0,0.0,0.0,0.0,-0.0,2.004,2.004,-0.0,0.0,0.0,0.0,0.0,6369.0,2.004,6920.0,0.0,0.0,0.0,0.0,0.0,0.0,0.0,0.0,69,-89221.164,0.0,0.0,0.0,0.0,0.0,0.0,0.0,0.0,0,0,0,0.0,0.0,0.0,0.0,0.0,0.0,0.0,0.0,0.0,0.0,0.0,0.0,0.0,0.0,0.0,0.0,0,-107875648.0,69,0.0,138,0.0,-0.0,0,13107,17040,13107,17049,0,17043,0,0,0,70,68,100,2.7302359370752657e+23,71.1,0.0,74.2,2.7302370179391762e+23,74.0,1,49,50,180,0,52429,0,0,0.0,0.0,0.0,0.0,-0.0,67.0,0.0,162057.094,0.0,750,0,739,0,0,0,721,0,766,0,735,0,742,0,741,0,712,0,7520,0.032,79456894976.0,0.0,0.0,784,16797,-0.0,162057.094,-114818.039,-0.0,0.133,6.909358625270745e+28,30.0,65.0,35,0.0,0.0,0.0,0.0,0.0,0.0,0.0,0.0,0.0,0.0,0.0,0.0,0.0,0.0,0.0,0.0,69.2,0,150,71,54,65476,0,300,0,1,8,20529,65476,0,0,40632,65.0,0.0,0.0,0.0,0.0,0.0
2026-09-04T20:51:58,ERR,ERR,ERR,ERR,ERR,ERR,ERR,ERR,ERR,ERR,ERR,ERR,ERR,ERR,ERR,ERR,ERR,ERR,ERR,ERR,ERR,ERR,ERR,ERR,ERR,ERR,ERR,ERR,ERR,ERR,ERR,ERR,ERR,ERR,ERR,ERR,ERR,ERR,ERR,ERR,ERR,ERR,ERR,ERR,ERR,ERR,ERR,ERR,ERR,ERR,ERR,ERR,ERR,ERR,ERR,ERR,ERR,ERR,ERR,ERR,ERR,ERR,ERR,ERR,ERR,ERR,ERR,ERR,ERR,ERR,ERR,ERR,ERR,ERR,ERR,ERR,ERR,ERR,ERR,ERR,ERR,ERR,ERR,ERR,ERR,ERR,ERR,ERR,ERR,ERR,ERR,ERR,ERR,ERR,ERR,ERR,ERR,ERR,ERR,ERR,ERR,ERR,ERR,ERR,ERR,ERR,ERR,ERR,ERR,ERR,ERR,ERR,ERR,ERR,ERR,ERR,ERR,ERR,ERR,ERR,ERR,ERR,ERR,ERR,ERR,0.0,0.0,0.0,0.0,0.0,1.3936040501711995e+18,7.805,0.0,0,0,4,0,7116,0.0,100,0.0,0.0,0.0,0.0,0.0,0,0,0,0,0.0,0,0,0,0,0,0,0,0,0,0,0,0,0,0,0,0,0,0,0,0,0,0,0,0,0,0,0,0,0,0,0,0,0,31,40,40,71,65476,0,300,0,0,8,21553,0.0,-107605600.0,0.0,0.0,0.0,0.0,0.0,0.0,0.0,0.0,0.0,0.0,0.0,0.0,0.0,0.0,0.0,0.0,0.0,0.0,0.0,0.0,-0.0,2.004,2.004,-0.0,0.0,0.0,0.0,0.0,6371.0,-0.0,6929.0,0.0,0.0,0.0,0.0,0.0,0.0,0.0,0.0,69,-0.059,-0.0,0.0,0.0,0.0,0.0,0.0,0.0,0.0,0,0,0,0.0,0.0,0.0,0.0,0.0,0.0,0.0,0.0,0.0,0.0,0.0,0.0,0.0,0.0,0.0,0.0,0,-107875648.0,69,0.0,138,0.0,-0.0,0,13107,17040,13107,17049,0,17043,0,0,0,70,68,100,2.7302359370752657e+23,71.1,0.0,74.2,2.7302370179391762e+23,74.0,1,49,50,180,0,52429,0,0,0.0,0.0,0.0,0.0,-0.0,67.0,0.0,162057.094,0.0,750,0,739,0,0,0,721,0,766,0,735,0,742,0,741,0,712,0,7520,0.032,79456894976.0,0.0,0.0,784,16797,-0.0,162057.094,-114818.039,-0.0,0.133,6.909358625270745e+28,30.0,65.0,35,0.0,0.0,0.0,0.0,0.0,0.0,0.0,0.0,0.0,0.0,0.0,0.0,0.0,0.0,0.0,0.0,69.2,0,150,71,54,65476,0,300,0,1,8,20529,65476,0,0,40632,65.0,0.0,0.0,0.0,0.0,0.0
2026-09-04T20:51:59,ERR,ERR,ERR,ERR,ERR,ERR,ERR,ERR,ERR,ERR,ERR,ERR,ERR,ERR,ERR,ERR,ERR,ERR,ERR,ERR,ERR,ERR,ERR,ERR,ERR,ERR,ERR,ERR,ERR,ERR,ERR,ERR,ERR,ERR,ERR,ERR,ERR,ERR,ERR,ERR,ERR,ERR,ERR,ERR,ERR,ERR,ERR,ERR,ERR,ERR,ERR,ERR,ERR,ERR,ERR,ERR,ERR,ERR,ERR,ERR,ERR,ERR,ERR,ERR,ERR,ERR,ERR,ERR,ERR,ERR,ERR,ERR,ERR,ERR,ERR,ERR,ERR,ERR,ERR,ERR,ERR,ERR,ERR,ERR,ERR,ERR,ERR,ERR,ERR,ERR,ERR,ERR,ERR,ERR,ERR,ERR,ERR,ERR,ERR,ERR,ERR,ERR,ERR,ERR,ERR,ERR,ERR,ERR,ERR,ERR,ERR,ERR,ERR,ERR,ERR,ERR,ERR,ERR,ERR,ERR,ERR,ERR,ERR,ERR,ERR,0.0,0.0,0.0,0.0,0.0,1.3936040501711995e+18,7.805,0.0,0,0,4,0,7116,0.0,100,0.0,0.0,0.0,0.0,0.0,0,0,0,0,0.0,0,0,0,0,0,0,0,0,0,0,0,0,0,0,0,0,0,0,0,0,0,0,0,0,0,0,0,0,0,0,0,0,0,31,40,40,71,65476,0,300,0,0,8,21553,0.0,-107605600.0,0.0,0.0,0.0,0.0,0.0,0.0,0.0,0.0,0.0,0.0,0.0,0.0,0.0,0.0,0.0,0.0,0.0,0.0,0.0,0.0,-0.0,2.004,2.004,-0.0,0.0,0.0,0.0,0.0,6371.0,-0.0,6929.0,0.0,0.0,0.0,0.0,0.0,0.0,0.0,0.0,69,-0.059,-0.0,0.0,0.0,0.0,0.0,0.0,0.0,0.0,0,0,0,0.0,0.0,0.0,0.0,0.0,0.0,0.0,0.0,0.0,0.0,0.0,0.0,0.0,0.0,0.0,0.0,0,-107875648.0,69,0.0,138,0.0,-0.0,0,13107,17040,13107,17049,0,17043,0,0,0,70,68,100,2.7302359370752657e+23,71.1,0.0,74.2,2.7302370179391762e+23,74.0,1,49,50,180,0,52429,0,0,0.0,0.0,0.0,0.0,-0.0,67.0,0.0,162057.094,0.0,750,0,739,0,0,0,721,0,766,0,735,0,742,0,741,0,712,0,7520,0.032,79456894976.0,0.0,0.0,784,16797,-0.0,162057.094,-114818.039,-0.0,0.133,6.909358625270745e+28,30.0,65.0,35,0.0,0.0,0.0,0.0,0.0,0.0,0.0,0.0,0.0,0.0,0.0,0.0,0.0,0.0,0.0,0.0,69.2,0,150,71,54,65476,0,300,0,1,8,20529,65476,0,0,40632,65.0,0.0,0.0,0.0,0.0,0.0
2026-09-04T20:52:00,ERR,ERR,ERR,ERR,ERR,ERR,ERR,ERR,ERR,ERR,ERR,ERR,ERR,ERR,ERR,ERR,ERR,ERR,ERR,ERR,ERR,ERR,ERR,ERR,ERR,ERR,ERR,ERR,ERR,ERR,ERR,ERR,ERR,ERR,ERR,ERR,ERR,ERR,ERR,ERR,ERR,ERR,ERR,ERR,ERR,ERR,ERR,ERR,ERR,ERR,ERR,ERR,ERR,ERR,ERR,ERR,ERR,ERR,ERR,ERR,ERR,ERR,ERR,ERR,ERR,ERR,ERR,ERR,ERR,ERR,ERR,ERR,ERR,ERR,ERR,ERR,ERR,ERR,ERR,ERR,ERR,ERR,ERR,ERR,ERR,ERR,ERR,ERR,ERR,ERR,ERR,ERR,ERR,ERR,ERR,ERR,ERR,ERR,ERR,ERR,ERR,ERR,ERR,ERR,ERR,ERR,ERR,ERR,ERR,ERR,ERR,ERR,ERR,ERR,ERR,ERR,ERR,ERR,ERR,ERR,ERR,ERR,ERR,ERR,ERR,0.0,0.0,0.0,0.0,0.0,1.3936040501711995e+18,7.805,0.0,0,0,4,0,7116,0.0,100,0.0,0.0,0.0,0.0,0.0,0,0,0,0,0.0,0,0,0,0,0,0,0,0,0,0,0,0,0,0,0,0,0,0,0,0,0,0,0,0,0,0,0,0,0,0,0,0,0,31,40,40,71,65476,0,300,0,0,8,21553,0.0,-107605600.0,0.0,0.0,0.0,0.0,0.0,0.0,0.0,0.0,0.0,0.0,0.0,0.0,0.0,0.0,0.0,0.0,0.0,0.0,0.0,0.0,-0.0,2.004,2.004,-0.0,0.0,0.0,0.0,0.0,6371.0,-0.0,6929.0,0.0,0.0,0.0,0.0,0.0,0.0,0.0,0.0,69,-0.059,-0.0,0.0,0.0,0.0,0.0,0.0,0.0,0.0,0,0,0,0.0,0.0,0.0,0.0,0.0,0.0,0.0,0.0,0.0,0.0,0.0,0.0,0.0,0.0,0.0,0.0,0,-107875648.0,69,0.0,138,0.0,-0.0,0,13107,17040,13107,17049,0,17043,0,0,0,70,68,100,2.7302359370752657e+23,71.1,0.0,74.2,2.7302370179391762e+23,74.0,1,49,50,180,0,52429,0,0,0.0,0.0,0.0,0.0,-0.0,67.0,0.0,162057.094,0.0,750,0,739,0,0,0,721,0,766,0,735,0,742,0,741,0,712,0,7520,0.032,79456894976.0,0.0,0.0,784,16797,-0.0,162057.094,-114818.039,-0.0,0.133,6.909358625270745e+28,30.0,65.0,35,0.0,0.0,0.0,0.0,0.0,0.0,0.0,0.0,0.0,0.0,0.0,0.0,0.0,0.0,0.0,0.0,69.2,0,150,71,54,65476,0,300,0,1,8,20529,65476,0,0,40632,65.0,0.0,0.0,0.0,0.0,0.0
2026-09-04T20:52:01,ERR,ERR,ERR,ERR,ERR,ERR,ERR,ERR,ERR,ERR,ERR,ERR,ERR,ERR,ERR,ERR,ERR,ERR,ERR,ERR,ERR,ERR,ERR,ERR,ERR,ERR,ERR,ERR,ERR,ERR,ERR,ERR,ERR,ERR,ERR,ERR,ERR,ERR,ERR,ERR,ERR,ERR,ERR,ERR,ERR,ERR,ERR,ERR,ERR,ERR,ERR,ERR,ERR,ERR,ERR,ERR,ERR,ERR,ERR,ERR,ERR,ERR,ERR,ERR,ERR,ERR,ERR,ERR,ERR,ERR,ERR,ERR,ERR,ERR,ERR,ERR,ERR,ERR,ERR,ERR,ERR,ERR,ERR,ERR,ERR,ERR,ERR,ERR,ERR,ERR,ERR,ERR,ERR,ERR,ERR,ERR,ERR,ERR,ERR,ERR,ERR,ERR,ERR,ERR,ERR,ERR,ERR,ERR,ERR,ERR,ERR,ERR,ERR,ERR,ERR,ERR,ERR,ERR,ERR,ERR,ERR,ERR,ERR,ERR,ERR,0.0,0.0,0.0,0.0,0.0,1.3936040501711995e+18,7.805,0.0,0,0,4,0,7116,0.0,100,0.0,0.0,0.0,0.0,0.0,0,0,0,0,0.0,0,0,0,0,0,0,0,0,0,0,0,0,0,0,0,0,0,0,0,0,0,0,0,0,0,0,0,0,0,0,0,0,0,31,40,40,71,65476,0,300,0,0,8,21553,0.0,-107605600.0,0.0,0.0,0.0,0.0,0.0,0.0,0.0,0.0,0.0,0.0,0.0,0.0,0.0,0.0,0.0,0.0,0.0,0.0,0.0,0.0,-0.0,2.004,2.004,-0.0,0.0,0.0,0.0,0.0,6371.0,-0.0,6929.0,0.0,0.0,0.0,0.0,0.0,0.0,0.0,0.0,69,-0.059,-0.0,0.0,0.0,0.0,0.0,0.0,0.0,0.0,0,0,0,0.0,0.0,0.0,0.0,0.0,0.0,0.0,0.0,0.0,0.0,0.0,0.0,0.0,0.0,0.0,0.0,0,-107875648.0,69,0.0,138,0.0,-0.0,0,13107,17040,13107,17049,0,17043,0,0,0,70,68,100,2.7302359370752657e+23,71.1,0.0,74.2,2.7302370179391762e+23,74.0,1,49,50,180,0,52429,0,0,0.0,0.0,0.0,0.0,-0.0,67.0,0.0,162057.094,0.0,750,0,739,0,0,0,721,0,766,0,735,0,742,0,741,0,712,0,7520,0.032,79456894976.0,0.0,0.0,784,16797,-0.0,162057.094,-114818.039,-0.0,0.133,6.909358625270745e+28,30.0,65.0,35,0.0,0.0,0.0,0.0,0.0,0.0,0.0,0.0,0.0,0.0,0.0,0.0,0.0,0.0,0.0,0.0,69.2,0,150,71,54,65476,0,300,0,1,8,20529,65476,0,0,40632,65.0,0.0,0.0,0.0,0.0,0.0
2026-09-04T20:52:02,ERR,ERR,ERR,ERR,ERR,ERR,ERR,ERR,ERR,ERR,ERR,ERR,ERR,ERR,ERR,ERR,ERR,ERR,ERR,ERR,ERR,ERR,ERR,ERR,ERR,ERR,ERR,ERR,ERR,ERR,ERR,ERR,ERR,ERR,ERR,ERR,ERR,ERR,ERR,ERR,ERR,ERR,ERR,ERR,ERR,ERR,ERR,ERR,ERR,ERR,ERR,ERR,ERR,ERR,ERR,ERR,ERR,ERR,ERR,ERR,ERR,ERR,ERR,ERR,ERR,ERR,ERR,ERR,ERR,ERR,ERR,ERR,ERR,ERR,ERR,ERR,ERR,ERR,ERR,ERR,ERR,ERR,ERR,ERR,ERR,ERR,ERR,ERR,ERR,ERR,ERR,ERR,ERR,ERR,ERR,ERR,ERR,ERR,ERR,ERR,ERR,ERR,ERR,ERR,ERR,ERR,ERR,ERR,ERR,ERR,ERR,ERR,ERR,ERR,ERR,ERR,ERR,ERR,ERR,ERR,ERR,ERR,ERR,ERR,ERR,0.0,0.0,0.0,0.0,0.0,1.3936040501711995e+18,7.805,0.0,0,0,4,0,7116,0.0,100,0.0,0.0,0.0,0.0,0.0,0,0,0,0,0.0,0,0,0,0,0,0,0,0,0,0,0,0,0,0,0,0,0,0,0,0,0,0,0,0,0,0,0,0,0,0,0,0,0,31,40,40,71,65476,0,300,0,0,8,21553,0.0,-107605600.0,0.0,0.0,0.0,0.0,0.0,0.0,0.0,0.0,0.0,0.0,0.0,0.0,0.0,0.0,0.0,0.0,0.0,0.0,0.0,0.0,-0.0,2.004,2.004,-0.0,0.0,0.0,0.0,0.0,6371.0,-0.0,6929.0,0.0,0.0,0.0,0.0,0.0,0.0,0.0,0.0,69,-0.059,-0.0,0.0,0.0,0.0,0.0,0.0,0.0,0.0,0,0,0,0.0,0.0,0.0,0.0,0.0,0.0,0.0,0.0,0.0,0.0,0.0,0.0,0.0,0.0,0.0,0.0,0,-107875648.0,69,0.0,138,0.0,-0.0,0,13107,17040,0,17049,0,17043,0,0,0,70,68,100,2.7302359370752657e+23,71.1,0.0,74.2,2.7302370179391762e+23,74.0,1,49,50,180,0,52429,0,0,0.0,0.0,0.0,0.0,-0.0,67.0,0.0,162057.094,0.0,750,0,739,0,0,0,721,0,765,0,735,0,742,0,741,0,712,0,7520,0.032,79456894976.0,0.0,0.0,784,16797,-0.0,162057.094,-114818.039,-0.0,0.133,6.909358625270745e+28,30.0,65.0,35,0.0,0.0,0.0,0.0,0.0,0.0,0.0,0.0,0.0,0.0,0.0,0.0,0.0,0.0,0.0,0.0,69.2,0,150,71,54,65476,0,300,0,1,8,20529,65476,0,0,40632,65.0,0.0,0.0,0.0,0.0,0.0
2026-09-04T20:52:03,ERR,ERR,ERR,ERR,ERR,ERR,ERR,ERR,ERR,ERR,ERR,ERR,ERR,ERR,ERR,ERR,ERR,ERR,ERR,ERR,ERR,ERR,ERR,ERR,ERR,ERR,ERR,ERR,ERR,ERR,ERR,ERR,ERR,ERR,ERR,ERR,ERR,ERR,ERR,ERR,ERR,ERR,ERR,ERR,ERR,ERR,ERR,ERR,ERR,ERR,ERR,ERR,ERR,ERR,ERR,ERR,ERR,ERR,ERR,ERR,ERR,ERR,ERR,ERR,ERR,ERR,ERR,ERR,ERR,ERR,ERR,ERR,ERR,ERR,ERR,ERR,ERR,ERR,ERR,ERR,ERR,ERR,ERR,ERR,ERR,ERR,ERR,ERR,ERR,ERR,ERR,ERR,ERR,ERR,ERR,ERR,ERR,ERR,ERR,ERR,ERR,ERR,ERR,ERR,ERR,ERR,ERR,ERR,ERR,ERR,ERR,ERR,ERR,ERR,ERR,ERR,ERR,ERR,ERR,ERR,ERR,ERR,ERR,ERR,ERR,0.0,0.0,0.0,0.0,0.0,1.3936040501711995e+18,7.805,0.0,0,0,4,0,7116,0.0,100,0.0,0.0,0.0,0.0,0.0,0,0,0,0,0.0,0,0,0,0,0,0,0,0,0,0,0,0,0,0,0,0,0,0,0,0,0,0,0,0,0,0,0,0,0,0,0,0,0,31,40,40,71,65476,0,300,0,0,8,21553,0.0,-107605600.0,0.0,0.0,0.0,0.0,0.0,0.0,0.0,0.0,0.0,0.0,0.0,0.0,0.0,0.0,0.0,0.0,0.0,0.0,0.0,0.0,-0.0,2.004,2.004,-0.0,0.0,0.0,0.0,0.0,6371.0,-0.0,6929.0,0.0,0.0,0.0,0.0,0.0,0.0,0.0,0.0,69,-0.059,-0.0,0.0,0.0,0.0,0.0,0.0,0.0,0.0,0,0,0,0.0,0.0,0.0,0.0,0.0,0.0,0.0,0.0,0.0,0.0,0.0,0.0,0.0,0.0,0.0,0.0,0,-107875648.0,69,0.0,138,0.0,-0.0,0,13107,17040,0,17049,0,17043,0,0,0,70,68,100,2.7302359370752657e+23,71.1,0.0,74.2,2.7302370179391762e+23,74.0,1,49,50,180,0,52429,0,0,0.0,0.0,0.0,0.0,-0.0,67.0,0.0,162057.094,0.0,750,0,739,0,0,0,721,0,765,0,735,0,742,0,741,0,712,0,7520,0.032,79456894976.0,0.0,0.0,784,16797,-0.0,162057.094,-114818.039,-0.0,0.133,6.909358625270745e+28,30.0,65.0,35,0.0,0.0,0.0,0.0,0.0,0.0,0.0,0.0,0.0,0.0,0.0,0.0,0.0,0.0,0.0,0.0,69.2,0,150,71,54,65476,0,300,0,1,8,20529,65476,0,0,40632,65.0,0.0,0.0,0.0,0.0,0.0
2026-09-04T20:52:04,ERR,ERR,ERR,ERR,ERR,ERR,ERR,ERR,ERR,ERR,ERR,ERR,ERR,ERR,ERR,ERR,ERR,ERR,ERR,ERR,ERR,ERR,ERR,ERR,ERR,ERR,ERR,ERR,ERR,ERR,ERR,ERR,ERR,ERR,ERR,ERR,ERR,ERR,ERR,ERR,ERR,ERR,ERR,ERR,ERR,ERR,ERR,ERR,ERR,ERR,ERR,ERR,ERR,ERR,ERR,ERR,ERR,ERR,ERR,ERR,ERR,ERR,ERR,ERR,ERR,ERR,ERR,ERR,ERR,ERR,ERR,ERR,ERR,ERR,ERR,ERR,ERR,ERR,ERR,ERR,ERR,ERR,ERR,ERR,ERR,ERR,ERR,ERR,ERR,ERR,ERR,ERR,ERR,ERR,ERR,ERR,ERR,ERR,ERR,ERR,ERR,ERR,ERR,ERR,ERR,ERR,ERR,ERR,ERR,ERR,ERR,ERR,ERR,ERR,ERR,ERR,ERR,ERR,ERR,ERR,ERR,ERR,ERR,ERR,ERR,0.0,0.0,0.0,0.0,0.0,1.3936040501711995e+18,7.805,0.0,0,0,4,0,7116,0.0,100,0.0,0.0,0.0,0.0,0.0,0,0,0,0,0.0,0,0,0,0,0,0,0,0,0,0,0,0,0,0,0,0,0,0,0,0,0,0,0,0,0,0,0,0,0,0,0,0,0,31,40,40,71,65476,0,300,0,0,8,21553,0.0,-107605600.0,0.0,0.0,0.0,0.0,0.0,0.0,0.0,0.0,0.0,0.0,0.0,0.0,0.0,0.0,0.0,0.0,0.0,0.0,0.0,0.0,-0.0,2.004,2.004,-0.0,0.0,0.0,0.0,0.0,6424.0,131351.125,6921.0,0.0,0.0,0.0,0.0,0.0,0.0,0.0,0.0,69,-0.0,0.0,0.0,0.0,0.0,0.0,0.0,0.0,0.0,0,0,0,0.0,0.0,0.0,0.0,0.0,0.0,0.0,0.0,0.0,0.0,0.0,0.0,0.0,0.0,0.0,0.0,0,-107875648.0,69,0.0,138,0.0,-0.0,0,13107,17040,0,17049,0,17043,0,0,0,70,68,100,2.7302359370752657e+23,71.1,0.0,74.2,2.7302370179391762e+23,74.0,1,49,50,180,0,52429,0,0,0.0,0.0,0.0,0.0,-0.0,67.0,0.0,162057.094,0.0,750,0,739,0,0,0,721,0,765,0,735,0,742,0,741,0,712,0,7520,0.032,79456894976.0,0.0,0.0,784,16797,-0.0,162057.094,-114818.039,-0.0,0.133,6.909358625270745e+28,30.0,65.0,35,0.0,0.0,0.0,0.0,0.0,0.0,0.0,0.0,0.0,0.0,0.0,0.0,0.0,0.0,0.0,0.0,69.2,0,150,71,54,65476,0,300,0,1,8,20529,65476,0,0,40632,65.0,0.0,0.0,0.0,0.0,0.0
2026-09-04T20:52:05,ERR,ERR,ERR,ERR,ERR,ERR,ERR,ERR,ERR,ERR,ERR,ERR,ERR,ERR,ERR,ERR,ERR,ERR,ERR,ERR,ERR,ERR,ERR,ERR,ERR,ERR,ERR,ERR,ERR,ERR,ERR,ERR,ERR,ERR,ERR,ERR,ERR,ERR,ERR,ERR,ERR,ERR,ERR,ERR,ERR,ERR,ERR,ERR,ERR,ERR,ERR,ERR,ERR,ERR,ERR,ERR,ERR,ERR,ERR,ERR,ERR,ERR,ERR,ERR,ERR,ERR,ERR,ERR,ERR,ERR,ERR,ERR,ERR,ERR,ERR,ERR,ERR,ERR,ERR,ERR,ERR,ERR,ERR,ERR,ERR,ERR,ERR,ERR,ERR,ERR,ERR,ERR,ERR,ERR,ERR,ERR,ERR,ERR,ERR,ERR,ERR,ERR,ERR,ERR,ERR,ERR,ERR,ERR,ERR,ERR,ERR,ERR,ERR,ERR,ERR,ERR,ERR,ERR,ERR,ERR,ERR,ERR,ERR,ERR,ERR,0.0,0.0,0.0,0.0,0.0,1.3936040501711995e+18,7.805,0.0,0,0,4,0,7116,0.0,100,0.0,0.0,0.0,0.0,0.0,0,0,0,0,0.0,0,0,0,0,0,0,0,0,0,0,0,0,0,0,0,0,0,0,0,0,0,0,0,0,0,0,0,0,0,0,0,0,0,31,40,40,71,65476,0,300,0,0,8,21553,0.0,-107605600.0,0.0,0.0,0.0,0.0,0.0,0.0,0.0,0.0,0.0,0.0,0.0,0.0,0.0,0.0,0.0,0.0,0.0,0.0,0.0,0.0,-0.0,2.004,2.004,-0.0,0.0,0.0,0.0,0.0,6424.0,131351.125,6921.0,0.0,0.0,0.0,0.0,0.0,0.0,0.0,0.0,69,-0.0,0.0,0.0,0.0,0.0,0.0,0.0,0.0,0.0,0,0,0,0.0,0.0,0.0,0.0,0.0,0.0,0.0,0.0,0.0,0.0,0.0,0.0,0.0,0.0,0.0,0.0,0,-107875648.0,69,0.0,138,0.0,-0.0,0,13107,17040,0,17049,0,17043,0,0,0,70,68,100,2.7302359370752657e+23,71.1,0.0,74.2,2.7302370179391762e+23,74.0,1,49,50,180,0,52429,0,0,0.0,0.0,0.0,0.0,-0.0,67.0,0.0,162057.094,0.0,750,0,739,0,0,0,721,0,765,0,735,0,742,0,741,0,712,0,7520,0.032,79456894976.0,0.0,0.0,784,16797,-0.0,162057.094,-114818.039,-0.0,0.133,6.909358625270745e+28,30.0,65.0,35,0.0,0.0,0.0,0.0,0.0,0.0,0.0,0.0,0.0,0.0,0.0,0.0,0.0,0.0,0.0,0.0,69.2,0,150,71,54,65476,0,300,0,1,8,20529,65476,0,0,40632,65.0,0.0,0.0,0.0,0.0,0.0
2026-09-04T20:52:06,ERR,ERR,ERR,ERR,ERR,ERR,ERR,ERR,ERR,ERR,ERR,ERR,ERR,ERR,ERR,ERR,ERR,ERR,ERR,ERR,ERR,ERR,ERR,ERR,ERR,ERR,ERR,ERR,ERR,ERR,ERR,ERR,ERR,ERR,ERR,ERR,ERR,ERR,ERR,ERR,ERR,ERR,ERR,ERR,ERR,ERR,ERR,ERR,ERR,ERR,ERR,ERR,ERR,ERR,ERR,ERR,ERR,ERR,ERR,ERR,ERR,ERR,ERR,ERR,ERR,ERR,ERR,ERR,ERR,ERR,ERR,ERR,ERR,ERR,ERR,ERR,ERR,ERR,ERR,ERR,ERR,ERR,ERR,ERR,ERR,ERR,ERR,ERR,ERR,ERR,ERR,ERR,ERR,ERR,ERR,ERR,ERR,ERR,ERR,ERR,ERR,ERR,ERR,ERR,ERR,ERR,ERR,ERR,ERR,ERR,ERR,ERR,ERR,ERR,ERR,ERR,ERR,ERR,ERR,ERR,ERR,ERR,ERR,ERR,ERR,0.0,0.0,0.0,0.0,0.0,1.3936040501711995e+18,7.805,0.0,0,0,4,0,7116,0.0,100,0.0,0.0,0.0,0.0,0.0,0,0,0,0,0.0,0,0,0,0,0,0,0,0,0,0,0,0,0,0,0,0,0,0,0,0,0,0,0,0,0,0,0,0,0,0,0,0,0,31,40,40,71,65476,0,300,0,0,8,21553,0.0,-107605600.0,0.0,0.0,0.0,0.0,0.0,0.0,0.0,0.0,0.0,0.0,0.0,0.0,0.0,0.0,0.0,0.0,0.0,0.0,0.0,0.0,-0.0,2.004,2.004,-0.0,0.0,0.0,0.0,0.0,6424.0,131351.125,6921.0,0.0,0.0,0.0,0.0,0.0,0.0,0.0,0.0,69,-0.0,0.0,0.0,0.0,0.0,0.0,0.0,0.0,0.0,0,0,0,0.0,0.0,0.0,0.0,0.0,0.0,0.0,0.0,0.0,0.0,0.0,0.0,0.0,0.0,0.0,0.0,0,-107875648.0,69,0.0,138,0.0,-0.0,0,13107,17040,13107,17049,0,17043,0,0,0,70,68,100,2.7302359370752657e+23,71.1,0.0,74.2,2.7302370179391762e+23,74.0,1,49,50,180,0,52429,0,0,0.0,0.0,0.0,0.0,-0.0,67.0,0.0,162057.094,0.0,750,0,739,0,0,0,721,0,766,0,735,0,742,0,741,0,712,0,7520,0.032,79456894976.0,0.0,0.0,784,16797,-0.0,162057.094,-114818.039,-0.0,0.133,6.909358625270745e+28,30.0,65.0,35,0.0,0.0,0.0,0.0,0.0,0.0,0.0,0.0,0.0,0.0,0.0,0.0,0.0,0.0,0.0,0.0,69.2,0,150,71,54,65476,0,300,0,1,8,20529,65476,0,0,40632,65.0,0.0,0.0,0.0,0.0,0.0
2026-09-04T20:52:07,ERR,ERR,ERR,ERR,ERR,ERR,ERR,ERR,ERR,ERR,ERR,ERR,ERR,ERR,ERR,ERR,ERR,ERR,ERR,ERR,ERR,ERR,ERR,ERR,ERR,ERR,ERR,ERR,ERR,ERR,ERR,ERR,ERR,ERR,ERR,ERR,ERR,ERR,ERR,ERR,ERR,ERR,ERR,ERR,ERR,ERR,ERR,ERR,ERR,ERR,ERR,ERR,ERR,ERR,ERR,ERR,ERR,ERR,ERR,ERR,ERR,ERR,ERR,ERR,ERR,ERR,ERR,ERR,ERR,ERR,ERR,ERR,ERR,ERR,ERR,ERR,ERR,ERR,ERR,ERR,ERR,ERR,ERR,ERR,ERR,ERR,ERR,ERR,ERR,ERR,ERR,ERR,ERR,ERR,ERR,ERR,ERR,ERR,ERR,ERR,ERR,ERR,ERR,ERR,ERR,ERR,ERR,ERR,ERR,ERR,ERR,ERR,ERR,ERR,ERR,ERR,ERR,ERR,ERR,ERR,ERR,ERR,ERR,ERR,ERR,0.0,0.0,0.0,0.0,0.0,1.3936040501711995e+18,7.805,0.0,0,0,4,0,7116,0.0,100,0.0,0.0,0.0,0.0,0.0,0,0,0,0,0.0,0,0,0,0,0,0,0,0,0,0,0,0,0,0,0,0,0,0,0,0,0,0,0,0,0,0,0,0,0,0,0,0,0,31,40,40,71,65476,0,300,0,0,8,21553,0.0,-107605600.0,0.0,0.0,0.0,0.0,0.0,0.0,0.0,0.0,0.0,0.0,0.0,0.0,0.0,0.0,0.0,0.0,0.0,0.0,0.0,0.0,-0.0,2.004,2.004,-0.0,0.0,0.0,0.0,0.0,6424.0,131351.125,6921.0,0.0,0.0,0.0,0.0,0.0,0.0,0.0,0.0,69,-0.0,0.0,0.0,0.0,0.0,0.0,0.0,0.0,0.0,0,0,0,0.0,0.0,0.0,0.0,0.0,0.0,0.0,0.0,0.0,0.0,0.0,0.0,0.0,0.0,0.0,0.0,0,-107875648.0,69,0.0,138,0.0,-0.0,0,13107,17040,13107,17049,0,17043,0,0,0,70,68,100,2.7302359370752657e+23,71.1,0.0,74.2,2.7302370179391762e+23,74.0,1,49,50,180,0,52429,0,0,0.0,0.0,0.0,0.0,-0.0,67.0,0.0,162057.094,0.0,750,0,739,0,0,0,721,0,766,0,735,0,742,0,741,0,712,0,7520,0.032,79456894976.0,0.0,0.0,784,16797,-0.0,162057.094,-114818.039,-0.0,0.133,6.909358625270745e+28,30.0,65.0,35,0.0,0.0,0.0,0.0,0.0,0.0,0.0,0.0,0.0,0.0,0.0,0.0,0.0,0.0,0.0,0.0,69.2,0,150,71,54,65476,0,300,0,1,8,20529,65476,0,0,40632,65.0,0.0,0.0,0.0,0.0,0.0
2026-09-04T20:52:08,ERR,ERR,ERR,ERR,ERR,ERR,ERR,ERR,ERR,ERR,ERR,ERR,ERR,ERR,ERR,ERR,ERR,ERR,ERR,ERR,ERR,ERR,ERR,ERR,ERR,ERR,ERR,ERR,ERR,ERR,ERR,ERR,ERR,ERR,ERR,ERR,ERR,ERR,ERR,ERR,ERR,ERR,ERR,ERR,ERR,ERR,ERR,ERR,ERR,ERR,ERR,ERR,ERR,ERR,ERR,ERR,ERR,ERR,ERR,ERR,ERR,ERR,ERR,ERR,ERR,ERR,ERR,ERR,ERR,ERR,ERR,ERR,ERR,ERR,ERR,ERR,ERR,ERR,ERR,ERR,ERR,ERR,ERR,ERR,ERR,ERR,ERR,ERR,ERR,ERR,ERR,ERR,ERR,ERR,ERR,ERR,ERR,ERR,ERR,ERR,ERR,ERR,ERR,ERR,ERR,ERR,ERR,ERR,ERR,ERR,ERR,ERR,ERR,ERR,ERR,ERR,ERR,ERR,ERR,ERR,ERR,ERR,ERR,ERR,ERR,0.0,0.0,0.0,0.0,0.0,1.3936040501711995e+18,7.805,0.0,0,0,4,0,7116,0.0,100,0.0,0.0,0.0,0.0,0.0,0,0,0,0,0.0,0,0,0,0,0,0,0,0,0,0,0,0,0,0,0,0,0,0,0,0,0,0,0,0,0,0,0,0,0,0,0,0,0,31,40,40,71,65476,0,300,0,0,8,21553,0.0,-107605600.0,0.0,0.0,0.0,0.0,0.0,0.0,0.0,0.0,0.0,0.0,0.0,0.0,0.0,0.0,0.0,0.0,0.0,0.0,0.0,0.0,-0.0,2.004,2.004,-0.0,0.0,0.0,0.0,0.0,6424.0,131351.125,6921.0,0.0,0.0,0.0,0.0,0.0,0.0,0.0,0.0,69,-0.0,0.0,0.0,0.0,0.0,0.0,0.0,0.0,0.0,0,0,0,0.0,0.0,0.0,0.0,0.0,0.0,0.0,0.0,0.0,0.0,0.0,0.0,0.0,0.0,0.0,0.0,0,-107875648.0,69,0.0,138,0.0,-0.0,0,13107,17040,13107,17049,0,17043,0,0,0,70,68,100,2.7302359370752657e+23,71.1,0.0,74.2,2.7302370179391762e+23,74.0,1,49,50,180,0,52429,0,0,0.0,0.0,0.0,0.0,-0.0,67.0,0.0,162057.094,0.0,750,0,739,0,0,0,721,0,766,0,735,0,742,0,741,0,712,0,7520,0.032,79456894976.0,0.0,0.0,784,16797,-0.0,162057.094,-114818.039,-0.0,0.133,6.909358625270745e+28,30.0,65.0,35,0.0,0.0,0.0,0.0,0.0,0.0,0.0,0.0,0.0,0.0,0.0,0.0,0.0,0.0,0.0,0.0,69.2,0,150,71,54,65476,0,300,0,1,8,20529,65476,0,0,40632,65.0,0.0,0.0,0.0,0.0,0.0
2026-09-04T20:52:09,ERR,ERR,ERR,ERR,ERR,ERR,ERR,ERR,ERR,ERR,ERR,ERR,ERR,ERR,ERR,ERR,ERR,ERR,ERR,ERR,ERR,ERR,ERR,ERR,ERR,ERR,ERR,ERR,ERR,ERR,ERR,ERR,ERR,ERR,ERR,ERR,ERR,ERR,ERR,ERR,ERR,ERR,ERR,ERR,ERR,ERR,ERR,ERR,ERR,ERR,ERR,ERR,ERR,ERR,ERR,ERR,ERR,ERR,ERR,ERR,ERR,ERR,ERR,ERR,ERR,ERR,ERR,ERR,ERR,ERR,ERR,ERR,ERR,ERR,ERR,ERR,ERR,ERR,ERR,ERR,ERR,ERR,ERR,ERR,ERR,ERR,ERR,ERR,ERR,ERR,ERR,ERR,ERR,ERR,ERR,ERR,ERR,ERR,ERR,ERR,ERR,ERR,ERR,ERR,ERR,ERR,ERR,ERR,ERR,ERR,ERR,ERR,ERR,ERR,ERR,ERR,ERR,ERR,ERR,ERR,ERR,ERR,ERR,ERR,ERR,0.0,0.0,0.0,0.0,0.0,1.3936040501711995e+18,7.805,0.0,0,0,4,0,7116,0.0,100,0.0,0.0,0.0,0.0,0.0,0,0,0,0,0.0,0,0,0,0,0,0,0,0,0,0,0,0,0,0,0,0,0,0,0,0,0,0,0,0,0,0,0,0,0,0,0,0,0,31,40,40,71,65476,0,300,0,0,8,21553,0.0,-107605600.0,0.0,0.0,0.0,0.0,0.0,0.0,0.0,0.0,0.0,0.0,0.0,0.0,0.0,0.0,0.0,0.0,0.0,0.0,0.0,0.0,-0.0,2.004,2.004,-0.0,0.0,0.0,0.0,0.0,6424.0,131351.125,6921.0,0.0,0.0,0.0,0.0,0.0,0.0,0.0,0.0,69,-0.0,0.0,0.0,0.0,0.0,0.0,0.0,0.0,0.0,0,0,0,0.0,0.0,0.0,0.0,0.0,0.0,0.0,0.0,0.0,0.0,0.0,0.0,0.0,0.0,0.0,0.0,0,-107875648.0,69,0.0,138,0.0,-0.0,0,13107,17040,13107,17049,0,17043,0,0,0,70,68,100,2.7302359370752657e+23,71.1,0.0,74.2,2.7302370179391762e+23,74.0,1,49,50,180,0,52429,0,0,0.0,0.0,0.0,0.0,-0.0,67.0,0.0,162057.094,0.0,750,0,739,0,0,0,721,0,766,0,735,0,742,0,741,0,712,0,7520,0.032,79456894976.0,0.0,0.0,784,16797,-0.0,162057.094,-114818.039,-0.0,0.133,6.909358625270745e+28,30.0,65.0,35,0.0,0.0,0.0,0.0,0.0,0.0,0.0,0.0,0.0,0.0,0.0,0.0,0.0,0.0,0.0,0.0,69.2,0,150,71,54,65476,0,300,0,1,8,20529,65476,0,0,40632,65.0,0.0,0.0,0.0,0.0,0.0
2026-09-04T20:52:10,ERR,ERR,ERR,ERR,ERR,ERR,ERR,ERR,ERR,ERR,ERR,ERR,ERR,ERR,ERR,ERR,ERR,ERR,ERR,ERR,ERR,ERR,ERR,ERR,ERR,ERR,ERR,ERR,ERR,ERR,ERR,ERR,ERR,ERR,ERR,ERR,ERR,ERR,ERR,ERR,ERR,ERR,ERR,ERR,ERR,ERR,ERR,ERR,ERR,ERR,ERR,ERR,ERR,ERR,ERR,ERR,ERR,ERR,ERR,ERR,ERR,ERR,ERR,ERR,ERR,ERR,ERR,ERR,ERR,ERR,ERR,ERR,ERR,ERR,ERR,ERR,ERR,ERR,ERR,ERR,ERR,ERR,ERR,ERR,ERR,ERR,ERR,ERR,ERR,ERR,ERR,ERR,ERR,ERR,ERR,ERR,ERR,ERR,ERR,ERR,ERR,ERR,ERR,ERR,ERR,ERR,ERR,ERR,ERR,ERR,ERR,ERR,ERR,ERR,ERR,ERR,ERR,ERR,ERR,ERR,ERR,ERR,ERR,ERR,ERR,0.0,0.0,0.0,0.0,0.0,1.3936040501711995e+18,7.805,0.0,0,0,4,0,7116,0.0,100,0.0,0.0,0.0,0.0,0.0,0,0,0,0,0.0,0,0,0,0,0,0,0,0,0,0,0,0,0,0,0,0,0,0,0,0,0,0,0,0,0,0,0,0,0,0,0,0,0,31,40,40,71,65476,0,300,0,0,8,21553,0.0,-107605600.0,0.0,0.0,0.0,0.0,0.0,0.0,0.0,0.0,0.0,0.0,0.0,0.0,0.0,0.0,0.0,0.0,0.0,0.0,0.0,0.0,-0.0,2.004,2.004,-0.0,0.0,0.0,0.0,0.0,6424.0,131351.125,6921.0,0.0,0.0,0.0,0.0,0.0,0.0,0.0,0.0,69,-0.0,0.0,0.0,0.0,0.0,0.0,0.0,0.0,0.0,0,0,0,0.0,0.0,0.0,0.0,0.0,0.0,0.0,0.0,0.0,0.0,0.0,0.0,0.0,0.0,0.0,0.0,0,-107875648.0,69,0.0,138,0.0,-0.0,0,13107,17040,13107,17049,0,17043,0,0,0,70,68,100,2.7302359370752657e+23,71.1,0.0,74.2,2.7302370179391762e+23,74.0,1,49,50,180,0,52429,0,0,0.0,0.0,0.0,0.0,-0.0,67.0,0.0,162057.094,0.0,750,0,739,0,0,0,721,0,766,0,735,0,742,0,741,0,712,0,7520,0.032,79456894976.0,0.0,0.0,784,16797,-0.0,162057.094,-114818.039,-0.0,0.133,6.909358625270745e+28,30.0,65.0,35,0.0,0.0,0.0,0.0,0.0,0.0,0.0,0.0,0.0,0.0,0.0,0.0,0.0,0.0,0.0,0.0,69.2,0,150,71,54,65476,0,300,0,1,8,20529,65476,0,0,40632,65.0,0.0,0.0,0.0,0.0,0.0
2026-09-04T20:52:11,ERR,ERR,ERR,ERR,ERR,ERR,ERR,ERR,ERR,ERR,ERR,ERR,ERR,ERR,ERR,ERR,ERR,ERR,ERR,ERR,ERR,ERR,ERR,ERR,ERR,ERR,ERR,ERR,ERR,ERR,ERR,ERR,ERR,ERR,ERR,ERR,ERR,ERR,ERR,ERR,ERR,ERR,ERR,ERR,ERR,ERR,ERR,ERR,ERR,ERR,ERR,ERR,ERR,ERR,ERR,ERR,ERR,ERR,ERR,ERR,ERR,ERR,ERR,ERR,ERR,ERR,ERR,ERR,ERR,ERR,ERR,ERR,ERR,ERR,ERR,ERR,ERR,ERR,ERR,ERR,ERR,ERR,ERR,ERR,ERR,ERR,ERR,ERR,ERR,ERR,ERR,ERR,ERR,ERR,ERR,ERR,ERR,ERR,ERR,ERR,ERR,ERR,ERR,ERR,ERR,ERR,ERR,ERR,ERR,ERR,ERR,ERR,ERR,ERR,ERR,ERR,ERR,ERR,ERR,ERR,ERR,ERR,ERR,ERR,ERR,0.0,0.0,0.0,0.0,0.0,1.3936040501711995e+18,7.805,0.0,0,0,4,0,7116,0.0,100,0.0,0.0,0.0,0.0,0.0,0,0,0,0,0.0,0,0,0,0,0,0,0,0,0,0,0,0,0,0,0,0,0,0,0,0,0,0,0,0,0,0,0,0,0,0,0,0,0,31,40,40,71,65476,0,300,0,0,8,21553,0.0,-107605600.0,0.0,0.0,0.0,0.0,0.0,0.0,0.0,0.0,0.0,0.0,0.0,0.0,0.0,0.0,0.0,0.0,0.0,0.0,0.0,0.0,-0.0,2.004,2.004,-0.0,0.0,0.0,0.0,0.0,6424.0,131351.125,6921.0,0.0,0.0,0.0,0.0,0.0,0.0,0.0,0.0,69,-0.0,0.0,0.0,0.0,0.0,0.0,0.0,0.0,0.0,0,0,0,0.0,0.0,0.0,0.0,0.0,0.0,0.0,0.0,0.0,0.0,0.0,0.0,0.0,0.0,0.0,0.0,0,-107875648.0,69,0.0,138,0.0,-0.0,0,13107,17040,13107,17049,0,17043,0,0,0,70,68,100,2.7302359370752657e+23,71.1,0.0,74.2,2.7302370179391762e+23,74.0,1,49,50,180,0,52429,0,0,0.0,0.0,0.0,0.0,-0.0,67.0,0.0,162057.094,0.0,750,0,739,0,0,0,721,0,766,0,735,0,742,0,741,0,712,0,7520,0.032,79456894976.0,0.0,0.0,784,16797,-0.0,162057.094,-114818.039,-0.0,0.133,6.909358625270745e+28,30.0,65.0,35,0.0,0.0,0.0,0.0,0.0,0.0,0.0,0.0,0.0,0.0,0.0,0.0,0.0,0.0,0.0,0.0,69.2,0,150,71,54,65476,0,300,0,1,8,20529,65476,0,0,40632,65.0,0.0,0.0,0.0,0.0,0.0
2026-09-04T20:52:12,ERR,ERR,ERR,ERR,ERR,ERR,ERR,ERR,ERR,ERR,ERR,ERR,ERR,ERR,ERR,ERR,ERR,ERR,ERR,ERR,ERR,ERR,ERR,ERR,ERR,ERR,ERR,ERR,ERR,ERR,ERR,ERR,ERR,ERR,ERR,ERR,ERR,ERR,ERR,ERR,ERR,ERR,ERR,ERR,ERR,ERR,ERR,ERR,ERR,ERR,ERR,ERR,ERR,ERR,ERR,ERR,ERR,ERR,ERR,ERR,ERR,ERR,ERR,ERR,ERR,ERR,ERR,ERR,ERR,ERR,ERR,ERR,ERR,ERR,ERR,ERR,ERR,ERR,ERR,ERR,ERR,ERR,ERR,ERR,ERR,ERR,ERR,ERR,ERR,ERR,ERR,ERR,ERR,ERR,ERR,ERR,ERR,ERR,ERR,ERR,ERR,ERR,ERR,ERR,ERR,ERR,ERR,ERR,ERR,ERR,ERR,ERR,ERR,ERR,ERR,ERR,ERR,ERR,ERR,ERR,ERR,ERR,ERR,ERR,ERR,0.0,0.0,0.0,0.0,0.0,1.3936040501711995e+18,7.805,0.0,0,0,4,0,7116,0.0,100,0.0,0.0,0.0,0.0,0.0,0,0,0,0,0.0,0,0,0,0,0,0,0,0,0,0,0,0,0,0,0,0,0,0,0,0,0,0,0,0,0,0,0,0,0,0,0,0,0,31,40,40,71,65476,0,300,0,0,8,21553,0.0,-107605600.0,0.0,0.0,0.0,0.0,0.0,0.0,0.0,0.0,0.0,0.0,0.0,0.0,0.0,0.0,0.0,0.0,0.0,0.0,0.0,0.0,-0.0,2.004,2.004,-0.0,0.0,0.0,0.0,0.0,6400.0,1.587937664479286e+29,6926.0,0.0,0.0,0.0,0.0,0.0,0.0,0.0,0.0,69,-0.0,0.059,0.0,0.0,0.0,0.0,0.0,0.0,0.0,0,0,0,0.0,0.0,0.0,0.0,0.0,0.0,0.0,0.0,0.0,0.0,0.0,0.0,0.0,0.0,0.0,0.0,0,-107875648.0,69,0.0,138,0.0,-0.0,0,13107,17040,13107,17049,0,17043,0,0,0,70,68,100,2.7302359370752657e+23,71.1,0.0,74.2,2.7302370179391762e+23,74.0,1,49,50,180,0,52429,0,0,0.0,0.0,0.0,0.0,-0.0,67.0,0.0,162057.094,0.0,750,0,739,0,0,0,721,0,766,0,735,0,742,0,741,0,712,0,7520,0.032,78920024064.0,0.0,0.0,784,16797,-0.0,162057.094,-114818.039,-0.0,0.133,6.909358625270745e+28,30.0,65.0,35,0.0,0.0,0.0,0.0,0.0,0.0,0.0,0.0,0.0,0.0,0.0,0.0,0.0,0.0,0.0,0.0,69.2,0,150,71,54,65476,0,300,0,1,8,20529,65476,0,0,40632,65.0,0.0,0.0,0.0,0.0,0.0
2026-09-04T20:52:13,ERR,ERR,ERR,ERR,ERR,ERR,ERR,ERR,ERR,ERR,ERR,ERR,ERR,ERR,ERR,ERR,ERR,ERR,ERR,ERR,ERR,ERR,ERR,ERR,ERR,ERR,ERR,ERR,ERR,ERR,ERR,ERR,ERR,ERR,ERR,ERR,ERR,ERR,ERR,ERR,ERR,ERR,ERR,ERR,ERR,ERR,ERR,ERR,ERR,ERR,ERR,ERR,ERR,ERR,ERR,ERR,ERR,ERR,ERR,ERR,ERR,ERR,ERR,ERR,ERR,ERR,ERR,ERR,ERR,ERR,ERR,ERR,ERR,ERR,ERR,ERR,ERR,ERR,ERR,ERR,ERR,ERR,ERR,ERR,ERR,ERR,ERR,ERR,ERR,ERR,ERR,ERR,ERR,ERR,ERR,ERR,ERR,ERR,ERR,ERR,ERR,ERR,ERR,ERR,ERR,ERR,ERR,ERR,ERR,ERR,ERR,ERR,ERR,ERR,ERR,ERR,ERR,ERR,ERR,ERR,ERR,ERR,ERR,ERR,ERR,0.0,0.0,0.0,0.0,0.0,1.3936040501711995e+18,7.805,0.0,0,0,4,0,7116,0.0,100,0.0,0.0,0.0,0.0,0.0,0,0,0,0,0.0,0,0,0,0,0,0,0,0,0,0,0,0,0,0,0,0,0,0,0,0,0,0,0,0,0,0,0,0,0,0,0,0,0,31,40,40,71,65476,0,300,0,0,8,21553,0.0,-107605600.0,0.0,0.0,0.0,0.0,0.0,0.0,0.0,0.0,0.0,0.0,0.0,0.0,0.0,0.0,0.0,0.0,0.0,0.0,0.0,0.0,-0.0,2.004,2.004,-0.0,0.0,0.0,0.0,0.0,6400.0,1.587937664479286e+29,6926.0,0.0,0.0,0.0,0.0,0.0,0.0,0.0,0.0,69,-0.0,0.059,0.0,0.0,0.0,0.0,0.0,0.0,0.0,0,0,0,0.0,0.0,0.0,0.0,0.0,0.0,0.0,0.0,0.0,0.0,0.0,0.0,0.0,0.0,0.0,0.0,0,-107875648.0,69,0.0,138,0.0,-0.0,0,13107,17040,13107,17049,0,17043,0,0,0,70,68,100,2.7302359370752657e+23,71.1,0.0,74.2,2.7302370179391762e+23,74.0,1,49,50,180,0,52429,0,0,0.0,0.0,0.0,0.0,-0.0,67.0,0.0,162057.094,0.0,750,0,739,0,0,0,721,0,766,0,735,0,742,0,741,0,712,0,7520,0.032,78920024064.0,0.0,0.0,784,16797,-0.0,162057.094,-114818.039,-0.0,0.133,6.909358625270745e+28,30.0,65.0,35,0.0,0.0,0.0,0.0,0.0,0.0,0.0,0.0,0.0,0.0,0.0,0.0,0.0,0.0,0.0,0.0,69.2,0,150,71,54,65476,0,300,0,1,8,20529,65476,0,0,40632,65.0,0.0,0.0,0.0,0.0,0.0
2026-09-04T20:52:14,ERR,ERR,ERR,ERR,ERR,ERR,ERR,ERR,ERR,ERR,ERR,ERR,ERR,ERR,ERR,ERR,ERR,ERR,ERR,ERR,ERR,ERR,ERR,ERR,ERR,ERR,ERR,ERR,ERR,ERR,ERR,ERR,ERR,ERR,ERR,ERR,ERR,ERR,ERR,ERR,ERR,ERR,ERR,ERR,ERR,ERR,ERR,ERR,ERR,ERR,ERR,ERR,ERR,ERR,ERR,ERR,ERR,ERR,ERR,ERR,ERR,ERR,ERR,ERR,ERR,ERR,ERR,ERR,ERR,ERR,ERR,ERR,ERR,ERR,ERR,ERR,ERR,ERR,ERR,ERR,ERR,ERR,ERR,ERR,ERR,ERR,ERR,ERR,ERR,ERR,ERR,ERR,ERR,ERR,ERR,ERR,ERR,ERR,ERR,ERR,ERR,ERR,ERR,ERR,ERR,ERR,ERR,ERR,ERR,ERR,ERR,ERR,ERR,ERR,ERR,ERR,ERR,ERR,ERR,ERR,ERR,ERR,ERR,ERR,ERR,0.0,0.0,0.0,0.0,0.0,1.3936040501711995e+18,7.805,0.0,0,0,4,0,7116,0.0,100,0.0,0.0,0.0,0.0,0.0,0,0,0,0,0.0,0,0,0,0,0,0,0,0,0,0,0,0,0,0,0,0,0,0,0,0,0,0,0,0,0,0,0,0,0,0,0,0,0,31,40,40,71,65476,0,300,0,0,8,21553,0.0,-107605600.0,0.0,0.0,0.0,0.0,0.0,0.0,0.0,0.0,0.0,0.0,0.0,0.0,0.0,0.0,0.0,0.0,0.0,0.0,0.0,0.0,-0.0,2.004,2.004,-0.0,0.0,0.0,0.0,0.0,6400.0,1.587937664479286e+29,6926.0,0.0,0.0,0.0,0.0,0.0,0.0,0.0,0.0,69,-0.0,0.059,0.0,0.0,0.0,0.0,0.0,0.0,0.0,0,0,0,0.0,0.0,0.0,0.0,0.0,0.0,0.0,0.0,0.0,0.0,0.0,0.0,0.0,0.0,0.0,0.0,0,-107875648.0,69,0.0,138,0.0,-0.0,0,13107,17040,13107,17049,0,17043,0,0,0,70,68,100,2.7302359370752657e+23,71.1,0.0,74.2,2.7302370179391762e+23,74.0,1,49,50,180,0,52429,0,0,0.0,0.0,0.0,0.0,-0.0,67.0,0.0,162057.094,0.0,750,0,739,0,0,0,721,0,766,0,735,0,742,0,741,0,712,0,7520,0.032,78920024064.0,0.0,0.0,784,16797,-0.0,162057.094,-114818.039,-0.0,0.133,6.909358625270745e+28,30.0,65.0,35,0.0,0.0,0.0,0.0,0.0,0.0,0.0,0.0,0.0,0.0,0.0,0.0,0.0,0.0,0.0,0.0,69.2,0,150,71,54,65476,0,300,0,1,8,20529,65476,0,0,40632,65.0,0.0,0.0,0.0,0.0,0.0
2026-09-04T20:52:15,ERR,ERR,ERR,ERR,ERR,ERR,ERR,ERR,ERR,ERR,ERR,ERR,ERR,ERR,ERR,ERR,ERR,ERR,ERR,ERR,ERR,ERR,ERR,ERR,ERR,ERR,ERR,ERR,ERR,ERR,ERR,ERR,ERR,ERR,ERR,ERR,ERR,ERR,ERR,ERR,ERR,ERR,ERR,ERR,ERR,ERR,ERR,ERR,ERR,ERR,ERR,ERR,ERR,ERR,ERR,ERR,ERR,ERR,ERR,ERR,ERR,ERR,ERR,ERR,ERR,ERR,ERR,ERR,ERR,ERR,ERR,ERR,ERR,ERR,ERR,ERR,ERR,ERR,ERR,ERR,ERR,ERR,ERR,ERR,ERR,ERR,ERR,ERR,ERR,ERR,ERR,ERR,ERR,ERR,ERR,ERR,ERR,ERR,ERR,ERR,ERR,ERR,ERR,ERR,ERR,ERR,ERR,ERR,ERR,ERR,ERR,ERR,ERR,ERR,ERR,ERR,ERR,ERR,ERR,ERR,ERR,ERR,ERR,ERR,ERR,0.0,0.0,0.0,0.0,0.0,1.3936040501711995e+18,7.805,0.0,0,0,4,0,7116,0.0,100,0.0,0.0,0.0,0.0,0.0,0,0,0,0,0.0,0,0,0,0,0,0,0,0,0,0,0,0,0,0,0,0,0,0,0,0,0,0,0,0,0,0,0,0,0,0,0,0,0,31,40,40,71,65476,0,300,0,0,8,21553,0.0,-107605600.0,0.0,0.0,0.0,0.0,0.0,0.0,0.0,0.0,0.0,0.0,0.0,0.0,0.0,0.0,0.0,0.0,0.0,0.0,0.0,0.0,-0.0,2.004,2.004,-0.0,0.0,0.0,0.0,0.0,6400.0,1.587937664479286e+29,6926.0,0.0,0.0,0.0,0.0,0.0,0.0,0.0,0.0,69,-0.0,0.059,0.0,0.0,0.0,0.0,0.0,0.0,0.0,0,0,0,0.0,0.0,0.0,0.0,0.0,0.0,0.0,0.0,0.0,0.0,0.0,0.0,0.0,0.0,0.0,0.0,0,-107875648.0,69,0.0,138,0.0,-0.0,0,13107,17040,13107,17049,0,17043,0,0,0,70,68,100,2.7302359370752657e+23,71.1,0.0,74.2,2.7302370179391762e+23,74.0,1,49,50,180,0,52429,0,0,0.0,0.0,0.0,0.0,-0.0,67.0,0.0,162057.094,0.0,750,0,739,0,0,0,721,0,766,0,735,0,742,0,741,0,712,0,7520,0.032,78920024064.0,0.0,0.0,784,16797,-0.0,162057.094,-114818.039,-0.0,0.133,6.909358625270745e+28,30.0,65.0,35,0.0,0.0,0.0,0.0,0.0,0.0,0.0,0.0,0.0,0.0,0.0,0.0,0.0,0.0,0.0,0.0,69.2,0,150,71,54,65476,0,300,0,1,8,20529,65476,0,0,40632,65.0,0.0,0.0,0.0,0.0,0.0
2026-09-04T20:52:16,ERR,ERR,ERR,ERR,ERR,ERR,ERR,ERR,ERR,ERR,ERR,ERR,ERR,ERR,ERR,ERR,ERR,ERR,ERR,ERR,ERR,ERR,ERR,ERR,ERR,ERR,ERR,ERR,ERR,ERR,ERR,ERR,ERR,ERR,ERR,ERR,ERR,ERR,ERR,ERR,ERR,ERR,ERR,ERR,ERR,ERR,ERR,ERR,ERR,ERR,ERR,ERR,ERR,ERR,ERR,ERR,ERR,ERR,ERR,ERR,ERR,ERR,ERR,ERR,ERR,ERR,ERR,ERR,ERR,ERR,ERR,ERR,ERR,ERR,ERR,ERR,ERR,ERR,ERR,ERR,ERR,ERR,ERR,ERR,ERR,ERR,ERR,ERR,ERR,ERR,ERR,ERR,ERR,ERR,ERR,ERR,ERR,ERR,ERR,ERR,ERR,ERR,ERR,ERR,ERR,ERR,ERR,ERR,ERR,ERR,ERR,ERR,ERR,ERR,ERR,ERR,ERR,ERR,ERR,ERR,ERR,ERR,ERR,ERR,ERR,0.0,0.0,0.0,0.0,0.0,1.3936040501711995e+18,7.805,0.0,0,0,4,0,7116,0.0,100,0.0,0.0,0.0,0.0,0.0,0,0,0,0,0.0,0,0,0,0,0,0,0,0,0,0,0,0,0,0,0,0,0,0,0,0,0,0,0,0,0,0,0,0,0,0,0,0,0,31,40,40,71,65476,0,300,0,0,8,21553,0.0,-107605600.0,0.0,0.0,0.0,0.0,0.0,0.0,0.0,0.0,0.0,0.0,0.0,0.0,0.0,0.0,0.0,0.0,0.0,0.0,0.0,0.0,-0.0,2.004,2.004,-0.0,0.0,0.0,0.0,0.0,6400.0,1.587937664479286e+29,6926.0,0.0,0.0,0.0,0.0,0.0,0.0,0.0,0.0,69,-0.0,0.059,0.0,0.0,0.0,0.0,0.0,0.0,0.0,0,0,0,0.0,0.0,0.0,0.0,0.0,0.0,0.0,0.0,0.0,0.0,0.0,0.0,0.0,0.0,0.0,0.0,0,-107875648.0,69,0.0,138,0.0,-0.0,0,13107,17040,13107,17049,0,17043,0,0,0,70,68,100,2.7302359370752657e+23,71.1,0.0,74.2,2.7302370179391762e+23,74.0,1,49,50,180,0,52429,0,0,0.0,0.0,0.0,0.0,-0.0,67.0,0.0,162057.094,0.0,750,0,739,0,0,0,721,0,766,0,735,0,742,0,741,0,712,0,7520,0.032,78920024064.0,0.0,0.0,784,16797,-0.0,162057.094,-114818.039,-0.0,0.133,6.909358625270745e+28,30.0,65.0,35,0.0,0.0,0.0,0.0,0.0,0.0,0.0,0.0,0.0,0.0,0.0,0.0,0.0,0.0,0.0,0.0,69.2,0,150,71,54,65476,0,300,0,1,8,20529,65476,0,0,40632,65.0,0.0,0.0,0.0,0.0,0.0
2026-09-04T20:52:17,ERR,ERR,ERR,ERR,ERR,ERR,ERR,ERR,ERR,ERR,ERR,ERR,ERR,ERR,ERR,ERR,ERR,ERR,ERR,ERR,ERR,ERR,ERR,ERR,ERR,ERR,ERR,ERR,ERR,ERR,ERR,ERR,ERR,ERR,ERR,ERR,ERR,ERR,ERR,ERR,ERR,ERR,ERR,ERR,ERR,ERR,ERR,ERR,ERR,ERR,ERR,ERR,ERR,ERR,ERR,ERR,ERR,ERR,ERR,ERR,ERR,ERR,ERR,ERR,ERR,ERR,ERR,ERR,ERR,ERR,ERR,ERR,ERR,ERR,ERR,ERR,ERR,ERR,ERR,ERR,ERR,ERR,ERR,ERR,ERR,ERR,ERR,ERR,ERR,ERR,ERR,ERR,ERR,ERR,ERR,ERR,ERR,ERR,ERR,ERR,ERR,ERR,ERR,ERR,ERR,ERR,ERR,ERR,ERR,ERR,ERR,ERR,ERR,ERR,ERR,ERR,ERR,ERR,ERR,ERR,ERR,ERR,ERR,ERR,ERR,0.0,0.0,0.0,0.0,0.0,1.3936040501711995e+18,7.805,0.0,0,0,4,0,7116,0.0,100,0.0,0.0,0.0,0.0,0.0,0,0,0,0,0.0,0,0,0,0,0,0,0,0,0,0,0,0,0,0,0,0,0,0,0,0,0,0,0,0,0,0,0,0,0,0,0,0,0,31,40,40,71,65476,0,300,0,0,8,21553,0.0,-107605600.0,0.0,0.0,0.0,0.0,0.0,0.0,0.0,0.0,0.0,0.0,0.0,0.0,0.0,0.0,0.0,0.0,0.0,0.0,0.0,0.0,-0.0,2.004,2.004,-0.0,0.0,0.0,0.0,0.0,6400.0,1.587937664479286e+29,6926.0,0.0,0.0,0.0,0.0,0.0,0.0,0.0,0.0,69,-0.0,0.059,0.0,0.0,0.0,0.0,0.0,0.0,0.0,0,0,0,0.0,0.0,0.0,0.0,0.0,0.0,0.0,0.0,0.0,0.0,0.0,0.0,0.0,0.0,0.0,0.0,0,-107875648.0,69,0.0,138,0.0,-0.0,0,13107,17040,13107,17049,0,17043,0,0,0,70,68,100,2.7302359370752657e+23,71.1,0.0,74.2,2.7302370179391762e+23,74.0,1,49,50,180,0,52429,0,0,0.0,0.0,0.0,0.0,-0.0,67.0,0.0,162057.094,0.0,750,0,739,0,0,0,721,0,766,0,735,0,742,0,741,0,712,0,7520,0.032,78920024064.0,0.0,0.0,784,16797,-0.0,162057.094,-114818.039,-0.0,0.133,6.909358625270745e+28,30.0,65.0,35,0.0,0.0,0.0,0.0,0.0,0.0,0.0,0.0,0.0,0.0,0.0,0.0,0.0,0.0,0.0,0.0,69.2,0,150,71,54,65476,0,300,0,1,8,20529,65476,0,0,40632,65.0,0.0,0.0,0.0,0.0,0.0
2026-09-04T20:52:18,ERR,ERR,ERR,ERR,ERR,ERR,ERR,ERR,ERR,ERR,ERR,ERR,ERR,ERR,ERR,ERR,ERR,ERR,ERR,ERR,ERR,ERR,ERR,ERR,ERR,ERR,ERR,ERR,ERR,ERR,ERR,ERR,ERR,ERR,ERR,ERR,ERR,ERR,ERR,ERR,ERR,ERR,ERR,ERR,ERR,ERR,ERR,ERR,ERR,ERR,ERR,ERR,ERR,ERR,ERR,ERR,ERR,ERR,ERR,ERR,ERR,ERR,ERR,ERR,ERR,ERR,ERR,ERR,ERR,ERR,ERR,ERR,ERR,ERR,ERR,ERR,ERR,ERR,ERR,ERR,ERR,ERR,ERR,ERR,ERR,ERR,ERR,ERR,ERR,ERR,ERR,ERR,ERR,ERR,ERR,ERR,ERR,ERR,ERR,ERR,ERR,ERR,ERR,ERR,ERR,ERR,ERR,ERR,ERR,ERR,ERR,ERR,ERR,ERR,ERR,ERR,ERR,ERR,ERR,ERR,ERR,ERR,ERR,ERR,ERR,0.0,0.0,0.0,0.0,0.0,1.3936040501711995e+18,7.805,0.0,0,0,4,0,7116,0.0,100,0.0,0.0,0.0,0.0,0.0,0,0,0,0,0.0,0,0,0,0,0,0,0,0,0,0,0,0,0,0,0,0,0,0,0,0,0,0,0,0,0,0,0,0,0,0,0,0,0,31,40,40,71,65476,0,300,0,0,8,21553,0.0,-107605600.0,0.0,0.0,0.0,0.0,0.0,0.0,0.0,0.0,0.0,0.0,0.0,0.0,0.0,0.0,0.0,0.0,0.0,0.0,0.0,0.0,-0.0,2.004,2.004,-0.0,0.0,0.0,0.0,0.0,6400.0,1.587937664479286e+29,6926.0,0.0,0.0,0.0,0.0,0.0,0.0,0.0,0.0,69,-0.0,0.059,0.0,0.0,0.0,0.0,0.0,0.0,0.0,0,0,0,0.0,0.0,0.0,0.0,0.0,0.0,0.0,0.0,0.0,0.0,0.0,0.0,0.0,0.0,0.0,0.0,0,-107875648.0,69,0.0,138,0.0,-0.0,0,13107,17040,13107,17049,0,17043,0,0,0,70,68,100,2.7302359370752657e+23,71.1,0.0,74.2,2.7302370179391762e+23,74.0,1,49,50,180,0,52429,0,0,0.0,0.0,0.0,0.0,-0.0,67.0,0.0,162057.094,0.0,750,0,739,0,0,0,721,0,766,0,735,0,742,0,741,0,712,0,7520,0.032,78920024064.0,0.0,0.0,784,16797,-0.0,162057.094,-114818.039,-0.0,0.133,6.909358625270745e+28,30.0,65.0,35,0.0,0.0,0.0,0.0,0.0,0.0,0.0,0.0,0.0,0.0,0.0,0.0,0.0,0.0,0.0,0.0,69.6,0,150,71,54,65476,0,300,0,1,8,20529,65476,0,0,40632,65.0,0.0,0.0,0.0,0.0,0.0
2026-09-04T20:52:19,ERR,ERR,ERR,ERR,ERR,ERR,ERR,ERR,ERR,ERR,ERR,ERR,ERR,ERR,ERR,ERR,ERR,ERR,ERR,ERR,ERR,ERR,ERR,ERR,ERR,ERR,ERR,ERR,ERR,ERR,ERR,ERR,ERR,ERR,ERR,ERR,ERR,ERR,ERR,ERR,ERR,ERR,ERR,ERR,ERR,ERR,ERR,ERR,ERR,ERR,ERR,ERR,ERR,ERR,ERR,ERR,ERR,ERR,ERR,ERR,ERR,ERR,ERR,ERR,ERR,ERR,ERR,ERR,ERR,ERR,ERR,ERR,ERR,ERR,ERR,ERR,ERR,ERR,ERR,ERR,ERR,ERR,ERR,ERR,ERR,ERR,ERR,ERR,ERR,ERR,ERR,ERR,ERR,ERR,ERR,ERR,ERR,ERR,ERR,ERR,ERR,ERR,ERR,ERR,ERR,ERR,ERR,ERR,ERR,ERR,ERR,ERR,ERR,ERR,ERR,ERR,ERR,ERR,ERR,ERR,ERR,ERR,ERR,ERR,ERR,0.0,0.0,0.0,0.0,0.0,1.3936040501711995e+18,7.805,0.0,0,0,4,0,7116,0.0,100,0.0,0.0,0.0,0.0,0.0,0,0,0,0,0.0,0,0,0,0,0,0,0,0,0,0,0,0,0,0,0,0,0,0,0,0,0,0,0,0,0,0,0,0,0,0,0,0,0,31,40,40,71,65476,0,300,0,0,8,21553,0.0,-107605600.0,0.0,0.0,0.0,0.0,0.0,0.0,0.0,0.0,0.0,0.0,0.0,0.0,0.0,0.0,0.0,0.0,0.0,0.0,0.0,0.0,-2.004,2.004,2.004,-0.0,0.0,0.0,0.0,0.0,6428.0,-0.0,6928.0,0.0,0.0,0.0,0.0,0.0,0.0,0.0,0.0,69,-0.0,126840995840.0,0.0,0.0,0.0,0.0,0.0,0.0,0.0,0,0,0,0.0,0.0,0.0,0.0,0.0,0.0,0.0,0.0,0.0,0.0,0.0,0.0,0.0,0.0,0.0,0.0,0,-107875648.0,69,0.0,138,0.0,-0.0,0,13107,17040,13107,17049,0,17043,0,0,0,70,68,100,2.7302359370752657e+23,71.1,0.0,74.2,2.7302370179391762e+23,74.0,1,49,50,180,0,52429,0,0,0.0,0.0,0.0,0.0,-0.0,67.0,0.0,162057.094,0.0,750,0,739,0,0,0,721,0,766,0,735,0,742,0,741,0,712,0,7520,0.032,78920024064.0,0.0,0.0,784,16797,-0.0,162057.094,-114818.039,-0.0,0.133,6.909358625270745e+28,30.0,65.0,35,0.0,0.0,0.0,0.0,0.0,0.0,0.0,0.0,0.0,0.0,0.0,0.0,0.0,0.0,0.0,0.0,69.6,0,150,71,54,65476,0,300,0,1,8,20529,65476,0,0,40632,65.0,0.0,0.0,0.0,0.0,0.0
2026-09-04T20:52:20,ERR,ERR,ERR,ERR,ERR,ERR,ERR,ERR,ERR,ERR,ERR,ERR,ERR,ERR,ERR,ERR,ERR,ERR,ERR,ERR,ERR,ERR,ERR,ERR,ERR,ERR,ERR,ERR,ERR,ERR,ERR,ERR,ERR,ERR,ERR,ERR,ERR,ERR,ERR,ERR,ERR,ERR,ERR,ERR,ERR,ERR,ERR,ERR,ERR,ERR,ERR,ERR,ERR,ERR,ERR,ERR,ERR,ERR,ERR,ERR,ERR,ERR,ERR,ERR,ERR,ERR,ERR,ERR,ERR,ERR,ERR,ERR,ERR,ERR,ERR,ERR,ERR,ERR,ERR,ERR,ERR,ERR,ERR,ERR,ERR,ERR,ERR,ERR,ERR,ERR,ERR,ERR,ERR,ERR,ERR,ERR,ERR,ERR,ERR,ERR,ERR,ERR,ERR,ERR,ERR,ERR,ERR,ERR,ERR,ERR,ERR,ERR,ERR,ERR,ERR,ERR,ERR,ERR,ERR,ERR,ERR,ERR,ERR,ERR,ERR,0.0,0.0,0.0,0.0,0.0,1.3936040501711995e+18,7.805,0.0,0,0,4,0,7116,0.0,100,0.0,0.0,0.0,0.0,0.0,0,0,0,0,0.0,0,0,0,0,0,0,0,0,0,0,0,0,0,0,0,0,0,0,0,0,0,0,0,0,0,0,0,0,0,0,0,0,0,31,40,40,71,65476,0,300,0,0,8,21553,0.0,-107605600.0,0.0,0.0,0.0,0.0,0.0,0.0,0.0,0.0,0.0,0.0,0.0,0.0,0.0,0.0,0.0,0.0,0.0,0.0,0.0,0.0,-2.004,2.004,2.004,-0.0,0.0,0.0,0.0,0.0,6428.0,-0.0,6928.0,0.0,0.0,0.0,0.0,0.0,0.0,0.0,0.0,69,-0.0,126840995840.0,0.0,0.0,0.0,0.0,0.0,0.0,0.0,0,0,0,0.0,0.0,0.0,0.0,0.0,0.0,0.0,0.0,0.0,0.0,0.0,0.0,0.0,0.0,0.0,0.0,0,-107875648.0,69,0.0,138,0.0,-0.0,0,13107,17040,13107,17049,0,17043,0,0,0,70,68,100,2.7302359370752657e+23,71.1,0.0,74.2,2.7302370179391762e+23,74.0,1,49,50,180,0,52429,0,0,0.0,0.0,0.0,0.0,-0.0,67.0,0.0,162057.094,0.0,750,0,739,0,0,0,721,0,766,0,735,0,742,0,741,0,712,0,7520,0.032,78920024064.0,0.0,0.0,784,16797,-0.0,162057.094,-114818.039,-0.0,0.133,6.909358625270745e+28,30.0,65.0,35,0.0,0.0,0.0,0.0,0.0,0.0,0.0,0.0,0.0,0.0,0.0,0.0,0.0,0.0,0.0,0.0,69.6,0,150,71,54,65476,0,300,0,1,8,20529,65476,0,0,40632,65.0,0.0,0.0,0.0,0.0,0.0
2026-09-04T20:52:21,ERR,ERR,ERR,ERR,ERR,ERR,ERR,ERR,ERR,ERR,ERR,ERR,ERR,ERR,ERR,ERR,ERR,ERR,ERR,ERR,ERR,ERR,ERR,ERR,ERR,ERR,ERR,ERR,ERR,ERR,ERR,ERR,ERR,ERR,ERR,ERR,ERR,ERR,ERR,ERR,ERR,ERR,ERR,ERR,ERR,ERR,ERR,ERR,ERR,ERR,ERR,ERR,ERR,ERR,ERR,ERR,ERR,ERR,ERR,ERR,ERR,ERR,ERR,ERR,ERR,ERR,ERR,ERR,ERR,ERR,ERR,ERR,ERR,ERR,ERR,ERR,ERR,ERR,ERR,ERR,ERR,ERR,ERR,ERR,ERR,ERR,ERR,ERR,ERR,ERR,ERR,ERR,ERR,ERR,ERR,ERR,ERR,ERR,ERR,ERR,ERR,ERR,ERR,ERR,ERR,ERR,ERR,ERR,ERR,ERR,ERR,ERR,ERR,ERR,ERR,ERR,ERR,ERR,ERR,ERR,ERR,ERR,ERR,ERR,ERR,0.0,0.0,0.0,0.0,0.0,1.3936040501711995e+18,7.805,0.0,0,0,4,0,7116,0.0,100,0.0,0.0,0.0,0.0,0.0,0,0,0,0,0.0,0,0,0,0,0,0,0,0,0,0,0,0,0,0,0,0,0,0,0,0,0,0,0,0,0,0,0,0,0,0,0,0,0,31,40,40,71,65476,0,300,0,0,8,21553,0.0,-107605600.0,0.0,0.0,0.0,0.0,0.0,0.0,0.0,0.0,0.0,0.0,0.0,0.0,0.0,0.0,0.0,0.0,0.0,0.0,0.0,0.0,-2.004,2.004,2.004,-0.0,0.0,0.0,0.0,0.0,6428.0,-0.0,6928.0,0.0,0.0,0.0,0.0,0.0,0.0,0.0,0.0,69,-0.0,126840995840.0,0.0,0.0,0.0,0.0,0.0,0.0,0.0,0,0,0,0.0,0.0,0.0,0.0,0.0,0.0,0.0,0.0,0.0,0.0,0.0,0.0,0.0,0.0,0.0,0.0,0,-107875648.0,69,0.0,138,0.0,-0.0,0,13107,17040,13107,17049,0,17043,0,0,0,70,68,100,2.7302359370752657e+23,71.1,0.0,74.2,2.7302370179391762e+23,74.0,1,49,50,180,0,52429,0,0,0.0,0.0,0.0,0.0,-0.0,67.0,0.0,162057.094,0.0,750,0,739,0,0,0,721,0,766,0,735,0,742,0,741,0,712,0,7520,0.032,78920024064.0,0.0,0.0,784,16797,-0.0,162057.094,-114818.039,-0.0,0.133,6.909358625270745e+28,30.0,65.0,35,0.0,0.0,0.0,0.0,0.0,0.0,0.0,0.0,0.0,0.0,0.0,0.0,0.0,0.0,0.0,0.0,69.2,0,150,71,54,65476,0,300,0,1,8,20529,65476,0,0,40632,65.0,0.0,0.0,0.0,0.0,0.0
2026-09-04T20:52:22,ERR,ERR,ERR,ERR,ERR,ERR,ERR,ERR,ERR,ERR,ERR,ERR,ERR,ERR,ERR,ERR,ERR,ERR,ERR,ERR,ERR,ERR,ERR,ERR,ERR,ERR,ERR,ERR,ERR,ERR,ERR,ERR,ERR,ERR,ERR,ERR,ERR,ERR,ERR,ERR,ERR,ERR,ERR,ERR,ERR,ERR,ERR,ERR,ERR,ERR,ERR,ERR,ERR,ERR,ERR,ERR,ERR,ERR,ERR,ERR,ERR,ERR,ERR,ERR,ERR,ERR,ERR,ERR,ERR,ERR,ERR,ERR,ERR,ERR,ERR,ERR,ERR,ERR,ERR,ERR,ERR,ERR,ERR,ERR,ERR,ERR,ERR,ERR,ERR,ERR,ERR,ERR,ERR,ERR,ERR,ERR,ERR,ERR,ERR,ERR,ERR,ERR,ERR,ERR,ERR,ERR,ERR,ERR,ERR,ERR,ERR,ERR,ERR,ERR,ERR,ERR,ERR,ERR,ERR,ERR,ERR,ERR,ERR,ERR,ERR,0.0,0.0,0.0,0.0,0.0,1.3936040501711995e+18,7.805,0.0,0,0,4,0,7116,0.0,100,0.0,0.0,0.0,0.0,0.0,0,0,0,0,0.0,0,0,0,0,0,0,0,0,0,0,0,0,0,0,0,0,0,0,0,0,0,0,0,0,0,0,0,0,0,0,0,0,0,31,40,40,71,65476,0,300,0,0,8,21553,0.0,-107605600.0,0.0,0.0,0.0,0.0,0.0,0.0,0.0,0.0,0.0,0.0,0.0,0.0,0.0,0.0,0.0,0.0,0.0,0.0,0.0,0.0,-2.004,2.004,2.004,-0.0,0.0,0.0,0.0,0.0,6428.0,-0.0,6928.0,0.0,0.0,0.0,0.0,0.0,0.0,0.0,0.0,69,-0.0,126840995840.0,0.0,0.0,0.0,0.0,0.0,0.0,0.0,0,0,0,0.0,0.0,0.0,0.0,0.0,0.0,0.0,0.0,0.0,0.0,0.0,0.0,0.0,0.0,0.0,0.0,0,-107875648.0,69,0.0,138,0.0,-0.0,0,13107,17040,13107,17049,0,17043,0,0,0,70,68,100,2.7302359370752657e+23,71.1,0.0,74.2,2.7302370179391762e+23,74.0,1,49,50,180,0,52429,0,0,0.0,0.0,0.0,0.0,-0.0,67.0,0.0,162057.094,0.0,750,0,739,0,0,0,721,0,766,0,735,0,742,0,741,0,712,0,7520,0.032,78920024064.0,0.0,0.0,784,16797,-0.0,162057.094,-114818.039,-0.0,0.133,6.909358625270745e+28,30.0,65.0,35,0.0,0.0,0.0,0.0,0.0,0.0,0.0,0.0,0.0,0.0,0.0,0.0,0.0,0.0,0.0,0.0,69.2,0,150,71,54,65476,0,300,0,1,8,20529,65476,0,0,40632,65.0,0.0,0.0,0.0,0.0,0.0
2026-09-04T20:52:23,ERR,ERR,ERR,ERR,ERR,ERR,ERR,ERR,ERR,ERR,ERR,ERR,ERR,ERR,ERR,ERR,ERR,ERR,ERR,ERR,ERR,ERR,ERR,ERR,ERR,ERR,ERR,ERR,ERR,ERR,ERR,ERR,ERR,ERR,ERR,ERR,ERR,ERR,ERR,ERR,ERR,ERR,ERR,ERR,ERR,ERR,ERR,ERR,ERR,ERR,ERR,ERR,ERR,ERR,ERR,ERR,ERR,ERR,ERR,ERR,ERR,ERR,ERR,ERR,ERR,ERR,ERR,ERR,ERR,ERR,ERR,ERR,ERR,ERR,ERR,ERR,ERR,ERR,ERR,ERR,ERR,ERR,ERR,ERR,ERR,ERR,ERR,ERR,ERR,ERR,ERR,ERR,ERR,ERR,ERR,ERR,ERR,ERR,ERR,ERR,ERR,ERR,ERR,ERR,ERR,ERR,ERR,ERR,ERR,ERR,ERR,ERR,ERR,ERR,ERR,ERR,ERR,ERR,ERR,ERR,ERR,ERR,ERR,ERR,ERR,0.0,0.0,0.0,0.0,0.0,1.3936040501711995e+18,7.805,0.0,0,0,4,0,7116,0.0,100,0.0,0.0,0.0,0.0,0.0,0,0,0,0,0.0,0,0,0,0,0,0,0,0,0,0,0,0,0,0,0,0,0,0,0,0,0,0,0,0,0,0,0,0,0,0,0,0,0,31,40,40,71,65476,0,300,0,0,8,21553,0.0,-107605600.0,0.0,0.0,0.0,0.0,0.0,0.0,0.0,0.0,0.0,0.0,0.0,0.0,0.0,0.0,0.0,0.0,0.0,0.0,0.0,0.0,-2.004,2.004,2.004,-0.0,0.0,0.0,0.0,0.0,6428.0,-0.0,6928.0,0.0,0.0,0.0,0.0,0.0,0.0,0.0,0.0,69,-0.0,126840995840.0,0.0,0.0,0.0,0.0,0.0,0.0,0.0,0,0,0,0.0,0.0,0.0,0.0,0.0,0.0,0.0,0.0,0.0,0.0,0.0,0.0,0.0,0.0,0.0,0.0,0,-107875648.0,69,0.0,138,0.0,-0.0,0,13107,17040,13107,17049,0,17043,0,0,0,70,68,100,2.7302359370752657e+23,71.1,0.0,74.2,2.7302370179391762e+23,74.0,1,49,50,180,0,52429,0,0,0.0,0.0,0.0,0.0,-0.0,67.0,0.0,162057.094,0.0,750,0,739,0,0,0,721,0,766,0,735,0,742,0,741,0,712,0,7520,0.032,79456894976.0,0.0,0.0,784,16797,-0.0,162057.094,-114818.039,-0.0,0.133,6.909358625270745e+28,30.0,65.0,35,0.0,0.0,0.0,0.0,0.0,0.0,0.0,0.0,0.0,0.0,0.0,0.0,0.0,0.0,0.0,0.0,69.2,0,150,71,54,65476,0,300,0,1,8,20529,65476,0,0,40632,65.0,0.0,0.0,0.0,0.0,0.0
2026-09-04T20:52:24,ERR,ERR,ERR,ERR,ERR,ERR,ERR,ERR,ERR,ERR,ERR,ERR,ERR,ERR,ERR,ERR,ERR,ERR,ERR,ERR,ERR,ERR,ERR,ERR,ERR,ERR,ERR,ERR,ERR,ERR,ERR,ERR,ERR,ERR,ERR,ERR,ERR,ERR,ERR,ERR,ERR,ERR,ERR,ERR,ERR,ERR,ERR,ERR,ERR,ERR,ERR,ERR,ERR,ERR,ERR,ERR,ERR,ERR,ERR,ERR,ERR,ERR,ERR,ERR,ERR,ERR,ERR,ERR,ERR,ERR,ERR,ERR,ERR,ERR,ERR,ERR,ERR,ERR,ERR,ERR,ERR,ERR,ERR,ERR,ERR,ERR,ERR,ERR,ERR,ERR,ERR,ERR,ERR,ERR,ERR,ERR,ERR,ERR,ERR,ERR,ERR,ERR,ERR,ERR,ERR,ERR,ERR,ERR,ERR,ERR,ERR,ERR,ERR,ERR,ERR,ERR,ERR,ERR,ERR,ERR,ERR,ERR,ERR,ERR,ERR,0.0,0.0,0.0,0.0,0.0,1.3936040501711995e+18,7.805,0.0,0,0,4,0,7116,0.0,100,0.0,0.0,0.0,0.0,0.0,0,0,0,0,0.0,0,0,0,0,0,0,0,0,0,0,0,0,0,0,0,0,0,0,0,0,0,0,0,0,0,0,0,0,0,0,0,0,0,31,40,40,71,65476,0,300,0,0,8,21553,0.0,-107605600.0,0.0,0.0,0.0,0.0,0.0,0.0,0.0,0.0,0.0,0.0,0.0,0.0,0.0,0.0,0.0,0.0,0.0,0.0,0.0,0.0,-2.004,2.004,2.004,-0.0,0.0,0.0,0.0,0.0,6428.0,-0.0,6928.0,0.0,0.0,0.0,0.0,0.0,0.0,0.0,0.0,69,-0.0,126840995840.0,0.0,0.0,0.0,0.0,0.0,0.0,0.0,0,0,0,0.0,0.0,0.0,0.0,0.0,0.0,0.0,0.0,0.0,0.0,0.0,0.0,0.0,0.0,0.0,0.0,0,-107875648.0,69,0.0,138,0.0,-0.0,0,13107,17040,13107,17049,0,17043,0,0,0,70,68,100,2.7302359370752657e+23,71.1,0.0,74.2,2.7302370179391762e+23,74.0,1,49,50,180,0,52429,0,0,0.0,0.0,0.0,0.0,-0.0,67.0,0.0,162057.094,0.0,750,0,739,0,0,0,721,0,766,0,735,0,742,0,741,0,712,0,7520,0.032,79456894976.0,0.0,0.0,784,16797,-0.0,162057.094,-114818.039,-0.0,0.133,6.909358625270745e+28,30.0,65.0,35,0.0,0.0,0.0,0.0,0.0,0.0,0.0,0.0,0.0,0.0,0.0,0.0,0.0,0.0,0.0,0.0,69.2,0,150,71,54,65476,0,300,0,1,8,20529,65476,0,0,40632,65.0,0.0,0.0,0.0,0.0,0.0
2026-09-04T20:52:25,ERR,ERR,ERR,ERR,ERR,ERR,ERR,ERR,ERR,ERR,ERR,ERR,ERR,ERR,ERR,ERR,ERR,ERR,ERR,ERR,ERR,ERR,ERR,ERR,ERR,ERR,ERR,ERR,ERR,ERR,ERR,ERR,ERR,ERR,ERR,ERR,ERR,ERR,ERR,ERR,ERR,ERR,ERR,ERR,ERR,ERR,ERR,ERR,ERR,ERR,ERR,ERR,ERR,ERR,ERR,ERR,ERR,ERR,ERR,ERR,ERR,ERR,ERR,ERR,ERR,ERR,ERR,ERR,ERR,ERR,ERR,ERR,ERR,ERR,ERR,ERR,ERR,ERR,ERR,ERR,ERR,ERR,ERR,ERR,ERR,ERR,ERR,ERR,ERR,ERR,ERR,ERR,ERR,ERR,ERR,ERR,ERR,ERR,ERR,ERR,ERR,ERR,ERR,ERR,ERR,ERR,ERR,ERR,ERR,ERR,ERR,ERR,ERR,ERR,ERR,ERR,ERR,ERR,ERR,ERR,ERR,ERR,ERR,ERR,ERR,0.0,0.0,0.0,0.0,0.0,1.3936040501711995e+18,7.805,0.0,0,0,4,0,7116,0.0,100,0.0,0.0,0.0,0.0,0.0,0,0,0,0,0.0,0,0,0,0,0,0,0,0,0,0,0,0,0,0,0,0,0,0,0,0,0,0,0,0,0,0,0,0,0,0,0,0,0,31,40,40,71,65476,0,300,0,0,8,21553,0.0,-107605600.0,0.0,0.0,0.0,0.0,0.0,0.0,0.0,0.0,0.0,0.0,0.0,0.0,0.0,0.0,0.0,0.0,0.0,0.0,0.0,0.0,-2.004,2.004,2.004,-0.0,0.0,0.0,0.0,0.0,6428.0,-0.0,6928.0,0.0,0.0,0.0,0.0,0.0,0.0,0.0,0.0,69,-0.0,126840995840.0,0.0,0.0,0.0,0.0,0.0,0.0,0.0,0,0,0,0.0,0.0,0.0,0.0,0.0,0.0,0.0,0.0,0.0,0.0,0.0,0.0,0.0,0.0,0.0,0.0,0,-107875648.0,69,0.0,138,0.0,-0.0,0,13107,17040,13107,17049,0,17043,0,0,0,70,68,100,2.7302359370752657e+23,71.1,0.0,74.2,2.7302370179391762e+23,74.0,1,49,50,180,0,52429,0,0,0.0,0.0,0.0,0.0,-0.0,67.0,0.0,162057.094,0.0,750,0,739,0,0,0,721,0,766,0,735,0,742,0,741,0,712,0,7520,0.032,79456894976.0,0.0,0.0,784,16797,-0.0,162057.094,-114818.039,-0.0,0.133,6.909358625270745e+28,30.0,65.0,35,0.0,0.0,0.0,0.0,0.0,0.0,0.0,0.0,0.0,0.0,0.0,0.0,0.0,0.0,0.0,0.0,69.2,0,150,71,54,65476,0,300,0,1,8,20529,65476,0,0,40632,65.0,0.0,0.0,0.0,0.0,0.0
2026-09-04T20:52:26,ERR,ERR,ERR,ERR,ERR,ERR,ERR,ERR,ERR,ERR,ERR,ERR,ERR,ERR,ERR,ERR,ERR,ERR,ERR,ERR,ERR,ERR,ERR,ERR,ERR,ERR,ERR,ERR,ERR,ERR,ERR,ERR,ERR,ERR,ERR,ERR,ERR,ERR,ERR,ERR,ERR,ERR,ERR,ERR,ERR,ERR,ERR,ERR,ERR,ERR,ERR,ERR,ERR,ERR,ERR,ERR,ERR,ERR,ERR,ERR,ERR,ERR,ERR,ERR,ERR,ERR,ERR,ERR,ERR,ERR,ERR,ERR,ERR,ERR,ERR,ERR,ERR,ERR,ERR,ERR,ERR,ERR,ERR,ERR,ERR,ERR,ERR,ERR,ERR,ERR,ERR,ERR,ERR,ERR,ERR,ERR,ERR,ERR,ERR,ERR,ERR,ERR,ERR,ERR,ERR,ERR,ERR,ERR,ERR,ERR,ERR,ERR,ERR,ERR,ERR,ERR,ERR,ERR,ERR,ERR,ERR,ERR,ERR,ERR,ERR,0.0,0.0,0.0,0.0,0.0,1.3936040501711995e+18,7.805,0.0,0,0,4,0,7116,0.0,100,0.0,0.0,0.0,0.0,0.0,0,0,0,0,0.0,0,0,0,0,0,0,0,0,0,0,0,0,0,0,0,0,0,0,0,0,0,0,0,0,0,0,0,0,0,0,0,0,0,31,40,40,71,65476,0,300,0,0,8,21553,0.0,-107605600.0,0.0,0.0,0.0,0.0,0.0,0.0,0.0,0.0,0.0,0.0,0.0,0.0,0.0,0.0,0.0,0.0,0.0,0.0,0.0,0.0,-2.004,2.004,2.004,-0.0,0.0,0.0,0.0,0.0,6428.0,-0.0,6928.0,0.0,0.0,0.0,0.0,0.0,0.0,0.0,0.0,69,-0.0,126840995840.0,0.0,0.0,0.0,0.0,0.0,0.0,0.0,0,0,0,0.0,0.0,0.0,0.0,0.0,0.0,0.0,0.0,0.0,0.0,0.0,0.0,0.0,0.0,0.0,0.0,0,-107875648.0,69,0.0,138,0.0,-0.0,0,13107,17040,13107,17049,0,17043,0,0,0,70,68,100,2.7302359370752657e+23,71.1,0.0,74.2,2.7302370179391762e+23,74.0,1,49,50,180,0,52429,0,0,0.0,0.0,0.0,0.0,-0.0,67.0,0.0,162057.094,0.0,750,0,739,0,0,0,721,0,766,0,735,0,742,0,741,0,712,0,7520,0.032,79456894976.0,0.0,0.0,784,16797,-0.0,162057.094,-114818.039,-0.0,0.133,6.909358625270745e+28,30.0,65.0,35,0.0,0.0,0.0,0.0,0.0,0.0,0.0,0.0,0.0,0.0,0.0,0.0,0.0,0.0,0.0,0.0,69.2,0,150,71,54,65476,0,300,0,1,8,20529,65476,0,0,40632,65.0,0.0,0.0,0.0,0.0,0.0
2026-09-04T20:52:27,ERR,ERR,ERR,ERR,ERR,ERR,ERR,ERR,ERR,ERR,ERR,ERR,ERR,ERR,ERR,ERR,ERR,ERR,ERR,ERR,ERR,ERR,ERR,ERR,ERR,ERR,ERR,ERR,ERR,ERR,ERR,ERR,ERR,ERR,ERR,ERR,ERR,ERR,ERR,ERR,ERR,ERR,ERR,ERR,ERR,ERR,ERR,ERR,ERR,ERR,ERR,ERR,ERR,ERR,ERR,ERR,ERR,ERR,ERR,ERR,ERR,ERR,ERR,ERR,ERR,ERR,ERR,ERR,ERR,ERR,ERR,ERR,ERR,ERR,ERR,ERR,ERR,ERR,ERR,ERR,ERR,ERR,ERR,ERR,ERR,ERR,ERR,ERR,ERR,ERR,ERR,ERR,ERR,ERR,ERR,ERR,ERR,ERR,ERR,ERR,ERR,ERR,ERR,ERR,ERR,ERR,ERR,ERR,ERR,ERR,ERR,ERR,ERR,ERR,ERR,ERR,ERR,ERR,ERR,ERR,ERR,ERR,ERR,ERR,ERR,0.0,0.0,0.0,0.0,0.0,1.3936040501711995e+18,7.805,0.0,0,0,4,0,7116,0.0,100,0.0,0.0,0.0,0.0,0.0,0,0,0,0,0.0,0,0,0,0,0,0,0,0,0,0,0,0,0,0,0,0,0,0,0,0,0,0,0,0,0,0,0,0,0,0,0,0,0,31,40,40,71,65476,0,300,0,0,8,21553,0.0,-107605600.0,0.0,0.0,0.0,0.0,0.0,0.0,0.0,0.0,0.0,0.0,0.0,0.0,-2.596148429267414e+33,0.0,0.0,0.0,0.0,0.0,0.0,0.0,-0.0,2.004,2.004,-0.0,0.0,0.0,0.0,0.0,6396.0,-1.040670703999141e+34,6943.0,0.0,0.0,0.0,0.0,0.0,0.0,0.0,0.0,69,-0.0,-3.222023058662249e+26,0.0,0.0,0.0,0.0,0.0,0.0,0.0,0,0,0,0.0,0.0,0.0,0.0,0.0,0.0,0.0,0.0,0.0,0.0,0.0,0.0,0.0,0.0,0.0,0.0,0,-107875648.0,69,0.0,138,0.0,-0.0,0,13107,17040,13107,17049,0,17043,0,0,0,70,68,100,2.7302359370752657e+23,71.1,0.0,74.2,2.7302370179391762e+23,74.0,1,49,50,180,0,52429,0,0,0.0,0.0,0.0,0.0,-0.0,67.0,0.0,162057.094,0.0,750,0,739,0,0,0,721,0,766,0,735,0,742,0,741,0,712,0,7520,0.032,79456894976.0,0.0,0.0,784,16797,-0.0,162057.094,-114818.039,-0.0,0.133,6.909358625270745e+28,30.0,65.0,35,0.0,0.0,0.0,0.0,0.0,0.0,0.0,0.0,0.0,0.0,0.0,0.0,0.0,0.0,0.0,0.0,69.2,0,150,71,54,65476,0,300,0,1,8,20529,65476,0,0,40632,65.0,0.0,0.0,0.0,0.0,0.0
2026-09-04T20:52:28,ERR,ERR,ERR,ERR,ERR,ERR,ERR,ERR,ERR,ERR,ERR,ERR,ERR,ERR,ERR,ERR,ERR,ERR,ERR,ERR,ERR,ERR,ERR,ERR,ERR,ERR,ERR,ERR,ERR,ERR,ERR,ERR,ERR,ERR,ERR,ERR,ERR,ERR,ERR,ERR,ERR,ERR,ERR,ERR,ERR,ERR,ERR,ERR,ERR,ERR,ERR,ERR,ERR,ERR,ERR,ERR,ERR,ERR,ERR,ERR,ERR,ERR,ERR,ERR,ERR,ERR,ERR,ERR,ERR,ERR,ERR,ERR,ERR,ERR,ERR,ERR,ERR,ERR,ERR,ERR,ERR,ERR,ERR,ERR,ERR,ERR,ERR,ERR,ERR,ERR,ERR,ERR,ERR,ERR,ERR,ERR,ERR,ERR,ERR,ERR,ERR,ERR,ERR,ERR,ERR,ERR,ERR,ERR,ERR,ERR,ERR,ERR,ERR,ERR,ERR,ERR,ERR,ERR,ERR,ERR,ERR,ERR,ERR,ERR,ERR,0.0,0.0,0.0,0.0,0.0,1.3936040501711995e+18,7.805,0.0,0,0,4,0,7116,0.0,100,0.0,0.0,0.0,0.0,0.0,0,0,0,0,0.0,0,0,0,0,0,0,0,0,0,0,0,0,0,0,0,0,0,0,0,0,0,0,0,0,0,0,0,0,0,0,0,0,0,31,40,40,71,65476,0,300,0,0,8,21553,0.0,-107605600.0,0.0,0.0,0.0,0.0,0.0,0.0,0.0,0.0,0.0,0.0,0.0,0.0,-2.596148429267414e+33,0.0,0.0,0.0,0.0,0.0,0.0,0.0,-0.0,2.004,2.004,-0.0,0.0,0.0,0.0,0.0,6396.0,-1.040670703999141e+34,6943.0,0.0,0.0,0.0,0.0,0.0,0.0,0.0,0.0,69,-0.0,-3.222023058662249e+26,0.0,0.0,0.0,0.0,0.0,0.0,0.0,0,0,0,0.0,0.0,0.0,0.0,0.0,0.0,0.0,0.0,0.0,0.0,0.0,0.0,0.0,0.0,0.0,0.0,0,-107875648.0,69,0.0,138,0.0,-0.0,0,13107,17040,13107,17049,0,17043,0,0,0,70,68,100,2.7302359370752657e+23,71.1,0.0,74.2,2.7302370179391762e+23,74.0,1,49,50,180,0,52429,0,0,0.0,0.0,0.0,0.0,-0.0,67.0,0.0,162057.094,0.0,750,0,739,0,0,0,721,0,765,0,735,0,742,0,741,0,712,0,7520,0.032,78920024064.0,0.0,0.0,784,16797,-0.0,162057.094,-114818.039,-0.0,0.133,6.909358625270745e+28,30.0,65.0,35,0.0,0.0,0.0,0.0,0.0,0.0,0.0,0.0,0.0,0.0,0.0,0.0,0.0,0.0,0.0,0.0,69.2,0,150,71,54,65476,0,300,0,1,8,20529,65476,0,0,40632,65.0,0.0,0.0,0.0,0.0,0.0
2026-09-04T20:52:29,ERR,ERR,ERR,ERR,ERR,ERR,ERR,ERR,ERR,ERR,ERR,ERR,ERR,ERR,ERR,ERR,ERR,ERR,ERR,ERR,ERR,ERR,ERR,ERR,ERR,ERR,ERR,ERR,ERR,ERR,ERR,ERR,ERR,ERR,ERR,ERR,ERR,ERR,ERR,ERR,ERR,ERR,ERR,ERR,ERR,ERR,ERR,ERR,ERR,ERR,ERR,ERR,ERR,ERR,ERR,ERR,ERR,ERR,ERR,ERR,ERR,ERR,ERR,ERR,ERR,ERR,ERR,ERR,ERR,ERR,ERR,ERR,ERR,ERR,ERR,ERR,ERR,ERR,ERR,ERR,ERR,ERR,ERR,ERR,ERR,ERR,ERR,ERR,ERR,ERR,ERR,ERR,ERR,ERR,ERR,ERR,ERR,ERR,ERR,ERR,ERR,ERR,ERR,ERR,ERR,ERR,ERR,ERR,ERR,ERR,ERR,ERR,ERR,ERR,ERR,ERR,ERR,ERR,ERR,ERR,ERR,ERR,ERR,ERR,ERR,0.0,0.0,0.0,0.0,0.0,1.3936040501711995e+18,7.805,0.0,0,0,4,0,7116,0.0,100,0.0,0.0,0.0,0.0,0.0,0,0,0,0,0.0,0,0,0,0,0,0,0,0,0,0,0,0,0,0,0,0,0,0,0,0,0,0,0,0,0,0,0,0,0,0,0,0,0,31,40,40,71,65476,0,300,0,0,8,21553,0.0,-107605600.0,0.0,0.0,0.0,0.0,0.0,0.0,0.0,0.0,0.0,0.0,0.0,0.0,-2.596148429267414e+33,0.0,0.0,0.0,0.0,0.0,0.0,0.0,-0.0,2.004,2.004,-0.0,0.0,0.0,0.0,0.0,6396.0,-1.040670703999141e+34,6943.0,0.0,0.0,0.0,0.0,0.0,0.0,0.0,0.0,69,-0.0,-3.222023058662249e+26,0.0,0.0,0.0,0.0,0.0,0.0,0.0,0,0,0,0.0,0.0,0.0,0.0,0.0,0.0,0.0,0.0,0.0,0.0,0.0,0.0,0.0,0.0,0.0,0.0,0,-107875648.0,69,0.0,138,0.0,-0.0,0,13107,17040,13107,17049,0,17043,0,0,0,70,68,100,2.7302359370752657e+23,71.1,0.0,74.2,2.7302370179391762e+23,74.0,1,49,50,180,0,52429,0,0,0.0,0.0,0.0,0.0,-0.0,67.0,0.0,162057.094,0.0,750,0,739,0,0,0,721,0,765,0,735,0,742,0,741,0,712,0,7520,0.032,78920024064.0,0.0,0.0,784,16797,-0.0,162057.094,-114818.039,-0.0,0.133,6.909358625270745e+28,30.0,65.0,35,0.0,0.0,0.0,0.0,0.0,0.0,0.0,0.0,0.0,0.0,0.0,0.0,0.0,0.0,0.0,0.0,69.2,0,150,71,54,65476,0,300,0,1,8,20529,65476,0,0,40632,65.0,0.0,0.0,0.0,0.0,0.0
2026-09-04T20:52:30,ERR,ERR,ERR,ERR,ERR,ERR,ERR,ERR,ERR,ERR,ERR,ERR,ERR,ERR,ERR,ERR,ERR,ERR,ERR,ERR,ERR,ERR,ERR,ERR,ERR,ERR,ERR,ERR,ERR,ERR,ERR,ERR,ERR,ERR,ERR,ERR,ERR,ERR,ERR,ERR,ERR,ERR,ERR,ERR,ERR,ERR,ERR,ERR,ERR,ERR,ERR,ERR,ERR,ERR,ERR,ERR,ERR,ERR,ERR,ERR,ERR,ERR,ERR,ERR,ERR,ERR,ERR,ERR,ERR,ERR,ERR,ERR,ERR,ERR,ERR,ERR,ERR,ERR,ERR,ERR,ERR,ERR,ERR,ERR,ERR,ERR,ERR,ERR,ERR,ERR,ERR,ERR,ERR,ERR,ERR,ERR,ERR,ERR,ERR,ERR,ERR,ERR,ERR,ERR,ERR,ERR,ERR,ERR,ERR,ERR,ERR,ERR,ERR,ERR,ERR,ERR,ERR,ERR,ERR,ERR,ERR,ERR,ERR,ERR,ERR,0.0,0.0,0.0,0.0,0.0,1.3936040501711995e+18,7.805,0.0,0,0,4,0,7116,0.0,100,0.0,0.0,0.0,0.0,0.0,0,0,0,0,0.0,0,0,0,0,0,0,0,0,0,0,0,0,0,0,0,0,0,0,0,0,0,0,0,0,0,0,0,0,0,0,0,0,0,31,40,40,71,65476,0,300,0,0,8,21553,0.0,-107605600.0,0.0,0.0,0.0,0.0,0.0,0.0,0.0,0.0,0.0,0.0,0.0,0.0,-2.596148429267414e+33,0.0,0.0,0.0,0.0,0.0,0.0,0.0,-0.0,2.004,2.004,-0.0,0.0,0.0,0.0,0.0,6396.0,-1.040670703999141e+34,6943.0,0.0,0.0,0.0,0.0,0.0,0.0,0.0,0.0,69,-0.0,-3.222023058662249e+26,0.0,0.0,0.0,0.0,0.0,0.0,0.0,0,0,0,0.0,0.0,0.0,0.0,0.0,0.0,0.0,0.0,0.0,0.0,0.0,0.0,0.0,0.0,0.0,0.0,0,-107875648.0,69,0.0,138,0.0,-0.0,0,13107,17040,13107,17049,0,17043,0,0,0,70,68,100,2.7302359370752657e+23,71.1,0.0,74.2,2.7302370179391762e+23,74.0,1,49,50,180,0,52429,0,0,0.0,0.0,0.0,0.0,-0.0,67.0,0.0,162057.094,0.0,750,0,739,0,0,0,721,0,765,0,735,0,742,0,741,0,712,0,7520,0.032,78920024064.0,0.0,0.0,784,16797,-0.0,162057.094,-114818.039,-0.0,0.133,6.909358625270745e+28,30.0,65.0,35,0.0,0.0,0.0,0.0,0.0,0.0,0.0,0.0,0.0,0.0,0.0,0.0,0.0,0.0,0.0,0.0,69.2,0,150,71,54,65476,0,300,0,1,8,20529,65476,0,0,40632,65.0,0.0,0.0,0.0,0.0,0.0
2026-09-04T20:52:31,ERR,ERR,ERR,ERR,ERR,ERR,ERR,ERR,ERR,ERR,ERR,ERR,ERR,ERR,ERR,ERR,ERR,ERR,ERR,ERR,ERR,ERR,ERR,ERR,ERR,ERR,ERR,ERR,ERR,ERR,ERR,ERR,ERR,ERR,ERR,ERR,ERR,ERR,ERR,ERR,ERR,ERR,ERR,ERR,ERR,ERR,ERR,ERR,ERR,ERR,ERR,ERR,ERR,ERR,ERR,ERR,ERR,ERR,ERR,ERR,ERR,ERR,ERR,ERR,ERR,ERR,ERR,ERR,ERR,ERR,ERR,ERR,ERR,ERR,ERR,ERR,ERR,ERR,ERR,ERR,ERR,ERR,ERR,ERR,ERR,ERR,ERR,ERR,ERR,ERR,ERR,ERR,ERR,ERR,ERR,ERR,ERR,ERR,ERR,ERR,ERR,ERR,ERR,ERR,ERR,ERR,ERR,ERR,ERR,ERR,ERR,ERR,ERR,ERR,ERR,ERR,ERR,ERR,ERR,ERR,ERR,ERR,ERR,ERR,ERR,0.0,0.0,0.0,0.0,0.0,1.3936040501711995e+18,7.805,0.0,0,0,4,0,7116,0.0,100,0.0,0.0,0.0,0.0,0.0,0,0,0,0,0.0,0,0,0,0,0,0,0,0,0,0,0,0,0,0,0,0,0,0,0,0,0,0,0,0,0,0,0,0,0,0,0,0,0,31,40,40,71,65476,0,300,0,0,8,21553,0.0,-107605600.0,0.0,0.0,0.0,0.0,0.0,0.0,0.0,0.0,0.0,0.0,0.0,0.0,-2.596148429267414e+33,0.0,0.0,0.0,0.0,0.0,0.0,0.0,-0.0,2.004,2.004,-0.0,0.0,0.0,0.0,0.0,6396.0,-1.040670703999141e+34,6943.0,0.0,0.0,0.0,0.0,0.0,0.0,0.0,0.0,69,-0.0,-3.222023058662249e+26,0.0,0.0,0.0,0.0,0.0,0.0,0.0,0,0,0,0.0,0.0,0.0,0.0,0.0,0.0,0.0,0.0,0.0,0.0,0.0,0.0,0.0,0.0,0.0,0.0,0,-107875648.0,69,0.0,138,0.0,-0.0,0,13107,17040,13107,17049,0,17043,0,0,0,70,68,100,2.7302359370752657e+23,71.1,0.0,74.2,2.7302370179391762e+23,74.0,1,49,50,180,0,52429,0,0,0.0,0.0,0.0,0.0,-0.0,67.0,0.0,162057.094,0.0,750,0,739,0,0,0,721,0,765,0,735,0,742,0,741,0,712,0,7520,0.032,78920024064.0,0.0,0.0,784,16797,-0.0,162057.094,-114818.039,-0.0,0.133,6.909358625270745e+28,30.0,65.0,35,0.0,0.0,0.0,0.0,0.0,0.0,0.0,0.0,0.0,0.0,0.0,0.0,0.0,0.0,0.0,0.0,69.2,0,150,71,54,65476,0,300,0,1,8,20529,65476,0,0,40632,65.0,0.0,0.0,0.0,0.0,0.0
2026-09-04T20:52:32,ERR,ERR,ERR,ERR,ERR,ERR,ERR,ERR,ERR,ERR,ERR,ERR,ERR,ERR,ERR,ERR,ERR,ERR,ERR,ERR,ERR,ERR,ERR,ERR,ERR,ERR,ERR,ERR,ERR,ERR,ERR,ERR,ERR,ERR,ERR,ERR,ERR,ERR,ERR,ERR,ERR,ERR,ERR,ERR,ERR,ERR,ERR,ERR,ERR,ERR,ERR,ERR,ERR,ERR,ERR,ERR,ERR,ERR,ERR,ERR,ERR,ERR,ERR,ERR,ERR,ERR,ERR,ERR,ERR,ERR,ERR,ERR,ERR,ERR,ERR,ERR,ERR,ERR,ERR,ERR,ERR,ERR,ERR,ERR,ERR,ERR,ERR,ERR,ERR,ERR,ERR,ERR,ERR,ERR,ERR,ERR,ERR,ERR,ERR,ERR,ERR,ERR,ERR,ERR,ERR,ERR,ERR,ERR,ERR,ERR,ERR,ERR,ERR,ERR,ERR,ERR,ERR,ERR,ERR,ERR,ERR,ERR,ERR,ERR,ERR,0.0,0.0,0.0,0.0,0.0,1.3936040501711995e+18,7.805,0.0,0,0,4,0,7116,0.0,100,0.0,0.0,0.0,0.0,0.0,0,0,0,0,0.0,0,0,0,0,0,0,0,0,0,0,0,0,0,0,0,0,0,0,0,0,0,0,0,0,0,0,0,0,0,0,0,0,0,31,40,40,71,65476,0,300,0,0,8,21553,0.0,-107605600.0,0.0,0.0,0.0,0.0,0.0,0.0,0.0,0.0,0.0,0.0,0.0,0.0,-2.596148429267414e+33,0.0,0.0,0.0,0.0,0.0,0.0,0.0,-0.0,2.004,2.004,-0.0,0.0,0.0,0.0,0.0,6396.0,-1.040670703999141e+34,6943.0,0.0,0.0,0.0,0.0,0.0,0.0,0.0,0.0,69,-0.0,-3.222023058662249e+26,0.0,0.0,0.0,0.0,0.0,0.0,0.0,0,0,0,0.0,0.0,0.0,0.0,0.0,0.0,0.0,0.0,0.0,0.0,0.0,0.0,0.0,0.0,0.0,0.0,0,-107875648.0,69,0.0,138,0.0,-0.0,0,13107,17040,13107,17049,0,17043,0,0,0,70,68,100,2.7302359370752657e+23,71.1,0.0,74.2,2.7302370179391762e+23,74.0,1,49,50,180,0,52429,0,0,0.0,0.0,0.0,0.0,-0.0,67.0,0.0,162057.094,0.0,750,0,739,0,0,0,721,0,765,0,735,0,742,0,741,0,712,0,7520,0.032,78920024064.0,0.0,0.0,784,16797,-0.0,162057.094,-114818.039,-0.0,0.133,6.909358625270745e+28,30.0,65.0,35,0.0,0.0,0.0,0.0,0.0,0.0,0.0,0.0,0.0,0.0,0.0,0.0,0.0,0.0,0.0,0.0,69.2,0,150,71,54,65476,0,300,0,1,8,20529,65476,0,0,40632,65.0,0.0,0.0,0.0,0.0,0.0
2026-09-04T20:52:33,ERR,ERR,ERR,ERR,ERR,ERR,ERR,ERR,ERR,ERR,ERR,ERR,ERR,ERR,ERR,ERR,ERR,ERR,ERR,ERR,ERR,ERR,ERR,ERR,ERR,ERR,ERR,ERR,ERR,ERR,ERR,ERR,ERR,ERR,ERR,ERR,ERR,ERR,ERR,ERR,ERR,ERR,ERR,ERR,ERR,ERR,ERR,ERR,ERR,ERR,ERR,ERR,ERR,ERR,ERR,ERR,ERR,ERR,ERR,ERR,ERR,ERR,ERR,ERR,ERR,ERR,ERR,ERR,ERR,ERR,ERR,ERR,ERR,ERR,ERR,ERR,ERR,ERR,ERR,ERR,ERR,ERR,ERR,ERR,ERR,ERR,ERR,ERR,ERR,ERR,ERR,ERR,ERR,ERR,ERR,ERR,ERR,ERR,ERR,ERR,ERR,ERR,ERR,ERR,ERR,ERR,ERR,ERR,ERR,ERR,ERR,ERR,ERR,ERR,ERR,ERR,ERR,ERR,ERR,ERR,ERR,ERR,ERR,ERR,ERR,0.0,0.0,0.0,0.0,0.0,1.3936040501711995e+18,7.805,0.0,0,0,4,0,7116,0.0,100,0.0,0.0,0.0,0.0,0.0,0,0,0,0,0.0,0,0,0,0,0,0,0,0,0,0,0,0,0,0,0,0,0,0,0,0,0,0,0,0,0,0,0,0,0,0,0,0,0,31,40,40,71,65476,0,300,0,0,8,21553,0.0,-107605600.0,0.0,0.0,0.0,0.0,0.0,0.0,0.0,0.0,0.0,0.0,0.0,0.0,0.0,0.0,0.0,0.0,0.0,0.0,0.0,0.0,-2.004,2.004,2.004,-0.0,0.0,0.0,0.0,0.0,6393.0,-0.0,6931.0,0.0,0.0,0.0,0.0,0.0,0.0,0.0,0.0,69,-0.0,5.848077470904083e+35,0.0,0.0,0.0,0.0,0.0,0.0,0.0,0,0,0,0.0,0.0,0.0,0.0,0.0,0.0,0.0,0.0,0.0,0.0,0.0,0.0,0.0,0.0,0.0,0.0,0,-107875648.0,69,0.0,138,0.0,-0.0,0,13107,17040,13107,17049,0,17043,0,0,0,70,68,100,2.7302359370752657e+23,71.1,0.0,74.2,2.7302370179391762e+23,74.0,1,49,50,180,0,52429,0,0,0.0,0.0,0.0,0.0,-0.0,67.0,0.0,162057.094,0.0,750,0,739,0,0,0,721,0,766,0,735,0,742,0,741,0,712,0,7520,0.032,79456894976.0,0.0,0.0,784,16797,-0.0,162057.094,-114818.039,-0.0,0.133,6.909358625270745e+28,30.0,65.0,35,0.0,0.0,0.0,0.0,0.0,0.0,0.0,0.0,0.0,0.0,0.0,0.0,0.0,0.0,0.0,0.0,69.2,0,150,71,54,65476,0,300,0,1,8,20529,65476,0,0,40632,65.0,0.0,0.0,0.0,0.0,0.0
2026-09-04T20:52:34,ERR,ERR,ERR,ERR,ERR,ERR,ERR,ERR,ERR,ERR,ERR,ERR,ERR,ERR,ERR,ERR,ERR,ERR,ERR,ERR,ERR,ERR,ERR,ERR,ERR,ERR,ERR,ERR,ERR,ERR,ERR,ERR,ERR,ERR,ERR,ERR,ERR,ERR,ERR,ERR,ERR,ERR,ERR,ERR,ERR,ERR,ERR,ERR,ERR,ERR,ERR,ERR,ERR,ERR,ERR,ERR,ERR,ERR,ERR,ERR,ERR,ERR,ERR,ERR,ERR,ERR,ERR,ERR,ERR,ERR,ERR,ERR,ERR,ERR,ERR,ERR,ERR,ERR,ERR,ERR,ERR,ERR,ERR,ERR,ERR,ERR,ERR,ERR,ERR,ERR,ERR,ERR,ERR,ERR,ERR,ERR,ERR,ERR,ERR,ERR,ERR,ERR,ERR,ERR,ERR,ERR,ERR,ERR,ERR,ERR,ERR,ERR,ERR,ERR,ERR,ERR,ERR,ERR,ERR,ERR,ERR,ERR,ERR,ERR,ERR,0.0,0.0,0.0,0.0,0.0,1.3936040501711995e+18,7.805,0.0,0,0,4,0,7116,0.0,100,0.0,0.0,0.0,0.0,0.0,0,0,0,0,0.0,0,0,0,0,0,0,0,0,0,0,0,0,0,0,0,0,0,0,0,0,0,0,0,0,0,0,0,0,0,0,0,0,0,31,40,40,71,65476,0,300,0,0,8,21553,0.0,-107605600.0,0.0,0.0,0.0,0.0,0.0,0.0,0.0,0.0,0.0,0.0,0.0,0.0,0.0,0.0,0.0,0.0,0.0,0.0,0.0,0.0,-2.004,2.004,2.004,-0.0,0.0,0.0,0.0,0.0,6393.0,-0.0,6931.0,0.0,0.0,0.0,0.0,0.0,0.0,0.0,0.0,69,-0.0,5.848077470904083e+35,0.0,0.0,0.0,0.0,0.0,0.0,0.0,0,0,0,0.0,0.0,0.0,0.0,0.0,0.0,0.0,0.0,0.0,0.0,0.0,0.0,0.0,0.0,0.0,0.0,0,-107875648.0,69,0.0,138,0.0,-0.0,0,13107,17040,13107,17049,0,17043,0,0,0,70,68,100,2.7302359370752657e+23,71.1,0.0,74.2,2.7302370179391762e+23,74.0,1,49,50,180,0,52429,0,0,0.0,0.0,0.0,0.0,-0.0,67.0,0.0,162057.094,0.0,750,0,739,0,0,0,721,0,766,0,735,0,742,0,741,0,712,0,7520,0.032,79456894976.0,0.0,0.0,784,16797,-0.0,162057.094,-114818.039,-0.0,0.133,6.909358625270745e+28,30.0,65.0,35,0.0,0.0,0.0,0.0,0.0,0.0,0.0,0.0,0.0,0.0,0.0,0.0,0.0,0.0,0.0,0.0,69.2,0,150,71,54,65476,0,300,0,1,8,20529,65476,0,0,40632,65.0,0.0,0.0,0.0,0.0,0.0
2026-09-04T20:52:35,ERR,ERR,ERR,ERR,ERR,ERR,ERR,ERR,ERR,ERR,ERR,ERR,ERR,ERR,ERR,ERR,ERR,ERR,ERR,ERR,ERR,ERR,ERR,ERR,ERR,ERR,ERR,ERR,ERR,ERR,ERR,ERR,ERR,ERR,ERR,ERR,ERR,ERR,ERR,ERR,ERR,ERR,ERR,ERR,ERR,ERR,ERR,ERR,ERR,ERR,ERR,ERR,ERR,ERR,ERR,ERR,ERR,ERR,ERR,ERR,ERR,ERR,ERR,ERR,ERR,ERR,ERR,ERR,ERR,ERR,ERR,ERR,ERR,ERR,ERR,ERR,ERR,ERR,ERR,ERR,ERR,ERR,ERR,ERR,ERR,ERR,ERR,ERR,ERR,ERR,ERR,ERR,ERR,ERR,ERR,ERR,ERR,ERR,ERR,ERR,ERR,ERR,ERR,ERR,ERR,ERR,ERR,ERR,ERR,ERR,ERR,ERR,ERR,ERR,ERR,ERR,ERR,ERR,ERR,ERR,ERR,ERR,ERR,ERR,ERR,0.0,0.0,0.0,0.0,0.0,1.3936040501711995e+18,7.805,0.0,0,0,4,0,7116,0.0,100,0.0,0.0,0.0,0.0,0.0,0,0,0,0,0.0,0,0,0,0,0,0,0,0,0,0,0,0,0,0,0,0,0,0,0,0,0,0,0,0,0,0,0,0,0,0,0,0,0,31,40,40,71,65476,0,300,0,0,8,21553,0.0,-107605600.0,0.0,0.0,0.0,0.0,0.0,0.0,0.0,0.0,0.0,0.0,0.0,0.0,0.0,0.0,0.0,0.0,0.0,0.0,0.0,0.0,-2.004,2.004,2.004,-0.0,0.0,0.0,0.0,0.0,6393.0,-0.0,6931.0,0.0,0.0,0.0,0.0,0.0,0.0,0.0,0.0,69,-0.0,5.848077470904083e+35,0.0,0.0,0.0,0.0,0.0,0.0,0.0,0,0,0,0.0,0.0,0.0,0.0,0.0,0.0,0.0,0.0,0.0,0.0,0.0,0.0,0.0,0.0,0.0,0.0,0,-107875648.0,69,0.0,138,0.0,-0.0,0,13107,17040,13107,17049,0,17043,0,0,0,70,68,100,2.7302359370752657e+23,71.1,0.0,74.2,2.7302370179391762e+23,74.0,1,49,50,180,0,52429,0,0,0.0,0.0,0.0,0.0,-0.0,67.0,0.0,162057.094,0.0,750,0,739,0,0,0,721,0,766,0,735,0,742,0,741,0,712,0,7520,0.032,79456894976.0,0.0,0.0,784,16797,-0.0,162057.094,-114818.039,-0.0,0.133,6.909358625270745e+28,30.0,65.0,35,0.0,0.0,0.0,0.0,0.0,0.0,0.0,0.0,0.0,0.0,0.0,0.0,0.0,0.0,0.0,0.0,69.6,0,150,71,54,65476,0,300,0,1,8,20529,65476,0,0,40632,65.0,0.0,0.0,0.0,0.0,0.0
2026-09-04T20:52:36,ERR,ERR,ERR,ERR,ERR,ERR,ERR,ERR,ERR,ERR,ERR,ERR,ERR,ERR,ERR,ERR,ERR,ERR,ERR,ERR,ERR,ERR,ERR,ERR,ERR,ERR,ERR,ERR,ERR,ERR,ERR,ERR,ERR,ERR,ERR,ERR,ERR,ERR,ERR,ERR,ERR,ERR,ERR,ERR,ERR,ERR,ERR,ERR,ERR,ERR,ERR,ERR,ERR,ERR,ERR,ERR,ERR,ERR,ERR,ERR,ERR,ERR,ERR,ERR,ERR,ERR,ERR,ERR,ERR,ERR,ERR,ERR,ERR,ERR,ERR,ERR,ERR,ERR,ERR,ERR,ERR,ERR,ERR,ERR,ERR,ERR,ERR,ERR,ERR,ERR,ERR,ERR,ERR,ERR,ERR,ERR,ERR,ERR,ERR,ERR,ERR,ERR,ERR,ERR,ERR,ERR,ERR,ERR,ERR,ERR,ERR,ERR,ERR,ERR,ERR,ERR,ERR,ERR,ERR,ERR,ERR,ERR,ERR,ERR,ERR,0.0,0.0,0.0,0.0,0.0,1.3936040501711995e+18,7.805,0.0,0,0,4,0,7116,0.0,100,0.0,0.0,0.0,0.0,0.0,0,0,0,0,0.0,0,0,0,0,0,0,0,0,0,0,0,0,0,0,0,0,0,0,0,0,0,0,0,0,0,0,0,0,0,0,0,0,0,31,40,40,71,65476,0,300,0,0,8,21553,0.0,-107605600.0,0.0,0.0,0.0,0.0,0.0,0.0,0.0,0.0,0.0,0.0,0.0,0.0,0.0,0.0,0.0,0.0,0.0,0.0,0.0,0.0,-2.004,2.004,2.004,-0.0,0.0,0.0,0.0,0.0,6393.0,-0.0,6931.0,0.0,0.0,0.0,0.0,0.0,0.0,0.0,0.0,69,-0.0,5.848077470904083e+35,0.0,0.0,0.0,0.0,0.0,0.0,0.0,0,0,0,0.0,0.0,0.0,0.0,0.0,0.0,0.0,0.0,0.0,0.0,0.0,0.0,0.0,0.0,0.0,0.0,0,-107875648.0,69,0.0,138,0.0,-0.0,0,13107,17040,13107,17049,0,17043,0,0,0,70,68,100,2.7302359370752657e+23,71.1,0.0,74.2,2.7302370179391762e+23,74.0,1,49,50,180,0,52429,0,0,0.0,0.0,0.0,0.0,-0.0,67.0,0.0,162057.094,0.0,750,0,739,0,0,0,721,0,766,0,735,0,742,0,741,0,712,0,7520,0.032,79456894976.0,0.0,0.0,784,16797,-0.0,162057.094,-114818.039,-0.0,0.133,6.909358625270745e+28,30.0,65.0,35,0.0,0.0,0.0,0.0,0.0,0.0,0.0,0.0,0.0,0.0,0.0,0.0,0.0,0.0,0.0,0.0,69.6,0,150,71,54,65476,0,300,0,1,8,20529,65476,0,0,40632,65.0,0.0,0.0,0.0,0.0,0.0
2026-09-04T20:52:37,ERR,ERR,ERR,ERR,ERR,ERR,ERR,ERR,ERR,ERR,ERR,ERR,ERR,ERR,ERR,ERR,ERR,ERR,ERR,ERR,ERR,ERR,ERR,ERR,ERR,ERR,ERR,ERR,ERR,ERR,ERR,ERR,ERR,ERR,ERR,ERR,ERR,ERR,ERR,ERR,ERR,ERR,ERR,ERR,ERR,ERR,ERR,ERR,ERR,ERR,ERR,ERR,ERR,ERR,ERR,ERR,ERR,ERR,ERR,ERR,ERR,ERR,ERR,ERR,ERR,ERR,ERR,ERR,ERR,ERR,ERR,ERR,ERR,ERR,ERR,ERR,ERR,ERR,ERR,ERR,ERR,ERR,ERR,ERR,ERR,ERR,ERR,ERR,ERR,ERR,ERR,ERR,ERR,ERR,ERR,ERR,ERR,ERR,ERR,ERR,ERR,ERR,ERR,ERR,ERR,ERR,ERR,ERR,ERR,ERR,ERR,ERR,ERR,ERR,ERR,ERR,ERR,ERR,ERR,ERR,ERR,ERR,ERR,ERR,ERR,0.0,0.0,0.0,0.0,0.0,1.3936040501711995e+18,7.805,0.0,0,0,4,0,7116,0.0,100,0.0,0.0,0.0,0.0,0.0,0,0,0,0,0.0,0,0,0,0,0,0,0,0,0,0,0,0,0,0,0,0,0,0,0,0,0,0,0,0,0,0,0,0,0,0,0,0,0,31,40,40,71,65476,0,300,0,0,8,21553,0.0,-107605600.0,0.0,0.0,0.0,0.0,0.0,0.0,0.0,0.0,0.0,0.0,0.0,0.0,0.0,0.0,0.0,0.0,0.0,0.0,0.0,0.0,-2.004,2.004,2.004,-0.0,0.0,0.0,0.0,0.0,6393.0,-0.0,6931.0,0.0,0.0,0.0,0.0,0.0,0.0,0.0,0.0,69,-0.0,5.848077470904083e+35,0.0,0.0,0.0,0.0,0.0,0.0,0.0,0,0,0,0.0,0.0,0.0,0.0,0.0,0.0,0.0,0.0,0.0,0.0,0.0,0.0,0.0,0.0,0.0,0.0,0,-107875648.0,69,0.0,138,0.0,-0.0,0,13107,17040,13107,17049,0,17043,0,0,0,70,68,100,2.7302359370752657e+23,71.1,0.0,74.2,2.7302370179391762e+23,74.0,1,49,50,180,0,52429,0,0,0.0,0.0,0.0,0.0,-0.0,67.0,0.0,162057.094,0.0,750,0,739,0,0,0,721,0,766,0,735,0,742,0,741,0,712,0,7520,0.032,79456894976.0,0.0,0.0,784,16797,-0.0,162057.094,-114818.039,-0.0,0.133,6.909358625270745e+28,30.0,65.0,35,0.0,0.0,0.0,0.0,0.0,0.0,0.0,0.0,0.0,0.0,0.0,0.0,0.0,0.0,0.0,0.0,69.2,0,150,71,54,65476,0,300,0,1,8,20529,65476,0,0,40632,65.0,0.0,0.0,0.0,0.0,0.0
2026-09-04T20:52:38,ERR,ERR,ERR,ERR,ERR,ERR,ERR,ERR,ERR,ERR,ERR,ERR,ERR,ERR,ERR,ERR,ERR,ERR,ERR,ERR,ERR,ERR,ERR,ERR,ERR,ERR,ERR,ERR,ERR,ERR,ERR,ERR,ERR,ERR,ERR,ERR,ERR,ERR,ERR,ERR,ERR,ERR,ERR,ERR,ERR,ERR,ERR,ERR,ERR,ERR,ERR,ERR,ERR,ERR,ERR,ERR,ERR,ERR,ERR,ERR,ERR,ERR,ERR,ERR,ERR,ERR,ERR,ERR,ERR,ERR,ERR,ERR,ERR,ERR,ERR,ERR,ERR,ERR,ERR,ERR,ERR,ERR,ERR,ERR,ERR,ERR,ERR,ERR,ERR,ERR,ERR,ERR,ERR,ERR,ERR,ERR,ERR,ERR,ERR,ERR,ERR,ERR,ERR,ERR,ERR,ERR,ERR,ERR,ERR,ERR,ERR,ERR,ERR,ERR,ERR,ERR,ERR,ERR,ERR,ERR,ERR,ERR,ERR,ERR,ERR,0.0,0.0,0.0,0.0,0.0,1.3936040501711995e+18,7.805,0.0,0,0,4,0,7116,0.0,100,0.0,0.0,0.0,0.0,0.0,0,0,0,0,0.0,0,0,0,0,0,0,0,0,0,0,0,0,0,0,0,0,0,0,0,0,0,0,0,0,0,0,0,0,0,0,0,0,0,31,40,40,71,65476,0,300,0,0,8,21553,0.0,-107605600.0,0.0,0.0,0.0,0.0,0.0,0.0,0.0,0.0,0.0,0.0,0.0,0.0,0.0,0.0,0.0,0.0,0.0,0.0,0.0,0.0,-2.004,2.004,2.004,-0.0,0.0,0.0,0.0,0.0,6393.0,-0.0,6931.0,0.0,0.0,0.0,0.0,0.0,0.0,0.0,0.0,69,-0.0,5.848077470904083e+35,0.0,0.0,0.0,0.0,0.0,0.0,0.0,0,0,0,0.0,0.0,0.0,0.0,0.0,0.0,0.0,0.0,0.0,0.0,0.0,0.0,0.0,0.0,0.0,0.0,0,-107875648.0,69,0.0,138,0.0,-0.0,0,13107,17040,13107,17049,0,17043,0,0,0,70,68,100,2.7302359370752657e+23,71.1,0.0,74.2,2.7302370179391762e+23,74.0,1,49,50,180,0,52429,0,0,0.0,0.0,0.0,0.0,-0.0,67.0,0.0,162057.094,0.0,750,0,739,0,0,0,721,0,766,0,735,0,742,0,741,0,712,0,7520,0.032,79456894976.0,0.0,0.0,784,16797,-0.0,162057.094,-114818.039,-0.0,0.133,6.909358625270745e+28,30.0,65.0,35,0.0,0.0,0.0,0.0,0.0,0.0,0.0,0.0,0.0,0.0,0.0,0.0,0.0,0.0,0.0,0.0,69.2,0,150,71,54,65476,0,300,0,1,8,20529,65476,0,0,40632,65.0,0.0,0.0,0.0,0.0,0.0
2026-09-04T20:52:39,ERR,ERR,ERR,ERR,ERR,ERR,ERR,ERR,ERR,ERR,ERR,ERR,ERR,ERR,ERR,ERR,ERR,ERR,ERR,ERR,ERR,ERR,ERR,ERR,ERR,ERR,ERR,ERR,ERR,ERR,ERR,ERR,ERR,ERR,ERR,ERR,ERR,ERR,ERR,ERR,ERR,ERR,ERR,ERR,ERR,ERR,ERR,ERR,ERR,ERR,ERR,ERR,ERR,ERR,ERR,ERR,ERR,ERR,ERR,ERR,ERR,ERR,ERR,ERR,ERR,ERR,ERR,ERR,ERR,ERR,ERR,ERR,ERR,ERR,ERR,ERR,ERR,ERR,ERR,ERR,ERR,ERR,ERR,ERR,ERR,ERR,ERR,ERR,ERR,ERR,ERR,ERR,ERR,ERR,ERR,ERR,ERR,ERR,ERR,ERR,ERR,ERR,ERR,ERR,ERR,ERR,ERR,ERR,ERR,ERR,ERR,ERR,ERR,ERR,ERR,ERR,ERR,ERR,ERR,ERR,ERR,ERR,ERR,ERR,ERR,0.0,0.0,0.0,0.0,0.0,1.3936040501711995e+18,7.805,0.0,0,0,4,0,7116,0.0,100,0.0,0.0,0.0,0.0,0.0,0,0,0,0,0.0,0,0,0,0,0,0,0,0,0,0,0,0,0,0,0,0,0,0,0,0,0,0,0,0,0,0,0,0,0,0,0,0,0,31,40,40,71,65476,0,300,0,0,8,21553,0.0,-107605600.0,0.0,0.0,0.0,0.0,0.0,0.0,0.0,0.0,0.0,0.0,0.0,0.0,0.0,0.0,0.0,0.0,0.0,0.0,0.0,0.0,-2.004,2.004,2.004,-0.0,0.0,0.0,0.0,0.0,6393.0,-0.0,6931.0,0.0,0.0,0.0,0.0,0.0,0.0,0.0,0.0,69,-0.0,5.848077470904083e+35,0.0,0.0,0.0,0.0,0.0,0.0,0.0,0,0,0,0.0,0.0,0.0,0.0,0.0,0.0,0.0,0.0,0.0,0.0,0.0,0.0,0.0,0.0,0.0,0.0,0,-107875648.0,69,0.0,138,0.0,-0.0,0,13107,17040,13107,17049,0,17043,0,0,0,70,68,100,2.7302359370752657e+23,71.1,0.0,74.2,2.7302370179391762e+23,74.0,1,49,50,180,0,52429,0,0,0.0,0.0,0.0,0.0,-0.0,67.0,0.0,162057.094,0.0,750,0,739,0,0,0,721,0,766,0,735,0,742,0,741,0,712,0,7520,0.032,79456894976.0,0.0,0.0,784,16797,-0.0,162057.094,-114818.039,-0.0,0.133,6.909358625270745e+28,30.0,65.0,35,0.0,0.0,0.0,0.0,0.0,0.0,0.0,0.0,0.0,0.0,0.0,0.0,0.0,0.0,0.0,0.0,69.2,0,150,71,54,65476,0,300,0,1,8,20529,65476,0,0,40632,65.0,0.0,0.0,0.0,0.0,0.0
2026-09-04T20:52:40,ERR,ERR,ERR,ERR,ERR,ERR,ERR,ERR,ERR,ERR,ERR,ERR,ERR,ERR,ERR,ERR,ERR,ERR,ERR,ERR,ERR,ERR,ERR,ERR,ERR,ERR,ERR,ERR,ERR,ERR,ERR,ERR,ERR,ERR,ERR,ERR,ERR,ERR,ERR,ERR,ERR,ERR,ERR,ERR,ERR,ERR,ERR,ERR,ERR,ERR,ERR,ERR,ERR,ERR,ERR,ERR,ERR,ERR,ERR,ERR,ERR,ERR,ERR,ERR,ERR,ERR,ERR,ERR,ERR,ERR,ERR,ERR,ERR,ERR,ERR,ERR,ERR,ERR,ERR,ERR,ERR,ERR,ERR,ERR,ERR,ERR,ERR,ERR,ERR,ERR,ERR,ERR,ERR,ERR,ERR,ERR,ERR,ERR,ERR,ERR,ERR,ERR,ERR,ERR,ERR,ERR,ERR,ERR,ERR,ERR,ERR,ERR,ERR,ERR,ERR,ERR,ERR,ERR,ERR,ERR,ERR,ERR,ERR,ERR,ERR,0.0,0.0,0.0,0.0,0.0,1.3936040501711995e+18,7.805,0.0,0,0,4,0,7116,0.0,100,0.0,0.0,0.0,0.0,0.0,0,0,0,0,0.0,0,0,0,0,0,0,0,0,0,0,0,0,0,0,0,0,0,0,0,0,0,0,0,0,0,0,0,0,0,0,0,0,0,31,40,40,71,65476,0,300,0,0,8,21553,0.0,-107605600.0,0.0,0.0,0.0,0.0,0.0,0.0,0.0,0.0,0.0,0.0,0.0,0.0,0.0,0.0,0.0,0.0,0.0,0.0,0.0,0.0,-2.004,2.004,2.004,-0.0,0.0,0.0,0.0,0.0,6393.0,-0.0,6931.0,0.0,0.0,0.0,0.0,0.0,0.0,0.0,0.0,69,-0.0,5.848077470904083e+35,0.0,0.0,0.0,0.0,0.0,0.0,0.0,0,0,0,0.0,0.0,0.0,0.0,0.0,0.0,0.0,0.0,0.0,0.0,0.0,0.0,0.0,0.0,0.0,0.0,0,-107875648.0,69,0.0,138,0.0,-0.0,0,13107,17040,13107,17049,0,17043,0,0,0,70,68,100,2.7302359370752657e+23,71.1,0.0,74.2,2.7302370179391762e+23,74.0,1,49,50,180,0,52429,0,0,0.0,0.0,0.0,0.0,-0.0,67.0,0.0,162057.094,0.0,750,0,739,0,0,0,721,0,766,0,735,0,742,0,741,0,712,0,7520,0.032,79456894976.0,0.0,0.0,784,16797,-0.0,162057.094,-114818.039,-0.0,0.133,6.909358625270745e+28,30.0,65.0,35,0.0,0.0,0.0,0.0,0.0,0.0,0.0,0.0,0.0,0.0,0.0,0.0,0.0,0.0,0.0,0.0,69.2,0,150,71,54,65476,0,300,0,1,8,20529,65476,0,0,40632,65.0,0.0,0.0,0.0,0.0,0.0
2026-09-04T20:52:41,ERR,ERR,ERR,ERR,ERR,ERR,ERR,ERR,ERR,ERR,ERR,ERR,ERR,ERR,ERR,ERR,ERR,ERR,ERR,ERR,ERR,ERR,ERR,ERR,ERR,ERR,ERR,ERR,ERR,ERR,ERR,ERR,ERR,ERR,ERR,ERR,ERR,ERR,ERR,ERR,ERR,ERR,ERR,ERR,ERR,ERR,ERR,ERR,ERR,ERR,ERR,ERR,ERR,ERR,ERR,ERR,ERR,ERR,ERR,ERR,ERR,ERR,ERR,ERR,ERR,ERR,ERR,ERR,ERR,ERR,ERR,ERR,ERR,ERR,ERR,ERR,ERR,ERR,ERR,ERR,ERR,ERR,ERR,ERR,ERR,ERR,ERR,ERR,ERR,ERR,ERR,ERR,ERR,ERR,ERR,ERR,ERR,ERR,ERR,ERR,ERR,ERR,ERR,ERR,ERR,ERR,ERR,ERR,ERR,ERR,ERR,ERR,ERR,ERR,ERR,ERR,ERR,ERR,ERR,ERR,ERR,ERR,ERR,ERR,ERR,0.0,0.0,0.0,0.0,0.0,1.3936040501711995e+18,7.805,0.0,0,0,4,0,7116,0.0,100,0.0,0.0,0.0,0.0,0.0,0,0,0,0,0.0,0,0,0,0,0,0,0,0,0,0,0,0,0,0,0,0,0,0,0,0,0,0,0,0,0,0,0,0,0,0,0,0,0,31,40,40,71,65476,0,300,0,0,8,21553,0.0,-107605600.0,0.0,0.0,0.0,0.0,0.0,0.0,0.0,0.0,0.0,0.0,0.0,0.0,0.0,0.0,0.0,0.0,0.0,0.0,0.0,0.0,-0.0,2.004,2.004,-0.0,0.0,0.0,0.0,0.0,6365.0,-1.5879372866899675e+29,6942.0,0.0,0.0,0.0,0.0,0.0,0.0,0.0,0.0,69,-0.0,126840979456.0,0.0,0.0,0.0,0.0,0.0,0.0,0.0,0,0,0,0.0,0.0,0.0,0.0,0.0,0.0,0.0,0.0,0.0,0.0,0.0,0.0,0.0,0.0,0.0,0.0,0,-107875648.0,69,0.0,138,0.0,-0.0,0,13107,17040,13107,17049,0,17043,0,0,0,70,68,100,2.7302359370752657e+23,71.1,0.0,74.2,2.7302370179391762e+23,74.0,1,49,50,180,0,52429,0,0,0.0,0.0,0.0,0.0,-0.0,67.0,0.0,162057.094,0.0,750,0,739,0,0,0,721,0,766,0,735,0,742,0,741,0,712,0,7520,0.032,79456894976.0,0.0,0.0,784,16797,-0.0,162057.094,-114818.039,-0.0,0.133,6.909358625270745e+28,30.0,65.0,35,0.0,0.0,0.0,0.0,0.0,0.0,0.0,0.0,0.0,0.0,0.0,0.0,0.0,0.0,0.0,0.0,69.2,0,150,71,54,65476,0,300,0,1,8,20529,65476,0,0,40632,65.0,0.0,0.0,0.0,0.0,0.0
2026-09-04T20:52:42,ERR,ERR,ERR,ERR,ERR,ERR,ERR,ERR,ERR,ERR,ERR,ERR,ERR,ERR,ERR,ERR,ERR,ERR,ERR,ERR,ERR,ERR,ERR,ERR,ERR,ERR,ERR,ERR,ERR,ERR,ERR,ERR,ERR,ERR,ERR,ERR,ERR,ERR,ERR,ERR,ERR,ERR,ERR,ERR,ERR,ERR,ERR,ERR,ERR,ERR,ERR,ERR,ERR,ERR,ERR,ERR,ERR,ERR,ERR,ERR,ERR,ERR,ERR,ERR,ERR,ERR,ERR,ERR,ERR,ERR,ERR,ERR,ERR,ERR,ERR,ERR,ERR,ERR,ERR,ERR,ERR,ERR,ERR,ERR,ERR,ERR,ERR,ERR,ERR,ERR,ERR,ERR,ERR,ERR,ERR,ERR,ERR,ERR,ERR,ERR,ERR,ERR,ERR,ERR,ERR,ERR,ERR,ERR,ERR,ERR,ERR,ERR,ERR,ERR,ERR,ERR,ERR,ERR,ERR,ERR,ERR,ERR,ERR,ERR,ERR,0.0,0.0,0.0,0.0,0.0,1.3936040501711995e+18,7.805,0.0,0,0,4,0,7116,0.0,100,0.0,0.0,0.0,0.0,0.0,0,0,0,0,0.0,0,0,0,0,0,0,0,0,0,0,0,0,0,0,0,0,0,0,0,0,0,0,0,0,0,0,0,0,0,0,0,0,0,31,40,40,71,65476,0,300,0,0,8,21553,0.0,-107605600.0,0.0,0.0,0.0,0.0,0.0,0.0,0.0,0.0,0.0,0.0,0.0,0.0,0.0,0.0,0.0,0.0,0.0,0.0,0.0,0.0,-0.0,2.004,2.004,-0.0,0.0,0.0,0.0,0.0,6365.0,-1.5879372866899675e+29,6942.0,0.0,0.0,0.0,0.0,0.0,0.0,0.0,0.0,69,-0.0,126840979456.0,0.0,0.0,0.0,0.0,0.0,0.0,0.0,0,0,0,0.0,0.0,0.0,0.0,0.0,0.0,0.0,0.0,0.0,0.0,0.0,0.0,0.0,0.0,0.0,0.0,0,-107875648.0,69,0.0,138,0.0,-0.0,0,13107,17040,13107,17049,0,17043,0,0,0,70,68,100,2.7302359370752657e+23,71.1,0.0,74.2,2.7302370179391762e+23,74.0,1,49,50,180,0,52429,0,0,0.0,0.0,0.0,0.0,-0.0,67.0,0.0,162057.094,0.0,750,0,739,0,0,0,721,0,766,0,735,0,742,0,741,0,712,0,7520,0.032,79456894976.0,0.0,0.0,784,16797,-0.0,162057.094,-114818.039,-0.0,0.133,6.909358625270745e+28,30.0,65.0,35,0.0,0.0,0.0,0.0,0.0,0.0,0.0,0.0,0.0,0.0,0.0,0.0,0.0,0.0,0.0,0.0,69.2,0,150,71,54,65476,0,300,0,1,8,20529,65476,0,0,40632,65.0,0.0,0.0,0.0,0.0,0.0
2026-09-04T20:52:43,ERR,ERR,ERR,ERR,ERR,ERR,ERR,ERR,ERR,ERR,ERR,ERR,ERR,ERR,ERR,ERR,ERR,ERR,ERR,ERR,ERR,ERR,ERR,ERR,ERR,ERR,ERR,ERR,ERR,ERR,ERR,ERR,ERR,ERR,ERR,ERR,ERR,ERR,ERR,ERR,ERR,ERR,ERR,ERR,ERR,ERR,ERR,ERR,ERR,ERR,ERR,ERR,ERR,ERR,ERR,ERR,ERR,ERR,ERR,ERR,ERR,ERR,ERR,ERR,ERR,ERR,ERR,ERR,ERR,ERR,ERR,ERR,ERR,ERR,ERR,ERR,ERR,ERR,ERR,ERR,ERR,ERR,ERR,ERR,ERR,ERR,ERR,ERR,ERR,ERR,ERR,ERR,ERR,ERR,ERR,ERR,ERR,ERR,ERR,ERR,ERR,ERR,ERR,ERR,ERR,ERR,ERR,ERR,ERR,ERR,ERR,ERR,ERR,ERR,ERR,ERR,ERR,ERR,ERR,ERR,ERR,ERR,ERR,ERR,ERR,0.0,0.0,0.0,0.0,0.0,1.3936040501711995e+18,7.805,0.0,0,0,4,0,7116,0.0,100,0.0,0.0,0.0,0.0,0.0,0,0,0,0,0.0,0,0,0,0,0,0,0,0,0,0,0,0,0,0,0,0,0,0,0,0,0,0,0,0,0,0,0,0,0,0,0,0,0,31,40,40,71,65476,0,300,0,0,8,21553,0.0,-107605600.0,0.0,0.0,0.0,0.0,0.0,0.0,0.0,0.0,0.0,0.0,0.0,0.0,0.0,0.0,0.0,0.0,0.0,0.0,0.0,0.0,-0.0,2.004,2.004,-0.0,0.0,0.0,0.0,0.0,6365.0,-1.5879372866899675e+29,6942.0,0.0,0.0,0.0,0.0,0.0,0.0,0.0,0.0,69,-0.0,126840979456.0,0.0,0.0,0.0,0.0,0.0,0.0,0.0,0,0,0,0.0,0.0,0.0,0.0,0.0,0.0,0.0,0.0,0.0,0.0,0.0,0.0,0.0,0.0,0.0,0.0,0,-107875648.0,69,0.0,138,0.0,-0.0,0,13107,17040,13107,17049,0,17043,0,0,0,70,68,100,2.7302359370752657e+23,71.1,0.0,74.2,2.7302370179391762e+23,74.0,1,49,50,180,0,52429,0,0,0.0,0.0,0.0,0.0,-0.0,67.0,0.0,162057.094,0.0,750,0,739,0,0,0,721,0,766,0,735,0,742,0,741,0,712,0,7520,0.032,79456894976.0,0.0,0.0,784,16797,-0.0,162057.094,-114818.039,-0.0,0.133,6.909358625270745e+28,30.0,65.0,35,0.0,0.0,0.0,0.0,0.0,0.0,0.0,0.0,0.0,0.0,0.0,0.0,0.0,0.0,0.0,0.0,69.2,0,150,71,54,65476,0,300,0,1,8,20529,65476,0,0,40632,65.0,0.0,0.0,0.0,0.0,0.0
2026-09-04T20:52:44,ERR,ERR,ERR,ERR,ERR,ERR,ERR,ERR,ERR,ERR,ERR,ERR,ERR,ERR,ERR,ERR,ERR,ERR,ERR,ERR,ERR,ERR,ERR,ERR,ERR,ERR,ERR,ERR,ERR,ERR,ERR,ERR,ERR,ERR,ERR,ERR,ERR,ERR,ERR,ERR,ERR,ERR,ERR,ERR,ERR,ERR,ERR,ERR,ERR,ERR,ERR,ERR,ERR,ERR,ERR,ERR,ERR,ERR,ERR,ERR,ERR,ERR,ERR,ERR,ERR,ERR,ERR,ERR,ERR,ERR,ERR,ERR,ERR,ERR,ERR,ERR,ERR,ERR,ERR,ERR,ERR,ERR,ERR,ERR,ERR,ERR,ERR,ERR,ERR,ERR,ERR,ERR,ERR,ERR,ERR,ERR,ERR,ERR,ERR,ERR,ERR,ERR,ERR,ERR,ERR,ERR,ERR,ERR,ERR,ERR,ERR,ERR,ERR,ERR,ERR,ERR,ERR,ERR,ERR,ERR,ERR,ERR,ERR,ERR,ERR,0.0,0.0,0.0,0.0,0.0,1.3936040501711995e+18,7.805,0.0,0,0,4,0,7116,0.0,100,0.0,0.0,0.0,0.0,0.0,0,0,0,0,0.0,0,0,0,0,0,0,0,0,0,0,0,0,0,0,0,0,0,0,0,0,0,0,0,0,0,0,0,0,0,0,0,0,0,31,40,40,71,65476,0,300,0,0,8,21553,0.0,-107605600.0,0.0,0.0,0.0,0.0,0.0,0.0,0.0,0.0,0.0,0.0,0.0,0.0,0.0,0.0,0.0,0.0,0.0,0.0,0.0,0.0,-0.0,2.004,2.004,-0.0,0.0,0.0,0.0,0.0,6365.0,-1.5879372866899675e+29,6942.0,0.0,0.0,0.0,0.0,0.0,0.0,0.0,0.0,69,-0.0,126840979456.0,0.0,0.0,0.0,0.0,0.0,0.0,0.0,0,0,0,0.0,0.0,0.0,0.0,0.0,0.0,0.0,0.0,0.0,0.0,0.0,0.0,0.0,0.0,0.0,0.0,0,-107875648.0,69,0.0,138,0.0,-0.0,0,13107,17040,13107,17049,0,17043,0,0,0,70,68,100,2.7302359370752657e+23,71.1,0.0,74.2,2.7302370179391762e+23,74.0,1,49,50,180,0,52429,0,0,0.0,0.0,0.0,0.0,-0.0,67.0,0.0,162057.094,0.0,750,0,739,0,0,0,721,0,766,0,735,0,742,0,741,0,712,0,7520,0.032,79456894976.0,0.0,0.0,784,16797,-0.0,162057.094,-114818.039,-0.0,0.133,6.909358625270745e+28,30.0,65.0,35,0.0,0.0,0.0,0.0,0.0,0.0,0.0,0.0,0.0,0.0,0.0,0.0,0.0,0.0,0.0,0.0,69.2,0,150,71,54,65476,0,300,0,1,8,20529,65476,0,0,40632,65.0,0.0,0.0,0.0,0.0,0.0
2026-09-04T20:52:45,ERR,ERR,ERR,ERR,ERR,ERR,ERR,ERR,ERR,ERR,ERR,ERR,ERR,ERR,ERR,ERR,ERR,ERR,ERR,ERR,ERR,ERR,ERR,ERR,ERR,ERR,ERR,ERR,ERR,ERR,ERR,ERR,ERR,ERR,ERR,ERR,ERR,ERR,ERR,ERR,ERR,ERR,ERR,ERR,ERR,ERR,ERR,ERR,ERR,ERR,ERR,ERR,ERR,ERR,ERR,ERR,ERR,ERR,ERR,ERR,ERR,ERR,ERR,ERR,ERR,ERR,ERR,ERR,ERR,ERR,ERR,ERR,ERR,ERR,ERR,ERR,ERR,ERR,ERR,ERR,ERR,ERR,ERR,ERR,ERR,ERR,ERR,ERR,ERR,ERR,ERR,ERR,ERR,ERR,ERR,ERR,ERR,ERR,ERR,ERR,ERR,ERR,ERR,ERR,ERR,ERR,ERR,ERR,ERR,ERR,ERR,ERR,ERR,ERR,ERR,ERR,ERR,ERR,ERR,ERR,ERR,ERR,ERR,ERR,ERR,0.0,0.0,0.0,0.0,0.0,1.3936040501711995e+18,7.805,0.0,0,0,4,0,7116,0.0,100,0.0,0.0,0.0,0.0,0.0,0,0,0,0,0.0,0,0,0,0,0,0,0,0,0,0,0,0,0,0,0,0,0,0,0,0,0,0,0,0,0,0,0,0,0,0,0,0,0,31,40,40,71,65476,0,300,0,0,8,21553,0.0,-107605600.0,0.0,0.0,0.0,0.0,0.0,0.0,0.0,0.0,0.0,0.0,0.0,0.0,0.0,0.0,0.0,0.0,0.0,0.0,0.0,0.0,-0.0,2.004,2.004,-0.0,0.0,0.0,0.0,0.0,6365.0,-1.5879372866899675e+29,6942.0,0.0,0.0,0.0,0.0,0.0,0.0,0.0,0.0,69,-0.0,126840979456.0,0.0,0.0,0.0,0.0,0.0,0.0,0.0,0,0,0,0.0,0.0,0.0,0.0,0.0,0.0,0.0,0.0,0.0,0.0,0.0,0.0,0.0,0.0,0.0,0.0,0,-107875648.0,69,0.0,138,0.0,-0.0,0,13107,17040,13107,17049,0,17043,0,0,0,70,68,100,2.7302359370752657e+23,71.1,0.0,74.2,2.7302370179391762e+23,74.0,1,49,50,180,0,52429,0,0,0.0,0.0,0.0,0.0,-0.0,67.0,0.0,162057.094,0.0,750,0,739,0,0,0,721,0,766,0,735,0,742,0,741,0,712,0,7520,0.032,79456894976.0,0.0,0.0,784,16797,-0.0,162057.094,-114818.039,-0.0,0.133,6.909358625270745e+28,30.0,65.0,35,0.0,0.0,0.0,0.0,0.0,0.0,0.0,0.0,0.0,0.0,0.0,0.0,0.0,0.0,0.0,0.0,69.2,0,150,71,54,65476,0,300,0,1,8,20529,65476,0,0,40632,65.0,0.0,0.0,0.0,0.0,0.0
2026-09-04T20:52:46,ERR,ERR,ERR,ERR,ERR,ERR,ERR,ERR,ERR,ERR,ERR,ERR,ERR,ERR,ERR,ERR,ERR,ERR,ERR,ERR,ERR,ERR,ERR,ERR,ERR,ERR,ERR,ERR,ERR,ERR,ERR,ERR,ERR,ERR,ERR,ERR,ERR,ERR,ERR,ERR,ERR,ERR,ERR,ERR,ERR,ERR,ERR,ERR,ERR,ERR,ERR,ERR,ERR,ERR,ERR,ERR,ERR,ERR,ERR,ERR,ERR,ERR,ERR,ERR,ERR,ERR,ERR,ERR,ERR,ERR,ERR,ERR,ERR,ERR,ERR,ERR,ERR,ERR,ERR,ERR,ERR,ERR,ERR,ERR,ERR,ERR,ERR,ERR,ERR,ERR,ERR,ERR,ERR,ERR,ERR,ERR,ERR,ERR,ERR,ERR,ERR,ERR,ERR,ERR,ERR,ERR,ERR,ERR,ERR,ERR,ERR,ERR,ERR,ERR,ERR,ERR,ERR,ERR,ERR,ERR,ERR,ERR,ERR,ERR,ERR,0.0,0.0,0.0,0.0,0.0,1.3936040501711995e+18,7.805,0.0,0,0,4,0,7116,0.0,100,0.0,0.0,0.0,0.0,0.0,0,0,0,0,0.0,0,0,0,0,0,0,0,0,0,0,0,0,0,0,0,0,0,0,0,0,0,0,0,0,0,0,0,0,0,0,0,0,0,31,40,40,71,65476,0,300,0,0,8,21553,0.0,-107605600.0,0.0,0.0,0.0,0.0,0.0,0.0,0.0,0.0,0.0,0.0,0.0,0.0,0.0,0.0,0.0,0.0,0.0,0.0,0.0,0.0,-0.0,2.004,2.004,-0.0,0.0,0.0,0.0,0.0,6365.0,-1.5879372866899675e+29,6942.0,0.0,0.0,0.0,0.0,0.0,0.0,0.0,0.0,69,-0.0,126840979456.0,0.0,0.0,0.0,0.0,0.0,0.0,0.0,0,0,0,0.0,0.0,0.0,0.0,0.0,0.0,0.0,0.0,0.0,0.0,0.0,0.0,0.0,0.0,0.0,0.0,0,-107875648.0,69,0.0,138,0.0,-0.0,0,13107,17040,13107,17049,0,17043,0,0,0,70,68,100,2.7302359370752657e+23,71.1,0.0,74.2,2.7302370179391762e+23,74.0,1,49,50,180,0,52429,0,0,0.0,0.0,0.0,0.0,-0.0,67.0,0.0,162057.094,0.0,750,0,739,0,0,0,721,0,766,0,735,0,742,0,741,0,712,0,7520,0.032,79456894976.0,0.0,0.0,784,16797,-0.0,162057.094,-114818.039,-0.0,0.133,6.909358625270745e+28,30.0,65.0,35,0.0,0.0,0.0,0.0,0.0,0.0,0.0,0.0,0.0,0.0,0.0,0.0,0.0,0.0,0.0,0.0,69.2,0,150,71,54,65476,0,300,0,1,8,20529,65476,0,0,40632,65.0,0.0,0.0,0.0,0.0,0.0
2026-09-04T20:52:47,ERR,ERR,ERR,ERR,ERR,ERR,ERR,ERR,ERR,ERR,ERR,ERR,ERR,ERR,ERR,ERR,ERR,ERR,ERR,ERR,ERR,ERR,ERR,ERR,ERR,ERR,ERR,ERR,ERR,ERR,ERR,ERR,ERR,ERR,ERR,ERR,ERR,ERR,ERR,ERR,ERR,ERR,ERR,ERR,ERR,ERR,ERR,ERR,ERR,ERR,ERR,ERR,ERR,ERR,ERR,ERR,ERR,ERR,ERR,ERR,ERR,ERR,ERR,ERR,ERR,ERR,ERR,ERR,ERR,ERR,ERR,ERR,ERR,ERR,ERR,ERR,ERR,ERR,ERR,ERR,ERR,ERR,ERR,ERR,ERR,ERR,ERR,ERR,ERR,ERR,ERR,ERR,ERR,ERR,ERR,ERR,ERR,ERR,ERR,ERR,ERR,ERR,ERR,ERR,ERR,ERR,ERR,ERR,ERR,ERR,ERR,ERR,ERR,ERR,ERR,ERR,ERR,ERR,ERR,ERR,ERR,ERR,ERR,ERR,ERR,0.0,0.0,0.0,0.0,0.0,1.3936040501711995e+18,7.805,0.0,0,0,4,0,7116,0.0,100,0.0,0.0,0.0,0.0,0.0,0,0,0,0,0.0,0,0,0,0,0,0,0,0,0,0,0,0,0,0,0,0,0,0,0,0,0,0,0,0,0,0,0,0,0,0,0,0,0,31,40,40,71,65476,0,300,0,0,8,21553,0.0,-107605600.0,0.0,0.0,0.0,0.0,0.0,0.0,0.0,0.0,0.0,0.0,0.0,0.0,0.0,0.0,0.0,0.0,0.0,0.0,0.0,0.0,-0.0,2.004,2.004,-0.0,0.0,0.0,0.0,0.0,6365.0,-1.5879372866899675e+29,6942.0,0.0,0.0,0.0,0.0,0.0,0.0,0.0,0.0,69,-0.0,126840979456.0,0.0,0.0,0.0,0.0,0.0,0.0,0.0,0,0,0,0.0,0.0,0.0,0.0,0.0,0.0,0.0,0.0,0.0,0.0,0.0,0.0,0.0,0.0,0.0,0.0,0,-107875648.0,69,0.0,138,0.0,-0.0,0,13107,17040,13107,17049,0,17043,0,0,0,70,68,100,2.7302359370752657e+23,71.1,0.0,74.2,2.7302370179391762e+23,74.0,1,49,50,180,0,52429,0,0,0.0,0.0,0.0,0.0,-0.0,67.0,0.0,162057.094,0.0,750,0,739,0,0,0,721,0,766,0,735,0,742,0,741,0,712,0,7520,0.032,79456894976.0,0.0,0.0,784,16797,-0.0,162057.094,-114818.039,-0.0,0.133,6.909358625270745e+28,30.0,65.0,35,0.0,0.0,0.0,0.0,0.0,0.0,0.0,0.0,0.0,0.0,0.0,0.0,0.0,0.0,0.0,0.0,69.2,0,150,71,54,65476,0,300,0,1,8,20529,65476,0,0,40632,65.0,0.0,0.0,0.0,0.0,0.0
2026-09-04T20:52:48,ERR,ERR,ERR,ERR,ERR,ERR,ERR,ERR,ERR,ERR,ERR,ERR,ERR,ERR,ERR,ERR,ERR,ERR,ERR,ERR,ERR,ERR,ERR,ERR,ERR,ERR,ERR,ERR,ERR,ERR,ERR,ERR,ERR,ERR,ERR,ERR,ERR,ERR,ERR,ERR,ERR,ERR,ERR,ERR,ERR,ERR,ERR,ERR,ERR,ERR,ERR,ERR,ERR,ERR,ERR,ERR,ERR,ERR,ERR,ERR,ERR,ERR,ERR,ERR,ERR,ERR,ERR,ERR,ERR,ERR,ERR,ERR,ERR,ERR,ERR,ERR,ERR,ERR,ERR,ERR,ERR,ERR,ERR,ERR,ERR,ERR,ERR,ERR,ERR,ERR,ERR,ERR,ERR,ERR,ERR,ERR,ERR,ERR,ERR,ERR,ERR,ERR,ERR,ERR,ERR,ERR,ERR,ERR,ERR,ERR,ERR,ERR,ERR,ERR,ERR,ERR,ERR,ERR,ERR,ERR,ERR,ERR,ERR,ERR,ERR,0.0,0.0,0.0,0.0,0.0,1.3936040501711995e+18,7.805,0.0,0,0,4,0,7116,0.0,100,0.0,0.0,0.0,0.0,0.0,0,0,0,0,0.0,0,0,0,0,0,0,0,0,0,0,0,0,0,0,0,0,0,0,0,0,0,0,0,0,0,0,0,0,0,0,0,0,0,31,40,40,71,65476,0,300,0,0,8,21553,0.0,-107605600.0,0.0,0.0,0.0,0.0,0.0,0.0,0.0,0.0,0.0,0.0,0.0,0.0,0.0,0.0,0.0,0.0,0.0,0.0,0.0,0.0,-0.0,2.004,2.004,-0.0,0.0,0.0,0.0,0.0,6365.0,-1.0406704564111331e+34,6943.0,0.0,0.0,0.0,0.0,0.0,0.0,0.0,0.0,69,-0.0,2.718426958420345e+23,0.0,0.0,0.0,0.0,0.0,0.0,0.0,0,0,0,0.0,0.0,0.0,0.0,0.0,0.0,0.0,0.0,0.0,0.0,0.0,0.0,0.0,0.0,0.0,0.0,0,-107875648.0,69,0.0,138,0.0,-0.0,0,13107,17040,13107,17049,0,17043,0,0,0,70,68,100,2.7302359370752657e+23,71.1,0.0,74.2,2.7302370179391762e+23,74.0,1,49,50,180,0,52429,0,0,0.0,0.0,0.0,0.0,-0.0,67.0,0.0,162057.094,0.0,750,0,739,0,0,0,721,0,766,0,735,0,742,0,741,0,712,0,7520,0.032,79456894976.0,0.0,0.0,784,16797,-0.0,162057.094,-114818.039,-0.0,0.133,6.909358625270745e+28,30.0,65.0,35,0.0,0.0,0.0,0.0,0.0,0.0,0.0,0.0,0.0,0.0,0.0,0.0,0.0,0.0,0.0,0.0,69.2,0,150,71,54,65476,0,300,0,1,8,20529,65476,0,0,40632,65.0,0.0,0.0,0.0,0.0,0.0
2026-09-04T20:52:49,ERR,ERR,ERR,ERR,ERR,ERR,ERR,ERR,ERR,ERR,ERR,ERR,ERR,ERR,ERR,ERR,ERR,ERR,ERR,ERR,ERR,ERR,ERR,ERR,ERR,ERR,ERR,ERR,ERR,ERR,ERR,ERR,ERR,ERR,ERR,ERR,ERR,ERR,ERR,ERR,ERR,ERR,ERR,ERR,ERR,ERR,ERR,ERR,ERR,ERR,ERR,ERR,ERR,ERR,ERR,ERR,ERR,ERR,ERR,ERR,ERR,ERR,ERR,ERR,ERR,ERR,ERR,ERR,ERR,ERR,ERR,ERR,ERR,ERR,ERR,ERR,ERR,ERR,ERR,ERR,ERR,ERR,ERR,ERR,ERR,ERR,ERR,ERR,ERR,ERR,ERR,ERR,ERR,ERR,ERR,ERR,ERR,ERR,ERR,ERR,ERR,ERR,ERR,ERR,ERR,ERR,ERR,ERR,ERR,ERR,ERR,ERR,ERR,ERR,ERR,ERR,ERR,ERR,ERR,ERR,ERR,ERR,ERR,ERR,ERR,0.0,0.0,0.0,0.0,0.0,1.3936040501711995e+18,7.805,0.0,0,0,4,0,7116,0.0,100,0.0,0.0,0.0,0.0,0.0,0,0,0,0,0.0,0,0,0,0,0,0,0,0,0,0,0,0,0,0,0,0,0,0,0,0,0,0,0,0,0,0,0,0,0,0,0,0,0,31,40,40,71,65476,0,300,0,0,8,21553,0.0,-107605600.0,0.0,0.0,0.0,0.0,0.0,0.0,0.0,0.0,0.0,0.0,0.0,0.0,0.0,0.0,0.0,0.0,0.0,0.0,0.0,0.0,-0.0,2.004,2.004,-0.0,0.0,0.0,0.0,0.0,6365.0,-1.0406704564111331e+34,6943.0,0.0,0.0,0.0,0.0,0.0,0.0,0.0,0.0,69,-0.0,2.718426958420345e+23,0.0,0.0,0.0,0.0,0.0,0.0,0.0,0,0,0,0.0,0.0,0.0,0.0,0.0,0.0,0.0,0.0,0.0,0.0,0.0,0.0,0.0,0.0,0.0,0.0,0,-107875648.0,69,0.0,138,0.0,-0.0,0,13107,17040,13107,17049,0,17043,0,0,0,70,68,100,2.7302359370752657e+23,71.1,0.0,74.2,2.7302370179391762e+23,74.0,1,49,50,180,0,52429,0,0,0.0,0.0,0.0,0.0,-0.0,67.0,0.0,162057.094,0.0,750,0,739,0,0,0,721,0,765,0,735,0,742,0,741,0,712,0,7520,0.032,79456894976.0,0.0,0.0,784,16797,-0.0,162057.094,-114818.039,-0.0,0.133,6.909358625270745e+28,30.0,65.0,35,0.0,0.0,0.0,0.0,0.0,0.0,0.0,0.0,0.0,0.0,0.0,0.0,0.0,0.0,0.0,0.0,69.2,0,150,71,54,65476,0,300,0,1,8,20529,65476,0,0,40632,65.0,0.0,0.0,0.0,0.0,0.0
2026-09-04T20:52:50,ERR,ERR,ERR,ERR,ERR,ERR,ERR,ERR,ERR,ERR,ERR,ERR,ERR,ERR,ERR,ERR,ERR,ERR,ERR,ERR,ERR,ERR,ERR,ERR,ERR,ERR,ERR,ERR,ERR,ERR,ERR,ERR,ERR,ERR,ERR,ERR,ERR,ERR,ERR,ERR,ERR,ERR,ERR,ERR,ERR,ERR,ERR,ERR,ERR,ERR,ERR,ERR,ERR,ERR,ERR,ERR,ERR,ERR,ERR,ERR,ERR,ERR,ERR,ERR,ERR,ERR,ERR,ERR,ERR,ERR,ERR,ERR,ERR,ERR,ERR,ERR,ERR,ERR,ERR,ERR,ERR,ERR,ERR,ERR,ERR,ERR,ERR,ERR,ERR,ERR,ERR,ERR,ERR,ERR,ERR,ERR,ERR,ERR,ERR,ERR,ERR,ERR,ERR,ERR,ERR,ERR,ERR,ERR,ERR,ERR,ERR,ERR,ERR,ERR,ERR,ERR,ERR,ERR,ERR,ERR,ERR,ERR,ERR,ERR,ERR,0.0,0.0,0.0,0.0,0.0,1.3936040501711995e+18,7.805,0.0,0,0,4,0,7116,0.0,100,0.0,0.0,0.0,0.0,0.0,0,0,0,0,0.0,0,0,0,0,0,0,0,0,0,0,0,0,0,0,0,0,0,0,0,0,0,0,0,0,0,0,0,0,0,0,0,0,0,31,40,40,71,65476,0,300,0,0,8,21553,0.0,-107605600.0,0.0,0.0,0.0,0.0,0.0,0.0,0.0,0.0,0.0,0.0,0.0,0.0,0.0,0.0,0.0,0.0,0.0,0.0,0.0,0.0,-0.0,2.004,2.004,-0.0,0.0,0.0,0.0,0.0,6365.0,-1.0406704564111331e+34,6943.0,0.0,0.0,0.0,0.0,0.0,0.0,0.0,0.0,69,-0.0,2.718426958420345e+23,0.0,0.0,0.0,0.0,0.0,0.0,0.0,0,0,0,0.0,0.0,0.0,0.0,0.0,0.0,0.0,0.0,0.0,0.0,0.0,0.0,0.0,0.0,0.0,0.0,0,-107875648.0,69,0.0,138,0.0,-0.0,0,13107,17040,13107,17049,0,17043,0,0,0,70,68,100,2.7302359370752657e+23,71.1,0.0,74.2,2.7302370179391762e+23,74.0,1,49,50,180,0,52429,0,0,0.0,0.0,0.0,0.0,-0.0,67.0,0.0,162057.094,0.0,750,0,739,0,0,0,721,0,765,0,735,0,742,0,741,0,712,0,7520,0.032,79456894976.0,0.0,0.0,784,16797,-0.0,162057.094,-114818.039,-0.0,0.133,6.909358625270745e+28,30.0,65.0,35,0.0,0.0,0.0,0.0,0.0,0.0,0.0,0.0,0.0,0.0,0.0,0.0,0.0,0.0,0.0,0.0,69.2,0,150,71,54,65476,0,300,0,1,8,20529,65476,0,0,40632,65.0,0.0,0.0,0.0,0.0,0.0
2026-09-04T20:52:51,ERR,ERR,ERR,ERR,ERR,ERR,ERR,ERR,ERR,ERR,ERR,ERR,ERR,ERR,ERR,ERR,ERR,ERR,ERR,ERR,ERR,ERR,ERR,ERR,ERR,ERR,ERR,ERR,ERR,ERR,ERR,ERR,ERR,ERR,ERR,ERR,ERR,ERR,ERR,ERR,ERR,ERR,ERR,ERR,ERR,ERR,ERR,ERR,ERR,ERR,ERR,ERR,ERR,ERR,ERR,ERR,ERR,ERR,ERR,ERR,ERR,ERR,ERR,ERR,ERR,ERR,ERR,ERR,ERR,ERR,ERR,ERR,ERR,ERR,ERR,ERR,ERR,ERR,ERR,ERR,ERR,ERR,ERR,ERR,ERR,ERR,ERR,ERR,ERR,ERR,ERR,ERR,ERR,ERR,ERR,ERR,ERR,ERR,ERR,ERR,ERR,ERR,ERR,ERR,ERR,ERR,ERR,ERR,ERR,ERR,ERR,ERR,ERR,ERR,ERR,ERR,ERR,ERR,ERR,ERR,ERR,ERR,ERR,ERR,ERR,0.0,0.0,0.0,0.0,0.0,1.3936040501711995e+18,7.805,0.0,0,0,4,0,7116,0.0,100,0.0,0.0,0.0,0.0,0.0,0,0,0,0,0.0,0,0,0,0,0,0,0,0,0,0,0,0,0,0,0,0,0,0,0,0,0,0,0,0,0,0,0,0,0,0,0,0,0,31,40,40,71,65476,0,300,0,0,8,21553,0.0,-107605600.0,0.0,0.0,0.0,0.0,0.0,0.0,0.0,0.0,0.0,0.0,0.0,0.0,0.0,0.0,0.0,0.0,0.0,0.0,0.0,0.0,-0.0,2.004,2.004,-0.0,0.0,0.0,0.0,0.0,6365.0,-1.0406704564111331e+34,6943.0,0.0,0.0,0.0,0.0,0.0,0.0,0.0,0.0,69,-0.0,2.718426958420345e+23,0.0,0.0,0.0,0.0,0.0,0.0,0.0,0,0,0,0.0,0.0,0.0,0.0,0.0,0.0,0.0,0.0,0.0,0.0,0.0,0.0,0.0,0.0,0.0,0.0,0,-107875648.0,69,0.0,138,0.0,-0.0,0,13107,17040,13107,17049,0,17043,0,0,0,70,68,100,2.7302359370752657e+23,71.1,0.0,74.2,2.7302370179391762e+23,74.0,1,49,50,180,0,52429,0,0,0.0,0.0,0.0,0.0,-0.0,67.0,0.0,162057.094,0.0,750,0,739,0,0,0,721,0,765,0,735,0,742,0,741,0,712,0,7520,0.032,79456894976.0,0.0,0.0,784,16797,-0.0,162057.094,-114818.039,-0.0,0.133,6.909358625270745e+28,30.0,65.0,35,0.0,0.0,0.0,0.0,0.0,0.0,0.0,0.0,0.0,0.0,0.0,0.0,0.0,0.0,0.0,0.0,69.2,0,150,71,54,65476,0,300,0,1,8,20529,65476,0,0,40632,65.0,0.0,0.0,0.0,0.0,0.0
2026-09-04T20:52:52,ERR,ERR,ERR,ERR,ERR,ERR,ERR,ERR,ERR,ERR,ERR,ERR,ERR,ERR,ERR,ERR,ERR,ERR,ERR,ERR,ERR,ERR,ERR,ERR,ERR,ERR,ERR,ERR,ERR,ERR,ERR,ERR,ERR,ERR,ERR,ERR,ERR,ERR,ERR,ERR,ERR,ERR,ERR,ERR,ERR,ERR,ERR,ERR,ERR,ERR,ERR,ERR,ERR,ERR,ERR,ERR,ERR,ERR,ERR,ERR,ERR,ERR,ERR,ERR,ERR,ERR,ERR,ERR,ERR,ERR,ERR,ERR,ERR,ERR,ERR,ERR,ERR,ERR,ERR,ERR,ERR,ERR,ERR,ERR,ERR,ERR,ERR,ERR,ERR,ERR,ERR,ERR,ERR,ERR,ERR,ERR,ERR,ERR,ERR,ERR,ERR,ERR,ERR,ERR,ERR,ERR,ERR,ERR,ERR,ERR,ERR,ERR,ERR,ERR,ERR,ERR,ERR,ERR,ERR,ERR,ERR,ERR,ERR,ERR,ERR,0.0,0.0,0.0,0.0,0.0,1.3936040501711995e+18,7.805,0.0,0,0,4,0,7116,0.0,100,0.0,0.0,0.0,0.0,0.0,0,0,0,0,0.0,0,0,0,0,0,0,0,0,0,0,0,0,0,0,0,0,0,0,0,0,0,0,0,0,0,0,0,0,0,0,0,0,0,31,40,40,71,65476,0,300,0,0,8,21553,0.0,-107605600.0,0.0,0.0,0.0,0.0,0.0,0.0,0.0,0.0,0.0,0.0,0.0,0.0,0.0,0.0,0.0,0.0,0.0,0.0,0.0,0.0,-0.0,2.004,2.004,-0.0,0.0,0.0,0.0,0.0,6365.0,-1.0406704564111331e+34,6943.0,0.0,0.0,0.0,0.0,0.0,0.0,0.0,0.0,69,-0.0,2.718426958420345e+23,0.0,0.0,0.0,0.0,0.0,0.0,0.0,0,0,0,0.0,0.0,0.0,0.0,0.0,0.0,0.0,0.0,0.0,0.0,0.0,0.0,0.0,0.0,0.0,0.0,0,-107875648.0,69,0.0,138,0.0,-0.0,0,13107,17040,13107,17049,0,17043,0,0,0,70,68,100,2.7302359370752657e+23,71.1,0.0,74.2,2.7302370179391762e+23,74.0,1,49,50,180,0,52429,0,0,0.0,0.0,0.0,0.0,-0.0,67.0,0.0,162057.094,0.0,750,0,739,0,0,0,721,0,765,0,735,0,742,0,741,0,712,0,7520,0.032,79456894976.0,0.0,0.0,784,16797,-0.0,162057.094,-114818.039,-0.0,0.133,6.909358625270745e+28,30.0,65.0,35,0.0,0.0,0.0,0.0,0.0,0.0,0.0,0.0,0.0,0.0,0.0,0.0,0.0,0.0,0.0,0.0,69.2,0,150,71,54,65476,0,300,0,1,8,20529,65476,0,0,40632,65.0,0.0,0.0,0.0,0.0,0.0
2026-09-04T20:52:53,ERR,ERR,ERR,ERR,ERR,ERR,ERR,ERR,ERR,ERR,ERR,ERR,ERR,ERR,ERR,ERR,ERR,ERR,ERR,ERR,ERR,ERR,ERR,ERR,ERR,ERR,ERR,ERR,ERR,ERR,ERR,ERR,ERR,ERR,ERR,ERR,ERR,ERR,ERR,ERR,ERR,ERR,ERR,ERR,ERR,ERR,ERR,ERR,ERR,ERR,ERR,ERR,ERR,ERR,ERR,ERR,ERR,ERR,ERR,ERR,ERR,ERR,ERR,ERR,ERR,ERR,ERR,ERR,ERR,ERR,ERR,ERR,ERR,ERR,ERR,ERR,ERR,ERR,ERR,ERR,ERR,ERR,ERR,ERR,ERR,ERR,ERR,ERR,ERR,ERR,ERR,ERR,ERR,ERR,ERR,ERR,ERR,ERR,ERR,ERR,ERR,ERR,ERR,ERR,ERR,ERR,ERR,ERR,ERR,ERR,ERR,ERR,ERR,ERR,ERR,ERR,ERR,ERR,ERR,ERR,ERR,ERR,ERR,ERR,ERR,0.0,0.0,0.0,0.0,0.0,1.3936040501711995e+18,7.805,0.0,0,0,4,0,7116,0.0,100,0.0,0.0,0.0,0.0,0.0,0,0,0,0,0.0,0,0,0,0,0,0,0,0,0,0,0,0,0,0,0,0,0,0,0,0,0,0,0,0,0,0,0,0,0,0,0,0,0,31,40,40,71,65476,0,300,0,0,8,21553,0.0,-107605600.0,0.0,0.0,0.0,0.0,0.0,0.0,0.0,0.0,0.0,0.0,0.0,0.0,0.0,0.0,0.0,0.0,0.0,0.0,0.0,0.0,-0.0,2.004,2.004,-0.0,0.0,0.0,0.0,0.0,6365.0,-1.0406704564111331e+34,6943.0,0.0,0.0,0.0,0.0,0.0,0.0,0.0,0.0,69,-0.0,2.718426958420345e+23,0.0,0.0,0.0,0.0,0.0,0.0,0.0,0,0,0,0.0,0.0,0.0,0.0,0.0,0.0,0.0,0.0,0.0,0.0,0.0,0.0,0.0,0.0,0.0,0.0,0,-107875648.0,69,0.0,138,0.0,-0.0,0,13107,17040,13107,17049,0,17043,0,0,0,70,68,100,2.7302359370752657e+23,71.1,0.0,74.2,2.7302370179391762e+23,74.0,1,49,50,180,0,52429,0,0,0.0,0.0,0.0,0.0,-0.0,67.0,0.0,162057.094,0.0,750,0,739,0,0,0,721,0,765,0,735,0,742,0,741,0,712,0,7520,0.032,79456894976.0,0.0,0.0,784,16797,-0.0,162057.094,-114818.039,-0.0,0.133,6.909358625270745e+28,30.0,65.0,35,0.0,0.0,0.0,0.0,0.0,0.0,0.0,0.0,0.0,0.0,0.0,0.0,0.0,0.0,0.0,0.0,69.2,0,150,71,54,65476,0,300,0,1,8,20529,65476,0,0,40632,65.0,0.0,0.0,0.0,0.0,0.0
2026-09-04T20:52:54,ERR,ERR,ERR,ERR,ERR,ERR,ERR,ERR,ERR,ERR,ERR,ERR,ERR,ERR,ERR,ERR,ERR,ERR,ERR,ERR,ERR,ERR,ERR,ERR,ERR,ERR,ERR,ERR,ERR,ERR,ERR,ERR,ERR,ERR,ERR,ERR,ERR,ERR,ERR,ERR,ERR,ERR,ERR,ERR,ERR,ERR,ERR,ERR,ERR,ERR,ERR,ERR,ERR,ERR,ERR,ERR,ERR,ERR,ERR,ERR,ERR,ERR,ERR,ERR,ERR,ERR,ERR,ERR,ERR,ERR,ERR,ERR,ERR,ERR,ERR,ERR,ERR,ERR,ERR,ERR,ERR,ERR,ERR,ERR,ERR,ERR,ERR,ERR,ERR,ERR,ERR,ERR,ERR,ERR,ERR,ERR,ERR,ERR,ERR,ERR,ERR,ERR,ERR,ERR,ERR,ERR,ERR,ERR,ERR,ERR,ERR,ERR,ERR,ERR,ERR,ERR,ERR,ERR,ERR,ERR,ERR,ERR,ERR,ERR,ERR,0.0,0.0,0.0,0.0,0.0,1.3936040501711995e+18,7.805,0.0,0,0,4,0,7116,0.0,100,0.0,0.0,0.0,0.0,0.0,0,0,0,0,0.0,0,0,0,0,0,0,0,0,0,0,0,0,0,0,0,0,0,0,0,0,0,0,0,0,0,0,0,0,0,0,0,0,0,31,40,40,71,65476,0,300,0,0,8,21553,0.0,-107605600.0,0.0,0.0,0.0,0.0,0.0,0.0,0.0,0.0,0.0,0.0,0.0,0.0,0.0,0.0,0.0,0.0,0.0,0.0,0.0,0.0,-0.0,2.004,2.004,-0.0,0.0,0.0,0.0,0.0,6365.0,-1.0406704564111331e+34,6943.0,0.0,0.0,0.0,0.0,0.0,0.0,0.0,0.0,69,-0.0,2.718426958420345e+23,0.0,0.0,0.0,0.0,0.0,0.0,0.0,0,0,0,0.0,0.0,0.0,0.0,0.0,0.0,0.0,0.0,0.0,0.0,0.0,0.0,0.0,0.0,0.0,0.0,0,-107875648.0,69,0.0,138,0.0,-0.0,0,13107,17040,13107,17049,0,17043,0,0,0,70,68,100,2.7302359370752657e+23,71.1,0.0,74.2,2.7302370179391762e+23,74.0,1,49,50,180,0,52429,0,0,0.0,0.0,0.0,0.0,-0.0,67.0,0.0,162057.094,0.0,750,0,739,0,0,0,721,0,766,0,735,0,742,0,741,0,712,0,7520,0.032,79456894976.0,0.0,0.0,784,16797,-0.0,162057.094,-114818.039,-0.0,0.133,6.909358625270745e+28,30.0,65.0,35,0.0,0.0,0.0,0.0,0.0,0.0,0.0,0.0,0.0,0.0,0.0,0.0,0.0,0.0,0.0,0.0,69.2,0,150,71,54,65476,0,300,0,1,8,20529,65476,0,0,40632,65.0,0.0,0.0,0.0,0.0,0.0
2026-09-04T20:52:55,ERR,ERR,ERR,ERR,ERR,ERR,ERR,ERR,ERR,ERR,ERR,ERR,ERR,ERR,ERR,ERR,ERR,ERR,ERR,ERR,ERR,ERR,ERR,ERR,ERR,ERR,ERR,ERR,ERR,ERR,ERR,ERR,ERR,ERR,ERR,ERR,ERR,ERR,ERR,ERR,ERR,ERR,ERR,ERR,ERR,ERR,ERR,ERR,ERR,ERR,ERR,ERR,ERR,ERR,ERR,ERR,ERR,ERR,ERR,ERR,ERR,ERR,ERR,ERR,ERR,ERR,ERR,ERR,ERR,ERR,ERR,ERR,ERR,ERR,ERR,ERR,ERR,ERR,ERR,ERR,ERR,ERR,ERR,ERR,ERR,ERR,ERR,ERR,ERR,ERR,ERR,ERR,ERR,ERR,ERR,ERR,ERR,ERR,ERR,ERR,ERR,ERR,ERR,ERR,ERR,ERR,ERR,ERR,ERR,ERR,ERR,ERR,ERR,ERR,ERR,ERR,ERR,ERR,ERR,ERR,ERR,ERR,ERR,ERR,ERR,0.0,0.0,0.0,0.0,0.0,1.3936040501711995e+18,7.805,0.0,0,0,4,0,7116,0.0,100,0.0,0.0,0.0,0.0,0.0,0,0,0,0,0.0,0,0,0,0,0,0,0,0,0,0,0,0,0,0,0,0,0,0,0,0,0,0,0,0,0,0,0,0,0,0,0,0,0,31,40,40,71,65476,0,300,0,0,8,21553,0.0,-107605600.0,0.0,0.0,0.0,0.0,0.0,0.0,0.0,0.0,0.0,0.0,0.0,0.0,0.0,0.0,0.0,0.0,0.0,0.0,0.0,0.0,-0.0,2.004,2.004,-0.0,0.0,0.0,0.0,0.0,6365.0,-1.0406704564111331e+34,6943.0,0.0,0.0,0.0,0.0,0.0,0.0,0.0,0.0,69,-0.0,2.718426958420345e+23,0.0,0.0,0.0,0.0,0.0,0.0,0.0,0,0,0,0.0,0.0,0.0,0.0,0.0,0.0,0.0,0.0,0.0,0.0,0.0,0.0,0.0,0.0,0.0,0.0,0,-107875648.0,69,0.0,138,0.0,-0.0,0,13107,17040,13107,17049,0,17043,0,0,0,70,68,100,2.7302359370752657e+23,71.1,0.0,74.2,2.7302370179391762e+23,74.0,1,49,50,180,0,52429,0,0,0.0,0.0,0.0,0.0,-0.0,67.0,0.0,162057.094,0.0,750,0,739,0,0,0,721,0,766,0,735,0,742,0,741,0,712,0,7520,0.032,79456894976.0,0.0,0.0,784,16797,-0.0,162057.094,-114818.039,-0.0,0.133,6.909358625270745e+28,30.0,65.0,35,0.0,0.0,0.0,0.0,0.0,0.0,0.0,0.0,0.0,0.0,0.0,0.0,0.0,0.0,0.0,0.0,69.2,0,150,71,54,65476,0,300,0,1,8,20529,65476,0,0,40632,65.0,0.0,0.0,0.0,0.0,0.0
2026-09-04T20:52:56,ERR,ERR,ERR,ERR,ERR,ERR,ERR,ERR,ERR,ERR,ERR,ERR,ERR,ERR,ERR,ERR,ERR,ERR,ERR,ERR,ERR,ERR,ERR,ERR,ERR,ERR,ERR,ERR,ERR,ERR,ERR,ERR,ERR,ERR,ERR,ERR,ERR,ERR,ERR,ERR,ERR,ERR,ERR,ERR,ERR,ERR,ERR,ERR,ERR,ERR,ERR,ERR,ERR,ERR,ERR,ERR,ERR,ERR,ERR,ERR,ERR,ERR,ERR,ERR,ERR,ERR,ERR,ERR,ERR,ERR,ERR,ERR,ERR,ERR,ERR,ERR,ERR,ERR,ERR,ERR,ERR,ERR,ERR,ERR,ERR,ERR,ERR,ERR,ERR,ERR,ERR,ERR,ERR,ERR,ERR,ERR,ERR,ERR,ERR,ERR,ERR,ERR,ERR,ERR,ERR,ERR,ERR,ERR,ERR,ERR,ERR,ERR,ERR,ERR,ERR,ERR,ERR,ERR,ERR,ERR,ERR,ERR,ERR,ERR,ERR,0.0,0.0,0.0,0.0,0.0,1.3936040501711995e+18,7.805,0.0,0,0,4,0,7116,0.0,100,0.0,0.0,0.0,0.0,0.0,0,0,0,0,0.0,0,0,0,0,0,0,0,0,0,0,0,0,0,0,0,0,0,0,0,0,0,0,0,0,0,0,0,0,0,0,0,0,0,31,40,40,71,65476,0,300,0,0,8,21553,0.0,-107605600.0,0.0,0.0,0.0,0.0,0.0,0.0,0.0,0.0,0.0,0.0,0.0,0.0,0.0,0.0,0.0,0.0,0.0,0.0,0.0,0.0,-2.004,2.004,2.004,-0.0,0.0,0.0,0.0,0.0,6332.0,-0.0,6930.0,0.0,0.0,2.7184303811560617e+23,0.0,0.0,0.0,0.0,0.0,69,-0.0,-71.63,0.0,0.0,0.0,0.0,0.0,0.0,0.0,0,0,0,0.0,0.0,0.0,0.0,0.0,0.0,0.0,0.0,0.0,0.0,0.0,0.0,0.0,0.0,0.0,0.0,0,-107875648.0,69,0.0,138,0.0,-0.0,0,13107,17040,13107,17049,0,17043,0,0,0,70,68,100,2.7302359370752657e+23,71.1,0.0,74.2,2.7302370179391762e+23,74.0,1,49,50,180,0,52429,0,0,0.0,0.0,0.0,0.0,-0.0,67.0,0.0,162057.094,0.0,750,0,739,0,0,0,721,0,766,0,735,0,742,0,741,0,712,0,7520,0.032,79456894976.0,0.0,0.0,784,16797,-0.0,162057.094,-114818.039,-0.0,0.133,6.909358625270745e+28,30.0,65.0,35,0.0,0.0,0.0,0.0,0.0,0.0,0.0,0.0,0.0,0.0,0.0,0.0,0.0,0.0,0.0,0.0,69.2,0,150,71,54,65476,0,300,0,1,8,20529,65476,0,0,40632,65.0,0.0,0.0,0.0,0.0,0.0
2026-09-04T20:52:57,ERR,ERR,ERR,ERR,ERR,ERR,ERR,ERR,ERR,ERR,ERR,ERR,ERR,ERR,ERR,ERR,ERR,ERR,ERR,ERR,ERR,ERR,ERR,ERR,ERR,ERR,ERR,ERR,ERR,ERR,ERR,ERR,ERR,ERR,ERR,ERR,ERR,ERR,ERR,ERR,ERR,ERR,ERR,ERR,ERR,ERR,ERR,ERR,ERR,ERR,ERR,ERR,ERR,ERR,ERR,ERR,ERR,ERR,ERR,ERR,ERR,ERR,ERR,ERR,ERR,ERR,ERR,ERR,ERR,ERR,ERR,ERR,ERR,ERR,ERR,ERR,ERR,ERR,ERR,ERR,ERR,ERR,ERR,ERR,ERR,ERR,ERR,ERR,ERR,ERR,ERR,ERR,ERR,ERR,ERR,ERR,ERR,ERR,ERR,ERR,ERR,ERR,ERR,ERR,ERR,ERR,ERR,ERR,ERR,ERR,ERR,ERR,ERR,ERR,ERR,ERR,ERR,ERR,ERR,ERR,ERR,ERR,ERR,ERR,ERR,0.0,0.0,0.0,0.0,0.0,1.3936040501711995e+18,7.805,0.0,0,0,4,0,7116,0.0,100,0.0,0.0,0.0,0.0,0.0,0,0,0,0,0.0,0,0,0,0,0,0,0,0,0,0,0,0,0,0,0,0,0,0,0,0,0,0,0,0,0,0,0,0,0,0,0,0,0,31,40,40,71,65476,0,300,0,0,8,21553,0.0,-107605600.0,0.0,0.0,0.0,0.0,0.0,0.0,0.0,0.0,0.0,0.0,0.0,0.0,0.0,0.0,0.0,0.0,0.0,0.0,0.0,0.0,-2.004,2.004,2.004,-0.0,0.0,0.0,0.0,0.0,6332.0,-0.0,6930.0,0.0,0.0,2.7184303811560617e+23,0.0,0.0,0.0,0.0,0.0,69,-0.0,-71.63,0.0,0.0,0.0,0.0,0.0,0.0,0.0,0,0,0,0.0,0.0,0.0,0.0,0.0,0.0,0.0,0.0,0.0,0.0,0.0,0.0,0.0,0.0,0.0,0.0,0,-107875648.0,69,0.0,138,0.0,-0.0,0,13107,17040,13107,17049,0,17043,0,0,0,70,68,100,2.7302359370752657e+23,71.1,0.0,74.2,2.7302370179391762e+23,74.0,1,49,50,180,0,52429,0,0,0.0,0.0,0.0,0.0,-0.0,67.0,0.0,162057.094,0.0,750,0,739,0,0,0,721,0,766,0,735,0,742,0,741,0,712,0,7520,0.032,79456894976.0,0.0,0.0,784,16797,-0.0,162057.094,-114818.039,-0.0,0.133,6.909358625270745e+28,30.0,65.0,35,0.0,0.0,0.0,0.0,0.0,0.0,0.0,0.0,0.0,0.0,0.0,0.0,0.0,0.0,0.0,0.0,69.2,0,150,71,54,65476,0,300,0,1,8,20529,65476,0,0,40632,65.0,0.0,0.0,0.0,0.0,0.0
2026-09-04T20:52:58,ERR,ERR,ERR,ERR,ERR,ERR,ERR,ERR,ERR,ERR,ERR,ERR,ERR,ERR,ERR,ERR,ERR,ERR,ERR,ERR,ERR,ERR,ERR,ERR,ERR,ERR,ERR,ERR,ERR,ERR,ERR,ERR,ERR,ERR,ERR,ERR,ERR,ERR,ERR,ERR,ERR,ERR,ERR,ERR,ERR,ERR,ERR,ERR,ERR,ERR,ERR,ERR,ERR,ERR,ERR,ERR,ERR,ERR,ERR,ERR,ERR,ERR,ERR,ERR,ERR,ERR,ERR,ERR,ERR,ERR,ERR,ERR,ERR,ERR,ERR,ERR,ERR,ERR,ERR,ERR,ERR,ERR,ERR,ERR,ERR,ERR,ERR,ERR,ERR,ERR,ERR,ERR,ERR,ERR,ERR,ERR,ERR,ERR,ERR,ERR,ERR,ERR,ERR,ERR,ERR,ERR,ERR,ERR,ERR,ERR,ERR,ERR,ERR,ERR,ERR,ERR,ERR,ERR,ERR,ERR,ERR,ERR,ERR,ERR,ERR,0.0,0.0,0.0,0.0,0.0,1.3936040501711995e+18,7.805,0.0,0,0,4,0,7116,0.0,100,0.0,0.0,0.0,0.0,0.0,0,0,0,0,0.0,0,0,0,0,0,0,0,0,0,0,0,0,0,0,0,0,0,0,0,0,0,0,0,0,0,0,0,0,0,0,0,0,0,31,40,40,71,65476,0,300,0,0,8,21553,0.0,-107605600.0,0.0,0.0,0.0,0.0,0.0,0.0,0.0,0.0,0.0,0.0,0.0,0.0,0.0,0.0,0.0,0.0,0.0,0.0,0.0,0.0,-2.004,2.004,2.004,-0.0,0.0,0.0,0.0,0.0,6332.0,-0.0,6930.0,0.0,0.0,2.7184303811560617e+23,0.0,0.0,0.0,0.0,0.0,69,-0.0,-71.63,0.0,0.0,0.0,0.0,0.0,0.0,0.0,0,0,0,0.0,0.0,0.0,0.0,0.0,0.0,0.0,0.0,0.0,0.0,0.0,0.0,0.0,0.0,0.0,0.0,0,-107875648.0,69,0.0,138,0.0,-0.0,0,13107,17040,13107,17049,0,17043,0,0,0,70,68,100,2.7302359370752657e+23,71.1,0.0,74.2,2.7302370179391762e+23,74.0,1,49,50,180,0,52429,0,0,0.0,0.0,0.0,0.0,-0.0,67.0,0.0,162057.094,0.0,750,0,739,0,0,0,721,0,766,0,735,0,742,0,741,0,712,0,7520,0.032,79456894976.0,0.0,0.0,784,16797,-0.0,162057.094,-114818.039,-0.0,0.133,6.909358625270745e+28,30.0,65.0,35,0.0,0.0,0.0,0.0,0.0,0.0,0.0,0.0,0.0,0.0,0.0,0.0,0.0,0.0,0.0,0.0,69.2,0,150,71,54,65476,0,300,0,1,8,20529,65476,0,0,40632,65.0,0.0,0.0,0.0,0.0,0.0
2026-09-04T20:52:59,ERR,ERR,ERR,ERR,ERR,ERR,ERR,ERR,ERR,ERR,ERR,ERR,ERR,ERR,ERR,ERR,ERR,ERR,ERR,ERR,ERR,ERR,ERR,ERR,ERR,ERR,ERR,ERR,ERR,ERR,ERR,ERR,ERR,ERR,ERR,ERR,ERR,ERR,ERR,ERR,ERR,ERR,ERR,ERR,ERR,ERR,ERR,ERR,ERR,ERR,ERR,ERR,ERR,ERR,ERR,ERR,ERR,ERR,ERR,ERR,ERR,ERR,ERR,ERR,ERR,ERR,ERR,ERR,ERR,ERR,ERR,ERR,ERR,ERR,ERR,ERR,ERR,ERR,ERR,ERR,ERR,ERR,ERR,ERR,ERR,ERR,ERR,ERR,ERR,ERR,ERR,ERR,ERR,ERR,ERR,ERR,ERR,ERR,ERR,ERR,ERR,ERR,ERR,ERR,ERR,ERR,ERR,ERR,ERR,ERR,ERR,ERR,ERR,ERR,ERR,ERR,ERR,ERR,ERR,ERR,ERR,ERR,ERR,ERR,ERR,0.0,0.0,0.0,0.0,0.0,1.3936040501711995e+18,7.805,0.0,0,0,4,0,7116,0.0,100,0.0,0.0,0.0,0.0,0.0,0,0,0,0,0.0,0,0,0,0,0,0,0,0,0,0,0,0,0,0,0,0,0,0,0,0,0,0,0,0,0,0,0,0,0,0,0,0,0,31,40,40,71,65476,0,300,0,0,8,21553,0.0,-107605600.0,0.0,0.0,0.0,0.0,0.0,0.0,0.0,0.0,0.0,0.0,0.0,0.0,0.0,0.0,0.0,0.0,0.0,0.0,0.0,0.0,-2.004,2.004,2.004,-0.0,0.0,0.0,0.0,0.0,6332.0,-0.0,6930.0,0.0,0.0,2.7184303811560617e+23,0.0,0.0,0.0,0.0,0.0,69,-0.0,-71.63,0.0,0.0,0.0,0.0,0.0,0.0,0.0,0,0,0,0.0,0.0,0.0,0.0,0.0,0.0,0.0,0.0,0.0,0.0,0.0,0.0,0.0,0.0,0.0,0.0,0,-107875648.0,69,0.0,138,0.0,-0.0,0,13107,17040,13107,17049,0,17043,0,0,0,70,68,100,2.7302359370752657e+23,71.1,0.0,74.2,2.7302370179391762e+23,74.0,1,49,50,180,0,52429,0,0,0.0,0.0,0.0,0.0,-0.0,67.0,0.0,162057.094,0.0,750,0,739,0,0,0,721,0,766,0,735,0,742,0,741,0,712,0,7520,0.032,79456894976.0,0.0,0.0,784,16797,-0.0,162057.094,-114818.039,-0.0,0.133,6.909358625270745e+28,30.0,65.0,35,0.0,0.0,0.0,0.0,0.0,0.0,0.0,0.0,0.0,0.0,0.0,0.0,0.0,0.0,0.0,0.0,69.2,0,150,71,54,65476,0,300,0,1,8,20529,65476,0,0,40632,65.0,0.0,0.0,0.0,0.0,0.0
2026-09-04T20:53:00,ERR,ERR,ERR,ERR,ERR,ERR,ERR,ERR,ERR,ERR,ERR,ERR,ERR,ERR,ERR,ERR,ERR,ERR,ERR,ERR,ERR,ERR,ERR,ERR,ERR,ERR,ERR,ERR,ERR,ERR,ERR,ERR,ERR,ERR,ERR,ERR,ERR,ERR,ERR,ERR,ERR,ERR,ERR,ERR,ERR,ERR,ERR,ERR,ERR,ERR,ERR,ERR,ERR,ERR,ERR,ERR,ERR,ERR,ERR,ERR,ERR,ERR,ERR,ERR,ERR,ERR,ERR,ERR,ERR,ERR,ERR,ERR,ERR,ERR,ERR,ERR,ERR,ERR,ERR,ERR,ERR,ERR,ERR,ERR,ERR,ERR,ERR,ERR,ERR,ERR,ERR,ERR,ERR,ERR,ERR,ERR,ERR,ERR,ERR,ERR,ERR,ERR,ERR,ERR,ERR,ERR,ERR,ERR,ERR,ERR,ERR,ERR,ERR,ERR,ERR,ERR,ERR,ERR,ERR,ERR,ERR,ERR,ERR,ERR,ERR,0.0,0.0,0.0,0.0,0.0,1.3936040501711995e+18,7.805,0.0,0,0,4,0,7116,0.0,100,0.0,0.0,0.0,0.0,0.0,0,0,0,0,0.0,0,0,0,0,0,0,0,0,0,0,0,0,0,0,0,0,0,0,0,0,0,0,0,0,0,0,0,0,0,0,0,0,0,31,40,40,71,65476,0,300,0,0,8,21553,0.0,-107605600.0,0.0,0.0,0.0,0.0,0.0,0.0,0.0,0.0,0.0,0.0,0.0,0.0,0.0,0.0,0.0,0.0,0.0,0.0,0.0,0.0,-2.004,2.004,2.004,-0.0,0.0,0.0,0.0,0.0,6332.0,-0.0,6930.0,0.0,0.0,2.7184303811560617e+23,0.0,0.0,0.0,0.0,0.0,69,-0.0,-71.63,0.0,0.0,0.0,0.0,0.0,0.0,0.0,0,0,0,0.0,0.0,0.0,0.0,0.0,0.0,0.0,0.0,0.0,0.0,0.0,0.0,0.0,0.0,0.0,0.0,0,-107875648.0,69,0.0,138,0.0,-0.0,0,13107,17040,13107,17049,0,17043,0,0,0,70,68,100,2.7302359370752657e+23,71.1,0.0,74.2,2.7302370179391762e+23,74.0,1,49,50,180,0,52429,0,0,0.0,0.0,0.0,0.0,-0.0,67.0,0.0,162057.094,0.0,750,0,739,0,0,0,721,0,766,0,735,0,742,0,741,0,712,0,7520,0.032,79456894976.0,0.0,0.0,784,16797,-0.0,162057.094,-114818.039,-0.0,0.133,6.909358625270745e+28,30.0,65.0,35,0.0,0.0,0.0,0.0,0.0,0.0,0.0,0.0,0.0,0.0,0.0,0.0,0.0,0.0,0.0,0.0,69.2,0,150,71,54,65476,0,300,0,1,8,20529,65476,0,0,40632,65.0,0.0,0.0,0.0,0.0,0.0
2026-09-04T20:53:01,ERR,ERR,ERR,ERR,ERR,ERR,ERR,ERR,ERR,ERR,ERR,ERR,ERR,ERR,ERR,ERR,ERR,ERR,ERR,ERR,ERR,ERR,ERR,ERR,ERR,ERR,ERR,ERR,ERR,ERR,ERR,ERR,ERR,ERR,ERR,ERR,ERR,ERR,ERR,ERR,ERR,ERR,ERR,ERR,ERR,ERR,ERR,ERR,ERR,ERR,ERR,ERR,ERR,ERR,ERR,ERR,ERR,ERR,ERR,ERR,ERR,ERR,ERR,ERR,ERR,ERR,ERR,ERR,ERR,ERR,ERR,ERR,ERR,ERR,ERR,ERR,ERR,ERR,ERR,ERR,ERR,ERR,ERR,ERR,ERR,ERR,ERR,ERR,ERR,ERR,ERR,ERR,ERR,ERR,ERR,ERR,ERR,ERR,ERR,ERR,ERR,ERR,ERR,ERR,ERR,ERR,ERR,ERR,ERR,ERR,ERR,ERR,ERR,ERR,ERR,ERR,ERR,ERR,ERR,ERR,ERR,ERR,ERR,ERR,ERR,0.0,0.0,0.0,0.0,0.0,1.3936040501711995e+18,7.805,0.0,0,0,4,0,7116,0.0,100,0.0,0.0,0.0,0.0,0.0,0,0,0,0,0.0,0,0,0,0,0,0,0,0,0,0,0,0,0,0,0,0,0,0,0,0,0,0,0,0,0,0,0,0,0,0,0,0,0,31,40,40,71,65476,0,300,0,0,8,21553,0.0,-107605600.0,0.0,0.0,0.0,0.0,0.0,0.0,0.0,0.0,0.0,0.0,0.0,0.0,0.0,0.0,0.0,0.0,0.0,0.0,0.0,0.0,-2.004,2.004,2.004,-0.0,0.0,0.0,0.0,0.0,6332.0,-0.0,6930.0,0.0,0.0,2.7184303811560617e+23,0.0,0.0,0.0,0.0,0.0,69,-0.0,-71.63,0.0,0.0,0.0,0.0,0.0,0.0,0.0,0,0,0,0.0,0.0,0.0,0.0,0.0,0.0,0.0,0.0,0.0,0.0,0.0,0.0,0.0,0.0,0.0,0.0,0,-107875648.0,69,0.0,138,0.0,-0.0,0,13107,17040,13107,17049,0,17043,0,0,0,70,68,100,2.7302359370752657e+23,71.1,0.0,74.2,2.7302370179391762e+23,74.0,1,49,50,180,0,52429,0,0,0.0,0.0,0.0,0.0,-0.0,67.0,0.0,162057.094,0.0,750,0,739,0,0,0,721,0,766,0,735,0,742,0,741,0,712,0,7520,0.032,79456894976.0,0.0,0.0,784,16797,-0.0,162057.094,-114818.039,-0.0,0.133,6.909358625270745e+28,30.0,65.0,35,0.0,0.0,0.0,0.0,0.0,0.0,0.0,0.0,0.0,0.0,0.0,0.0,0.0,0.0,0.0,0.0,69.2,0,150,71,54,65476,0,300,0,1,8,20529,65476,0,0,40632,65.0,0.0,0.0,0.0,0.0,0.0
2026-09-04T20:53:02,ERR,ERR,ERR,ERR,ERR,ERR,ERR,ERR,ERR,ERR,ERR,ERR,ERR,ERR,ERR,ERR,ERR,ERR,ERR,ERR,ERR,ERR,ERR,ERR,ERR,ERR,ERR,ERR,ERR,ERR,ERR,ERR,ERR,ERR,ERR,ERR,ERR,ERR,ERR,ERR,ERR,ERR,ERR,ERR,ERR,ERR,ERR,ERR,ERR,ERR,ERR,ERR,ERR,ERR,ERR,ERR,ERR,ERR,ERR,ERR,ERR,ERR,ERR,ERR,ERR,ERR,ERR,ERR,ERR,ERR,ERR,ERR,ERR,ERR,ERR,ERR,ERR,ERR,ERR,ERR,ERR,ERR,ERR,ERR,ERR,ERR,ERR,ERR,ERR,ERR,ERR,ERR,ERR,ERR,ERR,ERR,ERR,ERR,ERR,ERR,ERR,ERR,ERR,ERR,ERR,ERR,ERR,ERR,ERR,ERR,ERR,ERR,ERR,ERR,ERR,ERR,ERR,ERR,ERR,ERR,ERR,ERR,ERR,ERR,ERR,0.0,0.0,0.0,0.0,0.0,1.3936040501711995e+18,7.805,0.0,0,0,4,0,7116,0.0,100,0.0,0.0,0.0,0.0,0.0,0,0,0,0,0.0,0,0,0,0,0,0,0,0,0,0,0,0,0,0,0,0,0,0,0,0,0,0,0,0,0,0,0,0,0,0,0,0,0,31,40,40,71,65476,0,300,0,0,8,21553,0.0,-107605600.0,0.0,0.0,0.0,0.0,0.0,0.0,0.0,0.0,0.0,0.0,0.0,0.0,0.0,0.0,0.0,0.0,0.0,0.0,0.0,0.0,-0.0,2.004,2.004,-0.0,0.0,0.0,0.0,0.0,6335.0,-0.0,6929.0,0.0,0.0,0.0,0.0,0.0,0.0,0.0,0.0,69,-71.63,-107615200.0,0.0,0.0,0.0,0.0,0.0,0.0,0.0,0,0,0,0.0,0.0,0.0,0.0,0.0,0.0,0.0,0.0,0.0,0.0,0.0,0.0,0.0,0.0,0.0,0.0,0,-107875648.0,69,0.0,138,0.0,-0.0,0,13107,17040,13107,17049,0,17043,0,0,0,70,68,100,2.7302359370752657e+23,71.1,0.0,74.2,2.7302370179391762e+23,74.0,1,49,50,180,0,52429,0,0,0.0,0.0,0.0,0.0,-0.0,67.0,0.0,162057.094,0.0,750,0,739,0,0,0,721,0,766,0,735,0,742,0,741,0,712,0,7520,0.032,79456894976.0,0.0,0.0,784,16797,-0.0,162057.094,-114818.039,-0.0,0.133,6.909358625270745e+28,30.0,65.0,35,0.0,0.0,0.0,0.0,0.0,0.0,0.0,0.0,0.0,0.0,0.0,0.0,0.0,0.0,0.0,0.0,69.2,0,150,71,54,65476,0,300,0,1,8,20529,65476,0,0,40632,65.0,0.0,0.0,0.0,0.0,0.0
2026-09-04T20:53:03,ERR,ERR,ERR,ERR,ERR,ERR,ERR,ERR,ERR,ERR,ERR,ERR,ERR,ERR,ERR,ERR,ERR,ERR,ERR,ERR,ERR,ERR,ERR,ERR,ERR,ERR,ERR,ERR,ERR,ERR,ERR,ERR,ERR,ERR,ERR,ERR,ERR,ERR,ERR,ERR,ERR,ERR,ERR,ERR,ERR,ERR,ERR,ERR,ERR,ERR,ERR,ERR,ERR,ERR,ERR,ERR,ERR,ERR,ERR,ERR,ERR,ERR,ERR,ERR,ERR,ERR,ERR,ERR,ERR,ERR,ERR,ERR,ERR,ERR,ERR,ERR,ERR,ERR,ERR,ERR,ERR,ERR,ERR,ERR,ERR,ERR,ERR,ERR,ERR,ERR,ERR,ERR,ERR,ERR,ERR,ERR,ERR,ERR,ERR,ERR,ERR,ERR,ERR,ERR,ERR,ERR,ERR,ERR,ERR,ERR,ERR,ERR,ERR,ERR,ERR,ERR,ERR,ERR,ERR,ERR,ERR,ERR,ERR,ERR,ERR,0.0,0.0,0.0,0.0,0.0,1.3936040501711995e+18,7.805,0.0,0,0,4,0,7116,0.0,100,0.0,0.0,0.0,0.0,0.0,0,0,0,0,0.0,0,0,0,0,0,0,0,0,0,0,0,0,0,0,0,0,0,0,0,0,0,0,0,0,0,0,0,0,0,0,0,0,0,31,40,40,71,65476,0,300,0,0,8,21553,0.0,-107605600.0,0.0,0.0,0.0,0.0,0.0,0.0,0.0,0.0,0.0,0.0,0.0,0.0,0.0,0.0,0.0,0.0,0.0,0.0,0.0,0.0,-0.0,2.004,2.004,-0.0,0.0,0.0,0.0,0.0,6335.0,-0.0,6929.0,0.0,0.0,0.0,0.0,0.0,0.0,0.0,0.0,69,-71.63,-107615200.0,0.0,0.0,0.0,0.0,0.0,0.0,0.0,0,0,0,0.0,0.0,0.0,0.0,0.0,0.0,0.0,0.0,0.0,0.0,0.0,0.0,0.0,0.0,0.0,0.0,0,-107875648.0,69,0.0,138,0.0,-0.0,0,13107,17040,13107,17049,0,17043,0,0,0,70,68,100,2.7302359370752657e+23,71.1,0.0,74.2,2.7302370179391762e+23,74.0,1,49,50,180,0,52429,0,0,0.0,0.0,0.0,0.0,-0.0,67.0,0.0,162057.094,0.0,750,0,739,0,0,0,721,0,766,0,735,0,742,0,741,0,712,0,7520,0.032,79456894976.0,0.0,0.0,784,16797,-0.0,162057.094,-114818.039,-0.0,0.133,6.909358625270745e+28,30.0,65.0,35,0.0,0.0,0.0,0.0,0.0,0.0,0.0,0.0,0.0,0.0,0.0,0.0,0.0,0.0,0.0,0.0,69.2,0,150,71,54,65476,0,300,0,1,8,20529,65476,0,0,40632,65.0,0.0,0.0,0.0,0.0,0.0
2026-09-04T20:53:04,ERR,ERR,ERR,ERR,ERR,ERR,ERR,ERR,ERR,ERR,ERR,ERR,ERR,ERR,ERR,ERR,ERR,ERR,ERR,ERR,ERR,ERR,ERR,ERR,ERR,ERR,ERR,ERR,ERR,ERR,ERR,ERR,ERR,ERR,ERR,ERR,ERR,ERR,ERR,ERR,ERR,ERR,ERR,ERR,ERR,ERR,ERR,ERR,ERR,ERR,ERR,ERR,ERR,ERR,ERR,ERR,ERR,ERR,ERR,ERR,ERR,ERR,ERR,ERR,ERR,ERR,ERR,ERR,ERR,ERR,ERR,ERR,ERR,ERR,ERR,ERR,ERR,ERR,ERR,ERR,ERR,ERR,ERR,ERR,ERR,ERR,ERR,ERR,ERR,ERR,ERR,ERR,ERR,ERR,ERR,ERR,ERR,ERR,ERR,ERR,ERR,ERR,ERR,ERR,ERR,ERR,ERR,ERR,ERR,ERR,ERR,ERR,ERR,ERR,ERR,ERR,ERR,ERR,ERR,ERR,ERR,ERR,ERR,ERR,ERR,0.0,0.0,0.0,0.0,0.0,1.3936040501711995e+18,7.805,0.0,0,0,4,0,7116,0.0,100,0.0,0.0,0.0,0.0,0.0,0,0,0,0,0.0,0,0,0,0,0,0,0,0,0,0,0,0,0,0,0,0,0,0,0,0,0,0,0,0,0,0,0,0,0,0,0,0,0,31,40,40,71,65476,0,300,0,0,8,21553,0.0,-107605600.0,0.0,0.0,0.0,0.0,0.0,0.0,0.0,0.0,0.0,0.0,0.0,0.0,0.0,0.0,0.0,0.0,0.0,0.0,0.0,0.0,-0.0,2.004,2.004,-0.0,0.0,0.0,0.0,0.0,6335.0,-0.0,6929.0,0.0,0.0,0.0,0.0,0.0,0.0,0.0,0.0,69,-71.63,-107615200.0,0.0,0.0,0.0,0.0,0.0,0.0,0.0,0,0,0,0.0,0.0,0.0,0.0,0.0,0.0,0.0,0.0,0.0,0.0,0.0,0.0,0.0,0.0,0.0,0.0,0,-107875648.0,69,0.0,138,0.0,-0.0,0,13107,17040,0,17049,0,17043,0,0,0,70,68,100,2.7302359370752657e+23,71.1,0.0,74.2,2.7302370179391762e+23,74.0,1,49,50,180,0,52429,0,0,0.0,0.0,0.0,0.0,-0.0,67.0,0.0,162057.094,0.0,750,0,739,0,0,0,721,0,766,0,735,0,742,0,741,0,712,0,7520,0.032,79456894976.0,0.0,0.0,784,16797,-0.0,162057.094,-114818.039,-0.0,0.133,6.909358625270745e+28,30.0,65.0,35,0.0,0.0,0.0,0.0,0.0,0.0,0.0,0.0,0.0,0.0,0.0,0.0,0.0,0.0,0.0,0.0,69.2,0,150,71,54,65476,0,300,0,1,8,20529,65476,0,0,40632,65.0,0.0,0.0,0.0,0.0,0.0
2026-09-04T20:53:05,ERR,ERR,ERR,ERR,ERR,ERR,ERR,ERR,ERR,ERR,ERR,ERR,ERR,ERR,ERR,ERR,ERR,ERR,ERR,ERR,ERR,ERR,ERR,ERR,ERR,ERR,ERR,ERR,ERR,ERR,ERR,ERR,ERR,ERR,ERR,ERR,ERR,ERR,ERR,ERR,ERR,ERR,ERR,ERR,ERR,ERR,ERR,ERR,ERR,ERR,ERR,ERR,ERR,ERR,ERR,ERR,ERR,ERR,ERR,ERR,ERR,ERR,ERR,ERR,ERR,ERR,ERR,ERR,ERR,ERR,ERR,ERR,ERR,ERR,ERR,ERR,ERR,ERR,ERR,ERR,ERR,ERR,ERR,ERR,ERR,ERR,ERR,ERR,ERR,ERR,ERR,ERR,ERR,ERR,ERR,ERR,ERR,ERR,ERR,ERR,ERR,ERR,ERR,ERR,ERR,ERR,ERR,ERR,ERR,ERR,ERR,ERR,ERR,ERR,ERR,ERR,ERR,ERR,ERR,ERR,ERR,ERR,ERR,ERR,ERR,0.0,0.0,0.0,0.0,0.0,1.3936040501711995e+18,7.805,0.0,0,0,4,0,7116,0.0,100,0.0,0.0,0.0,0.0,0.0,0,0,0,0,0.0,0,0,0,0,0,0,0,0,0,0,0,0,0,0,0,0,0,0,0,0,0,0,0,0,0,0,0,0,0,0,0,0,0,31,40,40,71,65476,0,300,0,0,8,21553,0.0,-107605600.0,0.0,0.0,0.0,0.0,0.0,0.0,0.0,0.0,0.0,0.0,0.0,0.0,0.0,0.0,0.0,0.0,0.0,0.0,0.0,0.0,-0.0,2.004,2.004,-0.0,0.0,0.0,0.0,0.0,6335.0,-0.0,6929.0,0.0,0.0,0.0,0.0,0.0,0.0,0.0,0.0,69,-71.63,-107615200.0,0.0,0.0,0.0,0.0,0.0,0.0,0.0,0,0,0,0.0,0.0,0.0,0.0,0.0,0.0,0.0,0.0,0.0,0.0,0.0,0.0,0.0,0.0,0.0,0.0,0,-107875648.0,69,0.0,138,0.0,-0.0,0,13107,17040,0,17049,0,17043,0,0,0,70,68,100,2.7302359370752657e+23,71.1,0.0,74.2,2.7302370179391762e+23,74.0,1,49,50,180,0,52429,0,0,0.0,0.0,0.0,0.0,-0.0,67.0,0.0,162057.094,0.0,750,0,739,0,0,0,721,0,766,0,735,0,742,0,741,0,712,0,7520,0.032,79456894976.0,0.0,0.0,784,16797,-0.0,162057.094,-114818.039,-0.0,0.133,6.909358625270745e+28,30.0,65.0,35,0.0,0.0,0.0,0.0,0.0,0.0,0.0,0.0,0.0,0.0,0.0,0.0,0.0,0.0,0.0,0.0,69.2,0,150,71,54,65476,0,300,0,1,8,20529,65476,0,0,40632,65.0,0.0,0.0,0.0,0.0,0.0
2026-09-04T20:53:06,ERR,ERR,ERR,ERR,ERR,ERR,ERR,ERR,ERR,ERR,ERR,ERR,ERR,ERR,ERR,ERR,ERR,ERR,ERR,ERR,ERR,ERR,ERR,ERR,ERR,ERR,ERR,ERR,ERR,ERR,ERR,ERR,ERR,ERR,ERR,ERR,ERR,ERR,ERR,ERR,ERR,ERR,ERR,ERR,ERR,ERR,ERR,ERR,ERR,ERR,ERR,ERR,ERR,ERR,ERR,ERR,ERR,ERR,ERR,ERR,ERR,ERR,ERR,ERR,ERR,ERR,ERR,ERR,ERR,ERR,ERR,ERR,ERR,ERR,ERR,ERR,ERR,ERR,ERR,ERR,ERR,ERR,ERR,ERR,ERR,ERR,ERR,ERR,ERR,ERR,ERR,ERR,ERR,ERR,ERR,ERR,ERR,ERR,ERR,ERR,ERR,ERR,ERR,ERR,ERR,ERR,ERR,ERR,ERR,ERR,ERR,ERR,ERR,ERR,ERR,ERR,ERR,ERR,ERR,ERR,ERR,ERR,ERR,ERR,ERR,0.0,0.0,0.0,0.0,0.0,1.3936040501711995e+18,7.805,0.0,0,0,4,0,7116,0.0,100,0.0,0.0,0.0,0.0,0.0,0,0,0,0,0.0,0,0,0,0,0,0,0,0,0,0,0,0,0,0,0,0,0,0,0,0,0,0,0,0,0,0,0,0,0,0,0,0,0,31,40,40,71,65476,0,300,0,0,8,21553,0.0,-107605600.0,0.0,0.0,0.0,0.0,0.0,0.0,0.0,0.0,0.0,0.0,0.0,0.0,0.0,0.0,0.0,0.0,0.0,0.0,0.0,0.0,-0.0,2.004,2.004,-0.0,0.0,0.0,0.0,0.0,6335.0,-0.0,6929.0,0.0,0.0,0.0,0.0,0.0,0.0,0.0,0.0,69,-71.63,-107615200.0,0.0,0.0,0.0,0.0,0.0,0.0,0.0,0,0,0,0.0,0.0,0.0,0.0,0.0,0.0,0.0,0.0,0.0,0.0,0.0,0.0,0.0,0.0,0.0,0.0,0,-107875648.0,69,0.0,138,0.0,-0.0,0,13107,17040,0,17049,0,17043,0,0,0,70,68,100,2.7302359370752657e+23,71.1,0.0,74.2,2.7302370179391762e+23,74.0,1,49,50,180,0,52429,0,0,0.0,0.0,0.0,0.0,-0.0,67.0,0.0,162057.094,0.0,750,0,739,0,0,0,721,0,766,0,735,0,742,0,741,0,712,0,7520,0.032,79456894976.0,0.0,0.0,784,16797,-0.0,162057.094,-114818.039,-0.0,0.133,6.909358625270745e+28,30.0,65.0,35,0.0,0.0,0.0,0.0,0.0,0.0,0.0,0.0,0.0,0.0,0.0,0.0,0.0,0.0,0.0,0.0,69.2,0,150,71,54,65476,0,300,0,1,8,20529,65476,0,0,40632,65.0,0.0,0.0,0.0,0.0,0.0
2026-09-04T20:53:07,ERR,ERR,ERR,ERR,ERR,ERR,ERR,ERR,ERR,ERR,ERR,ERR,ERR,ERR,ERR,ERR,ERR,ERR,ERR,ERR,ERR,ERR,ERR,ERR,ERR,ERR,ERR,ERR,ERR,ERR,ERR,ERR,ERR,ERR,ERR,ERR,ERR,ERR,ERR,ERR,ERR,ERR,ERR,ERR,ERR,ERR,ERR,ERR,ERR,ERR,ERR,ERR,ERR,ERR,ERR,ERR,ERR,ERR,ERR,ERR,ERR,ERR,ERR,ERR,ERR,ERR,ERR,ERR,ERR,ERR,ERR,ERR,ERR,ERR,ERR,ERR,ERR,ERR,ERR,ERR,ERR,ERR,ERR,ERR,ERR,ERR,ERR,ERR,ERR,ERR,ERR,ERR,ERR,ERR,ERR,ERR,ERR,ERR,ERR,ERR,ERR,ERR,ERR,ERR,ERR,ERR,ERR,ERR,ERR,ERR,ERR,ERR,ERR,ERR,ERR,ERR,ERR,ERR,ERR,ERR,ERR,ERR,ERR,ERR,ERR,0.0,0.0,0.0,0.0,0.0,1.3936040501711995e+18,7.805,0.0,0,0,4,0,7116,0.0,100,0.0,0.0,0.0,0.0,0.0,0,0,0,0,0.0,0,0,0,0,0,0,0,0,0,0,0,0,0,0,0,0,0,0,0,0,0,0,0,0,0,0,0,0,0,0,0,0,0,31,40,40,71,65476,0,300,0,0,8,21553,0.0,-107605600.0,0.0,0.0,0.0,0.0,0.0,0.0,0.0,0.0,0.0,0.0,0.0,0.0,0.0,0.0,0.0,0.0,0.0,0.0,0.0,0.0,-0.0,2.004,2.004,-0.0,0.0,0.0,0.0,0.0,6335.0,-0.0,6929.0,0.0,0.0,0.0,0.0,0.0,0.0,0.0,0.0,69,-71.63,-107615200.0,0.0,0.0,0.0,0.0,0.0,0.0,0.0,0,0,0,0.0,0.0,0.0,0.0,0.0,0.0,0.0,0.0,0.0,0.0,0.0,0.0,0.0,0.0,0.0,0.0,0,-107875648.0,69,0.0,138,0.0,-0.0,0,13107,17040,0,17049,0,17043,0,0,0,70,68,100,2.7302359370752657e+23,71.1,0.0,74.2,2.7302370179391762e+23,74.0,1,49,50,180,0,52429,0,0,0.0,0.0,0.0,0.0,-0.0,67.0,0.0,162057.094,0.0,750,0,739,0,0,0,721,0,766,0,735,0,742,0,741,0,712,0,7520,0.032,79456894976.0,0.0,0.0,784,16797,-0.0,162057.094,-114818.039,-0.0,0.133,6.909358625270745e+28,30.0,65.0,35,0.0,0.0,0.0,0.0,0.0,0.0,0.0,0.0,0.0,0.0,0.0,0.0,0.0,0.0,0.0,0.0,69.2,0,150,71,54,65476,0,300,0,1,8,20529,65476,0,0,40632,65.0,0.0,0.0,0.0,0.0,0.0
2026-09-04T20:53:08,ERR,ERR,ERR,ERR,ERR,ERR,ERR,ERR,ERR,ERR,ERR,ERR,ERR,ERR,ERR,ERR,ERR,ERR,ERR,ERR,ERR,ERR,ERR,ERR,ERR,ERR,ERR,ERR,ERR,ERR,ERR,ERR,ERR,ERR,ERR,ERR,ERR,ERR,ERR,ERR,ERR,ERR,ERR,ERR,ERR,ERR,ERR,ERR,ERR,ERR,ERR,ERR,ERR,ERR,ERR,ERR,ERR,ERR,ERR,ERR,ERR,ERR,ERR,ERR,ERR,ERR,ERR,ERR,ERR,ERR,ERR,ERR,ERR,ERR,ERR,ERR,ERR,ERR,ERR,ERR,ERR,ERR,ERR,ERR,ERR,ERR,ERR,ERR,ERR,ERR,ERR,ERR,ERR,ERR,ERR,ERR,ERR,ERR,ERR,ERR,ERR,ERR,ERR,ERR,ERR,ERR,ERR,ERR,ERR,ERR,ERR,ERR,ERR,ERR,ERR,ERR,ERR,ERR,ERR,ERR,ERR,ERR,ERR,ERR,ERR,0.0,0.0,0.0,0.0,0.0,1.3936040501711995e+18,7.805,0.0,0,0,4,0,7116,0.0,100,0.0,0.0,0.0,0.0,0.0,0,0,0,0,0.0,0,0,0,0,0,0,0,0,0,0,0,0,0,0,0,0,0,0,0,0,0,0,0,0,0,0,0,0,0,0,0,0,0,31,40,40,71,65476,0,300,0,0,8,21553,0.0,-107605600.0,0.0,0.0,0.0,0.0,0.0,0.0,0.0,0.0,0.0,0.0,0.0,0.0,0.0,0.0,0.0,0.0,0.0,0.0,0.0,0.0,-0.0,2.004,2.004,-0.0,0.0,0.0,0.0,0.0,6335.0,-0.0,6929.0,0.0,0.0,0.0,0.0,0.0,0.0,0.0,0.0,69,-71.63,-107615200.0,0.0,0.0,0.0,0.0,0.0,0.0,0.0,0,0,0,0.0,0.0,0.0,0.0,0.0,0.0,0.0,0.0,0.0,0.0,0.0,0.0,0.0,0.0,0.0,0.0,0,-107875648.0,69,0.0,138,0.0,-0.0,0,13107,17040,0,17049,0,17043,0,0,0,70,68,100,2.7302359370752657e+23,71.1,0.0,74.2,2.7302370179391762e+23,74.0,1,49,50,180,0,52429,0,0,0.0,0.0,0.0,0.0,-0.0,67.0,0.0,162057.094,0.0,750,0,739,0,0,0,721,0,766,0,735,0,742,0,741,0,712,0,7520,0.032,79456894976.0,0.0,0.0,784,16797,-0.0,162057.094,-114818.039,-0.0,0.133,6.909358625270745e+28,30.0,65.0,35,0.0,0.0,0.0,0.0,0.0,0.0,0.0,0.0,0.0,0.0,0.0,0.0,0.0,0.0,0.0,0.0,69.2,0,150,71,54,65476,0,300,0,1,8,20529,65476,0,0,40632,65.0,0.0,0.0,0.0,0.0,0.0
2026-09-04T20:53:09,ERR,ERR,ERR,ERR,ERR,ERR,ERR,ERR,ERR,ERR,ERR,ERR,ERR,ERR,ERR,ERR,ERR,ERR,ERR,ERR,ERR,ERR,ERR,ERR,ERR,ERR,ERR,ERR,ERR,ERR,ERR,ERR,ERR,ERR,ERR,ERR,ERR,ERR,ERR,ERR,ERR,ERR,ERR,ERR,ERR,ERR,ERR,ERR,ERR,ERR,ERR,ERR,ERR,ERR,ERR,ERR,ERR,ERR,ERR,ERR,ERR,ERR,ERR,ERR,ERR,ERR,ERR,ERR,ERR,ERR,ERR,ERR,ERR,ERR,ERR,ERR,ERR,ERR,ERR,ERR,ERR,ERR,ERR,ERR,ERR,ERR,ERR,ERR,ERR,ERR,ERR,ERR,ERR,ERR,ERR,ERR,ERR,ERR,ERR,ERR,ERR,ERR,ERR,ERR,ERR,ERR,ERR,ERR,ERR,ERR,ERR,ERR,ERR,ERR,ERR,ERR,ERR,ERR,ERR,ERR,ERR,ERR,ERR,ERR,ERR,0.0,0.0,0.0,0.0,0.0,1.3936040501711995e+18,7.805,0.0,0,0,4,0,7116,0.0,100,0.0,0.0,0.0,0.0,0.0,0,0,0,0,0.0,0,0,0,0,0,0,0,0,0,0,0,0,0,0,0,0,0,0,0,0,0,0,0,0,0,0,0,0,0,0,0,0,0,31,40,40,71,65476,0,300,0,0,8,21553,0.0,-107605600.0,0.0,0.0,0.0,0.0,0.0,0.0,0.0,0.0,0.0,0.0,0.0,0.0,0.0,0.0,0.0,0.0,0.0,0.0,0.0,0.0,-0.0,2.004,2.004,-0.0,0.0,0.0,0.0,0.0,6335.0,-0.0,6929.0,0.0,0.0,0.0,0.0,0.0,0.0,0.0,0.0,69,-71.63,-107615200.0,0.0,0.0,0.0,0.0,0.0,0.0,0.0,0,0,0,0.0,0.0,0.0,0.0,0.0,0.0,0.0,0.0,0.0,0.0,0.0,0.0,0.0,0.0,0.0,0.0,0,-107875648.0,69,0.0,138,0.0,-0.0,0,13107,17040,0,17049,0,17043,0,0,0,70,68,100,2.7302359370752657e+23,71.1,0.0,74.2,2.7302370179391762e+23,74.0,1,49,50,180,0,52429,0,0,0.0,0.0,0.0,0.0,-0.0,67.0,0.0,162057.094,0.0,750,0,739,0,0,0,721,0,766,0,735,0,742,0,741,0,712,0,7520,0.032,79456894976.0,0.0,0.0,784,16797,-0.0,162057.094,-114818.039,-0.0,0.133,6.909358625270745e+28,30.0,65.0,35,0.0,0.0,0.0,0.0,0.0,0.0,0.0,0.0,0.0,0.0,0.0,0.0,0.0,0.0,0.0,0.0,69.2,0,150,71,54,65476,0,300,0,1,8,20529,65476,0,0,40632,65.0,0.0,0.0,0.0,0.0,0.0
2026-09-04T20:53:10,ERR,ERR,ERR,ERR,ERR,ERR,ERR,ERR,ERR,ERR,ERR,ERR,ERR,ERR,ERR,ERR,ERR,ERR,ERR,ERR,ERR,ERR,ERR,ERR,ERR,ERR,ERR,ERR,ERR,ERR,ERR,ERR,ERR,ERR,ERR,ERR,ERR,ERR,ERR,ERR,ERR,ERR,ERR,ERR,ERR,ERR,ERR,ERR,ERR,ERR,ERR,ERR,ERR,ERR,ERR,ERR,ERR,ERR,ERR,ERR,ERR,ERR,ERR,ERR,ERR,ERR,ERR,ERR,ERR,ERR,ERR,ERR,ERR,ERR,ERR,ERR,ERR,ERR,ERR,ERR,ERR,ERR,ERR,ERR,ERR,ERR,ERR,ERR,ERR,ERR,ERR,ERR,ERR,ERR,ERR,ERR,ERR,ERR,ERR,ERR,ERR,ERR,ERR,ERR,ERR,ERR,ERR,ERR,ERR,ERR,ERR,ERR,ERR,ERR,ERR,ERR,ERR,ERR,ERR,ERR,ERR,ERR,ERR,ERR,ERR,0.0,0.0,0.0,0.0,0.0,1.3936040501711995e+18,7.805,0.0,0,0,4,0,7116,0.0,100,0.0,0.0,0.0,0.0,0.0,0,0,0,0,0.0,0,0,0,0,0,0,0,0,0,0,0,0,0,0,0,0,0,0,0,0,0,0,0,0,0,0,0,0,0,0,0,0,0,31,40,40,71,65476,0,300,0,0,8,21553,0.0,-107605600.0,0.0,0.0,0.0,0.0,0.0,0.0,0.0,0.0,0.0,0.0,0.0,0.0,0.0,0.0,0.0,0.0,0.0,0.0,0.0,0.0,-0.0,2.004,2.004,-0.0,0.0,0.0,0.0,0.0,6324.0,0.0,6913.0,0.0,0.0,0.0,0.0,0.0,0.0,0.0,0.0,69,-0.0,0.0,0.0,0.0,0.0,0.0,0.0,0.0,0.0,0,0,0,0.0,0.0,0.0,0.0,0.0,0.0,0.0,0.0,0.0,0.0,0.0,0.0,0.0,0.0,0.0,0.0,0,-107875648.0,69,0.0,138,0.0,-0.0,0,13107,17040,13107,17049,0,17043,0,0,0,70,68,100,2.7302359370752657e+23,71.1,0.0,74.2,2.7302370179391762e+23,74.0,1,49,50,180,0,52429,0,0,0.0,0.0,0.0,0.0,-0.0,67.0,0.0,162057.094,0.0,750,0,739,0,0,0,721,0,766,0,735,0,742,0,741,0,712,0,7520,0.032,79456894976.0,0.0,0.0,784,16797,-0.0,162057.094,-114818.039,-0.0,0.133,6.909358625270745e+28,30.0,65.0,35,0.0,0.0,0.0,0.0,0.0,0.0,0.0,0.0,0.0,0.0,0.0,0.0,0.0,0.0,0.0,0.0,69.2,0,150,71,54,65476,0,300,0,1,8,20529,65476,0,0,40632,65.0,0.0,0.0,0.0,0.0,0.0
2026-09-04T20:53:11,ERR,ERR,ERR,ERR,ERR,ERR,ERR,ERR,ERR,ERR,ERR,ERR,ERR,ERR,ERR,ERR,ERR,ERR,ERR,ERR,ERR,ERR,ERR,ERR,ERR,ERR,ERR,ERR,ERR,ERR,ERR,ERR,ERR,ERR,ERR,ERR,ERR,ERR,ERR,ERR,ERR,ERR,ERR,ERR,ERR,ERR,ERR,ERR,ERR,ERR,ERR,ERR,ERR,ERR,ERR,ERR,ERR,ERR,ERR,ERR,ERR,ERR,ERR,ERR,ERR,ERR,ERR,ERR,ERR,ERR,ERR,ERR,ERR,ERR,ERR,ERR,ERR,ERR,ERR,ERR,ERR,ERR,ERR,ERR,ERR,ERR,ERR,ERR,ERR,ERR,ERR,ERR,ERR,ERR,ERR,ERR,ERR,ERR,ERR,ERR,ERR,ERR,ERR,ERR,ERR,ERR,ERR,ERR,ERR,ERR,ERR,ERR,ERR,ERR,ERR,ERR,ERR,ERR,ERR,ERR,ERR,ERR,ERR,ERR,ERR,0.0,0.0,0.0,0.0,0.0,1.3936040501711995e+18,7.805,0.0,0,0,4,0,7116,0.0,100,0.0,0.0,0.0,0.0,0.0,0,0,0,0,0.0,0,0,0,0,0,0,0,0,0,0,0,0,0,0,0,0,0,0,0,0,0,0,0,0,0,0,0,0,0,0,0,0,0,31,40,40,71,65476,0,300,0,0,8,21553,0.0,-107605600.0,0.0,0.0,0.0,0.0,0.0,0.0,0.0,0.0,0.0,0.0,0.0,0.0,0.0,0.0,0.0,0.0,0.0,0.0,0.0,0.0,-0.0,2.004,2.004,-0.0,0.0,0.0,0.0,0.0,6324.0,0.0,6913.0,0.0,0.0,0.0,0.0,0.0,0.0,0.0,0.0,69,-0.0,0.0,0.0,0.0,0.0,0.0,0.0,0.0,0.0,0,0,0,0.0,0.0,0.0,0.0,0.0,0.0,0.0,0.0,0.0,0.0,0.0,0.0,0.0,0.0,0.0,0.0,0,-107875648.0,69,0.0,138,0.0,-0.0,0,13107,17040,13107,17049,0,17043,0,0,0,70,68,100,2.7302359370752657e+23,71.1,0.0,74.2,2.7302370179391762e+23,74.0,1,49,50,180,0,52429,0,0,0.0,0.0,0.0,0.0,-0.0,67.0,0.0,162057.094,0.0,750,0,739,0,0,0,721,0,766,0,735,0,742,0,741,0,712,0,7520,0.032,79456894976.0,0.0,0.0,784,16797,-0.0,162057.094,-114818.039,-0.0,0.133,6.909358625270745e+28,30.0,65.0,35,0.0,0.0,0.0,0.0,0.0,0.0,0.0,0.0,0.0,0.0,0.0,0.0,0.0,0.0,0.0,0.0,69.2,0,150,71,54,65476,0,300,0,1,8,20529,65476,0,0,40632,65.0,0.0,0.0,0.0,0.0,0.0
2026-09-04T20:53:12,ERR,ERR,ERR,ERR,ERR,ERR,ERR,ERR,ERR,ERR,ERR,ERR,ERR,ERR,ERR,ERR,ERR,ERR,ERR,ERR,ERR,ERR,ERR,ERR,ERR,ERR,ERR,ERR,ERR,ERR,ERR,ERR,ERR,ERR,ERR,ERR,ERR,ERR,ERR,ERR,ERR,ERR,ERR,ERR,ERR,ERR,ERR,ERR,ERR,ERR,ERR,ERR,ERR,ERR,ERR,ERR,ERR,ERR,ERR,ERR,ERR,ERR,ERR,ERR,ERR,ERR,ERR,ERR,ERR,ERR,ERR,ERR,ERR,ERR,ERR,ERR,ERR,ERR,ERR,ERR,ERR,ERR,ERR,ERR,ERR,ERR,ERR,ERR,ERR,ERR,ERR,ERR,ERR,ERR,ERR,ERR,ERR,ERR,ERR,ERR,ERR,ERR,ERR,ERR,ERR,ERR,ERR,ERR,ERR,ERR,ERR,ERR,ERR,ERR,ERR,ERR,ERR,ERR,ERR,ERR,ERR,ERR,ERR,ERR,ERR,0.0,0.0,0.0,0.0,0.0,1.3936040501711995e+18,7.805,0.0,0,0,4,0,7116,0.0,100,0.0,0.0,0.0,0.0,0.0,0,0,0,0,0.0,0,0,0,0,0,0,0,0,0,0,0,0,0,0,0,0,0,0,0,0,0,0,0,0,0,0,0,0,0,0,0,0,0,31,40,40,71,65476,0,300,0,0,8,21553,0.0,-107605600.0,0.0,0.0,0.0,0.0,0.0,0.0,0.0,0.0,0.0,0.0,0.0,0.0,0.0,0.0,0.0,0.0,0.0,0.0,0.0,0.0,-0.0,2.004,2.004,-0.0,0.0,0.0,0.0,0.0,6324.0,0.0,6913.0,0.0,0.0,0.0,0.0,0.0,0.0,0.0,0.0,69,-0.0,0.0,0.0,0.0,0.0,0.0,0.0,0.0,0.0,0,0,0,0.0,0.0,0.0,0.0,0.0,0.0,0.0,0.0,0.0,0.0,0.0,0.0,0.0,0.0,0.0,0.0,0,-107875648.0,69,0.0,138,0.0,-0.0,0,13107,17040,13107,17049,0,17043,0,0,0,70,68,100,2.7302359370752657e+23,71.1,0.0,74.2,2.7302370179391762e+23,74.0,1,49,50,180,0,52429,0,0,0.0,0.0,0.0,0.0,-0.0,67.0,0.0,162057.094,0.0,750,0,739,0,0,0,721,0,766,0,735,0,742,0,741,0,712,0,7520,0.032,79456894976.0,0.0,0.0,784,16797,-0.0,162057.094,-114818.039,-0.0,0.133,6.909358625270745e+28,30.0,65.0,35,0.0,0.0,0.0,0.0,0.0,0.0,0.0,0.0,0.0,0.0,0.0,0.0,0.0,0.0,0.0,0.0,69.2,0,150,71,54,65476,0,300,0,1,8,20529,65476,0,0,40632,65.0,0.0,0.0,0.0,0.0,0.0
2026-09-04T20:53:13,ERR,ERR,ERR,ERR,ERR,ERR,ERR,ERR,ERR,ERR,ERR,ERR,ERR,ERR,ERR,ERR,ERR,ERR,ERR,ERR,ERR,ERR,ERR,ERR,ERR,ERR,ERR,ERR,ERR,ERR,ERR,ERR,ERR,ERR,ERR,ERR,ERR,ERR,ERR,ERR,ERR,ERR,ERR,ERR,ERR,ERR,ERR,ERR,ERR,ERR,ERR,ERR,ERR,ERR,ERR,ERR,ERR,ERR,ERR,ERR,ERR,ERR,ERR,ERR,ERR,ERR,ERR,ERR,ERR,ERR,ERR,ERR,ERR,ERR,ERR,ERR,ERR,ERR,ERR,ERR,ERR,ERR,ERR,ERR,ERR,ERR,ERR,ERR,ERR,ERR,ERR,ERR,ERR,ERR,ERR,ERR,ERR,ERR,ERR,ERR,ERR,ERR,ERR,ERR,ERR,ERR,ERR,ERR,ERR,ERR,ERR,ERR,ERR,ERR,ERR,ERR,ERR,ERR,ERR,ERR,ERR,ERR,ERR,ERR,ERR,0.0,0.0,0.0,0.0,0.0,1.3936040501711995e+18,7.805,0.0,0,0,4,0,7116,0.0,100,0.0,0.0,0.0,0.0,0.0,0,0,0,0,0.0,0,0,0,0,0,0,0,0,0,0,0,0,0,0,0,0,0,0,0,0,0,0,0,0,0,0,0,0,0,0,0,0,0,31,40,40,71,65476,0,300,0,0,8,21553,0.0,-107605600.0,0.0,0.0,0.0,0.0,0.0,0.0,0.0,0.0,0.0,0.0,0.0,0.0,0.0,0.0,0.0,0.0,0.0,0.0,0.0,0.0,-0.0,2.004,2.004,-0.0,0.0,0.0,0.0,0.0,6324.0,0.0,6913.0,0.0,0.0,0.0,0.0,0.0,0.0,0.0,0.0,69,-0.0,0.0,0.0,0.0,0.0,0.0,0.0,0.0,0.0,0,0,0,0.0,0.0,0.0,0.0,0.0,0.0,0.0,0.0,0.0,0.0,0.0,0.0,0.0,0.0,0.0,0.0,0,-107875648.0,69,0.0,138,0.0,-0.0,0,13107,17040,13107,17049,0,17043,0,0,0,70,68,100,2.7302359370752657e+23,71.1,0.0,74.2,2.7302370179391762e+23,74.0,1,49,50,180,0,52429,0,0,0.0,0.0,0.0,0.0,-0.0,67.0,0.0,162057.094,0.0,750,0,739,0,0,0,721,0,766,0,735,0,742,0,741,0,712,0,7520,0.032,79456894976.0,0.0,0.0,784,16797,-0.0,162057.094,-114818.039,-0.0,0.133,6.909358625270745e+28,30.0,65.0,35,0.0,0.0,0.0,0.0,0.0,0.0,0.0,0.0,0.0,0.0,0.0,0.0,0.0,0.0,0.0,0.0,69.2,0,150,71,54,65476,0,300,0,1,8,20529,65476,0,0,40632,65.0,0.0,0.0,0.0,0.0,0.0
2026-09-04T20:53:14,ERR,ERR,ERR,ERR,ERR,ERR,ERR,ERR,ERR,ERR,ERR,ERR,ERR,ERR,ERR,ERR,ERR,ERR,ERR,ERR,ERR,ERR,ERR,ERR,ERR,ERR,ERR,ERR,ERR,ERR,ERR,ERR,ERR,ERR,ERR,ERR,ERR,ERR,ERR,ERR,ERR,ERR,ERR,ERR,ERR,ERR,ERR,ERR,ERR,ERR,ERR,ERR,ERR,ERR,ERR,ERR,ERR,ERR,ERR,ERR,ERR,ERR,ERR,ERR,ERR,ERR,ERR,ERR,ERR,ERR,ERR,ERR,ERR,ERR,ERR,ERR,ERR,ERR,ERR,ERR,ERR,ERR,ERR,ERR,ERR,ERR,ERR,ERR,ERR,ERR,ERR,ERR,ERR,ERR,ERR,ERR,ERR,ERR,ERR,ERR,ERR,ERR,ERR,ERR,ERR,ERR,ERR,ERR,ERR,ERR,ERR,ERR,ERR,ERR,ERR,ERR,ERR,ERR,ERR,ERR,ERR,ERR,ERR,ERR,ERR,0.0,0.0,0.0,0.0,0.0,1.3936040501711995e+18,7.805,0.0,0,0,4,0,7116,0.0,100,0.0,0.0,0.0,0.0,0.0,0,0,0,0,0.0,0,0,0,0,0,0,0,0,0,0,0,0,0,0,0,0,0,0,0,0,0,0,0,0,0,0,0,0,0,0,0,0,0,31,40,40,71,65476,0,300,0,0,8,21553,0.0,-107605600.0,0.0,0.0,0.0,0.0,0.0,0.0,0.0,0.0,0.0,0.0,0.0,0.0,0.0,0.0,0.0,0.0,0.0,0.0,0.0,0.0,-0.0,2.004,2.004,-0.0,0.0,0.0,0.0,0.0,6324.0,0.0,6913.0,0.0,0.0,0.0,0.0,0.0,0.0,0.0,0.0,69,-0.0,0.0,0.0,0.0,0.0,0.0,0.0,0.0,0.0,0,0,0,0.0,0.0,0.0,0.0,0.0,0.0,0.0,0.0,0.0,0.0,0.0,0.0,0.0,0.0,0.0,0.0,0,-107875648.0,69,0.0,138,0.0,-0.0,0,13107,17040,13107,17049,0,17043,0,0,0,70,68,100,2.7302359370752657e+23,71.1,0.0,74.2,2.7302370179391762e+23,74.0,1,49,50,180,0,52429,0,0,0.0,0.0,0.0,0.0,-0.0,67.0,0.0,162057.094,0.0,750,0,739,0,0,0,721,0,766,0,735,0,742,0,741,0,712,0,7520,0.032,79456894976.0,0.0,0.0,784,16797,-0.0,162057.094,-114818.039,-0.0,0.133,6.909358625270745e+28,30.0,65.0,35,0.0,0.0,0.0,0.0,0.0,0.0,0.0,0.0,0.0,0.0,0.0,0.0,0.0,0.0,0.0,0.0,69.2,0,150,71,54,65476,0,300,0,1,8,20529,65476,0,0,40632,65.0,0.0,0.0,0.0,0.0,0.0
2026-09-04T20:53:15,ERR,ERR,ERR,ERR,ERR,ERR,ERR,ERR,ERR,ERR,ERR,ERR,ERR,ERR,ERR,ERR,ERR,ERR,ERR,ERR,ERR,ERR,ERR,ERR,ERR,ERR,ERR,ERR,ERR,ERR,ERR,ERR,ERR,ERR,ERR,ERR,ERR,ERR,ERR,ERR,ERR,ERR,ERR,ERR,ERR,ERR,ERR,ERR,ERR,ERR,ERR,ERR,ERR,ERR,ERR,ERR,ERR,ERR,ERR,ERR,ERR,ERR,ERR,ERR,ERR,ERR,ERR,ERR,ERR,ERR,ERR,ERR,ERR,ERR,ERR,ERR,ERR,ERR,ERR,ERR,ERR,ERR,ERR,ERR,ERR,ERR,ERR,ERR,ERR,ERR,ERR,ERR,ERR,ERR,ERR,ERR,ERR,ERR,ERR,ERR,ERR,ERR,ERR,ERR,ERR,ERR,ERR,ERR,ERR,ERR,ERR,ERR,ERR,ERR,ERR,ERR,ERR,ERR,ERR,ERR,ERR,ERR,ERR,ERR,ERR,0.0,0.0,0.0,0.0,0.0,1.3936040501711995e+18,7.805,0.0,0,0,4,0,7116,0.0,100,0.0,0.0,0.0,0.0,0.0,0,0,0,0,0.0,0,0,0,0,0,0,0,0,0,0,0,0,0,0,0,0,0,0,0,0,0,0,0,0,0,0,0,0,0,0,0,0,0,31,40,40,71,65476,0,300,0,0,8,21553,0.0,-107605600.0,0.0,0.0,0.0,0.0,0.0,0.0,0.0,0.0,0.0,0.0,0.0,0.0,0.0,0.0,0.0,0.0,0.0,0.0,0.0,0.0,-0.0,2.004,2.004,-0.0,0.0,0.0,0.0,0.0,6324.0,0.0,6913.0,0.0,0.0,0.0,0.0,0.0,0.0,0.0,0.0,69,-0.0,0.0,0.0,0.0,0.0,0.0,0.0,0.0,0.0,0,0,0,0.0,0.0,0.0,0.0,0.0,0.0,0.0,0.0,0.0,0.0,0.0,0.0,0.0,0.0,0.0,0.0,0,-107875648.0,69,0.0,138,0.0,-0.0,0,13107,17040,0,17049,0,17043,0,0,0,70,68,100,2.7302359370752657e+23,71.1,0.0,74.2,2.7302370179391762e+23,74.0,1,49,50,180,0,52429,0,0,0.0,0.0,0.0,0.0,-0.0,67.0,0.0,162057.094,0.0,750,0,739,0,0,0,721,0,766,0,735,0,742,0,741,0,712,0,7520,0.032,79993765888.0,0.0,0.0,784,16797,-0.0,162057.094,-114818.039,-0.0,0.133,6.909358625270745e+28,30.0,65.0,35,0.0,0.0,0.0,0.0,0.0,0.0,0.0,0.0,0.0,0.0,0.0,0.0,0.0,0.0,0.0,0.0,69.2,0,150,71,54,65476,0,300,0,1,8,20529,65476,0,0,40632,65.0,0.0,0.0,0.0,0.0,0.0
2026-09-04T20:53:16,ERR,ERR,ERR,ERR,ERR,ERR,ERR,ERR,ERR,ERR,ERR,ERR,ERR,ERR,ERR,ERR,ERR,ERR,ERR,ERR,ERR,ERR,ERR,ERR,ERR,ERR,ERR,ERR,ERR,ERR,ERR,ERR,ERR,ERR,ERR,ERR,ERR,ERR,ERR,ERR,ERR,ERR,ERR,ERR,ERR,ERR,ERR,ERR,ERR,ERR,ERR,ERR,ERR,ERR,ERR,ERR,ERR,ERR,ERR,ERR,ERR,ERR,ERR,ERR,ERR,ERR,ERR,ERR,ERR,ERR,ERR,ERR,ERR,ERR,ERR,ERR,ERR,ERR,ERR,ERR,ERR,ERR,ERR,ERR,ERR,ERR,ERR,ERR,ERR,ERR,ERR,ERR,ERR,ERR,ERR,ERR,ERR,ERR,ERR,ERR,ERR,ERR,ERR,ERR,ERR,ERR,ERR,ERR,ERR,ERR,ERR,ERR,ERR,ERR,ERR,ERR,ERR,ERR,ERR,ERR,ERR,ERR,ERR,ERR,ERR,0.0,0.0,0.0,0.0,0.0,1.3936040501711995e+18,7.805,0.0,0,0,4,0,7116,0.0,100,0.0,0.0,0.0,0.0,0.0,0,0,0,0,0.0,0,0,0,0,0,0,0,0,0,0,0,0,0,0,0,0,0,0,0,0,0,0,0,0,0,0,0,0,0,0,0,0,0,31,40,40,71,65476,0,300,0,0,8,21553,0.0,-107605600.0,0.0,0.0,0.0,0.0,0.0,0.0,0.0,0.0,0.0,0.0,0.0,0.0,0.0,0.0,0.0,0.0,0.0,0.0,0.0,0.0,-0.0,2.004,2.004,-0.0,0.0,0.0,0.0,0.0,6324.0,0.0,6913.0,0.0,0.0,0.0,0.0,0.0,0.0,0.0,0.0,69,-0.0,0.0,0.0,0.0,0.0,0.0,0.0,0.0,0.0,0,0,0,0.0,0.0,0.0,0.0,0.0,0.0,0.0,0.0,0.0,0.0,0.0,0.0,0.0,0.0,0.0,0.0,0,-107875648.0,69,0.0,138,0.0,-0.0,0,13107,17040,0,17049,0,17043,0,0,0,70,68,100,2.7302359370752657e+23,71.1,0.0,74.2,2.7302370179391762e+23,74.0,1,49,50,180,0,52429,0,0,0.0,0.0,0.0,0.0,-0.0,67.0,0.0,162057.094,0.0,750,0,739,0,0,0,721,0,766,0,735,0,742,0,741,0,712,0,7520,0.032,79993765888.0,0.0,0.0,784,16797,-0.0,162057.094,-114818.039,-0.0,0.133,6.909358625270745e+28,30.0,65.0,35,0.0,0.0,0.0,0.0,0.0,0.0,0.0,0.0,0.0,0.0,0.0,0.0,0.0,0.0,0.0,0.0,69.2,0,150,71,54,65476,0,300,0,1,8,20529,65476,0,0,40632,65.0,0.0,0.0,0.0,0.0,0.0
2026-09-04T20:53:17,ERR,ERR,ERR,ERR,ERR,ERR,ERR,ERR,ERR,ERR,ERR,ERR,ERR,ERR,ERR,ERR,ERR,ERR,ERR,ERR,ERR,ERR,ERR,ERR,ERR,ERR,ERR,ERR,ERR,ERR,ERR,ERR,ERR,ERR,ERR,ERR,ERR,ERR,ERR,ERR,ERR,ERR,ERR,ERR,ERR,ERR,ERR,ERR,ERR,ERR,ERR,ERR,ERR,ERR,ERR,ERR,ERR,ERR,ERR,ERR,ERR,ERR,ERR,ERR,ERR,ERR,ERR,ERR,ERR,ERR,ERR,ERR,ERR,ERR,ERR,ERR,ERR,ERR,ERR,ERR,ERR,ERR,ERR,ERR,ERR,ERR,ERR,ERR,ERR,ERR,ERR,ERR,ERR,ERR,ERR,ERR,ERR,ERR,ERR,ERR,ERR,ERR,ERR,ERR,ERR,ERR,ERR,ERR,ERR,ERR,ERR,ERR,ERR,ERR,ERR,ERR,ERR,ERR,ERR,ERR,ERR,ERR,ERR,ERR,ERR,0.0,0.0,0.0,0.0,0.0,1.3936040501711995e+18,7.805,0.0,0,0,4,0,7116,0.0,100,0.0,0.0,0.0,0.0,0.0,0,0,0,0,0.0,0,0,0,0,0,0,0,0,0,0,0,0,0,0,0,0,0,0,0,0,0,0,0,0,0,0,0,0,0,0,0,0,0,31,40,40,71,65476,0,300,0,0,8,21553,0.0,-107605600.0,0.0,0.0,0.0,0.0,0.0,0.0,0.0,0.0,0.0,0.0,0.0,0.0,0.0,0.0,0.0,0.0,0.0,0.0,0.0,0.0,-0.0,2.004,2.004,-0.0,0.0,0.0,0.0,0.0,6324.0,0.0,6912.0,0.0,0.0,0.0,0.0,0.0,0.0,0.0,0.0,69,-0.0,0.0,0.0,0.0,0.0,0.0,0.0,0.0,0.0,0,0,0,0.0,0.0,0.0,0.0,0.0,0.0,0.0,0.0,0.0,0.0,0.0,0.0,0.0,0.0,0.0,0.0,0,-107875648.0,69,0.0,138,0.0,-0.0,0,13107,17040,0,17049,0,17043,0,0,0,70,68,100,2.7302359370752657e+23,71.1,0.0,74.2,2.7302370179391762e+23,74.0,1,49,50,180,0,52429,0,0,0.0,0.0,0.0,0.0,-0.0,67.0,0.0,162057.094,0.0,750,0,739,0,0,0,721,0,766,0,735,0,742,0,741,0,712,0,7520,0.032,79993765888.0,0.0,0.0,784,16797,-0.0,162057.094,-114818.039,-0.0,0.133,6.909358625270745e+28,30.0,65.0,35,0.0,0.0,0.0,0.0,0.0,0.0,0.0,0.0,0.0,0.0,0.0,0.0,0.0,0.0,0.0,0.0,69.2,0,150,71,54,65476,0,300,0,1,8,20529,65476,0,0,40632,65.0,0.0,0.0,0.0,0.0,0.0
2026-09-04T20:53:18,ERR,ERR,ERR,ERR,ERR,ERR,ERR,ERR,ERR,ERR,ERR,ERR,ERR,ERR,ERR,ERR,ERR,ERR,ERR,ERR,ERR,ERR,ERR,ERR,ERR,ERR,ERR,ERR,ERR,ERR,ERR,ERR,ERR,ERR,ERR,ERR,ERR,ERR,ERR,ERR,ERR,ERR,ERR,ERR,ERR,ERR,ERR,ERR,ERR,ERR,ERR,ERR,ERR,ERR,ERR,ERR,ERR,ERR,ERR,ERR,ERR,ERR,ERR,ERR,ERR,ERR,ERR,ERR,ERR,ERR,ERR,ERR,ERR,ERR,ERR,ERR,ERR,ERR,ERR,ERR,ERR,ERR,ERR,ERR,ERR,ERR,ERR,ERR,ERR,ERR,ERR,ERR,ERR,ERR,ERR,ERR,ERR,ERR,ERR,ERR,ERR,ERR,ERR,ERR,ERR,ERR,ERR,ERR,ERR,ERR,ERR,ERR,ERR,ERR,ERR,ERR,ERR,ERR,ERR,ERR,ERR,ERR,ERR,ERR,ERR,0.0,0.0,0.0,0.0,0.0,1.3936040501711995e+18,7.805,0.0,0,0,4,0,7116,0.0,100,0.0,0.0,0.0,0.0,0.0,0,0,0,0,0.0,0,0,0,0,0,0,0,0,0,0,0,0,0,0,0,0,0,0,0,0,0,0,0,0,0,0,0,0,0,0,0,0,0,31,40,40,71,65476,0,300,0,0,8,21553,0.0,-107605600.0,0.0,0.0,0.0,0.0,0.0,0.0,0.0,0.0,0.0,0.0,0.0,0.0,0.0,0.0,0.0,0.0,0.0,0.0,0.0,0.0,-0.0,2.004,2.004,-0.0,0.0,0.0,0.0,0.0,6324.0,0.0,6912.0,0.0,0.0,0.0,0.0,0.0,0.0,0.0,0.0,69,-0.0,0.0,0.0,0.0,0.0,0.0,0.0,0.0,0.0,0,0,0,0.0,0.0,0.0,0.0,0.0,0.0,0.0,0.0,0.0,0.0,0.0,0.0,0.0,0.0,0.0,0.0,0,-107875648.0,69,0.0,138,0.0,-0.0,0,13107,17040,0,17049,0,17043,0,0,0,70,68,100,2.7302359370752657e+23,71.1,0.0,74.2,2.7302370179391762e+23,74.0,1,49,50,180,0,52429,0,0,0.0,0.0,0.0,0.0,-0.0,67.0,0.0,162057.094,0.0,750,0,739,0,0,0,721,0,766,0,735,0,742,0,741,0,712,0,7520,0.032,79993765888.0,0.0,0.0,784,16797,-0.0,162057.094,-114818.039,-0.0,0.133,6.909358625270745e+28,30.0,65.0,35,0.0,0.0,0.0,0.0,0.0,0.0,0.0,0.0,0.0,0.0,0.0,0.0,0.0,0.0,0.0,0.0,69.2,0,150,71,54,65476,0,300,0,1,8,20529,65476,0,0,40632,65.0,0.0,0.0,0.0,0.0,0.0
2026-09-04T20:53:19,ERR,ERR,ERR,ERR,ERR,ERR,ERR,ERR,ERR,ERR,ERR,ERR,ERR,ERR,ERR,ERR,ERR,ERR,ERR,ERR,ERR,ERR,ERR,ERR,ERR,ERR,ERR,ERR,ERR,ERR,ERR,ERR,ERR,ERR,ERR,ERR,ERR,ERR,ERR,ERR,ERR,ERR,ERR,ERR,ERR,ERR,ERR,ERR,ERR,ERR,ERR,ERR,ERR,ERR,ERR,ERR,ERR,ERR,ERR,ERR,ERR,ERR,ERR,ERR,ERR,ERR,ERR,ERR,ERR,ERR,ERR,ERR,ERR,ERR,ERR,ERR,ERR,ERR,ERR,ERR,ERR,ERR,ERR,ERR,ERR,ERR,ERR,ERR,ERR,ERR,ERR,ERR,ERR,ERR,ERR,ERR,ERR,ERR,ERR,ERR,ERR,ERR,ERR,ERR,ERR,ERR,ERR,ERR,ERR,ERR,ERR,ERR,ERR,ERR,ERR,ERR,ERR,ERR,ERR,ERR,ERR,ERR,ERR,ERR,ERR,0.0,0.0,0.0,0.0,0.0,1.3936040501711995e+18,7.805,0.0,0,0,4,0,7116,0.0,100,0.0,0.0,0.0,0.0,0.0,0,0,0,0,0.0,0,0,0,0,0,0,0,0,0,0,0,0,0,0,0,0,0,0,0,0,0,0,0,0,0,0,0,0,0,0,0,0,0,31,40,40,71,65476,0,300,0,0,8,21553,0.0,-107605600.0,0.0,0.0,0.0,0.0,0.0,0.0,0.0,0.0,0.0,0.0,0.0,0.0,0.0,0.0,0.0,0.0,0.0,0.0,0.0,0.0,-0.0,2.004,2.004,-0.0,0.0,0.0,0.0,0.0,6324.0,0.0,6912.0,0.0,0.0,0.0,0.0,0.0,0.0,0.0,0.0,69,-0.0,0.0,0.0,0.0,0.0,0.0,0.0,0.0,0.0,0,0,0,0.0,0.0,0.0,0.0,0.0,0.0,0.0,0.0,0.0,0.0,0.0,0.0,0.0,0.0,0.0,0.0,0,-107875648.0,69,0.0,138,0.0,-0.0,0,13107,17040,0,17049,0,17043,0,0,0,70,68,100,2.7302359370752657e+23,71.1,0.0,74.2,2.7302370179391762e+23,74.0,1,49,50,180,0,52429,0,0,0.0,0.0,0.0,0.0,-0.0,67.0,0.0,162057.094,0.0,750,0,739,0,0,0,721,0,766,0,735,0,742,0,741,0,712,0,7520,0.032,79993765888.0,0.0,0.0,784,16797,-0.0,162057.094,-114818.039,-0.0,0.133,6.909358625270745e+28,30.0,65.0,35,0.0,0.0,0.0,0.0,0.0,0.0,0.0,0.0,0.0,0.0,0.0,0.0,0.0,0.0,0.0,0.0,69.2,0,150,71,54,65476,0,300,0,1,8,20529,65476,0,0,40632,65.0,0.0,0.0,0.0,0.0,0.0
2026-09-04T20:53:20,ERR,ERR,ERR,ERR,ERR,ERR,ERR,ERR,ERR,ERR,ERR,ERR,ERR,ERR,ERR,ERR,ERR,ERR,ERR,ERR,ERR,ERR,ERR,ERR,ERR,ERR,ERR,ERR,ERR,ERR,ERR,ERR,ERR,ERR,ERR,ERR,ERR,ERR,ERR,ERR,ERR,ERR,ERR,ERR,ERR,ERR,ERR,ERR,ERR,ERR,ERR,ERR,ERR,ERR,ERR,ERR,ERR,ERR,ERR,ERR,ERR,ERR,ERR,ERR,ERR,ERR,ERR,ERR,ERR,ERR,ERR,ERR,ERR,ERR,ERR,ERR,ERR,ERR,ERR,ERR,ERR,ERR,ERR,ERR,ERR,ERR,ERR,ERR,ERR,ERR,ERR,ERR,ERR,ERR,ERR,ERR,ERR,ERR,ERR,ERR,ERR,ERR,ERR,ERR,ERR,ERR,ERR,ERR,ERR,ERR,ERR,ERR,ERR,ERR,ERR,ERR,ERR,ERR,ERR,ERR,ERR,ERR,ERR,ERR,ERR,0.0,0.0,0.0,0.0,0.0,1.3936040501711995e+18,7.805,0.0,0,0,4,0,7116,0.0,100,0.0,0.0,0.0,0.0,0.0,0,0,0,0,0.0,0,0,0,0,0,0,0,0,0,0,0,0,0,0,0,0,0,0,0,0,0,0,0,0,0,0,0,0,0,0,0,0,0,31,40,40,71,65476,0,300,0,0,8,21553,0.0,-107605600.0,0.0,0.0,0.0,0.0,0.0,0.0,0.0,0.0,0.0,0.0,0.0,0.0,0.0,0.0,0.0,0.0,0.0,0.0,0.0,0.0,-0.0,2.004,2.004,-0.0,0.0,0.0,0.0,0.0,6324.0,0.0,6912.0,0.0,0.0,0.0,0.0,0.0,0.0,0.0,0.0,69,-0.0,0.0,0.0,0.0,0.0,0.0,0.0,0.0,0.0,0,0,0,0.0,0.0,0.0,0.0,0.0,0.0,0.0,0.0,0.0,0.0,0.0,0.0,0.0,0.0,0.0,0.0,0,-107875648.0,69,0.0,138,0.0,-0.0,0,13107,17040,13107,17049,0,17043,0,0,0,70,68,100,2.7302359370752657e+23,71.1,0.0,74.2,2.7302370179391762e+23,74.0,1,49,50,180,0,52429,0,0,0.0,0.0,0.0,0.0,-0.0,67.0,0.0,162057.094,0.0,750,0,739,0,0,0,721,0,766,0,735,0,742,0,741,0,712,0,7520,0.032,79456894976.0,0.0,0.0,784,16797,-0.0,162057.094,-114818.039,-0.0,0.133,6.909358625270745e+28,30.0,65.0,35,0.0,0.0,0.0,0.0,0.0,0.0,0.0,0.0,0.0,0.0,0.0,0.0,0.0,0.0,0.0,0.0,69.2,0,150,71,54,65476,0,300,0,1,8,20529,65476,0,0,40632,65.0,0.0,0.0,0.0,0.0,0.0
2026-09-04T20:53:21,ERR,ERR,ERR,ERR,ERR,ERR,ERR,ERR,ERR,ERR,ERR,ERR,ERR,ERR,ERR,ERR,ERR,ERR,ERR,ERR,ERR,ERR,ERR,ERR,ERR,ERR,ERR,ERR,ERR,ERR,ERR,ERR,ERR,ERR,ERR,ERR,ERR,ERR,ERR,ERR,ERR,ERR,ERR,ERR,ERR,ERR,ERR,ERR,ERR,ERR,ERR,ERR,ERR,ERR,ERR,ERR,ERR,ERR,ERR,ERR,ERR,ERR,ERR,ERR,ERR,ERR,ERR,ERR,ERR,ERR,ERR,ERR,ERR,ERR,ERR,ERR,ERR,ERR,ERR,ERR,ERR,ERR,ERR,ERR,ERR,ERR,ERR,ERR,ERR,ERR,ERR,ERR,ERR,ERR,ERR,ERR,ERR,ERR,ERR,ERR,ERR,ERR,ERR,ERR,ERR,ERR,ERR,ERR,ERR,ERR,ERR,ERR,ERR,ERR,ERR,ERR,ERR,ERR,ERR,ERR,ERR,ERR,ERR,ERR,ERR,0.0,0.0,0.0,0.0,0.0,1.3936040501711995e+18,7.805,0.0,0,0,4,0,7116,0.0,100,0.0,0.0,0.0,0.0,0.0,0,0,0,0,0.0,0,0,0,0,0,0,0,0,0,0,0,0,0,0,0,0,0,0,0,0,0,0,0,0,0,0,0,0,0,0,0,0,0,31,40,40,71,65476,0,300,0,0,8,21553,0.0,-107605600.0,0.0,0.0,0.0,0.0,0.0,0.0,0.0,0.0,0.0,0.0,0.0,0.0,0.0,0.0,0.0,0.0,0.0,0.0,0.0,0.0,-0.0,2.004,2.004,-0.0,0.0,0.0,0.0,0.0,6324.0,0.0,6912.0,0.0,0.0,0.0,0.0,0.0,0.0,0.0,0.0,69,-0.0,0.0,0.0,0.0,0.0,0.0,0.0,0.0,0.0,0,0,0,0.0,0.0,0.0,0.0,0.0,0.0,0.0,0.0,0.0,0.0,0.0,0.0,0.0,0.0,0.0,0.0,0,-107875648.0,69,0.0,138,0.0,-0.0,0,13107,17040,13107,17049,0,17043,0,0,0,70,68,100,2.7302359370752657e+23,71.1,0.0,74.2,2.7302370179391762e+23,74.0,1,49,50,180,0,52429,0,0,0.0,0.0,0.0,0.0,-0.0,67.0,0.0,162057.094,0.0,750,0,739,0,0,0,721,0,766,0,735,0,742,0,741,0,712,0,7520,0.032,79456894976.0,0.0,0.0,784,16797,-0.0,162057.094,-114818.039,-0.0,0.133,6.909358625270745e+28,30.0,65.0,35,0.0,0.0,0.0,0.0,0.0,0.0,0.0,0.0,0.0,0.0,0.0,0.0,0.0,0.0,0.0,0.0,69.2,0,150,71,54,65476,0,300,0,1,8,20529,65476,0,0,40632,65.0,0.0,0.0,0.0,0.0,0.0
2026-09-04T20:53:22,ERR,ERR,ERR,ERR,ERR,ERR,ERR,ERR,ERR,ERR,ERR,ERR,ERR,ERR,ERR,ERR,ERR,ERR,ERR,ERR,ERR,ERR,ERR,ERR,ERR,ERR,ERR,ERR,ERR,ERR,ERR,ERR,ERR,ERR,ERR,ERR,ERR,ERR,ERR,ERR,ERR,ERR,ERR,ERR,ERR,ERR,ERR,ERR,ERR,ERR,ERR,ERR,ERR,ERR,ERR,ERR,ERR,ERR,ERR,ERR,ERR,ERR,ERR,ERR,ERR,ERR,ERR,ERR,ERR,ERR,ERR,ERR,ERR,ERR,ERR,ERR,ERR,ERR,ERR,ERR,ERR,ERR,ERR,ERR,ERR,ERR,ERR,ERR,ERR,ERR,ERR,ERR,ERR,ERR,ERR,ERR,ERR,ERR,ERR,ERR,ERR,ERR,ERR,ERR,ERR,ERR,ERR,ERR,ERR,ERR,ERR,ERR,ERR,ERR,ERR,ERR,ERR,ERR,ERR,ERR,ERR,ERR,ERR,ERR,ERR,0.0,0.0,0.0,0.0,0.0,1.3936040501711995e+18,7.805,0.0,0,0,4,0,7116,0.0,100,0.0,0.0,0.0,0.0,0.0,0,0,0,0,0.0,0,0,0,0,0,0,0,0,0,0,0,0,0,0,0,0,0,0,0,0,0,0,0,0,0,0,0,0,0,0,0,0,0,31,40,40,71,65476,0,300,0,0,8,21553,0.0,-107605600.0,0.0,0.0,0.0,0.0,0.0,0.0,0.0,0.0,0.0,0.0,0.0,0.0,0.0,0.0,0.0,0.0,0.0,0.0,0.0,0.0,-0.0,2.004,2.004,-0.0,0.0,0.0,0.0,0.0,6324.0,0.0,6912.0,0.0,0.0,0.0,0.0,0.0,0.0,0.0,0.0,69,-0.0,0.0,0.0,0.0,0.0,0.0,0.0,0.0,0.0,0,0,0,0.0,0.0,0.0,0.0,0.0,0.0,0.0,0.0,0.0,0.0,0.0,0.0,0.0,0.0,0.0,0.0,0,-107875648.0,69,0.0,138,0.0,-0.0,0,13107,17040,13107,17049,0,17043,0,0,0,70,68,100,2.7302359370752657e+23,71.1,0.0,74.2,2.7302370179391762e+23,74.0,1,49,50,180,0,52429,0,0,0.0,0.0,0.0,0.0,-0.0,67.0,0.0,162057.094,0.0,750,0,739,0,0,0,721,0,766,0,735,0,742,0,741,0,712,0,7520,0.032,79456894976.0,0.0,0.0,784,16797,-0.0,162057.094,-114818.039,-0.0,0.133,6.909358625270745e+28,30.0,65.0,35,0.0,0.0,0.0,0.0,0.0,0.0,0.0,0.0,0.0,0.0,0.0,0.0,0.0,0.0,0.0,0.0,69.2,0,150,71,54,65476,0,300,0,1,8,20529,65476,0,0,40632,65.0,0.0,0.0,0.0,0.0,0.0
2026-09-04T20:53:23,ERR,ERR,ERR,ERR,ERR,ERR,ERR,ERR,ERR,ERR,ERR,ERR,ERR,ERR,ERR,ERR,ERR,ERR,ERR,ERR,ERR,ERR,ERR,ERR,ERR,ERR,ERR,ERR,ERR,ERR,ERR,ERR,ERR,ERR,ERR,ERR,ERR,ERR,ERR,ERR,ERR,ERR,ERR,ERR,ERR,ERR,ERR,ERR,ERR,ERR,ERR,ERR,ERR,ERR,ERR,ERR,ERR,ERR,ERR,ERR,ERR,ERR,ERR,ERR,ERR,ERR,ERR,ERR,ERR,ERR,ERR,ERR,ERR,ERR,ERR,ERR,ERR,ERR,ERR,ERR,ERR,ERR,ERR,ERR,ERR,ERR,ERR,ERR,ERR,ERR,ERR,ERR,ERR,ERR,ERR,ERR,ERR,ERR,ERR,ERR,ERR,ERR,ERR,ERR,ERR,ERR,ERR,ERR,ERR,ERR,ERR,ERR,ERR,ERR,ERR,ERR,ERR,ERR,ERR,ERR,ERR,ERR,ERR,ERR,ERR,0.0,0.0,0.0,0.0,0.0,1.3936040501711995e+18,7.805,0.0,0,0,4,0,7116,0.0,100,0.0,0.0,0.0,0.0,0.0,0,0,0,0,0.0,0,0,0,0,0,0,0,0,0,0,0,0,0,0,0,0,0,0,0,0,0,0,0,0,0,0,0,0,0,0,0,0,0,31,40,40,71,65476,0,300,0,0,8,21553,0.0,-107605600.0,0.0,0.0,0.0,0.0,0.0,0.0,0.0,0.0,0.0,0.0,0.0,0.0,0.0,0.0,0.0,0.0,0.0,0.0,0.0,0.0,-0.0,2.004,2.004,-0.0,0.0,0.0,0.0,0.0,6324.0,0.0,6912.0,0.0,0.0,0.0,0.0,0.0,0.0,0.0,0.0,69,-0.0,0.0,0.0,0.0,0.0,0.0,0.0,0.0,0.0,0,0,0,0.0,0.0,0.0,0.0,0.0,0.0,0.0,0.0,0.0,0.0,0.0,0.0,0.0,0.0,0.0,0.0,0,-107875648.0,69,0.0,138,0.0,-0.0,0,13107,17040,13107,17049,0,17043,0,0,0,70,68,100,2.7302359370752657e+23,71.1,0.0,74.2,2.7302370179391762e+23,74.0,1,49,50,180,0,52429,0,0,0.0,0.0,0.0,0.0,-0.0,67.0,0.0,162057.094,0.0,750,0,739,0,0,0,721,0,766,0,735,0,742,0,741,0,712,0,7520,0.032,79456894976.0,0.0,0.0,784,16797,-0.0,162057.094,-114818.039,-0.0,0.133,6.909358625270745e+28,30.0,65.0,35,0.0,0.0,0.0,0.0,0.0,0.0,0.0,0.0,0.0,0.0,0.0,0.0,0.0,0.0,0.0,0.0,69.2,0,150,71,54,65476,0,300,0,1,8,20529,65476,0,0,40632,65.0,0.0,0.0,0.0,0.0,0.0
2026-09-04T20:53:24,ERR,ERR,ERR,ERR,ERR,ERR,ERR,ERR,ERR,ERR,ERR,ERR,ERR,ERR,ERR,ERR,ERR,ERR,ERR,ERR,ERR,ERR,ERR,ERR,ERR,ERR,ERR,ERR,ERR,ERR,ERR,ERR,ERR,ERR,ERR,ERR,ERR,ERR,ERR,ERR,ERR,ERR,ERR,ERR,ERR,ERR,ERR,ERR,ERR,ERR,ERR,ERR,ERR,ERR,ERR,ERR,ERR,ERR,ERR,ERR,ERR,ERR,ERR,ERR,ERR,ERR,ERR,ERR,ERR,ERR,ERR,ERR,ERR,ERR,ERR,ERR,ERR,ERR,ERR,ERR,ERR,ERR,ERR,ERR,ERR,ERR,ERR,ERR,ERR,ERR,ERR,ERR,ERR,ERR,ERR,ERR,ERR,ERR,ERR,ERR,ERR,ERR,ERR,ERR,ERR,ERR,ERR,ERR,ERR,ERR,ERR,ERR,ERR,ERR,ERR,ERR,ERR,ERR,ERR,ERR,ERR,ERR,ERR,ERR,ERR,0.0,0.0,0.0,0.0,0.0,1.3936040501711995e+18,7.805,0.0,0,0,4,0,7116,0.0,100,0.0,0.0,0.0,0.0,0.0,0,0,0,0,0.0,0,0,0,0,0,0,0,0,0,0,0,0,0,0,0,0,0,0,0,0,0,0,0,0,0,0,0,0,0,0,0,0,0,31,40,40,71,65476,0,300,0,0,8,21553,0.0,-107605600.0,0.0,0.0,0.0,0.0,0.0,0.0,0.0,0.0,0.0,0.0,0.0,0.0,0.0,0.0,0.0,0.0,0.0,0.0,0.0,0.0,-0.0,2.004,2.004,-0.0,0.0,0.0,0.0,0.0,6295.0,0.0,6912.0,0.0,0.0,0.0,0.0,0.0,0.0,0.0,0.0,69,-0.0,0.0,0.0,0.0,0.0,0.0,0.0,0.0,0.0,0,0,0,0.0,0.0,0.0,0.0,0.0,0.0,0.0,0.0,0.0,0.0,0.0,0.0,0.0,0.0,0.0,0.0,0,-107875648.0,69,0.0,138,0.0,-0.0,0,13107,17040,13107,17049,0,17043,0,0,0,70,68,100,2.7302359370752657e+23,71.1,0.0,74.2,2.7302370179391762e+23,74.0,1,49,50,180,0,52429,0,0,0.0,0.0,0.0,0.0,-0.0,67.0,0.0,162057.094,0.0,750,0,739,0,0,0,721,0,766,0,735,0,742,0,741,0,712,0,7520,0.032,79456894976.0,0.0,0.0,784,16797,-0.0,162057.094,-114818.039,-0.0,0.133,6.909358625270745e+28,30.0,65.0,35,0.0,0.0,0.0,0.0,0.0,0.0,0.0,0.0,0.0,0.0,0.0,0.0,0.0,0.0,0.0,0.0,69.2,0,150,71,54,65476,0,300,0,1,8,20529,65476,0,0,40632,65.0,0.0,0.0,0.0,0.0,0.0
2026-09-04T20:53:25,ERR,ERR,ERR,ERR,ERR,ERR,ERR,ERR,ERR,ERR,ERR,ERR,ERR,ERR,ERR,ERR,ERR,ERR,ERR,ERR,ERR,ERR,ERR,ERR,ERR,ERR,ERR,ERR,ERR,ERR,ERR,ERR,ERR,ERR,ERR,ERR,ERR,ERR,ERR,ERR,ERR,ERR,ERR,ERR,ERR,ERR,ERR,ERR,ERR,ERR,ERR,ERR,ERR,ERR,ERR,ERR,ERR,ERR,ERR,ERR,ERR,ERR,ERR,ERR,ERR,ERR,ERR,ERR,ERR,ERR,ERR,ERR,ERR,ERR,ERR,ERR,ERR,ERR,ERR,ERR,ERR,ERR,ERR,ERR,ERR,ERR,ERR,ERR,ERR,ERR,ERR,ERR,ERR,ERR,ERR,ERR,ERR,ERR,ERR,ERR,ERR,ERR,ERR,ERR,ERR,ERR,ERR,ERR,ERR,ERR,ERR,ERR,ERR,ERR,ERR,ERR,ERR,ERR,ERR,ERR,ERR,ERR,ERR,ERR,ERR,0.0,0.0,0.0,0.0,0.0,1.3936040501711995e+18,7.805,0.0,0,0,4,0,7116,0.0,100,0.0,0.0,0.0,0.0,0.0,0,0,0,0,0.0,0,0,0,0,0,0,0,0,0,0,0,0,0,0,0,0,0,0,0,0,0,0,0,0,0,0,0,0,0,0,0,0,0,31,40,40,71,65476,0,300,0,0,8,21553,0.0,-107605600.0,0.0,0.0,0.0,0.0,0.0,0.0,0.0,0.0,0.0,0.0,0.0,0.0,0.0,0.0,0.0,0.0,0.0,0.0,0.0,0.0,-0.0,2.004,2.004,-0.0,0.0,0.0,0.0,0.0,6295.0,0.0,6912.0,0.0,0.0,0.0,0.0,0.0,0.0,0.0,0.0,69,-0.0,0.0,0.0,0.0,0.0,0.0,0.0,0.0,0.0,0,0,0,0.0,0.0,0.0,0.0,0.0,0.0,0.0,0.0,0.0,0.0,0.0,0.0,0.0,0.0,0.0,0.0,0,-107875648.0,69,0.0,138,0.0,-0.0,0,13107,17040,13107,17049,0,17043,0,0,0,70,68,100,2.7302359370752657e+23,71.1,0.0,74.2,2.7302370179391762e+23,74.0,1,49,50,180,0,52429,0,0,0.0,0.0,0.0,0.0,-0.0,67.0,0.0,162057.094,0.0,750,0,739,0,0,0,721,0,766,0,735,0,742,0,741,0,712,0,7520,0.032,79456894976.0,0.0,0.0,784,16797,-0.0,162057.094,-114818.039,-0.0,0.133,6.909358625270745e+28,30.0,65.0,35,0.0,0.0,0.0,0.0,0.0,0.0,0.0,0.0,0.0,0.0,0.0,0.0,0.0,0.0,0.0,0.0,69.2,0,150,71,54,65476,0,300,0,1,8,20529,65476,0,0,40632,65.0,0.0,0.0,0.0,0.0,0.0
2026-09-04T20:53:26,ERR,ERR,ERR,ERR,ERR,ERR,ERR,ERR,ERR,ERR,ERR,ERR,ERR,ERR,ERR,ERR,ERR,ERR,ERR,ERR,ERR,ERR,ERR,ERR,ERR,ERR,ERR,ERR,ERR,ERR,ERR,ERR,ERR,ERR,ERR,ERR,ERR,ERR,ERR,ERR,ERR,ERR,ERR,ERR,ERR,ERR,ERR,ERR,ERR,ERR,ERR,ERR,ERR,ERR,ERR,ERR,ERR,ERR,ERR,ERR,ERR,ERR,ERR,ERR,ERR,ERR,ERR,ERR,ERR,ERR,ERR,ERR,ERR,ERR,ERR,ERR,ERR,ERR,ERR,ERR,ERR,ERR,ERR,ERR,ERR,ERR,ERR,ERR,ERR,ERR,ERR,ERR,ERR,ERR,ERR,ERR,ERR,ERR,ERR,ERR,ERR,ERR,ERR,ERR,ERR,ERR,ERR,ERR,ERR,ERR,ERR,ERR,ERR,ERR,ERR,ERR,ERR,ERR,ERR,ERR,ERR,ERR,ERR,ERR,ERR,0.0,0.0,0.0,0.0,0.0,1.3936040501711995e+18,7.805,0.0,0,0,4,0,7116,0.0,100,0.0,0.0,0.0,0.0,0.0,0,0,0,0,0.0,0,0,0,0,0,0,0,0,0,0,0,0,0,0,0,0,0,0,0,0,0,0,0,0,0,0,0,0,0,0,0,0,0,31,40,40,71,65476,0,300,0,0,8,21553,0.0,-107605600.0,0.0,0.0,0.0,0.0,0.0,0.0,0.0,0.0,0.0,0.0,0.0,0.0,0.0,0.0,0.0,0.0,0.0,0.0,0.0,0.0,-0.0,2.004,2.004,-0.0,0.0,0.0,0.0,0.0,6295.0,0.0,6912.0,0.0,0.0,0.0,0.0,0.0,0.0,0.0,0.0,69,-0.0,0.0,0.0,0.0,0.0,0.0,0.0,0.0,0.0,0,0,0,0.0,0.0,0.0,0.0,0.0,0.0,0.0,0.0,0.0,0.0,0.0,0.0,0.0,0.0,0.0,0.0,0,-107875648.0,69,0.0,138,0.0,-0.0,0,13107,17040,0,17049,0,17043,0,0,0,70,68,100,2.7302359370752657e+23,71.1,0.0,74.2,2.7302370179391762e+23,74.0,1,49,50,180,0,52429,0,0,0.0,0.0,0.0,0.0,-0.0,67.0,0.0,162057.094,0.0,750,0,739,0,0,0,721,0,766,0,735,0,742,0,741,0,712,0,7520,0.032,79456894976.0,0.0,0.0,784,16797,-0.0,162057.094,-114818.039,-0.0,0.133,6.909358625270745e+28,30.0,65.0,35,0.0,0.0,0.0,0.0,0.0,0.0,0.0,0.0,0.0,0.0,0.0,0.0,0.0,0.0,0.0,0.0,69.2,0,150,71,54,65476,0,300,0,1,8,20529,65476,0,0,40632,65.0,0.0,0.0,0.0,0.0,0.0
2026-09-04T20:53:27,ERR,ERR,ERR,ERR,ERR,ERR,ERR,ERR,ERR,ERR,ERR,ERR,ERR,ERR,ERR,ERR,ERR,ERR,ERR,ERR,ERR,ERR,ERR,ERR,ERR,ERR,ERR,ERR,ERR,ERR,ERR,ERR,ERR,ERR,ERR,ERR,ERR,ERR,ERR,ERR,ERR,ERR,ERR,ERR,ERR,ERR,ERR,ERR,ERR,ERR,ERR,ERR,ERR,ERR,ERR,ERR,ERR,ERR,ERR,ERR,ERR,ERR,ERR,ERR,ERR,ERR,ERR,ERR,ERR,ERR,ERR,ERR,ERR,ERR,ERR,ERR,ERR,ERR,ERR,ERR,ERR,ERR,ERR,ERR,ERR,ERR,ERR,ERR,ERR,ERR,ERR,ERR,ERR,ERR,ERR,ERR,ERR,ERR,ERR,ERR,ERR,ERR,ERR,ERR,ERR,ERR,ERR,ERR,ERR,ERR,ERR,ERR,ERR,ERR,ERR,ERR,ERR,ERR,ERR,ERR,ERR,ERR,ERR,ERR,ERR,0.0,0.0,0.0,0.0,0.0,1.3936040501711995e+18,7.805,0.0,0,0,4,0,7116,0.0,100,0.0,0.0,0.0,0.0,0.0,0,0,0,0,0.0,0,0,0,0,0,0,0,0,0,0,0,0,0,0,0,0,0,0,0,0,0,0,0,0,0,0,0,0,0,0,0,0,0,31,40,40,71,65476,0,300,0,0,8,21553,0.0,-107605600.0,0.0,0.0,0.0,0.0,0.0,0.0,0.0,0.0,0.0,0.0,0.0,0.0,0.0,0.0,0.0,0.0,0.0,0.0,0.0,0.0,-0.0,2.004,2.004,-0.0,0.0,0.0,0.0,0.0,6295.0,0.0,6912.0,0.0,0.0,0.0,0.0,0.0,0.0,0.0,0.0,69,-0.0,0.0,0.0,0.0,0.0,0.0,0.0,0.0,0.0,0,0,0,0.0,0.0,0.0,0.0,0.0,0.0,0.0,0.0,0.0,0.0,0.0,0.0,0.0,0.0,0.0,0.0,0,-107875648.0,69,0.0,138,0.0,-0.0,0,13107,17040,0,17049,0,17043,0,0,0,70,68,100,2.7302359370752657e+23,71.1,0.0,74.2,2.7302370179391762e+23,74.0,1,49,50,180,0,52429,0,0,0.0,0.0,0.0,0.0,-0.0,67.0,0.0,162057.094,0.0,750,0,739,0,0,0,721,0,766,0,735,0,742,0,741,0,712,0,7520,0.032,79456894976.0,0.0,0.0,784,16797,-0.0,162057.094,-114818.039,-0.0,0.133,6.909358625270745e+28,30.0,65.0,35,0.0,0.0,0.0,0.0,0.0,0.0,0.0,0.0,0.0,0.0,0.0,0.0,0.0,0.0,0.0,0.0,69.2,0,150,71,54,65476,0,300,0,1,8,20529,65476,0,0,40632,65.0,0.0,0.0,0.0,0.0,0.0
2026-09-04T20:53:28,ERR,ERR,ERR,ERR,ERR,ERR,ERR,ERR,ERR,ERR,ERR,ERR,ERR,ERR,ERR,ERR,ERR,ERR,ERR,ERR,ERR,ERR,ERR,ERR,ERR,ERR,ERR,ERR,ERR,ERR,ERR,ERR,ERR,ERR,ERR,ERR,ERR,ERR,ERR,ERR,ERR,ERR,ERR,ERR,ERR,ERR,ERR,ERR,ERR,ERR,ERR,ERR,ERR,ERR,ERR,ERR,ERR,ERR,ERR,ERR,ERR,ERR,ERR,ERR,ERR,ERR,ERR,ERR,ERR,ERR,ERR,ERR,ERR,ERR,ERR,ERR,ERR,ERR,ERR,ERR,ERR,ERR,ERR,ERR,ERR,ERR,ERR,ERR,ERR,ERR,ERR,ERR,ERR,ERR,ERR,ERR,ERR,ERR,ERR,ERR,ERR,ERR,ERR,ERR,ERR,ERR,ERR,ERR,ERR,ERR,ERR,ERR,ERR,ERR,ERR,ERR,ERR,ERR,ERR,ERR,ERR,ERR,ERR,ERR,ERR,0.0,0.0,0.0,0.0,0.0,1.3936040501711995e+18,7.805,0.0,0,0,4,0,7116,0.0,100,0.0,0.0,0.0,0.0,0.0,0,0,0,0,0.0,0,0,0,0,0,0,0,0,0,0,0,0,0,0,0,0,0,0,0,0,0,0,0,0,0,0,0,0,0,0,0,0,0,31,40,40,71,65476,0,300,0,0,8,21553,0.0,-107605600.0,0.0,0.0,0.0,0.0,0.0,0.0,0.0,0.0,0.0,0.0,0.0,0.0,0.0,0.0,0.0,0.0,0.0,0.0,0.0,0.0,-0.0,2.004,2.004,-0.0,0.0,0.0,0.0,0.0,6295.0,0.0,6912.0,0.0,0.0,0.0,0.0,0.0,0.0,0.0,0.0,69,-0.0,0.0,0.0,0.0,0.0,0.0,0.0,0.0,0.0,0,0,0,0.0,0.0,0.0,0.0,0.0,0.0,0.0,0.0,0.0,0.0,0.0,0.0,0.0,0.0,0.0,0.0,0,-107875648.0,69,0.0,138,0.0,-0.0,0,13107,17040,0,17049,0,17043,0,0,0,70,68,100,2.7302359370752657e+23,71.1,0.0,74.2,2.7302370179391762e+23,74.0,1,49,50,180,0,52429,0,0,0.0,0.0,0.0,0.0,-0.0,67.0,0.0,162057.094,0.0,750,0,739,0,0,0,721,0,766,0,735,0,742,0,741,0,712,0,7520,0.032,79456894976.0,0.0,0.0,784,16797,-0.0,162057.094,-114818.039,-0.0,0.133,6.909358625270745e+28,30.0,65.0,35,0.0,0.0,0.0,0.0,0.0,0.0,0.0,0.0,0.0,0.0,0.0,0.0,0.0,0.0,0.0,0.0,69.2,0,150,71,54,65476,0,300,0,1,8,20529,65476,0,0,40632,65.0,0.0,0.0,0.0,0.0,0.0
2026-09-04T20:53:29,ERR,ERR,ERR,ERR,ERR,ERR,ERR,ERR,ERR,ERR,ERR,ERR,ERR,ERR,ERR,ERR,ERR,ERR,ERR,ERR,ERR,ERR,ERR,ERR,ERR,ERR,ERR,ERR,ERR,ERR,ERR,ERR,ERR,ERR,ERR,ERR,ERR,ERR,ERR,ERR,ERR,ERR,ERR,ERR,ERR,ERR,ERR,ERR,ERR,ERR,ERR,ERR,ERR,ERR,ERR,ERR,ERR,ERR,ERR,ERR,ERR,ERR,ERR,ERR,ERR,ERR,ERR,ERR,ERR,ERR,ERR,ERR,ERR,ERR,ERR,ERR,ERR,ERR,ERR,ERR,ERR,ERR,ERR,ERR,ERR,ERR,ERR,ERR,ERR,ERR,ERR,ERR,ERR,ERR,ERR,ERR,ERR,ERR,ERR,ERR,ERR,ERR,ERR,ERR,ERR,ERR,ERR,ERR,ERR,ERR,ERR,ERR,ERR,ERR,ERR,ERR,ERR,ERR,ERR,ERR,ERR,ERR,ERR,ERR,ERR,0.0,0.0,0.0,0.0,0.0,1.3936040501711995e+18,7.805,0.0,0,0,4,0,7116,0.0,100,0.0,0.0,0.0,0.0,0.0,0,0,0,0,0.0,0,0,0,0,0,0,0,0,0,0,0,0,0,0,0,0,0,0,0,0,0,0,0,0,0,0,0,0,0,0,0,0,0,31,40,40,71,65476,0,300,0,0,8,21553,0.0,-107605600.0,0.0,0.0,0.0,0.0,0.0,0.0,0.0,0.0,0.0,0.0,0.0,0.0,0.0,0.0,0.0,0.0,0.0,0.0,0.0,0.0,-0.0,2.004,2.004,-0.0,0.0,0.0,0.0,0.0,6295.0,0.0,6912.0,0.0,0.0,0.0,0.0,0.0,0.0,0.0,0.0,69,-0.0,0.0,0.0,0.0,0.0,0.0,0.0,0.0,0.0,0,0,0,0.0,0.0,0.0,0.0,0.0,0.0,0.0,0.0,0.0,0.0,0.0,0.0,0.0,0.0,0.0,0.0,0,-107875648.0,69,0.0,138,0.0,-0.0,0,13107,17040,0,17049,0,17043,0,0,0,70,68,100,2.7302359370752657e+23,71.1,0.0,74.2,2.7302370179391762e+23,74.0,1,49,50,180,0,52429,0,0,0.0,0.0,0.0,0.0,-0.0,67.0,0.0,162057.094,0.0,750,0,739,0,0,0,721,0,766,0,735,0,742,0,741,0,712,0,7520,0.032,79456894976.0,0.0,0.0,784,16797,-0.0,162057.094,-114818.039,-0.0,0.133,6.909358625270745e+28,30.0,65.0,35,0.0,0.0,0.0,0.0,0.0,0.0,0.0,0.0,0.0,0.0,0.0,0.0,0.0,0.0,0.0,0.0,69.2,0,150,71,54,65476,0,300,0,1,8,20529,65476,0,0,40632,65.0,0.0,0.0,0.0,0.0,0.0
2026-09-04T20:53:30,ERR,ERR,ERR,ERR,ERR,ERR,ERR,ERR,ERR,ERR,ERR,ERR,ERR,ERR,ERR,ERR,ERR,ERR,ERR,ERR,ERR,ERR,ERR,ERR,ERR,ERR,ERR,ERR,ERR,ERR,ERR,ERR,ERR,ERR,ERR,ERR,ERR,ERR,ERR,ERR,ERR,ERR,ERR,ERR,ERR,ERR,ERR,ERR,ERR,ERR,ERR,ERR,ERR,ERR,ERR,ERR,ERR,ERR,ERR,ERR,ERR,ERR,ERR,ERR,ERR,ERR,ERR,ERR,ERR,ERR,ERR,ERR,ERR,ERR,ERR,ERR,ERR,ERR,ERR,ERR,ERR,ERR,ERR,ERR,ERR,ERR,ERR,ERR,ERR,ERR,ERR,ERR,ERR,ERR,ERR,ERR,ERR,ERR,ERR,ERR,ERR,ERR,ERR,ERR,ERR,ERR,ERR,ERR,ERR,ERR,ERR,ERR,ERR,ERR,ERR,ERR,ERR,ERR,ERR,ERR,ERR,ERR,ERR,ERR,ERR,0.0,0.0,0.0,0.0,0.0,1.3936040501711995e+18,7.805,0.0,0,0,4,0,7116,0.0,100,0.0,0.0,0.0,0.0,0.0,0,0,0,0,0.0,0,0,0,0,0,0,0,0,0,0,0,0,0,0,0,0,0,0,0,0,0,0,0,0,0,0,0,0,0,0,0,0,0,31,40,40,71,65476,0,300,0,0,8,21553,0.0,-107605600.0,0.0,0.0,0.0,0.0,0.0,0.0,0.0,0.0,0.0,0.0,0.0,0.0,0.0,0.0,0.0,0.0,0.0,0.0,0.0,0.0,-0.0,2.004,2.004,-0.0,0.0,0.0,0.0,0.0,6295.0,0.0,6912.0,0.0,0.0,0.0,0.0,0.0,0.0,0.0,0.0,69,-0.0,0.0,0.0,0.0,0.0,0.0,0.0,0.0,0.0,0,0,0,0.0,0.0,0.0,0.0,0.0,0.0,0.0,0.0,0.0,0.0,0.0,0.0,0.0,0.0,0.0,0.0,0,-107875648.0,69,0.0,138,0.0,-0.0,0,13107,17040,0,17049,0,17043,0,0,0,70,68,100,2.7302359370752657e+23,71.1,0.0,74.2,2.7302370179391762e+23,74.0,1,49,50,180,0,52429,0,0,0.0,0.0,0.0,0.0,-0.0,67.0,0.0,162057.094,0.0,750,0,739,0,0,0,721,0,766,0,735,0,742,0,741,0,712,0,7520,0.032,79456894976.0,0.0,0.0,784,16797,-0.0,162057.094,-114818.039,-0.0,0.133,6.909358625270745e+28,30.0,65.0,35,0.0,0.0,0.0,0.0,0.0,0.0,0.0,0.0,0.0,0.0,0.0,0.0,0.0,0.0,0.0,0.0,69.2,0,150,71,54,65476,0,300,0,1,8,20529,65476,0,0,40632,65.0,0.0,0.0,0.0,0.0,0.0
2026-09-04T20:53:31,ERR,ERR,ERR,ERR,ERR,ERR,ERR,ERR,ERR,ERR,ERR,ERR,ERR,ERR,ERR,ERR,ERR,ERR,ERR,ERR,ERR,ERR,ERR,ERR,ERR,ERR,ERR,ERR,ERR,ERR,ERR,ERR,ERR,ERR,ERR,ERR,ERR,ERR,ERR,ERR,ERR,ERR,ERR,ERR,ERR,ERR,ERR,ERR,ERR,ERR,ERR,ERR,ERR,ERR,ERR,ERR,ERR,ERR,ERR,ERR,ERR,ERR,ERR,ERR,ERR,ERR,ERR,ERR,ERR,ERR,ERR,ERR,ERR,ERR,ERR,ERR,ERR,ERR,ERR,ERR,ERR,ERR,ERR,ERR,ERR,ERR,ERR,ERR,ERR,ERR,ERR,ERR,ERR,ERR,ERR,ERR,ERR,ERR,ERR,ERR,ERR,ERR,ERR,ERR,ERR,ERR,ERR,ERR,ERR,ERR,ERR,ERR,ERR,ERR,ERR,ERR,ERR,ERR,ERR,ERR,ERR,ERR,ERR,ERR,ERR,0.0,0.0,0.0,0.0,0.0,1.3936040501711995e+18,7.805,0.0,0,0,4,0,7116,0.0,100,0.0,0.0,0.0,0.0,0.0,0,0,0,0,0.0,0,0,0,0,0,0,0,0,0,0,0,0,0,0,0,0,0,0,0,0,0,0,0,0,0,0,0,0,0,0,0,0,0,31,40,40,71,65476,0,300,0,0,8,21553,0.0,-107605600.0,0.0,0.0,0.0,0.0,0.0,0.0,0.0,0.0,0.0,0.0,0.0,0.0,0.0,0.0,0.0,0.0,0.0,0.0,0.0,0.0,-0.0,2.004,2.004,-0.0,0.0,0.0,0.0,0.0,6295.0,0.0,6912.0,0.0,0.0,0.0,0.0,0.0,0.0,0.0,0.0,69,-0.0,0.0,0.0,0.0,0.0,0.0,0.0,0.0,0.0,0,0,0,0.0,0.0,0.0,0.0,0.0,0.0,0.0,0.0,0.0,0.0,0.0,0.0,0.0,0.0,0.0,0.0,0,-107875648.0,69,0.0,138,0.0,-0.0,0,13107,17040,0,17049,0,17043,0,0,0,70,68,100,2.7302359370752657e+23,71.1,0.0,74.2,2.7302370179391762e+23,74.0,1,49,50,180,0,52429,0,0,0.0,0.0,0.0,0.0,-0.0,67.0,0.0,162057.094,0.0,750,0,739,0,0,0,721,0,765,0,735,0,742,0,741,0,712,0,7520,0.032,79456894976.0,0.0,0.0,784,16797,-0.0,162057.094,-114818.039,-0.0,0.133,6.909358625270745e+28,30.0,65.0,35,0.0,0.0,0.0,0.0,0.0,0.0,0.0,0.0,0.0,0.0,0.0,0.0,0.0,0.0,0.0,0.0,69.2,0,150,71,54,65476,0,300,0,1,8,20529,65476,0,0,40632,65.0,0.0,0.0,0.0,0.0,0.0
2026-09-04T20:53:32,ERR,ERR,ERR,ERR,ERR,ERR,ERR,ERR,ERR,ERR,ERR,ERR,ERR,ERR,ERR,ERR,ERR,ERR,ERR,ERR,ERR,ERR,ERR,ERR,ERR,ERR,ERR,ERR,ERR,ERR,ERR,ERR,ERR,ERR,ERR,ERR,ERR,ERR,ERR,ERR,ERR,ERR,ERR,ERR,ERR,ERR,ERR,ERR,ERR,ERR,ERR,ERR,ERR,ERR,ERR,ERR,ERR,ERR,ERR,ERR,ERR,ERR,ERR,ERR,ERR,ERR,ERR,ERR,ERR,ERR,ERR,ERR,ERR,ERR,ERR,ERR,ERR,ERR,ERR,ERR,ERR,ERR,ERR,ERR,ERR,ERR,ERR,ERR,ERR,ERR,ERR,ERR,ERR,ERR,ERR,ERR,ERR,ERR,ERR,ERR,ERR,ERR,ERR,ERR,ERR,ERR,ERR,ERR,ERR,ERR,ERR,ERR,ERR,ERR,ERR,ERR,ERR,ERR,ERR,ERR,ERR,ERR,ERR,ERR,ERR,0.0,0.0,0.0,0.0,0.0,1.3936040501711995e+18,7.805,0.0,0,0,4,0,7116,0.0,100,0.0,0.0,0.0,0.0,0.0,0,0,0,0,0.0,0,0,0,0,0,0,0,0,0,0,0,0,0,0,0,0,0,0,0,0,0,0,0,0,0,0,0,0,0,0,0,0,0,31,40,40,71,65476,0,300,0,0,8,21553,0.0,-107605600.0,0.0,0.0,0.0,0.0,0.0,0.0,0.0,0.0,0.0,0.0,0.0,0.0,0.0,0.0,0.0,0.0,0.0,0.0,0.0,0.0,-0.0,2.004,2.004,-0.0,0.0,0.0,0.0,0.0,6292.0,-1.0406703326171292e+34,6943.0,0.0,0.0,0.0,0.0,0.0,0.0,0.0,0.0,69,-0.0,0.0,0.0,0.0,0.0,0.0,0.0,0.0,0.0,0,0,0,0.0,0.0,0.0,0.0,0.0,0.0,0.0,0.0,0.0,0.0,0.0,0.0,0.0,0.0,0.0,0.0,0,-107875648.0,69,0.0,138,0.0,-0.0,0,13107,17040,0,17049,0,17043,0,0,0,70,68,100,2.7302359370752657e+23,71.1,0.0,74.2,2.7302370179391762e+23,74.0,1,49,50,180,0,52429,0,0,0.0,0.0,0.0,0.0,-0.0,67.0,0.0,162057.094,0.0,750,0,739,0,0,0,721,0,765,0,735,0,742,0,741,0,712,0,7520,0.032,79456894976.0,0.0,0.0,784,16797,-0.0,162057.094,-114818.039,-0.0,0.133,6.909358625270745e+28,30.0,65.0,35,0.0,0.0,0.0,0.0,0.0,0.0,0.0,0.0,0.0,0.0,0.0,0.0,0.0,0.0,0.0,0.0,69.2,0,150,71,54,65476,0,300,0,1,8,20529,65476,0,0,40632,65.0,0.0,0.0,0.0,0.0,0.0
2026-09-04T20:53:33,ERR,ERR,ERR,ERR,ERR,ERR,ERR,ERR,ERR,ERR,ERR,ERR,ERR,ERR,ERR,ERR,ERR,ERR,ERR,ERR,ERR,ERR,ERR,ERR,ERR,ERR,ERR,ERR,ERR,ERR,ERR,ERR,ERR,ERR,ERR,ERR,ERR,ERR,ERR,ERR,ERR,ERR,ERR,ERR,ERR,ERR,ERR,ERR,ERR,ERR,ERR,ERR,ERR,ERR,ERR,ERR,ERR,ERR,ERR,ERR,ERR,ERR,ERR,ERR,ERR,ERR,ERR,ERR,ERR,ERR,ERR,ERR,ERR,ERR,ERR,ERR,ERR,ERR,ERR,ERR,ERR,ERR,ERR,ERR,ERR,ERR,ERR,ERR,ERR,ERR,ERR,ERR,ERR,ERR,ERR,ERR,ERR,ERR,ERR,ERR,ERR,ERR,ERR,ERR,ERR,ERR,ERR,ERR,ERR,ERR,ERR,ERR,ERR,ERR,ERR,ERR,ERR,ERR,ERR,ERR,ERR,ERR,ERR,ERR,ERR,0.0,0.0,0.0,0.0,0.0,1.3936040501711995e+18,7.805,0.0,0,0,4,0,7116,0.0,100,0.0,0.0,0.0,0.0,0.0,0,0,0,0,0.0,0,0,0,0,0,0,0,0,0,0,0,0,0,0,0,0,0,0,0,0,0,0,0,0,0,0,0,0,0,0,0,0,0,31,40,40,71,65476,0,300,0,0,8,21553,0.0,-107605600.0,0.0,0.0,0.0,0.0,0.0,0.0,0.0,0.0,0.0,0.0,0.0,0.0,0.0,0.0,0.0,0.0,0.0,0.0,0.0,0.0,-0.0,2.004,2.004,-0.0,0.0,0.0,0.0,0.0,6292.0,-1.0406703326171292e+34,6943.0,0.0,0.0,0.0,0.0,0.0,0.0,0.0,0.0,69,-0.0,0.0,0.0,0.0,0.0,0.0,0.0,0.0,0.0,0,0,0,0.0,0.0,0.0,0.0,0.0,0.0,0.0,0.0,0.0,0.0,0.0,0.0,0.0,0.0,0.0,0.0,0,-107875648.0,69,0.0,138,0.0,-0.0,0,13107,17040,0,17049,0,17043,0,0,0,70,68,100,2.7302359370752657e+23,71.1,0.0,74.2,2.7302370179391762e+23,74.0,1,49,50,180,0,52429,0,0,0.0,0.0,0.0,0.0,-0.0,67.0,0.0,162057.094,0.0,750,0,739,0,0,0,721,0,765,0,735,0,742,0,741,0,712,0,7520,0.032,79456894976.0,0.0,0.0,784,16797,-0.0,162057.094,-114818.039,-0.0,0.133,6.909358625270745e+28,30.0,65.0,35,0.0,0.0,0.0,0.0,0.0,0.0,0.0,0.0,0.0,0.0,0.0,0.0,0.0,0.0,0.0,0.0,69.2,0,150,71,54,65476,0,300,0,1,8,20529,65476,0,0,40632,65.0,0.0,0.0,0.0,0.0,0.0
2026-09-04T20:53:34,ERR,ERR,ERR,ERR,ERR,ERR,ERR,ERR,ERR,ERR,ERR,ERR,ERR,ERR,ERR,ERR,ERR,ERR,ERR,ERR,ERR,ERR,ERR,ERR,ERR,ERR,ERR,ERR,ERR,ERR,ERR,ERR,ERR,ERR,ERR,ERR,ERR,ERR,ERR,ERR,ERR,ERR,ERR,ERR,ERR,ERR,ERR,ERR,ERR,ERR,ERR,ERR,ERR,ERR,ERR,ERR,ERR,ERR,ERR,ERR,ERR,ERR,ERR,ERR,ERR,ERR,ERR,ERR,ERR,ERR,ERR,ERR,ERR,ERR,ERR,ERR,ERR,ERR,ERR,ERR,ERR,ERR,ERR,ERR,ERR,ERR,ERR,ERR,ERR,ERR,ERR,ERR,ERR,ERR,ERR,ERR,ERR,ERR,ERR,ERR,ERR,ERR,ERR,ERR,ERR,ERR,ERR,ERR,ERR,ERR,ERR,ERR,ERR,ERR,ERR,ERR,ERR,ERR,ERR,ERR,ERR,ERR,ERR,ERR,ERR,0.0,0.0,0.0,0.0,0.0,1.3936040501711995e+18,7.805,0.0,0,0,4,0,7116,0.0,100,0.0,0.0,0.0,0.0,0.0,0,0,0,0,0.0,0,0,0,0,0,0,0,0,0,0,0,0,0,0,0,0,0,0,0,0,0,0,0,0,0,0,0,0,0,0,0,0,0,31,40,40,71,65476,0,300,0,0,8,21553,0.0,-107605600.0,0.0,0.0,0.0,0.0,0.0,0.0,0.0,0.0,0.0,0.0,0.0,0.0,0.0,0.0,0.0,0.0,0.0,0.0,0.0,0.0,-0.0,2.004,2.004,-0.0,0.0,0.0,0.0,0.0,6292.0,-1.0406703326171292e+34,6943.0,0.0,0.0,0.0,0.0,0.0,0.0,0.0,0.0,69,-0.0,0.0,0.0,0.0,0.0,0.0,0.0,0.0,0.0,0,0,0,0.0,0.0,0.0,0.0,0.0,0.0,0.0,0.0,0.0,0.0,0.0,0.0,0.0,0.0,0.0,0.0,0,-107875648.0,69,0.0,138,0.0,-0.0,0,13107,17040,0,17049,0,17043,0,0,0,70,68,100,2.7302359370752657e+23,71.1,0.0,74.2,2.7302370179391762e+23,74.0,1,49,50,180,0,52429,0,0,0.0,0.0,0.0,0.0,-0.0,67.0,0.0,162057.094,0.0,750,0,739,0,0,0,721,0,765,0,735,0,742,0,741,0,712,0,7520,0.032,79456894976.0,0.0,0.0,784,16797,-0.0,162057.094,-114818.039,-0.0,0.133,6.909358625270745e+28,30.0,65.0,35,0.0,0.0,0.0,0.0,0.0,0.0,0.0,0.0,0.0,0.0,0.0,0.0,0.0,0.0,0.0,0.0,69.2,0,150,71,54,65476,0,300,0,1,8,20529,65476,0,0,40632,65.0,0.0,0.0,0.0,0.0,0.0
2026-09-04T20:53:35,ERR,ERR,ERR,ERR,ERR,ERR,ERR,ERR,ERR,ERR,ERR,ERR,ERR,ERR,ERR,ERR,ERR,ERR,ERR,ERR,ERR,ERR,ERR,ERR,ERR,ERR,ERR,ERR,ERR,ERR,ERR,ERR,ERR,ERR,ERR,ERR,ERR,ERR,ERR,ERR,ERR,ERR,ERR,ERR,ERR,ERR,ERR,ERR,ERR,ERR,ERR,ERR,ERR,ERR,ERR,ERR,ERR,ERR,ERR,ERR,ERR,ERR,ERR,ERR,ERR,ERR,ERR,ERR,ERR,ERR,ERR,ERR,ERR,ERR,ERR,ERR,ERR,ERR,ERR,ERR,ERR,ERR,ERR,ERR,ERR,ERR,ERR,ERR,ERR,ERR,ERR,ERR,ERR,ERR,ERR,ERR,ERR,ERR,ERR,ERR,ERR,ERR,ERR,ERR,ERR,ERR,ERR,ERR,ERR,ERR,ERR,ERR,ERR,ERR,ERR,ERR,ERR,ERR,ERR,ERR,ERR,ERR,ERR,ERR,ERR,0.0,0.0,0.0,0.0,0.0,1.3936040501711995e+18,7.805,0.0,0,0,4,0,7116,0.0,100,0.0,0.0,0.0,0.0,0.0,0,0,0,0,0.0,0,0,0,0,0,0,0,0,0,0,0,0,0,0,0,0,0,0,0,0,0,0,0,0,0,0,0,0,0,0,0,0,0,31,40,40,71,65476,0,300,0,0,8,21553,0.0,-107605600.0,0.0,0.0,0.0,0.0,0.0,0.0,0.0,0.0,0.0,0.0,0.0,0.0,0.0,0.0,0.0,0.0,0.0,0.0,0.0,0.0,-0.0,2.004,2.004,-0.0,0.0,0.0,0.0,0.0,6292.0,-1.0406703326171292e+34,6943.0,0.0,0.0,0.0,0.0,0.0,0.0,0.0,0.0,69,-0.0,0.0,0.0,0.0,0.0,0.0,0.0,0.0,0.0,0,0,0,0.0,0.0,0.0,0.0,0.0,0.0,0.0,0.0,0.0,0.0,0.0,0.0,0.0,0.0,0.0,0.0,0,-107875648.0,69,0.0,138,0.0,-0.0,0,13107,17040,0,17049,0,17043,0,0,0,70,68,100,2.7302359370752657e+23,71.1,0.0,74.2,2.7302370179391762e+23,74.0,1,49,50,180,0,52429,0,0,0.0,0.0,0.0,0.0,-0.0,67.0,0.0,162057.094,0.0,750,0,739,0,0,0,721,0,765,0,735,0,742,0,741,0,712,0,7520,0.032,79456894976.0,0.0,0.0,784,16797,-0.0,162057.094,-114818.039,-0.0,0.133,6.909358625270745e+28,30.0,65.0,35,0.0,0.0,0.0,0.0,0.0,0.0,0.0,0.0,0.0,0.0,0.0,0.0,0.0,0.0,0.0,0.0,69.2,0,150,71,54,65476,0,300,0,1,8,20529,65476,0,0,40632,65.0,0.0,0.0,0.0,0.0,0.0
2026-09-04T20:53:36,ERR,ERR,ERR,ERR,ERR,ERR,ERR,ERR,ERR,ERR,ERR,ERR,ERR,ERR,ERR,ERR,ERR,ERR,ERR,ERR,ERR,ERR,ERR,ERR,ERR,ERR,ERR,ERR,ERR,ERR,ERR,ERR,ERR,ERR,ERR,ERR,ERR,ERR,ERR,ERR,ERR,ERR,ERR,ERR,ERR,ERR,ERR,ERR,ERR,ERR,ERR,ERR,ERR,ERR,ERR,ERR,ERR,ERR,ERR,ERR,ERR,ERR,ERR,ERR,ERR,ERR,ERR,ERR,ERR,ERR,ERR,ERR,ERR,ERR,ERR,ERR,ERR,ERR,ERR,ERR,ERR,ERR,ERR,ERR,ERR,ERR,ERR,ERR,ERR,ERR,ERR,ERR,ERR,ERR,ERR,ERR,ERR,ERR,ERR,ERR,ERR,ERR,ERR,ERR,ERR,ERR,ERR,ERR,ERR,ERR,ERR,ERR,ERR,ERR,ERR,ERR,ERR,ERR,ERR,ERR,ERR,ERR,ERR,ERR,ERR,0.0,0.0,0.0,0.0,0.0,1.3936040501711995e+18,7.805,0.0,0,0,4,0,7116,0.0,100,0.0,0.0,0.0,0.0,0.0,0,0,0,0,0.0,0,0,0,0,0,0,0,0,0,0,0,0,0,0,0,0,0,0,0,0,0,0,0,0,0,0,0,0,0,0,0,0,0,31,40,40,71,65476,0,300,0,0,8,21553,0.0,-107605600.0,0.0,0.0,0.0,0.0,0.0,0.0,0.0,0.0,0.0,0.0,0.0,0.0,0.0,0.0,0.0,0.0,0.0,0.0,0.0,0.0,-0.0,2.004,2.004,-0.0,0.0,0.0,0.0,0.0,6292.0,-1.0406703326171292e+34,6943.0,0.0,0.0,0.0,0.0,0.0,0.0,0.0,0.0,69,-0.0,0.0,0.0,0.0,0.0,0.0,0.0,0.0,0.0,0,0,0,0.0,0.0,0.0,0.0,0.0,0.0,0.0,0.0,0.0,0.0,0.0,0.0,0.0,0.0,0.0,0.0,0,-107875648.0,69,0.0,138,0.0,-0.0,0,13107,17040,0,17049,0,17043,0,0,0,70,68,100,2.7302359370752657e+23,71.1,0.0,74.2,2.7302370179391762e+23,74.0,1,49,50,180,0,52429,0,0,0.0,0.0,0.0,0.0,-0.0,67.0,0.0,162057.094,0.0,750,0,739,0,0,0,721,0,765,0,735,0,742,0,741,0,712,0,7520,0.032,79456894976.0,0.0,0.0,784,16797,-0.0,162057.094,-114818.039,-0.0,0.133,6.909358625270745e+28,30.0,65.0,35,0.0,0.0,0.0,0.0,0.0,0.0,0.0,0.0,0.0,0.0,0.0,0.0,0.0,0.0,0.0,0.0,69.2,0,150,71,54,65476,0,300,0,1,8,20529,65476,0,0,40632,65.0,0.0,0.0,0.0,0.0,0.0
2026-09-04T20:53:37,ERR,ERR,ERR,ERR,ERR,ERR,ERR,ERR,ERR,ERR,ERR,ERR,ERR,ERR,ERR,ERR,ERR,ERR,ERR,ERR,ERR,ERR,ERR,ERR,ERR,ERR,ERR,ERR,ERR,ERR,ERR,ERR,ERR,ERR,ERR,ERR,ERR,ERR,ERR,ERR,ERR,ERR,ERR,ERR,ERR,ERR,ERR,ERR,ERR,ERR,ERR,ERR,ERR,ERR,ERR,ERR,ERR,ERR,ERR,ERR,ERR,ERR,ERR,ERR,ERR,ERR,ERR,ERR,ERR,ERR,ERR,ERR,ERR,ERR,ERR,ERR,ERR,ERR,ERR,ERR,ERR,ERR,ERR,ERR,ERR,ERR,ERR,ERR,ERR,ERR,ERR,ERR,ERR,ERR,ERR,ERR,ERR,ERR,ERR,ERR,ERR,ERR,ERR,ERR,ERR,ERR,ERR,ERR,ERR,ERR,ERR,ERR,ERR,ERR,ERR,ERR,ERR,ERR,ERR,ERR,ERR,ERR,ERR,ERR,ERR,0.0,0.0,0.0,0.0,0.0,1.3936040501711995e+18,7.805,0.0,0,0,4,0,7116,0.0,100,0.0,0.0,0.0,0.0,0.0,0,0,0,0,0.0,0,0,0,0,0,0,0,0,0,0,0,0,0,0,0,0,0,0,0,0,0,0,0,0,0,0,0,0,0,0,0,0,0,31,40,40,71,65476,0,300,0,0,8,21553,0.0,-107605600.0,0.0,0.0,0.0,0.0,0.0,0.0,0.0,0.0,0.0,0.0,0.0,0.0,0.0,0.0,0.0,0.0,0.0,0.0,0.0,0.0,-0.0,2.004,2.004,-0.0,0.0,0.0,0.0,0.0,6292.0,-1.0406703326171292e+34,6943.0,0.0,0.0,0.0,0.0,0.0,0.0,0.0,0.0,69,-0.0,0.0,0.0,0.0,0.0,0.0,0.0,0.0,0.0,0,0,0,0.0,0.0,0.0,0.0,0.0,0.0,0.0,0.0,0.0,0.0,0.0,0.0,0.0,0.0,0.0,0.0,0,-107875648.0,69,0.0,138,0.0,-0.0,0,13107,17040,0,17049,0,17043,0,0,0,70,68,100,2.7302359370752657e+23,71.1,0.0,74.2,2.7302370179391762e+23,74.0,1,49,50,180,0,52429,0,0,0.0,0.0,0.0,0.0,-0.0,67.0,0.0,162057.094,0.0,750,0,739,0,0,0,721,0,765,0,735,0,742,0,741,0,712,0,7520,0.032,78920024064.0,0.0,0.0,784,16797,-0.0,162057.094,-114818.039,-0.0,0.133,6.909358625270745e+28,30.0,65.0,35,0.0,0.0,0.0,0.0,0.0,0.0,0.0,0.0,0.0,0.0,0.0,0.0,0.0,0.0,0.0,0.0,69.2,0,150,71,54,65476,0,300,0,1,8,20529,65476,0,0,40632,65.0,0.0,0.0,0.0,0.0,0.0
2026-09-04T20:53:38,ERR,ERR,ERR,ERR,ERR,ERR,ERR,ERR,ERR,ERR,ERR,ERR,ERR,ERR,ERR,ERR,ERR,ERR,ERR,ERR,ERR,ERR,ERR,ERR,ERR,ERR,ERR,ERR,ERR,ERR,ERR,ERR,ERR,ERR,ERR,ERR,ERR,ERR,ERR,ERR,ERR,ERR,ERR,ERR,ERR,ERR,ERR,ERR,ERR,ERR,ERR,ERR,ERR,ERR,ERR,ERR,ERR,ERR,ERR,ERR,ERR,ERR,ERR,ERR,ERR,ERR,ERR,ERR,ERR,ERR,ERR,ERR,ERR,ERR,ERR,ERR,ERR,ERR,ERR,ERR,ERR,ERR,ERR,ERR,ERR,ERR,ERR,ERR,ERR,ERR,ERR,ERR,ERR,ERR,ERR,ERR,ERR,ERR,ERR,ERR,ERR,ERR,ERR,ERR,ERR,ERR,ERR,ERR,ERR,ERR,ERR,ERR,ERR,ERR,ERR,ERR,ERR,ERR,ERR,ERR,ERR,ERR,ERR,ERR,ERR,0.0,0.0,0.0,0.0,0.0,1.3936040501711995e+18,7.805,0.0,0,0,4,0,7116,0.0,100,0.0,0.0,0.0,0.0,0.0,0,0,0,0,0.0,0,0,0,0,0,0,0,0,0,0,0,0,0,0,0,0,0,0,0,0,0,0,0,0,0,0,0,0,0,0,0,0,0,31,40,40,71,65476,0,300,0,0,8,21553,0.0,-107605600.0,0.0,0.0,0.0,0.0,0.0,0.0,0.0,0.0,0.0,0.0,0.0,0.0,0.0,0.0,0.0,0.0,0.0,0.0,0.0,0.0,-0.0,2.004,2.004,-0.0,0.0,0.0,0.0,0.0,6292.0,-1.0406703326171292e+34,6943.0,0.0,0.0,0.0,0.0,0.0,0.0,0.0,0.0,69,-0.0,0.0,0.0,0.0,0.0,0.0,0.0,0.0,0.0,0,0,0,0.0,0.0,0.0,0.0,0.0,0.0,0.0,0.0,0.0,0.0,0.0,0.0,0.0,0.0,0.0,0.0,0,-107875648.0,69,0.0,138,0.0,-0.0,0,13107,17040,0,17049,0,17043,0,0,0,70,68,100,2.7302359370752657e+23,71.1,0.0,74.2,2.7302370179391762e+23,74.0,1,49,50,180,0,52429,0,0,0.0,0.0,0.0,0.0,-0.0,67.0,0.0,162057.094,0.0,750,0,739,0,0,0,721,0,765,0,735,0,742,0,741,0,712,0,7520,0.032,78920024064.0,0.0,0.0,784,16797,-0.0,162057.094,-114818.039,-0.0,0.133,6.909358625270745e+28,30.0,65.0,35,0.0,0.0,0.0,0.0,0.0,0.0,0.0,0.0,0.0,0.0,0.0,0.0,0.0,0.0,0.0,0.0,69.2,0,150,71,54,65476,0,300,0,1,8,20529,65476,0,0,40632,65.0,0.0,0.0,0.0,0.0,0.0
2026-09-04T20:53:39,ERR,ERR,ERR,ERR,ERR,ERR,ERR,ERR,ERR,ERR,ERR,ERR,ERR,ERR,ERR,ERR,ERR,ERR,ERR,ERR,ERR,ERR,ERR,ERR,ERR,ERR,ERR,ERR,ERR,ERR,ERR,ERR,ERR,ERR,ERR,ERR,ERR,ERR,ERR,ERR,ERR,ERR,ERR,ERR,ERR,ERR,ERR,ERR,ERR,ERR,ERR,ERR,ERR,ERR,ERR,ERR,ERR,ERR,ERR,ERR,ERR,ERR,ERR,ERR,ERR,ERR,ERR,ERR,ERR,ERR,ERR,ERR,ERR,ERR,ERR,ERR,ERR,ERR,ERR,ERR,ERR,ERR,ERR,ERR,ERR,ERR,ERR,ERR,ERR,ERR,ERR,ERR,ERR,ERR,ERR,ERR,ERR,ERR,ERR,ERR,ERR,ERR,ERR,ERR,ERR,ERR,ERR,ERR,ERR,ERR,ERR,ERR,ERR,ERR,ERR,ERR,ERR,ERR,ERR,ERR,ERR,ERR,ERR,ERR,ERR,0.0,0.0,0.0,0.0,0.0,1.3936040501711995e+18,7.805,0.0,0,0,4,0,7116,0.0,100,0.0,0.0,0.0,0.0,0.0,0,0,0,0,0.0,0,0,0,0,0,0,0,0,0,0,0,0,0,0,0,0,0,0,0,0,0,0,0,0,0,0,0,0,0,0,0,0,0,31,40,40,71,65476,0,300,0,0,8,21553,0.0,-107605600.0,0.0,0.0,0.0,0.0,0.0,0.0,0.0,0.0,0.0,0.0,0.0,0.0,0.0,0.0,0.0,0.0,0.0,0.0,0.0,0.0,-0.0,2.004,2.004,-0.0,0.0,0.0,0.0,0.0,6330.0,0.0,6914.0,0.0,0.0,0.0,0.0,0.0,0.0,0.0,0.0,69,-0.0,0.059,0.0,0.0,0.0,0.0,0.0,0.0,0.0,0,0,0,0.0,0.0,0.0,0.0,0.0,0.0,0.0,0.0,0.0,0.0,0.0,0.0,0.0,0.0,0.0,0.0,0,-107875648.0,69,0.0,138,0.0,-0.0,0,13107,17040,0,17049,0,17043,0,0,0,70,68,100,2.7302359370752657e+23,71.1,0.0,74.2,2.7302370179391762e+23,74.0,1,49,50,180,0,52429,0,0,0.0,0.0,0.0,0.0,-0.0,67.0,0.0,162057.094,0.0,750,0,739,0,0,0,721,0,765,0,735,0,742,0,741,0,712,0,7520,0.032,78920024064.0,0.0,0.0,784,16797,-0.0,162057.094,-114818.039,-0.0,0.133,6.909358625270745e+28,30.0,65.0,35,0.0,0.0,0.0,0.0,0.0,0.0,0.0,0.0,0.0,0.0,0.0,0.0,0.0,0.0,0.0,0.0,69.2,0,150,71,54,65476,0,300,0,1,8,20529,65476,0,0,40632,65.0,0.0,0.0,0.0,0.0,0.0
2026-09-04T20:53:40,ERR,ERR,ERR,ERR,ERR,ERR,ERR,ERR,ERR,ERR,ERR,ERR,ERR,ERR,ERR,ERR,ERR,ERR,ERR,ERR,ERR,ERR,ERR,ERR,ERR,ERR,ERR,ERR,ERR,ERR,ERR,ERR,ERR,ERR,ERR,ERR,ERR,ERR,ERR,ERR,ERR,ERR,ERR,ERR,ERR,ERR,ERR,ERR,ERR,ERR,ERR,ERR,ERR,ERR,ERR,ERR,ERR,ERR,ERR,ERR,ERR,ERR,ERR,ERR,ERR,ERR,ERR,ERR,ERR,ERR,ERR,ERR,ERR,ERR,ERR,ERR,ERR,ERR,ERR,ERR,ERR,ERR,ERR,ERR,ERR,ERR,ERR,ERR,ERR,ERR,ERR,ERR,ERR,ERR,ERR,ERR,ERR,ERR,ERR,ERR,ERR,ERR,ERR,ERR,ERR,ERR,ERR,ERR,ERR,ERR,ERR,ERR,ERR,ERR,ERR,ERR,ERR,ERR,ERR,ERR,ERR,ERR,ERR,ERR,ERR,0.0,0.0,0.0,0.0,0.0,1.3936040501711995e+18,7.805,0.0,0,0,4,0,7116,0.0,100,0.0,0.0,0.0,0.0,0.0,0,0,0,0,0.0,0,0,0,0,0,0,0,0,0,0,0,0,0,0,0,0,0,0,0,0,0,0,0,0,0,0,0,0,0,0,0,0,0,31,40,40,71,65476,0,300,0,0,8,21553,0.0,-107605600.0,0.0,0.0,0.0,0.0,0.0,0.0,0.0,0.0,0.0,0.0,0.0,0.0,0.0,0.0,0.0,0.0,0.0,0.0,0.0,0.0,-0.0,2.004,2.004,-0.0,0.0,0.0,0.0,0.0,6330.0,0.0,6914.0,0.0,0.0,0.0,0.0,0.0,0.0,0.0,0.0,69,-0.0,0.059,0.0,0.0,0.0,0.0,0.0,0.0,0.0,0,0,0,0.0,0.0,0.0,0.0,0.0,0.0,0.0,0.0,0.0,0.0,0.0,0.0,0.0,0.0,0.0,0.0,0,-107875648.0,69,0.0,138,0.0,-0.0,0,13107,17040,0,17049,0,17043,0,0,0,70,68,100,2.7302359370752657e+23,71.1,0.0,74.2,2.7302370179391762e+23,74.0,1,49,50,180,0,52429,0,0,0.0,0.0,0.0,0.0,-0.0,67.0,0.0,162057.094,0.0,750,0,739,0,0,0,721,0,765,0,735,0,742,0,741,0,712,0,7520,0.032,78920024064.0,0.0,0.0,784,16797,-0.0,162057.094,-114818.039,-0.0,0.133,6.909358625270745e+28,30.0,65.0,35,0.0,0.0,0.0,0.0,0.0,0.0,0.0,0.0,0.0,0.0,0.0,0.0,0.0,0.0,0.0,0.0,69.6,0,150,71,54,65476,0,300,0,1,8,20529,65476,0,0,40632,65.0,0.0,0.0,0.0,0.0,0.0
2026-09-04T20:53:41,ERR,ERR,ERR,ERR,ERR,ERR,ERR,ERR,ERR,ERR,ERR,ERR,ERR,ERR,ERR,ERR,ERR,ERR,ERR,ERR,ERR,ERR,ERR,ERR,ERR,ERR,ERR,ERR,ERR,ERR,ERR,ERR,ERR,ERR,ERR,ERR,ERR,ERR,ERR,ERR,ERR,ERR,ERR,ERR,ERR,ERR,ERR,ERR,ERR,ERR,ERR,ERR,ERR,ERR,ERR,ERR,ERR,ERR,ERR,ERR,ERR,ERR,ERR,ERR,ERR,ERR,ERR,ERR,ERR,ERR,ERR,ERR,ERR,ERR,ERR,ERR,ERR,ERR,ERR,ERR,ERR,ERR,ERR,ERR,ERR,ERR,ERR,ERR,ERR,ERR,ERR,ERR,ERR,ERR,ERR,ERR,ERR,ERR,ERR,ERR,ERR,ERR,ERR,ERR,ERR,ERR,ERR,ERR,ERR,ERR,ERR,ERR,ERR,ERR,ERR,ERR,ERR,ERR,ERR,ERR,ERR,ERR,ERR,ERR,ERR,0.0,0.0,0.0,0.0,0.0,1.3936040501711995e+18,7.805,0.0,0,0,4,0,7116,0.0,100,0.0,0.0,0.0,0.0,0.0,0,0,0,0,0.0,0,0,0,0,0,0,0,0,0,0,0,0,0,0,0,0,0,0,0,0,0,0,0,0,0,0,0,0,0,0,0,0,0,31,40,40,71,65476,0,300,0,0,8,21553,0.0,-107605600.0,0.0,0.0,0.0,0.0,0.0,0.0,0.0,0.0,0.0,0.0,0.0,0.0,0.0,0.0,0.0,0.0,0.0,0.0,0.0,0.0,-0.0,2.004,2.004,-0.0,0.0,0.0,0.0,0.0,6330.0,0.0,6914.0,0.0,0.0,0.0,0.0,0.0,0.0,0.0,0.0,69,-0.0,0.059,0.0,0.0,0.0,0.0,0.0,0.0,0.0,0,0,0,0.0,0.0,0.0,0.0,0.0,0.0,0.0,0.0,0.0,0.0,0.0,0.0,0.0,0.0,0.0,0.0,0,-107875648.0,69,0.0,138,0.0,-0.0,0,13107,17040,0,17049,0,17043,0,0,0,70,68,100,2.7302359370752657e+23,71.1,0.0,74.2,2.7302370179391762e+23,74.0,1,49,50,180,0,52429,0,0,0.0,0.0,0.0,0.0,-0.0,67.0,0.0,162057.094,0.0,750,0,739,0,0,0,721,0,765,0,735,0,742,0,741,0,712,0,7520,0.032,78920024064.0,0.0,0.0,784,16797,-0.0,162057.094,-114818.039,-0.0,0.133,6.909358625270745e+28,30.0,65.0,35,0.0,0.0,0.0,0.0,0.0,0.0,0.0,0.0,0.0,0.0,0.0,0.0,0.0,0.0,0.0,0.0,69.6,0,150,71,54,65476,0,300,0,1,8,20529,65476,0,0,40632,65.0,0.0,0.0,0.0,0.0,0.0
2026-09-04T20:53:42,ERR,ERR,ERR,ERR,ERR,ERR,ERR,ERR,ERR,ERR,ERR,ERR,ERR,ERR,ERR,ERR,ERR,ERR,ERR,ERR,ERR,ERR,ERR,ERR,ERR,ERR,ERR,ERR,ERR,ERR,ERR,ERR,ERR,ERR,ERR,ERR,ERR,ERR,ERR,ERR,ERR,ERR,ERR,ERR,ERR,ERR,ERR,ERR,ERR,ERR,ERR,ERR,ERR,ERR,ERR,ERR,ERR,ERR,ERR,ERR,ERR,ERR,ERR,ERR,ERR,ERR,ERR,ERR,ERR,ERR,ERR,ERR,ERR,ERR,ERR,ERR,ERR,ERR,ERR,ERR,ERR,ERR,ERR,ERR,ERR,ERR,ERR,ERR,ERR,ERR,ERR,ERR,ERR,ERR,ERR,ERR,ERR,ERR,ERR,ERR,ERR,ERR,ERR,ERR,ERR,ERR,ERR,ERR,ERR,ERR,ERR,ERR,ERR,ERR,ERR,ERR,ERR,ERR,ERR,ERR,ERR,ERR,ERR,ERR,ERR,0.0,0.0,0.0,0.0,0.0,1.3936040501711995e+18,7.805,0.0,0,0,4,0,7116,0.0,100,0.0,0.0,0.0,0.0,0.0,0,0,0,0,0.0,0,0,0,0,0,0,0,0,0,0,0,0,0,0,0,0,0,0,0,0,0,0,0,0,0,0,0,0,0,0,0,0,0,31,40,40,71,65476,0,300,0,0,8,21553,0.0,-107605600.0,0.0,0.0,0.0,0.0,0.0,0.0,0.0,0.0,0.0,0.0,0.0,0.0,0.0,0.0,0.0,0.0,0.0,0.0,0.0,0.0,-0.0,2.004,2.004,-0.0,0.0,0.0,0.0,0.0,6330.0,0.0,6914.0,0.0,0.0,0.0,0.0,0.0,0.0,0.0,0.0,69,-0.0,0.059,0.0,0.0,0.0,0.0,0.0,0.0,0.0,0,0,0,0.0,0.0,0.0,0.0,0.0,0.0,0.0,0.0,0.0,0.0,0.0,0.0,0.0,0.0,0.0,0.0,0,-107875648.0,69,0.0,138,0.0,-0.0,0,13107,17040,0,17049,0,17043,0,0,0,70,68,100,2.7302359370752657e+23,71.1,0.0,74.2,2.7302370179391762e+23,74.0,1,49,50,180,0,52429,0,0,0.0,0.0,0.0,0.0,-0.0,67.0,0.0,162057.094,0.0,750,0,739,0,0,0,721,0,766,0,735,0,742,0,741,0,712,0,7520,0.032,79456894976.0,0.0,0.0,784,16797,-0.0,162057.094,-114818.039,-0.0,0.133,6.909358625270745e+28,30.0,65.0,35,0.0,0.0,0.0,0.0,0.0,0.0,0.0,0.0,0.0,0.0,0.0,0.0,0.0,0.0,0.0,0.0,69.6,0,150,71,54,65476,0,300,0,1,8,20529,65476,0,0,40632,65.0,0.0,0.0,0.0,0.0,0.0
2026-09-04T20:53:43,ERR,ERR,ERR,ERR,ERR,ERR,ERR,ERR,ERR,ERR,ERR,ERR,ERR,ERR,ERR,ERR,ERR,ERR,ERR,ERR,ERR,ERR,ERR,ERR,ERR,ERR,ERR,ERR,ERR,ERR,ERR,ERR,ERR,ERR,ERR,ERR,ERR,ERR,ERR,ERR,ERR,ERR,ERR,ERR,ERR,ERR,ERR,ERR,ERR,ERR,ERR,ERR,ERR,ERR,ERR,ERR,ERR,ERR,ERR,ERR,ERR,ERR,ERR,ERR,ERR,ERR,ERR,ERR,ERR,ERR,ERR,ERR,ERR,ERR,ERR,ERR,ERR,ERR,ERR,ERR,ERR,ERR,ERR,ERR,ERR,ERR,ERR,ERR,ERR,ERR,ERR,ERR,ERR,ERR,ERR,ERR,ERR,ERR,ERR,ERR,ERR,ERR,ERR,ERR,ERR,ERR,ERR,ERR,ERR,ERR,ERR,ERR,ERR,ERR,ERR,ERR,ERR,ERR,ERR,ERR,ERR,ERR,ERR,ERR,ERR,0.0,0.0,0.0,0.0,0.0,1.3936040501711995e+18,7.805,0.0,0,0,4,0,7116,0.0,100,0.0,0.0,0.0,0.0,0.0,0,0,0,0,0.0,0,0,0,0,0,0,0,0,0,0,0,0,0,0,0,0,0,0,0,0,0,0,0,0,0,0,0,0,0,0,0,0,0,31,40,40,71,65476,0,300,0,0,8,21553,0.0,-107605600.0,0.0,0.0,0.0,0.0,0.0,0.0,0.0,0.0,0.0,0.0,0.0,0.0,0.0,0.0,0.0,0.0,0.0,0.0,0.0,0.0,-0.0,2.004,2.004,-0.0,0.0,0.0,0.0,0.0,6330.0,0.0,6914.0,0.0,0.0,0.0,0.0,0.0,0.0,0.0,0.0,69,-0.0,0.059,0.0,0.0,0.0,0.0,0.0,0.0,0.0,0,0,0,0.0,0.0,0.0,0.0,0.0,0.0,0.0,0.0,0.0,0.0,0.0,0.0,0.0,0.0,0.0,0.0,0,-107875648.0,69,0.0,138,0.0,-0.0,0,13107,17040,0,17049,0,17043,0,0,0,70,68,100,2.7302359370752657e+23,71.1,0.0,74.2,2.7302370179391762e+23,74.0,1,49,50,180,0,52429,0,0,0.0,0.0,0.0,0.0,-0.0,67.0,0.0,162057.094,0.0,750,0,739,0,0,0,721,0,766,0,735,0,742,0,741,0,712,0,7520,0.032,79456894976.0,0.0,0.0,784,16797,-0.0,162057.094,-114818.039,-0.0,0.133,6.909358625270745e+28,30.0,65.0,35,0.0,0.0,0.0,0.0,0.0,0.0,0.0,0.0,0.0,0.0,0.0,0.0,0.0,0.0,0.0,0.0,69.2,0,150,71,54,65476,0,300,0,1,8,20529,65476,0,0,40632,65.0,0.0,0.0,0.0,0.0,0.0
2026-09-04T20:53:44,ERR,ERR,ERR,ERR,ERR,ERR,ERR,ERR,ERR,ERR,ERR,ERR,ERR,ERR,ERR,ERR,ERR,ERR,ERR,ERR,ERR,ERR,ERR,ERR,ERR,ERR,ERR,ERR,ERR,ERR,ERR,ERR,ERR,ERR,ERR,ERR,ERR,ERR,ERR,ERR,ERR,ERR,ERR,ERR,ERR,ERR,ERR,ERR,ERR,ERR,ERR,ERR,ERR,ERR,ERR,ERR,ERR,ERR,ERR,ERR,ERR,ERR,ERR,ERR,ERR,ERR,ERR,ERR,ERR,ERR,ERR,ERR,ERR,ERR,ERR,ERR,ERR,ERR,ERR,ERR,ERR,ERR,ERR,ERR,ERR,ERR,ERR,ERR,ERR,ERR,ERR,ERR,ERR,ERR,ERR,ERR,ERR,ERR,ERR,ERR,ERR,ERR,ERR,ERR,ERR,ERR,ERR,ERR,ERR,ERR,ERR,ERR,ERR,ERR,ERR,ERR,ERR,ERR,ERR,ERR,ERR,ERR,ERR,ERR,ERR,0.0,0.0,0.0,0.0,0.0,1.3936040501711995e+18,7.805,0.0,0,0,4,0,7116,0.0,100,0.0,0.0,0.0,0.0,0.0,0,0,0,0,0.0,0,0,0,0,0,0,0,0,0,0,0,0,0,0,0,0,0,0,0,0,0,0,0,0,0,0,0,0,0,0,0,0,0,31,40,40,71,65476,0,300,0,0,8,21553,0.0,-107605600.0,0.0,0.0,0.0,0.0,0.0,0.0,0.0,0.0,0.0,0.0,0.0,0.0,0.0,0.0,0.0,0.0,0.0,0.0,0.0,0.0,-0.0,2.004,2.004,-0.0,0.0,0.0,0.0,0.0,6330.0,0.0,6914.0,0.0,0.0,0.0,0.0,0.0,0.0,0.0,0.0,69,-0.0,0.059,0.0,0.0,0.0,0.0,0.0,0.0,0.0,0,0,0,0.0,0.0,0.0,0.0,0.0,0.0,0.0,0.0,0.0,0.0,0.0,0.0,0.0,0.0,0.0,0.0,0,-107875648.0,69,0.0,138,0.0,-0.0,0,13107,17040,0,17049,0,17043,0,0,0,70,68,100,2.7302359370752657e+23,71.1,0.0,74.2,2.7302370179391762e+23,74.0,1,49,50,180,0,52429,0,0,0.0,0.0,0.0,0.0,-0.0,67.0,0.0,162057.094,0.0,750,0,739,0,0,0,721,0,766,0,735,0,742,0,741,0,712,0,7520,0.032,79456894976.0,0.0,0.0,784,16797,-0.0,162057.094,-114818.039,-0.0,0.133,6.909358625270745e+28,30.0,65.0,35,0.0,0.0,0.0,0.0,0.0,0.0,0.0,0.0,0.0,0.0,0.0,0.0,0.0,0.0,0.0,0.0,69.2,0,150,71,54,65476,0,300,0,1,8,20529,65476,0,0,40632,65.0,0.0,0.0,0.0,0.0,0.0
2026-09-04T20:53:45,ERR,ERR,ERR,ERR,ERR,ERR,ERR,ERR,ERR,ERR,ERR,ERR,ERR,ERR,ERR,ERR,ERR,ERR,ERR,ERR,ERR,ERR,ERR,ERR,ERR,ERR,ERR,ERR,ERR,ERR,ERR,ERR,ERR,ERR,ERR,ERR,ERR,ERR,ERR,ERR,ERR,ERR,ERR,ERR,ERR,ERR,ERR,ERR,ERR,ERR,ERR,ERR,ERR,ERR,ERR,ERR,ERR,ERR,ERR,ERR,ERR,ERR,ERR,ERR,ERR,ERR,ERR,ERR,ERR,ERR,ERR,ERR,ERR,ERR,ERR,ERR,ERR,ERR,ERR,ERR,ERR,ERR,ERR,ERR,ERR,ERR,ERR,ERR,ERR,ERR,ERR,ERR,ERR,ERR,ERR,ERR,ERR,ERR,ERR,ERR,ERR,ERR,ERR,ERR,ERR,ERR,ERR,ERR,ERR,ERR,ERR,ERR,ERR,ERR,ERR,ERR,ERR,ERR,ERR,ERR,ERR,ERR,ERR,ERR,ERR,0.0,0.0,0.0,0.0,0.0,1.3936040501711995e+18,7.805,0.0,0,0,4,0,7116,0.0,100,0.0,0.0,0.0,0.0,0.0,0,0,0,0,0.0,0,0,0,0,0,0,0,0,0,0,0,0,0,0,0,0,0,0,0,0,0,0,0,0,0,0,0,0,0,0,0,0,0,31,40,40,71,65476,0,300,0,0,8,21553,0.0,-107605600.0,0.0,0.0,0.0,0.0,0.0,0.0,0.0,0.0,0.0,0.0,0.0,0.0,0.0,0.0,0.0,0.0,0.0,0.0,0.0,0.0,-0.0,2.004,2.004,-0.0,0.0,0.0,0.0,0.0,6330.0,0.0,6914.0,0.0,0.0,0.0,0.0,0.0,0.0,0.0,0.0,69,-0.0,0.059,0.0,0.0,0.0,0.0,0.0,0.0,0.0,0,0,0,0.0,0.0,0.0,0.0,0.0,0.0,0.0,0.0,0.0,0.0,0.0,0.0,0.0,0.0,0.0,0.0,0,-107875648.0,69,0.0,138,0.0,-0.0,0,13107,17040,0,17049,0,17043,0,0,0,70,68,100,2.7302359370752657e+23,71.1,0.0,74.2,2.7302370179391762e+23,74.0,1,49,50,180,0,52429,0,0,0.0,0.0,0.0,0.0,-0.0,67.0,0.0,162057.094,0.0,750,0,739,0,0,0,721,0,766,0,735,0,742,0,741,0,712,0,7520,0.032,79456894976.0,0.0,0.0,784,16797,-0.0,162057.094,-114818.039,-0.0,0.133,6.909358625270745e+28,30.0,65.0,35,0.0,0.0,0.0,0.0,0.0,0.0,0.0,0.0,0.0,0.0,0.0,0.0,0.0,0.0,0.0,0.0,69.2,0,150,71,54,65476,0,300,0,1,8,20529,65476,0,0,40632,65.0,0.0,0.0,0.0,0.0,0.0
2026-09-04T20:53:46,ERR,ERR,ERR,ERR,ERR,ERR,ERR,ERR,ERR,ERR,ERR,ERR,ERR,ERR,ERR,ERR,ERR,ERR,ERR,ERR,ERR,ERR,ERR,ERR,ERR,ERR,ERR,ERR,ERR,ERR,ERR,ERR,ERR,ERR,ERR,ERR,ERR,ERR,ERR,ERR,ERR,ERR,ERR,ERR,ERR,ERR,ERR,ERR,ERR,ERR,ERR,ERR,ERR,ERR,ERR,ERR,ERR,ERR,ERR,ERR,ERR,ERR,ERR,ERR,ERR,ERR,ERR,ERR,ERR,ERR,ERR,ERR,ERR,ERR,ERR,ERR,ERR,ERR,ERR,ERR,ERR,ERR,ERR,ERR,ERR,ERR,ERR,ERR,ERR,ERR,ERR,ERR,ERR,ERR,ERR,ERR,ERR,ERR,ERR,ERR,ERR,ERR,ERR,ERR,ERR,ERR,ERR,ERR,ERR,ERR,ERR,ERR,ERR,ERR,ERR,ERR,ERR,ERR,ERR,ERR,ERR,ERR,ERR,ERR,ERR,0.0,0.0,0.0,0.0,0.0,1.3936040501711995e+18,7.805,0.0,0,0,4,0,7116,0.0,100,0.0,0.0,0.0,0.0,0.0,0,0,0,0,0.0,0,0,0,0,0,0,0,0,0,0,0,0,0,0,0,0,0,0,0,0,0,0,0,0,0,0,0,0,0,0,0,0,0,31,40,40,71,65476,0,300,0,0,8,21553,0.0,-107605600.0,0.0,0.0,0.0,0.0,0.0,0.0,0.0,0.0,0.0,0.0,0.0,0.0,0.0,0.0,0.0,0.0,0.0,0.0,0.0,0.0,-0.0,2.004,2.004,-0.0,0.0,0.0,0.0,0.0,6330.0,0.0,6914.0,0.0,0.0,0.0,0.0,0.0,0.0,0.0,0.0,69,-0.0,0.059,0.0,0.0,0.0,0.0,0.0,0.0,0.0,0,0,0,0.0,0.0,0.0,0.0,0.0,0.0,0.0,0.0,0.0,0.0,0.0,0.0,0.0,0.0,0.0,0.0,0,-107875648.0,69,0.0,138,0.0,-0.0,0,13107,17040,0,17049,0,17043,0,0,0,70,68,100,2.7302359370752657e+23,71.1,0.0,74.2,2.7302370179391762e+23,74.0,1,49,50,180,0,52429,0,0,0.0,0.0,0.0,0.0,-0.0,67.0,0.0,162057.094,0.0,750,0,739,0,0,0,721,0,766,0,735,0,742,0,741,0,712,0,7520,0.032,79456894976.0,0.0,0.0,784,16797,-0.0,162057.094,-114818.039,-0.0,0.133,6.909358625270745e+28,30.0,65.0,35,0.0,0.0,0.0,0.0,0.0,0.0,0.0,0.0,0.0,0.0,0.0,0.0,0.0,0.0,0.0,0.0,69.2,0,150,71,54,65476,0,300,0,1,8,20529,65476,0,0,40632,65.0,0.0,0.0,0.0,0.0,0.0
2026-09-04T20:53:47,ERR,ERR,ERR,ERR,ERR,ERR,ERR,ERR,ERR,ERR,ERR,ERR,ERR,ERR,ERR,ERR,ERR,ERR,ERR,ERR,ERR,ERR,ERR,ERR,ERR,ERR,ERR,ERR,ERR,ERR,ERR,ERR,ERR,ERR,ERR,ERR,ERR,ERR,ERR,ERR,ERR,ERR,ERR,ERR,ERR,ERR,ERR,ERR,ERR,ERR,ERR,ERR,ERR,ERR,ERR,ERR,ERR,ERR,ERR,ERR,ERR,ERR,ERR,ERR,ERR,ERR,ERR,ERR,ERR,ERR,ERR,ERR,ERR,ERR,ERR,ERR,ERR,ERR,ERR,ERR,ERR,ERR,ERR,ERR,ERR,ERR,ERR,ERR,ERR,ERR,ERR,ERR,ERR,ERR,ERR,ERR,ERR,ERR,ERR,ERR,ERR,ERR,ERR,ERR,ERR,ERR,ERR,ERR,ERR,ERR,ERR,ERR,ERR,ERR,ERR,ERR,ERR,ERR,ERR,ERR,ERR,ERR,ERR,ERR,ERR,0.0,0.0,0.0,0.0,0.0,1.3936040501711995e+18,7.805,0.0,0,0,4,0,7116,0.0,100,0.0,0.0,0.0,0.0,0.0,0,0,0,0,0.0,0,0,0,0,0,0,0,0,0,0,0,0,0,0,0,0,0,0,0,0,0,0,0,0,0,0,0,0,0,0,0,0,0,31,40,40,71,65476,0,300,0,0,8,21553,0.0,-107605600.0,0.0,0.0,0.0,0.0,0.0,0.0,0.0,0.0,0.0,0.0,0.0,0.0,0.0,0.0,0.0,0.0,0.0,0.0,0.0,0.0,-0.0,2.004,2.004,-0.0,0.0,0.0,0.0,0.0,6333.0,0.0,6915.0,0.0,0.0,0.0,0.0,0.0,0.0,0.0,0.0,69,-0.0,89220.969,0.0,0.0,0.0,0.0,0.0,0.0,0.0,0,0,0,0.0,0.0,0.0,0.0,0.0,0.0,0.0,0.0,0.0,0.0,0.0,0.0,0.0,0.0,0.0,0.0,0,-107875648.0,69,0.0,138,0.0,0.0,0,13107,17040,0,17049,0,17043,0,0,0,70,68,100,2.7302359370752657e+23,71.1,0.0,74.2,2.7302370179391762e+23,74.0,1,49,50,180,0,52429,0,0,0.0,0.0,0.0,0.0,-0.0,67.0,0.0,162057.094,0.0,750,0,739,0,0,0,721,0,766,0,735,0,742,0,741,0,712,0,7520,0.032,79456894976.0,0.0,0.0,784,16797,-0.0,162057.094,-114818.039,-0.0,0.133,6.909358625270745e+28,30.0,65.0,35,0.0,0.0,0.0,0.0,0.0,0.0,0.0,0.0,0.0,0.0,0.0,0.0,0.0,0.0,0.0,0.0,69.2,0,150,71,54,65476,0,300,0,1,8,20529,65476,0,0,40632,65.0,0.0,0.0,0.0,0.0,0.0
2026-09-04T20:53:48,ERR,ERR,ERR,ERR,ERR,ERR,ERR,ERR,ERR,ERR,ERR,ERR,ERR,ERR,ERR,ERR,ERR,ERR,ERR,ERR,ERR,ERR,ERR,ERR,ERR,ERR,ERR,ERR,ERR,ERR,ERR,ERR,ERR,ERR,ERR,ERR,ERR,ERR,ERR,ERR,ERR,ERR,ERR,ERR,ERR,ERR,ERR,ERR,ERR,ERR,ERR,ERR,ERR,ERR,ERR,ERR,ERR,ERR,ERR,ERR,ERR,ERR,ERR,ERR,ERR,ERR,ERR,ERR,ERR,ERR,ERR,ERR,ERR,ERR,ERR,ERR,ERR,ERR,ERR,ERR,ERR,ERR,ERR,ERR,ERR,ERR,ERR,ERR,ERR,ERR,ERR,ERR,ERR,ERR,ERR,ERR,ERR,ERR,ERR,ERR,ERR,ERR,ERR,ERR,ERR,ERR,ERR,ERR,ERR,ERR,ERR,ERR,ERR,ERR,ERR,ERR,ERR,ERR,ERR,ERR,ERR,ERR,ERR,ERR,ERR,0.0,0.0,0.0,0.0,0.0,1.3936040501711995e+18,7.805,0.0,0,0,4,0,7116,0.0,100,0.0,0.0,0.0,0.0,0.0,0,0,0,0,0.0,0,0,0,0,0,0,0,0,0,0,0,0,0,0,0,0,0,0,0,0,0,0,0,0,0,0,0,0,0,0,0,0,0,31,40,40,71,65476,0,300,0,0,8,21553,0.0,-107605600.0,0.0,0.0,0.0,0.0,0.0,0.0,0.0,0.0,0.0,0.0,0.0,0.0,0.0,0.0,0.0,0.0,0.0,0.0,0.0,0.0,-0.0,2.004,2.004,-0.0,0.0,0.0,0.0,0.0,6333.0,0.0,6915.0,0.0,0.0,0.0,0.0,0.0,0.0,0.0,0.0,69,-0.0,89220.969,0.0,0.0,0.0,0.0,0.0,0.0,0.0,0,0,0,0.0,0.0,0.0,0.0,0.0,0.0,0.0,0.0,0.0,0.0,0.0,0.0,0.0,0.0,0.0,0.0,0,-107875648.0,69,0.0,138,0.0,0.0,0,13107,17040,0,17049,0,17043,0,0,0,70,68,100,2.7302359370752657e+23,71.1,0.0,74.2,2.7302370179391762e+23,74.0,1,49,50,180,0,52429,0,0,0.0,0.0,0.0,0.0,-0.0,67.0,0.0,162057.094,0.0,750,0,739,0,0,0,721,0,765,0,735,0,742,0,741,0,712,0,7520,0.032,78383153152.0,0.0,0.0,784,16797,-0.0,162057.094,-114818.039,-0.0,0.133,6.909358625270745e+28,30.0,65.0,35,0.0,0.0,0.0,0.0,0.0,0.0,0.0,0.0,0.0,0.0,0.0,0.0,0.0,0.0,0.0,0.0,69.2,0,150,71,54,65476,0,300,0,1,8,20529,65476,0,0,40632,65.0,0.0,0.0,0.0,0.0,0.0
2026-09-04T20:53:49,ERR,ERR,ERR,ERR,ERR,ERR,ERR,ERR,ERR,ERR,ERR,ERR,ERR,ERR,ERR,ERR,ERR,ERR,ERR,ERR,ERR,ERR,ERR,ERR,ERR,ERR,ERR,ERR,ERR,ERR,ERR,ERR,ERR,ERR,ERR,ERR,ERR,ERR,ERR,ERR,ERR,ERR,ERR,ERR,ERR,ERR,ERR,ERR,ERR,ERR,ERR,ERR,ERR,ERR,ERR,ERR,ERR,ERR,ERR,ERR,ERR,ERR,ERR,ERR,ERR,ERR,ERR,ERR,ERR,ERR,ERR,ERR,ERR,ERR,ERR,ERR,ERR,ERR,ERR,ERR,ERR,ERR,ERR,ERR,ERR,ERR,ERR,ERR,ERR,ERR,ERR,ERR,ERR,ERR,ERR,ERR,ERR,ERR,ERR,ERR,ERR,ERR,ERR,ERR,ERR,ERR,ERR,ERR,ERR,ERR,ERR,ERR,ERR,ERR,ERR,ERR,ERR,ERR,ERR,ERR,ERR,ERR,ERR,ERR,ERR,0.0,0.0,0.0,0.0,0.0,1.3936040501711995e+18,7.805,0.0,0,0,4,0,7116,0.0,100,0.0,0.0,0.0,0.0,0.0,0,0,0,0,0.0,0,0,0,0,0,0,0,0,0,0,0,0,0,0,0,0,0,0,0,0,0,0,0,0,0,0,0,0,0,0,0,0,0,31,40,40,71,65476,0,300,0,0,8,21553,0.0,-107605600.0,0.0,0.0,0.0,0.0,0.0,0.0,0.0,0.0,0.0,0.0,0.0,0.0,0.0,0.0,0.0,0.0,0.0,0.0,0.0,0.0,-0.0,2.004,2.004,-0.0,0.0,0.0,0.0,0.0,6333.0,0.0,6915.0,0.0,0.0,0.0,0.0,0.0,0.0,0.0,0.0,69,-0.0,89220.969,0.0,0.0,0.0,0.0,0.0,0.0,0.0,0,0,0,0.0,0.0,0.0,0.0,0.0,0.0,0.0,0.0,0.0,0.0,0.0,0.0,0.0,0.0,0.0,0.0,0,-107875648.0,69,0.0,138,0.0,0.0,0,13107,17040,0,17049,0,17043,0,0,0,70,68,100,2.7302359370752657e+23,71.1,0.0,74.2,2.7302370179391762e+23,74.0,1,49,50,180,0,52429,0,0,0.0,0.0,0.0,0.0,-0.0,67.0,0.0,162057.094,0.0,750,0,739,0,0,0,721,0,765,0,735,0,742,0,741,0,712,0,7520,0.032,78383153152.0,0.0,0.0,784,16797,-0.0,162057.094,-114818.039,-0.0,0.133,6.909358625270745e+28,30.0,65.0,35,0.0,0.0,0.0,0.0,0.0,0.0,0.0,0.0,0.0,0.0,0.0,0.0,0.0,0.0,0.0,0.0,69.2,0,150,71,54,65476,0,300,0,1,8,20529,65476,0,0,40632,65.0,0.0,0.0,0.0,0.0,0.0
2026-09-04T20:53:50,ERR,ERR,ERR,ERR,ERR,ERR,ERR,ERR,ERR,ERR,ERR,ERR,ERR,ERR,ERR,ERR,ERR,ERR,ERR,ERR,ERR,ERR,ERR,ERR,ERR,ERR,ERR,ERR,ERR,ERR,ERR,ERR,ERR,ERR,ERR,ERR,ERR,ERR,ERR,ERR,ERR,ERR,ERR,ERR,ERR,ERR,ERR,ERR,ERR,ERR,ERR,ERR,ERR,ERR,ERR,ERR,ERR,ERR,ERR,ERR,ERR,ERR,ERR,ERR,ERR,ERR,ERR,ERR,ERR,ERR,ERR,ERR,ERR,ERR,ERR,ERR,ERR,ERR,ERR,ERR,ERR,ERR,ERR,ERR,ERR,ERR,ERR,ERR,ERR,ERR,ERR,ERR,ERR,ERR,ERR,ERR,ERR,ERR,ERR,ERR,ERR,ERR,ERR,ERR,ERR,ERR,ERR,ERR,ERR,ERR,ERR,ERR,ERR,ERR,ERR,ERR,ERR,ERR,ERR,ERR,ERR,ERR,ERR,ERR,ERR,0.0,0.0,0.0,0.0,0.0,1.3936040501711995e+18,7.805,0.0,0,0,4,0,7116,0.0,100,0.0,0.0,0.0,0.0,0.0,0,0,0,0,0.0,0,0,0,0,0,0,0,0,0,0,0,0,0,0,0,0,0,0,0,0,0,0,0,0,0,0,0,0,0,0,0,0,0,31,40,40,71,65476,0,300,0,0,8,21553,0.0,-107605600.0,0.0,0.0,0.0,0.0,0.0,0.0,0.0,0.0,0.0,0.0,0.0,0.0,0.0,0.0,0.0,0.0,0.0,0.0,0.0,0.0,-0.0,2.004,2.004,-0.0,0.0,0.0,0.0,0.0,6333.0,0.0,6915.0,0.0,0.0,0.0,0.0,0.0,0.0,0.0,0.0,69,-0.0,89220.969,0.0,0.0,0.0,0.0,0.0,0.0,0.0,0,0,0,0.0,0.0,0.0,0.0,0.0,0.0,0.0,0.0,0.0,0.0,0.0,0.0,0.0,0.0,0.0,0.0,0,-107875648.0,69,0.0,138,0.0,0.0,0,13107,17040,0,17049,0,17043,0,0,0,70,68,100,2.7302359370752657e+23,71.1,0.0,74.2,2.7302370179391762e+23,74.0,1,49,50,180,0,52429,0,0,0.0,0.0,0.0,0.0,-0.0,67.0,0.0,162057.094,0.0,750,0,739,0,0,0,721,0,765,0,735,0,742,0,741,0,712,0,7520,0.032,78383153152.0,0.0,0.0,784,16797,-0.0,162057.094,-114818.039,-0.0,0.133,6.909358625270745e+28,30.0,65.0,35,0.0,0.0,0.0,0.0,0.0,0.0,0.0,0.0,0.0,0.0,0.0,0.0,0.0,0.0,0.0,0.0,69.2,0,150,71,54,65476,0,300,0,1,8,20529,65476,0,0,40632,65.0,0.0,0.0,0.0,0.0,0.0
2026-09-04T20:53:51,ERR,ERR,ERR,ERR,ERR,ERR,ERR,ERR,ERR,ERR,ERR,ERR,ERR,ERR,ERR,ERR,ERR,ERR,ERR,ERR,ERR,ERR,ERR,ERR,ERR,ERR,ERR,ERR,ERR,ERR,ERR,ERR,ERR,ERR,ERR,ERR,ERR,ERR,ERR,ERR,ERR,ERR,ERR,ERR,ERR,ERR,ERR,ERR,ERR,ERR,ERR,ERR,ERR,ERR,ERR,ERR,ERR,ERR,ERR,ERR,ERR,ERR,ERR,ERR,ERR,ERR,ERR,ERR,ERR,ERR,ERR,ERR,ERR,ERR,ERR,ERR,ERR,ERR,ERR,ERR,ERR,ERR,ERR,ERR,ERR,ERR,ERR,ERR,ERR,ERR,ERR,ERR,ERR,ERR,ERR,ERR,ERR,ERR,ERR,ERR,ERR,ERR,ERR,ERR,ERR,ERR,ERR,ERR,ERR,ERR,ERR,ERR,ERR,ERR,ERR,ERR,ERR,ERR,ERR,ERR,ERR,ERR,ERR,ERR,ERR,0.0,0.0,0.0,0.0,0.0,1.3936040501711995e+18,7.805,0.0,0,0,4,0,7116,0.0,100,0.0,0.0,0.0,0.0,0.0,0,0,0,0,0.0,0,0,0,0,0,0,0,0,0,0,0,0,0,0,0,0,0,0,0,0,0,0,0,0,0,0,0,0,0,0,0,0,0,31,40,40,71,65476,0,300,0,0,8,21553,0.0,-107605600.0,0.0,0.0,0.0,0.0,0.0,0.0,0.0,0.0,0.0,0.0,0.0,0.0,0.0,0.0,0.0,0.0,0.0,0.0,0.0,0.0,-0.0,2.004,2.004,-0.0,0.0,0.0,0.0,0.0,6333.0,0.0,6915.0,0.0,0.0,0.0,0.0,0.0,0.0,0.0,0.0,69,-0.0,89220.969,0.0,0.0,0.0,0.0,0.0,0.0,0.0,0,0,0,0.0,0.0,0.0,0.0,0.0,0.0,0.0,0.0,0.0,0.0,0.0,0.0,0.0,0.0,0.0,0.0,0,-107875648.0,69,0.0,138,0.0,0.0,0,13107,17040,0,17049,0,17043,0,0,0,70,68,100,2.7302359370752657e+23,71.1,0.0,74.2,2.7302370179391762e+23,74.0,1,49,50,180,0,52429,0,0,0.0,0.0,0.0,0.0,-0.0,67.0,0.0,162057.094,0.0,750,0,739,0,0,0,721,0,765,0,735,0,742,0,741,0,712,0,7520,0.032,78383153152.0,0.0,0.0,784,16797,-0.0,162057.094,-114818.039,-0.0,0.133,6.909358625270745e+28,30.0,65.0,35,0.0,0.0,0.0,0.0,0.0,0.0,0.0,0.0,0.0,0.0,0.0,0.0,0.0,0.0,0.0,0.0,69.2,0,150,71,54,65476,0,300,0,1,8,20529,65476,0,0,40632,65.0,0.0,0.0,0.0,0.0,0.0
2026-09-04T20:53:52,ERR,ERR,ERR,ERR,ERR,ERR,ERR,ERR,ERR,ERR,ERR,ERR,ERR,ERR,ERR,ERR,ERR,ERR,ERR,ERR,ERR,ERR,ERR,ERR,ERR,ERR,ERR,ERR,ERR,ERR,ERR,ERR,ERR,ERR,ERR,ERR,ERR,ERR,ERR,ERR,ERR,ERR,ERR,ERR,ERR,ERR,ERR,ERR,ERR,ERR,ERR,ERR,ERR,ERR,ERR,ERR,ERR,ERR,ERR,ERR,ERR,ERR,ERR,ERR,ERR,ERR,ERR,ERR,ERR,ERR,ERR,ERR,ERR,ERR,ERR,ERR,ERR,ERR,ERR,ERR,ERR,ERR,ERR,ERR,ERR,ERR,ERR,ERR,ERR,ERR,ERR,ERR,ERR,ERR,ERR,ERR,ERR,ERR,ERR,ERR,ERR,ERR,ERR,ERR,ERR,ERR,ERR,ERR,ERR,ERR,ERR,ERR,ERR,ERR,ERR,ERR,ERR,ERR,ERR,ERR,ERR,ERR,ERR,ERR,ERR,0.0,0.0,0.0,0.0,0.0,1.3936040501711995e+18,7.805,0.0,0,0,4,0,7116,0.0,100,0.0,0.0,0.0,0.0,0.0,0,0,0,0,0.0,0,0,0,0,0,0,0,0,0,0,0,0,0,0,0,0,0,0,0,0,0,0,0,0,0,0,0,0,0,0,0,0,0,31,40,40,71,65476,0,300,0,0,8,21553,0.0,-107605600.0,0.0,0.0,0.0,0.0,0.0,0.0,0.0,0.0,0.0,0.0,0.0,0.0,0.0,0.0,0.0,0.0,0.0,0.0,0.0,0.0,-0.0,2.004,2.004,-0.0,0.0,0.0,0.0,0.0,6333.0,0.0,6915.0,0.0,0.0,0.0,0.0,0.0,0.0,0.0,0.0,69,-0.0,89220.969,0.0,0.0,0.0,0.0,0.0,0.0,0.0,0,0,0,0.0,0.0,0.0,0.0,0.0,0.0,0.0,0.0,0.0,0.0,0.0,0.0,0.0,0.0,0.0,0.0,0,-107875648.0,69,0.0,138,0.0,0.0,0,13107,17040,0,17049,0,17043,0,0,0,70,68,100,2.7302359370752657e+23,71.1,0.0,74.2,2.7302370179391762e+23,74.0,1,49,50,180,0,52429,0,0,0.0,0.0,0.0,0.0,-0.0,67.0,0.0,162057.094,0.0,750,0,739,0,0,0,721,0,765,0,735,0,742,0,741,0,712,0,7520,0.032,78383153152.0,0.0,0.0,784,16797,-0.0,162057.094,-114818.039,-0.0,0.133,6.909358625270745e+28,30.0,65.0,35,0.0,0.0,0.0,0.0,0.0,0.0,0.0,0.0,0.0,0.0,0.0,0.0,0.0,0.0,0.0,0.0,69.2,0,150,71,54,65476,0,300,0,1,8,20529,65476,0,0,40632,65.0,0.0,0.0,0.0,0.0,0.0
2026-09-04T20:53:53,ERR,ERR,ERR,ERR,ERR,ERR,ERR,ERR,ERR,ERR,ERR,ERR,ERR,ERR,ERR,ERR,ERR,ERR,ERR,ERR,ERR,ERR,ERR,ERR,ERR,ERR,ERR,ERR,ERR,ERR,ERR,ERR,ERR,ERR,ERR,ERR,ERR,ERR,ERR,ERR,ERR,ERR,ERR,ERR,ERR,ERR,ERR,ERR,ERR,ERR,ERR,ERR,ERR,ERR,ERR,ERR,ERR,ERR,ERR,ERR,ERR,ERR,ERR,ERR,ERR,ERR,ERR,ERR,ERR,ERR,ERR,ERR,ERR,ERR,ERR,ERR,ERR,ERR,ERR,ERR,ERR,ERR,ERR,ERR,ERR,ERR,ERR,ERR,ERR,ERR,ERR,ERR,ERR,ERR,ERR,ERR,ERR,ERR,ERR,ERR,ERR,ERR,ERR,ERR,ERR,ERR,ERR,ERR,ERR,ERR,ERR,ERR,ERR,ERR,ERR,ERR,ERR,ERR,ERR,ERR,ERR,ERR,ERR,ERR,ERR,0.0,0.0,0.0,0.0,0.0,1.3936040501711995e+18,7.805,0.0,0,0,4,0,7116,0.0,100,0.0,0.0,0.0,0.0,0.0,0,0,0,0,0.0,0,0,0,0,0,0,0,0,0,0,0,0,0,0,0,0,0,0,0,0,0,0,0,0,0,0,0,0,0,0,0,0,0,31,40,40,71,65476,0,300,0,0,8,21553,0.0,-107605600.0,0.0,0.0,0.0,0.0,0.0,0.0,0.0,0.0,0.0,0.0,0.0,0.0,0.0,0.0,0.0,0.0,0.0,0.0,0.0,0.0,-0.0,2.004,2.004,-0.0,0.0,0.0,0.0,0.0,6333.0,0.0,6915.0,0.0,0.0,0.0,0.0,0.0,0.0,0.0,0.0,69,-0.0,89220.969,0.0,0.0,0.0,0.0,0.0,0.0,0.0,0,0,0,0.0,0.0,0.0,0.0,0.0,0.0,0.0,0.0,0.0,0.0,0.0,0.0,0.0,0.0,0.0,0.0,0,-107875648.0,69,0.0,138,0.0,0.0,0,13107,17040,13107,17049,0,17043,0,0,0,70,68,100,2.7302359370752657e+23,71.1,0.0,74.2,2.7302370179391762e+23,74.0,1,49,50,180,0,52429,0,0,0.0,0.0,0.0,0.0,-0.0,67.0,0.0,162057.094,0.0,750,0,739,0,0,0,721,0,765,0,735,0,742,0,741,0,712,0,7520,0.032,78920024064.0,0.0,0.0,784,16797,-0.0,162057.094,-114818.039,-0.0,0.133,6.909358625270745e+28,30.0,65.0,35,0.0,0.0,0.0,0.0,0.0,0.0,0.0,0.0,0.0,0.0,0.0,0.0,0.0,0.0,0.0,0.0,69.2,0,150,71,54,65476,0,300,0,1,8,20529,65476,0,0,40632,65.0,0.0,0.0,0.0,0.0,0.0
2026-09-04T20:53:54,ERR,ERR,ERR,ERR,ERR,ERR,ERR,ERR,ERR,ERR,ERR,ERR,ERR,ERR,ERR,ERR,ERR,ERR,ERR,ERR,ERR,ERR,ERR,ERR,ERR,ERR,ERR,ERR,ERR,ERR,ERR,ERR,ERR,ERR,ERR,ERR,ERR,ERR,ERR,ERR,ERR,ERR,ERR,ERR,ERR,ERR,ERR,ERR,ERR,ERR,ERR,ERR,ERR,ERR,ERR,ERR,ERR,ERR,ERR,ERR,ERR,ERR,ERR,ERR,ERR,ERR,ERR,ERR,ERR,ERR,ERR,ERR,ERR,ERR,ERR,ERR,ERR,ERR,ERR,ERR,ERR,ERR,ERR,ERR,ERR,ERR,ERR,ERR,ERR,ERR,ERR,ERR,ERR,ERR,ERR,ERR,ERR,ERR,ERR,ERR,ERR,ERR,ERR,ERR,ERR,ERR,ERR,ERR,ERR,ERR,ERR,ERR,ERR,ERR,ERR,ERR,ERR,ERR,ERR,ERR,ERR,ERR,ERR,ERR,ERR,0.0,0.0,0.0,0.0,0.0,1.3936040501711995e+18,7.805,0.0,0,0,4,0,7116,0.0,100,0.0,0.0,0.0,0.0,0.0,0,0,0,0,0.0,0,0,0,0,0,0,0,0,0,0,0,0,0,0,0,0,0,0,0,0,0,0,0,0,0,0,0,0,0,0,0,0,0,31,40,40,71,65476,0,300,0,0,8,21553,0.0,-107605600.0,0.0,0.0,0.0,0.0,0.0,0.0,0.0,0.0,0.0,0.0,0.0,0.0,0.0,0.0,0.0,0.0,0.0,0.0,0.0,0.0,-0.0,2.004,2.004,-0.0,0.0,0.0,0.0,0.0,6328.0,564148584841216.0,6924.0,0.0,0.0,0.0,0.0,0.0,0.0,0.0,0.0,69,-0.0,-0.0,0.0,0.0,0.0,0.0,0.0,0.0,0.0,0,0,0,0.0,0.0,0.0,0.0,0.0,0.0,0.0,0.0,0.0,0.0,0.0,0.0,0.0,0.0,0.0,0.0,0,-107875648.0,69,0.0,138,0.0,-0.0,0,13107,17040,13107,17049,0,17043,0,0,0,70,68,100,2.7302359370752657e+23,71.1,0.0,74.2,2.7302370179391762e+23,74.0,1,49,50,180,0,52429,0,0,0.0,0.0,0.0,0.0,-0.0,67.0,0.0,162057.094,0.0,750,0,739,0,0,0,721,0,765,0,735,0,742,0,741,0,712,0,7520,0.032,78920024064.0,0.0,0.0,784,16797,-0.0,162057.094,-114818.039,-0.0,0.133,6.909358625270745e+28,30.0,65.0,35,0.0,0.0,0.0,0.0,0.0,0.0,0.0,0.0,0.0,0.0,0.0,0.0,0.0,0.0,0.0,0.0,69.2,0,150,71,54,65476,0,300,0,1,8,20529,65476,0,0,40632,65.0,0.0,0.0,0.0,0.0,0.0
2026-09-04T20:53:55,ERR,ERR,ERR,ERR,ERR,ERR,ERR,ERR,ERR,ERR,ERR,ERR,ERR,ERR,ERR,ERR,ERR,ERR,ERR,ERR,ERR,ERR,ERR,ERR,ERR,ERR,ERR,ERR,ERR,ERR,ERR,ERR,ERR,ERR,ERR,ERR,ERR,ERR,ERR,ERR,ERR,ERR,ERR,ERR,ERR,ERR,ERR,ERR,ERR,ERR,ERR,ERR,ERR,ERR,ERR,ERR,ERR,ERR,ERR,ERR,ERR,ERR,ERR,ERR,ERR,ERR,ERR,ERR,ERR,ERR,ERR,ERR,ERR,ERR,ERR,ERR,ERR,ERR,ERR,ERR,ERR,ERR,ERR,ERR,ERR,ERR,ERR,ERR,ERR,ERR,ERR,ERR,ERR,ERR,ERR,ERR,ERR,ERR,ERR,ERR,ERR,ERR,ERR,ERR,ERR,ERR,ERR,ERR,ERR,ERR,ERR,ERR,ERR,ERR,ERR,ERR,ERR,ERR,ERR,ERR,ERR,ERR,ERR,ERR,ERR,0.0,0.0,0.0,0.0,0.0,1.3936040501711995e+18,7.805,0.0,0,0,4,0,7116,0.0,100,0.0,0.0,0.0,0.0,0.0,0,0,0,0,0.0,0,0,0,0,0,0,0,0,0,0,0,0,0,0,0,0,0,0,0,0,0,0,0,0,0,0,0,0,0,0,0,0,0,31,40,40,71,65476,0,300,0,0,8,21553,0.0,-107605600.0,0.0,0.0,0.0,0.0,0.0,0.0,0.0,0.0,0.0,0.0,0.0,0.0,0.0,0.0,0.0,0.0,0.0,0.0,0.0,0.0,-0.0,2.004,2.004,-0.0,0.0,0.0,0.0,0.0,6328.0,564148584841216.0,6924.0,0.0,0.0,0.0,0.0,0.0,0.0,0.0,0.0,69,-0.0,-0.0,0.0,0.0,0.0,0.0,0.0,0.0,0.0,0,0,0,0.0,0.0,0.0,0.0,0.0,0.0,0.0,0.0,0.0,0.0,0.0,0.0,0.0,0.0,0.0,0.0,0,-107875648.0,69,0.0,138,0.0,-0.0,0,13107,17040,13107,17049,0,17043,0,0,0,70,68,100,2.7302359370752657e+23,71.1,0.0,74.2,2.7302370179391762e+23,74.0,1,49,50,180,0,52429,0,0,0.0,0.0,0.0,0.0,-0.0,67.0,0.0,162057.094,0.0,750,0,739,0,0,0,721,0,765,0,735,0,742,0,741,0,712,0,7520,0.032,78920024064.0,0.0,0.0,784,16797,-0.0,162057.094,-114818.039,-0.0,0.133,6.909358625270745e+28,30.0,65.0,35,0.0,0.0,0.0,0.0,0.0,0.0,0.0,0.0,0.0,0.0,0.0,0.0,0.0,0.0,0.0,0.0,69.2,0,150,71,54,65476,0,300,0,1,8,20529,65476,0,0,40632,65.0,0.0,0.0,0.0,0.0,0.0
2026-09-04T20:53:56,ERR,ERR,ERR,ERR,ERR,ERR,ERR,ERR,ERR,ERR,ERR,ERR,ERR,ERR,ERR,ERR,ERR,ERR,ERR,ERR,ERR,ERR,ERR,ERR,ERR,ERR,ERR,ERR,ERR,ERR,ERR,ERR,ERR,ERR,ERR,ERR,ERR,ERR,ERR,ERR,ERR,ERR,ERR,ERR,ERR,ERR,ERR,ERR,ERR,ERR,ERR,ERR,ERR,ERR,ERR,ERR,ERR,ERR,ERR,ERR,ERR,ERR,ERR,ERR,ERR,ERR,ERR,ERR,ERR,ERR,ERR,ERR,ERR,ERR,ERR,ERR,ERR,ERR,ERR,ERR,ERR,ERR,ERR,ERR,ERR,ERR,ERR,ERR,ERR,ERR,ERR,ERR,ERR,ERR,ERR,ERR,ERR,ERR,ERR,ERR,ERR,ERR,ERR,ERR,ERR,ERR,ERR,ERR,ERR,ERR,ERR,ERR,ERR,ERR,ERR,ERR,ERR,ERR,ERR,ERR,ERR,ERR,ERR,ERR,ERR,0.0,0.0,0.0,0.0,0.0,1.3936040501711995e+18,7.805,0.0,0,0,4,0,7116,0.0,100,0.0,0.0,0.0,0.0,0.0,0,0,0,0,0.0,0,0,0,0,0,0,0,0,0,0,0,0,0,0,0,0,0,0,0,0,0,0,0,0,0,0,0,0,0,0,0,0,0,31,40,40,71,65476,0,300,0,0,8,21553,0.0,-107605600.0,0.0,0.0,0.0,0.0,0.0,0.0,0.0,0.0,0.0,0.0,0.0,0.0,0.0,0.0,0.0,0.0,0.0,0.0,0.0,0.0,-0.0,2.004,2.004,-0.0,0.0,0.0,0.0,0.0,6328.0,564148584841216.0,6924.0,0.0,0.0,0.0,0.0,0.0,0.0,0.0,0.0,69,-0.0,-0.0,0.0,0.0,0.0,0.0,0.0,0.0,0.0,0,0,0,0.0,0.0,0.0,0.0,0.0,0.0,0.0,0.0,0.0,0.0,0.0,0.0,0.0,0.0,0.0,0.0,0,-107875648.0,69,0.0,138,0.0,-0.0,0,13107,17040,13107,17049,0,17043,0,0,0,70,68,100,2.7302359370752657e+23,71.1,0.0,74.2,2.7302370179391762e+23,74.0,1,49,50,180,0,52429,0,0,0.0,0.0,0.0,0.0,-0.0,67.0,0.0,162057.094,0.0,750,0,739,0,0,0,721,0,765,0,735,0,742,0,741,0,712,0,7520,0.032,78920024064.0,0.0,0.0,784,16797,-0.0,162057.094,-114818.039,-0.0,0.133,6.909358625270745e+28,30.0,65.0,35,0.0,0.0,0.0,0.0,0.0,0.0,0.0,0.0,0.0,0.0,0.0,0.0,0.0,0.0,0.0,0.0,69.2,0,150,71,54,65476,0,300,0,1,8,20529,65476,0,0,40632,65.0,0.0,0.0,0.0,0.0,0.0
2026-09-04T20:53:57,ERR,ERR,ERR,ERR,ERR,ERR,ERR,ERR,ERR,ERR,ERR,ERR,ERR,ERR,ERR,ERR,ERR,ERR,ERR,ERR,ERR,ERR,ERR,ERR,ERR,ERR,ERR,ERR,ERR,ERR,ERR,ERR,ERR,ERR,ERR,ERR,ERR,ERR,ERR,ERR,ERR,ERR,ERR,ERR,ERR,ERR,ERR,ERR,ERR,ERR,ERR,ERR,ERR,ERR,ERR,ERR,ERR,ERR,ERR,ERR,ERR,ERR,ERR,ERR,ERR,ERR,ERR,ERR,ERR,ERR,ERR,ERR,ERR,ERR,ERR,ERR,ERR,ERR,ERR,ERR,ERR,ERR,ERR,ERR,ERR,ERR,ERR,ERR,ERR,ERR,ERR,ERR,ERR,ERR,ERR,ERR,ERR,ERR,ERR,ERR,ERR,ERR,ERR,ERR,ERR,ERR,ERR,ERR,ERR,ERR,ERR,ERR,ERR,ERR,ERR,ERR,ERR,ERR,ERR,ERR,ERR,ERR,ERR,ERR,ERR,0.0,0.0,0.0,0.0,0.0,1.3936040501711995e+18,7.805,0.0,0,0,4,0,7116,0.0,100,0.0,0.0,0.0,0.0,0.0,0,0,0,0,0.0,0,0,0,0,0,0,0,0,0,0,0,0,0,0,0,0,0,0,0,0,0,0,0,0,0,0,0,0,0,0,0,0,0,31,40,40,71,65476,0,300,0,0,8,21553,0.0,-107605600.0,0.0,0.0,0.0,0.0,0.0,0.0,0.0,0.0,0.0,0.0,0.0,0.0,0.0,0.0,0.0,0.0,0.0,0.0,0.0,0.0,-0.0,2.004,2.004,-0.0,0.0,0.0,0.0,0.0,6328.0,564148584841216.0,6924.0,0.0,0.0,0.0,0.0,0.0,0.0,0.0,0.0,69,-0.0,-0.0,0.0,0.0,0.0,0.0,0.0,0.0,0.0,0,0,0,0.0,0.0,0.0,0.0,0.0,0.0,0.0,0.0,0.0,0.0,0.0,0.0,0.0,0.0,0.0,0.0,0,-107875648.0,69,0.0,138,0.0,-0.0,0,13107,17040,13107,17049,0,17043,0,0,0,70,68,100,2.7302359370752657e+23,71.1,0.0,74.2,2.7302370179391762e+23,74.0,1,49,50,180,0,52429,0,0,0.0,0.0,0.0,0.0,-0.0,67.0,0.0,162057.094,0.0,750,0,739,0,0,0,721,0,765,0,735,0,742,0,741,0,712,0,7520,0.032,78920024064.0,0.0,0.0,784,16797,-0.0,162057.094,-114818.039,-0.0,0.133,6.909358625270745e+28,30.0,65.0,35,0.0,0.0,0.0,0.0,0.0,0.0,0.0,0.0,0.0,0.0,0.0,0.0,0.0,0.0,0.0,0.0,69.2,0,150,71,54,65476,0,300,0,1,8,20529,65476,0,0,40632,65.0,0.0,0.0,0.0,0.0,0.0
2026-09-04T20:53:58,ERR,ERR,ERR,ERR,ERR,ERR,ERR,ERR,ERR,ERR,ERR,ERR,ERR,ERR,ERR,ERR,ERR,ERR,ERR,ERR,ERR,ERR,ERR,ERR,ERR,ERR,ERR,ERR,ERR,ERR,ERR,ERR,ERR,ERR,ERR,ERR,ERR,ERR,ERR,ERR,ERR,ERR,ERR,ERR,ERR,ERR,ERR,ERR,ERR,ERR,ERR,ERR,ERR,ERR,ERR,ERR,ERR,ERR,ERR,ERR,ERR,ERR,ERR,ERR,ERR,ERR,ERR,ERR,ERR,ERR,ERR,ERR,ERR,ERR,ERR,ERR,ERR,ERR,ERR,ERR,ERR,ERR,ERR,ERR,ERR,ERR,ERR,ERR,ERR,ERR,ERR,ERR,ERR,ERR,ERR,ERR,ERR,ERR,ERR,ERR,ERR,ERR,ERR,ERR,ERR,ERR,ERR,ERR,ERR,ERR,ERR,ERR,ERR,ERR,ERR,ERR,ERR,ERR,ERR,ERR,ERR,ERR,ERR,ERR,ERR,0.0,0.0,0.0,0.0,0.0,1.3936040501711995e+18,7.805,0.0,0,0,4,0,7116,0.0,100,0.0,0.0,0.0,0.0,0.0,0,0,0,0,0.0,0,0,0,0,0,0,0,0,0,0,0,0,0,0,0,0,0,0,0,0,0,0,0,0,0,0,0,0,0,0,0,0,0,31,40,40,71,65476,0,300,0,0,8,21553,0.0,-107605600.0,0.0,0.0,0.0,0.0,0.0,0.0,0.0,0.0,0.0,0.0,0.0,0.0,0.0,0.0,0.0,0.0,0.0,0.0,0.0,0.0,-0.0,2.004,2.004,-0.0,0.0,0.0,0.0,0.0,6328.0,564148584841216.0,6924.0,0.0,0.0,0.0,0.0,0.0,0.0,0.0,0.0,69,-0.0,-0.0,0.0,0.0,0.0,0.0,0.0,0.0,0.0,0,0,0,0.0,0.0,0.0,0.0,0.0,0.0,0.0,0.0,0.0,0.0,0.0,0.0,0.0,0.0,0.0,0.0,0,-107875648.0,69,0.0,138,0.0,-0.0,0,13107,17040,0,17049,0,17043,0,0,0,70,68,100,2.7302359370752657e+23,71.1,0.0,74.2,2.7302370179391762e+23,74.0,1,49,50,180,0,52429,0,0,0.0,0.0,0.0,0.0,-0.0,67.0,0.0,162057.094,0.0,750,0,739,0,0,0,721,0,765,0,735,0,742,0,741,0,712,0,7520,0.032,79456894976.0,0.0,0.0,784,16797,-0.0,162057.094,-114818.039,-0.0,0.133,6.909358625270745e+28,30.0,65.0,35,0.0,0.0,0.0,0.0,0.0,0.0,0.0,0.0,0.0,0.0,0.0,0.0,0.0,0.0,0.0,0.0,69.2,0,150,71,54,65476,0,300,0,1,8,20529,65476,0,0,40632,65.0,0.0,0.0,0.0,0.0,0.0
2026-09-04T20:53:59,ERR,ERR,ERR,ERR,ERR,ERR,ERR,ERR,ERR,ERR,ERR,ERR,ERR,ERR,ERR,ERR,ERR,ERR,ERR,ERR,ERR,ERR,ERR,ERR,ERR,ERR,ERR,ERR,ERR,ERR,ERR,ERR,ERR,ERR,ERR,ERR,ERR,ERR,ERR,ERR,ERR,ERR,ERR,ERR,ERR,ERR,ERR,ERR,ERR,ERR,ERR,ERR,ERR,ERR,ERR,ERR,ERR,ERR,ERR,ERR,ERR,ERR,ERR,ERR,ERR,ERR,ERR,ERR,ERR,ERR,ERR,ERR,ERR,ERR,ERR,ERR,ERR,ERR,ERR,ERR,ERR,ERR,ERR,ERR,ERR,ERR,ERR,ERR,ERR,ERR,ERR,ERR,ERR,ERR,ERR,ERR,ERR,ERR,ERR,ERR,ERR,ERR,ERR,ERR,ERR,ERR,ERR,ERR,ERR,ERR,ERR,ERR,ERR,ERR,ERR,ERR,ERR,ERR,ERR,ERR,ERR,ERR,ERR,ERR,ERR,0.0,0.0,0.0,0.0,0.0,1.3936040501711995e+18,7.805,0.0,0,0,4,0,7116,0.0,100,0.0,0.0,0.0,0.0,0.0,0,0,0,0,0.0,0,0,0,0,0,0,0,0,0,0,0,0,0,0,0,0,0,0,0,0,0,0,0,0,0,0,0,0,0,0,0,0,0,31,40,40,71,65476,0,300,0,0,8,21553,0.0,-107605600.0,0.0,0.0,0.0,0.0,0.0,0.0,0.0,0.0,0.0,0.0,0.0,0.0,0.0,0.0,0.0,0.0,0.0,0.0,0.0,0.0,-0.0,2.004,2.004,-0.0,0.0,0.0,0.0,0.0,6328.0,564148584841216.0,6924.0,0.0,0.0,0.0,0.0,0.0,0.0,0.0,0.0,69,-0.0,-0.0,0.0,0.0,0.0,0.0,0.0,0.0,0.0,0,0,0,0.0,0.0,0.0,0.0,0.0,0.0,0.0,0.0,0.0,0.0,0.0,0.0,0.0,0.0,0.0,0.0,0,-107875648.0,69,0.0,138,0.0,-0.0,0,13107,17040,0,17049,0,17043,0,0,0,70,68,100,2.7302359370752657e+23,71.1,0.0,74.2,2.7302370179391762e+23,74.0,1,49,50,180,0,52429,0,0,0.0,0.0,0.0,0.0,-0.0,67.0,0.0,162057.094,0.0,750,0,739,0,0,0,721,0,765,0,735,0,742,0,741,0,712,0,7520,0.032,79456894976.0,0.0,0.0,784,16797,-0.0,162057.094,-114818.039,-0.0,0.133,6.909358625270745e+28,30.0,65.0,35,0.0,0.0,0.0,0.0,0.0,0.0,0.0,0.0,0.0,0.0,0.0,0.0,0.0,0.0,0.0,0.0,69.2,0,150,71,54,65476,0,300,0,1,8,20529,65476,0,0,40632,65.0,0.0,0.0,0.0,0.0,0.0
2026-09-04T20:54:00,ERR,ERR,ERR,ERR,ERR,ERR,ERR,ERR,ERR,ERR,ERR,ERR,ERR,ERR,ERR,ERR,ERR,ERR,ERR,ERR,ERR,ERR,ERR,ERR,ERR,ERR,ERR,ERR,ERR,ERR,ERR,ERR,ERR,ERR,ERR,ERR,ERR,ERR,ERR,ERR,ERR,ERR,ERR,ERR,ERR,ERR,ERR,ERR,ERR,ERR,ERR,ERR,ERR,ERR,ERR,ERR,ERR,ERR,ERR,ERR,ERR,ERR,ERR,ERR,ERR,ERR,ERR,ERR,ERR,ERR,ERR,ERR,ERR,ERR,ERR,ERR,ERR,ERR,ERR,ERR,ERR,ERR,ERR,ERR,ERR,ERR,ERR,ERR,ERR,ERR,ERR,ERR,ERR,ERR,ERR,ERR,ERR,ERR,ERR,ERR,ERR,ERR,ERR,ERR,ERR,ERR,ERR,ERR,ERR,ERR,ERR,ERR,ERR,ERR,ERR,ERR,ERR,ERR,ERR,ERR,ERR,ERR,ERR,ERR,ERR,0.0,0.0,0.0,0.0,0.0,1.3936040501711995e+18,7.805,0.0,0,0,4,0,7116,0.0,100,0.0,0.0,0.0,0.0,0.0,0,0,0,0,0.0,0,0,0,0,0,0,0,0,0,0,0,0,0,0,0,0,0,0,0,0,0,0,0,0,0,0,0,0,0,0,0,0,0,31,40,40,71,65476,0,300,0,0,8,21553,0.0,-107605600.0,0.0,0.0,0.0,0.0,0.0,0.0,0.0,0.0,0.0,0.0,0.0,0.0,0.0,0.0,0.0,0.0,0.0,0.0,0.0,0.0,-0.0,2.004,2.004,-0.0,0.0,0.0,0.0,0.0,6328.0,564148584841216.0,6924.0,0.0,0.0,0.0,0.0,0.0,0.0,0.0,0.0,69,-0.0,-0.0,0.0,0.0,0.0,0.0,0.0,0.0,0.0,0,0,0,0.0,0.0,0.0,0.0,0.0,0.0,0.0,0.0,0.0,0.0,0.0,0.0,0.0,0.0,0.0,0.0,0,-107875648.0,69,0.0,138,0.0,-0.0,0,13107,17040,0,17049,0,17043,0,0,0,70,68,100,2.7302359370752657e+23,71.1,0.0,74.2,2.7302370179391762e+23,74.0,1,49,50,180,0,52429,0,0,0.0,0.0,0.0,0.0,-0.0,67.0,0.0,162057.094,0.0,750,0,739,0,0,0,721,0,765,0,735,0,742,0,741,0,712,0,7520,0.032,79456894976.0,0.0,0.0,784,16797,-0.0,162057.094,-114818.039,-0.0,0.133,6.909358625270745e+28,30.0,65.0,35,0.0,0.0,0.0,0.0,0.0,0.0,0.0,0.0,0.0,0.0,0.0,0.0,0.0,0.0,0.0,0.0,69.2,0,150,71,54,65476,0,300,0,1,8,20529,65476,0,0,40632,65.0,0.0,0.0,0.0,0.0,0.0
2026-09-04T20:54:01,ERR,ERR,ERR,ERR,ERR,ERR,ERR,ERR,ERR,ERR,ERR,ERR,ERR,ERR,ERR,ERR,ERR,ERR,ERR,ERR,ERR,ERR,ERR,ERR,ERR,ERR,ERR,ERR,ERR,ERR,ERR,ERR,ERR,ERR,ERR,ERR,ERR,ERR,ERR,ERR,ERR,ERR,ERR,ERR,ERR,ERR,ERR,ERR,ERR,ERR,ERR,ERR,ERR,ERR,ERR,ERR,ERR,ERR,ERR,ERR,ERR,ERR,ERR,ERR,ERR,ERR,ERR,ERR,ERR,ERR,ERR,ERR,ERR,ERR,ERR,ERR,ERR,ERR,ERR,ERR,ERR,ERR,ERR,ERR,ERR,ERR,ERR,ERR,ERR,ERR,ERR,ERR,ERR,ERR,ERR,ERR,ERR,ERR,ERR,ERR,ERR,ERR,ERR,ERR,ERR,ERR,ERR,ERR,ERR,ERR,ERR,ERR,ERR,ERR,ERR,ERR,ERR,ERR,ERR,ERR,ERR,ERR,ERR,ERR,ERR,0.0,0.0,0.0,0.0,0.0,1.3936040501711995e+18,7.805,0.0,0,0,4,0,7116,0.0,100,0.0,0.0,0.0,0.0,0.0,0,0,0,0,0.0,0,0,0,0,0,0,0,0,0,0,0,0,0,0,0,0,0,0,0,0,0,0,0,0,0,0,0,0,0,0,0,0,0,31,40,40,71,65476,0,300,0,0,8,21553,0.0,-107605600.0,0.0,0.0,0.0,0.0,0.0,0.0,0.0,0.0,0.0,0.0,0.0,0.0,0.0,0.0,0.0,0.0,0.0,0.0,0.0,0.0,-0.0,2.004,2.004,-0.0,0.0,0.0,0.0,0.0,6328.0,564148584841216.0,6924.0,0.0,0.0,0.0,0.0,0.0,0.0,0.0,0.0,69,-0.0,-0.0,0.0,0.0,0.0,0.0,0.0,0.0,0.0,0,0,0,0.0,0.0,0.0,0.0,0.0,0.0,0.0,0.0,0.0,0.0,0.0,0.0,0.0,0.0,0.0,0.0,0,-107875648.0,69,0.0,138,0.0,-0.0,0,13107,17040,0,17049,0,17043,0,0,0,70,68,100,2.7302359370752657e+23,71.1,0.0,74.2,2.7302370179391762e+23,74.0,1,49,50,180,0,52429,0,0,0.0,0.0,0.0,0.0,-0.0,67.0,0.0,162057.094,0.0,750,0,739,0,0,0,721,0,765,0,735,0,742,0,741,0,712,0,7520,0.032,79456894976.0,0.0,0.0,784,16797,-0.0,162057.094,-114818.039,-0.0,0.133,6.909358625270745e+28,30.0,65.0,35,0.0,0.0,0.0,0.0,0.0,0.0,0.0,0.0,0.0,0.0,0.0,0.0,0.0,0.0,0.0,0.0,69.2,0,150,71,54,65476,0,300,0,1,8,20529,65476,0,0,40632,65.0,0.0,0.0,0.0,0.0,0.0
2026-09-04T20:54:02,ERR,ERR,ERR,ERR,ERR,ERR,ERR,ERR,ERR,ERR,ERR,ERR,ERR,ERR,ERR,ERR,ERR,ERR,ERR,ERR,ERR,ERR,ERR,ERR,ERR,ERR,ERR,ERR,ERR,ERR,ERR,ERR,ERR,ERR,ERR,ERR,ERR,ERR,ERR,ERR,ERR,ERR,ERR,ERR,ERR,ERR,ERR,ERR,ERR,ERR,ERR,ERR,ERR,ERR,ERR,ERR,ERR,ERR,ERR,ERR,ERR,ERR,ERR,ERR,ERR,ERR,ERR,ERR,ERR,ERR,ERR,ERR,ERR,ERR,ERR,ERR,ERR,ERR,ERR,ERR,ERR,ERR,ERR,ERR,ERR,ERR,ERR,ERR,ERR,ERR,ERR,ERR,ERR,ERR,ERR,ERR,ERR,ERR,ERR,ERR,ERR,ERR,ERR,ERR,ERR,ERR,ERR,ERR,ERR,ERR,ERR,ERR,ERR,ERR,ERR,ERR,ERR,ERR,ERR,ERR,ERR,ERR,ERR,ERR,ERR,0.0,0.0,0.0,0.0,0.0,1.3936040501711995e+18,7.805,0.0,0,0,4,0,7116,0.0,100,0.0,0.0,0.0,0.0,0.0,0,0,0,0,0.0,0,0,0,0,0,0,0,0,0,0,0,0,0,0,0,0,0,0,0,0,0,0,0,0,0,0,0,0,0,0,0,0,0,31,40,40,71,65476,0,300,0,0,8,21553,0.0,-107605600.0,0.0,0.0,0.0,0.0,0.0,0.0,0.0,0.0,0.0,0.0,0.0,0.0,0.0,0.0,0.0,0.0,0.0,0.0,0.0,0.0,-0.0,2.004,2.004,-0.0,0.0,0.0,0.0,0.0,6330.0,1.0406704564111331e+34,6927.0,0.0,0.0,0.0,0.0,0.0,0.0,0.0,0.0,69,-0.0,-71.63,0.0,0.0,0.0,0.0,0.0,0.0,0.0,0,0,0,0.0,0.0,0.0,0.0,0.0,0.0,0.0,0.0,0.0,0.0,0.0,0.0,0.0,0.0,0.0,0.0,0,-107875648.0,69,0.0,138,0.0,-0.0,0,13107,17040,0,17049,0,17043,0,0,0,70,68,100,2.7302359370752657e+23,71.1,0.0,74.2,2.7302370179391762e+23,74.0,1,49,50,180,0,52429,0,0,0.0,0.0,0.0,0.0,-0.0,67.0,0.0,162057.094,0.0,750,0,739,0,0,0,721,0,765,0,735,0,742,0,741,0,712,0,7520,0.032,79456894976.0,0.0,0.0,784,16797,-0.0,162057.094,-114818.039,-0.0,0.133,6.909358625270745e+28,30.0,65.0,35,0.0,0.0,0.0,0.0,0.0,0.0,0.0,0.0,0.0,0.0,0.0,0.0,0.0,0.0,0.0,0.0,69.2,0,150,71,54,65476,0,300,0,1,8,20529,65476,0,0,40632,65.0,0.0,0.0,0.0,0.0,0.0
2026-09-04T20:54:03,ERR,ERR,ERR,ERR,ERR,ERR,ERR,ERR,ERR,ERR,ERR,ERR,ERR,ERR,ERR,ERR,ERR,ERR,ERR,ERR,ERR,ERR,ERR,ERR,ERR,ERR,ERR,ERR,ERR,ERR,ERR,ERR,ERR,ERR,ERR,ERR,ERR,ERR,ERR,ERR,ERR,ERR,ERR,ERR,ERR,ERR,ERR,ERR,ERR,ERR,ERR,ERR,ERR,ERR,ERR,ERR,ERR,ERR,ERR,ERR,ERR,ERR,ERR,ERR,ERR,ERR,ERR,ERR,ERR,ERR,ERR,ERR,ERR,ERR,ERR,ERR,ERR,ERR,ERR,ERR,ERR,ERR,ERR,ERR,ERR,ERR,ERR,ERR,ERR,ERR,ERR,ERR,ERR,ERR,ERR,ERR,ERR,ERR,ERR,ERR,ERR,ERR,ERR,ERR,ERR,ERR,ERR,ERR,ERR,ERR,ERR,ERR,ERR,ERR,ERR,ERR,ERR,ERR,ERR,ERR,ERR,ERR,ERR,ERR,ERR,0.0,0.0,0.0,0.0,0.0,1.3936040501711995e+18,7.805,0.0,0,0,4,0,7116,0.0,100,0.0,0.0,0.0,0.0,0.0,0,0,0,0,0.0,0,0,0,0,0,0,0,0,0,0,0,0,0,0,0,0,0,0,0,0,0,0,0,0,0,0,0,0,0,0,0,0,0,31,40,40,71,65476,0,300,0,0,8,21553,0.0,-107605600.0,0.0,0.0,0.0,0.0,0.0,0.0,0.0,0.0,0.0,0.0,0.0,0.0,0.0,0.0,0.0,0.0,0.0,0.0,0.0,0.0,-0.0,2.004,2.004,-0.0,0.0,0.0,0.0,0.0,6330.0,1.0406704564111331e+34,6927.0,0.0,0.0,0.0,0.0,0.0,0.0,0.0,0.0,69,-0.0,-71.63,0.0,0.0,0.0,0.0,0.0,0.0,0.0,0,0,0,0.0,0.0,0.0,0.0,0.0,0.0,0.0,0.0,0.0,0.0,0.0,0.0,0.0,0.0,0.0,0.0,0,-107875648.0,69,0.0,138,0.0,-0.0,0,13107,17040,13107,17049,0,17043,0,0,0,70,68,100,2.7302359370752657e+23,71.1,0.0,74.2,2.7302370179391762e+23,74.0,1,49,50,180,0,52429,0,0,0.0,0.0,0.0,0.0,-0.0,67.0,0.0,162057.094,0.0,750,0,739,0,0,0,721,0,765,0,735,0,742,0,741,0,712,0,7520,0.032,78920024064.0,0.0,0.0,784,16797,-0.0,162057.094,-114818.039,-0.0,0.133,6.909358625270745e+28,30.0,65.0,35,0.0,0.0,0.0,0.0,0.0,0.0,0.0,0.0,0.0,0.0,0.0,0.0,0.0,0.0,0.0,0.0,69.2,0,150,71,54,65476,0,300,0,1,8,20529,65476,0,0,40632,65.0,0.0,0.0,0.0,0.0,0.0
2026-09-04T20:54:04,ERR,ERR,ERR,ERR,ERR,ERR,ERR,ERR,ERR,ERR,ERR,ERR,ERR,ERR,ERR,ERR,ERR,ERR,ERR,ERR,ERR,ERR,ERR,ERR,ERR,ERR,ERR,ERR,ERR,ERR,ERR,ERR,ERR,ERR,ERR,ERR,ERR,ERR,ERR,ERR,ERR,ERR,ERR,ERR,ERR,ERR,ERR,ERR,ERR,ERR,ERR,ERR,ERR,ERR,ERR,ERR,ERR,ERR,ERR,ERR,ERR,ERR,ERR,ERR,ERR,ERR,ERR,ERR,ERR,ERR,ERR,ERR,ERR,ERR,ERR,ERR,ERR,ERR,ERR,ERR,ERR,ERR,ERR,ERR,ERR,ERR,ERR,ERR,ERR,ERR,ERR,ERR,ERR,ERR,ERR,ERR,ERR,ERR,ERR,ERR,ERR,ERR,ERR,ERR,ERR,ERR,ERR,ERR,ERR,ERR,ERR,ERR,ERR,ERR,ERR,ERR,ERR,ERR,ERR,ERR,ERR,ERR,ERR,ERR,ERR,0.0,0.0,0.0,0.0,0.0,1.3936040501711995e+18,7.805,0.0,0,0,4,0,7116,0.0,100,0.0,0.0,0.0,0.0,0.0,0,0,0,0,0.0,0,0,0,0,0,0,0,0,0,0,0,0,0,0,0,0,0,0,0,0,0,0,0,0,0,0,0,0,0,0,0,0,0,31,40,40,71,65476,0,300,0,0,8,21553,0.0,-107605600.0,0.0,0.0,0.0,0.0,0.0,0.0,0.0,0.0,0.0,0.0,0.0,0.0,0.0,0.0,0.0,0.0,0.0,0.0,0.0,0.0,-0.0,2.004,2.004,-0.0,0.0,0.0,0.0,0.0,6330.0,1.0406704564111331e+34,6927.0,0.0,0.0,0.0,0.0,0.0,0.0,0.0,0.0,69,-0.0,-71.63,0.0,0.0,0.0,0.0,0.0,0.0,0.0,0,0,0,0.0,0.0,0.0,0.0,0.0,0.0,0.0,0.0,0.0,0.0,0.0,0.0,0.0,0.0,0.0,0.0,0,-107875648.0,69,0.0,138,0.0,-0.0,0,13107,17040,13107,17049,0,17043,0,0,0,70,68,100,2.7302359370752657e+23,71.1,0.0,74.2,2.7302370179391762e+23,74.0,1,49,50,180,0,52429,0,0,0.0,0.0,0.0,0.0,-0.0,67.0,0.0,162057.094,0.0,750,0,739,0,0,0,721,0,765,0,735,0,742,0,741,0,712,0,7520,0.032,78920024064.0,0.0,0.0,784,16797,-0.0,162057.094,-114818.039,-0.0,0.133,6.909358625270745e+28,30.0,65.0,35,0.0,0.0,0.0,0.0,0.0,0.0,0.0,0.0,0.0,0.0,0.0,0.0,0.0,0.0,0.0,0.0,69.2,0,150,71,54,65476,0,300,0,1,8,20529,65476,0,0,40632,65.0,0.0,0.0,0.0,0.0,0.0
2026-09-04T20:54:05,ERR,ERR,ERR,ERR,ERR,ERR,ERR,ERR,ERR,ERR,ERR,ERR,ERR,ERR,ERR,ERR,ERR,ERR,ERR,ERR,ERR,ERR,ERR,ERR,ERR,ERR,ERR,ERR,ERR,ERR,ERR,ERR,ERR,ERR,ERR,ERR,ERR,ERR,ERR,ERR,ERR,ERR,ERR,ERR,ERR,ERR,ERR,ERR,ERR,ERR,ERR,ERR,ERR,ERR,ERR,ERR,ERR,ERR,ERR,ERR,ERR,ERR,ERR,ERR,ERR,ERR,ERR,ERR,ERR,ERR,ERR,ERR,ERR,ERR,ERR,ERR,ERR,ERR,ERR,ERR,ERR,ERR,ERR,ERR,ERR,ERR,ERR,ERR,ERR,ERR,ERR,ERR,ERR,ERR,ERR,ERR,ERR,ERR,ERR,ERR,ERR,ERR,ERR,ERR,ERR,ERR,ERR,ERR,ERR,ERR,ERR,ERR,ERR,ERR,ERR,ERR,ERR,ERR,ERR,ERR,ERR,ERR,ERR,ERR,ERR,0.0,0.0,0.0,0.0,0.0,1.3936040501711995e+18,7.805,0.0,0,0,4,0,7116,0.0,100,0.0,0.0,0.0,0.0,0.0,0,0,0,0,0.0,0,0,0,0,0,0,0,0,0,0,0,0,0,0,0,0,0,0,0,0,0,0,0,0,0,0,0,0,0,0,0,0,0,31,40,40,71,65476,0,300,0,0,8,21553,0.0,-107605600.0,0.0,0.0,0.0,0.0,0.0,0.0,0.0,0.0,0.0,0.0,0.0,0.0,0.0,0.0,0.0,0.0,0.0,0.0,0.0,0.0,-0.0,2.004,2.004,-0.0,0.0,0.0,0.0,0.0,6330.0,1.0406704564111331e+34,6927.0,0.0,0.0,0.0,0.0,0.0,0.0,0.0,0.0,69,-0.0,-71.63,0.0,0.0,0.0,0.0,0.0,0.0,0.0,0,0,0,0.0,0.0,0.0,0.0,0.0,0.0,0.0,0.0,0.0,0.0,0.0,0.0,0.0,0.0,0.0,0.0,0,-107875648.0,69,0.0,138,0.0,-0.0,0,13107,17040,13107,17049,0,17043,0,0,0,70,68,100,2.7302359370752657e+23,71.1,0.0,74.2,2.7302370179391762e+23,74.0,1,49,50,180,0,52429,0,0,0.0,0.0,0.0,0.0,-0.0,67.0,0.0,162057.094,0.0,750,0,739,0,0,0,721,0,765,0,735,0,742,0,741,0,712,0,7520,0.032,78920024064.0,0.0,0.0,784,16797,-0.0,162057.094,-114818.039,-0.0,0.133,6.909358625270745e+28,30.0,65.0,35,0.0,0.0,0.0,0.0,0.0,0.0,0.0,0.0,0.0,0.0,0.0,0.0,0.0,0.0,0.0,0.0,69.6,0,150,71,54,65476,0,300,0,1,8,20529,65476,0,0,40632,65.0,0.0,0.0,0.0,0.0,0.0
2026-09-04T20:54:06,ERR,ERR,ERR,ERR,ERR,ERR,ERR,ERR,ERR,ERR,ERR,ERR,ERR,ERR,ERR,ERR,ERR,ERR,ERR,ERR,ERR,ERR,ERR,ERR,ERR,ERR,ERR,ERR,ERR,ERR,ERR,ERR,ERR,ERR,ERR,ERR,ERR,ERR,ERR,ERR,ERR,ERR,ERR,ERR,ERR,ERR,ERR,ERR,ERR,ERR,ERR,ERR,ERR,ERR,ERR,ERR,ERR,ERR,ERR,ERR,ERR,ERR,ERR,ERR,ERR,ERR,ERR,ERR,ERR,ERR,ERR,ERR,ERR,ERR,ERR,ERR,ERR,ERR,ERR,ERR,ERR,ERR,ERR,ERR,ERR,ERR,ERR,ERR,ERR,ERR,ERR,ERR,ERR,ERR,ERR,ERR,ERR,ERR,ERR,ERR,ERR,ERR,ERR,ERR,ERR,ERR,ERR,ERR,ERR,ERR,ERR,ERR,ERR,ERR,ERR,ERR,ERR,ERR,ERR,ERR,ERR,ERR,ERR,ERR,ERR,0.0,0.0,0.0,0.0,0.0,1.3936040501711995e+18,7.805,0.0,0,0,4,0,7116,0.0,100,0.0,0.0,0.0,0.0,0.0,0,0,0,0,0.0,0,0,0,0,0,0,0,0,0,0,0,0,0,0,0,0,0,0,0,0,0,0,0,0,0,0,0,0,0,0,0,0,0,31,40,40,71,65476,0,300,0,0,8,21553,0.0,-107605600.0,0.0,0.0,0.0,0.0,0.0,0.0,0.0,0.0,0.0,0.0,0.0,0.0,0.0,0.0,0.0,0.0,0.0,0.0,0.0,0.0,-0.0,2.004,2.004,-0.0,0.0,0.0,0.0,0.0,6330.0,1.0406704564111331e+34,6927.0,0.0,0.0,0.0,0.0,0.0,0.0,0.0,0.0,69,-0.0,-71.63,0.0,0.0,0.0,0.0,0.0,0.0,0.0,0,0,0,0.0,0.0,0.0,0.0,0.0,0.0,0.0,0.0,0.0,0.0,0.0,0.0,0.0,0.0,0.0,0.0,0,-107875648.0,69,0.0,138,0.0,-0.0,0,13107,17040,13107,17049,0,17043,0,0,0,70,68,100,2.7302359370752657e+23,71.1,0.0,74.2,2.7302370179391762e+23,74.0,1,49,50,180,0,52429,0,0,0.0,0.0,0.0,0.0,-0.0,67.0,0.0,162057.094,0.0,750,0,739,0,0,0,721,0,765,0,735,0,742,0,741,0,712,0,7520,0.032,78920024064.0,0.0,0.0,784,16797,-0.0,162057.094,-114818.039,-0.0,0.133,6.909358625270745e+28,30.0,65.0,35,0.0,0.0,0.0,0.0,0.0,0.0,0.0,0.0,0.0,0.0,0.0,0.0,0.0,0.0,0.0,0.0,69.6,0,150,71,54,65476,0,300,0,1,8,20529,65476,0,0,40632,65.0,0.0,0.0,0.0,0.0,0.0
2026-09-04T20:54:07,ERR,ERR,ERR,ERR,ERR,ERR,ERR,ERR,ERR,ERR,ERR,ERR,ERR,ERR,ERR,ERR,ERR,ERR,ERR,ERR,ERR,ERR,ERR,ERR,ERR,ERR,ERR,ERR,ERR,ERR,ERR,ERR,ERR,ERR,ERR,ERR,ERR,ERR,ERR,ERR,ERR,ERR,ERR,ERR,ERR,ERR,ERR,ERR,ERR,ERR,ERR,ERR,ERR,ERR,ERR,ERR,ERR,ERR,ERR,ERR,ERR,ERR,ERR,ERR,ERR,ERR,ERR,ERR,ERR,ERR,ERR,ERR,ERR,ERR,ERR,ERR,ERR,ERR,ERR,ERR,ERR,ERR,ERR,ERR,ERR,ERR,ERR,ERR,ERR,ERR,ERR,ERR,ERR,ERR,ERR,ERR,ERR,ERR,ERR,ERR,ERR,ERR,ERR,ERR,ERR,ERR,ERR,ERR,ERR,ERR,ERR,ERR,ERR,ERR,ERR,ERR,ERR,ERR,ERR,ERR,ERR,ERR,ERR,ERR,ERR,0.0,0.0,0.0,0.0,0.0,1.3936040501711995e+18,7.805,0.0,0,0,4,0,7116,0.0,100,0.0,0.0,0.0,0.0,0.0,0,0,0,0,0.0,0,0,0,0,0,0,0,0,0,0,0,0,0,0,0,0,0,0,0,0,0,0,0,0,0,0,0,0,0,0,0,0,0,31,40,40,71,65476,0,300,0,0,8,21553,0.0,-107605600.0,0.0,0.0,0.0,0.0,0.0,0.0,0.0,0.0,0.0,0.0,0.0,0.0,0.0,0.0,0.0,0.0,0.0,0.0,0.0,0.0,-0.0,2.004,2.004,-0.0,0.0,0.0,0.0,0.0,6330.0,1.0406704564111331e+34,6927.0,0.0,0.0,0.0,0.0,0.0,0.0,0.0,0.0,69,-0.0,-71.63,0.0,0.0,0.0,0.0,0.0,0.0,0.0,0,0,0,0.0,0.0,0.0,0.0,0.0,0.0,0.0,0.0,0.0,0.0,0.0,0.0,0.0,0.0,0.0,0.0,0,-107875648.0,69,0.0,138,0.0,-0.0,0,13107,17040,13107,17049,0,17043,0,0,0,70,68,100,2.7302359370752657e+23,71.1,0.0,74.2,2.7302370179391762e+23,74.0,1,49,50,180,0,52429,0,0,0.0,0.0,0.0,0.0,-0.0,67.0,0.0,162057.094,0.0,750,0,739,0,0,0,721,0,765,0,735,0,742,0,741,0,712,0,7520,0.032,78920024064.0,0.0,0.0,784,16797,-0.0,162057.094,-114818.039,-0.0,0.133,6.909358625270745e+28,30.0,65.0,35,0.0,0.0,0.0,0.0,0.0,0.0,0.0,0.0,0.0,0.0,0.0,0.0,0.0,0.0,0.0,0.0,69.6,0,150,71,54,65476,0,300,0,1,8,20529,65476,0,0,40632,65.0,0.0,0.0,0.0,0.0,0.0
2026-09-04T20:54:08,ERR,ERR,ERR,ERR,ERR,ERR,ERR,ERR,ERR,ERR,ERR,ERR,ERR,ERR,ERR,ERR,ERR,ERR,ERR,ERR,ERR,ERR,ERR,ERR,ERR,ERR,ERR,ERR,ERR,ERR,ERR,ERR,ERR,ERR,ERR,ERR,ERR,ERR,ERR,ERR,ERR,ERR,ERR,ERR,ERR,ERR,ERR,ERR,ERR,ERR,ERR,ERR,ERR,ERR,ERR,ERR,ERR,ERR,ERR,ERR,ERR,ERR,ERR,ERR,ERR,ERR,ERR,ERR,ERR,ERR,ERR,ERR,ERR,ERR,ERR,ERR,ERR,ERR,ERR,ERR,ERR,ERR,ERR,ERR,ERR,ERR,ERR,ERR,ERR,ERR,ERR,ERR,ERR,ERR,ERR,ERR,ERR,ERR,ERR,ERR,ERR,ERR,ERR,ERR,ERR,ERR,ERR,ERR,ERR,ERR,ERR,ERR,ERR,ERR,ERR,ERR,ERR,ERR,ERR,ERR,ERR,ERR,ERR,ERR,ERR,0.0,0.0,0.0,0.0,0.0,1.3936040501711995e+18,7.805,0.0,0,0,4,0,7116,0.0,100,0.0,0.0,0.0,0.0,0.0,0,0,0,0,0.0,0,0,0,0,0,0,0,0,0,0,0,0,0,0,0,0,0,0,0,0,0,0,0,0,0,0,0,0,0,0,0,0,0,31,40,40,71,65476,0,300,0,0,8,21553,0.0,-107605600.0,0.0,0.0,0.0,0.0,0.0,0.0,0.0,0.0,0.0,0.0,0.0,0.0,0.0,0.0,0.0,0.0,0.0,0.0,0.0,0.0,-0.0,2.004,2.004,-0.0,0.0,0.0,0.0,0.0,6330.0,1.0406704564111331e+34,6927.0,0.0,0.0,0.0,0.0,0.0,0.0,0.0,0.0,69,-0.0,-71.63,0.0,0.0,0.0,0.0,0.0,0.0,0.0,0,0,0,0.0,0.0,0.0,0.0,0.0,0.0,0.0,0.0,0.0,0.0,0.0,0.0,0.0,0.0,0.0,0.0,0,-107875648.0,69,0.0,138,0.0,-0.0,0,13107,17040,13107,17049,0,17043,0,0,0,70,68,100,2.7302359370752657e+23,71.1,0.0,74.2,2.7302370179391762e+23,74.0,1,49,50,180,0,52429,0,0,0.0,0.0,0.0,0.0,-0.0,67.0,0.0,162057.094,0.0,750,0,739,0,0,0,721,0,765,0,735,0,742,0,741,0,712,0,7520,0.032,78920024064.0,0.0,0.0,784,16797,-0.0,162057.094,-114818.039,-0.0,0.133,6.909358625270745e+28,30.0,65.0,35,0.0,0.0,0.0,0.0,0.0,0.0,0.0,0.0,0.0,0.0,0.0,0.0,0.0,0.0,0.0,0.0,69.6,0,150,71,54,65476,0,300,0,1,8,20529,65476,0,0,40632,65.0,0.0,0.0,0.0,0.0,0.0
2026-09-04T20:54:09,ERR,ERR,ERR,ERR,ERR,ERR,ERR,ERR,ERR,ERR,ERR,ERR,ERR,ERR,ERR,ERR,ERR,ERR,ERR,ERR,ERR,ERR,ERR,ERR,ERR,ERR,ERR,ERR,ERR,ERR,ERR,ERR,ERR,ERR,ERR,ERR,ERR,ERR,ERR,ERR,ERR,ERR,ERR,ERR,ERR,ERR,ERR,ERR,ERR,ERR,ERR,ERR,ERR,ERR,ERR,ERR,ERR,ERR,ERR,ERR,ERR,ERR,ERR,ERR,ERR,ERR,ERR,ERR,ERR,ERR,ERR,ERR,ERR,ERR,ERR,ERR,ERR,ERR,ERR,ERR,ERR,ERR,ERR,ERR,ERR,ERR,ERR,ERR,ERR,ERR,ERR,ERR,ERR,ERR,ERR,ERR,ERR,ERR,ERR,ERR,ERR,ERR,ERR,ERR,ERR,ERR,ERR,ERR,ERR,ERR,ERR,ERR,ERR,ERR,ERR,ERR,ERR,ERR,ERR,ERR,ERR,ERR,ERR,ERR,ERR,0.0,0.0,0.0,0.0,0.0,1.3936040501711995e+18,7.805,0.0,0,0,4,0,7116,0.0,100,0.0,0.0,0.0,0.0,0.0,0,0,0,0,0.0,0,0,0,0,0,0,0,0,0,0,0,0,0,0,0,0,0,0,0,0,0,0,0,0,0,0,0,0,0,0,0,0,0,31,40,40,71,65476,0,300,0,0,8,21553,0.0,-107605600.0,0.0,0.0,0.0,0.0,0.0,0.0,0.0,0.0,0.0,0.0,0.0,0.0,0.0,0.0,0.0,0.0,0.0,0.0,0.0,0.0,-0.0,2.004,2.004,-0.0,0.0,0.0,0.0,0.0,6328.0,3.697204165615393e+19,6924.0,0.0,0.0,0.0,0.0,0.0,0.0,0.0,0.0,69,-0.0,-0.0,0.0,0.0,0.0,0.0,0.0,0.0,0.0,0,0,0,0.0,0.0,0.0,0.0,0.0,0.0,0.0,0.0,0.0,0.0,0.0,0.0,0.0,0.0,0.0,0.0,0,-107875648.0,69,0.0,138,0.0,-0.0,0,13107,17040,0,17049,0,17043,0,0,0,70,68,100,2.7302359370752657e+23,71.1,0.0,74.2,2.7302370179391762e+23,74.0,1,49,50,180,0,52429,0,0,0.0,0.0,0.0,0.0,-0.0,67.0,0.0,162057.094,0.0,750,0,739,0,0,0,721,0,765,0,735,0,742,0,741,0,712,0,7520,0.032,79456894976.0,0.0,0.0,784,16797,-0.0,162057.094,-114818.039,-0.0,0.133,6.909358625270745e+28,30.0,65.0,35,0.0,0.0,0.0,0.0,0.0,0.0,0.0,0.0,0.0,0.0,0.0,0.0,0.0,0.0,0.0,0.0,69.6,0,150,71,54,65476,0,300,0,1,8,20529,65476,0,0,40632,65.0,0.0,0.0,0.0,0.0,0.0
2026-09-04T20:54:10,ERR,ERR,ERR,ERR,ERR,ERR,ERR,ERR,ERR,ERR,ERR,ERR,ERR,ERR,ERR,ERR,ERR,ERR,ERR,ERR,ERR,ERR,ERR,ERR,ERR,ERR,ERR,ERR,ERR,ERR,ERR,ERR,ERR,ERR,ERR,ERR,ERR,ERR,ERR,ERR,ERR,ERR,ERR,ERR,ERR,ERR,ERR,ERR,ERR,ERR,ERR,ERR,ERR,ERR,ERR,ERR,ERR,ERR,ERR,ERR,ERR,ERR,ERR,ERR,ERR,ERR,ERR,ERR,ERR,ERR,ERR,ERR,ERR,ERR,ERR,ERR,ERR,ERR,ERR,ERR,ERR,ERR,ERR,ERR,ERR,ERR,ERR,ERR,ERR,ERR,ERR,ERR,ERR,ERR,ERR,ERR,ERR,ERR,ERR,ERR,ERR,ERR,ERR,ERR,ERR,ERR,ERR,ERR,ERR,ERR,ERR,ERR,ERR,ERR,ERR,ERR,ERR,ERR,ERR,ERR,ERR,ERR,ERR,ERR,ERR,0.0,0.0,0.0,0.0,0.0,1.3936040501711995e+18,7.805,0.0,0,0,4,0,7116,0.0,100,0.0,0.0,0.0,0.0,0.0,0,0,0,0,0.0,0,0,0,0,0,0,0,0,0,0,0,0,0,0,0,0,0,0,0,0,0,0,0,0,0,0,0,0,0,0,0,0,0,31,40,40,71,65476,0,300,0,0,8,21553,0.0,-107605600.0,0.0,0.0,0.0,0.0,0.0,0.0,0.0,0.0,0.0,0.0,0.0,0.0,0.0,0.0,0.0,0.0,0.0,0.0,0.0,0.0,-0.0,2.004,2.004,-0.0,0.0,0.0,0.0,0.0,6328.0,3.697204165615393e+19,6924.0,0.0,0.0,0.0,0.0,0.0,0.0,0.0,0.0,69,-0.0,-0.0,0.0,0.0,0.0,0.0,0.0,0.0,0.0,0,0,0,0.0,0.0,0.0,0.0,0.0,0.0,0.0,0.0,0.0,0.0,0.0,0.0,0.0,0.0,0.0,0.0,0,-107875648.0,69,0.0,138,0.0,-0.0,0,13107,17040,0,17049,0,17043,0,0,0,70,68,100,2.7302359370752657e+23,71.1,0.0,74.2,2.7302370179391762e+23,74.0,1,49,50,180,0,52429,0,0,0.0,0.0,0.0,0.0,-0.0,67.0,0.0,162057.094,0.0,750,0,739,0,0,0,721,0,765,0,735,0,742,0,741,0,712,0,7520,0.032,79456894976.0,0.0,0.0,784,16797,-0.0,162057.094,-114818.039,-0.0,0.133,6.909358625270745e+28,30.0,65.0,35,0.0,0.0,0.0,0.0,0.0,0.0,0.0,0.0,0.0,0.0,0.0,0.0,0.0,0.0,0.0,0.0,69.2,0,150,71,54,65476,0,300,0,1,8,20529,65476,0,0,40632,65.0,0.0,0.0,0.0,0.0,0.0
2026-09-04T20:54:11,ERR,ERR,ERR,ERR,ERR,ERR,ERR,ERR,ERR,ERR,ERR,ERR,ERR,ERR,ERR,ERR,ERR,ERR,ERR,ERR,ERR,ERR,ERR,ERR,ERR,ERR,ERR,ERR,ERR,ERR,ERR,ERR,ERR,ERR,ERR,ERR,ERR,ERR,ERR,ERR,ERR,ERR,ERR,ERR,ERR,ERR,ERR,ERR,ERR,ERR,ERR,ERR,ERR,ERR,ERR,ERR,ERR,ERR,ERR,ERR,ERR,ERR,ERR,ERR,ERR,ERR,ERR,ERR,ERR,ERR,ERR,ERR,ERR,ERR,ERR,ERR,ERR,ERR,ERR,ERR,ERR,ERR,ERR,ERR,ERR,ERR,ERR,ERR,ERR,ERR,ERR,ERR,ERR,ERR,ERR,ERR,ERR,ERR,ERR,ERR,ERR,ERR,ERR,ERR,ERR,ERR,ERR,ERR,ERR,ERR,ERR,ERR,ERR,ERR,ERR,ERR,ERR,ERR,ERR,ERR,ERR,ERR,ERR,ERR,ERR,0.0,0.0,0.0,0.0,0.0,1.3936040501711995e+18,7.805,0.0,0,0,4,0,7116,0.0,100,0.0,0.0,0.0,0.0,0.0,0,0,0,0,0.0,0,0,0,0,0,0,0,0,0,0,0,0,0,0,0,0,0,0,0,0,0,0,0,0,0,0,0,0,0,0,0,0,0,31,40,40,71,65476,0,300,0,0,8,21553,0.0,-107605600.0,0.0,0.0,0.0,0.0,0.0,0.0,0.0,0.0,0.0,0.0,0.0,0.0,0.0,0.0,0.0,0.0,0.0,0.0,0.0,0.0,-0.0,2.004,2.004,-0.0,0.0,0.0,0.0,0.0,6328.0,3.697204165615393e+19,6924.0,0.0,0.0,0.0,0.0,0.0,0.0,0.0,0.0,69,-0.0,-0.0,0.0,0.0,0.0,0.0,0.0,0.0,0.0,0,0,0,0.0,0.0,0.0,0.0,0.0,0.0,0.0,0.0,0.0,0.0,0.0,0.0,0.0,0.0,0.0,0.0,0,-107875648.0,69,0.0,138,0.0,-0.0,0,13107,17040,0,17049,0,17043,0,0,0,70,68,100,2.7302359370752657e+23,71.1,0.0,74.2,2.7302370179391762e+23,74.0,1,49,50,180,0,52429,0,0,0.0,0.0,0.0,0.0,-0.0,67.0,0.0,162057.094,0.0,750,0,739,0,0,0,721,0,765,0,735,0,742,0,741,0,712,0,7520,0.032,79456894976.0,0.0,0.0,784,16797,-0.0,162057.094,-114818.039,-0.0,0.133,6.909358625270745e+28,30.0,65.0,35,0.0,0.0,0.0,0.0,0.0,0.0,0.0,0.0,0.0,0.0,0.0,0.0,0.0,0.0,0.0,0.0,69.2,0,150,71,54,65476,0,300,0,1,8,20529,65476,0,0,40632,65.0,0.0,0.0,0.0,0.0,0.0
2026-09-04T20:54:12,ERR,ERR,ERR,ERR,ERR,ERR,ERR,ERR,ERR,ERR,ERR,ERR,ERR,ERR,ERR,ERR,ERR,ERR,ERR,ERR,ERR,ERR,ERR,ERR,ERR,ERR,ERR,ERR,ERR,ERR,ERR,ERR,ERR,ERR,ERR,ERR,ERR,ERR,ERR,ERR,ERR,ERR,ERR,ERR,ERR,ERR,ERR,ERR,ERR,ERR,ERR,ERR,ERR,ERR,ERR,ERR,ERR,ERR,ERR,ERR,ERR,ERR,ERR,ERR,ERR,ERR,ERR,ERR,ERR,ERR,ERR,ERR,ERR,ERR,ERR,ERR,ERR,ERR,ERR,ERR,ERR,ERR,ERR,ERR,ERR,ERR,ERR,ERR,ERR,ERR,ERR,ERR,ERR,ERR,ERR,ERR,ERR,ERR,ERR,ERR,ERR,ERR,ERR,ERR,ERR,ERR,ERR,ERR,ERR,ERR,ERR,ERR,ERR,ERR,ERR,ERR,ERR,ERR,ERR,ERR,ERR,ERR,ERR,ERR,ERR,0.0,0.0,0.0,0.0,0.0,1.3936040501711995e+18,7.805,0.0,0,0,4,0,7116,0.0,100,0.0,0.0,0.0,0.0,0.0,0,0,0,0,0.0,0,0,0,0,0,0,0,0,0,0,0,0,0,0,0,0,0,0,0,0,0,0,0,0,0,0,0,0,0,0,0,0,0,31,40,40,71,65476,0,300,0,0,8,21553,0.0,-107605600.0,0.0,0.0,0.0,0.0,0.0,0.0,0.0,0.0,0.0,0.0,0.0,0.0,0.0,0.0,0.0,0.0,0.0,0.0,0.0,0.0,-0.0,2.004,2.004,-0.0,0.0,0.0,0.0,0.0,6328.0,3.697204165615393e+19,6924.0,0.0,0.0,0.0,0.0,0.0,0.0,0.0,0.0,69,-0.0,-0.0,0.0,0.0,0.0,0.0,0.0,0.0,0.0,0,0,0,0.0,0.0,0.0,0.0,0.0,0.0,0.0,0.0,0.0,0.0,0.0,0.0,0.0,0.0,0.0,0.0,0,-107875648.0,69,0.0,138,0.0,-0.0,0,13107,17040,0,17049,0,17043,0,0,0,70,68,100,2.7302359370752657e+23,71.1,0.0,74.2,2.7302370179391762e+23,74.0,1,49,50,180,0,52429,0,0,0.0,0.0,0.0,0.0,-0.0,67.0,0.0,162057.094,0.0,750,0,739,0,0,0,721,0,765,0,735,0,742,0,741,0,712,0,7520,0.032,79456894976.0,0.0,0.0,784,16797,-0.0,162057.094,-114818.039,-0.0,0.133,6.909358625270745e+28,30.0,65.0,35,0.0,0.0,0.0,0.0,0.0,0.0,0.0,0.0,0.0,0.0,0.0,0.0,0.0,0.0,0.0,0.0,69.2,0,150,71,54,65476,0,300,0,1,8,20529,65476,0,0,40632,65.0,0.0,0.0,0.0,0.0,0.0
2026-09-04T20:54:13,ERR,ERR,ERR,ERR,ERR,ERR,ERR,ERR,ERR,ERR,ERR,ERR,ERR,ERR,ERR,ERR,ERR,ERR,ERR,ERR,ERR,ERR,ERR,ERR,ERR,ERR,ERR,ERR,ERR,ERR,ERR,ERR,ERR,ERR,ERR,ERR,ERR,ERR,ERR,ERR,ERR,ERR,ERR,ERR,ERR,ERR,ERR,ERR,ERR,ERR,ERR,ERR,ERR,ERR,ERR,ERR,ERR,ERR,ERR,ERR,ERR,ERR,ERR,ERR,ERR,ERR,ERR,ERR,ERR,ERR,ERR,ERR,ERR,ERR,ERR,ERR,ERR,ERR,ERR,ERR,ERR,ERR,ERR,ERR,ERR,ERR,ERR,ERR,ERR,ERR,ERR,ERR,ERR,ERR,ERR,ERR,ERR,ERR,ERR,ERR,ERR,ERR,ERR,ERR,ERR,ERR,ERR,ERR,ERR,ERR,ERR,ERR,ERR,ERR,ERR,ERR,ERR,ERR,ERR,ERR,ERR,ERR,ERR,ERR,ERR,0.0,0.0,0.0,0.0,0.0,1.3936040501711995e+18,7.805,0.0,0,0,4,0,7116,0.0,100,0.0,0.0,0.0,0.0,0.0,0,0,0,0,0.0,0,0,0,0,0,0,0,0,0,0,0,0,0,0,0,0,0,0,0,0,0,0,0,0,0,0,0,0,0,0,0,0,0,31,40,40,71,65476,0,300,0,0,8,21553,0.0,-107605600.0,0.0,0.0,0.0,0.0,0.0,0.0,0.0,0.0,0.0,0.0,0.0,0.0,0.0,0.0,0.0,0.0,0.0,0.0,0.0,0.0,-0.0,2.004,2.004,-0.0,0.0,0.0,0.0,0.0,6328.0,3.697204165615393e+19,6924.0,0.0,0.0,0.0,0.0,0.0,0.0,0.0,0.0,69,-0.0,-0.0,0.0,0.0,0.0,0.0,0.0,0.0,0.0,0,0,0,0.0,0.0,0.0,0.0,0.0,0.0,0.0,0.0,0.0,0.0,0.0,0.0,0.0,0.0,0.0,0.0,0,-107875648.0,69,0.0,138,0.0,-0.0,0,13107,17040,0,17049,0,17043,0,0,0,70,68,100,2.7302359370752657e+23,71.1,0.0,74.2,2.7302370179391762e+23,74.0,1,49,50,180,0,52429,0,0,0.0,0.0,0.0,0.0,-0.0,67.0,0.0,162057.094,0.0,750,0,739,0,0,0,721,0,765,0,735,0,742,0,741,0,712,0,7520,0.032,79456894976.0,0.0,0.0,784,16797,-0.0,162057.094,-114818.039,-0.0,0.133,6.909358625270745e+28,30.0,65.0,35,0.0,0.0,0.0,0.0,0.0,0.0,0.0,0.0,0.0,0.0,0.0,0.0,0.0,0.0,0.0,0.0,69.2,0,150,71,54,65476,0,300,0,1,8,20529,65476,0,0,40632,65.0,0.0,0.0,0.0,0.0,0.0
2026-09-04T20:54:14,ERR,ERR,ERR,ERR,ERR,ERR,ERR,ERR,ERR,ERR,ERR,ERR,ERR,ERR,ERR,ERR,ERR,ERR,ERR,ERR,ERR,ERR,ERR,ERR,ERR,ERR,ERR,ERR,ERR,ERR,ERR,ERR,ERR,ERR,ERR,ERR,ERR,ERR,ERR,ERR,ERR,ERR,ERR,ERR,ERR,ERR,ERR,ERR,ERR,ERR,ERR,ERR,ERR,ERR,ERR,ERR,ERR,ERR,ERR,ERR,ERR,ERR,ERR,ERR,ERR,ERR,ERR,ERR,ERR,ERR,ERR,ERR,ERR,ERR,ERR,ERR,ERR,ERR,ERR,ERR,ERR,ERR,ERR,ERR,ERR,ERR,ERR,ERR,ERR,ERR,ERR,ERR,ERR,ERR,ERR,ERR,ERR,ERR,ERR,ERR,ERR,ERR,ERR,ERR,ERR,ERR,ERR,ERR,ERR,ERR,ERR,ERR,ERR,ERR,ERR,ERR,ERR,ERR,ERR,ERR,ERR,ERR,ERR,ERR,ERR,0.0,0.0,0.0,0.0,0.0,1.3936040501711995e+18,7.805,0.0,0,0,4,0,7116,0.0,100,0.0,0.0,0.0,0.0,0.0,0,0,0,0,0.0,0,0,0,0,0,0,0,0,0,0,0,0,0,0,0,0,0,0,0,0,0,0,0,0,0,0,0,0,0,0,0,0,0,31,40,40,71,65476,0,300,0,0,8,21553,0.0,-107605600.0,0.0,0.0,0.0,0.0,0.0,0.0,0.0,0.0,0.0,0.0,0.0,0.0,0.0,0.0,0.0,0.0,0.0,0.0,0.0,0.0,-0.0,2.004,2.004,-0.0,0.0,0.0,0.0,0.0,6328.0,3.697204165615393e+19,6924.0,0.0,0.0,0.0,0.0,0.0,0.0,0.0,0.0,69,-0.0,-0.0,0.0,0.0,0.0,0.0,0.0,0.0,0.0,0,0,0,0.0,0.0,0.0,0.0,0.0,0.0,0.0,0.0,0.0,0.0,0.0,0.0,0.0,0.0,0.0,0.0,0,-107875648.0,69,0.0,138,0.0,-0.0,0,13107,17040,0,17049,0,17043,0,0,0,70,68,100,2.7302359370752657e+23,71.1,0.0,74.2,2.7302370179391762e+23,74.0,1,49,50,180,0,52429,0,0,0.0,0.0,0.0,0.0,-0.0,67.0,0.0,162057.094,0.0,750,0,739,0,0,0,721,0,765,0,735,0,742,0,741,0,712,0,7520,0.032,79456894976.0,0.0,0.0,784,16797,-0.0,162057.094,-114818.039,-0.0,0.133,6.909358625270745e+28,30.0,65.0,35,0.0,0.0,0.0,0.0,0.0,0.0,0.0,0.0,0.0,0.0,0.0,0.0,0.0,0.0,0.0,0.0,69.2,0,150,71,54,65476,0,300,0,1,8,20529,65476,0,0,40632,65.0,0.0,0.0,0.0,0.0,0.0
2026-09-04T20:54:15,ERR,ERR,ERR,ERR,ERR,ERR,ERR,ERR,ERR,ERR,ERR,ERR,ERR,ERR,ERR,ERR,ERR,ERR,ERR,ERR,ERR,ERR,ERR,ERR,ERR,ERR,ERR,ERR,ERR,ERR,ERR,ERR,ERR,ERR,ERR,ERR,ERR,ERR,ERR,ERR,ERR,ERR,ERR,ERR,ERR,ERR,ERR,ERR,ERR,ERR,ERR,ERR,ERR,ERR,ERR,ERR,ERR,ERR,ERR,ERR,ERR,ERR,ERR,ERR,ERR,ERR,ERR,ERR,ERR,ERR,ERR,ERR,ERR,ERR,ERR,ERR,ERR,ERR,ERR,ERR,ERR,ERR,ERR,ERR,ERR,ERR,ERR,ERR,ERR,ERR,ERR,ERR,ERR,ERR,ERR,ERR,ERR,ERR,ERR,ERR,ERR,ERR,ERR,ERR,ERR,ERR,ERR,ERR,ERR,ERR,ERR,ERR,ERR,ERR,ERR,ERR,ERR,ERR,ERR,ERR,ERR,ERR,ERR,ERR,ERR,0.0,0.0,0.0,0.0,0.0,1.3936040501711995e+18,7.805,0.0,0,0,4,0,7116,0.0,100,0.0,0.0,0.0,0.0,0.0,0,0,0,0,0.0,0,0,0,0,0,0,0,0,0,0,0,0,0,0,0,0,0,0,0,0,0,0,0,0,0,0,0,0,0,0,0,0,0,31,40,40,71,65476,0,300,0,0,8,21553,0.0,-107605600.0,0.0,0.0,0.0,0.0,0.0,0.0,0.0,0.0,0.0,0.0,0.0,0.0,0.0,0.0,0.0,0.0,0.0,0.0,0.0,0.0,-0.0,2.004,2.004,-0.0,0.0,0.0,0.0,0.0,6328.0,3.697204165615393e+19,6924.0,0.0,0.0,0.0,0.0,0.0,0.0,0.0,0.0,69,-0.0,-0.0,0.0,0.0,0.0,0.0,0.0,0.0,0.0,0,0,0,0.0,0.0,0.0,0.0,0.0,0.0,0.0,0.0,0.0,0.0,0.0,0.0,0.0,0.0,0.0,0.0,0,-107875648.0,69,0.0,138,0.0,-0.0,0,13107,17040,0,17049,0,17043,0,0,0,70,68,100,2.7302359370752657e+23,71.1,0.0,74.2,2.7302370179391762e+23,74.0,1,49,50,180,0,52429,0,0,0.0,0.0,0.0,0.0,-0.0,67.0,0.0,162057.094,0.0,750,0,739,0,0,0,721,0,765,0,735,0,742,0,741,0,712,0,7520,0.032,79456894976.0,0.0,0.0,784,16797,-0.0,162057.094,-114818.039,-0.0,0.133,6.909358625270745e+28,30.0,65.0,35,0.0,0.0,0.0,0.0,0.0,0.0,0.0,0.0,0.0,0.0,0.0,0.0,0.0,0.0,0.0,0.0,69.6,0,150,71,54,65476,0,300,0,1,8,20529,65476,0,0,40632,65.0,0.0,0.0,0.0,0.0,0.0
2026-09-04T20:54:16,ERR,ERR,ERR,ERR,ERR,ERR,ERR,ERR,ERR,ERR,ERR,ERR,ERR,ERR,ERR,ERR,ERR,ERR,ERR,ERR,ERR,ERR,ERR,ERR,ERR,ERR,ERR,ERR,ERR,ERR,ERR,ERR,ERR,ERR,ERR,ERR,ERR,ERR,ERR,ERR,ERR,ERR,ERR,ERR,ERR,ERR,ERR,ERR,ERR,ERR,ERR,ERR,ERR,ERR,ERR,ERR,ERR,ERR,ERR,ERR,ERR,ERR,ERR,ERR,ERR,ERR,ERR,ERR,ERR,ERR,ERR,ERR,ERR,ERR,ERR,ERR,ERR,ERR,ERR,ERR,ERR,ERR,ERR,ERR,ERR,ERR,ERR,ERR,ERR,ERR,ERR,ERR,ERR,ERR,ERR,ERR,ERR,ERR,ERR,ERR,ERR,ERR,ERR,ERR,ERR,ERR,ERR,ERR,ERR,ERR,ERR,ERR,ERR,ERR,ERR,ERR,ERR,ERR,ERR,ERR,ERR,ERR,ERR,ERR,ERR,0.0,0.0,0.0,0.0,0.0,1.3936040501711995e+18,7.805,0.0,0,0,4,0,7116,0.0,100,0.0,0.0,0.0,0.0,0.0,0,0,0,0,0.0,0,0,0,0,0,0,0,0,0,0,0,0,0,0,0,0,0,0,0,0,0,0,0,0,0,0,0,0,0,0,0,0,0,31,40,40,71,65476,0,300,0,0,8,21553,0.0,-107605600.0,0.0,0.0,0.0,0.0,0.0,0.0,0.0,0.0,0.0,0.0,0.0,0.0,0.0,0.0,0.0,0.0,0.0,0.0,0.0,0.0,-0.0,2.004,2.004,-0.0,0.0,0.0,0.0,0.0,6332.0,-0.0,6936.0,0.0,0.0,0.0,0.0,0.0,0.0,0.0,0.0,69,-0.0,0.0,0.0,0.0,0.0,0.0,0.0,0.0,0.0,0,0,0,0.0,0.0,0.0,0.0,0.0,0.0,0.0,0.0,0.0,0.0,0.0,0.0,0.0,0.0,0.0,0.0,0,-107875648.0,69,0.0,138,0.0,-0.0,0,13107,17040,0,17049,0,17043,0,0,0,70,68,100,2.7302359370752657e+23,71.1,0.0,74.2,2.7302370179391762e+23,74.0,1,49,50,180,0,52429,0,0,0.0,0.0,0.0,0.0,-0.0,67.0,0.0,162057.094,0.0,750,0,739,0,0,0,721,0,765,0,735,0,742,0,741,0,712,0,7520,0.032,79456894976.0,0.0,0.0,784,16797,-0.0,162057.094,-114818.039,-0.0,0.133,6.909358625270745e+28,30.0,65.0,35,0.0,0.0,0.0,0.0,0.0,0.0,0.0,0.0,0.0,0.0,0.0,0.0,0.0,0.0,0.0,0.0,69.6,0,150,71,54,65476,0,300,0,1,8,20529,65476,0,0,40632,65.0,0.0,0.0,0.0,0.0,0.0
2026-09-04T20:54:17,ERR,ERR,ERR,ERR,ERR,ERR,ERR,ERR,ERR,ERR,ERR,ERR,ERR,ERR,ERR,ERR,ERR,ERR,ERR,ERR,ERR,ERR,ERR,ERR,ERR,ERR,ERR,ERR,ERR,ERR,ERR,ERR,ERR,ERR,ERR,ERR,ERR,ERR,ERR,ERR,ERR,ERR,ERR,ERR,ERR,ERR,ERR,ERR,ERR,ERR,ERR,ERR,ERR,ERR,ERR,ERR,ERR,ERR,ERR,ERR,ERR,ERR,ERR,ERR,ERR,ERR,ERR,ERR,ERR,ERR,ERR,ERR,ERR,ERR,ERR,ERR,ERR,ERR,ERR,ERR,ERR,ERR,ERR,ERR,ERR,ERR,ERR,ERR,ERR,ERR,ERR,ERR,ERR,ERR,ERR,ERR,ERR,ERR,ERR,ERR,ERR,ERR,ERR,ERR,ERR,ERR,ERR,ERR,ERR,ERR,ERR,ERR,ERR,ERR,ERR,ERR,ERR,ERR,ERR,ERR,ERR,ERR,ERR,ERR,ERR,0.0,0.0,0.0,0.0,0.0,1.3936040501711995e+18,7.805,0.0,0,0,4,0,7116,0.0,100,0.0,0.0,0.0,0.0,0.0,0,0,0,0,0.0,0,0,0,0,0,0,0,0,0,0,0,0,0,0,0,0,0,0,0,0,0,0,0,0,0,0,0,0,0,0,0,0,0,31,40,40,71,65476,0,300,0,0,8,21553,0.0,-107605600.0,0.0,0.0,0.0,0.0,0.0,0.0,0.0,0.0,0.0,0.0,0.0,0.0,0.0,0.0,0.0,0.0,0.0,0.0,0.0,0.0,-0.0,2.004,2.004,-0.0,0.0,0.0,0.0,0.0,6332.0,-0.0,6936.0,0.0,0.0,0.0,0.0,0.0,0.0,0.0,0.0,69,-0.0,0.0,0.0,0.0,0.0,0.0,0.0,0.0,0.0,0,0,0,0.0,0.0,0.0,0.0,0.0,0.0,0.0,0.0,0.0,0.0,0.0,0.0,0.0,0.0,0.0,0.0,0,-107875648.0,69,0.0,138,0.0,-0.0,0,13107,17040,0,17049,0,17043,0,0,0,70,68,100,2.7302359370752657e+23,71.1,0.0,74.2,2.7302370179391762e+23,74.0,1,49,50,180,0,52429,0,0,0.0,0.0,0.0,0.0,-0.0,67.0,0.0,162057.094,0.0,750,0,739,0,0,0,721,0,765,0,735,0,742,0,741,0,712,0,7520,0.032,79456894976.0,0.0,0.0,784,16797,-0.0,162057.094,-114818.039,-0.0,0.133,6.909358625270745e+28,30.0,65.0,35,0.0,0.0,0.0,0.0,0.0,0.0,0.0,0.0,0.0,0.0,0.0,0.0,0.0,0.0,0.0,0.0,69.6,0,150,71,54,65476,0,300,0,1,8,20529,65476,0,0,40632,65.0,0.0,0.0,0.0,0.0,0.0
2026-09-04T20:54:18,ERR,ERR,ERR,ERR,ERR,ERR,ERR,ERR,ERR,ERR,ERR,ERR,ERR,ERR,ERR,ERR,ERR,ERR,ERR,ERR,ERR,ERR,ERR,ERR,ERR,ERR,ERR,ERR,ERR,ERR,ERR,ERR,ERR,ERR,ERR,ERR,ERR,ERR,ERR,ERR,ERR,ERR,ERR,ERR,ERR,ERR,ERR,ERR,ERR,ERR,ERR,ERR,ERR,ERR,ERR,ERR,ERR,ERR,ERR,ERR,ERR,ERR,ERR,ERR,ERR,ERR,ERR,ERR,ERR,ERR,ERR,ERR,ERR,ERR,ERR,ERR,ERR,ERR,ERR,ERR,ERR,ERR,ERR,ERR,ERR,ERR,ERR,ERR,ERR,ERR,ERR,ERR,ERR,ERR,ERR,ERR,ERR,ERR,ERR,ERR,ERR,ERR,ERR,ERR,ERR,ERR,ERR,ERR,ERR,ERR,ERR,ERR,ERR,ERR,ERR,ERR,ERR,ERR,ERR,ERR,ERR,ERR,ERR,ERR,ERR,0.0,0.0,0.0,0.0,0.0,1.3936040501711995e+18,7.805,0.0,0,0,4,0,7116,0.0,100,0.0,0.0,0.0,0.0,0.0,0,0,0,0,0.0,0,0,0,0,0,0,0,0,0,0,0,0,0,0,0,0,0,0,0,0,0,0,0,0,0,0,0,0,0,0,0,0,0,31,40,40,71,65476,0,300,0,0,8,21553,0.0,-107605600.0,0.0,0.0,0.0,0.0,0.0,0.0,0.0,0.0,0.0,0.0,0.0,0.0,0.0,0.0,0.0,0.0,0.0,0.0,0.0,0.0,-0.0,2.004,2.004,-0.0,0.0,0.0,0.0,0.0,6332.0,-0.0,6936.0,0.0,0.0,0.0,0.0,0.0,0.0,0.0,0.0,69,-0.0,0.0,0.0,0.0,0.0,0.0,0.0,0.0,0.0,0,0,0,0.0,0.0,0.0,0.0,0.0,0.0,0.0,0.0,0.0,0.0,0.0,0.0,0.0,0.0,0.0,0.0,0,-107875648.0,69,0.0,138,0.0,-0.0,0,13107,17040,0,17049,0,17043,0,0,0,70,68,100,2.7302359370752657e+23,71.1,0.0,74.2,2.7302370179391762e+23,74.0,1,49,50,180,0,52429,0,0,0.0,0.0,0.0,0.0,-0.0,67.0,0.0,162057.094,0.0,750,0,739,0,0,0,721,0,765,0,735,0,742,0,741,0,712,0,7520,0.032,79456894976.0,0.0,0.0,784,16797,-0.0,162057.094,-114818.039,-0.0,0.133,6.909358625270745e+28,30.0,65.0,35,0.0,0.0,0.0,0.0,0.0,0.0,0.0,0.0,0.0,0.0,0.0,0.0,0.0,0.0,0.0,0.0,69.2,0,150,71,54,65476,0,300,0,1,8,20529,65476,0,0,40632,65.0,0.0,0.0,0.0,0.0,0.0
2026-09-04T20:54:19,ERR,ERR,ERR,ERR,ERR,ERR,ERR,ERR,ERR,ERR,ERR,ERR,ERR,ERR,ERR,ERR,ERR,ERR,ERR,ERR,ERR,ERR,ERR,ERR,ERR,ERR,ERR,ERR,ERR,ERR,ERR,ERR,ERR,ERR,ERR,ERR,ERR,ERR,ERR,ERR,ERR,ERR,ERR,ERR,ERR,ERR,ERR,ERR,ERR,ERR,ERR,ERR,ERR,ERR,ERR,ERR,ERR,ERR,ERR,ERR,ERR,ERR,ERR,ERR,ERR,ERR,ERR,ERR,ERR,ERR,ERR,ERR,ERR,ERR,ERR,ERR,ERR,ERR,ERR,ERR,ERR,ERR,ERR,ERR,ERR,ERR,ERR,ERR,ERR,ERR,ERR,ERR,ERR,ERR,ERR,ERR,ERR,ERR,ERR,ERR,ERR,ERR,ERR,ERR,ERR,ERR,ERR,ERR,ERR,ERR,ERR,ERR,ERR,ERR,ERR,ERR,ERR,ERR,ERR,ERR,ERR,ERR,ERR,ERR,ERR,0.0,0.0,0.0,0.0,0.0,1.3936040501711995e+18,7.805,0.0,0,0,4,0,7116,0.0,100,0.0,0.0,0.0,0.0,0.0,0,0,0,0,0.0,0,0,0,0,0,0,0,0,0,0,0,0,0,0,0,0,0,0,0,0,0,0,0,0,0,0,0,0,0,0,0,0,0,31,40,40,71,65476,0,300,0,0,8,21553,0.0,-107605600.0,0.0,0.0,0.0,0.0,0.0,0.0,0.0,0.0,0.0,0.0,0.0,0.0,0.0,0.0,0.0,0.0,0.0,0.0,0.0,0.0,-0.0,2.004,2.004,-0.0,0.0,0.0,0.0,0.0,6332.0,-0.0,6936.0,0.0,0.0,0.0,0.0,0.0,0.0,0.0,0.0,69,-0.0,0.0,0.0,0.0,0.0,0.0,0.0,0.0,0.0,0,0,0,0.0,0.0,0.0,0.0,0.0,0.0,0.0,0.0,0.0,0.0,0.0,0.0,0.0,0.0,0.0,0.0,0,-107875648.0,69,0.0,138,0.0,-0.0,0,13107,17040,0,17049,0,17043,0,0,0,70,68,100,2.7302359370752657e+23,71.1,0.0,74.2,2.7302370179391762e+23,74.0,1,49,50,180,0,52429,0,0,0.0,0.0,0.0,0.0,-0.0,67.0,0.0,162057.094,0.0,750,0,739,0,0,0,721,0,765,0,735,0,742,0,741,0,712,0,7520,0.032,79456894976.0,0.0,0.0,784,16797,-0.0,162057.094,-114818.039,-0.0,0.133,6.909358625270745e+28,30.0,65.0,35,0.0,0.0,0.0,0.0,0.0,0.0,0.0,0.0,0.0,0.0,0.0,0.0,0.0,0.0,0.0,0.0,69.2,0,150,71,54,65476,0,300,0,1,8,20529,65476,0,0,40632,65.0,0.0,0.0,0.0,0.0,0.0
2026-09-04T20:54:20,ERR,ERR,ERR,ERR,ERR,ERR,ERR,ERR,ERR,ERR,ERR,ERR,ERR,ERR,ERR,ERR,ERR,ERR,ERR,ERR,ERR,ERR,ERR,ERR,ERR,ERR,ERR,ERR,ERR,ERR,ERR,ERR,ERR,ERR,ERR,ERR,ERR,ERR,ERR,ERR,ERR,ERR,ERR,ERR,ERR,ERR,ERR,ERR,ERR,ERR,ERR,ERR,ERR,ERR,ERR,ERR,ERR,ERR,ERR,ERR,ERR,ERR,ERR,ERR,ERR,ERR,ERR,ERR,ERR,ERR,ERR,ERR,ERR,ERR,ERR,ERR,ERR,ERR,ERR,ERR,ERR,ERR,ERR,ERR,ERR,ERR,ERR,ERR,ERR,ERR,ERR,ERR,ERR,ERR,ERR,ERR,ERR,ERR,ERR,ERR,ERR,ERR,ERR,ERR,ERR,ERR,ERR,ERR,ERR,ERR,ERR,ERR,ERR,ERR,ERR,ERR,ERR,ERR,ERR,ERR,ERR,ERR,ERR,ERR,ERR,0.0,0.0,0.0,0.0,0.0,1.3936040501711995e+18,7.805,0.0,0,0,4,0,7116,0.0,100,0.0,0.0,0.0,0.0,0.0,0,0,0,0,0.0,0,0,0,0,0,0,0,0,0,0,0,0,0,0,0,0,0,0,0,0,0,0,0,0,0,0,0,0,0,0,0,0,0,31,40,40,71,65476,0,300,0,0,8,21553,0.0,-107605600.0,0.0,0.0,0.0,0.0,0.0,0.0,0.0,0.0,0.0,0.0,0.0,0.0,0.0,0.0,0.0,0.0,0.0,0.0,0.0,0.0,-0.0,2.004,2.004,-0.0,0.0,0.0,0.0,0.0,6332.0,-0.0,6936.0,0.0,0.0,0.0,0.0,0.0,0.0,0.0,0.0,69,-0.0,0.0,0.0,0.0,0.0,0.0,0.0,0.0,0.0,0,0,0,0.0,0.0,0.0,0.0,0.0,0.0,0.0,0.0,0.0,0.0,0.0,0.0,0.0,0.0,0.0,0.0,0,-107875648.0,69,0.0,138,0.0,-0.0,0,13107,17040,0,17049,0,17043,0,0,0,70,68,100,2.7302359370752657e+23,71.1,0.0,74.2,2.7302370179391762e+23,74.0,1,49,50,180,0,52429,0,0,0.0,0.0,0.0,0.0,-0.0,67.0,0.0,162057.094,0.0,750,0,739,0,0,0,721,0,765,0,735,0,742,0,741,0,712,0,7520,0.032,79456894976.0,0.0,0.0,784,16797,-0.0,162057.094,-114818.039,-0.0,0.133,6.909358625270745e+28,30.0,65.0,35,0.0,0.0,0.0,0.0,0.0,0.0,0.0,0.0,0.0,0.0,0.0,0.0,0.0,0.0,0.0,0.0,69.2,0,150,71,54,65476,0,300,0,1,8,20529,65476,0,0,40632,65.0,0.0,0.0,0.0,0.0,0.0
2026-09-04T20:54:21,ERR,ERR,ERR,ERR,ERR,ERR,ERR,ERR,ERR,ERR,ERR,ERR,ERR,ERR,ERR,ERR,ERR,ERR,ERR,ERR,ERR,ERR,ERR,ERR,ERR,ERR,ERR,ERR,ERR,ERR,ERR,ERR,ERR,ERR,ERR,ERR,ERR,ERR,ERR,ERR,ERR,ERR,ERR,ERR,ERR,ERR,ERR,ERR,ERR,ERR,ERR,ERR,ERR,ERR,ERR,ERR,ERR,ERR,ERR,ERR,ERR,ERR,ERR,ERR,ERR,ERR,ERR,ERR,ERR,ERR,ERR,ERR,ERR,ERR,ERR,ERR,ERR,ERR,ERR,ERR,ERR,ERR,ERR,ERR,ERR,ERR,ERR,ERR,ERR,ERR,ERR,ERR,ERR,ERR,ERR,ERR,ERR,ERR,ERR,ERR,ERR,ERR,ERR,ERR,ERR,ERR,ERR,ERR,ERR,ERR,ERR,ERR,ERR,ERR,ERR,ERR,ERR,ERR,ERR,ERR,ERR,ERR,ERR,ERR,ERR,0.0,0.0,0.0,0.0,0.0,1.3936040501711995e+18,7.805,0.0,0,0,4,0,7116,0.0,100,0.0,0.0,0.0,0.0,0.0,0,0,0,0,0.0,0,0,0,0,0,0,0,0,0,0,0,0,0,0,0,0,0,0,0,0,0,0,0,0,0,0,0,0,0,0,0,0,0,31,40,40,71,65476,0,300,0,0,8,21553,0.0,-107605600.0,0.0,0.0,0.0,0.0,0.0,0.0,0.0,0.0,0.0,0.0,0.0,0.0,0.0,0.0,0.0,0.0,0.0,0.0,0.0,0.0,-0.0,2.004,2.004,-0.0,0.0,0.0,0.0,0.0,6332.0,-0.0,6936.0,0.0,0.0,0.0,0.0,0.0,0.0,0.0,0.0,69,-0.0,0.0,0.0,0.0,0.0,0.0,0.0,0.0,0.0,0,0,0,0.0,0.0,0.0,0.0,0.0,0.0,0.0,0.0,0.0,0.0,0.0,0.0,0.0,0.0,0.0,0.0,0,-107875648.0,69,0.0,138,0.0,-0.0,0,13107,17040,0,17049,0,17043,0,0,0,70,68,100,2.7302359370752657e+23,71.1,0.0,74.2,2.7302370179391762e+23,74.0,1,49,50,180,0,52429,0,0,0.0,0.0,0.0,0.0,-0.0,67.0,0.0,162057.094,0.0,750,0,739,0,0,0,721,0,765,0,735,0,742,0,741,0,712,0,7520,0.032,79456894976.0,0.0,0.0,784,16797,-0.0,162057.094,-114818.039,-0.0,0.133,6.909358625270745e+28,30.0,65.0,35,0.0,0.0,0.0,0.0,0.0,0.0,0.0,0.0,0.0,0.0,0.0,0.0,0.0,0.0,0.0,0.0,69.2,0,150,71,54,65476,0,300,0,1,8,20529,65476,0,0,40632,65.0,0.0,0.0,0.0,0.0,0.0
2026-09-04T20:54:22,ERR,ERR,ERR,ERR,ERR,ERR,ERR,ERR,ERR,ERR,ERR,ERR,ERR,ERR,ERR,ERR,ERR,ERR,ERR,ERR,ERR,ERR,ERR,ERR,ERR,ERR,ERR,ERR,ERR,ERR,ERR,ERR,ERR,ERR,ERR,ERR,ERR,ERR,ERR,ERR,ERR,ERR,ERR,ERR,ERR,ERR,ERR,ERR,ERR,ERR,ERR,ERR,ERR,ERR,ERR,ERR,ERR,ERR,ERR,ERR,ERR,ERR,ERR,ERR,ERR,ERR,ERR,ERR,ERR,ERR,ERR,ERR,ERR,ERR,ERR,ERR,ERR,ERR,ERR,ERR,ERR,ERR,ERR,ERR,ERR,ERR,ERR,ERR,ERR,ERR,ERR,ERR,ERR,ERR,ERR,ERR,ERR,ERR,ERR,ERR,ERR,ERR,ERR,ERR,ERR,ERR,ERR,ERR,ERR,ERR,ERR,ERR,ERR,ERR,ERR,ERR,ERR,ERR,ERR,ERR,ERR,ERR,ERR,ERR,ERR,0.0,0.0,0.0,0.0,0.0,1.3936040501711995e+18,7.805,0.0,0,0,4,0,7116,0.0,100,0.0,0.0,0.0,0.0,0.0,0,0,0,0,0.0,0,0,0,0,0,0,0,0,0,0,0,0,0,0,0,0,0,0,0,0,0,0,0,0,0,0,0,0,0,0,0,0,0,31,40,40,71,65476,0,300,0,0,8,21553,0.0,-107605600.0,0.0,0.0,0.0,0.0,0.0,0.0,0.0,0.0,0.0,0.0,0.0,0.0,0.0,0.0,0.0,0.0,0.0,0.0,0.0,0.0,-0.0,2.004,2.004,-0.0,0.0,0.0,0.0,0.0,6332.0,-0.0,6936.0,0.0,0.0,0.0,0.0,0.0,0.0,0.0,0.0,69,-0.0,0.0,0.0,0.0,0.0,0.0,0.0,0.0,0.0,0,0,0,0.0,0.0,0.0,0.0,0.0,0.0,0.0,0.0,0.0,0.0,0.0,0.0,0.0,0.0,0.0,0.0,0,-107875648.0,69,0.0,138,0.0,-0.0,0,13107,17040,0,17049,0,17043,0,0,0,70,68,100,2.7302359370752657e+23,71.1,0.0,74.2,2.7302370179391762e+23,74.0,1,49,50,180,0,52429,0,0,0.0,0.0,0.0,0.0,-0.0,67.0,0.0,162057.094,0.0,750,0,739,0,0,0,721,0,765,0,735,0,742,0,741,0,712,0,7520,0.032,79456894976.0,0.0,0.0,784,16797,-0.0,162057.094,-114818.039,-0.0,0.133,6.909358625270745e+28,30.0,65.0,35,0.0,0.0,0.0,0.0,0.0,0.0,0.0,0.0,0.0,0.0,0.0,0.0,0.0,0.0,0.0,0.0,69.2,0,150,71,54,65476,0,300,0,1,8,20529,65476,0,0,40632,65.0,0.0,0.0,0.0,0.0,0.0
2026-09-04T20:54:23,ERR,ERR,ERR,ERR,ERR,ERR,ERR,ERR,ERR,ERR,ERR,ERR,ERR,ERR,ERR,ERR,ERR,ERR,ERR,ERR,ERR,ERR,ERR,ERR,ERR,ERR,ERR,ERR,ERR,ERR,ERR,ERR,ERR,ERR,ERR,ERR,ERR,ERR,ERR,ERR,ERR,ERR,ERR,ERR,ERR,ERR,ERR,ERR,ERR,ERR,ERR,ERR,ERR,ERR,ERR,ERR,ERR,ERR,ERR,ERR,ERR,ERR,ERR,ERR,ERR,ERR,ERR,ERR,ERR,ERR,ERR,ERR,ERR,ERR,ERR,ERR,ERR,ERR,ERR,ERR,ERR,ERR,ERR,ERR,ERR,ERR,ERR,ERR,ERR,ERR,ERR,ERR,ERR,ERR,ERR,ERR,ERR,ERR,ERR,ERR,ERR,ERR,ERR,ERR,ERR,ERR,ERR,ERR,ERR,ERR,ERR,ERR,ERR,ERR,ERR,ERR,ERR,ERR,ERR,ERR,ERR,ERR,ERR,ERR,ERR,0.0,0.0,0.0,0.0,0.0,1.3936040501711995e+18,7.805,0.0,0,0,4,0,7116,0.0,100,0.0,0.0,0.0,0.0,0.0,0,0,0,0,0.0,0,0,0,0,0,0,0,0,0,0,0,0,0,0,0,0,0,0,0,0,0,0,0,0,0,0,0,0,0,0,0,0,0,31,40,40,71,65476,0,300,0,0,8,21553,0.0,-107605600.0,0.0,0.0,0.0,0.0,0.0,0.0,0.0,0.0,0.0,0.0,0.0,0.0,0.0,0.0,0.0,0.0,0.0,0.0,0.0,0.0,-0.0,2.004,2.004,-0.0,0.0,0.0,0.0,0.0,6361.0,0.0,6917.0,0.0,0.0,0.0,0.0,0.0,0.0,0.0,0.0,69,-0.0,-0.0,0.0,0.0,0.0,0.0,0.0,0.0,0.0,0,0,0,0.0,0.0,0.0,0.0,0.0,0.0,0.0,0.0,0.0,0.0,0.0,0.0,0.0,0.0,0.0,0.0,0,-107875648.0,69,0.0,138,0.0,-0.0,0,13107,17040,0,17049,0,17043,0,0,0,70,68,100,2.7302359370752657e+23,71.1,0.0,74.2,2.7302370179391762e+23,74.0,1,49,50,180,0,52429,0,0,0.0,0.0,0.0,0.0,-0.0,67.0,0.0,162057.094,0.0,750,0,739,0,0,0,721,0,765,0,735,0,742,0,741,0,712,0,7520,0.032,79456894976.0,0.0,0.0,784,16797,-0.0,162057.094,-114818.039,-0.0,0.133,6.909358625270745e+28,30.0,65.0,35,0.0,0.0,0.0,0.0,0.0,0.0,0.0,0.0,0.0,0.0,0.0,0.0,0.0,0.0,0.0,0.0,69.2,0,150,71,54,65476,0,300,0,1,8,20529,65476,0,0,40632,65.0,0.0,0.0,0.0,0.0,0.0
2026-09-04T20:54:24,ERR,ERR,ERR,ERR,ERR,ERR,ERR,ERR,ERR,ERR,ERR,ERR,ERR,ERR,ERR,ERR,ERR,ERR,ERR,ERR,ERR,ERR,ERR,ERR,ERR,ERR,ERR,ERR,ERR,ERR,ERR,ERR,ERR,ERR,ERR,ERR,ERR,ERR,ERR,ERR,ERR,ERR,ERR,ERR,ERR,ERR,ERR,ERR,ERR,ERR,ERR,ERR,ERR,ERR,ERR,ERR,ERR,ERR,ERR,ERR,ERR,ERR,ERR,ERR,ERR,ERR,ERR,ERR,ERR,ERR,ERR,ERR,ERR,ERR,ERR,ERR,ERR,ERR,ERR,ERR,ERR,ERR,ERR,ERR,ERR,ERR,ERR,ERR,ERR,ERR,ERR,ERR,ERR,ERR,ERR,ERR,ERR,ERR,ERR,ERR,ERR,ERR,ERR,ERR,ERR,ERR,ERR,ERR,ERR,ERR,ERR,ERR,ERR,ERR,ERR,ERR,ERR,ERR,ERR,ERR,ERR,ERR,ERR,ERR,ERR,0.0,0.0,0.0,0.0,0.0,1.3936040501711995e+18,7.805,0.0,0,0,4,0,7116,0.0,100,0.0,0.0,0.0,0.0,0.0,0,0,0,0,0.0,0,0,0,0,0,0,0,0,0,0,0,0,0,0,0,0,0,0,0,0,0,0,0,0,0,0,0,0,0,0,0,0,0,31,40,40,71,65476,0,300,0,0,8,21553,0.0,-107605600.0,0.0,0.0,0.0,0.0,0.0,0.0,0.0,0.0,0.0,0.0,0.0,0.0,0.0,0.0,0.0,0.0,0.0,0.0,0.0,0.0,-0.0,2.004,2.004,-0.0,0.0,0.0,0.0,0.0,6361.0,0.0,6917.0,0.0,0.0,0.0,0.0,0.0,0.0,0.0,0.0,69,-0.0,-0.0,0.0,0.0,0.0,0.0,0.0,0.0,0.0,0,0,0,0.0,0.0,0.0,0.0,0.0,0.0,0.0,0.0,0.0,0.0,0.0,0.0,0.0,0.0,0.0,0.0,0,-107875648.0,69,0.0,138,0.0,-0.0,0,13107,17040,0,17049,0,17043,0,0,0,70,68,100,2.7302359370752657e+23,71.1,0.0,74.2,2.7302370179391762e+23,74.0,1,49,50,180,0,52429,0,0,0.0,0.0,0.0,0.0,-0.0,67.0,0.0,162057.094,0.0,750,0,739,0,0,0,721,0,765,0,735,0,742,0,741,0,712,0,7520,0.032,79456894976.0,0.0,0.0,784,16797,-0.0,162057.094,-114818.039,-0.0,0.133,6.909358625270745e+28,30.0,65.0,35,0.0,0.0,0.0,0.0,0.0,0.0,0.0,0.0,0.0,0.0,0.0,0.0,0.0,0.0,0.0,0.0,69.2,0,150,71,54,65476,0,300,0,1,8,20529,65476,0,0,40632,65.0,0.0,0.0,0.0,0.0,0.0
2026-09-04T20:54:25,ERR,ERR,ERR,ERR,ERR,ERR,ERR,ERR,ERR,ERR,ERR,ERR,ERR,ERR,ERR,ERR,ERR,ERR,ERR,ERR,ERR,ERR,ERR,ERR,ERR,ERR,ERR,ERR,ERR,ERR,ERR,ERR,ERR,ERR,ERR,ERR,ERR,ERR,ERR,ERR,ERR,ERR,ERR,ERR,ERR,ERR,ERR,ERR,ERR,ERR,ERR,ERR,ERR,ERR,ERR,ERR,ERR,ERR,ERR,ERR,ERR,ERR,ERR,ERR,ERR,ERR,ERR,ERR,ERR,ERR,ERR,ERR,ERR,ERR,ERR,ERR,ERR,ERR,ERR,ERR,ERR,ERR,ERR,ERR,ERR,ERR,ERR,ERR,ERR,ERR,ERR,ERR,ERR,ERR,ERR,ERR,ERR,ERR,ERR,ERR,ERR,ERR,ERR,ERR,ERR,ERR,ERR,ERR,ERR,ERR,ERR,ERR,ERR,ERR,ERR,ERR,ERR,ERR,ERR,ERR,ERR,ERR,ERR,ERR,ERR,0.0,0.0,0.0,0.0,0.0,1.3936040501711995e+18,7.805,0.0,0,0,4,0,7116,0.0,100,0.0,0.0,0.0,0.0,0.0,0,0,0,0,0.0,0,0,0,0,0,0,0,0,0,0,0,0,0,0,0,0,0,0,0,0,0,0,0,0,0,0,0,0,0,0,0,0,0,31,40,40,71,65476,0,300,0,0,8,21553,0.0,-107605600.0,0.0,0.0,0.0,0.0,0.0,0.0,0.0,0.0,0.0,0.0,0.0,0.0,0.0,0.0,0.0,0.0,0.0,0.0,0.0,0.0,-0.0,2.004,2.004,-0.0,0.0,0.0,0.0,0.0,6361.0,0.0,6917.0,0.0,0.0,0.0,0.0,0.0,0.0,0.0,0.0,69,-0.0,-0.0,0.0,0.0,0.0,0.0,0.0,0.0,0.0,0,0,0,0.0,0.0,0.0,0.0,0.0,0.0,0.0,0.0,0.0,0.0,0.0,0.0,0.0,0.0,0.0,0.0,0,-107875648.0,69,0.0,138,0.0,-0.0,0,13107,17040,0,17049,0,17043,0,0,0,70,68,100,2.7302359370752657e+23,71.1,0.0,74.2,2.7302370179391762e+23,74.0,1,49,50,180,0,52429,0,0,0.0,0.0,0.0,0.0,-0.0,67.0,0.0,162057.094,0.0,750,0,739,0,0,0,721,0,765,0,735,0,742,0,741,0,712,0,7520,0.032,79456894976.0,0.0,0.0,784,16797,-0.0,162057.094,-114818.039,-0.0,0.133,6.909358625270745e+28,30.0,65.0,35,0.0,0.0,0.0,0.0,0.0,0.0,0.0,0.0,0.0,0.0,0.0,0.0,0.0,0.0,0.0,0.0,69.2,0,150,71,54,65476,0,300,0,1,8,20529,65476,0,0,40632,65.0,0.0,0.0,0.0,0.0,0.0
2026-09-04T20:54:26,ERR,ERR,ERR,ERR,ERR,ERR,ERR,ERR,ERR,ERR,ERR,ERR,ERR,ERR,ERR,ERR,ERR,ERR,ERR,ERR,ERR,ERR,ERR,ERR,ERR,ERR,ERR,ERR,ERR,ERR,ERR,ERR,ERR,ERR,ERR,ERR,ERR,ERR,ERR,ERR,ERR,ERR,ERR,ERR,ERR,ERR,ERR,ERR,ERR,ERR,ERR,ERR,ERR,ERR,ERR,ERR,ERR,ERR,ERR,ERR,ERR,ERR,ERR,ERR,ERR,ERR,ERR,ERR,ERR,ERR,ERR,ERR,ERR,ERR,ERR,ERR,ERR,ERR,ERR,ERR,ERR,ERR,ERR,ERR,ERR,ERR,ERR,ERR,ERR,ERR,ERR,ERR,ERR,ERR,ERR,ERR,ERR,ERR,ERR,ERR,ERR,ERR,ERR,ERR,ERR,ERR,ERR,ERR,ERR,ERR,ERR,ERR,ERR,ERR,ERR,ERR,ERR,ERR,ERR,ERR,ERR,ERR,ERR,ERR,ERR,0.0,0.0,0.0,0.0,0.0,1.3936040501711995e+18,7.805,0.0,0,0,4,0,7116,0.0,100,0.0,0.0,0.0,0.0,0.0,0,0,0,0,0.0,0,0,0,0,0,0,0,0,0,0,0,0,0,0,0,0,0,0,0,0,0,0,0,0,0,0,0,0,0,0,0,0,0,31,40,40,71,65476,0,300,0,0,8,21553,0.0,-107605600.0,0.0,0.0,0.0,0.0,0.0,0.0,0.0,0.0,0.0,0.0,0.0,0.0,0.0,0.0,0.0,0.0,0.0,0.0,0.0,0.0,-0.0,2.004,2.004,-0.0,0.0,0.0,0.0,0.0,6361.0,0.0,6917.0,0.0,0.0,0.0,0.0,0.0,0.0,0.0,0.0,69,-0.0,-0.0,0.0,0.0,0.0,0.0,0.0,0.0,0.0,0,0,0,0.0,0.0,0.0,0.0,0.0,0.0,0.0,0.0,0.0,0.0,0.0,0.0,0.0,0.0,0.0,0.0,0,-107875648.0,69,0.0,138,0.0,-0.0,0,13107,17040,0,17049,0,17043,0,0,0,70,68,100,2.7302359370752657e+23,71.1,0.0,74.2,2.7302370179391762e+23,74.0,1,49,50,180,0,52429,0,0,0.0,0.0,0.0,0.0,-0.0,67.0,0.0,162057.094,0.0,750,0,739,0,0,0,721,0,765,0,735,0,742,0,741,0,712,0,7520,0.032,79456894976.0,0.0,0.0,784,16797,-0.0,162057.094,-114818.039,-0.0,0.133,6.909358625270745e+28,30.0,65.0,35,0.0,0.0,0.0,0.0,0.0,0.0,0.0,0.0,0.0,0.0,0.0,0.0,0.0,0.0,0.0,0.0,69.2,0,150,71,54,65476,0,300,0,1,8,20529,65476,0,0,40632,65.0,0.0,0.0,0.0,0.0,0.0
2026-09-04T20:54:27,ERR,ERR,ERR,ERR,ERR,ERR,ERR,ERR,ERR,ERR,ERR,ERR,ERR,ERR,ERR,ERR,ERR,ERR,ERR,ERR,ERR,ERR,ERR,ERR,ERR,ERR,ERR,ERR,ERR,ERR,ERR,ERR,ERR,ERR,ERR,ERR,ERR,ERR,ERR,ERR,ERR,ERR,ERR,ERR,ERR,ERR,ERR,ERR,ERR,ERR,ERR,ERR,ERR,ERR,ERR,ERR,ERR,ERR,ERR,ERR,ERR,ERR,ERR,ERR,ERR,ERR,ERR,ERR,ERR,ERR,ERR,ERR,ERR,ERR,ERR,ERR,ERR,ERR,ERR,ERR,ERR,ERR,ERR,ERR,ERR,ERR,ERR,ERR,ERR,ERR,ERR,ERR,ERR,ERR,ERR,ERR,ERR,ERR,ERR,ERR,ERR,ERR,ERR,ERR,ERR,ERR,ERR,ERR,ERR,ERR,ERR,ERR,ERR,ERR,ERR,ERR,ERR,ERR,ERR,ERR,ERR,ERR,ERR,ERR,ERR,0.0,0.0,0.0,0.0,0.0,1.3936040501711995e+18,7.805,0.0,0,0,4,0,7116,0.0,100,0.0,0.0,0.0,0.0,0.0,0,0,0,0,0.0,0,0,0,0,0,0,0,0,0,0,0,0,0,0,0,0,0,0,0,0,0,0,0,0,0,0,0,0,0,0,0,0,0,31,40,40,71,65476,0,300,0,0,8,21553,0.0,-107605600.0,0.0,0.0,0.0,0.0,0.0,0.0,0.0,0.0,0.0,0.0,0.0,0.0,0.0,0.0,0.0,0.0,0.0,0.0,0.0,0.0,-0.0,2.004,2.004,-0.0,0.0,0.0,0.0,0.0,6361.0,0.0,6917.0,0.0,0.0,0.0,0.0,0.0,0.0,0.0,0.0,69,-0.0,-0.0,0.0,0.0,0.0,0.0,0.0,0.0,0.0,0,0,0,0.0,0.0,0.0,0.0,0.0,0.0,0.0,0.0,0.0,0.0,0.0,0.0,0.0,0.0,0.0,0.0,0,-107875648.0,69,0.0,138,0.0,-0.0,0,13107,17040,0,17049,0,17043,0,0,0,70,68,100,2.7302359370752657e+23,71.1,0.0,74.2,2.7302370179391762e+23,74.0,1,49,50,180,0,52429,0,0,0.0,0.0,0.0,0.0,-0.0,67.0,0.0,162057.094,0.0,750,0,739,0,0,0,721,0,765,0,735,0,742,0,741,0,712,0,7520,0.032,79456894976.0,0.0,0.0,784,16797,-0.0,162057.094,-114818.039,-0.0,0.133,6.909358625270745e+28,30.0,65.0,35,0.0,0.0,0.0,0.0,0.0,0.0,0.0,0.0,0.0,0.0,0.0,0.0,0.0,0.0,0.0,0.0,69.2,0,150,71,54,65476,0,300,0,1,8,20529,65476,0,0,40632,65.0,0.0,0.0,0.0,0.0,0.0
2026-09-04T20:54:28,ERR,ERR,ERR,ERR,ERR,ERR,ERR,ERR,ERR,ERR,ERR,ERR,ERR,ERR,ERR,ERR,ERR,ERR,ERR,ERR,ERR,ERR,ERR,ERR,ERR,ERR,ERR,ERR,ERR,ERR,ERR,ERR,ERR,ERR,ERR,ERR,ERR,ERR,ERR,ERR,ERR,ERR,ERR,ERR,ERR,ERR,ERR,ERR,ERR,ERR,ERR,ERR,ERR,ERR,ERR,ERR,ERR,ERR,ERR,ERR,ERR,ERR,ERR,ERR,ERR,ERR,ERR,ERR,ERR,ERR,ERR,ERR,ERR,ERR,ERR,ERR,ERR,ERR,ERR,ERR,ERR,ERR,ERR,ERR,ERR,ERR,ERR,ERR,ERR,ERR,ERR,ERR,ERR,ERR,ERR,ERR,ERR,ERR,ERR,ERR,ERR,ERR,ERR,ERR,ERR,ERR,ERR,ERR,ERR,ERR,ERR,ERR,ERR,ERR,ERR,ERR,ERR,ERR,ERR,ERR,ERR,ERR,ERR,ERR,ERR,0.0,0.0,0.0,0.0,0.0,1.3936040501711995e+18,7.805,0.0,0,0,4,0,7116,0.0,100,0.0,0.0,0.0,0.0,0.0,0,0,0,0,0.0,0,0,0,0,0,0,0,0,0,0,0,0,0,0,0,0,0,0,0,0,0,0,0,0,0,0,0,0,0,0,0,0,0,31,40,40,71,65476,0,300,0,0,8,21553,0.0,-107605600.0,0.0,0.0,0.0,0.0,0.0,0.0,0.0,0.0,0.0,0.0,0.0,0.0,0.0,0.0,0.0,0.0,0.0,0.0,0.0,0.0,-0.0,2.004,2.004,-0.0,0.0,0.0,0.0,0.0,6361.0,0.0,6917.0,0.0,0.0,0.0,0.0,0.0,0.0,0.0,0.0,69,-0.0,-0.0,0.0,0.0,0.0,0.0,0.0,0.0,0.0,0,0,0,0.0,0.0,0.0,0.0,0.0,0.0,0.0,0.0,0.0,0.0,0.0,0.0,0.0,0.0,0.0,0.0,0,-107875648.0,69,0.0,138,0.0,-0.0,0,13107,17040,0,17049,0,17043,0,0,0,70,68,100,2.7302359370752657e+23,71.1,0.0,74.2,2.7302370179391762e+23,74.0,1,49,50,180,0,52429,0,0,0.0,0.0,0.0,0.0,-0.0,67.0,0.0,162057.094,0.0,750,0,739,0,0,0,721,0,765,0,735,0,742,0,741,0,712,0,7520,0.032,79456894976.0,0.0,0.0,784,16797,-0.0,162057.094,-114818.039,-0.0,0.133,6.909358625270745e+28,30.0,65.0,35,0.0,0.0,0.0,0.0,0.0,0.0,0.0,0.0,0.0,0.0,0.0,0.0,0.0,0.0,0.0,0.0,69.2,0,150,71,54,65476,0,300,0,1,8,20529,65476,0,0,40632,65.0,0.0,0.0,0.0,0.0,0.0
2026-09-04T20:54:29,ERR,ERR,ERR,ERR,ERR,ERR,ERR,ERR,ERR,ERR,ERR,ERR,ERR,ERR,ERR,ERR,ERR,ERR,ERR,ERR,ERR,ERR,ERR,ERR,ERR,ERR,ERR,ERR,ERR,ERR,ERR,ERR,ERR,ERR,ERR,ERR,ERR,ERR,ERR,ERR,ERR,ERR,ERR,ERR,ERR,ERR,ERR,ERR,ERR,ERR,ERR,ERR,ERR,ERR,ERR,ERR,ERR,ERR,ERR,ERR,ERR,ERR,ERR,ERR,ERR,ERR,ERR,ERR,ERR,ERR,ERR,ERR,ERR,ERR,ERR,ERR,ERR,ERR,ERR,ERR,ERR,ERR,ERR,ERR,ERR,ERR,ERR,ERR,ERR,ERR,ERR,ERR,ERR,ERR,ERR,ERR,ERR,ERR,ERR,ERR,ERR,ERR,ERR,ERR,ERR,ERR,ERR,ERR,ERR,ERR,ERR,ERR,ERR,ERR,ERR,ERR,ERR,ERR,ERR,ERR,ERR,ERR,ERR,ERR,ERR,0.0,0.0,0.0,0.0,0.0,1.3936040501711995e+18,7.805,0.0,0,0,4,0,7116,0.0,100,0.0,0.0,0.0,0.0,0.0,0,0,0,0,0.0,0,0,0,0,0,0,0,0,0,0,0,0,0,0,0,0,0,0,0,0,0,0,0,0,0,0,0,0,0,0,0,0,0,31,40,40,71,65476,0,300,0,0,8,21553,0.0,-107605600.0,0.0,0.0,0.0,0.0,0.0,0.0,0.0,0.0,0.0,0.0,0.0,0.0,0.0,0.0,0.0,0.0,0.0,0.0,0.0,0.0,-0.0,2.004,2.004,-0.0,0.0,0.0,0.0,0.0,6361.0,0.0,6917.0,0.0,0.0,0.0,0.0,0.0,0.0,0.0,0.0,69,-0.0,-0.0,0.0,0.0,0.0,0.0,0.0,0.0,0.0,0,0,0,0.0,0.0,0.0,0.0,0.0,0.0,0.0,0.0,0.0,0.0,0.0,0.0,0.0,0.0,0.0,0.0,0,-107875648.0,69,0.0,138,0.0,-0.0,0,13107,17040,0,17049,0,17043,0,0,0,70,68,100,2.7302359370752657e+23,71.1,0.0,74.2,2.7302370179391762e+23,74.0,1,49,50,180,0,52429,0,0,0.0,0.0,0.0,0.0,-0.0,67.0,0.0,162057.094,0.0,750,0,739,0,0,0,721,0,765,0,735,0,742,0,741,0,712,0,7520,0.032,79456894976.0,0.0,0.0,784,16797,-0.0,162057.094,-114818.039,-0.0,0.133,6.909358625270745e+28,30.0,65.0,35,0.0,0.0,0.0,0.0,0.0,0.0,0.0,0.0,0.0,0.0,0.0,0.0,0.0,0.0,0.0,0.0,69.2,0,150,71,54,65476,0,300,0,1,8,20529,65476,0,0,40632,65.0,0.0,0.0,0.0,0.0,0.0
2026-09-04T20:54:30,ERR,ERR,ERR,ERR,ERR,ERR,ERR,ERR,ERR,ERR,ERR,ERR,ERR,ERR,ERR,ERR,ERR,ERR,ERR,ERR,ERR,ERR,ERR,ERR,ERR,ERR,ERR,ERR,ERR,ERR,ERR,ERR,ERR,ERR,ERR,ERR,ERR,ERR,ERR,ERR,ERR,ERR,ERR,ERR,ERR,ERR,ERR,ERR,ERR,ERR,ERR,ERR,ERR,ERR,ERR,ERR,ERR,ERR,ERR,ERR,ERR,ERR,ERR,ERR,ERR,ERR,ERR,ERR,ERR,ERR,ERR,ERR,ERR,ERR,ERR,ERR,ERR,ERR,ERR,ERR,ERR,ERR,ERR,ERR,ERR,ERR,ERR,ERR,ERR,ERR,ERR,ERR,ERR,ERR,ERR,ERR,ERR,ERR,ERR,ERR,ERR,ERR,ERR,ERR,ERR,ERR,ERR,ERR,ERR,ERR,ERR,ERR,ERR,ERR,ERR,ERR,ERR,ERR,ERR,ERR,ERR,ERR,ERR,ERR,ERR,0.0,0.0,0.0,0.0,0.0,1.3936040501711995e+18,7.805,0.0,0,0,4,0,7116,0.0,100,0.0,0.0,0.0,0.0,0.0,0,0,0,0,0.0,0,0,0,0,0,0,0,0,0,0,0,0,0,0,0,0,0,0,0,0,0,0,0,0,0,0,0,0,0,0,0,0,0,31,40,40,71,65476,0,300,0,0,8,21553,0.0,-107605600.0,0.0,0.0,0.0,0.0,0.0,0.0,0.0,0.0,0.0,0.0,0.0,0.0,0.0,0.0,0.0,0.0,0.0,0.0,0.0,0.0,-0.0,2.004,2.004,-0.0,0.0,0.0,0.0,0.0,6361.0,0.0,6917.0,0.0,0.0,0.0,0.0,0.0,0.0,0.0,0.0,69,-0.0,-0.0,0.0,0.0,0.0,0.0,0.0,0.0,0.0,0,0,0,0.0,0.0,0.0,0.0,0.0,0.0,0.0,0.0,0.0,0.0,0.0,0.0,0.0,0.0,0.0,0.0,0,-107875648.0,69,0.0,138,0.0,-0.0,0,13107,17040,0,17049,0,17043,0,0,0,70,68,100,2.7302359370752657e+23,71.1,0.0,74.2,2.7302370179391762e+23,74.0,1,49,50,180,0,52429,0,0,0.0,0.0,0.0,0.0,-0.0,67.0,0.0,162057.094,0.0,750,0,739,0,0,0,721,0,765,0,735,0,742,0,741,0,712,0,7520,0.032,79993765888.0,0.0,0.0,784,16797,-0.0,162057.094,-114818.039,-0.0,0.133,6.909358625270745e+28,30.0,65.0,35,0.0,0.0,0.0,0.0,0.0,0.0,0.0,0.0,0.0,0.0,0.0,0.0,0.0,0.0,0.0,0.0,69.2,0,150,71,54,65476,0,300,0,1,8,20529,65476,0,0,40632,65.0,0.0,0.0,0.0,0.0,0.0
2026-09-04T20:54:31,ERR,ERR,ERR,ERR,ERR,ERR,ERR,ERR,ERR,ERR,ERR,ERR,ERR,ERR,ERR,ERR,ERR,ERR,ERR,ERR,ERR,ERR,ERR,ERR,ERR,ERR,ERR,ERR,ERR,ERR,ERR,ERR,ERR,ERR,ERR,ERR,ERR,ERR,ERR,ERR,ERR,ERR,ERR,ERR,ERR,ERR,ERR,ERR,ERR,ERR,ERR,ERR,ERR,ERR,ERR,ERR,ERR,ERR,ERR,ERR,ERR,ERR,ERR,ERR,ERR,ERR,ERR,ERR,ERR,ERR,ERR,ERR,ERR,ERR,ERR,ERR,ERR,ERR,ERR,ERR,ERR,ERR,ERR,ERR,ERR,ERR,ERR,ERR,ERR,ERR,ERR,ERR,ERR,ERR,ERR,ERR,ERR,ERR,ERR,ERR,ERR,ERR,ERR,ERR,ERR,ERR,ERR,ERR,ERR,ERR,ERR,ERR,ERR,ERR,ERR,ERR,ERR,ERR,ERR,ERR,ERR,ERR,ERR,ERR,ERR,0.0,0.0,0.0,0.0,0.0,1.3936040501711995e+18,7.805,0.0,0,0,4,0,7116,0.0,100,0.0,0.0,0.0,0.0,0.0,0,0,0,0,0.0,0,0,0,0,0,0,0,0,0,0,0,0,0,0,0,0,0,0,0,0,0,0,0,0,0,0,0,0,0,0,0,0,0,31,40,40,71,65476,0,300,0,0,8,21553,0.0,-107605600.0,0.0,0.0,0.0,0.0,0.0,0.0,0.0,0.0,0.0,0.0,0.0,0.0,0.0,0.0,0.0,0.0,0.0,0.0,0.0,0.0,-0.0,2.004,2.004,-0.0,0.0,0.0,0.0,0.0,6366.0,0.0,6916.0,0.0,0.0,0.0,0.0,0.0,0.0,0.0,0.0,69,-0.0,-0.0,0.0,0.0,0.0,0.0,0.0,0.0,0.0,0,0,0,0.0,0.0,0.0,0.0,0.0,0.0,0.0,0.0,0.0,0.0,0.0,0.0,0.0,0.0,0.0,0.0,0,-107875648.0,69,0.0,138,0.0,-0.0,0,13107,17040,0,17049,0,17043,0,0,0,70,68,100,2.7302359370752657e+23,71.1,0.0,74.2,2.7302370179391762e+23,74.0,1,49,50,180,0,52429,0,0,0.0,0.0,0.0,0.0,-0.0,67.0,0.0,162057.094,0.0,750,0,739,0,0,0,721,0,765,0,735,0,742,0,741,0,712,0,7520,0.032,79993765888.0,0.0,0.0,784,16797,-0.0,162057.094,-114818.039,-0.0,0.133,6.909358625270745e+28,30.0,65.0,35,0.0,0.0,0.0,0.0,0.0,0.0,0.0,0.0,0.0,0.0,0.0,0.0,0.0,0.0,0.0,0.0,69.2,0,150,71,54,65476,0,300,0,1,8,20529,65476,0,0,40632,65.0,0.0,0.0,0.0,0.0,0.0
2026-09-04T20:54:32,ERR,ERR,ERR,ERR,ERR,ERR,ERR,ERR,ERR,ERR,ERR,ERR,ERR,ERR,ERR,ERR,ERR,ERR,ERR,ERR,ERR,ERR,ERR,ERR,ERR,ERR,ERR,ERR,ERR,ERR,ERR,ERR,ERR,ERR,ERR,ERR,ERR,ERR,ERR,ERR,ERR,ERR,ERR,ERR,ERR,ERR,ERR,ERR,ERR,ERR,ERR,ERR,ERR,ERR,ERR,ERR,ERR,ERR,ERR,ERR,ERR,ERR,ERR,ERR,ERR,ERR,ERR,ERR,ERR,ERR,ERR,ERR,ERR,ERR,ERR,ERR,ERR,ERR,ERR,ERR,ERR,ERR,ERR,ERR,ERR,ERR,ERR,ERR,ERR,ERR,ERR,ERR,ERR,ERR,ERR,ERR,ERR,ERR,ERR,ERR,ERR,ERR,ERR,ERR,ERR,ERR,ERR,ERR,ERR,ERR,ERR,ERR,ERR,ERR,ERR,ERR,ERR,ERR,ERR,ERR,ERR,ERR,ERR,ERR,ERR,0.0,0.0,0.0,0.0,0.0,1.3936040501711995e+18,7.805,0.0,0,0,4,0,7116,0.0,100,0.0,0.0,0.0,0.0,0.0,0,0,0,0,0.0,0,0,0,0,0,0,0,0,0,0,0,0,0,0,0,0,0,0,0,0,0,0,0,0,0,0,0,0,0,0,0,0,0,31,40,40,71,65476,0,300,0,0,8,21553,0.0,-107605600.0,0.0,0.0,0.0,0.0,0.0,0.0,0.0,0.0,0.0,0.0,0.0,0.0,0.0,0.0,0.0,0.0,0.0,0.0,0.0,0.0,-0.0,2.004,2.004,-0.0,0.0,0.0,0.0,0.0,6366.0,0.0,6916.0,0.0,0.0,0.0,0.0,0.0,0.0,0.0,0.0,69,-0.0,-0.0,0.0,0.0,0.0,0.0,0.0,0.0,0.0,0,0,0,0.0,0.0,0.0,0.0,0.0,0.0,0.0,0.0,0.0,0.0,0.0,0.0,0.0,0.0,0.0,0.0,0,-107875648.0,69,0.0,138,0.0,-0.0,0,13107,17040,0,17049,0,17043,0,0,0,70,68,100,2.7302359370752657e+23,71.1,0.0,74.2,2.7302370179391762e+23,74.0,1,49,50,180,0,52429,0,0,0.0,0.0,0.0,0.0,-0.0,67.0,0.0,162057.094,0.0,750,0,739,0,0,0,721,0,765,0,735,0,742,0,741,0,712,0,7520,0.032,79993765888.0,0.0,0.0,784,16797,-0.0,162057.094,-114818.039,-0.0,0.133,6.909358625270745e+28,30.0,65.0,35,0.0,0.0,0.0,0.0,0.0,0.0,0.0,0.0,0.0,0.0,0.0,0.0,0.0,0.0,0.0,0.0,69.2,0,150,71,54,65476,0,300,0,1,8,20529,65476,0,0,40632,65.0,0.0,0.0,0.0,0.0,0.0
2026-09-04T20:54:33,ERR,ERR,ERR,ERR,ERR,ERR,ERR,ERR,ERR,ERR,ERR,ERR,ERR,ERR,ERR,ERR,ERR,ERR,ERR,ERR,ERR,ERR,ERR,ERR,ERR,ERR,ERR,ERR,ERR,ERR,ERR,ERR,ERR,ERR,ERR,ERR,ERR,ERR,ERR,ERR,ERR,ERR,ERR,ERR,ERR,ERR,ERR,ERR,ERR,ERR,ERR,ERR,ERR,ERR,ERR,ERR,ERR,ERR,ERR,ERR,ERR,ERR,ERR,ERR,ERR,ERR,ERR,ERR,ERR,ERR,ERR,ERR,ERR,ERR,ERR,ERR,ERR,ERR,ERR,ERR,ERR,ERR,ERR,ERR,ERR,ERR,ERR,ERR,ERR,ERR,ERR,ERR,ERR,ERR,ERR,ERR,ERR,ERR,ERR,ERR,ERR,ERR,ERR,ERR,ERR,ERR,ERR,ERR,ERR,ERR,ERR,ERR,ERR,ERR,ERR,ERR,ERR,ERR,ERR,ERR,ERR,ERR,ERR,ERR,ERR,0.0,0.0,0.0,0.0,0.0,1.3936040501711995e+18,7.805,0.0,0,0,4,0,7116,0.0,100,0.0,0.0,0.0,0.0,0.0,0,0,0,0,0.0,0,0,0,0,0,0,0,0,0,0,0,0,0,0,0,0,0,0,0,0,0,0,0,0,0,0,0,0,0,0,0,0,0,31,40,40,71,65476,0,300,0,0,8,21553,0.0,-107605600.0,0.0,0.0,0.0,0.0,0.0,0.0,0.0,0.0,0.0,0.0,0.0,0.0,0.0,0.0,0.0,0.0,0.0,0.0,0.0,0.0,-0.0,2.004,2.004,-0.0,0.0,0.0,0.0,0.0,6366.0,0.0,6916.0,0.0,0.0,0.0,0.0,0.0,0.0,0.0,0.0,69,-0.0,-0.0,0.0,0.0,0.0,0.0,0.0,0.0,0.0,0,0,0,0.0,0.0,0.0,0.0,0.0,0.0,0.0,0.0,0.0,0.0,0.0,0.0,0.0,0.0,0.0,0.0,0,-107875648.0,69,0.0,138,0.0,-0.0,0,13107,17040,0,17049,0,17043,0,0,0,70,68,100,2.7302359370752657e+23,71.1,0.0,74.2,2.7302370179391762e+23,74.0,1,49,50,180,0,52429,0,0,0.0,0.0,0.0,0.0,-0.0,67.0,0.0,162057.094,0.0,750,0,739,0,0,0,721,0,765,0,735,0,742,0,741,0,712,0,7520,0.032,79993765888.0,0.0,0.0,784,16797,-0.0,162057.094,-114818.039,-0.0,0.133,6.909358625270745e+28,30.0,65.0,35,0.0,0.0,0.0,0.0,0.0,0.0,0.0,0.0,0.0,0.0,0.0,0.0,0.0,0.0,0.0,0.0,69.2,0,150,71,54,65476,0,300,0,1,8,20529,65476,0,0,40632,65.0,0.0,0.0,0.0,0.0,0.0
2026-09-04T20:54:34,ERR,ERR,ERR,ERR,ERR,ERR,ERR,ERR,ERR,ERR,ERR,ERR,ERR,ERR,ERR,ERR,ERR,ERR,ERR,ERR,ERR,ERR,ERR,ERR,ERR,ERR,ERR,ERR,ERR,ERR,ERR,ERR,ERR,ERR,ERR,ERR,ERR,ERR,ERR,ERR,ERR,ERR,ERR,ERR,ERR,ERR,ERR,ERR,ERR,ERR,ERR,ERR,ERR,ERR,ERR,ERR,ERR,ERR,ERR,ERR,ERR,ERR,ERR,ERR,ERR,ERR,ERR,ERR,ERR,ERR,ERR,ERR,ERR,ERR,ERR,ERR,ERR,ERR,ERR,ERR,ERR,ERR,ERR,ERR,ERR,ERR,ERR,ERR,ERR,ERR,ERR,ERR,ERR,ERR,ERR,ERR,ERR,ERR,ERR,ERR,ERR,ERR,ERR,ERR,ERR,ERR,ERR,ERR,ERR,ERR,ERR,ERR,ERR,ERR,ERR,ERR,ERR,ERR,ERR,ERR,ERR,ERR,ERR,ERR,ERR,0.0,0.0,0.0,0.0,0.0,1.3936040501711995e+18,7.805,0.0,0,0,4,0,7116,0.0,100,0.0,0.0,0.0,0.0,0.0,0,0,0,0,0.0,0,0,0,0,0,0,0,0,0,0,0,0,0,0,0,0,0,0,0,0,0,0,0,0,0,0,0,0,0,0,0,0,0,31,40,40,71,65476,0,300,0,0,8,21553,0.0,-107605600.0,0.0,0.0,0.0,0.0,0.0,0.0,0.0,0.0,0.0,0.0,0.0,0.0,0.0,0.0,0.0,0.0,0.0,0.0,0.0,0.0,-0.0,2.004,2.004,-0.0,0.0,0.0,0.0,0.0,6366.0,0.0,6916.0,0.0,0.0,0.0,0.0,0.0,0.0,0.0,0.0,69,-0.0,-0.0,0.0,0.0,0.0,0.0,0.0,0.0,0.0,0,0,0,0.0,0.0,0.0,0.0,0.0,0.0,0.0,0.0,0.0,0.0,0.0,0.0,0.0,0.0,0.0,0.0,0,-107875648.0,69,0.0,138,0.0,-0.0,0,13107,17040,0,17049,0,17043,0,0,0,70,68,100,2.7302359370752657e+23,71.1,0.0,74.2,2.7302370179391762e+23,74.0,1,49,50,180,0,52429,0,0,0.0,0.0,0.0,0.0,-0.0,67.0,0.0,162057.094,0.0,750,0,739,0,0,0,721,0,765,0,735,0,742,0,741,0,712,0,7520,0.032,79993765888.0,0.0,0.0,784,16797,-0.0,162057.094,-114818.039,-0.0,0.133,6.909358625270745e+28,30.0,65.0,35,0.0,0.0,0.0,0.0,0.0,0.0,0.0,0.0,0.0,0.0,0.0,0.0,0.0,0.0,0.0,0.0,69.2,0,150,71,54,65476,0,300,0,1,8,20529,65476,0,0,40632,65.0,0.0,0.0,0.0,0.0,0.0
2026-09-04T20:54:35,ERR,ERR,ERR,ERR,ERR,ERR,ERR,ERR,ERR,ERR,ERR,ERR,ERR,ERR,ERR,ERR,ERR,ERR,ERR,ERR,ERR,ERR,ERR,ERR,ERR,ERR,ERR,ERR,ERR,ERR,ERR,ERR,ERR,ERR,ERR,ERR,ERR,ERR,ERR,ERR,ERR,ERR,ERR,ERR,ERR,ERR,ERR,ERR,ERR,ERR,ERR,ERR,ERR,ERR,ERR,ERR,ERR,ERR,ERR,ERR,ERR,ERR,ERR,ERR,ERR,ERR,ERR,ERR,ERR,ERR,ERR,ERR,ERR,ERR,ERR,ERR,ERR,ERR,ERR,ERR,ERR,ERR,ERR,ERR,ERR,ERR,ERR,ERR,ERR,ERR,ERR,ERR,ERR,ERR,ERR,ERR,ERR,ERR,ERR,ERR,ERR,ERR,ERR,ERR,ERR,ERR,ERR,ERR,ERR,ERR,ERR,ERR,ERR,ERR,ERR,ERR,ERR,ERR,ERR,ERR,ERR,ERR,ERR,ERR,ERR,0.0,0.0,0.0,0.0,0.0,1.3936040501711995e+18,7.805,0.0,0,0,4,0,7116,0.0,100,0.0,0.0,0.0,0.0,0.0,0,0,0,0,0.0,0,0,0,0,0,0,0,0,0,0,0,0,0,0,0,0,0,0,0,0,0,0,0,0,0,0,0,0,0,0,0,0,0,31,40,40,71,65476,0,300,0,0,8,21553,0.0,-107605600.0,0.0,0.0,0.0,0.0,0.0,0.0,0.0,0.0,0.0,0.0,0.0,0.0,0.0,0.0,0.0,0.0,0.0,0.0,0.0,0.0,-0.0,2.004,2.004,-0.0,0.0,0.0,0.0,0.0,6366.0,0.0,6916.0,0.0,0.0,0.0,0.0,0.0,0.0,0.0,0.0,69,-0.0,-0.0,0.0,0.0,0.0,0.0,0.0,0.0,0.0,0,0,0,0.0,0.0,0.0,0.0,0.0,0.0,0.0,0.0,0.0,0.0,0.0,0.0,0.0,0.0,0.0,0.0,0,-107875648.0,69,0.0,138,0.0,-0.0,0,13107,17040,0,17049,0,17043,0,0,0,70,68,100,2.7302359370752657e+23,71.1,0.0,74.2,2.7302370179391762e+23,74.0,1,49,50,180,0,52429,0,0,0.0,0.0,0.0,0.0,-0.0,67.0,0.0,162057.094,0.0,750,0,739,0,0,0,721,0,765,0,735,0,742,0,741,0,712,0,7520,0.032,79456894976.0,0.0,0.0,784,16797,-0.0,162057.094,-114818.039,-0.0,0.133,6.909358625270745e+28,30.0,65.0,35,0.0,0.0,0.0,0.0,0.0,0.0,0.0,0.0,0.0,0.0,0.0,0.0,0.0,0.0,0.0,0.0,69.2,0,150,71,54,65476,0,300,0,1,8,20529,65476,0,0,40632,65.0,0.0,0.0,0.0,0.0,0.0
2026-09-04T20:54:36,ERR,ERR,ERR,ERR,ERR,ERR,ERR,ERR,ERR,ERR,ERR,ERR,ERR,ERR,ERR,ERR,ERR,ERR,ERR,ERR,ERR,ERR,ERR,ERR,ERR,ERR,ERR,ERR,ERR,ERR,ERR,ERR,ERR,ERR,ERR,ERR,ERR,ERR,ERR,ERR,ERR,ERR,ERR,ERR,ERR,ERR,ERR,ERR,ERR,ERR,ERR,ERR,ERR,ERR,ERR,ERR,ERR,ERR,ERR,ERR,ERR,ERR,ERR,ERR,ERR,ERR,ERR,ERR,ERR,ERR,ERR,ERR,ERR,ERR,ERR,ERR,ERR,ERR,ERR,ERR,ERR,ERR,ERR,ERR,ERR,ERR,ERR,ERR,ERR,ERR,ERR,ERR,ERR,ERR,ERR,ERR,ERR,ERR,ERR,ERR,ERR,ERR,ERR,ERR,ERR,ERR,ERR,ERR,ERR,ERR,ERR,ERR,ERR,ERR,ERR,ERR,ERR,ERR,ERR,ERR,ERR,ERR,ERR,ERR,ERR,0.0,0.0,0.0,0.0,0.0,1.3936040501711995e+18,7.805,0.0,0,0,4,0,7116,0.0,100,0.0,0.0,0.0,0.0,0.0,0,0,0,0,0.0,0,0,0,0,0,0,0,0,0,0,0,0,0,0,0,0,0,0,0,0,0,0,0,0,0,0,0,0,0,0,0,0,0,31,40,40,71,65476,0,300,0,0,8,21553,0.0,-107605600.0,0.0,0.0,0.0,0.0,0.0,0.0,0.0,0.0,0.0,0.0,0.0,0.0,0.0,0.0,0.0,0.0,0.0,0.0,0.0,0.0,-0.0,2.004,2.004,-0.0,0.0,0.0,0.0,0.0,6366.0,0.0,6916.0,0.0,0.0,0.0,0.0,0.0,0.0,0.0,0.0,69,-0.0,-0.0,0.0,0.0,0.0,0.0,0.0,0.0,0.0,0,0,0,0.0,0.0,0.0,0.0,0.0,0.0,0.0,0.0,0.0,0.0,0.0,0.0,0.0,0.0,0.0,0.0,0,-107875648.0,69,0.0,138,0.0,-0.0,0,13107,17040,0,17049,0,17043,0,0,0,70,68,100,2.7302359370752657e+23,71.1,0.0,74.2,2.7302370179391762e+23,74.0,1,49,50,180,0,52429,0,0,0.0,0.0,0.0,0.0,-0.0,67.0,0.0,162057.094,0.0,750,0,739,0,0,0,721,0,765,0,735,0,742,0,741,0,712,0,7520,0.032,79456894976.0,0.0,0.0,784,16797,-0.0,162057.094,-114818.039,-0.0,0.133,6.909358625270745e+28,30.0,65.0,35,0.0,0.0,0.0,0.0,0.0,0.0,0.0,0.0,0.0,0.0,0.0,0.0,0.0,0.0,0.0,0.0,69.2,0,150,71,54,65476,0,300,0,1,8,20529,65476,0,0,40632,65.0,0.0,0.0,0.0,0.0,0.0
2026-09-04T20:54:37,ERR,ERR,ERR,ERR,ERR,ERR,ERR,ERR,ERR,ERR,ERR,ERR,ERR,ERR,ERR,ERR,ERR,ERR,ERR,ERR,ERR,ERR,ERR,ERR,ERR,ERR,ERR,ERR,ERR,ERR,ERR,ERR,ERR,ERR,ERR,ERR,ERR,ERR,ERR,ERR,ERR,ERR,ERR,ERR,ERR,ERR,ERR,ERR,ERR,ERR,ERR,ERR,ERR,ERR,ERR,ERR,ERR,ERR,ERR,ERR,ERR,ERR,ERR,ERR,ERR,ERR,ERR,ERR,ERR,ERR,ERR,ERR,ERR,ERR,ERR,ERR,ERR,ERR,ERR,ERR,ERR,ERR,ERR,ERR,ERR,ERR,ERR,ERR,ERR,ERR,ERR,ERR,ERR,ERR,ERR,ERR,ERR,ERR,ERR,ERR,ERR,ERR,ERR,ERR,ERR,ERR,ERR,ERR,ERR,ERR,ERR,ERR,ERR,ERR,ERR,ERR,ERR,ERR,ERR,ERR,ERR,ERR,ERR,ERR,ERR,0.0,0.0,0.0,0.0,0.0,1.3936040501711995e+18,7.805,0.0,0,0,4,0,7116,0.0,100,0.0,0.0,0.0,0.0,0.0,0,0,0,0,0.0,0,0,0,0,0,0,0,0,0,0,0,0,0,0,0,0,0,0,0,0,0,0,0,0,0,0,0,0,0,0,0,0,0,31,40,40,71,65476,0,300,0,0,8,21553,0.0,-107605600.0,0.0,0.0,0.0,0.0,0.0,0.0,0.0,0.0,0.0,0.0,0.0,0.0,0.0,0.0,0.0,0.0,0.0,0.0,0.0,0.0,-0.0,2.004,2.004,-0.0,0.0,0.0,0.0,0.0,6366.0,3.697204605420044e+19,6924.0,0.0,0.0,0.0,0.0,0.0,0.0,0.0,0.0,69,-0.0,-3.222022320792486e+26,0.0,0.0,0.0,0.0,0.0,0.0,0.0,0,0,0,0.0,0.0,0.0,0.0,0.0,0.0,0.0,0.0,0.0,0.0,0.0,0.0,0.0,0.0,0.0,0.0,0,-107875648.0,69,0.0,138,0.0,-0.0,0,13107,17040,0,17049,0,17043,0,0,0,70,68,100,2.7302359370752657e+23,71.1,0.0,74.2,2.7302370179391762e+23,74.0,1,49,50,180,0,52429,0,0,0.0,0.0,0.0,0.0,-0.0,67.0,0.0,162057.094,0.0,750,0,739,0,0,0,721,0,765,0,735,0,742,0,741,0,712,0,7520,0.032,79456894976.0,0.0,0.0,784,16797,-0.0,162057.094,-114818.039,-0.0,0.133,6.909358625270745e+28,30.0,65.0,35,0.0,0.0,0.0,0.0,0.0,0.0,0.0,0.0,0.0,0.0,0.0,0.0,0.0,0.0,0.0,0.0,69.2,0,150,71,54,65476,0,300,0,1,8,20529,65476,0,0,40632,65.0,0.0,0.0,0.0,0.0,0.0
2026-09-04T20:54:38,ERR,ERR,ERR,ERR,ERR,ERR,ERR,ERR,ERR,ERR,ERR,ERR,ERR,ERR,ERR,ERR,ERR,ERR,ERR,ERR,ERR,ERR,ERR,ERR,ERR,ERR,ERR,ERR,ERR,ERR,ERR,ERR,ERR,ERR,ERR,ERR,ERR,ERR,ERR,ERR,ERR,ERR,ERR,ERR,ERR,ERR,ERR,ERR,ERR,ERR,ERR,ERR,ERR,ERR,ERR,ERR,ERR,ERR,ERR,ERR,ERR,ERR,ERR,ERR,ERR,ERR,ERR,ERR,ERR,ERR,ERR,ERR,ERR,ERR,ERR,ERR,ERR,ERR,ERR,ERR,ERR,ERR,ERR,ERR,ERR,ERR,ERR,ERR,ERR,ERR,ERR,ERR,ERR,ERR,ERR,ERR,ERR,ERR,ERR,ERR,ERR,ERR,ERR,ERR,ERR,ERR,ERR,ERR,ERR,ERR,ERR,ERR,ERR,ERR,ERR,ERR,ERR,ERR,ERR,ERR,ERR,ERR,ERR,ERR,ERR,0.0,0.0,0.0,0.0,0.0,1.3936040501711995e+18,7.805,0.0,0,0,4,0,7116,0.0,100,0.0,0.0,0.0,0.0,0.0,0,0,0,0,0.0,0,0,0,0,0,0,0,0,0,0,0,0,0,0,0,0,0,0,0,0,0,0,0,0,0,0,0,0,0,0,0,0,0,31,40,40,71,65476,0,300,0,0,8,21553,0.0,-107605600.0,0.0,0.0,0.0,0.0,0.0,0.0,0.0,0.0,0.0,0.0,0.0,0.0,0.0,0.0,0.0,0.0,0.0,0.0,0.0,0.0,-0.0,2.004,2.004,-0.0,0.0,0.0,0.0,0.0,6366.0,3.697204605420044e+19,6924.0,0.0,0.0,0.0,0.0,0.0,0.0,0.0,0.0,69,-0.0,-3.222022320792486e+26,0.0,0.0,0.0,0.0,0.0,0.0,0.0,0,0,0,0.0,0.0,0.0,0.0,0.0,0.0,0.0,0.0,0.0,0.0,0.0,0.0,0.0,0.0,0.0,0.0,0,-107875648.0,69,0.0,138,0.0,-0.0,0,13107,17040,0,17049,0,17043,0,0,0,70,68,100,2.7302359370752657e+23,71.1,0.0,74.2,2.7302370179391762e+23,74.0,1,49,50,180,0,52429,0,0,0.0,0.0,0.0,0.0,-0.0,67.0,0.0,162057.094,0.0,750,0,739,0,0,0,721,0,765,0,735,0,742,0,741,0,712,0,7520,0.032,79456894976.0,0.0,0.0,784,16797,-0.0,162057.094,-114818.039,-0.0,0.133,6.909358625270745e+28,30.0,65.0,35,0.0,0.0,0.0,0.0,0.0,0.0,0.0,0.0,0.0,0.0,0.0,0.0,0.0,0.0,0.0,0.0,69.2,0,150,71,54,65476,0,300,0,1,8,20529,65476,0,0,40632,65.0,0.0,0.0,0.0,0.0,0.0
2026-09-04T20:54:39,ERR,ERR,ERR,ERR,ERR,ERR,ERR,ERR,ERR,ERR,ERR,ERR,ERR,ERR,ERR,ERR,ERR,ERR,ERR,ERR,ERR,ERR,ERR,ERR,ERR,ERR,ERR,ERR,ERR,ERR,ERR,ERR,ERR,ERR,ERR,ERR,ERR,ERR,ERR,ERR,ERR,ERR,ERR,ERR,ERR,ERR,ERR,ERR,ERR,ERR,ERR,ERR,ERR,ERR,ERR,ERR,ERR,ERR,ERR,ERR,ERR,ERR,ERR,ERR,ERR,ERR,ERR,ERR,ERR,ERR,ERR,ERR,ERR,ERR,ERR,ERR,ERR,ERR,ERR,ERR,ERR,ERR,ERR,ERR,ERR,ERR,ERR,ERR,ERR,ERR,ERR,ERR,ERR,ERR,ERR,ERR,ERR,ERR,ERR,ERR,ERR,ERR,ERR,ERR,ERR,ERR,ERR,ERR,ERR,ERR,ERR,ERR,ERR,ERR,ERR,ERR,ERR,ERR,ERR,ERR,ERR,ERR,ERR,ERR,ERR,0.0,0.0,0.0,0.0,0.0,1.3936040501711995e+18,7.805,0.0,0,0,4,0,7116,0.0,100,0.0,0.0,0.0,0.0,0.0,0,0,0,0,0.0,0,0,0,0,0,0,0,0,0,0,0,0,0,0,0,0,0,0,0,0,0,0,0,0,0,0,0,0,0,0,0,0,0,31,40,40,71,65476,0,300,0,0,8,21553,0.0,-107605600.0,0.0,0.0,0.0,0.0,0.0,0.0,0.0,0.0,0.0,0.0,0.0,0.0,0.0,0.0,0.0,0.0,0.0,0.0,0.0,0.0,-0.0,2.004,2.004,-0.0,0.0,0.0,0.0,0.0,6366.0,3.697204605420044e+19,6924.0,0.0,0.0,0.0,0.0,0.0,0.0,0.0,0.0,69,-0.0,-3.222022320792486e+26,0.0,0.0,0.0,0.0,0.0,0.0,0.0,0,0,0,0.0,0.0,0.0,0.0,0.0,0.0,0.0,0.0,0.0,0.0,0.0,0.0,0.0,0.0,0.0,0.0,0,-107875648.0,69,0.0,138,0.0,-0.0,0,13107,17040,0,17049,0,17043,0,0,0,70,68,100,2.7302359370752657e+23,71.1,0.0,74.2,2.7302370179391762e+23,74.0,1,49,50,180,0,52429,0,0,0.0,0.0,0.0,0.0,-0.0,67.0,0.0,162057.094,0.0,750,0,739,0,0,0,721,0,765,0,735,0,742,0,741,0,712,0,7520,0.032,79456894976.0,0.0,0.0,784,16797,-0.0,162057.094,-114818.039,-0.0,0.133,6.909358625270745e+28,30.0,65.0,35,0.0,0.0,0.0,0.0,0.0,0.0,0.0,0.0,0.0,0.0,0.0,0.0,0.0,0.0,0.0,0.0,69.2,0,150,71,54,65476,0,300,0,1,8,20529,65476,0,0,40632,65.0,0.0,0.0,0.0,0.0,0.0
2026-09-04T20:54:40,ERR,ERR,ERR,ERR,ERR,ERR,ERR,ERR,ERR,ERR,ERR,ERR,ERR,ERR,ERR,ERR,ERR,ERR,ERR,ERR,ERR,ERR,ERR,ERR,ERR,ERR,ERR,ERR,ERR,ERR,ERR,ERR,ERR,ERR,ERR,ERR,ERR,ERR,ERR,ERR,ERR,ERR,ERR,ERR,ERR,ERR,ERR,ERR,ERR,ERR,ERR,ERR,ERR,ERR,ERR,ERR,ERR,ERR,ERR,ERR,ERR,ERR,ERR,ERR,ERR,ERR,ERR,ERR,ERR,ERR,ERR,ERR,ERR,ERR,ERR,ERR,ERR,ERR,ERR,ERR,ERR,ERR,ERR,ERR,ERR,ERR,ERR,ERR,ERR,ERR,ERR,ERR,ERR,ERR,ERR,ERR,ERR,ERR,ERR,ERR,ERR,ERR,ERR,ERR,ERR,ERR,ERR,ERR,ERR,ERR,ERR,ERR,ERR,ERR,ERR,ERR,ERR,ERR,ERR,ERR,ERR,ERR,ERR,ERR,ERR,0.0,0.0,0.0,0.0,0.0,1.3936040501711995e+18,7.805,0.0,0,0,4,0,7116,0.0,100,0.0,0.0,0.0,0.0,0.0,0,0,0,0,0.0,0,0,0,0,0,0,0,0,0,0,0,0,0,0,0,0,0,0,0,0,0,0,0,0,0,0,0,0,0,0,0,0,0,31,40,40,71,65476,0,300,0,0,8,21553,0.0,-107605600.0,0.0,0.0,0.0,0.0,0.0,0.0,0.0,0.0,0.0,0.0,0.0,0.0,0.0,0.0,0.0,0.0,0.0,0.0,0.0,0.0,-0.0,2.004,2.004,-0.0,0.0,0.0,0.0,0.0,6366.0,3.697204605420044e+19,6924.0,0.0,0.0,0.0,0.0,0.0,0.0,0.0,0.0,69,-0.0,-3.222022320792486e+26,0.0,0.0,0.0,0.0,0.0,0.0,0.0,0,0,0,0.0,0.0,0.0,0.0,0.0,0.0,0.0,0.0,0.0,0.0,0.0,0.0,0.0,0.0,0.0,0.0,0,-107875648.0,69,0.0,138,0.0,-0.0,0,13107,17040,0,17049,0,17043,0,0,0,70,68,100,2.7302359370752657e+23,71.1,0.0,74.2,2.7302370179391762e+23,74.0,1,49,50,180,0,52429,0,0,0.0,0.0,0.0,0.0,-0.0,67.0,0.0,162057.094,0.0,750,0,739,0,0,0,721,0,765,0,735,0,742,0,741,0,712,0,7520,0.032,79456894976.0,0.0,0.0,784,16797,-0.0,162057.094,-114818.039,-0.0,0.133,6.909358625270745e+28,30.0,65.0,35,0.0,0.0,0.0,0.0,0.0,0.0,0.0,0.0,0.0,0.0,0.0,0.0,0.0,0.0,0.0,0.0,69.2,0,150,71,54,65476,0,300,0,1,8,20529,65476,0,0,40632,65.0,0.0,0.0,0.0,0.0,0.0
2026-09-04T20:54:41,ERR,ERR,ERR,ERR,ERR,ERR,ERR,ERR,ERR,ERR,ERR,ERR,ERR,ERR,ERR,ERR,ERR,ERR,ERR,ERR,ERR,ERR,ERR,ERR,ERR,ERR,ERR,ERR,ERR,ERR,ERR,ERR,ERR,ERR,ERR,ERR,ERR,ERR,ERR,ERR,ERR,ERR,ERR,ERR,ERR,ERR,ERR,ERR,ERR,ERR,ERR,ERR,ERR,ERR,ERR,ERR,ERR,ERR,ERR,ERR,ERR,ERR,ERR,ERR,ERR,ERR,ERR,ERR,ERR,ERR,ERR,ERR,ERR,ERR,ERR,ERR,ERR,ERR,ERR,ERR,ERR,ERR,ERR,ERR,ERR,ERR,ERR,ERR,ERR,ERR,ERR,ERR,ERR,ERR,ERR,ERR,ERR,ERR,ERR,ERR,ERR,ERR,ERR,ERR,ERR,ERR,ERR,ERR,ERR,ERR,ERR,ERR,ERR,ERR,ERR,ERR,ERR,ERR,ERR,ERR,ERR,ERR,ERR,ERR,ERR,0.0,0.0,0.0,0.0,0.0,1.3936040501711995e+18,7.805,0.0,0,0,4,0,7116,0.0,100,0.0,0.0,0.0,0.0,0.0,0,0,0,0,0.0,0,0,0,0,0,0,0,0,0,0,0,0,0,0,0,0,0,0,0,0,0,0,0,0,0,0,0,0,0,0,0,0,0,31,40,40,71,65476,0,300,0,0,8,21553,0.0,-107605600.0,0.0,0.0,0.0,0.0,0.0,0.0,0.0,0.0,0.0,0.0,0.0,0.0,0.0,0.0,0.0,0.0,0.0,0.0,0.0,0.0,-0.0,2.004,2.004,-0.0,0.0,0.0,0.0,0.0,6366.0,3.697204605420044e+19,6924.0,0.0,0.0,0.0,0.0,0.0,0.0,0.0,0.0,69,-0.0,-3.222022320792486e+26,0.0,0.0,0.0,0.0,0.0,0.0,0.0,0,0,0,0.0,0.0,0.0,0.0,0.0,0.0,0.0,0.0,0.0,0.0,0.0,0.0,0.0,0.0,0.0,0.0,0,-107875648.0,69,0.0,138,0.0,-0.0,0,13107,17040,0,17049,0,17043,0,0,0,70,68,100,2.7302359370752657e+23,71.1,0.0,74.2,2.7302370179391762e+23,74.0,1,49,50,180,0,52429,0,0,0.0,0.0,0.0,0.0,-0.0,67.0,0.0,162057.094,0.0,750,0,739,0,0,0,721,0,765,0,735,0,742,0,741,0,712,0,7520,0.032,79456894976.0,0.0,0.0,784,16797,-0.0,162057.094,-114818.039,-0.0,0.133,6.909358625270745e+28,30.0,65.0,35,0.0,0.0,0.0,0.0,0.0,0.0,0.0,0.0,0.0,0.0,0.0,0.0,0.0,0.0,0.0,0.0,69.2,0,150,71,54,65476,0,300,0,1,8,20529,65476,0,0,40632,65.0,0.0,0.0,0.0,0.0,0.0
2026-09-04T20:54:42,ERR,ERR,ERR,ERR,ERR,ERR,ERR,ERR,ERR,ERR,ERR,ERR,ERR,ERR,ERR,ERR,ERR,ERR,ERR,ERR,ERR,ERR,ERR,ERR,ERR,ERR,ERR,ERR,ERR,ERR,ERR,ERR,ERR,ERR,ERR,ERR,ERR,ERR,ERR,ERR,ERR,ERR,ERR,ERR,ERR,ERR,ERR,ERR,ERR,ERR,ERR,ERR,ERR,ERR,ERR,ERR,ERR,ERR,ERR,ERR,ERR,ERR,ERR,ERR,ERR,ERR,ERR,ERR,ERR,ERR,ERR,ERR,ERR,ERR,ERR,ERR,ERR,ERR,ERR,ERR,ERR,ERR,ERR,ERR,ERR,ERR,ERR,ERR,ERR,ERR,ERR,ERR,ERR,ERR,ERR,ERR,ERR,ERR,ERR,ERR,ERR,ERR,ERR,ERR,ERR,ERR,ERR,ERR,ERR,ERR,ERR,ERR,ERR,ERR,ERR,ERR,ERR,ERR,ERR,ERR,ERR,ERR,ERR,ERR,ERR,0.0,0.0,0.0,0.0,0.0,1.3936040501711995e+18,7.805,0.0,0,0,4,0,7116,0.0,100,0.0,0.0,0.0,0.0,0.0,0,0,0,0,0.0,0,0,0,0,0,0,0,0,0,0,0,0,0,0,0,0,0,0,0,0,0,0,0,0,0,0,0,0,0,0,0,0,0,31,40,40,71,65476,0,300,0,0,8,21553,0.0,-107605600.0,0.0,0.0,0.0,0.0,0.0,0.0,0.0,0.0,0.0,0.0,0.0,0.0,0.0,0.0,0.0,0.0,0.0,0.0,0.0,0.0,-0.0,2.004,2.004,-0.0,0.0,0.0,0.0,0.0,6366.0,3.697204605420044e+19,6924.0,0.0,0.0,0.0,0.0,0.0,0.0,0.0,0.0,69,-0.0,-3.222022320792486e+26,0.0,0.0,0.0,0.0,0.0,0.0,0.0,0,0,0,0.0,0.0,0.0,0.0,0.0,0.0,0.0,0.0,0.0,0.0,0.0,0.0,0.0,0.0,0.0,0.0,0,-107875648.0,69,0.0,138,0.0,-0.0,0,13107,17040,0,17049,0,17043,0,0,0,70,68,100,2.7302359370752657e+23,71.1,0.0,74.2,2.7302370179391762e+23,74.0,1,49,50,180,0,52429,0,0,0.0,0.0,0.0,0.0,-0.0,67.0,0.0,162057.094,0.0,750,0,739,0,0,0,721,0,765,0,735,0,742,0,741,0,712,0,7520,0.032,79456894976.0,0.0,0.0,784,16797,-0.0,162057.094,-114818.039,-0.0,0.133,6.909358625270745e+28,30.0,65.0,35,0.0,0.0,0.0,0.0,0.0,0.0,0.0,0.0,0.0,0.0,0.0,0.0,0.0,0.0,0.0,0.0,69.6,0,150,71,54,65476,0,300,0,1,8,20529,65476,0,0,40632,65.0,0.0,0.0,0.0,0.0,0.0
2026-09-04T20:54:43,ERR,ERR,ERR,ERR,ERR,ERR,ERR,ERR,ERR,ERR,ERR,ERR,ERR,ERR,ERR,ERR,ERR,ERR,ERR,ERR,ERR,ERR,ERR,ERR,ERR,ERR,ERR,ERR,ERR,ERR,ERR,ERR,ERR,ERR,ERR,ERR,ERR,ERR,ERR,ERR,ERR,ERR,ERR,ERR,ERR,ERR,ERR,ERR,ERR,ERR,ERR,ERR,ERR,ERR,ERR,ERR,ERR,ERR,ERR,ERR,ERR,ERR,ERR,ERR,ERR,ERR,ERR,ERR,ERR,ERR,ERR,ERR,ERR,ERR,ERR,ERR,ERR,ERR,ERR,ERR,ERR,ERR,ERR,ERR,ERR,ERR,ERR,ERR,ERR,ERR,ERR,ERR,ERR,ERR,ERR,ERR,ERR,ERR,ERR,ERR,ERR,ERR,ERR,ERR,ERR,ERR,ERR,ERR,ERR,ERR,ERR,ERR,ERR,ERR,ERR,ERR,ERR,ERR,ERR,ERR,ERR,ERR,ERR,ERR,ERR,0.0,0.0,0.0,0.0,0.0,1.3936040501711995e+18,7.805,0.0,0,0,4,0,7116,0.0,100,0.0,0.0,0.0,0.0,0.0,0,0,0,0,0.0,0,0,0,0,0,0,0,0,0,0,0,0,0,0,0,0,0,0,0,0,0,0,0,0,0,0,0,0,0,0,0,0,0,31,40,40,71,65476,0,300,0,0,8,21553,0.0,-107605600.0,0.0,0.0,0.0,0.0,0.0,0.0,0.0,0.0,0.0,0.0,0.0,0.0,0.0,0.0,0.0,0.0,0.0,0.0,0.0,0.0,-0.0,2.004,2.004,-0.0,0.0,0.0,0.0,0.0,6366.0,3.697204605420044e+19,6924.0,0.0,0.0,0.0,0.0,0.0,0.0,0.0,0.0,69,-0.0,-3.222022320792486e+26,0.0,0.0,0.0,0.0,0.0,0.0,0.0,0,0,0,0.0,0.0,0.0,0.0,0.0,0.0,0.0,0.0,0.0,0.0,0.0,0.0,0.0,0.0,0.0,0.0,0,-107875648.0,69,0.0,138,0.0,-0.0,0,13107,17040,0,17049,0,17043,0,0,0,70,68,100,2.7302359370752657e+23,71.1,0.0,74.2,2.7302370179391762e+23,74.0,1,49,50,180,0,52429,0,0,0.0,0.0,0.0,0.0,-0.0,67.0,0.0,162057.094,0.0,750,0,739,0,0,0,721,0,765,0,735,0,742,0,741,0,712,0,7520,0.032,79456894976.0,0.0,0.0,784,16797,-0.0,162057.094,-114818.039,-0.0,0.133,6.909358625270745e+28,30.0,65.0,35,0.0,0.0,0.0,0.0,0.0,0.0,0.0,0.0,0.0,0.0,0.0,0.0,0.0,0.0,0.0,0.0,69.6,0,150,71,54,65476,0,300,0,1,8,20529,65476,0,0,40632,65.0,0.0,0.0,0.0,0.0,0.0
2026-09-04T20:54:44,ERR,ERR,ERR,ERR,ERR,ERR,ERR,ERR,ERR,ERR,ERR,ERR,ERR,ERR,ERR,ERR,ERR,ERR,ERR,ERR,ERR,ERR,ERR,ERR,ERR,ERR,ERR,ERR,ERR,ERR,ERR,ERR,ERR,ERR,ERR,ERR,ERR,ERR,ERR,ERR,ERR,ERR,ERR,ERR,ERR,ERR,ERR,ERR,ERR,ERR,ERR,ERR,ERR,ERR,ERR,ERR,ERR,ERR,ERR,ERR,ERR,ERR,ERR,ERR,ERR,ERR,ERR,ERR,ERR,ERR,ERR,ERR,ERR,ERR,ERR,ERR,ERR,ERR,ERR,ERR,ERR,ERR,ERR,ERR,ERR,ERR,ERR,ERR,ERR,ERR,ERR,ERR,ERR,ERR,ERR,ERR,ERR,ERR,ERR,ERR,ERR,ERR,ERR,ERR,ERR,ERR,ERR,ERR,ERR,ERR,ERR,ERR,ERR,ERR,ERR,ERR,ERR,ERR,ERR,ERR,ERR,ERR,ERR,ERR,ERR,0.0,0.0,0.0,0.0,0.0,1.3936040501711995e+18,7.805,0.0,0,0,4,0,7116,0.0,100,0.0,0.0,0.0,0.0,0.0,0,0,0,0,0.0,0,0,0,0,0,0,0,0,0,0,0,0,0,0,0,0,0,0,0,0,0,0,0,0,0,0,0,0,0,0,0,0,0,31,40,40,71,65476,0,300,0,0,8,21553,0.0,-107605600.0,0.0,0.0,0.0,0.0,0.0,0.0,0.0,0.0,0.0,0.0,0.0,0.0,0.0,0.0,0.0,0.0,0.0,0.0,0.0,0.0,-0.0,2.004,2.004,-0.0,0.0,0.0,0.0,0.0,6366.0,3.697204605420044e+19,6924.0,0.0,0.0,0.0,0.0,0.0,0.0,0.0,0.0,69,-0.0,-3.222022320792486e+26,0.0,0.0,0.0,0.0,0.0,0.0,0.0,0,0,0,0.0,0.0,0.0,0.0,0.0,0.0,0.0,0.0,0.0,0.0,0.0,0.0,0.0,0.0,0.0,0.0,0,-107875648.0,69,0.0,138,0.0,-0.0,0,13107,17040,0,17049,0,17043,0,0,0,70,68,100,2.7302359370752657e+23,71.1,0.0,74.2,2.7302370179391762e+23,74.0,1,49,50,180,0,52429,0,0,0.0,0.0,0.0,0.0,-0.0,67.0,0.0,162057.094,0.0,750,0,739,0,0,0,721,0,765,0,735,0,742,0,741,0,712,0,7520,0.032,79456894976.0,0.0,0.0,784,16797,-0.0,162057.094,-114818.039,-0.0,0.133,6.909358625270745e+28,30.0,65.0,35,0.0,0.0,0.0,0.0,0.0,0.0,0.0,0.0,0.0,0.0,0.0,0.0,0.0,0.0,0.0,0.0,69.6,0,150,71,54,65476,0,300,0,1,8,20529,65476,0,0,40632,65.0,0.0,0.0,0.0,0.0,0.0
2026-09-04T20:54:45,ERR,ERR,ERR,ERR,ERR,ERR,ERR,ERR,ERR,ERR,ERR,ERR,ERR,ERR,ERR,ERR,ERR,ERR,ERR,ERR,ERR,ERR,ERR,ERR,ERR,ERR,ERR,ERR,ERR,ERR,ERR,ERR,ERR,ERR,ERR,ERR,ERR,ERR,ERR,ERR,ERR,ERR,ERR,ERR,ERR,ERR,ERR,ERR,ERR,ERR,ERR,ERR,ERR,ERR,ERR,ERR,ERR,ERR,ERR,ERR,ERR,ERR,ERR,ERR,ERR,ERR,ERR,ERR,ERR,ERR,ERR,ERR,ERR,ERR,ERR,ERR,ERR,ERR,ERR,ERR,ERR,ERR,ERR,ERR,ERR,ERR,ERR,ERR,ERR,ERR,ERR,ERR,ERR,ERR,ERR,ERR,ERR,ERR,ERR,ERR,ERR,ERR,ERR,ERR,ERR,ERR,ERR,ERR,ERR,ERR,ERR,ERR,ERR,ERR,ERR,ERR,ERR,ERR,ERR,ERR,ERR,ERR,ERR,ERR,ERR,0.0,0.0,0.0,0.0,0.0,1.3936040501711995e+18,7.805,0.0,0,0,4,0,7116,0.0,100,0.0,0.0,0.0,0.0,0.0,0,0,0,0,0.0,0,0,0,0,0,0,0,0,0,0,0,0,0,0,0,0,0,0,0,0,0,0,0,0,0,0,0,0,0,0,0,0,0,31,40,40,71,65476,0,300,0,0,8,21553,0.0,-107605600.0,0.0,0.0,0.0,0.0,0.0,0.0,0.0,0.0,0.0,0.0,0.0,0.0,-2.596148429267414e+33,0.0,0.0,0.0,0.0,0.0,0.0,0.0,-0.0,2.004,2.004,-0.0,0.0,0.0,0.0,0.0,6357.0,-3.697204605420044e+19,6940.0,0.0,0.0,0.0,0.0,0.0,0.0,0.0,0.0,69,-0.0,-0.0,0.0,0.0,0.0,0.0,0.0,0.0,0.0,0,0,0,0.0,0.0,0.0,0.0,0.0,0.0,0.0,0.0,0.0,0.0,0.0,0.0,0.0,0.0,0.0,0.0,0,-107875648.0,69,0.0,138,0.0,-0.0,0,13107,17040,0,17049,0,17043,0,0,0,70,68,100,2.7302359370752657e+23,71.1,0.0,74.2,2.7302370179391762e+23,74.0,1,49,50,180,0,52429,0,0,0.0,0.0,0.0,0.0,-0.0,67.0,0.0,162057.094,0.0,750,0,739,0,0,0,721,0,765,0,735,0,742,0,741,0,712,0,7520,0.032,79456894976.0,0.0,0.0,784,16797,-0.0,162057.094,-114818.039,-0.0,0.133,6.909358625270745e+28,30.0,65.0,35,0.0,0.0,0.0,0.0,0.0,0.0,0.0,0.0,0.0,0.0,0.0,0.0,0.0,0.0,0.0,0.0,69.2,0,150,71,54,65476,0,300,0,1,8,20529,65476,0,0,40632,65.0,0.0,0.0,0.0,0.0,0.0
2026-09-04T20:54:46,ERR,ERR,ERR,ERR,ERR,ERR,ERR,ERR,ERR,ERR,ERR,ERR,ERR,ERR,ERR,ERR,ERR,ERR,ERR,ERR,ERR,ERR,ERR,ERR,ERR,ERR,ERR,ERR,ERR,ERR,ERR,ERR,ERR,ERR,ERR,ERR,ERR,ERR,ERR,ERR,ERR,ERR,ERR,ERR,ERR,ERR,ERR,ERR,ERR,ERR,ERR,ERR,ERR,ERR,ERR,ERR,ERR,ERR,ERR,ERR,ERR,ERR,ERR,ERR,ERR,ERR,ERR,ERR,ERR,ERR,ERR,ERR,ERR,ERR,ERR,ERR,ERR,ERR,ERR,ERR,ERR,ERR,ERR,ERR,ERR,ERR,ERR,ERR,ERR,ERR,ERR,ERR,ERR,ERR,ERR,ERR,ERR,ERR,ERR,ERR,ERR,ERR,ERR,ERR,ERR,ERR,ERR,ERR,ERR,ERR,ERR,ERR,ERR,ERR,ERR,ERR,ERR,ERR,ERR,ERR,ERR,ERR,ERR,ERR,ERR,0.0,0.0,0.0,0.0,0.0,1.3936040501711995e+18,7.805,0.0,0,0,4,0,7116,0.0,100,0.0,0.0,0.0,0.0,0.0,0,0,0,0,0.0,0,0,0,0,0,0,0,0,0,0,0,0,0,0,0,0,0,0,0,0,0,0,0,0,0,0,0,0,0,0,0,0,0,31,40,40,71,65476,0,300,0,0,8,21553,0.0,-107605600.0,0.0,0.0,0.0,0.0,0.0,0.0,0.0,0.0,0.0,0.0,0.0,0.0,-2.596148429267414e+33,0.0,0.0,0.0,0.0,0.0,0.0,0.0,-0.0,2.004,2.004,-0.0,0.0,0.0,0.0,0.0,6357.0,-3.697204605420044e+19,6940.0,0.0,0.0,0.0,0.0,0.0,0.0,0.0,0.0,69,-0.0,-0.0,0.0,0.0,0.0,0.0,0.0,0.0,0.0,0,0,0,0.0,0.0,0.0,0.0,0.0,0.0,0.0,0.0,0.0,0.0,0.0,0.0,0.0,0.0,0.0,0.0,0,-107875648.0,69,0.0,138,0.0,-0.0,0,13107,17040,0,17049,0,17043,0,0,0,70,68,100,2.7302359370752657e+23,71.1,0.0,74.2,2.7302370179391762e+23,74.0,1,49,50,180,0,52429,0,0,0.0,0.0,0.0,0.0,-0.0,67.0,0.0,162057.094,0.0,750,0,739,0,0,0,721,0,765,0,735,0,742,0,741,0,712,0,7520,0.032,79993765888.0,0.0,0.0,784,16797,-0.0,162057.094,-114818.039,-0.0,0.133,6.909358625270745e+28,30.0,65.0,35,0.0,0.0,0.0,0.0,0.0,0.0,0.0,0.0,0.0,0.0,0.0,0.0,0.0,0.0,0.0,0.0,69.2,0,150,71,54,65476,0,300,0,1,8,20529,65476,0,0,40632,65.0,0.0,0.0,0.0,0.0,0.0
2026-09-04T20:54:47,ERR,ERR,ERR,ERR,ERR,ERR,ERR,ERR,ERR,ERR,ERR,ERR,ERR,ERR,ERR,ERR,ERR,ERR,ERR,ERR,ERR,ERR,ERR,ERR,ERR,ERR,ERR,ERR,ERR,ERR,ERR,ERR,ERR,ERR,ERR,ERR,ERR,ERR,ERR,ERR,ERR,ERR,ERR,ERR,ERR,ERR,ERR,ERR,ERR,ERR,ERR,ERR,ERR,ERR,ERR,ERR,ERR,ERR,ERR,ERR,ERR,ERR,ERR,ERR,ERR,ERR,ERR,ERR,ERR,ERR,ERR,ERR,ERR,ERR,ERR,ERR,ERR,ERR,ERR,ERR,ERR,ERR,ERR,ERR,ERR,ERR,ERR,ERR,ERR,ERR,ERR,ERR,ERR,ERR,ERR,ERR,ERR,ERR,ERR,ERR,ERR,ERR,ERR,ERR,ERR,ERR,ERR,ERR,ERR,ERR,ERR,ERR,ERR,ERR,ERR,ERR,ERR,ERR,ERR,ERR,ERR,ERR,ERR,ERR,ERR,0.0,0.0,0.0,0.0,0.0,1.3936040501711995e+18,7.805,0.0,0,0,4,0,7116,0.0,100,0.0,0.0,0.0,0.0,0.0,0,0,0,0,0.0,0,0,0,0,0,0,0,0,0,0,0,0,0,0,0,0,0,0,0,0,0,0,0,0,0,0,0,0,0,0,0,0,0,31,40,40,71,65476,0,300,0,0,8,21553,0.0,-107605600.0,0.0,0.0,0.0,0.0,0.0,0.0,0.0,0.0,0.0,0.0,0.0,0.0,-2.596148429267414e+33,0.0,0.0,0.0,0.0,0.0,0.0,0.0,-0.0,2.004,2.004,-0.0,0.0,0.0,0.0,0.0,6357.0,-3.697204605420044e+19,6940.0,0.0,0.0,0.0,0.0,0.0,0.0,0.0,0.0,69,-0.0,-0.0,0.0,0.0,0.0,0.0,0.0,0.0,0.0,0,0,0,0.0,0.0,0.0,0.0,0.0,0.0,0.0,0.0,0.0,0.0,0.0,0.0,0.0,0.0,0.0,0.0,0,-107875648.0,69,0.0,138,0.0,-0.0,0,13107,17040,0,17049,0,17043,0,0,0,70,68,100,2.7302359370752657e+23,71.1,0.0,74.2,2.7302370179391762e+23,74.0,1,49,50,180,0,52429,0,0,0.0,0.0,0.0,0.0,-0.0,67.0,0.0,162057.094,0.0,750,0,739,0,0,0,721,0,765,0,735,0,742,0,741,0,712,0,7520,0.032,79993765888.0,0.0,0.0,784,16797,-0.0,162057.094,-114818.039,-0.0,0.133,6.909358625270745e+28,30.0,65.0,35,0.0,0.0,0.0,0.0,0.0,0.0,0.0,0.0,0.0,0.0,0.0,0.0,0.0,0.0,0.0,0.0,69.2,0,150,71,54,65476,0,300,0,1,8,20529,65476,0,0,40632,65.0,0.0,0.0,0.0,0.0,0.0
2026-09-04T20:54:48,ERR,ERR,ERR,ERR,ERR,ERR,ERR,ERR,ERR,ERR,ERR,ERR,ERR,ERR,ERR,ERR,ERR,ERR,ERR,ERR,ERR,ERR,ERR,ERR,ERR,ERR,ERR,ERR,ERR,ERR,ERR,ERR,ERR,ERR,ERR,ERR,ERR,ERR,ERR,ERR,ERR,ERR,ERR,ERR,ERR,ERR,ERR,ERR,ERR,ERR,ERR,ERR,ERR,ERR,ERR,ERR,ERR,ERR,ERR,ERR,ERR,ERR,ERR,ERR,ERR,ERR,ERR,ERR,ERR,ERR,ERR,ERR,ERR,ERR,ERR,ERR,ERR,ERR,ERR,ERR,ERR,ERR,ERR,ERR,ERR,ERR,ERR,ERR,ERR,ERR,ERR,ERR,ERR,ERR,ERR,ERR,ERR,ERR,ERR,ERR,ERR,ERR,ERR,ERR,ERR,ERR,ERR,ERR,ERR,ERR,ERR,ERR,ERR,ERR,ERR,ERR,ERR,ERR,ERR,ERR,ERR,ERR,ERR,ERR,ERR,0.0,0.0,0.0,0.0,0.0,1.3936040501711995e+18,7.805,0.0,0,0,4,0,7116,0.0,100,0.0,0.0,0.0,0.0,0.0,0,0,0,0,0.0,0,0,0,0,0,0,0,0,0,0,0,0,0,0,0,0,0,0,0,0,0,0,0,0,0,0,0,0,0,0,0,0,0,31,40,40,71,65476,0,300,0,0,8,21553,0.0,-107605600.0,0.0,0.0,0.0,0.0,0.0,0.0,0.0,0.0,0.0,0.0,0.0,0.0,-2.596148429267414e+33,0.0,0.0,0.0,0.0,0.0,0.0,0.0,-0.0,2.004,2.004,-0.0,0.0,0.0,0.0,0.0,6357.0,-3.697204605420044e+19,6940.0,0.0,0.0,0.0,0.0,0.0,0.0,0.0,0.0,69,-0.0,-0.0,0.0,0.0,0.0,0.0,0.0,0.0,0.0,0,0,0,0.0,0.0,0.0,0.0,0.0,0.0,0.0,0.0,0.0,0.0,0.0,0.0,0.0,0.0,0.0,0.0,0,-107875648.0,69,0.0,138,0.0,-0.0,0,13107,17040,0,17049,0,17043,0,0,0,70,68,100,2.7302359370752657e+23,71.1,0.0,74.2,2.7302370179391762e+23,74.0,1,49,50,180,0,52429,0,0,0.0,0.0,0.0,0.0,-0.0,67.0,0.0,162057.094,0.0,750,0,739,0,0,0,721,0,765,0,735,0,742,0,741,0,712,0,7520,0.032,79993765888.0,0.0,0.0,784,16797,-0.0,162057.094,-114818.039,-0.0,0.133,6.909358625270745e+28,30.0,65.0,35,0.0,0.0,0.0,0.0,0.0,0.0,0.0,0.0,0.0,0.0,0.0,0.0,0.0,0.0,0.0,0.0,69.2,0,150,71,54,65476,0,300,0,1,8,20529,65476,0,0,40632,65.0,0.0,0.0,0.0,0.0,0.0
2026-09-04T20:54:49,ERR,ERR,ERR,ERR,ERR,ERR,ERR,ERR,ERR,ERR,ERR,ERR,ERR,ERR,ERR,ERR,ERR,ERR,ERR,ERR,ERR,ERR,ERR,ERR,ERR,ERR,ERR,ERR,ERR,ERR,ERR,ERR,ERR,ERR,ERR,ERR,ERR,ERR,ERR,ERR,ERR,ERR,ERR,ERR,ERR,ERR,ERR,ERR,ERR,ERR,ERR,ERR,ERR,ERR,ERR,ERR,ERR,ERR,ERR,ERR,ERR,ERR,ERR,ERR,ERR,ERR,ERR,ERR,ERR,ERR,ERR,ERR,ERR,ERR,ERR,ERR,ERR,ERR,ERR,ERR,ERR,ERR,ERR,ERR,ERR,ERR,ERR,ERR,ERR,ERR,ERR,ERR,ERR,ERR,ERR,ERR,ERR,ERR,ERR,ERR,ERR,ERR,ERR,ERR,ERR,ERR,ERR,ERR,ERR,ERR,ERR,ERR,ERR,ERR,ERR,ERR,ERR,ERR,ERR,ERR,ERR,ERR,ERR,ERR,ERR,0.0,0.0,0.0,0.0,0.0,1.3936040501711995e+18,7.805,0.0,0,0,4,0,7116,0.0,100,0.0,0.0,0.0,0.0,0.0,0,0,0,0,0.0,0,0,0,0,0,0,0,0,0,0,0,0,0,0,0,0,0,0,0,0,0,0,0,0,0,0,0,0,0,0,0,0,0,31,40,40,71,65476,0,300,0,0,8,21553,0.0,-107605600.0,0.0,0.0,0.0,0.0,0.0,0.0,0.0,0.0,0.0,0.0,0.0,0.0,-2.596148429267414e+33,0.0,0.0,0.0,0.0,0.0,0.0,0.0,-0.0,2.004,2.004,-0.0,0.0,0.0,0.0,0.0,6357.0,-3.697204605420044e+19,6940.0,0.0,0.0,0.0,0.0,0.0,0.0,0.0,0.0,69,-0.0,-0.0,0.0,0.0,0.0,0.0,0.0,0.0,0.0,0,0,0,0.0,0.0,0.0,0.0,0.0,0.0,0.0,0.0,0.0,0.0,0.0,0.0,0.0,0.0,0.0,0.0,0,-107875648.0,69,0.0,138,0.0,-0.0,0,13107,17040,0,17049,0,17043,0,0,0,70,68,100,2.7302359370752657e+23,71.1,0.0,74.2,2.7302370179391762e+23,74.0,1,49,50,180,0,52429,0,0,0.0,0.0,0.0,0.0,-0.0,67.0,0.0,162057.094,0.0,750,0,739,0,0,0,721,0,765,0,735,0,742,0,741,0,712,0,7520,0.032,79993765888.0,0.0,0.0,784,16797,-0.0,162057.094,-114818.039,-0.0,0.133,6.909358625270745e+28,30.0,65.0,35,0.0,0.0,0.0,0.0,0.0,0.0,0.0,0.0,0.0,0.0,0.0,0.0,0.0,0.0,0.0,0.0,69.2,0,150,71,54,65476,0,300,0,1,8,20529,65476,0,0,40632,65.0,0.0,0.0,0.0,0.0,0.0
2026-09-04T20:54:50,ERR,ERR,ERR,ERR,ERR,ERR,ERR,ERR,ERR,ERR,ERR,ERR,ERR,ERR,ERR,ERR,ERR,ERR,ERR,ERR,ERR,ERR,ERR,ERR,ERR,ERR,ERR,ERR,ERR,ERR,ERR,ERR,ERR,ERR,ERR,ERR,ERR,ERR,ERR,ERR,ERR,ERR,ERR,ERR,ERR,ERR,ERR,ERR,ERR,ERR,ERR,ERR,ERR,ERR,ERR,ERR,ERR,ERR,ERR,ERR,ERR,ERR,ERR,ERR,ERR,ERR,ERR,ERR,ERR,ERR,ERR,ERR,ERR,ERR,ERR,ERR,ERR,ERR,ERR,ERR,ERR,ERR,ERR,ERR,ERR,ERR,ERR,ERR,ERR,ERR,ERR,ERR,ERR,ERR,ERR,ERR,ERR,ERR,ERR,ERR,ERR,ERR,ERR,ERR,ERR,ERR,ERR,ERR,ERR,ERR,ERR,ERR,ERR,ERR,ERR,ERR,ERR,ERR,ERR,ERR,ERR,ERR,ERR,ERR,ERR,0.0,0.0,0.0,0.0,0.0,1.3936040501711995e+18,7.805,0.0,0,0,4,0,7116,0.0,100,0.0,0.0,0.0,0.0,0.0,0,0,0,0,0.0,0,0,0,0,0,0,0,0,0,0,0,0,0,0,0,0,0,0,0,0,0,0,0,0,0,0,0,0,0,0,0,0,0,31,40,40,71,65476,0,300,0,0,8,21553,0.0,-107605600.0,0.0,0.0,0.0,0.0,0.0,0.0,0.0,0.0,0.0,0.0,0.0,0.0,-2.596148429267414e+33,0.0,0.0,0.0,0.0,0.0,0.0,0.0,-0.0,2.004,2.004,-0.0,0.0,0.0,0.0,0.0,6357.0,-3.697204605420044e+19,6940.0,0.0,0.0,0.0,0.0,0.0,0.0,0.0,0.0,69,-0.0,-0.0,0.0,0.0,0.0,0.0,0.0,0.0,0.0,0,0,0,0.0,0.0,0.0,0.0,0.0,0.0,0.0,0.0,0.0,0.0,0.0,0.0,0.0,0.0,0.0,0.0,0,-107875648.0,69,0.0,138,0.0,-0.0,0,13107,17040,0,17049,0,17043,0,0,0,70,68,100,2.7302359370752657e+23,71.1,0.0,74.2,2.7302370179391762e+23,74.0,1,49,50,180,0,52429,0,0,0.0,0.0,0.0,0.0,-0.0,67.0,0.0,162057.094,0.0,750,0,739,0,0,0,721,0,765,0,735,0,742,0,741,0,712,0,7520,0.032,79993765888.0,0.0,0.0,784,16797,-0.0,162057.094,-114818.039,-0.0,0.133,6.909358625270745e+28,30.0,65.0,35,0.0,0.0,0.0,0.0,0.0,0.0,0.0,0.0,0.0,0.0,0.0,0.0,0.0,0.0,0.0,0.0,69.6,0,150,71,54,65476,0,300,0,1,8,20529,65476,0,0,40632,65.0,0.0,0.0,0.0,0.0,0.0
2026-09-04T20:54:51,ERR,ERR,ERR,ERR,ERR,ERR,ERR,ERR,ERR,ERR,ERR,ERR,ERR,ERR,ERR,ERR,ERR,ERR,ERR,ERR,ERR,ERR,ERR,ERR,ERR,ERR,ERR,ERR,ERR,ERR,ERR,ERR,ERR,ERR,ERR,ERR,ERR,ERR,ERR,ERR,ERR,ERR,ERR,ERR,ERR,ERR,ERR,ERR,ERR,ERR,ERR,ERR,ERR,ERR,ERR,ERR,ERR,ERR,ERR,ERR,ERR,ERR,ERR,ERR,ERR,ERR,ERR,ERR,ERR,ERR,ERR,ERR,ERR,ERR,ERR,ERR,ERR,ERR,ERR,ERR,ERR,ERR,ERR,ERR,ERR,ERR,ERR,ERR,ERR,ERR,ERR,ERR,ERR,ERR,ERR,ERR,ERR,ERR,ERR,ERR,ERR,ERR,ERR,ERR,ERR,ERR,ERR,ERR,ERR,ERR,ERR,ERR,ERR,ERR,ERR,ERR,ERR,ERR,ERR,ERR,ERR,ERR,ERR,ERR,ERR,0.0,0.0,0.0,0.0,0.0,1.3936040501711995e+18,7.805,0.0,0,0,4,0,7116,0.0,100,0.0,0.0,0.0,0.0,0.0,0,0,0,0,0.0,0,0,0,0,0,0,0,0,0,0,0,0,0,0,0,0,0,0,0,0,0,0,0,0,0,0,0,0,0,0,0,0,0,31,40,40,71,65476,0,300,0,0,8,21553,0.0,-107605600.0,0.0,0.0,0.0,0.0,0.0,0.0,0.0,0.0,0.0,0.0,0.0,0.0,-2.596148429267414e+33,0.0,0.0,0.0,0.0,0.0,0.0,0.0,-0.0,2.004,2.004,-0.0,0.0,0.0,0.0,0.0,6357.0,-3.697204605420044e+19,6940.0,0.0,0.0,0.0,0.0,0.0,0.0,0.0,0.0,69,-0.0,-0.0,0.0,0.0,0.0,0.0,0.0,0.0,0.0,0,0,0,0.0,0.0,0.0,0.0,0.0,0.0,0.0,0.0,0.0,0.0,0.0,0.0,0.0,0.0,0.0,0.0,0,-107875648.0,69,0.0,138,0.0,-0.0,0,13107,17040,0,17049,0,17043,0,0,0,70,68,100,2.7302359370752657e+23,71.1,0.0,74.2,2.7302370179391762e+23,74.0,1,49,50,180,0,52429,0,0,0.0,0.0,0.0,0.0,-0.0,67.0,0.0,162057.094,0.0,750,0,739,0,0,0,721,0,765,0,735,0,742,0,741,0,712,0,7520,0.032,79456894976.0,0.0,0.0,784,16797,-0.0,162057.094,-114818.039,-0.0,0.133,6.909358625270745e+28,30.0,65.0,35,0.0,0.0,0.0,0.0,0.0,0.0,0.0,0.0,0.0,0.0,0.0,0.0,0.0,0.0,0.0,0.0,69.6,0,150,71,54,65476,0,300,0,1,8,20529,65476,0,0,40632,65.0,0.0,0.0,0.0,0.0,0.0
2026-09-04T20:54:52,ERR,ERR,ERR,ERR,ERR,ERR,ERR,ERR,ERR,ERR,ERR,ERR,ERR,ERR,ERR,ERR,ERR,ERR,ERR,ERR,ERR,ERR,ERR,ERR,ERR,ERR,ERR,ERR,ERR,ERR,ERR,ERR,ERR,ERR,ERR,ERR,ERR,ERR,ERR,ERR,ERR,ERR,ERR,ERR,ERR,ERR,ERR,ERR,ERR,ERR,ERR,ERR,ERR,ERR,ERR,ERR,ERR,ERR,ERR,ERR,ERR,ERR,ERR,ERR,ERR,ERR,ERR,ERR,ERR,ERR,ERR,ERR,ERR,ERR,ERR,ERR,ERR,ERR,ERR,ERR,ERR,ERR,ERR,ERR,ERR,ERR,ERR,ERR,ERR,ERR,ERR,ERR,ERR,ERR,ERR,ERR,ERR,ERR,ERR,ERR,ERR,ERR,ERR,ERR,ERR,ERR,ERR,ERR,ERR,ERR,ERR,ERR,ERR,ERR,ERR,ERR,ERR,ERR,ERR,ERR,ERR,ERR,ERR,ERR,ERR,0.0,0.0,0.0,0.0,0.0,1.3936040501711995e+18,7.805,0.0,0,0,4,0,7116,0.0,100,0.0,0.0,0.0,0.0,0.0,0,0,0,0,0.0,0,0,0,0,0,0,0,0,0,0,0,0,0,0,0,0,0,0,0,0,0,0,0,0,0,0,0,0,0,0,0,0,0,31,40,40,71,65476,0,300,0,0,8,21553,0.0,-107605600.0,0.0,0.0,0.0,0.0,0.0,0.0,0.0,0.0,0.0,0.0,0.0,0.0,0.0,0.0,0.0,0.0,0.0,0.0,0.0,0.0,-0.0,2.004,2.004,-0.0,0.0,0.0,0.0,0.0,6391.0,0.0,6916.0,0.0,0.0,0.0,0.0,0.0,0.0,0.0,0.0,69,-0.0,-2.3088375511221744e+20,0.0,0.0,0.0,0.0,0.0,0.0,0.0,0,0,0,0.0,0.0,0.0,0.0,0.0,0.0,0.0,0.0,0.0,0.0,0.0,0.0,0.0,0.0,0.0,0.0,0,-107875648.0,69,0.0,138,0.0,-0.0,0,13107,17040,0,17049,0,17043,0,0,0,70,68,100,2.7302359370752657e+23,71.1,0.0,74.2,2.7302370179391762e+23,74.0,1,49,50,180,0,52429,0,0,0.0,0.0,0.0,0.0,-0.0,67.0,0.0,162057.094,0.0,750,0,739,0,0,0,721,0,765,0,735,0,742,0,741,0,712,0,7520,0.032,79456894976.0,0.0,0.0,784,16797,-0.0,162057.094,-114818.039,-0.0,0.133,6.909358625270745e+28,30.0,65.0,35,0.0,0.0,0.0,0.0,0.0,0.0,0.0,0.0,0.0,0.0,0.0,0.0,0.0,0.0,0.0,0.0,69.2,0,150,71,54,65476,0,300,0,1,8,20529,65476,0,0,40632,65.0,0.0,0.0,0.0,0.0,0.0
2026-09-04T20:54:53,ERR,ERR,ERR,ERR,ERR,ERR,ERR,ERR,ERR,ERR,ERR,ERR,ERR,ERR,ERR,ERR,ERR,ERR,ERR,ERR,ERR,ERR,ERR,ERR,ERR,ERR,ERR,ERR,ERR,ERR,ERR,ERR,ERR,ERR,ERR,ERR,ERR,ERR,ERR,ERR,ERR,ERR,ERR,ERR,ERR,ERR,ERR,ERR,ERR,ERR,ERR,ERR,ERR,ERR,ERR,ERR,ERR,ERR,ERR,ERR,ERR,ERR,ERR,ERR,ERR,ERR,ERR,ERR,ERR,ERR,ERR,ERR,ERR,ERR,ERR,ERR,ERR,ERR,ERR,ERR,ERR,ERR,ERR,ERR,ERR,ERR,ERR,ERR,ERR,ERR,ERR,ERR,ERR,ERR,ERR,ERR,ERR,ERR,ERR,ERR,ERR,ERR,ERR,ERR,ERR,ERR,ERR,ERR,ERR,ERR,ERR,ERR,ERR,ERR,ERR,ERR,ERR,ERR,ERR,ERR,ERR,ERR,ERR,ERR,ERR,0.0,0.0,0.0,0.0,0.0,1.3936040501711995e+18,7.805,0.0,0,0,4,0,7116,0.0,100,0.0,0.0,0.0,0.0,0.0,0,0,0,0,0.0,0,0,0,0,0,0,0,0,0,0,0,0,0,0,0,0,0,0,0,0,0,0,0,0,0,0,0,0,0,0,0,0,0,31,40,40,71,65476,0,300,0,0,8,21553,0.0,-107605600.0,0.0,0.0,0.0,0.0,0.0,0.0,0.0,0.0,0.0,0.0,0.0,0.0,0.0,0.0,0.0,0.0,0.0,0.0,0.0,0.0,-0.0,2.004,2.004,-0.0,0.0,0.0,0.0,0.0,6391.0,0.0,6916.0,0.0,0.0,0.0,0.0,0.0,0.0,0.0,0.0,69,-0.0,-2.3088375511221744e+20,0.0,0.0,0.0,0.0,0.0,0.0,0.0,0,0,0,0.0,0.0,0.0,0.0,0.0,0.0,0.0,0.0,0.0,0.0,0.0,0.0,0.0,0.0,0.0,0.0,0,-107875648.0,69,0.0,138,0.0,-0.0,0,13107,17040,0,17049,0,17043,0,0,0,70,68,100,2.7302359370752657e+23,71.1,0.0,74.2,2.7302370179391762e+23,74.0,1,49,50,180,0,52429,0,0,0.0,0.0,0.0,0.0,-0.0,67.0,0.0,162057.094,0.0,750,0,739,0,0,0,721,0,765,0,735,0,742,0,741,0,712,0,7520,0.032,79456894976.0,0.0,0.0,784,16797,-0.0,162057.094,-114818.039,-0.0,0.133,6.909358625270745e+28,30.0,65.0,35,0.0,0.0,0.0,0.0,0.0,0.0,0.0,0.0,0.0,0.0,0.0,0.0,0.0,0.0,0.0,0.0,69.2,0,150,71,54,65476,0,300,0,1,8,20529,65476,0,0,40632,65.0,0.0,0.0,0.0,0.0,0.0
2026-09-04T20:54:54,ERR,ERR,ERR,ERR,ERR,ERR,ERR,ERR,ERR,ERR,ERR,ERR,ERR,ERR,ERR,ERR,ERR,ERR,ERR,ERR,ERR,ERR,ERR,ERR,ERR,ERR,ERR,ERR,ERR,ERR,ERR,ERR,ERR,ERR,ERR,ERR,ERR,ERR,ERR,ERR,ERR,ERR,ERR,ERR,ERR,ERR,ERR,ERR,ERR,ERR,ERR,ERR,ERR,ERR,ERR,ERR,ERR,ERR,ERR,ERR,ERR,ERR,ERR,ERR,ERR,ERR,ERR,ERR,ERR,ERR,ERR,ERR,ERR,ERR,ERR,ERR,ERR,ERR,ERR,ERR,ERR,ERR,ERR,ERR,ERR,ERR,ERR,ERR,ERR,ERR,ERR,ERR,ERR,ERR,ERR,ERR,ERR,ERR,ERR,ERR,ERR,ERR,ERR,ERR,ERR,ERR,ERR,ERR,ERR,ERR,ERR,ERR,ERR,ERR,ERR,ERR,ERR,ERR,ERR,ERR,ERR,ERR,ERR,ERR,ERR,0.0,0.0,0.0,0.0,0.0,1.3936040501711995e+18,7.805,0.0,0,0,4,0,7116,0.0,100,0.0,0.0,0.0,0.0,0.0,0,0,0,0,0.0,0,0,0,0,0,0,0,0,0,0,0,0,0,0,0,0,0,0,0,0,0,0,0,0,0,0,0,0,0,0,0,0,0,31,40,40,71,65476,0,300,0,0,8,21553,0.0,-107605600.0,0.0,0.0,0.0,0.0,0.0,0.0,0.0,0.0,0.0,0.0,0.0,0.0,0.0,0.0,0.0,0.0,0.0,0.0,0.0,0.0,-0.0,2.004,2.004,-0.0,0.0,0.0,0.0,0.0,6391.0,0.0,6916.0,0.0,0.0,0.0,0.0,0.0,0.0,0.0,0.0,69,-0.0,-2.3088375511221744e+20,0.0,0.0,0.0,0.0,0.0,0.0,0.0,0,0,0,0.0,0.0,0.0,0.0,0.0,0.0,0.0,0.0,0.0,0.0,0.0,0.0,0.0,0.0,0.0,0.0,0,-107875648.0,69,0.0,138,0.0,-0.0,0,13107,17040,0,17049,0,17043,0,0,0,70,68,100,2.7302359370752657e+23,71.1,0.0,74.2,2.7302370179391762e+23,74.0,1,49,50,180,0,52429,0,0,0.0,0.0,0.0,0.0,-0.0,67.0,0.0,162057.094,0.0,750,0,739,0,0,0,721,0,765,0,735,0,742,0,741,0,712,0,7520,0.032,79456894976.0,0.0,0.0,784,16797,-0.0,162057.094,-114818.039,-0.0,0.133,6.909358625270745e+28,30.0,65.0,35,0.0,0.0,0.0,0.0,0.0,0.0,0.0,0.0,0.0,0.0,0.0,0.0,0.0,0.0,0.0,0.0,69.2,0,150,71,54,65476,0,300,0,1,8,20529,65476,0,0,40632,65.0,0.0,0.0,0.0,0.0,0.0
2026-09-04T20:54:55,ERR,ERR,ERR,ERR,ERR,ERR,ERR,ERR,ERR,ERR,ERR,ERR,ERR,ERR,ERR,ERR,ERR,ERR,ERR,ERR,ERR,ERR,ERR,ERR,ERR,ERR,ERR,ERR,ERR,ERR,ERR,ERR,ERR,ERR,ERR,ERR,ERR,ERR,ERR,ERR,ERR,ERR,ERR,ERR,ERR,ERR,ERR,ERR,ERR,ERR,ERR,ERR,ERR,ERR,ERR,ERR,ERR,ERR,ERR,ERR,ERR,ERR,ERR,ERR,ERR,ERR,ERR,ERR,ERR,ERR,ERR,ERR,ERR,ERR,ERR,ERR,ERR,ERR,ERR,ERR,ERR,ERR,ERR,ERR,ERR,ERR,ERR,ERR,ERR,ERR,ERR,ERR,ERR,ERR,ERR,ERR,ERR,ERR,ERR,ERR,ERR,ERR,ERR,ERR,ERR,ERR,ERR,ERR,ERR,ERR,ERR,ERR,ERR,ERR,ERR,ERR,ERR,ERR,ERR,ERR,ERR,ERR,ERR,ERR,ERR,0.0,0.0,0.0,0.0,0.0,1.3936040501711995e+18,7.805,0.0,0,0,4,0,7116,0.0,100,0.0,0.0,0.0,0.0,0.0,0,0,0,0,0.0,0,0,0,0,0,0,0,0,0,0,0,0,0,0,0,0,0,0,0,0,0,0,0,0,0,0,0,0,0,0,0,0,0,31,40,40,71,65476,0,300,0,0,8,21553,0.0,-107605600.0,0.0,0.0,0.0,0.0,0.0,0.0,0.0,0.0,0.0,0.0,0.0,0.0,0.0,0.0,0.0,0.0,0.0,0.0,0.0,0.0,-0.0,2.004,2.004,-0.0,0.0,0.0,0.0,0.0,6391.0,0.0,6916.0,0.0,0.0,0.0,0.0,0.0,0.0,0.0,0.0,69,-0.0,-2.3088375511221744e+20,0.0,0.0,0.0,0.0,0.0,0.0,0.0,0,0,0,0.0,0.0,0.0,0.0,0.0,0.0,0.0,0.0,0.0,0.0,0.0,0.0,0.0,0.0,0.0,0.0,0,-107875648.0,69,0.0,138,0.0,-0.0,0,13107,17040,0,17049,0,17043,0,0,0,70,68,100,2.7302359370752657e+23,71.1,0.0,74.2,2.7302370179391762e+23,74.0,1,49,50,180,0,52429,0,0,0.0,0.0,0.0,0.0,-0.0,67.0,0.0,162057.094,0.0,750,0,739,0,0,0,721,0,765,0,735,0,742,0,741,0,712,0,7520,0.032,79456894976.0,0.0,0.0,784,16797,-0.0,162057.094,-114818.039,-0.0,0.133,6.909358625270745e+28,30.0,65.0,35,0.0,0.0,0.0,0.0,0.0,0.0,0.0,0.0,0.0,0.0,0.0,0.0,0.0,0.0,0.0,0.0,69.6,0,150,71,54,65476,0,300,0,1,8,20529,65476,0,0,40632,65.0,0.0,0.0,0.0,0.0,0.0
2026-09-04T20:54:56,ERR,ERR,ERR,ERR,ERR,ERR,ERR,ERR,ERR,ERR,ERR,ERR,ERR,ERR,ERR,ERR,ERR,ERR,ERR,ERR,ERR,ERR,ERR,ERR,ERR,ERR,ERR,ERR,ERR,ERR,ERR,ERR,ERR,ERR,ERR,ERR,ERR,ERR,ERR,ERR,ERR,ERR,ERR,ERR,ERR,ERR,ERR,ERR,ERR,ERR,ERR,ERR,ERR,ERR,ERR,ERR,ERR,ERR,ERR,ERR,ERR,ERR,ERR,ERR,ERR,ERR,ERR,ERR,ERR,ERR,ERR,ERR,ERR,ERR,ERR,ERR,ERR,ERR,ERR,ERR,ERR,ERR,ERR,ERR,ERR,ERR,ERR,ERR,ERR,ERR,ERR,ERR,ERR,ERR,ERR,ERR,ERR,ERR,ERR,ERR,ERR,ERR,ERR,ERR,ERR,ERR,ERR,ERR,ERR,ERR,ERR,ERR,ERR,ERR,ERR,ERR,ERR,ERR,ERR,ERR,ERR,ERR,ERR,ERR,ERR,0.0,0.0,0.0,0.0,0.0,1.3936040501711995e+18,7.805,0.0,0,0,4,0,7116,0.0,100,0.0,0.0,0.0,0.0,0.0,0,0,0,0,0.0,0,0,0,0,0,0,0,0,0,0,0,0,0,0,0,0,0,0,0,0,0,0,0,0,0,0,0,0,0,0,0,0,0,31,40,40,71,65476,0,300,0,0,8,21553,0.0,-107605600.0,0.0,0.0,0.0,0.0,0.0,0.0,0.0,0.0,0.0,0.0,0.0,0.0,0.0,0.0,0.0,0.0,0.0,0.0,0.0,0.0,-0.0,2.004,2.004,-0.0,0.0,0.0,0.0,0.0,6391.0,0.0,6916.0,0.0,0.0,0.0,0.0,0.0,0.0,0.0,0.0,69,-0.0,-2.3088375511221744e+20,0.0,0.0,0.0,0.0,0.0,0.0,0.0,0,0,0,0.0,0.0,0.0,0.0,0.0,0.0,0.0,0.0,0.0,0.0,0.0,0.0,0.0,0.0,0.0,0.0,0,-107875648.0,69,0.0,138,0.0,-0.0,0,13107,17040,0,17049,0,17043,0,0,0,70,68,100,2.7302359370752657e+23,71.1,0.0,74.2,2.7302370179391762e+23,74.0,1,49,50,180,0,52429,0,0,0.0,0.0,0.0,0.0,-0.0,67.0,0.0,162057.094,0.0,750,0,739,0,0,0,721,0,765,0,735,0,742,0,741,0,712,0,7520,0.032,79993765888.0,0.0,0.0,784,16797,-0.0,162057.094,-114818.039,-0.0,0.133,6.909358625270745e+28,30.0,65.0,35,0.0,0.0,0.0,0.0,0.0,0.0,0.0,0.0,0.0,0.0,0.0,0.0,0.0,0.0,0.0,0.0,69.6,0,150,71,54,65476,0,300,0,1,8,20529,65476,0,0,40632,65.0,0.0,0.0,0.0,0.0,0.0
2026-09-04T20:54:57,ERR,ERR,ERR,ERR,ERR,ERR,ERR,ERR,ERR,ERR,ERR,ERR,ERR,ERR,ERR,ERR,ERR,ERR,ERR,ERR,ERR,ERR,ERR,ERR,ERR,ERR,ERR,ERR,ERR,ERR,ERR,ERR,ERR,ERR,ERR,ERR,ERR,ERR,ERR,ERR,ERR,ERR,ERR,ERR,ERR,ERR,ERR,ERR,ERR,ERR,ERR,ERR,ERR,ERR,ERR,ERR,ERR,ERR,ERR,ERR,ERR,ERR,ERR,ERR,ERR,ERR,ERR,ERR,ERR,ERR,ERR,ERR,ERR,ERR,ERR,ERR,ERR,ERR,ERR,ERR,ERR,ERR,ERR,ERR,ERR,ERR,ERR,ERR,ERR,ERR,ERR,ERR,ERR,ERR,ERR,ERR,ERR,ERR,ERR,ERR,ERR,ERR,ERR,ERR,ERR,ERR,ERR,ERR,ERR,ERR,ERR,ERR,ERR,ERR,ERR,ERR,ERR,ERR,ERR,ERR,ERR,ERR,ERR,ERR,ERR,0.0,0.0,0.0,0.0,0.0,1.3936040501711995e+18,7.805,0.0,0,0,4,0,7116,0.0,100,0.0,0.0,0.0,0.0,0.0,0,0,0,0,0.0,0,0,0,0,0,0,0,0,0,0,0,0,0,0,0,0,0,0,0,0,0,0,0,0,0,0,0,0,0,0,0,0,0,31,40,40,71,65476,0,300,0,0,8,21553,0.0,-107605600.0,0.0,0.0,0.0,0.0,0.0,0.0,0.0,0.0,0.0,0.0,0.0,0.0,0.0,0.0,0.0,0.0,0.0,0.0,0.0,0.0,-0.0,2.004,2.004,-0.0,0.0,0.0,0.0,0.0,6391.0,0.0,6916.0,0.0,0.0,0.0,0.0,0.0,0.0,0.0,0.0,69,-0.0,-2.3088375511221744e+20,0.0,0.0,0.0,0.0,0.0,0.0,0.0,0,0,0,0.0,0.0,0.0,0.0,0.0,0.0,0.0,0.0,0.0,0.0,0.0,0.0,0.0,0.0,0.0,0.0,0,-107875648.0,69,0.0,138,0.0,-0.0,0,13107,17040,0,17049,0,17043,0,0,0,70,68,100,2.7302359370752657e+23,71.1,0.0,74.2,2.7302370179391762e+23,74.0,1,49,50,180,0,52429,0,0,0.0,0.0,0.0,0.0,-0.0,67.0,0.0,162057.094,0.0,750,0,739,0,0,0,721,0,765,0,735,0,742,0,741,0,712,0,7520,0.032,79993765888.0,0.0,0.0,784,16797,-0.0,162057.094,-114818.039,-0.0,0.133,6.909358625270745e+28,30.0,65.0,35,0.0,0.0,0.0,0.0,0.0,0.0,0.0,0.0,0.0,0.0,0.0,0.0,0.0,0.0,0.0,0.0,69.6,0,150,71,54,65476,0,300,0,1,8,20529,65476,0,0,40632,65.0,0.0,0.0,0.0,0.0,0.0
2026-09-04T20:54:58,ERR,ERR,ERR,ERR,ERR,ERR,ERR,ERR,ERR,ERR,ERR,ERR,ERR,ERR,ERR,ERR,ERR,ERR,ERR,ERR,ERR,ERR,ERR,ERR,ERR,ERR,ERR,ERR,ERR,ERR,ERR,ERR,ERR,ERR,ERR,ERR,ERR,ERR,ERR,ERR,ERR,ERR,ERR,ERR,ERR,ERR,ERR,ERR,ERR,ERR,ERR,ERR,ERR,ERR,ERR,ERR,ERR,ERR,ERR,ERR,ERR,ERR,ERR,ERR,ERR,ERR,ERR,ERR,ERR,ERR,ERR,ERR,ERR,ERR,ERR,ERR,ERR,ERR,ERR,ERR,ERR,ERR,ERR,ERR,ERR,ERR,ERR,ERR,ERR,ERR,ERR,ERR,ERR,ERR,ERR,ERR,ERR,ERR,ERR,ERR,ERR,ERR,ERR,ERR,ERR,ERR,ERR,ERR,ERR,ERR,ERR,ERR,ERR,ERR,ERR,ERR,ERR,ERR,ERR,ERR,ERR,ERR,ERR,ERR,ERR,0.0,0.0,0.0,0.0,0.0,1.3936040501711995e+18,7.805,0.0,0,0,4,0,7116,0.0,100,0.0,0.0,0.0,0.0,0.0,0,0,0,0,0.0,0,0,0,0,0,0,0,0,0,0,0,0,0,0,0,0,0,0,0,0,0,0,0,0,0,0,0,0,0,0,0,0,0,31,40,40,71,65476,0,300,0,0,8,21553,0.0,-107605600.0,0.0,0.0,0.0,0.0,0.0,0.0,0.0,0.0,0.0,0.0,0.0,0.0,0.0,0.0,0.0,0.0,0.0,0.0,0.0,0.0,-0.0,2.004,2.004,-0.0,0.0,0.0,0.0,0.0,6391.0,0.0,6916.0,0.0,0.0,0.0,0.0,0.0,0.0,0.0,0.0,69,-0.0,-2.3088375511221744e+20,0.0,0.0,0.0,0.0,0.0,0.0,0.0,0,0,0,0.0,0.0,0.0,0.0,0.0,0.0,0.0,0.0,0.0,0.0,0.0,0.0,0.0,0.0,0.0,0.0,0,-107875648.0,69,0.0,138,0.0,-0.0,0,13107,17040,0,17049,0,17043,0,0,0,70,68,100,2.7302359370752657e+23,71.1,0.0,74.2,2.7302370179391762e+23,74.0,1,49,50,180,0,52429,0,0,0.0,0.0,0.0,0.0,-0.0,67.0,0.0,162057.094,0.0,750,0,739,0,0,0,721,0,765,0,735,0,742,0,741,0,712,0,7520,0.032,79993765888.0,0.0,0.0,784,16797,-0.0,162057.094,-114818.039,-0.0,0.133,6.909358625270745e+28,30.0,65.0,35,0.0,0.0,0.0,0.0,0.0,0.0,0.0,0.0,0.0,0.0,0.0,0.0,0.0,0.0,0.0,0.0,69.6,0,150,71,54,65476,0,300,0,1,8,20529,65476,0,0,40632,65.0,0.0,0.0,0.0,0.0,0.0
2026-09-04T20:54:59,ERR,ERR,ERR,ERR,ERR,ERR,ERR,ERR,ERR,ERR,ERR,ERR,ERR,ERR,ERR,ERR,ERR,ERR,ERR,ERR,ERR,ERR,ERR,ERR,ERR,ERR,ERR,ERR,ERR,ERR,ERR,ERR,ERR,ERR,ERR,ERR,ERR,ERR,ERR,ERR,ERR,ERR,ERR,ERR,ERR,ERR,ERR,ERR,ERR,ERR,ERR,ERR,ERR,ERR,ERR,ERR,ERR,ERR,ERR,ERR,ERR,ERR,ERR,ERR,ERR,ERR,ERR,ERR,ERR,ERR,ERR,ERR,ERR,ERR,ERR,ERR,ERR,ERR,ERR,ERR,ERR,ERR,ERR,ERR,ERR,ERR,ERR,ERR,ERR,ERR,ERR,ERR,ERR,ERR,ERR,ERR,ERR,ERR,ERR,ERR,ERR,ERR,ERR,ERR,ERR,ERR,ERR,ERR,ERR,ERR,ERR,ERR,ERR,ERR,ERR,ERR,ERR,ERR,ERR,ERR,ERR,ERR,ERR,ERR,ERR,0.0,0.0,0.0,0.0,0.0,1.3936040501711995e+18,7.805,0.0,0,0,4,0,7116,0.0,100,0.0,0.0,0.0,0.0,0.0,0,0,0,0,0.0,0,0,0,0,0,0,0,0,0,0,0,0,0,0,0,0,0,0,0,0,0,0,0,0,0,0,0,0,0,0,0,0,0,31,40,40,71,65476,0,300,0,0,8,21553,0.0,-107605600.0,0.0,0.0,0.0,0.0,0.0,0.0,0.0,0.0,0.0,0.0,0.0,0.0,0.0,0.0,0.0,0.0,0.0,0.0,0.0,0.0,-0.0,2.004,2.004,-0.0,0.0,0.0,0.0,0.0,6391.0,0.0,6916.0,0.0,0.0,0.0,0.0,0.0,0.0,0.0,0.0,69,-0.0,-2.3088375511221744e+20,0.0,0.0,0.0,0.0,0.0,0.0,0.0,0,0,0,0.0,0.0,0.0,0.0,0.0,0.0,0.0,0.0,0.0,0.0,0.0,0.0,0.0,0.0,0.0,0.0,0,-107875648.0,69,0.0,138,0.0,-0.0,0,13107,17040,0,17049,0,17043,0,0,0,70,68,100,2.7302359370752657e+23,71.1,0.0,74.2,2.7302370179391762e+23,74.0,1,49,50,180,0,52429,0,0,0.0,0.0,0.0,0.0,-0.0,67.0,0.0,162057.094,0.0,750,0,739,0,0,0,721,0,765,0,735,0,742,0,741,0,712,0,7520,0.032,79993765888.0,0.0,0.0,784,16797,-0.0,162057.094,-114818.039,-0.0,0.133,6.909358625270745e+28,30.0,65.0,35,0.0,0.0,0.0,0.0,0.0,0.0,0.0,0.0,0.0,0.0,0.0,0.0,0.0,0.0,0.0,0.0,69.6,0,150,71,54,65476,0,300,0,1,8,20529,65476,0,0,40632,65.0,0.0,0.0,0.0,0.0,0.0
2026-09-04T20:55:00,ERR,ERR,ERR,ERR,ERR,ERR,ERR,ERR,ERR,ERR,ERR,ERR,ERR,ERR,ERR,ERR,ERR,ERR,ERR,ERR,ERR,ERR,ERR,ERR,ERR,ERR,ERR,ERR,ERR,ERR,ERR,ERR,ERR,ERR,ERR,ERR,ERR,ERR,ERR,ERR,ERR,ERR,ERR,ERR,ERR,ERR,ERR,ERR,ERR,ERR,ERR,ERR,ERR,ERR,ERR,ERR,ERR,ERR,ERR,ERR,ERR,ERR,ERR,ERR,ERR,ERR,ERR,ERR,ERR,ERR,ERR,ERR,ERR,ERR,ERR,ERR,ERR,ERR,ERR,ERR,ERR,ERR,ERR,ERR,ERR,ERR,ERR,ERR,ERR,ERR,ERR,ERR,ERR,ERR,ERR,ERR,ERR,ERR,ERR,ERR,ERR,ERR,ERR,ERR,ERR,ERR,ERR,ERR,ERR,ERR,ERR,ERR,ERR,ERR,ERR,ERR,ERR,ERR,ERR,ERR,ERR,ERR,ERR,ERR,ERR,0.0,0.0,0.0,0.0,0.0,1.3936040501711995e+18,7.805,0.0,0,0,4,0,7116,0.0,100,0.0,0.0,0.0,0.0,0.0,0,0,0,0,0.0,0,0,0,0,0,0,0,0,0,0,0,0,0,0,0,0,0,0,0,0,0,0,0,0,0,0,0,0,0,0,0,0,0,31,40,40,71,65476,0,300,0,0,8,21553,0.0,-107605600.0,0.0,0.0,0.0,0.0,0.0,0.0,0.0,0.0,0.0,0.0,0.0,0.0,0.0,0.0,0.0,0.0,0.0,0.0,0.0,0.0,-0.0,2.004,2.004,-0.0,0.0,0.0,0.0,0.0,6360.0,-0.0,6923.0,0.0,0.0,0.0,0.0,0.0,0.0,0.0,0.0,69,-0.0,-2.308837375200314e+20,0.0,0.0,0.0,0.0,0.0,0.0,0.0,0,0,0,0.0,0.0,0.0,0.0,0.0,0.0,0.0,0.0,0.0,0.0,0.0,0.0,0.0,0.0,0.0,0.0,0,-107875648.0,69,0.0,138,0.0,-0.0,0,13107,17040,0,17049,0,17043,0,0,0,70,68,100,2.7302359370752657e+23,71.1,0.0,74.2,2.7302370179391762e+23,74.0,1,49,50,180,0,52429,0,0,0.0,0.0,0.0,0.0,-0.0,67.0,0.0,162057.094,0.0,750,0,739,0,0,0,721,0,765,0,735,0,742,0,741,0,712,0,7520,0.032,79993765888.0,0.0,0.0,784,16797,-0.0,162057.094,-114818.039,-0.0,0.133,6.909358625270745e+28,30.0,65.0,35,0.0,0.0,0.0,0.0,0.0,0.0,0.0,0.0,0.0,0.0,0.0,0.0,0.0,0.0,0.0,0.0,69.2,0,150,71,54,65476,0,300,0,1,8,20529,65476,0,0,40632,65.0,0.0,0.0,0.0,0.0,0.0
2026-09-04T20:55:01,ERR,ERR,ERR,ERR,ERR,ERR,ERR,ERR,ERR,ERR,ERR,ERR,ERR,ERR,ERR,ERR,ERR,ERR,ERR,ERR,ERR,ERR,ERR,ERR,ERR,ERR,ERR,ERR,ERR,ERR,ERR,ERR,ERR,ERR,ERR,ERR,ERR,ERR,ERR,ERR,ERR,ERR,ERR,ERR,ERR,ERR,ERR,ERR,ERR,ERR,ERR,ERR,ERR,ERR,ERR,ERR,ERR,ERR,ERR,ERR,ERR,ERR,ERR,ERR,ERR,ERR,ERR,ERR,ERR,ERR,ERR,ERR,ERR,ERR,ERR,ERR,ERR,ERR,ERR,ERR,ERR,ERR,ERR,ERR,ERR,ERR,ERR,ERR,ERR,ERR,ERR,ERR,ERR,ERR,ERR,ERR,ERR,ERR,ERR,ERR,ERR,ERR,ERR,ERR,ERR,ERR,ERR,ERR,ERR,ERR,ERR,ERR,ERR,ERR,ERR,ERR,ERR,ERR,ERR,ERR,ERR,ERR,ERR,ERR,ERR,0.0,0.0,0.0,0.0,0.0,1.3936040501711995e+18,7.805,0.0,0,0,4,0,7116,0.0,100,0.0,0.0,0.0,0.0,0.0,0,0,0,0,0.0,0,0,0,0,0,0,0,0,0,0,0,0,0,0,0,0,0,0,0,0,0,0,0,0,0,0,0,0,0,0,0,0,0,31,40,40,71,65476,0,300,0,0,8,21553,0.0,-107605600.0,0.0,0.0,0.0,0.0,0.0,0.0,0.0,0.0,0.0,0.0,0.0,0.0,0.0,0.0,0.0,0.0,0.0,0.0,0.0,0.0,-0.0,2.004,2.004,-0.0,0.0,0.0,0.0,0.0,6360.0,-0.0,6923.0,0.0,0.0,0.0,0.0,0.0,0.0,0.0,0.0,69,-0.0,-2.308837375200314e+20,0.0,0.0,0.0,0.0,0.0,0.0,0.0,0,0,0,0.0,0.0,0.0,0.0,0.0,0.0,0.0,0.0,0.0,0.0,0.0,0.0,0.0,0.0,0.0,0.0,0,-107875648.0,69,0.0,138,0.0,-0.0,0,13107,17040,0,17049,0,17043,0,0,0,70,68,100,2.7302359370752657e+23,71.1,0.0,74.2,2.7302370179391762e+23,74.0,1,49,50,180,0,52429,0,0,0.0,0.0,0.0,0.0,-0.0,67.0,0.0,162057.094,0.0,750,0,739,0,0,0,721,0,765,0,735,0,742,0,741,0,712,0,7520,0.032,79993765888.0,0.0,0.0,784,16797,-0.0,162057.094,-114818.039,-0.0,0.133,6.909358625270745e+28,30.0,65.0,35,0.0,0.0,0.0,0.0,0.0,0.0,0.0,0.0,0.0,0.0,0.0,0.0,0.0,0.0,0.0,0.0,69.2,0,150,71,54,65476,0,300,0,1,8,20529,65476,0,0,40632,65.0,0.0,0.0,0.0,0.0,0.0
2026-09-04T20:55:02,ERR,ERR,ERR,ERR,ERR,ERR,ERR,ERR,ERR,ERR,ERR,ERR,ERR,ERR,ERR,ERR,ERR,ERR,ERR,ERR,ERR,ERR,ERR,ERR,ERR,ERR,ERR,ERR,ERR,ERR,ERR,ERR,ERR,ERR,ERR,ERR,ERR,ERR,ERR,ERR,ERR,ERR,ERR,ERR,ERR,ERR,ERR,ERR,ERR,ERR,ERR,ERR,ERR,ERR,ERR,ERR,ERR,ERR,ERR,ERR,ERR,ERR,ERR,ERR,ERR,ERR,ERR,ERR,ERR,ERR,ERR,ERR,ERR,ERR,ERR,ERR,ERR,ERR,ERR,ERR,ERR,ERR,ERR,ERR,ERR,ERR,ERR,ERR,ERR,ERR,ERR,ERR,ERR,ERR,ERR,ERR,ERR,ERR,ERR,ERR,ERR,ERR,ERR,ERR,ERR,ERR,ERR,ERR,ERR,ERR,ERR,ERR,ERR,ERR,ERR,ERR,ERR,ERR,ERR,ERR,ERR,ERR,ERR,ERR,ERR,0.0,0.0,0.0,0.0,0.0,1.3936040501711995e+18,7.805,0.0,0,0,4,0,7116,0.0,100,0.0,0.0,0.0,0.0,0.0,0,0,0,0,0.0,0,0,0,0,0,0,0,0,0,0,0,0,0,0,0,0,0,0,0,0,0,0,0,0,0,0,0,0,0,0,0,0,0,31,40,40,71,65476,0,300,0,0,8,21553,0.0,-107605600.0,0.0,0.0,0.0,0.0,0.0,0.0,0.0,0.0,0.0,0.0,0.0,0.0,0.0,0.0,0.0,0.0,0.0,0.0,0.0,0.0,-0.0,2.004,2.004,-0.0,0.0,0.0,0.0,0.0,6360.0,-0.0,6923.0,0.0,0.0,0.0,0.0,0.0,0.0,0.0,0.0,69,-0.0,-2.308837375200314e+20,0.0,0.0,0.0,0.0,0.0,0.0,0.0,0,0,0,0.0,0.0,0.0,0.0,0.0,0.0,0.0,0.0,0.0,0.0,0.0,0.0,0.0,0.0,0.0,0.0,0,-107875648.0,69,0.0,138,0.0,-0.0,0,13107,17040,13107,17049,0,17043,0,0,0,70,68,100,2.7302359370752657e+23,71.1,0.0,74.2,2.7302370179391762e+23,74.0,1,49,50,180,0,52429,0,0,0.0,0.0,0.0,0.0,-0.0,67.0,0.0,162057.094,0.0,750,0,739,0,0,0,721,0,765,0,735,0,742,0,741,0,712,0,7520,0.032,79456894976.0,0.0,0.0,784,16797,-0.0,162057.094,-114818.039,-0.0,0.133,6.909358625270745e+28,30.0,65.0,35,0.0,0.0,0.0,0.0,0.0,0.0,0.0,0.0,0.0,0.0,0.0,0.0,0.0,0.0,0.0,0.0,69.6,0,150,71,54,65476,0,300,0,1,8,20529,65476,0,0,40632,65.0,0.0,0.0,0.0,0.0,0.0
2026-09-04T20:55:03,ERR,ERR,ERR,ERR,ERR,ERR,ERR,ERR,ERR,ERR,ERR,ERR,ERR,ERR,ERR,ERR,ERR,ERR,ERR,ERR,ERR,ERR,ERR,ERR,ERR,ERR,ERR,ERR,ERR,ERR,ERR,ERR,ERR,ERR,ERR,ERR,ERR,ERR,ERR,ERR,ERR,ERR,ERR,ERR,ERR,ERR,ERR,ERR,ERR,ERR,ERR,ERR,ERR,ERR,ERR,ERR,ERR,ERR,ERR,ERR,ERR,ERR,ERR,ERR,ERR,ERR,ERR,ERR,ERR,ERR,ERR,ERR,ERR,ERR,ERR,ERR,ERR,ERR,ERR,ERR,ERR,ERR,ERR,ERR,ERR,ERR,ERR,ERR,ERR,ERR,ERR,ERR,ERR,ERR,ERR,ERR,ERR,ERR,ERR,ERR,ERR,ERR,ERR,ERR,ERR,ERR,ERR,ERR,ERR,ERR,ERR,ERR,ERR,ERR,ERR,ERR,ERR,ERR,ERR,ERR,ERR,ERR,ERR,ERR,ERR,0.0,0.0,0.0,0.0,0.0,1.3936040501711995e+18,7.805,0.0,0,0,4,0,7116,0.0,100,0.0,0.0,0.0,0.0,0.0,0,0,0,0,0.0,0,0,0,0,0,0,0,0,0,0,0,0,0,0,0,0,0,0,0,0,0,0,0,0,0,0,0,0,0,0,0,0,0,31,40,40,71,65476,0,300,0,0,8,21553,0.0,-107605600.0,0.0,0.0,0.0,0.0,0.0,0.0,0.0,0.0,0.0,0.0,0.0,0.0,0.0,0.0,0.0,0.0,0.0,0.0,0.0,0.0,-0.0,2.004,2.004,-0.0,0.0,0.0,0.0,0.0,6360.0,-0.0,6923.0,0.0,0.0,0.0,0.0,0.0,0.0,0.0,0.0,69,-0.0,-2.308837375200314e+20,0.0,0.0,0.0,0.0,0.0,0.0,0.0,0,0,0,0.0,0.0,0.0,0.0,0.0,0.0,0.0,0.0,0.0,0.0,0.0,0.0,0.0,0.0,0.0,0.0,0,-107875648.0,69,0.0,138,0.0,-0.0,0,13107,17040,13107,17049,0,17043,0,0,0,70,68,100,2.7302359370752657e+23,71.1,0.0,74.2,2.7302370179391762e+23,74.0,1,49,50,180,0,52429,0,0,0.0,0.0,0.0,0.0,-0.0,67.0,0.0,162057.094,0.0,750,0,739,0,0,0,721,0,765,0,735,0,742,0,741,0,712,0,7520,0.032,79456894976.0,0.0,0.0,784,16797,-0.0,162057.094,-114818.039,-0.0,0.133,6.909358625270745e+28,30.0,65.0,35,0.0,0.0,0.0,0.0,0.0,0.0,0.0,0.0,0.0,0.0,0.0,0.0,0.0,0.0,0.0,0.0,69.6,0,150,71,54,65476,0,300,0,1,8,20529,65476,0,0,40632,65.0,0.0,0.0,0.0,0.0,0.0
2026-09-04T20:55:04,ERR,ERR,ERR,ERR,ERR,ERR,ERR,ERR,ERR,ERR,ERR,ERR,ERR,ERR,ERR,ERR,ERR,ERR,ERR,ERR,ERR,ERR,ERR,ERR,ERR,ERR,ERR,ERR,ERR,ERR,ERR,ERR,ERR,ERR,ERR,ERR,ERR,ERR,ERR,ERR,ERR,ERR,ERR,ERR,ERR,ERR,ERR,ERR,ERR,ERR,ERR,ERR,ERR,ERR,ERR,ERR,ERR,ERR,ERR,ERR,ERR,ERR,ERR,ERR,ERR,ERR,ERR,ERR,ERR,ERR,ERR,ERR,ERR,ERR,ERR,ERR,ERR,ERR,ERR,ERR,ERR,ERR,ERR,ERR,ERR,ERR,ERR,ERR,ERR,ERR,ERR,ERR,ERR,ERR,ERR,ERR,ERR,ERR,ERR,ERR,ERR,ERR,ERR,ERR,ERR,ERR,ERR,ERR,ERR,ERR,ERR,ERR,ERR,ERR,ERR,ERR,ERR,ERR,ERR,ERR,ERR,ERR,ERR,ERR,ERR,0.0,0.0,0.0,0.0,0.0,1.3936040501711995e+18,7.805,0.0,0,0,4,0,7116,0.0,100,0.0,0.0,0.0,0.0,0.0,0,0,0,0,0.0,0,0,0,0,0,0,0,0,0,0,0,0,0,0,0,0,0,0,0,0,0,0,0,0,0,0,0,0,0,0,0,0,0,31,40,40,71,65476,0,300,0,0,8,21553,0.0,-107605600.0,0.0,0.0,0.0,0.0,0.0,0.0,0.0,0.0,0.0,0.0,0.0,0.0,0.0,0.0,0.0,0.0,0.0,0.0,0.0,0.0,-0.0,2.004,2.004,-0.0,0.0,0.0,0.0,0.0,6360.0,-0.0,6923.0,0.0,0.0,0.0,0.0,0.0,0.0,0.0,0.0,69,-0.0,-2.308837375200314e+20,0.0,0.0,0.0,0.0,0.0,0.0,0.0,0,0,0,0.0,0.0,0.0,0.0,0.0,0.0,0.0,0.0,0.0,0.0,0.0,0.0,0.0,0.0,0.0,0.0,0,-107875648.0,69,0.0,138,0.0,-0.0,0,13107,17040,13107,17049,0,17043,0,0,0,70,68,100,2.7302359370752657e+23,71.1,0.0,74.2,2.7302370179391762e+23,74.0,1,49,50,180,0,52429,0,0,0.0,0.0,0.0,0.0,-0.0,67.0,0.0,162057.094,0.0,750,0,739,0,0,0,721,0,765,0,735,0,742,0,741,0,712,0,7520,0.032,79456894976.0,0.0,0.0,784,16797,-0.0,162057.094,-114818.039,-0.0,0.133,6.909358625270745e+28,30.0,65.0,35,0.0,0.0,0.0,0.0,0.0,0.0,0.0,0.0,0.0,0.0,0.0,0.0,0.0,0.0,0.0,0.0,69.6,0,150,71,54,65476,0,300,0,1,8,20529,65476,0,0,40632,65.0,0.0,0.0,0.0,0.0,0.0
2026-09-04T20:55:05,ERR,ERR,ERR,ERR,ERR,ERR,ERR,ERR,ERR,ERR,ERR,ERR,ERR,ERR,ERR,ERR,ERR,ERR,ERR,ERR,ERR,ERR,ERR,ERR,ERR,ERR,ERR,ERR,ERR,ERR,ERR,ERR,ERR,ERR,ERR,ERR,ERR,ERR,ERR,ERR,ERR,ERR,ERR,ERR,ERR,ERR,ERR,ERR,ERR,ERR,ERR,ERR,ERR,ERR,ERR,ERR,ERR,ERR,ERR,ERR,ERR,ERR,ERR,ERR,ERR,ERR,ERR,ERR,ERR,ERR,ERR,ERR,ERR,ERR,ERR,ERR,ERR,ERR,ERR,ERR,ERR,ERR,ERR,ERR,ERR,ERR,ERR,ERR,ERR,ERR,ERR,ERR,ERR,ERR,ERR,ERR,ERR,ERR,ERR,ERR,ERR,ERR,ERR,ERR,ERR,ERR,ERR,ERR,ERR,ERR,ERR,ERR,ERR,ERR,ERR,ERR,ERR,ERR,ERR,ERR,ERR,ERR,ERR,ERR,ERR,0.0,0.0,0.0,0.0,0.0,1.3936040501711995e+18,7.805,0.0,0,0,4,0,7116,0.0,100,0.0,0.0,0.0,0.0,0.0,0,0,0,0,0.0,0,0,0,0,0,0,0,0,0,0,0,0,0,0,0,0,0,0,0,0,0,0,0,0,0,0,0,0,0,0,0,0,0,31,40,40,71,65476,0,300,0,0,8,21553,0.0,-107605600.0,0.0,0.0,0.0,0.0,0.0,0.0,0.0,0.0,0.0,0.0,0.0,0.0,0.0,0.0,0.0,0.0,0.0,0.0,0.0,0.0,-0.0,2.004,2.004,-0.0,0.0,0.0,0.0,0.0,6360.0,-0.0,6923.0,0.0,0.0,0.0,0.0,0.0,0.0,0.0,0.0,69,-0.0,-2.308837375200314e+20,0.0,0.0,0.0,0.0,0.0,0.0,0.0,0,0,0,0.0,0.0,0.0,0.0,0.0,0.0,0.0,0.0,0.0,0.0,0.0,0.0,0.0,0.0,0.0,0.0,0,-107875648.0,69,0.0,138,0.0,-0.0,0,13107,17040,13107,17049,0,17043,0,0,0,70,68,100,2.7302359370752657e+23,71.1,0.0,74.2,2.7302370179391762e+23,74.0,1,49,50,180,0,52429,0,0,0.0,0.0,0.0,0.0,-0.0,67.0,0.0,162057.094,0.0,750,0,739,0,0,0,721,0,765,0,735,0,742,0,741,0,712,0,7520,0.032,79456894976.0,0.0,0.0,784,16797,-0.0,162057.094,-114818.039,-0.0,0.133,6.909358625270745e+28,30.0,65.0,35,0.0,0.0,0.0,0.0,0.0,0.0,0.0,0.0,0.0,0.0,0.0,0.0,0.0,0.0,0.0,0.0,69.6,0,150,71,54,65476,0,300,0,1,8,20529,65476,0,0,40632,65.0,0.0,0.0,0.0,0.0,0.0
2026-09-04T20:55:06,ERR,ERR,ERR,ERR,ERR,ERR,ERR,ERR,ERR,ERR,ERR,ERR,ERR,ERR,ERR,ERR,ERR,ERR,ERR,ERR,ERR,ERR,ERR,ERR,ERR,ERR,ERR,ERR,ERR,ERR,ERR,ERR,ERR,ERR,ERR,ERR,ERR,ERR,ERR,ERR,ERR,ERR,ERR,ERR,ERR,ERR,ERR,ERR,ERR,ERR,ERR,ERR,ERR,ERR,ERR,ERR,ERR,ERR,ERR,ERR,ERR,ERR,ERR,ERR,ERR,ERR,ERR,ERR,ERR,ERR,ERR,ERR,ERR,ERR,ERR,ERR,ERR,ERR,ERR,ERR,ERR,ERR,ERR,ERR,ERR,ERR,ERR,ERR,ERR,ERR,ERR,ERR,ERR,ERR,ERR,ERR,ERR,ERR,ERR,ERR,ERR,ERR,ERR,ERR,ERR,ERR,ERR,ERR,ERR,ERR,ERR,ERR,ERR,ERR,ERR,ERR,ERR,ERR,ERR,ERR,ERR,ERR,ERR,ERR,ERR,0.0,0.0,0.0,0.0,0.0,1.3936040501711995e+18,7.805,0.0,0,0,4,0,7116,0.0,100,0.0,0.0,0.0,0.0,0.0,0,0,0,0,0.0,0,0,0,0,0,0,0,0,0,0,0,0,0,0,0,0,0,0,0,0,0,0,0,0,0,0,0,0,0,0,0,0,0,31,40,40,71,65476,0,300,0,0,8,21553,0.0,-107605600.0,0.0,0.0,0.0,0.0,0.0,0.0,0.0,0.0,0.0,0.0,0.0,0.0,0.0,0.0,0.0,0.0,0.0,0.0,0.0,0.0,-0.0,2.004,2.004,-0.0,0.0,0.0,0.0,0.0,6360.0,-0.0,6923.0,0.0,0.0,0.0,0.0,0.0,0.0,0.0,0.0,69,-0.0,-2.308837375200314e+20,0.0,0.0,0.0,0.0,0.0,0.0,0.0,0,0,0,0.0,0.0,0.0,0.0,0.0,0.0,0.0,0.0,0.0,0.0,0.0,0.0,0.0,0.0,0.0,0.0,0,-107875648.0,69,0.0,138,0.0,-0.0,0,13107,17040,13107,17049,0,17043,0,0,0,70,68,100,2.7302359370752657e+23,71.1,0.0,74.2,2.7302370179391762e+23,74.0,1,49,50,180,0,52429,0,0,0.0,0.0,0.0,0.0,-0.0,67.0,0.0,162057.094,0.0,750,0,739,0,0,0,721,0,765,0,735,0,742,0,741,0,712,0,7520,0.032,79456894976.0,0.0,0.0,784,16797,-0.0,162057.094,-114818.039,-0.0,0.133,6.909358625270745e+28,30.0,65.0,35,0.0,0.0,0.0,0.0,0.0,0.0,0.0,0.0,0.0,0.0,0.0,0.0,0.0,0.0,0.0,0.0,69.6,0,150,71,54,65476,0,300,0,1,8,20529,65476,0,0,40632,65.0,0.0,0.0,0.0,0.0,0.0
2026-09-04T20:55:07,ERR,ERR,ERR,ERR,ERR,ERR,ERR,ERR,ERR,ERR,ERR,ERR,ERR,ERR,ERR,ERR,ERR,ERR,ERR,ERR,ERR,ERR,ERR,ERR,ERR,ERR,ERR,ERR,ERR,ERR,ERR,ERR,ERR,ERR,ERR,ERR,ERR,ERR,ERR,ERR,ERR,ERR,ERR,ERR,ERR,ERR,ERR,ERR,ERR,ERR,ERR,ERR,ERR,ERR,ERR,ERR,ERR,ERR,ERR,ERR,ERR,ERR,ERR,ERR,ERR,ERR,ERR,ERR,ERR,ERR,ERR,ERR,ERR,ERR,ERR,ERR,ERR,ERR,ERR,ERR,ERR,ERR,ERR,ERR,ERR,ERR,ERR,ERR,ERR,ERR,ERR,ERR,ERR,ERR,ERR,ERR,ERR,ERR,ERR,ERR,ERR,ERR,ERR,ERR,ERR,ERR,ERR,ERR,ERR,ERR,ERR,ERR,ERR,ERR,ERR,ERR,ERR,ERR,ERR,ERR,ERR,ERR,ERR,ERR,ERR,0.0,0.0,0.0,0.0,0.0,1.3936040501711995e+18,7.805,0.0,0,0,4,0,7116,0.0,100,0.0,0.0,0.0,0.0,0.0,0,0,0,0,0.0,0,0,0,0,0,0,0,0,0,0,0,0,0,0,0,0,0,0,0,0,0,0,0,0,0,0,0,0,0,0,0,0,0,31,40,40,71,65476,0,300,0,0,8,21553,0.0,-107605600.0,0.0,0.0,0.0,0.0,0.0,0.0,0.0,0.0,0.0,0.0,0.0,0.0,0.0,0.0,0.0,0.0,0.0,0.0,0.0,0.0,-0.0,2.004,2.004,-0.0,0.0,0.0,0.0,0.0,6358.0,0.0,6912.0,0.0,0.0,0.0,0.0,0.0,0.0,0.0,0.0,69,-0.0,4.066873680848441e+29,0.0,0.0,0.0,0.0,0.0,0.0,0.0,0,0,0,0.0,0.0,0.0,0.0,0.0,0.0,0.0,0.0,0.0,0.0,0.0,0.0,0.0,0.0,0.0,0.0,0,-107875648.0,69,0.0,138,0.0,-0.0,0,13107,17040,0,17049,0,17043,0,0,0,70,68,100,2.7302359370752657e+23,71.1,0.0,74.2,2.7302370179391762e+23,74.0,1,49,50,180,0,52429,0,0,0.0,0.0,0.0,0.0,-0.0,67.0,0.0,162057.094,0.0,750,0,739,0,0,0,721,0,765,0,735,0,742,0,741,0,712,0,7520,0.032,78920024064.0,0.0,0.0,784,16797,-0.0,162057.094,-114818.039,-0.0,0.133,6.909358625270745e+28,30.0,65.0,35,0.0,0.0,0.0,0.0,0.0,0.0,0.0,0.0,0.0,0.0,0.0,0.0,0.0,0.0,0.0,0.0,69.6,0,150,71,54,65476,0,300,0,1,8,20529,65476,0,0,40632,65.0,0.0,0.0,0.0,0.0,0.0
2026-09-04T20:55:08,ERR,ERR,ERR,ERR,ERR,ERR,ERR,ERR,ERR,ERR,ERR,ERR,ERR,ERR,ERR,ERR,ERR,ERR,ERR,ERR,ERR,ERR,ERR,ERR,ERR,ERR,ERR,ERR,ERR,ERR,ERR,ERR,ERR,ERR,ERR,ERR,ERR,ERR,ERR,ERR,ERR,ERR,ERR,ERR,ERR,ERR,ERR,ERR,ERR,ERR,ERR,ERR,ERR,ERR,ERR,ERR,ERR,ERR,ERR,ERR,ERR,ERR,ERR,ERR,ERR,ERR,ERR,ERR,ERR,ERR,ERR,ERR,ERR,ERR,ERR,ERR,ERR,ERR,ERR,ERR,ERR,ERR,ERR,ERR,ERR,ERR,ERR,ERR,ERR,ERR,ERR,ERR,ERR,ERR,ERR,ERR,ERR,ERR,ERR,ERR,ERR,ERR,ERR,ERR,ERR,ERR,ERR,ERR,ERR,ERR,ERR,ERR,ERR,ERR,ERR,ERR,ERR,ERR,ERR,ERR,ERR,ERR,ERR,ERR,ERR,0.0,0.0,0.0,0.0,0.0,1.3936040501711995e+18,7.805,0.0,0,0,4,0,7116,0.0,100,0.0,0.0,0.0,0.0,0.0,0,0,0,0,0.0,0,0,0,0,0,0,0,0,0,0,0,0,0,0,0,0,0,0,0,0,0,0,0,0,0,0,0,0,0,0,0,0,0,31,40,40,71,65476,0,300,0,0,8,21553,0.0,-107605600.0,0.0,0.0,0.0,0.0,0.0,0.0,0.0,0.0,0.0,0.0,0.0,0.0,0.0,0.0,0.0,0.0,0.0,0.0,0.0,0.0,-0.0,2.004,2.004,-0.0,0.0,0.0,0.0,0.0,6358.0,0.0,6912.0,0.0,0.0,0.0,0.0,0.0,0.0,0.0,0.0,69,-0.0,4.066873680848441e+29,0.0,0.0,0.0,0.0,0.0,0.0,0.0,0,0,0,0.0,0.0,0.0,0.0,0.0,0.0,0.0,0.0,0.0,0.0,0.0,0.0,0.0,0.0,0.0,0.0,0,-107875648.0,69,0.0,138,0.0,-0.0,0,13107,17040,0,17049,0,17043,0,0,0,70,68,100,2.7302359370752657e+23,71.1,0.0,74.2,2.7302370179391762e+23,74.0,1,49,50,180,0,52429,0,0,0.0,0.0,0.0,0.0,-0.0,67.0,0.0,162057.094,0.0,750,0,739,0,0,0,721,0,765,0,735,0,742,0,741,0,712,0,7520,0.032,78920024064.0,0.0,0.0,784,16797,-0.0,162057.094,-114818.039,-0.0,0.133,6.909358625270745e+28,30.0,65.0,35,0.0,0.0,0.0,0.0,0.0,0.0,0.0,0.0,0.0,0.0,0.0,0.0,0.0,0.0,0.0,0.0,69.6,0,150,71,54,65476,0,300,0,1,8,20529,65476,0,0,40632,65.0,0.0,0.0,0.0,0.0,0.0
2026-09-04T20:55:09,ERR,ERR,ERR,ERR,ERR,ERR,ERR,ERR,ERR,ERR,ERR,ERR,ERR,ERR,ERR,ERR,ERR,ERR,ERR,ERR,ERR,ERR,ERR,ERR,ERR,ERR,ERR,ERR,ERR,ERR,ERR,ERR,ERR,ERR,ERR,ERR,ERR,ERR,ERR,ERR,ERR,ERR,ERR,ERR,ERR,ERR,ERR,ERR,ERR,ERR,ERR,ERR,ERR,ERR,ERR,ERR,ERR,ERR,ERR,ERR,ERR,ERR,ERR,ERR,ERR,ERR,ERR,ERR,ERR,ERR,ERR,ERR,ERR,ERR,ERR,ERR,ERR,ERR,ERR,ERR,ERR,ERR,ERR,ERR,ERR,ERR,ERR,ERR,ERR,ERR,ERR,ERR,ERR,ERR,ERR,ERR,ERR,ERR,ERR,ERR,ERR,ERR,ERR,ERR,ERR,ERR,ERR,ERR,ERR,ERR,ERR,ERR,ERR,ERR,ERR,ERR,ERR,ERR,ERR,ERR,ERR,ERR,ERR,ERR,ERR,0.0,0.0,0.0,0.0,0.0,1.3936040501711995e+18,7.805,0.0,0,0,4,0,7116,0.0,100,0.0,0.0,0.0,0.0,0.0,0,0,0,0,0.0,0,0,0,0,0,0,0,0,0,0,0,0,0,0,0,0,0,0,0,0,0,0,0,0,0,0,0,0,0,0,0,0,0,31,40,40,71,65476,0,300,0,0,8,21553,0.0,-107605600.0,0.0,0.0,0.0,0.0,0.0,0.0,0.0,0.0,0.0,0.0,0.0,0.0,0.0,0.0,0.0,0.0,0.0,0.0,0.0,0.0,-0.0,2.004,2.004,-0.0,0.0,0.0,0.0,0.0,6358.0,0.0,6912.0,0.0,0.0,0.0,0.0,0.0,0.0,0.0,0.0,69,-0.0,4.066873680848441e+29,0.0,0.0,0.0,0.0,0.0,0.0,0.0,0,0,0,0.0,0.0,0.0,0.0,0.0,0.0,0.0,0.0,0.0,0.0,0.0,0.0,0.0,0.0,0.0,0.0,0,-107875648.0,69,0.0,138,0.0,-0.0,0,13107,17040,0,17049,0,17043,0,0,0,70,68,100,2.7302359370752657e+23,71.1,0.0,74.2,2.7302370179391762e+23,74.0,1,49,50,180,0,52429,0,0,0.0,0.0,0.0,0.0,-0.0,67.0,0.0,162057.094,0.0,750,0,739,0,0,0,721,0,765,0,735,0,742,0,741,0,712,0,7520,0.032,78920024064.0,0.0,0.0,784,16797,-0.0,162057.094,-114818.039,-0.0,0.133,6.909358625270745e+28,30.0,65.0,35,0.0,0.0,0.0,0.0,0.0,0.0,0.0,0.0,0.0,0.0,0.0,0.0,0.0,0.0,0.0,0.0,69.2,0,150,71,54,65476,0,300,0,1,8,20529,65476,0,0,40632,65.0,0.0,0.0,0.0,0.0,0.0
2026-09-04T20:55:10,ERR,ERR,ERR,ERR,ERR,ERR,ERR,ERR,ERR,ERR,ERR,ERR,ERR,ERR,ERR,ERR,ERR,ERR,ERR,ERR,ERR,ERR,ERR,ERR,ERR,ERR,ERR,ERR,ERR,ERR,ERR,ERR,ERR,ERR,ERR,ERR,ERR,ERR,ERR,ERR,ERR,ERR,ERR,ERR,ERR,ERR,ERR,ERR,ERR,ERR,ERR,ERR,ERR,ERR,ERR,ERR,ERR,ERR,ERR,ERR,ERR,ERR,ERR,ERR,ERR,ERR,ERR,ERR,ERR,ERR,ERR,ERR,ERR,ERR,ERR,ERR,ERR,ERR,ERR,ERR,ERR,ERR,ERR,ERR,ERR,ERR,ERR,ERR,ERR,ERR,ERR,ERR,ERR,ERR,ERR,ERR,ERR,ERR,ERR,ERR,ERR,ERR,ERR,ERR,ERR,ERR,ERR,ERR,ERR,ERR,ERR,ERR,ERR,ERR,ERR,ERR,ERR,ERR,ERR,ERR,ERR,ERR,ERR,ERR,ERR,0.0,0.0,0.0,0.0,0.0,1.3936040501711995e+18,7.805,0.0,0,0,4,0,7116,0.0,100,0.0,0.0,0.0,0.0,0.0,0,0,0,0,0.0,0,0,0,0,0,0,0,0,0,0,0,0,0,0,0,0,0,0,0,0,0,0,0,0,0,0,0,0,0,0,0,0,0,31,40,40,71,65476,0,300,0,0,8,21553,0.0,-107605600.0,0.0,0.0,0.0,0.0,0.0,0.0,0.0,0.0,0.0,0.0,0.0,0.0,0.0,0.0,0.0,0.0,0.0,0.0,0.0,0.0,-0.0,2.004,2.004,-0.0,0.0,0.0,0.0,0.0,6358.0,0.0,6912.0,0.0,0.0,0.0,0.0,0.0,0.0,0.0,0.0,69,-0.0,4.066873680848441e+29,0.0,0.0,0.0,0.0,0.0,0.0,0.0,0,0,0,0.0,0.0,0.0,0.0,0.0,0.0,0.0,0.0,0.0,0.0,0.0,0.0,0.0,0.0,0.0,0.0,0,-107875648.0,69,0.0,138,0.0,-0.0,0,13107,17040,0,17049,0,17043,0,0,0,70,68,100,2.7302359370752657e+23,71.1,0.0,74.2,2.7302370179391762e+23,74.0,1,49,50,180,0,52429,0,0,0.0,0.0,0.0,0.0,-0.0,67.0,0.0,162057.094,0.0,750,0,739,0,0,0,721,0,765,0,735,0,742,0,741,0,712,0,7520,0.032,78920024064.0,0.0,0.0,784,16797,-0.0,162057.094,-114818.039,-0.0,0.133,6.909358625270745e+28,30.0,65.0,35,0.0,0.0,0.0,0.0,0.0,0.0,0.0,0.0,0.0,0.0,0.0,0.0,0.0,0.0,0.0,0.0,69.2,0,150,71,54,65476,0,300,0,1,8,20529,65476,0,0,40632,65.0,0.0,0.0,0.0,0.0,0.0
2026-09-04T20:55:11,ERR,ERR,ERR,ERR,ERR,ERR,ERR,ERR,ERR,ERR,ERR,ERR,ERR,ERR,ERR,ERR,ERR,ERR,ERR,ERR,ERR,ERR,ERR,ERR,ERR,ERR,ERR,ERR,ERR,ERR,ERR,ERR,ERR,ERR,ERR,ERR,ERR,ERR,ERR,ERR,ERR,ERR,ERR,ERR,ERR,ERR,ERR,ERR,ERR,ERR,ERR,ERR,ERR,ERR,ERR,ERR,ERR,ERR,ERR,ERR,ERR,ERR,ERR,ERR,ERR,ERR,ERR,ERR,ERR,ERR,ERR,ERR,ERR,ERR,ERR,ERR,ERR,ERR,ERR,ERR,ERR,ERR,ERR,ERR,ERR,ERR,ERR,ERR,ERR,ERR,ERR,ERR,ERR,ERR,ERR,ERR,ERR,ERR,ERR,ERR,ERR,ERR,ERR,ERR,ERR,ERR,ERR,ERR,ERR,ERR,ERR,ERR,ERR,ERR,ERR,ERR,ERR,ERR,ERR,ERR,ERR,ERR,ERR,ERR,ERR,0.0,0.0,0.0,0.0,0.0,1.3936040501711995e+18,7.805,0.0,0,0,4,0,7116,0.0,100,0.0,0.0,0.0,0.0,0.0,0,0,0,0,0.0,0,0,0,0,0,0,0,0,0,0,0,0,0,0,0,0,0,0,0,0,0,0,0,0,0,0,0,0,0,0,0,0,0,31,40,40,71,65476,0,300,0,0,8,21553,0.0,-107605600.0,0.0,0.0,0.0,0.0,0.0,0.0,0.0,0.0,0.0,0.0,0.0,0.0,0.0,0.0,0.0,0.0,0.0,0.0,0.0,0.0,-0.0,2.004,2.004,-0.0,0.0,0.0,0.0,0.0,6358.0,0.0,6912.0,0.0,0.0,0.0,0.0,0.0,0.0,0.0,0.0,69,-0.0,4.066873680848441e+29,0.0,0.0,0.0,0.0,0.0,0.0,0.0,0,0,0,0.0,0.0,0.0,0.0,0.0,0.0,0.0,0.0,0.0,0.0,0.0,0.0,0.0,0.0,0.0,0.0,0,-107875648.0,69,0.0,138,0.0,-0.0,0,13107,17040,0,17049,0,17043,0,0,0,70,68,100,2.7302359370752657e+23,71.1,0.0,74.2,2.7302370179391762e+23,74.0,1,49,50,180,0,52429,0,0,0.0,0.0,0.0,0.0,-0.0,67.0,0.0,162057.094,0.0,750,0,739,0,0,0,721,0,765,0,735,0,742,0,741,0,712,0,7520,0.032,78920024064.0,0.0,0.0,784,16797,-0.0,162057.094,-114818.039,-0.0,0.133,6.909358625270745e+28,30.0,65.0,35,0.0,0.0,0.0,0.0,0.0,0.0,0.0,0.0,0.0,0.0,0.0,0.0,0.0,0.0,0.0,0.0,69.2,0,150,71,54,65476,0,300,0,1,8,20529,65476,0,0,40632,65.0,0.0,0.0,0.0,0.0,0.0
2026-09-04T20:55:12,ERR,ERR,ERR,ERR,ERR,ERR,ERR,ERR,ERR,ERR,ERR,ERR,ERR,ERR,ERR,ERR,ERR,ERR,ERR,ERR,ERR,ERR,ERR,ERR,ERR,ERR,ERR,ERR,ERR,ERR,ERR,ERR,ERR,ERR,ERR,ERR,ERR,ERR,ERR,ERR,ERR,ERR,ERR,ERR,ERR,ERR,ERR,ERR,ERR,ERR,ERR,ERR,ERR,ERR,ERR,ERR,ERR,ERR,ERR,ERR,ERR,ERR,ERR,ERR,ERR,ERR,ERR,ERR,ERR,ERR,ERR,ERR,ERR,ERR,ERR,ERR,ERR,ERR,ERR,ERR,ERR,ERR,ERR,ERR,ERR,ERR,ERR,ERR,ERR,ERR,ERR,ERR,ERR,ERR,ERR,ERR,ERR,ERR,ERR,ERR,ERR,ERR,ERR,ERR,ERR,ERR,ERR,ERR,ERR,ERR,ERR,ERR,ERR,ERR,ERR,ERR,ERR,ERR,ERR,ERR,ERR,ERR,ERR,ERR,ERR,0.0,0.0,0.0,0.0,0.0,1.3936040501711995e+18,7.805,0.0,0,0,4,0,7116,0.0,100,0.0,0.0,0.0,0.0,0.0,0,0,0,0,0.0,0,0,0,0,0,0,0,0,0,0,0,0,0,0,0,0,0,0,0,0,0,0,0,0,0,0,0,0,0,0,0,0,0,31,40,40,71,65476,0,300,0,0,8,21553,0.0,-107605600.0,0.0,0.0,0.0,0.0,0.0,0.0,0.0,0.0,0.0,0.0,0.0,0.0,0.0,0.0,0.0,0.0,0.0,0.0,0.0,0.0,-0.0,2.004,2.004,-0.0,0.0,0.0,0.0,0.0,6358.0,0.0,6912.0,0.0,0.0,0.0,0.0,0.0,0.0,0.0,0.0,69,-0.0,4.066873680848441e+29,0.0,0.0,0.0,0.0,0.0,0.0,0.0,0,0,0,0.0,0.0,0.0,0.0,0.0,0.0,0.0,0.0,0.0,0.0,0.0,0.0,0.0,0.0,0.0,0.0,0,-107875648.0,69,0.0,138,0.0,-0.0,0,13107,17040,0,17049,0,17043,0,0,0,70,68,100,2.7302359370752657e+23,71.1,0.0,74.2,2.7302370179391762e+23,74.0,1,49,50,180,0,52429,0,0,0.0,0.0,0.0,0.0,-0.0,67.0,0.0,162057.094,0.0,750,0,739,0,0,0,721,0,765,0,735,0,742,0,741,0,712,0,7520,0.032,79456894976.0,0.0,0.0,784,16797,-0.0,162057.094,-114818.039,-0.0,0.133,6.909358625270745e+28,30.0,65.0,35,0.0,0.0,0.0,0.0,0.0,0.0,0.0,0.0,0.0,0.0,0.0,0.0,0.0,0.0,0.0,0.0,69.2,0,150,71,54,65476,0,300,0,1,8,20529,65476,0,0,40632,65.0,0.0,0.0,0.0,0.0,0.0
2026-09-04T20:55:13,ERR,ERR,ERR,ERR,ERR,ERR,ERR,ERR,ERR,ERR,ERR,ERR,ERR,ERR,ERR,ERR,ERR,ERR,ERR,ERR,ERR,ERR,ERR,ERR,ERR,ERR,ERR,ERR,ERR,ERR,ERR,ERR,ERR,ERR,ERR,ERR,ERR,ERR,ERR,ERR,ERR,ERR,ERR,ERR,ERR,ERR,ERR,ERR,ERR,ERR,ERR,ERR,ERR,ERR,ERR,ERR,ERR,ERR,ERR,ERR,ERR,ERR,ERR,ERR,ERR,ERR,ERR,ERR,ERR,ERR,ERR,ERR,ERR,ERR,ERR,ERR,ERR,ERR,ERR,ERR,ERR,ERR,ERR,ERR,ERR,ERR,ERR,ERR,ERR,ERR,ERR,ERR,ERR,ERR,ERR,ERR,ERR,ERR,ERR,ERR,ERR,ERR,ERR,ERR,ERR,ERR,ERR,ERR,ERR,ERR,ERR,ERR,ERR,ERR,ERR,ERR,ERR,ERR,ERR,ERR,ERR,ERR,ERR,ERR,ERR,0.0,0.0,0.0,0.0,0.0,1.3936040501711995e+18,7.805,0.0,0,0,4,0,7116,0.0,100,0.0,0.0,0.0,0.0,0.0,0,0,0,0,0.0,0,0,0,0,0,0,0,0,0,0,0,0,0,0,0,0,0,0,0,0,0,0,0,0,0,0,0,0,0,0,0,0,0,31,40,40,71,65476,0,300,0,0,8,21553,0.0,-107605600.0,0.0,0.0,0.0,0.0,0.0,0.0,0.0,0.0,0.0,0.0,0.0,0.0,0.0,0.0,0.0,0.0,0.0,0.0,0.0,0.0,-0.0,2.004,2.004,-0.0,0.0,0.0,0.0,0.0,6358.0,0.0,6912.0,0.0,0.0,0.0,0.0,0.0,0.0,0.0,0.0,69,-0.0,4.066873680848441e+29,0.0,0.0,0.0,0.0,0.0,0.0,0.0,0,0,0,0.0,0.0,0.0,0.0,0.0,0.0,0.0,0.0,0.0,0.0,0.0,0.0,0.0,0.0,0.0,0.0,0,-107875648.0,69,0.0,138,0.0,-0.0,0,13107,17040,0,17049,0,17043,0,0,0,70,68,100,2.7302359370752657e+23,71.1,0.0,74.2,2.7302370179391762e+23,74.0,1,49,50,180,0,52429,0,0,0.0,0.0,0.0,0.0,-0.0,67.0,0.0,162057.094,0.0,750,0,739,0,0,0,721,0,765,0,735,0,742,0,741,0,712,0,7520,0.032,79456894976.0,0.0,0.0,784,16797,-0.0,162057.094,-114818.039,-0.0,0.133,6.909358625270745e+28,30.0,65.0,35,0.0,0.0,0.0,0.0,0.0,0.0,0.0,0.0,0.0,0.0,0.0,0.0,0.0,0.0,0.0,0.0,69.2,0,150,71,54,65476,0,300,0,1,8,20529,65476,0,0,40632,65.0,0.0,0.0,0.0,0.0,0.0
2026-09-04T20:55:14,ERR,ERR,ERR,ERR,ERR,ERR,ERR,ERR,ERR,ERR,ERR,ERR,ERR,ERR,ERR,ERR,ERR,ERR,ERR,ERR,ERR,ERR,ERR,ERR,ERR,ERR,ERR,ERR,ERR,ERR,ERR,ERR,ERR,ERR,ERR,ERR,ERR,ERR,ERR,ERR,ERR,ERR,ERR,ERR,ERR,ERR,ERR,ERR,ERR,ERR,ERR,ERR,ERR,ERR,ERR,ERR,ERR,ERR,ERR,ERR,ERR,ERR,ERR,ERR,ERR,ERR,ERR,ERR,ERR,ERR,ERR,ERR,ERR,ERR,ERR,ERR,ERR,ERR,ERR,ERR,ERR,ERR,ERR,ERR,ERR,ERR,ERR,ERR,ERR,ERR,ERR,ERR,ERR,ERR,ERR,ERR,ERR,ERR,ERR,ERR,ERR,ERR,ERR,ERR,ERR,ERR,ERR,ERR,ERR,ERR,ERR,ERR,ERR,ERR,ERR,ERR,ERR,ERR,ERR,ERR,ERR,ERR,ERR,ERR,ERR,0.0,0.0,0.0,0.0,0.0,1.3936040501711995e+18,7.805,0.0,0,0,4,0,7116,0.0,100,0.0,0.0,0.0,0.0,0.0,0,0,0,0,0.0,0,0,0,0,0,0,0,0,0,0,0,0,0,0,0,0,0,0,0,0,0,0,0,0,0,0,0,0,0,0,0,0,0,31,40,40,71,65476,0,300,0,0,8,21553,0.0,-107605600.0,0.0,0.0,0.0,0.0,0.0,0.0,0.0,0.0,0.0,0.0,0.0,0.0,0.0,0.0,0.0,0.0,0.0,0.0,0.0,0.0,-0.0,2.004,2.004,-0.0,0.0,0.0,0.0,0.0,6359.0,0.0,6916.0,0.0,0.0,0.0,0.0,0.0,0.0,0.0,0.0,69,-0.0,-0.0,0.0,0.0,0.0,0.0,0.0,0.0,0.0,0,0,0,0.0,0.0,0.0,0.0,0.0,0.0,0.0,0.0,0.0,0.0,0.0,0.0,0.0,0.0,0.0,0.0,0,-107875648.0,69,0.0,138,0.0,-0.0,0,13107,17040,0,17049,0,17043,0,0,0,70,68,100,2.7302359370752657e+23,71.1,0.0,74.2,2.7302370179391762e+23,74.0,1,49,50,180,0,52429,0,0,0.0,0.0,0.0,0.0,-0.0,67.0,0.0,162057.094,0.0,750,0,739,0,0,0,721,0,765,0,735,0,742,0,741,0,712,0,7520,0.032,79456894976.0,0.0,0.0,784,16797,-0.0,162057.094,-114818.039,-0.0,0.133,6.909358625270745e+28,30.0,65.0,35,0.0,0.0,0.0,0.0,0.0,0.0,0.0,0.0,0.0,0.0,0.0,0.0,0.0,0.0,0.0,0.0,69.2,0,150,71,54,65476,0,300,0,1,8,20529,65476,0,0,40632,65.0,0.0,0.0,0.0,0.0,0.0
2026-09-04T20:55:15,ERR,ERR,ERR,ERR,ERR,ERR,ERR,ERR,ERR,ERR,ERR,ERR,ERR,ERR,ERR,ERR,ERR,ERR,ERR,ERR,ERR,ERR,ERR,ERR,ERR,ERR,ERR,ERR,ERR,ERR,ERR,ERR,ERR,ERR,ERR,ERR,ERR,ERR,ERR,ERR,ERR,ERR,ERR,ERR,ERR,ERR,ERR,ERR,ERR,ERR,ERR,ERR,ERR,ERR,ERR,ERR,ERR,ERR,ERR,ERR,ERR,ERR,ERR,ERR,ERR,ERR,ERR,ERR,ERR,ERR,ERR,ERR,ERR,ERR,ERR,ERR,ERR,ERR,ERR,ERR,ERR,ERR,ERR,ERR,ERR,ERR,ERR,ERR,ERR,ERR,ERR,ERR,ERR,ERR,ERR,ERR,ERR,ERR,ERR,ERR,ERR,ERR,ERR,ERR,ERR,ERR,ERR,ERR,ERR,ERR,ERR,ERR,ERR,ERR,ERR,ERR,ERR,ERR,ERR,ERR,ERR,ERR,ERR,ERR,ERR,0.0,0.0,0.0,0.0,0.0,1.3936040501711995e+18,7.805,0.0,0,0,4,0,7116,0.0,100,0.0,0.0,0.0,0.0,0.0,0,0,0,0,0.0,0,0,0,0,0,0,0,0,0,0,0,0,0,0,0,0,0,0,0,0,0,0,0,0,0,0,0,0,0,0,0,0,0,31,40,40,71,65476,0,300,0,0,8,21553,0.0,-107605600.0,0.0,0.0,0.0,0.0,0.0,0.0,0.0,0.0,0.0,0.0,0.0,0.0,0.0,0.0,0.0,0.0,0.0,0.0,0.0,0.0,-0.0,2.004,2.004,-0.0,0.0,0.0,0.0,0.0,6359.0,0.0,6916.0,0.0,0.0,0.0,0.0,0.0,0.0,0.0,0.0,69,-0.0,-0.0,0.0,0.0,0.0,0.0,0.0,0.0,0.0,0,0,0,0.0,0.0,0.0,0.0,0.0,0.0,0.0,0.0,0.0,0.0,0.0,0.0,0.0,0.0,0.0,0.0,0,-107875648.0,69,0.0,138,0.0,-0.0,0,13107,17040,0,17049,0,17043,0,0,0,70,68,100,2.7302359370752657e+23,71.1,0.0,74.2,2.7302370179391762e+23,74.0,1,49,50,180,0,52429,0,0,0.0,0.0,0.0,0.0,-0.0,67.0,0.0,162057.094,0.0,750,0,739,0,0,0,721,0,765,0,735,0,742,0,741,0,712,0,7520,0.032,79456894976.0,0.0,0.0,784,16797,-0.0,162057.094,-114818.039,-0.0,0.133,6.909358625270745e+28,30.0,65.0,35,0.0,0.0,0.0,0.0,0.0,0.0,0.0,0.0,0.0,0.0,0.0,0.0,0.0,0.0,0.0,0.0,69.2,0,150,71,54,65476,0,300,0,1,8,20529,65476,0,0,40632,65.0,0.0,0.0,0.0,0.0,0.0
2026-09-04T20:55:16,ERR,ERR,ERR,ERR,ERR,ERR,ERR,ERR,ERR,ERR,ERR,ERR,ERR,ERR,ERR,ERR,ERR,ERR,ERR,ERR,ERR,ERR,ERR,ERR,ERR,ERR,ERR,ERR,ERR,ERR,ERR,ERR,ERR,ERR,ERR,ERR,ERR,ERR,ERR,ERR,ERR,ERR,ERR,ERR,ERR,ERR,ERR,ERR,ERR,ERR,ERR,ERR,ERR,ERR,ERR,ERR,ERR,ERR,ERR,ERR,ERR,ERR,ERR,ERR,ERR,ERR,ERR,ERR,ERR,ERR,ERR,ERR,ERR,ERR,ERR,ERR,ERR,ERR,ERR,ERR,ERR,ERR,ERR,ERR,ERR,ERR,ERR,ERR,ERR,ERR,ERR,ERR,ERR,ERR,ERR,ERR,ERR,ERR,ERR,ERR,ERR,ERR,ERR,ERR,ERR,ERR,ERR,ERR,ERR,ERR,ERR,ERR,ERR,ERR,ERR,ERR,ERR,ERR,ERR,ERR,ERR,ERR,ERR,ERR,ERR,0.0,0.0,0.0,0.0,0.0,1.3936040501711995e+18,7.805,0.0,0,0,4,0,7116,0.0,100,0.0,0.0,0.0,0.0,0.0,0,0,0,0,0.0,0,0,0,0,0,0,0,0,0,0,0,0,0,0,0,0,0,0,0,0,0,0,0,0,0,0,0,0,0,0,0,0,0,31,40,40,71,65476,0,300,0,0,8,21553,0.0,-107605600.0,0.0,0.0,0.0,0.0,0.0,0.0,0.0,0.0,0.0,0.0,0.0,0.0,0.0,0.0,0.0,0.0,0.0,0.0,0.0,0.0,-0.0,2.004,2.004,-0.0,0.0,0.0,0.0,0.0,6359.0,0.0,6916.0,0.0,0.0,0.0,0.0,0.0,0.0,0.0,0.0,69,-0.0,-0.0,0.0,0.0,0.0,0.0,0.0,0.0,0.0,0,0,0,0.0,0.0,0.0,0.0,0.0,0.0,0.0,0.0,0.0,0.0,0.0,0.0,0.0,0.0,0.0,0.0,0,-107875648.0,69,0.0,138,0.0,-0.0,0,13107,17040,0,17049,0,17043,0,0,0,70,68,100,2.7302359370752657e+23,71.1,0.0,74.2,2.7302370179391762e+23,74.0,1,49,50,180,0,52429,0,0,0.0,0.0,0.0,0.0,-0.0,67.0,0.0,162057.094,0.0,750,0,739,0,0,0,721,0,765,0,735,0,742,0,741,0,712,0,7520,0.032,79456894976.0,0.0,0.0,784,16797,-0.0,162057.094,-114818.039,-0.0,0.133,6.909358625270745e+28,30.0,65.0,35,0.0,0.0,0.0,0.0,0.0,0.0,0.0,0.0,0.0,0.0,0.0,0.0,0.0,0.0,0.0,0.0,69.2,0,150,71,54,65476,0,300,0,1,8,20529,65476,0,0,40632,65.0,0.0,0.0,0.0,0.0,0.0
2026-09-04T20:55:17,ERR,ERR,ERR,ERR,ERR,ERR,ERR,ERR,ERR,ERR,ERR,ERR,ERR,ERR,ERR,ERR,ERR,ERR,ERR,ERR,ERR,ERR,ERR,ERR,ERR,ERR,ERR,ERR,ERR,ERR,ERR,ERR,ERR,ERR,ERR,ERR,ERR,ERR,ERR,ERR,ERR,ERR,ERR,ERR,ERR,ERR,ERR,ERR,ERR,ERR,ERR,ERR,ERR,ERR,ERR,ERR,ERR,ERR,ERR,ERR,ERR,ERR,ERR,ERR,ERR,ERR,ERR,ERR,ERR,ERR,ERR,ERR,ERR,ERR,ERR,ERR,ERR,ERR,ERR,ERR,ERR,ERR,ERR,ERR,ERR,ERR,ERR,ERR,ERR,ERR,ERR,ERR,ERR,ERR,ERR,ERR,ERR,ERR,ERR,ERR,ERR,ERR,ERR,ERR,ERR,ERR,ERR,ERR,ERR,ERR,ERR,ERR,ERR,ERR,ERR,ERR,ERR,ERR,ERR,ERR,ERR,ERR,ERR,ERR,ERR,0.0,0.0,0.0,0.0,0.0,1.3936040501711995e+18,7.805,0.0,0,0,4,0,7116,0.0,100,0.0,0.0,0.0,0.0,0.0,0,0,0,0,0.0,0,0,0,0,0,0,0,0,0,0,0,0,0,0,0,0,0,0,0,0,0,0,0,0,0,0,0,0,0,0,0,0,0,31,40,40,71,65476,0,300,0,0,8,21553,0.0,-107605600.0,0.0,0.0,0.0,0.0,0.0,0.0,0.0,0.0,0.0,0.0,0.0,0.0,0.0,0.0,0.0,0.0,0.0,0.0,0.0,0.0,-0.0,2.004,2.004,-0.0,0.0,0.0,0.0,0.0,6359.0,0.0,6916.0,0.0,0.0,0.0,0.0,0.0,0.0,0.0,0.0,69,-0.0,-0.0,0.0,0.0,0.0,0.0,0.0,0.0,0.0,0,0,0,0.0,0.0,0.0,0.0,0.0,0.0,0.0,0.0,0.0,0.0,0.0,0.0,0.0,0.0,0.0,0.0,0,-107875648.0,69,0.0,138,0.0,-0.0,0,13107,17040,0,17049,0,17043,0,0,0,70,68,100,2.7302359370752657e+23,71.1,0.0,74.2,2.7302370179391762e+23,74.0,1,49,50,180,0,52429,0,0,0.0,0.0,0.0,0.0,-0.0,67.0,0.0,162057.094,0.0,750,0,739,0,0,0,721,0,765,0,735,0,742,0,741,0,712,0,7520,0.032,79456894976.0,0.0,0.0,784,16797,-0.0,162057.094,-114818.039,-0.0,0.133,6.909358625270745e+28,30.0,65.0,35,0.0,0.0,0.0,0.0,0.0,0.0,0.0,0.0,0.0,0.0,0.0,0.0,0.0,0.0,0.0,0.0,69.2,0,150,71,54,65476,0,300,0,1,8,20529,65476,0,0,40632,65.0,0.0,0.0,0.0,0.0,0.0
2026-09-04T20:55:18,ERR,ERR,ERR,ERR,ERR,ERR,ERR,ERR,ERR,ERR,ERR,ERR,ERR,ERR,ERR,ERR,ERR,ERR,ERR,ERR,ERR,ERR,ERR,ERR,ERR,ERR,ERR,ERR,ERR,ERR,ERR,ERR,ERR,ERR,ERR,ERR,ERR,ERR,ERR,ERR,ERR,ERR,ERR,ERR,ERR,ERR,ERR,ERR,ERR,ERR,ERR,ERR,ERR,ERR,ERR,ERR,ERR,ERR,ERR,ERR,ERR,ERR,ERR,ERR,ERR,ERR,ERR,ERR,ERR,ERR,ERR,ERR,ERR,ERR,ERR,ERR,ERR,ERR,ERR,ERR,ERR,ERR,ERR,ERR,ERR,ERR,ERR,ERR,ERR,ERR,ERR,ERR,ERR,ERR,ERR,ERR,ERR,ERR,ERR,ERR,ERR,ERR,ERR,ERR,ERR,ERR,ERR,ERR,ERR,ERR,ERR,ERR,ERR,ERR,ERR,ERR,ERR,ERR,ERR,ERR,ERR,ERR,ERR,ERR,ERR,0.0,0.0,0.0,0.0,0.0,1.3936040501711995e+18,7.805,0.0,0,0,4,0,7116,0.0,100,0.0,0.0,0.0,0.0,0.0,0,0,0,0,0.0,0,0,0,0,0,0,0,0,0,0,0,0,0,0,0,0,0,0,0,0,0,0,0,0,0,0,0,0,0,0,0,0,0,31,40,40,71,65476,0,300,0,0,8,21553,0.0,-107605600.0,0.0,0.0,0.0,0.0,0.0,0.0,0.0,0.0,0.0,0.0,0.0,0.0,0.0,0.0,0.0,0.0,0.0,0.0,0.0,0.0,-0.0,2.004,2.004,-0.0,0.0,0.0,0.0,0.0,6359.0,0.0,6916.0,0.0,0.0,0.0,0.0,0.0,0.0,0.0,0.0,69,-0.0,-0.0,0.0,0.0,0.0,0.0,0.0,0.0,0.0,0,0,0,0.0,0.0,0.0,0.0,0.0,0.0,0.0,0.0,0.0,0.0,0.0,0.0,0.0,0.0,0.0,0.0,0,-107875648.0,69,0.0,138,0.0,-0.0,0,13107,17040,0,17049,0,17043,0,0,0,70,68,100,2.7302359370752657e+23,71.1,0.0,74.2,2.7302370179391762e+23,74.0,1,49,50,180,0,52429,0,0,0.0,0.0,0.0,0.0,-0.0,67.0,0.0,162057.094,0.0,750,0,739,0,0,0,721,0,765,0,735,0,742,0,741,0,712,0,7520,0.032,79456894976.0,0.0,0.0,784,16797,-0.0,162057.094,-114818.039,-0.0,0.133,6.909358625270745e+28,30.0,65.0,35,0.0,0.0,0.0,0.0,0.0,0.0,0.0,0.0,0.0,0.0,0.0,0.0,0.0,0.0,0.0,0.0,69.2,0,150,71,54,65476,0,300,0,1,8,20529,65476,0,0,40632,65.0,0.0,0.0,0.0,0.0,0.0
2026-09-04T20:55:19,ERR,ERR,ERR,ERR,ERR,ERR,ERR,ERR,ERR,ERR,ERR,ERR,ERR,ERR,ERR,ERR,ERR,ERR,ERR,ERR,ERR,ERR,ERR,ERR,ERR,ERR,ERR,ERR,ERR,ERR,ERR,ERR,ERR,ERR,ERR,ERR,ERR,ERR,ERR,ERR,ERR,ERR,ERR,ERR,ERR,ERR,ERR,ERR,ERR,ERR,ERR,ERR,ERR,ERR,ERR,ERR,ERR,ERR,ERR,ERR,ERR,ERR,ERR,ERR,ERR,ERR,ERR,ERR,ERR,ERR,ERR,ERR,ERR,ERR,ERR,ERR,ERR,ERR,ERR,ERR,ERR,ERR,ERR,ERR,ERR,ERR,ERR,ERR,ERR,ERR,ERR,ERR,ERR,ERR,ERR,ERR,ERR,ERR,ERR,ERR,ERR,ERR,ERR,ERR,ERR,ERR,ERR,ERR,ERR,ERR,ERR,ERR,ERR,ERR,ERR,ERR,ERR,ERR,ERR,ERR,ERR,ERR,ERR,ERR,ERR,0.0,0.0,0.0,0.0,0.0,1.3936040501711995e+18,7.805,0.0,0,0,4,0,7116,0.0,100,0.0,0.0,0.0,0.0,0.0,0,0,0,0,0.0,0,0,0,0,0,0,0,0,0,0,0,0,0,0,0,0,0,0,0,0,0,0,0,0,0,0,0,0,0,0,0,0,0,31,40,40,71,65476,0,300,0,0,8,21553,0.0,-107605600.0,0.0,0.0,0.0,0.0,0.0,0.0,0.0,0.0,0.0,0.0,0.0,0.0,0.0,0.0,0.0,0.0,0.0,0.0,0.0,0.0,-0.0,2.004,2.004,-0.0,0.0,0.0,0.0,0.0,6359.0,0.0,6916.0,0.0,0.0,0.0,0.0,0.0,0.0,0.0,0.0,69,-0.0,-0.0,0.0,0.0,0.0,0.0,0.0,0.0,0.0,0,0,0,0.0,0.0,0.0,0.0,0.0,0.0,0.0,0.0,0.0,0.0,0.0,0.0,0.0,0.0,0.0,0.0,0,-107875648.0,69,0.0,138,0.0,-0.0,0,13107,17040,0,17049,0,17043,0,0,0,70,68,100,2.7302359370752657e+23,71.1,0.0,74.2,2.7302370179391762e+23,74.0,1,49,50,180,0,52429,0,0,0.0,0.0,0.0,0.0,-0.0,67.0,0.0,162057.094,0.0,750,0,739,0,0,0,721,0,765,0,735,0,742,0,741,0,712,0,7520,0.032,79456894976.0,0.0,0.0,784,16797,-0.0,162057.094,-114818.039,-0.0,0.133,6.909358625270745e+28,30.0,65.0,35,0.0,0.0,0.0,0.0,0.0,0.0,0.0,0.0,0.0,0.0,0.0,0.0,0.0,0.0,0.0,0.0,69.2,0,150,71,54,65476,0,300,0,1,8,20529,65476,0,0,40632,65.0,0.0,0.0,0.0,0.0,0.0
2026-09-04T20:55:20,ERR,ERR,ERR,ERR,ERR,ERR,ERR,ERR,ERR,ERR,ERR,ERR,ERR,ERR,ERR,ERR,ERR,ERR,ERR,ERR,ERR,ERR,ERR,ERR,ERR,ERR,ERR,ERR,ERR,ERR,ERR,ERR,ERR,ERR,ERR,ERR,ERR,ERR,ERR,ERR,ERR,ERR,ERR,ERR,ERR,ERR,ERR,ERR,ERR,ERR,ERR,ERR,ERR,ERR,ERR,ERR,ERR,ERR,ERR,ERR,ERR,ERR,ERR,ERR,ERR,ERR,ERR,ERR,ERR,ERR,ERR,ERR,ERR,ERR,ERR,ERR,ERR,ERR,ERR,ERR,ERR,ERR,ERR,ERR,ERR,ERR,ERR,ERR,ERR,ERR,ERR,ERR,ERR,ERR,ERR,ERR,ERR,ERR,ERR,ERR,ERR,ERR,ERR,ERR,ERR,ERR,ERR,ERR,ERR,ERR,ERR,ERR,ERR,ERR,ERR,ERR,ERR,ERR,ERR,ERR,ERR,ERR,ERR,ERR,ERR,0.0,0.0,0.0,0.0,0.0,1.3936040501711995e+18,7.805,0.0,0,0,4,0,7116,0.0,100,0.0,0.0,0.0,0.0,0.0,0,0,0,0,0.0,0,0,0,0,0,0,0,0,0,0,0,0,0,0,0,0,0,0,0,0,0,0,0,0,0,0,0,0,0,0,0,0,0,31,40,40,71,65476,0,300,0,0,8,21553,0.0,-107605600.0,0.0,0.0,0.0,0.0,0.0,0.0,0.0,0.0,0.0,0.0,0.0,0.0,0.0,0.0,0.0,0.0,0.0,0.0,0.0,0.0,-0.0,2.004,2.004,-0.0,0.0,0.0,0.0,0.0,6359.0,0.0,6916.0,0.0,0.0,0.0,0.0,0.0,0.0,0.0,0.0,69,-0.0,-0.0,0.0,0.0,0.0,0.0,0.0,0.0,0.0,0,0,0,0.0,0.0,0.0,0.0,0.0,0.0,0.0,0.0,0.0,0.0,0.0,0.0,0.0,0.0,0.0,0.0,0,-107875648.0,69,0.0,138,0.0,-0.0,0,13107,17040,0,17049,0,17043,0,0,0,70,68,100,2.7302359370752657e+23,71.1,0.0,74.2,2.7302370179391762e+23,74.0,1,49,50,180,0,52429,0,0,0.0,0.0,0.0,0.0,-0.0,67.0,0.0,162057.094,0.0,750,0,739,0,0,0,721,0,765,0,735,0,742,0,741,0,712,0,7520,0.032,79456894976.0,0.0,0.0,784,16797,-0.0,162057.094,-114818.039,-0.0,0.133,6.909358625270745e+28,30.0,65.0,35,0.0,0.0,0.0,0.0,0.0,0.0,0.0,0.0,0.0,0.0,0.0,0.0,0.0,0.0,0.0,0.0,69.6,0,150,71,54,65476,0,300,0,1,8,20529,65476,0,0,40632,65.0,0.0,0.0,0.0,0.0,0.0
2026-09-04T20:55:21,ERR,ERR,ERR,ERR,ERR,ERR,ERR,ERR,ERR,ERR,ERR,ERR,ERR,ERR,ERR,ERR,ERR,ERR,ERR,ERR,ERR,ERR,ERR,ERR,ERR,ERR,ERR,ERR,ERR,ERR,ERR,ERR,ERR,ERR,ERR,ERR,ERR,ERR,ERR,ERR,ERR,ERR,ERR,ERR,ERR,ERR,ERR,ERR,ERR,ERR,ERR,ERR,ERR,ERR,ERR,ERR,ERR,ERR,ERR,ERR,ERR,ERR,ERR,ERR,ERR,ERR,ERR,ERR,ERR,ERR,ERR,ERR,ERR,ERR,ERR,ERR,ERR,ERR,ERR,ERR,ERR,ERR,ERR,ERR,ERR,ERR,ERR,ERR,ERR,ERR,ERR,ERR,ERR,ERR,ERR,ERR,ERR,ERR,ERR,ERR,ERR,ERR,ERR,ERR,ERR,ERR,ERR,ERR,ERR,ERR,ERR,ERR,ERR,ERR,ERR,ERR,ERR,ERR,ERR,ERR,ERR,ERR,ERR,ERR,ERR,0.0,0.0,0.0,0.0,0.0,1.3936040501711995e+18,7.805,0.0,0,0,4,0,7116,0.0,100,0.0,0.0,0.0,0.0,0.0,0,0,0,0,0.0,0,0,0,0,0,0,0,0,0,0,0,0,0,0,0,0,0,0,0,0,0,0,0,0,0,0,0,0,0,0,0,0,0,31,40,40,71,65476,0,300,0,0,8,21553,0.0,-107605600.0,0.0,0.0,0.0,0.0,0.0,0.0,0.0,0.0,0.0,0.0,0.0,0.0,0.0,0.0,0.0,0.0,0.0,0.0,0.0,0.0,-0.0,2.004,2.004,-0.0,0.0,0.0,0.0,0.0,6363.0,-0.0,6932.0,0.0,0.0,0.0,0.0,0.0,0.0,0.0,0.0,69,-0.0,1.905695199896535e+17,0.0,0.0,0.0,0.0,0.0,0.0,0.0,0,0,0,0.0,0.0,0.0,0.0,0.0,0.0,0.0,0.0,0.0,0.0,0.0,0.0,0.0,0.0,0.0,0.0,0,-107875648.0,69,0.0,138,0.0,-0.0,0,13107,17040,0,17049,0,17043,0,0,0,70,68,100,2.7302359370752657e+23,71.1,0.0,74.2,2.7302370179391762e+23,74.0,1,49,50,180,0,52429,0,0,0.0,0.0,0.0,0.0,-0.0,67.0,0.0,162057.094,0.0,750,0,739,0,0,0,721,0,765,0,735,0,742,0,741,0,712,0,7520,0.032,79456894976.0,0.0,0.0,784,16797,-0.0,162057.094,-114818.039,-0.0,0.133,6.909358625270745e+28,30.0,65.0,35,0.0,0.0,0.0,0.0,0.0,0.0,0.0,0.0,0.0,0.0,0.0,0.0,0.0,0.0,0.0,0.0,69.6,0,150,71,54,65476,0,300,0,1,8,20529,65476,0,0,40632,65.0,0.0,0.0,0.0,0.0,0.0
2026-09-04T20:55:22,ERR,ERR,ERR,ERR,ERR,ERR,ERR,ERR,ERR,ERR,ERR,ERR,ERR,ERR,ERR,ERR,ERR,ERR,ERR,ERR,ERR,ERR,ERR,ERR,ERR,ERR,ERR,ERR,ERR,ERR,ERR,ERR,ERR,ERR,ERR,ERR,ERR,ERR,ERR,ERR,ERR,ERR,ERR,ERR,ERR,ERR,ERR,ERR,ERR,ERR,ERR,ERR,ERR,ERR,ERR,ERR,ERR,ERR,ERR,ERR,ERR,ERR,ERR,ERR,ERR,ERR,ERR,ERR,ERR,ERR,ERR,ERR,ERR,ERR,ERR,ERR,ERR,ERR,ERR,ERR,ERR,ERR,ERR,ERR,ERR,ERR,ERR,ERR,ERR,ERR,ERR,ERR,ERR,ERR,ERR,ERR,ERR,ERR,ERR,ERR,ERR,ERR,ERR,ERR,ERR,ERR,ERR,ERR,ERR,ERR,ERR,ERR,ERR,ERR,ERR,ERR,ERR,ERR,ERR,ERR,ERR,ERR,ERR,ERR,ERR,0.0,0.0,0.0,0.0,0.0,1.3936040501711995e+18,7.805,0.0,0,0,4,0,7116,0.0,100,0.0,0.0,0.0,0.0,0.0,0,0,0,0,0.0,0,0,0,0,0,0,0,0,0,0,0,0,0,0,0,0,0,0,0,0,0,0,0,0,0,0,0,0,0,0,0,0,0,31,40,40,71,65476,0,300,0,0,8,21553,0.0,-107605600.0,0.0,0.0,0.0,0.0,0.0,0.0,0.0,0.0,0.0,0.0,0.0,0.0,0.0,0.0,0.0,0.0,0.0,0.0,0.0,0.0,-0.0,2.004,2.004,-0.0,0.0,0.0,0.0,0.0,6363.0,-0.0,6932.0,0.0,0.0,0.0,0.0,0.0,0.0,0.0,0.0,69,-0.0,1.905695199896535e+17,0.0,0.0,0.0,0.0,0.0,0.0,0.0,0,0,0,0.0,0.0,0.0,0.0,0.0,0.0,0.0,0.0,0.0,0.0,0.0,0.0,0.0,0.0,0.0,0.0,0,-107875648.0,69,0.0,138,0.0,-0.0,0,13107,17040,0,17049,0,17043,0,0,0,70,68,100,2.7302359370752657e+23,71.1,0.0,74.2,2.7302370179391762e+23,74.0,1,49,50,180,0,52429,0,0,0.0,0.0,0.0,0.0,-0.0,67.0,0.0,162057.094,0.0,750,0,739,0,0,0,721,0,765,0,735,0,742,0,741,0,712,0,7520,0.032,79456894976.0,0.0,0.0,784,16797,-0.0,162057.094,-114818.039,-0.0,0.133,6.909358625270745e+28,30.0,65.0,35,0.0,0.0,0.0,0.0,0.0,0.0,0.0,0.0,0.0,0.0,0.0,0.0,0.0,0.0,0.0,0.0,69.2,0,150,71,54,65476,0,300,0,1,8,20529,65476,0,0,40632,65.0,0.0,0.0,0.0,0.0,0.0
2026-09-04T20:55:23,ERR,ERR,ERR,ERR,ERR,ERR,ERR,ERR,ERR,ERR,ERR,ERR,ERR,ERR,ERR,ERR,ERR,ERR,ERR,ERR,ERR,ERR,ERR,ERR,ERR,ERR,ERR,ERR,ERR,ERR,ERR,ERR,ERR,ERR,ERR,ERR,ERR,ERR,ERR,ERR,ERR,ERR,ERR,ERR,ERR,ERR,ERR,ERR,ERR,ERR,ERR,ERR,ERR,ERR,ERR,ERR,ERR,ERR,ERR,ERR,ERR,ERR,ERR,ERR,ERR,ERR,ERR,ERR,ERR,ERR,ERR,ERR,ERR,ERR,ERR,ERR,ERR,ERR,ERR,ERR,ERR,ERR,ERR,ERR,ERR,ERR,ERR,ERR,ERR,ERR,ERR,ERR,ERR,ERR,ERR,ERR,ERR,ERR,ERR,ERR,ERR,ERR,ERR,ERR,ERR,ERR,ERR,ERR,ERR,ERR,ERR,ERR,ERR,ERR,ERR,ERR,ERR,ERR,ERR,ERR,ERR,ERR,ERR,ERR,ERR,0.0,0.0,0.0,0.0,0.0,1.3936040501711995e+18,7.805,0.0,0,0,4,0,7116,0.0,100,0.0,0.0,0.0,0.0,0.0,0,0,0,0,0.0,0,0,0,0,0,0,0,0,0,0,0,0,0,0,0,0,0,0,0,0,0,0,0,0,0,0,0,0,0,0,0,0,0,31,40,40,71,65476,0,300,0,0,8,21553,0.0,-107605600.0,0.0,0.0,0.0,0.0,0.0,0.0,0.0,0.0,0.0,0.0,0.0,0.0,0.0,0.0,0.0,0.0,0.0,0.0,0.0,0.0,-0.0,2.004,2.004,-0.0,0.0,0.0,0.0,0.0,6363.0,-0.0,6932.0,0.0,0.0,0.0,0.0,0.0,0.0,0.0,0.0,69,-0.0,1.905695199896535e+17,0.0,0.0,0.0,0.0,0.0,0.0,0.0,0,0,0,0.0,0.0,0.0,0.0,0.0,0.0,0.0,0.0,0.0,0.0,0.0,0.0,0.0,0.0,0.0,0.0,0,-107875648.0,69,0.0,138,0.0,-0.0,0,13107,17040,0,17049,0,17043,0,0,0,70,68,100,2.7302359370752657e+23,71.1,0.0,74.2,2.7302370179391762e+23,74.0,1,49,50,180,0,52429,0,0,0.0,0.0,0.0,0.0,-0.0,67.0,0.0,162057.094,0.0,750,0,739,0,0,0,721,0,765,0,735,0,742,0,741,0,712,0,7520,0.032,79456894976.0,0.0,0.0,784,16797,-0.0,162057.094,-114818.039,-0.0,0.133,6.909358625270745e+28,30.0,65.0,35,0.0,0.0,0.0,0.0,0.0,0.0,0.0,0.0,0.0,0.0,0.0,0.0,0.0,0.0,0.0,0.0,69.2,0,150,71,54,65476,0,300,0,1,8,20529,65476,0,0,40632,65.0,0.0,0.0,0.0,0.0,0.0
2026-09-04T20:55:24,ERR,ERR,ERR,ERR,ERR,ERR,ERR,ERR,ERR,ERR,ERR,ERR,ERR,ERR,ERR,ERR,ERR,ERR,ERR,ERR,ERR,ERR,ERR,ERR,ERR,ERR,ERR,ERR,ERR,ERR,ERR,ERR,ERR,ERR,ERR,ERR,ERR,ERR,ERR,ERR,ERR,ERR,ERR,ERR,ERR,ERR,ERR,ERR,ERR,ERR,ERR,ERR,ERR,ERR,ERR,ERR,ERR,ERR,ERR,ERR,ERR,ERR,ERR,ERR,ERR,ERR,ERR,ERR,ERR,ERR,ERR,ERR,ERR,ERR,ERR,ERR,ERR,ERR,ERR,ERR,ERR,ERR,ERR,ERR,ERR,ERR,ERR,ERR,ERR,ERR,ERR,ERR,ERR,ERR,ERR,ERR,ERR,ERR,ERR,ERR,ERR,ERR,ERR,ERR,ERR,ERR,ERR,ERR,ERR,ERR,ERR,ERR,ERR,ERR,ERR,ERR,ERR,ERR,ERR,ERR,ERR,ERR,ERR,ERR,ERR,0.0,0.0,0.0,0.0,0.0,1.3936040501711995e+18,7.805,0.0,0,0,4,0,7116,0.0,100,0.0,0.0,0.0,0.0,0.0,0,0,0,0,0.0,0,0,0,0,0,0,0,0,0,0,0,0,0,0,0,0,0,0,0,0,0,0,0,0,0,0,0,0,0,0,0,0,0,31,40,40,71,65476,0,300,0,0,8,21553,0.0,-107605600.0,0.0,0.0,0.0,0.0,0.0,0.0,0.0,0.0,0.0,0.0,0.0,0.0,0.0,0.0,0.0,0.0,0.0,0.0,0.0,0.0,-0.0,2.004,2.004,-0.0,0.0,0.0,0.0,0.0,6363.0,-0.0,6932.0,0.0,0.0,0.0,0.0,0.0,0.0,0.0,0.0,69,-0.0,1.905695199896535e+17,0.0,0.0,0.0,0.0,0.0,0.0,0.0,0,0,0,0.0,0.0,0.0,0.0,0.0,0.0,0.0,0.0,0.0,0.0,0.0,0.0,0.0,0.0,0.0,0.0,0,-107875648.0,69,0.0,138,0.0,-0.0,0,13107,17040,0,17049,0,17043,0,0,0,70,68,100,2.7302359370752657e+23,71.1,0.0,74.2,2.7302370179391762e+23,74.0,1,49,50,180,0,52429,0,0,0.0,0.0,0.0,0.0,-0.0,67.0,0.0,162057.094,0.0,750,0,739,0,0,0,721,0,765,0,735,0,742,0,741,0,712,0,7520,0.032,79456894976.0,0.0,0.0,784,16797,-0.0,162057.094,-114818.039,-0.0,0.133,6.909358625270745e+28,30.0,65.0,35,0.0,0.0,0.0,0.0,0.0,0.0,0.0,0.0,0.0,0.0,0.0,0.0,0.0,0.0,0.0,0.0,69.2,0,150,71,54,65476,0,300,0,1,8,20529,65476,0,0,40632,65.0,0.0,0.0,0.0,0.0,0.0
2026-09-04T20:55:25,ERR,ERR,ERR,ERR,ERR,ERR,ERR,ERR,ERR,ERR,ERR,ERR,ERR,ERR,ERR,ERR,ERR,ERR,ERR,ERR,ERR,ERR,ERR,ERR,ERR,ERR,ERR,ERR,ERR,ERR,ERR,ERR,ERR,ERR,ERR,ERR,ERR,ERR,ERR,ERR,ERR,ERR,ERR,ERR,ERR,ERR,ERR,ERR,ERR,ERR,ERR,ERR,ERR,ERR,ERR,ERR,ERR,ERR,ERR,ERR,ERR,ERR,ERR,ERR,ERR,ERR,ERR,ERR,ERR,ERR,ERR,ERR,ERR,ERR,ERR,ERR,ERR,ERR,ERR,ERR,ERR,ERR,ERR,ERR,ERR,ERR,ERR,ERR,ERR,ERR,ERR,ERR,ERR,ERR,ERR,ERR,ERR,ERR,ERR,ERR,ERR,ERR,ERR,ERR,ERR,ERR,ERR,ERR,ERR,ERR,ERR,ERR,ERR,ERR,ERR,ERR,ERR,ERR,ERR,ERR,ERR,ERR,ERR,ERR,ERR,0.0,0.0,0.0,0.0,0.0,1.3936040501711995e+18,7.805,0.0,0,0,4,0,7116,0.0,100,0.0,0.0,0.0,0.0,0.0,0,0,0,0,0.0,0,0,0,0,0,0,0,0,0,0,0,0,0,0,0,0,0,0,0,0,0,0,0,0,0,0,0,0,0,0,0,0,0,31,40,40,71,65476,0,300,0,0,8,21553,0.0,-107605600.0,0.0,0.0,0.0,0.0,0.0,0.0,0.0,0.0,0.0,0.0,0.0,0.0,0.0,0.0,0.0,0.0,0.0,0.0,0.0,0.0,-0.0,2.004,2.004,-0.0,0.0,0.0,0.0,0.0,6363.0,-0.0,6932.0,0.0,0.0,0.0,0.0,0.0,0.0,0.0,0.0,69,-0.0,1.905695199896535e+17,0.0,0.0,0.0,0.0,0.0,0.0,0.0,0,0,0,0.0,0.0,0.0,0.0,0.0,0.0,0.0,0.0,0.0,0.0,0.0,0.0,0.0,0.0,0.0,0.0,0,-107875648.0,69,0.0,138,0.0,-0.0,0,13107,17040,0,17049,0,17043,0,0,0,70,68,100,2.7302359370752657e+23,71.1,0.0,74.2,2.7302370179391762e+23,74.0,1,49,50,180,0,52429,0,0,0.0,0.0,0.0,0.0,-0.0,67.0,0.0,162057.094,0.0,750,0,739,0,0,0,721,0,765,0,735,0,742,0,741,0,712,0,7520,0.032,79456894976.0,0.0,0.0,784,16797,-0.0,162057.094,-114818.039,-0.0,0.133,6.909358625270745e+28,30.0,65.0,35,0.0,0.0,0.0,0.0,0.0,0.0,0.0,0.0,0.0,0.0,0.0,0.0,0.0,0.0,0.0,0.0,69.2,0,150,71,54,65476,0,300,0,1,8,20529,65476,0,0,40632,65.0,0.0,0.0,0.0,0.0,0.0
2026-09-04T20:55:26,ERR,ERR,ERR,ERR,ERR,ERR,ERR,ERR,ERR,ERR,ERR,ERR,ERR,ERR,ERR,ERR,ERR,ERR,ERR,ERR,ERR,ERR,ERR,ERR,ERR,ERR,ERR,ERR,ERR,ERR,ERR,ERR,ERR,ERR,ERR,ERR,ERR,ERR,ERR,ERR,ERR,ERR,ERR,ERR,ERR,ERR,ERR,ERR,ERR,ERR,ERR,ERR,ERR,ERR,ERR,ERR,ERR,ERR,ERR,ERR,ERR,ERR,ERR,ERR,ERR,ERR,ERR,ERR,ERR,ERR,ERR,ERR,ERR,ERR,ERR,ERR,ERR,ERR,ERR,ERR,ERR,ERR,ERR,ERR,ERR,ERR,ERR,ERR,ERR,ERR,ERR,ERR,ERR,ERR,ERR,ERR,ERR,ERR,ERR,ERR,ERR,ERR,ERR,ERR,ERR,ERR,ERR,ERR,ERR,ERR,ERR,ERR,ERR,ERR,ERR,ERR,ERR,ERR,ERR,ERR,ERR,ERR,ERR,ERR,ERR,0.0,0.0,0.0,0.0,0.0,1.3936040501711995e+18,7.805,0.0,0,0,4,0,7116,0.0,100,0.0,0.0,0.0,0.0,0.0,0,0,0,0,0.0,0,0,0,0,0,0,0,0,0,0,0,0,0,0,0,0,0,0,0,0,0,0,0,0,0,0,0,0,0,0,0,0,0,31,40,40,71,65476,0,300,0,0,8,21553,0.0,-107605600.0,0.0,0.0,0.0,0.0,0.0,0.0,0.0,0.0,0.0,0.0,0.0,0.0,0.0,0.0,0.0,0.0,0.0,0.0,0.0,0.0,-0.0,2.004,2.004,-0.0,0.0,0.0,0.0,0.0,6363.0,-0.0,6932.0,0.0,0.0,0.0,0.0,0.0,0.0,0.0,0.0,69,-0.0,1.905695199896535e+17,0.0,0.0,0.0,0.0,0.0,0.0,0.0,0,0,0,0.0,0.0,0.0,0.0,0.0,0.0,0.0,0.0,0.0,0.0,0.0,0.0,0.0,0.0,0.0,0.0,0,-107875648.0,69,0.0,138,0.0,-0.0,0,13107,17040,0,17049,0,17043,0,0,0,70,68,100,2.7302359370752657e+23,71.1,0.0,74.2,2.7302370179391762e+23,74.0,1,49,50,180,0,52429,0,0,0.0,0.0,0.0,0.0,-0.0,67.0,0.0,162057.094,0.0,750,0,739,0,0,0,721,0,765,0,735,0,742,0,741,0,712,0,7520,0.032,79456894976.0,0.0,0.0,784,16797,-0.0,162057.094,-114818.039,-0.0,0.133,6.909358625270745e+28,30.0,65.0,35,0.0,0.0,0.0,0.0,0.0,0.0,0.0,0.0,0.0,0.0,0.0,0.0,0.0,0.0,0.0,0.0,69.2,0,150,71,54,65476,0,300,0,1,8,20529,65476,0,0,40632,65.0,0.0,0.0,0.0,0.0,0.0
2026-09-04T20:55:27,ERR,ERR,ERR,ERR,ERR,ERR,ERR,ERR,ERR,ERR,ERR,ERR,ERR,ERR,ERR,ERR,ERR,ERR,ERR,ERR,ERR,ERR,ERR,ERR,ERR,ERR,ERR,ERR,ERR,ERR,ERR,ERR,ERR,ERR,ERR,ERR,ERR,ERR,ERR,ERR,ERR,ERR,ERR,ERR,ERR,ERR,ERR,ERR,ERR,ERR,ERR,ERR,ERR,ERR,ERR,ERR,ERR,ERR,ERR,ERR,ERR,ERR,ERR,ERR,ERR,ERR,ERR,ERR,ERR,ERR,ERR,ERR,ERR,ERR,ERR,ERR,ERR,ERR,ERR,ERR,ERR,ERR,ERR,ERR,ERR,ERR,ERR,ERR,ERR,ERR,ERR,ERR,ERR,ERR,ERR,ERR,ERR,ERR,ERR,ERR,ERR,ERR,ERR,ERR,ERR,ERR,ERR,ERR,ERR,ERR,ERR,ERR,ERR,ERR,ERR,ERR,ERR,ERR,ERR,ERR,ERR,ERR,ERR,ERR,ERR,0.0,0.0,0.0,0.0,0.0,1.3936040501711995e+18,7.805,0.0,0,0,4,0,7116,0.0,100,0.0,0.0,0.0,0.0,0.0,0,0,0,0,0.0,0,0,0,0,0,0,0,0,0,0,0,0,0,0,0,0,0,0,0,0,0,0,0,0,0,0,0,0,0,0,0,0,0,31,40,40,71,65476,0,300,0,0,8,21553,0.0,-107605600.0,0.0,0.0,0.0,0.0,0.0,0.0,0.0,0.0,0.0,0.0,0.0,0.0,0.0,0.0,0.0,0.0,0.0,0.0,0.0,0.0,-0.0,2.004,2.004,-0.0,0.0,0.0,0.0,0.0,6363.0,-0.0,6932.0,0.0,0.0,0.0,0.0,0.0,0.0,0.0,0.0,69,-0.0,1.905695199896535e+17,0.0,0.0,0.0,0.0,0.0,0.0,0.0,0,0,0,0.0,0.0,0.0,0.0,0.0,0.0,0.0,0.0,0.0,0.0,0.0,0.0,0.0,0.0,0.0,0.0,0,-107875648.0,69,0.0,138,0.0,-0.0,0,13107,17040,0,17049,0,17043,0,0,0,70,68,100,2.7302359370752657e+23,71.1,0.0,74.2,2.7302370179391762e+23,74.0,1,49,50,180,0,52429,0,0,0.0,0.0,0.0,0.0,-0.0,67.0,0.0,162057.094,0.0,750,0,739,0,0,0,721,0,765,0,735,0,742,0,741,0,712,0,7520,0.032,79456894976.0,0.0,0.0,784,16797,-0.0,162057.094,-114818.039,-0.0,0.133,6.909358625270745e+28,30.0,65.0,35,0.0,0.0,0.0,0.0,0.0,0.0,0.0,0.0,0.0,0.0,0.0,0.0,0.0,0.0,0.0,0.0,69.2,0,150,71,54,65476,0,300,0,1,8,20529,65476,0,0,40632,65.0,0.0,0.0,0.0,0.0,0.0
2026-09-04T20:55:28,ERR,ERR,ERR,ERR,ERR,ERR,ERR,ERR,ERR,ERR,ERR,ERR,ERR,ERR,ERR,ERR,ERR,ERR,ERR,ERR,ERR,ERR,ERR,ERR,ERR,ERR,ERR,ERR,ERR,ERR,ERR,ERR,ERR,ERR,ERR,ERR,ERR,ERR,ERR,ERR,ERR,ERR,ERR,ERR,ERR,ERR,ERR,ERR,ERR,ERR,ERR,ERR,ERR,ERR,ERR,ERR,ERR,ERR,ERR,ERR,ERR,ERR,ERR,ERR,ERR,ERR,ERR,ERR,ERR,ERR,ERR,ERR,ERR,ERR,ERR,ERR,ERR,ERR,ERR,ERR,ERR,ERR,ERR,ERR,ERR,ERR,ERR,ERR,ERR,ERR,ERR,ERR,ERR,ERR,ERR,ERR,ERR,ERR,ERR,ERR,ERR,ERR,ERR,ERR,ERR,ERR,ERR,ERR,ERR,ERR,ERR,ERR,ERR,ERR,ERR,ERR,ERR,ERR,ERR,ERR,ERR,ERR,ERR,ERR,ERR,0.0,0.0,0.0,0.0,0.0,1.3936040501711995e+18,7.805,0.0,0,0,4,0,7116,0.0,100,0.0,0.0,0.0,0.0,0.0,0,0,0,0,0.0,0,0,0,0,0,0,0,0,0,0,0,0,0,0,0,0,0,0,0,0,0,0,0,0,0,0,0,0,0,0,0,0,0,31,40,40,71,65476,0,300,0,0,8,21553,0.0,-107605600.0,0.0,0.0,0.0,0.0,0.0,0.0,0.0,0.0,0.0,0.0,0.0,0.0,0.0,0.0,0.0,0.0,0.0,0.0,0.0,0.0,-0.0,2.004,2.004,-0.0,0.0,0.0,0.0,0.0,6396.0,0.0,6916.0,0.0,0.0,0.0,0.0,0.0,0.0,0.0,0.0,69,-0.0,-2.3088375511221744e+20,0.0,0.0,0.0,0.0,0.0,0.0,0.0,0,0,0,0.0,0.0,0.0,0.0,0.0,0.0,0.0,0.0,0.0,0.0,0.0,0.0,0.0,0.0,0.0,0.0,0,-107875648.0,69,0.0,138,0.0,-0.0,0,13107,17040,0,17049,0,17043,0,0,0,70,68,100,2.7302359370752657e+23,71.1,0.0,74.2,2.7302370179391762e+23,74.0,1,49,50,180,0,52429,0,0,0.0,0.0,0.0,0.0,-0.0,67.0,0.0,162057.094,0.0,750,0,739,0,0,0,721,0,765,0,735,0,742,0,741,0,712,0,7520,0.032,79456894976.0,0.0,0.0,784,16797,-0.0,162057.094,-114818.039,-0.0,0.133,6.909358625270745e+28,30.0,65.0,35,0.0,0.0,0.0,0.0,0.0,0.0,0.0,0.0,0.0,0.0,0.0,0.0,0.0,0.0,0.0,0.0,69.2,0,150,71,54,65476,0,300,0,1,8,20529,65476,0,0,40632,65.0,0.0,0.0,0.0,0.0,0.0
2026-09-04T20:55:29,ERR,ERR,ERR,ERR,ERR,ERR,ERR,ERR,ERR,ERR,ERR,ERR,ERR,ERR,ERR,ERR,ERR,ERR,ERR,ERR,ERR,ERR,ERR,ERR,ERR,ERR,ERR,ERR,ERR,ERR,ERR,ERR,ERR,ERR,ERR,ERR,ERR,ERR,ERR,ERR,ERR,ERR,ERR,ERR,ERR,ERR,ERR,ERR,ERR,ERR,ERR,ERR,ERR,ERR,ERR,ERR,ERR,ERR,ERR,ERR,ERR,ERR,ERR,ERR,ERR,ERR,ERR,ERR,ERR,ERR,ERR,ERR,ERR,ERR,ERR,ERR,ERR,ERR,ERR,ERR,ERR,ERR,ERR,ERR,ERR,ERR,ERR,ERR,ERR,ERR,ERR,ERR,ERR,ERR,ERR,ERR,ERR,ERR,ERR,ERR,ERR,ERR,ERR,ERR,ERR,ERR,ERR,ERR,ERR,ERR,ERR,ERR,ERR,ERR,ERR,ERR,ERR,ERR,ERR,ERR,ERR,ERR,ERR,ERR,ERR,0.0,0.0,0.0,0.0,0.0,1.3936040501711995e+18,7.805,0.0,0,0,4,0,7116,0.0,100,0.0,0.0,0.0,0.0,0.0,0,0,0,0,0.0,0,0,0,0,0,0,0,0,0,0,0,0,0,0,0,0,0,0,0,0,0,0,0,0,0,0,0,0,0,0,0,0,0,31,40,40,71,65476,0,300,0,0,8,21553,0.0,-107605600.0,0.0,0.0,0.0,0.0,0.0,0.0,0.0,0.0,0.0,0.0,0.0,0.0,0.0,0.0,0.0,0.0,0.0,0.0,0.0,0.0,-0.0,2.004,2.004,-0.0,0.0,0.0,0.0,0.0,6396.0,0.0,6916.0,0.0,0.0,0.0,0.0,0.0,0.0,0.0,0.0,69,-0.0,-2.3088375511221744e+20,0.0,0.0,0.0,0.0,0.0,0.0,0.0,0,0,0,0.0,0.0,0.0,0.0,0.0,0.0,0.0,0.0,0.0,0.0,0.0,0.0,0.0,0.0,0.0,0.0,0,-107875648.0,69,0.0,138,0.0,-0.0,0,13107,17040,0,17049,0,17043,0,0,0,70,68,100,2.7302359370752657e+23,71.1,0.0,74.2,2.7302370179391762e+23,74.0,1,49,50,180,0,52429,0,0,0.0,0.0,0.0,0.0,-0.0,67.0,0.0,162057.094,0.0,750,0,739,0,0,0,721,0,765,0,735,0,742,0,741,0,712,0,7520,0.032,79456894976.0,0.0,0.0,784,16797,-0.0,162057.094,-114818.039,-0.0,0.133,6.909358625270745e+28,30.0,65.0,35,0.0,0.0,0.0,0.0,0.0,0.0,0.0,0.0,0.0,0.0,0.0,0.0,0.0,0.0,0.0,0.0,69.6,0,150,71,54,65476,0,300,0,1,8,20529,65476,0,0,40632,65.0,0.0,0.0,0.0,0.0,0.0
2026-09-04T20:55:30,ERR,ERR,ERR,ERR,ERR,ERR,ERR,ERR,ERR,ERR,ERR,ERR,ERR,ERR,ERR,ERR,ERR,ERR,ERR,ERR,ERR,ERR,ERR,ERR,ERR,ERR,ERR,ERR,ERR,ERR,ERR,ERR,ERR,ERR,ERR,ERR,ERR,ERR,ERR,ERR,ERR,ERR,ERR,ERR,ERR,ERR,ERR,ERR,ERR,ERR,ERR,ERR,ERR,ERR,ERR,ERR,ERR,ERR,ERR,ERR,ERR,ERR,ERR,ERR,ERR,ERR,ERR,ERR,ERR,ERR,ERR,ERR,ERR,ERR,ERR,ERR,ERR,ERR,ERR,ERR,ERR,ERR,ERR,ERR,ERR,ERR,ERR,ERR,ERR,ERR,ERR,ERR,ERR,ERR,ERR,ERR,ERR,ERR,ERR,ERR,ERR,ERR,ERR,ERR,ERR,ERR,ERR,ERR,ERR,ERR,ERR,ERR,ERR,ERR,ERR,ERR,ERR,ERR,ERR,ERR,ERR,ERR,ERR,ERR,ERR,0.0,0.0,0.0,0.0,0.0,1.3936040501711995e+18,7.805,0.0,0,0,4,0,7116,0.0,100,0.0,0.0,0.0,0.0,0.0,0,0,0,0,0.0,0,0,0,0,0,0,0,0,0,0,0,0,0,0,0,0,0,0,0,0,0,0,0,0,0,0,0,0,0,0,0,0,0,31,40,40,71,65476,0,300,0,0,8,21553,0.0,-107605600.0,0.0,0.0,0.0,0.0,0.0,0.0,0.0,0.0,0.0,0.0,0.0,0.0,0.0,0.0,0.0,0.0,0.0,0.0,0.0,0.0,-0.0,2.004,2.004,-0.0,0.0,0.0,0.0,0.0,6396.0,0.0,6916.0,0.0,0.0,0.0,0.0,0.0,0.0,0.0,0.0,69,-0.0,-2.3088375511221744e+20,0.0,0.0,0.0,0.0,0.0,0.0,0.0,0,0,0,0.0,0.0,0.0,0.0,0.0,0.0,0.0,0.0,0.0,0.0,0.0,0.0,0.0,0.0,0.0,0.0,0,-107875648.0,69,0.0,138,0.0,-0.0,0,13107,17040,0,17049,0,17043,0,0,0,70,68,100,2.7302359370752657e+23,71.1,0.0,74.2,2.7302370179391762e+23,74.0,1,49,50,180,0,52429,0,0,0.0,0.0,0.0,0.0,-0.0,67.0,0.0,162057.094,0.0,750,0,739,0,0,0,721,0,765,0,735,0,742,0,741,0,712,0,7520,0.032,79456894976.0,0.0,0.0,784,16797,-0.0,162057.094,-114818.039,-0.0,0.133,6.909358625270745e+28,30.0,65.0,35,0.0,0.0,0.0,0.0,0.0,0.0,0.0,0.0,0.0,0.0,0.0,0.0,0.0,0.0,0.0,0.0,69.6,0,150,71,54,65476,0,300,0,1,8,20529,65476,0,0,40632,65.0,0.0,0.0,0.0,0.0,0.0
2026-09-04T20:55:31,ERR,ERR,ERR,ERR,ERR,ERR,ERR,ERR,ERR,ERR,ERR,ERR,ERR,ERR,ERR,ERR,ERR,ERR,ERR,ERR,ERR,ERR,ERR,ERR,ERR,ERR,ERR,ERR,ERR,ERR,ERR,ERR,ERR,ERR,ERR,ERR,ERR,ERR,ERR,ERR,ERR,ERR,ERR,ERR,ERR,ERR,ERR,ERR,ERR,ERR,ERR,ERR,ERR,ERR,ERR,ERR,ERR,ERR,ERR,ERR,ERR,ERR,ERR,ERR,ERR,ERR,ERR,ERR,ERR,ERR,ERR,ERR,ERR,ERR,ERR,ERR,ERR,ERR,ERR,ERR,ERR,ERR,ERR,ERR,ERR,ERR,ERR,ERR,ERR,ERR,ERR,ERR,ERR,ERR,ERR,ERR,ERR,ERR,ERR,ERR,ERR,ERR,ERR,ERR,ERR,ERR,ERR,ERR,ERR,ERR,ERR,ERR,ERR,ERR,ERR,ERR,ERR,ERR,ERR,ERR,ERR,ERR,ERR,ERR,ERR,0.0,0.0,0.0,0.0,0.0,1.3936040501711995e+18,7.805,0.0,0,0,4,0,7116,0.0,100,0.0,0.0,0.0,0.0,0.0,0,0,0,0,0.0,0,0,0,0,0,0,0,0,0,0,0,0,0,0,0,0,0,0,0,0,0,0,0,0,0,0,0,0,0,0,0,0,0,31,40,40,71,65476,0,300,0,0,8,21553,0.0,-107605600.0,0.0,0.0,0.0,0.0,0.0,0.0,0.0,0.0,0.0,0.0,0.0,0.0,0.0,0.0,0.0,0.0,0.0,0.0,0.0,0.0,-0.0,2.004,2.004,-0.0,0.0,0.0,0.0,0.0,6396.0,0.0,6916.0,0.0,0.0,0.0,0.0,0.0,0.0,0.0,0.0,69,-0.0,-2.3088375511221744e+20,0.0,0.0,0.0,0.0,0.0,0.0,0.0,0,0,0,0.0,0.0,0.0,0.0,0.0,0.0,0.0,0.0,0.0,0.0,0.0,0.0,0.0,0.0,0.0,0.0,0,-107875648.0,69,0.0,138,0.0,-0.0,0,13107,17040,0,17049,0,17043,0,0,0,70,68,100,2.7302359370752657e+23,71.1,0.0,74.2,2.7302370179391762e+23,74.0,1,49,50,180,0,52429,0,0,0.0,0.0,0.0,0.0,-0.0,67.0,0.0,162057.094,0.0,750,0,739,0,0,0,721,0,765,0,735,0,742,0,741,0,712,0,7520,0.032,79456894976.0,0.0,0.0,784,16797,-0.0,162057.094,-114818.039,-0.0,0.133,6.909358625270745e+28,30.0,65.0,35,0.0,0.0,0.0,0.0,0.0,0.0,0.0,0.0,0.0,0.0,0.0,0.0,0.0,0.0,0.0,0.0,69.6,0,150,71,54,65476,0,300,0,1,8,20529,65476,0,0,40632,65.0,0.0,0.0,0.0,0.0,0.0
2026-09-04T20:55:32,ERR,ERR,ERR,ERR,ERR,ERR,ERR,ERR,ERR,ERR,ERR,ERR,ERR,ERR,ERR,ERR,ERR,ERR,ERR,ERR,ERR,ERR,ERR,ERR,ERR,ERR,ERR,ERR,ERR,ERR,ERR,ERR,ERR,ERR,ERR,ERR,ERR,ERR,ERR,ERR,ERR,ERR,ERR,ERR,ERR,ERR,ERR,ERR,ERR,ERR,ERR,ERR,ERR,ERR,ERR,ERR,ERR,ERR,ERR,ERR,ERR,ERR,ERR,ERR,ERR,ERR,ERR,ERR,ERR,ERR,ERR,ERR,ERR,ERR,ERR,ERR,ERR,ERR,ERR,ERR,ERR,ERR,ERR,ERR,ERR,ERR,ERR,ERR,ERR,ERR,ERR,ERR,ERR,ERR,ERR,ERR,ERR,ERR,ERR,ERR,ERR,ERR,ERR,ERR,ERR,ERR,ERR,ERR,ERR,ERR,ERR,ERR,ERR,ERR,ERR,ERR,ERR,ERR,ERR,ERR,ERR,ERR,ERR,ERR,ERR,0.0,0.0,0.0,0.0,0.0,1.3936040501711995e+18,7.805,0.0,0,0,4,0,7116,0.0,100,0.0,0.0,0.0,0.0,0.0,0,0,0,0,0.0,0,0,0,0,0,0,0,0,0,0,0,0,0,0,0,0,0,0,0,0,0,0,0,0,0,0,0,0,0,0,0,0,0,31,40,40,71,65476,0,300,0,0,8,21553,0.0,-107605600.0,0.0,0.0,0.0,0.0,0.0,0.0,0.0,0.0,0.0,0.0,0.0,0.0,0.0,0.0,0.0,0.0,0.0,0.0,0.0,0.0,-0.0,2.004,2.004,-0.0,0.0,0.0,0.0,0.0,6396.0,0.0,6916.0,0.0,0.0,0.0,0.0,0.0,0.0,0.0,0.0,69,-0.0,-2.3088375511221744e+20,0.0,0.0,0.0,0.0,0.0,0.0,0.0,0,0,0,0.0,0.0,0.0,0.0,0.0,0.0,0.0,0.0,0.0,0.0,0.0,0.0,0.0,0.0,0.0,0.0,0,-107875648.0,69,0.0,138,0.0,-0.0,0,13107,17040,0,17049,0,17043,0,0,0,70,68,100,2.7302359370752657e+23,71.1,0.0,74.2,2.7302370179391762e+23,74.0,1,49,50,180,0,52429,0,0,0.0,0.0,0.0,0.0,-0.0,67.0,0.0,162057.094,0.0,750,0,739,0,0,0,721,0,765,0,735,0,742,0,741,0,712,0,7520,0.032,79456894976.0,0.0,0.0,784,16797,-0.0,162057.094,-114818.039,-0.0,0.133,6.909358625270745e+28,30.0,65.0,35,0.0,0.0,0.0,0.0,0.0,0.0,0.0,0.0,0.0,0.0,0.0,0.0,0.0,0.0,0.0,0.0,69.2,0,150,71,54,65476,0,300,0,1,8,20529,65476,0,0,40632,65.0,0.0,0.0,0.0,0.0,0.0
2026-09-04T20:55:33,ERR,ERR,ERR,ERR,ERR,ERR,ERR,ERR,ERR,ERR,ERR,ERR,ERR,ERR,ERR,ERR,ERR,ERR,ERR,ERR,ERR,ERR,ERR,ERR,ERR,ERR,ERR,ERR,ERR,ERR,ERR,ERR,ERR,ERR,ERR,ERR,ERR,ERR,ERR,ERR,ERR,ERR,ERR,ERR,ERR,ERR,ERR,ERR,ERR,ERR,ERR,ERR,ERR,ERR,ERR,ERR,ERR,ERR,ERR,ERR,ERR,ERR,ERR,ERR,ERR,ERR,ERR,ERR,ERR,ERR,ERR,ERR,ERR,ERR,ERR,ERR,ERR,ERR,ERR,ERR,ERR,ERR,ERR,ERR,ERR,ERR,ERR,ERR,ERR,ERR,ERR,ERR,ERR,ERR,ERR,ERR,ERR,ERR,ERR,ERR,ERR,ERR,ERR,ERR,ERR,ERR,ERR,ERR,ERR,ERR,ERR,ERR,ERR,ERR,ERR,ERR,ERR,ERR,ERR,ERR,ERR,ERR,ERR,ERR,ERR,0.0,0.0,0.0,0.0,0.0,1.3936040501711995e+18,7.805,0.0,0,0,4,0,7116,0.0,100,0.0,0.0,0.0,0.0,0.0,0,0,0,0,0.0,0,0,0,0,0,0,0,0,0,0,0,0,0,0,0,0,0,0,0,0,0,0,0,0,0,0,0,0,0,0,0,0,0,31,40,40,71,65476,0,300,0,0,8,21553,0.0,-107605600.0,0.0,0.0,0.0,0.0,0.0,0.0,0.0,0.0,0.0,0.0,0.0,0.0,0.0,0.0,0.0,0.0,0.0,0.0,0.0,0.0,-0.0,2.004,2.004,-0.0,0.0,0.0,0.0,0.0,6396.0,0.0,6916.0,0.0,0.0,0.0,0.0,0.0,0.0,0.0,0.0,69,-0.0,-2.3088375511221744e+20,0.0,0.0,0.0,0.0,0.0,0.0,0.0,0,0,0,0.0,0.0,0.0,0.0,0.0,0.0,0.0,0.0,0.0,0.0,0.0,0.0,0.0,0.0,0.0,0.0,0,-107875648.0,69,0.0,138,0.0,-0.0,0,13107,17040,0,17049,0,17043,0,0,0,70,68,100,2.7302359370752657e+23,71.1,0.0,74.2,2.7302370179391762e+23,74.0,1,49,50,180,0,52429,0,0,0.0,0.0,0.0,0.0,-0.0,67.0,0.0,162057.094,0.0,750,0,739,0,0,0,721,0,765,0,735,0,742,0,741,0,712,0,7520,0.032,79993765888.0,0.0,0.0,784,16797,-0.0,162057.094,-114818.039,-0.0,0.133,6.909358625270745e+28,30.0,65.0,35,0.0,0.0,0.0,0.0,0.0,0.0,0.0,0.0,0.0,0.0,0.0,0.0,0.0,0.0,0.0,0.0,69.2,0,150,71,54,65476,0,300,0,1,8,20529,65476,0,0,40632,65.0,0.0,0.0,0.0,0.0,0.0
2026-09-04T20:55:34,ERR,ERR,ERR,ERR,ERR,ERR,ERR,ERR,ERR,ERR,ERR,ERR,ERR,ERR,ERR,ERR,ERR,ERR,ERR,ERR,ERR,ERR,ERR,ERR,ERR,ERR,ERR,ERR,ERR,ERR,ERR,ERR,ERR,ERR,ERR,ERR,ERR,ERR,ERR,ERR,ERR,ERR,ERR,ERR,ERR,ERR,ERR,ERR,ERR,ERR,ERR,ERR,ERR,ERR,ERR,ERR,ERR,ERR,ERR,ERR,ERR,ERR,ERR,ERR,ERR,ERR,ERR,ERR,ERR,ERR,ERR,ERR,ERR,ERR,ERR,ERR,ERR,ERR,ERR,ERR,ERR,ERR,ERR,ERR,ERR,ERR,ERR,ERR,ERR,ERR,ERR,ERR,ERR,ERR,ERR,ERR,ERR,ERR,ERR,ERR,ERR,ERR,ERR,ERR,ERR,ERR,ERR,ERR,ERR,ERR,ERR,ERR,ERR,ERR,ERR,ERR,ERR,ERR,ERR,ERR,ERR,ERR,ERR,ERR,ERR,0.0,0.0,0.0,0.0,0.0,1.3936040501711995e+18,7.805,0.0,0,0,4,0,7116,0.0,100,0.0,0.0,0.0,0.0,0.0,0,0,0,0,0.0,0,0,0,0,0,0,0,0,0,0,0,0,0,0,0,0,0,0,0,0,0,0,0,0,0,0,0,0,0,0,0,0,0,31,40,40,71,65476,0,300,0,0,8,21553,0.0,-107605600.0,0.0,0.0,0.0,0.0,0.0,0.0,0.0,0.0,0.0,0.0,0.0,0.0,0.0,0.0,0.0,0.0,0.0,0.0,0.0,0.0,-0.0,2.004,2.004,-0.0,0.0,0.0,0.0,0.0,6396.0,0.0,6916.0,0.0,0.0,0.0,0.0,0.0,0.0,0.0,0.0,69,-0.0,-2.3088375511221744e+20,0.0,0.0,0.0,0.0,0.0,0.0,0.0,0,0,0,0.0,0.0,0.0,0.0,0.0,0.0,0.0,0.0,0.0,0.0,0.0,0.0,0.0,0.0,0.0,0.0,0,-107875648.0,69,0.0,138,0.0,-0.0,0,13107,17040,0,17049,0,17043,0,0,0,70,68,100,2.7302359370752657e+23,71.1,0.0,74.2,2.7302370179391762e+23,74.0,1,49,50,180,0,52429,0,0,0.0,0.0,0.0,0.0,-0.0,67.0,0.0,162057.094,0.0,750,0,739,0,0,0,721,0,765,0,735,0,742,0,741,0,712,0,7520,0.032,79993765888.0,0.0,0.0,784,16797,-0.0,162057.094,-114818.039,-0.0,0.133,6.909358625270745e+28,30.0,65.0,35,0.0,0.0,0.0,0.0,0.0,0.0,0.0,0.0,0.0,0.0,0.0,0.0,0.0,0.0,0.0,0.0,69.2,0,150,71,54,65476,0,300,0,1,8,20529,65476,0,0,40632,65.0,0.0,0.0,0.0,0.0,0.0
2026-09-04T20:55:35,ERR,ERR,ERR,ERR,ERR,ERR,ERR,ERR,ERR,ERR,ERR,ERR,ERR,ERR,ERR,ERR,ERR,ERR,ERR,ERR,ERR,ERR,ERR,ERR,ERR,ERR,ERR,ERR,ERR,ERR,ERR,ERR,ERR,ERR,ERR,ERR,ERR,ERR,ERR,ERR,ERR,ERR,ERR,ERR,ERR,ERR,ERR,ERR,ERR,ERR,ERR,ERR,ERR,ERR,ERR,ERR,ERR,ERR,ERR,ERR,ERR,ERR,ERR,ERR,ERR,ERR,ERR,ERR,ERR,ERR,ERR,ERR,ERR,ERR,ERR,ERR,ERR,ERR,ERR,ERR,ERR,ERR,ERR,ERR,ERR,ERR,ERR,ERR,ERR,ERR,ERR,ERR,ERR,ERR,ERR,ERR,ERR,ERR,ERR,ERR,ERR,ERR,ERR,ERR,ERR,ERR,ERR,ERR,ERR,ERR,ERR,ERR,ERR,ERR,ERR,ERR,ERR,ERR,ERR,ERR,ERR,ERR,ERR,ERR,ERR,0.0,0.0,0.0,0.0,0.0,1.3936040501711995e+18,7.805,0.0,0,0,4,0,7116,0.0,100,0.0,0.0,0.0,0.0,0.0,0,0,0,0,0.0,0,0,0,0,0,0,0,0,0,0,0,0,0,0,0,0,0,0,0,0,0,0,0,0,0,0,0,0,0,0,0,0,0,31,40,40,71,65476,0,300,0,0,8,21553,0.0,-107605600.0,0.0,0.0,0.0,0.0,0.0,0.0,0.0,0.0,0.0,0.0,0.0,0.0,0.0,0.0,0.0,0.0,0.0,0.0,0.0,0.0,-0.0,2.004,2.004,-0.0,0.0,0.0,0.0,0.0,6396.0,0.0,6943.0,0.0,0.0,0.0,0.0,0.0,0.0,0.0,0.0,69,-0.0,-0.0,0.0,0.0,0.0,0.0,0.0,0.0,0.0,0,0,0,0.0,0.0,0.0,0.0,0.0,0.0,0.0,0.0,0.0,0.0,0.0,0.0,0.0,0.0,0.0,0.0,0,-107875648.0,69,0.0,138,0.0,-0.0,0,13107,17040,0,17049,0,17043,0,0,0,70,68,100,2.7302359370752657e+23,71.1,0.0,74.2,2.7302370179391762e+23,74.0,1,49,50,180,0,52429,0,0,0.0,0.0,0.0,0.0,-0.0,67.0,0.0,162057.094,0.0,750,0,739,0,0,0,721,0,765,0,735,0,742,0,741,0,712,0,7520,0.032,79993765888.0,0.0,0.0,784,16797,-0.0,162057.094,-114818.039,-0.0,0.133,6.909358625270745e+28,30.0,65.0,35,0.0,0.0,0.0,0.0,0.0,0.0,0.0,0.0,0.0,0.0,0.0,0.0,0.0,0.0,0.0,0.0,69.2,0,150,71,54,65476,0,300,0,1,8,20529,65476,0,0,40632,65.0,0.0,0.0,0.0,0.0,0.0
2026-09-04T20:55:36,ERR,ERR,ERR,ERR,ERR,ERR,ERR,ERR,ERR,ERR,ERR,ERR,ERR,ERR,ERR,ERR,ERR,ERR,ERR,ERR,ERR,ERR,ERR,ERR,ERR,ERR,ERR,ERR,ERR,ERR,ERR,ERR,ERR,ERR,ERR,ERR,ERR,ERR,ERR,ERR,ERR,ERR,ERR,ERR,ERR,ERR,ERR,ERR,ERR,ERR,ERR,ERR,ERR,ERR,ERR,ERR,ERR,ERR,ERR,ERR,ERR,ERR,ERR,ERR,ERR,ERR,ERR,ERR,ERR,ERR,ERR,ERR,ERR,ERR,ERR,ERR,ERR,ERR,ERR,ERR,ERR,ERR,ERR,ERR,ERR,ERR,ERR,ERR,ERR,ERR,ERR,ERR,ERR,ERR,ERR,ERR,ERR,ERR,ERR,ERR,ERR,ERR,ERR,ERR,ERR,ERR,ERR,ERR,ERR,ERR,ERR,ERR,ERR,ERR,ERR,ERR,ERR,ERR,ERR,ERR,ERR,ERR,ERR,ERR,ERR,0.0,0.0,0.0,0.0,0.0,1.3936040501711995e+18,7.805,0.0,0,0,4,0,7116,0.0,100,0.0,0.0,0.0,0.0,0.0,0,0,0,0,0.0,0,0,0,0,0,0,0,0,0,0,0,0,0,0,0,0,0,0,0,0,0,0,0,0,0,0,0,0,0,0,0,0,0,31,40,40,71,65476,0,300,0,0,8,21553,0.0,-107605600.0,0.0,0.0,0.0,0.0,0.0,0.0,0.0,0.0,0.0,0.0,0.0,0.0,0.0,0.0,0.0,0.0,0.0,0.0,0.0,0.0,-0.0,2.004,2.004,-0.0,0.0,0.0,0.0,0.0,6396.0,0.0,6943.0,0.0,0.0,0.0,0.0,0.0,0.0,0.0,0.0,69,-0.0,-0.0,0.0,0.0,0.0,0.0,0.0,0.0,0.0,0,0,0,0.0,0.0,0.0,0.0,0.0,0.0,0.0,0.0,0.0,0.0,0.0,0.0,0.0,0.0,0.0,0.0,0,-107875648.0,69,0.0,138,0.0,-0.0,0,13107,17040,0,17049,0,17043,0,0,0,70,68,100,2.7302359370752657e+23,71.1,0.0,74.2,2.7302370179391762e+23,74.0,1,49,50,180,0,52429,0,0,0.0,0.0,0.0,0.0,-0.0,67.0,0.0,162057.094,0.0,750,0,739,0,0,0,721,0,765,0,735,0,742,0,741,0,712,0,7520,0.032,79993765888.0,0.0,0.0,784,16797,-0.0,162057.094,-114818.039,-0.0,0.133,6.909358625270745e+28,30.0,65.0,35,0.0,0.0,0.0,0.0,0.0,0.0,0.0,0.0,0.0,0.0,0.0,0.0,0.0,0.0,0.0,0.0,69.2,0,150,71,54,65476,0,300,0,1,8,20529,65476,0,0,40632,65.0,0.0,0.0,0.0,0.0,0.0
2026-09-04T20:55:37,ERR,ERR,ERR,ERR,ERR,ERR,ERR,ERR,ERR,ERR,ERR,ERR,ERR,ERR,ERR,ERR,ERR,ERR,ERR,ERR,ERR,ERR,ERR,ERR,ERR,ERR,ERR,ERR,ERR,ERR,ERR,ERR,ERR,ERR,ERR,ERR,ERR,ERR,ERR,ERR,ERR,ERR,ERR,ERR,ERR,ERR,ERR,ERR,ERR,ERR,ERR,ERR,ERR,ERR,ERR,ERR,ERR,ERR,ERR,ERR,ERR,ERR,ERR,ERR,ERR,ERR,ERR,ERR,ERR,ERR,ERR,ERR,ERR,ERR,ERR,ERR,ERR,ERR,ERR,ERR,ERR,ERR,ERR,ERR,ERR,ERR,ERR,ERR,ERR,ERR,ERR,ERR,ERR,ERR,ERR,ERR,ERR,ERR,ERR,ERR,ERR,ERR,ERR,ERR,ERR,ERR,ERR,ERR,ERR,ERR,ERR,ERR,ERR,ERR,ERR,ERR,ERR,ERR,ERR,ERR,ERR,ERR,ERR,ERR,ERR,0.0,0.0,0.0,0.0,0.0,1.3936040501711995e+18,7.805,0.0,0,0,4,0,7116,0.0,100,0.0,0.0,0.0,0.0,0.0,0,0,0,0,0.0,0,0,0,0,0,0,0,0,0,0,0,0,0,0,0,0,0,0,0,0,0,0,0,0,0,0,0,0,0,0,0,0,0,31,40,40,71,65476,0,300,0,0,8,21553,0.0,-107605600.0,0.0,0.0,0.0,0.0,0.0,0.0,0.0,0.0,0.0,0.0,0.0,0.0,0.0,0.0,0.0,0.0,0.0,0.0,0.0,0.0,-0.0,2.004,2.004,-0.0,0.0,0.0,0.0,0.0,6396.0,0.0,6943.0,0.0,0.0,0.0,0.0,0.0,0.0,0.0,0.0,69,-0.0,-0.0,0.0,0.0,0.0,0.0,0.0,0.0,0.0,0,0,0,0.0,0.0,0.0,0.0,0.0,0.0,0.0,0.0,0.0,0.0,0.0,0.0,0.0,0.0,0.0,0.0,0,-107875648.0,69,0.0,138,0.0,-0.0,0,13107,17040,0,17049,0,17043,0,0,0,70,68,100,2.7302359370752657e+23,71.1,0.0,74.2,2.7302370179391762e+23,74.0,1,49,50,180,0,52429,0,0,0.0,0.0,0.0,0.0,-0.0,67.0,0.0,162057.094,0.0,750,0,739,0,0,0,721,0,765,0,735,0,742,0,741,0,712,0,7520,0.032,79993765888.0,0.0,0.0,784,16797,-0.0,162057.094,-114818.039,-0.0,0.133,6.909358625270745e+28,30.0,65.0,35,0.0,0.0,0.0,0.0,0.0,0.0,0.0,0.0,0.0,0.0,0.0,0.0,0.0,0.0,0.0,0.0,69.2,0,150,71,54,65476,0,300,0,1,8,20529,65476,0,0,40632,65.0,0.0,0.0,0.0,0.0,0.0
2026-09-04T20:55:38,ERR,ERR,ERR,ERR,ERR,ERR,ERR,ERR,ERR,ERR,ERR,ERR,ERR,ERR,ERR,ERR,ERR,ERR,ERR,ERR,ERR,ERR,ERR,ERR,ERR,ERR,ERR,ERR,ERR,ERR,ERR,ERR,ERR,ERR,ERR,ERR,ERR,ERR,ERR,ERR,ERR,ERR,ERR,ERR,ERR,ERR,ERR,ERR,ERR,ERR,ERR,ERR,ERR,ERR,ERR,ERR,ERR,ERR,ERR,ERR,ERR,ERR,ERR,ERR,ERR,ERR,ERR,ERR,ERR,ERR,ERR,ERR,ERR,ERR,ERR,ERR,ERR,ERR,ERR,ERR,ERR,ERR,ERR,ERR,ERR,ERR,ERR,ERR,ERR,ERR,ERR,ERR,ERR,ERR,ERR,ERR,ERR,ERR,ERR,ERR,ERR,ERR,ERR,ERR,ERR,ERR,ERR,ERR,ERR,ERR,ERR,ERR,ERR,ERR,ERR,ERR,ERR,ERR,ERR,ERR,ERR,ERR,ERR,ERR,ERR,0.0,0.0,0.0,0.0,0.0,1.3936040501711995e+18,7.805,0.0,0,0,4,0,7116,0.0,100,0.0,0.0,0.0,0.0,0.0,0,0,0,0,0.0,0,0,0,0,0,0,0,0,0,0,0,0,0,0,0,0,0,0,0,0,0,0,0,0,0,0,0,0,0,0,0,0,0,31,40,40,71,65476,0,300,0,0,8,21553,0.0,-107605600.0,0.0,0.0,0.0,0.0,0.0,0.0,0.0,0.0,0.0,0.0,0.0,0.0,0.0,0.0,0.0,0.0,0.0,0.0,0.0,0.0,-0.0,2.004,2.004,-0.0,0.0,0.0,0.0,0.0,6396.0,0.0,6943.0,0.0,0.0,0.0,0.0,0.0,0.0,0.0,0.0,69,-0.0,-0.0,0.0,0.0,0.0,0.0,0.0,0.0,0.0,0,0,0,0.0,0.0,0.0,0.0,0.0,0.0,0.0,0.0,0.0,0.0,0.0,0.0,0.0,0.0,0.0,0.0,0,-107875648.0,69,0.0,138,0.0,-0.0,0,13107,17040,0,17049,0,17043,0,0,0,70,68,100,2.7302359370752657e+23,71.1,0.0,74.2,2.7302370179391762e+23,74.0,1,49,50,180,0,52429,0,0,0.0,0.0,0.0,0.0,-0.0,67.0,0.0,162057.094,0.0,750,0,739,0,0,0,721,0,765,0,735,0,742,0,741,0,712,0,7520,0.032,79456894976.0,0.0,0.0,784,16797,-0.0,162057.094,-114818.039,-0.0,0.133,6.909358625270745e+28,30.0,65.0,35,0.0,0.0,0.0,0.0,0.0,0.0,0.0,0.0,0.0,0.0,0.0,0.0,0.0,0.0,0.0,0.0,69.2,0,150,71,54,65476,0,300,0,1,8,20529,65476,0,0,40632,65.0,0.0,0.0,0.0,0.0,0.0
2026-09-04T20:55:39,ERR,ERR,ERR,ERR,ERR,ERR,ERR,ERR,ERR,ERR,ERR,ERR,ERR,ERR,ERR,ERR,ERR,ERR,ERR,ERR,ERR,ERR,ERR,ERR,ERR,ERR,ERR,ERR,ERR,ERR,ERR,ERR,ERR,ERR,ERR,ERR,ERR,ERR,ERR,ERR,ERR,ERR,ERR,ERR,ERR,ERR,ERR,ERR,ERR,ERR,ERR,ERR,ERR,ERR,ERR,ERR,ERR,ERR,ERR,ERR,ERR,ERR,ERR,ERR,ERR,ERR,ERR,ERR,ERR,ERR,ERR,ERR,ERR,ERR,ERR,ERR,ERR,ERR,ERR,ERR,ERR,ERR,ERR,ERR,ERR,ERR,ERR,ERR,ERR,ERR,ERR,ERR,ERR,ERR,ERR,ERR,ERR,ERR,ERR,ERR,ERR,ERR,ERR,ERR,ERR,ERR,ERR,ERR,ERR,ERR,ERR,ERR,ERR,ERR,ERR,ERR,ERR,ERR,ERR,ERR,ERR,ERR,ERR,ERR,ERR,0.0,0.0,0.0,0.0,0.0,1.3936040501711995e+18,7.805,0.0,0,0,4,0,7116,0.0,100,0.0,0.0,0.0,0.0,0.0,0,0,0,0,0.0,0,0,0,0,0,0,0,0,0,0,0,0,0,0,0,0,0,0,0,0,0,0,0,0,0,0,0,0,0,0,0,0,0,31,40,40,71,65476,0,300,0,0,8,21553,0.0,-107605600.0,0.0,0.0,0.0,0.0,0.0,0.0,0.0,0.0,0.0,0.0,0.0,0.0,0.0,0.0,0.0,0.0,0.0,0.0,0.0,0.0,-0.0,2.004,2.004,-0.0,0.0,0.0,0.0,0.0,6396.0,0.0,6943.0,0.0,0.0,0.0,0.0,0.0,0.0,0.0,0.0,69,-0.0,-0.0,0.0,0.0,0.0,0.0,0.0,0.0,0.0,0,0,0,0.0,0.0,0.0,0.0,0.0,0.0,0.0,0.0,0.0,0.0,0.0,0.0,0.0,0.0,0.0,0.0,0,-107875648.0,69,0.0,138,0.0,-0.0,0,13107,17040,0,17049,0,17043,0,0,0,70,68,100,2.7302359370752657e+23,71.1,0.0,74.2,2.7302370179391762e+23,74.0,1,49,50,180,0,52429,0,0,0.0,0.0,0.0,0.0,-0.0,67.0,0.0,162057.094,0.0,750,0,739,0,0,0,721,0,765,0,735,0,742,0,741,0,712,0,7520,0.032,79456894976.0,0.0,0.0,784,16797,-0.0,162057.094,-114818.039,-0.0,0.133,6.909358625270745e+28,30.0,65.0,35,0.0,0.0,0.0,0.0,0.0,0.0,0.0,0.0,0.0,0.0,0.0,0.0,0.0,0.0,0.0,0.0,69.2,0,150,71,54,65476,0,300,0,1,8,20529,65476,0,0,40632,65.0,0.0,0.0,0.0,0.0,0.0
2026-09-04T20:55:40,ERR,ERR,ERR,ERR,ERR,ERR,ERR,ERR,ERR,ERR,ERR,ERR,ERR,ERR,ERR,ERR,ERR,ERR,ERR,ERR,ERR,ERR,ERR,ERR,ERR,ERR,ERR,ERR,ERR,ERR,ERR,ERR,ERR,ERR,ERR,ERR,ERR,ERR,ERR,ERR,ERR,ERR,ERR,ERR,ERR,ERR,ERR,ERR,ERR,ERR,ERR,ERR,ERR,ERR,ERR,ERR,ERR,ERR,ERR,ERR,ERR,ERR,ERR,ERR,ERR,ERR,ERR,ERR,ERR,ERR,ERR,ERR,ERR,ERR,ERR,ERR,ERR,ERR,ERR,ERR,ERR,ERR,ERR,ERR,ERR,ERR,ERR,ERR,ERR,ERR,ERR,ERR,ERR,ERR,ERR,ERR,ERR,ERR,ERR,ERR,ERR,ERR,ERR,ERR,ERR,ERR,ERR,ERR,ERR,ERR,ERR,ERR,ERR,ERR,ERR,ERR,ERR,ERR,ERR,ERR,ERR,ERR,ERR,ERR,ERR,0.0,0.0,0.0,0.0,0.0,1.3936040501711995e+18,7.805,0.0,0,0,4,0,7116,0.0,100,0.0,0.0,0.0,0.0,0.0,0,0,0,0,0.0,0,0,0,0,0,0,0,0,0,0,0,0,0,0,0,0,0,0,0,0,0,0,0,0,0,0,0,0,0,0,0,0,0,31,40,40,71,65476,0,300,0,0,8,21553,0.0,-107605600.0,0.0,0.0,0.0,0.0,0.0,0.0,0.0,0.0,0.0,0.0,0.0,0.0,0.0,0.0,0.0,0.0,0.0,0.0,0.0,0.0,-0.0,2.004,2.004,-0.0,0.0,0.0,0.0,0.0,6396.0,0.0,6943.0,0.0,0.0,0.0,0.0,0.0,0.0,0.0,0.0,69,-0.0,-0.0,0.0,0.0,0.0,0.0,0.0,0.0,0.0,0,0,0,0.0,0.0,0.0,0.0,0.0,0.0,0.0,0.0,0.0,0.0,0.0,0.0,0.0,0.0,0.0,0.0,0,-107875648.0,69,0.0,138,0.0,-0.0,0,13107,17040,0,17049,0,17043,0,0,0,70,68,100,2.7302359370752657e+23,71.1,0.0,74.2,2.7302370179391762e+23,74.0,1,49,50,180,0,52429,0,0,0.0,0.0,0.0,0.0,-0.0,67.0,0.0,162057.094,0.0,750,0,739,0,0,0,721,0,765,0,735,0,742,0,741,0,712,0,7520,0.032,79456894976.0,0.0,0.0,784,16797,-0.0,162057.094,-114818.039,-0.0,0.133,6.909358625270745e+28,30.0,65.0,35,0.0,0.0,0.0,0.0,0.0,0.0,0.0,0.0,0.0,0.0,0.0,0.0,0.0,0.0,0.0,0.0,69.2,0,150,71,54,65476,0,300,0,1,8,20529,65476,0,0,40632,65.0,0.0,0.0,0.0,0.0,0.0
2026-09-04T20:55:41,ERR,ERR,ERR,ERR,ERR,ERR,ERR,ERR,ERR,ERR,ERR,ERR,ERR,ERR,ERR,ERR,ERR,ERR,ERR,ERR,ERR,ERR,ERR,ERR,ERR,ERR,ERR,ERR,ERR,ERR,ERR,ERR,ERR,ERR,ERR,ERR,ERR,ERR,ERR,ERR,ERR,ERR,ERR,ERR,ERR,ERR,ERR,ERR,ERR,ERR,ERR,ERR,ERR,ERR,ERR,ERR,ERR,ERR,ERR,ERR,ERR,ERR,ERR,ERR,ERR,ERR,ERR,ERR,ERR,ERR,ERR,ERR,ERR,ERR,ERR,ERR,ERR,ERR,ERR,ERR,ERR,ERR,ERR,ERR,ERR,ERR,ERR,ERR,ERR,ERR,ERR,ERR,ERR,ERR,ERR,ERR,ERR,ERR,ERR,ERR,ERR,ERR,ERR,ERR,ERR,ERR,ERR,ERR,ERR,ERR,ERR,ERR,ERR,ERR,ERR,ERR,ERR,ERR,ERR,ERR,ERR,ERR,ERR,ERR,ERR,0.0,0.0,0.0,0.0,0.0,1.3936040501711995e+18,7.805,0.0,0,0,4,0,7116,0.0,100,0.0,0.0,0.0,0.0,0.0,0,0,0,0,0.0,0,0,0,0,0,0,0,0,0,0,0,0,0,0,0,0,0,0,0,0,0,0,0,0,0,0,0,0,0,0,0,0,0,31,40,40,71,65476,0,300,0,0,8,21553,0.0,-107605600.0,0.0,0.0,0.0,0.0,0.0,0.0,0.0,0.0,0.0,0.0,0.0,0.0,0.0,0.0,0.0,0.0,0.0,0.0,0.0,0.0,-0.0,2.004,2.004,-0.0,0.0,0.0,0.0,0.0,6396.0,0.0,6943.0,0.0,0.0,0.0,0.0,0.0,0.0,0.0,0.0,69,-0.0,-0.0,0.0,0.0,0.0,0.0,0.0,0.0,0.0,0,0,0,0.0,0.0,0.0,0.0,0.0,0.0,0.0,0.0,0.0,0.0,0.0,0.0,0.0,0.0,0.0,0.0,0,-107875648.0,69,0.0,138,0.0,-0.0,0,13107,17040,0,17049,0,17043,0,0,0,70,68,100,2.7302359370752657e+23,71.1,0.0,74.2,2.7302370179391762e+23,74.0,1,49,50,180,0,52429,0,0,0.0,0.0,0.0,0.0,-0.0,67.0,0.0,162057.094,0.0,750,0,739,0,0,0,721,0,765,0,735,0,742,0,741,0,712,0,7520,0.032,79456894976.0,0.0,0.0,784,16797,-0.0,162057.094,-114818.039,-0.0,0.133,6.909358625270745e+28,30.0,65.0,35,0.0,0.0,0.0,0.0,0.0,0.0,0.0,0.0,0.0,0.0,0.0,0.0,0.0,0.0,0.0,0.0,69.2,0,150,71,54,65476,0,300,0,1,8,20529,65476,0,0,40632,65.0,0.0,0.0,0.0,0.0,0.0
2026-09-04T20:55:42,ERR,ERR,ERR,ERR,ERR,ERR,ERR,ERR,ERR,ERR,ERR,ERR,ERR,ERR,ERR,ERR,ERR,ERR,ERR,ERR,ERR,ERR,ERR,ERR,ERR,ERR,ERR,ERR,ERR,ERR,ERR,ERR,ERR,ERR,ERR,ERR,ERR,ERR,ERR,ERR,ERR,ERR,ERR,ERR,ERR,ERR,ERR,ERR,ERR,ERR,ERR,ERR,ERR,ERR,ERR,ERR,ERR,ERR,ERR,ERR,ERR,ERR,ERR,ERR,ERR,ERR,ERR,ERR,ERR,ERR,ERR,ERR,ERR,ERR,ERR,ERR,ERR,ERR,ERR,ERR,ERR,ERR,ERR,ERR,ERR,ERR,ERR,ERR,ERR,ERR,ERR,ERR,ERR,ERR,ERR,ERR,ERR,ERR,ERR,ERR,ERR,ERR,ERR,ERR,ERR,ERR,ERR,ERR,ERR,ERR,ERR,ERR,ERR,ERR,ERR,ERR,ERR,ERR,ERR,ERR,ERR,ERR,ERR,ERR,ERR,0.0,0.0,0.0,0.0,0.0,1.3936040501711995e+18,7.805,0.0,0,0,4,0,7116,0.0,100,0.0,0.0,0.0,0.0,0.0,0,0,0,0,0.0,0,0,0,0,0,0,0,0,0,0,0,0,0,0,0,0,0,0,0,0,0,0,0,0,0,0,0,0,0,0,0,0,0,31,40,40,71,65476,0,300,0,0,8,21553,0.0,-107605600.0,0.0,0.0,0.0,0.0,0.0,0.0,0.0,0.0,0.0,0.0,0.0,0.0,0.0,0.0,0.0,0.0,0.0,0.0,0.0,0.0,-0.0,2.004,2.004,-0.0,0.0,0.0,0.0,0.0,6364.0,-0.0,6928.0,0.0,0.0,0.0,0.0,0.0,0.0,0.0,0.0,69,-0.0,-152018169626624.0,0.0,0.0,0.0,0.0,0.0,0.0,0.0,0,0,0,0.0,0.0,0.0,0.0,0.0,0.0,0.0,0.0,0.0,0.0,0.0,0.0,0.0,0.0,0.0,0.0,0,-107875648.0,69,0.0,138,0.0,-0.0,0,13107,17040,0,17049,0,17043,0,0,0,70,68,100,2.7302359370752657e+23,71.1,0.0,74.2,2.7302370179391762e+23,74.0,1,49,50,180,0,52429,0,0,0.0,0.0,0.0,0.0,-0.0,67.0,0.0,162057.094,0.0,750,0,739,0,0,0,721,0,765,0,735,0,742,0,741,0,712,0,7520,0.032,79456894976.0,0.0,0.0,784,16797,-0.0,162057.094,-114818.039,-0.0,0.133,6.909358625270745e+28,30.0,65.0,35,0.0,0.0,0.0,0.0,0.0,0.0,0.0,0.0,0.0,0.0,0.0,0.0,0.0,0.0,0.0,0.0,69.2,0,150,71,54,65476,0,300,0,1,8,20529,65476,0,0,40632,65.0,0.0,0.0,0.0,0.0,0.0
2026-09-04T20:55:43,ERR,ERR,ERR,ERR,ERR,ERR,ERR,ERR,ERR,ERR,ERR,ERR,ERR,ERR,ERR,ERR,ERR,ERR,ERR,ERR,ERR,ERR,ERR,ERR,ERR,ERR,ERR,ERR,ERR,ERR,ERR,ERR,ERR,ERR,ERR,ERR,ERR,ERR,ERR,ERR,ERR,ERR,ERR,ERR,ERR,ERR,ERR,ERR,ERR,ERR,ERR,ERR,ERR,ERR,ERR,ERR,ERR,ERR,ERR,ERR,ERR,ERR,ERR,ERR,ERR,ERR,ERR,ERR,ERR,ERR,ERR,ERR,ERR,ERR,ERR,ERR,ERR,ERR,ERR,ERR,ERR,ERR,ERR,ERR,ERR,ERR,ERR,ERR,ERR,ERR,ERR,ERR,ERR,ERR,ERR,ERR,ERR,ERR,ERR,ERR,ERR,ERR,ERR,ERR,ERR,ERR,ERR,ERR,ERR,ERR,ERR,ERR,ERR,ERR,ERR,ERR,ERR,ERR,ERR,ERR,ERR,ERR,ERR,ERR,ERR,0.0,0.0,0.0,0.0,0.0,1.3936040501711995e+18,7.805,0.0,0,0,4,0,7116,0.0,100,0.0,0.0,0.0,0.0,0.0,0,0,0,0,0.0,0,0,0,0,0,0,0,0,0,0,0,0,0,0,0,0,0,0,0,0,0,0,0,0,0,0,0,0,0,0,0,0,0,31,40,40,71,65476,0,300,0,0,8,21553,0.0,-107605600.0,0.0,0.0,0.0,0.0,0.0,0.0,0.0,0.0,0.0,0.0,0.0,0.0,0.0,0.0,0.0,0.0,0.0,0.0,0.0,0.0,-0.0,2.004,2.004,-0.0,0.0,0.0,0.0,0.0,6364.0,-0.0,6928.0,0.0,0.0,0.0,0.0,0.0,0.0,0.0,0.0,69,-0.0,-152018169626624.0,0.0,0.0,0.0,0.0,0.0,0.0,0.0,0,0,0,0.0,0.0,0.0,0.0,0.0,0.0,0.0,0.0,0.0,0.0,0.0,0.0,0.0,0.0,0.0,0.0,0,-107875648.0,69,0.0,138,0.0,-0.0,0,13107,17040,0,17049,0,17043,0,0,0,70,68,100,2.7302359370752657e+23,71.1,0.0,74.2,2.7302370179391762e+23,74.0,1,49,50,180,0,52429,0,0,0.0,0.0,0.0,0.0,-0.0,67.0,0.0,162057.094,0.0,750,0,739,0,0,0,721,0,765,0,735,0,742,0,741,0,712,0,7520,0.032,79456894976.0,0.0,0.0,784,16797,-0.0,162057.094,-114818.039,-0.0,0.133,6.909358625270745e+28,30.0,65.0,35,0.0,0.0,0.0,0.0,0.0,0.0,0.0,0.0,0.0,0.0,0.0,0.0,0.0,0.0,0.0,0.0,69.2,0,150,71,54,65476,0,300,0,1,8,20529,65476,0,0,40632,65.0,0.0,0.0,0.0,0.0,0.0
2026-09-04T20:55:44,ERR,ERR,ERR,ERR,ERR,ERR,ERR,ERR,ERR,ERR,ERR,ERR,ERR,ERR,ERR,ERR,ERR,ERR,ERR,ERR,ERR,ERR,ERR,ERR,ERR,ERR,ERR,ERR,ERR,ERR,ERR,ERR,ERR,ERR,ERR,ERR,ERR,ERR,ERR,ERR,ERR,ERR,ERR,ERR,ERR,ERR,ERR,ERR,ERR,ERR,ERR,ERR,ERR,ERR,ERR,ERR,ERR,ERR,ERR,ERR,ERR,ERR,ERR,ERR,ERR,ERR,ERR,ERR,ERR,ERR,ERR,ERR,ERR,ERR,ERR,ERR,ERR,ERR,ERR,ERR,ERR,ERR,ERR,ERR,ERR,ERR,ERR,ERR,ERR,ERR,ERR,ERR,ERR,ERR,ERR,ERR,ERR,ERR,ERR,ERR,ERR,ERR,ERR,ERR,ERR,ERR,ERR,ERR,ERR,ERR,ERR,ERR,ERR,ERR,ERR,ERR,ERR,ERR,ERR,ERR,ERR,ERR,ERR,ERR,ERR,0.0,0.0,0.0,0.0,0.0,1.3936040501711995e+18,7.805,0.0,0,0,4,0,7116,0.0,100,0.0,0.0,0.0,0.0,0.0,0,0,0,0,0.0,0,0,0,0,0,0,0,0,0,0,0,0,0,0,0,0,0,0,0,0,0,0,0,0,0,0,0,0,0,0,0,0,0,31,40,40,71,65476,0,300,0,0,8,21553,0.0,-107605600.0,0.0,0.0,0.0,0.0,0.0,0.0,0.0,0.0,0.0,0.0,0.0,0.0,0.0,0.0,0.0,0.0,0.0,0.0,0.0,0.0,-0.0,2.004,2.004,-0.0,0.0,0.0,0.0,0.0,6364.0,-0.0,6928.0,0.0,0.0,0.0,0.0,0.0,0.0,0.0,0.0,69,-0.0,-152018169626624.0,0.0,0.0,0.0,0.0,0.0,0.0,0.0,0,0,0,0.0,0.0,0.0,0.0,0.0,0.0,0.0,0.0,0.0,0.0,0.0,0.0,0.0,0.0,0.0,0.0,0,-107875648.0,69,0.0,138,0.0,-0.0,0,13107,17040,0,17049,0,17043,0,0,0,70,68,100,2.7302359370752657e+23,71.1,0.0,74.2,2.7302370179391762e+23,74.0,1,49,50,180,0,52429,0,0,0.0,0.0,0.0,0.0,-0.0,67.0,0.0,162057.094,0.0,750,0,739,0,0,0,721,0,765,0,735,0,742,0,741,0,712,0,7520,0.032,79456894976.0,0.0,0.0,784,16797,-0.0,162057.094,-114818.039,-0.0,0.133,6.909358625270745e+28,30.0,65.0,35,0.0,0.0,0.0,0.0,0.0,0.0,0.0,0.0,0.0,0.0,0.0,0.0,0.0,0.0,0.0,0.0,69.2,0,150,71,54,65476,0,300,0,1,8,20529,65476,0,0,40632,65.0,0.0,0.0,0.0,0.0,0.0
2026-09-04T20:55:45,ERR,ERR,ERR,ERR,ERR,ERR,ERR,ERR,ERR,ERR,ERR,ERR,ERR,ERR,ERR,ERR,ERR,ERR,ERR,ERR,ERR,ERR,ERR,ERR,ERR,ERR,ERR,ERR,ERR,ERR,ERR,ERR,ERR,ERR,ERR,ERR,ERR,ERR,ERR,ERR,ERR,ERR,ERR,ERR,ERR,ERR,ERR,ERR,ERR,ERR,ERR,ERR,ERR,ERR,ERR,ERR,ERR,ERR,ERR,ERR,ERR,ERR,ERR,ERR,ERR,ERR,ERR,ERR,ERR,ERR,ERR,ERR,ERR,ERR,ERR,ERR,ERR,ERR,ERR,ERR,ERR,ERR,ERR,ERR,ERR,ERR,ERR,ERR,ERR,ERR,ERR,ERR,ERR,ERR,ERR,ERR,ERR,ERR,ERR,ERR,ERR,ERR,ERR,ERR,ERR,ERR,ERR,ERR,ERR,ERR,ERR,ERR,ERR,ERR,ERR,ERR,ERR,ERR,ERR,ERR,ERR,ERR,ERR,ERR,ERR,0.0,0.0,0.0,0.0,0.0,1.3936040501711995e+18,7.805,0.0,0,0,4,0,7116,0.0,100,0.0,0.0,0.0,0.0,0.0,0,0,0,0,0.0,0,0,0,0,0,0,0,0,0,0,0,0,0,0,0,0,0,0,0,0,0,0,0,0,0,0,0,0,0,0,0,0,0,31,40,40,71,65476,0,300,0,0,8,21553,0.0,-107605600.0,0.0,0.0,0.0,0.0,0.0,0.0,0.0,0.0,0.0,0.0,0.0,0.0,0.0,0.0,0.0,0.0,0.0,0.0,0.0,0.0,-0.0,2.004,2.004,-0.0,0.0,0.0,0.0,0.0,6364.0,-0.0,6928.0,0.0,0.0,0.0,0.0,0.0,0.0,0.0,0.0,69,-0.0,-152018169626624.0,0.0,0.0,0.0,0.0,0.0,0.0,0.0,0,0,0,0.0,0.0,0.0,0.0,0.0,0.0,0.0,0.0,0.0,0.0,0.0,0.0,0.0,0.0,0.0,0.0,0,-107875648.0,69,0.0,138,0.0,-0.0,0,13107,17040,0,17049,0,17043,0,0,0,70,68,100,2.7302359370752657e+23,71.1,0.0,74.2,2.7302370179391762e+23,74.0,1,49,50,180,0,52429,0,0,0.0,0.0,0.0,0.0,-0.0,67.0,0.0,162057.094,0.0,750,0,739,0,0,0,721,0,765,0,735,0,742,0,741,0,712,0,7520,0.032,79456894976.0,0.0,0.0,784,16797,-0.0,162057.094,-114818.039,-0.0,0.133,6.909358625270745e+28,30.0,65.0,35,0.0,0.0,0.0,0.0,0.0,0.0,0.0,0.0,0.0,0.0,0.0,0.0,0.0,0.0,0.0,0.0,69.2,0,150,71,54,65476,0,300,0,1,8,20529,65476,0,0,40632,65.0,0.0,0.0,0.0,0.0,0.0
2026-09-04T20:55:46,ERR,ERR,ERR,ERR,ERR,ERR,ERR,ERR,ERR,ERR,ERR,ERR,ERR,ERR,ERR,ERR,ERR,ERR,ERR,ERR,ERR,ERR,ERR,ERR,ERR,ERR,ERR,ERR,ERR,ERR,ERR,ERR,ERR,ERR,ERR,ERR,ERR,ERR,ERR,ERR,ERR,ERR,ERR,ERR,ERR,ERR,ERR,ERR,ERR,ERR,ERR,ERR,ERR,ERR,ERR,ERR,ERR,ERR,ERR,ERR,ERR,ERR,ERR,ERR,ERR,ERR,ERR,ERR,ERR,ERR,ERR,ERR,ERR,ERR,ERR,ERR,ERR,ERR,ERR,ERR,ERR,ERR,ERR,ERR,ERR,ERR,ERR,ERR,ERR,ERR,ERR,ERR,ERR,ERR,ERR,ERR,ERR,ERR,ERR,ERR,ERR,ERR,ERR,ERR,ERR,ERR,ERR,ERR,ERR,ERR,ERR,ERR,ERR,ERR,ERR,ERR,ERR,ERR,ERR,ERR,ERR,ERR,ERR,ERR,ERR,0.0,0.0,0.0,0.0,0.0,1.3936040501711995e+18,7.805,0.0,0,0,4,0,7116,0.0,100,0.0,0.0,0.0,0.0,0.0,0,0,0,0,0.0,0,0,0,0,0,0,0,0,0,0,0,0,0,0,0,0,0,0,0,0,0,0,0,0,0,0,0,0,0,0,0,0,0,31,40,40,71,65476,0,300,0,0,8,21553,0.0,-107605600.0,0.0,0.0,0.0,0.0,0.0,0.0,0.0,0.0,0.0,0.0,0.0,0.0,0.0,0.0,0.0,0.0,0.0,0.0,0.0,0.0,-0.0,2.004,2.004,-0.0,0.0,0.0,0.0,0.0,6364.0,-0.0,6928.0,0.0,0.0,0.0,0.0,0.0,0.0,0.0,0.0,69,-0.0,-152018169626624.0,0.0,0.0,0.0,0.0,0.0,0.0,0.0,0,0,0,0.0,0.0,0.0,0.0,0.0,0.0,0.0,0.0,0.0,0.0,0.0,0.0,0.0,0.0,0.0,0.0,0,-107875648.0,69,0.0,138,0.0,-0.0,0,13107,17040,0,17049,0,17043,0,0,0,70,68,100,2.7302359370752657e+23,71.1,0.0,74.2,2.7302370179391762e+23,74.0,1,49,50,180,0,52429,0,0,0.0,0.0,0.0,0.0,-0.0,67.0,0.0,162057.094,0.0,750,0,739,0,0,0,721,0,765,0,735,0,742,0,741,0,712,0,7520,0.032,79456894976.0,0.0,0.0,784,16797,-0.0,162057.094,-114818.039,-0.0,0.133,6.909358625270745e+28,30.0,65.0,35,0.0,0.0,0.0,0.0,0.0,0.0,0.0,0.0,0.0,0.0,0.0,0.0,0.0,0.0,0.0,0.0,69.6,0,150,71,54,65476,0,300,0,1,8,20529,65476,0,0,40632,65.0,0.0,0.0,0.0,0.0,0.0
2026-09-04T20:55:47,ERR,ERR,ERR,ERR,ERR,ERR,ERR,ERR,ERR,ERR,ERR,ERR,ERR,ERR,ERR,ERR,ERR,ERR,ERR,ERR,ERR,ERR,ERR,ERR,ERR,ERR,ERR,ERR,ERR,ERR,ERR,ERR,ERR,ERR,ERR,ERR,ERR,ERR,ERR,ERR,ERR,ERR,ERR,ERR,ERR,ERR,ERR,ERR,ERR,ERR,ERR,ERR,ERR,ERR,ERR,ERR,ERR,ERR,ERR,ERR,ERR,ERR,ERR,ERR,ERR,ERR,ERR,ERR,ERR,ERR,ERR,ERR,ERR,ERR,ERR,ERR,ERR,ERR,ERR,ERR,ERR,ERR,ERR,ERR,ERR,ERR,ERR,ERR,ERR,ERR,ERR,ERR,ERR,ERR,ERR,ERR,ERR,ERR,ERR,ERR,ERR,ERR,ERR,ERR,ERR,ERR,ERR,ERR,ERR,ERR,ERR,ERR,ERR,ERR,ERR,ERR,ERR,ERR,ERR,ERR,ERR,ERR,ERR,ERR,ERR,0.0,0.0,0.0,0.0,0.0,1.3936040501711995e+18,7.805,0.0,0,0,4,0,7116,0.0,100,0.0,0.0,0.0,0.0,0.0,0,0,0,0,0.0,0,0,0,0,0,0,0,0,0,0,0,0,0,0,0,0,0,0,0,0,0,0,0,0,0,0,0,0,0,0,0,0,0,31,40,40,71,65476,0,300,0,0,8,21553,0.0,-107605600.0,0.0,0.0,0.0,0.0,0.0,0.0,0.0,0.0,0.0,0.0,0.0,0.0,0.0,0.0,0.0,0.0,0.0,0.0,0.0,0.0,-0.0,2.004,2.004,-0.0,0.0,0.0,0.0,0.0,6364.0,-0.0,6928.0,0.0,0.0,0.0,0.0,0.0,0.0,0.0,0.0,69,-0.0,-152018169626624.0,0.0,0.0,0.0,0.0,0.0,0.0,0.0,0,0,0,0.0,0.0,0.0,0.0,0.0,0.0,0.0,0.0,0.0,0.0,0.0,0.0,0.0,0.0,0.0,0.0,0,-107875648.0,69,0.0,138,0.0,-0.0,0,13107,17040,0,17049,0,17043,0,0,0,70,68,100,2.7302359370752657e+23,71.1,0.0,74.2,2.7302370179391762e+23,74.0,1,49,50,180,0,52429,0,0,0.0,0.0,0.0,0.0,-0.0,67.0,0.0,162057.094,0.0,750,0,739,0,0,0,721,0,765,0,735,0,742,0,741,0,712,0,7520,0.032,79456894976.0,0.0,0.0,784,16797,-0.0,162057.094,-114818.039,-0.0,0.133,6.909358625270745e+28,30.0,65.0,35,0.0,0.0,0.0,0.0,0.0,0.0,0.0,0.0,0.0,0.0,0.0,0.0,0.0,0.0,0.0,0.0,69.6,0,150,71,54,65476,0,300,0,1,8,20529,65476,0,0,40632,65.0,0.0,0.0,0.0,0.0,0.0
2026-09-04T20:55:48,ERR,ERR,ERR,ERR,ERR,ERR,ERR,ERR,ERR,ERR,ERR,ERR,ERR,ERR,ERR,ERR,ERR,ERR,ERR,ERR,ERR,ERR,ERR,ERR,ERR,ERR,ERR,ERR,ERR,ERR,ERR,ERR,ERR,ERR,ERR,ERR,ERR,ERR,ERR,ERR,ERR,ERR,ERR,ERR,ERR,ERR,ERR,ERR,ERR,ERR,ERR,ERR,ERR,ERR,ERR,ERR,ERR,ERR,ERR,ERR,ERR,ERR,ERR,ERR,ERR,ERR,ERR,ERR,ERR,ERR,ERR,ERR,ERR,ERR,ERR,ERR,ERR,ERR,ERR,ERR,ERR,ERR,ERR,ERR,ERR,ERR,ERR,ERR,ERR,ERR,ERR,ERR,ERR,ERR,ERR,ERR,ERR,ERR,ERR,ERR,ERR,ERR,ERR,ERR,ERR,ERR,ERR,ERR,ERR,ERR,ERR,ERR,ERR,ERR,ERR,ERR,ERR,ERR,ERR,ERR,ERR,ERR,ERR,ERR,ERR,0.0,0.0,0.0,0.0,0.0,1.3936040501711995e+18,7.805,0.0,0,0,4,0,7116,0.0,100,0.0,0.0,0.0,0.0,0.0,0,0,0,0,0.0,0,0,0,0,0,0,0,0,0,0,0,0,0,0,0,0,0,0,0,0,0,0,0,0,0,0,0,0,0,0,0,0,0,31,40,40,71,65476,0,300,0,0,8,21553,0.0,-107605600.0,0.0,0.0,0.0,0.0,0.0,0.0,0.0,0.0,0.0,0.0,0.0,0.0,0.0,0.0,0.0,0.0,0.0,0.0,0.0,0.0,-0.0,2.004,2.004,-0.0,0.0,0.0,0.0,0.0,6364.0,-0.0,6928.0,0.0,0.0,0.0,0.0,0.0,0.0,0.0,0.0,69,-0.0,-152018169626624.0,0.0,0.0,0.0,0.0,0.0,0.0,0.0,0,0,0,0.0,0.0,0.0,0.0,0.0,0.0,0.0,0.0,0.0,0.0,0.0,0.0,0.0,0.0,0.0,0.0,0,-107875648.0,69,0.0,138,0.0,-0.0,0,13107,17040,0,17049,0,17043,0,0,0,70,68,100,2.7302359370752657e+23,71.1,0.0,74.2,2.7302370179391762e+23,74.0,1,49,50,180,0,52429,0,0,0.0,0.0,0.0,0.0,-0.0,67.0,0.0,162057.094,0.0,750,0,739,0,0,0,721,0,765,0,735,0,742,0,741,0,712,0,7520,0.032,79456894976.0,0.0,0.0,784,16797,-0.0,162057.094,-114818.039,-0.0,0.133,6.909358625270745e+28,30.0,65.0,35,0.0,0.0,0.0,0.0,0.0,0.0,0.0,0.0,0.0,0.0,0.0,0.0,0.0,0.0,0.0,0.0,69.6,0,150,71,54,65476,0,300,0,1,8,20529,65476,0,0,40632,65.0,0.0,0.0,0.0,0.0,0.0
2026-09-04T20:55:49,ERR,ERR,ERR,ERR,ERR,ERR,ERR,ERR,ERR,ERR,ERR,ERR,ERR,ERR,ERR,ERR,ERR,ERR,ERR,ERR,ERR,ERR,ERR,ERR,ERR,ERR,ERR,ERR,ERR,ERR,ERR,ERR,ERR,ERR,ERR,ERR,ERR,ERR,ERR,ERR,ERR,ERR,ERR,ERR,ERR,ERR,ERR,ERR,ERR,ERR,ERR,ERR,ERR,ERR,ERR,ERR,ERR,ERR,ERR,ERR,ERR,ERR,ERR,ERR,ERR,ERR,ERR,ERR,ERR,ERR,ERR,ERR,ERR,ERR,ERR,ERR,ERR,ERR,ERR,ERR,ERR,ERR,ERR,ERR,ERR,ERR,ERR,ERR,ERR,ERR,ERR,ERR,ERR,ERR,ERR,ERR,ERR,ERR,ERR,ERR,ERR,ERR,ERR,ERR,ERR,ERR,ERR,ERR,ERR,ERR,ERR,ERR,ERR,ERR,ERR,ERR,ERR,ERR,ERR,ERR,ERR,ERR,ERR,ERR,ERR,0.0,0.0,0.0,0.0,0.0,1.3936040501711995e+18,7.805,0.0,0,0,4,0,7116,0.0,100,0.0,0.0,0.0,0.0,0.0,0,0,0,0,0.0,0,0,0,0,0,0,0,0,0,0,0,0,0,0,0,0,0,0,0,0,0,0,0,0,0,0,0,0,0,0,0,0,0,31,40,40,71,65476,0,300,0,0,8,21553,0.0,-107605600.0,0.0,0.0,0.0,0.0,0.0,0.0,0.0,0.0,0.0,0.0,0.0,0.0,0.0,0.0,0.0,0.0,0.0,0.0,0.0,0.0,-0.0,2.004,2.004,-0.0,0.0,0.0,0.0,0.0,6364.0,-0.0,6928.0,0.0,0.0,0.0,0.0,0.0,0.0,0.0,0.0,69,-0.0,-152018169626624.0,0.0,0.0,0.0,0.0,0.0,0.0,0.0,0,0,0,0.0,0.0,0.0,0.0,0.0,0.0,0.0,0.0,0.0,0.0,0.0,0.0,0.0,0.0,0.0,0.0,0,-107875648.0,69,0.0,138,0.0,-0.0,0,13107,17040,0,17049,0,17043,0,0,0,70,68,100,2.7302359370752657e+23,71.1,0.0,74.2,2.7302370179391762e+23,74.0,1,49,50,180,0,52429,0,0,0.0,0.0,0.0,0.0,-0.0,67.0,0.0,162057.094,0.0,750,0,739,0,0,0,721,0,765,0,735,0,742,0,741,0,712,0,7520,0.032,79456894976.0,0.0,0.0,784,16797,-0.0,162057.094,-114818.039,-0.0,0.133,6.909358625270745e+28,30.0,65.0,35,0.0,0.0,0.0,0.0,0.0,0.0,0.0,0.0,0.0,0.0,0.0,0.0,0.0,0.0,0.0,0.0,69.6,0,150,71,54,65476,0,300,0,1,8,20529,65476,0,0,40632,65.0,0.0,0.0,0.0,0.0,0.0
2026-09-04T20:55:50,ERR,ERR,ERR,ERR,ERR,ERR,ERR,ERR,ERR,ERR,ERR,ERR,ERR,ERR,ERR,ERR,ERR,ERR,ERR,ERR,ERR,ERR,ERR,ERR,ERR,ERR,ERR,ERR,ERR,ERR,ERR,ERR,ERR,ERR,ERR,ERR,ERR,ERR,ERR,ERR,ERR,ERR,ERR,ERR,ERR,ERR,ERR,ERR,ERR,ERR,ERR,ERR,ERR,ERR,ERR,ERR,ERR,ERR,ERR,ERR,ERR,ERR,ERR,ERR,ERR,ERR,ERR,ERR,ERR,ERR,ERR,ERR,ERR,ERR,ERR,ERR,ERR,ERR,ERR,ERR,ERR,ERR,ERR,ERR,ERR,ERR,ERR,ERR,ERR,ERR,ERR,ERR,ERR,ERR,ERR,ERR,ERR,ERR,ERR,ERR,ERR,ERR,ERR,ERR,ERR,ERR,ERR,ERR,ERR,ERR,ERR,ERR,ERR,ERR,ERR,ERR,ERR,ERR,ERR,ERR,ERR,ERR,ERR,ERR,ERR,0.0,0.0,0.0,0.0,0.0,1.3936040501711995e+18,7.805,0.0,0,0,4,0,7116,0.0,100,0.0,0.0,0.0,0.0,0.0,0,0,0,0,0.0,0,0,0,0,0,0,0,0,0,0,0,0,0,0,0,0,0,0,0,0,0,0,0,0,0,0,0,0,0,0,0,0,0,31,40,40,71,65476,0,300,0,0,8,21553,0.0,-107605600.0,0.0,0.0,0.0,0.0,0.0,0.0,0.0,0.0,0.0,0.0,0.0,0.0,0.0,0.0,0.0,0.0,0.0,0.0,0.0,0.0,-0.0,2.004,2.004,-0.0,0.0,0.0,0.0,0.0,6325.0,-1.587937097795308e+29,6940.0,0.0,0.0,0.0,0.0,0.0,0.0,0.0,0.0,69,-0.0,89220.977,0.0,0.0,0.0,0.0,0.0,0.0,0.0,0,0,0,0.0,0.0,0.0,0.0,0.0,0.0,0.0,0.0,0.0,0.0,0.0,0.0,0.0,0.0,0.0,0.0,0,-107875648.0,69,0.0,138,0.0,-0.0,0,13107,17040,0,17049,0,17043,0,0,0,70,68,100,2.7302359370752657e+23,71.1,0.0,74.2,2.7302370179391762e+23,74.0,1,49,50,180,0,52429,0,0,0.0,0.0,0.0,0.0,-0.0,67.0,0.0,162057.094,0.0,750,0,739,0,0,0,721,0,765,0,735,0,742,0,741,0,712,0,7520,0.032,79456894976.0,0.0,0.0,784,16797,-0.0,162057.094,-114818.039,-0.0,0.133,6.909358625270745e+28,30.0,65.0,35,0.0,0.0,0.0,0.0,0.0,0.0,0.0,0.0,0.0,0.0,0.0,0.0,0.0,0.0,0.0,0.0,69.6,0,150,71,54,65476,0,300,0,1,8,20529,65476,0,0,40632,65.0,0.0,0.0,0.0,0.0,0.0
2026-09-04T20:55:51,ERR,ERR,ERR,ERR,ERR,ERR,ERR,ERR,ERR,ERR,ERR,ERR,ERR,ERR,ERR,ERR,ERR,ERR,ERR,ERR,ERR,ERR,ERR,ERR,ERR,ERR,ERR,ERR,ERR,ERR,ERR,ERR,ERR,ERR,ERR,ERR,ERR,ERR,ERR,ERR,ERR,ERR,ERR,ERR,ERR,ERR,ERR,ERR,ERR,ERR,ERR,ERR,ERR,ERR,ERR,ERR,ERR,ERR,ERR,ERR,ERR,ERR,ERR,ERR,ERR,ERR,ERR,ERR,ERR,ERR,ERR,ERR,ERR,ERR,ERR,ERR,ERR,ERR,ERR,ERR,ERR,ERR,ERR,ERR,ERR,ERR,ERR,ERR,ERR,ERR,ERR,ERR,ERR,ERR,ERR,ERR,ERR,ERR,ERR,ERR,ERR,ERR,ERR,ERR,ERR,ERR,ERR,ERR,ERR,ERR,ERR,ERR,ERR,ERR,ERR,ERR,ERR,ERR,ERR,ERR,ERR,ERR,ERR,ERR,ERR,0.0,0.0,0.0,0.0,0.0,1.3936040501711995e+18,7.805,0.0,0,0,4,0,7116,0.0,100,0.0,0.0,0.0,0.0,0.0,0,0,0,0,0.0,0,0,0,0,0,0,0,0,0,0,0,0,0,0,0,0,0,0,0,0,0,0,0,0,0,0,0,0,0,0,0,0,0,31,40,40,71,65476,0,300,0,0,8,21553,0.0,-107605600.0,0.0,0.0,0.0,0.0,0.0,0.0,0.0,0.0,0.0,0.0,0.0,0.0,0.0,0.0,0.0,0.0,0.0,0.0,0.0,0.0,-0.0,2.004,2.004,-0.0,0.0,0.0,0.0,0.0,6325.0,-1.587937097795308e+29,6940.0,0.0,0.0,0.0,0.0,0.0,0.0,0.0,0.0,69,-0.0,89220.977,0.0,0.0,0.0,0.0,0.0,0.0,0.0,0,0,0,0.0,0.0,0.0,0.0,0.0,0.0,0.0,0.0,0.0,0.0,0.0,0.0,0.0,0.0,0.0,0.0,0,-107875648.0,69,0.0,138,0.0,-0.0,0,13107,17040,0,17049,0,17043,0,0,0,70,68,100,2.7302359370752657e+23,71.1,0.0,74.2,2.7302370179391762e+23,74.0,1,49,50,180,0,52429,0,0,0.0,0.0,0.0,0.0,-0.0,67.0,0.0,162057.094,0.0,750,0,739,0,0,0,721,0,765,0,735,0,742,0,741,0,712,0,7520,0.032,79456894976.0,0.0,0.0,784,16797,-0.0,162057.094,-114818.039,-0.0,0.133,6.909358625270745e+28,30.0,65.0,35,0.0,0.0,0.0,0.0,0.0,0.0,0.0,0.0,0.0,0.0,0.0,0.0,0.0,0.0,0.0,0.0,69.2,0,150,71,54,65476,0,300,0,1,8,20529,65476,0,0,40632,65.0,0.0,0.0,0.0,0.0,0.0
2026-09-04T20:55:52,ERR,ERR,ERR,ERR,ERR,ERR,ERR,ERR,ERR,ERR,ERR,ERR,ERR,ERR,ERR,ERR,ERR,ERR,ERR,ERR,ERR,ERR,ERR,ERR,ERR,ERR,ERR,ERR,ERR,ERR,ERR,ERR,ERR,ERR,ERR,ERR,ERR,ERR,ERR,ERR,ERR,ERR,ERR,ERR,ERR,ERR,ERR,ERR,ERR,ERR,ERR,ERR,ERR,ERR,ERR,ERR,ERR,ERR,ERR,ERR,ERR,ERR,ERR,ERR,ERR,ERR,ERR,ERR,ERR,ERR,ERR,ERR,ERR,ERR,ERR,ERR,ERR,ERR,ERR,ERR,ERR,ERR,ERR,ERR,ERR,ERR,ERR,ERR,ERR,ERR,ERR,ERR,ERR,ERR,ERR,ERR,ERR,ERR,ERR,ERR,ERR,ERR,ERR,ERR,ERR,ERR,ERR,ERR,ERR,ERR,ERR,ERR,ERR,ERR,ERR,ERR,ERR,ERR,ERR,ERR,ERR,ERR,ERR,ERR,ERR,0.0,0.0,0.0,0.0,0.0,1.3936040501711995e+18,7.805,0.0,0,0,4,0,7116,0.0,100,0.0,0.0,0.0,0.0,0.0,0,0,0,0,0.0,0,0,0,0,0,0,0,0,0,0,0,0,0,0,0,0,0,0,0,0,0,0,0,0,0,0,0,0,0,0,0,0,0,31,40,40,71,65476,0,300,0,0,8,21553,0.0,-107605600.0,0.0,0.0,0.0,0.0,0.0,0.0,0.0,0.0,0.0,0.0,0.0,0.0,0.0,0.0,0.0,0.0,0.0,0.0,0.0,0.0,-0.0,2.004,2.004,-0.0,0.0,0.0,0.0,0.0,6325.0,-1.587937097795308e+29,6940.0,0.0,0.0,0.0,0.0,0.0,0.0,0.0,0.0,69,-0.0,89220.977,0.0,0.0,0.0,0.0,0.0,0.0,0.0,0,0,0,0.0,0.0,0.0,0.0,0.0,0.0,0.0,0.0,0.0,0.0,0.0,0.0,0.0,0.0,0.0,0.0,0,-107875648.0,69,0.0,138,0.0,-0.0,0,13107,17040,0,17049,0,17043,0,0,0,70,68,100,2.7302359370752657e+23,71.1,0.0,74.2,2.7302370179391762e+23,74.0,1,49,50,180,0,52429,0,0,0.0,0.0,0.0,0.0,-0.0,67.0,0.0,162057.094,0.0,750,0,739,0,0,0,721,0,765,0,735,0,742,0,741,0,712,0,7520,0.032,79456894976.0,0.0,0.0,784,16797,-0.0,162057.094,-114818.039,-0.0,0.133,6.909358625270745e+28,30.0,65.0,35,0.0,0.0,0.0,0.0,0.0,0.0,0.0,0.0,0.0,0.0,0.0,0.0,0.0,0.0,0.0,0.0,69.2,0,150,71,54,65476,0,300,0,1,8,20529,65476,0,0,40632,65.0,0.0,0.0,0.0,0.0,0.0
2026-09-04T20:55:53,ERR,ERR,ERR,ERR,ERR,ERR,ERR,ERR,ERR,ERR,ERR,ERR,ERR,ERR,ERR,ERR,ERR,ERR,ERR,ERR,ERR,ERR,ERR,ERR,ERR,ERR,ERR,ERR,ERR,ERR,ERR,ERR,ERR,ERR,ERR,ERR,ERR,ERR,ERR,ERR,ERR,ERR,ERR,ERR,ERR,ERR,ERR,ERR,ERR,ERR,ERR,ERR,ERR,ERR,ERR,ERR,ERR,ERR,ERR,ERR,ERR,ERR,ERR,ERR,ERR,ERR,ERR,ERR,ERR,ERR,ERR,ERR,ERR,ERR,ERR,ERR,ERR,ERR,ERR,ERR,ERR,ERR,ERR,ERR,ERR,ERR,ERR,ERR,ERR,ERR,ERR,ERR,ERR,ERR,ERR,ERR,ERR,ERR,ERR,ERR,ERR,ERR,ERR,ERR,ERR,ERR,ERR,ERR,ERR,ERR,ERR,ERR,ERR,ERR,ERR,ERR,ERR,ERR,ERR,ERR,ERR,ERR,ERR,ERR,ERR,0.0,0.0,0.0,0.0,0.0,1.3936040501711995e+18,7.805,0.0,0,0,4,0,7116,0.0,100,0.0,0.0,0.0,0.0,0.0,0,0,0,0,0.0,0,0,0,0,0,0,0,0,0,0,0,0,0,0,0,0,0,0,0,0,0,0,0,0,0,0,0,0,0,0,0,0,0,31,40,40,71,65476,0,300,0,0,8,21553,0.0,-107605600.0,0.0,0.0,0.0,0.0,0.0,0.0,0.0,0.0,0.0,0.0,0.0,0.0,0.0,0.0,0.0,0.0,0.0,0.0,0.0,0.0,-0.0,2.004,2.004,-0.0,0.0,0.0,0.0,0.0,6325.0,-1.587937097795308e+29,6940.0,0.0,0.0,0.0,0.0,0.0,0.0,0.0,0.0,69,-0.0,89220.977,0.0,0.0,0.0,0.0,0.0,0.0,0.0,0,0,0,0.0,0.0,0.0,0.0,0.0,0.0,0.0,0.0,0.0,0.0,0.0,0.0,0.0,0.0,0.0,0.0,0,-107875648.0,69,0.0,138,0.0,-0.0,0,13107,17040,0,17049,0,17043,0,0,0,70,68,100,2.7302359370752657e+23,71.1,0.0,74.2,2.7302370179391762e+23,74.0,1,49,50,180,0,52429,0,0,0.0,0.0,0.0,0.0,-0.0,67.0,0.0,162057.094,0.0,750,0,739,0,0,0,721,0,765,0,735,0,742,0,741,0,712,0,7520,0.032,79993765888.0,0.0,0.0,784,16797,-0.0,162057.094,-114818.039,-0.0,0.133,6.909358625270745e+28,30.0,65.0,35,0.0,0.0,0.0,0.0,0.0,0.0,0.0,0.0,0.0,0.0,0.0,0.0,0.0,0.0,0.0,0.0,69.2,0,150,71,54,65476,0,300,0,1,8,20529,65476,0,0,40632,65.0,0.0,0.0,0.0,0.0,0.0
2026-09-04T20:55:54,ERR,ERR,ERR,ERR,ERR,ERR,ERR,ERR,ERR,ERR,ERR,ERR,ERR,ERR,ERR,ERR,ERR,ERR,ERR,ERR,ERR,ERR,ERR,ERR,ERR,ERR,ERR,ERR,ERR,ERR,ERR,ERR,ERR,ERR,ERR,ERR,ERR,ERR,ERR,ERR,ERR,ERR,ERR,ERR,ERR,ERR,ERR,ERR,ERR,ERR,ERR,ERR,ERR,ERR,ERR,ERR,ERR,ERR,ERR,ERR,ERR,ERR,ERR,ERR,ERR,ERR,ERR,ERR,ERR,ERR,ERR,ERR,ERR,ERR,ERR,ERR,ERR,ERR,ERR,ERR,ERR,ERR,ERR,ERR,ERR,ERR,ERR,ERR,ERR,ERR,ERR,ERR,ERR,ERR,ERR,ERR,ERR,ERR,ERR,ERR,ERR,ERR,ERR,ERR,ERR,ERR,ERR,ERR,ERR,ERR,ERR,ERR,ERR,ERR,ERR,ERR,ERR,ERR,ERR,ERR,ERR,ERR,ERR,ERR,ERR,0.0,0.0,0.0,0.0,0.0,1.3936040501711995e+18,7.805,0.0,0,0,4,0,7116,0.0,100,0.0,0.0,0.0,0.0,0.0,0,0,0,0,0.0,0,0,0,0,0,0,0,0,0,0,0,0,0,0,0,0,0,0,0,0,0,0,0,0,0,0,0,0,0,0,0,0,0,31,40,40,71,65476,0,300,0,0,8,21553,0.0,-107605600.0,0.0,0.0,0.0,0.0,0.0,0.0,0.0,0.0,0.0,0.0,0.0,0.0,0.0,0.0,0.0,0.0,0.0,0.0,0.0,0.0,-0.0,2.004,2.004,-0.0,0.0,0.0,0.0,0.0,6325.0,-1.587937097795308e+29,6940.0,0.0,0.0,0.0,0.0,0.0,0.0,0.0,0.0,69,-0.0,89220.977,0.0,0.0,0.0,0.0,0.0,0.0,0.0,0,0,0,0.0,0.0,0.0,0.0,0.0,0.0,0.0,0.0,0.0,0.0,0.0,0.0,0.0,0.0,0.0,0.0,0,-107875648.0,69,0.0,138,0.0,-0.0,0,13107,17040,0,17049,0,17043,0,0,0,70,68,100,2.7302359370752657e+23,71.1,0.0,74.2,2.7302370179391762e+23,74.0,1,49,50,180,0,52429,0,0,0.0,0.0,0.0,0.0,-0.0,67.0,0.0,162057.094,0.0,750,0,739,0,0,0,721,0,765,0,735,0,742,0,741,0,712,0,7520,0.032,79993765888.0,0.0,0.0,784,16797,-0.0,162057.094,-114818.039,-0.0,0.133,6.909358625270745e+28,30.0,65.0,35,0.0,0.0,0.0,0.0,0.0,0.0,0.0,0.0,0.0,0.0,0.0,0.0,0.0,0.0,0.0,0.0,69.2,0,150,71,54,65476,0,300,0,1,8,20529,65476,0,0,40632,65.0,0.0,0.0,0.0,0.0,0.0
2026-09-04T20:55:55,ERR,ERR,ERR,ERR,ERR,ERR,ERR,ERR,ERR,ERR,ERR,ERR,ERR,ERR,ERR,ERR,ERR,ERR,ERR,ERR,ERR,ERR,ERR,ERR,ERR,ERR,ERR,ERR,ERR,ERR,ERR,ERR,ERR,ERR,ERR,ERR,ERR,ERR,ERR,ERR,ERR,ERR,ERR,ERR,ERR,ERR,ERR,ERR,ERR,ERR,ERR,ERR,ERR,ERR,ERR,ERR,ERR,ERR,ERR,ERR,ERR,ERR,ERR,ERR,ERR,ERR,ERR,ERR,ERR,ERR,ERR,ERR,ERR,ERR,ERR,ERR,ERR,ERR,ERR,ERR,ERR,ERR,ERR,ERR,ERR,ERR,ERR,ERR,ERR,ERR,ERR,ERR,ERR,ERR,ERR,ERR,ERR,ERR,ERR,ERR,ERR,ERR,ERR,ERR,ERR,ERR,ERR,ERR,ERR,ERR,ERR,ERR,ERR,ERR,ERR,ERR,ERR,ERR,ERR,ERR,ERR,ERR,ERR,ERR,ERR,0.0,0.0,0.0,0.0,0.0,1.3936040501711995e+18,7.805,0.0,0,0,4,0,7116,0.0,100,0.0,0.0,0.0,0.0,0.0,0,0,0,0,0.0,0,0,0,0,0,0,0,0,0,0,0,0,0,0,0,0,0,0,0,0,0,0,0,0,0,0,0,0,0,0,0,0,0,31,40,40,71,65476,0,300,0,0,8,21553,0.0,-107605600.0,0.0,0.0,0.0,0.0,0.0,0.0,0.0,0.0,0.0,0.0,0.0,0.0,0.0,0.0,0.0,0.0,0.0,0.0,0.0,0.0,-0.0,2.004,2.004,-0.0,0.0,0.0,0.0,0.0,6325.0,-1.587937097795308e+29,6940.0,0.0,0.0,0.0,0.0,0.0,0.0,0.0,0.0,69,-0.0,89220.977,0.0,0.0,0.0,0.0,0.0,0.0,0.0,0,0,0,0.0,0.0,0.0,0.0,0.0,0.0,0.0,0.0,0.0,0.0,0.0,0.0,0.0,0.0,0.0,0.0,0,-107875648.0,69,0.0,138,0.0,-0.0,0,13107,17040,0,17049,0,17043,0,0,0,70,68,100,2.7302359370752657e+23,71.1,0.0,74.2,2.7302370179391762e+23,74.0,1,49,50,180,0,52429,0,0,0.0,0.0,0.0,0.0,-0.0,67.0,0.0,162057.094,0.0,750,0,739,0,0,0,721,0,765,0,735,0,742,0,741,0,712,0,7520,0.032,79993765888.0,0.0,0.0,784,16797,-0.0,162057.094,-114818.039,-0.0,0.133,6.909358625270745e+28,30.0,65.0,35,0.0,0.0,0.0,0.0,0.0,0.0,0.0,0.0,0.0,0.0,0.0,0.0,0.0,0.0,0.0,0.0,69.2,0,150,71,54,65476,0,300,0,1,8,20529,65476,0,0,40632,65.0,0.0,0.0,0.0,0.0,0.0
2026-09-04T20:55:56,ERR,ERR,ERR,ERR,ERR,ERR,ERR,ERR,ERR,ERR,ERR,ERR,ERR,ERR,ERR,ERR,ERR,ERR,ERR,ERR,ERR,ERR,ERR,ERR,ERR,ERR,ERR,ERR,ERR,ERR,ERR,ERR,ERR,ERR,ERR,ERR,ERR,ERR,ERR,ERR,ERR,ERR,ERR,ERR,ERR,ERR,ERR,ERR,ERR,ERR,ERR,ERR,ERR,ERR,ERR,ERR,ERR,ERR,ERR,ERR,ERR,ERR,ERR,ERR,ERR,ERR,ERR,ERR,ERR,ERR,ERR,ERR,ERR,ERR,ERR,ERR,ERR,ERR,ERR,ERR,ERR,ERR,ERR,ERR,ERR,ERR,ERR,ERR,ERR,ERR,ERR,ERR,ERR,ERR,ERR,ERR,ERR,ERR,ERR,ERR,ERR,ERR,ERR,ERR,ERR,ERR,ERR,ERR,ERR,ERR,ERR,ERR,ERR,ERR,ERR,ERR,ERR,ERR,ERR,ERR,ERR,ERR,ERR,ERR,ERR,0.0,0.0,0.0,0.0,0.0,1.3936040501711995e+18,7.805,0.0,0,0,4,0,7116,0.0,100,0.0,0.0,0.0,0.0,0.0,0,0,0,0,0.0,0,0,0,0,0,0,0,0,0,0,0,0,0,0,0,0,0,0,0,0,0,0,0,0,0,0,0,0,0,0,0,0,0,31,40,40,71,65476,0,300,0,0,8,21553,0.0,-107605600.0,0.0,0.0,0.0,0.0,0.0,0.0,0.0,0.0,0.0,0.0,0.0,0.0,0.0,0.0,0.0,0.0,0.0,0.0,0.0,0.0,-0.0,2.004,2.004,-0.0,0.0,0.0,0.0,0.0,6325.0,-1.587937097795308e+29,6940.0,0.0,0.0,0.0,0.0,0.0,0.0,0.0,0.0,69,-0.0,89220.977,0.0,0.0,0.0,0.0,0.0,0.0,0.0,0,0,0,0.0,0.0,0.0,0.0,0.0,0.0,0.0,0.0,0.0,0.0,0.0,0.0,0.0,0.0,0.0,0.0,0,-107875648.0,69,0.0,138,0.0,-0.0,0,13107,17040,0,17049,0,17043,0,0,0,70,68,100,2.7302359370752657e+23,71.1,0.0,74.2,2.7302370179391762e+23,74.0,1,49,50,180,0,52429,0,0,0.0,0.0,0.0,0.0,-0.0,67.0,0.0,162057.094,0.0,750,0,739,0,0,0,721,0,765,0,735,0,742,0,741,0,712,0,7520,0.032,79993765888.0,0.0,0.0,784,16797,-0.0,162057.094,-114818.039,-0.0,0.133,6.909358625270745e+28,30.0,65.0,35,0.0,0.0,0.0,0.0,0.0,0.0,0.0,0.0,0.0,0.0,0.0,0.0,0.0,0.0,0.0,0.0,69.2,0,150,71,54,65476,0,300,0,1,8,20529,65476,0,0,40632,65.0,0.0,0.0,0.0,0.0,0.0
2026-09-04T20:55:57,ERR,ERR,ERR,ERR,ERR,ERR,ERR,ERR,ERR,ERR,ERR,ERR,ERR,ERR,ERR,ERR,ERR,ERR,ERR,ERR,ERR,ERR,ERR,ERR,ERR,ERR,ERR,ERR,ERR,ERR,ERR,ERR,ERR,ERR,ERR,ERR,ERR,ERR,ERR,ERR,ERR,ERR,ERR,ERR,ERR,ERR,ERR,ERR,ERR,ERR,ERR,ERR,ERR,ERR,ERR,ERR,ERR,ERR,ERR,ERR,ERR,ERR,ERR,ERR,ERR,ERR,ERR,ERR,ERR,ERR,ERR,ERR,ERR,ERR,ERR,ERR,ERR,ERR,ERR,ERR,ERR,ERR,ERR,ERR,ERR,ERR,ERR,ERR,ERR,ERR,ERR,ERR,ERR,ERR,ERR,ERR,ERR,ERR,ERR,ERR,ERR,ERR,ERR,ERR,ERR,ERR,ERR,ERR,ERR,ERR,ERR,ERR,ERR,ERR,ERR,ERR,ERR,ERR,ERR,ERR,ERR,ERR,ERR,ERR,ERR,0.0,0.0,0.0,0.0,0.0,1.3936040501711995e+18,7.805,0.0,0,0,4,0,7116,0.0,100,0.0,0.0,0.0,0.0,0.0,0,0,0,0,0.0,0,0,0,0,0,0,0,0,0,0,0,0,0,0,0,0,0,0,0,0,0,0,0,0,0,0,0,0,0,0,0,0,0,31,40,40,71,65476,0,300,0,0,8,21553,0.0,-107605600.0,0.0,0.0,0.0,0.0,0.0,0.0,0.0,0.0,0.0,0.0,0.0,0.0,0.0,0.0,0.0,0.0,0.0,0.0,0.0,0.0,-0.0,2.004,2.004,-0.0,0.0,0.0,0.0,0.0,6327.0,1.0406704564111331e+34,6927.0,0.0,0.0,0.0,0.0,0.0,0.0,0.0,0.0,69,-0.0,-71.63,0.0,0.0,0.0,0.0,0.0,0.0,0.0,0,0,0,0.0,0.0,0.0,0.0,0.0,0.0,0.0,0.0,0.0,0.0,0.0,0.0,0.0,0.0,0.0,0.0,0,-107875648.0,69,0.0,138,0.0,-0.0,0,13107,17040,0,17049,0,17043,0,0,0,70,68,100,2.7302359370752657e+23,71.1,0.0,74.2,2.7302370179391762e+23,74.0,1,49,50,180,0,52429,0,0,0.0,0.0,0.0,0.0,-0.0,67.0,0.0,162057.094,0.0,750,0,739,0,0,0,721,0,765,0,735,0,742,0,741,0,712,0,7520,0.032,79993765888.0,0.0,0.0,784,16797,-0.0,162057.094,-114818.039,-0.0,0.133,6.909358625270745e+28,30.0,65.0,35,0.0,0.0,0.0,0.0,0.0,0.0,0.0,0.0,0.0,0.0,0.0,0.0,0.0,0.0,0.0,0.0,69.2,0,150,71,54,65476,0,300,0,1,8,20529,65476,0,0,40632,65.0,0.0,0.0,0.0,0.0,0.0
2026-09-04T20:55:58,ERR,ERR,ERR,ERR,ERR,ERR,ERR,ERR,ERR,ERR,ERR,ERR,ERR,ERR,ERR,ERR,ERR,ERR,ERR,ERR,ERR,ERR,ERR,ERR,ERR,ERR,ERR,ERR,ERR,ERR,ERR,ERR,ERR,ERR,ERR,ERR,ERR,ERR,ERR,ERR,ERR,ERR,ERR,ERR,ERR,ERR,ERR,ERR,ERR,ERR,ERR,ERR,ERR,ERR,ERR,ERR,ERR,ERR,ERR,ERR,ERR,ERR,ERR,ERR,ERR,ERR,ERR,ERR,ERR,ERR,ERR,ERR,ERR,ERR,ERR,ERR,ERR,ERR,ERR,ERR,ERR,ERR,ERR,ERR,ERR,ERR,ERR,ERR,ERR,ERR,ERR,ERR,ERR,ERR,ERR,ERR,ERR,ERR,ERR,ERR,ERR,ERR,ERR,ERR,ERR,ERR,ERR,ERR,ERR,ERR,ERR,ERR,ERR,ERR,ERR,ERR,ERR,ERR,ERR,ERR,ERR,ERR,ERR,ERR,ERR,0.0,0.0,0.0,0.0,0.0,1.3936040501711995e+18,7.805,0.0,0,0,4,0,7116,0.0,100,0.0,0.0,0.0,0.0,0.0,0,0,0,0,0.0,0,0,0,0,0,0,0,0,0,0,0,0,0,0,0,0,0,0,0,0,0,0,0,0,0,0,0,0,0,0,0,0,0,31,40,40,71,65476,0,300,0,0,8,21553,0.0,-107605600.0,0.0,0.0,0.0,0.0,0.0,0.0,0.0,0.0,0.0,0.0,0.0,0.0,0.0,0.0,0.0,0.0,0.0,0.0,0.0,0.0,-0.0,2.004,2.004,-0.0,0.0,0.0,0.0,0.0,6327.0,1.0406704564111331e+34,6927.0,0.0,0.0,0.0,0.0,0.0,0.0,0.0,0.0,69,-0.0,-71.63,0.0,0.0,0.0,0.0,0.0,0.0,0.0,0,0,0,0.0,0.0,0.0,0.0,0.0,0.0,0.0,0.0,0.0,0.0,0.0,0.0,0.0,0.0,0.0,0.0,0,-107875648.0,69,0.0,138,0.0,-0.0,0,13107,17040,0,17049,0,17043,0,0,0,70,68,100,2.7302359370752657e+23,71.1,0.0,74.2,2.7302370179391762e+23,74.0,1,49,50,180,0,52429,0,0,0.0,0.0,0.0,0.0,-0.0,67.0,0.0,162057.094,0.0,750,0,739,0,0,0,721,0,765,0,735,0,742,0,741,0,712,0,7520,0.032,79993765888.0,0.0,0.0,784,16797,-0.0,162057.094,-114818.039,-0.0,0.133,6.909358625270745e+28,30.0,65.0,35,0.0,0.0,0.0,0.0,0.0,0.0,0.0,0.0,0.0,0.0,0.0,0.0,0.0,0.0,0.0,0.0,69.2,0,150,71,54,65476,0,300,0,1,8,20529,65476,0,0,40632,65.0,0.0,0.0,0.0,0.0,0.0
2026-09-04T20:55:59,ERR,ERR,ERR,ERR,ERR,ERR,ERR,ERR,ERR,ERR,ERR,ERR,ERR,ERR,ERR,ERR,ERR,ERR,ERR,ERR,ERR,ERR,ERR,ERR,ERR,ERR,ERR,ERR,ERR,ERR,ERR,ERR,ERR,ERR,ERR,ERR,ERR,ERR,ERR,ERR,ERR,ERR,ERR,ERR,ERR,ERR,ERR,ERR,ERR,ERR,ERR,ERR,ERR,ERR,ERR,ERR,ERR,ERR,ERR,ERR,ERR,ERR,ERR,ERR,ERR,ERR,ERR,ERR,ERR,ERR,ERR,ERR,ERR,ERR,ERR,ERR,ERR,ERR,ERR,ERR,ERR,ERR,ERR,ERR,ERR,ERR,ERR,ERR,ERR,ERR,ERR,ERR,ERR,ERR,ERR,ERR,ERR,ERR,ERR,ERR,ERR,ERR,ERR,ERR,ERR,ERR,ERR,ERR,ERR,ERR,ERR,ERR,ERR,ERR,ERR,ERR,ERR,ERR,ERR,ERR,ERR,ERR,ERR,ERR,ERR,0.0,0.0,0.0,0.0,0.0,1.3936040501711995e+18,7.805,0.0,0,0,4,0,7116,0.0,100,0.0,0.0,0.0,0.0,0.0,0,0,0,0,0.0,0,0,0,0,0,0,0,0,0,0,0,0,0,0,0,0,0,0,0,0,0,0,0,0,0,0,0,0,0,0,0,0,0,31,40,40,71,65476,0,300,0,0,8,21553,0.0,-107605600.0,0.0,0.0,0.0,0.0,0.0,0.0,0.0,0.0,0.0,0.0,0.0,0.0,0.0,0.0,0.0,0.0,0.0,0.0,0.0,0.0,-0.0,2.004,2.004,-0.0,0.0,0.0,0.0,0.0,6327.0,1.0406704564111331e+34,6927.0,0.0,0.0,0.0,0.0,0.0,0.0,0.0,0.0,69,-0.0,-71.63,0.0,0.0,0.0,0.0,0.0,0.0,0.0,0,0,0,0.0,0.0,0.0,0.0,0.0,0.0,0.0,0.0,0.0,0.0,0.0,0.0,0.0,0.0,0.0,0.0,0,-107875648.0,69,0.0,138,0.0,-0.0,0,13107,17040,0,17049,0,17043,0,0,0,70,68,100,2.7302359370752657e+23,71.1,0.0,74.2,2.7302370179391762e+23,74.0,1,49,50,180,0,52429,0,0,0.0,0.0,0.0,0.0,-0.0,67.0,0.0,162057.094,0.0,750,0,739,0,0,0,721,0,765,0,735,0,742,0,741,0,712,0,7520,0.032,79993765888.0,0.0,0.0,784,16797,-0.0,162057.094,-114818.039,-0.0,0.133,6.909358625270745e+28,30.0,65.0,35,0.0,0.0,0.0,0.0,0.0,0.0,0.0,0.0,0.0,0.0,0.0,0.0,0.0,0.0,0.0,0.0,69.2,0,150,71,54,65476,0,300,0,1,8,20529,65476,0,0,40632,65.0,0.0,0.0,0.0,0.0,0.0
2026-09-04T20:56:00,ERR,ERR,ERR,ERR,ERR,ERR,ERR,ERR,ERR,ERR,ERR,ERR,ERR,ERR,ERR,ERR,ERR,ERR,ERR,ERR,ERR,ERR,ERR,ERR,ERR,ERR,ERR,ERR,ERR,ERR,ERR,ERR,ERR,ERR,ERR,ERR,ERR,ERR,ERR,ERR,ERR,ERR,ERR,ERR,ERR,ERR,ERR,ERR,ERR,ERR,ERR,ERR,ERR,ERR,ERR,ERR,ERR,ERR,ERR,ERR,ERR,ERR,ERR,ERR,ERR,ERR,ERR,ERR,ERR,ERR,ERR,ERR,ERR,ERR,ERR,ERR,ERR,ERR,ERR,ERR,ERR,ERR,ERR,ERR,ERR,ERR,ERR,ERR,ERR,ERR,ERR,ERR,ERR,ERR,ERR,ERR,ERR,ERR,ERR,ERR,ERR,ERR,ERR,ERR,ERR,ERR,ERR,ERR,ERR,ERR,ERR,ERR,ERR,ERR,ERR,ERR,ERR,ERR,ERR,ERR,ERR,ERR,ERR,ERR,ERR,0.0,0.0,0.0,0.0,0.0,1.3936040501711995e+18,7.805,0.0,0,0,4,0,7116,0.0,100,0.0,0.0,0.0,0.0,0.0,0,0,0,0,0.0,0,0,0,0,0,0,0,0,0,0,0,0,0,0,0,0,0,0,0,0,0,0,0,0,0,0,0,0,0,0,0,0,0,31,40,40,71,65476,0,300,0,0,8,21553,0.0,-107605600.0,0.0,0.0,0.0,0.0,0.0,0.0,0.0,0.0,0.0,0.0,0.0,0.0,0.0,0.0,0.0,0.0,0.0,0.0,0.0,0.0,-0.0,2.004,2.004,-0.0,0.0,0.0,0.0,0.0,6327.0,1.0406704564111331e+34,6927.0,0.0,0.0,0.0,0.0,0.0,0.0,0.0,0.0,69,-0.0,-71.63,0.0,0.0,0.0,0.0,0.0,0.0,0.0,0,0,0,0.0,0.0,0.0,0.0,0.0,0.0,0.0,0.0,0.0,0.0,0.0,0.0,0.0,0.0,0.0,0.0,0,-107875648.0,69,0.0,138,0.0,-0.0,0,13107,17040,0,17049,0,17043,0,0,0,70,68,100,2.7302359370752657e+23,71.1,0.0,74.2,2.7302370179391762e+23,74.0,1,49,50,180,0,52429,0,0,0.0,0.0,0.0,0.0,-0.0,67.0,0.0,162057.094,0.0,750,0,739,0,0,0,721,0,765,0,735,0,742,0,741,0,712,0,7520,0.032,79993765888.0,0.0,0.0,784,16797,-0.0,162057.094,-114818.039,-0.0,0.133,6.909358625270745e+28,30.0,65.0,35,0.0,0.0,0.0,0.0,0.0,0.0,0.0,0.0,0.0,0.0,0.0,0.0,0.0,0.0,0.0,0.0,69.2,0,150,71,54,65476,0,300,0,1,8,20529,65476,0,0,40632,65.0,0.0,0.0,0.0,0.0,0.0
2026-09-04T20:56:01,ERR,ERR,ERR,ERR,ERR,ERR,ERR,ERR,ERR,ERR,ERR,ERR,ERR,ERR,ERR,ERR,ERR,ERR,ERR,ERR,ERR,ERR,ERR,ERR,ERR,ERR,ERR,ERR,ERR,ERR,ERR,ERR,ERR,ERR,ERR,ERR,ERR,ERR,ERR,ERR,ERR,ERR,ERR,ERR,ERR,ERR,ERR,ERR,ERR,ERR,ERR,ERR,ERR,ERR,ERR,ERR,ERR,ERR,ERR,ERR,ERR,ERR,ERR,ERR,ERR,ERR,ERR,ERR,ERR,ERR,ERR,ERR,ERR,ERR,ERR,ERR,ERR,ERR,ERR,ERR,ERR,ERR,ERR,ERR,ERR,ERR,ERR,ERR,ERR,ERR,ERR,ERR,ERR,ERR,ERR,ERR,ERR,ERR,ERR,ERR,ERR,ERR,ERR,ERR,ERR,ERR,ERR,ERR,ERR,ERR,ERR,ERR,ERR,ERR,ERR,ERR,ERR,ERR,ERR,ERR,ERR,ERR,ERR,ERR,ERR,0.0,0.0,0.0,0.0,0.0,1.3936040501711995e+18,7.805,0.0,0,0,4,0,7116,0.0,100,0.0,0.0,0.0,0.0,0.0,0,0,0,0,0.0,0,0,0,0,0,0,0,0,0,0,0,0,0,0,0,0,0,0,0,0,0,0,0,0,0,0,0,0,0,0,0,0,0,31,40,40,71,65476,0,300,0,0,8,21553,0.0,-107605600.0,0.0,0.0,0.0,0.0,0.0,0.0,0.0,0.0,0.0,0.0,0.0,0.0,0.0,0.0,0.0,0.0,0.0,0.0,0.0,0.0,-0.0,2.004,2.004,-0.0,0.0,0.0,0.0,0.0,6327.0,1.0406704564111331e+34,6927.0,0.0,0.0,0.0,0.0,0.0,0.0,0.0,0.0,69,-0.0,-71.63,0.0,0.0,0.0,0.0,0.0,0.0,0.0,0,0,0,0.0,0.0,0.0,0.0,0.0,0.0,0.0,0.0,0.0,0.0,0.0,0.0,0.0,0.0,0.0,0.0,0,-107875648.0,69,0.0,138,0.0,-0.0,0,13107,17040,0,17049,0,17043,0,0,0,70,68,100,2.7302359370752657e+23,71.1,0.0,74.2,2.7302370179391762e+23,74.0,1,49,50,180,0,52429,0,0,0.0,0.0,0.0,0.0,-0.0,67.0,0.0,162057.094,0.0,750,0,739,0,0,0,721,0,765,0,735,0,742,0,741,0,712,0,7520,0.032,79993765888.0,0.0,0.0,784,16797,-0.0,162057.094,-114818.039,-0.0,0.133,6.909358625270745e+28,30.0,65.0,35,0.0,0.0,0.0,0.0,0.0,0.0,0.0,0.0,0.0,0.0,0.0,0.0,0.0,0.0,0.0,0.0,69.2,0,150,71,54,65476,0,300,0,1,8,20529,65476,0,0,40632,65.0,0.0,0.0,0.0,0.0,0.0
2026-09-04T20:56:02,ERR,ERR,ERR,ERR,ERR,ERR,ERR,ERR,ERR,ERR,ERR,ERR,ERR,ERR,ERR,ERR,ERR,ERR,ERR,ERR,ERR,ERR,ERR,ERR,ERR,ERR,ERR,ERR,ERR,ERR,ERR,ERR,ERR,ERR,ERR,ERR,ERR,ERR,ERR,ERR,ERR,ERR,ERR,ERR,ERR,ERR,ERR,ERR,ERR,ERR,ERR,ERR,ERR,ERR,ERR,ERR,ERR,ERR,ERR,ERR,ERR,ERR,ERR,ERR,ERR,ERR,ERR,ERR,ERR,ERR,ERR,ERR,ERR,ERR,ERR,ERR,ERR,ERR,ERR,ERR,ERR,ERR,ERR,ERR,ERR,ERR,ERR,ERR,ERR,ERR,ERR,ERR,ERR,ERR,ERR,ERR,ERR,ERR,ERR,ERR,ERR,ERR,ERR,ERR,ERR,ERR,ERR,ERR,ERR,ERR,ERR,ERR,ERR,ERR,ERR,ERR,ERR,ERR,ERR,ERR,ERR,ERR,ERR,ERR,ERR,0.0,0.0,0.0,0.0,0.0,1.3936040501711995e+18,7.805,0.0,0,0,4,0,7116,0.0,100,0.0,0.0,0.0,0.0,0.0,0,0,0,0,0.0,0,0,0,0,0,0,0,0,0,0,0,0,0,0,0,0,0,0,0,0,0,0,0,0,0,0,0,0,0,0,0,0,0,31,40,40,71,65476,0,300,0,0,8,21553,0.0,-107605600.0,0.0,0.0,0.0,0.0,0.0,0.0,0.0,0.0,0.0,0.0,0.0,0.0,0.0,0.0,0.0,0.0,0.0,0.0,0.0,0.0,-0.0,2.004,2.004,-0.0,0.0,0.0,0.0,0.0,6327.0,1.0406704564111331e+34,6927.0,0.0,0.0,0.0,0.0,0.0,0.0,0.0,0.0,69,-0.0,-71.63,0.0,0.0,0.0,0.0,0.0,0.0,0.0,0,0,0,0.0,0.0,0.0,0.0,0.0,0.0,0.0,0.0,0.0,0.0,0.0,0.0,0.0,0.0,0.0,0.0,0,-107875648.0,69,0.0,138,0.0,-0.0,0,13107,17040,0,17049,0,17043,0,0,0,70,68,100,2.7302359370752657e+23,71.1,0.0,74.2,2.7302370179391762e+23,74.0,1,49,50,180,0,52429,0,0,0.0,0.0,0.0,0.0,-0.0,67.0,0.0,162057.094,0.0,750,0,739,0,0,0,721,0,765,0,735,0,742,0,741,0,712,0,7520,0.032,79993765888.0,0.0,0.0,784,16797,-0.0,162057.094,-114818.039,-0.0,0.133,6.909358625270745e+28,30.0,65.0,35,0.0,0.0,0.0,0.0,0.0,0.0,0.0,0.0,0.0,0.0,0.0,0.0,0.0,0.0,0.0,0.0,69.2,0,150,71,54,65476,0,300,0,1,8,20529,65476,0,0,40632,65.0,0.0,0.0,0.0,0.0,0.0
2026-09-04T20:56:03,ERR,ERR,ERR,ERR,ERR,ERR,ERR,ERR,ERR,ERR,ERR,ERR,ERR,ERR,ERR,ERR,ERR,ERR,ERR,ERR,ERR,ERR,ERR,ERR,ERR,ERR,ERR,ERR,ERR,ERR,ERR,ERR,ERR,ERR,ERR,ERR,ERR,ERR,ERR,ERR,ERR,ERR,ERR,ERR,ERR,ERR,ERR,ERR,ERR,ERR,ERR,ERR,ERR,ERR,ERR,ERR,ERR,ERR,ERR,ERR,ERR,ERR,ERR,ERR,ERR,ERR,ERR,ERR,ERR,ERR,ERR,ERR,ERR,ERR,ERR,ERR,ERR,ERR,ERR,ERR,ERR,ERR,ERR,ERR,ERR,ERR,ERR,ERR,ERR,ERR,ERR,ERR,ERR,ERR,ERR,ERR,ERR,ERR,ERR,ERR,ERR,ERR,ERR,ERR,ERR,ERR,ERR,ERR,ERR,ERR,ERR,ERR,ERR,ERR,ERR,ERR,ERR,ERR,ERR,ERR,ERR,ERR,ERR,ERR,ERR,0.0,0.0,0.0,0.0,0.0,1.3936040501711995e+18,7.805,0.0,0,0,4,0,7116,0.0,100,0.0,0.0,0.0,0.0,0.0,0,0,0,0,0.0,0,0,0,0,0,0,0,0,0,0,0,0,0,0,0,0,0,0,0,0,0,0,0,0,0,0,0,0,0,0,0,0,0,31,40,40,71,65476,0,300,0,0,8,21553,0.0,-107605600.0,0.0,0.0,0.0,0.0,0.0,0.0,0.0,0.0,0.0,0.0,0.0,0.0,0.0,0.0,0.0,0.0,0.0,0.0,0.0,0.0,-0.0,2.004,2.004,-0.0,0.0,0.0,0.0,0.0,6327.0,1.0406704564111331e+34,6927.0,0.0,0.0,0.0,0.0,0.0,0.0,0.0,0.0,69,-0.0,-71.63,0.0,0.0,0.0,0.0,0.0,0.0,0.0,0,0,0,0.0,0.0,0.0,0.0,0.0,0.0,0.0,0.0,0.0,0.0,0.0,0.0,0.0,0.0,0.0,0.0,0,-107875648.0,69,0.0,138,0.0,-0.0,0,13107,17040,0,17049,0,17043,0,0,0,70,68,100,2.7302359370752657e+23,71.1,0.0,74.2,2.7302370179391762e+23,74.0,1,49,50,180,0,52429,0,0,0.0,0.0,0.0,0.0,-0.0,67.0,0.0,162057.094,0.0,750,0,739,0,0,0,721,0,765,0,735,0,742,0,741,0,712,0,7520,0.032,79993765888.0,0.0,0.0,784,16797,-0.0,162057.094,-114818.039,-0.0,0.133,6.909358625270745e+28,30.0,65.0,35,0.0,0.0,0.0,0.0,0.0,0.0,0.0,0.0,0.0,0.0,0.0,0.0,0.0,0.0,0.0,0.0,69.2,0,150,71,54,65476,0,300,0,1,8,20529,65476,0,0,40632,65.0,0.0,0.0,0.0,0.0,0.0
2026-09-04T20:56:04,ERR,ERR,ERR,ERR,ERR,ERR,ERR,ERR,ERR,ERR,ERR,ERR,ERR,ERR,ERR,ERR,ERR,ERR,ERR,ERR,ERR,ERR,ERR,ERR,ERR,ERR,ERR,ERR,ERR,ERR,ERR,ERR,ERR,ERR,ERR,ERR,ERR,ERR,ERR,ERR,ERR,ERR,ERR,ERR,ERR,ERR,ERR,ERR,ERR,ERR,ERR,ERR,ERR,ERR,ERR,ERR,ERR,ERR,ERR,ERR,ERR,ERR,ERR,ERR,ERR,ERR,ERR,ERR,ERR,ERR,ERR,ERR,ERR,ERR,ERR,ERR,ERR,ERR,ERR,ERR,ERR,ERR,ERR,ERR,ERR,ERR,ERR,ERR,ERR,ERR,ERR,ERR,ERR,ERR,ERR,ERR,ERR,ERR,ERR,ERR,ERR,ERR,ERR,ERR,ERR,ERR,ERR,ERR,ERR,ERR,ERR,ERR,ERR,ERR,ERR,ERR,ERR,ERR,ERR,ERR,ERR,ERR,ERR,ERR,ERR,0.0,0.0,0.0,0.0,0.0,1.3936040501711995e+18,7.805,0.0,0,0,4,0,7116,0.0,100,0.0,0.0,0.0,0.0,0.0,0,0,0,0,0.0,0,0,0,0,0,0,0,0,0,0,0,0,0,0,0,0,0,0,0,0,0,0,0,0,0,0,0,0,0,0,0,0,0,31,40,40,71,65476,0,300,0,0,8,21553,0.0,-107605600.0,0.0,0.0,0.0,0.0,0.0,0.0,0.0,0.0,0.0,0.0,0.0,0.0,0.0,0.0,0.0,0.0,0.0,0.0,0.0,0.0,-0.0,2.004,2.004,-0.0,0.0,0.0,0.0,0.0,6325.0,0.0,6916.0,0.0,0.0,0.0,0.0,0.0,0.0,0.0,0.0,69,-0.0,126840963072.0,0.0,0.0,0.0,0.0,0.0,0.0,0.0,0,0,0,0.0,0.0,0.0,0.0,0.0,0.0,0.0,0.0,0.0,0.0,0.0,0.0,0.0,0.0,0.0,0.0,0,-107875648.0,69,0.0,138,0.0,-0.0,0,13107,17040,0,17049,0,17043,0,0,0,70,68,100,2.7302359370752657e+23,71.1,0.0,74.2,2.7302370179391762e+23,74.0,1,49,50,180,0,52429,0,0,0.0,0.0,0.0,0.0,-0.0,67.0,0.0,162057.094,0.0,750,0,739,0,0,0,721,0,765,0,735,0,742,0,741,0,712,0,7520,0.032,78920024064.0,0.0,0.0,784,16797,-0.0,162057.094,-114818.039,-0.0,0.133,6.909358625270745e+28,30.0,65.0,35,0.0,0.0,0.0,0.0,0.0,0.0,0.0,0.0,0.0,0.0,0.0,0.0,0.0,0.0,0.0,0.0,69.2,0,150,71,54,65476,0,300,0,1,8,20529,65476,0,0,40632,65.0,0.0,0.0,0.0,0.0,0.0
2026-09-04T20:56:05,ERR,ERR,ERR,ERR,ERR,ERR,ERR,ERR,ERR,ERR,ERR,ERR,ERR,ERR,ERR,ERR,ERR,ERR,ERR,ERR,ERR,ERR,ERR,ERR,ERR,ERR,ERR,ERR,ERR,ERR,ERR,ERR,ERR,ERR,ERR,ERR,ERR,ERR,ERR,ERR,ERR,ERR,ERR,ERR,ERR,ERR,ERR,ERR,ERR,ERR,ERR,ERR,ERR,ERR,ERR,ERR,ERR,ERR,ERR,ERR,ERR,ERR,ERR,ERR,ERR,ERR,ERR,ERR,ERR,ERR,ERR,ERR,ERR,ERR,ERR,ERR,ERR,ERR,ERR,ERR,ERR,ERR,ERR,ERR,ERR,ERR,ERR,ERR,ERR,ERR,ERR,ERR,ERR,ERR,ERR,ERR,ERR,ERR,ERR,ERR,ERR,ERR,ERR,ERR,ERR,ERR,ERR,ERR,ERR,ERR,ERR,ERR,ERR,ERR,ERR,ERR,ERR,ERR,ERR,ERR,ERR,ERR,ERR,ERR,ERR,0.0,0.0,0.0,0.0,0.0,1.3936040501711995e+18,7.805,0.0,0,0,4,0,7116,0.0,100,0.0,0.0,0.0,0.0,0.0,0,0,0,0,0.0,0,0,0,0,0,0,0,0,0,0,0,0,0,0,0,0,0,0,0,0,0,0,0,0,0,0,0,0,0,0,0,0,0,31,40,40,71,65476,0,300,0,0,8,21553,0.0,-107605600.0,0.0,0.0,0.0,0.0,0.0,0.0,0.0,0.0,0.0,0.0,0.0,0.0,0.0,0.0,0.0,0.0,0.0,0.0,0.0,0.0,-0.0,2.004,2.004,-0.0,0.0,0.0,0.0,0.0,6325.0,0.0,6916.0,0.0,0.0,0.0,0.0,0.0,0.0,0.0,0.0,69,-0.0,126840963072.0,0.0,0.0,0.0,0.0,0.0,0.0,0.0,0,0,0,0.0,0.0,0.0,0.0,0.0,0.0,0.0,0.0,0.0,0.0,0.0,0.0,0.0,0.0,0.0,0.0,0,-107875648.0,69,0.0,138,0.0,-0.0,0,13107,17040,0,17049,0,17043,0,0,0,70,68,100,2.7302359370752657e+23,71.1,0.0,74.2,2.7302370179391762e+23,74.0,1,49,50,180,0,52429,0,0,0.0,0.0,0.0,0.0,-0.0,67.0,0.0,162057.094,0.0,750,0,739,0,0,0,721,0,765,0,735,0,742,0,741,0,712,0,7520,0.032,78920024064.0,0.0,0.0,784,16797,-0.0,162057.094,-114818.039,-0.0,0.133,6.909358625270745e+28,30.0,65.0,35,0.0,0.0,0.0,0.0,0.0,0.0,0.0,0.0,0.0,0.0,0.0,0.0,0.0,0.0,0.0,0.0,69.2,0,150,71,54,65476,0,300,0,1,8,20529,65476,0,0,40632,65.0,0.0,0.0,0.0,0.0,0.0
2026-09-04T20:56:06,ERR,ERR,ERR,ERR,ERR,ERR,ERR,ERR,ERR,ERR,ERR,ERR,ERR,ERR,ERR,ERR,ERR,ERR,ERR,ERR,ERR,ERR,ERR,ERR,ERR,ERR,ERR,ERR,ERR,ERR,ERR,ERR,ERR,ERR,ERR,ERR,ERR,ERR,ERR,ERR,ERR,ERR,ERR,ERR,ERR,ERR,ERR,ERR,ERR,ERR,ERR,ERR,ERR,ERR,ERR,ERR,ERR,ERR,ERR,ERR,ERR,ERR,ERR,ERR,ERR,ERR,ERR,ERR,ERR,ERR,ERR,ERR,ERR,ERR,ERR,ERR,ERR,ERR,ERR,ERR,ERR,ERR,ERR,ERR,ERR,ERR,ERR,ERR,ERR,ERR,ERR,ERR,ERR,ERR,ERR,ERR,ERR,ERR,ERR,ERR,ERR,ERR,ERR,ERR,ERR,ERR,ERR,ERR,ERR,ERR,ERR,ERR,ERR,ERR,ERR,ERR,ERR,ERR,ERR,ERR,ERR,ERR,ERR,ERR,ERR,0.0,0.0,0.0,0.0,0.0,1.3936040501711995e+18,7.805,0.0,0,0,4,0,7116,0.0,100,0.0,0.0,0.0,0.0,0.0,0,0,0,0,0.0,0,0,0,0,0,0,0,0,0,0,0,0,0,0,0,0,0,0,0,0,0,0,0,0,0,0,0,0,0,0,0,0,0,31,40,40,71,65476,0,300,0,0,8,21553,0.0,-107605600.0,0.0,0.0,0.0,0.0,0.0,0.0,0.0,0.0,0.0,0.0,0.0,0.0,0.0,0.0,0.0,0.0,0.0,0.0,0.0,0.0,-0.0,2.004,2.004,-0.0,0.0,0.0,0.0,0.0,6325.0,0.0,6916.0,0.0,0.0,0.0,0.0,0.0,0.0,0.0,0.0,69,-0.0,126840963072.0,0.0,0.0,0.0,0.0,0.0,0.0,0.0,0,0,0,0.0,0.0,0.0,0.0,0.0,0.0,0.0,0.0,0.0,0.0,0.0,0.0,0.0,0.0,0.0,0.0,0,-107875648.0,69,0.0,138,0.0,-0.0,0,13107,17040,0,17049,0,17043,0,0,0,70,68,100,2.7302359370752657e+23,71.1,0.0,74.2,2.7302370179391762e+23,74.0,1,49,50,180,0,52429,0,0,0.0,0.0,0.0,0.0,-0.0,67.0,0.0,162057.094,0.0,750,0,739,0,0,0,721,0,765,0,735,0,742,0,741,0,712,0,7520,0.032,78920024064.0,0.0,0.0,784,16797,-0.0,162057.094,-114818.039,-0.0,0.133,6.909358625270745e+28,30.0,65.0,35,0.0,0.0,0.0,0.0,0.0,0.0,0.0,0.0,0.0,0.0,0.0,0.0,0.0,0.0,0.0,0.0,69.2,0,150,71,54,65476,0,300,0,1,8,20529,65476,0,0,40632,65.0,0.0,0.0,0.0,0.0,0.0
2026-09-04T20:56:07,ERR,ERR,ERR,ERR,ERR,ERR,ERR,ERR,ERR,ERR,ERR,ERR,ERR,ERR,ERR,ERR,ERR,ERR,ERR,ERR,ERR,ERR,ERR,ERR,ERR,ERR,ERR,ERR,ERR,ERR,ERR,ERR,ERR,ERR,ERR,ERR,ERR,ERR,ERR,ERR,ERR,ERR,ERR,ERR,ERR,ERR,ERR,ERR,ERR,ERR,ERR,ERR,ERR,ERR,ERR,ERR,ERR,ERR,ERR,ERR,ERR,ERR,ERR,ERR,ERR,ERR,ERR,ERR,ERR,ERR,ERR,ERR,ERR,ERR,ERR,ERR,ERR,ERR,ERR,ERR,ERR,ERR,ERR,ERR,ERR,ERR,ERR,ERR,ERR,ERR,ERR,ERR,ERR,ERR,ERR,ERR,ERR,ERR,ERR,ERR,ERR,ERR,ERR,ERR,ERR,ERR,ERR,ERR,ERR,ERR,ERR,ERR,ERR,ERR,ERR,ERR,ERR,ERR,ERR,ERR,ERR,ERR,ERR,ERR,ERR,0.0,0.0,0.0,0.0,0.0,1.3936040501711995e+18,7.805,0.0,0,0,4,0,7116,0.0,100,0.0,0.0,0.0,0.0,0.0,0,0,0,0,0.0,0,0,0,0,0,0,0,0,0,0,0,0,0,0,0,0,0,0,0,0,0,0,0,0,0,0,0,0,0,0,0,0,0,31,40,40,71,65476,0,300,0,0,8,21553,0.0,-107605600.0,0.0,0.0,0.0,0.0,0.0,0.0,0.0,0.0,0.0,0.0,0.0,0.0,0.0,0.0,0.0,0.0,0.0,0.0,0.0,0.0,-0.0,2.004,2.004,-0.0,0.0,0.0,0.0,0.0,6325.0,0.0,6916.0,0.0,0.0,0.0,0.0,0.0,0.0,0.0,0.0,69,-0.0,126840963072.0,0.0,0.0,0.0,0.0,0.0,0.0,0.0,0,0,0,0.0,0.0,0.0,0.0,0.0,0.0,0.0,0.0,0.0,0.0,0.0,0.0,0.0,0.0,0.0,0.0,0,-107875648.0,69,0.0,138,0.0,-0.0,0,13107,17040,0,17049,0,17043,0,0,0,70,68,100,2.7302359370752657e+23,71.1,0.0,74.2,2.7302370179391762e+23,74.0,1,49,50,180,0,52429,0,0,0.0,0.0,0.0,0.0,-0.0,67.0,0.0,162057.094,0.0,750,0,739,0,0,0,721,0,765,0,735,0,742,0,741,0,712,0,7520,0.032,78920024064.0,0.0,0.0,784,16797,-0.0,162057.094,-114818.039,-0.0,0.133,6.909358625270745e+28,30.0,65.0,35,0.0,0.0,0.0,0.0,0.0,0.0,0.0,0.0,0.0,0.0,0.0,0.0,0.0,0.0,0.0,0.0,69.6,0,150,71,54,65476,0,300,0,1,8,20529,65476,0,0,40632,65.0,0.0,0.0,0.0,0.0,0.0
2026-09-04T20:56:08,ERR,ERR,ERR,ERR,ERR,ERR,ERR,ERR,ERR,ERR,ERR,ERR,ERR,ERR,ERR,ERR,ERR,ERR,ERR,ERR,ERR,ERR,ERR,ERR,ERR,ERR,ERR,ERR,ERR,ERR,ERR,ERR,ERR,ERR,ERR,ERR,ERR,ERR,ERR,ERR,ERR,ERR,ERR,ERR,ERR,ERR,ERR,ERR,ERR,ERR,ERR,ERR,ERR,ERR,ERR,ERR,ERR,ERR,ERR,ERR,ERR,ERR,ERR,ERR,ERR,ERR,ERR,ERR,ERR,ERR,ERR,ERR,ERR,ERR,ERR,ERR,ERR,ERR,ERR,ERR,ERR,ERR,ERR,ERR,ERR,ERR,ERR,ERR,ERR,ERR,ERR,ERR,ERR,ERR,ERR,ERR,ERR,ERR,ERR,ERR,ERR,ERR,ERR,ERR,ERR,ERR,ERR,ERR,ERR,ERR,ERR,ERR,ERR,ERR,ERR,ERR,ERR,ERR,ERR,ERR,ERR,ERR,ERR,ERR,ERR,0.0,0.0,0.0,0.0,0.0,1.3936040501711995e+18,7.805,0.0,0,0,4,0,7116,0.0,100,0.0,0.0,0.0,0.0,0.0,0,0,0,0,0.0,0,0,0,0,0,0,0,0,0,0,0,0,0,0,0,0,0,0,0,0,0,0,0,0,0,0,0,0,0,0,0,0,0,31,40,40,71,65476,0,300,0,0,8,21553,0.0,-107605600.0,0.0,0.0,0.0,0.0,0.0,0.0,0.0,0.0,0.0,0.0,0.0,0.0,0.0,0.0,0.0,0.0,0.0,0.0,0.0,0.0,-0.0,2.004,2.004,-0.0,0.0,0.0,0.0,0.0,6325.0,0.0,6916.0,0.0,0.0,0.0,0.0,0.0,0.0,0.0,0.0,69,-0.0,126840963072.0,0.0,0.0,0.0,0.0,0.0,0.0,0.0,0,0,0,0.0,0.0,0.0,0.0,0.0,0.0,0.0,0.0,0.0,0.0,0.0,0.0,0.0,0.0,0.0,0.0,0,-107875648.0,69,0.0,138,0.0,-0.0,0,13107,17040,0,17049,0,17043,0,0,0,70,68,100,2.7302359370752657e+23,71.1,0.0,74.2,2.7302370179391762e+23,74.0,1,49,50,180,0,52429,0,0,0.0,0.0,0.0,0.0,-0.0,67.0,0.0,162057.094,0.0,750,0,739,0,0,0,721,0,765,0,735,0,742,0,741,0,712,0,7520,0.032,78920024064.0,0.0,0.0,784,16797,-0.0,162057.094,-114818.039,-0.0,0.133,6.909358625270745e+28,30.0,65.0,35,0.0,0.0,0.0,0.0,0.0,0.0,0.0,0.0,0.0,0.0,0.0,0.0,0.0,0.0,0.0,0.0,69.6,0,150,71,54,65476,0,300,0,1,8,20529,65476,0,0,40632,65.0,0.0,0.0,0.0,0.0,0.0
2026-09-04T20:56:09,ERR,ERR,ERR,ERR,ERR,ERR,ERR,ERR,ERR,ERR,ERR,ERR,ERR,ERR,ERR,ERR,ERR,ERR,ERR,ERR,ERR,ERR,ERR,ERR,ERR,ERR,ERR,ERR,ERR,ERR,ERR,ERR,ERR,ERR,ERR,ERR,ERR,ERR,ERR,ERR,ERR,ERR,ERR,ERR,ERR,ERR,ERR,ERR,ERR,ERR,ERR,ERR,ERR,ERR,ERR,ERR,ERR,ERR,ERR,ERR,ERR,ERR,ERR,ERR,ERR,ERR,ERR,ERR,ERR,ERR,ERR,ERR,ERR,ERR,ERR,ERR,ERR,ERR,ERR,ERR,ERR,ERR,ERR,ERR,ERR,ERR,ERR,ERR,ERR,ERR,ERR,ERR,ERR,ERR,ERR,ERR,ERR,ERR,ERR,ERR,ERR,ERR,ERR,ERR,ERR,ERR,ERR,ERR,ERR,ERR,ERR,ERR,ERR,ERR,ERR,ERR,ERR,ERR,ERR,ERR,ERR,ERR,ERR,ERR,ERR,0.0,0.0,0.0,0.0,0.0,1.3936040501711995e+18,7.805,0.0,0,0,4,0,7116,0.0,100,0.0,0.0,0.0,0.0,0.0,0,0,0,0,0.0,0,0,0,0,0,0,0,0,0,0,0,0,0,0,0,0,0,0,0,0,0,0,0,0,0,0,0,0,0,0,0,0,0,31,40,40,71,65476,0,300,0,0,8,21553,0.0,-107605600.0,0.0,0.0,0.0,0.0,0.0,0.0,0.0,0.0,0.0,0.0,0.0,0.0,0.0,0.0,0.0,0.0,0.0,0.0,0.0,0.0,-0.0,2.004,2.004,-0.0,0.0,0.0,0.0,0.0,6325.0,0.0,6916.0,0.0,0.0,0.0,0.0,0.0,0.0,0.0,0.0,69,-0.0,126840963072.0,0.0,0.0,0.0,0.0,0.0,0.0,0.0,0,0,0,0.0,0.0,0.0,0.0,0.0,0.0,0.0,0.0,0.0,0.0,0.0,0.0,0.0,0.0,0.0,0.0,0,-107875648.0,69,0.0,138,0.0,-0.0,0,13107,17040,0,17049,0,17043,0,0,0,70,68,100,2.7302359370752657e+23,71.1,0.0,74.2,2.7302370179391762e+23,74.0,1,49,50,180,0,52429,0,0,0.0,0.0,0.0,0.0,-0.0,67.0,0.0,162057.094,0.0,750,0,739,0,0,0,721,0,765,0,735,0,742,0,741,0,712,0,7520,0.032,78920024064.0,0.0,0.0,784,16797,-0.0,162057.094,-114818.039,-0.0,0.133,6.909358625270745e+28,30.0,65.0,35,0.0,0.0,0.0,0.0,0.0,0.0,0.0,0.0,0.0,0.0,0.0,0.0,0.0,0.0,0.0,0.0,69.2,0,150,71,54,65476,0,300,0,1,8,20529,65476,0,0,40632,65.0,0.0,0.0,0.0,0.0,0.0
2026-09-04T20:56:10,ERR,ERR,ERR,ERR,ERR,ERR,ERR,ERR,ERR,ERR,ERR,ERR,ERR,ERR,ERR,ERR,ERR,ERR,ERR,ERR,ERR,ERR,ERR,ERR,ERR,ERR,ERR,ERR,ERR,ERR,ERR,ERR,ERR,ERR,ERR,ERR,ERR,ERR,ERR,ERR,ERR,ERR,ERR,ERR,ERR,ERR,ERR,ERR,ERR,ERR,ERR,ERR,ERR,ERR,ERR,ERR,ERR,ERR,ERR,ERR,ERR,ERR,ERR,ERR,ERR,ERR,ERR,ERR,ERR,ERR,ERR,ERR,ERR,ERR,ERR,ERR,ERR,ERR,ERR,ERR,ERR,ERR,ERR,ERR,ERR,ERR,ERR,ERR,ERR,ERR,ERR,ERR,ERR,ERR,ERR,ERR,ERR,ERR,ERR,ERR,ERR,ERR,ERR,ERR,ERR,ERR,ERR,ERR,ERR,ERR,ERR,ERR,ERR,ERR,ERR,ERR,ERR,ERR,ERR,ERR,ERR,ERR,ERR,ERR,ERR,0.0,0.0,0.0,0.0,0.0,1.3936040501711995e+18,7.805,0.0,0,0,4,0,7116,0.0,100,0.0,0.0,0.0,0.0,0.0,0,0,0,0,0.0,0,0,0,0,0,0,0,0,0,0,0,0,0,0,0,0,0,0,0,0,0,0,0,0,0,0,0,0,0,0,0,0,0,31,40,40,71,65476,0,300,0,0,8,21553,0.0,-107605600.0,0.0,0.0,0.0,0.0,0.0,0.0,0.0,0.0,0.0,0.0,0.0,0.0,0.0,0.0,0.0,0.0,0.0,0.0,0.0,0.0,-0.0,2.004,2.004,-0.0,0.0,0.0,0.0,0.0,6325.0,0.0,6916.0,0.0,0.0,0.0,0.0,0.0,0.0,0.0,0.0,69,-0.0,126840963072.0,0.0,0.0,0.0,0.0,0.0,0.0,0.0,0,0,0,0.0,0.0,0.0,0.0,0.0,0.0,0.0,0.0,0.0,0.0,0.0,0.0,0.0,0.0,0.0,0.0,0,-107875648.0,69,0.0,138,0.0,-0.0,0,13107,17040,0,17049,0,17043,0,0,0,70,68,100,2.7302359370752657e+23,71.1,0.0,74.2,2.7302370179391762e+23,74.0,1,49,50,180,0,52429,0,0,0.0,0.0,0.0,0.0,-0.0,67.0,0.0,162057.094,0.0,750,0,739,0,0,0,721,0,765,0,735,0,742,0,741,0,712,0,7520,0.032,79456894976.0,0.0,0.0,784,16797,-0.0,162057.094,-114818.039,-0.0,0.133,6.909358625270745e+28,30.0,65.0,35,0.0,0.0,0.0,0.0,0.0,0.0,0.0,0.0,0.0,0.0,0.0,0.0,0.0,0.0,0.0,0.0,69.2,0,150,71,54,65476,0,300,0,1,8,20529,65476,0,0,40632,65.0,0.0,0.0,0.0,0.0,0.0
2026-09-04T20:56:11,ERR,ERR,ERR,ERR,ERR,ERR,ERR,ERR,ERR,ERR,ERR,ERR,ERR,ERR,ERR,ERR,ERR,ERR,ERR,ERR,ERR,ERR,ERR,ERR,ERR,ERR,ERR,ERR,ERR,ERR,ERR,ERR,ERR,ERR,ERR,ERR,ERR,ERR,ERR,ERR,ERR,ERR,ERR,ERR,ERR,ERR,ERR,ERR,ERR,ERR,ERR,ERR,ERR,ERR,ERR,ERR,ERR,ERR,ERR,ERR,ERR,ERR,ERR,ERR,ERR,ERR,ERR,ERR,ERR,ERR,ERR,ERR,ERR,ERR,ERR,ERR,ERR,ERR,ERR,ERR,ERR,ERR,ERR,ERR,ERR,ERR,ERR,ERR,ERR,ERR,ERR,ERR,ERR,ERR,ERR,ERR,ERR,ERR,ERR,ERR,ERR,ERR,ERR,ERR,ERR,ERR,ERR,ERR,ERR,ERR,ERR,ERR,ERR,ERR,ERR,ERR,ERR,ERR,ERR,ERR,ERR,ERR,ERR,ERR,ERR,0.0,0.0,0.0,0.0,0.0,1.3936040501711995e+18,7.805,0.0,0,0,4,0,7116,0.0,100,0.0,0.0,0.0,0.0,0.0,0,0,0,0,0.0,0,0,0,0,0,0,0,0,0,0,0,0,0,0,0,0,0,0,0,0,0,0,0,0,0,0,0,0,0,0,0,0,0,31,40,40,71,65476,0,300,0,0,8,21553,0.0,-107605600.0,0.0,0.0,0.0,0.0,0.0,0.0,0.0,0.0,0.0,0.0,0.0,0.0,0.0,0.0,0.0,0.0,0.0,0.0,0.0,0.0,-0.0,2.004,2.004,-0.0,0.0,0.0,0.0,0.0,6325.0,0.0,6916.0,0.0,0.0,0.0,0.0,0.0,0.0,0.0,0.0,69,-0.0,126840963072.0,0.0,0.0,0.0,0.0,0.0,0.0,0.0,0,0,0,0.0,0.0,0.0,0.0,0.0,0.0,0.0,0.0,0.0,0.0,0.0,0.0,0.0,0.0,0.0,0.0,0,-107875648.0,69,0.0,138,0.0,-0.0,0,13107,17040,0,17049,0,17043,0,0,0,70,68,100,2.7302359370752657e+23,71.1,0.0,74.2,2.7302370179391762e+23,74.0,1,49,50,180,0,52429,0,0,0.0,0.0,0.0,0.0,-0.0,67.0,0.0,162057.094,0.0,750,0,739,0,0,0,721,0,765,0,735,0,742,0,741,0,712,0,7520,0.032,79456894976.0,0.0,0.0,784,16797,-0.0,162057.094,-114818.039,-0.0,0.133,6.909358625270745e+28,30.0,65.0,35,0.0,0.0,0.0,0.0,0.0,0.0,0.0,0.0,0.0,0.0,0.0,0.0,0.0,0.0,0.0,0.0,69.2,0,150,71,54,65476,0,300,0,1,8,20529,65476,0,0,40632,65.0,0.0,0.0,0.0,0.0,0.0
2026-09-04T20:56:12,ERR,ERR,ERR,ERR,ERR,ERR,ERR,ERR,ERR,ERR,ERR,ERR,ERR,ERR,ERR,ERR,ERR,ERR,ERR,ERR,ERR,ERR,ERR,ERR,ERR,ERR,ERR,ERR,ERR,ERR,ERR,ERR,ERR,ERR,ERR,ERR,ERR,ERR,ERR,ERR,ERR,ERR,ERR,ERR,ERR,ERR,ERR,ERR,ERR,ERR,ERR,ERR,ERR,ERR,ERR,ERR,ERR,ERR,ERR,ERR,ERR,ERR,ERR,ERR,ERR,ERR,ERR,ERR,ERR,ERR,ERR,ERR,ERR,ERR,ERR,ERR,ERR,ERR,ERR,ERR,ERR,ERR,ERR,ERR,ERR,ERR,ERR,ERR,ERR,ERR,ERR,ERR,ERR,ERR,ERR,ERR,ERR,ERR,ERR,ERR,ERR,ERR,ERR,ERR,ERR,ERR,ERR,ERR,ERR,ERR,ERR,ERR,ERR,ERR,ERR,ERR,ERR,ERR,ERR,ERR,ERR,ERR,ERR,ERR,ERR,0.0,0.0,0.0,0.0,0.0,1.3936040501711995e+18,7.805,0.0,0,0,4,0,7116,0.0,100,0.0,0.0,0.0,0.0,0.0,0,0,0,0,0.0,0,0,0,0,0,0,0,0,0,0,0,0,0,0,0,0,0,0,0,0,0,0,0,0,0,0,0,0,0,0,0,0,0,31,40,40,71,65476,0,300,0,0,8,21553,0.0,-107605600.0,0.0,0.0,0.0,0.0,0.0,0.0,0.0,0.0,0.0,0.0,0.0,0.0,0.0,0.0,0.0,0.0,0.0,0.0,0.0,0.0,-0.0,2.004,2.004,-0.0,0.0,0.0,0.0,0.0,6326.0,-131351.078,6939.0,0.0,0.0,0.0,0.0,0.0,0.0,0.0,0.0,69,-0.0,0.059,0.0,0.0,0.0,0.0,0.0,0.0,0.0,0,0,0,0.0,0.0,0.0,0.0,0.0,0.0,0.0,0.0,0.0,0.0,0.0,0.0,0.0,0.0,0.0,0.0,0,-107875648.0,69,0.0,138,0.0,-0.0,0,13107,17040,0,17049,0,17043,0,0,0,70,68,100,2.7302359370752657e+23,71.1,0.0,74.2,2.7302370179391762e+23,74.0,1,49,50,180,0,52429,0,0,0.0,0.0,0.0,0.0,-0.0,67.0,0.0,162057.094,0.0,750,0,739,0,0,0,721,0,765,0,735,0,742,0,741,0,712,0,7520,0.032,79456894976.0,0.0,0.0,784,16797,-0.0,162057.094,-114818.039,-0.0,0.133,6.909358625270745e+28,30.0,65.0,35,0.0,0.0,0.0,0.0,0.0,0.0,0.0,0.0,0.0,0.0,0.0,0.0,0.0,0.0,0.0,0.0,69.6,0,150,71,54,65476,0,300,0,1,8,20529,65476,0,0,40632,65.0,0.0,0.0,0.0,0.0,0.0
2026-09-04T20:56:13,ERR,ERR,ERR,ERR,ERR,ERR,ERR,ERR,ERR,ERR,ERR,ERR,ERR,ERR,ERR,ERR,ERR,ERR,ERR,ERR,ERR,ERR,ERR,ERR,ERR,ERR,ERR,ERR,ERR,ERR,ERR,ERR,ERR,ERR,ERR,ERR,ERR,ERR,ERR,ERR,ERR,ERR,ERR,ERR,ERR,ERR,ERR,ERR,ERR,ERR,ERR,ERR,ERR,ERR,ERR,ERR,ERR,ERR,ERR,ERR,ERR,ERR,ERR,ERR,ERR,ERR,ERR,ERR,ERR,ERR,ERR,ERR,ERR,ERR,ERR,ERR,ERR,ERR,ERR,ERR,ERR,ERR,ERR,ERR,ERR,ERR,ERR,ERR,ERR,ERR,ERR,ERR,ERR,ERR,ERR,ERR,ERR,ERR,ERR,ERR,ERR,ERR,ERR,ERR,ERR,ERR,ERR,ERR,ERR,ERR,ERR,ERR,ERR,ERR,ERR,ERR,ERR,ERR,ERR,ERR,ERR,ERR,ERR,ERR,ERR,0.0,0.0,0.0,0.0,0.0,1.3936040501711995e+18,7.805,0.0,0,0,4,0,7116,0.0,100,0.0,0.0,0.0,0.0,0.0,0,0,0,0,0.0,0,0,0,0,0,0,0,0,0,0,0,0,0,0,0,0,0,0,0,0,0,0,0,0,0,0,0,0,0,0,0,0,0,31,40,40,71,65476,0,300,0,0,8,21553,0.0,-107605600.0,0.0,0.0,0.0,0.0,0.0,0.0,0.0,0.0,0.0,0.0,0.0,0.0,0.0,0.0,0.0,0.0,0.0,0.0,0.0,0.0,-0.0,2.004,2.004,-0.0,0.0,0.0,0.0,0.0,6326.0,-131351.078,6939.0,0.0,0.0,0.0,0.0,0.0,0.0,0.0,0.0,69,-0.0,0.059,0.0,0.0,0.0,0.0,0.0,0.0,0.0,0,0,0,0.0,0.0,0.0,0.0,0.0,0.0,0.0,0.0,0.0,0.0,0.0,0.0,0.0,0.0,0.0,0.0,0,-107875648.0,69,0.0,138,0.0,-0.0,0,13107,17040,0,17049,0,17043,0,0,0,70,68,100,2.7302359370752657e+23,71.1,0.0,74.2,2.7302370179391762e+23,74.0,1,49,50,180,0,52429,0,0,0.0,0.0,0.0,0.0,-0.0,67.0,0.0,162057.094,0.0,750,0,739,0,0,0,721,0,765,0,735,0,742,0,741,0,712,0,7520,0.032,79456894976.0,0.0,0.0,784,16797,-0.0,162057.094,-114818.039,-0.0,0.133,6.909358625270745e+28,30.0,65.0,35,0.0,0.0,0.0,0.0,0.0,0.0,0.0,0.0,0.0,0.0,0.0,0.0,0.0,0.0,0.0,0.0,69.6,0,150,71,54,65476,0,300,0,1,8,20529,65476,0,0,40632,65.0,0.0,0.0,0.0,0.0,0.0
2026-09-04T20:56:14,ERR,ERR,ERR,ERR,ERR,ERR,ERR,ERR,ERR,ERR,ERR,ERR,ERR,ERR,ERR,ERR,ERR,ERR,ERR,ERR,ERR,ERR,ERR,ERR,ERR,ERR,ERR,ERR,ERR,ERR,ERR,ERR,ERR,ERR,ERR,ERR,ERR,ERR,ERR,ERR,ERR,ERR,ERR,ERR,ERR,ERR,ERR,ERR,ERR,ERR,ERR,ERR,ERR,ERR,ERR,ERR,ERR,ERR,ERR,ERR,ERR,ERR,ERR,ERR,ERR,ERR,ERR,ERR,ERR,ERR,ERR,ERR,ERR,ERR,ERR,ERR,ERR,ERR,ERR,ERR,ERR,ERR,ERR,ERR,ERR,ERR,ERR,ERR,ERR,ERR,ERR,ERR,ERR,ERR,ERR,ERR,ERR,ERR,ERR,ERR,ERR,ERR,ERR,ERR,ERR,ERR,ERR,ERR,ERR,ERR,ERR,ERR,ERR,ERR,ERR,ERR,ERR,ERR,ERR,ERR,ERR,ERR,ERR,ERR,ERR,0.0,0.0,0.0,0.0,0.0,1.3936040501711995e+18,7.805,0.0,0,0,4,0,7116,0.0,100,0.0,0.0,0.0,0.0,0.0,0,0,0,0,0.0,0,0,0,0,0,0,0,0,0,0,0,0,0,0,0,0,0,0,0,0,0,0,0,0,0,0,0,0,0,0,0,0,0,31,40,40,71,65476,0,300,0,0,8,21553,0.0,-107605600.0,0.0,0.0,0.0,0.0,0.0,0.0,0.0,0.0,0.0,0.0,0.0,0.0,0.0,0.0,0.0,0.0,0.0,0.0,0.0,0.0,-0.0,2.004,2.004,-0.0,0.0,0.0,0.0,0.0,6326.0,-131351.078,6939.0,0.0,0.0,0.0,0.0,0.0,0.0,0.0,0.0,69,-0.0,0.059,0.0,0.0,0.0,0.0,0.0,0.0,0.0,0,0,0,0.0,0.0,0.0,0.0,0.0,0.0,0.0,0.0,0.0,0.0,0.0,0.0,0.0,0.0,0.0,0.0,0,-107875648.0,69,0.0,138,0.0,-0.0,0,13107,17040,0,17049,0,17043,0,0,0,70,68,100,2.7302359370752657e+23,71.1,0.0,74.2,2.7302370179391762e+23,74.0,1,49,50,180,0,52429,0,0,0.0,0.0,0.0,0.0,-0.0,67.0,0.0,162057.094,0.0,750,0,739,0,0,0,721,0,765,0,735,0,742,0,741,0,712,0,7520,0.032,79456894976.0,0.0,0.0,784,16797,-0.0,162057.094,-114818.039,-0.0,0.133,6.909358625270745e+28,30.0,65.0,35,0.0,0.0,0.0,0.0,0.0,0.0,0.0,0.0,0.0,0.0,0.0,0.0,0.0,0.0,0.0,0.0,69.2,0,150,71,54,65476,0,300,0,1,8,20529,65476,0,0,40632,65.0,0.0,0.0,0.0,0.0,0.0
2026-09-04T20:56:15,ERR,ERR,ERR,ERR,ERR,ERR,ERR,ERR,ERR,ERR,ERR,ERR,ERR,ERR,ERR,ERR,ERR,ERR,ERR,ERR,ERR,ERR,ERR,ERR,ERR,ERR,ERR,ERR,ERR,ERR,ERR,ERR,ERR,ERR,ERR,ERR,ERR,ERR,ERR,ERR,ERR,ERR,ERR,ERR,ERR,ERR,ERR,ERR,ERR,ERR,ERR,ERR,ERR,ERR,ERR,ERR,ERR,ERR,ERR,ERR,ERR,ERR,ERR,ERR,ERR,ERR,ERR,ERR,ERR,ERR,ERR,ERR,ERR,ERR,ERR,ERR,ERR,ERR,ERR,ERR,ERR,ERR,ERR,ERR,ERR,ERR,ERR,ERR,ERR,ERR,ERR,ERR,ERR,ERR,ERR,ERR,ERR,ERR,ERR,ERR,ERR,ERR,ERR,ERR,ERR,ERR,ERR,ERR,ERR,ERR,ERR,ERR,ERR,ERR,ERR,ERR,ERR,ERR,ERR,ERR,ERR,ERR,ERR,ERR,ERR,0.0,0.0,0.0,0.0,0.0,1.3936040501711995e+18,7.805,0.0,0,0,4,0,7116,0.0,100,0.0,0.0,0.0,0.0,0.0,0,0,0,0,0.0,0,0,0,0,0,0,0,0,0,0,0,0,0,0,0,0,0,0,0,0,0,0,0,0,0,0,0,0,0,0,0,0,0,31,40,40,71,65476,0,300,0,0,8,21553,0.0,-107605600.0,0.0,0.0,0.0,0.0,0.0,0.0,0.0,0.0,0.0,0.0,0.0,0.0,0.0,0.0,0.0,0.0,0.0,0.0,0.0,0.0,-0.0,2.004,2.004,-0.0,0.0,0.0,0.0,0.0,6326.0,-131351.078,6939.0,0.0,0.0,0.0,0.0,0.0,0.0,0.0,0.0,69,-0.0,0.059,0.0,0.0,0.0,0.0,0.0,0.0,0.0,0,0,0,0.0,0.0,0.0,0.0,0.0,0.0,0.0,0.0,0.0,0.0,0.0,0.0,0.0,0.0,0.0,0.0,0,-107875648.0,69,0.0,138,0.0,-0.0,0,13107,17040,0,17049,0,17043,0,0,0,70,68,100,2.7302359370752657e+23,71.1,0.0,74.2,2.7302370179391762e+23,74.0,1,49,50,180,0,52429,0,0,0.0,0.0,0.0,0.0,-0.0,67.0,0.0,162057.094,0.0,750,0,739,0,0,0,721,0,765,0,735,0,742,0,741,0,712,0,7520,0.032,78920024064.0,0.0,0.0,784,16797,-0.0,162057.094,-114818.039,-0.0,0.133,6.909358625270745e+28,30.0,65.0,35,0.0,0.0,0.0,0.0,0.0,0.0,0.0,0.0,0.0,0.0,0.0,0.0,0.0,0.0,0.0,0.0,69.2,0,150,71,54,65476,0,300,0,1,8,20529,65476,0,0,40632,65.0,0.0,0.0,0.0,0.0,0.0
2026-09-04T20:56:16,ERR,ERR,ERR,ERR,ERR,ERR,ERR,ERR,ERR,ERR,ERR,ERR,ERR,ERR,ERR,ERR,ERR,ERR,ERR,ERR,ERR,ERR,ERR,ERR,ERR,ERR,ERR,ERR,ERR,ERR,ERR,ERR,ERR,ERR,ERR,ERR,ERR,ERR,ERR,ERR,ERR,ERR,ERR,ERR,ERR,ERR,ERR,ERR,ERR,ERR,ERR,ERR,ERR,ERR,ERR,ERR,ERR,ERR,ERR,ERR,ERR,ERR,ERR,ERR,ERR,ERR,ERR,ERR,ERR,ERR,ERR,ERR,ERR,ERR,ERR,ERR,ERR,ERR,ERR,ERR,ERR,ERR,ERR,ERR,ERR,ERR,ERR,ERR,ERR,ERR,ERR,ERR,ERR,ERR,ERR,ERR,ERR,ERR,ERR,ERR,ERR,ERR,ERR,ERR,ERR,ERR,ERR,ERR,ERR,ERR,ERR,ERR,ERR,ERR,ERR,ERR,ERR,ERR,ERR,ERR,ERR,ERR,ERR,ERR,ERR,0.0,0.0,0.0,0.0,0.0,1.3936040501711995e+18,7.805,0.0,0,0,4,0,7116,0.0,100,0.0,0.0,0.0,0.0,0.0,0,0,0,0,0.0,0,0,0,0,0,0,0,0,0,0,0,0,0,0,0,0,0,0,0,0,0,0,0,0,0,0,0,0,0,0,0,0,0,31,40,40,71,65476,0,300,0,0,8,21553,0.0,-107605600.0,0.0,0.0,0.0,0.0,0.0,0.0,0.0,0.0,0.0,0.0,0.0,0.0,0.0,0.0,0.0,0.0,0.0,0.0,0.0,0.0,-0.0,2.004,2.004,-0.0,0.0,0.0,0.0,0.0,6326.0,-131351.078,6939.0,0.0,0.0,0.0,0.0,0.0,0.0,0.0,0.0,69,-0.0,0.059,0.0,0.0,0.0,0.0,0.0,0.0,0.0,0,0,0,0.0,0.0,0.0,0.0,0.0,0.0,0.0,0.0,0.0,0.0,0.0,0.0,0.0,0.0,0.0,0.0,0,-107875648.0,69,0.0,138,0.0,-0.0,0,13107,17040,0,17049,0,17043,0,0,0,70,68,100,2.7302359370752657e+23,71.1,0.0,74.2,2.7302370179391762e+23,74.0,1,49,50,180,0,52429,0,0,0.0,0.0,0.0,0.0,-0.0,67.0,0.0,162057.094,0.0,750,0,739,0,0,0,721,0,765,0,735,0,742,0,741,0,712,0,7520,0.032,78920024064.0,0.0,0.0,784,16797,-0.0,162057.094,-114818.039,-0.0,0.133,6.909358625270745e+28,30.0,65.0,35,0.0,0.0,0.0,0.0,0.0,0.0,0.0,0.0,0.0,0.0,0.0,0.0,0.0,0.0,0.0,0.0,69.2,0,150,71,54,65476,0,300,0,1,8,20529,65476,0,0,40632,65.0,0.0,0.0,0.0,0.0,0.0
2026-09-04T20:56:17,ERR,ERR,ERR,ERR,ERR,ERR,ERR,ERR,ERR,ERR,ERR,ERR,ERR,ERR,ERR,ERR,ERR,ERR,ERR,ERR,ERR,ERR,ERR,ERR,ERR,ERR,ERR,ERR,ERR,ERR,ERR,ERR,ERR,ERR,ERR,ERR,ERR,ERR,ERR,ERR,ERR,ERR,ERR,ERR,ERR,ERR,ERR,ERR,ERR,ERR,ERR,ERR,ERR,ERR,ERR,ERR,ERR,ERR,ERR,ERR,ERR,ERR,ERR,ERR,ERR,ERR,ERR,ERR,ERR,ERR,ERR,ERR,ERR,ERR,ERR,ERR,ERR,ERR,ERR,ERR,ERR,ERR,ERR,ERR,ERR,ERR,ERR,ERR,ERR,ERR,ERR,ERR,ERR,ERR,ERR,ERR,ERR,ERR,ERR,ERR,ERR,ERR,ERR,ERR,ERR,ERR,ERR,ERR,ERR,ERR,ERR,ERR,ERR,ERR,ERR,ERR,ERR,ERR,ERR,ERR,ERR,ERR,ERR,ERR,ERR,0.0,0.0,0.0,0.0,0.0,1.3936040501711995e+18,7.805,0.0,0,0,4,0,7116,0.0,100,0.0,0.0,0.0,0.0,0.0,0,0,0,0,0.0,0,0,0,0,0,0,0,0,0,0,0,0,0,0,0,0,0,0,0,0,0,0,0,0,0,0,0,0,0,0,0,0,0,31,40,40,71,65476,0,300,0,0,8,21553,0.0,-107605600.0,0.0,0.0,0.0,0.0,0.0,0.0,0.0,0.0,0.0,0.0,0.0,0.0,0.0,0.0,0.0,0.0,0.0,0.0,0.0,0.0,-0.0,2.004,2.004,-0.0,0.0,0.0,0.0,0.0,6326.0,-131351.078,6939.0,0.0,0.0,0.0,0.0,0.0,0.0,0.0,0.0,69,-0.0,0.059,0.0,0.0,0.0,0.0,0.0,0.0,0.0,0,0,0,0.0,0.0,0.0,0.0,0.0,0.0,0.0,0.0,0.0,0.0,0.0,0.0,0.0,0.0,0.0,0.0,0,-107875648.0,69,0.0,138,0.0,-0.0,0,13107,17040,0,17049,0,17043,0,0,0,70,68,100,2.7302359370752657e+23,71.1,0.0,74.2,2.7302370179391762e+23,74.0,1,49,50,180,0,52429,0,0,0.0,0.0,0.0,0.0,-0.0,67.0,0.0,162057.094,0.0,750,0,739,0,0,0,721,0,765,0,735,0,742,0,741,0,712,0,7520,0.032,78920024064.0,0.0,0.0,784,16797,-0.0,162057.094,-114818.039,-0.0,0.133,6.909358625270745e+28,30.0,65.0,35,0.0,0.0,0.0,0.0,0.0,0.0,0.0,0.0,0.0,0.0,0.0,0.0,0.0,0.0,0.0,0.0,69.2,0,150,71,54,65476,0,300,0,1,8,20529,65476,0,0,40632,65.0,0.0,0.0,0.0,0.0,0.0
2026-09-04T20:56:18,ERR,ERR,ERR,ERR,ERR,ERR,ERR,ERR,ERR,ERR,ERR,ERR,ERR,ERR,ERR,ERR,ERR,ERR,ERR,ERR,ERR,ERR,ERR,ERR,ERR,ERR,ERR,ERR,ERR,ERR,ERR,ERR,ERR,ERR,ERR,ERR,ERR,ERR,ERR,ERR,ERR,ERR,ERR,ERR,ERR,ERR,ERR,ERR,ERR,ERR,ERR,ERR,ERR,ERR,ERR,ERR,ERR,ERR,ERR,ERR,ERR,ERR,ERR,ERR,ERR,ERR,ERR,ERR,ERR,ERR,ERR,ERR,ERR,ERR,ERR,ERR,ERR,ERR,ERR,ERR,ERR,ERR,ERR,ERR,ERR,ERR,ERR,ERR,ERR,ERR,ERR,ERR,ERR,ERR,ERR,ERR,ERR,ERR,ERR,ERR,ERR,ERR,ERR,ERR,ERR,ERR,ERR,ERR,ERR,ERR,ERR,ERR,ERR,ERR,ERR,ERR,ERR,ERR,ERR,ERR,ERR,ERR,ERR,ERR,ERR,0.0,0.0,0.0,0.0,0.0,1.3936040501711995e+18,7.805,0.0,0,0,4,0,7116,0.0,100,0.0,0.0,0.0,0.0,0.0,0,0,0,0,0.0,0,0,0,0,0,0,0,0,0,0,0,0,0,0,0,0,0,0,0,0,0,0,0,0,0,0,0,0,0,0,0,0,0,31,40,40,71,65476,0,300,0,0,8,21553,0.0,-107605600.0,0.0,0.0,0.0,0.0,0.0,0.0,0.0,0.0,0.0,0.0,0.0,0.0,0.0,0.0,0.0,0.0,0.0,0.0,0.0,0.0,-0.0,2.004,2.004,-0.0,0.0,0.0,0.0,0.0,6326.0,-131351.078,6939.0,0.0,0.0,0.0,0.0,0.0,0.0,0.0,0.0,69,-0.0,0.059,0.0,0.0,0.0,0.0,0.0,0.0,0.0,0,0,0,0.0,0.0,0.0,0.0,0.0,0.0,0.0,0.0,0.0,0.0,0.0,0.0,0.0,0.0,0.0,0.0,0,-107875648.0,69,0.0,138,0.0,-0.0,0,13107,17040,0,17049,0,17043,0,0,0,70,68,100,2.7302359370752657e+23,71.1,0.0,74.2,2.7302370179391762e+23,74.0,1,49,50,180,0,52429,0,0,0.0,0.0,0.0,0.0,-0.0,67.0,0.0,162057.094,0.0,750,0,739,0,0,0,721,0,765,0,735,0,742,0,741,0,712,0,7520,0.032,78920024064.0,0.0,0.0,784,16797,-0.0,162057.094,-114818.039,-0.0,0.133,6.909358625270745e+28,30.0,65.0,35,0.0,0.0,0.0,0.0,0.0,0.0,0.0,0.0,0.0,0.0,0.0,0.0,0.0,0.0,0.0,0.0,69.2,0,150,71,54,65476,0,300,0,1,8,20529,65476,0,0,40632,65.0,0.0,0.0,0.0,0.0,0.0
2026-09-04T20:56:19,ERR,ERR,ERR,ERR,ERR,ERR,ERR,ERR,ERR,ERR,ERR,ERR,ERR,ERR,ERR,ERR,ERR,ERR,ERR,ERR,ERR,ERR,ERR,ERR,ERR,ERR,ERR,ERR,ERR,ERR,ERR,ERR,ERR,ERR,ERR,ERR,ERR,ERR,ERR,ERR,ERR,ERR,ERR,ERR,ERR,ERR,ERR,ERR,ERR,ERR,ERR,ERR,ERR,ERR,ERR,ERR,ERR,ERR,ERR,ERR,ERR,ERR,ERR,ERR,ERR,ERR,ERR,ERR,ERR,ERR,ERR,ERR,ERR,ERR,ERR,ERR,ERR,ERR,ERR,ERR,ERR,ERR,ERR,ERR,ERR,ERR,ERR,ERR,ERR,ERR,ERR,ERR,ERR,ERR,ERR,ERR,ERR,ERR,ERR,ERR,ERR,ERR,ERR,ERR,ERR,ERR,ERR,ERR,ERR,ERR,ERR,ERR,ERR,ERR,ERR,ERR,ERR,ERR,ERR,ERR,ERR,ERR,ERR,ERR,ERR,0.0,0.0,0.0,0.0,0.0,1.3936040501711995e+18,7.805,0.0,0,0,4,0,7116,0.0,100,0.0,0.0,0.0,0.0,0.0,0,0,0,0,0.0,0,0,0,0,0,0,0,0,0,0,0,0,0,0,0,0,0,0,0,0,0,0,0,0,0,0,0,0,0,0,0,0,0,31,40,40,71,65476,0,300,0,0,8,21553,0.0,-107605600.0,0.0,0.0,0.0,0.0,0.0,0.0,0.0,0.0,0.0,0.0,0.0,0.0,0.0,0.0,0.0,0.0,0.0,0.0,0.0,0.0,-0.0,2.004,2.004,-0.0,0.0,0.0,0.0,0.0,6355.0,0.0,6916.0,0.0,0.0,0.0,0.0,0.0,0.0,0.0,0.0,69,-0.0,-0.0,0.0,0.0,0.0,0.0,0.0,0.0,0.0,0,0,0,0.0,0.0,0.0,0.0,0.0,0.0,0.0,0.0,0.0,0.0,0.0,0.0,0.0,0.0,0.0,0.0,0,-107875648.0,69,0.0,138,0.0,-0.0,0,13107,17040,0,17049,0,17043,0,0,0,70,68,100,2.7302359370752657e+23,71.1,0.0,74.2,2.7302370179391762e+23,74.0,1,49,50,180,0,52429,0,0,0.0,0.0,0.0,0.0,-0.0,67.0,0.0,162057.094,0.0,750,0,739,0,0,0,721,0,765,0,735,0,742,0,741,0,712,0,7520,0.032,78920024064.0,0.0,0.0,784,16797,-0.0,162057.094,-114818.039,-0.0,0.133,6.909358625270745e+28,30.0,65.0,35,0.0,0.0,0.0,0.0,0.0,0.0,0.0,0.0,0.0,0.0,0.0,0.0,0.0,0.0,0.0,0.0,69.2,0,150,71,54,65476,0,300,0,1,8,20529,65476,0,0,40632,65.0,0.0,0.0,0.0,0.0,0.0
2026-09-04T20:56:20,ERR,ERR,ERR,ERR,ERR,ERR,ERR,ERR,ERR,ERR,ERR,ERR,ERR,ERR,ERR,ERR,ERR,ERR,ERR,ERR,ERR,ERR,ERR,ERR,ERR,ERR,ERR,ERR,ERR,ERR,ERR,ERR,ERR,ERR,ERR,ERR,ERR,ERR,ERR,ERR,ERR,ERR,ERR,ERR,ERR,ERR,ERR,ERR,ERR,ERR,ERR,ERR,ERR,ERR,ERR,ERR,ERR,ERR,ERR,ERR,ERR,ERR,ERR,ERR,ERR,ERR,ERR,ERR,ERR,ERR,ERR,ERR,ERR,ERR,ERR,ERR,ERR,ERR,ERR,ERR,ERR,ERR,ERR,ERR,ERR,ERR,ERR,ERR,ERR,ERR,ERR,ERR,ERR,ERR,ERR,ERR,ERR,ERR,ERR,ERR,ERR,ERR,ERR,ERR,ERR,ERR,ERR,ERR,ERR,ERR,ERR,ERR,ERR,ERR,ERR,ERR,ERR,ERR,ERR,ERR,ERR,ERR,ERR,ERR,ERR,0.0,0.0,0.0,0.0,0.0,1.3936040501711995e+18,7.805,0.0,0,0,4,0,7116,0.0,100,0.0,0.0,0.0,0.0,0.0,0,0,0,0,0.0,0,0,0,0,0,0,0,0,0,0,0,0,0,0,0,0,0,0,0,0,0,0,0,0,0,0,0,0,0,0,0,0,0,31,40,40,71,65476,0,300,0,0,8,21553,0.0,-107605600.0,0.0,0.0,0.0,0.0,0.0,0.0,0.0,0.0,0.0,0.0,0.0,0.0,0.0,0.0,0.0,0.0,0.0,0.0,0.0,0.0,-0.0,2.004,2.004,-0.0,0.0,0.0,0.0,0.0,6355.0,0.0,6916.0,0.0,0.0,0.0,0.0,0.0,0.0,0.0,0.0,69,-0.0,-0.0,0.0,0.0,0.0,0.0,0.0,0.0,0.0,0,0,0,0.0,0.0,0.0,0.0,0.0,0.0,0.0,0.0,0.0,0.0,0.0,0.0,0.0,0.0,0.0,0.0,0,-107875648.0,69,0.0,138,0.0,-0.0,0,13107,17040,0,17049,0,17043,0,0,0,70,68,100,2.7302359370752657e+23,71.1,0.0,74.2,2.7302370179391762e+23,74.0,1,49,50,180,0,52429,0,0,0.0,0.0,0.0,0.0,-0.0,67.0,0.0,162057.094,0.0,750,0,739,0,0,0,721,0,765,0,735,0,742,0,741,0,712,0,7520,0.032,78920024064.0,0.0,0.0,784,16797,-0.0,162057.094,-114818.039,-0.0,0.133,6.909358625270745e+28,30.0,65.0,35,0.0,0.0,0.0,0.0,0.0,0.0,0.0,0.0,0.0,0.0,0.0,0.0,0.0,0.0,0.0,0.0,69.2,0,150,71,54,65476,0,300,0,1,8,20529,65476,0,0,40632,65.0,0.0,0.0,0.0,0.0,0.0
2026-09-04T20:56:21,ERR,ERR,ERR,ERR,ERR,ERR,ERR,ERR,ERR,ERR,ERR,ERR,ERR,ERR,ERR,ERR,ERR,ERR,ERR,ERR,ERR,ERR,ERR,ERR,ERR,ERR,ERR,ERR,ERR,ERR,ERR,ERR,ERR,ERR,ERR,ERR,ERR,ERR,ERR,ERR,ERR,ERR,ERR,ERR,ERR,ERR,ERR,ERR,ERR,ERR,ERR,ERR,ERR,ERR,ERR,ERR,ERR,ERR,ERR,ERR,ERR,ERR,ERR,ERR,ERR,ERR,ERR,ERR,ERR,ERR,ERR,ERR,ERR,ERR,ERR,ERR,ERR,ERR,ERR,ERR,ERR,ERR,ERR,ERR,ERR,ERR,ERR,ERR,ERR,ERR,ERR,ERR,ERR,ERR,ERR,ERR,ERR,ERR,ERR,ERR,ERR,ERR,ERR,ERR,ERR,ERR,ERR,ERR,ERR,ERR,ERR,ERR,ERR,ERR,ERR,ERR,ERR,ERR,ERR,ERR,ERR,ERR,ERR,ERR,ERR,0.0,0.0,0.0,0.0,0.0,1.3936040501711995e+18,7.805,0.0,0,0,4,0,7116,0.0,100,0.0,0.0,0.0,0.0,0.0,0,0,0,0,0.0,0,0,0,0,0,0,0,0,0,0,0,0,0,0,0,0,0,0,0,0,0,0,0,0,0,0,0,0,0,0,0,0,0,31,40,40,71,65476,0,300,0,0,8,21553,0.0,-107605600.0,0.0,0.0,0.0,0.0,0.0,0.0,0.0,0.0,0.0,0.0,0.0,0.0,0.0,0.0,0.0,0.0,0.0,0.0,0.0,0.0,-0.0,2.004,2.004,-0.0,0.0,0.0,0.0,0.0,6355.0,0.0,6916.0,0.0,0.0,0.0,0.0,0.0,0.0,0.0,0.0,69,-0.0,-0.0,0.0,0.0,0.0,0.0,0.0,0.0,0.0,0,0,0,0.0,0.0,0.0,0.0,0.0,0.0,0.0,0.0,0.0,0.0,0.0,0.0,0.0,0.0,0.0,0.0,0,-107875648.0,69,0.0,138,0.0,-0.0,0,13107,17040,0,17049,0,17043,0,0,0,70,68,100,2.7302359370752657e+23,71.1,0.0,74.2,2.7302370179391762e+23,74.0,1,49,50,180,0,52429,0,0,0.0,0.0,0.0,0.0,-0.0,67.0,0.0,162057.094,0.0,750,0,739,0,0,0,721,0,765,0,735,0,742,0,741,0,712,0,7520,0.032,78920024064.0,0.0,0.0,784,16797,-0.0,162057.094,-114818.039,-0.0,0.133,6.909358625270745e+28,30.0,65.0,35,0.0,0.0,0.0,0.0,0.0,0.0,0.0,0.0,0.0,0.0,0.0,0.0,0.0,0.0,0.0,0.0,69.2,0,150,71,54,65476,0,300,0,1,8,20529,65476,0,0,40632,65.0,0.0,0.0,0.0,0.0,0.0
2026-09-04T20:56:22,ERR,ERR,ERR,ERR,ERR,ERR,ERR,ERR,ERR,ERR,ERR,ERR,ERR,ERR,ERR,ERR,ERR,ERR,ERR,ERR,ERR,ERR,ERR,ERR,ERR,ERR,ERR,ERR,ERR,ERR,ERR,ERR,ERR,ERR,ERR,ERR,ERR,ERR,ERR,ERR,ERR,ERR,ERR,ERR,ERR,ERR,ERR,ERR,ERR,ERR,ERR,ERR,ERR,ERR,ERR,ERR,ERR,ERR,ERR,ERR,ERR,ERR,ERR,ERR,ERR,ERR,ERR,ERR,ERR,ERR,ERR,ERR,ERR,ERR,ERR,ERR,ERR,ERR,ERR,ERR,ERR,ERR,ERR,ERR,ERR,ERR,ERR,ERR,ERR,ERR,ERR,ERR,ERR,ERR,ERR,ERR,ERR,ERR,ERR,ERR,ERR,ERR,ERR,ERR,ERR,ERR,ERR,ERR,ERR,ERR,ERR,ERR,ERR,ERR,ERR,ERR,ERR,ERR,ERR,ERR,ERR,ERR,ERR,ERR,ERR,0.0,0.0,0.0,0.0,0.0,1.3936040501711995e+18,7.805,0.0,0,0,4,0,7116,0.0,100,0.0,0.0,0.0,0.0,0.0,0,0,0,0,0.0,0,0,0,0,0,0,0,0,0,0,0,0,0,0,0,0,0,0,0,0,0,0,0,0,0,0,0,0,0,0,0,0,0,31,40,40,71,65476,0,300,0,0,8,21553,0.0,-107605600.0,0.0,0.0,0.0,0.0,0.0,0.0,0.0,0.0,0.0,0.0,0.0,0.0,0.0,0.0,0.0,0.0,0.0,0.0,0.0,0.0,-0.0,2.004,2.004,-0.0,0.0,0.0,0.0,0.0,6355.0,0.0,6916.0,0.0,0.0,0.0,0.0,0.0,0.0,0.0,0.0,69,-0.0,-0.0,0.0,0.0,0.0,0.0,0.0,0.0,0.0,0,0,0,0.0,0.0,0.0,0.0,0.0,0.0,0.0,0.0,0.0,0.0,0.0,0.0,0.0,0.0,0.0,0.0,0,-107875648.0,69,0.0,138,0.0,-0.0,0,13107,17040,0,17049,0,17043,0,0,0,70,68,100,2.7302359370752657e+23,71.1,0.0,74.2,2.7302370179391762e+23,74.0,1,49,50,180,0,52429,0,0,0.0,0.0,0.0,0.0,-0.0,67.0,0.0,162057.094,0.0,750,0,739,0,0,0,721,0,765,0,735,0,742,0,741,0,712,0,7520,0.032,78920024064.0,0.0,0.0,784,16797,-0.0,162057.094,-114818.039,-0.0,0.133,6.909358625270745e+28,30.0,65.0,35,0.0,0.0,0.0,0.0,0.0,0.0,0.0,0.0,0.0,0.0,0.0,0.0,0.0,0.0,0.0,0.0,69.2,0,150,71,54,65476,0,300,0,1,8,20529,65476,0,0,40632,65.0,0.0,0.0,0.0,0.0,0.0
2026-09-04T20:56:23,ERR,ERR,ERR,ERR,ERR,ERR,ERR,ERR,ERR,ERR,ERR,ERR,ERR,ERR,ERR,ERR,ERR,ERR,ERR,ERR,ERR,ERR,ERR,ERR,ERR,ERR,ERR,ERR,ERR,ERR,ERR,ERR,ERR,ERR,ERR,ERR,ERR,ERR,ERR,ERR,ERR,ERR,ERR,ERR,ERR,ERR,ERR,ERR,ERR,ERR,ERR,ERR,ERR,ERR,ERR,ERR,ERR,ERR,ERR,ERR,ERR,ERR,ERR,ERR,ERR,ERR,ERR,ERR,ERR,ERR,ERR,ERR,ERR,ERR,ERR,ERR,ERR,ERR,ERR,ERR,ERR,ERR,ERR,ERR,ERR,ERR,ERR,ERR,ERR,ERR,ERR,ERR,ERR,ERR,ERR,ERR,ERR,ERR,ERR,ERR,ERR,ERR,ERR,ERR,ERR,ERR,ERR,ERR,ERR,ERR,ERR,ERR,ERR,ERR,ERR,ERR,ERR,ERR,ERR,ERR,ERR,ERR,ERR,ERR,ERR,0.0,0.0,0.0,0.0,0.0,1.3936040501711995e+18,7.805,0.0,0,0,4,0,7116,0.0,100,0.0,0.0,0.0,0.0,0.0,0,0,0,0,0.0,0,0,0,0,0,0,0,0,0,0,0,0,0,0,0,0,0,0,0,0,0,0,0,0,0,0,0,0,0,0,0,0,0,31,40,40,71,65476,0,300,0,0,8,21553,0.0,-107605600.0,0.0,0.0,0.0,0.0,0.0,0.0,0.0,0.0,0.0,0.0,0.0,0.0,0.0,0.0,0.0,0.0,0.0,0.0,0.0,0.0,-0.0,2.004,2.004,-0.0,0.0,0.0,0.0,0.0,6355.0,0.0,6916.0,0.0,0.0,0.0,0.0,0.0,0.0,0.0,0.0,69,-0.0,-0.0,0.0,0.0,0.0,0.0,0.0,0.0,0.0,0,0,0,0.0,0.0,0.0,0.0,0.0,0.0,0.0,0.0,0.0,0.0,0.0,0.0,0.0,0.0,0.0,0.0,0,-107875648.0,69,0.0,138,0.0,-0.0,0,13107,17040,0,17049,0,17043,0,0,0,70,68,100,2.7302359370752657e+23,71.1,0.0,74.2,2.7302370179391762e+23,74.0,1,49,50,180,0,52429,0,0,0.0,0.0,0.0,0.0,-0.0,67.0,0.0,162057.094,0.0,750,0,739,0,0,0,721,0,765,0,735,0,742,0,741,0,712,0,7520,0.032,78920024064.0,0.0,0.0,784,16797,-0.0,162057.094,-114818.039,-0.0,0.133,6.909358625270745e+28,30.0,65.0,35,0.0,0.0,0.0,0.0,0.0,0.0,0.0,0.0,0.0,0.0,0.0,0.0,0.0,0.0,0.0,0.0,69.2,0,150,71,54,65476,0,300,0,1,8,20529,65476,0,0,40632,65.0,0.0,0.0,0.0,0.0,0.0
2026-09-04T20:56:24,ERR,ERR,ERR,ERR,ERR,ERR,ERR,ERR,ERR,ERR,ERR,ERR,ERR,ERR,ERR,ERR,ERR,ERR,ERR,ERR,ERR,ERR,ERR,ERR,ERR,ERR,ERR,ERR,ERR,ERR,ERR,ERR,ERR,ERR,ERR,ERR,ERR,ERR,ERR,ERR,ERR,ERR,ERR,ERR,ERR,ERR,ERR,ERR,ERR,ERR,ERR,ERR,ERR,ERR,ERR,ERR,ERR,ERR,ERR,ERR,ERR,ERR,ERR,ERR,ERR,ERR,ERR,ERR,ERR,ERR,ERR,ERR,ERR,ERR,ERR,ERR,ERR,ERR,ERR,ERR,ERR,ERR,ERR,ERR,ERR,ERR,ERR,ERR,ERR,ERR,ERR,ERR,ERR,ERR,ERR,ERR,ERR,ERR,ERR,ERR,ERR,ERR,ERR,ERR,ERR,ERR,ERR,ERR,ERR,ERR,ERR,ERR,ERR,ERR,ERR,ERR,ERR,ERR,ERR,ERR,ERR,ERR,ERR,ERR,ERR,0.0,0.0,0.0,0.0,0.0,1.3936040501711995e+18,7.805,0.0,0,0,4,0,7116,0.0,100,0.0,0.0,0.0,0.0,0.0,0,0,0,0,0.0,0,0,0,0,0,0,0,0,0,0,0,0,0,0,0,0,0,0,0,0,0,0,0,0,0,0,0,0,0,0,0,0,0,31,40,40,71,65476,0,300,0,0,8,21553,0.0,-107605600.0,0.0,0.0,0.0,0.0,0.0,0.0,0.0,0.0,0.0,0.0,0.0,0.0,0.0,0.0,0.0,0.0,0.0,0.0,0.0,0.0,-0.0,2.004,2.004,-0.0,0.0,0.0,0.0,0.0,6355.0,0.0,6916.0,0.0,0.0,0.0,0.0,0.0,0.0,0.0,0.0,69,-0.0,-0.0,0.0,0.0,0.0,0.0,0.0,0.0,0.0,0,0,0,0.0,0.0,0.0,0.0,0.0,0.0,0.0,0.0,0.0,0.0,0.0,0.0,0.0,0.0,0.0,0.0,0,-107875648.0,69,0.0,138,0.0,-0.0,0,13107,17040,0,17049,0,17043,0,0,0,70,68,100,2.7302359370752657e+23,71.1,0.0,74.2,2.7302370179391762e+23,74.0,1,49,50,180,0,52429,0,0,0.0,0.0,0.0,0.0,-0.0,67.0,0.0,162057.094,0.0,750,0,739,0,0,0,721,0,765,0,735,0,742,0,741,0,712,0,7520,0.032,79456894976.0,0.0,0.0,784,16797,-0.0,162057.094,-114818.039,-0.0,0.133,6.909358625270745e+28,30.0,65.0,35,0.0,0.0,0.0,0.0,0.0,0.0,0.0,0.0,0.0,0.0,0.0,0.0,0.0,0.0,0.0,0.0,69.2,0,150,71,54,65476,0,300,0,1,8,20529,65476,0,0,40632,65.0,0.0,0.0,0.0,0.0,0.0
2026-09-04T20:56:25,ERR,ERR,ERR,ERR,ERR,ERR,ERR,ERR,ERR,ERR,ERR,ERR,ERR,ERR,ERR,ERR,ERR,ERR,ERR,ERR,ERR,ERR,ERR,ERR,ERR,ERR,ERR,ERR,ERR,ERR,ERR,ERR,ERR,ERR,ERR,ERR,ERR,ERR,ERR,ERR,ERR,ERR,ERR,ERR,ERR,ERR,ERR,ERR,ERR,ERR,ERR,ERR,ERR,ERR,ERR,ERR,ERR,ERR,ERR,ERR,ERR,ERR,ERR,ERR,ERR,ERR,ERR,ERR,ERR,ERR,ERR,ERR,ERR,ERR,ERR,ERR,ERR,ERR,ERR,ERR,ERR,ERR,ERR,ERR,ERR,ERR,ERR,ERR,ERR,ERR,ERR,ERR,ERR,ERR,ERR,ERR,ERR,ERR,ERR,ERR,ERR,ERR,ERR,ERR,ERR,ERR,ERR,ERR,ERR,ERR,ERR,ERR,ERR,ERR,ERR,ERR,ERR,ERR,ERR,ERR,ERR,ERR,ERR,ERR,ERR,0.0,-107615392.0,0.0,0.0,0.0,1.3936040501711995e+18,7.805,0.0,0,0,4,0,7116,0.0,100,0.0,0.0,0.0,0.0,0.0,0,0,0,0,0.0,0,0,0,0,0,0,0,0,0,0,0,0,0,0,0,0,0,0,0,0,0,0,0,0,0,0,0,0,0,0,0,0,0,31,40,40,71,65476,0,300,0,0,8,21553,0.0,-107605600.0,0.0,0.0,0.0,0.0,0.0,0.0,0.0,0.0,0.0,0.0,0.0,0.0,0.0,0.0,0.0,0.0,0.0,0.0,0.0,0.0,-0.0,2.004,2.004,-0.0,0.0,0.0,0.0,0.0,6355.0,0.0,6913.0,0.0,0.0,0.0,0.0,0.0,0.0,0.0,0.0,69,5.848086186001959e+35,5.8480766786224575e+35,0.0,0.0,0.0,0.0,0.0,0.0,0.0,0,0,0,0.0,0.0,0.0,0.0,0.0,0.0,0.0,0.0,0.0,0.0,0.0,0.0,0.0,0.0,0.0,0.0,0,-107875648.0,69,0.0,138,0.0,-0.0,0,13107,17040,0,17049,0,17043,0,0,0,70,68,100,2.7302359370752657e+23,71.1,0.0,74.2,2.7302370179391762e+23,74.0,1,49,50,180,0,52429,0,0,0.0,0.0,0.0,0.0,-0.0,67.0,0.0,162057.094,0.0,750,0,739,0,0,0,721,0,765,0,735,0,742,0,741,0,712,0,7520,0.032,79456894976.0,0.0,0.0,784,16797,-0.0,162057.094,-114818.039,-0.0,0.133,6.909358625270745e+28,30.0,65.0,35,0.0,0.0,0.0,0.0,0.0,0.0,0.0,0.0,0.0,0.0,0.0,0.0,0.0,0.0,0.0,0.0,69.2,0,150,71,54,65476,0,300,0,1,8,20529,65476,0,0,40632,65.0,0.0,0.0,0.0,0.0,0.0
2026-09-04T20:56:26,ERR,ERR,ERR,ERR,ERR,ERR,ERR,ERR,ERR,ERR,ERR,ERR,ERR,ERR,ERR,ERR,ERR,ERR,ERR,ERR,ERR,ERR,ERR,ERR,ERR,ERR,ERR,ERR,ERR,ERR,ERR,ERR,ERR,ERR,ERR,ERR,ERR,ERR,ERR,ERR,ERR,ERR,ERR,ERR,ERR,ERR,ERR,ERR,ERR,ERR,ERR,ERR,ERR,ERR,ERR,ERR,ERR,ERR,ERR,ERR,ERR,ERR,ERR,ERR,ERR,ERR,ERR,ERR,ERR,ERR,ERR,ERR,ERR,ERR,ERR,ERR,ERR,ERR,ERR,ERR,ERR,ERR,ERR,ERR,ERR,ERR,ERR,ERR,ERR,ERR,ERR,ERR,ERR,ERR,ERR,ERR,ERR,ERR,ERR,ERR,ERR,ERR,ERR,ERR,ERR,ERR,ERR,ERR,ERR,ERR,ERR,ERR,ERR,ERR,ERR,ERR,ERR,ERR,ERR,ERR,ERR,ERR,ERR,ERR,ERR,0.0,-107615392.0,0.0,0.0,0.0,1.3936040501711995e+18,7.805,0.0,0,0,4,0,7116,0.0,100,0.0,0.0,0.0,0.0,0.0,0,0,0,0,0.0,0,0,0,0,0,0,0,0,0,0,0,0,0,0,0,0,0,0,0,0,0,0,0,0,0,0,0,0,0,0,0,0,0,31,40,40,71,65476,0,300,0,0,8,21553,0.0,-107605600.0,0.0,0.0,0.0,0.0,0.0,0.0,0.0,0.0,0.0,0.0,0.0,0.0,0.0,0.0,0.0,0.0,0.0,0.0,0.0,0.0,-0.0,2.004,2.004,-0.0,0.0,0.0,0.0,0.0,6355.0,0.0,6913.0,0.0,0.0,0.0,0.0,0.0,0.0,0.0,0.0,69,5.848086186001959e+35,5.8480766786224575e+35,0.0,0.0,0.0,0.0,0.0,0.0,0.0,0,0,0,0.0,0.0,0.0,0.0,0.0,0.0,0.0,0.0,0.0,0.0,0.0,0.0,0.0,0.0,0.0,0.0,0,-107875648.0,69,0.0,138,0.0,-0.0,0,13107,17040,0,17049,0,17043,0,0,0,70,68,100,2.7302359370752657e+23,71.1,0.0,74.2,2.7302370179391762e+23,74.0,1,49,50,180,0,52429,0,0,0.0,0.0,0.0,0.0,-0.0,67.0,0.0,162057.094,0.0,750,0,739,0,0,0,721,0,765,0,735,0,742,0,741,0,712,0,7520,0.032,79456894976.0,0.0,0.0,784,16797,-0.0,162057.094,-114818.039,-0.0,0.133,6.909358625270745e+28,30.0,65.0,35,0.0,0.0,0.0,0.0,0.0,0.0,0.0,0.0,0.0,0.0,0.0,0.0,0.0,0.0,0.0,0.0,69.2,0,150,71,54,65476,0,300,0,1,8,20529,65476,0,0,40632,65.0,0.0,0.0,0.0,0.0,0.0
2026-09-04T20:56:27,ERR,ERR,ERR,ERR,ERR,ERR,ERR,ERR,ERR,ERR,ERR,ERR,ERR,ERR,ERR,ERR,ERR,ERR,ERR,ERR,ERR,ERR,ERR,ERR,ERR,ERR,ERR,ERR,ERR,ERR,ERR,ERR,ERR,ERR,ERR,ERR,ERR,ERR,ERR,ERR,ERR,ERR,ERR,ERR,ERR,ERR,ERR,ERR,ERR,ERR,ERR,ERR,ERR,ERR,ERR,ERR,ERR,ERR,ERR,ERR,ERR,ERR,ERR,ERR,ERR,ERR,ERR,ERR,ERR,ERR,ERR,ERR,ERR,ERR,ERR,ERR,ERR,ERR,ERR,ERR,ERR,ERR,ERR,ERR,ERR,ERR,ERR,ERR,ERR,ERR,ERR,ERR,ERR,ERR,ERR,ERR,ERR,ERR,ERR,ERR,ERR,ERR,ERR,ERR,ERR,ERR,ERR,ERR,ERR,ERR,ERR,ERR,ERR,ERR,ERR,ERR,ERR,ERR,ERR,ERR,ERR,ERR,ERR,ERR,ERR,0.0,-107615392.0,0.0,0.0,0.0,1.3936040501711995e+18,7.805,0.0,0,0,4,0,7116,0.0,100,0.0,0.0,0.0,0.0,0.0,0,0,0,0,0.0,0,0,0,0,0,0,0,0,0,0,0,0,0,0,0,0,0,0,0,0,0,0,0,0,0,0,0,0,0,0,0,0,0,31,40,40,71,65476,0,300,0,0,8,21553,0.0,-107605600.0,0.0,0.0,0.0,0.0,0.0,0.0,0.0,0.0,0.0,0.0,0.0,0.0,0.0,0.0,0.0,0.0,0.0,0.0,0.0,0.0,-0.0,2.004,2.004,-0.0,0.0,0.0,0.0,0.0,6355.0,0.0,6913.0,0.0,0.0,0.0,0.0,0.0,0.0,0.0,0.0,69,5.848086186001959e+35,5.8480766786224575e+35,0.0,0.0,0.0,0.0,0.0,0.0,0.0,0,0,0,0.0,0.0,0.0,0.0,0.0,0.0,0.0,0.0,0.0,0.0,0.0,0.0,0.0,0.0,0.0,0.0,0,-107875648.0,69,0.0,138,0.0,-0.0,0,13107,17040,0,17049,0,17043,0,0,0,70,68,100,2.7302359370752657e+23,71.1,0.0,74.2,2.7302370179391762e+23,74.0,1,49,50,180,0,52429,0,0,0.0,0.0,0.0,0.0,-0.0,67.0,0.0,162057.094,0.0,750,0,739,0,0,0,721,0,765,0,735,0,742,0,741,0,712,0,7520,0.032,79456894976.0,0.0,0.0,784,16797,-0.0,162057.094,-114818.039,-0.0,0.133,6.909358625270745e+28,30.0,65.0,35,0.0,0.0,0.0,0.0,0.0,0.0,0.0,0.0,0.0,0.0,0.0,0.0,0.0,0.0,0.0,0.0,69.6,0,150,71,54,65476,0,300,0,1,8,20529,65476,0,0,40632,65.0,0.0,0.0,0.0,0.0,0.0
2026-09-04T20:56:28,ERR,ERR,ERR,ERR,ERR,ERR,ERR,ERR,ERR,ERR,ERR,ERR,ERR,ERR,ERR,ERR,ERR,ERR,ERR,ERR,ERR,ERR,ERR,ERR,ERR,ERR,ERR,ERR,ERR,ERR,ERR,ERR,ERR,ERR,ERR,ERR,ERR,ERR,ERR,ERR,ERR,ERR,ERR,ERR,ERR,ERR,ERR,ERR,ERR,ERR,ERR,ERR,ERR,ERR,ERR,ERR,ERR,ERR,ERR,ERR,ERR,ERR,ERR,ERR,ERR,ERR,ERR,ERR,ERR,ERR,ERR,ERR,ERR,ERR,ERR,ERR,ERR,ERR,ERR,ERR,ERR,ERR,ERR,ERR,ERR,ERR,ERR,ERR,ERR,ERR,ERR,ERR,ERR,ERR,ERR,ERR,ERR,ERR,ERR,ERR,ERR,ERR,ERR,ERR,ERR,ERR,ERR,ERR,ERR,ERR,ERR,ERR,ERR,ERR,ERR,ERR,ERR,ERR,ERR,ERR,ERR,ERR,ERR,ERR,ERR,0.0,-107615392.0,0.0,0.0,0.0,1.3936040501711995e+18,7.805,0.0,0,0,4,0,7116,0.0,100,0.0,0.0,0.0,0.0,0.0,0,0,0,0,0.0,0,0,0,0,0,0,0,0,0,0,0,0,0,0,0,0,0,0,0,0,0,0,0,0,0,0,0,0,0,0,0,0,0,31,40,40,71,65476,0,300,0,0,8,21553,0.0,-107605600.0,0.0,0.0,0.0,0.0,0.0,0.0,0.0,0.0,0.0,0.0,0.0,0.0,0.0,0.0,0.0,0.0,0.0,0.0,0.0,0.0,-0.0,2.004,2.004,-0.0,0.0,0.0,0.0,0.0,6355.0,0.0,6913.0,0.0,0.0,0.0,0.0,0.0,0.0,0.0,0.0,69,5.848086186001959e+35,5.8480766786224575e+35,0.0,0.0,0.0,0.0,0.0,0.0,0.0,0,0,0,0.0,0.0,0.0,0.0,0.0,0.0,0.0,0.0,0.0,0.0,0.0,0.0,0.0,0.0,0.0,0.0,0,-107875648.0,69,0.0,138,0.0,-0.0,0,13107,17040,0,17049,0,17043,0,0,0,70,68,100,2.7302359370752657e+23,71.1,0.0,74.2,2.7302370179391762e+23,74.0,1,49,50,180,0,52429,0,0,0.0,0.0,0.0,0.0,-0.0,67.0,0.0,162057.094,0.0,750,0,739,0,0,0,721,0,765,0,735,0,742,0,741,0,712,0,7520,0.032,79456894976.0,0.0,0.0,784,16797,-0.0,162057.094,-114818.039,-0.0,0.133,6.909358625270745e+28,30.0,65.0,35,0.0,0.0,0.0,0.0,0.0,0.0,0.0,0.0,0.0,0.0,0.0,0.0,0.0,0.0,0.0,0.0,69.6,0,150,71,54,65476,0,300,0,1,8,20529,65476,0,0,40632,65.0,0.0,0.0,0.0,0.0,0.0
2026-09-04T20:56:29,ERR,ERR,ERR,ERR,ERR,ERR,ERR,ERR,ERR,ERR,ERR,ERR,ERR,ERR,ERR,ERR,ERR,ERR,ERR,ERR,ERR,ERR,ERR,ERR,ERR,ERR,ERR,ERR,ERR,ERR,ERR,ERR,ERR,ERR,ERR,ERR,ERR,ERR,ERR,ERR,ERR,ERR,ERR,ERR,ERR,ERR,ERR,ERR,ERR,ERR,ERR,ERR,ERR,ERR,ERR,ERR,ERR,ERR,ERR,ERR,ERR,ERR,ERR,ERR,ERR,ERR,ERR,ERR,ERR,ERR,ERR,ERR,ERR,ERR,ERR,ERR,ERR,ERR,ERR,ERR,ERR,ERR,ERR,ERR,ERR,ERR,ERR,ERR,ERR,ERR,ERR,ERR,ERR,ERR,ERR,ERR,ERR,ERR,ERR,ERR,ERR,ERR,ERR,ERR,ERR,ERR,ERR,ERR,ERR,ERR,ERR,ERR,ERR,ERR,ERR,ERR,ERR,ERR,ERR,ERR,ERR,ERR,ERR,ERR,ERR,0.0,-107615392.0,0.0,0.0,0.0,1.3936040501711995e+18,7.805,0.0,0,0,4,0,7116,0.0,100,0.0,0.0,0.0,0.0,0.0,0,0,0,0,0.0,0,0,0,0,0,0,0,0,0,0,0,0,0,0,0,0,0,0,0,0,0,0,0,0,0,0,0,0,0,0,0,0,0,31,40,40,71,65476,0,300,0,0,8,21553,0.0,-107605600.0,0.0,0.0,0.0,0.0,0.0,0.0,0.0,0.0,0.0,0.0,0.0,0.0,0.0,0.0,0.0,0.0,0.0,0.0,0.0,0.0,-0.0,2.004,2.004,-0.0,0.0,0.0,0.0,0.0,6355.0,0.0,6913.0,0.0,0.0,0.0,0.0,0.0,0.0,0.0,0.0,69,5.848086186001959e+35,5.8480766786224575e+35,0.0,0.0,0.0,0.0,0.0,0.0,0.0,0,0,0,0.0,0.0,0.0,0.0,0.0,0.0,0.0,0.0,0.0,0.0,0.0,0.0,0.0,0.0,0.0,0.0,0,-107875648.0,69,0.0,138,0.0,-0.0,0,13107,17040,0,17049,0,17043,0,0,0,70,68,100,2.7302359370752657e+23,71.1,0.0,74.2,2.7302370179391762e+23,74.0,1,49,50,180,0,52429,0,0,0.0,0.0,0.0,0.0,-0.0,67.0,0.0,162057.094,0.0,750,0,739,0,0,0,721,0,765,0,735,0,742,0,741,0,712,0,7520,0.032,79456894976.0,0.0,0.0,784,16797,-0.0,162057.094,-114818.039,-0.0,0.133,6.909358625270745e+28,30.0,65.0,35,0.0,0.0,0.0,0.0,0.0,0.0,0.0,0.0,0.0,0.0,0.0,0.0,0.0,0.0,0.0,0.0,69.6,0,150,71,54,65476,0,300,0,1,8,20529,65476,0,0,40632,65.0,0.0,0.0,0.0,0.0,0.0
2026-09-04T20:56:30,ERR,ERR,ERR,ERR,ERR,ERR,ERR,ERR,ERR,ERR,ERR,ERR,ERR,ERR,ERR,ERR,ERR,ERR,ERR,ERR,ERR,ERR,ERR,ERR,ERR,ERR,ERR,ERR,ERR,ERR,ERR,ERR,ERR,ERR,ERR,ERR,ERR,ERR,ERR,ERR,ERR,ERR,ERR,ERR,ERR,ERR,ERR,ERR,ERR,ERR,ERR,ERR,ERR,ERR,ERR,ERR,ERR,ERR,ERR,ERR,ERR,ERR,ERR,ERR,ERR,ERR,ERR,ERR,ERR,ERR,ERR,ERR,ERR,ERR,ERR,ERR,ERR,ERR,ERR,ERR,ERR,ERR,ERR,ERR,ERR,ERR,ERR,ERR,ERR,ERR,ERR,ERR,ERR,ERR,ERR,ERR,ERR,ERR,ERR,ERR,ERR,ERR,ERR,ERR,ERR,ERR,ERR,ERR,ERR,ERR,ERR,ERR,ERR,ERR,ERR,ERR,ERR,ERR,ERR,ERR,ERR,ERR,ERR,ERR,ERR,0.0,-107615392.0,0.0,0.0,0.0,1.3936040501711995e+18,7.805,0.0,0,0,4,0,7116,0.0,100,0.0,0.0,0.0,0.0,0.0,0,0,0,0,0.0,0,0,0,0,0,0,0,0,0,0,0,0,0,0,0,0,0,0,0,0,0,0,0,0,0,0,0,0,0,0,0,0,0,31,40,40,71,65476,0,300,0,0,8,21553,0.0,-107605600.0,0.0,0.0,0.0,0.0,0.0,0.0,0.0,0.0,0.0,0.0,0.0,0.0,0.0,0.0,0.0,0.0,0.0,0.0,0.0,0.0,-0.0,2.004,2.004,-0.0,0.0,0.0,0.0,0.0,6355.0,0.0,6913.0,0.0,0.0,0.0,0.0,0.0,0.0,0.0,0.0,69,5.848086186001959e+35,5.8480766786224575e+35,0.0,0.0,0.0,0.0,0.0,0.0,0.0,0,0,0,0.0,0.0,0.0,0.0,0.0,0.0,0.0,0.0,0.0,0.0,0.0,0.0,0.0,0.0,0.0,0.0,0,-107875648.0,69,0.0,138,0.0,-0.0,0,13107,17040,0,17049,0,17043,0,0,0,70,68,100,2.7302359370752657e+23,71.1,0.0,74.2,2.7302370179391762e+23,74.0,1,49,50,180,0,52429,0,0,0.0,0.0,0.0,0.0,-0.0,67.0,0.0,162057.094,0.0,750,0,739,0,0,0,721,0,765,0,735,0,742,0,741,0,712,0,7520,0.032,79456894976.0,0.0,0.0,784,16797,-0.0,162057.094,-114818.039,-0.0,0.133,6.909358625270745e+28,30.0,65.0,35,0.0,0.0,0.0,0.0,0.0,0.0,0.0,0.0,0.0,0.0,0.0,0.0,0.0,0.0,0.0,0.0,69.2,0,150,71,54,65476,0,300,0,1,8,20529,65476,0,0,40632,65.0,0.0,0.0,0.0,0.0,0.0
2026-09-04T20:56:31,ERR,ERR,ERR,ERR,ERR,ERR,ERR,ERR,ERR,ERR,ERR,ERR,ERR,ERR,ERR,ERR,ERR,ERR,ERR,ERR,ERR,ERR,ERR,ERR,ERR,ERR,ERR,ERR,ERR,ERR,ERR,ERR,ERR,ERR,ERR,ERR,ERR,ERR,ERR,ERR,ERR,ERR,ERR,ERR,ERR,ERR,ERR,ERR,ERR,ERR,ERR,ERR,ERR,ERR,ERR,ERR,ERR,ERR,ERR,ERR,ERR,ERR,ERR,ERR,ERR,ERR,ERR,ERR,ERR,ERR,ERR,ERR,ERR,ERR,ERR,ERR,ERR,ERR,ERR,ERR,ERR,ERR,ERR,ERR,ERR,ERR,ERR,ERR,ERR,ERR,ERR,ERR,ERR,ERR,ERR,ERR,ERR,ERR,ERR,ERR,ERR,ERR,ERR,ERR,ERR,ERR,ERR,ERR,ERR,ERR,ERR,ERR,ERR,ERR,ERR,ERR,ERR,ERR,ERR,ERR,ERR,ERR,ERR,ERR,ERR,0.0,-107615392.0,0.0,0.0,0.0,1.3936040501711995e+18,7.805,0.0,0,0,4,0,7116,0.0,100,0.0,0.0,0.0,0.0,0.0,0,0,0,0,0.0,0,0,0,0,0,0,0,0,0,0,0,0,0,0,0,0,0,0,0,0,0,0,0,0,0,0,0,0,0,0,0,0,0,31,40,40,71,65476,0,300,0,0,8,21553,0.0,-107605600.0,0.0,0.0,0.0,0.0,0.0,0.0,0.0,0.0,0.0,0.0,0.0,0.0,0.0,0.0,0.0,0.0,0.0,0.0,0.0,0.0,-0.0,2.004,2.004,-0.0,0.0,0.0,0.0,0.0,6355.0,0.0,6913.0,0.0,0.0,0.0,0.0,0.0,0.0,0.0,0.0,69,5.848086186001959e+35,5.8480766786224575e+35,0.0,0.0,0.0,0.0,0.0,0.0,0.0,0,0,0,0.0,0.0,0.0,0.0,0.0,0.0,0.0,0.0,0.0,0.0,0.0,0.0,0.0,0.0,0.0,0.0,0,-107875648.0,69,0.0,138,0.0,-0.0,0,13107,17040,0,17049,0,17043,0,0,0,70,68,100,2.7302359370752657e+23,71.1,0.0,74.2,2.7302370179391762e+23,74.0,1,49,50,180,0,52429,0,0,0.0,0.0,0.0,0.0,-0.0,67.0,0.0,162057.094,0.0,750,0,739,0,0,0,721,0,765,0,735,0,742,0,741,0,712,0,7520,0.032,79456894976.0,0.0,0.0,784,16797,-0.0,162057.094,-114818.039,-0.0,0.133,6.909358625270745e+28,30.0,65.0,35,0.0,0.0,0.0,0.0,0.0,0.0,0.0,0.0,0.0,0.0,0.0,0.0,0.0,0.0,0.0,0.0,69.2,0,150,71,54,65476,0,300,0,1,8,20529,65476,0,0,40632,65.0,0.0,0.0,0.0,0.0,0.0
2026-09-04T20:56:32,ERR,ERR,ERR,ERR,ERR,ERR,ERR,ERR,ERR,ERR,ERR,ERR,ERR,ERR,ERR,ERR,ERR,ERR,ERR,ERR,ERR,ERR,ERR,ERR,ERR,ERR,ERR,ERR,ERR,ERR,ERR,ERR,ERR,ERR,ERR,ERR,ERR,ERR,ERR,ERR,ERR,ERR,ERR,ERR,ERR,ERR,ERR,ERR,ERR,ERR,ERR,ERR,ERR,ERR,ERR,ERR,ERR,ERR,ERR,ERR,ERR,ERR,ERR,ERR,ERR,ERR,ERR,ERR,ERR,ERR,ERR,ERR,ERR,ERR,ERR,ERR,ERR,ERR,ERR,ERR,ERR,ERR,ERR,ERR,ERR,ERR,ERR,ERR,ERR,ERR,ERR,ERR,ERR,ERR,ERR,ERR,ERR,ERR,ERR,ERR,ERR,ERR,ERR,ERR,ERR,ERR,ERR,ERR,ERR,ERR,ERR,ERR,ERR,ERR,ERR,ERR,ERR,ERR,ERR,ERR,ERR,ERR,ERR,ERR,ERR,0.0,0.0,0.0,0.0,0.0,1.3936040501711995e+18,7.805,0.0,0,0,4,0,7116,0.0,100,0.0,0.0,0.0,0.0,0.0,0,0,0,0,0.0,0,0,0,0,0,0,0,0,0,0,0,0,0,0,0,0,0,0,0,0,0,0,0,0,0,0,0,0,0,0,0,0,0,31,40,40,71,65476,0,300,0,0,8,21553,0.0,-107605600.0,0.0,0.0,0.0,0.0,0.0,0.0,0.0,0.0,0.0,0.0,0.0,0.0,0.0,0.0,0.0,0.0,0.0,0.0,0.0,0.0,-0.0,2.004,2.004,-0.0,0.0,0.0,0.0,0.0,6329.0,-0.0,6935.0,0.0,0.0,0.0,0.0,0.0,0.0,0.0,0.0,69,-0.0,0.0,0.0,0.0,0.0,0.0,0.0,0.0,0.0,0,0,0,0.0,0.0,0.0,0.0,0.0,0.0,0.0,0.0,0.0,0.0,0.0,0.0,0.0,0.0,0.0,0.0,0,-107875648.0,69,0.0,138,0.0,-0.0,0,13107,17040,0,17049,0,17043,0,0,0,70,68,100,2.7302359370752657e+23,71.1,0.0,74.2,2.7302370179391762e+23,74.0,1,49,50,180,0,52429,0,0,0.0,0.0,0.0,0.0,-0.0,67.0,0.0,162057.094,0.0,750,0,739,0,0,0,721,0,765,0,735,0,742,0,741,0,712,0,7520,0.032,79456894976.0,0.0,0.0,784,16797,-0.0,162057.094,-114818.039,-0.0,0.133,6.909358625270745e+28,30.0,65.0,35,0.0,0.0,0.0,0.0,0.0,0.0,0.0,0.0,0.0,0.0,0.0,0.0,0.0,0.0,0.0,0.0,69.2,0,150,71,54,65476,0,300,0,1,8,20529,65476,0,0,40632,65.0,0.0,0.0,0.0,0.0,0.0
2026-09-04T20:56:33,ERR,ERR,ERR,ERR,ERR,ERR,ERR,ERR,ERR,ERR,ERR,ERR,ERR,ERR,ERR,ERR,ERR,ERR,ERR,ERR,ERR,ERR,ERR,ERR,ERR,ERR,ERR,ERR,ERR,ERR,ERR,ERR,ERR,ERR,ERR,ERR,ERR,ERR,ERR,ERR,ERR,ERR,ERR,ERR,ERR,ERR,ERR,ERR,ERR,ERR,ERR,ERR,ERR,ERR,ERR,ERR,ERR,ERR,ERR,ERR,ERR,ERR,ERR,ERR,ERR,ERR,ERR,ERR,ERR,ERR,ERR,ERR,ERR,ERR,ERR,ERR,ERR,ERR,ERR,ERR,ERR,ERR,ERR,ERR,ERR,ERR,ERR,ERR,ERR,ERR,ERR,ERR,ERR,ERR,ERR,ERR,ERR,ERR,ERR,ERR,ERR,ERR,ERR,ERR,ERR,ERR,ERR,ERR,ERR,ERR,ERR,ERR,ERR,ERR,ERR,ERR,ERR,ERR,ERR,ERR,ERR,ERR,ERR,ERR,ERR,0.0,0.0,0.0,0.0,0.0,1.3936040501711995e+18,7.805,0.0,0,0,4,0,7116,0.0,100,0.0,0.0,0.0,0.0,0.0,0,0,0,0,0.0,0,0,0,0,0,0,0,0,0,0,0,0,0,0,0,0,0,0,0,0,0,0,0,0,0,0,0,0,0,0,0,0,0,31,40,40,71,65476,0,300,0,0,8,21553,0.0,-107605600.0,0.0,0.0,0.0,0.0,0.0,0.0,0.0,0.0,0.0,0.0,0.0,0.0,0.0,0.0,0.0,0.0,0.0,0.0,0.0,0.0,-0.0,2.004,2.004,-0.0,0.0,0.0,0.0,0.0,6329.0,-0.0,6935.0,0.0,0.0,0.0,0.0,0.0,0.0,0.0,0.0,69,-0.0,0.0,0.0,0.0,0.0,0.0,0.0,0.0,0.0,0,0,0,0.0,0.0,0.0,0.0,0.0,0.0,0.0,0.0,0.0,0.0,0.0,0.0,0.0,0.0,0.0,0.0,0,-107875648.0,69,0.0,138,0.0,-0.0,0,13107,17040,0,17049,0,17043,0,0,0,70,68,100,2.7302359370752657e+23,71.1,0.0,74.2,2.7302370179391762e+23,74.0,1,49,50,180,0,52429,0,0,0.0,0.0,0.0,0.0,-0.0,67.0,0.0,162057.094,0.0,750,0,739,0,0,0,721,0,765,0,735,0,742,0,741,0,712,0,7520,0.032,79456894976.0,0.0,0.0,784,16797,-0.0,162057.094,-114818.039,-0.0,0.133,6.909358625270745e+28,30.0,65.0,35,0.0,0.0,0.0,0.0,0.0,0.0,0.0,0.0,0.0,0.0,0.0,0.0,0.0,0.0,0.0,0.0,69.2,0,150,71,54,65476,0,300,0,1,8,20529,65476,0,0,40632,65.0,0.0,0.0,0.0,0.0,0.0
2026-09-04T20:56:34,ERR,ERR,ERR,ERR,ERR,ERR,ERR,ERR,ERR,ERR,ERR,ERR,ERR,ERR,ERR,ERR,ERR,ERR,ERR,ERR,ERR,ERR,ERR,ERR,ERR,ERR,ERR,ERR,ERR,ERR,ERR,ERR,ERR,ERR,ERR,ERR,ERR,ERR,ERR,ERR,ERR,ERR,ERR,ERR,ERR,ERR,ERR,ERR,ERR,ERR,ERR,ERR,ERR,ERR,ERR,ERR,ERR,ERR,ERR,ERR,ERR,ERR,ERR,ERR,ERR,ERR,ERR,ERR,ERR,ERR,ERR,ERR,ERR,ERR,ERR,ERR,ERR,ERR,ERR,ERR,ERR,ERR,ERR,ERR,ERR,ERR,ERR,ERR,ERR,ERR,ERR,ERR,ERR,ERR,ERR,ERR,ERR,ERR,ERR,ERR,ERR,ERR,ERR,ERR,ERR,ERR,ERR,ERR,ERR,ERR,ERR,ERR,ERR,ERR,ERR,ERR,ERR,ERR,ERR,ERR,ERR,ERR,ERR,ERR,ERR,0.0,0.0,0.0,0.0,0.0,1.3936040501711995e+18,7.805,0.0,0,0,4,0,7116,0.0,100,0.0,0.0,0.0,0.0,0.0,0,0,0,0,0.0,0,0,0,0,0,0,0,0,0,0,0,0,0,0,0,0,0,0,0,0,0,0,0,0,0,0,0,0,0,0,0,0,0,31,40,40,71,65476,0,300,0,0,8,21553,0.0,-107605600.0,0.0,0.0,0.0,0.0,0.0,0.0,0.0,0.0,0.0,0.0,0.0,0.0,0.0,0.0,0.0,0.0,0.0,0.0,0.0,0.0,-0.0,2.004,2.004,-0.0,0.0,0.0,0.0,0.0,6329.0,-0.0,6935.0,0.0,0.0,0.0,0.0,0.0,0.0,0.0,0.0,69,-0.0,0.0,0.0,0.0,0.0,0.0,0.0,0.0,0.0,0,0,0,0.0,0.0,0.0,0.0,0.0,0.0,0.0,0.0,0.0,0.0,0.0,0.0,0.0,0.0,0.0,0.0,0,-107875648.0,69,0.0,138,0.0,-0.0,0,13107,17040,0,17049,0,17043,0,0,0,70,68,100,2.7302359370752657e+23,71.1,0.0,74.2,2.7302370179391762e+23,74.0,1,49,50,180,0,52429,0,0,0.0,0.0,0.0,0.0,-0.0,67.0,0.0,162057.094,0.0,750,0,739,0,0,0,721,0,765,0,735,0,742,0,741,0,712,0,7520,0.032,79456894976.0,0.0,0.0,784,16797,-0.0,162057.094,-114818.039,-0.0,0.133,6.909358625270745e+28,30.0,65.0,35,0.0,0.0,0.0,0.0,0.0,0.0,0.0,0.0,0.0,0.0,0.0,0.0,0.0,0.0,0.0,0.0,69.2,0,150,71,54,65476,0,300,0,1,8,20529,65476,0,0,40632,65.0,0.0,0.0,0.0,0.0,0.0
2026-09-04T20:56:35,ERR,ERR,ERR,ERR,ERR,ERR,ERR,ERR,ERR,ERR,ERR,ERR,ERR,ERR,ERR,ERR,ERR,ERR,ERR,ERR,ERR,ERR,ERR,ERR,ERR,ERR,ERR,ERR,ERR,ERR,ERR,ERR,ERR,ERR,ERR,ERR,ERR,ERR,ERR,ERR,ERR,ERR,ERR,ERR,ERR,ERR,ERR,ERR,ERR,ERR,ERR,ERR,ERR,ERR,ERR,ERR,ERR,ERR,ERR,ERR,ERR,ERR,ERR,ERR,ERR,ERR,ERR,ERR,ERR,ERR,ERR,ERR,ERR,ERR,ERR,ERR,ERR,ERR,ERR,ERR,ERR,ERR,ERR,ERR,ERR,ERR,ERR,ERR,ERR,ERR,ERR,ERR,ERR,ERR,ERR,ERR,ERR,ERR,ERR,ERR,ERR,ERR,ERR,ERR,ERR,ERR,ERR,ERR,ERR,ERR,ERR,ERR,ERR,ERR,ERR,ERR,ERR,ERR,ERR,ERR,ERR,ERR,ERR,ERR,ERR,0.0,0.0,0.0,0.0,0.0,1.3936040501711995e+18,7.805,0.0,0,0,4,0,7116,0.0,100,0.0,0.0,0.0,0.0,0.0,0,0,0,0,0.0,0,0,0,0,0,0,0,0,0,0,0,0,0,0,0,0,0,0,0,0,0,0,0,0,0,0,0,0,0,0,0,0,0,31,40,40,71,65476,0,300,0,0,8,21553,0.0,-107605600.0,0.0,0.0,0.0,0.0,0.0,0.0,0.0,0.0,0.0,0.0,0.0,0.0,0.0,0.0,0.0,0.0,0.0,0.0,0.0,0.0,-0.0,2.004,2.004,-0.0,0.0,0.0,0.0,0.0,6329.0,-0.0,6935.0,0.0,0.0,0.0,0.0,0.0,0.0,0.0,0.0,69,-0.0,0.0,0.0,0.0,0.0,0.0,0.0,0.0,0.0,0,0,0,0.0,0.0,0.0,0.0,0.0,0.0,0.0,0.0,0.0,0.0,0.0,0.0,0.0,0.0,0.0,0.0,0,-107875648.0,69,0.0,138,0.0,-0.0,0,13107,17040,0,17049,0,17043,0,0,0,70,68,100,2.7302359370752657e+23,71.1,0.0,74.2,2.7302370179391762e+23,74.0,1,49,50,180,0,52429,0,0,0.0,0.0,0.0,0.0,-0.0,67.0,0.0,162057.094,0.0,750,0,739,0,0,0,721,0,765,0,735,0,742,0,741,0,712,0,7520,0.032,79456894976.0,0.0,0.0,784,16797,-0.0,162057.094,-114818.039,-0.0,0.133,6.909358625270745e+28,30.0,65.0,35,0.0,0.0,0.0,0.0,0.0,0.0,0.0,0.0,0.0,0.0,0.0,0.0,0.0,0.0,0.0,0.0,69.2,0,150,71,54,65476,0,300,0,1,8,20529,65476,0,0,40632,65.0,0.0,0.0,0.0,0.0,0.0
2026-09-04T20:56:36,ERR,ERR,ERR,ERR,ERR,ERR,ERR,ERR,ERR,ERR,ERR,ERR,ERR,ERR,ERR,ERR,ERR,ERR,ERR,ERR,ERR,ERR,ERR,ERR,ERR,ERR,ERR,ERR,ERR,ERR,ERR,ERR,ERR,ERR,ERR,ERR,ERR,ERR,ERR,ERR,ERR,ERR,ERR,ERR,ERR,ERR,ERR,ERR,ERR,ERR,ERR,ERR,ERR,ERR,ERR,ERR,ERR,ERR,ERR,ERR,ERR,ERR,ERR,ERR,ERR,ERR,ERR,ERR,ERR,ERR,ERR,ERR,ERR,ERR,ERR,ERR,ERR,ERR,ERR,ERR,ERR,ERR,ERR,ERR,ERR,ERR,ERR,ERR,ERR,ERR,ERR,ERR,ERR,ERR,ERR,ERR,ERR,ERR,ERR,ERR,ERR,ERR,ERR,ERR,ERR,ERR,ERR,ERR,ERR,ERR,ERR,ERR,ERR,ERR,ERR,ERR,ERR,ERR,ERR,ERR,ERR,ERR,ERR,ERR,ERR,0.0,0.0,0.0,0.0,0.0,1.3936040501711995e+18,7.805,0.0,0,0,4,0,7116,0.0,100,0.0,0.0,0.0,0.0,0.0,0,0,0,0,0.0,0,0,0,0,0,0,0,0,0,0,0,0,0,0,0,0,0,0,0,0,0,0,0,0,0,0,0,0,0,0,0,0,0,31,40,40,71,65476,0,300,0,0,8,21553,0.0,-107605600.0,0.0,0.0,0.0,0.0,0.0,0.0,0.0,0.0,0.0,0.0,0.0,0.0,0.0,0.0,0.0,0.0,0.0,0.0,0.0,0.0,-0.0,2.004,2.004,-0.0,0.0,0.0,0.0,0.0,6329.0,-0.0,6935.0,0.0,0.0,0.0,0.0,0.0,0.0,0.0,0.0,69,-0.0,0.0,0.0,0.0,0.0,0.0,0.0,0.0,0.0,0,0,0,0.0,0.0,0.0,0.0,0.0,0.0,0.0,0.0,0.0,0.0,0.0,0.0,0.0,0.0,0.0,0.0,0,-107875648.0,69,0.0,138,0.0,-0.0,0,13107,17040,0,17049,0,17043,0,0,0,70,68,100,2.7302359370752657e+23,71.1,0.0,74.2,2.7302370179391762e+23,74.0,1,49,50,180,0,52429,0,0,0.0,0.0,0.0,0.0,-0.0,67.0,0.0,162057.094,0.0,750,0,739,0,0,0,721,0,765,0,735,0,742,0,741,0,712,0,7520,0.032,79456894976.0,0.0,0.0,784,16797,-0.0,162057.094,-114818.039,-0.0,0.133,6.909358625270745e+28,30.0,65.0,35,0.0,0.0,0.0,0.0,0.0,0.0,0.0,0.0,0.0,0.0,0.0,0.0,0.0,0.0,0.0,0.0,69.2,0,150,71,54,65476,0,300,0,1,8,20529,65476,0,0,40632,65.0,0.0,0.0,0.0,0.0,0.0
2026-09-04T20:56:37,ERR,ERR,ERR,ERR,ERR,ERR,ERR,ERR,ERR,ERR,ERR,ERR,ERR,ERR,ERR,ERR,ERR,ERR,ERR,ERR,ERR,ERR,ERR,ERR,ERR,ERR,ERR,ERR,ERR,ERR,ERR,ERR,ERR,ERR,ERR,ERR,ERR,ERR,ERR,ERR,ERR,ERR,ERR,ERR,ERR,ERR,ERR,ERR,ERR,ERR,ERR,ERR,ERR,ERR,ERR,ERR,ERR,ERR,ERR,ERR,ERR,ERR,ERR,ERR,ERR,ERR,ERR,ERR,ERR,ERR,ERR,ERR,ERR,ERR,ERR,ERR,ERR,ERR,ERR,ERR,ERR,ERR,ERR,ERR,ERR,ERR,ERR,ERR,ERR,ERR,ERR,ERR,ERR,ERR,ERR,ERR,ERR,ERR,ERR,ERR,ERR,ERR,ERR,ERR,ERR,ERR,ERR,ERR,ERR,ERR,ERR,ERR,ERR,ERR,ERR,ERR,ERR,ERR,ERR,ERR,ERR,ERR,ERR,ERR,ERR,0.0,0.0,0.0,0.0,0.0,1.3936040501711995e+18,7.805,0.0,0,0,4,0,7116,0.0,100,0.0,0.0,0.0,0.0,0.0,0,0,0,0,0.0,0,0,0,0,0,0,0,0,0,0,0,0,0,0,0,0,0,0,0,0,0,0,0,0,0,0,0,0,0,0,0,0,0,31,40,40,71,65476,0,300,0,0,8,21553,0.0,-107605600.0,0.0,0.0,0.0,0.0,0.0,0.0,0.0,0.0,0.0,0.0,0.0,0.0,0.0,0.0,0.0,0.0,0.0,0.0,0.0,0.0,-0.0,2.004,2.004,-0.0,0.0,0.0,0.0,0.0,6329.0,-0.0,6935.0,0.0,0.0,0.0,0.0,0.0,0.0,0.0,0.0,69,-0.0,0.0,0.0,0.0,0.0,0.0,0.0,0.0,0.0,0,0,0,0.0,0.0,0.0,0.0,0.0,0.0,0.0,0.0,0.0,0.0,0.0,0.0,0.0,0.0,0.0,0.0,0,-107875648.0,69,0.0,138,0.0,-0.0,0,13107,17040,0,17049,0,17043,0,0,0,70,68,100,2.7302359370752657e+23,71.1,0.0,74.2,2.7302370179391762e+23,74.0,1,49,50,180,0,52429,0,0,0.0,0.0,0.0,0.0,-0.0,67.0,0.0,162057.094,0.0,750,0,739,0,0,0,721,0,765,0,735,0,742,0,741,0,712,0,7520,0.032,79456894976.0,0.0,0.0,784,16797,-0.0,162057.094,-114818.039,-0.0,0.133,6.909358625270745e+28,30.0,65.0,35,0.0,0.0,0.0,0.0,0.0,0.0,0.0,0.0,0.0,0.0,0.0,0.0,0.0,0.0,0.0,0.0,69.2,0,150,71,54,65476,0,300,0,1,8,20529,65476,0,0,40632,65.0,0.0,0.0,0.0,0.0,0.0
2026-09-04T20:56:38,ERR,ERR,ERR,ERR,ERR,ERR,ERR,ERR,ERR,ERR,ERR,ERR,ERR,ERR,ERR,ERR,ERR,ERR,ERR,ERR,ERR,ERR,ERR,ERR,ERR,ERR,ERR,ERR,ERR,ERR,ERR,ERR,ERR,ERR,ERR,ERR,ERR,ERR,ERR,ERR,ERR,ERR,ERR,ERR,ERR,ERR,ERR,ERR,ERR,ERR,ERR,ERR,ERR,ERR,ERR,ERR,ERR,ERR,ERR,ERR,ERR,ERR,ERR,ERR,ERR,ERR,ERR,ERR,ERR,ERR,ERR,ERR,ERR,ERR,ERR,ERR,ERR,ERR,ERR,ERR,ERR,ERR,ERR,ERR,ERR,ERR,ERR,ERR,ERR,ERR,ERR,ERR,ERR,ERR,ERR,ERR,ERR,ERR,ERR,ERR,ERR,ERR,ERR,ERR,ERR,ERR,ERR,ERR,ERR,ERR,ERR,ERR,ERR,ERR,ERR,ERR,ERR,ERR,ERR,ERR,ERR,ERR,ERR,ERR,ERR,0.0,0.0,0.0,0.0,0.0,1.3936040501711995e+18,7.805,0.0,0,0,4,0,7116,0.0,100,0.0,0.0,0.0,0.0,0.0,0,0,0,0,0.0,0,0,0,0,0,0,0,0,0,0,0,0,0,0,0,0,0,0,0,0,0,0,0,0,0,0,0,0,0,0,0,0,0,31,40,40,71,65476,0,300,0,0,8,21553,0.0,-107605600.0,0.0,0.0,0.0,0.0,0.0,0.0,0.0,0.0,0.0,0.0,0.0,0.0,0.0,0.0,0.0,0.0,0.0,0.0,0.0,0.0,-0.0,2.004,2.004,-0.0,0.0,0.0,0.0,0.0,6329.0,-0.0,6935.0,0.0,0.0,0.0,0.0,0.0,0.0,0.0,0.0,69,-0.0,0.0,0.0,0.0,0.0,0.0,0.0,0.0,0.0,0,0,0,0.0,0.0,0.0,0.0,0.0,0.0,0.0,0.0,0.0,0.0,0.0,0.0,0.0,0.0,0.0,0.0,0,-107875648.0,69,0.0,138,0.0,-0.0,0,13107,17040,0,17049,0,17043,0,0,0,70,68,100,2.7302359370752657e+23,71.1,0.0,74.2,2.7302370179391762e+23,74.0,1,49,50,180,0,52429,0,0,0.0,0.0,0.0,0.0,-0.0,67.0,0.0,162057.094,0.0,750,0,739,0,0,0,721,0,765,0,735,0,742,0,741,0,712,0,7520,0.032,79456894976.0,0.0,0.0,784,16797,-0.0,162057.094,-114818.039,-0.0,0.133,6.909358625270745e+28,30.0,65.0,35,0.0,0.0,0.0,0.0,0.0,0.0,0.0,0.0,0.0,0.0,0.0,0.0,0.0,0.0,0.0,0.0,69.2,0,150,71,54,65476,0,300,0,1,8,20529,65476,0,0,40632,65.0,0.0,0.0,0.0,0.0,0.0
2026-09-04T20:56:39,ERR,ERR,ERR,ERR,ERR,ERR,ERR,ERR,ERR,ERR,ERR,ERR,ERR,ERR,ERR,ERR,ERR,ERR,ERR,ERR,ERR,ERR,ERR,ERR,ERR,ERR,ERR,ERR,ERR,ERR,ERR,ERR,ERR,ERR,ERR,ERR,ERR,ERR,ERR,ERR,ERR,ERR,ERR,ERR,ERR,ERR,ERR,ERR,ERR,ERR,ERR,ERR,ERR,ERR,ERR,ERR,ERR,ERR,ERR,ERR,ERR,ERR,ERR,ERR,ERR,ERR,ERR,ERR,ERR,ERR,ERR,ERR,ERR,ERR,ERR,ERR,ERR,ERR,ERR,ERR,ERR,ERR,ERR,ERR,ERR,ERR,ERR,ERR,ERR,ERR,ERR,ERR,ERR,ERR,ERR,ERR,ERR,ERR,ERR,ERR,ERR,ERR,ERR,ERR,ERR,ERR,ERR,ERR,ERR,ERR,ERR,ERR,ERR,ERR,ERR,ERR,ERR,ERR,ERR,ERR,ERR,ERR,ERR,ERR,ERR,0.0,0.0,0.0,0.0,0.0,1.3936040501711995e+18,7.805,0.0,0,0,4,0,7116,0.0,100,0.0,0.0,0.0,0.0,0.0,0,0,0,0,0.0,0,0,0,0,0,0,0,0,0,0,0,0,0,0,0,0,0,0,0,0,0,0,0,0,0,0,0,0,0,0,0,0,0,31,40,40,71,65476,0,300,0,0,8,21553,0.0,-107605600.0,0.0,0.0,0.0,0.0,0.0,0.0,0.0,0.0,0.0,0.0,0.0,0.0,0.0,0.0,0.0,0.0,0.0,0.0,0.0,0.0,-0.0,2.004,2.004,-0.0,0.0,0.0,0.0,0.0,6330.0,-0.0,6931.0,0.0,0.0,0.0,0.0,0.0,0.0,0.0,0.0,69,-0.0,-3.222021951857604e+26,0.0,0.0,0.0,0.0,0.0,0.0,0.0,0,0,0,0.0,0.0,0.0,0.0,0.0,0.0,0.0,0.0,0.0,0.0,0.0,0.0,0.0,0.0,0.0,0.0,0,-107875648.0,69,0.0,138,0.0,-0.0,0,13107,17040,0,17049,0,17043,0,0,0,70,68,100,2.7302359370752657e+23,71.1,0.0,74.2,2.7302370179391762e+23,74.0,1,49,50,180,0,52429,0,0,0.0,0.0,0.0,0.0,-0.0,67.0,0.0,162057.094,0.0,750,0,739,0,0,0,721,0,765,0,735,0,742,0,741,0,712,0,7520,0.032,79456894976.0,0.0,0.0,784,16797,-0.0,162057.094,-114818.039,-0.0,0.133,6.909358625270745e+28,30.0,65.0,35,0.0,0.0,0.0,0.0,0.0,0.0,0.0,0.0,0.0,0.0,0.0,0.0,0.0,0.0,0.0,0.0,69.2,0,150,71,54,65476,0,300,0,1,8,20529,65476,0,0,40632,65.0,0.0,0.0,0.0,0.0,0.0
2026-09-04T20:56:40,ERR,ERR,ERR,ERR,ERR,ERR,ERR,ERR,ERR,ERR,ERR,ERR,ERR,ERR,ERR,ERR,ERR,ERR,ERR,ERR,ERR,ERR,ERR,ERR,ERR,ERR,ERR,ERR,ERR,ERR,ERR,ERR,ERR,ERR,ERR,ERR,ERR,ERR,ERR,ERR,ERR,ERR,ERR,ERR,ERR,ERR,ERR,ERR,ERR,ERR,ERR,ERR,ERR,ERR,ERR,ERR,ERR,ERR,ERR,ERR,ERR,ERR,ERR,ERR,ERR,ERR,ERR,ERR,ERR,ERR,ERR,ERR,ERR,ERR,ERR,ERR,ERR,ERR,ERR,ERR,ERR,ERR,ERR,ERR,ERR,ERR,ERR,ERR,ERR,ERR,ERR,ERR,ERR,ERR,ERR,ERR,ERR,ERR,ERR,ERR,ERR,ERR,ERR,ERR,ERR,ERR,ERR,ERR,ERR,ERR,ERR,ERR,ERR,ERR,ERR,ERR,ERR,ERR,ERR,ERR,ERR,ERR,ERR,ERR,ERR,0.0,0.0,0.0,0.0,0.0,1.3936040501711995e+18,7.805,0.0,0,0,4,0,7116,0.0,100,0.0,0.0,0.0,0.0,0.0,0,0,0,0,0.0,0,0,0,0,0,0,0,0,0,0,0,0,0,0,0,0,0,0,0,0,0,0,0,0,0,0,0,0,0,0,0,0,0,31,40,40,71,65476,0,300,0,0,8,21553,0.0,-107605600.0,0.0,0.0,0.0,0.0,0.0,0.0,0.0,0.0,0.0,0.0,0.0,0.0,0.0,0.0,0.0,0.0,0.0,0.0,0.0,0.0,-0.0,2.004,2.004,-0.0,0.0,0.0,0.0,0.0,6330.0,-0.0,6931.0,0.0,0.0,0.0,0.0,0.0,0.0,0.0,0.0,69,-0.0,-3.222021951857604e+26,0.0,0.0,0.0,0.0,0.0,0.0,0.0,0,0,0,0.0,0.0,0.0,0.0,0.0,0.0,0.0,0.0,0.0,0.0,0.0,0.0,0.0,0.0,0.0,0.0,0,-107875648.0,69,0.0,138,0.0,-0.0,0,13107,17040,0,17049,0,17043,0,0,0,70,68,100,2.7302359370752657e+23,71.1,0.0,74.2,2.7302370179391762e+23,74.0,1,49,50,180,0,52429,0,0,0.0,0.0,0.0,0.0,-0.0,67.0,0.0,162057.094,0.0,750,0,739,0,0,0,721,0,765,0,735,0,742,0,741,0,712,0,7520,0.032,79456894976.0,0.0,0.0,784,16797,-0.0,162057.094,-114818.039,-0.0,0.133,6.909358625270745e+28,30.0,65.0,35,0.0,0.0,0.0,0.0,0.0,0.0,0.0,0.0,0.0,0.0,0.0,0.0,0.0,0.0,0.0,0.0,69.2,0,150,71,54,65476,0,300,0,1,8,20529,65476,0,0,40632,65.0,0.0,0.0,0.0,0.0,0.0
2026-09-04T20:56:41,ERR,ERR,ERR,ERR,ERR,ERR,ERR,ERR,ERR,ERR,ERR,ERR,ERR,ERR,ERR,ERR,ERR,ERR,ERR,ERR,ERR,ERR,ERR,ERR,ERR,ERR,ERR,ERR,ERR,ERR,ERR,ERR,ERR,ERR,ERR,ERR,ERR,ERR,ERR,ERR,ERR,ERR,ERR,ERR,ERR,ERR,ERR,ERR,ERR,ERR,ERR,ERR,ERR,ERR,ERR,ERR,ERR,ERR,ERR,ERR,ERR,ERR,ERR,ERR,ERR,ERR,ERR,ERR,ERR,ERR,ERR,ERR,ERR,ERR,ERR,ERR,ERR,ERR,ERR,ERR,ERR,ERR,ERR,ERR,ERR,ERR,ERR,ERR,ERR,ERR,ERR,ERR,ERR,ERR,ERR,ERR,ERR,ERR,ERR,ERR,ERR,ERR,ERR,ERR,ERR,ERR,ERR,ERR,ERR,ERR,ERR,ERR,ERR,ERR,ERR,ERR,ERR,ERR,ERR,ERR,ERR,ERR,ERR,ERR,ERR,0.0,0.0,0.0,0.0,0.0,1.3936040501711995e+18,7.805,0.0,0,0,4,0,7116,0.0,100,0.0,0.0,0.0,0.0,0.0,0,0,0,0,0.0,0,0,0,0,0,0,0,0,0,0,0,0,0,0,0,0,0,0,0,0,0,0,0,0,0,0,0,0,0,0,0,0,0,31,40,40,71,65476,0,300,0,0,8,21553,0.0,-107605600.0,0.0,0.0,0.0,0.0,0.0,0.0,0.0,0.0,0.0,0.0,0.0,0.0,0.0,0.0,0.0,0.0,0.0,0.0,0.0,0.0,-0.0,2.004,2.004,-0.0,0.0,0.0,0.0,0.0,6330.0,-0.0,6931.0,0.0,0.0,0.0,0.0,0.0,0.0,0.0,0.0,69,-0.0,-3.222021951857604e+26,0.0,0.0,0.0,0.0,0.0,0.0,0.0,0,0,0,0.0,0.0,0.0,0.0,0.0,0.0,0.0,0.0,0.0,0.0,0.0,0.0,0.0,0.0,0.0,0.0,0,-107875648.0,69,0.0,138,0.0,-0.0,0,13107,17040,0,17049,0,17043,0,0,0,70,68,100,2.7302359370752657e+23,71.1,0.0,74.2,2.7302370179391762e+23,74.0,1,49,50,180,0,52429,0,0,0.0,0.0,0.0,0.0,-0.0,67.0,0.0,162057.094,0.0,750,0,739,0,0,0,721,0,765,0,735,0,742,0,741,0,712,0,7520,0.032,79456894976.0,0.0,0.0,784,16797,-0.0,162057.094,-114818.039,-0.0,0.133,6.909358625270745e+28,30.0,65.0,35,0.0,0.0,0.0,0.0,0.0,0.0,0.0,0.0,0.0,0.0,0.0,0.0,0.0,0.0,0.0,0.0,69.2,0,150,71,54,65476,0,300,0,1,8,20529,65476,0,0,40632,65.0,0.0,0.0,0.0,0.0,0.0
2026-09-04T20:56:42,ERR,ERR,ERR,ERR,ERR,ERR,ERR,ERR,ERR,ERR,ERR,ERR,ERR,ERR,ERR,ERR,ERR,ERR,ERR,ERR,ERR,ERR,ERR,ERR,ERR,ERR,ERR,ERR,ERR,ERR,ERR,ERR,ERR,ERR,ERR,ERR,ERR,ERR,ERR,ERR,ERR,ERR,ERR,ERR,ERR,ERR,ERR,ERR,ERR,ERR,ERR,ERR,ERR,ERR,ERR,ERR,ERR,ERR,ERR,ERR,ERR,ERR,ERR,ERR,ERR,ERR,ERR,ERR,ERR,ERR,ERR,ERR,ERR,ERR,ERR,ERR,ERR,ERR,ERR,ERR,ERR,ERR,ERR,ERR,ERR,ERR,ERR,ERR,ERR,ERR,ERR,ERR,ERR,ERR,ERR,ERR,ERR,ERR,ERR,ERR,ERR,ERR,ERR,ERR,ERR,ERR,ERR,ERR,ERR,ERR,ERR,ERR,ERR,ERR,ERR,ERR,ERR,ERR,ERR,ERR,ERR,ERR,ERR,ERR,ERR,0.0,0.0,0.0,0.0,0.0,1.3936040501711995e+18,7.805,0.0,0,0,4,0,7116,0.0,100,0.0,0.0,0.0,0.0,0.0,0,0,0,0,0.0,0,0,0,0,0,0,0,0,0,0,0,0,0,0,0,0,0,0,0,0,0,0,0,0,0,0,0,0,0,0,0,0,0,31,40,40,71,65476,0,300,0,0,8,21553,0.0,-107605600.0,0.0,0.0,0.0,0.0,0.0,0.0,0.0,0.0,0.0,0.0,0.0,0.0,0.0,0.0,0.0,0.0,0.0,0.0,0.0,0.0,-0.0,2.004,2.004,-0.0,0.0,0.0,0.0,0.0,6330.0,-0.0,6931.0,0.0,0.0,0.0,0.0,0.0,0.0,0.0,0.0,69,-0.0,-3.222021951857604e+26,0.0,0.0,0.0,0.0,0.0,0.0,0.0,0,0,0,0.0,0.0,0.0,0.0,0.0,0.0,0.0,0.0,0.0,0.0,0.0,0.0,0.0,0.0,0.0,0.0,0,-107875648.0,69,0.0,138,0.0,-0.0,0,13107,17040,0,17049,0,17043,0,0,0,70,68,100,2.7302359370752657e+23,71.1,0.0,74.2,2.7302370179391762e+23,74.0,1,49,50,180,0,52429,0,0,0.0,0.0,0.0,0.0,-0.0,67.0,0.0,162057.094,0.0,750,0,739,0,0,0,721,0,765,0,735,0,742,0,741,0,712,0,7520,0.032,79456894976.0,0.0,0.0,784,16797,-0.0,162057.094,-114818.039,-0.0,0.133,6.909358625270745e+28,30.0,65.0,35,0.0,0.0,0.0,0.0,0.0,0.0,0.0,0.0,0.0,0.0,0.0,0.0,0.0,0.0,0.0,0.0,69.2,0,150,71,54,65476,0,300,0,1,8,20529,65476,0,0,40632,65.0,0.0,0.0,0.0,0.0,0.0
2026-09-04T20:56:43,ERR,ERR,ERR,ERR,ERR,ERR,ERR,ERR,ERR,ERR,ERR,ERR,ERR,ERR,ERR,ERR,ERR,ERR,ERR,ERR,ERR,ERR,ERR,ERR,ERR,ERR,ERR,ERR,ERR,ERR,ERR,ERR,ERR,ERR,ERR,ERR,ERR,ERR,ERR,ERR,ERR,ERR,ERR,ERR,ERR,ERR,ERR,ERR,ERR,ERR,ERR,ERR,ERR,ERR,ERR,ERR,ERR,ERR,ERR,ERR,ERR,ERR,ERR,ERR,ERR,ERR,ERR,ERR,ERR,ERR,ERR,ERR,ERR,ERR,ERR,ERR,ERR,ERR,ERR,ERR,ERR,ERR,ERR,ERR,ERR,ERR,ERR,ERR,ERR,ERR,ERR,ERR,ERR,ERR,ERR,ERR,ERR,ERR,ERR,ERR,ERR,ERR,ERR,ERR,ERR,ERR,ERR,ERR,ERR,ERR,ERR,ERR,ERR,ERR,ERR,ERR,ERR,ERR,ERR,ERR,ERR,ERR,ERR,ERR,ERR,0.0,0.0,0.0,0.0,0.0,1.3936040501711995e+18,7.805,0.0,0,0,4,0,7116,0.0,100,0.0,0.0,0.0,0.0,0.0,0,0,0,0,0.0,0,0,0,0,0,0,0,0,0,0,0,0,0,0,0,0,0,0,0,0,0,0,0,0,0,0,0,0,0,0,0,0,0,31,40,40,71,65476,0,300,0,0,8,21553,0.0,-107605600.0,0.0,0.0,0.0,0.0,0.0,0.0,0.0,0.0,0.0,0.0,0.0,0.0,0.0,0.0,0.0,0.0,0.0,0.0,0.0,0.0,-0.0,2.004,2.004,-0.0,0.0,0.0,0.0,0.0,6330.0,-0.0,6931.0,0.0,0.0,0.0,0.0,0.0,0.0,0.0,0.0,69,-0.0,-3.222021951857604e+26,0.0,0.0,0.0,0.0,0.0,0.0,0.0,0,0,0,0.0,0.0,0.0,0.0,0.0,0.0,0.0,0.0,0.0,0.0,0.0,0.0,0.0,0.0,0.0,0.0,0,-107875648.0,69,0.0,138,0.0,-0.0,0,13107,17040,0,17049,0,17043,0,0,0,70,68,100,2.7302359370752657e+23,71.1,0.0,74.2,2.7302370179391762e+23,74.0,1,49,50,180,0,52429,0,0,0.0,0.0,0.0,0.0,-0.0,67.0,0.0,162057.094,0.0,750,0,739,0,0,0,721,0,765,0,735,0,742,0,741,0,712,0,7520,0.032,79456894976.0,0.0,0.0,784,16797,-0.0,162057.094,-114818.039,-0.0,0.133,6.909358625270745e+28,30.0,65.0,35,0.0,0.0,0.0,0.0,0.0,0.0,0.0,0.0,0.0,0.0,0.0,0.0,0.0,0.0,0.0,0.0,69.2,0,150,71,54,65476,0,300,0,1,8,20529,65476,0,0,40632,65.0,0.0,0.0,0.0,0.0,0.0
2026-09-04T20:56:44,ERR,ERR,ERR,ERR,ERR,ERR,ERR,ERR,ERR,ERR,ERR,ERR,ERR,ERR,ERR,ERR,ERR,ERR,ERR,ERR,ERR,ERR,ERR,ERR,ERR,ERR,ERR,ERR,ERR,ERR,ERR,ERR,ERR,ERR,ERR,ERR,ERR,ERR,ERR,ERR,ERR,ERR,ERR,ERR,ERR,ERR,ERR,ERR,ERR,ERR,ERR,ERR,ERR,ERR,ERR,ERR,ERR,ERR,ERR,ERR,ERR,ERR,ERR,ERR,ERR,ERR,ERR,ERR,ERR,ERR,ERR,ERR,ERR,ERR,ERR,ERR,ERR,ERR,ERR,ERR,ERR,ERR,ERR,ERR,ERR,ERR,ERR,ERR,ERR,ERR,ERR,ERR,ERR,ERR,ERR,ERR,ERR,ERR,ERR,ERR,ERR,ERR,ERR,ERR,ERR,ERR,ERR,ERR,ERR,ERR,ERR,ERR,ERR,ERR,ERR,ERR,ERR,ERR,ERR,ERR,ERR,ERR,ERR,ERR,ERR,0.0,0.0,0.0,0.0,0.0,1.3936040501711995e+18,7.805,0.0,0,0,4,0,7116,0.0,100,0.0,0.0,0.0,0.0,0.0,0,0,0,0,0.0,0,0,0,0,0,0,0,0,0,0,0,0,0,0,0,0,0,0,0,0,0,0,0,0,0,0,0,0,0,0,0,0,0,31,40,40,71,65476,0,300,0,0,8,21553,0.0,-107605600.0,0.0,0.0,0.0,0.0,0.0,0.0,0.0,0.0,0.0,0.0,0.0,0.0,0.0,0.0,0.0,0.0,0.0,0.0,0.0,0.0,-0.0,2.004,2.004,-0.0,0.0,0.0,0.0,0.0,6330.0,-0.0,6931.0,0.0,0.0,0.0,0.0,0.0,0.0,0.0,0.0,69,-0.0,-3.222021951857604e+26,0.0,0.0,0.0,0.0,0.0,0.0,0.0,0,0,0,0.0,0.0,0.0,0.0,0.0,0.0,0.0,0.0,0.0,0.0,0.0,0.0,0.0,0.0,0.0,0.0,0,-107875648.0,69,0.0,138,0.0,-0.0,0,13107,17040,0,17049,0,17043,0,0,0,70,68,100,2.7302359370752657e+23,71.1,0.0,74.2,2.7302370179391762e+23,74.0,1,49,50,180,0,52429,0,0,0.0,0.0,0.0,0.0,-0.0,67.0,0.0,162057.094,0.0,750,0,739,0,0,0,721,0,765,0,735,0,742,0,741,0,712,0,7520,0.032,79456894976.0,0.0,0.0,784,16797,-0.0,162057.094,-114818.039,-0.0,0.133,6.909358625270745e+28,30.0,65.0,35,0.0,0.0,0.0,0.0,0.0,0.0,0.0,0.0,0.0,0.0,0.0,0.0,0.0,0.0,0.0,0.0,69.2,0,150,71,54,65476,0,300,0,1,8,20529,65476,0,0,40632,65.0,0.0,0.0,0.0,0.0,0.0
2026-09-04T20:56:45,ERR,ERR,ERR,ERR,ERR,ERR,ERR,ERR,ERR,ERR,ERR,ERR,ERR,ERR,ERR,ERR,ERR,ERR,ERR,ERR,ERR,ERR,ERR,ERR,ERR,ERR,ERR,ERR,ERR,ERR,ERR,ERR,ERR,ERR,ERR,ERR,ERR,ERR,ERR,ERR,ERR,ERR,ERR,ERR,ERR,ERR,ERR,ERR,ERR,ERR,ERR,ERR,ERR,ERR,ERR,ERR,ERR,ERR,ERR,ERR,ERR,ERR,ERR,ERR,ERR,ERR,ERR,ERR,ERR,ERR,ERR,ERR,ERR,ERR,ERR,ERR,ERR,ERR,ERR,ERR,ERR,ERR,ERR,ERR,ERR,ERR,ERR,ERR,ERR,ERR,ERR,ERR,ERR,ERR,ERR,ERR,ERR,ERR,ERR,ERR,ERR,ERR,ERR,ERR,ERR,ERR,ERR,ERR,ERR,ERR,ERR,ERR,ERR,ERR,ERR,ERR,ERR,ERR,ERR,ERR,ERR,ERR,ERR,ERR,ERR,0.0,0.0,0.0,0.0,0.0,1.3936040501711995e+18,7.805,0.0,0,0,4,0,7116,0.0,100,0.0,0.0,0.0,0.0,0.0,0,0,0,0,0.0,0,0,0,0,0,0,0,0,0,0,0,0,0,0,0,0,0,0,0,0,0,0,0,0,0,0,0,0,0,0,0,0,0,31,40,40,71,65476,0,300,0,0,8,21553,0.0,-107605600.0,0.0,0.0,0.0,0.0,0.0,0.0,0.0,0.0,0.0,0.0,0.0,0.0,0.0,0.0,0.0,0.0,0.0,0.0,0.0,0.0,-0.0,2.004,2.004,-0.0,0.0,0.0,0.0,0.0,6330.0,-0.0,6931.0,0.0,0.0,0.0,0.0,0.0,0.0,0.0,0.0,69,-0.0,-3.222021951857604e+26,0.0,0.0,0.0,0.0,0.0,0.0,0.0,0,0,0,0.0,0.0,0.0,0.0,0.0,0.0,0.0,0.0,0.0,0.0,0.0,0.0,0.0,0.0,0.0,0.0,0,-107875648.0,69,0.0,138,0.0,-0.0,0,13107,17040,0,17049,0,17043,0,0,0,70,68,100,2.7302359370752657e+23,71.1,0.0,74.2,2.7302370179391762e+23,74.0,1,49,50,180,0,52429,0,0,0.0,0.0,0.0,0.0,-0.0,67.0,0.0,162057.094,0.0,750,0,739,0,0,0,721,0,765,0,735,0,742,0,741,0,712,0,7520,0.032,79456894976.0,0.0,0.0,784,16797,-0.0,162057.094,-114818.039,-0.0,0.133,6.909358625270745e+28,30.0,65.0,35,0.0,0.0,0.0,0.0,0.0,0.0,0.0,0.0,0.0,0.0,0.0,0.0,0.0,0.0,0.0,0.0,69.2,0,150,71,54,65476,0,300,0,1,8,20529,65476,0,0,40632,65.0,0.0,0.0,0.0,0.0,0.0
2026-09-04T20:56:46,ERR,ERR,ERR,ERR,ERR,ERR,ERR,ERR,ERR,ERR,ERR,ERR,ERR,ERR,ERR,ERR,ERR,ERR,ERR,ERR,ERR,ERR,ERR,ERR,ERR,ERR,ERR,ERR,ERR,ERR,ERR,ERR,ERR,ERR,ERR,ERR,ERR,ERR,ERR,ERR,ERR,ERR,ERR,ERR,ERR,ERR,ERR,ERR,ERR,ERR,ERR,ERR,ERR,ERR,ERR,ERR,ERR,ERR,ERR,ERR,ERR,ERR,ERR,ERR,ERR,ERR,ERR,ERR,ERR,ERR,ERR,ERR,ERR,ERR,ERR,ERR,ERR,ERR,ERR,ERR,ERR,ERR,ERR,ERR,ERR,ERR,ERR,ERR,ERR,ERR,ERR,ERR,ERR,ERR,ERR,ERR,ERR,ERR,ERR,ERR,ERR,ERR,ERR,ERR,ERR,ERR,ERR,ERR,ERR,ERR,ERR,ERR,ERR,ERR,ERR,ERR,ERR,ERR,ERR,ERR,ERR,ERR,ERR,ERR,ERR,0.0,0.0,0.0,0.0,0.0,1.3936040501711995e+18,7.805,0.0,0,0,4,0,7116,0.0,100,0.0,0.0,0.0,0.0,0.0,0,0,0,0,0.0,0,0,0,0,0,0,0,0,0,0,0,0,0,0,0,0,0,0,0,0,0,0,0,0,0,0,0,0,0,0,0,0,0,31,40,40,71,65476,0,300,0,0,8,21553,0.0,-107605600.0,0.0,0.0,0.0,0.0,0.0,0.0,0.0,0.0,0.0,0.0,0.0,0.0,0.0,0.0,0.0,0.0,0.0,0.0,0.0,0.0,-0.0,2.004,2.004,-0.0,0.0,0.0,0.0,0.0,6327.0,0.0,6917.0,0.0,0.0,0.0,0.0,0.0,0.0,0.0,0.0,69,-0.0,1.9056948562991514e+17,0.0,0.0,0.0,0.0,0.0,0.0,0.0,0,0,0,0.0,0.0,0.0,0.0,0.0,0.0,0.0,0.0,0.0,0.0,0.0,0.0,0.0,0.0,0.0,0.0,0,-107875648.0,69,0.0,138,0.0,-0.0,0,13107,17040,0,17049,0,17043,0,0,0,70,68,100,2.7302359370752657e+23,71.1,0.0,74.2,2.7302370179391762e+23,74.0,1,49,50,180,0,52429,0,0,0.0,0.0,0.0,0.0,-0.0,67.0,0.0,162057.094,0.0,750,0,739,0,0,0,721,0,765,0,735,0,742,0,741,0,712,0,7520,0.032,79456894976.0,0.0,0.0,784,16797,-0.0,162057.094,-114818.039,-0.0,0.133,6.909358625270745e+28,30.0,65.0,35,0.0,0.0,0.0,0.0,0.0,0.0,0.0,0.0,0.0,0.0,0.0,0.0,0.0,0.0,0.0,0.0,69.2,0,150,71,54,65476,0,300,0,1,8,20529,65476,0,0,40632,65.0,0.0,0.0,0.0,0.0,0.0
2026-09-04T20:56:47,ERR,ERR,ERR,ERR,ERR,ERR,ERR,ERR,ERR,ERR,ERR,ERR,ERR,ERR,ERR,ERR,ERR,ERR,ERR,ERR,ERR,ERR,ERR,ERR,ERR,ERR,ERR,ERR,ERR,ERR,ERR,ERR,ERR,ERR,ERR,ERR,ERR,ERR,ERR,ERR,ERR,ERR,ERR,ERR,ERR,ERR,ERR,ERR,ERR,ERR,ERR,ERR,ERR,ERR,ERR,ERR,ERR,ERR,ERR,ERR,ERR,ERR,ERR,ERR,ERR,ERR,ERR,ERR,ERR,ERR,ERR,ERR,ERR,ERR,ERR,ERR,ERR,ERR,ERR,ERR,ERR,ERR,ERR,ERR,ERR,ERR,ERR,ERR,ERR,ERR,ERR,ERR,ERR,ERR,ERR,ERR,ERR,ERR,ERR,ERR,ERR,ERR,ERR,ERR,ERR,ERR,ERR,ERR,ERR,ERR,ERR,ERR,ERR,ERR,ERR,ERR,ERR,ERR,ERR,ERR,ERR,ERR,ERR,ERR,ERR,0.0,0.0,0.0,0.0,0.0,1.3936040501711995e+18,7.805,0.0,0,0,4,0,7116,0.0,100,0.0,0.0,0.0,0.0,0.0,0,0,0,0,0.0,0,0,0,0,0,0,0,0,0,0,0,0,0,0,0,0,0,0,0,0,0,0,0,0,0,0,0,0,0,0,0,0,0,31,40,40,71,65476,0,300,0,0,8,21553,0.0,-107605600.0,0.0,0.0,0.0,0.0,0.0,0.0,0.0,0.0,0.0,0.0,0.0,0.0,0.0,0.0,0.0,0.0,0.0,0.0,0.0,0.0,-0.0,2.004,2.004,-0.0,0.0,0.0,0.0,0.0,6327.0,0.0,6917.0,0.0,0.0,0.0,0.0,0.0,0.0,0.0,0.0,69,-0.0,1.9056948562991514e+17,0.0,0.0,0.0,0.0,0.0,0.0,0.0,0,0,0,0.0,0.0,0.0,0.0,0.0,0.0,0.0,0.0,0.0,0.0,0.0,0.0,0.0,0.0,0.0,0.0,0,-107875648.0,69,0.0,138,0.0,-0.0,0,13107,17040,0,17049,0,17043,0,0,0,70,68,100,2.7302359370752657e+23,71.1,0.0,74.2,2.7302370179391762e+23,74.0,1,49,50,180,0,52429,0,0,0.0,0.0,0.0,0.0,-0.0,67.0,0.0,162057.094,0.0,750,0,739,0,0,0,721,0,765,0,735,0,742,0,741,0,712,0,7520,0.032,79456894976.0,0.0,0.0,784,16797,-0.0,162057.094,-114818.039,-0.0,0.133,6.909358625270745e+28,30.0,65.0,35,0.0,0.0,0.0,0.0,0.0,0.0,0.0,0.0,0.0,0.0,0.0,0.0,0.0,0.0,0.0,0.0,69.2,0,150,71,54,65476,0,300,0,1,8,20529,65476,0,0,40632,65.0,0.0,0.0,0.0,0.0,0.0
2026-09-04T20:56:48,ERR,ERR,ERR,ERR,ERR,ERR,ERR,ERR,ERR,ERR,ERR,ERR,ERR,ERR,ERR,ERR,ERR,ERR,ERR,ERR,ERR,ERR,ERR,ERR,ERR,ERR,ERR,ERR,ERR,ERR,ERR,ERR,ERR,ERR,ERR,ERR,ERR,ERR,ERR,ERR,ERR,ERR,ERR,ERR,ERR,ERR,ERR,ERR,ERR,ERR,ERR,ERR,ERR,ERR,ERR,ERR,ERR,ERR,ERR,ERR,ERR,ERR,ERR,ERR,ERR,ERR,ERR,ERR,ERR,ERR,ERR,ERR,ERR,ERR,ERR,ERR,ERR,ERR,ERR,ERR,ERR,ERR,ERR,ERR,ERR,ERR,ERR,ERR,ERR,ERR,ERR,ERR,ERR,ERR,ERR,ERR,ERR,ERR,ERR,ERR,ERR,ERR,ERR,ERR,ERR,ERR,ERR,ERR,ERR,ERR,ERR,ERR,ERR,ERR,ERR,ERR,ERR,ERR,ERR,ERR,ERR,ERR,ERR,ERR,ERR,0.0,0.0,0.0,0.0,0.0,1.3936040501711995e+18,7.805,0.0,0,0,4,0,7116,0.0,100,0.0,0.0,0.0,0.0,0.0,0,0,0,0,0.0,0,0,0,0,0,0,0,0,0,0,0,0,0,0,0,0,0,0,0,0,0,0,0,0,0,0,0,0,0,0,0,0,0,31,40,40,71,65476,0,300,0,0,8,21553,0.0,-107605600.0,0.0,0.0,0.0,0.0,0.0,0.0,0.0,0.0,0.0,0.0,0.0,0.0,0.0,0.0,0.0,0.0,0.0,0.0,0.0,0.0,-0.0,2.004,2.004,-0.0,0.0,0.0,0.0,0.0,6327.0,0.0,6917.0,0.0,0.0,0.0,0.0,0.0,0.0,0.0,0.0,69,-0.0,1.9056948562991514e+17,0.0,0.0,0.0,0.0,0.0,0.0,0.0,0,0,0,0.0,0.0,0.0,0.0,0.0,0.0,0.0,0.0,0.0,0.0,0.0,0.0,0.0,0.0,0.0,0.0,0,-107875648.0,69,0.0,138,0.0,-0.0,0,13107,17040,0,17049,0,17043,0,0,0,70,68,100,2.7302359370752657e+23,71.1,0.0,74.2,2.7302370179391762e+23,74.0,1,49,50,180,0,52429,0,0,0.0,0.0,0.0,0.0,-0.0,67.0,0.0,162057.094,0.0,750,0,739,0,0,0,721,0,765,0,735,0,742,0,741,0,712,0,7520,0.032,79456894976.0,0.0,0.0,784,16797,-0.0,162057.094,-114818.039,-0.0,0.133,6.909358625270745e+28,30.0,65.0,35,0.0,0.0,0.0,0.0,0.0,0.0,0.0,0.0,0.0,0.0,0.0,0.0,0.0,0.0,0.0,0.0,69.2,0,150,71,54,65476,0,300,0,1,8,20529,65476,0,0,40632,65.0,0.0,0.0,0.0,0.0,0.0
2026-09-04T20:56:49,ERR,ERR,ERR,ERR,ERR,ERR,ERR,ERR,ERR,ERR,ERR,ERR,ERR,ERR,ERR,ERR,ERR,ERR,ERR,ERR,ERR,ERR,ERR,ERR,ERR,ERR,ERR,ERR,ERR,ERR,ERR,ERR,ERR,ERR,ERR,ERR,ERR,ERR,ERR,ERR,ERR,ERR,ERR,ERR,ERR,ERR,ERR,ERR,ERR,ERR,ERR,ERR,ERR,ERR,ERR,ERR,ERR,ERR,ERR,ERR,ERR,ERR,ERR,ERR,ERR,ERR,ERR,ERR,ERR,ERR,ERR,ERR,ERR,ERR,ERR,ERR,ERR,ERR,ERR,ERR,ERR,ERR,ERR,ERR,ERR,ERR,ERR,ERR,ERR,ERR,ERR,ERR,ERR,ERR,ERR,ERR,ERR,ERR,ERR,ERR,ERR,ERR,ERR,ERR,ERR,ERR,ERR,ERR,ERR,ERR,ERR,ERR,ERR,ERR,ERR,ERR,ERR,ERR,ERR,ERR,ERR,ERR,ERR,ERR,ERR,0.0,0.0,0.0,0.0,0.0,1.3936040501711995e+18,7.805,0.0,0,0,4,0,7116,0.0,100,0.0,0.0,0.0,0.0,0.0,0,0,0,0,0.0,0,0,0,0,0,0,0,0,0,0,0,0,0,0,0,0,0,0,0,0,0,0,0,0,0,0,0,0,0,0,0,0,0,31,40,40,71,65476,0,300,0,0,8,21553,0.0,-107605600.0,0.0,0.0,0.0,0.0,0.0,0.0,0.0,0.0,0.0,0.0,0.0,0.0,0.0,0.0,0.0,0.0,0.0,0.0,0.0,0.0,-0.0,2.004,2.004,-0.0,0.0,0.0,0.0,0.0,6327.0,0.0,6917.0,0.0,0.0,0.0,0.0,0.0,0.0,0.0,0.0,69,-0.0,1.9056948562991514e+17,0.0,0.0,0.0,0.0,0.0,0.0,0.0,0,0,0,0.0,0.0,0.0,0.0,0.0,0.0,0.0,0.0,0.0,0.0,0.0,0.0,0.0,0.0,0.0,0.0,0,-107875648.0,69,0.0,138,0.0,-0.0,0,13107,17040,0,17049,0,17043,0,0,0,70,68,100,2.7302359370752657e+23,71.1,0.0,74.2,2.7302370179391762e+23,74.0,1,49,50,180,0,52429,0,0,0.0,0.0,0.0,0.0,-0.0,67.0,0.0,162057.094,0.0,750,0,739,0,0,0,721,0,765,0,735,0,742,0,741,0,712,0,7520,0.032,79456894976.0,0.0,0.0,784,16797,-0.0,162057.094,-114818.039,-0.0,0.133,6.909358625270745e+28,30.0,65.0,35,0.0,0.0,0.0,0.0,0.0,0.0,0.0,0.0,0.0,0.0,0.0,0.0,0.0,0.0,0.0,0.0,69.2,0,150,71,54,65476,0,300,0,1,8,20529,65476,0,0,40632,65.0,0.0,0.0,0.0,0.0,0.0
2026-09-04T20:56:50,ERR,ERR,ERR,ERR,ERR,ERR,ERR,ERR,ERR,ERR,ERR,ERR,ERR,ERR,ERR,ERR,ERR,ERR,ERR,ERR,ERR,ERR,ERR,ERR,ERR,ERR,ERR,ERR,ERR,ERR,ERR,ERR,ERR,ERR,ERR,ERR,ERR,ERR,ERR,ERR,ERR,ERR,ERR,ERR,ERR,ERR,ERR,ERR,ERR,ERR,ERR,ERR,ERR,ERR,ERR,ERR,ERR,ERR,ERR,ERR,ERR,ERR,ERR,ERR,ERR,ERR,ERR,ERR,ERR,ERR,ERR,ERR,ERR,ERR,ERR,ERR,ERR,ERR,ERR,ERR,ERR,ERR,ERR,ERR,ERR,ERR,ERR,ERR,ERR,ERR,ERR,ERR,ERR,ERR,ERR,ERR,ERR,ERR,ERR,ERR,ERR,ERR,ERR,ERR,ERR,ERR,ERR,ERR,ERR,ERR,ERR,ERR,ERR,ERR,ERR,ERR,ERR,ERR,ERR,ERR,ERR,ERR,ERR,ERR,ERR,0.0,0.0,0.0,0.0,0.0,1.3936040501711995e+18,7.805,0.0,0,0,4,0,7116,0.0,100,0.0,0.0,0.0,0.0,0.0,0,0,0,0,0.0,0,0,0,0,0,0,0,0,0,0,0,0,0,0,0,0,0,0,0,0,0,0,0,0,0,0,0,0,0,0,0,0,0,31,40,40,71,65476,0,300,0,0,8,21553,0.0,-107605600.0,0.0,0.0,0.0,0.0,0.0,0.0,0.0,0.0,0.0,0.0,0.0,0.0,0.0,0.0,0.0,0.0,0.0,0.0,0.0,0.0,-0.0,2.004,2.004,-0.0,0.0,0.0,0.0,0.0,6327.0,0.0,6917.0,0.0,0.0,0.0,0.0,0.0,0.0,0.0,0.0,69,-0.0,1.9056948562991514e+17,0.0,0.0,0.0,0.0,0.0,0.0,0.0,0,0,0,0.0,0.0,0.0,0.0,0.0,0.0,0.0,0.0,0.0,0.0,0.0,0.0,0.0,0.0,0.0,0.0,0,-107875648.0,69,0.0,138,0.0,-0.0,0,13107,17040,0,17049,0,17043,0,0,0,70,68,100,2.7302359370752657e+23,71.1,0.0,74.2,2.7302370179391762e+23,74.0,1,49,50,180,0,52429,0,0,0.0,0.0,0.0,0.0,-0.0,67.0,0.0,162057.094,0.0,750,0,739,0,0,0,721,0,765,0,735,0,742,0,741,0,712,0,7520,0.032,79456894976.0,0.0,0.0,784,16797,-0.0,162057.094,-114818.039,-0.0,0.133,6.909358625270745e+28,30.0,65.0,35,0.0,0.0,0.0,0.0,0.0,0.0,0.0,0.0,0.0,0.0,0.0,0.0,0.0,0.0,0.0,0.0,69.2,0,150,71,54,65476,0,300,0,1,8,20529,65476,0,0,40632,65.0,0.0,0.0,0.0,0.0,0.0
2026-09-04T20:56:51,ERR,ERR,ERR,ERR,ERR,ERR,ERR,ERR,ERR,ERR,ERR,ERR,ERR,ERR,ERR,ERR,ERR,ERR,ERR,ERR,ERR,ERR,ERR,ERR,ERR,ERR,ERR,ERR,ERR,ERR,ERR,ERR,ERR,ERR,ERR,ERR,ERR,ERR,ERR,ERR,ERR,ERR,ERR,ERR,ERR,ERR,ERR,ERR,ERR,ERR,ERR,ERR,ERR,ERR,ERR,ERR,ERR,ERR,ERR,ERR,ERR,ERR,ERR,ERR,ERR,ERR,ERR,ERR,ERR,ERR,ERR,ERR,ERR,ERR,ERR,ERR,ERR,ERR,ERR,ERR,ERR,ERR,ERR,ERR,ERR,ERR,ERR,ERR,ERR,ERR,ERR,ERR,ERR,ERR,ERR,ERR,ERR,ERR,ERR,ERR,ERR,ERR,ERR,ERR,ERR,ERR,ERR,ERR,ERR,ERR,ERR,ERR,ERR,ERR,ERR,ERR,ERR,ERR,ERR,ERR,ERR,ERR,ERR,ERR,ERR,0.0,0.0,0.0,0.0,0.0,1.3936040501711995e+18,7.805,0.0,0,0,4,0,7116,0.0,100,0.0,0.0,0.0,0.0,0.0,0,0,0,0,0.0,0,0,0,0,0,0,0,0,0,0,0,0,0,0,0,0,0,0,0,0,0,0,0,0,0,0,0,0,0,0,0,0,0,31,40,40,71,65476,0,300,0,0,8,21553,0.0,-107605600.0,0.0,0.0,0.0,0.0,0.0,0.0,0.0,0.0,0.0,0.0,0.0,0.0,0.0,0.0,0.0,0.0,0.0,0.0,0.0,0.0,-0.0,2.004,2.004,-0.0,0.0,0.0,0.0,0.0,6327.0,0.0,6917.0,0.0,0.0,0.0,0.0,0.0,0.0,0.0,0.0,69,-0.0,1.9056948562991514e+17,0.0,0.0,0.0,0.0,0.0,0.0,0.0,0,0,0,0.0,0.0,0.0,0.0,0.0,0.0,0.0,0.0,0.0,0.0,0.0,0.0,0.0,0.0,0.0,0.0,0,-107875648.0,69,0.0,138,0.0,-0.0,0,13107,17040,0,17049,0,17043,0,0,0,70,68,100,2.7302359370752657e+23,71.1,0.0,74.2,2.7302370179391762e+23,74.0,1,49,50,180,0,52429,0,0,0.0,0.0,0.0,0.0,-0.0,67.0,0.0,162057.094,0.0,750,0,739,0,0,0,721,0,765,0,735,0,742,0,741,0,712,0,7520,0.032,79456894976.0,0.0,0.0,784,16797,-0.0,162057.094,-114818.039,-0.0,0.133,6.909358625270745e+28,30.0,65.0,35,0.0,0.0,0.0,0.0,0.0,0.0,0.0,0.0,0.0,0.0,0.0,0.0,0.0,0.0,0.0,0.0,69.2,0,150,71,54,65476,0,300,0,1,8,20529,65476,0,0,40632,65.0,0.0,0.0,0.0,0.0,0.0
2026-09-04T20:56:52,ERR,ERR,ERR,ERR,ERR,ERR,ERR,ERR,ERR,ERR,ERR,ERR,ERR,ERR,ERR,ERR,ERR,ERR,ERR,ERR,ERR,ERR,ERR,ERR,ERR,ERR,ERR,ERR,ERR,ERR,ERR,ERR,ERR,ERR,ERR,ERR,ERR,ERR,ERR,ERR,ERR,ERR,ERR,ERR,ERR,ERR,ERR,ERR,ERR,ERR,ERR,ERR,ERR,ERR,ERR,ERR,ERR,ERR,ERR,ERR,ERR,ERR,ERR,ERR,ERR,ERR,ERR,ERR,ERR,ERR,ERR,ERR,ERR,ERR,ERR,ERR,ERR,ERR,ERR,ERR,ERR,ERR,ERR,ERR,ERR,ERR,ERR,ERR,ERR,ERR,ERR,ERR,ERR,ERR,ERR,ERR,ERR,ERR,ERR,ERR,ERR,ERR,ERR,ERR,ERR,ERR,ERR,ERR,ERR,ERR,ERR,ERR,ERR,ERR,ERR,ERR,ERR,ERR,ERR,ERR,ERR,ERR,ERR,ERR,ERR,0.0,0.0,0.0,0.0,0.0,1.3936040501711995e+18,7.805,0.0,0,0,4,0,7116,0.0,100,0.0,0.0,0.0,0.0,0.0,0,0,0,0,0.0,0,0,0,0,0,0,0,0,0,0,0,0,0,0,0,0,0,0,0,0,0,0,0,0,0,0,0,0,0,0,0,0,0,31,40,40,71,65476,0,300,0,0,8,21553,0.0,-107605600.0,0.0,0.0,0.0,0.0,0.0,0.0,0.0,0.0,0.0,0.0,0.0,0.0,0.0,0.0,0.0,0.0,0.0,0.0,0.0,0.0,-0.0,2.004,2.004,-0.0,0.0,0.0,0.0,0.0,6327.0,0.0,6917.0,0.0,0.0,0.0,0.0,0.0,0.0,0.0,0.0,69,-0.0,1.9056948562991514e+17,0.0,0.0,0.0,0.0,0.0,0.0,0.0,0,0,0,0.0,0.0,0.0,0.0,0.0,0.0,0.0,0.0,0.0,0.0,0.0,0.0,0.0,0.0,0.0,0.0,0,-107875648.0,69,0.0,138,0.0,-0.0,0,13107,17040,0,17049,0,17043,0,0,0,70,68,100,2.7302359370752657e+23,71.1,0.0,74.2,2.7302370179391762e+23,74.0,1,49,50,180,0,52429,0,0,0.0,0.0,0.0,0.0,-0.0,67.0,0.0,162057.094,0.0,750,0,739,0,0,0,721,0,765,0,735,0,742,0,741,0,712,0,7520,0.032,79456894976.0,0.0,0.0,784,16797,-0.0,162057.094,-114818.039,-0.0,0.133,6.909358625270745e+28,30.0,65.0,35,0.0,0.0,0.0,0.0,0.0,0.0,0.0,0.0,0.0,0.0,0.0,0.0,0.0,0.0,0.0,0.0,69.2,0,150,71,54,65476,0,300,0,1,8,20529,65476,0,0,40632,65.0,0.0,0.0,0.0,0.0,0.0
2026-09-04T20:56:53,ERR,ERR,ERR,ERR,ERR,ERR,ERR,ERR,ERR,ERR,ERR,ERR,ERR,ERR,ERR,ERR,ERR,ERR,ERR,ERR,ERR,ERR,ERR,ERR,ERR,ERR,ERR,ERR,ERR,ERR,ERR,ERR,ERR,ERR,ERR,ERR,ERR,ERR,ERR,ERR,ERR,ERR,ERR,ERR,ERR,ERR,ERR,ERR,ERR,ERR,ERR,ERR,ERR,ERR,ERR,ERR,ERR,ERR,ERR,ERR,ERR,ERR,ERR,ERR,ERR,ERR,ERR,ERR,ERR,ERR,ERR,ERR,ERR,ERR,ERR,ERR,ERR,ERR,ERR,ERR,ERR,ERR,ERR,ERR,ERR,ERR,ERR,ERR,ERR,ERR,ERR,ERR,ERR,ERR,ERR,ERR,ERR,ERR,ERR,ERR,ERR,ERR,ERR,ERR,ERR,ERR,ERR,ERR,ERR,ERR,ERR,ERR,ERR,ERR,ERR,ERR,ERR,ERR,ERR,ERR,ERR,ERR,ERR,ERR,ERR,0.0,-107615392.0,0.0,0.0,0.0,1.3936040501711995e+18,7.805,0.0,0,0,4,0,7116,0.0,100,0.0,0.0,0.0,0.0,0.0,0,0,0,0,0.0,0,0,0,0,0,0,0,0,0,0,0,0,0,0,0,0,0,0,0,0,0,0,0,0,0,0,0,0,0,0,0,0,0,31,40,40,71,65476,0,300,0,0,8,21553,0.0,-107605600.0,0.0,0.0,0.0,0.0,0.0,0.0,0.0,0.0,0.0,0.0,0.0,0.0,0.0,0.0,0.0,0.0,0.0,0.0,0.0,0.0,-0.0,2.004,2.004,-0.0,0.0,0.0,0.0,0.0,6331.0,0.0,6912.0,0.0,0.0,0.0,0.0,0.0,0.0,0.0,0.0,69,-0.0,0.0,0.0,0.0,0.0,0.0,0.0,0.0,0.0,0,0,0,0.0,0.0,0.0,0.0,0.0,0.0,0.0,0.0,0.0,0.0,0.0,0.0,0.0,0.0,0.0,0.0,0,-107875648.0,69,0.0,138,0.0,-0.0,0,13107,17040,0,17049,0,17043,0,0,0,70,68,100,2.7302359370752657e+23,71.1,0.0,74.2,2.7302370179391762e+23,74.0,1,49,50,180,0,52429,0,0,0.0,0.0,0.0,0.0,-0.0,67.0,0.0,162057.094,0.0,750,0,739,0,0,0,721,0,765,0,735,0,742,0,741,0,712,0,7520,0.032,79456894976.0,0.0,0.0,784,16797,-0.0,162057.094,-114818.039,-0.0,0.133,6.909358625270745e+28,30.0,65.0,35,0.0,0.0,0.0,0.0,0.0,0.0,0.0,0.0,0.0,0.0,0.0,0.0,0.0,0.0,0.0,0.0,69.2,0,150,71,54,65476,0,300,0,1,8,20529,65476,0,0,40632,65.0,0.0,0.0,0.0,0.0,0.0
2026-09-04T20:56:54,ERR,ERR,ERR,ERR,ERR,ERR,ERR,ERR,ERR,ERR,ERR,ERR,ERR,ERR,ERR,ERR,ERR,ERR,ERR,ERR,ERR,ERR,ERR,ERR,ERR,ERR,ERR,ERR,ERR,ERR,ERR,ERR,ERR,ERR,ERR,ERR,ERR,ERR,ERR,ERR,ERR,ERR,ERR,ERR,ERR,ERR,ERR,ERR,ERR,ERR,ERR,ERR,ERR,ERR,ERR,ERR,ERR,ERR,ERR,ERR,ERR,ERR,ERR,ERR,ERR,ERR,ERR,ERR,ERR,ERR,ERR,ERR,ERR,ERR,ERR,ERR,ERR,ERR,ERR,ERR,ERR,ERR,ERR,ERR,ERR,ERR,ERR,ERR,ERR,ERR,ERR,ERR,ERR,ERR,ERR,ERR,ERR,ERR,ERR,ERR,ERR,ERR,ERR,ERR,ERR,ERR,ERR,ERR,ERR,ERR,ERR,ERR,ERR,ERR,ERR,ERR,ERR,ERR,ERR,ERR,ERR,ERR,ERR,ERR,ERR,0.0,-107615392.0,0.0,0.0,0.0,1.3936040501711995e+18,7.805,0.0,0,0,4,0,7116,0.0,100,0.0,0.0,0.0,0.0,0.0,0,0,0,0,0.0,0,0,0,0,0,0,0,0,0,0,0,0,0,0,0,0,0,0,0,0,0,0,0,0,0,0,0,0,0,0,0,0,0,31,40,40,71,65476,0,300,0,0,8,21553,0.0,-107605600.0,0.0,0.0,0.0,0.0,0.0,0.0,0.0,0.0,0.0,0.0,0.0,0.0,0.0,0.0,0.0,0.0,0.0,0.0,0.0,0.0,-0.0,2.004,2.004,-0.0,0.0,0.0,0.0,0.0,6331.0,0.0,6912.0,0.0,0.0,0.0,0.0,0.0,0.0,0.0,0.0,69,-0.0,0.0,0.0,0.0,0.0,0.0,0.0,0.0,0.0,0,0,0,0.0,0.0,0.0,0.0,0.0,0.0,0.0,0.0,0.0,0.0,0.0,0.0,0.0,0.0,0.0,0.0,0,-107875648.0,69,0.0,138,0.0,-0.0,0,13107,17040,0,17049,0,17043,0,0,0,70,68,100,2.7302359370752657e+23,71.1,0.0,74.2,2.7302370179391762e+23,74.0,1,49,50,180,0,52429,0,0,0.0,0.0,0.0,0.0,-0.0,67.0,0.0,162057.094,0.0,750,0,739,0,0,0,721,0,765,0,735,0,742,0,741,0,712,0,7520,0.032,79456894976.0,0.0,0.0,784,16797,-0.0,162057.094,-114818.039,-0.0,0.133,6.909358625270745e+28,30.0,65.0,35,0.0,0.0,0.0,0.0,0.0,0.0,0.0,0.0,0.0,0.0,0.0,0.0,0.0,0.0,0.0,0.0,69.2,0,150,71,54,65476,0,300,0,1,8,20529,65476,0,0,40632,65.0,0.0,0.0,0.0,0.0,0.0
2026-09-04T20:56:55,ERR,ERR,ERR,ERR,ERR,ERR,ERR,ERR,ERR,ERR,ERR,ERR,ERR,ERR,ERR,ERR,ERR,ERR,ERR,ERR,ERR,ERR,ERR,ERR,ERR,ERR,ERR,ERR,ERR,ERR,ERR,ERR,ERR,ERR,ERR,ERR,ERR,ERR,ERR,ERR,ERR,ERR,ERR,ERR,ERR,ERR,ERR,ERR,ERR,ERR,ERR,ERR,ERR,ERR,ERR,ERR,ERR,ERR,ERR,ERR,ERR,ERR,ERR,ERR,ERR,ERR,ERR,ERR,ERR,ERR,ERR,ERR,ERR,ERR,ERR,ERR,ERR,ERR,ERR,ERR,ERR,ERR,ERR,ERR,ERR,ERR,ERR,ERR,ERR,ERR,ERR,ERR,ERR,ERR,ERR,ERR,ERR,ERR,ERR,ERR,ERR,ERR,ERR,ERR,ERR,ERR,ERR,ERR,ERR,ERR,ERR,ERR,ERR,ERR,ERR,ERR,ERR,ERR,ERR,ERR,ERR,ERR,ERR,ERR,ERR,0.0,-107615392.0,0.0,0.0,0.0,1.3936040501711995e+18,7.805,0.0,0,0,4,0,7116,0.0,100,0.0,0.0,0.0,0.0,0.0,0,0,0,0,0.0,0,0,0,0,0,0,0,0,0,0,0,0,0,0,0,0,0,0,0,0,0,0,0,0,0,0,0,0,0,0,0,0,0,31,40,40,71,65476,0,300,0,0,8,21553,0.0,-107605600.0,0.0,0.0,0.0,0.0,0.0,0.0,0.0,0.0,0.0,0.0,0.0,0.0,0.0,0.0,0.0,0.0,0.0,0.0,0.0,0.0,-0.0,2.004,2.004,-0.0,0.0,0.0,0.0,0.0,6331.0,0.0,6912.0,0.0,0.0,0.0,0.0,0.0,0.0,0.0,0.0,69,-0.0,0.0,0.0,0.0,0.0,0.0,0.0,0.0,0.0,0,0,0,0.0,0.0,0.0,0.0,0.0,0.0,0.0,0.0,0.0,0.0,0.0,0.0,0.0,0.0,0.0,0.0,0,-107875648.0,69,0.0,138,0.0,-0.0,0,13107,17040,0,17049,0,17043,0,0,0,70,68,100,2.7302359370752657e+23,71.1,0.0,74.2,2.7302370179391762e+23,74.0,1,49,50,180,0,52429,0,0,0.0,0.0,0.0,0.0,-0.0,67.0,0.0,162057.094,0.0,750,0,739,0,0,0,721,0,765,0,735,0,742,0,741,0,712,0,7520,0.032,79456894976.0,0.0,0.0,784,16797,-0.0,162057.094,-114818.039,-0.0,0.133,6.909358625270745e+28,30.0,65.0,35,0.0,0.0,0.0,0.0,0.0,0.0,0.0,0.0,0.0,0.0,0.0,0.0,0.0,0.0,0.0,0.0,69.2,0,150,71,54,65476,0,300,0,1,8,20529,65476,0,0,40632,65.0,0.0,0.0,0.0,0.0,0.0
2026-09-04T20:56:56,ERR,ERR,ERR,ERR,ERR,ERR,ERR,ERR,ERR,ERR,ERR,ERR,ERR,ERR,ERR,ERR,ERR,ERR,ERR,ERR,ERR,ERR,ERR,ERR,ERR,ERR,ERR,ERR,ERR,ERR,ERR,ERR,ERR,ERR,ERR,ERR,ERR,ERR,ERR,ERR,ERR,ERR,ERR,ERR,ERR,ERR,ERR,ERR,ERR,ERR,ERR,ERR,ERR,ERR,ERR,ERR,ERR,ERR,ERR,ERR,ERR,ERR,ERR,ERR,ERR,ERR,ERR,ERR,ERR,ERR,ERR,ERR,ERR,ERR,ERR,ERR,ERR,ERR,ERR,ERR,ERR,ERR,ERR,ERR,ERR,ERR,ERR,ERR,ERR,ERR,ERR,ERR,ERR,ERR,ERR,ERR,ERR,ERR,ERR,ERR,ERR,ERR,ERR,ERR,ERR,ERR,ERR,ERR,ERR,ERR,ERR,ERR,ERR,ERR,ERR,ERR,ERR,ERR,ERR,ERR,ERR,ERR,ERR,ERR,ERR,0.0,-107615392.0,0.0,0.0,0.0,1.3936040501711995e+18,7.805,0.0,0,0,4,0,7116,0.0,100,0.0,0.0,0.0,0.0,0.0,0,0,0,0,0.0,0,0,0,0,0,0,0,0,0,0,0,0,0,0,0,0,0,0,0,0,0,0,0,0,0,0,0,0,0,0,0,0,0,31,40,40,71,65476,0,300,0,0,8,21553,0.0,-107605600.0,0.0,0.0,0.0,0.0,0.0,0.0,0.0,0.0,0.0,0.0,0.0,0.0,0.0,0.0,0.0,0.0,0.0,0.0,0.0,0.0,-0.0,2.004,2.004,-0.0,0.0,0.0,0.0,0.0,6331.0,0.0,6912.0,0.0,0.0,0.0,0.0,0.0,0.0,0.0,0.0,69,-0.0,0.0,0.0,0.0,0.0,0.0,0.0,0.0,0.0,0,0,0,0.0,0.0,0.0,0.0,0.0,0.0,0.0,0.0,0.0,0.0,0.0,0.0,0.0,0.0,0.0,0.0,0,-107875648.0,69,0.0,138,0.0,-0.0,0,13107,17040,0,17049,0,17043,0,0,0,70,68,100,2.7302359370752657e+23,71.1,0.0,74.2,2.7302370179391762e+23,74.0,1,49,50,180,0,52429,0,0,0.0,0.0,0.0,0.0,-0.0,67.0,0.0,162057.094,0.0,750,0,739,0,0,0,721,0,765,0,735,0,742,0,741,0,712,0,7520,0.032,79456894976.0,0.0,0.0,784,16797,-0.0,162057.094,-114818.039,-0.0,0.133,6.909358625270745e+28,30.0,65.0,35,0.0,0.0,0.0,0.0,0.0,0.0,0.0,0.0,0.0,0.0,0.0,0.0,0.0,0.0,0.0,0.0,69.2,0,150,71,54,65476,0,300,0,1,8,20529,65476,0,0,40632,65.0,0.0,0.0,0.0,0.0,0.0
2026-09-04T20:56:57,ERR,ERR,ERR,ERR,ERR,ERR,ERR,ERR,ERR,ERR,ERR,ERR,ERR,ERR,ERR,ERR,ERR,ERR,ERR,ERR,ERR,ERR,ERR,ERR,ERR,ERR,ERR,ERR,ERR,ERR,ERR,ERR,ERR,ERR,ERR,ERR,ERR,ERR,ERR,ERR,ERR,ERR,ERR,ERR,ERR,ERR,ERR,ERR,ERR,ERR,ERR,ERR,ERR,ERR,ERR,ERR,ERR,ERR,ERR,ERR,ERR,ERR,ERR,ERR,ERR,ERR,ERR,ERR,ERR,ERR,ERR,ERR,ERR,ERR,ERR,ERR,ERR,ERR,ERR,ERR,ERR,ERR,ERR,ERR,ERR,ERR,ERR,ERR,ERR,ERR,ERR,ERR,ERR,ERR,ERR,ERR,ERR,ERR,ERR,ERR,ERR,ERR,ERR,ERR,ERR,ERR,ERR,ERR,ERR,ERR,ERR,ERR,ERR,ERR,ERR,ERR,ERR,ERR,ERR,ERR,ERR,ERR,ERR,ERR,ERR,0.0,-107615392.0,0.0,0.0,0.0,1.3936040501711995e+18,7.805,0.0,0,0,4,0,7116,0.0,100,0.0,0.0,0.0,0.0,0.0,0,0,0,0,0.0,0,0,0,0,0,0,0,0,0,0,0,0,0,0,0,0,0,0,0,0,0,0,0,0,0,0,0,0,0,0,0,0,0,31,40,40,71,65476,0,300,0,0,8,21553,0.0,-107605600.0,0.0,0.0,0.0,0.0,0.0,0.0,0.0,0.0,0.0,0.0,0.0,0.0,0.0,0.0,0.0,0.0,0.0,0.0,0.0,0.0,-0.0,2.004,2.004,-0.0,0.0,0.0,0.0,0.0,6331.0,0.0,6912.0,0.0,0.0,0.0,0.0,0.0,0.0,0.0,0.0,69,-0.0,0.0,0.0,0.0,0.0,0.0,0.0,0.0,0.0,0,0,0,0.0,0.0,0.0,0.0,0.0,0.0,0.0,0.0,0.0,0.0,0.0,0.0,0.0,0.0,0.0,0.0,0,-107875648.0,69,0.0,138,0.0,-0.0,0,13107,17040,0,17049,0,17043,0,0,0,70,68,100,2.7302359370752657e+23,71.1,0.0,74.2,2.7302370179391762e+23,74.0,1,49,50,180,0,52429,0,0,0.0,0.0,0.0,0.0,-0.0,67.0,0.0,162057.094,0.0,750,0,739,0,0,0,721,0,765,0,735,0,742,0,741,0,712,0,7520,0.032,79456894976.0,0.0,0.0,784,16797,-0.0,162057.094,-114818.039,-0.0,0.133,6.909358625270745e+28,30.0,65.0,35,0.0,0.0,0.0,0.0,0.0,0.0,0.0,0.0,0.0,0.0,0.0,0.0,0.0,0.0,0.0,0.0,69.2,0,150,71,54,65476,0,300,0,1,8,20529,65476,0,0,40632,65.0,0.0,0.0,0.0,0.0,0.0
2026-09-04T20:56:58,ERR,ERR,ERR,ERR,ERR,ERR,ERR,ERR,ERR,ERR,ERR,ERR,ERR,ERR,ERR,ERR,ERR,ERR,ERR,ERR,ERR,ERR,ERR,ERR,ERR,ERR,ERR,ERR,ERR,ERR,ERR,ERR,ERR,ERR,ERR,ERR,ERR,ERR,ERR,ERR,ERR,ERR,ERR,ERR,ERR,ERR,ERR,ERR,ERR,ERR,ERR,ERR,ERR,ERR,ERR,ERR,ERR,ERR,ERR,ERR,ERR,ERR,ERR,ERR,ERR,ERR,ERR,ERR,ERR,ERR,ERR,ERR,ERR,ERR,ERR,ERR,ERR,ERR,ERR,ERR,ERR,ERR,ERR,ERR,ERR,ERR,ERR,ERR,ERR,ERR,ERR,ERR,ERR,ERR,ERR,ERR,ERR,ERR,ERR,ERR,ERR,ERR,ERR,ERR,ERR,ERR,ERR,ERR,ERR,ERR,ERR,ERR,ERR,ERR,ERR,ERR,ERR,ERR,ERR,ERR,ERR,ERR,ERR,ERR,ERR,0.0,-107615392.0,0.0,0.0,0.0,1.3936040501711995e+18,7.805,0.0,0,0,4,0,7116,0.0,100,0.0,0.0,0.0,0.0,0.0,0,0,0,0,0.0,0,0,0,0,0,0,0,0,0,0,0,0,0,0,0,0,0,0,0,0,0,0,0,0,0,0,0,0,0,0,0,0,0,31,40,40,71,65476,0,300,0,0,8,21553,0.0,-107605600.0,0.0,0.0,0.0,0.0,0.0,0.0,0.0,0.0,0.0,0.0,0.0,0.0,0.0,0.0,0.0,0.0,0.0,0.0,0.0,0.0,-0.0,2.004,2.004,-0.0,0.0,0.0,0.0,0.0,6331.0,0.0,6912.0,0.0,0.0,0.0,0.0,0.0,0.0,0.0,0.0,69,-0.0,0.0,0.0,0.0,0.0,0.0,0.0,0.0,0.0,0,0,0,0.0,0.0,0.0,0.0,0.0,0.0,0.0,0.0,0.0,0.0,0.0,0.0,0.0,0.0,0.0,0.0,0,-107875648.0,69,0.0,138,0.0,-0.0,0,13107,17040,0,17049,0,17043,0,0,0,70,68,100,2.7302359370752657e+23,71.1,0.0,74.2,2.7302370179391762e+23,74.0,1,49,50,180,0,52429,0,0,0.0,0.0,0.0,0.0,-0.0,67.0,0.0,162057.094,0.0,750,0,739,0,0,0,721,0,765,0,735,0,742,0,741,0,712,0,7520,0.032,79456894976.0,0.0,0.0,784,16797,-0.0,162057.094,-114818.039,-0.0,0.133,6.909358625270745e+28,30.0,65.0,35,0.0,0.0,0.0,0.0,0.0,0.0,0.0,0.0,0.0,0.0,0.0,0.0,0.0,0.0,0.0,0.0,69.2,0,150,71,54,65476,0,300,0,1,8,20529,65476,0,0,40632,65.0,0.0,0.0,0.0,0.0,0.0
2026-09-04T20:56:59,ERR,ERR,ERR,ERR,ERR,ERR,ERR,ERR,ERR,ERR,ERR,ERR,ERR,ERR,ERR,ERR,ERR,ERR,ERR,ERR,ERR,ERR,ERR,ERR,ERR,ERR,ERR,ERR,ERR,ERR,ERR,ERR,ERR,ERR,ERR,ERR,ERR,ERR,ERR,ERR,ERR,ERR,ERR,ERR,ERR,ERR,ERR,ERR,ERR,ERR,ERR,ERR,ERR,ERR,ERR,ERR,ERR,ERR,ERR,ERR,ERR,ERR,ERR,ERR,ERR,ERR,ERR,ERR,ERR,ERR,ERR,ERR,ERR,ERR,ERR,ERR,ERR,ERR,ERR,ERR,ERR,ERR,ERR,ERR,ERR,ERR,ERR,ERR,ERR,ERR,ERR,ERR,ERR,ERR,ERR,ERR,ERR,ERR,ERR,ERR,ERR,ERR,ERR,ERR,ERR,ERR,ERR,ERR,ERR,ERR,ERR,ERR,ERR,ERR,ERR,ERR,ERR,ERR,ERR,ERR,ERR,ERR,ERR,ERR,ERR,0.0,-107615392.0,0.0,0.0,0.0,1.3936040501711995e+18,7.805,0.0,0,0,4,0,7116,0.0,100,0.0,0.0,0.0,0.0,0.0,0,0,0,0,0.0,0,0,0,0,0,0,0,0,0,0,0,0,0,0,0,0,0,0,0,0,0,0,0,0,0,0,0,0,0,0,0,0,0,31,40,40,71,65476,0,300,0,0,8,21553,0.0,-107605600.0,0.0,0.0,0.0,0.0,0.0,0.0,0.0,0.0,0.0,0.0,0.0,0.0,0.0,0.0,0.0,0.0,0.0,0.0,0.0,0.0,-0.0,2.004,2.004,-0.0,0.0,0.0,0.0,0.0,6331.0,0.0,6912.0,0.0,0.0,0.0,0.0,0.0,0.0,0.0,0.0,69,-0.0,0.0,0.0,0.0,0.0,0.0,0.0,0.0,0.0,0,0,0,0.0,0.0,0.0,0.0,0.0,0.0,0.0,0.0,0.0,0.0,0.0,0.0,0.0,0.0,0.0,0.0,0,-107875648.0,69,0.0,138,0.0,-0.0,0,13107,17040,0,17049,0,17043,0,0,0,70,68,100,2.7302359370752657e+23,71.1,0.0,74.2,2.7302370179391762e+23,74.0,1,49,50,180,0,52429,0,0,0.0,0.0,0.0,0.0,-0.0,67.0,0.0,162057.094,0.0,750,0,739,0,0,0,721,0,765,0,735,0,742,0,741,0,712,0,7520,0.032,79456894976.0,0.0,0.0,784,16797,-0.0,162057.094,-114818.039,-0.0,0.133,6.909358625270745e+28,30.0,65.0,35,0.0,0.0,0.0,0.0,0.0,0.0,0.0,0.0,0.0,0.0,0.0,0.0,0.0,0.0,0.0,0.0,69.2,0,150,71,54,65476,0,300,0,1,8,20529,65476,0,0,40632,65.0,0.0,0.0,0.0,0.0,0.0
2026-09-04T20:57:00,ERR,ERR,ERR,ERR,ERR,ERR,ERR,ERR,ERR,ERR,ERR,ERR,ERR,ERR,ERR,ERR,ERR,ERR,ERR,ERR,ERR,ERR,ERR,ERR,ERR,ERR,ERR,ERR,ERR,ERR,ERR,ERR,ERR,ERR,ERR,ERR,ERR,ERR,ERR,ERR,ERR,ERR,ERR,ERR,ERR,ERR,ERR,ERR,ERR,ERR,ERR,ERR,ERR,ERR,ERR,ERR,ERR,ERR,ERR,ERR,ERR,ERR,ERR,ERR,ERR,ERR,ERR,ERR,ERR,ERR,ERR,ERR,ERR,ERR,ERR,ERR,ERR,ERR,ERR,ERR,ERR,ERR,ERR,ERR,ERR,ERR,ERR,ERR,ERR,ERR,ERR,ERR,ERR,ERR,ERR,ERR,ERR,ERR,ERR,ERR,ERR,ERR,ERR,ERR,ERR,ERR,ERR,ERR,ERR,ERR,ERR,ERR,ERR,ERR,ERR,ERR,ERR,ERR,ERR,ERR,ERR,ERR,ERR,ERR,ERR,0.0,-107615392.0,0.0,0.0,0.0,1.3936040501711995e+18,7.805,0.0,0,0,4,0,7116,0.0,100,0.0,0.0,0.0,0.0,0.0,0,0,0,0,0.0,0,0,0,0,0,0,0,0,0,0,0,0,0,0,0,0,0,0,0,0,0,0,0,0,0,0,0,0,0,0,0,0,0,31,40,40,71,65476,0,300,0,0,8,21553,0.0,-107605600.0,0.0,0.0,0.0,0.0,0.0,0.0,0.0,0.0,0.0,0.0,0.0,0.0,0.0,0.0,0.0,0.0,0.0,0.0,0.0,0.0,-0.0,2.004,2.004,-0.0,0.0,0.0,0.0,0.0,6331.0,0.0,6912.0,0.0,0.0,0.0,0.0,0.0,0.0,0.0,0.0,69,-0.0,0.0,0.0,0.0,0.0,0.0,0.0,0.0,0.0,0,0,0,0.0,0.0,0.0,0.0,0.0,0.0,0.0,0.0,0.0,0.0,0.0,0.0,0.0,0.0,0.0,0.0,0,-107875648.0,69,0.0,138,0.0,-0.0,0,13107,17040,0,17049,0,17043,0,0,0,70,68,100,2.7302359370752657e+23,71.1,0.0,74.2,2.7302370179391762e+23,74.0,1,49,50,180,0,52429,0,0,0.0,0.0,0.0,0.0,-0.0,67.0,0.0,162057.094,0.0,750,0,739,0,0,0,721,0,765,0,735,0,742,0,741,0,712,0,7520,0.032,79456894976.0,0.0,0.0,784,16797,-0.0,162057.094,-114818.039,-0.0,0.133,6.909358625270745e+28,30.0,65.0,35,0.0,0.0,0.0,0.0,0.0,0.0,0.0,0.0,0.0,0.0,0.0,0.0,0.0,0.0,0.0,0.0,69.2,0,150,71,54,65476,0,300,0,1,8,20529,65476,0,0,40632,65.0,0.0,0.0,0.0,0.0,0.0
2026-09-04T20:57:01,ERR,ERR,ERR,ERR,ERR,ERR,ERR,ERR,ERR,ERR,ERR,ERR,ERR,ERR,ERR,ERR,ERR,ERR,ERR,ERR,ERR,ERR,ERR,ERR,ERR,ERR,ERR,ERR,ERR,ERR,ERR,ERR,ERR,ERR,ERR,ERR,ERR,ERR,ERR,ERR,ERR,ERR,ERR,ERR,ERR,ERR,ERR,ERR,ERR,ERR,ERR,ERR,ERR,ERR,ERR,ERR,ERR,ERR,ERR,ERR,ERR,ERR,ERR,ERR,ERR,ERR,ERR,ERR,ERR,ERR,ERR,ERR,ERR,ERR,ERR,ERR,ERR,ERR,ERR,ERR,ERR,ERR,ERR,ERR,ERR,ERR,ERR,ERR,ERR,ERR,ERR,ERR,ERR,ERR,ERR,ERR,ERR,ERR,ERR,ERR,ERR,ERR,ERR,ERR,ERR,ERR,ERR,ERR,ERR,ERR,ERR,ERR,ERR,ERR,ERR,ERR,ERR,ERR,ERR,ERR,ERR,ERR,ERR,ERR,ERR,0.0,0.0,0.0,0.0,0.0,1.3936040501711995e+18,7.805,0.0,0,0,4,0,7116,0.0,100,0.0,0.0,0.0,0.0,0.0,0,0,0,0,0.0,0,0,0,0,0,0,0,0,0,0,0,0,0,0,0,0,0,0,0,0,0,0,0,0,0,0,0,0,0,0,0,0,0,31,40,40,71,65476,0,300,0,0,8,21553,0.0,-107605600.0,0.0,0.0,0.0,0.0,0.0,0.0,0.0,0.0,0.0,0.0,0.0,0.0,0.0,0.0,0.0,0.0,0.0,0.0,0.0,0.0,-0.0,0.0,2.004,-0.0,0.0,0.0,0.0,0.0,6295.0,-3.697203725810742e+19,6942.0,0.0,0.0,0.0,0.0,0.0,0.0,0.0,0.0,69,-0.0,0.0,0.0,0.0,0.0,0.0,0.0,0.0,0.0,0,0,0,0.0,0.0,0.0,0.0,0.0,0.0,0.0,0.0,0.0,0.0,0.0,0.0,0.0,0.0,0.0,0.0,0,-107875648.0,69,0.0,138,0.0,-0.0,0,13107,17040,0,17049,0,17043,0,0,0,70,68,100,2.7302359370752657e+23,71.1,0.0,74.2,2.7302370179391762e+23,74.0,1,49,50,180,0,52429,0,0,0.0,0.0,0.0,0.0,-0.0,67.0,0.0,162057.094,0.0,750,0,739,0,0,0,721,0,765,0,735,0,742,0,741,0,712,0,7520,0.032,79993765888.0,0.0,0.0,784,16797,-0.0,162057.094,-114818.039,-0.0,0.133,6.909358625270745e+28,30.0,65.0,35,0.0,0.0,0.0,0.0,0.0,0.0,0.0,0.0,0.0,0.0,0.0,0.0,0.0,0.0,0.0,0.0,69.2,0,150,71,54,65476,0,300,0,1,8,20529,65476,0,0,40632,65.0,0.0,0.0,0.0,0.0,0.0
2026-09-04T20:57:02,ERR,ERR,ERR,ERR,ERR,ERR,ERR,ERR,ERR,ERR,ERR,ERR,ERR,ERR,ERR,ERR,ERR,ERR,ERR,ERR,ERR,ERR,ERR,ERR,ERR,ERR,ERR,ERR,ERR,ERR,ERR,ERR,ERR,ERR,ERR,ERR,ERR,ERR,ERR,ERR,ERR,ERR,ERR,ERR,ERR,ERR,ERR,ERR,ERR,ERR,ERR,ERR,ERR,ERR,ERR,ERR,ERR,ERR,ERR,ERR,ERR,ERR,ERR,ERR,ERR,ERR,ERR,ERR,ERR,ERR,ERR,ERR,ERR,ERR,ERR,ERR,ERR,ERR,ERR,ERR,ERR,ERR,ERR,ERR,ERR,ERR,ERR,ERR,ERR,ERR,ERR,ERR,ERR,ERR,ERR,ERR,ERR,ERR,ERR,ERR,ERR,ERR,ERR,ERR,ERR,ERR,ERR,ERR,ERR,ERR,ERR,ERR,ERR,ERR,ERR,ERR,ERR,ERR,ERR,ERR,ERR,ERR,ERR,ERR,ERR,0.0,0.0,0.0,0.0,0.0,1.3936040501711995e+18,7.805,0.0,0,0,4,0,7116,0.0,100,0.0,0.0,0.0,0.0,0.0,0,0,0,0,0.0,0,0,0,0,0,0,0,0,0,0,0,0,0,0,0,0,0,0,0,0,0,0,0,0,0,0,0,0,0,0,0,0,0,31,40,40,71,65476,0,300,0,0,8,21553,0.0,-107605600.0,0.0,0.0,0.0,0.0,0.0,0.0,0.0,0.0,0.0,0.0,0.0,0.0,0.0,0.0,0.0,0.0,0.0,0.0,0.0,0.0,-0.0,0.0,2.004,-0.0,0.0,0.0,0.0,0.0,6295.0,-3.697203725810742e+19,6942.0,0.0,0.0,0.0,0.0,0.0,0.0,0.0,0.0,69,-0.0,0.0,0.0,0.0,0.0,0.0,0.0,0.0,0.0,0,0,0,0.0,0.0,0.0,0.0,0.0,0.0,0.0,0.0,0.0,0.0,0.0,0.0,0.0,0.0,0.0,0.0,0,-107875648.0,69,0.0,138,0.0,-0.0,0,13107,17040,0,17049,0,17043,0,0,0,70,68,100,2.7302359370752657e+23,71.1,0.0,74.2,2.7302370179391762e+23,74.0,1,49,50,180,0,52429,0,0,0.0,0.0,0.0,0.0,-0.0,67.0,0.0,162057.094,0.0,750,0,739,0,0,0,721,0,765,0,735,0,742,0,741,0,712,0,7520,0.032,79993765888.0,0.0,0.0,784,16797,-0.0,162057.094,-114818.039,-0.0,0.133,6.909358625270745e+28,30.0,65.0,35,0.0,0.0,0.0,0.0,0.0,0.0,0.0,0.0,0.0,0.0,0.0,0.0,0.0,0.0,0.0,0.0,69.2,0,150,71,54,65476,0,300,0,1,8,20529,65476,0,0,40632,65.0,0.0,0.0,0.0,0.0,0.0
2026-09-04T20:57:03,ERR,ERR,ERR,ERR,ERR,ERR,ERR,ERR,ERR,ERR,ERR,ERR,ERR,ERR,ERR,ERR,ERR,ERR,ERR,ERR,ERR,ERR,ERR,ERR,ERR,ERR,ERR,ERR,ERR,ERR,ERR,ERR,ERR,ERR,ERR,ERR,ERR,ERR,ERR,ERR,ERR,ERR,ERR,ERR,ERR,ERR,ERR,ERR,ERR,ERR,ERR,ERR,ERR,ERR,ERR,ERR,ERR,ERR,ERR,ERR,ERR,ERR,ERR,ERR,ERR,ERR,ERR,ERR,ERR,ERR,ERR,ERR,ERR,ERR,ERR,ERR,ERR,ERR,ERR,ERR,ERR,ERR,ERR,ERR,ERR,ERR,ERR,ERR,ERR,ERR,ERR,ERR,ERR,ERR,ERR,ERR,ERR,ERR,ERR,ERR,ERR,ERR,ERR,ERR,ERR,ERR,ERR,ERR,ERR,ERR,ERR,ERR,ERR,ERR,ERR,ERR,ERR,ERR,ERR,ERR,ERR,ERR,ERR,ERR,ERR,0.0,0.0,0.0,0.0,0.0,1.3936040501711995e+18,7.805,0.0,0,0,4,0,7116,0.0,100,0.0,0.0,0.0,0.0,0.0,0,0,0,0,0.0,0,0,0,0,0,0,0,0,0,0,0,0,0,0,0,0,0,0,0,0,0,0,0,0,0,0,0,0,0,0,0,0,0,31,40,40,71,65476,0,300,0,0,8,21553,0.0,-107605600.0,0.0,0.0,0.0,0.0,0.0,0.0,0.0,0.0,0.0,0.0,0.0,0.0,0.0,0.0,0.0,0.0,0.0,0.0,0.0,0.0,-0.0,0.0,2.004,-0.0,0.0,0.0,0.0,0.0,6295.0,-3.697203725810742e+19,6942.0,0.0,0.0,0.0,0.0,0.0,0.0,0.0,0.0,69,-0.0,0.0,0.0,0.0,0.0,0.0,0.0,0.0,0.0,0,0,0,0.0,0.0,0.0,0.0,0.0,0.0,0.0,0.0,0.0,0.0,0.0,0.0,0.0,0.0,0.0,0.0,0,-107875648.0,69,0.0,138,0.0,-0.0,0,13107,17040,0,17049,0,17043,0,0,0,70,68,100,2.7302359370752657e+23,71.1,0.0,74.2,2.7302370179391762e+23,74.0,1,49,50,180,0,52429,0,0,0.0,0.0,0.0,0.0,-0.0,67.0,0.0,162057.094,0.0,750,0,739,0,0,0,721,0,765,0,735,0,742,0,741,0,712,0,7520,0.032,79993765888.0,0.0,0.0,784,16797,-0.0,162057.094,-114818.039,-0.0,0.133,6.909358625270745e+28,30.0,65.0,35,0.0,0.0,0.0,0.0,0.0,0.0,0.0,0.0,0.0,0.0,0.0,0.0,0.0,0.0,0.0,0.0,69.2,0,150,71,54,65476,0,300,0,1,8,20529,65476,0,0,40632,65.0,0.0,0.0,0.0,0.0,0.0
2026-09-04T20:57:04,ERR,ERR,ERR,ERR,ERR,ERR,ERR,ERR,ERR,ERR,ERR,ERR,ERR,ERR,ERR,ERR,ERR,ERR,ERR,ERR,ERR,ERR,ERR,ERR,ERR,ERR,ERR,ERR,ERR,ERR,ERR,ERR,ERR,ERR,ERR,ERR,ERR,ERR,ERR,ERR,ERR,ERR,ERR,ERR,ERR,ERR,ERR,ERR,ERR,ERR,ERR,ERR,ERR,ERR,ERR,ERR,ERR,ERR,ERR,ERR,ERR,ERR,ERR,ERR,ERR,ERR,ERR,ERR,ERR,ERR,ERR,ERR,ERR,ERR,ERR,ERR,ERR,ERR,ERR,ERR,ERR,ERR,ERR,ERR,ERR,ERR,ERR,ERR,ERR,ERR,ERR,ERR,ERR,ERR,ERR,ERR,ERR,ERR,ERR,ERR,ERR,ERR,ERR,ERR,ERR,ERR,ERR,ERR,ERR,ERR,ERR,ERR,ERR,ERR,ERR,ERR,ERR,ERR,ERR,ERR,ERR,ERR,ERR,ERR,ERR,0.0,0.0,0.0,0.0,0.0,1.3936040501711995e+18,7.805,0.0,0,0,4,0,7116,0.0,100,0.0,0.0,0.0,0.0,0.0,0,0,0,0,0.0,0,0,0,0,0,0,0,0,0,0,0,0,0,0,0,0,0,0,0,0,0,0,0,0,0,0,0,0,0,0,0,0,0,31,40,40,71,65476,0,300,0,0,8,21553,0.0,-107605600.0,0.0,0.0,0.0,0.0,0.0,0.0,0.0,0.0,0.0,0.0,0.0,0.0,0.0,0.0,0.0,0.0,0.0,0.0,0.0,0.0,-0.0,0.0,2.004,-0.0,0.0,0.0,0.0,0.0,6295.0,-3.697203725810742e+19,6942.0,0.0,0.0,0.0,0.0,0.0,0.0,0.0,0.0,69,-0.0,0.0,0.0,0.0,0.0,0.0,0.0,0.0,0.0,0,0,0,0.0,0.0,0.0,0.0,0.0,0.0,0.0,0.0,0.0,0.0,0.0,0.0,0.0,0.0,0.0,0.0,0,-107875648.0,69,0.0,138,0.0,-0.0,0,13107,17040,0,17049,0,17043,0,0,0,70,68,100,2.7302359370752657e+23,71.1,0.0,74.2,2.7302370179391762e+23,74.0,1,49,50,180,0,52429,0,0,0.0,0.0,0.0,0.0,-0.0,67.0,0.0,162057.094,0.0,750,0,739,0,0,0,721,0,765,0,735,0,742,0,741,0,712,0,7520,0.032,79993765888.0,0.0,0.0,784,16797,-0.0,162057.094,-114818.039,-0.0,0.133,6.909358625270745e+28,30.0,65.0,35,0.0,0.0,0.0,0.0,0.0,0.0,0.0,0.0,0.0,0.0,0.0,0.0,0.0,0.0,0.0,0.0,69.2,0,150,71,54,65476,0,300,0,1,8,20529,65476,0,0,40632,65.0,0.0,0.0,0.0,0.0,0.0
2026-09-04T20:57:05,ERR,ERR,ERR,ERR,ERR,ERR,ERR,ERR,ERR,ERR,ERR,ERR,ERR,ERR,ERR,ERR,ERR,ERR,ERR,ERR,ERR,ERR,ERR,ERR,ERR,ERR,ERR,ERR,ERR,ERR,ERR,ERR,ERR,ERR,ERR,ERR,ERR,ERR,ERR,ERR,ERR,ERR,ERR,ERR,ERR,ERR,ERR,ERR,ERR,ERR,ERR,ERR,ERR,ERR,ERR,ERR,ERR,ERR,ERR,ERR,ERR,ERR,ERR,ERR,ERR,ERR,ERR,ERR,ERR,ERR,ERR,ERR,ERR,ERR,ERR,ERR,ERR,ERR,ERR,ERR,ERR,ERR,ERR,ERR,ERR,ERR,ERR,ERR,ERR,ERR,ERR,ERR,ERR,ERR,ERR,ERR,ERR,ERR,ERR,ERR,ERR,ERR,ERR,ERR,ERR,ERR,ERR,ERR,ERR,ERR,ERR,ERR,ERR,ERR,ERR,ERR,ERR,ERR,ERR,ERR,ERR,ERR,ERR,ERR,ERR,0.0,0.0,0.0,0.0,0.0,1.3936040501711995e+18,7.805,0.0,0,0,4,0,7116,0.0,100,0.0,0.0,0.0,0.0,0.0,0,0,0,0,0.0,0,0,0,0,0,0,0,0,0,0,0,0,0,0,0,0,0,0,0,0,0,0,0,0,0,0,0,0,0,0,0,0,0,31,40,40,71,65476,0,300,0,0,8,21553,0.0,-107605600.0,0.0,0.0,0.0,0.0,0.0,0.0,0.0,0.0,0.0,0.0,0.0,0.0,0.0,0.0,0.0,0.0,0.0,0.0,0.0,0.0,-0.0,0.0,2.004,-0.0,0.0,0.0,0.0,0.0,6295.0,-3.697203725810742e+19,6942.0,0.0,0.0,0.0,0.0,0.0,0.0,0.0,0.0,69,-0.0,0.0,0.0,0.0,0.0,0.0,0.0,0.0,0.0,0,0,0,0.0,0.0,0.0,0.0,0.0,0.0,0.0,0.0,0.0,0.0,0.0,0.0,0.0,0.0,0.0,0.0,0,-107875648.0,69,0.0,138,0.0,-0.0,0,13107,17040,0,17049,0,17043,0,0,0,70,68,100,2.7302359370752657e+23,71.1,0.0,74.2,2.7302370179391762e+23,74.0,1,49,50,180,0,52429,0,0,0.0,0.0,0.0,0.0,-0.0,67.0,0.0,162057.094,0.0,750,0,739,0,0,0,721,0,765,0,735,0,742,0,741,0,712,0,7520,0.032,79993765888.0,0.0,0.0,784,16797,-0.0,162057.094,-114818.039,-0.0,0.133,6.909358625270745e+28,30.0,65.0,35,0.0,0.0,0.0,0.0,0.0,0.0,0.0,0.0,0.0,0.0,0.0,0.0,0.0,0.0,0.0,0.0,69.2,0,150,71,54,65476,0,300,0,1,8,20529,65476,0,0,40632,65.0,0.0,0.0,0.0,0.0,0.0
2026-09-04T20:57:06,ERR,ERR,ERR,ERR,ERR,ERR,ERR,ERR,ERR,ERR,ERR,ERR,ERR,ERR,ERR,ERR,ERR,ERR,ERR,ERR,ERR,ERR,ERR,ERR,ERR,ERR,ERR,ERR,ERR,ERR,ERR,ERR,ERR,ERR,ERR,ERR,ERR,ERR,ERR,ERR,ERR,ERR,ERR,ERR,ERR,ERR,ERR,ERR,ERR,ERR,ERR,ERR,ERR,ERR,ERR,ERR,ERR,ERR,ERR,ERR,ERR,ERR,ERR,ERR,ERR,ERR,ERR,ERR,ERR,ERR,ERR,ERR,ERR,ERR,ERR,ERR,ERR,ERR,ERR,ERR,ERR,ERR,ERR,ERR,ERR,ERR,ERR,ERR,ERR,ERR,ERR,ERR,ERR,ERR,ERR,ERR,ERR,ERR,ERR,ERR,ERR,ERR,ERR,ERR,ERR,ERR,ERR,ERR,ERR,ERR,ERR,ERR,ERR,ERR,ERR,ERR,ERR,ERR,ERR,ERR,ERR,ERR,ERR,ERR,ERR,0.0,0.0,0.0,0.0,0.0,1.3936040501711995e+18,7.805,0.0,0,0,4,0,7116,0.0,100,0.0,0.0,0.0,0.0,0.0,0,0,0,0,0.0,0,0,0,0,0,0,0,0,0,0,0,0,0,0,0,0,0,0,0,0,0,0,0,0,0,0,0,0,0,0,0,0,0,31,40,40,71,65476,0,300,0,0,8,21553,0.0,-107605600.0,0.0,0.0,0.0,0.0,0.0,0.0,0.0,0.0,0.0,0.0,0.0,0.0,0.0,0.0,0.0,0.0,0.0,0.0,0.0,0.0,-0.0,0.0,2.004,-0.0,0.0,0.0,0.0,0.0,6295.0,-3.697203725810742e+19,6942.0,0.0,0.0,0.0,0.0,0.0,0.0,0.0,0.0,69,-0.0,0.0,0.0,0.0,0.0,0.0,0.0,0.0,0.0,0,0,0,0.0,0.0,0.0,0.0,0.0,0.0,0.0,0.0,0.0,0.0,0.0,0.0,0.0,0.0,0.0,0.0,0,-107875648.0,69,0.0,138,0.0,-0.0,0,13107,17040,0,17049,0,17043,0,0,0,70,68,100,2.7302359370752657e+23,71.1,0.0,74.2,2.7302370179391762e+23,74.0,1,49,50,180,0,52429,0,0,0.0,0.0,0.0,0.0,-0.0,67.0,0.0,162057.094,0.0,750,0,739,0,0,0,721,0,765,0,735,0,742,0,741,0,712,0,7520,0.032,79993765888.0,0.0,0.0,784,16797,-0.0,162057.094,-114818.039,-0.0,0.133,6.909358625270745e+28,30.0,65.0,35,0.0,0.0,0.0,0.0,0.0,0.0,0.0,0.0,0.0,0.0,0.0,0.0,0.0,0.0,0.0,0.0,69.2,0,150,71,54,65476,0,300,0,1,8,20529,65476,0,0,40632,65.0,0.0,0.0,0.0,0.0,0.0
2026-09-04T20:57:07,ERR,ERR,ERR,ERR,ERR,ERR,ERR,ERR,ERR,ERR,ERR,ERR,ERR,ERR,ERR,ERR,ERR,ERR,ERR,ERR,ERR,ERR,ERR,ERR,ERR,ERR,ERR,ERR,ERR,ERR,ERR,ERR,ERR,ERR,ERR,ERR,ERR,ERR,ERR,ERR,ERR,ERR,ERR,ERR,ERR,ERR,ERR,ERR,ERR,ERR,ERR,ERR,ERR,ERR,ERR,ERR,ERR,ERR,ERR,ERR,ERR,ERR,ERR,ERR,ERR,ERR,ERR,ERR,ERR,ERR,ERR,ERR,ERR,ERR,ERR,ERR,ERR,ERR,ERR,ERR,ERR,ERR,ERR,ERR,ERR,ERR,ERR,ERR,ERR,ERR,ERR,ERR,ERR,ERR,ERR,ERR,ERR,ERR,ERR,ERR,ERR,ERR,ERR,ERR,ERR,ERR,ERR,ERR,ERR,ERR,ERR,ERR,ERR,ERR,ERR,ERR,ERR,ERR,ERR,ERR,ERR,ERR,ERR,ERR,ERR,0.0,0.0,0.0,0.0,0.0,1.3936040501711995e+18,7.805,0.0,0,0,4,0,7116,0.0,100,0.0,0.0,0.0,0.0,0.0,0,0,0,0,0.0,0,0,0,0,0,0,0,0,0,0,0,0,0,0,0,0,0,0,0,0,0,0,0,0,0,0,0,0,0,0,0,0,0,31,40,40,71,65476,0,300,0,0,8,21553,0.0,-107605600.0,0.0,0.0,0.0,0.0,0.0,0.0,0.0,0.0,0.0,0.0,0.0,0.0,0.0,0.0,0.0,0.0,0.0,0.0,0.0,0.0,-0.0,0.0,2.004,-0.0,0.0,0.0,0.0,0.0,6295.0,-3.697203725810742e+19,6942.0,0.0,0.0,0.0,0.0,0.0,0.0,0.0,0.0,69,-0.0,0.0,0.0,0.0,0.0,0.0,0.0,0.0,0.0,0,0,0,0.0,0.0,0.0,0.0,0.0,0.0,0.0,0.0,0.0,0.0,0.0,0.0,0.0,0.0,0.0,0.0,0,-107875648.0,69,0.0,138,0.0,-0.0,0,13107,17040,0,17049,0,17043,0,0,0,70,68,100,2.7302359370752657e+23,71.1,0.0,74.2,2.7302370179391762e+23,74.0,1,49,50,180,0,52429,0,0,0.0,0.0,0.0,0.0,-0.0,67.0,0.0,162057.094,0.0,750,0,739,0,0,0,721,0,765,0,735,0,742,0,741,0,712,0,7520,0.032,79993765888.0,0.0,0.0,784,16797,-0.0,162057.094,-114818.039,-0.0,0.133,6.909358625270745e+28,30.0,65.0,35,0.0,0.0,0.0,0.0,0.0,0.0,0.0,0.0,0.0,0.0,0.0,0.0,0.0,0.0,0.0,0.0,69.2,0,150,71,54,65476,0,300,0,1,8,20529,65476,0,0,40632,65.0,0.0,0.0,0.0,0.0,0.0
2026-09-04T20:57:08,ERR,ERR,ERR,ERR,ERR,ERR,ERR,ERR,ERR,ERR,ERR,ERR,ERR,ERR,ERR,ERR,ERR,ERR,ERR,ERR,ERR,ERR,ERR,ERR,ERR,ERR,ERR,ERR,ERR,ERR,ERR,ERR,ERR,ERR,ERR,ERR,ERR,ERR,ERR,ERR,ERR,ERR,ERR,ERR,ERR,ERR,ERR,ERR,ERR,ERR,ERR,ERR,ERR,ERR,ERR,ERR,ERR,ERR,ERR,ERR,ERR,ERR,ERR,ERR,ERR,ERR,ERR,ERR,ERR,ERR,ERR,ERR,ERR,ERR,ERR,ERR,ERR,ERR,ERR,ERR,ERR,ERR,ERR,ERR,ERR,ERR,ERR,ERR,ERR,ERR,ERR,ERR,ERR,ERR,ERR,ERR,ERR,ERR,ERR,ERR,ERR,ERR,ERR,ERR,ERR,ERR,ERR,ERR,ERR,ERR,ERR,ERR,ERR,ERR,ERR,ERR,ERR,ERR,ERR,ERR,ERR,ERR,ERR,ERR,ERR,0.0,0.0,0.0,0.0,0.0,1.3936040501711995e+18,7.805,0.0,0,0,4,0,7116,0.0,100,0.0,0.0,0.0,0.0,0.0,0,0,0,0,0.0,0,0,0,0,0,0,0,0,0,0,0,0,0,0,0,0,0,0,0,0,0,0,0,0,0,0,0,0,0,0,0,0,0,31,40,40,71,65476,0,300,0,0,8,21553,0.0,-107605600.0,0.0,0.0,0.0,0.0,0.0,0.0,0.0,0.0,0.0,0.0,0.0,0.0,0.0,0.0,0.0,0.0,0.0,0.0,0.0,0.0,-0.0,2.004,2.004,-0.0,0.0,0.0,0.0,0.0,6325.0,-0.0,6932.0,0.0,-107615392.0,0.0,0.0,0.0,0.0,0.0,0.0,69,-0.0,-4.950421634474044e+32,0.0,0.0,0.0,0.0,0.0,0.0,0.0,0,0,0,0.0,0.0,0.0,0.0,0.0,0.0,0.0,0.0,0.0,0.0,0.0,0.0,0.0,0.0,0.0,0.0,0,-107875648.0,69,0.0,138,0.0,-0.0,0,13107,17040,0,17049,0,17043,0,0,0,70,68,100,2.7302359370752657e+23,71.1,0.0,74.2,2.7302370179391762e+23,74.0,1,49,50,180,0,52429,0,0,0.0,0.0,0.0,0.0,-0.0,67.0,0.0,162057.094,0.0,750,0,739,0,0,0,721,0,765,0,735,0,742,0,741,0,712,0,7520,0.032,79993765888.0,0.0,0.0,784,16797,-0.0,162057.094,-114818.039,-0.0,0.133,6.909358625270745e+28,30.0,65.0,35,0.0,0.0,0.0,0.0,0.0,0.0,0.0,0.0,0.0,0.0,0.0,0.0,0.0,0.0,0.0,0.0,69.2,0,150,71,54,65476,0,300,0,1,8,20529,65476,0,0,40632,65.0,0.0,0.0,0.0,0.0,0.0
2026-09-04T20:57:09,ERR,ERR,ERR,ERR,ERR,ERR,ERR,ERR,ERR,ERR,ERR,ERR,ERR,ERR,ERR,ERR,ERR,ERR,ERR,ERR,ERR,ERR,ERR,ERR,ERR,ERR,ERR,ERR,ERR,ERR,ERR,ERR,ERR,ERR,ERR,ERR,ERR,ERR,ERR,ERR,ERR,ERR,ERR,ERR,ERR,ERR,ERR,ERR,ERR,ERR,ERR,ERR,ERR,ERR,ERR,ERR,ERR,ERR,ERR,ERR,ERR,ERR,ERR,ERR,ERR,ERR,ERR,ERR,ERR,ERR,ERR,ERR,ERR,ERR,ERR,ERR,ERR,ERR,ERR,ERR,ERR,ERR,ERR,ERR,ERR,ERR,ERR,ERR,ERR,ERR,ERR,ERR,ERR,ERR,ERR,ERR,ERR,ERR,ERR,ERR,ERR,ERR,ERR,ERR,ERR,ERR,ERR,ERR,ERR,ERR,ERR,ERR,ERR,ERR,ERR,ERR,ERR,ERR,ERR,ERR,ERR,ERR,ERR,ERR,ERR,0.0,0.0,0.0,0.0,0.0,1.3936040501711995e+18,7.805,0.0,0,0,4,0,7116,0.0,100,0.0,0.0,0.0,0.0,0.0,0,0,0,0,0.0,0,0,0,0,0,0,0,0,0,0,0,0,0,0,0,0,0,0,0,0,0,0,0,0,0,0,0,0,0,0,0,0,0,31,40,40,71,65476,0,300,0,0,8,21553,0.0,-107605600.0,0.0,0.0,0.0,0.0,0.0,0.0,0.0,0.0,0.0,0.0,0.0,0.0,0.0,0.0,0.0,0.0,0.0,0.0,0.0,0.0,-0.0,2.004,2.004,-0.0,0.0,0.0,0.0,0.0,6325.0,-0.0,6932.0,0.0,-107615392.0,0.0,0.0,0.0,0.0,0.0,0.0,69,-0.0,-4.950421634474044e+32,0.0,0.0,0.0,0.0,0.0,0.0,0.0,0,0,0,0.0,0.0,0.0,0.0,0.0,0.0,0.0,0.0,0.0,0.0,0.0,0.0,0.0,0.0,0.0,0.0,0,-107875648.0,69,0.0,138,0.0,-0.0,0,13107,17040,0,17049,0,17043,0,0,0,70,68,100,2.7302359370752657e+23,71.1,0.0,74.2,2.7302370179391762e+23,74.0,1,49,50,180,0,52429,0,0,0.0,0.0,0.0,0.0,-0.0,67.0,0.0,162057.094,0.0,750,0,739,0,0,0,721,0,765,0,735,0,742,0,741,0,712,0,7520,0.032,79993765888.0,0.0,0.0,784,16797,-0.0,162057.094,-114818.039,-0.0,0.133,6.909358625270745e+28,30.0,65.0,35,0.0,0.0,0.0,0.0,0.0,0.0,0.0,0.0,0.0,0.0,0.0,0.0,0.0,0.0,0.0,0.0,69.2,0,150,71,54,65476,0,300,0,1,8,20529,65476,0,0,40632,65.0,0.0,0.0,0.0,0.0,0.0
2026-09-04T20:57:10,ERR,ERR,ERR,ERR,ERR,ERR,ERR,ERR,ERR,ERR,ERR,ERR,ERR,ERR,ERR,ERR,ERR,ERR,ERR,ERR,ERR,ERR,ERR,ERR,ERR,ERR,ERR,ERR,ERR,ERR,ERR,ERR,ERR,ERR,ERR,ERR,ERR,ERR,ERR,ERR,ERR,ERR,ERR,ERR,ERR,ERR,ERR,ERR,ERR,ERR,ERR,ERR,ERR,ERR,ERR,ERR,ERR,ERR,ERR,ERR,ERR,ERR,ERR,ERR,ERR,ERR,ERR,ERR,ERR,ERR,ERR,ERR,ERR,ERR,ERR,ERR,ERR,ERR,ERR,ERR,ERR,ERR,ERR,ERR,ERR,ERR,ERR,ERR,ERR,ERR,ERR,ERR,ERR,ERR,ERR,ERR,ERR,ERR,ERR,ERR,ERR,ERR,ERR,ERR,ERR,ERR,ERR,ERR,ERR,ERR,ERR,ERR,ERR,ERR,ERR,ERR,ERR,ERR,ERR,ERR,ERR,ERR,ERR,ERR,ERR,0.0,0.0,0.0,0.0,0.0,1.3936040501711995e+18,7.805,0.0,0,0,4,0,7116,0.0,100,0.0,0.0,0.0,0.0,0.0,0,0,0,0,0.0,0,0,0,0,0,0,0,0,0,0,0,0,0,0,0,0,0,0,0,0,0,0,0,0,0,0,0,0,0,0,0,0,0,31,40,40,71,65476,0,300,0,0,8,21553,0.0,-107605600.0,0.0,0.0,0.0,0.0,0.0,0.0,0.0,0.0,0.0,0.0,0.0,0.0,0.0,0.0,0.0,0.0,0.0,0.0,0.0,0.0,-0.0,2.004,2.004,-0.0,0.0,0.0,0.0,0.0,6325.0,-0.0,6932.0,0.0,-107615392.0,0.0,0.0,0.0,0.0,0.0,0.0,69,-0.0,-4.950421634474044e+32,0.0,0.0,0.0,0.0,0.0,0.0,0.0,0,0,0,0.0,0.0,0.0,0.0,0.0,0.0,0.0,0.0,0.0,0.0,0.0,0.0,0.0,0.0,0.0,0.0,0,-107875648.0,69,0.0,138,0.0,-0.0,0,13107,17040,0,17049,0,17043,0,0,0,70,68,100,2.7302359370752657e+23,71.1,0.0,74.2,2.7302370179391762e+23,74.0,1,49,50,180,0,52429,0,0,0.0,0.0,0.0,0.0,-0.0,67.0,0.0,162057.094,0.0,750,0,739,0,0,0,721,0,765,0,735,0,742,0,741,0,712,0,7520,0.032,79993765888.0,0.0,0.0,784,16797,-0.0,162057.094,-114818.039,-0.0,0.133,6.909358625270745e+28,30.0,65.0,35,0.0,0.0,0.0,0.0,0.0,0.0,0.0,0.0,0.0,0.0,0.0,0.0,0.0,0.0,0.0,0.0,69.2,0,150,71,54,65476,0,300,0,1,8,20529,65476,0,0,40632,65.0,0.0,0.0,0.0,0.0,0.0
2026-09-04T20:57:11,ERR,ERR,ERR,ERR,ERR,ERR,ERR,ERR,ERR,ERR,ERR,ERR,ERR,ERR,ERR,ERR,ERR,ERR,ERR,ERR,ERR,ERR,ERR,ERR,ERR,ERR,ERR,ERR,ERR,ERR,ERR,ERR,ERR,ERR,ERR,ERR,ERR,ERR,ERR,ERR,ERR,ERR,ERR,ERR,ERR,ERR,ERR,ERR,ERR,ERR,ERR,ERR,ERR,ERR,ERR,ERR,ERR,ERR,ERR,ERR,ERR,ERR,ERR,ERR,ERR,ERR,ERR,ERR,ERR,ERR,ERR,ERR,ERR,ERR,ERR,ERR,ERR,ERR,ERR,ERR,ERR,ERR,ERR,ERR,ERR,ERR,ERR,ERR,ERR,ERR,ERR,ERR,ERR,ERR,ERR,ERR,ERR,ERR,ERR,ERR,ERR,ERR,ERR,ERR,ERR,ERR,ERR,ERR,ERR,ERR,ERR,ERR,ERR,ERR,ERR,ERR,ERR,ERR,ERR,ERR,ERR,ERR,ERR,ERR,ERR,0.0,0.0,0.0,0.0,0.0,1.3936040501711995e+18,7.805,0.0,0,0,4,0,7116,0.0,100,0.0,0.0,0.0,0.0,0.0,0,0,0,0,0.0,0,0,0,0,0,0,0,0,0,0,0,0,0,0,0,0,0,0,0,0,0,0,0,0,0,0,0,0,0,0,0,0,0,31,40,40,71,65476,0,300,0,0,8,21553,0.0,-107605600.0,0.0,0.0,0.0,0.0,0.0,0.0,0.0,0.0,0.0,0.0,0.0,0.0,0.0,0.0,0.0,0.0,0.0,0.0,0.0,0.0,-0.0,2.004,2.004,-0.0,0.0,0.0,0.0,0.0,6325.0,-0.0,6932.0,0.0,-107615392.0,0.0,0.0,0.0,0.0,0.0,0.0,69,-0.0,-4.950421634474044e+32,0.0,0.0,0.0,0.0,0.0,0.0,0.0,0,0,0,0.0,0.0,0.0,0.0,0.0,0.0,0.0,0.0,0.0,0.0,0.0,0.0,0.0,0.0,0.0,0.0,0,-107875648.0,69,0.0,138,0.0,-0.0,0,13107,17040,0,17049,0,17043,0,0,0,70,68,100,2.7302359370752657e+23,71.1,0.0,74.2,2.7302370179391762e+23,74.0,1,49,50,180,0,52429,0,0,0.0,0.0,0.0,0.0,-0.0,67.0,0.0,162057.094,0.0,750,0,739,0,0,0,721,0,765,0,735,0,742,0,741,0,712,0,7520,0.032,79456894976.0,0.0,0.0,784,16797,-0.0,162057.094,-114818.039,-0.0,0.133,6.909358625270745e+28,30.0,65.0,35,0.0,0.0,0.0,0.0,0.0,0.0,0.0,0.0,0.0,0.0,0.0,0.0,0.0,0.0,0.0,0.0,69.2,0,150,71,54,65476,0,300,0,1,8,20529,65476,0,0,40632,65.0,0.0,0.0,0.0,0.0,0.0
2026-09-04T20:57:12,ERR,ERR,ERR,ERR,ERR,ERR,ERR,ERR,ERR,ERR,ERR,ERR,ERR,ERR,ERR,ERR,ERR,ERR,ERR,ERR,ERR,ERR,ERR,ERR,ERR,ERR,ERR,ERR,ERR,ERR,ERR,ERR,ERR,ERR,ERR,ERR,ERR,ERR,ERR,ERR,ERR,ERR,ERR,ERR,ERR,ERR,ERR,ERR,ERR,ERR,ERR,ERR,ERR,ERR,ERR,ERR,ERR,ERR,ERR,ERR,ERR,ERR,ERR,ERR,ERR,ERR,ERR,ERR,ERR,ERR,ERR,ERR,ERR,ERR,ERR,ERR,ERR,ERR,ERR,ERR,ERR,ERR,ERR,ERR,ERR,ERR,ERR,ERR,ERR,ERR,ERR,ERR,ERR,ERR,ERR,ERR,ERR,ERR,ERR,ERR,ERR,ERR,ERR,ERR,ERR,ERR,ERR,ERR,ERR,ERR,ERR,ERR,ERR,ERR,ERR,ERR,ERR,ERR,ERR,ERR,ERR,ERR,ERR,ERR,ERR,0.0,0.0,0.0,0.0,0.0,1.3936040501711995e+18,7.805,0.0,0,0,4,0,7116,0.0,100,0.0,0.0,0.0,0.0,0.0,0,0,0,0,0.0,0,0,0,0,0,0,0,0,0,0,0,0,0,0,0,0,0,0,0,0,0,0,0,0,0,0,0,0,0,0,0,0,0,31,40,40,71,65476,0,300,0,0,8,21553,0.0,-107605600.0,0.0,0.0,0.0,0.0,0.0,0.0,0.0,0.0,0.0,0.0,0.0,0.0,0.0,0.0,0.0,0.0,0.0,0.0,0.0,0.0,-0.0,2.004,2.004,-0.0,0.0,0.0,0.0,0.0,6325.0,-0.0,6932.0,0.0,-107615392.0,0.0,0.0,0.0,0.0,0.0,0.0,69,-0.0,-4.950421634474044e+32,0.0,0.0,0.0,0.0,0.0,0.0,0.0,0,0,0,0.0,0.0,0.0,0.0,0.0,0.0,0.0,0.0,0.0,0.0,0.0,0.0,0.0,0.0,0.0,0.0,0,-107875648.0,69,0.0,138,0.0,-0.0,0,13107,17040,0,17049,0,17043,0,0,0,70,68,100,2.7302359370752657e+23,71.1,0.0,74.2,2.7302370179391762e+23,74.0,1,49,50,180,0,52429,0,0,0.0,0.0,0.0,0.0,-0.0,67.0,0.0,162057.094,0.0,750,0,739,0,0,0,721,0,765,0,735,0,742,0,741,0,712,0,7520,0.032,79456894976.0,0.0,0.0,784,16797,-0.0,162057.094,-114818.039,-0.0,0.133,6.909358625270745e+28,30.0,65.0,35,0.0,0.0,0.0,0.0,0.0,0.0,0.0,0.0,0.0,0.0,0.0,0.0,0.0,0.0,0.0,0.0,69.2,0,150,71,54,65476,0,300,0,1,8,20529,65476,0,0,40632,65.0,0.0,0.0,0.0,0.0,0.0
2026-09-04T20:57:13,ERR,ERR,ERR,ERR,ERR,ERR,ERR,ERR,ERR,ERR,ERR,ERR,ERR,ERR,ERR,ERR,ERR,ERR,ERR,ERR,ERR,ERR,ERR,ERR,ERR,ERR,ERR,ERR,ERR,ERR,ERR,ERR,ERR,ERR,ERR,ERR,ERR,ERR,ERR,ERR,ERR,ERR,ERR,ERR,ERR,ERR,ERR,ERR,ERR,ERR,ERR,ERR,ERR,ERR,ERR,ERR,ERR,ERR,ERR,ERR,ERR,ERR,ERR,ERR,ERR,ERR,ERR,ERR,ERR,ERR,ERR,ERR,ERR,ERR,ERR,ERR,ERR,ERR,ERR,ERR,ERR,ERR,ERR,ERR,ERR,ERR,ERR,ERR,ERR,ERR,ERR,ERR,ERR,ERR,ERR,ERR,ERR,ERR,ERR,ERR,ERR,ERR,ERR,ERR,ERR,ERR,ERR,ERR,ERR,ERR,ERR,ERR,ERR,ERR,ERR,ERR,ERR,ERR,ERR,ERR,ERR,ERR,ERR,ERR,ERR,0.0,0.0,0.0,0.0,0.0,1.3936040501711995e+18,7.805,0.0,0,0,4,0,7116,0.0,100,0.0,0.0,0.0,0.0,0.0,0,0,0,0,0.0,0,0,0,0,0,0,0,0,0,0,0,0,0,0,0,0,0,0,0,0,0,0,0,0,0,0,0,0,0,0,0,0,0,31,40,40,71,65476,0,300,0,0,8,21553,0.0,-107605600.0,0.0,0.0,0.0,0.0,0.0,0.0,0.0,0.0,0.0,0.0,0.0,0.0,0.0,0.0,0.0,0.0,0.0,0.0,0.0,0.0,-0.0,2.004,2.004,-0.0,0.0,0.0,0.0,0.0,6325.0,-0.0,6932.0,0.0,-107615392.0,0.0,0.0,0.0,0.0,0.0,0.0,69,-0.0,-4.950421634474044e+32,0.0,0.0,0.0,0.0,0.0,0.0,0.0,0,0,0,0.0,0.0,0.0,0.0,0.0,0.0,0.0,0.0,0.0,0.0,0.0,0.0,0.0,0.0,0.0,0.0,0,-107875648.0,69,0.0,138,0.0,-0.0,0,13107,17040,0,17049,0,17043,0,0,0,70,68,100,2.7302359370752657e+23,71.1,0.0,74.2,2.7302370179391762e+23,74.0,1,49,50,180,0,52429,0,0,0.0,0.0,0.0,0.0,-0.0,67.0,0.0,162057.094,0.0,750,0,739,0,0,0,721,0,765,0,735,0,742,0,741,0,712,0,7520,0.032,79456894976.0,0.0,0.0,784,16797,-0.0,162057.094,-114818.039,-0.0,0.133,6.909358625270745e+28,30.0,65.0,35,0.0,0.0,0.0,0.0,0.0,0.0,0.0,0.0,0.0,0.0,0.0,0.0,0.0,0.0,0.0,0.0,69.2,0,150,71,54,65476,0,300,0,1,8,20529,65476,0,0,40632,65.0,0.0,0.0,0.0,0.0,0.0
2026-09-04T20:57:14,ERR,ERR,ERR,ERR,ERR,ERR,ERR,ERR,ERR,ERR,ERR,ERR,ERR,ERR,ERR,ERR,ERR,ERR,ERR,ERR,ERR,ERR,ERR,ERR,ERR,ERR,ERR,ERR,ERR,ERR,ERR,ERR,ERR,ERR,ERR,ERR,ERR,ERR,ERR,ERR,ERR,ERR,ERR,ERR,ERR,ERR,ERR,ERR,ERR,ERR,ERR,ERR,ERR,ERR,ERR,ERR,ERR,ERR,ERR,ERR,ERR,ERR,ERR,ERR,ERR,ERR,ERR,ERR,ERR,ERR,ERR,ERR,ERR,ERR,ERR,ERR,ERR,ERR,ERR,ERR,ERR,ERR,ERR,ERR,ERR,ERR,ERR,ERR,ERR,ERR,ERR,ERR,ERR,ERR,ERR,ERR,ERR,ERR,ERR,ERR,ERR,ERR,ERR,ERR,ERR,ERR,ERR,ERR,ERR,ERR,ERR,ERR,ERR,ERR,ERR,ERR,ERR,ERR,ERR,ERR,ERR,ERR,ERR,ERR,ERR,0.0,0.0,0.0,0.0,0.0,1.3936040501711995e+18,7.805,0.0,0,0,4,0,7116,0.0,100,0.0,0.0,0.0,0.0,0.0,0,0,0,0,0.0,0,0,0,0,0,0,0,0,0,0,0,0,0,0,0,0,0,0,0,0,0,0,0,0,0,0,0,0,0,0,0,0,0,31,40,40,71,65476,0,300,0,0,8,21553,0.0,-107605600.0,0.0,0.0,0.0,0.0,0.0,0.0,0.0,0.0,0.0,0.0,0.0,0.0,0.0,0.0,0.0,0.0,0.0,0.0,0.0,0.0,-0.0,2.004,2.004,-0.0,0.0,0.0,0.0,0.0,6325.0,-0.0,6932.0,0.0,-107615392.0,0.0,0.0,0.0,0.0,0.0,0.0,69,-0.0,-4.950421634474044e+32,0.0,0.0,0.0,0.0,0.0,0.0,0.0,0,0,0,0.0,0.0,0.0,0.0,0.0,0.0,0.0,0.0,0.0,0.0,0.0,0.0,0.0,0.0,0.0,0.0,0,-107875648.0,69,0.0,138,0.0,-0.0,0,13107,17040,0,17049,0,17043,0,0,0,70,68,100,2.7302359370752657e+23,71.1,0.0,74.2,2.7302370179391762e+23,74.0,1,49,50,180,0,52429,0,0,0.0,0.0,0.0,0.0,-0.0,67.0,0.0,162057.094,0.0,750,0,739,0,0,0,721,0,765,0,735,0,742,0,741,0,712,0,7520,0.032,79456894976.0,0.0,0.0,784,16797,-0.0,162057.094,-114818.039,-0.0,0.133,6.909358625270745e+28,30.0,65.0,35,0.0,0.0,0.0,0.0,0.0,0.0,0.0,0.0,0.0,0.0,0.0,0.0,0.0,0.0,0.0,0.0,69.2,0,150,71,54,65476,0,300,0,1,8,20529,65476,0,0,40632,65.0,0.0,0.0,0.0,0.0,0.0
2026-09-04T20:57:15,ERR,ERR,ERR,ERR,ERR,ERR,ERR,ERR,ERR,ERR,ERR,ERR,ERR,ERR,ERR,ERR,ERR,ERR,ERR,ERR,ERR,ERR,ERR,ERR,ERR,ERR,ERR,ERR,ERR,ERR,ERR,ERR,ERR,ERR,ERR,ERR,ERR,ERR,ERR,ERR,ERR,ERR,ERR,ERR,ERR,ERR,ERR,ERR,ERR,ERR,ERR,ERR,ERR,ERR,ERR,ERR,ERR,ERR,ERR,ERR,ERR,ERR,ERR,ERR,ERR,ERR,ERR,ERR,ERR,ERR,ERR,ERR,ERR,ERR,ERR,ERR,ERR,ERR,ERR,ERR,ERR,ERR,ERR,ERR,ERR,ERR,ERR,ERR,ERR,ERR,ERR,ERR,ERR,ERR,ERR,ERR,ERR,ERR,ERR,ERR,ERR,ERR,ERR,ERR,ERR,ERR,ERR,ERR,ERR,ERR,ERR,ERR,ERR,ERR,ERR,ERR,ERR,ERR,ERR,ERR,ERR,ERR,ERR,ERR,ERR,0.0,-107615392.0,0.0,0.0,0.0,1.3936040501711995e+18,7.805,0.0,0,0,4,0,7116,0.0,100,0.0,0.0,0.0,0.0,0.0,0,0,0,0,0.0,0,0,0,0,0,0,0,0,0,0,0,0,0,0,0,0,0,0,0,0,0,0,0,0,0,0,0,0,0,0,0,0,0,31,40,40,71,65476,0,300,0,0,8,21553,0.0,-107605600.0,0.0,0.0,0.0,0.0,0.0,0.0,0.0,0.0,0.0,0.0,0.0,0.0,0.0,0.0,0.0,0.0,0.0,0.0,0.0,0.0,-0.0,0.0,2.004,-0.0,0.0,0.0,0.0,0.0,6364.0,0.0,6913.0,0.0,-107615392.0,0.0,0.0,0.0,0.0,0.0,0.0,69,-0.0,5.8480766786224575e+35,0.0,0.0,0.0,0.0,0.0,0.0,0.0,0,0,0,0.0,0.0,0.0,0.0,0.0,0.0,0.0,0.0,0.0,0.0,0.0,0.0,0.0,0.0,0.0,0.0,0,-107875648.0,69,0.0,138,0.0,-0.0,0,13107,17040,0,17049,0,17043,0,0,0,70,68,100,2.7302359370752657e+23,71.1,0.0,74.2,2.7302370179391762e+23,74.0,1,49,50,180,0,52429,0,0,0.0,0.0,0.0,0.0,-0.0,67.0,0.0,162057.094,0.0,750,0,739,0,0,0,721,0,765,0,735,0,742,0,741,0,712,0,7520,0.032,79456894976.0,0.0,0.0,784,16797,-0.0,162057.094,-114818.039,-0.0,0.133,6.909358625270745e+28,30.0,65.0,35,0.0,0.0,0.0,0.0,0.0,0.0,0.0,0.0,0.0,0.0,0.0,0.0,0.0,0.0,0.0,0.0,69.2,0,150,71,54,65476,0,300,0,1,8,20529,65476,0,0,40632,65.0,0.0,0.0,0.0,0.0,0.0
2026-09-04T20:57:16,ERR,ERR,ERR,ERR,ERR,ERR,ERR,ERR,ERR,ERR,ERR,ERR,ERR,ERR,ERR,ERR,ERR,ERR,ERR,ERR,ERR,ERR,ERR,ERR,ERR,ERR,ERR,ERR,ERR,ERR,ERR,ERR,ERR,ERR,ERR,ERR,ERR,ERR,ERR,ERR,ERR,ERR,ERR,ERR,ERR,ERR,ERR,ERR,ERR,ERR,ERR,ERR,ERR,ERR,ERR,ERR,ERR,ERR,ERR,ERR,ERR,ERR,ERR,ERR,ERR,ERR,ERR,ERR,ERR,ERR,ERR,ERR,ERR,ERR,ERR,ERR,ERR,ERR,ERR,ERR,ERR,ERR,ERR,ERR,ERR,ERR,ERR,ERR,ERR,ERR,ERR,ERR,ERR,ERR,ERR,ERR,ERR,ERR,ERR,ERR,ERR,ERR,ERR,ERR,ERR,ERR,ERR,ERR,ERR,ERR,ERR,ERR,ERR,ERR,ERR,ERR,ERR,ERR,ERR,ERR,ERR,ERR,ERR,ERR,ERR,0.0,-107615392.0,0.0,0.0,0.0,1.3936040501711995e+18,7.805,0.0,0,0,4,0,7116,0.0,100,0.0,0.0,0.0,0.0,0.0,0,0,0,0,0.0,0,0,0,0,0,0,0,0,0,0,0,0,0,0,0,0,0,0,0,0,0,0,0,0,0,0,0,0,0,0,0,0,0,31,40,40,71,65476,0,300,0,0,8,21553,0.0,-107605600.0,0.0,0.0,0.0,0.0,0.0,0.0,0.0,0.0,0.0,0.0,0.0,0.0,0.0,0.0,0.0,0.0,0.0,0.0,0.0,0.0,-0.0,0.0,2.004,-0.0,0.0,0.0,0.0,0.0,6364.0,0.0,6913.0,0.0,-107615392.0,0.0,0.0,0.0,0.0,0.0,0.0,69,-0.0,5.8480766786224575e+35,0.0,0.0,0.0,0.0,0.0,0.0,0.0,0,0,0,0.0,0.0,0.0,0.0,0.0,0.0,0.0,0.0,0.0,0.0,0.0,0.0,0.0,0.0,0.0,0.0,0,-107875648.0,69,0.0,138,0.0,-0.0,0,13107,17040,0,17049,0,17043,0,0,0,70,68,100,2.7302359370752657e+23,71.1,0.0,74.2,2.7302370179391762e+23,74.0,1,49,50,180,0,52429,0,0,0.0,0.0,0.0,0.0,-0.0,67.0,0.0,162057.094,0.0,750,0,739,0,0,0,721,0,765,0,735,0,742,0,741,0,712,0,7520,0.032,79456894976.0,0.0,0.0,784,16797,-0.0,162057.094,-114818.039,-0.0,0.133,6.909358625270745e+28,30.0,65.0,35,0.0,0.0,0.0,0.0,0.0,0.0,0.0,0.0,0.0,0.0,0.0,0.0,0.0,0.0,0.0,0.0,69.2,0,150,71,54,65476,0,300,0,1,8,20529,65476,0,0,40632,65.0,0.0,0.0,0.0,0.0,0.0
2026-09-04T20:57:17,ERR,ERR,ERR,ERR,ERR,ERR,ERR,ERR,ERR,ERR,ERR,ERR,ERR,ERR,ERR,ERR,ERR,ERR,ERR,ERR,ERR,ERR,ERR,ERR,ERR,ERR,ERR,ERR,ERR,ERR,ERR,ERR,ERR,ERR,ERR,ERR,ERR,ERR,ERR,ERR,ERR,ERR,ERR,ERR,ERR,ERR,ERR,ERR,ERR,ERR,ERR,ERR,ERR,ERR,ERR,ERR,ERR,ERR,ERR,ERR,ERR,ERR,ERR,ERR,ERR,ERR,ERR,ERR,ERR,ERR,ERR,ERR,ERR,ERR,ERR,ERR,ERR,ERR,ERR,ERR,ERR,ERR,ERR,ERR,ERR,ERR,ERR,ERR,ERR,ERR,ERR,ERR,ERR,ERR,ERR,ERR,ERR,ERR,ERR,ERR,ERR,ERR,ERR,ERR,ERR,ERR,ERR,ERR,ERR,ERR,ERR,ERR,ERR,ERR,ERR,ERR,ERR,ERR,ERR,ERR,ERR,ERR,ERR,ERR,ERR,0.0,-107615392.0,0.0,0.0,0.0,1.3936040501711995e+18,7.805,0.0,0,0,4,0,7116,0.0,100,0.0,0.0,0.0,0.0,0.0,0,0,0,0,0.0,0,0,0,0,0,0,0,0,0,0,0,0,0,0,0,0,0,0,0,0,0,0,0,0,0,0,0,0,0,0,0,0,0,31,40,40,71,65476,0,300,0,0,8,21553,0.0,-107605600.0,0.0,0.0,0.0,0.0,0.0,0.0,0.0,0.0,0.0,0.0,0.0,0.0,0.0,0.0,0.0,0.0,0.0,0.0,0.0,0.0,-0.0,0.0,2.004,-0.0,0.0,0.0,0.0,0.0,6364.0,0.0,6913.0,0.0,-107615392.0,0.0,0.0,0.0,0.0,0.0,0.0,69,-0.0,5.8480766786224575e+35,0.0,0.0,0.0,0.0,0.0,0.0,0.0,0,0,0,0.0,0.0,0.0,0.0,0.0,0.0,0.0,0.0,0.0,0.0,0.0,0.0,0.0,0.0,0.0,0.0,0,-107875648.0,69,0.0,138,0.0,-0.0,0,13107,17040,0,17049,0,17043,0,0,0,70,68,100,2.7302359370752657e+23,71.1,0.0,74.2,2.7302370179391762e+23,74.0,1,49,50,180,0,52429,0,0,0.0,0.0,0.0,0.0,-0.0,67.0,0.0,162057.094,0.0,750,0,739,0,0,0,721,0,765,0,735,0,742,0,741,0,712,0,7520,0.032,78920024064.0,0.0,0.0,784,16797,-0.0,162057.094,-114818.039,-0.0,0.133,6.909358625270745e+28,30.0,65.0,35,0.0,0.0,0.0,0.0,0.0,0.0,0.0,0.0,0.0,0.0,0.0,0.0,0.0,0.0,0.0,0.0,69.2,0,150,71,54,65476,0,300,0,1,8,20529,65476,0,0,40632,65.0,0.0,0.0,0.0,0.0,0.0
2026-09-04T20:57:18,ERR,ERR,ERR,ERR,ERR,ERR,ERR,ERR,ERR,ERR,ERR,ERR,ERR,ERR,ERR,ERR,ERR,ERR,ERR,ERR,ERR,ERR,ERR,ERR,ERR,ERR,ERR,ERR,ERR,ERR,ERR,ERR,ERR,ERR,ERR,ERR,ERR,ERR,ERR,ERR,ERR,ERR,ERR,ERR,ERR,ERR,ERR,ERR,ERR,ERR,ERR,ERR,ERR,ERR,ERR,ERR,ERR,ERR,ERR,ERR,ERR,ERR,ERR,ERR,ERR,ERR,ERR,ERR,ERR,ERR,ERR,ERR,ERR,ERR,ERR,ERR,ERR,ERR,ERR,ERR,ERR,ERR,ERR,ERR,ERR,ERR,ERR,ERR,ERR,ERR,ERR,ERR,ERR,ERR,ERR,ERR,ERR,ERR,ERR,ERR,ERR,ERR,ERR,ERR,ERR,ERR,ERR,ERR,ERR,ERR,ERR,ERR,ERR,ERR,ERR,ERR,ERR,ERR,ERR,ERR,ERR,ERR,ERR,ERR,ERR,0.0,-107615392.0,0.0,0.0,0.0,1.3936040501711995e+18,7.805,0.0,0,0,4,0,7116,0.0,100,0.0,0.0,0.0,0.0,0.0,0,0,0,0,0.0,0,0,0,0,0,0,0,0,0,0,0,0,0,0,0,0,0,0,0,0,0,0,0,0,0,0,0,0,0,0,0,0,0,31,40,40,71,65476,0,300,0,0,8,21553,0.0,-107605600.0,0.0,0.0,0.0,0.0,0.0,0.0,0.0,0.0,0.0,0.0,0.0,0.0,0.0,0.0,0.0,0.0,0.0,0.0,0.0,0.0,-0.0,0.0,2.004,-0.0,0.0,0.0,0.0,0.0,6364.0,0.0,6913.0,0.0,-107615392.0,0.0,0.0,0.0,0.0,0.0,0.0,69,-0.0,5.8480766786224575e+35,0.0,0.0,0.0,0.0,0.0,0.0,0.0,0,0,0,0.0,0.0,0.0,0.0,0.0,0.0,0.0,0.0,0.0,0.0,0.0,0.0,0.0,0.0,0.0,0.0,0,-107875648.0,69,0.0,138,0.0,-0.0,0,13107,17040,0,17049,0,17043,0,0,0,70,68,100,2.7302359370752657e+23,71.1,0.0,74.2,2.7302370179391762e+23,74.0,1,49,50,180,0,52429,0,0,0.0,0.0,0.0,0.0,-0.0,67.0,0.0,162057.094,0.0,750,0,739,0,0,0,721,0,765,0,735,0,742,0,741,0,712,0,7520,0.032,78920024064.0,0.0,0.0,784,16797,-0.0,162057.094,-114818.039,-0.0,0.133,6.909358625270745e+28,30.0,65.0,35,0.0,0.0,0.0,0.0,0.0,0.0,0.0,0.0,0.0,0.0,0.0,0.0,0.0,0.0,0.0,0.0,69.2,0,150,71,54,65476,0,300,0,1,8,20529,65476,0,0,40632,65.0,0.0,0.0,0.0,0.0,0.0
2026-09-04T20:57:19,ERR,ERR,ERR,ERR,ERR,ERR,ERR,ERR,ERR,ERR,ERR,ERR,ERR,ERR,ERR,ERR,ERR,ERR,ERR,ERR,ERR,ERR,ERR,ERR,ERR,ERR,ERR,ERR,ERR,ERR,ERR,ERR,ERR,ERR,ERR,ERR,ERR,ERR,ERR,ERR,ERR,ERR,ERR,ERR,ERR,ERR,ERR,ERR,ERR,ERR,ERR,ERR,ERR,ERR,ERR,ERR,ERR,ERR,ERR,ERR,ERR,ERR,ERR,ERR,ERR,ERR,ERR,ERR,ERR,ERR,ERR,ERR,ERR,ERR,ERR,ERR,ERR,ERR,ERR,ERR,ERR,ERR,ERR,ERR,ERR,ERR,ERR,ERR,ERR,ERR,ERR,ERR,ERR,ERR,ERR,ERR,ERR,ERR,ERR,ERR,ERR,ERR,ERR,ERR,ERR,ERR,ERR,ERR,ERR,ERR,ERR,ERR,ERR,ERR,ERR,ERR,ERR,ERR,ERR,ERR,ERR,ERR,ERR,ERR,ERR,0.0,-107615392.0,0.0,0.0,0.0,1.3936040501711995e+18,7.805,0.0,0,0,4,0,7116,0.0,100,0.0,0.0,0.0,0.0,0.0,0,0,0,0,0.0,0,0,0,0,0,0,0,0,0,0,0,0,0,0,0,0,0,0,0,0,0,0,0,0,0,0,0,0,0,0,0,0,0,31,40,40,71,65476,0,300,0,0,8,21553,0.0,-107605600.0,0.0,0.0,0.0,0.0,0.0,0.0,0.0,0.0,0.0,0.0,0.0,0.0,0.0,0.0,0.0,0.0,0.0,0.0,0.0,0.0,-0.0,0.0,2.004,-0.0,0.0,0.0,0.0,0.0,6364.0,0.0,6913.0,0.0,-107615392.0,0.0,0.0,0.0,0.0,0.0,0.0,69,-0.0,5.8480766786224575e+35,0.0,0.0,0.0,0.0,0.0,0.0,0.0,0,0,0,0.0,0.0,0.0,0.0,0.0,0.0,0.0,0.0,0.0,0.0,0.0,0.0,0.0,0.0,0.0,0.0,0,-107875648.0,69,0.0,138,0.0,-0.0,0,13107,17040,0,17049,0,17043,0,0,0,70,68,100,2.7302359370752657e+23,71.1,0.0,74.2,2.7302370179391762e+23,74.0,1,49,50,180,0,52429,0,0,0.0,0.0,0.0,0.0,-0.0,67.0,0.0,162057.094,0.0,750,0,739,0,0,0,721,0,765,0,735,0,742,0,741,0,712,0,7520,0.032,78920024064.0,0.0,0.0,784,16797,-0.0,162057.094,-114818.039,-0.0,0.133,6.909358625270745e+28,30.0,65.0,35,0.0,0.0,0.0,0.0,0.0,0.0,0.0,0.0,0.0,0.0,0.0,0.0,0.0,0.0,0.0,0.0,69.2,0,150,71,54,65476,0,300,0,1,8,20529,65476,0,0,40632,65.0,0.0,0.0,0.0,0.0,0.0
2026-09-04T20:57:20,ERR,ERR,ERR,ERR,ERR,ERR,ERR,ERR,ERR,ERR,ERR,ERR,ERR,ERR,ERR,ERR,ERR,ERR,ERR,ERR,ERR,ERR,ERR,ERR,ERR,ERR,ERR,ERR,ERR,ERR,ERR,ERR,ERR,ERR,ERR,ERR,ERR,ERR,ERR,ERR,ERR,ERR,ERR,ERR,ERR,ERR,ERR,ERR,ERR,ERR,ERR,ERR,ERR,ERR,ERR,ERR,ERR,ERR,ERR,ERR,ERR,ERR,ERR,ERR,ERR,ERR,ERR,ERR,ERR,ERR,ERR,ERR,ERR,ERR,ERR,ERR,ERR,ERR,ERR,ERR,ERR,ERR,ERR,ERR,ERR,ERR,ERR,ERR,ERR,ERR,ERR,ERR,ERR,ERR,ERR,ERR,ERR,ERR,ERR,ERR,ERR,ERR,ERR,ERR,ERR,ERR,ERR,ERR,ERR,ERR,ERR,ERR,ERR,ERR,ERR,ERR,ERR,ERR,ERR,ERR,ERR,ERR,ERR,ERR,ERR,0.0,-107615392.0,0.0,0.0,0.0,1.3936040501711995e+18,7.805,0.0,0,0,4,0,7116,0.0,100,0.0,0.0,0.0,0.0,0.0,0,0,0,0,0.0,0,0,0,0,0,0,0,0,0,0,0,0,0,0,0,0,0,0,0,0,0,0,0,0,0,0,0,0,0,0,0,0,0,31,40,40,71,65476,0,300,0,0,8,21553,0.0,-107605600.0,0.0,0.0,0.0,0.0,0.0,0.0,0.0,0.0,0.0,0.0,0.0,0.0,0.0,0.0,0.0,0.0,0.0,0.0,0.0,0.0,-0.0,0.0,2.004,-0.0,0.0,0.0,0.0,0.0,6364.0,0.0,6913.0,0.0,-107615392.0,0.0,0.0,0.0,0.0,0.0,0.0,69,-0.0,5.8480766786224575e+35,0.0,0.0,0.0,0.0,0.0,0.0,0.0,0,0,0,0.0,0.0,0.0,0.0,0.0,0.0,0.0,0.0,0.0,0.0,0.0,0.0,0.0,0.0,0.0,0.0,0,-107875648.0,69,0.0,138,0.0,-0.0,0,13107,17040,0,17049,0,17043,0,0,0,70,68,100,2.7302359370752657e+23,71.1,0.0,74.2,2.7302370179391762e+23,74.0,1,49,50,180,0,52429,0,0,0.0,0.0,0.0,0.0,-0.0,67.0,0.0,162057.094,0.0,750,0,739,0,0,0,721,0,765,0,735,0,742,0,741,0,712,0,7520,0.032,78920024064.0,0.0,0.0,784,16797,-0.0,162057.094,-114818.039,-0.0,0.133,6.909358625270745e+28,30.0,65.0,35,0.0,0.0,0.0,0.0,0.0,0.0,0.0,0.0,0.0,0.0,0.0,0.0,0.0,0.0,0.0,0.0,69.2,0,150,71,54,65476,0,300,0,1,8,20529,65476,0,0,40632,65.0,0.0,0.0,0.0,0.0,0.0
2026-09-04T20:57:21,ERR,ERR,ERR,ERR,ERR,ERR,ERR,ERR,ERR,ERR,ERR,ERR,ERR,ERR,ERR,ERR,ERR,ERR,ERR,ERR,ERR,ERR,ERR,ERR,ERR,ERR,ERR,ERR,ERR,ERR,ERR,ERR,ERR,ERR,ERR,ERR,ERR,ERR,ERR,ERR,ERR,ERR,ERR,ERR,ERR,ERR,ERR,ERR,ERR,ERR,ERR,ERR,ERR,ERR,ERR,ERR,ERR,ERR,ERR,ERR,ERR,ERR,ERR,ERR,ERR,ERR,ERR,ERR,ERR,ERR,ERR,ERR,ERR,ERR,ERR,ERR,ERR,ERR,ERR,ERR,ERR,ERR,ERR,ERR,ERR,ERR,ERR,ERR,ERR,ERR,ERR,ERR,ERR,ERR,ERR,ERR,ERR,ERR,ERR,ERR,ERR,ERR,ERR,ERR,ERR,ERR,ERR,ERR,ERR,ERR,ERR,ERR,ERR,ERR,ERR,ERR,ERR,ERR,ERR,ERR,ERR,ERR,ERR,ERR,ERR,0.0,-107615392.0,0.0,0.0,0.0,1.3936040501711995e+18,7.805,0.0,0,0,4,0,7116,0.0,100,0.0,0.0,0.0,0.0,0.0,0,0,0,0,0.0,0,0,0,0,0,0,0,0,0,0,0,0,0,0,0,0,0,0,0,0,0,0,0,0,0,0,0,0,0,0,0,0,0,31,40,40,71,65476,0,300,0,0,8,21553,0.0,-107605600.0,0.0,0.0,0.0,0.0,0.0,0.0,0.0,0.0,0.0,0.0,0.0,0.0,0.0,0.0,0.0,0.0,0.0,0.0,0.0,0.0,-0.0,0.0,2.004,-0.0,0.0,0.0,0.0,0.0,6364.0,0.0,6913.0,0.0,-107615392.0,0.0,0.0,0.0,0.0,0.0,0.0,69,-0.0,5.8480766786224575e+35,0.0,0.0,0.0,0.0,0.0,0.0,0.0,0,0,0,0.0,0.0,0.0,0.0,0.0,0.0,0.0,0.0,0.0,0.0,0.0,0.0,0.0,0.0,0.0,0.0,0,-107875648.0,69,0.0,138,0.0,-0.0,0,13107,17040,0,17049,0,17043,0,0,0,70,68,100,2.7302359370752657e+23,71.1,0.0,74.2,2.7302370179391762e+23,74.0,1,49,50,180,0,52429,0,0,0.0,0.0,0.0,0.0,-0.0,67.0,0.0,162057.094,0.0,750,0,739,0,0,0,721,0,765,0,735,0,742,0,741,0,712,0,7520,0.032,78920024064.0,0.0,0.0,784,16797,-0.0,162057.094,-114818.039,-0.0,0.133,6.909358625270745e+28,30.0,65.0,35,0.0,0.0,0.0,0.0,0.0,0.0,0.0,0.0,0.0,0.0,0.0,0.0,0.0,0.0,0.0,0.0,69.2,0,150,71,54,65476,0,300,0,1,8,20529,65476,0,0,40632,65.0,0.0,0.0,0.0,0.0,0.0
2026-09-04T20:57:22,ERR,ERR,ERR,ERR,ERR,ERR,ERR,ERR,ERR,ERR,ERR,ERR,ERR,ERR,ERR,ERR,ERR,ERR,ERR,ERR,ERR,ERR,ERR,ERR,ERR,ERR,ERR,ERR,ERR,ERR,ERR,ERR,ERR,ERR,ERR,ERR,ERR,ERR,ERR,ERR,ERR,ERR,ERR,ERR,ERR,ERR,ERR,ERR,ERR,ERR,ERR,ERR,ERR,ERR,ERR,ERR,ERR,ERR,ERR,ERR,ERR,ERR,ERR,ERR,ERR,ERR,ERR,ERR,ERR,ERR,ERR,ERR,ERR,ERR,ERR,ERR,ERR,ERR,ERR,ERR,ERR,ERR,ERR,ERR,ERR,ERR,ERR,ERR,ERR,ERR,ERR,ERR,ERR,ERR,ERR,ERR,ERR,ERR,ERR,ERR,ERR,ERR,ERR,ERR,ERR,ERR,ERR,ERR,ERR,ERR,ERR,ERR,ERR,ERR,ERR,ERR,ERR,ERR,ERR,ERR,ERR,ERR,ERR,ERR,ERR,0.0,-107615392.0,0.0,0.0,0.0,1.3936040501711995e+18,7.805,0.0,0,0,4,0,7116,0.0,100,0.0,0.0,0.0,0.0,0.0,0,0,0,0,0.0,0,0,0,0,0,0,0,0,0,0,0,0,0,0,0,0,0,0,0,0,0,0,0,0,0,0,0,0,0,0,0,0,0,31,40,40,71,65476,0,300,0,0,8,21553,0.0,-107605600.0,0.0,0.0,0.0,0.0,0.0,0.0,0.0,0.0,0.0,0.0,0.0,0.0,0.0,0.0,0.0,0.0,0.0,0.0,0.0,0.0,-0.0,0.0,2.004,-0.0,0.0,0.0,0.0,0.0,6364.0,0.0,6913.0,0.0,-107615392.0,0.0,0.0,0.0,0.0,0.0,0.0,69,-0.0,5.8480766786224575e+35,0.0,0.0,0.0,0.0,0.0,0.0,0.0,0,0,0,0.0,0.0,0.0,0.0,0.0,0.0,0.0,0.0,0.0,0.0,0.0,0.0,0.0,0.0,0.0,0.0,0,-107875648.0,69,0.0,138,0.0,-0.0,0,13107,17040,0,17049,0,17043,0,0,0,70,68,100,2.7302359370752657e+23,71.1,0.0,74.2,2.7302370179391762e+23,74.0,1,49,50,180,0,52429,0,0,0.0,0.0,0.0,0.0,-0.0,67.0,0.0,162057.094,0.0,750,0,739,0,0,0,721,0,765,0,735,0,742,0,741,0,712,0,7520,0.032,79456894976.0,0.0,0.0,784,16797,-0.0,162057.094,-114818.039,-0.0,0.133,6.909358625270745e+28,30.0,65.0,35,0.0,0.0,0.0,0.0,0.0,0.0,0.0,0.0,0.0,0.0,0.0,0.0,0.0,0.0,0.0,0.0,69.2,0,150,71,54,65476,0,300,0,1,8,20529,65476,0,0,40632,65.0,0.0,0.0,0.0,0.0,0.0
2026-09-04T20:57:23,ERR,ERR,ERR,ERR,ERR,ERR,ERR,ERR,ERR,ERR,ERR,ERR,ERR,ERR,ERR,ERR,ERR,ERR,ERR,ERR,ERR,ERR,ERR,ERR,ERR,ERR,ERR,ERR,ERR,ERR,ERR,ERR,ERR,ERR,ERR,ERR,ERR,ERR,ERR,ERR,ERR,ERR,ERR,ERR,ERR,ERR,ERR,ERR,ERR,ERR,ERR,ERR,ERR,ERR,ERR,ERR,ERR,ERR,ERR,ERR,ERR,ERR,ERR,ERR,ERR,ERR,ERR,ERR,ERR,ERR,ERR,ERR,ERR,ERR,ERR,ERR,ERR,ERR,ERR,ERR,ERR,ERR,ERR,ERR,ERR,ERR,ERR,ERR,ERR,ERR,ERR,ERR,ERR,ERR,ERR,ERR,ERR,ERR,ERR,ERR,ERR,ERR,ERR,ERR,ERR,ERR,ERR,ERR,ERR,ERR,ERR,ERR,ERR,ERR,ERR,ERR,ERR,ERR,ERR,ERR,ERR,ERR,ERR,ERR,ERR,0.0,0.0,0.0,0.0,0.0,1.3936040501711995e+18,7.805,0.0,0,0,4,0,7116,0.0,100,0.0,0.0,0.0,0.0,0.0,0,0,0,0,0.0,0,0,0,0,0,0,0,0,0,0,0,0,0,0,0,0,0,0,0,0,0,0,0,0,0,0,0,0,0,0,0,0,0,31,40,40,71,65476,0,300,0,0,8,21553,0.0,-107605600.0,0.0,0.0,0.0,0.0,0.0,0.0,0.0,0.0,0.0,0.0,0.0,0.0,0.0,0.0,0.0,0.0,0.0,0.0,0.0,0.0,-0.0,2.004,2.004,-0.0,0.0,0.0,0.0,0.0,6329.0,-8608224256.0,6938.0,0.0,-107615392.0,0.0,0.0,0.0,0.0,0.0,0.0,69,-0.0,0.0,0.0,0.0,0.0,0.0,0.0,0.0,0.0,0,0,0,0.0,0.0,0.0,0.0,0.0,0.0,0.0,0.0,0.0,0.0,0.0,0.0,0.0,0.0,0.0,0.0,0,-107875648.0,69,0.0,138,0.0,-0.0,0,13107,17040,0,17049,0,17043,0,0,0,70,68,100,2.7302359370752657e+23,71.1,0.0,74.2,2.7302370179391762e+23,74.0,1,49,50,180,0,52429,0,0,0.0,0.0,0.0,0.0,-0.0,67.0,0.0,162057.094,0.0,750,0,739,0,0,0,721,0,765,0,735,0,742,0,741,0,712,0,7520,0.032,79456894976.0,0.0,0.0,784,16797,-0.0,162057.094,-114818.039,-0.0,0.133,6.909358625270745e+28,30.0,65.0,35,0.0,0.0,0.0,0.0,0.0,0.0,0.0,0.0,0.0,0.0,0.0,0.0,0.0,0.0,0.0,0.0,69.2,0,150,71,54,65476,0,300,0,1,8,20529,65476,0,0,40632,65.0,0.0,0.0,0.0,0.0,0.0
2026-09-04T20:57:24,ERR,ERR,ERR,ERR,ERR,ERR,ERR,ERR,ERR,ERR,ERR,ERR,ERR,ERR,ERR,ERR,ERR,ERR,ERR,ERR,ERR,ERR,ERR,ERR,ERR,ERR,ERR,ERR,ERR,ERR,ERR,ERR,ERR,ERR,ERR,ERR,ERR,ERR,ERR,ERR,ERR,ERR,ERR,ERR,ERR,ERR,ERR,ERR,ERR,ERR,ERR,ERR,ERR,ERR,ERR,ERR,ERR,ERR,ERR,ERR,ERR,ERR,ERR,ERR,ERR,ERR,ERR,ERR,ERR,ERR,ERR,ERR,ERR,ERR,ERR,ERR,ERR,ERR,ERR,ERR,ERR,ERR,ERR,ERR,ERR,ERR,ERR,ERR,ERR,ERR,ERR,ERR,ERR,ERR,ERR,ERR,ERR,ERR,ERR,ERR,ERR,ERR,ERR,ERR,ERR,ERR,ERR,ERR,ERR,ERR,ERR,ERR,ERR,ERR,ERR,ERR,ERR,ERR,ERR,ERR,ERR,ERR,ERR,ERR,ERR,0.0,0.0,0.0,0.0,0.0,1.3936040501711995e+18,7.805,0.0,0,0,4,0,7116,0.0,100,0.0,0.0,0.0,0.0,0.0,0,0,0,0,0.0,0,0,0,0,0,0,0,0,0,0,0,0,0,0,0,0,0,0,0,0,0,0,0,0,0,0,0,0,0,0,0,0,0,31,40,40,71,65476,0,300,0,0,8,21553,0.0,-107605600.0,0.0,0.0,0.0,0.0,0.0,0.0,0.0,0.0,0.0,0.0,0.0,0.0,0.0,0.0,0.0,0.0,0.0,0.0,0.0,0.0,-0.0,2.004,2.004,-0.0,0.0,0.0,0.0,0.0,6329.0,-8608224256.0,6938.0,0.0,-107615392.0,0.0,0.0,0.0,0.0,0.0,0.0,69,-0.0,0.0,0.0,0.0,0.0,0.0,0.0,0.0,0.0,0,0,0,0.0,0.0,0.0,0.0,0.0,0.0,0.0,0.0,0.0,0.0,0.0,0.0,0.0,0.0,0.0,0.0,0,-107875648.0,69,0.0,138,0.0,-0.0,0,13107,17040,0,17049,0,17043,0,0,0,70,68,100,2.7302359370752657e+23,71.1,0.0,74.2,2.7302370179391762e+23,74.0,1,49,50,180,0,52429,0,0,0.0,0.0,0.0,0.0,-0.0,67.0,0.0,162057.094,0.0,750,0,739,0,0,0,721,0,765,0,735,0,742,0,741,0,712,0,7520,0.032,79456894976.0,0.0,0.0,784,16797,-0.0,162057.094,-114818.039,-0.0,0.133,6.909358625270745e+28,30.0,65.0,35,0.0,0.0,0.0,0.0,0.0,0.0,0.0,0.0,0.0,0.0,0.0,0.0,0.0,0.0,0.0,0.0,69.2,0,150,71,54,65476,0,300,0,1,8,20529,65476,0,0,40632,65.0,0.0,0.0,0.0,0.0,0.0
2026-09-04T20:57:25,ERR,ERR,ERR,ERR,ERR,ERR,ERR,ERR,ERR,ERR,ERR,ERR,ERR,ERR,ERR,ERR,ERR,ERR,ERR,ERR,ERR,ERR,ERR,ERR,ERR,ERR,ERR,ERR,ERR,ERR,ERR,ERR,ERR,ERR,ERR,ERR,ERR,ERR,ERR,ERR,ERR,ERR,ERR,ERR,ERR,ERR,ERR,ERR,ERR,ERR,ERR,ERR,ERR,ERR,ERR,ERR,ERR,ERR,ERR,ERR,ERR,ERR,ERR,ERR,ERR,ERR,ERR,ERR,ERR,ERR,ERR,ERR,ERR,ERR,ERR,ERR,ERR,ERR,ERR,ERR,ERR,ERR,ERR,ERR,ERR,ERR,ERR,ERR,ERR,ERR,ERR,ERR,ERR,ERR,ERR,ERR,ERR,ERR,ERR,ERR,ERR,ERR,ERR,ERR,ERR,ERR,ERR,ERR,ERR,ERR,ERR,ERR,ERR,ERR,ERR,ERR,ERR,ERR,ERR,ERR,ERR,ERR,ERR,ERR,ERR,0.0,0.0,0.0,0.0,0.0,1.3936040501711995e+18,7.805,0.0,0,0,4,0,7116,0.0,100,0.0,0.0,0.0,0.0,0.0,0,0,0,0,0.0,0,0,0,0,0,0,0,0,0,0,0,0,0,0,0,0,0,0,0,0,0,0,0,0,0,0,0,0,0,0,0,0,0,31,40,40,71,65476,0,300,0,0,8,21553,0.0,-107605600.0,0.0,0.0,0.0,0.0,0.0,0.0,0.0,0.0,0.0,0.0,0.0,0.0,0.0,0.0,0.0,0.0,0.0,0.0,0.0,0.0,-0.0,2.004,2.004,-0.0,0.0,0.0,0.0,0.0,6329.0,-8608224256.0,6938.0,0.0,-107615392.0,0.0,0.0,0.0,0.0,0.0,0.0,69,-0.0,0.0,0.0,0.0,0.0,0.0,0.0,0.0,0.0,0,0,0,0.0,0.0,0.0,0.0,0.0,0.0,0.0,0.0,0.0,0.0,0.0,0.0,0.0,0.0,0.0,0.0,0,-107875648.0,69,0.0,138,0.0,-0.0,0,13107,17040,0,17049,0,17043,0,0,0,70,68,100,2.7302359370752657e+23,71.1,0.0,74.2,2.7302370179391762e+23,74.0,1,49,50,180,0,52429,0,0,0.0,0.0,0.0,0.0,-0.0,67.0,0.0,162057.094,0.0,750,0,739,0,0,0,721,0,765,0,735,0,742,0,741,0,712,0,7520,0.032,79456894976.0,0.0,0.0,784,16797,-0.0,162057.094,-114818.039,-0.0,0.133,6.909358625270745e+28,30.0,65.0,35,0.0,0.0,0.0,0.0,0.0,0.0,0.0,0.0,0.0,0.0,0.0,0.0,0.0,0.0,0.0,0.0,69.2,0,150,71,54,65476,0,300,0,1,8,20529,65476,0,0,40632,65.0,0.0,0.0,0.0,0.0,0.0
2026-09-04T20:57:26,ERR,ERR,ERR,ERR,ERR,ERR,ERR,ERR,ERR,ERR,ERR,ERR,ERR,ERR,ERR,ERR,ERR,ERR,ERR,ERR,ERR,ERR,ERR,ERR,ERR,ERR,ERR,ERR,ERR,ERR,ERR,ERR,ERR,ERR,ERR,ERR,ERR,ERR,ERR,ERR,ERR,ERR,ERR,ERR,ERR,ERR,ERR,ERR,ERR,ERR,ERR,ERR,ERR,ERR,ERR,ERR,ERR,ERR,ERR,ERR,ERR,ERR,ERR,ERR,ERR,ERR,ERR,ERR,ERR,ERR,ERR,ERR,ERR,ERR,ERR,ERR,ERR,ERR,ERR,ERR,ERR,ERR,ERR,ERR,ERR,ERR,ERR,ERR,ERR,ERR,ERR,ERR,ERR,ERR,ERR,ERR,ERR,ERR,ERR,ERR,ERR,ERR,ERR,ERR,ERR,ERR,ERR,ERR,ERR,ERR,ERR,ERR,ERR,ERR,ERR,ERR,ERR,ERR,ERR,ERR,ERR,ERR,ERR,ERR,ERR,0.0,0.0,0.0,0.0,0.0,1.3936040501711995e+18,7.805,0.0,0,0,4,0,7116,0.0,100,0.0,0.0,0.0,0.0,0.0,0,0,0,0,0.0,0,0,0,0,0,0,0,0,0,0,0,0,0,0,0,0,0,0,0,0,0,0,0,0,0,0,0,0,0,0,0,0,0,31,40,40,71,65476,0,300,0,0,8,21553,0.0,-107605600.0,0.0,0.0,0.0,0.0,0.0,0.0,0.0,0.0,0.0,0.0,0.0,0.0,0.0,0.0,0.0,0.0,0.0,0.0,0.0,0.0,-0.0,2.004,2.004,-0.0,0.0,0.0,0.0,0.0,6329.0,-8608224256.0,6938.0,0.0,-107615392.0,0.0,0.0,0.0,0.0,0.0,0.0,69,-0.0,0.0,0.0,0.0,0.0,0.0,0.0,0.0,0.0,0,0,0,0.0,0.0,0.0,0.0,0.0,0.0,0.0,0.0,0.0,0.0,0.0,0.0,0.0,0.0,0.0,0.0,0,-107875648.0,69,0.0,138,0.0,-0.0,0,13107,17040,0,17049,0,17043,0,0,0,70,68,100,2.7302359370752657e+23,71.1,0.0,74.2,2.7302370179391762e+23,74.0,1,49,50,180,0,52429,0,0,0.0,0.0,0.0,0.0,-0.0,67.0,0.0,162057.094,0.0,750,0,739,0,0,0,721,0,765,0,735,0,742,0,741,0,712,0,7520,0.032,79456894976.0,0.0,0.0,784,16797,-0.0,162057.094,-114818.039,-0.0,0.133,6.909358625270745e+28,30.0,65.0,35,0.0,0.0,0.0,0.0,0.0,0.0,0.0,0.0,0.0,0.0,0.0,0.0,0.0,0.0,0.0,0.0,69.2,0,150,71,54,65476,0,300,0,1,8,20529,65476,0,0,40632,65.0,0.0,0.0,0.0,0.0,0.0
2026-09-04T20:57:27,ERR,ERR,ERR,ERR,ERR,ERR,ERR,ERR,ERR,ERR,ERR,ERR,ERR,ERR,ERR,ERR,ERR,ERR,ERR,ERR,ERR,ERR,ERR,ERR,ERR,ERR,ERR,ERR,ERR,ERR,ERR,ERR,ERR,ERR,ERR,ERR,ERR,ERR,ERR,ERR,ERR,ERR,ERR,ERR,ERR,ERR,ERR,ERR,ERR,ERR,ERR,ERR,ERR,ERR,ERR,ERR,ERR,ERR,ERR,ERR,ERR,ERR,ERR,ERR,ERR,ERR,ERR,ERR,ERR,ERR,ERR,ERR,ERR,ERR,ERR,ERR,ERR,ERR,ERR,ERR,ERR,ERR,ERR,ERR,ERR,ERR,ERR,ERR,ERR,ERR,ERR,ERR,ERR,ERR,ERR,ERR,ERR,ERR,ERR,ERR,ERR,ERR,ERR,ERR,ERR,ERR,ERR,ERR,ERR,ERR,ERR,ERR,ERR,ERR,ERR,ERR,ERR,ERR,ERR,ERR,ERR,ERR,ERR,ERR,ERR,0.0,0.0,0.0,0.0,0.0,1.3936040501711995e+18,7.805,0.0,0,0,4,0,7116,0.0,100,0.0,0.0,0.0,0.0,0.0,0,0,0,0,0.0,0,0,0,0,0,0,0,0,0,0,0,0,0,0,0,0,0,0,0,0,0,0,0,0,0,0,0,0,0,0,0,0,0,31,40,40,71,65476,0,300,0,0,8,21553,0.0,-107605600.0,0.0,0.0,0.0,0.0,0.0,0.0,0.0,0.0,0.0,0.0,0.0,0.0,0.0,0.0,0.0,0.0,0.0,0.0,0.0,0.0,-0.0,2.004,2.004,-0.0,0.0,0.0,0.0,0.0,6329.0,-8608224256.0,6938.0,0.0,-107615392.0,0.0,0.0,0.0,0.0,0.0,0.0,69,-0.0,0.0,0.0,0.0,0.0,0.0,0.0,0.0,0.0,0,0,0,0.0,0.0,0.0,0.0,0.0,0.0,0.0,0.0,0.0,0.0,0.0,0.0,0.0,0.0,0.0,0.0,0,-107875648.0,69,0.0,138,0.0,-0.0,0,13107,17040,0,17049,0,17043,0,0,0,70,68,100,2.7302359370752657e+23,71.1,0.0,74.2,2.7302370179391762e+23,74.0,1,49,50,180,0,52429,0,0,0.0,0.0,0.0,0.0,-0.0,67.0,0.0,162057.094,0.0,750,0,739,0,0,0,721,0,765,0,735,0,742,0,741,0,712,0,7520,0.032,79456894976.0,0.0,0.0,784,16797,-0.0,162057.094,-114818.039,-0.0,0.133,6.909358625270745e+28,30.0,65.0,35,0.0,0.0,0.0,0.0,0.0,0.0,0.0,0.0,0.0,0.0,0.0,0.0,0.0,0.0,0.0,0.0,69.2,0,150,71,54,65476,0,300,0,1,8,20529,65476,0,0,40632,65.0,0.0,0.0,0.0,0.0,0.0
2026-09-04T20:57:28,ERR,ERR,ERR,ERR,ERR,ERR,ERR,ERR,ERR,ERR,ERR,ERR,ERR,ERR,ERR,ERR,ERR,ERR,ERR,ERR,ERR,ERR,ERR,ERR,ERR,ERR,ERR,ERR,ERR,ERR,ERR,ERR,ERR,ERR,ERR,ERR,ERR,ERR,ERR,ERR,ERR,ERR,ERR,ERR,ERR,ERR,ERR,ERR,ERR,ERR,ERR,ERR,ERR,ERR,ERR,ERR,ERR,ERR,ERR,ERR,ERR,ERR,ERR,ERR,ERR,ERR,ERR,ERR,ERR,ERR,ERR,ERR,ERR,ERR,ERR,ERR,ERR,ERR,ERR,ERR,ERR,ERR,ERR,ERR,ERR,ERR,ERR,ERR,ERR,ERR,ERR,ERR,ERR,ERR,ERR,ERR,ERR,ERR,ERR,ERR,ERR,ERR,ERR,ERR,ERR,ERR,ERR,ERR,ERR,ERR,ERR,ERR,ERR,ERR,ERR,ERR,ERR,ERR,ERR,ERR,ERR,ERR,ERR,ERR,ERR,0.0,0.0,0.0,0.0,0.0,1.3936040501711995e+18,7.805,0.0,0,0,4,0,7116,0.0,100,0.0,0.0,0.0,0.0,0.0,0,0,0,0,0.0,0,0,0,0,0,0,0,0,0,0,0,0,0,0,0,0,0,0,0,0,0,0,0,0,0,0,0,0,0,0,0,0,0,31,40,40,71,65476,0,300,0,0,8,21553,0.0,-107605600.0,0.0,0.0,0.0,0.0,0.0,0.0,0.0,0.0,0.0,0.0,0.0,0.0,0.0,0.0,0.0,0.0,0.0,0.0,0.0,0.0,-0.0,2.004,2.004,-0.0,0.0,0.0,0.0,0.0,6329.0,-8608224256.0,6938.0,0.0,-107615392.0,0.0,0.0,0.0,0.0,0.0,0.0,69,-0.0,0.0,0.0,0.0,0.0,0.0,0.0,0.0,0.0,0,0,0,0.0,0.0,0.0,0.0,0.0,0.0,0.0,0.0,0.0,0.0,0.0,0.0,0.0,0.0,0.0,0.0,0,-107875648.0,69,0.0,138,0.0,-0.0,0,13107,17040,0,17049,0,17043,0,0,0,70,68,100,2.7302359370752657e+23,71.1,0.0,74.2,2.7302370179391762e+23,74.0,1,49,50,180,0,52429,0,0,0.0,0.0,0.0,0.0,-0.0,67.0,0.0,162057.094,0.0,750,0,739,0,0,0,721,0,765,0,735,0,742,0,741,0,712,0,7520,0.032,79456894976.0,0.0,0.0,784,16797,-0.0,162057.094,-114818.039,-0.0,0.133,6.909358625270745e+28,30.0,65.0,35,0.0,0.0,0.0,0.0,0.0,0.0,0.0,0.0,0.0,0.0,0.0,0.0,0.0,0.0,0.0,0.0,69.2,0,150,71,54,65476,0,300,0,1,8,20529,65476,0,0,40632,65.0,0.0,0.0,0.0,0.0,0.0
2026-09-04T20:57:29,ERR,ERR,ERR,ERR,ERR,ERR,ERR,ERR,ERR,ERR,ERR,ERR,ERR,ERR,ERR,ERR,ERR,ERR,ERR,ERR,ERR,ERR,ERR,ERR,ERR,ERR,ERR,ERR,ERR,ERR,ERR,ERR,ERR,ERR,ERR,ERR,ERR,ERR,ERR,ERR,ERR,ERR,ERR,ERR,ERR,ERR,ERR,ERR,ERR,ERR,ERR,ERR,ERR,ERR,ERR,ERR,ERR,ERR,ERR,ERR,ERR,ERR,ERR,ERR,ERR,ERR,ERR,ERR,ERR,ERR,ERR,ERR,ERR,ERR,ERR,ERR,ERR,ERR,ERR,ERR,ERR,ERR,ERR,ERR,ERR,ERR,ERR,ERR,ERR,ERR,ERR,ERR,ERR,ERR,ERR,ERR,ERR,ERR,ERR,ERR,ERR,ERR,ERR,ERR,ERR,ERR,ERR,ERR,ERR,ERR,ERR,ERR,ERR,ERR,ERR,ERR,ERR,ERR,ERR,ERR,ERR,ERR,ERR,ERR,ERR,0.0,0.0,0.0,0.0,0.0,1.3936040501711995e+18,7.805,0.0,0,0,4,0,7116,0.0,100,0.0,0.0,0.0,0.0,0.0,0,0,0,0,0.0,0,0,0,0,0,0,0,0,0,0,0,0,0,0,0,0,0,0,0,0,0,0,0,0,0,0,0,0,0,0,0,0,0,31,40,40,71,65476,0,300,0,0,8,21553,0.0,-107605600.0,0.0,0.0,0.0,0.0,0.0,0.0,0.0,0.0,0.0,0.0,0.0,0.0,0.0,0.0,0.0,0.0,0.0,0.0,0.0,0.0,-0.0,2.004,2.004,-0.0,0.0,0.0,0.0,0.0,6319.0,-2.422999721977704e+24,6941.0,0.0,0.0,0.0,0.0,0.0,0.0,0.0,0.0,69,3.222031175229641e+26,126840971264.0,0.0,0.0,0.0,0.0,0.0,0.0,0.0,0,0,0,0.0,0.0,0.0,0.0,0.0,0.0,0.0,0.0,0.0,0.0,0.0,0.0,0.0,0.0,0.0,0.0,0,-107875648.0,69,0.0,138,0.0,-0.0,0,13107,17040,0,17049,0,17043,0,0,0,70,68,100,2.7302359370752657e+23,71.1,0.0,74.2,2.7302370179391762e+23,74.0,1,49,50,180,0,52429,0,0,0.0,0.0,0.0,0.0,-0.0,67.0,0.0,162057.094,0.0,750,0,739,0,0,0,721,0,765,0,735,0,742,0,741,0,712,0,7520,0.032,79456894976.0,0.0,0.0,784,16797,-0.0,162057.094,-114818.039,-0.0,0.133,6.909358625270745e+28,30.0,65.0,35,0.0,0.0,0.0,0.0,0.0,0.0,0.0,0.0,0.0,0.0,0.0,0.0,0.0,0.0,0.0,0.0,69.2,0,150,71,54,65476,0,300,0,1,8,20529,65476,0,0,40632,65.0,0.0,0.0,0.0,0.0,0.0
2026-09-04T20:57:30,ERR,ERR,ERR,ERR,ERR,ERR,ERR,ERR,ERR,ERR,ERR,ERR,ERR,ERR,ERR,ERR,ERR,ERR,ERR,ERR,ERR,ERR,ERR,ERR,ERR,ERR,ERR,ERR,ERR,ERR,ERR,ERR,ERR,ERR,ERR,ERR,ERR,ERR,ERR,ERR,ERR,ERR,ERR,ERR,ERR,ERR,ERR,ERR,ERR,ERR,ERR,ERR,ERR,ERR,ERR,ERR,ERR,ERR,ERR,ERR,ERR,ERR,ERR,ERR,ERR,ERR,ERR,ERR,ERR,ERR,ERR,ERR,ERR,ERR,ERR,ERR,ERR,ERR,ERR,ERR,ERR,ERR,ERR,ERR,ERR,ERR,ERR,ERR,ERR,ERR,ERR,ERR,ERR,ERR,ERR,ERR,ERR,ERR,ERR,ERR,ERR,ERR,ERR,ERR,ERR,ERR,ERR,ERR,ERR,ERR,ERR,ERR,ERR,ERR,ERR,ERR,ERR,ERR,ERR,ERR,ERR,ERR,ERR,ERR,ERR,0.0,0.0,0.0,0.0,0.0,1.3936040501711995e+18,7.805,0.0,0,0,4,0,7116,0.0,100,0.0,0.0,0.0,0.0,0.0,0,0,0,0,0.0,0,0,0,0,0,0,0,0,0,0,0,0,0,0,0,0,0,0,0,0,0,0,0,0,0,0,0,0,0,0,0,0,0,31,40,40,71,65476,0,300,0,0,8,21553,0.0,-107605600.0,0.0,0.0,0.0,0.0,0.0,0.0,0.0,0.0,0.0,0.0,0.0,0.0,0.0,0.0,0.0,0.0,0.0,0.0,0.0,0.0,-0.0,2.004,2.004,-0.0,0.0,0.0,0.0,0.0,6319.0,-2.422999721977704e+24,6941.0,0.0,0.0,0.0,0.0,0.0,0.0,0.0,0.0,69,3.222031175229641e+26,126840971264.0,0.0,0.0,0.0,0.0,0.0,0.0,0.0,0,0,0,0.0,0.0,0.0,0.0,0.0,0.0,0.0,0.0,0.0,0.0,0.0,0.0,0.0,0.0,0.0,0.0,0,-107875648.0,69,0.0,138,0.0,-0.0,0,13107,17040,0,17049,0,17043,0,0,0,70,68,100,2.7302359370752657e+23,71.1,0.0,74.2,2.7302370179391762e+23,74.0,1,49,50,180,0,52429,0,0,0.0,0.0,0.0,0.0,-0.0,67.0,0.0,162057.094,0.0,750,0,739,0,0,0,721,0,765,0,735,0,742,0,741,0,712,0,7520,0.032,79456894976.0,0.0,0.0,784,16797,-0.0,162057.094,-114818.039,-0.0,0.133,6.909358625270745e+28,30.0,65.0,35,0.0,0.0,0.0,0.0,0.0,0.0,0.0,0.0,0.0,0.0,0.0,0.0,0.0,0.0,0.0,0.0,69.2,0,150,71,54,65476,0,300,0,1,8,20529,65476,0,0,40632,65.0,0.0,0.0,0.0,0.0,0.0
2026-09-04T20:57:31,ERR,ERR,ERR,ERR,ERR,ERR,ERR,ERR,ERR,ERR,ERR,ERR,ERR,ERR,ERR,ERR,ERR,ERR,ERR,ERR,ERR,ERR,ERR,ERR,ERR,ERR,ERR,ERR,ERR,ERR,ERR,ERR,ERR,ERR,ERR,ERR,ERR,ERR,ERR,ERR,ERR,ERR,ERR,ERR,ERR,ERR,ERR,ERR,ERR,ERR,ERR,ERR,ERR,ERR,ERR,ERR,ERR,ERR,ERR,ERR,ERR,ERR,ERR,ERR,ERR,ERR,ERR,ERR,ERR,ERR,ERR,ERR,ERR,ERR,ERR,ERR,ERR,ERR,ERR,ERR,ERR,ERR,ERR,ERR,ERR,ERR,ERR,ERR,ERR,ERR,ERR,ERR,ERR,ERR,ERR,ERR,ERR,ERR,ERR,ERR,ERR,ERR,ERR,ERR,ERR,ERR,ERR,ERR,ERR,ERR,ERR,ERR,ERR,ERR,ERR,ERR,ERR,ERR,ERR,ERR,ERR,ERR,ERR,ERR,ERR,0.0,0.0,0.0,0.0,0.0,1.3936040501711995e+18,7.805,0.0,0,0,4,0,7116,0.0,100,0.0,0.0,0.0,0.0,0.0,0,0,0,0,0.0,0,0,0,0,0,0,0,0,0,0,0,0,0,0,0,0,0,0,0,0,0,0,0,0,0,0,0,0,0,0,0,0,0,31,40,40,71,65476,0,300,0,0,8,21553,0.0,-107605600.0,0.0,0.0,0.0,0.0,0.0,0.0,0.0,0.0,0.0,0.0,0.0,0.0,0.0,0.0,0.0,0.0,0.0,0.0,0.0,0.0,-0.0,2.004,2.004,-0.0,0.0,0.0,0.0,0.0,6319.0,-2.422999721977704e+24,6941.0,0.0,0.0,0.0,0.0,0.0,0.0,0.0,0.0,69,3.222031175229641e+26,126840971264.0,0.0,0.0,0.0,0.0,0.0,0.0,0.0,0,0,0,0.0,0.0,0.0,0.0,0.0,0.0,0.0,0.0,0.0,0.0,0.0,0.0,0.0,0.0,0.0,0.0,0,-107875648.0,69,0.0,138,0.0,-0.0,0,13107,17040,0,17049,0,17043,0,0,0,70,68,100,2.7302359370752657e+23,71.1,0.0,74.2,2.7302370179391762e+23,74.0,1,49,50,180,0,52429,0,0,0.0,0.0,0.0,0.0,-0.0,67.0,0.0,162057.094,0.0,750,0,739,0,0,0,721,0,765,0,735,0,742,0,741,0,712,0,7520,0.032,79456894976.0,0.0,0.0,784,16797,-0.0,162057.094,-114818.039,-0.0,0.133,6.909358625270745e+28,30.0,65.0,35,0.0,0.0,0.0,0.0,0.0,0.0,0.0,0.0,0.0,0.0,0.0,0.0,0.0,0.0,0.0,0.0,69.2,0,150,71,54,65476,0,300,0,1,8,20529,65476,0,0,40632,65.0,0.0,0.0,0.0,0.0,0.0
2026-09-04T20:57:32,ERR,ERR,ERR,ERR,ERR,ERR,ERR,ERR,ERR,ERR,ERR,ERR,ERR,ERR,ERR,ERR,ERR,ERR,ERR,ERR,ERR,ERR,ERR,ERR,ERR,ERR,ERR,ERR,ERR,ERR,ERR,ERR,ERR,ERR,ERR,ERR,ERR,ERR,ERR,ERR,ERR,ERR,ERR,ERR,ERR,ERR,ERR,ERR,ERR,ERR,ERR,ERR,ERR,ERR,ERR,ERR,ERR,ERR,ERR,ERR,ERR,ERR,ERR,ERR,ERR,ERR,ERR,ERR,ERR,ERR,ERR,ERR,ERR,ERR,ERR,ERR,ERR,ERR,ERR,ERR,ERR,ERR,ERR,ERR,ERR,ERR,ERR,ERR,ERR,ERR,ERR,ERR,ERR,ERR,ERR,ERR,ERR,ERR,ERR,ERR,ERR,ERR,ERR,ERR,ERR,ERR,ERR,ERR,ERR,ERR,ERR,ERR,ERR,ERR,ERR,ERR,ERR,ERR,ERR,ERR,ERR,ERR,ERR,ERR,ERR,0.0,0.0,0.0,0.0,0.0,1.3936040501711995e+18,7.805,0.0,0,0,4,0,7116,0.0,100,0.0,0.0,0.0,0.0,0.0,0,0,0,0,0.0,0,0,0,0,0,0,0,0,0,0,0,0,0,0,0,0,0,0,0,0,0,0,0,0,0,0,0,0,0,0,0,0,0,31,40,40,71,65476,0,300,0,0,8,21553,0.0,-107605600.0,0.0,0.0,0.0,0.0,0.0,0.0,0.0,0.0,0.0,0.0,0.0,0.0,0.0,0.0,0.0,0.0,0.0,0.0,0.0,0.0,-0.0,2.004,2.004,-0.0,0.0,0.0,0.0,0.0,6319.0,-2.422999721977704e+24,6941.0,0.0,0.0,0.0,0.0,0.0,0.0,0.0,0.0,69,3.222031175229641e+26,126840971264.0,0.0,0.0,0.0,0.0,0.0,0.0,0.0,0,0,0,0.0,0.0,0.0,0.0,0.0,0.0,0.0,0.0,0.0,0.0,0.0,0.0,0.0,0.0,0.0,0.0,0,-107875648.0,69,0.0,138,0.0,-0.0,0,13107,17040,0,17049,0,17043,0,0,0,70,68,100,2.7302359370752657e+23,71.1,0.0,74.2,2.7302370179391762e+23,74.0,1,49,50,180,0,52429,0,0,0.0,0.0,0.0,0.0,-0.0,67.0,0.0,162057.094,0.0,750,0,739,0,0,0,721,0,765,0,735,0,742,0,741,0,712,0,7520,0.032,79456894976.0,0.0,0.0,784,16797,-0.0,162057.094,-114818.039,-0.0,0.133,6.909358625270745e+28,30.0,65.0,35,0.0,0.0,0.0,0.0,0.0,0.0,0.0,0.0,0.0,0.0,0.0,0.0,0.0,0.0,0.0,0.0,69.2,0,150,71,54,65476,0,300,0,1,8,20529,65476,0,0,40632,65.0,0.0,0.0,0.0,0.0,0.0
2026-09-04T20:57:33,ERR,ERR,ERR,ERR,ERR,ERR,ERR,ERR,ERR,ERR,ERR,ERR,ERR,ERR,ERR,ERR,ERR,ERR,ERR,ERR,ERR,ERR,ERR,ERR,ERR,ERR,ERR,ERR,ERR,ERR,ERR,ERR,ERR,ERR,ERR,ERR,ERR,ERR,ERR,ERR,ERR,ERR,ERR,ERR,ERR,ERR,ERR,ERR,ERR,ERR,ERR,ERR,ERR,ERR,ERR,ERR,ERR,ERR,ERR,ERR,ERR,ERR,ERR,ERR,ERR,ERR,ERR,ERR,ERR,ERR,ERR,ERR,ERR,ERR,ERR,ERR,ERR,ERR,ERR,ERR,ERR,ERR,ERR,ERR,ERR,ERR,ERR,ERR,ERR,ERR,ERR,ERR,ERR,ERR,ERR,ERR,ERR,ERR,ERR,ERR,ERR,ERR,ERR,ERR,ERR,ERR,ERR,ERR,ERR,ERR,ERR,ERR,ERR,ERR,ERR,ERR,ERR,ERR,ERR,ERR,ERR,ERR,ERR,ERR,ERR,0.0,0.0,0.0,0.0,0.0,1.3936040501711995e+18,7.805,0.0,0,0,4,0,7116,0.0,100,0.0,0.0,0.0,0.0,0.0,0,0,0,0,0.0,0,0,0,0,0,0,0,0,0,0,0,0,0,0,0,0,0,0,0,0,0,0,0,0,0,0,0,0,0,0,0,0,0,31,40,40,71,65476,0,300,0,0,8,21553,0.0,-107605600.0,0.0,0.0,0.0,0.0,0.0,0.0,0.0,0.0,0.0,0.0,0.0,0.0,0.0,0.0,0.0,0.0,0.0,0.0,0.0,0.0,-0.0,2.004,2.004,-0.0,0.0,0.0,0.0,0.0,6319.0,-2.422999721977704e+24,6941.0,0.0,0.0,0.0,0.0,0.0,0.0,0.0,0.0,69,3.222031175229641e+26,126840971264.0,0.0,0.0,0.0,0.0,0.0,0.0,0.0,0,0,0,0.0,0.0,0.0,0.0,0.0,0.0,0.0,0.0,0.0,0.0,0.0,0.0,0.0,0.0,0.0,0.0,0,-107875648.0,69,0.0,138,0.0,-0.0,0,13107,17040,0,17049,0,17043,0,0,0,70,68,100,2.7302359370752657e+23,71.1,0.0,74.2,2.7302370179391762e+23,74.0,1,49,50,180,0,52429,0,0,0.0,0.0,0.0,0.0,-0.0,67.0,0.0,162057.094,0.0,750,0,739,0,0,0,721,0,765,0,735,0,742,0,741,0,712,0,7520,0.032,79456894976.0,0.0,0.0,784,16797,-0.0,162057.094,-114818.039,-0.0,0.133,6.909358625270745e+28,30.0,65.0,35,0.0,0.0,0.0,0.0,0.0,0.0,0.0,0.0,0.0,0.0,0.0,0.0,0.0,0.0,0.0,0.0,69.2,0,150,71,54,65476,0,300,0,1,8,20529,65476,0,0,40632,65.0,0.0,0.0,0.0,0.0,0.0
2026-09-04T20:57:34,ERR,ERR,ERR,ERR,ERR,ERR,ERR,ERR,ERR,ERR,ERR,ERR,ERR,ERR,ERR,ERR,ERR,ERR,ERR,ERR,ERR,ERR,ERR,ERR,ERR,ERR,ERR,ERR,ERR,ERR,ERR,ERR,ERR,ERR,ERR,ERR,ERR,ERR,ERR,ERR,ERR,ERR,ERR,ERR,ERR,ERR,ERR,ERR,ERR,ERR,ERR,ERR,ERR,ERR,ERR,ERR,ERR,ERR,ERR,ERR,ERR,ERR,ERR,ERR,ERR,ERR,ERR,ERR,ERR,ERR,ERR,ERR,ERR,ERR,ERR,ERR,ERR,ERR,ERR,ERR,ERR,ERR,ERR,ERR,ERR,ERR,ERR,ERR,ERR,ERR,ERR,ERR,ERR,ERR,ERR,ERR,ERR,ERR,ERR,ERR,ERR,ERR,ERR,ERR,ERR,ERR,ERR,ERR,ERR,ERR,ERR,ERR,ERR,ERR,ERR,ERR,ERR,ERR,ERR,ERR,ERR,ERR,ERR,ERR,ERR,0.0,0.0,0.0,0.0,0.0,1.3936040501711995e+18,7.805,0.0,0,0,4,0,7116,0.0,100,0.0,0.0,0.0,0.0,0.0,0,0,0,0,0.0,0,0,0,0,0,0,0,0,0,0,0,0,0,0,0,0,0,0,0,0,0,0,0,0,0,0,0,0,0,0,0,0,0,31,40,40,71,65476,0,300,0,0,8,21553,0.0,-107605600.0,0.0,0.0,0.0,0.0,0.0,0.0,0.0,0.0,0.0,0.0,0.0,0.0,0.0,0.0,0.0,0.0,0.0,0.0,0.0,0.0,-0.0,2.004,2.004,-0.0,0.0,0.0,0.0,0.0,6319.0,-2.422999721977704e+24,6941.0,0.0,0.0,0.0,0.0,0.0,0.0,0.0,0.0,69,3.222031175229641e+26,126840971264.0,0.0,0.0,0.0,0.0,0.0,0.0,0.0,0,0,0,0.0,0.0,0.0,0.0,0.0,0.0,0.0,0.0,0.0,0.0,0.0,0.0,0.0,0.0,0.0,0.0,0,-107875648.0,69,0.0,138,0.0,-0.0,0,13107,17040,0,17049,0,17043,0,0,0,70,68,100,2.7302359370752657e+23,71.1,0.0,74.2,2.7302370179391762e+23,74.0,1,49,50,180,0,52429,0,0,0.0,0.0,0.0,0.0,-0.0,67.0,0.0,162057.094,0.0,750,0,739,0,0,0,721,0,765,0,735,0,742,0,741,0,712,0,7520,0.032,79456894976.0,0.0,0.0,784,16797,-0.0,162057.094,-114818.039,-0.0,0.133,6.909358625270745e+28,30.0,65.0,35,0.0,0.0,0.0,0.0,0.0,0.0,0.0,0.0,0.0,0.0,0.0,0.0,0.0,0.0,0.0,0.0,69.2,0,150,71,54,65476,0,300,0,1,8,20529,65476,0,0,40632,65.0,0.0,0.0,0.0,0.0,0.0
2026-09-04T20:57:35,ERR,ERR,ERR,ERR,ERR,ERR,ERR,ERR,ERR,ERR,ERR,ERR,ERR,ERR,ERR,ERR,ERR,ERR,ERR,ERR,ERR,ERR,ERR,ERR,ERR,ERR,ERR,ERR,ERR,ERR,ERR,ERR,ERR,ERR,ERR,ERR,ERR,ERR,ERR,ERR,ERR,ERR,ERR,ERR,ERR,ERR,ERR,ERR,ERR,ERR,ERR,ERR,ERR,ERR,ERR,ERR,ERR,ERR,ERR,ERR,ERR,ERR,ERR,ERR,ERR,ERR,ERR,ERR,ERR,ERR,ERR,ERR,ERR,ERR,ERR,ERR,ERR,ERR,ERR,ERR,ERR,ERR,ERR,ERR,ERR,ERR,ERR,ERR,ERR,ERR,ERR,ERR,ERR,ERR,ERR,ERR,ERR,ERR,ERR,ERR,ERR,ERR,ERR,ERR,ERR,ERR,ERR,ERR,ERR,ERR,ERR,ERR,ERR,ERR,ERR,ERR,ERR,ERR,ERR,ERR,ERR,ERR,ERR,ERR,ERR,0.0,0.0,0.0,0.0,0.0,1.3936040501711995e+18,7.805,0.0,0,0,4,0,7116,0.0,100,0.0,0.0,0.0,0.0,0.0,0,0,0,0,0.0,0,0,0,0,0,0,0,0,0,0,0,0,0,0,0,0,0,0,0,0,0,0,0,0,0,0,0,0,0,0,0,0,0,31,40,40,71,65476,0,300,0,0,8,21553,0.0,-107605600.0,0.0,0.0,0.0,0.0,0.0,0.0,0.0,0.0,0.0,0.0,0.0,0.0,0.0,0.0,0.0,0.0,0.0,0.0,0.0,0.0,-0.0,2.004,2.004,-0.0,0.0,0.0,0.0,0.0,6319.0,-2.422999721977704e+24,6941.0,0.0,0.0,0.0,0.0,0.0,0.0,0.0,0.0,69,3.222031175229641e+26,126840971264.0,0.0,0.0,0.0,0.0,0.0,0.0,0.0,0,0,0,0.0,0.0,0.0,0.0,0.0,0.0,0.0,0.0,0.0,0.0,0.0,0.0,0.0,0.0,0.0,0.0,0,-107875648.0,69,0.0,138,0.0,-0.0,0,13107,17040,0,17049,0,17043,0,0,0,70,68,100,2.7302359370752657e+23,71.1,0.0,74.2,2.7302370179391762e+23,74.0,1,49,50,180,0,52429,0,0,0.0,0.0,0.0,0.0,-0.0,67.0,0.0,162057.094,0.0,750,0,739,0,0,0,721,0,765,0,735,0,742,0,741,0,712,0,7520,0.032,79456894976.0,0.0,0.0,784,16797,-0.0,162057.094,-114818.039,-0.0,0.133,6.909358625270745e+28,30.0,65.0,35,0.0,0.0,0.0,0.0,0.0,0.0,0.0,0.0,0.0,0.0,0.0,0.0,0.0,0.0,0.0,0.0,69.2,0,150,71,54,65476,0,300,0,1,8,20529,65476,0,0,40632,65.0,0.0,0.0,0.0,0.0,0.0
2026-09-04T20:57:36,ERR,ERR,ERR,ERR,ERR,ERR,ERR,ERR,ERR,ERR,ERR,ERR,ERR,ERR,ERR,ERR,ERR,ERR,ERR,ERR,ERR,ERR,ERR,ERR,ERR,ERR,ERR,ERR,ERR,ERR,ERR,ERR,ERR,ERR,ERR,ERR,ERR,ERR,ERR,ERR,ERR,ERR,ERR,ERR,ERR,ERR,ERR,ERR,ERR,ERR,ERR,ERR,ERR,ERR,ERR,ERR,ERR,ERR,ERR,ERR,ERR,ERR,ERR,ERR,ERR,ERR,ERR,ERR,ERR,ERR,ERR,ERR,ERR,ERR,ERR,ERR,ERR,ERR,ERR,ERR,ERR,ERR,ERR,ERR,ERR,ERR,ERR,ERR,ERR,ERR,ERR,ERR,ERR,ERR,ERR,ERR,ERR,ERR,ERR,ERR,ERR,ERR,ERR,ERR,ERR,ERR,ERR,ERR,ERR,ERR,ERR,ERR,ERR,ERR,ERR,ERR,ERR,ERR,ERR,ERR,ERR,ERR,ERR,ERR,ERR,0.0,0.0,0.0,0.0,0.0,1.3936040501711995e+18,7.805,0.0,0,0,4,0,7116,0.0,100,0.0,0.0,0.0,0.0,0.0,0,0,0,0,0.0,0,0,0,0,0,0,0,0,0,0,0,0,0,0,0,0,0,0,0,0,0,0,0,0,0,0,0,0,0,0,0,0,0,31,40,40,71,65476,0,300,0,0,8,21553,0.0,-107605600.0,0.0,0.0,0.0,0.0,0.0,0.0,0.0,0.0,0.0,0.0,0.0,0.0,0.0,0.0,0.0,0.0,0.0,0.0,0.0,0.0,-0.0,2.004,2.004,-0.0,0.0,0.0,0.0,0.0,6319.0,-2.422999721977704e+24,6941.0,0.0,0.0,0.0,0.0,0.0,0.0,0.0,0.0,69,3.222031175229641e+26,126840971264.0,0.0,0.0,0.0,0.0,0.0,0.0,0.0,0,0,0,0.0,0.0,0.0,0.0,0.0,0.0,0.0,0.0,0.0,0.0,0.0,0.0,0.0,0.0,0.0,0.0,0,-107875648.0,69,0.0,138,0.0,-0.0,0,13107,17040,0,17049,0,17043,0,0,0,70,68,100,2.7302359370752657e+23,71.1,0.0,74.2,2.7302370179391762e+23,74.0,1,49,50,180,0,52429,0,0,0.0,0.0,0.0,0.0,-0.0,67.0,0.0,162057.094,0.0,750,0,739,0,0,0,721,0,765,0,735,0,742,0,741,0,712,0,7520,0.032,79456894976.0,0.0,0.0,784,16797,-0.0,162057.094,-114818.039,-0.0,0.133,6.909358625270745e+28,30.0,65.0,35,0.0,0.0,0.0,0.0,0.0,0.0,0.0,0.0,0.0,0.0,0.0,0.0,0.0,0.0,0.0,0.0,69.2,0,150,71,54,65476,0,300,0,1,8,20529,65476,0,0,40632,65.0,0.0,0.0,0.0,0.0,0.0
2026-09-04T20:57:37,ERR,ERR,ERR,ERR,ERR,ERR,ERR,ERR,ERR,ERR,ERR,ERR,ERR,ERR,ERR,ERR,ERR,ERR,ERR,ERR,ERR,ERR,ERR,ERR,ERR,ERR,ERR,ERR,ERR,ERR,ERR,ERR,ERR,ERR,ERR,ERR,ERR,ERR,ERR,ERR,ERR,ERR,ERR,ERR,ERR,ERR,ERR,ERR,ERR,ERR,ERR,ERR,ERR,ERR,ERR,ERR,ERR,ERR,ERR,ERR,ERR,ERR,ERR,ERR,ERR,ERR,ERR,ERR,ERR,ERR,ERR,ERR,ERR,ERR,ERR,ERR,ERR,ERR,ERR,ERR,ERR,ERR,ERR,ERR,ERR,ERR,ERR,ERR,ERR,ERR,ERR,ERR,ERR,ERR,ERR,ERR,ERR,ERR,ERR,ERR,ERR,ERR,ERR,ERR,ERR,ERR,ERR,ERR,ERR,ERR,ERR,ERR,ERR,ERR,ERR,ERR,ERR,ERR,ERR,ERR,ERR,ERR,ERR,ERR,ERR,0.0,0.0,0.0,0.0,0.0,1.3936040501711995e+18,7.805,0.0,0,0,4,0,7116,0.0,100,0.0,0.0,0.0,0.0,0.0,0,0,0,0,0.0,0,0,0,0,0,0,0,0,0,0,0,0,0,0,0,0,0,0,0,0,0,0,0,0,0,0,0,0,0,0,0,0,0,31,40,40,71,65476,0,300,0,0,8,21553,0.0,-107605600.0,0.0,0.0,0.0,0.0,0.0,0.0,0.0,0.0,0.0,0.0,0.0,0.0,0.0,0.0,0.0,0.0,0.0,0.0,0.0,0.0,-0.0,0.0,2.004,-0.0,0.0,0.0,0.0,0.0,6362.0,0.0,6912.0,0.0,0.0,0.0,0.0,0.0,0.0,0.0,0.0,69,-0.0,-0.0,0.0,0.0,0.0,0.0,0.0,0.0,0.0,0,0,0,0.0,0.0,0.0,0.0,0.0,0.0,0.0,0.0,0.0,0.0,0.0,0.0,0.0,0.0,0.0,0.0,0,-107875648.0,69,0.0,138,0.0,-0.0,0,13107,17040,0,17049,0,17043,0,0,0,70,68,100,2.7302359370752657e+23,71.1,0.0,74.2,2.7302370179391762e+23,74.0,1,49,50,180,0,52429,0,0,0.0,0.0,0.0,0.0,-0.0,67.0,0.0,162057.094,0.0,750,0,739,0,0,0,721,0,765,0,735,0,742,0,741,0,712,0,7520,0.032,79456894976.0,0.0,0.0,784,16797,-0.0,162057.094,-114818.039,-0.0,0.133,6.909358625270745e+28,30.0,65.0,35,0.0,0.0,0.0,0.0,0.0,0.0,0.0,0.0,0.0,0.0,0.0,0.0,0.0,0.0,0.0,0.0,69.2,0,150,71,54,65476,0,300,0,1,8,20529,65476,0,0,40632,65.0,0.0,0.0,0.0,0.0,0.0
2026-09-04T20:57:38,ERR,ERR,ERR,ERR,ERR,ERR,ERR,ERR,ERR,ERR,ERR,ERR,ERR,ERR,ERR,ERR,ERR,ERR,ERR,ERR,ERR,ERR,ERR,ERR,ERR,ERR,ERR,ERR,ERR,ERR,ERR,ERR,ERR,ERR,ERR,ERR,ERR,ERR,ERR,ERR,ERR,ERR,ERR,ERR,ERR,ERR,ERR,ERR,ERR,ERR,ERR,ERR,ERR,ERR,ERR,ERR,ERR,ERR,ERR,ERR,ERR,ERR,ERR,ERR,ERR,ERR,ERR,ERR,ERR,ERR,ERR,ERR,ERR,ERR,ERR,ERR,ERR,ERR,ERR,ERR,ERR,ERR,ERR,ERR,ERR,ERR,ERR,ERR,ERR,ERR,ERR,ERR,ERR,ERR,ERR,ERR,ERR,ERR,ERR,ERR,ERR,ERR,ERR,ERR,ERR,ERR,ERR,ERR,ERR,ERR,ERR,ERR,ERR,ERR,ERR,ERR,ERR,ERR,ERR,ERR,ERR,ERR,ERR,ERR,ERR,0.0,0.0,0.0,0.0,0.0,1.3936040501711995e+18,7.805,0.0,0,0,4,0,7116,0.0,100,0.0,0.0,0.0,0.0,0.0,0,0,0,0,0.0,0,0,0,0,0,0,0,0,0,0,0,0,0,0,0,0,0,0,0,0,0,0,0,0,0,0,0,0,0,0,0,0,0,31,40,40,71,65476,0,300,0,0,8,21553,0.0,-107605600.0,0.0,0.0,0.0,0.0,0.0,0.0,0.0,0.0,0.0,0.0,0.0,0.0,0.0,0.0,0.0,0.0,0.0,0.0,0.0,0.0,-0.0,0.0,2.004,-0.0,0.0,0.0,0.0,0.0,6362.0,0.0,6912.0,0.0,0.0,0.0,0.0,0.0,0.0,0.0,0.0,69,-0.0,-0.0,0.0,0.0,0.0,0.0,0.0,0.0,0.0,0,0,0,0.0,0.0,0.0,0.0,0.0,0.0,0.0,0.0,0.0,0.0,0.0,0.0,0.0,0.0,0.0,0.0,0,-107875648.0,69,0.0,138,0.0,-0.0,0,13107,17040,0,17049,0,17043,0,0,0,70,68,100,2.7302359370752657e+23,71.1,0.0,74.2,2.7302370179391762e+23,74.0,1,49,50,180,0,52429,0,0,0.0,0.0,0.0,0.0,-0.0,67.0,0.0,162057.094,0.0,750,0,739,0,0,0,721,0,765,0,735,0,742,0,741,0,712,0,7520,0.032,79456894976.0,0.0,0.0,784,16797,-0.0,162057.094,-114818.039,-0.0,0.133,6.909358625270745e+28,30.0,65.0,35,0.0,0.0,0.0,0.0,0.0,0.0,0.0,0.0,0.0,0.0,0.0,0.0,0.0,0.0,0.0,0.0,69.2,0,150,71,54,65476,0,300,0,1,8,20529,65476,0,0,40632,65.0,0.0,0.0,0.0,0.0,0.0
2026-09-04T20:57:39,ERR,ERR,ERR,ERR,ERR,ERR,ERR,ERR,ERR,ERR,ERR,ERR,ERR,ERR,ERR,ERR,ERR,ERR,ERR,ERR,ERR,ERR,ERR,ERR,ERR,ERR,ERR,ERR,ERR,ERR,ERR,ERR,ERR,ERR,ERR,ERR,ERR,ERR,ERR,ERR,ERR,ERR,ERR,ERR,ERR,ERR,ERR,ERR,ERR,ERR,ERR,ERR,ERR,ERR,ERR,ERR,ERR,ERR,ERR,ERR,ERR,ERR,ERR,ERR,ERR,ERR,ERR,ERR,ERR,ERR,ERR,ERR,ERR,ERR,ERR,ERR,ERR,ERR,ERR,ERR,ERR,ERR,ERR,ERR,ERR,ERR,ERR,ERR,ERR,ERR,ERR,ERR,ERR,ERR,ERR,ERR,ERR,ERR,ERR,ERR,ERR,ERR,ERR,ERR,ERR,ERR,ERR,ERR,ERR,ERR,ERR,ERR,ERR,ERR,ERR,ERR,ERR,ERR,ERR,ERR,ERR,ERR,ERR,ERR,ERR,0.0,0.0,0.0,0.0,0.0,1.3936040501711995e+18,7.805,0.0,0,0,4,0,7116,0.0,100,0.0,0.0,0.0,0.0,0.0,0,0,0,0,0.0,0,0,0,0,0,0,0,0,0,0,0,0,0,0,0,0,0,0,0,0,0,0,0,0,0,0,0,0,0,0,0,0,0,31,40,40,71,65476,0,300,0,0,8,21553,0.0,-107605600.0,0.0,0.0,0.0,0.0,0.0,0.0,0.0,0.0,0.0,0.0,0.0,0.0,0.0,0.0,0.0,0.0,0.0,0.0,0.0,0.0,-0.0,0.0,2.004,-0.0,0.0,0.0,0.0,0.0,6362.0,0.0,6912.0,0.0,0.0,0.0,0.0,0.0,0.0,0.0,0.0,69,-0.0,-0.0,0.0,0.0,0.0,0.0,0.0,0.0,0.0,0,0,0,0.0,0.0,0.0,0.0,0.0,0.0,0.0,0.0,0.0,0.0,0.0,0.0,0.0,0.0,0.0,0.0,0,-107875648.0,69,0.0,138,0.0,-0.0,0,13107,17040,0,17049,0,17043,0,0,0,70,68,100,2.7302359370752657e+23,71.1,0.0,74.2,2.7302370179391762e+23,74.0,1,49,50,180,0,52429,0,0,0.0,0.0,0.0,0.0,-0.0,67.0,0.0,162057.094,0.0,750,0,739,0,0,0,721,0,765,0,735,0,742,0,741,0,712,0,7520,0.032,79456894976.0,0.0,0.0,784,16797,-0.0,162057.094,-114818.039,-0.0,0.133,6.909358625270745e+28,30.0,65.0,35,0.0,0.0,0.0,0.0,0.0,0.0,0.0,0.0,0.0,0.0,0.0,0.0,0.0,0.0,0.0,0.0,69.2,0,150,71,54,65476,0,300,0,1,8,20529,65476,0,0,40632,65.0,0.0,0.0,0.0,0.0,0.0
2026-09-04T20:57:40,ERR,ERR,ERR,ERR,ERR,ERR,ERR,ERR,ERR,ERR,ERR,ERR,ERR,ERR,ERR,ERR,ERR,ERR,ERR,ERR,ERR,ERR,ERR,ERR,ERR,ERR,ERR,ERR,ERR,ERR,ERR,ERR,ERR,ERR,ERR,ERR,ERR,ERR,ERR,ERR,ERR,ERR,ERR,ERR,ERR,ERR,ERR,ERR,ERR,ERR,ERR,ERR,ERR,ERR,ERR,ERR,ERR,ERR,ERR,ERR,ERR,ERR,ERR,ERR,ERR,ERR,ERR,ERR,ERR,ERR,ERR,ERR,ERR,ERR,ERR,ERR,ERR,ERR,ERR,ERR,ERR,ERR,ERR,ERR,ERR,ERR,ERR,ERR,ERR,ERR,ERR,ERR,ERR,ERR,ERR,ERR,ERR,ERR,ERR,ERR,ERR,ERR,ERR,ERR,ERR,ERR,ERR,ERR,ERR,ERR,ERR,ERR,ERR,ERR,ERR,ERR,ERR,ERR,ERR,ERR,ERR,ERR,ERR,ERR,ERR,0.0,0.0,0.0,0.0,0.0,1.3936040501711995e+18,7.805,0.0,0,0,4,0,7116,0.0,100,0.0,0.0,0.0,0.0,0.0,0,0,0,0,0.0,0,0,0,0,0,0,0,0,0,0,0,0,0,0,0,0,0,0,0,0,0,0,0,0,0,0,0,0,0,0,0,0,0,31,40,40,71,65476,0,300,0,0,8,21553,0.0,-107605600.0,0.0,0.0,0.0,0.0,0.0,0.0,0.0,0.0,0.0,0.0,0.0,0.0,0.0,0.0,0.0,0.0,0.0,0.0,0.0,0.0,-0.0,0.0,2.004,-0.0,0.0,0.0,0.0,0.0,6362.0,0.0,6912.0,0.0,0.0,0.0,0.0,0.0,0.0,0.0,0.0,69,-0.0,-0.0,0.0,0.0,0.0,0.0,0.0,0.0,0.0,0,0,0,0.0,0.0,0.0,0.0,0.0,0.0,0.0,0.0,0.0,0.0,0.0,0.0,0.0,0.0,0.0,0.0,0,-107875648.0,69,0.0,138,0.0,-0.0,0,13107,17040,0,17049,0,17043,0,0,0,70,68,100,2.7302359370752657e+23,71.1,0.0,74.2,2.7302370179391762e+23,74.0,1,49,50,180,0,52429,0,0,0.0,0.0,0.0,0.0,-0.0,67.0,0.0,162057.094,0.0,750,0,739,0,0,0,721,0,765,0,735,0,742,0,741,0,712,0,7520,0.032,79456894976.0,0.0,0.0,784,16797,-0.0,162057.094,-114818.039,-0.0,0.133,6.909358625270745e+28,30.0,65.0,35,0.0,0.0,0.0,0.0,0.0,0.0,0.0,0.0,0.0,0.0,0.0,0.0,0.0,0.0,0.0,0.0,69.2,0,150,71,54,65476,0,300,0,1,8,20529,65476,0,0,40632,65.0,0.0,0.0,0.0,0.0,0.0
2026-09-04T20:57:41,ERR,ERR,ERR,ERR,ERR,ERR,ERR,ERR,ERR,ERR,ERR,ERR,ERR,ERR,ERR,ERR,ERR,ERR,ERR,ERR,ERR,ERR,ERR,ERR,ERR,ERR,ERR,ERR,ERR,ERR,ERR,ERR,ERR,ERR,ERR,ERR,ERR,ERR,ERR,ERR,ERR,ERR,ERR,ERR,ERR,ERR,ERR,ERR,ERR,ERR,ERR,ERR,ERR,ERR,ERR,ERR,ERR,ERR,ERR,ERR,ERR,ERR,ERR,ERR,ERR,ERR,ERR,ERR,ERR,ERR,ERR,ERR,ERR,ERR,ERR,ERR,ERR,ERR,ERR,ERR,ERR,ERR,ERR,ERR,ERR,ERR,ERR,ERR,ERR,ERR,ERR,ERR,ERR,ERR,ERR,ERR,ERR,ERR,ERR,ERR,ERR,ERR,ERR,ERR,ERR,ERR,ERR,ERR,ERR,ERR,ERR,ERR,ERR,ERR,ERR,ERR,ERR,ERR,ERR,ERR,ERR,ERR,ERR,ERR,ERR,0.0,0.0,0.0,0.0,0.0,1.3936040501711995e+18,7.805,0.0,0,0,4,0,7116,0.0,100,0.0,0.0,0.0,0.0,0.0,0,0,0,0,0.0,0,0,0,0,0,0,0,0,0,0,0,0,0,0,0,0,0,0,0,0,0,0,0,0,0,0,0,0,0,0,0,0,0,31,40,40,71,65476,0,300,0,0,8,21553,0.0,-107605600.0,0.0,0.0,0.0,0.0,0.0,0.0,0.0,0.0,0.0,0.0,0.0,0.0,0.0,0.0,0.0,0.0,0.0,0.0,0.0,0.0,-0.0,0.0,2.004,-0.0,0.0,0.0,0.0,0.0,6362.0,0.0,6912.0,0.0,0.0,0.0,0.0,0.0,0.0,0.0,0.0,69,-0.0,-0.0,0.0,0.0,0.0,0.0,0.0,0.0,0.0,0,0,0,0.0,0.0,0.0,0.0,0.0,0.0,0.0,0.0,0.0,0.0,0.0,0.0,0.0,0.0,0.0,0.0,0,-107875648.0,69,0.0,138,0.0,-0.0,0,13107,17040,0,17049,0,17043,0,0,0,70,68,100,2.7302359370752657e+23,71.1,0.0,74.2,2.7302370179391762e+23,74.0,1,49,50,180,0,52429,0,0,0.0,0.0,0.0,0.0,-0.0,67.0,0.0,162057.094,0.0,750,0,739,0,0,0,721,0,765,0,735,0,742,0,741,0,712,0,7520,0.032,79456894976.0,0.0,0.0,784,16797,-0.0,162057.094,-114818.039,-0.0,0.133,6.909358625270745e+28,30.0,65.0,35,0.0,0.0,0.0,0.0,0.0,0.0,0.0,0.0,0.0,0.0,0.0,0.0,0.0,0.0,0.0,0.0,69.2,0,150,71,54,65476,0,300,0,1,8,20529,65476,0,0,40632,65.0,0.0,0.0,0.0,0.0,0.0
2026-09-04T20:57:42,ERR,ERR,ERR,ERR,ERR,ERR,ERR,ERR,ERR,ERR,ERR,ERR,ERR,ERR,ERR,ERR,ERR,ERR,ERR,ERR,ERR,ERR,ERR,ERR,ERR,ERR,ERR,ERR,ERR,ERR,ERR,ERR,ERR,ERR,ERR,ERR,ERR,ERR,ERR,ERR,ERR,ERR,ERR,ERR,ERR,ERR,ERR,ERR,ERR,ERR,ERR,ERR,ERR,ERR,ERR,ERR,ERR,ERR,ERR,ERR,ERR,ERR,ERR,ERR,ERR,ERR,ERR,ERR,ERR,ERR,ERR,ERR,ERR,ERR,ERR,ERR,ERR,ERR,ERR,ERR,ERR,ERR,ERR,ERR,ERR,ERR,ERR,ERR,ERR,ERR,ERR,ERR,ERR,ERR,ERR,ERR,ERR,ERR,ERR,ERR,ERR,ERR,ERR,ERR,ERR,ERR,ERR,ERR,ERR,ERR,ERR,ERR,ERR,ERR,ERR,ERR,ERR,ERR,ERR,ERR,ERR,ERR,ERR,ERR,ERR,0.0,0.0,0.0,0.0,0.0,1.3936040501711995e+18,7.805,0.0,0,0,4,0,7116,0.0,100,0.0,0.0,0.0,0.0,0.0,0,0,0,0,0.0,0,0,0,0,0,0,0,0,0,0,0,0,0,0,0,0,0,0,0,0,0,0,0,0,0,0,0,0,0,0,0,0,0,31,40,40,71,65476,0,300,0,0,8,21553,0.0,-107605600.0,0.0,0.0,0.0,0.0,0.0,0.0,0.0,0.0,0.0,0.0,0.0,0.0,0.0,0.0,0.0,0.0,0.0,0.0,0.0,0.0,-0.0,0.0,2.004,-0.0,0.0,0.0,0.0,0.0,6362.0,0.0,6912.0,0.0,0.0,0.0,0.0,0.0,0.0,0.0,0.0,69,-0.0,-0.0,0.0,0.0,0.0,0.0,0.0,0.0,0.0,0,0,0,0.0,0.0,0.0,0.0,0.0,0.0,0.0,0.0,0.0,0.0,0.0,0.0,0.0,0.0,0.0,0.0,0,-107875648.0,69,0.0,138,0.0,-0.0,0,13107,17040,0,17049,0,17043,0,0,0,70,68,100,2.7302359370752657e+23,71.1,0.0,74.2,2.7302370179391762e+23,74.0,1,49,50,180,0,52429,0,0,0.0,0.0,0.0,0.0,-0.0,67.0,0.0,162057.094,0.0,750,0,739,0,0,0,721,0,765,0,735,0,742,0,741,0,712,0,7520,0.032,79456894976.0,0.0,0.0,784,16797,-0.0,162057.094,-114818.039,-0.0,0.133,6.909358625270745e+28,30.0,65.0,35,0.0,0.0,0.0,0.0,0.0,0.0,0.0,0.0,0.0,0.0,0.0,0.0,0.0,0.0,0.0,0.0,69.6,0,150,71,54,65476,0,300,0,1,8,20529,65476,0,0,40632,65.0,0.0,0.0,0.0,0.0,0.0
2026-09-04T20:57:43,ERR,ERR,ERR,ERR,ERR,ERR,ERR,ERR,ERR,ERR,ERR,ERR,ERR,ERR,ERR,ERR,ERR,ERR,ERR,ERR,ERR,ERR,ERR,ERR,ERR,ERR,ERR,ERR,ERR,ERR,ERR,ERR,ERR,ERR,ERR,ERR,ERR,ERR,ERR,ERR,ERR,ERR,ERR,ERR,ERR,ERR,ERR,ERR,ERR,ERR,ERR,ERR,ERR,ERR,ERR,ERR,ERR,ERR,ERR,ERR,ERR,ERR,ERR,ERR,ERR,ERR,ERR,ERR,ERR,ERR,ERR,ERR,ERR,ERR,ERR,ERR,ERR,ERR,ERR,ERR,ERR,ERR,ERR,ERR,ERR,ERR,ERR,ERR,ERR,ERR,ERR,ERR,ERR,ERR,ERR,ERR,ERR,ERR,ERR,ERR,ERR,ERR,ERR,ERR,ERR,ERR,ERR,ERR,ERR,ERR,ERR,ERR,ERR,ERR,ERR,ERR,ERR,ERR,ERR,ERR,ERR,ERR,ERR,ERR,ERR,0.0,0.0,0.0,0.0,0.0,1.3936040501711995e+18,7.805,0.0,0,0,4,0,7116,0.0,100,0.0,0.0,0.0,0.0,0.0,0,0,0,0,0.0,0,0,0,0,0,0,0,0,0,0,0,0,0,0,0,0,0,0,0,0,0,0,0,0,0,0,0,0,0,0,0,0,0,31,40,40,71,65476,0,300,0,0,8,21553,0.0,-107605600.0,0.0,0.0,0.0,0.0,0.0,0.0,0.0,0.0,0.0,0.0,0.0,0.0,0.0,0.0,0.0,0.0,0.0,0.0,0.0,0.0,-0.0,0.0,2.004,-0.0,0.0,0.0,0.0,0.0,6362.0,0.0,6912.0,0.0,0.0,0.0,0.0,0.0,0.0,0.0,0.0,69,-0.0,-0.0,0.0,0.0,0.0,0.0,0.0,0.0,0.0,0,0,0,0.0,0.0,0.0,0.0,0.0,0.0,0.0,0.0,0.0,0.0,0.0,0.0,0.0,0.0,0.0,0.0,0,-107875648.0,69,0.0,138,0.0,-0.0,0,13107,17040,0,17049,0,17043,0,0,0,70,68,100,2.7302359370752657e+23,71.1,0.0,74.2,2.7302370179391762e+23,74.0,1,49,50,180,0,52429,0,0,0.0,0.0,0.0,0.0,-0.0,67.0,0.0,162057.094,0.0,750,0,739,0,0,0,721,0,765,0,735,0,742,0,741,0,712,0,7520,0.032,78920024064.0,0.0,0.0,784,16797,-0.0,162057.094,-114818.039,-0.0,0.133,6.909358625270745e+28,30.0,65.0,35,0.0,0.0,0.0,0.0,0.0,0.0,0.0,0.0,0.0,0.0,0.0,0.0,0.0,0.0,0.0,0.0,69.6,0,150,71,54,65476,0,300,0,1,8,20529,65476,0,0,40632,65.0,0.0,0.0,0.0,0.0,0.0
2026-09-04T20:57:44,ERR,ERR,ERR,ERR,ERR,ERR,ERR,ERR,ERR,ERR,ERR,ERR,ERR,ERR,ERR,ERR,ERR,ERR,ERR,ERR,ERR,ERR,ERR,ERR,ERR,ERR,ERR,ERR,ERR,ERR,ERR,ERR,ERR,ERR,ERR,ERR,ERR,ERR,ERR,ERR,ERR,ERR,ERR,ERR,ERR,ERR,ERR,ERR,ERR,ERR,ERR,ERR,ERR,ERR,ERR,ERR,ERR,ERR,ERR,ERR,ERR,ERR,ERR,ERR,ERR,ERR,ERR,ERR,ERR,ERR,ERR,ERR,ERR,ERR,ERR,ERR,ERR,ERR,ERR,ERR,ERR,ERR,ERR,ERR,ERR,ERR,ERR,ERR,ERR,ERR,ERR,ERR,ERR,ERR,ERR,ERR,ERR,ERR,ERR,ERR,ERR,ERR,ERR,ERR,ERR,ERR,ERR,ERR,ERR,ERR,ERR,ERR,ERR,ERR,ERR,ERR,ERR,ERR,ERR,ERR,ERR,ERR,ERR,ERR,ERR,0.0,0.0,0.0,0.0,0.0,1.3936040501711995e+18,7.805,0.0,0,0,4,0,7116,0.0,100,0.0,0.0,0.0,0.0,0.0,0,0,0,0,0.0,0,0,0,0,0,0,0,0,0,0,0,0,0,0,0,0,0,0,0,0,0,0,0,0,0,0,0,0,0,0,0,0,0,31,40,40,71,65476,0,300,0,0,8,21553,0.0,-107605600.0,0.0,0.0,0.0,0.0,0.0,0.0,0.0,0.0,0.0,0.0,0.0,0.0,0.0,0.0,0.0,0.0,0.0,0.0,0.0,0.0,-0.0,0.0,2.004,-0.0,0.0,0.0,0.0,0.0,6321.0,-1.0406704564111331e+34,6943.0,0.0,0.0,0.0,0.0,0.0,0.0,0.0,0.0,69,4.950431305880601e+32,2.718426958420345e+23,0.0,0.0,0.0,0.0,0.0,0.0,0.0,0,0,0,0.0,0.0,0.0,0.0,0.0,0.0,0.0,0.0,0.0,0.0,0.0,0.0,0.0,0.0,0.0,0.0,0,-107875648.0,69,0.0,138,0.0,-0.0,0,13107,17040,0,17049,0,17043,0,0,0,70,68,100,2.7302359370752657e+23,71.1,0.0,74.2,2.7302370179391762e+23,74.0,1,49,50,180,0,52429,0,0,0.0,0.0,0.0,0.0,-0.0,67.0,0.0,162057.094,0.0,750,0,739,0,0,0,721,0,765,0,735,0,742,0,741,0,712,0,7520,0.032,78920024064.0,0.0,0.0,784,16797,-0.0,162057.094,-114818.039,-0.0,0.133,6.909358625270745e+28,30.0,65.0,35,0.0,0.0,0.0,0.0,0.0,0.0,0.0,0.0,0.0,0.0,0.0,0.0,0.0,0.0,0.0,0.0,69.2,0,150,71,54,65476,0,300,0,1,8,20529,65476,0,0,40632,65.0,0.0,0.0,0.0,0.0,0.0
2026-09-04T20:57:45,ERR,ERR,ERR,ERR,ERR,ERR,ERR,ERR,ERR,ERR,ERR,ERR,ERR,ERR,ERR,ERR,ERR,ERR,ERR,ERR,ERR,ERR,ERR,ERR,ERR,ERR,ERR,ERR,ERR,ERR,ERR,ERR,ERR,ERR,ERR,ERR,ERR,ERR,ERR,ERR,ERR,ERR,ERR,ERR,ERR,ERR,ERR,ERR,ERR,ERR,ERR,ERR,ERR,ERR,ERR,ERR,ERR,ERR,ERR,ERR,ERR,ERR,ERR,ERR,ERR,ERR,ERR,ERR,ERR,ERR,ERR,ERR,ERR,ERR,ERR,ERR,ERR,ERR,ERR,ERR,ERR,ERR,ERR,ERR,ERR,ERR,ERR,ERR,ERR,ERR,ERR,ERR,ERR,ERR,ERR,ERR,ERR,ERR,ERR,ERR,ERR,ERR,ERR,ERR,ERR,ERR,ERR,ERR,ERR,ERR,ERR,ERR,ERR,ERR,ERR,ERR,ERR,ERR,ERR,ERR,ERR,ERR,ERR,ERR,ERR,0.0,0.0,0.0,0.0,0.0,1.3936040501711995e+18,7.805,0.0,0,0,4,0,7116,0.0,100,0.0,0.0,0.0,0.0,0.0,0,0,0,0,0.0,0,0,0,0,0,0,0,0,0,0,0,0,0,0,0,0,0,0,0,0,0,0,0,0,0,0,0,0,0,0,0,0,0,31,40,40,71,65476,0,300,0,0,8,21553,0.0,-107605600.0,0.0,0.0,0.0,0.0,0.0,0.0,0.0,0.0,0.0,0.0,0.0,0.0,0.0,0.0,0.0,0.0,0.0,0.0,0.0,0.0,-0.0,0.0,2.004,-0.0,0.0,0.0,0.0,0.0,6321.0,-1.0406704564111331e+34,6943.0,0.0,0.0,0.0,0.0,0.0,0.0,0.0,0.0,69,4.950431305880601e+32,2.718426958420345e+23,0.0,0.0,0.0,0.0,0.0,0.0,0.0,0,0,0,0.0,0.0,0.0,0.0,0.0,0.0,0.0,0.0,0.0,0.0,0.0,0.0,0.0,0.0,0.0,0.0,0,-107875648.0,69,0.0,138,0.0,-0.0,0,13107,17040,0,17049,0,17043,0,0,0,70,68,100,2.7302359370752657e+23,71.1,0.0,74.2,2.7302370179391762e+23,74.0,1,49,50,180,0,52429,0,0,0.0,0.0,0.0,0.0,-0.0,67.0,0.0,162057.094,0.0,750,0,739,0,0,0,721,0,765,0,735,0,742,0,741,0,712,0,7520,0.032,78920024064.0,0.0,0.0,784,16797,-0.0,162057.094,-114818.039,-0.0,0.133,6.909358625270745e+28,30.0,65.0,35,0.0,0.0,0.0,0.0,0.0,0.0,0.0,0.0,0.0,0.0,0.0,0.0,0.0,0.0,0.0,0.0,69.2,0,150,71,54,65476,0,300,0,1,8,20529,65476,0,0,40632,65.0,0.0,0.0,0.0,0.0,0.0
2026-09-04T20:57:46,ERR,ERR,ERR,ERR,ERR,ERR,ERR,ERR,ERR,ERR,ERR,ERR,ERR,ERR,ERR,ERR,ERR,ERR,ERR,ERR,ERR,ERR,ERR,ERR,ERR,ERR,ERR,ERR,ERR,ERR,ERR,ERR,ERR,ERR,ERR,ERR,ERR,ERR,ERR,ERR,ERR,ERR,ERR,ERR,ERR,ERR,ERR,ERR,ERR,ERR,ERR,ERR,ERR,ERR,ERR,ERR,ERR,ERR,ERR,ERR,ERR,ERR,ERR,ERR,ERR,ERR,ERR,ERR,ERR,ERR,ERR,ERR,ERR,ERR,ERR,ERR,ERR,ERR,ERR,ERR,ERR,ERR,ERR,ERR,ERR,ERR,ERR,ERR,ERR,ERR,ERR,ERR,ERR,ERR,ERR,ERR,ERR,ERR,ERR,ERR,ERR,ERR,ERR,ERR,ERR,ERR,ERR,ERR,ERR,ERR,ERR,ERR,ERR,ERR,ERR,ERR,ERR,ERR,ERR,ERR,ERR,ERR,ERR,ERR,ERR,0.0,0.0,0.0,0.0,0.0,1.3936040501711995e+18,7.805,0.0,0,0,4,0,7116,0.0,100,0.0,0.0,0.0,0.0,0.0,0,0,0,0,0.0,0,0,0,0,0,0,0,0,0,0,0,0,0,0,0,0,0,0,0,0,0,0,0,0,0,0,0,0,0,0,0,0,0,31,40,40,71,65476,0,300,0,0,8,21553,0.0,-107605600.0,0.0,0.0,0.0,0.0,0.0,0.0,0.0,0.0,0.0,0.0,0.0,0.0,0.0,0.0,0.0,0.0,0.0,0.0,0.0,0.0,-0.0,0.0,2.004,-0.0,0.0,0.0,0.0,0.0,6321.0,-1.0406704564111331e+34,6943.0,0.0,0.0,0.0,0.0,0.0,0.0,0.0,0.0,69,4.950431305880601e+32,2.718426958420345e+23,0.0,0.0,0.0,0.0,0.0,0.0,0.0,0,0,0,0.0,0.0,0.0,0.0,0.0,0.0,0.0,0.0,0.0,0.0,0.0,0.0,0.0,0.0,0.0,0.0,0,-107875648.0,69,0.0,138,0.0,-0.0,0,13107,17040,0,17049,0,17043,0,0,0,70,68,100,2.7302359370752657e+23,71.1,0.0,74.2,2.7302370179391762e+23,74.0,1,49,50,180,0,52429,0,0,0.0,0.0,0.0,0.0,-0.0,67.0,0.0,162057.094,0.0,750,0,739,0,0,0,721,0,765,0,735,0,742,0,741,0,712,0,7520,0.032,78920024064.0,0.0,0.0,784,16797,-0.0,162057.094,-114818.039,-0.0,0.133,6.909358625270745e+28,30.0,65.0,35,0.0,0.0,0.0,0.0,0.0,0.0,0.0,0.0,0.0,0.0,0.0,0.0,0.0,0.0,0.0,0.0,69.2,0,150,71,54,65476,0,300,0,1,8,20529,65476,0,0,40632,65.0,0.0,0.0,0.0,0.0,0.0
2026-09-04T20:57:47,ERR,ERR,ERR,ERR,ERR,ERR,ERR,ERR,ERR,ERR,ERR,ERR,ERR,ERR,ERR,ERR,ERR,ERR,ERR,ERR,ERR,ERR,ERR,ERR,ERR,ERR,ERR,ERR,ERR,ERR,ERR,ERR,ERR,ERR,ERR,ERR,ERR,ERR,ERR,ERR,ERR,ERR,ERR,ERR,ERR,ERR,ERR,ERR,ERR,ERR,ERR,ERR,ERR,ERR,ERR,ERR,ERR,ERR,ERR,ERR,ERR,ERR,ERR,ERR,ERR,ERR,ERR,ERR,ERR,ERR,ERR,ERR,ERR,ERR,ERR,ERR,ERR,ERR,ERR,ERR,ERR,ERR,ERR,ERR,ERR,ERR,ERR,ERR,ERR,ERR,ERR,ERR,ERR,ERR,ERR,ERR,ERR,ERR,ERR,ERR,ERR,ERR,ERR,ERR,ERR,ERR,ERR,ERR,ERR,ERR,ERR,ERR,ERR,ERR,ERR,ERR,ERR,ERR,ERR,ERR,ERR,ERR,ERR,ERR,ERR,0.0,0.0,0.0,0.0,0.0,1.3936040501711995e+18,7.805,0.0,0,0,4,0,7116,0.0,100,0.0,0.0,0.0,0.0,0.0,0,0,0,0,0.0,0,0,0,0,0,0,0,0,0,0,0,0,0,0,0,0,0,0,0,0,0,0,0,0,0,0,0,0,0,0,0,0,0,31,40,40,71,65476,0,300,0,0,8,21553,0.0,-107605600.0,0.0,0.0,0.0,0.0,0.0,0.0,0.0,0.0,0.0,0.0,0.0,0.0,0.0,0.0,0.0,0.0,0.0,0.0,0.0,0.0,-0.0,0.0,2.004,-0.0,0.0,0.0,0.0,0.0,6321.0,-1.0406704564111331e+34,6943.0,0.0,0.0,0.0,0.0,0.0,0.0,0.0,0.0,69,4.950431305880601e+32,2.718426958420345e+23,0.0,0.0,0.0,0.0,0.0,0.0,0.0,0,0,0,0.0,0.0,0.0,0.0,0.0,0.0,0.0,0.0,0.0,0.0,0.0,0.0,0.0,0.0,0.0,0.0,0,-107875648.0,69,0.0,138,0.0,-0.0,0,13107,17040,0,17049,0,17043,0,0,0,70,68,100,2.7302359370752657e+23,71.1,0.0,74.2,2.7302370179391762e+23,74.0,1,49,50,180,0,52429,0,0,0.0,0.0,0.0,0.0,-0.0,67.0,0.0,162057.094,0.0,750,0,739,0,0,0,721,0,765,0,735,0,742,0,741,0,712,0,7520,0.032,78920024064.0,0.0,0.0,784,16797,-0.0,162057.094,-114818.039,-0.0,0.133,6.909358625270745e+28,30.0,65.0,35,0.0,0.0,0.0,0.0,0.0,0.0,0.0,0.0,0.0,0.0,0.0,0.0,0.0,0.0,0.0,0.0,69.2,0,150,71,54,65476,0,300,0,1,8,20529,65476,0,0,40632,65.0,0.0,0.0,0.0,0.0,0.0
2026-09-04T20:57:48,ERR,ERR,ERR,ERR,ERR,ERR,ERR,ERR,ERR,ERR,ERR,ERR,ERR,ERR,ERR,ERR,ERR,ERR,ERR,ERR,ERR,ERR,ERR,ERR,ERR,ERR,ERR,ERR,ERR,ERR,ERR,ERR,ERR,ERR,ERR,ERR,ERR,ERR,ERR,ERR,ERR,ERR,ERR,ERR,ERR,ERR,ERR,ERR,ERR,ERR,ERR,ERR,ERR,ERR,ERR,ERR,ERR,ERR,ERR,ERR,ERR,ERR,ERR,ERR,ERR,ERR,ERR,ERR,ERR,ERR,ERR,ERR,ERR,ERR,ERR,ERR,ERR,ERR,ERR,ERR,ERR,ERR,ERR,ERR,ERR,ERR,ERR,ERR,ERR,ERR,ERR,ERR,ERR,ERR,ERR,ERR,ERR,ERR,ERR,ERR,ERR,ERR,ERR,ERR,ERR,ERR,ERR,ERR,ERR,ERR,ERR,ERR,ERR,ERR,ERR,ERR,ERR,ERR,ERR,ERR,ERR,ERR,ERR,ERR,ERR,0.0,0.0,0.0,0.0,0.0,1.3936040501711995e+18,7.805,0.0,0,0,4,0,7116,0.0,100,0.0,0.0,0.0,0.0,0.0,0,0,0,0,0.0,0,0,0,0,0,0,0,0,0,0,0,0,0,0,0,0,0,0,0,0,0,0,0,0,0,0,0,0,0,0,0,0,0,31,40,40,71,65476,0,300,0,0,8,21553,0.0,-107605600.0,0.0,0.0,0.0,0.0,0.0,0.0,0.0,0.0,0.0,0.0,0.0,0.0,0.0,0.0,0.0,0.0,0.0,0.0,0.0,0.0,-0.0,0.0,2.004,-0.0,0.0,0.0,0.0,0.0,6321.0,-1.0406704564111331e+34,6943.0,0.0,0.0,0.0,0.0,0.0,0.0,0.0,0.0,69,4.950431305880601e+32,2.718426958420345e+23,0.0,0.0,0.0,0.0,0.0,0.0,0.0,0,0,0,0.0,0.0,0.0,0.0,0.0,0.0,0.0,0.0,0.0,0.0,0.0,0.0,0.0,0.0,0.0,0.0,0,-107875648.0,69,0.0,138,0.0,-0.0,0,13107,17040,0,17049,0,17043,0,0,0,70,68,100,2.7302359370752657e+23,71.1,0.0,74.2,2.7302370179391762e+23,74.0,1,49,50,180,0,52429,0,0,0.0,0.0,0.0,0.0,-0.0,67.0,0.0,162057.094,0.0,750,0,739,0,0,0,721,0,765,0,735,0,742,0,741,0,712,0,7520,0.032,78920024064.0,0.0,0.0,784,16797,-0.0,162057.094,-114818.039,-0.0,0.133,6.909358625270745e+28,30.0,65.0,35,0.0,0.0,0.0,0.0,0.0,0.0,0.0,0.0,0.0,0.0,0.0,0.0,0.0,0.0,0.0,0.0,69.2,0,150,71,54,65476,0,300,0,1,8,20529,65476,0,0,40632,65.0,0.0,0.0,0.0,0.0,0.0
2026-09-04T20:57:49,ERR,ERR,ERR,ERR,ERR,ERR,ERR,ERR,ERR,ERR,ERR,ERR,ERR,ERR,ERR,ERR,ERR,ERR,ERR,ERR,ERR,ERR,ERR,ERR,ERR,ERR,ERR,ERR,ERR,ERR,ERR,ERR,ERR,ERR,ERR,ERR,ERR,ERR,ERR,ERR,ERR,ERR,ERR,ERR,ERR,ERR,ERR,ERR,ERR,ERR,ERR,ERR,ERR,ERR,ERR,ERR,ERR,ERR,ERR,ERR,ERR,ERR,ERR,ERR,ERR,ERR,ERR,ERR,ERR,ERR,ERR,ERR,ERR,ERR,ERR,ERR,ERR,ERR,ERR,ERR,ERR,ERR,ERR,ERR,ERR,ERR,ERR,ERR,ERR,ERR,ERR,ERR,ERR,ERR,ERR,ERR,ERR,ERR,ERR,ERR,ERR,ERR,ERR,ERR,ERR,ERR,ERR,ERR,ERR,ERR,ERR,ERR,ERR,ERR,ERR,ERR,ERR,ERR,ERR,ERR,ERR,ERR,ERR,ERR,ERR,0.0,0.0,0.0,0.0,0.0,1.3936040501711995e+18,7.805,0.0,0,0,4,0,7116,0.0,100,0.0,0.0,0.0,0.0,0.0,0,0,0,0,0.0,0,0,0,0,0,0,0,0,0,0,0,0,0,0,0,0,0,0,0,0,0,0,0,0,0,0,0,0,0,0,0,0,0,31,40,40,71,65476,0,300,0,0,8,21553,0.0,-107605600.0,0.0,0.0,0.0,0.0,0.0,0.0,0.0,0.0,0.0,0.0,0.0,0.0,0.0,0.0,0.0,0.0,0.0,0.0,0.0,0.0,-0.0,0.0,2.004,-0.0,0.0,0.0,0.0,0.0,6321.0,-1.0406704564111331e+34,6943.0,0.0,0.0,0.0,0.0,0.0,0.0,0.0,0.0,69,4.950431305880601e+32,2.718426958420345e+23,0.0,0.0,0.0,0.0,0.0,0.0,0.0,0,0,0,0.0,0.0,0.0,0.0,0.0,0.0,0.0,0.0,0.0,0.0,0.0,0.0,0.0,0.0,0.0,0.0,0,-107875648.0,69,0.0,138,0.0,-0.0,0,13107,17040,0,17049,0,17043,0,0,0,70,68,100,2.7302359370752657e+23,71.1,0.0,74.2,2.7302370179391762e+23,74.0,1,49,50,180,0,52429,0,0,0.0,0.0,0.0,0.0,-0.0,67.0,0.0,162057.094,0.0,750,0,739,0,0,0,721,0,765,0,735,0,742,0,741,0,712,0,7520,0.032,79456894976.0,0.0,0.0,784,16797,-0.0,162057.094,-114818.039,-0.0,0.133,6.909358625270745e+28,30.0,65.0,35,0.0,0.0,0.0,0.0,0.0,0.0,0.0,0.0,0.0,0.0,0.0,0.0,0.0,0.0,0.0,0.0,69.2,0,150,71,54,65476,0,300,0,1,8,20529,65476,0,0,40632,65.0,0.0,0.0,0.0,0.0,0.0
2026-09-04T20:57:50,ERR,ERR,ERR,ERR,ERR,ERR,ERR,ERR,ERR,ERR,ERR,ERR,ERR,ERR,ERR,ERR,ERR,ERR,ERR,ERR,ERR,ERR,ERR,ERR,ERR,ERR,ERR,ERR,ERR,ERR,ERR,ERR,ERR,ERR,ERR,ERR,ERR,ERR,ERR,ERR,ERR,ERR,ERR,ERR,ERR,ERR,ERR,ERR,ERR,ERR,ERR,ERR,ERR,ERR,ERR,ERR,ERR,ERR,ERR,ERR,ERR,ERR,ERR,ERR,ERR,ERR,ERR,ERR,ERR,ERR,ERR,ERR,ERR,ERR,ERR,ERR,ERR,ERR,ERR,ERR,ERR,ERR,ERR,ERR,ERR,ERR,ERR,ERR,ERR,ERR,ERR,ERR,ERR,ERR,ERR,ERR,ERR,ERR,ERR,ERR,ERR,ERR,ERR,ERR,ERR,ERR,ERR,ERR,ERR,ERR,ERR,ERR,ERR,ERR,ERR,ERR,ERR,ERR,ERR,ERR,ERR,ERR,ERR,ERR,ERR,0.0,0.0,0.0,0.0,0.0,1.3936040501711995e+18,7.805,0.0,0,0,4,0,7116,0.0,100,0.0,0.0,0.0,0.0,0.0,0,0,0,0,0.0,0,0,0,0,0,0,0,0,0,0,0,0,0,0,0,0,0,0,0,0,0,0,0,0,0,0,0,0,0,0,0,0,0,31,40,40,71,65476,0,300,0,0,8,21553,0.0,-107605600.0,0.0,0.0,0.0,0.0,0.0,0.0,0.0,0.0,0.0,0.0,0.0,0.0,0.0,0.0,0.0,0.0,0.0,0.0,0.0,0.0,-0.0,0.0,2.004,-0.0,0.0,0.0,0.0,0.0,6321.0,-1.0406704564111331e+34,6943.0,0.0,0.0,0.0,0.0,0.0,0.0,0.0,0.0,69,4.950431305880601e+32,2.718426958420345e+23,0.0,0.0,0.0,0.0,0.0,0.0,0.0,0,0,0,0.0,0.0,0.0,0.0,0.0,0.0,0.0,0.0,0.0,0.0,0.0,0.0,0.0,0.0,0.0,0.0,0,-107875648.0,69,0.0,138,0.0,-0.0,0,13107,17040,0,17049,0,17043,0,0,0,70,68,100,2.7302359370752657e+23,71.1,0.0,74.2,2.7302370179391762e+23,74.0,1,49,50,180,0,52429,0,0,0.0,0.0,0.0,0.0,-0.0,67.0,0.0,162057.094,0.0,750,0,739,0,0,0,721,0,765,0,735,0,742,0,741,0,712,0,7520,0.032,79456894976.0,0.0,0.0,784,16797,-0.0,162057.094,-114818.039,-0.0,0.133,6.909358625270745e+28,30.0,65.0,35,0.0,0.0,0.0,0.0,0.0,0.0,0.0,0.0,0.0,0.0,0.0,0.0,0.0,0.0,0.0,0.0,69.2,0,150,71,54,65476,0,300,0,1,8,20529,65476,0,0,40632,65.0,0.0,0.0,0.0,0.0,0.0
2026-09-04T20:57:51,ERR,ERR,ERR,ERR,ERR,ERR,ERR,ERR,ERR,ERR,ERR,ERR,ERR,ERR,ERR,ERR,ERR,ERR,ERR,ERR,ERR,ERR,ERR,ERR,ERR,ERR,ERR,ERR,ERR,ERR,ERR,ERR,ERR,ERR,ERR,ERR,ERR,ERR,ERR,ERR,ERR,ERR,ERR,ERR,ERR,ERR,ERR,ERR,ERR,ERR,ERR,ERR,ERR,ERR,ERR,ERR,ERR,ERR,ERR,ERR,ERR,ERR,ERR,ERR,ERR,ERR,ERR,ERR,ERR,ERR,ERR,ERR,ERR,ERR,ERR,ERR,ERR,ERR,ERR,ERR,ERR,ERR,ERR,ERR,ERR,ERR,ERR,ERR,ERR,ERR,ERR,ERR,ERR,ERR,ERR,ERR,ERR,ERR,ERR,ERR,ERR,ERR,ERR,ERR,ERR,ERR,ERR,ERR,ERR,ERR,ERR,ERR,ERR,ERR,ERR,ERR,ERR,ERR,ERR,ERR,ERR,ERR,ERR,ERR,ERR,0.0,0.0,0.0,0.0,0.0,1.3936040501711995e+18,7.805,0.0,0,0,4,0,7116,0.0,100,0.0,0.0,0.0,0.0,0.0,0,0,0,0,0.0,0,0,0,0,0,0,0,0,0,0,0,0,0,0,0,0,0,0,0,0,0,0,0,0,0,0,0,0,0,0,0,0,0,31,40,40,71,65476,0,300,0,0,8,21553,0.0,-107605600.0,0.0,0.0,0.0,0.0,0.0,0.0,0.0,0.0,0.0,0.0,0.0,0.0,0.0,0.0,0.0,0.0,0.0,0.0,0.0,0.0,-0.0,0.0,2.004,-0.0,0.0,0.0,0.0,0.0,6321.0,-1.0406704564111331e+34,6943.0,0.0,0.0,0.0,0.0,0.0,0.0,0.0,0.0,69,4.950431305880601e+32,2.718426958420345e+23,0.0,0.0,0.0,0.0,0.0,0.0,0.0,0,0,0,0.0,0.0,0.0,0.0,0.0,0.0,0.0,0.0,0.0,0.0,0.0,0.0,0.0,0.0,0.0,0.0,0,-107875648.0,69,0.0,138,0.0,-0.0,0,13107,17040,0,17049,0,17043,0,0,0,70,68,100,2.7302359370752657e+23,71.1,0.0,74.2,2.7302370179391762e+23,74.0,1,49,50,180,0,52429,0,0,0.0,0.0,0.0,0.0,-0.0,67.0,0.0,162057.094,0.0,750,0,739,0,0,0,721,0,765,0,735,0,742,0,741,0,712,0,7520,0.032,79456894976.0,0.0,0.0,784,16797,-0.0,162057.094,-114818.039,-0.0,0.133,6.909358625270745e+28,30.0,65.0,35,0.0,0.0,0.0,0.0,0.0,0.0,0.0,0.0,0.0,0.0,0.0,0.0,0.0,0.0,0.0,0.0,69.2,0,150,71,54,65476,0,300,0,1,8,20529,65476,0,0,40632,65.0,0.0,0.0,0.0,0.0,0.0
2026-09-04T20:57:52,ERR,ERR,ERR,ERR,ERR,ERR,ERR,ERR,ERR,ERR,ERR,ERR,ERR,ERR,ERR,ERR,ERR,ERR,ERR,ERR,ERR,ERR,ERR,ERR,ERR,ERR,ERR,ERR,ERR,ERR,ERR,ERR,ERR,ERR,ERR,ERR,ERR,ERR,ERR,ERR,ERR,ERR,ERR,ERR,ERR,ERR,ERR,ERR,ERR,ERR,ERR,ERR,ERR,ERR,ERR,ERR,ERR,ERR,ERR,ERR,ERR,ERR,ERR,ERR,ERR,ERR,ERR,ERR,ERR,ERR,ERR,ERR,ERR,ERR,ERR,ERR,ERR,ERR,ERR,ERR,ERR,ERR,ERR,ERR,ERR,ERR,ERR,ERR,ERR,ERR,ERR,ERR,ERR,ERR,ERR,ERR,ERR,ERR,ERR,ERR,ERR,ERR,ERR,ERR,ERR,ERR,ERR,ERR,ERR,ERR,ERR,ERR,ERR,ERR,ERR,ERR,ERR,ERR,ERR,ERR,ERR,ERR,ERR,ERR,ERR,0.0,0.0,0.0,0.0,0.0,1.3936040501711995e+18,7.805,0.0,0,0,4,0,7116,0.0,100,0.0,0.0,0.0,0.0,0.0,0,0,0,0,0.0,0,0,0,0,0,0,0,0,0,0,0,0,0,0,0,0,0,0,0,0,0,0,0,0,0,0,0,0,0,0,0,0,0,31,40,40,71,65476,0,300,0,0,8,21553,0.0,-107605600.0,0.0,0.0,0.0,0.0,0.0,0.0,0.0,0.0,0.0,0.0,0.0,0.0,0.0,0.0,0.0,0.0,0.0,0.0,0.0,0.0,-0.0,0.0,2.004,-0.0,0.0,0.0,0.0,0.0,6362.0,0.0,6918.0,0.0,0.0,0.0,0.0,0.0,0.0,0.0,0.0,69,-0.0,-0.0,0.0,0.0,0.0,0.0,0.0,0.0,0.0,0,0,0,0.0,0.0,0.0,0.0,0.0,0.0,0.0,0.0,0.0,0.0,0.0,0.0,0.0,0.0,0.0,0.0,0,-107875648.0,69,0.0,138,0.0,-0.0,0,13107,17040,0,17049,0,17043,0,0,0,70,68,100,2.7302359370752657e+23,71.1,0.0,74.2,2.7302370179391762e+23,74.0,1,49,50,180,0,52429,0,0,0.0,0.0,0.0,0.0,-0.0,67.0,0.0,162057.094,0.0,750,0,739,0,0,0,721,0,765,0,735,0,742,0,741,0,712,0,7520,0.032,79456894976.0,0.0,0.0,784,16797,-0.0,162057.094,-114818.039,-0.0,0.133,6.909358625270745e+28,30.0,65.0,35,0.0,0.0,0.0,0.0,0.0,0.0,0.0,0.0,0.0,0.0,0.0,0.0,0.0,0.0,0.0,0.0,69.2,0,150,71,54,65476,0,300,0,1,8,20529,65476,0,0,40632,65.0,0.0,0.0,0.0,0.0,0.0
2026-09-04T20:57:53,ERR,ERR,ERR,ERR,ERR,ERR,ERR,ERR,ERR,ERR,ERR,ERR,ERR,ERR,ERR,ERR,ERR,ERR,ERR,ERR,ERR,ERR,ERR,ERR,ERR,ERR,ERR,ERR,ERR,ERR,ERR,ERR,ERR,ERR,ERR,ERR,ERR,ERR,ERR,ERR,ERR,ERR,ERR,ERR,ERR,ERR,ERR,ERR,ERR,ERR,ERR,ERR,ERR,ERR,ERR,ERR,ERR,ERR,ERR,ERR,ERR,ERR,ERR,ERR,ERR,ERR,ERR,ERR,ERR,ERR,ERR,ERR,ERR,ERR,ERR,ERR,ERR,ERR,ERR,ERR,ERR,ERR,ERR,ERR,ERR,ERR,ERR,ERR,ERR,ERR,ERR,ERR,ERR,ERR,ERR,ERR,ERR,ERR,ERR,ERR,ERR,ERR,ERR,ERR,ERR,ERR,ERR,ERR,ERR,ERR,ERR,ERR,ERR,ERR,ERR,ERR,ERR,ERR,ERR,ERR,ERR,ERR,ERR,ERR,ERR,0.0,0.0,0.0,0.0,0.0,1.3936040501711995e+18,7.805,0.0,0,0,4,0,7116,0.0,100,0.0,0.0,0.0,0.0,0.0,0,0,0,0,0.0,0,0,0,0,0,0,0,0,0,0,0,0,0,0,0,0,0,0,0,0,0,0,0,0,0,0,0,0,0,0,0,0,0,31,40,40,71,65476,0,300,0,0,8,21553,0.0,-107605600.0,0.0,0.0,0.0,0.0,0.0,0.0,0.0,0.0,0.0,0.0,0.0,0.0,0.0,0.0,0.0,0.0,0.0,0.0,0.0,0.0,-0.0,0.0,2.004,-0.0,0.0,0.0,0.0,0.0,6362.0,0.0,6918.0,0.0,0.0,0.0,0.0,0.0,0.0,0.0,0.0,69,-0.0,-0.0,0.0,0.0,0.0,0.0,0.0,0.0,0.0,0,0,0,0.0,0.0,0.0,0.0,0.0,0.0,0.0,0.0,0.0,0.0,0.0,0.0,0.0,0.0,0.0,0.0,0,-107875648.0,69,0.0,138,0.0,-0.0,0,13107,17040,0,17049,0,17043,0,0,0,70,68,100,2.7302359370752657e+23,71.1,0.0,74.2,2.7302370179391762e+23,74.0,1,49,50,180,0,52429,0,0,0.0,0.0,0.0,0.0,-0.0,67.0,0.0,162057.094,0.0,750,0,739,0,0,0,721,0,765,0,735,0,742,0,741,0,712,0,7520,0.032,79456894976.0,0.0,0.0,784,16797,-0.0,162057.094,-114818.039,-0.0,0.133,6.909358625270745e+28,30.0,65.0,35,0.0,0.0,0.0,0.0,0.0,0.0,0.0,0.0,0.0,0.0,0.0,0.0,0.0,0.0,0.0,0.0,69.2,0,150,71,54,65476,0,300,0,1,8,20529,65476,0,0,40632,65.0,0.0,0.0,0.0,0.0,0.0
2026-09-04T20:57:54,ERR,ERR,ERR,ERR,ERR,ERR,ERR,ERR,ERR,ERR,ERR,ERR,ERR,ERR,ERR,ERR,ERR,ERR,ERR,ERR,ERR,ERR,ERR,ERR,ERR,ERR,ERR,ERR,ERR,ERR,ERR,ERR,ERR,ERR,ERR,ERR,ERR,ERR,ERR,ERR,ERR,ERR,ERR,ERR,ERR,ERR,ERR,ERR,ERR,ERR,ERR,ERR,ERR,ERR,ERR,ERR,ERR,ERR,ERR,ERR,ERR,ERR,ERR,ERR,ERR,ERR,ERR,ERR,ERR,ERR,ERR,ERR,ERR,ERR,ERR,ERR,ERR,ERR,ERR,ERR,ERR,ERR,ERR,ERR,ERR,ERR,ERR,ERR,ERR,ERR,ERR,ERR,ERR,ERR,ERR,ERR,ERR,ERR,ERR,ERR,ERR,ERR,ERR,ERR,ERR,ERR,ERR,ERR,ERR,ERR,ERR,ERR,ERR,ERR,ERR,ERR,ERR,ERR,ERR,ERR,ERR,ERR,ERR,ERR,ERR,0.0,0.0,0.0,0.0,0.0,1.3936040501711995e+18,7.805,0.0,0,0,4,0,7116,0.0,100,0.0,0.0,0.0,0.0,0.0,0,0,0,0,0.0,0,0,0,0,0,0,0,0,0,0,0,0,0,0,0,0,0,0,0,0,0,0,0,0,0,0,0,0,0,0,0,0,0,31,40,40,71,65476,0,300,0,0,8,21553,0.0,-107605600.0,0.0,0.0,0.0,0.0,0.0,0.0,0.0,0.0,0.0,0.0,0.0,0.0,0.0,0.0,0.0,0.0,0.0,0.0,0.0,0.0,-0.0,0.0,2.004,-0.0,0.0,0.0,0.0,0.0,6362.0,0.0,6918.0,0.0,0.0,0.0,0.0,0.0,0.0,0.0,0.0,69,-0.0,-0.0,0.0,0.0,0.0,0.0,0.0,0.0,0.0,0,0,0,0.0,0.0,0.0,0.0,0.0,0.0,0.0,0.0,0.0,0.0,0.0,0.0,0.0,0.0,0.0,0.0,0,-107875648.0,69,0.0,138,0.0,-0.0,0,13107,17040,0,17049,0,17043,0,0,0,70,68,100,2.7302359370752657e+23,71.1,0.0,74.2,2.7302370179391762e+23,74.0,1,49,50,180,0,52429,0,0,0.0,0.0,0.0,0.0,-0.0,67.0,0.0,162057.094,0.0,750,0,739,0,0,0,721,0,765,0,735,0,742,0,741,0,712,0,7520,0.032,79456894976.0,0.0,0.0,784,16797,-0.0,162057.094,-114818.039,-0.0,0.133,6.909358625270745e+28,30.0,65.0,35,0.0,0.0,0.0,0.0,0.0,0.0,0.0,0.0,0.0,0.0,0.0,0.0,0.0,0.0,0.0,0.0,69.2,0,150,71,54,65476,0,300,0,1,8,20529,65476,0,0,40632,65.0,0.0,0.0,0.0,0.0,0.0
2026-09-04T20:57:55,ERR,ERR,ERR,ERR,ERR,ERR,ERR,ERR,ERR,ERR,ERR,ERR,ERR,ERR,ERR,ERR,ERR,ERR,ERR,ERR,ERR,ERR,ERR,ERR,ERR,ERR,ERR,ERR,ERR,ERR,ERR,ERR,ERR,ERR,ERR,ERR,ERR,ERR,ERR,ERR,ERR,ERR,ERR,ERR,ERR,ERR,ERR,ERR,ERR,ERR,ERR,ERR,ERR,ERR,ERR,ERR,ERR,ERR,ERR,ERR,ERR,ERR,ERR,ERR,ERR,ERR,ERR,ERR,ERR,ERR,ERR,ERR,ERR,ERR,ERR,ERR,ERR,ERR,ERR,ERR,ERR,ERR,ERR,ERR,ERR,ERR,ERR,ERR,ERR,ERR,ERR,ERR,ERR,ERR,ERR,ERR,ERR,ERR,ERR,ERR,ERR,ERR,ERR,ERR,ERR,ERR,ERR,ERR,ERR,ERR,ERR,ERR,ERR,ERR,ERR,ERR,ERR,ERR,ERR,ERR,ERR,ERR,ERR,ERR,ERR,0.0,0.0,0.0,0.0,0.0,1.3936040501711995e+18,7.805,0.0,0,0,4,0,7116,0.0,100,0.0,0.0,0.0,0.0,0.0,0,0,0,0,0.0,0,0,0,0,0,0,0,0,0,0,0,0,0,0,0,0,0,0,0,0,0,0,0,0,0,0,0,0,0,0,0,0,0,31,40,40,71,65476,0,300,0,0,8,21553,0.0,-107605600.0,0.0,0.0,0.0,0.0,0.0,0.0,0.0,0.0,0.0,0.0,0.0,0.0,0.0,0.0,0.0,0.0,0.0,0.0,0.0,0.0,-0.0,0.0,2.004,-0.0,0.0,0.0,0.0,0.0,6362.0,0.0,6918.0,0.0,0.0,0.0,0.0,0.0,0.0,0.0,0.0,69,-0.0,-0.0,0.0,0.0,0.0,0.0,0.0,0.0,0.0,0,0,0,0.0,0.0,0.0,0.0,0.0,0.0,0.0,0.0,0.0,0.0,0.0,0.0,0.0,0.0,0.0,0.0,0,-107875648.0,69,0.0,138,0.0,-0.0,0,13107,17040,0,17049,0,17043,0,0,0,70,68,100,2.7302359370752657e+23,71.1,0.0,74.2,2.7302370179391762e+23,74.0,1,49,50,180,0,52429,0,0,0.0,0.0,0.0,0.0,-0.0,67.0,0.0,162057.094,0.0,750,0,739,0,0,0,721,0,765,0,735,0,742,0,741,0,712,0,7520,0.032,79456894976.0,0.0,0.0,784,16797,-0.0,162057.094,-114818.039,-0.0,0.133,6.909358625270745e+28,30.0,65.0,35,0.0,0.0,0.0,0.0,0.0,0.0,0.0,0.0,0.0,0.0,0.0,0.0,0.0,0.0,0.0,0.0,69.2,0,150,71,54,65476,0,300,0,1,8,20529,65476,0,0,40632,65.0,0.0,0.0,0.0,0.0,0.0
2026-09-04T20:57:56,ERR,ERR,ERR,ERR,ERR,ERR,ERR,ERR,ERR,ERR,ERR,ERR,ERR,ERR,ERR,ERR,ERR,ERR,ERR,ERR,ERR,ERR,ERR,ERR,ERR,ERR,ERR,ERR,ERR,ERR,ERR,ERR,ERR,ERR,ERR,ERR,ERR,ERR,ERR,ERR,ERR,ERR,ERR,ERR,ERR,ERR,ERR,ERR,ERR,ERR,ERR,ERR,ERR,ERR,ERR,ERR,ERR,ERR,ERR,ERR,ERR,ERR,ERR,ERR,ERR,ERR,ERR,ERR,ERR,ERR,ERR,ERR,ERR,ERR,ERR,ERR,ERR,ERR,ERR,ERR,ERR,ERR,ERR,ERR,ERR,ERR,ERR,ERR,ERR,ERR,ERR,ERR,ERR,ERR,ERR,ERR,ERR,ERR,ERR,ERR,ERR,ERR,ERR,ERR,ERR,ERR,ERR,ERR,ERR,ERR,ERR,ERR,ERR,ERR,ERR,ERR,ERR,ERR,ERR,ERR,ERR,ERR,ERR,ERR,ERR,0.0,0.0,0.0,0.0,0.0,1.3936040501711995e+18,7.805,0.0,0,0,4,0,7116,0.0,100,0.0,0.0,0.0,0.0,0.0,0,0,0,0,0.0,0,0,0,0,0,0,0,0,0,0,0,0,0,0,0,0,0,0,0,0,0,0,0,0,0,0,0,0,0,0,0,0,0,31,40,40,71,65476,0,300,0,0,8,21553,0.0,-107605600.0,0.0,0.0,0.0,0.0,0.0,0.0,0.0,0.0,0.0,0.0,0.0,0.0,0.0,0.0,0.0,0.0,0.0,0.0,0.0,0.0,-0.0,0.0,2.004,-0.0,0.0,0.0,0.0,0.0,6362.0,0.0,6918.0,0.0,0.0,0.0,0.0,0.0,0.0,0.0,0.0,69,-0.0,-0.0,0.0,0.0,0.0,0.0,0.0,0.0,0.0,0,0,0,0.0,0.0,0.0,0.0,0.0,0.0,0.0,0.0,0.0,0.0,0.0,0.0,0.0,0.0,0.0,0.0,0,-107875648.0,69,0.0,138,0.0,-0.0,0,13107,17040,0,17049,0,17043,0,0,0,70,68,100,2.7302359370752657e+23,71.1,0.0,74.2,2.7302370179391762e+23,74.0,1,49,50,180,0,52429,0,0,0.0,0.0,0.0,0.0,-0.0,67.0,0.0,162057.094,0.0,750,0,739,0,0,0,721,0,765,0,735,0,742,0,741,0,712,0,7520,0.032,79456894976.0,0.0,0.0,784,16797,-0.0,162057.094,-114818.039,-0.0,0.133,6.909358625270745e+28,30.0,65.0,35,0.0,0.0,0.0,0.0,0.0,0.0,0.0,0.0,0.0,0.0,0.0,0.0,0.0,0.0,0.0,0.0,69.2,0,150,71,54,65476,0,300,0,1,8,20529,65476,0,0,40632,65.0,0.0,0.0,0.0,0.0,0.0
2026-09-04T20:57:57,ERR,ERR,ERR,ERR,ERR,ERR,ERR,ERR,ERR,ERR,ERR,ERR,ERR,ERR,ERR,ERR,ERR,ERR,ERR,ERR,ERR,ERR,ERR,ERR,ERR,ERR,ERR,ERR,ERR,ERR,ERR,ERR,ERR,ERR,ERR,ERR,ERR,ERR,ERR,ERR,ERR,ERR,ERR,ERR,ERR,ERR,ERR,ERR,ERR,ERR,ERR,ERR,ERR,ERR,ERR,ERR,ERR,ERR,ERR,ERR,ERR,ERR,ERR,ERR,ERR,ERR,ERR,ERR,ERR,ERR,ERR,ERR,ERR,ERR,ERR,ERR,ERR,ERR,ERR,ERR,ERR,ERR,ERR,ERR,ERR,ERR,ERR,ERR,ERR,ERR,ERR,ERR,ERR,ERR,ERR,ERR,ERR,ERR,ERR,ERR,ERR,ERR,ERR,ERR,ERR,ERR,ERR,ERR,ERR,ERR,ERR,ERR,ERR,ERR,ERR,ERR,ERR,ERR,ERR,ERR,ERR,ERR,ERR,ERR,ERR,0.0,0.0,0.0,0.0,0.0,1.3936040501711995e+18,7.805,0.0,0,0,4,0,7116,0.0,100,0.0,0.0,0.0,0.0,0.0,0,0,0,0,0.0,0,0,0,0,0,0,0,0,0,0,0,0,0,0,0,0,0,0,0,0,0,0,0,0,0,0,0,0,0,0,0,0,0,31,40,40,71,65476,0,300,0,0,8,21553,0.0,-107605600.0,0.0,0.0,0.0,0.0,0.0,0.0,0.0,0.0,0.0,0.0,0.0,0.0,0.0,0.0,0.0,0.0,0.0,0.0,0.0,0.0,-0.0,0.0,2.004,-0.0,0.0,0.0,0.0,0.0,6362.0,0.0,6918.0,0.0,0.0,0.0,0.0,0.0,0.0,0.0,0.0,69,-0.0,-0.0,0.0,0.0,0.0,0.0,0.0,0.0,0.0,0,0,0,0.0,0.0,0.0,0.0,0.0,0.0,0.0,0.0,0.0,0.0,0.0,0.0,0.0,0.0,0.0,0.0,0,-107875648.0,69,0.0,138,0.0,-0.0,0,13107,17040,0,17049,0,17043,0,0,0,70,68,100,2.7302359370752657e+23,71.1,0.0,74.2,2.7302370179391762e+23,74.0,1,49,50,180,0,52429,0,0,0.0,0.0,0.0,0.0,-0.0,67.0,0.0,162057.094,0.0,750,0,739,0,0,0,721,0,765,0,735,0,742,0,741,0,712,0,7520,0.032,79456894976.0,0.0,0.0,784,16797,-0.0,162057.094,-114818.039,-0.0,0.133,6.909358625270745e+28,30.0,65.0,35,0.0,0.0,0.0,0.0,0.0,0.0,0.0,0.0,0.0,0.0,0.0,0.0,0.0,0.0,0.0,0.0,69.6,0,150,71,54,65476,0,300,0,1,8,20529,65476,0,0,40632,65.0,0.0,0.0,0.0,0.0,0.0
2026-09-04T20:57:58,ERR,ERR,ERR,ERR,ERR,ERR,ERR,ERR,ERR,ERR,ERR,ERR,ERR,ERR,ERR,ERR,ERR,ERR,ERR,ERR,ERR,ERR,ERR,ERR,ERR,ERR,ERR,ERR,ERR,ERR,ERR,ERR,ERR,ERR,ERR,ERR,ERR,ERR,ERR,ERR,ERR,ERR,ERR,ERR,ERR,ERR,ERR,ERR,ERR,ERR,ERR,ERR,ERR,ERR,ERR,ERR,ERR,ERR,ERR,ERR,ERR,ERR,ERR,ERR,ERR,ERR,ERR,ERR,ERR,ERR,ERR,ERR,ERR,ERR,ERR,ERR,ERR,ERR,ERR,ERR,ERR,ERR,ERR,ERR,ERR,ERR,ERR,ERR,ERR,ERR,ERR,ERR,ERR,ERR,ERR,ERR,ERR,ERR,ERR,ERR,ERR,ERR,ERR,ERR,ERR,ERR,ERR,ERR,ERR,ERR,ERR,ERR,ERR,ERR,ERR,ERR,ERR,ERR,ERR,ERR,ERR,ERR,ERR,ERR,ERR,0.0,0.0,0.0,0.0,0.0,1.3936040501711995e+18,7.805,0.0,0,0,4,0,7116,0.0,100,0.0,0.0,0.0,0.0,0.0,0,0,0,0,0.0,0,0,0,0,0,0,0,0,0,0,0,0,0,0,0,0,0,0,0,0,0,0,0,0,0,0,0,0,0,0,0,0,0,31,40,40,71,65476,0,300,0,0,8,21553,0.0,-107605600.0,0.0,0.0,0.0,0.0,0.0,0.0,0.0,0.0,0.0,0.0,0.0,0.0,0.0,0.0,0.0,0.0,0.0,0.0,0.0,0.0,-0.0,0.0,2.004,-0.0,0.0,0.0,0.0,0.0,6362.0,0.0,6918.0,0.0,0.0,0.0,0.0,0.0,0.0,0.0,0.0,69,-0.0,-0.0,0.0,0.0,0.0,0.0,0.0,0.0,0.0,0,0,0,0.0,0.0,0.0,0.0,0.0,0.0,0.0,0.0,0.0,0.0,0.0,0.0,0.0,0.0,0.0,0.0,0,-107875648.0,69,0.0,138,0.0,-0.0,0,13107,17040,0,17049,0,17043,0,0,0,70,68,100,2.7302359370752657e+23,71.1,0.0,74.2,2.7302370179391762e+23,74.0,1,49,50,180,0,52429,0,0,0.0,0.0,0.0,0.0,-0.0,67.0,0.0,162057.094,0.0,750,0,739,0,0,0,721,0,765,0,735,0,742,0,741,0,712,0,7520,0.032,79456894976.0,0.0,0.0,784,16797,-0.0,162057.094,-114818.039,-0.0,0.133,6.909358625270745e+28,30.0,65.0,35,0.0,0.0,0.0,0.0,0.0,0.0,0.0,0.0,0.0,0.0,0.0,0.0,0.0,0.0,0.0,0.0,69.6,0,150,71,54,65476,0,300,0,1,8,20529,65476,0,0,40632,65.0,0.0,0.0,0.0,0.0,0.0
2026-09-04T20:57:59,ERR,ERR,ERR,ERR,ERR,ERR,ERR,ERR,ERR,ERR,ERR,ERR,ERR,ERR,ERR,ERR,ERR,ERR,ERR,ERR,ERR,ERR,ERR,ERR,ERR,ERR,ERR,ERR,ERR,ERR,ERR,ERR,ERR,ERR,ERR,ERR,ERR,ERR,ERR,ERR,ERR,ERR,ERR,ERR,ERR,ERR,ERR,ERR,ERR,ERR,ERR,ERR,ERR,ERR,ERR,ERR,ERR,ERR,ERR,ERR,ERR,ERR,ERR,ERR,ERR,ERR,ERR,ERR,ERR,ERR,ERR,ERR,ERR,ERR,ERR,ERR,ERR,ERR,ERR,ERR,ERR,ERR,ERR,ERR,ERR,ERR,ERR,ERR,ERR,ERR,ERR,ERR,ERR,ERR,ERR,ERR,ERR,ERR,ERR,ERR,ERR,ERR,ERR,ERR,ERR,ERR,ERR,ERR,ERR,ERR,ERR,ERR,ERR,ERR,ERR,ERR,ERR,ERR,ERR,ERR,ERR,ERR,ERR,ERR,ERR,0.0,0.0,0.0,0.0,0.0,1.3936040501711995e+18,7.805,0.0,0,0,4,0,7116,0.0,100,0.0,0.0,0.0,0.0,0.0,0,0,0,0,0.0,0,0,0,0,0,0,0,0,0,0,0,0,0,0,0,0,0,0,0,0,0,0,0,0,0,0,0,0,0,0,0,0,0,31,40,40,71,65476,0,300,0,0,8,21553,0.0,-107605600.0,0.0,0.0,0.0,0.0,0.0,0.0,0.0,0.0,0.0,0.0,0.0,0.0,0.0,0.0,0.0,0.0,0.0,0.0,0.0,0.0,-0.0,2.004,2.004,-0.0,0.0,0.0,0.0,0.0,6358.0,131351.094,6921.0,0.0,0.0,0.0,0.0,0.0,0.0,0.0,0.0,69,-0.0,-107615208.0,0.0,0.0,0.0,0.0,0.0,0.0,0.0,0,0,0,0.0,0.0,0.0,0.0,0.0,0.0,0.0,0.0,0.0,0.0,0.0,0.0,0.0,0.0,0.0,0.0,0,-107875648.0,69,0.0,138,0.0,-0.0,0,13107,17040,0,17049,0,17043,0,0,0,70,68,100,2.7302359370752657e+23,71.1,0.0,74.2,2.7302370179391762e+23,74.0,1,49,50,180,0,52429,0,0,0.0,0.0,0.0,0.0,-0.0,67.0,0.0,162057.094,0.0,750,0,739,0,0,0,721,0,765,0,735,0,742,0,741,0,712,0,7520,0.032,78920024064.0,0.0,0.0,784,16797,-0.0,162057.094,-114818.039,-0.0,0.133,6.909358625270745e+28,30.0,65.0,35,0.0,0.0,0.0,0.0,0.0,0.0,0.0,0.0,0.0,0.0,0.0,0.0,0.0,0.0,0.0,0.0,69.6,0,150,71,54,65476,0,300,0,1,8,20529,65476,0,0,40632,65.0,0.0,0.0,0.0,0.0,0.0
2026-09-04T20:58:00,ERR,ERR,ERR,ERR,ERR,ERR,ERR,ERR,ERR,ERR,ERR,ERR,ERR,ERR,ERR,ERR,ERR,ERR,ERR,ERR,ERR,ERR,ERR,ERR,ERR,ERR,ERR,ERR,ERR,ERR,ERR,ERR,ERR,ERR,ERR,ERR,ERR,ERR,ERR,ERR,ERR,ERR,ERR,ERR,ERR,ERR,ERR,ERR,ERR,ERR,ERR,ERR,ERR,ERR,ERR,ERR,ERR,ERR,ERR,ERR,ERR,ERR,ERR,ERR,ERR,ERR,ERR,ERR,ERR,ERR,ERR,ERR,ERR,ERR,ERR,ERR,ERR,ERR,ERR,ERR,ERR,ERR,ERR,ERR,ERR,ERR,ERR,ERR,ERR,ERR,ERR,ERR,ERR,ERR,ERR,ERR,ERR,ERR,ERR,ERR,ERR,ERR,ERR,ERR,ERR,ERR,ERR,ERR,ERR,ERR,ERR,ERR,ERR,ERR,ERR,ERR,ERR,ERR,ERR,ERR,ERR,ERR,ERR,ERR,ERR,0.0,0.0,0.0,0.0,0.0,1.3936040501711995e+18,7.805,0.0,0,0,4,0,7116,0.0,100,0.0,0.0,0.0,0.0,0.0,0,0,0,0,0.0,0,0,0,0,0,0,0,0,0,0,0,0,0,0,0,0,0,0,0,0,0,0,0,0,0,0,0,0,0,0,0,0,0,31,40,40,71,65476,0,300,0,0,8,21553,0.0,-107605600.0,0.0,0.0,0.0,0.0,0.0,0.0,0.0,0.0,0.0,0.0,0.0,0.0,0.0,0.0,0.0,0.0,0.0,0.0,0.0,0.0,-0.0,2.004,2.004,-0.0,0.0,0.0,0.0,0.0,6358.0,131351.094,6921.0,0.0,0.0,0.0,0.0,0.0,0.0,0.0,0.0,69,-0.0,-107615208.0,0.0,0.0,0.0,0.0,0.0,0.0,0.0,0,0,0,0.0,0.0,0.0,0.0,0.0,0.0,0.0,0.0,0.0,0.0,0.0,0.0,0.0,0.0,0.0,0.0,0,-107875648.0,69,0.0,138,0.0,-0.0,0,13107,17040,0,17049,0,17043,0,0,0,70,68,100,2.7302359370752657e+23,71.1,0.0,74.2,2.7302370179391762e+23,74.0,1,49,50,180,0,52429,0,0,0.0,0.0,0.0,0.0,-0.0,67.0,0.0,162057.094,0.0,750,0,739,0,0,0,721,0,765,0,735,0,742,0,741,0,712,0,7520,0.032,78920024064.0,0.0,0.0,784,16797,-0.0,162057.094,-114818.039,-0.0,0.133,6.909358625270745e+28,30.0,65.0,35,0.0,0.0,0.0,0.0,0.0,0.0,0.0,0.0,0.0,0.0,0.0,0.0,0.0,0.0,0.0,0.0,69.6,0,150,71,54,65476,0,300,0,1,8,20529,65476,0,0,40632,65.0,0.0,0.0,0.0,0.0,0.0
2026-09-04T20:58:01,ERR,ERR,ERR,ERR,ERR,ERR,ERR,ERR,ERR,ERR,ERR,ERR,ERR,ERR,ERR,ERR,ERR,ERR,ERR,ERR,ERR,ERR,ERR,ERR,ERR,ERR,ERR,ERR,ERR,ERR,ERR,ERR,ERR,ERR,ERR,ERR,ERR,ERR,ERR,ERR,ERR,ERR,ERR,ERR,ERR,ERR,ERR,ERR,ERR,ERR,ERR,ERR,ERR,ERR,ERR,ERR,ERR,ERR,ERR,ERR,ERR,ERR,ERR,ERR,ERR,ERR,ERR,ERR,ERR,ERR,ERR,ERR,ERR,ERR,ERR,ERR,ERR,ERR,ERR,ERR,ERR,ERR,ERR,ERR,ERR,ERR,ERR,ERR,ERR,ERR,ERR,ERR,ERR,ERR,ERR,ERR,ERR,ERR,ERR,ERR,ERR,ERR,ERR,ERR,ERR,ERR,ERR,ERR,ERR,ERR,ERR,ERR,ERR,ERR,ERR,ERR,ERR,ERR,ERR,ERR,ERR,ERR,ERR,ERR,ERR,0.0,0.0,0.0,0.0,0.0,1.3936040501711995e+18,7.805,0.0,0,0,4,0,7116,0.0,100,0.0,0.0,0.0,0.0,0.0,0,0,0,0,0.0,0,0,0,0,0,0,0,0,0,0,0,0,0,0,0,0,0,0,0,0,0,0,0,0,0,0,0,0,0,0,0,0,0,31,40,40,71,65476,0,300,0,0,8,21553,0.0,-107605600.0,0.0,0.0,0.0,0.0,0.0,0.0,0.0,0.0,0.0,0.0,0.0,0.0,0.0,0.0,0.0,0.0,0.0,0.0,0.0,0.0,-0.0,2.004,2.004,-0.0,0.0,0.0,0.0,0.0,6358.0,131351.094,6921.0,0.0,0.0,0.0,0.0,0.0,0.0,0.0,0.0,69,-0.0,-107615208.0,0.0,0.0,0.0,0.0,0.0,0.0,0.0,0,0,0,0.0,0.0,0.0,0.0,0.0,0.0,0.0,0.0,0.0,0.0,0.0,0.0,0.0,0.0,0.0,0.0,0,-107875648.0,69,0.0,138,0.0,-0.0,0,13107,17040,0,17049,0,17043,0,0,0,70,68,100,2.7302359370752657e+23,71.1,0.0,74.2,2.7302370179391762e+23,74.0,1,49,50,180,0,52429,0,0,0.0,0.0,0.0,0.0,-0.0,67.0,0.0,162057.094,0.0,750,0,739,0,0,0,721,0,765,0,735,0,742,0,741,0,712,0,7520,0.032,78920024064.0,0.0,0.0,784,16797,-0.0,162057.094,-114818.039,-0.0,0.133,6.909358625270745e+28,30.0,65.0,35,0.0,0.0,0.0,0.0,0.0,0.0,0.0,0.0,0.0,0.0,0.0,0.0,0.0,0.0,0.0,0.0,69.6,0,150,71,54,65476,0,300,0,1,8,20529,65476,0,0,40632,65.0,0.0,0.0,0.0,0.0,0.0
2026-09-04T20:58:02,ERR,ERR,ERR,ERR,ERR,ERR,ERR,ERR,ERR,ERR,ERR,ERR,ERR,ERR,ERR,ERR,ERR,ERR,ERR,ERR,ERR,ERR,ERR,ERR,ERR,ERR,ERR,ERR,ERR,ERR,ERR,ERR,ERR,ERR,ERR,ERR,ERR,ERR,ERR,ERR,ERR,ERR,ERR,ERR,ERR,ERR,ERR,ERR,ERR,ERR,ERR,ERR,ERR,ERR,ERR,ERR,ERR,ERR,ERR,ERR,ERR,ERR,ERR,ERR,ERR,ERR,ERR,ERR,ERR,ERR,ERR,ERR,ERR,ERR,ERR,ERR,ERR,ERR,ERR,ERR,ERR,ERR,ERR,ERR,ERR,ERR,ERR,ERR,ERR,ERR,ERR,ERR,ERR,ERR,ERR,ERR,ERR,ERR,ERR,ERR,ERR,ERR,ERR,ERR,ERR,ERR,ERR,ERR,ERR,ERR,ERR,ERR,ERR,ERR,ERR,ERR,ERR,ERR,ERR,ERR,ERR,ERR,ERR,ERR,ERR,0.0,0.0,0.0,0.0,0.0,1.3936040501711995e+18,7.805,0.0,0,0,4,0,7116,0.0,100,0.0,0.0,0.0,0.0,0.0,0,0,0,0,0.0,0,0,0,0,0,0,0,0,0,0,0,0,0,0,0,0,0,0,0,0,0,0,0,0,0,0,0,0,0,0,0,0,0,31,40,40,71,65476,0,300,0,0,8,21553,0.0,-107605600.0,0.0,0.0,0.0,0.0,0.0,0.0,0.0,0.0,0.0,0.0,0.0,0.0,0.0,0.0,0.0,0.0,0.0,0.0,0.0,0.0,-0.0,2.004,2.004,-0.0,0.0,0.0,0.0,0.0,6358.0,131351.094,6921.0,0.0,0.0,0.0,0.0,0.0,0.0,0.0,0.0,69,-0.0,-107615208.0,0.0,0.0,0.0,0.0,0.0,0.0,0.0,0,0,0,0.0,0.0,0.0,0.0,0.0,0.0,0.0,0.0,0.0,0.0,0.0,0.0,0.0,0.0,0.0,0.0,0,-107875648.0,69,0.0,138,0.0,-0.0,0,13107,17040,0,17049,0,17043,0,0,0,70,68,100,2.7302359370752657e+23,71.1,0.0,74.2,2.7302370179391762e+23,74.0,1,49,50,180,0,52429,0,0,0.0,0.0,0.0,0.0,-0.0,67.0,0.0,162057.094,0.0,750,0,739,0,0,0,721,0,765,0,735,0,742,0,741,0,712,0,7520,0.032,78920024064.0,0.0,0.0,784,16797,-0.0,162057.094,-114818.039,-0.0,0.133,6.909358625270745e+28,30.0,65.0,35,0.0,0.0,0.0,0.0,0.0,0.0,0.0,0.0,0.0,0.0,0.0,0.0,0.0,0.0,0.0,0.0,69.2,0,150,71,54,65476,0,300,0,1,8,20529,65476,0,0,40632,65.0,0.0,0.0,0.0,0.0,0.0
2026-09-04T20:58:03,ERR,ERR,ERR,ERR,ERR,ERR,ERR,ERR,ERR,ERR,ERR,ERR,ERR,ERR,ERR,ERR,ERR,ERR,ERR,ERR,ERR,ERR,ERR,ERR,ERR,ERR,ERR,ERR,ERR,ERR,ERR,ERR,ERR,ERR,ERR,ERR,ERR,ERR,ERR,ERR,ERR,ERR,ERR,ERR,ERR,ERR,ERR,ERR,ERR,ERR,ERR,ERR,ERR,ERR,ERR,ERR,ERR,ERR,ERR,ERR,ERR,ERR,ERR,ERR,ERR,ERR,ERR,ERR,ERR,ERR,ERR,ERR,ERR,ERR,ERR,ERR,ERR,ERR,ERR,ERR,ERR,ERR,ERR,ERR,ERR,ERR,ERR,ERR,ERR,ERR,ERR,ERR,ERR,ERR,ERR,ERR,ERR,ERR,ERR,ERR,ERR,ERR,ERR,ERR,ERR,ERR,ERR,ERR,ERR,ERR,ERR,ERR,ERR,ERR,ERR,ERR,ERR,ERR,ERR,ERR,ERR,ERR,ERR,ERR,ERR,0.0,0.0,0.0,0.0,0.0,1.3936040501711995e+18,7.805,0.0,0,0,4,0,7116,0.0,100,0.0,0.0,0.0,0.0,0.0,0,0,0,0,0.0,0,0,0,0,0,0,0,0,0,0,0,0,0,0,0,0,0,0,0,0,0,0,0,0,0,0,0,0,0,0,0,0,0,31,40,40,71,65476,0,300,0,0,8,21553,0.0,-107605600.0,0.0,0.0,0.0,0.0,0.0,0.0,0.0,0.0,0.0,0.0,0.0,0.0,0.0,0.0,0.0,0.0,0.0,0.0,0.0,0.0,-0.0,2.004,2.004,-0.0,0.0,0.0,0.0,0.0,6358.0,131351.094,6921.0,0.0,0.0,0.0,0.0,0.0,0.0,0.0,0.0,69,-0.0,-107615208.0,0.0,0.0,0.0,0.0,0.0,0.0,0.0,0,0,0,0.0,0.0,0.0,0.0,0.0,0.0,0.0,0.0,0.0,0.0,0.0,0.0,0.0,0.0,0.0,0.0,0,-107875648.0,69,0.0,138,0.0,-0.0,0,13107,17040,0,17049,0,17043,0,0,0,70,68,100,2.7302359370752657e+23,71.1,0.0,74.2,2.7302370179391762e+23,74.0,1,49,50,180,0,52429,0,0,0.0,0.0,0.0,0.0,-0.0,67.0,0.0,162057.094,0.0,750,0,739,0,0,0,721,0,765,0,735,0,742,0,741,0,712,0,7520,0.032,78920024064.0,0.0,0.0,784,16797,-0.0,162057.094,-114818.039,-0.0,0.133,6.909358625270745e+28,30.0,65.0,35,0.0,0.0,0.0,0.0,0.0,0.0,0.0,0.0,0.0,0.0,0.0,0.0,0.0,0.0,0.0,0.0,69.2,0,150,71,54,65476,0,300,0,1,8,20529,65476,0,0,40632,65.0,0.0,0.0,0.0,0.0,0.0
2026-09-04T20:58:04,ERR,ERR,ERR,ERR,ERR,ERR,ERR,ERR,ERR,ERR,ERR,ERR,ERR,ERR,ERR,ERR,ERR,ERR,ERR,ERR,ERR,ERR,ERR,ERR,ERR,ERR,ERR,ERR,ERR,ERR,ERR,ERR,ERR,ERR,ERR,ERR,ERR,ERR,ERR,ERR,ERR,ERR,ERR,ERR,ERR,ERR,ERR,ERR,ERR,ERR,ERR,ERR,ERR,ERR,ERR,ERR,ERR,ERR,ERR,ERR,ERR,ERR,ERR,ERR,ERR,ERR,ERR,ERR,ERR,ERR,ERR,ERR,ERR,ERR,ERR,ERR,ERR,ERR,ERR,ERR,ERR,ERR,ERR,ERR,ERR,ERR,ERR,ERR,ERR,ERR,ERR,ERR,ERR,ERR,ERR,ERR,ERR,ERR,ERR,ERR,ERR,ERR,ERR,ERR,ERR,ERR,ERR,ERR,ERR,ERR,ERR,ERR,ERR,ERR,ERR,ERR,ERR,ERR,ERR,ERR,ERR,ERR,ERR,ERR,ERR,0.0,0.0,0.0,0.0,0.0,1.3936040501711995e+18,7.805,0.0,0,0,4,0,7116,0.0,100,0.0,0.0,0.0,0.0,0.0,0,0,0,0,0.0,0,0,0,0,0,0,0,0,0,0,0,0,0,0,0,0,0,0,0,0,0,0,0,0,0,0,0,0,0,0,0,0,0,31,40,40,71,65476,0,300,0,0,8,21553,0.0,-107605600.0,0.0,0.0,0.0,0.0,0.0,0.0,0.0,0.0,0.0,0.0,0.0,0.0,0.0,0.0,0.0,0.0,0.0,0.0,0.0,0.0,-0.0,2.004,2.004,-0.0,0.0,0.0,0.0,0.0,6358.0,131351.094,6921.0,0.0,0.0,0.0,0.0,0.0,0.0,0.0,0.0,69,-0.0,-107615208.0,0.0,0.0,0.0,0.0,0.0,0.0,0.0,0,0,0,0.0,0.0,0.0,0.0,0.0,0.0,0.0,0.0,0.0,0.0,0.0,0.0,0.0,0.0,0.0,0.0,0,-107875648.0,69,0.0,138,0.0,-0.0,0,13107,17040,0,17049,0,17043,0,0,0,70,68,100,2.7302359370752657e+23,71.1,0.0,74.2,2.7302370179391762e+23,74.0,1,49,50,180,0,52429,0,0,0.0,0.0,0.0,0.0,-0.0,67.0,0.0,162057.094,0.0,750,0,739,0,0,0,721,0,765,0,735,0,742,0,741,0,712,0,7520,0.032,79993765888.0,0.0,0.0,784,16797,-0.0,162057.094,-114818.039,-0.0,0.133,6.909358625270745e+28,30.0,65.0,35,0.0,0.0,0.0,0.0,0.0,0.0,0.0,0.0,0.0,0.0,0.0,0.0,0.0,0.0,0.0,0.0,69.2,0,150,71,54,65476,0,300,0,1,8,20529,65476,0,0,40632,65.0,0.0,0.0,0.0,0.0,0.0
2026-09-04T20:58:05,ERR,ERR,ERR,ERR,ERR,ERR,ERR,ERR,ERR,ERR,ERR,ERR,ERR,ERR,ERR,ERR,ERR,ERR,ERR,ERR,ERR,ERR,ERR,ERR,ERR,ERR,ERR,ERR,ERR,ERR,ERR,ERR,ERR,ERR,ERR,ERR,ERR,ERR,ERR,ERR,ERR,ERR,ERR,ERR,ERR,ERR,ERR,ERR,ERR,ERR,ERR,ERR,ERR,ERR,ERR,ERR,ERR,ERR,ERR,ERR,ERR,ERR,ERR,ERR,ERR,ERR,ERR,ERR,ERR,ERR,ERR,ERR,ERR,ERR,ERR,ERR,ERR,ERR,ERR,ERR,ERR,ERR,ERR,ERR,ERR,ERR,ERR,ERR,ERR,ERR,ERR,ERR,ERR,ERR,ERR,ERR,ERR,ERR,ERR,ERR,ERR,ERR,ERR,ERR,ERR,ERR,ERR,ERR,ERR,ERR,ERR,ERR,ERR,ERR,ERR,ERR,ERR,ERR,ERR,ERR,ERR,ERR,ERR,ERR,ERR,0.0,0.0,0.0,0.0,0.0,1.3936040501711995e+18,7.805,0.0,0,0,4,0,7116,0.0,100,0.0,0.0,0.0,0.0,0.0,0,0,0,0,0.0,0,0,0,0,0,0,0,0,0,0,0,0,0,0,0,0,0,0,0,0,0,0,0,0,0,0,0,0,0,0,0,0,0,31,40,40,71,65476,0,300,0,0,8,21553,0.0,-107605600.0,0.0,0.0,0.0,0.0,0.0,0.0,0.0,0.0,0.0,0.0,0.0,0.0,0.0,0.0,0.0,0.0,0.0,0.0,0.0,0.0,-0.0,2.004,2.004,-0.0,0.0,0.0,0.0,0.0,6358.0,131351.094,6921.0,0.0,0.0,0.0,0.0,0.0,0.0,0.0,0.0,69,-0.0,-107615208.0,0.0,0.0,0.0,0.0,0.0,0.0,0.0,0,0,0,0.0,0.0,0.0,0.0,0.0,0.0,0.0,0.0,0.0,0.0,0.0,0.0,0.0,0.0,0.0,0.0,0,-107875648.0,69,0.0,138,0.0,-0.0,0,13107,17040,0,17049,0,17043,0,0,0,70,68,100,2.7302359370752657e+23,71.1,0.0,74.2,2.7302370179391762e+23,74.0,1,49,50,180,0,52429,0,0,0.0,0.0,0.0,0.0,-0.0,67.0,0.0,162057.094,0.0,750,0,739,0,0,0,721,0,765,0,735,0,742,0,741,0,712,0,7520,0.032,79993765888.0,0.0,0.0,784,16797,-0.0,162057.094,-114818.039,-0.0,0.133,6.909358625270745e+28,30.0,65.0,35,0.0,0.0,0.0,0.0,0.0,0.0,0.0,0.0,0.0,0.0,0.0,0.0,0.0,0.0,0.0,0.0,69.2,0,150,71,54,65476,0,300,0,1,8,20529,65476,0,0,40632,65.0,0.0,0.0,0.0,0.0,0.0
2026-09-04T20:58:06,ERR,ERR,ERR,ERR,ERR,ERR,ERR,ERR,ERR,ERR,ERR,ERR,ERR,ERR,ERR,ERR,ERR,ERR,ERR,ERR,ERR,ERR,ERR,ERR,ERR,ERR,ERR,ERR,ERR,ERR,ERR,ERR,ERR,ERR,ERR,ERR,ERR,ERR,ERR,ERR,ERR,ERR,ERR,ERR,ERR,ERR,ERR,ERR,ERR,ERR,ERR,ERR,ERR,ERR,ERR,ERR,ERR,ERR,ERR,ERR,ERR,ERR,ERR,ERR,ERR,ERR,ERR,ERR,ERR,ERR,ERR,ERR,ERR,ERR,ERR,ERR,ERR,ERR,ERR,ERR,ERR,ERR,ERR,ERR,ERR,ERR,ERR,ERR,ERR,ERR,ERR,ERR,ERR,ERR,ERR,ERR,ERR,ERR,ERR,ERR,ERR,ERR,ERR,ERR,ERR,ERR,ERR,ERR,ERR,ERR,ERR,ERR,ERR,ERR,ERR,ERR,ERR,ERR,ERR,ERR,ERR,ERR,ERR,ERR,ERR,0.0,-107615392.0,0.0,0.0,0.0,1.3936040501711995e+18,7.805,0.0,0,0,4,0,7116,0.0,100,0.0,0.0,0.0,0.0,0.0,0,0,0,0,0.0,0,0,0,0,0,0,0,0,0,0,0,0,0,0,0,0,0,0,0,0,0,0,0,0,0,0,0,0,0,0,0,0,0,31,40,40,71,65476,0,300,0,0,8,21553,0.0,-107605600.0,0.0,0.0,0.0,0.0,0.0,0.0,0.0,0.0,0.0,0.0,0.0,0.0,0.0,0.0,0.0,0.0,0.0,0.0,0.0,0.0,-0.0,2.004,2.004,-0.0,0.0,0.0,0.0,0.0,6355.0,8608225280.0,6922.0,0.0,0.0,0.0,0.0,0.0,0.0,0.0,0.0,69,4.950431305880601e+32,-4.950422021330306e+32,0.0,0.0,0.0,0.0,0.0,0.0,0.0,0,0,0,0.0,0.0,0.0,0.0,0.0,0.0,0.0,0.0,0.0,0.0,0.0,0.0,0.0,0.0,0.0,0.0,0,-107875648.0,69,0.0,138,0.0,-0.0,0,13107,17040,0,17049,0,17043,0,0,0,70,68,100,2.7302359370752657e+23,71.1,0.0,74.2,2.7302370179391762e+23,74.0,1,49,50,180,0,52429,0,0,0.0,0.0,0.0,0.0,-0.0,67.0,0.0,162057.094,0.0,750,0,739,0,0,0,721,0,765,0,735,0,742,0,741,0,712,0,7520,0.032,79993765888.0,0.0,0.0,784,16797,-0.0,162057.094,-114818.039,-0.0,0.133,6.909358625270745e+28,30.0,65.0,35,0.0,0.0,0.0,0.0,0.0,0.0,0.0,0.0,0.0,0.0,0.0,0.0,0.0,0.0,0.0,0.0,69.2,0,150,71,54,65476,0,300,0,1,8,20529,65476,0,0,40632,65.0,0.0,0.0,0.0,0.0,0.0
2026-09-04T20:58:07,ERR,ERR,ERR,ERR,ERR,ERR,ERR,ERR,ERR,ERR,ERR,ERR,ERR,ERR,ERR,ERR,ERR,ERR,ERR,ERR,ERR,ERR,ERR,ERR,ERR,ERR,ERR,ERR,ERR,ERR,ERR,ERR,ERR,ERR,ERR,ERR,ERR,ERR,ERR,ERR,ERR,ERR,ERR,ERR,ERR,ERR,ERR,ERR,ERR,ERR,ERR,ERR,ERR,ERR,ERR,ERR,ERR,ERR,ERR,ERR,ERR,ERR,ERR,ERR,ERR,ERR,ERR,ERR,ERR,ERR,ERR,ERR,ERR,ERR,ERR,ERR,ERR,ERR,ERR,ERR,ERR,ERR,ERR,ERR,ERR,ERR,ERR,ERR,ERR,ERR,ERR,ERR,ERR,ERR,ERR,ERR,ERR,ERR,ERR,ERR,ERR,ERR,ERR,ERR,ERR,ERR,ERR,ERR,ERR,ERR,ERR,ERR,ERR,ERR,ERR,ERR,ERR,ERR,ERR,ERR,ERR,ERR,ERR,ERR,ERR,0.0,-107615392.0,0.0,0.0,0.0,1.3936040501711995e+18,7.805,0.0,0,0,4,0,7116,0.0,100,0.0,0.0,0.0,0.0,0.0,0,0,0,0,0.0,0,0,0,0,0,0,0,0,0,0,0,0,0,0,0,0,0,0,0,0,0,0,0,0,0,0,0,0,0,0,0,0,0,31,40,40,71,65476,0,300,0,0,8,21553,0.0,-107605600.0,0.0,0.0,0.0,0.0,0.0,0.0,0.0,0.0,0.0,0.0,0.0,0.0,0.0,0.0,0.0,0.0,0.0,0.0,0.0,0.0,-0.0,2.004,2.004,-0.0,0.0,0.0,0.0,0.0,6355.0,8608225280.0,6922.0,0.0,0.0,0.0,0.0,0.0,0.0,0.0,0.0,69,4.950431305880601e+32,-4.950422021330306e+32,0.0,0.0,0.0,0.0,0.0,0.0,0.0,0,0,0,0.0,0.0,0.0,0.0,0.0,0.0,0.0,0.0,0.0,0.0,0.0,0.0,0.0,0.0,0.0,0.0,0,-107875648.0,69,0.0,138,0.0,-0.0,0,13107,17040,0,17049,0,17043,0,0,0,70,68,100,2.7302359370752657e+23,71.1,0.0,74.2,2.7302370179391762e+23,74.0,1,49,50,180,0,52429,0,0,0.0,0.0,0.0,0.0,-0.0,67.0,0.0,162057.094,0.0,750,0,739,0,0,0,721,0,765,0,735,0,742,0,741,0,712,0,7520,0.032,79993765888.0,0.0,0.0,784,16797,-0.0,162057.094,-114818.039,-0.0,0.133,6.909358625270745e+28,30.0,65.0,35,0.0,0.0,0.0,0.0,0.0,0.0,0.0,0.0,0.0,0.0,0.0,0.0,0.0,0.0,0.0,0.0,69.2,0,150,71,54,65476,0,300,0,1,8,20529,65476,0,0,40632,65.0,0.0,0.0,0.0,0.0,0.0
2026-09-04T20:58:08,ERR,ERR,ERR,ERR,ERR,ERR,ERR,ERR,ERR,ERR,ERR,ERR,ERR,ERR,ERR,ERR,ERR,ERR,ERR,ERR,ERR,ERR,ERR,ERR,ERR,ERR,ERR,ERR,ERR,ERR,ERR,ERR,ERR,ERR,ERR,ERR,ERR,ERR,ERR,ERR,ERR,ERR,ERR,ERR,ERR,ERR,ERR,ERR,ERR,ERR,ERR,ERR,ERR,ERR,ERR,ERR,ERR,ERR,ERR,ERR,ERR,ERR,ERR,ERR,ERR,ERR,ERR,ERR,ERR,ERR,ERR,ERR,ERR,ERR,ERR,ERR,ERR,ERR,ERR,ERR,ERR,ERR,ERR,ERR,ERR,ERR,ERR,ERR,ERR,ERR,ERR,ERR,ERR,ERR,ERR,ERR,ERR,ERR,ERR,ERR,ERR,ERR,ERR,ERR,ERR,ERR,ERR,ERR,ERR,ERR,ERR,ERR,ERR,ERR,ERR,ERR,ERR,ERR,ERR,ERR,ERR,ERR,ERR,ERR,ERR,0.0,-107615392.0,0.0,0.0,0.0,1.3936040501711995e+18,7.805,0.0,0,0,4,0,7116,0.0,100,0.0,0.0,0.0,0.0,0.0,0,0,0,0,0.0,0,0,0,0,0,0,0,0,0,0,0,0,0,0,0,0,0,0,0,0,0,0,0,0,0,0,0,0,0,0,0,0,0,31,40,40,71,65476,0,300,0,0,8,21553,0.0,-107605600.0,0.0,0.0,0.0,0.0,0.0,0.0,0.0,0.0,0.0,0.0,0.0,0.0,0.0,0.0,0.0,0.0,0.0,0.0,0.0,0.0,-0.0,2.004,2.004,-0.0,0.0,0.0,0.0,0.0,6355.0,8608225280.0,6922.0,0.0,0.0,0.0,0.0,0.0,0.0,0.0,0.0,69,4.950431305880601e+32,-4.950422021330306e+32,0.0,0.0,0.0,0.0,0.0,0.0,0.0,0,0,0,0.0,0.0,0.0,0.0,0.0,0.0,0.0,0.0,0.0,0.0,0.0,0.0,0.0,0.0,0.0,0.0,0,-107875648.0,69,0.0,138,0.0,-0.0,0,13107,17040,0,17049,0,17043,0,0,0,70,68,100,2.7302359370752657e+23,71.1,0.0,74.2,2.7302370179391762e+23,74.0,1,49,50,180,0,52429,0,0,0.0,0.0,0.0,0.0,-0.0,67.0,0.0,162057.094,0.0,750,0,739,0,0,0,721,0,765,0,735,0,742,0,741,0,712,0,7520,0.032,79993765888.0,0.0,0.0,784,16797,-0.0,162057.094,-114818.039,-0.0,0.133,6.909358625270745e+28,30.0,65.0,35,0.0,0.0,0.0,0.0,0.0,0.0,0.0,0.0,0.0,0.0,0.0,0.0,0.0,0.0,0.0,0.0,69.2,0,150,71,54,65476,0,300,0,1,8,20529,65476,0,0,40632,65.0,0.0,0.0,0.0,0.0,0.0
2026-09-04T20:58:09,ERR,ERR,ERR,ERR,ERR,ERR,ERR,ERR,ERR,ERR,ERR,ERR,ERR,ERR,ERR,ERR,ERR,ERR,ERR,ERR,ERR,ERR,ERR,ERR,ERR,ERR,ERR,ERR,ERR,ERR,ERR,ERR,ERR,ERR,ERR,ERR,ERR,ERR,ERR,ERR,ERR,ERR,ERR,ERR,ERR,ERR,ERR,ERR,ERR,ERR,ERR,ERR,ERR,ERR,ERR,ERR,ERR,ERR,ERR,ERR,ERR,ERR,ERR,ERR,ERR,ERR,ERR,ERR,ERR,ERR,ERR,ERR,ERR,ERR,ERR,ERR,ERR,ERR,ERR,ERR,ERR,ERR,ERR,ERR,ERR,ERR,ERR,ERR,ERR,ERR,ERR,ERR,ERR,ERR,ERR,ERR,ERR,ERR,ERR,ERR,ERR,ERR,ERR,ERR,ERR,ERR,ERR,ERR,ERR,ERR,ERR,ERR,ERR,ERR,ERR,ERR,ERR,ERR,ERR,ERR,ERR,ERR,ERR,ERR,ERR,0.0,-107615392.0,0.0,0.0,0.0,1.3936040501711995e+18,7.805,0.0,0,0,4,0,7116,0.0,100,0.0,0.0,0.0,0.0,0.0,0,0,0,0,0.0,0,0,0,0,0,0,0,0,0,0,0,0,0,0,0,0,0,0,0,0,0,0,0,0,0,0,0,0,0,0,0,0,0,31,40,40,71,65476,0,300,0,0,8,21553,0.0,-107605600.0,0.0,0.0,0.0,0.0,0.0,0.0,0.0,0.0,0.0,0.0,0.0,0.0,0.0,0.0,0.0,0.0,0.0,0.0,0.0,0.0,-0.0,2.004,2.004,-0.0,0.0,0.0,0.0,0.0,6355.0,8608225280.0,6922.0,0.0,0.0,0.0,0.0,0.0,0.0,0.0,0.0,69,4.950431305880601e+32,-4.950422021330306e+32,0.0,0.0,0.0,0.0,0.0,0.0,0.0,0,0,0,0.0,0.0,0.0,0.0,0.0,0.0,0.0,0.0,0.0,0.0,0.0,0.0,0.0,0.0,0.0,0.0,0,-107875648.0,69,0.0,138,0.0,-0.0,0,13107,17040,0,17049,0,17043,0,0,0,70,68,100,2.7302359370752657e+23,71.1,0.0,74.2,2.7302370179391762e+23,74.0,1,49,50,180,0,52429,0,0,0.0,0.0,0.0,0.0,-0.0,67.0,0.0,162057.094,0.0,750,0,739,0,0,0,721,0,765,0,735,0,742,0,741,0,712,0,7520,0.032,79993765888.0,0.0,0.0,784,16797,-0.0,162057.094,-114818.039,-0.0,0.133,6.909358625270745e+28,30.0,65.0,35,0.0,0.0,0.0,0.0,0.0,0.0,0.0,0.0,0.0,0.0,0.0,0.0,0.0,0.0,0.0,0.0,69.2,0,150,71,54,65476,0,300,0,1,8,20529,65476,0,0,40632,65.0,0.0,0.0,0.0,0.0,0.0
2026-09-04T20:58:10,ERR,ERR,ERR,ERR,ERR,ERR,ERR,ERR,ERR,ERR,ERR,ERR,ERR,ERR,ERR,ERR,ERR,ERR,ERR,ERR,ERR,ERR,ERR,ERR,ERR,ERR,ERR,ERR,ERR,ERR,ERR,ERR,ERR,ERR,ERR,ERR,ERR,ERR,ERR,ERR,ERR,ERR,ERR,ERR,ERR,ERR,ERR,ERR,ERR,ERR,ERR,ERR,ERR,ERR,ERR,ERR,ERR,ERR,ERR,ERR,ERR,ERR,ERR,ERR,ERR,ERR,ERR,ERR,ERR,ERR,ERR,ERR,ERR,ERR,ERR,ERR,ERR,ERR,ERR,ERR,ERR,ERR,ERR,ERR,ERR,ERR,ERR,ERR,ERR,ERR,ERR,ERR,ERR,ERR,ERR,ERR,ERR,ERR,ERR,ERR,ERR,ERR,ERR,ERR,ERR,ERR,ERR,ERR,ERR,ERR,ERR,ERR,ERR,ERR,ERR,ERR,ERR,ERR,ERR,ERR,ERR,ERR,ERR,ERR,ERR,0.0,-107615392.0,0.0,0.0,0.0,1.3936040501711995e+18,7.805,0.0,0,0,4,0,7116,0.0,100,0.0,0.0,0.0,0.0,0.0,0,0,0,0,0.0,0,0,0,0,0,0,0,0,0,0,0,0,0,0,0,0,0,0,0,0,0,0,0,0,0,0,0,0,0,0,0,0,0,31,40,40,71,65476,0,300,0,0,8,21553,0.0,-107605600.0,0.0,0.0,0.0,0.0,0.0,0.0,0.0,0.0,0.0,0.0,0.0,0.0,0.0,0.0,0.0,0.0,0.0,0.0,0.0,0.0,-0.0,2.004,2.004,-0.0,0.0,0.0,0.0,0.0,6355.0,8608225280.0,6922.0,0.0,0.0,0.0,0.0,0.0,0.0,0.0,0.0,69,4.950431305880601e+32,-4.950422021330306e+32,0.0,0.0,0.0,0.0,0.0,0.0,0.0,0,0,0,0.0,0.0,0.0,0.0,0.0,0.0,0.0,0.0,0.0,0.0,0.0,0.0,0.0,0.0,0.0,0.0,0,-107875648.0,69,0.0,138,0.0,-0.0,0,13107,17040,0,17049,0,17043,0,0,0,70,68,100,2.7302359370752657e+23,71.1,0.0,74.2,2.7302370179391762e+23,74.0,1,49,50,180,0,52429,0,0,0.0,0.0,0.0,0.0,-0.0,67.0,0.0,162057.094,0.0,750,0,739,0,0,0,721,0,765,0,735,0,742,0,741,0,712,0,7520,0.032,79993765888.0,0.0,0.0,784,16797,-0.0,162057.094,-114818.039,-0.0,0.133,6.909358625270745e+28,30.0,65.0,35,0.0,0.0,0.0,0.0,0.0,0.0,0.0,0.0,0.0,0.0,0.0,0.0,0.0,0.0,0.0,0.0,69.2,0,150,71,54,65476,0,300,0,1,8,20529,65476,0,0,40632,65.0,0.0,0.0,0.0,0.0,0.0
2026-09-04T20:58:11,ERR,ERR,ERR,ERR,ERR,ERR,ERR,ERR,ERR,ERR,ERR,ERR,ERR,ERR,ERR,ERR,ERR,ERR,ERR,ERR,ERR,ERR,ERR,ERR,ERR,ERR,ERR,ERR,ERR,ERR,ERR,ERR,ERR,ERR,ERR,ERR,ERR,ERR,ERR,ERR,ERR,ERR,ERR,ERR,ERR,ERR,ERR,ERR,ERR,ERR,ERR,ERR,ERR,ERR,ERR,ERR,ERR,ERR,ERR,ERR,ERR,ERR,ERR,ERR,ERR,ERR,ERR,ERR,ERR,ERR,ERR,ERR,ERR,ERR,ERR,ERR,ERR,ERR,ERR,ERR,ERR,ERR,ERR,ERR,ERR,ERR,ERR,ERR,ERR,ERR,ERR,ERR,ERR,ERR,ERR,ERR,ERR,ERR,ERR,ERR,ERR,ERR,ERR,ERR,ERR,ERR,ERR,ERR,ERR,ERR,ERR,ERR,ERR,ERR,ERR,ERR,ERR,ERR,ERR,ERR,ERR,ERR,ERR,ERR,ERR,0.0,-107615392.0,0.0,0.0,0.0,1.3936040501711995e+18,7.805,0.0,0,0,4,0,7116,0.0,100,0.0,0.0,0.0,0.0,0.0,0,0,0,0,0.0,0,0,0,0,0,0,0,0,0,0,0,0,0,0,0,0,0,0,0,0,0,0,0,0,0,0,0,0,0,0,0,0,0,31,40,40,71,65476,0,300,0,0,8,21553,0.0,-107605600.0,0.0,0.0,0.0,0.0,0.0,0.0,0.0,0.0,0.0,0.0,0.0,0.0,0.0,0.0,0.0,0.0,0.0,0.0,0.0,0.0,-0.0,2.004,2.004,-0.0,0.0,0.0,0.0,0.0,6355.0,8608225280.0,6922.0,0.0,0.0,0.0,0.0,0.0,0.0,0.0,0.0,69,4.950431305880601e+32,-4.950422021330306e+32,0.0,0.0,0.0,0.0,0.0,0.0,0.0,0,0,0,0.0,0.0,0.0,0.0,0.0,0.0,0.0,0.0,0.0,0.0,0.0,0.0,0.0,0.0,0.0,0.0,0,-107875648.0,69,0.0,138,0.0,-0.0,0,13107,17040,0,17049,0,17043,0,0,0,70,68,100,2.7302359370752657e+23,71.1,0.0,74.2,2.7302370179391762e+23,74.0,1,49,50,180,0,52429,0,0,0.0,0.0,0.0,0.0,-0.0,67.0,0.0,162057.094,0.0,750,0,739,0,0,0,721,0,765,0,735,0,742,0,741,0,712,0,7520,0.032,79993765888.0,0.0,0.0,784,16797,-0.0,162057.094,-114818.039,-0.0,0.133,6.909358625270745e+28,30.0,65.0,35,0.0,0.0,0.0,0.0,0.0,0.0,0.0,0.0,0.0,0.0,0.0,0.0,0.0,0.0,0.0,0.0,69.2,0,150,71,54,65476,0,300,0,1,8,20529,65476,0,0,40632,65.0,0.0,0.0,0.0,0.0,0.0
2026-09-04T20:58:12,ERR,ERR,ERR,ERR,ERR,ERR,ERR,ERR,ERR,ERR,ERR,ERR,ERR,ERR,ERR,ERR,ERR,ERR,ERR,ERR,ERR,ERR,ERR,ERR,ERR,ERR,ERR,ERR,ERR,ERR,ERR,ERR,ERR,ERR,ERR,ERR,ERR,ERR,ERR,ERR,ERR,ERR,ERR,ERR,ERR,ERR,ERR,ERR,ERR,ERR,ERR,ERR,ERR,ERR,ERR,ERR,ERR,ERR,ERR,ERR,ERR,ERR,ERR,ERR,ERR,ERR,ERR,ERR,ERR,ERR,ERR,ERR,ERR,ERR,ERR,ERR,ERR,ERR,ERR,ERR,ERR,ERR,ERR,ERR,ERR,ERR,ERR,ERR,ERR,ERR,ERR,ERR,ERR,ERR,ERR,ERR,ERR,ERR,ERR,ERR,ERR,ERR,ERR,ERR,ERR,ERR,ERR,ERR,ERR,ERR,ERR,ERR,ERR,ERR,ERR,ERR,ERR,ERR,ERR,ERR,ERR,ERR,ERR,ERR,ERR,0.0,-107615392.0,0.0,0.0,0.0,1.3936040501711995e+18,7.805,0.0,0,0,4,0,7116,0.0,100,0.0,0.0,0.0,0.0,0.0,0,0,0,0,0.0,0,0,0,0,0,0,0,0,0,0,0,0,0,0,0,0,0,0,0,0,0,0,0,0,0,0,0,0,0,0,0,0,0,31,40,40,71,65476,0,300,0,0,8,21553,0.0,-107605600.0,0.0,0.0,0.0,0.0,0.0,0.0,0.0,0.0,0.0,0.0,0.0,0.0,0.0,0.0,0.0,0.0,0.0,0.0,0.0,0.0,-0.0,2.004,2.004,-0.0,0.0,0.0,0.0,0.0,6355.0,8608225280.0,6922.0,0.0,0.0,0.0,0.0,0.0,0.0,0.0,0.0,69,4.950431305880601e+32,-4.950422021330306e+32,0.0,0.0,0.0,0.0,0.0,0.0,0.0,0,0,0,0.0,0.0,0.0,0.0,0.0,0.0,0.0,0.0,0.0,0.0,0.0,0.0,0.0,0.0,0.0,0.0,0,-107875648.0,69,0.0,138,0.0,-0.0,0,13107,17040,0,17049,0,17043,0,0,0,70,68,100,2.7302359370752657e+23,71.1,0.0,74.2,2.7302370179391762e+23,74.0,1,49,50,180,0,52429,0,0,0.0,0.0,0.0,0.0,-0.0,67.0,0.0,162057.094,0.0,750,0,739,0,0,0,721,0,765,0,735,0,742,0,741,0,712,0,7520,0.032,79993765888.0,0.0,0.0,784,16797,-0.0,162057.094,-114818.039,-0.0,0.133,6.909358625270745e+28,30.0,65.0,35,0.0,0.0,0.0,0.0,0.0,0.0,0.0,0.0,0.0,0.0,0.0,0.0,0.0,0.0,0.0,0.0,69.2,0,150,71,54,65476,0,300,0,1,8,20529,65476,0,0,40632,65.0,0.0,0.0,0.0,0.0,0.0
2026-09-04T20:58:13,ERR,ERR,ERR,ERR,ERR,ERR,ERR,ERR,ERR,ERR,ERR,ERR,ERR,ERR,ERR,ERR,ERR,ERR,ERR,ERR,ERR,ERR,ERR,ERR,ERR,ERR,ERR,ERR,ERR,ERR,ERR,ERR,ERR,ERR,ERR,ERR,ERR,ERR,ERR,ERR,ERR,ERR,ERR,ERR,ERR,ERR,ERR,ERR,ERR,ERR,ERR,ERR,ERR,ERR,ERR,ERR,ERR,ERR,ERR,ERR,ERR,ERR,ERR,ERR,ERR,ERR,ERR,ERR,ERR,ERR,ERR,ERR,ERR,ERR,ERR,ERR,ERR,ERR,ERR,ERR,ERR,ERR,ERR,ERR,ERR,ERR,ERR,ERR,ERR,ERR,ERR,ERR,ERR,ERR,ERR,ERR,ERR,ERR,ERR,ERR,ERR,ERR,ERR,ERR,ERR,ERR,ERR,ERR,ERR,ERR,ERR,ERR,ERR,ERR,ERR,ERR,ERR,ERR,ERR,ERR,ERR,ERR,ERR,ERR,ERR,0.0,-107615392.0,0.0,0.0,0.0,1.3936040501711995e+18,7.805,0.0,0,0,4,0,7116,0.0,100,0.0,0.0,0.0,0.0,0.0,0,0,0,0,0.0,0,0,0,0,0,0,0,0,0,0,0,0,0,0,0,0,0,0,0,0,0,0,0,0,0,0,0,0,0,0,0,0,0,31,40,40,71,65476,0,300,0,0,8,21553,0.0,-107605600.0,0.0,0.0,0.0,0.0,0.0,0.0,0.0,0.0,0.0,0.0,0.0,0.0,0.0,0.0,0.0,0.0,0.0,0.0,0.0,0.0,-0.0,2.004,2.004,-0.0,0.0,0.0,0.0,0.0,6355.0,8608225280.0,6922.0,0.0,0.0,0.0,0.0,0.0,0.0,0.0,0.0,69,4.950431305880601e+32,-4.950422021330306e+32,0.0,0.0,0.0,0.0,0.0,0.0,0.0,0,0,0,0.0,0.0,0.0,0.0,0.0,0.0,0.0,0.0,0.0,0.0,0.0,0.0,0.0,0.0,0.0,0.0,0,-107875648.0,69,0.0,138,0.0,-0.0,0,13107,17040,0,17049,0,17043,0,0,0,70,68,100,2.7302359370752657e+23,71.1,0.0,74.2,2.7302370179391762e+23,74.0,1,49,50,180,0,52429,0,0,0.0,0.0,0.0,0.0,-0.0,67.0,0.0,162057.094,0.0,750,0,739,0,0,0,721,0,765,0,735,0,742,0,741,0,712,0,7520,0.032,79993765888.0,0.0,0.0,784,16797,-0.0,162057.094,-114818.039,-0.0,0.133,6.909358625270745e+28,30.0,65.0,35,0.0,0.0,0.0,0.0,0.0,0.0,0.0,0.0,0.0,0.0,0.0,0.0,0.0,0.0,0.0,0.0,69.2,0,150,71,54,65476,0,300,0,1,8,20529,65476,0,0,40632,65.0,0.0,0.0,0.0,0.0,0.0
2026-09-04T20:58:14,ERR,ERR,ERR,ERR,ERR,ERR,ERR,ERR,ERR,ERR,ERR,ERR,ERR,ERR,ERR,ERR,ERR,ERR,ERR,ERR,ERR,ERR,ERR,ERR,ERR,ERR,ERR,ERR,ERR,ERR,ERR,ERR,ERR,ERR,ERR,ERR,ERR,ERR,ERR,ERR,ERR,ERR,ERR,ERR,ERR,ERR,ERR,ERR,ERR,ERR,ERR,ERR,ERR,ERR,ERR,ERR,ERR,ERR,ERR,ERR,ERR,ERR,ERR,ERR,ERR,ERR,ERR,ERR,ERR,ERR,ERR,ERR,ERR,ERR,ERR,ERR,ERR,ERR,ERR,ERR,ERR,ERR,ERR,ERR,ERR,ERR,ERR,ERR,ERR,ERR,ERR,ERR,ERR,ERR,ERR,ERR,ERR,ERR,ERR,ERR,ERR,ERR,ERR,ERR,ERR,ERR,ERR,ERR,ERR,ERR,ERR,ERR,ERR,ERR,ERR,ERR,ERR,ERR,ERR,ERR,ERR,ERR,ERR,ERR,ERR,0.0,0.0,0.0,0.0,0.0,1.3936040501711995e+18,7.805,0.0,0,0,4,0,7116,0.0,100,0.0,0.0,0.0,0.0,0.0,0,0,0,0,0.0,0,0,0,0,0,0,0,0,0,0,0,0,0,0,0,0,0,0,0,0,0,0,0,0,0,0,0,0,0,0,0,0,0,31,40,40,71,65476,0,300,0,0,8,21553,0.0,-107605600.0,0.0,0.0,0.0,0.0,0.0,0.0,0.0,0.0,0.0,0.0,0.0,0.0,0.0,0.0,0.0,0.0,0.0,0.0,0.0,0.0,-0.0,2.004,2.004,-0.0,0.0,0.0,0.0,0.0,6388.0,0.0,6917.0,0.0,-107615392.0,0.0,0.0,0.0,0.0,0.0,0.0,69,-0.0,0.0,0.0,0.0,0.0,0.0,0.0,0.0,0.0,0,0,0,0.0,0.0,0.0,0.0,0.0,0.0,0.0,0.0,0.0,0.0,0.0,0.0,0.0,0.0,0.0,0.0,0,-107875648.0,69,0.0,138,0.0,-0.0,0,13107,17040,0,17049,0,17043,0,0,0,70,68,100,2.7302359370752657e+23,71.1,0.0,74.2,2.7302370179391762e+23,74.0,1,49,50,180,0,52429,0,0,0.0,0.0,0.0,0.0,-0.0,67.0,0.0,162057.094,0.0,750,0,739,0,0,0,721,0,765,0,735,0,742,0,741,0,712,0,7520,0.032,79993765888.0,0.0,0.0,784,16797,-0.0,162057.094,-114818.039,-0.0,0.133,6.909358625270745e+28,30.0,65.0,35,0.0,0.0,0.0,0.0,0.0,0.0,0.0,0.0,0.0,0.0,0.0,0.0,0.0,0.0,0.0,0.0,69.2,0,150,71,54,65476,0,300,0,1,8,20529,65476,0,0,40632,65.0,0.0,0.0,0.0,0.0,0.0
2026-09-04T20:58:15,ERR,ERR,ERR,ERR,ERR,ERR,ERR,ERR,ERR,ERR,ERR,ERR,ERR,ERR,ERR,ERR,ERR,ERR,ERR,ERR,ERR,ERR,ERR,ERR,ERR,ERR,ERR,ERR,ERR,ERR,ERR,ERR,ERR,ERR,ERR,ERR,ERR,ERR,ERR,ERR,ERR,ERR,ERR,ERR,ERR,ERR,ERR,ERR,ERR,ERR,ERR,ERR,ERR,ERR,ERR,ERR,ERR,ERR,ERR,ERR,ERR,ERR,ERR,ERR,ERR,ERR,ERR,ERR,ERR,ERR,ERR,ERR,ERR,ERR,ERR,ERR,ERR,ERR,ERR,ERR,ERR,ERR,ERR,ERR,ERR,ERR,ERR,ERR,ERR,ERR,ERR,ERR,ERR,ERR,ERR,ERR,ERR,ERR,ERR,ERR,ERR,ERR,ERR,ERR,ERR,ERR,ERR,ERR,ERR,ERR,ERR,ERR,ERR,ERR,ERR,ERR,ERR,ERR,ERR,ERR,ERR,ERR,ERR,ERR,ERR,0.0,0.0,0.0,0.0,0.0,1.3936040501711995e+18,7.805,0.0,0,0,4,0,7116,0.0,100,0.0,0.0,0.0,0.0,0.0,0,0,0,0,0.0,0,0,0,0,0,0,0,0,0,0,0,0,0,0,0,0,0,0,0,0,0,0,0,0,0,0,0,0,0,0,0,0,0,31,40,40,71,65476,0,300,0,0,8,21553,0.0,-107605600.0,0.0,0.0,0.0,0.0,0.0,0.0,0.0,0.0,0.0,0.0,0.0,0.0,0.0,0.0,0.0,0.0,0.0,0.0,0.0,0.0,-0.0,2.004,2.004,-0.0,0.0,0.0,0.0,0.0,6388.0,0.0,6917.0,0.0,-107615392.0,0.0,0.0,0.0,0.0,0.0,0.0,69,-0.0,0.0,0.0,0.0,0.0,0.0,0.0,0.0,0.0,0,0,0,0.0,0.0,0.0,0.0,0.0,0.0,0.0,0.0,0.0,0.0,0.0,0.0,0.0,0.0,0.0,0.0,0,-107875648.0,69,0.0,138,0.0,-0.0,0,13107,17040,0,17049,0,17043,0,0,0,70,68,100,2.7302359370752657e+23,71.1,0.0,74.2,2.7302370179391762e+23,74.0,1,49,50,180,0,52429,0,0,0.0,0.0,0.0,0.0,-0.0,67.0,0.0,162057.094,0.0,750,0,739,0,0,0,721,0,765,0,735,0,742,0,741,0,712,0,7520,0.032,79993765888.0,0.0,0.0,784,16797,-0.0,162057.094,-114818.039,-0.0,0.133,6.909358625270745e+28,30.0,65.0,35,0.0,0.0,0.0,0.0,0.0,0.0,0.0,0.0,0.0,0.0,0.0,0.0,0.0,0.0,0.0,0.0,69.2,0,150,71,54,65476,0,300,0,1,8,20529,65476,0,0,40632,65.0,0.0,0.0,0.0,0.0,0.0
2026-09-04T20:58:16,ERR,ERR,ERR,ERR,ERR,ERR,ERR,ERR,ERR,ERR,ERR,ERR,ERR,ERR,ERR,ERR,ERR,ERR,ERR,ERR,ERR,ERR,ERR,ERR,ERR,ERR,ERR,ERR,ERR,ERR,ERR,ERR,ERR,ERR,ERR,ERR,ERR,ERR,ERR,ERR,ERR,ERR,ERR,ERR,ERR,ERR,ERR,ERR,ERR,ERR,ERR,ERR,ERR,ERR,ERR,ERR,ERR,ERR,ERR,ERR,ERR,ERR,ERR,ERR,ERR,ERR,ERR,ERR,ERR,ERR,ERR,ERR,ERR,ERR,ERR,ERR,ERR,ERR,ERR,ERR,ERR,ERR,ERR,ERR,ERR,ERR,ERR,ERR,ERR,ERR,ERR,ERR,ERR,ERR,ERR,ERR,ERR,ERR,ERR,ERR,ERR,ERR,ERR,ERR,ERR,ERR,ERR,ERR,ERR,ERR,ERR,ERR,ERR,ERR,ERR,ERR,ERR,ERR,ERR,ERR,ERR,ERR,ERR,ERR,ERR,0.0,0.0,0.0,0.0,0.0,1.3936040501711995e+18,7.805,0.0,0,0,4,0,7116,0.0,100,0.0,0.0,0.0,0.0,0.0,0,0,0,0,0.0,0,0,0,0,0,0,0,0,0,0,0,0,0,0,0,0,0,0,0,0,0,0,0,0,0,0,0,0,0,0,0,0,0,31,40,40,71,65476,0,300,0,0,8,21553,0.0,-107605600.0,0.0,0.0,0.0,0.0,0.0,0.0,0.0,0.0,0.0,0.0,0.0,0.0,0.0,0.0,0.0,0.0,0.0,0.0,0.0,0.0,-0.0,2.004,2.004,-0.0,0.0,0.0,0.0,0.0,6388.0,0.0,6917.0,0.0,-107615392.0,0.0,0.0,0.0,0.0,0.0,0.0,69,-0.0,0.0,0.0,0.0,0.0,0.0,0.0,0.0,0.0,0,0,0,0.0,0.0,0.0,0.0,0.0,0.0,0.0,0.0,0.0,0.0,0.0,0.0,0.0,0.0,0.0,0.0,0,-107875648.0,69,0.0,138,0.0,-0.0,0,13107,17040,0,17049,0,17043,0,0,0,70,68,100,2.7302359370752657e+23,71.1,0.0,74.2,2.7302370179391762e+23,74.0,1,49,50,180,0,52429,0,0,0.0,0.0,0.0,0.0,-0.0,67.0,0.0,162057.094,0.0,750,0,739,0,0,0,721,0,765,0,735,0,742,0,741,0,712,0,7520,0.032,79993765888.0,0.0,0.0,784,16797,-0.0,162057.094,-114818.039,-0.0,0.133,6.909358625270745e+28,30.0,65.0,35,0.0,0.0,0.0,0.0,0.0,0.0,0.0,0.0,0.0,0.0,0.0,0.0,0.0,0.0,0.0,0.0,69.2,0,150,71,54,65476,0,300,0,1,8,20529,65476,0,0,40632,65.0,0.0,0.0,0.0,0.0,0.0
2026-09-04T20:58:17,ERR,ERR,ERR,ERR,ERR,ERR,ERR,ERR,ERR,ERR,ERR,ERR,ERR,ERR,ERR,ERR,ERR,ERR,ERR,ERR,ERR,ERR,ERR,ERR,ERR,ERR,ERR,ERR,ERR,ERR,ERR,ERR,ERR,ERR,ERR,ERR,ERR,ERR,ERR,ERR,ERR,ERR,ERR,ERR,ERR,ERR,ERR,ERR,ERR,ERR,ERR,ERR,ERR,ERR,ERR,ERR,ERR,ERR,ERR,ERR,ERR,ERR,ERR,ERR,ERR,ERR,ERR,ERR,ERR,ERR,ERR,ERR,ERR,ERR,ERR,ERR,ERR,ERR,ERR,ERR,ERR,ERR,ERR,ERR,ERR,ERR,ERR,ERR,ERR,ERR,ERR,ERR,ERR,ERR,ERR,ERR,ERR,ERR,ERR,ERR,ERR,ERR,ERR,ERR,ERR,ERR,ERR,ERR,ERR,ERR,ERR,ERR,ERR,ERR,ERR,ERR,ERR,ERR,ERR,ERR,ERR,ERR,ERR,ERR,ERR,0.0,0.0,0.0,0.0,0.0,1.3936040501711995e+18,7.805,0.0,0,0,4,0,7116,0.0,100,0.0,0.0,0.0,0.0,0.0,0,0,0,0,0.0,0,0,0,0,0,0,0,0,0,0,0,0,0,0,0,0,0,0,0,0,0,0,0,0,0,0,0,0,0,0,0,0,0,31,40,40,71,65476,0,300,0,0,8,21553,0.0,-107605600.0,0.0,0.0,0.0,0.0,0.0,0.0,0.0,0.0,0.0,0.0,0.0,0.0,0.0,0.0,0.0,0.0,0.0,0.0,0.0,0.0,-0.0,2.004,2.004,-0.0,0.0,0.0,0.0,0.0,6388.0,0.0,6917.0,0.0,-107615392.0,0.0,0.0,0.0,0.0,0.0,0.0,69,-0.0,0.0,0.0,0.0,0.0,0.0,0.0,0.0,0.0,0,0,0,0.0,0.0,0.0,0.0,0.0,0.0,0.0,0.0,0.0,0.0,0.0,0.0,0.0,0.0,0.0,0.0,0,-107875648.0,69,0.0,138,0.0,-0.0,0,13107,17040,0,17049,0,17043,0,0,0,70,68,100,2.7302359370752657e+23,71.1,0.0,74.2,2.7302370179391762e+23,74.0,1,49,50,180,0,52429,0,0,0.0,0.0,0.0,0.0,-0.0,67.0,0.0,162057.094,0.0,750,0,739,0,0,0,721,0,765,0,735,0,742,0,741,0,712,0,7520,0.032,79993765888.0,0.0,0.0,784,16797,-0.0,162057.094,-114818.039,-0.0,0.133,6.909358625270745e+28,30.0,65.0,35,0.0,0.0,0.0,0.0,0.0,0.0,0.0,0.0,0.0,0.0,0.0,0.0,0.0,0.0,0.0,0.0,69.2,0,150,71,54,65476,0,300,0,1,8,20529,65476,0,0,40632,65.0,0.0,0.0,0.0,0.0,0.0
2026-09-04T20:58:18,ERR,ERR,ERR,ERR,ERR,ERR,ERR,ERR,ERR,ERR,ERR,ERR,ERR,ERR,ERR,ERR,ERR,ERR,ERR,ERR,ERR,ERR,ERR,ERR,ERR,ERR,ERR,ERR,ERR,ERR,ERR,ERR,ERR,ERR,ERR,ERR,ERR,ERR,ERR,ERR,ERR,ERR,ERR,ERR,ERR,ERR,ERR,ERR,ERR,ERR,ERR,ERR,ERR,ERR,ERR,ERR,ERR,ERR,ERR,ERR,ERR,ERR,ERR,ERR,ERR,ERR,ERR,ERR,ERR,ERR,ERR,ERR,ERR,ERR,ERR,ERR,ERR,ERR,ERR,ERR,ERR,ERR,ERR,ERR,ERR,ERR,ERR,ERR,ERR,ERR,ERR,ERR,ERR,ERR,ERR,ERR,ERR,ERR,ERR,ERR,ERR,ERR,ERR,ERR,ERR,ERR,ERR,ERR,ERR,ERR,ERR,ERR,ERR,ERR,ERR,ERR,ERR,ERR,ERR,ERR,ERR,ERR,ERR,ERR,ERR,0.0,0.0,0.0,0.0,0.0,1.3936040501711995e+18,7.805,0.0,0,0,4,0,7116,0.0,100,0.0,0.0,0.0,0.0,0.0,0,0,0,0,0.0,0,0,0,0,0,0,0,0,0,0,0,0,0,0,0,0,0,0,0,0,0,0,0,0,0,0,0,0,0,0,0,0,0,31,40,40,71,65476,0,300,0,0,8,21553,0.0,-107605600.0,0.0,0.0,0.0,0.0,0.0,0.0,0.0,0.0,0.0,0.0,0.0,0.0,0.0,0.0,0.0,0.0,0.0,0.0,0.0,0.0,-0.0,2.004,2.004,-0.0,0.0,0.0,0.0,0.0,6388.0,0.0,6917.0,0.0,-107615392.0,0.0,0.0,0.0,0.0,0.0,0.0,69,-0.0,0.0,0.0,0.0,0.0,0.0,0.0,0.0,0.0,0,0,0,0.0,0.0,0.0,0.0,0.0,0.0,0.0,0.0,0.0,0.0,0.0,0.0,0.0,0.0,0.0,0.0,0,-107875648.0,69,0.0,138,0.0,-0.0,0,13107,17040,0,17049,0,17043,0,0,0,70,68,100,2.7302359370752657e+23,71.1,0.0,74.2,2.7302370179391762e+23,74.0,1,49,50,180,0,52429,0,0,0.0,0.0,0.0,0.0,-0.0,67.0,0.0,162057.094,0.0,750,0,739,0,0,0,721,0,765,0,735,0,742,0,741,0,712,0,7520,0.032,79993765888.0,0.0,0.0,784,16797,-0.0,162057.094,-114818.039,-0.0,0.133,6.909358625270745e+28,30.0,65.0,35,0.0,0.0,0.0,0.0,0.0,0.0,0.0,0.0,0.0,0.0,0.0,0.0,0.0,0.0,0.0,0.0,69.2,0,150,71,54,65476,0,300,0,1,8,20529,65476,0,0,40632,65.0,0.0,0.0,0.0,0.0,0.0
2026-09-04T20:58:19,ERR,ERR,ERR,ERR,ERR,ERR,ERR,ERR,ERR,ERR,ERR,ERR,ERR,ERR,ERR,ERR,ERR,ERR,ERR,ERR,ERR,ERR,ERR,ERR,ERR,ERR,ERR,ERR,ERR,ERR,ERR,ERR,ERR,ERR,ERR,ERR,ERR,ERR,ERR,ERR,ERR,ERR,ERR,ERR,ERR,ERR,ERR,ERR,ERR,ERR,ERR,ERR,ERR,ERR,ERR,ERR,ERR,ERR,ERR,ERR,ERR,ERR,ERR,ERR,ERR,ERR,ERR,ERR,ERR,ERR,ERR,ERR,ERR,ERR,ERR,ERR,ERR,ERR,ERR,ERR,ERR,ERR,ERR,ERR,ERR,ERR,ERR,ERR,ERR,ERR,ERR,ERR,ERR,ERR,ERR,ERR,ERR,ERR,ERR,ERR,ERR,ERR,ERR,ERR,ERR,ERR,ERR,ERR,ERR,ERR,ERR,ERR,ERR,ERR,ERR,ERR,ERR,ERR,ERR,ERR,ERR,ERR,ERR,ERR,ERR,0.0,0.0,0.0,0.0,0.0,1.3936040501711995e+18,7.805,0.0,0,0,4,0,7116,0.0,100,0.0,0.0,0.0,0.0,0.0,0,0,0,0,0.0,0,0,0,0,0,0,0,0,0,0,0,0,0,0,0,0,0,0,0,0,0,0,0,0,0,0,0,0,0,0,0,0,0,31,40,40,71,65476,0,300,0,0,8,21553,0.0,-107605600.0,0.0,0.0,0.0,0.0,0.0,0.0,0.0,0.0,0.0,0.0,0.0,0.0,0.0,0.0,0.0,0.0,0.0,0.0,0.0,0.0,-0.0,2.004,2.004,-0.0,0.0,0.0,0.0,0.0,6388.0,0.0,6917.0,0.0,-107615392.0,0.0,0.0,0.0,0.0,0.0,0.0,69,-0.0,0.0,0.0,0.0,0.0,0.0,0.0,0.0,0.0,0,0,0,0.0,0.0,0.0,0.0,0.0,0.0,0.0,0.0,0.0,0.0,0.0,0.0,0.0,0.0,0.0,0.0,0,-107875648.0,69,0.0,138,0.0,-0.0,0,13107,17040,0,17049,0,17043,0,0,0,70,68,100,2.7302359370752657e+23,71.1,0.0,74.2,2.7302370179391762e+23,74.0,1,49,50,180,0,52429,0,0,0.0,0.0,0.0,0.0,-0.0,67.0,0.0,162057.094,0.0,750,0,739,0,0,0,721,0,765,0,735,0,742,0,741,0,712,0,7520,0.032,79993765888.0,0.0,0.0,784,16797,-0.0,162057.094,-114818.039,-0.0,0.133,6.909358625270745e+28,30.0,65.0,35,0.0,0.0,0.0,0.0,0.0,0.0,0.0,0.0,0.0,0.0,0.0,0.0,0.0,0.0,0.0,0.0,69.2,0,150,71,54,65476,0,300,0,1,8,20529,65476,0,0,40632,65.0,0.0,0.0,0.0,0.0,0.0
2026-09-04T20:58:20,ERR,ERR,ERR,ERR,ERR,ERR,ERR,ERR,ERR,ERR,ERR,ERR,ERR,ERR,ERR,ERR,ERR,ERR,ERR,ERR,ERR,ERR,ERR,ERR,ERR,ERR,ERR,ERR,ERR,ERR,ERR,ERR,ERR,ERR,ERR,ERR,ERR,ERR,ERR,ERR,ERR,ERR,ERR,ERR,ERR,ERR,ERR,ERR,ERR,ERR,ERR,ERR,ERR,ERR,ERR,ERR,ERR,ERR,ERR,ERR,ERR,ERR,ERR,ERR,ERR,ERR,ERR,ERR,ERR,ERR,ERR,ERR,ERR,ERR,ERR,ERR,ERR,ERR,ERR,ERR,ERR,ERR,ERR,ERR,ERR,ERR,ERR,ERR,ERR,ERR,ERR,ERR,ERR,ERR,ERR,ERR,ERR,ERR,ERR,ERR,ERR,ERR,ERR,ERR,ERR,ERR,ERR,ERR,ERR,ERR,ERR,ERR,ERR,ERR,ERR,ERR,ERR,ERR,ERR,ERR,ERR,ERR,ERR,ERR,ERR,0.0,0.0,0.0,0.0,0.0,1.3936040501711995e+18,7.805,0.0,0,0,4,0,7116,0.0,100,0.0,0.0,0.0,0.0,0.0,0,0,0,0,0.0,0,0,0,0,0,0,0,0,0,0,0,0,0,0,0,0,0,0,0,0,0,0,0,0,0,0,0,0,0,0,0,0,0,31,40,40,71,65476,0,300,0,0,8,21553,0.0,-107605600.0,0.0,0.0,0.0,0.0,0.0,0.0,0.0,0.0,0.0,0.0,0.0,0.0,0.0,0.0,0.0,0.0,0.0,0.0,0.0,0.0,-0.0,2.004,2.004,-0.0,0.0,0.0,0.0,0.0,6388.0,0.0,6917.0,0.0,-107615392.0,0.0,0.0,0.0,0.0,0.0,0.0,69,-0.0,0.0,0.0,0.0,0.0,0.0,0.0,0.0,0.0,0,0,0,0.0,0.0,0.0,0.0,0.0,0.0,0.0,0.0,0.0,0.0,0.0,0.0,0.0,0.0,0.0,0.0,0,-107875648.0,69,0.0,138,0.0,-0.0,0,13107,17040,0,17049,0,17043,0,0,0,70,68,100,2.7302359370752657e+23,71.1,0.0,74.2,2.7302370179391762e+23,74.0,1,49,50,180,0,52429,0,0,0.0,0.0,0.0,0.0,-0.0,67.0,0.0,162057.094,0.0,750,0,739,0,0,0,721,0,765,0,735,0,742,0,741,0,712,0,7520,0.032,79456894976.0,0.0,0.0,784,16797,-0.0,162057.094,-114818.039,-0.0,0.133,6.909358625270745e+28,30.0,65.0,35,0.0,0.0,0.0,0.0,0.0,0.0,0.0,0.0,0.0,0.0,0.0,0.0,0.0,0.0,0.0,0.0,69.2,0,150,71,54,65476,0,300,0,1,8,20529,65476,0,0,40632,65.0,0.0,0.0,0.0,0.0,0.0
2026-09-04T20:58:21,ERR,ERR,ERR,ERR,ERR,ERR,ERR,ERR,ERR,ERR,ERR,ERR,ERR,ERR,ERR,ERR,ERR,ERR,ERR,ERR,ERR,ERR,ERR,ERR,ERR,ERR,ERR,ERR,ERR,ERR,ERR,ERR,ERR,ERR,ERR,ERR,ERR,ERR,ERR,ERR,ERR,ERR,ERR,ERR,ERR,ERR,ERR,ERR,ERR,ERR,ERR,ERR,ERR,ERR,ERR,ERR,ERR,ERR,ERR,ERR,ERR,ERR,ERR,ERR,ERR,ERR,ERR,ERR,ERR,ERR,ERR,ERR,ERR,ERR,ERR,ERR,ERR,ERR,ERR,ERR,ERR,ERR,ERR,ERR,ERR,ERR,ERR,ERR,ERR,ERR,ERR,ERR,ERR,ERR,ERR,ERR,ERR,ERR,ERR,ERR,ERR,ERR,ERR,ERR,ERR,ERR,ERR,ERR,ERR,ERR,ERR,ERR,ERR,ERR,ERR,ERR,ERR,ERR,ERR,ERR,ERR,ERR,ERR,ERR,ERR,0.0,0.0,0.0,0.0,0.0,1.3936040501711995e+18,7.805,0.0,0,0,4,0,7116,0.0,100,0.0,0.0,0.0,0.0,0.0,0,0,0,0,0.0,0,0,0,0,0,0,0,0,0,0,0,0,0,0,0,0,0,0,0,0,0,0,0,0,0,0,0,0,0,0,0,0,0,31,40,40,71,65476,0,300,0,0,8,21553,0.0,-107605600.0,0.0,0.0,0.0,0.0,0.0,0.0,0.0,0.0,0.0,0.0,0.0,0.0,0.0,0.0,0.0,0.0,0.0,0.0,0.0,0.0,-0.0,2.004,2.004,-0.0,0.0,0.0,0.0,0.0,6391.0,1.5879374755846268e+29,6926.0,0.0,0.0,0.0,0.0,0.0,0.0,0.0,0.0,69,-0.0,89220.992,0.0,0.0,0.0,0.0,0.0,0.0,0.0,0,0,0,0.0,0.0,0.0,0.0,0.0,0.0,0.0,0.0,0.0,0.0,0.0,0.0,0.0,0.0,0.0,0.0,0,-107875648.0,69,0.0,138,0.0,-0.0,0,13107,17040,0,17049,0,17043,0,0,0,70,68,100,2.7302359370752657e+23,71.1,0.0,74.2,2.7302370179391762e+23,74.0,1,49,50,180,0,52429,0,0,0.0,0.0,0.0,0.0,-0.0,67.0,0.0,162057.094,0.0,750,0,739,0,0,0,721,0,765,0,735,0,742,0,741,0,712,0,7520,0.032,79456894976.0,0.0,0.0,784,16797,-0.0,162057.094,-114818.039,-0.0,0.133,6.909358625270745e+28,30.0,65.0,35,0.0,0.0,0.0,0.0,0.0,0.0,0.0,0.0,0.0,0.0,0.0,0.0,0.0,0.0,0.0,0.0,69.2,0,150,71,54,65476,0,300,0,1,8,20529,65476,0,0,40632,65.0,0.0,0.0,0.0,0.0,0.0
2026-09-04T20:58:22,ERR,ERR,ERR,ERR,ERR,ERR,ERR,ERR,ERR,ERR,ERR,ERR,ERR,ERR,ERR,ERR,ERR,ERR,ERR,ERR,ERR,ERR,ERR,ERR,ERR,ERR,ERR,ERR,ERR,ERR,ERR,ERR,ERR,ERR,ERR,ERR,ERR,ERR,ERR,ERR,ERR,ERR,ERR,ERR,ERR,ERR,ERR,ERR,ERR,ERR,ERR,ERR,ERR,ERR,ERR,ERR,ERR,ERR,ERR,ERR,ERR,ERR,ERR,ERR,ERR,ERR,ERR,ERR,ERR,ERR,ERR,ERR,ERR,ERR,ERR,ERR,ERR,ERR,ERR,ERR,ERR,ERR,ERR,ERR,ERR,ERR,ERR,ERR,ERR,ERR,ERR,ERR,ERR,ERR,ERR,ERR,ERR,ERR,ERR,ERR,ERR,ERR,ERR,ERR,ERR,ERR,ERR,ERR,ERR,ERR,ERR,ERR,ERR,ERR,ERR,ERR,ERR,ERR,ERR,ERR,ERR,ERR,ERR,ERR,ERR,0.0,0.0,0.0,0.0,0.0,1.3936040501711995e+18,7.805,0.0,0,0,4,0,7116,0.0,100,0.0,0.0,0.0,0.0,0.0,0,0,0,0,0.0,0,0,0,0,0,0,0,0,0,0,0,0,0,0,0,0,0,0,0,0,0,0,0,0,0,0,0,0,0,0,0,0,0,31,40,40,71,65476,0,300,0,0,8,21553,0.0,-107605600.0,0.0,0.0,0.0,0.0,0.0,0.0,0.0,0.0,0.0,0.0,0.0,0.0,0.0,0.0,0.0,0.0,0.0,0.0,0.0,0.0,-0.0,2.004,2.004,-0.0,0.0,0.0,0.0,0.0,6391.0,1.5879374755846268e+29,6926.0,0.0,0.0,0.0,0.0,0.0,0.0,0.0,0.0,69,-0.0,89220.992,0.0,0.0,0.0,0.0,0.0,0.0,0.0,0,0,0,0.0,0.0,0.0,0.0,0.0,0.0,0.0,0.0,0.0,0.0,0.0,0.0,0.0,0.0,0.0,0.0,0,-107875648.0,69,0.0,138,0.0,-0.0,0,13107,17040,0,17049,0,17043,0,0,0,70,68,100,2.7302359370752657e+23,71.1,0.0,74.2,2.7302370179391762e+23,74.0,1,49,50,180,0,52429,0,0,0.0,0.0,0.0,0.0,-0.0,67.0,0.0,162057.094,0.0,750,0,739,0,0,0,721,0,765,0,735,0,742,0,741,0,712,0,7520,0.032,79456894976.0,0.0,0.0,784,16797,-0.0,162057.094,-114818.039,-0.0,0.133,6.909358625270745e+28,30.0,65.0,35,0.0,0.0,0.0,0.0,0.0,0.0,0.0,0.0,0.0,0.0,0.0,0.0,0.0,0.0,0.0,0.0,69.2,0,150,71,54,65476,0,300,0,1,8,20529,65476,0,0,40632,65.0,0.0,0.0,0.0,0.0,0.0
2026-09-04T20:58:23,ERR,ERR,ERR,ERR,ERR,ERR,ERR,ERR,ERR,ERR,ERR,ERR,ERR,ERR,ERR,ERR,ERR,ERR,ERR,ERR,ERR,ERR,ERR,ERR,ERR,ERR,ERR,ERR,ERR,ERR,ERR,ERR,ERR,ERR,ERR,ERR,ERR,ERR,ERR,ERR,ERR,ERR,ERR,ERR,ERR,ERR,ERR,ERR,ERR,ERR,ERR,ERR,ERR,ERR,ERR,ERR,ERR,ERR,ERR,ERR,ERR,ERR,ERR,ERR,ERR,ERR,ERR,ERR,ERR,ERR,ERR,ERR,ERR,ERR,ERR,ERR,ERR,ERR,ERR,ERR,ERR,ERR,ERR,ERR,ERR,ERR,ERR,ERR,ERR,ERR,ERR,ERR,ERR,ERR,ERR,ERR,ERR,ERR,ERR,ERR,ERR,ERR,ERR,ERR,ERR,ERR,ERR,ERR,ERR,ERR,ERR,ERR,ERR,ERR,ERR,ERR,ERR,ERR,ERR,ERR,ERR,ERR,ERR,ERR,ERR,0.0,0.0,0.0,0.0,0.0,1.3936040501711995e+18,7.805,0.0,0,0,4,0,7116,0.0,100,0.0,0.0,0.0,0.0,0.0,0,0,0,0,0.0,0,0,0,0,0,0,0,0,0,0,0,0,0,0,0,0,0,0,0,0,0,0,0,0,0,0,0,0,0,0,0,0,0,31,40,40,71,65476,0,300,0,0,8,21553,0.0,-107605600.0,0.0,0.0,0.0,0.0,0.0,0.0,0.0,0.0,0.0,0.0,0.0,0.0,0.0,0.0,0.0,0.0,0.0,0.0,0.0,0.0,-0.0,2.004,2.004,-0.0,0.0,0.0,0.0,0.0,6391.0,1.5879374755846268e+29,6926.0,0.0,0.0,0.0,0.0,0.0,0.0,0.0,0.0,69,-0.0,89220.992,0.0,0.0,0.0,0.0,0.0,0.0,0.0,0,0,0,0.0,0.0,0.0,0.0,0.0,0.0,0.0,0.0,0.0,0.0,0.0,0.0,0.0,0.0,0.0,0.0,0,-107875648.0,69,0.0,138,0.0,-0.0,0,13107,17040,0,17049,0,17043,0,0,0,70,68,100,2.7302359370752657e+23,71.1,0.0,74.2,2.7302370179391762e+23,74.0,1,49,50,180,0,52429,0,0,0.0,0.0,0.0,0.0,-0.0,67.0,0.0,162057.094,0.0,750,0,739,0,0,0,721,0,765,0,735,0,742,0,741,0,712,0,7520,0.032,79456894976.0,0.0,0.0,784,16797,-0.0,162057.094,-114818.039,-0.0,0.133,6.909358625270745e+28,30.0,65.0,35,0.0,0.0,0.0,0.0,0.0,0.0,0.0,0.0,0.0,0.0,0.0,0.0,0.0,0.0,0.0,0.0,69.2,0,150,71,54,65476,0,300,0,1,8,20529,65476,0,0,40632,65.0,0.0,0.0,0.0,0.0,0.0
2026-09-04T20:58:24,ERR,ERR,ERR,ERR,ERR,ERR,ERR,ERR,ERR,ERR,ERR,ERR,ERR,ERR,ERR,ERR,ERR,ERR,ERR,ERR,ERR,ERR,ERR,ERR,ERR,ERR,ERR,ERR,ERR,ERR,ERR,ERR,ERR,ERR,ERR,ERR,ERR,ERR,ERR,ERR,ERR,ERR,ERR,ERR,ERR,ERR,ERR,ERR,ERR,ERR,ERR,ERR,ERR,ERR,ERR,ERR,ERR,ERR,ERR,ERR,ERR,ERR,ERR,ERR,ERR,ERR,ERR,ERR,ERR,ERR,ERR,ERR,ERR,ERR,ERR,ERR,ERR,ERR,ERR,ERR,ERR,ERR,ERR,ERR,ERR,ERR,ERR,ERR,ERR,ERR,ERR,ERR,ERR,ERR,ERR,ERR,ERR,ERR,ERR,ERR,ERR,ERR,ERR,ERR,ERR,ERR,ERR,ERR,ERR,ERR,ERR,ERR,ERR,ERR,ERR,ERR,ERR,ERR,ERR,ERR,ERR,ERR,ERR,ERR,ERR,0.0,0.0,0.0,0.0,0.0,1.3936040501711995e+18,7.805,0.0,0,0,4,0,7116,0.0,100,0.0,0.0,0.0,0.0,0.0,0,0,0,0,0.0,0,0,0,0,0,0,0,0,0,0,0,0,0,0,0,0,0,0,0,0,0,0,0,0,0,0,0,0,0,0,0,0,0,31,40,40,71,65476,0,300,0,0,8,21553,0.0,-107605600.0,0.0,0.0,0.0,0.0,0.0,0.0,0.0,0.0,0.0,0.0,0.0,0.0,0.0,0.0,0.0,0.0,0.0,0.0,0.0,0.0,-0.0,2.004,2.004,-0.0,0.0,0.0,0.0,0.0,6391.0,1.5879374755846268e+29,6926.0,0.0,0.0,0.0,0.0,0.0,0.0,0.0,0.0,69,-0.0,89220.992,0.0,0.0,0.0,0.0,0.0,0.0,0.0,0,0,0,0.0,0.0,0.0,0.0,0.0,0.0,0.0,0.0,0.0,0.0,0.0,0.0,0.0,0.0,0.0,0.0,0,-107875648.0,69,0.0,138,0.0,-0.0,0,13107,17040,0,17049,0,17043,0,0,0,70,68,100,2.7302359370752657e+23,71.1,0.0,74.2,2.7302370179391762e+23,74.0,1,49,50,180,0,52429,0,0,0.0,0.0,0.0,0.0,-0.0,67.0,0.0,162057.094,0.0,750,0,739,0,0,0,721,0,765,0,735,0,742,0,741,0,712,0,7520,0.032,79456894976.0,0.0,0.0,784,16797,-0.0,162057.094,-114818.039,-0.0,0.133,6.909358625270745e+28,30.0,65.0,35,0.0,0.0,0.0,0.0,0.0,0.0,0.0,0.0,0.0,0.0,0.0,0.0,0.0,0.0,0.0,0.0,69.2,0,150,71,54,65476,0,300,0,1,8,20529,65476,0,0,40632,65.0,0.0,0.0,0.0,0.0,0.0
2026-09-04T20:58:25,ERR,ERR,ERR,ERR,ERR,ERR,ERR,ERR,ERR,ERR,ERR,ERR,ERR,ERR,ERR,ERR,ERR,ERR,ERR,ERR,ERR,ERR,ERR,ERR,ERR,ERR,ERR,ERR,ERR,ERR,ERR,ERR,ERR,ERR,ERR,ERR,ERR,ERR,ERR,ERR,ERR,ERR,ERR,ERR,ERR,ERR,ERR,ERR,ERR,ERR,ERR,ERR,ERR,ERR,ERR,ERR,ERR,ERR,ERR,ERR,ERR,ERR,ERR,ERR,ERR,ERR,ERR,ERR,ERR,ERR,ERR,ERR,ERR,ERR,ERR,ERR,ERR,ERR,ERR,ERR,ERR,ERR,ERR,ERR,ERR,ERR,ERR,ERR,ERR,ERR,ERR,ERR,ERR,ERR,ERR,ERR,ERR,ERR,ERR,ERR,ERR,ERR,ERR,ERR,ERR,ERR,ERR,ERR,ERR,ERR,ERR,ERR,ERR,ERR,ERR,ERR,ERR,ERR,ERR,ERR,ERR,ERR,ERR,ERR,ERR,0.0,0.0,0.0,0.0,0.0,1.3936040501711995e+18,7.805,0.0,0,0,4,0,7116,0.0,100,0.0,0.0,0.0,0.0,0.0,0,0,0,0,0.0,0,0,0,0,0,0,0,0,0,0,0,0,0,0,0,0,0,0,0,0,0,0,0,0,0,0,0,0,0,0,0,0,0,31,40,40,71,65476,0,300,0,0,8,21553,0.0,-107605600.0,0.0,0.0,0.0,0.0,0.0,0.0,0.0,0.0,0.0,0.0,0.0,0.0,0.0,0.0,0.0,0.0,0.0,0.0,0.0,0.0,-0.0,2.004,2.004,-0.0,0.0,0.0,0.0,0.0,6391.0,1.5879374755846268e+29,6926.0,0.0,0.0,0.0,0.0,0.0,0.0,0.0,0.0,69,-0.0,89220.992,0.0,0.0,0.0,0.0,0.0,0.0,0.0,0,0,0,0.0,0.0,0.0,0.0,0.0,0.0,0.0,0.0,0.0,0.0,0.0,0.0,0.0,0.0,0.0,0.0,0,-107875648.0,69,0.0,138,0.0,-0.0,0,13107,17040,0,17049,0,17043,0,0,0,70,68,100,2.7302359370752657e+23,71.1,0.0,74.2,2.7302370179391762e+23,74.0,1,49,50,180,0,52429,0,0,0.0,0.0,0.0,0.0,-0.0,67.0,0.0,162057.094,0.0,750,0,739,0,0,0,721,0,765,0,735,0,742,0,741,0,712,0,7520,0.032,79456894976.0,0.0,0.0,784,16797,-0.0,162057.094,-114818.039,-0.0,0.133,6.909358625270745e+28,30.0,65.0,35,0.0,0.0,0.0,0.0,0.0,0.0,0.0,0.0,0.0,0.0,0.0,0.0,0.0,0.0,0.0,0.0,69.2,0,150,71,54,65476,0,300,0,1,8,20529,65476,0,0,40632,65.0,0.0,0.0,0.0,0.0,0.0
2026-09-04T20:58:26,ERR,ERR,ERR,ERR,ERR,ERR,ERR,ERR,ERR,ERR,ERR,ERR,ERR,ERR,ERR,ERR,ERR,ERR,ERR,ERR,ERR,ERR,ERR,ERR,ERR,ERR,ERR,ERR,ERR,ERR,ERR,ERR,ERR,ERR,ERR,ERR,ERR,ERR,ERR,ERR,ERR,ERR,ERR,ERR,ERR,ERR,ERR,ERR,ERR,ERR,ERR,ERR,ERR,ERR,ERR,ERR,ERR,ERR,ERR,ERR,ERR,ERR,ERR,ERR,ERR,ERR,ERR,ERR,ERR,ERR,ERR,ERR,ERR,ERR,ERR,ERR,ERR,ERR,ERR,ERR,ERR,ERR,ERR,ERR,ERR,ERR,ERR,ERR,ERR,ERR,ERR,ERR,ERR,ERR,ERR,ERR,ERR,ERR,ERR,ERR,ERR,ERR,ERR,ERR,ERR,ERR,ERR,ERR,ERR,ERR,ERR,ERR,ERR,ERR,ERR,ERR,ERR,ERR,ERR,ERR,ERR,ERR,ERR,ERR,ERR,0.0,0.0,0.0,0.0,0.0,1.3936040501711995e+18,7.805,0.0,0,0,4,0,7116,0.0,100,0.0,0.0,0.0,0.0,0.0,0,0,0,0,0.0,0,0,0,0,0,0,0,0,0,0,0,0,0,0,0,0,0,0,0,0,0,0,0,0,0,0,0,0,0,0,0,0,0,31,40,40,71,65476,0,300,0,0,8,21553,0.0,-107605600.0,0.0,0.0,0.0,0.0,0.0,0.0,0.0,0.0,0.0,0.0,0.0,0.0,0.0,0.0,0.0,0.0,0.0,0.0,0.0,0.0,-0.0,2.004,2.004,-0.0,0.0,0.0,0.0,0.0,6391.0,1.5879374755846268e+29,6926.0,0.0,0.0,0.0,0.0,0.0,0.0,0.0,0.0,69,-0.0,89220.992,0.0,0.0,0.0,0.0,0.0,0.0,0.0,0,0,0,0.0,0.0,0.0,0.0,0.0,0.0,0.0,0.0,0.0,0.0,0.0,0.0,0.0,0.0,0.0,0.0,0,-107875648.0,69,0.0,138,0.0,-0.0,0,13107,17040,0,17049,0,17043,0,0,0,70,68,100,2.7302359370752657e+23,71.1,0.0,74.2,2.7302370179391762e+23,74.0,1,49,50,180,0,52429,0,0,0.0,0.0,0.0,0.0,-0.0,67.0,0.0,162057.094,0.0,750,0,739,0,0,0,721,0,765,0,735,0,742,0,741,0,712,0,7520,0.032,79456894976.0,0.0,0.0,784,16797,-0.0,162057.094,-114818.039,-0.0,0.133,6.909358625270745e+28,30.0,65.0,35,0.0,0.0,0.0,0.0,0.0,0.0,0.0,0.0,0.0,0.0,0.0,0.0,0.0,0.0,0.0,0.0,69.2,0,150,71,54,65476,0,300,0,1,8,20529,65476,0,0,40632,65.0,0.0,0.0,0.0,0.0,0.0
2026-09-04T20:58:27,ERR,ERR,ERR,ERR,ERR,ERR,ERR,ERR,ERR,ERR,ERR,ERR,ERR,ERR,ERR,ERR,ERR,ERR,ERR,ERR,ERR,ERR,ERR,ERR,ERR,ERR,ERR,ERR,ERR,ERR,ERR,ERR,ERR,ERR,ERR,ERR,ERR,ERR,ERR,ERR,ERR,ERR,ERR,ERR,ERR,ERR,ERR,ERR,ERR,ERR,ERR,ERR,ERR,ERR,ERR,ERR,ERR,ERR,ERR,ERR,ERR,ERR,ERR,ERR,ERR,ERR,ERR,ERR,ERR,ERR,ERR,ERR,ERR,ERR,ERR,ERR,ERR,ERR,ERR,ERR,ERR,ERR,ERR,ERR,ERR,ERR,ERR,ERR,ERR,ERR,ERR,ERR,ERR,ERR,ERR,ERR,ERR,ERR,ERR,ERR,ERR,ERR,ERR,ERR,ERR,ERR,ERR,ERR,ERR,ERR,ERR,ERR,ERR,ERR,ERR,ERR,ERR,ERR,ERR,ERR,ERR,ERR,ERR,ERR,ERR,0.0,0.0,0.0,0.0,0.0,1.3936040501711995e+18,7.805,0.0,0,0,4,0,7116,0.0,100,0.0,0.0,0.0,0.0,0.0,0,0,0,0,0.0,0,0,0,0,0,0,0,0,0,0,0,0,0,0,0,0,0,0,0,0,0,0,0,0,0,0,0,0,0,0,0,0,0,31,40,40,71,65476,0,300,0,0,8,21553,0.0,-107605600.0,0.0,0.0,0.0,0.0,0.0,0.0,0.0,0.0,0.0,0.0,0.0,0.0,0.0,0.0,0.0,0.0,0.0,0.0,0.0,0.0,-0.0,2.004,2.004,-0.0,0.0,0.0,0.0,0.0,6391.0,1.5879374755846268e+29,6926.0,0.0,0.0,0.0,0.0,0.0,0.0,0.0,0.0,69,-0.0,89220.992,0.0,0.0,0.0,0.0,0.0,0.0,0.0,0,0,0,0.0,0.0,0.0,0.0,0.0,0.0,0.0,0.0,0.0,0.0,0.0,0.0,0.0,0.0,0.0,0.0,0,-107875648.0,69,0.0,138,0.0,-0.0,0,13107,17040,0,17049,0,17043,0,0,0,70,68,100,2.7302359370752657e+23,71.1,0.0,74.2,2.7302370179391762e+23,74.0,1,49,50,180,0,52429,0,0,0.0,0.0,0.0,0.0,-0.0,67.0,0.0,162057.094,0.0,750,0,739,0,0,0,721,0,765,0,735,0,742,0,741,0,712,0,7520,0.032,79456894976.0,0.0,0.0,784,16797,-0.0,162057.094,-114818.039,-0.0,0.133,6.909358625270745e+28,30.0,65.0,35,0.0,0.0,0.0,0.0,0.0,0.0,0.0,0.0,0.0,0.0,0.0,0.0,0.0,0.0,0.0,0.0,69.2,0,150,71,54,65476,0,300,0,1,8,20529,65476,0,0,40632,65.0,0.0,0.0,0.0,0.0,0.0
2026-09-04T20:58:28,ERR,ERR,ERR,ERR,ERR,ERR,ERR,ERR,ERR,ERR,ERR,ERR,ERR,ERR,ERR,ERR,ERR,ERR,ERR,ERR,ERR,ERR,ERR,ERR,ERR,ERR,ERR,ERR,ERR,ERR,ERR,ERR,ERR,ERR,ERR,ERR,ERR,ERR,ERR,ERR,ERR,ERR,ERR,ERR,ERR,ERR,ERR,ERR,ERR,ERR,ERR,ERR,ERR,ERR,ERR,ERR,ERR,ERR,ERR,ERR,ERR,ERR,ERR,ERR,ERR,ERR,ERR,ERR,ERR,ERR,ERR,ERR,ERR,ERR,ERR,ERR,ERR,ERR,ERR,ERR,ERR,ERR,ERR,ERR,ERR,ERR,ERR,ERR,ERR,ERR,ERR,ERR,ERR,ERR,ERR,ERR,ERR,ERR,ERR,ERR,ERR,ERR,ERR,ERR,ERR,ERR,ERR,ERR,ERR,ERR,ERR,ERR,ERR,ERR,ERR,ERR,ERR,ERR,ERR,ERR,ERR,ERR,ERR,ERR,ERR,0.0,-107615392.0,0.0,0.0,0.0,1.3936040501711995e+18,7.805,0.0,0,0,4,0,7116,0.0,100,0.0,0.0,0.0,0.0,0.0,0,0,0,0,0.0,0,0,0,0,0,0,0,0,0,0,0,0,0,0,0,0,0,0,0,0,0,0,0,0,0,0,0,0,0,0,0,0,0,31,40,40,71,65476,0,300,0,0,8,21553,0.0,-107605600.0,0.0,0.0,0.0,0.0,0.0,0.0,0.0,0.0,0.0,0.0,0.0,0.0,0.0,0.0,0.0,0.0,0.0,0.0,0.0,0.0,-0.0,0.0,2.004,-0.0,0.0,0.0,0.0,0.0,6388.0,2.4230002984384564e+24,6925.0,0.0,0.0,0.0,0.0,0.0,0.0,0.0,0.0,69,-0.0,0.059,0.0,0.0,0.0,0.0,0.0,0.0,0.0,0,0,0,0.0,0.0,0.0,0.0,0.0,0.0,0.0,0.0,0.0,0.0,0.0,0.0,0.0,0.0,0.0,0.0,0,-107875648.0,69,0.0,138,0.0,-0.0,0,13107,17040,0,17049,0,17043,0,0,0,70,68,100,2.7302359370752657e+23,71.1,0.0,74.2,2.7302370179391762e+23,74.0,1,49,50,180,0,52429,0,0,0.0,0.0,0.0,0.0,-0.0,67.0,0.0,162057.094,0.0,750,0,739,0,0,0,721,0,765,0,735,0,742,0,741,0,712,0,7520,0.032,79456894976.0,0.0,0.0,784,16797,-0.0,162057.094,-114818.039,-0.0,0.133,6.909358625270745e+28,30.0,65.0,35,0.0,0.0,0.0,0.0,0.0,0.0,0.0,0.0,0.0,0.0,0.0,0.0,0.0,0.0,0.0,0.0,69.2,0,150,71,54,65476,0,300,0,1,8,20529,65476,0,0,40632,65.0,0.0,0.0,0.0,0.0,0.0
2026-09-04T20:58:29,ERR,ERR,ERR,ERR,ERR,ERR,ERR,ERR,ERR,ERR,ERR,ERR,ERR,ERR,ERR,ERR,ERR,ERR,ERR,ERR,ERR,ERR,ERR,ERR,ERR,ERR,ERR,ERR,ERR,ERR,ERR,ERR,ERR,ERR,ERR,ERR,ERR,ERR,ERR,ERR,ERR,ERR,ERR,ERR,ERR,ERR,ERR,ERR,ERR,ERR,ERR,ERR,ERR,ERR,ERR,ERR,ERR,ERR,ERR,ERR,ERR,ERR,ERR,ERR,ERR,ERR,ERR,ERR,ERR,ERR,ERR,ERR,ERR,ERR,ERR,ERR,ERR,ERR,ERR,ERR,ERR,ERR,ERR,ERR,ERR,ERR,ERR,ERR,ERR,ERR,ERR,ERR,ERR,ERR,ERR,ERR,ERR,ERR,ERR,ERR,ERR,ERR,ERR,ERR,ERR,ERR,ERR,ERR,ERR,ERR,ERR,ERR,ERR,ERR,ERR,ERR,ERR,ERR,ERR,ERR,ERR,ERR,ERR,ERR,ERR,0.0,-107615392.0,0.0,0.0,0.0,1.3936040501711995e+18,7.805,0.0,0,0,4,0,7116,0.0,100,0.0,0.0,0.0,0.0,0.0,0,0,0,0,0.0,0,0,0,0,0,0,0,0,0,0,0,0,0,0,0,0,0,0,0,0,0,0,0,0,0,0,0,0,0,0,0,0,0,31,40,40,71,65476,0,300,0,0,8,21553,0.0,-107605600.0,0.0,0.0,0.0,0.0,0.0,0.0,0.0,0.0,0.0,0.0,0.0,0.0,0.0,0.0,0.0,0.0,0.0,0.0,0.0,0.0,-0.0,0.0,2.004,-0.0,0.0,0.0,0.0,0.0,6388.0,2.4230002984384564e+24,6925.0,0.0,0.0,0.0,0.0,0.0,0.0,0.0,0.0,69,-0.0,0.059,0.0,0.0,0.0,0.0,0.0,0.0,0.0,0,0,0,0.0,0.0,0.0,0.0,0.0,0.0,0.0,0.0,0.0,0.0,0.0,0.0,0.0,0.0,0.0,0.0,0,-107875648.0,69,0.0,138,0.0,-0.0,0,13107,17040,0,17049,0,17043,0,0,0,70,68,100,2.7302359370752657e+23,71.1,0.0,74.2,2.7302370179391762e+23,74.0,1,49,50,180,0,52429,0,0,0.0,0.0,0.0,0.0,-0.0,67.0,0.0,162057.094,0.0,750,0,739,0,0,0,721,0,765,0,735,0,742,0,741,0,712,0,7520,0.032,79456894976.0,0.0,0.0,784,16797,-0.0,162057.094,-114818.039,-0.0,0.133,6.909358625270745e+28,30.0,65.0,35,0.0,0.0,0.0,0.0,0.0,0.0,0.0,0.0,0.0,0.0,0.0,0.0,0.0,0.0,0.0,0.0,69.2,0,150,71,54,65476,0,300,0,1,8,20529,65476,0,0,40632,65.0,0.0,0.0,0.0,0.0,0.0
2026-09-04T20:58:30,ERR,ERR,ERR,ERR,ERR,ERR,ERR,ERR,ERR,ERR,ERR,ERR,ERR,ERR,ERR,ERR,ERR,ERR,ERR,ERR,ERR,ERR,ERR,ERR,ERR,ERR,ERR,ERR,ERR,ERR,ERR,ERR,ERR,ERR,ERR,ERR,ERR,ERR,ERR,ERR,ERR,ERR,ERR,ERR,ERR,ERR,ERR,ERR,ERR,ERR,ERR,ERR,ERR,ERR,ERR,ERR,ERR,ERR,ERR,ERR,ERR,ERR,ERR,ERR,ERR,ERR,ERR,ERR,ERR,ERR,ERR,ERR,ERR,ERR,ERR,ERR,ERR,ERR,ERR,ERR,ERR,ERR,ERR,ERR,ERR,ERR,ERR,ERR,ERR,ERR,ERR,ERR,ERR,ERR,ERR,ERR,ERR,ERR,ERR,ERR,ERR,ERR,ERR,ERR,ERR,ERR,ERR,ERR,ERR,ERR,ERR,ERR,ERR,ERR,ERR,ERR,ERR,ERR,ERR,ERR,ERR,ERR,ERR,ERR,ERR,0.0,-107615392.0,0.0,0.0,0.0,1.3936040501711995e+18,7.805,0.0,0,0,4,0,7116,0.0,100,0.0,0.0,0.0,0.0,0.0,0,0,0,0,0.0,0,0,0,0,0,0,0,0,0,0,0,0,0,0,0,0,0,0,0,0,0,0,0,0,0,0,0,0,0,0,0,0,0,31,40,40,71,65476,0,300,0,0,8,21553,0.0,-107605600.0,0.0,0.0,0.0,0.0,0.0,0.0,0.0,0.0,0.0,0.0,0.0,0.0,0.0,0.0,0.0,0.0,0.0,0.0,0.0,0.0,-0.0,0.0,2.004,-0.0,0.0,0.0,0.0,0.0,6388.0,2.4230002984384564e+24,6925.0,0.0,0.0,0.0,0.0,0.0,0.0,0.0,0.0,69,-0.0,0.059,0.0,0.0,0.0,0.0,0.0,0.0,0.0,0,0,0,0.0,0.0,0.0,0.0,0.0,0.0,0.0,0.0,0.0,0.0,0.0,0.0,0.0,0.0,0.0,0.0,0,-107875648.0,69,0.0,138,0.0,-0.0,0,13107,17040,0,17049,0,17043,0,0,0,70,68,100,2.7302359370752657e+23,71.1,0.0,74.2,2.7302370179391762e+23,74.0,1,49,50,180,0,52429,0,0,0.0,0.0,0.0,0.0,-0.0,67.0,0.0,162057.094,0.0,750,0,739,0,0,0,721,0,765,0,735,0,742,0,741,0,712,0,7520,0.032,79456894976.0,0.0,0.0,784,16797,-0.0,162057.094,-114818.039,-0.0,0.133,6.909358625270745e+28,30.0,65.0,35,0.0,0.0,0.0,0.0,0.0,0.0,0.0,0.0,0.0,0.0,0.0,0.0,0.0,0.0,0.0,0.0,69.2,0,150,71,54,65476,0,300,0,1,8,20529,65476,0,0,40632,65.0,0.0,0.0,0.0,0.0,0.0
2026-09-04T20:58:31,ERR,ERR,ERR,ERR,ERR,ERR,ERR,ERR,ERR,ERR,ERR,ERR,ERR,ERR,ERR,ERR,ERR,ERR,ERR,ERR,ERR,ERR,ERR,ERR,ERR,ERR,ERR,ERR,ERR,ERR,ERR,ERR,ERR,ERR,ERR,ERR,ERR,ERR,ERR,ERR,ERR,ERR,ERR,ERR,ERR,ERR,ERR,ERR,ERR,ERR,ERR,ERR,ERR,ERR,ERR,ERR,ERR,ERR,ERR,ERR,ERR,ERR,ERR,ERR,ERR,ERR,ERR,ERR,ERR,ERR,ERR,ERR,ERR,ERR,ERR,ERR,ERR,ERR,ERR,ERR,ERR,ERR,ERR,ERR,ERR,ERR,ERR,ERR,ERR,ERR,ERR,ERR,ERR,ERR,ERR,ERR,ERR,ERR,ERR,ERR,ERR,ERR,ERR,ERR,ERR,ERR,ERR,ERR,ERR,ERR,ERR,ERR,ERR,ERR,ERR,ERR,ERR,ERR,ERR,ERR,ERR,ERR,ERR,ERR,ERR,0.0,-107615392.0,0.0,0.0,0.0,1.3936040501711995e+18,7.805,0.0,0,0,4,0,7116,0.0,100,0.0,0.0,0.0,0.0,0.0,0,0,0,0,0.0,0,0,0,0,0,0,0,0,0,0,0,0,0,0,0,0,0,0,0,0,0,0,0,0,0,0,0,0,0,0,0,0,0,31,40,40,71,65476,0,300,0,0,8,21553,0.0,-107605600.0,0.0,0.0,0.0,0.0,0.0,0.0,0.0,0.0,0.0,0.0,0.0,0.0,0.0,0.0,0.0,0.0,0.0,0.0,0.0,0.0,-0.0,0.0,2.004,-0.0,0.0,0.0,0.0,0.0,6388.0,2.4230002984384564e+24,6925.0,0.0,0.0,0.0,0.0,0.0,0.0,0.0,0.0,69,-0.0,0.059,0.0,0.0,0.0,0.0,0.0,0.0,0.0,0,0,0,0.0,0.0,0.0,0.0,0.0,0.0,0.0,0.0,0.0,0.0,0.0,0.0,0.0,0.0,0.0,0.0,0,-107875648.0,69,0.0,138,0.0,-0.0,0,13107,17040,0,17049,0,17043,0,0,0,70,68,100,2.7302359370752657e+23,71.1,0.0,74.2,2.7302370179391762e+23,74.0,1,49,50,180,0,52429,0,0,0.0,0.0,0.0,0.0,-0.0,67.0,0.0,162057.094,0.0,750,0,739,0,0,0,721,0,765,0,735,0,742,0,741,0,712,0,7520,0.032,78383153152.0,0.0,0.0,784,16797,-0.0,162057.094,-114818.039,-0.0,0.133,6.909358625270745e+28,30.0,65.0,35,0.0,0.0,0.0,0.0,0.0,0.0,0.0,0.0,0.0,0.0,0.0,0.0,0.0,0.0,0.0,0.0,69.2,0,150,71,54,65476,0,300,0,1,8,20529,65476,0,0,40632,65.0,0.0,0.0,0.0,0.0,0.0
2026-09-04T20:58:32,ERR,ERR,ERR,ERR,ERR,ERR,ERR,ERR,ERR,ERR,ERR,ERR,ERR,ERR,ERR,ERR,ERR,ERR,ERR,ERR,ERR,ERR,ERR,ERR,ERR,ERR,ERR,ERR,ERR,ERR,ERR,ERR,ERR,ERR,ERR,ERR,ERR,ERR,ERR,ERR,ERR,ERR,ERR,ERR,ERR,ERR,ERR,ERR,ERR,ERR,ERR,ERR,ERR,ERR,ERR,ERR,ERR,ERR,ERR,ERR,ERR,ERR,ERR,ERR,ERR,ERR,ERR,ERR,ERR,ERR,ERR,ERR,ERR,ERR,ERR,ERR,ERR,ERR,ERR,ERR,ERR,ERR,ERR,ERR,ERR,ERR,ERR,ERR,ERR,ERR,ERR,ERR,ERR,ERR,ERR,ERR,ERR,ERR,ERR,ERR,ERR,ERR,ERR,ERR,ERR,ERR,ERR,ERR,ERR,ERR,ERR,ERR,ERR,ERR,ERR,ERR,ERR,ERR,ERR,ERR,ERR,ERR,ERR,ERR,ERR,0.0,-107615392.0,0.0,0.0,0.0,1.3936040501711995e+18,7.805,0.0,0,0,4,0,7116,0.0,100,0.0,0.0,0.0,0.0,0.0,0,0,0,0,0.0,0,0,0,0,0,0,0,0,0,0,0,0,0,0,0,0,0,0,0,0,0,0,0,0,0,0,0,0,0,0,0,0,0,31,40,40,71,65476,0,300,0,0,8,21553,0.0,-107605600.0,0.0,0.0,0.0,0.0,0.0,0.0,0.0,0.0,0.0,0.0,0.0,0.0,0.0,0.0,0.0,0.0,0.0,0.0,0.0,0.0,-0.0,0.0,2.004,-0.0,0.0,0.0,0.0,0.0,6388.0,2.4230002984384564e+24,6925.0,0.0,0.0,0.0,0.0,0.0,0.0,0.0,0.0,69,-0.0,0.059,0.0,0.0,0.0,0.0,0.0,0.0,0.0,0,0,0,0.0,0.0,0.0,0.0,0.0,0.0,0.0,0.0,0.0,0.0,0.0,0.0,0.0,0.0,0.0,0.0,0,-107875648.0,69,0.0,138,0.0,-0.0,0,13107,17040,0,17049,0,17043,0,0,0,70,68,100,2.7302359370752657e+23,71.1,0.0,74.2,2.7302370179391762e+23,74.0,1,49,50,180,0,52429,0,0,0.0,0.0,0.0,0.0,-0.0,67.0,0.0,162057.094,0.0,750,0,739,0,0,0,721,0,765,0,735,0,742,0,741,0,712,0,7520,0.032,78383153152.0,0.0,0.0,784,16797,-0.0,162057.094,-114818.039,-0.0,0.133,6.909358625270745e+28,30.0,65.0,35,0.0,0.0,0.0,0.0,0.0,0.0,0.0,0.0,0.0,0.0,0.0,0.0,0.0,0.0,0.0,0.0,69.2,0,150,71,54,65476,0,300,0,1,8,20529,65476,0,0,40632,65.0,0.0,0.0,0.0,0.0,0.0
2026-09-04T20:58:33,ERR,ERR,ERR,ERR,ERR,ERR,ERR,ERR,ERR,ERR,ERR,ERR,ERR,ERR,ERR,ERR,ERR,ERR,ERR,ERR,ERR,ERR,ERR,ERR,ERR,ERR,ERR,ERR,ERR,ERR,ERR,ERR,ERR,ERR,ERR,ERR,ERR,ERR,ERR,ERR,ERR,ERR,ERR,ERR,ERR,ERR,ERR,ERR,ERR,ERR,ERR,ERR,ERR,ERR,ERR,ERR,ERR,ERR,ERR,ERR,ERR,ERR,ERR,ERR,ERR,ERR,ERR,ERR,ERR,ERR,ERR,ERR,ERR,ERR,ERR,ERR,ERR,ERR,ERR,ERR,ERR,ERR,ERR,ERR,ERR,ERR,ERR,ERR,ERR,ERR,ERR,ERR,ERR,ERR,ERR,ERR,ERR,ERR,ERR,ERR,ERR,ERR,ERR,ERR,ERR,ERR,ERR,ERR,ERR,ERR,ERR,ERR,ERR,ERR,ERR,ERR,ERR,ERR,ERR,ERR,ERR,ERR,ERR,ERR,ERR,0.0,-107615392.0,0.0,0.0,0.0,1.3936040501711995e+18,7.805,0.0,0,0,4,0,7116,0.0,100,0.0,0.0,0.0,0.0,0.0,0,0,0,0,0.0,0,0,0,0,0,0,0,0,0,0,0,0,0,0,0,0,0,0,0,0,0,0,0,0,0,0,0,0,0,0,0,0,0,31,40,40,71,65476,0,300,0,0,8,21553,0.0,-107605600.0,0.0,0.0,0.0,0.0,0.0,0.0,0.0,0.0,0.0,0.0,0.0,0.0,0.0,0.0,0.0,0.0,0.0,0.0,0.0,0.0,-0.0,0.0,2.004,-0.0,0.0,0.0,0.0,0.0,6388.0,2.4230002984384564e+24,6925.0,0.0,0.0,0.0,0.0,0.0,0.0,0.0,0.0,69,-0.0,0.059,0.0,0.0,0.0,0.0,0.0,0.0,0.0,0,0,0,0.0,0.0,0.0,0.0,0.0,0.0,0.0,0.0,0.0,0.0,0.0,0.0,0.0,0.0,0.0,0.0,0,-107875648.0,69,0.0,138,0.0,-0.0,0,13107,17040,0,17049,0,17043,0,0,0,70,68,100,2.7302359370752657e+23,71.1,0.0,74.2,2.7302370179391762e+23,74.0,1,49,50,180,0,52429,0,0,0.0,0.0,0.0,0.0,-0.0,67.0,0.0,162057.094,0.0,750,0,739,0,0,0,721,0,765,0,735,0,742,0,741,0,712,0,7520,0.032,78383153152.0,0.0,0.0,784,16797,-0.0,162057.094,-114818.039,-0.0,0.133,6.909358625270745e+28,30.0,65.0,35,0.0,0.0,0.0,0.0,0.0,0.0,0.0,0.0,0.0,0.0,0.0,0.0,0.0,0.0,0.0,0.0,69.2,0,150,71,54,65476,0,300,0,1,8,20529,65476,0,0,40632,65.0,0.0,0.0,0.0,0.0,0.0
2026-09-04T20:58:34,ERR,ERR,ERR,ERR,ERR,ERR,ERR,ERR,ERR,ERR,ERR,ERR,ERR,ERR,ERR,ERR,ERR,ERR,ERR,ERR,ERR,ERR,ERR,ERR,ERR,ERR,ERR,ERR,ERR,ERR,ERR,ERR,ERR,ERR,ERR,ERR,ERR,ERR,ERR,ERR,ERR,ERR,ERR,ERR,ERR,ERR,ERR,ERR,ERR,ERR,ERR,ERR,ERR,ERR,ERR,ERR,ERR,ERR,ERR,ERR,ERR,ERR,ERR,ERR,ERR,ERR,ERR,ERR,ERR,ERR,ERR,ERR,ERR,ERR,ERR,ERR,ERR,ERR,ERR,ERR,ERR,ERR,ERR,ERR,ERR,ERR,ERR,ERR,ERR,ERR,ERR,ERR,ERR,ERR,ERR,ERR,ERR,ERR,ERR,ERR,ERR,ERR,ERR,ERR,ERR,ERR,ERR,ERR,ERR,ERR,ERR,ERR,ERR,ERR,ERR,ERR,ERR,ERR,ERR,ERR,ERR,ERR,ERR,ERR,ERR,0.0,-107615392.0,0.0,0.0,0.0,1.3936040501711995e+18,7.805,0.0,0,0,4,0,7116,0.0,100,0.0,0.0,0.0,0.0,0.0,0,0,0,0,0.0,0,0,0,0,0,0,0,0,0,0,0,0,0,0,0,0,0,0,0,0,0,0,0,0,0,0,0,0,0,0,0,0,0,31,40,40,71,65476,0,300,0,0,8,21553,0.0,-107605600.0,0.0,0.0,0.0,0.0,0.0,0.0,0.0,0.0,0.0,0.0,0.0,0.0,0.0,0.0,0.0,0.0,0.0,0.0,0.0,0.0,-0.0,0.0,2.004,-0.0,0.0,0.0,0.0,0.0,6388.0,2.4230002984384564e+24,6925.0,0.0,0.0,0.0,0.0,0.0,0.0,0.0,0.0,69,-0.0,0.059,0.0,0.0,0.0,0.0,0.0,0.0,0.0,0,0,0,0.0,0.0,0.0,0.0,0.0,0.0,0.0,0.0,0.0,0.0,0.0,0.0,0.0,0.0,0.0,0.0,0,-107875648.0,69,0.0,138,0.0,-0.0,0,13107,17040,0,17049,0,17043,0,0,0,70,68,100,2.7302359370752657e+23,71.1,0.0,74.2,2.7302370179391762e+23,74.0,1,49,50,180,0,52429,0,0,0.0,0.0,0.0,0.0,-0.0,67.0,0.0,162057.094,0.0,750,0,739,0,0,0,721,0,765,0,735,0,742,0,741,0,712,0,7520,0.032,78383153152.0,0.0,0.0,784,16797,-0.0,162057.094,-114818.039,-0.0,0.133,6.909358625270745e+28,30.0,65.0,35,0.0,0.0,0.0,0.0,0.0,0.0,0.0,0.0,0.0,0.0,0.0,0.0,0.0,0.0,0.0,0.0,69.2,0,150,71,54,65476,0,300,0,1,8,20529,65476,0,0,40632,65.0,0.0,0.0,0.0,0.0,0.0
2026-09-04T20:58:35,ERR,ERR,ERR,ERR,ERR,ERR,ERR,ERR,ERR,ERR,ERR,ERR,ERR,ERR,ERR,ERR,ERR,ERR,ERR,ERR,ERR,ERR,ERR,ERR,ERR,ERR,ERR,ERR,ERR,ERR,ERR,ERR,ERR,ERR,ERR,ERR,ERR,ERR,ERR,ERR,ERR,ERR,ERR,ERR,ERR,ERR,ERR,ERR,ERR,ERR,ERR,ERR,ERR,ERR,ERR,ERR,ERR,ERR,ERR,ERR,ERR,ERR,ERR,ERR,ERR,ERR,ERR,ERR,ERR,ERR,ERR,ERR,ERR,ERR,ERR,ERR,ERR,ERR,ERR,ERR,ERR,ERR,ERR,ERR,ERR,ERR,ERR,ERR,ERR,ERR,ERR,ERR,ERR,ERR,ERR,ERR,ERR,ERR,ERR,ERR,ERR,ERR,ERR,ERR,ERR,ERR,ERR,ERR,ERR,ERR,ERR,ERR,ERR,ERR,ERR,ERR,ERR,ERR,ERR,ERR,ERR,ERR,ERR,ERR,ERR,0.0,-107615392.0,0.0,0.0,0.0,1.3936040501711995e+18,7.805,0.0,0,0,4,0,7116,0.0,100,0.0,0.0,0.0,0.0,0.0,0,0,0,0,0.0,0,0,0,0,0,0,0,0,0,0,0,0,0,0,0,0,0,0,0,0,0,0,0,0,0,0,0,0,0,0,0,0,0,31,40,40,71,65476,0,300,0,0,8,21553,0.0,-107605600.0,0.0,0.0,0.0,0.0,0.0,0.0,0.0,0.0,0.0,0.0,0.0,0.0,0.0,0.0,0.0,0.0,0.0,0.0,0.0,0.0,-0.0,0.0,2.004,-0.0,0.0,0.0,0.0,0.0,6388.0,2.4230002984384564e+24,6925.0,0.0,0.0,0.0,0.0,0.0,0.0,0.0,0.0,69,-0.0,0.059,0.0,0.0,0.0,0.0,0.0,0.0,0.0,0,0,0,0.0,0.0,0.0,0.0,0.0,0.0,0.0,0.0,0.0,0.0,0.0,0.0,0.0,0.0,0.0,0.0,0,-107875648.0,69,0.0,138,0.0,-0.0,0,13107,17040,0,17049,0,17043,0,0,0,70,68,100,2.7302359370752657e+23,71.1,0.0,74.2,2.7302370179391762e+23,74.0,1,49,50,180,0,52429,0,0,0.0,0.0,0.0,0.0,-0.0,67.0,0.0,162057.094,0.0,750,0,739,0,0,0,721,0,765,0,735,0,742,0,741,0,712,0,7520,0.032,78383153152.0,0.0,0.0,784,16797,-0.0,162057.094,-114818.039,-0.0,0.133,6.909358625270745e+28,30.0,65.0,35,0.0,0.0,0.0,0.0,0.0,0.0,0.0,0.0,0.0,0.0,0.0,0.0,0.0,0.0,0.0,0.0,69.6,0,150,71,54,65476,0,300,0,1,8,20529,65476,0,0,40632,65.0,0.0,0.0,0.0,0.0,0.0
2026-09-04T20:58:36,ERR,ERR,ERR,ERR,ERR,ERR,ERR,ERR,ERR,ERR,ERR,ERR,ERR,ERR,ERR,ERR,ERR,ERR,ERR,ERR,ERR,ERR,ERR,ERR,ERR,ERR,ERR,ERR,ERR,ERR,ERR,ERR,ERR,ERR,ERR,ERR,ERR,ERR,ERR,ERR,ERR,ERR,ERR,ERR,ERR,ERR,ERR,ERR,ERR,ERR,ERR,ERR,ERR,ERR,ERR,ERR,ERR,ERR,ERR,ERR,ERR,ERR,ERR,ERR,ERR,ERR,ERR,ERR,ERR,ERR,ERR,ERR,ERR,ERR,ERR,ERR,ERR,ERR,ERR,ERR,ERR,ERR,ERR,ERR,ERR,ERR,ERR,ERR,ERR,ERR,ERR,ERR,ERR,ERR,ERR,ERR,ERR,ERR,ERR,ERR,ERR,ERR,ERR,ERR,ERR,ERR,ERR,ERR,ERR,ERR,ERR,ERR,ERR,ERR,ERR,ERR,ERR,ERR,ERR,ERR,ERR,ERR,ERR,ERR,ERR,0.0,-107615392.0,0.0,0.0,0.0,1.3936040501711995e+18,7.805,0.0,0,0,4,0,7116,0.0,100,0.0,0.0,0.0,0.0,0.0,0,0,0,0,0.0,0,0,0,0,0,0,0,0,0,0,0,0,0,0,0,0,0,0,0,0,0,0,0,0,0,0,0,0,0,0,0,0,0,31,40,40,71,65476,0,300,0,0,8,21553,0.0,-107605600.0,0.0,0.0,0.0,0.0,0.0,0.0,0.0,0.0,0.0,0.0,0.0,0.0,0.0,0.0,0.0,0.0,0.0,0.0,0.0,0.0,-0.0,0.0,2.004,-0.0,0.0,0.0,0.0,0.0,6393.0,0.0,6913.0,0.0,-107615392.0,0.0,0.0,0.0,0.0,0.0,0.0,69,-0.0,-71.63,0.0,0.0,0.0,0.0,0.0,0.0,0.0,0,0,0,0.0,0.0,0.0,0.0,0.0,0.0,0.0,0.0,0.0,0.0,0.0,0.0,0.0,0.0,0.0,0.0,0,-107875648.0,69,0.0,138,0.0,-0.0,0,13107,17040,0,17049,0,17043,0,0,0,70,68,100,2.7302359370752657e+23,71.1,0.0,74.2,2.7302370179391762e+23,74.0,1,49,50,180,0,52429,0,0,0.0,0.0,0.0,0.0,-0.0,67.0,0.0,162057.094,0.0,750,0,739,0,0,0,721,0,765,0,735,0,742,0,741,0,712,0,7520,0.032,78383153152.0,0.0,0.0,784,16797,-0.0,162057.094,-114818.039,-0.0,0.133,6.909358625270745e+28,30.0,65.0,35,0.0,0.0,0.0,0.0,0.0,0.0,0.0,0.0,0.0,0.0,0.0,0.0,0.0,0.0,0.0,0.0,69.6,0,150,71,54,65476,0,300,0,1,8,20529,65476,0,0,40632,65.0,0.0,0.0,0.0,0.0,0.0
2026-09-04T20:58:37,ERR,ERR,ERR,ERR,ERR,ERR,ERR,ERR,ERR,ERR,ERR,ERR,ERR,ERR,ERR,ERR,ERR,ERR,ERR,ERR,ERR,ERR,ERR,ERR,ERR,ERR,ERR,ERR,ERR,ERR,ERR,ERR,ERR,ERR,ERR,ERR,ERR,ERR,ERR,ERR,ERR,ERR,ERR,ERR,ERR,ERR,ERR,ERR,ERR,ERR,ERR,ERR,ERR,ERR,ERR,ERR,ERR,ERR,ERR,ERR,ERR,ERR,ERR,ERR,ERR,ERR,ERR,ERR,ERR,ERR,ERR,ERR,ERR,ERR,ERR,ERR,ERR,ERR,ERR,ERR,ERR,ERR,ERR,ERR,ERR,ERR,ERR,ERR,ERR,ERR,ERR,ERR,ERR,ERR,ERR,ERR,ERR,ERR,ERR,ERR,ERR,ERR,ERR,ERR,ERR,ERR,ERR,ERR,ERR,ERR,ERR,ERR,ERR,ERR,ERR,ERR,ERR,ERR,ERR,ERR,ERR,ERR,ERR,ERR,ERR,0.0,-107615392.0,0.0,0.0,0.0,1.3936040501711995e+18,7.805,0.0,0,0,4,0,7116,0.0,100,0.0,0.0,0.0,0.0,0.0,0,0,0,0,0.0,0,0,0,0,0,0,0,0,0,0,0,0,0,0,0,0,0,0,0,0,0,0,0,0,0,0,0,0,0,0,0,0,0,31,40,40,71,65476,0,300,0,0,8,21553,0.0,-107605600.0,0.0,0.0,0.0,0.0,0.0,0.0,0.0,0.0,0.0,0.0,0.0,0.0,0.0,0.0,0.0,0.0,0.0,0.0,0.0,0.0,-0.0,0.0,2.004,-0.0,0.0,0.0,0.0,0.0,6393.0,0.0,6913.0,0.0,-107615392.0,0.0,0.0,0.0,0.0,0.0,0.0,69,-0.0,-71.63,0.0,0.0,0.0,0.0,0.0,0.0,0.0,0,0,0,0.0,0.0,0.0,0.0,0.0,0.0,0.0,0.0,0.0,0.0,0.0,0.0,0.0,0.0,0.0,0.0,0,-107875648.0,69,0.0,138,0.0,-0.0,0,13107,17040,0,17049,0,17043,0,0,0,70,68,100,2.7302359370752657e+23,71.1,0.0,74.2,2.7302370179391762e+23,74.0,1,49,50,180,0,52429,0,0,0.0,0.0,0.0,0.0,-0.0,67.0,0.0,162057.094,0.0,750,0,739,0,0,0,721,0,765,0,735,0,742,0,741,0,712,0,7520,0.032,79993765888.0,0.0,0.0,784,16797,-0.0,162057.094,-114818.039,-0.0,0.133,6.909358625270745e+28,30.0,65.0,35,0.0,0.0,0.0,0.0,0.0,0.0,0.0,0.0,0.0,0.0,0.0,0.0,0.0,0.0,0.0,0.0,69.6,0,150,71,54,65476,0,300,0,1,8,20529,65476,0,0,40632,65.0,0.0,0.0,0.0,0.0,0.0
2026-09-04T20:58:38,ERR,ERR,ERR,ERR,ERR,ERR,ERR,ERR,ERR,ERR,ERR,ERR,ERR,ERR,ERR,ERR,ERR,ERR,ERR,ERR,ERR,ERR,ERR,ERR,ERR,ERR,ERR,ERR,ERR,ERR,ERR,ERR,ERR,ERR,ERR,ERR,ERR,ERR,ERR,ERR,ERR,ERR,ERR,ERR,ERR,ERR,ERR,ERR,ERR,ERR,ERR,ERR,ERR,ERR,ERR,ERR,ERR,ERR,ERR,ERR,ERR,ERR,ERR,ERR,ERR,ERR,ERR,ERR,ERR,ERR,ERR,ERR,ERR,ERR,ERR,ERR,ERR,ERR,ERR,ERR,ERR,ERR,ERR,ERR,ERR,ERR,ERR,ERR,ERR,ERR,ERR,ERR,ERR,ERR,ERR,ERR,ERR,ERR,ERR,ERR,ERR,ERR,ERR,ERR,ERR,ERR,ERR,ERR,ERR,ERR,ERR,ERR,ERR,ERR,ERR,ERR,ERR,ERR,ERR,ERR,ERR,ERR,ERR,ERR,ERR,0.0,-107615392.0,0.0,0.0,0.0,1.3936040501711995e+18,7.805,0.0,0,0,4,0,7116,0.0,100,0.0,0.0,0.0,0.0,0.0,0,0,0,0,0.0,0,0,0,0,0,0,0,0,0,0,0,0,0,0,0,0,0,0,0,0,0,0,0,0,0,0,0,0,0,0,0,0,0,31,40,40,71,65476,0,300,0,0,8,21553,0.0,-107605600.0,0.0,0.0,0.0,0.0,0.0,0.0,0.0,0.0,0.0,0.0,0.0,0.0,0.0,0.0,0.0,0.0,0.0,0.0,0.0,0.0,-0.0,0.0,2.004,-0.0,0.0,0.0,0.0,0.0,6393.0,0.0,6913.0,0.0,-107615392.0,0.0,0.0,0.0,0.0,0.0,0.0,69,-0.0,-71.63,0.0,0.0,0.0,0.0,0.0,0.0,0.0,0,0,0,0.0,0.0,0.0,0.0,0.0,0.0,0.0,0.0,0.0,0.0,0.0,0.0,0.0,0.0,0.0,0.0,0,-107875648.0,69,0.0,138,0.0,-0.0,0,13107,17040,0,17049,0,17043,0,0,0,70,68,100,2.7302359370752657e+23,71.1,0.0,74.2,2.7302370179391762e+23,74.0,1,49,50,180,0,52429,0,0,0.0,0.0,0.0,0.0,-0.0,67.0,0.0,162057.094,0.0,750,0,739,0,0,0,721,0,765,0,735,0,742,0,741,0,712,0,7520,0.032,79993765888.0,0.0,0.0,784,16797,-0.0,162057.094,-114818.039,-0.0,0.133,6.909358625270745e+28,30.0,65.0,35,0.0,0.0,0.0,0.0,0.0,0.0,0.0,0.0,0.0,0.0,0.0,0.0,0.0,0.0,0.0,0.0,69.6,0,150,71,54,65476,0,300,0,1,8,20529,65476,0,0,40632,65.0,0.0,0.0,0.0,0.0,0.0
2026-09-04T20:58:39,ERR,ERR,ERR,ERR,ERR,ERR,ERR,ERR,ERR,ERR,ERR,ERR,ERR,ERR,ERR,ERR,ERR,ERR,ERR,ERR,ERR,ERR,ERR,ERR,ERR,ERR,ERR,ERR,ERR,ERR,ERR,ERR,ERR,ERR,ERR,ERR,ERR,ERR,ERR,ERR,ERR,ERR,ERR,ERR,ERR,ERR,ERR,ERR,ERR,ERR,ERR,ERR,ERR,ERR,ERR,ERR,ERR,ERR,ERR,ERR,ERR,ERR,ERR,ERR,ERR,ERR,ERR,ERR,ERR,ERR,ERR,ERR,ERR,ERR,ERR,ERR,ERR,ERR,ERR,ERR,ERR,ERR,ERR,ERR,ERR,ERR,ERR,ERR,ERR,ERR,ERR,ERR,ERR,ERR,ERR,ERR,ERR,ERR,ERR,ERR,ERR,ERR,ERR,ERR,ERR,ERR,ERR,ERR,ERR,ERR,ERR,ERR,ERR,ERR,ERR,ERR,ERR,ERR,ERR,ERR,ERR,ERR,ERR,ERR,ERR,0.0,-107615392.0,0.0,0.0,0.0,1.3936040501711995e+18,7.805,0.0,0,0,4,0,7116,0.0,100,0.0,0.0,0.0,0.0,0.0,0,0,0,0,0.0,0,0,0,0,0,0,0,0,0,0,0,0,0,0,0,0,0,0,0,0,0,0,0,0,0,0,0,0,0,0,0,0,0,31,40,40,71,65476,0,300,0,0,8,21553,0.0,-107605600.0,0.0,0.0,0.0,0.0,0.0,0.0,0.0,0.0,0.0,0.0,0.0,0.0,0.0,0.0,0.0,0.0,0.0,0.0,0.0,0.0,-0.0,0.0,2.004,-0.0,0.0,0.0,0.0,0.0,6393.0,0.0,6913.0,0.0,-107615392.0,0.0,0.0,0.0,0.0,0.0,0.0,69,-0.0,-71.63,0.0,0.0,0.0,0.0,0.0,0.0,0.0,0,0,0,0.0,0.0,0.0,0.0,0.0,0.0,0.0,0.0,0.0,0.0,0.0,0.0,0.0,0.0,0.0,0.0,0,-107875648.0,69,0.0,138,0.0,-0.0,0,13107,17040,0,17049,0,17043,0,0,0,70,68,100,2.7302359370752657e+23,71.1,0.0,74.2,2.7302370179391762e+23,74.0,1,49,50,180,0,52429,0,0,0.0,0.0,0.0,0.0,-0.0,67.0,0.0,162057.094,0.0,750,0,739,0,0,0,721,0,765,0,735,0,742,0,741,0,712,0,7520,0.032,79993765888.0,0.0,0.0,784,16797,-0.0,162057.094,-114818.039,-0.0,0.133,6.909358625270745e+28,30.0,65.0,35,0.0,0.0,0.0,0.0,0.0,0.0,0.0,0.0,0.0,0.0,0.0,0.0,0.0,0.0,0.0,0.0,69.6,0,150,71,54,65476,0,300,0,1,8,20529,65476,0,0,40632,65.0,0.0,0.0,0.0,0.0,0.0
2026-09-04T20:58:40,ERR,ERR,ERR,ERR,ERR,ERR,ERR,ERR,ERR,ERR,ERR,ERR,ERR,ERR,ERR,ERR,ERR,ERR,ERR,ERR,ERR,ERR,ERR,ERR,ERR,ERR,ERR,ERR,ERR,ERR,ERR,ERR,ERR,ERR,ERR,ERR,ERR,ERR,ERR,ERR,ERR,ERR,ERR,ERR,ERR,ERR,ERR,ERR,ERR,ERR,ERR,ERR,ERR,ERR,ERR,ERR,ERR,ERR,ERR,ERR,ERR,ERR,ERR,ERR,ERR,ERR,ERR,ERR,ERR,ERR,ERR,ERR,ERR,ERR,ERR,ERR,ERR,ERR,ERR,ERR,ERR,ERR,ERR,ERR,ERR,ERR,ERR,ERR,ERR,ERR,ERR,ERR,ERR,ERR,ERR,ERR,ERR,ERR,ERR,ERR,ERR,ERR,ERR,ERR,ERR,ERR,ERR,ERR,ERR,ERR,ERR,ERR,ERR,ERR,ERR,ERR,ERR,ERR,ERR,ERR,ERR,ERR,ERR,ERR,ERR,0.0,-107615392.0,0.0,0.0,0.0,1.3936040501711995e+18,7.805,0.0,0,0,4,0,7116,0.0,100,0.0,0.0,0.0,0.0,0.0,0,0,0,0,0.0,0,0,0,0,0,0,0,0,0,0,0,0,0,0,0,0,0,0,0,0,0,0,0,0,0,0,0,0,0,0,0,0,0,31,40,40,71,65476,0,300,0,0,8,21553,0.0,-107605600.0,0.0,0.0,0.0,0.0,0.0,0.0,0.0,0.0,0.0,0.0,0.0,0.0,0.0,0.0,0.0,0.0,0.0,0.0,0.0,0.0,-0.0,0.0,2.004,-0.0,0.0,0.0,0.0,0.0,6393.0,0.0,6913.0,0.0,-107615392.0,0.0,0.0,0.0,0.0,0.0,0.0,69,-0.0,-71.63,0.0,0.0,0.0,0.0,0.0,0.0,0.0,0,0,0,0.0,0.0,0.0,0.0,0.0,0.0,0.0,0.0,0.0,0.0,0.0,0.0,0.0,0.0,0.0,0.0,0,-107875648.0,69,0.0,138,0.0,-0.0,0,13107,17040,0,17049,0,17043,0,0,0,70,68,100,2.7302359370752657e+23,71.1,0.0,74.2,2.7302370179391762e+23,74.0,1,49,50,180,0,52429,0,0,0.0,0.0,0.0,0.0,-0.0,67.0,0.0,162057.094,0.0,750,0,739,0,0,0,721,0,765,0,735,0,742,0,741,0,712,0,7520,0.032,79993765888.0,0.0,0.0,784,16797,-0.0,162057.094,-114818.039,-0.0,0.133,6.909358625270745e+28,30.0,65.0,35,0.0,0.0,0.0,0.0,0.0,0.0,0.0,0.0,0.0,0.0,0.0,0.0,0.0,0.0,0.0,0.0,69.6,0,150,71,54,65476,0,300,0,1,8,20529,65476,0,0,40632,65.0,0.0,0.0,0.0,0.0,0.0
2026-09-04T20:58:41,ERR,ERR,ERR,ERR,ERR,ERR,ERR,ERR,ERR,ERR,ERR,ERR,ERR,ERR,ERR,ERR,ERR,ERR,ERR,ERR,ERR,ERR,ERR,ERR,ERR,ERR,ERR,ERR,ERR,ERR,ERR,ERR,ERR,ERR,ERR,ERR,ERR,ERR,ERR,ERR,ERR,ERR,ERR,ERR,ERR,ERR,ERR,ERR,ERR,ERR,ERR,ERR,ERR,ERR,ERR,ERR,ERR,ERR,ERR,ERR,ERR,ERR,ERR,ERR,ERR,ERR,ERR,ERR,ERR,ERR,ERR,ERR,ERR,ERR,ERR,ERR,ERR,ERR,ERR,ERR,ERR,ERR,ERR,ERR,ERR,ERR,ERR,ERR,ERR,ERR,ERR,ERR,ERR,ERR,ERR,ERR,ERR,ERR,ERR,ERR,ERR,ERR,ERR,ERR,ERR,ERR,ERR,ERR,ERR,ERR,ERR,ERR,ERR,ERR,ERR,ERR,ERR,ERR,ERR,ERR,ERR,ERR,ERR,ERR,ERR,0.0,-107615392.0,0.0,0.0,0.0,1.3936040501711995e+18,7.805,0.0,0,0,4,0,7116,0.0,100,0.0,0.0,0.0,0.0,0.0,0,0,0,0,0.0,0,0,0,0,0,0,0,0,0,0,0,0,0,0,0,0,0,0,0,0,0,0,0,0,0,0,0,0,0,0,0,0,0,31,40,40,71,65476,0,300,0,0,8,21553,0.0,-107605600.0,0.0,0.0,0.0,0.0,0.0,0.0,0.0,0.0,0.0,0.0,0.0,0.0,0.0,0.0,0.0,0.0,0.0,0.0,0.0,0.0,-0.0,0.0,2.004,-0.0,0.0,0.0,0.0,0.0,6393.0,0.0,6913.0,0.0,-107615392.0,0.0,0.0,0.0,0.0,0.0,0.0,69,-0.0,-71.63,0.0,0.0,0.0,0.0,0.0,0.0,0.0,0,0,0,0.0,0.0,0.0,0.0,0.0,0.0,0.0,0.0,0.0,0.0,0.0,0.0,0.0,0.0,0.0,0.0,0,-107875648.0,69,0.0,138,0.0,-0.0,0,13107,17040,0,17049,0,17043,0,0,0,70,68,100,2.7302359370752657e+23,71.1,0.0,74.2,2.7302370179391762e+23,74.0,1,49,50,180,0,52429,0,0,0.0,0.0,0.0,0.0,-0.0,67.0,0.0,162057.094,0.0,750,0,739,0,0,0,721,0,765,0,735,0,742,0,741,0,712,0,7520,0.032,79993765888.0,0.0,0.0,784,16797,-0.0,162057.094,-114818.039,-0.0,0.133,6.909358625270745e+28,30.0,65.0,35,0.0,0.0,0.0,0.0,0.0,0.0,0.0,0.0,0.0,0.0,0.0,0.0,0.0,0.0,0.0,0.0,69.6,0,150,71,54,65476,0,300,0,1,8,20529,65476,0,0,40632,65.0,0.0,0.0,0.0,0.0,0.0
2026-09-04T20:58:42,ERR,ERR,ERR,ERR,ERR,ERR,ERR,ERR,ERR,ERR,ERR,ERR,ERR,ERR,ERR,ERR,ERR,ERR,ERR,ERR,ERR,ERR,ERR,ERR,ERR,ERR,ERR,ERR,ERR,ERR,ERR,ERR,ERR,ERR,ERR,ERR,ERR,ERR,ERR,ERR,ERR,ERR,ERR,ERR,ERR,ERR,ERR,ERR,ERR,ERR,ERR,ERR,ERR,ERR,ERR,ERR,ERR,ERR,ERR,ERR,ERR,ERR,ERR,ERR,ERR,ERR,ERR,ERR,ERR,ERR,ERR,ERR,ERR,ERR,ERR,ERR,ERR,ERR,ERR,ERR,ERR,ERR,ERR,ERR,ERR,ERR,ERR,ERR,ERR,ERR,ERR,ERR,ERR,ERR,ERR,ERR,ERR,ERR,ERR,ERR,ERR,ERR,ERR,ERR,ERR,ERR,ERR,ERR,ERR,ERR,ERR,ERR,ERR,ERR,ERR,ERR,ERR,ERR,ERR,ERR,ERR,ERR,ERR,ERR,ERR,0.0,-107615392.0,0.0,0.0,0.0,1.3936040501711995e+18,7.805,0.0,0,0,4,0,7116,0.0,100,0.0,0.0,0.0,0.0,0.0,0,0,0,0,0.0,0,0,0,0,0,0,0,0,0,0,0,0,0,0,0,0,0,0,0,0,0,0,0,0,0,0,0,0,0,0,0,0,0,31,40,40,71,65476,0,300,0,0,8,21553,0.0,-107605600.0,0.0,0.0,0.0,0.0,0.0,0.0,0.0,0.0,0.0,0.0,0.0,0.0,0.0,0.0,0.0,0.0,0.0,0.0,0.0,0.0,-0.0,0.0,2.004,-0.0,0.0,0.0,0.0,0.0,6393.0,0.0,6913.0,0.0,-107615392.0,0.0,0.0,0.0,0.0,0.0,0.0,69,-0.0,-71.63,0.0,0.0,0.0,0.0,0.0,0.0,0.0,0,0,0,0.0,0.0,0.0,0.0,0.0,0.0,0.0,0.0,0.0,0.0,0.0,0.0,0.0,0.0,0.0,0.0,0,-107875648.0,69,0.0,138,0.0,-0.0,0,13107,17040,0,17049,0,17043,0,0,0,70,68,100,2.7302359370752657e+23,71.1,0.0,74.2,2.7302370179391762e+23,74.0,1,49,50,180,0,52429,0,0,0.0,0.0,0.0,0.0,-0.0,67.0,0.0,162057.094,0.0,750,0,739,0,0,0,721,0,765,0,735,0,742,0,741,0,712,0,7520,0.032,79456894976.0,0.0,0.0,784,16797,-0.0,162057.094,-114818.039,-0.0,0.133,6.909358625270745e+28,30.0,65.0,35,0.0,0.0,0.0,0.0,0.0,0.0,0.0,0.0,0.0,0.0,0.0,0.0,0.0,0.0,0.0,0.0,69.2,0,150,71,54,65476,0,300,0,1,8,20529,65476,0,0,40632,65.0,0.0,0.0,0.0,0.0,0.0
2026-09-04T20:58:43,ERR,ERR,ERR,ERR,ERR,ERR,ERR,ERR,ERR,ERR,ERR,ERR,ERR,ERR,ERR,ERR,ERR,ERR,ERR,ERR,ERR,ERR,ERR,ERR,ERR,ERR,ERR,ERR,ERR,ERR,ERR,ERR,ERR,ERR,ERR,ERR,ERR,ERR,ERR,ERR,ERR,ERR,ERR,ERR,ERR,ERR,ERR,ERR,ERR,ERR,ERR,ERR,ERR,ERR,ERR,ERR,ERR,ERR,ERR,ERR,ERR,ERR,ERR,ERR,ERR,ERR,ERR,ERR,ERR,ERR,ERR,ERR,ERR,ERR,ERR,ERR,ERR,ERR,ERR,ERR,ERR,ERR,ERR,ERR,ERR,ERR,ERR,ERR,ERR,ERR,ERR,ERR,ERR,ERR,ERR,ERR,ERR,ERR,ERR,ERR,ERR,ERR,ERR,ERR,ERR,ERR,ERR,ERR,ERR,ERR,ERR,ERR,ERR,ERR,ERR,ERR,ERR,ERR,ERR,ERR,ERR,ERR,ERR,ERR,ERR,0.0,-107615392.0,0.0,0.0,0.0,1.3936040501711995e+18,7.805,0.0,0,0,4,0,7116,0.0,100,0.0,0.0,0.0,0.0,0.0,0,0,0,0,0.0,0,0,0,0,0,0,0,0,0,0,0,0,0,0,0,0,0,0,0,0,0,0,0,0,0,0,0,0,0,0,0,0,0,31,40,40,71,65476,0,300,0,0,8,21553,0.0,-107605600.0,0.0,0.0,0.0,0.0,0.0,0.0,0.0,0.0,0.0,0.0,0.0,0.0,0.0,0.0,0.0,0.0,0.0,0.0,0.0,0.0,-0.0,2.004,2.004,-0.0,0.0,0.0,0.0,0.0,6387.0,131351.109,6923.0,0.0,0.0,0.0,0.0,0.0,0.0,0.0,0.0,69,5.848086186001959e+35,0.0,0.0,0.0,0.0,0.0,0.0,0.0,0.0,0,0,0,0.0,0.0,0.0,0.0,0.0,0.0,0.0,0.0,0.0,0.0,0.0,0.0,0.0,0.0,0.0,0.0,0,-107875648.0,69,0.0,138,0.0,-0.0,0,13107,17040,0,17049,0,17043,0,0,0,70,68,100,2.7302359370752657e+23,71.1,0.0,74.2,2.7302370179391762e+23,74.0,1,49,50,180,0,52429,0,0,0.0,0.0,0.0,0.0,-0.0,67.0,0.0,162057.094,0.0,750,0,739,0,0,0,721,0,765,0,735,0,742,0,741,0,712,0,7520,0.032,79456894976.0,0.0,0.0,784,16797,-0.0,162057.094,-114818.039,-0.0,0.133,6.909358625270745e+28,30.0,65.0,35,0.0,0.0,0.0,0.0,0.0,0.0,0.0,0.0,0.0,0.0,0.0,0.0,0.0,0.0,0.0,0.0,69.2,0,150,71,54,65476,0,300,0,1,8,20529,65476,0,0,40632,65.0,0.0,0.0,0.0,0.0,0.0
2026-09-04T20:58:44,ERR,ERR,ERR,ERR,ERR,ERR,ERR,ERR,ERR,ERR,ERR,ERR,ERR,ERR,ERR,ERR,ERR,ERR,ERR,ERR,ERR,ERR,ERR,ERR,ERR,ERR,ERR,ERR,ERR,ERR,ERR,ERR,ERR,ERR,ERR,ERR,ERR,ERR,ERR,ERR,ERR,ERR,ERR,ERR,ERR,ERR,ERR,ERR,ERR,ERR,ERR,ERR,ERR,ERR,ERR,ERR,ERR,ERR,ERR,ERR,ERR,ERR,ERR,ERR,ERR,ERR,ERR,ERR,ERR,ERR,ERR,ERR,ERR,ERR,ERR,ERR,ERR,ERR,ERR,ERR,ERR,ERR,ERR,ERR,ERR,ERR,ERR,ERR,ERR,ERR,ERR,ERR,ERR,ERR,ERR,ERR,ERR,ERR,ERR,ERR,ERR,ERR,ERR,ERR,ERR,ERR,ERR,ERR,ERR,ERR,ERR,ERR,ERR,ERR,ERR,ERR,ERR,ERR,ERR,ERR,ERR,ERR,ERR,ERR,ERR,0.0,-107615392.0,0.0,0.0,0.0,1.3936040501711995e+18,7.805,0.0,0,0,4,0,7116,0.0,100,0.0,0.0,0.0,0.0,0.0,0,0,0,0,0.0,0,0,0,0,0,0,0,0,0,0,0,0,0,0,0,0,0,0,0,0,0,0,0,0,0,0,0,0,0,0,0,0,0,31,40,40,71,65476,0,300,0,0,8,21553,0.0,-107605600.0,0.0,0.0,0.0,0.0,0.0,0.0,0.0,0.0,0.0,0.0,0.0,0.0,0.0,0.0,0.0,0.0,0.0,0.0,0.0,0.0,-0.0,2.004,2.004,-0.0,0.0,0.0,0.0,0.0,6387.0,131351.109,6923.0,0.0,0.0,0.0,0.0,0.0,0.0,0.0,0.0,69,5.848086186001959e+35,0.0,0.0,0.0,0.0,0.0,0.0,0.0,0.0,0,0,0,0.0,0.0,0.0,0.0,0.0,0.0,0.0,0.0,0.0,0.0,0.0,0.0,0.0,0.0,0.0,0.0,0,-107875648.0,69,0.0,138,0.0,-0.0,0,13107,17040,0,17049,0,17043,0,0,0,70,68,100,2.7302359370752657e+23,71.1,0.0,74.2,2.7302370179391762e+23,74.0,1,49,50,180,0,52429,0,0,0.0,0.0,0.0,0.0,-0.0,67.0,0.0,162057.094,0.0,750,0,739,0,0,0,721,0,765,0,735,0,742,0,741,0,712,0,7520,0.032,79456894976.0,0.0,0.0,784,16797,-0.0,162057.094,-114818.039,-0.0,0.133,6.909358625270745e+28,30.0,65.0,35,0.0,0.0,0.0,0.0,0.0,0.0,0.0,0.0,0.0,0.0,0.0,0.0,0.0,0.0,0.0,0.0,69.2,0,150,71,54,65476,0,300,0,1,8,20529,65476,0,0,40632,65.0,0.0,0.0,0.0,0.0,0.0
2026-09-04T20:58:45,ERR,ERR,ERR,ERR,ERR,ERR,ERR,ERR,ERR,ERR,ERR,ERR,ERR,ERR,ERR,ERR,ERR,ERR,ERR,ERR,ERR,ERR,ERR,ERR,ERR,ERR,ERR,ERR,ERR,ERR,ERR,ERR,ERR,ERR,ERR,ERR,ERR,ERR,ERR,ERR,ERR,ERR,ERR,ERR,ERR,ERR,ERR,ERR,ERR,ERR,ERR,ERR,ERR,ERR,ERR,ERR,ERR,ERR,ERR,ERR,ERR,ERR,ERR,ERR,ERR,ERR,ERR,ERR,ERR,ERR,ERR,ERR,ERR,ERR,ERR,ERR,ERR,ERR,ERR,ERR,ERR,ERR,ERR,ERR,ERR,ERR,ERR,ERR,ERR,ERR,ERR,ERR,ERR,ERR,ERR,ERR,ERR,ERR,ERR,ERR,ERR,ERR,ERR,ERR,ERR,ERR,ERR,ERR,ERR,ERR,ERR,ERR,ERR,ERR,ERR,ERR,ERR,ERR,ERR,ERR,ERR,ERR,ERR,ERR,ERR,0.0,-107615392.0,0.0,0.0,0.0,1.3936040501711995e+18,7.805,0.0,0,0,4,0,7116,0.0,100,0.0,0.0,0.0,0.0,0.0,0,0,0,0,0.0,0,0,0,0,0,0,0,0,0,0,0,0,0,0,0,0,0,0,0,0,0,0,0,0,0,0,0,0,0,0,0,0,0,31,40,40,71,65476,0,300,0,0,8,21553,0.0,-107605600.0,0.0,0.0,0.0,0.0,0.0,0.0,0.0,0.0,0.0,0.0,0.0,0.0,0.0,0.0,0.0,0.0,0.0,0.0,0.0,0.0,-0.0,2.004,2.004,-0.0,0.0,0.0,0.0,0.0,6387.0,131351.109,6923.0,0.0,0.0,0.0,0.0,0.0,0.0,0.0,0.0,69,5.848086186001959e+35,0.0,0.0,0.0,0.0,0.0,0.0,0.0,0.0,0,0,0,0.0,0.0,0.0,0.0,0.0,0.0,0.0,0.0,0.0,0.0,0.0,0.0,0.0,0.0,0.0,0.0,0,-107875648.0,69,0.0,138,0.0,-0.0,0,13107,17040,0,17049,0,17043,0,0,0,70,68,100,2.7302359370752657e+23,71.1,0.0,74.2,2.7302370179391762e+23,74.0,1,49,50,180,0,52429,0,0,0.0,0.0,0.0,0.0,-0.0,67.0,0.0,162057.094,0.0,750,0,739,0,0,0,721,0,765,0,735,0,742,0,741,0,712,0,7520,0.032,79456894976.0,0.0,0.0,784,16797,-0.0,162057.094,-114818.039,-0.0,0.133,6.909358625270745e+28,30.0,65.0,35,0.0,0.0,0.0,0.0,0.0,0.0,0.0,0.0,0.0,0.0,0.0,0.0,0.0,0.0,0.0,0.0,69.2,0,150,71,54,65476,0,300,0,1,8,20529,65476,0,0,40632,65.0,0.0,0.0,0.0,0.0,0.0
2026-09-04T20:58:46,ERR,ERR,ERR,ERR,ERR,ERR,ERR,ERR,ERR,ERR,ERR,ERR,ERR,ERR,ERR,ERR,ERR,ERR,ERR,ERR,ERR,ERR,ERR,ERR,ERR,ERR,ERR,ERR,ERR,ERR,ERR,ERR,ERR,ERR,ERR,ERR,ERR,ERR,ERR,ERR,ERR,ERR,ERR,ERR,ERR,ERR,ERR,ERR,ERR,ERR,ERR,ERR,ERR,ERR,ERR,ERR,ERR,ERR,ERR,ERR,ERR,ERR,ERR,ERR,ERR,ERR,ERR,ERR,ERR,ERR,ERR,ERR,ERR,ERR,ERR,ERR,ERR,ERR,ERR,ERR,ERR,ERR,ERR,ERR,ERR,ERR,ERR,ERR,ERR,ERR,ERR,ERR,ERR,ERR,ERR,ERR,ERR,ERR,ERR,ERR,ERR,ERR,ERR,ERR,ERR,ERR,ERR,ERR,ERR,ERR,ERR,ERR,ERR,ERR,ERR,ERR,ERR,ERR,ERR,ERR,ERR,ERR,ERR,ERR,ERR,0.0,-107615392.0,0.0,0.0,0.0,1.3936040501711995e+18,7.805,0.0,0,0,4,0,7116,0.0,100,0.0,0.0,0.0,0.0,0.0,0,0,0,0,0.0,0,0,0,0,0,0,0,0,0,0,0,0,0,0,0,0,0,0,0,0,0,0,0,0,0,0,0,0,0,0,0,0,0,31,40,40,71,65476,0,300,0,0,8,21553,0.0,-107605600.0,0.0,0.0,0.0,0.0,0.0,0.0,0.0,0.0,0.0,0.0,0.0,0.0,0.0,0.0,0.0,0.0,0.0,0.0,0.0,0.0,-0.0,2.004,2.004,-0.0,0.0,0.0,0.0,0.0,6387.0,131351.109,6923.0,0.0,0.0,0.0,0.0,0.0,0.0,0.0,0.0,69,5.848086186001959e+35,0.0,0.0,0.0,0.0,0.0,0.0,0.0,0.0,0,0,0,0.0,0.0,0.0,0.0,0.0,0.0,0.0,0.0,0.0,0.0,0.0,0.0,0.0,0.0,0.0,0.0,0,-107875648.0,69,0.0,138,0.0,-0.0,0,13107,17040,0,17049,0,17043,0,0,0,70,68,100,2.7302359370752657e+23,71.1,0.0,74.2,2.7302370179391762e+23,74.0,1,49,50,180,0,52429,0,0,0.0,0.0,0.0,0.0,-0.0,67.0,0.0,162057.094,0.0,750,0,739,0,0,0,721,0,765,0,735,0,742,0,741,0,712,0,7520,0.032,79456894976.0,0.0,0.0,784,16797,-0.0,162057.094,-114818.039,-0.0,0.133,6.909358625270745e+28,30.0,65.0,35,0.0,0.0,0.0,0.0,0.0,0.0,0.0,0.0,0.0,0.0,0.0,0.0,0.0,0.0,0.0,0.0,69.2,0,150,71,54,65476,0,300,0,1,8,20529,65476,0,0,40632,65.0,0.0,0.0,0.0,0.0,0.0
2026-09-04T20:58:47,ERR,ERR,ERR,ERR,ERR,ERR,ERR,ERR,ERR,ERR,ERR,ERR,ERR,ERR,ERR,ERR,ERR,ERR,ERR,ERR,ERR,ERR,ERR,ERR,ERR,ERR,ERR,ERR,ERR,ERR,ERR,ERR,ERR,ERR,ERR,ERR,ERR,ERR,ERR,ERR,ERR,ERR,ERR,ERR,ERR,ERR,ERR,ERR,ERR,ERR,ERR,ERR,ERR,ERR,ERR,ERR,ERR,ERR,ERR,ERR,ERR,ERR,ERR,ERR,ERR,ERR,ERR,ERR,ERR,ERR,ERR,ERR,ERR,ERR,ERR,ERR,ERR,ERR,ERR,ERR,ERR,ERR,ERR,ERR,ERR,ERR,ERR,ERR,ERR,ERR,ERR,ERR,ERR,ERR,ERR,ERR,ERR,ERR,ERR,ERR,ERR,ERR,ERR,ERR,ERR,ERR,ERR,ERR,ERR,ERR,ERR,ERR,ERR,ERR,ERR,ERR,ERR,ERR,ERR,ERR,ERR,ERR,ERR,ERR,ERR,0.0,-107615392.0,0.0,0.0,0.0,1.3936040501711995e+18,7.805,0.0,0,0,4,0,7116,0.0,100,0.0,0.0,0.0,0.0,0.0,0,0,0,0,0.0,0,0,0,0,0,0,0,0,0,0,0,0,0,0,0,0,0,0,0,0,0,0,0,0,0,0,0,0,0,0,0,0,0,31,40,40,71,65476,0,300,0,0,8,21553,0.0,-107605600.0,0.0,0.0,0.0,0.0,0.0,0.0,0.0,0.0,0.0,0.0,0.0,0.0,0.0,0.0,0.0,0.0,0.0,0.0,0.0,0.0,-0.0,2.004,2.004,-0.0,0.0,0.0,0.0,0.0,6387.0,131351.109,6923.0,0.0,0.0,0.0,0.0,0.0,0.0,0.0,0.0,69,5.848086186001959e+35,0.0,0.0,0.0,0.0,0.0,0.0,0.0,0.0,0,0,0,0.0,0.0,0.0,0.0,0.0,0.0,0.0,0.0,0.0,0.0,0.0,0.0,0.0,0.0,0.0,0.0,0,-107875648.0,69,0.0,138,0.0,-0.0,0,13107,17040,0,17049,0,17043,0,0,0,70,68,100,2.7302359370752657e+23,71.1,0.0,74.2,2.7302370179391762e+23,74.0,1,49,50,180,0,52429,0,0,0.0,0.0,0.0,0.0,-0.0,67.0,0.0,162057.094,0.0,750,0,739,0,0,0,721,0,765,0,735,0,742,0,741,0,712,0,7520,0.032,79456894976.0,0.0,0.0,784,16797,-0.0,162057.094,-114818.039,-0.0,0.133,6.909358625270745e+28,30.0,65.0,35,0.0,0.0,0.0,0.0,0.0,0.0,0.0,0.0,0.0,0.0,0.0,0.0,0.0,0.0,0.0,0.0,69.2,0,150,71,54,65476,0,300,0,1,8,20529,65476,0,0,40632,65.0,0.0,0.0,0.0,0.0,0.0
2026-09-04T20:58:48,ERR,ERR,ERR,ERR,ERR,ERR,ERR,ERR,ERR,ERR,ERR,ERR,ERR,ERR,ERR,ERR,ERR,ERR,ERR,ERR,ERR,ERR,ERR,ERR,ERR,ERR,ERR,ERR,ERR,ERR,ERR,ERR,ERR,ERR,ERR,ERR,ERR,ERR,ERR,ERR,ERR,ERR,ERR,ERR,ERR,ERR,ERR,ERR,ERR,ERR,ERR,ERR,ERR,ERR,ERR,ERR,ERR,ERR,ERR,ERR,ERR,ERR,ERR,ERR,ERR,ERR,ERR,ERR,ERR,ERR,ERR,ERR,ERR,ERR,ERR,ERR,ERR,ERR,ERR,ERR,ERR,ERR,ERR,ERR,ERR,ERR,ERR,ERR,ERR,ERR,ERR,ERR,ERR,ERR,ERR,ERR,ERR,ERR,ERR,ERR,ERR,ERR,ERR,ERR,ERR,ERR,ERR,ERR,ERR,ERR,ERR,ERR,ERR,ERR,ERR,ERR,ERR,ERR,ERR,ERR,ERR,ERR,ERR,ERR,ERR,0.0,-107615392.0,0.0,0.0,0.0,1.3936040501711995e+18,7.805,0.0,0,0,4,0,7116,0.0,100,0.0,0.0,0.0,0.0,0.0,0,0,0,0,0.0,0,0,0,0,0,0,0,0,0,0,0,0,0,0,0,0,0,0,0,0,0,0,0,0,0,0,0,0,0,0,0,0,0,31,40,40,71,65476,0,300,0,0,8,21553,0.0,-107605600.0,0.0,0.0,0.0,0.0,0.0,0.0,0.0,0.0,0.0,0.0,0.0,0.0,0.0,0.0,0.0,0.0,0.0,0.0,0.0,0.0,-0.0,2.004,2.004,-0.0,0.0,0.0,0.0,0.0,6387.0,131351.109,6923.0,0.0,0.0,0.0,0.0,0.0,0.0,0.0,0.0,69,5.848086186001959e+35,0.0,0.0,0.0,0.0,0.0,0.0,0.0,0.0,0,0,0,0.0,0.0,0.0,0.0,0.0,0.0,0.0,0.0,0.0,0.0,0.0,0.0,0.0,0.0,0.0,0.0,0,-107875648.0,69,0.0,138,0.0,-0.0,0,13107,17040,0,17049,0,17043,0,0,0,70,68,100,2.7302359370752657e+23,71.1,0.0,74.2,2.7302370179391762e+23,74.0,1,49,50,180,0,52429,0,0,0.0,0.0,0.0,0.0,-0.0,67.0,0.0,162057.094,0.0,750,0,739,0,0,0,721,0,765,0,735,0,742,0,741,0,712,0,7520,0.032,79456894976.0,0.0,0.0,784,16797,-0.0,162057.094,-114818.039,-0.0,0.133,6.909358625270745e+28,30.0,65.0,35,0.0,0.0,0.0,0.0,0.0,0.0,0.0,0.0,0.0,0.0,0.0,0.0,0.0,0.0,0.0,0.0,69.2,0,150,71,54,65476,0,300,0,1,8,20529,65476,0,0,40632,65.0,0.0,0.0,0.0,0.0,0.0
2026-09-04T20:58:49,ERR,ERR,ERR,ERR,ERR,ERR,ERR,ERR,ERR,ERR,ERR,ERR,ERR,ERR,ERR,ERR,ERR,ERR,ERR,ERR,ERR,ERR,ERR,ERR,ERR,ERR,ERR,ERR,ERR,ERR,ERR,ERR,ERR,ERR,ERR,ERR,ERR,ERR,ERR,ERR,ERR,ERR,ERR,ERR,ERR,ERR,ERR,ERR,ERR,ERR,ERR,ERR,ERR,ERR,ERR,ERR,ERR,ERR,ERR,ERR,ERR,ERR,ERR,ERR,ERR,ERR,ERR,ERR,ERR,ERR,ERR,ERR,ERR,ERR,ERR,ERR,ERR,ERR,ERR,ERR,ERR,ERR,ERR,ERR,ERR,ERR,ERR,ERR,ERR,ERR,ERR,ERR,ERR,ERR,ERR,ERR,ERR,ERR,ERR,ERR,ERR,ERR,ERR,ERR,ERR,ERR,ERR,ERR,ERR,ERR,ERR,ERR,ERR,ERR,ERR,ERR,ERR,ERR,ERR,ERR,ERR,ERR,ERR,ERR,ERR,0.0,-107615392.0,0.0,0.0,0.0,1.3936040501711995e+18,7.805,0.0,0,0,4,0,7116,0.0,100,0.0,0.0,0.0,0.0,0.0,0,0,0,0,0.0,0,0,0,0,0,0,0,0,0,0,0,0,0,0,0,0,0,0,0,0,0,0,0,0,0,0,0,0,0,0,0,0,0,31,40,40,71,65476,0,300,0,0,8,21553,0.0,-107605600.0,0.0,0.0,0.0,0.0,0.0,0.0,0.0,0.0,0.0,0.0,0.0,0.0,0.0,0.0,0.0,0.0,0.0,0.0,0.0,0.0,-0.0,2.004,2.004,-0.0,0.0,0.0,0.0,0.0,6387.0,131351.109,6923.0,0.0,0.0,0.0,0.0,0.0,0.0,0.0,0.0,69,5.848086186001959e+35,0.0,0.0,0.0,0.0,0.0,0.0,0.0,0.0,0,0,0,0.0,0.0,0.0,0.0,0.0,0.0,0.0,0.0,0.0,0.0,0.0,0.0,0.0,0.0,0.0,0.0,0,-107875648.0,69,0.0,138,0.0,-0.0,0,13107,17040,0,17049,0,17043,0,0,0,70,68,100,2.7302359370752657e+23,71.1,0.0,74.2,2.7302370179391762e+23,74.0,1,49,50,180,0,52429,0,0,0.0,0.0,0.0,0.0,-0.0,67.0,0.0,162057.094,0.0,750,0,739,0,0,0,721,0,765,0,735,0,742,0,741,0,712,0,7520,0.032,79456894976.0,0.0,0.0,784,16797,-0.0,162057.094,-114818.039,-0.0,0.133,6.909358625270745e+28,30.0,65.0,35,0.0,0.0,0.0,0.0,0.0,0.0,0.0,0.0,0.0,0.0,0.0,0.0,0.0,0.0,0.0,0.0,69.2,0,150,71,54,65476,0,300,0,1,8,20529,65476,0,0,40632,65.0,0.0,0.0,0.0,0.0,0.0
2026-09-04T20:58:50,ERR,ERR,ERR,ERR,ERR,ERR,ERR,ERR,ERR,ERR,ERR,ERR,ERR,ERR,ERR,ERR,ERR,ERR,ERR,ERR,ERR,ERR,ERR,ERR,ERR,ERR,ERR,ERR,ERR,ERR,ERR,ERR,ERR,ERR,ERR,ERR,ERR,ERR,ERR,ERR,ERR,ERR,ERR,ERR,ERR,ERR,ERR,ERR,ERR,ERR,ERR,ERR,ERR,ERR,ERR,ERR,ERR,ERR,ERR,ERR,ERR,ERR,ERR,ERR,ERR,ERR,ERR,ERR,ERR,ERR,ERR,ERR,ERR,ERR,ERR,ERR,ERR,ERR,ERR,ERR,ERR,ERR,ERR,ERR,ERR,ERR,ERR,ERR,ERR,ERR,ERR,ERR,ERR,ERR,ERR,ERR,ERR,ERR,ERR,ERR,ERR,ERR,ERR,ERR,ERR,ERR,ERR,ERR,ERR,ERR,ERR,ERR,ERR,ERR,ERR,ERR,ERR,ERR,ERR,ERR,ERR,ERR,ERR,ERR,ERR,0.0,0.0,0.0,0.0,0.0,1.3936040501711995e+18,7.805,0.0,0,0,4,0,7116,0.0,100,0.0,0.0,0.0,0.0,0.0,0,0,0,0,0.0,0,0,0,0,0,0,0,0,0,0,0,0,0,0,0,0,0,0,0,0,0,0,0,0,0,0,0,0,0,0,0,0,0,31,40,40,71,65476,0,300,0,0,8,21553,0.0,-107605600.0,0.0,0.0,0.0,0.0,0.0,0.0,0.0,0.0,0.0,0.0,0.0,0.0,0.0,0.0,0.0,0.0,0.0,0.0,0.0,0.0,-0.0,0.0,2.004,-0.0,0.0,0.0,0.0,0.0,6385.0,3.697205045224695e+19,6924.0,0.0,-107615392.0,0.0,0.0,0.0,0.0,0.0,0.0,69,4.066882747792088e+29,0.0,0.0,0.0,0.0,0.0,0.0,0.0,0.0,0,0,0,0.0,0.0,0.0,0.0,0.0,0.0,0.0,0.0,0.0,0.0,0.0,0.0,0.0,0.0,0.0,0.0,0,-107875648.0,69,0.0,138,0.0,-0.0,0,13107,17040,0,17049,0,17043,0,0,0,70,68,100,2.7302359370752657e+23,71.1,0.0,74.2,2.7302370179391762e+23,74.0,1,49,50,180,0,52429,0,0,0.0,0.0,0.0,0.0,-0.0,67.0,0.0,162057.094,0.0,750,0,739,0,0,0,721,0,765,0,735,0,742,0,741,0,712,0,7520,0.032,79456894976.0,0.0,0.0,784,16797,-0.0,162057.094,-114818.039,-0.0,0.133,6.909358625270745e+28,30.0,65.0,35,0.0,0.0,0.0,0.0,0.0,0.0,0.0,0.0,0.0,0.0,0.0,0.0,0.0,0.0,0.0,0.0,69.2,0,150,71,54,65476,0,300,0,1,8,20529,65476,0,0,40632,65.0,0.0,0.0,0.0,0.0,0.0
2026-09-04T20:58:51,ERR,ERR,ERR,ERR,ERR,ERR,ERR,ERR,ERR,ERR,ERR,ERR,ERR,ERR,ERR,ERR,ERR,ERR,ERR,ERR,ERR,ERR,ERR,ERR,ERR,ERR,ERR,ERR,ERR,ERR,ERR,ERR,ERR,ERR,ERR,ERR,ERR,ERR,ERR,ERR,ERR,ERR,ERR,ERR,ERR,ERR,ERR,ERR,ERR,ERR,ERR,ERR,ERR,ERR,ERR,ERR,ERR,ERR,ERR,ERR,ERR,ERR,ERR,ERR,ERR,ERR,ERR,ERR,ERR,ERR,ERR,ERR,ERR,ERR,ERR,ERR,ERR,ERR,ERR,ERR,ERR,ERR,ERR,ERR,ERR,ERR,ERR,ERR,ERR,ERR,ERR,ERR,ERR,ERR,ERR,ERR,ERR,ERR,ERR,ERR,ERR,ERR,ERR,ERR,ERR,ERR,ERR,ERR,ERR,ERR,ERR,ERR,ERR,ERR,ERR,ERR,ERR,ERR,ERR,ERR,ERR,ERR,ERR,ERR,ERR,0.0,0.0,0.0,0.0,0.0,1.3936040501711995e+18,7.805,0.0,0,0,4,0,7116,0.0,100,0.0,0.0,0.0,0.0,0.0,0,0,0,0,0.0,0,0,0,0,0,0,0,0,0,0,0,0,0,0,0,0,0,0,0,0,0,0,0,0,0,0,0,0,0,0,0,0,0,31,40,40,71,65476,0,300,0,0,8,21553,0.0,-107605600.0,0.0,0.0,0.0,0.0,0.0,0.0,0.0,0.0,0.0,0.0,0.0,0.0,0.0,0.0,0.0,0.0,0.0,0.0,0.0,0.0,-0.0,0.0,2.004,-0.0,0.0,0.0,0.0,0.0,6385.0,3.697205045224695e+19,6924.0,0.0,-107615392.0,0.0,0.0,0.0,0.0,0.0,0.0,69,4.066882747792088e+29,0.0,0.0,0.0,0.0,0.0,0.0,0.0,0.0,0,0,0,0.0,0.0,0.0,0.0,0.0,0.0,0.0,0.0,0.0,0.0,0.0,0.0,0.0,0.0,0.0,0.0,0,-107875648.0,69,0.0,138,0.0,-0.0,0,13107,17040,0,17049,0,17043,0,0,0,70,68,100,2.7302359370752657e+23,71.1,0.0,74.2,2.7302370179391762e+23,74.0,1,49,50,180,0,52429,0,0,0.0,0.0,0.0,0.0,-0.0,67.0,0.0,162057.094,0.0,750,0,739,0,0,0,721,0,765,0,735,0,742,0,741,0,712,0,7520,0.032,79456894976.0,0.0,0.0,784,16797,-0.0,162057.094,-114818.039,-0.0,0.133,6.909358625270745e+28,30.0,65.0,35,0.0,0.0,0.0,0.0,0.0,0.0,0.0,0.0,0.0,0.0,0.0,0.0,0.0,0.0,0.0,0.0,69.2,0,150,71,54,65476,0,300,0,1,8,20529,65476,0,0,40632,65.0,0.0,0.0,0.0,0.0,0.0
2026-09-04T20:58:52,ERR,ERR,ERR,ERR,ERR,ERR,ERR,ERR,ERR,ERR,ERR,ERR,ERR,ERR,ERR,ERR,ERR,ERR,ERR,ERR,ERR,ERR,ERR,ERR,ERR,ERR,ERR,ERR,ERR,ERR,ERR,ERR,ERR,ERR,ERR,ERR,ERR,ERR,ERR,ERR,ERR,ERR,ERR,ERR,ERR,ERR,ERR,ERR,ERR,ERR,ERR,ERR,ERR,ERR,ERR,ERR,ERR,ERR,ERR,ERR,ERR,ERR,ERR,ERR,ERR,ERR,ERR,ERR,ERR,ERR,ERR,ERR,ERR,ERR,ERR,ERR,ERR,ERR,ERR,ERR,ERR,ERR,ERR,ERR,ERR,ERR,ERR,ERR,ERR,ERR,ERR,ERR,ERR,ERR,ERR,ERR,ERR,ERR,ERR,ERR,ERR,ERR,ERR,ERR,ERR,ERR,ERR,ERR,ERR,ERR,ERR,ERR,ERR,ERR,ERR,ERR,ERR,ERR,ERR,ERR,ERR,ERR,ERR,ERR,ERR,0.0,0.0,0.0,0.0,0.0,1.3936040501711995e+18,7.805,0.0,0,0,4,0,7116,0.0,100,0.0,0.0,0.0,0.0,0.0,0,0,0,0,0.0,0,0,0,0,0,0,0,0,0,0,0,0,0,0,0,0,0,0,0,0,0,0,0,0,0,0,0,0,0,0,0,0,0,31,40,40,71,65476,0,300,0,0,8,21553,0.0,-107605600.0,0.0,0.0,0.0,0.0,0.0,0.0,0.0,0.0,0.0,0.0,0.0,0.0,0.0,0.0,0.0,0.0,0.0,0.0,0.0,0.0,-0.0,0.0,2.004,-0.0,0.0,0.0,0.0,0.0,6385.0,3.697205045224695e+19,6924.0,0.0,-107615392.0,0.0,0.0,0.0,0.0,0.0,0.0,69,4.066882747792088e+29,0.0,0.0,0.0,0.0,0.0,0.0,0.0,0.0,0,0,0,0.0,0.0,0.0,0.0,0.0,0.0,0.0,0.0,0.0,0.0,0.0,0.0,0.0,0.0,0.0,0.0,0,-107875648.0,69,0.0,138,0.0,-0.0,0,13107,17040,0,17049,0,17043,0,0,0,70,68,100,2.7302359370752657e+23,71.1,0.0,74.2,2.7302370179391762e+23,74.0,1,49,50,180,0,52429,0,0,0.0,0.0,0.0,0.0,-0.0,67.0,0.0,162057.094,0.0,750,0,739,0,0,0,721,0,765,0,735,0,742,0,741,0,712,0,7520,0.032,79456894976.0,0.0,0.0,784,16797,-0.0,162057.094,-114818.039,-0.0,0.133,6.909358625270745e+28,30.0,65.0,35,0.0,0.0,0.0,0.0,0.0,0.0,0.0,0.0,0.0,0.0,0.0,0.0,0.0,0.0,0.0,0.0,69.2,0,150,71,54,65476,0,300,0,1,8,20529,65476,0,0,40632,65.0,0.0,0.0,0.0,0.0,0.0
2026-09-04T20:58:53,ERR,ERR,ERR,ERR,ERR,ERR,ERR,ERR,ERR,ERR,ERR,ERR,ERR,ERR,ERR,ERR,ERR,ERR,ERR,ERR,ERR,ERR,ERR,ERR,ERR,ERR,ERR,ERR,ERR,ERR,ERR,ERR,ERR,ERR,ERR,ERR,ERR,ERR,ERR,ERR,ERR,ERR,ERR,ERR,ERR,ERR,ERR,ERR,ERR,ERR,ERR,ERR,ERR,ERR,ERR,ERR,ERR,ERR,ERR,ERR,ERR,ERR,ERR,ERR,ERR,ERR,ERR,ERR,ERR,ERR,ERR,ERR,ERR,ERR,ERR,ERR,ERR,ERR,ERR,ERR,ERR,ERR,ERR,ERR,ERR,ERR,ERR,ERR,ERR,ERR,ERR,ERR,ERR,ERR,ERR,ERR,ERR,ERR,ERR,ERR,ERR,ERR,ERR,ERR,ERR,ERR,ERR,ERR,ERR,ERR,ERR,ERR,ERR,ERR,ERR,ERR,ERR,ERR,ERR,ERR,ERR,ERR,ERR,ERR,ERR,0.0,0.0,0.0,0.0,0.0,1.3936040501711995e+18,7.805,0.0,0,0,4,0,7116,0.0,100,0.0,0.0,0.0,0.0,0.0,0,0,0,0,0.0,0,0,0,0,0,0,0,0,0,0,0,0,0,0,0,0,0,0,0,0,0,0,0,0,0,0,0,0,0,0,0,0,0,31,40,40,71,65476,0,300,0,0,8,21553,0.0,-107605600.0,0.0,0.0,0.0,0.0,0.0,0.0,0.0,0.0,0.0,0.0,0.0,0.0,0.0,0.0,0.0,0.0,0.0,0.0,0.0,0.0,-0.0,0.0,2.004,-0.0,0.0,0.0,0.0,0.0,6385.0,3.697205045224695e+19,6924.0,0.0,-107615392.0,0.0,0.0,0.0,0.0,0.0,0.0,69,4.066882747792088e+29,0.0,0.0,0.0,0.0,0.0,0.0,0.0,0.0,0,0,0,0.0,0.0,0.0,0.0,0.0,0.0,0.0,0.0,0.0,0.0,0.0,0.0,0.0,0.0,0.0,0.0,0,-107875648.0,69,0.0,138,0.0,-0.0,0,13107,17040,0,17049,0,17043,0,0,0,70,68,100,2.7302359370752657e+23,71.1,0.0,74.2,2.7302370179391762e+23,74.0,1,49,50,180,0,52429,0,0,0.0,0.0,0.0,0.0,-0.0,67.0,0.0,162057.094,0.0,750,0,739,0,0,0,721,0,765,0,735,0,742,0,741,0,712,0,7520,0.032,78920024064.0,0.0,0.0,784,16797,-0.0,162057.094,-114818.039,-0.0,0.133,6.909358625270745e+28,30.0,65.0,35,0.0,0.0,0.0,0.0,0.0,0.0,0.0,0.0,0.0,0.0,0.0,0.0,0.0,0.0,0.0,0.0,69.2,0,150,71,54,65476,0,300,0,1,8,20529,65476,0,0,40632,65.0,0.0,0.0,0.0,0.0,0.0
2026-09-04T20:58:54,ERR,ERR,ERR,ERR,ERR,ERR,ERR,ERR,ERR,ERR,ERR,ERR,ERR,ERR,ERR,ERR,ERR,ERR,ERR,ERR,ERR,ERR,ERR,ERR,ERR,ERR,ERR,ERR,ERR,ERR,ERR,ERR,ERR,ERR,ERR,ERR,ERR,ERR,ERR,ERR,ERR,ERR,ERR,ERR,ERR,ERR,ERR,ERR,ERR,ERR,ERR,ERR,ERR,ERR,ERR,ERR,ERR,ERR,ERR,ERR,ERR,ERR,ERR,ERR,ERR,ERR,ERR,ERR,ERR,ERR,ERR,ERR,ERR,ERR,ERR,ERR,ERR,ERR,ERR,ERR,ERR,ERR,ERR,ERR,ERR,ERR,ERR,ERR,ERR,ERR,ERR,ERR,ERR,ERR,ERR,ERR,ERR,ERR,ERR,ERR,ERR,ERR,ERR,ERR,ERR,ERR,ERR,ERR,ERR,ERR,ERR,ERR,ERR,ERR,ERR,ERR,ERR,ERR,ERR,ERR,ERR,ERR,ERR,ERR,ERR,0.0,0.0,0.0,0.0,0.0,1.3936040501711995e+18,7.805,0.0,0,0,4,0,7116,0.0,100,0.0,0.0,0.0,0.0,0.0,0,0,0,0,0.0,0,0,0,0,0,0,0,0,0,0,0,0,0,0,0,0,0,0,0,0,0,0,0,0,0,0,0,0,0,0,0,0,0,31,40,40,71,65476,0,300,0,0,8,21553,0.0,-107605600.0,0.0,0.0,0.0,0.0,0.0,0.0,0.0,0.0,0.0,0.0,0.0,0.0,0.0,0.0,0.0,0.0,0.0,0.0,0.0,0.0,-0.0,0.0,2.004,-0.0,0.0,0.0,0.0,0.0,6385.0,3.697205045224695e+19,6924.0,0.0,-107615392.0,0.0,0.0,0.0,0.0,0.0,0.0,69,4.066882747792088e+29,0.0,0.0,0.0,0.0,0.0,0.0,0.0,0.0,0,0,0,0.0,0.0,0.0,0.0,0.0,0.0,0.0,0.0,0.0,0.0,0.0,0.0,0.0,0.0,0.0,0.0,0,-107875648.0,69,0.0,138,0.0,-0.0,0,13107,17040,0,17049,0,17043,0,0,0,70,68,100,2.7302359370752657e+23,71.1,0.0,74.2,2.7302370179391762e+23,74.0,1,49,50,180,0,52429,0,0,0.0,0.0,0.0,0.0,-0.0,67.0,0.0,162057.094,0.0,750,0,739,0,0,0,721,0,765,0,735,0,742,0,741,0,712,0,7520,0.032,78920024064.0,0.0,0.0,784,16797,-0.0,162057.094,-114818.039,-0.0,0.133,6.909358625270745e+28,30.0,65.0,35,0.0,0.0,0.0,0.0,0.0,0.0,0.0,0.0,0.0,0.0,0.0,0.0,0.0,0.0,0.0,0.0,69.2,0,150,71,54,65476,0,300,0,1,8,20529,65476,0,0,40632,65.0,0.0,0.0,0.0,0.0,0.0
2026-09-04T20:58:55,ERR,ERR,ERR,ERR,ERR,ERR,ERR,ERR,ERR,ERR,ERR,ERR,ERR,ERR,ERR,ERR,ERR,ERR,ERR,ERR,ERR,ERR,ERR,ERR,ERR,ERR,ERR,ERR,ERR,ERR,ERR,ERR,ERR,ERR,ERR,ERR,ERR,ERR,ERR,ERR,ERR,ERR,ERR,ERR,ERR,ERR,ERR,ERR,ERR,ERR,ERR,ERR,ERR,ERR,ERR,ERR,ERR,ERR,ERR,ERR,ERR,ERR,ERR,ERR,ERR,ERR,ERR,ERR,ERR,ERR,ERR,ERR,ERR,ERR,ERR,ERR,ERR,ERR,ERR,ERR,ERR,ERR,ERR,ERR,ERR,ERR,ERR,ERR,ERR,ERR,ERR,ERR,ERR,ERR,ERR,ERR,ERR,ERR,ERR,ERR,ERR,ERR,ERR,ERR,ERR,ERR,ERR,ERR,ERR,ERR,ERR,ERR,ERR,ERR,ERR,ERR,ERR,ERR,ERR,ERR,ERR,ERR,ERR,ERR,ERR,0.0,0.0,0.0,0.0,0.0,1.3936040501711995e+18,7.805,0.0,0,0,4,0,7116,0.0,100,0.0,0.0,0.0,0.0,0.0,0,0,0,0,0.0,0,0,0,0,0,0,0,0,0,0,0,0,0,0,0,0,0,0,0,0,0,0,0,0,0,0,0,0,0,0,0,0,0,31,40,40,71,65476,0,300,0,0,8,21553,0.0,-107605600.0,0.0,0.0,0.0,0.0,0.0,0.0,0.0,0.0,0.0,0.0,0.0,0.0,0.0,0.0,0.0,0.0,0.0,0.0,0.0,0.0,-0.0,0.0,2.004,-0.0,0.0,0.0,0.0,0.0,6385.0,3.697205045224695e+19,6924.0,0.0,-107615392.0,0.0,0.0,0.0,0.0,0.0,0.0,69,4.066882747792088e+29,0.0,0.0,0.0,0.0,0.0,0.0,0.0,0.0,0,0,0,0.0,0.0,0.0,0.0,0.0,0.0,0.0,0.0,0.0,0.0,0.0,0.0,0.0,0.0,0.0,0.0,0,-107875648.0,69,0.0,138,0.0,-0.0,0,13107,17040,0,17049,0,17043,0,0,0,70,68,100,2.7302359370752657e+23,71.1,0.0,74.2,2.7302370179391762e+23,74.0,1,49,50,180,0,52429,0,0,0.0,0.0,0.0,0.0,-0.0,67.0,0.0,162057.094,0.0,750,0,739,0,0,0,721,0,765,0,735,0,742,0,741,0,712,0,7520,0.032,78920024064.0,0.0,0.0,784,16797,-0.0,162057.094,-114818.039,-0.0,0.133,6.909358625270745e+28,30.0,65.0,35,0.0,0.0,0.0,0.0,0.0,0.0,0.0,0.0,0.0,0.0,0.0,0.0,0.0,0.0,0.0,0.0,69.2,0,150,71,54,65476,0,300,0,1,8,20529,65476,0,0,40632,65.0,0.0,0.0,0.0,0.0,0.0
2026-09-04T20:58:56,ERR,ERR,ERR,ERR,ERR,ERR,ERR,ERR,ERR,ERR,ERR,ERR,ERR,ERR,ERR,ERR,ERR,ERR,ERR,ERR,ERR,ERR,ERR,ERR,ERR,ERR,ERR,ERR,ERR,ERR,ERR,ERR,ERR,ERR,ERR,ERR,ERR,ERR,ERR,ERR,ERR,ERR,ERR,ERR,ERR,ERR,ERR,ERR,ERR,ERR,ERR,ERR,ERR,ERR,ERR,ERR,ERR,ERR,ERR,ERR,ERR,ERR,ERR,ERR,ERR,ERR,ERR,ERR,ERR,ERR,ERR,ERR,ERR,ERR,ERR,ERR,ERR,ERR,ERR,ERR,ERR,ERR,ERR,ERR,ERR,ERR,ERR,ERR,ERR,ERR,ERR,ERR,ERR,ERR,ERR,ERR,ERR,ERR,ERR,ERR,ERR,ERR,ERR,ERR,ERR,ERR,ERR,ERR,ERR,ERR,ERR,ERR,ERR,ERR,ERR,ERR,ERR,ERR,ERR,ERR,ERR,ERR,ERR,ERR,ERR,0.0,0.0,0.0,0.0,0.0,1.3936040501711995e+18,7.805,0.0,0,0,4,0,7116,0.0,100,0.0,0.0,0.0,0.0,0.0,0,0,0,0,0.0,0,0,0,0,0,0,0,0,0,0,0,0,0,0,0,0,0,0,0,0,0,0,0,0,0,0,0,0,0,0,0,0,0,31,40,40,71,65476,0,300,0,0,8,21553,0.0,-107605600.0,0.0,0.0,0.0,0.0,0.0,0.0,0.0,0.0,0.0,0.0,0.0,0.0,0.0,0.0,0.0,0.0,0.0,0.0,0.0,0.0,-0.0,0.0,2.004,-0.0,0.0,0.0,0.0,0.0,6385.0,3.697205045224695e+19,6924.0,0.0,-107615392.0,0.0,0.0,0.0,0.0,0.0,0.0,69,4.066882747792088e+29,0.0,0.0,0.0,0.0,0.0,0.0,0.0,0.0,0,0,0,0.0,0.0,0.0,0.0,0.0,0.0,0.0,0.0,0.0,0.0,0.0,0.0,0.0,0.0,0.0,0.0,0,-107875648.0,69,0.0,138,0.0,-0.0,0,13107,17040,0,17049,0,17043,0,0,0,70,68,100,2.7302359370752657e+23,71.1,0.0,74.2,2.7302370179391762e+23,74.0,1,49,50,180,0,52429,0,0,0.0,0.0,0.0,0.0,-0.0,67.0,0.0,162057.094,0.0,750,0,739,0,0,0,721,0,765,0,735,0,742,0,741,0,712,0,7520,0.032,78920024064.0,0.0,0.0,784,16797,-0.0,162057.094,-114818.039,-0.0,0.133,6.909358625270745e+28,30.0,65.0,35,0.0,0.0,0.0,0.0,0.0,0.0,0.0,0.0,0.0,0.0,0.0,0.0,0.0,0.0,0.0,0.0,69.2,0,150,71,54,65476,0,300,0,1,8,20529,65476,0,0,40632,65.0,0.0,0.0,0.0,0.0,0.0
2026-09-04T20:58:57,ERR,ERR,ERR,ERR,ERR,ERR,ERR,ERR,ERR,ERR,ERR,ERR,ERR,ERR,ERR,ERR,ERR,ERR,ERR,ERR,ERR,ERR,ERR,ERR,ERR,ERR,ERR,ERR,ERR,ERR,ERR,ERR,ERR,ERR,ERR,ERR,ERR,ERR,ERR,ERR,ERR,ERR,ERR,ERR,ERR,ERR,ERR,ERR,ERR,ERR,ERR,ERR,ERR,ERR,ERR,ERR,ERR,ERR,ERR,ERR,ERR,ERR,ERR,ERR,ERR,ERR,ERR,ERR,ERR,ERR,ERR,ERR,ERR,ERR,ERR,ERR,ERR,ERR,ERR,ERR,ERR,ERR,ERR,ERR,ERR,ERR,ERR,ERR,ERR,ERR,ERR,ERR,ERR,ERR,ERR,ERR,ERR,ERR,ERR,ERR,ERR,ERR,ERR,ERR,ERR,ERR,ERR,ERR,ERR,ERR,ERR,ERR,ERR,ERR,ERR,ERR,ERR,ERR,ERR,ERR,ERR,ERR,ERR,ERR,ERR,0.0,0.0,0.0,0.0,0.0,1.3936040501711995e+18,7.805,0.0,0,0,4,0,7116,0.0,100,0.0,0.0,0.0,0.0,0.0,0,0,0,0,0.0,0,0,0,0,0,0,0,0,0,0,0,0,0,0,0,0,0,0,0,0,0,0,0,0,0,0,0,0,0,0,0,0,0,31,40,40,71,65476,0,300,0,0,8,21553,0.0,-107605600.0,0.0,0.0,0.0,0.0,0.0,0.0,0.0,0.0,0.0,0.0,0.0,0.0,0.0,0.0,0.0,0.0,0.0,0.0,0.0,0.0,-0.0,0.0,2.004,-0.0,0.0,0.0,0.0,0.0,6385.0,3.697205045224695e+19,6924.0,0.0,-107615392.0,0.0,0.0,0.0,0.0,0.0,0.0,69,4.066882747792088e+29,0.0,0.0,0.0,0.0,0.0,0.0,0.0,0.0,0,0,0,0.0,0.0,0.0,0.0,0.0,0.0,0.0,0.0,0.0,0.0,0.0,0.0,0.0,0.0,0.0,0.0,0,-107875648.0,69,0.0,138,0.0,-0.0,0,13107,17040,0,17049,0,17043,0,0,0,70,68,100,2.7302359370752657e+23,71.1,0.0,74.2,2.7302370179391762e+23,74.0,1,49,50,180,0,52429,0,0,0.0,0.0,0.0,0.0,-0.0,67.0,0.0,162057.094,0.0,750,0,739,0,0,0,721,0,765,0,735,0,742,0,741,0,712,0,7520,0.032,78920024064.0,0.0,0.0,784,16797,-0.0,162057.094,-114818.039,-0.0,0.133,6.909358625270745e+28,30.0,65.0,35,0.0,0.0,0.0,0.0,0.0,0.0,0.0,0.0,0.0,0.0,0.0,0.0,0.0,0.0,0.0,0.0,69.2,0,150,71,54,65476,0,300,0,1,8,20529,65476,0,0,40632,65.0,0.0,0.0,0.0,0.0,0.0
2026-09-04T20:58:58,ERR,ERR,ERR,ERR,ERR,ERR,ERR,ERR,ERR,ERR,ERR,ERR,ERR,ERR,ERR,ERR,ERR,ERR,ERR,ERR,ERR,ERR,ERR,ERR,ERR,ERR,ERR,ERR,ERR,ERR,ERR,ERR,ERR,ERR,ERR,ERR,ERR,ERR,ERR,ERR,ERR,ERR,ERR,ERR,ERR,ERR,ERR,ERR,ERR,ERR,ERR,ERR,ERR,ERR,ERR,ERR,ERR,ERR,ERR,ERR,ERR,ERR,ERR,ERR,ERR,ERR,ERR,ERR,ERR,ERR,ERR,ERR,ERR,ERR,ERR,ERR,ERR,ERR,ERR,ERR,ERR,ERR,ERR,ERR,ERR,ERR,ERR,ERR,ERR,ERR,ERR,ERR,ERR,ERR,ERR,ERR,ERR,ERR,ERR,ERR,ERR,ERR,ERR,ERR,ERR,ERR,ERR,ERR,ERR,ERR,ERR,ERR,ERR,ERR,ERR,ERR,ERR,ERR,ERR,ERR,ERR,ERR,ERR,ERR,ERR,0.0,-107615392.0,0.0,0.0,0.0,1.3936040501711995e+18,7.805,0.0,0,0,4,0,7116,0.0,100,0.0,0.0,0.0,0.0,0.0,0,0,0,0,0.0,0,0,0,0,0,0,0,0,0,0,0,0,0,0,0,0,0,0,0,0,0,0,0,0,0,0,0,0,0,0,0,0,0,31,40,40,71,65476,0,300,0,0,8,21553,0.0,-107605600.0,0.0,0.0,0.0,0.0,0.0,0.0,0.0,0.0,0.0,0.0,0.0,0.0,0.0,0.0,0.0,0.0,0.0,0.0,0.0,0.0,-0.0,0.0,2.004,-0.0,0.0,0.0,0.0,0.0,6391.0,0.0,6913.0,0.0,-107615392.0,0.0,0.0,0.0,0.0,0.0,0.0,69,-0.0,-71.63,0.0,0.0,0.0,0.0,0.0,0.0,0.0,0,0,0,0.0,0.0,0.0,0.0,0.0,0.0,0.0,0.0,0.0,0.0,0.0,0.0,0.0,0.0,0.0,0.0,0,-107875648.0,69,0.0,138,0.0,-0.0,0,13107,17040,0,17049,0,17043,0,0,0,70,68,100,2.7302359370752657e+23,71.1,0.0,74.2,2.7302370179391762e+23,74.0,1,49,50,180,0,52429,0,0,0.0,0.0,0.0,0.0,-0.0,67.0,0.0,162057.094,0.0,750,0,739,0,0,0,721,0,765,0,735,0,742,0,741,0,712,0,7520,0.032,79456894976.0,0.0,0.0,784,16797,-0.0,162057.094,-114818.039,-0.0,0.133,6.909358625270745e+28,30.0,65.0,35,0.0,0.0,0.0,0.0,0.0,0.0,0.0,0.0,0.0,0.0,0.0,0.0,0.0,0.0,0.0,0.0,69.2,0,150,71,54,65476,0,300,0,1,8,20529,65476,0,0,40632,65.0,0.0,0.0,0.0,0.0,0.0
2026-09-04T20:58:59,ERR,ERR,ERR,ERR,ERR,ERR,ERR,ERR,ERR,ERR,ERR,ERR,ERR,ERR,ERR,ERR,ERR,ERR,ERR,ERR,ERR,ERR,ERR,ERR,ERR,ERR,ERR,ERR,ERR,ERR,ERR,ERR,ERR,ERR,ERR,ERR,ERR,ERR,ERR,ERR,ERR,ERR,ERR,ERR,ERR,ERR,ERR,ERR,ERR,ERR,ERR,ERR,ERR,ERR,ERR,ERR,ERR,ERR,ERR,ERR,ERR,ERR,ERR,ERR,ERR,ERR,ERR,ERR,ERR,ERR,ERR,ERR,ERR,ERR,ERR,ERR,ERR,ERR,ERR,ERR,ERR,ERR,ERR,ERR,ERR,ERR,ERR,ERR,ERR,ERR,ERR,ERR,ERR,ERR,ERR,ERR,ERR,ERR,ERR,ERR,ERR,ERR,ERR,ERR,ERR,ERR,ERR,ERR,ERR,ERR,ERR,ERR,ERR,ERR,ERR,ERR,ERR,ERR,ERR,ERR,ERR,ERR,ERR,ERR,ERR,0.0,-107615392.0,0.0,0.0,0.0,1.3936040501711995e+18,7.805,0.0,0,0,4,0,7116,0.0,100,0.0,0.0,0.0,0.0,0.0,0,0,0,0,0.0,0,0,0,0,0,0,0,0,0,0,0,0,0,0,0,0,0,0,0,0,0,0,0,0,0,0,0,0,0,0,0,0,0,31,40,40,71,65476,0,300,0,0,8,21553,0.0,-107605600.0,0.0,0.0,0.0,0.0,0.0,0.0,0.0,0.0,0.0,0.0,0.0,0.0,0.0,0.0,0.0,0.0,0.0,0.0,0.0,0.0,-0.0,0.0,2.004,-0.0,0.0,0.0,0.0,0.0,6391.0,0.0,6913.0,0.0,-107615392.0,0.0,0.0,0.0,0.0,0.0,0.0,69,-0.0,-71.63,0.0,0.0,0.0,0.0,0.0,0.0,0.0,0,0,0,0.0,0.0,0.0,0.0,0.0,0.0,0.0,0.0,0.0,0.0,0.0,0.0,0.0,0.0,0.0,0.0,0,-107875648.0,69,0.0,138,0.0,-0.0,0,13107,17040,0,17049,0,17043,0,0,0,70,68,100,2.7302359370752657e+23,71.1,0.0,74.2,2.7302370179391762e+23,74.0,1,49,50,180,0,52429,0,0,0.0,0.0,0.0,0.0,-0.0,67.0,0.0,162057.094,0.0,750,0,739,0,0,0,721,0,765,0,735,0,742,0,741,0,712,0,7520,0.032,79456894976.0,0.0,0.0,784,16797,-0.0,162057.094,-114818.039,-0.0,0.133,6.909358625270745e+28,30.0,65.0,35,0.0,0.0,0.0,0.0,0.0,0.0,0.0,0.0,0.0,0.0,0.0,0.0,0.0,0.0,0.0,0.0,69.2,0,150,71,54,65476,0,300,0,1,8,20529,65476,0,0,40632,65.0,0.0,0.0,0.0,0.0,0.0
2026-09-04T20:59:00,ERR,ERR,ERR,ERR,ERR,ERR,ERR,ERR,ERR,ERR,ERR,ERR,ERR,ERR,ERR,ERR,ERR,ERR,ERR,ERR,ERR,ERR,ERR,ERR,ERR,ERR,ERR,ERR,ERR,ERR,ERR,ERR,ERR,ERR,ERR,ERR,ERR,ERR,ERR,ERR,ERR,ERR,ERR,ERR,ERR,ERR,ERR,ERR,ERR,ERR,ERR,ERR,ERR,ERR,ERR,ERR,ERR,ERR,ERR,ERR,ERR,ERR,ERR,ERR,ERR,ERR,ERR,ERR,ERR,ERR,ERR,ERR,ERR,ERR,ERR,ERR,ERR,ERR,ERR,ERR,ERR,ERR,ERR,ERR,ERR,ERR,ERR,ERR,ERR,ERR,ERR,ERR,ERR,ERR,ERR,ERR,ERR,ERR,ERR,ERR,ERR,ERR,ERR,ERR,ERR,ERR,ERR,ERR,ERR,ERR,ERR,ERR,ERR,ERR,ERR,ERR,ERR,ERR,ERR,ERR,ERR,ERR,ERR,ERR,ERR,0.0,-107615392.0,0.0,0.0,0.0,1.3936040501711995e+18,7.805,0.0,0,0,4,0,7116,0.0,100,0.0,0.0,0.0,0.0,0.0,0,0,0,0,0.0,0,0,0,0,0,0,0,0,0,0,0,0,0,0,0,0,0,0,0,0,0,0,0,0,0,0,0,0,0,0,0,0,0,31,40,40,71,65476,0,300,0,0,8,21553,0.0,-107605600.0,0.0,0.0,0.0,0.0,0.0,0.0,0.0,0.0,0.0,0.0,0.0,0.0,0.0,0.0,0.0,0.0,0.0,0.0,0.0,0.0,-0.0,0.0,2.004,-0.0,0.0,0.0,0.0,0.0,6391.0,0.0,6913.0,0.0,-107615392.0,0.0,0.0,0.0,0.0,0.0,0.0,69,-0.0,-71.63,0.0,0.0,0.0,0.0,0.0,0.0,0.0,0,0,0,0.0,0.0,0.0,0.0,0.0,0.0,0.0,0.0,0.0,0.0,0.0,0.0,0.0,0.0,0.0,0.0,0,-107875648.0,69,0.0,138,0.0,-0.0,0,13107,17040,0,17049,0,17043,0,0,0,70,68,100,2.7302359370752657e+23,71.1,0.0,74.2,2.7302370179391762e+23,74.0,1,49,50,180,0,52429,0,0,0.0,0.0,0.0,0.0,-0.0,67.0,0.0,162057.094,0.0,750,0,739,0,0,0,721,0,765,0,735,0,742,0,741,0,712,0,7520,0.032,79456894976.0,0.0,0.0,784,16797,-0.0,162057.094,-114818.039,-0.0,0.133,6.909358625270745e+28,30.0,65.0,35,0.0,0.0,0.0,0.0,0.0,0.0,0.0,0.0,0.0,0.0,0.0,0.0,0.0,0.0,0.0,0.0,69.2,0,150,71,54,65476,0,300,0,1,8,20529,65476,0,0,40632,65.0,0.0,0.0,0.0,0.0,0.0
2026-09-04T20:59:01,ERR,ERR,ERR,ERR,ERR,ERR,ERR,ERR,ERR,ERR,ERR,ERR,ERR,ERR,ERR,ERR,ERR,ERR,ERR,ERR,ERR,ERR,ERR,ERR,ERR,ERR,ERR,ERR,ERR,ERR,ERR,ERR,ERR,ERR,ERR,ERR,ERR,ERR,ERR,ERR,ERR,ERR,ERR,ERR,ERR,ERR,ERR,ERR,ERR,ERR,ERR,ERR,ERR,ERR,ERR,ERR,ERR,ERR,ERR,ERR,ERR,ERR,ERR,ERR,ERR,ERR,ERR,ERR,ERR,ERR,ERR,ERR,ERR,ERR,ERR,ERR,ERR,ERR,ERR,ERR,ERR,ERR,ERR,ERR,ERR,ERR,ERR,ERR,ERR,ERR,ERR,ERR,ERR,ERR,ERR,ERR,ERR,ERR,ERR,ERR,ERR,ERR,ERR,ERR,ERR,ERR,ERR,ERR,ERR,ERR,ERR,ERR,ERR,ERR,ERR,ERR,ERR,ERR,ERR,ERR,ERR,ERR,ERR,ERR,ERR,0.0,-107615392.0,0.0,0.0,0.0,1.3936040501711995e+18,7.805,0.0,0,0,4,0,7116,0.0,100,0.0,0.0,0.0,0.0,0.0,0,0,0,0,0.0,0,0,0,0,0,0,0,0,0,0,0,0,0,0,0,0,0,0,0,0,0,0,0,0,0,0,0,0,0,0,0,0,0,31,40,40,71,65476,0,300,0,0,8,21553,0.0,-107605600.0,0.0,0.0,0.0,0.0,0.0,0.0,0.0,0.0,0.0,0.0,0.0,0.0,0.0,0.0,0.0,0.0,0.0,0.0,0.0,0.0,-0.0,0.0,2.004,-0.0,0.0,0.0,0.0,0.0,6391.0,0.0,6913.0,0.0,-107615392.0,0.0,0.0,0.0,0.0,0.0,0.0,69,-0.0,-71.63,0.0,0.0,0.0,0.0,0.0,0.0,0.0,0,0,0,0.0,0.0,0.0,0.0,0.0,0.0,0.0,0.0,0.0,0.0,0.0,0.0,0.0,0.0,0.0,0.0,0,-107875648.0,69,0.0,138,0.0,-0.0,0,13107,17040,0,17049,0,17043,0,0,0,70,68,100,2.7302359370752657e+23,71.1,0.0,74.2,2.7302370179391762e+23,74.0,1,49,50,180,0,52429,0,0,0.0,0.0,0.0,0.0,-0.0,67.0,0.0,162057.094,0.0,750,0,739,0,0,0,721,0,765,0,735,0,742,0,741,0,712,0,7520,0.032,79456894976.0,0.0,0.0,784,16797,-0.0,162057.094,-114818.039,-0.0,0.133,6.909358625270745e+28,30.0,65.0,35,0.0,0.0,0.0,0.0,0.0,0.0,0.0,0.0,0.0,0.0,0.0,0.0,0.0,0.0,0.0,0.0,69.2,0,150,71,54,65476,0,300,0,1,8,20529,65476,0,0,40632,65.0,0.0,0.0,0.0,0.0,0.0
2026-09-04T20:59:02,ERR,ERR,ERR,ERR,ERR,ERR,ERR,ERR,ERR,ERR,ERR,ERR,ERR,ERR,ERR,ERR,ERR,ERR,ERR,ERR,ERR,ERR,ERR,ERR,ERR,ERR,ERR,ERR,ERR,ERR,ERR,ERR,ERR,ERR,ERR,ERR,ERR,ERR,ERR,ERR,ERR,ERR,ERR,ERR,ERR,ERR,ERR,ERR,ERR,ERR,ERR,ERR,ERR,ERR,ERR,ERR,ERR,ERR,ERR,ERR,ERR,ERR,ERR,ERR,ERR,ERR,ERR,ERR,ERR,ERR,ERR,ERR,ERR,ERR,ERR,ERR,ERR,ERR,ERR,ERR,ERR,ERR,ERR,ERR,ERR,ERR,ERR,ERR,ERR,ERR,ERR,ERR,ERR,ERR,ERR,ERR,ERR,ERR,ERR,ERR,ERR,ERR,ERR,ERR,ERR,ERR,ERR,ERR,ERR,ERR,ERR,ERR,ERR,ERR,ERR,ERR,ERR,ERR,ERR,ERR,ERR,ERR,ERR,ERR,ERR,0.0,-107615392.0,0.0,0.0,0.0,1.3936040501711995e+18,7.805,0.0,0,0,4,0,7116,0.0,100,0.0,0.0,0.0,0.0,0.0,0,0,0,0,0.0,0,0,0,0,0,0,0,0,0,0,0,0,0,0,0,0,0,0,0,0,0,0,0,0,0,0,0,0,0,0,0,0,0,31,40,40,71,65476,0,300,0,0,8,21553,0.0,-107605600.0,0.0,0.0,0.0,0.0,0.0,0.0,0.0,0.0,0.0,0.0,0.0,0.0,0.0,0.0,0.0,0.0,0.0,0.0,0.0,0.0,-0.0,0.0,2.004,-0.0,0.0,0.0,0.0,0.0,6391.0,0.0,6913.0,0.0,-107615392.0,0.0,0.0,0.0,0.0,0.0,0.0,69,-0.0,-71.63,0.0,0.0,0.0,0.0,0.0,0.0,0.0,0,0,0,0.0,0.0,0.0,0.0,0.0,0.0,0.0,0.0,0.0,0.0,0.0,0.0,0.0,0.0,0.0,0.0,0,-107875648.0,69,0.0,138,0.0,-0.0,0,13107,17040,0,17049,0,17043,0,0,0,70,68,100,2.7302359370752657e+23,71.1,0.0,74.2,2.7302370179391762e+23,74.0,1,49,50,180,0,52429,0,0,0.0,0.0,0.0,0.0,-0.0,67.0,0.0,162057.094,0.0,750,0,739,0,0,0,721,0,765,0,735,0,742,0,741,0,712,0,7520,0.032,79456894976.0,0.0,0.0,784,16797,-0.0,162057.094,-114818.039,-0.0,0.133,6.909358625270745e+28,30.0,65.0,35,0.0,0.0,0.0,0.0,0.0,0.0,0.0,0.0,0.0,0.0,0.0,0.0,0.0,0.0,0.0,0.0,69.2,0,150,71,54,65476,0,300,0,1,8,20529,65476,0,0,40632,65.0,0.0,0.0,0.0,0.0,0.0
2026-09-04T20:59:03,ERR,ERR,ERR,ERR,ERR,ERR,ERR,ERR,ERR,ERR,ERR,ERR,ERR,ERR,ERR,ERR,ERR,ERR,ERR,ERR,ERR,ERR,ERR,ERR,ERR,ERR,ERR,ERR,ERR,ERR,ERR,ERR,ERR,ERR,ERR,ERR,ERR,ERR,ERR,ERR,ERR,ERR,ERR,ERR,ERR,ERR,ERR,ERR,ERR,ERR,ERR,ERR,ERR,ERR,ERR,ERR,ERR,ERR,ERR,ERR,ERR,ERR,ERR,ERR,ERR,ERR,ERR,ERR,ERR,ERR,ERR,ERR,ERR,ERR,ERR,ERR,ERR,ERR,ERR,ERR,ERR,ERR,ERR,ERR,ERR,ERR,ERR,ERR,ERR,ERR,ERR,ERR,ERR,ERR,ERR,ERR,ERR,ERR,ERR,ERR,ERR,ERR,ERR,ERR,ERR,ERR,ERR,ERR,ERR,ERR,ERR,ERR,ERR,ERR,ERR,ERR,ERR,ERR,ERR,ERR,ERR,ERR,ERR,ERR,ERR,0.0,-107615392.0,0.0,0.0,0.0,1.3936040501711995e+18,7.805,0.0,0,0,4,0,7116,0.0,100,0.0,0.0,0.0,0.0,0.0,0,0,0,0,0.0,0,0,0,0,0,0,0,0,0,0,0,0,0,0,0,0,0,0,0,0,0,0,0,0,0,0,0,0,0,0,0,0,0,31,40,40,71,65476,0,300,0,0,8,21553,0.0,-107605600.0,0.0,0.0,0.0,0.0,0.0,0.0,0.0,0.0,0.0,0.0,0.0,0.0,0.0,0.0,0.0,0.0,0.0,0.0,0.0,0.0,-0.0,0.0,2.004,-0.0,0.0,0.0,0.0,0.0,6391.0,0.0,6913.0,0.0,-107615392.0,0.0,0.0,0.0,0.0,0.0,0.0,69,-0.0,-71.63,0.0,0.0,0.0,0.0,0.0,0.0,0.0,0,0,0,0.0,0.0,0.0,0.0,0.0,0.0,0.0,0.0,0.0,0.0,0.0,0.0,0.0,0.0,0.0,0.0,0,-107875648.0,69,0.0,138,0.0,-0.0,0,13107,17040,0,17049,0,17043,0,0,0,70,68,100,2.7302359370752657e+23,71.1,0.0,74.2,2.7302370179391762e+23,74.0,1,49,50,180,0,52429,0,0,0.0,0.0,0.0,0.0,-0.0,67.0,0.0,162057.094,0.0,750,0,739,0,0,0,721,0,765,0,735,0,742,0,741,0,712,0,7520,0.032,79456894976.0,0.0,0.0,784,16797,-0.0,162057.094,-114818.039,-0.0,0.133,6.909358625270745e+28,30.0,65.0,35,0.0,0.0,0.0,0.0,0.0,0.0,0.0,0.0,0.0,0.0,0.0,0.0,0.0,0.0,0.0,0.0,69.2,0,150,71,54,65476,0,300,0,1,8,20529,65476,0,0,40632,65.0,0.0,0.0,0.0,0.0,0.0
2026-09-04T20:59:04,ERR,ERR,ERR,ERR,ERR,ERR,ERR,ERR,ERR,ERR,ERR,ERR,ERR,ERR,ERR,ERR,ERR,ERR,ERR,ERR,ERR,ERR,ERR,ERR,ERR,ERR,ERR,ERR,ERR,ERR,ERR,ERR,ERR,ERR,ERR,ERR,ERR,ERR,ERR,ERR,ERR,ERR,ERR,ERR,ERR,ERR,ERR,ERR,ERR,ERR,ERR,ERR,ERR,ERR,ERR,ERR,ERR,ERR,ERR,ERR,ERR,ERR,ERR,ERR,ERR,ERR,ERR,ERR,ERR,ERR,ERR,ERR,ERR,ERR,ERR,ERR,ERR,ERR,ERR,ERR,ERR,ERR,ERR,ERR,ERR,ERR,ERR,ERR,ERR,ERR,ERR,ERR,ERR,ERR,ERR,ERR,ERR,ERR,ERR,ERR,ERR,ERR,ERR,ERR,ERR,ERR,ERR,ERR,ERR,ERR,ERR,ERR,ERR,ERR,ERR,ERR,ERR,ERR,ERR,ERR,ERR,ERR,ERR,ERR,ERR,0.0,-107615392.0,0.0,0.0,0.0,1.3936040501711995e+18,7.805,0.0,0,0,4,0,7116,0.0,100,0.0,0.0,0.0,0.0,0.0,0,0,0,0,0.0,0,0,0,0,0,0,0,0,0,0,0,0,0,0,0,0,0,0,0,0,0,0,0,0,0,0,0,0,0,0,0,0,0,31,40,40,71,65476,0,300,0,0,8,21553,0.0,-107605600.0,0.0,0.0,0.0,0.0,0.0,0.0,0.0,0.0,0.0,0.0,0.0,0.0,0.0,0.0,0.0,0.0,0.0,0.0,0.0,0.0,-0.0,0.0,2.004,-0.0,0.0,0.0,0.0,0.0,6352.0,-0.0,6935.0,0.0,0.0,0.0,0.0,0.0,0.0,0.0,0.0,69,4.066882747792088e+29,1.905695199896535e+17,0.0,0.0,0.0,0.0,0.0,0.0,0.0,0,0,0,0.0,0.0,0.0,0.0,0.0,0.0,0.0,0.0,0.0,0.0,0.0,0.0,0.0,0.0,0.0,0.0,0,-107875648.0,69,0.0,138,0.0,-0.0,0,13107,17040,0,17049,0,17043,0,0,0,70,68,100,2.7302359370752657e+23,71.1,0.0,74.2,2.7302370179391762e+23,74.0,1,49,50,180,0,52429,0,0,0.0,0.0,0.0,0.0,-0.0,67.0,0.0,162057.094,0.0,750,0,739,0,0,0,721,0,765,0,735,0,742,0,741,0,712,0,7520,0.032,79456894976.0,0.0,0.0,784,16797,-0.0,162057.094,-114818.039,-0.0,0.133,6.909358625270745e+28,30.0,65.0,35,0.0,0.0,0.0,0.0,0.0,0.0,0.0,0.0,0.0,0.0,0.0,0.0,0.0,0.0,0.0,0.0,69.2,0,150,71,54,65476,0,300,0,1,8,20529,65476,0,0,40632,65.0,0.0,0.0,0.0,0.0,0.0
2026-09-04T20:59:05,ERR,ERR,ERR,ERR,ERR,ERR,ERR,ERR,ERR,ERR,ERR,ERR,ERR,ERR,ERR,ERR,ERR,ERR,ERR,ERR,ERR,ERR,ERR,ERR,ERR,ERR,ERR,ERR,ERR,ERR,ERR,ERR,ERR,ERR,ERR,ERR,ERR,ERR,ERR,ERR,ERR,ERR,ERR,ERR,ERR,ERR,ERR,ERR,ERR,ERR,ERR,ERR,ERR,ERR,ERR,ERR,ERR,ERR,ERR,ERR,ERR,ERR,ERR,ERR,ERR,ERR,ERR,ERR,ERR,ERR,ERR,ERR,ERR,ERR,ERR,ERR,ERR,ERR,ERR,ERR,ERR,ERR,ERR,ERR,ERR,ERR,ERR,ERR,ERR,ERR,ERR,ERR,ERR,ERR,ERR,ERR,ERR,ERR,ERR,ERR,ERR,ERR,ERR,ERR,ERR,ERR,ERR,ERR,ERR,ERR,ERR,ERR,ERR,ERR,ERR,ERR,ERR,ERR,ERR,ERR,ERR,ERR,ERR,ERR,ERR,0.0,-107615392.0,0.0,0.0,0.0,1.3936040501711995e+18,7.805,0.0,0,0,4,0,7116,0.0,100,0.0,0.0,0.0,0.0,0.0,0,0,0,0,0.0,0,0,0,0,0,0,0,0,0,0,0,0,0,0,0,0,0,0,0,0,0,0,0,0,0,0,0,0,0,0,0,0,0,31,40,40,71,65476,0,300,0,0,8,21553,0.0,-107605600.0,0.0,0.0,0.0,0.0,0.0,0.0,0.0,0.0,0.0,0.0,0.0,0.0,0.0,0.0,0.0,0.0,0.0,0.0,0.0,0.0,-0.0,0.0,2.004,-0.0,0.0,0.0,0.0,0.0,6352.0,-0.0,6935.0,0.0,0.0,0.0,0.0,0.0,0.0,0.0,0.0,69,4.066882747792088e+29,1.905695199896535e+17,0.0,0.0,0.0,0.0,0.0,0.0,0.0,0,0,0,0.0,0.0,0.0,0.0,0.0,0.0,0.0,0.0,0.0,0.0,0.0,0.0,0.0,0.0,0.0,0.0,0,-107875648.0,69,0.0,138,0.0,-0.0,0,13107,17040,0,17049,0,17043,0,0,0,70,68,100,2.7302359370752657e+23,71.1,0.0,74.2,2.7302370179391762e+23,74.0,1,49,50,180,0,52429,0,0,0.0,0.0,0.0,0.0,-0.0,67.0,0.0,162057.094,0.0,750,0,739,0,0,0,721,0,765,0,735,0,742,0,741,0,712,0,7520,0.032,79456894976.0,0.0,0.0,784,16797,-0.0,162057.094,-114818.039,-0.0,0.133,6.909358625270745e+28,30.0,65.0,35,0.0,0.0,0.0,0.0,0.0,0.0,0.0,0.0,0.0,0.0,0.0,0.0,0.0,0.0,0.0,0.0,69.2,0,150,71,54,65476,0,300,0,1,8,20529,65476,0,0,40632,65.0,0.0,0.0,0.0,0.0,0.0
2026-09-04T20:59:06,ERR,ERR,ERR,ERR,ERR,ERR,ERR,ERR,ERR,ERR,ERR,ERR,ERR,ERR,ERR,ERR,ERR,ERR,ERR,ERR,ERR,ERR,ERR,ERR,ERR,ERR,ERR,ERR,ERR,ERR,ERR,ERR,ERR,ERR,ERR,ERR,ERR,ERR,ERR,ERR,ERR,ERR,ERR,ERR,ERR,ERR,ERR,ERR,ERR,ERR,ERR,ERR,ERR,ERR,ERR,ERR,ERR,ERR,ERR,ERR,ERR,ERR,ERR,ERR,ERR,ERR,ERR,ERR,ERR,ERR,ERR,ERR,ERR,ERR,ERR,ERR,ERR,ERR,ERR,ERR,ERR,ERR,ERR,ERR,ERR,ERR,ERR,ERR,ERR,ERR,ERR,ERR,ERR,ERR,ERR,ERR,ERR,ERR,ERR,ERR,ERR,ERR,ERR,ERR,ERR,ERR,ERR,ERR,ERR,ERR,ERR,ERR,ERR,ERR,ERR,ERR,ERR,ERR,ERR,ERR,ERR,ERR,ERR,ERR,ERR,0.0,-107615392.0,0.0,0.0,0.0,1.3936040501711995e+18,7.805,0.0,0,0,4,0,7116,0.0,100,0.0,0.0,0.0,0.0,0.0,0,0,0,0,0.0,0,0,0,0,0,0,0,0,0,0,0,0,0,0,0,0,0,0,0,0,0,0,0,0,0,0,0,0,0,0,0,0,0,31,40,40,71,65476,0,300,0,0,8,21553,0.0,-107605600.0,0.0,0.0,0.0,0.0,0.0,0.0,0.0,0.0,0.0,0.0,0.0,0.0,0.0,0.0,0.0,0.0,0.0,0.0,0.0,0.0,-0.0,0.0,2.004,-0.0,0.0,0.0,0.0,0.0,6352.0,-0.0,6935.0,0.0,0.0,0.0,0.0,0.0,0.0,0.0,0.0,69,4.066882747792088e+29,1.905695199896535e+17,0.0,0.0,0.0,0.0,0.0,0.0,0.0,0,0,0,0.0,0.0,0.0,0.0,0.0,0.0,0.0,0.0,0.0,0.0,0.0,0.0,0.0,0.0,0.0,0.0,0,-107875648.0,69,0.0,138,0.0,-0.0,0,13107,17040,0,17049,0,17043,0,0,0,70,68,100,2.7302359370752657e+23,71.1,0.0,74.2,2.7302370179391762e+23,74.0,1,49,50,180,0,52429,0,0,0.0,0.0,0.0,0.0,-0.0,67.0,0.0,162057.094,0.0,750,0,739,0,0,0,721,0,765,0,735,0,742,0,741,0,712,0,7520,0.032,79456894976.0,0.0,0.0,784,16797,-0.0,162057.094,-114818.039,-0.0,0.133,6.909358625270745e+28,30.0,65.0,35,0.0,0.0,0.0,0.0,0.0,0.0,0.0,0.0,0.0,0.0,0.0,0.0,0.0,0.0,0.0,0.0,69.2,0,150,71,54,65476,0,300,0,1,8,20529,65476,0,0,40632,65.0,0.0,0.0,0.0,0.0,0.0
2026-09-04T20:59:07,ERR,ERR,ERR,ERR,ERR,ERR,ERR,ERR,ERR,ERR,ERR,ERR,ERR,ERR,ERR,ERR,ERR,ERR,ERR,ERR,ERR,ERR,ERR,ERR,ERR,ERR,ERR,ERR,ERR,ERR,ERR,ERR,ERR,ERR,ERR,ERR,ERR,ERR,ERR,ERR,ERR,ERR,ERR,ERR,ERR,ERR,ERR,ERR,ERR,ERR,ERR,ERR,ERR,ERR,ERR,ERR,ERR,ERR,ERR,ERR,ERR,ERR,ERR,ERR,ERR,ERR,ERR,ERR,ERR,ERR,ERR,ERR,ERR,ERR,ERR,ERR,ERR,ERR,ERR,ERR,ERR,ERR,ERR,ERR,ERR,ERR,ERR,ERR,ERR,ERR,ERR,ERR,ERR,ERR,ERR,ERR,ERR,ERR,ERR,ERR,ERR,ERR,ERR,ERR,ERR,ERR,ERR,ERR,ERR,ERR,ERR,ERR,ERR,ERR,ERR,ERR,ERR,ERR,ERR,ERR,ERR,ERR,ERR,ERR,ERR,0.0,-107615392.0,0.0,0.0,0.0,1.3936040501711995e+18,7.805,0.0,0,0,4,0,7116,0.0,100,0.0,0.0,0.0,0.0,0.0,0,0,0,0,0.0,0,0,0,0,0,0,0,0,0,0,0,0,0,0,0,0,0,0,0,0,0,0,0,0,0,0,0,0,0,0,0,0,0,31,40,40,71,65476,0,300,0,0,8,21553,0.0,-107605600.0,0.0,0.0,0.0,0.0,0.0,0.0,0.0,0.0,0.0,0.0,0.0,0.0,0.0,0.0,0.0,0.0,0.0,0.0,0.0,0.0,-0.0,0.0,2.004,-0.0,0.0,0.0,0.0,0.0,6352.0,-0.0,6935.0,0.0,0.0,0.0,0.0,0.0,0.0,0.0,0.0,69,4.066882747792088e+29,1.905695199896535e+17,0.0,0.0,0.0,0.0,0.0,0.0,0.0,0,0,0,0.0,0.0,0.0,0.0,0.0,0.0,0.0,0.0,0.0,0.0,0.0,0.0,0.0,0.0,0.0,0.0,0,-107875648.0,69,0.0,138,0.0,-0.0,0,13107,17040,0,17049,0,17043,0,0,0,70,68,100,2.7302359370752657e+23,71.1,0.0,74.2,2.7302370179391762e+23,74.0,1,49,50,180,0,52429,0,0,0.0,0.0,0.0,0.0,-0.0,67.0,0.0,162057.094,0.0,750,0,739,0,0,0,721,0,765,0,735,0,742,0,741,0,712,0,7520,0.032,79456894976.0,0.0,0.0,784,16797,-0.0,162057.094,-114818.039,-0.0,0.133,6.909358625270745e+28,30.0,65.0,35,0.0,0.0,0.0,0.0,0.0,0.0,0.0,0.0,0.0,0.0,0.0,0.0,0.0,0.0,0.0,0.0,69.2,0,150,71,54,65476,0,300,0,1,8,20529,65476,0,0,40632,65.0,0.0,0.0,0.0,0.0,0.0
2026-09-04T20:59:08,ERR,ERR,ERR,ERR,ERR,ERR,ERR,ERR,ERR,ERR,ERR,ERR,ERR,ERR,ERR,ERR,ERR,ERR,ERR,ERR,ERR,ERR,ERR,ERR,ERR,ERR,ERR,ERR,ERR,ERR,ERR,ERR,ERR,ERR,ERR,ERR,ERR,ERR,ERR,ERR,ERR,ERR,ERR,ERR,ERR,ERR,ERR,ERR,ERR,ERR,ERR,ERR,ERR,ERR,ERR,ERR,ERR,ERR,ERR,ERR,ERR,ERR,ERR,ERR,ERR,ERR,ERR,ERR,ERR,ERR,ERR,ERR,ERR,ERR,ERR,ERR,ERR,ERR,ERR,ERR,ERR,ERR,ERR,ERR,ERR,ERR,ERR,ERR,ERR,ERR,ERR,ERR,ERR,ERR,ERR,ERR,ERR,ERR,ERR,ERR,ERR,ERR,ERR,ERR,ERR,ERR,ERR,ERR,ERR,ERR,ERR,ERR,ERR,ERR,ERR,ERR,ERR,ERR,ERR,ERR,ERR,ERR,ERR,ERR,ERR,0.0,-107615392.0,0.0,0.0,0.0,1.3936040501711995e+18,7.805,0.0,0,0,4,0,7116,0.0,100,0.0,0.0,0.0,0.0,0.0,0,0,0,0,0.0,0,0,0,0,0,0,0,0,0,0,0,0,0,0,0,0,0,0,0,0,0,0,0,0,0,0,0,0,0,0,0,0,0,31,40,40,71,65476,0,300,0,0,8,21553,0.0,-107605600.0,0.0,0.0,0.0,0.0,0.0,0.0,0.0,0.0,0.0,0.0,0.0,0.0,0.0,0.0,0.0,0.0,0.0,0.0,0.0,0.0,-0.0,0.0,2.004,-0.0,0.0,0.0,0.0,0.0,6352.0,-0.0,6935.0,0.0,0.0,0.0,0.0,0.0,0.0,0.0,0.0,69,4.066882747792088e+29,1.905695199896535e+17,0.0,0.0,0.0,0.0,0.0,0.0,0.0,0,0,0,0.0,0.0,0.0,0.0,0.0,0.0,0.0,0.0,0.0,0.0,0.0,0.0,0.0,0.0,0.0,0.0,0,-107875648.0,69,0.0,138,0.0,-0.0,0,13107,17040,0,17049,0,17043,0,0,0,70,68,100,2.7302359370752657e+23,71.1,0.0,74.2,2.7302370179391762e+23,74.0,1,49,50,180,0,52429,0,0,0.0,0.0,0.0,0.0,-0.0,67.0,0.0,162057.094,0.0,750,0,739,0,0,0,721,0,765,0,735,0,742,0,741,0,712,0,7520,0.032,78920024064.0,0.0,0.0,784,16797,-0.0,162057.094,-114818.039,-0.0,0.133,6.909358625270745e+28,30.0,65.0,35,0.0,0.0,0.0,0.0,0.0,0.0,0.0,0.0,0.0,0.0,0.0,0.0,0.0,0.0,0.0,0.0,69.2,0,150,71,54,65476,0,300,0,1,8,20529,65476,0,0,40632,65.0,0.0,0.0,0.0,0.0,0.0
2026-09-04T20:59:09,ERR,ERR,ERR,ERR,ERR,ERR,ERR,ERR,ERR,ERR,ERR,ERR,ERR,ERR,ERR,ERR,ERR,ERR,ERR,ERR,ERR,ERR,ERR,ERR,ERR,ERR,ERR,ERR,ERR,ERR,ERR,ERR,ERR,ERR,ERR,ERR,ERR,ERR,ERR,ERR,ERR,ERR,ERR,ERR,ERR,ERR,ERR,ERR,ERR,ERR,ERR,ERR,ERR,ERR,ERR,ERR,ERR,ERR,ERR,ERR,ERR,ERR,ERR,ERR,ERR,ERR,ERR,ERR,ERR,ERR,ERR,ERR,ERR,ERR,ERR,ERR,ERR,ERR,ERR,ERR,ERR,ERR,ERR,ERR,ERR,ERR,ERR,ERR,ERR,ERR,ERR,ERR,ERR,ERR,ERR,ERR,ERR,ERR,ERR,ERR,ERR,ERR,ERR,ERR,ERR,ERR,ERR,ERR,ERR,ERR,ERR,ERR,ERR,ERR,ERR,ERR,ERR,ERR,ERR,ERR,ERR,ERR,ERR,ERR,ERR,0.0,-107615392.0,0.0,0.0,0.0,1.3936040501711995e+18,7.805,0.0,0,0,4,0,7116,0.0,100,0.0,0.0,0.0,0.0,0.0,0,0,0,0,0.0,0,0,0,0,0,0,0,0,0,0,0,0,0,0,0,0,0,0,0,0,0,0,0,0,0,0,0,0,0,0,0,0,0,31,40,40,71,65476,0,300,0,0,8,21553,0.0,-107605600.0,0.0,0.0,0.0,0.0,0.0,0.0,0.0,0.0,0.0,0.0,0.0,0.0,0.0,0.0,0.0,0.0,0.0,0.0,0.0,0.0,-0.0,0.0,2.004,-0.0,0.0,0.0,0.0,0.0,6352.0,-0.0,6935.0,0.0,0.0,0.0,0.0,0.0,0.0,0.0,0.0,69,4.066882747792088e+29,1.905695199896535e+17,0.0,0.0,0.0,0.0,0.0,0.0,0.0,0,0,0,0.0,0.0,0.0,0.0,0.0,0.0,0.0,0.0,0.0,0.0,0.0,0.0,0.0,0.0,0.0,0.0,0,-107875648.0,69,0.0,138,0.0,-0.0,0,13107,17040,0,17049,0,17043,0,0,0,70,68,100,2.7302359370752657e+23,71.1,0.0,74.2,2.7302370179391762e+23,74.0,1,49,50,180,0,52429,0,0,0.0,0.0,0.0,0.0,-0.0,67.0,0.0,162057.094,0.0,750,0,739,0,0,0,721,0,765,0,735,0,742,0,741,0,712,0,7520,0.032,78920024064.0,0.0,0.0,784,16797,-0.0,162057.094,-114818.039,-0.0,0.133,6.909358625270745e+28,30.0,65.0,35,0.0,0.0,0.0,0.0,0.0,0.0,0.0,0.0,0.0,0.0,0.0,0.0,0.0,0.0,0.0,0.0,69.6,0,150,71,54,65476,0,300,0,1,8,20529,65476,0,0,40632,65.0,0.0,0.0,0.0,0.0,0.0
2026-09-04T20:59:10,ERR,ERR,ERR,ERR,ERR,ERR,ERR,ERR,ERR,ERR,ERR,ERR,ERR,ERR,ERR,ERR,ERR,ERR,ERR,ERR,ERR,ERR,ERR,ERR,ERR,ERR,ERR,ERR,ERR,ERR,ERR,ERR,ERR,ERR,ERR,ERR,ERR,ERR,ERR,ERR,ERR,ERR,ERR,ERR,ERR,ERR,ERR,ERR,ERR,ERR,ERR,ERR,ERR,ERR,ERR,ERR,ERR,ERR,ERR,ERR,ERR,ERR,ERR,ERR,ERR,ERR,ERR,ERR,ERR,ERR,ERR,ERR,ERR,ERR,ERR,ERR,ERR,ERR,ERR,ERR,ERR,ERR,ERR,ERR,ERR,ERR,ERR,ERR,ERR,ERR,ERR,ERR,ERR,ERR,ERR,ERR,ERR,ERR,ERR,ERR,ERR,ERR,ERR,ERR,ERR,ERR,ERR,ERR,ERR,ERR,ERR,ERR,ERR,ERR,ERR,ERR,ERR,ERR,ERR,ERR,ERR,ERR,ERR,ERR,ERR,0.0,-107615392.0,0.0,0.0,0.0,1.3936040501711995e+18,7.805,0.0,0,0,4,0,7116,0.0,100,0.0,0.0,0.0,0.0,0.0,0,0,0,0,0.0,0,0,0,0,0,0,0,0,0,0,0,0,0,0,0,0,0,0,0,0,0,0,0,0,0,0,0,0,0,0,0,0,0,31,40,40,71,65476,0,300,0,0,8,21553,0.0,-107605600.0,0.0,0.0,0.0,0.0,0.0,0.0,0.0,0.0,0.0,0.0,0.0,0.0,0.0,0.0,0.0,0.0,0.0,0.0,0.0,0.0,-0.0,0.0,2.004,-0.0,0.0,0.0,0.0,0.0,6352.0,-0.0,6935.0,0.0,0.0,0.0,0.0,0.0,0.0,0.0,0.0,69,4.066882747792088e+29,1.905695199896535e+17,0.0,0.0,0.0,0.0,0.0,0.0,0.0,0,0,0,0.0,0.0,0.0,0.0,0.0,0.0,0.0,0.0,0.0,0.0,0.0,0.0,0.0,0.0,0.0,0.0,0,-107875648.0,69,0.0,138,0.0,-0.0,0,13107,17040,0,17049,0,17043,0,0,0,70,68,100,2.7302359370752657e+23,71.1,0.0,74.2,2.7302370179391762e+23,74.0,1,49,50,180,0,52429,0,0,0.0,0.0,0.0,0.0,-0.0,67.0,0.0,162057.094,0.0,750,0,739,0,0,0,721,0,765,0,735,0,742,0,741,0,712,0,7520,0.032,78920024064.0,0.0,0.0,784,16797,-0.0,162057.094,-114818.039,-0.0,0.133,6.909358625270745e+28,30.0,65.0,35,0.0,0.0,0.0,0.0,0.0,0.0,0.0,0.0,0.0,0.0,0.0,0.0,0.0,0.0,0.0,0.0,69.6,0,150,71,54,65476,0,300,0,1,8,20529,65476,0,0,40632,65.0,0.0,0.0,0.0,0.0,0.0
2026-09-04T20:59:11,ERR,ERR,ERR,ERR,ERR,ERR,ERR,ERR,ERR,ERR,ERR,ERR,ERR,ERR,ERR,ERR,ERR,ERR,ERR,ERR,ERR,ERR,ERR,ERR,ERR,ERR,ERR,ERR,ERR,ERR,ERR,ERR,ERR,ERR,ERR,ERR,ERR,ERR,ERR,ERR,ERR,ERR,ERR,ERR,ERR,ERR,ERR,ERR,ERR,ERR,ERR,ERR,ERR,ERR,ERR,ERR,ERR,ERR,ERR,ERR,ERR,ERR,ERR,ERR,ERR,ERR,ERR,ERR,ERR,ERR,ERR,ERR,ERR,ERR,ERR,ERR,ERR,ERR,ERR,ERR,ERR,ERR,ERR,ERR,ERR,ERR,ERR,ERR,ERR,ERR,ERR,ERR,ERR,ERR,ERR,ERR,ERR,ERR,ERR,ERR,ERR,ERR,ERR,ERR,ERR,ERR,ERR,ERR,ERR,ERR,ERR,ERR,ERR,ERR,ERR,ERR,ERR,ERR,ERR,ERR,ERR,ERR,ERR,ERR,ERR,0.0,-107615392.0,0.0,0.0,0.0,1.3936040501711995e+18,7.805,0.0,0,0,4,0,7116,0.0,100,0.0,0.0,0.0,0.0,0.0,0,0,0,0,0.0,0,0,0,0,0,0,0,0,0,0,0,0,0,0,0,0,0,0,0,0,0,0,0,0,0,0,0,0,0,0,0,0,0,31,40,40,71,65476,0,300,0,0,8,21553,0.0,-107605600.0,0.0,0.0,0.0,0.0,0.0,0.0,0.0,0.0,0.0,0.0,0.0,0.0,0.0,0.0,0.0,0.0,0.0,0.0,0.0,0.0,-0.0,0.0,2.004,-0.0,0.0,0.0,0.0,0.0,6352.0,-0.0,6935.0,0.0,0.0,0.0,0.0,0.0,0.0,0.0,0.0,69,4.066882747792088e+29,1.905695199896535e+17,0.0,0.0,0.0,0.0,0.0,0.0,0.0,0,0,0,0.0,0.0,0.0,0.0,0.0,0.0,0.0,0.0,0.0,0.0,0.0,0.0,0.0,0.0,0.0,0.0,0,-107875648.0,69,0.0,138,0.0,-0.0,0,13107,17040,0,17049,0,17043,0,0,0,70,68,100,2.7302359370752657e+23,71.1,0.0,74.2,2.7302370179391762e+23,74.0,1,49,50,180,0,52429,0,0,0.0,0.0,0.0,0.0,-0.0,67.0,0.0,162057.094,0.0,750,0,739,0,0,0,721,0,765,0,735,0,742,0,741,0,712,0,7520,0.032,78920024064.0,0.0,0.0,784,16797,-0.0,162057.094,-114818.039,-0.0,0.133,6.909358625270745e+28,30.0,65.0,35,0.0,0.0,0.0,0.0,0.0,0.0,0.0,0.0,0.0,0.0,0.0,0.0,0.0,0.0,0.0,0.0,69.2,0,150,71,54,65476,0,300,0,1,8,20529,65476,0,0,40632,65.0,0.0,0.0,0.0,0.0,0.0
2026-09-04T20:59:12,ERR,ERR,ERR,ERR,ERR,ERR,ERR,ERR,ERR,ERR,ERR,ERR,ERR,ERR,ERR,ERR,ERR,ERR,ERR,ERR,ERR,ERR,ERR,ERR,ERR,ERR,ERR,ERR,ERR,ERR,ERR,ERR,ERR,ERR,ERR,ERR,ERR,ERR,ERR,ERR,ERR,ERR,ERR,ERR,ERR,ERR,ERR,ERR,ERR,ERR,ERR,ERR,ERR,ERR,ERR,ERR,ERR,ERR,ERR,ERR,ERR,ERR,ERR,ERR,ERR,ERR,ERR,ERR,ERR,ERR,ERR,ERR,ERR,ERR,ERR,ERR,ERR,ERR,ERR,ERR,ERR,ERR,ERR,ERR,ERR,ERR,ERR,ERR,ERR,ERR,ERR,ERR,ERR,ERR,ERR,ERR,ERR,ERR,ERR,ERR,ERR,ERR,ERR,ERR,ERR,ERR,ERR,ERR,ERR,ERR,ERR,ERR,ERR,ERR,ERR,ERR,ERR,ERR,ERR,ERR,ERR,ERR,ERR,ERR,ERR,0.0,-107615392.0,0.0,0.0,0.0,1.3936040501711995e+18,7.805,0.0,0,0,4,0,7116,0.0,100,0.0,0.0,0.0,0.0,0.0,0,0,0,0,0.0,0,0,0,0,0,0,0,0,0,0,0,0,0,0,0,0,0,0,0,0,0,0,0,0,0,0,0,0,0,0,0,0,0,31,40,40,71,65476,0,300,0,0,8,21553,0.0,-107605600.0,0.0,0.0,0.0,0.0,0.0,0.0,0.0,0.0,0.0,0.0,0.0,0.0,0.0,0.0,0.0,0.0,0.0,0.0,0.0,0.0,-0.0,0.0,2.004,-0.0,0.0,0.0,0.0,0.0,6355.0,1.040670580205137e+34,6927.0,0.0,0.0,0.0,0.0,0.0,0.0,0.0,0.0,69,4.950431305880601e+32,0.0,0.0,0.0,0.0,0.0,0.0,0.0,0.0,0,0,0,0.0,0.0,0.0,0.0,0.0,0.0,0.0,0.0,0.0,0.0,0.0,0.0,0.0,0.0,0.0,0.0,0,-107875648.0,69,0.0,138,0.0,-0.0,0,13107,17040,0,17049,0,17043,0,0,0,70,68,100,2.7302359370752657e+23,71.1,0.0,74.2,2.7302370179391762e+23,74.0,1,49,50,180,0,52429,0,0,0.0,0.0,0.0,0.0,-0.0,67.0,0.0,162057.094,0.0,750,0,739,0,0,0,721,0,765,0,735,0,742,0,741,0,712,0,7520,0.032,78920024064.0,0.0,0.0,784,16797,-0.0,162057.094,-114818.039,-0.0,0.133,6.909358625270745e+28,30.0,65.0,35,0.0,0.0,0.0,0.0,0.0,0.0,0.0,0.0,0.0,0.0,0.0,0.0,0.0,0.0,0.0,0.0,69.2,0,150,71,54,65476,0,300,0,1,8,20529,65476,0,0,40632,65.0,0.0,0.0,0.0,0.0,0.0
2026-09-04T20:59:13,ERR,ERR,ERR,ERR,ERR,ERR,ERR,ERR,ERR,ERR,ERR,ERR,ERR,ERR,ERR,ERR,ERR,ERR,ERR,ERR,ERR,ERR,ERR,ERR,ERR,ERR,ERR,ERR,ERR,ERR,ERR,ERR,ERR,ERR,ERR,ERR,ERR,ERR,ERR,ERR,ERR,ERR,ERR,ERR,ERR,ERR,ERR,ERR,ERR,ERR,ERR,ERR,ERR,ERR,ERR,ERR,ERR,ERR,ERR,ERR,ERR,ERR,ERR,ERR,ERR,ERR,ERR,ERR,ERR,ERR,ERR,ERR,ERR,ERR,ERR,ERR,ERR,ERR,ERR,ERR,ERR,ERR,ERR,ERR,ERR,ERR,ERR,ERR,ERR,ERR,ERR,ERR,ERR,ERR,ERR,ERR,ERR,ERR,ERR,ERR,ERR,ERR,ERR,ERR,ERR,ERR,ERR,ERR,ERR,ERR,ERR,ERR,ERR,ERR,ERR,ERR,ERR,ERR,ERR,ERR,ERR,ERR,ERR,ERR,ERR,0.0,-107615392.0,0.0,0.0,0.0,1.3936040501711995e+18,7.805,0.0,0,0,4,0,7116,0.0,100,0.0,0.0,0.0,0.0,0.0,0,0,0,0,0.0,0,0,0,0,0,0,0,0,0,0,0,0,0,0,0,0,0,0,0,0,0,0,0,0,0,0,0,0,0,0,0,0,0,31,40,40,71,65476,0,300,0,0,8,21553,0.0,-107605600.0,0.0,0.0,0.0,0.0,0.0,0.0,0.0,0.0,0.0,0.0,0.0,0.0,0.0,0.0,0.0,0.0,0.0,0.0,0.0,0.0,-0.0,0.0,2.004,-0.0,0.0,0.0,0.0,0.0,6355.0,1.040670580205137e+34,6927.0,0.0,0.0,0.0,0.0,0.0,0.0,0.0,0.0,69,4.950431305880601e+32,0.0,0.0,0.0,0.0,0.0,0.0,0.0,0.0,0,0,0,0.0,0.0,0.0,0.0,0.0,0.0,0.0,0.0,0.0,0.0,0.0,0.0,0.0,0.0,0.0,0.0,0,-107875648.0,69,0.0,138,0.0,-0.0,0,13107,17040,0,17049,0,17043,0,0,0,70,68,100,2.7302359370752657e+23,71.1,0.0,74.2,2.7302370179391762e+23,74.0,1,49,50,180,0,52429,0,0,0.0,0.0,0.0,0.0,-0.0,67.0,0.0,162057.094,0.0,750,0,739,0,0,0,721,0,765,0,735,0,742,0,741,0,712,0,7520,0.032,79456894976.0,0.0,0.0,784,16797,-0.0,162057.094,-114818.039,-0.0,0.133,6.909358625270745e+28,30.0,65.0,35,0.0,0.0,0.0,0.0,0.0,0.0,0.0,0.0,0.0,0.0,0.0,0.0,0.0,0.0,0.0,0.0,69.2,0,150,71,54,65476,0,300,0,1,8,20529,65476,0,0,40632,65.0,0.0,0.0,0.0,0.0,0.0
2026-09-04T20:59:14,ERR,ERR,ERR,ERR,ERR,ERR,ERR,ERR,ERR,ERR,ERR,ERR,ERR,ERR,ERR,ERR,ERR,ERR,ERR,ERR,ERR,ERR,ERR,ERR,ERR,ERR,ERR,ERR,ERR,ERR,ERR,ERR,ERR,ERR,ERR,ERR,ERR,ERR,ERR,ERR,ERR,ERR,ERR,ERR,ERR,ERR,ERR,ERR,ERR,ERR,ERR,ERR,ERR,ERR,ERR,ERR,ERR,ERR,ERR,ERR,ERR,ERR,ERR,ERR,ERR,ERR,ERR,ERR,ERR,ERR,ERR,ERR,ERR,ERR,ERR,ERR,ERR,ERR,ERR,ERR,ERR,ERR,ERR,ERR,ERR,ERR,ERR,ERR,ERR,ERR,ERR,ERR,ERR,ERR,ERR,ERR,ERR,ERR,ERR,ERR,ERR,ERR,ERR,ERR,ERR,ERR,ERR,ERR,ERR,ERR,ERR,ERR,ERR,ERR,ERR,ERR,ERR,ERR,ERR,ERR,ERR,ERR,ERR,ERR,ERR,0.0,-107615392.0,0.0,0.0,0.0,1.3936040501711995e+18,7.805,0.0,0,0,4,0,7116,0.0,100,0.0,0.0,0.0,0.0,0.0,0,0,0,0,0.0,0,0,0,0,0,0,0,0,0,0,0,0,0,0,0,0,0,0,0,0,0,0,0,0,0,0,0,0,0,0,0,0,0,31,40,40,71,65476,0,300,0,0,8,21553,0.0,-107605600.0,0.0,0.0,0.0,0.0,0.0,0.0,0.0,0.0,0.0,0.0,0.0,0.0,0.0,0.0,0.0,0.0,0.0,0.0,0.0,0.0,-0.0,0.0,2.004,-0.0,0.0,0.0,0.0,0.0,6355.0,1.040670580205137e+34,6927.0,0.0,0.0,0.0,0.0,0.0,0.0,0.0,0.0,69,4.950431305880601e+32,0.0,0.0,0.0,0.0,0.0,0.0,0.0,0.0,0,0,0,0.0,0.0,0.0,0.0,0.0,0.0,0.0,0.0,0.0,0.0,0.0,0.0,0.0,0.0,0.0,0.0,0,-107875648.0,69,0.0,138,0.0,-0.0,0,13107,17040,0,17049,0,17043,0,0,0,70,68,100,2.7302359370752657e+23,71.1,0.0,74.2,2.7302370179391762e+23,74.0,1,49,50,180,0,52429,0,0,0.0,0.0,0.0,0.0,-0.0,67.0,0.0,162057.094,0.0,750,0,739,0,0,0,721,0,765,0,735,0,742,0,741,0,712,0,7520,0.032,79456894976.0,0.0,0.0,784,16797,-0.0,162057.094,-114818.039,-0.0,0.133,6.909358625270745e+28,30.0,65.0,35,0.0,0.0,0.0,0.0,0.0,0.0,0.0,0.0,0.0,0.0,0.0,0.0,0.0,0.0,0.0,0.0,69.6,0,150,71,54,65476,0,300,0,1,8,20529,65476,0,0,40632,65.0,0.0,0.0,0.0,0.0,0.0
2026-09-04T20:59:15,ERR,ERR,ERR,ERR,ERR,ERR,ERR,ERR,ERR,ERR,ERR,ERR,ERR,ERR,ERR,ERR,ERR,ERR,ERR,ERR,ERR,ERR,ERR,ERR,ERR,ERR,ERR,ERR,ERR,ERR,ERR,ERR,ERR,ERR,ERR,ERR,ERR,ERR,ERR,ERR,ERR,ERR,ERR,ERR,ERR,ERR,ERR,ERR,ERR,ERR,ERR,ERR,ERR,ERR,ERR,ERR,ERR,ERR,ERR,ERR,ERR,ERR,ERR,ERR,ERR,ERR,ERR,ERR,ERR,ERR,ERR,ERR,ERR,ERR,ERR,ERR,ERR,ERR,ERR,ERR,ERR,ERR,ERR,ERR,ERR,ERR,ERR,ERR,ERR,ERR,ERR,ERR,ERR,ERR,ERR,ERR,ERR,ERR,ERR,ERR,ERR,ERR,ERR,ERR,ERR,ERR,ERR,ERR,ERR,ERR,ERR,ERR,ERR,ERR,ERR,ERR,ERR,ERR,ERR,ERR,ERR,ERR,ERR,ERR,ERR,0.0,-107615392.0,0.0,0.0,0.0,1.3936040501711995e+18,7.805,0.0,0,0,4,0,7116,0.0,100,0.0,0.0,0.0,0.0,0.0,0,0,0,0,0.0,0,0,0,0,0,0,0,0,0,0,0,0,0,0,0,0,0,0,0,0,0,0,0,0,0,0,0,0,0,0,0,0,0,31,40,40,71,65476,0,300,0,0,8,21553,0.0,-107605600.0,0.0,0.0,0.0,0.0,0.0,0.0,0.0,0.0,0.0,0.0,0.0,0.0,0.0,0.0,0.0,0.0,0.0,0.0,0.0,0.0,-0.0,0.0,2.004,-0.0,0.0,0.0,0.0,0.0,6355.0,1.040670580205137e+34,6927.0,0.0,0.0,0.0,0.0,0.0,0.0,0.0,0.0,69,4.950431305880601e+32,0.0,0.0,0.0,0.0,0.0,0.0,0.0,0.0,0,0,0,0.0,0.0,0.0,0.0,0.0,0.0,0.0,0.0,0.0,0.0,0.0,0.0,0.0,0.0,0.0,0.0,0,-107875648.0,69,0.0,138,0.0,-0.0,0,13107,17040,0,17049,0,17043,0,0,0,70,68,100,2.7302359370752657e+23,71.1,0.0,74.2,2.7302370179391762e+23,74.0,1,49,50,180,0,52429,0,0,0.0,0.0,0.0,0.0,-0.0,67.0,0.0,162057.094,0.0,750,0,739,0,0,0,721,0,765,0,735,0,742,0,741,0,712,0,7520,0.032,79456894976.0,0.0,0.0,784,16797,-0.0,162057.094,-114818.039,-0.0,0.133,6.909358625270745e+28,30.0,65.0,35,0.0,0.0,0.0,0.0,0.0,0.0,0.0,0.0,0.0,0.0,0.0,0.0,0.0,0.0,0.0,0.0,69.6,0,150,71,54,65476,0,300,0,1,8,20529,65476,0,0,40632,65.0,0.0,0.0,0.0,0.0,0.0
2026-09-04T20:59:16,ERR,ERR,ERR,ERR,ERR,ERR,ERR,ERR,ERR,ERR,ERR,ERR,ERR,ERR,ERR,ERR,ERR,ERR,ERR,ERR,ERR,ERR,ERR,ERR,ERR,ERR,ERR,ERR,ERR,ERR,ERR,ERR,ERR,ERR,ERR,ERR,ERR,ERR,ERR,ERR,ERR,ERR,ERR,ERR,ERR,ERR,ERR,ERR,ERR,ERR,ERR,ERR,ERR,ERR,ERR,ERR,ERR,ERR,ERR,ERR,ERR,ERR,ERR,ERR,ERR,ERR,ERR,ERR,ERR,ERR,ERR,ERR,ERR,ERR,ERR,ERR,ERR,ERR,ERR,ERR,ERR,ERR,ERR,ERR,ERR,ERR,ERR,ERR,ERR,ERR,ERR,ERR,ERR,ERR,ERR,ERR,ERR,ERR,ERR,ERR,ERR,ERR,ERR,ERR,ERR,ERR,ERR,ERR,ERR,ERR,ERR,ERR,ERR,ERR,ERR,ERR,ERR,ERR,ERR,ERR,ERR,ERR,ERR,ERR,ERR,0.0,-107615392.0,0.0,0.0,0.0,1.3936040501711995e+18,7.805,0.0,0,0,4,0,7116,0.0,100,0.0,0.0,0.0,0.0,0.0,0,0,0,0,0.0,0,0,0,0,0,0,0,0,0,0,0,0,0,0,0,0,0,0,0,0,0,0,0,0,0,0,0,0,0,0,0,0,0,31,40,40,71,65476,0,300,0,0,8,21553,0.0,-107605600.0,0.0,0.0,0.0,0.0,0.0,0.0,0.0,0.0,0.0,0.0,0.0,0.0,0.0,0.0,0.0,0.0,0.0,0.0,0.0,0.0,-0.0,0.0,2.004,-0.0,0.0,0.0,0.0,0.0,6355.0,1.040670580205137e+34,6927.0,0.0,0.0,0.0,0.0,0.0,0.0,0.0,0.0,69,4.950431305880601e+32,0.0,0.0,0.0,0.0,0.0,0.0,0.0,0.0,0,0,0,0.0,0.0,0.0,0.0,0.0,0.0,0.0,0.0,0.0,0.0,0.0,0.0,0.0,0.0,0.0,0.0,0,-107875648.0,69,0.0,138,0.0,-0.0,0,13107,17040,0,17049,0,17043,0,0,0,70,68,100,2.7302359370752657e+23,71.1,0.0,74.2,2.7302370179391762e+23,74.0,1,49,50,180,0,52429,0,0,0.0,0.0,0.0,0.0,-0.0,67.0,0.0,162057.094,0.0,750,0,739,0,0,0,721,0,765,0,735,0,742,0,741,0,712,0,7520,0.032,79456894976.0,0.0,0.0,784,16797,-0.0,162057.094,-114818.039,-0.0,0.133,6.909358625270745e+28,30.0,65.0,35,0.0,0.0,0.0,0.0,0.0,0.0,0.0,0.0,0.0,0.0,0.0,0.0,0.0,0.0,0.0,0.0,69.2,0,150,71,54,65476,0,300,0,1,8,20529,65476,0,0,40632,65.0,0.0,0.0,0.0,0.0,0.0
2026-09-04T20:59:17,ERR,ERR,ERR,ERR,ERR,ERR,ERR,ERR,ERR,ERR,ERR,ERR,ERR,ERR,ERR,ERR,ERR,ERR,ERR,ERR,ERR,ERR,ERR,ERR,ERR,ERR,ERR,ERR,ERR,ERR,ERR,ERR,ERR,ERR,ERR,ERR,ERR,ERR,ERR,ERR,ERR,ERR,ERR,ERR,ERR,ERR,ERR,ERR,ERR,ERR,ERR,ERR,ERR,ERR,ERR,ERR,ERR,ERR,ERR,ERR,ERR,ERR,ERR,ERR,ERR,ERR,ERR,ERR,ERR,ERR,ERR,ERR,ERR,ERR,ERR,ERR,ERR,ERR,ERR,ERR,ERR,ERR,ERR,ERR,ERR,ERR,ERR,ERR,ERR,ERR,ERR,ERR,ERR,ERR,ERR,ERR,ERR,ERR,ERR,ERR,ERR,ERR,ERR,ERR,ERR,ERR,ERR,ERR,ERR,ERR,ERR,ERR,ERR,ERR,ERR,ERR,ERR,ERR,ERR,ERR,ERR,ERR,ERR,ERR,ERR,0.0,-107615392.0,0.0,0.0,0.0,1.3936040501711995e+18,7.805,0.0,0,0,4,0,7116,0.0,100,0.0,0.0,0.0,0.0,0.0,0,0,0,0,0.0,0,0,0,0,0,0,0,0,0,0,0,0,0,0,0,0,0,0,0,0,0,0,0,0,0,0,0,0,0,0,0,0,0,31,40,40,71,65476,0,300,0,0,8,21553,0.0,-107605600.0,0.0,0.0,0.0,0.0,0.0,0.0,0.0,0.0,0.0,0.0,0.0,0.0,0.0,0.0,0.0,0.0,0.0,0.0,0.0,0.0,-0.0,0.0,2.004,-0.0,0.0,0.0,0.0,0.0,6355.0,1.040670580205137e+34,6927.0,0.0,0.0,0.0,0.0,0.0,0.0,0.0,0.0,69,4.950431305880601e+32,0.0,0.0,0.0,0.0,0.0,0.0,0.0,0.0,0,0,0,0.0,0.0,0.0,0.0,0.0,0.0,0.0,0.0,0.0,0.0,0.0,0.0,0.0,0.0,0.0,0.0,0,-107875648.0,69,0.0,138,0.0,-0.0,0,13107,17040,0,17049,0,17043,0,0,0,70,68,100,2.7302359370752657e+23,71.1,0.0,74.2,2.7302370179391762e+23,74.0,1,49,50,180,0,52429,0,0,0.0,0.0,0.0,0.0,-0.0,67.0,0.0,162057.094,0.0,750,0,739,0,0,0,721,0,765,0,735,0,742,0,741,0,712,0,7520,0.032,79456894976.0,0.0,0.0,784,16797,-0.0,162057.094,-114818.039,-0.0,0.133,6.909358625270745e+28,30.0,65.0,35,0.0,0.0,0.0,0.0,0.0,0.0,0.0,0.0,0.0,0.0,0.0,0.0,0.0,0.0,0.0,0.0,69.2,0,150,71,54,65476,0,300,0,1,8,20529,65476,0,0,40632,65.0,0.0,0.0,0.0,0.0,0.0
2026-09-04T20:59:18,ERR,ERR,ERR,ERR,ERR,ERR,ERR,ERR,ERR,ERR,ERR,ERR,ERR,ERR,ERR,ERR,ERR,ERR,ERR,ERR,ERR,ERR,ERR,ERR,ERR,ERR,ERR,ERR,ERR,ERR,ERR,ERR,ERR,ERR,ERR,ERR,ERR,ERR,ERR,ERR,ERR,ERR,ERR,ERR,ERR,ERR,ERR,ERR,ERR,ERR,ERR,ERR,ERR,ERR,ERR,ERR,ERR,ERR,ERR,ERR,ERR,ERR,ERR,ERR,ERR,ERR,ERR,ERR,ERR,ERR,ERR,ERR,ERR,ERR,ERR,ERR,ERR,ERR,ERR,ERR,ERR,ERR,ERR,ERR,ERR,ERR,ERR,ERR,ERR,ERR,ERR,ERR,ERR,ERR,ERR,ERR,ERR,ERR,ERR,ERR,ERR,ERR,ERR,ERR,ERR,ERR,ERR,ERR,ERR,ERR,ERR,ERR,ERR,ERR,ERR,ERR,ERR,ERR,ERR,ERR,ERR,ERR,ERR,ERR,ERR,0.0,-107615392.0,0.0,0.0,0.0,1.3936040501711995e+18,7.805,0.0,0,0,4,0,7116,0.0,100,0.0,0.0,0.0,0.0,0.0,0,0,0,0,0.0,0,0,0,0,0,0,0,0,0,0,0,0,0,0,0,0,0,0,0,0,0,0,0,0,0,0,0,0,0,0,0,0,0,31,40,40,71,65476,0,300,0,0,8,21553,0.0,-107605600.0,0.0,0.0,0.0,0.0,0.0,0.0,0.0,0.0,0.0,0.0,0.0,0.0,0.0,0.0,0.0,0.0,0.0,0.0,0.0,0.0,-0.0,0.0,2.004,-0.0,0.0,0.0,0.0,0.0,6355.0,1.040670580205137e+34,6927.0,0.0,0.0,0.0,0.0,0.0,0.0,0.0,0.0,69,4.950431305880601e+32,0.0,0.0,0.0,0.0,0.0,0.0,0.0,0.0,0,0,0,0.0,0.0,0.0,0.0,0.0,0.0,0.0,0.0,0.0,0.0,0.0,0.0,0.0,0.0,0.0,0.0,0,-107875648.0,69,0.0,138,0.0,-0.0,0,13107,17040,0,17049,0,17043,0,0,0,70,68,100,2.7302359370752657e+23,71.1,0.0,74.2,2.7302370179391762e+23,74.0,1,49,50,180,0,52429,0,0,0.0,0.0,0.0,0.0,-0.0,67.0,0.0,162057.094,0.0,750,0,739,0,0,0,721,0,765,0,735,0,742,0,741,0,712,0,7520,0.032,79456894976.0,0.0,0.0,784,16797,-0.0,162057.094,-114818.039,-0.0,0.133,6.909358625270745e+28,30.0,65.0,35,0.0,0.0,0.0,0.0,0.0,0.0,0.0,0.0,0.0,0.0,0.0,0.0,0.0,0.0,0.0,0.0,69.2,0,150,71,54,65476,0,300,0,1,8,20529,65476,0,0,40632,65.0,0.0,0.0,0.0,0.0,0.0
2026-09-04T20:59:19,ERR,ERR,ERR,ERR,ERR,ERR,ERR,ERR,ERR,ERR,ERR,ERR,ERR,ERR,ERR,ERR,ERR,ERR,ERR,ERR,ERR,ERR,ERR,ERR,ERR,ERR,ERR,ERR,ERR,ERR,ERR,ERR,ERR,ERR,ERR,ERR,ERR,ERR,ERR,ERR,ERR,ERR,ERR,ERR,ERR,ERR,ERR,ERR,ERR,ERR,ERR,ERR,ERR,ERR,ERR,ERR,ERR,ERR,ERR,ERR,ERR,ERR,ERR,ERR,ERR,ERR,ERR,ERR,ERR,ERR,ERR,ERR,ERR,ERR,ERR,ERR,ERR,ERR,ERR,ERR,ERR,ERR,ERR,ERR,ERR,ERR,ERR,ERR,ERR,ERR,ERR,ERR,ERR,ERR,ERR,ERR,ERR,ERR,ERR,ERR,ERR,ERR,ERR,ERR,ERR,ERR,ERR,ERR,ERR,ERR,ERR,ERR,ERR,ERR,ERR,ERR,ERR,ERR,ERR,ERR,ERR,ERR,ERR,ERR,ERR,0.0,-107615392.0,0.0,0.0,0.0,1.3936040501711995e+18,7.805,0.0,0,0,4,0,7116,0.0,100,0.0,0.0,0.0,0.0,0.0,0,0,0,0,0.0,0,0,0,0,0,0,0,0,0,0,0,0,0,0,0,0,0,0,0,0,0,0,0,0,0,0,0,0,0,0,0,0,0,31,40,40,71,65476,0,300,0,0,8,21553,0.0,-107605600.0,0.0,0.0,0.0,0.0,0.0,0.0,0.0,0.0,0.0,0.0,0.0,0.0,0.0,0.0,0.0,0.0,0.0,0.0,0.0,0.0,-0.0,0.0,2.004,-0.0,0.0,0.0,0.0,0.0,6388.0,-1.5879374755846268e+29,6942.0,0.0,0.0,0.0,0.0,0.0,0.0,0.0,0.0,69,-0.0,-3.222023058662249e+26,0.0,0.0,0.0,0.0,0.0,0.0,0.0,0,0,0,0.0,0.0,0.0,0.0,0.0,0.0,0.0,0.0,0.0,0.0,0.0,0.0,0.0,0.0,0.0,0.0,0,-107875648.0,69,0.0,138,0.0,-0.0,0,13107,17040,0,17049,0,17043,0,0,0,70,68,100,2.7302359370752657e+23,71.1,0.0,74.2,2.7302370179391762e+23,74.0,1,49,50,180,0,52429,0,0,0.0,0.0,0.0,0.0,-0.0,67.0,0.0,162057.094,0.0,750,0,739,0,0,0,721,0,765,0,735,0,742,0,741,0,712,0,7520,0.032,79456894976.0,0.0,0.0,784,16797,-0.0,162057.094,-114818.039,-0.0,0.133,6.909358625270745e+28,30.0,65.0,35,0.0,0.0,0.0,0.0,0.0,0.0,0.0,0.0,0.0,0.0,0.0,0.0,0.0,0.0,0.0,0.0,69.6,0,150,71,54,65476,0,300,0,1,8,20529,65476,0,0,40632,65.0,0.0,0.0,0.0,0.0,0.0
2026-09-04T20:59:20,ERR,ERR,ERR,ERR,ERR,ERR,ERR,ERR,ERR,ERR,ERR,ERR,ERR,ERR,ERR,ERR,ERR,ERR,ERR,ERR,ERR,ERR,ERR,ERR,ERR,ERR,ERR,ERR,ERR,ERR,ERR,ERR,ERR,ERR,ERR,ERR,ERR,ERR,ERR,ERR,ERR,ERR,ERR,ERR,ERR,ERR,ERR,ERR,ERR,ERR,ERR,ERR,ERR,ERR,ERR,ERR,ERR,ERR,ERR,ERR,ERR,ERR,ERR,ERR,ERR,ERR,ERR,ERR,ERR,ERR,ERR,ERR,ERR,ERR,ERR,ERR,ERR,ERR,ERR,ERR,ERR,ERR,ERR,ERR,ERR,ERR,ERR,ERR,ERR,ERR,ERR,ERR,ERR,ERR,ERR,ERR,ERR,ERR,ERR,ERR,ERR,ERR,ERR,ERR,ERR,ERR,ERR,ERR,ERR,ERR,ERR,ERR,ERR,ERR,ERR,ERR,ERR,ERR,ERR,ERR,ERR,ERR,ERR,ERR,ERR,0.0,-107615392.0,0.0,0.0,0.0,1.3936040501711995e+18,7.805,0.0,0,0,4,0,7116,0.0,100,0.0,0.0,0.0,0.0,0.0,0,0,0,0,0.0,0,0,0,0,0,0,0,0,0,0,0,0,0,0,0,0,0,0,0,0,0,0,0,0,0,0,0,0,0,0,0,0,0,31,40,40,71,65476,0,300,0,0,8,21553,0.0,-107605600.0,0.0,0.0,0.0,0.0,0.0,0.0,0.0,0.0,0.0,0.0,0.0,0.0,0.0,0.0,0.0,0.0,0.0,0.0,0.0,0.0,-0.0,0.0,2.004,-0.0,0.0,0.0,0.0,0.0,6388.0,-1.5879374755846268e+29,6942.0,0.0,0.0,0.0,0.0,0.0,0.0,0.0,0.0,69,-0.0,-3.222023058662249e+26,0.0,0.0,0.0,0.0,0.0,0.0,0.0,0,0,0,0.0,0.0,0.0,0.0,0.0,0.0,0.0,0.0,0.0,0.0,0.0,0.0,0.0,0.0,0.0,0.0,0,-107875648.0,69,0.0,138,0.0,-0.0,0,13107,17040,0,17049,0,17043,0,0,0,70,68,100,2.7302359370752657e+23,71.1,0.0,74.2,2.7302370179391762e+23,74.0,1,49,50,180,0,52429,0,0,0.0,0.0,0.0,0.0,-0.0,67.0,0.0,162057.094,0.0,750,0,739,0,0,0,721,0,765,0,735,0,742,0,741,0,712,0,7520,0.032,79456894976.0,0.0,0.0,784,16797,-0.0,162057.094,-114818.039,-0.0,0.133,6.909358625270745e+28,30.0,65.0,35,0.0,0.0,0.0,0.0,0.0,0.0,0.0,0.0,0.0,0.0,0.0,0.0,0.0,0.0,0.0,0.0,69.6,0,150,71,54,65476,0,300,0,1,8,20529,65476,0,0,40632,65.0,0.0,0.0,0.0,0.0,0.0
2026-09-04T20:59:21,ERR,ERR,ERR,ERR,ERR,ERR,ERR,ERR,ERR,ERR,ERR,ERR,ERR,ERR,ERR,ERR,ERR,ERR,ERR,ERR,ERR,ERR,ERR,ERR,ERR,ERR,ERR,ERR,ERR,ERR,ERR,ERR,ERR,ERR,ERR,ERR,ERR,ERR,ERR,ERR,ERR,ERR,ERR,ERR,ERR,ERR,ERR,ERR,ERR,ERR,ERR,ERR,ERR,ERR,ERR,ERR,ERR,ERR,ERR,ERR,ERR,ERR,ERR,ERR,ERR,ERR,ERR,ERR,ERR,ERR,ERR,ERR,ERR,ERR,ERR,ERR,ERR,ERR,ERR,ERR,ERR,ERR,ERR,ERR,ERR,ERR,ERR,ERR,ERR,ERR,ERR,ERR,ERR,ERR,ERR,ERR,ERR,ERR,ERR,ERR,ERR,ERR,ERR,ERR,ERR,ERR,ERR,ERR,ERR,ERR,ERR,ERR,ERR,ERR,ERR,ERR,ERR,ERR,ERR,ERR,ERR,ERR,ERR,ERR,ERR,0.0,-107615392.0,0.0,0.0,0.0,1.3936040501711995e+18,7.805,0.0,0,0,4,0,7116,0.0,100,0.0,0.0,0.0,0.0,0.0,0,0,0,0,0.0,0,0,0,0,0,0,0,0,0,0,0,0,0,0,0,0,0,0,0,0,0,0,0,0,0,0,0,0,0,0,0,0,0,31,40,40,71,65476,0,300,0,0,8,21553,0.0,-107605600.0,0.0,0.0,0.0,0.0,0.0,0.0,0.0,0.0,0.0,0.0,0.0,0.0,0.0,0.0,0.0,0.0,0.0,0.0,0.0,0.0,-0.0,0.0,2.004,-0.0,0.0,0.0,0.0,0.0,6388.0,-1.5879374755846268e+29,6942.0,0.0,0.0,0.0,0.0,0.0,0.0,0.0,0.0,69,-0.0,-3.222023058662249e+26,0.0,0.0,0.0,0.0,0.0,0.0,0.0,0,0,0,0.0,0.0,0.0,0.0,0.0,0.0,0.0,0.0,0.0,0.0,0.0,0.0,0.0,0.0,0.0,0.0,0,-107875648.0,69,0.0,138,0.0,-0.0,0,13107,17040,0,17049,0,17043,0,0,0,70,68,100,2.7302359370752657e+23,71.1,0.0,74.2,2.7302370179391762e+23,74.0,1,49,50,180,0,52429,0,0,0.0,0.0,0.0,0.0,-0.0,67.0,0.0,162057.094,0.0,750,0,739,0,0,0,721,0,765,0,735,0,742,0,741,0,712,0,7520,0.032,79456894976.0,0.0,0.0,784,16797,-0.0,162057.094,-114818.039,-0.0,0.133,6.909358625270745e+28,30.0,65.0,35,0.0,0.0,0.0,0.0,0.0,0.0,0.0,0.0,0.0,0.0,0.0,0.0,0.0,0.0,0.0,0.0,69.2,0,150,71,54,65476,0,300,0,1,8,20529,65476,0,0,40632,65.0,0.0,0.0,0.0,0.0,0.0
2026-09-04T20:59:22,ERR,ERR,ERR,ERR,ERR,ERR,ERR,ERR,ERR,ERR,ERR,ERR,ERR,ERR,ERR,ERR,ERR,ERR,ERR,ERR,ERR,ERR,ERR,ERR,ERR,ERR,ERR,ERR,ERR,ERR,ERR,ERR,ERR,ERR,ERR,ERR,ERR,ERR,ERR,ERR,ERR,ERR,ERR,ERR,ERR,ERR,ERR,ERR,ERR,ERR,ERR,ERR,ERR,ERR,ERR,ERR,ERR,ERR,ERR,ERR,ERR,ERR,ERR,ERR,ERR,ERR,ERR,ERR,ERR,ERR,ERR,ERR,ERR,ERR,ERR,ERR,ERR,ERR,ERR,ERR,ERR,ERR,ERR,ERR,ERR,ERR,ERR,ERR,ERR,ERR,ERR,ERR,ERR,ERR,ERR,ERR,ERR,ERR,ERR,ERR,ERR,ERR,ERR,ERR,ERR,ERR,ERR,ERR,ERR,ERR,ERR,ERR,ERR,ERR,ERR,ERR,ERR,ERR,ERR,ERR,ERR,ERR,ERR,ERR,ERR,0.0,-107615392.0,0.0,0.0,0.0,1.3936040501711995e+18,7.805,0.0,0,0,4,0,7116,0.0,100,0.0,0.0,0.0,0.0,0.0,0,0,0,0,0.0,0,0,0,0,0,0,0,0,0,0,0,0,0,0,0,0,0,0,0,0,0,0,0,0,0,0,0,0,0,0,0,0,0,31,40,40,71,65476,0,300,0,0,8,21553,0.0,-107605600.0,0.0,0.0,0.0,0.0,0.0,0.0,0.0,0.0,0.0,0.0,0.0,0.0,0.0,0.0,0.0,0.0,0.0,0.0,0.0,0.0,-0.0,0.0,2.004,-0.0,0.0,0.0,0.0,0.0,6388.0,-1.5879374755846268e+29,6942.0,0.0,0.0,0.0,0.0,0.0,0.0,0.0,0.0,69,-0.0,-3.222023058662249e+26,0.0,0.0,0.0,0.0,0.0,0.0,0.0,0,0,0,0.0,0.0,0.0,0.0,0.0,0.0,0.0,0.0,0.0,0.0,0.0,0.0,0.0,0.0,0.0,0.0,0,-107875648.0,69,0.0,138,0.0,-0.0,0,13107,17040,0,17049,0,17043,0,0,0,70,68,100,2.7302359370752657e+23,71.1,0.0,74.2,2.7302370179391762e+23,74.0,1,49,50,180,0,52429,0,0,0.0,0.0,0.0,0.0,-0.0,67.0,0.0,162057.094,0.0,750,0,739,0,0,0,721,0,765,0,735,0,742,0,741,0,712,0,7520,0.032,79456894976.0,0.0,0.0,784,16797,-0.0,162057.094,-114818.039,-0.0,0.133,6.909358625270745e+28,30.0,65.0,35,0.0,0.0,0.0,0.0,0.0,0.0,0.0,0.0,0.0,0.0,0.0,0.0,0.0,0.0,0.0,0.0,69.2,0,150,71,54,65476,0,300,0,1,8,20529,65476,0,0,40632,65.0,0.0,0.0,0.0,0.0,0.0
2026-09-04T20:59:23,ERR,ERR,ERR,ERR,ERR,ERR,ERR,ERR,ERR,ERR,ERR,ERR,ERR,ERR,ERR,ERR,ERR,ERR,ERR,ERR,ERR,ERR,ERR,ERR,ERR,ERR,ERR,ERR,ERR,ERR,ERR,ERR,ERR,ERR,ERR,ERR,ERR,ERR,ERR,ERR,ERR,ERR,ERR,ERR,ERR,ERR,ERR,ERR,ERR,ERR,ERR,ERR,ERR,ERR,ERR,ERR,ERR,ERR,ERR,ERR,ERR,ERR,ERR,ERR,ERR,ERR,ERR,ERR,ERR,ERR,ERR,ERR,ERR,ERR,ERR,ERR,ERR,ERR,ERR,ERR,ERR,ERR,ERR,ERR,ERR,ERR,ERR,ERR,ERR,ERR,ERR,ERR,ERR,ERR,ERR,ERR,ERR,ERR,ERR,ERR,ERR,ERR,ERR,ERR,ERR,ERR,ERR,ERR,ERR,ERR,ERR,ERR,ERR,ERR,ERR,ERR,ERR,ERR,ERR,ERR,ERR,ERR,ERR,ERR,ERR,0.0,-107615392.0,0.0,0.0,0.0,1.3936040501711995e+18,7.805,0.0,0,0,4,0,7116,0.0,100,0.0,0.0,0.0,0.0,0.0,0,0,0,0,0.0,0,0,0,0,0,0,0,0,0,0,0,0,0,0,0,0,0,0,0,0,0,0,0,0,0,0,0,0,0,0,0,0,0,31,40,40,71,65476,0,300,0,0,8,21553,0.0,-107605600.0,0.0,0.0,0.0,0.0,0.0,0.0,0.0,0.0,0.0,0.0,0.0,0.0,0.0,0.0,0.0,0.0,0.0,0.0,0.0,0.0,-0.0,0.0,2.004,-0.0,0.0,0.0,0.0,0.0,6388.0,-1.5879374755846268e+29,6942.0,0.0,0.0,0.0,0.0,0.0,0.0,0.0,0.0,69,-0.0,-3.222023058662249e+26,0.0,0.0,0.0,0.0,0.0,0.0,0.0,0,0,0,0.0,0.0,0.0,0.0,0.0,0.0,0.0,0.0,0.0,0.0,0.0,0.0,0.0,0.0,0.0,0.0,0,-107875648.0,69,0.0,138,0.0,-0.0,0,13107,17040,0,17049,0,17043,0,0,0,70,68,100,2.7302359370752657e+23,71.1,0.0,74.2,2.7302370179391762e+23,74.0,1,49,50,180,0,52429,0,0,0.0,0.0,0.0,0.0,-0.0,67.0,0.0,162057.094,0.0,750,0,739,0,0,0,721,0,765,0,735,0,742,0,741,0,712,0,7520,0.032,79456894976.0,0.0,0.0,784,16797,-0.0,162057.094,-114818.039,-0.0,0.133,6.909358625270745e+28,30.0,65.0,35,0.0,0.0,0.0,0.0,0.0,0.0,0.0,0.0,0.0,0.0,0.0,0.0,0.0,0.0,0.0,0.0,69.2,0,150,71,54,65476,0,300,0,1,8,20529,65476,0,0,40632,65.0,0.0,0.0,0.0,0.0,0.0
2026-09-04T20:59:24,ERR,ERR,ERR,ERR,ERR,ERR,ERR,ERR,ERR,ERR,ERR,ERR,ERR,ERR,ERR,ERR,ERR,ERR,ERR,ERR,ERR,ERR,ERR,ERR,ERR,ERR,ERR,ERR,ERR,ERR,ERR,ERR,ERR,ERR,ERR,ERR,ERR,ERR,ERR,ERR,ERR,ERR,ERR,ERR,ERR,ERR,ERR,ERR,ERR,ERR,ERR,ERR,ERR,ERR,ERR,ERR,ERR,ERR,ERR,ERR,ERR,ERR,ERR,ERR,ERR,ERR,ERR,ERR,ERR,ERR,ERR,ERR,ERR,ERR,ERR,ERR,ERR,ERR,ERR,ERR,ERR,ERR,ERR,ERR,ERR,ERR,ERR,ERR,ERR,ERR,ERR,ERR,ERR,ERR,ERR,ERR,ERR,ERR,ERR,ERR,ERR,ERR,ERR,ERR,ERR,ERR,ERR,ERR,ERR,ERR,ERR,ERR,ERR,ERR,ERR,ERR,ERR,ERR,ERR,ERR,ERR,ERR,ERR,ERR,ERR,0.0,-107615392.0,0.0,0.0,0.0,1.3936040501711995e+18,7.805,0.0,0,0,4,0,7116,0.0,100,0.0,0.0,0.0,0.0,0.0,0,0,0,0,0.0,0,0,0,0,0,0,0,0,0,0,0,0,0,0,0,0,0,0,0,0,0,0,0,0,0,0,0,0,0,0,0,0,0,31,40,40,71,65476,0,300,0,0,8,21553,0.0,-107605600.0,0.0,0.0,0.0,0.0,0.0,0.0,0.0,0.0,0.0,0.0,0.0,0.0,0.0,0.0,0.0,0.0,0.0,0.0,0.0,0.0,-0.0,0.0,2.004,-0.0,0.0,0.0,0.0,0.0,6388.0,-1.5879374755846268e+29,6942.0,0.0,0.0,0.0,0.0,0.0,0.0,0.0,0.0,69,-0.0,-3.222023058662249e+26,0.0,0.0,0.0,0.0,0.0,0.0,0.0,0,0,0,0.0,0.0,0.0,0.0,0.0,0.0,0.0,0.0,0.0,0.0,0.0,0.0,0.0,0.0,0.0,0.0,0,-107875648.0,69,0.0,138,0.0,-0.0,0,13107,17040,0,17049,0,17043,0,0,0,70,68,100,2.7302359370752657e+23,71.1,0.0,74.2,2.7302370179391762e+23,74.0,1,49,50,180,0,52429,0,0,0.0,0.0,0.0,0.0,-0.0,67.0,0.0,162057.094,0.0,750,0,739,0,0,0,721,0,765,0,735,0,742,0,741,0,712,0,7520,0.032,78920024064.0,0.0,0.0,784,16797,-0.0,162057.094,-114818.039,-0.0,0.133,6.909358625270745e+28,30.0,65.0,35,0.0,0.0,0.0,0.0,0.0,0.0,0.0,0.0,0.0,0.0,0.0,0.0,0.0,0.0,0.0,0.0,69.2,0,150,71,54,65476,0,300,0,1,8,20529,65476,0,0,40632,65.0,0.0,0.0,0.0,0.0,0.0
2026-09-04T20:59:25,ERR,ERR,ERR,ERR,ERR,ERR,ERR,ERR,ERR,ERR,ERR,ERR,ERR,ERR,ERR,ERR,ERR,ERR,ERR,ERR,ERR,ERR,ERR,ERR,ERR,ERR,ERR,ERR,ERR,ERR,ERR,ERR,ERR,ERR,ERR,ERR,ERR,ERR,ERR,ERR,ERR,ERR,ERR,ERR,ERR,ERR,ERR,ERR,ERR,ERR,ERR,ERR,ERR,ERR,ERR,ERR,ERR,ERR,ERR,ERR,ERR,ERR,ERR,ERR,ERR,ERR,ERR,ERR,ERR,ERR,ERR,ERR,ERR,ERR,ERR,ERR,ERR,ERR,ERR,ERR,ERR,ERR,ERR,ERR,ERR,ERR,ERR,ERR,ERR,ERR,ERR,ERR,ERR,ERR,ERR,ERR,ERR,ERR,ERR,ERR,ERR,ERR,ERR,ERR,ERR,ERR,ERR,ERR,ERR,ERR,ERR,ERR,ERR,ERR,ERR,ERR,ERR,ERR,ERR,ERR,ERR,ERR,ERR,ERR,ERR,0.0,-107615392.0,0.0,0.0,0.0,1.3936040501711995e+18,7.805,0.0,0,0,4,0,7116,0.0,100,0.0,0.0,0.0,0.0,0.0,0,0,0,0,0.0,0,0,0,0,0,0,0,0,0,0,0,0,0,0,0,0,0,0,0,0,0,0,0,0,0,0,0,0,0,0,0,0,0,31,40,40,71,65476,0,300,0,0,8,21553,0.0,-107605600.0,0.0,0.0,0.0,0.0,0.0,0.0,0.0,0.0,0.0,0.0,0.0,0.0,0.0,0.0,0.0,0.0,0.0,0.0,0.0,0.0,-0.0,0.0,2.004,-0.0,0.0,0.0,0.0,0.0,6388.0,-1.5879374755846268e+29,6942.0,0.0,0.0,0.0,0.0,0.0,0.0,0.0,0.0,69,-0.0,-3.222023058662249e+26,0.0,0.0,0.0,0.0,0.0,0.0,0.0,0,0,0,0.0,0.0,0.0,0.0,0.0,0.0,0.0,0.0,0.0,0.0,0.0,0.0,0.0,0.0,0.0,0.0,0,-107875648.0,69,0.0,138,0.0,-0.0,0,13107,17040,0,17049,0,17043,0,0,0,70,68,100,2.7302359370752657e+23,71.1,0.0,74.2,2.7302370179391762e+23,74.0,1,49,50,180,0,52429,0,0,0.0,0.0,0.0,0.0,-0.0,67.0,0.0,162057.094,0.0,750,0,739,0,0,0,721,0,765,0,735,0,742,0,741,0,712,0,7520,0.032,78920024064.0,0.0,0.0,784,16797,-0.0,162057.094,-114818.039,-0.0,0.133,6.909358625270745e+28,30.0,65.0,35,0.0,0.0,0.0,0.0,0.0,0.0,0.0,0.0,0.0,0.0,0.0,0.0,0.0,0.0,0.0,0.0,69.2,0,150,71,54,65476,0,300,0,1,8,20529,65476,0,0,40632,65.0,0.0,0.0,0.0,0.0,0.0
2026-09-04T20:59:26,ERR,ERR,ERR,ERR,ERR,ERR,ERR,ERR,ERR,ERR,ERR,ERR,ERR,ERR,ERR,ERR,ERR,ERR,ERR,ERR,ERR,ERR,ERR,ERR,ERR,ERR,ERR,ERR,ERR,ERR,ERR,ERR,ERR,ERR,ERR,ERR,ERR,ERR,ERR,ERR,ERR,ERR,ERR,ERR,ERR,ERR,ERR,ERR,ERR,ERR,ERR,ERR,ERR,ERR,ERR,ERR,ERR,ERR,ERR,ERR,ERR,ERR,ERR,ERR,ERR,ERR,ERR,ERR,ERR,ERR,ERR,ERR,ERR,ERR,ERR,ERR,ERR,ERR,ERR,ERR,ERR,ERR,ERR,ERR,ERR,ERR,ERR,ERR,ERR,ERR,ERR,ERR,ERR,ERR,ERR,ERR,ERR,ERR,ERR,ERR,ERR,ERR,ERR,ERR,ERR,ERR,ERR,ERR,ERR,ERR,ERR,ERR,ERR,ERR,ERR,ERR,ERR,ERR,ERR,ERR,ERR,ERR,ERR,ERR,ERR,0.0,-107615392.0,0.0,0.0,0.0,1.3936040501711995e+18,7.805,0.0,0,0,4,0,7116,0.0,100,0.0,0.0,0.0,0.0,0.0,0,0,0,0,0.0,0,0,0,0,0,0,0,0,0,0,0,0,0,0,0,0,0,0,0,0,0,0,0,0,0,0,0,0,0,0,0,0,0,31,40,40,71,65476,0,300,0,0,8,21553,0.0,-107605600.0,0.0,0.0,0.0,0.0,0.0,0.0,0.0,0.0,0.0,0.0,0.0,0.0,0.0,0.0,0.0,0.0,0.0,0.0,0.0,0.0,-0.0,0.0,2.004,-0.0,0.0,0.0,0.0,0.0,6482.0,0.0,6924.0,0.0,-107615392.0,0.0,0.0,0.0,0.0,0.0,0.0,69,4.066882747792088e+29,-0.0,0.0,0.0,0.0,0.0,0.0,0.0,0.0,0,0,0,0.0,0.0,0.0,0.0,0.0,0.0,0.0,0.0,0.0,0.0,0.0,0.0,0.0,0.0,0.0,0.0,0,-107875648.0,69,0.0,138,0.0,-0.0,0,13107,17040,0,17049,0,17043,0,0,0,70,68,100,2.7302359370752657e+23,71.1,0.0,74.2,2.7302370179391762e+23,74.0,1,49,50,180,0,52429,0,0,0.0,0.0,0.0,0.0,-0.0,67.0,0.0,162057.094,0.0,750,0,739,0,0,0,721,0,765,0,735,0,742,0,741,0,712,0,7520,0.032,78920024064.0,0.0,0.0,784,16797,-0.0,162057.094,-114818.039,-0.0,0.133,6.909358625270745e+28,30.0,65.0,35,0.0,0.0,0.0,0.0,0.0,0.0,0.0,0.0,0.0,0.0,0.0,0.0,0.0,0.0,0.0,0.0,69.2,0,150,71,54,65476,0,300,0,1,8,20529,65476,0,0,40632,65.0,0.0,0.0,0.0,0.0,0.0
2026-09-04T20:59:27,ERR,ERR,ERR,ERR,ERR,ERR,ERR,ERR,ERR,ERR,ERR,ERR,ERR,ERR,ERR,ERR,ERR,ERR,ERR,ERR,ERR,ERR,ERR,ERR,ERR,ERR,ERR,ERR,ERR,ERR,ERR,ERR,ERR,ERR,ERR,ERR,ERR,ERR,ERR,ERR,ERR,ERR,ERR,ERR,ERR,ERR,ERR,ERR,ERR,ERR,ERR,ERR,ERR,ERR,ERR,ERR,ERR,ERR,ERR,ERR,ERR,ERR,ERR,ERR,ERR,ERR,ERR,ERR,ERR,ERR,ERR,ERR,ERR,ERR,ERR,ERR,ERR,ERR,ERR,ERR,ERR,ERR,ERR,ERR,ERR,ERR,ERR,ERR,ERR,ERR,ERR,ERR,ERR,ERR,ERR,ERR,ERR,ERR,ERR,ERR,ERR,ERR,ERR,ERR,ERR,ERR,ERR,ERR,ERR,ERR,ERR,ERR,ERR,ERR,ERR,ERR,ERR,ERR,ERR,ERR,ERR,ERR,ERR,ERR,ERR,0.0,-107615392.0,0.0,0.0,0.0,1.3936040501711995e+18,7.805,0.0,0,0,4,0,7116,0.0,100,0.0,0.0,0.0,0.0,0.0,0,0,0,0,0.0,0,0,0,0,0,0,0,0,0,0,0,0,0,0,0,0,0,0,0,0,0,0,0,0,0,0,0,0,0,0,0,0,0,31,40,40,71,65476,0,300,0,0,8,21553,0.0,-107605600.0,0.0,0.0,0.0,0.0,0.0,0.0,0.0,0.0,0.0,0.0,0.0,0.0,0.0,0.0,0.0,0.0,0.0,0.0,0.0,0.0,-0.0,0.0,2.004,-0.0,0.0,0.0,0.0,0.0,6482.0,0.0,6924.0,0.0,-107615392.0,0.0,0.0,0.0,0.0,0.0,0.0,69,4.066882747792088e+29,-0.0,0.0,0.0,0.0,0.0,0.0,0.0,0.0,0,0,0,0.0,0.0,0.0,0.0,0.0,0.0,0.0,0.0,0.0,0.0,0.0,0.0,0.0,0.0,0.0,0.0,0,-107875648.0,69,0.0,138,0.0,-0.0,0,13107,17040,0,17049,0,17043,0,0,0,70,68,100,2.7302359370752657e+23,71.1,0.0,74.2,2.7302370179391762e+23,74.0,1,49,50,180,0,52429,0,0,0.0,0.0,0.0,0.0,-0.0,67.0,0.0,162057.094,0.0,750,0,739,0,0,0,721,0,765,0,735,0,742,0,741,0,712,0,7520,0.032,78920024064.0,0.0,0.0,784,16797,-0.0,162057.094,-114818.039,-0.0,0.133,6.909358625270745e+28,30.0,65.0,35,0.0,0.0,0.0,0.0,0.0,0.0,0.0,0.0,0.0,0.0,0.0,0.0,0.0,0.0,0.0,0.0,69.2,0,150,71,54,65476,0,300,0,1,8,20529,65476,0,0,40632,65.0,0.0,0.0,0.0,0.0,0.0
2026-09-04T20:59:28,ERR,ERR,ERR,ERR,ERR,ERR,ERR,ERR,ERR,ERR,ERR,ERR,ERR,ERR,ERR,ERR,ERR,ERR,ERR,ERR,ERR,ERR,ERR,ERR,ERR,ERR,ERR,ERR,ERR,ERR,ERR,ERR,ERR,ERR,ERR,ERR,ERR,ERR,ERR,ERR,ERR,ERR,ERR,ERR,ERR,ERR,ERR,ERR,ERR,ERR,ERR,ERR,ERR,ERR,ERR,ERR,ERR,ERR,ERR,ERR,ERR,ERR,ERR,ERR,ERR,ERR,ERR,ERR,ERR,ERR,ERR,ERR,ERR,ERR,ERR,ERR,ERR,ERR,ERR,ERR,ERR,ERR,ERR,ERR,ERR,ERR,ERR,ERR,ERR,ERR,ERR,ERR,ERR,ERR,ERR,ERR,ERR,ERR,ERR,ERR,ERR,ERR,ERR,ERR,ERR,ERR,ERR,ERR,ERR,ERR,ERR,ERR,ERR,ERR,ERR,ERR,ERR,ERR,ERR,ERR,ERR,ERR,ERR,ERR,ERR,0.0,-107615392.0,0.0,0.0,0.0,1.3936040501711995e+18,7.805,0.0,0,0,4,0,7116,0.0,100,0.0,0.0,0.0,0.0,0.0,0,0,0,0,0.0,0,0,0,0,0,0,0,0,0,0,0,0,0,0,0,0,0,0,0,0,0,0,0,0,0,0,0,0,0,0,0,0,0,31,40,40,71,65476,0,300,0,0,8,21553,0.0,-107605600.0,0.0,0.0,0.0,0.0,0.0,0.0,0.0,0.0,0.0,0.0,0.0,0.0,0.0,0.0,0.0,0.0,0.0,0.0,0.0,0.0,-0.0,0.0,2.004,-0.0,0.0,0.0,0.0,0.0,6482.0,0.0,6924.0,0.0,-107615392.0,0.0,0.0,0.0,0.0,0.0,0.0,69,4.066882747792088e+29,-0.0,0.0,0.0,0.0,0.0,0.0,0.0,0.0,0,0,0,0.0,0.0,0.0,0.0,0.0,0.0,0.0,0.0,0.0,0.0,0.0,0.0,0.0,0.0,0.0,0.0,0,-107875648.0,69,0.0,138,0.0,-0.0,0,13107,17040,0,17049,0,17043,0,0,0,70,68,100,2.7302359370752657e+23,71.1,0.0,74.2,2.7302370179391762e+23,74.0,1,49,50,180,0,52429,0,0,0.0,0.0,0.0,0.0,-0.0,67.0,0.0,162057.094,0.0,750,0,739,0,0,0,721,0,765,0,735,0,742,0,741,0,712,0,7520,0.032,78920024064.0,0.0,0.0,784,16797,-0.0,162057.094,-114818.039,-0.0,0.133,6.909358625270745e+28,30.0,65.0,35,0.0,0.0,0.0,0.0,0.0,0.0,0.0,0.0,0.0,0.0,0.0,0.0,0.0,0.0,0.0,0.0,69.2,0,150,71,54,65476,0,300,0,1,8,20529,65476,0,0,40632,65.0,0.0,0.0,0.0,0.0,0.0
2026-09-04T20:59:29,ERR,ERR,ERR,ERR,ERR,ERR,ERR,ERR,ERR,ERR,ERR,ERR,ERR,ERR,ERR,ERR,ERR,ERR,ERR,ERR,ERR,ERR,ERR,ERR,ERR,ERR,ERR,ERR,ERR,ERR,ERR,ERR,ERR,ERR,ERR,ERR,ERR,ERR,ERR,ERR,ERR,ERR,ERR,ERR,ERR,ERR,ERR,ERR,ERR,ERR,ERR,ERR,ERR,ERR,ERR,ERR,ERR,ERR,ERR,ERR,ERR,ERR,ERR,ERR,ERR,ERR,ERR,ERR,ERR,ERR,ERR,ERR,ERR,ERR,ERR,ERR,ERR,ERR,ERR,ERR,ERR,ERR,ERR,ERR,ERR,ERR,ERR,ERR,ERR,ERR,ERR,ERR,ERR,ERR,ERR,ERR,ERR,ERR,ERR,ERR,ERR,ERR,ERR,ERR,ERR,ERR,ERR,ERR,ERR,ERR,ERR,ERR,ERR,ERR,ERR,ERR,ERR,ERR,ERR,ERR,ERR,ERR,ERR,ERR,ERR,0.0,-107615392.0,0.0,0.0,0.0,1.3936040501711995e+18,7.805,0.0,0,0,4,0,7116,0.0,100,0.0,0.0,0.0,0.0,0.0,0,0,0,0,0.0,0,0,0,0,0,0,0,0,0,0,0,0,0,0,0,0,0,0,0,0,0,0,0,0,0,0,0,0,0,0,0,0,0,31,40,40,71,65476,0,300,0,0,8,21553,0.0,-107605600.0,0.0,0.0,0.0,0.0,0.0,0.0,0.0,0.0,0.0,0.0,0.0,0.0,0.0,0.0,0.0,0.0,0.0,0.0,0.0,0.0,-0.0,0.0,2.004,-0.0,0.0,0.0,0.0,0.0,6482.0,0.0,6924.0,0.0,-107615392.0,0.0,0.0,0.0,0.0,0.0,0.0,69,4.066882747792088e+29,-0.0,0.0,0.0,0.0,0.0,0.0,0.0,0.0,0,0,0,0.0,0.0,0.0,0.0,0.0,0.0,0.0,0.0,0.0,0.0,0.0,0.0,0.0,0.0,0.0,0.0,0,-107875648.0,69,0.0,138,0.0,-0.0,0,13107,17040,0,17049,0,17043,0,0,0,70,68,100,2.7302359370752657e+23,71.1,0.0,74.2,2.7302370179391762e+23,74.0,1,49,50,180,0,52429,0,0,0.0,0.0,0.0,0.0,-0.0,67.0,0.0,162057.094,0.0,750,0,739,0,0,0,721,0,765,0,735,0,742,0,741,0,712,0,7520,0.032,78920024064.0,0.0,0.0,784,16797,-0.0,162057.094,-114818.039,-0.0,0.133,6.909358625270745e+28,30.0,65.0,35,0.0,0.0,0.0,0.0,0.0,0.0,0.0,0.0,0.0,0.0,0.0,0.0,0.0,0.0,0.0,0.0,69.6,0,150,71,54,65476,0,300,0,1,8,20529,65476,0,0,40632,65.0,0.0,0.0,0.0,0.0,0.0
2026-09-04T20:59:30,ERR,ERR,ERR,ERR,ERR,ERR,ERR,ERR,ERR,ERR,ERR,ERR,ERR,ERR,ERR,ERR,ERR,ERR,ERR,ERR,ERR,ERR,ERR,ERR,ERR,ERR,ERR,ERR,ERR,ERR,ERR,ERR,ERR,ERR,ERR,ERR,ERR,ERR,ERR,ERR,ERR,ERR,ERR,ERR,ERR,ERR,ERR,ERR,ERR,ERR,ERR,ERR,ERR,ERR,ERR,ERR,ERR,ERR,ERR,ERR,ERR,ERR,ERR,ERR,ERR,ERR,ERR,ERR,ERR,ERR,ERR,ERR,ERR,ERR,ERR,ERR,ERR,ERR,ERR,ERR,ERR,ERR,ERR,ERR,ERR,ERR,ERR,ERR,ERR,ERR,ERR,ERR,ERR,ERR,ERR,ERR,ERR,ERR,ERR,ERR,ERR,ERR,ERR,ERR,ERR,ERR,ERR,ERR,ERR,ERR,ERR,ERR,ERR,ERR,ERR,ERR,ERR,ERR,ERR,ERR,ERR,ERR,ERR,ERR,ERR,0.0,-107615392.0,0.0,0.0,0.0,1.3936040501711995e+18,7.805,0.0,0,0,4,0,7116,0.0,100,0.0,0.0,0.0,0.0,0.0,0,0,0,0,0.0,0,0,0,0,0,0,0,0,0,0,0,0,0,0,0,0,0,0,0,0,0,0,0,0,0,0,0,0,0,0,0,0,0,31,40,40,71,65476,0,300,0,0,8,21553,0.0,-107605600.0,0.0,0.0,0.0,0.0,0.0,0.0,0.0,0.0,0.0,0.0,0.0,0.0,0.0,0.0,0.0,0.0,0.0,0.0,0.0,0.0,-0.0,0.0,2.004,-0.0,0.0,0.0,0.0,0.0,6482.0,0.0,6924.0,0.0,-107615392.0,0.0,0.0,0.0,0.0,0.0,0.0,69,4.066882747792088e+29,-0.0,0.0,0.0,0.0,0.0,0.0,0.0,0.0,0,0,0,0.0,0.0,0.0,0.0,0.0,0.0,0.0,0.0,0.0,0.0,0.0,0.0,0.0,0.0,0.0,0.0,0,-107875648.0,69,0.0,138,0.0,-0.0,0,13107,17040,0,17049,0,17043,0,0,0,70,68,100,2.7302359370752657e+23,71.1,0.0,74.2,2.7302370179391762e+23,74.0,1,49,50,180,0,52429,0,0,0.0,0.0,0.0,0.0,-0.0,67.0,0.0,162057.094,0.0,750,0,739,0,0,0,721,0,765,0,735,0,742,0,741,0,712,0,7520,0.032,78920024064.0,0.0,0.0,784,16797,-0.0,162057.094,-114818.039,-0.0,0.133,6.909358625270745e+28,30.0,65.0,35,0.0,0.0,0.0,0.0,0.0,0.0,0.0,0.0,0.0,0.0,0.0,0.0,0.0,0.0,0.0,0.0,69.6,0,150,71,54,65476,0,300,0,1,8,20529,65476,0,0,40632,65.0,0.0,0.0,0.0,0.0,0.0
2026-09-04T20:59:31,ERR,ERR,ERR,ERR,ERR,ERR,ERR,ERR,ERR,ERR,ERR,ERR,ERR,ERR,ERR,ERR,ERR,ERR,ERR,ERR,ERR,ERR,ERR,ERR,ERR,ERR,ERR,ERR,ERR,ERR,ERR,ERR,ERR,ERR,ERR,ERR,ERR,ERR,ERR,ERR,ERR,ERR,ERR,ERR,ERR,ERR,ERR,ERR,ERR,ERR,ERR,ERR,ERR,ERR,ERR,ERR,ERR,ERR,ERR,ERR,ERR,ERR,ERR,ERR,ERR,ERR,ERR,ERR,ERR,ERR,ERR,ERR,ERR,ERR,ERR,ERR,ERR,ERR,ERR,ERR,ERR,ERR,ERR,ERR,ERR,ERR,ERR,ERR,ERR,ERR,ERR,ERR,ERR,ERR,ERR,ERR,ERR,ERR,ERR,ERR,ERR,ERR,ERR,ERR,ERR,ERR,ERR,ERR,ERR,ERR,ERR,ERR,ERR,ERR,ERR,ERR,ERR,ERR,ERR,ERR,ERR,ERR,ERR,ERR,ERR,0.0,-107615392.0,0.0,0.0,0.0,1.3936040501711995e+18,7.805,0.0,0,0,4,0,7116,0.0,100,0.0,0.0,0.0,0.0,0.0,0,0,0,0,0.0,0,0,0,0,0,0,0,0,0,0,0,0,0,0,0,0,0,0,0,0,0,0,0,0,0,0,0,0,0,0,0,0,0,31,40,40,71,65476,0,300,0,0,8,21553,0.0,-107605600.0,0.0,0.0,0.0,0.0,0.0,0.0,0.0,0.0,0.0,0.0,0.0,0.0,0.0,0.0,0.0,0.0,0.0,0.0,0.0,0.0,-0.0,0.0,2.004,-0.0,0.0,0.0,0.0,0.0,6482.0,0.0,6924.0,0.0,-107615392.0,0.0,0.0,0.0,0.0,0.0,0.0,69,4.066882747792088e+29,-0.0,0.0,0.0,0.0,0.0,0.0,0.0,0.0,0,0,0,0.0,0.0,0.0,0.0,0.0,0.0,0.0,0.0,0.0,0.0,0.0,0.0,0.0,0.0,0.0,0.0,0,-107875648.0,69,0.0,138,0.0,-0.0,0,13107,17040,0,17049,0,17043,0,0,0,70,68,100,2.7302359370752657e+23,71.1,0.0,74.2,2.7302370179391762e+23,74.0,1,49,50,180,0,52429,0,0,0.0,0.0,0.0,0.0,-0.0,67.0,0.0,162057.094,0.0,750,0,739,0,0,0,721,0,765,0,735,0,742,0,741,0,712,0,7520,0.032,78920024064.0,0.0,0.0,784,16797,-0.0,162057.094,-114818.039,-0.0,0.133,6.909358625270745e+28,30.0,65.0,35,0.0,0.0,0.0,0.0,0.0,0.0,0.0,0.0,0.0,0.0,0.0,0.0,0.0,0.0,0.0,0.0,69.6,0,150,71,54,65476,0,300,0,1,8,20529,65476,0,0,40632,65.0,0.0,0.0,0.0,0.0,0.0
2026-09-04T20:59:32,ERR,ERR,ERR,ERR,ERR,ERR,ERR,ERR,ERR,ERR,ERR,ERR,ERR,ERR,ERR,ERR,ERR,ERR,ERR,ERR,ERR,ERR,ERR,ERR,ERR,ERR,ERR,ERR,ERR,ERR,ERR,ERR,ERR,ERR,ERR,ERR,ERR,ERR,ERR,ERR,ERR,ERR,ERR,ERR,ERR,ERR,ERR,ERR,ERR,ERR,ERR,ERR,ERR,ERR,ERR,ERR,ERR,ERR,ERR,ERR,ERR,ERR,ERR,ERR,ERR,ERR,ERR,ERR,ERR,ERR,ERR,ERR,ERR,ERR,ERR,ERR,ERR,ERR,ERR,ERR,ERR,ERR,ERR,ERR,ERR,ERR,ERR,ERR,ERR,ERR,ERR,ERR,ERR,ERR,ERR,ERR,ERR,ERR,ERR,ERR,ERR,ERR,ERR,ERR,ERR,ERR,ERR,ERR,ERR,ERR,ERR,ERR,ERR,ERR,ERR,ERR,ERR,ERR,ERR,ERR,ERR,ERR,ERR,ERR,ERR,0.0,-107615392.0,0.0,0.0,0.0,1.3936040501711995e+18,7.805,0.0,0,0,4,0,7116,0.0,100,0.0,0.0,0.0,0.0,0.0,0,0,0,0,0.0,0,0,0,0,0,0,0,0,0,0,0,0,0,0,0,0,0,0,0,0,0,0,0,0,0,0,0,0,0,0,0,0,0,31,40,40,71,65476,0,300,0,0,8,21553,0.0,-107605600.0,0.0,0.0,0.0,0.0,0.0,0.0,0.0,0.0,0.0,0.0,0.0,0.0,0.0,0.0,0.0,0.0,0.0,0.0,0.0,0.0,-0.0,0.0,2.004,-0.0,0.0,0.0,0.0,0.0,6482.0,0.0,6924.0,0.0,-107615392.0,0.0,0.0,0.0,0.0,0.0,0.0,69,4.066882747792088e+29,-0.0,0.0,0.0,0.0,0.0,0.0,0.0,0.0,0,0,0,0.0,0.0,0.0,0.0,0.0,0.0,0.0,0.0,0.0,0.0,0.0,0.0,0.0,0.0,0.0,0.0,0,-107875648.0,69,0.0,138,0.0,-0.0,0,13107,17040,0,17049,0,17043,0,0,0,70,68,100,2.7302359370752657e+23,71.1,0.0,74.2,2.7302370179391762e+23,74.0,1,49,50,180,0,52429,0,0,0.0,0.0,0.0,0.0,-0.0,67.0,0.0,162057.094,0.0,750,0,739,0,0,0,721,0,765,0,735,0,742,0,741,0,712,0,7520,0.032,78920024064.0,0.0,0.0,784,16797,-0.0,162057.094,-114818.039,-0.0,0.133,6.909358625270745e+28,30.0,65.0,35,0.0,0.0,0.0,0.0,0.0,0.0,0.0,0.0,0.0,0.0,0.0,0.0,0.0,0.0,0.0,0.0,69.2,0,150,71,54,65476,0,300,0,1,8,20529,65476,0,0,40632,65.0,0.0,0.0,0.0,0.0,0.0
2026-09-04T20:59:33,ERR,ERR,ERR,ERR,ERR,ERR,ERR,ERR,ERR,ERR,ERR,ERR,ERR,ERR,ERR,ERR,ERR,ERR,ERR,ERR,ERR,ERR,ERR,ERR,ERR,ERR,ERR,ERR,ERR,ERR,ERR,ERR,ERR,ERR,ERR,ERR,ERR,ERR,ERR,ERR,ERR,ERR,ERR,ERR,ERR,ERR,ERR,ERR,ERR,ERR,ERR,ERR,ERR,ERR,ERR,ERR,ERR,ERR,ERR,ERR,ERR,ERR,ERR,ERR,ERR,ERR,ERR,ERR,ERR,ERR,ERR,ERR,ERR,ERR,ERR,ERR,ERR,ERR,ERR,ERR,ERR,ERR,ERR,ERR,ERR,ERR,ERR,ERR,ERR,ERR,ERR,ERR,ERR,ERR,ERR,ERR,ERR,ERR,ERR,ERR,ERR,ERR,ERR,ERR,ERR,ERR,ERR,ERR,ERR,ERR,ERR,ERR,ERR,ERR,ERR,ERR,ERR,ERR,ERR,ERR,ERR,ERR,ERR,ERR,ERR,0.0,-107615392.0,0.0,0.0,0.0,1.3936040501711995e+18,7.805,0.0,0,0,4,0,7116,0.0,100,0.0,0.0,0.0,0.0,0.0,0,0,0,0,0.0,0,0,0,0,0,0,0,0,0,0,0,0,0,0,0,0,0,0,0,0,0,0,0,0,0,0,0,0,0,0,0,0,0,31,40,40,71,65476,0,300,0,0,8,21553,0.0,-107605600.0,0.0,0.0,0.0,0.0,0.0,0.0,0.0,0.0,0.0,0.0,0.0,0.0,0.0,0.0,0.0,0.0,0.0,0.0,0.0,0.0,-0.0,0.0,2.004,-0.0,0.0,0.0,0.0,0.0,6482.0,0.0,6924.0,0.0,-107615392.0,0.0,0.0,0.0,0.0,0.0,0.0,69,4.066882747792088e+29,-0.0,0.0,0.0,0.0,0.0,0.0,0.0,0.0,0,0,0,0.0,0.0,0.0,0.0,0.0,0.0,0.0,0.0,0.0,0.0,0.0,0.0,0.0,0.0,0.0,0.0,0,-107875648.0,69,0.0,138,0.0,-0.0,0,13107,17040,0,17049,0,17043,0,0,0,70,68,100,2.7302359370752657e+23,71.1,0.0,74.2,2.7302370179391762e+23,74.0,1,49,50,180,0,52429,0,0,0.0,0.0,0.0,0.0,-0.0,67.0,0.0,162057.094,0.0,750,0,739,0,0,0,721,0,765,0,735,0,742,0,741,0,712,0,7520,0.032,78920024064.0,0.0,0.0,784,16797,-0.0,162057.094,-114818.039,-0.0,0.133,6.909358625270745e+28,30.0,65.0,35,0.0,0.0,0.0,0.0,0.0,0.0,0.0,0.0,0.0,0.0,0.0,0.0,0.0,0.0,0.0,0.0,69.2,0,150,71,54,65476,0,300,0,1,8,20529,65476,0,0,40632,65.0,0.0,0.0,0.0,0.0,0.0
2026-09-04T20:59:34,ERR,ERR,ERR,ERR,ERR,ERR,ERR,ERR,ERR,ERR,ERR,ERR,ERR,ERR,ERR,ERR,ERR,ERR,ERR,ERR,ERR,ERR,ERR,ERR,ERR,ERR,ERR,ERR,ERR,ERR,ERR,ERR,ERR,ERR,ERR,ERR,ERR,ERR,ERR,ERR,ERR,ERR,ERR,ERR,ERR,ERR,ERR,ERR,ERR,ERR,ERR,ERR,ERR,ERR,ERR,ERR,ERR,ERR,ERR,ERR,ERR,ERR,ERR,ERR,ERR,ERR,ERR,ERR,ERR,ERR,ERR,ERR,ERR,ERR,ERR,ERR,ERR,ERR,ERR,ERR,ERR,ERR,ERR,ERR,ERR,ERR,ERR,ERR,ERR,ERR,ERR,ERR,ERR,ERR,ERR,ERR,ERR,ERR,ERR,ERR,ERR,ERR,ERR,ERR,ERR,ERR,ERR,ERR,ERR,ERR,ERR,ERR,ERR,ERR,ERR,ERR,ERR,ERR,ERR,ERR,ERR,ERR,ERR,ERR,ERR,0.0,-107615392.0,0.0,0.0,0.0,1.3936040501711995e+18,7.805,0.0,0,0,4,0,7116,0.0,100,0.0,0.0,0.0,0.0,0.0,0,0,0,0,0.0,0,0,0,0,0,0,0,0,0,0,0,0,0,0,0,0,0,0,0,0,0,0,0,0,0,0,0,0,0,0,0,0,0,31,40,40,71,65476,0,300,0,0,8,21553,0.0,-107605600.0,0.0,0.0,0.0,0.0,0.0,0.0,0.0,0.0,0.0,0.0,0.0,0.0,0.0,0.0,0.0,0.0,0.0,0.0,0.0,0.0,-0.0,0.0,2.004,-0.0,0.0,0.0,0.0,0.0,6484.0,-1.5879380422686047e+29,6942.0,0.0,-107615392.0,0.0,0.0,0.0,0.0,0.0,0.0,69,-0.0,-2.3088380788877558e+20,0.0,0.0,0.0,0.0,0.0,0.0,0.0,0,0,0,0.0,0.0,0.0,0.0,0.0,0.0,0.0,0.0,0.0,0.0,0.0,0.0,0.0,0.0,0.0,0.0,0,-107875648.0,69,0.0,138,0.0,-0.0,0,13107,17040,0,17049,0,17043,0,0,0,70,68,100,2.7302359370752657e+23,71.1,0.0,74.2,2.7302370179391762e+23,74.0,1,49,50,180,0,52429,0,0,0.0,0.0,0.0,0.0,-0.0,67.0,0.0,162057.094,0.0,750,0,739,0,0,0,721,0,765,0,735,0,742,0,741,0,712,0,7520,0.032,78920024064.0,0.0,0.0,784,16797,-0.0,162057.094,-114818.039,-0.0,0.133,6.909358625270745e+28,30.0,65.0,35,0.0,0.0,0.0,0.0,0.0,0.0,0.0,0.0,0.0,0.0,0.0,0.0,0.0,0.0,0.0,0.0,69.2,0,150,71,54,65476,0,300,0,1,8,20529,65476,0,0,40632,65.0,0.0,0.0,0.0,0.0,0.0
2026-09-04T20:59:35,ERR,ERR,ERR,ERR,ERR,ERR,ERR,ERR,ERR,ERR,ERR,ERR,ERR,ERR,ERR,ERR,ERR,ERR,ERR,ERR,ERR,ERR,ERR,ERR,ERR,ERR,ERR,ERR,ERR,ERR,ERR,ERR,ERR,ERR,ERR,ERR,ERR,ERR,ERR,ERR,ERR,ERR,ERR,ERR,ERR,ERR,ERR,ERR,ERR,ERR,ERR,ERR,ERR,ERR,ERR,ERR,ERR,ERR,ERR,ERR,ERR,ERR,ERR,ERR,ERR,ERR,ERR,ERR,ERR,ERR,ERR,ERR,ERR,ERR,ERR,ERR,ERR,ERR,ERR,ERR,ERR,ERR,ERR,ERR,ERR,ERR,ERR,ERR,ERR,ERR,ERR,ERR,ERR,ERR,ERR,ERR,ERR,ERR,ERR,ERR,ERR,ERR,ERR,ERR,ERR,ERR,ERR,ERR,ERR,ERR,ERR,ERR,ERR,ERR,ERR,ERR,ERR,ERR,ERR,ERR,ERR,ERR,ERR,ERR,ERR,0.0,-107615392.0,0.0,0.0,0.0,1.3936040501711995e+18,7.805,0.0,0,0,4,0,7116,0.0,100,0.0,0.0,0.0,0.0,0.0,0,0,0,0,0.0,0,0,0,0,0,0,0,0,0,0,0,0,0,0,0,0,0,0,0,0,0,0,0,0,0,0,0,0,0,0,0,0,0,31,40,40,71,65476,0,300,0,0,8,21553,0.0,-107605600.0,0.0,0.0,0.0,0.0,0.0,0.0,0.0,0.0,0.0,0.0,0.0,0.0,0.0,0.0,0.0,0.0,0.0,0.0,0.0,0.0,-0.0,0.0,2.004,-0.0,0.0,0.0,0.0,0.0,6484.0,-1.5879380422686047e+29,6942.0,0.0,-107615392.0,0.0,0.0,0.0,0.0,0.0,0.0,69,-0.0,-2.3088380788877558e+20,0.0,0.0,0.0,0.0,0.0,0.0,0.0,0,0,0,0.0,0.0,0.0,0.0,0.0,0.0,0.0,0.0,0.0,0.0,0.0,0.0,0.0,0.0,0.0,0.0,0,-107875648.0,69,0.0,138,0.0,-0.0,0,13107,17040,0,17049,0,17043,0,0,0,70,68,100,2.7302359370752657e+23,71.1,0.0,74.2,2.7302370179391762e+23,74.0,1,49,50,180,0,52429,0,0,0.0,0.0,0.0,0.0,-0.0,67.0,0.0,162057.094,0.0,750,0,739,0,0,0,721,0,765,0,735,0,742,0,741,0,712,0,7520,0.032,79456894976.0,0.0,0.0,784,16797,-0.0,162057.094,-114818.039,-0.0,0.133,6.909358625270745e+28,30.0,65.0,35,0.0,0.0,0.0,0.0,0.0,0.0,0.0,0.0,0.0,0.0,0.0,0.0,0.0,0.0,0.0,0.0,69.2,0,150,71,54,65476,0,300,0,1,8,20529,65476,0,0,40632,65.0,0.0,0.0,0.0,0.0,0.0
2026-09-04T20:59:36,ERR,ERR,ERR,ERR,ERR,ERR,ERR,ERR,ERR,ERR,ERR,ERR,ERR,ERR,ERR,ERR,ERR,ERR,ERR,ERR,ERR,ERR,ERR,ERR,ERR,ERR,ERR,ERR,ERR,ERR,ERR,ERR,ERR,ERR,ERR,ERR,ERR,ERR,ERR,ERR,ERR,ERR,ERR,ERR,ERR,ERR,ERR,ERR,ERR,ERR,ERR,ERR,ERR,ERR,ERR,ERR,ERR,ERR,ERR,ERR,ERR,ERR,ERR,ERR,ERR,ERR,ERR,ERR,ERR,ERR,ERR,ERR,ERR,ERR,ERR,ERR,ERR,ERR,ERR,ERR,ERR,ERR,ERR,ERR,ERR,ERR,ERR,ERR,ERR,ERR,ERR,ERR,ERR,ERR,ERR,ERR,ERR,ERR,ERR,ERR,ERR,ERR,ERR,ERR,ERR,ERR,ERR,ERR,ERR,ERR,ERR,ERR,ERR,ERR,ERR,ERR,ERR,ERR,ERR,ERR,ERR,ERR,ERR,ERR,ERR,0.0,-107615392.0,0.0,0.0,0.0,1.3936040501711995e+18,7.805,0.0,0,0,4,0,7116,0.0,100,0.0,0.0,0.0,0.0,0.0,0,0,0,0,0.0,0,0,0,0,0,0,0,0,0,0,0,0,0,0,0,0,0,0,0,0,0,0,0,0,0,0,0,0,0,0,0,0,0,31,40,40,71,65476,0,300,0,0,8,21553,0.0,-107605600.0,0.0,0.0,0.0,0.0,0.0,0.0,0.0,0.0,0.0,0.0,0.0,0.0,0.0,0.0,0.0,0.0,0.0,0.0,0.0,0.0,-0.0,0.0,2.004,-0.0,0.0,0.0,0.0,0.0,6484.0,-1.5879380422686047e+29,6942.0,0.0,-107615392.0,0.0,0.0,0.0,0.0,0.0,0.0,69,-0.0,-2.3088380788877558e+20,0.0,0.0,0.0,0.0,0.0,0.0,0.0,0,0,0,0.0,0.0,0.0,0.0,0.0,0.0,0.0,0.0,0.0,0.0,0.0,0.0,0.0,0.0,0.0,0.0,0,-107875648.0,69,0.0,138,0.0,-0.0,0,13107,17040,0,17049,0,17043,0,0,0,70,68,100,2.7302359370752657e+23,71.1,0.0,74.2,2.7302370179391762e+23,74.0,1,49,50,180,0,52429,0,0,0.0,0.0,0.0,0.0,-0.0,67.0,0.0,162057.094,0.0,750,0,739,0,0,0,721,0,765,0,735,0,742,0,741,0,712,0,7520,0.032,79456894976.0,0.0,0.0,784,16797,-0.0,162057.094,-114818.039,-0.0,0.133,6.909358625270745e+28,30.0,65.0,35,0.0,0.0,0.0,0.0,0.0,0.0,0.0,0.0,0.0,0.0,0.0,0.0,0.0,0.0,0.0,0.0,69.2,0,150,71,54,65476,0,300,0,1,8,20529,65476,0,0,40632,65.0,0.0,0.0,0.0,0.0,0.0
2026-09-04T20:59:37,ERR,ERR,ERR,ERR,ERR,ERR,ERR,ERR,ERR,ERR,ERR,ERR,ERR,ERR,ERR,ERR,ERR,ERR,ERR,ERR,ERR,ERR,ERR,ERR,ERR,ERR,ERR,ERR,ERR,ERR,ERR,ERR,ERR,ERR,ERR,ERR,ERR,ERR,ERR,ERR,ERR,ERR,ERR,ERR,ERR,ERR,ERR,ERR,ERR,ERR,ERR,ERR,ERR,ERR,ERR,ERR,ERR,ERR,ERR,ERR,ERR,ERR,ERR,ERR,ERR,ERR,ERR,ERR,ERR,ERR,ERR,ERR,ERR,ERR,ERR,ERR,ERR,ERR,ERR,ERR,ERR,ERR,ERR,ERR,ERR,ERR,ERR,ERR,ERR,ERR,ERR,ERR,ERR,ERR,ERR,ERR,ERR,ERR,ERR,ERR,ERR,ERR,ERR,ERR,ERR,ERR,ERR,ERR,ERR,ERR,ERR,ERR,ERR,ERR,ERR,ERR,ERR,ERR,ERR,ERR,ERR,ERR,ERR,ERR,ERR,0.0,-107615392.0,0.0,0.0,0.0,1.3936040501711995e+18,7.805,0.0,0,0,4,0,7116,0.0,100,0.0,0.0,0.0,0.0,0.0,0,0,0,0,0.0,0,0,0,0,0,0,0,0,0,0,0,0,0,0,0,0,0,0,0,0,0,0,0,0,0,0,0,0,0,0,0,0,0,31,40,40,71,65476,0,300,0,0,8,21553,0.0,-107605600.0,0.0,0.0,0.0,0.0,0.0,0.0,0.0,0.0,0.0,0.0,0.0,0.0,0.0,0.0,0.0,0.0,0.0,0.0,0.0,0.0,-0.0,0.0,2.004,-0.0,0.0,0.0,0.0,0.0,6484.0,-1.5879380422686047e+29,6942.0,0.0,-107615392.0,0.0,0.0,0.0,0.0,0.0,0.0,69,-0.0,-2.3088380788877558e+20,0.0,0.0,0.0,0.0,0.0,0.0,0.0,0,0,0,0.0,0.0,0.0,0.0,0.0,0.0,0.0,0.0,0.0,0.0,0.0,0.0,0.0,0.0,0.0,0.0,0,-107875648.0,69,0.0,138,0.0,-0.0,0,13107,17040,0,17049,0,17043,0,0,0,70,68,100,2.7302359370752657e+23,71.1,0.0,74.2,2.7302370179391762e+23,74.0,1,49,50,180,0,52429,0,0,0.0,0.0,0.0,0.0,-0.0,67.0,0.0,162057.094,0.0,750,0,739,0,0,0,721,0,765,0,735,0,742,0,741,0,712,0,7520,0.032,79456894976.0,0.0,0.0,784,16797,-0.0,162057.094,-114818.039,-0.0,0.133,6.909358625270745e+28,30.0,65.0,35,0.0,0.0,0.0,0.0,0.0,0.0,0.0,0.0,0.0,0.0,0.0,0.0,0.0,0.0,0.0,0.0,69.6,0,150,71,54,65476,0,300,0,1,8,20529,65476,0,0,40632,65.0,0.0,0.0,0.0,0.0,0.0
2026-09-04T20:59:38,ERR,ERR,ERR,ERR,ERR,ERR,ERR,ERR,ERR,ERR,ERR,ERR,ERR,ERR,ERR,ERR,ERR,ERR,ERR,ERR,ERR,ERR,ERR,ERR,ERR,ERR,ERR,ERR,ERR,ERR,ERR,ERR,ERR,ERR,ERR,ERR,ERR,ERR,ERR,ERR,ERR,ERR,ERR,ERR,ERR,ERR,ERR,ERR,ERR,ERR,ERR,ERR,ERR,ERR,ERR,ERR,ERR,ERR,ERR,ERR,ERR,ERR,ERR,ERR,ERR,ERR,ERR,ERR,ERR,ERR,ERR,ERR,ERR,ERR,ERR,ERR,ERR,ERR,ERR,ERR,ERR,ERR,ERR,ERR,ERR,ERR,ERR,ERR,ERR,ERR,ERR,ERR,ERR,ERR,ERR,ERR,ERR,ERR,ERR,ERR,ERR,ERR,ERR,ERR,ERR,ERR,ERR,ERR,ERR,ERR,ERR,ERR,ERR,ERR,ERR,ERR,ERR,ERR,ERR,ERR,ERR,ERR,ERR,ERR,ERR,0.0,-107615392.0,0.0,0.0,0.0,1.3936040501711995e+18,7.805,0.0,0,0,4,0,7116,0.0,100,0.0,0.0,0.0,0.0,0.0,0,0,0,0,0.0,0,0,0,0,0,0,0,0,0,0,0,0,0,0,0,0,0,0,0,0,0,0,0,0,0,0,0,0,0,0,0,0,0,31,40,40,71,65476,0,300,0,0,8,21553,0.0,-107605600.0,0.0,0.0,0.0,0.0,0.0,0.0,0.0,0.0,0.0,0.0,0.0,0.0,0.0,0.0,0.0,0.0,0.0,0.0,0.0,0.0,-0.0,0.0,2.004,-0.0,0.0,0.0,0.0,0.0,6484.0,-1.5879380422686047e+29,6942.0,0.0,-107615392.0,0.0,0.0,0.0,0.0,0.0,0.0,69,-0.0,-2.3088380788877558e+20,0.0,0.0,0.0,0.0,0.0,0.0,0.0,0,0,0,0.0,0.0,0.0,0.0,0.0,0.0,0.0,0.0,0.0,0.0,0.0,0.0,0.0,0.0,0.0,0.0,0,-107875648.0,69,0.0,138,0.0,-0.0,0,13107,17040,0,17049,0,17043,0,0,0,70,68,100,2.7302359370752657e+23,71.1,0.0,74.2,2.7302370179391762e+23,74.0,1,49,50,180,0,52429,0,0,0.0,0.0,0.0,0.0,-0.0,67.0,0.0,162057.094,0.0,750,0,739,0,0,0,721,0,765,0,735,0,742,0,741,0,712,0,7520,0.032,79456894976.0,0.0,0.0,784,16797,-0.0,162057.094,-114818.039,-0.0,0.133,6.909358625270745e+28,30.0,65.0,35,0.0,0.0,0.0,0.0,0.0,0.0,0.0,0.0,0.0,0.0,0.0,0.0,0.0,0.0,0.0,0.0,69.6,0,150,71,54,65476,0,300,0,1,8,20529,65476,0,0,40632,65.0,0.0,0.0,0.0,0.0,0.0
2026-09-04T20:59:39,ERR,ERR,ERR,ERR,ERR,ERR,ERR,ERR,ERR,ERR,ERR,ERR,ERR,ERR,ERR,ERR,ERR,ERR,ERR,ERR,ERR,ERR,ERR,ERR,ERR,ERR,ERR,ERR,ERR,ERR,ERR,ERR,ERR,ERR,ERR,ERR,ERR,ERR,ERR,ERR,ERR,ERR,ERR,ERR,ERR,ERR,ERR,ERR,ERR,ERR,ERR,ERR,ERR,ERR,ERR,ERR,ERR,ERR,ERR,ERR,ERR,ERR,ERR,ERR,ERR,ERR,ERR,ERR,ERR,ERR,ERR,ERR,ERR,ERR,ERR,ERR,ERR,ERR,ERR,ERR,ERR,ERR,ERR,ERR,ERR,ERR,ERR,ERR,ERR,ERR,ERR,ERR,ERR,ERR,ERR,ERR,ERR,ERR,ERR,ERR,ERR,ERR,ERR,ERR,ERR,ERR,ERR,ERR,ERR,ERR,ERR,ERR,ERR,ERR,ERR,ERR,ERR,ERR,ERR,ERR,ERR,ERR,ERR,ERR,ERR,0.0,-107615392.0,0.0,0.0,0.0,1.3936040501711995e+18,7.805,0.0,0,0,4,0,7116,0.0,100,0.0,0.0,0.0,0.0,0.0,0,0,0,0,0.0,0,0,0,0,0,0,0,0,0,0,0,0,0,0,0,0,0,0,0,0,0,0,0,0,0,0,0,0,0,0,0,0,0,31,40,40,71,65476,0,300,0,0,8,21553,0.0,-107605600.0,0.0,0.0,0.0,0.0,0.0,0.0,0.0,0.0,0.0,0.0,0.0,0.0,0.0,0.0,0.0,0.0,0.0,0.0,0.0,0.0,-0.0,0.0,2.004,-0.0,0.0,0.0,0.0,0.0,6484.0,-1.5879380422686047e+29,6942.0,0.0,-107615392.0,0.0,0.0,0.0,0.0,0.0,0.0,69,-0.0,-2.3088380788877558e+20,0.0,0.0,0.0,0.0,0.0,0.0,0.0,0,0,0,0.0,0.0,0.0,0.0,0.0,0.0,0.0,0.0,0.0,0.0,0.0,0.0,0.0,0.0,0.0,0.0,0,-107875648.0,69,0.0,138,0.0,-0.0,0,13107,17040,0,17049,0,17043,0,0,0,70,68,100,2.7302359370752657e+23,71.1,0.0,74.2,2.7302370179391762e+23,74.0,1,49,50,180,0,52429,0,0,0.0,0.0,0.0,0.0,-0.0,67.0,0.0,162057.094,0.0,750,0,739,0,0,0,721,0,765,0,735,0,742,0,741,0,712,0,7520,0.032,79456894976.0,0.0,0.0,784,16797,-0.0,162057.094,-114818.039,-0.0,0.133,6.909358625270745e+28,30.0,65.0,35,0.0,0.0,0.0,0.0,0.0,0.0,0.0,0.0,0.0,0.0,0.0,0.0,0.0,0.0,0.0,0.0,69.2,0,150,71,54,65476,0,300,0,1,8,20529,65476,0,0,40632,65.0,0.0,0.0,0.0,0.0,0.0
2026-09-04T20:59:40,ERR,ERR,ERR,ERR,ERR,ERR,ERR,ERR,ERR,ERR,ERR,ERR,ERR,ERR,ERR,ERR,ERR,ERR,ERR,ERR,ERR,ERR,ERR,ERR,ERR,ERR,ERR,ERR,ERR,ERR,ERR,ERR,ERR,ERR,ERR,ERR,ERR,ERR,ERR,ERR,ERR,ERR,ERR,ERR,ERR,ERR,ERR,ERR,ERR,ERR,ERR,ERR,ERR,ERR,ERR,ERR,ERR,ERR,ERR,ERR,ERR,ERR,ERR,ERR,ERR,ERR,ERR,ERR,ERR,ERR,ERR,ERR,ERR,ERR,ERR,ERR,ERR,ERR,ERR,ERR,ERR,ERR,ERR,ERR,ERR,ERR,ERR,ERR,ERR,ERR,ERR,ERR,ERR,ERR,ERR,ERR,ERR,ERR,ERR,ERR,ERR,ERR,ERR,ERR,ERR,ERR,ERR,ERR,ERR,ERR,ERR,ERR,ERR,ERR,ERR,ERR,ERR,ERR,ERR,ERR,ERR,ERR,ERR,ERR,ERR,0.0,-107615392.0,0.0,0.0,0.0,1.3936040501711995e+18,7.805,0.0,0,0,4,0,7116,0.0,100,0.0,0.0,0.0,0.0,0.0,0,0,0,0,0.0,0,0,0,0,0,0,0,0,0,0,0,0,0,0,0,0,0,0,0,0,0,0,0,0,0,0,0,0,0,0,0,0,0,31,40,40,71,65476,0,300,0,0,8,21553,0.0,-107605600.0,0.0,0.0,0.0,0.0,0.0,0.0,0.0,0.0,0.0,0.0,0.0,0.0,0.0,0.0,0.0,0.0,0.0,0.0,0.0,0.0,-0.0,0.0,2.004,-0.0,0.0,0.0,0.0,0.0,6484.0,-1.5879380422686047e+29,6942.0,0.0,-107615392.0,0.0,0.0,0.0,0.0,0.0,0.0,69,-0.0,-2.3088380788877558e+20,0.0,0.0,0.0,0.0,0.0,0.0,0.0,0,0,0,0.0,0.0,0.0,0.0,0.0,0.0,0.0,0.0,0.0,0.0,0.0,0.0,0.0,0.0,0.0,0.0,0,-107875648.0,69,0.0,138,0.0,-0.0,0,13107,17040,0,17049,0,17043,0,0,0,70,68,100,2.7302359370752657e+23,71.1,0.0,74.2,2.7302370179391762e+23,74.0,1,49,50,180,0,52429,0,0,0.0,0.0,0.0,0.0,-0.0,67.0,0.0,162057.094,0.0,750,0,739,0,0,0,721,0,765,0,735,0,742,0,741,0,712,0,7520,0.032,78920024064.0,0.0,0.0,784,16797,-0.0,162057.094,-114818.039,-0.0,0.133,6.909358625270745e+28,30.0,65.0,35,0.0,0.0,0.0,0.0,0.0,0.0,0.0,0.0,0.0,0.0,0.0,0.0,0.0,0.0,0.0,0.0,69.2,0,150,71,54,65476,0,300,0,1,8,20529,65476,0,0,40632,65.0,0.0,0.0,0.0,0.0,0.0
2026-09-04T20:59:41,ERR,ERR,ERR,ERR,ERR,ERR,ERR,ERR,ERR,ERR,ERR,ERR,ERR,ERR,ERR,ERR,ERR,ERR,ERR,ERR,ERR,ERR,ERR,ERR,ERR,ERR,ERR,ERR,ERR,ERR,ERR,ERR,ERR,ERR,ERR,ERR,ERR,ERR,ERR,ERR,ERR,ERR,ERR,ERR,ERR,ERR,ERR,ERR,ERR,ERR,ERR,ERR,ERR,ERR,ERR,ERR,ERR,ERR,ERR,ERR,ERR,ERR,ERR,ERR,ERR,ERR,ERR,ERR,ERR,ERR,ERR,ERR,ERR,ERR,ERR,ERR,ERR,ERR,ERR,ERR,ERR,ERR,ERR,ERR,ERR,ERR,ERR,ERR,ERR,ERR,ERR,ERR,ERR,ERR,ERR,ERR,ERR,ERR,ERR,ERR,ERR,ERR,ERR,ERR,ERR,ERR,ERR,ERR,ERR,ERR,ERR,ERR,ERR,ERR,ERR,ERR,ERR,ERR,ERR,ERR,ERR,ERR,ERR,ERR,ERR,0.0,-107615392.0,0.0,0.0,0.0,1.3936040501711995e+18,7.805,0.0,0,0,4,0,7116,0.0,100,0.0,0.0,0.0,0.0,0.0,0,0,0,0,0.0,0,0,0,0,0,0,0,0,0,0,0,0,0,0,0,0,0,0,0,0,0,0,0,0,0,0,0,0,0,0,0,0,0,31,40,40,71,65476,0,300,0,0,8,21553,0.0,-107605600.0,0.0,0.0,0.0,0.0,0.0,0.0,0.0,0.0,0.0,0.0,0.0,0.0,0.0,0.0,0.0,0.0,0.0,0.0,0.0,0.0,-0.0,0.0,2.004,-0.0,0.0,0.0,0.0,0.0,6484.0,1.5879380422686047e+29,6926.0,0.0,-107615392.0,0.0,0.0,0.0,0.0,0.0,0.0,69,-0.0,4.066875192005716e+29,0.0,0.0,0.0,0.0,0.0,0.0,0.0,0,0,0,0.0,0.0,0.0,0.0,0.0,0.0,0.0,0.0,0.0,0.0,0.0,0.0,0.0,0.0,0.0,0.0,0,-107875648.0,69,0.0,138,0.0,-0.0,0,13107,17040,0,17049,0,17043,0,0,0,70,68,100,2.7302359370752657e+23,71.1,0.0,74.2,2.7302370179391762e+23,74.0,1,49,50,180,0,52429,0,0,0.0,0.0,0.0,0.0,-0.0,67.0,0.0,162057.094,0.0,750,0,739,0,0,0,721,0,765,0,735,0,742,0,741,0,712,0,7520,0.032,78920024064.0,0.0,0.0,784,16797,-0.0,162057.094,-114818.039,-0.0,0.133,6.909358625270745e+28,30.0,65.0,35,0.0,0.0,0.0,0.0,0.0,0.0,0.0,0.0,0.0,0.0,0.0,0.0,0.0,0.0,0.0,0.0,69.2,0,150,71,54,65476,0,300,0,1,8,20529,65476,0,0,40632,65.0,0.0,0.0,0.0,0.0,0.0
2026-09-04T20:59:42,ERR,ERR,ERR,ERR,ERR,ERR,ERR,ERR,ERR,ERR,ERR,ERR,ERR,ERR,ERR,ERR,ERR,ERR,ERR,ERR,ERR,ERR,ERR,ERR,ERR,ERR,ERR,ERR,ERR,ERR,ERR,ERR,ERR,ERR,ERR,ERR,ERR,ERR,ERR,ERR,ERR,ERR,ERR,ERR,ERR,ERR,ERR,ERR,ERR,ERR,ERR,ERR,ERR,ERR,ERR,ERR,ERR,ERR,ERR,ERR,ERR,ERR,ERR,ERR,ERR,ERR,ERR,ERR,ERR,ERR,ERR,ERR,ERR,ERR,ERR,ERR,ERR,ERR,ERR,ERR,ERR,ERR,ERR,ERR,ERR,ERR,ERR,ERR,ERR,ERR,ERR,ERR,ERR,ERR,ERR,ERR,ERR,ERR,ERR,ERR,ERR,ERR,ERR,ERR,ERR,ERR,ERR,ERR,ERR,ERR,ERR,ERR,ERR,ERR,ERR,ERR,ERR,ERR,ERR,ERR,ERR,ERR,ERR,ERR,ERR,0.0,-107615392.0,0.0,0.0,0.0,1.3936040501711995e+18,7.805,0.0,0,0,4,0,7116,0.0,100,0.0,0.0,0.0,0.0,0.0,0,0,0,0,0.0,0,0,0,0,0,0,0,0,0,0,0,0,0,0,0,0,0,0,0,0,0,0,0,0,0,0,0,0,0,0,0,0,0,31,40,40,71,65476,0,300,0,0,8,21553,0.0,-107605600.0,0.0,0.0,0.0,0.0,0.0,0.0,0.0,0.0,0.0,0.0,0.0,0.0,0.0,0.0,0.0,0.0,0.0,0.0,0.0,0.0,-0.0,0.0,2.004,-0.0,0.0,0.0,0.0,0.0,6484.0,1.5879380422686047e+29,6926.0,0.0,-107615392.0,0.0,0.0,0.0,0.0,0.0,0.0,69,-0.0,4.066875192005716e+29,0.0,0.0,0.0,0.0,0.0,0.0,0.0,0,0,0,0.0,0.0,0.0,0.0,0.0,0.0,0.0,0.0,0.0,0.0,0.0,0.0,0.0,0.0,0.0,0.0,0,-107875648.0,69,0.0,138,0.0,-0.0,0,13107,17040,0,17049,0,17043,0,0,0,70,68,100,2.7302359370752657e+23,71.1,0.0,74.2,2.7302370179391762e+23,74.0,1,49,50,180,0,52429,0,0,0.0,0.0,0.0,0.0,-0.0,67.0,0.0,162057.094,0.0,750,0,739,0,0,0,721,0,765,0,735,0,742,0,741,0,712,0,7520,0.032,78920024064.0,0.0,0.0,784,16797,-0.0,162057.094,-114818.039,-0.0,0.133,6.909358625270745e+28,30.0,65.0,35,0.0,0.0,0.0,0.0,0.0,0.0,0.0,0.0,0.0,0.0,0.0,0.0,0.0,0.0,0.0,0.0,69.6,0,150,71,54,65476,0,300,0,1,8,20529,65476,0,0,40632,65.0,0.0,0.0,0.0,0.0,0.0
2026-09-04T20:59:43,ERR,ERR,ERR,ERR,ERR,ERR,ERR,ERR,ERR,ERR,ERR,ERR,ERR,ERR,ERR,ERR,ERR,ERR,ERR,ERR,ERR,ERR,ERR,ERR,ERR,ERR,ERR,ERR,ERR,ERR,ERR,ERR,ERR,ERR,ERR,ERR,ERR,ERR,ERR,ERR,ERR,ERR,ERR,ERR,ERR,ERR,ERR,ERR,ERR,ERR,ERR,ERR,ERR,ERR,ERR,ERR,ERR,ERR,ERR,ERR,ERR,ERR,ERR,ERR,ERR,ERR,ERR,ERR,ERR,ERR,ERR,ERR,ERR,ERR,ERR,ERR,ERR,ERR,ERR,ERR,ERR,ERR,ERR,ERR,ERR,ERR,ERR,ERR,ERR,ERR,ERR,ERR,ERR,ERR,ERR,ERR,ERR,ERR,ERR,ERR,ERR,ERR,ERR,ERR,ERR,ERR,ERR,ERR,ERR,ERR,ERR,ERR,ERR,ERR,ERR,ERR,ERR,ERR,ERR,ERR,ERR,ERR,ERR,ERR,ERR,0.0,-107615392.0,0.0,0.0,0.0,1.3936040501711995e+18,7.805,0.0,0,0,4,0,7116,0.0,100,0.0,0.0,0.0,0.0,0.0,0,0,0,0,0.0,0,0,0,0,0,0,0,0,0,0,0,0,0,0,0,0,0,0,0,0,0,0,0,0,0,0,0,0,0,0,0,0,0,31,40,40,71,65476,0,300,0,0,8,21553,0.0,-107605600.0,0.0,0.0,0.0,0.0,0.0,0.0,0.0,0.0,0.0,0.0,0.0,0.0,0.0,0.0,0.0,0.0,0.0,0.0,0.0,0.0,-0.0,0.0,2.004,-0.0,0.0,0.0,0.0,0.0,6484.0,1.5879380422686047e+29,6926.0,0.0,-107615392.0,0.0,0.0,0.0,0.0,0.0,0.0,69,-0.0,4.066875192005716e+29,0.0,0.0,0.0,0.0,0.0,0.0,0.0,0,0,0,0.0,0.0,0.0,0.0,0.0,0.0,0.0,0.0,0.0,0.0,0.0,0.0,0.0,0.0,0.0,0.0,0,-107875648.0,69,0.0,138,0.0,-0.0,0,13107,17040,0,17049,0,17043,0,0,0,70,68,100,2.7302359370752657e+23,71.1,0.0,74.2,2.7302370179391762e+23,74.0,1,49,50,180,0,52429,0,0,0.0,0.0,0.0,0.0,-0.0,67.0,0.0,162057.094,0.0,750,0,739,0,0,0,721,0,765,0,735,0,742,0,741,0,712,0,7520,0.032,78920024064.0,0.0,0.0,784,16797,-0.0,162057.094,-114818.039,-0.0,0.133,6.909358625270745e+28,30.0,65.0,35,0.0,0.0,0.0,0.0,0.0,0.0,0.0,0.0,0.0,0.0,0.0,0.0,0.0,0.0,0.0,0.0,69.6,0,150,71,54,65476,0,300,0,1,8,20529,65476,0,0,40632,65.0,0.0,0.0,0.0,0.0,0.0
2026-09-04T20:59:44,ERR,ERR,ERR,ERR,ERR,ERR,ERR,ERR,ERR,ERR,ERR,ERR,ERR,ERR,ERR,ERR,ERR,ERR,ERR,ERR,ERR,ERR,ERR,ERR,ERR,ERR,ERR,ERR,ERR,ERR,ERR,ERR,ERR,ERR,ERR,ERR,ERR,ERR,ERR,ERR,ERR,ERR,ERR,ERR,ERR,ERR,ERR,ERR,ERR,ERR,ERR,ERR,ERR,ERR,ERR,ERR,ERR,ERR,ERR,ERR,ERR,ERR,ERR,ERR,ERR,ERR,ERR,ERR,ERR,ERR,ERR,ERR,ERR,ERR,ERR,ERR,ERR,ERR,ERR,ERR,ERR,ERR,ERR,ERR,ERR,ERR,ERR,ERR,ERR,ERR,ERR,ERR,ERR,ERR,ERR,ERR,ERR,ERR,ERR,ERR,ERR,ERR,ERR,ERR,ERR,ERR,ERR,ERR,ERR,ERR,ERR,ERR,ERR,ERR,ERR,ERR,ERR,ERR,ERR,ERR,ERR,ERR,ERR,ERR,ERR,0.0,-107615392.0,0.0,0.0,0.0,1.3936040501711995e+18,7.805,0.0,0,0,4,0,7116,0.0,100,0.0,0.0,0.0,0.0,0.0,0,0,0,0,0.0,0,0,0,0,0,0,0,0,0,0,0,0,0,0,0,0,0,0,0,0,0,0,0,0,0,0,0,0,0,0,0,0,0,31,40,40,71,65476,0,300,0,0,8,21553,0.0,-107605600.0,0.0,0.0,0.0,0.0,0.0,0.0,0.0,0.0,0.0,0.0,0.0,0.0,0.0,0.0,0.0,0.0,0.0,0.0,0.0,0.0,-0.0,0.0,2.004,-0.0,0.0,0.0,0.0,0.0,6484.0,1.5879380422686047e+29,6926.0,0.0,-107615392.0,0.0,0.0,0.0,0.0,0.0,0.0,69,-0.0,4.066875192005716e+29,0.0,0.0,0.0,0.0,0.0,0.0,0.0,0,0,0,0.0,0.0,0.0,0.0,0.0,0.0,0.0,0.0,0.0,0.0,0.0,0.0,0.0,0.0,0.0,0.0,0,-107875648.0,69,0.0,138,0.0,-0.0,0,13107,17040,0,17049,0,17043,0,0,0,70,68,100,2.7302359370752657e+23,71.1,0.0,74.2,2.7302370179391762e+23,74.0,1,49,50,180,0,52429,0,0,0.0,0.0,0.0,0.0,-0.0,67.0,0.0,162057.094,0.0,750,0,739,0,0,0,721,0,765,0,735,0,742,0,741,0,712,0,7520,0.032,78920024064.0,0.0,0.0,784,16797,-0.0,162057.094,-114818.039,-0.0,0.133,6.909358625270745e+28,30.0,65.0,35,0.0,0.0,0.0,0.0,0.0,0.0,0.0,0.0,0.0,0.0,0.0,0.0,0.0,0.0,0.0,0.0,69.2,0,150,71,54,65476,0,300,0,1,8,20529,65476,0,0,40632,65.0,0.0,0.0,0.0,0.0,0.0
2026-09-04T20:59:45,ERR,ERR,ERR,ERR,ERR,ERR,ERR,ERR,ERR,ERR,ERR,ERR,ERR,ERR,ERR,ERR,ERR,ERR,ERR,ERR,ERR,ERR,ERR,ERR,ERR,ERR,ERR,ERR,ERR,ERR,ERR,ERR,ERR,ERR,ERR,ERR,ERR,ERR,ERR,ERR,ERR,ERR,ERR,ERR,ERR,ERR,ERR,ERR,ERR,ERR,ERR,ERR,ERR,ERR,ERR,ERR,ERR,ERR,ERR,ERR,ERR,ERR,ERR,ERR,ERR,ERR,ERR,ERR,ERR,ERR,ERR,ERR,ERR,ERR,ERR,ERR,ERR,ERR,ERR,ERR,ERR,ERR,ERR,ERR,ERR,ERR,ERR,ERR,ERR,ERR,ERR,ERR,ERR,ERR,ERR,ERR,ERR,ERR,ERR,ERR,ERR,ERR,ERR,ERR,ERR,ERR,ERR,ERR,ERR,ERR,ERR,ERR,ERR,ERR,ERR,ERR,ERR,ERR,ERR,ERR,ERR,ERR,ERR,ERR,ERR,0.0,-107615392.0,0.0,0.0,0.0,1.3936040501711995e+18,7.805,0.0,0,0,4,0,7116,0.0,100,0.0,0.0,0.0,0.0,0.0,0,0,0,0,0.0,0,0,0,0,0,0,0,0,0,0,0,0,0,0,0,0,0,0,0,0,0,0,0,0,0,0,0,0,0,0,0,0,0,31,40,40,71,65476,0,300,0,0,8,21553,0.0,-107605600.0,0.0,0.0,0.0,0.0,0.0,0.0,0.0,0.0,0.0,0.0,0.0,0.0,0.0,0.0,0.0,0.0,0.0,0.0,0.0,0.0,-0.0,0.0,2.004,-0.0,0.0,0.0,0.0,0.0,6484.0,1.5879380422686047e+29,6926.0,0.0,-107615392.0,0.0,0.0,0.0,0.0,0.0,0.0,69,-0.0,4.066875192005716e+29,0.0,0.0,0.0,0.0,0.0,0.0,0.0,0,0,0,0.0,0.0,0.0,0.0,0.0,0.0,0.0,0.0,0.0,0.0,0.0,0.0,0.0,0.0,0.0,0.0,0,-107875648.0,69,0.0,138,0.0,-0.0,0,13107,17040,0,17049,0,17043,0,0,0,70,68,100,2.7302359370752657e+23,71.1,0.0,74.2,2.7302370179391762e+23,74.0,1,49,50,180,0,52429,0,0,0.0,0.0,0.0,0.0,-0.0,67.0,0.0,162057.094,0.0,750,0,739,0,0,0,721,0,765,0,735,0,742,0,741,0,712,0,7520,0.032,78920024064.0,0.0,0.0,784,16797,-0.0,162057.094,-114818.039,-0.0,0.133,6.909358625270745e+28,30.0,65.0,35,0.0,0.0,0.0,0.0,0.0,0.0,0.0,0.0,0.0,0.0,0.0,0.0,0.0,0.0,0.0,0.0,69.2,0,150,71,54,65476,0,300,0,1,8,20529,65476,0,0,40632,65.0,0.0,0.0,0.0,0.0,0.0
2026-09-04T20:59:46,ERR,ERR,ERR,ERR,ERR,ERR,ERR,ERR,ERR,ERR,ERR,ERR,ERR,ERR,ERR,ERR,ERR,ERR,ERR,ERR,ERR,ERR,ERR,ERR,ERR,ERR,ERR,ERR,ERR,ERR,ERR,ERR,ERR,ERR,ERR,ERR,ERR,ERR,ERR,ERR,ERR,ERR,ERR,ERR,ERR,ERR,ERR,ERR,ERR,ERR,ERR,ERR,ERR,ERR,ERR,ERR,ERR,ERR,ERR,ERR,ERR,ERR,ERR,ERR,ERR,ERR,ERR,ERR,ERR,ERR,ERR,ERR,ERR,ERR,ERR,ERR,ERR,ERR,ERR,ERR,ERR,ERR,ERR,ERR,ERR,ERR,ERR,ERR,ERR,ERR,ERR,ERR,ERR,ERR,ERR,ERR,ERR,ERR,ERR,ERR,ERR,ERR,ERR,ERR,ERR,ERR,ERR,ERR,ERR,ERR,ERR,ERR,ERR,ERR,ERR,ERR,ERR,ERR,ERR,ERR,ERR,ERR,ERR,ERR,ERR,0.0,-107615392.0,0.0,0.0,0.0,1.3936040501711995e+18,7.805,0.0,0,0,4,0,7116,0.0,100,0.0,0.0,0.0,0.0,0.0,0,0,0,0,0.0,0,0,0,0,0,0,0,0,0,0,0,0,0,0,0,0,0,0,0,0,0,0,0,0,0,0,0,0,0,0,0,0,0,31,40,40,71,65476,0,300,0,0,8,21553,0.0,-107605600.0,0.0,0.0,0.0,0.0,0.0,0.0,0.0,0.0,0.0,0.0,0.0,0.0,0.0,0.0,0.0,0.0,0.0,0.0,0.0,0.0,-0.0,0.0,2.004,-0.0,0.0,0.0,0.0,0.0,6484.0,1.5879380422686047e+29,6926.0,0.0,-107615392.0,0.0,0.0,0.0,0.0,0.0,0.0,69,-0.0,4.066875192005716e+29,0.0,0.0,0.0,0.0,0.0,0.0,0.0,0,0,0,0.0,0.0,0.0,0.0,0.0,0.0,0.0,0.0,0.0,0.0,0.0,0.0,0.0,0.0,0.0,0.0,0,-107875648.0,69,0.0,138,0.0,-0.0,0,13107,17040,0,17049,0,17043,0,0,0,70,68,100,2.7302359370752657e+23,71.1,0.0,74.2,2.7302370179391762e+23,74.0,1,49,50,180,0,52429,0,0,0.0,0.0,0.0,0.0,-0.0,67.0,0.0,162057.094,0.0,750,0,739,0,0,0,721,0,765,0,735,0,742,0,741,0,712,0,7520,0.032,79993765888.0,0.0,0.0,784,16797,-0.0,162057.094,-114818.039,-0.0,0.133,6.909358625270745e+28,30.0,65.0,35,0.0,0.0,0.0,0.0,0.0,0.0,0.0,0.0,0.0,0.0,0.0,0.0,0.0,0.0,0.0,0.0,69.2,0,150,71,54,65476,0,300,0,1,8,20529,65476,0,0,40632,65.0,0.0,0.0,0.0,0.0,0.0
2026-09-04T20:59:47,ERR,ERR,ERR,ERR,ERR,ERR,ERR,ERR,ERR,ERR,ERR,ERR,ERR,ERR,ERR,ERR,ERR,ERR,ERR,ERR,ERR,ERR,ERR,ERR,ERR,ERR,ERR,ERR,ERR,ERR,ERR,ERR,ERR,ERR,ERR,ERR,ERR,ERR,ERR,ERR,ERR,ERR,ERR,ERR,ERR,ERR,ERR,ERR,ERR,ERR,ERR,ERR,ERR,ERR,ERR,ERR,ERR,ERR,ERR,ERR,ERR,ERR,ERR,ERR,ERR,ERR,ERR,ERR,ERR,ERR,ERR,ERR,ERR,ERR,ERR,ERR,ERR,ERR,ERR,ERR,ERR,ERR,ERR,ERR,ERR,ERR,ERR,ERR,ERR,ERR,ERR,ERR,ERR,ERR,ERR,ERR,ERR,ERR,ERR,ERR,ERR,ERR,ERR,ERR,ERR,ERR,ERR,ERR,ERR,ERR,ERR,ERR,ERR,ERR,ERR,ERR,ERR,ERR,ERR,ERR,ERR,ERR,ERR,ERR,ERR,0.0,-107615392.0,0.0,0.0,0.0,1.3936040501711995e+18,7.805,0.0,0,0,4,0,7116,0.0,100,0.0,0.0,0.0,0.0,0.0,0,0,0,0,0.0,0,0,0,0,0,0,0,0,0,0,0,0,0,0,0,0,0,0,0,0,0,0,0,0,0,0,0,0,0,0,0,0,0,31,40,40,71,65476,0,300,0,0,8,21553,0.0,-107605600.0,0.0,0.0,0.0,0.0,0.0,0.0,0.0,0.0,0.0,0.0,0.0,0.0,0.0,0.0,0.0,0.0,0.0,0.0,0.0,0.0,-0.0,0.0,2.004,-0.0,0.0,0.0,0.0,0.0,6484.0,1.5879380422686047e+29,6926.0,0.0,-107615392.0,0.0,0.0,0.0,0.0,0.0,0.0,69,-0.0,4.066875192005716e+29,0.0,0.0,0.0,0.0,0.0,0.0,0.0,0,0,0,0.0,0.0,0.0,0.0,0.0,0.0,0.0,0.0,0.0,0.0,0.0,0.0,0.0,0.0,0.0,0.0,0,-107875648.0,69,0.0,138,0.0,-0.0,0,13107,17040,0,17049,0,17043,0,0,0,70,68,100,2.7302359370752657e+23,71.1,0.0,74.2,2.7302370179391762e+23,74.0,1,49,50,180,0,52429,0,0,0.0,0.0,0.0,0.0,-0.0,67.0,0.0,162057.094,0.0,750,0,739,0,0,0,721,0,765,0,735,0,742,0,741,0,712,0,7520,0.032,79993765888.0,0.0,0.0,784,16797,-0.0,162057.094,-114818.039,-0.0,0.133,6.909358625270745e+28,30.0,65.0,35,0.0,0.0,0.0,0.0,0.0,0.0,0.0,0.0,0.0,0.0,0.0,0.0,0.0,0.0,0.0,0.0,69.2,0,150,71,54,65476,0,300,0,1,8,20529,65476,0,0,40632,65.0,0.0,0.0,0.0,0.0,0.0
2026-09-04T20:59:48,ERR,ERR,ERR,ERR,ERR,ERR,ERR,ERR,ERR,ERR,ERR,ERR,ERR,ERR,ERR,ERR,ERR,ERR,ERR,ERR,ERR,ERR,ERR,ERR,ERR,ERR,ERR,ERR,ERR,ERR,ERR,ERR,ERR,ERR,ERR,ERR,ERR,ERR,ERR,ERR,ERR,ERR,ERR,ERR,ERR,ERR,ERR,ERR,ERR,ERR,ERR,ERR,ERR,ERR,ERR,ERR,ERR,ERR,ERR,ERR,ERR,ERR,ERR,ERR,ERR,ERR,ERR,ERR,ERR,ERR,ERR,ERR,ERR,ERR,ERR,ERR,ERR,ERR,ERR,ERR,ERR,ERR,ERR,ERR,ERR,ERR,ERR,ERR,ERR,ERR,ERR,ERR,ERR,ERR,ERR,ERR,ERR,ERR,ERR,ERR,ERR,ERR,ERR,ERR,ERR,ERR,ERR,ERR,ERR,ERR,ERR,ERR,ERR,ERR,ERR,ERR,ERR,ERR,ERR,ERR,ERR,ERR,ERR,ERR,ERR,0.0,-107615392.0,0.0,0.0,0.0,1.3936040501711995e+18,7.805,0.0,0,0,4,0,7116,0.0,100,0.0,0.0,0.0,0.0,0.0,0,0,0,0,0.0,0,0,0,0,0,0,0,0,0,0,0,0,0,0,0,0,0,0,0,0,0,0,0,0,0,0,0,0,0,0,0,0,0,31,40,40,71,65476,0,300,0,0,8,21553,0.0,-107605600.0,0.0,0.0,0.0,0.0,0.0,0.0,0.0,0.0,0.0,0.0,0.0,0.0,0.0,0.0,0.0,0.0,0.0,0.0,0.0,0.0,-0.0,0.0,2.004,-0.0,0.0,0.0,0.0,0.0,6484.0,1.5879380422686047e+29,6926.0,0.0,-107615392.0,0.0,0.0,0.0,0.0,0.0,0.0,69,-0.0,4.066875192005716e+29,0.0,0.0,0.0,0.0,0.0,0.0,0.0,0,0,0,0.0,0.0,0.0,0.0,0.0,0.0,0.0,0.0,0.0,0.0,0.0,0.0,0.0,0.0,0.0,0.0,0,-107875648.0,69,0.0,138,0.0,-0.0,0,13107,17040,0,17049,0,17043,0,0,0,70,68,100,2.7302359370752657e+23,71.1,0.0,74.2,2.7302370179391762e+23,74.0,1,49,50,180,0,52429,0,0,0.0,0.0,0.0,0.0,-0.0,67.0,0.0,162057.094,0.0,750,0,739,0,0,0,721,0,765,0,735,0,742,0,741,0,712,0,7520,0.032,79993765888.0,0.0,0.0,784,16797,-0.0,162057.094,-114818.039,-0.0,0.133,6.909358625270745e+28,30.0,65.0,35,0.0,0.0,0.0,0.0,0.0,0.0,0.0,0.0,0.0,0.0,0.0,0.0,0.0,0.0,0.0,0.0,69.2,0,150,71,54,65476,0,300,0,1,8,20529,65476,0,0,40632,65.0,0.0,0.0,0.0,0.0,0.0
2026-09-04T20:59:49,ERR,ERR,ERR,ERR,ERR,ERR,ERR,ERR,ERR,ERR,ERR,ERR,ERR,ERR,ERR,ERR,ERR,ERR,ERR,ERR,ERR,ERR,ERR,ERR,ERR,ERR,ERR,ERR,ERR,ERR,ERR,ERR,ERR,ERR,ERR,ERR,ERR,ERR,ERR,ERR,ERR,ERR,ERR,ERR,ERR,ERR,ERR,ERR,ERR,ERR,ERR,ERR,ERR,ERR,ERR,ERR,ERR,ERR,ERR,ERR,ERR,ERR,ERR,ERR,ERR,ERR,ERR,ERR,ERR,ERR,ERR,ERR,ERR,ERR,ERR,ERR,ERR,ERR,ERR,ERR,ERR,ERR,ERR,ERR,ERR,ERR,ERR,ERR,ERR,ERR,ERR,ERR,ERR,ERR,ERR,ERR,ERR,ERR,ERR,ERR,ERR,ERR,ERR,ERR,ERR,ERR,ERR,ERR,ERR,ERR,ERR,ERR,ERR,ERR,ERR,ERR,ERR,ERR,ERR,ERR,ERR,ERR,ERR,ERR,ERR,0.0,-107615392.0,0.0,0.0,0.0,1.3936040501711995e+18,7.805,0.0,0,0,4,0,7116,0.0,100,0.0,0.0,0.0,0.0,0.0,0,0,0,0,0.0,0,0,0,0,0,0,0,0,0,0,0,0,0,0,0,0,0,0,0,0,0,0,0,0,0,0,0,0,0,0,0,0,0,31,40,40,71,65476,0,300,0,0,8,21553,0.0,-107605600.0,0.0,0.0,0.0,0.0,0.0,0.0,0.0,0.0,0.0,0.0,0.0,0.0,0.0,0.0,0.0,0.0,0.0,0.0,0.0,0.0,-0.0,0.0,2.004,-0.0,0.0,0.0,0.0,0.0,6425.0,-0.0,6935.0,0.0,-107615392.0,0.0,0.0,0.0,0.0,0.0,0.0,69,-0.0,4.950423181899093e+32,0.0,0.0,0.0,0.0,0.0,0.0,0.0,0,0,0,0.0,0.0,0.0,0.0,0.0,0.0,0.0,0.0,0.0,0.0,0.0,0.0,0.0,0.0,0.0,0.0,0,-107875648.0,69,0.0,138,0.0,-0.0,0,13107,17040,0,17049,0,17043,0,0,0,70,68,100,2.7302359370752657e+23,71.1,0.0,74.2,2.7302370179391762e+23,74.0,1,49,50,180,0,52429,0,0,0.0,0.0,0.0,0.0,-0.0,67.0,0.0,162057.094,0.0,750,0,739,0,0,0,721,0,765,0,735,0,742,0,741,0,712,0,7520,0.032,79993765888.0,0.0,0.0,784,16797,-0.0,162057.094,-114818.039,-0.0,0.133,6.909358625270745e+28,30.0,65.0,35,0.0,0.0,0.0,0.0,0.0,0.0,0.0,0.0,0.0,0.0,0.0,0.0,0.0,0.0,0.0,0.0,69.2,0,150,71,54,65476,0,300,0,1,8,20529,65476,0,0,40632,65.0,0.0,0.0,0.0,0.0,0.0
2026-09-04T20:59:50,ERR,ERR,ERR,ERR,ERR,ERR,ERR,ERR,ERR,ERR,ERR,ERR,ERR,ERR,ERR,ERR,ERR,ERR,ERR,ERR,ERR,ERR,ERR,ERR,ERR,ERR,ERR,ERR,ERR,ERR,ERR,ERR,ERR,ERR,ERR,ERR,ERR,ERR,ERR,ERR,ERR,ERR,ERR,ERR,ERR,ERR,ERR,ERR,ERR,ERR,ERR,ERR,ERR,ERR,ERR,ERR,ERR,ERR,ERR,ERR,ERR,ERR,ERR,ERR,ERR,ERR,ERR,ERR,ERR,ERR,ERR,ERR,ERR,ERR,ERR,ERR,ERR,ERR,ERR,ERR,ERR,ERR,ERR,ERR,ERR,ERR,ERR,ERR,ERR,ERR,ERR,ERR,ERR,ERR,ERR,ERR,ERR,ERR,ERR,ERR,ERR,ERR,ERR,ERR,ERR,ERR,ERR,ERR,ERR,ERR,ERR,ERR,ERR,ERR,ERR,ERR,ERR,ERR,ERR,ERR,ERR,ERR,ERR,ERR,ERR,0.0,-107615392.0,0.0,0.0,0.0,1.3936040501711995e+18,7.805,0.0,0,0,4,0,7116,0.0,100,0.0,0.0,0.0,0.0,0.0,0,0,0,0,0.0,0,0,0,0,0,0,0,0,0,0,0,0,0,0,0,0,0,0,0,0,0,0,0,0,0,0,0,0,0,0,0,0,0,31,40,40,71,65476,0,300,0,0,8,21553,0.0,-107605600.0,0.0,0.0,0.0,0.0,0.0,0.0,0.0,0.0,0.0,0.0,0.0,0.0,0.0,0.0,0.0,0.0,0.0,0.0,0.0,0.0,-0.0,0.0,2.004,-0.0,0.0,0.0,0.0,0.0,6425.0,-0.0,6935.0,0.0,-107615392.0,0.0,0.0,0.0,0.0,0.0,0.0,69,-0.0,4.950423181899093e+32,0.0,0.0,0.0,0.0,0.0,0.0,0.0,0,0,0,0.0,0.0,0.0,0.0,0.0,0.0,0.0,0.0,0.0,0.0,0.0,0.0,0.0,0.0,0.0,0.0,0,-107875648.0,69,0.0,138,0.0,-0.0,0,13107,17040,0,17049,0,17043,0,0,0,70,68,100,2.7302359370752657e+23,71.1,0.0,74.2,2.7302370179391762e+23,74.0,1,49,50,180,0,52429,0,0,0.0,0.0,0.0,0.0,-0.0,67.0,0.0,162057.094,0.0,750,0,739,0,0,0,721,0,765,0,735,0,742,0,741,0,712,0,7520,0.032,79993765888.0,0.0,0.0,784,16797,-0.0,162057.094,-114818.039,-0.0,0.133,6.909358625270745e+28,30.0,65.0,35,0.0,0.0,0.0,0.0,0.0,0.0,0.0,0.0,0.0,0.0,0.0,0.0,0.0,0.0,0.0,0.0,69.2,0,150,71,54,65476,0,300,0,1,8,20529,65476,0,0,40632,65.0,0.0,0.0,0.0,0.0,0.0
2026-09-04T20:59:51,ERR,ERR,ERR,ERR,ERR,ERR,ERR,ERR,ERR,ERR,ERR,ERR,ERR,ERR,ERR,ERR,ERR,ERR,ERR,ERR,ERR,ERR,ERR,ERR,ERR,ERR,ERR,ERR,ERR,ERR,ERR,ERR,ERR,ERR,ERR,ERR,ERR,ERR,ERR,ERR,ERR,ERR,ERR,ERR,ERR,ERR,ERR,ERR,ERR,ERR,ERR,ERR,ERR,ERR,ERR,ERR,ERR,ERR,ERR,ERR,ERR,ERR,ERR,ERR,ERR,ERR,ERR,ERR,ERR,ERR,ERR,ERR,ERR,ERR,ERR,ERR,ERR,ERR,ERR,ERR,ERR,ERR,ERR,ERR,ERR,ERR,ERR,ERR,ERR,ERR,ERR,ERR,ERR,ERR,ERR,ERR,ERR,ERR,ERR,ERR,ERR,ERR,ERR,ERR,ERR,ERR,ERR,ERR,ERR,ERR,ERR,ERR,ERR,ERR,ERR,ERR,ERR,ERR,ERR,ERR,ERR,ERR,ERR,ERR,ERR,0.0,-107615392.0,0.0,0.0,0.0,1.3936040501711995e+18,7.805,0.0,0,0,4,0,7116,0.0,100,0.0,0.0,0.0,0.0,0.0,0,0,0,0,0.0,0,0,0,0,0,0,0,0,0,0,0,0,0,0,0,0,0,0,0,0,0,0,0,0,0,0,0,0,0,0,0,0,0,31,40,40,71,65476,0,300,0,0,8,21553,0.0,-107605600.0,0.0,0.0,0.0,0.0,0.0,0.0,0.0,0.0,0.0,0.0,0.0,0.0,0.0,0.0,0.0,0.0,0.0,0.0,0.0,0.0,-0.0,0.0,2.004,-0.0,0.0,0.0,0.0,0.0,6425.0,-0.0,6935.0,0.0,-107615392.0,0.0,0.0,0.0,0.0,0.0,0.0,69,-0.0,4.950423181899093e+32,0.0,0.0,0.0,0.0,0.0,0.0,0.0,0,0,0,0.0,0.0,0.0,0.0,0.0,0.0,0.0,0.0,0.0,0.0,0.0,0.0,0.0,0.0,0.0,0.0,0,-107875648.0,69,0.0,138,0.0,-0.0,0,13107,17040,0,17049,0,17043,0,0,0,70,68,100,2.7302359370752657e+23,71.1,0.0,74.2,2.7302370179391762e+23,74.0,1,49,50,180,0,52429,0,0,0.0,0.0,0.0,0.0,-0.0,67.0,0.0,162057.094,0.0,750,0,739,0,0,0,721,0,765,0,735,0,742,0,741,0,712,0,7520,0.032,79993765888.0,0.0,0.0,784,16797,-0.0,162057.094,-114818.039,-0.0,0.133,6.909358625270745e+28,30.0,65.0,35,0.0,0.0,0.0,0.0,0.0,0.0,0.0,0.0,0.0,0.0,0.0,0.0,0.0,0.0,0.0,0.0,69.2,0,150,71,54,65476,0,300,0,1,8,20529,65476,0,0,40632,65.0,0.0,0.0,0.0,0.0,0.0
2026-09-04T20:59:52,ERR,ERR,ERR,ERR,ERR,ERR,ERR,ERR,ERR,ERR,ERR,ERR,ERR,ERR,ERR,ERR,ERR,ERR,ERR,ERR,ERR,ERR,ERR,ERR,ERR,ERR,ERR,ERR,ERR,ERR,ERR,ERR,ERR,ERR,ERR,ERR,ERR,ERR,ERR,ERR,ERR,ERR,ERR,ERR,ERR,ERR,ERR,ERR,ERR,ERR,ERR,ERR,ERR,ERR,ERR,ERR,ERR,ERR,ERR,ERR,ERR,ERR,ERR,ERR,ERR,ERR,ERR,ERR,ERR,ERR,ERR,ERR,ERR,ERR,ERR,ERR,ERR,ERR,ERR,ERR,ERR,ERR,ERR,ERR,ERR,ERR,ERR,ERR,ERR,ERR,ERR,ERR,ERR,ERR,ERR,ERR,ERR,ERR,ERR,ERR,ERR,ERR,ERR,ERR,ERR,ERR,ERR,ERR,ERR,ERR,ERR,ERR,ERR,ERR,ERR,ERR,ERR,ERR,ERR,ERR,ERR,ERR,ERR,ERR,ERR,0.0,-107615392.0,0.0,0.0,0.0,1.3936040501711995e+18,7.805,0.0,0,0,4,0,7116,0.0,100,0.0,0.0,0.0,0.0,0.0,0,0,0,0,0.0,0,0,0,0,0,0,0,0,0,0,0,0,0,0,0,0,0,0,0,0,0,0,0,0,0,0,0,0,0,0,0,0,0,31,40,40,71,65476,0,300,0,0,8,21553,0.0,-107605600.0,0.0,0.0,0.0,0.0,0.0,0.0,0.0,0.0,0.0,0.0,0.0,0.0,0.0,0.0,0.0,0.0,0.0,0.0,0.0,0.0,-0.0,0.0,2.004,-0.0,0.0,0.0,0.0,0.0,6425.0,-0.0,6935.0,0.0,-107615392.0,0.0,0.0,0.0,0.0,0.0,0.0,69,-0.0,4.950423181899093e+32,0.0,0.0,0.0,0.0,0.0,0.0,0.0,0,0,0,0.0,0.0,0.0,0.0,0.0,0.0,0.0,0.0,0.0,0.0,0.0,0.0,0.0,0.0,0.0,0.0,0,-107875648.0,69,0.0,138,0.0,-0.0,0,13107,17040,0,17049,0,17043,0,0,0,70,68,100,2.7302359370752657e+23,71.1,0.0,74.2,2.7302370179391762e+23,74.0,1,49,50,180,0,52429,0,0,0.0,0.0,0.0,0.0,-0.0,67.0,0.0,162057.094,0.0,750,0,739,0,0,0,721,0,765,0,735,0,742,0,741,0,712,0,7520,0.032,79993765888.0,0.0,0.0,784,16797,-0.0,162057.094,-114818.039,-0.0,0.133,6.909358625270745e+28,30.0,65.0,35,0.0,0.0,0.0,0.0,0.0,0.0,0.0,0.0,0.0,0.0,0.0,0.0,0.0,0.0,0.0,0.0,69.2,0,150,71,54,65476,0,300,0,1,8,20529,65476,0,0,40632,65.0,0.0,0.0,0.0,0.0,0.0
2026-09-04T20:59:53,ERR,ERR,ERR,ERR,ERR,ERR,ERR,ERR,ERR,ERR,ERR,ERR,ERR,ERR,ERR,ERR,ERR,ERR,ERR,ERR,ERR,ERR,ERR,ERR,ERR,ERR,ERR,ERR,ERR,ERR,ERR,ERR,ERR,ERR,ERR,ERR,ERR,ERR,ERR,ERR,ERR,ERR,ERR,ERR,ERR,ERR,ERR,ERR,ERR,ERR,ERR,ERR,ERR,ERR,ERR,ERR,ERR,ERR,ERR,ERR,ERR,ERR,ERR,ERR,ERR,ERR,ERR,ERR,ERR,ERR,ERR,ERR,ERR,ERR,ERR,ERR,ERR,ERR,ERR,ERR,ERR,ERR,ERR,ERR,ERR,ERR,ERR,ERR,ERR,ERR,ERR,ERR,ERR,ERR,ERR,ERR,ERR,ERR,ERR,ERR,ERR,ERR,ERR,ERR,ERR,ERR,ERR,ERR,ERR,ERR,ERR,ERR,ERR,ERR,ERR,ERR,ERR,ERR,ERR,ERR,ERR,ERR,ERR,ERR,ERR,0.0,-107615392.0,0.0,0.0,0.0,1.3936040501711995e+18,7.805,0.0,0,0,4,0,7116,0.0,100,0.0,0.0,0.0,0.0,0.0,0,0,0,0,0.0,0,0,0,0,0,0,0,0,0,0,0,0,0,0,0,0,0,0,0,0,0,0,0,0,0,0,0,0,0,0,0,0,0,31,40,40,71,65476,0,300,0,0,8,21553,0.0,-107605600.0,0.0,0.0,0.0,0.0,0.0,0.0,0.0,0.0,0.0,0.0,0.0,0.0,0.0,0.0,0.0,0.0,0.0,0.0,0.0,0.0,-0.0,0.0,2.004,-0.0,0.0,0.0,0.0,0.0,6425.0,-0.0,6935.0,0.0,-107615392.0,0.0,0.0,0.0,0.0,0.0,0.0,69,-0.0,4.950423181899093e+32,0.0,0.0,0.0,0.0,0.0,0.0,0.0,0,0,0,0.0,0.0,0.0,0.0,0.0,0.0,0.0,0.0,0.0,0.0,0.0,0.0,0.0,0.0,0.0,0.0,0,-107875648.0,69,0.0,138,0.0,-0.0,0,13107,17040,0,17049,0,17043,0,0,0,70,68,100,2.7302359370752657e+23,71.1,0.0,74.2,2.7302370179391762e+23,74.0,1,49,50,180,0,52429,0,0,0.0,0.0,0.0,0.0,-0.0,67.0,0.0,162057.094,0.0,750,0,739,0,0,0,721,0,765,0,735,0,742,0,741,0,712,0,7520,0.032,79993765888.0,0.0,0.0,784,16797,-0.0,162057.094,-114818.039,-0.0,0.133,6.909358625270745e+28,30.0,65.0,35,0.0,0.0,0.0,0.0,0.0,0.0,0.0,0.0,0.0,0.0,0.0,0.0,0.0,0.0,0.0,0.0,69.2,0,150,71,54,65476,0,300,0,1,8,20529,65476,0,0,40632,65.0,0.0,0.0,0.0,0.0,0.0
2026-09-04T20:59:54,ERR,ERR,ERR,ERR,ERR,ERR,ERR,ERR,ERR,ERR,ERR,ERR,ERR,ERR,ERR,ERR,ERR,ERR,ERR,ERR,ERR,ERR,ERR,ERR,ERR,ERR,ERR,ERR,ERR,ERR,ERR,ERR,ERR,ERR,ERR,ERR,ERR,ERR,ERR,ERR,ERR,ERR,ERR,ERR,ERR,ERR,ERR,ERR,ERR,ERR,ERR,ERR,ERR,ERR,ERR,ERR,ERR,ERR,ERR,ERR,ERR,ERR,ERR,ERR,ERR,ERR,ERR,ERR,ERR,ERR,ERR,ERR,ERR,ERR,ERR,ERR,ERR,ERR,ERR,ERR,ERR,ERR,ERR,ERR,ERR,ERR,ERR,ERR,ERR,ERR,ERR,ERR,ERR,ERR,ERR,ERR,ERR,ERR,ERR,ERR,ERR,ERR,ERR,ERR,ERR,ERR,ERR,ERR,ERR,ERR,ERR,ERR,ERR,ERR,ERR,ERR,ERR,ERR,ERR,ERR,ERR,ERR,ERR,ERR,ERR,0.0,-107615392.0,0.0,0.0,0.0,1.3936040501711995e+18,7.805,0.0,0,0,4,0,7116,0.0,100,0.0,0.0,0.0,0.0,0.0,0,0,0,0,0.0,0,0,0,0,0,0,0,0,0,0,0,0,0,0,0,0,0,0,0,0,0,0,0,0,0,0,0,0,0,0,0,0,0,31,40,40,71,65476,0,300,0,0,8,21553,0.0,-107605600.0,0.0,0.0,0.0,0.0,0.0,0.0,0.0,0.0,0.0,0.0,0.0,0.0,0.0,0.0,0.0,0.0,0.0,0.0,0.0,0.0,-0.0,0.0,2.004,-0.0,0.0,0.0,0.0,0.0,6425.0,-0.0,6935.0,0.0,-107615392.0,0.0,0.0,0.0,0.0,0.0,0.0,69,-0.0,4.950423181899093e+32,0.0,0.0,0.0,0.0,0.0,0.0,0.0,0,0,0,0.0,0.0,0.0,0.0,0.0,0.0,0.0,0.0,0.0,0.0,0.0,0.0,0.0,0.0,0.0,0.0,0,-107875648.0,69,0.0,138,0.0,-0.0,0,13107,17040,0,17049,0,17043,0,0,0,70,68,100,2.7302359370752657e+23,71.1,0.0,74.2,2.7302370179391762e+23,74.0,1,49,50,180,0,52429,0,0,0.0,0.0,0.0,0.0,-0.0,67.0,0.0,162057.094,0.0,750,0,739,0,0,0,721,0,765,0,735,0,742,0,741,0,712,0,7520,0.032,79993765888.0,0.0,0.0,784,16797,-0.0,162057.094,-114818.039,-0.0,0.133,6.909358625270745e+28,30.0,65.0,35,0.0,0.0,0.0,0.0,0.0,0.0,0.0,0.0,0.0,0.0,0.0,0.0,0.0,0.0,0.0,0.0,69.2,0,150,71,54,65476,0,300,0,1,8,20529,65476,0,0,40632,65.0,0.0,0.0,0.0,0.0,0.0
2026-09-04T20:59:55,ERR,ERR,ERR,ERR,ERR,ERR,ERR,ERR,ERR,ERR,ERR,ERR,ERR,ERR,ERR,ERR,ERR,ERR,ERR,ERR,ERR,ERR,ERR,ERR,ERR,ERR,ERR,ERR,ERR,ERR,ERR,ERR,ERR,ERR,ERR,ERR,ERR,ERR,ERR,ERR,ERR,ERR,ERR,ERR,ERR,ERR,ERR,ERR,ERR,ERR,ERR,ERR,ERR,ERR,ERR,ERR,ERR,ERR,ERR,ERR,ERR,ERR,ERR,ERR,ERR,ERR,ERR,ERR,ERR,ERR,ERR,ERR,ERR,ERR,ERR,ERR,ERR,ERR,ERR,ERR,ERR,ERR,ERR,ERR,ERR,ERR,ERR,ERR,ERR,ERR,ERR,ERR,ERR,ERR,ERR,ERR,ERR,ERR,ERR,ERR,ERR,ERR,ERR,ERR,ERR,ERR,ERR,ERR,ERR,ERR,ERR,ERR,ERR,ERR,ERR,ERR,ERR,ERR,ERR,ERR,ERR,ERR,ERR,ERR,ERR,0.0,-107615392.0,0.0,0.0,0.0,1.3936040501711995e+18,7.805,0.0,0,0,4,0,7116,0.0,100,0.0,0.0,0.0,0.0,0.0,0,0,0,0,0.0,0,0,0,0,0,0,0,0,0,0,0,0,0,0,0,0,0,0,0,0,0,0,0,0,0,0,0,0,0,0,0,0,0,31,40,40,71,65476,0,300,0,0,8,21553,0.0,-107605600.0,0.0,0.0,0.0,0.0,0.0,0.0,0.0,0.0,0.0,0.0,0.0,0.0,0.0,0.0,0.0,0.0,0.0,0.0,0.0,0.0,-0.0,0.0,2.004,-0.0,0.0,0.0,0.0,0.0,6425.0,-0.0,6935.0,0.0,-107615392.0,0.0,0.0,0.0,0.0,0.0,0.0,69,-0.0,4.950423181899093e+32,0.0,0.0,0.0,0.0,0.0,0.0,0.0,0,0,0,0.0,0.0,0.0,0.0,0.0,0.0,0.0,0.0,0.0,0.0,0.0,0.0,0.0,0.0,0.0,0.0,0,-107875648.0,69,0.0,138,0.0,-0.0,0,13107,17040,0,17049,0,17043,0,0,0,70,68,100,2.7302359370752657e+23,71.1,0.0,74.2,2.7302370179391762e+23,74.0,1,49,50,180,0,52429,0,0,0.0,0.0,0.0,0.0,-0.0,67.0,0.0,162057.094,0.0,750,0,739,0,0,0,721,0,765,0,735,0,742,0,741,0,712,0,7520,0.032,79993765888.0,0.0,0.0,784,16797,-0.0,162057.094,-114818.039,-0.0,0.133,6.909358625270745e+28,30.0,65.0,35,0.0,0.0,0.0,0.0,0.0,0.0,0.0,0.0,0.0,0.0,0.0,0.0,0.0,0.0,0.0,0.0,69.6,0,150,71,54,65476,0,300,0,1,8,20529,65476,0,0,40632,65.0,0.0,0.0,0.0,0.0,0.0
2026-09-04T20:59:56,ERR,ERR,ERR,ERR,ERR,ERR,ERR,ERR,ERR,ERR,ERR,ERR,ERR,ERR,ERR,ERR,ERR,ERR,ERR,ERR,ERR,ERR,ERR,ERR,ERR,ERR,ERR,ERR,ERR,ERR,ERR,ERR,ERR,ERR,ERR,ERR,ERR,ERR,ERR,ERR,ERR,ERR,ERR,ERR,ERR,ERR,ERR,ERR,ERR,ERR,ERR,ERR,ERR,ERR,ERR,ERR,ERR,ERR,ERR,ERR,ERR,ERR,ERR,ERR,ERR,ERR,ERR,ERR,ERR,ERR,ERR,ERR,ERR,ERR,ERR,ERR,ERR,ERR,ERR,ERR,ERR,ERR,ERR,ERR,ERR,ERR,ERR,ERR,ERR,ERR,ERR,ERR,ERR,ERR,ERR,ERR,ERR,ERR,ERR,ERR,ERR,ERR,ERR,ERR,ERR,ERR,ERR,ERR,ERR,ERR,ERR,ERR,ERR,ERR,ERR,ERR,ERR,ERR,ERR,ERR,ERR,ERR,ERR,ERR,ERR,0.0,0.0,0.0,0.0,0.0,1.3936040501711995e+18,7.805,0.0,0,0,4,0,7116,0.0,100,0.0,0.0,0.0,0.0,0.0,0,0,0,0,0.0,0,0,0,0,0,0,0,0,0,0,0,0,0,0,0,0,0,0,0,0,0,0,0,0,0,0,0,0,0,0,0,0,0,31,40,40,71,65476,0,300,0,0,8,21553,0.0,-107605600.0,0.0,0.0,0.0,0.0,0.0,0.0,0.0,0.0,0.0,0.0,0.0,0.0,0.0,0.0,0.0,0.0,0.0,0.0,0.0,0.0,-0.0,0.0,2.004,-0.0,0.0,0.0,0.0,0.0,6389.0,-8608226304.0,6938.0,0.0,-107615392.0,0.0,0.0,0.0,0.0,0.0,0.0,69,-0.0,-0.0,0.0,0.0,0.0,0.0,0.0,0.0,0.0,0,0,0,0.0,0.0,0.0,0.0,0.0,0.0,0.0,0.0,0.0,0.0,0.0,0.0,0.0,0.0,0.0,0.0,0,-107875648.0,69,0.0,138,0.0,-0.0,0,13107,17040,0,17049,0,17043,0,0,0,70,68,100,2.7302359370752657e+23,71.1,0.0,74.2,2.7302370179391762e+23,74.0,1,49,50,180,0,52429,0,0,0.0,0.0,0.0,0.0,-0.0,67.0,0.0,162057.094,0.0,750,0,739,0,0,0,721,0,765,0,735,0,742,0,741,0,712,0,7520,0.032,79993765888.0,0.0,0.0,784,16797,-0.0,162057.094,-114818.039,-0.0,0.133,6.909358625270745e+28,30.0,65.0,35,0.0,0.0,0.0,0.0,0.0,0.0,0.0,0.0,0.0,0.0,0.0,0.0,0.0,0.0,0.0,0.0,69.6,0,150,71,54,65476,0,300,0,1,8,20529,65476,0,0,40632,65.0,0.0,0.0,0.0,0.0,0.0
2026-09-04T20:59:57,ERR,ERR,ERR,ERR,ERR,ERR,ERR,ERR,ERR,ERR,ERR,ERR,ERR,ERR,ERR,ERR,ERR,ERR,ERR,ERR,ERR,ERR,ERR,ERR,ERR,ERR,ERR,ERR,ERR,ERR,ERR,ERR,ERR,ERR,ERR,ERR,ERR,ERR,ERR,ERR,ERR,ERR,ERR,ERR,ERR,ERR,ERR,ERR,ERR,ERR,ERR,ERR,ERR,ERR,ERR,ERR,ERR,ERR,ERR,ERR,ERR,ERR,ERR,ERR,ERR,ERR,ERR,ERR,ERR,ERR,ERR,ERR,ERR,ERR,ERR,ERR,ERR,ERR,ERR,ERR,ERR,ERR,ERR,ERR,ERR,ERR,ERR,ERR,ERR,ERR,ERR,ERR,ERR,ERR,ERR,ERR,ERR,ERR,ERR,ERR,ERR,ERR,ERR,ERR,ERR,ERR,ERR,ERR,ERR,ERR,ERR,ERR,ERR,ERR,ERR,ERR,ERR,ERR,ERR,ERR,ERR,ERR,ERR,ERR,ERR,0.0,0.0,0.0,0.0,0.0,1.3936040501711995e+18,7.805,0.0,0,0,4,0,7116,0.0,100,0.0,0.0,0.0,0.0,0.0,0,0,0,0,0.0,0,0,0,0,0,0,0,0,0,0,0,0,0,0,0,0,0,0,0,0,0,0,0,0,0,0,0,0,0,0,0,0,0,31,40,40,71,65476,0,300,0,0,8,21553,0.0,-107605600.0,0.0,0.0,0.0,0.0,0.0,0.0,0.0,0.0,0.0,0.0,0.0,0.0,0.0,0.0,0.0,0.0,0.0,0.0,0.0,0.0,-0.0,0.0,2.004,-0.0,0.0,0.0,0.0,0.0,6389.0,-8608226304.0,6938.0,0.0,-107615392.0,0.0,0.0,0.0,0.0,0.0,0.0,69,-0.0,-0.0,0.0,0.0,0.0,0.0,0.0,0.0,0.0,0,0,0,0.0,0.0,0.0,0.0,0.0,0.0,0.0,0.0,0.0,0.0,0.0,0.0,0.0,0.0,0.0,0.0,0,-107875648.0,69,0.0,138,0.0,-0.0,0,13107,17040,0,17049,0,17043,0,0,0,70,68,100,2.7302359370752657e+23,71.1,0.0,74.2,2.7302370179391762e+23,74.0,1,49,50,180,0,52429,0,0,0.0,0.0,0.0,0.0,-0.0,67.0,0.0,162057.094,0.0,750,0,739,0,0,0,721,0,765,0,735,0,742,0,741,0,712,0,7520,0.032,79456894976.0,0.0,0.0,784,16797,-0.0,162057.094,-114818.039,-0.0,0.133,6.909358625270745e+28,30.0,65.0,35,0.0,0.0,0.0,0.0,0.0,0.0,0.0,0.0,0.0,0.0,0.0,0.0,0.0,0.0,0.0,0.0,69.2,0,150,71,54,65476,0,300,0,1,8,20529,65476,0,0,40632,65.0,0.0,0.0,0.0,0.0,0.0
2026-09-04T20:59:58,ERR,ERR,ERR,ERR,ERR,ERR,ERR,ERR,ERR,ERR,ERR,ERR,ERR,ERR,ERR,ERR,ERR,ERR,ERR,ERR,ERR,ERR,ERR,ERR,ERR,ERR,ERR,ERR,ERR,ERR,ERR,ERR,ERR,ERR,ERR,ERR,ERR,ERR,ERR,ERR,ERR,ERR,ERR,ERR,ERR,ERR,ERR,ERR,ERR,ERR,ERR,ERR,ERR,ERR,ERR,ERR,ERR,ERR,ERR,ERR,ERR,ERR,ERR,ERR,ERR,ERR,ERR,ERR,ERR,ERR,ERR,ERR,ERR,ERR,ERR,ERR,ERR,ERR,ERR,ERR,ERR,ERR,ERR,ERR,ERR,ERR,ERR,ERR,ERR,ERR,ERR,ERR,ERR,ERR,ERR,ERR,ERR,ERR,ERR,ERR,ERR,ERR,ERR,ERR,ERR,ERR,ERR,ERR,ERR,ERR,ERR,ERR,ERR,ERR,ERR,ERR,ERR,ERR,ERR,ERR,ERR,ERR,ERR,ERR,ERR,0.0,0.0,0.0,0.0,0.0,1.3936040501711995e+18,7.805,0.0,0,0,4,0,7116,0.0,100,0.0,0.0,0.0,0.0,0.0,0,0,0,0,0.0,0,0,0,0,0,0,0,0,0,0,0,0,0,0,0,0,0,0,0,0,0,0,0,0,0,0,0,0,0,0,0,0,0,31,40,40,71,65476,0,300,0,0,8,21553,0.0,-107605600.0,0.0,0.0,0.0,0.0,0.0,0.0,0.0,0.0,0.0,0.0,0.0,0.0,0.0,0.0,0.0,0.0,0.0,0.0,0.0,0.0,-0.0,0.0,2.004,-0.0,0.0,0.0,0.0,0.0,6389.0,-8608226304.0,6938.0,0.0,-107615392.0,0.0,0.0,0.0,0.0,0.0,0.0,69,-0.0,-0.0,0.0,0.0,0.0,0.0,0.0,0.0,0.0,0,0,0,0.0,0.0,0.0,0.0,0.0,0.0,0.0,0.0,0.0,0.0,0.0,0.0,0.0,0.0,0.0,0.0,0,-107875648.0,69,0.0,138,0.0,-0.0,0,13107,17040,0,17049,0,17043,0,0,0,70,68,100,2.7302359370752657e+23,71.1,0.0,74.2,2.7302370179391762e+23,74.0,1,49,50,180,0,52429,0,0,0.0,0.0,0.0,0.0,-0.0,67.0,0.0,162057.094,0.0,750,0,739,0,0,0,721,0,765,0,735,0,742,0,741,0,712,0,7520,0.032,79456894976.0,0.0,0.0,784,16797,-0.0,162057.094,-114818.039,-0.0,0.133,6.909358625270745e+28,30.0,65.0,35,0.0,0.0,0.0,0.0,0.0,0.0,0.0,0.0,0.0,0.0,0.0,0.0,0.0,0.0,0.0,0.0,69.2,0,150,71,54,65476,0,300,0,1,8,20529,65476,0,0,40632,65.0,0.0,0.0,0.0,0.0,0.0
2026-09-04T20:59:59,ERR,ERR,ERR,ERR,ERR,ERR,ERR,ERR,ERR,ERR,ERR,ERR,ERR,ERR,ERR,ERR,ERR,ERR,ERR,ERR,ERR,ERR,ERR,ERR,ERR,ERR,ERR,ERR,ERR,ERR,ERR,ERR,ERR,ERR,ERR,ERR,ERR,ERR,ERR,ERR,ERR,ERR,ERR,ERR,ERR,ERR,ERR,ERR,ERR,ERR,ERR,ERR,ERR,ERR,ERR,ERR,ERR,ERR,ERR,ERR,ERR,ERR,ERR,ERR,ERR,ERR,ERR,ERR,ERR,ERR,ERR,ERR,ERR,ERR,ERR,ERR,ERR,ERR,ERR,ERR,ERR,ERR,ERR,ERR,ERR,ERR,ERR,ERR,ERR,ERR,ERR,ERR,ERR,ERR,ERR,ERR,ERR,ERR,ERR,ERR,ERR,ERR,ERR,ERR,ERR,ERR,ERR,ERR,ERR,ERR,ERR,ERR,ERR,ERR,ERR,ERR,ERR,ERR,ERR,ERR,ERR,ERR,ERR,ERR,ERR,0.0,0.0,0.0,0.0,0.0,1.3936040501711995e+18,7.805,0.0,0,0,4,0,7116,0.0,100,0.0,0.0,0.0,0.0,0.0,0,0,0,0,0.0,0,0,0,0,0,0,0,0,0,0,0,0,0,0,0,0,0,0,0,0,0,0,0,0,0,0,0,0,0,0,0,0,0,31,40,40,71,65476,0,300,0,0,8,21553,0.0,-107605600.0,0.0,0.0,0.0,0.0,0.0,0.0,0.0,0.0,0.0,0.0,0.0,0.0,0.0,0.0,0.0,0.0,0.0,0.0,0.0,0.0,-0.0,0.0,2.004,-0.0,0.0,0.0,0.0,0.0,6389.0,-8608226304.0,6938.0,0.0,-107615392.0,0.0,0.0,0.0,0.0,0.0,0.0,69,-0.0,-0.0,0.0,0.0,0.0,0.0,0.0,0.0,0.0,0,0,0,0.0,0.0,0.0,0.0,0.0,0.0,0.0,0.0,0.0,0.0,0.0,0.0,0.0,0.0,0.0,0.0,0,-107875648.0,69,0.0,138,0.0,-0.0,0,13107,17040,0,17049,0,17043,0,0,0,70,68,100,2.7302359370752657e+23,71.1,0.0,74.2,2.7302370179391762e+23,74.0,1,49,50,180,0,52429,0,0,0.0,0.0,0.0,0.0,-0.0,67.0,0.0,162057.094,0.0,750,0,739,0,0,0,721,0,765,0,735,0,742,0,741,0,712,0,7520,0.032,79456894976.0,0.0,0.0,784,16797,-0.0,162057.094,-114818.039,-0.0,0.133,6.909358625270745e+28,30.0,65.0,35,0.0,0.0,0.0,0.0,0.0,0.0,0.0,0.0,0.0,0.0,0.0,0.0,0.0,0.0,0.0,0.0,69.2,0,150,71,54,65476,0,300,0,1,8,20529,65476,0,0,40632,65.0,0.0,0.0,0.0,0.0,0.0
